{"song_id": "1182268472093311026", "download": "https://cdn.discordapp.com/attachments/1135911532732108921/1182268472093311026/chirp.mp4?ex=65841451&amp", "lyrics": "(Verse 1)\nDhol beats pumpin', fire in my rhymes\nSpittin' truth, breaking down the lines\nEast meets West, cultures combine\nHip hop with tabla, a brand new line\n\n\n(Chorus)\nFrom streets to stages, flow like the Ganges\nRoots in India, rhymes rearrange\nDesi soul, hip hop slang\nBreaking the mold, redefining the game", "style": ["Hip Hop Rap with Indian Beats </span><span>(Bhangra</span><span>)"], "essentia_features": {"lowlevel.average_loudness": 0.9713430404663086, "lowlevel.barkbands_crest.mean": 13.534514427185059, "lowlevel.barkbands_crest.stdev": 6.561556339263916, "lowlevel.barkbands_flatness_db.mean": 0.19276440143585205, "lowlevel.barkbands_flatness_db.stdev": 0.12020616978406906, "lowlevel.barkbands_kurtosis.mean": 47.35905838012695, "lowlevel.barkbands_kurtosis.stdev": 102.75581359863281, "lowlevel.barkbands_skewness.mean": 3.401545763015747, "lowlevel.barkbands_skewness.stdev": 4.459926605224609, "lowlevel.barkbands_spread.mean": 24.352313995361328, "lowlevel.barkbands_spread.stdev": 23.789886474609375, "lowlevel.dissonance.mean": 0.47090017795562744, "lowlevel.dissonance.stdev": 0.03096543438732624, "lowlevel.dynamic_complexity": 5.868289947509766, "lowlevel.erbbands_crest.mean": 9.754106521606445, "lowlevel.erbbands_crest.stdev": 5.277578830718994, "lowlevel.erbbands_flatness_db.mean": 0.1501539647579193, "lowlevel.erbbands_flatness_db.stdev": 0.04789639264345169, "lowlevel.erbbands_kurtosis.mean": 2.288856029510498, "lowlevel.erbbands_kurtosis.stdev": 7.463082313537598, "lowlevel.erbbands_skewness.mean": 0.47736695408821106, "lowlevel.erbbands_skewness.stdev": 1.4623323678970337, "lowlevel.erbbands_spread.mean": 47.176979064941406, "lowlevel.erbbands_spread.stdev": 26.186180114746094, "lowlevel.hfc.mean": 11.975268363952637, "lowlevel.hfc.stdev": 16.890722274780273, "lowlevel.loudness_ebu128.integrated": -15.333147048950195, "lowlevel.loudness_ebu128.loudness_range": 1.1953811645507812, "lowlevel.loudness_ebu128.momentary.mean": -17.19782066345215, "lowlevel.loudness_ebu128.momentary.stdev": 4.4976348876953125, "lowlevel.loudness_ebu128.short_term.mean": -15.737061500549316, "lowlevel.loudness_ebu128.short_term.stdev": 0.42511633038520813, "lowlevel.melbands_crest.mean": 19.36467933654785, "lowlevel.melbands_crest.stdev": 9.368927955627441, "lowlevel.melbands_flatness_db.mean": 0.24439290165901184, "lowlevel.melbands_flatness_db.stdev": 0.15824978053569794, "lowlevel.melbands_kurtosis.mean": 99.07260131835938, "lowlevel.melbands_kurtosis.stdev": 207.38563537597656, "lowlevel.melbands_skewness.mean": 5.164475917816162, "lowlevel.melbands_skewness.stdev": 5.433563232421875, "lowlevel.melbands_spread.mean": 33.67116165161133, "lowlevel.melbands_spread.stdev": 45.962337493896484, "lowlevel.pitch_salience.mean": 0.4480331540107727, "lowlevel.pitch_salience.stdev": 0.2261398285627365, "lowlevel.silence_rate_20dB.mean": 0.9803012609481812, "lowlevel.silence_rate_20dB.stdev": 0.13896186649799347, "lowlevel.silence_rate_30dB.mean": 0.852838933467865, "lowlevel.silence_rate_30dB.stdev": 0.3542660176753998, "lowlevel.silence_rate_60dB.mean": 0.3806489109992981, "lowlevel.silence_rate_60dB.stdev": 0.48554864525794983, "lowlevel.spectral_centroid.mean": 1639.278564453125, "lowlevel.spectral_centroid.stdev": 1168.4581298828125, "lowlevel.spectral_complexity.mean": 7.005214214324951, "lowlevel.spectral_complexity.stdev": 10.315951347351074, "lowlevel.spectral_decrease.mean": -1.1387772502757798e-08, "lowlevel.spectral_decrease.stdev": 2.470511084595728e-08, "lowlevel.spectral_energy.mean": 0.04406631737947464, "lowlevel.spectral_energy.stdev": 0.09407214820384979, "lowlevel.spectral_energyband_high.mean": 0.0006578295142389834, "lowlevel.spectral_energyband_high.stdev": 0.0011108794715255499, "lowlevel.spectral_energyband_low.mean": 0.03949416056275368, "lowlevel.spectral_energyband_low.stdev": 0.09360392391681671, "lowlevel.spectral_energyband_middle_high.mean": 0.001306574558839202, "lowlevel.spectral_energyband_middle_high.stdev": 0.003300553187727928, "lowlevel.spectral_energyband_middle_low.mean": 0.003781204344704747, "lowlevel.spectral_energyband_middle_low.stdev": 0.007849986664950848, "lowlevel.spectral_entropy.mean": 7.670397758483887, "lowlevel.spectral_entropy.stdev": 0.7074213624000549, "lowlevel.spectral_flux.mean": 0.11655528843402863, "lowlevel.spectral_flux.stdev": 0.1419965624809265, "lowlevel.spectral_kurtosis.mean": 3.524507999420166, "lowlevel.spectral_kurtosis.stdev": 3.022468090057373, "lowlevel.spectral_rms.mean": 0.004359479993581772, "lowlevel.spectral_rms.stdev": 0.004897593520581722, "lowlevel.spectral_rolloff.mean": 2750.068115234375, "lowlevel.spectral_rolloff.stdev": 3784.634521484375, "lowlevel.spectral_skewness.mean": 1.4380050897598267, "lowlevel.spectral_skewness.stdev": 0.5244503617286682, "lowlevel.spectral_spread.mean": 5814712.0, "lowlevel.spectral_spread.stdev": 2032501.0, "lowlevel.spectral_strongpeak.mean": 0.4915856420993805, "lowlevel.spectral_strongpeak.stdev": 0.5454732775688171, "lowlevel.zerocrossingrate.mean": 0.09140223264694214, "lowlevel.zerocrossingrate.stdev": 0.09708951413631439, "metadata.audio_properties.analysis.equal_loudness": 0.0, "metadata.audio_properties.analysis.length": 40.04265213012695, "metadata.audio_properties.analysis.sample_rate": 44100.0, "metadata.audio_properties.analysis.start_time": 0.0, "metadata.audio_properties.bit_rate": 121351.0, "metadata.audio_properties.length": 40.042667388916016, "metadata.audio_properties.lossless": 0.0, "metadata.audio_properties.number_channels": 1.0, "metadata.audio_properties.replay_gain": -11.022542953491211, "metadata.audio_properties.sample_rate": 48000.0, "rhythm.beats_count": 63.0, "rhythm.beats_loudness.mean": 0.14058485627174377, "rhythm.beats_loudness.stdev": 0.13466450572013855, "rhythm.bpm": 95.08668518066406, "rhythm.bpm_histogram_first_peak_bpm": 96.0, "rhythm.bpm_histogram_first_peak_weight": 0.33870965242385864, "rhythm.bpm_histogram_second_peak_bpm": 0.0, "rhythm.bpm_histogram_second_peak_spread": 0.0, "rhythm.bpm_histogram_second_peak_weight": 0.0, "rhythm.danceability": 2.5221614837646484, "rhythm.onset_rate": 5.16796875, "tonal.chords_changes_rate": 0.125, "tonal.chords_number_rate": 0.015046296641230583, "tonal.chords_strength.mean": 0.49170660972595215, "tonal.chords_strength.stdev": 0.08047492057085037, "tonal.hpcp_crest.mean": 11.500648498535156, "tonal.hpcp_crest.stdev": 5.399493217468262, "tonal.hpcp_entropy.mean": 2.3937740325927734, "tonal.hpcp_entropy.stdev": 0.8244985938072205, "tonal.key_edma.strength": 0.5062913298606873, "tonal.key_krumhansl.strength": 0.5094966888427734, "tonal.key_temperley.strength": 0.5134191513061523, "tonal.tuning_diatonic_strength": 0.5726286768913269, "tonal.tuning_equal_tempered_deviation": 0.2935979962348938, "tonal.tuning_frequency": 434.193115234375, "tonal.tuning_nontempered_energy_ratio": 0.910863995552063, "lowlevel.barkbands.mean": [0.0008092723437584937, 0.022637031972408295, 0.014893371611833572, 0.001506000873632729, 0.0007083576056174934, 0.000618260761257261, 0.00032271549571305513, 0.0003600834752433002, 0.00023223440803121775, 0.00013542875240091234, 0.00020365839009173214, 0.0001338932488579303, 0.00012140017497586086, 8.517276728525758e-05, 0.00011687083315337077, 0.00013946167018730193, 0.00014401116641238332, 8.601293666288257e-05, 9.444176976103336e-05, 0.0001497211924288422, 0.0001312243693973869, 7.07132785464637e-05, 8.518387767253444e-05, 8.063264249358326e-05, 0.00011257205915171653, 8.795767644187436e-05, 5.978571380182984e-07], "lowlevel.barkbands.stdev": [0.0016169551527127624, 0.05468664690852165, 0.04838066175580025, 0.005400240886956453, 0.0030339278746396303, 0.001277512637898326, 0.0009122572373598814, 0.001055876025930047, 0.0006110374233685434, 0.00044998325756751, 0.0006647214759141207, 0.00038488052086904645, 0.0003721002140082419, 0.00023721418983768672, 0.00037323441938497126, 0.00043062487384304404, 0.00046540828770957887, 0.00031052311533130705, 0.00030049847555346787, 0.00032723433105275035, 0.0002730906708166003, 0.00015810388140380383, 0.00015710479055996984, 0.00014577611000277102, 0.00021977249707560986, 0.00017486796423327178, 2.5015046958287712e-06], "lowlevel.erbbands.mean": [0.5245157480239868, 5.474130630493164, 18.17104148864746, 9.895475387573242, 3.1923110485076904, 2.1787075996398926, 2.453562021255493, 5.99932336807251, 4.945865154266357, 7.345179080963135, 5.4610371589660645, 5.605274677276611, 4.268755912780762, 5.969234466552734, 8.015127182006836, 5.573090553283691, 5.599156379699707, 4.661945819854736, 5.506335258483887, 6.195810317993164, 8.565690994262695, 8.015714645385742, 5.059366226196289, 4.736934185028076, 5.062159538269043, 7.048331260681152, 7.031303405761719, 3.6526336669921875, 2.6005027294158936, 2.774827480316162, 2.204822301864624, 1.3871102333068848, 1.5971208810806274, 1.2302035093307495, 0.8139489889144897, 0.42540404200553894, 0.1606214940547943, 0.01645701564848423, 0.00032979639945551753, 6.275250780163333e-05], "lowlevel.erbbands.stdev": [0.9733070135116577, 15.107110977172852, 56.25736999511719, 33.679439544677734, 9.731793403625488, 10.008270263671875, 5.0787353515625, 13.632401466369629, 15.134587287902832, 19.10327911376953, 15.742746353149414, 14.668269157409668, 13.021791458129883, 18.01544189453125, 25.424882888793945, 15.68083381652832, 16.29544448852539, 13.0480318069458, 17.045883178710938, 18.60921859741211, 26.020984649658203, 25.629207611083984, 18.19141960144043, 16.129148483276367, 15.171339988708496, 15.528483390808105, 13.727920532226562, 8.200380325317383, 5.93884801864624, 5.380597114562988, 4.083804130554199, 2.54856014251709, 2.9865596294403076, 2.459608793258667, 1.6237943172454834, 0.85577791929245, 0.32414332032203674, 0.03599626198410988, 0.0006662519299425185, 0.00010587783617665991], "lowlevel.gfcc.mean": [-96.89080810546875, 59.31808853149414, -95.85541534423828, 43.10327911376953, -55.97922134399414, 21.670392990112305, -34.25714874267578, 17.696487426757812, -20.998571395874023, 12.508520126342773, -13.343486785888672, 2.7025792598724365, -4.603076934814453], "lowlevel.melbands.mean": [0.005367633420974016, 0.00853017158806324, 0.0015676763141527772, 0.00017995153029914945, 8.220871677622199e-05, 0.0001305052574025467, 7.171641482273117e-05, 8.477528899675235e-05, 3.9213271520566195e-05, 3.58861216227524e-05, 2.0707140720332973e-05, 2.308318107679952e-05, 2.7991376555291936e-05, 1.650464218982961e-05, 1.3439188478514552e-05, 1.1515882761159446e-05, 8.193154826585669e-06, 8.495943802699912e-06, 8.615549631940667e-06, 8.478969903080724e-06, 1.0355813174101058e-05, 8.797573173069395e-06, 5.734318165195873e-06, 3.7867282571824035e-06, 3.833967639366165e-06, 3.494473958198796e-06, 4.080440703546628e-06, 4.841184818360489e-06, 4.7524686124233995e-06, 3.1855022371019004e-06, 1.7642936427364475e-06, 1.4805360706304782e-06, 1.3033893537794938e-06, 1.6912516684897128e-06, 1.363563910672383e-06, 9.282672976951289e-07, 8.130525657179533e-07, 1.0822199101312435e-06, 1.1477675343485316e-06, 9.998035466196598e-07], "lowlevel.melbands.stdev": [0.011247881688177586, 0.024572281166911125, 0.005094378720968962, 0.000769566569942981, 0.00018187252862844616, 0.0002875029749702662, 0.0002083004219457507, 0.0002270400436827913, 0.00010950819705612957, 9.826304449234158e-05, 6.549085810547695e-05, 7.217402162496e-05, 9.163573122350499e-05, 4.747552884509787e-05, 4.3152722355443984e-05, 3.7635785702150315e-05, 2.325121567992028e-05, 2.6262157916789874e-05, 2.7079777282779105e-05, 2.6237750716973096e-05, 3.180203202646226e-05, 2.7993770345347002e-05, 2.112205038429238e-05, 1.3881250197300687e-05, 1.342053019470768e-05, 1.1108127182524186e-05, 1.1902389815077186e-05, 1.0410804861749057e-05, 9.048000720213167e-06, 6.805689281463856e-06, 4.301831722841598e-06, 3.4786551168508595e-06, 2.8961471798538696e-06, 3.2114246550918324e-06, 2.5512808861094527e-06, 1.790484134289727e-06, 1.5662444639019668e-06, 2.061467284875107e-06, 2.2169558633322595e-06, 2.101939571730327e-06], "lowlevel.melbands128.mean": [0.0007791257812641561, 0.003939698915928602, 0.006147018168121576, 0.010187249630689621, 0.010880086570978165, 0.006153130438178778, 0.0020062655676156282, 0.0005034870118834078, 0.00026332790730521083, 0.00020778529869858176, 0.00010047822433989495, 5.4736439778935164e-05, 6.837239925516769e-05, 0.00012164586951257661, 0.00015654716116841882, 0.0001228209148393944, 9.228941053152084e-05, 5.8756559155881405e-05, 4.8393121687695384e-05, 9.061725722858682e-05, 0.00010794170520966873, 5.445275746751577e-05, 2.6848776542465203e-05, 2.572592165961396e-05, 3.654780812212266e-05, 4.523115785559639e-05, 2.3738255549687892e-05, 1.6589337974437512e-05, 1.812682421586942e-05, 2.109920205839444e-05, 2.388891880400479e-05, 2.9058586733299308e-05, 3.0222308851080015e-05, 2.8251784897292964e-05, 1.6031299310270697e-05, 1.4227681276679505e-05, 1.4049355741008185e-05, 1.4304974683909677e-05, 1.1695290595525876e-05, 1.3137138012098148e-05, 1.1980630915786605e-05, 8.80975949257845e-06, 7.73880492488388e-06, 8.550675374863204e-06, 7.133891358535038e-06, 8.851148777466733e-06, 9.702241186460014e-06, 7.829630703781731e-06, 9.39725123316748e-06, 7.400263712042943e-06, 7.31696809452842e-06, 1.0843485142686404e-05, 1.0439360266900621e-05, 1.0140342055819929e-05, 1.0152348295378033e-05, 8.857893590175081e-06, 7.740172804915346e-06, 6.319115982478252e-06, 5.169181349629071e-06, 4.196761437924579e-06, 3.5164446217095247e-06, 3.5722250686376356e-06, 4.0599411477160174e-06, 3.8389916880987585e-06, 3.501489118207246e-06, 3.640946488303598e-06, 3.257361640862655e-06, 3.630944775068201e-06, 4.349313712737057e-06, 4.686750344262691e-06, 4.64354570794967e-06, 5.099816007714253e-06, 5.023795893066563e-06, 4.7454791456402745e-06, 4.451582299225265e-06, 3.549255552570685e-06, 2.574586233095033e-06, 1.8792084119922947e-06, 1.774665065568115e-06, 1.4241320513974642e-06, 1.5699852156103589e-06, 1.510898528067628e-06, 1.2692822792814695e-06, 1.2258158221811755e-06, 1.3394517281994922e-06, 1.6231080053330516e-06, 1.8582990151116974e-06, 1.7907345863932278e-06, 1.2473559536374523e-06, 1.1951732403758797e-06, 1.0174296676268568e-06, 8.794526706878969e-07, 6.97138091254601e-07, 8.111431952784187e-07, 8.56462406773062e-07, 9.407167453900911e-07, 1.1360784810676705e-06, 1.2923874237458222e-06, 1.1385452580725541e-06, 1.1115483857793151e-06, 1.050608148034371e-06, 1.079399453374208e-06, 7.63877437748306e-07, 9.0128838792225e-07, 8.820384778118751e-07, 1.050906234922877e-06, 8.91303841399349e-07, 7.979594442986127e-07, 7.013088065832562e-07, 7.013488243501342e-07, 5.805204636999406e-07, 5.65861853374372e-07, 5.552838047151454e-07, 4.7131413793977117e-07, 3.277839937254612e-07, 1.6025801130581385e-07, 2.8970370991032723e-08, 8.179858873580415e-11, 1.1536247651600107e-11, 8.738747572789585e-12, 6.258960363880739e-12, 5.643003425648274e-12, 5.441094189789775e-12, 5.338523026421349e-12, 5.2210579609690555e-12, 5.0884487595714845e-12, 5.0072910227905165e-12, 4.973695066912143e-12], "lowlevel.melbands128.stdev": [0.0015742895193397999, 0.007704854477196932, 0.014105967245995998, 0.03091832622885704, 0.03376568481326103, 0.020455745980143547, 0.0073290662840008736, 0.0017135400557890534, 0.000952345784753561, 0.001144501380622387, 0.0005008959560655057, 0.00017528916941955686, 0.00016818978474475443, 0.0002711104170884937, 0.0003821798600256443, 0.00039491383358836174, 0.00036926710163243115, 0.00020144505833741277, 0.00012277511996217072, 0.0002714071306400001, 0.00034475329448468983, 0.00022823539620731026, 8.9043183834292e-05, 8.852751489030197e-05, 0.00011355368769727647, 0.00016627434524707496, 0.00010198970267083496, 7.06599821569398e-05, 7.435467705363408e-05, 9.059168951353058e-05, 8.648652146803215e-05, 0.0001167739465017803, 0.0001216534583363682, 0.00010013794963015243, 5.1509927288861945e-05, 5.130687713972293e-05, 4.522605740930885e-05, 6.932643736945465e-05, 4.158299998380244e-05, 4.845258081331849e-05, 5.452637196867727e-05, 3.392020153114572e-05, 2.4704775569261983e-05, 2.7264781238045543e-05, 2.2247311790124513e-05, 3.3023414289345965e-05, 3.862366429530084e-05, 2.6814499506144784e-05, 3.5813896829495206e-05, 2.5070788979064673e-05, 2.5212102627847344e-05, 3.946185825043358e-05, 3.416330582695082e-05, 3.643586387624964e-05, 3.294676571385935e-05, 3.112371632596478e-05, 2.8537593607325107e-05, 2.5396975615876727e-05, 2.1680591089534573e-05, 1.7042939361999743e-05, 1.3982301425130572e-05, 1.4377125808096025e-05, 1.614606117072981e-05, 1.421617798769148e-05, 1.2163255632913206e-05, 1.326393430645112e-05, 1.1155676475027576e-05, 1.5263045497704297e-05, 1.3397726434050128e-05, 1.3624357052322011e-05, 1.1906709914910607e-05, 1.177530884888256e-05, 9.801530723052565e-06, 9.983094059862196e-06, 1.0849549653357826e-05, 7.853795068513136e-06, 6.26569726591697e-06, 4.674182036978891e-06, 4.755127065436682e-06, 3.8269636206678115e-06, 4.034673111164011e-06, 3.6134874790150207e-06, 3.25712835547165e-06, 3.008126896020258e-06, 2.97265728477214e-06, 3.4637860153452493e-06, 3.7676220472349087e-06, 3.697373813338345e-06, 2.5299270873802016e-06, 2.4731709800107637e-06, 2.1067244233563542e-06, 1.860510110418545e-06, 1.4275857438406092e-06, 1.816046392377757e-06, 1.7773604668036569e-06, 1.9282558696431806e-06, 2.3907825834612595e-06, 2.8174015369586414e-06, 2.3061177216732176e-06, 2.330747065570904e-06, 2.3408060769725125e-06, 2.505031488908571e-06, 1.7388857713740435e-06, 2.138606532753329e-06, 1.9224482912250096e-06, 2.291407326993067e-06, 1.9026928157472867e-06, 1.732353098304884e-06, 1.5536843420704827e-06, 1.5756512539155665e-06, 1.2559818287627422e-06, 1.229415488523955e-06, 1.2185530522401677e-06, 1.0576336535450537e-06, 7.302994049496192e-07, 4.3267036176075635e-07, 1.0528466276582549e-07, 6.188757284419921e-10, 1.9345237911583268e-10, 8.912526272553123e-11, 2.0194014863084142e-11, 1.3187988895380087e-11, 1.2771025556523874e-11, 1.2557056089379515e-11, 1.2375775751416462e-11, 1.2228736252783978e-11, 1.2122517399626442e-11, 1.2057210264926344e-11], "lowlevel.mfcc.mean": [-745.3792114257812, 91.56513977050781, 17.558887481689453, 26.54921531677246, 8.1804780960083, 8.167080879211426, 5.574427127838135, 1.7252426147460938, 8.013992309570312, 4.71022367477417, -4.404652118682861, 9.557981491088867, 9.853510856628418], "lowlevel.spectral_contrast_coeffs.mean": [-0.7060976624488831, -0.7877892255783081, -0.8242005109786987, -0.8337346911430359, -0.8253598213195801, -0.7929838299751282], "lowlevel.spectral_contrast_coeffs.stdev": [0.1043068915605545, 0.08464262634515762, 0.05579094588756561, 0.04384327679872513, 0.03802548348903656, 0.04235423356294632], "lowlevel.spectral_contrast_valleys.mean": [-7.963099002838135, -7.860197067260742, -8.438008308410645, -8.549510955810547, -8.27029037475586, -10.669212341308594], "lowlevel.spectral_contrast_valleys.stdev": [1.2032618522644043, 1.0221819877624512, 1.0370697975158691, 0.9756332039833069, 0.9951139688491821, 1.1632282733917236], "rhythm.beats_loudness_band_ratio.mean": [0.5582878589630127, 0.09618250280618668, 0.11705157160758972, 0.09674698859453201, 0.08566290140151978, 0.09560367465019226], "rhythm.beats_loudness_band_ratio.stdev": [0.42512404918670654, 0.10699887573719025, 0.12369808554649353, 0.0994316041469574, 0.0863075852394104, 0.09589044004678726], "tonal.hpcp.mean": [0.09405764937400818, 0.074527308344841, 0.07142243534326553, 0.0675581693649292, 0.07881435006856918, 0.12367716431617737, 0.11456559598445892, 0.07444561272859573, 0.0887448713183403, 0.11359985917806625, 0.11041244864463806, 0.09243208914995193, 0.0783533900976181, 0.08528405427932739, 0.09424324333667755, 0.09383992850780487, 0.10494145005941391, 0.1064533218741417, 0.11517714709043503, 0.17868411540985107, 0.18491457402706146, 0.1036711111664772, 0.06736612319946289, 0.1057589203119278, 0.137754425406456, 0.14221838116645813, 0.1500021070241928, 0.14728432893753052, 0.13932625949382782, 0.1282527595758438, 0.12427925318479538, 0.13672247529029846, 0.14899513125419617, 0.15132959187030792, 0.13570591807365417, 0.1133369728922844], "tonal.hpcp.stdev": [0.2116422951221466, 0.17477470636367798, 0.1746576577425003, 0.15544137358665466, 0.16929523646831512, 0.2520051896572113, 0.24183116853237152, 0.15523816645145416, 0.18468226492404938, 0.22130520641803741, 0.2118077278137207, 0.18062342703342438, 0.16032074391841888, 0.18545915186405182, 0.19110934436321259, 0.18934930860996246, 0.20885328948497772, 0.20664937794208527, 0.2121436595916748, 0.28859758377075195, 0.30723288655281067, 0.20733705163002014, 0.15725986659526825, 0.2177891582250595, 0.26157933473587036, 0.26451900601387024, 0.26575419306755066, 0.27587443590164185, 0.26609158515930176, 0.25033870339393616, 0.239640012383461, 0.2518851161003113, 0.2702849805355072, 0.27088794112205505, 0.26135024428367615, 0.22723089158535004], "rhythm.beats_position": [0.650158703327179, 1.2887074947357178, 1.9272562265396118, 2.554194927215576, 3.18113374710083, 3.8196823596954346, 4.458230972290039, 5.085169792175293, 5.712108612060547, 6.339047431945801, 6.965986251831055, 7.604535102844238, 8.243083953857422, 8.870022773742676, 9.49696159362793, 10.123900413513184, 10.750839233398438, 11.389387130737305, 12.016325950622559, 12.654874801635742, 13.281813621520996, 13.90875244140625, 14.535691261291504, 15.174240112304688, 15.812788963317871, 16.439727783203125, 17.066665649414062, 17.693605422973633, 18.32054328918457, 18.95909309387207, 19.597640991210938, 20.224580764770508, 20.851518630981445, 21.478458404541016, 22.105396270751953, 22.75555419921875, 23.38249397277832, 24.009431838989258, 24.636371612548828, 25.263309478759766, 25.890249252319336, 26.528797149658203, 27.167346954345703, 27.79428482055664, 28.42122459411621, 29.04816246032715, 29.67510223388672, 30.313650131225586, 30.940589904785156, 31.579137802124023, 32.206077575683594, 32.83301544189453, 33.45995330810547, 34.09850311279297, 34.725440979003906, 35.363990783691406, 35.990928649902344, 36.61786651611328, 37.244808197021484, 37.88335418701172, 38.52190399169922, 39.148841857910156, 39.775779724121094], "rhythm.bpm_histogram": [0.0, 0.0, 0.0, 0.0, 0.0, 0.0, 0.0, 0.0, 0.0, 0.0, 0.0, 0.0, 0.0, 0.0, 0.0, 0.0, 0.0, 0.0, 0.0, 0.0, 0.0, 0.0, 0.0, 0.0, 0.0, 0.0, 0.0, 0.0, 0.0, 0.0, 0.0, 0.0, 0.0, 0.0, 0.0, 0.0, 0.0, 0.0, 0.0, 0.0, 0.0, 0.0, 0.0, 0.0, 0.0, 0.0, 0.0, 0.0, 0.0, 0.0, 0.0, 0.0, 0.0, 0.0, 0.0, 0.0, 0.0, 0.0, 0.0, 0.0, 0.0, 0.0, 0.0, 0.0, 0.0, 0.0, 0.0, 0.0, 0.0, 0.0, 0.0, 0.0, 0.0, 0.0, 0.0, 0.0, 0.0, 0.0, 0.0, 0.0, 0.0, 0.0, 0.0, 0.0, 0.0, 0.0, 0.0, 0.0, 0.0, 0.0, 0.0, 0.0, 0.016129031777381897, 0.0, 0.32258063554763794, 0.0, 0.6612903475761414, 0.0, 0.0, 0.0, 0.0, 0.0, 0.0, 0.0, 0.0, 0.0, 0.0, 0.0, 0.0, 0.0, 0.0, 0.0, 0.0, 0.0, 0.0, 0.0, 0.0, 0.0, 0.0, 0.0, 0.0, 0.0, 0.0, 0.0, 0.0, 0.0, 0.0, 0.0, 0.0, 0.0, 0.0, 0.0, 0.0, 0.0, 0.0, 0.0, 0.0, 0.0, 0.0, 0.0, 0.0, 0.0, 0.0, 0.0, 0.0, 0.0, 0.0, 0.0, 0.0, 0.0, 0.0, 0.0, 0.0, 0.0, 0.0, 0.0, 0.0, 0.0, 0.0, 0.0, 0.0, 0.0, 0.0, 0.0, 0.0, 0.0, 0.0, 0.0, 0.0, 0.0, 0.0, 0.0, 0.0, 0.0, 0.0, 0.0, 0.0, 0.0, 0.0, 0.0, 0.0, 0.0, 0.0, 0.0, 0.0, 0.0, 0.0, 0.0, 0.0, 0.0, 0.0, 0.0, 0.0, 0.0, 0.0, 0.0, 0.0, 0.0, 0.0, 0.0, 0.0, 0.0, 0.0, 0.0, 0.0, 0.0, 0.0, 0.0, 0.0, 0.0, 0.0, 0.0, 0.0, 0.0, 0.0, 0.0, 0.0, 0.0, 0.0, 0.0, 0.0, 0.0, 0.0, 0.0, 0.0, 0.0, 0.0, 0.0, 0.0, 0.0, 0.0, 0.0, 0.0, 0.0, 0.0, 0.0, 0.0, 0.0, 0.0, 0.0, 0.0, 0.0, 0.0, 0.0, 0.0, 0.0, 0.0, 0.0, 0.0, 0.0], "tonal.chords_histogram": [13.773148536682129, 24.768518447875977, 8.101851463317871, 2.430555582046509, 1.7361111640930176, 0.0, 1.0416666269302368, 1.9675925970077515, 1.6203703880310059, 0.23148147761821747, 1.0416666269302368, 0.0, 0.0, 0.0, 0.0, 0.11574073880910873, 0.8101851940155029, 8.101851463317871, 2.777777671813965, 0.11574073880910873, 0.3472222089767456, 0.5787037014961243, 1.3888888359069824, 29.050926208496094], "tonal.thpcp": [1.0, 0.5606432557106018, 0.3643094301223755, 0.571933925151825, 0.7449625134468079, 0.7691031694412231, 0.8111968040466309, 0.7964993119239807, 0.7534628510475159, 0.6935784220695496, 0.6720901131629944, 0.7393818497657776, 0.8057511448860168, 0.8183757066726685, 0.7338843941688538, 0.6129152774810791, 0.5086545944213867, 0.4030364155769348, 0.38624557852745056, 0.3653480112552643, 0.4262203276157379, 0.6688340306282043, 0.6195595860481262, 0.4025946259498596, 0.4799236059188843, 0.6143369674682617, 0.597099781036377, 0.49986374378204346, 0.42372751235961914, 0.46120786666870117, 0.5096582770347595, 0.5074771642684937, 0.567513108253479, 0.5756891965866089, 0.6228668093681335, 0.9663062691688538], "lowlevel.gfcc.cov": [[9394.185546875, -1138.9788818359375, 431.9606018066406, -115.22148895263672, -98.82958221435547, -343.1357116699219, -152.47251892089844, -171.79739379882812, -177.3975830078125, 267.7445983886719, -359.08636474609375, 25.07771873474121, -419.296875], [-1138.9788818359375, 3317.269775390625, 78.6947250366211, 266.4374694824219, 545.7015380859375, 158.09906005859375, 538.4884033203125, -105.51634979248047, 493.59283447265625, -377.06951904296875, 271.5809631347656, -365.3749694824219, 315.38092041015625], [431.9606018066406, 78.6947250366211, 1521.407958984375, 680.7496337890625, 634.0068969726562, 224.4252166748047, 223.82070922851562, 85.98149108886719, 155.24911499023438, 35.89297866821289, 128.383056640625, 11.819896697998047, 22.966442108154297], [-115.22148895263672, 266.4374694824219, 680.7496337890625, 779.8628540039062, 438.69775390625, 116.8126449584961, 89.45330810546875, -7.819931983947754, 135.0684051513672, -59.13021469116211, 103.44493103027344, -72.83576965332031, 70.99212646484375], [-98.82958221435547, 545.7015380859375, 634.0068969726562, 438.69775390625, 673.5037231445312, 269.8795471191406, 268.25811767578125, 113.7169418334961, 247.7026824951172, -17.88462257385254, 109.80914306640625, -75.74878692626953, 55.139122009277344], [-343.1357116699219, 158.09906005859375, 224.4252166748047, 116.8126449584961, 269.8795471191406, 369.10174560546875, 305.42315673828125, 146.52484130859375, 95.96623992919922, -6.3818840980529785, 92.20350646972656, -26.755420684814453, 30.300308227539062], [-152.47251892089844, 538.4884033203125, 223.82070922851562, 89.45330810546875, 268.25811767578125, 305.42315673828125, 481.8101501464844, 166.4912872314453, 173.66050720214844, -37.81717300415039, 127.28118133544922, -69.48030090332031, 77.84305572509766], [-171.79739379882812, -105.51634979248047, 85.98149108886719, -7.819931983947754, 113.7169418334961, 146.52484130859375, 166.4912872314453, 199.82147216796875, 95.63670349121094, 75.38773345947266, 36.047584533691406, 26.324750900268555, 11.461162567138672], [-177.3975830078125, 493.59283447265625, 155.24911499023438, 135.0684051513672, 247.7026824951172, 95.96623992919922, 173.66050720214844, 95.63670349121094, 280.0308837890625, 54.17969512939453, 94.64347076416016, -73.08057403564453, 91.04542541503906], [267.7445983886719, -377.06951904296875, 35.89297866821289, -59.13021469116211, -17.88462257385254, -6.3818840980529785, -37.81717300415039, 75.38773345947266, 54.17969512939453, 227.87728881835938, 30.50808334350586, 69.75933074951172, -11.118408203125], [-359.08636474609375, 271.5809631347656, 128.383056640625, 103.44493103027344, 109.80914306640625, 92.20350646972656, 127.28118133544922, 36.047584533691406, 94.64347076416016, 30.50808334350586, 183.39366149902344, 42.81430435180664, 102.343017578125], [25.07771873474121, -365.3749694824219, 11.819896697998047, -72.83576965332031, -75.74878692626953, -26.755420684814453, -69.48030090332031, 26.324750900268555, -73.08057403564453, 69.75933074951172, 42.81430435180664, 200.99658203125, 21.913362503051758], [-419.296875, 315.38092041015625, 22.966442108154297, 70.99212646484375, 55.139122009277344, 30.300308227539062, 77.84305572509766, 11.461162567138672, 91.04542541503906, -11.118408203125, 102.343017578125, 21.913362503051758, 161.30532836914062]], "lowlevel.gfcc.icov": [[0.00015860027633607388, 3.4411314118187875e-05, -3.602424112614244e-05, -1.3947451407148037e-05, -5.6326683989027515e-05, 0.00025654546334408224, -0.00043443628237582743, 0.0004730645741801709, -8.575317042414099e-05, -0.0003052116371691227, 0.0003653778985608369, -0.00019798004359472543, 0.00032579401158727705], [3.4411314118187875e-05, 0.0011631803354248405, 0.00012229799176566303, 0.0005369597929529846, -0.0006799171096645296, 0.0007304160390049219, -0.0008666063076816499, 0.0014291328843683004, -0.0015177468303591013, 0.0015819818945601583, -0.001087960321456194, 0.000835428130812943, -0.00048414949560537934], [-3.602424112614244e-05, 0.00012229799176566303, 0.0015461324946954846, -0.0009120170143432915, -0.0011195705737918615, 0.00039950976497493684, -0.0007340572192333639, 0.00034917861921712756, 0.0003601673524826765, -0.00041398839675821364, -0.00011126841855002567, -0.0006088753580115736, 0.00040707437437959015], [-1.3947451407148037e-05, 0.0005369597929529846, -0.0009120170143432915, 0.003291217377409339, -0.0014957005623728037, 0.00021292299788910896, 0.0009090653038583696, 0.0004756706766784191, -0.0003108530945610255, 0.001478219754062593, -0.0018003451405093074, 0.0018328356090933084, -0.0012353562051430345], [-5.6326683989027515e-05, -0.0006799171096645296, -0.0011195705737918615, -0.0014957005623728037, 0.005727977957576513, -0.002950703725218773, 0.0009209587005898356, -0.0006263252580538392, -0.0032175432424992323, 0.0005506308516487479, 0.0010688425973057747, -0.0012963355984538794, 0.0015489491634070873], [0.00025654546334408224, 0.0007304160390049219, 0.00039950976497493684, 0.00021292299788910896, -0.002950703725218773, 0.008807891979813576, -0.004685336723923683, -0.0013508247211575508, 0.0022593822795897722, -2.5366647605551407e-05, -0.0018533217953518033, 0.0011328757973387837, 0.0005443066474981606], [-0.00043443628237582743, -0.0008666063076816499, -0.0007340572192333639, 0.0009090653038583696, 0.0009209587005898356, -0.004685336723923683, 0.009127967990934849, -0.0057540577836334705, 1.574904308654368e-05, 0.0023912936449050903, -0.0032313663978129625, 0.002488919300958514, -0.0012933126417919993], [0.0004730645741801709, 0.0014291328843683004, 0.00034917861921712756, 0.0004756706766784191, -0.0006263252580538392, -0.0013508247211575508, -0.0057540577836334705, 0.015525025315582752, -0.005819559097290039, -0.00206408160738647, 0.0036485802847892046, -0.004110036883503199, 0.0017038616351783276], [-8.575317042414099e-05, -0.0015177468303591013, 0.0003601673524826765, -0.0003108530945610255, -0.0032175432424992323, 0.0022593822795897722, 1.574904308654368e-05, -0.005819559097290039, 0.014580713585019112, -0.005897939205169678, -0.0012109903618693352, 0.00508674792945385, -0.004647584166377783], [-0.0003052116371691227, 0.0015819818945601583, -0.00041398839675821364, 0.001478219754062593, 0.0005506308516487479, -2.5366647605551407e-05, 0.0023912936449050903, -0.00206408160738647, -0.005897939205169678, 0.011137732304632664, -0.004521731287240982, -0.00041945098200812936, 0.0013536849291995168], [0.0003653778985608369, -0.001087960321456194, -0.00011126841855002567, -0.0018003451405093074, 0.0010688425973057747, -0.0018533217953518033, -0.0032313663978129625, 0.0036485802847892046, -0.0012109903618693352, -0.004521731287240982, 0.01532931812107563, -0.005874811206012964, -0.0033879720140248537], [-0.00019798004359472543, 0.000835428130812943, -0.0006088753580115736, 0.0018328356090933084, -0.0012963355984538794, 0.0011328757973387837, 0.002488919300958514, -0.004110036883503199, 0.00508674792945385, -0.00041945098200812936, -0.005874811206012964, 0.01200014166533947, -0.004349620547145605], [0.00032579401158727705, -0.00048414949560537934, 0.00040707437437959015, -0.0012353562051430345, 0.0015489491634070873, 0.0005443066474981606, -0.0012933126417919993, 0.0017038616351783276, -0.004647584166377783, 0.0013536849291995168, -0.0033879720140248537, -0.004349620547145605, 0.013806961476802826]], "lowlevel.mfcc.cov": [[8955.5771484375, -748.9395141601562, -113.25862121582031, 14.892208099365234, -335.3697509765625, -95.85250854492188, -295.4925842285156, -373.3916931152344, -144.58453369140625, -63.956295013427734, 41.87007141113281, -123.98654174804688, -129.30990600585938], [-748.9395141601562, 2418.92236328125, 23.351381301879883, 170.63600158691406, 152.9994354248047, 254.14956665039062, 149.53204345703125, 272.2333068847656, 257.44952392578125, 137.35133361816406, 51.638519287109375, 142.7747802734375, 39.966026306152344], [-113.25862121582031, 23.351381301879883, 852.0355224609375, 475.3192443847656, 371.08197021484375, 229.7891082763672, 202.5979461669922, 121.59752655029297, 73.10323333740234, 44.02348327636719, 80.84916687011719, 37.615909576416016, 51.827396392822266], [14.892208099365234, 170.63600158691406, 475.3192443847656, 659.6776733398438, 435.371337890625, 202.95396423339844, 63.82759475708008, 74.1712417602539, 55.11045455932617, 67.71839904785156, 20.519346237182617, 26.17778778076172, 20.94837188720703], [-335.3697509765625, 152.9994354248047, 371.08197021484375, 435.371337890625, 553.4124755859375, 238.4302520751953, 108.1913833618164, 115.2405776977539, 101.18948364257812, 109.76950073242188, 79.69258880615234, 35.37327194213867, 43.61475372314453], [-95.85250854492188, 254.14956665039062, 229.7891082763672, 202.95396423339844, 238.4302520751953, 271.9246520996094, 194.34976196289062, 151.9949493408203, 100.87521362304688, 111.18063354492188, 82.40974426269531, 41.90221405029297, 31.108985900878906], [-295.4925842285156, 149.53204345703125, 202.5979461669922, 63.82759475708008, 108.1913833618164, 194.34976196289062, 345.81195068359375, 244.14698791503906, 108.17740631103516, 103.3222885131836, 108.92192840576172, 36.04890060424805, 48.1921272277832], [-373.3916931152344, 272.2333068847656, 121.59752655029297, 74.1712417602539, 115.2405776977539, 151.9949493408203, 244.14698791503906, 299.7031555175781, 128.1808624267578, 70.54586029052734, 81.49451446533203, 22.413419723510742, 34.70178985595703], [-144.58453369140625, 257.44952392578125, 73.10323333740234, 55.11045455932617, 101.18948364257812, 100.87521362304688, 108.17740631103516, 128.1808624267578, 225.8958740234375, 136.49807739257812, 80.81221008300781, 71.40633392333984, 44.22331237792969], [-63.956295013427734, 137.35133361816406, 44.02348327636719, 67.71839904785156, 109.76950073242188, 111.18063354492188, 103.3222885131836, 70.54586029052734, 136.49807739257812, 227.22274780273438, 113.51697540283203, 65.05765533447266, 33.949745178222656], [41.87007141113281, 51.638519287109375, 80.84916687011719, 20.519346237182617, 79.69258880615234, 82.40974426269531, 108.92192840576172, 81.49451446533203, 80.81221008300781, 113.51697540283203, 154.87266540527344, 61.3013801574707, 34.5909538269043], [-123.98654174804688, 142.7747802734375, 37.615909576416016, 26.17778778076172, 35.37327194213867, 41.90221405029297, 36.04890060424805, 22.413419723510742, 71.40633392333984, 65.05765533447266, 61.3013801574707, 115.4599609375, 59.37189865112305], [-129.30990600585938, 39.966026306152344, 51.827396392822266, 20.94837188720703, 43.61475372314453, 31.108985900878906, 48.1921272277832, 34.70178985595703, 44.22331237792969, 33.949745178222656, 34.5909538269043, 59.37189865112305, 103.71477508544922]], "lowlevel.mfcc.icov": [[0.00013885225052945316, 3.1268162274500355e-05, 3.45781518262811e-05, -0.000167130958288908, 0.0002570436627138406, -0.00024241054779849946, 0.00011735250154742971, 0.00020560684788506478, -0.00012491671077441424, 0.0001222018472617492, -0.0003711417375598103, 0.00027638906612992287, -2.3323248115048045e-06], [3.1268162274500355e-05, 0.000583983666729182, 0.00013445649528875947, -0.00013890714035369456, 0.00021573294361587614, -0.0006565403309650719, 0.0004315084661357105, -0.0005468068993650377, -0.0003440341097302735, 7.179802923928946e-05, 0.0003055608249269426, -0.0006914834957569838, 0.0002805965195875615], [3.45781518262811e-05, 0.00013445649528875947, 0.0026806523092091084, -0.001768937916494906, -0.0001770603994373232, -0.0003857459523715079, -0.0017127551836892962, 0.0012156066950410604, -0.0007630175678059459, 0.0016432394040748477, -0.0011826365953311324, 0.00026027578860521317, -0.000378788827219978], [-0.000167130958288908, -0.00013890714035369456, -0.001768937916494906, 0.004740967880934477, -0.002747346181422472, -0.00026395043823868036, 0.0012264726683497429, -0.0011628856882452965, 0.0011359084164723754, -0.0014424686087295413, 0.002517194487154484, -0.001330096274614334, 0.0007349359220825136], [0.0002570436627138406, 0.00021573294361587614, -0.0001770603994373232, -0.002747346181422472, 0.0057590920478105545, -0.0034308009780943394, 0.0019308199407532811, -0.00024249471607618034, -0.0008225235505960882, 0.00012153326679253951, -0.0021614376455545425, 0.0019201120594516397, -0.0013954468304291368], [-0.00024241054779849946, -0.0006565403309650719, -0.0003857459523715079, -0.00026395043823868036, -0.0034308009780943394, 0.01174688246101141, -0.005067882593721151, -8.85268091224134e-05, 0.0004958490608260036, -0.0018940574955195189, 0.001006304519250989, -0.0013379778247326612, 0.0013394688721746206], [0.00011735250154742971, 0.0004315084661357105, -0.0017127551836892962, 0.0012264726683497429, 0.0019308199407532811, -0.005067882593721151, 0.01153513602912426, -0.00710768299177289, 0.0015166172524914145, -0.0019005679059773684, -0.001388842356391251, 0.0005806724657304585, -0.0015791873447597027], [0.00020560684788506478, -0.0005468068993650377, 0.0012156066950410604, -0.0011628856882452965, -0.00024249471607618034, -8.85268091224134e-05, -0.00710768299177289, 0.011383455246686935, -0.004312534350901842, 0.003374178661033511, -0.0025776319671422243, 0.003317124443128705, -0.0005879707168787718], [-0.00012491671077441424, -0.0003440341097302735, -0.0007630175678059459, 0.0011359084164723754, -0.0008225235505960882, 0.0004958490608260036, 0.0015166172524914145, -0.004312534350901842, 0.010247737169265747, -0.005146733485162258, 0.0015991941327229142, -0.0034877355210483074, -0.00015758453810121864], [0.0001222018472617492, 7.179802923928946e-05, 0.0016432394040748477, -0.0014424686087295413, 0.00012153326679253951, -0.0018940574955195189, -0.0019005679059773684, 0.003374178661033511, -0.005146733485162258, 0.01105453260242939, -0.005822964943945408, 0.00038393001887016, 0.00016432766278740019], [-0.0003711417375598103, 0.0003055608249269426, -0.0011826365953311324, 0.002517194487154484, -0.0021614376455545425, 0.001006304519250989, -0.001388842356391251, -0.0025776319671422243, 0.0015991941327229142, -0.005822964943945408, 0.01524726115167141, -0.0062073348090052605, 0.0013092939043417573], [0.00027638906612992287, -0.0006914834957569838, 0.00026027578860521317, -0.001330096274614334, 0.0019201120594516397, -0.0013379778247326612, 0.0005806724657304585, 0.003317124443128705, -0.0034877355210483074, 0.00038393001887016, -0.0062073348090052605, 0.018573720008134842, -0.008237022906541824], [-2.3323248115048045e-06, 0.0002805965195875615, -0.000378788827219978, 0.0007349359220825136, -0.0013954468304291368, 0.0013394688721746206, -0.0015791873447597027, -0.0005879707168787718, -0.00015758453810121864, 0.00016432766278740019, 0.0013092939043417573, -0.008237022906541824, 0.014979240484535694]], "metadata.audio_properties.analysis.downmix": "mix", "metadata.audio_properties.codec": "mp3", "metadata.audio_properties.md5_encoded": "bfa1b953804d004e131102d1cf7f0eaf", "metadata.tags.file_name": "1182268472093311026.mp3", "metadata.version.essentia": "2.1-beta6-dev", "metadata.version.essentia_git_sha": "v2.1_beta5-1110-g77a6a954", "metadata.version.extractor": "music 2.0", "tonal.chords_key": "F", "tonal.chords_scale": "minor", "tonal.key_edma.key": "Ab", "tonal.key_edma.scale": "major", "tonal.key_