{"song_id": "1182276902493372487", "download": "https://cdn.discordapp.com/attachments/1135911532732108921/1182276902493372487/chirp.mp4?ex=65841c2b&amp", "lyrics": "En la ciudad, bajo un cielo de tono rosa, un Citro\u00ebn C1 azul reposa. Con alas de libertad, los p\u00e1jaros vuelan, mientras el sol en el horizonte se cuela. Ruedas rojas girando, aventuras llamando, en el asfalto, sue\u00f1os vamos trazando. El viento susurra historias de un viaje sin fin, con cada kil\u00f3metro, un nuevo cap\u00edtulo comienza aqu\u00ed.", "style": ["opening anime"], "essentia_features": {"lowlevel.average_loudness": 0.9766355752944946, "lowlevel.barkbands_crest.mean": 10.344799995422363, "lowlevel.barkbands_crest.stdev": 3.6005380153656006, "lowlevel.barkbands_flatness_db.mean": 0.1596856713294983, "lowlevel.barkbands_flatness_db.stdev": 0.04337865859270096, "lowlevel.barkbands_kurtosis.mean": 7.835460186004639, "lowlevel.barkbands_kurtosis.stdev": 7.2482686042785645, "lowlevel.barkbands_skewness.mean": 2.1503305435180664, "lowlevel.barkbands_skewness.stdev": 1.125805377960205, "lowlevel.barkbands_spread.mean": 20.653274536132812, "lowlevel.barkbands_spread.stdev": 22.183874130249023, "lowlevel.dissonance.mean": 0.45241889357566833, "lowlevel.dissonance.stdev": 0.03351361304521561, "lowlevel.dynamic_complexity": 1.864378809928894, "lowlevel.erbbands_crest.mean": 9.532435417175293, "lowlevel.erbbands_crest.stdev": 3.7583491802215576, "lowlevel.erbbands_flatness_db.mean": 0.14424990117549896, "lowlevel.erbbands_flatness_db.stdev": 0.03401048481464386, "lowlevel.erbbands_kurtosis.mean": 0.8804375529289246, "lowlevel.erbbands_kurtosis.stdev": 2.109461784362793, "lowlevel.erbbands_skewness.mean": 0.5665000081062317, "lowlevel.erbbands_skewness.stdev": 0.8542807102203369, "lowlevel.erbbands_spread.mean": 46.34669494628906, "lowlevel.erbbands_spread.stdev": 24.331560134887695, "lowlevel.hfc.mean": 30.34653091430664, "lowlevel.hfc.stdev": 37.29756546020508, "lowlevel.loudness_ebu128.integrated": -14.42177963256836, "lowlevel.loudness_ebu128.loudness_range": 1.4423141479492188, "lowlevel.loudness_ebu128.momentary.mean": -14.70888900756836, "lowlevel.loudness_ebu128.momentary.stdev": 1.6852644681930542, "lowlevel.loudness_ebu128.short_term.mean": -14.406517028808594, "lowlevel.loudness_ebu128.short_term.stdev": 0.6144083738327026, "lowlevel.melbands_crest.mean": 13.936527252197266, "lowlevel.melbands_crest.stdev": 4.057243347167969, "lowlevel.melbands_flatness_db.mean": 0.2348082959651947, "lowlevel.melbands_flatness_db.stdev": 0.05693637207150459, "lowlevel.melbands_kurtosis.mean": 21.0743350982666, "lowlevel.melbands_kurtosis.stdev": 16.53350830078125, "lowlevel.melbands_skewness.mean": 3.417109251022339, "lowlevel.melbands_skewness.stdev": 1.4661213159561157, "lowlevel.melbands_spread.mean": 17.81494140625, "lowlevel.melbands_spread.stdev": 22.34308433532715, "lowlevel.pitch_salience.mean": 0.5721197128295898, "lowlevel.pitch_salience.stdev": 0.08598771691322327, "lowlevel.silence_rate_20dB.mean": 1.0, "lowlevel.silence_rate_20dB.stdev": 0.0, "lowlevel.silence_rate_30dB.mean": 0.9976730942726135, "lowlevel.silence_rate_30dB.stdev": 0.048181988298892975, "lowlevel.silence_rate_60dB.mean": 0.001163467182777822, "lowlevel.silence_rate_60dB.stdev": 0.03409002721309662, "lowlevel.spectral_centroid.mean": 848.6572265625, "lowlevel.spectral_centroid.stdev": 650.64501953125, "lowlevel.spectral_complexity.mean": 15.602676391601562, "lowlevel.spectral_complexity.stdev": 5.244330406188965, "lowlevel.spectral_decrease.mean": -9.996176331128481e-09, "lowlevel.spectral_decrease.stdev": 4.7765582600334255e-09, "lowlevel.spectral_energy.mean": 0.04048040881752968, "lowlevel.spectral_energy.stdev": 0.01863861083984375, "lowlevel.spectral_energyband_high.mean": 0.002069238806143403, "lowlevel.spectral_energyband_high.stdev": 0.004746040794998407, "lowlevel.spectral_energyband_low.mean": 0.01227145828306675, "lowlevel.spectral_energyband_low.stdev": 0.009274071082472801, "lowlevel.spectral_energyband_middle_high.mean": 0.004997149109840393, "lowlevel.spectral_energyband_middle_high.stdev": 0.006698801647871733, "lowlevel.spectral_energyband_middle_low.mean": 0.02239045314490795, "lowlevel.spectral_energyband_middle_low.stdev": 0.013627122156322002, "lowlevel.spectral_entropy.mean": 7.384031295776367, "lowlevel.spectral_entropy.stdev": 0.5118639469146729, "lowlevel.spectral_flux.mean": 0.07596570998430252, "lowlevel.spectral_flux.stdev": 0.042916398495435715, "lowlevel.spectral_kurtosis.mean": 4.320654392242432, "lowlevel.spectral_kurtosis.stdev": 3.457432746887207, "lowlevel.spectral_rms.mean": 0.006114158779382706, "lowlevel.spectral_rms.stdev": 0.0014526245649904013, "lowlevel.spectral_rolloff.mean": 1361.1856689453125, "lowlevel.spectral_rolloff.stdev": 2283.58056640625, "lowlevel.spectral_skewness.mean": 1.698704481124878, "lowlevel.spectral_skewness.stdev": 0.6428496241569519, "lowlevel.spectral_spread.mean": 5672263.5, "lowlevel.spectral_spread.stdev": 1924931.375, "lowlevel.spectral_strongpeak.mean": 0.8873238563537598, "lowlevel.spectral_strongpeak.stdev": 1.0309256315231323, "lowlevel.zerocrossingrate.mean": 0.0590442530810833, "lowlevel.zerocrossingrate.stdev": 0.05298836529254913, "metadata.audio_properties.analysis.equal_loudness": 0.0, "metadata.audio_properties.analysis.length": 39.87199401855469, "metadata.audio_properties.analysis.sample_rate": 44100.0, "metadata.audio_properties.analysis.start_time": 0.0, "metadata.audio_properties.bit_rate": 118937.0, "metadata.audio_properties.length": 39.87200164794922, "metadata.audio_properties.lossless": 0.0, "metadata.audio_properties.number_channels": 1.0, "metadata.audio_properties.replay_gain": -11.159788131713867, "metadata.audio_properties.sample_rate": 48000.0, "rhythm.beats_count": 62.0, "rhythm.beats_loudness.mean": 0.042357709258794785, "rhythm.beats_loudness.stdev": 0.015907015651464462, "rhythm.bpm": 80.74771881103516, "rhythm.bpm_histogram_first_peak_bpm": 81.0, "rhythm.bpm_histogram_first_peak_weight": 0.3684210777282715, "rhythm.bpm_histogram_second_peak_bpm": 117.0, "rhythm.bpm_histogram_second_peak_spread": 0.5294117331504822, "rhythm.bpm_histogram_second_peak_weight": 0.13114753365516663, "rhythm.danceability": 1.1429916620254517, "rhythm.onset_rate": 3.359079360961914, "tonal.chords_changes_rate": 0.024418605491518974, "tonal.chords_number_rate": 0.004651162773370743, "tonal.chords_strength.mean": 0.5403239130973816, "tonal.chords_strength.stdev": 0.08223358541727066, "tonal.hpcp_crest.mean": 14.66806411743164, "tonal.hpcp_crest.stdev": 6.2245612144470215, "tonal.hpcp_entropy.mean": 1.8185386657714844, "tonal.hpcp_entropy.stdev": 0.6020757555961609, "tonal.key_edma.strength": 0.7849579453468323, "tonal.key_krumhansl.strength": 0.784491240978241, "tonal.key_temperley.strength": 0.7810854911804199, "tonal.tuning_diatonic_strength": 0.5799915790557861, "tonal.tuning_equal_tempered_deviation": 0.044358331710100174, "tonal.tuning_frequency": 439.74591064453125, "tonal.tuning_nontempered_energy_ratio": 0.6187933683395386, "lowlevel.barkbands.mean": [8.552649524062872e-05, 0.006802753545343876, 0.004188486374914646, 0.003573962254449725, 0.012175284326076508, 0.002958024851977825, 0.001608054619282484, 0.001073500607162714, 0.0008990383357740939, 0.0009721944807097316, 0.001013179775327444, 0.0008611803641542792, 0.0007491108262911439, 0.0003100591420661658, 0.00037746175075881183, 0.0002731012355070561, 0.00025261816335842013, 9.077435970539227e-05, 9.25056665437296e-05, 0.00010236285743303597, 0.00021676943288184702, 0.00026874145260080695, 0.0005061789997853339, 0.0006880449363961816, 0.00026180100394412875, 7.740168803138658e-05, 2.32574598157953e-06], "lowlevel.barkbands.stdev": [0.0002635676646605134, 0.004763148259371519, 0.005451931152492762, 0.005025040823966265, 0.008887389674782753, 0.0035557819064706564, 0.003401836147531867, 0.002729573752731085, 0.002275165868923068, 0.0026115593500435352, 0.002353166462853551, 0.002224881900474429, 0.002666451269760728, 0.00093001255299896, 0.0008482434786856174, 0.0009084350313059986, 0.0005010460154153407, 0.00021863720030523837, 0.00013199013483244926, 0.00018641370115801692, 0.0004848299431614578, 0.0006325121503323317, 0.0013476089807227254, 0.001990515971556306, 0.0007351590902544558, 0.000229219178436324, 7.876391464378685e-06], "lowlevel.erbbands.mean": [0.07494431734085083, 1.901132583618164, 5.715956211090088, 7.544455528259277, 27.13935089111328, 46.432071685791016, 32.256839752197266, 21.868444442749023, 23.657047271728516, 21.373123168945312, 22.726274490356445, 24.21738624572754, 14.900847434997559, 43.99810028076172, 45.122100830078125, 37.38067626953125, 37.25729751586914, 20.935367584228516, 19.386280059814453, 15.391923904418945, 15.88888931274414, 13.715861320495605, 5.996127128601074, 4.548917770385742, 4.957434177398682, 4.792458534240723, 7.089565277099609, 9.435335159301758, 10.083382606506348, 10.713774681091309, 14.664690971374512, 15.795211791992188, 10.103330612182617, 4.1722869873046875, 1.1829758882522583, 0.4199894070625305, 0.12234055995941162, 0.01822337508201599, 0.0004106322885490954, 6.67259591864422e-05], "lowlevel.erbbands.stdev": [0.09886451810598373, 1.3155488967895508, 5.6496901512146, 10.421248435974121, 27.147188186645508, 37.19511413574219, 31.560312271118164, 29.42410659790039, 56.23159408569336, 39.72029113769531, 64.1244888305664, 60.3140983581543, 35.238033294677734, 100.12117004394531, 107.26446533203125, 95.04645538330078, 133.94898986816406, 56.86587142944336, 35.57855224609375, 44.356815338134766, 50.991607666015625, 28.60074806213379, 14.07537841796875, 7.138332843780518, 6.767112731933594, 8.902107238769531, 15.515884399414062, 21.55984878540039, 23.677358627319336, 25.567659378051758, 40.64632797241211, 47.79497146606445, 28.35130500793457, 11.428141593933105, 3.749929666519165, 1.327906608581543, 0.3536548912525177, 0.05215027555823326, 0.0010698874248191714, 5.592993329628371e-05], "lowlevel.gfcc.mean": [22.62065315246582, 94.73384857177734, -84.74358367919922, 33.618408203125, -60.94327926635742, 24.239566802978516, -47.181793212890625, -2.3369901180267334, -33.87311935424805, -2.9506804943084717, -18.981557846069336, 4.959830284118652, -6.679627418518066], "lowlevel.melbands.mean": [0.0012772087939083576, 0.0028690528124570847, 0.0018874279921874404, 0.002870929427444935, 0.0012594416039064527, 0.00048314151354134083, 0.00036093717790208757, 0.00023191008949652314, 0.0001809322857297957, 0.00014208360516931862, 7.21329270163551e-05, 0.0001786670763976872, 0.00013316805416252464, 0.00011810124851763248, 8.183805039152503e-05, 7.144516712287441e-05, 3.511492468533106e-05, 2.8698434107354842e-05, 2.4372358893742785e-05, 1.9590681404224597e-05, 1.7819140339270234e-05, 1.636109118408058e-05, 6.987846518313745e-06, 4.014816113340203e-06, 3.594095687731169e-06, 3.500537559375516e-06, 3.745959702428081e-06, 2.865948090402526e-06, 4.121189704164863e-06, 5.041416898166062e-06, 5.528453129954869e-06, 5.868317657586886e-06, 4.907989932689816e-06, 6.576997748197755e-06, 7.5556308729574084e-06, 1.0566584023763426e-05, 9.421708455192856e-06, 8.053226338233799e-06, 4.972704118699767e-06, 2.947949724330101e-06], "lowlevel.melbands.stdev": [0.0010372709948569536, 0.002322903135791421, 0.0020472805481404066, 0.0022472820710390806, 0.0010123744141310453, 0.0006810949416831136, 0.0008175023249350488, 0.00044893022277392447, 0.0005119855049997568, 0.00034659350058063865, 0.00018363390699960291, 0.0004291350778657943, 0.0003238219360355288, 0.0002847265568561852, 0.0002445360296405852, 0.00023265575873665512, 0.00011277663725195453, 5.2624378440668806e-05, 6.479231524281204e-05, 6.30127324257046e-05, 5.567157859331928e-05, 3.355861554155126e-05, 1.8670954887056723e-05, 8.712892849871423e-06, 5.957782377663534e-06, 5.086453711555805e-06, 5.678573415934807e-06, 5.964594492979813e-06, 9.181886525766458e-06, 1.1858954167109914e-05, 1.3074693924863823e-05, 1.4004704098624643e-05, 1.2470694855437614e-05, 1.5896710465312935e-05, 2.051523551926948e-05, 3.270677916589193e-05, 2.9042626920272596e-05, 2.35032584896544e-05, 1.3638670679938514e-05, 8.72749569680309e-06], "lowlevel.melbands128.mean": [5.9444580983836204e-05, 0.00027228574617765844, 0.0013590733287855983, 0.003947749268263578, 0.0036104158498346806, 0.0016860170289874077, 0.0011896869400516152, 0.0021142824552953243, 0.002555206883698702, 0.0036259202752262354, 0.00267399731092155, 0.0013336808187887073, 0.0012441275175660849, 0.0005586827173829079, 0.0005686099757440388, 0.0003530326357576996, 0.00029139520484022796, 0.0004571456811390817, 0.00033161358442157507, 0.00019155998597852886, 0.00022131040168460459, 0.00019606675778049976, 0.00018378930690232664, 0.00014237422146834433, 0.0001923624804476276, 0.0001358480949420482, 4.652118150261231e-05, 4.864460788667202e-05, 6.861879955977201e-05, 0.00026176951359957457, 0.00018716079648584127, 9.559254976920784e-05, 9.592249261913821e-05, 0.00022451549011748284, 9.911920642480254e-05, 0.00010672768257791176, 0.00010482961806701496, 5.3135459893383086e-05, 9.721606329549104e-05, 9.431713988306001e-05, 6.889893120387569e-05, 2.9291166356415488e-05, 4.0544669900555164e-05, 3.6385947169037536e-05, 1.628263089514803e-05, 2.9685546905966476e-05, 4.306037590140477e-05, 2.059098369500134e-05, 1.843685095082037e-05, 2.1262951122480445e-05, 1.762526881066151e-05, 2.0395453248056583e-05, 2.124090497090947e-05, 1.2698264072241727e-05, 2.013713492488023e-05, 2.0142721041338518e-05, 9.553320523991715e-06, 8.376324331038631e-06, 5.448245701700216e-06, 5.5403106671292335e-06, 3.58962029167742e-06, 3.315346020826837e-06, 3.615071818785509e-06, 3.928206297132419e-06, 3.1649713037040783e-06, 3.4725155728665413e-06, 3.7641859762516106e-06, 3.3229594009753782e-06, 4.240494035911979e-06, 3.634826043708017e-06, 2.3801478619134286e-06, 2.8628649033635156e-06, 3.043204287678236e-06, 5.0995772653550375e-06, 4.163767698628362e-06, 4.5520546336774714e-06, 5.892062745260773e-06, 5.4875163186807185e-06, 5.567657808569493e-06, 5.164014510228299e-06, 6.176304850669112e-06, 6.310811386356363e-06, 5.012536348658614e-06, 4.992155936633935e-06, 4.369466751086293e-06, 5.745192538597621e-06, 8.032042387640104e-06, 6.663467956968816e-06, 6.90171282258234e-06, 8.072745004028548e-06, 1.1236385944357608e-05, 1.1304598046990577e-05, 9.876895092020277e-06, 8.604000868217554e-06, 9.915028385876212e-06, 9.854994459601585e-06, 7.622471002832754e-06, 5.202532065595733e-06, 5.337049515219405e-06, 4.8719030019128695e-06, 3.5007628866878804e-06, 2.7536691504792543e-06, 2.063122110484983e-06, 1.4420434126805048e-06, 1.1458035942268907e-06, 1.0034295883087907e-06, 9.650264019001042e-07, 9.77663830781239e-07, 7.443018148478586e-07, 4.43725184595678e-07, 4.2705764258244017e-07, 4.473997137210972e-07, 3.887655850576266e-07, 3.3157832035612955e-07, 2.8020838271913817e-07, 2.183091254437386e-07, 9.903861553084425e-08, 5.543733472279655e-09, 1.3265421747177264e-11, 5.651572092257862e-12, 5.4783512795641975e-12, 5.349086191347441e-12, 5.2314537250797155e-12, 5.1135805659296985e-12, 4.9398280604906475e-12, 4.698940021807818e-12, 4.5624099116736705e-12, 4.521226708992243e-12], "lowlevel.melbands128.stdev": [0.00023064065317157656, 0.0007834522984921932, 0.001638198271393776, 0.0027779906522482634, 0.0032060362864285707, 0.0026182562578469515, 0.00236134952865541, 0.0030627071391791105, 0.0033269247505813837, 0.0035549234598875046, 0.0024779553059488535, 0.0014255511341616511, 0.0015080056618899107, 0.000794091378338635, 0.0007809404050931334, 0.0011755750747397542, 0.001249180524609983, 0.0012134209973737597, 0.0007065871614031494, 0.0005309027037583292, 0.0006523833144456148, 0.000695129216182977, 0.0007418470340780914, 0.000579404120799154, 0.0006402913713827729, 0.00033968788920901716, 0.0001625198347028345, 0.00021567022486124188, 0.00023992476053535938, 0.0008391186711378396, 0.00043874935363419354, 0.00028060798649676144, 0.0003756374935619533, 0.0006067471695132554, 0.00029467183048836887, 0.0004152737383265048, 0.0003589337575249374, 0.00019440703908912838, 0.000545485585462302, 0.0004661653656512499, 0.00023838673951104283, 9.710220183478668e-05, 0.00017065891006495804, 0.00014155436656437814, 4.017452374682762e-05, 6.300138193182647e-05, 9.96824455796741e-05, 9.020332799991593e-05, 6.4475680119358e-05, 0.00010092474258271977, 7.148013537516817e-05, 9.367556049255654e-05, 0.0001158262457465753, 2.5288960387115367e-05, 4.527443161350675e-05, 4.7154004278127104e-05, 3.3735475881258026e-05, 2.1777394067612477e-05, 1.8335726053919643e-05, 1.518592944194097e-05, 8.263633390015457e-06, 7.690621714573354e-06, 6.595193099201424e-06, 7.917168659332674e-06, 5.929992767050862e-06, 5.675076863553841e-06, 6.463013050961308e-06, 6.338475941447541e-06, 7.108905720087932e-06, 7.853241186239757e-06, 5.796593995910371e-06, 6.980761554586934e-06, 6.999307061050786e-06, 1.2787082596332766e-05, 1.00809229479637e-05, 1.1478076885396149e-05, 1.6013991626095958e-05, 1.3118575225234963e-05, 1.49031329783611e-05, 1.337152389169205e-05, 1.5841978893149644e-05, 1.6258967661997303e-05, 1.3542701708502136e-05, 1.4173388080962468e-05, 1.1894997442141175e-05, 1.4896981156198308e-05, 2.0743595086969435e-05, 1.8060085494653322e-05, 2.0178125851089135e-05, 2.4903298253775574e-05, 3.634233144111931e-05, 3.7969915865687653e-05, 3.241245576646179e-05, 2.910043804149609e-05, 3.217436096747406e-05, 2.9649492716998793e-05, 2.3799277187208645e-05, 1.7044012565747835e-05, 1.5629657355020754e-05, 1.3541671251005027e-05, 1.0621653018461075e-05, 9.188663170789368e-06, 6.885743005113909e-06, 5.4317342801368795e-06, 4.193072527414188e-06, 3.2363602713303408e-06, 3.2034427022153977e-06, 3.6935641674062936e-06, 2.531119434934226e-06, 1.4046942169443355e-06, 1.4755923984921537e-06, 1.4566202253263327e-06, 1.1870398566315998e-06, 9.987752491724677e-07, 8.624390943623439e-07, 6.636551006522495e-07, 3.278011320162477e-07, 1.579678254870487e-08, 2.914811170207088e-10, 1.2665249057852712e-11, 1.2451411429692527e-11, 1.2408444063916058e-11, 1.2445496022639446e-11, 1.1857998957753857e-11, 9.657656618866639e-12, 6.9563183338616774e-12, 6.3590682199132775e-12, 6.31458210373359e-12], "lowlevel.mfcc.mean": [-628.8878173828125, 125.35212707519531, 32.348514556884766, 16.473417282104492, 12.581567764282227, 15.730743408203125, 1.5890038013458252, 1.604169487953186, -4.657230377197266, -7.9922685623168945, -12.447368621826172, -6.063144683837891, -0.39840173721313477], "lowlevel.spectral_contrast_coeffs.mean": [-0.6562376618385315, -0.7141850590705872, -0.7390424609184265, -0.7870012521743774, -0.7983072400093079, -0.7673054933547974], "lowlevel.spectral_contrast_coeffs.stdev": [0.06930215656757355, 0.06507284939289093, 0.055483829230070114, 0.04846707731485367, 0.03708534315228462, 0.035720616579055786], "lowlevel.spectral_contrast_valleys.mean": [-6.049140930175781, -6.912795066833496, -7.406071662902832, -7.7465033531188965, -7.844875812530518, -9.921916961669922], "lowlevel.spectral_contrast_valleys.stdev": [0.7008982300758362, 0.6389778852462769, 0.68266361951828, 0.6060267090797424, 0.5936149954795837, 1.1081591844558716], "rhythm.beats_loudness_band_ratio.mean": [0.42497482895851135, 0.3604074716567993, 0.06370732933282852, 0.06445124000310898, 0.031100546941161156, 0.11998987942934036], "rhythm.beats_loudness_band_ratio.stdev": [0.1403503119945526, 0.14728830754756927, 0.06959924101829529, 0.07044268399477005, 0.04147840291261673, 0.17411932349205017], "tonal.hpcp.mean": [0.2991836965084076, 0.1762111932039261, 0.12308809906244278, 0.24026429653167725, 0.1551171988248825, 0.022556032985448837, 0.021857239305973053, 0.02283359318971634, 0.08629237860441208, 0.15048004686832428, 0.08693773299455643, 0.021060433238744736, 0.02419074811041355, 0.030146246775984764, 0.13022378087043762, 0.2560320794582367, 0.16219797730445862, 0.03286276385188103, 0.01912945881485939, 0.012357618659734726, 0.025349585339426994, 0.04120999202132225, 0.04266746714711189, 0.2994287312030792, 0.44627645611763, 0.18332989513874054, 0.027900557965040207, 0.02040025405585766, 0.025611529126763344, 0.18409396708011627, 0.2746466398239136, 0.11887186020612717, 0.019373882561922073, 0.014377406798303127, 0.019457360729575157, 0.1629858911037445], "tonal.hpcp.stdev": [0.3514879047870636, 0.22141121327877045, 0.18831469118595123, 0.33062008023262024, 0.220509335398674, 0.08777127414941788, 0.09385126084089279, 0.0973333939909935, 0.14997830986976624, 0.20090432465076447, 0.12681405246257782, 0.07359843701124191, 0.09024456888437271, 0.1115695983171463, 0.19197677075862885, 0.32218894362449646, 0.23759818077087402, 0.10315480083227158, 0.07021397352218628, 0.06344010680913925, 0.09756585955619812, 0.1457916796207428, 0.1280655562877655, 0.3048892319202423, 0.4198575019836426, 0.20193584263324738, 0.09960559010505676, 0.09438896924257278, 0.10297919064760208, 0.291433185338974, 0.41742420196533203, 0.2035519778728485, 0.08793242275714874, 0.06893429160118103, 0.08487431704998016, 0.22501519322395325], "rhythm.beats_position": [0.7314285635948181, 1.4628571271896362, 2.2058956623077393, 2.9257142543792725, 3.6223127841949463, 4.318911552429199, 5.003900051116943, 5.6888885498046875, 6.397097587585449, 7.116916179656982, 7.859954357147217, 8.614603042602539, 9.334421157836914, 10.054240226745605, 10.832108497619629, 11.609976768493652, 12.399456024169922, 13.154104232788086, 13.90875244140625, 14.6517915725708, 15.243900299072266, 15.83600902557373, 16.416507720947266, 17.020225524902344, 17.635555267333984, 18.158004760742188, 18.668842315673828, 19.1796817779541, 19.678911209106445, 20.18975067138672, 20.700590133666992, 21.223037719726562, 21.745487213134766, 22.24471664428711, 22.75555419921875, 23.266393661499023, 23.800453186035156, 24.32290267944336, 24.84535026550293, 25.356189727783203, 25.867029190063477, 26.35464859008789, 26.8538761138916, 27.353105545043945, 27.84072494506836, 28.47927474975586, 29.117822647094727, 29.767980575561523, 30.394920349121094, 31.04507827758789, 31.68362808227539, 32.32217788696289, 32.94911575317383, 33.599273681640625, 34.27265167236328, 34.94602966308594, 35.61941146850586, 36.362449645996094, 37.10548782348633, 37.84852600097656, 38.5915641784668, 39.33460235595703], "rhythm.bpm_histogram": [0.0, 0.0, 0.0, 0.0, 0.0, 0.0, 0.0, 0.0, 0.0, 0.0, 0.0, 0.0, 0.0, 0.0, 0.0, 0.0, 0.0, 0.0, 0.0, 0.0, 0.0, 0.0, 0.0, 0.0, 0.0, 0.0, 0.0, 0.0, 0.0, 0.0, 0.0, 0.0, 0.0, 0.0, 0.0, 0.0, 0.0, 0.0, 0.0, 0.0, 0.0, 0.0, 0.0, 0.0, 0.0, 0.0, 0.0, 0.0, 0.0, 0.0, 0.0, 0.0, 0.0, 0.0, 0.0, 0.0, 0.0, 0.0, 0.0, 0.0, 0.0, 0.0, 0.0, 0.0, 0.0, 0.0, 0.0, 0.0, 0.0, 0.0, 0.0, 0.0, 0.0, 0.0, 0.0, 0.0, 0.016393441706895828, 0.032786883413791656, 0.0, 0.0, 0.04918032884597778, 0.13114753365516663, 0.016393441706895828, 0.06557376682758331, 0.0, 0.016393441706895828, 0.032786883413791656, 0.0, 0.032786883413791656, 0.04918032884597778, 0.0, 0.0, 0.04918032884597778, 0.0, 0.06557376682758331, 0.0, 0.032786883413791656, 0.0, 0.016393441706895828, 0.016393441706895828, 0.0, 0.032786883413791656, 0.0, 0.016393441706895828, 0.0, 0.0, 0.0, 0.0, 0.0, 0.0, 0.0, 0.0, 0.016393441706895828, 0.0, 0.0, 0.08196721225976944, 0.0, 0.13114753365516663, 0.0, 0.0, 0.06557376682758331, 0.0, 0.0, 0.032786883413791656, 0.0, 0.0, 0.0, 0.0, 0.0, 0.0, 0.0, 0.0, 0.0, 0.0, 0.0, 0.0, 0.0, 0.0, 0.0, 0.0, 0.0, 0.0, 0.0, 0.0, 0.0, 0.0, 0.0, 0.0, 0.0, 0.0, 0.0, 0.0, 0.0, 0.0, 0.0, 0.0, 0.0, 0.0, 0.0, 0.0, 0.0, 0.0, 0.0, 0.0, 0.0, 0.0, 0.0, 0.0, 0.0, 0.0, 0.0, 0.0, 0.0, 0.0, 0.0, 0.0, 0.0, 0.0, 0.0, 0.0, 0.0, 0.0, 0.0, 0.0, 0.0, 0.0, 0.0, 0.0, 0.0, 0.0, 0.0, 0.0, 0.0, 0.0, 0.0, 0.0, 0.0, 0.0, 0.0, 0.0, 0.0, 0.0, 0.0, 0.0, 0.0, 0.0, 0.0, 0.0, 0.0, 0.0, 0.0, 0.0, 0.0, 0.0, 0.0, 0.0, 0.0, 0.0, 0.0, 0.0, 0.0, 0.0, 0.0, 0.0, 0.0, 0.0, 0.0, 0.0, 0.0, 0.0, 0.0, 0.0, 0.0, 0.0, 0.0, 0.0, 0.0, 0.0, 0.0, 0.0, 0.0, 0.0, 0.0, 0.0, 0.0, 0.0, 0.0, 0.0, 0.0, 0.0], "tonal.chords_histogram": [15.813953399658203, 13.720930099487305, 43.372093200683594, 0.23255814611911774, 0.0, 0.0, 0.0, 0.0, 0.0, 0.0, 0.0, 0.0, 0.0, 0.0, 0.0, 0.0, 0.0, 0.0, 0.0, 0.0, 0.0, 0.0, 0.0, 26.86046600341797], "tonal.thpcp": [1.0, 0.41079893708229065, 0.06251855194568634, 0.04571214318275452, 0.05738937854766846, 0.41251105070114136, 0.6154181957244873, 0.2663637399673462, 0.04341229051351547, 0.03221637010574341, 0.04359934478998184, 0.3652128279209137, 0.6703999042510986, 0.3948476016521454, 0.2758113145828247, 0.5383754968643188, 0.3475809693336487, 0.05054273456335068, 0.04897690564393997, 0.05116468295454979, 0.1933608204126358, 0.3371902108192444, 0.19480690360069275, 0.047191452234983444, 0.054205745458602905, 0.06755060702562332, 0.29180070757865906, 0.5737073421478271, 0.36344730854034424, 0.07363767921924591, 0.0428645946085453, 0.027690501883625984, 0.056802425533533096, 0.092341847717762, 0.0956077054142952, 0.6709489822387695], "lowlevel.gfcc.cov": [[2848.352783203125, -968.5624389648438, 143.86618041992188, 217.74752807617188, -401.6158447265625, 424.28900146484375, -131.72271728515625, 144.01705932617188, 175.9715118408203, -18.522920608520508, -94.49507141113281, 58.557861328125, -137.6627960205078], [-968.5624389648438, 1352.1328125, -270.2688903808594, -311.2677307128906, 341.770263671875, -167.2406463623047, 212.15293884277344, -61.24492645263672, 22.96986961364746, -11.891111373901367, 93.0560073852539, -20.865724563598633, 67.07183074951172], [143.86618041992188, -270.2688903808594, 303.9009094238281, 175.8372802734375, 15.45466136932373, 56.024898529052734, -14.006958961486816, 29.32745933532715, -35.57704162597656, 1.2798433303833008, -5.4496588706970215, 42.7899169921875, 28.2908992767334], [217.74752807617188, -311.2677307128906, 175.8372802734375, 455.3623046875, -28.378612518310547, 64.86883544921875, -58.22538757324219, 10.263461112976074, 34.49800491333008, -47.52451705932617, 39.78533935546875, 22.184776306152344, 49.11450958251953], [-401.6158447265625, 341.770263671875, 15.45466136932373, -28.378612518310547, 313.1006164550781, -58.71635818481445, 23.013084411621094, -1.7488560676574707, -32.45766830444336, 25.99317741394043, 20.557519912719727, 35.4230842590332, 47.749549865722656], [424.28900146484375, -167.2406463623047, 56.024898529052734, 64.86883544921875, -58.71635818481445, 237.5317840576172, 45.51416015625, 5.569724082946777, 37.357017517089844, 9.716559410095215, 5.876307964324951, 1.0723509788513184, -2.5051472187042236], [-131.72271728515625, 212.15293884277344, -14.006958961486816, -58.22538757324219, 23.013084411621094, 45.51416015625, 234.24981689453125, -5.949413776397705, -56.42010498046875, 15.499042510986328, 6.592531681060791, 4.605040073394775, 17.456035614013672], [144.01705932617188, -61.24492645263672, 29.32745933532715, 10.263461112976074, -1.7488560676574707, 5.569724082946777, -5.949413776397705, 91.2917709350586, 30.923215866088867, -12.56151008605957, -12.369288444519043, 23.34724998474121, -1.280997633934021], [175.9715118408203, 22.96986961364746, -35.57704162597656, 34.49800491333008, -32.45766830444336, 37.357017517089844, -56.42010498046875, 30.923215866088867, 138.22134399414062, -1.0896514654159546, 11.328495979309082, -6.02099084854126, -8.662030220031738], [-18.522920608520508, -11.891111373901367, 1.2798433303833008, -47.52451705932617, 25.99317741394043, 9.716559410095215, 15.499042510986328, -12.56151008605957, -1.0896514654159546, 92.04081726074219, 9.952969551086426, -9.173138618469238, -4.702198505401611], [-94.49507141113281, 93.0560073852539, -5.4496588706970215, 39.78533935546875, 20.557519912719727, 5.876307964324951, 6.592531681060791, -12.369288444519043, 11.328495979309082, 9.952969551086426, 83.06021118164062, 10.42131233215332, 19.24764633178711], [58.557861328125, -20.865724563598633, 42.7899169921875, 22.184776306152344, 35.4230842590332, 1.0723509788513184, 4.605040073394775, 23.34724998474121, -6.02099084854126, -9.173138618469238, 10.42131233215332, 81.99189758300781, 22.105716705322266], [-137.6627960205078, 67.07183074951172, 28.2908992767334, 49.11450958251953, 47.749549865722656, -2.5051472187042236, 17.456035614013672, -1.280997633934021, -8.662030220031738, -4.702198505401611, 19.24764633178711, 22.105716705322266, 79.58623504638672]], "lowlevel.gfcc.icov": [[0.0008261445327661932, -0.00011625020124483854, 0.00014174947864376009, -0.0003892433305736631, 0.0007813330157659948, -0.0013788719661533833, 0.0006068932707421482, -0.0008896960061974823, 4.4115615310147405e-05, -0.0005086357705295086, 0.000928396126255393, -0.0011651404201984406, 0.0011310344561934471], [-0.00011625020124483854, 0.004151730332523584, 0.0006053234101273119, 0.00266725430265069, -0.004232499748468399, 0.0026408701669424772, -0.004409574903547764, 0.0029975143261253834, -0.004867999814450741, 0.004486543592065573, -0.004112034570425749, 0.002463521435856819, -0.0018777790246531367], [0.00014174947864376009, 0.0006053234101273119, 0.005907196551561356, -0.001978166401386261, -0.000671256915666163, -0.0011831779265776277, 0.00030453538056463003, -0.0017950707115232944, 0.002232571830973029, -0.0012434254167601466, 0.00093857292085886, -0.001663084258325398, -0.000469766091555357], [-0.0003892433305736631, 0.00266725430265069, -0.001978166401386261, 0.005681189242750406, -0.0026322926860302687, 0.0017564779845997691, -0.0023878472857177258, 0.002870246535167098, -0.004244491457939148, 0.005137742031365633, -0.004749173764139414, 0.002628516871482134, -0.0032593398354947567], [0.0007813330157659948, -0.004232499748468399, -0.000671256915666163, -0.0026322926860302687, 0.008903696201741695, -0.0027693030424416065, 0.004728612489998341, -0.003747810609638691, 0.005239388439804316, -0.006101368460804224, 0.00434072595089674, -0.004619169514626265, 0.0006978927413001657], [-0.0013788719661533833, 0.0026408701669424772, -0.0011831779265776277, 0.0017564779845997691, -0.0027693030424416065, 0.009412446059286594, -0.005530561786144972, 0.004041464999318123, -0.005465083755552769, 0.0027886696625500917, -0.00380386458709836, 0.0030739707872271538, -0.002402100944891572], [0.0006068932707421482, -0.004409574903547764, 0.00030453538056463003, -0.0023878472857177258, 0.004728612489998341, -0.005530561786144972, 0.010727843269705772, -0.00479903956875205, 0.00824741367250681, -0.005496958736330271, 0.004110990557819605, -0.003112373873591423, 0.001133060664869845], [-0.0008896960061974823, 0.0029975143261253834, -0.0017950707115232944, 0.002870246535167098, -0.003747810609638691, 0.004041464999318123, -0.00479903956875205, 0.017686476930975914, -0.00842963345348835, 0.005416244734078646, -0.0012247123522683978, -0.0011000697268173099, -0.0014809465501457453], [4.4115615310147405e-05, -0.004867999814450741, 0.002232571830973029, -0.004244491457939148, 0.005239388439804316, -0.005465083755552769, 0.00824741367250681, -0.00842963345348835, 0.017324255779385567, -0.006497541908174753, 0.003047901438549161, -0.0019359549041837454, 0.00204670918174088], [-0.0005086357705295086, 0.004486543592065573, -0.0012434254167601466, 0.005137742031365633, -0.006101368460804224, 0.0027886696625500917, -0.005496958736330271, 0.005416244734078646, -0.006497541908174753, 0.018218930810689926, -0.007138616871088743, 0.005044078454375267, -0.0016535313334316015], [0.000928396126255393, -0.004112034570425749, 0.00093857292085886, -0.004749173764139414, 0.00434072595089674, -0.00380386458709836, 0.004110990557819605, -0.0012247123522683978, 0.003047901438549161, -0.007138616871088743, 0.019720377400517464, -0.005921353120356798, 0.0008084172732196748], [-0.0011651404201984406, 0.002463521435856819, -0.001663084258325398, 0.002628516871482134, -0.004619169514626265, 0.0030739707872271538, -0.003112373873591423, -0.0011000697268173099, -0.0019359549041837454, 0.005044078454375267, -0.005921353120356798, 0.018861714750528336, -0.005309004802256823], [0.0011310344561934471, -0.0018777790246531367, -0.000469766091555357, -0.0032593398354947567, 0.0006978927413001657, -0.002402100944891572, 0.001133060664869845, -0.0014809465501457453, 0.00204670918174088, -0.0016535313334316015, 0.0008084172732196748, -0.005309004802256823, 0.018919773399829865]], "lowlevel.mfcc.cov": [[2889.786376953125, -1170.864990234375, 483.0448913574219, -309.2320556640625, 5.212893009185791, 91.24613189697266, -180.50201416015625, 198.80523681640625, 118.67955017089844, 2.1238245964050293, 112.43077850341797, 225.97427368164062, -41.5020637512207], [-1170.864990234375, 1592.5770263671875, -583.6106567382812, -23.44942855834961, -59.51363754272461, -15.02446174621582, 135.1213836669922, -24.921693801879883, 4.529582977294922, -27.227293014526367, 51.336002349853516, -56.46290588378906, 81.69094848632812], [483.0448913574219, -583.6106567382812, 410.2018737792969, 34.73377227783203, 28.13844871520996, 47.709373474121094, -15.215930938720703, 54.529388427734375, 16.701765060424805, 14.899752616882324, -28.98375701904297, 37.20795822143555, -24.571142196655273], [-309.2320556640625, -23.44942855834961, 34.73377227783203, 335.6307067871094, 98.52330780029297, -8.232026100158691, 31.722455978393555, 16.353273391723633, -29.983318328857422, 3.9653513431549072, -74.09991455078125, -41.020259857177734, 16.396516799926758], [5.212893009185791, -59.51363754272461, 28.13844871520996, 98.52330780029297, 283.5927734375, -4.528285980224609, -61.934165954589844, 9.864635467529297, -12.363770484924316, 13.670722961425781, -36.12202072143555, 0.05000515282154083, 19.173261642456055], [91.24613189697266, -15.02446174621582, 47.709373474121094, -8.232026100158691, -4.528285980224609, 173.84375, 81.62371063232422, 3.6862056255340576, 21.529558181762695, 7.433079719543457, 17.170080184936523, 28.98262596130371, -5.075994968414307], [-180.50201416015625, 135.1213836669922, -15.215930938720703, 31.722455978393555, -61.934165954589844, 81.62371063232422, 201.48838806152344, 9.151359558105469, 8.752556800842285, -10.120473861694336, -5.007101058959961, -11.479711532592773, -1.558307409286499], [198.80523681640625, -24.921693801879883, 54.529388427734375, 16.353273391723633, 9.864635467529297, 3.6862056255340576, 9.151359558105469, 139.3986358642578, 36.54938507080078, -23.09527587890625, 3.0683841705322266, 18.125717163085938, 9.126324653625488], [118.67955017089844, 4.529582977294922, 16.701765060424805, -29.983318328857422, -12.363770484924316, 21.529558181762695, 8.752556800842285, 36.54938507080078, 93.69823455810547, 9.929070472717285, 7.126668453216553, 6.6166558265686035, 3.16058087348938], [2.1238245964050293, -27.227293014526367, 14.899752616882324, 3.9653513431549072, 13.670722961425781, 7.433079719543457, -10.120473861694336, -23.09527587890625, 9.929070472717285, 85.48994445800781, 12.76132583618164, -2.959604024887085, -1.9791979789733887], [112.43077850341797, 51.336002349853516, -28.98375701904297, -74.09991455078125, -36.12202072143555, 17.170080184936523, -5.007101058959961, 3.0683841705322266, 7.126668453216553, 12.76132583618164, 90.50843811035156, 28.852767944335938, -12.444890975952148], [225.97427368164062, -56.46290588378906, 37.20795822143555, -41.020259857177734, 0.05000515282154083, 28.98262596130371, -11.479711532592773, 18.125717163085938, 6.6166558265686035, -2.959604024887085, 28.852767944335938, 92.30279541015625, 9.09348201751709], [-41.5020637512207, 81.69094848632812, -24.571142196655273, 16.396516799926758, 19.173261642456055, -5.075994968414307, -1.558307409286499, 9.126324653625488, 3.16058087348938, -1.9791979789733887, -12.444890975952148, 9.09348201751709, 71.85546112060547]], "lowlevel.mfcc.icov": [[0.0008420744561590254, 0.0005658260197378695, -7.412771992676426e-06, 0.0005781099898740649, -6.834722444182262e-05, -0.00026115262880921364, 0.000363600644050166, -0.0009130956023000181, -0.0004306767077650875, 5.468990275403485e-05, -0.0005112024373374879, -0.000945088395383209, -0.00011620290024438873], [0.0005658260197378695, 0.0019332856172695756, 0.0021085450425744057, 0.00035545285209082067, -8.7275831901934e-05, -0.0002454456698615104, -0.0005911963526159525, -0.001014967099763453, -0.00045626683277077973, 5.494091601576656e-05, -0.0008725387160666287, -0.0002657989098224789, -0.0012050509685650468], [-7.412771992676426e-06, 0.0021085450425744057, 0.006094224285334349, -0.0002331703290110454, 9.419072011951357e-05, -0.0011626794002950191, -0.00040806413744576275, -0.0019909492693841457, -8.224875637097284e-05, -0.0011100232368335128, 0.0014004074037075043, -0.0010360736632719636, 0.00021915447723586112], [0.0005781099898740649, 0.00035545285209082067, -0.0002331703290110454, 0.004800446331501007, -0.0012858487898483872, -3.189671770087443e-05, -0.0008224888588301837, -0.001657804474234581, 0.0012954061385244131, -0.0008995815296657383, 0.0022451712284237146, 0.0004858459287788719, -0.00046616094186902046], [-6.834722444182262e-05, -8.7275831901934e-05, 9.419072011951357e-05, -0.0012858487898483872, 0.004666573833674192, -0.0010161056416109204, 0.002024430548772216, -0.00046999857295304537, 0.0005275607691146433, -0.0008172797388397157, 0.0013713511871173978, -0.0002682343474589288, -0.0006022602319717407], [-0.00026115262880921364, -0.0002454456698615104, -0.0011626794002950191, -3.189671770087443e-05, -0.0010161056416109204, 0.00881237257272005, -0.0042021810077130795, 0.0015582211781293154, -0.0015675302129238844, -0.00022168632131069899, -0.001396608306095004, -0.0021525113843381405, 0.00043587744585238397], [0.000363600644050166, -0.0005911963526159525, -0.00040806413744576275, -0.0008224888588301837, 0.002024430548772216, -0.0042021810077130795, 0.008251212537288666, -0.0010109704453498125, 3.500398088362999e-05, 0.00055463652824983, 0.0009132692939601839, 0.0007733037928119302, 0.0004746293998323381], [-0.0009130956023000181, -0.001014967099763453, -0.0019909492693841457, -0.001657804474234581, -0.00046999857295304537, 0.0015582211781293154, -0.0010109704453498125, 0.011027048341929913, -0.00382307474501431, 0.0035585358273237944, -0.0014564889715984464, -0.00017487751028966159, -0.0008269339450635016], [-0.0004306767077650875, -0.00045626683277077973, -8.224875637097284e-05, 0.0012954061385244131, 0.0005275607691146433, -0.0015675302129238844, 3.500398088362999e-05, -0.00382307474501431, 0.013724428601562977, -0.0029249293729662895, 0.0013707563048228621, 0.0011657514842227101, -0.00041328626684844494], [5.468990275403485e-05, 5.494091601576656e-05, -0.0011100232368335128, -0.0008995815296657383, -0.0008172797388397157, -0.00022168632131069899, 0.00055463652824983, 0.0035585358273237944, -0.0029249293729662895, 0.014067568816244602, -0.0038453065790235996, 0.0013252587523311377, -0.0007602629484608769], [-0.0005112024373374879, -0.0008725387160666287, 0.0014004074037075043, 0.0022451712284237146, 0.0013713511871173978, -0.001396608306095004, 0.0009132692939601839, -0.0014564889715984464, 0.0013707563048228621, -0.0038453065790235996, 0.017652029171586037, -0.004126976244151592, 0.0038167652674019337], [-0.000945088395383209, -0.0002657989098224789, -0.0010360736632719636, 0.0004858459287788719, -0.0002682343474589288, -0.0021525113843381405, 0.0007733037928119302, -0.00017487751028966159, 0.0011657514842227101, 0.0013252587523311377, -0.004126976244151592, 0.016019662842154503, -0.0035071992315351963], [-0.00011620290024438873, -0.0012050509685650468, 0.00021915447723586112, -0.00046616094186902046, -0.0006022602319717407, 0.00043587744585238397, 0.0004746293998323381, -0.0008269339450635016, -0.00041328626684844494, -0.0007602629484608769, 0.0038167652674019337, -0.0035071992315351963, 0.01680995523929596]], "metadata.audio_properties.analysis.downmix": "mix", "metadata.audio_properties.codec": "mp3", "metadata.audio_properties.md5_encoded": "c274ac2ce84130a0fcd0b3db5fc0aa06", "metadata.tags.file_name": "1182276902493372487.mp3", "metadata.version.essentia": "2.1-beta6-dev", "metadata.version.essentia_git_sha": "v2.1_beta5-1110-g77a6a954", "metadata.version.extractor": "music 2.0", "tonal.chords_key": "F"