{"song_id": "1182280706307657728", "download": "https://cdn.discordapp.com/attachments/1128313332273782784/1182280706307657728/chirp.mp4?ex=65841fb6&amp", "lyrics": "So Worry about yourself \nIts better for your health \nAtleast thats what your \ntherapist says \n\nIts not like you cared anyways \nAbout My mental state \nIt goes to show \nNow that youre gone \n\nIm a waste of air \nAtleast thats How I feel \nMost days \nThat im awake", "style": ["random"], "essentia_features": {"lowlevel.average_loudness": 0.9680628180503845, "lowlevel.barkbands_crest.mean": 12.867667198181152, "lowlevel.barkbands_crest.stdev": 4.190282344818115, "lowlevel.barkbands_flatness_db.mean": 0.12988147139549255, "lowlevel.barkbands_flatness_db.stdev": 0.05481337383389473, "lowlevel.barkbands_kurtosis.mean": 7.569155693054199, "lowlevel.barkbands_kurtosis.stdev": 21.03839111328125, "lowlevel.barkbands_skewness.mean": 1.940740704536438, "lowlevel.barkbands_skewness.stdev": 1.7416695356369019, "lowlevel.barkbands_spread.mean": 26.711933135986328, "lowlevel.barkbands_spread.stdev": 14.364007949829102, "lowlevel.dissonance.mean": 0.4765530824661255, "lowlevel.dissonance.stdev": 0.021936139091849327, "lowlevel.dynamic_complexity": 2.2353620529174805, "lowlevel.erbbands_crest.mean": 8.571001052856445, "lowlevel.erbbands_crest.stdev": 5.526788711547852, "lowlevel.erbbands_flatness_db.mean": 0.1322832852602005, "lowlevel.erbbands_flatness_db.stdev": 0.04565868154168129, "lowlevel.erbbands_kurtosis.mean": 0.7877129316329956, "lowlevel.erbbands_kurtosis.stdev": 3.7225027084350586, "lowlevel.erbbands_skewness.mean": 0.1359146535396576, "lowlevel.erbbands_skewness.stdev": 0.8665940165519714, "lowlevel.erbbands_spread.mean": 48.33778762817383, "lowlevel.erbbands_spread.stdev": 26.57007598876953, "lowlevel.hfc.mean": 27.29323387145996, "lowlevel.hfc.stdev": 15.758636474609375, "lowlevel.loudness_ebu128.integrated": -12.24914264678955, "lowlevel.loudness_ebu128.loudness_range": 2.4585180282592773, "lowlevel.loudness_ebu128.momentary.mean": -12.486327171325684, "lowlevel.loudness_ebu128.momentary.stdev": 1.5241721868515015, "lowlevel.loudness_ebu128.short_term.mean": -12.324959754943848, "lowlevel.loudness_ebu128.short_term.stdev": 0.9518064260482788, "lowlevel.melbands_crest.mean": 19.479848861694336, "lowlevel.melbands_crest.stdev": 5.234790325164795, "lowlevel.melbands_flatness_db.mean": 0.19897647202014923, "lowlevel.melbands_flatness_db.stdev": 0.06828464567661285, "lowlevel.melbands_kurtosis.mean": 28.655776977539062, "lowlevel.melbands_kurtosis.stdev": 51.2435417175293, "lowlevel.melbands_skewness.mean": 3.7408576011657715, "lowlevel.melbands_skewness.stdev": 2.7470219135284424, "lowlevel.melbands_spread.mean": 23.0333194732666, "lowlevel.melbands_spread.stdev": 17.925737380981445, "lowlevel.pitch_salience.mean": 0.4496402144432068, "lowlevel.pitch_salience.stdev": 0.12974987924098969, "lowlevel.silence_rate_20dB.mean": 1.0, "lowlevel.silence_rate_20dB.stdev": 0.0, "lowlevel.silence_rate_30dB.mean": 0.9710354804992676, "lowlevel.silence_rate_30dB.stdev": 0.16770724952220917, "lowlevel.silence_rate_60dB.mean": 0.031860969960689545, "lowlevel.silence_rate_60dB.stdev": 0.17562885582447052, "lowlevel.spectral_centroid.mean": 1570.876220703125, "lowlevel.spectral_centroid.stdev": 633.9851684570312, "lowlevel.spectral_complexity.mean": 24.101375579833984, "lowlevel.spectral_complexity.stdev": 12.080634117126465, "lowlevel.spectral_decrease.mean": -1.0658101956551036e-08, "lowlevel.spectral_decrease.stdev": 8.152727382082503e-09, "lowlevel.spectral_energy.mean": 0.042701736092567444, "lowlevel.spectral_energy.stdev": 0.03154072165489197, "lowlevel.spectral_energyband_high.mean": 0.0013352390378713608, "lowlevel.spectral_energyband_high.stdev": 0.001020674710161984, "lowlevel.spectral_energyband_low.mean": 0.02483024075627327, "lowlevel.spectral_energyband_low.stdev": 0.027966463938355446, "lowlevel.spectral_energyband_middle_high.mean": 0.00755414878949523, "lowlevel.spectral_energyband_middle_high.stdev": 0.0075859371572732925, "lowlevel.spectral_energyband_middle_low.mean": 0.01018624659627676, "lowlevel.spectral_energyband_middle_low.stdev": 0.01435161754488945, "lowlevel.spectral_entropy.mean": 7.891271114349365, "lowlevel.spectral_entropy.stdev": 0.372443288564682, "lowlevel.spectral_flux.mean": 0.11513566225767136, "lowlevel.spectral_flux.stdev": 0.07055103033781052, "lowlevel.spectral_kurtosis.mean": 2.90759539604187, "lowlevel.spectral_kurtosis.stdev": 2.075995922088623, "lowlevel.spectral_rms.mean": 0.006057404447346926, "lowlevel.spectral_rms.stdev": 0.0022289359476417303, "lowlevel.spectral_rolloff.mean": 1381.6185302734375, "lowlevel.spectral_rolloff.stdev": 1624.8326416015625, "lowlevel.spectral_skewness.mean": 1.29644775390625, "lowlevel.spectral_skewness.stdev": 0.3892626166343689, "lowlevel.spectral_spread.mean": 5290178.5, "lowlevel.spectral_spread.stdev": 1474598.75, "lowlevel.spectral_strongpeak.mean": 0.9272890686988831, "lowlevel.spectral_strongpeak.stdev": 1.0951817035675049, "lowlevel.zerocrossingrate.mean": 0.0643124058842659, "lowlevel.zerocrossingrate.stdev": 0.04241027310490608, "metadata.audio_properties.analysis.equal_loudness": 0.0, "metadata.audio_properties.analysis.length": 32.04265213012695, "metadata.audio_properties.analysis.sample_rate": 44100.0, "metadata.audio_properties.analysis.start_time": 0.0, "metadata.audio_properties.bit_rate": 121538.0, "metadata.audio_properties.length": 32.042667388916016, "metadata.audio_properties.lossless": 0.0, "metadata.audio_properties.number_channels": 1.0, "metadata.audio_properties.replay_gain": -13.401514053344727, "metadata.audio_properties.sample_rate": 48000.0, "rhythm.beats_count": 88.0, "rhythm.beats_loudness.mean": 0.04414640739560127, "rhythm.beats_loudness.stdev": 0.019142532721161842, "rhythm.bpm": 165.9525146484375, "rhythm.bpm_histogram_first_peak_bpm": 167.0, "rhythm.bpm_histogram_first_peak_weight": 0.0, "rhythm.bpm_histogram_second_peak_bpm": 172.0, "rhythm.bpm_histogram_second_peak_spread": 0.0, "rhythm.bpm_histogram_second_peak_weight": 0.25287356972694397, "rhythm.danceability": 1.274321436882019, "rhythm.onset_rate": 3.7435483932495117, "tonal.chords_changes_rate": 0.07959479093551636, "tonal.chords_number_rate": 0.01157742366194725, "tonal.chords_strength.mean": 0.47121357917785645, "tonal.chords_strength.stdev": 0.07950153946876526, "tonal.hpcp_crest.mean": 12.54921817779541, "tonal.hpcp_crest.stdev": 5.528125762939453, "tonal.hpcp_entropy.mean": 2.117166519165039, "tonal.hpcp_entropy.stdev": 0.7694471478462219, "tonal.key_edma.strength": 0.3461250960826874, "tonal.key_krumhansl.strength": 0.34790104627609253, "tonal.key_temperley.strength": 0.35619398951530457, "tonal.tuning_diatonic_strength": 0.5283080339431763, "tonal.tuning_equal_tempered_deviation": 0.054139599204063416, "tonal.tuning_frequency": 441.0177917480469, "tonal.tuning_nontempered_energy_ratio": 0.7437127828598022, "lowlevel.barkbands.mean": [0.000519163440912962, 0.013176126405596733, 0.010509861633181572, 0.0012538442388176918, 0.0032360556069761515, 0.0008248153026215732, 0.0010430393740534782, 0.0005154311656951904, 0.002119560493156314, 0.002511166036128998, 0.000500157882925123, 0.0011377779301255941, 0.0007623954443261027, 0.0009723369730636477, 0.0004945703549310565, 0.000371514237485826, 0.0004889621050097048, 0.00039556543924845755, 0.00037693922058679163, 0.0002968956541735679, 0.00028322942671366036, 0.0002605912450235337, 0.00021575696882791817, 0.0002563917078077793, 0.0001221549027832225, 5.449929085443728e-05, 2.9534814984799596e-06], "lowlevel.barkbands.stdev": [0.0006616028258576989, 0.02104717493057251, 0.00950655434280634, 0.002439347794279456, 0.010928669944405556, 0.0018487544730305672, 0.0027911425568163395, 0.0012035134714096785, 0.004939926788210869, 0.005073812790215015, 0.000991550274193287, 0.0023779678158462048, 0.0017703073099255562, 0.0021983252372592688, 0.0010425769723951817, 0.00047828126116655767, 0.000574887206312269, 0.0003966961521655321, 0.0003088648954872042, 0.0002506518503651023, 0.0002239759633084759, 0.00019792556122411042, 0.00019866526417899877, 0.00038601463893428445, 0.0001600488758413121, 7.228269532788545e-05, 5.562687420024304e-06], "lowlevel.erbbands.mean": [0.27858611941337585, 3.3483517169952393, 12.049354553222656, 7.7827887535095215, 5.039555549621582, 15.559008598327637, 6.70377254486084, 8.06449031829834, 15.964387893676758, 10.872069358825684, 14.454384803771973, 42.17835235595703, 99.2332763671875, 34.65827941894531, 27.893117904663086, 44.11283874511719, 36.681060791015625, 42.572052001953125, 39.9932975769043, 23.030662536621094, 22.087291717529297, 28.988813400268555, 21.56437873840332, 21.3229923248291, 17.155517578125, 13.831849098205566, 11.865450859069824, 10.707621574401855, 9.892729759216309, 7.547807216644287, 5.901987552642822, 5.866215705871582, 3.7462542057037354, 1.7361832857131958, 0.6539730429649353, 0.2944513261318207, 0.08560746163129807, 0.015567630529403687, 0.0003823655133601278, 6.273235339904204e-05], "lowlevel.erbbands.stdev": [0.5676340460777283, 5.060438632965088, 11.136225700378418, 9.47745132446289, 13.157286643981934, 55.62715530395508, 16.68183708190918, 18.12782096862793, 42.303680419921875, 29.09337043762207, 33.64591979980469, 98.8523178100586, 194.50662231445312, 61.5150260925293, 54.235496520996094, 90.61968994140625, 77.84159851074219, 81.13523864746094, 94.33490753173828, 34.091819763183594, 22.167564392089844, 35.67214584350586, 21.555896759033203, 17.958463668823242, 14.084527969360352, 11.696405410766602, 9.520316123962402, 8.52511978149414, 7.59248161315918, 6.058964729309082, 5.7060227394104, 8.020580291748047, 6.087061405181885, 2.39404034614563, 0.8522958159446716, 0.42831289768218994, 0.10915078222751617, 0.019084202125668526, 0.0005018215160816908, 3.94857743231114e-05], "lowlevel.gfcc.mean": [30.913528442382812, 62.1730842590332, -110.54985046386719, 42.32752227783203, -51.2818717956543, 32.4555549621582, -26.82700538635254, 19.58805274963379, -23.34205436706543, 0.7089454531669617, -20.618755340576172, -0.35350164771080017, -16.906864166259766], "lowlevel.melbands.mean": [0.0030616747681051493, 0.00552421435713768, 0.0012799424584954977, 0.0007361221360042691, 0.00034797395346686244, 0.00018208386609330773, 0.00023735579452477396, 0.00011575845564948395, 0.0001250057975994423, 0.0003031141823157668, 0.0005053746863268316, 0.0001517677155788988, 7.866937812650576e-05, 0.00012170898116892204, 0.00010115309851244092, 7.499768253182992e-05, 8.169354259734973e-05, 7.421414193231612e-05, 3.306156941107474e-05, 2.6531835828791372e-05, 2.5449637178098783e-05, 3.0867598979966715e-05, 2.2999194698059e-05, 1.7461597963119857e-05, 1.7416357877664268e-05, 1.3483099792210851e-05, 1.126756706071319e-05, 8.546709068468772e-06, 7.311164154089056e-06, 7.100540187821025e-06, 5.8237187658960465e-06, 5.877303465240402e-06, 4.550006451609079e-06, 4.074265689268941e-06, 3.3353769595123595e-06, 3.3321296086796792e-06, 3.7389877434179652e-06, 2.8484498670877656e-06, 1.911053004732821e-06, 1.3118678907630965e-06], "lowlevel.melbands.stdev": [0.005408512428402901, 0.005689053330570459, 0.0014530271291732788, 0.002544041955843568, 0.000998097937554121, 0.0004162259865552187, 0.0006177177419885993, 0.00028028019005432725, 0.00032968309824354947, 0.0007100140792317688, 0.0009826422901824117, 0.00030599627643823624, 0.00015508347132708877, 0.0002550725475884974, 0.00026887201238423586, 0.00016613290063105524, 0.00017328716057818383, 0.00019109301501885056, 5.5497122957604006e-05, 4.165623977314681e-05, 2.5981376893469132e-05, 4.0378938138019294e-05, 2.5366174668306485e-05, 1.753023207129445e-05, 1.5142003576329444e-05, 1.212335246236762e-05, 1.0179611308558378e-05, 7.63858770369552e-06, 6.267937351367436e-06, 5.827936092828168e-06, 4.946321041643387e-06, 4.783681106346194e-06, 3.633211008491344e-06, 3.5670962006406626e-06, 3.327870217617601e-06, 3.7278914533089846e-06, 5.733640591643052e-06, 4.837873348151334e-06, 2.9160310077713802e-06, 1.8340296037422377e-06], "lowlevel.melbands128.mean": [0.0002649638045113534, 0.0018421155400574207, 0.003872417379170656, 0.006052903365343809, 0.0068803285248577595, 0.004553118720650673, 0.0015826974995434284, 0.00048101379070430994, 0.00036253093276172876, 0.0007839442114345729, 0.0010733220260590315, 0.0004939566133543849, 0.0001623639982426539, 0.00012777198571711779, 0.00015469154459424317, 0.00022370042279362679, 0.0002722228819038719, 0.00026671544765122235, 0.0001627644815016538, 9.835191303864121e-05, 0.00010156309144804254, 0.0001331150415353477, 9.274124749936163e-05, 0.00016114735626615584, 0.00022155953047331423, 0.0003412037331145257, 0.0005536226672120392, 0.0005816518678329885, 0.00046210442087613046, 0.0001533724571345374, 6.602855864912271e-05, 6.816055974923074e-05, 7.442838250426576e-05, 7.719930727034807e-05, 0.0001383138442179188, 0.00012378234532661736, 0.0001149010204244405, 0.00012126431101933122, 7.35182038624771e-05, 7.427369564538822e-05, 7.778588769724593e-05, 7.2343616920989e-05, 6.399571429938078e-05, 9.923767356667668e-05, 0.00010869376274058595, 6.496970308944583e-05, 4.271279613021761e-05, 2.8814562028856017e-05, 3.1998552003642544e-05, 3.184389788657427e-05, 2.438105184410233e-05, 2.2114672901807353e-05, 2.745731035247445e-05, 2.521871829230804e-05, 2.4836081138346344e-05, 3.631832805695012e-05, 3.188138362020254e-05, 2.2268000975600444e-05, 2.279836917296052e-05, 1.7807604308472946e-05, 1.5082363461260684e-05, 1.910446007968858e-05, 1.88166322914185e-05, 1.6894502550712787e-05, 1.5124494893825613e-05, 1.4291425031842664e-05, 1.1661052667477634e-05, 1.1101102245447692e-05, 1.1818140592367854e-05, 1.1045090104744304e-05, 7.828632078599185e-06, 7.758250831102487e-06, 7.665169505344238e-06, 7.273140454344684e-06, 6.718638815073064e-06, 7.803362677805126e-06, 6.910046067787334e-06, 6.076395038689952e-06, 5.848538421560079e-06, 5.061824140284443e-06, 6.501079496956663e-06, 6.109913101681741e-06, 4.808503490494331e-06, 4.589531727106078e-06, 3.9405704228556715e-06, 4.422902293299558e-06, 3.980406745540677e-06, 3.6909200389345642e-06, 3.1936567665979965e-06, 3.2488017041032435e-06, 3.129156766590313e-06, 3.341353476571385e-06, 3.6451290270633763e-06, 3.860374363284791e-06, 3.869714419124648e-06, 3.1577587833453435e-06, 2.6924799385597e-06, 2.2585813894693274e-06, 1.985306198548642e-06, 1.7041970750142355e-06, 1.4862982880003983e-06, 1.3272010619402863e-06, 1.0097718359247665e-06, 7.634828875779931e-07, 5.687480779670295e-07, 6.479720013885526e-07, 8.041010346460098e-07, 6.221291073416069e-07, 4.4289475908954046e-07, 4.3897557588934433e-07, 3.7088418025632564e-07, 2.6975652644978254e-07, 2.506739917862433e-07, 2.405604959676566e-07, 1.974323140530032e-07, 1.9204229317892896e-07, 1.0755713475418816e-07, 2.2811555311363918e-08, 1.2553460007613815e-11, 9.029285132078346e-12, 8.644443667826796e-12, 8.319583737204095e-12, 7.969251994421889e-12, 7.570276870649817e-12, 6.742832420886247e-12, 5.627653291290224e-12, 5.0597919951100856e-12, 4.956221631019497e-12], "lowlevel.melbands128.stdev": [0.000511100806761533, 0.0042639379389584064, 0.00826436746865511, 0.009150827303528786, 0.006875273771584034, 0.004330754745751619, 0.0021517358254641294, 0.0010320119326934218, 0.0010336843552067876, 0.002996775321662426, 0.003957959823310375, 0.001546288374811411, 0.0004253294027876109, 0.00027941656298935413, 0.0003649181453511119, 0.000761859177146107, 0.0008559147827327251, 0.0008958091493695974, 0.0005774989258497953, 0.000422665907535702, 0.0002450974134262651, 0.00031291836057789624, 0.0003796260862145573, 0.0006611205753870308, 0.0007769668591208756, 0.0011563616571947932, 0.001558303483761847, 0.001549509004689753, 0.001110791927203536, 0.0004374202399048954, 0.00017557690443936735, 0.0001524422550573945, 0.00017837942868936807, 0.00023656593111809343, 0.00040148559492081404, 0.00033389925374649465, 0.000328777328832075, 0.0004749016079585999, 0.00026848469860851765, 0.00024801629479043186, 0.00022311600332614034, 0.00021874616504646838, 0.0001783000334398821, 0.00032016049954108894, 0.00037186904228292406, 0.00022916898888070136, 0.00013797996507491916, 6.315659993560985e-05, 5.6709570344537497e-05, 6.963565101614222e-05, 5.0915674364659935e-05, 3.0850009352434427e-05, 3.663586176116951e-05, 3.0129693186609074e-05, 3.374127845745534e-05, 6.00179482717067e-05, 5.666306606144644e-05, 3.0437855457421392e-05, 3.387028118595481e-05, 2.36468968068948e-05, 2.0319546820246615e-05, 2.279777436342556e-05, 2.1092479073558934e-05, 1.6824293197714724e-05, 1.852411514846608e-05, 1.620697366888635e-05, 1.1693254236888606e-05, 1.2459219760785345e-05, 1.2590189726324752e-05, 1.2079723092028871e-05, 8.893318408809137e-06, 8.028282536542974e-06, 7.74616637500003e-06, 7.60236525820801e-06, 6.718337317579426e-06, 7.575500148959691e-06, 6.3475786191702355e-06, 6.076433692214778e-06, 5.925417553953594e-06, 5.0442081374058034e-06, 6.406131433323026e-06, 5.555020379688358e-06, 4.398011697048787e-06, 4.283107500668848e-06, 3.7361037357186433e-06, 4.291068762540817e-06, 4.0442882891511545e-06, 4.10152051699697e-06, 3.5717011996894144e-06, 3.982877387898043e-06, 3.628691729318234e-06, 4.272112619219115e-06, 5.188812338019488e-06, 6.12899566476699e-06, 7.372056643362157e-06, 4.976330274075735e-06, 5.303897069097729e-06, 4.500024260778446e-06, 3.333965423735208e-06, 2.3944821805343963e-06, 2.2588019419345073e-06, 2.018922032220871e-06, 1.5878633803367848e-06, 1.1936534747292171e-06, 9.011721999740985e-07, 9.045413662533974e-07, 1.1530314623087179e-06, 9.672867236076854e-07, 8.982693202597147e-07, 6.897943194417167e-07, 5.785849452877301e-07, 3.94931362279749e-07, 3.5169728107575793e-07, 3.2671658800609293e-07, 2.6763510163618776e-07, 2.50029273729524e-07, 1.794101791574576e-07, 8.828114061998349e-08, 1.0913181469618394e-10, 8.713968435714037e-11, 8.324077538368613e-11, 7.967387166685214e-11, 7.545676583564642e-11, 6.865678164880151e-11, 4.8408849845360535e-11, 1.9242553730980383e-11, 7.749031451231847e-12, 7.304159881094119e-12], "lowlevel.mfcc.mean": [-611.5526123046875, 90.78490447998047, 4.949934005737305, 20.20116424560547, 7.851296424865723, 13.19891357421875, 11.34689998626709, 17.17136001586914, 7.165557384490967, 6.818146705627441, 2.7546277046203613, 1.1141592264175415, -3.690415620803833], "lowlevel.spectral_contrast_coeffs.mean": [-0.6695596575737, -0.7840287089347839, -0.768220841884613, -0.8089147210121155, -0.8085513114929199, -0.7490898966789246], "lowlevel.spectral_contrast_coeffs.stdev": [0.06858710944652557, 0.07708395272493362, 0.07503662258386612, 0.04712878167629242, 0.03060753084719181, 0.04086900129914284], "lowlevel.spectral_contrast_valleys.mean": [-6.88862943649292, -6.875538349151611, -6.998297691345215, -7.227044105529785, -7.0153117179870605, -9.60922622680664], "lowlevel.spectral_contrast_valleys.stdev": [0.9054998755455017, 0.747649610042572, 0.7804639339447021, 0.7653437256813049, 0.721531331539154, 0.7417527437210083], "rhythm.beats_loudness_band_ratio.mean": [0.4599853754043579, 0.2081649899482727, 0.10527750849723816, 0.11489656567573547, 0.0665946677327156, 0.0666511207818985], "rhythm.beats_loudness_band_ratio.stdev": [0.26667195558547974, 0.20276780426502228, 0.1173805221915245, 0.113761305809021, 0.05606307461857796, 0.09199228137731552], "tonal.hpcp.mean": [0.2753376364707947, 0.15847963094711304, 0.07434182614088058, 0.09550182521343231, 0.13108323514461517, 0.17667166888713837, 0.1864599585533142, 0.11287723481655121, 0.056588802486658096, 0.04269244521856308, 0.03468132019042969, 0.053914111107587814, 0.07622559368610382, 0.056849848479032516, 0.0354175828397274, 0.03550831973552704, 0.03267018124461174, 0.03880588710308075, 0.04399969428777695, 0.03900228813290596, 0.05278775840997696, 0.07155363261699677, 0.07313375920057297, 0.09228938072919846, 0.10327964276075363, 0.09030301868915558, 0.12932682037353516, 0.23407651484012604, 0.20897841453552246, 0.10185747593641281, 0.08153021335601807, 0.07781186699867249, 0.0836939588189125, 0.1074555367231369, 0.12608487904071808, 0.21997061371803284], "tonal.hpcp.stdev": [0.39572250843048096, 0.2639384865760803, 0.1949160248041153, 0.21798549592494965, 0.2800067365169525, 0.29203495383262634, 0.3329470455646515, 0.22869709134101868, 0.16293014585971832, 0.13267068564891815, 0.10660704225301743, 0.12909646332263947, 0.15650831162929535, 0.12921157479286194, 0.09564635902643204, 0.10467544198036194, 0.09666469693183899, 0.10450723022222519, 0.11044413596391678, 0.10338602215051651, 0.13459980487823486, 0.16783778369426727, 0.17426013946533203, 0.2069978266954422, 0.23739859461784363, 0.20477326214313507, 0.2441815584897995, 0.35657206177711487, 0.32859882712364197, 0.2089339643716812, 0.19487836956977844, 0.18145456910133362, 0.16921953856945038, 0.1941470503807068, 0.2353559136390686, 0.3179309070110321], "rhythm.beats_position": [0.3599092960357666, 0.7314285635948181, 1.1377778053283691, 1.5441269874572754, 1.9504761695861816, 2.321995496749878, 2.693514585494995, 3.0534238815307617, 3.4133331775665283, 3.773242473602295, 4.133152008056641, 4.481451034545898, 4.841360569000244, 5.201269626617432, 5.549569129943848, 5.8978681564331055, 6.257777690887451, 6.617686748504639, 6.977596282958984, 7.337505340576172, 7.709024906158447, 8.068934440612793, 8.41723346710205, 8.777142524719238, 9.125441551208496, 9.4853515625, 9.845260620117188, 10.205169677734375, 10.565078735351562, 10.924988746643066, 11.284897804260254, 11.644806861877441, 12.004715919494629, 12.353015899658203, 12.701314926147461, 13.061223983764648, 13.421133995056152, 13.78104305267334, 14.140952110290527, 14.500861167907715, 14.860771179199219, 15.209070205688477, 15.568979263305664, 15.928888320922852, 16.28879737854004, 16.648706436157227, 16.997007369995117, 17.356916427612305, 17.716825485229492, 18.08834457397461, 18.436643600463867, 18.796552658081055, 19.156461715698242, 19.5047607421875, 19.87628173828125, 20.224580764770508, 20.572879791259766, 20.944398880004883, 21.29269790649414, 21.652606964111328, 22.012516021728516, 22.372425079345703, 22.732336044311523, 23.09224510192871, 23.4521541595459, 23.800453186035156, 24.148752212524414, 24.5086612701416, 24.86857032775879, 25.240089416503906, 25.600000381469727, 25.959909439086914, 26.308208465576172, 26.66811752319336, 27.028026580810547, 27.376325607299805, 27.736234664916992, 28.09614372253418, 28.4560546875, 28.804353713989258, 29.164262771606445, 29.512561798095703, 29.88408088684082, 30.243989944458008, 30.603899002075195, 30.952198028564453, 31.300498962402344, 31.66040802001953], "rhythm.bpm_histogram": [0.0, 0.0, 0.0, 0.0, 0.0, 0.0, 0.0, 0.0, 0.0, 0.0, 0.0, 0.0, 0.0, 0.0, 0.0, 0.0, 0.0, 0.0, 0.0, 0.0, 0.0, 0.0, 0.0, 0.0, 0.0, 0.0, 0.0, 0.0, 0.0, 0.0, 0.0, 0.0, 0.0, 0.0, 0.0, 0.0, 0.0, 0.0, 0.0, 0.0, 0.0, 0.0, 0.0, 0.0, 0.0, 0.0, 0.0, 0.0, 0.0, 0.0, 0.0, 0.0, 0.0, 0.0, 0.0, 0.0, 0.0, 0.0, 0.0, 0.0, 0.0, 0.0, 0.0, 0.0, 0.0, 0.0, 0.0, 0.0, 0.0, 0.0, 0.0, 0.0, 0.0, 0.0, 0.0, 0.0, 0.0, 0.0, 0.0, 0.0, 0.0, 0.0, 0.0, 0.0, 0.0, 0.0, 0.0, 0.0, 0.0, 0.0, 0.0, 0.0, 0.0, 0.0, 0.0, 0.0, 0.0, 0.0, 0.0, 0.0, 0.0, 0.0, 0.0, 0.0, 0.0, 0.0, 0.0, 0.0, 0.0, 0.0, 0.0, 0.0, 0.0, 0.0, 0.0, 0.0, 0.0, 0.0, 0.0, 0.0, 0.0, 0.0, 0.0, 0.0, 0.0, 0.0, 0.0, 0.0, 0.0, 0.0, 0.0, 0.0, 0.0, 0.0, 0.0, 0.0, 0.0, 0.0, 0.0, 0.0, 0.0, 0.0, 0.0, 0.0, 0.0, 0.0, 0.0, 0.0, 0.03448275849223137, 0.0, 0.0, 0.0, 0.0, 0.0, 0.0, 0.0, 0.0, 0.0, 0.0, 0.0, 0.0, 0.1034482792019844, 0.0, 0.0, 0.0, 0.0, 0.0, 0.6091954112052917, 0.0, 0.0, 0.0, 0.0, 0.25287356972694397, 0.0, 0.0, 0.0, 0.0, 0.0, 0.0, 0.0, 0.0, 0.0, 0.0, 0.0, 0.0, 0.0, 0.0, 0.0, 0.0, 0.0, 0.0, 0.0, 0.0, 0.0, 0.0, 0.0, 0.0, 0.0, 0.0, 0.0, 0.0, 0.0, 0.0, 0.0, 0.0, 0.0, 0.0, 0.0, 0.0, 0.0, 0.0, 0.0, 0.0, 0.0, 0.0, 0.0, 0.0, 0.0, 0.0, 0.0, 0.0, 0.0, 0.0, 0.0, 0.0, 0.0, 0.0, 0.0, 0.0, 0.0, 0.0, 0.0, 0.0, 0.0, 0.0, 0.0, 0.0, 0.0, 0.0, 0.0, 0.0, 0.0, 0.0, 0.0, 0.0, 0.0, 0.0, 0.0, 0.0, 0.0], "tonal.chords_histogram": [13.169320106506348, 0.0, 14.327062606811523, 0.8683068156242371, 1.1577423810958862, 0.0, 4.052098274230957, 0.0, 7.235889911651611, 0.14471779763698578, 0.0, 0.0, 0.0, 0.0, 0.0, 0.0, 0.0, 0.0, 0.0, 13.892909049987793, 2.460202693939209, 0.8683068156242371, 0.14471779763698578, 41.67872619628906], "tonal.thpcp": [1.0, 0.5755828619003296, 0.27000242471694946, 0.34685349464416504, 0.4760817885398865, 0.6416546106338501, 0.6772047877311707, 0.4099593460559845, 0.20552513003349304, 0.15505488216876984, 0.12595924735069275, 0.19581089913845062, 0.2768440842628479, 0.2064732164144516, 0.1286332756280899, 0.12896282970905304, 0.11865498125553131, 0.14093928039073944, 0.15980269014835358, 0.14165258407592773, 0.19172009825706482, 0.25987595319747925, 0.2656148374080658, 0.3351862132549286, 0.37510180473327637, 0.3279719352722168, 0.46970266103744507, 0.850143551826477, 0.7589896321296692, 0.36993661522865295, 0.2961099445819855, 0.28260526061058044, 0.3039684593677521, 0.3902682363986969, 0.45792824029922485, 0.7989122867584229], "lowlevel.gfcc.cov": [[4380.38671875, 57.97196578979492, -427.4656677246094, -19.225814819335938, 9.979193687438965, 127.70625305175781, 87.55400848388672, 38.52756118774414, 19.653844833374023, 88.42803192138672, -92.56194305419922, 56.631561279296875, -28.93368911743164], [57.97196578979492, 1016.2926025390625, 39.106197357177734, 59.09516906738281, 183.47740173339844, 11.465583801269531, 139.59669494628906, -75.1566162109375, 49.05437088012695, -87.81816864013672, -15.921030044555664, -80.34495544433594, 56.101741790771484], [-427.4656677246094, 39.106197357177734, 710.841552734375, 380.534912109375, 123.60121154785156, 56.436492919921875, -40.12174606323242, 11.581228256225586, -40.769657135009766, -14.654913902282715, -26.257665634155273, -32.552242279052734, 6.508874893188477], [-19.225814819335938, 59.09516906738281, 380.534912109375, 540.76806640625, 163.61563110351562, 87.64018249511719, 45.07365417480469, 12.132018089294434, 37.4117546081543, -11.948326110839844, -5.588789939880371, -38.384925842285156, 31.60662269592285], [9.979193687438965, 183.47740173339844, 123.60121154785156, 163.61563110351562, 281.938232421875, 141.0196533203125, 123.22024536132812, 55.050655364990234, 54.456634521484375, 6.714313507080078, -9.068575859069824, -36.16560363769531, 10.327108383178711], [127.70625305175781, 11.465583801269531, 56.436492919921875, 87.64018249511719, 141.0196533203125, 210.32968139648438, 157.6969757080078, 86.82542419433594, 28.90314483642578, -10.594242095947266, -18.461986541748047, -25.88697052001953, -8.165613174438477], [87.55400848388672, 139.59669494628906, -40.12174606323242, 45.07365417480469, 123.22024536132812, 157.6969757080078, 268.75714111328125, 106.52388000488281, 49.58675765991211, -32.44845962524414, -12.143592834472656, -8.161811828613281, 0.4012174606323242], [38.52756118774414, -75.1566162109375, 11.581228256225586, 12.132018089294434, 55.050655364990234, 86.82542419433594, 106.52388000488281, 135.51104736328125, 59.67213439941406, 16.631364822387695, -4.449705123901367, 8.973767280578613, -3.307572364807129], [19.653844833374023, 49.05437088012695, -40.769657135009766, 37.4117546081543, 54.456634521484375, 28.90314483642578, 49.58675765991211, 59.67213439941406, 134.74554443359375, 60.84860610961914, 32.1948127746582, -2.9697351455688477, 9.576746940612793], [88.42803192138672, -87.81816864013672, -14.654913902282715, -11.948326110839844, 6.714313507080078, -10.594242095947266, -32.44845962524414, 16.631364822387695, 60.84860610961914, 122.14895629882812, 50.47385787963867, 24.071027755737305, -3.1272807121276855], [-92.56194305419922, -15.921030044555664, -26.257665634155273, -5.588789939880371, -9.068575859069824, -18.461986541748047, -12.143592834472656, -4.449705123901367, 32.1948127746582, 50.47385787963867, 94.2942886352539, 39.97907638549805, 1.6925376653671265], [56.631561279296875, -80.34495544433594, -32.552242279052734, -38.384925842285156, -36.16560363769531, -25.88697052001953, -8.161811828613281, 8.973767280578613, -2.9697351455688477, 24.071027755737305, 39.97907638549805, 83.06669616699219, 22.99016571044922], [-28.93368911743164, 56.101741790771484, 6.508874893188477, 31.60662269592285, 10.327108383178711, -8.165613174438477, 0.4012174606323242, -3.307572364807129, 9.576746940612793, -3.1272807121276855, 1.6925376653671265, 22.99016571044922, 67.72826385498047]], "lowlevel.gfcc.icov": [[0.0003389409394003451, -0.0002878961677197367, 0.0004648075846489519, -0.00042187541839666665, 0.00021526936325244606, -0.0005476188380271196, 0.0003448412462603301, -0.00020370476704556495, 0.0003343685530126095, -0.0007616411312483251, 0.0010389764793217182, -0.0009914357215166092, 0.0006527678342536092], [-0.0002878961677197367, 0.0024641675408929586, -0.0010760866571217775, 0.0013197977095842361, -0.0016092016594484448, 0.001988043775781989, -0.0025752661749720573, 0.0031985738314688206, -0.002171889180317521, 0.002265675226226449, -0.0016732276417315006, 0.002861794549971819, -0.002538018161430955], [0.0004648075846489519, -0.0010760866571217775, 0.0036739560309797525, -0.002871196484193206, 3.902908065356314e-05, -0.0012426102766767144, 0.0025307710748165846, -0.0029286006465554237, 0.0031215131748467684, -0.0018647772958502173, 0.0016998108476400375, -0.001706591690890491, 0.0017723024357110262], [-0.00042187541839666665, 0.0013197977095842361, -0.002871196484193206, 0.004776487126946449, -0.001573199057020247, 0.0007084814715199172, -0.0018044882453978062, 0.0030139314476400614, -0.003115476341918111, 0.0024666967801749706, -0.0021782105322927237, 0.002750502433627844, -0.003068184247240424], [0.00021526936325244606, -0.0016092016594484448, 3.902908065356314e-05, -0.001573199057020247, 0.007905548438429832, -0.004451972432434559, 0.00011950411862926558, -0.0008863905677571893, -3.3668755349935964e-05, -0.002555065555498004, 0.0011557991383597255, -0.00014659774024039507, 0.00027682443032972515], [-0.0005476188380271196, 0.001988043775781989, -0.0012426102766767144, 0.0007084814715199172, -0.004451972432434559, 0.014030516147613525, -0.006719499360769987, -0.0017078204546123743, 0.0011861918028444052, 0.000896866840776056, -0.002298516919836402, 0.005449954885989428, -0.0016839528689160943], [0.0003448412462603301, -0.0025752661749720573, 0.0025307710748165846, -0.0018044882453978062, 0.00011950411862926558, -0.006719499360769987, 0.01234988309442997, -0.007203118875622749, 0.0007983632967807353, 0.0018334009218961, 0.0010359067237004638, -0.0044753351248800755, 0.0030911199282854795], [-0.00020370476704556495, 0.0031985738314688206, -0.0029286006465554237, 0.0030139314476400614, -0.0008863905677571893, -0.0017078204546123743, -0.007203118875622749, 0.02087918110191822, -0.01034627202898264, 0.001980156172066927, 0.0029342726338654757, -0.002621587598696351, -0.000499044603202492], [0.0003343685530126095, -0.002171889180317521, 0.0031215131748467684, -0.003115476341918111, -3.3668755349935964e-05, 0.0011861918028444052, 0.0007983632967807353, -0.01034627202898264, 0.01907583326101303, -0.009208476170897484, -0.0028481651097536087, 0.004210720770061016, -0.0017466965364292264], [-0.0007616411312483251, 0.002265675226226449, -0.0018647772958502173, 0.0024666967801749706, -0.002555065555498004, 0.000896866840776056, 0.0018334009218961, 0.001980156172066927, -0.009208476170897484, 0.018350742757320404, -0.007224478293210268, 0.0001714718819130212, -0.00031873301486484706], [0.0010389764793217182, -0.0016732276417315006, 0.0016998108476400375, -0.0021782105322927237, 0.0011557991383597255, -0.002298516919836402, 0.0010359067237004638, 0.0029342726338654757, -0.0028481651097536087, -0.007224478293210268, 0.022075355052947998, -0.013520102016627789, 0.006473640911281109], [-0.0009914357215166092, 0.002861794549971819, -0.001706591690890491, 0.002750502433627844, -0.00014659774024039507, 0.005449954885989428, -0.0044753351248800755, -0.002621587598696351, 0.004210720770061016, 0.0001714718819130212, -0.013520102016627789, 0.02777213603258133, -0.013012506999075413], [0.0006527678342536092, -0.002538018161430955, 0.0017723024357110262, -0.003068184247240424, 0.00027682443032972515, -0.0016839528689160943, 0.0030911199282854795, -0.000499044603202492, -0.0017466965364292264, -0.00031873301486484706, 0.006473640911281109, -0.013012506999075413, 0.022607209160923958]], "lowlevel.mfcc.cov": [[4771.533203125, -24.657705307006836, -478.11883544921875, -115.37586212158203, -162.2008819580078, 100.4268569946289, -18.009971618652344, 23.613414764404297, 87.88704681396484, 41.2762451171875, -13.41557788848877, 56.037906646728516, -10.803736686706543], [-24.657705307006836, 848.1025390625, -91.56733703613281, 11.436700820922852, 6.314555644989014, 69.80113983154297, 35.64231872558594, 30.00493049621582, 37.437923431396484, -13.710370063781738, 27.062803268432617, -59.616798400878906, -55.531673431396484], [-478.11883544921875, -91.56733703613281, 552.8085327148438, 265.28759765625, 163.97105407714844, 48.801025390625, 33.069454193115234, -11.40839672088623, 0.5753485560417175, -5.011117935180664, -56.103702545166016, 1.660194993019104, 14.800128936767578], [-115.37586212158203, 11.436700820922852, 265.28759765625, 373.89398193359375, 162.83775329589844, 108.12771606445312, 35.88566589355469, 20.464580535888672, 45.43069076538086, 28.58924102783203, -28.55864143371582, 17.032760620117188, 25.560945510864258], [-162.2008819580078, 6.314555644989014, 163.97105407714844, 162.83775329589844, 232.78079223632812, 87.65798950195312, 38.021873474121094, 1.0846015214920044, 40.37361145019531, 51.22810363769531, 8.449156761169434, 3.1868691444396973, 0.956393837928772], [100.4268569946289, 69.80113983154297, 48.801025390625, 108.12771606445312, 87.65798950195312, 163.22586059570312, 101.01717376708984, 66.84436798095703, 67.92212677001953, 49.87345886230469, 14.471982955932617, 17.850862503051758, -3.0741422176361084], [-18.009971618652344, 35.64231872558594, 33.069454193115234, 35.88566589355469, 38.021873474121094, 101.01717376708984, 179.5689697265625, 125.34575653076172, 71.6368637084961, 30.71816062927246, 23.040864944458008, 11.112049102783203, -12.006245613098145], [23.613414764404297, 30.00493049621582, -11.40839672088623, 20.464580535888672, 1.0846015214920044, 66.84436798095703, 125.34575653076172, 187.251953125, 95.74642181396484, 42.88256072998047, 13.743680953979492, 17.019792556762695, -4.0450286865234375], [87.88704681396484, 37.437923431396484, 0.5753485560417175, 45.43069076538086, 40.37361145019531, 67.92212677001953, 71.6368637084961, 95.74642181396484, 151.2093505859375, 71.66157531738281, 25.523605346679688, 21.407541275024414, 2.9811127185821533], [41.2762451171875, -13.710370063781738, -5.011117935180664, 28.58924102783203, 51.22810363769531, 49.87345886230469, 30.71816062927246, 42.88256072998047, 71.66157531738281, 105.85446166992188, 49.77602005004883, 24.242820739746094, -0.29411423206329346], [-13.41557788848877, 27.062803268432617, -56.103702545166016, -28.55864143371582, 8.449156761169434, 14.471982955932617, 23.040864944458008, 13.743680953979492, 25.523605346679688, 49.77602005004883, 92.47212982177734, 37.28754425048828, 11.09891128540039], [56.037906646728516, -59.616798400878906, 1.660194993019104, 17.032760620117188, 3.1868691444396973, 17.850862503051758, 11.112049102783203, 17.019792556762695, 21.407541275024414, 24.242820739746094, 37.28754425048828, 103.68179321289062, 67.69771575927734], [-10.803736686706543, -55.531673431396484, 14.800128936767578, 25.560945510864258, 0.956393837928772, -3.0741422176361084, -12.006245613098145, -4.0450286865234375, 2.9811127185821533, -0.29411423206329346, 11.09891128540039, 67.69771575927734, 92.75476837158203]], "lowlevel.mfcc.icov": [[0.0002554233360569924, 4.279187851352617e-05, 0.00025458671734668314, -5.140750727150589e-05, 0.00017375238530803472, -0.00034020442399196327, 0.0001086175034288317, 0.0001362574112135917, -0.00017065896827261895, -4.2269584810128435e-05, 0.0003202296793460846, -0.0003090663522016257, 0.00022845603234600276], [4.279187851352617e-05, 0.0014758540783077478, 0.00027864528237842023, -0.0001986556890187785, 7.570003072032705e-05, -0.0010930796852335334, 0.0005638446309603751, -0.00019633062765933573, -0.0006178008043207228, 0.0014405961846932769, -0.001340270508080721, 0.0010671457275748253, 0.00033220130717381835], [0.00025458671734668314, 0.00027864528237842023, 0.003607700578868389, -0.0020469152368605137, -0.0011998199624940753, 0.0010510132415220141, -0.0014162914594635367, 0.0007998650544323027, 0.00018479052232578397, -9.338100426248275e-07, 0.001933825435116887, -0.0008702492341399193, 0.00048148201312869787], [-5.140750727150589e-05, -0.0001986556890187785, -0.0020469152368605137, 0.005873835179954767, -0.0018654295708984137, -0.0028916453011333942, 0.001673637656494975, -0.0007328890496864915, -0.0004491422150749713, 0.00012949371011927724, 0.0011217516148462892, 0.000132091881823726, -0.0015247135888785124], [0.00017375238530803472, 7.570003072032705e-05, -0.0011998199624940753, -0.0018654295708984137, 0.008324436843395233, -0.0026045578997582197, -0.0005458247032947838, 0.0021311230957508087, -0.0004409327812027186, -0.0027903488371521235, -0.000728386512491852, 0.0013677456881850958, -0.00028457504231482744], [-0.00034020442399196327, -0.0010930796852335334, 0.0010510132415220141, -0.0028916453011333942, -0.0026045578997582197, 0.015583095140755177, -0.008054044097661972, 0.0016332613304257393, -0.0004015129234176129, -0.0039991941303014755, 0.0028137904591858387, -0.002763750497251749, 0.0011878176592290401], [0.0001086175034288317, 0.0005638446309603751, -0.0014162914594635367, 0.001673637656494975, -0.0005458247032947838, -0.008054044097661972, 0.016406558454036713, -0.00891659315675497, -0.0008007751312106848, 0.005138015374541283, -0.00501816114410758, 0.0008290630648843944, 0.0016259122639894485], [0.0001362574112135917, -0.00019633062765933573, 0.0007998650544323027, -0.0007328890496864915, 0.0021311230957508087, 0.0016332613304257393, -0.00891659315675497, 0.013775408267974854, -0.004694279748946428, -0.0026970396284013987, 0.0034020182210952044, -0.001573883113451302, 0.0003353475476615131], [-0.00017065896827261895, -0.0006178008043207228, 0.00018479052232578397, -0.0004491422150749713, -0.0004409327812027186, -0.0004015129234176129, -0.0008007751312106848, -0.004694279748946428, 0.013994497247040272, -0.007489190902560949, 0.0015163545031100512, -0.0002085153537336737, -0.0011153799714520574], [-4.2269584810128435e-05, 0.0014405961846932769, -9.338100426248275e-07, 0.00012949371011927724, -0.0027903488371521235, -0.0039991941303014755, 0.005138015374541283, -0.0026970396284013987, -0.007489190902560949, 0.022686807438731194, -0.010706884786486626, -0.000532066507730633, 0.0032478354405611753], [0.0003202296793460846, -0.001340270508080721, 0.001933825435116887, 0.0011217516148462892, -0.000728386512491852, 0.0028137904591858387, -0.00501816114410758, 0.0034020182210952044, 0.0015163545031100512, -0.010706884786486626, 0.02162853255867958, -0.008255803026258945, 0.001571598812006414], [-0.0003090663522016257, 0.0010671457275748253, -0.0008702492341399193, 0.000132091881823726, 0.0013677456881850958, -0.002763750497251749, 0.0008290630648843944, -0.001573883113451302, -0.0002085153537336737, -0.000532066507730633, -0.008255803026258945, 0.025012031197547913, -0.016623985022306442], [0.00022845603234600276, 0.00033220130717381835, 0.00048148201312869787, -0.0015247135888785124, -0.00028457504231482744, 0.0011878176592290401, 0.0016259122639894485, 0.0003353475476615131, -0.0011153799714520574, 0.0032478354405611753, 0.001571598812006414, -0.016623985022306442, 0.02360856905579567]], "metadata.audio_properties.analysis.downmix": "mix", "metadata.audio_properties.codec": "mp3", "metadata.audio_properties.md5_encoded": "c8f7bf36019f3330bc9a2c54dbb36879", "metadata.tags.file_name": "1182280706307657728.mp3", "metadata.versio