{"song_id": "1182269179521413140", "download": "https://cdn.discordapp.com/attachments/1135903449314238464/1182269179521413140/chirp.mp4?ex=658414f9&amp", "lyrics": "\u041c\u043e\u0439 \u0434\u0440\u0443\u0433, \u043f\u043e\u0441\u0442\u043e\u0439, \u0442\u044b \u0437\u043d\u0430\u0435\u0448\u044c \u0441\u0430\u043c, \n\u041f\u0440\u0438\u0448\u043b\u0430 \u043f\u043e\u0440\u0430 \u0432\u0435\u0440\u043d\u0443\u0442\u044c\u0441\u044f \u0434\u043e\u043c\u043e\u0439. \n\u041e\u0441\u0442\u0430\u0432\u044c \u0448\u0442\u0443\u0440\u0432\u0430\u043b, \u0431\u0440\u043e\u0441\u044c \u044f\u043a\u043e\u0440\u044f \n\u0418 \u043f\u043e\u043a\u043e\u0440\u0451\u043d\u043d\u044b\u0435 \u043c\u043e\u0440\u044f.", "style": ["hip</span><span>-hop"], "essentia_features": {"lowlevel.average_loudness": 0.3604215383529663, "lowlevel.barkbands_crest.mean": 11.536376953125, "lowlevel.barkbands_crest.stdev": 4.151576519012451, "lowlevel.barkbands_flatness_db.mean": 0.20636586844921112, "lowlevel.barkbands_flatness_db.stdev": 0.08500552922487259, "lowlevel.barkbands_kurtosis.mean": 9.411957740783691, "lowlevel.barkbands_kurtosis.stdev": 13.264277458190918, "lowlevel.barkbands_skewness.mean": 2.0082216262817383, "lowlevel.barkbands_skewness.stdev": 1.8943308591842651, "lowlevel.barkbands_spread.mean": 21.544076919555664, "lowlevel.barkbands_spread.stdev": 20.20987892150879, "lowlevel.dissonance.mean": 0.42972999811172485, "lowlevel.dissonance.stdev": 0.0523102805018425, "lowlevel.dynamic_complexity": 6.226167678833008, "lowlevel.erbbands_crest.mean": 9.949751853942871, "lowlevel.erbbands_crest.stdev": 4.36622428894043, "lowlevel.erbbands_flatness_db.mean": 0.19957652688026428, "lowlevel.erbbands_flatness_db.stdev": 0.06543238461017609, "lowlevel.erbbands_kurtosis.mean": 2.618725299835205, "lowlevel.erbbands_kurtosis.stdev": 5.02755880355835, "lowlevel.erbbands_skewness.mean": 0.8981725573539734, "lowlevel.erbbands_skewness.stdev": 1.2554725408554077, "lowlevel.erbbands_spread.mean": 39.21765899658203, "lowlevel.erbbands_spread.stdev": 23.31902503967285, "lowlevel.hfc.mean": 21.64892578125, "lowlevel.hfc.stdev": 32.284461975097656, "lowlevel.loudness_ebu128.integrated": -22.18693733215332, "lowlevel.loudness_ebu128.loudness_range": 5.101459503173828, "lowlevel.loudness_ebu128.momentary.mean": -24.54082679748535, "lowlevel.loudness_ebu128.momentary.stdev": 4.804600715637207, "lowlevel.loudness_ebu128.short_term.mean": -23.333934783935547, "lowlevel.loudness_ebu128.short_term.stdev": 1.5026915073394775, "lowlevel.melbands_crest.mean": 15.065346717834473, "lowlevel.melbands_crest.stdev": 5.727478504180908, "lowlevel.melbands_flatness_db.mean": 0.24977751076221466, "lowlevel.melbands_flatness_db.stdev": 0.12017998844385147, "lowlevel.melbands_kurtosis.mean": 20.172313690185547, "lowlevel.melbands_kurtosis.stdev": 23.679744720458984, "lowlevel.melbands_skewness.mean": 3.01711368560791, "lowlevel.melbands_skewness.stdev": 1.810350775718689, "lowlevel.melbands_spread.mean": 27.588605880737305, "lowlevel.melbands_spread.stdev": 42.297950744628906, "lowlevel.pitch_salience.mean": 0.6005824208259583, "lowlevel.pitch_salience.stdev": 0.1328953355550766, "lowlevel.silence_rate_20dB.mean": 0.9952903985977173, "lowlevel.silence_rate_20dB.stdev": 0.06846456229686737, "lowlevel.silence_rate_30dB.mean": 0.9686028361320496, "lowlevel.silence_rate_30dB.stdev": 0.17438864707946777, "lowlevel.silence_rate_60dB.mean": 0.27629512548446655, "lowlevel.silence_rate_60dB.stdev": 0.4471653401851654, "lowlevel.spectral_centroid.mean": 1303.6617431640625, "lowlevel.spectral_centroid.stdev": 1203.7406005859375, "lowlevel.spectral_complexity.mean": 8.974882125854492, "lowlevel.spectral_complexity.stdev": 6.65045690536499, "lowlevel.spectral_decrease.mean": -5.370217603939409e-09, "lowlevel.spectral_decrease.stdev": 1.1217108131234e-08, "lowlevel.spectral_energy.mean": 0.0222320556640625, "lowlevel.spectral_energy.stdev": 0.043254949152469635, "lowlevel.spectral_energyband_high.mean": 0.0015683305682614446, "lowlevel.spectral_energyband_high.stdev": 0.0035885395482182503, "lowlevel.spectral_energyband_low.mean": 0.006358183454722166, "lowlevel.spectral_energyband_low.stdev": 0.03467607870697975, "lowlevel.spectral_energyband_middle_high.mean": 0.0026707551442086697, "lowlevel.spectral_energyband_middle_high.stdev": 0.005246151704341173, "lowlevel.spectral_energyband_middle_low.mean": 0.012331544421613216, "lowlevel.spectral_energyband_middle_low.stdev": 0.019618943333625793, "lowlevel.spectral_entropy.mean": 7.286356449127197, "lowlevel.spectral_entropy.stdev": 0.8300164341926575, "lowlevel.spectral_flux.mean": 0.06404334306716919, "lowlevel.spectral_flux.stdev": 0.06962566077709198, "lowlevel.spectral_kurtosis.mean": 14.377243995666504, "lowlevel.spectral_kurtosis.stdev": 34.79610824584961, "lowlevel.spectral_rms.mean": 0.003692291909828782, "lowlevel.spectral_rms.stdev": 0.0028384486213326454, "lowlevel.spectral_rolloff.mean": 2370.850341796875, "lowlevel.spectral_rolloff.stdev": 3316.9873046875, "lowlevel.spectral_skewness.mean": 2.203969717025757, "lowlevel.spectral_skewness.stdev": 2.069054126739502, "lowlevel.spectral_spread.mean": 6231686.0, "lowlevel.spectral_spread.stdev": 2803078.75, "lowlevel.spectral_strongpeak.mean": 1.0637600421905518, "lowlevel.spectral_strongpeak.stdev": 1.3238914012908936, "lowlevel.zerocrossingrate.mean": 0.0969311073422432, "lowlevel.zerocrossingrate.stdev": 0.08821776509284973, "metadata.audio_properties.analysis.equal_loudness": 0.0, "metadata.audio_properties.analysis.length": 14.76161003112793, "metadata.audio_properties.analysis.sample_rate": 44100.0, "metadata.audio_properties.analysis.start_time": 0.0, "metadata.audio_properties.bit_rate": 119857.0, "metadata.audio_properties.length": 14.762666702270508, "metadata.audio_properties.lossless": 0.0, "metadata.audio_properties.number_channels": 1.0, "metadata.audio_properties.replay_gain": -5.712123870849609, "metadata.audio_properties.sample_rate": 48000.0, "rhythm.beats_count": 19.0, "rhythm.beats_loudness.mean": 0.02709195204079151, "rhythm.beats_loudness.stdev": 0.03267146274447441, "rhythm.bpm": 74.18478393554688, "rhythm.bpm_histogram_first_peak_bpm": 82.0, "rhythm.bpm_histogram_first_peak_weight": 0.25, "rhythm.bpm_histogram_second_peak_bpm": 74.0, "rhythm.bpm_histogram_second_peak_spread": 0.0, "rhythm.bpm_histogram_second_peak_weight": 0.3333333432674408, "rhythm.danceability": 1.1230685710906982, "rhythm.onset_rate": 2.7741127014160156, "tonal.chords_changes_rate": 0.02821316570043564, "tonal.chords_number_rate": 0.012539184652268887, "tonal.chords_strength.mean": 0.6380608677864075, "tonal.chords_strength.stdev": 0.09075517952442169, "tonal.hpcp_crest.mean": 15.757667541503906, "tonal.hpcp_crest.stdev": 8.396181106567383, "tonal.hpcp_entropy.mean": 1.7606086730957031, "tonal.hpcp_entropy.stdev": 0.8474218249320984, "tonal.key_edma.strength": 0.5516769886016846, "tonal.key_krumhansl.strength": 0.5724066495895386, "tonal.key_temperley.strength": 0.5812084078788757, "tonal.tuning_diatonic_strength": 0.5213294625282288, "tonal.tuning_equal_tempered_deviation": 0.20335371792316437, "tonal.tuning_frequency": 434.193115234375, "tonal.tuning_nontempered_energy_ratio": 0.9240222573280334, "lowlevel.barkbands.mean": [0.00041188934119418263, 0.0041310484521090984, 0.0013728609774261713, 0.0007764893816784024, 0.00431395648047328, 0.0007771924720145762, 0.0029415152966976166, 0.0011949458857998252, 0.0017243833281099796, 0.0015589635586366057, 0.0003713282058015466, 0.00017082624253816903, 0.00010116896737599745, 0.00015201930364128202, 0.00018653699953574687, 9.10911985556595e-05, 6.0125596064608544e-05, 0.00013734253298025578, 0.00010975657642120495, 0.0002535544626880437, 0.00014759547775611281, 0.00021216593449935317, 0.00015809688193257898, 0.00027820258401334286, 0.0005222784238867462, 7.646620360901579e-05, 2.768066735825414e-07], "lowlevel.barkbands.stdev": [0.0026251240633428097, 0.02490927465260029, 0.012807538732886314, 0.008367322385311127, 0.006847972050309181, 0.0017214372055605054, 0.006318290717899799, 0.004006864968687296, 0.004373500589281321, 0.004419112112373114, 0.0015236721374094486, 0.000416850351030007, 0.00043346258462406695, 0.0005124155431985855, 0.0005242747720330954, 0.0003958282759413123, 0.0001547396823298186, 0.00036297188489697874, 0.0003113264683634043, 0.0006405694875866175, 0.00041579664684832096, 0.0012133526615798473, 0.0008098233956843615, 0.0007240399718284607, 0.0009541919571347535, 0.000220640649786219, 1.007946593745146e-06], "lowlevel.erbbands.mean": [0.17712782323360443, 0.6909898519515991, 1.5409098863601685, 2.3770394325256348, 6.13893985748291, 17.810415267944336, 10.69638442993164, 7.743298053741455, 36.04067611694336, 42.58745193481445, 19.864961624145508, 40.151676177978516, 46.22135925292969, 35.989898681640625, 16.584152221679688, 6.065248966217041, 5.318902015686035, 7.5877580642700195, 9.559257507324219, 7.62255859375, 4.3193559646606445, 3.661120653152466, 7.420036315917969, 7.1966094970703125, 5.157595157623291, 12.29210090637207, 9.065020561218262, 4.967293739318848, 7.774275302886963, 6.480017185211182, 4.260424613952637, 3.2185981273651123, 6.769333362579346, 6.81083345413208, 2.907498359680176, 0.6018258333206177, 0.08270145207643509, 0.00780887296423316, 0.00020143401343375444, 4.272753722034395e-05], "lowlevel.erbbands.stdev": [1.0790849924087524, 4.723459720611572, 12.617908477783203, 25.0455265045166, 20.582304000854492, 28.950485229492188, 23.53084373474121, 13.92260456085205, 67.6043930053711, 108.94908905029297, 45.13387680053711, 104.04998016357422, 156.62744140625, 109.44338989257812, 62.01711654663086, 11.939255714416504, 23.1070499420166, 28.860578536987305, 24.85003662109375, 31.143823623657227, 14.52519702911377, 8.80900764465332, 21.75782012939453, 13.766433715820312, 19.668481826782227, 32.25029754638672, 24.069673538208008, 14.031527519226074, 41.574424743652344, 38.96976852416992, 21.80657196044922, 12.149127006530762, 15.448565483093262, 12.332383155822754, 5.673037052154541, 1.8093316555023193, 0.20786570012569427, 0.014549671672284603, 0.00035534275230020285, 6.252415187191218e-05], "lowlevel.gfcc.mean": [-94.33689880371094, 67.66117095947266, -105.97219848632812, -4.994956970214844, -87.10621643066406, -6.211030006408691, -59.18185806274414, 5.693083763122559, -49.18486785888672, 3.1285014152526855, -24.020139694213867, -11.74199390411377, -0.5798975825309753], "lowlevel.melbands.mean": [0.0013101180084049702, 0.0008180757286027074, 0.00047641617129556835, 0.0009119727765209973, 0.0005037022638134658, 0.0001709826901787892, 0.000575599551666528, 0.00043535910663194954, 0.0001749648217810318, 0.00024838309036567807, 0.00022780591098126024, 0.00015204479859676212, 5.52810488443356e-05, 2.5271008780691773e-05, 1.125882499763975e-05, 9.69726261246251e-06, 1.4566214304068126e-05, 1.4568428014172241e-05, 1.2162198800069746e-05, 7.910813110356685e-06, 4.438255928107537e-06, 3.320973064546706e-06, 5.351300387701485e-06, 7.046185601211619e-06, 5.889351541554788e-06, 3.0955434340285137e-06, 4.858319698541891e-06, 9.120752110902686e-06, 6.981249498494435e-06, 3.0592232178605627e-06, 2.7393705295253312e-06, 4.3491927499417216e-06, 4.2412484617671e-06, 3.369150363141671e-06, 2.652803914315882e-06, 1.7513274315206218e-06, 1.945930080182734e-06, 4.284399437892716e-06, 6.079955710447393e-06, 5.720081844629021e-06], "lowlevel.melbands.stdev": [0.007824462838470936, 0.005871593952178955, 0.004109677392989397, 0.0015598746249452233, 0.0010142858373001218, 0.00033831995096988976, 0.0011401018127799034, 0.0011568996123969555, 0.0003900303563568741, 0.0006305433344095945, 0.000776139204390347, 0.0004898032057099044, 0.00023475504713132977, 6.83340331306681e-05, 3.672527600429021e-05, 3.986874071415514e-05, 5.7732922869035974e-05, 3.874125104630366e-05, 3.505900895106606e-05, 3.866376937367022e-05, 1.521726790087996e-05, 8.240830538852606e-06, 1.5919220459181815e-05, 2.0590816347976215e-05, 1.1695765351760201e-05, 1.0757797099358868e-05, 1.7190179278259166e-05, 2.4060200303210877e-05, 1.925894321175292e-05, 8.555562999390531e-06, 8.303703907586168e-06, 2.043791755568236e-05, 3.006690167239867e-05, 1.9043032807530835e-05, 1.4175596334098373e-05, 8.381626685149968e-06, 7.245331744343275e-06, 1.0982185813190881e-05, 1.2780078577634413e-05, 1.0026916243077721e-05], "lowlevel.melbands128.mean": [0.00039407104486599565, 0.0016558377537876368, 0.0015067349886521697, 0.0010214884532615542, 0.0008216765127144754, 0.0006397599936462939, 0.0004899259656667709, 0.00034664655686356127, 0.0004982904065400362, 0.001111657009460032, 0.0010485936654731631, 0.0008458112715743482, 0.00029545818688347936, 0.00017108982137870044, 0.00013394774578046054, 0.0001574862253619358, 0.00037365886964835227, 0.00081965746358037, 0.0006062950124032795, 0.00047557157813571393, 0.00040176211041398346, 0.00012211783905513585, 7.951843872433528e-05, 0.0002834887127391994, 0.00035299689625389874, 0.00013409278471954167, 0.000273902784101665, 0.00026310927933081985, 0.00014306625234894454, 0.00025747413747012615, 0.00010794978152262047, 4.574329432216473e-05, 6.368149479385465e-05, 5.5593856814084575e-05, 3.2642215956002474e-05, 1.7894284610520117e-05, 9.385442353959661e-06, 7.784721674397588e-06, 1.5270841686287895e-05, 1.3768439202976879e-05, 4.60779028799152e-06, 8.87884380063042e-06, 2.148487328668125e-05, 1.2065929695381783e-05, 9.726550160849001e-06, 1.6628999219392426e-05, 1.9599636289058253e-05, 1.0025351912190672e-05, 9.93208959698677e-06, 1.2566087207233068e-05, 6.141046924312832e-06, 5.56090526515618e-06, 5.302636964188423e-06, 3.5984812711831182e-06, 3.1823706194700208e-06, 3.0632879770564614e-06, 3.4585896173666697e-06, 4.6979039325378835e-06, 5.0435469347576145e-06, 8.707019333087374e-06, 7.521003681176808e-06, 5.17244870934519e-06, 7.64851847634418e-06, 6.053360266378149e-06, 3.317791424706229e-06, 2.594498482721974e-06, 3.068570549658034e-06, 3.8368366404029075e-06, 4.038871338707395e-06, 8.044525202421937e-06, 9.250527000403963e-06, 1.0050238415715285e-05, 9.591158232069574e-06, 6.418497378035681e-06, 3.893881512340158e-06, 3.1197482712741476e-06, 2.725838157857652e-06, 2.30260229727719e-06, 2.7417750061431434e-06, 3.0072560548433103e-06, 3.891880623996258e-06, 5.253307790553663e-06, 4.98002600579639e-06, 3.695350642374251e-06, 4.246246135153342e-06, 3.423926045797998e-06, 3.0130447612464195e-06, 3.337904672662262e-06, 2.724343858062639e-06, 2.162626287827152e-06, 1.809324885471142e-06, 1.734275770104432e-06, 1.4089131354921847e-06, 1.7485469925304642e-06, 2.099831817758968e-06, 3.727003104359028e-06, 4.727100986201549e-06, 5.1849829105776735e-06, 5.898448307561921e-06, 7.071045274642529e-06, 5.6757662605377845e-06, 5.09925030200975e-06, 6.200345978868427e-06, 5.676390173903201e-06, 2.9407931378955254e-06, 1.6848184714035597e-06, 1.3131486866768682e-06, 1.3702215255761985e-06, 1.03290688002744e-06, 6.883751098030189e-07, 3.4063626230818045e-07, 2.1659458582234947e-07, 1.9368144421605393e-07, 1.9257097960689862e-07, 1.7444664024424128e-07, 6.427131182817902e-08, 1.1566712032617943e-08, 9.470768613795144e-10, 1.1285190143484058e-10, 4.572837768168636e-12, 3.968781466662241e-12, 3.665951656822708e-12, 3.5857603778582936e-12, 3.513205351635129e-12, 3.332404014191881e-12, 3.070305945249152e-12, 2.9235784800019093e-12, 2.8889011408766985e-12], "lowlevel.melbands128.stdev": [0.002535613952204585, 0.010297042317688465, 0.00998855009675026, 0.007903042249381542, 0.006508795078843832, 0.006476256530731916, 0.005568893160670996, 0.0036097546108067036, 0.0018958754371851683, 0.0020402255468070507, 0.0019105661194771528, 0.0019689660985022783, 0.0008650333620607853, 0.0004507291014306247, 0.0002817854401655495, 0.0005270885303616524, 0.0008272608392871916, 0.0017776709282770753, 0.0021045515313744545, 0.0015177072491496801, 0.0015716134803369641, 0.0005369954742491245, 0.0002694474533200264, 0.0008942820131778717, 0.0011630209628492594, 0.000586757727432996, 0.0013120718067511916, 0.0011947129387408495, 0.000500933441799134, 0.0010330681689083576, 0.00039376469794660807, 0.00021747937717009336, 0.0004194942011963576, 0.00026931578759104013, 0.00010796355491038412, 4.1881168726831675e-05, 2.6524225177126937e-05, 3.260032826801762e-05, 6.74973416607827e-05, 9.651621803641319e-05, 1.9029670511372387e-05, 3.621595897129737e-05, 0.00011583417654037476, 3.939228190574795e-05, 3.13207674480509e-05, 6.15618919255212e-05, 6.694763578707352e-05, 3.592041684896685e-05, 4.28875646321103e-05, 8.231677929870784e-05, 3.358376125106588e-05, 2.8355298127280548e-05, 2.2680127585772425e-05, 1.6052166756708175e-05, 1.1531329619174358e-05, 8.694888492755126e-06, 1.1451455975475255e-05, 1.6684994989191182e-05, 1.814619463402778e-05, 3.6963425372960046e-05, 3.3801963581936434e-05, 1.1375157555448823e-05, 1.688751217443496e-05, 1.4452956747845747e-05, 6.971260972932214e-06, 8.268511010101065e-06, 1.4312649909697939e-05, 2.7710972062777728e-05, 1.4465924323303625e-05, 2.4563587430748157e-05, 2.953915645775851e-05, 3.198014746885747e-05, 2.6575160518405028e-05, 1.908371996250935e-05, 1.2706871530099306e-05, 9.001528269436676e-06, 8.427896318607964e-06, 6.437009687942918e-06, 9.422922630619723e-06, 1.059333317243727e-05, 1.4099236977926921e-05, 2.776082510536071e-05, 4.1232375224353746e-05, 2.344970744161401e-05, 3.7552152207354084e-05, 1.9585377231123857e-05, 1.6159072401933372e-05, 1.9236984371673316e-05, 1.5792204067111015e-05, 1.1801788787124678e-05, 9.160066838376224e-06, 8.397215424338356e-06, 6.657617632299662e-06, 8.278851964860223e-06, 7.717669177509379e-06, 1.1623737009358592e-05, 1.213899849972222e-05, 1.3543190107156988e-05, 1.3253790712042246e-05, 1.6144667824846692e-05, 1.1415309927542694e-05, 8.990347851067781e-06, 1.1918165000679437e-05, 1.1630865628831089e-05, 6.455820312112337e-06, 4.658487341657747e-06, 4.116734544368228e-06, 3.8707457861164585e-06, 3.611288548199809e-06, 3.0606840937252855e-06, 1.3668944802702754e-06, 7.780993769301858e-07, 4.203012906600634e-07, 4.024194879548304e-07, 3.4709563578871894e-07, 1.4559235239630652e-07, 3.964660422184352e-08, 6.74648736875838e-09, 1.7541569308221483e-09, 1.375371865008912e-11, 8.95751788715371e-12, 8.009003182873897e-12, 7.838645531277333e-12, 7.701644010038589e-12, 7.59443896658496e-12, 7.495479063812649e-12, 7.427763265566156e-12, 7.386382304408468e-12], "lowlevel.mfcc.mean": [-747.529052734375, 118.05298614501953, 10.60009479522705, -2.7890279293060303, -12.967853546142578, -26.885225296020508, 2.028981924057007, -31.450380325317383, 1.6669063568115234, -18.550386428833008, -8.711113929748535, -15.01968765258789, -12.760836601257324], "lowlevel.spectral_contrast_coeffs.mean": [-0.571399986743927, -0.6965985298156738, -0.751708984375, -0.8047721982002258, -0.8063437938690186, -0.742973804473877], "lowlevel.spectral_contrast_coeffs.stdev": [0.14416930079460144, 0.10900942981243134, 0.09523092955350876, 0.05648018419742584, 0.053992047905921936, 0.09002024680376053], "lowlevel.spectral_contrast_valleys.mean": [-8.786314964294434, -7.58634090423584, -8.320839881896973, -8.788265228271484, -8.679667472839355, -11.315252304077148], "lowlevel.spectral_contrast_valleys.stdev": [1.6643580198287964, 1.2088878154754639, 1.1167008876800537, 1.1459312438964844, 1.674636960029602, 1.566452145576477], "rhythm.beats_loudness_band_ratio.mean": [0.16838520765304565, 0.26906877756118774, 0.2429644912481308, 0.09489065408706665, 0.031922999769449234, 0.23668897151947021], "rhythm.beats_loudness_band_ratio.stdev": [0.28054872155189514, 0.25463178753852844, 0.23764298856258392, 0.1460099220275879, 0.04625346139073372, 0.3491566479206085], "tonal.hpcp.mean": [0.42949584126472473, 0.400215744972229, 0.13267195224761963, 0.07702325284481049, 0.06247268244624138, 0.052848588675260544, 0.05861341580748558, 0.0637379065155983, 0.08760402351617813, 0.24948152899742126, 0.23655423521995544, 0.059977348893880844, 0.03533148393034935, 0.03393768519163132, 0.033008839935064316, 0.09375426918268204, 0.10115337371826172, 0.04553951695561409, 0.03719998523592949, 0.0314139723777771, 0.03425285220146179, 0.12970632314682007, 0.15139652788639069, 0.06702466309070587, 0.09545698016881943, 0.0988439992070198, 0.055185385048389435, 0.08914721757173538, 0.09704700857400894, 0.0724325180053711, 0.11089114844799042, 0.11150340735912323, 0.07384002208709717, 0.07730355113744736, 0.09398765861988068, 0.172272190451622], "tonal.hpcp.stdev": [0.3964955508708954, 0.37295809388160706, 0.23563842475414276, 0.19258980453014374, 0.1863689124584198, 0.15089869499206543, 0.16637727618217468, 0.17651666700839996, 0.19995732605457306, 0.35641762614250183, 0.34983280301094055, 0.14628028869628906, 0.11418502777814865, 0.11877529323101044, 0.09922916442155838, 0.23004892468452454, 0.24766069650650024, 0.11173858493566513, 0.12478585541248322, 0.09123130887746811, 0.09321849793195724, 0.19578081369400024, 0.2226143628358841, 0.11169743537902832, 0.22373025119304657, 0.2276986688375473, 0.17244695127010345, 0.21420733630657196, 0.21940824389457703, 0.16720587015151978, 0.2236507385969162, 0.21743439137935638, 0.1622324436903, 0.20562830567359924, 0.2074219286441803, 0.2769659459590912], "rhythm.beats_position": [0.8010883927345276, 1.6137868165969849, 2.426485300064087, 3.2275736331939697, 4.028662204742432, 4.841360569000244, 5.654058933258057, 6.3854875564575195, 7.116916179656982, 7.848344326019287, 8.59138298034668, 9.334421157836914, 10.077460289001465, 10.80888843536377, 11.54031753540039, 12.260135650634766, 12.968344688415527, 13.676552772521973, 14.373151779174805], "rhythm.bpm_histogram": [0.0, 0.0, 0.0, 0.0, 0.0, 0.0, 0.0, 0.0, 0.0, 0.0, 0.0, 0.0, 0.0, 0.0, 0.0, 0.0, 0.0, 0.0, 0.0, 0.0, 0.0, 0.0, 0.0, 0.0, 0.0, 0.0, 0.0, 0.0, 0.0, 0.0, 0.0, 0.0, 0.0, 0.0, 0.0, 0.0, 0.0, 0.0, 0.0, 0.0, 0.0, 0.0, 0.0, 0.0, 0.0, 0.0, 0.0, 0.0, 0.0, 0.0, 0.0, 0.0, 0.0, 0.0, 0.0, 0.0, 0.0, 0.0, 0.0, 0.0, 0.0, 0.0, 0.0, 0.0, 0.0, 0.0, 0.0, 0.0, 0.0, 0.0, 0.0, 0.0, 0.0, 0.0, 0.2222222238779068, 0.1111111119389534, 0.0, 0.0, 0.0, 0.0, 0.0, 0.1666666716337204, 0.2777777910232544, 0.0555555559694767, 0.0, 0.1111111119389534, 0.0555555559694767, 0.0, 0.0, 0.0, 0.0, 0.0, 0.0, 0.0, 0.0, 0.0, 0.0, 0.0, 0.0, 0.0, 0.0, 0.0, 0.0, 0.0, 0.0, 0.0, 0.0, 0.0, 0.0, 0.0, 0.0, 0.0, 0.0, 0.0, 0.0, 0.0, 0.0, 0.0, 0.0, 0.0, 0.0, 0.0, 0.0, 0.0, 0.0, 0.0, 0.0, 0.0, 0.0, 0.0, 0.0, 0.0, 0.0, 0.0, 0.0, 0.0, 0.0, 0.0, 0.0, 0.0, 0.0, 0.0, 0.0, 0.0, 0.0, 0.0, 0.0, 0.0, 0.0, 0.0, 0.0, 0.0, 0.0, 0.0, 0.0, 0.0, 0.0, 0.0, 0.0, 0.0, 0.0, 0.0, 0.0, 0.0, 0.0, 0.0, 0.0, 0.0, 0.0, 0.0, 0.0, 0.0, 0.0, 0.0, 0.0, 0.0, 0.0, 0.0, 0.0, 0.0, 0.0, 0.0, 0.0, 0.0, 0.0, 0.0, 0.0, 0.0, 0.0, 0.0, 0.0, 0.0, 0.0, 0.0, 0.0, 0.0, 0.0, 0.0, 0.0, 0.0, 0.0, 0.0, 0.0, 0.0, 0.0, 0.0, 0.0, 0.0, 0.0, 0.0, 0.0, 0.0, 0.0, 0.0, 0.0, 0.0, 0.0, 0.0, 0.0, 0.0, 0.0, 0.0, 0.0, 0.0, 0.0, 0.0, 0.0, 0.0, 0.0, 0.0, 0.0, 0.0, 0.0, 0.0, 0.0, 0.0, 0.0, 0.0, 0.0, 0.0, 0.0, 0.0, 0.0, 0.0, 0.0, 0.0, 0.0, 0.0, 0.0, 0.0], "tonal.chords_histogram": [57.68025207519531, 0.0, 0.0, 0.0, 0.0, 15.98746109008789, 0.0, 0.0, 0.0, 0.0, 0.0, 0.0, 0.0, 0.0, 0.0, 0.0, 0.0, 0.0, 0.0, 0.0, 0.0, 0.0, 6.583072185516357, 19.749216079711914], "tonal.thpcp": [1.0, 0.9318268299102783, 0.3089016079902649, 0.1793341040611267, 0.14545585215091705, 0.12304796278476715, 0.1364702731370926, 0.14840167760849, 0.20396943390369415, 0.5808706283569336, 0.5507718920707703, 0.13964593410491943, 0.08226269483566284, 0.07901749759912491, 0.07685485482215881, 0.21828912198543549, 0.2355165332555771, 0.1060301661491394, 0.08661314100027084, 0.07314150780439377, 0.07975129783153534, 0.3019966781139374, 0.35249823331832886, 0.1560542732477188, 0.22225356101989746, 0.2301395982503891, 0.12848874926567078, 0.20756247639656067, 0.22595563530921936, 0.168645441532135, 0.2581891119480133, 0.25961464643478394, 0.17192254960536957, 0.17998673021793365, 0.21883252263069153, 0.40110328793525696], "lowlevel.gfcc.cov": [[17102.58203125, -3385.503173828125, -1091.517333984375, -72.2537841796875, -1842.54931640625, -996.3842163085938, -702.9247436523438, 1234.3802490234375, -1229.092529296875, 686.1242065429688, -489.5293884277344, -541.2377319335938, 120.42183685302734], [-3385.503173828125, 6753.5654296875, 1075.9903564453125, -910.2559814453125, 1659.212890625, 535.1460571289062, 737.9754638671875, -787.1777954101562, 811.5263061523438, -685.1607666015625, 483.5838317871094, -212.1177215576172, 179.7662353515625], [-1091.517333984375, 1075.9903564453125, 1240.251220703125, 179.6603546142578, 447.665771484375, 403.8909912109375, 184.2154998779297, -113.46463775634766, 305.3846435546875, -105.27027893066406, 100.96412658691406, 113.9763412475586, -122.04141998291016], [-72.2537841796875, -910.2559814453125, 179.6603546142578, 923.753173828125, -46.03911209106445, 124.08145141601562, 13.587084770202637, 23.592876434326172, 79.72382354736328, 124.66070556640625, -2.837787389755249, 186.21910095214844, -97.00225067138672], [-1842.54931640625, 1659.212890625, 447.665771484375, -46.03911209106445, 953.3451538085938, 315.3547668457031, 273.8424377441406, -175.90155029296875, 402.1601257324219, -129.33792114257812, 137.2078094482422, 68.09549713134766, 40.35991668701172], [-996.3842163085938, 535.1460571289062, 403.8909912109375, 124.08145141601562, 315.3547668457031, 495.5805358886719, 253.32708740234375, -170.17498779296875, 255.97958374023438, -37.020694732666016, 74.94163513183594, 96.9742660522461, -63.35627365112305], [-702.9247436523438, 737.9754638671875, 184.2154998779297, 13.587084770202637, 273.8424377441406, 253.32708740234375, 348.810302734375, -70.69978332519531, 132.4865264892578, -51.95457458496094, 91.38400268554688, 27.848079681396484, 15.888731956481934], [1234.3802490234375, -787.1777954101562, -113.46463775634766, 23.592876434326172, -175.90155029296875, -170.17498779296875, -70.69978332519531, 371.37591552734375, -157.83779907226562, 132.89292907714844, -52.56281280517578, -33.24928283691406, 41.92947769165039], [-1229.092529296875, 811.5263061523438, 305.3846435546875, 79.72382354736328, 402.1601257324219, 255.97958374023438, 132.4865264892578, -157.83779907226562, 381.91668701171875, -79.84386444091797, 99.32119750976562, 70.83531951904297, 0.5105592012405396], [686.1242065429688, -685.1607666015625, -105.27027893066406, 124.66070556640625, -129.33792114257812, -37.020694732666016, -51.95457458496094, 132.89292907714844, -79.84386444091797, 189.93435668945312, -40.433284759521484, 30.597278594970703, -25.120595932006836], [-489.5293884277344, 483.5838317871094, 100.96412658691406, -2.837787389755249, 137.2078094482422, 74.94163513183594, 91.38400268554688, -52.56281280517578, 99.32119750976562, -40.433284759521484, 184.28790283203125, 23.12494468688965, 21.855243682861328], [-541.2377319335938, -212.1177215576172, 113.9763412475586, 186.21910095214844, 68.09549713134766, 96.9742660522461, 27.848079681396484, -33.24928283691406, 70.83531951904297, 30.597278594970703, 23.12494468688965, 156.39967346191406, -24.27680206298828], [120.42183685302734, 179.7662353515625, -122.04141998291016, -97.00225067138672, 40.35991668701172, -63.35627365112305, 15.888731956481934, 41.92947769165039, 0.5105592012405396, -25.120595932006836, 21.855243682861328, -24.27680206298828, 134.85101318359375]], "lowlevel.gfcc.icov": [[0.00011379311763448641, -7.849416579119861e-05, 9.919061085383873e-06, -7.683695002924651e-05, 0.00016160521772690117, -0.0001429377734893933, 0.00016740075079724193, -0.0002711782872211188, 0.00016167573630809784, -0.00028488392126746476, 0.00011251193791395053, 0.0002494599320925772, -0.0001212084389408119], [-7.849416579119861e-05, 0.0009096619905903935, -0.0005401617381721735, 0.0004679524281527847, -0.000836503691971302, 0.0008756503812037408, -0.0011045135324820876, 0.001408757409080863, -0.0004895527963526547, 0.000636931334156543, -0.0007744069444015622, 0.0012548116501420736, -0.0004690067726187408], [9.919061085383873e-06, -0.0005401617381721735, 0.0018037420231848955, -0.0003613953886087984, 8.880995301296934e-05, -0.0013616682263091207, 0.0009213796001859009, -0.0016012679552659392, 1.8757205907604657e-05, 0.0008857990032993257, 0.00015629222616553307, -0.001218132907524705, 0.001726970192976296], [-7.683695002924651e-05, 0.0004679524281527847, -0.0003613953886087984, 0.0019075232557952404, -0.00012888912169728428, 0.0006418648990802467, -0.0008362409425899386, 0.0006196819012984633, -0.0008771141292527318, -0.0002918324898928404, -0.0002919284743256867, -0.0011204699985682964, 0.000530416436959058], [0.00016160521772690117, -0.000836503691971302, 8.880995301296934e-05, -0.00012888912169728428, 0.003187710652127862, -0.0005366101395338774, -1.6389786878789891e-06, -0.0012952741235494614, -0.0014381486689671874, -0.0007727370248176157, 0.0008446021820418537, -0.001191065413877368, -0.0003345801087561995], [-0.0001429377734893933, 0.0008756503812037408, -0.0013616682263091207, 0.0006418648990802467, -0.0005366101395338774, 0.0069982740096747875, -0.004597114399075508, 0.002894724952057004, -0.002842326182872057, -0.0008173456299118698, -2.726464663282968e-05, -0.00012547339429147542, 0.0011202121386304498], [0.00016740075079724193, -0.0011045135324820876, 0.0009213796001859009, -0.0008362409425899386, -1.6389786878789891e-06, -0.004597114399075508, 0.007378655485808849, -0.002444923622533679, 0.002118348376825452, 5.44662652828265e-05, -0.0006351463380269706, -0.0005632680258713663, -0.0007096323533914983], [-0.0002711782872211188, 0.001408757409080863, -0.0016012679552659392, 0.0006196819012984633, -0.0012952741235494614, 0.002894724952057004, -0.002444923622533679, 0.0075893341563642025, -5.187492570257746e-05, -0.002498873043805361, -0.0008504557190462947, 0.0024139280430972576, -0.0028561369981616735], [0.00016167573630809784, -0.0004895527963526547, 1.8757205907604657e-05, -0.0008771141292527318, -0.0014381486689671874, -0.002842326182872057, 0.002118348376825452, -5.187492570257746e-05, 0.007363076321780682, 0.00014789588749408722, -0.0008813543245196342, -0.0004916635225526989, -0.0011901534162461758], [-0.00028488392126746476, 0.000636931334156543, 0.0008857990032993257, -0.0002918324898928404, -0.0007727370248176157, -0.0008173456299118698, 5.44662652828265e-05, -0.002498873043805361, 0.00014789588749408722, 0.010931492783129215, -0.00047848225221969187, -0.001881707226857543, 0.002389478264376521], [0.00011251193791395053, -0.0007744069444015622, 0.00015629222616553307, -0.0002919284743256867, 0.0008446021820418537, -2.726464663282968e-05, -0.0006351463380269706, -0.0008504557190462947, -0.0008813543245196342, -0.00047848225221969187, 0.007776937447488308, -0.001611426705494523, -0.000699303753208369], [0.0002494599320925772, 0.0012548116501420736, -0.001218132907524705, -0.0011204699985682964, -0.001191065413877368, -0.00012547339429147542, -0.0005632680258713663, 0.0024139280430972576, -0.0004916635225526989, -0.001881707226857543, -0.001611426705494523, 0.012916630133986473, -0.0019527723779901862], [-0.0001212084389408119, -0.0004690067726187408, 0.001726970192976296, 0.000530416436959058, -0.0003345801087561995, 0.0011202121386304498, -0.0007096323533914983, -0.0028561369981616735, -0.0011901534162461758, 0.002389478264376521, -0.000699303753208369, -0.0019527723779901862, 0.011903046630322933]], "lowlevel.mfcc.cov": [[14472.783203125, -3536.99365234375, -819.9755859375, 171.2796630859375, -1054.7669677734375, -2176.902099609375, 581.32568359375, -1418.8565673828125, 629.0648803710938, -508.2750549316406, 232.9069366455078, -261.32421875, -523.0861206054688], [-3536.99365234375, 6356.75927734375, 284.4465026855469, -537.5349731445312, 818.2787475585938, 1011.8611450195312, 169.21640014648438, 591.423095703125, 6.76452112197876, 227.93162536621094, -41.42534637451172, 127.38853454589844, 79.80152130126953], [-819.9755859375, 284.4465026855469, 1152.55517578125, 112.03855895996094, 201.5221405029297, 558.8084106445312, -123.05811309814453, 423.3700866699219, -203.43978881835938, 220.64222717285156, -25.79319953918457, 116.49103546142578, 214.79434204101562], [171.2796630859375, -537.5349731445312, 112.03855895996094, 550.4690551757812, 110.53546142578125, 66.46187591552734, -36.31560134887695, 91.76126098632812, -5.489752769470215, 25.69004249572754, -5.098873138427734, 48.56039810180664, 124.94377899169922], [-1054.7669677734375, 818.2787475585938, 201.5221405029297, 110.53546142578125, 537.5676879882812, 362.7893371582031, -75.93218994140625, 254.648193359375, 30.40266990661621, 121.71444702148438, 13.99809455871582, 119.71514892578125, 137.90090942382812], [-2176.902099609375, 1011.8611450195312, 558.8084106445312, 66.46187591552734, 362.7893371582031, 1171.743408203125, -146.13729858398438, 582.8001708984375, -145.8169403076172, 243.36123657226562, 85.46882629394531, 15.658256530761719, 300.3910217285156], [581.32568359375, 169.21640014648438, -123.05811309814453, -36.31560134887695, -75.93218994140625, -146.13729858398438, 322.48040771484375, -54.43579864501953, 106.49146270751953, -12.870505332946777, 59.370750427246094, 8.14777946472168, -35.233394622802734], [-1418.8565673828125, 591.423095703125, 423.3700866699219, 91.76126098632812, 254.648193359375, 582.8001708984375, -54.43579864501953, 473.56646728515625, -80.60655212402344, 195.53530883789062, 2.106609344482422, 88.84892272949219, 187.71632385253906], [629.0648803710938, 6.76452112197876, -203.43978881835938, -5.489752769470215, 30.40266990661621, -145.8169403076172, 106.49146270751953, -80.60655212402344, 292.0211486816406, -39.67951202392578, 79.4745864868164, -53.64835739135742, -28.12761116027832], [-508.2750549316406, 227.93162536621094, 220.64222717285156, 25.69004249572754, 121.71444702148438, 243.36123657226562, -12.870505332946777, 195.53530883789062, -39.67951202392578, 216.68585205078125, 2.6615753173828125, 66.11333465576172, 76.31836700439453], [232.9069366455078, -41.42534637451172, -25.79319953918457, -5.098873138427734, 13.99809455871582, 85.46882629394531, 59.370750427246094, 2.106609344482422, 79.4745864868164, 2.6615753173828125, 184.1786651611328, -26.13126564025879, 48.58489990234375], [-261.32421875, 127.38853454589844, 116.49103546142578, 48.56039810180664, 119.71514892578125, 15.658256530761719, 8.14777946472168, 88.84892272949219, -53.64835739135742, 66.11333465576172, -26.13126564025879, 210.4290771484375, 43.77088165283203], [-523.0861206054688, 79.80152130126953, 214.79434204101562, 124.94377899169922, 137.90090942382812, 300.3910217285156, -35.233394622802734, 187.71632385253906, -28.12761116027832, 76.31836700439453, 48.58489990234375, 43.77088165283203, 218.30618286132812]], "lowlevel.mfcc.icov": [[0.00013067512190900743, 2.226273136329837e-05, -0.00011143478332087398, -9.314067574450746e-05, 8.538211841369048e-05, 7.815564458724111e-05, -0.00010861285409191623, 0.00029592393548227847, -0.00017662860045675188, -5.318776311469264e-05, -0.00012799219985026866, 4.3090497570119624e-07, 5.869399683433585e-05], [2.226273136329837e-05, 0.00030307009001262486, 1.4213810572982766e-05, 0.0003348162572365254, -0.0004676758835557848, -0.00023211741063278168, -0.0003993819118477404, -4.3127416574861854e-05, -3.1321221740654437e-06, 0.00013184624549467117, 0.0002702668425627053, 2.306197893631179e-05, 0.00021312246099114418], [-0.00011143478332087398, 1.4213810572982766e-05, 0.0015755543718114495, 0.0001019161645672284, -2.9617438485729508e-05, -8.47715709824115e-05, 0.00022890506079420447, -0.0011054048081859946, 0.0007401121547445655, -0.0004151353205088526, 0.00015853458899073303, -0.00011261148029007018, -0.0005301496712490916], [-9.314067574450746e-05, 0.0003348162572365254, 0.0001019161645672284, 0.002705924678593874, -0.0008745702216401696, 0.0001375052670482546, -0.00021943448518868536, -0.0006343264249153435, 0.00012076368147972971, 0.00039493132499046624, 0.000682677433360368, 4.823794006370008e-05, -0.0014053710037842393], [8.538211841369048e-05, -0.0004676758835557848, -2.9617438485729508e-05, -0.0008745702216401696, 0.004266988951712847, -0.00043706269934773445, 0.0013883592328056693, -0.0001117372012231499, -0.0018493392271921039, -0.00042945577297359705, -0.0001602601259946823, -0.002044341992586851, -0.0005111924838274717], [7.815564458724111e-05, -0.00023211741063278168, -8.47715709824115e-05, 0.0001375052670482546, -0.00043706269934773445, 0.003746424103155732, 0.0007427539676427841, -0.003097112290561199, 0.0012649656273424625, -0.0004750134830828756, -0.0019304804736748338, 0.0020392267033457756, -0.0014693716075271368], [-0.00010861285409191623, -0.0003993819118477404, 0.00022890506079420447, -0.00021943448518868536, 0.0013883592328056693, 0.0007427539676427841, 0.004750541411340237, -0.0009347125887870789, -0.0011909405002370477, -0.0004320337320677936, -0.001508026267401874, -0.0009550436516292393, -1.7787124306778423e-05], [0.00029592393548227847, -4.3127416574861854e-05, -0.0011054048081859946, -0.0006343264249153435, -0.0001117372012231499, -0.003097112290561199, -0.0009347125887870789, 0.009506355039775372, -0.0011999951675534248, -0.0024968425277620554, 0.0017151344800367951, -0.0015988302184268832, -0.0011602884624153376], [-0.00017662860045675188, -3.1321221740654437e-06, 0.0007401121547445655, 0.00012076368147972971, -0.0018493392271921039, 0.0012649656273424625, -0.0011909405002370477, -0.0011999951675534248, 0.00619759876281023, -1.636809429328423e-05, -0.002042558742687106, 0.002215911168605089, -0.00013763051538262516], [-5.318776311469264e-05, 0.00013184624549467117, -0.0004151353205088526, 0.00039493132499046624, -0.00042945577297359705, -0.0004750134830828756, -0.0004320337320677936, -0.0024968425277620554, -1.636809429328423e-05, 0.00794152170419693, 6.33460222161375e-05, -0.0012449005153030157, 0.00046603233204223216], [-0.00012799219985026866, 0.0002702668425627053, 0.00015853458899073303, 0.000682677433360368, -0.0001602601259946823, -0.0019304804736748338, -0.001508026267401874, 0.0017151344800367951, -0.002042558742687106, 6.33460222161375e-05, 0.008488436229526997, -5.344216333469376e-05, -0.002076520584523678], [4.3090497570119624e-07, 2.306197893631179e-05, -0.00011261148029007018, 4.823794006370008e-05, -0.002044341992586851, 0.0020392267033457756, -0.0009550436516292393, -0.0015988302184268832, 0.002215911168605089, -0.0012449005153030157, -5.344216333469376e-05, 0.007675883825868368, -0.0010245791636407375], [5.869399683433585e-05, 0.00021312246099114418, -0.0005301496712490916, -0.0014053710037842393, -0.0005111924838274717, -0.0014693716075271368, -1.7787124306778423e-05, -0.0011602884624153376, -0.00013763051538262516, 0.00046603233204223216, -0.002076520584523678, -0.0010245791636407375, 0.009795941412448883]], "metadata.audio_properties.analysis.downmix": "mix", "metadata.audio_properties.codec": "mp3", "metadata.audio_properties.md5_encoded": "347a69efd4fcc518b849058cc5442b99", "metadata.tags.file_name": "1182269179521413140.mp3", "metadata.version.essentia": "2.1-beta6-dev", "metadata.version.essentia_git_sha": "v2.1_beta5-1110-g77a6a954", "metadata.version.extractor": "music 2.0", "tonal.chords_key": "A", "tonal.chords_scale": "minor", "tonal.key_edma.key": "A", "tonal.key_edma.scale": "minor", "tonal.key_krumhansl.key": "A", "tonal.key_krumhansl.scale": "minor", "tonal.key_temperley.key": "A", "tonal.key_temperley.scale": "minor", "metadata.tags.encoding": ["Lavf58.45.100"]}, "essentia_models": [{"model_name": "genre_dortmund", "activations": {"alternative": "0.09975435", "blues": "0.097234786", "electronic": "0.023409784", "folkcountry": "0.35564858", "funksoulrnb": "0.04426492", "jazz": "0.081418194", "pop": "0.27770746", "raphiphop": "0.058101997", "rock": "0.15853252"}}, {"model_name": "genre_rosamerica", "activations": {"classic": "0.0534732", "dance": "0.01293995", "hip hop": "0.021689665", "jazz": "0.036589716", "pop": "0.07313818", "rhythm and blues": "0.3302942", "rock": "0.05501926", "speech": "0.12294038"}}, {"model_name": "genre_tzan