{"song_id": "1182254365071900713", "download": "https://cdn.discordapp.com/attachments/1135911532732108921/1182254365071900713/chirp.mp4?ex=6584072d&amp", "lyrics": "Get down and get silly,\nWith Babs, Nick and Lilly,\nGet down,\nGet Silly,\nWith Babs, Nick and Lilly", "style": ["reggae"], "essentia_features": {"lowlevel.average_loudness": 0.9794057607650757, "lowlevel.barkbands_crest.mean": 10.07583999633789, "lowlevel.barkbands_crest.stdev": 2.9598562717437744, "lowlevel.barkbands_flatness_db.mean": 0.1515497863292694, "lowlevel.barkbands_flatness_db.stdev": 0.04094338044524193, "lowlevel.barkbands_kurtosis.mean": 7.8239922523498535, "lowlevel.barkbands_kurtosis.stdev": 13.189886093139648, "lowlevel.barkbands_skewness.mean": 2.163334369659424, "lowlevel.barkbands_skewness.stdev": 1.5017917156219482, "lowlevel.barkbands_spread.mean": 23.71388053894043, "lowlevel.barkbands_spread.stdev": 13.76512336730957, "lowlevel.dissonance.mean": 0.4680584669113159, "lowlevel.dissonance.stdev": 0.02368810772895813, "lowlevel.dynamic_complexity": 1.9430444240570068, "lowlevel.erbbands_crest.mean": 8.898663520812988, "lowlevel.erbbands_crest.stdev": 4.238449573516846, "lowlevel.erbbands_flatness_db.mean": 0.13635681569576263, "lowlevel.erbbands_flatness_db.stdev": 0.0373554602265358, "lowlevel.erbbands_kurtosis.mean": -0.008900521323084831, "lowlevel.erbbands_kurtosis.stdev": 1.4850608110427856, "lowlevel.erbbands_skewness.mean": 0.2439727932214737, "lowlevel.erbbands_skewness.stdev": 0.6692470908164978, "lowlevel.erbbands_spread.mean": 51.6276969909668, "lowlevel.erbbands_spread.stdev": 22.929393768310547, "lowlevel.hfc.mean": 23.23565101623535, "lowlevel.hfc.stdev": 15.32029914855957, "lowlevel.loudness_ebu128.integrated": -12.385162353515625, "lowlevel.loudness_ebu128.loudness_range": 1.7122383117675781, "lowlevel.loudness_ebu128.momentary.mean": -12.508277893066406, "lowlevel.loudness_ebu128.momentary.stdev": 1.0500084161758423, "lowlevel.loudness_ebu128.short_term.mean": -12.42977237701416, "lowlevel.loudness_ebu128.short_term.stdev": 0.6159335374832153, "lowlevel.melbands_crest.mean": 16.858524322509766, "lowlevel.melbands_crest.stdev": 4.6997599601745605, "lowlevel.melbands_flatness_db.mean": 0.21530568599700928, "lowlevel.melbands_flatness_db.stdev": 0.06131166219711304, "lowlevel.melbands_kurtosis.mean": 25.37424087524414, "lowlevel.melbands_kurtosis.stdev": 30.765281677246094, "lowlevel.melbands_skewness.mean": 3.737071990966797, "lowlevel.melbands_skewness.stdev": 2.0933990478515625, "lowlevel.melbands_spread.mean": 20.181072235107422, "lowlevel.melbands_spread.stdev": 14.454291343688965, "lowlevel.pitch_salience.mean": 0.48249515891075134, "lowlevel.pitch_salience.stdev": 0.10383089631795883, "lowlevel.silence_rate_20dB.mean": 1.0, "lowlevel.silence_rate_20dB.stdev": 0.0, "lowlevel.silence_rate_30dB.mean": 1.0, "lowlevel.silence_rate_30dB.stdev": 0.0, "lowlevel.silence_rate_60dB.mean": 0.0035560070537030697, "lowlevel.silence_rate_60dB.stdev": 0.059525396674871445, "lowlevel.spectral_centroid.mean": 1424.3875732421875, "lowlevel.spectral_centroid.stdev": 700.9410400390625, "lowlevel.spectral_complexity.mean": 20.062231063842773, "lowlevel.spectral_complexity.stdev": 10.187085151672363, "lowlevel.spectral_decrease.mean": -8.864001976860436e-09, "lowlevel.spectral_decrease.stdev": 5.00262098412918e-09, "lowlevel.spectral_energy.mean": 0.03556235507130623, "lowlevel.spectral_energy.stdev": 0.019520573318004608, "lowlevel.spectral_energyband_high.mean": 0.0014132735086604953, "lowlevel.spectral_energyband_high.stdev": 0.0013556932099163532, "lowlevel.spectral_energyband_low.mean": 0.01782885752618313, "lowlevel.spectral_energyband_low.stdev": 0.015072938986122608, "lowlevel.spectral_energyband_middle_high.mean": 0.0057422504760324955, "lowlevel.spectral_energyband_middle_high.stdev": 0.006804289296269417, "lowlevel.spectral_energyband_middle_low.mean": 0.01311382558196783, "lowlevel.spectral_energyband_middle_low.stdev": 0.01405822392553091, "lowlevel.spectral_entropy.mean": 7.67437219619751, "lowlevel.spectral_entropy.stdev": 0.32209235429763794, "lowlevel.spectral_flux.mean": 0.09043572098016739, "lowlevel.spectral_flux.stdev": 0.052927590906620026, "lowlevel.spectral_kurtosis.mean": 3.3144545555114746, "lowlevel.spectral_kurtosis.stdev": 1.7671655416488647, "lowlevel.spectral_rms.mean": 0.005676044151186943, "lowlevel.spectral_rms.stdev": 0.0015739897498860955, "lowlevel.spectral_rolloff.mean": 1257.679931640625, "lowlevel.spectral_rolloff.stdev": 1299.4013671875, "lowlevel.spectral_skewness.mean": 1.3363195657730103, "lowlevel.spectral_skewness.stdev": 0.38934949040412903, "lowlevel.spectral_spread.mean": 5261145.5, "lowlevel.spectral_spread.stdev": 1484519.375, "lowlevel.spectral_strongpeak.mean": 0.8288488388061523, "lowlevel.spectral_strongpeak.stdev": 1.0489637851715088, "lowlevel.zerocrossingrate.mean": 0.059275880455970764, "lowlevel.zerocrossingrate.stdev": 0.029685016721487045, "metadata.audio_properties.analysis.equal_loudness": 0.0, "metadata.audio_properties.analysis.length": 91.37065887451172, "metadata.audio_properties.analysis.sample_rate": 44100.0, "metadata.audio_properties.analysis.start_time": 0.0, "metadata.audio_properties.bit_rate": 118406.0, "metadata.audio_properties.length": 91.37066650390625, "metadata.audio_properties.lossless": 0.0, "metadata.audio_properties.number_channels": 1.0, "metadata.audio_properties.replay_gain": -13.887334823608398, "metadata.audio_properties.sample_rate": 48000.0, "rhythm.beats_count": 190.0, "rhythm.beats_loudness.mean": 0.04743090644478798, "rhythm.beats_loudness.stdev": 0.013012607581913471, "rhythm.bpm": 125.03864288330078, "rhythm.bpm_histogram_first_peak_bpm": 126.0, "rhythm.bpm_histogram_first_peak_weight": 0.4354838728904724, "rhythm.bpm_histogram_second_peak_bpm": 120.0, "rhythm.bpm_histogram_second_peak_spread": 0.0, "rhythm.bpm_histogram_second_peak_weight": 0.005291005130857229, "rhythm.danceability": 1.7665748596191406, "rhythm.onset_rate": 3.8624091148376465, "tonal.chords_changes_rate": 0.05586592108011246, "tonal.chords_number_rate": 0.004570848308503628, "tonal.chords_strength.mean": 0.5323116183280945, "tonal.chords_strength.stdev": 0.08162020146846771, "tonal.hpcp_crest.mean": 14.414073944091797, "tonal.hpcp_crest.stdev": 6.284809589385986, "tonal.hpcp_entropy.mean": 1.8569895029067993, "tonal.hpcp_entropy.stdev": 0.7005537152290344, "tonal.key_edma.strength": 0.8318774104118347, "tonal.key_krumhansl.strength": 0.8367630839347839, "tonal.key_temperley.strength": 0.8466898798942566, "tonal.tuning_diatonic_strength": 0.7656365633010864, "tonal.tuning_equal_tempered_deviation": 0.041827570647001266, "tonal.tuning_frequency": 440.76312255859375, "tonal.tuning_nontempered_energy_ratio": 0.7378765940666199, "lowlevel.barkbands.mean": [0.0003322660631965846, 0.006994499824941158, 0.008152848109602928, 0.004964958876371384, 0.0034440106246620417, 0.0011027415748685598, 0.0007282590959221125, 0.0016449758550152183, 0.0009030416840687394, 0.0012923500034958124, 0.0010148122673854232, 0.0006737104849889874, 0.00043106882367283106, 0.0005279192700982094, 0.000497556000482291, 0.00034430259256623685, 0.0002605905174277723, 0.000188837933819741, 0.0004445766389835626, 0.0005315000307746232, 0.000569854979403317, 0.00010600856330711395, 0.00013554694305639714, 0.00010883000504691154, 9.803273133002222e-05, 6.921776366652921e-05, 2.749474203866953e-09], "lowlevel.barkbands.stdev": [0.00033017442910932004, 0.007219425402581692, 0.00777299702167511, 0.008190630003809929, 0.005506942048668861, 0.0014405219117179513, 0.0013543219538405538, 0.002890319563448429, 0.00227373861707747, 0.0029598968103528023, 0.002720185089856386, 0.0015604787040501833, 0.0011225275229662657, 0.0013013912830501795, 0.0011548304464668036, 0.0006596005987375975, 0.0005071261548437178, 0.000284434063360095, 0.0006136063602752984, 0.0007075223256833851, 0.0007972366292960942, 0.0001512095332145691, 0.00023644483007956296, 0.00016650509496685117, 0.00011923304555239156, 8.591166260885075e-05, 2.7543597624912763e-08], "lowlevel.erbbands.mean": [0.1652425080537796, 1.7401739358901978, 8.616854667663574, 13.475242614746094, 15.562419891357422, 8.954181671142578, 11.044670104980469, 8.640816688537598, 8.254678726196289, 24.309310913085938, 32.18257141113281, 23.692249298095703, 26.810895919799805, 48.11970138549805, 44.107662200927734, 28.06368064880371, 20.734233856201172, 29.347057342529297, 29.663576126098633, 18.812780380249023, 17.51998519897461, 13.668543815612793, 10.29230785369873, 16.660961151123047, 24.667484283447266, 22.590097427368164, 34.68971633911133, 10.85839557647705, 4.093535900115967, 3.614435911178589, 3.852573871612549, 2.4924583435058594, 1.813106656074524, 1.020127534866333, 0.7169418931007385, 0.46658527851104736, 0.09684354811906815, 0.002625664696097374, 0.00010168709559366107, 4.923950837110169e-05], "lowlevel.erbbands.stdev": [0.19126230478286743, 1.8033064603805542, 7.885211944580078, 16.47150230407715, 35.238006591796875, 12.133953094482422, 14.534612655639648, 13.999860763549805, 12.132831573486328, 48.467105865478516, 61.37226104736328, 61.28516387939453, 69.13019561767578, 120.5412368774414, 120.60720825195312, 58.79658889770508, 52.664058685302734, 70.21435546875, 65.59660339355469, 33.863067626953125, 29.58861541748047, 24.11663818359375, 15.259593963623047, 20.396928787231445, 38.46644973754883, 28.49009895324707, 47.50737380981445, 13.205123901367188, 5.566465854644775, 5.557807922363281, 6.91294527053833, 4.107501029968262, 2.7111899852752686, 1.3411526679992676, 0.8436736464500427, 0.5754181742668152, 0.12711979448795319, 0.0035816652234643698, 0.000105223611171823, 2.5413999537704512e-05], "lowlevel.gfcc.mean": [22.55658531188965, 83.2406005859375, -103.78163146972656, 42.21281814575195, -59.027503967285156, 21.59291648864746, -31.846004486083984, 17.37057113647461, -37.045997619628906, 10.705368041992188, -22.620393753051758, -6.146939277648926, -11.631935119628906], "lowlevel.melbands.mean": [0.0016377598512917757, 0.0037348754703998566, 0.002485500415787101, 0.0007876856834627688, 0.0004082279046997428, 0.00019532869919203222, 0.00012796868395525962, 0.00028656251379288733, 0.00024743398535065353, 0.00014090970216784626, 0.0001285320904571563, 0.00019188156875316054, 0.00014093081699684262, 8.892977348295972e-05, 5.206314745009877e-05, 4.903187436866574e-05, 5.3629417379852384e-05, 4.6217028284445405e-05, 3.073612606385723e-05, 2.6782116037793458e-05, 1.888422957563307e-05, 1.5188975339697208e-05, 1.0666386515367776e-05, 8.52875837153988e-06, 1.3619722267321777e-05, 1.7519369066576473e-05, 1.6550984582863748e-05, 1.4839149116596673e-05, 2.3312921257456765e-05, 1.568729931022972e-05, 3.3194410207215697e-06, 2.207598754466744e-06, 2.018485929511371e-06, 2.0373863662825897e-06, 2.2511430870508775e-06, 1.949449142557569e-06, 1.3963280025564018e-06, 1.3446598359223572e-06, 9.199383725899679e-07, 8.745725494918588e-07], "lowlevel.melbands.stdev": [0.0017527907621115446, 0.003350479993969202, 0.003332165302708745, 0.0014455739874392748, 0.000509650562889874, 0.00028877551085315645, 0.00019416367285884917, 0.0005576149560511112, 0.0004915197496302426, 0.0003848484775517136, 0.000350629270542413, 0.0004988864529877901, 0.00038891355507075787, 0.0001988091680686921, 0.00012215007154736668, 0.00012619211338460445, 0.0001344585616607219, 0.00010256938548991457, 6.692871102131903e-05, 5.659425733028911e-05, 3.4878787118941545e-05, 3.0424182114074938e-05, 2.0792920622625388e-05, 1.2586184311658144e-05, 1.7977807146962732e-05, 2.6099261958734132e-05, 2.7015967134502716e-05, 2.090587622660678e-05, 3.2242540328297764e-05, 2.381193007749971e-05, 4.027787781524239e-06, 3.2039990855992073e-06, 3.10095606437244e-06, 3.4044917356368387e-06, 4.096878910786472e-06, 3.5354410101717804e-06, 2.2940753297007177e-06, 2.1140151602594415e-06, 1.2574736274473253e-06, 1.1987156085524475e-06], "lowlevel.melbands128.mean": [0.00022743405133951455, 0.0012946776114404202, 0.0017404701793566346, 0.0031841525342315435, 0.00446300907060504, 0.0037843368481844664, 0.0026944815181195736, 0.002498899819329381, 0.0016530763823539019, 0.0004190733307041228, 0.00045311180292628706, 0.0005588454660028219, 0.0004142912512179464, 0.00020425354887265712, 0.00020153146761003882, 0.00018267838458996266, 0.00015489093493670225, 7.701013964833692e-05, 0.00013589707668870687, 0.0003191542928107083, 0.0003436162369325757, 0.00025394867407158017, 0.0003089314268436283, 0.00012267573038116097, 0.00015320186503231525, 0.0001469565468141809, 0.00010036909952759743, 0.0001535606279503554, 9.865826723398641e-05, 0.00021994338021613657, 0.00024573144037276506, 9.155384759651497e-05, 0.00013189492165111005, 0.00020074374333489686, 7.459487824235111e-05, 6.223198579391465e-05, 9.490796219324693e-05, 4.0335453377338126e-05, 3.741350519703701e-05, 4.41799929831177e-05, 4.42878226749599e-05, 6.941486208233982e-05, 5.711943595088087e-05, 4.915557656204328e-05, 3.229071444366127e-05, 4.312844976084307e-05, 7.139841181924567e-05, 2.6346902814111672e-05, 1.6133803001139313e-05, 2.234016210422851e-05, 3.314463174319826e-05, 2.6577610697131604e-05, 1.603150121809449e-05, 1.6446358131361194e-05, 2.205267082899809e-05, 1.4582338735635858e-05, 9.693432730273344e-06, 1.316278303420404e-05, 1.0329390534025151e-05, 7.1730064519215375e-06, 8.250983228208497e-06, 9.096099347516429e-06, 1.1897016520379111e-05, 1.707515366433654e-05, 1.2810096450266428e-05, 1.666249954723753e-05, 2.1820085748913698e-05, 1.7457175999879837e-05, 1.7882181055028923e-05, 1.1496958904899657e-05, 8.85265035321936e-06, 2.031014628300909e-05, 2.407261126791127e-05, 2.2673919374938123e-05, 2.4605773432995193e-05, 2.069700713036582e-05, 9.642311852076091e-06, 4.175995400146348e-06, 2.5047752387763467e-06, 2.3343295652011875e-06, 2.2613382952840766e-06, 2.172224412788637e-06, 2.07289826903434e-06, 2.2178992367116734e-06, 1.62031778927485e-06, 2.0231414055160712e-06, 2.0575616872520186e-06, 2.31176704801328e-06, 2.1509249563678168e-06, 2.4029220639931737e-06, 2.2464764697360806e-06, 1.871646304607566e-06, 1.3562057574745268e-06, 1.3100843716529198e-06, 1.5324930018323357e-06, 1.2414303682817263e-06, 1.384975689688872e-06, 1.4275816511144512e-06, 7.618222639393935e-07, 8.539797704543162e-07, 6.39418715309148e-07, 1.1121584293505293e-06, 7.939904662634945e-07, 6.823258900112705e-07, 5.367051585380977e-07, 1.181633251690073e-06, 8.998065368359676e-07, 7.093353815434966e-07, 8.019741812859138e-07, 9.708852530820877e-07, 7.163660029618768e-07, 4.806503852705646e-07, 2.2238363328597188e-07, 3.3247008701664527e-08, 1.5361049321427345e-08, 6.985561573635835e-10, 6.212685921269667e-11, 1.236977013874263e-11, 6.603466471549746e-12, 5.732758885657052e-12, 5.467171854123265e-12, 5.245488505362106e-12, 5.138276523014573e-12, 5.0609911227128546e-12, 4.960495122302566e-12, 4.827700305493066e-12, 4.695439783514166e-12, 4.62562106673392e-12], "lowlevel.melbands128.stdev": [0.0002847921568900347, 0.001612766063772142, 0.0023282463662326336, 0.0034543180372565985, 0.004501553252339363, 0.004047197289764881, 0.0035799937322735786, 0.005206118803471327, 0.004174445755779743, 0.000856826372910291, 0.0007378894952125847, 0.0008511531632393599, 0.0006570802652277052, 0.0003181057400070131, 0.00045478009269572794, 0.0003201410872861743, 0.00029308078228496015, 0.00017439475050196052, 0.00037607320700772107, 0.000752145831938833, 0.0008494125795550644, 0.0005660192109644413, 0.0008246470824815333, 0.00041083930409513414, 0.0006262188544496894, 0.0004916852340102196, 0.0003953445702791214, 0.0005682508344762027, 0.0004108714056201279, 0.0006657604244537652, 0.0007973577594384551, 0.00033981853630393744, 0.0005572300287894905, 0.000695983471814543, 0.0003166052920278162, 0.00018341561371926218, 0.0002771051658783108, 0.00015930747031234205, 0.0001470725837862119, 0.00021451999782584608, 0.0001494894822826609, 0.0002452103653922677, 0.00021580856991931796, 0.00015966527280397713, 0.00011695387365762144, 0.00013725932512897998, 0.0002437349467072636, 7.666908641112968e-05, 4.6260411181719974e-05, 7.333647954510525e-05, 9.386175952386111e-05, 6.801820563850924e-05, 4.190840991213918e-05, 4.8158501158468425e-05, 6.433815724449232e-05, 4.168917439528741e-05, 2.1230103811831214e-05, 3.72253853129223e-05, 2.4003020371310413e-05, 1.2798378520528786e-05, 1.5887604604358785e-05, 1.7766456949175335e-05, 1.972258360183332e-05, 2.868583396775648e-05, 2.1402891434263438e-05, 2.9204889870015904e-05, 4.9106696678791195e-05, 4.443261059350334e-05, 3.603054574341513e-05, 1.8812175767379813e-05, 1.3087049410387408e-05, 4.2033952922793105e-05, 4.262603761162609e-05, 3.781272971536964e-05, 4.3634554458549246e-05, 3.958840170525946e-05, 1.5265990441548638e-05, 6.356175617838744e-06, 3.47256104760163e-06, 3.4896206670964602e-06, 3.5331001981830923e-06, 3.7042968870082404e-06, 3.3426053960283753e-06, 3.860429387714248e-06, 2.655820708241663e-06, 3.531358515829197e-06, 3.977542746724794e-06, 4.523081315710442e-06, 3.939670932595618e-06, 5.193087417865172e-06, 4.65132779936539e-06, 3.4486313325032825e-06, 2.5378460577485384e-06, 2.3600584881933173e-06, 2.684735363800428e-06, 2.1496935005416162e-06, 2.4280670913867652e-06, 2.364358124395949e-06, 1.0861625696634292e-06, 1.2114204537283513e-06, 1.0032515547209186e-06, 1.6514701428604894e-06, 1.131023736888892e-06, 9.069777888726094e-07, 6.5511852653799e-07, 1.486828864472045e-06, 1.1881745649588993e-06, 9.110393648370518e-07, 1.0544866881900816e-06, 1.3287434512676555e-06, 1.0005032891058363e-06, 7.523573231082992e-07, 3.72602897869001e-07, 1.010949404189887e-07, 5.691386206763127e-08, 2.9059479267345978e-09, 1.0088597734991822e-09, 1.566583390788523e-10, 4.0973249099129916e-11, 2.1424048299301113e-11, 2.0864853247926085e-11, 1.774103260132609e-11, 1.8214454250431444e-11, 1.9198986150881225e-11, 1.9135054651897576e-11, 1.813429961750046e-11, 1.5137370523721216e-11, 1.3327241220328911e-11], "lowlevel.mfcc.mean": [-624.3007202148438, 112.13862609863281, 11.073193550109863, 28.982389450073242, 0.7185155749320984, 7.8106465339660645, 15.500531196594238, -0.9703492522239685, 4.051569938659668, 7.763874053955078, -5.997886657714844, 2.216625213623047, -1.9712754487991333], "lowlevel.spectral_contrast_coeffs.mean": [-0.6697204113006592, -0.7525332570075989, -0.7626551985740662, -0.7982085943222046, -0.7942554354667664, -0.771399199962616], "lowlevel.spectral_contrast_coeffs.stdev": [0.08387737721204758, 0.07366900146007538, 0.07445614784955978, 0.058010369539260864, 0.046160463243722916, 0.03544927388429642], "lowlevel.spectral_contrast_valleys.mean": [-6.507208347320557, -6.7245001792907715, -7.239894390106201, -7.5431718826293945, -7.200718879699707, -9.829154968261719], "lowlevel.spectral_contrast_valleys.stdev": [0.7362319827079773, 0.5143118500709534, 0.5610508322715759, 0.5354416370391846, 0.6103760004043579, 0.7216430306434631], "rhythm.beats_loudness_band_ratio.mean": [0.6048659682273865, 0.11532921344041824, 0.10787883400917053, 0.11243028193712234, 0.04851815477013588, 0.06585536152124405], "rhythm.beats_loudness_band_ratio.stdev": [0.186008021235466, 0.07829488068819046, 0.09256722778081894, 0.13524597883224487, 0.03887685760855675, 0.039779916405677795], "tonal.hpcp.mean": [0.07532549649477005, 0.07373873144388199, 0.04807135462760925, 0.031512826681137085, 0.032518040388822556, 0.0681302547454834, 0.10575352609157562, 0.08896608650684357, 0.16988979279994965, 0.27576225996017456, 0.18535542488098145, 0.06753387302160263, 0.03976869955658913, 0.04023044928908348, 0.0800580233335495, 0.1529054194688797, 0.14147356152534485, 0.06270314753055573, 0.02656704932451248, 0.020540539175271988, 0.027309946715831757, 0.04172234237194061, 0.047894034534692764, 0.07463077455759048, 0.1258488893508911, 0.12880881130695343, 0.0846470296382904, 0.054975561797618866, 0.059935834258794785, 0.22558368742465973, 0.43341657519340515, 0.31386464834213257, 0.11534766107797623, 0.0781424269080162, 0.05810730159282684, 0.05753602460026741], "tonal.hpcp.stdev": [0.17697614431381226, 0.1728101372718811, 0.13748443126678467, 0.11001868546009064, 0.11459633708000183, 0.16041740775108337, 0.21966665983200073, 0.19154372811317444, 0.2521122694015503, 0.3893148899078369, 0.2711379826068878, 0.16658605635166168, 0.1273096352815628, 0.12738896906375885, 0.16993848979473114, 0.22379238903522491, 0.21035970747470856, 0.1308516561985016, 0.07698622345924377, 0.06930918246507645, 0.09186311066150665, 0.12823043763637543, 0.14194579422473907, 0.17328768968582153, 0.2607973515987396, 0.27309200167655945, 0.21025966107845306, 0.14575499296188354, 0.14874248206615448, 0.26789647340774536, 0.43853291869163513, 0.334563285112381, 0.2158193737268448, 0.195499449968338, 0.1617824137210846, 0.14968447387218475], "rhythm.beats_position": [0.42956915497779846, 0.8707482814788818, 1.3235373497009277, 1.7879364490509033, 2.2639455795288086, 2.739954710006714, 3.2275736331939697, 3.7151927947998047, 4.191201686859131, 4.667210578918457, 5.154829978942871, 5.630838871002197, 6.106847763061523, 6.582857131958008, 7.058866024017334, 7.54648494720459, 8.034104347229004, 8.521722793579102, 8.997732162475586, 9.47374153137207, 9.949749946594238, 10.425759315490723, 10.901768684387207, 11.389387130737305, 11.865396499633789, 12.353015899658203, 12.8406343460083, 13.316643714904785, 13.79265308380127, 14.280271530151367, 14.756280899047852, 15.232290267944336, 15.719908714294434, 16.20752716064453, 16.695146560668945, 17.18276596069336, 17.670385360717773, 18.146394729614258, 18.622404098510742, 19.110021591186523, 19.574420928955078, 20.062040328979492, 20.538049697875977, 21.01405906677246, 21.501678466796875, 21.989295959472656, 22.46530532836914, 22.941314697265625, 23.42893409729004, 23.916553497314453, 24.392560958862305, 24.86857032775879, 25.356189727783203, 25.832199096679688, 26.308208465576172, 26.795827865600586, 27.271835327148438, 27.747844696044922, 28.223854064941406, 28.69986343383789, 29.187482833862305, 29.67510223388672, 30.15110969543457, 30.627119064331055, 31.11473846435547, 31.602357864379883, 32.078365325927734, 32.56598663330078, 33.0303840637207, 33.50639343261719, 33.98240280151367, 34.458412170410156, 34.94602966308594, 35.433650970458984, 35.90966033935547, 36.38566970825195, 36.850067138671875, 37.337684631347656, 37.8253059387207, 38.312923431396484, 38.78893280029297, 39.26494216918945, 39.7525634765625, 40.24018096923828, 40.716190338134766, 41.19219970703125, 41.668209075927734, 42.14421844482422, 42.6202278137207, 43.09623336791992, 43.58385467529297, 44.07147216796875, 44.547481536865234, 45.02349090576172, 45.4995002746582, 45.97550964355469, 46.46312713623047, 46.93913650512695, 47.41514587402344, 47.902767181396484, 48.3787727355957, 48.85478210449219, 49.342403411865234, 49.81841278076172, 50.2944221496582, 50.782039642333984, 51.25804901123047, 51.74566650390625, 52.221675872802734, 52.70929718017578, 53.1736946105957, 53.66131591796875, 54.14893341064453, 54.63655090332031, 55.1125602722168, 55.58856964111328, 56.064579010009766, 56.54058837890625, 57.016597747802734, 57.49260711669922, 57.980224609375, 58.46784591674805, 58.93224334716797, 59.40825271606445, 59.88426208496094, 60.37187957763672, 60.859500885009766, 61.33551025390625, 61.811519622802734, 62.28752899169922, 62.76353454589844, 63.251155853271484, 63.72716522216797, 64.20317077636719, 64.6907958984375, 65.17841339111328, 65.6544189453125, 66.13043212890625, 66.61804962158203, 67.08245086669922, 67.55845642089844, 68.03446960449219, 68.5104751586914, 68.98648071289062, 69.46249389648438, 69.9384994506836, 70.41451263427734, 70.89051818847656, 71.36653137207031, 71.84253692626953, 72.31855010986328, 72.7945556640625, 73.28217315673828, 73.75818634033203, 74.23419189453125, 74.72180938720703, 75.19782257080078, 75.673828125, 76.16145324707031, 76.6490707397461, 77.13668823242188, 77.6126937866211, 78.08870697021484, 78.57632446289062, 79.0639419555664, 79.55155944824219, 80.0391845703125, 80.53841400146484, 81.01441955566406, 81.49043273925781, 81.96643829345703, 82.45405578613281, 82.9416732788086, 83.41768646240234, 83.89369201660156, 84.38131713867188, 84.8573226928711, 85.33332824707031, 85.82095336914062, 86.29695892333984, 86.7729721069336, 87.24897766113281, 87.72499084472656, 88.21260833740234, 88.70022583007812, 89.16462707519531, 89.6522445678711, 90.13986206054688, 90.62747955322266, 91.09188079833984], "rhythm.bpm_histogram": [0.0, 0.0, 0.0, 0.0, 0.0, 0.0, 0.0, 0.0, 0.0, 0.0, 0.0, 0.0, 0.0, 0.0, 0.0, 0.0, 0.0, 0.0, 0.0, 0.0, 0.0, 0.0, 0.0, 0.0, 0.0, 0.0, 0.0, 0.0, 0.0, 0.0, 0.0, 0.0, 0.0, 0.0, 0.0, 0.0, 0.0, 0.0, 0.0, 0.0, 0.0, 0.0, 0.0, 0.0, 0.0, 0.0, 0.0, 0.0, 0.0, 0.0, 0.0, 0.0, 0.0, 0.0, 0.0, 0.0, 0.0, 0.0, 0.0, 0.0, 0.0, 0.0, 0.0, 0.0, 0.0, 0.0, 0.0, 0.0, 0.0, 0.0, 0.0, 0.0, 0.0, 0.0, 0.0, 0.0, 0.0, 0.0, 0.0, 0.0, 0.0, 0.0, 0.0, 0.0, 0.0, 0.0, 0.0, 0.0, 0.0, 0.0, 0.0, 0.0, 0.0, 0.0, 0.0, 0.0, 0.0, 0.0, 0.0, 0.0, 0.0, 0.0, 0.0, 0.0, 0.0, 0.0, 0.0, 0.0, 0.0, 0.0, 0.0, 0.0, 0.0, 0.0, 0.0, 0.0, 0.0, 0.0, 0.0, 0.0, 0.005291005130857229, 0.0, 0.0, 0.380952388048172, 0.0, 0.0, 0.5555555820465088, 0.0, 0.0, 0.0476190485060215, 0.0, 0.0, 0.0, 0.005291005130857229, 0.0, 0.0, 0.005291005130857229, 0.0, 0.0, 0.0, 0.0, 0.0, 0.0, 0.0, 0.0, 0.0, 0.0, 0.0, 0.0, 0.0, 0.0, 0.0, 0.0, 0.0, 0.0, 0.0, 0.0, 0.0, 0.0, 0.0, 0.0, 0.0, 0.0, 0.0, 0.0, 0.0, 0.0, 0.0, 0.0, 0.0, 0.0, 0.0, 0.0, 0.0, 0.0, 0.0, 0.0, 0.0, 0.0, 0.0, 0.0, 0.0, 0.0, 0.0, 0.0, 0.0, 0.0, 0.0, 0.0, 0.0, 0.0, 0.0, 0.0, 0.0, 0.0, 0.0, 0.0, 0.0, 0.0, 0.0, 0.0, 0.0, 0.0, 0.0, 0.0, 0.0, 0.0, 0.0, 0.0, 0.0, 0.0, 0.0, 0.0, 0.0, 0.0, 0.0, 0.0, 0.0, 0.0, 0.0, 0.0, 0.0, 0.0, 0.0, 0.0, 0.0, 0.0, 0.0, 0.0, 0.0, 0.0, 0.0, 0.0, 0.0, 0.0, 0.0, 0.0, 0.0, 0.0, 0.0, 0.0, 0.0, 0.0, 0.0, 0.0, 0.0, 0.0, 0.0, 0.0, 0.0], "tonal.chords_histogram": [19.45149803161621, 0.0, 10.005078315734863, 0.20314881205558777, 2.5901472568511963, 8.583037376403809, 0.0, 26.917217254638672, 1.6251904964447021, 21.838497161865234, 0.0, 1.7775520086288452, 0.0, 0.0, 0.0, 0.0, 0.0, 0.0, 0.0, 0.0, 0.0, 0.0, 7.008633613586426, 0.0], "tonal.thpcp": [1.0, 0.7241639494895935, 0.2661357820034027, 0.18029403686523438, 0.13406801223754883, 0.13274994492530823, 0.173794686794281, 0.17013362050056458, 0.11091259121894836, 0.07270794361829758, 0.0750272199511528, 0.15719346702098846, 0.24399973452091217, 0.20526692271232605, 0.39197808504104614, 0.636252224445343, 0.42766115069389343, 0.15581746399402618, 0.09175629913806915, 0.09282166510820389, 0.18471379578113556, 0.352790892124176, 0.32641473412513733, 0.14467178285121918, 0.06129680201411247, 0.047392141073942184, 0.06301084905862808, 0.0962638333439827, 0.11050346493721008, 0.17219178378582, 0.29036474227905273, 0.2971940040588379, 0.19530178606510162, 0.12684231996536255, 0.13828690350055695, 0.5204777717590332], "lowlevel.gfcc.cov": [[2011.7655029296875, -457.25238037109375, -416.8855895996094, 6.265841484069824, -79.23275756835938, 8.713250160217285, -49.420928955078125, -15.280401229858398, -215.3299560546875, -37.7918701171875, -160.0963897705078, -50.505882263183594, -33.908939361572266], [-457.25238037109375, 874.1494140625, 162.55836486816406, 47.72526168823242, 338.48236083984375, 60.5903205871582, 240.08482360839844, 92.4428482055664, 134.4728240966797, 49.815521240234375, 94.38951873779297, -118.47571563720703, 30.989459991455078], [-416.8855895996094, 162.55836486816406, 797.575927734375, 194.27378845214844, 64.13552856445312, 120.1360855102539, -14.305312156677246, 84.56922149658203, 171.02096557617188, 22.154926300048828, 31.021289825439453, 84.70061492919922, -111.54446411132812], [6.265841484069824, 47.72526168823242, 194.27378845214844, 286.9373474121094, 111.41033172607422, 14.172141075134277, 53.82563781738281, 89.37709045410156, 71.87500762939453, -3.765760660171509, -8.937799453735352, -8.244065284729004, 11.959610939025879], [-79.23275756835938, 338.48236083984375, 64.13552856445312, 111.41033172607422, 343.1517028808594, 126.25253295898438, 185.8042449951172, 105.89663696289062, 55.55743408203125, 39.511600494384766, 24.00568199157715, -53.749961853027344, 29.096891403198242], [8.713250160217285, 60.5903205871582, 120.1360855102539, 14.172141075134277, 126.25253295898438, 252.55413818359375, 131.945068359375, 16.695253372192383, 17.04079246520996, 23.892641067504883, 32.81561279296875, -15.864340782165527, -25.532733917236328], [-49.420928955078125, 240.08482360839844, -14.305312156677246, 53.82563781738281, 185.8042449951172, 131.945068359375, 266.3533630371094, 106.57198333740234, 17.63011932373047, 54.34307861328125, 45.3538818359375, -64.5989990234375, 31.65943717956543], [-15.280401229858398, 92.4428482055664, 84.56922149658203, 89.37709045410156, 105.89663696289062, 16.695253372192383, 106.57198333740234, 164.38516235351562, 86.33129119873047, 35.962867736816406, 7.415672302246094, -1.2931941747665405, 17.241703033447266], [-215.3299560546875, 134.4728240966797, 171.02096557617188, 71.87500762939453, 55.55743408203125, 17.04079246520996, 17.63011932373047, 86.33129119873047, 158.54222106933594, 44.38732147216797, 16.605588912963867, 5.859472274780273, -3.6555163860321045], [-37.7918701171875, 49.815521240234375, 22.154926300048828, -3.765760660171509, 39.511600494384766, 23.892641067504883, 54.34307861328125, 35.962867736816406, 44.38732147216797, 112.87818145751953, 49.07035827636719, -14.798124313354492, 8.1730375289917], [-160.0963897705078, 94.38951873779297, 31.021289825439453, -8.937799453735352, 24.00568199157715, 32.81561279296875, 45.3538818359375, 7.415672302246094, 16.605588912963867, 49.07035827636719, 99.71410369873047, 18.703401565551758, 6.213799476623535], [-50.505882263183594, -118.47571563720703, 84.70061492919922, -8.244065284729004, -53.749961853027344, -15.864340782165527, -64.5989990234375, -1.2931941747665405, 5.859472274780273, -14.798124313354492, 18.703401565551758, 115.41995239257812, 7.240095615386963], [-33.908939361572266, 30.989459991455078, -111.54446411132812, 11.959610939025879, 29.096891403198242, -25.532733917236328, 31.65943717956543, 17.241703033447266, -3.6555163860321045, 8.1730375289917, 6.213799476623535, 7.240095615386963, 95.5782699584961]], "lowlevel.gfcc.icov": [[0.001124327420257032, -0.001116075087338686, 0.0014208494685590267, -0.0016348737990483642, 0.001300886506214738, -0.0021652269642800093, 0.002033785916864872, -0.002423454774543643, 0.0030123847536742687, -0.0023467859718948603, 0.002739398740231991, -0.0013953690649941564, 0.0016560712829232216], [-0.001116075087338686, 0.008316302672028542, -0.004859677515923977, 0.006319322623312473, -0.007920936681330204, 0.008818608708679676, -0.008158888667821884, 0.007910112850368023, -0.009664999321103096, 0.008831056766211987, -0.00951102003455162, 0.008568238466978073, -0.004667295143008232], [0.0014208494685590267, -0.004859677515923977, 0.006585622671991587, -0.006123118102550507, 0.0047058709897100925, -0.006932476535439491, 0.005576286930590868, -0.005299829877912998, 0.004618839360773563, -0.0063306293450295925, 0.006670302711427212, -0.007917786948382854, 0.00724019343033433], [-0.0016348737990483642, 0.006319322623312473, -0.006123118102550507, 0.01123649999499321, -0.007322896271944046, 0.008339369669556618, -0.006830609403550625, 0.005336991976946592, -0.008729800581932068, 0.009212576784193516, -0.008209532126784325, 0.008411837741732597, -0.006649160757660866], [0.001300886506214738, -0.007920936681330204, 0.0047058709897100925, -0.007322896271944046, 0.013377486728131771, -0.010394292883574963, 0.006187078543007374, -0.009225509129464626, 0.009224864654242992, -0.008498230949044228, 0.009229394607245922, -0.006630581337958574, 0.003185354173183441], [-0.0021652269642800093, 0.008818608708679676, -0.006932476535439491, 0.008339369669556618, -0.010394292883574963, 0.01833973452448845, -0.015217704698443413, 0.01409157458692789, -0.013238481245934963, 0.010674549266695976, -0.010745532810688019, 0.007107506040483713, -0.0034580924548208714], [0.002033785916864872, -0.008158888667821884, 0.005576286930590868, -0.006830609403550625, 0.006187078543007374, -0.015217704698443413, 0.023392328992486, -0.018663933500647545, 0.016223330050706863, -0.01039941981434822, 0.005510522052645683, -0.0015466043259948492, 0.0016676376108080149], [-0.002423454774543643, 0.007910112850368023, -0.005299829877912998, 0.005336991976946592, -0.009225509129464626, 0.01409157458692789, -0.018663933500647545, 0.026861978694796562, -0.01942123845219612, 0.008512216620147228, -0.006310921628028154, 0.002150442451238632, -0.003591280896216631], [0.0030123847536742687, -0.009664999321103096, 0.004618839360773563, -0.008729800581932068, 0.009224864654242992, -0.013238481245934963, 0.016223330050706863, -0.01942123845219612, 0.02795105054974556, -0.015362631529569626, 0.011876151897013187, -0.006878860294818878, 0.004601648077368736], [-0.0023467859718948603, 0.008831056766211987, -0.0063306293450295925, 0.009212576784193516, -0.008498230949044228, 0.010674549266695976, -0.01039941981434822, 0.008512216620147228, -0.015362631529569626, 0.02490275725722313, -0.01828899048268795, 0.012524724937975407, -0.007365697529166937], [0.002739398740231991, -0.00951102003455162, 0.006670302711427212, -0.008209532126784325, 0.009229394607245922, -0.010745532810688019, 0.005510522052645683, -0.006310921628028154, 0.011876151897013187, -0.01828899048268795, 0.029512368142604828, -0.01643315702676773, 0.007844616658985615], [-0.0013953690649941564, 0.008568238466978073, -0.007917786948382854, 0.008411837741732597, -0.006630581337958574, 0.007107506040483713, -0.0015466043259948492, 0.002150442451238632, -0.006878860294818878, 0.012524724937975407, -0.01643315702676773, 0.02566140703856945, -0.011734121479094028], [0.0016560712829232216, -0.004667295143008232, 0.00724019343033433, -0.006649160757660866, 0.003185354173183441, -0.0034580924548208714, 0.0016676376108080149, -0.003591280896216631, 0.004601648077368736, -0.007365697529166937, 0.007844616658985615, -0.011734121479094028, 0.021231763064861298]], "lowlevel.mfcc.cov": [[2237.37255859375, -552.2396240234375, -494.55462646484375, -79.1892318725586, -166.2388458251953, -47.931182861328125, 37.28861618041992, -84.08592224121094, -42.07692337036133, -33.13671112060547, -190.8939208984375, -129.3300018310547, -86.03887939453125], [-552.2396240234375, 818.539306640625, -34.024784088134766, 78.66661834716797, 114.99185943603516, 74.34780883789062, 169.2181854248047, 33.29496383666992, 102.49044036865234, 124.20256805419922, 108.30967712402344, 63.61705017089844, 58.204254150390625], [-494.55462646484375, -34.024784088134766, 679.0250244140625, 60.288108825683594, 118.50376892089844, 44.246517181396484, -137.78416442871094, 99.91801452636719, -20.641860961914062, -50.40612030029297, 132.51560974121094, 58.00139236450195, 21.51445770263672], [-79.1892318725586, 78.66661834716797, 60.288108825683594, 293.0168151855469, 100.52892303466797, -49.829437255859375, 27.16534996032715, 43.48529052734375, 110.51837921142578, 24.912399291992188, 10.188715934753418, 78.0982666015625, 22.46348762512207], [-166.2388458251953, 114.99185943603516, 118.50376892089844, 100.52892303466797, 190.16226196289062, 54.73469161987305, 2.0168650150299072, 67.21809387207031, 61.77647399902344, 30.00136947631836, 40.77488708496094, 25.3606014251709, 28.723102569580078], [-47.931182861328125, 74.34780883789062, 44.246517181396484, -49.829437255859375, 54.73469161987305, 189.42794799804688, 112.1478500366211, 33.24872589111328, 4.196220397949219, 61.731388092041016, 26.00690269470215, -18.333192825317383, 12.144472122192383], [37.28861618041992, 169.2181854248047, -137.78416442871094, 27.16534996032715, 2.0168650150299072, 112.1478500366211, 280.65869140625, 40.411651611328125, 50.2122802734375, 109.23009490966797, -0.8931911587715149, 25.938901901245117, 28.21185874938965], [-84.08592224121094, 33.29496383666992, 99.91801452636719, 43.48529052734375, 67.21809387207031, 33.24872589111328, 40.411651611328125, 144.54107666015625, 57.02587127685547, 7.314652442932129, 27.584760665893555, 15.95850658416748, 24.21537208557129], [-42.07692337036133, 102.49044036865234, -20.641860961914062, 110.51837921142578, 61.77647399902344, 4.196220397949219, 50.2122802734375, 57.02587127685547, 157.16957092285156, 83.20747375488281, 6.312145233154297, 39.15399169921875, 26.42949867248535], [-33.13671112060547, 124.20256805419922, -50.40612030029297, 24.912399291992188, 30.00136947631836, 61.731388092041016, 109.23009490966797, 7.314652442932129, 83.20747375488281, 157.96359252929688, 38.01762008666992, 26.848194122314453, 26.065521240234375], [-190.8939208984375, 108.30967712402344, 132.51560974121094, 10.188715934753418, 40.77488708496094, 26.00690269470215, -0.8931911587715149, 27.584760665893555, 6.312145233154297, 38.01762008666992, 123.50196075439453, 49.625057220458984, 5.173948764801025], [-129.3300018310547, 63.61705017089844, 58.00139236450195, 78.0982666015625, 25.3606014251709, -18.333192825317383, 25.938901901245117, 15.95850658416748, 39.15399169921875, 26.848194122314453, 49.625057220458984, 113.77046203613281, 31.516286849975586], [-86.03887939453125, 58.204254150390625, 21.51445770263672, 22.46348762512207, 28.723102569580078, 12.144472122192383, 28.21185874938965, 24.21537208557129, 26.42949867248535, 26.065521240234375, 5.173948764801025, 31.516286849975586, 81.66419982910156]], "lowlevel.mfcc.icov": [[0.000704907055478543, 0.0005085757002234459, 0.00047122265095822513, -0.00013773828686680645, 4.687155887950212e-05, -5.283932478050701e-05, -0.00017403574020136148, -4.634958713722881e-06, -6.481391028501093e-05, -1.2346366020210553e-05, 3.6736483366439643e-07, 0.0003523787308949977, 0.00023570777557324618], [0.0005085757002234459, 0.0023217652924358845, 0.0005673029227182269, 0.0001484290260123089, -0.0011012648465111852, 0.0004498580819927156, -0.0016214281786233187, 0.001144689740613103, -0.0012952572433277965, 0.0007695975946262479, -0.0023859336506575346, 0.0009445005562156439, -0.0008078854880295694], [0.00047122265095822513, 0.0005673029227182269, 0.0034064147621393204, -0.0012229603016749024, 5.216803037910722e-05, -0.002068480709567666, 0.0021960854064673185, -0.0018754176562651992, 0.0011658647563308477, 0.00045142241287976503, -0.0024187348317354918, -0.0005667194491252303, -0.0005316308233886957], [-0.00013773828686680645, 0.0001484290260123089, -0.0012229603016749024, 0.007862502709031105, -0.004254437051713467, 0.0039577181451022625, -0.003031837986782193, 0.0018552932888269424, -0.004516266286373138, 0.0018682568334043026, 0.0011487826704978943, -0.0027022212743759155, 0.001148988725617528], [4.687155887950212e-05, -0.0011012648465111852, 5.216803037910722e-05, -0.004254437051713467, 0.011186989955604076, -0.005231969058513641, 0.004026590846478939, -0.003285179380327463, -2.563951966294553e-05, -0.0008944915607571602, -0.00038488104473799467, 0.0005677368608303368, -0.0014836575137451291], [-5.283932478050701e-05, 0.0004498580819927156, -0.002068480709567666, 0.0039577181451022625, -0.005231969058513641, 0.012687384150922298, -0.006602908950299025, 0.00127461738884449, 1.5394703950732946e-05, -0.0015304285334423184, -0.000661225407384336, 0.003138297935947776, 0.00025076084421016276], [-0.00017403574020136148, -0.0016214281786233187, 0.0021960854064673185, -0.003031837986782193, 0.004026590846478939, -0.006602908950299025, 0.011093289591372013, -0.005425692070275545, 0.004167547915130854, -0.0056055462919175625, 0.003395654493942857, -0.0037152660079300404, 0.00022900458134245127], [-4.634958713722881e-06, 0.001144689740613103, -0.0018754176562651992, 0.0018552932888269424, -0.003285179380327463, 0.00127461738884449, -0.005425692070275545, 0.01382548175752163, -0.007935307919979095, 0.0065329913049936295, -0.004155326634645462, 0.0029653520323336124, -0.0024944681208580732], [-6.481391028501093e-05, -0.0012952572433277965, 0.001165864756330847