{"song_id": "1182272753122938922", "download": "https://cdn.discordapp.com/attachments/1128313332273782784/1182272753122938922/chirp.mp4?ex=6584184d&amp", "lyrics": "[Verse]\n\u042d\u0439, \u0439\u043e\u0443, \u0441\u0435\u0433\u043e\u0434\u043d\u044f \u044f \u0437\u0430\u0447\u0438\u0442\u0430\u044e \u0432\u0430\u043c \u043f\u0440\u043e \u041c\u0430\u043a\u0441\u0438\u043c\u0430 \u041a\u043b\u0451\u043f\u043a\u0443 (ooh-yeah)\n\u042d\u0442\u043e\u0442 \u043f\u0430\u0440\u0435\u043d\u044c \u043d\u0435 \u043f\u0440\u043e\u043c\u0430\u0445, \u043c\u043e\u0436\u0435\u0442 \u0443\u0441\u0442\u0440\u043e\u0438\u0442\u044c \u0432\u0430\u043c \u043d\u0435\u043c\u0430\u043b\u0443\u044e \u0442\u0440\u0451\u043f\u043a\u0443 (brr yeah)\n\u0412\u044b \u0434\u043e\u043b\u0436\u043d\u044b \u0437\u043d\u0430\u0442\u044c \u0435\u0433\u043e, \u0438\u043b\u0438 \u0445\u043e\u0442\u044f \u0431\u044b \u0432\u0438\u0434\u0435\u043b\u0438 \u0432 \u0422\u0413 \u043a\u0440\u0443\u0436\u043a\u0435\u0301 \u0435\u0433\u043e \u043f \u043e\u0301\u043f\u043a\u0443 (nah nah)\n\u041e\u043d \u0431\u044b\u0432\u0430\u043b\u044b\u0439 \u0437\u0430\u0434\u0440\u043e\u0442, \u043d\u043e \u043f\u0440\u0438 \u044d\u0442\u043e\u043c \u0447\u0430\u0441\u0442\u0435\u043d\u044c\u043a\u043e \u043b\u044e\u0431\u0438\u0442 \u0432\u044b\u043f\u0438\u0442\u044c \u0441\u0442\u043e\u043f\u043a\u0443\n\n[Verse]\n\u0418\u0433\u0440\u044b \u044d\u0442\u043e \u0435\u0433\u043e \u0430\u0434\u0440\u0435\u043d\u0430\u043b\u0438\u043d, \u044d\u0442\u043e \u0435\u0433\u043e \u0436\u0438\u0437\u043d\u044c\n\u041e\u043d \u043d\u0435 \u043c\u043e\u0436\u0435\u0442 \u0431\u0435\u0437 \u043d\u0438\u0445, \u043a\u0430\u043a \u0431\u0435\u0437 \u043a\u0430\u0439\u0444\u0430 \u043d \u0430\u0301\u0440\u043a\u043e\u0448\u0430 (brr)\n\u041f\u043e\u0431\u0435\u0433\u0430\u0442\u044c \u0432 DayZ \u0438\u043b\u0438 \u043f\u043e\u0442\u0430\u0301\u043d\u0447\u0438\u0442\u044c \u0432 War Thunder\n\u042d\u0442\u043e \u0442\u043e, \u043e\u0442 \u0447\u0435\u0433\u043e \u0431\u043e\u043b\u044c\u0448\u0435 \u0432\u0441\u0435\u0433\u043e \u043a\u0430\u0439\u0444\u0443\u0435\u0442 \u044d\u0442\u043e\u0442 \u0410\u043b\u0451\u0448\u0430 (yeah)", "style": ["rock</span><span>, female vocal"], "essentia_features": {"lowlevel.average_loudness": 0.9742116332054138, "lowlevel.barkbands_crest.mean": 14.008912086486816, "lowlevel.barkbands_crest.stdev": 5.550529479980469, "lowlevel.barkbands_flatness_db.mean": 0.2295466512441635, "lowlevel.barkbands_flatness_db.stdev": 0.07717332243919373, "lowlevel.barkbands_kurtosis.mean": 35.2099723815918, "lowlevel.barkbands_kurtosis.stdev": 66.97015380859375, "lowlevel.barkbands_skewness.mean": 3.530028820037842, "lowlevel.barkbands_skewness.stdev": 3.182302951812744, "lowlevel.barkbands_spread.mean": 13.5460844039917, "lowlevel.barkbands_spread.stdev": 18.0808048248291, "lowlevel.dissonance.mean": 0.42212730646133423, "lowlevel.dissonance.stdev": 0.0630478784441948, "lowlevel.dynamic_complexity": 3.296414852142334, "lowlevel.erbbands_crest.mean": 11.608966827392578, "lowlevel.erbbands_crest.stdev": 5.393264293670654, "lowlevel.erbbands_flatness_db.mean": 0.16294114291667938, "lowlevel.erbbands_flatness_db.stdev": 0.0598299466073513, "lowlevel.erbbands_kurtosis.mean": 4.548696517944336, "lowlevel.erbbands_kurtosis.stdev": 7.400486469268799, "lowlevel.erbbands_skewness.mean": 1.1788630485534668, "lowlevel.erbbands_skewness.stdev": 1.3295989036560059, "lowlevel.erbbands_spread.mean": 39.22488021850586, "lowlevel.erbbands_spread.stdev": 33.38264083862305, "lowlevel.hfc.mean": 13.91573429107666, "lowlevel.hfc.stdev": 23.890945434570312, "lowlevel.loudness_ebu128.integrated": -17.431177139282227, "lowlevel.loudness_ebu128.loudness_range": 1.0092544555664062, "lowlevel.loudness_ebu128.momentary.mean": -17.745676040649414, "lowlevel.loudness_ebu128.momentary.stdev": 1.9877843856811523, "lowlevel.loudness_ebu128.short_term.mean": -17.452945709228516, "lowlevel.loudness_ebu128.short_term.stdev": 0.3394901752471924, "lowlevel.melbands_crest.mean": 20.86785125732422, "lowlevel.melbands_crest.stdev": 8.039558410644531, "lowlevel.melbands_flatness_db.mean": 0.343105286359787, "lowlevel.melbands_flatness_db.stdev": 0.10029001533985138, "lowlevel.melbands_kurtosis.mean": 58.584571838378906, "lowlevel.melbands_kurtosis.stdev": 99.50249481201172, "lowlevel.melbands_skewness.mean": 4.323904991149902, "lowlevel.melbands_skewness.stdev": 3.6546571254730225, "lowlevel.melbands_spread.mean": 10.552834510803223, "lowlevel.melbands_spread.stdev": 14.764941215515137, "lowlevel.pitch_salience.mean": 0.46505823731422424, "lowlevel.pitch_salience.stdev": 0.15276239812374115, "lowlevel.silence_rate_20dB.mean": 1.0, "lowlevel.silence_rate_20dB.stdev": 0.0, "lowlevel.silence_rate_30dB.mean": 0.9387917518615723, "lowlevel.silence_rate_30dB.stdev": 0.2397112250328064, "lowlevel.silence_rate_60dB.mean": 0.022257551550865173, "lowlevel.silence_rate_60dB.stdev": 0.1475217044353485, "lowlevel.spectral_centroid.mean": 779.2843627929688, "lowlevel.spectral_centroid.stdev": 765.6118774414062, "lowlevel.spectral_complexity.mean": 8.424483299255371, "lowlevel.spectral_complexity.stdev": 8.253969192504883, "lowlevel.spectral_decrease.mean": -8.73983019289426e-09, "lowlevel.spectral_decrease.stdev": 1.0286306029172465e-08, "lowlevel.spectral_energy.mean": 0.03424831107258797, "lowlevel.spectral_energy.stdev": 0.039528172463178635, "lowlevel.spectral_energyband_high.mean": 0.0007455605082213879, "lowlevel.spectral_energyband_high.stdev": 0.002296163933351636, "lowlevel.spectral_energyband_low.mean": 0.022154154255986214, "lowlevel.spectral_energyband_low.stdev": 0.03086801804602146, "lowlevel.spectral_energyband_middle_high.mean": 0.001523860963061452, "lowlevel.spectral_energyband_middle_high.stdev": 0.0038027167320251465, "lowlevel.spectral_energyband_middle_low.mean": 0.011444894596934319, "lowlevel.spectral_energyband_middle_low.stdev": 0.019319402053952217, "lowlevel.spectral_entropy.mean": 7.088026523590088, "lowlevel.spectral_entropy.stdev": 0.6782690286636353, "lowlevel.spectral_flux.mean": 0.0887933149933815, "lowlevel.spectral_flux.stdev": 0.08624546974897385, "lowlevel.spectral_kurtosis.mean": 7.950693607330322, "lowlevel.spectral_kurtosis.stdev": 7.54120397567749, "lowlevel.spectral_rms.mean": 0.0052061439491808414, "lowlevel.spectral_rms.stdev": 0.002511780010536313, "lowlevel.spectral_rolloff.mean": 751.1480712890625, "lowlevel.spectral_rolloff.stdev": 1571.1175537109375, "lowlevel.spectral_skewness.mean": 2.2267682552337646, "lowlevel.spectral_skewness.stdev": 1.0038444995880127, "lowlevel.spectral_spread.mean": 5829063.5, "lowlevel.spectral_spread.stdev": 3012363.75, "lowlevel.spectral_strongpeak.mean": 0.6138578057289124, "lowlevel.spectral_strongpeak.stdev": 0.755826473236084, "lowlevel.zerocrossingrate.mean": 0.037145473062992096, "lowlevel.zerocrossingrate.stdev": 0.04026389494538307, "metadata.audio_properties.analysis.equal_loudness": 0.0, "metadata.audio_properties.analysis.length": 29.182947158813477, "metadata.audio_properties.analysis.sample_rate": 44100.0, "metadata.audio_properties.analysis.start_time": 0.0, "metadata.audio_properties.bit_rate": 124950.0, "metadata.audio_properties.length": 29.18400001525879, "metadata.audio_properties.lossless": 0.0, "metadata.audio_properties.number_channels": 1.0, "metadata.audio_properties.replay_gain": -10.326154708862305, "metadata.audio_properties.sample_rate": 48000.0, "rhythm.beats_count": 66.0, "rhythm.beats_loudness.mean": 0.08022473007440567, "rhythm.beats_loudness.stdev": 0.046473678201436996, "rhythm.bpm": 137.65911865234375, "rhythm.bpm_histogram_first_peak_bpm": 136.0, "rhythm.bpm_histogram_first_peak_weight": 0.4516128897666931, "rhythm.bpm_histogram_second_peak_bpm": 144.0, "rhythm.bpm_histogram_second_peak_spread": 0.0, "rhythm.bpm_histogram_second_peak_weight": 0.04615384712815285, "rhythm.danceability": 1.8472764492034912, "rhythm.onset_rate": 5.445374488830566, "tonal.chords_changes_rate": 0.04603174701333046, "tonal.chords_number_rate": 0.007936508394777775, "tonal.chords_strength.mean": 0.6255816221237183, "tonal.chords_strength.stdev": 0.07386104762554169, "tonal.hpcp_crest.mean": 13.560635566711426, "tonal.hpcp_crest.stdev": 5.820185661315918, "tonal.hpcp_entropy.mean": 1.947573184967041, "tonal.hpcp_entropy.stdev": 0.7014981508255005, "tonal.key_edma.strength": 0.780137836933136, "tonal.key_krumhansl.strength": 0.7831870913505554, "tonal.key_temperley.strength": 0.7805584669113159, "tonal.tuning_diatonic_strength": 0.7524426579475403, "tonal.tuning_equal_tempered_deviation": 0.2406177520751953, "tonal.tuning_frequency": 434.193115234375, "tonal.tuning_nontempered_energy_ratio": 0.9283995032310486, "lowlevel.barkbands.mean": [0.0014407753478735685, 0.015549829229712486, 0.0035990956239402294, 0.0024646318051964045, 0.002200815360993147, 0.0013177217915654182, 0.001978390384465456, 0.0025635871570557356, 0.000815472740214318, 0.00024008781474549323, 0.0002844278933480382, 0.0003654476022347808, 0.000180518050910905, 0.00011244724009884521, 0.00010444423969602212, 8.15546081867069e-05, 6.469216896221042e-05, 4.430181434145197e-05, 5.1717914175242186e-05, 8.70580188347958e-05, 8.103787695290521e-05, 0.00011424584226915613, 0.0001741362939355895, 0.00010834082058863714, 0.00013122880773153156, 8.849153527989984e-05, 3.824306077149231e-06], "lowlevel.barkbands.stdev": [0.0012769346358254552, 0.022729679942131042, 0.011903566308319569, 0.008610588498413563, 0.005588322877883911, 0.00264040962792933, 0.0038873895537108183, 0.005888932850211859, 0.002410539425909519, 0.000734875735361129, 0.0009803513530641794, 0.0013938680058345199, 0.0005206275964155793, 0.00032725598430261016, 0.0002884930872824043, 0.00021518005814868957, 0.00016847753431648016, 0.00018604756041895598, 0.00019203998090233654, 0.00024604552891105413, 0.0002807097334880382, 0.00038170069456100464, 0.0006759386160410941, 0.0004084340180270374, 0.0004058371705468744, 0.00023305504873860627, 9.983853487938177e-06], "lowlevel.erbbands.mean": [0.7267720699310303, 2.381917953491211, 3.563768148422241, 7.755012512207031, 5.417945384979248, 7.816376686096191, 8.998048782348633, 12.707565307617188, 29.849966049194336, 44.69630432128906, 40.58048629760742, 21.37212371826172, 9.2887544631958, 8.023836135864258, 14.112725257873535, 13.582417488098145, 8.726736068725586, 5.918118476867676, 6.246610164642334, 4.731013298034668, 4.5578131675720215, 3.638953685760498, 2.5608596801757812, 2.3028523921966553, 3.199758768081665, 4.110676288604736, 3.4197397232055664, 3.1884772777557373, 4.0394287109375, 5.084273338317871, 4.5548272132873535, 2.4577109813690186, 1.8732162714004517, 1.509489893913269, 0.8827143907546997, 0.4345834255218506, 0.15043285489082336, 0.023968229070305824, 0.0005453918129205704, 5.6381410104222596e-05], "lowlevel.erbbands.stdev": [0.9045522212982178, 4.615299701690674, 11.572212219238281, 24.40431022644043, 23.347917556762695, 17.234525680541992, 19.148427963256836, 24.7653865814209, 62.995845794677734, 88.6760482788086, 108.28298950195312, 64.55064392089844, 28.451969146728516, 23.888689041137695, 55.86601638793945, 48.689125061035156, 24.242212295532227, 16.054603576660156, 18.276674270629883, 12.370546340942383, 11.826394081115723, 9.698494911193848, 10.213592529296875, 9.476454734802246, 10.349544525146484, 12.10543441772461, 11.444348335266113, 10.804521560668945, 13.753218650817871, 16.976083755493164, 18.599037170410156, 9.922282218933105, 6.888484954833984, 4.895187854766846, 2.7424259185791016, 1.3023297786712646, 0.3732181489467621, 0.054930564016103745, 0.0011594071984291077, 6.409698107745498e-05], "lowlevel.gfcc.mean": [-64.95243835449219, 99.18151092529297, -48.11447525024414, 23.56770896911621, -50.73109436035156, 20.635478973388672, -28.850440979003906, 15.12684154510498, -14.722468376159668, 18.333656311035156, -15.039376258850098, 5.547698020935059, -11.420977592468262], "lowlevel.melbands.mean": [0.005197628401219845, 0.002232865896075964, 0.0012316309148445725, 0.0004148739099036902, 0.00036132027162238955, 0.00031185836996883154, 0.0004246790776960552, 0.0005401546368375421, 0.0002934370713774115, 0.00011839353101095185, 4.149100641370751e-05, 3.019233736267779e-05, 4.1778392187552527e-05, 4.5523967855842784e-05, 2.4976490749395452e-05, 1.6592941392445937e-05, 1.0175946954404935e-05, 1.038649588736007e-05, 7.351118711085292e-06, 5.477609647641657e-06, 5.3075414143677335e-06, 3.907335212716134e-06, 2.820480403897818e-06, 1.9400165456318064e-06, 1.8095081486535491e-06, 2.0403379039635183e-06, 2.8029851364408387e-06, 2.6824657197721535e-06, 2.0869365471298806e-06, 2.0436950762814377e-06, 1.7829257785706432e-06, 2.2444150999945123e-06, 2.3242282622959465e-06, 3.199887714799843e-06, 2.8753961487382185e-06, 1.9205492662877077e-06, 1.3647197647514986e-06, 1.316811562901421e-06, 1.2960344974999316e-06, 1.25867643419042e-06], "lowlevel.melbands.stdev": [0.006951478775590658, 0.0054305423982441425, 0.004091668874025345, 0.0013381775934249163, 0.0006965337670408189, 0.0005952150095254183, 0.0008667698130011559, 0.0010935484897345304, 0.0007844751235097647, 0.0003826419706456363, 0.00013773828686680645, 9.266687266062945e-05, 0.00015319715021178126, 0.0001846138620749116, 7.935635221656412e-05, 4.863188951276243e-05, 2.882518310798332e-05, 3.258176366216503e-05, 2.0632311134249903e-05, 1.4590528735425323e-05, 1.3964266145194415e-05, 1.0082440894620959e-05, 1.012243956211023e-05, 8.634775440441445e-06, 7.731483492534608e-06, 7.48036563891219e-06, 8.176164556061849e-06, 8.057119885052089e-06, 6.734512680850457e-06, 7.56416284275474e-06, 6.091221621318255e-06, 7.764871043036692e-06, 7.884486876719166e-06, 1.0955141988233663e-05, 1.177946433017496e-05, 8.560775313526392e-06, 5.582709036389133e-06, 5.0801158977265e-06, 4.524204996414483e-06, 4.090639322384959e-06], "lowlevel.melbands128.mean": [0.0013627840671688318, 0.00676771579310298, 0.006426254753023386, 0.0030372757464647293, 0.0016068080440163612, 0.0019234385108575225, 0.001763067441061139, 0.0009952257387340069, 0.00047998360241763294, 0.0002570288779679686, 0.0004529046709649265, 0.000598754792008549, 0.0003115846775472164, 0.00011236443242523819, 0.00016580894589424133, 0.0004733793903142214, 0.0006875844555906951, 0.00032349443063139915, 0.0002236808359157294, 0.0005228350055404007, 0.0007650397601537406, 0.00045051160850562155, 0.00019564056128729135, 0.00016977847553789616, 0.00016859090828802437, 7.973265746841207e-05, 3.872935121762566e-05, 4.981582605978474e-05, 3.245493280701339e-05, 2.0530349502223544e-05, 3.648537312983535e-05, 3.407777694519609e-05, 3.26304834743496e-05, 5.7517605455359444e-05, 5.387748751672916e-05, 4.011864439235069e-05, 3.516851575113833e-05, 2.392065835010726e-05, 1.9311017240397632e-05, 1.928467463585548e-05, 1.6980988220893778e-05, 1.1102868484158535e-05, 9.658439012127928e-06, 9.454191058466677e-06, 1.1321513738948852e-05, 1.1010796697519254e-05, 9.121643415710423e-06, 7.12184737494681e-06, 6.931289135536645e-06, 5.956395852990681e-06, 4.902554792352021e-06, 5.508247340912931e-06, 5.602403689408675e-06, 5.424734808912035e-06, 4.214811269775964e-06, 3.95029064748087e-06, 3.3923538467206527e-06, 3.0539702038367977e-06, 2.7120759114040993e-06, 2.1919947812421015e-06, 1.6964797850960167e-06, 1.9604217413871083e-06, 1.9008282379218144e-06, 1.715304051685962e-06, 1.7096861029131105e-06, 1.99080704987864e-06, 2.299477728229249e-06, 2.3789007173036225e-06, 2.9468249067576835e-06, 3.4201618746010354e-06, 2.61909940491023e-06, 2.3867762592999497e-06, 2.347388999623945e-06, 1.859773419710109e-06, 1.968435981325456e-06, 2.4746568669797853e-06, 1.796536821530026e-06, 1.5684762502132799e-06, 1.9045853605348384e-06, 1.785818426469632e-06, 2.2294836981018307e-06, 2.4994262730615446e-06, 2.1704067876271438e-06, 2.3088007310434477e-06, 2.4008227228478063e-06, 2.6405432436149567e-06, 3.5402488265390275e-06, 4.276425897842273e-06, 2.4793432658043457e-06, 2.2405949948733905e-06, 2.4932046471803915e-06, 1.6693005591150722e-06, 1.289164174522739e-06, 1.3317059028850053e-06, 1.452156539016869e-06, 1.368656398881285e-06, 1.3198465467212372e-06, 1.1587208064156584e-06, 1.2551577128760982e-06, 1.4127774647931801e-06, 1.355887548015744e-06, 1.2076841358066304e-06, 1.158238660536881e-06, 1.118938143918058e-06, 9.873941735349945e-07, 8.993590085992764e-07, 8.706305152372806e-07, 8.241202635872469e-07, 8.252193310909206e-07, 5.791131343357847e-07, 6.915024641784839e-07, 4.924269205730525e-07, 5.064632091489329e-07, 3.6684303950096364e-07, 3.488347886104748e-07, 3.006240092418011e-07, 1.3765030359991215e-07, 2.1126458804587855e-08, 3.326660946711968e-09, 2.64975708041959e-10, 1.5103111816738846e-10, 3.991520308721519e-11, 5.5829884985925116e-12, 5.4494056836440485e-12, 5.289509281969362e-12, 5.1022068514594565e-12, 4.990285962236385e-12, 4.951238204153885e-12], "lowlevel.melbands128.stdev": [0.001204553060233593, 0.007979842834174633, 0.010406328365206718, 0.007137765642255545, 0.0057283141650259495, 0.006066340021789074, 0.005396329332143068, 0.0038716832641512156, 0.002319609746336937, 0.00121803127694875, 0.0009422297007404268, 0.0010832947446033359, 0.0007790676318109035, 0.0004055206081829965, 0.00048734492156654596, 0.001001622062176466, 0.0015517434803768992, 0.0009743208065629005, 0.0005922724958509207, 0.001296603586524725, 0.0017996217356994748, 0.001498586148954928, 0.0008821156807243824, 0.0005700612091459334, 0.0006394629599526525, 0.0004083600942976773, 0.000147366983583197, 0.0001984197151614353, 0.00014659592125099152, 6.334659701678902e-05, 0.00016356642299797386, 0.0001171122130472213, 0.00013566945563070476, 0.00028022847254760563, 0.00026336137671023607, 0.00017675173876341432, 0.00015169296239037067, 9.348714229417965e-05, 6.49142311885953e-05, 6.630770803894848e-05, 5.7248384109698236e-05, 3.9841848774813116e-05, 3.285413913545199e-05, 3.074907363043167e-05, 3.9983427996048704e-05, 4.404804349178448e-05, 2.9839644412277266e-05, 2.488420795998536e-05, 2.2571239242097363e-05, 1.9916915334761143e-05, 1.3856405530532356e-05, 1.7116424714913592e-05, 1.728441202430986e-05, 1.5515357517870143e-05, 1.0457248208695091e-05, 1.163111301138997e-05, 1.050052378559485e-05, 1.1110455488960724e-05, 1.1650507076410577e-05, 1.0933915291388985e-05, 8.077358870650642e-06, 9.932081411534455e-06, 8.94424465514021e-06, 8.289936886285432e-06, 7.239456863317173e-06, 8.172261914296541e-06, 8.526955753040966e-06, 7.596127943543252e-06, 8.790636456978973e-06, 1.1766624993470032e-05, 8.657025318825617e-06, 7.396797627734486e-06, 7.581892532471102e-06, 6.431548172258772e-06, 7.864505278121214e-06, 1.019535557134077e-05, 6.7874752858188e-06, 5.7726470004126895e-06, 7.130118319764733e-06, 6.327757091639796e-06, 7.915449714346323e-06, 9.63830007094657e-06, 8.21545472717844e-06, 8.067368980846368e-06, 8.894938218872994e-06, 8.701753358764108e-06, 1.2724553016596474e-05, 1.7955779185285792e-05, 1.1072311281168368e-05, 1.0413357813376933e-05, 1.2945140952069778e-05, 7.482016371795908e-06, 5.266790594760096e-06, 6.303737336565973e-06, 6.029661562934052e-06, 5.527949269890087e-06, 5.692967988579767e-06, 4.464597168407636e-06, 4.675446689361706e-06, 5.129872079123743e-06, 4.668798283091746e-06, 4.177737991994945e-06, 3.997617568529677e-06, 3.6028034173796186e-06, 3.3369283300999086e-06, 2.935530574177392e-06, 2.8723982268274995e-06, 3.220579856133554e-06, 2.664539579200209e-06, 1.6966878320090473e-06, 1.8810311530614854e-06, 1.397304799866106e-06, 1.3825243740939186e-06, 9.31469401166396e-07, 8.797410373517778e-07, 7.60856607939786e-07, 3.6855468010799086e-07, 5.803255476166669e-08, 1.5201237602013862e-08, 6.306677846623643e-09, 3.3197427029563187e-09, 7.746516206275089e-10, 2.3772615820316645e-11, 2.3178048022542974e-11, 2.2465314331032715e-11, 2.2020024692537277e-11, 2.175613161847778e-11, 2.160753000135518e-11], "lowlevel.mfcc.mean": [-735.35107421875, 145.3415069580078, 52.47682189941406, 20.99901008605957, 9.552270889282227, 12.665253639221191, 3.1098392009735107, 1.0347026586532593, 8.377765655517578, 8.539968490600586, 3.2061262130737305, 7.182719707489014, 15.14181137084961], "lowlevel.spectral_contrast_coeffs.mean": [-0.7336133122444153, -0.7380163073539734, -0.8120160102844238, -0.8193492293357849, -0.8198518753051758, -0.7997641563415527], "lowlevel.spectral_contrast_coeffs.stdev": [0.06305045634508133, 0.10209862142801285, 0.05992177128791809, 0.05647975206375122, 0.051897548139095306, 0.04232423007488251], "lowlevel.spectral_contrast_valleys.mean": [-6.713287353515625, -7.076379776000977, -8.126002311706543, -8.704371452331543, -8.960343360900879, -10.908875465393066], "lowlevel.spectral_contrast_valleys.stdev": [0.8720483779907227, 0.8581163883209229, 0.8955650329589844, 0.9564770460128784, 1.0413256883621216, 1.2528756856918335], "rhythm.beats_loudness_band_ratio.mean": [0.6391332149505615, 0.05619753152132034, 0.16498307883739471, 0.08267374336719513, 0.02395937778055668, 0.05544748902320862], "rhythm.beats_loudness_band_ratio.stdev": [0.319292277097702, 0.0657072439789772, 0.209124356508255, 0.12601664662361145, 0.03589896857738495, 0.08335702866315842], "tonal.hpcp.mean": [0.031362347304821014, 0.025230662897229195, 0.023725440725684166, 0.031209418550133705, 0.03499966114759445, 0.03453223034739494, 0.045948781073093414, 0.06381616741418839, 0.11848381906747818, 0.2479461431503296, 0.2696290910243988, 0.17307394742965698, 0.10842902958393097, 0.07546035945415497, 0.05664056912064552, 0.0624433308839798, 0.06931374222040176, 0.042274489998817444, 0.025391526520252228, 0.030632782727479935, 0.036473631858825684, 0.03626872971653938, 0.03980952128767967, 0.0532478392124176, 0.14695584774017334, 0.1741570681333542, 0.08150726556777954, 0.04155751317739487, 0.05060552433133125, 0.10194389522075653, 0.3301703929901123, 0.4551842212677002, 0.2575688362121582, 0.10590147227048874, 0.07465658336877823, 0.04679131135344505], "tonal.hpcp.stdev": [0.11693499237298965, 0.10058195143938065, 0.08945681154727936, 0.11272792518138885, 0.11827076971530914, 0.10696035623550415, 0.13090744614601135, 0.16917479038238525, 0.2168932557106018, 0.3205362558364868, 0.33347827196121216, 0.2812288999557495, 0.22266677021980286, 0.18988151848316193, 0.14545802772045135, 0.12629912793636322, 0.12011383473873138, 0.10485885292291641, 0.08761462569236755, 0.11561289429664612, 0.12359795719385147, 0.10783982276916504, 0.1300535351037979, 0.13845771551132202, 0.2935321629047394, 0.34302935004234314, 0.1963551640510559, 0.15392522513866425, 0.16383898258209229, 0.21101383864879608, 0.3539879024028778, 0.4267514646053314, 0.3209534287452698, 0.2278217375278473, 0.19971713423728943, 0.15119822323322296], "rhythm.beats_position": [0.4643990993499756, 0.9055781960487366, 1.3467572927474976, 1.7879364490509033, 2.2291154861450195, 2.670294761657715, 3.0998640060424805, 3.529433012008667, 3.9706122875213623, 4.4117913246154785, 4.852970600128174, 5.27092981338501, 5.700498580932617, 6.130067825317383, 6.571247100830078, 7.012426376342773, 7.441995143890381, 7.8715643882751465, 8.312743186950684, 8.753922462463379, 9.183491706848145, 9.61306095123291, 10.054240226745605, 10.483809471130371, 10.913378715515137, 11.354557991027832, 11.795736312866211, 12.225305557250977, 12.654874801635742, 13.096054077148438, 13.537233352661133, 13.966802597045898, 14.396371841430664, 14.83755111694336, 15.278729438781738, 15.696688652038574, 16.137868881225586, 16.57904815673828, 17.020225524902344, 17.44979476928711, 17.879364013671875, 18.32054328918457, 18.761722564697266, 19.1796817779541, 19.609251022338867, 20.038820266723633, 20.479999542236328, 20.921178817749023, 21.36235809326172, 21.791927337646484, 22.22149658203125, 22.662675857543945, 23.09224510192871, 23.521814346313477, 23.962993621826172, 24.392560958862305, 24.82213020324707, 25.263309478759766, 25.70448875427246, 26.134057998657227, 26.563627243041992, 27.004806518554688, 27.445985794067383, 27.87555503845215, 28.305124282836914, 28.74630355834961], "rhythm.bpm_histogram": [0.0, 0.0, 0.0, 0.0, 0.0, 0.0, 0.0, 0.0, 0.0, 0.0, 0.0, 0.0, 0.0, 0.0, 0.0, 0.0, 0.0, 0.0, 0.0, 0.0, 0.0, 0.0, 0.0, 0.0, 0.0, 0.0, 0.0, 0.0, 0.0, 0.0, 0.0, 0.0, 0.0, 0.0, 0.0, 0.0, 0.0, 0.0, 0.0, 0.0, 0.0, 0.0, 0.0, 0.0, 0.0, 0.0, 0.0, 0.0, 0.0, 0.0, 0.0, 0.0, 0.0, 0.0, 0.0, 0.0, 0.0, 0.0, 0.0, 0.0, 0.0, 0.0, 0.0, 0.0, 0.0, 0.0, 0.0, 0.0, 0.0, 0.0, 0.0, 0.0, 0.0, 0.0, 0.0, 0.0, 0.0, 0.0, 0.0, 0.0, 0.0, 0.0, 0.0, 0.0, 0.0, 0.0, 0.0, 0.0, 0.0, 0.0, 0.0, 0.0, 0.0, 0.0, 0.0, 0.0, 0.0, 0.0, 0.0, 0.0, 0.0, 0.0, 0.0, 0.0, 0.0, 0.0, 0.0, 0.0, 0.0, 0.0, 0.0, 0.0, 0.0, 0.0, 0.0, 0.0, 0.0, 0.0, 0.0, 0.0, 0.0, 0.0, 0.0, 0.0, 0.0, 0.0, 0.0, 0.0, 0.0, 0.0, 0.0, 0.0, 0.0, 0.0, 0.0, 0.0, 0.5230769515037537, 0.0, 0.0, 0.0, 0.4307692348957062, 0.0, 0.0, 0.0, 0.04615384712815285, 0.0, 0.0, 0.0, 0.0, 0.0, 0.0, 0.0, 0.0, 0.0, 0.0, 0.0, 0.0, 0.0, 0.0, 0.0, 0.0, 0.0, 0.0, 0.0, 0.0, 0.0, 0.0, 0.0, 0.0, 0.0, 0.0, 0.0, 0.0, 0.0, 0.0, 0.0, 0.0, 0.0, 0.0, 0.0, 0.0, 0.0, 0.0, 0.0, 0.0, 0.0, 0.0, 0.0, 0.0, 0.0, 0.0, 0.0, 0.0, 0.0, 0.0, 0.0, 0.0, 0.0, 0.0, 0.0, 0.0, 0.0, 0.0, 0.0, 0.0, 0.0, 0.0, 0.0, 0.0, 0.0, 0.0, 0.0, 0.0, 0.0, 0.0, 0.0, 0.0, 0.0, 0.0, 0.0, 0.0, 0.0, 0.0, 0.0, 0.0, 0.0, 0.0, 0.0, 0.0, 0.0, 0.0, 0.0, 0.0, 0.0, 0.0, 0.0, 0.0, 0.0, 0.0, 0.0, 0.0, 0.0, 0.0, 0.0, 0.0, 0.0, 0.0, 0.0, 0.0, 0.0], "tonal.chords_histogram": [48.095237731933594, 0.0, 1.9047619104385376, 0.0, 0.0, 0.0, 0.0, 0.0, 0.0, 0.0, 0.0, 0.0, 0.0, 0.0, 1.4285714626312256, 18.88888931274414, 0.0, 29.682538986206055, 0.0, 0.0, 0.0, 0.0, 0.0, 0.0], "tonal.thpcp": [1.0, 0.5658562779426575, 0.23265628516674042, 0.16401399672031403, 0.10279642790555954, 0.06890033930540085, 0.05542956292629242, 0.05212272331118584, 0.06856437027454376, 0.07689119875431061, 0.0758642926812172, 0.10094545781612396, 0.14019854366779327, 0.26029860973358154, 0.5447160601615906, 0.5923515558242798, 0.38022834062576294, 0.23820911347866058, 0.16577982902526855, 0.12443438917398453, 0.1371825486421585, 0.15227624773979187, 0.09287336468696594, 0.05578296631574631, 0.0672975480556488, 0.08012938499450684, 0.07967923581600189, 0.0874580442905426, 0.11698085814714432, 0.3228491544723511, 0.3826078772544861, 0.17906434834003448, 0.09129822999238968, 0.11117591708898544, 0.22396184504032135, 0.7253555059432983], "lowlevel.gfcc.cov": [[6902.462890625, -1262.3741455078125, -357.7940979003906, 288.382568359375, -659.250732421875, 59.663368225097656, -350.00396728515625, 413.0632019042969, -140.01547241210938, 232.7950439453125, -113.08113098144531, 95.16349792480469, -185.6302032470703], [-1262.3741455078125, 1936.4246826171875, -129.91412353515625, -692.7385864257812, 272.5975646972656, -407.3260803222656, 98.3860855102539, -120.83609008789062, 160.39808654785156, -6.08136510848999, 139.10043334960938, -130.35357666015625, 133.57406616210938], [-357.7940979003906, -129.91412353515625, 1756.7294921875, 243.42526245117188, 35.241111755371094, 259.9942321777344, 81.56520080566406, 131.523681640625, -91.03217315673828, -8.4481201171875, -68.17085266113281, 80.03045654296875, -39.80940628051758], [288.382568359375, -692.7385864257812, 243.42526245117188, 891.486083984375, 90.05604553222656, 62.465797424316406, -45.07477951049805, 71.4270248413086, -71.876953125, -55.294403076171875, -47.70816421508789, 8.176582336425781, 39.406307220458984], [-659.250732421875, 272.5975646972656, 35.241111755371094, 90.05604553222656, 387.67864990234375, -47.68608093261719, -14.618371963500977, -28.37086296081543, 60.072181701660156, -5.6944708824157715, 1.5546175241470337, -44.440528869628906, 47.028175354003906], [59.663368225097656, -407.3260803222656, 259.9942321777344, 62.465797424316406, -47.68608093261719, 521.5137939453125, 212.4656982421875, -4.44449520111084, -83.85771179199219, -62.754146575927734, -28.58780860900879, 3.995570421218872, -111.78670501708984], [-350.00396728515625, 98.3860855102539, 81.56520080566406, -45.07477951049805, -14.618371963500977, 212.4656982421875, 395.28607177734375, 58.11679458618164, -45.08283233642578, -63.124202728271484, 26.073820114135742, -33.799163818359375, -51.54903030395508], [413.0632019042969, -120.83609008789062, 131.523681640625, 71.4270248413086, -28.37086296081543, -4.44449520111084, 58.11679458618164, 208.25621032714844, 28.975669860839844, 21.85857582092285, -18.310745239257812, -4.528334617614746, 8.887495040893555], [-140.01547241210938, 160.39808654785156, -91.03217315673828, -71.876953125, 60.072181701660156, -83.85771179199219, -45.08283233642578, 28.975669860839844, 190.4640655517578, 70.9259033203125, 13.502538681030273, -32.678489685058594, 14.961092948913574], [232.7950439453125, -6.08136510848999, -8.4481201171875, -55.294403076171875, -5.6944708824157715, -62.754146575927734, -63.124202728271484, 21.85857582092285, 70.9259033203125, 161.98756408691406, 36.86325454711914, -11.287725448608398, -16.385009765625], [-113.08113098144531, 139.10043334960938, -68.17085266113281, -47.70816421508789, 1.5546175241470337, -28.58780860900879, 26.073820114135742, -18.310745239257812, 13.502538681030273, 36.86325454711914, 124.02278137207031, 37.914764404296875, 15.206767082214355], [95.16349792480469, -130.35357666015625, 80.03045654296875, 8.176582336425781, -44.440528869628906, 3.995570421218872, -33.799163818359375, -4.528334617614746, -32.678489685058594, -11.287725448608398, 37.914764404296875, 133.89686584472656, 36.80628204345703], [-185.6302032470703, 133.57406616210938, -39.80940628051758, 39.406307220458984, 47.028175354003906, -111.78670501708984, -51.54903030395508, 8.887495040893555, 14.961092948913574, -16.385009765625, 15.206767082214355, 36.80628204345703, 138.38616943359375]], "lowlevel.gfcc.icov": [[0.0003229573485441506, -0.00029681777232326567, 0.00027240466442890465, -0.00031473403214477, 0.00045917180250398815, -0.000389085995266214, 0.0005852430476807058, -0.0009816335514187813, 0.0005153774400241673, -0.0006716383504681289, 0.000554096361156553, -0.0006574208964593709, 0.000677124597132206], [-0.00029681777232326567, 0.0027189645916223526, -0.0009697929490357637, 0.002165417652577162, -0.0014471804024651647, 0.0022407216019928455, -0.0016006088117137551, 0.0021536163985729218, -0.0011838425416499376, 0.0024057968985289335, -0.003318401053547859, 0.004005909897387028, -0.0026388356927782297], [0.00027240466442890465, -0.0009697929490357637, 0.001175067387521267, -0.000908148183953017, 0.00042346265399828553, -0.001176410703919828, 0.0007641507545486093, -0.00163981260266155, 0.0009359606774523854, -0.0014407598646357656, 0.0018019812414422631, -0.002237435197457671, 0.0013191638281568885], [-0.00031473403214477, 0.002165417652577162, -0.000908148183953017, 0.003131014993414283, -0.0016403322806581855, 0.0014951699413359165, -0.0008398987702094018, 0.0011793915182352066, -0.0003899461589753628, 0.0023578235413879156, -0.002706006867811084, 0.003507527057081461, -0.002602721331641078], [0.00045917180250398815, -0.0014471804024651647, 0.00042346265399828553, -0.0016403322806581855, 0.004383445717394352, -0.0012496764538809657, 0.0011279729660600424, -0.0009428432676941156, -0.00020486587891355157, -0.0012831109343096614, 0.001532678259536624, -0.000877880142070353, 0.0005186037160456181], [-0.000389085995266214, 0.0022407216019928455, -0.001176410703919828, 0.0014951699413359165, -0.0012496764538809657, 0.005344829987734556, -0.0032489574514329433, 0.0029218054842203856, -0.0010277667315676808, 0.0024898366536945105, -0.0018954826518893242, 0.0022979467175900936, -0.00010159346857108176], [0.0005852430476807058, -0.0016006088117137551, 0.0007641507545486093, -0.0008398987702094018, 0.0011279729660600424, -0.0032489574514329433, 0.0061813704669475555, -0.004377125296741724, 0.0018837120151147246, 0.00017071751062758267, -0.0006833758670836687, -0.00048404603148810565, 0.002385264029726386], [-0.0009816335514187813, 0.0021536163985729218, -0.00163981260266155, 0.0011793915182352066, -0.0009428432676941156, 0.0029218054842203856, -0.004377125296741724, 0.01025355514138937, -0.003459030296653509, 0.001425635302439332, -0.0011909606400877237, 0.0032580981496721506, -0.004004354123026133], [0.0005153774400241673, -0.0011838425416499376, 0.0009359606774523854, -0.0003899461589753628, -0.00020486587891355157, -0.0010277667315676808, 0.0018837120151147246, -0.003459030296653509, 0.008797712624073029, -0.004183987621217966, 0.0013707205653190613, -0.000584161898586899, 0.0009357483359053731], [-0.0006716383504681289, 0.0024057968985289335, -0.0014407598646357656, 0.0023578235413879156, -0.0012831109343096614, 0.0024898366536945105, 0.00017071751062758267, 0.001425635302439332, -0.004183987621217966, 0.01255817897617817, -0.0072838617488741875, 0.0053881253115832806, -0.0005830374429933727], [0.000554096361156553, -0.003318401053547859, 0.0018019812414422631, -0.002706006867811084, 0.001532678259536624, -0.0018954826518893242, -0.0006833758670836687, -0.0011909606400877237, 0.0013707205653190613, -0.0072838617488741875, 0.016446469351649284, -0.009895195253193378, 0.0028190782759338617], [-0.0006574208964593709, 0.004005909897387028, -0.002237435197457671, 0.003507527057081461, -0.000877880142070353, 0.0022979467175900936, -0.00048404603148810565, 0.0032580981496721506, -0.000584161898586899, 0.0053881253115832806, -0.009895195253193378, 0.017780279740691185, -0.007566390559077263], [0.000677124597132206, -0.0026388356927782297, 0.0013191638281568885, -0.002602721331641078, 0.0005186037160456181, -0.00010159346857108176, 0.002385264029726386, -0.004004354123026133, 0.0009357483359053731, -0.0005830374429933727, 0.0028190782759338617, -0.007566390559077263, 0.01422196440398693]], "lowlevel.mfcc.cov": [[7261.00732421875, -1587.7998046875, -513.847900390625, -29.83434295654297, -331.1871643066406, -328.2104797363281, -246.8541717529297, -56.78489685058594, -115.6982421875, 71.11515045166016, 9.03870964050293, 0.7283784747123718, 110.07701873779297], [-1587.7998046875, 2454.782470703125, -261.209716796875, -298.1254577636719, -54.212013244628906, -233.0681610107422, -81.44905853271484, -214.6143035888672, 17.760011672973633, 59.23240661621094, -13.600858688354492, 64.94644165039062, 111.91401672363281], [-513.847900390625, -261.209716796875, 1331.604248046875, 136.10279846191406, 39.37125778198242, 160.88824462890625, 183.3952178955078, 205.510009765625, 48.512176513671875, -34.1799201965332, 35.018192291259766, -20.84945297241211, -42.09165954589844], [-29.83434295654297, -298.1254577636719, 136.10279846191406, 714.219482421875, 236.98326110839844, -73.19351959228516, -7.243049621582031, -13.761590957641602, 62.10087203979492, 4.8206658363342285, -94.30551147460938, -21.57508087158203, 23.53205680847168], [-331.1871643066406, -54.212013244628906, 39.37125778198242, 236.98326110839844, 407.6798095703125, 29.679346084594727, -104.5322036743164, -62.67432403564453, 24.35116958618164, 9.46037483215332, -61.07152557373047, -32.76104736328125, 2.764734983444214], [-328.2104797363281, -233.0681610107422, 160.88824462890625, -73.19351959228516, 29.679346084594727, 350.1155090332031, 157.88780212402344, 114.03656768798828, -18.713350296020508, -6.002154350280762, 86.12625885009766, -10.558472633361816, -95.35704803466797], [-246.8541717529297, -81.44905853271484, 183.3952178955078, -7.243049621582031, -104.5322036743164, 157.88780212402344, 330.54107666015625, 187.33001708984375, 15.369915962219238, -6.998791217803955, 54.893043518066406, 7.666114330291748, -62.70663833618164], [-56.78489685058594, -214.6143035888672, 205.510009765625, -13.761590957641602, -62.67432403564453, 114.03656768798828, 187.33001708984375, 276.2463073730469, 44.92558670043945, -7.576551914215088, 34.950042724609375, -14.051020622253418, -58.275333404541016], [-115.6982421875, 17.760011672973633, 48.512176513671875, 62.10087203979492, 24.35116958618164, -18.713350296020508, 15.369915962219238, 44.92558670043945, 155.3858184814453, 66.27725982666016, -10.025091171264648, -9.558725357055664, -6.0156941413879395], [71.11515045166016, 59.23240661621094, -34.1799201965332, 4.8206658363342285, 9.46037483215332, -6.002154350280762, -6.998791217803955, -7.576551914215088, 66.27725982666016, 160.04672241210938, 84.28377532958984, 0.6696682572364807, 0.859356164932251], [9.03870964050293, -13.600858688354492, 35.018192291259766, -94.30551147460938, -61.07152557373047, 86.12625885009766, 54.893043518066406, 34.950042724609375, -10.025091171264648, 84.28377532958984, 185.35122680664062, 31.935712814331055, -27.667129516601562], [0.7283784747123718, 64.94644165039062, -20.84945297241211, -21.57508087158203, -32.76104736328125, -10.558472633361816, 7.666114330291748, -14.051020622253418, -9.558725357055664, 0.6696682572364807, 31.935712814331055, 91.91571044921875, 32.67715835571289], [110.07701873779297, 111.91401672363281, -42.09165954589844, 23.53205680847168, 2.764734983444214, -95.35704803466797, -62.70663833618164, -58.275333404541016, -6.0156941413879395, 0.859356164932251, -27.667129516601562, 32.67715835571289, 127.349365234375]], "lowlevel.mfcc.icov": [[0.0002097184187732637, 0.00017836008919402957, 5.4960975830908865e-05, 2.9468963475665078e-05, 0.00018050243670586497, 0.00020793708972632885, 0.00010874286090256646, -5.452236655401066e-05, 0.00022777245612815022, -0.0002788762212730944, 6.858977576484904e-05, 6.744340225850465e-06, -0.00011910749890375882], [0.00017836008919402957, 0.0006802368443459272, 4.910725692752749e-05, 0.0003767847956623882, -3.233727693441324e-05, 0.0005703166825696826, -0.00031729222973808646, 0.00042679900070652366, 1.6220554243773222e-05, -0.0003720558306667954, 0.00012394091754686087, -0.00018248037667945027, -0.00026150833582505584], [5.4960975830908865e-05, 4.910725692752749e-05, 0.0009354032808914781, -0.00017537233361508697, -6.326813308987767e-05, -0.00015028523921500891, -0.00012971088290214539, -0.00046542705968022346, -0.0002619515871629119, 0.000451465806690976, -0.0003979325119871646, 0.0002513495273888111, -0.00030346045969054103], [2.9468963475665078e-05, 0.0003767847956623882, -0.00017537233361508697, 0.0022838434670120478, -0.001405056449584663, 0.0010555607732385397, -0.001051766681484878, 0.00042937774560414255, -0.0003845173632726073, -0.0003388454206287861, 0.0006417779950425029, -0.00019910030823666602, -0.00016244464495684952], [0.00018050243670586497, -3.233727693441324e-05, -6.326813308987767e-05, -0.001405056449584663, 0.004325454588979483, -0.001763137406669557, 0.0019932950381189585, 0.0001443726650904864, 0.00012015698303002864, -0.0009885195177048445, 0.00127226987387985, 0.0004820313770323992, -9.036975097842515e-05], [0.00020793708972632885, 0.0005703166825696826, -0.00015028523921500891, 0.0010555607732385397, -0.001763137406669557, 0.0060388753190636635, -0.0022796946577727795, -8.081709529506043e-05, 0.000616712321061641, 0.0007035974413156509, -0.002108711050823331, 0.00012995681026950479, 0.0020078483503311872], [0.00010874286090256646, -0.00031729222973808646, -0.00012971088290214539, -0.001051766681484878, 0.0019932950381189585, -0.0022796946577727795, 0.006830558646470308, -0.003421192988753319, 0.00040384387830272317, -0.00027660507475957274, 0.00022064807126298547, -0.0009800754487514496, 0.0007042206125333905], [-5.452236655401066e-05, 0.00042679900070652366, -0.00046542705968022346, 0.00042937774560414255, 0.0001443726650904864, -8.081709529506043e-05, -0.003421192988753319, 0.0074106911197304726, -0.0025343371089547873, 0.0014274049317464232, -0.0008378485799767077, 0.0009878190467134118, 0.0005169485229998827], [0.00022777245612815022, 1.6220554243773222e-05, -0.0002619515871629119, -0.0003845173632726073, 0.00012015698303002864, 0.000616712321061641, 0.00040384387830272317, -0.0025343371089547873, 0.010673883371055126, -0.006707862950861454, 0.0038908920250833035, -0.0009906464256346226, 0.0009206271497532725], [-0.0002788762212730944, -0.0003720558306667954, 0.000451465806690976, -0.0003388454206287861, -0.0009885195177048445