{"song_id": "1182282117741301792", "download": "https://cdn.discordapp.com/attachments/1128313332273782784/1182282117741301792/chirp.mp4?ex=65842106&amp", "lyrics": "[Verse]\nLost in the darkness, searching for light\nThrough the vast emptiness, trying to fight\nHopelessness surrounds, pulling me down\nIn this endless void, I seek to be found\n\n[Chorus]\nAmong the stars, I'll find my way\nThrough the galaxies, where dreams can sway\nEuphoria ignites, as I break free\nFrom the helplessness of the void, I will see", "style": ["light dubstep</span><span>/violin</span><span>/piano"], "essentia_features": {"lowlevel.average_loudness": 0.970612108707428, "lowlevel.barkbands_crest.mean": 16.37921714782715, "lowlevel.barkbands_crest.stdev": 5.45697021484375, "lowlevel.barkbands_flatness_db.mean": 0.29062652587890625, "lowlevel.barkbands_flatness_db.stdev": 0.09836819767951965, "lowlevel.barkbands_kurtosis.mean": 48.07076644897461, "lowlevel.barkbands_kurtosis.stdev": 97.59548950195312, "lowlevel.barkbands_skewness.mean": 4.309037208557129, "lowlevel.barkbands_skewness.stdev": 3.6118764877319336, "lowlevel.barkbands_spread.mean": 12.936188697814941, "lowlevel.barkbands_spread.stdev": 18.570663452148438, "lowlevel.dissonance.mean": 0.3989831507205963, "lowlevel.dissonance.stdev": 0.06280897557735443, "lowlevel.dynamic_complexity": 3.0743813514709473, "lowlevel.erbbands_crest.mean": 16.70395278930664, "lowlevel.erbbands_crest.stdev": 6.220529079437256, "lowlevel.erbbands_flatness_db.mean": 0.22150975465774536, "lowlevel.erbbands_flatness_db.stdev": 0.08018875122070312, "lowlevel.erbbands_kurtosis.mean": 10.010395050048828, "lowlevel.erbbands_kurtosis.stdev": 16.381183624267578, "lowlevel.erbbands_skewness.mean": 2.0115561485290527, "lowlevel.erbbands_skewness.stdev": 1.7724964618682861, "lowlevel.erbbands_spread.mean": 36.67359161376953, "lowlevel.erbbands_spread.stdev": 40.407901763916016, "lowlevel.hfc.mean": 16.68029022216797, "lowlevel.hfc.stdev": 13.768545150756836, "lowlevel.loudness_ebu128.integrated": -16.340356826782227, "lowlevel.loudness_ebu128.loudness_range": 2.357492446899414, "lowlevel.loudness_ebu128.momentary.mean": -16.663618087768555, "lowlevel.loudness_ebu128.momentary.stdev": 1.7674301862716675, "lowlevel.loudness_ebu128.short_term.mean": -16.40858268737793, "lowlevel.loudness_ebu128.short_term.stdev": 0.8880765438079834, "lowlevel.melbands_crest.mean": 19.74565315246582, "lowlevel.melbands_crest.stdev": 5.9570794105529785, "lowlevel.melbands_flatness_db.mean": 0.41069892048835754, "lowlevel.melbands_flatness_db.stdev": 0.11019299179315567, "lowlevel.melbands_kurtosis.mean": 56.93563461303711, "lowlevel.melbands_kurtosis.stdev": 76.61698913574219, "lowlevel.melbands_skewness.mean": 4.2868146896362305, "lowlevel.melbands_skewness.stdev": 3.1774301528930664, "lowlevel.melbands_spread.mean": 6.76098108291626, "lowlevel.melbands_spread.stdev": 9.021563529968262, "lowlevel.pitch_salience.mean": 0.4144238531589508, "lowlevel.pitch_salience.stdev": 0.13748851418495178, "lowlevel.silence_rate_20dB.mean": 1.0, "lowlevel.silence_rate_20dB.stdev": 0.0, "lowlevel.silence_rate_30dB.mean": 0.8456118106842041, "lowlevel.silence_rate_30dB.stdev": 0.3613189160823822, "lowlevel.silence_rate_60dB.mean": 0.008968610316514969, "lowlevel.silence_rate_60dB.stdev": 0.0942758098244667, "lowlevel.spectral_centroid.mean": 459.7941589355469, "lowlevel.spectral_centroid.stdev": 312.3132629394531, "lowlevel.spectral_complexity.mean": 6.255605220794678, "lowlevel.spectral_complexity.stdev": 2.9060680866241455, "lowlevel.spectral_decrease.mean": -1.2626577117202942e-08, "lowlevel.spectral_decrease.stdev": 1.5941717279588374e-08, "lowlevel.spectral_energy.mean": 0.04916851595044136, "lowlevel.spectral_energy.stdev": 0.060696858912706375, "lowlevel.spectral_energyband_high.mean": 0.0005311343702487648, "lowlevel.spectral_energyband_high.stdev": 0.0009789455216377974, "lowlevel.spectral_energyband_low.mean": 0.027361271902918816, "lowlevel.spectral_energyband_low.stdev": 0.05701586976647377, "lowlevel.spectral_energyband_middle_high.mean": 0.0027283867821097374, "lowlevel.spectral_energyband_middle_high.stdev": 0.005959635134786367, "lowlevel.spectral_energyband_middle_low.mean": 0.021182801574468613, "lowlevel.spectral_energyband_middle_low.stdev": 0.016876403242349625, "lowlevel.spectral_entropy.mean": 6.2795233726501465, "lowlevel.spectral_entropy.stdev": 0.8625980615615845, "lowlevel.spectral_flux.mean": 0.1062152311205864, "lowlevel.spectral_flux.stdev": 0.10782942920923233, "lowlevel.spectral_kurtosis.mean": 26.27301788330078, "lowlevel.spectral_kurtosis.stdev": 62.79221725463867, "lowlevel.spectral_rms.mean": 0.005996551364660263, "lowlevel.spectral_rms.stdev": 0.003465646645054221, "lowlevel.spectral_rolloff.mean": 929.3353881835938, "lowlevel.spectral_rolloff.stdev": 2201.011474609375, "lowlevel.spectral_skewness.mean": 3.4293346405029297, "lowlevel.spectral_skewness.stdev": 2.732974052429199, "lowlevel.spectral_spread.mean": 6313590.5, "lowlevel.spectral_spread.stdev": 3827021.5, "lowlevel.spectral_strongpeak.mean": 1.1766623258590698, "lowlevel.spectral_strongpeak.stdev": 1.1278855800628662, "lowlevel.zerocrossingrate.mean": 0.049255408346652985, "lowlevel.zerocrossingrate.stdev": 0.04848397523164749, "metadata.audio_properties.analysis.equal_loudness": 0.0, "metadata.audio_properties.analysis.length": 36.20265197753906, "metadata.audio_properties.analysis.sample_rate": 44100.0, "metadata.audio_properties.analysis.start_time": 0.0, "metadata.audio_properties.bit_rate": 129001.0, "metadata.audio_properties.length": 36.202667236328125, "metadata.audio_properties.lossless": 0.0, "metadata.audio_properties.number_channels": 1.0, "metadata.audio_properties.replay_gain": -9.454496383666992, "metadata.audio_properties.sample_rate": 48000.0, "rhythm.beats_count": 71.0, "rhythm.beats_loudness.mean": 0.09342864900827408, "rhythm.beats_loudness.stdev": 0.06413839012384415, "rhythm.bpm": 119.92130279541016, "rhythm.bpm_histogram_first_peak_bpm": 120.0, "rhythm.bpm_histogram_first_peak_weight": 0.36764705181121826, "rhythm.bpm_histogram_second_peak_bpm": 112.0, "rhythm.bpm_histogram_second_peak_spread": 0.5, "rhythm.bpm_histogram_second_peak_weight": 0.014285714365541935, "rhythm.danceability": 1.7817482948303223, "rhythm.onset_rate": 3.5888671875, "tonal.chords_changes_rate": 0.06530089676380157, "tonal.chords_number_rate": 0.011523687280714512, "tonal.chords_strength.mean": 0.4841825067996979, "tonal.chords_strength.stdev": 0.09247055649757385, "tonal.hpcp_crest.mean": 15.242124557495117, "tonal.hpcp_crest.stdev": 6.893814563751221, "tonal.hpcp_entropy.mean": 1.7546755075454712, "tonal.hpcp_entropy.stdev": 0.711076557636261, "tonal.key_edma.strength": 0.5595068335533142, "tonal.key_krumhansl.strength": 0.5714438557624817, "tonal.key_temperley.strength": 0.5798494219779968, "tonal.tuning_diatonic_strength": 0.4662765562534332, "tonal.tuning_equal_tempered_deviation": 0.03964530676603317, "tonal.tuning_frequency": 440.5086364746094, "tonal.tuning_nontempered_energy_ratio": 0.6706442832946777, "lowlevel.barkbands.mean": [0.00024197941820602864, 0.01884705014526844, 0.006396903190761805, 0.0033827985171228647, 0.01270463690161705, 0.0009939480805769563, 0.0014458573423326015, 0.0004631284682545811, 0.0006187860853970051, 0.0025515358429402113, 0.00022449182870332152, 0.000410285807447508, 1.7871814634418115e-05, 5.3687195759266615e-05, 0.0001170769173768349, 3.97261101170443e-05, 3.3750038710422814e-05, 3.175165693392046e-05, 5.053798668086529e-05, 1.7255688362638466e-05, 6.905921964062145e-06, 6.446959741879255e-05, 4.3677388021023944e-05, 1.8742353859124705e-05, 0.00014916133659426123, 0.00023773408611305058, 4.823972631129436e-06], "lowlevel.barkbands.stdev": [0.0005299480399116874, 0.04748043790459633, 0.018696047365665436, 0.007745336275547743, 0.011633900925517082, 0.002823730232194066, 0.004241740796715021, 0.0021979089360684156, 0.001872848835773766, 0.006432994268834591, 0.000914806267246604, 0.0015096766874194145, 6.705029227305204e-05, 0.0001839221949921921, 0.00045089589548297226, 0.00010509139247005805, 0.00010304803436156362, 9.19316807994619e-05, 8.665017230669037e-05, 6.139977631391957e-05, 1.7787751858122647e-05, 0.00022589039872400463, 0.0001788788358680904, 7.214050856418908e-05, 0.00028389383805915713, 0.00044421860366128385, 1.6175043128896505e-05], "lowlevel.erbbands.mean": [0.4675297141075134, 4.473787307739258, 7.908445358276367, 10.212175369262695, 18.955968856811523, 62.238624572753906, 16.140222549438477, 9.968934059143066, 15.119925498962402, 28.03748893737793, 5.955320358276367, 13.74489974975586, 81.04431915283203, 37.018043518066406, 10.839778900146484, 18.811189651489258, 2.193535089492798, 2.7183637619018555, 4.40490198135376, 5.359886646270752, 2.328839063644409, 1.9241760969161987, 1.694629192352295, 1.8418551683425903, 2.61715030670166, 0.9079363346099854, 0.36757853627204895, 0.30972644686698914, 1.7992682456970215, 2.703594207763672, 1.0137742757797241, 0.33913886547088623, 0.4414651393890381, 0.9871713519096375, 1.4211020469665527, 1.1532471179962158, 0.4127369225025177, 0.05556589365005493, 0.0011180314468219876, 9.310222958447412e-05], "lowlevel.erbbands.stdev": [1.1729453802108765, 11.408207893371582, 21.071434020996094, 24.017852783203125, 19.145421981811523, 65.06732940673828, 22.41266441345215, 28.937942504882812, 36.79556655883789, 119.62712860107422, 22.672216415405273, 44.11968994140625, 209.94659423828125, 140.95468139648438, 30.74987030029297, 74.61344909667969, 6.665746212005615, 8.65030574798584, 25.408546447753906, 15.28499984741211, 5.449061393737793, 6.130012512207031, 4.433290481567383, 3.4031617641448975, 5.480523586273193, 2.885385513305664, 1.0359711647033691, 0.754967987537384, 5.831389427185059, 10.048783302307129, 4.3315300941467285, 1.3506594896316528, 1.6595522165298462, 2.494835138320923, 2.590221643447876, 2.053372859954834, 0.844160258769989, 0.12460058182477951, 0.002515470376238227, 9.891937952488661e-05], "lowlevel.gfcc.mean": [-75.96346282958984, 102.03449249267578, -35.41404724121094, 3.8112480640411377, -41.32361602783203, -6.4323506355285645, -38.55150604248047, 6.712160587310791, -54.47310256958008, 0.11284729093313217, -40.10636520385742, 15.065208435058594, -10.417542457580566], "lowlevel.melbands.mean": [0.004893159028142691, 0.0047365776263177395, 0.0019018967868760228, 0.002988371066749096, 0.0011099203256890178, 0.000213434366742149, 0.0002487653982825577, 0.00026444741524755955, 3.5353703424334526e-05, 0.00010161589307244867, 0.0004068883426953107, 0.0001526106643723324, 3.4213946491945535e-05, 4.78336114611011e-05, 2.121085526596289e-05, 1.645761130930623e-06, 5.459752628667047e-06, 6.626711638091365e-06, 7.374239430646412e-06, 4.644504315365339e-06, 2.454313062116853e-06, 2.0144643713138066e-06, 1.756010647113726e-06, 1.4129417422736879e-06, 1.3824385405314388e-06, 2.2978435936238384e-06, 1.07310222574597e-06, 4.761423895160988e-07, 2.3162832007983525e-07, 1.7015008779708296e-07, 1.4745197063348314e-07, 7.173129006332601e-07, 1.833315195653995e-06, 1.3513276826415677e-06, 6.432416626012127e-07, 3.0500669367938826e-07, 1.5070816061779624e-07, 2.17943352254224e-07, 5.328163297235733e-07, 8.862737104209373e-07], "lowlevel.melbands.stdev": [0.012406513094902039, 0.010887672193348408, 0.003835091134533286, 0.002527871634811163, 0.001500976155512035, 0.0006324833375401795, 0.0005818337085656822, 0.001151914126239717, 0.00015346978034358472, 0.0002994864189531654, 0.0010508708655834198, 0.0006319774547591805, 0.00013309837959241122, 0.00016861315816640854, 9.004338062368333e-05, 5.4104702940094285e-06, 1.9350287402630784e-05, 4.0919301682151854e-05, 2.1456015019793995e-05, 1.2738753866869956e-05, 6.508260412374511e-06, 7.584680588479387e-06, 5.0953476602444425e-06, 4.4218254515726585e-06, 2.783258196359384e-06, 4.634332981368061e-06, 3.1126983230933547e-06, 1.6378897953472915e-06, 6.942360073480813e-07, 5.173319550522137e-07, 3.8735464613637305e-07, 2.021570480792434e-06, 7.1265130827669054e-06, 5.2686941671709064e-06, 2.87641000795702e-06, 1.3552424888985115e-06, 6.2285147350849e-07, 9.027500595948368e-07, 1.8313281771042966e-06, 2.2412111775338417e-06], "lowlevel.melbands128.mean": [0.00022563131642527878, 0.0028519455809146166, 0.007734963204711676, 0.007242709863930941, 0.004597774241119623, 0.0029672598466277122, 0.00208791671320796, 0.0015756270149722695, 0.00140247808303684, 0.003296822542324662, 0.004256483167409897, 0.0019351823721081018, 0.00019170243467669934, 0.00013862310152035207, 0.00018867949256673455, 0.00029778422322124243, 0.00024051241052802652, 0.00020724967180285603, 0.0002524850133340806, 0.000482921110233292, 0.0001331876264885068, 2.6071378670167178e-05, 2.4795954232104123e-05, 3.8834110455354676e-05, 6.590777047676966e-05, 5.6967994169099256e-05, 0.00033970779622904956, 0.000663470127619803, 0.00019105781393591315, 0.00025681211263872683, 9.303443221142516e-05, 3.69836125173606e-05, 4.873872603639029e-05, 1.3683828910870943e-05, 2.2101739887148142e-05, 7.53241911297664e-05, 6.986714288359508e-05, 6.896931154187769e-06, 2.9889404231653316e-06, 1.7351731003145687e-06, 1.0968988135573454e-06, 1.6034739473980153e-06, 5.744095233239932e-06, 8.829471880744677e-06, 2.4216010388045106e-06, 9.0106714196736e-06, 8.021853318496142e-06, 2.677602196854423e-06, 1.121425157180056e-05, 9.386870260641444e-06, 1.6378195368815796e-06, 2.1242256025288953e-06, 3.325334319015383e-06, 2.110091600115993e-06, 1.9293468085379573e-06, 2.4141734229488065e-06, 1.4720848184879287e-06, 1.8740687437457382e-06, 2.1303651465132134e-06, 1.0746834959718399e-06, 1.323017727372644e-06, 1.7442773696529912e-06, 1.2205952089061611e-06, 1.4633496903115883e-06, 1.1827377193185384e-06, 2.674337565622409e-06, 3.109131739620352e-06, 9.301012369178352e-07, 7.046008363431611e-07, 9.685547865956323e-07, 4.433175888607366e-07, 2.70931650447892e-07, 2.824981208959798e-07, 2.036233155422451e-07, 2.048085434580571e-07, 1.933713491553135e-07, 1.4775108070352871e-07, 1.145485128972723e-07, 1.2608431632088468e-07, 1.6778457734289987e-07, 4.37999887026308e-07, 9.158533771369548e-07, 1.5063722003105795e-06, 2.089917188641266e-06, 2.010095386140165e-06, 1.4896274933562381e-06, 1.1339549246258684e-06, 1.0296766959072556e-06, 5.6747865073703e-07, 4.4058745629627083e-07, 3.2511894687559106e-07, 2.9670798085135175e-07, 2.130878868911168e-07, 1.3280936173032387e-07, 1.0709175768397472e-07, 1.6515527079263848e-07, 1.8171301974234666e-07, 3.9987577338251867e-07, 4.1204208400813513e-07, 6.057724135644094e-07, 1.0244258419334074e-06, 8.986247053144325e-07, 7.601040010740689e-07, 1.1310487479931908e-06, 1.687057533672487e-06, 2.0491957002377603e-06, 2.112235961249098e-06, 1.8352931192566757e-06, 2.6500697458686773e-06, 1.8282527207702515e-06, 1.3045508922004956e-06, 1.4607251159759471e-06, 1.4960269254515879e-06, 1.0638383400873863e-06, 9.208303026753129e-07, 7.096811600604269e-07, 2.014764390878554e-07, 2.169733903656379e-08, 1.7782000316657331e-09, 8.391958135345323e-12, 8.027701767221451e-12, 7.823490119629462e-12, 7.625488782081469e-12, 7.462919171530302e-12, 7.290579598362434e-12, 7.093203194946662e-12, 6.975275825688021e-12, 6.925832303494861e-12], "lowlevel.melbands128.stdev": [0.0005059620598331094, 0.007047176361083984, 0.021132057532668114, 0.01881273463368416, 0.012436144053936005, 0.008450527675449848, 0.005330594256520271, 0.0034064052160829306, 0.0018229257548227906, 0.003462857333943248, 0.005015529692173004, 0.0031570137944072485, 0.000388943066354841, 0.0005548133049160242, 0.0007341996533796191, 0.00109864491969347, 0.0008566824835725129, 0.0007144169649109244, 0.000923164829146117, 0.0022841314785182476, 0.0007116929045878351, 0.0002011441974900663, 0.00019856977451127023, 0.00020912392938043922, 0.00046330440090969205, 0.0002882538246922195, 0.0009538617450743914, 0.001980767585337162, 0.0006228967686183751, 0.0013408944942057133, 0.00046924554044380784, 0.0001814697025110945, 0.0002465869765728712, 5.9166643040953204e-05, 8.047051233006641e-05, 0.00030796651844866574, 0.00033780484227463603, 5.010672612115741e-05, 1.5720232113380916e-05, 7.693551197007764e-06, 6.816348559368635e-06, 6.261459020606708e-06, 1.926945333252661e-05, 4.533113315119408e-05, 1.0187704901909456e-05, 7.996532076504081e-05, 5.968005643808283e-05, 1.1156674190715421e-05, 4.0654045733390376e-05, 3.2939140510279685e-05, 8.246130164479837e-06, 8.05759282229701e-06, 1.242099915543804e-05, 8.012138096091803e-06, 7.671396815567277e-06, 1.4954001926525962e-05, 6.643098458880559e-06, 8.506989615852945e-06, 7.64636388339568e-06, 3.802163291766192e-06, 5.33771390109905e-06, 7.299769094970543e-06, 2.823503791660187e-06, 3.6094359074922977e-06, 2.5125273168669082e-06, 6.404933628800791e-06, 7.846152584534138e-06, 3.488484708213946e-06, 3.473093102002167e-06, 4.541016551229404e-06, 1.7329415413769311e-06, 1.066159256879473e-06, 1.0281314644089434e-06, 5.577488764174632e-07, 6.324373202915012e-07, 6.954261380087701e-07, 5.193973038331023e-07, 3.1251042287294695e-07, 3.351307213961263e-07, 6.050769911780662e-07, 1.3213705187808955e-06, 2.804152927637915e-06, 5.577112005994422e-06, 9.8516165962792e-06, 7.89252771937754e-06, 6.069542905606795e-06, 5.340652023733128e-06, 4.670377165894024e-06, 2.882264425352332e-06, 2.7534167656995123e-06, 1.5518378404522082e-06, 1.3831931937602349e-06, 9.512257292954018e-07, 6.231920224308851e-07, 5.596743903879542e-07, 7.195969828899251e-07, 8.052074917941354e-07, 2.249005092380685e-06, 1.6111670220197993e-06, 2.4653211312397616e-06, 2.780659997370094e-06, 2.458613380440511e-06, 2.1258642846078146e-06, 2.593830913610873e-06, 3.3555513709870866e-06, 4.3296990952512715e-06, 4.299245119909756e-06, 3.490858944132924e-06, 5.476290425576735e-06, 3.961130914831301e-06, 3.320091764180688e-06, 3.247736458433792e-06, 3.210729801139678e-06, 2.6593293114274275e-06, 2.179637021981762e-06, 1.7272759578190744e-06, 5.603559429800953e-07, 2.0311409798523528e-07, 4.4565592105527685e-08, 1.3810788450363543e-11, 1.3365171816492882e-11, 1.3041900892574176e-11, 1.2741419030959378e-11, 1.2505218215108638e-11, 1.230863761608747e-11, 1.2152579290103382e-11, 1.2041277697161235e-11, 1.1972592188491671e-11], "lowlevel.mfcc.mean": [-770.8431396484375, 175.84140014648438, 37.22687911987305, 38.84893035888672, 3.360161304473877, 2.3975987434387207, 7.1564483642578125, 1.4948245286941528, 4.669787406921387, -24.38248634338379, -3.1206884384155273, -37.06106185913086, 9.281044006347656], "lowlevel.spectral_contrast_coeffs.mean": [-0.5678360462188721, -0.7218124866485596, -0.7358074188232422, -0.8101516366004944, -0.7911367416381836, -0.6991530656814575], "lowlevel.spectral_contrast_coeffs.stdev": [0.08639676123857498, 0.09805857390165329, 0.10578902810811996, 0.056985706090927124, 0.05289843678474426, 0.0873722955584526], "lowlevel.spectral_contrast_valleys.mean": [-6.990360260009766, -7.7965240478515625, -8.349574089050293, -9.307947158813477, -9.373164176940918, -12.757939338684082], "lowlevel.spectral_contrast_valleys.stdev": [0.9798681139945984, 0.777625322341919, 0.8906524181365967, 1.0295875072479248, 1.1712168455123901, 1.4142733812332153], "rhythm.beats_loudness_band_ratio.mean": [0.7376196384429932, 0.201817587018013, 0.049490395933389664, 0.032143235206604004, 0.00271740835160017, 0.008588587865233421], "rhythm.beats_loudness_band_ratio.stdev": [0.187301903963089, 0.16016000509262085, 0.08284728229045868, 0.07119710743427277, 0.0038651544600725174, 0.01816561073064804], "tonal.hpcp.mean": [0.37846240401268005, 0.18794038891792297, 0.04463585093617439, 0.04352172464132309, 0.055621203035116196, 0.2906094491481781, 0.4847404658794403, 0.2531520128250122, 0.04558985307812691, 0.0358516201376915, 0.028818868100643158, 0.021337470039725304, 0.028006980195641518, 0.03596365079283714, 0.06893369555473328, 0.08898303657770157, 0.05304769426584244, 0.02240564674139023, 0.016740230843424797, 0.02792869508266449, 0.14470942318439484, 0.16101966798305511, 0.04378390684723854, 0.01712760329246521, 0.018116556107997894, 0.013985014520585537, 0.016536828130483627, 0.02138768695294857, 0.029458897188305855, 0.12117848545312881, 0.1688409298658371, 0.08242738246917725, 0.026901667937636375, 0.025407686829566956, 0.05006873607635498, 0.25278720259666443], "tonal.hpcp.stdev": [0.4307892918586731, 0.2643238604068756, 0.14715828001499176, 0.1583949476480484, 0.1712133288383484, 0.2735438346862793, 0.4175812900066376, 0.2571913003921509, 0.15677203238010406, 0.15019403398036957, 0.13833506405353546, 0.1133037805557251, 0.12316879630088806, 0.14287643134593964, 0.16825905442237854, 0.20241612195968628, 0.14424432814121246, 0.11425802111625671, 0.08876793086528778, 0.11815644800662994, 0.26586657762527466, 0.2990112900733948, 0.10851902514696121, 0.09107714146375656, 0.10491593182086945, 0.08862486481666565, 0.0716150775551796, 0.07357311248779297, 0.08869929611682892, 0.2319764494895935, 0.30013740062713623, 0.18676592409610748, 0.11690445244312286, 0.10889587551355362, 0.1635793149471283, 0.31550857424736023], "rhythm.beats_position": [0.5224489569664001, 1.05650794506073, 1.5789568424224854, 2.0897958278656006, 2.5774149894714355, 3.088253974914551, 3.5874829292297363, 4.086711883544922, 4.585940837860107, 5.085169792175293, 5.584399223327637, 6.083628177642822, 6.582857131958008, 7.082086086273193, 7.581315040588379, 8.080544471740723, 8.57977294921875, 9.079002380371094, 9.58984088897705, 10.089070320129395, 10.588298797607422, 11.087528228759766, 11.586756706237793, 12.085986137390137, 12.58521556854248, 13.096054077148438, 13.583673477172852, 14.094511985778809, 14.582131385803223, 15.08135986328125, 15.580589294433594, 16.091428756713867, 16.57904815673828, 17.089885711669922, 17.600725173950195, 18.08834457397461, 18.575963973999023, 19.086801528930664, 19.586030960083008, 20.08526039123535, 20.584489822387695, 21.08371925354004, 21.58294677734375, 22.070566177368164, 22.581405639648438, 23.08063507080078, 23.591472625732422, 24.090702056884766, 24.58993148803711, 25.089160919189453, 25.588390350341797, 26.087617874145508, 26.58684730529785, 27.086076736450195, 27.58530616760254, 28.08453369140625, 28.583763122558594, 29.082992553710938, 29.58222198486328, 30.081451416015625, 30.580678939819336, 31.09151840209961, 31.579137802124023, 32.0899772644043, 32.58920669555664, 33.088436126708984, 33.599273681640625, 34.086891174316406, 34.59773254394531, 35.096961975097656, 35.6077995300293], "rhythm.bpm_histogram": [0.0, 0.0, 0.0, 0.0, 0.0, 0.0, 0.0, 0.0, 0.0, 0.0, 0.0, 0.0, 0.0, 0.0, 0.0, 0.0, 0.0, 0.0, 0.0, 0.0, 0.0, 0.0, 0.0, 0.0, 0.0, 0.0, 0.0, 0.0, 0.0, 0.0, 0.0, 0.0, 0.0, 0.0, 0.0, 0.0, 0.0, 0.0, 0.0, 0.0, 0.0, 0.0, 0.0, 0.0, 0.0, 0.0, 0.0, 0.0, 0.0, 0.0, 0.0, 0.0, 0.0, 0.0, 0.0, 0.0, 0.0, 0.0, 0.0, 0.0, 0.0, 0.0, 0.0, 0.0, 0.0, 0.0, 0.0, 0.0, 0.0, 0.0, 0.0, 0.0, 0.0, 0.0, 0.0, 0.0, 0.0, 0.0, 0.0, 0.0, 0.0, 0.0, 0.0, 0.0, 0.0, 0.0, 0.0, 0.0, 0.0, 0.0, 0.0, 0.0, 0.0, 0.0, 0.0, 0.0, 0.0, 0.0, 0.0, 0.0, 0.0, 0.0, 0.0, 0.0, 0.0, 0.0, 0.0, 0.0, 0.0, 0.0, 0.0, 0.0, 0.014285714365541935, 0.0, 0.0, 0.014285714365541935, 0.0, 0.22857142984867096, 0.0, 0.0, 0.6142857074737549, 0.0, 0.0, 0.12857143580913544, 0.0, 0.0, 0.0, 0.0, 0.0, 0.0, 0.0, 0.0, 0.0, 0.0, 0.0, 0.0, 0.0, 0.0, 0.0, 0.0, 0.0, 0.0, 0.0, 0.0, 0.0, 0.0, 0.0, 0.0, 0.0, 0.0, 0.0, 0.0, 0.0, 0.0, 0.0, 0.0, 0.0, 0.0, 0.0, 0.0, 0.0, 0.0, 0.0, 0.0, 0.0, 0.0, 0.0, 0.0, 0.0, 0.0, 0.0, 0.0, 0.0, 0.0, 0.0, 0.0, 0.0, 0.0, 0.0, 0.0, 0.0, 0.0, 0.0, 0.0, 0.0, 0.0, 0.0, 0.0, 0.0, 0.0, 0.0, 0.0, 0.0, 0.0, 0.0, 0.0, 0.0, 0.0, 0.0, 0.0, 0.0, 0.0, 0.0, 0.0, 0.0, 0.0, 0.0, 0.0, 0.0, 0.0, 0.0, 0.0, 0.0, 0.0, 0.0, 0.0, 0.0, 0.0, 0.0, 0.0, 0.0, 0.0, 0.0, 0.0, 0.0, 0.0, 0.0, 0.0, 0.0, 0.0, 0.0, 0.0, 0.0, 0.0, 0.0, 0.0, 0.0, 0.0, 0.0, 0.0, 0.0, 0.0, 0.0, 0.0, 0.0, 0.0, 0.0, 0.0, 0.0, 0.0], "tonal.chords_histogram": [31.24199676513672, 21.25480079650879, 3.7131881713867188, 11.267605781555176, 2.176696538925171, 13.956465721130371, 0.0, 9.218950271606445, 1.408450722694397, 0.0, 0.0, 0.0, 0.0, 0.0, 0.0, 0.0, 0.0, 0.0, 0.0, 0.0, 0.0, 0.0, 5.761843681335449, 0.0], "tonal.thpcp": [1.0, 0.5222423672676086, 0.09405002743005753, 0.07396044582128525, 0.05945216119289398, 0.04401833936572075, 0.05777726694941521, 0.07419155538082123, 0.14220742881298065, 0.18356840312480927, 0.10943525284528732, 0.04622194543480873, 0.03453442081809044, 0.057615768164396286, 0.2985296845436096, 0.332177072763443, 0.09032443165779114, 0.035333555191755295, 0.03737372159957886, 0.02885052002966404, 0.03411480784416199, 0.044121935963630676, 0.06077251583337784, 0.24998632073402405, 0.34831202030181885, 0.17004436254501343, 0.055497054010629654, 0.05241503193974495, 0.10328978300094604, 0.5214897990226746, 0.7807526588439941, 0.3877134323120117, 0.0920819565653801, 0.08978355675935745, 0.11474429816007614, 0.5995155572891235], "lowlevel.gfcc.cov": [[8754.6884765625, -2920.4013671875, -888.521240234375, -80.55363464355469, -78.4540023803711, 691.0830078125, -15.09575366973877, 844.7930297851562, -408.2112731933594, 852.2850341796875, -793.2152099609375, 672.0233154296875, -69.54280090332031], [-2920.4013671875, 3381.015380859375, -20.699817657470703, -440.3453063964844, 739.0548706054688, -323.69329833984375, 557.5531005859375, -125.24478912353516, 344.1733093261719, -185.7493133544922, 492.31463623046875, -374.25396728515625, 220.72860717773438], [-888.521240234375, -20.699817657470703, 1190.77197265625, 492.3356628417969, -191.32217407226562, 212.1233367919922, -18.976959228515625, -43.4061279296875, 338.947509765625, -140.41146850585938, 245.50625610351562, 17.431396484375, -0.49772197008132935], [-80.55363464355469, -440.3453063964844, 492.3356628417969, 790.8718872070312, -72.07147216796875, 37.79076385498047, -50.45112228393555, 112.70745849609375, 200.00193786621094, -66.70995330810547, 102.2408218383789, 86.21525573730469, 4.6142191886901855], [-78.4540023803711, 739.0548706054688, -191.32217407226562, -72.07147216796875, 575.7738647460938, -2.4561054706573486, 238.95388793945312, 124.37909698486328, 55.207096099853516, 102.08907318115234, 44.641536712646484, -14.95020580291748, 79.5970458984375], [691.0830078125, -323.69329833984375, 212.1233367919922, 37.79076385498047, -2.4561054706573486, 582.2369995117188, 151.8050537109375, -97.88117218017578, 64.81947326660156, 110.57510375976562, -52.57065963745117, 53.67808151245117, 51.79459762573242], [-15.09575366973877, 557.5531005859375, -18.976959228515625, -50.45112228393555, 238.95388793945312, 151.8050537109375, 361.2400207519531, 43.44856643676758, 83.45184326171875, 56.98142623901367, 68.6463623046875, 3.444382905960083, 65.21456146240234], [844.7930297851562, -125.24478912353516, -43.4061279296875, 112.70745849609375, 124.37909698486328, -97.88117218017578, 43.44856643676758, 442.18194580078125, 49.924129486083984, 97.80487060546875, 14.321493148803711, 116.78102111816406, -3.6973965167999268], [-408.2112731933594, 344.1733093261719, 338.947509765625, 200.00193786621094, 55.207096099853516, 64.81947326660156, 83.45184326171875, 49.924129486083984, 302.6287536621094, -56.06336975097656, 149.56109619140625, -3.4556233882904053, 30.734712600708008], [852.2850341796875, -185.7493133544922, -140.41146850585938, -66.70995330810547, 102.08907318115234, 110.57510375976562, 56.98142623901367, 97.80487060546875, -56.06336975097656, 247.70188903808594, -59.78676986694336, 59.50974655151367, 7.272336483001709], [-793.2152099609375, 492.31463623046875, 245.50625610351562, 102.2408218383789, 44.641536712646484, -52.57065963745117, 68.6463623046875, 14.321493148803711, 149.56109619140625, -59.78676986694336, 263.087158203125, -40.16279220581055, 12.230368614196777], [672.0233154296875, -374.25396728515625, 17.431396484375, 86.21525573730469, -14.95020580291748, 53.67808151245117, 3.444382905960083, 116.78102111816406, -3.4556233882904053, 59.50974655151367, -40.16279220581055, 197.4618377685547, 13.538433074951172], [-69.54280090332031, 220.72860717773438, -0.49772197008132935, 4.6142191886901855, 79.5970458984375, 51.79459762573242, 65.21456146240234, -3.6973965167999268, 30.734712600708008, 7.272336483001709, 12.230368614196777, 13.538433074951172, 151.89410400390625]], "lowlevel.gfcc.icov": [[0.0004067710251547396, 3.278418807894923e-05, 0.00020435523765627295, -7.109938451321796e-06, 0.0002317133330507204, -0.0004435520968399942, 4.725635517388582e-05, -0.0006575511069968343, -3.3182266633957624e-05, -0.0006435256218537688, 0.0006623752997256815, -0.0004939577192999423, 0.00016122472879942507], [3.278418807894923e-05, 0.0020019900985062122, -0.00016439752653241158, 0.0012321631656959653, -0.0013681241543963552, 0.001531398156657815, -0.0019035079749301076, 0.0006698124343529344, -0.0013945902464911342, 0.0005602520541287959, -0.00169342418666929, 0.0018538848962634802, -0.0016774178948253393], [0.00020435523765627295, -0.00016439752653241158, 0.0021017524413764477, -0.0007424752111546695, 0.0007014801376499236, -0.0012255848851054907, 0.0006550719845108688, -0.00030301293008960783, -0.0010626737494021654, 8.844523836160079e-05, -0.0007464297232218087, -0.00054180744336918, 0.0004427765670698136], [-7.109938451321796e-06, 0.0012321631656959653, -0.0007424752111546695, 0.0027456965763121843, -0.0009159959736280143, 0.0009735600906424224, -0.0007408232195302844, 3.8679474528180435e-05, -0.0014816222246736288, 0.0006897731800563633, -0.0010310275247320533, 0.0005148128257133067, -0.0011086997110396624], [0.0002317133330507204, -0.0013681241543963552, 0.0007014801376499236, -0.0009159959736280143, 0.004160011187195778, -0.0008519526454620063, -0.0003343556891195476, -0.0013050701236352324, 0.00029602914582937956, -0.0017758534522727132, 0.0015189041150733829, -0.0008926385780796409, 0.00032904307590797544], [-0.0004435520968399942, 0.001531398156657815, -0.0012255848851054907, 0.0009735600906424224, -0.0008519526454620063, 0.0051146093755960464, -0.0032500557135790586, 0.0025983168743550777, -0.0018061718437820673, -0.0007544778054580092, -0.0004011330602224916, 0.0014111363561823964, -0.0019928968977183104], [4.725635517388582e-05, -0.0019035079749301076, 0.0006550719845108688, -0.0007408232195302844, -0.0003343556891195476, -0.0032500557135790586, 0.007046496495604515, -0.0011678324081003666, 0.000707928731571883, -0.000337072997353971, 0.0001787459768820554, -0.0020006687846034765, 0.0010789056541398168], [-0.0006575511069968343, 0.0006698124343529344, -0.00030301293008960783, 3.8679474528180435e-05, -0.0013050701236352324, 0.0025983168743550777, -0.0011678324081003666, 0.005148693453520536, -0.001466943882405758, -0.00034429182414896786, -0.0015089387306943536, -0.0005159117863513529, -0.0003711611789185554], [-3.3182266633957624e-05, -0.0013945902464911342, -0.0010626737494021654, -0.0014816222246736288, 0.00029602914582937956, -0.0018061718437820673, 0.000707928731571883, -0.001466943882405758, 0.007926245220005512, 0.0009163058712147176, -0.000887457572389394, -0.0007846618536859751, 0.0006677297642454505], [-0.0006435256218537688, 0.0005602520541287959, 8.844523836160079e-05, 0.0006897731800563633, -0.0017758534522727132, -0.0007544778054580092, -0.000337072997353971, -0.00034429182414896786, 0.0009163058712147176, 0.007860010489821434, -0.001721528940834105, 0.0005391784361563623, -0.0002763969241641462], [0.0006623752997256815, -0.00169342418666929, -0.0007464297232218087, -0.0010310275247320533, 0.0015189041150733829, -0.0004011330602224916, 0.0001787459768820554, -0.0015089387306943536, -0.000887457572389394, -0.001721528940834105, 0.009570044465363026, -0.0014974744990468025, 0.0016452271956950426], [-0.0004939577192999423, 0.0018538848962634802, -0.00054180744336918, 0.0005148128257133067, -0.0008926385780796409, 0.0014111363561823964, -0.0020006687846034765, -0.0005159117863513529, -0.0007846618536859751, 0.0005391784361563623, -0.0014974744990468025, 0.009676189161837101, -0.002713501686230302], [0.00016122472879942507, -0.0016774178948253393, 0.0004427765670698136, -0.0011086997110396624, 0.00032904307590797544, -0.0019928968977183104, 0.0010789056541398168, -0.0003711611789185554, 0.0006677297642454505, -0.0002763969241641462, 0.0016452271956950426, -0.002713501686230302, 0.009152445010840893]], "lowlevel.mfcc.cov": [[6871.60400390625, -1601.5518798828125, -1405.3597412109375, 21.917570114135742, -305.0936584472656, 197.21478271484375, 73.60717010498047, 23.850393295288086, 532.0081787109375, 54.98741912841797, 263.607177734375, -447.6445007324219, 360.27154541015625], [-1601.5518798828125, 2853.74267578125, -804.6224975585938, 42.67923355102539, -40.972076416015625, 39.816673278808594, 316.06439208984375, -53.0760383605957, 116.95437622070312, 145.72637939453125, 153.88694763183594, 80.17406463623047, -3.199280023574829], [-1405.3597412109375, -804.6224975585938, 2095.355224609375, -167.7039337158203, 341.39483642578125, 57.26676559448242, -152.55787658691406, 192.42083740234375, -124.07560729980469, 25.045162200927734, -58.59794616699219, 353.5842590332031, -48.49126434326172], [21.917570114135742, 42.67923355102539, -167.7039337158203, 650.5130615234375, 125.425048828125, -238.79470825195312, 29.102136611938477, 101.62737274169922, 104.42777252197266, -91.3912582397461, 159.65469360351562, 79.80264282226562, 117.04153442382812], [-305.0936584472656, -40.972076416015625, 341.39483642578125, 125.425048828125, 355.3089599609375, -90.9293441772461, 6.807316780090332, 67.4682388305664, 61.949073791503906, 5.423359394073486, 69.04894256591797, 113.59214782714844, 34.90062713623047], [197.21478271484375, 39.816673278808594, 57.26676559448242, -238.79470825195312, -90.9293441772461, 676.411865234375, 58.670352935791016, 71.00987243652344, -20.29106330871582, 277.83001708984375, -160.1807098388672, -82.59204864501953, -34.59367370605469], [73.60717010498047, 316.06439208984375, -152.55787658691406, 29.102136611938477, 6.807316780090332, 58.670352935791016, 242.9752655029297, -7.471235752105713, 83.88555145263672, 42.661216735839844, 93.28558349609375, -23.676111221313477, 55.278446197509766], [23.850393295288086, -53.0760383605957, 192.42083740234375, 101.62737274169922, 67.4682388305664, 71.00987243652344, -7.471235752105713, 312.95367431640625, 13.296775817871094, 87.80541229248047, 0.18214766681194305, 116.99214935302734, 10.394377708435059], [532.0081787109375, 116.95437622070312, -124.07560729980469, 104.42777252197266, 61.949073791503906, -20.29106330871582, 83.88555145263672, 13.296775817871094, 279.301025390625, -18.727861404418945, 126.73747253417969, -69.1048355102539, 115.16790008544922], [54.98741912841797, 145.72637939453125, 25.045162200927734, -91.3912582397461, 5.423359394073486, 277.83001708984375, 42.661216735839844, 87.80541229248047, -18.727861404418945, 305.23223876953125, -91.91564178466797, 38.22077941894531, -39.206321716308594], [263.607177734375, 153.88694763183594, -58.59794616699219, 159.65469360351562, 69.04894256591797, -160.1807098388672, 93.28558349609375, 0.18214766681194305, 126.73747253417969, -91.91564178466797, 335.0947265625, 30.474016189575195, 121.12506866455078], [-447.6445007324219, 80.17406463623047, 353.5842590332031, 79.80264282226562, 113.59214782714844, -82.59204864501953, -23.676111221313477, 116.99214935302734, -69.1048355102539, 38.22077941894531, 30.474016189575195, 300.99114990234375, -13.37067699432373], [360.27154541015625, -3.199280023574829, -48.49126434326172, 117.04153442382812, 34.90062713623047, -34.59367370605469, 55.278446197509766, 10.394377708435059, 115.16790008544922, -39.206321716308594, 121.12506866455078, -13.37067699432373, 184.56838989257812]], "lowlevel.mfcc.icov": [[0.0004064670065417886, 0.0004012514546047896, 0.0004113755712751299, 0.0002523038419894874, 0.00020161444263067096, -7.291098881978542e-05, 6.42363156657666e-05, -0.00012529295054264367, -0.0007053494337014854, -0.0002903843706008047, -0.00032300635939463973, -0.0002017310616793111, -0.0003265367413405329], [0.0004012514546047896, 0.0009083622135221958, 0.0006489803199656308, 0.00032581217237748206, 0.0001755274279275909, -0.00010567795834504068, -0.00042851519538089633, 2.8367398044792935e-05, -0.0009015618124976754, -0.0004138464864809066, -0.00043918468873016536, -0.0007448422256857157, -2.0931312974425964e-05], [0.0004113755712751299, 0.0006489803199656308, 0.0013588248984888196, 0.0007126023410819471, -0.0005602430901490152, -0.0004091253795195371, 0.00019415616407059133, -0.00029018515488132834, -0.0006973040872253478, 0.00013488033437170088, -0.00032759146415628493, -0.001276969793252647, -0.0003129433316644281], [0.0002523038419894874, 0.00032581217237748206, 0.0007126023410819471, 0.002623528940603137, -0.000535186380147934, 0.00047705130418762565, 2.1925810870015994e-05, -0.0009665334364399314, -0.0006196911563165486, 0.00016520752978976816, -0.000403091951739043, -0.0007048104307614267, -0.0010895698796957731], [0.00020161444263067096, 0.0001755274279275909, -0.0005602430901490152, -0.000535186380147934, 0.0044326880015432835, 0.0005693076527677476, -9.877464617602527e-05, 2.2179363440955058e-05, -0.0015035837423056364, -0.0009281926322728395, -0.00032102613477036357, -0.0006746962899342179, 1.3810662267133011e-06], [-7.291098881978542e-05, -0.00010567795834504068, -0.0004091253795195371, 0.00047705130418762565, 0.0005693076527677476, 0.0032437166664749384, -0.0006304055568762124, -0.0006119919125922024, 0.00025110546266660094, -0.002476608147844672, 0.0007335608825087547, 0.0014082114212214947, -0.0006080890307202935], [6.42363156657666e-05, -0.00042851519538089633, 0.00019415616407059133, 2.1925810870015994e-05, -9.877464617602527e-05, -0.0006304055568762124, 0.0061059496365487576, 0.000291519274469465, -0.0007345167105086148, -0.0008057654486037791, -0.001509220339357853, 0.0002604996843729168, -0.0007438652100972831], [-0.00012529295054264367, 2.8367398044792935e-05, -0.00029018515488132834, -0.0009665334364399314, 2.2179363440955058e-05, -0.0006119919125922024, 0.000291519274469465, 0.00468692509457469, -0.0005108978948555887, -0.0008514763321727514, 0.00012724344560410827, -0.0015827685128897429, 0.0002513244398869574], [-0.0007053494337014854, -0.0009015618124976754, -0.0006973040872253478, -0.0006196911563165486, -0.0015035837423056364, 0.00025110546266660094, -0.0007345167105086148, -0.0005108978948555887, 0.007542935200035572, 0.00019211867765989155, -0.0005534061347134411, 0.0026280249003320932, -0.0019612049218267202], [-0.0002903843706008047, -0.0004138464864809066, 0.00013488033437170088, 0.00016520752978976816, -0.0009281926322728395, -0.002476608147844672, -0.0008057654486037791, -0.0008514763321727514, 0.00019211867765989155, 0.006875278893858194, 0.0012085968628525734, -0.0014955824008211493, 0.000930003821849823], [-0.00032300635939463973, -0.00043918468873016536, -0.00032759146415628493, -0.000403091951739043, -0.00032102613477036357, 0.0007335608825087547, -0.001509220339357853, 0.00012724344560410827, -0.0005534061347134411, 0.0012085968628525734, 0.005625857040286064, -0.0006431160145439208, -0.0017010958399623632], [-0.0002017310616793111, -0.0007448422256857157, -0.001276969793252647, -0.0007048104307614267, -0.0006746962899342179, 0.0014082114212214947, 0.0002604996843729168, -0.0015827685128897429, 0.0026280249003320932, -0.0014955824008211493, -0.0006431160145439208, 0.007037028670310974, -0.00013075621973257512], [-0.0003265367413405329, -2.0931312974425964e-05, -0.0003129433316644281, -0.0010895698796957731, 1.3810662267133011e-06, -0.0006080890307202935, -0.0007438652100972831, 0.0002513244398869574, -0.0019612049218267202, 0.000930003821849823, -0.0017010958399623632, -0.00013075621973257512, 0.009286394342780113]], "metadata.audio_properties.analysis.downmix": "mix", "metadata.audio_properties.codec": "mp3", "metadata.audio_properties.md5_encoded": "0571da1c5167c39cbd40f90f00ad4da3", "metadata.tags.file_name": "1182282117741301792.mp3", "metadata.version.essentia": "2.1-beta6-dev", "metadata.version.essentia_gi