{"song_id": "1182266273351090186", "download": "https://cdn.discordapp.com/attachments/1135911532732108921/1182266273351090186/chirp.mp4?ex=65841245&amp", "lyrics": "[verse]\nEdwin, the brave, ventured out one night\nTo a hotpot dinner with delight\nIn his finest attire, he stepped inside\nTo savor flavors that would make him fly\n\n[chorus]\nOh, Edwin, the connoisseur of feast\nHotpot delights, a grand culinary beast\nSpices and broth, bubbling so divine\nEdwin's taste buds on a journey, they align", "style": ["Opera"], "essentia_features": {"lowlevel.average_loudness": 0.8993895053863525, "lowlevel.barkbands_crest.mean": 12.020809173583984, "lowlevel.barkbands_crest.stdev": 4.279016971588135, "lowlevel.barkbands_flatness_db.mean": 0.23209868371486664, "lowlevel.barkbands_flatness_db.stdev": 0.07123439013957977, "lowlevel.barkbands_kurtosis.mean": 5.525280952453613, "lowlevel.barkbands_kurtosis.stdev": 9.877260208129883, "lowlevel.barkbands_skewness.mean": 1.3724408149719238, "lowlevel.barkbands_skewness.stdev": 1.3462048768997192, "lowlevel.barkbands_spread.mean": 12.764002799987793, "lowlevel.barkbands_spread.stdev": 15.106739044189453, "lowlevel.dissonance.mean": 0.40094417333602905, "lowlevel.dissonance.stdev": 0.054038360714912415, "lowlevel.dynamic_complexity": 6.943420886993408, "lowlevel.erbbands_crest.mean": 13.122062683105469, "lowlevel.erbbands_crest.stdev": 5.289621353149414, "lowlevel.erbbands_flatness_db.mean": 0.27198371291160583, "lowlevel.erbbands_flatness_db.stdev": 0.07543902099132538, "lowlevel.erbbands_kurtosis.mean": 2.475411891937256, "lowlevel.erbbands_kurtosis.stdev": 3.9088637828826904, "lowlevel.erbbands_skewness.mean": 0.7150455117225647, "lowlevel.erbbands_skewness.stdev": 1.0292034149169922, "lowlevel.erbbands_spread.mean": 22.981834411621094, "lowlevel.erbbands_spread.stdev": 21.36693572998047, "lowlevel.hfc.mean": 13.085341453552246, "lowlevel.hfc.stdev": 20.289321899414062, "lowlevel.loudness_ebu128.integrated": -20.903919219970703, "lowlevel.loudness_ebu128.loudness_range": 3.6678009033203125, "lowlevel.loudness_ebu128.momentary.mean": -23.888080596923828, "lowlevel.loudness_ebu128.momentary.stdev": 5.995100975036621, "lowlevel.loudness_ebu128.short_term.mean": -21.6934871673584, "lowlevel.loudness_ebu128.short_term.stdev": 1.2119073867797852, "lowlevel.melbands_crest.mean": 15.692828178405762, "lowlevel.melbands_crest.stdev": 5.195722579956055, "lowlevel.melbands_flatness_db.mean": 0.28391939401626587, "lowlevel.melbands_flatness_db.stdev": 0.08875516802072525, "lowlevel.melbands_kurtosis.mean": 8.933062553405762, "lowlevel.melbands_kurtosis.stdev": 13.198756217956543, "lowlevel.melbands_skewness.mean": 1.810488224029541, "lowlevel.melbands_skewness.stdev": 1.4952620267868042, "lowlevel.melbands_spread.mean": 18.680091857910156, "lowlevel.melbands_spread.stdev": 29.31545066833496, "lowlevel.pitch_salience.mean": 0.5616591572761536, "lowlevel.pitch_salience.stdev": 0.12918199598789215, "lowlevel.silence_rate_20dB.mean": 1.0, "lowlevel.silence_rate_20dB.stdev": 0.0, "lowlevel.silence_rate_30dB.mean": 0.9979661107063293, "lowlevel.silence_rate_30dB.stdev": 0.045052848756313324, "lowlevel.silence_rate_60dB.mean": 0.4040677845478058, "lowlevel.silence_rate_60dB.stdev": 0.4907090961933136, "lowlevel.spectral_centroid.mean": 998.9529418945312, "lowlevel.spectral_centroid.stdev": 733.983154296875, "lowlevel.spectral_complexity.mean": 7.0393218994140625, "lowlevel.spectral_complexity.stdev": 5.00275993347168, "lowlevel.spectral_decrease.mean": -3.516466673403329e-09, "lowlevel.spectral_decrease.stdev": 5.17224529872351e-09, "lowlevel.spectral_energy.mean": 0.014458814635872841, "lowlevel.spectral_energy.stdev": 0.021323876455426216, "lowlevel.spectral_energyband_high.mean": 0.00010160371311940253, "lowlevel.spectral_energyband_high.stdev": 0.00020651704107876867, "lowlevel.spectral_energyband_low.mean": 9.660547220846638e-05, "lowlevel.spectral_energyband_low.stdev": 0.0004266618052497506, "lowlevel.spectral_energyband_middle_high.mean": 0.0071357423439621925, "lowlevel.spectral_energyband_middle_high.stdev": 0.014499583281576633, "lowlevel.spectral_energyband_middle_low.mean": 0.00788913108408451, "lowlevel.spectral_energyband_middle_low.stdev": 0.012151051312685013, "lowlevel.spectral_entropy.mean": 6.677897930145264, "lowlevel.spectral_entropy.stdev": 0.7383055090904236, "lowlevel.spectral_flux.mean": 0.05073598399758339, "lowlevel.spectral_flux.stdev": 0.052095554769039154, "lowlevel.spectral_kurtosis.mean": 20.55640411376953, "lowlevel.spectral_kurtosis.stdev": 29.70133399963379, "lowlevel.spectral_rms.mean": 0.0029104789718985558, "lowlevel.spectral_rms.stdev": 0.002373876515775919, "lowlevel.spectral_rolloff.mean": 1689.1107177734375, "lowlevel.spectral_rolloff.stdev": 2265.588623046875, "lowlevel.spectral_skewness.mean": 2.9429471492767334, "lowlevel.spectral_skewness.stdev": 1.7962939739227295, "lowlevel.spectral_spread.mean": 3524981.75, "lowlevel.spectral_spread.stdev": 2451035.75, "lowlevel.spectral_strongpeak.mean": 1.4582635164260864, "lowlevel.spectral_strongpeak.stdev": 1.8617033958435059, "lowlevel.zerocrossingrate.mean": 0.05807666853070259, "lowlevel.zerocrossingrate.stdev": 0.05916636064648628, "metadata.audio_properties.analysis.equal_loudness": 0.0, "metadata.audio_properties.analysis.length": 34.217620849609375, "metadata.audio_properties.analysis.sample_rate": 44100.0, "metadata.audio_properties.analysis.start_time": 0.0, "metadata.audio_properties.bit_rate": 116311.0, "metadata.audio_properties.length": 34.218666076660156, "metadata.audio_properties.lossless": 0.0, "metadata.audio_properties.number_channels": 1.0, "metadata.audio_properties.replay_gain": -7.984838485717773, "metadata.audio_properties.sample_rate": 48000.0, "rhythm.beats_count": 62.0, "rhythm.beats_loudness.mean": 0.022035880014300346, "rhythm.beats_loudness.stdev": 0.023182716220617294, "rhythm.bpm": 102.46282958984375, "rhythm.bpm_histogram_first_peak_bpm": 101.0, "rhythm.bpm_histogram_first_peak_weight": 0.675675630569458, "rhythm.bpm_histogram_second_peak_bpm": 157.0, "rhythm.bpm_histogram_second_peak_spread": 0.0, "rhythm.bpm_histogram_second_peak_weight": 0.1147540956735611, "rhythm.danceability": 1.2992991209030151, "rhythm.onset_rate": 3.621725559234619, "tonal.chords_changes_rate": 0.0758807584643364, "tonal.chords_number_rate": 0.013550135307013988, "tonal.chords_strength.mean": 0.5057977437973022, "tonal.chords_strength.stdev": 0.10872860997915268, "tonal.hpcp_crest.mean": 20.55168342590332, "tonal.hpcp_crest.stdev": 8.711263656616211, "tonal.hpcp_entropy.mean": 1.2329906225204468, "tonal.hpcp_entropy.stdev": 0.6782098412513733, "tonal.key_edma.strength": 0.7024475336074829, "tonal.key_krumhansl.strength": 0.7122764587402344, "tonal.key_temperley.strength": 0.7216593027114868, "tonal.tuning_diatonic_strength": 0.5236904621124268, "tonal.tuning_equal_tempered_deviation": 0.04626816511154175, "tonal.tuning_frequency": 440.76312255859375, "tonal.tuning_nontempered_energy_ratio": 0.6582856178283691, "lowlevel.barkbands.mean": [7.553999239462428e-07, 3.4267108276253566e-05, 4.626588270184584e-05, 8.290607365779579e-05, 0.0011088211322203279, 0.0008748422842472792, 0.0007136496715247631, 0.0015319951344281435, 0.002198968781158328, 0.0029270113445818424, 0.0019805904012173414, 0.0008280256879515946, 0.0006274546612985432, 0.0005037232767790556, 0.00028085726080462337, 0.00024764894624240696, 0.00013131058949511498, 0.00015535086276941001, 4.897150938631967e-05, 4.890717173111625e-05, 6.0407269302231725e-06, 1.612182313692756e-05, 2.080679769278504e-05, 2.927466994151473e-05, 6.95749031365267e-06, 6.637077603954822e-06, 6.779073942198011e-07], "lowlevel.barkbands.stdev": [1.3104942127029062e-06, 0.00019774233805947006, 0.00022586101840715855, 0.0002099661942338571, 0.0016903623472899199, 0.0017131719505414367, 0.0018788352608680725, 0.005015494767576456, 0.008173626847565174, 0.007992764003574848, 0.006226082798093557, 0.003533217590302229, 0.00278872880153358, 0.0016901374328881502, 0.000810655823443085, 0.000897217367310077, 0.0004379182355478406, 0.00037373369559645653, 0.0001347496290691197, 0.00011302920029265806, 2.6508158043725416e-05, 5.592894376604818e-05, 5.4773565352661535e-05, 5.958338442724198e-05, 1.903355587273836e-05, 1.700714710750617e-05, 2.313343429705128e-06], "lowlevel.erbbands.mean": [0.00022118151537142694, 0.010685577057301998, 0.058962300419807434, 0.16617248952388763, 2.0371031761169434, 3.806638240814209, 6.217940330505371, 6.769008636474609, 8.466052055358887, 22.95685386657715, 37.218971252441406, 49.514469146728516, 90.81743621826172, 74.35669708251953, 70.25284576416016, 35.67904281616211, 30.820951461791992, 27.95182991027832, 17.984333038330078, 13.541595458984375, 12.291282653808594, 8.059162139892578, 8.940448760986328, 4.509974956512451, 2.357339859008789, 2.311521053314209, 0.4225088655948639, 0.2817617356777191, 0.5569155812263489, 0.6202085018157959, 0.5743329524993896, 0.6113619804382324, 0.4552062749862671, 0.11269646883010864, 0.03748105466365814, 0.02056736685335636, 0.014193502254784107, 0.0031160684302449226, 8.175564289558679e-05, 1.918067027872894e-05], "lowlevel.erbbands.stdev": [0.0009330803295597434, 0.06168694794178009, 0.3069366216659546, 0.33653461933135986, 4.257359981536865, 6.656880855560303, 12.017696380615234, 14.984570503234863, 16.210712432861328, 74.45960235595703, 115.2971420288086, 202.0664520263672, 236.5513153076172, 230.19305419921875, 242.34974670410156, 157.32196044921875, 117.55177307128906, 92.16838836669922, 46.95482635498047, 38.558929443359375, 45.98666763305664, 25.461597442626953, 22.04709815979004, 11.672826766967773, 5.01523494720459, 5.636226177215576, 1.343508243560791, 1.1684209108352661, 2.090383768081665, 1.6863480806350708, 1.5133522748947144, 1.3213008642196655, 0.951698362827301, 0.29396024346351624, 0.10678751766681671, 0.05487458407878876, 0.03908630087971687, 0.008078175596892834, 0.00021831455524079502, 2.6033814719994552e-05], "lowlevel.gfcc.mean": [-153.34979248046875, 97.37669372558594, -140.92384338378906, -35.958465576171875, -81.8056640625, -11.52921199798584, -58.35240936279297, -0.9850888848304749, -27.336971282958984, -15.776505470275879, -9.626965522766113, -4.688582420349121, -9.639117240905762], "lowlevel.melbands.mean": [5.307576429913752e-06, 2.428032530588098e-05, 7.800771709298715e-05, 0.00022451380209531635, 0.0002060947590507567, 0.00015974449343048036, 0.0001270639622816816, 0.00027035368839278817, 0.0003388316254131496, 0.00030588742811232805, 0.00045292559661902487, 0.0002962963189929724, 0.00023621383297722787, 0.00011499480024212971, 8.777334733167663e-05, 5.5969863751670346e-05, 5.3064435633132234e-05, 2.9586548407678492e-05, 2.0579049305524677e-05, 1.7752188796293922e-05, 1.2743996194330975e-05, 7.902082870714366e-06, 8.241913747042418e-06, 7.120667760318611e-06, 3.3332546536257723e-06, 1.5111248785615317e-06, 2.048834403467481e-06, 1.3514461443264736e-06, 2.5506707856948196e-07, 1.3453421843223623e-07, 1.6979763017843652e-07, 3.069553997647745e-07, 3.394463874428766e-07, 3.5093401606900443e-07, 3.2608522815280594e-07, 3.303600522031047e-07, 4.078814299646183e-07, 3.8398971469177923e-07, 1.6483015485846408e-07, 6.807433550193309e-08], "lowlevel.melbands.stdev": [2.8714865038637072e-05, 0.00012723082909360528, 0.0001556365459691733, 0.0003948874364141375, 0.00035385030787438154, 0.0003242877428419888, 0.00026375078596174717, 0.0009266011184081435, 0.0011365057434886694, 0.0012248425045982003, 0.0012105960631743073, 0.0009638936026021838, 0.0007546838605776429, 0.0004197539237793535, 0.0004962489474564791, 0.00020514457719400525, 0.00019625383720267564, 8.415913907811046e-05, 6.18901540292427e-05, 6.52702001389116e-05, 4.964715844835155e-05, 2.8048272724845447e-05, 2.1090165319037624e-05, 1.7283413399127312e-05, 9.389649676450063e-06, 3.7765648812637664e-06, 4.64918366560596e-06, 3.608535735111218e-06, 8.995822895485617e-07, 6.741525453435315e-07, 7.418333325404092e-07, 1.2701852938334923e-06, 1.1005415672116214e-06, 9.277662229578709e-07, 8.62502758991468e-07, 9.264215918847185e-07, 8.558034778616275e-07, 7.96886070020264e-07, 4.1351674440193165e-07, 2.062996458107591e-07], "lowlevel.melbands128.mean": [3.0148584073685925e-07, 5.146239914211037e-07, 2.6435041036165785e-06, 2.2869791791890748e-05, 3.403652226552367e-05, 1.80122115125414e-05, 1.4434051081479993e-05, 5.629958104691468e-05, 0.00022777853882871568, 0.0002695092698559165, 0.0001977143983822316, 0.0001852712593972683, 0.00023022564710117877, 0.00020568902255035937, 0.00015370565233752131, 0.00012373740901239216, 0.00016313280502799898, 9.282331302529201e-05, 0.00012401463754940778, 0.0002807484706863761, 0.00036634900607168674, 0.00019486548262648284, 0.0003657897759694606, 0.00045248671085573733, 0.0002916390949394554, 0.00024840436526574194, 0.0003011003427673131, 0.0006441765581257641, 0.0004058954946231097, 0.00025242037372663617, 0.00032674489193595946, 0.00023871551093179733, 0.00017596643010620028, 0.0003453751269262284, 9.102684998651966e-05, 6.289568409556523e-05, 9.772810153663158e-05, 9.951605898095295e-05, 7.74215513956733e-05, 6.111401307862252e-05, 5.887187217012979e-05, 3.068294972763397e-05, 6.07420843152795e-05, 6.442108133342117e-05, 2.9715170967392623e-05, 2.7401083571021445e-05, 2.1516152628464624e-05, 2.533492624934297e-05, 1.553368565510027e-05, 1.669755693001207e-05, 1.8791117327054963e-05, 1.8115930288331583e-05, 1.7026217392412946e-05, 8.965900633484125e-06, 6.452308753068792e-06, 8.587452612118796e-06, 8.364246241399087e-06, 6.948108421056531e-06, 8.393684765906073e-06, 1.0325679795641918e-05, 6.8777862907154486e-06, 5.18601245858008e-06, 4.914768396702129e-06, 2.3654527012695326e-06, 1.4360063005369739e-06, 1.7342807723252918e-06, 1.17439219593507e-06, 1.7784749388738419e-06, 2.2896881546330405e-06, 2.4860698886186583e-06, 1.5272369182639522e-06, 7.342127332776727e-07, 3.40392432462977e-07, 1.731497150103678e-07, 1.3958681677195273e-07, 1.5453001367404795e-07, 1.1875830097096696e-07, 1.1251838571979533e-07, 1.6743184971801384e-07, 2.3143086025356752e-07, 2.8316287625784753e-07, 3.7797212826262694e-07, 2.9819008773301903e-07, 3.5765702932621934e-07, 3.319929362533003e-07, 3.493930762488162e-07, 3.521819280649652e-07, 3.675110917811253e-07, 3.223738644919649e-07, 2.969570687127998e-07, 3.305866300706839e-07, 3.5459567016005167e-07, 2.929253639649687e-07, 3.9918867855703866e-07, 4.795682002622925e-07, 4.853907853430428e-07, 3.6114562362854485e-07, 2.51850849508628e-07, 1.7182352962663572e-07, 1.1778020336805639e-07, 8.858312128268153e-08, 5.67919897775937e-08, 4.611971604617793e-08, 4.1745632728407145e-08, 4.275316811686025e-08, 3.6234876432672536e-08, 3.635055634276796e-08, 3.03847649263389e-08, 3.164461404026042e-08, 3.564339579043008e-08, 4.59036364475196e-08, 4.422836497042226e-08, 5.188971385905461e-08, 4.631808536714743e-08, 4.3879129663082495e-08, 3.44687229869578e-08, 2.4042527968504146e-08, 6.0011187130726285e-09, 3.655857006013008e-10, 2.4257030845770133e-12, 2.3029243442773684e-12, 2.2408394584338964e-12, 2.199644980049875e-12, 2.1500882671499078e-12, 2.04771421173644e-12, 1.8946586920892683e-12, 1.8085625228328461e-12, 1.7887858078449725e-12], "lowlevel.melbands128.stdev": [6.218650696609984e-07, 1.5848219163672184e-06, 1.1252616786805447e-05, 0.00013653300993610173, 0.00019842844631057233, 7.625645957887173e-05, 4.4640240957960486e-05, 0.00014192165690474212, 0.0005281533231027424, 0.0006186845130287111, 0.0004383695777505636, 0.00040518149035051465, 0.0005282575148157775, 0.000537044950760901, 0.0004593565536197275, 0.0003680757072288543, 0.0003658570640254766, 0.0002567562914919108, 0.0005665673525072634, 0.0010557252680882812, 0.001618364010937512, 0.0010125992121174932, 0.0014961038250476122, 0.002326413057744503, 0.001947646145708859, 0.0012765340507030487, 0.0010831335093826056, 0.0020909954328089952, 0.0015901054721325636, 0.0015009400667622685, 0.0013883067294955254, 0.0011104128789156675, 0.0008074009674601257, 0.0015757880173623562, 0.0005003659753128886, 0.0004166730213910341, 0.0007133727776817977, 0.0008339203195646405, 0.0005076978704892099, 0.00030052318470552564, 0.0003157881728839129, 0.00013246075832284987, 0.0003156546736136079, 0.0002746481040958315, 0.00011749615077860653, 0.00014214616385288537, 8.119077392620966e-05, 0.00010499806376174092, 7.823722989996895e-05, 8.165225881384686e-05, 9.908251377055421e-05, 0.00010424104402773082, 9.067601058632135e-05, 4.688803892349824e-05, 3.01971140288515e-05, 4.3086347432108596e-05, 3.5533834306988865e-05, 2.159856740036048e-05, 2.9493719921447337e-05, 3.520535392453894e-05, 2.071149901894387e-05, 2.0810859496123157e-05, 1.786110624379944e-05, 8.004706614883617e-06, 3.8292182580335066e-06, 6.334199952107156e-06, 3.0226960916479584e-06, 4.900117346551269e-06, 6.097565346863121e-06, 7.784960871504154e-06, 5.242100996838417e-06, 2.20433912545559e-06, 1.331761609435489e-06, 7.255540594997001e-07, 7.062230338306108e-07, 9.629385431253468e-07, 5.600991244136821e-07, 5.011756911699194e-07, 8.061429639383277e-07, 1.0672904409148032e-06, 1.472083454245876e-06, 1.7418428797100205e-06, 1.0649150681274477e-06, 1.2861025879828958e-06, 1.0497012681298656e-06, 1.001291138891247e-06, 1.0107330581377028e-06, 1.008947947411798e-06, 8.954565373642254e-07, 9.20657100778044e-07, 1.014995632431237e-06, 1.090127625502646e-06, 7.189769917204103e-07, 9.578706112733926e-07, 1.0101980478793848e-06, 1.056945848176838e-06, 7.958962555676408e-07, 6.118144142419624e-07, 4.945786145071907e-07, 3.4892141798081866e-07, 2.639944511884096e-07, 2.0290805480271956e-07, 1.6806760072540783e-07, 1.4119723346084356e-07, 1.5335662340021372e-07, 1.2053851605742238e-07, 1.1587865600404257e-07, 9.512456244920031e-08, 9.384145727153737e-08, 1.1622796591836959e-07, 1.2671408455844357e-07, 1.3375507990076585e-07, 1.7233638516245264e-07, 1.5020316368463682e-07, 1.2024820250644552e-07, 8.818717844860657e-08, 7.277998292920529e-08, 3.50569955287483e-08, 4.437270550994299e-09, 5.18623815767838e-12, 4.988257636812099e-12, 4.8112594637494954e-12, 4.705035840102401e-12, 4.622372797025154e-12, 4.550269015746178e-12, 4.495812142707445e-12, 4.4556034209386475e-12, 4.431078767797025e-12], "lowlevel.mfcc.mean": [-796.5093994140625, 145.49107360839844, -17.532888412475586, -30.193450927734375, -11.230154991149902, -30.848146438598633, -20.37616729736328, -5.474942207336426, -26.450416564941406, 0.44433847069740295, -18.947704315185547, -13.529354095458984, -8.076631546020508], "lowlevel.spectral_contrast_coeffs.mean": [-0.5671538710594177, -0.6739397048950195, -0.685981035232544, -0.7591446042060852, -0.7655989527702332, -0.8038885593414307], "lowlevel.spectral_contrast_coeffs.stdev": [0.10799741744995117, 0.08522981405258179, 0.10437800735235214, 0.08229219168424606, 0.07202472537755966, 0.04808283969759941], "lowlevel.spectral_contrast_valleys.mean": [-9.571547508239746, -7.936246871948242, -8.622682571411133, -9.07339859008789, -9.69886589050293, -12.272122383117676], "lowlevel.spectral_contrast_valleys.stdev": [1.0216904878616333, 0.8910520672798157, 1.0188755989074707, 1.1476045846939087, 1.4895750284194946, 1.5945640802383423], "rhythm.beats_loudness_band_ratio.mean": [0.06689704954624176, 0.2807456851005554, 0.3521133363246918, 0.29174506664276123, 0.07677008956670761, 0.0271773561835289], "rhythm.beats_loudness_band_ratio.stdev": [0.11901428550481796, 0.24707932770252228, 0.21487437188625336, 0.2804313004016876, 0.07919126749038696, 0.06926972419023514], "tonal.hpcp.mean": [0.0653725266456604, 0.05659874528646469, 0.09234142303466797, 0.11604954302310944, 0.07026989758014679, 0.04648289084434509, 0.055156685411930084, 0.051384422928094864, 0.1125808134675026, 0.15774069726467133, 0.0914781466126442, 0.03556162118911743, 0.027176382020115852, 0.022725792601704597, 0.11341758817434311, 0.17568816244602203, 0.10809002816677094, 0.10936740040779114, 0.13982737064361572, 0.09213803708553314, 0.05115381255745888, 0.046658825129270554, 0.04098232463002205, 0.13691926002502441, 0.19436214864253998, 0.09379330277442932, 0.037370335310697556, 0.04175085201859474, 0.04366438090801239, 0.21680910885334015, 0.334471195936203, 0.19258886575698853, 0.14580121636390686, 0.15693163871765137, 0.08675896376371384, 0.061086028814315796], "tonal.hpcp.stdev": [0.1795303374528885, 0.16630245745182037, 0.21455006301403046, 0.2593882083892822, 0.16839157044887543, 0.16060611605644226, 0.17828556895256042, 0.15423345565795898, 0.2169792503118515, 0.2700401842594147, 0.1996503323316574, 0.1236225888133049, 0.11110854148864746, 0.0970616340637207, 0.20642539858818054, 0.3073204755783081, 0.2004806250333786, 0.21681076288223267, 0.26924920082092285, 0.19895079731941223, 0.16394172608852386, 0.15398408472537994, 0.1418057084083557, 0.23179098963737488, 0.3197622299194336, 0.1625669151544571, 0.1284734606742859, 0.15283387899398804, 0.1334587037563324, 0.2839375436306, 0.4039291739463806, 0.2594435513019562, 0.26811495423316956, 0.3009657859802246, 0.19914264976978302, 0.17287835478782654], "rhythm.beats_position": [0.41795918345451355, 0.8591383099555969, 1.2422676086425781, 1.6253968477249146, 2.008526086807251, 2.391655206680298, 2.774784564971924, 3.1579136848449707, 3.5410430431365967, 3.9357821941375732, 4.330521583557129, 4.7600908279418945, 5.189659595489502, 5.607618808746338, 6.164897918701172, 6.722176551818848, 7.291065692901611, 7.848344326019287, 8.41723346710205, 8.986122131347656, 9.555010795593262, 10.123900413513184, 10.704399108886719, 11.296507835388184, 11.888616561889648, 12.492335319519043, 13.096054077148438, 13.688162803649902, 14.280271530151367, 14.860771179199219, 15.452879905700684, 16.04498863220215, 16.729976654052734, 17.414966583251953, 17.995464324951172, 18.587574005126953, 19.1796817779541, 19.713741302490234, 20.271020889282227, 20.839908599853516, 21.408798217773438, 21.977685928344727, 22.558185577392578, 23.15029525756836, 23.742403030395508, 24.32290267944336, 24.88018035888672, 25.43745994567871, 25.983129501342773, 26.528797149658203, 27.120906829833984, 27.701404571533203, 28.305124282836914, 28.897233963012695, 29.500951766967773, 30.104671478271484, 30.719999313354492, 31.300498962402344, 31.880996704101562, 32.46149444580078, 33.041996002197266, 33.622493743896484], "rhythm.bpm_histogram": [0.0, 0.0, 0.0, 0.0, 0.0, 0.0, 0.0, 0.0, 0.0, 0.0, 0.0, 0.0, 0.0, 0.0, 0.0, 0.0, 0.0, 0.0, 0.0, 0.0, 0.0, 0.0, 0.0, 0.0, 0.0, 0.0, 0.0, 0.0, 0.0, 0.0, 0.0, 0.0, 0.0, 0.0, 0.0, 0.0, 0.0, 0.0, 0.0, 0.0, 0.0, 0.0, 0.0, 0.0, 0.0, 0.0, 0.0, 0.0, 0.0, 0.0, 0.0, 0.0, 0.0, 0.0, 0.0, 0.0, 0.0, 0.0, 0.0, 0.0, 0.0, 0.0, 0.0, 0.0, 0.0, 0.0, 0.0, 0.0, 0.0, 0.0, 0.0, 0.0, 0.0, 0.0, 0.0, 0.0, 0.0, 0.0, 0.0, 0.0, 0.0, 0.0, 0.0, 0.0, 0.0, 0.0, 0.0, 0.0, 0.032786883413791656, 0.0, 0.0, 0.0, 0.0, 0.0, 0.0, 0.0, 0.0, 0.0, 0.016393441706895828, 0.08196721225976944, 0.0, 0.19672131538391113, 0.0, 0.1803278625011444, 0.0, 0.13114753365516663, 0.0, 0.0, 0.09836065769195557, 0.0, 0.032786883413791656, 0.0, 0.016393441706895828, 0.0, 0.0, 0.0, 0.0, 0.0, 0.0, 0.0, 0.0, 0.0, 0.0, 0.0, 0.0, 0.0, 0.0, 0.0, 0.0, 0.0, 0.0, 0.0, 0.0, 0.0, 0.0, 0.0, 0.016393441706895828, 0.0, 0.0, 0.0, 0.032786883413791656, 0.0, 0.0, 0.0, 0.016393441706895828, 0.0, 0.0, 0.0, 0.0, 0.0, 0.0, 0.0, 0.032786883413791656, 0.0, 0.0, 0.0, 0.0, 0.1147540956735611, 0.0, 0.0, 0.0, 0.0, 0.0, 0.0, 0.0, 0.0, 0.0, 0.0, 0.0, 0.0, 0.0, 0.0, 0.0, 0.0, 0.0, 0.0, 0.0, 0.0, 0.0, 0.0, 0.0, 0.0, 0.0, 0.0, 0.0, 0.0, 0.0, 0.0, 0.0, 0.0, 0.0, 0.0, 0.0, 0.0, 0.0, 0.0, 0.0, 0.0, 0.0, 0.0, 0.0, 0.0, 0.0, 0.0, 0.0, 0.0, 0.0, 0.0, 0.0, 0.0, 0.0, 0.0, 0.0, 0.0, 0.0, 0.0, 0.0, 0.0, 0.0, 0.0, 0.0, 0.0, 0.0, 0.0, 0.0, 0.0, 0.0, 0.0, 0.0, 0.0, 0.0, 0.0, 0.0, 0.0, 0.0, 0.0, 0.0, 0.0, 0.0, 0.0, 0.0, 0.0, 0.0, 0.0, 0.0, 0.0, 0.0, 0.0, 0.0, 0.0], "tonal.chords_histogram": [31.029809951782227, 9.349593162536621, 7.72357702255249, 5.284553050994873, 7.859078407287598, 8.265583038330078, 1.7615176439285278, 5.4200544357299805, 0.8130081295967102, 8.943089485168457, 0.27100270986557007, 0.0, 0.0, 0.0, 0.0, 0.0, 0.13550135493278503, 0.0, 0.0, 0.0, 0.0, 0.0, 13.143630981445312, 0.0], "tonal.thpcp": [1.0, 0.5758010745048523, 0.43591561913490295, 0.4691932797431946, 0.2593914270401001, 0.1826346516609192, 0.19545039534568787, 0.16921859979629517, 0.2760818302631378, 0.3469642400741577, 0.21009252965450287, 0.13897426426410675, 0.16490712761878967, 0.15362884104251862, 0.3365934491157532, 0.47161221504211426, 0.27350082993507385, 0.10632192343473434, 0.08125178515911102, 0.0679454430937767, 0.33909523487091064, 0.5252714157104492, 0.32316693663597107, 0.32698601484298706, 0.41805505752563477, 0.2754737436771393, 0.15293936431407928, 0.13950027525424957, 0.12252870947122574, 0.4093603789806366, 0.5811027884483337, 0.2804226577281952, 0.11172960698604584, 0.12482645362615585, 0.13054750859737396, 0.64821457862854], "lowlevel.gfcc.cov": [[14671.3056640625, -4473.02734375, -1408.9576416015625, 597.2064208984375, -608.7723999023438, -42.569435119628906, -520.3892211914062, 774.7427978515625, -791.990234375, -513.4884643554688, -414.99310302734375, -327.82135009765625, -810.23974609375], [-4473.02734375, 4249.42822265625, -110.3780288696289, -734.7604370117188, 1032.292724609375, -155.29481506347656, 366.9605712890625, -302.1539306640625, 275.5292053222656, -369.73809814453125, 350.8184509277344, -321.54388427734375, 256.5903625488281], [-1408.9576416015625, -110.3780288696289, 1358.3717041015625, 485.63336181640625, -51.249359130859375, 195.90057373046875, -55.17292022705078, -140.59310913085938, -21.772544860839844, 230.6802520751953, -232.96922302246094, 188.78939819335938, -14.014111518859863], [597.2064208984375, -734.7604370117188, 485.63336181640625, 993.3580322265625, -157.4410858154297, -68.17854309082031, -150.62669372558594, 46.24828338623047, -30.25281524658203, 67.25912475585938, -195.4627685546875, 81.95389556884766, -26.52894401550293], [-608.7723999023438, 1032.292724609375, -51.249359130859375, -157.4410858154297, 652.3995361328125, -60.929359436035156, 8.604310035705566, 26.004518508911133, 9.182587623596191, -158.65716552734375, -31.161802291870117, -118.97432708740234, 21.55459213256836], [-42.569435119628906, -155.29481506347656, 195.90057373046875, -68.17854309082031, -60.929359436035156, 420.3336181640625, 166.2415313720703, -109.65507507324219, -35.923980712890625, 82.76600646972656, 33.04618453979492, 32.43299102783203, -36.45553207397461], [-520.3892211914062, 366.9605712890625, -55.17292022705078, -150.62669372558594, 8.604310035705566, 166.2415313720703, 417.45648193359375, -80.95604705810547, -25.94743537902832, -21.68132209777832, 129.84927368164062, 7.618645191192627, 10.971803665161133], [774.7427978515625, -302.1539306640625, -140.59310913085938, 46.24828338623047, 26.004518508911133, -109.65507507324219, -80.95604705810547, 263.2812805175781, -3.4653687477111816, -35.32280731201172, -42.3691291809082, -3.7645862102508545, -41.74635696411133], [-791.990234375, 275.5292053222656, -21.772544860839844, -30.25281524658203, 9.182587623596191, -35.923980712890625, -25.94743537902832, -3.4653687477111816, 270.8424987792969, 76.07177734375, 33.12602996826172, 15.343524932861328, 79.84111022949219], [-513.4884643554688, -369.73809814453125, 230.6802520751953, 67.25912475585938, -158.65716552734375, 82.76600646972656, -21.68132209777832, -35.32280731201172, 76.07177734375, 289.4742126464844, -18.558069229125977, 94.87107849121094, 29.260173797607422], [-414.99310302734375, 350.8184509277344, -232.96922302246094, -195.4627685546875, -31.161802291870117, 33.04618453979492, 129.84927368164062, -42.3691291809082, 33.12602996826172, -18.558069229125977, 270.467041015625, 14.518411636352539, 42.505794525146484], [-327.82135009765625, -321.54388427734375, 188.78939819335938, 81.95389556884766, -118.97432708740234, 32.43299102783203, 7.618645191192627, -3.7645862102508545, 15.343524932861328, 94.87107849121094, 14.518411636352539, 203.9564971923828, 47.11408615112305], [-810.23974609375, 256.5903625488281, -14.014111518859863, -26.52894401550293, 21.55459213256836, -36.45553207397461, 10.971803665161133, -41.74635696411133, 79.84111022949219, 29.260173797607422, 42.505794525146484, 47.11408615112305, 179.7411651611328]], "lowlevel.gfcc.icov": [[0.0002168153296224773, 0.00021378410747274756, 0.00018479903519619256, -7.850925612729043e-05, -2.2604624973610044e-05, -0.00013735175889451057, 0.00010703482257667929, -0.00018228372209705412, 0.00017823379312176257, 0.0003674733452498913, 2.018234590650536e-05, 0.00027241144562140107, 0.0003858072159346193], [0.00021378410747274756, 0.0014673947589471936, -0.0006938850856386125, 0.00040569304837845266, -0.0013947419356554747, 0.0007819266174919903, -0.0006410307832993567, 0.0007430234109051526, -0.0009173334110528231, 0.0013364576734602451, -0.0015259537613019347, 0.0019165679113939404, -0.0005393513711169362], [0.00018479903519619256, -0.0006938850856386125, 0.0023019518703222275, -0.0009308739681728184, 0.0004983951221220195, -0.001219438505358994, 0.0006541571929119527, 9.000941645354033e-05, 0.0009761281544342637, -0.0010511198779568076, 0.002112923189997673, -0.0021355547942221165, 0.0013371827080845833], [-7.850925612729043e-05, 0.00040569304837845266, -0.0009308739681728184, 0.0016981983790174127, -8.689946844242513e-05, 0.0007454309379681945, -0.00021639889746438712, 0.0001233829534612596, -0.0004375882272142917, 0.00047522204113192856, -5.2507097279885784e-05, 0.00047572137555107474, -0.0005467742448672652], [-2.2604624973610044e-05, -0.0013947419356554747, 0.0004983951221220195, -8.689946844242513e-05, 0.0036556897684931755, -0.0008795475587248802, 0.0006714955088682473, -0.00140363909304142, 0.0009011122165247798, 4.254323721397668e-05, 0.0020216733682900667, -0.0007263771840371192, 0.00023653414973523468], [-0.00013735175889451057, 0.0007819266174919903, -0.001219438505358994, 0.0007454309379681945, -0.0008795475587248802, 0.004454758483916521, -0.0018739158986136317, 0.0016571080777794123, -0.0005789714632555842, -0.0004154263879172504, -0.0012577037559822202, 0.0010132712777704, 0.00014444284897763282], [0.00010703482257667929, -0.0006410307832993567, 0.0006541571929119527, -0.00021639889746438712, 0.0006714955088682473, -0.0018739158986136317, 0.003976825159043074, -0.000257515610428527, 0.0010290618520230055, 5.413173857959919e-05, -0.00039417596417479217, -0.0010220201220363379, 0.0005486892769113183], [-0.00018228372209705412, 0.0007430234109051526, 9.000941645354033e-05, 0.0001233829534612596, -0.00140363909304142, 0.0016571080777794123, -0.000257515610428527, 0.00606134906411171, -0.0012080934830009937, 0.0003743791312444955, -0.000285028712823987, -0.00044712622184306383, 0.000731057720258832], [0.00017823379312176257, -0.0009173334110528231, 0.0009761281544342637, -0.0004375882272142917, 0.0009011122165247798, -0.0005789714632555842, 0.0010290618520230055, -0.0012080934830009937, 0.005918285809457302, -0.0021608166862279177, 0.0007557092467322946, -0.0006561437621712685, -0.0007282537990249693], [0.0003674733452498913, 0.0013364576734602451, -0.0010511198779568076, 0.00047522204113192856, 4.254323721397668e-05, -0.0004154263879172504, 5.413173857959919e-05, 0.0003743791312444955, -0.0021608166862279177, 0.007091899868100882, -0.0008585441391915083, 0.0005965263117104769, -0.00041687986231409013], [2.018234590650536e-05, -0.0015259537613019347, 0.002112923189997673, -5.2507097279885784e-05, 0.0020216733682900667, -0.0012577037559822202, -0.00039417596417479217, -0.000285028712823987, 0.0007557092467322946, -0.0008585441391915083, 0.007939876057207584, -0.003298443276435137, 0.0006777053349651396], [0.00027241144562140107, 0.0019165679113939404, -0.0021355547942221165, 0.00047572137555107474, -0.0007263771840371192, 0.0010132712777704, -0.0010220201220363379, -0.00044712622184306383, -0.0006561437621712685, 0.0005965263117104769, -0.003298443276435137, 0.010311602614820004, -0.0030816770158708096], [0.0003858072159346193, -0.0005393513711169362, 0.0013371827080845833, -0.0005467742448672652, 0.00023653414973523468, 0.00014444284897763282, 0.0005486892769113183, 0.000731057720258832, -0.0007282537990249693, -0.00041687986231409013, 0.0006777053349651396, -0.0030816770158708096, 0.009272309020161629]], "lowlevel.mfcc.cov": [[12640.4638671875, -2657.358642578125, -2001.99658203125, -121.28471374511719, 210.4451141357422, -1056.321044921875, 227.68460083007812, 619.5927734375, -717.6402587890625, 575.2853393554688, -433.677734375, -288.2474060058594, -235.66046142578125], [-2657.358642578125, 3251.890869140625, -415.34197998046875, -267.7352600097656, 347.2608642578125, 40.585205078125, 240.6566925048828, 63.73690414428711, -77.01549530029297, 67.60346221923828, -0.9531071186065674, -119.89745330810547, -28.44098472595215], [-2001.99658203125, -415.34197998046875, 1423.5484619140625, 297.64190673828125, -147.00633239746094, 540.0565185546875, -93.76116943359375, -149.50387573242188, 238.59828186035156, -223.8919219970703, 132.2093963623047, 104.48757934570312, 76.05110931396484], [-121.28471374511719, -267.7352600097656, 297.64190673828125, 809.3235473632812, 184.70286560058594, -51.307682037353516, -167.3535919189453, 6.796769618988037, 141.4099884033203, -81.31169891357422, -89.06598663330078, 31.48399543762207, 47.6239128112793], [210.4451141357422, 347.2608642578125, -147.00633239746094, 184.70286560058594, 516.2655029296875, -109.08342742919922, -95.57151794433594, 27.2337703704834, 34.20014190673828, 71.4154281616211, -95.87353515625, -72.50184631347656, -27.04729652404785], [-1056.321044921875, 40.585205078125, 540.0565185546875, -51.307682037353516, -109.08342742919922, 603.3911743164062, 106.11283874511719, -67.21370697021484, 100.55980682373047, -77.74299621582031, 129.81341552734375, 6.856663227081299, 19.883508682250977], [227.68460083007812, 240.6566925048828, -93.76116943359375, -167.3535919189453, -95.57151794433594, 106.11283874511719, 419.54461669921875, 117.5802230834961, -93.1828384399414, -12.505596160888672, 4.709768295288086, 0.8723360896110535, -14.686057090759277], [619.5927734375, 63.73690414428711, -149.50387573242188, 6.796769618988037, 27.2337703704834, -67.21370697021484, 117.5802230834961, 252.84031677246094, -58.160335540771484, 36.53440475463867, -22.488130569458008, -7.7095537185668945, -4.94895076751709], [-717.6402587890625, -77.01549530029297, 238.59828186035156, 141.4099884033203, 34.20014190673828, 100.55980682373047, -93.1828384399414, -58.160335540771484, 292.31103515625, -46.044769287109375, 20.443496704101562, 25.45773696899414, 16.377819061279297], [575.2853393554688, 67.60346221923828, -223.8919219970703, -81.31169891357422, 71.4154281616211, -77.74299621582031, -12.505596160888672, 36.53440475463867, -46.044769287109375, 236.2345428466797, 7.091047763824463, -35.59327697753906, -14.189238548278809], [-433.677734375, -0.9531071186065674, 132.2093963623047, -89.06598663330078, -95.87353515625, 129.81341552734375, 4.709768295288086, -22.488130569458008, 20.443496704101562, 7.091047763824463, 181.36073303222656, 48.625526428222656, 15.894935607910156], [-288.2474060058594, -119.89745330810547, 104.48757934570312, 31.48399543762207, -72.50184631347656, 6.856663227081299, 0.8723360896110535, -7.7095537185668945, 25.45773696899414, -35.59327697753906, 48.625526428222656, 138.29296875, 42.3922119140625], [-235.66046142578125, -28.44098472595215, 76.05110931396484, 47.6239128112793, -27.04729652404785, 19.883508682250977, -14.686057090759277, -4.94895076751709, 16.377819061279297, -14.189238548278809, 15.894935607910156, 42.3922119140625, 106.26355743408203]], "lowlevel.mfcc.icov": [[0.00023509764287155122, 0.0002674201095942408, 0.0002106617030221969, -3.4379278076812625e-05, -0.00011087704478995875, 4.515231921686791e-05, -0.00013898243196308613, -0.0002955315576400608, 0.0003001829027198255, -0.00027120771119371057, 0.00016106922703329474, 0.000258188258158043, 0.00017837548512034118], [0.0002674201095942408, 0.0006938285659998655, 0.0003334791981615126, 7.859853212721646e-05, -0.000494631938636303, -4.297034138289746e-06, -0.00040374131640419364, -0.0002762514050118625, 0.0003292250039521605, -0.0001954337058123201, -9.88792635325808e-06, 0.0004983638064004481, 3.693387043313123e-05], [0.0002106617030221969, 0.0003334791981615126, 0.0018061678856611252, -0.000504063384141773, 4.7794728743610904e-05, -0.0012726177228614688, 0.0002602631866466254, -7.234743679873645e-05, -1.7972313798964024e-05, 0.0004767992941197008, -7.806187204550952e-05, -0.0002734081062953919, -4.0225790144177154e-05], [-3.4379278076812625e-05, 7.859853212721646e-05, -0.000504063384141773, 0.0019815571140497923, -0.0006885832408443093, 0.00029945705318823457, 0.00041837990283966064, -0.0004619872779585421, -0.0005110992351546884, 0.00045068305917084217, 0.0008031994802877307, -0.00036206882214173675, -0.0006142677157185972], [-0.00011087704478995875, -0.000494631938636303, 4.7794728743610904e-05, -0.0006885832408443093, 0.003096231957897544, -6.866435433039442e-05, 0.0007181752007454634, -0.00014971317432355136, -0.0004913213779218495, -0.0006943921907804906, 0.0009095300920307636, 0.0005370277212932706, 0.0004220489354338497], [4.515231921686791e-05, -4.297034138289746e-06, -0.0012726177228614688, 0.00029945705318823457, -6.866435433039442e-05, 0.003648567944765091, -0.0013920414494350553, 0.0005083325668238103, -0.0005876378854736686, 1.85923017852474e-05, -0.001705492613837123, 0.0016039734473451972, -0.0002850420423783362], [-0.00013898243196308613, -0.00040374131640419364, 0.0002602631866466254, 0.00041837990283966064, 0.0007181752007454634, -0.0013920414494350553, 0.004045312758535147, -0.0016373208491131663, 0.0005929524777457118, 0.0005998320411890745, 0.0008902841946110129, -0.0009890520013868809, 0.0003861471195705235], [-0.0002955315576400608, -0.0002762514050118625, -7.234743679873645e-05, -0.0004619872779585421, -0.00014971317432355136, 0.0005083325668238103, -0.0016373208491131663, 0.00559647474437952, -3.9238526369445026e-05, -0.00022190625895746052, -0.000477062159916386, -0.00022704456932842731, -0.0004310258955229074], [0.0003001829027198255, 0.0003292250039521605, -1.7972313798964024e-05, -0.0005110992351546884, -0.0004913213779218495, -0.0005876378854736686, 0.0005929524777457118, -3.9238526369445026e-05, 0.004928794223815203, -8.737549069337547e-05, 0.00011152392107760534, -0.000280233594821766, 0.00038457007030956447], [-0.00027120771119371057, -0.0001954337058123201, 0.0004767992941197008, 0.00045068305917084217, -0.0006943921907804906, 1.85923017852474e-05, 0.0005998320411890745, -0.00022190625895746052, -8.737549069337547e-05, 0.005938111338764429, -0.0015562011394649744, 0.0006770807085558772, -0.0005355998873710632], [0.00016106922703329474, -9.88792635325808e-06, -7.806187204550952e-05, 0.0008031994802877307, 0.0009095300920307636, -0.001705492613837123, 0.0008902841946110129, -0.000477062159916386, 0.00011152392107760534, -0.0015562011394649744, 0.008758392184972763, -0.0028628669679164886, 0.000308932620100677], [0.000258188258158043, 0.0004983638064004481, -0.0002734081062953919, -0.00036206882214173675, 0.0005370277212932706, 0.0016039734473451972, -0.0009890520013868809, -0.00022704456932842731, -0.000280233594821766, 0.0006770807085558772, -0.0028628669679164886, 0.010840937495231628, -0.0030097889248281717], [0.00017837548512034118, 3.693387043313123e-05, -4.0225790144177154e-05, -0.0006142677157185972, 0.0004220489354338497, -0.0002850420423783362, 0.0003861471195705235, -0.0004310258955229074, 0.00038457007030956447, -0.0005355998873710632, 0.000308932620100677, -0.0030097889248281717, 0.011337878182530403]], "metadata.audio_properties.analysis.downmix": "mix", "metadata.audio_properties.codec": "mp3", "metadata.audio_properties.md5_encoded": "8f99bfe7f663375d52208600cbdc7602", "metadata.tags.file_name": "1182266273351090186.mp3", "metadata.version.essentia": "2.1-beta6