{"song_id": "1182273991105327114", "download": "https://cdn.discordapp.com/attachments/1128313332273782784/1182273991105327114/chirp.mp4?ex=65841975&amp", "lyrics": "[Verse]\nIn the neon glow of midnight hour\nI dream of love's enchanting power\nA single wish lingers on my lips\nTo meet my love for another night in June\n\n[Chorus]\nSynthwave melodies dancing through the air\nWhispering secrets only we can share\nIn the city lights, you and I entwined\nYearning for a love that transcends time", "style": ["K</span><span>-pop"], "essentia_features": {"lowlevel.average_loudness": 0.9789921641349792, "lowlevel.barkbands_crest.mean": 13.234736442565918, "lowlevel.barkbands_crest.stdev": 4.6006550788879395, "lowlevel.barkbands_flatness_db.mean": 0.14055296778678894, "lowlevel.barkbands_flatness_db.stdev": 0.049786850810050964, "lowlevel.barkbands_kurtosis.mean": 10.380846977233887, "lowlevel.barkbands_kurtosis.stdev": 17.271831512451172, "lowlevel.barkbands_skewness.mean": 2.694040060043335, "lowlevel.barkbands_skewness.stdev": 1.6037660837173462, "lowlevel.barkbands_spread.mean": 27.90234375, "lowlevel.barkbands_spread.stdev": 16.58767318725586, "lowlevel.dissonance.mean": 0.4708675444126129, "lowlevel.dissonance.stdev": 0.019827604293823242, "lowlevel.dynamic_complexity": 1.1248897314071655, "lowlevel.erbbands_crest.mean": 7.411831855773926, "lowlevel.erbbands_crest.stdev": 3.9375717639923096, "lowlevel.erbbands_flatness_db.mean": 0.10028576105833054, "lowlevel.erbbands_flatness_db.stdev": 0.026502138003706932, "lowlevel.erbbands_kurtosis.mean": -0.06430669128894806, "lowlevel.erbbands_kurtosis.stdev": 1.2043455839157104, "lowlevel.erbbands_skewness.mean": 0.12593941390514374, "lowlevel.erbbands_skewness.stdev": 0.7455358505249023, "lowlevel.erbbands_spread.mean": 66.86573028564453, "lowlevel.erbbands_spread.stdev": 26.283023834228516, "lowlevel.hfc.mean": 42.33159255981445, "lowlevel.hfc.stdev": 28.959007263183594, "lowlevel.loudness_ebu128.integrated": -12.397695541381836, "lowlevel.loudness_ebu128.loudness_range": 1.056234359741211, "lowlevel.loudness_ebu128.momentary.mean": -12.450871467590332, "lowlevel.loudness_ebu128.momentary.stdev": 0.688202440738678, "lowlevel.loudness_ebu128.short_term.mean": -12.410051345825195, "lowlevel.loudness_ebu128.short_term.stdev": 0.33447644114494324, "lowlevel.melbands_crest.mean": 17.975120544433594, "lowlevel.melbands_crest.stdev": 4.688017845153809, "lowlevel.melbands_flatness_db.mean": 0.22415001690387726, "lowlevel.melbands_flatness_db.stdev": 0.05802537128329277, "lowlevel.melbands_kurtosis.mean": 47.66590118408203, "lowlevel.melbands_kurtosis.stdev": 65.46051788330078, "lowlevel.melbands_skewness.mean": 5.250301837921143, "lowlevel.melbands_skewness.stdev": 2.771963596343994, "lowlevel.melbands_spread.mean": 15.895727157592773, "lowlevel.melbands_spread.stdev": 11.091364860534668, "lowlevel.pitch_salience.mean": 0.47830459475517273, "lowlevel.pitch_salience.stdev": 0.1365467607975006, "lowlevel.silence_rate_20dB.mean": 1.0, "lowlevel.silence_rate_20dB.stdev": 0.0, "lowlevel.silence_rate_30dB.mean": 0.8590487241744995, "lowlevel.silence_rate_30dB.stdev": 0.3479708433151245, "lowlevel.silence_rate_60dB.mean": 0.0011600927682593465, "lowlevel.silence_rate_60dB.stdev": 0.034040726721286774, "lowlevel.spectral_centroid.mean": 1404.154541015625, "lowlevel.spectral_centroid.stdev": 669.5941772460938, "lowlevel.spectral_complexity.mean": 23.442575454711914, "lowlevel.spectral_complexity.stdev": 10.352964401245117, "lowlevel.spectral_decrease.mean": -1.8005483326533067e-08, "lowlevel.spectral_decrease.stdev": 1.3316965308263207e-08, "lowlevel.spectral_energy.mean": 0.0717964768409729, "lowlevel.spectral_energy.stdev": 0.05100589990615845, "lowlevel.spectral_energyband_high.mean": 0.0031773471273481846, "lowlevel.spectral_energyband_high.stdev": 0.003030858701094985, "lowlevel.spectral_energyband_low.mean": 0.04957394301891327, "lowlevel.spectral_energyband_low.stdev": 0.051638662815093994, "lowlevel.spectral_energyband_middle_high.mean": 0.005591004621237516, "lowlevel.spectral_energyband_middle_high.stdev": 0.005498408805578947, "lowlevel.spectral_energyband_middle_low.mean": 0.014658034779131413, "lowlevel.spectral_energyband_middle_low.stdev": 0.009151372127234936, "lowlevel.spectral_entropy.mean": 7.908457279205322, "lowlevel.spectral_entropy.stdev": 0.3377527594566345, "lowlevel.spectral_flux.mean": 0.12056653946638107, "lowlevel.spectral_flux.stdev": 0.08260699361562729, "lowlevel.spectral_kurtosis.mean": 1.9415878057479858, "lowlevel.spectral_kurtosis.stdev": 1.3526033163070679, "lowlevel.spectral_rms.mean": 0.008012428879737854, "lowlevel.spectral_rms.stdev": 0.002417902695015073, "lowlevel.spectral_rolloff.mean": 1038.8260498046875, "lowlevel.spectral_rolloff.stdev": 1332.4105224609375, "lowlevel.spectral_skewness.mean": 1.2597037553787231, "lowlevel.spectral_skewness.stdev": 0.358894020318985, "lowlevel.spectral_spread.mean": 7111701.0, "lowlevel.spectral_spread.stdev": 1725878.125, "lowlevel.spectral_strongpeak.mean": 0.6546348333358765, "lowlevel.spectral_strongpeak.stdev": 0.40565356612205505, "lowlevel.zerocrossingrate.mean": 0.06420502066612244, "lowlevel.zerocrossingrate.stdev": 0.029793746769428253, "metadata.audio_properties.analysis.equal_loudness": 0.0, "metadata.audio_properties.analysis.length": 39.999977111816406, "metadata.audio_properties.analysis.sample_rate": 44100.0, "metadata.audio_properties.analysis.start_time": 0.0, "metadata.audio_properties.bit_rate": 121842.0, "metadata.audio_properties.length": 40.0, "metadata.audio_properties.lossless": 0.0, "metadata.audio_properties.number_channels": 1.0, "metadata.audio_properties.replay_gain": -11.548059463500977, "metadata.audio_properties.sample_rate": 48000.0, "rhythm.beats_count": 83.0, "rhythm.beats_loudness.mean": 0.15869300067424774, "rhythm.beats_loudness.stdev": 0.07527385652065277, "rhythm.bpm": 126.1239013671875, "rhythm.bpm_histogram_first_peak_bpm": 126.0, "rhythm.bpm_histogram_first_peak_weight": 0.5061728358268738, "rhythm.bpm_histogram_second_peak_bpm": 133.0, "rhythm.bpm_histogram_second_peak_spread": 0.0, "rhythm.bpm_histogram_second_peak_weight": 0.012195121496915817, "rhythm.danceability": 1.8722867965698242, "rhythm.onset_rate": 6.296915531158447, "tonal.chords_changes_rate": 0.041714947670698166, "tonal.chords_number_rate": 0.0046349940821528435, "tonal.chords_strength.mean": 0.5501600503921509, "tonal.chords_strength.stdev": 0.05680903047323227, "tonal.hpcp_crest.mean": 14.019987106323242, "tonal.hpcp_crest.stdev": 6.56188440322876, "tonal.hpcp_entropy.mean": 2.02224063873291, "tonal.hpcp_entropy.stdev": 0.8166590929031372, "tonal.key_edma.strength": 0.6208391189575195, "tonal.key_krumhansl.strength": 0.6086523532867432, "tonal.key_temperley.strength": 0.5818895101547241, "tonal.tuning_diatonic_strength": 0.6563986539840698, "tonal.tuning_equal_tempered_deviation": 0.1171826422214508, "tonal.tuning_frequency": 436.960693359375, "tonal.tuning_nontempered_energy_ratio": 0.733566164970398, "lowlevel.barkbands.mean": [0.0009961597388610244, 0.039474967867136, 0.00804511271417141, 0.004790680482983589, 0.004367118701338768, 0.002571582328528166, 0.0007882498321123421, 0.0008494416833855212, 0.000991287874057889, 0.0008331297431141138, 0.0011131488718092442, 0.0005988981574773788, 0.00043433374958112836, 0.0004061962536070496, 0.0004572432953864336, 0.00044708893983624876, 0.0004870545235462487, 0.0003622411750257015, 0.0004188618331681937, 0.00043864542385563254, 0.0006274219485931098, 0.0003389105841051787, 0.00045797970960848033, 0.0007020371267572045, 0.000553283141925931, 0.00023670884547755122, 8.689778042025864e-06], "lowlevel.barkbands.stdev": [0.0015004606684669852, 0.04824703186750412, 0.00810474157333374, 0.00471511110663414, 0.0047117918729782104, 0.0027733109891414642, 0.0017111845081672072, 0.0015640505589544773, 0.0020437934435904026, 0.0018649804405868053, 0.0022650472819805145, 0.0012391770724207163, 0.0007359031587839127, 0.0008339656051248312, 0.0008532705833204091, 0.0007804412744008005, 0.0010119820944964886, 0.00055900146253407, 0.0006914794794283807, 0.0006392504437826574, 0.0007371493265964091, 0.0005763382650911808, 0.0005962172872386873, 0.0007507608970627189, 0.000540321518201381, 0.0003109480603598058, 2.156429945898708e-05], "lowlevel.erbbands.mean": [0.7461773157119751, 9.752249717712402, 14.939366340637207, 9.403560638427734, 17.810840606689453, 13.730329513549805, 14.388875007629395, 27.405210494995117, 12.562905311584473, 16.03209114074707, 16.760997772216797, 26.225671768188477, 22.44596290588379, 31.422969818115234, 46.833641052246094, 26.34636116027832, 20.592687606811523, 24.09327507019043, 24.31504249572754, 21.34691047668457, 24.28907585144043, 27.85886001586914, 19.2873592376709, 24.037342071533203, 18.764184951782227, 20.088224411010742, 29.720460891723633, 18.4320125579834, 12.499175071716309, 12.125947952270508, 13.035463333129883, 13.288978576660156, 12.50372314453125, 7.391653537750244, 3.2292962074279785, 1.1959850788116455, 0.4108571708202362, 0.05927585810422897, 0.0013721701689064503, 0.00013367761857807636], "lowlevel.erbbands.stdev": [1.6290407180786133, 10.46181583404541, 12.010860443115234, 9.565369606018066, 17.341625213623047, 20.035324096679688, 17.048192977905273, 30.567537307739258, 20.12457275390625, 28.67714500427246, 34.56753158569336, 55.63381576538086, 39.134700775146484, 75.42498779296875, 100.7652816772461, 58.08572006225586, 27.966249465942383, 51.334144592285156, 44.62947082519531, 36.42322540283203, 38.24787139892578, 59.01127243041992, 30.189002990722656, 36.14257049560547, 31.498153686523438, 29.518375396728516, 35.24685287475586, 24.863521575927734, 20.965274810791016, 19.136152267456055, 16.432809829711914, 14.403063774108887, 13.96855640411377, 7.633516311645508, 3.371426582336426, 1.4351344108581543, 0.6020330190658569, 0.10156526416540146, 0.0024111552629619837, 9.78452226263471e-05], "lowlevel.gfcc.mean": [65.88126373291016, 65.99757385253906, -76.67186737060547, 48.491783142089844, -52.6867561340332, 34.06540298461914, -38.26152801513672, 19.680910110473633, -31.006820678710938, 8.171788215637207, -15.558869361877441, 2.1606605052948, -7.285669326782227], "lowlevel.melbands.mean": [0.008949952200055122, 0.009807001799345016, 0.002113400725647807, 0.001037280191667378, 0.0005807996494695544, 0.000554917030967772, 0.00018681476649362594, 0.00017867279530037194, 0.00013221825065556914, 0.00016784547187853605, 0.00010729379573604092, 0.00012092227552784607, 0.00014341999485623091, 9.088783554034308e-05, 5.038257586420514e-05, 4.589043965097517e-05, 4.408376116771251e-05, 3.7286445149220526e-05, 2.9467968488461338e-05, 3.258396827732213e-05, 2.6968022211804055e-05, 3.158466279273853e-05, 1.8984756025020033e-05, 1.661792521190364e-05, 2.009384479606524e-05, 1.4422857930185273e-05, 1.2701917512458749e-05, 1.3038794349995442e-05, 1.9087263353867456e-05, 1.5908273780951276e-05, 8.929817340685986e-06, 7.160032964748098e-06, 6.147378371679224e-06, 7.0420687734440435e-06, 7.302744052140042e-06, 7.76176148065133e-06, 8.381938641832676e-06, 9.559113095747307e-06, 7.036862371023744e-06, 5.9760809563158546e-06], "lowlevel.melbands.stdev": [0.013993817381560802, 0.00801814440637827, 0.0018722754903137684, 0.0010881678899750113, 0.0006589272525161505, 0.0006155034061521292, 0.00032932261819951236, 0.0003088877128902823, 0.00027805971330963075, 0.00037239445373415947, 0.0001963289687409997, 0.0003172408032696694, 0.00028614146867766976, 0.00017199768626596779, 9.116687579080462e-05, 8.119804260786623e-05, 0.00010277176625095308, 6.839044363005087e-05, 5.2808125474257395e-05, 6.17310797679238e-05, 4.701004218077287e-05, 7.6683507359121e-05, 3.4354361559962854e-05, 2.6238236387143843e-05, 3.1457399018108845e-05, 2.748593942669686e-05, 2.1801288312417455e-05, 1.9592775061028078e-05, 2.445744576107245e-05, 1.909949969558511e-05, 1.384374172630487e-05, 1.278843865293311e-05, 1.0327436029911041e-05, 1.1194186299690045e-05, 9.955812856787816e-06, 9.031748959387187e-06, 9.312095244240481e-06, 1.1292517228866927e-05, 7.825711691111792e-06, 6.300544555415399e-06], "lowlevel.melbands128.mean": [0.00070139579474926, 0.004438444972038269, 0.011725659482181072, 0.018794363364577293, 0.011047015897929668, 0.0028515844605863094, 0.001306583872064948, 0.0029982198029756546, 0.0017905723070725799, 0.0006012159865349531, 0.0007689283229410648, 0.0008087066235020757, 0.00039350599399767816, 0.00043475464917719364, 0.000890669587533921, 0.00041186390444636345, 0.0001685371098574251, 0.0001654889783822, 0.00018337491201236844, 0.00017282487533520907, 0.00019901274936273694, 0.00011439022637205198, 0.00015114937559701502, 0.00010074640158563852, 0.00017422784003429115, 0.0002215815766248852, 8.010611782083288e-05, 0.00012757455988321453, 6.632836448261514e-05, 0.00014606690092477947, 0.00013253612269181758, 9.808002505451441e-05, 0.00011134184751426801, 0.0002555313112679869, 6.40415382804349e-05, 6.435582326957956e-05, 7.59001195547171e-05, 4.742075179819949e-05, 3.686071067932062e-05, 4.431803245097399e-05, 5.1317350880708545e-05, 4.153038753429428e-05, 4.9430593207944185e-05, 4.60486626252532e-05, 2.2145863113109954e-05, 4.3829182686749846e-05, 4.514527608989738e-05, 2.7092022719443776e-05, 2.5433537302888e-05, 2.2343163436744362e-05, 4.179529059911147e-05, 3.381090937182307e-05, 2.14403717109235e-05, 2.7316074920236133e-05, 2.9553968488471583e-05, 3.973749335273169e-05, 2.435257556498982e-05, 1.9984350728918798e-05, 1.706270813883748e-05, 1.6948946722550318e-05, 1.3617365766549483e-05, 1.7608208509045653e-05, 2.606976886454504e-05, 1.8953151084133424e-05, 1.4195487892720848e-05, 1.616449299035594e-05, 1.3164136362320278e-05, 1.0792967259476427e-05, 1.3864568245480768e-05, 1.375906776956981e-05, 1.0438507160870358e-05, 1.3853364180249628e-05, 1.7991162167163566e-05, 2.0613546439562924e-05, 1.963614340638742e-05, 1.826918924052734e-05, 1.3500985915015917e-05, 9.94585752778221e-06, 8.601257832197007e-06, 7.345175617956556e-06, 7.584458217024803e-06, 7.141639343899442e-06, 6.086514531489229e-06, 5.9023595895268954e-06, 6.264366675168276e-06, 6.697323897242313e-06, 7.316616574826185e-06, 7.718052074778825e-06, 6.9523334786936175e-06, 7.258504410856403e-06, 8.136116775858682e-06, 7.808327609382104e-06, 7.3173059718101285e-06, 7.713715604040772e-06, 9.644149940868374e-06, 1.0210953405476175e-05, 9.856418728304561e-06, 8.059905667323619e-06, 6.684462277917191e-06, 6.828620371379657e-06, 6.612274319195421e-06, 5.9401854741736315e-06, 5.136977506481344e-06, 4.36197069575428e-06, 3.4360691643087193e-06, 2.999713387907832e-06, 2.562226200097939e-06, 2.6012492071458837e-06, 1.9774863631027984e-06, 1.5822449768165825e-06, 1.339676828138181e-06, 1.4554493645846378e-06, 1.3955832400824875e-06, 1.1706466693794937e-06, 9.865617585091968e-07, 6.157335405987396e-07, 3.029805668575136e-07, 7.266636714575725e-08, 6.569836674685803e-09, 1.7442164379488645e-10, 5.95571716943688e-11, 3.1266437355848e-11, 1.6831890048418785e-11, 1.5232317143731855e-11, 1.2049396203028806e-11, 7.93893943640267e-12, 5.602380972330456e-12, 5.289912171496658e-12], "lowlevel.melbands128.stdev": [0.0013972352026030421, 0.01268896833062172, 0.02258044108748436, 0.017046818509697914, 0.008687946014106274, 0.0033505060710012913, 0.001976265572011471, 0.0028518964536488056, 0.001954193226993084, 0.0012761898105964065, 0.0013682718854397535, 0.0012756639625877142, 0.0007031768909655511, 0.000625776534434408, 0.001095321262255311, 0.0006390552734956145, 0.0004802047333214432, 0.00034298462560400367, 0.0006281032110564411, 0.0003552578273229301, 0.0004226345045026392, 0.00035683016176335514, 0.000427763385232538, 0.00029707702924497426, 0.00044372337288223207, 0.0006186233949847519, 0.0002160766744054854, 0.00033175110002048314, 0.00015560811152681708, 0.0005613474058918655, 0.0004214686341583729, 0.00029601441929116845, 0.0002419852971797809, 0.0007179984822869301, 0.00014099701365921646, 0.00019495260494295508, 0.00027236624737270176, 9.636656614020467e-05, 6.634754390688613e-05, 7.591931353090331e-05, 9.725307609187439e-05, 0.00018041982548311353, 0.00015589341637678444, 0.00011041414109058678, 4.765328048961237e-05, 9.950270032277331e-05, 0.0001294411631533876, 6.301729445112869e-05, 6.758017843822017e-05, 6.28204652457498e-05, 9.887167107081041e-05, 7.767952047288418e-05, 4.4211097701918334e-05, 7.33125489205122e-05, 7.767980423523113e-05, 0.00013689999468624592, 6.0662307078018785e-05, 4.9655904149403796e-05, 3.3744294341886416e-05, 3.195004319422878e-05, 2.846815732482355e-05, 3.190946517861448e-05, 4.394826100906357e-05, 3.9491260395152494e-05, 3.376994209247641e-05, 3.799899059231393e-05, 2.600750667625107e-05, 2.411005880276207e-05, 2.5419383746339008e-05, 2.631997449498158e-05, 2.3199088900582865e-05, 2.1676831238437444e-05, 2.8702243071165867e-05, 3.0688606784678996e-05, 2.6599356715450995e-05, 2.4476725229760632e-05, 2.013263110711705e-05, 1.6073867300292477e-05, 1.466754747525556e-05, 1.4927424672350753e-05, 1.57357681018766e-05, 1.3901216334488709e-05, 1.0852128980332054e-05, 1.0767053936433513e-05, 1.1835252735181712e-05, 1.1887894288520329e-05, 1.2383041394059546e-05, 1.2836374480684754e-05, 1.0546865269134287e-05, 1.0176132491324097e-05, 1.0979597391269635e-05, 9.943993063643575e-06, 9.681983101472724e-06, 9.881411642709281e-06, 1.1624385479080956e-05, 1.2941985914949328e-05, 1.330243958364008e-05, 1.0543669304752257e-05, 8.299297405756079e-06, 8.438478289463092e-06, 8.188164429157041e-06, 6.5983513195533305e-06, 6.127705091785174e-06, 5.65672189623001e-06, 4.379757228889503e-06, 3.855214799841633e-06, 3.277462155892863e-06, 3.2764610295998864e-06, 2.6653626719053136e-06, 2.4667010620760266e-06, 2.2081605948187644e-06, 2.5586566607671557e-06, 2.187626023442135e-06, 1.9878825696650892e-06, 1.739867343530932e-06, 1.16065177735436e-06, 7.266838224495586e-07, 2.6206078018731205e-07, 5.394560886884392e-08, 4.4751566896650274e-09, 1.2168720475713712e-09, 5.057950724918214e-10, 1.751266076599478e-10, 1.5785384110955647e-10, 1.0611390238723928e-10, 4.113497389934828e-11, 1.0902783016686346e-11, 9.850661952803819e-12], "lowlevel.mfcc.mean": [-587.7333374023438, 96.24673461914062, 36.22582244873047, 24.917728424072266, 20.396081924438477, 11.712010383605957, 16.333271026611328, 5.241224765777588, 6.298761367797852, 2.775211811065674, -5.042351722717285, 6.810428142547607, -1.2667721509933472], "lowlevel.spectral_contrast_coeffs.mean": [-0.6819424033164978, -0.7376558780670166, -0.7785069346427917, -0.8110390305519104, -0.7988864779472351, -0.7755584120750427], "lowlevel.spectral_contrast_coeffs.stdev": [0.052419837564229965, 0.06574849784374237, 0.06814933568239212, 0.04501485452055931, 0.039657361805438995, 0.03688141703605652], "lowlevel.spectral_contrast_valleys.mean": [-6.03454065322876, -6.642289161682129, -7.064303398132324, -7.279303550720215, -7.052746295928955, -9.058676719665527], "lowlevel.spectral_contrast_valleys.stdev": [0.427663654088974, 0.49768856167793274, 0.5552043318748474, 0.5653452277183533, 0.6235103011131287, 0.6702523231506348], "rhythm.beats_loudness_band_ratio.mean": [0.872342050075531, 0.050511982291936874, 0.015914563089609146, 0.013052945956587791, 0.010125872679054737, 0.046967536211013794], "rhythm.beats_loudness_band_ratio.stdev": [0.12236268818378448, 0.08279789239168167, 0.02666206657886505, 0.02310783602297306, 0.009204302914440632, 0.05461306869983673], "tonal.hpcp.mean": [0.02951160818338394, 0.028737962245941162, 0.03866782411932945, 0.05540396645665169, 0.04404110834002495, 0.031063657253980637, 0.030709249898791313, 0.028885869309306145, 0.06681866943836212, 0.12825819849967957, 0.09392004460096359, 0.02882753312587738, 0.022035570815205574, 0.019505899399518967, 0.023838452994823456, 0.037293728440999985, 0.03348616883158684, 0.02688026614487171, 0.028848521411418915, 0.02461366169154644, 0.03070300817489624, 0.049774784594774246, 0.09588144719600677, 0.3960871994495392, 0.7381542325019836, 0.46511027216911316, 0.07653303444385529, 0.03354956954717636, 0.024568375200033188, 0.024142421782016754, 0.04015889763832092, 0.03216065838932991, 0.01222158968448639, 0.009172847494482994, 0.010591682977974415, 0.02122027613222599], "tonal.hpcp.stdev": [0.07929264008998871, 0.09175482392311096, 0.1412442922592163, 0.17388422787189484, 0.15279057621955872, 0.1308026909828186, 0.14516383409500122, 0.1264619082212448, 0.1527051329612732, 0.2108609825372696, 0.1720273792743683, 0.10648525506258011, 0.11599070578813553, 0.09936151653528214, 0.10074076056480408, 0.13423693180084229, 0.12486731261014938, 0.10536769032478333, 0.0984458401799202, 0.10603272169828415, 0.12076829373836517, 0.1615743488073349, 0.21867217123508453, 0.3114987313747406, 0.37853381037712097, 0.32854413986206055, 0.1773776113986969, 0.13111943006515503, 0.1186007484793663, 0.08563404530286789, 0.11540891230106354, 0.09100648015737534, 0.057741180062294006, 0.046686671674251556, 0.050908200442790985, 0.07826051861047745], "rhythm.beats_position": [0.42956915497779846, 0.8823582530021667, 1.3467572927474976, 1.8111563920974731, 2.2987754344940186, 2.763174533843994, 3.250793695449829, 3.7268025875091553, 4.2028117179870605, 4.667210578918457, 5.154829978942871, 5.619228839874268, 6.106847763061523, 6.571247100830078, 7.058866024017334, 7.523265361785889, 8.010884284973145, 8.4752836227417, 8.962902069091797, 9.427301406860352, 9.914920806884766, 10.379319190979004, 10.855328559875488, 11.331337928771973, 11.81895637512207, 12.294965744018555, 12.770975112915039, 13.235373497009277, 13.722992897033691, 14.187392234802246, 14.675010681152344, 15.139410018920898, 15.627029418945312, 16.091428756713867, 16.57904815673828, 17.043445587158203, 17.519454956054688, 17.995464324951172, 18.483083724975586, 18.95909309387207, 19.435102462768555, 19.911109924316406, 20.38711929321289, 20.863128662109375, 21.33913803100586, 21.815147399902344, 22.291156768798828, 22.76716423034668, 23.243173599243164, 23.70757293701172, 24.195192337036133, 24.671201705932617, 25.1472110748291, 25.623218536376953, 26.099227905273438, 26.575237274169922, 27.051246643066406, 27.52725601196289, 28.003265380859375, 28.47927474975586, 28.95528221130371, 29.431291580200195, 29.90730094909668, 30.383310317993164, 30.85931968688965, 31.335329055786133, 31.811336517333984, 32.28734588623047, 32.76335525512695, 33.23936462402344, 33.71537399291992, 34.2029914855957, 34.66739273071289, 35.143402099609375, 35.61941146850586, 36.10702896118164, 36.57142639160156, 37.05904769897461, 37.52344512939453, 38.01106643676758, 38.4754638671875, 38.96308135986328, 39.42748260498047], "rhythm.bpm_histogram": [0.0, 0.0, 0.0, 0.0, 0.0, 0.0, 0.0, 0.0, 0.0, 0.0, 0.0, 0.0, 0.0, 0.0, 0.0, 0.0, 0.0, 0.0, 0.0, 0.0, 0.0, 0.0, 0.0, 0.0, 0.0, 0.0, 0.0, 0.0, 0.0, 0.0, 0.0, 0.0, 0.0, 0.0, 0.0, 0.0, 0.0, 0.0, 0.0, 0.0, 0.0, 0.0, 0.0, 0.0, 0.0, 0.0, 0.0, 0.0, 0.0, 0.0, 0.0, 0.0, 0.0, 0.0, 0.0, 0.0, 0.0, 0.0, 0.0, 0.0, 0.0, 0.0, 0.0, 0.0, 0.0, 0.0, 0.0, 0.0, 0.0, 0.0, 0.0, 0.0, 0.0, 0.0, 0.0, 0.0, 0.0, 0.0, 0.0, 0.0, 0.0, 0.0, 0.0, 0.0, 0.0, 0.0, 0.0, 0.0, 0.0, 0.0, 0.0, 0.0, 0.0, 0.0, 0.0, 0.0, 0.0, 0.0, 0.0, 0.0, 0.0, 0.0, 0.0, 0.0, 0.0, 0.0, 0.0, 0.0, 0.0, 0.0, 0.0, 0.0, 0.0, 0.0, 0.0, 0.0, 0.0, 0.0, 0.0, 0.0, 0.0, 0.0, 0.0, 0.24390244483947754, 0.0, 0.0, 0.4878048896789551, 0.0, 0.0, 0.25609755516052246, 0.0, 0.0, 0.0, 0.012195121496915817, 0.0, 0.0, 0.0, 0.0, 0.0, 0.0, 0.0, 0.0, 0.0, 0.0, 0.0, 0.0, 0.0, 0.0, 0.0, 0.0, 0.0, 0.0, 0.0, 0.0, 0.0, 0.0, 0.0, 0.0, 0.0, 0.0, 0.0, 0.0, 0.0, 0.0, 0.0, 0.0, 0.0, 0.0, 0.0, 0.0, 0.0, 0.0, 0.0, 0.0, 0.0, 0.0, 0.0, 0.0, 0.0, 0.0, 0.0, 0.0, 0.0, 0.0, 0.0, 0.0, 0.0, 0.0, 0.0, 0.0, 0.0, 0.0, 0.0, 0.0, 0.0, 0.0, 0.0, 0.0, 0.0, 0.0, 0.0, 0.0, 0.0, 0.0, 0.0, 0.0, 0.0, 0.0, 0.0, 0.0, 0.0, 0.0, 0.0, 0.0, 0.0, 0.0, 0.0, 0.0, 0.0, 0.0, 0.0, 0.0, 0.0, 0.0, 0.0, 0.0, 0.0, 0.0, 0.0, 0.0, 0.0, 0.0, 0.0, 0.0, 0.0, 0.0, 0.0, 0.0, 0.0, 0.0, 0.0, 0.0, 0.0, 0.0, 0.0, 0.0, 0.0, 0.0, 0.0, 0.0], "tonal.chords_histogram": [2.085747480392456, 0.0, 27.114715576171875, 0.0, 0.0, 0.0, 0.0, 2.896871328353882, 0.0, 67.90266418457031, 0.0, 0.0, 0.0, 0.0, 0.0, 0.0, 0.0, 0.0, 0.0, 0.0, 0.0, 0.0, 0.0, 0.0], "tonal.thpcp": [1.0, 0.6300990581512451, 0.10368163138628006, 0.04545062407851219, 0.033283524215221405, 0.032706473022699356, 0.05440448224544525, 0.04356902092695236, 0.016556959599256516, 0.012426735833287239, 0.014348874799907207, 0.02874775417149067, 0.03998027369379997, 0.0389321930706501, 0.052384477108716965, 0.07505743950605392, 0.05966382846236229, 0.042082883417606354, 0.04160275682806969, 0.03913256525993347, 0.09052128344774246, 0.17375528812408447, 0.12723633646965027, 0.0390535369515419, 0.029852258041501045, 0.026425234973430634, 0.032294679433107376, 0.050522949546575546, 0.045364730060100555, 0.03641551360487938, 0.03908196836709976, 0.033344876021146774, 0.04159430041909218, 0.06743141263723373, 0.12989351153373718, 0.5365914106369019], "lowlevel.gfcc.cov": [[1936.5789794921875, -588.1898193359375, -219.52903747558594, -7.964483261108398, 85.63516235351562, 11.638904571533203, 38.034000396728516, 39.29221725463867, -54.15892791748047, 49.27899932861328, -85.61312103271484, 80.95668029785156, -96.10803985595703], [-588.1898193359375, 774.9375610351562, -104.99369812011719, -185.75497436523438, -51.97236251831055, -50.622745513916016, 33.662227630615234, -27.32050323486328, -40.30913543701172, -36.75828552246094, 53.369876861572266, -120.52239227294922, 103.17798614501953], [-219.52903747558594, -104.99369812011719, 394.5033264160156, 56.56139373779297, -31.478849411010742, 48.034061431884766, -49.19865417480469, -0.002132333815097809, 46.91756820678711, 18.152137756347656, 15.177225112915039, 65.69406127929688, -15.744912147521973], [-7.964483261108398, -185.75497436523438, 56.56139373779297, 376.0557556152344, -7.285772323608398, -31.00574493408203, -9.336189270019531, -11.345349311828613, 68.62999725341797, -14.945226669311523, 21.532306671142578, 40.04331588745117, -7.78543758392334], [85.63516235351562, -51.97236251831055, -31.478849411010742, -7.285772323608398, 168.33299255371094, 18.239151000976562, 31.822406768798828, 18.165508270263672, 10.523031234741211, -0.6524196863174438, -11.820985794067383, 18.295217514038086, -15.631230354309082], [11.638904571533203, -50.622745513916016, 48.034061431884766, -31.00574493408203, 18.239151000976562, 117.21952819824219, 38.728755950927734, -8.692513465881348, -5.127360820770264, 14.963623046875, 2.858842611312866, -13.188119888305664, 0.6135278940200806], [38.034000396728516, 33.662227630615234, -49.19865417480469, -9.336189270019531, 31.822406768798828, 38.728755950927734, 162.62109375, 0.2710909843444824, -7.141510486602783, 20.541872024536133, 5.59193229675293, -13.191802024841309, -8.132262229919434], [39.29221725463867, -27.32050323486328, -0.002132333815097809, -11.345349311828613, 18.165508270263672, -8.692513465881348, 0.2710909843444824, 115.81586456298828, 21.755168914794922, -16.45308494567871, -1.655924916267395, -11.783721923828125, 26.140254974365234], [-54.15892791748047, -40.30913543701172, 46.91756820678711, 68.62999725341797, 10.523031234741211, -5.127360820770264, -7.141510486602783, 21.755168914794922, 95.1540756225586, 12.518431663513184, 3.6960482597351074, 23.28423500061035, -6.055331230163574], [49.27899932861328, -36.75828552246094, 18.152137756347656, -14.945226669311523, -0.6524196863174438, 14.963623046875, 20.541872024536133, -16.45308494567871, 12.518431663513184, 73.93414306640625, 11.622910499572754, 7.839587211608887, -10.429102897644043], [-85.61312103271484, 53.369876861572266, 15.177225112915039, 21.532306671142578, -11.820985794067383, 2.858842611312866, 5.59193229675293, -1.655924916267395, 3.6960482597351074, 11.622910499572754, 67.33472442626953, 5.155282497406006, 15.690019607543945], [80.95668029785156, -120.52239227294922, 65.69406127929688, 40.04331588745117, 18.295217514038086, -13.188119888305664, -13.191802024841309, -11.783721923828125, 23.28423500061035, 7.839587211608887, 5.155282497406006, 101.13528442382812, -12.577072143554688], [-96.10803985595703, 103.17798614501953, -15.744912147521973, -7.78543758392334, -15.631230354309082, 0.6135278940200806, -8.132262229919434, 26.140254974365234, -6.055331230163574, -10.429102897644043, 15.690019607543945, -12.577072143554688, 81.49449920654297]], "lowlevel.gfcc.icov": [[0.0008918631356209517, 0.0005600473377853632, 0.0007170664030127227, 5.2711617172462866e-05, 4.641869236365892e-05, -0.0001531611051177606, -1.7561767890583724e-05, -0.0005795820616185665, 0.0007403101772069931, -0.0006454115500673652, 0.0005377480410970747, -0.0007247644243761897, 0.0004375438147690147], [0.0005600473377853632, 0.004195481538772583, -0.00032728008227422833, 0.0025495218578726053, -0.0003042285970877856, 0.00368261756375432, -0.0019572838209569454, 0.0034870069939643145, -0.001844166312366724, 0.0025758156552910805, -0.0029484149999916553, 0.004262258764356375, -0.004452810622751713], [0.0007170664030127227, -0.00032728008227422833, 0.0044570546597242355, -0.0007506274268962443, 0.0012486495543271303, -0.003424891037866473, 0.0017493179766461253, -0.001982885180041194, 0.00014732996351085603, -0.0015024300664663315, 0.0006096255965530872, -0.003909360151737928, 0.0022232658229768276], [5.2711617172462866e-05, 0.0025495218578726053, -0.0007506274268962443, 0.005110833328217268, -9.01032835827209e-05, 0.003349137958139181, -0.0017183227464556694, 0.0035198668483644724, -0.004107444081455469, 0.003540351055562496, -0.003230320056900382, 0.00256184209138155, -0.0030003164429217577], [4.641869236365892e-05, -0.0003042285970877856, 0.0012486495543271303, -9.01032835827209e-05, 0.00722661055624485, -0.002113263588398695, -0.0006952426047064364, -0.0019970654975622892, -0.00041854576556943357, 0.00020044311531819403, 0.0011560405837371945, -0.0028127541299909353, 0.001983668189495802], [-0.0001531611051177606, 0.00368261756375432, -0.003424891037866473, 0.003349137958139181, -0.002113263588398695, 0.01533516962081194, -0.0047566769644618034, 0.005546466913074255, -0.002208737190812826, 0.0021244545932859182, -0.0033210336696356535, 0.007579282857477665, -0.00604251166805625], [-1.7561767890583724e-05, -0.0019572838209569454, 0.0017493179766461253, -0.0017183227464556694, -0.0006952426047064364, -0.0047566769644618034, 0.008756126277148724, -0.0027348287403583527, 0.0018342151306569576, -0.0035434362944215536, 0.000842078123241663, -0.0022050393745303154, 0.0034650140441954136], [-0.0005795820616185665, 0.0034870069939643145, -0.001982885180041194, 0.0035198668483644724, -0.0019970654975622892, 0.005546466913074255, -0.0027348287403583527, 0.015501359477639198, -0.00662405276671052, 0.006033250130712986, -0.003338080132380128, 0.007182858884334564, -0.008783984929323196], [0.0007403101772069931, -0.001844166312366724, 0.00014732996351085603, -0.004107444081455469, -0.00041854576556943357, -0.002208737190812826, 0.0018342151306569576, -0.00662405276671052, 0.01679343357682228, -0.005985435098409653, 0.002897531958296895, -0.005027808714658022, 0.004236135166138411], [-0.0006454115500673652, 0.0025758156552910805, -0.0015024300664663315, 0.003540351055562496, 0.00020044311531819403, 0.0021244545932859182, -0.0035434362944215536, 0.006033250130712986, -0.005985435098409653, 0.019448675215244293, -0.00598161481320858, 0.0035058939829468727, -0.0025038779713213444], [0.0005377480410970747, -0.0029484149999916553, 0.0006096255965530872, -0.003230320056900382, 0.0011560405837371945, -0.0033210336696356535, 0.000842078123241663, -0.003338080132380128, 0.002897531958296895, -0.00598161481320858, 0.020146772265434265, -0.005169079173356295, 0.0003509946691337973], [-0.0007247644243761897, 0.004262258764356375, -0.003909360151737928, 0.00256184209138155, -0.0028127541299909353, 0.007579282857477665, -0.0022050393745303154, 0.007182858884334564, -0.005027808714658022, 0.0035058939829468727, -0.005169079173356295, 0.019547317177057266, -0.005795186385512352], [0.0004375438147690147, -0.004452810622751713, 0.0022232658229768276, -0.0030003164429217577, 0.001983668189495802, -0.00604251166805625, 0.0034650140441954136, -0.008783984929323196, 0.004236135166138411, -0.0025038779713213444, 0.0003509946691337973, -0.005795186385512352, 0.021188948303461075]], "lowlevel.mfcc.cov": [[1868.0582275390625, -497.9495544433594, -338.7466125488281, 36.74896240234375, -52.06538772583008, 42.17915344238281, 4.422077178955078, 30.400833129882812, -7.846683502197266, 24.225587844848633, 18.4946231842041, -43.990142822265625, 22.209442138671875], [-497.9495544433594, 808.5272216796875, -93.82112121582031, -207.32278442382812, -64.1606216430664, -92.60713195800781, 89.87963104248047, -93.52461242675781, 23.799997329711914, -9.950050354003906, -49.36990737915039, 3.6789140701293945, -35.71832275390625], [-338.7466125488281, -93.82112121582031, 408.1803283691406, 26.522829055786133, 33.226654052734375, 17.791954040527344, -56.99651336669922, 6.132983207702637, -6.2475786209106445, -37.60725402832031, 25.612680435180664, 42.14370346069336, 2.3097853660583496], [36.74896240234375, -207.32278442382812, 26.522829055786133, 277.2770080566406, 17.712360382080078, 25.271297454833984, -52.79262161254883, 47.892845153808594, -11.415264129638672, -16.933897018432617, 30.234846115112305, 15.027886390686035, 24.895463943481445], [-52.06538772583008, -64.1606216430664, 33.226654052734375, 17.712360382080078, 166.0907745361328, -31.373884201049805, -27.656776428222656, 24.82411766052246, 13.605274200439453, -7.043597221374512, -17.266756057739258, 24.180444717407227, -8.665637969970703], [42.17915344238281, -92.60713195800781, 17.791954040527344, 25.271297454833984, -31.373884201049805, 185.404296875, 2.0975613594055176, 11.193854331970215, -30.297142028808594, 21.67775535583496, 38.23704528808594, -38.80503845214844, 29.686487197875977], [4.422077178955078, 89.87963104248047, -56.99651336669922, -52.79262161254883, -27.656776428222656, 2.0975613594055176, 146.44287109375, -3.7684574127197266, 7.950983047485352, 47.39112854003906, -26.975862503051758, -15.522422790527344, 4.891220569610596], [30.400833129882812, -93.52461242675781, 6.132983207702637, 47.892845153808594, 24.82411766052246, 11.193854331970215, -3.7684574127197266, 97.44701385498047, 13.961716651916504, 3.6216630935668945, 2.8478503227233887, 6.13942813873291, 15.440997123718262], [-7.846683502197266, 23.799997329711914, -6.2475786209106445, -11.415264129638672, 13.605274200439453, -30.297142028808594, 7.950983047485352, 13.961716651916504, 87.34797668457031, 14.161581039428711, -5.973825931549072, 9.282892227172852, -10.303247451782227], [24.225587844848633, -9.950050354003906, -37.60725402832031, -16.933897018432617, -7.043597221374512, 21.67775535583496, 47.39112854003906, 3.6216630935668945, 14.161581039428711, 111.10399627685547, 1.268524408340454, -26.849424362182617, 9.96846866607666], [18.4946231842041, -49.36990737915039, 25.612680435180664, 30.234846115112305, -17.266756057739258, 38.23704528808594, -26.975862503051758, 2.8478503227233887, -5.973825931549072, 1.268524408340454, 74.8174819946289, 9.370765686035156, 4.530658721923828], [-43.990142822265625, 3.6789140701293945, 42.14370346069336, 15.027886390686035, 24.180444717407227, -38.80503845214844, -15.522422790527344, 6.13942813873291, 9.282892227172852, -26.849424362182617, 9.370765686035156, 86.14984893798828, 5.663681983947754], [22.209442138671875, -35.71832275390625, 2.3097853660583496, 24.895463943481445, -8.665637969970703, 29.686487197875977, 4.891220569610596, 15.440997123718262, -10.303247451782227, 9.96846866607666, 4.530658721923828, 5.663681983947754, 67.84304809570312]], "lowlevel.mfcc.icov": [[0.0009210860007442534, 0.0008384270477108657, 0.0009215323952957988, 0.0003727489383891225, 0.0003700218803714961, 0.0001069365898729302, -9.411847713636234e-05, 0.00020128113101236522, -0.00014553814253304154, 0.00030218332540243864, -0.00015667258412577212, -3.3498443372081965e-05, -0.00012006959150312468], [0.0008384270477108657, 0.002626763889566064, 0.0010786060011014342, 0.0012877907138317823, 0.0008577126427553594, 0.0006313866470009089, -0.0008162293233908713, 0.0012958762235939503, -0.0005309880943968892, 0.0008357563056051731, 0.00015239273488987237, -0.0003316726360935718, 1.0446975466038566e-05], [0.0009215323952957988, 0.0010786060011014342, 0.0037468522787094116, 0.0005613003741018474, 3.0230003176257014e-05, -0.00042512445361353457, 0.0005074573564343154, 0.00038668938213959336, -0.00015547974908258766, 0.0008122327853925526, -0.0004939803038723767, -0.0013186900177970529, -1.93811524695775e-06], [0.0003727489383891225, 0.0012877907138317823, 0.0005613003741018474, 0.005107761360704899, 0.00022337381960824132, 0.00020223745377734303, 0.0008385537075810134, -0.0013080552453175187, 0.000294020923320204, 0.0006390787893906236, -0.0010685346787795424, -0.0004011897253803909, -0.001104567083530128], [0.0003700218803714961, 0.0008577126427553594, 3.0230003176257014e-05, 0.00022337381960824132, 0.007611735723912716, 0.0005400453810580075, 0.0014232730027288198, -0.001408977434039116, -0.0004262616275809705, -0.0007059810450300574, 0.0025716896634548903, -0.001972692785784602, 0.0012333932099863887], [0.0001069365898729302, 0.0006313866470009089, -0.00042512445361353457, 0.00020223745377734303, 0.0005400453810580075, 0.008314895443618298, -0.0007538667414337397, -0.0005411269376054406, 0.0017759620677679777, -0.00026577909011393785, -0.004108146298676729, 0.004060791339725256, -0.0029101280961185694], [-9.411847713636234e-05, -0.0008162293233908713, 0.0005074573564343154, 0.0008385537075810134, 0.0014232730027288198, -0.0007538667414337397, 0.00992367323487997, -0.0009551828261464834, 6.941887841094285e-05, -0.003957482986152172, 0.0035016480833292007, -0.0008941736887209117, -0.00027746654814109206], [0.00020128113101236522, 0.0012958762235939503, 0.00038668938213959336, -0.0013080552453175187, -0.001408977434039116, -0.0005411269376054406, -0.0009551828261464834, 0.013196513056755066, -0.0027649083640426397, 0.0004770692903548479, 0.0002535211096983403, -0.0003057036374229938, -0.0022760413121432066], [-0.00014553814253304154, -0.0005309880943968892, -0.00015547974908258766, 0.000294020923320204, -0.0004262616275809705, 0.0017759620677679777, 6.941887841094285e-05, -0.0027649083640426397, 0.013500318862497807, -0.0025408847723156214, -9.705036063678563e-05, -0.0012648369884118438, 0.001993901329115033], [0.00030218332540243864, 0.0008357563056051731, 0.0008122327853925526, 0.0006390787893906236, -0.0007059810450300574, -0.00026577909011393785, -0.003957482986152172, 0.0004770692903548479, -0.0025408847723156214, 0.01243594754487276, -0.0022548928391188383, 0.0034721470437943935, -0.0020706423092633486], [-0.00015667258412577212, 0.00015239273488987237, -0.0004939803038723767, -0.0010685346787795424, 0.0025716896634548903, -0.004108146298676729, 0.0035016480833292007, 0.0002535211096983403, -9.705036063678563e-05, -0.0022548928391188383, 0.01852976530790329, -0.004444489721208811, 0.0018065714975818992], [-3.3498443372081965e-05, -0.0003316726360935718, -0.0013186900177970529, -0.0004011897253803909, -0.001972692785784602, 0.004060791339725256, -0.0008941736887209117, -0.0003057036374229938, -0.0012648369884118438, 0.0034721470437943935, -0.004444489721208811, 0.016505107283592224, -0.0036497116088867188], [-0.00012006959150312468, 1.0446975466038566e-05, -1.93811524695775e-06, -0.001104567083530128, 0.0012333932099863887, -0.0029101280961185694, -0.00027746654814109206, -0.0022760413121432066, 0.001993901329115033, -0.0020706423092633486, 0.0018065714975818992, -0.0036497116088867188, 0.01795017719268799]], "metadata.audio_properties.analysis.downmix": "mix", "metadata.audio_properties.codec": "mp3", "metadata.audio_properties.md5_encoded": "4d451479ca482c20061d1426dcf02dfe", "metadata.tags.file_name": "1182273991105327114.mp3", "metadata.versi