{"song_id": "1182271122872475689", "download": "https://cdn.discordapp.com/attachments/1135903449314238464/1182271122872475689/chirp.mp4?ex=658416c9&amp", "lyrics": "Intro:\nGululu, gululu, grab your brush, let's meet,\nIt's time for a dental cleaning treat!\n\nVerse 1:\nBrush on top, now brush below,\nGentle circles, round we go.\nInside, outside, don't forget the space,\nBrush every tooth, keep a happy face.\n\nChorus:\nTra la la, sing with glee,\nBrushing's fun for you and me.\nWave goodbye to tooth decay,\nSmile bright, hip hip hooray!", "style": ["happy song for kids"], "essentia_features": {"lowlevel.average_loudness": 0.9357386231422424, "lowlevel.barkbands_crest.mean": 12.047664642333984, "lowlevel.barkbands_crest.stdev": 3.772050380706787, "lowlevel.barkbands_flatness_db.mean": 0.2203245759010315, "lowlevel.barkbands_flatness_db.stdev": 0.07850994169712067, "lowlevel.barkbands_kurtosis.mean": 16.13243865966797, "lowlevel.barkbands_kurtosis.stdev": 17.404434204101562, "lowlevel.barkbands_skewness.mean": 2.794804573059082, "lowlevel.barkbands_skewness.stdev": 1.6624761819839478, "lowlevel.barkbands_spread.mean": 13.795621871948242, "lowlevel.barkbands_spread.stdev": 17.694942474365234, "lowlevel.dissonance.mean": 0.43865081667900085, "lowlevel.dissonance.stdev": 0.04046129807829857, "lowlevel.dynamic_complexity": 3.711482286453247, "lowlevel.erbbands_crest.mean": 10.562309265136719, "lowlevel.erbbands_crest.stdev": 4.057738304138184, "lowlevel.erbbands_flatness_db.mean": 0.19040295481681824, "lowlevel.erbbands_flatness_db.stdev": 0.06706420332193375, "lowlevel.erbbands_kurtosis.mean": 2.371297597885132, "lowlevel.erbbands_kurtosis.stdev": 3.9755876064300537, "lowlevel.erbbands_skewness.mean": 1.0133419036865234, "lowlevel.erbbands_skewness.stdev": 1.165022850036621, "lowlevel.erbbands_spread.mean": 38.31986999511719, "lowlevel.erbbands_spread.stdev": 27.497920989990234, "lowlevel.hfc.mean": 13.9183349609375, "lowlevel.hfc.stdev": 20.08342170715332, "lowlevel.loudness_ebu128.integrated": -17.653705596923828, "lowlevel.loudness_ebu128.loudness_range": 5.632356643676758, "lowlevel.loudness_ebu128.momentary.mean": -18.44887351989746, "lowlevel.loudness_ebu128.momentary.stdev": 2.747979164123535, "lowlevel.loudness_ebu128.short_term.mean": -18.101943969726562, "lowlevel.loudness_ebu128.short_term.stdev": 2.0543394088745117, "lowlevel.melbands_crest.mean": 15.713269233703613, "lowlevel.melbands_crest.stdev": 4.375777721405029, "lowlevel.melbands_flatness_db.mean": 0.2993386685848236, "lowlevel.melbands_flatness_db.stdev": 0.09387490898370743, "lowlevel.melbands_kurtosis.mean": 31.985498428344727, "lowlevel.melbands_kurtosis.stdev": 35.09722137451172, "lowlevel.melbands_skewness.mean": 3.8126418590545654, "lowlevel.melbands_skewness.stdev": 2.0227603912353516, "lowlevel.melbands_spread.mean": 13.180689811706543, "lowlevel.melbands_spread.stdev": 23.404714584350586, "lowlevel.pitch_salience.mean": 0.5336567759513855, "lowlevel.pitch_salience.stdev": 0.11958415806293488, "lowlevel.silence_rate_20dB.mean": 1.0, "lowlevel.silence_rate_20dB.stdev": 0.0, "lowlevel.silence_rate_30dB.mean": 0.9614630937576294, "lowlevel.silence_rate_30dB.stdev": 0.19248825311660767, "lowlevel.silence_rate_60dB.mean": 0.1149575412273407, "lowlevel.silence_rate_60dB.stdev": 0.3189692199230194, "lowlevel.spectral_centroid.mean": 732.3070068359375, "lowlevel.spectral_centroid.stdev": 697.5676879882812, "lowlevel.spectral_complexity.mean": 10.105159759521484, "lowlevel.spectral_complexity.stdev": 7.438753128051758, "lowlevel.spectral_decrease.mean": -6.845497502183662e-09, "lowlevel.spectral_decrease.stdev": 8.952473429246766e-09, "lowlevel.spectral_energy.mean": 0.027098944410681725, "lowlevel.spectral_energy.stdev": 0.03477364033460617, "lowlevel.spectral_energyband_high.mean": 0.0005284474464133382, "lowlevel.spectral_energyband_high.stdev": 0.0016125552356243134, "lowlevel.spectral_energyband_low.mean": 0.011014115996658802, "lowlevel.spectral_energyband_low.stdev": 0.027556661516427994, "lowlevel.spectral_energyband_middle_high.mean": 0.002891241805627942, "lowlevel.spectral_energyband_middle_high.stdev": 0.00832403264939785, "lowlevel.spectral_energyband_middle_low.mean": 0.014305398799479008, "lowlevel.spectral_energyband_middle_low.stdev": 0.014028867706656456, "lowlevel.spectral_entropy.mean": 6.875077724456787, "lowlevel.spectral_entropy.stdev": 0.7963489890098572, "lowlevel.spectral_flux.mean": 0.08011972904205322, "lowlevel.spectral_flux.stdev": 0.07587500661611557, "lowlevel.spectral_kurtosis.mean": 11.616901397705078, "lowlevel.spectral_kurtosis.stdev": 15.093520164489746, "lowlevel.spectral_rms.mean": 0.004411438480019569, "lowlevel.spectral_rms.stdev": 0.0026414410676807165, "lowlevel.spectral_rolloff.mean": 997.177734375, "lowlevel.spectral_rolloff.stdev": 1740.9503173828125, "lowlevel.spectral_skewness.mean": 2.3444106578826904, "lowlevel.spectral_skewness.stdev": 1.2922741174697876, "lowlevel.spectral_spread.mean": 4445594.5, "lowlevel.spectral_spread.stdev": 2619362.5, "lowlevel.spectral_strongpeak.mean": 0.6847566366195679, "lowlevel.spectral_strongpeak.stdev": 0.8889135122299194, "lowlevel.zerocrossingrate.mean": 0.04363403841853142, "lowlevel.zerocrossingrate.stdev": 0.04726095870137215, "metadata.audio_properties.analysis.equal_loudness": 0.0, "metadata.audio_properties.analysis.length": 35.51997756958008, "metadata.audio_properties.analysis.sample_rate": 44100.0, "metadata.audio_properties.analysis.start_time": 0.0, "metadata.audio_properties.bit_rate": 119184.0, "metadata.audio_properties.length": 35.52000045776367, "metadata.audio_properties.lossless": 0.0, "metadata.audio_properties.number_channels": 1.0, "metadata.audio_properties.replay_gain": -9.983156204223633, "metadata.audio_properties.sample_rate": 48000.0, "rhythm.beats_count": 69.0, "rhythm.beats_loudness.mean": 0.055999916046857834, "rhythm.beats_loudness.stdev": 0.02962344139814377, "rhythm.bpm": 119.05265045166016, "rhythm.bpm_histogram_first_peak_bpm": 120.0, "rhythm.bpm_histogram_first_peak_weight": 0.4461538791656494, "rhythm.bpm_histogram_second_peak_bpm": 108.0, "rhythm.bpm_histogram_second_peak_spread": 0.0, "rhythm.bpm_histogram_second_peak_weight": 0.029411764815449715, "rhythm.danceability": 1.402516484260559, "rhythm.onset_rate": 4.474066734313965, "tonal.chords_changes_rate": 0.037859007716178894, "tonal.chords_number_rate": 0.007832897827029228, "tonal.chords_strength.mean": 0.5349971055984497, "tonal.chords_strength.stdev": 0.07043188065290451, "tonal.hpcp_crest.mean": 18.13394546508789, "tonal.hpcp_crest.stdev": 7.908199310302734, "tonal.hpcp_entropy.mean": 1.4701120853424072, "tonal.hpcp_entropy.stdev": 0.697766900062561, "tonal.key_edma.strength": 0.8287553787231445, "tonal.key_krumhansl.strength": 0.8207119107246399, "tonal.key_temperley.strength": 0.8131454586982727, "tonal.tuning_diatonic_strength": 0.623859703540802, "tonal.tuning_equal_tempered_deviation": 0.029421700164675713, "tonal.tuning_frequency": 439.2381896972656, "tonal.tuning_nontempered_energy_ratio": 0.627955973148346, "lowlevel.barkbands.mean": [4.159250238444656e-05, 0.006095169112086296, 0.003414700273424387, 0.00410245917737484, 0.005142977926880121, 0.0013321422738954425, 0.001409453572705388, 0.0013023109640926123, 0.0006673255120404065, 0.0008354129968211055, 0.0002566849288996309, 0.00021892503718845546, 0.0003218238416593522, 0.0002899987739510834, 0.00030752786551602185, 0.00021158414892852306, 0.00019718775001820177, 0.00026219949359074235, 0.00013967884297017008, 3.937649671570398e-05, 3.776917219511233e-05, 0.00010495443711988628, 0.00018022512085735798, 9.337989467894658e-05, 4.74952430522535e-05, 4.473663284443319e-05, 1.8585124053061008e-06], "lowlevel.barkbands.stdev": [0.0001385234500048682, 0.019591080024838448, 0.00883099902421236, 0.005569829139858484, 0.0057880450040102005, 0.0028030299581587315, 0.0051610092632472515, 0.003943550866097212, 0.0031494356226176023, 0.0045913830399513245, 0.0011295457370579243, 0.0009719979716464877, 0.0021847591269761324, 0.00148227927275002, 0.0017811141442507505, 0.0008300882764160633, 0.0006397084216587245, 0.0007338693831115961, 0.0004121782258152962, 0.00011774465383496135, 0.00010280706192133948, 0.0004220669507049024, 0.0007580484380014241, 0.0003942425246350467, 0.0001123021575040184, 0.00012318723020143807, 7.851259397284593e-06], "lowlevel.erbbands.mean": [0.10209058970212936, 1.620259404182434, 4.010447978973389, 8.67628002166748, 20.001447677612305, 13.81851863861084, 10.004579544067383, 12.706775665283203, 18.420141220092773, 31.2172794342041, 18.69919776916504, 17.425817489624023, 24.5111141204834, 17.554811477661133, 10.450332641601562, 10.660091400146484, 14.374335289001465, 15.016396522521973, 13.351811408996582, 17.605894088745117, 11.173515319824219, 11.513558387756348, 14.072269439697266, 10.971426010131836, 4.351809024810791, 1.8679800033569336, 1.4513517618179321, 1.8212296962738037, 3.4838807582855225, 5.294448375701904, 4.725334644317627, 2.82270884513855, 1.1405714750289917, 0.5403956174850464, 0.3308897912502289, 0.1961820274591446, 0.0788402408361435, 0.014329064637422562, 0.0003036831330973655, 4.068876660312526e-05], "lowlevel.erbbands.stdev": [0.32011881470680237, 5.196726322174072, 11.269680976867676, 11.339481353759766, 24.684476852416992, 17.538454055786133, 16.24628448486328, 28.70891571044922, 72.1375503540039, 100.99472045898438, 60.69615936279297, 82.96578979492188, 147.5099639892578, 90.49739074707031, 37.37308120727539, 51.09852600097656, 87.6111831665039, 65.68224334716797, 57.118934631347656, 113.29999542236328, 40.19026565551758, 34.55256652832031, 38.83513259887695, 31.70697021484375, 14.495026588439941, 5.539042949676514, 3.781862735748291, 5.640925884246826, 13.268450736999512, 23.103286743164062, 20.051671981811523, 13.154240608215332, 4.072513103485107, 1.3733233213424683, 0.8094359040260315, 0.5235593318939209, 0.2317904829978943, 0.046328119933605194, 0.0009369341423735023, 5.386224438552745e-05], "lowlevel.gfcc.mean": [-79.06876373291016, 120.03692626953125, -86.6155014038086, 31.116086959838867, -58.464019775390625, 1.7036088705062866, -51.84814453125, 3.747987985610962, -24.082901000976562, -13.386933326721191, -19.10759162902832, -7.67376184463501, -15.829926490783691], "lowlevel.melbands.mean": [0.0013694176450371742, 0.002171832602471113, 0.001950511708855629, 0.0012087764916941524, 0.0004209413018543273, 0.0002838517539203167, 0.0002799346693791449, 0.0003433501988183707, 0.0001335998240392655, 0.00010778528667287901, 0.00012256953050382435, 7.456353341694921e-05, 3.413926970097236e-05, 2.440309981466271e-05, 3.4715809306362644e-05, 2.8549780836328864e-05, 2.809384932334069e-05, 2.1144544007256627e-05, 2.3250069716596045e-05, 1.9054235963267274e-05, 1.206635897688102e-05, 1.1174372957611922e-05, 1.3578891412180383e-05, 1.1980155250057578e-05, 8.827755664242432e-06, 3.986047431681072e-06, 1.793426577023638e-06, 1.0837107993211248e-06, 8.945567060436588e-07, 8.772551609581569e-07, 1.0971962183248252e-06, 1.8685590248423978e-06, 2.3019429136184044e-06, 3.3087324027292198e-06, 2.7845348995469976e-06, 2.3464192508981796e-06, 1.4919991144779488e-06, 8.53826691127324e-07, 5.379619665291102e-07, 4.2005888190033147e-07], "lowlevel.melbands.stdev": [0.004370978567749262, 0.006044753361493349, 0.0022806755732744932, 0.001383918453939259, 0.0006242195959202945, 0.0006569487159140408, 0.001034133485518396, 0.001082379836589098, 0.0004692731308750808, 0.000532555568497628, 0.0007438887259922922, 0.00040589587297290564, 0.00013853423297405243, 8.839777729008347e-05, 0.000271956785582006, 0.00015004056331235915, 0.00012940929445903748, 0.00010668115282896906, 0.00014179435675032437, 0.00010078702325699851, 4.435165101313032e-05, 3.5380424378672615e-05, 4.085855471203104e-05, 3.3894328225869685e-05, 2.677863449207507e-05, 1.3208698874223046e-05, 6.382784704328515e-06, 3.3202713893842883e-06, 2.4710805064387387e-06, 2.5145923245872837e-06, 3.6821834328293335e-06, 6.997971922828583e-06, 1.0163968909182586e-05, 1.4701293366670143e-05, 1.179589526145719e-05, 1.1333469046803657e-05, 7.07790968590416e-06, 3.2972270673781168e-06, 1.5440724610016332e-06, 1.0347182524128584e-06], "lowlevel.melbands128.mean": [2.766020770650357e-05, 0.00042333538294769824, 0.0020677156280726194, 0.0029271068051457405, 0.0022246502339839935, 0.00164592987857759, 0.0014980725245550275, 0.002383418846875429, 0.0022448981180787086, 0.0010137982899323106, 0.0006593719590455294, 0.0006511852261610329, 0.0002812680322676897, 0.00024037751427385956, 0.00029667254420928657, 0.0002902112901210785, 0.00032904153340496123, 0.0002494666841812432, 0.0002525023010093719, 0.000406124338041991, 0.0003928860242012888, 0.0001446917449356988, 0.00011582006845856085, 8.371151488972828e-05, 0.00011981201532762498, 0.00011299058678559959, 8.608878852101043e-05, 0.00015897663251962513, 0.00010769224172690883, 0.00010542681411607191, 5.235826756688766e-05, 3.361353446962312e-05, 3.3158135920530185e-05, 3.946047218050808e-05, 1.958969369297847e-05, 1.975062332348898e-05, 3.08095222862903e-05, 3.567197563825175e-05, 3.814646333921701e-05, 3.1450217647943646e-05, 2.4640981791890226e-05, 2.7075364414486103e-05, 2.899288483604323e-05, 2.9998731406521983e-05, 2.2534894014825113e-05, 1.977785177587066e-05, 1.8393971913610585e-05, 1.862299905042164e-05, 2.9456670745275915e-05, 2.8793303499696776e-05, 1.4459767953667324e-05, 1.3263742403069045e-05, 1.3379056326812133e-05, 1.0287317309121136e-05, 1.1467085641925223e-05, 1.0821484465850517e-05, 1.1258161976002157e-05, 1.3852582924300805e-05, 1.488316775066778e-05, 1.2283770047361031e-05, 1.212179813592229e-05, 1.0915417078649625e-05, 1.1858915058837738e-05, 7.38371863917564e-06, 5.4824977269163355e-06, 4.2078054320882075e-06, 3.084117224716465e-06, 1.9007338778465055e-06, 1.6448409496661043e-06, 1.3697776921617333e-06, 9.42339283938054e-07, 1.0526232472329866e-06, 1.0164352488573059e-06, 8.258209618361434e-07, 7.998552291610395e-07, 9.033541346070706e-07, 8.886626119419816e-07, 8.734871812521305e-07, 1.098354459827533e-06, 1.231026544701308e-06, 1.93882578969351e-06, 2.1212333649600623e-06, 1.8754665234155254e-06, 2.367325350860483e-06, 2.4801188374112826e-06, 3.1159438549366314e-06, 3.814994215645129e-06, 3.3257917948503746e-06, 2.4868270429578843e-06, 2.659747224242892e-06, 2.6075636014866177e-06, 2.298848812642973e-06, 1.7641591512074228e-06, 1.6133133158291457e-06, 1.2240702744747978e-06, 1.019421688397415e-06, 7.70735368860187e-07, 6.092652142797306e-07, 5.526273412215232e-07, 5.031590717408108e-07, 4.393416190850985e-07, 4.3027370111303753e-07, 3.5913066653847636e-07, 3.29462324089036e-07, 3.3541931543368264e-07, 4.309889902742725e-07, 4.103510207187355e-07, 3.366045291386399e-07, 3.5057854574915837e-07, 3.2767673019407084e-07, 2.871800859338691e-07, 2.6760491778077267e-07, 2.3529366899310844e-07, 2.411450168438023e-07, 2.357672030939284e-07, 1.897528107974722e-07, 7.203770024943879e-08, 8.004068519085195e-09, 5.092442578735756e-10, 1.213977442876546e-11, 4.920559619481235e-12, 3.436556161168225e-12, 3.1268856861416117e-12, 3.0651579364937565e-12, 2.9742343570643426e-12, 2.8517416292977993e-12, 2.7820842418008196e-12, 2.759806272401022e-12], "lowlevel.melbands128.stdev": [0.0001007325918180868, 0.0012931746896356344, 0.0068055409938097, 0.009628047235310078, 0.007147487252950668, 0.0038432287983596325, 0.0023144010920077562, 0.003443480934947729, 0.0030121607705950737, 0.00156350655015558, 0.0010802603792399168, 0.001086097676306963, 0.0006052348762750626, 0.0006625459645874798, 0.0008159919525496662, 0.0009435727261006832, 0.0016407204093411565, 0.0012625745730474591, 0.0011356496252119541, 0.0016227158484980464, 0.0013429011451080441, 0.0006270574522204697, 0.0006196711910888553, 0.0005022550467401743, 0.0007178316009230912, 0.0006877245614305139, 0.0006102733314037323, 0.00127208954654634, 0.0007297624833881855, 0.0007657807436771691, 0.0003556353913154453, 0.0002077257668133825, 0.0001908189879031852, 0.00016103762027341872, 0.00011347224790370092, 8.102726133074611e-05, 0.00017941895930562168, 0.0003657593624666333, 0.0004291634541004896, 0.00024255494645331055, 0.00013291141658555716, 0.00020690752717200667, 0.0001591910986462608, 0.00015630082634743303, 0.00019307283218950033, 0.00010881436173804104, 8.32573277875781e-05, 0.00012892471568193287, 0.00026355485897511244, 0.00022283679572865367, 6.515767017845064e-05, 4.712333975476213e-05, 6.784126162528992e-05, 3.8413934817072004e-05, 5.232918920228258e-05, 3.659586946014315e-05, 3.992968049715273e-05, 4.711787187261507e-05, 5.420231900643557e-05, 3.7394147511804476e-05, 3.689873847179115e-05, 3.7851041270187125e-05, 4.315843034419231e-05, 2.4170953111024573e-05, 1.7197831766679883e-05, 1.5561605323455296e-05, 1.4549237675964832e-05, 8.904092283046339e-06, 5.5431100918212906e-06, 4.717032879852923e-06, 3.383448529348243e-06, 3.755842499231221e-06, 3.2679033665772295e-06, 2.398669494141359e-06, 2.41354155150475e-06, 3.0344497190526454e-06, 2.877640326914843e-06, 2.793969542835839e-06, 4.008123141829856e-06, 4.8271958803525195e-06, 8.25677670945879e-06, 7.984545845829416e-06, 8.19400156615302e-06, 1.1227190952922683e-05, 1.2401165804476477e-05, 1.5393836292787455e-05, 1.7457066860515624e-05, 1.4913510312908329e-05, 1.08250669654808e-05, 1.294321828027023e-05, 1.2325457646511495e-05, 1.2426193279679865e-05, 9.438704182684887e-06, 8.768111911194865e-06, 5.570581834035693e-06, 4.1062944546865765e-06, 3.3886335586430505e-06, 1.7653288750807405e-06, 1.69535292116052e-06, 1.603631744728773e-06, 1.2420840675986256e-06, 1.1224324225622695e-06, 9.1601378926498e-07, 8.784996339272766e-07, 9.66374159361294e-07, 1.2560408322315197e-06, 1.0716963743107044e-06, 9.348385106022761e-07, 1.059088162946864e-06, 9.98275709207519e-07, 9.117987360696134e-07, 8.976854246611765e-07, 7.616989705638844e-07, 7.763264875393361e-07, 7.787623417243594e-07, 6.83652956467995e-07, 2.914422054800525e-07, 4.795356289832853e-08, 7.05277214407829e-09, 2.2273387301208203e-10, 4.42385884869001e-11, 1.0813226182515567e-11, 7.059651908197795e-12, 6.937657913430595e-12, 6.83822096170239e-12, 6.757401495999238e-12, 6.698593069121017e-12, 6.662482631564215e-12], "lowlevel.mfcc.mean": [-731.5112915039062, 149.4242706298828, 26.439292907714844, 27.308799743652344, 16.110023498535156, -4.790218830108643, -11.29392147064209, 4.486106872558594, -7.762688159942627, -5.023641586303711, -4.610769748687744, -6.53818416595459, -7.544249534606934], "lowlevel.spectral_contrast_coeffs.mean": [-0.6397750973701477, -0.7104084491729736, -0.7633028626441956, -0.8049925565719604, -0.7881974577903748, -0.7956733703613281], "lowlevel.spectral_contrast_coeffs.stdev": [0.07780049741268158, 0.06733706593513489, 0.0619991235435009, 0.052117444574832916, 0.0656185895204544, 0.04579782113432884], "lowlevel.spectral_contrast_valleys.mean": [-6.932864189147949, -7.425845146179199, -8.493051528930664, -8.651301383972168, -8.798933029174805, -11.22029972076416], "lowlevel.spectral_contrast_valleys.stdev": [1.1055692434310913, 1.0301226377487183, 1.1541763544082642, 1.182740330696106, 1.2909120321273804, 1.550382137298584], "rhythm.beats_loudness_band_ratio.mean": [0.7013586759567261, 0.2127571403980255, 0.07964543998241425, 0.05130463093519211, 0.02939201518893242, 0.011432082392275333], "rhythm.beats_loudness_band_ratio.stdev": [0.20144346356391907, 0.1773526966571808, 0.0889594703912735, 0.09255636483430862, 0.05407040938735008, 0.024892514571547508], "tonal.hpcp.mean": [0.08970475941896439, 0.06506558507680893, 0.03902796655893326, 0.0630517527461052, 0.04957759752869606, 0.03576275333762169, 0.06360825151205063, 0.07304240763187408, 0.2206823080778122, 0.39976242184638977, 0.24006521701812744, 0.04596420377492905, 0.03350704908370972, 0.028849055990576744, 0.055578477680683136, 0.10335685312747955, 0.07858256995677948, 0.03304414451122284, 0.03304160386323929, 0.04145796224474907, 0.10726503282785416, 0.16038945317268372, 0.10771474242210388, 0.19501818716526031, 0.2912694811820984, 0.1470550298690796, 0.03907133266329765, 0.03743523359298706, 0.04242194816470146, 0.21560564637184143, 0.3557639718055725, 0.18775607645511627, 0.04486920312047005, 0.03776843100786209, 0.030352208763360977, 0.051718469709157944], "tonal.hpcp.stdev": [0.2204369455575943, 0.171098530292511, 0.12474172562360764, 0.19772116839885712, 0.15912751853466034, 0.09663429856300354, 0.16236121952533722, 0.17137028276920319, 0.26313310861587524, 0.3976231515407562, 0.2667490839958191, 0.14068761467933655, 0.13617545366287231, 0.12156140804290771, 0.14825211465358734, 0.23307646811008453, 0.18301302194595337, 0.1288609355688095, 0.1275181919336319, 0.1439826786518097, 0.19609220325946808, 0.26590293645858765, 0.1867053210735321, 0.2815757691860199, 0.40794461965560913, 0.2293609380722046, 0.1294025331735611, 0.1317850947380066, 0.12705515325069427, 0.26026076078414917, 0.38467755913734436, 0.23319897055625916, 0.1398743987083435, 0.1372663527727127, 0.11280179023742676, 0.13646462559700012], "rhythm.beats_position": [0.54566890001297, 1.1029478311538696, 1.6602267026901245, 2.18267560005188, 2.693514585494995, 3.2043535709381104, 3.7151927947998047, 4.22603178024292, 4.7252607345581055, 5.224489688873291, 5.735328674316406, 6.234557628631592, 6.733786582946777, 7.233015537261963, 7.732244968414307, 8.243083953857422, 8.74231243133545, 9.241541862487793, 9.75238037109375, 10.263219833374023, 10.76244831085205, 11.261677742004395, 11.772517204284668, 12.271745681762695, 12.770975112915039, 13.270203590393066, 13.76943302154541, 14.268661499023438, 14.779500961303711, 15.278729438781738, 15.789568901062012, 16.30040740966797, 16.811246871948242, 17.310476303100586, 17.80970573425293, 18.30893325805664, 18.808162689208984, 19.319002151489258, 19.8182315826416, 20.317459106445312, 20.828298568725586, 21.32752799987793, 21.838367462158203, 22.337596893310547, 22.836824417114258, 23.3360538482666, 23.846893310546875, 24.35773277282715, 24.84535026550293, 25.356189727783203, 25.867029190063477, 26.36625862121582, 26.86548614501953, 27.376325607299805, 27.887165069580078, 28.386394500732422, 28.885623931884766, 29.396461486816406, 29.89569091796875, 30.394920349121094, 30.905759811401367, 31.416597366333008, 31.91582679748535, 32.41505432128906, 32.914283752441406, 33.41351318359375, 33.924354553222656, 34.4351921081543, 34.94602966308594], "rhythm.bpm_histogram": [0.0, 0.0, 0.0, 0.0, 0.0, 0.0, 0.0, 0.0, 0.0, 0.0, 0.0, 0.0, 0.0, 0.0, 0.0, 0.0, 0.0, 0.0, 0.0, 0.0, 0.0, 0.0, 0.0, 0.0, 0.0, 0.0, 0.0, 0.0, 0.0, 0.0, 0.0, 0.0, 0.0, 0.0, 0.0, 0.0, 0.0, 0.0, 0.0, 0.0, 0.0, 0.0, 0.0, 0.0, 0.0, 0.0, 0.0, 0.0, 0.0, 0.0, 0.0, 0.0, 0.0, 0.0, 0.0, 0.0, 0.0, 0.0, 0.0, 0.0, 0.0, 0.0, 0.0, 0.0, 0.0, 0.0, 0.0, 0.0, 0.0, 0.0, 0.0, 0.0, 0.0, 0.0, 0.0, 0.0, 0.0, 0.0, 0.0, 0.0, 0.0, 0.0, 0.0, 0.0, 0.0, 0.0, 0.0, 0.0, 0.0, 0.0, 0.0, 0.0, 0.0, 0.0, 0.0, 0.0, 0.0, 0.0, 0.0, 0.0, 0.0, 0.0, 0.0, 0.0, 0.0, 0.0, 0.0, 0.0, 0.029411764815449715, 0.0, 0.0, 0.0, 0.0, 0.0, 0.0, 0.014705882407724857, 0.0, 0.4117647111415863, 0.0, 0.0, 0.529411792755127, 0.0, 0.0, 0.014705882407724857, 0.0, 0.0, 0.0, 0.0, 0.0, 0.0, 0.0, 0.0, 0.0, 0.0, 0.0, 0.0, 0.0, 0.0, 0.0, 0.0, 0.0, 0.0, 0.0, 0.0, 0.0, 0.0, 0.0, 0.0, 0.0, 0.0, 0.0, 0.0, 0.0, 0.0, 0.0, 0.0, 0.0, 0.0, 0.0, 0.0, 0.0, 0.0, 0.0, 0.0, 0.0, 0.0, 0.0, 0.0, 0.0, 0.0, 0.0, 0.0, 0.0, 0.0, 0.0, 0.0, 0.0, 0.0, 0.0, 0.0, 0.0, 0.0, 0.0, 0.0, 0.0, 0.0, 0.0, 0.0, 0.0, 0.0, 0.0, 0.0, 0.0, 0.0, 0.0, 0.0, 0.0, 0.0, 0.0, 0.0, 0.0, 0.0, 0.0, 0.0, 0.0, 0.0, 0.0, 0.0, 0.0, 0.0, 0.0, 0.0, 0.0, 0.0, 0.0, 0.0, 0.0, 0.0, 0.0, 0.0, 0.0, 0.0, 0.0, 0.0, 0.0, 0.0, 0.0, 0.0, 0.0, 0.0, 0.0, 0.0, 0.0, 0.0, 0.0, 0.0, 0.0, 0.0, 0.0, 0.0, 0.0, 0.0, 0.0, 0.0, 0.0, 0.0, 0.0, 0.0, 0.0, 0.0], "tonal.chords_histogram": [24.80417823791504, 0.0, 33.94255828857422, 0.3916448950767517, 14.751957893371582, 0.0, 0.0, 0.0, 0.0, 0.0, 0.0, 0.0, 0.0, 0.0, 0.0, 0.0, 0.0, 18.668407440185547, 0.0, 6.266318321228027, 0.0, 0.0, 0.0, 1.1749347448349], "tonal.thpcp": [1.0, 0.6005197167396545, 0.11497879773378372, 0.08381740748882294, 0.07216550409793854, 0.13902877271175385, 0.2585456967353821, 0.1965731829404831, 0.08265945315361023, 0.08265309780836105, 0.10370650142431259, 0.2683219611644745, 0.4012119174003601, 0.26944687962532043, 0.48783522844314575, 0.7286064624786377, 0.36785605549812317, 0.09773638099431992, 0.09364370256662369, 0.10611789673566818, 0.5393344759941101, 0.8899385333061218, 0.4696691632270813, 0.11223967373371124, 0.09447719156742096, 0.07592561841011047, 0.12937301397323608, 0.22439517080783844, 0.1627606302499771, 0.0976279005408287, 0.1577230542898178, 0.12401765584945679, 0.08946001529693604, 0.15911513566970825, 0.1827145367860794, 0.5520336627960205], "lowlevel.gfcc.cov": [[11817.8740234375, -3285.3876953125, 21.169401168823242, 532.6737670898438, 1.3692131042480469, 928.3192749023438, -27.863740921020508, 892.26611328125, -39.22831726074219, 949.5541381835938, -208.15065002441406, 848.1817626953125, -605.1019897460938], [-3285.3876953125, 3067.490478515625, -426.2662048339844, -539.2988891601562, 496.31982421875, -526.7047119140625, 234.86105346679688, -329.4626159667969, 261.2784423828125, -583.779296875, 285.6405944824219, -484.5971374511719, 335.1950378417969], [21.169401168823242, -426.2662048339844, 986.724365234375, 212.44129943847656, -42.36113739013672, 194.04037475585938, 38.921878814697266, 11.631563186645508, 10.213064193725586, 150.59786987304688, -106.26570892333984, 184.19631958007812, -105.90927124023438], [532.6737670898438, -539.2988891601562, 212.44129943847656, 583.3973388671875, -78.61424255371094, 75.73374938964844, -35.618526458740234, 56.822879791259766, -2.822232484817505, 62.06559371948242, 14.894071578979492, 56.717796325683594, -1.006005048751831], [1.3692131042480469, 496.31982421875, -42.36113739013672, -78.61424255371094, 439.1953125, -37.19631576538086, 81.91627502441406, 49.75279235839844, 94.6434326171875, -49.02202224731445, 29.449588775634766, 13.206085205078125, 18.62346839904785], [928.3192749023438, -526.7047119140625, 194.04037475585938, 75.73374938964844, -37.19631576538086, 354.6541748046875, 82.69132995605469, 74.09719848632812, -22.954299926757812, 169.97640991210938, -66.46745300292969, 122.85403442382812, -72.31595611572266], [-27.863740921020508, 234.86105346679688, 38.921878814697266, -35.618526458740234, 81.91627502441406, 82.69132995605469, 232.3334503173828, 20.441699981689453, 19.736417770385742, -27.582582473754883, 9.482236862182617, -11.783312797546387, 23.806875228881836], [892.26611328125, -329.4626159667969, 11.631563186645508, 56.822879791259766, 49.75279235839844, 74.09719848632812, 20.441699981689453, 237.68380737304688, 36.162574768066406, 101.3185043334961, -15.528973579406738, 104.20182800292969, -52.55563735961914], [-39.22831726074219, 261.2784423828125, 10.213064193725586, -2.822232484817505, 94.6434326171875, -22.954299926757812, 19.736417770385742, 36.162574768066406, 188.05528259277344, -5.927232265472412, 29.24776268005371, 4.906299591064453, -2.319878101348877], [949.5541381835938, -583.779296875, 150.59786987304688, 62.06559371948242, -49.02202224731445, 169.97640991210938, -27.582582473754883, 101.3185043334961, -5.927232265472412, 266.1353454589844, -28.68927001953125, 122.50607299804688, -99.89898681640625], [-208.15065002441406, 285.6405944824219, -106.26570892333984, 14.894071578979492, 29.449588775634766, -66.46745300292969, 9.482236862182617, -15.528973579406738, 29.24776268005371, -28.68927001953125, 126.20491027832031, -46.93018341064453, 38.536537170410156], [848.1817626953125, -484.5971374511719, 184.19631958007812, 56.717796325683594, 13.206085205078125, 122.85403442382812, -11.783312797546387, 104.20182800292969, 4.906299591064453, 122.50607299804688, -46.93018341064453, 249.56285095214844, -88.34799194335938], [-605.1019897460938, 335.1950378417969, -105.90927124023438, -1.006005048751831, 18.62346839904785, -72.31595611572266, 23.806875228881836, -52.55563735961914, -2.319878101348877, -99.89898681640625, 38.536537170410156, -88.34799194335938, 132.70152282714844]], "lowlevel.gfcc.icov": [[0.00019358361896593124, 1.314969722443493e-06, 0.00021020857093390077, -0.00015172100393101573, -4.7792487748665735e-05, -0.0002185211342293769, -8.996337783173658e-06, -0.0003221238439437002, 7.97282627900131e-05, -0.0002243521303171292, 6.720378587488085e-05, -0.0002498263493180275, 0.0004543328832369298], [1.314969722443493e-06, 0.002620045794174075, -0.0006856867694295943, 0.0017911724280565977, -0.001561435405164957, 0.0008195758564397693, -0.0012304141419008374, 0.0013268116163089871, -0.0022930013947188854, 0.0023091419134289026, -0.003354825312271714, 0.001892101252451539, -0.0018015591194853187], [0.00021020857093390077, -0.0006856867694295943, 0.0019521007779985666, -0.0012199264019727707, 0.0003680605732370168, -0.000427903636591509, -0.0002892682095989585, 0.00020281969045754522, 0.00032919493969529867, -0.001350714243017137, 0.0020132039207965136, -0.0015695687616243958, 0.0014459544327110052], [-0.00015172100393101573, 0.0017911724280565977, -0.0012199264019727707, 0.003515709890052676, -0.0006725558778271079, 0.00017973977082874626, -0.00011973710934398696, 0.0003749118186533451, -0.0015849773772060871, 0.001979251392185688, -0.0033477647230029106, 0.0014631639933213592, -0.0023922761902213097], [-4.7792487748665735e-05, -0.001561435405164957, 0.0003680605732370168, -0.0006725558778271079, 0.0038977423682808876, -8.877928485162556e-05, -0.00016245745064225048, -0.0012990173418074846, 0.0001881354401120916, -0.0008437532815150917, 0.0016755372053012252, -0.0016326620243489742, 0.0007286450709216297], [-0.0002185211342293769, 0.0008195758564397693, -0.000427903636591509, 0.00017973977082874626, -8.877928485162556e-05, 0.006494567263871431, -0.0033389742020517588, 0.001249639899469912, -0.0004520589136518538, -0.0023743142373859882, 0.001031828811392188, -0.00025826331693679094, -0.0010280482238158584], [-8.996337783173658e-06, -0.0012304141419008374, -0.0002892682095989585, -0.00011973710934398696, -0.00016245745064225048, -0.0033389742020517588, 0.007025785744190216, -0.0017909875605255365, 0.0010072608711197972, 0.0009743053815327585, 0.0001414649887010455, 8.383707609027624e-05, -0.00016557160415686667], [-0.0003221238439437002, 0.0013268116163089871, 0.00020281969045754522, 0.0003749118186533451, -0.0012990173418074846, 0.001249639899469912, -0.0017909875605255365, 0.007781637832522392, -0.0022948477417230606, -0.0005596580449491739, -0.0008782430668361485, -0.0006541351904161274, -0.0010309834033250809], [7.97282627900131e-05, -0.0022930013947188854, 0.00032919493969529867, -0.0015849773772060871, 0.0001881354401120916, -0.0004520589136518538, 0.0010072608711197972, -0.0022948477417230606, 0.008440740406513214, -0.0019172116881236434, 0.0014850280713289976, -0.0015167116653174162, 0.0023071530740708113], [-0.0002243521303171292, 0.0023091419134289026, -0.001350714243017137, 0.001979251392185688, -0.0008437532815150917, -0.0023743142373859882, 0.0009743053815327585, -0.0005596580449491739, -0.0019172116881236434, 0.010705954395234585, -0.005037021357566118, 0.0014667529612779617, 0.000974623195361346], [6.720378587488085e-05, -0.003354825312271714, 0.0020132039207965136, -0.0033477647230029106, 0.0016755372053012252, 0.001031828811392188, 0.0001414649887010455, -0.0008782430668361485, 0.0014850280713289976, -0.005037021357566118, 0.015255910344421864, -0.002130593406036496, 0.0007010626723058522], [-0.0002498263493180275, 0.001892101252451539, -0.0015695687616243958, 0.0014631639933213592, -0.0016326620243489742, -0.00025826331693679094, 8.383707609027624e-05, -0.0006541351904161274, -0.0015167116653174162, 0.0014667529612779617, -0.002130593406036496, 0.008839177899062634, 0.00023541090195067227], [0.0004543328832369298, -0.0018015591194853187, 0.0014459544327110052, -0.0023922761902213097, 0.0007286450709216297, -0.0010280482238158584, -0.00016557160415686667, -0.0010309834033250809, 0.0023071530740708113, 0.000974623195361346, 0.0007010626723058522, 0.00023541090195067227, 0.014979979023337364]], "lowlevel.mfcc.cov": [[11063.2021484375, -2881.76708984375, -297.98828125, -25.516071319580078, 73.09600067138672, 311.7383728027344, 145.59962463378906, 453.7087707519531, 70.54560089111328, 336.74847412109375, 547.5069580078125, 311.3318786621094, 269.4301452636719], [-2881.76708984375, 2900.9833984375, -594.556396484375, -130.7553253173828, 121.11508178710938, -216.4843292236328, -21.78558349609375, -5.561943531036377, 48.938812255859375, -118.24282836914062, -72.39833068847656, -58.71272277832031, -109.56846618652344], [-297.98828125, -594.556396484375, 925.5332641601562, 119.37815856933594, -55.880455017089844, 217.6826171875, -6.644722938537598, 5.09145975112915, 10.970913887023926, 10.971891403198242, -2.32527756690979, 37.18122482299805, 74.39646911621094], [-25.516071319580078, -130.7553253173828, 119.37815856933594, 388.7481689453125, 112.04263305664062, -23.494699478149414, -4.878912448883057, 36.89021301269531, -3.380251407623291, 9.064918518066406, -30.283037185668945, 19.89142608642578, 32.28083038330078], [73.09600067138672, 121.11508178710938, -55.880455017089844, 112.04263305664062, 259.2598571777344, -2.198457717895508, -39.921478271484375, 48.63887405395508, 27.46489143371582, 11.01806926727295, 34.09779357910156, 23.11709976196289, 22.83685874938965], [311.7383728027344, -216.4843292236328, 217.6826171875, -23.494699478149414, -2.198457717895508, 295.9559631347656, 60.22072219848633, 44.012996673583984, 40.454200744628906, 26.78864860534668, 54.84821319580078, 18.918865203857422, 36.45862579345703], [145.59962463378906, -21.78558349609375, -6.644722938537598, -4.878912448883057, -39.921478271484375, 60.22072219848633, 224.78704833984375, 11.691376686096191, 34.201602935791016, 24.30267333984375, -15.2273588180542, 12.390809059143066, -2.362234592437744], [453.7087707519531, -5.561943531036377, 5.09145975112915, 36.89021301269531, 48.63887405395508, 44.012996673583984, 11.691376686096191, 229.77154541015625, 67.48472595214844, -0.7158073782920837, 67.92821502685547, 23.995986938476562, 34.88172149658203], [70.54560089111328, 48.938812255859375, 10.970913887023926, -3.380251407623291, 27.46489143371582, 40.454200744628906, 34.201602935791016, 67.48472595214844, 133.8223876953125, 42.594764709472656, 15.575482368469238, 8.235239028930664, 11.42592716217041], [336.74847412109375, -118.24282836914062, 10.971891403198242, 9.064918518066406, 11.01806926727295, 26.78864860534668, 24.30267333984375, -0.7158073782920837, 42.594764709472656, 126.82368469238281, 45.965518951416016, 14.855525970458984, 11.004350662231445], [547.5069580078125, -72.39833068847656, -2.32527756690979, -30.283037185668945, 34.09779357910156, 54.84821319580078, -15.2273588180542, 67.92821502685547, 15.575482368469238, 45.965518951416016, 179.7235107421875, 61.26557540893555, 23.609155654907227], [311.3318786621094, -58.71272277832031, 37.18122482299805, 19.89142608642578, 23.11709976196289, 18.918865203857422, 12.390809059143066, 23.995986938476562, 8.235239028930664, 14.855525970458984, 61.26557540893555, 97.59589385986328, 35.52401351928711], [269.4301452636719, -109.56846618652344, 74.39646911621094, 32.28083038330078, 22.83685874938965, 36.45862579345703, -2.362234592437744, 34.88172149658203, 11.42592716217041, 11.004350662231445, 23.609155654907227, 35.52401351928711, 98.98023223876953]], "lowlevel.mfcc.icov": [[0.00019564604735933244, 0.00020892437896691263, 0.00023859311477281153, 6.0682497860398144e-05, -1.6718386177672073e-05, -8.668856753502041e-05, -5.471807162393816e-05, -0.0002971645153593272, 0.00013088827836327255, -0.0002467957674525678, -0.0001860855263657868, -0.0002838257933035493, -0.0002026246365858242], [0.00020892437896691263, 0.0006732309702783823, 0.00045231677358970046, 0.00019822393369395286, -0.0002692488196771592, 6.227770063560456e-05, -8.394630276598036e-05, -0.00025062356144189835, -0.0002390875160926953, 0.00020806529209949076, -0.00014732772251591086, -0.000283300963928923, 3.8707919884473085e-05], [0.00023859311477281153, 0.00045231677358970046, 0.001980230212211609, -0.0005579196149483323, 0.000611805182415992, -0.0013647788437083364, 0.0004973539616912603, -0.00012441362196113914, -0.00012954168778378516, -6.610119453398511e-05, 0.0002015455102082342, -0.0008753055590204895, -0.000749564787838608], [6.0682497860398144e-05, 0.00019822393369395286, -0.0005579196149483323, 0.0036834105849266052, -0.0018365459982305765, 0.0007654030923731625, -0.00035677666892297566, -0.0010054409503936768, 0.0009573837160132825, -0.000845444796141237, 0.0014041884569451213, -0.0007495378376916051, -0.00032252221717499197], [-1.6718386177672073e-05, -0.0002692488196771592, 0.000611805182415992, -0.0018365459982305765, 0.005419515538960695, -0.0005857687210664153, 0.0012150562833994627, -0.00014115910744294524, -0.000996927497908473, -4.207930942357052e-06, -0.0007133684121072292, -0.0005053198547102511, -0.0006022594752721488], [-8.668856753502041e-05, 6.227770063560456e-05, -0.0013647788437083364, 0.0007654030923731625, -0.0005857687210664153, 0.0052931345999240875, -0.00157923623919487, -2.387338645348791e-05, -0.0008539893897250295, 0.0003653958556242287, -0.0015862153377383947, 0.0012974882265552878, -0.0007920784992165864], [-5.471807162393816e-05, -8.394630276598036e-05, 0.0004973539616912603, -0.00035677666892297566, 0.0012150562833994627, -0.00157923623919487, 0.005602416582405567, -0.0002704936487134546, -0.0009033250971697271, -0.0009837283287197351, 0.0017377856420353055, -0.0017607264453545213, 0.0007600078242830932], [-0.0002971645153593272, -0.00025062356144189835, -0.00012441362196113914, -0.0010054409503936768, -0.00014115910744294524, -2.387338645348791e-05, -0.0002704936487134546, 0.007178077939897776, -0.0038945565465837717, 0.003022861899808049, -0.002838203450664878, 0.0014731433475390077, -0.0012800708645954728], [0.00013088827836327255, -0.0002390875160926953, -0.00012954168778378516, 0.0009573837160132825, -0.000996927497908473, -0.0008539893897250295, -0.0009033250971697271, -0.0038945565465837717, 0.01149140764027834, -0.004697532393038273, 0.0019597397185862064, -0.0007371879182755947, 5.254507777863182e-05], [-0.0002467957674525678, 0.00020806529209949076, -6.610119453398511e-05, -0.000845444796141237, -4.207930942357052e-06, 0.0003653958556242287, -0.0009837283287197351, 0.003022861899808049, -0.004697532393038273, 0.011703487485647202, -0.0036882569547742605, 0.0015024214517325163, -0.00041323620826005936], [-0.0001860855263657868, -0.00014732772251591086, 0.0002015455102082342, 0.0014041884569451213, -0.0007133684121072292, -0.0015862153377383947, 0.0017377856420353055, -0.002838203450664878, 0.0019597397185862064, -0.0036882569547742605, 0.010695243254303932, -0.005654101260006428, 0.0011865649139508605], [-0.0002838257933035493, -0.000283300963928923, -0.0008753055590204895, -0.0007495378376916051, -0.0005053198547102511, 0.0012974882265552878, -0.0017607264453545213, 0.0014731433475390077, -0.0007371879182755947, 0.0015024214517325163, -0.005654101260006428, 0.016056708991527557, -0.004057217389345169], [-0.0002026246365858242, 3.8707919884473085e-05, -0.000749564787838608, -0.00032252221717499197, -0.0006022594752721488, -0.0007920784992165864, 0.0007600078242830932, -0.0012800708645954728, 5.254507777863182e-05, -0.00041323620826005936, 0.0011865649139508605, -0.004057217389345169, 0.01347896084189415]], "metadata.audio_properties.analysis.downmix": "mix", "metadata.audio_properties.codec": "mp3", "metadata.audio_properties.md5_encoded": "f1f8adaceb884b82711ab501d8b43b87", "metadata.tags.file_name": "1182271122872475689.mp3", "metadata.version.essentia": "2.1-beta6-dev", "metadata.version.essentia_git_sha": "v2.1_beta5-1110-g77a6a954", "metadata.version.extractor": "music 2.0", "tonal.chords_key": "C", "tonal.chords_scale": "major", "tonal.k