{"song_id": "1182272048316289065", "download": "https://cdn.discordapp.com/attachments/1135911532732108921/1182272048316289065/chirp.mp4?ex=658417a5&amp", "lyrics": "En el Centro Comercial Santa Gloria, la vida se despierta,\nloa esquina Libertad, la obligaci\u00f3n se convierte en fiesta.\nNuevo horizonte en cada rinc\u00f3n de Arica,\nDonde la tradici\u00f3n y la modernidad bailan con destreza.\n\nEntre momias y secretos \nArica, joya del norte, en cada atardecer.\nLas olas acarician la pasi\u00f3n por surfear,\nEn este rinc\u00f3n de mar y desierto, placer sin entender.\n\nSanta Gloria, testigo de momentos especiales,\nGuardiana de historias, entre risas y colores reales.", "style": ["electr\u00f3nica andina trap"], "essentia_features": {"lowlevel.average_loudness": 0.987369179725647, "lowlevel.barkbands_crest.mean": 16.870769500732422, "lowlevel.barkbands_crest.stdev": 4.375143051147461, "lowlevel.barkbands_flatness_db.mean": 0.24281862378120422, "lowlevel.barkbands_flatness_db.stdev": 0.07455352693796158, "lowlevel.barkbands_kurtosis.mean": 26.472082138061523, "lowlevel.barkbands_kurtosis.stdev": 28.989402770996094, "lowlevel.barkbands_skewness.mean": 4.045740604400635, "lowlevel.barkbands_skewness.stdev": 1.948731780052185, "lowlevel.barkbands_spread.mean": 12.383835792541504, "lowlevel.barkbands_spread.stdev": 9.899612426757812, "lowlevel.dissonance.mean": 0.4317634403705597, "lowlevel.dissonance.stdev": 0.0416119247674942, "lowlevel.dynamic_complexity": 1.6954362392425537, "lowlevel.erbbands_crest.mean": 11.494258880615234, "lowlevel.erbbands_crest.stdev": 5.133023262023926, "lowlevel.erbbands_flatness_db.mean": 0.14497630298137665, "lowlevel.erbbands_flatness_db.stdev": 0.03940943628549576, "lowlevel.erbbands_kurtosis.mean": 2.0413243770599365, "lowlevel.erbbands_kurtosis.stdev": 5.4550676345825195, "lowlevel.erbbands_skewness.mean": 0.9855305552482605, "lowlevel.erbbands_skewness.stdev": 1.09215247631073, "lowlevel.erbbands_spread.mean": 59.656612396240234, "lowlevel.erbbands_spread.stdev": 29.488740921020508, "lowlevel.hfc.mean": 26.96929931640625, "lowlevel.hfc.stdev": 19.150287628173828, "lowlevel.loudness_ebu128.integrated": -12.536879539489746, "lowlevel.loudness_ebu128.loudness_range": 0.37323856353759766, "lowlevel.loudness_ebu128.momentary.mean": -12.558016777038574, "lowlevel.loudness_ebu128.momentary.stdev": 0.4319533407688141, "lowlevel.loudness_ebu128.short_term.mean": -12.540755271911621, "lowlevel.loudness_ebu128.short_term.stdev": 0.12427040934562683, "lowlevel.melbands_crest.mean": 28.590831756591797, "lowlevel.melbands_crest.stdev": 6.152024269104004, "lowlevel.melbands_flatness_db.mean": 0.3350991904735565, "lowlevel.melbands_flatness_db.stdev": 0.08194225281476974, "lowlevel.melbands_kurtosis.mean": 66.32752990722656, "lowlevel.melbands_kurtosis.stdev": 66.17959594726562, "lowlevel.melbands_skewness.mean": 5.801390647888184, "lowlevel.melbands_skewness.stdev": 3.1155312061309814, "lowlevel.melbands_spread.mean": 8.566015243530273, "lowlevel.melbands_spread.stdev": 8.836987495422363, "lowlevel.pitch_salience.mean": 0.32395628094673157, "lowlevel.pitch_salience.stdev": 0.12027572095394135, "lowlevel.silence_rate_20dB.mean": 1.0, "lowlevel.silence_rate_20dB.stdev": 0.0, "lowlevel.silence_rate_30dB.mean": 0.561053454875946, "lowlevel.silence_rate_30dB.stdev": 0.4962584376335144, "lowlevel.silence_rate_60dB.mean": 0.0023942538537085056, "lowlevel.silence_rate_60dB.stdev": 0.04887239262461662, "lowlevel.spectral_centroid.mean": 1051.100830078125, "lowlevel.spectral_centroid.stdev": 650.91796875, "lowlevel.spectral_complexity.mean": 11.809257507324219, "lowlevel.spectral_complexity.stdev": 8.969021797180176, "lowlevel.spectral_decrease.mean": -2.6795680341251682e-08, "lowlevel.spectral_decrease.stdev": 8.604840395776137e-09, "lowlevel.spectral_energy.mean": 0.10357911884784698, "lowlevel.spectral_energy.stdev": 0.03268054127693176, "lowlevel.spectral_energyband_high.mean": 0.0016349952202290297, "lowlevel.spectral_energyband_high.stdev": 0.0016692786011844873, "lowlevel.spectral_energyband_low.mean": 0.0817946046590805, "lowlevel.spectral_energyband_low.stdev": 0.03444042056798935, "lowlevel.spectral_energyband_middle_high.mean": 0.0028221379034221172, "lowlevel.spectral_energyband_middle_high.stdev": 0.005976783577352762, "lowlevel.spectral_energyband_middle_low.mean": 0.017460016533732414, "lowlevel.spectral_energyband_middle_low.stdev": 0.013799389824271202, "lowlevel.spectral_entropy.mean": 7.457021236419678, "lowlevel.spectral_entropy.stdev": 0.49641716480255127, "lowlevel.spectral_flux.mean": 0.12249201536178589, "lowlevel.spectral_flux.stdev": 0.07399790734052658, "lowlevel.spectral_kurtosis.mean": 2.334463119506836, "lowlevel.spectral_kurtosis.stdev": 1.9613298177719116, "lowlevel.spectral_rms.mean": 0.009929783642292023, "lowlevel.spectral_rms.stdev": 0.001566013670526445, "lowlevel.spectral_rolloff.mean": 343.3956298828125, "lowlevel.spectral_rolloff.stdev": 566.5878295898438, "lowlevel.spectral_skewness.mean": 1.267577886581421, "lowlevel.spectral_skewness.stdev": 0.5349349975585938, "lowlevel.spectral_spread.mean": 6302710.5, "lowlevel.spectral_spread.stdev": 1144927.75, "lowlevel.spectral_strongpeak.mean": 0.522219717502594, "lowlevel.spectral_strongpeak.stdev": 0.34322595596313477, "lowlevel.zerocrossingrate.mean": 0.028352657333016396, "lowlevel.zerocrossingrate.stdev": 0.015845732763409615, "metadata.audio_properties.analysis.equal_loudness": 0.0, "metadata.audio_properties.analysis.length": 29.055986404418945, "metadata.audio_properties.analysis.sample_rate": 44100.0, "metadata.audio_properties.analysis.start_time": 0.0, "metadata.audio_properties.bit_rate": 123050.0, "metadata.audio_properties.length": 29.055999755859375, "metadata.audio_properties.lossless": 0.0, "metadata.audio_properties.number_channels": 1.0, "metadata.audio_properties.replay_gain": -11.883092880249023, "metadata.audio_properties.sample_rate": 48000.0, "rhythm.beats_count": 56.0, "rhythm.beats_loudness.mean": 0.11475639790296555, "rhythm.beats_loudness.stdev": 0.029414504766464233, "rhythm.bpm": 117.82380676269531, "rhythm.bpm_histogram_first_peak_bpm": 117.0, "rhythm.bpm_histogram_first_peak_weight": 0.17307686805725098, "rhythm.bpm_histogram_second_peak_bpm": 108.0, "rhythm.bpm_histogram_second_peak_spread": 0.3333333730697632, "rhythm.bpm_histogram_second_peak_weight": 0.036363635212183, "rhythm.danceability": 2.5210230350494385, "rhythm.onset_rate": 5.778879165649414, "tonal.chords_changes_rate": 0.03189792484045029, "tonal.chords_number_rate": 0.003189792623743415, "tonal.chords_strength.mean": 0.5844451785087585, "tonal.chords_strength.stdev": 0.053557440638542175, "tonal.hpcp_crest.mean": 14.77464485168457, "tonal.hpcp_crest.stdev": 5.33803129196167, "tonal.hpcp_entropy.mean": 1.682206153869629, "tonal.hpcp_entropy.stdev": 0.6050823330879211, "tonal.key_edma.strength": 0.6166126728057861, "tonal.key_krumhansl.strength": 0.6051589250564575, "tonal.key_temperley.strength": 0.5799118280410767, "tonal.tuning_diatonic_strength": 0.48512375354766846, "tonal.tuning_equal_tempered_deviation": 0.2397584468126297, "tonal.tuning_frequency": 434.193115234375, "tonal.tuning_nontempered_energy_ratio": 0.9830454587936401, "lowlevel.barkbands.mean": [0.013079867698252201, 0.06546153128147125, 0.0031673365738242865, 0.0009722315589897335, 0.00445700203999877, 0.005373426713049412, 0.0018065946642309427, 0.0024515402037650347, 0.0022692587226629257, 0.0003596135356929153, 0.0003029695071745664, 0.00041295363917015493, 0.0005830356385558844, 0.0003831184294540435, 0.00017801621288526803, 0.00012148229143349454, 8.344637899426743e-05, 0.00020103678980376571, 0.0002033943310379982, 0.00017292684060521424, 0.00014487093721982092, 0.0005693471757695079, 0.0006013609818182886, 6.874706014059484e-05, 6.653154559899122e-05, 8.358417835552245e-05, 3.989182459918084e-06], "lowlevel.barkbands.stdev": [0.006003912538290024, 0.035344015806913376, 0.011275360360741615, 0.003856959752738476, 0.004961840342730284, 0.005683605093508959, 0.005125271622091532, 0.004670809023082256, 0.005952457431703806, 0.0008659212035126984, 0.0009152613347396255, 0.0011283657513558865, 0.001660215319134295, 0.001222836086526513, 0.0004593287594616413, 0.00035892627784051, 0.00024748386931605637, 0.0005313276778906584, 0.0004656623350456357, 0.00033091820660047233, 0.0002532124926801771, 0.0008259658934548497, 0.0006260527879931033, 8.573084778618068e-05, 7.96750100562349e-05, 0.00010186836880166084, 7.180972261267016e-06], "lowlevel.erbbands.mean": [3.5700485706329346, 7.908237457275391, 4.625296115875244, 4.056394100189209, 4.350301742553711, 16.01663589477539, 30.2155704498291, 53.59552764892578, 40.52439498901367, 27.054363250732422, 50.51264190673828, 45.72999954223633, 32.46550750732422, 10.744306564331055, 14.319860458374023, 17.280376434326172, 25.961095809936523, 23.329132080078125, 12.694584846496582, 7.6267170906066895, 6.480260372161865, 5.100100994110107, 8.055093765258789, 14.279223442077637, 8.042574882507324, 8.40705680847168, 6.265600681304932, 6.139756679534912, 15.164840698242188, 32.832977294921875, 11.381582260131836, 1.869771122932434, 1.1421011686325073, 0.6867943406105042, 0.5010018944740295, 0.2863081991672516, 0.1734723001718521, 0.03237631544470787, 0.0006831932114437222, 0.0001353251573164016], "lowlevel.erbbands.stdev": [1.467443823814392, 8.134516716003418, 11.01221752166748, 14.867437362670898, 7.122898101806641, 18.777368545532227, 46.04640197753906, 59.19950866699219, 89.54803466796875, 47.294944763183594, 85.71106719970703, 125.17574310302734, 91.3840560913086, 23.70688247680664, 41.53376388549805, 48.59293746948242, 71.91888427734375, 76.3942642211914, 33.41468811035156, 19.56057357788086, 18.527448654174805, 14.582379341125488, 22.191171646118164, 30.43393898010254, 19.88106346130371, 16.100990295410156, 10.163117408752441, 11.053679466247559, 25.592557907104492, 35.64710998535156, 12.49670124053955, 2.3406460285186768, 1.3916115760803223, 0.9335013031959534, 0.6141434907913208, 0.3688478171825409, 0.21358054876327515, 0.04364380985498428, 0.0008608248899690807, 4.35082329204306e-05], "lowlevel.gfcc.mean": [15.375643730163574, 77.28347778320312, -59.07774353027344, 44.1407585144043, -69.27566528320312, 15.854581832885742, -20.275863647460938, 14.658039093017578, -0.8878697752952576, 23.612279891967773, -1.5335216522216797, 23.931150436401367, -12.026484489440918], "lowlevel.melbands.mean": [0.024167168885469437, 0.004573948681354523, 0.0006586777744814754, 0.000716250971890986, 0.0010325133334845304, 0.0011393452296033502, 0.0005692167906090617, 0.0003890194639097899, 0.00038690201472491026, 0.0002969710039906204, 0.0001584239798830822, 4.021538916276768e-05, 4.6176799514796585e-05, 4.4864493247587234e-05, 4.9738053348846734e-05, 6.065633715479635e-05, 4.0153638110496104e-05, 2.1256384570733644e-05, 1.2520757081802003e-05, 8.47743922349764e-06, 7.157804702728754e-06, 5.090023478260264e-06, 5.033358320361003e-06, 1.0081686923513189e-05, 1.2140563740103971e-05, 6.377787485689623e-06, 5.191608579480089e-06, 5.717527074011741e-06, 4.011767032352509e-06, 3.594137751861126e-06, 3.3077421903726645e-06, 6.243501047720201e-06, 1.5366642401204444e-05, 2.01935490622418e-05, 8.029881428228691e-06, 1.5155939081523684e-06, 8.493970540257578e-07, 7.966374937495857e-07, 7.200283675956598e-07, 5.119526917951589e-07], "lowlevel.melbands.stdev": [0.010745683684945107, 0.005884665530174971, 0.002190984785556793, 0.0008247758960351348, 0.0014626729534938931, 0.0012133561540395021, 0.0011796164326369762, 0.0007239663391374052, 0.0006708597647957504, 0.0007812169496901333, 0.00046046392526477575, 9.159116598311812e-05, 0.00013792383833788335, 0.00011954889487242326, 0.00015038694255053997, 0.00017990614287555218, 0.00013605732237920165, 5.929117105551995e-05, 3.295584974694066e-05, 2.4517416022717953e-05, 2.1187952370382845e-05, 1.5329589587054215e-05, 1.5591624105582014e-05, 2.6549349058768712e-05, 2.566620423749555e-05, 1.673250153544359e-05, 1.2438792509783525e-05, 1.0667370588635094e-05, 6.424465482268715e-06, 7.072218068060465e-06, 6.3577076616638806e-06, 1.2261030860827304e-05, 2.2205129425856285e-05, 2.1238261979306117e-05, 9.062220669875387e-06, 2.511292450435576e-06, 1.1498826779643423e-06, 9.922493973135715e-07, 1.0364818763264338e-06, 7.286819254659349e-07], "lowlevel.melbands128.mean": [0.012464920990169048, 0.03586959093809128, 0.025281738489866257, 0.009367236867547035, 0.002696600742638111, 0.001499543315730989, 0.0008794733439572155, 0.00036202158662490547, 0.0003036075213458389, 0.0007695442764088511, 0.0008563759620301425, 0.0012611269485205412, 0.0011503775604069233, 0.0006199856288731098, 0.0011646724306046963, 0.0015917508862912655, 0.0007826887303963304, 0.0004612601187545806, 0.00015831761993467808, 0.00014279740571510047, 0.0006405382300727069, 0.0007929709390737116, 0.00012012477964162827, 0.0003167588438373059, 0.0003232209710404277, 0.0002409065782558173, 0.00040335263474844396, 7.655164517927915e-05, 5.45630682609044e-05, 4.251507925800979e-05, 3.112112244707532e-05, 4.188562525087036e-05, 5.3200030379230157e-05, 4.129463923163712e-05, 4.938998608849943e-05, 4.1822149796644226e-05, 4.460175841813907e-05, 4.9197838961845264e-05, 5.1079568947898224e-05, 6.30374051979743e-05, 6.07563451922033e-05, 6.324268906610087e-05, 4.2011299228761345e-05, 2.7591822799877264e-05, 2.69528609351255e-05, 1.9273555153631605e-05, 1.6684498405084014e-05, 1.3000979379285127e-05, 1.1033110240532551e-05, 8.798941962595563e-06, 7.660454684810247e-06, 8.471633918816224e-06, 8.858639375830535e-06, 5.872843303222908e-06, 4.927646841679234e-06, 5.345116733224131e-06, 4.955945769324899e-06, 4.508677193371113e-06, 5.217690613790182e-06, 5.5922878345882054e-06, 8.661172614665702e-06, 1.5222691217786632e-05, 1.4541094060405158e-05, 1.1194785656698514e-05, 8.388095011468977e-06, 6.121787464508088e-06, 5.262234935798915e-06, 4.838205768464832e-06, 4.8459005483891815e-06, 6.3443030740018e-06, 5.624632194667356e-06, 5.825493644806556e-06, 4.720364813692868e-06, 3.620062670961488e-06, 3.0784151476836996e-06, 3.885440037265653e-06, 3.7656341191905085e-06, 3.0939072530600242e-06, 3.229700723750284e-06, 3.2443683721794514e-06, 4.97891278428142e-06, 6.73087197355926e-06, 1.1077569070039317e-05, 1.632583916943986e-05, 1.923378113133367e-05, 1.9068302208324894e-05, 2.3994613002287224e-05, 1.6177291399799287e-05, 6.095556273066904e-06, 2.9514567359001376e-06, 1.6944319440881372e-06, 1.2231455457367701e-06, 9.061561740963953e-07, 8.134148288263532e-07, 8.235714403781458e-07, 8.313938337778382e-07, 7.598368370054231e-07, 7.938737098811544e-07, 7.687527840971597e-07, 6.46633964151988e-07, 6.273186841099232e-07, 4.512567670644785e-07, 4.3960275775134505e-07, 4.844445129492669e-07, 6.320094598777359e-07, 6.45416605493665e-07, 5.740001824960927e-07, 3.660670131466759e-07, 4.557920476599975e-07, 5.851617288499256e-07, 4.6695231503690593e-07, 5.607967636933608e-07, 6.156371341603517e-07, 5.801501288260624e-07, 5.562833393923938e-07, 4.1929044414246164e-07, 1.5604234704369446e-07, 1.5723784940746555e-08, 4.481761073371615e-10, 3.4439402718522416e-11, 2.47061329727849e-11, 1.6347530967797397e-11, 1.2154522180396476e-11, 1.1659433835076172e-11, 1.0444145548405004e-11, 8.72477090574364e-12, 7.830229520333631e-12, 7.668957482942496e-12], "lowlevel.melbands128.stdev": [0.005656867288053036, 0.014674682170152664, 0.01859983615577221, 0.01216978207230568, 0.006087558344006538, 0.0055478038266301155, 0.0035038553178310394, 0.0013974448665976524, 0.0006013194797560573, 0.001264407648704946, 0.0012441754806786776, 0.0020646266639232635, 0.002196024637669325, 0.0008515463559888303, 0.0013578463112935424, 0.0021683715749531984, 0.002221115631982684, 0.0013550147414207458, 0.0003749053576029837, 0.00043734340579248965, 0.001300901873037219, 0.001542739919386804, 0.000285744114080444, 0.0013466544914990664, 0.0012123509077355266, 0.0007614606874994934, 0.0013597351498901844, 0.00022293940128292888, 0.00015095113485585898, 0.00011176308180438355, 8.418728975811973e-05, 0.0001191272895084694, 0.00017568714974913746, 0.00015364930732175708, 0.0001410861441399902, 0.0001235378294950351, 0.00015879572310950607, 0.0001652009377721697, 0.0001706294424366206, 0.00019653578056022525, 0.00021564211056102067, 0.00027324759867042303, 0.00016310001956298947, 0.00010957939230138436, 8.703436469659209e-05, 5.67406605114229e-05, 5.028617670177482e-05, 3.7141868233447894e-05, 3.3836411603260785e-05, 2.5302389985881746e-05, 2.635645432746969e-05, 2.901500920415856e-05, 2.6290417736163363e-05, 2.0158113329671323e-05, 1.7619664504309185e-05, 1.7727794329402968e-05, 1.5690713553340174e-05, 1.447727936465526e-05, 1.911659273901023e-05, 1.9597282516770065e-05, 2.583088462415617e-05, 3.7862748285988346e-05, 3.726517752511427e-05, 2.3870459699537605e-05, 2.1603165805572644e-05, 1.9413673726376146e-05, 1.593067281646654e-05, 1.5231511497404426e-05, 1.2265692930668592e-05, 1.5218955923046451e-05, 1.1774589438573457e-05, 1.0876240594370756e-05, 8.300795343529899e-06, 6.329348707367899e-06, 6.800611572543858e-06, 8.509406143275555e-06, 7.776246093271766e-06, 6.658431630057748e-06, 6.806670626247069e-06, 6.918614417372737e-06, 1.2117100595787633e-05, 1.4486413419945166e-05, 2.2778707716497593e-05, 2.765345743682701e-05, 2.5111870854743756e-05, 2.2338732378557324e-05, 2.800619404297322e-05, 1.9698027244885452e-05, 8.474629794363864e-06, 5.851663445355371e-06, 3.3025150969479e-06, 2.3848549517424544e-06, 1.5470378684767638e-06, 1.19742412607593e-06, 1.3528065210266504e-06, 1.1805421991084586e-06, 1.0377582384535344e-06, 1.1124255934191751e-06, 1.3021444829064421e-06, 1.096908363251714e-06, 9.902707915898645e-07, 7.11366112682299e-07, 7.710401632721187e-07, 7.556641321571078e-07, 9.008416554934229e-07, 9.376679486194917e-07, 8.216636047109205e-07, 5.907899662815908e-07, 7.168289357650792e-07, 9.33075966713659e-07, 7.60638954488968e-07, 8.727966473998094e-07, 7.968432669258618e-07, 7.844967058190377e-07, 7.976514098118059e-07, 6.430924486267031e-07, 2.7181121708963474e-07, 5.673084757518154e-08, 5.079182407996541e-09, 4.6248754825839455e-10, 2.7953628300991795e-10, 1.284224254716193e-10, 7.025965226281627e-11, 6.503108468391972e-11, 4.6693267308217656e-11, 2.052891884263275e-11, 1.1981886836875955e-11, 1.177230014859365e-11], "lowlevel.mfcc.mean": [-646.8699340820312, 113.84687042236328, 53.72669982910156, 38.42536163330078, -7.257209300994873, 16.656253814697266, -7.795991897583008, 12.278573989868164, -5.648316860198975, 14.515290260314941, 20.552425384521484, 0.3239041566848755, 16.732006072998047], "lowlevel.spectral_contrast_coeffs.mean": [-0.6714890003204346, -0.6534923911094666, -0.7840654850006104, -0.8223881125450134, -0.7997936010360718, -0.6860285401344299], "lowlevel.spectral_contrast_coeffs.stdev": [0.07241328060626984, 0.08159836381673813, 0.07310577481985092, 0.04466748610138893, 0.03879537060856819, 0.05998210608959198], "lowlevel.spectral_contrast_valleys.mean": [-6.685376167297363, -6.863836765289307, -7.782814025878906, -8.12575626373291, -7.856447696685791, -10.376644134521484], "lowlevel.spectral_contrast_valleys.stdev": [0.6529465913772583, 0.7525737881660461, 0.9607995748519897, 0.9519125819206238, 0.8107722401618958, 0.8181453347206116], "rhythm.beats_loudness_band_ratio.mean": [0.7813981175422668, 0.08229460567235947, 0.11402849107980728, 0.007614502217620611, 0.0048610796220600605, 0.017739426344633102], "rhythm.beats_loudness_band_ratio.stdev": [0.1106736958026886, 0.0619828887283802, 0.09412126243114471, 0.008070982992649078, 0.004578885156661272, 0.01230629812926054], "tonal.hpcp.mean": [0.060478515923023224, 0.08034155517816544, 0.06875132769346237, 0.04426886513829231, 0.023341340944170952, 0.016547398641705513, 0.02426408790051937, 0.03125549107789993, 0.02655142731964588, 0.025835618376731873, 0.03131174296140671, 0.035545606166124344, 0.0769081637263298, 0.07891498506069183, 0.029608363285660744, 0.02681575156748295, 0.03201896697282791, 0.01775849424302578, 0.009288070723414421, 0.010696372017264366, 0.0474991500377655, 0.27491021156311035, 0.6237987279891968, 0.4509585499763489, 0.0807238221168518, 0.03327202424407005, 0.025397146120667458, 0.07929453253746033, 0.08315159380435944, 0.024668220430612564, 0.01991852931678295, 0.01919494941830635, 0.019669048488140106, 0.029007423669099808, 0.032794106751680374, 0.03618764132261276], "tonal.hpcp.stdev": [0.1796317994594574, 0.2165064513683319, 0.21054793894290924, 0.17969992756843567, 0.11657340824604034, 0.08659718185663223, 0.1021869033575058, 0.11762479692697525, 0.12177373468875885, 0.12412820756435394, 0.1475042849779129, 0.1505337655544281, 0.1638909876346588, 0.15990576148033142, 0.10145217925310135, 0.10961722582578659, 0.11929714679718018, 0.09932427108287811, 0.0658680722117424, 0.08245198428630829, 0.16457372903823853, 0.32203251123428345, 0.43495866656303406, 0.3938072621822357, 0.20489738881587982, 0.14890138804912567, 0.11940527707338333, 0.15931376814842224, 0.15650638937950134, 0.08385194092988968, 0.11215846985578537, 0.10913705825805664, 0.1142553836107254, 0.11657902598381042, 0.12102139741182327, 0.14408272504806519], "rhythm.beats_position": [0.5572788715362549, 1.1029478311538696, 1.6602267026901245, 2.217505693435669, 2.739954710006714, 3.250793695449829, 3.7616326808929443, 4.2724714279174805, 4.783310413360596, 5.294149398803711, 5.804988384246826, 6.315827369689941, 6.826666355133057, 7.337505340576172, 7.848344326019287, 8.359183311462402, 8.858412742614746, 9.357641220092773, 9.868480682373047, 10.379319190979004, 10.890158653259277, 11.400997161865234, 11.911836624145508, 12.422675132751465, 12.933514595031738, 13.444353103637695, 13.955192565917969, 14.466031074523926, 14.96526050567627, 15.464489936828613, 15.97532844543457, 16.486167907714844, 16.997007369995117, 17.507844924926758, 18.01868438720703, 18.529523849487305, 19.040363311767578, 19.55120086669922, 20.062040328979492, 20.572879791259766, 21.08371925354004, 21.58294677734375, 22.082176208496094, 22.593015670776367, 23.10385513305664, 23.61469268798828, 24.125532150268555, 24.636371612548828, 25.1472110748291, 25.658048629760742, 26.168888092041016, 26.67972755432129, 27.190567016601562, 27.689794540405273, 28.189023971557617, 28.69986343383789], "rhythm.bpm_histogram": [0.0, 0.0, 0.0, 0.0, 0.0, 0.0, 0.0, 0.0, 0.0, 0.0, 0.0, 0.0, 0.0, 0.0, 0.0, 0.0, 0.0, 0.0, 0.0, 0.0, 0.0, 0.0, 0.0, 0.0, 0.0, 0.0, 0.0, 0.0, 0.0, 0.0, 0.0, 0.0, 0.0, 0.0, 0.0, 0.0, 0.0, 0.0, 0.0, 0.0, 0.0, 0.0, 0.0, 0.0, 0.0, 0.0, 0.0, 0.0, 0.0, 0.0, 0.0, 0.0, 0.0, 0.0, 0.0, 0.0, 0.0, 0.0, 0.0, 0.0, 0.0, 0.0, 0.0, 0.0, 0.0, 0.0, 0.0, 0.0, 0.0, 0.0, 0.0, 0.0, 0.0, 0.0, 0.0, 0.0, 0.0, 0.0, 0.0, 0.0, 0.0, 0.0, 0.0, 0.0, 0.0, 0.0, 0.0, 0.0, 0.0, 0.0, 0.0, 0.0, 0.0, 0.0, 0.0, 0.0, 0.0, 0.0, 0.0, 0.0, 0.0, 0.0, 0.0, 0.0, 0.0, 0.0, 0.0, 0.0, 0.036363635212183, 0.0, 0.0181818176060915, 0.0, 0.0, 0.0, 0.0, 0.0181818176060915, 0.0, 0.7818182110786438, 0.0, 0.0, 0.145454540848732, 0.0, 0.0, 0.0, 0.0, 0.0, 0.0, 0.0, 0.0, 0.0, 0.0, 0.0, 0.0, 0.0, 0.0, 0.0, 0.0, 0.0, 0.0, 0.0, 0.0, 0.0, 0.0, 0.0, 0.0, 0.0, 0.0, 0.0, 0.0, 0.0, 0.0, 0.0, 0.0, 0.0, 0.0, 0.0, 0.0, 0.0, 0.0, 0.0, 0.0, 0.0, 0.0, 0.0, 0.0, 0.0, 0.0, 0.0, 0.0, 0.0, 0.0, 0.0, 0.0, 0.0, 0.0, 0.0, 0.0, 0.0, 0.0, 0.0, 0.0, 0.0, 0.0, 0.0, 0.0, 0.0, 0.0, 0.0, 0.0, 0.0, 0.0, 0.0, 0.0, 0.0, 0.0, 0.0, 0.0, 0.0, 0.0, 0.0, 0.0, 0.0, 0.0, 0.0, 0.0, 0.0, 0.0, 0.0, 0.0, 0.0, 0.0, 0.0, 0.0, 0.0, 0.0, 0.0, 0.0, 0.0, 0.0, 0.0, 0.0, 0.0, 0.0, 0.0, 0.0, 0.0, 0.0, 0.0, 0.0, 0.0, 0.0, 0.0, 0.0, 0.0, 0.0, 0.0, 0.0, 0.0, 0.0, 0.0, 0.0, 0.0, 0.0, 0.0, 0.0, 0.0, 0.0, 0.0, 0.0, 0.0], "tonal.chords_histogram": [0.0, 0.0, 0.0, 0.0, 0.0, 0.0, 0.0, 85.805419921875, 14.19457721710205, 0.0, 0.0, 0.0, 0.0, 0.0, 0.0, 0.0, 0.0, 0.0, 0.0, 0.0, 0.0, 0.0, 0.0, 0.0], "tonal.thpcp": [1.0, 0.7229231595993042, 0.12940683960914612, 0.05333775654435158, 0.04071368649601936, 0.12711557745933533, 0.13329875469207764, 0.03954515978693962, 0.03193102031946182, 0.030771061778068542, 0.03153108060359955, 0.04650125652551651, 0.0525716170668602, 0.058011725544929504, 0.09695196896791458, 0.12879402935504913, 0.11021395772695541, 0.07096658647060394, 0.03741806373000145, 0.02652682363986969, 0.038897302001714706, 0.05010509118437767, 0.04256409406661987, 0.04141659289598465, 0.05019526556134224, 0.05698249116539955, 0.1232900321483612, 0.12650713324546814, 0.047464609146118164, 0.04298782721161842, 0.051329001784324646, 0.028468307107686996, 0.014889531768858433, 0.01714715175330639, 0.0761449933052063, 0.4407033920288086], "lowlevel.gfcc.cov": [[3819.143798828125, -346.37091064453125, -972.9337158203125, -339.9196472167969, 205.21560668945312, 255.06454467773438, -165.0322723388672, 9.13745403289795, -343.9087219238281, -61.115509033203125, -147.31192016601562, -76.1270523071289, -177.31808471679688], [-346.37091064453125, 576.299560546875, 197.52862548828125, -117.88127899169922, -0.10554567724466324, -102.36492156982422, 30.46337127685547, -23.3232479095459, -4.7903242111206055, -121.11022186279297, 16.972938537597656, -65.42804718017578, 37.41044235229492], [-972.9337158203125, 197.52862548828125, 745.0357666015625, 178.3085479736328, -174.649658203125, -147.08262634277344, 51.747657775878906, 13.039941787719727, 119.34286499023438, -20.364322662353516, -33.625160217285156, 11.854997634887695, 15.550540924072266], [-339.9196472167969, -117.88127899169922, 178.3085479736328, 422.926025390625, -19.82710075378418, -88.497802734375, -8.497299194335938, 0.38060352206230164, 124.99014282226562, -28.46480369567871, -51.4693717956543, -3.9088973999023438, 3.1304678916931152], [205.21560668945312, -0.10554567724466324, -174.649658203125, -19.82710075378418, 264.994873046875, 77.8433609008789, -37.53019714355469, -19.31233024597168, -84.74940490722656, -39.054931640625, -20.61084747314453, -53.99647521972656, -28.33000946044922], [255.06454467773438, -102.36492156982422, -147.08262634277344, -88.497802734375, 77.8433609008789, 201.70623779296875, 43.61712646484375, -46.78804397583008, -61.90787124633789, 24.185670852661133, 9.132101058959961, -10.973366737365723, -33.595340728759766], [-165.0322723388672, 30.46337127685547, 51.747657775878906, -8.497299194335938, -37.53019714355469, 43.61712646484375, 174.72349548339844, 29.46870994567871, 30.582181930541992, 24.086658477783203, 1.8724061250686646, -3.755117177963257, -0.07411101460456848], [9.13745403289795, -23.3232479095459, 13.039941787719727, 0.38060352206230164, -19.31233024597168, -46.78804397583008, 29.46870994567871, 113.31316375732422, 33.8199348449707, -10.035537719726562, -16.339948654174805, -8.900461196899414, 2.709214210510254], [-343.9087219238281, -4.7903242111206055, 119.34286499023438, 124.99014282226562, -84.74940490722656, -61.90787124633789, 30.582181930541992, 33.8199348449707, 175.04110717773438, 50.21071243286133, 3.0663270950317383, 11.843792915344238, 14.435205459594727], [-61.115509033203125, -121.11022186279297, -20.364322662353516, -28.46480369567871, -39.054931640625, 24.185670852661133, 24.086658477783203, -10.035537719726562, 50.21071243286133, 148.81089782714844, 65.0129165649414, 41.308349609375, 3.561099052429199], [-147.31192016601562, 16.972938537597656, -33.625160217285156, -51.4693717956543, -20.61084747314453, 9.132101058959961, 1.8724061250686646, -16.339948654174805, 3.0663270950317383, 65.0129165649414, 145.5008544921875, 72.8628921508789, 34.00493240356445], [-76.1270523071289, -65.42804718017578, 11.854997634887695, -3.9088973999023438, -53.99647521972656, -10.973366737365723, -3.755117177963257, -8.900461196899414, 11.843792915344238, 41.308349609375, 72.8628921508789, 118.91979217529297, 48.635921478271484], [-177.31808471679688, 37.41044235229492, 15.550540924072266, 3.1304678916931152, -28.33000946044922, -33.595340728759766, -0.07411101460456848, 2.709214210510254, 14.435205459594727, 3.561099052429199, 34.00493240356445, 48.635921478271484, 104.38009643554688]], "lowlevel.gfcc.icov": [[0.0006140634068287909, -0.0006086791399866343, 0.0008545124437659979, -0.0004124979896005243, 0.0005826799315400422, -0.0007558027864433825, 0.00077817402780056, -0.0010203970596194267, 0.0011940414551645517, -0.0008886828436516225, 0.0013675980735570192, -0.000930783455260098, 0.0009416507091373205], [-0.0006086791399866343, 0.009113865904510021, -0.002883837092667818, 0.0062555777840316296, -0.002922198036685586, 0.007179575972259045, -0.004979001358151436, 0.008412976749241352, -0.006315020844340324, 0.010854487307369709, -0.007934878580272198, 0.008046415634453297, -0.0034238663502037525], [0.0008545124437659979, -0.002883837092667818, 0.0036766903940588236, -0.002364168642088771, 0.0022220199462026358, -0.001408514566719532, 0.001232595881447196, -0.002374648582190275, 0.0024656648747622967, -0.0031459105666726828, 0.0037127025425434113, -0.0030753035098314285, 0.002210365841165185], [-0.0004124979896005243, 0.0062555777840316296, -0.002364168642088771, 0.008167820982635021, -0.0031381151638925076, 0.005925978533923626, -0.003476251382380724, 0.007201143074780703, -0.007623369339853525, 0.008682262152433395, -0.004214974120259285, 0.004314903635531664, -0.001848626765422523], [0.0005826799315400422, -0.002922198036685586, 0.0022220199462026358, -0.0031381151638925076, 0.0073707555420696735, -0.004433989059180021, 0.003140070242807269, -0.003677884815260768, 0.004711308516561985, -0.0031180346850305796, 0.002239546738564968, -5.63544817850925e-05, 0.0012228364357724786], [-0.0007558027864433825, 0.007179575972259045, -0.001408514566719532, 0.005925978533923626, -0.004433989059180021, 0.015323367901146412, -0.007944915443658829, 0.0108596570789814, -0.004321076441556215, 0.00735480897128582, -0.005909360945224762, 0.00554494746029377, -0.0006959127495065331], [0.00077817402780056, -0.004979001358151436, 0.001232595881447196, -0.003476251382380724, 0.003140070242807269, -0.007944915443658829, 0.01101966854184866, -0.008047972805798054, 0.0033204832579940557, -0.006653558928519487, 0.004635953344404697, -0.0034799634013324976, 0.0014178972924128175], [-0.0010203970596194267, 0.008412976749241352, -0.002374648582190275, 0.007201143074780703, -0.003677884815260768, 0.0108596570789814, -0.008047972805798054, 0.020269280299544334, -0.00918024592101574, 0.011508846655488014, -0.006756346672773361, 0.0073178475722670555, -0.002977400552481413], [0.0011940414551645517, -0.006315020844340324, 0.0024656648747622967, -0.007623369339853525, 0.004711308516561985, -0.004321076441556215, 0.0033204832579940557, -0.00918024592101574, 0.01717582903802395, -0.012496979907155037, 0.006563792936503887, -0.0043474524281919, 0.0022199945524334908], [-0.0008886828436516225, 0.010854487307369709, -0.0031459105666726828, 0.008682262152433395, -0.0031180346850305796, 0.00735480897128582, -0.006653558928519487, 0.011508846655488014, -0.012496979907155037, 0.024131648242473602, -0.013249446637928486, 0.007889957167208195, -0.0024291686713695526], [0.0013675980735570192, -0.007934878580272198, 0.0037127025425434113, -0.004214974120259285, 0.002239546738564968, -0.005909360945224762, 0.004635953344404697, -0.006756346672773361, 0.006563792936503887, -0.013249446637928486, 0.02032333053648472, -0.01356310024857521, 0.002868057694286108], [-0.000930783455260098, 0.008046415634453297, -0.0030753035098314285, 0.004314903635531664, -5.63544817850925e-05, 0.00554494746029377, -0.0034799634013324976, 0.0073178475722670555, -0.0043474524281919, 0.007889957167208195, -0.01356310024857521, 0.02312576211988926, -0.008584168739616871], [0.0009416507091373205, -0.0034238663502037525, 0.002210365841165185, -0.001848626765422523, 0.0012228364357724786, -0.0006959127495065331, 0.0014178972924128175, -0.002977400552481413, 0.0022199945524334908, -0.0024291686713695526, 0.002868057694286108, -0.008584168739616871, 0.01516079343855381]], "lowlevel.mfcc.cov": [[4081.916015625, -340.3160705566406, -1165.491455078125, -570.9036254882812, 93.94639587402344, 33.809730529785156, 205.940185546875, -23.052963256835938, -89.05760192871094, -45.03956985473633, -66.46437072753906, -60.59912109375, -165.53977966308594], [-340.3160705566406, 711.8638916015625, 87.65873718261719, -110.3676528930664, -18.451623916625977, -119.30340576171875, 67.37169647216797, -0.8975220918655396, -62.71236801147461, 13.187228202819824, -56.48451232910156, -94.84827423095703, -29.078857421875], [-1165.491455078125, 87.65873718261719, 776.982177734375, 286.1319885253906, -113.94611358642578, -44.693572998046875, -168.57383728027344, 23.570201873779297, 44.7977180480957, 6.7985334396362305, 36.482086181640625, -5.050199031829834, 48.70051574707031], [-570.9036254882812, -110.3676528930664, 286.1319885253906, 442.097900390625, 33.585697174072266, -37.273834228515625, -146.4954376220703, 33.830257415771484, 73.18922424316406, 18.212947845458984, 12.108080863952637, -19.8563289642334, 34.999839782714844], [93.94639587402344, -18.451623916625977, -113.94611358642578, 33.585697174072266, 248.52210998535156, 4.479735374450684, 14.654070854187012, -9.913189888000488, -23.516719818115234, -19.809539794921875, -55.01084518432617, -27.209318161010742, -21.467966079711914], [33.809730529785156, -119.30340576171875, -44.693572998046875, -37.273834228515625, 4.479735374450684, 218.515380859375, 40.53857421875, -12.286171913146973, -3.4820659160614014, -11.473539352416992, 19.049158096313477, 40.986610412597656, 6.584688663482666], [205.940185546875, 67.37169647216797, -168.57383728027344, -146.4954376220703, 14.654070854187012, 40.53857421875, 192.36180114746094, 10.914033889770508, -43.126792907714844, -3.0282201766967773, -24.098405838012695, -15.12035083770752, -29.938772201538086], [-23.052963256835938, -0.8975220918655396, 23.570201873779297, 33.830257415771484, -9.913189888000488, -12.286171913146973, 10.914033889770508, 98.8996353149414, 20.923250198364258, 10.992977142333984, -5.012844562530518, -30.926589965820312, -8.597643852233887], [-89.05760192871094, -62.71236801147461, 44.7977180480957, 73.18922424316406, -23.516719818115234, -3.4820659160614014, -43.126792907714844, 20.923250198364258, 134.11863708496094, 29.919509887695312, 11.284297943115234, 18.469192504882812, -8.881790161132812], [-45.03956985473633, 13.187228202819824, 6.7985334396362305, 18.212947845458984, -19.809539794921875, -11.473539352416992, -3.0282201766967773, 10.992977142333984, 29.919509887695312, 99.51876068115234, 26.459278106689453, -11.237810134887695, -11.993827819824219], [-66.46437072753906, -56.48451232910156, 36.482086181640625, 12.108080863952637, -55.01084518432617, 19.049158096313477, -24.098405838012695, -5.012844562530518, 11.284297943115234, 26.459278106689453, 101.50630187988281, 42.00414276123047, 19.50373077392578], [-60.59912109375, -94.84827423095703, -5.050199031829834, -19.8563289642334, -27.209318161010742, 40.986610412597656, -15.12035083770752, -30.926589965820312, 18.469192504882812, -11.237810134887695, 42.00414276123047, 168.5028076171875, 37.538150787353516], [-165.53977966308594, -29.078857421875, 48.70051574707031, 34.999839782714844, -21.467966079711914, 6.584688663482666, -29.938772201538086, -8.597643852233887, -8.881790161132812, -11.993827819824219, 19.50373077392578, 37.538150787353516, 98.18344116210938]], "lowlevel.mfcc.icov": [[0.0005264599458314478, 0.00029938542866148055, 0.0006874711834825575, 0.0003490109520498663, 0.00019409901869948953, 0.00015183039067778736, 0.00031543330987915397, -7.125550473574549e-05, 0.00016913247236516327, 0.00018643424846231937, 8.188965875888243e-05, 0.000280720938462764, 0.0005475658108480275], [0.00029938542866148055, 0.0022148657590150833, -0.000253960577538237, 0.000884845620021224, 0.00016011804109439254, 0.0011299385223537683, -0.0005722533678635955, 0.0003233808383811265, 0.0005964158335700631, -0.00045855573262088, 0.0008157092961482704, 0.0008445247658528388, 0.00029735680436715484], [0.0006874711834825575, -0.000253960577538237, 0.0031685044523328543, -0.000918378122150898, 0.0013579677324742079, -0.0001259571872651577, 0.0015977650182321668, -0.0003639907226897776, 0.0004526406992226839, 0.000624588574282825, -4.8991674702847376e-05, 0.0002839259395841509, 0.0006187500548548996], [0.0003490109520498663, 0.000884845620021224, -0.000918378122150898, 0.004679385107010603, -0.0013736875262111425, 0.0004530258884187788, 0.0018289316212758422, -0.001010068692266941, -0.0011906219879165292, -0.00042287539690732956, -1.6416086054960033e-06, 0.0010735722025856376, -0.0007930354331620038], [0.00019409901869948953, 0.00016011804109439254, 0.0013579677324742079, -0.0013736875262111425, 0.005616048816591501, -0.0002750752028077841, 0.00026557722594588995, 0.0006736049544997513, 0.0012191740097478032, 0.00035212267539463937, 0.002570750191807747, 0.00015005326713435352, 0.00116242584772408], [0.00015183039067778736, 0.0011299385223537683, -0.0001259571872651577, 0.0004530258884187788, -0.0002750752028077841, 0.005766265094280243, -0.0017042953986674547, 0.0005570977809838951, -8.935193909564987e-05, 0.0005215795827098191, -0.0008008734439499676, -0.0005095270462334156, -1.6608279111096635e-05], [0.00031543330987915397, -0.0005722533678635955, 0.0015977650182321668, 0.0018289316212758422, 0.00026557722594588995, -0.0017042953986674547, 0.00910908728837967, -0.002243867376819253, 0.0017994660884141922, -0.0005292429705150425, 0.0012431417126208544, 3.9488259062636644e-05, 0.0015074353432282805], [-7.125550473574549e-05, 0.0003233808383811265, -0.0003639907226897776, -0.001010068692266941, 0.0006736049544997513, 0.0005570977809838951, -0.002243867376819253, 0.012040923349559307, -0.0019464459037408233, -0.0002670453686732799, 9.829731425270438e-05, 0.002195229521021247, -7.117888162611052e-05], [0.00016913247236516327, 0.0005964158335700631, 0.0004526406992226839, -0.0011906219879165292, 0.0012191740097478032, -8.935193909564987e-05, 0.0017994660884141922, -0.0019464459037408233, 0.010347059927880764, -0.002695586299523711, 0.0013021939666941762, -0.0018755479250103235, 0.002377656288444996], [0.00018643424846231937, -0.00045855573262088, 0.000624588574282825, -0.00042287539690732956, 0.00035212267539463937, 0.0005215795827098191, -0.0005292429705150425, -0.0002670453686732799, -0.002695586299523711, 0.01265405397862196, -0.00424581952393055, 0.0014851079322397709, 0.0014542664866894484], [8.188965875888243e-05, 0.0008157092961482704, -4.8991674702847376e-05, -1.6416086054960033e-06, 0.002570750191807747, -0.0008008734439499676, 0.0012431417126208544, 9.829731425270438e-05, 0.0013021939666941762, -0.00424581952393055, 0.01442544162273407, -0.002603102708235383, -0.0008631524397060275], [0.000280720938462764, 0.0008445247658528388, 0.0002839259395841509, 0.0010735722025856376, 0.00015005326713435352, -0.0005095270462334156, 3.9488259062636644e-05, 0.002195229521021247, -0.0018755479250103235, 0.0014851079322397709, -0.002603102708235383, 0.008669756352901459, -0.002314687240868807], [0.0005475658108480275, 0.00029735680436715484, 0.0006187500548548996, -0.0007930354331620038, 0.00116242584772408, -1.6608279111096635e-05, 0.0015074353432282805, -7.117888162611052e-05, 0.002377656288444996, 0.0014542664866894484, -0.0008631524397060275, -0.002314687240868807, 0.013329949229955673]], "metadata.audio_properties.analysis.downmix": "mix", "metadata.audio_properties.codec": "mp3", "metadata.audio_properties.md5_encoded": "e9acc2cfb6e024bc9852119b109acf8c", "metadata.tags.file_name": "1182272048316289065.mp3", "metadata.version.essentia": "2.1-beta6-dev", "metadata.version.essentia_git_sha": "v2.1_beta5-1110-g77a6a954", "metadata.version.extractor": "music 2.0", "tonal.chords_key": "A", "tonal.chords_scale": "major", "tonal.key_edma.key": "A", "tonal.key_edma.scale": "minor", "tonal.key_krumhansl.key": "A", "tonal.key_krumhansl.scale": "minor", "tonal.key_temperley.key": "A", "tonal.key_temperley.scale": "minor", "metadata.tags.encoding": ["Lavf58.45.100"]}, "