{"song_id": "1182277185080397854", "download": "https://cdn.discordapp.com/attachments/1135911532732108921/1182277185080397854/chirp.mp4?ex=65841c6e&amp", "lyrics": "[Verse]\n\u0428\u0430\u043a\u0430\u043b \u0437\u0430\u0448\u0430\u043a\u0430\u043b\u0438\u043b \u0431\u044b\u043a\u043e\u0432 \u044b\u044b\u044b\u044b \u044b\u044b\u044b \u044b\u044b\u044b \u0443\u0443\u0443\u0443\u0443\u0443\n\u041f\u043e \u0431\u044b\u0447\u044c\u0438 \u043f\u043e\u0431\u044b\u043a\u0443\u0435\u043c \u0431\u044b\u0447\u0430\u0440\u044b. \u043c\u0443\u0443\u0443 \u044b\u044b\u044b \u0443\u0443\u0443 \u0430\u0430\u0430\n\u041e\u0442\u0437\u044b\u0432\u0430 \u043d\u0435\u0442, \u0438\u0434\u0435\u043c \u0434\u043e \u043a\u043e\u043d\u0446\u0430, \u0440\u044b\u0447\u0438\u043c \u0434\u043e \u0434\u043d\u0430\n\u0421\u043c\u0435\u0440\u0442\u044c \u0438 \u043a\u0440\u043e\u0432\u044c, \u043d\u0430\u0448\u0430 \u043f\u043e\u0434\u043b\u0438\u043d\u043d\u0430\u044f \u0441\u0443\u0442\u044c, \u043e\u0433\u043e\u043d\u044c \u0432 \u0433\u043b\u0430\u0437\u0430\u0445\n\n[Chorus]\n\u0418\u0438\u0438\u0438\u0438\u0438 \u0438\u0438\u0438\u0438\u0438\u0438, death metal \u0432 \u0441\u0435\u0440\u0434\u0446\u0435 \u0437\u0432\u0443\u0447\u0438\u0442\n\u0413\u0440\u043e\u0445\u043e\u0447\u0443\u0449\u0438\u0435 \u0440\u0438\u0444\u0444\u044b, \u044f\u0440\u043e\u0441\u0442\u044c \u0440\u0430\u0441\u043f\u0430\u043b\u0435\u043d\u043d\u0430\u044f \u0432\u043d\u0443\u0442\u0440\u0438\n\u0411\u0435\u0448\u0435\u043d\u044b\u0439 \u0442\u0435\u043c\u043f, \u0431\u0435\u0437\u0443\u043c\u0438\u0435 \u0441\u043c\u0435\u0440\u0442\u0438 \u043d\u0430\u0448\u0435\u0439 \u043f\u0435\u0441\u043d\u0435\u0439 \u0432\u0435\u0435\u0442\n\u0428\u0430\u043a\u0430\u043b\u044b \u0438 \u0431\u044b\u043a\u0438 \u0432 \u0443", "style": ["extremely hardcore death metal"], "essentia_features": {"lowlevel.average_loudness": 0.8502436876296997, "lowlevel.barkbands_crest.mean": 14.126019477844238, "lowlevel.barkbands_crest.stdev": 5.432461261749268, "lowlevel.barkbands_flatness_db.mean": 0.2308003455400467, "lowlevel.barkbands_flatness_db.stdev": 0.06807558983564377, "lowlevel.barkbands_kurtosis.mean": 36.45253372192383, "lowlevel.barkbands_kurtosis.stdev": 91.48477935791016, "lowlevel.barkbands_skewness.mean": 3.5469586849212646, "lowlevel.barkbands_skewness.stdev": 3.7181413173675537, "lowlevel.barkbands_spread.mean": 15.60247802734375, "lowlevel.barkbands_spread.stdev": 22.424901962280273, "lowlevel.dissonance.mean": 0.4205264747142792, "lowlevel.dissonance.stdev": 0.050691407173871994, "lowlevel.dynamic_complexity": 3.5819733142852783, "lowlevel.erbbands_crest.mean": 14.07814884185791, "lowlevel.erbbands_crest.stdev": 6.270147800445557, "lowlevel.erbbands_flatness_db.mean": 0.19409647583961487, "lowlevel.erbbands_flatness_db.stdev": 0.05755990743637085, "lowlevel.erbbands_kurtosis.mean": 8.894240379333496, "lowlevel.erbbands_kurtosis.stdev": 16.596101760864258, "lowlevel.erbbands_skewness.mean": 1.55357825756073, "lowlevel.erbbands_skewness.stdev": 2.1605584621429443, "lowlevel.erbbands_spread.mean": 36.56625747680664, "lowlevel.erbbands_spread.stdev": 32.84743118286133, "lowlevel.hfc.mean": 24.158721923828125, "lowlevel.hfc.stdev": 44.31082534790039, "lowlevel.loudness_ebu128.integrated": -17.177356719970703, "lowlevel.loudness_ebu128.loudness_range": 6.259027481079102, "lowlevel.loudness_ebu128.momentary.mean": -18.041179656982422, "lowlevel.loudness_ebu128.momentary.stdev": 2.921557664871216, "lowlevel.loudness_ebu128.short_term.mean": -17.751821517944336, "lowlevel.loudness_ebu128.short_term.stdev": 1.8768583536148071, "lowlevel.melbands_crest.mean": 19.375402450561523, "lowlevel.melbands_crest.stdev": 7.488655090332031, "lowlevel.melbands_flatness_db.mean": 0.3173157274723053, "lowlevel.melbands_flatness_db.stdev": 0.0925387293100357, "lowlevel.melbands_kurtosis.mean": 72.25619506835938, "lowlevel.melbands_kurtosis.stdev": 123.5352783203125, "lowlevel.melbands_skewness.mean": 4.750227451324463, "lowlevel.melbands_skewness.stdev": 4.144073486328125, "lowlevel.melbands_spread.mean": 19.668378829956055, "lowlevel.melbands_spread.stdev": 44.69660568237305, "lowlevel.pitch_salience.mean": 0.4501549303531647, "lowlevel.pitch_salience.stdev": 0.18234670162200928, "lowlevel.silence_rate_20dB.mean": 0.9992743134498596, "lowlevel.silence_rate_20dB.stdev": 0.0269288569688797, "lowlevel.silence_rate_30dB.mean": 0.8715530037879944, "lowlevel.silence_rate_30dB.stdev": 0.3345881402492523, "lowlevel.silence_rate_60dB.mean": 0.11030478775501251, "lowlevel.silence_rate_60dB.stdev": 0.3132690489292145, "lowlevel.spectral_centroid.mean": 873.4473266601562, "lowlevel.spectral_centroid.stdev": 1181.7513427734375, "lowlevel.spectral_complexity.mean": 7.35268497467041, "lowlevel.spectral_complexity.stdev": 3.533027172088623, "lowlevel.spectral_decrease.mean": -1.140311134406602e-08, "lowlevel.spectral_decrease.stdev": 1.5942919873168648e-08, "lowlevel.spectral_energy.mean": 0.04522925987839699, "lowlevel.spectral_energy.stdev": 0.06090386211872101, "lowlevel.spectral_energyband_high.mean": 0.0018669860437512398, "lowlevel.spectral_energyband_high.stdev": 0.005419239867478609, "lowlevel.spectral_energyband_low.mean": 0.027051197364926338, "lowlevel.spectral_energyband_low.stdev": 0.05706610158085823, "lowlevel.spectral_energyband_middle_high.mean": 0.00069080461980775, "lowlevel.spectral_energyband_middle_high.stdev": 0.0016892467392608523, "lowlevel.spectral_energyband_middle_low.mean": 0.01621764339506626, "lowlevel.spectral_energyband_middle_low.stdev": 0.018456682562828064, "lowlevel.spectral_entropy.mean": 6.85589599609375, "lowlevel.spectral_entropy.stdev": 0.7689743041992188, "lowlevel.spectral_flux.mean": 0.09793213754892349, "lowlevel.spectral_flux.stdev": 0.10563027858734131, "lowlevel.spectral_kurtosis.mean": 7.805176258087158, "lowlevel.spectral_kurtosis.stdev": 8.171128273010254, "lowlevel.spectral_rms.mean": 0.005533838644623756, "lowlevel.spectral_rms.stdev": 0.0036746077239513397, "lowlevel.spectral_rolloff.mean": 1729.3782958984375, "lowlevel.spectral_rolloff.stdev": 3352.794921875, "lowlevel.spectral_skewness.mean": 2.1176509857177734, "lowlevel.spectral_skewness.stdev": 1.1289795637130737, "lowlevel.spectral_spread.mean": 6367313.5, "lowlevel.spectral_spread.stdev": 3287583.75, "lowlevel.spectral_strongpeak.mean": 1.1147760152816772, "lowlevel.spectral_strongpeak.stdev": 1.3423066139221191, "lowlevel.zerocrossingrate.mean": 0.07155481725931168, "lowlevel.zerocrossingrate.stdev": 0.09377790242433548, "metadata.audio_properties.analysis.equal_loudness": 0.0, "metadata.audio_properties.analysis.length": 31.957324981689453, "metadata.audio_properties.analysis.sample_rate": 44100.0, "metadata.audio_properties.analysis.start_time": 0.0, "metadata.audio_properties.bit_rate": 123583.0, "metadata.audio_properties.length": 31.957332611083984, "metadata.audio_properties.lossless": 0.0, "metadata.audio_properties.number_channels": 1.0, "metadata.audio_properties.replay_gain": -8.861562728881836, "metadata.audio_properties.sample_rate": 48000.0, "rhythm.beats_count": 59.0, "rhythm.beats_loudness.mean": 0.11818509548902512, "rhythm.beats_loudness.stdev": 0.049503032118082047, "rhythm.bpm": 112.89769744873047, "rhythm.bpm_histogram_first_peak_bpm": 112.0, "rhythm.bpm_histogram_first_peak_weight": 0.3272727131843567, "rhythm.bpm_histogram_second_peak_bpm": 103.0, "rhythm.bpm_histogram_second_peak_spread": 0.0, "rhythm.bpm_histogram_second_peak_weight": 0.0517241396009922, "rhythm.danceability": 1.3029860258102417, "rhythm.onset_rate": 4.065819263458252, "tonal.chords_changes_rate": 0.0260869562625885, "tonal.chords_number_rate": 0.007246376946568489, "tonal.chords_strength.mean": 0.5194469094276428, "tonal.chords_strength.stdev": 0.09006787836551666, "tonal.hpcp_crest.mean": 15.508347511291504, "tonal.hpcp_crest.stdev": 6.737201690673828, "tonal.hpcp_entropy.mean": 1.6809378862380981, "tonal.hpcp_entropy.stdev": 0.6264632940292358, "tonal.key_edma.strength": 0.8685811161994934, "tonal.key_krumhansl.strength": 0.8748260140419006, "tonal.key_temperley.strength": 0.8795158863067627, "tonal.tuning_diatonic_strength": 0.5978199243545532, "tonal.tuning_equal_tempered_deviation": 0.21098950505256653, "tonal.tuning_frequency": 434.193115234375, "tonal.tuning_nontempered_energy_ratio": 0.9834735989570618, "lowlevel.barkbands.mean": [0.001010216074064374, 0.017847472801804543, 0.007607529871165752, 0.0010795568814501166, 0.007949944585561752, 0.004883153829723597, 0.0008426294662058353, 0.0007933801971375942, 0.0006384687731042504, 0.00025688039022497833, 8.605680341133848e-05, 0.00011188082862645388, 3.3180691389134154e-05, 4.340958912507631e-05, 4.669524423661642e-05, 3.786533125094138e-05, 1.783513835107442e-05, 9.620326636650134e-06, 5.1643975893966854e-05, 3.0194549253792502e-05, 5.3691186622017995e-05, 0.00010966480476781726, 0.0008887147414498031, 0.0003374702064320445, 0.00019320430874358863, 0.00023819510533940047, 3.072828258154914e-05], "lowlevel.barkbands.stdev": [0.0022828502114862204, 0.03802498057484627, 0.02227315492928028, 0.0032550841569900513, 0.014088316820561886, 0.008709674701094627, 0.0010184025159105659, 0.002586331684142351, 0.0009296929929405451, 0.0009159498731605709, 0.0006303208647295833, 0.00047338794684037566, 0.00018619468028191477, 0.0001926570403156802, 0.00016156802303157747, 0.00016242251149378717, 7.356163405347615e-05, 2.5094757802435197e-05, 0.0001457415783079341, 0.00013545177353080362, 0.00027125931228511035, 0.0005346129764802754, 0.0031210770830512047, 0.0010027651442214847, 0.0006086896173655987, 0.0006371969939209521, 6.580491026397794e-05], "lowlevel.erbbands.mean": [0.5286737680435181, 3.8891870975494385, 9.640738487243652, 5.3885674476623535, 4.742475509643555, 29.49459457397461, 68.15266418457031, 27.264429092407227, 15.56374740600586, 10.314628601074219, 19.44803237915039, 15.456262588500977, 8.366300582885742, 8.491471290588379, 3.7700865268707275, 4.049066066741943, 1.5353646278381348, 2.198629140853882, 2.8191921710968018, 2.12363338470459, 1.981262445449829, 0.8816736340522766, 0.4800013601779938, 1.8168505430221558, 2.4606382846832275, 1.4183541536331177, 2.3343441486358643, 1.6322320699691772, 3.2524189949035645, 13.71442699432373, 26.420156478881836, 10.424671173095703, 5.311156272888184, 3.1323466300964355, 0.7647271156311035, 0.41361382603645325, 0.5588683485984802, 0.15687072277069092, 0.003325155470520258, 0.00013534548634197563], "lowlevel.erbbands.stdev": [1.2424715757369995, 9.022479057312012, 26.878259658813477, 16.241758346557617, 9.60018539428711, 60.47591781616211, 118.4453353881836, 65.10595703125, 24.911745071411133, 17.645008087158203, 51.349735260009766, 22.78857421875, 18.991575241088867, 33.06791305541992, 16.309446334838867, 14.591893196105957, 7.228177547454834, 6.463935375213623, 12.629461288452148, 9.563719749450684, 6.670262336730957, 2.9152746200561523, 1.1289526224136353, 4.760720252990723, 8.159611701965332, 6.0239739418029785, 11.39041805267334, 8.483017921447754, 16.48436164855957, 51.028114318847656, 92.6286392211914, 35.14698028564453, 15.84548568725586, 10.33920669555664, 2.5544071197509766, 1.5592015981674194, 1.444867491722107, 0.37023988366127014, 0.007340783253312111, 0.0002147759369108826], "lowlevel.gfcc.mean": [-63.72966766357422, 77.72480773925781, -51.97187805175781, 6.995425701141357, -78.07225036621094, -0.11490803956985474, -43.78660583496094, 2.2680530548095703, -17.642004013061523, -0.22490078210830688, -10.40338134765625, 3.906930446624756, -7.8666205406188965], "lowlevel.melbands.mean": [0.004798955749720335, 0.004915883298963308, 0.0009160104673355818, 0.0010775976115837693, 0.002293545287102461, 0.00064470135839656, 0.0002294474543305114, 0.0001253144582733512, 0.00015373487258329988, 8.888740558177233e-05, 4.110763256903738e-05, 3.671056401799433e-05, 1.2377024177112617e-05, 1.4031083082954865e-05, 4.689912202593405e-06, 3.9201831896207295e-06, 3.8092071008577477e-06, 4.642051862902008e-06, 2.9512575565604493e-06, 2.5546407869114773e-06, 2.364841520829941e-06, 1.0064181878988165e-06, 4.1476300793874543e-07, 4.7183283413687604e-07, 1.5452101251867134e-06, 2.1087519144202815e-06, 1.301465431424731e-06, 8.167540386239125e-07, 1.358923441330262e-06, 1.4669071788375732e-06, 7.289355608008918e-07, 1.2234781934239436e-06, 3.1988261071091983e-06, 9.894562026602216e-06, 1.5936031559249386e-05, 1.2563090422190726e-05, 4.144730610278202e-06, 3.505747827148298e-06, 4.172175522398902e-06, 1.958613893293659e-06], "lowlevel.melbands.stdev": [0.010240708477795124, 0.012647534720599651, 0.002569034695625305, 0.002071232534945011, 0.003863039193674922, 0.0014143084408715367, 0.0003694208280649036, 0.00032193693914450705, 0.00034650880843400955, 0.0001335189735982567, 0.0001029973936965689, 0.00014155943063087761, 6.672559538856149e-05, 6.265299452934414e-05, 2.2573000023839995e-05, 1.8633769286680035e-05, 1.1776803148677573e-05, 2.408554792054929e-05, 9.96044764178805e-06, 1.3402879631030373e-05, 8.796989277470857e-06, 3.8069663332862547e-06, 1.1253922593823518e-06, 1.2369440582915558e-06, 4.132042704441119e-06, 6.609771389776142e-06, 5.313426754582906e-06, 3.6722769891639473e-06, 6.515600944112521e-06, 7.528517926402856e-06, 4.063034339196747e-06, 6.7347205003898125e-06, 1.6134985344251618e-05, 3.713582191267051e-05, 5.579804928856902e-05, 4.655131488107145e-05, 1.3710853636439424e-05, 1.0796179594763089e-05, 1.3930864952271804e-05, 6.606026545341592e-06], "lowlevel.melbands128.mean": [0.0009260846418328583, 0.004218969494104385, 0.00607464462518692, 0.006598280277103186, 0.005864119157195091, 0.0030944817699491978, 0.0010416401783004403, 0.00046443549217656255, 0.00030608486849814653, 0.0007447152165696025, 0.0016896852757781744, 0.0027283653616905212, 0.0029214220121502876, 0.001181560568511486, 0.0005343545926734805, 0.00044354633428156376, 0.00017486285651102662, 0.00029350901604630053, 0.0001324098848272115, 7.741381705272943e-05, 0.00012588595564011484, 0.00024326260609086603, 0.0001225285668624565, 0.00011190949589945376, 0.00013456532906275243, 4.701580837718211e-05, 7.56054068915546e-05, 1.82417752512265e-05, 3.636497785919346e-05, 5.84775407332927e-05, 2.6414414605824277e-05, 1.7047706933226436e-05, 1.2692650670942385e-05, 5.327213330019731e-06, 1.787068322300911e-05, 1.656494350754656e-05, 9.371147825731896e-06, 3.6223025290382793e-06, 2.39230894294451e-06, 2.12653912967653e-06, 4.098013505426934e-06, 7.087958692864049e-06, 3.4654726732696872e-06, 2.1140058379387483e-06, 3.954200110456441e-06, 6.013131496729329e-06, 4.4978346522839274e-06, 2.5744895992829697e-06, 1.8654214954949566e-06, 4.0701906982576475e-06, 2.2671472379443003e-06, 1.4006093351781601e-06, 3.136237637590966e-06, 2.3471081931347726e-06, 1.8064940832118737e-06, 6.838010904175462e-07, 5.758445809078694e-07, 5.167553354112897e-07, 3.262978793827642e-07, 2.6934802122013934e-07, 3.827397563327395e-07, 6.483211336671957e-07, 1.0612743608362507e-06, 1.8674170405574841e-06, 2.243023800474475e-06, 2.2846213596494636e-06, 1.9625788354460383e-06, 1.5741272818559082e-06, 1.1879475323439692e-06, 8.710049996807356e-07, 7.253755711644772e-07, 7.769028798065847e-07, 1.0388150712969946e-06, 1.5871745517870295e-06, 1.518852968729334e-06, 1.912055722641526e-06, 1.2313014394749189e-06, 7.047128178783169e-07, 8.20593015760096e-07, 4.4280679389885336e-07, 8.970490057436109e-07, 1.406487626809394e-06, 2.38333927882195e-06, 3.298668161733076e-06, 3.6369669942359906e-06, 6.684891559416428e-06, 1.29807540361071e-05, 1.4709105926158372e-05, 1.5133543456613552e-05, 1.8073424143949524e-05, 1.6615495042060502e-05, 1.1139213711430784e-05, 5.613739631371573e-06, 3.4824151953216642e-06, 3.101033144048415e-06, 4.5016754484095145e-06, 2.7503754154167837e-06, 3.4008494367299136e-06, 4.570922556013102e-06, 4.684803116106195e-06, 3.304447091068141e-06, 1.216912437485007e-06, 6.009333333167888e-07, 9.823928621699451e-07, 9.183396514345077e-07, 6.610003993046121e-07, 6.057188670638425e-07, 5.121852382217185e-07, 6.707838338115835e-07, 5.279297852212039e-07, 1.1101769814558793e-06, 1.4954235894037993e-06, 2.2419601464207517e-06, 2.244573579446296e-06, 1.914780796141713e-06, 2.1131481844349764e-06, 1.2823435326936306e-06, 1.1664363341878925e-07, 1.841210517383729e-09, 9.07229413121824e-12, 8.485478812658709e-12, 8.101011181316231e-12, 7.815441002700929e-12, 7.518765124392424e-12, 7.003004079408903e-12, 6.320288042926947e-12, 5.963266772740505e-12, 5.8831641815138e-12], "lowlevel.melbands128.stdev": [0.002137129893526435, 0.010987690649926662, 0.0140604879707098, 0.016519639641046524, 0.01616567373275757, 0.009291703812777996, 0.0033899308182299137, 0.0013013703282922506, 0.0009568732348270714, 0.0016288651386275887, 0.004346237052232027, 0.0057347915135324, 0.0055740708485245705, 0.0026264297775924206, 0.0016682747518643737, 0.001970939803868532, 0.0004729156498797238, 0.0003817425749730319, 0.00016562375822104514, 0.00012844197044614702, 0.0006084756460040808, 0.0009429507772438228, 0.00026521203108131886, 0.00021861704590264708, 0.0002505991142243147, 0.000130704342154786, 0.00016937362670432776, 9.521355968900025e-05, 0.00021048376220278442, 0.00021925830515101552, 0.00017749954713508487, 0.00015940124285407364, 7.107976853149012e-05, 4.186064688838087e-05, 0.00011127581092296168, 8.289440302178264e-05, 2.4768429284449667e-05, 3.446745176916011e-05, 2.201910683652386e-05, 1.7062182450899854e-05, 3.2531421311432496e-05, 2.4513266907888465e-05, 1.3047535503574181e-05, 1.2019371752103325e-05, 3.8124813727336004e-05, 3.655878754216246e-05, 2.4297689378727227e-05, 1.2619404515135102e-05, 5.073065040051006e-06, 3.2740761525928974e-05, 1.3725531061936636e-05, 5.965713171462994e-06, 1.4636625564889982e-05, 1.1355551578162704e-05, 1.0590390047582332e-05, 2.1142702735232888e-06, 3.7653649087587837e-06, 1.437587457076006e-06, 8.486827596243529e-07, 9.493175525676634e-07, 1.1857694062200608e-06, 2.155076117560384e-06, 4.015003923996119e-06, 5.407976004789816e-06, 7.58512351239915e-06, 9.245735782315023e-06, 7.934522727737203e-06, 6.070216386433458e-06, 6.195243713591481e-06, 4.421250196173787e-06, 3.0704079563292908e-06, 3.6178028040012578e-06, 5.616308044409379e-06, 7.582749731227523e-06, 7.643805474799592e-06, 1.1576011274883058e-05, 5.24071765539702e-06, 4.305192305764649e-06, 5.4699330576113425e-06, 2.401437086518854e-06, 6.365808076225221e-06, 7.397515673801536e-06, 1.3959178431832697e-05, 1.901491305034142e-05, 1.7323460269835778e-05, 2.8607897547772154e-05, 5.219327431404963e-05, 5.5511711252620444e-05, 5.606181002804078e-05, 6.812874198658392e-05, 6.742189725628123e-05, 4.451482527656481e-05, 2.0547331587295048e-05, 1.3123300050210673e-05, 1.1416044799261726e-05, 1.5175959561020136e-05, 9.392852007295005e-06, 1.2471573427319527e-05, 1.5021301805973053e-05, 1.769790833350271e-05, 1.2408391739882063e-05, 4.230930244375486e-06, 2.392648184468271e-06, 3.795630391323357e-06, 3.5538475913199363e-06, 2.7739349661715096e-06, 2.949408099084394e-06, 2.577524583102786e-06, 3.2325640404451406e-06, 2.3976274405868025e-06, 4.4853100007458124e-06, 4.894932772003813e-06, 5.944380518485559e-06, 5.575876912189415e-06, 5.1763513511104975e-06, 5.902367774979211e-06, 2.7336845960235223e-06, 4.2678794898165506e-07, 4.2295642543876966e-08, 5.7149902865649693e-11, 5.366750793767139e-11, 4.9975842908445145e-11, 4.7388891422084356e-11, 4.2359685203940955e-11, 3.0449118920694573e-11, 1.5834507316458968e-11, 1.222011207502316e-11, 1.2079255998220795e-11], "lowlevel.mfcc.mean": [-732.6466674804688, 127.57628631591797, 60.467586517333984, 7.532066345214844, -0.7381484508514404, -10.284958839416504, -11.314802169799805, -3.9596550464630127, -12.284299850463867, 10.860367774963379, -12.314722061157227, -5.64699125289917, 1.5229849815368652], "lowlevel.spectral_contrast_coeffs.mean": [-0.6019831895828247, -0.7375285625457764, -0.7594205737113953, -0.8160896301269531, -0.8003173470497131, -0.7723492980003357], "lowlevel.spectral_contrast_coeffs.stdev": [0.12925668060779572, 0.07269944250583649, 0.072117879986763, 0.05133316293358803, 0.05221286788582802, 0.053768184036016464], "lowlevel.spectral_contrast_valleys.mean": [-7.395639419555664, -7.085371494293213, -8.536493301391602, -9.066824913024902, -9.092124938964844, -10.930403709411621], "lowlevel.spectral_contrast_valleys.stdev": [1.3445262908935547, 0.9197701215744019, 0.8405858278274536, 0.8063461184501648, 0.8961716294288635, 1.244081735610962], "rhythm.beats_loudness_band_ratio.mean": [0.8301709890365601, 0.10724454373121262, 0.039543621242046356, 0.005665418226271868, 0.0015446249162778258, 0.020748738199472427], "rhythm.beats_loudness_band_ratio.stdev": [0.2104867398738861, 0.1496240496635437, 0.08162066340446472, 0.010403590276837349, 0.0034925995860248804, 0.05311327427625656], "tonal.hpcp.mean": [0.26704517006874084, 0.2867703437805176, 0.06948578357696533, 0.01583445630967617, 0.020920244976878166, 0.035537831485271454, 0.12291201949119568, 0.14321933686733246, 0.06136539205908775, 0.03843362256884575, 0.040499694645404816, 0.04046005383133888, 0.07325834035873413, 0.11519356071949005, 0.13208454847335815, 0.30295974016189575, 0.30263787508010864, 0.09178052097558975, 0.03377334401011467, 0.020126067101955414, 0.027482831850647926, 0.1308239847421646, 0.16706864535808563, 0.07671568542718887, 0.04084085673093796, 0.03512721508741379, 0.03724273666739464, 0.13806527853012085, 0.17864860594272614, 0.09730219095945358, 0.09631804376840591, 0.08373324573040009, 0.039774518460035324, 0.03957812860608101, 0.04583650082349777, 0.06553453952074051], "tonal.hpcp.stdev": [0.3339369297027588, 0.36120256781578064, 0.12309318035840988, 0.0885225385427475, 0.10831204801797867, 0.142034113407135, 0.23286393284797668, 0.2579832673072815, 0.1539420783519745, 0.14785005152225494, 0.15630333125591278, 0.16085749864578247, 0.19927091896533966, 0.2702401280403137, 0.2699839770793915, 0.3543734550476074, 0.368651807308197, 0.20160001516342163, 0.14524170756340027, 0.09663039445877075, 0.11810962855815887, 0.2301633208990097, 0.2881282866001129, 0.17977750301361084, 0.1452614665031433, 0.13470198214054108, 0.15146175026893616, 0.2471947968006134, 0.31200113892555237, 0.19274167716503143, 0.21773816645145416, 0.1952127367258072, 0.13707676529884338, 0.15605176985263824, 0.16736173629760742, 0.1752895712852478], "rhythm.beats_position": [0.5688889026641846, 1.1493877172470093, 1.729886531829834, 2.3103854656219482, 2.8560543060302734, 3.4017233848571777, 3.947392225265503, 4.481451034545898, 5.015510082244873, 5.537959098815918, 6.060408115386963, 6.5944671630859375, 7.128525733947754, 7.6625847816467285, 8.196643829345703, 8.71909236907959, 9.241541862487793, 9.77560043334961, 10.309659957885742, 10.843718528747559, 11.377777099609375, 11.911836624145508, 12.445895195007324, 12.968344688415527, 13.490793228149414, 14.024852752685547, 14.558911323547363, 15.09296989440918, 15.627029418945312, 16.161088943481445, 16.695146560668945, 17.229206085205078, 17.75165557861328, 18.28571319580078, 18.808162689208984, 19.342222213745117, 19.87628173828125, 20.41033935546875, 20.944398880004883, 21.466848373413086, 21.989295959472656, 22.52335548400879, 23.057415008544922, 23.591472625732422, 24.125532150268555, 24.647981643676758, 25.17043113708496, 25.70448875427246, 26.238548278808594, 26.772607803344727, 27.306665420532227, 27.84072494506836, 28.374784469604492, 28.908842086791992, 29.431291580200195, 29.9537410736084, 30.48780059814453, 31.0102481842041, 31.544307708740234], "rhythm.bpm_histogram": [0.0, 0.0, 0.0, 0.0, 0.0, 0.0, 0.0, 0.0, 0.0, 0.0, 0.0, 0.0, 0.0, 0.0, 0.0, 0.0, 0.0, 0.0, 0.0, 0.0, 0.0, 0.0, 0.0, 0.0, 0.0, 0.0, 0.0, 0.0, 0.0, 0.0, 0.0, 0.0, 0.0, 0.0, 0.0, 0.0, 0.0, 0.0, 0.0, 0.0, 0.0, 0.0, 0.0, 0.0, 0.0, 0.0, 0.0, 0.0, 0.0, 0.0, 0.0, 0.0, 0.0, 0.0, 0.0, 0.0, 0.0, 0.0, 0.0, 0.0, 0.0, 0.0, 0.0, 0.0, 0.0, 0.0, 0.0, 0.0, 0.0, 0.0, 0.0, 0.0, 0.0, 0.0, 0.0, 0.0, 0.0, 0.0, 0.0, 0.0, 0.0, 0.0, 0.0, 0.0, 0.0, 0.0, 0.0, 0.0, 0.0, 0.0, 0.0, 0.0, 0.0, 0.0, 0.0, 0.0, 0.0, 0.0, 0.0, 0.0, 0.0, 0.0, 0.0, 0.0517241396009922, 0.0, 0.0, 0.0, 0.0, 0.0, 0.0, 0.0517241396009922, 0.0, 0.6379310488700867, 0.0, 0.0, 0.2586206793785095, 0.0, 0.0, 0.0, 0.0, 0.0, 0.0, 0.0, 0.0, 0.0, 0.0, 0.0, 0.0, 0.0, 0.0, 0.0, 0.0, 0.0, 0.0, 0.0, 0.0, 0.0, 0.0, 0.0, 0.0, 0.0, 0.0, 0.0, 0.0, 0.0, 0.0, 0.0, 0.0, 0.0, 0.0, 0.0, 0.0, 0.0, 0.0, 0.0, 0.0, 0.0, 0.0, 0.0, 0.0, 0.0, 0.0, 0.0, 0.0, 0.0, 0.0, 0.0, 0.0, 0.0, 0.0, 0.0, 0.0, 0.0, 0.0, 0.0, 0.0, 0.0, 0.0, 0.0, 0.0, 0.0, 0.0, 0.0, 0.0, 0.0, 0.0, 0.0, 0.0, 0.0, 0.0, 0.0, 0.0, 0.0, 0.0, 0.0, 0.0, 0.0, 0.0, 0.0, 0.0, 0.0, 0.0, 0.0, 0.0, 0.0, 0.0, 0.0, 0.0, 0.0, 0.0, 0.0, 0.0, 0.0, 0.0, 0.0, 0.0, 0.0, 0.0, 0.0, 0.0, 0.0, 0.0, 0.0, 0.0, 0.0, 0.0, 0.0, 0.0, 0.0, 0.0, 0.0, 0.0, 0.0, 0.0, 0.0, 0.0, 0.0, 0.0, 0.0, 0.0, 0.0, 0.0, 0.0, 0.0, 0.0, 0.0, 0.0, 0.0, 0.0, 0.0], "tonal.chords_histogram": [36.5217399597168, 0.0, 49.4202880859375, 8.260869979858398, 0.28985506296157837, 0.0, 0.0, 0.0, 0.0, 0.0, 0.0, 0.0, 0.0, 0.0, 0.0, 0.0, 0.0, 0.0, 0.0, 2.7536232471466064, 0.0, 0.0, 0.0, 2.7536232471466064], "tonal.thpcp": [1.0, 0.9989376068115234, 0.3029462695121765, 0.11147799342870712, 0.06643149256706238, 0.0907144695520401, 0.43181970715522766, 0.5514549612998962, 0.25322073698043823, 0.13480621576309204, 0.11594680696725845, 0.1229296550154686, 0.45572152733802795, 0.5896776914596558, 0.3211720287799835, 0.31792357563972473, 0.27638405561447144, 0.13128648698329926, 0.1306382417678833, 0.15129567682743073, 0.21631434559822083, 0.8814542889595032, 0.9465625286102295, 0.22935649752616882, 0.05226587504148483, 0.06905288994312286, 0.11730215698480606, 0.405704140663147, 0.47273388504981995, 0.20255295932292938, 0.12686049938201904, 0.13368012011051178, 0.1335492730140686, 0.24180883169174194, 0.38022729754447937, 0.43598052859306335], "lowlevel.gfcc.cov": [[6773.26513671875, -953.7682495117188, 1152.0482177734375, 898.0715942382812, 54.384944915771484, 451.45587158203125, 193.1020050048828, 37.337615966796875, -50.03712844848633, 110.6390380859375, 65.64008331298828, 42.074546813964844, -186.8189239501953], [-953.7682495117188, 3967.986083984375, -1199.746826171875, -478.3059997558594, 818.8538208007812, -82.96891784667969, 324.5420227050781, 51.91011428833008, 174.1292724609375, -204.72267150878906, 191.12998962402344, -259.1935119628906, 171.88516235351562], [1152.0482177734375, -1199.746826171875, 1786.91845703125, 723.8152465820312, 37.78184127807617, 491.41180419921875, 252.5390167236328, 117.82679748535156, 135.58946228027344, 109.42323303222656, 10.712294578552246, 113.2803955078125, -220.3888397216797], [898.0715942382812, -478.3059997558594, 723.8152465820312, 855.7570190429688, 271.20074462890625, 246.21688842773438, 217.31796264648438, 134.93106079101562, 149.7142333984375, 75.67845916748047, 17.222028732299805, 24.216440200805664, -72.7933578491211], [54.384944915771484, 818.8538208007812, 37.78184127807617, 271.20074462890625, 680.5833129882812, 170.08004760742188, 221.7064971923828, 148.5196075439453, 101.93838500976562, -17.80152130126953, 68.29757690429688, -24.917858123779297, 36.87129592895508], [451.45587158203125, -82.96891784667969, 491.41180419921875, 246.21688842773438, 170.08004760742188, 421.8177185058594, 253.67481994628906, 78.7274398803711, 114.7894058227539, 93.1407470703125, 38.21071243286133, 15.430159568786621, -53.824424743652344], [193.1020050048828, 324.5420227050781, 252.5390167236328, 217.31796264648438, 221.7064971923828, 253.67481994628906, 355.69012451171875, 109.31928253173828, 120.98646545410156, 89.96676635742188, 85.2060317993164, -4.610696792602539, -24.72480010986328], [37.337615966796875, 51.91011428833008, 117.82679748535156, 134.93106079101562, 148.5196075439453, 78.7274398803711, 109.31928253173828, 204.35995483398438, 124.98072052001953, 41.219356536865234, 31.01820945739746, 24.732912063598633, -3.440431833267212], [-50.03712844848633, 174.1292724609375, 135.58946228027344, 149.7142333984375, 101.93838500976562, 114.7894058227539, 120.98646545410156, 124.98072052001953, 259.7655029296875, 57.1035270690918, 39.57238006591797, 1.7410417795181274, 0.7208034992218018], [110.6390380859375, -204.72267150878906, 109.42323303222656, 75.67845916748047, -17.80152130126953, 93.1407470703125, 89.96676635742188, 41.219356536865234, 57.1035270690918, 146.4413299560547, 34.61507797241211, 20.431903839111328, 3.7351791858673096], [65.64008331298828, 191.12998962402344, 10.712294578552246, 17.222028732299805, 68.29757690429688, 38.21071243286133, 85.2060317993164, 31.01820945739746, 39.57238006591797, 34.61507797241211, 129.86521911621094, 32.545372009277344, 30.84724998474121], [42.074546813964844, -259.1935119628906, 113.2803955078125, 24.216440200805664, -24.917858123779297, 15.430159568786621, -4.610696792602539, 24.732912063598633, 1.7410417795181274, 20.431903839111328, 32.545372009277344, 123.67825317382812, 29.796810150146484], [-186.8189239501953, 171.88516235351562, -220.3888397216797, -72.7933578491211, 36.87129592895508, -53.824424743652344, -24.72480010986328, -3.440431833267212, 0.7208034992218018, 3.7351791858673096, 30.84724998474121, 29.796810150146484, 137.77432250976562]], "lowlevel.gfcc.icov": [[0.0001945130352396518, -3.854106034850702e-05, -1.636684282857459e-05, -0.0002477141679264605, 0.00011576606630114838, -0.00022150948643684387, 0.00018100440502166748, -6.349888280965388e-05, 0.00025588864809833467, -5.687438533641398e-05, -0.00020020987722091377, 1.9164055629516952e-05, 0.00010904059308813885], [-3.854106034850702e-05, 0.0009827854810282588, 0.0002794184547383338, 0.0007626250735484064, -0.0010022565256804228, 0.0004462706274352968, -0.0012535247951745987, 0.0005682565970346332, -0.0009343153215013444, 0.0013826979557052255, -0.0008052314515225589, 0.0013270842609927058, -0.0003359834954608232], [-1.636684282857459e-05, 0.0002794184547383338, 0.0016483183717355132, -0.000750184350181371, 0.00016109624993987381, -0.0012363570276647806, -0.00012464009341783822, 0.00010328232747269794, -0.00022201312822289765, 0.000681004545185715, -0.0003433884703554213, -0.0010154807241633534, 0.0016028505051508546], [-0.0002477141679264605, 0.0007626250735484064, -0.000750184350181371, 0.0031706762965768576, -0.0017454824410378933, 0.001173133379779756, -0.0015493023674935102, 0.00047174381325021386, -0.0014731795527040958, 0.00039985295734368265, 0.00030009073088876903, 0.0010846975492313504, -0.0004578546795528382], [0.00011576606630114838, -0.0010022565256804228, 0.00016109624993987381, -0.0017454824410378933, 0.0038904037792235613, -0.0015277595957741141, 0.0004225586890242994, -0.002153473673388362, 0.0014833135064691305, 0.0005964692682027817, -3.6054145311936736e-05, -0.00044366478687152267, -0.0007930123247206211], [-0.00022150948643684387, 0.0004462706274352968, -0.0012363570276647806, 0.001173133379779756, -0.0015277595957741141, 0.00661646481603384, -0.003817668417468667, 0.0014139931881800294, -0.001545267878100276, -0.0010401478502899408, 0.0011378290364518762, 0.0002855900092981756, -0.00015133792476262897], [0.00018100440502166748, -0.0012535247951745987, -0.00012464009341783822, -0.0015493023674935102, 0.0004225586890242994, -0.003817668417468667, 0.009086930193006992, -0.00193401041906327, 0.001171918585896492, -0.0034682154655456543, -0.0023623942397534847, -0.00014765356900170445, 0.0014180175494402647], [-6.349888280965388e-05, 0.0005682565970346332, 0.00010328232747269794, 0.00047174381325021386, -0.002153473673388362, 0.0014139931881800294, -0.00193401041906327, 0.009086087346076965, -0.003949201200157404, -0.0003608929109759629, 0.00044526581768877804, -0.0016989413416013122, 0.0009261348168365657], [0.00025588864809833467, -0.0009343153215013444, -0.00022201312822289765, -0.0014731795527040958, 0.0014833135064691305, -0.001545267878100276, 0.001171918585896492, -0.003949201200157404, 0.0074075921438634396, -0.0018251676810905337, -0.0004016074526589364, 0.00018280853691976517, -0.0004487351980060339], [-5.687438533641398e-05, 0.0013826979557052255, 0.000681004545185715, 0.00039985295734368265, 0.0005964692682027817, -0.0010401478502899408, -0.0034682154655456543, -0.0003608929109759629, -0.0018251676810905337, 0.012171460315585136, -0.0023934494238346815, 0.0014875310007482767, -0.0018051831284537911], [-0.00020020987722091377, -0.0008052314515225589, -0.0003433884703554213, 0.00030009073088876903, -3.6054145311936736e-05, 0.0011378290364518762, -0.0023623942397534847, 0.00044526581768877804, -0.0004016074526589364, -0.0023934494238346815, 0.012239053845405579, -0.004175539594143629, -0.0013865388464182615], [1.9164055629516952e-05, 0.0013270842609927058, -0.0010154807241633534, 0.0010846975492313504, -0.00044366478687152267, 0.0002855900092981756, -0.00014765356900170445, -0.0016989413416013122, 0.00018280853691976517, 0.0014875310007482767, -0.004175539594143629, 0.013745506294071674, -0.004598749335855246], [0.00010904059308813885, -0.0003359834954608232, 0.0016028505051508546, -0.0004578546795528382, -0.0007930123247206211, -0.00015133792476262897, 0.0014180175494402647, 0.0009261348168365657, -0.0004487351980060339, -0.0018051831284537911, -0.0013865388464182615, -0.004598749335855246, 0.011934359557926655]], "lowlevel.mfcc.cov": [[4978.357421875, -738.2877807617188, 685.0302734375, 443.82403564453125, 247.41748046875, 285.0528869628906, 284.5746765136719, 71.92803955078125, -96.2625503540039, 275.4122009277344, -85.0036392211914, -2.530856132507324, 130.84815979003906], [-738.2877807617188, 3522.631103515625, -1356.4644775390625, -174.51454162597656, 116.72703552246094, -65.59359741210938, 193.19444274902344, 123.7474594116211, 132.3372802734375, -122.42930603027344, 113.28201293945312, 157.95677185058594, -92.06541442871094], [685.0302734375, -1356.4644775390625, 1694.5201416015625, 205.26565551757812, 114.74312591552734, 344.06121826171875, 114.16048431396484, 175.16017150878906, 14.082930564880371, 248.31265258789062, 43.35477828979492, 107.96062469482422, 130.3540802001953], [443.82403564453125, -174.51454162597656, 205.26565551757812, 570.730224609375, 240.02398681640625, 146.1166229248047, 137.09487915039062, 144.98033142089844, 123.62403869628906, 66.08001708984375, 76.6928939819336, 63.25621795654297, 70.64043426513672], [247.41748046875, 116.72703552246094, 114.74312591552734, 240.02398681640625, 452.0982666015625, 82.15243530273438, 139.30897521972656, 168.6466827392578, 91.39527130126953, 97.29463958740234, 17.06416893005371, 37.87554931640625, 47.87485885620117], [285.0528869628906, -65.59359741210938, 344.06121826171875, 146.1166229248047, 82.15243530273438, 416.8641662597656, 188.34823608398438, 118.19631958007812, 118.19642639160156, 112.31829071044922, 97.12812042236328, 79.4696273803711, 40.4482307434082], [284.5746765136719, 193.19444274902344, 114.16048431396484, 137.09487915039062, 139.30897521972656, 188.34823608398438, 309.2266540527344, 123.42970275878906, 31.2928409576416, 125.54460906982422, 26.12614631652832, 45.075775146484375, 48.03006362915039], [71.92803955078125, 123.7474594116211, 175.16017150878906, 144.98033142089844, 168.6466827392578, 118.19631958007812, 123.42970275878906, 238.47952270507812, 105.17779541015625, 72.09758758544922, 74.47138214111328, 93.09809112548828, 72.009765625], [-96.2625503540039, 132.3372802734375, 14.082930564880371, 123.62403869628906, 91.39527130126953, 118.19642639160156, 31.2928409576416, 105.17779541015625, 239.66575622558594, 35.647193908691406, 128.94444274902344, 85.31485748291016, 48.053558349609375], [275.4122009277344, -122.42930603027344, 248.31265258789062, 66.08001708984375, 97.29463958740234, 112.31829071044922, 125.54460906982422, 72.09758758544922, 35.647193908691406, 212.3814697265625, 37.264366149902344, 41.9638786315918, 59.50743103027344], [-85.0036392211914, 113.28201293945312, 43.35477828979492, 76.6928939819336, 17.06416893005371, 97.12812042236328, 26.12614631652832, 74.47138214111328, 128.94444274902344, 37.264366149902344, 191.0418243408203, 96.01335906982422, 35.7215576171875], [-2.530856132507324, 157.95677185058594, 107.96062469482422, 63.25621795654297, 37.87554931640625, 79.4696273803711, 45.075775146484375, 93.09809112548828, 85.31485748291016, 41.9638786315918, 96.01335906982422, 171.29640197753906, 64.3637466430664], [130.84815979003906, -92.06541442871094, 130.3540802001953, 70.64043426513672, 47.87485885620117, 40.4482307434082, 48.03006362915039, 72.009765625, 48.053558349609375, 59.50743103027344, 35.7215576171875, 64.3637466430664, 130.57516479492188]], "lowlevel.mfcc.icov": [[0.0002515023807063699, 9.139151188719552e-06, -2.025799039984122e-05, -0.00018042395822703838, -4.0030259697232395e-05, -0.00012506151688285172, -3.52450915670488e-05, 0.00012207039981149137, 0.00020285672508180141, -0.00019272550707682967, 0.00012929519289173186, 1.8271230146638118e-05, -0.00015989090024959296], [9.139151188719552e-06, 0.0006061676540412009, 0.0005107267643325031, 0.00030123608303256333, -0.00018098675354849547, 1.88121175597189e-05, -0.0005309111438691616, -0.00033790606539696455, -4.0938026359071955e-05, 0.0001775841083144769, -7.705843745497987e-05, -0.0008233888074755669, 0.000548658543266356], [-2.025799039984122e-05, 0.0005107267643325031, 0.0014028135919943452, 3.8024980312911794e-05, -5.8026846090797335e-05, -0.0008834298350848258, 0.00042483987635932863, -0.0008578933193348348, 0.0006992561393417418, -0.0007909503765404224, 0.0001989517331821844, -0.0008781040087342262, 5.2706076530739665e-05], [-0.00018042395822703838, 0.00030123608303256333, 3.8024980312911794e-05, 0.002931133611127734, -0.0011679389281198382, -1.850718035711907e-05, -0.000901956926099956, -0.00021969975205138326, -0.0007629292085766792, 0.0009454046376049519, -0.0006715751951560378, -0.00014968989125918597, -0.00023618160048499703], [-4.0030259697232395e-05, -0.00018098675354849547, -5.8026846090797335e-05, -0.0011679389281198382, 0.003974098712205887, 0.0005168750649318099, -0.0002982279402203858, -0.002047379035502672, -0.0009652790031395853, -0.0011530719930306077, 0.001296307542361319, 0.0005666693323291838, 0.0004706444451585412], [-0.00012506151688285172, 1.88121175597189e-05, -0.0008834298350848258, -1.850718035711907e-05, 0.0005168750649318099, 0.005060731898993254, -0.002878983737900853, 0.000165853401995264, -0.0021198648028075695, 0.00013044952356722206, -0.0008733736467547715, -0.0002306592941749841, 0.001314204535447061], [-3.52450915670488e-05, -0.0005309111438691616, 0.00042483987635932863, -0.000901956926099956, -0.0002982279402203858, -0.002878983737900853, 0.007474843412637711, -0.0019715370144695044, 0.002101816004142165, -0.002931562950834632, 0.0008146752952598035, 0.000612909730989486, -0.0008987333276309073], [0.00012207039981149137, -0.00033790606539696455, -0.0008578933193348348, -0.00021969975205138326, -0.002047379035502672, 0.000165853401995264, -0.0019715370144695044, 0.009329213760793209, -0.0015347452135756612, 0.0008006779826246202, -0.0007125323172658682, -0.001539509859867394, -0.001951974700205028], [0.00020285672508180141, -4.0938026359071955e-05, 0.0006992561393417418, -0.0007629292085766792, -0.0009652790031395853, -0.0021198648028075695, 0.002101816004142165, -0.0015347452135756612, 0.008932537399232388, -0.0004200206894893199, -0.003775273449718952, -0.00037778905243612826, -0.001310488791204989], [-0.00019272550707682967, 0.0001775841083144769, -0.0007909503765404224, 0.0009454046376049519, -0.0011530719930306077, 0.00013044952356722206, -0.002931562950834632, 0.0008006779826246202, -0.0004200206894893199, 0.008384501561522484, -0.0013249095063656569, 5.609398795058951e-05, -0.0017160925781354308], [0.00012929519289173186, -7.705843745497987e-05, 0.0001989517331821844, -0.0006715751951560378, 0.001296307542361319, -0.0008733736467547715, 0.0008146752952598035, -0.0007125323172658682, -0.003775273449718952, -0.0013249095063656569, 0.01045760978013277, -0.0034298356622457504, 0.0006922620814293