{"song_id": "1182275737345085521", "download": "https://cdn.discordapp.com/attachments/1128313332273782784/1182275737345085521/chirp.mp4?ex=65841b15&amp", "lyrics": "[Verse]\nOn a path through the night they walked\nTheir hearts ablaze, their spirits talked\nThrough treacherous forests, they pressed ahead\nBound by fate, an oath they had said\n\n[Chorus]\nOh, fallen band, your tale we'll sing\nThrough trials and tears, forever we cling\nTo the memory of heroes so brave\nOn a doomed quest to a castle grave", "style": ["rap"], "essentia_features": {"lowlevel.average_loudness": 0.9028144478797913, "lowlevel.barkbands_crest.mean": 13.823908805847168, "lowlevel.barkbands_crest.stdev": 4.594604015350342, "lowlevel.barkbands_flatness_db.mean": 0.23168990015983582, "lowlevel.barkbands_flatness_db.stdev": 0.05276823788881302, "lowlevel.barkbands_kurtosis.mean": 5.933192253112793, "lowlevel.barkbands_kurtosis.stdev": 6.343398094177246, "lowlevel.barkbands_skewness.mean": 1.6959439516067505, "lowlevel.barkbands_skewness.stdev": 1.2748708724975586, "lowlevel.barkbands_spread.mean": 12.625100135803223, "lowlevel.barkbands_spread.stdev": 10.918022155761719, "lowlevel.dissonance.mean": 0.4327419102191925, "lowlevel.dissonance.stdev": 0.04592522233724594, "lowlevel.dynamic_complexity": 5.015638828277588, "lowlevel.erbbands_crest.mean": 12.588134765625, "lowlevel.erbbands_crest.stdev": 6.385659694671631, "lowlevel.erbbands_flatness_db.mean": 0.23537522554397583, "lowlevel.erbbands_flatness_db.stdev": 0.06543795764446259, "lowlevel.erbbands_kurtosis.mean": 0.9876020550727844, "lowlevel.erbbands_kurtosis.stdev": 3.204131603240967, "lowlevel.erbbands_skewness.mean": 0.5291507244110107, "lowlevel.erbbands_skewness.stdev": 0.9531090259552002, "lowlevel.erbbands_spread.mean": 29.77708625793457, "lowlevel.erbbands_spread.stdev": 18.127099990844727, "lowlevel.hfc.mean": 11.988048553466797, "lowlevel.hfc.stdev": 15.85969066619873, "lowlevel.loudness_ebu128.integrated": -15.24062728881836, "lowlevel.loudness_ebu128.loudness_range": 4.892910003662109, "lowlevel.loudness_ebu128.momentary.mean": -16.69855308532715, "lowlevel.loudness_ebu128.momentary.stdev": 3.815999984741211, "lowlevel.loudness_ebu128.short_term.mean": -15.555145263671875, "lowlevel.loudness_ebu128.short_term.stdev": 1.6361711025238037, "lowlevel.melbands_crest.mean": 17.427919387817383, "lowlevel.melbands_crest.stdev": 5.648407459259033, "lowlevel.melbands_flatness_db.mean": 0.2946847677230835, "lowlevel.melbands_flatness_db.stdev": 0.06119764968752861, "lowlevel.melbands_kurtosis.mean": 14.029642105102539, "lowlevel.melbands_kurtosis.stdev": 15.277711868286133, "lowlevel.melbands_skewness.mean": 2.5113251209259033, "lowlevel.melbands_skewness.stdev": 1.8428542613983154, "lowlevel.melbands_spread.mean": 13.77634334564209, "lowlevel.melbands_spread.stdev": 11.079694747924805, "lowlevel.pitch_salience.mean": 0.47569164633750916, "lowlevel.pitch_salience.stdev": 0.12366922944784164, "lowlevel.silence_rate_20dB.mean": 1.0, "lowlevel.silence_rate_20dB.stdev": 0.0, "lowlevel.silence_rate_30dB.mean": 0.9973404407501221, "lowlevel.silence_rate_30dB.stdev": 0.05150257423520088, "lowlevel.silence_rate_60dB.mean": 0.15226063132286072, "lowlevel.silence_rate_60dB.stdev": 0.35926932096481323, "lowlevel.spectral_centroid.mean": 872.0806274414062, "lowlevel.spectral_centroid.stdev": 462.90289306640625, "lowlevel.spectral_complexity.mean": 8.607712745666504, "lowlevel.spectral_complexity.stdev": 4.6485915184021, "lowlevel.spectral_decrease.mean": -4.275569676082114e-09, "lowlevel.spectral_decrease.stdev": 4.511127471573673e-09, "lowlevel.spectral_energy.mean": 0.017224330455064774, "lowlevel.spectral_energy.stdev": 0.018339242786169052, "lowlevel.spectral_energyband_high.mean": 8.26832911116071e-05, "lowlevel.spectral_energyband_high.stdev": 0.0002879327512346208, "lowlevel.spectral_energyband_low.mean": 0.0028280126862227917, "lowlevel.spectral_energyband_low.stdev": 0.0026416995096951723, "lowlevel.spectral_energyband_middle_high.mean": 0.004005763214081526, "lowlevel.spectral_energyband_middle_high.stdev": 0.007424809038639069, "lowlevel.spectral_energyband_middle_low.mean": 0.010599740780889988, "lowlevel.spectral_energyband_middle_low.stdev": 0.015048764646053314, "lowlevel.spectral_entropy.mean": 6.85268497467041, "lowlevel.spectral_entropy.stdev": 0.520734429359436, "lowlevel.spectral_flux.mean": 0.057361338287591934, "lowlevel.spectral_flux.stdev": 0.047828055918216705, "lowlevel.spectral_kurtosis.mean": 11.032039642333984, "lowlevel.spectral_kurtosis.stdev": 7.444668292999268, "lowlevel.spectral_rms.mean": 0.003616221947595477, "lowlevel.spectral_rms.stdev": 0.00193058792501688, "lowlevel.spectral_rolloff.mean": 872.364013671875, "lowlevel.spectral_rolloff.stdev": 941.593017578125, "lowlevel.spectral_skewness.mean": 2.1026759147644043, "lowlevel.spectral_skewness.stdev": 0.7381409406661987, "lowlevel.spectral_spread.mean": 2927230.0, "lowlevel.spectral_spread.stdev": 1721840.5, "lowlevel.spectral_strongpeak.mean": 1.36881422996521, "lowlevel.spectral_strongpeak.stdev": 1.653888463973999, "lowlevel.zerocrossingrate.mean": 0.035846468061208725, "lowlevel.zerocrossingrate.stdev": 0.023910699412226677, "metadata.audio_properties.analysis.equal_loudness": 0.0, "metadata.audio_properties.analysis.length": 34.87997817993164, "metadata.audio_properties.analysis.sample_rate": 44100.0, "metadata.audio_properties.analysis.start_time": 0.0, "metadata.audio_properties.bit_rate": 112605.0, "metadata.audio_properties.length": 34.880001068115234, "metadata.audio_properties.lossless": 0.0, "metadata.audio_properties.number_channels": 1.0, "metadata.audio_properties.replay_gain": -13.654651641845703, "metadata.audio_properties.sample_rate": 48000.0, "rhythm.beats_count": 60.0, "rhythm.beats_loudness.mean": 0.025809865444898605, "rhythm.beats_loudness.stdev": 0.019399471580982208, "rhythm.bpm": 102.35445404052734, "rhythm.bpm_histogram_first_peak_bpm": 101.0, "rhythm.bpm_histogram_first_peak_weight": 0.6585365533828735, "rhythm.bpm_histogram_second_peak_bpm": 110.0, "rhythm.bpm_histogram_second_peak_spread": 0.5, "rhythm.bpm_histogram_second_peak_weight": 0.10169491171836853, "rhythm.danceability": 1.204488754272461, "rhythm.onset_rate": 3.1805527210235596, "tonal.chords_changes_rate": 0.03452855348587036, "tonal.chords_number_rate": 0.010624170303344727, "tonal.chords_strength.mean": 0.49116379022598267, "tonal.chords_strength.stdev": 0.09564796835184097, "tonal.hpcp_crest.mean": 17.300989151000977, "tonal.hpcp_crest.stdev": 8.047554969787598, "tonal.hpcp_entropy.mean": 1.5668354034423828, "tonal.hpcp_entropy.stdev": 0.7520477771759033, "tonal.key_edma.strength": 0.7359969019889832, "tonal.key_krumhansl.strength": 0.7371561527252197, "tonal.key_temperley.strength": 0.7207776308059692, "tonal.tuning_diatonic_strength": 0.5099034309387207, "tonal.tuning_equal_tempered_deviation": 0.031590547412633896, "tonal.tuning_frequency": 439.2381896972656, "tonal.tuning_nontempered_energy_ratio": 0.6754065752029419, "lowlevel.barkbands.mean": [6.856320851511555e-06, 0.0014904572162777185, 0.0011804568348452449, 0.00022704791626892984, 0.0017257239669561386, 0.0017057574586942792, 0.0011245592031627893, 0.0029718978330492973, 0.0025700596161186695, 0.0005642874166369438, 0.0007770195370540023, 0.000540555571205914, 0.000773583771660924, 0.00041472591692581773, 0.00024107872741296887, 0.00031010527163743973, 0.00018048695346806198, 0.00013538607163354754, 8.287133823614568e-05, 0.0001413132849847898, 3.5768316593021154e-06, 2.2871137844049372e-05, 1.497353059676243e-05, 7.803438165865373e-06, 8.006841198948678e-06, 2.8661945634667063e-06, 2.9361155284846063e-08], "lowlevel.barkbands.stdev": [2.0657565983128734e-05, 0.0020654196850955486, 0.0015417536487802863, 0.0005342044169083238, 0.0028703929856419563, 0.003844302147626877, 0.004738695453852415, 0.009537733159959316, 0.009074336849153042, 0.00206230697222054, 0.0028886226937174797, 0.002244371920824051, 0.002690529217943549, 0.0017143264412879944, 0.0008979374542832375, 0.00128600699827075, 0.0004479021008592099, 0.0003978378081228584, 0.00024828047025948763, 0.00036942059523425996, 9.570672773406841e-06, 0.00012673619494307786, 7.929850107757375e-05, 3.8118847442092374e-05, 3.197635669494048e-05, 1.2119367056584451e-05, 2.8476225111262465e-07], "lowlevel.erbbands.mean": [0.020993929356336594, 0.41998714208602905, 1.445796251296997, 0.987895667552948, 1.6929134130477905, 6.902043342590332, 12.520112037658691, 14.160048484802246, 15.283105850219727, 29.6623592376709, 75.7919921875, 61.52056121826172, 25.350154876708984, 17.790529251098633, 35.86592102050781, 24.711639404296875, 34.10239791870117, 27.647180557250977, 14.634387969970703, 15.923005104064941, 13.708558082580566, 9.733525276184082, 8.541497230529785, 3.1380550861358643, 7.395477771759033, 6.149436950683594, 0.4882080852985382, 0.1773400753736496, 0.6706974506378174, 0.8386991620063782, 0.39994490146636963, 0.19351790845394135, 0.12372104078531265, 0.10488412529230118, 0.04744469001889229, 0.01938513107597828, 0.00348501349799335, 0.00029422901570796967, 1.6466738088638522e-05, 2.047236921498552e-05], "lowlevel.erbbands.stdev": [0.03561393916606903, 0.5441985726356506, 1.6781823635101318, 1.4554150104522705, 2.1366326808929443, 11.94746208190918, 24.254051208496094, 40.47480010986328, 66.40402221679688, 102.53999328613281, 239.85130310058594, 207.6432647705078, 98.99197387695312, 65.37845611572266, 134.76483154296875, 94.11956024169922, 107.72441864013672, 107.17436981201172, 51.66197204589844, 63.783145904541016, 42.31195831298828, 23.479236602783203, 24.044546127319336, 8.300475120544434, 20.554122924804688, 15.219261169433594, 1.0220472812652588, 0.48402321338653564, 3.008387327194214, 5.246872425079346, 2.2518060207366943, 1.097532868385315, 0.5401822328567505, 0.4387742578983307, 0.18641075491905212, 0.08211712539196014, 0.014316273853182793, 0.0014770820271223783, 4.232551873428747e-05, 2.1462745280587114e-05], "lowlevel.gfcc.mean": [-104.10396575927734, 150.17079162597656, -135.3184356689453, 19.89751625061035, -39.51763916015625, 0.1533723622560501, -36.75094985961914, 3.3792760372161865, -21.66197967529297, -6.352421760559082, -10.134167671203613, -9.361312866210938, -6.403396129608154], "lowlevel.melbands.mean": [0.00031233899062499404, 0.0006711117457598448, 0.00018039044516626745, 0.0003082331095356494, 0.0004313169338274747, 0.00031854992266744375, 0.00022540302597917616, 0.0003712508187163621, 0.0006442375015467405, 0.0003541728074196726, 0.00011440132948337123, 6.413035589503124e-05, 0.00011618377902777866, 6.778833630960435e-05, 7.431577250827104e-05, 6.903269968461245e-05, 4.9170655984198675e-05, 2.290378324687481e-05, 1.743721622915473e-05, 2.439007585053332e-05, 1.451895968784811e-05, 1.0256641871819738e-05, 9.762782610778231e-06, 5.280186542222509e-06, 2.0357549601612845e-06, 3.3489295674371533e-06, 8.040487955440767e-06, 2.945647338492563e-06, 2.2118003073501313e-07, 7.550074343498636e-08, 9.391702349148545e-08, 2.993822363350773e-07, 6.094096534070559e-07, 3.898780960298609e-07, 2.4050424940469384e-07, 1.5415227494486317e-07, 1.0538987282870949e-07, 8.085135760893536e-08, 8.918777893995866e-08, 8.893833580714272e-08], "lowlevel.melbands.stdev": [0.0004573711194097996, 0.0006707267602905631, 0.00021137735166121274, 0.00042799816583283246, 0.0007921608630567789, 0.0008376418263651431, 0.0009949220111593604, 0.0012985296780243516, 0.0020142747089266777, 0.0013082055374979973, 0.0004913603770546615, 0.0002638158912304789, 0.0004279524437151849, 0.00024863207363523543, 0.0002849852025974542, 0.0002368561690673232, 0.0002084027510136366, 8.582118607591838e-05, 5.907315789954737e-05, 0.00011647916107904166, 4.4383847125573084e-05, 2.7636329832603224e-05, 2.4854252842487767e-05, 1.7432161257602274e-05, 5.988755219732411e-06, 9.802047316043172e-06, 2.187274549214635e-05, 7.4856338869722094e-06, 5.01820295539801e-07, 2.3189635101061867e-07, 2.8222490300322534e-07, 1.1343151982146082e-06, 3.809620693573379e-06, 2.34294384426903e-06, 1.3202477475715568e-06, 9.650015044826432e-07, 5.769408630840189e-07, 3.571980755623372e-07, 3.986473871009366e-07, 3.7099619021319086e-07], "lowlevel.melbands128.mean": [4.522706603893312e-06, 7.25129502825439e-05, 0.00043670489685609937, 0.0007760956068523228, 0.000861282111145556, 0.00047975720372051, 0.00019716426322702318, 9.094947745325044e-05, 0.00011878518125740811, 0.00034371213405393064, 0.0003911687235813588, 0.00044740652083419263, 0.00043718956294469535, 0.00041962580871768296, 0.0003686550771817565, 0.00021200175979174674, 0.00024221702187787741, 0.0002403235121164471, 0.00018153346900362521, 0.00031867617508396506, 0.00045355650945566595, 0.0005511449417099357, 0.0008045569411478937, 0.0005635943962261081, 0.00040450814412906766, 0.0002929855545517057, 0.0001416710438206792, 0.00012439425336197019, 4.868895484833047e-05, 6.116184522397816e-05, 6.414396193576977e-05, 7.67908786656335e-05, 0.00012522026372607797, 0.00016066833632066846, 6.167169340187684e-05, 3.640486829681322e-05, 8.112906652968377e-05, 5.252258415566757e-05, 0.00010047380055766553, 7.676968380110338e-05, 5.425249764812179e-05, 7.259976700879633e-05, 5.0531736633274704e-05, 4.336709389463067e-05, 1.859418989624828e-05, 2.07495795621071e-05, 2.670212597877253e-05, 1.101263660530094e-05, 1.5079036529641598e-05, 2.767556725302711e-05, 2.9081644242978655e-05, 1.779072408680804e-05, 1.2263250937394332e-05, 1.567083745612763e-05, 1.3900030353397597e-05, 9.08762558538001e-06, 7.050460681057302e-06, 1.0408327398181427e-05, 1.0668532013369258e-05, 8.844147487252485e-06, 5.111447990202578e-06, 2.556656681917957e-06, 2.5324836769868853e-06, 1.717191935313167e-06, 1.539475420031522e-06, 2.074067424473469e-06, 5.181248980079545e-06, 7.487661150662461e-06, 1.0274970009049866e-05, 7.053013177937828e-06, 2.6941422675008653e-06, 9.576239108355367e-07, 2.7316602313476324e-07, 1.2635086932277773e-07, 9.173294301945134e-08, 8.458065536842696e-08, 6.13959301176692e-08, 6.034782984443154e-08, 9.050427252077498e-08, 1.3014989974635682e-07, 2.1042191633569018e-07, 4.015235788301652e-07, 4.56976550822219e-07, 7.169570608311915e-07, 6.59272586744919e-07, 4.5105034018888546e-07, 2.794059525967896e-07, 2.8623765047086636e-07, 2.284280640196812e-07, 2.3564120965602342e-07, 1.6776682798536058e-07, 1.3994153391649888e-07, 1.0904819447432601e-07, 1.1163245261514021e-07, 9.86536647928915e-08, 7.668855772635652e-08, 7.138871893630494e-08, 9.709387427392357e-08, 8.118326633166362e-08, 8.725849909296812e-08, 1.0792594196118444e-07, 8.266415818525275e-08, 8.00523238808637e-08, 6.337176472470674e-08, 4.782433649097584e-08, 4.089201510737439e-08, 4.584206436675231e-08, 4.73856225369218e-08, 3.243169288680292e-08, 2.481905347906377e-08, 2.0432681324678015e-08, 1.2048867681357933e-08, 9.525137123489458e-09, 5.4871520660526585e-09, 3.653045643758901e-09, 2.9813413959800528e-09, 1.1114249520716157e-09, 3.188481145777189e-10, 4.1097115294208564e-11, 2.4482839800638034e-12, 2.3846753564871204e-12, 2.3347602063489292e-12, 2.289778609776416e-12, 2.247442249664333e-12, 2.1958728238513636e-12, 2.134368636691475e-12, 2.096821414415695e-12, 2.0826823338843115e-12], "lowlevel.melbands128.stdev": [1.8196207747678272e-05, 0.000208665311220102, 0.0007582427351735532, 0.0010842656483873725, 0.000981010147370398, 0.0006228343700058758, 0.0003660735965240747, 0.00020671873062383384, 0.00021401725825853646, 0.0004763192555401474, 0.0007812908734194934, 0.0012222655350342393, 0.0010813160333782434, 0.0009456556290388107, 0.0013442040653899312, 0.0009160904446616769, 0.001265358878299594, 0.0015069940127432346, 0.0011252600234001875, 0.0014514148933812976, 0.0021760615054517984, 0.0023960319813340902, 0.003075417596846819, 0.0025491686537861824, 0.0017627949127927423, 0.0019034233409911394, 0.0010199048556387424, 0.0006090220995247364, 0.00026591907953843474, 0.00033868118771351874, 0.0004055312601849437, 0.0004075928882230073, 0.0006155158043839037, 0.000806507479865104, 0.00038500173832289875, 0.00018199747137259692, 0.0005064803408458829, 0.0003586455131880939, 0.0004715130780823529, 0.00035344218485988677, 0.0002860689128283411, 0.0004959444631822407, 0.0002791950828395784, 0.0003204996755812317, 8.54752361192368e-05, 9.24260966712609e-05, 0.00018254246970172971, 5.327266262611374e-05, 6.868637865409255e-05, 0.0001685894385445863, 0.0001836555456975475, 0.00010296150139765814, 6.251235754461959e-05, 6.571174890268594e-05, 4.666565655497834e-05, 4.1227198380511254e-05, 2.7645337468129583e-05, 3.377355824341066e-05, 3.7797741242684424e-05, 4.20072246924974e-05, 2.319596751476638e-05, 9.3323169494397e-06, 1.2492244422901422e-05, 5.5944947234820575e-06, 5.5555146900587715e-06, 5.73757915844908e-06, 2.1405156076070853e-05, 3.035106601601001e-05, 3.54711119143758e-05, 2.1209123588050716e-05, 9.061178388947155e-06, 2.9049879231024534e-06, 7.911464763310505e-07, 3.35180885713271e-07, 2.537367151944636e-07, 3.030870345810399e-07, 2.2841805957796169e-07, 1.8617156172240357e-07, 3.282323177700164e-07, 4.1719124510564143e-07, 7.634403118572664e-07, 1.7702363948046695e-06, 2.1477812879311386e-06, 4.817725312022958e-06, 5.2064351621083915e-06, 2.9615016501338687e-06, 1.4377723118741415e-06, 1.5769061292303377e-06, 1.2547315009214799e-06, 1.5673142570449272e-06, 1.0238417189611937e-06, 9.333789421361871e-07, 7.150669603106508e-07, 6.409586603695061e-07, 4.970380018676224e-07, 3.9068766000127653e-07, 3.1654820986659615e-07, 4.513705675890378e-07, 3.819842504526605e-07, 4.1184185306519794e-07, 4.808624680663343e-07, 3.538581268003327e-07, 3.7146639897400746e-07, 2.7562725790630793e-07, 2.0781688192528236e-07, 1.6604739982994943e-07, 1.8848636784696282e-07, 2.1507905501039204e-07, 1.4438788298321015e-07, 1.2532305504464603e-07, 9.620511320918013e-08, 5.286593918185645e-08, 4.373779560751245e-08, 2.813816202262842e-08, 2.1383316450851453e-08, 1.7241577054960544e-08, 8.096896486620153e-09, 5.465562669115798e-09, 1.4440654227954042e-09, 4.7054981439087484e-12, 4.591767504419364e-12, 4.489389329037641e-12, 4.4027208094543635e-12, 4.327942951937169e-12, 4.2646437596605136e-12, 4.21435239136847e-12, 4.177859013604346e-12, 4.155253831988892e-12], "lowlevel.mfcc.mean": [-747.6453857421875, 181.2176971435547, -27.34750747680664, 25.332822799682617, 13.211677551269531, 0.8228427171707153, -0.780918538570404, 4.142685413360596, -6.902889251708984, 2.0303280353546143, 1.038973093032837, -11.637232780456543, 7.935304164886475], "lowlevel.spectral_contrast_coeffs.mean": [-0.6522006988525391, -0.690285325050354, -0.7549194097518921, -0.7686469554901123, -0.7527579665184021, -0.764190673828125], "lowlevel.spectral_contrast_coeffs.stdev": [0.0745551809668541, 0.11231755465269089, 0.09396152943372726, 0.0762467160820961, 0.06244828924536705, 0.050911545753479004], "lowlevel.spectral_contrast_valleys.mean": [-7.513450622558594, -7.613437652587891, -8.154206275939941, -8.264182090759277, -8.941237449645996, -12.584310531616211], "lowlevel.spectral_contrast_valleys.stdev": [0.623214066028595, 0.6107439398765564, 0.6256105899810791, 0.5840946435928345, 0.7759762406349182, 1.2409367561340332], "rhythm.beats_loudness_band_ratio.mean": [0.2189033031463623, 0.21988649666309357, 0.3508016765117645, 0.16132232546806335, 0.07438012957572937, 0.012474069371819496], "rhythm.beats_loudness_band_ratio.stdev": [0.24365639686584473, 0.2046402245759964, 0.28824469447135925, 0.23389530181884766, 0.09508359432220459, 0.014941923320293427], "tonal.hpcp.mean": [0.3765946924686432, 0.17550277709960938, 0.029813850298523903, 0.014008821919560432, 0.01668349653482437, 0.06453350931406021, 0.11115013808012009, 0.08472348749637604, 0.07526402920484543, 0.09255862981081009, 0.07564496248960495, 0.05133439972996712, 0.035348907113075256, 0.026177896186709404, 0.09770672768354416, 0.2595868706703186, 0.21352365612983704, 0.06608376652002335, 0.04515398293733597, 0.04264890402555466, 0.08089502900838852, 0.12731453776359558, 0.10162569582462311, 0.0953291654586792, 0.11286349594593048, 0.06813378632068634, 0.03465469926595688, 0.02656332217156887, 0.022221574559807777, 0.0792972519993782, 0.120811328291893, 0.07303428649902344, 0.032009970396757126, 0.01989538036286831, 0.0198434479534626, 0.235082745552063], "tonal.hpcp.stdev": [0.4123165011405945, 0.2236936241388321, 0.11680126935243607, 0.07666276395320892, 0.08265890181064606, 0.16341552138328552, 0.25180163979530334, 0.20011790096759796, 0.19723284244537354, 0.22925598919391632, 0.20091520249843597, 0.16976220905780792, 0.13027605414390564, 0.11200147122144699, 0.18381798267364502, 0.3794703185558319, 0.3220873773097992, 0.18533676862716675, 0.1645670086145401, 0.15107794106006622, 0.18467915058135986, 0.23594991862773895, 0.2148294299840927, 0.22662915289402008, 0.27683913707733154, 0.18716448545455933, 0.13563883304595947, 0.10909418761730194, 0.08480174094438553, 0.19576218724250793, 0.27308064699172974, 0.18602752685546875, 0.13012617826461792, 0.09745492041110992, 0.0868021696805954, 0.29183781147003174], "rhythm.beats_position": [0.5804988741874695, 1.172607660293579, 1.7647165060043335, 2.356825351715088, 2.972154140472412, 3.5758728981018066, 4.179591655731201, 4.771700382232666, 5.363809585571289, 5.955918312072754, 6.548027038574219, 7.128525733947754, 7.709024906158447, 8.28952407836914, 8.870022773742676, 9.450521469116211, 10.031020164489746, 10.599908828735352, 11.168798446655273, 11.749297142028809, 12.341405868530273, 12.933514595031738, 13.502403259277344, 14.07129192352295, 14.6517915725708, 15.255510330200195, 15.85922908782959, 16.370067596435547, 16.89251708984375, 17.414966583251953, 17.925804138183594, 18.425033569335938, 18.92426300048828, 19.458322525024414, 20.003990173339844, 20.538049697875977, 21.09532928466797, 21.6409969329834, 22.19827651977539, 22.75555419921875, 23.301223754882812, 23.893333435058594, 24.497051239013672, 25.077550888061523, 25.658048629760742, 26.250158309936523, 26.842267990112305, 27.434375762939453, 28.038095474243164, 28.630203247070312, 29.210702896118164, 29.767980575561523, 30.313650131225586, 30.85931968688965, 31.404987335205078, 31.973876953125, 32.54276657104492, 33.111656188964844, 33.69215393066406, 34.261043548583984], "rhythm.bpm_histogram": [0.0, 0.0, 0.0, 0.0, 0.0, 0.0, 0.0, 0.0, 0.0, 0.0, 0.0, 0.0, 0.0, 0.0, 0.0, 0.0, 0.0, 0.0, 0.0, 0.0, 0.0, 0.0, 0.0, 0.0, 0.0, 0.0, 0.0, 0.0, 0.0, 0.0, 0.0, 0.0, 0.0, 0.0, 0.0, 0.0, 0.0, 0.0, 0.0, 0.0, 0.0, 0.0, 0.0, 0.0, 0.0, 0.0, 0.0, 0.0, 0.0, 0.0, 0.0, 0.0, 0.0, 0.0, 0.0, 0.0, 0.0, 0.0, 0.0, 0.0, 0.0, 0.0, 0.0, 0.0, 0.0, 0.0, 0.0, 0.0, 0.0, 0.0, 0.0, 0.0, 0.0, 0.0, 0.0, 0.0, 0.0, 0.0, 0.0, 0.0, 0.0, 0.0, 0.0, 0.0, 0.0, 0.0, 0.0, 0.0, 0.0, 0.0, 0.0, 0.0, 0.0, 0.0, 0.0, 0.0, 0.0, 0.0, 0.016949152573943138, 0.10169491171836853, 0.0, 0.23728813230991364, 0.0, 0.20338982343673706, 0.0, 0.1355932205915451, 0.0, 0.0, 0.06779661029577255, 0.0, 0.10169491171836853, 0.0, 0.033898305147886276, 0.0, 0.0, 0.033898305147886276, 0.0, 0.033898305147886276, 0.0, 0.0, 0.033898305147886276, 0.0, 0.0, 0.0, 0.0, 0.0, 0.0, 0.0, 0.0, 0.0, 0.0, 0.0, 0.0, 0.0, 0.0, 0.0, 0.0, 0.0, 0.0, 0.0, 0.0, 0.0, 0.0, 0.0, 0.0, 0.0, 0.0, 0.0, 0.0, 0.0, 0.0, 0.0, 0.0, 0.0, 0.0, 0.0, 0.0, 0.0, 0.0, 0.0, 0.0, 0.0, 0.0, 0.0, 0.0, 0.0, 0.0, 0.0, 0.0, 0.0, 0.0, 0.0, 0.0, 0.0, 0.0, 0.0, 0.0, 0.0, 0.0, 0.0, 0.0, 0.0, 0.0, 0.0, 0.0, 0.0, 0.0, 0.0, 0.0, 0.0, 0.0, 0.0, 0.0, 0.0, 0.0, 0.0, 0.0, 0.0, 0.0, 0.0, 0.0, 0.0, 0.0, 0.0, 0.0, 0.0, 0.0, 0.0, 0.0, 0.0, 0.0, 0.0, 0.0, 0.0, 0.0, 0.0, 0.0, 0.0, 0.0, 0.0, 0.0, 0.0, 0.0, 0.0, 0.0, 0.0, 0.0, 0.0, 0.0, 0.0, 0.0, 0.0, 0.0, 0.0, 0.0, 0.0, 0.0, 0.0, 0.0, 0.0, 0.0, 0.0, 0.0, 0.0, 0.0, 0.0, 0.0, 0.0, 0.0, 0.0], "tonal.chords_histogram": [18.592296600341797, 12.749004364013672, 34.5285530090332, 0.7968127727508545, 0.6640106439590454, 21.248340606689453, 1.9920319318771362, 2.257636070251465, 0.0, 5.444887161254883, 0.0, 0.0, 0.0, 0.0, 0.0, 0.0, 0.0, 0.0, 0.0, 0.0, 0.0, 0.0, 0.0, 1.726427674293518], "tonal.thpcp": [1.0, 0.46602562069892883, 0.079166941344738, 0.03719867020845413, 0.04430093243718147, 0.17136064171791077, 0.29514527320861816, 0.22497260570526123, 0.19985419511795044, 0.24577784538269043, 0.2008657157421112, 0.1363120675086975, 0.09386458992958069, 0.06951212137937546, 0.25944796204566956, 0.6893004179000854, 0.5669853091239929, 0.17547716200351715, 0.11990074068307877, 0.11324881762266159, 0.21480661630630493, 0.33806779980659485, 0.2698543071746826, 0.2531346380710602, 0.29969486594200134, 0.18092073500156403, 0.09202121198177338, 0.0705355703830719, 0.05900660529732704, 0.21056391298770905, 0.3207993507385254, 0.1939333975315094, 0.0849984660744667, 0.05282969027757645, 0.05269178748130798, 0.6242327690124512], "lowlevel.gfcc.cov": [[5707.11962890625, -1575.6954345703125, -447.1125183105469, -4.080050945281982, -675.5585327148438, 213.79530334472656, 96.55069732666016, 463.9847106933594, -73.56126403808594, 330.3208923339844, -53.056236267089844, 186.9036865234375, -264.7344665527344], [-1575.6954345703125, 1640.926513671875, -297.7541198730469, -184.37060546875, 386.0384521484375, -439.49676513671875, 214.71337890625, -209.4771270751953, 177.18353271484375, -182.24168395996094, 195.45712280273438, -223.1640625, 167.64100646972656], [-447.1125183105469, -297.7541198730469, 811.0718383789062, 239.4544219970703, 32.12286376953125, 310.0244445800781, -193.26583862304688, 51.2205810546875, -27.329853057861328, 66.07193756103516, -63.3109130859375, 94.35659790039062, -39.481353759765625], [-4.080050945281982, -184.37060546875, 239.4544219970703, 477.1174011230469, 124.10033416748047, 94.63273620605469, -101.98767852783203, 62.529205322265625, 100.48546600341797, 54.76885223388672, 21.113107681274414, 50.975284576416016, 77.9587631225586], [-675.5585327148438, 386.0384521484375, 32.12286376953125, 124.10033416748047, 366.90997314453125, -0.8163323402404785, 24.44274139404297, -28.186174392700195, 79.8353500366211, 5.56498384475708, 48.269325256347656, -19.47511863708496, 76.37171936035156], [213.79530334472656, -439.49676513671875, 310.0244445800781, 94.63273620605469, -0.8163323402404785, 426.350830078125, 19.877357482910156, 29.552528381347656, -88.44559478759766, 39.58257293701172, -66.19595336914062, 95.95496368408203, -75.82363891601562], [96.55069732666016, 214.71337890625, -193.26583862304688, -101.98767852783203, 24.44274139404297, 19.877357482910156, 363.54388427734375, 29.05305290222168, 0.2829374074935913, -24.07543182373047, 60.67039489746094, -9.309370994567871, -44.60602569580078], [463.9847106933594, -209.4771270751953, 51.2205810546875, 62.529205322265625, -28.186174392700195, 29.552528381347656, 29.05305290222168, 215.6554412841797, 82.30988311767578, 94.48133850097656, 3.2465133666992188, 15.288500785827637, -18.419912338256836], [-73.56126403808594, 177.18353271484375, -27.329853057861328, 100.48546600341797, 79.8353500366211, -88.44559478759766, 0.2829374074935913, 82.30988311767578, 243.02798461914062, 51.86333465576172, 35.162681579589844, -67.27940368652344, 48.268272399902344], [330.3208923339844, -182.24168395996094, 66.07193756103516, 54.76885223388672, 5.56498384475708, 39.58257293701172, -24.07543182373047, 94.48133850097656, 51.86333465576172, 145.31553649902344, 16.9551944732666, 27.196632385253906, -14.856529235839844], [-53.056236267089844, 195.45712280273438, -63.3109130859375, 21.113107681274414, 48.269325256347656, -66.19595336914062, 60.67039489746094, 3.2465133666992188, 35.162681579589844, 16.9551944732666, 143.83946228027344, 7.168680191040039, 28.4300537109375], [186.9036865234375, -223.1640625, 94.35659790039062, 50.975284576416016, -19.47511863708496, 95.95496368408203, -9.309370994567871, 15.288500785827637, -67.27940368652344, 27.196632385253906, 7.168680191040039, 141.2915802001953, -0.04836232215166092], [-264.7344665527344, 167.64100646972656, -39.481353759765625, 77.9587631225586, 76.37171936035156, -75.82363891601562, -44.60602569580078, -18.419912338256836, 48.268272399902344, -14.856529235839844, 28.4300537109375, -0.04836232215166092, 133.01571655273438]], "lowlevel.gfcc.icov": [[0.00042889578617177904, -0.0001461656647734344, 0.0006769013707526028, -0.00038772166590206325, 0.0007445631199516356, -0.0004058948834426701, 0.00025046843802556396, -0.0006879155989736319, 0.00020783756917808205, -0.0006959827151149511, 0.00011459372035460547, -0.00041382541530765593, 0.0006180430063977838], [-0.0001461656647734344, 0.004416281823068857, -0.0021573712583631277, 0.002440179930999875, -0.0036067140754312277, 0.003180585103109479, -0.002742844633758068, 0.00281064142473042, -0.0018312660977244377, 0.0030233017168939114, -0.0030927525367587805, 0.003289006883278489, -0.002909592352807522], [0.0006769013707526028, -0.0021573712583631277, 0.004300489090383053, -0.0022158457431942225, 0.002355505945160985, -0.0034503834322094917, 0.002946890192106366, -0.002601190470159054, 0.000992651330307126, -0.002079882426187396, 0.0013539184583351016, -0.0024264627136290073, 0.003067266894504428], [-0.00038772166590206325, 0.002440179930999875, -0.0022158457431942225, 0.005172692704945803, -0.0030596463475376368, 0.0011489003663882613, -0.000900489860214293, 0.0013667282182723284, -0.002495281398296356, 0.002364354208111763, -0.002303041983395815, 0.0010437472956255078, -0.0035753047559410334], [0.0007445631199516356, -0.0036067140754312277, 0.002355505945160985, -0.0030596463475376368, 0.0076766908168792725, -0.0034450176171958447, 0.0016504245577380061, -0.0018898858688771725, 0.0009201793000102043, -0.003980366978794336, 0.0019616885110735893, -0.0023345607332885265, 0.0012415623059496284], [-0.0004058948834426701, 0.003180585103109479, -0.0034503834322094917, 0.0011489003663882613, -0.0034450176171958447, 0.007479531690478325, -0.003628157777711749, 0.0027284915558993816, -0.000292207085294649, 0.001629763632081449, -9.985840006265789e-05, 0.0009134953143075109, -0.0008013734477572143], [0.00025046843802556396, -0.002742844633758068, 0.002946890192106366, -0.000900489860214293, 0.0016504245577380061, -0.003628157777711749, 0.0064624291844666, -0.0035523255355656147, 0.0007725146133452654, -9.045067417901009e-05, -0.000433925335528329, -0.0023964003194123507, 0.0038186609745025635], [-0.0006879155989736319, 0.00281064142473042, -0.002601190470159054, 0.0013667282182723284, -0.0018898858688771725, 0.0027284915558993816, -0.0035523255355656147, 0.010795035399496555, -0.003828458022326231, -0.0015811922494322062, -0.000805421732366085, 0.0015991516411304474, -0.002155058551579714], [0.00020783756917808205, -0.0018312660977244377, 0.000992651330307126, -0.002495281398296356, 0.0009201793000102043, -0.000292207085294649, 0.0007725146133452654, -0.003828458022326231, 0.00899588968604803, -0.0034755172673612833, 0.0008201091550290585, 0.002771322848275304, -0.00031415472039952874], [-0.0006959827151149511, 0.0030233017168939114, -0.002079882426187396, 0.002364354208111763, -0.003980366978794336, 0.001629763632081449, -9.045067417901009e-05, -0.0015811922494322062, -0.0034755172673612833, 0.014637570828199387, -0.004284593742340803, 0.0004862438072450459, -0.000421462842496112], [0.00011459372035460547, -0.0030927525367587805, 0.0013539184583351016, -0.002303041983395815, 0.0019616885110735893, -9.985840006265789e-05, -0.000433925335528329, -0.000805421732366085, 0.0008201091550290585, -0.004284593742340803, 0.011917103081941605, -0.0041019790805876255, 0.0011125268647447228], [-0.00041382541530765593, 0.003289006883278489, -0.0024264627136290073, 0.0010437472956255078, -0.0023345607332885265, 0.0009134953143075109, -0.0023964003194123507, 0.0015991516411304474, 0.002771322848275304, 0.0004862438072450459, -0.0041019790805876255, 0.014223010279238224, -0.005091202910989523], [0.0006180430063977838, -0.002909592352807522, 0.003067266894504428, -0.0035753047559410334, 0.0012415623059496284, -0.0008013734477572143, 0.0038186609745025635, -0.002155058551579714, -0.00031415472039952874, -0.000421462842496112, 0.0011125268647447228, -0.005091202910989523, 0.015060575678944588]], "lowlevel.mfcc.cov": [[5036.2939453125, -1488.099853515625, -190.77676391601562, -212.8395233154297, -476.00146484375, -190.19915771484375, -74.26923370361328, 201.35411071777344, -105.59382629394531, 206.5482940673828, 220.16851806640625, -74.2411880493164, 279.776123046875], [-1488.099853515625, 1634.5111083984375, -507.5367126464844, 136.70864868164062, -45.46513366699219, -115.80948638916016, 35.3442497253418, -76.5769271850586, -25.446609497070312, -13.869643211364746, 4.6830925941467285, -14.168143272399902, 16.085613250732422], [-190.77676391601562, -507.5367126464844, 783.02197265625, -66.74566650390625, 185.09898376464844, 143.49392700195312, 14.771587371826172, 25.485858917236328, 43.365657806396484, -24.494583129882812, -28.98062515258789, 72.15694427490234, -46.42572784423828], [-212.8395233154297, 136.70864868164062, -66.74566650390625, 330.4326477050781, 142.67398071289062, -37.07588577270508, -48.95547866821289, -19.127588272094727, 50.9887580871582, 40.666439056396484, -29.4019718170166, 33.7608642578125, 96.1166763305664], [-476.00146484375, -45.46513366699219, 185.09898376464844, 142.67398071289062, 439.2608642578125, 63.803897857666016, -72.05351257324219, -69.7408447265625, 82.12799835205078, 45.16252517700195, -63.680908203125, 58.527618408203125, 14.187739372253418], [-190.19915771484375, -115.80948638916016, 143.49392700195312, -37.07588577270508, 63.803897857666016, 280.8835754394531, 101.75312042236328, 56.335609436035156, 16.908885955810547, -27.83278465270996, -6.502191543579102, 5.385915756225586, -53.306068420410156], [-74.26923370361328, 35.3442497253418, 14.771587371826172, -48.95547866821289, -72.05351257324219, 101.75312042236328, 219.07362365722656, 93.57147979736328, -21.63970947265625, -39.943031311035156, 37.296165466308594, 9.942018508911133, -2.391014337539673], [201.35411071777344, -76.5769271850586, 25.485858917236328, -19.127588272094727, -69.7408447265625, 56.335609436035156, 93.57147979736328, 160.3092803955078, 13.956562042236328, 4.522843837738037, 43.77191925048828, -4.035882472991943, 29.593061447143555], [-105.59382629394531, -25.446609497070312, 43.365657806396484, 50.9887580871582, 82.12799835205078, 16.908885955810547, -21.63970947265625, 13.956562042236328, 152.76373291015625, 60.41903305053711, 3.6367080211639404, 19.093400955200195, 24.091520309448242], [206.5482940673828, -13.869643211364746, -24.494583129882812, 40.666439056396484, 45.16252517700195, -27.83278465270996, -39.943031311035156, 4.522843837738037, 60.41903305053711, 181.935546875, 56.5246467590332, 25.530725479125977, 51.97335433959961], [220.16851806640625, 4.6830925941467285, -28.98062515258789, -29.4019718170166, -63.680908203125, -6.502191543579102, 37.296165466308594, 43.77191925048828, 3.6367080211639404, 56.5246467590332, 134.60858154296875, 23.00237464904785, 47.35552215576172], [-74.2411880493164, -14.168143272399902, 72.15694427490234, 33.7608642578125, 58.527618408203125, 5.385915756225586, 9.942018508911133, -4.035882472991943, 19.093400955200195, 25.530725479125977, 23.00237464904785, 106.07907104492188, 35.18899154663086], [279.776123046875, 16.085613250732422, -46.42572784423828, 96.1166763305664, 14.187739372253418, -53.306068420410156, -2.391014337539673, 29.593061447143555, 24.091520309448242, 51.97335433959961, 47.35552215576172, 35.18899154663086, 177.39671325683594]], "lowlevel.mfcc.icov": [[0.0005174296093173325, 0.0005549206980504096, 0.00029370083939284086, 0.00023385598615277559, 0.00033409972093068063, 0.00011512666242197156, 0.0002563455782365054, -0.00027963719912804663, 0.00043959595495834947, -0.0004705825122073293, -0.0001485438406234607, 0.0002667014196049422, -0.0007933133165352046], [0.0005549206980504096, 0.0014388627605512738, 0.0008405324770137668, -5.780482024420053e-05, 0.0002639815502334386, 0.0003431006916798651, -0.00024107337230816483, 0.00016238016542047262, 0.0003940774477086961, -0.00034900460741482675, -0.00031521532218903303, 0.00017485265561845154, -0.0006045127520337701], [0.00029370083939284086, 0.0008405324770137668, 0.0022874504793435335, 0.0006712840986438096, -0.0006379078258760273, -0.00033161480678245425, 0.0002357252815272659, -0.0005866882856935263, 5.839583081979072e-06, 0.00023139870609156787, 7.763251051073894e-05, -0.0011643643956631422, -0.00011041839024983346], [0.00023385598615277559, -5.780482024420053e-05, 0.0006712840986438096, 0.005039611365646124, -0.0011928228195756674, 0.0001286197075387463, 0.0006265041301958263, -0.0006442811572924256, -0.00033299167989753187, -0.00032572881900705397, 0.00158775900490582, -0.0006027020863257349, -0.002832119120284915], [0.00033409972093068063, 0.0002639815502334386, -0.0006379078258760273, -0.0011928228195756674, 0.004475465044379234, -0.0012565720826387405, 0.0008147682528942823, 0.001424402347765863, -0.000763111631385982, -0.0011510157492011786, 0.0013517485931515694, -0.0009713196195662022, -0.0007609773892909288], [0.00011512666242197156, 0.0003431006916798651, -0.00033161480678245425, 0.0001286197075387463, -0.0012565720826387405, 0.005729378201067448, -0.0025037939194589853, -0.0012217751936987042, -0.00037400907604023814, 0.00014920895046088845, -0.00015546138456556946, 0.0004412516427692026, 0.00158408610150218], [0.0002563455782365054, -0.00024107337230816483, 0.0002357252815272659, 0.0006265041301958263, 0.0008147682528942823, -0.0025037939194589853, 0.008512063883244991, -0.0038587164599448442, 0.0010312623344361782, 0.0013860876206308603, -0.0011839406797662377, -0.0015275985933840275, -0.000646360800601542], [-0.00027963719912804663, 0.00016238016542047262, -0.0005866882856935263, -0.0006442811572924256, 0.001424402347765863, -0.0012217751936987042, -0.0038587164599448442, 0.010819701477885246, -0.0018808097811415792, -3.647300036391243e-05, -0.0013617414515465498, 0.001586984028108418, -0.0014013228937983513], [0.00043959595495834947, 0.0003940774477086961, 5.839583081979072e-06, -0.00033299167989753187, -0.000763111631385982, -0.00037400907604023814, 0.0010312623344361782, -0.0018808097811415792, 0.009052699431777, -0.0028953752480447292, 0.0003824796876870096, -3.3468546462245286e-05, -0.0007473725127056241], [-0.0004705825122073293, -0.00034900460741482675, 0.00023139870609156787, -0.00032572881900705397, -0.0011510157492011786, 0.00014920895046088845, 0.0013860876206308603, -3.647300036391243e-05, -0.0028953752480447292, 0.008919875137507915, -0.0037174425087869167, -0.0007864965009503067, 0.00010076668695546687], [-0.0001485438406234607, -0.00031521532218903303, 7.763251051073894e-05, 0.00158775900490582, 0.0013517485931515694, -0.00015546138456556946, -0.0011839406797662377, -0.0013617414515465498, 0.0003824796876870096, -0.0037174425087869167, 0.012213625013828278, -0.0024569653905928135, -0.0022565554827451706], [0.0002667014196049422, 0.00017485265561845154, -0.0011643643956631422, -0.0006027020863257349, -0.0009713196195662022, 0.0004412516427692026, -0.0015275985933840275, 0.001586984028108418, -3.3468546462245286e-05, -0.0007864965009503067, -0.0024569653905928135, 0.012773361057043076, -0.0021326083224266768], [-0.0007933133165352046, -0.0006045127520337701, -0.00011041839024983346, -0.002832119120284915, -0.0007609773892909288, 0.00158408610150218, -0.000646360800601542, -0.0014013228937983513, -0.0007473725127056241, 0.00010076668695546687, -0.0022565554827451706, -0.0021326083224266768, 0.010307949967682362]], "metadata.audio_properties.analysis.downmix": "mix", "metadata.audio_properties.codec": "mp3", "metadata.audio_properties.md5_encoded": "fb3033a9a886bba13659ec34891e4d6e", "metadata.tags.file_name": "1182275737345085521.mp3", "metadata.version.essentia": "2.1-beta6-dev", "metadata.version.essentia_git_sha": "v2.1_beta5-1110-g77a6a954", "metadata.version.extractor": "music 2.0", "tonal.chords_key": "A", "tonal.chords_scale": "minor", "tonal.key_edma.key": "D", "tonal.key_edma.scale": "minor", "