{"song_id": "1182283969539084359", "download": "https://cdn.discordapp.com/attachments/1135911532732108921/1182283969539084359/chirp.mp4?ex=658422c0&amp", "lyrics": "\u5728\u7530\u91ce\u95f4\uff0c\u6f2b\u6b65\u7740\u5c0f\u8def\uff0c\n\u4e61\u8ff9\u5370\u8c61\uff0c\u5524\u9192\u5fc3\u4e2d\u7684\u601d\u6545\u4e61\u3002\n\u7eff\u6811\u6210\u836b\uff0c\u9e1f\u8bed\u82b1\u9999\uff0c\n\u513f\u65f6\u7684\u8bb0\u5fc6\uff0c\u5982\u4eca\u4ecd\u5728\u68a6\u4e2d\u8361\u6f3e\u3002", "style": ["random"], "essentia_features": {"lowlevel.average_loudness": 0.946742594242096, "lowlevel.barkbands_crest.mean": 16.09739112854004, "lowlevel.barkbands_crest.stdev": 3.930919647216797, "lowlevel.barkbands_flatness_db.mean": 0.3574690520763397, "lowlevel.barkbands_flatness_db.stdev": 0.10360840708017349, "lowlevel.barkbands_kurtosis.mean": 55.78190231323242, "lowlevel.barkbands_kurtosis.stdev": 57.1724853515625, "lowlevel.barkbands_skewness.mean": 4.872481822967529, "lowlevel.barkbands_skewness.stdev": 2.510298728942871, "lowlevel.barkbands_spread.mean": 4.6064534187316895, "lowlevel.barkbands_spread.stdev": 8.350231170654297, "lowlevel.dissonance.mean": 0.4295267164707184, "lowlevel.dissonance.stdev": 0.05188022926449776, "lowlevel.dynamic_complexity": 2.310601234436035, "lowlevel.erbbands_crest.mean": 13.391936302185059, "lowlevel.erbbands_crest.stdev": 4.952814102172852, "lowlevel.erbbands_flatness_db.mean": 0.2195349931716919, "lowlevel.erbbands_flatness_db.stdev": 0.06493271142244339, "lowlevel.erbbands_kurtosis.mean": 4.120203018188477, "lowlevel.erbbands_kurtosis.stdev": 6.422417640686035, "lowlevel.erbbands_skewness.mean": 1.5402804613113403, "lowlevel.erbbands_skewness.stdev": 1.3948482275009155, "lowlevel.erbbands_spread.mean": 37.36250686645508, "lowlevel.erbbands_spread.stdev": 27.265026092529297, "lowlevel.hfc.mean": 14.833218574523926, "lowlevel.hfc.stdev": 14.724696159362793, "lowlevel.loudness_ebu128.integrated": -12.284326553344727, "lowlevel.loudness_ebu128.loudness_range": 3.8548030853271484, "lowlevel.loudness_ebu128.momentary.mean": -12.935340881347656, "lowlevel.loudness_ebu128.momentary.stdev": 2.661409378051758, "lowlevel.loudness_ebu128.short_term.mean": -12.645186424255371, "lowlevel.loudness_ebu128.short_term.stdev": 1.9094297885894775, "lowlevel.melbands_crest.mean": 19.3550968170166, "lowlevel.melbands_crest.stdev": 4.396512031555176, "lowlevel.melbands_flatness_db.mean": 0.4676051735877991, "lowlevel.melbands_flatness_db.stdev": 0.12195960432291031, "lowlevel.melbands_kurtosis.mean": 82.39505767822266, "lowlevel.melbands_kurtosis.stdev": 70.1320571899414, "lowlevel.melbands_skewness.mean": 5.4805073738098145, "lowlevel.melbands_skewness.stdev": 2.5936009883880615, "lowlevel.melbands_spread.mean": 3.3183860778808594, "lowlevel.melbands_spread.stdev": 7.9170241355896, "lowlevel.pitch_salience.mean": 0.4137035012245178, "lowlevel.pitch_salience.stdev": 0.1096992939710617, "lowlevel.silence_rate_20dB.mean": 1.0, "lowlevel.silence_rate_20dB.stdev": 0.0, "lowlevel.silence_rate_30dB.mean": 0.5834298729896545, "lowlevel.silence_rate_30dB.stdev": 0.49299156665802, "lowlevel.silence_rate_60dB.mean": 0.005793742835521698, "lowlevel.silence_rate_60dB.stdev": 0.07589458674192429, "lowlevel.spectral_centroid.mean": 403.64483642578125, "lowlevel.spectral_centroid.stdev": 539.989990234375, "lowlevel.spectral_complexity.mean": 7.713209629058838, "lowlevel.spectral_complexity.stdev": 5.099769592285156, "lowlevel.spectral_decrease.mean": -2.3373980084784307e-08, "lowlevel.spectral_decrease.stdev": 1.1532844013117938e-08, "lowlevel.spectral_energy.mean": 0.0895640105009079, "lowlevel.spectral_energy.stdev": 0.0441032275557518, "lowlevel.spectral_energyband_high.mean": 0.0004577499639708549, "lowlevel.spectral_energyband_high.stdev": 0.001699888496659696, "lowlevel.spectral_energyband_low.mean": 0.08015326410531998, "lowlevel.spectral_energyband_low.stdev": 0.04241464287042618, "lowlevel.spectral_energyband_middle_high.mean": 0.0016448269598186016, "lowlevel.spectral_energyband_middle_high.stdev": 0.0039060572162270546, "lowlevel.spectral_energyband_middle_low.mean": 0.017699109390378, "lowlevel.spectral_energyband_middle_low.stdev": 0.01692579872906208, "lowlevel.spectral_entropy.mean": 6.165669918060303, "lowlevel.spectral_entropy.stdev": 0.889355480670929, "lowlevel.spectral_flux.mean": 0.06647287309169769, "lowlevel.spectral_flux.stdev": 0.047412484884262085, "lowlevel.spectral_kurtosis.mean": 23.418659210205078, "lowlevel.spectral_kurtosis.stdev": 40.90961456298828, "lowlevel.spectral_rms.mean": 0.008987526409327984, "lowlevel.spectral_rms.stdev": 0.002569836098700762, "lowlevel.spectral_rolloff.mean": 250.0614013671875, "lowlevel.spectral_rolloff.stdev": 887.6402587890625, "lowlevel.spectral_skewness.mean": 3.072563409805298, "lowlevel.spectral_skewness.stdev": 2.361711025238037, "lowlevel.spectral_spread.mean": 3502762.5, "lowlevel.spectral_spread.stdev": 2093178.625, "lowlevel.spectral_strongpeak.mean": 0.8126583099365234, "lowlevel.spectral_strongpeak.stdev": 0.47280117869377136, "lowlevel.zerocrossingrate.mean": 0.015886962413787842, "lowlevel.zerocrossingrate.stdev": 0.03567548096179962, "metadata.audio_properties.analysis.equal_loudness": 0.0, "metadata.audio_properties.analysis.length": 40.04265213012695, "metadata.audio_properties.analysis.sample_rate": 44100.0, "metadata.audio_properties.analysis.start_time": 0.0, "metadata.audio_properties.bit_rate": 113662.0, "metadata.audio_properties.length": 40.042667388916016, "metadata.audio_properties.lossless": 0.0, "metadata.audio_properties.number_channels": 1.0, "metadata.audio_properties.replay_gain": -11.44012451171875, "metadata.audio_properties.sample_rate": 48000.0, "rhythm.beats_count": 93.0, "rhythm.beats_loudness.mean": 0.10891093313694, "rhythm.beats_loudness.stdev": 0.04600048065185547, "rhythm.bpm": 142.10806274414062, "rhythm.bpm_histogram_first_peak_bpm": 144.0, "rhythm.bpm_histogram_first_peak_weight": 0.44999998807907104, "rhythm.bpm_histogram_second_peak_bpm": 136.0, "rhythm.bpm_histogram_second_peak_spread": 0.08333331346511841, "rhythm.bpm_histogram_second_peak_weight": 0.1195652186870575, "rhythm.danceability": 1.0620193481445312, "rhythm.onset_rate": 3.1956522464752197, "tonal.chords_changes_rate": 0.0416666679084301, "tonal.chords_number_rate": 0.011574073694646358, "tonal.chords_strength.mean": 0.4719090759754181, "tonal.chords_strength.stdev": 0.07477647066116333, "tonal.hpcp_crest.mean": 13.706615447998047, "tonal.hpcp_crest.stdev": 5.271318435668945, "tonal.hpcp_entropy.mean": 1.8376024961471558, "tonal.hpcp_entropy.stdev": 0.5603450536727905, "tonal.key_edma.strength": 0.6749343276023865, "tonal.key_krumhansl.strength": 0.6562811136245728, "tonal.key_temperley.strength": 0.6049766540527344, "tonal.tuning_diatonic_strength": 0.47017332911491394, "tonal.tuning_equal_tempered_deviation": 0.04351628199219704, "tonal.tuning_frequency": 441.0177917480469, "tonal.tuning_nontempered_energy_ratio": 0.6597909927368164, "lowlevel.barkbands.mean": [0.0006585549563169479, 0.04600933939218521, 0.023155508562922478, 0.013072021305561066, 0.0019922074861824512, 0.0008203350007534027, 0.0006950600654818118, 0.0005266615771688521, 0.0004616432124748826, 0.00046253850450739264, 0.0003071768442168832, 0.000221726339077577, 0.00016802527534309775, 0.00015897305274847895, 9.518866863800213e-05, 0.00013747731281910092, 5.882561890757643e-05, 5.151710138306953e-05, 4.339504812378436e-05, 2.8963009754079394e-05, 0.00018575805006548762, 8.807822450762615e-05, 4.815041029360145e-05, 5.5363376304740086e-05, 4.034551966469735e-05, 2.1205234588705935e-05, 1.6284981541048182e-07], "lowlevel.barkbands.stdev": [0.0017929763998836279, 0.028816362842917442, 0.026638900861144066, 0.014440638944506645, 0.004776835907250643, 0.002054335782304406, 0.002647530287504196, 0.002039168728515506, 0.002256268635392189, 0.002327693859115243, 0.0018060641596093774, 0.0009137568413279951, 0.0006305372226051986, 0.00047196209197863936, 0.0003827564069069922, 0.0008471678011119366, 0.00023017915373202413, 0.00013985062832944095, 0.00014293704589363188, 0.0001233890070579946, 0.0006667444249615073, 0.00037476886063814163, 0.00021527659555431455, 0.0002878362138289958, 0.00018782075494527817, 9.824316657613963e-05, 1.0477816658749362e-06], "lowlevel.erbbands.mean": [1.3246996402740479, 10.527883529663086, 23.523469924926758, 45.32563018798828, 14.904208183288574, 7.423593997955322, 4.215208530426025, 7.589081764221191, 11.390402793884277, 7.96486759185791, 13.551788330078125, 11.371684074401855, 10.187308311462402, 16.337722778320312, 12.25442123413086, 8.408553123474121, 7.650691986083984, 9.073762893676758, 6.279202461242676, 5.825141906738281, 6.029359340667725, 3.146132230758667, 3.0444886684417725, 2.9890928268432617, 1.2940380573272705, 1.5115206241607666, 5.568532466888428, 7.004103183746338, 3.573613166809082, 2.0229530334472656, 1.260127305984497, 1.1757386922836304, 0.9166979193687439, 0.5278306007385254, 0.2353144735097885, 0.11396272480487823, 0.035375431180000305, 0.003620943520218134, 0.00011263648775639012, 0.00010147193825105205], "lowlevel.erbbands.stdev": [1.004563331604004, 6.663125514984131, 23.82848358154297, 37.649837493896484, 14.638096809387207, 19.30542755126953, 9.802763938903809, 21.268173217773438, 41.14265823364258, 28.448883056640625, 56.20772171020508, 52.559146881103516, 55.42131423950195, 98.46409606933594, 47.1593017578125, 26.458269119262695, 27.978792190551758, 24.056970596313477, 20.982410430908203, 31.845252990722656, 28.429424285888672, 9.711953163146973, 8.094757080078125, 9.029603004455566, 4.643881797790527, 6.388837814331055, 20.91148567199707, 25.67426109313965, 15.172783851623535, 8.769309997558594, 5.654026508331299, 5.946403980255127, 4.840907573699951, 2.497441530227661, 1.1026825904846191, 0.5882613658905029, 0.15235896408557892, 0.016946684569120407, 0.00032329876557923853, 5.154600876267068e-05], "lowlevel.gfcc.mean": [-94.60147094726562, 156.42941284179688, -64.86540222167969, 54.64501190185547, -19.17123031616211, 23.735477447509766, -5.63766622543335, -5.675236225128174, -15.148723602294922, -3.728407621383667, -10.03004264831543, -8.841909408569336, -6.546202182769775], "lowlevel.melbands.mean": [0.012758315540850163, 0.012913267128169537, 0.0065191141329705715, 0.0006599032785743475, 0.00015773675113450736, 0.00016956317995209247, 0.00016865173529367894, 8.699544559931383e-05, 0.00011415917833801359, 6.483067409135401e-05, 5.0005204684566706e-05, 6.69879445922561e-05, 4.084678221261129e-05, 2.9107590307830833e-05, 1.5935256669763476e-05, 1.724580943118781e-05, 1.700672146398574e-05, 1.020103445625864e-05, 6.073857093724655e-06, 1.1028787412215024e-05, 5.945594239165075e-06, 3.1951881283021066e-06, 3.2304744763678173e-06, 2.2126519070297945e-06, 2.5687522793305106e-06, 1.041233758769522e-06, 7.174000415943738e-07, 9.657559303377639e-07, 2.4334162844752427e-06, 5.697464530385332e-06, 3.346895482536638e-06, 2.1082851162645966e-06, 1.4031566024641506e-06, 1.0067232096844236e-06, 6.961251983739203e-07, 7.202858682830993e-07, 7.134229917937773e-07, 6.642690664193651e-07, 5.642864380206447e-07, 3.968469570736488e-07], "lowlevel.melbands.stdev": [0.00825430266559124, 0.008711148984730244, 0.005035491660237312, 0.0012810842599719763, 0.0003616575268097222, 0.00046419809223152697, 0.0005941393901593983, 0.0002958594122901559, 0.00048089283518493176, 0.0003018089337274432, 0.0002752311993390322, 0.0004032670403830707, 0.0001867258397396654, 0.00011348812404321507, 6.759184179827571e-05, 5.6889170082286e-05, 4.752446329803206e-05, 3.442498200456612e-05, 2.5989207642851397e-05, 7.880950579419732e-05, 2.800900074362289e-05, 1.1491162695165258e-05, 9.032532034325413e-06, 5.697456799680367e-06, 8.226801583077759e-06, 3.9300566641031764e-06, 3.0618439268437214e-06, 4.366120265331119e-06, 9.661412150308024e-06, 2.068207504635211e-05, 1.2998445527045988e-05, 9.19814374356065e-06, 6.3366401263920125e-06, 4.462658125703456e-06, 3.120912879239768e-06, 3.6512224141915794e-06, 3.6467065456236014e-06, 3.6289775380282663e-06, 2.8574290809046943e-06, 1.871877429948654e-06], "lowlevel.melbands128.mean": [0.0006076745339669287, 0.008682791143655777, 0.020800631493330002, 0.015414278022944927, 0.011285217478871346, 0.01184296328574419, 0.010865609161555767, 0.004313436336815357, 0.0007950541912578046, 0.0007165336865000427, 0.0003625775862019509, 0.00012324666022323072, 0.00014139222912490368, 0.00012221978977322578, 0.0001710276264930144, 0.0001966642594197765, 0.00019100529607385397, 0.00018688009004108608, 0.00011339902266627178, 7.01942335581407e-05, 7.890881533967331e-05, 0.00010590827878331766, 0.00013235626101959497, 0.00010779120202641934, 7.716937398072332e-05, 4.5558492274722084e-05, 3.547837332007475e-05, 5.729855547542684e-05, 4.416874799062498e-05, 8.686175715411082e-05, 6.727731670252979e-05, 4.770778105012141e-05, 3.297149305581115e-05, 4.4630683987634256e-05, 3.5426957765594125e-05, 2.382903767284006e-05, 2.071503877232317e-05, 1.2003301890217699e-05, 1.651458296691999e-05, 1.716293627396226e-05, 1.7697650037007406e-05, 1.6568070350331254e-05, 1.655736195971258e-05, 2.07301873160759e-05, 8.522841199010145e-06, 8.841058843245264e-06, 1.1805422218458261e-05, 4.207922756904736e-06, 4.4520738811115734e-06, 7.214264769572765e-06, 1.6033200154197402e-05, 1.0027169082604814e-05, 5.274013346934225e-06, 5.6355011111008935e-06, 3.629379989433801e-06, 2.977529675263213e-06, 2.3110535494197393e-06, 3.4168383535870817e-06, 3.727427383637405e-06, 2.902407459259848e-06, 1.581565243213845e-06, 1.7485884882262326e-06, 3.671801778182271e-06, 2.6536392851994606e-06, 1.29019201722258e-06, 9.299447469857114e-07, 1.0091173408000031e-06, 5.317486966305296e-07, 7.453526791323384e-07, 8.107258508971427e-07, 7.769964440740296e-07, 1.2240374189786962e-06, 1.2576782637552242e-06, 2.3507323021476623e-06, 3.869664851663401e-06, 6.16427405475406e-06, 7.050185104162665e-06, 4.093768438906409e-06, 2.9925145099696238e-06, 2.1168134480831213e-06, 2.229307483503362e-06, 2.140728383892565e-06, 1.7040031252690824e-06, 1.282267021451844e-06, 1.2152224826422753e-06, 1.1078058150815195e-06, 9.400566796102794e-07, 7.972370212883106e-07, 6.459101768996334e-07, 6.24954225258989e-07, 7.492350277971127e-07, 7.128449510673818e-07, 7.470759442185226e-07, 7.442184255523898e-07, 6.541163202200551e-07, 7.08339598531893e-07, 6.611812750634272e-07, 6.209581897564931e-07, 5.364525463846803e-07, 5.917947305533744e-07, 4.758276759275759e-07, 3.7483596315723844e-07, 2.8260183171369135e-07, 2.4982415425256477e-07, 2.665058218553895e-07, 2.470125650688715e-07, 2.6206572556475294e-07, 2.1173958941744786e-07, 1.894122760859318e-07, 1.8831325121482223e-07, 1.5527857044617122e-07, 1.1615525608021926e-07, 1.092860486551217e-07, 1.0353794266393379e-07, 6.62018422303845e-08, 3.7516755924116296e-08, 6.945164443550311e-09, 6.407161468047207e-10, 1.593150091017126e-11, 1.5273549786032348e-11, 1.491831658206877e-11, 1.4636299117132268e-11, 1.4299531177208724e-11, 1.4059932905430284e-11, 1.3828584978503589e-11, 1.359679903389921e-11, 1.344824425431046e-11, 1.3371427229347255e-11], "lowlevel.melbands128.stdev": [0.0017187726916745305, 0.008899812586605549, 0.013649153523147106, 0.011037877760827541, 0.01124038826674223, 0.012480813078582287, 0.009806591086089611, 0.004503415897488594, 0.0010232990607619286, 0.0022431020624935627, 0.001017833361402154, 0.0004203974676784128, 0.00041475603939034045, 0.00033002576674334705, 0.0005932432250119746, 0.0007881700876168907, 0.0008527211030013859, 0.0008359645144082606, 0.000566537375561893, 0.00039522573933936656, 0.0003178851620759815, 0.0005470914766192436, 0.0006807352183386683, 0.0007388865342363715, 0.0004594946512952447, 0.00029184159939177334, 0.0002545285678934306, 0.00048244939534924924, 0.00023589743068441749, 0.0005994178936816752, 0.0006403779843822122, 0.00037619241629727185, 0.00021392434427980334, 0.00020584402955137193, 0.00024133292026817799, 9.774165664566681e-05, 8.495726069668308e-05, 7.502680091420189e-05, 0.00011784290109062567, 9.756942745298147e-05, 6.164995284052566e-05, 8.318905747728422e-05, 4.944232205161825e-05, 8.655535930301994e-05, 3.9769947761669755e-05, 3.7894646084168926e-05, 5.983569280942902e-05, 3.5910645237891003e-05, 2.0088886230951175e-05, 5.158153726370074e-05, 0.00015440001152455807, 5.763189619756304e-05, 3.7209516449365765e-05, 3.7122339563211426e-05, 2.0337050955276936e-05, 1.0999038750014734e-05, 8.290717232739553e-06, 1.1100796655227896e-05, 1.3552389646065421e-05, 9.880835023068357e-06, 4.921170329907909e-06, 6.590060820599319e-06, 9.866069376585074e-06, 1.2446343134797644e-05, 5.950631930318195e-06, 3.4023832995444536e-06, 4.3160812310816254e-06, 2.956281150545692e-06, 3.4532174595369725e-06, 3.9080750866560265e-06, 4.562989488476887e-06, 5.533953753911192e-06, 5.199680799705675e-06, 1.0320716683054343e-05, 1.759422775649e-05, 2.4725608454900794e-05, 2.564210444688797e-05, 1.7062326151062734e-05, 1.2694249562628102e-05, 9.782443157746457e-06, 1.0330224540666677e-05, 9.771602890396025e-06, 9.173026228381786e-06, 5.8833061302721035e-06, 5.645896635542158e-06, 5.440760560304625e-06, 4.4701937440549955e-06, 3.6669523524324177e-06, 3.1544088869850384e-06, 3.0989788228907855e-06, 4.114106104680104e-06, 3.9642218325752765e-06, 4.073653144587297e-06, 4.006003109680023e-06, 3.403485834496678e-06, 4.212294697936159e-06, 3.8359794416464865e-06, 3.6506016840576194e-06, 2.8251308776816586e-06, 3.1264683002518723e-06, 2.4277426291519077e-06, 1.8716616523306584e-06, 1.4718539205205161e-06, 1.255395886801125e-06, 1.4034914102012408e-06, 1.1138704394397791e-06, 1.3783864005745272e-06, 1.2371763205010211e-06, 1.2420410939739668e-06, 9.356496661894198e-07, 7.293191401913646e-07, 5.257023190097243e-07, 4.962595312463236e-07, 4.939043947160826e-07, 3.3400974075448175e-07, 2.2154927137307823e-07, 4.211964110822919e-08, 6.240358452203054e-09, 2.1702292740677365e-11, 2.0596456831722953e-11, 2.0105334064268732e-11, 1.9672491066713427e-11, 1.9277168403220024e-11, 1.8948854638156654e-11, 1.8674227095227813e-11, 1.8455478464907138e-11, 1.829620829840728e-11, 1.8197922335705385e-11], "lowlevel.mfcc.mean": [-754.9347534179688, 180.87509155273438, 31.700117111206055, 50.97905731201172, 18.888622283935547, 38.72064208984375, 19.296689987182617, 13.985756874084473, 10.505315780639648, -0.8614821434020996, 9.32099437713623, 3.0276904106140137, -9.52353572845459], "lowlevel.spectral_contrast_coeffs.mean": [-0.6259250044822693, -0.7474610805511475, -0.7537539005279541, -0.7798187732696533, -0.786148726940155, -0.7238602042198181], "lowlevel.spectral_contrast_coeffs.stdev": [0.07893429696559906, 0.07890299707651138, 0.06612005084753036, 0.05257798358798027, 0.04841854050755501, 0.06486030668020248], "lowlevel.spectral_contrast_valleys.mean": [-6.355613708496094, -7.907442569732666, -8.665567398071289, -9.089958190917969, -9.399768829345703, -12.308187484741211], "lowlevel.spectral_contrast_valleys.stdev": [0.9546924233436584, 1.091605544090271, 1.1497606039047241, 1.2569659948349, 1.4769761562347412, 1.7464139461517334], "rhythm.beats_loudness_band_ratio.mean": [0.9233719110488892, 0.03508778661489487, 0.024002594873309135, 0.016572508960962296, 0.0058348523452878, 0.0037364161107689142], "rhythm.beats_loudness_band_ratio.stdev": [0.1149991899728775, 0.060224562883377075, 0.052536334842443466, 0.03573670983314514, 0.013608218170702457, 0.009557737968862057], "tonal.hpcp.mean": [0.13690787553787231, 0.09129943698644638, 0.23312710225582123, 0.2877395749092102, 0.12641651928424835, 0.026035843417048454, 0.018601536750793457, 0.01823517307639122, 0.02359723299741745, 0.028553461655974388, 0.025766251608729362, 0.020830074325203896, 0.025120820850133896, 0.05207685008645058, 0.2822307050228119, 0.45881304144859314, 0.22568322718143463, 0.017619701102375984, 0.005846840795129538, 0.004430314060300589, 0.01739692874252796, 0.0273536816239357, 0.01849328726530075, 0.02620527893304825, 0.02963871881365776, 0.010229360312223434, 0.003246486186981201, 0.0032228168565779924, 0.00386629207059741, 0.009266000241041183, 0.012243567034602165, 0.009200491942465305, 0.0054939682595431805, 0.004895379301160574, 0.04842648655176163, 0.14609754085540771], "tonal.hpcp.stdev": [0.2810053825378418, 0.18720509111881256, 0.3656668961048126, 0.43200263381004333, 0.2372778058052063, 0.11535336077213287, 0.11167362332344055, 0.11069084703922272, 0.11466790735721588, 0.12911675870418549, 0.12641452252864838, 0.11432702094316483, 0.12628090381622314, 0.17290455102920532, 0.32869309186935425, 0.47649452090263367, 0.2757449746131897, 0.08600790053606033, 0.04450181499123573, 0.03999192640185356, 0.06098632141947746, 0.09068731218576431, 0.06275603175163269, 0.11584150046110153, 0.1333436816930771, 0.04464250057935715, 0.022305207327008247, 0.02195705845952034, 0.0297012310475111, 0.049433331936597824, 0.06775254011154175, 0.07023272663354874, 0.04833833873271942, 0.041385553777217865, 0.1473226249217987, 0.32095637917518616], "rhythm.beats_position": [0.41795918345451355, 0.8591383099555969, 1.300317406654358, 1.7414965629577637, 2.1710658073425293, 2.6122448444366455, 3.0534238815307617, 3.494603157043457, 3.9241721630096436, 4.353741645812988, 4.783310413360596, 5.212879657745361, 5.642448902130127, 6.072018146514893, 6.501587390899658, 6.931156158447266, 7.360725402832031, 7.778684616088867, 8.196643829345703, 8.614603042602539, 9.044172286987305, 9.450521469116211, 9.868480682373047, 10.286439895629883, 10.704399108886719, 11.133968353271484, 11.55192756652832, 11.981496810913086, 12.411065101623535, 12.85224437713623, 13.281813621520996, 13.699772834777832, 14.106122016906738, 14.524081230163574, 14.94204044342041, 15.371609687805176, 15.789568901062012, 16.20752716064453, 16.625486373901367, 17.043445587158203, 17.46140480041504, 17.879364013671875, 18.30893325805664, 18.738502502441406, 19.156461715698242, 19.574420928955078, 19.992380142211914, 20.41033935546875, 20.828298568725586, 21.246257781982422, 21.675827026367188, 22.093786239624023, 22.52335548400879, 22.964534759521484, 23.39410400390625, 23.823673248291016, 24.24163246154785, 24.671201705932617, 25.100770950317383, 25.51873016357422, 25.936689376831055, 26.35464859008789, 26.772607803344727, 27.190567016601562, 27.6085262298584, 28.026485443115234, 28.43283462524414, 28.850793838500977, 29.268753051757812, 29.68671226501465, 30.116281509399414, 30.53424072265625, 30.952198028564453, 31.38176727294922, 31.799726486206055, 32.22929763793945, 32.647254943847656, 33.088436126708984, 33.52961349487305, 33.947574615478516, 34.36553192138672, 34.78349304199219, 35.20145034790039, 35.61941146850586, 36.03736877441406, 36.46693801879883, 36.896507263183594, 37.32607650756836, 37.755645751953125, 38.18521499633789, 38.62639236450195, 39.05596160888672, 39.508750915527344], "rhythm.bpm_histogram": [0.0, 0.0, 0.0, 0.0, 0.0, 0.0, 0.0, 0.0, 0.0, 0.0, 0.0, 0.0, 0.0, 0.0, 0.0, 0.0, 0.0, 0.0, 0.0, 0.0, 0.0, 0.0, 0.0, 0.0, 0.0, 0.0, 0.0, 0.0, 0.0, 0.0, 0.0, 0.0, 0.0, 0.0, 0.0, 0.0, 0.0, 0.0, 0.0, 0.0, 0.0, 0.0, 0.0, 0.0, 0.0, 0.0, 0.0, 0.0, 0.0, 0.0, 0.0, 0.0, 0.0, 0.0, 0.0, 0.0, 0.0, 0.0, 0.0, 0.0, 0.0, 0.0, 0.0, 0.0, 0.0, 0.0, 0.0, 0.0, 0.0, 0.0, 0.0, 0.0, 0.0, 0.0, 0.0, 0.0, 0.0, 0.0, 0.0, 0.0, 0.0, 0.0, 0.0, 0.0, 0.0, 0.0, 0.0, 0.0, 0.0, 0.0, 0.0, 0.0, 0.0, 0.0, 0.0, 0.0, 0.0, 0.0, 0.0, 0.0, 0.0, 0.0, 0.0, 0.0, 0.0, 0.0, 0.0, 0.0, 0.0, 0.0, 0.0, 0.0, 0.0, 0.0, 0.0, 0.0, 0.0, 0.0, 0.0, 0.0, 0.0, 0.0, 0.0, 0.0, 0.0, 0.0, 0.0, 0.0, 0.0, 0.0, 0.0, 0.0, 0.0, 0.010869565419852734, 0.0, 0.0, 0.1195652186870575, 0.0, 0.0, 0.0, 0.3586956560611725, 0.0, 0.0, 0.0, 0.47826087474823, 0.0, 0.0, 0.0, 0.032608695328235626, 0.0, 0.0, 0.0, 0.0, 0.0, 0.0, 0.0, 0.0, 0.0, 0.0, 0.0, 0.0, 0.0, 0.0, 0.0, 0.0, 0.0, 0.0, 0.0, 0.0, 0.0, 0.0, 0.0, 0.0, 0.0, 0.0, 0.0, 0.0, 0.0, 0.0, 0.0, 0.0, 0.0, 0.0, 0.0, 0.0, 0.0, 0.0, 0.0, 0.0, 0.0, 0.0, 0.0, 0.0, 0.0, 0.0, 0.0, 0.0, 0.0, 0.0, 0.0, 0.0, 0.0, 0.0, 0.0, 0.0, 0.0, 0.0, 0.0, 0.0, 0.0, 0.0, 0.0, 0.0, 0.0, 0.0, 0.0, 0.0, 0.0, 0.0, 0.0, 0.0, 0.0, 0.0, 0.0, 0.0, 0.0, 0.0, 0.0, 0.0, 0.0, 0.0, 0.0, 0.0, 0.0, 0.0, 0.0, 0.0, 0.0, 0.0, 0.0, 0.0, 0.0, 0.0, 0.0, 0.0, 0.0, 0.0, 0.0, 0.0, 0.0], "tonal.chords_histogram": [18.518518447875977, 14.583333015441895, 13.657407760620117, 6.597222328186035, 1.6203703880310059, 0.0, 0.0, 19.79166603088379, 0.0, 3.935185194015503, 0.11574073880910873, 14.004630088806152, 0.0, 0.0, 0.0, 0.0, 0.0, 0.0, 5.671296119689941, 0.0, 0.23148147761821747, 0.0, 0.0, 1.2731481790542603], "tonal.thpcp": [1.0, 0.4918849468231201, 0.03840279206633568, 0.012743405997753143, 0.009656033478677273, 0.03791724890470505, 0.05961836129426956, 0.040306802839040756, 0.057115375995635986, 0.0645986869931221, 0.0222952701151371, 0.007075836881995201, 0.007024248596280813, 0.008426726795732975, 0.02019559033215046, 0.026685306802392006, 0.02005281299352646, 0.011974306777119637, 0.01066966075450182, 0.10554731637239456, 0.3184249997138977, 0.2983957827091217, 0.19899049401283264, 0.5081091523170471, 0.6271390318870544, 0.2755294740200043, 0.05674608424305916, 0.040542736649513245, 0.03974423557519913, 0.051431041210889816, 0.062233325093984604, 0.05615849792957306, 0.04539991915225983, 0.05475175753235817, 0.11350341886281967, 0.6151322722434998], "lowlevel.gfcc.cov": [[12838.921875, -3101.788330078125, -1533.2158203125, 1018.65869140625, -1361.1439208984375, 672.7681884765625, -688.62451171875, 823.1183471679688, -386.87860107421875, 610.3734741210938, -854.8700561523438, 245.8461456298828, -319.3331604003906], [-3101.788330078125, 2697.98095703125, 27.523488998413086, -668.9078369140625, 648.2376708984375, -510.62359619140625, 434.16009521484375, -473.37176513671875, 256.8673400878906, -392.41375732421875, 479.4052429199219, -190.8551025390625, 191.86087036132812], [-1533.2158203125, 27.523488998413086, 937.5831909179688, -167.55389404296875, 52.31001663208008, 93.17109680175781, 20.824087142944336, 29.809886932373047, 2.877580165863037, 39.42066955566406, 31.786680221557617, 40.2346076965332, 27.77444839477539], [1018.65869140625, -668.9078369140625, -167.55389404296875, 612.7020263671875, 19.819259643554688, 81.21349334716797, -21.055837631225586, -16.601106643676758, -43.061344146728516, -24.23687744140625, -98.3363037109375, -7.119838237762451, -27.437101364135742], [-1361.1439208984375, 648.2376708984375, 52.31001663208008, 19.819259643554688, 529.4055786132812, -120.55757141113281, 172.14114379882812, -182.60752868652344, 92.02015686035156, -169.80386352539062, 111.15229034423828, -83.93463897705078, 46.206398010253906], [672.7681884765625, -510.62359619140625, 93.17109680175781, 81.21349334716797, -120.55757141113281, 234.7746124267578, -23.447975158691406, 93.11680603027344, -66.70130157470703, 73.9384994506836, -91.72645568847656, 11.676495552062988, -35.9018440246582], [-688.62451171875, 434.16009521484375, 20.824087142944336, -21.055837631225586, 172.14114379882812, -23.447975158691406, 354.7364196777344, -77.28585052490234, 28.590314865112305, -113.77818298339844, 75.18379211425781, -65.51779174804688, 19.209365844726562], [823.1183471679688, -473.37176513671875, 29.809886932373047, -16.601106643676758, -182.60752868652344, 93.11680603027344, -77.28585052490234, 258.4498596191406, -15.678035736083984, 117.2276840209961, -117.92180633544922, 59.86338806152344, -25.79352378845215], [-386.87860107421875, 256.8673400878906, 2.877580165863037, -43.061344146728516, 92.02015686035156, -66.70130157470703, 28.590314865112305, -15.678035736083984, 144.45687866210938, -6.511997222900391, 26.820093154907227, -18.629810333251953, 35.1488037109375], [610.3734741210938, -392.41375732421875, 39.42066955566406, -24.23687744140625, -169.80386352539062, 73.9384994506836, -113.77818298339844, 117.2276840209961, -6.511997222900391, 172.36463928222656, -70.82971954345703, 52.55793380737305, -32.714691162109375], [-854.8700561523438, 479.4052429199219, 31.786680221557617, -98.3363037109375, 111.15229034423828, -91.72645568847656, 75.18379211425781, -117.92180633544922, 26.820093154907227, -70.82971954345703, 172.30105590820312, -21.509565353393555, 32.00187683105469], [245.8461456298828, -190.8551025390625, 40.2346076965332, -7.119838237762451, -83.93463897705078, 11.676495552062988, -65.51779174804688, 59.86338806152344, -18.629810333251953, 52.55793380737305, -21.509565353393555, 98.63167572021484, 9.364027976989746], [-319.3331604003906, 191.86087036132812, 27.77444839477539, -27.437101364135742, 46.206398010253906, -35.9018440246582, 19.209365844726562, -25.79352378845215, 35.1488037109375, -32.714691162109375, 32.00187683105469, 9.364027976989746, 93.36101531982422]], "lowlevel.gfcc.icov": [[0.0005096899112686515, -0.0015564908972010016, 0.0007351693930104375, -0.0017700839089229703, 0.0007574025657959282, -0.0017814210150390863, 0.0007037761970423162, -0.0012250244617462158, 0.0011242772452533245, -0.001480272738263011, 0.0019634028431028128, -0.001326023368164897, 0.0011779697379097342], [-0.0015564908972010016, 0.008985737338662148, -0.0020774577278643847, 0.009053472429513931, -0.0030850707553327084, 0.008666672743856907, -0.003691166639328003, 0.005819155368953943, -0.00571204861626029, 0.007424717303365469, -0.009066730737686157, 0.006699333433061838, -0.00609632907435298], [0.0007351693930104375, -0.0020774577278643847, 0.002395007060840726, -0.001998800551518798, 0.0005999745917506516, -0.0034175042528659105, 0.0009349632309749722, -0.0017102943966165185, 0.0015188909601420164, -0.00230636284686625, 0.0023259965237230062, -0.002497904933989048, 0.0012811410706490278], [-0.0017700839089229703, 0.009053472429513931, -0.001998800551518798, 0.011477946303784847, -0.0036385401617735624, 0.008050438947975636, -0.00362398661673069, 0.006818249821662903, -0.005771941039711237, 0.008354146964848042, -0.007947739213705063, 0.006271397229284048, -0.005970249883830547], [0.0007574025657959282, -0.0030850707553327084, 0.0005999745917506516, -0.0036385401617735624, 0.004999514203518629, -0.002718406030908227, 0.0007592327310703695, -0.0011455888161435723, 0.0002378878416493535, -0.0005898985546082258, 0.003429982578381896, -0.0017085795989260077, 0.0023897357750684023], [-0.0017814210150390863, 0.008666672743856907, -0.0034175042528659105, 0.008050438947975636, -0.002718406030908227, 0.016485638916492462, -0.004650169052183628, 0.004923979286104441, -0.0027358720544725657, 0.00491561321541667, -0.0071068755351006985, 0.008746638894081116, -0.006207635160535574], [0.0007037761970423162, -0.003691166639328003, 0.0009349632309749722, -0.00362398661673069, 0.0007592327310703695, -0.004650169052183628, 0.005652373656630516, -0.003091971157118678, 0.0018799316603690386, -0.0009104309719987214, 0.002609657123684883, -0.0015591048868373036, 0.0027033889200538397], [-0.0012250244617462158, 0.005819155368953943, -0.0017102943966165185, 0.006818249821662903, -0.0011455888161435723, 0.004923979286104441, -0.003091971157118678, 0.012078624218702316, -0.004962151870131493, 0.003114852122962475, -0.0021136736031621695, 0.0018545103957876563, -0.0037042666226625443], [0.0011242772452533245, -0.00571204861626029, 0.0015188909601420164, -0.005771941039711237, 0.0002378878416493535, -0.0027358720544725657, 0.0018799316603690386, -0.004962151870131493, 0.014247122220695019, -0.008568037301301956, 0.006100562401115894, -0.0015371275367215276, 0.00020524364663287997], [-0.001480272738263011, 0.007424717303365469, -0.00230636284686625, 0.008354146964848042, -0.0005898985546082258, 0.00491561321541667, -0.0009104309719987214, 0.003114852122962475, -0.008568037301301956, 0.019971994683146477, -0.00716758519411087, 0.0023401756770908833, -0.0015035850228741765], [0.0019634028431028128, -0.009066730737686157, 0.0023259965237230062, -0.007947739213705063, 0.003429982578381896, -0.0071068755351006985, 0.002609657123684883, -0.0021136736031621695, 0.006100562401115894, -0.00716758519411087, 0.02130444161593914, -0.008085720241069794, 0.005469073541462421], [-0.001326023368164897, 0.006699333433061838, -0.002497904933989048, 0.006271397229284048, -0.0017085795989260077, 0.008746638894081116, -0.0015591048868373036, 0.0018545103957876563, -0.0015371275367215276, 0.0023401756770908833, -0.008085720241069794, 0.020742662250995636, -0.008584686554968357], [0.0011779697379097342, -0.00609632907435298, 0.0012811410706490278, -0.005970249883830547, 0.0023897357750684023, -0.006207635160535574, 0.0027033889200538397, -0.0037042666226625443, 0.00020524364663287997, -0.0015035850228741765, 0.005469073541462421, -0.008584686554968357, 0.018365509808063507]], "lowlevel.mfcc.cov": [[11586.6064453125, -3678.24951171875, -738.275146484375, -141.56649780273438, -480.87890625, -247.56605529785156, -364.26739501953125, -167.75518798828125, 467.4193115234375, -35.00139617919922, -33.34072494506836, 272.12506103515625, -75.65702056884766], [-3678.24951171875, 2958.48779296875, -277.51519775390625, -20.059606552124023, 33.852535247802734, -0.09850911796092987, 122.38581848144531, 66.50141906738281, -220.27635192871094, -28.388778686523438, 57.72794723510742, -63.930274963378906, 10.675397872924805], [-738.275146484375, -277.51519775390625, 831.1755981445312, -167.00244140625, 12.914048194885254, -21.72877311706543, 35.66471481323242, -32.0793342590332, 23.261125564575195, 21.200571060180664, -27.56867790222168, 30.380760192871094, 69.79710388183594], [-141.56649780273438, -20.059606552124023, -167.00244140625, 406.64898681640625, 97.45006561279297, 125.71339416503906, 14.46065902709961, 75.30860137939453, -17.990985870361328, -24.103761672973633, 4.909272193908691, -70.43417358398438, -54.1866340637207], [-480.87890625, 33.852535247802734, 12.914048194885254, 97.45006561279297, 285.1498107910156, 56.68392562866211, -34.11292266845703, 1.2342251539230347, -6.549368381500244, 7.379941463470459, -33.265018463134766, -33.29205322265625, 8.4334135055542], [-247.56605529785156, -0.09850911796092987, -21.72877311706543, 125.71339416503906, 56.68392562866211, 231.36370849609375, 72.15473937988281, 50.192020416259766, -19.474515914916992, 6.882867336273193, 27.689109802246094, -52.75428771972656, -71.59375762939453], [-364.26739501953125, 122.38581848144531, 35.66471481323242, 14.46065902709961, -34.11292266845703, 72.15473937988281, 197.56082153320312, 66.5460205078125, -24.39017677307129, 6.9065632820129395, 25.757526397705078, -35.392635345458984, -42.67873001098633], [-167.75518798828125, 66.50141906738281, -32.0793342590332, 75.30860137939453, 1.2342251539230347, 50.192020416259766, 66.5460205078125, 138.3633575439453, 38.039276123046875, -7.159994125366211, 30.001262664794922, -34.52743148803711, -46.5479850769043], [467.4193115234375, -220.27635192871094, 23.261125564575195, -17.990985870361328, -6.549368381500244, -19.474515914916992, -24.39017677307129, 38.039276123046875, 192.2147979736328, 18.063074111938477, 17.210100173950195, 32.591773986816406, -21.774721145629883], [-35.00139617919922, -28.388778686523438, 21.200571060180664, -24.103761672973633, 7.379941463470459, 6.882867336273193, 6.9065632820129395, -7.159994125366211, 18.063074111938477, 92.95719146728516, 10.608996391296387, -11.86390209197998, -1.2614370584487915], [-33.34072494506836, 57.72794723510742, -27.56867790222168, 4.909272193908691, -33.265018463134766, 27.689109802246094, 25.757526397705078, 30.001262664794922, 17.210100173950195, 10.608996391296387, 105.32744598388672, 7.33170747756958, -45.462059020996094], [272.12506103515625, -63.930274963378906, 30.380760192871094, -70.43417358398438, -33.29205322265625, -52.75428771972656, -35.392635345458984, -34.52743148803711, 32.591773986816406, -11.86390209197998, 7.33170747756958, 116.89256286621094, 36.072689056396484], [-75.65702056884766, 10.675397872924805, 69.79710388183594, -54.1866340637207, 8.4334135055542, -71.59375762939453, -42.67873001098633, -46.5479850769043, -21.774721145629883, -1.2614370584487915, -45.462059020996094, 36.072689056396484, 115.510498046875]], "lowlevel.mfcc.icov": [[0.0002340387727599591, 0.0002863617264665663, 0.00032032947638072073, 8.869293378666043e-05, 0.000295051111606881, 5.613447865471244e-05, 0.00012331931793596596, 0.0001341267634415999, -0.0002333499869564548, 0.00010623534035403281, 0.00011682777403621003, -0.00021164152713026851, 0.00015698291826993227], [0.0002863617264665663, 0.0007708482444286346, 0.0005592074594460428, 0.0002855731581803411, 0.00018431764328852296, 0.00019412112305872142, -5.091839193482883e-05, -0.0001547192659927532, 0.00021322003158275038, 0.0002149584179278463, -0.0002045206492766738, -0.00014754421135876328, -5.379482900025323e-05], [0.00032032947638072073, 0.0005592074594460428, 0.001946097589097917, 0.0007926620892249048, 0.00010141311940969899, -0.00020403646340128034, -0.0004459483898244798, 0.00021665202802978456, -0.0005046163569204509, 0.00015891747898422182, 0.00011523917783051729, -0.00019179708033334464, -0.0008454247727058828], [8.869293378666043e-05, 0.0002855731581803411, 0.0007926620892249048, 0.003990054130554199, -0.0008024030248634517, -0.0014475801726803184, 0.0006561637856066227, -0.0016204484272748232, 0.00034322962164878845, 0.0010229202453047037, 8.018341759452596e-05, 0.0009981512557715178, -2.8984102755202912e-05], [0.000295051111606881, 0.00018431764328852296, 0.00010141311940969899, -0.0008024030248634517, 0.004875298123806715, -0.0011623469181358814, 0.001393810729496181, 0.00024236309400293976, -0.0006232829764485359, -0.0004420986515469849, 0.0014265704667195678, 0.0004308744100853801, -0.0004206102166790515], [5.613447865471244e-05, 0.00019412112305872142, -0.00020403646340128034, -0.0014475801726803184, -0.0011623469181358814, 0.007200872525572777, -0.0017431445885449648, -4.105869811610319e-05, 0.0008718056487850845, -0.0005791648291051388, -0.0006348052993416786, 0.0002959915727842599, 0.0031661707907915115], [0.00012331931793596596, -5.091839193482883e-05, -0.0004459483898244798, 0.0006561637856066227, 0.001393810729496181, -0.0017431445885449648, 0.007900340482592583, -0.0034644203260540962, 0.001467437483370304, -0.0007937378250062466, 0.0002479646063875407, 0.00027402746491134167, 0.0012834894005209208], [0.0001341267634415999, -0.0001547192659927532, 0.00021665202802978456, -0.0016204484272748232, 0.00024236309400293976, -4.105869811610319e-05, -0.0034644203260540962, 0.012519698590040207, -0.003960870672017336, 0.0020371039863675833, -0.0017837400082498789, 0.0024656853638589382, 0.0007365877972915769], [-0.0002333499869564548, 0.00021322003158275038, -0.0005046163569204509, 0.00034322962164878845, -0.0006232829764485359, 0.0008718056487850845, 0.001467437483370304, -0.003960870672017336, 0.00803044531494379, -0.002115996554493904, 1.2697852071141824e-05, -0.002627335023134947, 0.0021414707880467176], [0.00010623534035403281, 0.0002149584179278463, 0.00015891747898422182, 0.0010229202453047037, -0.0004420986515469849, -0.0005791648291051388, -0.0007937378250062466, 0.0020371039863675833, -0.002115996554493904, 0.012383607216179371, -0.002145990263670683, 0.002818689215928316, -0.0013540106592699885], [0.00011682777403621003, -0.0002045206492766738, 0.00011523917783051729, 8.018341759452596e-05, 0.0014265704667195678, -0.0006348052993416786, 0.0002479646063875407, -0.0017837400082498789, 1.2697852071141824e-05, -0.002145990263670683, 0.013461291790008545, -0.00339081441052258, 0.0052745104767382145], [-0.00021164152713026851, -0.00014754421135876328, -0.00019179708033334464, 0.0009981512557715178, 0.0004308744100853801, 0.0002959915727842599, 0.00027402746491134167, 0.0024656853638589382, -0.002627335023134947, 0.002818689215928316, -0.00339081441052258, 0.013219760730862617, -0.004221418406814337], [0.00015698291826993227, -5.379482900025323e-05, -0.0008454247727058828, -2.8984102755202912e-05, -0.0004206102166790515, 0.0031661707907915115, 0.0012834894005209208, 0.0007365877972915769, 0.0021414707880467176, -0.0013540106592699885, 0.0052745104767382145, -0.004221418