{"song_id": "1182276689900884008", "download": "https://cdn.discordapp.com/attachments/1135911532732108921/1182276689900884008/chirp.mp4?ex=65841bf8&amp", "lyrics": "In the gentle embrace of chillout melodies, time slows to a tranquil dance. Soft rhythms cradle the soul, weaving a tapestry of serenity. Each note is a whisper, carrying you to a realm where worries gently fade away. Close your eyes, let the soothing harmonies paint your imagination, and surrender to the calming breeze of sound. As melodies caress the air, find solace in the quiet echoes of peace. Feel the heartbeat of tranquility in every chord, creating a sanctuary where stress is but a distant memory. With each tune, rediscover the art of relaxation, as the music becomes a lullaby for your mind. Allow yourself to be carried away on a blissful journey through the melodies of serenity.", "style": ["Dance"], "essentia_features": {"lowlevel.average_loudness": 0.9174686074256897, "lowlevel.barkbands_crest.mean": 16.363004684448242, "lowlevel.barkbands_crest.stdev": 5.13460636138916, "lowlevel.barkbands_flatness_db.mean": 0.4312483072280884, "lowlevel.barkbands_flatness_db.stdev": 0.03871350735425949, "lowlevel.barkbands_kurtosis.mean": 16.810693740844727, "lowlevel.barkbands_kurtosis.stdev": 18.771503448486328, "lowlevel.barkbands_skewness.mean": 1.459310531616211, "lowlevel.barkbands_skewness.stdev": 1.7694721221923828, "lowlevel.barkbands_spread.mean": 1.7726507186889648, "lowlevel.barkbands_spread.stdev": 1.2879304885864258, "lowlevel.dissonance.mean": 0.2714160680770874, "lowlevel.dissonance.stdev": 0.06814078241586685, "lowlevel.dynamic_complexity": 4.131433486938477, "lowlevel.erbbands_crest.mean": 23.915449142456055, "lowlevel.erbbands_crest.stdev": 7.461847305297852, "lowlevel.erbbands_flatness_db.mean": 0.4503692090511322, "lowlevel.erbbands_flatness_db.stdev": 0.03581946715712547, "lowlevel.erbbands_kurtosis.mean": 15.73167610168457, "lowlevel.erbbands_kurtosis.stdev": 14.717684745788574, "lowlevel.erbbands_skewness.mean": 2.203307867050171, "lowlevel.erbbands_skewness.stdev": 1.7148250341415405, "lowlevel.erbbands_spread.mean": 3.8897831439971924, "lowlevel.erbbands_spread.stdev": 2.7305400371551514, "lowlevel.hfc.mean": 8.693891525268555, "lowlevel.hfc.stdev": 10.624292373657227, "lowlevel.loudness_ebu128.integrated": -20.53351402282715, "lowlevel.loudness_ebu128.loudness_range": 3.0948028564453125, "lowlevel.loudness_ebu128.momentary.mean": -21.421852111816406, "lowlevel.loudness_ebu128.momentary.stdev": 2.929966449737549, "lowlevel.loudness_ebu128.short_term.mean": -20.67391014099121, "lowlevel.loudness_ebu128.short_term.stdev": 0.9693159461021423, "lowlevel.melbands_crest.mean": 20.375577926635742, "lowlevel.melbands_crest.stdev": 6.759714126586914, "lowlevel.melbands_flatness_db.mean": 0.5292090177536011, "lowlevel.melbands_flatness_db.stdev": 0.041281767189502716, "lowlevel.melbands_kurtosis.mean": 12.38242244720459, "lowlevel.melbands_kurtosis.stdev": 17.548826217651367, "lowlevel.melbands_skewness.mean": 0.5046467781066895, "lowlevel.melbands_skewness.stdev": 1.331251621246338, "lowlevel.melbands_spread.mean": 3.3130898475646973, "lowlevel.melbands_spread.stdev": 2.090005874633789, "lowlevel.pitch_salience.mean": 0.4375179409980774, "lowlevel.pitch_salience.stdev": 0.16318075358867645, "lowlevel.silence_rate_20dB.mean": 1.0, "lowlevel.silence_rate_20dB.stdev": 0.0, "lowlevel.silence_rate_30dB.mean": 0.9971031546592712, "lowlevel.silence_rate_30dB.stdev": 0.053744371980428696, "lowlevel.silence_rate_60dB.mean": 0.1309385895729065, "lowlevel.silence_rate_60dB.stdev": 0.33733677864074707, "lowlevel.spectral_centroid.mean": 486.3348693847656, "lowlevel.spectral_centroid.stdev": 86.92144775390625, "lowlevel.spectral_complexity.mean": 6.234646797180176, "lowlevel.spectral_complexity.stdev": 1.7350581884384155, "lowlevel.spectral_decrease.mean": -4.234623762755518e-09, "lowlevel.spectral_decrease.stdev": 4.729876046383197e-09, "lowlevel.spectral_energy.mean": 0.016770994290709496, "lowlevel.spectral_energy.stdev": 0.01880900375545025, "lowlevel.spectral_energyband_high.mean": 4.874776209362608e-07, "lowlevel.spectral_energyband_high.stdev": 1.540723019388679e-06, "lowlevel.spectral_energyband_low.mean": 0.0002805538824759424, "lowlevel.spectral_energyband_low.stdev": 0.00033715006429702044, "lowlevel.spectral_energyband_middle_high.mean": 0.00032139281393028796, "lowlevel.spectral_energyband_middle_high.stdev": 0.00043221103260293603, "lowlevel.spectral_energyband_middle_low.mean": 0.01628492958843708, "lowlevel.spectral_energyband_middle_low.stdev": 0.01846584863960743, "lowlevel.spectral_entropy.mean": 4.943073272705078, "lowlevel.spectral_entropy.stdev": 0.3509768545627594, "lowlevel.spectral_flux.mean": 0.023795384913682938, "lowlevel.spectral_flux.stdev": 0.0334857814013958, "lowlevel.spectral_kurtosis.mean": 128.1735076904297, "lowlevel.spectral_kurtosis.stdev": 66.01775360107422, "lowlevel.spectral_rms.mean": 0.0035625940654426813, "lowlevel.spectral_rms.stdev": 0.0019156909547746181, "lowlevel.spectral_rolloff.mean": 545.9429931640625, "lowlevel.spectral_rolloff.stdev": 78.24658966064453, "lowlevel.spectral_skewness.mean": 8.17215633392334, "lowlevel.spectral_skewness.stdev": 2.7897417545318604, "lowlevel.spectral_spread.mean": 893433.625, "lowlevel.spectral_spread.stdev": 478438.78125, "lowlevel.spectral_strongpeak.mean": 1.769592523574829, "lowlevel.spectral_strongpeak.stdev": 1.3936800956726074, "lowlevel.zerocrossingrate.mean": 0.02258654311299324, "lowlevel.zerocrossingrate.stdev": 0.0037863992620259523, "metadata.audio_properties.analysis.equal_loudness": 0.0, "metadata.audio_properties.analysis.length": 40.04265213012695, "metadata.audio_properties.analysis.sample_rate": 44100.0, "metadata.audio_properties.analysis.start_time": 0.0, "metadata.audio_properties.bit_rate": 90745.0, "metadata.audio_properties.length": 40.042667388916016, "metadata.audio_properties.lossless": 0.0, "metadata.audio_properties.number_channels": 1.0, "metadata.audio_properties.replay_gain": -8.910093307495117, "metadata.audio_properties.sample_rate": 48000.0, "rhythm.beats_count": 53.0, "rhythm.beats_loudness.mean": 0.034818608313798904, "rhythm.beats_loudness.stdev": 0.0313650406897068, "rhythm.bpm": 80.71923065185547, "rhythm.bpm_histogram_first_peak_bpm": 81.0, "rhythm.bpm_histogram_first_peak_weight": 0.12244898080825806, "rhythm.bpm_histogram_second_peak_bpm": 86.0, "rhythm.bpm_histogram_second_peak_spread": 0.0, "rhythm.bpm_histogram_second_peak_weight": 0.057692307978868484, "rhythm.danceability": 1.4031972885131836, "rhythm.onset_rate": 2.84612774848938, "tonal.chords_changes_rate": 0.046296294778585434, "tonal.chords_number_rate": 0.009259259328246117, "tonal.chords_strength.mean": 0.5165529847145081, "tonal.chords_strength.stdev": 0.05228644609451294, "tonal.hpcp_crest.mean": 22.45652198791504, "tonal.hpcp_crest.stdev": 8.152649879455566, "tonal.hpcp_entropy.mean": 0.9651466012001038, "tonal.hpcp_entropy.stdev": 0.5426710247993469, "tonal.key_edma.strength": 0.6969691514968872, "tonal.key_krumhansl.strength": 0.6810963749885559, "tonal.key_temperley.strength": 0.6486397385597229, "tonal.tuning_diatonic_strength": 0.4958914816379547, "tonal.tuning_equal_tempered_deviation": 0.0015538303414359689, "tonal.tuning_frequency": 441.0177917480469, "tonal.tuning_nontempered_energy_ratio": 0.5994212627410889, "lowlevel.barkbands.mean": [1.2258933566045016e-06, 3.680045119835995e-05, 0.00012836190580856055, 0.00021415750961750746, 0.0007809572271071374, 0.0010687161702662706, 0.00626270892098546, 0.007454761769622564, 0.0004977050703018904, 4.820915273739956e-05, 9.368450992042199e-05, 9.663733362685889e-05, 1.2789739230356645e-05, 1.0737287993833888e-05, 1.2989909009775147e-05, 3.5748146274272585e-06, 3.5812874557450414e-05, 6.453032256104052e-06, 4.1992338992713485e-06, 3.325883142224484e-07, 1.5536123498804955e-07, 2.7699357474375574e-08, 1.83366335448909e-08, 1.8602719364935183e-09, 1.1054674953214771e-09, 1.2734766574595824e-09, 5.46748701868438e-10], "lowlevel.barkbands.stdev": [1.6647562688376638e-06, 7.52022533561103e-05, 0.00019422738114371896, 0.0003184765519108623, 0.0007347888313233852, 0.0013911118730902672, 0.010791984386742115, 0.014144367538392544, 0.002876243321225047, 0.00012535064888652414, 0.00023624928144272417, 0.0001890932471724227, 3.621280484367162e-05, 2.238056003989186e-05, 2.383759965596255e-05, 1.484211770730326e-05, 9.272819443140179e-05, 2.0309938918217085e-05, 1.1098981303803157e-05, 1.0782858907987247e-06, 5.531800866265257e-07, 1.4030356965122337e-07, 7.532000978471842e-08, 4.3142399874795956e-08, 2.238746965588234e-08, 3.179912866357881e-08, 3.41915229462586e-09], "lowlevel.erbbands.mean": [0.00038817556924186647, 0.012043030932545662, 0.11213231086730957, 0.5141494274139404, 1.1649932861328125, 3.257145881652832, 4.329745769500732, 9.878655433654785, 28.95604133605957, 162.15574645996094, 179.93118286132812, 27.847576141357422, 2.6429760456085205, 2.6843578815460205, 3.5846338272094727, 4.581351280212402, 1.0276210308074951, 0.6599865555763245, 0.6773332953453064, 0.41154876351356506, 0.7780900597572327, 1.6185516119003296, 0.27914032340049744, 0.22537945210933685, 0.274156391620636, 0.03350641205906868, 0.008699052035808563, 0.004789822734892368, 0.0014233272522687912, 0.0008698627352714539, 0.00023235619300976396, 0.0001038160189636983, 3.246392952860333e-05, 1.8965700292028487e-05, 1.9073724615736865e-05, 1.622884883545339e-05, 6.791616669943323e-06, 1.5118946521397447e-06, 8.132415132422466e-06, 1.8938342691399157e-05], "lowlevel.erbbands.stdev": [0.0006662464584223926, 0.022368108853697777, 0.15827949345111847, 0.692047655582428, 1.3380316495895386, 4.089412689208984, 5.335267066955566, 15.217365264892578, 29.756956100463867, 298.9582824707031, 378.71942138671875, 88.30110931396484, 4.689915657043457, 5.116602897644043, 7.816476821899414, 7.576567649841309, 1.9366542100906372, 1.246467113494873, 1.37457275390625, 0.8419731855392456, 2.273517370223999, 4.179441928863525, 0.7725409269332886, 0.687435507774353, 0.7358044981956482, 0.08869387209415436, 0.029084576293826103, 0.01704454980790615, 0.006352777127176523, 0.003625266021117568, 0.0008648961666040123, 0.001152076292783022, 0.00040250690653920174, 8.627794886706397e-05, 0.00020968452736269683, 0.00024038288393057883, 3.1879040761850774e-05, 6.3593060986022465e-06, 9.1694937509601e-06, 2.1334693883545697e-05], "lowlevel.gfcc.mean": [-248.60867309570312, 240.0596923828125, -121.7957534790039, -56.62334442138672, -40.21978759765625, -56.88136291503906, -26.595001220703125, -9.492055892944336, -6.52835750579834, -10.27657413482666, -1.3050580024719238, -14.82539176940918, -15.613523483276367], "lowlevel.melbands.mean": [6.60065961710643e-06, 4.876148886978626e-05, 0.00010338221181882545, 0.0001476088655181229, 0.00015191800775937736, 0.0002182883908972144, 0.0006466791965067387, 0.001634393585845828, 0.0012850681087002158, 8.241544128395617e-05, 8.19187243905617e-06, 1.0059395208372734e-05, 1.451447587896837e-05, 1.046892339218175e-05, 6.380112608894706e-06, 1.4261432852435973e-06, 1.0341116194467759e-06, 9.443651265428343e-07, 6.863336921014707e-07, 3.494508291623788e-07, 1.273466750717489e-06, 2.289465783178457e-06, 1.6715664230559923e-07, 4.079725783867616e-07, 1.385229069228444e-07, 2.1962227947369684e-07, 7.979004834623993e-08, 1.5099050898470523e-08, 4.074834691891738e-09, 7.172598959215293e-09, 9.333940287348241e-10, 1.0098271108205381e-09, 2.270286736383298e-10, 5.891813703584603e-10, 8.065847989513486e-11, 1.0914183445898118e-10, 3.626419650681889e-11, 1.68718285870062e-11, 7.791219926167603e-12, 6.036909253742673e-12], "lowlevel.melbands.stdev": [1.2645175047509838e-05, 6.268097786232829e-05, 0.00011191608791705221, 0.00015462501323781908, 0.00016248098108917475, 0.0003219685750082135, 0.0008197087445296347, 0.002793860388919711, 0.0028631803579628468, 0.00042992198723368347, 1.1633073881966993e-05, 2.1351421310100704e-05, 3.5541841498343274e-05, 2.404817314527463e-05, 8.786472790234257e-06, 2.7628575480775908e-06, 2.1357839159463765e-06, 1.9700348730111727e-06, 1.2207719919388182e-06, 9.081148277800821e-07, 4.161685865256004e-06, 5.835762294736924e-06, 6.24858671471884e-07, 1.2807546454496332e-06, 4.443871262083121e-07, 6.356436870191828e-07, 2.3369243251636362e-07, 4.936120490128815e-08, 1.74719634316034e-08, 2.807970211904376e-08, 2.797671427856585e-09, 4.437574308013836e-09, 2.2350576944774048e-09, 2.6115156703809816e-09, 3.3534963694847875e-10, 6.03582017699722e-10, 9.758591712483167e-10, 3.7656339157976504e-10, 7.977225824351564e-11, 5.707653447095673e-11], "lowlevel.melbands128.mean": [5.163222454029892e-07, 1.2834195786126656e-06, 6.017751729814336e-06, 2.2264825020101853e-05, 4.0676626667845994e-05, 7.162121619330719e-05, 0.00010628467134665698, 0.00010257163376081735, 0.00012010737555101514, 0.00011054890637751669, 0.00021430346532724798, 0.00017627897614147514, 0.00016793288523331285, 7.722622103756294e-05, 0.00014815681788604707, 0.00038947860593907535, 0.0002644090272951871, 0.0002716215967666358, 0.0013453917345032096, 0.0028840575832873583, 0.0005650793318636715, 0.0016146267298609018, 0.0019830127712339163, 0.0001619582762941718, 0.0001001147975330241, 1.4517359886667691e-05, 1.9612692994996905e-05, 3.3679498301353306e-06, 2.3625439098395873e-06, 1.3699978808290325e-05, 5.830955160490703e-06, 1.5992643966455944e-05, 2.6229059585602954e-05, 1.9277367755421437e-06, 4.914089913654607e-06, 1.5494762919843197e-05, 1.80015940713929e-05, 3.0181315651134355e-06, 2.6032523692265386e-06, 1.3782589576294413e-06, 2.2885684813900298e-07, 3.0195747058314737e-06, 1.179260152639472e-06, 1.102295854593649e-07, 1.2725000431146327e-07, 1.0916086239376455e-06, 2.2637077563558705e-06, 8.333987011610589e-08, 2.1699447927403526e-07, 1.1204089105376625e-06, 8.498707160242702e-08, 2.3377694446935493e-08, 2.412172079857555e-07, 1.1865772648889106e-06, 5.052324013377074e-06, 2.0224135823809775e-06, 9.270682426176791e-07, 4.4224950812576935e-08, 3.228728573390072e-08, 1.8375802213199677e-08, 3.9651581573707517e-07, 9.266879601455003e-07, 2.5332560937840753e-08, 1.5180022572280905e-08, 2.6505265537934974e-08, 2.004139361133639e-07, 4.3636870827867824e-07, 1.0413450013402326e-07, 5.462190699745406e-09, 2.800156106985696e-09, 1.753392631087536e-08, 2.4907210516289524e-08, 3.342343513068613e-09, 7.771419063828944e-10, 2.021653733308426e-09, 1.0345012846357804e-08, 7.628147002947117e-09, 1.4219414534721864e-09, 3.0563523933935244e-10, 3.4556343897484965e-10, 1.696101259440752e-09, 8.480682822664676e-10, 2.2335994165345596e-10, 2.0649301712971635e-10, 1.594921555936324e-10, 8.70659266904994e-10, 6.419110798461247e-10, 1.006725466878855e-10, 9.276161089255552e-11, 3.253148098125713e-11, 1.1746195682782457e-10, 1.5555175203463278e-10, 2.7524633613995597e-11, 3.395884615176037e-11, 4.563015590375308e-11, 2.3261226278492586e-11, 9.060732199250854e-12, 8.261981376822547e-12, 6.62694248435014e-12, 9.231082044591776e-12, 6.758822234526063e-12, 5.24651719638336e-12, 5.190107458391546e-12, 4.959981644153677e-12, 4.8616631553866085e-12, 1.518975743797224e-11, 2.4674526311052603e-11, 1.598500151689386e-11, 9.272047539476969e-12, 1.7758315651317247e-11, 9.469901425529503e-12, 4.5220194776207645e-12, 3.5967171081729976e-12, 3.490104472786415e-12, 4.415706082033788e-12, 3.1375108674319696e-12, 4.0561898458080226e-12, 3.6016740805056013e-12, 2.713722909580829e-12, 2.037345552680092e-12, 1.982613292289548e-12, 1.9450489396194426e-12, 1.9202037963156338e-12, 1.8803968798719595e-12, 1.7926738652557228e-12, 1.6700723920112792e-12, 1.5998997916419344e-12, 1.5832644440286203e-12], "lowlevel.melbands128.stdev": [8.754724376558443e-07, 2.7955800305790035e-06, 1.3742444025410805e-05, 4.865842129220255e-05, 7.439448381774127e-05, 0.0001114397746277973, 0.00016748174675740302, 0.0001578442461322993, 0.0001816257426980883, 0.00014283011842053384, 0.0003253116155974567, 0.00019790756050497293, 0.000275909376796335, 0.00012507193605415523, 0.0003250166482757777, 0.0006407746695913374, 0.00038557371590286493, 0.0005510999471880496, 0.0024287968408316374, 0.005867981351912022, 0.0015062328893691301, 0.003864630125463009, 0.004636223427951336, 0.0007526108529418707, 0.0009390385239385068, 5.9092464653076604e-05, 3.579078838811256e-05, 5.66532980883494e-06, 6.058427516109077e-06, 4.1763396438909695e-05, 1.689406235527713e-05, 4.036231621284969e-05, 6.684738036710769e-05, 5.658037935063476e-06, 4.23183519160375e-05, 2.984852108056657e-05, 3.219030622858554e-05, 5.376328317652224e-06, 9.382515600009356e-06, 4.7610801630071364e-06, 4.732594902634446e-07, 6.405789463315159e-06, 2.6045352115033893e-06, 2.942904302472016e-07, 1.2840278031944763e-06, 2.080501872114837e-06, 5.736956609325716e-06, 2.497244508958829e-07, 5.438006382973981e-07, 3.091548933298327e-06, 2.3405000604270754e-07, 1.2120138137561298e-07, 2.8594533887371654e-06, 4.069838723808061e-06, 1.7098265743697993e-05, 7.923321390990168e-06, 4.0058889680949505e-06, 2.0834089298205072e-07, 1.2534438553757354e-07, 1.651208947350824e-07, 1.1656567266982165e-06, 3.1721610866952688e-06, 1.0336805189581355e-07, 5.267941816100574e-08, 2.190340637753252e-07, 9.053438247974555e-07, 1.1951749456784455e-06, 3.731539379714377e-07, 2.195913495484092e-08, 1.7554647513406962e-08, 7.48140251971563e-08, 1.1287428947071021e-07, 1.6672011327045766e-08, 3.0657418825796867e-09, 7.299869153598593e-09, 4.429681155215803e-08, 3.0396726913295424e-08, 4.9043937799808646e-09, 8.495857906076765e-10, 1.5668337738361515e-09, 6.653768647169045e-09, 4.53272708256236e-09, 3.0030400388625367e-09, 2.5470048292675074e-09, 1.3345576865830822e-09, 4.147834520296101e-09, 2.7927180568099175e-09, 5.1693954672416e-10, 3.897725198154234e-10, 1.323361836780279e-10, 6.569863542082999e-10, 9.259608080292026e-10, 5.67693392294899e-10, 1.0071311562498408e-09, 1.4635097578263867e-09, 6.131063989833763e-10, 8.24556048439895e-11, 7.932035583912977e-11, 5.083931539640041e-11, 1.3766734974218764e-10, 7.296363513376036e-11, 4.568579889396851e-11, 5.1201577699888645e-11, 4.9660227319225925e-11, 4.1272950335180525e-11, 4.5283177207977587e-10, 8.540143037194525e-10, 4.979141543515198e-10, 2.2681531652857245e-10, 6.038355371273951e-10, 2.6829938271077935e-10, 6.274256808547207e-11, 3.0420922725316046e-11, 3.002465637225171e-11, 7.39392089221802e-11, 2.404742203976351e-11, 6.629970183968936e-11, 5.205761516302587e-11, 2.423700823372954e-11, 3.544026617313678e-12, 3.4601536046119374e-12, 3.3893356871095293e-12, 3.3199387249743806e-12, 3.2640910373887833e-12, 3.2167090172063872e-12, 3.177502315085401e-12, 3.1489429119790913e-12, 3.1320241539178895e-12], "lowlevel.mfcc.mean": [-895.29541015625, 271.9732666015625, -4.911536693572998, -4.970261573791504, -10.030972480773926, -35.40046310424805, -19.590272903442383, -14.2125883102417, -17.222925186157227, -5.881002426147461, 4.959771633148193, 6.372522354125977, 4.063563823699951], "lowlevel.spectral_contrast_coeffs.mean": [-0.6312971711158752, -0.5388851761817932, -0.6885269284248352, -0.7472055554389954, -0.73070228099823, -0.8415560126304626], "lowlevel.spectral_contrast_coeffs.stdev": [0.062150295823812485, 0.08759530633687973, 0.04779234156012535, 0.03791090101003647, 0.05066167563199997, 0.06372647732496262], "lowlevel.spectral_contrast_valleys.mean": [-8.3825101852417, -7.789550304412842, -9.39661979675293, -10.753788948059082, -11.856675148010254, -14.793357849121094], "lowlevel.spectral_contrast_valleys.stdev": [0.615301251411438, 0.6621540188789368, 0.6123281717300415, 0.6913472414016724, 0.8470056056976318, 0.9676100611686707], "rhythm.beats_loudness_band_ratio.mean": [0.04820067062973976, 0.21360355615615845, 0.7730888724327087, 0.015884270891547203, 0.002649222034960985, 0.00023627359769307077], "rhythm.beats_loudness_band_ratio.stdev": [0.06986162811517715, 0.23905041813850403, 0.23899558186531067, 0.013019210658967495, 0.002300612861290574, 0.0002980009594466537], "tonal.hpcp.mean": [0.1388409435749054, 0.06024089455604553, 0.0004151918110437691, 0.00037792857619933784, 0.0025970605202019215, 0.25022900104522705, 0.45475465059280396, 0.2093748301267624, 0.004154572729021311, 0.002454690635204315, 0.001233145478181541, 0.008760884404182434, 0.017650440335273743, 0.012468989007174969, 0.25554436445236206, 0.4786507785320282, 0.22699984908103943, 0.002368825487792492, 0.0025810168590396643, 0.0013200088869780302, 0.024853039532899857, 0.038953304290771484, 0.014710165560245514, 0.0006990954279899597, 0.0011473025660961866, 0.0016667797463014722, 0.07304160296916962, 0.10631564259529114, 0.03584356978535652, 0.10499943792819977, 0.15226395428180695, 0.049158114939928055, 0.0008300303015857935, 0.001557229901663959, 0.0012224288657307625, 0.07908662408590317], "tonal.hpcp.stdev": [0.27596136927604675, 0.119301438331604, 0.004843360278755426, 0.0028875465504825115, 0.02734043262898922, 0.26694896817207336, 0.47619494795799255, 0.22700722515583038, 0.031023114919662476, 0.01648823171854019, 0.011867726221680641, 0.05029507353901863, 0.10403552651405334, 0.07670772820711136, 0.25346454977989197, 0.46063417196273804, 0.2288663387298584, 0.008666034787893295, 0.01653343439102173, 0.015811795368790627, 0.09759192168712616, 0.1518823355436325, 0.05718860402703285, 0.003988764714449644, 0.02218806929886341, 0.02813132479786873, 0.15621745586395264, 0.2249981313943863, 0.078591488301754, 0.20392146706581116, 0.29169967770576477, 0.0958121195435524, 0.010934566147625446, 0.034034356474876404, 0.024226680397987366, 0.15895043313503265], "rhythm.beats_position": [0.7198185920715332, 1.4512470960617065, 2.18267560005188, 2.9141042232513428, 3.668752670288086, 4.423401355743408, 5.178049564361572, 5.921088218688965, 6.664126873016357, 7.40716552734375, 8.161813735961914, 8.916461944580078, 9.671111106872559, 10.425759315490723, 11.168798446655273, 11.923446655273438, 12.678094863891602, 13.432743072509766, 14.187392234802246, 14.93043041229248, 15.696688652038574, 16.439727783203125, 17.18276596069336, 17.925804138183594, 18.668842315673828, 19.411882400512695, 20.10848045349121, 20.805078506469727, 21.501678466796875, 22.20988655090332, 22.918094635009766, 23.63791275024414, 24.380952835083008, 25.123991012573242, 25.867029190063477, 26.61006736755371, 27.341495513916016, 28.072925567626953, 28.815963745117188, 29.559001922607422, 30.302040100097656, 31.04507827758789, 31.788116455078125, 32.54276657104492, 33.29741287231445, 34.04045104980469, 34.78349304199219, 35.52653121948242, 36.292789459228516, 37.03582763671875, 37.778865814208984, 38.52190399169922, 39.241722106933594], "rhythm.bpm_histogram": [0.0, 0.0, 0.0, 0.0, 0.0, 0.0, 0.0, 0.0, 0.0, 0.0, 0.0, 0.0, 0.0, 0.0, 0.0, 0.0, 0.0, 0.0, 0.0, 0.0, 0.0, 0.0, 0.0, 0.0, 0.0, 0.0, 0.0, 0.0, 0.0, 0.0, 0.0, 0.0, 0.0, 0.0, 0.0, 0.0, 0.0, 0.0, 0.0, 0.0, 0.0, 0.0, 0.0, 0.0, 0.0, 0.0, 0.0, 0.0, 0.0, 0.0, 0.0, 0.0, 0.0, 0.0, 0.0, 0.0, 0.0, 0.0, 0.0, 0.0, 0.0, 0.0, 0.0, 0.0, 0.0, 0.0, 0.0, 0.0, 0.0, 0.0, 0.0, 0.0, 0.0, 0.0, 0.0, 0.0, 0.0, 0.0, 0.03846153989434242, 0.0, 0.25, 0.48076921701431274, 0.09615384787321091, 0.03846153989434242, 0.0, 0.03846153989434242, 0.057692307978868484, 0.0, 0.0, 0.0, 0.0, 0.0, 0.0, 0.0, 0.0, 0.0, 0.0, 0.0, 0.0, 0.0, 0.0, 0.0, 0.0, 0.0, 0.0, 0.0, 0.0, 0.0, 0.0, 0.0, 0.0, 0.0, 0.0, 0.0, 0.0, 0.0, 0.0, 0.0, 0.0, 0.0, 0.0, 0.0, 0.0, 0.0, 0.0, 0.0, 0.0, 0.0, 0.0, 0.0, 0.0, 0.0, 0.0, 0.0, 0.0, 0.0, 0.0, 0.0, 0.0, 0.0, 0.0, 0.0, 0.0, 0.0, 0.0, 0.0, 0.0, 0.0, 0.0, 0.0, 0.0, 0.0, 0.0, 0.0, 0.0, 0.0, 0.0, 0.0, 0.0, 0.0, 0.0, 0.0, 0.0, 0.0, 0.0, 0.0, 0.0, 0.0, 0.0, 0.0, 0.0, 0.0, 0.0, 0.0, 0.0, 0.0, 0.0, 0.0, 0.0, 0.0, 0.0, 0.0, 0.0, 0.0, 0.0, 0.0, 0.0, 0.0, 0.0, 0.0, 0.0, 0.0, 0.0, 0.0, 0.0, 0.0, 0.0, 0.0, 0.0, 0.0, 0.0, 0.0, 0.0, 0.0, 0.0, 0.0, 0.0, 0.0, 0.0, 0.0, 0.0, 0.0, 0.0, 0.0, 0.0, 0.0, 0.0, 0.0, 0.0, 0.0, 0.0, 0.0, 0.0, 0.0, 0.0, 0.0, 0.0, 0.0, 0.0, 0.0, 0.0, 0.0, 0.0, 0.0, 0.0, 0.0, 0.0, 0.0, 0.0, 0.0, 0.0, 0.0, 0.0, 0.0, 0.0, 0.0, 0.0, 0.0, 0.0, 0.0], "tonal.chords_histogram": [27.77777862548828, 31.94444465637207, 19.44444465637207, 0.0, 0.0, 0.0, 0.0, 0.0, 2.8935184478759766, 0.0, 0.0, 0.0, 0.0, 0.0, 0.0, 0.0, 0.0, 1.7361111640930176, 0.0, 6.712963104248047, 0.0, 0.0, 1.2731481790542603, 8.217592239379883], "tonal.thpcp": [1.0, 0.4742494225502014, 0.00494896387681365, 0.005392275284975767, 0.0027577702421694994, 0.05192311480641365, 0.08138146996498108, 0.030732564628124237, 0.001460554194636643, 0.0023969511967152357, 0.00348224607296288, 0.15259894728660583, 0.22211526334285736, 0.07488459348678589, 0.2193654328584671, 0.31811073422431946, 0.10270141810178757, 0.0017341041238978505, 0.00325337378308177, 0.0025539055932313204, 0.1652282327413559, 0.29006731510162354, 0.12585562467575073, 0.0008674211567267776, 0.0007895705639384687, 0.0054257940500974655, 0.5227798819541931, 0.9500760436058044, 0.4374271035194397, 0.008679757826030254, 0.005128353834152222, 0.00257629482075572, 0.018303290009498596, 0.0368754044175148, 0.026050284504890442, 0.5338847637176514], "lowlevel.gfcc.cov": [[3609.32861328125, -989.7203369140625, -1142.828857421875, 611.6547241210938, -131.133544921875, -592.0343017578125, 434.97869873046875, 412.3736877441406, 202.83970642089844, 55.73578643798828, -81.41199493408203, -95.9391098022461, -117.54972076416016], [-989.7203369140625, 658.1383056640625, 541.67041015625, -203.46945190429688, 165.8649139404297, 225.17098999023438, -173.67095947265625, -215.46636962890625, -131.5724334716797, -53.892066955566406, 56.54235076904297, 3.872312068939209, 28.679813385009766], [-1142.828857421875, 541.67041015625, 669.0076293945312, -183.8123779296875, 81.15219116210938, 247.84475708007812, -183.44361877441406, -183.97378540039062, -114.76280212402344, -35.39009094238281, 67.5075454711914, 24.046632766723633, 13.49540901184082], [611.6547241210938, -203.46945190429688, -183.8123779296875, 278.3853454589844, 4.756203651428223, -96.86954498291016, 110.43484497070312, 86.37255096435547, 27.03285026550293, -3.89038348197937, -25.268953323364258, -23.11567497253418, -30.166894912719727], [-131.133544921875, 165.8649139404297, 81.15219116210938, 4.756203651428223, 133.81459045410156, 54.835994720458984, -36.058162689208984, -16.107728958129883, -25.477949142456055, -16.416107177734375, 8.04326057434082, -18.02423095703125, -0.24396367371082306], [-592.0343017578125, 225.17098999023438, 247.84475708007812, -96.86954498291016, 54.835994720458984, 234.4590606689453, -73.3904800415039, -103.61811065673828, -34.174686431884766, -22.934383392333984, -9.603901863098145, 10.162407875061035, 37.350833892822266], [434.97869873046875, -173.67095947265625, -183.44361877441406, 110.43484497070312, -36.058162689208984, -73.3904800415039, 171.02197265625, 117.25157928466797, 49.34491729736328, 42.577693939208984, -35.63389587402344, -30.06915283203125, -9.051883697509766], [412.3736877441406, -215.46636962890625, -183.97378540039062, 86.37255096435547, -16.107728958129883, -103.61811065673828, 117.25157928466797, 183.01235961914062, 89.33885955810547, 30.44035530090332, -14.018298149108887, -8.134443283081055, -23.529226303100586], [202.83970642089844, -131.5724334716797, -114.76280212402344, 27.03285026550293, -25.477949142456055, -34.174686431884766, 49.34491729736328, 89.33885955810547, 108.04383850097656, 31.56754493713379, -19.093505859375, 11.535688400268555, 0.07723480463027954], [55.73578643798828, -53.892066955566406, -35.39009094238281, -3.89038348197937, -16.416107177734375, -22.934383392333984, 42.577693939208984, 30.44035530090332, 31.56754493713379, 77.40803527832031, 2.353987455368042, -17.730606079101562, 11.868319511413574], [-81.41199493408203, 56.54235076904297, 67.5075454711914, -25.268953323364258, 8.04326057434082, -9.603901863098145, -35.63389587402344, -14.018298149108887, -19.093505859375, 2.353987455368042, 83.453125, 37.88352584838867, -22.300756454467773], [-95.9391098022461, 3.872312068939209, 24.046632766723633, -23.11567497253418, -18.02423095703125, 10.162407875061035, -30.06915283203125, -8.134443283081055, 11.535688400268555, -17.730606079101562, 37.88352584838867, 70.18248748779297, 11.700882911682129], [-117.54972076416016, 28.679813385009766, 13.49540901184082, -30.166894912719727, -0.24396367371082306, 37.350833892822266, -9.051883697509766, -23.529226303100586, 0.07723480463027954, 11.868319511413574, -22.300756454467773, 11.700882911682129, 72.15098571777344]], "lowlevel.gfcc.icov": [[0.0009513380355201662, 2.1601063053822145e-06, 0.0009198056650348008, -0.0009466937626712024, 0.00010511650907574221, 0.0008516336674802005, -0.0006744625279679894, 0.00040292367339134216, -0.0008950743940658867, 0.0008931418997235596, -0.001093250117264688, 0.001315993256866932, -0.00010980032675433904], [2.1601063053822145e-06, 0.025004738941788673, -0.016252366825938225, 0.01187332533299923, -0.026707598939538002, 0.00959786120802164, -0.020598672330379486, 0.02527502365410328, -0.011934218928217888, 0.01709718257188797, -0.009524907916784286, 0.0067422110587358475, -0.008169230073690414], [0.0009198056650348008, -0.016252366825938225, 0.015249444171786308, -0.008296426385641098, 0.01761121302843094, -0.008955889381468296, 0.014884302392601967, -0.01677638664841652, 0.009265259839594364, -0.011304347775876522, 0.0030678047332912683, -0.0025770540814846754, 0.005945602431893349], [-0.0009466937626712024, 0.01187332533299923, -0.008296426385641098, 0.01267443597316742, -0.014923632144927979, 0.005520399659872055, -0.01346164382994175, 0.012785394676029682, -0.005361516028642654, 0.009587184526026249, -0.0026993548963218927, 0.0013204454444348812, -0.002458305098116398], [0.00010511650907574221, -0.026707598939538002, 0.01761121302843094, -0.014923632144927979, 0.04029411822557449, -0.014145978726446629, 0.026357034221291542, -0.03133769705891609, 0.01379442773759365, -0.015505664050579071, 0.0044096000492572784, 0.0012434039963409305, 0.0054971929639577866], [0.0008516336674802005, 0.00959786120802164, -0.008955889381468296, 0.005520399659872055, -0.014145978726446629, 0.015572551637887955, -0.012528900988399982, 0.015870748087763786, -0.009632676839828491, 0.009499949403107166, -0.0006307372241280973, 0.001245708204805851, -0.004899278283119202], [-0.0006744625279679894, -0.020598672330379486, 0.014884302392601967, -0.01346164382994175, 0.026357034221291542, -0.012528900988399982, 0.036625202745199203, -0.0325891375541687, 0.017474835738539696, -0.023219063878059387, 0.012734782882034779, -0.005748710595071316, 0.007887963205575943], [0.00040292367339134216, 0.02527502365410328, -0.01677638664841652, 0.012785394676029682, -0.03133769705891609, 0.015870748087763786, -0.0325891375541687, 0.04607667401432991, -0.02625766582787037, 0.02226053923368454, -0.012965747155249119, 0.00829892884939909, -0.007277972996234894], [-0.0008950743940658867, -0.011934218928217888, 0.009265259839594364, -0.005361516028642654, 0.01379442773759365, -0.009632676839828491, 0.017474835738539696, -0.02625766582787037, 0.03376932442188263, -0.023390881717205048, 0.01885415054857731, -0.019559629261493683, 0.010784567333757877], [0.0008931418997235596, 0.01709718257188797, -0.011304347775876522, 0.009587184526026249, -0.015505664050579071, 0.009499949403107166, -0.023219063878059387, 0.02226053923368454, -0.023390881717205048, 0.042257629334926605, -0.025739414617419243, 0.026159066706895828, -0.018965963274240494], [-0.001093250117264688, -0.009524907916784286, 0.0030678047332912683, -0.0026993548963218927, 0.0044096000492572784, -0.0006307372241280973, 0.012734782882034779, -0.012965747155249119, 0.01885415054857731, -0.025739414617419243, 0.04292372614145279, -0.03400595486164093, 0.021009022369980812], [0.001315993256866932, 0.0067422110587358475, -0.0025770540814846754, 0.0013204454444348812, 0.0012434039963409305, 0.001245708204805851, -0.005748710595071316, 0.00829892884939909, -0.019559629261493683, 0.026159066706895828, -0.03400595486164093, 0.047247372567653656, -0.020612340420484543], [-0.00010980032675433904, -0.008169230073690414, 0.005945602431893349, -0.002458305098116398, 0.0054971929639577866, -0.004899278283119202, 0.007887963205575943, -0.007277972996234894, 0.010784567333757877, -0.018965963274240494, 0.021009022369980812, -0.020612340420484543, 0.028903793543577194]], "lowlevel.mfcc.cov": [[2601.328125, -209.42279052734375, -1347.582763671875, 928.772216796875, -344.9969177246094, -489.2565002441406, 113.75658416748047, 83.69309997558594, 100.53129577636719, 236.47433471679688, 98.92542266845703, 35.77949523925781, 202.292724609375], [-209.42279052734375, 343.5670166015625, 269.95111083984375, -195.58877563476562, 154.32440185546875, 121.51495361328125, 18.7866268157959, -4.380843639373779, -95.80477905273438, -70.12918090820312, -22.148311614990234, -70.9339828491211, -91.71599578857422], [-1347.582763671875, 269.95111083984375, 889.753173828125, -497.2371520996094, 218.0257568359375, 331.90087890625, -39.61539077758789, -25.901994705200195, -89.58958435058594, -151.87994384765625, -53.74056625366211, -49.10768508911133, -150.77146911621094], [928.772216796875, -195.58877563476562, -497.2371520996094, 516.5245361328125, -138.6107940673828, -253.02647399902344, 70.7146224975586, 45.399261474609375, 66.03538513183594, 131.35116577148438, 70.34624481201172, 45.74772262573242, 118.3384780883789], [-344.9969177246094, 154.32440185546875, 218.0257568359375, -138.6107940673828, 218.2229461669922, 133.5745849609375, 1.690744161605835, 12.160344123840332, -82.79306030273438, -52.68888473510742, -22.601688385009766, -76.16526794433594, -68.18119049072266], [-489.2565002441406, 121.51495361328125, 331.90087890625, -253.02647399902344, 133.5745849609375, 275.36041259765625, -2.6318166255950928, -34.63609313964844, -11.99759578704834, -69.22181701660156, -62.00864028930664, -45.9840087890625, -105.04329681396484], [113.75658416748047, 18.7866268157959, -39.61539077758789, 70.7146224975586, 1.690744161605835, -2.6318166255950928, 87.86100769042969, 23.597862243652344, -8.74349594116211, 23.045480728149414, 14.368330001831055, -10.083239555358887, -6.695197105407715], [83.69309997558594, -4.380843639373779, -25.901994705200195, 45.399261474609375, 12.160344123840332, -34.63609313964844, 23.597862243652344, 108.10811614990234, -3.8221774101257324, -4.073940753936768, 30.52159881591797, -11.807896614074707, 17.44470977783203], [100.53129577636719, -95.80477905273438, -89.58958435058594, 66.03538513183594, -82.79306030273438, -11.99759578704834, -8.74349594116211, -3.8221774101257324, 192.529296875, 75.71263122558594, -8.436527252197266, 86.59596252441406, 46.91705322265625], [236.47433471679688, -70.12918090820312, -151.87994384765625, 131.35116577148438, -52.68888473510742, -69.22181701660156, 23.045480728149414, -4.073940753936768, 75.71263122558594, 108.75593566894531, 43.14033889770508, 30.16546630859375, 38.99872589111328], [98.92542266845703, -22.148311614990234, -53.74056625366211, 70.34624481201172, -22.601688385009766, -62.00864028930664, 14.368330001831055, 30.52159881591797, -8.436527252197266, 43.14033889770508, 104.03202056884766, 33.85059356689453, 7.01705265045166], [35.77949523925781, -70.9339828491211, -49.10768508911133, 45.74772262573242, -76.16526794433594, -45.9840087890625, -10.083239555358887, -11.807896614074707, 86.59596252441406, 30.16546630859375, 33.85059356689453, 125.47697448730469, 70.31285858154297], [202.292724609375, -91.71599578857422, -150.77146911621094, 118.3384780883789, -68.18119049072266, -105.04329681396484, -6.695197105407715, 17.44470977783203, 46.91705322265625, 38.99872589111328, 7.01705265045166, 70.31285858154297, 134.93264770507812]], "lowlevel.mfcc.icov": [[0.02491266094148159, -0.03192038834095001, 0.033283162862062454, -0.032580066472291946, 0.02965603582561016, -0.028401821851730347, 0.02323780581355095, -0.02053600735962391, 0.017111605033278465, -0.013990283012390137, 0.009997278451919556, -0.006222311407327652, 0.0042161052115261555], [-0.03192038834095001, 0.046465858817100525, -0.043206460773944855, 0.04319218546152115, -0.04086826741695404, 0.03810013830661774, -0.032693419605493546, 0.02734762616455555, -0.022114260122179985, 0.019114134833216667, -0.013151364400982857, 0.008530471473932266, -0.004463908262550831], [0.033283162862062454, -0.043206460773944855, 0.04764160141348839, -0.04181232303380966, 0.0389646477997303, -0.0396856963634491, 0.031153099611401558, -0.02795703150331974, 0.023291487246751785, -0.018038982525467873, 0.012845371849834919, -0.009647593833506107, 0.006065958645194769], [-0.032580066472291946, 0.04319218546152115, -0.04181232303380966, 0.049330804497003555, -0.04001724347472191, 0.04041449725627899, -0.035057976841926575, 0.02744494192302227, -0.02386881224811077, 0.017704946920275688, -0.014550733380019665, 0.009666047058999538, -0.006925777066498995], [0.02965603582561016, -0.04086826741695404, 0.0389646477997303, -0.04001724347472191, 0.046298157423734665, -0.039183810353279114, 0.0308227576315403, -0.027919458225369453, 0.024668840691447258, -0.02036059834063053, 0.0130912521854043, -0.006183157209306955, 0.004272375255823135], [-0.028401821851730347, 0.03810013830661774, -0.0396856963634491, 0.04041449725627899, -0.039183810353279114, 0.04593733698129654, -0.032193299382925034, 0.027267664670944214, -0.025463972240686417, 0.020220138132572174, -0.01061321422457695, 0.008818804286420345, -0.0015049013309180737], [0.02323780581355095, -0.032693419605493546, 0.031153099611401558, -0.035057976841926575, 0.0308227576315403, -0.032193299382925034, 0.04194638133049011, -0.027889147400856018, 0.025140386074781418, -0.02503844164311886, 0.0168605949729681, -0.013633127324283123, 0.009417911991477013], [-0.02053600735962391, 0.02734762616455555, -0.02795703150331974, 0.02744494192302227, -0.027919458225369453, 0.027267664670944214, -0.027889147400856018, 0.03803358972072601, -0.028275523334741592, 0.030118068680167198, -0.025704285129904747, 0.02181391417980194, -0.014016716741025448], [0.017111605033278465, -0.022114260122179985, 0.023291487246751785, -0.02386881224811077, 0.024668840691447258, -0.025463972240686417, 0.025140386074781418, -0.028275523334741592, 0.03846297413110733, -0.0360548309981823, 0.02840903215110302, -0.027908453717827797, 0.013930757530033588], [-0.013990283012390137, 0.019114134833216667, -0.018038982525467873, 0.017704946920275688, -0.02036059834063053, 0.020220138132572174, -0.02503844164311886, 0.030118068680167198, -0.0360548309981823, 0.05156446993350983, -0.034011028707027435, 0.02815663442015648, -0.0166710764169693], [0.009997278451919556, -0.013151364400982857, 0.012845371849834919, -0.014550733380019665, 0.0130912521854043, -0.01061321422457695, 0.0168605949729681, -0.025704285129904747, 0.02840903215110302, -0.034011028707027435, 0.04040277376770973, -0.03005506657063961, 0.019212154671549797], [-0.006222311407327652, 0.008530471473932266, -0.009647593833506107, 0.009666047058999538, -0.006183157209306955, 0.008818804286420345, -0.013633127324283123, 0.02181391417980194, -0.027908453717827797, 0.02815663442015648, -0.03005506657063961, 0.040573909878730774, -0.02190004289150238], [0.0042161052115261555, -0.004463908262550831, 0.006065958645194769, -0.006925777066498995, 0.004272375255823135, -0.0015049013309180737, 0.009417911991477013, -0.014016716741025448, 0.013930757530033588, -0.0166710764169693, 0.019212154671549797, -0.02190004289150238, 0.024562261998653412]], "metadata.audio_properties.analysis.downmix": "mix", "metadata.audio_properties.codec": "mp3", "metadata.audio_properties.md5_encoded": "9743839450be39a7dcf75d5ca4783e65", "metadata.tags.file_name": "1182276689900884008.mp3", "metadata.version.essentia": "2.1-beta6-dev", "metadata.version.essentia_git_sha": "v2.1_beta5-1110-g77a6a954", "metadata.version.extractor": "music 2.0", "tonal.chords_key": "B", "tonal.chords_scale": "minor", "tonal.key_edma.key": "G", "tonal.key_edma.scale": "major", "tonal.key_krumhansl.key": "G", "