{"song_id": "1182279654598524938", "download": "https://cdn.discordapp.com/attachments/1135911532732108921/1182279654598524938/chirp.mp4?ex=65841ebb&amp", "lyrics": "\u5728\u7530\u91ce\u95f4\uff0c\u6f2b\u6b65\u7740\u5c0f\u8def\uff0c\n\u4e61\u8ff9\u5370\u8c61\uff0c\u5524\u9192\u5fc3\u4e2d\u7684\u601d\u6545\u4e61\u3002\n\u7eff\u6811\u6210\u836b\uff0c\u9e1f\u8bed\u82b1\u9999\uff0c\n\u513f\u65f6\u7684\u8bb0\u5fc6\uff0c\u5982\u4eca\u4ecd\u5728\u68a6\u4e2d\u8361\u6f3e\u3002", "style": ["random"], "essentia_features": {"lowlevel.average_loudness": 0.9685459136962891, "lowlevel.barkbands_crest.mean": 12.068596839904785, "lowlevel.barkbands_crest.stdev": 5.547812461853027, "lowlevel.barkbands_flatness_db.mean": 0.19400537014007568, "lowlevel.barkbands_flatness_db.stdev": 0.15062278509140015, "lowlevel.barkbands_kurtosis.mean": 78.17658996582031, "lowlevel.barkbands_kurtosis.stdev": 153.6118621826172, "lowlevel.barkbands_skewness.mean": 4.168977737426758, "lowlevel.barkbands_skewness.stdev": 5.056616306304932, "lowlevel.barkbands_spread.mean": 29.499221801757812, "lowlevel.barkbands_spread.stdev": 27.864410400390625, "lowlevel.dissonance.mean": 0.4769807457923889, "lowlevel.dissonance.stdev": 0.032356418669223785, "lowlevel.dynamic_complexity": 6.251498699188232, "lowlevel.erbbands_crest.mean": 9.836201667785645, "lowlevel.erbbands_crest.stdev": 5.6964006423950195, "lowlevel.erbbands_flatness_db.mean": 0.1220584437251091, "lowlevel.erbbands_flatness_db.stdev": 0.044079869985580444, "lowlevel.erbbands_kurtosis.mean": 1.9176099300384521, "lowlevel.erbbands_kurtosis.stdev": 4.997763156890869, "lowlevel.erbbands_skewness.mean": 0.6953617334365845, "lowlevel.erbbands_skewness.stdev": 1.3310134410858154, "lowlevel.erbbands_spread.mean": 66.13089752197266, "lowlevel.erbbands_spread.stdev": 38.669010162353516, "lowlevel.hfc.mean": 24.68399429321289, "lowlevel.hfc.stdev": 46.32650375366211, "lowlevel.loudness_ebu128.integrated": -18.593976974487305, "lowlevel.loudness_ebu128.loudness_range": 2.336130142211914, "lowlevel.loudness_ebu128.momentary.mean": -19.15323829650879, "lowlevel.loudness_ebu128.momentary.stdev": 2.4609322547912598, "lowlevel.loudness_ebu128.short_term.mean": -18.763418197631836, "lowlevel.loudness_ebu128.short_term.stdev": 0.7449343800544739, "lowlevel.melbands_crest.mean": 21.659820556640625, "lowlevel.melbands_crest.stdev": 10.531803131103516, "lowlevel.melbands_flatness_db.mean": 0.27062955498695374, "lowlevel.melbands_flatness_db.stdev": 0.18010905385017395, "lowlevel.melbands_kurtosis.mean": 778.4109497070312, "lowlevel.melbands_kurtosis.stdev": 1924.0557861328125, "lowlevel.melbands_skewness.mean": 11.757009506225586, "lowlevel.melbands_skewness.stdev": 16.792451858520508, "lowlevel.melbands_spread.mean": 29.00498390197754, "lowlevel.melbands_spread.stdev": 41.1000862121582, "lowlevel.pitch_salience.mean": 0.4125629961490631, "lowlevel.pitch_salience.stdev": 0.2505377233028412, "lowlevel.silence_rate_20dB.mean": 0.859649121761322, "lowlevel.silence_rate_20dB.stdev": 0.3473518192768097, "lowlevel.silence_rate_30dB.mean": 0.7549707889556885, "lowlevel.silence_rate_30dB.stdev": 0.43010348081588745, "lowlevel.silence_rate_60dB.mean": 0.367251455783844, "lowlevel.silence_rate_60dB.stdev": 0.4820587933063507, "lowlevel.spectral_centroid.mean": 1418.294677734375, "lowlevel.spectral_centroid.stdev": 1106.6044921875, "lowlevel.spectral_complexity.mean": 7.269590854644775, "lowlevel.spectral_complexity.stdev": 11.185413360595703, "lowlevel.spectral_decrease.mean": -3.245956037289943e-08, "lowlevel.spectral_decrease.stdev": 6.836867783022171e-08, "lowlevel.spectral_energy.mean": 0.12474863231182098, "lowlevel.spectral_energy.stdev": 0.25944408774375916, "lowlevel.spectral_energyband_high.mean": 0.0013216036604717374, "lowlevel.spectral_energyband_high.stdev": 0.003364920848980546, "lowlevel.spectral_energyband_low.mean": 0.11192813515663147, "lowlevel.spectral_energyband_low.stdev": 0.25576016306877136, "lowlevel.spectral_energyband_middle_high.mean": 0.003889131359755993, "lowlevel.spectral_energyband_middle_high.stdev": 0.01150510273873806, "lowlevel.spectral_energyband_middle_low.mean": 0.006884520407766104, "lowlevel.spectral_energyband_middle_low.stdev": 0.02006423845887184, "lowlevel.spectral_entropy.mean": 7.926331996917725, "lowlevel.spectral_entropy.stdev": 0.6061582565307617, "lowlevel.spectral_flux.mean": 0.15641692280769348, "lowlevel.spectral_flux.stdev": 0.17401692271232605, "lowlevel.spectral_kurtosis.mean": 2.478095769882202, "lowlevel.spectral_kurtosis.stdev": 2.924062728881836, "lowlevel.spectral_rms.mean": 0.00667463568970561, "lowlevel.spectral_rms.stdev": 0.00878380611538887, "lowlevel.spectral_rolloff.mean": 3173.216064453125, "lowlevel.spectral_rolloff.stdev": 4361.65625, "lowlevel.spectral_skewness.mean": 1.4108178615570068, "lowlevel.spectral_skewness.stdev": 0.5150953531265259, "lowlevel.spectral_spread.mean": 8129103.0, "lowlevel.spectral_spread.stdev": 1929761.875, "lowlevel.spectral_strongpeak.mean": 0.4728991687297821, "lowlevel.spectral_strongpeak.stdev": 0.6881743669509888, "lowlevel.zerocrossingrate.mean": 0.11240006238222122, "lowlevel.zerocrossingrate.stdev": 0.0979447141289711, "metadata.audio_properties.analysis.equal_loudness": 0.0, "metadata.audio_properties.analysis.length": 39.678955078125, "metadata.audio_properties.analysis.sample_rate": 44100.0, "metadata.audio_properties.analysis.start_time": 0.0, "metadata.audio_properties.bit_rate": 130137.0, "metadata.audio_properties.length": 39.68000030517578, "metadata.audio_properties.lossless": 0.0, "metadata.audio_properties.number_channels": 1.0, "metadata.audio_properties.replay_gain": -6.447914123535156, "metadata.audio_properties.sample_rate": 48000.0, "rhythm.beats_count": 77.0, "rhythm.beats_loudness.mean": 0.731143593788147, "rhythm.beats_loudness.stdev": 0.15718808770179749, "rhythm.bpm": 118.0288314819336, "rhythm.bpm_histogram_first_peak_bpm": 117.0, "rhythm.bpm_histogram_first_peak_weight": 0.21052628755569458, "rhythm.bpm_histogram_second_peak_bpm": 0.0, "rhythm.bpm_histogram_second_peak_spread": 0.0, "rhythm.bpm_histogram_second_peak_weight": 0.0, "rhythm.danceability": 2.5371673107147217, "rhythm.onset_rate": 6.852332592010498, "tonal.chords_changes_rate": 0.13084112107753754, "tonal.chords_number_rate": 0.01285046711564064, "tonal.chords_strength.mean": 0.4672761857509613, "tonal.chords_strength.stdev": 0.09823440760374069, "tonal.hpcp_crest.mean": 9.8654203414917, "tonal.hpcp_crest.stdev": 4.756347179412842, "tonal.hpcp_entropy.mean": 2.775688648223877, "tonal.hpcp_entropy.stdev": 0.7589216232299805, "tonal.key_edma.strength": 0.7367485761642456, "tonal.key_krumhansl.strength": 0.745421826839447, "tonal.key_temperley.strength": 0.7523364424705505, "tonal.tuning_diatonic_strength": 0.664448082447052, "tonal.tuning_equal_tempered_deviation": 0.17069107294082642, "tonal.tuning_frequency": 434.193115234375, "tonal.tuning_nontempered_energy_ratio": 0.8866174817085266, "lowlevel.barkbands.mean": [0.02680581994354725, 0.08377117663621902, 0.0022530423011630774, 0.0018974780105054379, 0.0015867834445089102, 0.0008571050129830837, 0.000806200027000159, 0.00043972887215204537, 0.0009476347477175295, 0.0010693779913708568, 0.0008342746295966208, 0.000728948914911598, 0.0004947163397446275, 0.0002479307004250586, 0.00013910929556004703, 0.00012937505380250514, 0.00014836961054243147, 0.0001240747660631314, 0.00010392133117420599, 0.00010320144792785868, 0.00015258351049851626, 0.00014592174557037652, 0.00017809351265896112, 0.00018336568609811366, 0.0002817522326949984, 0.0002684634819161147, 5.02351249451749e-05], "lowlevel.barkbands.stdev": [0.06280498206615448, 0.2037872076034546, 0.007941221818327904, 0.006632035132497549, 0.006781208328902721, 0.0037534814327955246, 0.005276384763419628, 0.0023012401070445776, 0.006092608440667391, 0.003872739616781473, 0.003941824659705162, 0.0029180566780269146, 0.0019367426866665483, 0.0011426915880292654, 0.0003863683668896556, 0.0004117789794690907, 0.00042175481212325394, 0.0003400236601009965, 0.00027168262749910355, 0.0002783588133752346, 0.00044603427522815764, 0.00045055049122311175, 0.0005165034090168774, 0.0005341426003724337, 0.0007059717318043113, 0.0006795843364670873, 0.00015045239706523716], "lowlevel.erbbands.mean": [5.214545726776123, 7.719177722930908, 2.8290598392486572, 5.629604339599609, 5.913609504699707, 4.401096820831299, 6.424911022186279, 6.877348899841309, 11.295282363891602, 9.255109786987305, 13.47014331817627, 20.85613441467285, 29.858192443847656, 34.1644401550293, 33.574947357177734, 28.969013214111328, 23.65528678894043, 14.882904052734375, 9.612936019897461, 6.758893013000488, 7.482787609100342, 8.426352500915527, 6.629878997802734, 6.10074520111084, 5.040084362030029, 4.793918132781982, 6.048025131225586, 5.888688087463379, 4.951663970947266, 5.761124610900879, 4.771060943603516, 3.505441904067993, 3.445991039276123, 3.0554049015045166, 2.036562442779541, 1.1308321952819824, 0.5133617520332336, 0.12576395273208618, 0.004941098392009735, 0.00023311858240049332], "lowlevel.erbbands.stdev": [12.692378044128418, 19.93266487121582, 6.912722587585449, 19.167295455932617, 23.665584564208984, 19.49934959411621, 29.239059448242188, 33.5624885559082, 76.63935852050781, 50.69678497314453, 82.20618438720703, 139.7859649658203, 112.19290924072266, 122.2264175415039, 161.9989471435547, 112.34027862548828, 92.41763305664062, 64.80046081542969, 31.04792022705078, 19.721302032470703, 22.688148498535156, 23.76392364501953, 17.471166610717773, 17.14484405517578, 13.37495231628418, 12.71133804321289, 17.860427856445312, 17.540332794189453, 15.35423469543457, 16.979036331176758, 13.742011070251465, 10.62088680267334, 9.86269474029541, 7.9618072509765625, 5.13679838180542, 2.8789868354797363, 1.323594570159912, 0.33804893493652344, 0.014087348245084286, 0.00040542864007875323], "lowlevel.gfcc.mean": [-96.0891342163086, 15.746235847473145, -70.06210327148438, 34.276344299316406, -32.07304382324219, 36.38740539550781, -32.59396743774414, 11.428677558898926, -34.57231140136719, 0.3897264897823334, -24.28284454345703, 2.5944864749908447, -16.758758544921875], "lowlevel.melbands.mean": [0.033906228840351105, 0.003624584525823593, 0.0009505467023700476, 0.0003582769713830203, 0.00021528762590605766, 0.00016146962298080325, 0.00016958595369942486, 9.497189603280276e-05, 0.0001251860667252913, 0.0001292862434638664, 0.0001493611343903467, 0.00013785934424959123, 0.00011411248851800337, 8.81580199347809e-05, 6.111388938734308e-05, 4.576582432491705e-05, 2.541258254495915e-05, 1.643668110773433e-05, 9.6453941296204e-06, 8.425485248153564e-06, 8.815644832793623e-06, 8.635382073407527e-06, 7.419423582177842e-06, 5.568931101151975e-06, 4.856702162214788e-06, 3.91256571674603e-06, 3.1608726658305386e-06, 3.1861416118772468e-06, 3.655285127024399e-06, 3.918373749911552e-06, 3.2270638712361688e-06, 2.8236656817171024e-06, 2.739555156949791e-06, 3.409306373214349e-06, 2.8541326173581183e-06, 2.310191121068783e-06, 2.059578037005849e-06, 2.33490027312655e-06, 2.56587668445718e-06, 2.548946895331028e-06], "lowlevel.melbands.stdev": [0.0812181606888771, 0.008319769985973835, 0.003242898266762495, 0.0014895268250256777, 0.0009463097085244954, 0.0007403820054605603, 0.0011195619590580463, 0.0004996281932108104, 0.0008788889972493052, 0.0007871013949625194, 0.0005612362292595208, 0.0004997646901756525, 0.0005560979479923844, 0.00035588230821304023, 0.0002342595107620582, 0.00018605493823997676, 0.00012714466720353812, 5.6808192312018946e-05, 2.665878491825424e-05, 2.842548565240577e-05, 2.68633957603015e-05, 2.521363967389334e-05, 2.0654961190302856e-05, 1.631426130188629e-05, 1.4060470675758552e-05, 1.0756267329270486e-05, 8.3877994256909e-06, 8.715847798157483e-06, 1.1323056241963059e-05, 1.1517993698362261e-05, 1.0049212505691685e-05, 9.04111766431015e-06, 8.731985872145742e-06, 1.0072570148622617e-05, 8.185625119949691e-06, 7.337714578170562e-06, 6.3385705288965255e-06, 6.940751063666539e-06, 7.169024229369825e-06, 6.663537533313502e-06], "lowlevel.melbands128.mean": [0.02471412904560566, 0.0550837405025959, 0.030472764745354652, 0.007584364153444767, 0.00121278315782547, 0.0012360077816992998, 0.0012431482318788767, 0.0008094014483503997, 0.000614930409938097, 0.000327111454680562, 0.0002056206576526165, 0.00021122448379173875, 0.0002368997229496017, 0.00019903435895685107, 0.00014469937013927847, 0.00013518369814846665, 0.0001937370834639296, 0.00017978050163947046, 0.00014316927990876138, 9.32805342017673e-05, 7.193066994659603e-05, 9.036782284965739e-05, 0.00012127903755754232, 0.0001798393641365692, 0.00014249925152398646, 9.467365453019738e-05, 0.0001331850653514266, 0.0001689516066107899, 0.00015047825581859797, 0.00014019469381310046, 0.0001372366095893085, 0.00012425977911334485, 0.00011499066749820486, 0.00010705176100600511, 9.331958426628262e-05, 8.516618254361674e-05, 7.552809256594628e-05, 5.745741509599611e-05, 5.4848293075338006e-05, 5.511690324055962e-05, 4.523820825852454e-05, 3.0803952540736645e-05, 2.476610279700253e-05, 2.356674667680636e-05, 1.9155098925693892e-05, 1.658121618675068e-05, 1.1257926416874398e-05, 9.502852662990335e-06, 8.907392839319073e-06, 9.034081813297234e-06, 7.992795872269198e-06, 8.248101039498579e-06, 8.86176076164702e-06, 9.72764246398583e-06, 7.477580766135361e-06, 8.26062387204729e-06, 9.875015166471712e-06, 8.762109246163163e-06, 6.400315669452539e-06, 4.980170160706621e-06, 4.942854047840228e-06, 6.8642766564153135e-06, 5.5095179050113074e-06, 4.168046416452853e-06, 3.7830957353435224e-06, 4.292071025702171e-06, 3.652274926935206e-06, 3.339173872518586e-06, 3.089468236794346e-06, 2.8825386380049167e-06, 2.85701912616787e-06, 3.617145694079227e-06, 3.6804817682423163e-06, 3.440366754148272e-06, 3.802014589382452e-06, 4.213534793962026e-06, 3.876607024722034e-06, 3.534186134857009e-06, 2.961497784781386e-06, 3.169879391862196e-06, 3.0296034765342483e-06, 2.6694574444263708e-06, 2.334174951101886e-06, 2.6682014322432224e-06, 3.1202175705402624e-06, 3.391741529412684e-06, 3.6294263736635912e-06, 3.223380190320313e-06, 2.847642690539942e-06, 2.603432676551165e-06, 2.312642209290061e-06, 2.331846872039023e-06, 2.084136212943122e-06, 1.8572840190245188e-06, 2.204200654887245e-06, 2.337299520149827e-06, 2.231276766906376e-06, 2.557718516982277e-06, 2.472702817613026e-06, 2.5968306545109954e-06, 2.8084725727239856e-06, 2.371725713601336e-06, 2.4517828478565207e-06, 3.0755659281567205e-06, 2.4464918624289567e-06, 1.8165338815379073e-06, 1.7132389302787487e-06, 1.7564801737535163e-06, 1.945448957485496e-06, 2.23084543904406e-06, 2.061271288766875e-06, 1.7144691355497343e-06, 1.631268105484196e-06, 1.5826367416593712e-06, 1.1637572470135638e-06, 8.998866292131424e-07, 1.19100025131047e-06, 9.391087019139377e-07, 1.5364933858563745e-07, 1.5301801492562106e-10, 3.720560665110284e-11, 2.3788564867954776e-11, 2.1850092915554065e-11, 2.0914459400445118e-11, 1.870475649368153e-11, 1.5582736490049598e-11, 1.3952485868051756e-11, 1.3655992135708228e-11], "lowlevel.melbands128.stdev": [0.05827677249908447, 0.13426195085048676, 0.07652799785137177, 0.02017049305140972, 0.0031225313432514668, 0.004583501722663641, 0.004386043641716242, 0.003006265265867114, 0.0026620435528457165, 0.0014406228438019753, 0.0010093540186062455, 0.0011661781463772058, 0.0012341178953647614, 0.0010016215965151787, 0.0009499177103862166, 0.0007847073720768094, 0.0014619972789660096, 0.0015310669550672174, 0.0012014741078019142, 0.0005406343261711299, 0.0004071902949362993, 0.0005568077322095633, 0.0009013602393679321, 0.0019116031471639872, 0.0013055793242529035, 0.00037736495141871274, 0.0005518285324797034, 0.0007602071273140609, 0.0005979874404147267, 0.0005671703838743269, 0.0005381390219554305, 0.0005426711868494749, 0.0006454004906117916, 0.0006685559055767953, 0.0004227154131513089, 0.00037359597627073526, 0.00033280043862760067, 0.00025362358428537846, 0.00022480872576124966, 0.0002664483617991209, 0.0002021059626713395, 0.00013463763752952218, 0.00015310209710150957, 0.0001539920485811308, 7.542470848420635e-05, 6.353427306748927e-05, 3.6399320379132405e-05, 2.9038621505605988e-05, 2.9282942705322057e-05, 3.08837516058702e-05, 3.064798875129782e-05, 3.8388763641705737e-05, 2.932760980911553e-05, 3.5110027965856716e-05, 2.2706499294145033e-05, 2.917788879130967e-05, 3.1959072657627985e-05, 2.835426857927814e-05, 1.8831542547559366e-05, 1.5572617485304363e-05, 1.681290268606972e-05, 2.187036989198532e-05, 1.9058801626670174e-05, 1.2745466847263742e-05, 1.0815585483214818e-05, 1.3558470527641475e-05, 1.1100704796263017e-05, 1.0210926120635122e-05, 8.885226634447463e-06, 8.066694135777652e-06, 8.38872801978141e-06, 1.0969538379868027e-05, 1.309505842073122e-05, 1.1911599358427338e-05, 1.288838484470034e-05, 1.3058180229563732e-05, 1.280150991078699e-05, 1.1317633834551089e-05, 1.0475045201019384e-05, 1.0743164239102043e-05, 1.0951859621854965e-05, 8.9834320533555e-06, 7.873066351749003e-06, 9.867071639746428e-06, 1.065800643118564e-05, 1.077637898561079e-05, 1.1640045158856083e-05, 9.89274303719867e-06, 8.635423000669107e-06, 8.358033483091276e-06, 7.686754543101415e-06, 8.639721272629686e-06, 7.1314793785859365e-06, 5.96520339968265e-06, 7.205672773125116e-06, 7.670399099879432e-06, 6.984210358496057e-06, 7.5234356700093485e-06, 7.5458697210706305e-06, 7.85583870310802e-06, 7.799865670676809e-06, 6.596772891498404e-06, 7.312554771488067e-06, 8.378203347092494e-06, 7.204252597148297e-06, 4.778449692821596e-06, 4.880168944509933e-06, 4.763601737067802e-06, 5.56550185137894e-06, 6.080482762627071e-06, 6.385570941347396e-06, 4.909447852696758e-06, 4.29450210504001e-06, 4.780214112543035e-06, 3.402942638786044e-06, 2.6821578558156034e-06, 3.5616615150502184e-06, 3.1132774438447086e-06, 6.126598464106792e-07, 2.1121120408196248e-09, 4.0531825118428344e-10, 2.041261604190936e-10, 1.892170170547658e-10, 1.704131280533261e-10, 1.19627224792751e-10, 5.154011245567247e-11, 2.989786890283952e-11, 2.932286358170444e-11], "lowlevel.mfcc.mean": [-759.5181274414062, 66.55719757080078, 23.106285095214844, 16.383127212524414, 25.969423294067383, 22.37139320373535, 19.827070236206055, 13.559941291809082, 5.44312047958374, 0.4330511689186096, -0.2635273337364197, -1.7436723709106445, -4.219326019287109], "lowlevel.spectral_contrast_coeffs.mean": [-0.6830234527587891, -0.8517906069755554, -0.847030758857727, -0.8528540730476379, -0.8474577069282532, -0.818803608417511], "lowlevel.spectral_contrast_coeffs.stdev": [0.08621682226657867, 0.06981700658798218, 0.052638713270425797, 0.03610743209719658, 0.03300201892852783, 0.03882955387234688], "lowlevel.spectral_contrast_valleys.mean": [-8.23073959350586, -8.572735786437988, -8.427887916564941, -8.530191421508789, -8.410512924194336, -10.198321342468262], "lowlevel.spectral_contrast_valleys.stdev": [1.6871150732040405, 1.6884874105453491, 1.5894579887390137, 1.1961427927017212, 1.1378461122512817, 1.0465149879455566], "rhythm.beats_loudness_band_ratio.mean": [0.9830529093742371, 0.001820048550143838, 0.005871608853340149, 0.002325409557670355, 0.0030615117866545916, 0.004524752497673035], "rhythm.beats_loudness_band_ratio.stdev": [0.09339910000562668, 0.005711424630135298, 0.03735852986574173, 0.01419247779995203, 0.018136970698833466, 0.026711242273449898], "tonal.hpcp.mean": [0.07890236377716064, 0.07227415591478348, 0.07334448397159576, 0.07289966940879822, 0.0713924989104271, 0.07746618986129761, 0.08740933984518051, 0.09013433009386063, 0.09698916971683502, 0.11227613687515259, 0.11416243761777878, 0.10187970101833344, 0.08605773746967316, 0.09476608783006668, 0.1659945398569107, 0.21167290210723877, 0.15985587239265442, 0.10015761852264404, 0.07854530960321426, 0.07279560714960098, 0.07449038326740265, 0.08689837902784348, 0.09465446323156357, 0.09424497187137604, 0.0949362963438034, 0.10366185009479523, 0.11146730184555054, 0.1354212611913681, 0.19647595286369324, 0.2707081437110901, 0.24368228018283844, 0.14481186866760254, 0.10649377852678299, 0.10641393065452576, 0.0956653580069542, 0.08203695714473724], "tonal.hpcp.stdev": [0.17631420493125916, 0.1732834130525589, 0.168918639421463, 0.16647706925868988, 0.1675865799188614, 0.18088398873806, 0.20048817992210388, 0.20468167960643768, 0.21911028027534485, 0.2443854957818985, 0.2453814446926117, 0.2238069772720337, 0.20087049901485443, 0.20247358083724976, 0.2813715636730194, 0.32532137632369995, 0.27441802620887756, 0.20692387223243713, 0.1823616623878479, 0.18349692225456238, 0.17404921352863312, 0.19152186810970306, 0.2076888084411621, 0.19532178342342377, 0.18701107800006866, 0.21199558675289154, 0.2285781055688858, 0.24819105863571167, 0.3065076768398285, 0.3562627136707306, 0.3426755368709564, 0.24673870205879211, 0.21779055893421173, 0.2319522649049759, 0.20845681428909302, 0.18399164080619812], "rhythm.beats_position": [0.4876190423965454, 0.9984580278396606, 1.4976871013641357, 1.9969160556793213, 2.5077550411224365, 3.0185940265655518, 3.529433012008667, 4.040272235870361, 4.551111221313477, 5.061950206756592, 5.572789192199707, 6.083628177642822, 6.582857131958008, 7.082086086273193, 7.592925071716309, 8.103763580322266, 8.614603042602539, 9.125441551208496, 9.63628101348877, 10.147119522094727, 10.657958984375, 11.168798446655273, 11.6680269241333, 12.167256355285645, 12.678094863891602, 13.188934326171875, 13.699772834777832, 14.210612297058105, 14.721450805664062, 15.232290267944336, 15.743128776550293, 16.25396728515625, 16.753196716308594, 17.252426147460938, 17.76326560974121, 18.27410316467285, 18.784942626953125, 19.2957820892334, 19.806621551513672, 20.317459106445312, 20.828298568725586, 21.33913803100586, 21.838367462158203, 22.337596893310547, 22.848434448242188, 23.35927391052246, 23.870113372802734, 24.380952835083008, 24.89179039001465, 25.402629852294922, 25.913469314575195, 26.41269874572754, 26.91192626953125, 27.422765731811523, 27.933605194091797, 28.44444465637207, 28.95528221130371, 29.466121673583984, 29.976961135864258, 30.48780059814453, 30.998638153076172, 31.509477615356445, 32.008705139160156, 32.5079345703125, 33.018775939941406, 33.52961349487305, 34.04045104980469, 34.551292419433594, 35.062129974365234, 35.57297134399414, 36.08380889892578, 36.59464645385742, 37.093875885009766, 37.59310531616211, 38.103946685791016, 38.614784240722656, 39.1256217956543], "rhythm.bpm_histogram": [0.0, 0.0, 0.0, 0.0, 0.0, 0.0, 0.0, 0.0, 0.0, 0.0, 0.0, 0.0, 0.0, 0.0, 0.0, 0.0, 0.0, 0.0, 0.0, 0.0, 0.0, 0.0, 0.0, 0.0, 0.0, 0.0, 0.0, 0.0, 0.0, 0.0, 0.0, 0.0, 0.0, 0.0, 0.0, 0.0, 0.0, 0.0, 0.0, 0.0, 0.0, 0.0, 0.0, 0.0, 0.0, 0.0, 0.0, 0.0, 0.0, 0.0, 0.0, 0.0, 0.0, 0.0, 0.0, 0.0, 0.0, 0.0, 0.0, 0.0, 0.0, 0.0, 0.0, 0.0, 0.0, 0.0, 0.0, 0.0, 0.0, 0.0, 0.0, 0.0, 0.0, 0.0, 0.0, 0.0, 0.0, 0.0, 0.0, 0.0, 0.0, 0.0, 0.0, 0.0, 0.0, 0.0, 0.0, 0.0, 0.0, 0.0, 0.0, 0.0, 0.0, 0.0, 0.0, 0.0, 0.0, 0.0, 0.0, 0.0, 0.0, 0.0, 0.0, 0.0, 0.0, 0.0, 0.0, 0.0, 0.0, 0.0, 0.0, 0.0, 0.0, 0.0, 0.0, 0.0, 0.0, 0.7894737124443054, 0.0, 0.0, 0.21052631735801697, 0.0, 0.0, 0.0, 0.0, 0.0, 0.0, 0.0, 0.0, 0.0, 0.0, 0.0, 0.0, 0.0, 0.0, 0.0, 0.0, 0.0, 0.0, 0.0, 0.0, 0.0, 0.0, 0.0, 0.0, 0.0, 0.0, 0.0, 0.0, 0.0, 0.0, 0.0, 0.0, 0.0, 0.0, 0.0, 0.0, 0.0, 0.0, 0.0, 0.0, 0.0, 0.0, 0.0, 0.0, 0.0, 0.0, 0.0, 0.0, 0.0, 0.0, 0.0, 0.0, 0.0, 0.0, 0.0, 0.0, 0.0, 0.0, 0.0, 0.0, 0.0, 0.0, 0.0, 0.0, 0.0, 0.0, 0.0, 0.0, 0.0, 0.0, 0.0, 0.0, 0.0, 0.0, 0.0, 0.0, 0.0, 0.0, 0.0, 0.0, 0.0, 0.0, 0.0, 0.0, 0.0, 0.0, 0.0, 0.0, 0.0, 0.0, 0.0, 0.0, 0.0, 0.0, 0.0, 0.0, 0.0, 0.0, 0.0, 0.0, 0.0, 0.0, 0.0, 0.0, 0.0, 0.0, 0.0, 0.0, 0.0, 0.0, 0.0, 0.0, 0.0, 0.0, 0.0, 0.0, 0.0, 0.0, 0.0, 0.0, 0.0, 0.0, 0.0, 0.0, 0.0, 0.0, 0.0, 0.0, 0.0], "tonal.chords_histogram": [28.621496200561523, 7.242990493774414, 0.7009345889091492, 10.514019012451172, 0.3504672944545746, 4.6728973388671875, 0.0, 0.0, 0.11682242900133133, 0.0, 1.6355140209197998, 0.0, 0.5841121673583984, 0.0, 1.1682243347167969, 7.943925380706787, 0.0, 9.228972434997559, 0.0, 0.3504672944545746, 1.1682243347167969, 0.0, 21.845794677734375, 3.855140209197998], "tonal.thpcp": [1.0, 0.9001660346984863, 0.5349372625350952, 0.39338964223861694, 0.3930946886539459, 0.35338929295539856, 0.30304577946662903, 0.29146653413772583, 0.266981840133667, 0.27093562483787537, 0.2692924737930298, 0.2637249827384949, 0.28616127371788025, 0.3228914439678192, 0.33295759558677673, 0.3582794666290283, 0.41474977135658264, 0.4217177927494049, 0.376345157623291, 0.31789860129356384, 0.3500673770904541, 0.6131863594055176, 0.7819229364395142, 0.5905100107192993, 0.3699837625026703, 0.2901475727558136, 0.2689080834388733, 0.27516859769821167, 0.3210039436817169, 0.34965503215789795, 0.3481423556804657, 0.3506961166858673, 0.3829284608364105, 0.41176190972328186, 0.5002481937408447, 0.7257851362228394], "lowlevel.gfcc.cov": [[15902.1103515625, 1796.75146484375, -715.9111938476562, -1261.750244140625, -951.3483276367188, -136.89801025390625, 876.172607421875, 905.4515991210938, 858.4376831054688, 703.7581176757812, 516.4010620117188, 744.9111328125, 420.000244140625], [1796.75146484375, 2447.48583984375, 741.7385864257812, 76.20146179199219, 41.62255859375, -9.670913696289062, 108.71989440917969, 143.98577880859375, 397.9398498535156, 98.85707092285156, 239.1314697265625, -4.580315113067627, 117.03084564208984], [-715.9111938476562, 741.7385864257812, 1401.1241455078125, 848.2785034179688, 639.9912719726562, 246.052001953125, 287.7149353027344, 213.6419677734375, 358.7790832519531, 160.7363739013672, 255.51333618164062, 15.386411666870117, 170.8303985595703], [-1261.750244140625, 76.20146179199219, 848.2785034179688, 967.5253295898438, 597.5907592773438, 249.43374633789062, 162.4911346435547, 94.06581115722656, 149.99603271484375, 55.77880859375, 107.59910583496094, -42.42539596557617, 95.94329833984375], [-951.3483276367188, 41.62255859375, 639.9912719726562, 597.5907592773438, 626.1298217773438, 285.11968994140625, 277.640869140625, 165.88111877441406, 208.64935302734375, 105.14021301269531, 122.41349029541016, 18.48775863647461, 113.15504455566406], [-136.89801025390625, -9.670913696289062, 246.052001953125, 249.43374633789062, 285.11968994140625, 301.3890075683594, 229.83413696289062, 154.65185546875, 100.74188232421875, 62.519500732421875, 74.83401489257812, 26.612943649291992, 64.56822204589844], [876.172607421875, 108.71989440917969, 287.7149353027344, 162.4911346435547, 277.640869140625, 229.83413696289062, 434.6800537109375, 302.1571960449219, 293.740478515625, 187.27638244628906, 180.49107360839844, 131.55816650390625, 156.4603729248047], [905.4515991210938, 143.98577880859375, 213.6419677734375, 94.06581115722656, 165.88111877441406, 154.65185546875, 302.1571960449219, 301.7171325683594, 290.669921875, 186.59912109375, 167.7103729248047, 116.1012954711914, 133.27919006347656], [858.4376831054688, 397.9398498535156, 358.7790832519531, 149.99603271484375, 208.64935302734375, 100.74188232421875, 293.740478515625, 290.669921875, 421.7538146972656, 249.13412475585938, 245.0348358154297, 123.34616088867188, 171.36801147460938], [703.7581176757812, 98.85707092285156, 160.7363739013672, 55.77880859375, 105.14021301269531, 62.519500732421875, 187.27638244628906, 186.59912109375, 249.13412475585938, 216.67921447753906, 168.3450469970703, 117.15264129638672, 111.58963012695312], [516.4010620117188, 239.1314697265625, 255.51333618164062, 107.59910583496094, 122.41349029541016, 74.83401489257812, 180.49107360839844, 167.7103729248047, 245.0348358154297, 168.3450469970703, 212.79959106445312, 104.77130126953125, 125.0675277709961], [744.9111328125, -4.580315113067627, 15.386411666870117, -42.42539596557617, 18.48775863647461, 26.612943649291992, 131.55816650390625, 116.1012954711914, 123.34616088867188, 117.15264129638672, 104.77130126953125, 130.29405212402344, 86.16107940673828], [420.000244140625, 117.03084564208984, 170.8303985595703, 95.94329833984375, 113.15504455566406, 64.56822204589844, 156.4603729248047, 133.27919006347656, 171.36801147460938, 111.58963012695312, 125.0675277709961, 86.16107940673828, 128.9579620361328]], "lowlevel.gfcc.icov": [[0.00015606680244673043, -0.0001571785396663472, 8.574750245315954e-05, -0.00012715469347313046, 0.0004124121624045074, 8.405180415138602e-05, -0.0003559412725735456, -0.00025458421441726387, 0.00010168634617002681, -0.00022740910935681313, 0.00032880157232284546, -0.0006501914467662573, 8.355746103916317e-05], [-0.0001571785396663472, 0.000944058527238667, -0.0007129827863536775, 0.0004974390030838549, 0.00019493747095111758, -0.0005034203641116619, 0.0004729813081212342, 0.0009471002267673612, -0.00184191286098212, 0.0013940873323008418, -0.0005348980193957686, 0.0009126780205406249, -9.181458881357685e-05], [8.574750245315954e-05, -0.0007129827863536775, 0.0027236442547291517, -0.0015737167559564114, -0.001100068911910057, 0.000933478120714426, -0.00041934341425076127, -0.0006814264343120158, 0.0006578470347449183, -0.00013178693188820034, -0.001643562107346952, 0.0002681890327949077, 0.00029614416416734457], [-0.00012715469347313046, 0.0004974390030838549, -0.0015737167559564114, 0.004029514268040657, -0.002669381210580468, -0.0005195906269364059, 0.0015374645590782166, -0.00012156350567238405, 0.000563987297937274, 4.366897337604314e-05, -0.0007183502311818302, 0.0025182156823575497, -0.001860890188254416], [0.0004124121624045074, 0.00019493747095111758, -0.001100068911910057, -0.002669381210580468, 0.008819695562124252, -0.0036540513392537832, -0.0032221581786870956, 0.0034894784912467003, -0.004072775598615408, -0.00036190415266901255, 0.0038203266449272633, -0.002226143376901746, -0.0001756263227434829], [8.405180415138602e-05, -0.0005034203641116619, 0.000933478120714426, -0.0005195906269364059, -0.0036540513392537832, 0.01080138050019741, -0.003694924060255289, -0.006362030748277903, 0.007594519294798374, -0.001146510592661798, -0.003974853083491325, 0.003627846483141184, 0.0005203989567235112], [-0.0003559412725735456, 0.0004729813081212342, -0.00041934341425076127, 0.0015374645590782166, -0.0032221581786870956, -0.003694924060255289, 0.012557882815599442, -0.0060960836708545685, -0.0018136383732780814, 0.0023554859217256308, 8.216573769459501e-05, -0.002457980765029788, -0.0021822990383952856], [-0.00025458421441726387, 0.0009471002267673612, -0.0006814264343120158, -0.00012156350567238405, 0.0034894784912467003, -0.006362030748277903, -0.0060960836708545685, 0.023231230676174164, -0.013407696969807148, -0.0001656266686040908, 0.004587483126670122, -0.0030914433300495148, 4.959364014212042e-05], [0.00010168634617002681, -0.00184191286098212, 0.0006578470347449183, 0.000563987297937274, -0.004072775598615408, 0.007594519294798374, -0.0018136383732780814, -0.013407696969807148, 0.02557009644806385, -0.012213962152600288, -0.008846601471304893, 0.009784716181457043, -0.005490182898938656], [-0.00022740910935681313, 0.0013940873323008418, -0.00013178693188820034, 4.366897337604314e-05, -0.00036190415266901255, -0.001146510592661798, 0.0023554859217256308, -0.0001656266686040908, -0.012213962152600288, 0.024593990296125412, -0.005354311317205429, -0.009791770949959755, 0.004506631288677454], [0.00032880157232284546, -0.0005348980193957686, -0.001643562107346952, -0.0007183502311818302, 0.0038203266449272633, -0.003974853083491325, 8.216573769459501e-05, 0.004587483126670122, -0.008846601471304893, -0.005354311317205429, 0.024147624149918556, -0.008461585268378258, -0.005453187506645918], [-0.0006501914467662573, 0.0009126780205406249, 0.0002681890327949077, 0.0025182156823575497, -0.002226143376901746, 0.003627846483141184, -0.002457980765029788, -0.0030914433300495148, 0.009784716181457043, -0.009791770949959755, -0.008461585268378258, 0.031143883243203163, -0.01175687462091446], [8.355746103916317e-05, -9.181458881357685e-05, 0.00029614416416734457, -0.001860890188254416, -0.0001756263227434829, 0.0005203989567235112, -0.0021822990383952856, 4.959364014212042e-05, -0.005490182898938656, 0.004506631288677454, -0.005453187506645918, -0.01175687462091446, 0.02758771739900112]], "lowlevel.mfcc.cov": [[16440.30078125, 1827.3232421875, -497.80218505859375, -1013.8638305664062, -1549.840087890625, -782.544677734375, -352.0798645019531, 195.8719024658203, 353.9413757324219, 100.25353240966797, 379.7218017578125, 370.4476013183594, 546.452392578125], [1827.3232421875, 2030.8043212890625, 563.7214965820312, 35.60551071166992, -7.966010570526123, -104.31099700927734, -137.47268676757812, 37.3556022644043, 81.22576904296875, 113.414794921875, 157.2359619140625, 138.7548370361328, 131.98269653320312], [-497.80218505859375, 563.7214965820312, 873.68994140625, 565.9800415039062, 426.55316162109375, 199.94960021972656, 141.05552673339844, 122.08092498779297, 131.5069580078125, 187.76560974121094, 135.36415100097656, 115.87898254394531, 117.88706970214844], [-1013.8638305664062, 35.60551071166992, 565.9800415039062, 740.1312866210938, 505.5408630371094, 290.1962585449219, 177.4939422607422, 128.7431640625, 157.98817443847656, 170.45960998535156, 117.23184204101562, 88.45601654052734, 85.83175659179688], [-1549.840087890625, -7.966010570526123, 426.55316162109375, 505.5408630371094, 534.6226196289062, 293.35284423828125, 188.4167938232422, 112.19366455078125, 111.30719757080078, 138.14990234375, 71.32808685302734, 54.434749603271484, 38.14128494262695], [-782.544677734375, -104.31099700927734, 199.94960021972656, 290.1962585449219, 293.35284423828125, 271.02752685546875, 202.35897827148438, 121.10065460205078, 111.28872680664062, 91.86542510986328, 51.10433578491211, 49.560394287109375, 41.12812042236328], [-352.0798645019531, -137.47268676757812, 141.05552673339844, 177.4939422607422, 188.4167938232422, 202.35897827148438, 253.55245971679688, 168.056884765625, 137.10037231445312, 98.4025650024414, 59.32963180541992, 56.20793533325195, 56.23659133911133], [195.8719024658203, 37.3556022644043, 122.08092498779297, 128.7431640625, 112.19366455078125, 121.10065460205078, 168.056884765625, 191.2318115234375, 166.56739807128906, 119.31655883789062, 93.3076171875, 83.60631561279297, 85.53147888183594], [353.9413757324219, 81.22576904296875, 131.5069580078125, 157.98817443847656, 111.30719757080078, 111.28872680664062, 137.10037231445312, 166.56739807128906, 224.067138671875, 164.73211669921875, 140.79605102539062, 116.5116958618164, 113.69376373291016], [100.25353240966797, 113.414794921875, 187.76560974121094, 170.45960998535156, 138.14990234375, 91.86542510986328, 98.4025650024414, 119.31655883789062, 164.73211669921875, 180.7318115234375, 142.75929260253906, 111.19187927246094, 104.69012451171875], [379.7218017578125, 157.2359619140625, 135.36415100097656, 117.23184204101562, 71.32808685302734, 51.10433578491211, 59.32963180541992, 93.3076171875, 140.79605102539062, 142.75929260253906, 173.14805603027344, 126.76527404785156, 117.91024780273438], [370.4476013183594, 138.7548370361328, 115.87898254394531, 88.45601654052734, 54.434749603271484, 49.560394287109375, 56.20793533325195, 83.60631561279297, 116.5116958618164, 111.19187927246094, 126.76527404785156, 138.34498596191406, 117.84586334228516], [546.452392578125, 131.98269653320312, 117.88706970214844, 85.83175659179688, 38.14128494262695, 41.12812042236328, 56.23659133911133, 85.53147888183594, 113.69376373291016, 104.69012451171875, 117.91024780273438, 117.84586334228516, 144.3051300048828]], "lowlevel.mfcc.icov": [[0.00013336367555893958, -9.04826374608092e-05, 1.8686416296986863e-05, -0.00012061581946909428, 0.0005070407059974968, 4.814441854250617e-05, 3.1399020372191444e-05, -0.00014916437794454396, -0.00021692313021048903, 0.00015262704982887954, -3.395251405891031e-05, 0.00014628870121669024, -0.00046889312216080725], [-9.04826374608092e-05, 0.000988763989880681, -0.0011461619287729263, 0.000831443874631077, -0.0003024624602403492, -0.00038136146031320095, 0.0015239219646900892, -0.0007081675576046109, -0.0003354499349370599, 0.0005618047434836626, -0.000528891512658447, -0.0003194379387423396, 0.0004443283542059362], [1.8686416296986863e-05, -0.0011461619287729263, 0.004177603870630264, -0.002611917443573475, -0.0009787743911147118, 0.0018641359638422728, -0.0023129675537347794, 0.00026623220765031874, 0.002498958958312869, -0.002582954242825508, 0.001103107468225062, -0.00024406498414464295, -0.0012077471474185586], [-0.00012061581946909428, 0.000831443874631077, -0.002611917443573475, 0.006033611483871937, -0.0035448281560093164, -0.002234925050288439, 0.0026345064397901297, 0.00024154427228495479, -0.002611785661429167, 0.0018367171287536621, -0.0013976771151646972, 0.0012008369667455554, -0.00046802175347693264], [0.0005070407059974968, -0.0003024624602403492, -0.0009787743911147118, -0.0035448281560093164, 0.011325887404382229, -0.006523860618472099, 0.0010623333510011435, -0.0010188076412305236, 0.002134556183591485, -0.004073068965226412, 0.000587068556342274, 0.00028277808451093733, 0.0008828306454233825], [4.814441854250617e-05, -0.00038136146031320095, 0.0018641359638422728, -0.002234925050288439, -0.006523860618472099, 0.01963847503066063, -0.01208047941327095, 0.0033793209586292505, -0.0023389810230582952, 0.002462849486619234, 0.0014362961519509554, -0.002750234678387642, -6.65443658363074e-05], [3.1399020372191444e-05, 0.0015239219646900892, -0.0023129675537347794, 0.0026345064397901297, 0.0010623333510011435, -0.01208047941327095, 0.021537212654948235, -0.01365651935338974, 0.0002968563640024513, 0.00030610227258875966, 0.00017678184667602181, 0.0015799548709765077, -0.00021735444897785783], [-0.00014916437794454396, -0.0007081675576046109, 0.00026623220765031874, 0.00024154427228495479, -0.0010188076412305236, 0.0033793209586292505, -0.01365651935338974, 0.026589324697852135, -0.012827519327402115, 0.00031809700885787606, 0.0020411000587046146, -0.000510218262206763, -0.001655708416365087], [-0.00021692313021048903, -0.0003354499349370599, 0.002498958958312869, -0.002611785661429167, 0.002134556183591485, -0.0023389810230582952, 0.0002968563640024513, -0.012827519327402115, 0.02738936059176922, -0.014218837954103947, -0.002299948362633586, -0.0013939345953986049, -1.617429734324105e-05], [0.00015262704982887954, 0.0005618047434836626, -0.002582954242825508, 0.0018367171287536621, -0.004073068965226412, 0.002462849486619234, 0.00030610227258875966, 0.00031809700885787606, -0.014218837954103947, 0.03131568804383278, -0.012948434799909592, -0.0003461872402112931, -0.0006608597468584776], [-3.395251405891031e-05, -0.000528891512658447, 0.001103107468225062, -0.0013976771151646972, 0.000587068556342274, 0.0014362961519509554, 0.00017678184667602181, 0.0020411000587046146, -0.002299948362633586, -0.012948434799909592, 0.02838047407567501, -0.012501188553869724, -0.003075255546718836], [0.00014628870121669024, -0.0003194379387423396, -0.00024406498414464295, 0.0012008369667455554, 0.00028277808451093733, -0.002750234678387642, 0.0015799548709765077, -0.000510218262206763, -0.0013939345953986049, -0.0003461872402112931, -0.012501188553869724, 0.03454752638936043, -0.017029909417033195], [-0.00046889312216080725, 0.0004443283542059362, -0.0012077471474185586, -0.00046802175347693264, 0.0008828306454233825, -6.65443658363074e-05, -0.00021735444897785783, -0.001655708416365087, -1.617429734324105e-05, -0.0006608597468584776, -0.003075255546718836, -0.017029909417033195, 0.027327988296747208]], "metadata.audio_properties.analysis.downmix": "mix", "metadata.audio_properties.codec": "mp3", "metadata.audio_properties.md5_encoded": "6f4c5d9910c96ab9aa4bf8264fbab842", "metadata.tags.file_name": "1182279654598524938.mp3", "metadata.version.essentia": "2.1-beta6-dev", "metadata.version.essentia_git_sha": "v2.1_beta5-1110-g77a6a954", "metadata.version.extractor": "music 2.0", "tonal.chords_key": "G", "tonal.chords_scale": "major", "tonal.key_edma.key": "G", "tonal.key_edma.scale": "major", "tonal.key_krumhansl.key": "G", "tonal.key_krumhansl.scale":