{"song_id": "1182273687450304583", "download": "https://cdn.discordapp.com/attachments/1128313332273782784/1182273687450304583/chirp.mp4?ex=6584192c&amp", "lyrics": "Last night we went to a bar, \nand it felt like we were listening to a rock star. \nWe tried to make Tom sing,\nBut instead, we hear behind us the door going ding ding. \n\nEray was not able to come,\nBecause he was learning how to use .some(), \nWe tried to bring him over,\nBut his government said to him it's a game over. \n\nWe were eating this morning at Billy,\nDoesn't it sound silly?\nThat would be everything from me today,\nBecause I do not know about what is the other way.", "style": ["pop</span><span>, rock"], "essentia_features": {"lowlevel.average_loudness": 0.03193577751517296, "lowlevel.barkbands_crest.mean": 14.89232063293457, "lowlevel.barkbands_crest.stdev": 4.133301734924316, "lowlevel.barkbands_flatness_db.mean": 0.27060917019844055, "lowlevel.barkbands_flatness_db.stdev": 0.11081989109516144, "lowlevel.barkbands_kurtosis.mean": 37.29425811767578, "lowlevel.barkbands_kurtosis.stdev": 45.27653121948242, "lowlevel.barkbands_skewness.mean": 4.205909729003906, "lowlevel.barkbands_skewness.stdev": 2.9687886238098145, "lowlevel.barkbands_spread.mean": 13.283780097961426, "lowlevel.barkbands_spread.stdev": 19.015827178955078, "lowlevel.dissonance.mean": 0.3980403542518616, "lowlevel.dissonance.stdev": 0.06574399769306183, "lowlevel.dynamic_complexity": 39.35287857055664, "lowlevel.erbbands_crest.mean": 16.73790740966797, "lowlevel.erbbands_crest.stdev": 6.421421527862549, "lowlevel.erbbands_flatness_db.mean": 0.2625059187412262, "lowlevel.erbbands_flatness_db.stdev": 0.08794326335191727, "lowlevel.erbbands_kurtosis.mean": 14.857131958007812, "lowlevel.erbbands_kurtosis.stdev": 23.909502029418945, "lowlevel.erbbands_skewness.mean": 2.593452215194702, "lowlevel.erbbands_skewness.stdev": 2.46402645111084, "lowlevel.erbbands_spread.mean": 25.3447265625, "lowlevel.erbbands_spread.stdev": 18.266803741455078, "lowlevel.hfc.mean": 5.371479034423828, "lowlevel.hfc.stdev": 8.879179954528809, "lowlevel.loudness_ebu128.integrated": -22.815256118774414, "lowlevel.loudness_ebu128.loudness_range": 4.177986145019531, "lowlevel.loudness_ebu128.momentary.mean": -62.9096794128418, "lowlevel.loudness_ebu128.momentary.stdev": 27.3682918548584, "lowlevel.loudness_ebu128.short_term.mean": -61.09086608886719, "lowlevel.loudness_ebu128.short_term.stdev": 26.580949783325195, "lowlevel.melbands_crest.mean": 19.417749404907227, "lowlevel.melbands_crest.stdev": 5.4770188331604, "lowlevel.melbands_flatness_db.mean": 0.35408875346183777, "lowlevel.melbands_flatness_db.stdev": 0.14390257000923157, "lowlevel.melbands_kurtosis.mean": 106.50698852539062, "lowlevel.melbands_kurtosis.stdev": 126.44549560546875, "lowlevel.melbands_skewness.mean": 6.698055744171143, "lowlevel.melbands_skewness.stdev": 4.5560078620910645, "lowlevel.melbands_spread.mean": 13.459376335144043, "lowlevel.melbands_spread.stdev": 28.872127532958984, "lowlevel.pitch_salience.mean": 0.31503981351852417, "lowlevel.pitch_salience.stdev": 0.19670335948467255, "lowlevel.silence_rate_20dB.mean": 1.0, "lowlevel.silence_rate_20dB.stdev": 0.0, "lowlevel.silence_rate_30dB.mean": 0.9959396719932556, "lowlevel.silence_rate_30dB.stdev": 0.0635916069149971, "lowlevel.silence_rate_60dB.mean": 0.7047563791275024, "lowlevel.silence_rate_60dB.stdev": 0.45615172386169434, "lowlevel.spectral_centroid.mean": 862.3428955078125, "lowlevel.spectral_centroid.stdev": 1448.599853515625, "lowlevel.spectral_complexity.mean": 2.8677494525909424, "lowlevel.spectral_complexity.stdev": 4.674795627593994, "lowlevel.spectral_decrease.mean": -4.983730317320578e-09, "lowlevel.spectral_decrease.stdev": 8.070895951561852e-09, "lowlevel.spectral_energy.mean": 0.019296949729323387, "lowlevel.spectral_energy.stdev": 0.031206782907247543, "lowlevel.spectral_energyband_high.mean": 1.6494082046847325e-06, "lowlevel.spectral_energyband_high.stdev": 7.258323421410751e-06, "lowlevel.spectral_energyband_low.mean": 0.009917891584336758, "lowlevel.spectral_energyband_low.stdev": 0.020521633327007294, "lowlevel.spectral_energyband_middle_high.mean": 0.0005323698278516531, "lowlevel.spectral_energyband_middle_high.stdev": 0.0012578465975821018, "lowlevel.spectral_energyband_middle_low.mean": 0.014977220445871353, "lowlevel.spectral_energyband_middle_low.stdev": 0.024028442800045013, "lowlevel.spectral_entropy.mean": 6.505856037139893, "lowlevel.spectral_entropy.stdev": 1.212149977684021, "lowlevel.spectral_flux.mean": 0.008366611786186695, "lowlevel.spectral_flux.stdev": 0.01598682999610901, "lowlevel.spectral_kurtosis.mean": 16.683561325073242, "lowlevel.spectral_kurtosis.stdev": 20.241161346435547, "lowlevel.spectral_rms.mean": 0.002348901703953743, "lowlevel.spectral_rms.stdev": 0.0036481409333646297, "lowlevel.spectral_rolloff.mean": 1930.9453125, "lowlevel.spectral_rolloff.stdev": 4260.36328125, "lowlevel.spectral_skewness.mean": 2.6538805961608887, "lowlevel.spectral_skewness.stdev": 1.4628340005874634, "lowlevel.spectral_spread.mean": 6241814.0, "lowlevel.spectral_spread.stdev": 5517529.0, "lowlevel.spectral_strongpeak.mean": 0.46456488966941833, "lowlevel.spectral_strongpeak.stdev": 0.7346861362457275, "lowlevel.zerocrossingrate.mean": 0.13459937274456024, "lowlevel.zerocrossingrate.stdev": 0.19632959365844727, "metadata.audio_properties.analysis.equal_loudness": 0.0, "metadata.audio_properties.analysis.length": 39.999977111816406, "metadata.audio_properties.analysis.sample_rate": 44100.0, "metadata.audio_properties.analysis.start_time": 0.0, "metadata.audio_properties.bit_rate": 98748.0, "metadata.audio_properties.length": 40.0, "metadata.audio_properties.lossless": 0.0, "metadata.audio_properties.number_channels": 1.0, "metadata.audio_properties.replay_gain": -1.1202621459960938, "metadata.audio_properties.sample_rate": 48000.0, "rhythm.beats_count": 86.0, "rhythm.beats_loudness.mean": 0.021194465458393097, "rhythm.beats_loudness.stdev": 0.0344039648771286, "rhythm.bpm": 161.49903869628906, "rhythm.bpm_histogram_first_peak_bpm": 161.0, "rhythm.bpm_histogram_first_peak_weight": 0.16666662693023682, "rhythm.bpm_histogram_second_peak_bpm": 117.0, "rhythm.bpm_histogram_second_peak_spread": 0.5, "rhythm.bpm_histogram_second_peak_weight": 0.16470588743686676, "rhythm.danceability": 0.6397885680198669, "rhythm.onset_rate": 0.6246940493583679, "tonal.chords_changes_rate": 0.022016221657395363, "tonal.chords_number_rate": 0.009269988164305687, "tonal.chords_strength.mean": 0.43211829662323, "tonal.chords_strength.stdev": 0.06765460222959518, "tonal.hpcp_crest.mean": 22.23421859741211, "tonal.hpcp_crest.stdev": 10.779924392700195, "tonal.hpcp_entropy.mean": 0.7969053983688354, "tonal.hpcp_entropy.stdev": 0.6611745357513428, "tonal.key_edma.strength": 0.6163392066955566, "tonal.key_krumhansl.strength": 0.6039393544197083, "tonal.key_temperley.strength": 0.6085490584373474, "tonal.tuning_diatonic_strength": 0.5197479724884033, "tonal.tuning_equal_tempered_deviation": 0.008153419010341167, "tonal.tuning_frequency": 440.5086364746094, "tonal.tuning_nontempered_energy_ratio": 0.6082204580307007, "lowlevel.barkbands.mean": [2.0833913367823698e-06, 0.00011888350127264857, 0.003665325464680791, 0.007280929479748011, 0.005309573840349913, 3.3357242500642315e-05, 0.0004461633216124028, 5.9856297411897685e-06, 0.0018906277837231755, 2.627941830724012e-05, 4.114787770959083e-06, 2.427343133604154e-05, 4.243692819727585e-05, 6.3995876189437695e-06, 9.224379027727991e-05, 0.000199085523490794, 9.4081879069563e-05, 4.242654540576041e-05, 1.0879790352191776e-05, 9.914110705722123e-07, 7.540705269093451e-07, 5.3496346907877523e-08, 3.5908875872792123e-09, 2.457970937896903e-09, 2.229995299529719e-09, 3.849613072759439e-09, 1.9962362873826578e-09], "lowlevel.barkbands.stdev": [5.40671589988051e-06, 0.00034997533657588065, 0.0072240703739225864, 0.016008051112294197, 0.011444715782999992, 8.187146158888936e-05, 0.0011454126797616482, 1.5101995813893154e-05, 0.0035786463413387537, 6.167884566821158e-05, 1.2155026524851564e-05, 6.80162847856991e-05, 9.466803021496162e-05, 1.795851312635932e-05, 0.00023695921117905527, 0.0004775585839524865, 0.0003238800563849509, 0.00013806384231429547, 4.929499118588865e-05, 4.2577753447403666e-06, 3.827426098723663e-06, 2.787355413147452e-07, 1.9880152635209924e-08, 1.2669050697411421e-08, 1.5136773612312027e-08, 1.9043106647131935e-08, 3.24521920447296e-08], "lowlevel.erbbands.mean": [0.0013718786649405956, 0.07645736634731293, 2.6235625743865967, 20.915922164916992, 14.597307205200195, 22.163799285888672, 1.7143447399139404, 0.42203831672668457, 6.796376705169678, 2.1513447761535645, 6.770602226257324, 46.40194320678711, 11.03998851776123, 0.9885183572769165, 0.7237569093704224, 0.7831971645355225, 2.1922078132629395, 0.49620023369789124, 0.967412531375885, 16.49763298034668, 3.7661237716674805, 3.910358428955078, 4.310649871826172, 0.5979653000831604, 0.2624565064907074, 0.06619522720575333, 0.03377392888069153, 0.019422192126512527, 0.0027788083534687757, 0.00035142124397680163, 0.00011185629409737885, 6.94456321070902e-05, 4.913076190860011e-05, 3.5660912544699386e-05, 2.6892075766227208e-05, 1.9786602933891118e-05, 1.3129953913448844e-05, 3.447531753408839e-06, 9.154166036751121e-06, 2.1316285710781813e-05], "lowlevel.erbbands.stdev": [0.002709941938519478, 0.1656782478094101, 4.961330413818359, 45.17406463623047, 24.364295959472656, 47.492820739746094, 3.193753480911255, 0.8503697514533997, 17.40993309020996, 5.366738319396973, 14.020519256591797, 91.4714584350586, 27.92876434326172, 2.225987672805786, 1.7597848176956177, 1.877815842628479, 4.893055438995361, 1.224189043045044, 2.330681562423706, 40.604007720947266, 8.962929725646973, 12.57144832611084, 14.062895774841309, 2.3130264282226562, 1.1695252656936646, 0.2867615818977356, 0.15053650736808777, 0.0984688550233841, 0.011417960748076439, 0.001090611214749515, 0.0005540118436329067, 0.00030982348835095763, 0.00021289123105816543, 0.00015931777306832373, 0.00011885901039931923, 7.274363451870158e-05, 3.9986927731661126e-05, 1.614499524293933e-05, 1.5218670341710094e-05, 3.439278225414455e-05], "lowlevel.gfcc.mean": [-556.0877685546875, 74.66504669189453, -94.43021392822266, -21.52399253845215, -51.100677490234375, -30.11176300048828, -46.616912841796875, -9.419001579284668, -13.287501335144043, 9.08405590057373, -3.031301736831665, 5.264039039611816, -4.967698097229004], "lowlevel.melbands.mean": [1.6879270333447494e-05, 0.0012498876312747598, 0.00297331134788692, 0.0015492867678403854, 0.00014499759708996862, 6.839697107352549e-06, 0.00010381824540672824, 1.534805414848961e-05, 0.00011607201304286718, 0.00027141571626998484, 4.5787055569235235e-05, 2.665778310984024e-06, 1.5037645653137588e-06, 3.1954039059201023e-06, 3.737947736226488e-06, 3.0068540581851266e-06, 7.807905149093131e-07, 5.127260465087602e-07, 1.1535159501363523e-05, 1.9678482203744352e-05, 2.081455477309646e-06, 1.5811808680155082e-06, 1.0937756997009274e-05, 1.0678460427016034e-07, 4.4519211428450944e-07, 4.176974925940158e-07, 2.1017221740748937e-08, 4.678769371935232e-08, 1.1215394835062398e-08, 3.565443407183011e-08, 2.432320567180568e-09, 1.7753837289191665e-09, 2.69763544835655e-10, 1.0670980765681293e-10, 5.501563787868591e-11, 3.938090131772043e-11, 3.2765144764024257e-11, 2.734786529179356e-11, 2.18882464236847e-11, 2.0120686367031126e-11], "lowlevel.melbands.stdev": [4.940853614243679e-05, 0.002423313446342945, 0.006087921094149351, 0.0032000637147575617, 0.0002962199505418539, 1.3873946045350749e-05, 0.0002663663763087243, 3.887750790454447e-05, 0.00024381978437304497, 0.000519479566719383, 0.00013574825425166637, 7.198307685030159e-06, 3.5978603136754828e-06, 8.81539654074004e-06, 8.480294127366506e-06, 6.616086011490552e-06, 2.226782498837565e-06, 1.719107672215614e-06, 2.829559161909856e-05, 4.818620072910562e-05, 6.2701878960069735e-06, 5.209426490182523e-06, 3.605056554079056e-05, 3.737546592219587e-07, 1.8944871271742159e-06, 1.981228479053243e-06, 9.089412600360447e-08, 2.1991159826484363e-07, 4.2261884658501e-08, 1.9293867126179975e-07, 1.1844821123929705e-08, 7.857439143776901e-09, 8.540346763119544e-10, 4.005850096078234e-10, 3.1766933528132313e-10, 2.618157635136953e-10, 1.5124063112992303e-10, 1.6243673073290665e-10, 1.1430618951369098e-10, 1.3584139368916226e-10], "lowlevel.melbands128.mean": [6.367983473865024e-07, 7.924545570858754e-07, 3.5678165204444667e-06, 8.318101026816294e-05, 0.00041586306178942323, 0.0023624987807124853, 0.005339477676898241, 0.0021995550487190485, 0.0007562945247627795, 0.0027231217827647924, 0.0011261994950473309, 3.747011942323297e-05, 1.9553051970433444e-05, 8.580691428505816e-06, 2.567832098065992e-06, 1.5356911262642825e-06, 4.7033016016939655e-05, 0.0001995302882278338, 6.90179513185285e-05, 1.919789610838052e-06, 6.952157605155662e-07, 1.4297054349299287e-06, 6.570259301952319e-06, 0.0003543551138136536, 0.0005058043752796948, 9.614407463232055e-05, 0.0001502728118794039, 1.0809160812641494e-05, 8.781595965956512e-07, 5.020136541133979e-06, 2.272773144795792e-06, 3.123294050055847e-07, 6.204999181136372e-07, 1.5311505876525189e-06, 7.762723726045806e-06, 1.4472331031356589e-06, 3.7359606608333706e-07, 4.606581853749958e-07, 1.0421497790957801e-05, 5.6639787544554565e-06, 2.318256093758464e-07, 4.929851229462656e-07, 1.256489099432656e-06, 5.49774085811805e-07, 1.7533726293095242e-07, 4.572627858578926e-07, 1.2054454145982163e-06, 1.8327166628751002e-07, 7.084249318722868e-06, 6.268450670177117e-05, 6.92780849931296e-06, 1.695434207249491e-06, 4.863542471866822e-06, 4.896228915640677e-07, 1.4914888879502541e-07, 2.2936252719318873e-07, 3.508570785015763e-07, 2.239948844362516e-05, 8.633361176180188e-06, 1.0135493511143068e-07, 6.576438238425908e-08, 5.856126250591842e-08, 2.4010688548514736e-07, 1.8056536532640166e-07, 1.5685299104006845e-06, 2.1033346797594277e-07, 3.9475185786841394e-08, 1.751594425059011e-08, 1.503908642064289e-08, 1.4488345634333655e-08, 9.253858479496557e-08, 2.8296195608845665e-08, 1.2291691220411849e-08, 6.5204281973763045e-09, 1.0861371357862026e-08, 5.641965827862805e-08, 3.334269749188934e-08, 1.7119854422986691e-09, 1.182661968357479e-09, 1.5025443111937875e-09, 3.1252989085572835e-09, 1.2717045194676757e-09, 3.6872171982338386e-10, 1.522464376790822e-10, 1.8919948940876452e-10, 1.1584729703306706e-10, 7.873528218294013e-11, 8.191868017259907e-11, 4.379217821703918e-11, 4.8964405446882964e-11, 3.989866423359523e-11, 3.651454832942491e-11, 3.893218733508341e-11, 3.233644255140611e-11, 2.7214947309617266e-11, 3.3483337630313414e-11, 2.464962262083148e-11, 2.5279835516589522e-11, 2.1353113721644945e-11, 2.0103516074065908e-11, 2.176673424836295e-11, 2.010630897886223e-11, 1.866071533407343e-11, 1.726865699047675e-11, 1.8850303262762935e-11, 1.8127523787603295e-11, 1.91455740150559e-11, 1.8896013226354924e-11, 1.855222572788584e-11, 1.8611856847372543e-11, 2.0053642774131575e-11, 2.1403686115140097e-11, 2.64709035940891e-11, 2.8165818635739193e-11, 2.7430920382376378e-11, 2.9332713341601035e-11, 2.3209286922898364e-11, 9.984634646853507e-12, 8.672406542897804e-12, 7.565443063684008e-12, 6.943254565044965e-12, 6.7467286098132906e-12, 6.496644801984308e-12, 6.360457733417535e-12, 6.244062124988181e-12, 5.690282880305153e-12, 5.4080490086150235e-12, 5.302383532246324e-12], "lowlevel.melbands128.stdev": [2.1433208985399688e-06, 3.525035936036147e-06, 1.9160983356414363e-05, 0.00024570769164711237, 0.0010923590743914247, 0.004839719273149967, 0.011659548617899418, 0.004834564868360758, 0.0013828962109982967, 0.005893857218325138, 0.0024361570831388235, 7.445727533195168e-05, 5.773012890131213e-05, 2.1356290744733997e-05, 8.430932211922482e-06, 5.016041995986598e-06, 0.00011984874436166137, 0.0005134931416250765, 0.00017802545335143805, 4.967058430338511e-06, 2.2344638637150638e-06, 3.711975523401634e-06, 1.3507362382370047e-05, 0.0007484531961381435, 0.0010610863100737333, 0.00022998210624791682, 0.00045154630788601935, 3.153892976115458e-05, 2.7831322313431883e-06, 1.3962542652734555e-05, 6.3465008679486345e-06, 1.144655925600091e-06, 1.844167968556576e-06, 4.044849447382148e-06, 2.20204092329368e-05, 4.147292202105746e-06, 2.2352880932885455e-06, 1.8886539692175575e-06, 2.3598317056894302e-05, 1.2833208529627882e-05, 8.542165232938714e-07, 2.3627178507013014e-06, 3.863131041725865e-06, 1.6114506706799148e-06, 6.011806590322522e-07, 1.5575482166241272e-06, 4.64252480014693e-06, 7.233702490339056e-07, 1.884496487036813e-05, 0.0001553424372104928, 1.888356200652197e-05, 7.531828487117309e-06, 1.5601786799379624e-05, 1.4575846307707252e-06, 5.97892835685343e-07, 7.542009825556306e-07, 1.2683262866630685e-06, 7.622918201377615e-05, 2.7859958208864555e-05, 4.069559906838549e-07, 2.2385856368600798e-07, 2.7560790272218583e-07, 1.1827613661807845e-06, 6.978939381951932e-07, 7.881116289354395e-06, 9.241273346560774e-07, 2.684576827505225e-07, 8.926463834768583e-08, 7.115191635875817e-08, 5.887234522106155e-08, 4.806806259693985e-07, 1.1570372038249843e-07, 4.6421121169260005e-08, 2.5695031879990893e-08, 5.465784269631513e-08, 3.2137984362634597e-07, 1.7577602307028428e-07, 7.539197710570988e-09, 7.225256837273264e-09, 1.8724911399203847e-08, 1.1569498248320542e-08, 5.168833361324232e-09, 1.415966788265166e-09, 4.843144774113739e-10, 7.216341968430129e-10, 5.05715525012107e-10, 3.5555930422148663e-10, 2.8293523079980787e-10, 3.5272998410995626e-10, 3.3874533733602163e-10, 3.045698138137709e-10, 2.285271832880298e-10, 2.3488064271326436e-10, 1.2079512390350544e-10, 1.0523653476424144e-10, 2.2217926110013053e-10, 1.6587244078269947e-10, 1.0983861736812983e-10, 1.0554693924413883e-10, 1.2060753784570721e-10, 1.304931440682111e-10, 1.4054873931357292e-10, 1.4335745091020868e-10, 1.3021084210862455e-10, 1.384904274592813e-10, 1.2437063878767418e-10, 1.1903276975200328e-10, 1.1340997585485013e-10, 1.2158650475324606e-10, 1.219192247159384e-10, 1.1713850722738783e-10, 1.1359380103215244e-10, 1.2159460938132582e-10, 1.2287257322718403e-10, 1.1531284954680032e-10, 1.1216236273092761e-10, 1.0696284830080671e-10, 1.4909265488860513e-10, 1.9757544211795874e-10, 1.6155771165315969e-10, 1.4119150293367966e-10, 1.3533667242437986e-10, 1.2641505897637018e-10, 1.247462549924805e-10, 1.3333810444660088e-10, 1.3445621005470088e-10, 1.3564739609339682e-10, 1.3359661987788485e-10], "lowlevel.mfcc.mean": [-1105.150634765625, 102.6090316772461, -6.096014022827148, 14.540712356567383, 1.6001988649368286, -13.446174621582031, -14.633728981018066, -12.934222221374512, -5.294037818908691, -7.340979099273682, -5.038815975189209, -1.5831336975097656, -1.3204076290130615], "lowlevel.spectral_contrast_coeffs.mean": [-0.7028607726097107, -0.6998276710510254, -0.8240199685096741, -0.8323745727539062, -0.8540385365486145, -0.8692598342895508], "lowlevel.spectral_contrast_coeffs.stdev": [0.17495197057724, 0.11031325906515121, 0.10913392901420593, 0.10215471684932709, 0.10454190522432327, 0.06424184888601303], "lowlevel.spectral_contrast_valleys.mean": [-12.992748260498047, -12.255545616149902, -12.859081268310547, -13.066085815429688, -13.253803253173828, -15.495768547058105], "lowlevel.spectral_contrast_valleys.stdev": [4.165970802307129, 3.5049028396606445, 3.304765462875366, 3.2453150749206543, 2.7607085704803467, 1.8293535709381104], "rhythm.beats_loudness_band_ratio.mean": [0.1982303410768509, 0.6061010956764221, 0.3944215178489685, 0.0245945043861866, 0.02608335018157959, 0.06232385337352753], "rhythm.beats_loudness_band_ratio.stdev": [0.298086941242218, 0.34974542260169983, 0.21942982077598572, 0.04253704845905304, 0.03482789173722267, 0.1665264517068863], "tonal.hpcp.mean": [0.1687115579843521, 0.06553207337856293, 0.003991236444562674, 0.00229829759337008, 0.00018686868133954704, 0.000549653428606689, 0.0059402259066700935, 0.006843238137662411, 0.0025564818643033504, 0.0014417106285691261, 0.00038099856465123594, 0.0012680405052378774, 0.002342146122828126, 0.0027491189539432526, 0.11825329065322876, 0.23104281723499298, 0.11475341022014618, 0.00045290167327038944, 0.00015365213039331138, 0.0002589772338978946, 0.019778605550527573, 0.043974217027425766, 0.026660896837711334, 0.006862681359052658, 0.006410059053450823, 0.002641582628712058, 0.011042489670217037, 0.014635898172855377, 0.00452446099370718, 0.2585051357746124, 0.6131216287612915, 0.3549153804779053, 0.00032604995067231357, 0.0011385743273422122, 0.0019779533613473177, 0.10600169003009796], "tonal.hpcp.stdev": [0.344920814037323, 0.13540446758270264, 0.030835222452878952, 0.017717232927680016, 0.0007053596782498062, 0.0017060560639947653, 0.014323734678328037, 0.0169406458735466, 0.01801108755171299, 0.009135745465755463, 0.002194987377151847, 0.011232632212340832, 0.020865846425294876, 0.03795545920729637, 0.19899718463420868, 0.38626524806022644, 0.20708808302879333, 0.005618298891931772, 0.0008740256889723241, 0.001986768562346697, 0.04616653919219971, 0.10066905617713928, 0.06143076717853546, 0.05340668559074402, 0.03878927603363991, 0.011287551373243332, 0.04715994372963905, 0.047381021082401276, 0.011777879670262337, 0.21793846786022186, 0.4865052103996277, 0.291425883769989, 0.005549018271267414, 0.02034379541873932, 0.024032894521951675, 0.22195979952812195], "rhythm.beats_position": [0.3599092960357666, 0.7314285635948181, 1.1029478311538696, 1.4744670391082764, 1.8575963973999023, 2.2291154861450195, 2.600634813308716, 2.972154140472412, 3.3436734676361084, 3.7151927947998047, 4.086711883544922, 4.458230972290039, 4.8297505378723145, 5.201269626617432, 5.572789192199707, 5.944308280944824, 6.315827369689941, 6.6989569664001465, 7.082086086273193, 7.54648494720459, 8.010884284973145, 8.4752836227417, 8.939682006835938, 9.415691375732422, 9.891700744628906, 10.402539253234863, 10.901768684387207, 11.400997161865234, 11.911836624145508, 12.422675132751465, 12.933514595031738, 13.444353103637695, 13.955192565917969, 14.466031074523926, 14.9768705368042, 15.487709045410156, 15.99854850769043, 16.497777938842773, 16.997007369995117, 17.496234893798828, 17.995464324951172, 18.494693756103516, 18.99392318725586, 19.49315071105957, 19.992380142211914, 20.479999542236328, 20.967618942260742, 21.466848373413086, 21.966075897216797, 22.407255172729492, 22.848434448242188, 23.289613723754883, 23.777233123779297, 24.25324249267578, 24.740861892700195, 25.263309478759766, 25.77414894104004, 26.284988403320312, 26.795827865600586, 27.306665420532227, 27.80589485168457, 28.270294189453125, 28.74630355834961, 29.233922958374023, 29.721542358398438, 30.20915985107422, 30.685169219970703, 31.161178588867188, 31.625577926635742, 32.101585388183594, 32.57759475708008, 33.041996002197266, 33.52961349487305, 33.994014739990234, 34.481632232666016, 34.94602966308594, 35.410430908203125, 35.86322021484375, 36.339229583740234, 36.826847076416016, 37.2912483215332, 37.755645751953125, 38.22004318237305, 38.707664489746094, 39.18367385864258, 39.65968322753906], "rhythm.bpm_histogram": [0.0, 0.0, 0.0, 0.0, 0.0, 0.0, 0.0, 0.0, 0.0, 0.0, 0.0, 0.0, 0.0, 0.0, 0.0, 0.0, 0.0, 0.0, 0.0, 0.0, 0.0, 0.0, 0.0, 0.0, 0.0, 0.0, 0.0, 0.0, 0.0, 0.0, 0.0, 0.0, 0.0, 0.0, 0.0, 0.0, 0.0, 0.0, 0.0, 0.0, 0.0, 0.0, 0.0, 0.0, 0.0, 0.0, 0.0, 0.0, 0.0, 0.0, 0.0, 0.0, 0.0, 0.0, 0.0, 0.0, 0.0, 0.0, 0.0, 0.0, 0.0, 0.0, 0.0, 0.0, 0.0, 0.0, 0.0, 0.0, 0.0, 0.0, 0.0, 0.0, 0.0, 0.0, 0.0, 0.0, 0.0, 0.0, 0.0, 0.0, 0.0, 0.0, 0.0, 0.0, 0.0, 0.0, 0.0, 0.0, 0.0, 0.0, 0.0, 0.0, 0.0, 0.0, 0.0, 0.0, 0.0, 0.0, 0.0, 0.0, 0.0, 0.0, 0.0, 0.0, 0.0, 0.0, 0.0, 0.0, 0.0, 0.0, 0.0, 0.0, 0.0, 0.0, 0.0, 0.0117647061124444, 0.0, 0.16470588743686676, 0.0, 0.0, 0.15294118225574493, 0.0, 0.0, 0.12941177189350128, 0.0, 0.0, 0.12941177189350128, 0.0, 0.0, 0.15294118225574493, 0.0, 0.0, 0.0, 0.0117647061124444, 0.0, 0.0, 0.03529411926865578, 0.0, 0.0, 0.0, 0.0, 0.0, 0.0, 0.0, 0.0, 0.0, 0.0, 0.0, 0.0, 0.0, 0.0, 0.0, 0.0, 0.0, 0.0, 0.0, 0.0, 0.03529411926865578, 0.0, 0.0, 0.0, 0.1764705926179886, 0.0, 0.0, 0.0, 0.0, 0.0, 0.0, 0.0, 0.0, 0.0, 0.0, 0.0, 0.0, 0.0, 0.0, 0.0, 0.0, 0.0, 0.0, 0.0, 0.0, 0.0, 0.0, 0.0, 0.0, 0.0, 0.0, 0.0, 0.0, 0.0, 0.0, 0.0, 0.0, 0.0, 0.0, 0.0, 0.0, 0.0, 0.0, 0.0, 0.0, 0.0, 0.0, 0.0, 0.0, 0.0, 0.0, 0.0, 0.0, 0.0, 0.0, 0.0, 0.0, 0.0, 0.0, 0.0, 0.0, 0.0, 0.0, 0.0, 0.0, 0.0, 0.0, 0.0, 0.0, 0.0, 0.0, 0.0, 0.0, 0.0, 0.0, 0.0, 0.0, 0.0, 0.0, 0.0, 0.0, 0.0, 0.0, 0.0, 0.0, 0.0, 0.0, 0.0, 0.0, 0.0, 0.0, 0.0, 0.0], "tonal.chords_histogram": [20.857473373413086, 1.1587485074996948, 16.106605529785156, 0.0, 7.995365142822266, 0.0, 0.0, 0.0, 0.0, 0.0, 0.0, 0.0, 0.0, 0.0, 0.0, 4.171494960784912, 0.0, 34.414833068847656, 0.0, 0.0, 0.0, 9.385863304138184, 5.793742656707764, 0.11587485671043396], "tonal.thpcp": [1.0, 0.578866183757782, 0.0005317867617122829, 0.0018570121610537171, 0.0032260376028716564, 0.17288851737976074, 0.27516818046569824, 0.10688266158103943, 0.006509697530418634, 0.003748518181964755, 0.0003047824138775468, 0.00089648348512128, 0.009688494727015495, 0.01116130594164133, 0.004169616382569075, 0.002351426752284169, 0.0006214078166522086, 0.00206817127764225, 0.0038200351409614086, 0.004483806900680065, 0.1928708553314209, 0.3768303096294403, 0.18716254830360413, 0.0007386815850622952, 0.00025060627376660705, 0.00042239128379151225, 0.032258860766887665, 0.07172185182571411, 0.04348386451601982, 0.011193017475306988, 0.010454791598021984, 0.004308415111154318, 0.018010275438427925, 0.02387111634016037, 0.007379385642707348, 0.42162129282951355], "lowlevel.gfcc.cov": [[90831.390625, 31080.09765625, -6930.23388671875, 2186.656494140625, 9541.3486328125, -3743.8076171875, 2930.23095703125, 757.5122680664062, -369.935791015625, -7771.7666015625, -7149.1728515625, -6834.42236328125, -1219.544921875], [31080.09765625, 11717.3994140625, -2012.952392578125, 593.7005004882812, 3529.719482421875, -1183.5830078125, 1137.0625, 192.80422973632812, -155.47186279296875, -2894.93115234375, -2679.51416015625, -2609.795166015625, -448.2061462402344], [-6930.23388671875, -2012.952392578125, 884.549072265625, -221.37770080566406, -741.0616455078125, 302.8661804199219, -251.97891235351562, -98.16802215576172, -10.983368873596191, 536.4808349609375, 516.7098388671875, 452.3822937011719, 72.35169982910156], [2186.656494140625, 593.7005004882812, -221.37770080566406, 465.0248718261719, 620.55859375, -88.6652603149414, 328.65362548828125, 174.21849060058594, 23.12192153930664, -365.4707946777344, -277.3856201171875, -251.75758361816406, -46.827674865722656], [9541.3486328125, 3529.719482421875, -741.0616455078125, 620.55859375, 1762.4052734375, -230.6982421875, 741.6911010742188, 292.7945556640625, 2.944441080093384, -1216.8968505859375, -1051.3836669921875, -1001.604248046875, -170.48719787597656], [-3743.8076171875, -1183.5830078125, 302.8661804199219, -88.6652603149414, -230.6982421875, 362.5168762207031, 18.74151039123535, 18.9565486907959, -25.836334228515625, 177.84756469726562, 152.32766723632812, 162.09835815429688, 14.91080379486084], [2930.23095703125, 1137.0625, -251.97891235351562, 328.65362548828125, 741.6911010742188, 18.74151039123535, 471.62847900390625, 198.872802734375, -13.635437965393066, -536.343505859375, -458.74102783203125, -418.5528564453125, -70.23313903808594], [757.5122680664062, 192.80422973632812, -98.16802215576172, 174.21849060058594, 292.7945556640625, 18.9565486907959, 198.872802734375, 150.08998107910156, 25.630157470703125, -198.68301391601562, -152.33035278320312, -124.27291870117188, -17.622215270996094], [-369.935791015625, -155.47186279296875, -10.983368873596191, 23.12192153930664, 2.944441080093384, -25.836334228515625, -13.635437965393066, 25.630157470703125, 65.75359344482422, 57.441986083984375, 48.1495475769043, 46.29396438598633, 19.1269588470459], [-7771.7666015625, -2894.93115234375, 536.4808349609375, -365.4707946777344, -1216.8968505859375, 177.84756469726562, -536.343505859375, -198.68301391601562, 57.441986083984375, 977.6013793945312, 853.2372436523438, 790.9669799804688, 138.76397705078125], [-7149.1728515625, -2679.51416015625, 516.7098388671875, -277.3856201171875, -1051.3836669921875, 152.32766723632812, -458.74102783203125, -152.33035278320312, 48.1495475769043, 853.2372436523438, 792.0895385742188, 725.7103881835938, 126.57080078125], [-6834.42236328125, -2609.795166015625, 452.3822937011719, -251.75758361816406, -1001.604248046875, 162.09835815429688, -418.5528564453125, -124.27291870117188, 46.29396438598633, 790.9669799804688, 725.7103881835938, 709.396240234375, 133.34414672851562], [-1219.544921875, -448.2061462402344, 72.35169982910156, -46.827674865722656, -170.48719787597656, 14.91080379486084, -70.23313903808594, -17.622215270996094, 19.1269588470459, 138.76397705078125, 126.57080078125, 133.34414672851562, 53.85901641845703]], "lowlevel.gfcc.icov": [[0.0007403832278214395, -0.0020869914442300797, 0.002313160803169012, -0.0025144056417047977, 0.0015449408674612641, -0.000921777740586549, 0.002807492855936289, -0.0029047017451375723, 0.001326970523223281, 0.0009690916631370783, -0.0016066880198195577, 0.0010915158782154322, 6.514832057291642e-05], [-0.0020869914442300797, 0.008295686915516853, -0.0069038718938827515, 0.010607982985675335, -0.006323458161205053, 0.007490163668990135, -0.008472735062241554, 0.011062335222959518, -0.00351885287091136, -0.0016093896701931953, 0.007395475171506405, -0.0008078145328909159, 0.0007737127598375082], [0.002313160803169012, -0.0069038718938827515, 0.010800863616168499, -0.01055924966931343, 0.00886430125683546, -0.0076093547977507114, 0.009591140784323215, -0.006536408793181181, -0.0005297487950883806, 0.009864294901490211, -0.013875736854970455, 0.008699304424226284, -0.0023868484422564507], [-0.0025144056417047977, 0.010607982985675335, -0.01055924966931343, 0.025403644889593124, -0.017731517553329468, 0.017415139824151993, -0.015969183295965195, 0.0067733158357441425, 0.0065972208976745605, -0.012380644679069519, 0.01692511886358261, -0.012110266834497452, 0.007821167819201946], [0.0015449408674612641, -0.006323458161205053, 0.00886430125683546, -0.017731517553329468, 0.02283233404159546, -0.014057005755603313, 0.006542414426803589, 0.0028110609855502844, -0.02063201181590557, 0.026005491614341736, -0.022960182279348373, 0.016365136951208115, -0.005581463687121868], [-0.000921777740586549, 0.007490163668990135, -0.0076093547977507114, 0.017415139824151993, -0.014057005755603313, 0.022769711911678314, -0.0103606591001153, 0.0012866707984358072, 0.013278588652610779, -0.015347961336374283, 0.021740315482020378, -0.008825304917991161, 0.008520117029547691], [0.002807492855936289, -0.008472735062241554, 0.009591140784323215, -0.015969183295965195, 0.006542414426803589, -0.0103606591001153, 0.027768397703766823, -0.020595241338014603, 0.007553929463028908, 0.0046279761008918285, -0.007777993567287922, 0.012068239040672779, -0.006862993817776442], [-0.0029047017451375723, 0.011062335222959518, -0.006536408793181181, 0.0067733158357441425, 0.0028110609855502844, 0.0012866707984358072, -0.020595241338014603, 0.05033275485038757, -0.035234060138463974, 0.025950996205210686, -0.004515224602073431, -0.0028452922124415636, 0.0024177541490644217], [0.001326970523223281, -0.00351885287091136, -0.0005297487950883806, 0.0065972208976745605, -0.02063201181590557, 0.013278588652610779, 0.007553929463028908, -0.035234060138463974, 0.062475260347127914, -0.044127754867076874, 0.023523429408669472, -0.009696402586996555, -0.00322145433165133], [0.0009690916631370783, -0.0016093896701931953, 0.009864294901490211, -0.012380644679069519, 0.026005491614341736, -0.015347961336374283, 0.0046279761008918285, 0.025950996205210686, -0.044127754867076874, 0.06890954077243805, -0.0480492077767849, 0.01597229391336441, -0.002867770614102483], [-0.0016066880198195577, 0.007395475171506405, -0.013875736854970455, 0.01692511886358261, -0.022960182279348373, 0.021740315482020378, -0.007777993567287922, -0.004515224602073431, 0.023523429408669472, -0.0480492077767849, 0.06983832269906998, -0.03826935961842537, 0.014267112128436565], [0.0010915158782154322, -0.0008078145328909159, 0.008699304424226284, -0.012110266834497452, 0.016365136951208115, -0.008825304917991161, 0.012068239040672779, -0.0028452922124415636, -0.009696402586996555, 0.01597229391336441, -0.03826935961842537, 0.057653896510601044, -0.02568323165178299], [6.514832057291642e-05, 0.0007737127598375082, -0.0023868484422564507, 0.007821167819201946, -0.005581463687121868, 0.008520117029547691, -0.006862993817776442, 0.0024177541490644217, -0.00322145433165133, -0.002867770614102483, 0.014267112128436565, -0.02568323165178299, 0.04689333960413933]], "lowlevel.mfcc.cov": [[43896.4375, 24057.36328125, -6403.80810546875, 4477.55322265625, 2533.4462890625, -523.0001220703125, 553.4024047851562, 1640.9501953125, 3190.259033203125, 468.9889221191406, -789.4783325195312, -1353.6822509765625, -2742.47509765625], [24057.36328125, 13512.4384765625, -3291.16357421875, 2349.64208984375, 1400.9337158203125, -344.0732727050781, 239.96035766601562, 840.5805053710938, 1667.4169921875, 237.95338439941406, -484.24945068359375, -796.5629272460938, -1535.0076904296875], [-6403.80810546875, -3291.16357421875, 1146.6204833984375, -709.4553833007812, -406.97344970703125, 20.727275848388672, -153.64944458007812, -318.8392028808594, -556.7640991210938, -102.98041534423828, 72.77864837646484, 150.87200927734375, 379.783447265625], [4477.55322265625, 2349.64208984375, -709.4553833007812, 531.5450439453125, 274.1704406738281, -33.49403381347656, 83.41004943847656, 188.73878479003906, 351.0697937011719, 50.18531799316406, -69.47522735595703, -126.62035369873047, -273.26361083984375], [2533.4462890625, 1400.9337158203125, -406.97344970703125, 274.1704406738281, 257.33563232421875, 16.701444625854492, 85.93365478515625, 172.08323669433594, 237.60511779785156, 63.893470764160156, -43.96882247924805, -82.8369369506836, -177.44540405273438], [-523.0001220703125, -344.0732727050781, 20.727275848388672, -33.49403381347656, 16.701444625854492, 74.28450775146484, 62.8624267578125, 47.317291259765625, 18.0528621673584, 19.098417282104492, 21.75055503845215, 13.932443618774414, 11.63691520690918], [553.4024047851562, 239.96035766601562, -153.64944458007812, 83.41004943847656, 85.93365478515625, 62.8624267578125, 128.2713165283203, 142.8639678955078, 128.34323120117188, 51.84274673461914, -5.284543514251709, -39.5482292175293, -80.92912292480469], [1640.9501953125, 840.5805053710938, -318.8392028808594, 188.73878479003906, 172.08323669433594, 47.317291259765625, 142.8639678955078, 226.45465087890625, 243.19229125976562, 81.41856384277344, -24.3287353515625, -75.6791763305664, -154.55699157714844], [3190.259033203125, 1667.4169921875, -556.7640991210938, 351.0697937011719, 237.60511779785156, 18.0528621673584, 128.34323120117188, 243.19229125976562, 353.10687255859375, 92.03524017333984, -41.999671936035156, -99.15586853027344, -226.8450927734375], [468.9889221191406, 237.95338439941406, -102.98041534423828, 50.18531799316406, 63.893470764160156, 19.098417282104492, 51.84274673461914, 81.41856384277344, 92.03524017333984, 52.5746955871582, 3.4317429065704346, -21.004732131958008, -50.138851165771484], [-789.4783325195312, -484.24945068359375, 72.77864837646484, -69.47522735595703, -43.96882247924805, 21.75055503845215, -5.284543514251709, -24.3287353515625, -41.999671936035156, 3.4317429065704346, 47.0653076171875, 52.174835205078125, 62.58561706542969], [-1353.6822509765625, -796.5629272460938, 150.87200927734375, -126.62035369873047, -82.8369369506836, 13.932443618774414, -39.5482292175293, -75.6791763305664, -99.15586853027344, -21.004732131958008, 52.174835205078125, 99.68513488769531, 133.9932098388672], [-2742.47509765625, -1535.0076904296875, 379.783447265625, -273.26361083984375, -177.44540405273438, 11.63691520690918, -80.92912292480469, -154.55699157714844, -226.8450927734375, -50.138851165771484, 62.58561706542969, 133.9932098388672, 238.37103271484375]], "lowlevel.mfcc.icov": [[0.028920456767082214, -0.041498783975839615, 0.038712989538908005, -0.04357638582587242, 0.04247140511870384, -0.04390554502606392, 0.041746485978364944, -0.03815680369734764, 0.03458159789443016, -0.03255913779139519, 0.021644512191414833, -0.01694028452038765, 0.006956012453883886], [-0.041498783975839615, 0.06105015426874161, -0.05491967499256134, 0.0626872330904007, -0.06461454182863235, 0.06792943924665451, -0.060882192105054855, 0.05950592830777168, -0.05467924848198891, 0.05028335005044937, -0.03094666078686714, 0.02553010918200016, -0.006133056711405516], [0.038712989538908005, -0.05491967499256134, 0.06208287179470062, -0.0541171096265316, 0.05993080511689186, -0.06432677805423737, 0.06426166743040085, -0.05824826657772064, 0.05996173247694969, -0.051770515739917755, 0.0379493311047554, -0.0216489527374506, 0.010966184549033642], [-0.04357638582587242, 0.0626872330904007, -0.0541171096265316, 0.08565942198038101, -0.07427427917718887, 0.07944744825363159, -0.07705403864383698, 0.07457136362791061, -0.07204915583133698, 0.0710628554224968, -0.04697633162140846, 0.03922155871987343, -0.013559898361563683], [0.04247140511870384, -0.06461454182863235, 0.05993080511689186, -0.07427427917718887, 0.09546057134866714, -0.09847084432840347, 0.08842065185308456, -0.09179214388132095, 0.08624208718538284, -0.08461339771747589, 0.061640091240406036, -0.04966827481985092, 0.014297029934823513], [-0.04390554502606392, 0.06792943924665451, -0.06432677805423737, 0.07944744825363159, -0.09847084432840347, 0.14566552639007568, -0.12144089490175247, 0.10468646883964539, -0.10347970575094223, 0.10063979029655457, -0.0784137099981308, 0.051623325794935226, -0.013639213517308235], [0.041746485978364944, -0.060882192105054855, 0.06426166743040085, -0.07705403864383698, 0.08842065185308456, -0.12144089490175247, 0.1445273905992508, -0.1226869523525238, 0.10182533413171768, -0.09122174233198166, 0.07054111361503601, -0.05005432665348053, 0.026122186332941055], [-0.03815680369734764, 0.05950592830777168, -0.05824826657772064, 0.07457136362791061, -0.09179214388132095, 0.10468646883964539, -0.1226869523525238, 0.15069781243801117, -0.12794671952724457, 0.08331211656332016, -0.06321012228727341, 0.06115388870239258, -0.016913142055273056], [0.03458159789443016, -0.05467924848198891, 0.05996173247694969, -0.07204915583133698, 0.08624208718538284, -0.10347970575094223, 0.10182533413171768, -0.12794671952724457, 0.14834076166152954, -0.11332549154758453, 0.07875169813632965, -0.07272010296583176, 0.026017768308520317], [-0.03255913779139519, 0.05028335005044937, -0.051770515739917755, 0.0710628554224968, -0.08461339771747589, 0.10063979029655457, -0.09122174233198166, 0.08331211656332016, -0.11332549154758453, 0.1528163105249405, -0.09916726499795914, 0.07073629647493362, -0.021123701706528664], [0.021644512191414833, -0.03094666078686714, 0.0379493311047554, -0.04697633162140846, 0.061640091240406036, -0.0784137099981308, 0.07054111361503601, -0.06321012228727341, 0.07875169813632965, -0.09916726499795914, 0.14022196829319, -0.10056324303150177, 0.04189874231815338], [-0.01694028452038765, 0.02553010918200016, -0.0216489527374506, 0.03922155871987343, -0.04966827481985092, 0.051623325794935226, -0.05005432665348053, 0.06115388870239258, -0.07272010296583176, 0.07073629647493362, -0.10056324303150177, 0.14000147581100464, -0.07449682801961899], [0.006956012453883886, -0.006133056711405516, 0.010966184549033642, -0.013559898361563683, 0.014297029934823513, -0.013639213517308235, 0.026122186332941055, -0.016913142055273056, 0.026017768308520317, -0.021123701706528664, 0.04189874231815338, -0.07449682801961899, 0.07211680710315704]], "metadata.audio_properties.analysis.downmix": "mix", "metadata.audio_properties.codec": "mp3", "metadata.audio_properties.md5_encoded": "040be7ae9a56f54f1d656c41623471c2", "metadata.tags.file_name": "1182273