{"song_id": "1182282792986492938", "download": "https://cdn.discordapp.com/attachments/1128313332273782784/1182282792986492938/chirp.mp4?ex=658421a7&amp", "lyrics": "[Verse 1]\nSheryl Dolega's classes, vibrant and bold\nHer aesthetics training shining like gold\nFrom contouring to skincare, she's the best\nWith her expertise, we'll outshine the rest\n\n[Chorus]\nSheryl Dolega Academy, here we go\nAesthetics training, let your talents show\nWe'll rock the '80s, with neon lights\nUnlock your potential, reach dazzling heights", "style": ["UK drill po polsku"], "essentia_features": {"lowlevel.average_loudness": 0.9745670557022095, "lowlevel.barkbands_crest.mean": 12.850221633911133, "lowlevel.barkbands_crest.stdev": 5.284257888793945, "lowlevel.barkbands_flatness_db.mean": 0.11265269666910172, "lowlevel.barkbands_flatness_db.stdev": 0.03943577781319618, "lowlevel.barkbands_kurtosis.mean": 3.829826831817627, "lowlevel.barkbands_kurtosis.stdev": 9.710686683654785, "lowlevel.barkbands_skewness.mean": 1.6426336765289307, "lowlevel.barkbands_skewness.stdev": 1.4636107683181763, "lowlevel.barkbands_spread.mean": 55.94906234741211, "lowlevel.barkbands_spread.stdev": 29.98097038269043, "lowlevel.dissonance.mean": 0.47303852438926697, "lowlevel.dissonance.stdev": 0.02739117480814457, "lowlevel.dynamic_complexity": 2.0884194374084473, "lowlevel.erbbands_crest.mean": 7.437066555023193, "lowlevel.erbbands_crest.stdev": 4.545884609222412, "lowlevel.erbbands_flatness_db.mean": 0.08419594913721085, "lowlevel.erbbands_flatness_db.stdev": 0.033099446445703506, "lowlevel.erbbands_kurtosis.mean": 1.077474594116211, "lowlevel.erbbands_kurtosis.stdev": 3.4811038970947266, "lowlevel.erbbands_skewness.mean": -0.2970189154148102, "lowlevel.erbbands_skewness.stdev": 1.138253927230835, "lowlevel.erbbands_spread.mean": 67.4638900756836, "lowlevel.erbbands_spread.stdev": 29.509023666381836, "lowlevel.hfc.mean": 71.99185943603516, "lowlevel.hfc.stdev": 78.3898696899414, "lowlevel.loudness_ebu128.integrated": -17.13585090637207, "lowlevel.loudness_ebu128.loudness_range": 0.8931159973144531, "lowlevel.loudness_ebu128.momentary.mean": -17.35780143737793, "lowlevel.loudness_ebu128.momentary.stdev": 1.4817432165145874, "lowlevel.loudness_ebu128.short_term.mean": -17.157472610473633, "lowlevel.loudness_ebu128.short_term.stdev": 0.299458384513855, "lowlevel.melbands_crest.mean": 18.955869674682617, "lowlevel.melbands_crest.stdev": 4.911703586578369, "lowlevel.melbands_flatness_db.mean": 0.19538335502147675, "lowlevel.melbands_flatness_db.stdev": 0.0556781180202961, "lowlevel.melbands_kurtosis.mean": 38.60490417480469, "lowlevel.melbands_kurtosis.stdev": 54.68838882446289, "lowlevel.melbands_skewness.mean": 4.810842514038086, "lowlevel.melbands_skewness.stdev": 2.9637739658355713, "lowlevel.melbands_spread.mean": 31.09686851501465, "lowlevel.melbands_spread.stdev": 30.83877182006836, "lowlevel.pitch_salience.mean": 0.464409738779068, "lowlevel.pitch_salience.stdev": 0.12542417645454407, "lowlevel.silence_rate_20dB.mean": 1.0, "lowlevel.silence_rate_20dB.stdev": 0.0, "lowlevel.silence_rate_30dB.mean": 0.9331075549125671, "lowlevel.silence_rate_30dB.stdev": 0.24983492493629456, "lowlevel.silence_rate_60dB.mean": 0.001693480066023767, "lowlevel.silence_rate_60dB.stdev": 0.041116971522569656, "lowlevel.spectral_centroid.mean": 2044.9180908203125, "lowlevel.spectral_centroid.stdev": 967.0046997070312, "lowlevel.spectral_complexity.mean": 16.235393524169922, "lowlevel.spectral_complexity.stdev": 11.21155071258545, "lowlevel.spectral_decrease.mean": -9.233276365705478e-09, "lowlevel.spectral_decrease.stdev": 9.215722407418525e-09, "lowlevel.spectral_energy.mean": 0.041378408670425415, "lowlevel.spectral_energy.stdev": 0.03723682090640068, "lowlevel.spectral_energyband_high.mean": 0.006340086460113525, "lowlevel.spectral_energyband_high.stdev": 0.007774456404149532, "lowlevel.spectral_energyband_low.mean": 0.02499796822667122, "lowlevel.spectral_energyband_low.stdev": 0.03113057091832161, "lowlevel.spectral_energyband_middle_high.mean": 0.003527357941493392, "lowlevel.spectral_energyband_middle_high.stdev": 0.003717770567163825, "lowlevel.spectral_energyband_middle_low.mean": 0.008207053877413273, "lowlevel.spectral_energyband_middle_low.stdev": 0.011151209473609924, "lowlevel.spectral_entropy.mean": 8.283109664916992, "lowlevel.spectral_entropy.stdev": 0.30973315238952637, "lowlevel.spectral_flux.mean": 0.10606765002012253, "lowlevel.spectral_flux.stdev": 0.07021778076887131, "lowlevel.spectral_kurtosis.mean": 1.3030749559402466, "lowlevel.spectral_kurtosis.stdev": 1.0786751508712769, "lowlevel.spectral_rms.mean": 0.0059045362286269665, "lowlevel.spectral_rms.stdev": 0.0023464106488972902, "lowlevel.spectral_rolloff.mean": 4107.24755859375, "lowlevel.spectral_rolloff.stdev": 4127.6357421875, "lowlevel.spectral_skewness.mean": 1.0888673067092896, "lowlevel.spectral_skewness.stdev": 0.3442206382751465, "lowlevel.spectral_spread.mean": 8946582.0, "lowlevel.spectral_spread.stdev": 1864600.375, "lowlevel.spectral_strongpeak.mean": 0.5246790051460266, "lowlevel.spectral_strongpeak.stdev": 0.6946134567260742, "lowlevel.zerocrossingrate.mean": 0.14313089847564697, "lowlevel.zerocrossingrate.stdev": 0.0750717893242836, "metadata.audio_properties.analysis.equal_loudness": 0.0, "metadata.audio_properties.analysis.length": 27.390953063964844, "metadata.audio_properties.analysis.sample_rate": 44100.0, "metadata.audio_properties.analysis.start_time": 0.0, "metadata.audio_properties.bit_rate": 121568.0, "metadata.audio_properties.length": 27.392000198364258, "metadata.audio_properties.lossless": 0.0, "metadata.audio_properties.number_channels": 1.0, "metadata.audio_properties.replay_gain": -8.229595184326172, "metadata.audio_properties.sample_rate": 48000.0, "rhythm.beats_count": 54.0, "rhythm.beats_loudness.mean": 0.08313912153244019, "rhythm.beats_loudness.stdev": 0.023621754720807076, "rhythm.bpm": 120.0994644165039, "rhythm.bpm_histogram_first_peak_bpm": 120.0, "rhythm.bpm_histogram_first_peak_weight": 0.40000003576278687, "rhythm.bpm_histogram_second_peak_bpm": 126.0, "rhythm.bpm_histogram_second_peak_spread": 0.5, "rhythm.bpm_histogram_second_peak_weight": 0.01886792480945587, "rhythm.danceability": 1.4633396863937378, "rhythm.onset_rate": 5.581668853759766, "tonal.chords_changes_rate": 0.04568528011441231, "tonal.chords_number_rate": 0.013536378741264343, "tonal.chords_strength.mean": 0.5181863307952881, "tonal.chords_strength.stdev": 0.08582969754934311, "tonal.hpcp_crest.mean": 16.44278335571289, "tonal.hpcp_crest.stdev": 8.698677062988281, "tonal.hpcp_entropy.mean": 1.8347628116607666, "tonal.hpcp_entropy.stdev": 0.960233747959137, "tonal.key_edma.strength": 0.7258925437927246, "tonal.key_krumhansl.strength": 0.7260733246803284, "tonal.key_temperley.strength": 0.7207478284835815, "tonal.tuning_diatonic_strength": 0.6861669421195984, "tonal.tuning_equal_tempered_deviation": 0.03961404040455818, "tonal.tuning_frequency": 438.47772216796875, "tonal.tuning_nontempered_energy_ratio": 0.6939125061035156, "lowlevel.barkbands.mean": [0.0002778602356556803, 0.01850960962474346, 0.004652929957956076, 0.0026865091640502214, 0.0016939120832830667, 0.00041488229180686176, 0.0004855905135627836, 0.0021917319390922785, 0.0004559757944662124, 0.0005226560751907527, 0.000605478067882359, 0.00032563431886956096, 0.00030302078812383115, 0.0002829089935403317, 0.0002960635465569794, 0.0001798856392269954, 0.00025283798458985984, 0.00038272826350294054, 0.0003362885327078402, 0.0003623137599788606, 0.00036999929579906166, 0.0006076208665035665, 0.0010148488217964768, 0.0010508999694138765, 0.0014651379315182567, 0.0014395228354260325, 0.00021154404385015368], "lowlevel.barkbands.stdev": [0.0006088115042075515, 0.02258470095694065, 0.010351230390369892, 0.0071279313415288925, 0.003074515610933304, 0.0008169522625394166, 0.0012134029529988766, 0.004809820093214512, 0.0014137139078229666, 0.0013513070298358798, 0.0017138137482106686, 0.0009067375212907791, 0.0007305328617803752, 0.0006950511015020311, 0.0007519065984524786, 0.00031472911359742284, 0.0004738277639262378, 0.000548419717233628, 0.00042947125621140003, 0.0005064465804025531, 0.0005465588183142245, 0.0010922529036179185, 0.0013664012076333165, 0.0015011595096439123, 0.0026070710737258196, 0.002026882953941822, 0.0002445001155138016], "lowlevel.erbbands.mean": [0.5122585892677307, 4.197606086730957, 5.682994842529297, 8.312976837158203, 6.877692699432373, 5.200690269470215, 4.088449954986572, 3.923678159713745, 5.9580278396606445, 32.41532516479492, 30.757902145385742, 11.768919944763184, 17.04595375061035, 12.02388858795166, 30.886043548583984, 14.00107479095459, 12.974776268005371, 16.556730270385742, 18.186199188232422, 9.716217994689941, 10.914153099060059, 14.821253776550293, 20.141277313232422, 18.188072204589844, 17.250883102416992, 17.09768295288086, 15.461780548095703, 14.944389343261719, 20.393028259277344, 30.001482009887695, 26.836578369140625, 21.069486618041992, 18.42215347290039, 15.283896446228027, 11.043763160705566, 6.283441066741943, 2.589160919189453, 0.6233218312263489, 0.02160464972257614, 0.000509024946950376], "lowlevel.erbbands.stdev": [0.6184358596801758, 5.392539978027344, 12.62204360961914, 19.213245391845703, 15.360054016113281, 9.596403121948242, 7.277418613433838, 8.470744132995605, 17.72620964050293, 76.84487915039062, 73.16083526611328, 32.50044250488281, 45.97486877441406, 40.154998779296875, 87.28753662109375, 35.870155334472656, 30.4528751373291, 38.50595474243164, 45.217376708984375, 19.123661041259766, 19.15306854248047, 25.669029235839844, 30.5574951171875, 20.507038116455078, 23.951648712158203, 23.718324661254883, 22.257627487182617, 22.8703670501709, 38.254478454589844, 48.112464904785156, 35.201904296875, 29.538055419921875, 26.46661949157715, 25.601703643798828, 21.093278884887695, 10.88040542602539, 3.2672603130340576, 0.6849928498268127, 0.02222868800163269, 0.000487024721223861], "lowlevel.gfcc.mean": [55.74855041503906, 12.18293571472168, -55.69559097290039, 38.15443420410156, -40.795047760009766, 31.945268630981445, -28.369853973388672, 22.447818756103516, -23.40180206298828, 9.125069618225098, -18.184621810913086, 7.862405776977539, -23.826326370239258], "lowlevel.melbands.mean": [0.0050509050488471985, 0.003852527355775237, 0.001384996110573411, 0.0003977123706135899, 0.00017293577548116446, 8.536200766684487e-05, 8.601617446402088e-05, 0.00041383624193258584, 0.00021576696599368006, 6.630793359363452e-05, 8.342603541677818e-05, 4.411723784869537e-05, 8.468626765534282e-05, 6.170803681015968e-05, 2.3460406737285666e-05, 3.1647374271415174e-05, 2.9843871743651107e-05, 2.8926624509040266e-05, 1.7406071492587216e-05, 1.1372306289558765e-05, 1.3222804227552842e-05, 1.4343337170430459e-05, 1.8653139704838395e-05, 1.7575963283888996e-05, 1.4346009265864268e-05, 1.2291919119888917e-05, 1.2598028661159333e-05, 1.0973001735692378e-05, 9.539806342218071e-06, 8.993124538392294e-06, 8.730475201446097e-06, 1.1107802492915653e-05, 1.2612423233804293e-05, 1.9003296984010376e-05, 1.5969158994266763e-05, 1.323338074143976e-05, 1.278546369576361e-05, 1.3352166206459515e-05, 1.184724078484578e-05, 1.3270288036437705e-05], "lowlevel.melbands.stdev": [0.005909496918320656, 0.006335828453302383, 0.0030042934231460094, 0.0008109155460260808, 0.00027911283541470766, 0.00018445515888743103, 0.0002582096785772592, 0.0009769281605258584, 0.0005349350976757705, 0.00019398868607822806, 0.00022886456281412393, 0.00017045391723513603, 0.00023493048502132297, 0.00015656014147680253, 6.012057565385476e-05, 7.109141733963042e-05, 7.510312570957467e-05, 7.399486639769748e-05, 4.304354661144316e-05, 2.2560416255146265e-05, 2.6226685804431327e-05, 2.5665023713372648e-05, 3.6488723708316684e-05, 2.4449476768495515e-05, 1.6627463992335834e-05, 1.7315913282800466e-05, 1.923786840052344e-05, 1.550918386783451e-05, 1.3673083230969496e-05, 1.40105303216842e-05, 1.4005088814883493e-05, 2.1580503016593866e-05, 2.335097269678954e-05, 2.997872798005119e-05, 2.165311343560461e-05, 1.7205158655997366e-05, 1.921830880746711e-05, 2.0165127352811396e-05, 1.7112281057052314e-05, 2.3813639927539043e-05], "lowlevel.melbands128.mean": [0.00021585880313068628, 0.003291686065495014, 0.008219253271818161, 0.006421327590942383, 0.0032236638944596052, 0.0023108471650630236, 0.0017957326490432024, 0.0011835253098979592, 0.0006562523194588721, 0.0002977896365337074, 0.0002764290547929704, 0.0002765064127743244, 0.00013044914521742612, 6.409484194591641e-05, 9.145074727712199e-05, 9.147594391833991e-05, 9.030146611621603e-05, 7.909008854767308e-05, 7.508406997658312e-05, 0.000391051871702075, 0.0006507229991257191, 0.000294610857963562, 0.0001849176042014733, 7.874504080973566e-05, 7.190825272118673e-05, 4.507919220486656e-05, 8.508940663887188e-05, 0.00011855260527227074, 4.4499454816104844e-05, 5.484289795276709e-05, 4.491524305194616e-05, 2.0384588424349204e-05, 6.128705717856064e-05, 0.00019113754387944937, 5.077156674815342e-05, 4.392105984152295e-05, 2.7096988560515456e-05, 1.5138166418182664e-05, 2.8840191589551978e-05, 2.6347674065618776e-05, 3.428226773394272e-05, 3.607485632528551e-05, 3.283437399659306e-05, 2.5534147425787523e-05, 1.834651811805088e-05, 3.594873123802245e-05, 3.441103035584092e-05, 1.680917921476066e-05, 1.0253895197820384e-05, 1.1037021067750175e-05, 1.2452657756512053e-05, 1.0450458830746356e-05, 1.1168644050485454e-05, 1.685801544226706e-05, 1.3213333659223281e-05, 1.3615985153592192e-05, 1.4836527043371461e-05, 1.791729300748557e-05, 2.1714058675570413e-05, 1.6996422345982864e-05, 1.842958590714261e-05, 1.601066287548747e-05, 1.7205789845320396e-05, 1.3059112461633049e-05, 1.090825298888376e-05, 1.298458573728567e-05, 1.2489548680605367e-05, 1.2213257832627278e-05, 1.2695728401013184e-05, 1.3599861631519161e-05, 9.85997303359909e-06, 1.0734055649663787e-05, 1.0177610420214478e-05, 8.673432603245601e-06, 9.504413355898578e-06, 1.0317550731997471e-05, 8.207713108276948e-06, 6.780069270462263e-06, 9.075602974917274e-06, 1.0073655175801832e-05, 1.0845423275895882e-05, 1.1826021363958716e-05, 1.1487015399325173e-05, 1.1675416317302734e-05, 1.4229003681975883e-05, 1.75384138856316e-05, 2.2122480004327372e-05, 1.9508468540152535e-05, 1.4387251212610863e-05, 1.4565266610588878e-05, 1.4497082702291664e-05, 1.2016241271339823e-05, 1.257786698261043e-05, 1.2318925655563362e-05, 1.3023394785705023e-05, 1.5046745829749852e-05, 1.2844640878029168e-05, 1.2016351320198737e-05, 1.139718369813636e-05, 1.2107231668778695e-05, 1.2574133506859653e-05, 1.3674728506885003e-05, 1.3678064533451106e-05, 1.407163745170692e-05, 1.3338300959730987e-05, 1.0841244147741236e-05, 1.0799038136610761e-05, 1.1167747288709506e-05, 1.0933749763353262e-05, 1.1246709618717432e-05, 1.0375488272984512e-05, 8.004484698176384e-06, 8.327690920850728e-06, 8.001944479474332e-06, 6.17624209553469e-06, 5.730633802158991e-06, 5.207738013268681e-06, 3.8776711335231084e-06, 5.401465728027688e-07, 6.470469993136163e-11, 9.045128361584442e-12, 8.09754520381123e-12, 7.50388640113897e-12, 7.036081786648829e-12, 6.35366455628561e-12, 5.4533023062519614e-12, 4.947720618625473e-12, 4.818224378505542e-12], "lowlevel.melbands128.stdev": [0.0005417781067080796, 0.004503533709794283, 0.009402974508702755, 0.009523747488856316, 0.007781462278217077, 0.0046078795567154884, 0.004504322074353695, 0.002949192188680172, 0.0015032169176265597, 0.0008352256845682859, 0.0005405307747423649, 0.0004745535843539983, 0.0003089379461016506, 0.00013674928050022572, 0.0002402041427558288, 0.0002708944375626743, 0.00034119884367100894, 0.00037123847869224846, 0.00021275556355249137, 0.0010021746857091784, 0.0017214230028912425, 0.0008416145574301481, 0.0007737365085631609, 0.00031676708022132516, 0.0003343324351590127, 0.00017019944789353758, 0.0003771820047404617, 0.0003658397472463548, 0.00015472242375835776, 0.00025736287352629006, 0.00023188536579255015, 5.525592132471502e-05, 0.00016377301653847098, 0.0006354647339321673, 0.00017586277681402862, 0.00021015452512074262, 9.652623703004792e-05, 4.267591793905012e-05, 0.00012232323933858424, 8.066642476478592e-05, 9.525653149466962e-05, 0.00012383393186610192, 0.00011330068809911609, 8.231964602600783e-05, 7.059492054395378e-05, 0.00011152213846798986, 0.00011546497262315825, 5.458627856569365e-05, 2.907599809987005e-05, 2.739027695497498e-05, 3.315677531645633e-05, 2.203899566666223e-05, 2.1831743652001023e-05, 5.019911623094231e-05, 2.8113847292843275e-05, 2.8269396352698095e-05, 2.985563151014503e-05, 4.9581314669921994e-05, 4.90116435685195e-05, 2.7420601327321492e-05, 3.431158620514907e-05, 2.4415649022557773e-05, 2.275792940054089e-05, 1.8307446225662716e-05, 1.7006675989250652e-05, 2.136863986379467e-05, 1.932225495693274e-05, 2.1815758373122662e-05, 2.2794587493990548e-05, 2.3215843611978926e-05, 1.647303179197479e-05, 1.642264578549657e-05, 1.5770910977153108e-05, 1.3072446563455742e-05, 1.6767522538430057e-05, 1.6644597053527832e-05, 1.4745384760317393e-05, 1.0260170711262617e-05, 1.6070171113824472e-05, 1.7741060219123028e-05, 2.318500992259942e-05, 2.4907818442443386e-05, 2.5108773115789518e-05, 2.3317095838137902e-05, 2.7444493753137067e-05, 3.0806968425167724e-05, 3.676438063848764e-05, 3.0069946660660207e-05, 2.0466133719310164e-05, 2.16837852349272e-05, 1.9184724806109443e-05, 1.7333579307887703e-05, 1.881366188172251e-05, 1.96047385543352e-05, 2.1209625629126094e-05, 2.6189094569417648e-05, 2.1079218640807085e-05, 1.838676143961493e-05, 1.7378652046318166e-05, 2.0893050532322377e-05, 2.334203054488171e-05, 2.5515100787742995e-05, 2.919933649536688e-05, 3.0364421036210842e-05, 2.747287362581119e-05, 2.1658486730302684e-05, 2.4162523914128542e-05, 2.613499600556679e-05, 2.0855171896982938e-05, 1.9007406081072986e-05, 1.472591065976303e-05, 1.1265417924732901e-05, 1.2068176147295162e-05, 1.0803631084854715e-05, 8.819353752187453e-06, 7.871579327911604e-06, 6.412024504243163e-06, 4.685979092755588e-06, 9.239859650733706e-07, 1.2755990708157583e-10, 3.8877526198355383e-11, 3.852567223572301e-11, 3.813701784927126e-11, 3.601235282202353e-11, 2.701599360888096e-11, 1.3161726049315536e-11, 8.898142639379714e-12, 8.716537908126654e-12], "lowlevel.mfcc.mean": [-612.0810546875, 62.14817428588867, 39.94434356689453, 23.257827758789062, 20.824420928955078, 14.545210838317871, 13.719269752502441, 16.83563804626465, 3.1295461654663086, 8.354619979858398, 8.43598461151123, 4.519669532775879, 3.1654748916625977], "lowlevel.spectral_contrast_coeffs.mean": [-0.7181233763694763, -0.7531920075416565, -0.7887659072875977, -0.8197256922721863, -0.8125971555709839, -0.7920058369636536], "lowlevel.spectral_contrast_coeffs.stdev": [0.059589285403490067, 0.09130274504423141, 0.07448752969503403, 0.041675858199596405, 0.03278716653585434, 0.02954813279211521], "lowlevel.spectral_contrast_valleys.mean": [-6.578524589538574, -7.253222465515137, -7.614104747772217, -7.610409259796143, -7.105277061462402, -8.71921443939209], "lowlevel.spectral_contrast_valleys.stdev": [0.5523853898048401, 0.6105679273605347, 0.5479908585548401, 0.5101829767227173, 0.5944055318832397, 0.6353708505630493], "rhythm.beats_loudness_band_ratio.mean": [0.6776122450828552, 0.03538872301578522, 0.0693289190530777, 0.03447242081165314, 0.031669411808252335, 0.16699935495853424], "rhythm.beats_loudness_band_ratio.stdev": [0.17455951869487762, 0.027616823092103004, 0.12077595293521881, 0.0450199730694294, 0.03109694831073284, 0.11234267801046371], "tonal.hpcp.mean": [0.038517292588949203, 0.05830813944339752, 0.14068123698234558, 0.17424912750720978, 0.08780868351459503, 0.032483723014593124, 0.03837084397673607, 0.04740487411618233, 0.28307631611824036, 0.5413678884506226, 0.3235519528388977, 0.055747032165527344, 0.02897808887064457, 0.03470104932785034, 0.050681646913290024, 0.05204187333583832, 0.039344120770692825, 0.032238658517599106, 0.027180545032024384, 0.01615160144865513, 0.015992552042007446, 0.022500712424516678, 0.03714580461382866, 0.1582619845867157, 0.22224411368370056, 0.1237267553806305, 0.05399063974618912, 0.03318509832024574, 0.031778011471033096, 0.0473465733230114, 0.051724471151828766, 0.03314489871263504, 0.020515667274594307, 0.019886529073119164, 0.024616286158561707, 0.033451616764068604], "tonal.hpcp.stdev": [0.12794846296310425, 0.16394560039043427, 0.2915448248386383, 0.3480391502380371, 0.2045508772134781, 0.12835094332695007, 0.15127341449260712, 0.1522980034351349, 0.29242661595344543, 0.45235583186149597, 0.316794216632843, 0.16701722145080566, 0.10804390162229538, 0.12683765590190887, 0.1576475352048874, 0.15429796278476715, 0.13859900832176208, 0.12367697060108185, 0.11268386244773865, 0.07702985405921936, 0.06505479663610458, 0.08048545569181442, 0.09827964007854462, 0.2828073799610138, 0.37032824754714966, 0.2268000692129135, 0.16192685067653656, 0.11334541440010071, 0.11067318916320801, 0.12483596801757812, 0.10823141783475876, 0.07171119749546051, 0.0777338370680809, 0.07694677263498306, 0.09151864796876907, 0.11217653751373291], "rhythm.beats_position": [0.4411791265010834, 0.8939682245254517, 1.3583673238754272, 1.834376335144043, 2.321995496749878, 2.8212244510650635, 3.320453405380249, 3.8312923908233643, 4.330521583557129, 4.8297505378723145, 5.31736946105957, 5.8282084465026855, 6.315827369689941, 6.826666355133057, 7.314285755157471, 7.825124740600586, 8.324353218078613, 8.823582649230957, 9.3228120803833, 9.822040557861328, 10.321269989013672, 10.8204984664917, 11.319727897644043, 11.81895637512207, 12.318185806274414, 12.817414283752441, 13.316643714904785, 13.815873146057129, 14.315101623535156, 14.8143310546875, 15.325169563293457, 15.8243989944458, 16.323627471923828, 16.8344669342041, 17.333696365356445, 17.832923889160156, 18.32054328918457, 18.819772720336914, 19.319002151489258, 19.82984161376953, 20.329069137573242, 20.828298568725586, 21.32752799987793, 21.826757431030273, 22.314376831054688, 22.825214385986328, 23.312833786010742, 23.823673248291016, 24.31129264831543, 24.82213020324707, 25.309749603271484, 25.820589065551758, 26.3198184967041, 26.819047927856445], "rhythm.bpm_histogram": [0.0, 0.0, 0.0, 0.0, 0.0, 0.0, 0.0, 0.0, 0.0, 0.0, 0.0, 0.0, 0.0, 0.0, 0.0, 0.0, 0.0, 0.0, 0.0, 0.0, 0.0, 0.0, 0.0, 0.0, 0.0, 0.0, 0.0, 0.0, 0.0, 0.0, 0.0, 0.0, 0.0, 0.0, 0.0, 0.0, 0.0, 0.0, 0.0, 0.0, 0.0, 0.0, 0.0, 0.0, 0.0, 0.0, 0.0, 0.0, 0.0, 0.0, 0.0, 0.0, 0.0, 0.0, 0.0, 0.0, 0.0, 0.0, 0.0, 0.0, 0.0, 0.0, 0.0, 0.0, 0.0, 0.0, 0.0, 0.0, 0.0, 0.0, 0.0, 0.0, 0.0, 0.0, 0.0, 0.0, 0.0, 0.0, 0.0, 0.0, 0.0, 0.0, 0.0, 0.0, 0.0, 0.0, 0.0, 0.0, 0.0, 0.0, 0.0, 0.0, 0.0, 0.0, 0.0, 0.0, 0.0, 0.0, 0.0, 0.0, 0.0, 0.0, 0.0, 0.0, 0.0, 0.0, 0.0, 0.0, 0.0, 0.0, 0.0, 0.0, 0.0, 0.0, 0.0, 0.0, 0.0, 0.2075471729040146, 0.0, 0.0, 0.5660377144813538, 0.0, 0.0, 0.16981132328510284, 0.0, 0.0, 0.01886792480945587, 0.0, 0.0, 0.01886792480945587, 0.0, 0.0, 0.0, 0.01886792480945587, 0.0, 0.0, 0.0, 0.0, 0.0, 0.0, 0.0, 0.0, 0.0, 0.0, 0.0, 0.0, 0.0, 0.0, 0.0, 0.0, 0.0, 0.0, 0.0, 0.0, 0.0, 0.0, 0.0, 0.0, 0.0, 0.0, 0.0, 0.0, 0.0, 0.0, 0.0, 0.0, 0.0, 0.0, 0.0, 0.0, 0.0, 0.0, 0.0, 0.0, 0.0, 0.0, 0.0, 0.0, 0.0, 0.0, 0.0, 0.0, 0.0, 0.0, 0.0, 0.0, 0.0, 0.0, 0.0, 0.0, 0.0, 0.0, 0.0, 0.0, 0.0, 0.0, 0.0, 0.0, 0.0, 0.0, 0.0, 0.0, 0.0, 0.0, 0.0, 0.0, 0.0, 0.0, 0.0, 0.0, 0.0, 0.0, 0.0, 0.0, 0.0, 0.0, 0.0, 0.0, 0.0, 0.0, 0.0, 0.0, 0.0, 0.0, 0.0, 0.0, 0.0, 0.0, 0.0, 0.0, 0.0, 0.0, 0.0, 0.0, 0.0, 0.0, 0.0, 0.0, 0.0, 0.0, 0.0, 0.0, 0.0, 0.0, 0.0, 0.0, 0.0, 0.0, 0.0, 0.0], "tonal.chords_histogram": [48.05414581298828, 0.6768189668655396, 15.905245780944824, 0.0, 0.0, 0.0, 0.0, 1.5228426456451416, 2.1996614933013916, 0.0, 0.0, 0.0, 0.0, 0.0, 0.0, 1.353637933731079, 0.0, 4.737732887268066, 0.0, 8.291031837463379, 0.0, 0.6768189668655396, 16.582063674926758, 0.0], "tonal.thpcp": [1.0, 0.5976563692092896, 0.10297439992427826, 0.05352753400802612, 0.06409883499145508, 0.0936177596449852, 0.09613032639026642, 0.07267538458108902, 0.05955037102103233, 0.05020716041326523, 0.029834797605872154, 0.029541006311774254, 0.041562702506780624, 0.06861471384763718, 0.29233720898628235, 0.41052326560020447, 0.228544682264328, 0.09973003715276718, 0.06129860877990723, 0.05869947746396065, 0.08745729923248291, 0.09554403275251389, 0.061224352568387985, 0.03789598122239113, 0.036733854562044144, 0.04547053202986717, 0.061790913343429565, 0.0711480900645256, 0.10770520567893982, 0.2598625421524048, 0.32186824083328247, 0.1621977984905243, 0.060003045946359634, 0.0708775743842125, 0.08756498992443085, 0.5228908658027649], "lowlevel.gfcc.cov": [[2193.011962890625, -185.60316467285156, -203.337890625, 86.4222640991211, -175.4345245361328, -38.96764373779297, -60.526424407958984, 62.468936920166016, -28.069150924682617, 25.876964569091797, -64.19168090820312, -65.64280700683594, -56.64674758911133], [-185.60316467285156, 757.2515258789062, -166.80941772460938, -325.0411682128906, -86.57657623291016, -120.80908203125, 117.4910888671875, 75.20269012451172, 67.58121490478516, 11.746586799621582, 96.05802154541016, 2.709275484085083, -41.530643463134766], [-203.337890625, -166.80941772460938, 326.2819519042969, 119.21461486816406, 85.19318389892578, 55.10234451293945, -42.795753479003906, -45.04021453857422, -32.555198669433594, -11.633147239685059, -18.133995056152344, 17.623985290527344, 25.754989624023438], [86.4222640991211, -325.0411682128906, 119.21461486816406, 450.94708251953125, 135.3844451904297, 53.382049560546875, -82.62201690673828, -58.38297653198242, -40.11489486694336, -7.439264297485352, -51.78441619873047, 22.450740814208984, 53.03893280029297], [-175.4345245361328, -86.57657623291016, 85.19318389892578, 135.3844451904297, 244.84176635742188, 73.64832305908203, -33.24069595336914, -48.62356185913086, 17.770076751708984, -0.3171647787094116, -23.296125411987305, 12.65592098236084, 28.53141212463379], [-38.96764373779297, -120.80908203125, 55.10234451293945, 53.382049560546875, 73.64832305908203, 206.02845764160156, 55.45256042480469, 13.983176231384277, 0.13419747352600098, 20.60244369506836, -7.531678676605225, -12.1134033203125, 15.919337272644043], [-60.526424407958984, 117.4910888671875, -42.795753479003906, -82.62201690673828, -33.24069595336914, 55.45256042480469, 181.42494201660156, 65.77642822265625, 0.4543648362159729, 0.7351402640342712, 42.228275299072266, 8.416014671325684, -10.780062675476074], [62.468936920166016, 75.20269012451172, -45.04021453857422, -58.38297653198242, -48.62356185913086, 13.983176231384277, 65.77642822265625, 112.03233337402344, 57.974998474121094, 17.562536239624023, 23.25322151184082, 3.312342405319214, -13.30594253540039], [-28.069150924682617, 67.58121490478516, -32.555198669433594, -40.11489486694336, 17.770076751708984, 0.13419747352600098, 0.4543648362159729, 57.974998474121094, 127.76065826416016, 60.38197326660156, 27.6259822845459, -1.255348801612854, -12.9931001663208], [25.876964569091797, 11.746586799621582, -11.633147239685059, -7.439264297485352, -0.3171647787094116, 20.60244369506836, 0.7351402640342712, 17.562536239624023, 60.38197326660156, 79.88758850097656, 35.578128814697266, 0.03564505651593208, -8.248760223388672], [-64.19168090820312, 96.05802154541016, -18.133995056152344, -51.78441619873047, -23.296125411987305, -7.531678676605225, 42.228275299072266, 23.25322151184082, 27.6259822845459, 35.578128814697266, 85.1383056640625, 42.8429069519043, -1.2239618301391602], [-65.64280700683594, 2.709275484085083, 17.623985290527344, 22.450740814208984, 12.65592098236084, -12.1134033203125, 8.416014671325684, 3.312342405319214, -1.255348801612854, 0.03564505651593208, 42.8429069519043, 75.34998321533203, 30.249069213867188], [-56.64674758911133, -41.530643463134766, 25.754989624023438, 53.03893280029297, 28.53141212463379, 15.919337272644043, -10.780062675476074, -13.30594253540039, -12.9931001663208, -8.248760223388672, -1.2239618301391602, 30.249069213867188, 60.92842483520508]], "lowlevel.gfcc.icov": [[0.0006104443455114961, 0.0001244103186763823, 0.00041757701546885073, -0.00021109085355419666, 0.00028220712556503713, 3.2914271287154406e-05, 0.000357525801518932, -0.0007393861887976527, 0.0006799691473133862, -0.0006927264621481299, 0.0004614928911905736, -1.085120061361522e-06, 0.0004816552682314068], [0.0001244103186763823, 0.002710400614887476, 0.0005211441894061863, 0.0012285070260986686, -0.0008189068757928908, 0.0017293421551585197, -0.0010267660254612565, -0.0004936031764373183, -0.0004253655206412077, 0.000882526917848736, -0.0027108436916023493, 0.0018638706533238292, -0.0006354324286803603], [0.00041757701546885073, 0.0005211441894061863, 0.004185348749160767, -0.0003471332893241197, -0.0005798505735583603, -0.000741718162316829, 0.0009209886193275452, -0.00021253529121167958, 0.0010643780697137117, -9.745003626449034e-05, -0.00015931778762023896, -0.0007058000192046165, 0.0004193162312731147], [-0.00021109085355419666, 0.0012285070260986686, -0.0003471332893241197, 0.00418408028781414, -0.001938337809406221, 0.000582110951654613, 0.00037665001582354307, -0.0006761092226952314, 0.0014034600462764502, -0.0014752986608073115, 0.0010395998833701015, -0.0009079755400307477, -0.0016086278483271599], [0.00028220712556503713, -0.0008189068757928908, -0.0005798505735583603, -0.001938337809406221, 0.007990770041942596, -0.003266463987529278, -0.00026346099912188947, 0.005215744487941265, -0.00546698272228241, 0.002522411523386836, 0.00259151472710073, -0.002835578750818968, 0.0004761209129355848], [3.2914271287154406e-05, 0.0017293421551585197, -0.000741718162316829, 0.000582110951654613, -0.003266463987529278, 0.009138751775026321, -0.0037412941455841064, -0.002563710557296872, 0.0024488058406859636, -0.004067972302436829, -0.00044257324771024287, 0.004060682374984026, -0.0031172335147857666], [0.000357525801518932, -0.0010267660254612565, 0.0009209886193275452, 0.00037665001582354307, -0.00026346099912188947, -0.0037412941455841064, 0.011332878842949867, -0.006693484261631966, 0.004533615428954363, 0.0013508065603673458, -0.004750173073261976, 0.0007741812733002007, 0.00122949224896729], [-0.0007393861887976527, -0.0004936031764373183, -0.00021253529121167958, -0.0006761092226952314, 0.005215744487941265, -0.002563710557296872, -0.006693484261631966, 0.02185686118900776, -0.013930223882198334, 0.005891082342714071, 0.002069152658805251, -0.0037752031348645687, 0.0012136652367189527], [0.0006799691473133862, -0.0004253655206412077, 0.0010643780697137117, 0.0014034600462764502, -0.00546698272228241, 0.0024488058406859636, 0.004533615428954363, -0.013930223882198334, 0.02308807149529457, -0.015176861546933651, 0.0006551690748892725, 0.0011026199208572507, 0.0006854035891592503], [-0.0006927264621481299, 0.000882526917848736, -9.745003626449034e-05, -0.0014752986608073115, 0.002522411523386836, -0.004067972302436829, 0.0013508065603673458, 0.005891082342714071, -0.015176861546933651, 0.030770255252718925, -0.01599539816379547, 0.007297367323189974, -0.0003247321001254022], [0.0004614928911905736, -0.0027108436916023493, -0.00015931778762023896, 0.0010395998833701015, 0.00259151472710073, -0.00044257324771024287, -0.004750173073261976, 0.002069152658805251, 0.0006551690748892725, -0.01599539816379547, 0.03639914467930794, -0.02309880591928959, 0.006430376786738634], [-1.085120061361522e-06, 0.0018638706533238292, -0.0007058000192046165, -0.0009079755400307477, -0.002835578750818968, 0.004060682374984026, 0.0007741812733002007, -0.0037752031348645687, 0.0011026199208572507, 0.007297367323189974, -0.02309880591928959, 0.03361286222934723, -0.013991075567901134], [0.0004816552682314068, -0.0006354324286803603, 0.0004193162312731147, -0.0016086278483271599, 0.0004761209129355848, -0.0031172335147857666, 0.00122949224896729, 0.0012136652367189527, 0.0006854035891592503, -0.0003247321001254022, 0.006430376786738634, -0.013991075567901134, 0.02590206451714039]], "lowlevel.mfcc.cov": [[2435.06640625, -312.57904052734375, -130.4491424560547, 46.42179870605469, -137.06704711914062, -99.93363189697266, -64.54281616210938, -41.9107551574707, -4.328469276428223, 17.08148765563965, 64.46971893310547, -33.44744110107422, -67.42520904541016], [-312.57904052734375, 850.556396484375, -137.00791931152344, -216.35302734375, -189.24671936035156, -178.89862060546875, -11.477359771728516, 24.027690887451172, -42.56242370605469, 47.34842300415039, 81.12007904052734, 46.68991470336914, 41.54256057739258], [-130.4491424560547, -137.00791931152344, 243.3836669921875, 39.970340728759766, 38.56373977661133, 37.25498580932617, 26.64731788635254, -5.2409772872924805, 4.227304935455322, -24.447383880615234, -34.42958450317383, 5.6307291984558105, 8.050429344177246], [46.42179870605469, -216.35302734375, 39.970340728759766, 286.7232666015625, 116.85125732421875, 49.56168746948242, -23.246273040771484, -14.218731880187988, -2.186368703842163, -59.87358474731445, -55.43967056274414, -13.346794128417969, 1.0574612617492676], [-137.06704711914062, -189.24671936035156, 38.56373977661133, 116.85125732421875, 279.25958251953125, 128.389404296875, -39.3254280090332, -24.0222225189209, 19.543872833251953, -0.9407625794410706, -40.05682373046875, -28.3907470703125, -27.696643829345703], [-99.93363189697266, -178.89862060546875, 37.25498580932617, 49.56168746948242, 128.389404296875, 186.34835815429688, 61.24818420410156, -3.622004508972168, 23.19361686706543, 5.342489242553711, -22.71884536743164, -11.169210433959961, -22.74261474609375], [-64.54281616210938, -11.477359771728516, 26.64731788635254, -23.246273040771484, -39.3254280090332, 61.24818420410156, 145.0009307861328, 51.17311477661133, 18.675975799560547, -16.719573974609375, -13.405875205993652, 14.855234146118164, 3.9554319381713867], [-41.9107551574707, 24.027690887451172, -5.2409772872924805, -14.218731880187988, -24.0222225189209, -3.622004508972168, 51.17311477661133, 91.45511627197266, 28.14567756652832, 3.7234809398651123, 11.468879699707031, 8.685491561889648, 15.628186225891113], [-4.328469276428223, -42.56242370605469, 4.227304935455322, -2.186368703842163, 19.543872833251953, 23.19361686706543, 18.675975799560547, 28.14567756652832, 71.80135345458984, 32.757999420166016, 2.370434284210205, -3.5764925479888916, -4.678915023803711], [17.08148765563965, 47.34842300415039, -24.447383880615234, -59.87358474731445, -0.9407625794410706, 5.342489242553711, -16.719573974609375, 3.7234809398651123, 32.757999420166016, 105.15982818603516, 61.240394592285156, -2.021477222442627, -9.273869514465332], [64.46971893310547, 81.12007904052734, -34.42958450317383, -55.43967056274414, -40.05682373046875, -22.71884536743164, -13.405875205993652, 11.468879699707031, 2.370434284210205, 61.240394592285156, 100.16767120361328, 35.375083923339844, 11.85891056060791], [-33.44744110107422, 46.68991470336914, 5.6307291984558105, -13.346794128417969, -28.3907470703125, -11.169210433959961, 14.855234146118164, 8.685491561889648, -3.5764925479888916, -2.021477222442627, 35.375083923339844, 72.19749450683594, 44.32312774658203], [-67.42520904541016, 41.54256057739258, 8.050429344177246, 1.0574612617492676, -27.696643829345703, -22.74261474609375, 3.9554319381713867, 15.628186225891113, -4.678915023803711, -9.273869514465332, 11.85891056060791, 44.32312774658203, 83.82451629638672]], "lowlevel.mfcc.icov": [[0.0005528602050617337, 0.00040203440585173666, 0.00034478443558327854, -0.00012553036503959447, 0.00034518743632361293, 0.0004241923743393272, -6.259137444430962e-05, 0.00031048254459165037, -9.656842303229496e-05, 0.0001399350439896807, -0.0006418811972253025, 0.00020187390327919275, 0.00038229345227591693], [0.00040203440585173666, 0.002289186930283904, 0.0010070486459881067, 0.0008560595451854169, 4.0002840250963345e-05, 0.0020125412847846746, -0.000755984743591398, 2.1194911823840812e-05, 0.0012534834677353501, -0.0008801540243439376, -0.0002066106244456023, -0.0005857952055521309, -1.6098983905976638e-05], [0.00034478443558327854, 0.0010070486459881067, 0.005100224167108536, 2.578960993560031e-05, -0.00033088933560065925, 0.0008025675197131932, -0.0012463136808946729, 0.000785253185313195, 0.00022927543614059687, -0.0003914377302862704, 0.0011914235074073076, -0.0011333029251545668, -0.00029089025338180363], [-0.00012553036503959447, 0.0008560595451854169, 2.578960993560031e-05, 0.005556005984544754, -0.001730858231894672, 5.111097561893985e-05, 0.0009243842796422541, -0.0002884874993469566, -0.00032954293419606984, 0.0027464129962027073, 0.0003746644943021238, 3.366409146110527e-05, -0.000931008078623563], [0.00034518743632361293, 4.0002840250963345e-05, -0.00033088933560065925, -0.001730858231894672, 0.008860661648213863, -0.006893907207995653, 0.006121629849076271, -0.0016347465571016073, -0.0009158049360848963, -0.0004923189990222454, 0.0020750625990331173, -0.0007197213708423078, 0.0013660420663654804], [0.0004241923743393272, 0.0020125412847846746, 0.0008025675197131932, 5.111097561893985e-05, -0.006893907207995653, 0.01553483959287405, -0.010249629616737366, 0.00427102018147707, 0.0003747543378267437, -0.002758116228505969, -0.0011824917746707797, 0.0002594688266981393, 0.0006362804560922086], [-6.259137444430962e-05, -0.000755984743591398, -0.0012463136808946729, 0.0009243842796422541, 0.006121629849076271, -0.010249629616737366, 0.01736093871295452, -0.008500595577061176, -0.0011720310430973768, 0.0023822025395929813, 0.004009015392512083, -0.004440513905137777, 0.002418726682662964], [0.00031048254459165037, 2.1194911823840812e-05, 0.000785253185313195, -0.0002884874993469566, -0.0016347465571016073, 0.00427102018147707, -0.008500595577061176, 0.018716059625148773, -0.0074255019426345825, 0.0033291145227849483, -0.006117742974311113, 0.004685056395828724, -0.003960132133215666], [-9.656842303229496e-05, 0.0012534834677353501, 0.00022927543614059687, -0.00032954293419606984, -0.0009158049360848963, 0.0003747543378267437, -0.0011720310430973768, -0.0074255019426345825, 0.02315712161362171, -0.012076693587005138, 0.007355301640927792, -0.003778175450861454, 0.0014357023173943162], [0.0001399350439896807, -0.0008801540243439376, -0.0003914377302862704, 0.0027464129962027073, -0.0004923189990222454, -0.002758116228505969, 0.0023822025395929813, 0.0033291145227849483, -0.012076693587005138, 0.025669271126389503, -0.017329871654510498, 0.009045024402439594, -0.0012575045693665743], [-0.0006418811972253025, -0.0002066106244456023, 0.0011914235074073076, 0.0003746644943021238, 0.0020750625990331173, -0.0011824917746707797, 0.004009015392512083, -0.006117742974311113, 0.007355301640927792, -0.017329871654510498, 0.02864004485309124, -0.016087718307971954, 0.0037311965133994818], [0.00020187390327919275, -0.0005857952055521309, -0.0011333029251545668, 3.366409146110527e-05, -0.0007197213708423078, 0.0002594688266981393, -0.004440513905137777, 0.004685056395828724, -0.003778175450861454, 0.009045024402439594, -0.016087718307971954, 0.03073430247604847, -0.013455560430884361], [0.00038229345227591693, -1.6098983905976638e-05, -0.00029089025338180363, -0.000931008078623563, 0.0013660420663654804, 0.0006362804560922086, 0.002418726682662964, -0.003960132133215666, 0.0014357023173943162, -0.0012575045693665743, 0.0037311965133994818, -0.013455560430884361, 0.02006095089018345]], "metadata.audio_properties.analysis.downmix": "mix", "metadata.audio_properties.codec": "mp3", "metadata.audio_properties.md5_encoded": "cc95d70d07a5bb4f9afe08b9801d6975", "metadata.tags.file_name": "1182282792986492938.mp3", "metadata.version.essentia": "2.1-beta6-dev", "metadata.version.essentia_git_sha": "v2.1_beta5-1110-g77a6a954", "metadata.version.extractor": "music 2.0", "tonal.chords_key": "F", "tonal.chords_scale": "major", "tonal.key_edma.key": "F", "tonal.key_edma.scale": "major", "tonal.key_krumhansl.key": "F", "tonal.key_krumhansl.scale": "major", "tonal.key_temperley.key": "F", "tonal.key_temperley.scale": "major", "metadata.tags.encoding": ["Lavf58.45.100"]}, "essen