{"song_id": "1182257144813330462", "download": "https://cdn.discordapp.com/attachments/1135911532732108921/1182257144813330462/chirp.mp4?ex=658409c4&amp", "lyrics": "\u043b\u0438\u0448 \u0442\u0443\u043f\u043e\u0439 \u0437\u0432\u0435\u0440\u044c\n\u0438 \u043f\u0440\u0438\u0437\u043d\u0430\u0442\u044c \u044d\u0442\u043e \u043d\u0435 \u0431\u043e\u044e\u0441\u044c\n\u0443\u043b\u044b\u0431\u0430\u0439\u0441\u044f \u0441\u043a\u0432\u043e\u0437\u044c \u0441\u043b\u0435\u0437\u044b\n\u0442\u0430\u043a \u0443\u0447\u0438\u043b \u043d\u0430\u0448 \u043c\u0438\u0440\n\u0436\u0438\u0442\u044c \u0445\u043e\u0440\u043e\u0448\u043e \u043f\u043e\u0437\u0434\u043d\u043e\n\u043b\u044e\u0431\u043e\u0432\u044c \u043a\u0430\u043a \u043a\u0438\u0441\u043b\u044b\u0439 \u043a\u0435\u0444\u0438\u0440\n\u043a\u0442\u043e \u0442\u043e \u0437\u0430\u0434\u044b\u0445\u0430\u0435\u0442\u0441\u044f \u043a\u0442\u043e \u0442\u043e \u0443\u043c\u0438\u0440\u0430\u0435\u0442\n\u0441\u043d\u043e\u0432\u0430 \u043d\u0430\u0447\u0438\u043d\u0430\u0435\u0442\u0441\u044f \u043d\u0438\u043a\u0442\u043e \u043d\u0435 \u0437\u0430\u043c\u0435\u0447\u0430\u0435\u0442\n\u0432 \u043c\u043e\u0435\u0439 \u0434\u0443\u0448\u0435 \u0437\u043b\u043e\u0441\u0442\u044c \u0441\u043e\u0436\u0440\u0430\u043b\u0430 \u0432\u0441\u044e \u0440\u0430\u0434\u043e\u0441\u0442\u044c\n\u0438 \u0442\u0443\u043f\u043e \u0433\u043e\u0432\u043e\u0440\u044e \u043f\u0440\u0438\u0448\u043b\u043e\u0441\u044c \u0438 \u0447\u0443\u0441\u0442\u0432\u0443\u044e \u0441\u043a\u043e\u0440\u043e \u0441\u0442\u0430\u0440\u043e\u0441\u0442\u044c\n\u0434\u043e\u0448\u043b\u0438 \u043c\u044b \u0432\u0441\u0435 \u0434\u043e \u0440\u0443\u0447\u044c\u043a\u0438\n\u043d\u0430\u0447\u0430\u043b\u0438 \u043a\u0440\u0430\u0441\u0442\u044c \u0441\u0430\u043c\u0438 \u0432 \u0441\u0435\u0431\u044f\n\u0438 \u043d\u0430\u0434 \u0441\u0442\u0440\u0430\u043d\u043e\u0439 \u0447\u043e\u0440\u043d\u044b\u0435 \u0442\u0443\u0447\u044c\u043a\u0438\n\u043f\u043b\u044b\u0432\u0443\u0442 \u0432\u0440\u043e\u0434\u0435 \u0432\u0435\u0441\u043d\u0430", "style": ["Female Vocal</span><span>, punk</span><span>, Haunted house </span><span>, Techno"], "essentia_features": {"lowlevel.average_loudness": 0.9866513013839722, "lowlevel.barkbands_crest.mean": 16.90743064880371, "lowlevel.barkbands_crest.stdev": 5.695143222808838, "lowlevel.barkbands_flatness_db.mean": 0.15372872352600098, "lowlevel.barkbands_flatness_db.stdev": 0.04946194961667061, "lowlevel.barkbands_kurtosis.mean": 7.3369646072387695, "lowlevel.barkbands_kurtosis.stdev": 10.821525573730469, "lowlevel.barkbands_skewness.mean": 2.2121074199676514, "lowlevel.barkbands_skewness.stdev": 1.8956538438796997, "lowlevel.barkbands_spread.mean": 38.06881332397461, "lowlevel.barkbands_spread.stdev": 21.126008987426758, "lowlevel.dissonance.mean": 0.4880218505859375, "lowlevel.dissonance.stdev": 0.01311291940510273, "lowlevel.dynamic_complexity": 1.3320856094360352, "lowlevel.erbbands_crest.mean": 7.21982479095459, "lowlevel.erbbands_crest.stdev": 4.03236198425293, "lowlevel.erbbands_flatness_db.mean": 0.11134368926286697, "lowlevel.erbbands_flatness_db.stdev": 0.033179767429828644, "lowlevel.erbbands_kurtosis.mean": 0.9231525659561157, "lowlevel.erbbands_kurtosis.stdev": 2.417358875274658, "lowlevel.erbbands_skewness.mean": -0.7131574153900146, "lowlevel.erbbands_skewness.stdev": 0.7707787752151489, "lowlevel.erbbands_spread.mean": 65.30035400390625, "lowlevel.erbbands_spread.stdev": 29.488183975219727, "lowlevel.hfc.mean": 65.11788177490234, "lowlevel.hfc.stdev": 33.65062713623047, "lowlevel.loudness_ebu128.integrated": -11.79262924194336, "lowlevel.loudness_ebu128.loudness_range": 0.7057313919067383, "lowlevel.loudness_ebu128.momentary.mean": -11.830839157104492, "lowlevel.loudness_ebu128.momentary.stdev": 0.5847421288490295, "lowlevel.loudness_ebu128.short_term.mean": -11.78813648223877, "lowlevel.loudness_ebu128.short_term.stdev": 0.23908798396587372, "lowlevel.melbands_crest.mean": 20.09695816040039, "lowlevel.melbands_crest.stdev": 5.423334121704102, "lowlevel.melbands_flatness_db.mean": 0.22479219734668732, "lowlevel.melbands_flatness_db.stdev": 0.07905488461256027, "lowlevel.melbands_kurtosis.mean": 60.627845764160156, "lowlevel.melbands_kurtosis.stdev": 67.63700866699219, "lowlevel.melbands_skewness.mean": 6.287964820861816, "lowlevel.melbands_skewness.stdev": 3.746798276901245, "lowlevel.melbands_spread.mean": 31.203725814819336, "lowlevel.melbands_spread.stdev": 44.27415466308594, "lowlevel.pitch_salience.mean": 0.3241588771343231, "lowlevel.pitch_salience.stdev": 0.18732133507728577, "lowlevel.silence_rate_20dB.mean": 1.0, "lowlevel.silence_rate_20dB.stdev": 0.0, "lowlevel.silence_rate_30dB.mean": 0.6555984616279602, "lowlevel.silence_rate_30dB.stdev": 0.47517234086990356, "lowlevel.silence_rate_60dB.mean": 0.00926640909165144, "lowlevel.silence_rate_60dB.stdev": 0.09581496566534042, "lowlevel.spectral_centroid.mean": 2349.2666015625, "lowlevel.spectral_centroid.stdev": 855.7131958007812, "lowlevel.spectral_complexity.mean": 21.75752830505371, "lowlevel.spectral_complexity.stdev": 11.03388500213623, "lowlevel.spectral_decrease.mean": -2.108859575855604e-08, "lowlevel.spectral_decrease.stdev": 1.3694781308970505e-08, "lowlevel.spectral_energy.mean": 0.08549966663122177, "lowlevel.spectral_energy.stdev": 0.05221213772892952, "lowlevel.spectral_energyband_high.mean": 0.005781795829534531, "lowlevel.spectral_energyband_high.stdev": 0.004005385562777519, "lowlevel.spectral_energyband_low.mean": 0.06933048367500305, "lowlevel.spectral_energyband_low.stdev": 0.05179494246840477, "lowlevel.spectral_energyband_middle_high.mean": 0.00552782416343689, "lowlevel.spectral_energyband_middle_high.stdev": 0.005089029669761658, "lowlevel.spectral_energyband_middle_low.mean": 0.004873089492321014, "lowlevel.spectral_energyband_middle_low.stdev": 0.014132997021079063, "lowlevel.spectral_entropy.mean": 8.302834510803223, "lowlevel.spectral_entropy.stdev": 0.22847424447536469, "lowlevel.spectral_flux.mean": 0.1392313539981842, "lowlevel.spectral_flux.stdev": 0.07790471613407135, "lowlevel.spectral_kurtosis.mean": 0.9739397168159485, "lowlevel.spectral_kurtosis.stdev": 0.8565500974655151, "lowlevel.spectral_rms.mean": 0.008587412536144257, "lowlevel.spectral_rms.stdev": 0.003109758021309972, "lowlevel.spectral_rolloff.mean": 2324.061279296875, "lowlevel.spectral_rolloff.stdev": 3360.894287109375, "lowlevel.spectral_skewness.mean": 0.957807719707489, "lowlevel.spectral_skewness.stdev": 0.28607285022735596, "lowlevel.spectral_spread.mean": 7853505.0, "lowlevel.spectral_spread.stdev": 1214155.125, "lowlevel.spectral_strongpeak.mean": 0.9077991843223572, "lowlevel.spectral_strongpeak.stdev": 0.9588930606842041, "lowlevel.zerocrossingrate.mean": 0.10534696280956268, "lowlevel.zerocrossingrate.stdev": 0.07606644183397293, "metadata.audio_properties.analysis.equal_loudness": 0.0, "metadata.audio_properties.analysis.length": 30.03628158569336, "metadata.audio_properties.analysis.sample_rate": 44100.0, "metadata.audio_properties.analysis.start_time": 0.0, "metadata.audio_properties.bit_rate": 125242.0, "metadata.audio_properties.length": 30.03733253479004, "metadata.audio_properties.lossless": 0.0, "metadata.audio_properties.number_channels": 1.0, "metadata.audio_properties.replay_gain": -11.50869369506836, "metadata.audio_properties.sample_rate": 48000.0, "rhythm.beats_count": 43.0, "rhythm.beats_loudness.mean": 0.10865059494972229, "rhythm.beats_loudness.stdev": 0.02717021480202675, "rhythm.bpm": 87.68553161621094, "rhythm.bpm_histogram_first_peak_bpm": 88.0, "rhythm.bpm_histogram_first_peak_weight": 0.10256409645080566, "rhythm.bpm_histogram_second_peak_bpm": 83.0, "rhythm.bpm_histogram_second_peak_spread": 0.0, "rhythm.bpm_histogram_second_peak_weight": 0.0714285746216774, "rhythm.danceability": 1.9643174409866333, "rhythm.onset_rate": 3.3934133052825928, "tonal.chords_changes_rate": 0.12345679104328156, "tonal.chords_number_rate": 0.01697530783712864, "tonal.chords_strength.mean": 0.4509824514389038, "tonal.chords_strength.stdev": 0.10677437484264374, "tonal.hpcp_crest.mean": 12.063523292541504, "tonal.hpcp_crest.stdev": 5.6392998695373535, "tonal.hpcp_entropy.mean": 2.3846497535705566, "tonal.hpcp_entropy.stdev": 0.8267827033996582, "tonal.key_edma.strength": 0.3315986394882202, "tonal.key_krumhansl.strength": 0.3410777449607849, "tonal.key_temperley.strength": 0.3306848406791687, "tonal.tuning_diatonic_strength": 0.5218674540519714, "tonal.tuning_equal_tempered_deviation": 0.20076443254947662, "tonal.tuning_frequency": 437.9714660644531, "tonal.tuning_nontempered_energy_ratio": 0.8806568384170532, "lowlevel.barkbands.mean": [0.0016552258748561144, 0.0587681420147419, 0.008928806520998478, 0.0007042324868962169, 0.0029338353779166937, 0.0003908577491529286, 0.00011227237700950354, 0.00033119419822469354, 0.0003528826346155256, 0.0003364956646692008, 0.0003452591772656888, 0.0006424994207918644, 0.00037947000237181783, 0.0006204699748195708, 0.0008358099148608744, 0.0006795548833906651, 0.0006339990068227053, 0.0004785907221958041, 0.00036292834556661546, 0.0005355425528250635, 0.00045609570224769413, 0.0007344342302531004, 0.0009784536669030786, 0.0016972346929833293, 0.001124536618590355, 0.0004340604937169701, 4.679315316025168e-05], "lowlevel.barkbands.stdev": [0.0020176051184535027, 0.04705259948968887, 0.010210017673671246, 0.002179172122851014, 0.011108752340078354, 0.0010228342143818736, 0.0003938610025215894, 0.0008620032458566129, 0.000929143454413861, 0.0010928609408438206, 0.001061387243680656, 0.0012976285070180893, 0.0008437964715994895, 0.0015308872098103166, 0.0019432437838986516, 0.00151827500667423, 0.001011256710626185, 0.0006436724797822535, 0.0003336649970151484, 0.000422094453824684, 0.0003516928991302848, 0.0006367898895405233, 0.0009181516943499446, 0.0017379570053890347, 0.0009882572339847684, 0.0002551469369791448, 3.0963568860897794e-05], "lowlevel.erbbands.mean": [1.1407907009124756, 14.486771583557129, 18.692790985107422, 3.367769718170166, 9.213011741638184, 7.789058685302734, 4.870086193084717, 2.6141138076782227, 1.5894712209701538, 2.70866322517395, 9.471455574035645, 7.125190734863281, 7.995950698852539, 15.596263885498047, 15.908563613891602, 23.85547637939453, 17.579998016357422, 32.115989685058594, 39.648956298828125, 34.313114166259766, 41.555572509765625, 38.14209747314453, 27.620532989501953, 19.72178840637207, 19.62472152709961, 25.172677993774414, 24.167810440063477, 14.94279670715332, 26.008684158325195, 28.488000869750977, 27.556747436523438, 32.44743728637695, 28.973251342773438, 17.320951461791992, 5.063502788543701, 1.9056109189987183, 0.7926463484764099, 0.18501175940036774, 0.004664881620556116, 0.00023284816415980458], "lowlevel.erbbands.stdev": [1.0118236541748047, 12.03354549407959, 16.570878982543945, 4.9192705154418945, 34.06092071533203, 32.73562240600586, 15.312178611755371, 7.305979251861572, 5.140589714050293, 8.266522407531738, 23.351476669311523, 18.095123291015625, 22.07206916809082, 39.89004898071289, 37.38336181640625, 50.96952438354492, 37.91428756713867, 76.51839447021484, 92.746337890625, 61.70683670043945, 96.94881439208984, 58.70438766479492, 38.00647735595703, 18.63848304748535, 16.906536102294922, 20.320249557495117, 18.813983917236328, 11.924570083618164, 21.95911979675293, 25.96708869934082, 26.154237747192383, 32.13166046142578, 32.445884704589844, 17.27121353149414, 3.815416097640991, 1.3704718351364136, 0.4782646596431732, 0.09919817745685577, 0.002471090294420719, 9.231284639099613e-05], "lowlevel.gfcc.mean": [58.01442337036133, -2.242199659347534, -83.01820373535156, 55.5423698425293, -30.508014678955078, 54.71323776245117, -24.48783302307129, 28.326086044311523, -17.337299346923828, 11.111356735229492, -14.45392894744873, 7.018407821655273, -13.411507606506348], "lowlevel.melbands.mean": [0.013726931996643543, 0.013282284140586853, 0.0008041216060519218, 0.0006743083940818906, 0.00018910453945863992, 6.026952905813232e-05, 2.3802947907825e-05, 3.523553459672257e-05, 8.062023698585108e-05, 4.3592899601208046e-05, 4.024664667667821e-05, 6.309357559075579e-05, 4.814487328985706e-05, 7.09753148839809e-05, 4.942361920257099e-05, 4.337412246968597e-05, 5.909325409447774e-05, 5.773029261035845e-05, 6.238750938791782e-05, 3.7964724469929934e-05, 4.936624100082554e-05, 3.8530793972313404e-05, 3.270622983109206e-05, 2.0205581677146256e-05, 1.5323043044190854e-05, 1.3725300959777087e-05, 1.5285189874703065e-05, 1.6883723219507374e-05, 1.755944140313659e-05, 9.608175787434448e-06, 8.050916221691296e-06, 1.4078296771913301e-05, 1.5896945114945993e-05, 1.6032463463488966e-05, 1.4657055544375908e-05, 1.8021946743829176e-05, 2.0649231373681687e-05, 2.0795150703634135e-05, 1.9437333321548067e-05, 1.301289739785716e-05], "lowlevel.melbands.stdev": [0.011285805143415928, 0.010424444451928139, 0.0016240078257396817, 0.0026250567752867937, 0.0006644775858148932, 0.00016375150880776346, 7.880755583755672e-05, 0.0001074614337994717, 0.00020207049965392798, 0.00011960983101744205, 0.00012260011862963438, 0.00016862690972629935, 0.00013193488121032715, 0.00014269317034631968, 0.0001539576769573614, 9.181376663036644e-05, 0.00014828551502432674, 0.0001450667914468795, 0.00014941049448680133, 6.999638571869582e-05, 0.00012191338464617729, 6.144159124232829e-05, 5.36675397597719e-05, 2.711769411689602e-05, 1.5526740753557533e-05, 1.3339245015231427e-05, 1.3284794476930983e-05, 1.4395500329555944e-05, 1.4902884686307516e-05, 8.12670805316884e-06, 7.07168692315463e-06, 1.2029305253236089e-05, 1.5493294995394535e-05, 1.5005430213932414e-05, 1.3790908269584179e-05, 1.9396309653529897e-05, 2.0891873646178283e-05, 2.3688387955189683e-05, 2.32661550398916e-05, 1.245066596311517e-05], "lowlevel.melbands128.mean": [0.0014390340074896812, 0.006496547255665064, 0.01908506639301777, 0.027163445949554443, 0.01449190266430378, 0.0028957028407603502, 0.0003155107842758298, 0.0004432408604770899, 0.001121732173487544, 0.0007997408974915743, 0.0003389189951121807, 0.0002318109036423266, 0.0001707059273030609, 0.00010447944077895954, 5.792948286398314e-05, 3.887415005010553e-05, 2.5133975213975646e-05, 2.0293098714319058e-05, 2.250088073196821e-05, 2.5078556063817814e-05, 3.8161702832439914e-05, 7.440225454047322e-05, 0.00010260036651743576, 7.011532579781488e-05, 3.501673199934885e-05, 3.719761662068777e-05, 4.6635130274808034e-05, 2.676109033927787e-05, 5.0358012231299654e-05, 6.117909651948139e-05, 7.140605885069817e-05, 6.205538375070319e-05, 3.501487663015723e-05, 4.0340131818084046e-05, 8.645584603073075e-05, 7.332913082791492e-05, 5.678231900674291e-05, 6.460020085796714e-05, 3.0187200536602177e-05, 2.6486872229725122e-05, 3.867214036290534e-05, 8.072338823694736e-05, 6.918433064129204e-05, 3.985751391155645e-05, 4.608730523614213e-05, 5.0528044084785506e-05, 8.93893011379987e-05, 7.419603207381442e-05, 4.567065116134472e-05, 3.74256051145494e-05, 3.135345104965381e-05, 3.948425728594884e-05, 7.08202860550955e-05, 4.152459223405458e-05, 3.0943665478844196e-05, 4.0919476305134594e-05, 4.355276905698702e-05, 3.406919495319016e-05, 3.3536583941895515e-05, 2.0448471332201734e-05, 1.9270435586804524e-05, 1.9989684005849995e-05, 1.599634015292395e-05, 1.3873154784960207e-05, 1.3879615835321601e-05, 1.3835899153491482e-05, 1.3561691957875155e-05, 1.3801070053887088e-05, 1.5626463209628128e-05, 1.770530070643872e-05, 1.5946034181979485e-05, 1.6721471183700487e-05, 1.9482227799016982e-05, 2.0387960830703378e-05, 1.1444998563092668e-05, 1.0155134077649564e-05, 8.857068678480573e-06, 6.550583748321515e-06, 7.989424375409726e-06, 8.487449122185353e-06, 1.3379340998653788e-05, 1.6999283616314642e-05, 1.548478212498594e-05, 1.659484587435145e-05, 1.4783824553887825e-05, 1.6344074538210407e-05, 1.6974599930108525e-05, 1.4507331798085943e-05, 1.280665492231492e-05, 1.6473855794174597e-05, 1.7011898307828233e-05, 1.816856638470199e-05, 2.0200224753352813e-05, 2.037527519860305e-05, 2.0583613149938174e-05, 2.360564212722238e-05, 1.9854245692840777e-05, 1.779066769813653e-05, 2.2204267224879004e-05, 1.9185054043191485e-05, 1.4728175301570445e-05, 1.3258990293252282e-05, 8.975514901976567e-06, 6.843892606411828e-06, 4.103748324268963e-06, 4.076345248904545e-06, 5.110309302835958e-06, 4.271096258889884e-06, 2.7477015009935712e-06, 2.389974270045059e-06, 2.4548344299546443e-06, 2.6495486054045614e-06, 2.5708477551233955e-06, 2.7050402877648594e-06, 1.9958251868956722e-06, 2.0322045202192385e-06, 1.6803566040834994e-06, 4.4744948013430985e-07, 9.994420846481944e-10, 2.152304029445773e-11, 2.01864792243045e-11, 1.9414903712489107e-11, 1.888583907316832e-11, 1.8359641931753323e-11, 1.656460385524028e-11, 1.3861813606685924e-11, 1.2326807109774851e-11, 1.2047331882092394e-11], "lowlevel.melbands128.stdev": [0.0018350391183048487, 0.007389582693576813, 0.018901554867625237, 0.02217869833111763, 0.012284819036722183, 0.003402275964617729, 0.0007269171182997525, 0.0014948593452572823, 0.004233662970364094, 0.0033597250003367662, 0.0016354636754840612, 0.0009272724855691195, 0.000525525480043143, 0.0002972620422951877, 0.00018468564667273313, 0.00012446532491594553, 8.697472367202863e-05, 8.109123155009001e-05, 9.566258813720196e-05, 0.0001006645179586485, 0.0001627405290491879, 0.00023772478743921965, 0.0003065123164560646, 0.00024437872343696654, 0.00012715099728666246, 0.00016527586558368057, 0.00019002158660441637, 8.242969488492236e-05, 0.00029526688740588725, 0.0002294552541570738, 0.00023325328947976232, 0.0002500453847460449, 0.00014921752153895795, 0.0001959778310265392, 0.000198664260096848, 0.00020582122670020908, 0.00021181239571888, 0.00027217622846364975, 0.00011161563452333212, 0.00011908678425243124, 8.549029007554054e-05, 0.0002555666724219918, 0.0002446018042974174, 0.00012942834291607141, 0.00020201530423946679, 0.00018606914090923965, 0.0002999727730639279, 0.00023937625519465655, 0.00013342718011699617, 9.991875413106754e-05, 9.020105062518269e-05, 0.00012414285447448492, 0.0002705739170778543, 9.417829278390855e-05, 6.027823474141769e-05, 8.930959302233532e-05, 0.00010116178600583225, 8.419073856202886e-05, 7.475199527107179e-05, 3.9763355744071305e-05, 3.729325908352621e-05, 3.1528674298897386e-05, 2.3941294784890488e-05, 1.7472451872890815e-05, 2.1415195078589022e-05, 1.722955312288832e-05, 1.8719965737545863e-05, 1.4774882401979994e-05, 1.6184521882678382e-05, 2.01365037355572e-05, 1.814514871512074e-05, 1.7114913134719245e-05, 1.9746403268072754e-05, 2.2070153136155568e-05, 1.120757769967895e-05, 9.879463505058084e-06, 9.160151421383489e-06, 7.066150828904938e-06, 7.962811650941148e-06, 9.433848390472122e-06, 1.3555029909184668e-05, 1.655725463933777e-05, 1.647850513109006e-05, 1.8731205273070373e-05, 1.6929467165027745e-05, 1.702520967228338e-05, 1.7898304577101953e-05, 1.481943854741985e-05, 1.3301771105034277e-05, 1.8615235603647307e-05, 2.063771171378903e-05, 2.2262420316110365e-05, 2.3558332031825557e-05, 2.2707263269694522e-05, 2.385810876148753e-05, 2.6646312107914127e-05, 2.641108767420519e-05, 2.5322366127511486e-05, 3.111594560323283e-05, 2.2672893464914523e-05, 1.6705747839296237e-05, 1.2970856005267706e-05, 9.800503903534263e-06, 7.866475243645255e-06, 3.5677599043992814e-06, 3.5652890346682398e-06, 4.3914851630688645e-06, 3.59162868335261e-06, 2.7080766358267283e-06, 2.387770109635312e-06, 2.8912429570482345e-06, 2.39601286011748e-06, 1.8096957319357898e-06, 1.787350242921093e-06, 1.3760492265646462e-06, 1.4427903352043359e-06, 1.11229212507169e-06, 4.2047531678690575e-07, 1.3402187803990273e-08, 9.203029310844713e-11, 8.751378788307562e-11, 8.561624326164363e-11, 8.446431748465599e-11, 7.981092176034821e-11, 5.896163418617206e-11, 2.6900280614139405e-11, 1.625583521958074e-11, 1.5947214035416657e-11], "lowlevel.mfcc.mean": [-595.3646240234375, 34.75623321533203, 20.88472557067871, 18.84485626220703, 32.75332260131836, 26.727331161499023, 22.987146377563477, 21.70854949951172, 14.880154609680176, 13.244199752807617, 6.835128307342529, 9.792043685913086, 7.238651752471924], "lowlevel.spectral_contrast_coeffs.mean": [-0.6542197465896606, -0.8106995820999146, -0.7934331893920898, -0.7966340780258179, -0.8014791011810303, -0.7831869721412659], "lowlevel.spectral_contrast_coeffs.stdev": [0.07914362847805023, 0.07150036096572876, 0.06446608901023865, 0.05991801247000694, 0.03196866437792778, 0.026099946349859238], "lowlevel.spectral_contrast_valleys.mean": [-7.103390216827393, -7.546596527099609, -7.400402545928955, -7.192248344421387, -6.783564567565918, -8.436057090759277], "lowlevel.spectral_contrast_valleys.stdev": [0.9452793598175049, 0.6774694323539734, 0.5391089916229248, 0.46296006441116333, 0.43210211396217346, 0.4018133878707886], "rhythm.beats_loudness_band_ratio.mean": [0.818897008895874, 0.039645273238420486, 0.009789557196199894, 0.026412248611450195, 0.042014069855213165, 0.0920901969075203], "rhythm.beats_loudness_band_ratio.stdev": [0.11477728188037872, 0.036509279161691666, 0.016157330945134163, 0.02085241861641407, 0.07157012075185776, 0.0315665565431118], "tonal.hpcp.mean": [0.036051828414201736, 0.03305025026202202, 0.04070957377552986, 0.04311053082346916, 0.030363230034708977, 0.025901617482304573, 0.03077358938753605, 0.03040926903486252, 0.02975267916917801, 0.029844015836715698, 0.03661066293716431, 0.04882563650608063, 0.05769633501768112, 0.058151956647634506, 0.07709178328514099, 0.16929510235786438, 0.23681136965751648, 0.22960540652275085, 0.1657666712999344, 0.08684058487415314, 0.06613068282604218, 0.0883755013346672, 0.11242669820785522, 0.11489111930131912, 0.10613075643777847, 0.1080780178308487, 0.1821790188550949, 0.22008024156093597, 0.12914155423641205, 0.06302972137928009, 0.05931456759572029, 0.049795184284448624, 0.050598785281181335, 0.05373787134885788, 0.04751214012503624, 0.04203999042510986], "tonal.hpcp.stdev": [0.12706895172595978, 0.11599121987819672, 0.1391870379447937, 0.15183833241462708, 0.1093444675207138, 0.10640363395214081, 0.1295812427997589, 0.12134888023138046, 0.12354572862386703, 0.11139249056577682, 0.13669176399707794, 0.16693897545337677, 0.17873629927635193, 0.1690475195646286, 0.19503165781497955, 0.31436237692832947, 0.3638710379600525, 0.3582248389720917, 0.3073786199092865, 0.21830543875694275, 0.17979460954666138, 0.22976762056350708, 0.26130902767181396, 0.2475489228963852, 0.24527998268604279, 0.2271367907524109, 0.31486040353775024, 0.36125504970550537, 0.23864051699638367, 0.1607791632413864, 0.16114839911460876, 0.14378851652145386, 0.1592884212732315, 0.17080077528953552, 0.15923215448856354, 0.14185328781604767], "rhythm.beats_position": [0.7082086205482483, 1.4280271530151367, 2.14784574508667, 2.879274368286133, 3.5758728981018066, 4.2724714279174805, 4.957460403442383, 5.642448902130127, 6.315827369689941, 7.000816345214844, 7.685804843902588, 8.359183311462402, 9.044172286987305, 9.729161262512207, 10.402539253234863, 11.087528228759766, 11.772517204284668, 12.457505226135254, 13.142494201660156, 13.815873146057129, 14.500861167907715, 15.185850143432617, 15.85922908782959, 16.544218063354492, 17.229206085205078, 17.902584075927734, 18.599184036254883, 19.27256202697754, 19.957550048828125, 20.642539978027344, 21.31591796875, 22.000905990600586, 22.685895919799805, 23.35927391052246, 24.044261932373047, 24.729251861572266, 25.41423988342285, 26.099227905273438, 26.772607803344727, 27.445985794067383, 28.1425838470459, 28.815963745117188, 29.500951766967773], "rhythm.bpm_histogram": [0.0, 0.0, 0.0, 0.0, 0.0, 0.0, 0.0, 0.0, 0.0, 0.0, 0.0, 0.0, 0.0, 0.0, 0.0, 0.0, 0.0, 0.0, 0.0, 0.0, 0.0, 0.0, 0.0, 0.0, 0.0, 0.0, 0.0, 0.0, 0.0, 0.0, 0.0, 0.0, 0.0, 0.0, 0.0, 0.0, 0.0, 0.0, 0.0, 0.0, 0.0, 0.0, 0.0, 0.0, 0.0, 0.0, 0.0, 0.0, 0.0, 0.0, 0.0, 0.0, 0.0, 0.0, 0.0, 0.0, 0.0, 0.0, 0.0, 0.0, 0.0, 0.0, 0.0, 0.0, 0.0, 0.0, 0.0, 0.0, 0.0, 0.0, 0.0, 0.0, 0.0, 0.0, 0.0, 0.0, 0.0, 0.0, 0.0, 0.0, 0.0, 0.0, 0.02380952425301075, 0.0476190485060215, 0.0, 0.0, 0.095238097012043, 0.0, 0.5476190447807312, 0.2857142984867096, 0.0, 0.0, 0.0, 0.0, 0.0, 0.0, 0.0, 0.0, 0.0, 0.0, 0.0, 0.0, 0.0, 0.0, 0.0, 0.0, 0.0, 0.0, 0.0, 0.0, 0.0, 0.0, 0.0, 0.0, 0.0, 0.0, 0.0, 0.0, 0.0, 0.0, 0.0, 0.0, 0.0, 0.0, 0.0, 0.0, 0.0, 0.0, 0.0, 0.0, 0.0, 0.0, 0.0, 0.0, 0.0, 0.0, 0.0, 0.0, 0.0, 0.0, 0.0, 0.0, 0.0, 0.0, 0.0, 0.0, 0.0, 0.0, 0.0, 0.0, 0.0, 0.0, 0.0, 0.0, 0.0, 0.0, 0.0, 0.0, 0.0, 0.0, 0.0, 0.0, 0.0, 0.0, 0.0, 0.0, 0.0, 0.0, 0.0, 0.0, 0.0, 0.0, 0.0, 0.0, 0.0, 0.0, 0.0, 0.0, 0.0, 0.0, 0.0, 0.0, 0.0, 0.0, 0.0, 0.0, 0.0, 0.0, 0.0, 0.0, 0.0, 0.0, 0.0, 0.0, 0.0, 0.0, 0.0, 0.0, 0.0, 0.0, 0.0, 0.0, 0.0, 0.0, 0.0, 0.0, 0.0, 0.0, 0.0, 0.0, 0.0, 0.0, 0.0, 0.0, 0.0, 0.0, 0.0, 0.0, 0.0, 0.0, 0.0, 0.0, 0.0, 0.0, 0.0, 0.0, 0.0, 0.0, 0.0, 0.0, 0.0, 0.0, 0.0, 0.0, 0.0, 0.0, 0.0, 0.0, 0.0, 0.0, 0.0, 0.0, 0.0, 0.0, 0.0, 0.0, 0.0, 0.0, 0.0, 0.0], "tonal.chords_histogram": [9.104938507080078, 0.0, 0.0, 0.0, 0.0, 0.7716049551963806, 9.567901611328125, 20.679012298583984, 14.660493850708008, 0.3086419701576233, 13.580246925354004, 0.0, 0.0, 2.932098865509033, 1.8518518209457397, 14.197530746459961, 3.395061731338501, 3.0864198207855225, 0.0, 0.9259259104728699, 0.0, 0.0, 0.15432098507881165, 4.7839508056640625], "tonal.thpcp": [1.0, 0.9695708751678467, 0.6999945640563965, 0.36670783162117004, 0.279254674911499, 0.37318944931030273, 0.47475212812423706, 0.4851588010787964, 0.44816580414772034, 0.4563886225223541, 0.7693001627922058, 0.9293482899665833, 0.5453351140022278, 0.2661600410938263, 0.2504718005657196, 0.2102736234664917, 0.21366705000400543, 0.2269226759672165, 0.20063285529613495, 0.17752522230148315, 0.15223859250545502, 0.13956360518932343, 0.17190717160701752, 0.1820458620786667, 0.1282169371843338, 0.10937657952308655, 0.12994979321956635, 0.12841135263442993, 0.12563872337341309, 0.12602442502975464, 0.1545984148979187, 0.2061794400215149, 0.24363836646080017, 0.245562344789505, 0.3255409002304077, 0.7148942947387695], "lowlevel.gfcc.cov": [[2080.837890625, 910.9343872070312, 214.5204315185547, 293.5460510253906, 206.62106323242188, 2.2163877487182617, 72.5453872680664, -33.70539474487305, -61.711952209472656, -82.84805297851562, -140.2855682373047, -75.349609375, -56.90592956542969], [910.9343872070312, 867.25146484375, 234.03858947753906, 176.3336639404297, 187.85513305664062, -46.584102630615234, 52.74672317504883, -18.789470672607422, -28.395898818969727, -38.104949951171875, -87.68485260009766, -54.74285888671875, -32.332584381103516], [214.5204315185547, 234.03858947753906, 486.1875, 374.0210266113281, 178.62132263183594, 148.24880981445312, 92.36006164550781, 24.054893493652344, -11.85305118560791, -28.274526596069336, -9.026322364807129, 8.983838081359863, -48.3571891784668], [293.5460510253906, 176.3336639404297, 374.0210266113281, 465.5572204589844, 252.37611389160156, 166.69166564941406, 114.86791229248047, 59.493408203125, 11.928854942321777, -49.71687316894531, -30.387418746948242, 12.45760440826416, -28.683147430419922], [206.62106323242188, 187.85513305664062, 178.62132263183594, 252.37611389160156, 384.53851318359375, 251.7788848876953, 215.00352478027344, 130.9224853515625, 64.66107940673828, 6.903595924377441, -20.28154945373535, -1.9050296545028687, -17.384963989257812], [2.2163877487182617, -46.584102630615234, 148.24880981445312, 166.69166564941406, 251.7788848876953, 371.7327880859375, 260.87188720703125, 115.72625732421875, 43.956764221191406, 27.031679153442383, 16.36331558227539, -27.037124633789062, -38.10344696044922], [72.5453872680664, 52.74672317504883, 92.36006164550781, 114.86791229248047, 215.00352478027344, 260.87188720703125, 289.8003234863281, 129.0566864013672, 39.8271484375, 25.26122283935547, 4.981916904449463, -25.0427303314209, -47.493228912353516], [-33.70539474487305, -18.789470672607422, 24.054893493652344, 59.493408203125, 130.9224853515625, 115.72625732421875, 129.0566864013672, 171.401611328125, 102.84107971191406, 25.026533126831055, 3.0819191932678223, -3.507202625274658, -9.191394805908203], [-61.711952209472656, -28.395898818969727, -11.85305118560791, 11.928854942321777, 64.66107940673828, 43.956764221191406, 39.8271484375, 102.84107971191406, 129.3157958984375, 47.3296012878418, 10.502786636352539, -4.102418899536133, -0.7693353295326233], [-82.84805297851562, -38.104949951171875, -28.274526596069336, -49.71687316894531, 6.903595924377441, 27.031679153442383, 25.26122283935547, 25.026533126831055, 47.3296012878418, 80.11786651611328, 40.08814239501953, 1.6639949083328247, -10.06652545928955], [-140.2855682373047, -87.68485260009766, -9.026322364807129, -30.387418746948242, -20.28154945373535, 16.36331558227539, 4.981916904449463, 3.0819191932678223, 10.502786636352539, 40.08814239501953, 83.20925903320312, 33.86591720581055, -2.6689417362213135], [-75.349609375, -54.74285888671875, 8.983838081359863, 12.45760440826416, -1.9050296545028687, -27.037124633789062, -25.0427303314209, -3.507202625274658, -4.102418899536133, 1.6639949083328247, 33.86591720581055, 77.0959701538086, 29.598665237426758], [-56.90592956542969, -32.332584381103516, -48.3571891784668, -28.683147430419922, -17.384963989257812, -38.10344696044922, -47.493228912353516, -9.191394805908203, -0.7693353295326233, -10.06652545928955, -2.6689417362213135, 29.598665237426758, 64.91766357421875]], "lowlevel.gfcc.icov": [[0.001089257188141346, -0.001358243403956294, 0.0010321784066036344, -0.0010519975330680609, 0.0006834609084762633, -0.0008557639084756374, 0.00041456345934420824, -0.00010078582999994978, 0.000271394761512056, -8.919342508306727e-05, 0.0007470939308404922, -0.0006482818280346692, 0.0008678447920829058], [-0.001358243403956294, 0.004210640210658312, -0.0030813789926469326, 0.0022239922545850277, -0.003454425372183323, 0.004389590118080378, -0.002304274355992675, 0.0014080259716138244, -0.00028592662420123816, 5.822263119625859e-05, -0.00035812982241623104, 0.003234829753637314, -0.001725193578749895], [0.0010321784066036344, -0.0030813789926469326, 0.00840066559612751, -0.0067483121529221535, 0.00312503008171916, -0.004167261067777872, 0.0024078243877738714, -0.0008582921582274139, 0.0014174922835081816, -0.0014427456771954894, 0.00040161170181818306, -0.0033132690005004406, 0.0039972662925720215], [-0.0010519975330680609, 0.0022239922545850277, -0.0067483121529221535, 0.009914116002619267, -0.00484498729929328, 0.0017237075371667743, -0.00046689188457094133, 0.0009440564317628741, -0.001996598206460476, 0.004601030144840479, -5.921642514294945e-05, 4.1809893446043134e-05, -0.0002862364344764501], [0.0006834609084762633, -0.003454425372183323, 0.00312503008171916, -0.00484498729929328, 0.01107421051710844, -0.006324185058474541, -0.00035050258156843483, -0.0022799877915531397, -0.0009312417823821306, -0.0017265629721805453, 0.0030141945462673903, -0.004772669170051813, -0.00023858169151935726], [-0.0008557639084756374, 0.004389590118080378, -0.004167261067777872, 0.0017237075371667743, -0.006324185058474541, 0.0145799545571208, -0.009493045508861542, 0.002739543095231056, -0.0005434966878965497, 0.00013216993829701096, -0.003898044116795063, 0.00782137829810381, -0.004311844706535339], [0.00041456345934420824, -0.002304274355992675, 0.0024078243877738714, -0.00046689188457094133, -0.00035050258156843483, -0.009493045508861542, 0.01620422676205635, -0.00903073325753212, 0.006384494248777628, -0.002686296356841922, 0.0012771333567798138, -0.002627215115353465, 0.00662296311929822], [-0.00010078582999994978, 0.0014080259716138244, -0.0008582921582274139, 0.0009440564317628741, -0.0022799877915531397, 0.002739543095231056, -0.00903073325753212, 0.02092723548412323, -0.015635579824447632, 0.005695122294127941, -0.00037143848021514714, -0.0005043125129304826, -0.0013432279229164124], [0.000271394761512056, -0.00028592662420123816, 0.0014174922835081816, -0.001996598206460476, -0.0009312417823821306, -0.0005434966878965497, 0.006384494248777628, -0.015635579824447632, 0.023712029680609703, -0.012414765544235706, 0.0016731156501919031, 0.002351301023736596, -0.0004894782323390245], [-8.919342508306727e-05, 5.822263119625859e-05, -0.0014427456771954894, 0.004601030144840479, -0.0017265629721805453, 0.00013216993829701096, -0.002686296356841922, 0.005695122294127941, -0.012414765544235706, 0.027067746967077255, -0.011082842946052551, 0.001522767124697566, 0.0022655250504612923], [0.0007470939308404922, -0.00035812982241623104, 0.00040161170181818306, -5.921642514294945e-05, 0.0030141945462673903, -0.003898044116795063, 0.0012771333567798138, -0.00037143848021514714, 0.0016731156501919031, -0.011082842946052551, 0.025062451139092445, -0.013258995488286018, 0.005527482833713293], [-0.0006482818280346692, 0.003234829753637314, -0.0033132690005004406, 4.1809893446043134e-05, -0.004772669170051813, 0.00782137829810381, -0.002627215115353465, -0.0005043125129304826, 0.002351301023736596, 0.001522767124697566, -0.013258995488286018, 0.027662387117743492, -0.012981098145246506], [0.0008678447920829058, -0.001725193578749895, 0.0039972662925720215, -0.0002862364344764501, -0.00023858169151935726, -0.004311844706535339, 0.00662296311929822, -0.0013432279229164124, -0.0004894782323390245, 0.0022655250504612923, 0.005527482833713293, -0.012981098145246506, 0.026708493009209633]], "lowlevel.mfcc.cov": [[1945.5863037109375, 667.102783203125, 94.9660873413086, 320.94598388671875, 81.43010711669922, 99.47128295898438, 30.62373161315918, 38.84563446044922, 40.08681869506836, -20.758779525756836, -45.72773361206055, -76.3639907836914, -66.35214233398438], [667.102783203125, 700.560302734375, 35.629913330078125, 174.8109588623047, 46.92798614501953, 25.843963623046875, 11.699525833129883, -15.31359577178955, 27.88994026184082, -3.7989959716796875, -9.582575798034668, -34.168540954589844, -35.238277435302734], [94.9660873413086, 35.629913330078125, 380.0516052246094, 196.493896484375, 93.78901672363281, 101.05598449707031, 56.70542526245117, 52.830909729003906, -4.130031108856201, -43.36188888549805, -3.8230350017547607, 39.59779357910156, 26.368688583374023], [320.94598388671875, 174.8109588623047, 196.493896484375, 348.5466003417969, 163.05450439453125, 87.94705200195312, 50.51863479614258, 94.15705108642578, 60.26616287231445, -37.08176803588867, -28.271753311157227, 32.24336242675781, 34.88653564453125], [81.43010711669922, 46.92798614501953, 93.78901672363281, 163.05450439453125, 228.341552734375, 114.07365417480469, 77.29033660888672, 110.68748474121094, 102.4843978881836, 27.05436134338379, 11.303427696228027, 44.94715118408203, 47.66197204589844], [99.47128295898438, 25.843963623046875, 101.05598449707031, 87.94705200195312, 114.07365417480469, 258.8414306640625, 203.97080993652344, 126.10052490234375, 81.95268249511719, 58.49303436279297, 43.11412811279297, 27.597200393676758, 40.771846771240234], [30.62373161315918, 11.699525833129883, 56.70542526245117, 50.51863479614258, 77.29033660888672, 203.97080993652344, 264.6214599609375, 160.8175811767578, 89.73580932617188, 72.21476745605469, 57.518577575683594, 46.138336181640625, 43.5317497253418], [38.84563446044922, -15.31359577178955, 52.830909729003906, 94.15705108642578, 110.68748474121094, 126.10052490234375, 160.8175811767578, 197.1312255859375, 133.20835876464844, 55.50123596191406, 41.2093391418457, 66.58609771728516, 59.53554916381836], [40.08681869506836, 27.88994026184082, -4.130031108856201, 60.26616287231445, 102.4843978881836, 81.95268249511719, 89.73580932617188, 133.20835876464844, 178.91368103027344, 86.6396255493164, 35.7900276184082, 45.17411422729492, 49.40910720825195], [-20.758779525756836, -3.7989959716796875, -43.36188888549805, -37.08176803588867, 27.05436134338379, 58.49303436279297, 72.21476745605469, 55.50123596191406, 86.6396255493164, 132.58543395996094, 65.44503784179688, 19.353517532348633, 16.675331115722656], [-45.72773361206055, -9.582575798034668, -3.8230350017547607, -28.271753311157227, 11.303427696228027, 43.11412811279297, 57.518577575683594, 41.2093391418457, 35.7900276184082, 65.44503784179688, 99.40083312988281, 59.40900421142578, 24.150920867919922], [-76.3639907836914, -34.168540954589844, 39.59779357910156, 32.24336242675781, 44.94715118408203, 27.597200393676758, 46.138336181640625, 66.58609771728516, 45.17411422729492, 19.353517532348633, 59.40900421142578, 119.86878967285156, 62.648807525634766], [-66.35214233398438, -35.238277435302734, 26.368688583374023, 34.88653564453125, 47.66197204589844, 40.771846771240234, 43.5317497253418, 59.53554916381836, 49.40910720825195, 16.675331115722656, 24.150920867919922, 62.648807525634766, 81.36056518554688]], "lowlevel.mfcc.icov": [[0.0008880338864400983, -0.0006915901903994381, 0.00015125752543099225, -0.0006151552079245448, 0.00035854088491760194, -0.0005602657329291105, 0.0005318856565281749, -0.0006097825826145709, 0.00018248555716127157, -0.00011599541176110506, 5.0742648454615846e-05, 0.0002262378839077428, 0.0005954678636044264], [-0.0006915901903994381, 0.00250085536390543, 0.0002292637072969228, -0.001175479730591178, -5.564571256400086e-05, 0.0006574176950380206, -0.0012933975085616112, 0.00224117049947381, -0.0013657220406457782, 0.0004651029594242573, -0.0009756687213666737, 0.000297771388432011, 0.0004984552506357431], [0.00015125752543099225, 0.0002292637072969228, 0.004457375966012478, -0.0025320863351225853, 0.00011345968960085884, -0.0018213394796475768, 0.0004515250911936164, -9.346294245915487e-05, 0.0013441465562209487, 0.0007380050956271589, -0.0003386166936252266, -0.0011045909486711025, 0.0005203463952057064], [-0.0006151552079245448, -0.001175479730591178, -0.0025320863351225853, 0.00804700143635273, -0.003391839796677232, 5.136099207447842e-05, 0.0008918966050259769, -0.002429253188893199, 3.412071237107739e-05, 0.0015759555390104651, 0.002239817287772894, -0.0007381862378679216, -0.0008191532106138766], [0.00035854088491760194, -5.564571256400086e-05, 0.00011345968960085884, -0.003391839796677232, 0.009784383699297905, -0.003637837478891015, 0.0025793176610022783, -0.0016700014239177108, -0.0024915270041674376, -0.0005547045730054379, 0.0008289910038001835, -0.0011188441421836615, -0.0001387063239235431], [-0.0005602657329291105, 0.0006574176950380206, -0.0018213394796475768, 5.136099207447842e-05, -0.003637837478891015, 0.013645046390593052, -0.010219627991318703, 0.0029957741498947144, -0.0011046373983845115, 6.323190609691665e-05, -0.0024139853194355965, 0.003908311482518911, -0.0026698976289480925], [0.0005318856565281749, -0.0012933975085616112, 0.0004515250911936164, 0.0008918966050259769, 0.0025793176610022783, -0.010219627991318703, 0.017103826627135277, -0.012005707249045372, 0.004754450172185898, -0.003047938458621502, 0.00016304051678162068, -0.0007920105708763003, 0.0008877904620021582], [-0.0006097825826145709, 0.00224117049947381, -9.346294245915487e-05, -0.002429253188893199, -0.0016700014239177108, 0.0029957741498947144, -0.012005707249045372, 0.024184009060263634, -0.012516082264482975, 0.003971625119447708, -0.0011553377844393253, -0.0027820500545203686, -0.0009786600712686777], [0.00018248555716127157, -0.0013657220406457782, 0.0013441465562209487, 3.412071237107739e-05, -0.0024915270041674376, -0.0011046373983845115, 0.004754450172185898, -0.012516082264482975, 0.019855421036481857, -0.010439246892929077, 0.004078579135239124, -0.0007697278051637113, -0.002801348688080907], [-0.00011599541176110506, 0.0004651029594242573, 0.0007380050956271589, 0.0015759555390104651, -0.0005547045730054379, 6.323190609691665e-05, -0.003047938458621502, 0.003971625119447708, -0.010439246892929077, 0.020363427698612213, -0.012151970528066158, 0.005252786912024021, -6.182472134241834e-05], [5.0742648454615846e-05, -0.0009756687213666737, -0.0003386166936252266, 0.002239817287772894, 0.0008289910038001835, -0.0024139853194355965, 0.00016304051678162068, -0.0011553377844393253, 0.004078579135239124, -0.012151970528066158, 0.026172222569584846, -0.014285