{"song_id": "1182276957564567552", "download": "https://cdn.discordapp.com/attachments/1128313332273782784/1182276957564567552/chirp.mp4?ex=65841c38&amp", "lyrics": "For the second year we are on twich\nour live show is called it's not TV.\n\nWith Mario Daniel and Pendola but Kike isn't there?\nYou can find him hiding behind a tree.\n\nYou can watch us on TV but it's not TV\nwe are live connect twitch to your tv\nbut remember it's not a TV \n\nI'll tell you what I think\nyou tell me what you think\nStrange things happen out there\nEven stranger things happen in here\n\n you can watch us on TV but it's not TV\nwe are live connect twitch to your tv \nbut remember it's not a TV \n\nOne couch, four assholes. \nIt's not the start of a gangbang, it's not TV. like Baldo dog or wolf no one knows what he is. \nbut sure it's not TV.", "style": ["post hardcore</span><span>, math rock</span><span>, swancore"], "essentia_features": {"lowlevel.average_loudness": 0.8978312015533447, "lowlevel.barkbands_crest.mean": 13.932741165161133, "lowlevel.barkbands_crest.stdev": 5.939033508300781, "lowlevel.barkbands_flatness_db.mean": 0.20839299261569977, "lowlevel.barkbands_flatness_db.stdev": 0.09488493949174881, "lowlevel.barkbands_kurtosis.mean": 34.051536560058594, "lowlevel.barkbands_kurtosis.stdev": 65.62307739257812, "lowlevel.barkbands_skewness.mean": 3.248842716217041, "lowlevel.barkbands_skewness.stdev": 3.6982522010803223, "lowlevel.barkbands_spread.mean": 19.62831687927246, "lowlevel.barkbands_spread.stdev": 21.136266708374023, "lowlevel.dissonance.mean": 0.4610588252544403, "lowlevel.dissonance.stdev": 0.03653638809919357, "lowlevel.dynamic_complexity": 3.301483631134033, "lowlevel.erbbands_crest.mean": 10.062746047973633, "lowlevel.erbbands_crest.stdev": 4.426861763000488, "lowlevel.erbbands_flatness_db.mean": 0.1597646325826645, "lowlevel.erbbands_flatness_db.stdev": 0.05229329317808151, "lowlevel.erbbands_kurtosis.mean": 1.8036208152770996, "lowlevel.erbbands_kurtosis.stdev": 4.686928749084473, "lowlevel.erbbands_skewness.mean": 0.23933440446853638, "lowlevel.erbbands_skewness.stdev": 1.260969638824463, "lowlevel.erbbands_spread.mean": 49.407405853271484, "lowlevel.erbbands_spread.stdev": 28.583778381347656, "lowlevel.hfc.mean": 25.030765533447266, "lowlevel.hfc.stdev": 43.78773880004883, "lowlevel.loudness_ebu128.integrated": -13.797588348388672, "lowlevel.loudness_ebu128.loudness_range": 3.5932321548461914, "lowlevel.loudness_ebu128.momentary.mean": -14.565157890319824, "lowlevel.loudness_ebu128.momentary.stdev": 3.03192400932312, "lowlevel.loudness_ebu128.short_term.mean": -14.021567344665527, "lowlevel.loudness_ebu128.short_term.stdev": 1.4180703163146973, "lowlevel.melbands_crest.mean": 20.540145874023438, "lowlevel.melbands_crest.stdev": 8.551542282104492, "lowlevel.melbands_flatness_db.mean": 0.2687250077724457, "lowlevel.melbands_flatness_db.stdev": 0.1256113201379776, "lowlevel.melbands_kurtosis.mean": 84.6247787475586, "lowlevel.melbands_kurtosis.stdev": 145.03834533691406, "lowlevel.melbands_skewness.mean": 5.508366584777832, "lowlevel.melbands_skewness.stdev": 4.896994113922119, "lowlevel.melbands_spread.mean": 25.72568130493164, "lowlevel.melbands_spread.stdev": 39.81070327758789, "lowlevel.pitch_salience.mean": 0.43537843227386475, "lowlevel.pitch_salience.stdev": 0.2016189992427826, "lowlevel.silence_rate_20dB.mean": 1.0, "lowlevel.silence_rate_20dB.stdev": 0.0, "lowlevel.silence_rate_30dB.mean": 0.8486486673355103, "lowlevel.silence_rate_30dB.stdev": 0.3583875000476837, "lowlevel.silence_rate_60dB.mean": 0.1490347534418106, "lowlevel.silence_rate_60dB.stdev": 0.3561232388019562, "lowlevel.spectral_centroid.mean": 1329.1163330078125, "lowlevel.spectral_centroid.stdev": 1271.1064453125, "lowlevel.spectral_complexity.mean": 9.796911239624023, "lowlevel.spectral_complexity.stdev": 9.068686485290527, "lowlevel.spectral_decrease.mean": -1.241638081239671e-08, "lowlevel.spectral_decrease.stdev": 1.7413706032698428e-08, "lowlevel.spectral_energy.mean": 0.04913267865777016, "lowlevel.spectral_energy.stdev": 0.0660502165555954, "lowlevel.spectral_energyband_high.mean": 0.0018370465841144323, "lowlevel.spectral_energyband_high.stdev": 0.0050359428860247135, "lowlevel.spectral_energyband_low.mean": 0.03511786088347435, "lowlevel.spectral_energyband_low.stdev": 0.06394137442111969, "lowlevel.spectral_energyband_middle_high.mean": 0.0030955481342971325, "lowlevel.spectral_energyband_middle_high.stdev": 0.006335767451673746, "lowlevel.spectral_energyband_middle_low.mean": 0.011799236759543419, "lowlevel.spectral_energyband_middle_low.stdev": 0.0156626608222723, "lowlevel.spectral_entropy.mean": 7.492086410522461, "lowlevel.spectral_entropy.stdev": 0.6823078989982605, "lowlevel.spectral_flux.mean": 0.11104728281497955, "lowlevel.spectral_flux.stdev": 0.10034800320863724, "lowlevel.spectral_kurtosis.mean": 4.292342662811279, "lowlevel.spectral_kurtosis.stdev": 3.4836106300354004, "lowlevel.spectral_rms.mean": 0.0056733302772045135, "lowlevel.spectral_rms.stdev": 0.003968328237533569, "lowlevel.spectral_rolloff.mean": 2138.615234375, "lowlevel.spectral_rolloff.stdev": 3361.863037109375, "lowlevel.spectral_skewness.mean": 1.6779664754867554, "lowlevel.spectral_skewness.stdev": 0.7085312008857727, "lowlevel.spectral_spread.mean": 6147228.0, "lowlevel.spectral_spread.stdev": 2443925.25, "lowlevel.spectral_strongpeak.mean": 0.8601451516151428, "lowlevel.spectral_strongpeak.stdev": 1.2075072526931763, "lowlevel.zerocrossingrate.mean": 0.07840175926685333, "lowlevel.zerocrossingrate.stdev": 0.09114734083414078, "metadata.audio_properties.analysis.equal_loudness": 0.0, "metadata.audio_properties.analysis.length": 30.03628158569336, "metadata.audio_properties.analysis.sample_rate": 44100.0, "metadata.audio_properties.analysis.start_time": 0.0, "metadata.audio_properties.bit_rate": 124195.0, "metadata.audio_properties.length": 30.03733253479004, "metadata.audio_properties.lossless": 0.0, "metadata.audio_properties.number_channels": 1.0, "metadata.audio_properties.replay_gain": -12.440954208374023, "metadata.audio_properties.sample_rate": 48000.0, "rhythm.beats_count": 50.0, "rhythm.beats_loudness.mean": 0.05299878492951393, "rhythm.beats_loudness.stdev": 0.061261821538209915, "rhythm.bpm": 104.26060485839844, "rhythm.bpm_histogram_first_peak_bpm": 103.0, "rhythm.bpm_histogram_first_peak_weight": 0.3333333730697632, "rhythm.bpm_histogram_second_peak_bpm": 92.0, "rhythm.bpm_histogram_second_peak_spread": 0.6666666269302368, "rhythm.bpm_histogram_second_peak_weight": 0.08163265138864517, "rhythm.danceability": 1.335090160369873, "rhythm.onset_rate": 5.1899261474609375, "tonal.chords_changes_rate": 0.1280864179134369, "tonal.chords_number_rate": 0.020061727613210678, "tonal.chords_strength.mean": 0.45479366183280945, "tonal.chords_strength.stdev": 0.08257349580526352, "tonal.hpcp_crest.mean": 13.382189750671387, "tonal.hpcp_crest.stdev": 6.711036205291748, "tonal.hpcp_entropy.mean": 2.1158852577209473, "tonal.hpcp_entropy.stdev": 0.8524608016014099, "tonal.key_edma.strength": 0.517350435256958, "tonal.key_krumhansl.strength": 0.5207685828208923, "tonal.key_temperley.strength": 0.5153625011444092, "tonal.tuning_diatonic_strength": 0.437501460313797, "tonal.tuning_equal_tempered_deviation": 0.2339208871126175, "tonal.tuning_frequency": 434.193115234375, "tonal.tuning_nontempered_energy_ratio": 0.9290965795516968, "lowlevel.barkbands.mean": [0.0038832819554954767, 0.02302444353699684, 0.005553096998482943, 0.0067351991310715675, 0.0027070422656834126, 0.0009820107370615005, 0.0005169421783648431, 0.0003810596535913646, 0.00036955621908418834, 0.00043671458843164146, 0.0005545591120608151, 0.000426625570980832, 0.00032299532904289663, 0.0002950282650999725, 0.00019761972362175584, 0.00022230937611311674, 0.0002693445421755314, 0.00017327947716694325, 0.00016449553368147463, 0.00016488027176819742, 0.00018340881797485054, 0.00018875155365094543, 0.00030973655520938337, 0.000556473562028259, 0.00038250727811828256, 0.00012670432624872774, 4.583241661748616e-06], "lowlevel.barkbands.stdev": [0.010103999637067318, 0.044405464082956314, 0.02496802806854248, 0.010436203330755234, 0.005440784152597189, 0.002280430868268013, 0.0016942936927080154, 0.0012253433233126998, 0.0011390427825972438, 0.00148634216748178, 0.0021315410267561674, 0.0012942099710926414, 0.001120466855354607, 0.0008786719408817589, 0.0005972649087198079, 0.0005946133169345558, 0.0005617773858830333, 0.000502280832733959, 0.0005548186018131673, 0.0005213182303123176, 0.0006120998878031969, 0.0005848234868608415, 0.0010318858548998833, 0.001895009190775454, 0.0011994476662948728, 0.0003423342714086175, 2.4553322873543948e-05], "lowlevel.erbbands.mean": [0.9876681566238403, 3.8994457721710205, 6.540920734405518, 14.75015640258789, 20.092060089111328, 4.347067832946777, 5.248887538909912, 8.796468734741211, 6.938395977020264, 8.597797393798828, 8.192708969116211, 8.029200553894043, 11.13000202178955, 17.77879524230957, 23.382780075073242, 15.594307899475098, 14.17810344696045, 15.436543464660645, 12.774897575378418, 10.923084259033203, 12.613222122192383, 15.533008575439453, 10.550007820129395, 7.571506023406982, 8.581823348999023, 7.812160491943359, 8.180352210998535, 6.286645889282227, 6.678735256195068, 7.696455001831055, 8.92810344696045, 10.761112213134766, 9.577194213867188, 5.433166027069092, 2.007615566253662, 0.7148159146308899, 0.20529669523239136, 0.026269424706697464, 0.0006927762879058719, 8.378874917980283e-05], "lowlevel.erbbands.stdev": [2.0680530071258545, 8.37945556640625, 26.74597930908203, 28.877954483032227, 32.168251037597656, 9.172229766845703, 10.615333557128906, 23.062246322631836, 22.197141647338867, 26.0839786529541, 27.18977928161621, 23.889686584472656, 38.223941802978516, 61.7624397277832, 81.27743530273438, 45.272586822509766, 45.0525016784668, 44.77980041503906, 35.695919036865234, 28.18751335144043, 31.211610794067383, 31.560457229614258, 26.320283889770508, 25.8607120513916, 28.32750701904297, 25.404102325439453, 26.69716453552246, 20.615550994873047, 21.07735252380371, 24.880157470703125, 29.73366928100586, 39.427337646484375, 31.47218894958496, 18.02601432800293, 5.656764030456543, 1.9934810400009155, 0.5515908002853394, 0.08799382299184799, 0.002685064682736993, 0.00010624203423503786], "lowlevel.gfcc.mean": [-49.96323776245117, 57.49310302734375, -88.37825775146484, 35.19678497314453, -48.23896789550781, 20.49018096923828, -55.320674896240234, 9.947100639343262, -38.88698196411133, -3.5016157627105713, -19.916027069091797, -3.936800479888916, -11.891138076782227], "lowlevel.melbands.mean": [0.007630936801433563, 0.003911731299012899, 0.0028502338100224733, 0.0008034813799895346, 0.00016340248112101108, 0.0001923403178807348, 0.00010645476868376136, 9.263440733775496e-05, 6.628422124776989e-05, 5.0137114158133045e-05, 5.5607917602173984e-05, 6.984162610024214e-05, 8.010769670363516e-05, 5.514090298675001e-05, 2.931212293333374e-05, 3.348207974340767e-05, 2.8272894269321114e-05, 2.1776413632323965e-05, 1.4941486369934864e-05, 1.4869869119138457e-05, 1.4508646927424707e-05, 1.6561016309424303e-05, 1.3174867490306497e-05, 6.795103672629921e-06, 5.903066721657524e-06, 6.564828709088033e-06, 5.741020231653238e-06, 4.961851573170861e-06, 5.019106083636871e-06, 4.661413640860701e-06, 3.3414210065529915e-06, 3.6870492294838186e-06, 3.81111908609455e-06, 4.512436134973541e-06, 4.764418918057345e-06, 5.9789731494674925e-06, 6.949787348276004e-06, 6.955534900043858e-06, 5.931795840297127e-06, 4.145405455346918e-06], "lowlevel.melbands.stdev": [0.0148494066670537, 0.011613038368523121, 0.004783506039530039, 0.001421394757926464, 0.0003302238183096051, 0.00048400688683614135, 0.00034769417834468186, 0.0002788308775052428, 0.0002317925973329693, 0.00015136193542275578, 0.00019279141270089895, 0.00024548586225137115, 0.00029783850186504424, 0.00017729720275383443, 9.289942681789398e-05, 0.00011685112986015156, 8.496086957165971e-05, 6.402811413863674e-05, 4.540548980003223e-05, 4.1544451960362494e-05, 3.71732676285319e-05, 3.557179661584087e-05, 2.9360497137531638e-05, 2.2773712771595456e-05, 2.1353827833081596e-05, 2.28934677579673e-05, 1.887870894279331e-05, 1.6550522559555247e-05, 1.6322244846378453e-05, 1.561956014484167e-05, 1.1375557733117603e-05, 1.1937791896343697e-05, 1.1975414054177236e-05, 1.5453206287929788e-05, 1.5909525245660916e-05, 2.2459818865172565e-05, 2.579408283054363e-05, 2.234896419395227e-05, 2.212661456724163e-05, 1.3037237295066006e-05], "lowlevel.melbands128.mean": [0.0035402935463935137, 0.009069046005606651, 0.009066890925168991, 0.005544941872358322, 0.003489561378955841, 0.0026226064655929804, 0.0028426533099263906, 0.003580124583095312, 0.002066369168460369, 0.0004721029836218804, 9.934608533512801e-05, 0.00011670817184494808, 0.0001671679929131642, 0.0002360081416554749, 0.00023840824724175036, 0.00014224879851099104, 0.00010441501217428595, 0.00010179537639487535, 0.00010744841711129993, 9.882238373393193e-05, 8.678881567902863e-05, 6.801814743084833e-05, 6.624828529311344e-05, 6.163430225569755e-05, 4.839452594751492e-05, 4.5510270865634084e-05, 5.313099245540798e-05, 5.48517273273319e-05, 5.868442531209439e-05, 6.787128950236365e-05, 6.933701661182567e-05, 8.130692731356248e-05, 8.969727787189186e-05, 7.049808482406661e-05, 7.091476436471567e-05, 4.9099729949375615e-05, 3.08010057779029e-05, 3.1117255275603384e-05, 2.446811595291365e-05, 3.009652027685661e-05, 4.155570422881283e-05, 2.9508786610676907e-05, 2.5760242351680063e-05, 2.9356831873883493e-05, 2.79675550700631e-05, 1.815515679481905e-05, 1.7946829757420346e-05, 1.5095813978405204e-05, 1.338623678748263e-05, 1.4452110008278396e-05, 1.5756839275127277e-05, 1.4320079571916722e-05, 1.456447262171423e-05, 1.4415651094168425e-05, 1.478995181969367e-05, 1.9247494492447004e-05, 1.5088750842551235e-05, 1.4412338714464568e-05, 1.3814971680403687e-05, 8.21219236968318e-06, 6.0217939790163655e-06, 5.751633580075577e-06, 6.054378445696784e-06, 5.5566920309502166e-06, 6.241455139388563e-06, 7.0732703534304164e-06, 6.6299694481131155e-06, 5.555384632316418e-06, 5.5480654737039e-06, 6.047454462532187e-06, 4.598407031153329e-06, 4.689926754508633e-06, 4.969226210960187e-06, 4.785279088537209e-06, 5.398017037805403e-06, 5.75499007027247e-06, 3.688543301905156e-06, 3.1460353966394905e-06, 3.554272780093015e-06, 3.1248248433257686e-06, 3.593334895413136e-06, 4.044894467369886e-06, 3.708188160089776e-06, 3.6644767078541918e-06, 3.910809937224258e-06, 4.343807631812524e-06, 4.745183105114847e-06, 4.960196747560985e-06, 4.237711891619256e-06, 4.73379623144865e-06, 6.681529157503974e-06, 5.681554739567218e-06, 6.1180735428933986e-06, 7.008918601059122e-06, 7.4857616709778085e-06, 7.4466415753704496e-06, 6.618304723815527e-06, 6.64474055156461e-06, 6.024605227139546e-06, 5.874733233213192e-06, 4.537165750662098e-06, 3.940324859286193e-06, 3.5428543014859315e-06, 2.724141268117819e-06, 2.109447677867138e-06, 1.6249661030087736e-06, 1.6347057680832222e-06, 1.4483821360045113e-06, 1.1684562650771113e-06, 1.0296138270859956e-06, 8.98528128345788e-07, 6.893915838190878e-07, 6.691557246085722e-07, 5.217275429458823e-07, 3.557513821306202e-07, 2.686062998691341e-07, 1.4791632452215708e-07, 4.030374256558389e-08, 4.633930128505881e-09, 1.7688868148013626e-09, 1.529440907255264e-09, 4.751816717885049e-10, 1.1609291653003062e-11, 1.0711708429977929e-11, 9.38071322009737e-12, 7.364026922973554e-12, 6.299721161395766e-12, 6.116538265460436e-12], "lowlevel.melbands128.stdev": [0.0092469472438097, 0.020508892834186554, 0.0182991661131382, 0.013587712310254574, 0.014760173857212067, 0.01128965150564909, 0.0063788811676204205, 0.005492572672665119, 0.003815766889601946, 0.0014290702529251575, 0.0003120829351246357, 0.0002774949825834483, 0.0003829894994851202, 0.0005978100234642625, 0.0007061968208290637, 0.0005110314814373851, 0.00043954188004136086, 0.00043867353815585375, 0.00048389233415946364, 0.0003664164978545159, 0.00033661015913821757, 0.00026593267102725804, 0.0003474628319963813, 0.00027048593619838357, 0.00019923874060623348, 0.0001870673440862447, 0.0002592467062640935, 0.000261350825894624, 0.00024292690795846283, 0.00029998747049830854, 0.0003150199190713465, 0.00035918797948397696, 0.00042083836160600185, 0.00030819905805401504, 0.0002644390915520489, 0.0002080326376017183, 0.0001142995388363488, 0.0001304775505559519, 0.00010335893603041768, 0.00012025154137518257, 0.00019844832422677428, 0.00011102468124590814, 0.00011121752322651446, 0.00011687808728311211, 0.00010551133891567588, 6.093033152865246e-05, 8.651947428006679e-05, 6.072719406802207e-05, 4.8777947085909545e-05, 4.551836536847986e-05, 5.425441122497432e-05, 4.49310609837994e-05, 4.4961587263969705e-05, 4.330019510234706e-05, 3.725690839928575e-05, 4.842336420551874e-05, 3.319878669572063e-05, 3.592280700104311e-05, 3.76078714907635e-05, 2.3275930288946256e-05, 2.36764954024693e-05, 2.8969996492378414e-05, 2.785429205687251e-05, 1.9826838979497552e-05, 2.448267514409963e-05, 2.7650254196487367e-05, 2.4470467906212434e-05, 2.169003346352838e-05, 1.9431416149018332e-05, 2.0787199900951236e-05, 2.043232052528765e-05, 1.4481792277365457e-05, 1.670219899096992e-05, 1.7672160538495518e-05, 1.9034363504033536e-05, 2.23496463149786e-05, 1.1340167475282215e-05, 1.2971855539944954e-05, 1.3406935067905579e-05, 1.0570969607215375e-05, 1.2255019100848585e-05, 1.4278435628511943e-05, 1.2392088137858082e-05, 1.238613185705617e-05, 1.2778488780895714e-05, 1.5264897228917107e-05, 1.818588498281315e-05, 1.9824861738015898e-05, 1.4257466318667866e-05, 1.6883568605408072e-05, 2.734414920269046e-05, 2.2285252271103673e-05, 2.530319761717692e-05, 2.827430762408767e-05, 2.7254563974565826e-05, 2.4909684725571424e-05, 2.176680209231563e-05, 2.382627826591488e-05, 2.3195816538645886e-05, 2.6793544748215936e-05, 1.5829180483706295e-05, 1.2197872820252087e-05, 1.1238189472351223e-05, 8.775064998189919e-06, 6.327479241008405e-06, 4.638502559828339e-06, 4.473103672353318e-06, 4.389968125906307e-06, 3.797538738581352e-06, 3.6045137221663026e-06, 2.6342256660427665e-06, 1.9750148112507304e-06, 1.9680453533510445e-06, 1.5694181456638034e-06, 1.1234700423301547e-06, 1.1253177945036441e-06, 7.792957035235304e-07, 2.7536307811715233e-07, 7.910799126875645e-08, 6.312938438668425e-08, 5.456374196910474e-08, 1.6667835112116336e-08, 8.959200048508364e-11, 8.11781822318558e-11, 5.827474613973038e-11, 2.4519842753423227e-11, 1.2455334506833449e-11, 1.2081572721422962e-11], "lowlevel.mfcc.mean": [-704.5150756835938, 95.17036437988281, 18.52682113647461, 18.13497543334961, 26.38431739807129, 1.1165754795074463, 7.596439361572266, -2.3986051082611084, -2.78316593170166, -9.132826805114746, -11.093219757080078, -3.439060688018799, -3.708042860031128], "lowlevel.spectral_contrast_coeffs.mean": [-0.6100467443466187, -0.7571752071380615, -0.7940776348114014, -0.8019406795501709, -0.8030182719230652, -0.7999624013900757], "lowlevel.spectral_contrast_coeffs.stdev": [0.13248023390769958, 0.08541892468929291, 0.06790757924318314, 0.060761407017707825, 0.048758432269096375, 0.03749522194266319], "lowlevel.spectral_contrast_valleys.mean": [-7.7523088455200195, -7.870935916900635, -8.193645477294922, -8.213727951049805, -8.0811767578125, -10.242045402526855], "lowlevel.spectral_contrast_valleys.stdev": [1.3105969429016113, 1.0860604047775269, 1.0959582328796387, 0.9148114323616028, 0.9456304311752319, 1.1892446279525757], "rhythm.beats_loudness_band_ratio.mean": [0.47911182045936584, 0.09001103043556213, 0.06870666146278381, 0.08215750008821487, 0.08030790090560913, 0.23360471427440643], "rhythm.beats_loudness_band_ratio.stdev": [0.3491623103618622, 0.13174070417881012, 0.10172663629055023, 0.11674705892801285, 0.07461049407720566, 0.2866957187652588], "tonal.hpcp.mean": [0.10883820801973343, 0.1005115881562233, 0.060715846717357635, 0.044572990387678146, 0.03958798199892044, 0.04534590244293213, 0.07948391884565353, 0.09597893059253693, 0.06818017363548279, 0.054819196462631226, 0.062015827745199203, 0.07081492245197296, 0.1768868863582611, 0.23480598628520966, 0.13666263222694397, 0.07778121531009674, 0.08233144879341125, 0.09527615457773209, 0.1088910847902298, 0.11450794339179993, 0.11534512788057327, 0.1341620236635208, 0.13564127683639526, 0.13466192781925201, 0.15656545758247375, 0.13710276782512665, 0.10454697906970978, 0.09828940033912659, 0.08065362274646759, 0.0675772950053215, 0.06807652115821838, 0.06302893906831741, 0.06296148151159286, 0.0947076752781868, 0.11147476732730865, 0.09491422772407532], "tonal.hpcp.stdev": [0.24186664819717407, 0.23453596234321594, 0.15922527015209198, 0.13086414337158203, 0.12382617592811584, 0.13455945253372192, 0.19010290503501892, 0.22586196660995483, 0.1697510927915573, 0.13637137413024902, 0.1672617346048355, 0.18145856261253357, 0.28789395093917847, 0.3579116761684418, 0.24302585422992706, 0.1985563337802887, 0.20894844830036163, 0.22687512636184692, 0.2357894480228424, 0.24126487970352173, 0.24707958102226257, 0.27630099654197693, 0.2644459903240204, 0.27235400676727295, 0.2859390676021576, 0.27800166606903076, 0.23107509315013885, 0.23160776495933533, 0.2089608609676361, 0.1804845631122589, 0.1841427981853485, 0.17121624946594238, 0.16919073462486267, 0.2101680338382721, 0.24082428216934204, 0.20966336131095886], "rhythm.beats_position": [0.4992290139198303, 1.0216779708862305, 1.5441269874572754, 2.0897958278656006, 2.6470746994018555, 3.21596360206604, 3.7848525047302246, 4.36535120010376, 4.945850372314453, 5.526349067687988, 6.095238208770752, 6.664126873016357, 7.244625568389893, 7.825124740600586, 8.405623435974121, 8.986122131347656, 9.555010795593262, 10.135510444641113, 10.704399108886719, 11.284897804260254, 11.865396499633789, 12.445895195007324, 13.02639389038086, 13.583673477172852, 14.164172172546387, 14.744670867919922, 15.325169563293457, 15.940498352050781, 16.555828094482422, 17.17115592956543, 17.856143951416016, 18.529523849487305, 19.20290184020996, 19.85306167602539, 20.503219604492188, 21.141767501831055, 21.780317306518555, 22.407255172729492, 23.034194946289062, 23.67274284362793, 24.32290267944336, 24.973060607910156, 25.541950225830078, 26.099227905273438, 26.65650749206543, 27.24861717224121, 27.84072494506836, 28.42122459411621, 29.00172233581543, 29.58222198486328], "rhythm.bpm_histogram": [0.0, 0.0, 0.0, 0.0, 0.0, 0.0, 0.0, 0.0, 0.0, 0.0, 0.0, 0.0, 0.0, 0.0, 0.0, 0.0, 0.0, 0.0, 0.0, 0.0, 0.0, 0.0, 0.0, 0.0, 0.0, 0.0, 0.0, 0.0, 0.0, 0.0, 0.0, 0.0, 0.0, 0.0, 0.0, 0.0, 0.0, 0.0, 0.0, 0.0, 0.0, 0.0, 0.0, 0.0, 0.0, 0.0, 0.0, 0.0, 0.0, 0.0, 0.0, 0.0, 0.0, 0.0, 0.0, 0.0, 0.0, 0.0, 0.0, 0.0, 0.0, 0.0, 0.0, 0.0, 0.0, 0.0, 0.0, 0.0, 0.0, 0.0, 0.0, 0.0, 0.0, 0.0, 0.0, 0.0, 0.0, 0.0, 0.0, 0.0, 0.0, 0.0, 0.0, 0.0, 0.0, 0.0, 0.0, 0.0, 0.020408162847161293, 0.040816325694322586, 0.0, 0.0, 0.08163265138864517, 0.0, 0.06122449040412903, 0.0, 0.040816325694322586, 0.0, 0.06122449040412903, 0.0, 0.0, 0.040816325694322586, 0.0, 0.36734694242477417, 0.0, 0.1428571492433548, 0.0, 0.0, 0.08163265138864517, 0.0, 0.020408162847161293, 0.0, 0.0, 0.0, 0.0, 0.040816325694322586, 0.0, 0.0, 0.0, 0.0, 0.0, 0.0, 0.0, 0.0, 0.0, 0.0, 0.0, 0.0, 0.0, 0.0, 0.0, 0.0, 0.0, 0.0, 0.0, 0.0, 0.0, 0.0, 0.0, 0.0, 0.0, 0.0, 0.0, 0.0, 0.0, 0.0, 0.0, 0.0, 0.0, 0.0, 0.0, 0.0, 0.0, 0.0, 0.0, 0.0, 0.0, 0.0, 0.0, 0.0, 0.0, 0.0, 0.0, 0.0, 0.0, 0.0, 0.0, 0.0, 0.0, 0.0, 0.0, 0.0, 0.0, 0.0, 0.0, 0.0, 0.0, 0.0, 0.0, 0.0, 0.0, 0.0, 0.0, 0.0, 0.0, 0.0, 0.0, 0.0, 0.0, 0.0, 0.0, 0.0, 0.0, 0.0, 0.0, 0.0, 0.0, 0.0, 0.0, 0.0, 0.0, 0.0, 0.0, 0.0, 0.0, 0.0, 0.0, 0.0, 0.0, 0.0, 0.0, 0.0, 0.0, 0.0, 0.0, 0.0, 0.0, 0.0, 0.0, 0.0, 0.0, 0.0, 0.0, 0.0, 0.0, 0.0, 0.0, 0.0, 0.0, 0.0, 0.0, 0.0, 0.0, 0.0, 0.0, 0.0, 0.0, 0.0, 0.0, 0.0, 0.0, 0.0, 0.0, 0.0, 0.0, 0.0, 0.0, 0.0, 0.0, 0.0], "tonal.chords_histogram": [16.975309371948242, 7.870370388031006, 3.2407407760620117, 6.790123462677002, 0.0, 0.0, 1.2345678806304932, 26.080245971679688, 0.7716049551963806, 0.15432098507881165, 0.6172839403152466, 0.0, 0.0, 4.166666507720947, 4.012345790863037, 0.7716049551963806, 0.0, 2.0061728954315186, 0.6172839403152466, 1.3888888359069824, 1.6975308656692505, 0.0, 2.314814805984497, 19.290122985839844], "tonal.thpcp": [1.0, 0.5820236206054688, 0.3312573730945587, 0.3506360650062561, 0.40576544404029846, 0.4637491703033447, 0.4876704514026642, 0.4912358820438385, 0.5713739395141602, 0.5776738524436951, 0.5735029578208923, 0.6667864918708801, 0.5838980674743652, 0.4452483654022217, 0.41859835386276245, 0.34349048137664795, 0.28780055046081543, 0.289926677942276, 0.26842987537384033, 0.26814258098602295, 0.40334439277648926, 0.47475266456604004, 0.40422406792640686, 0.4635239839553833, 0.4280622899532318, 0.2585787773132324, 0.189829021692276, 0.1685986965894699, 0.19312073290348053, 0.3385089039802551, 0.4087584614753723, 0.29036810994148254, 0.23346592485904694, 0.26411518454551697, 0.30158907175064087, 0.7533320784568787], "lowlevel.gfcc.cov": [[7474.31396484375, -291.34356689453125, 137.4829864501953, -30.128236770629883, 23.11774444580078, 291.0307312011719, 375.0779113769531, 530.110595703125, 222.37774658203125, 88.62605285644531, -92.0365982055664, 53.895477294921875, -83.62078094482422], [-291.34356689453125, 3656.9462890625, 301.7616271972656, -500.6557312011719, 706.9945678710938, -4.607459545135498, 338.5093078613281, 36.626338958740234, 148.47361755371094, -101.44178771972656, 215.05923461914062, -185.55450439453125, 135.1334228515625], [137.4829864501953, 301.7616271972656, 1150.4346923828125, 479.7660827636719, 355.1352844238281, 109.83745574951172, 168.3829345703125, 58.321533203125, 127.10896301269531, 52.85039138793945, 63.864620208740234, 91.18771362304688, 26.456783294677734], [-30.128236770629883, -500.6557312011719, 479.7660827636719, 1105.0028076171875, 228.32025146484375, 78.55762481689453, 187.0125274658203, 36.52048873901367, 209.35940551757812, -9.51356315612793, 102.28971099853516, 184.483642578125, 113.91412353515625], [23.11774444580078, 706.9945678710938, 355.1352844238281, 228.32025146484375, 639.1526489257812, 202.14578247070312, 306.21795654296875, 145.6739959716797, 180.49395751953125, 42.69379425048828, 112.9454345703125, 47.43570327758789, 108.39671325683594], [291.0307312011719, -4.607459545135498, 109.83745574951172, 78.55762481689453, 202.14578247070312, 451.5238952636719, 419.8468017578125, 119.51688385009766, 148.31993103027344, 169.2236328125, 125.51788330078125, 48.752262115478516, 60.38798522949219], [375.0779113769531, 338.5093078613281, 168.3829345703125, 187.0125274658203, 306.21795654296875, 419.8468017578125, 776.0778198242188, 183.97384643554688, 242.86671447753906, 216.20167541503906, 227.156005859375, 127.30369567871094, 108.69619750976562], [530.110595703125, 36.626338958740234, 58.321533203125, 36.52048873901367, 145.6739959716797, 119.51688385009766, 183.97384643554688, 242.84988403320312, 134.94784545898438, 57.83869552612305, 46.22351837158203, 20.326797485351562, 27.811676025390625], [222.37774658203125, 148.47361755371094, 127.10896301269531, 209.35940551757812, 180.49395751953125, 148.31993103027344, 242.86671447753906, 134.94784545898438, 292.05902099609375, 134.2694091796875, 113.00147247314453, 48.61936950683594, 83.13057708740234], [88.62605285644531, -101.44178771972656, 52.85039138793945, -9.51356315612793, 42.69379425048828, 169.2236328125, 216.20167541503906, 57.83869552612305, 134.2694091796875, 264.396240234375, 108.11397552490234, 38.1403694152832, 19.90378189086914], [-92.0365982055664, 215.05923461914062, 63.864620208740234, 102.28971099853516, 112.9454345703125, 125.51788330078125, 227.156005859375, 46.22351837158203, 113.00147247314453, 108.11397552490234, 187.123291015625, 58.2835578918457, 65.75479125976562], [53.895477294921875, -185.55450439453125, 91.18771362304688, 184.483642578125, 47.43570327758789, 48.752262115478516, 127.30369567871094, 20.326797485351562, 48.61936950683594, 38.1403694152832, 58.2835578918457, 154.4291534423828, 54.61664581298828], [-83.62078094482422, 135.1334228515625, 26.456783294677734, 113.91412353515625, 108.39671325683594, 60.38798522949219, 108.69619750976562, 27.811676025390625, 83.13057708740234, 19.90378189086914, 65.75479125976562, 54.61664581298828, 119.99036407470703]], "lowlevel.gfcc.icov": [[0.0001748259674059227, -3.3614825952099636e-05, -1.2475837138481438e-05, -1.2790499567927327e-05, 0.00012730048911180347, -9.957743168342859e-05, -2.9370037736953236e-05, -0.0004095952899660915, -5.448408410302363e-05, 1.3291029972606339e-05, 0.0002714402799028903, -0.00016521618817932904, 0.0001932383020175621], [-3.3614825952099636e-05, 0.0008213748806156218, -0.00030525802867487073, 0.0007844041101634502, -0.0008298363536596298, 0.0008050266187638044, -0.0006364351720549166, 0.0007659100228920579, -0.0006200240459293127, 0.0010385009227320552, -0.001157235587015748, 0.0012379636755213141, -0.0005543528241105378], [-1.2475837138481438e-05, -0.00030525802867487073, 0.0014073289930820465, -0.0007750940858386457, -0.0004428030224516988, -0.00029795814771205187, 0.0003303027187939733, -0.0001227463799295947, 0.0002843326365109533, -0.0007216254598461092, 0.0005037292139604688, -0.0007601077086292207, 0.0010324909817427397], [-1.2790499567927327e-05, 0.0007844041101634502, -0.0007750940858386457, 0.002376801334321499, -0.0007508274866268039, 0.0006439706776291132, -0.000524876406416297, 0.0012150797992944717, -0.0019727922044694424, 0.002027908805757761, -0.0012644389644265175, -0.0003424194292165339, -0.0005506665911525488], [0.00012730048911180347, -0.0008298363536596298, -0.0004428030224516988, -0.0007508274866268039, 0.0037242339458316565, -0.0012675219913944602, 0.00014834466855973005, -0.0017209978541359305, 0.00013590163143817335, -0.00013149177539162338, 0.0009258438949473202, -0.0005425384733825922, -0.0009610032429918647], [-9.957743168342859e-05, 0.0008050266187638044, -0.00029795814771205187, 0.0006439706776291132, -0.0012675219913944602, 0.005807137582451105, -0.0029004558455199003, 0.0004545226402115077, -1.9309622075525112e-05, -0.000711892731487751, -0.0007805062923580408, 0.0022043033968657255, -0.0012212713481858373], [-2.9370037736953236e-05, -0.0006364351720549166, 0.0003303027187939733, -0.000524876406416297, 0.00014834466855973005, -0.0029004558455199003, 0.00435105012729764, -0.0012304398696869612, 3.8140286051202565e-05, -0.0010295623214915395, -0.0011326733510941267, -0.0024439357221126556, 0.000668638851493597], [-0.0004095952899660915, 0.0007659100228920579, -0.0001227463799295947, 0.0012150797992944717, -0.0017209978541359305, 0.0004545226402115077, -0.0012304398696869612, 0.008058084174990654, -0.0035186640452593565, 0.0016587800346314907, -0.0007274780655279756, 0.0008243070333264768, 0.00048443052219226956], [-5.448408410302363e-05, -0.0006200240459293127, 0.0002843326365109533, -0.0019727922044694424, 0.00013590163143817335, -1.9309622075525112e-05, 3.8140286051202565e-05, -0.0035186640452593565, 0.009213765151798725, -0.0042412360198795795, 4.7857498429948464e-05, 0.0010674754157662392, -0.0030535149853676558], [1.3291029972606339e-05, 0.0010385009227320552, -0.0007216254598461092, 0.002027908805757761, -0.00013149177539162338, -0.000711892731487751, -0.0010295623214915395, 0.0016587800346314907, -0.0042412360198795795, 0.008941845037043095, -0.0038708883803337812, 0.00016391996177844703, 0.0016005891375243664], [0.0002714402799028903, -0.001157235587015748, 0.0005037292139604688, -0.0012644389644265175, 0.0009258438949473202, -0.0007805062923580408, -0.0011326733510941267, -0.0007274780655279756, 4.7857498429948464e-05, -0.0038708883803337812, 0.012425318360328674, -0.002401751698926091, -0.0017740390030667186], [-0.00016521618817932904, 0.0012379636755213141, -0.0007601077086292207, -0.0003424194292165339, -0.0005425384733825922, 0.0022043033968657255, -0.0024439357221126556, 0.0008243070333264768, 0.0010674754157662392, 0.00016391996177844703, -0.002401751698926091, 0.012459968216717243, -0.0047351280227303505], [0.0001932383020175621, -0.0005543528241105378, 0.0010324909817427397, -0.0005506665911525488, -0.0009610032429918647, -0.0012212713481858373, 0.000668638851493597, 0.00048443052219226956, -0.0030535149853676558, 0.0016005891375243664, -0.0017740390030667186, -0.0047351280227303505, 0.01513039879500866]], "lowlevel.mfcc.cov": [[7361.61376953125, -497.38775634765625, -103.58393096923828, -193.52613830566406, -216.93348693847656, -85.62722778320312, 142.88133239746094, 362.0180358886719, 334.0688171386719, 257.2404479980469, 225.2454071044922, 123.06784057617188, 60.45907974243164], [-497.38775634765625, 3801.797119140625, -201.7029266357422, -309.10302734375, 231.01963806152344, -42.66438293457031, 344.3728942871094, -13.967494010925293, 164.27224731445312, 25.9017333984375, 168.0258331298828, 44.75425338745117, 13.612227439880371], [-103.58393096923828, -201.7029266357422, 813.7140502929688, 407.44439697265625, 149.68331909179688, 197.72789001464844, 35.456214904785156, 109.50829315185547, 20.575946807861328, 41.34880828857422, 4.681093692779541, 116.6550521850586, 61.389888763427734], [-193.52613830566406, -309.10302734375, 407.44439697265625, 853.0750732421875, 264.1501159667969, 208.39634704589844, 16.458646774291992, 241.71084594726562, 48.79631805419922, 34.52388000488281, -49.94099044799805, 131.60354614257812, 90.80619812011719], [-216.93348693847656, 231.01963806152344, 149.68331909179688, 264.1501159667969, 479.5966491699219, 16.634342193603516, -11.236515045166016, 58.4576416015625, 62.52130126953125, -1.9345229864120483, -38.36518478393555, 18.843021392822266, -19.41981315612793], [-85.62722778320312, -42.66438293457031, 197.72789001464844, 208.39634704589844, 16.634342193603516, 521.0601806640625, 264.2062072753906, 197.2112579345703, 134.18995666503906, 199.8865966796875, 157.833984375, 138.6311492919922, 144.09938049316406], [142.88133239746094, 344.3728942871094, 35.456214904785156, 16.458646774291992, -11.236515045166016, 264.2062072753906, 399.0706481933594, 196.73573303222656, 139.4884490966797, 151.8161163330078, 174.73300170898438, 106.40885925292969, 94.66798400878906], [362.0180358886719, -13.967494010925293, 109.50829315185547, 241.71084594726562, 58.4576416015625, 197.2112579345703, 196.73573303222656, 350.64788818359375, 154.3626251220703, 126.10069274902344, 79.8154067993164, 114.4787368774414, 89.1333236694336], [334.0688171386719, 164.27224731445312, 20.575946807861328, 48.79631805419922, 62.52130126953125, 134.18995666503906, 139.4884490966797, 154.3626251220703, 226.06039428710938, 161.12425231933594, 114.21231079101562, 66.27102661132812, 67.46685791015625], [257.2404479980469, 25.9017333984375, 41.34880828857422, 34.52388000488281, -1.9345229864120483, 199.8865966796875, 151.8161163330078, 126.10069274902344, 161.12425231933594, 324.2061767578125, 198.52883911132812, 99.04606628417969, 108.15762329101562], [225.2454071044922, 168.0258331298828, 4.681093692779541, -49.94099044799805, -38.36518478393555, 157.833984375, 174.73300170898438, 79.8154067993164, 114.21231079101562, 198.52883911132812, 239.02549743652344, 88.51380157470703, 71.88353729248047], [123.06784057617188, 44.75425338745117, 116.6550521850586, 131.60354614257812, 18.843021392822266, 138.6311492919922, 106.40885925292969, 114.4787368774414, 66.27102661132812, 99.04606628417969, 88.51380157470703, 158.92221069335938, 100.18972778320312], [60.45907974243164, 13.612227439880371, 61.389888763427734, 90.80619812011719, -19.41981315612793, 144.09938049316406, 94.66798400878906, 89.1333236694336, 67.46685791015625, 108.15762329101562, 71.88353729248047, 100.18972778320312, 164.16787719726562]], "lowlevel.mfcc.icov": [[0.00016730256902519614, 3.5484423278830945e-05, -1.5051778063934762e-05, 6.774597568437457e-05, 7.397901936201379e-05, 0.00016201430116780102, 3.427935007493943e-05, -0.00019255671941209584, -0.0002351183065911755, 8.736814379517455e-06, -9.53309063334018e-05, -0.00010628436575643718, 5.239708843873814e-05], [3.5484423278830945e-05, 0.0003579785116016865, 4.049660128657706e-05, 0.0001264893071493134, -0.00025285803712904453, 0.00022363442985806614, -0.0004336187266744673, 0.00018438213737681508, -0.00027420299011282623, 0.00023088094894774258, -0.00017286419461015612, -0.00015894477837719023, -7.085644756443799e-05], [-1.5051778063934762e-05, 4.049660128657706e-05, 0.0017697492148727179, -0.0006224735407158732, -0.00021763567929156125, -0.00048496248200535774, 7.495481258956715e-05, 0.0002639485173858702, 0.0001943214883795008, 3.395382736925967e-05, 8.959997649071738e-05, -0.000932126771658659, 0.0003255117335356772], [6.774597568437457e-05, 0.0001264893071493134, -0.0006224735407158732, 0.0026555689983069897, -0.0010507784318178892, -0.0005475477664731443, 0.0007730192737653852, -0.0016599918017163873, 0.0005592734087258577, 3.0039469493203796e-05, 0.0007983914110809565, -0.0009408539044670761, -0.0004847424861509353], [7.397901936201379e-05, -0.00025285803712904453, -0.00021763567929156125, -0.0010507784318178892, 0.003134746104478836, 0.00018035121320281178, 0.00013193671475164592, 0.000326434092130512, -0.0014387498376891017, -0.00018148658273275942, 0.0006257318309508264, -0.00017481199756730348, 0.001159057836048305], [0.00016201430116780102, 0.00022363442985806614, -0.00048496248200535774, -0.0005475477664731443, 0.00018035121320281178, 0.00433595385402441, -0.0020807418040931225, -4.5428561861626804e-05, -0.0003399515408091247, -0.0008130224887281656, -0.00048125346074812114, -6.658824713667855e-05, -0.0012273300671949983], [3.427935007493943e-05, -0.0004336187266744673, 7.495481258956715e-05, 0.0007730192737653852, 0.00013193671475164592, -0.0020807418040931225, 0.006442479323595762, -0.0026725593488663435, -0.0001514004688942805, 0.0010513198794797063, -0.002665755106136203, -0.00015580245235469192, -0.00022241288388613611], [-0.00019255671941209584, 0.00018438213737681508, 0.0002639485173858702, -0.0016599918017163873, 0.000326434092130512, -4.5428561861626804e-05, -0.0026725593488663435, 0.0071213808842003345, -0.0029879005160182714, -0.00026466441340744495, 0.0015319902449846268, -0.0017880350351333618, 0.0004509548016358167], [-0.0002351183065911755, -0.00027420299011282623, 0.0001943214883795008, 0.0005592734087258577, -0.0014387498376891017, -0.0003399515408091247, -0.0001514004688942805, -0.0029879005160182714, 0.010047558695077896, -0.002933523850515485, -0.0008556069224141538, 0.0010584094561636448, -0.0009027246851474047], [8.736814379517455e-06, 0.00023088094894774258, 3.395382736925967e-05, 3.0039469493203796e-05, -0.00018148658273275942, -0.0008130224887281656, 0.0010513198794797063, -0.00026466441340744495, -0.002933523850515485, 0.008647385984659195, -0.005632731597870588, 0.00037636482738889754, -0.002076897071674466], [-9.53309063334018e-05, -0.00017286419461015612, 8.959997649071738e-05, 0.0007983914110809565, 0.0006257318309508264, -0.00048125346074812114, -0.002665755106136203, 0.0015319902449846268, -0.0008556069224141538, -0.005632731597870588, 0.012350942008197308, -0.0036249845288693905, 0.0016430270625278354], [-0.00010628436575643718, -0.00015894477837719023, -0.000932126771658659, -0.0009408539044670761, -0.00017481199756730348, -6.658824713667855e-05, -0.00015580245235469192, -0.0017880350351333618, 0.0010584094561636448, 0.00037636482738889754, -0.0036249845288693905, 0.014390099793672562, -0.005858066026121378], [5.239708843873814e-05, -7.085644756443799e-05, 0.0003255117335356772, -0.0004847424861509353, 0.001159057836048305, -0.0012273300671949983, -0.00022241288388613611, 0.0004509548016358167, -0.0009027246851474047, -0.002076897071674466, 0.0016430270625278354, -0.005858066026121378, 0.01191710215061903]], "metadata.audio_properties.analysis.downmix": "mix", "metadata.audio_properties.codec": "mp3", "metadata.audio_properties.md5_encoded": "4c0871ab2ea40bd9926ead3704ccbf73", "metadata.tags.file_name": "118