{"song_id": "1182265360490172426", "download": "https://cdn.discordapp.com/attachments/1135911532732108921/1182265360490172426/chirp.mp4?ex=6584116b&amp", "lyrics": "[Verse]\nRic walked in that office, with a heart full of hope\nMet his client at FWD insurance, it was hard to cope\nThe lack of organization, got him feeling low\nNow he's frustrated, lost in the unknown\n\n[Chorus]\nOh Ric, don't let it bring you down\nKeep fighting, turn that frown around\nHold on tight, don't let them steal your glow\nRic, show 'em what you know", "style": ["country"], "essentia_features": {"lowlevel.average_loudness": 0.8920862674713135, "lowlevel.barkbands_crest.mean": 11.495781898498535, "lowlevel.barkbands_crest.stdev": 4.348440647125244, "lowlevel.barkbands_flatness_db.mean": 0.2180861234664917, "lowlevel.barkbands_flatness_db.stdev": 0.0558590367436409, "lowlevel.barkbands_kurtosis.mean": 8.997926712036133, "lowlevel.barkbands_kurtosis.stdev": 22.276586532592773, "lowlevel.barkbands_skewness.mean": 1.446651577949524, "lowlevel.barkbands_skewness.stdev": 2.1500349044799805, "lowlevel.barkbands_spread.mean": 18.96769905090332, "lowlevel.barkbands_spread.stdev": 16.095848083496094, "lowlevel.dissonance.mean": 0.4418695867061615, "lowlevel.dissonance.stdev": 0.048849109560251236, "lowlevel.dynamic_complexity": 5.4494428634643555, "lowlevel.erbbands_crest.mean": 11.7247953414917, "lowlevel.erbbands_crest.stdev": 5.203568458557129, "lowlevel.erbbands_flatness_db.mean": 0.23390480875968933, "lowlevel.erbbands_flatness_db.stdev": 0.05896767973899841, "lowlevel.erbbands_kurtosis.mean": 2.347641944885254, "lowlevel.erbbands_kurtosis.stdev": 4.198940753936768, "lowlevel.erbbands_skewness.mean": 0.43962523341178894, "lowlevel.erbbands_skewness.stdev": 1.1773681640625, "lowlevel.erbbands_spread.mean": 33.84549331665039, "lowlevel.erbbands_spread.stdev": 22.688695907592773, "lowlevel.hfc.mean": 18.864429473876953, "lowlevel.hfc.stdev": 20.213369369506836, "lowlevel.loudness_ebu128.integrated": -16.707618713378906, "lowlevel.loudness_ebu128.loudness_range": 4.998542785644531, "lowlevel.loudness_ebu128.momentary.mean": -19.042282104492188, "lowlevel.loudness_ebu128.momentary.stdev": 5.288046360015869, "lowlevel.loudness_ebu128.short_term.mean": -17.736709594726562, "lowlevel.loudness_ebu128.short_term.stdev": 2.356142520904541, "lowlevel.melbands_crest.mean": 14.63131332397461, "lowlevel.melbands_crest.stdev": 5.591724872589111, "lowlevel.melbands_flatness_db.mean": 0.2205972671508789, "lowlevel.melbands_flatness_db.stdev": 0.08349794894456863, "lowlevel.melbands_kurtosis.mean": 21.10744857788086, "lowlevel.melbands_kurtosis.stdev": 49.59608459472656, "lowlevel.melbands_skewness.mean": 2.458894968032837, "lowlevel.melbands_skewness.stdev": 2.5845940113067627, "lowlevel.melbands_spread.mean": 31.080936431884766, "lowlevel.melbands_spread.stdev": 38.12356948852539, "lowlevel.pitch_salience.mean": 0.5519213676452637, "lowlevel.pitch_salience.stdev": 0.13497938215732574, "lowlevel.silence_rate_20dB.mean": 1.0, "lowlevel.silence_rate_20dB.stdev": 0.0, "lowlevel.silence_rate_30dB.mean": 0.9988399147987366, "lowlevel.silence_rate_30dB.stdev": 0.03403991460800171, "lowlevel.silence_rate_60dB.mean": 0.2163573056459427, "lowlevel.silence_rate_60dB.stdev": 0.41176313161849976, "lowlevel.spectral_centroid.mean": 1490.2672119140625, "lowlevel.spectral_centroid.stdev": 1074.4847412109375, "lowlevel.spectral_complexity.mean": 10.81496524810791, "lowlevel.spectral_complexity.stdev": 7.3332953453063965, "lowlevel.spectral_decrease.mean": -4.998637948006035e-09, "lowlevel.spectral_decrease.stdev": 4.853147217431797e-09, "lowlevel.spectral_energy.mean": 0.02057708241045475, "lowlevel.spectral_energy.stdev": 0.019702527672052383, "lowlevel.spectral_energyband_high.mean": 0.00051962147699669, "lowlevel.spectral_energyband_high.stdev": 0.0014073827769607306, "lowlevel.spectral_energyband_low.mean": 0.005073111038655043, "lowlevel.spectral_energyband_low.stdev": 0.008197033777832985, "lowlevel.spectral_energyband_middle_high.mean": 0.007139986380934715, "lowlevel.spectral_energyband_middle_high.stdev": 0.010298211127519608, "lowlevel.spectral_energyband_middle_low.mean": 0.00818493403494358, "lowlevel.spectral_energyband_middle_low.stdev": 0.010365670546889305, "lowlevel.spectral_entropy.mean": 7.2548909187316895, "lowlevel.spectral_entropy.stdev": 0.5292064547538757, "lowlevel.spectral_flux.mean": 0.06725342571735382, "lowlevel.spectral_flux.stdev": 0.05375462770462036, "lowlevel.spectral_kurtosis.mean": 4.201302528381348, "lowlevel.spectral_kurtosis.stdev": 3.4104785919189453, "lowlevel.spectral_rms.mean": 0.0038752020336687565, "lowlevel.spectral_rms.stdev": 0.0022490096744149923, "lowlevel.spectral_rolloff.mean": 2099.951904296875, "lowlevel.spectral_rolloff.stdev": 2339.455810546875, "lowlevel.spectral_skewness.mean": 1.520747423171997, "lowlevel.spectral_skewness.stdev": 0.6572030782699585, "lowlevel.spectral_spread.mean": 4168534.5, "lowlevel.spectral_spread.stdev": 1261737.25, "lowlevel.spectral_strongpeak.mean": 1.5225483179092407, "lowlevel.spectral_strongpeak.stdev": 1.856345295906067, "lowlevel.zerocrossingrate.mean": 0.07779674232006073, "lowlevel.zerocrossingrate.stdev": 0.06887707114219666, "metadata.audio_properties.analysis.equal_loudness": 0.0, "metadata.audio_properties.analysis.length": 39.999977111816406, "metadata.audio_properties.analysis.sample_rate": 44100.0, "metadata.audio_properties.analysis.start_time": 0.0, "metadata.audio_properties.bit_rate": 92173.0, "metadata.audio_properties.length": 40.0, "metadata.audio_properties.lossless": 0.0, "metadata.audio_properties.number_channels": 1.0, "metadata.audio_properties.replay_gain": -10.779151916503906, "metadata.audio_properties.sample_rate": 48000.0, "rhythm.beats_count": 89.0, "rhythm.beats_loudness.mean": 0.03173350170254707, "rhythm.beats_loudness.stdev": 0.0227209385484457, "rhythm.bpm": 135.5762176513672, "rhythm.bpm_histogram_first_peak_bpm": 136.0, "rhythm.bpm_histogram_first_peak_weight": 0.384615421295166, "rhythm.bpm_histogram_second_peak_bpm": 129.0, "rhythm.bpm_histogram_second_peak_spread": 0.444444477558136, "rhythm.bpm_histogram_second_peak_weight": 0.05681818351149559, "rhythm.danceability": 1.0938303470611572, "rhythm.onset_rate": 3.1484577655792236, "tonal.chords_changes_rate": 0.06604866683483124, "tonal.chords_number_rate": 0.01390498224645853, "tonal.chords_strength.mean": 0.5048448443412781, "tonal.chords_strength.stdev": 0.09192182123661041, "tonal.hpcp_crest.mean": 14.511434555053711, "tonal.hpcp_crest.stdev": 6.389678955078125, "tonal.hpcp_entropy.mean": 1.8354820013046265, "tonal.hpcp_entropy.stdev": 0.7697381973266602, "tonal.key_edma.strength": 0.6787800192832947, "tonal.key_krumhansl.strength": 0.6914991736412048, "tonal.key_temperley.strength": 0.689466655254364, "tonal.tuning_diatonic_strength": 0.5972533226013184, "tonal.tuning_equal_tempered_deviation": 0.07535845786333084, "tonal.tuning_frequency": 441.5275573730469, "tonal.tuning_nontempered_energy_ratio": 0.719388484954834, "lowlevel.barkbands.mean": [2.164552097383421e-05, 0.002280563348904252, 0.002498171990737319, 0.0005452847108244896, 0.0007436785381287336, 0.0007109439466148615, 0.0018577197333797812, 0.0016797599382698536, 0.0024645691737532616, 0.0009243293898180127, 0.0011615909170359373, 0.001818957389332354, 0.000923556974157691, 0.0006999291363172233, 0.0003972086706198752, 0.0003075790300499648, 0.0004764721088577062, 0.0002558184787631035, 0.00024312346067745239, 7.054007437545806e-05, 3.8568206946365535e-05, 0.00017007411224767566, 3.0302853701869026e-05, 0.0002312140422873199, 2.548520569689572e-05, 3.127119674317669e-09, 9.83877312954462e-10], "lowlevel.barkbands.stdev": [6.246189877856523e-05, 0.004590469878166914, 0.004238789901137352, 0.0011637264396995306, 0.001199671532958746, 0.0021907812915742397, 0.005301849916577339, 0.004555835854262114, 0.005928089376538992, 0.0032841202337294817, 0.003467035247012973, 0.00593153852969408, 0.0028650122694671154, 0.00226062024012208, 0.0013013459974899888, 0.0011308154789730906, 0.001329010003246367, 0.0005658211885020137, 0.0005040641990490258, 0.0001779943995643407, 0.00015528654330410063, 0.0005804391694255173, 0.00011035842180717736, 0.0006431975634768605, 0.00010329797805752605, 7.316251782185645e-08, 6.670966001820489e-09], "lowlevel.erbbands.mean": [0.04002773016691208, 0.6238551735877991, 2.65103816986084, 2.3725244998931885, 2.202789068222046, 2.7194292545318604, 2.635087013244629, 7.9153876304626465, 20.190031051635742, 38.0776252746582, 35.8702278137207, 50.97543716430664, 39.61137390136719, 39.93307876586914, 50.67040252685547, 70.78604125976562, 44.73748779296875, 38.79426956176758, 27.672286987304688, 17.3414249420166, 18.42491912841797, 27.04132080078125, 16.057167053222656, 12.856378555297852, 10.116348266601562, 3.1867289543151855, 1.7472978830337524, 2.1973659992218018, 7.601932525634766, 2.0780138969421387, 0.9224789142608643, 3.6030972003936768, 4.190554618835449, 0.6836790442466736, 0.025076525285840034, 0.001077893190085888, 0.0001239647390320897, 2.3912680262583308e-05, 1.6184714695555158e-05, 2.615772064018529e-05], "lowlevel.erbbands.stdev": [0.08362448960542679, 1.2335195541381836, 4.321591377258301, 4.16995096206665, 3.8276431560516357, 5.5101752281188965, 4.966705322265625, 23.53175926208496, 70.5408706665039, 104.48526763916016, 86.63582611083984, 137.7960662841797, 99.59480285644531, 118.08999633789062, 135.97772216796875, 233.9542694091797, 132.69677734375, 121.07339477539062, 80.62492370605469, 48.85736083984375, 65.73262786865234, 72.03359985351562, 34.204383850097656, 28.036457061767578, 24.206546783447266, 7.597619533538818, 7.173813819885254, 7.026904582977295, 25.18057632446289, 8.388421058654785, 3.1471617221832275, 9.702835083007812, 12.683178901672363, 2.548269271850586, 0.09507002681493759, 0.0036492841318249702, 0.00037452555261552334, 6.606460374314338e-05, 1.854299262049608e-05, 2.382684215262998e-05], "lowlevel.gfcc.mean": [-95.44551086425781, 101.44873046875, -154.73622131347656, 38.432682037353516, -85.0704574584961, 17.895038604736328, -44.41908645629883, -3.9069387912750244, -7.683284282684326, -22.51943588256836, 10.977132797241211, -22.205575942993164, -6.2039995193481445], "lowlevel.melbands.mean": [0.0005022311815991998, 0.0011726630618795753, 0.00042183298501186073, 0.00017259010928682983, 9.830329508986324e-05, 0.00017593070515431464, 0.0003258485230617225, 0.00042074095108546317, 0.00029533921042457223, 0.00033932350925169885, 0.00019509017874952406, 0.00015778327360749245, 0.00015456268738489598, 0.0002117326221195981, 0.00014026770077180117, 8.944032742874697e-05, 6.732250039931387e-05, 4.685193198383786e-05, 2.7271209546597674e-05, 2.188394319091458e-05, 2.0680645320680924e-05, 2.936862983915489e-05, 2.0379337001941167e-05, 1.0613865924824495e-05, 1.0395404387963936e-05, 8.812281521386467e-06, 4.401035312184831e-06, 1.5591618875987479e-06, 1.218175157191581e-06, 7.638585657332442e-07, 1.2828438684664434e-06, 4.830351372220321e-06, 2.6589671051624464e-06, 6.102566771915008e-07, 3.5007823839805496e-07, 9.138993846136145e-07, 2.8090255455026636e-06, 3.74879346054513e-06, 1.2452221653802553e-06, 3.0644019943792955e-07], "lowlevel.melbands.stdev": [0.0010090307332575321, 0.001893545500934124, 0.0006943151238374412, 0.00028750800993293524, 0.00016393853002227843, 0.0005190585507079959, 0.0010347760980948806, 0.001133300014771521, 0.0007753389654681087, 0.0009153112187050283, 0.0005160802393220365, 0.00048539359704591334, 0.0004289706121198833, 0.0007605490391142666, 0.0004347126523498446, 0.00026263302424922585, 0.0002267027011839673, 0.00014701417239848524, 9.406847675563768e-05, 7.684236334171146e-05, 7.768698560539633e-05, 8.456388604827225e-05, 5.079321999801323e-05, 2.3166174287325703e-05, 2.4896959075704217e-05, 2.2088275727583095e-05, 9.806012712942902e-06, 4.707427251560148e-06, 5.392895673139719e-06, 3.285634193161968e-06, 4.143774276599288e-06, 1.5301717212423682e-05, 1.077618890121812e-05, 2.6194932161160978e-06, 1.3148601283319294e-06, 3.356454499225947e-06, 7.122312126739416e-06, 1.1078112038376275e-05, 4.575399088935228e-06, 1.288149746869749e-06], "lowlevel.melbands128.mean": [1.7052647308446467e-05, 0.00020919372036587447, 0.000673901115078479, 0.0011179596185684204, 0.0014149581547826529, 0.001149997697211802, 0.0004698459815699607, 0.0002699374163057655, 0.00021745312551502138, 0.0001609832252142951, 0.00016553151363041252, 9.479941218160093e-05, 7.288434426300228e-05, 0.00010092469892697409, 0.000175981578649953, 0.00018661619105841964, 0.00029638479463756084, 0.0003221615916118026, 0.0004027093236800283, 0.00045590492663905025, 0.00044661725405603647, 0.00029037962667644024, 0.00025074498262256384, 0.00035068931174464524, 0.0002688474196474999, 0.00042165134800598025, 0.0002984789025504142, 0.00011241892207181081, 0.00018205030937679112, 0.00012529524974524975, 0.00017087579180952162, 0.000182809671969153, 0.00012262232485227287, 0.0001537063653813675, 0.0002218244771938771, 0.00024136404681485146, 0.00016879379109013826, 0.00016276144015137106, 0.00010406686487840489, 7.425497460644692e-05, 8.853073086356744e-05, 0.00010637506056809798, 6.971687253098935e-05, 4.2774136090883985e-05, 5.936752131674439e-05, 4.754227484227158e-05, 3.509846283122897e-05, 2.8922027922817506e-05, 2.3702374164713547e-05, 1.8318702132091857e-05, 2.2027839804650284e-05, 2.6345820515416563e-05, 1.7034368283930235e-05, 2.0545043298625387e-05, 2.3520011382061057e-05, 3.445356196607463e-05, 3.0079385396675207e-05, 2.2502006686409004e-05, 1.894043634820264e-05, 1.2500981938501354e-05, 9.136640073847957e-06, 8.901524779503234e-06, 1.2456305739760865e-05, 1.0235592526441906e-05, 8.468362466373947e-06, 8.943852662923746e-06, 1.006773436529329e-05, 4.722043740912341e-06, 3.88440730603179e-06, 2.326395815543947e-06, 1.1959566563746193e-06, 1.3920068795414409e-06, 1.4696896641908097e-06, 1.3131628975315834e-06, 7.282781666617666e-07, 7.372132699856593e-07, 7.560297490272205e-07, 8.373153832508251e-07, 1.083887582353782e-06, 1.6125407000799896e-06, 4.877876563114114e-06, 6.712558388244361e-06, 4.054764758620877e-06, 2.4164874048437923e-06, 1.2219616110087372e-06, 6.670559855592728e-07, 4.4098271700931946e-07, 3.3452744219175656e-07, 2.9632482778652047e-07, 3.166937005971704e-07, 7.678050906179124e-07, 8.278254881588509e-07, 1.5633260090908152e-06, 2.6239365524816094e-06, 3.707705900524161e-06, 4.364073447504779e-06, 4.24622476202785e-06, 2.2181043277669232e-06, 1.0568148809397826e-06, 8.910887459023797e-07, 5.54189512058656e-07, 1.9166830611538899e-07, 9.518864807489535e-09, 6.062287893904283e-10, 5.021824969753119e-11, 4.1204969991603946e-11, 4.2399996708075705e-11, 3.541341178636692e-11, 2.620073429049352e-11, 1.7316774750253394e-11, 1.75745147601436e-11, 1.5952707904665075e-11, 1.6805518782136986e-11, 1.4946177975816433e-11, 1.504523415574166e-11, 1.2372484113620796e-11, 7.78207619872573e-12, 5.945572593285542e-12, 5.0052054514915234e-12, 4.324043727244042e-12, 3.909946585251012e-12, 3.454248822740147e-12, 3.1420452177577385e-12, 3.0814797328387877e-12, 2.9958236412441774e-12, 2.891857109679763e-12, 2.8292236175370133e-12, 2.8080688815879107e-12], "lowlevel.melbands128.stdev": [5.513563155545853e-05, 0.0005187176866456866, 0.0014988079201430082, 0.0023971840273588896, 0.0023602850269526243, 0.002001294633373618, 0.0008911284967325628, 0.0005548471235670149, 0.000439039955381304, 0.0003575935261324048, 0.0004040067142341286, 0.0002023167908191681, 0.0001535430201329291, 0.0003498685546219349, 0.0005624216864816844, 0.0008700245525687933, 0.0012997695012018085, 0.0014429923612624407, 0.001283031771890819, 0.0016742581501603127, 0.0015264891553670168, 0.0009549847454763949, 0.0010049835545942187, 0.0014102377463132143, 0.000995438196696341, 0.001565623446367681, 0.0010333191603422165, 0.0004753387765958905, 0.0009220923529937863, 0.0005681003676727414, 0.0007496420876123011, 0.0007568306173197925, 0.0005588260828517377, 0.0006624688394367695, 0.0010066938120871782, 0.0011938258539885283, 0.0008583879680372775, 0.0006275625783018768, 0.0005114183877594769, 0.0004072129086125642, 0.00032458751229569316, 0.0004311001393944025, 0.0003862163284793496, 0.00018838417599909008, 0.0002600463049020618, 0.00018744591216091067, 0.00016700140258762985, 0.00015016413817647845, 0.00011205639020772651, 7.231796917039901e-05, 9.108880476560444e-05, 0.00014596199616789818, 7.998705405043438e-05, 8.46032562549226e-05, 0.00010931918222922832, 0.00012350361794233322, 9.780790423974395e-05, 8.397209603572264e-05, 5.9058576880488545e-05, 3.680306690512225e-05, 2.571050572441891e-05, 2.4069255232461728e-05, 4.018417530460283e-05, 2.724315163504798e-05, 2.0431501980056055e-05, 2.750464773271233e-05, 3.391611608094536e-05, 1.2274341315787751e-05, 1.0142085557163227e-05, 6.064551598683465e-06, 3.48303115060844e-06, 6.0809843489550985e-06, 6.507022590085398e-06, 6.966242381167831e-06, 3.3432545478717657e-06, 3.4731426694634138e-06, 3.422811687414651e-06, 3.7694246657338226e-06, 3.86084593628766e-06, 5.116994088893989e-06, 1.581570722919423e-05, 2.204864358645864e-05, 1.7326276065432467e-05, 1.0405329703644384e-05, 5.91586376685882e-06, 3.4091726774931885e-06, 1.9008907656825613e-06, 1.3930833802078268e-06, 1.2557987929540104e-06, 1.1948686733376235e-06, 3.13350801661727e-06, 3.120916517218575e-06, 6.089405815146165e-06, 7.614413789269747e-06, 8.311511010106187e-06, 1.2275758308533113e-05, 1.4254896996135358e-05, 8.491057997161988e-06, 4.2118704186577816e-06, 3.5775376545643667e-06, 2.340179435122991e-06, 1.0170879249926656e-06, 5.1284530400153017e-08, 4.867849678902303e-09, 7.064807627799041e-10, 7.654825662228859e-10, 9.721262683726195e-10, 8.944379681352643e-10, 5.802926472675551e-10, 3.203414755681422e-10, 3.822186733781763e-10, 3.5125438668792697e-10, 4.1195505340319016e-10, 3.668678971724404e-10, 3.906171774925582e-10, 2.9925528721719274e-10, 1.2692784323586892e-10, 6.985981931828533e-11, 4.604161843446697e-11, 3.397476397437593e-11, 2.3488244335623243e-11, 1.101841100997758e-11, 5.295618544370884e-12, 5.203214595295158e-12, 5.127141766703147e-12, 5.066484991961273e-12, 5.022207476279572e-12, 4.9947997127208765e-12], "lowlevel.mfcc.mean": [-716.7367553710938, 108.41526794433594, -3.9876351356506348, 1.4681544303894043, 1.7142226696014404, -6.7315802574157715, -5.908061504364014, 2.6245388984680176, -13.999958038330078, -5.785493850708008, 8.786345481872559, -1.5246597528457642, -7.0197601318359375], "lowlevel.spectral_contrast_coeffs.mean": [-0.669198215007782, -0.6970887780189514, -0.7374350428581238, -0.7755370736122131, -0.7460198402404785, -0.7140073776245117], "lowlevel.spectral_contrast_coeffs.stdev": [0.08200244605541229, 0.1042444184422493, 0.10542085021734238, 0.07232081145048141, 0.08040089905261993, 0.05210411176085472], "lowlevel.spectral_contrast_valleys.mean": [-8.279419898986816, -7.661322116851807, -8.226408004760742, -8.383552551269531, -8.615796089172363, -11.353044509887695], "lowlevel.spectral_contrast_valleys.stdev": [1.6657311916351318, 1.1107600927352905, 1.1999781131744385, 1.018662452697754, 0.9596993327140808, 1.1633933782577515], "rhythm.beats_loudness_band_ratio.mean": [0.2584059536457062, 0.11064444482326508, 0.3255748748779297, 0.19097107648849487, 0.09786322712898254, 0.04438408464193344], "rhythm.beats_loudness_band_ratio.stdev": [0.29472073912620544, 0.11835205554962158, 0.2157704085111618, 0.18953005969524384, 0.12663531303405762, 0.0658935084939003], "tonal.hpcp.mean": [0.051695454865694046, 0.053304217755794525, 0.15459847450256348, 0.31822827458381653, 0.23698513209819794, 0.09750450402498245, 0.09672218561172485, 0.072848379611969, 0.06363093852996826, 0.08512452989816666, 0.07887323945760727, 0.09349369257688522, 0.16842955350875854, 0.13691140711307526, 0.06943713873624802, 0.06562074273824692, 0.07076321542263031, 0.16544267535209656, 0.2400757074356079, 0.15148073434829712, 0.0670456662774086, 0.059027306735515594, 0.05775094032287598, 0.09867452830076218, 0.15280315279960632, 0.1296098381280899, 0.15261413156986237, 0.2261008322238922, 0.1506265252828598, 0.06589528173208237, 0.07847431302070618, 0.08857332170009613, 0.13200075924396515, 0.21803012490272522, 0.17264986038208008, 0.0693061426281929], "tonal.hpcp.stdev": [0.12597903609275818, 0.14526422321796417, 0.21897681057453156, 0.3874815106391907, 0.29188835620880127, 0.2129940390586853, 0.23130843043327332, 0.18073564767837524, 0.1524837762117386, 0.19592872262001038, 0.1788099706172943, 0.16582909226417542, 0.2606733441352844, 0.22596925497055054, 0.17266756296157837, 0.16763201355934143, 0.16543222963809967, 0.25383105874061584, 0.34012433886528015, 0.23428770899772644, 0.15261176228523254, 0.1547381579875946, 0.14799468219280243, 0.18600551784038544, 0.24825015664100647, 0.21988168358802795, 0.23647677898406982, 0.3474319577217102, 0.24438342452049255, 0.14236700534820557, 0.18302062153816223, 0.20305627584457397, 0.23719054460525513, 0.322255939245224, 0.27396252751350403, 0.15355701744556427], "rhythm.beats_position": [0.4760090708732605, 0.952018141746521, 1.4164172410964966, 1.8575963973999023, 2.2987754344940186, 2.739954710006714, 3.18113374710083, 3.6223127841949463, 4.0634918212890625, 4.504671096801758, 4.945850372314453, 5.38702917098999, 5.8282084465026855, 6.269387722015381, 6.710566997528076, 7.140135765075684, 7.569705009460449, 8.010884284973145, 8.45206356048584, 8.893242835998535, 9.346031188964844, 9.798820495605469, 10.239999771118164, 10.68117904663086, 11.133968353271484, 11.586756706237793, 12.027935981750488, 12.469115257263184, 12.910294532775879, 13.351473808288574, 13.79265308380127, 14.233832359313965, 14.675010681152344, 15.10457992553711, 15.545759201049805, 15.9869384765625, 16.439727783203125, 16.88090705871582, 17.322086334228516, 17.76326560974121, 18.204444885253906, 18.6456241607666, 19.098411560058594, 19.55120086669922, 19.992380142211914, 20.43355941772461, 20.863128662109375, 21.31591796875, 21.757097244262695, 22.18666648864746, 22.639455795288086, 23.09224510192871, 23.545034408569336, 23.997821807861328, 24.439001083374023, 24.86857032775879, 25.309749603271484, 25.75092887878418, 26.203718185424805, 26.65650749206543, 27.097686767578125, 27.52725601196289, 27.956825256347656, 28.39800453186035, 28.815963745117188, 29.280363082885742, 29.721542358398438, 30.1627197265625, 30.603899002075195, 31.05668830871582, 31.486257553100586, 31.95065689086914, 32.380226135253906, 32.83301544189453, 33.274192810058594, 33.71537399291992, 34.156551361083984, 34.59773254394531, 35.038909912109375, 35.4800910949707, 35.93288040161133, 36.38566970825195, 36.83845901489258, 37.3028564453125, 37.778865814208984, 38.243263244628906, 38.71927261352539, 39.195281982421875, 39.6480712890625], "rhythm.bpm_histogram": [0.0, 0.0, 0.0, 0.0, 0.0, 0.0, 0.0, 0.0, 0.0, 0.0, 0.0, 0.0, 0.0, 0.0, 0.0, 0.0, 0.0, 0.0, 0.0, 0.0, 0.0, 0.0, 0.0, 0.0, 0.0, 0.0, 0.0, 0.0, 0.0, 0.0, 0.0, 0.0, 0.0, 0.0, 0.0, 0.0, 0.0, 0.0, 0.0, 0.0, 0.0, 0.0, 0.0, 0.0, 0.0, 0.0, 0.0, 0.0, 0.0, 0.0, 0.0, 0.0, 0.0, 0.0, 0.0, 0.0, 0.0, 0.0, 0.0, 0.0, 0.0, 0.0, 0.0, 0.0, 0.0, 0.0, 0.0, 0.0, 0.0, 0.0, 0.0, 0.0, 0.0, 0.0, 0.0, 0.0, 0.0, 0.0, 0.0, 0.0, 0.0, 0.0, 0.0, 0.0, 0.0, 0.0, 0.0, 0.0, 0.0, 0.0, 0.0, 0.0, 0.0, 0.0, 0.0, 0.0, 0.0, 0.0, 0.0, 0.0, 0.0, 0.0, 0.0, 0.0, 0.0, 0.0, 0.0, 0.0, 0.0, 0.0, 0.0, 0.0, 0.0, 0.0, 0.0, 0.0, 0.0, 0.0, 0.0, 0.0, 0.0, 0.0, 0.0, 0.0, 0.0, 0.0, 0.04545454680919647, 0.0, 0.0, 0.05681818351149559, 0.0, 0.0, 0.0, 0.22727273404598236, 0.0, 0.0, 0.5454545617103577, 0.0, 0.0, 0.0, 0.11363636702299118, 0.0, 0.0, 0.0, 0.011363636702299118, 0.0, 0.0, 0.0, 0.0, 0.0, 0.0, 0.0, 0.0, 0.0, 0.0, 0.0, 0.0, 0.0, 0.0, 0.0, 0.0, 0.0, 0.0, 0.0, 0.0, 0.0, 0.0, 0.0, 0.0, 0.0, 0.0, 0.0, 0.0, 0.0, 0.0, 0.0, 0.0, 0.0, 0.0, 0.0, 0.0, 0.0, 0.0, 0.0, 0.0, 0.0, 0.0, 0.0, 0.0, 0.0, 0.0, 0.0, 0.0, 0.0, 0.0, 0.0, 0.0, 0.0, 0.0, 0.0, 0.0, 0.0, 0.0, 0.0, 0.0, 0.0, 0.0, 0.0, 0.0, 0.0, 0.0, 0.0, 0.0, 0.0, 0.0, 0.0, 0.0, 0.0, 0.0, 0.0, 0.0, 0.0, 0.0, 0.0, 0.0, 0.0, 0.0, 0.0, 0.0, 0.0, 0.0, 0.0, 0.0, 0.0, 0.0, 0.0, 0.0, 0.0, 0.0, 0.0, 0.0, 0.0, 0.0, 0.0, 0.0, 0.0, 0.0, 0.0, 0.0, 0.0], "tonal.chords_histogram": [15.295480728149414, 21.320972442626953, 8.922364234924316, 16.4542293548584, 3.1286211013793945, 5.56199312210083, 0.9269988536834717, 9.733488082885742, 2.085747480392456, 1.5063731670379639, 0.0, 0.0, 0.0, 0.0, 0.0, 0.0, 0.23174971342086792, 0.0, 2.4333720207214355, 0.0, 0.0, 0.0, 4.634994029998779, 7.763615131378174], "tonal.thpcp": [1.0, 0.7447016835212708, 0.3063980042934418, 0.3039396405220032, 0.2289186269044876, 0.19995374977588654, 0.26749518513679504, 0.24785113334655762, 0.2937944233417511, 0.529272735118866, 0.43023017048835754, 0.21819914877414703, 0.2062065154314041, 0.22236621379852295, 0.5198867917060852, 0.7544134855270386, 0.47601279616355896, 0.21068419516086578, 0.1854873150587082, 0.18147645890712738, 0.31007468700408936, 0.4801683723926544, 0.40728574991226196, 0.47957438230514526, 0.7104988694190979, 0.47332853078842163, 0.20706921815872192, 0.2465975433588028, 0.2783326506614685, 0.4147989749908447, 0.6851375102996826, 0.5425346493721008, 0.217787504196167, 0.1624477058649063, 0.16750308871269226, 0.48580998182296753], "lowlevel.gfcc.cov": [[11353.599609375, 1853.010498046875, -21.921512603759766, -542.918212890625, 822.6835327148438, 416.17840576171875, 346.9381408691406, 1390.726318359375, 368.0706481933594, -563.0770874023438, 236.00404357910156, -301.6730041503906, 13.583769798278809], [1853.010498046875, 2667.546630859375, 657.8757934570312, -141.3243865966797, 649.2196655273438, 151.0970001220703, 531.2640991210938, 101.82451629638672, 307.578857421875, -210.60134887695312, 69.62008666992188, -6.209919452667236, 17.6806640625], [-21.921512603759766, 657.8757934570312, 1515.7742919921875, 1059.691650390625, 584.0031127929688, 416.0848693847656, 295.7882385253906, 59.49745178222656, 93.48421478271484, 99.54307556152344, -103.45799255371094, 73.62908172607422, 134.8696746826172], [-542.918212890625, -141.3243865966797, 1059.691650390625, 1414.4107666015625, 525.7940063476562, 246.7366943359375, 30.451887130737305, -133.3874969482422, 91.54370880126953, 259.6139831542969, -145.05015563964844, 64.55607604980469, 130.15126037597656], [822.6835327148438, 649.2196655273438, 584.0031127929688, 525.7940063476562, 707.480224609375, 319.8640441894531, 164.57012939453125, 162.78041076660156, 183.96217346191406, 7.383548736572266, -51.950958251953125, -27.3454532623291, 63.01606369018555], [416.17840576171875, 151.0970001220703, 416.0848693847656, 246.7366943359375, 319.8640441894531, 484.24908447265625, 311.4194641113281, 145.43331909179688, 5.844061374664307, 22.49973487854004, -47.91386795043945, -5.371232032775879, 27.39760971069336], [346.9381408691406, 531.2640991210938, 295.7882385253906, 30.451887130737305, 164.57012939453125, 311.4194641113281, 623.0477905273438, 121.0339584350586, -9.023274421691895, -98.75487518310547, 11.39023494720459, 65.3694839477539, -4.293066024780273], [1390.726318359375, 101.82451629638672, 59.49745178222656, -133.3874969482422, 162.78041076660156, 145.43331909179688, 121.0339584350586, 521.6310424804688, 55.332027435302734, -176.54298400878906, 35.06136703491211, -31.833824157714844, 11.510611534118652], [368.0706481933594, 307.578857421875, 93.48421478271484, 91.54370880126953, 183.96217346191406, 5.844061374664307, -9.023274421691895, 55.332027435302734, 204.6247100830078, 40.35038375854492, -21.910049438476562, -15.548887252807617, 17.96051025390625], [-563.0770874023438, -210.60134887695312, 99.54307556152344, 259.6139831542969, 7.383548736572266, 22.49973487854004, -98.75487518310547, -176.54298400878906, 40.35038375854492, 260.88836669921875, -0.6677282452583313, -28.05349349975586, 5.022322177886963], [236.00404357910156, 69.62008666992188, -103.45799255371094, -145.05015563964844, -51.950958251953125, -47.91386795043945, 11.39023494720459, 35.06136703491211, -21.910049438476562, -0.6677282452583313, 123.82876586914062, 14.37141227722168, -41.874427795410156], [-301.6730041503906, -6.209919452667236, 73.62908172607422, 64.55607604980469, -27.3454532623291, -5.371232032775879, 65.3694839477539, -31.833824157714844, -15.548887252807617, -28.05349349975586, 14.37141227722168, 116.18658447265625, 25.975767135620117], [13.583769798278809, 17.6806640625, 134.8696746826172, 130.15126037597656, 63.01606369018555, 27.39760971069336, -4.293066024780273, 11.510611534118652, 17.96051025390625, 5.022322177886963, -41.874427795410156, 25.975767135620117, 91.30731964111328]], "lowlevel.gfcc.icov": [[0.00019567053823266178, -0.00017910369206219912, 0.0002238232846138999, -0.0003102355112787336, 0.00026434852043166757, -0.0003721152024809271, 0.000145462661748752, -0.000325234403135255, -0.00026116298977285624, 0.0004753486718982458, -0.0006421850412152708, 0.0006423198501579463, -0.00035778433084487915], [-0.00017910369206219912, 0.0018508329521864653, -0.001546540530398488, 0.0017249499214813113, -0.0018523873295634985, 0.0014574882807210088, -0.001366002717986703, 0.0018850980559363961, -0.0016919581685215235, 0.0010233381763100624, -0.0011338875629007816, 0.0008329004631377757, -0.0004473438602872193], [0.0002238232846138999, -0.001546540530398488, 0.0032388411927968264, -0.0028925996739417315, 0.001594681409187615, -0.002098092343658209, 0.0007698333356529474, -0.0015147548401728272, 0.0008214430999942124, 0.00014968794130254537, -0.0001364411727990955, -0.00016975800099316984, -0.0008227020152844489], [-0.0003102355112787336, 0.0017249499214813113, -0.0028925996739417315, 0.004998783115297556, -0.004216914530843496, 0.003311275504529476, -0.0012188846012577415, 0.0010437805904075503, 0.0011689446400851011, -0.003558436408638954, 0.003173899371176958, -0.002800737740471959, 0.0008054153877310455], [0.00026434852043166757, -0.0018523873295634985, 0.001594681409187615, -0.004216914530843496, 0.00777407456189394, -0.005464334972202778, 0.001978837652131915, -0.0006134181166999042, -0.003918689675629139, 0.0042587085627019405, -0.0035858412738889456, 0.0035420767962932587, -0.0016961698420345783], [-0.0003721152024809271, 0.0014574882807210088, -0.002098092343658209, 0.003311275504529476, -0.005464334972202778, 0.00905260257422924, -0.003764284774661064, -0.001139865373261273, 0.004148714244365692, -0.005869179964065552, 0.0055239880457520485, -0.002431796630844474, 0.0019058127654716372], [0.000145462661748752, -0.001366002717986703, 0.0007698333356529474, -0.0012188846012577415, 0.001978837652131915, -0.003764284774661064, 0.004286271054297686, -0.0007601002580486238, 0.00018323655240237713, 0.001278173178434372, -0.0005158218555152416, -0.0016687549650669098, 0.001036164932884276], [-0.000325234403135255, 0.0018850980559363961, -0.0015147548401728272, 0.0010437805904075503, -0.0006134181166999042, -0.001139865373261273, -0.0007601002580486238, 0.00655420683324337, -0.004419669508934021, 0.005726935341954231, -0.004949650727212429, 0.003603741293773055, -0.0024044597521424294], [-0.00026116298977285624, -0.0016919581685215235, 0.0008214430999942124, 0.0011689446400851011, -0.003918689675629139, 0.004148714244365692, 0.00018323655240237713, -0.004419669508934021, 0.013658748008310795, -0.009395637549459934, 0.008865389041602612, -0.006231550592929125, 0.0031809352803975344], [0.0004753486718982458, 0.0010233381763100624, 0.00014968794130254537, -0.003558436408638954, 0.0042587085627019405, -0.005869179964065552, 0.001278173178434372, 0.005726935341954231, -0.009395637549459934, 0.016504991799592972, -0.012077308259904385, 0.010026516392827034, -0.004708519205451012], [-0.0006421850412152708, -0.0011338875629007816, -0.0001364411727990955, 0.003173899371176958, -0.0035858412738889456, 0.0055239880457520485, -0.0005158218555152416, -0.004949650727212429, 0.008865389041602612, -0.012077308259904385, 0.02172069065272808, -0.011621605604887009, 0.009597448632121086], [0.0006423198501579463, 0.0008329004631377757, -0.00016975800099316984, -0.002800737740471959, 0.0035420767962932587, -0.002431796630844474, -0.0016687549650669098, 0.003603741293773055, -0.006231550592929125, 0.010026516392827034, -0.011621605604887009, 0.01955045759677887, -0.008478893898427486], [-0.00035778433084487915, -0.0004473438602872193, -0.0008227020152844489, 0.0008054153877310455, -0.0016961698420345783, 0.0019058127654716372, 0.001036164932884276, -0.0024044597521424294, 0.0031809352803975344, -0.004708519205451012, 0.009597448632121086, -0.008478893898427486, 0.018556535243988037]], "lowlevel.mfcc.cov": [[10821.9833984375, 1584.1002197265625, -609.691162109375, -571.931884765625, 619.7657470703125, -873.5643310546875, 410.6098327636719, 1005.8287963867188, 339.90179443359375, 526.1077880859375, 9.601329803466797, 309.84649658203125, -48.65262222290039], [1584.1002197265625, 2812.389404296875, 17.116750717163086, -149.12103271484375, 138.38330078125, -32.78156280517578, 229.49058532714844, 501.71148681640625, 203.16554260253906, 31.624576568603516, 274.6185607910156, -66.97453308105469, 2.045828342437744], [-609.691162109375, 17.116750717163086, 1041.5052490234375, 684.3314208984375, 307.32781982421875, 461.0671081542969, 266.58441162109375, 58.18552017211914, 271.1652526855469, -14.014434814453125, 19.680091857910156, 27.361921310424805, 84.36626434326172], [-571.931884765625, -149.12103271484375, 684.3314208984375, 1057.152099609375, 464.7104187011719, 521.6576538085938, 35.74856185913086, -89.23395538330078, 220.48777770996094, 25.83279037475586, -21.350637435913086, 9.620292663574219, 135.6484832763672], [619.7657470703125, 138.38330078125, 307.32781982421875, 464.7104187011719, 810.8910522460938, 171.6724395751953, 39.74638748168945, 77.63713073730469, 248.11367797851562, 162.65663146972656, 12.044049263000488, 34.124446868896484, 20.4012508392334], [-873.5643310546875, -32.78156280517578, 461.0671081542969, 521.6576538085938, 171.6724395751953, 772.7304077148438, 176.28952026367188, -123.90354919433594, 196.17623901367188, 4.962039947509766, 99.18074035644531, -8.100028038024902, 37.90755081176758], [410.6098327636719, 229.49058532714844, 266.58441162109375, 35.74856185913086, 39.74638748168945, 176.28952026367188, 495.4465026855469, 325.31524658203125, 188.73377990722656, 22.75271224975586, 117.31999206542969, 30.0953369140625, -10.308024406433105], [1005.8287963867188, 501.71148681640625, 58.18552017211914, -89.23395538330078, 77.63713073730469, -123.90354919433594, 325.31524658203125, 598.5824584960938, 204.36097717285156, 16.295602798461914, 92.59525299072266, 0.7534942030906677, -34.82635498046875], [339.90179443359375, 203.16554260253906, 271.1652526855469, 220.48777770996094, 248.11367797851562, 196.17623901367188, 188.73377990722656, 204.36097717285156, 343.6322937011719, 96.37448120117188, 57.93216323852539, -4.883912563323975, -6.888218402862549], [526.1077880859375, 31.624576568603516, -14.014434814453125, 25.83279037475586, 162.65663146972656, 4.962039947509766, 22.75271224975586, 16.295602798461914, 96.37448120117188, 197.6555633544922, 32.84497833251953, 18.9519100189209, -3.4170234203338623], [9.601329803466797, 274.6185607910156, 19.680091857910156, -21.350637435913086, 12.044049263000488, 99.18074035644531, 117.31999206542969, 92.59525299072266, 57.93216323852539, 32.84497833251953, 198.80531311035156, 20.405460357666016, -20.07067108154297], [309.84649658203125, -66.97453308105469, 27.361921310424805, 9.620292663574219, 34.124446868896484, -8.100028038024902, 30.0953369140625, 0.7534942030906677, -4.883912563323975, 18.9519100189209, 20.405460357666016, 139.1175537109375, 44.15842056274414], [-48.65262222290039, 2.045828342437744, 84.36626434326172, 135.6484832763672, 20.4012508392334, 37.90755081176758, -10.308024406433105, -34.82635498046875, -6.888218402862549, -3.4170234203338623, -20.07067108154297, 44.15842056274414, 138.78622436523438]], "lowlevel.mfcc.icov": [[0.00017534929793328047, -9.56251096795313e-05, 0.0001279630814678967, -3.061290772166103e-05, -6.242605741135776e-05, 9.963831689674407e-05, -0.00011625267507042736, -0.00017326050146948546, 1.5370897017419338e-06, -0.0003722042602021247, 0.00033115738187916577, -0.0004505629767663777, 0.00012702470121439546], [-9.56251096795313e-05, 0.0005602732999250293, -0.0001286054030060768, 0.00021285026741679758, -0.00011323588842060417, -7.489330891985446e-05, 0.0002610134833958, -0.0002940355916507542, -5.7217137509724125e-05, 0.0003116378211416304, -0.0008690803661011159, 0.0007154240738600492, -0.000537418236490339], [0.0001279630814678967, -0.0001286054030060768, 0.002419041935354471, -0.001231053494848311, -9.918703290168196e-05, 9.019750723382458e-05, -0.0013457003515213728, 0.00046526207006536424, -0.0009760585962794721, 0.0006491474341601133, 0.0005855518975295126, -0.0006414811359718442, 4.2541356378933415e-05], [-3.061290772166103e-05, 0.00021285026741679758, -0.001231053494848311, 0.0030596035066992044, -0.0010527154663577676, -0.0013448391109704971, 0.0010893673170357943, -0.000416374794440344, -3.624032615334727e-05, 0.00026149535551667213, 0.00014014783664606512, 0.0007121259113773704, -0.0019591350574046373], [-6.242605741135776e-05, -0.00011323588842060417, -9.918703290168196e-05, -0.0010527154663577676, 0.002392062684521079, 0.0001620999100850895, 0.00043283464037813246, -0.00015320783131755888, -0.0007531998562626541, -0.0012896909611299634, 0.0002292074350407347, -0.0006428103661164641, 0.0008353322045877576], [9.963831689674407e-05, -7.489330891985446e-05, 9.019750723382458e-05, -0.0013448391109704971, 0.0001620999100850895, 0.0035659971181303263, -0.0017571349162608385, 0.0021592830307781696, -0.0016980902291834354, 0.0007757164421491325, -0.001440865220502019, 0.00029073096811771393, 0.00034308317117393017], [-0.00011625267507042736, 0.0002610134833958, -0.0013457003515213728, 0.0010893673170357943, 0.00043283464037813246, -0.0017571349162608385, 0.005433565005660057, -0.002981914673000574, 9.851845970842987e-05, -0.0005004588165320456, -0.0009863541927188635, -0.0005118617555126548, -0.00020690906967502087], [-0.00017326050146948546, -0.0002940355916507542, 0.00046526207006536424, -0.000416374794440344, -0.00015320783131755888, 0.0021592830307781696, -0.002981914673000574, 0.005229927133768797, -0.0027307854034006596, 0.0020153492223471403, -0.0010152579052373767, 0.0006966981454752386, 0.000136962829856202], [1.5370897017419338e-06, -5.7217137509724125e-05, -0.0009760585962794721, -3.624032615334727e-05, -0.0007531998562626541, -0.0016980902291834354, 9.851845970842987e-05, -0.0027307854034006596, 0.007594219408929348, -0.0030276398174464703, 0.0005754220765084028, 0.0006094993441365659, 0.0007183912093751132], [-0.0003722042602021247, 0.0003116378211416304, 0.0006491474341601133, 0.00026149535551667213, -0.0012896909611299634, 0.0007757164421491325, -0.0005004588165320456, 0.0020153492223471403, -0.0030276398174464703, 0.008703358471393585, -0.002088153036311269, 0.000544606358744204, -0.0007502516382373869], [0.00033115738187916577, -0.0008690803661011159, 0.0005855518975295126, 0.00014014783664606512, 0.0002292074350407347, -0.001440865220502019, -0.0009863541927188635, -0.0010152579052373767, 0.0005754220765084028, -0.002088153036311269, 0.008562815375626087, -0.0027071372605860233, 0.001744619570672512], [-0.0004505629767663777, 0.0007154240738600492, -0.0006414811359718442, 0.0007121259113773704, -0.0006428103661164641, 0.00029073096811771393, -0.0005118617555126548, 0.0006966981454752386, 0.0006094993441365659, 0.000544606358744204, -0.0027071372605860233, 0.010513504035770893, -0.00401565944775939], [0.00012702470121439546, -0.000537418236490339, 4.2541356378933415e-05, -0.0019591350574046373, 0.0008353322045877576, 0.00034308317117393017, -0.00020690906967502087, 0.000136962829856202, 0.0007183912093751132, -0.0007502516382373869, 0.001744619570672512, -0.00401565944775939, 0.010496429167687893]], "metadata.audio_properties.analysis