{"song_id": "1182281708352049192", "download": "https://cdn.discordapp.com/attachments/1135911532732108921/1182281708352049192/chirp.mp4?ex=658420a5&amp", "lyrics": "\u4e61\u8ff9\u5370\u8c61\uff0c\u6211\u7684\u5fc3\u7075\u4e4b\u6240\uff0c\n\u5b88\u62a4\u7740\u8fd9\u7247\u571f\u5730\u7684\u7075\u9b42\u3002\n\u6e29\u6696\u7684\u6000\u62b1\uff0c\u629a\u6170\u6e38\u5b50\u7684\u601d\u5ff5\uff0c\n\u5728\u8fd9\u7247\u571f\u5730\u4e0a\uff0c\u71c3\u70e7\u7740\u4e61\u6101\u7684\u706b\u82d7\u3002", "style": ["random"], "essentia_features": {"lowlevel.average_loudness": 0.9743856191635132, "lowlevel.barkbands_crest.mean": 12.387392044067383, "lowlevel.barkbands_crest.stdev": 4.675865173339844, "lowlevel.barkbands_flatness_db.mean": 0.1145276203751564, "lowlevel.barkbands_flatness_db.stdev": 0.04299435019493103, "lowlevel.barkbands_kurtosis.mean": 5.432528495788574, "lowlevel.barkbands_kurtosis.stdev": 10.613853454589844, "lowlevel.barkbands_skewness.mean": 1.8537695407867432, "lowlevel.barkbands_skewness.stdev": 1.5294296741485596, "lowlevel.barkbands_spread.mean": 36.871219635009766, "lowlevel.barkbands_spread.stdev": 21.11750602722168, "lowlevel.dissonance.mean": 0.47366902232170105, "lowlevel.dissonance.stdev": 0.019542034715414047, "lowlevel.dynamic_complexity": 1.9122897386550903, "lowlevel.erbbands_crest.mean": 8.269572257995605, "lowlevel.erbbands_crest.stdev": 4.133511543273926, "lowlevel.erbbands_flatness_db.mean": 0.10844933241605759, "lowlevel.erbbands_flatness_db.stdev": 0.03569786623120308, "lowlevel.erbbands_kurtosis.mean": 0.20375773310661316, "lowlevel.erbbands_kurtosis.stdev": 1.4578768014907837, "lowlevel.erbbands_skewness.mean": -0.12876664102077484, "lowlevel.erbbands_skewness.stdev": 0.840142011642456, "lowlevel.erbbands_spread.mean": 50.860694885253906, "lowlevel.erbbands_spread.stdev": 21.167539596557617, "lowlevel.hfc.mean": 39.6468391418457, "lowlevel.hfc.stdev": 24.538795471191406, "lowlevel.loudness_ebu128.integrated": -14.50997543334961, "lowlevel.loudness_ebu128.loudness_range": 1.3057003021240234, "lowlevel.loudness_ebu128.momentary.mean": -14.657350540161133, "lowlevel.loudness_ebu128.momentary.stdev": 1.2241058349609375, "lowlevel.loudness_ebu128.short_term.mean": -14.556982040405273, "lowlevel.loudness_ebu128.short_term.stdev": 0.4206744432449341, "lowlevel.melbands_crest.mean": 22.869728088378906, "lowlevel.melbands_crest.stdev": 8.289894104003906, "lowlevel.melbands_flatness_db.mean": 0.19059978425502777, "lowlevel.melbands_flatness_db.stdev": 0.0589284785091877, "lowlevel.melbands_kurtosis.mean": 25.183326721191406, "lowlevel.melbands_kurtosis.stdev": 32.62102127075195, "lowlevel.melbands_skewness.mean": 3.8275718688964844, "lowlevel.melbands_skewness.stdev": 2.392990827560425, "lowlevel.melbands_spread.mean": 30.411548614501953, "lowlevel.melbands_spread.stdev": 25.287439346313477, "lowlevel.pitch_salience.mean": 0.4347905218601227, "lowlevel.pitch_salience.stdev": 0.14963367581367493, "lowlevel.silence_rate_20dB.mean": 1.0, "lowlevel.silence_rate_20dB.stdev": 0.0, "lowlevel.silence_rate_30dB.mean": 0.973652720451355, "lowlevel.silence_rate_30dB.stdev": 0.1601661890745163, "lowlevel.silence_rate_60dB.mean": 0.0023952096235007048, "lowlevel.silence_rate_60dB.stdev": 0.048882078379392624, "lowlevel.spectral_centroid.mean": 2055.767822265625, "lowlevel.spectral_centroid.stdev": 703.951904296875, "lowlevel.spectral_complexity.mean": 21.883832931518555, "lowlevel.spectral_complexity.stdev": 10.094863891601562, "lowlevel.spectral_decrease.mean": -1.1636689833949276e-08, "lowlevel.spectral_decrease.stdev": 6.905803484613671e-09, "lowlevel.spectral_energy.mean": 0.04751567170023918, "lowlevel.spectral_energy.stdev": 0.02661529742181301, "lowlevel.spectral_energyband_high.mean": 0.0026847904082387686, "lowlevel.spectral_energyband_high.stdev": 0.002432552631944418, "lowlevel.spectral_energyband_low.mean": 0.028448399156332016, "lowlevel.spectral_energyband_low.stdev": 0.024495260789990425, "lowlevel.spectral_energyband_middle_high.mean": 0.007819725200533867, "lowlevel.spectral_energyband_middle_high.stdev": 0.008298815228044987, "lowlevel.spectral_energyband_middle_low.mean": 0.008582070469856262, "lowlevel.spectral_energyband_middle_low.stdev": 0.008159179240465164, "lowlevel.spectral_entropy.mean": 7.98347806930542, "lowlevel.spectral_entropy.stdev": 0.33693018555641174, "lowlevel.spectral_flux.mean": 0.1086767241358757, "lowlevel.spectral_flux.stdev": 0.05819297581911087, "lowlevel.spectral_kurtosis.mean": 2.577747344970703, "lowlevel.spectral_kurtosis.stdev": 1.56661856174469, "lowlevel.spectral_rms.mean": 0.006546336691826582, "lowlevel.spectral_rms.stdev": 0.0018714306643232703, "lowlevel.spectral_rolloff.mean": 1955.5250244140625, "lowlevel.spectral_rolloff.stdev": 2342.018310546875, "lowlevel.spectral_skewness.mean": 1.1874920129776, "lowlevel.spectral_skewness.stdev": 0.3371751010417938, "lowlevel.spectral_spread.mean": 6098589.0, "lowlevel.spectral_spread.stdev": 1928436.75, "lowlevel.spectral_strongpeak.mean": 0.6020568013191223, "lowlevel.spectral_strongpeak.stdev": 1.1250548362731934, "lowlevel.zerocrossingrate.mean": 0.0822049230337143, "lowlevel.zerocrossingrate.stdev": 0.05399104207754135, "metadata.audio_properties.analysis.equal_loudness": 0.0, "metadata.audio_properties.analysis.length": 19.349319458007812, "metadata.audio_properties.analysis.sample_rate": 44100.0, "metadata.audio_properties.analysis.start_time": 0.0, "metadata.audio_properties.bit_rate": 122297.0, "metadata.audio_properties.length": 19.349332809448242, "metadata.audio_properties.lossless": 0.0, "metadata.audio_properties.number_channels": 1.0, "metadata.audio_properties.replay_gain": -11.385601043701172, "metadata.audio_properties.sample_rate": 48000.0, "rhythm.beats_count": 39.0, "rhythm.beats_loudness.mean": 0.059983473271131516, "rhythm.beats_loudness.stdev": 0.02466297149658203, "rhythm.bpm": 124.816650390625, "rhythm.bpm_histogram_first_peak_bpm": 126.0, "rhythm.bpm_histogram_first_peak_weight": 0.4705882668495178, "rhythm.bpm_histogram_second_peak_bpm": 117.0, "rhythm.bpm_histogram_second_peak_spread": 0.5, "rhythm.bpm_histogram_second_peak_weight": 0.05263157933950424, "rhythm.danceability": 1.4944700002670288, "rhythm.onset_rate": 3.5630478858947754, "tonal.chords_changes_rate": 0.043062202632427216, "tonal.chords_number_rate": 0.011961722746491432, "tonal.chords_strength.mean": 0.5327279567718506, "tonal.chords_strength.stdev": 0.10319899022579193, "tonal.hpcp_crest.mean": 13.864154815673828, "tonal.hpcp_crest.stdev": 6.134200572967529, "tonal.hpcp_entropy.mean": 1.941120982170105, "tonal.hpcp_entropy.stdev": 0.6928346753120422, "tonal.key_edma.strength": 0.6502358913421631, "tonal.key_krumhansl.strength": 0.6615968346595764, "tonal.key_temperley.strength": 0.6741176843643188, "tonal.tuning_diatonic_strength": 0.5185728073120117, "tonal.tuning_equal_tempered_deviation": 0.21159400045871735, "tonal.tuning_frequency": 434.193115234375, "tonal.tuning_nontempered_energy_ratio": 0.9362667798995972, "lowlevel.barkbands.mean": [0.005129075609147549, 0.02225004881620407, 0.0012815311783924699, 0.0005622815806418657, 0.003207360627129674, 0.001590350060723722, 0.0005450329626910388, 0.001371279126033187, 0.000847231422085315, 0.0016960948705673218, 0.000983871635980904, 0.0008551108767278492, 0.00039281946374103427, 0.000423753255745396, 0.0006495377165265381, 0.0007372006657533348, 0.0005888555315323174, 0.0006407236796803772, 0.0007873003487475216, 0.0005575181567110121, 0.000449154555099085, 0.00038272375240921974, 0.0004209593462292105, 0.0005416557542048395, 0.00031317712273448706, 0.0002733916917350143, 3.7644091207766905e-05], "lowlevel.barkbands.stdev": [0.004408044740557671, 0.021340984851121902, 0.0037205975968390703, 0.0011088259052485228, 0.004976627882570028, 0.0019207849400117993, 0.0012492237146943808, 0.0024967461358755827, 0.002231731079518795, 0.003515512915328145, 0.0024671778082847595, 0.002477063797414303, 0.0008828528807498515, 0.0010847842786461115, 0.0013983550015836954, 0.0016148901777341962, 0.0010803614277392626, 0.0011743729701265693, 0.0009399036061950028, 0.000611020834185183, 0.000545213813893497, 0.00038389721885323524, 0.0003864846075884998, 0.0008701501064933836, 0.0005391256418079138, 0.00032968027517199516, 4.5112865336705e-05], "lowlevel.erbbands.mean": [1.1647065877914429, 2.8357350826263428, 2.2068519592285156, 1.5910441875457764, 4.879082679748535, 12.053156852722168, 17.722166061401367, 9.358112335205078, 7.397611141204834, 19.21515655517578, 27.82091522216797, 19.371339797973633, 32.92314910888672, 65.43135070800781, 37.119537353515625, 33.152503967285156, 17.615917205810547, 25.644569396972656, 33.87533187866211, 29.404420852661133, 38.82823181152344, 33.076942443847656, 33.65684509277344, 41.74818420410156, 36.582759857177734, 25.436866760253906, 20.28209114074707, 16.145814895629883, 14.116055488586426, 14.070420265197754, 10.980855941772461, 10.834866523742676, 8.755108833312988, 4.40979528427124, 1.7160135507583618, 0.8122012615203857, 0.5510814785957336, 0.1632108986377716, 0.00362350232899189, 0.00014792123693041503], "lowlevel.erbbands.stdev": [0.8624902367591858, 4.918612480163574, 5.947765350341797, 2.9765119552612305, 11.964559555053711, 20.163156509399414, 23.312021255493164, 12.111248016357422, 12.379591941833496, 40.88689041137695, 51.72140884399414, 49.001434326171875, 50.50572967529297, 155.2036895751953, 89.00469207763672, 78.0533676147461, 33.93626403808594, 59.6080436706543, 79.4954605102539, 49.49872589111328, 81.64729309082031, 61.63656234741211, 56.32109451293945, 59.1587028503418, 46.565364837646484, 27.272470474243164, 25.636594772338867, 18.774490356445312, 14.489052772521973, 12.928976058959961, 10.57468318939209, 15.001152038574219, 15.781179428100586, 8.280723571777344, 2.5944788455963135, 1.1927785873413086, 0.6612100005149841, 0.1733059287071228, 0.0038339910097420216, 0.00010307951015420258], "lowlevel.gfcc.mean": [56.128360748291016, 42.541175842285156, -89.14643859863281, 38.51691818237305, -51.238014221191406, 21.118953704833984, -26.68757438659668, 18.433502197265625, -20.892274856567383, 9.892277717590332, -9.73681354522705, 17.01797866821289, -6.958413124084473], "lowlevel.melbands.mean": [0.008055204525589943, 0.0018886212492361665, 0.000367381377145648, 0.0005879279924556613, 0.0006323640700429678, 0.00023100922408048064, 0.00011255765275564045, 0.0002340400096727535, 0.00022065262601245195, 0.00011797154002124444, 0.00016298492846544832, 0.0002663353516254574, 0.00011630579683696851, 0.00011026833089999855, 4.9970181862590834e-05, 4.146676292293705e-05, 4.681057544075884e-05, 4.972747774445452e-05, 4.374023410491645e-05, 5.222383697400801e-05, 4.1197014070348814e-05, 3.675622065202333e-05, 2.716960443649441e-05, 3.099413152085617e-05, 3.4304437576793134e-05, 2.8087808459531516e-05, 2.2535659809364006e-05, 1.548641739645973e-05, 1.3669554391526617e-05, 1.0463656508363783e-05, 8.776506547292229e-06, 8.191428605641704e-06, 7.0269447860482614e-06, 8.31327179184882e-06, 6.2206577240431216e-06, 5.833403065480525e-06, 7.187881692516385e-06, 6.830349320807727e-06, 5.199295173952123e-06, 3.0827322916593403e-06], "lowlevel.melbands.stdev": [0.006328066345304251, 0.0041570113971829414, 0.0006965695647522807, 0.0010395438876003027, 0.0008235410787165165, 0.0002846518764272332, 0.00020207319175824523, 0.0004888768889941275, 0.0004355598066467792, 0.00031644260161556304, 0.0002611814416013658, 0.0006473646499216557, 0.00026008166605606675, 0.0003239208890590817, 0.00010660660336725414, 9.011454676510766e-05, 0.00011885126150446013, 0.00012535465066321194, 8.78608479979448e-05, 0.00011963344149990007, 9.029176726471633e-05, 7.518237543990836e-05, 4.8973011871566996e-05, 5.285588122205809e-05, 5.1654693379532546e-05, 3.714667400345206e-05, 2.9603710572700948e-05, 1.7601520085008815e-05, 1.9193805201211944e-05, 1.3302662409842014e-05, 1.0733546332630794e-05, 9.1625170171028e-06, 7.329676463996293e-06, 7.665635166631546e-06, 5.952382252871757e-06, 6.923946784809232e-06, 1.1013071343768388e-05, 1.2941220120410435e-05, 1.0031570127466694e-05, 5.849197805218864e-06], "lowlevel.melbands128.mean": [0.004692364949733019, 0.011781944893300533, 0.007956569083034992, 0.003869609674438834, 0.0014856111956760287, 0.0005331420106813312, 0.0002652549301274121, 0.0003139024483971298, 0.0005225394270382822, 0.000513437029439956, 0.0007140003726817667, 0.0007585144485346973, 0.0006842530565336347, 0.000409511208999902, 0.00016345085168723017, 0.00018894117965828627, 0.00014072720659896731, 6.812933861510828e-05, 0.00011470189201645553, 0.00022673672356177121, 0.0003077546716667712, 0.00021754032059106976, 0.00025578669738024473, 0.0001646766031626612, 8.9622764789965e-05, 0.00011751244164770469, 0.00012041549052810296, 0.0001967669668374583, 0.00011778014595620334, 0.0003373764920979738, 0.00032954386551864445, 0.00012943000183440745, 6.118794408394024e-05, 0.00015358846576418728, 0.00010691714123822749, 0.00011295220610918477, 8.983864245237783e-05, 3.9932740037329495e-05, 3.295272836112417e-05, 3.003011443070136e-05, 4.2339946958236396e-05, 6.070734889362939e-05, 4.8468162276549265e-05, 4.346994319348596e-05, 2.5308423573733307e-05, 5.6305856560356915e-05, 7.25446006981656e-05, 5.43533060408663e-05, 2.439305535517633e-05, 2.0865214537479915e-05, 7.31376712792553e-05, 6.363552529364824e-05, 3.8591722841374576e-05, 3.394379746168852e-05, 4.0145081584341824e-05, 4.357661964604631e-05, 2.5437664589844644e-05, 2.539003071433399e-05, 2.6034933398477733e-05, 3.460648440523073e-05, 2.9898590582888573e-05, 2.49980603257427e-05, 4.74005973956082e-05, 3.253171962569468e-05, 2.2236457880353555e-05, 3.2523217669222504e-05, 2.7167770895175636e-05, 2.488977952452842e-05, 2.3107442757464014e-05, 1.749449256749358e-05, 1.4101094166107941e-05, 1.5280515071935952e-05, 1.5380410331999883e-05, 1.4408014067157637e-05, 9.655658686824609e-06, 1.0926441063929815e-05, 1.1004981388396118e-05, 9.048580977832898e-06, 8.92721345735481e-06, 7.417493179673329e-06, 8.939869985624682e-06, 8.417096978519112e-06, 6.720175406371709e-06, 6.914268851687666e-06, 7.033843303361209e-06, 8.478188647131901e-06, 9.152640814136248e-06, 7.0860151026863605e-06, 5.603616045846138e-06, 5.980073183309287e-06, 6.2169729062588885e-06, 5.398231678555021e-06, 5.831219823448919e-06, 6.6896168391394895e-06, 8.408263965975493e-06, 9.200631211569998e-06, 5.947167664999142e-06, 3.873185505653964e-06, 6.18231615590048e-06, 5.679281457560137e-06, 3.4538259114924585e-06, 2.8682682113867486e-06, 2.011300011872663e-06, 2.3046422938932665e-06, 1.8573372244645725e-06, 1.6730459719838109e-06, 1.507974047854077e-06, 1.4461708133239881e-06, 1.4350521269079763e-06, 1.1774949371101684e-06, 1.2103921562811593e-06, 1.5447526493517216e-06, 1.9612841697380645e-06, 2.1728988031100016e-06, 1.7873117030831054e-06, 2.084421112158452e-06, 1.5628112350896117e-06, 1.4301346595857467e-07, 9.056283500896711e-12, 6.984157176204153e-12, 6.5809102958724885e-12, 6.387880675806645e-12, 6.329839430385675e-12, 6.188409593793631e-12, 6.13581884953418e-12, 5.989445484716471e-12, 5.7403604439287825e-12, 5.591253154912934e-12], "lowlevel.melbands128.stdev": [0.004074724391102791, 0.00900657195597887, 0.008455971255898476, 0.008711866103112698, 0.004345743451267481, 0.0014967606402933598, 0.0005755779566243291, 0.0007139165536500514, 0.0014715701108798385, 0.0012001434806734324, 0.0013702560681849718, 0.0013889175606891513, 0.0010333409300073981, 0.0006041651940904558, 0.00031538744224235415, 0.0003134955477435142, 0.000252614903729409, 0.00020235206466168165, 0.0003515666467137635, 0.00057268823729828, 0.0007917660404928029, 0.0005519663682207465, 0.0006118808523751795, 0.000657759141176939, 0.0003194771707057953, 0.0005088819889351726, 0.00029009103309363127, 0.0004044092493131757, 0.00034345261519774795, 0.0010184384882450104, 0.0009697729256004095, 0.0004678129043895751, 0.00018981975154019892, 0.0005208597285673022, 0.0005876322975382209, 0.0004365173226688057, 0.0002357818593736738, 0.00014086754526942968, 0.0001383516500936821, 8.278169843833894e-05, 0.00011424248077673838, 0.00021438974363263696, 0.00017224186740349978, 0.00018757283396553248, 9.180746565107256e-05, 0.00020787821267731488, 0.00022005528444424272, 0.00014124560402706265, 8.164871542248875e-05, 5.464940841193311e-05, 0.0002212620893260464, 0.0001993843325180933, 0.00013219192624092102, 0.00010559937072684988, 8.822444215184078e-05, 0.00013203462003730237, 6.867702177260071e-05, 6.229775317478925e-05, 6.0237838624743745e-05, 8.111090573947877e-05, 6.88111103954725e-05, 6.424366438295692e-05, 0.0001128861476900056, 5.164805770618841e-05, 3.5904839023714885e-05, 5.076008528703824e-05, 5.0331917009316385e-05, 4.66415258415509e-05, 3.3635140425758436e-05, 2.57139381574234e-05, 2.0096982552786358e-05, 2.047315501840785e-05, 2.4695624233572744e-05, 2.5768329578568228e-05, 1.3152475730748847e-05, 1.7292290067416616e-05, 1.5235233149724081e-05, 1.453181539545767e-05, 1.2972211152373347e-05, 9.864580533758271e-06, 1.2460146535886452e-05, 1.1314291441522073e-05, 7.766691851429641e-06, 8.372064257855527e-06, 8.6407544586109e-06, 9.238160600943957e-06, 9.10351263883058e-06, 7.632083907083143e-06, 6.056232450646348e-06, 7.08720517650363e-06, 8.258136404037941e-06, 7.264409759955015e-06, 7.559034656878794e-06, 1.085446638171561e-05, 1.5742083633085713e-05, 1.7965379811357707e-05, 1.310482548433356e-05, 7.793145414325409e-06, 1.1871637070726138e-05, 1.2787792002200149e-05, 7.830141839804128e-06, 5.398476332629798e-06, 3.660801667138003e-06, 4.357505531515926e-06, 3.159355856041657e-06, 2.84010070572549e-06, 3.0091423468547873e-06, 3.0703622542205267e-06, 2.4570936147938482e-06, 1.9820161014649784e-06, 2.2053754946682602e-06, 1.9521351077855797e-06, 2.715401478781132e-06, 2.948308747363626e-06, 2.1893545181228546e-06, 2.2419128526962595e-06, 1.8798538121700403e-06, 2.541846697567962e-07, 1.7798930732060292e-11, 2.0717429508043672e-11, 1.8729516201854146e-11, 2.0168320138957974e-11, 2.4101066628534618e-11, 2.4179110102995338e-11, 2.763764911373201e-11, 2.958332537272845e-11, 2.6306656505936665e-11, 2.3492817066705918e-11], "lowlevel.mfcc.mean": [-597.0823974609375, 81.74628448486328, 18.857446670532227, 26.465946197509766, 7.116926193237305, 9.075029373168945, 8.43236255645752, 12.767678260803223, 1.0376026630401611, 6.010860443115234, -0.8985882997512817, 2.8392961025238037, 4.991160869598389], "lowlevel.spectral_contrast_coeffs.mean": [-0.7463325262069702, -0.7518850564956665, -0.7524265646934509, -0.7907190918922424, -0.7784040570259094, -0.7393715977668762], "lowlevel.spectral_contrast_coeffs.stdev": [0.0810723826289177, 0.06752350926399231, 0.08016703277826309, 0.06706997007131577, 0.05369134619832039, 0.04218880087137222], "lowlevel.spectral_contrast_valleys.mean": [-6.373193264007568, -6.883542060852051, -7.27302885055542, -7.482662200927734, -7.027233600616455, -9.401551246643066], "lowlevel.spectral_contrast_valleys.stdev": [0.53496253490448, 0.5527283549308777, 0.5486082434654236, 0.5070125460624695, 0.5913759469985962, 0.6791049242019653], "rhythm.beats_loudness_band_ratio.mean": [0.5598246455192566, 0.11216127127408981, 0.06736689060926437, 0.09872553497552872, 0.07829789072275162, 0.11231759935617447], "rhythm.beats_loudness_band_ratio.stdev": [0.18019568920135498, 0.10274367034435272, 0.061073627322912216, 0.11882338672876358, 0.06378444284200668, 0.09509338438510895], "tonal.hpcp.mean": [0.05267476290464401, 0.05670870840549469, 0.044074852019548416, 0.0793205052614212, 0.10583619028329849, 0.06952314078807831, 0.0414358526468277, 0.03827765956521034, 0.057104695588350296, 0.13289445638656616, 0.16183245182037354, 0.10760779678821564, 0.06696649640798569, 0.04423891007900238, 0.04299935698509216, 0.07446111738681793, 0.08788474649190903, 0.1033722385764122, 0.2247721254825592, 0.2966306507587433, 0.19924388825893402, 0.09320858865976334, 0.05689934268593788, 0.07522975653409958, 0.17667824029922485, 0.19533878564834595, 0.09142400324344635, 0.05146418511867523, 0.05616908520460129, 0.07314236462116241, 0.14014750719070435, 0.15195703506469727, 0.07764556258916855, 0.03822189196944237, 0.033525045961141586, 0.03571663424372673], "tonal.hpcp.stdev": [0.14308877289295197, 0.1556050032377243, 0.129288449883461, 0.17593055963516235, 0.23255029320716858, 0.17253486812114716, 0.14495359361171722, 0.1380632519721985, 0.1513151079416275, 0.2577474117279053, 0.2880144417285919, 0.2297755479812622, 0.181235209107399, 0.1401483714580536, 0.12203527241945267, 0.17570820450782776, 0.18888339400291443, 0.2080117166042328, 0.31995266675949097, 0.3860228955745697, 0.32771894335746765, 0.22592519223690033, 0.17086169123649597, 0.19007539749145508, 0.3196345269680023, 0.34133052825927734, 0.20833808183670044, 0.14922384917736053, 0.16388973593711853, 0.1787000596523285, 0.22722473740577698, 0.25182729959487915, 0.18082579970359802, 0.12769466638565063, 0.12761037051677704, 0.1147780492901802], "rhythm.beats_position": [0.4643990993499756, 0.9404081702232361, 1.4164172410964966, 1.904036283493042, 2.391655206680298, 2.867664337158203, 3.3436734676361084, 3.8312923908233643, 4.318911552429199, 4.794920444488525, 5.27092981338501, 5.758548736572266, 6.222947597503662, 6.710566997528076, 7.186575889587402, 7.6625847816467285, 8.150203704833984, 8.626213073730469, 9.102222442626953, 9.58984088897705, 10.065850257873535, 10.54185962677002, 11.017868041992188, 11.493877410888672, 11.981496810913086, 12.469115257263184, 12.945124626159668, 13.421133995056152, 13.90875244140625, 14.384761810302734, 14.860771179199219, 15.348389625549316, 15.83600902557373, 16.335237503051758, 16.8344669342041, 17.345306396484375, 17.856143951416016, 18.34376335144043, 18.831382751464844], "rhythm.bpm_histogram": [0.0, 0.0, 0.0, 0.0, 0.0, 0.0, 0.0, 0.0, 0.0, 0.0, 0.0, 0.0, 0.0, 0.0, 0.0, 0.0, 0.0, 0.0, 0.0, 0.0, 0.0, 0.0, 0.0, 0.0, 0.0, 0.0, 0.0, 0.0, 0.0, 0.0, 0.0, 0.0, 0.0, 0.0, 0.0, 0.0, 0.0, 0.0, 0.0, 0.0, 0.0, 0.0, 0.0, 0.0, 0.0, 0.0, 0.0, 0.0, 0.0, 0.0, 0.0, 0.0, 0.0, 0.0, 0.0, 0.0, 0.0, 0.0, 0.0, 0.0, 0.0, 0.0, 0.0, 0.0, 0.0, 0.0, 0.0, 0.0, 0.0, 0.0, 0.0, 0.0, 0.0, 0.0, 0.0, 0.0, 0.0, 0.0, 0.0, 0.0, 0.0, 0.0, 0.0, 0.0, 0.0, 0.0, 0.0, 0.0, 0.0, 0.0, 0.0, 0.0, 0.0, 0.0, 0.0, 0.0, 0.0, 0.0, 0.0, 0.0, 0.0, 0.0, 0.0, 0.0, 0.0, 0.0, 0.0, 0.0, 0.0, 0.0, 0.0, 0.0, 0.0, 0.0, 0.0, 0.0, 0.0, 0.05263157933950424, 0.0, 0.0, 0.05263157933950424, 0.0, 0.0, 0.3947368562221527, 0.0, 0.0, 0.4736842215061188, 0.0, 0.0, 0.02631578966975212, 0.0, 0.0, 0.0, 0.0, 0.0, 0.0, 0.0, 0.0, 0.0, 0.0, 0.0, 0.0, 0.0, 0.0, 0.0, 0.0, 0.0, 0.0, 0.0, 0.0, 0.0, 0.0, 0.0, 0.0, 0.0, 0.0, 0.0, 0.0, 0.0, 0.0, 0.0, 0.0, 0.0, 0.0, 0.0, 0.0, 0.0, 0.0, 0.0, 0.0, 0.0, 0.0, 0.0, 0.0, 0.0, 0.0, 0.0, 0.0, 0.0, 0.0, 0.0, 0.0, 0.0, 0.0, 0.0, 0.0, 0.0, 0.0, 0.0, 0.0, 0.0, 0.0, 0.0, 0.0, 0.0, 0.0, 0.0, 0.0, 0.0, 0.0, 0.0, 0.0, 0.0, 0.0, 0.0, 0.0, 0.0, 0.0, 0.0, 0.0, 0.0, 0.0, 0.0, 0.0, 0.0, 0.0, 0.0, 0.0, 0.0, 0.0, 0.0, 0.0, 0.0, 0.0, 0.0, 0.0, 0.0, 0.0, 0.0, 0.0, 0.0, 0.0, 0.0, 0.0, 0.0, 0.0, 0.0, 0.0, 0.0, 0.0, 0.0, 0.0, 0.0, 0.0, 0.0, 0.0, 0.0, 0.0, 0.0, 0.0], "tonal.chords_histogram": [0.9569377899169922, 1.4354066848754883, 5.502392292022705, 19.617225646972656, 5.741626739501953, 0.0, 0.0, 0.0, 0.0, 0.0, 0.0, 0.0, 0.0, 0.0, 0.0, 0.0, 0.0, 0.0, 0.0, 0.0, 0.0, 0.0, 0.23923444747924805, 66.5071792602539], "tonal.thpcp": [1.0, 0.6716901659965515, 0.31422439217567444, 0.19181881844997406, 0.25361424684524536, 0.5956169366836548, 0.658525288105011, 0.3082082271575928, 0.1734958440065384, 0.1893569827079773, 0.24657723307609558, 0.4724646806716919, 0.5122768878936768, 0.26175838708877563, 0.12885348498821259, 0.11301949620246887, 0.12040776759386063, 0.177576944231987, 0.1911761611700058, 0.14858496189117432, 0.2674049437046051, 0.3567945063114166, 0.23437611758708954, 0.1396883726119995, 0.12904147803783417, 0.19251111149787903, 0.4480132460594177, 0.5455688834190369, 0.36276695132255554, 0.2257571667432785, 0.14913803339004517, 0.1449592560529709, 0.25102299451828003, 0.29627668857574463, 0.34848806262016296, 0.7577508687973022], "lowlevel.gfcc.cov": [[2091.49951171875, -194.8545379638672, -248.41415405273438, -9.475486755371094, 2.2753214836120605, -19.67707633972168, 17.550783157348633, 110.81361389160156, -20.910287857055664, 5.896548748016357, -112.11451721191406, -85.67082214355469, -28.14582633972168], [-194.8545379638672, 591.2396850585938, -173.89645385742188, -34.16484832763672, 84.10028839111328, -40.96177291870117, 128.11810302734375, 6.344295024871826, 24.87354850769043, -28.7609806060791, 36.05963897705078, -34.880859375, 13.599333763122559], [-248.41415405273438, -173.89645385742188, 610.46728515625, 78.26244354248047, -29.39833641052246, 146.8746795654297, -72.10480499267578, -98.95599365234375, -30.541887283325195, 46.318382263183594, 10.944018363952637, 69.50206756591797, -3.6647026538848877], [-9.475486755371094, -34.16484832763672, 78.26244354248047, 315.4185485839844, 33.25372314453125, -57.54368591308594, -35.1615104675293, -5.689803123474121, 61.226478576660156, 2.8161895275115967, 5.680710315704346, 32.50184631347656, 6.554616451263428], [2.2753214836120605, 84.10028839111328, -29.39833641052246, 33.25372314453125, 210.7932586669922, 51.53006362915039, 25.95261001586914, 26.699792861938477, 43.36541748046875, 17.842510223388672, -3.266932249069214, 4.69061803817749, 11.038521766662598], [-19.67707633972168, -40.96177291870117, 146.8746795654297, -57.54368591308594, 51.53006362915039, 242.55931091308594, 97.99968719482422, -25.245750427246094, -36.629486083984375, 43.384727478027344, 39.013450622558594, 0.4429798126220703, 4.608928203582764], [17.550783157348633, 128.11810302734375, -72.10480499267578, -35.1615104675293, 25.95261001586914, 97.99968719482422, 199.6763458251953, 46.71967315673828, -25.35678482055664, 11.828459739685059, 54.58137512207031, 0.5589634776115417, -1.0287792682647705], [110.81361389160156, 6.344295024871826, -98.95599365234375, -5.689803123474121, 26.699792861938477, -25.245750427246094, 46.71967315673828, 144.47865295410156, 69.51119232177734, -12.72830867767334, -2.291961193084717, 4.169119358062744, 2.1131579875946045], [-20.910287857055664, 24.87354850769043, -30.541887283325195, 61.226478576660156, 43.36541748046875, -36.629486083984375, -25.35678482055664, 69.51119232177734, 135.02725219726562, 15.808357238769531, -15.086544036865234, 8.22539234161377, 15.619396209716797], [5.896548748016357, -28.7609806060791, 46.318382263183594, 2.8161895275115967, 17.842510223388672, 43.384727478027344, 11.828459739685059, -12.72830867767334, 15.808357238769531, 81.84695434570312, 25.399869918823242, 11.810007095336914, 7.717756271362305], [-112.11451721191406, 36.05963897705078, 10.944018363952637, 5.680710315704346, -3.266932249069214, 39.013450622558594, 54.58137512207031, -2.291961193084717, -15.086544036865234, 25.399869918823242, 93.19867706298828, 44.448936462402344, 6.34496545791626], [-85.67082214355469, -34.880859375, 69.50206756591797, 32.50184631347656, 4.69061803817749, 0.4429798126220703, 0.5589634776115417, 4.169119358062744, 8.22539234161377, 11.810007095336914, 44.448936462402344, 100.16532135009766, 32.45676040649414], [-28.14582633972168, 13.599333763122559, -3.6647026538848877, 6.554616451263428, 11.038521766662598, 4.608928203582764, -1.0287792682647705, 2.1131579875946045, 15.619396209716797, 7.717756271362305, 6.34496545791626, 32.45676040649414, 62.756866455078125]], "lowlevel.gfcc.icov": [[0.0006375453667715192, 9.244999819202349e-05, 0.0003890292136929929, -0.00030662896460853517, 0.0001300120202358812, -0.0003468125651124865, 0.00016150865121744573, -0.0008129357593134046, 0.0008138756966218352, -0.0007187767187133431, 0.0010983501560986042, -9.076634887605906e-05, 0.00017499105888418853], [9.244999819202349e-05, 0.0037035085260868073, -0.000662453006953001, 0.0012956116115674376, -0.002145028905943036, 0.0035024145618081093, -0.004378317855298519, 0.003266068873926997, -0.002834923332557082, 0.0025018726009875536, -0.002738975454121828, 0.0031703272834420204, -0.00196157768368721], [0.0003890292136929929, -0.000662453006953001, 0.003919421695172787, -0.0016092300647869706, 0.0017179789720103145, -0.004499868489801884, 0.003064120654016733, -0.0003917905851267278, 0.001305936137214303, -0.0017422304954379797, 0.0030357162468135357, -0.004242708906531334, 0.0025832545943558216], [-0.00030662896460853517, 0.0012956116115674376, -0.0016092300647869706, 0.005024641286581755, -0.0018673824379220605, 0.003639306640252471, -0.0027192470151931047, 0.0031827096827328205, -0.004008815623819828, 0.002066603861749172, -0.002588558942079544, 0.001084814197383821, -0.0006833429797552526], [0.0001300120202358812, -0.002145028905943036, 0.0017179789720103145, -0.0018673824379220605, 0.007464797701686621, -0.004965996835380793, 0.002846683608368039, -0.002300750929862261, 0.0003332986088935286, -0.0023090459872037172, 0.0037012945394963026, -0.0033748233690857887, 0.001566524151712656], [-0.0003468125651124865, 0.0035024145618081093, -0.004499868489801884, 0.003639306640252471, -0.004965996835380793, 0.014005527831614017, -0.00955216959118843, 0.004950250964611769, -0.0029893710743635893, 0.0012226318940520287, -0.0055957697331905365, 0.00690856296569109, -0.004449331667274237], [0.00016150865121744573, -0.004378317855298519, 0.003064120654016733, -0.0027192470151931047, 0.002846683608368039, -0.00955216959118843, 0.016116969287395477, -0.009088755585253239, 0.00723410677164793, -0.0035566636361181736, -0.0003263873513787985, -0.0033188234083354473, 0.0026415567845106125], [-0.0008129357593134046, 0.003266068873926997, -0.0003917905851267278, 0.0031827096827328205, -0.002300750929862261, 0.004950250964611769, -0.009088755585253239, 0.017849357798695564, -0.012173928320407867, 0.006404037121683359, -0.002741272794082761, 0.0004946930566802621, 0.00012715916091110557], [0.0008138756966218352, -0.002834923332557082, 0.001305936137214303, -0.004008815623819828, 0.0003332986088935286, -0.0029893710743635893, 0.00723410677164793, -0.012173928320407867, 0.018593259155750275, -0.007863828912377357, 0.005043101496994495, -0.0019459681352600455, -0.001000274089165032], [-0.0007187767187133431, 0.0025018726009875536, -0.0017422304954379797, 0.002066603861749172, -0.0023090459872037172, 0.0012226318940520287, -0.0035566636361181736, 0.006404037121683359, -0.007863828912377357, 0.019194794818758965, -0.008074454963207245, 0.0034261078108102083, -0.0024985945783555508], [0.0010983501560986042, -0.002738975454121828, 0.0030357162468135357, -0.002588558942079544, 0.0037012945394963026, -0.0055957697331905365, -0.0003263873513787985, -0.002741272794082761, 0.005043101496994495, -0.008074454963207245, 0.024583280086517334, -0.013504830189049244, 0.00561746209859848], [-9.076634887605906e-05, 0.0031703272834420204, -0.004242708906531334, 0.001084814197383821, -0.0033748233690857887, 0.00690856296569109, -0.0033188234083354473, 0.0004946930566802621, -0.0019459681352600455, 0.0034261078108102083, -0.013504830189049244, 0.023258699104189873, -0.01167421042919159], [0.00017499105888418853, -0.00196157768368721, 0.0025832545943558216, -0.0006833429797552526, 0.001566524151712656, -0.004449331667274237, 0.0026415567845106125, 0.00012715916091110557, -0.001000274089165032, -0.0024985945783555508, 0.00561746209859848, -0.01167421042919159, 0.022776510566473007]], "lowlevel.mfcc.cov": [[2269.96044921875, -197.20001220703125, -350.8381652832031, 44.797515869140625, -69.54569244384766, -121.19762420654297, -0.49252942204475403, 8.346043586730957, 79.90946960449219, 131.10704040527344, 1.3095399141311646, -91.10777282714844, -86.84683990478516], [-197.20001220703125, 549.0809326171875, -174.00770568847656, -51.01619338989258, -49.45503234863281, 20.322858810424805, 74.94551849365234, 39.09889602661133, -10.624359130859375, 75.50877380371094, 12.141401290893555, -52.879669189453125, -3.3519322872161865], [-350.8381652832031, -174.00770568847656, 576.4813232421875, -28.914958953857422, 43.36538314819336, 121.129150390625, -1.18967866897583, -56.122989654541016, -26.634309768676758, -122.7348403930664, 8.0940523147583, 57.47425842285156, 41.58807373046875], [44.797515869140625, -51.01619338989258, -28.914958953857422, 313.59906005859375, 49.15922927856445, -49.902130126953125, -90.05840301513672, 24.988805770874023, 18.986812591552734, -36.20947265625, -7.985863208770752, 54.91162109375, 12.444321632385254], [-69.54569244384766, -49.45503234863281, 43.36538314819336, 49.15922927856445, 207.59201049804688, 30.233320236206055, -60.6077880859375, -10.612125396728516, 47.46007537841797, -16.045772552490234, 1.2705045938491821, 25.880197525024414, 2.123206615447998], [-121.19762420654297, 20.322858810424805, 121.129150390625, -49.902130126953125, 30.233320236206055, 220.12472534179688, 105.41925811767578, -30.388202667236328, -17.925243377685547, 0.08521575480699539, 28.394407272338867, -0.5177910327911377, 0.507066547870636], [-0.49252942204475403, 74.94551849365234, -1.18967866897583, -90.05840301513672, -60.6077880859375, 105.41925811767578, 198.88108825683594, 33.54834747314453, -37.11674118041992, 34.31633758544922, 27.682209014892578, -30.765031814575195, 11.160910606384277], [8.346043586730957, 39.09889602661133, -56.122989654541016, 24.988805770874023, -10.612125396728516, -30.388202667236328, 33.54834747314453, 133.12948608398438, 27.3540096282959, 23.674667358398438, 5.457976341247559, 18.96012306213379, 25.40804672241211], [79.90946960449219, -10.624359130859375, -26.634309768676758, 18.986812591552734, 47.46007537841797, -17.925243377685547, -37.11674118041992, 27.3540096282959, 107.20198822021484, 37.39466094970703, 0.06881789863109589, 5.281112194061279, 1.3686376810073853], [131.10704040527344, 75.50877380371094, -122.7348403930664, -36.20947265625, -16.045772552490234, 0.08521575480699539, 34.31633758544922, 23.674667358398438, 37.39466094970703, 127.36898040771484, 27.99462127685547, -30.499807357788086, -15.336090087890625], [1.3095399141311646, 12.141401290893555, 8.0940523147583, -7.985863208770752, 1.2705045938491821, 28.394407272338867, 27.682209014892578, 5.457976341247559, 0.06881789863109589, 27.99462127685547, 68.7867660522461, 17.391029357910156, 5.139596939086914], [-91.10777282714844, -52.879669189453125, 57.47425842285156, 54.91162109375, 25.880197525024414, -0.5177910327911377, -30.765031814575195, 18.96012306213379, 5.281112194061279, -30.499807357788086, 17.391029357910156, 93.7682113647461, 37.67988586425781], [-86.84683990478516, -3.3519322872161865, 41.58807373046875, 12.444321632385254, 2.123206615447998, 0.507066547870636, 11.160910606384277, 25.40804672241211, 1.3686376810073853, -15.336090087890625, 5.139596939086914, 37.67988586425781, 71.62016296386719]], "lowlevel.mfcc.icov": [[0.0005991780781187117, 0.0004000525805167854, 0.000300289539154619, -0.00016966451948974282, 0.00020233743998687714, 0.00019381160382181406, -0.00026653098757378757, 0.00014922696573194116, -0.00042386777931824327, -0.0002551125653553754, -0.0001428039831807837, 0.0003790593473240733, 0.0003459163417574018], [0.0004000525805167854, 0.0025488187093287706, 0.0008006409625522792, 4.499685928749386e-06, 0.0003259712248109281, -0.00047088871360756457, -7.561862730653957e-05, -0.0004906847607344389, 0.0002318016777280718, -0.0007495926693081856, -0.0002833134203683585, 0.0013193779159337282, -0.0005205143825151026], [0.000300289539154619, 0.0008006409625522792, 0.0031546936370432377, 0.000528432778082788, 0.00027650062111206353, -0.0016643240815028548, 0.000479920650832355, 0.0004504770040512085, -0.0006475419504567981, 0.002470172243192792, -0.0009094248525798321, -6.292426405707374e-05, -0.0011133997468277812], [-0.00016966451948974282, 4.499685928749386e-06, 0.000528432778082788, 0.004289120435714722, -0.0004229969927109778, -0.00033998710568994284, 0.0017769209807738662, -0.001135626109316945, 0.00022847788932267576, 0.0011176964035257697, -6.105894135544077e-05, -0.001719398540444672, 2.7226999009144492e-05], [0.00020233743998687714, 0.0003259712248109281, 0.00027650062111206353, -0.0004229969927109778, 0.0068043130449950695, -0.0024564112536609173, 0.002483404241502285, -9.821523417485878e-05, -0.002828100696206093, 0.0009071157546713948, -0.0006066114292480052, -3.5917628338211216e-06, -6.922464672243223e-05], [0.00019381160382181406, -0.00047088871360756457, -0.0016643240815028548, -0.00033998710568994284, -0.0024564112536609173, 0.009557557292282581, -0.00670607341453433, 0.0033263613004237413, -0.0007676975219510496, -0.000565488007850945, -0.0006881951703689992, -0.0018206251552328467, 0.0020094269420951605], [-0.00026653098757378757, -7.561862730653957e-05, 0.000479920650832355, 0.0017769209807738662, 0.002483404241502285, -0.00670607341453433, 0.013135310262441635, -0.005197903141379356, 0.0038054627366364002, -0.0009299339726567268, -0.002446398138999939, 0.004358263220638037, -0.0035324329510331154], [0.00014922696573194116, -0.0004906847607344389, 0.0004504770040512085, -0.001135626109316945, -9.821523417485878e-05, 0.0033263613004237413, -0.005197903141379356, 0.011727013625204563, -0.0036212580744177103, -0.0006743674748577178, 0.0009228700655512512, -0.0032802799250930548, -0.0016928352415561676], [-0.00042386777931824327, 0.0002318016777280718, -0.0006475419504567981, 0.00022847788932267576, -0.002828100696206093, -0.0007676975219510496, 0.0038054627366364002, -0.0036212580744177103, 0.014843275770545006, -0.005757427308708429, 0.0015586508670821786, 0.0001887908292701468, -0.0011135577224195004], [-0.0002551125653553754, -0.0007495926693081856, 0.002470172243192792, 0.0011176964035257697, 0.0009071157546713948, -0.000565488007850945, -0.0009299339726567268, -0.0006743674748577178, -0.005757427308708429, 0.015722736716270447, -0.00661416444927454, 0.0031239090021699667, 0.000696141563821584], [-0.0001428039831807837, -0.0002833134203683585, -0.0009094248525798321, -6.105894135544077e-05, -0.0006066114292480052, -0.0006881951703689992, -0.002446398138999939, 0.0009228700655512512, 0.0015586508670821786, -0.00661416444927454, 0.020270880311727524, -0.007020740304142237, 0.001221860758960247], [0.0003790593473240733, 0.0013193779159337282, -6.292426405707374e-05, -0.001719398540444672, -3.5917628338211216e-06, -0.0018206251552328467, 0.004358263220638037, -0.0032802799250930548, 0.0001887908292701468, 0.0031239090021699667, -0.007020740304142237, 0.02054324559867382, -0.00828457809984684], [0.0003459163417574018, -0.0005205143825151026, -0.0011133997468277812, 2.7226999009144492e-05, -6.922464672243223e-05, 0.0020094269420951605, -0.0035324329510331154, -0.0016928352415561676, -0.0011135577224195004, 0.000696141563821584, 0.001221860758960247, -0.00828457809984684, 0.02057953178882599]], "metadata.audio_properties.analysis.downmix": "mix", "metadata.audio_properties.codec": "mp3", "metadata.audio_properties.md5_encoded": "60d135924005fd96de0731ec5709942b", "metadata.tags.file_name": "1182281708352049192.mp3", "metadata.version.essentia": "2.1-beta6-dev", "metadata.version.essentia_git_sha": "v2.1_beta5-1110-g77a6a954", "metadata.version.extractor": "music 2.0", "tonal.chords_key": "C", "tonal.chords_scale": "minor", "tonal.key_edma.key": "Eb", "tonal.key_edma.scale": "major", "tonal.key_krumhansl.key": "Eb", "tonal.key_krumhansl.scale": "major", "tonal.key_temperley.key": "Eb", "tonal.key_temperley.scale": "major", "metadata.tags.encoding": ["Lavf58.45.100"]}, "essentia_models": [{"model_name": "genre_dortmund", "activations": {"alternative": "0.024891123", "blues": "0.028304959", "electronic": "0.105899036", "folkcountry": "0.08308587", "funksoulrnb": "0.13992898", "jazz": "0.02506045", "pop": "0.3539966", "raphiphop": "0.07055812", "rock": "0.332557"}}, {"model_name": "genre_rosamerica", "activations": {"classic": "0.0041627684", "dance": "0.050867867", "hip hop": "0.044351965", "jazz": "0.004911659", "pop": "0.61479896", "rhythm and blues": "0