{"song_id": "1182285569280184320", "download": "https://cdn.discordapp.com/attachments/1135911532732108921/1182285569280184320/chirp.mp4?ex=6584243d&amp", "lyrics": "[verse]\nOn this black day, lost in despair\nHumanity bleeds, suffocating air\nTears stream like rivers, hearts aflame\nDarkness prevails, echoing the blame\n\n[chorus]\nBlack day for humanity, we stand as one\nFighting the shadows, till the battle's won\nRise from the ashes, with strength untamed\nDefying the odds, we reclaim our name", "style": ["techno"], "essentia_features": {"lowlevel.average_loudness": 0.9649574160575867, "lowlevel.barkbands_crest.mean": 14.244394302368164, "lowlevel.barkbands_crest.stdev": 4.957638740539551, "lowlevel.barkbands_flatness_db.mean": 0.23814137279987335, "lowlevel.barkbands_flatness_db.stdev": 0.09560434520244598, "lowlevel.barkbands_kurtosis.mean": 31.99752426147461, "lowlevel.barkbands_kurtosis.stdev": 55.7238655090332, "lowlevel.barkbands_skewness.mean": 3.4441370964050293, "lowlevel.barkbands_skewness.stdev": 3.0793581008911133, "lowlevel.barkbands_spread.mean": 21.455747604370117, "lowlevel.barkbands_spread.stdev": 25.649688720703125, "lowlevel.dissonance.mean": 0.44807031750679016, "lowlevel.dissonance.stdev": 0.03554729372262955, "lowlevel.dynamic_complexity": 3.6610145568847656, "lowlevel.erbbands_crest.mean": 11.571934700012207, "lowlevel.erbbands_crest.stdev": 4.967946529388428, "lowlevel.erbbands_flatness_db.mean": 0.16176825761795044, "lowlevel.erbbands_flatness_db.stdev": 0.053934577852487564, "lowlevel.erbbands_kurtosis.mean": 2.0263781547546387, "lowlevel.erbbands_kurtosis.stdev": 3.8986620903015137, "lowlevel.erbbands_skewness.mean": 0.48696550726890564, "lowlevel.erbbands_skewness.stdev": 1.3425800800323486, "lowlevel.erbbands_spread.mean": 52.67231750488281, "lowlevel.erbbands_spread.stdev": 40.517940521240234, "lowlevel.hfc.mean": 23.907949447631836, "lowlevel.hfc.stdev": 25.025320053100586, "lowlevel.loudness_ebu128.integrated": -17.30118179321289, "lowlevel.loudness_ebu128.loudness_range": 2.404388427734375, "lowlevel.loudness_ebu128.momentary.mean": -18.204296112060547, "lowlevel.loudness_ebu128.momentary.stdev": 2.9702792167663574, "lowlevel.loudness_ebu128.short_term.mean": -17.391700744628906, "lowlevel.loudness_ebu128.short_term.stdev": 0.8754197359085083, "lowlevel.melbands_crest.mean": 19.05262565612793, "lowlevel.melbands_crest.stdev": 5.1201066970825195, "lowlevel.melbands_flatness_db.mean": 0.33355122804641724, "lowlevel.melbands_flatness_db.stdev": 0.11845094710588455, "lowlevel.melbands_kurtosis.mean": 77.6028060913086, "lowlevel.melbands_kurtosis.stdev": 110.95515441894531, "lowlevel.melbands_skewness.mean": 5.427000999450684, "lowlevel.melbands_skewness.stdev": 3.968874454498291, "lowlevel.melbands_spread.mean": 15.318158149719238, "lowlevel.melbands_spread.stdev": 21.425460815429688, "lowlevel.pitch_salience.mean": 0.4060822129249573, "lowlevel.pitch_salience.stdev": 0.12136037647724152, "lowlevel.silence_rate_20dB.mean": 1.0, "lowlevel.silence_rate_20dB.stdev": 0.0, "lowlevel.silence_rate_30dB.mean": 0.9153897166252136, "lowlevel.silence_rate_30dB.stdev": 0.27829888463020325, "lowlevel.silence_rate_60dB.mean": 0.003331112675368786, "lowlevel.silence_rate_60dB.stdev": 0.05761970207095146, "lowlevel.spectral_centroid.mean": 1016.7300415039062, "lowlevel.spectral_centroid.stdev": 866.7438354492188, "lowlevel.spectral_complexity.mean": 8.724184036254883, "lowlevel.spectral_complexity.stdev": 5.689136505126953, "lowlevel.spectral_decrease.mean": -1.1214455142294355e-08, "lowlevel.spectral_decrease.stdev": 1.1766697838311302e-08, "lowlevel.spectral_energy.mean": 0.044494446367025375, "lowlevel.spectral_energy.stdev": 0.04521752893924713, "lowlevel.spectral_energyband_high.mean": 0.0011495208600535989, "lowlevel.spectral_energyband_high.stdev": 0.0024879523552954197, "lowlevel.spectral_energyband_low.mean": 0.029876891523599625, "lowlevel.spectral_energyband_low.stdev": 0.03994883596897125, "lowlevel.spectral_energyband_middle_high.mean": 0.005184867884963751, "lowlevel.spectral_energyband_middle_high.stdev": 0.008871623314917088, "lowlevel.spectral_energyband_middle_low.mean": 0.009041229262948036, "lowlevel.spectral_energyband_middle_low.stdev": 0.010515759699046612, "lowlevel.spectral_entropy.mean": 7.080399990081787, "lowlevel.spectral_entropy.stdev": 0.8017510175704956, "lowlevel.spectral_flux.mean": 0.07185915857553482, "lowlevel.spectral_flux.stdev": 0.05839933827519417, "lowlevel.spectral_kurtosis.mean": 7.1271653175354, "lowlevel.spectral_kurtosis.stdev": 10.197199821472168, "lowlevel.spectral_rms.mean": 0.006019101943820715, "lowlevel.spectral_rms.stdev": 0.002679481403902173, "lowlevel.spectral_rolloff.mean": 1367.69140625, "lowlevel.spectral_rolloff.stdev": 2544.111328125, "lowlevel.spectral_skewness.mean": 1.9650161266326904, "lowlevel.spectral_skewness.stdev": 1.146462082862854, "lowlevel.spectral_spread.mean": 6459727.0, "lowlevel.spectral_spread.stdev": 3820719.5, "lowlevel.spectral_strongpeak.mean": 0.8340438008308411, "lowlevel.spectral_strongpeak.stdev": 1.2160617113113403, "lowlevel.zerocrossingrate.mean": 0.054536234587430954, "lowlevel.zerocrossingrate.stdev": 0.06024046614766121, "metadata.audio_properties.analysis.equal_loudness": 0.0, "metadata.audio_properties.analysis.length": 34.81494140625, "metadata.audio_properties.analysis.sample_rate": 44100.0, "metadata.audio_properties.analysis.start_time": 0.0, "metadata.audio_properties.bit_rate": 120275.0, "metadata.audio_properties.length": 34.816001892089844, "metadata.audio_properties.lossless": 0.0, "metadata.audio_properties.number_channels": 1.0, "metadata.audio_properties.replay_gain": -8.670434951782227, "metadata.audio_properties.sample_rate": 48000.0, "rhythm.beats_count": 71.0, "rhythm.beats_loudness.mean": 0.06908662617206573, "rhythm.beats_loudness.stdev": 0.06498629599809647, "rhythm.bpm": 123.6883316040039, "rhythm.bpm_histogram_first_peak_bpm": 123.0, "rhythm.bpm_histogram_first_peak_weight": 0.523809552192688, "rhythm.bpm_histogram_second_peak_bpm": 117.0, "rhythm.bpm_histogram_second_peak_spread": 0.3333333730697632, "rhythm.bpm_histogram_second_peak_weight": 0.02857142873108387, "rhythm.danceability": 1.214318871498108, "rhythm.onset_rate": 3.4453125, "tonal.chords_changes_rate": 0.06657789647579193, "tonal.chords_number_rate": 0.009320905432105064, "tonal.chords_strength.mean": 0.5018344521522522, "tonal.chords_strength.stdev": 0.07614779472351074, "tonal.hpcp_crest.mean": 15.26058578491211, "tonal.hpcp_crest.stdev": 5.799496650695801, "tonal.hpcp_entropy.mean": 1.7425193786621094, "tonal.hpcp_entropy.stdev": 0.5876904129981995, "tonal.key_edma.strength": 0.7440152764320374, "tonal.key_krumhansl.strength": 0.7489547729492188, "tonal.key_temperley.strength": 0.7544603943824768, "tonal.tuning_diatonic_strength": 0.6273090243339539, "tonal.tuning_equal_tempered_deviation": 0.06136113032698631, "tonal.tuning_frequency": 437.2131652832031, "tonal.tuning_nontempered_energy_ratio": 0.6807657480239868, "lowlevel.barkbands.mean": [0.00042494709487073123, 0.02042553946375847, 0.008372391574084759, 0.00202705105766654, 0.0034741212148219347, 0.0008458257070742548, 0.0008415122865699232, 0.001102440059185028, 0.0004929945571348071, 0.0005052207270637155, 0.0008524425211362541, 0.0012556426227092743, 0.0010199390817433596, 0.0004549557052087039, 0.00010396636207588017, 0.0002005374408327043, 0.00021765808924101293, 0.00036983416066505015, 0.0003292018664069474, 3.761123662116006e-05, 3.388922050362453e-05, 0.00018062042363453656, 0.00021253069280646741, 0.00020621386647690088, 0.0003347204765304923, 0.0001695358077995479, 3.1610866244591307e-06], "lowlevel.barkbands.stdev": [0.0008220221498049796, 0.025931525975465775, 0.015822110697627068, 0.0044339681044220924, 0.004947267007082701, 0.0035628059413284063, 0.003347586141899228, 0.003129701828584075, 0.0016371662495657802, 0.0014985355082899332, 0.003415006445720792, 0.004585063550621271, 0.0032863991800695658, 0.0015668182168155909, 0.0004586616123560816, 0.0008155223331414163, 0.0006449732463806868, 0.0008365467074327171, 0.0006555776344612241, 8.554507076041773e-05, 7.286469917744398e-05, 0.0004621048574335873, 0.0005692226113751531, 0.0005651911487802863, 0.0007438949542120099, 0.0003969321260228753, 1.1846822417282965e-05], "lowlevel.erbbands.mean": [0.3685261607170105, 5.1922688484191895, 12.442595481872559, 5.827959060668945, 9.60933780670166, 12.371360778808594, 10.221283912658691, 6.442046642303467, 8.433123588562012, 23.639301300048828, 17.818239212036133, 10.921675682067871, 18.428302764892578, 15.231513977050781, 42.19436264038086, 62.806785583496094, 46.552940368652344, 29.42197608947754, 8.725449562072754, 8.331825256347656, 8.841885566711426, 13.016780853271484, 23.60322380065918, 11.440850257873535, 15.995769500732422, 2.274082660675049, 1.2252758741378784, 1.5858289003372192, 4.981038570404053, 9.630058288574219, 5.009462356567383, 2.9215145111083984, 4.574411869049072, 4.415588855743408, 1.94380521774292, 0.7799785733222961, 0.317716121673584, 0.03993872180581093, 0.0008202943135984242, 8.294267900055274e-05], "lowlevel.erbbands.stdev": [0.5357353687286377, 6.893038749694824, 20.742908477783203, 11.813481330871582, 17.32935333251953, 21.958995819091797, 22.339567184448242, 28.166454315185547, 34.85219955444336, 81.75350952148438, 53.32625198364258, 36.59135437011719, 57.41695022583008, 42.83123779296875, 154.29464721679688, 214.69952392578125, 136.282470703125, 92.4871826171875, 29.803586959838867, 28.2691593170166, 36.947269439697266, 31.961515426635742, 50.777381896972656, 21.206979751586914, 36.386199951171875, 4.407327651977539, 2.805943012237549, 3.5107486248016357, 12.5146484375, 25.234142303466797, 13.93732738494873, 8.856295585632324, 11.74542236328125, 9.995097160339355, 4.573904991149902, 1.956488013267517, 0.7463064789772034, 0.09571503847837448, 0.0019161339150741696, 8.86646012077108e-05], "lowlevel.gfcc.mean": [-41.94438934326172, 87.44512939453125, -58.19124221801758, 38.849609375, -37.57217025756836, 36.88717269897461, -31.319950103759766, 14.838447570800781, -31.459678649902344, -2.5205130577087402, -9.486787796020508, 7.158788204193115, -20.655044555664062], "lowlevel.melbands.mean": [0.004479041323065758, 0.00659457640722394, 0.0012295241467654705, 0.0007630070904269814, 0.00043288717279210687, 0.0001488676352892071, 0.0001331525418208912, 0.00026273858384229243, 0.00012699388025794178, 6.983870116528124e-05, 9.054642578121275e-05, 5.2940871682949364e-05, 0.00012750941095873713, 0.00014485900464933366, 0.00016473654250148684, 6.8904526415281e-05, 5.356995097827166e-05, 1.3882199709769338e-05, 7.367270427494077e-06, 1.5078164324222598e-05, 9.23399693419924e-06, 9.34286890696967e-06, 2.728078470681794e-05, 1.410646473232191e-05, 8.038261512410827e-06, 1.4653095604444388e-05, 5.341512860468356e-06, 6.957997698009422e-07, 6.090486408538709e-07, 9.198352017847355e-07, 8.462890264127054e-07, 2.149860165445716e-06, 4.832372724195011e-06, 5.551595677388832e-06, 3.022860482815304e-06, 1.9290955606265925e-06, 1.6721859310564469e-06, 2.8628078325709794e-06, 3.97538133256603e-06, 3.65647315447859e-06], "lowlevel.melbands.stdev": [0.00572723476216197, 0.009712024591863155, 0.0022249561734497547, 0.0011155538959428668, 0.0008148307679221034, 0.0006442145095206797, 0.0005143581074662507, 0.0008471861365251243, 0.000400602730223909, 0.00023761953343637288, 0.00028690462931990623, 0.00016312017396558076, 0.0005112976068630815, 0.0005251572001725435, 0.0004858541360590607, 0.0002072404749924317, 0.00018090491357725114, 5.6836401199689135e-05, 2.8555808967212215e-05, 5.972093276795931e-05, 4.781977986567654e-05, 2.6044948754133657e-05, 6.318536179605871e-05, 3.136967643513344e-05, 1.634316322451923e-05, 3.153582292725332e-05, 1.3479266272042878e-05, 1.6637690123388893e-06, 1.5346804502769373e-06, 2.0426161881914595e-06, 2.123490958183538e-06, 5.929482540523168e-06, 1.2606914424395654e-05, 1.4832427041255869e-05, 8.70919302542461e-06, 5.601762040896574e-06, 5.507044534169836e-06, 7.844249012123328e-06, 9.414083251613192e-06, 8.371289368369617e-06], "lowlevel.melbands128.mean": [0.00038133710040710866, 0.002262089168652892, 0.005408077966421843, 0.010126063600182533, 0.008383000269532204, 0.003033001907169819, 0.0008786757825873792, 0.0011961373966187239, 0.0009831568459048867, 0.0006264070398174226, 0.0007226201123557985, 0.0006524606142193079, 0.00030565171618945897, 0.0002491386258043349, 0.00014945481962058693, 7.922524673631415e-05, 0.00013084021338727325, 0.00011953879584325477, 0.00014977714454289526, 0.0003391571808606386, 0.00028160904184915125, 0.00015113061817828566, 0.00013284481246955693, 6.19268903392367e-05, 5.7312918215757236e-05, 6.31115326541476e-05, 0.00011533665383467451, 0.00011243815970374271, 4.845231524086557e-05, 5.494251672644168e-05, 4.474392699194141e-05, 6.666399713139981e-05, 0.00015709549188613892, 0.00016742205480113626, 7.194771023932844e-05, 0.00018296843336429447, 0.00018936680862680078, 0.00014936881780158728, 0.0001948532444657758, 5.980506102787331e-05, 4.353011536295526e-05, 6.359905819408596e-05, 6.870151264593005e-05, 4.3245399865554646e-05, 1.493421495979419e-05, 1.0014980034611654e-05, 1.0563715477474034e-05, 5.363709988159826e-06, 5.637089088850189e-06, 1.2937736755702645e-05, 2.1881362044950947e-05, 1.079144021787215e-05, 7.470802756870398e-06, 1.1511030606925488e-05, 5.67533288631239e-06, 4.657433237298392e-06, 1.401478311890969e-05, 3.020881376869511e-05, 3.115453364443965e-05, 2.570117067079991e-05, 1.265066475752974e-05, 6.246879820537288e-06, 6.160048542369623e-06, 8.108966540021356e-06, 1.1672307664412074e-05, 1.5869372873567045e-05, 1.8066308257402852e-05, 7.751191333227325e-06, 2.4073792701528873e-06, 1.273030989068502e-06, 5.39361565188301e-07, 4.75693894941287e-07, 4.89139665660332e-07, 5.640003450935183e-07, 8.40165114368574e-07, 1.0045973795058671e-06, 9.598819588063634e-07, 7.042261245260306e-07, 7.582504508718557e-07, 9.62474132393254e-07, 1.6784127865321352e-06, 2.658288167367573e-06, 3.4056254207825987e-06, 4.855976840190124e-06, 6.397113793354947e-06, 6.0786815083702095e-06, 5.370241524360608e-06, 4.038968199893134e-06, 2.7936496280744905e-06, 2.4198661776608787e-06, 2.2363406060321722e-06, 1.7445009916627896e-06, 1.5147506928769872e-06, 1.498014512435475e-06, 1.8072501006827224e-06, 2.3224706637847703e-06, 2.904464054154232e-06, 3.978909717261558e-06, 3.7919639908068348e-06, 4.140303190069972e-06, 4.361908395367209e-06, 3.747980827029096e-06, 2.6176605842920253e-06, 2.377396867814241e-06, 2.213373818449327e-06, 1.8814500890584895e-06, 1.7652338328844053e-06, 1.4579480875909212e-06, 1.2142966170358704e-06, 1.1266837418588693e-06, 1.2714339163721888e-06, 1.047627733896661e-06, 1.1270202548985253e-06, 9.494369805906899e-07, 6.42880138457258e-07, 4.7560493499076983e-07, 1.338261625960513e-07, 1.8630075260261947e-08, 4.8210373193580125e-11, 5.765153111847443e-12, 5.325958424284849e-12, 5.184160826315898e-12, 5.030430065555702e-12, 4.9120000601698965e-12, 4.7648798968957795e-12, 4.580595451553204e-12, 4.472044696363087e-12, 4.433890754551584e-12], "lowlevel.melbands128.stdev": [0.000720804207958281, 0.004061284475028515, 0.008131008595228195, 0.014073405414819717, 0.013442554511129856, 0.006100202910602093, 0.002332537667825818, 0.0026490245945751667, 0.0019278614781796932, 0.00134168635122478, 0.0015631366986781359, 0.0014063715934753418, 0.0007799613522365689, 0.001419604872353375, 0.0008317821775563061, 0.000544277485460043, 0.0008184931357391179, 0.0005829771980643272, 0.0007844169740565121, 0.0014046125579625368, 0.0010406419169157743, 0.0005602543824352324, 0.000585525413043797, 0.0003504565393086523, 0.0003302664263173938, 0.0003257194475736469, 0.0004338290891610086, 0.0004630647017620504, 0.0002519443805795163, 0.00020729585958179086, 0.00020889550796709955, 0.00037907238584011793, 0.0008040883694775403, 0.0008160190191119909, 0.0004235055821482092, 0.0009295772179029882, 0.0009264032123610377, 0.000607271445915103, 0.0008447558502666652, 0.00024909566855058074, 0.0002444481069687754, 0.00036211940459907055, 0.00028063118224963546, 0.00022959092166274786, 0.00010122507956111804, 6.095260687288828e-05, 7.680266571696848e-05, 2.8720787668135017e-05, 3.566176746971905e-05, 6.074209159123711e-05, 0.0001073188177542761, 7.073632878018543e-05, 4.537279164651409e-05, 8.482073462801054e-05, 2.343254891457036e-05, 1.7641477825236507e-05, 4.8443758714711294e-05, 0.00010025587835116312, 9.71042609307915e-05, 7.788947550579906e-05, 3.5443943488644436e-05, 2.0704788767034188e-05, 1.808292836358305e-05, 2.0317314920248464e-05, 2.8013741030008532e-05, 3.927653233404271e-05, 5.9038611652795225e-05, 2.4176149963750504e-05, 7.881774763518479e-06, 3.867463874485111e-06, 1.4771904943700065e-06, 1.4040584801477962e-06, 1.411301582265878e-06, 1.4750689842912834e-06, 2.5849053599813487e-06, 2.427253321002354e-06, 2.2647182049695402e-06, 1.6899697357075638e-06, 1.9000779047928518e-06, 3.3521118893986568e-06, 5.9319827414583415e-06, 7.596097930218093e-06, 9.087737453228328e-06, 1.3052817848802079e-05, 1.9615843484643847e-05, 1.6975118342088535e-05, 1.5840640116948634e-05, 1.228171731781913e-05, 8.497487215208821e-06, 7.803835615050048e-06, 6.736081104463665e-06, 5.164501999388449e-06, 5.761813554272521e-06, 5.8221166909788735e-06, 6.0603729252761696e-06, 7.363978056673659e-06, 8.440533747489098e-06, 1.0932880286418367e-05, 9.895084986055735e-06, 9.834758202487137e-06, 1.0853121239051688e-05, 9.075225534616038e-06, 6.453573860198958e-06, 6.061885869712569e-06, 5.877168405277189e-06, 5.050419076724211e-06, 4.806052402273053e-06, 3.813408056885237e-06, 3.562357960618101e-06, 3.3046364933397854e-06, 3.6834865113632986e-06, 2.663034365468775e-06, 2.887654773076065e-06, 2.420686996629229e-06, 1.5669800177420257e-06, 1.3119688446749933e-06, 4.5006152049609227e-07, 1.287075832578921e-07, 8.091296521683944e-10, 1.4168834508443418e-11, 1.1899095424261485e-11, 1.1578469086281906e-11, 1.1292476502500204e-11, 1.1062574467590736e-11, 1.0874863509702237e-11, 1.0729150207167137e-11, 1.0623582742674831e-11, 1.0559079652305847e-11], "lowlevel.mfcc.mean": [-709.2871704101562, 125.94754791259766, 44.36125564575195, 21.35431671142578, 28.098928451538086, 17.985912322998047, 21.265567779541016, 22.326251983642578, -5.762023448944092, -6.620228290557861, 14.756708145141602, -4.3387980461120605, 4.990111827850342], "lowlevel.spectral_contrast_coeffs.mean": [-0.6831238269805908, -0.7419890761375427, -0.7510417699813843, -0.7682063579559326, -0.7468315362930298, -0.7845392823219299], "lowlevel.spectral_contrast_coeffs.stdev": [0.06883502006530762, 0.09597308933734894, 0.09420453757047653, 0.08209192007780075, 0.09854038059711456, 0.038517702370882034], "lowlevel.spectral_contrast_valleys.mean": [-6.577946186065674, -7.923642635345459, -8.305410385131836, -8.883832931518555, -8.94047737121582, -10.589364051818848], "lowlevel.spectral_contrast_valleys.stdev": [0.7957262396812439, 0.9001827836036682, 0.962589681148529, 1.069542407989502, 1.1147085428237915, 1.3990987539291382], "rhythm.beats_loudness_band_ratio.mean": [0.7062998414039612, 0.11186054348945618, 0.04734604433178902, 0.07770881801843643, 0.027342846617102623, 0.050401393324136734], "rhythm.beats_loudness_band_ratio.stdev": [0.2666894793510437, 0.14906348288059235, 0.1030559241771698, 0.14110709726810455, 0.05667388439178467, 0.08004835247993469], "tonal.hpcp.mean": [0.04070298373699188, 0.02921312116086483, 0.02050524391233921, 0.014143268577754498, 0.016791844740509987, 0.024479832500219345, 0.03978291526436806, 0.055216070264577866, 0.1485339254140854, 0.2759958803653717, 0.1711587905883789, 0.02360362559556961, 0.018237344920635223, 0.017665015533566475, 0.02300054021179676, 0.03611620143055916, 0.03395796939730644, 0.019387956708669662, 0.01649400405585766, 0.024273328483104706, 0.034684859216213226, 0.036433156579732895, 0.029230542480945587, 0.23890738189220428, 0.44476455450057983, 0.23520158231258392, 0.02788243256509304, 0.02005164325237274, 0.025817837566137314, 0.14844466745853424, 0.2866392433643341, 0.17280641198158264, 0.03044142574071884, 0.028035389259457588, 0.031241601333022118, 0.03989354148507118], "tonal.hpcp.stdev": [0.1462857574224472, 0.11536621302366257, 0.10789161920547485, 0.07599858194589615, 0.08809249103069305, 0.10627632588148117, 0.15145471692085266, 0.1685066968202591, 0.24026472866535187, 0.38980966806411743, 0.26973655819892883, 0.09247659891843796, 0.09084321558475494, 0.10051808506250381, 0.08754914999008179, 0.12080121040344238, 0.12317869812250137, 0.09116654098033905, 0.07751938700675964, 0.10206975042819977, 0.1153966635465622, 0.11173062771558762, 0.09705620259046555, 0.2738384008407593, 0.46902525424957275, 0.27144137024879456, 0.10518624633550644, 0.0838208869099617, 0.10002170503139496, 0.22772714495658875, 0.4141741991043091, 0.26989981532096863, 0.10321826487779617, 0.12601718306541443, 0.132820725440979, 0.1456989198923111], "rhythm.beats_position": [0.5224489569664001, 1.0332880020141602, 1.5325169563293457, 2.0317459106445312, 2.530975103378296, 3.0302040576934814, 3.5178229808807373, 4.017052173614502, 4.5162811279296875, 5.015510082244873, 5.503129005432129, 5.990748405456543, 6.478367328643799, 6.954376220703125, 7.430385589599609, 7.929614543914795, 8.42884349822998, 8.916461944580078, 9.404081344604492, 9.891700744628906, 10.379319190979004, 10.901768684387207, 11.412607192993164, 11.888616561889648, 12.341405868530273, 12.794195175170898, 13.235373497009277, 13.734602928161621, 14.222222328186035, 14.709840774536133, 15.185850143432617, 15.673469543457031, 16.161088943481445, 16.637096405029297, 17.11310577392578, 17.600725173950195, 18.07673454284668, 18.552743911743164, 19.040363311767578, 19.52798080444336, 20.015600204467773, 20.503219604492188, 20.979228973388672, 21.466848373413086, 21.954465866088867, 22.43047523498535, 22.918094635009766, 23.40571403503418, 23.893333435058594, 24.380952835083008, 24.86857032775879, 25.344579696655273, 25.820589065551758, 26.308208465576172, 26.795827865600586, 27.271835327148438, 27.75945472717285, 28.235464096069336, 28.71147346496582, 29.187482833862305, 29.65188217163086, 30.127891540527344, 30.603899002075195, 31.09151840209961, 31.567527770996094, 32.04353713989258, 32.53115463256836, 33.018775939941406, 33.49478530883789, 33.970794677734375, 34.446800231933594], "rhythm.bpm_histogram": [0.0, 0.0, 0.0, 0.0, 0.0, 0.0, 0.0, 0.0, 0.0, 0.0, 0.0, 0.0, 0.0, 0.0, 0.0, 0.0, 0.0, 0.0, 0.0, 0.0, 0.0, 0.0, 0.0, 0.0, 0.0, 0.0, 0.0, 0.0, 0.0, 0.0, 0.0, 0.0, 0.0, 0.0, 0.0, 0.0, 0.0, 0.0, 0.0, 0.0, 0.0, 0.0, 0.0, 0.0, 0.0, 0.0, 0.0, 0.0, 0.0, 0.0, 0.0, 0.0, 0.0, 0.0, 0.0, 0.0, 0.0, 0.0, 0.0, 0.0, 0.0, 0.0, 0.0, 0.0, 0.0, 0.0, 0.0, 0.0, 0.0, 0.0, 0.0, 0.0, 0.0, 0.0, 0.0, 0.0, 0.0, 0.0, 0.0, 0.0, 0.0, 0.0, 0.0, 0.0, 0.0, 0.0, 0.0, 0.0, 0.0, 0.0, 0.0, 0.0, 0.0, 0.0, 0.0, 0.0, 0.0, 0.0, 0.0, 0.0, 0.0, 0.0, 0.0, 0.0, 0.0, 0.0, 0.0, 0.0, 0.0, 0.0, 0.0, 0.0, 0.0, 0.0, 0.0, 0.014285714365541935, 0.0, 0.02857142873108387, 0.0, 0.0, 0.1428571492433548, 0.0, 0.0, 0.4285714328289032, 0.0, 0.0, 0.3285714387893677, 0.0, 0.0, 0.014285714365541935, 0.0, 0.0, 0.0, 0.02857142873108387, 0.0, 0.0, 0.014285714365541935, 0.0, 0.0, 0.0, 0.0, 0.0, 0.0, 0.0, 0.0, 0.0, 0.0, 0.0, 0.0, 0.0, 0.0, 0.0, 0.0, 0.0, 0.0, 0.0, 0.0, 0.0, 0.0, 0.0, 0.0, 0.0, 0.0, 0.0, 0.0, 0.0, 0.0, 0.0, 0.0, 0.0, 0.0, 0.0, 0.0, 0.0, 0.0, 0.0, 0.0, 0.0, 0.0, 0.0, 0.0, 0.0, 0.0, 0.0, 0.0, 0.0, 0.0, 0.0, 0.0, 0.0, 0.0, 0.0, 0.0, 0.0, 0.0, 0.0, 0.0, 0.0, 0.0, 0.0, 0.0, 0.0, 0.0, 0.0, 0.0, 0.0, 0.0, 0.0, 0.0, 0.0, 0.0, 0.0, 0.0, 0.0, 0.0, 0.0, 0.0, 0.0, 0.0, 0.0, 0.0, 0.0, 0.0, 0.0, 0.0, 0.0, 0.0, 0.0, 0.0, 0.0, 0.0, 0.0, 0.0, 0.0, 0.0, 0.0, 0.0, 0.0, 0.0, 0.0, 0.0, 0.0, 0.0, 0.0, 0.0, 0.0, 0.0, 0.0, 0.0, 0.0], "tonal.chords_histogram": [10.252996444702148, 0.0, 6.790945529937744, 0.0, 0.0, 0.5326231718063354, 7.989347457885742, 45.53927993774414, 0.0, 13.18242359161377, 3.0625832080841064, 12.649800300598145, 0.0, 0.0, 0.0, 0.0, 0.0, 0.0, 0.0, 0.0, 0.0, 0.0, 0.0, 0.0], "tonal.thpcp": [1.0, 0.528822660446167, 0.06269031763076782, 0.045083727687597275, 0.05804832652211189, 0.3337601125240326, 0.6444740891456604, 0.3885345757007599, 0.0684439092874527, 0.06303422898054123, 0.07024300843477249, 0.08969586342573166, 0.09151580184698105, 0.06568221747875214, 0.046103592962026596, 0.031799450516700745, 0.03775445744395256, 0.05503997951745987, 0.08944713324308395, 0.12414674460887909, 0.33396080136299133, 0.6205437779426575, 0.384830117225647, 0.053069934248924255, 0.041004493832588196, 0.03971767798066139, 0.0517139695584774, 0.08120296895503998, 0.07635044306516647, 0.04359150677919388, 0.03708479925990105, 0.05457568168640137, 0.0779847651720047, 0.08191560208797455, 0.06572138518095016, 0.5371547341346741], "lowlevel.gfcc.cov": [[9655.0224609375, -2489.853271484375, -1608.2933349609375, -12.248489379882812, -933.5494995117188, -258.2267761230469, -850.7744140625, 886.3903198242188, -446.482666015625, 91.66178131103516, 134.2384033203125, 149.26783752441406, -972.8756713867188], [-2489.853271484375, 3025.5927734375, -473.51165771484375, -632.9459838867188, 559.5726318359375, -152.16958618164062, 365.42486572265625, -221.7388916015625, 272.7286682128906, -338.2921447753906, 320.2031555175781, -129.9896240234375, 252.87962341308594], [-1608.2933349609375, -473.51165771484375, 1569.976806640625, 476.49896240234375, 36.14176559448242, 341.0092468261719, 254.1792755126953, -312.0694580078125, 2.4427971839904785, 199.16746520996094, -278.06170654296875, 31.846040725708008, 262.79022216796875], [-12.248489379882812, -632.9459838867188, 476.49896240234375, 557.722900390625, -7.314847469329834, 30.393333435058594, -105.57162475585938, -77.11675262451172, 29.5644588470459, 90.25587463378906, -151.86666870117188, 10.881502151489258, 84.51361083984375], [-933.5494995117188, 559.5726318359375, 36.14176559448242, -7.314847469329834, 395.8847351074219, 25.480640411376953, 61.96781921386719, -66.30390930175781, 104.85376739501953, -42.54611587524414, 20.323486328125, -38.8319206237793, 132.5004425048828], [-258.2267761230469, -152.16958618164062, 341.0092468261719, 30.393333435058594, 25.480640411376953, 331.82830810546875, 224.17665100097656, -95.15918731689453, -64.26225280761719, 63.932186126708984, -38.30021286010742, -19.00957489013672, 10.772324562072754], [-850.7744140625, 365.42486572265625, 254.1792755126953, -105.57162475585938, 61.96781921386719, 224.17665100097656, 433.7759704589844, -58.00680160522461, -59.69921875, -28.416841506958008, 44.23762512207031, -6.832372188568115, 34.17449951171875], [886.3903198242188, -221.7388916015625, -312.0694580078125, -77.11675262451172, -66.30390930175781, -95.15918731689453, -58.00680160522461, 265.76690673828125, -25.952638626098633, -34.36891555786133, 53.38771438598633, 22.749324798583984, -137.40863037109375], [-446.482666015625, 272.7286682128906, 2.4427971839904785, 29.5644588470459, 104.85376739501953, -64.26225280761719, -59.69921875, -25.952638626098633, 207.0748748779297, 19.512304306030273, -10.708261489868164, -31.11176300048828, 92.8781967163086], [91.66178131103516, -338.2921447753906, 199.16746520996094, 90.25587463378906, -42.54611587524414, 63.932186126708984, -28.416841506958008, -34.36891555786133, 19.512304306030273, 163.4126739501953, -41.362648010253906, 2.590914011001587, 15.409346580505371], [134.2384033203125, 320.2031555175781, -278.06170654296875, -151.86666870117188, 20.323486328125, -38.30021286010742, 44.23762512207031, 53.38771438598633, -10.708261489868164, -41.362648010253906, 191.79498291015625, 12.496720314025879, -62.2177848815918], [149.26783752441406, -129.9896240234375, 31.846040725708008, 10.881502151489258, -38.8319206237793, -19.00957489013672, -6.832372188568115, 22.749324798583984, -31.11176300048828, 2.590914011001587, 12.496720314025879, 100.44295501708984, 6.163755416870117], [-972.8756713867188, 252.87962341308594, 262.79022216796875, 84.51361083984375, 132.5004425048828, 10.772324562072754, 34.17449951171875, -137.40863037109375, 92.8781967163086, 15.409346580505371, -62.2177848815918, 6.163755416870117, 238.57864379882812]], "lowlevel.gfcc.icov": [[0.0003469213843345642, -0.0001558148069307208, 0.0002536624961066991, -0.0003070014645345509, 0.0004094852483831346, -0.0006302186520770192, 0.0007160345558077097, -0.0007446562522090971, 0.00041761892498470843, -0.00039068592013791203, 0.0001758593862177804, -0.00042713727452792227, 0.0005983185837976635], [-0.0001558148069307208, 0.002067309571430087, -0.00023569058976136148, 0.0016336767002940178, -0.0013350385706871748, 0.0019160937517881393, -0.0017922468250617385, 0.002391014015302062, -0.0019721677526831627, 0.002618243917822838, -0.0020389785058796406, 0.0016140963416546583, -0.0008317417232319713], [0.0002536624961066991, -0.00023569058976136148, 0.0022128478158265352, -0.00138044822961092, 0.0004435330047272146, -0.0010030328994616866, -0.0006996119045652449, 0.00023823132505640388, 0.00043828535126522183, -0.00166681210976094, 0.0018818043172359467, -0.0013992568710818887, -0.00016388868971262127], [-0.0003070014645345509, 0.0016336767002940178, -0.00138044822961092, 0.0045091998763382435, -0.0013592960312962532, 0.0017329645343124866, -0.0004125095729250461, 0.0019299009582027793, -0.0016773197567090392, 0.0020763445645570755, -0.0009547970839776099, 0.0014628390781581402, -0.0009809229522943497], [0.0004094852483831346, -0.0013350385706871748, 0.0004435330047272146, -0.0013592960312962532, 0.0051142326556146145, -0.002709734719246626, 0.0017693501431494951, -0.0023895015474408865, 0.00022440895554609597, -0.0004436698218341917, 0.0001899128983495757, -6.80413213558495e-05, -0.0012772235786542296], [-0.0006302186520770192, 0.0019160937517881393, -0.0010030328994616866, 0.0017329645343124866, -0.002709734719246626, 0.00979194138199091, -0.005935036111623049, 0.00462169898673892, -0.0006697502685710788, -0.00017527645104564726, -0.000603778229560703, 0.002742669777944684, 0.0005086170276626945], [0.0007160345558077097, -0.0017922468250617385, -0.0006996119045652449, -0.0004125095729250461, 0.0017693501431494951, -0.005935036111623049, 0.00819707103073597, -0.004099167883396149, 0.0027766013517975807, -0.0002013491466641426, -0.0007006911910139024, -0.0011341142235323787, 0.00026516878278926015], [-0.0007446562522090971, 0.002391014015302062, 0.00023823132505640388, 0.0019299009582027793, -0.0023895015474408865, 0.00462169898673892, -0.004099167883396149, 0.01067885011434555, -0.0035655125975608826, 0.0030067211482673883, -0.0012868534540757537, 1.3116691661707591e-05, 0.0021969820372760296], [0.00041761892498470843, -0.0019721677526831627, 0.00043828535126522183, -0.0016773197567090392, 0.00022440895554609597, -0.0006697502685710788, 0.0027766013517975807, -0.0035655125975608826, 0.010125964879989624, -0.004562520422041416, 0.0013825171627104282, 0.0010283293668180704, -0.0019542663358151913], [-0.00039068592013791203, 0.002618243917822838, -0.00166681210976094, 0.0020763445645570755, -0.0004436698218341917, -0.00017527645104564726, -0.0002013491466641426, 0.0030067211482673883, -0.004562520422041416, 0.012894418090581894, -0.0036951040383428335, 0.0021686521358788013, -0.001329313963651657], [0.0001758593862177804, -0.0020389785058796406, 0.0018818043172359467, -0.0009547970839776099, 0.0001899128983495757, -0.000603778229560703, -0.0007006911910139024, -0.0012868534540757537, 0.0013825171627104282, -0.0036951040383428335, 0.01145132351666689, -0.004289294593036175, 0.0032223679590970278], [-0.00042713727452792227, 0.0016140963416546583, -0.0013992568710818887, 0.0014628390781581402, -6.80413213558495e-05, 0.002742669777944684, -0.0011341142235323787, 1.3116691661707591e-05, 0.0010283293668180704, 0.0021686521358788013, -0.004289294593036175, 0.014442265965044498, -0.004377707839012146], [0.0005983185837976635, -0.0008317417232319713, -0.00016388868971262127, -0.0009809229522943497, -0.0012772235786542296, 0.0005086170276626945, 0.00026516878278926015, 0.0021969820372760296, -0.0019542663358151913, -0.001329313963651657, 0.0032223679590970278, -0.004377707839012146, 0.011754740960896015]], "lowlevel.mfcc.cov": [[9568.123046875, -2472.205078125, -1194.1431884765625, -473.6045837402344, -99.11555480957031, -1396.48828125, -272.7667236328125, 222.3187255859375, -985.8225708007812, 173.1223602294922, 806.5440673828125, -478.69061279296875, 19.359132766723633], [-2472.205078125, 2997.487548828125, -678.6943969726562, -240.74513244628906, 44.608917236328125, 61.898983001708984, 89.59193420410156, 194.65455627441406, 44.97751998901367, -92.53997802734375, -34.35737609863281, 128.57522583007812, 20.397857666015625], [-1194.1431884765625, -678.6943969726562, 1321.4132080078125, 279.5101318359375, -156.87753295898438, 558.2981567382812, 140.09947204589844, -172.2408905029297, 284.3674011230469, -22.203994750976562, -246.16891479492188, 145.05506896972656, -26.539466857910156], [-473.6045837402344, -240.74513244628906, 279.5101318359375, 388.3779296875, 149.48512268066406, 89.549560546875, -99.8712387084961, -65.84773254394531, 128.03248596191406, -7.852436065673828, -143.78643798828125, -6.4168314933776855, 77.15253448486328], [-99.11555480957031, 44.608917236328125, -156.87753295898438, 149.48512268066406, 374.54644775390625, -23.671955108642578, -181.08502197265625, -53.60666275024414, 54.80035400390625, 35.6769905090332, -52.87617874145508, -58.32666778564453, 65.2222671508789], [-1396.48828125, 61.898983001708984, 558.2981567382812, 89.549560546875, -23.671955108642578, 603.7365112304688, 151.03042602539062, -130.18663024902344, 238.45545959472656, -11.346790313720703, -173.3055877685547, 131.48826599121094, -59.518428802490234], [-272.7667236328125, 89.59193420410156, 140.09947204589844, -99.8712387084961, -181.08502197265625, 151.03042602539062, 368.6144104003906, 95.83930206298828, -20.3768367767334, -38.269256591796875, 59.8972282409668, 69.50409698486328, -58.23580551147461], [222.3187255859375, 194.65455627441406, -172.2408905029297, -65.84773254394531, -53.60666275024414, -130.18663024902344, 95.83930206298828, 223.0780487060547, -77.33087921142578, -21.235698699951172, 80.99764251708984, -17.69278907775879, 10.519983291625977], [-985.8225708007812, 44.97751998901367, 284.3674011230469, 128.03248596191406, 54.80035400390625, 238.45545959472656, -20.3768367767334, -77.33087921142578, 306.87152099609375, 6.544207572937012, -172.93563842773438, 61.04231262207031, 7.7146382331848145], [173.1223602294922, -92.53997802734375, -22.203994750976562, -7.852436065673828, 35.6769905090332, -11.346790313720703, -38.269256591796875, -21.235698699951172, 6.544207572937012, 117.03655242919922, 34.1392822265625, -14.970741271972656, -5.956010341644287], [806.5440673828125, -34.35737609863281, -246.16891479492188, -143.78643798828125, -52.87617874145508, -173.3055877685547, 59.8972282409668, 80.99764251708984, -172.93563842773438, 34.1392822265625, 251.91978454589844, -21.621692657470703, -28.82286262512207], [-478.69061279296875, 128.57522583007812, 145.05506896972656, -6.4168314933776855, -58.32666778564453, 131.48826599121094, 69.50409698486328, -17.69278907775879, 61.04231262207031, -14.970741271972656, -21.621692657470703, 141.4175567626953, 2.9810943603515625], [19.359132766723633, 20.397857666015625, -26.539466857910156, 77.15253448486328, 65.2222671508789, -59.518428802490234, -58.23580551147461, 10.519983291625977, 7.7146382331848145, -5.956010341644287, -28.82286262512207, 2.9810943603515625, 130.9937744140625]], "lowlevel.mfcc.icov": [[0.00031988893169909716, 0.0002757796028163284, 8.77994389156811e-05, 0.0002426126302452758, 3.780572660616599e-05, 0.00022696502855978906, 0.00013396389840636402, -6.047771603334695e-05, 0.0003781718551181257, -7.643897697562352e-05, -0.0003376679087523371, 0.00026486272690817714, -0.00017268327064812183], [0.0002757796028163284, 0.0007718219421803951, 0.0005420123925432563, 0.0004226049059070647, -2.0378021872602403e-05, -0.00017380867211613804, 0.00018073731916956604, -0.0005366459954530001, 0.00022296697716228664, 0.0001936100743478164, 6.82123500155285e-05, -0.00036832591285929084, -0.00022634962806478143], [8.77994389156811e-05, 0.0005420123925432563, 0.0023308296222239733, -0.0011463623959571123, 0.0013276672689244151, -0.0014004905242472887, -0.00010138162906514481, 0.0001424763904651627, -0.00017689527885522693, -0.00011161667498527095, 0.0005351349245756865, -0.000571101438254118, -0.00016776913253124803], [0.0002426126302452758, 0.0004226049059070647, -0.0011463623959571123, 0.005395589862018824, -0.0019153907196596265, 0.0005191789241507649, 0.0004212308849673718, -0.00043058409937657416, -0.00023974983196239918, 0.000572026998270303, 0.0008313531870953739, 0.0006551031256094575, -0.0018922375747933984], [3.780572660616599e-05, -2.0378021872602403e-05, 0.0013276672689244151, -0.0019153907196596265, 0.005265106912702322, -0.001376770087517798, 0.0015362371923401952, 0.0003535347932484001, -0.0005317054456099868, -0.0008125367457978427, -0.0005188444047234952, 0.0015313016483560205, -0.0013524388195946813], [0.00022696502855978906, -0.00017380867211613804, -0.0014004905242472887, 0.0005191789241507649, -0.001376770087517798, 0.005536625627428293, -0.002286827191710472, 0.0018889677012339234, -0.0010451885173097253, -0.0004993462935090065, 0.0010590845486149192, -0.0014455976197496057, 0.001741547603160143], [0.00013396389840636402, 0.00018073731916956604, -0.00010138162906514481, 0.0004212308849673718, 0.0015362371923401952, -0.002286827191710472, 0.005959898233413696, -0.00288702012039721, 0.000569487048778683, 0.001124661066569388, -0.0017627563793212175, -0.00052301911637187, 0.0004025574598927051], [-6.047771603334695e-05, -0.0005366459954530001, 0.0001424763904651627, -0.00043058409937657416, 0.0003535347932484001, 0.0018889677012339234, -0.00288702012039721, 0.007744699250906706, -0.0005401259986683726, 0.0005751647986471653, -0.0008881486719474196, 0.0010743861785158515, -0.0010101406369358301], [0.0003781718551181257, 0.00022296697716228664, -0.00017689527885522693, -0.00023974983196239918, -0.0005317054456099868, -0.0010451885173097253, 0.000569487048778683, -0.0005401259986683726, 0.007513382937759161, -0.001742159598506987, 0.00302994716912508, -0.0013171379687264562, 0.0002761207288131118], [-7.643897697562352e-05, 0.0001936100743478164, -0.00011161667498527095, 0.000572026998270303, -0.0008125367457978427, -0.0004993462935090065, 0.001124661066569388, 0.0005751647986471653, -0.001742159598506987, 0.010584086179733276, -0.0030251936987042427, 0.0007607161533087492, 0.00015398849791381508], [-0.0003376679087523371, 6.82123500155285e-05, 0.0005351349245756865, 0.0008313531870953739, -0.0005188444047234952, 0.0010590845486149192, -0.0017627563793212175, -0.0008881486719474196, 0.00302994716912508, -0.0030251936987042427, 0.009854917414486408, -0.0023145517334342003, 0.001590331899933517], [0.00026486272690817714, -0.00036832591285929084, -0.000571101438254118, 0.0006551031256094575, 0.0015313016483560205, -0.0014455976197496057, -0.00052301911637187, 0.0010743861785158515, -0.0013171379687264562, 0.0007607161533087492, -0.0023145517334342003, 0.011641315184533596, -0.0028834459371864796], [-0.00017268327064812183, -0.00022634962806478143, -0.00016776913253124803, -0.0018922375747933984, -0.0013524388195946813, 0.001741547603160143, 0.0004025574598927051, -0.0010101406369358301, 0.0002761207288131118, 0.00015398849791381508, 0.001590331899933517, -0.0028834459371864796, 0.010906262323260307]], "metadata.audio_properties.analysis.downmix": "mix", "metadata.audio_properties.codec": "mp3", "metadata.audio_properties.md5_encoded": "a7a071234f7b7834fa3f31bc45123936", "metadata.tags.file_name": "1182285569280184320.mp3", "metadata.version.essentia": "2.1-beta6-dev", "metadata.version.essentia_git_sha": "v2.1_beta5-1110-g77a6a954", "metadata.version.extractor": "music 2.0", 