{"song_id": "1182280577869684837", "download": "https://cdn.discordapp.com/attachments/1128313332273782784/1182280577869684837/chirp.mp4?ex=65841f97&amp", "lyrics": "Ez m\u00e9g csak a ny\u00e1r eleje,\nM\u00e9gis legy\u0151z a ny\u00e1l ereje.\n------\nA sz\u00edvem komor, gyere s\u00fcn,\nOsztozzunk a gyomorkeser\u0171n!\n------\n\u00c1tv\u00e1ltozott Ben Hur-r\u00e1\nA nagy Jedi, Ben. Hurr\u00e1!", "style": ["rock</span><span>, female vocal</span><span>, piano"], "essentia_features": {"lowlevel.average_loudness": 0.9811054468154907, "lowlevel.barkbands_crest.mean": 10.347454071044922, "lowlevel.barkbands_crest.stdev": 3.58392333984375, "lowlevel.barkbands_flatness_db.mean": 0.12449875473976135, "lowlevel.barkbands_flatness_db.stdev": 0.030731458216905594, "lowlevel.barkbands_kurtosis.mean": 2.8732852935791016, "lowlevel.barkbands_kurtosis.stdev": 4.869930267333984, "lowlevel.barkbands_skewness.mean": 1.5731724500656128, "lowlevel.barkbands_skewness.stdev": 1.0198729038238525, "lowlevel.barkbands_spread.mean": 29.196367263793945, "lowlevel.barkbands_spread.stdev": 14.871111869812012, "lowlevel.dissonance.mean": 0.4768311381340027, "lowlevel.dissonance.stdev": 0.018583524972200394, "lowlevel.dynamic_complexity": 1.3429920673370361, "lowlevel.erbbands_crest.mean": 8.34433364868164, "lowlevel.erbbands_crest.stdev": 3.877796173095703, "lowlevel.erbbands_flatness_db.mean": 0.1351245939731598, "lowlevel.erbbands_flatness_db.stdev": 0.02556540258228779, "lowlevel.erbbands_kurtosis.mean": 0.16948390007019043, "lowlevel.erbbands_kurtosis.stdev": 1.3362687826156616, "lowlevel.erbbands_skewness.mean": 0.005255481228232384, "lowlevel.erbbands_skewness.stdev": 0.6740100979804993, "lowlevel.erbbands_spread.mean": 48.057899475097656, "lowlevel.erbbands_spread.stdev": 20.280864715576172, "lowlevel.hfc.mean": 33.29838180541992, "lowlevel.hfc.stdev": 18.51140022277832, "lowlevel.loudness_ebu128.integrated": -15.072420120239258, "lowlevel.loudness_ebu128.loudness_range": 0.7396030426025391, "lowlevel.loudness_ebu128.momentary.mean": -15.138262748718262, "lowlevel.loudness_ebu128.momentary.stdev": 0.7761562466621399, "lowlevel.loudness_ebu128.short_term.mean": -15.077576637268066, "lowlevel.loudness_ebu128.short_term.stdev": 0.23609177768230438, "lowlevel.melbands_crest.mean": 15.332317352294922, "lowlevel.melbands_crest.stdev": 4.481455326080322, "lowlevel.melbands_flatness_db.mean": 0.1780778020620346, "lowlevel.melbands_flatness_db.stdev": 0.03864782303571701, "lowlevel.melbands_kurtosis.mean": 15.808019638061523, "lowlevel.melbands_kurtosis.stdev": 17.763460159301758, "lowlevel.melbands_skewness.mean": 3.1885805130004883, "lowlevel.melbands_skewness.stdev": 1.7762707471847534, "lowlevel.melbands_spread.mean": 26.026958465576172, "lowlevel.melbands_spread.stdev": 15.336665153503418, "lowlevel.pitch_salience.mean": 0.5187199711799622, "lowlevel.pitch_salience.stdev": 0.09265013039112091, "lowlevel.silence_rate_20dB.mean": 1.0, "lowlevel.silence_rate_20dB.stdev": 0.0, "lowlevel.silence_rate_30dB.mean": 0.9980000257492065, "lowlevel.silence_rate_30dB.stdev": 0.04467694088816643, "lowlevel.silence_rate_60dB.mean": 0.0010000000474974513, "lowlevel.silence_rate_60dB.stdev": 0.03160717338323593, "lowlevel.spectral_centroid.mean": 1557.8157958984375, "lowlevel.spectral_centroid.stdev": 510.5752258300781, "lowlevel.spectral_complexity.mean": 28.010000228881836, "lowlevel.spectral_complexity.stdev": 6.887662887573242, "lowlevel.spectral_decrease.mean": -1.0669129579810033e-08, "lowlevel.spectral_decrease.stdev": 4.935366337832647e-09, "lowlevel.spectral_energy.mean": 0.04328804090619087, "lowlevel.spectral_energy.stdev": 0.019083308055996895, "lowlevel.spectral_energyband_high.mean": 0.0017830498982220888, "lowlevel.spectral_energyband_high.stdev": 0.0020927616860717535, "lowlevel.spectral_energyband_low.mean": 0.018933115527033806, "lowlevel.spectral_energyband_low.stdev": 0.014809244312345982, "lowlevel.spectral_energyband_middle_high.mean": 0.008550374768674374, "lowlevel.spectral_energyband_middle_high.stdev": 0.006639538798481226, "lowlevel.spectral_energyband_middle_low.mean": 0.016412684693932533, "lowlevel.spectral_energyband_middle_low.stdev": 0.014426846988499165, "lowlevel.spectral_entropy.mean": 7.8974480628967285, "lowlevel.spectral_entropy.stdev": 0.19707760214805603, "lowlevel.spectral_flux.mean": 0.11096023768186569, "lowlevel.spectral_flux.stdev": 0.04617315158247948, "lowlevel.spectral_kurtosis.mean": 2.4125900268554688, "lowlevel.spectral_kurtosis.stdev": 1.0030063390731812, "lowlevel.spectral_rms.mean": 0.0063429526053369045, "lowlevel.spectral_rms.stdev": 0.0014139220584183931, "lowlevel.spectral_rolloff.mean": 1522.69970703125, "lowlevel.spectral_rolloff.stdev": 1514.81396484375, "lowlevel.spectral_skewness.mean": 1.1916759014129639, "lowlevel.spectral_skewness.stdev": 0.22912079095840454, "lowlevel.spectral_spread.mean": 5081837.0, "lowlevel.spectral_spread.stdev": 1019079.9375, "lowlevel.spectral_strongpeak.mean": 0.8321211338043213, "lowlevel.spectral_strongpeak.stdev": 0.8194965720176697, "lowlevel.zerocrossingrate.mean": 0.06707128882408142, "lowlevel.zerocrossingrate.stdev": 0.029331041499972343, "metadata.audio_properties.analysis.equal_loudness": 0.0, "metadata.audio_properties.analysis.length": 23.189319610595703, "metadata.audio_properties.analysis.sample_rate": 44100.0, "metadata.audio_properties.analysis.start_time": 0.0, "metadata.audio_properties.bit_rate": 116579.0, "metadata.audio_properties.length": 23.189332962036133, "metadata.audio_properties.lossless": 0.0, "metadata.audio_properties.number_channels": 1.0, "metadata.audio_properties.replay_gain": -10.13414192199707, "metadata.audio_properties.sample_rate": 48000.0, "rhythm.beats_count": 61.0, "rhythm.beats_loudness.mean": 0.054597556591033936, "rhythm.beats_loudness.stdev": 0.01762448437511921, "rhythm.bpm": 161.66177368164062, "rhythm.bpm_histogram_first_peak_bpm": 161.0, "rhythm.bpm_histogram_first_peak_weight": 0.4363636374473572, "rhythm.bpm_histogram_second_peak_bpm": 172.0, "rhythm.bpm_histogram_second_peak_spread": 0.0, "rhythm.bpm_histogram_second_peak_weight": 0.05000000074505806, "rhythm.danceability": 1.488775372505188, "rhythm.onset_rate": 2.7576286792755127, "tonal.chords_changes_rate": 0.057884231209754944, "tonal.chords_number_rate": 0.02195608802139759, "tonal.chords_strength.mean": 0.5603851079940796, "tonal.chords_strength.stdev": 0.09318142384290695, "tonal.hpcp_crest.mean": 11.976018905639648, "tonal.hpcp_crest.stdev": 5.343133449554443, "tonal.hpcp_entropy.mean": 2.2880070209503174, "tonal.hpcp_entropy.stdev": 0.818702220916748, "tonal.key_edma.strength": 0.6778302788734436, "tonal.key_krumhansl.strength": 0.6878424286842346, "tonal.key_temperley.strength": 0.6917858123779297, "tonal.tuning_diatonic_strength": 0.7217571139335632, "tonal.tuning_equal_tempered_deviation": 0.20818844437599182, "tonal.tuning_frequency": 437.9714660644531, "tonal.tuning_nontempered_energy_ratio": 0.8249156475067139, "lowlevel.barkbands.mean": [0.00037986927782185376, 0.006857729516923428, 0.00967345293611288, 0.004063987638801336, 0.006396924145519733, 0.0008478502277284861, 0.0013631684705615044, 0.0018602259224280715, 0.0012589598773047328, 0.0013469535624608397, 0.0011539236875250936, 0.0011672648834064603, 0.0011356780305504799, 0.0009711527964100242, 0.0005872698384337127, 0.00043558524339459836, 0.0005886683939024806, 0.000764060823712498, 0.00041309159132651985, 0.0004419442848302424, 0.0003607185499276966, 0.00030571481329388916, 0.00034658750519156456, 0.0003553360002115369, 0.00016282843716908246, 4.8710175178712234e-05, 3.9216018876686576e-07], "lowlevel.barkbands.stdev": [0.0007412483682855964, 0.010684005916118622, 0.007616864982992411, 0.0036711066495627165, 0.010614175349473953, 0.0019968589767813683, 0.0035111710894852877, 0.004121605772525072, 0.0029347946401685476, 0.00267765368334949, 0.002024303423240781, 0.0019284101435914636, 0.0021246010437607765, 0.0015444542514160275, 0.0009542559273540974, 0.0005800597718916833, 0.0005668961675837636, 0.0008347483817487955, 0.0002758701448328793, 0.00032525701681151986, 0.0002601421147119254, 0.00039983162423595786, 0.0006400569691322744, 0.0007836776785552502, 0.00032228330383077264, 0.00010530716099310666, 1.380808157591673e-06], "lowlevel.erbbands.mean": [0.2201579213142395, 1.5359511375427246, 8.4653902053833, 14.731201171875, 23.244646072387695, 15.6862211227417, 10.113860130310059, 7.1202192306518555, 14.935154914855957, 35.356231689453125, 31.50882339477539, 30.690458297729492, 45.22088623046875, 32.221466064453125, 66.55086517333984, 36.3300666809082, 54.63747787475586, 49.80870819091797, 39.742889404296875, 23.298770904541016, 27.427648544311523, 35.19626998901367, 43.26795959472656, 24.86439323425293, 21.370738983154297, 20.943496704101562, 16.635799407958984, 12.287906646728516, 11.238401412963867, 10.844366073608398, 9.39260482788086, 7.553608417510986, 5.747826099395752, 2.4288759231567383, 0.8464691638946533, 0.3104480803012848, 0.06936942785978317, 0.006251916289329529, 0.00016613476327620447, 6.118432793300599e-05], "lowlevel.erbbands.stdev": [0.46552637219429016, 2.0348358154296875, 6.515360355377197, 11.352738380432129, 36.76690673828125, 27.519989013671875, 21.467676162719727, 18.1754150390625, 37.411991119384766, 74.28095245361328, 66.50233459472656, 74.06124114990234, 91.70272064208984, 64.69158935546875, 114.69331359863281, 52.8963508605957, 98.30052185058594, 75.73467254638672, 53.34147644042969, 29.22365379333496, 32.41218566894531, 31.725736618041992, 47.82200241088867, 17.977434158325195, 15.704160690307617, 15.31193733215332, 11.371745109558105, 10.011224746704102, 14.183420181274414, 18.354907989501953, 17.465839385986328, 14.891345024108887, 13.91594123840332, 5.1786789894104, 1.6397230625152588, 0.5904039740562439, 0.1787739247083664, 0.017340177670121193, 0.0003605095553211868, 3.012200068042148e-05], "lowlevel.gfcc.mean": [52.20145034790039, 72.10858917236328, -117.93377685546875, 54.5233154296875, -56.97492980957031, 29.155744552612305, -39.57229995727539, 12.291694641113281, -30.752140045166016, -3.501486301422119, -22.08710479736328, -8.820101737976074, -19.207149505615234], "lowlevel.melbands.mean": [0.0018751476891338825, 0.0036380032543092966, 0.0028320641722530127, 0.0014807182596996427, 0.0004029007686767727, 0.00016116653569042683, 0.00024456618120893836, 0.00042163985199294984, 0.00023569435870740563, 0.00019281853747088462, 0.00022338029521051794, 0.00012427344336174428, 0.00018827299936674535, 0.00015279582294169813, 8.74179822858423e-05, 0.00011563995940377936, 9.413780207978562e-05, 6.921269960002974e-05, 4.22238081227988e-05, 2.650941132742446e-05, 3.293178815511055e-05, 3.399774504941888e-05, 4.4507272832561284e-05, 3.218560595996678e-05, 1.8706306946114637e-05, 1.4887597899360117e-05, 1.6383281035814434e-05, 1.3058991498837713e-05, 1.0428946552565321e-05, 9.017917363962624e-06, 6.4225419009744655e-06, 6.486747679446125e-06, 5.681603397533763e-06, 6.329375537461601e-06, 5.640529252559645e-06, 4.616161731973989e-06, 4.656709734263131e-06, 4.431889010447776e-06, 2.830430730682565e-06, 1.776028284439235e-06], "lowlevel.melbands.stdev": [0.003370590740814805, 0.0026914128102362156, 0.0020274280104786158, 0.002564295195043087, 0.0008299534674733877, 0.000411630782764405, 0.0006285129929892719, 0.0008719300385564566, 0.0004915229510515928, 0.00048471937770955265, 0.00046202068915590644, 0.0002683682832866907, 0.00031456691795028746, 0.0002442755503579974, 0.00014175109390635043, 0.0002218148874817416, 0.00015457191329915076, 9.811748896026984e-05, 7.346815255004913e-05, 3.5388227843213826e-05, 4.0182581869885325e-05, 3.3747561246855184e-05, 5.2884406613884494e-05, 3.626776742748916e-05, 1.426768176315818e-05, 1.0899436347244773e-05, 1.40976362672518e-05, 9.918165233102627e-06, 7.608201485709287e-06, 6.8889294198015705e-06, 5.883389803784667e-06, 8.031514880713075e-06, 8.693215931998566e-06, 1.1567134606593754e-05, 1.0759194992715493e-05, 9.154004146694206e-06, 9.749554010340944e-06, 1.1275146789557766e-05, 6.29055193712702e-06, 3.8021964883228065e-06], "lowlevel.melbands128.mean": [0.0003088546800427139, 0.0018265479011461139, 0.0023066909052431583, 0.0024060385767370462, 0.0035798395983874798, 0.005148461554199457, 0.003015008755028248, 0.0019966796971857548, 0.0026987933088093996, 0.0016026749508455396, 0.000622536928858608, 0.0005893955822102726, 0.00034296419471502304, 0.00017185309843625873, 0.00014104277943260968, 0.0001594848872628063, 0.0001957072818186134, 0.00024798305821605027, 0.0003316183283459395, 0.00037661424721591175, 0.0005589112406596541, 0.0003186062094755471, 0.0001705530157778412, 0.0001666734169702977, 0.00019748536578845233, 0.00020702807523775846, 0.00016750475333537906, 0.00030277660698629916, 0.0001930612197611481, 0.00010290502541465685, 0.00012865487951785326, 9.626060636946931e-05, 0.0001244190352736041, 0.00034794435487128794, 0.00022491424169857055, 6.743469566572458e-05, 7.294066745089367e-05, 6.39057980151847e-05, 0.00010235416993964463, 0.0001692706428002566, 0.00010707564797485247, 6.808358011767268e-05, 7.232442294480279e-05, 0.00014233616821002215, 8.056553633650765e-05, 4.957471173838712e-05, 5.792345473309979e-05, 5.348887134459801e-05, 2.908532587753143e-05, 2.228202356491238e-05, 2.451414184179157e-05, 3.343006392242387e-05, 3.2614170777378604e-05, 3.1450566893909127e-05, 3.582732824725099e-05, 3.282086254330352e-05, 3.407641634112224e-05, 4.2082599975401536e-05, 5.1928527682321146e-05, 4.111402449780144e-05, 3.352962085045874e-05, 2.3140737539506517e-05, 2.093336843245197e-05, 1.764450644259341e-05, 1.4451282368099783e-05, 1.4911978723830543e-05, 1.468890332034789e-05, 1.5451558283530176e-05, 1.7527521777083166e-05, 1.7416477930964902e-05, 1.2734049050777685e-05, 1.1103617907792795e-05, 1.028200495056808e-05, 1.0670885785657447e-05, 1.0176476280321367e-05, 9.798087376111653e-06, 8.33072863315465e-06, 6.794664841436315e-06, 6.061427029635524e-06, 5.7957176977652125e-06, 7.297705906239571e-06, 6.287144060479477e-06, 5.969559424556792e-06, 5.668426638294477e-06, 5.2574191613530274e-06, 6.254268555494491e-06, 6.562751877936535e-06, 6.660645794909215e-06, 5.744353074987885e-06, 4.927900590701029e-06, 4.4911212171427906e-06, 4.761401669384213e-06, 4.365336735645542e-06, 4.553583039523801e-06, 4.949900812789565e-06, 4.694029939855682e-06, 4.44789657194633e-06, 3.960240064770915e-06, 2.635181090226979e-06, 2.4925625439209398e-06, 2.131297151208855e-06, 1.6685473838151665e-06, 1.3401054275163915e-06, 1.091064405045472e-06, 8.42608869788819e-07, 7.537207125096756e-07, 7.925844442979724e-07, 7.177596899055061e-07, 4.5093807443663536e-07, 4.424022677085304e-07, 3.317284722470504e-07, 2.3321167930134834e-07, 2.152258815613095e-07, 1.5640874551081652e-07, 8.767037229517882e-08, 6.584809142395898e-08, 1.837591234732372e-08, 1.3278200761135395e-09, 6.1922797618685355e-12, 5.939207892852183e-12, 5.77737857554439e-12, 5.650358653186416e-12, 5.531924744672789e-12, 5.427093670296035e-12, 5.305538994249126e-12, 5.156979010489948e-12, 5.063860789022989e-12, 5.025743710085351e-12], "lowlevel.melbands128.stdev": [0.0007080005598254502, 0.004304620902985334, 0.0045277392491698265, 0.0034483433701097965, 0.003415446262806654, 0.004262158181518316, 0.0028723436407744884, 0.002196229062974453, 0.004669194109737873, 0.003673152532428503, 0.001334605854935944, 0.0014826060505583882, 0.000878700113389641, 0.0004831321130041033, 0.00042159916483797133, 0.0006624771631322801, 0.0007571461028419435, 0.0007891583372838795, 0.0011792853474617004, 0.001043203053995967, 0.0014104146976023912, 0.0009704675758257508, 0.000548986776266247, 0.0005196142592467368, 0.0006128302775323391, 0.0007045269012451172, 0.0005068711470812559, 0.0007919344934634864, 0.00048344212700612843, 0.00029562634881585836, 0.00040080727194435894, 0.0002304391236975789, 0.00029545577126555145, 0.0007317154668271542, 0.00046397934784181416, 0.0001479264465160668, 0.0001805939245969057, 0.00013949123967904598, 0.00024124101037159562, 0.00037408608477562666, 0.00028654211200773716, 0.00017231768288183957, 0.00015779107343405485, 0.00030258798506110907, 0.00016760443395469338, 9.968850645236671e-05, 0.0001295168767683208, 0.0001267834159079939, 6.090364695410244e-05, 3.324679346405901e-05, 3.949175152229145e-05, 7.314849062822759e-05, 5.6750763178570196e-05, 4.2415227653691545e-05, 4.7517689381493255e-05, 4.210231782053597e-05, 4.353568874648772e-05, 5.930034603807144e-05, 7.990237645572051e-05, 6.296951323747635e-05, 4.730645741801709e-05, 3.124676368315704e-05, 2.1972684407955967e-05, 1.589466046425514e-05, 1.2019511814287398e-05, 1.3330263755051419e-05, 1.4708341950608883e-05, 1.7596359612070955e-05, 1.8704780814005062e-05, 1.8318491129321046e-05, 1.2952767974638846e-05, 9.698850590211805e-06, 9.276345735997893e-06, 1.0266519893775694e-05, 8.69380255608121e-06, 8.980673555925023e-06, 8.089908988040406e-06, 6.870164725114591e-06, 6.546820259245578e-06, 6.828127879998647e-06, 9.708525794849265e-06, 8.251519830082543e-06, 1.0989573638653383e-05, 9.240706276614219e-06, 9.005279025586788e-06, 1.1183202332176734e-05, 1.3500975910574198e-05, 1.3365593076741789e-05, 1.195820550492499e-05, 9.556741133565083e-06, 9.077123650058638e-06, 1.073024031938985e-05, 9.198270163324196e-06, 9.743946975504514e-06, 1.2421552128216717e-05, 1.2066157069057226e-05, 1.213533050758997e-05, 1.0962815395032521e-05, 6.031382326909807e-06, 5.418910404841881e-06, 5.023186531616375e-06, 3.6215992622601334e-06, 3.001680170200416e-06, 2.3253305698744953e-06, 1.9251845060352935e-06, 1.3753867733612424e-06, 1.3980045423522824e-06, 1.3845821058566798e-06, 9.848703257375746e-07, 9.606389994587516e-07, 7.584326340293046e-07, 8.138859470818716e-07, 6.565420562765212e-07, 4.564623168334947e-07, 1.836467049542989e-07, 2.720710483572475e-07, 6.26580600737725e-08, 6.971083266194e-09, 8.823331822116476e-12, 8.431302531142215e-12, 8.219216973692767e-12, 8.03650288677682e-12, 7.883589614454678e-12, 7.756909697897996e-12, 7.655260106376183e-12, 7.572273537370666e-12, 7.496684696628453e-12, 7.444165943393255e-12], "lowlevel.mfcc.mean": [-584.2628173828125, 89.58439636230469, 4.452640056610107, 27.048627853393555, 11.695045471191406, 12.865628242492676, 8.003680229187012, 9.215052604675293, 0.003460046835243702, 2.307480812072754, -1.31430184841156, 0.5041331648826599, -7.151332855224609], "lowlevel.spectral_contrast_coeffs.mean": [-0.6393882036209106, -0.7581039667129517, -0.7734693884849548, -0.794582188129425, -0.7992064356803894, -0.754605233669281], "lowlevel.spectral_contrast_coeffs.stdev": [0.07328721135854721, 0.08063449710607529, 0.07268223166465759, 0.04780678078532219, 0.025279970839619637, 0.0267719104886055], "lowlevel.spectral_contrast_valleys.mean": [-6.500049591064453, -6.710330009460449, -6.988834381103516, -6.989719867706299, -6.6872029304504395, -9.278456687927246], "lowlevel.spectral_contrast_valleys.stdev": [0.5240391492843628, 0.4989868104457855, 0.5775402784347534, 0.33104193210601807, 0.2670044004917145, 0.5116409659385681], "rhythm.beats_loudness_band_ratio.mean": [0.5796323418617249, 0.18266646564006805, 0.13307388126850128, 0.11338070034980774, 0.06344783306121826, 0.04112880676984787], "rhythm.beats_loudness_band_ratio.stdev": [0.14829178154468536, 0.19291488826274872, 0.1230306550860405, 0.12023180723190308, 0.04760539531707764, 0.018160413950681686], "tonal.hpcp.mean": [0.07949834316968918, 0.07092797011137009, 0.09054415673017502, 0.2144865244626999, 0.20722943544387817, 0.07333667576313019, 0.04682576656341553, 0.06297346204519272, 0.20066244900226593, 0.34231922030448914, 0.26803943514823914, 0.1326155960559845, 0.08771844953298569, 0.06589512526988983, 0.04268978163599968, 0.04720783978700638, 0.05768958479166031, 0.051104601472616196, 0.03584771975874901, 0.032195497304201126, 0.033558208495378494, 0.042663414031267166, 0.06049249693751335, 0.1427362859249115, 0.1915757656097412, 0.11290641874074936, 0.08410897850990295, 0.1348918229341507, 0.10752464830875397, 0.07865966856479645, 0.12658768892288208, 0.19064173102378845, 0.21863342821598053, 0.1481788456439972, 0.07073680311441422, 0.0662224218249321], "tonal.hpcp.stdev": [0.2013355940580368, 0.1759580373764038, 0.18253156542778015, 0.3431474566459656, 0.33687731623649597, 0.1701953411102295, 0.12696430087089539, 0.1663179099559784, 0.2702729105949402, 0.3940733075141907, 0.3067047595977783, 0.227049320936203, 0.18863995373249054, 0.1574116051197052, 0.12108666449785233, 0.12355297058820724, 0.16060277819633484, 0.1351928412914276, 0.07980551570653915, 0.0832749530673027, 0.08901012688875198, 0.07853687554597855, 0.10429894924163818, 0.22134356200695038, 0.3248995542526245, 0.1809723824262619, 0.1535404771566391, 0.28193867206573486, 0.21446718275547028, 0.15925341844558716, 0.21871916949748993, 0.2728959023952484, 0.3124379515647888, 0.2536175847053528, 0.17431539297103882, 0.1709393411874771], "rhythm.beats_position": [0.3366893231868744, 0.6965986490249634, 1.0448979139328003, 1.3931972980499268, 1.7414965629577637, 2.11301589012146, 2.4845352172851562, 2.8560543060302734, 3.2391836643218994, 3.6223127841949463, 3.9938321113586426, 4.36535120010376, 4.736870765686035, 5.119999885559082, 5.503129005432129, 5.874648571014404, 6.2461676597595215, 6.617686748504639, 6.989206314086914, 7.360725402832031, 7.755464553833008, 8.138593673706055, 8.521722793579102, 8.904852867126465, 9.276371955871582, 9.659501075744629, 10.031020164489746, 10.402539253234863, 10.77405834197998, 11.145578384399414, 11.528707504272461, 11.911836624145508, 12.283355712890625, 12.666484832763672, 13.049613952636719, 13.421133995056152, 13.8042631149292, 14.175782203674316, 14.547301292419434, 14.93043041229248, 15.301949501037598, 15.673469543457031, 16.04498863220215, 16.428117752075195, 16.811246871948242, 17.19437599182129, 17.577505111694336, 17.949024200439453, 18.32054328918457, 18.703672409057617, 19.086801528930664, 19.458322525024414, 19.82984161376953, 20.20136070251465, 20.584489822387695, 20.967618942260742, 21.33913803100586, 21.722267150878906, 22.105396270751953, 22.47691535949707, 22.848434448242188], "rhythm.bpm_histogram": [0.0, 0.0, 0.0, 0.0, 0.0, 0.0, 0.0, 0.0, 0.0, 0.0, 0.0, 0.0, 0.0, 0.0, 0.0, 0.0, 0.0, 0.0, 0.0, 0.0, 0.0, 0.0, 0.0, 0.0, 0.0, 0.0, 0.0, 0.0, 0.0, 0.0, 0.0, 0.0, 0.0, 0.0, 0.0, 0.0, 0.0, 0.0, 0.0, 0.0, 0.0, 0.0, 0.0, 0.0, 0.0, 0.0, 0.0, 0.0, 0.0, 0.0, 0.0, 0.0, 0.0, 0.0, 0.0, 0.0, 0.0, 0.0, 0.0, 0.0, 0.0, 0.0, 0.0, 0.0, 0.0, 0.0, 0.0, 0.0, 0.0, 0.0, 0.0, 0.0, 0.0, 0.0, 0.0, 0.0, 0.0, 0.0, 0.0, 0.0, 0.0, 0.0, 0.0, 0.0, 0.0, 0.0, 0.0, 0.0, 0.0, 0.0, 0.0, 0.0, 0.0, 0.0, 0.0, 0.0, 0.0, 0.0, 0.0, 0.0, 0.0, 0.0, 0.0, 0.0, 0.0, 0.0, 0.0, 0.0, 0.0, 0.0, 0.0, 0.0, 0.0, 0.0, 0.0, 0.0, 0.0, 0.0, 0.0, 0.0, 0.0, 0.0, 0.0, 0.0, 0.0, 0.0, 0.0, 0.0, 0.0, 0.0, 0.0, 0.0, 0.0, 0.0, 0.0, 0.0, 0.0, 0.0, 0.0, 0.0, 0.0, 0.0, 0.0, 0.0, 0.0, 0.0, 0.0, 0.0, 0.0, 0.0, 0.0, 0.0, 0.01666666753590107, 0.0, 0.0, 0.0, 0.0, 0.4000000059604645, 0.0, 0.0, 0.0, 0.5166666507720947, 0.0, 0.0, 0.0, 0.0, 0.0, 0.01666666753590107, 0.0, 0.0, 0.0, 0.0, 0.05000000074505806, 0.0, 0.0, 0.0, 0.0, 0.0, 0.0, 0.0, 0.0, 0.0, 0.0, 0.0, 0.0, 0.0, 0.0, 0.0, 0.0, 0.0, 0.0, 0.0, 0.0, 0.0, 0.0, 0.0, 0.0, 0.0, 0.0, 0.0, 0.0, 0.0, 0.0, 0.0, 0.0, 0.0, 0.0, 0.0, 0.0, 0.0, 0.0, 0.0, 0.0, 0.0, 0.0, 0.0, 0.0, 0.0, 0.0, 0.0, 0.0, 0.0, 0.0, 0.0, 0.0, 0.0, 0.0, 0.0, 0.0, 0.0, 0.0, 0.0, 0.0, 0.0, 0.0, 0.0, 0.0, 0.0, 0.0, 0.0, 0.0, 0.0, 0.0, 0.0, 0.0, 0.0, 0.0, 0.0, 0.0, 0.0], "tonal.chords_histogram": [28.54291343688965, 0.0, 4.3912177085876465, 1.5968064069747925, 0.7984032034873962, 4.3912177085876465, 0.0, 2.1956088542938232, 0.0, 22.754491806030273, 0.0, 4.990019798278809, 0.0, 0.0, 14.171656608581543, 1.3972055912017822, 0.0, 0.0, 0.0, 0.0, 0.0, 0.0, 13.173652648925781, 1.5968064069747925], "tonal.thpcp": [1.0, 0.7830101847648621, 0.38740330934524536, 0.25624752044677734, 0.1924961358308792, 0.12470752000808716, 0.13790589570999146, 0.16852569580078125, 0.1492893099784851, 0.10472014546394348, 0.09405109286308289, 0.0980319157242775, 0.12463049590587616, 0.1767137050628662, 0.41696837544441223, 0.5596407055854797, 0.3298278748989105, 0.24570335447788239, 0.3940527141094208, 0.31410637497901917, 0.2297845482826233, 0.3697942793369293, 0.5569121241569519, 0.6386829018592834, 0.4328674376010895, 0.20663988590240479, 0.19345223903656006, 0.23223452270030975, 0.20719832181930542, 0.2645021080970764, 0.6265687346458435, 0.605368971824646, 0.21423475444316864, 0.13678976893424988, 0.18396122753620148, 0.5861851572990417], "lowlevel.gfcc.cov": [[776.5790405273438, -161.83724975585938, 36.975372314453125, -188.34451293945312, -53.48251724243164, 80.29961395263672, 37.22991180419922, 64.34154510498047, -31.103397369384766, 8.254594802856445, -28.318666458129883, 46.673797607421875, -93.04716491699219], [-161.83724975585938, 557.79638671875, -147.25140380859375, -7.475841045379639, -17.28118133544922, -107.04515075683594, 67.65869140625, -12.433797836303711, 112.84366607666016, -23.34222984313965, 50.13999938964844, -53.58028793334961, 100.5618667602539], [36.975372314453125, -147.25140380859375, 326.0835266113281, 166.6441192626953, -7.253467082977295, -54.13277816772461, -120.50121307373047, -2.4834485054016113, 16.407428741455078, 72.45602416992188, 10.648346900939941, 33.26115036010742, 14.834284782409668], [-188.34451293945312, -7.475841045379639, 166.6441192626953, 341.81646728515625, 60.88541793823242, -62.17140579223633, -96.3099365234375, -16.368532180786133, 83.80020904541016, 45.685977935791016, 43.34547805786133, -7.4931230545043945, 78.46135711669922], [-53.48251724243164, -17.28118133544922, -7.253467082977295, 60.88541793823242, 166.64736938476562, 94.1166000366211, 48.0474739074707, -8.718493461608887, -2.83101749420166, 13.539533615112305, 25.902355194091797, 16.452367782592773, 16.52484703063965], [80.29961395263672, -107.04515075683594, -54.13277816772461, -62.17140579223633, 94.1166000366211, 225.3351593017578, 165.1334228515625, 47.67654037475586, -48.892066955566406, -24.714683532714844, 21.005596160888672, 24.164386749267578, -22.923473358154297], [37.22991180419922, 67.65869140625, -120.50121307373047, -96.3099365234375, 48.0474739074707, 165.1334228515625, 267.2503356933594, 98.67413330078125, -7.982656002044678, -43.855628967285156, 35.65938949584961, 29.3078556060791, -9.540650367736816], [64.34154510498047, -12.433797836303711, -2.4834485054016113, -16.368532180786133, -8.718493461608887, 47.67654037475586, 98.67413330078125, 163.07521057128906, 83.1517105102539, 25.654550552368164, 8.084053039550781, 10.175860404968262, 0.13646118342876434], [-31.103397369384766, 112.84366607666016, 16.407428741455078, 83.80020904541016, -2.83101749420166, -48.892066955566406, -7.982656002044678, 83.1517105102539, 174.20602416992188, 73.40133666992188, 24.326807022094727, -26.497825622558594, 41.21173858642578], [8.254594802856445, -23.34222984313965, 72.45602416992188, 45.685977935791016, 13.539533615112305, -24.714683532714844, -43.855628967285156, 25.654550552368164, 73.40133666992188, 111.6032485961914, 36.127315521240234, 15.865121841430664, 6.397524833679199], [-28.318666458129883, 50.13999938964844, 10.648346900939941, 43.34547805786133, 25.902355194091797, 21.005596160888672, 35.65938949584961, 8.084053039550781, 24.326807022094727, 36.127315521240234, 96.19789123535156, 42.655113220214844, 18.02692985534668], [46.673797607421875, -53.58028793334961, 33.26115036010742, -7.4931230545043945, 16.452367782592773, 24.164386749267578, 29.3078556060791, 10.175860404968262, -26.497825622558594, 15.865121841430664, 42.655113220214844, 86.43720245361328, 8.457989692687988], [-93.04716491699219, 100.5618667602539, 14.834284782409668, 78.46135711669922, 16.52484703063965, -22.923473358154297, -9.540650367736816, 0.13646118342876434, 41.21173858642578, 6.397524833679199, 18.02692985534668, 8.457989692687988, 97.23139190673828]], "lowlevel.gfcc.icov": [[0.001959773013368249, -0.0003188732953276485, -0.0007098774658516049, 0.000979077653028071, 0.000651518814265728, -0.00161458901129663, 0.001019550021737814, -0.00025819323491305113, -0.00111269555054605, 0.0005123126902617514, 0.0008301787311211228, -0.0018852474167943, 0.00158046861179173], [-0.0003188732953276485, 0.00793699361383915, -0.0001767768117133528, 0.003817271674051881, -0.0025853444822132587, 0.008500219322741032, -0.006750716827809811, 0.0042395759373903275, -0.00455749174579978, 0.003432540688663721, -0.007046263664960861, 0.0075746257789433, -0.007438997738063335], [-0.0007098774658516049, -0.0001767768117133528, 0.006907770875841379, -0.004419674165546894, 0.0017528621247038245, -0.000768248166423291, 0.0018924509640783072, -0.0018240874633193016, 0.0032778389286249876, -0.004385924432426691, 0.0021469020284712315, -0.002607267815619707, 0.0004533305764198303], [0.000979077653028071, 0.003817271674051881, -0.004419674165546894, 0.010149902664124966, -0.004624808207154274, 0.004397828131914139, -0.001186504028737545, 0.002159308874979615, -0.005900469142943621, 0.0058007752522826195, -0.0072763096541166306, 0.005505161359906197, -0.0058344947174191475], [0.000651518814265728, -0.0025853444822132587, 0.0017528621247038245, -0.004624808207154274, 0.01243796106427908, -0.009250408038496971, 0.0017816084437072277, 0.001965667586773634, 0.00040631365845911205, -0.004313291981816292, 0.004691953770816326, -0.005274789873510599, 0.0023397791665047407], [-0.00161458901129663, 0.008500219322741032, -0.000768248166423291, 0.004397828131914139, -0.009250408038496971, 0.022992540150880814, -0.013902771286666393, 0.0016655286308377981, 0.0013087443076074123, 0.0018183902138844132, -0.009143599309027195, 0.012047536671161652, -0.008168843574821949], [0.001019550021737814, -0.006750716827809811, 0.0018924509640783072, -0.001186504028737545, 0.0017816084437072277, -0.013902771286666393, 0.019123423844575882, -0.00959897879511118, 0.0022475142031908035, 0.0031600540969520807, 0.0012529764790087938, -0.008496749214828014, 0.006282017100602388], [-0.00025819323491305113, 0.0042395759373903275, -0.0018240874633193016, 0.002159308874979615, 0.001965667586773634, 0.0016655286308377981, -0.00959897879511118, 0.018605923280119896, -0.013157445006072521, 0.0016958639025688171, 0.0015237218467518687, -0.001046180259436369, -0.001731712487526238], [-0.00111269555054605, -0.00455749174579978, 0.0032778389286249876, -0.005900469142943621, 0.00040631365845911205, 0.0013087443076074123, 0.0022475142031908035, -0.013157445006072521, 0.02497922256588936, -0.013869513757526875, 0.0006289879675023258, 0.006431467365473509, -0.001962397014722228], [0.0005123126902617514, 0.003432540688663721, -0.004385924432426691, 0.0058007752522826195, -0.004313291981816292, 0.0018183902138844132, 0.0031600540969520807, 0.0016958639025688171, -0.013869513757526875, 0.024219825863838196, -0.00959230586886406, -0.0009334601927548647, 0.0005424648406915367], [0.0008301787311211228, -0.007046263664960861, 0.0021469020284712315, -0.0072763096541166306, 0.004691953770816326, -0.009143599309027195, 0.0012529764790087938, 0.0015237218467518687, 0.0006289879675023258, -0.00959230586886406, 0.02724711038172245, -0.017452677711844444, 0.007624905090779066], [-0.0018852474167943, 0.0075746257789433, -0.002607267815619707, 0.005505161359906197, -0.005274789873510599, 0.012047536671161652, -0.008496749214828014, -0.001046180259436369, 0.006431467365473509, -0.0009334601927548647, -0.017452677711844444, 0.03142477944493294, -0.012940661981701851], [0.00158046861179173, -0.007438997738063335, 0.0004533305764198303, -0.0058344947174191475, 0.0023397791665047407, -0.008168843574821949, 0.006282017100602388, -0.001731712487526238, -0.001962397014722228, 0.0005424648406915367, 0.007624905090779066, -0.012940661981701851, 0.022933384403586388]], "lowlevel.mfcc.cov": [[703.8433227539062, -21.528959274291992, -25.443042755126953, -189.59014892578125, -82.5035171508789, -20.41295623779297, 40.60329055786133, 80.43954467773438, -0.7176758050918579, -4.21617317199707, 52.486106872558594, 20.56800079345703, -31.625314712524414], [-21.528959274291992, 441.08343505859375, -133.0857391357422, -34.64912033081055, -104.81293487548828, -39.67094802856445, -13.302726745605469, 6.5577392578125, 34.771217346191406, 7.247531890869141, 20.002880096435547, -1.3157998323440552, 0.7331884503364563], [-25.443042755126953, -133.0857391357422, 298.5009460449219, 156.43399047851562, 77.39696502685547, -45.91129684448242, -90.63580322265625, -70.66429138183594, -8.766459465026855, 21.631282806396484, -15.754190444946289, -2.85866641998291, 56.49472427368164], [-189.59014892578125, -34.64912033081055, 156.43399047851562, 323.8309326171875, 136.9548797607422, -24.55405616760254, -134.34182739257812, -91.3954086303711, 8.419187545776367, 41.8587760925293, -25.0364990234375, -7.126830101013184, 74.99422454833984], [-82.5035171508789, -104.81293487548828, 77.39696502685547, 136.9548797607422, 191.77783203125, 44.69086837768555, -55.505531311035156, -73.76917266845703, -3.1761250495910645, 32.7281379699707, -22.269121170043945, -5.0631184577941895, 26.58737564086914], [-20.41295623779297, -39.67094802856445, -45.91129684448242, -24.55405616760254, 44.69086837768555, 144.95675659179688, 105.84888458251953, 27.154409408569336, -20.127954483032227, -15.802485466003418, -3.8985867500305176, 7.936774253845215, -13.961175918579102], [40.60329055786133, -13.302726745605469, -90.63580322265625, -134.34182739257812, -55.505531311035156, 105.84888458251953, 238.0025177001953, 143.90829467773438, -2.3450260162353516, -37.79356384277344, 21.33325958251953, 40.340206146240234, -26.289743423461914], [80.43954467773438, 6.5577392578125, -70.66429138183594, -91.3954086303711, -73.76917266845703, 27.154409408569336, 143.90829467773438, 180.119873046875, 54.03941345214844, 1.0926034450531006, 37.25244903564453, 37.95396423339844, -7.658544540405273], [-0.7176758050918579, 34.771217346191406, -8.766459465026855, 8.419187545776367, -3.1761250495910645, -20.127954483032227, -2.3450260162353516, 54.03941345214844, 117.71402740478516, 76.70448303222656, 28.22360610961914, 0.34290552139282227, 8.123066902160645], [-4.21617317199707, 7.247531890869141, 21.631282806396484, 41.8587760925293, 32.7281379699707, -15.802485466003418, -37.79356384277344, 1.0926034450531006, 76.70448303222656, 116.26191711425781, 43.0633430480957, 2.5192067623138428, 18.17274284362793], [52.486106872558594, 20.002880096435547, -15.754190444946289, -25.0364990234375, -22.269121170043945, -3.8985867500305176, 21.33325958251953, 37.25244903564453, 28.22360610961914, 43.0633430480957, 83.47303009033203, 51.356346130371094, 17.25840187072754], [20.56800079345703, -1.3157998323440552, -2.85866641998291, -7.126830101013184, -5.0631184577941895, 7.936774253845215, 40.340206146240234, 37.95396423339844, 0.34290552139282227, 2.5192067623138428, 51.356346130371094, 96.31531524658203, 48.268035888671875], [-31.625314712524414, 0.7331884503364563, 56.49472427368164, 74.99422454833984, 26.58737564086914, -13.961175918579102, -26.289743423461914, -7.658544540405273, 8.123066902160645, 18.17274284362793, 17.25840187072754, 48.268035888671875, 88.73167419433594]], "lowlevel.mfcc.icov": [[0.0019511276623234153, -1.0119420039700344e-05, -0.0006014457321725786, 0.0015439102426171303, -0.0003208837879355997, -0.00013238914834801108, 0.0012975980062037706, -0.001561697106808424, 0.0008539716945961118, -7.077500777086243e-05, -0.001020300667732954, 0.00023575320665258914, 0.00010505456157261506], [-1.0119420039700344e-05, 0.003450203686952591, 0.0018993166740983725, -0.0009538793237879872, 0.0023025176487863064, 0.0003167700197082013, -0.0004276384424883872, 0.0018441269639879465, -0.0016452907584607601, 0.000467193458462134, -0.0005501773557625711, 0.00042738503543660045, -0.0011133503867313266], [-0.0006014457321725786, 0.0018993166740983725, 0.006291619967669249, -0.002514642896130681, 0.0002967762993648648, 0.0022904949728399515, -0.0015889812493696809, 0.002160579664632678, -0.00026356062153354287, -0.0001409867691108957, -7.900929631432518e-06, 0.0011571119539439678, -0.0026983008719980717], [0.0015439102426171303, -0.0009538793237879872, -0.002514642896130681, 0.008552808314561844, -0.003963255789130926, -0.0008813250460661948, 0.003976918291300535, -0.0027842337731271982, 0.0010498379124328494, -0.0004418491735123098, 0.0003800845588557422, 0.0012388299219310284, -0.0038360345643013716], [-0.0003208837879355997, 0.0023025176487863064, 0.0002967762993648648, -0.003963255789130926, 0.012983180582523346, -0.005641003604978323, 0.0009034720133058727, 0.004061446990817785, -0.0016155646881088614, -0.0033721732906997204, 0.003881411626935005, -0.003390358295291662, 0.0007956097251735628], [-0.00013238914834801108, 0.0003167700197082013, 0.0022904949728399515, -0.0008813250460661948, -0.005641003604978323, 0.016454819589853287, -0.010789849795401096, 0.003597646951675415, 0.0014832621673122048, -0.0004594047786667943, -0.0009446792537346482, 0.0022107409313321114, -0.000430868414696306], [0.0012975980062037706, -0.0004276384424883872, -0.0015889812493696809, 0.003976918291300535, 0.0009034720133058727, -0.010789849795401096, 0.019449898973107338, -0.013082166202366352, 0.0034173878375440836, 0.0007163247209973633, 0.0011695533758029342, -0.00383878406137228, 0.00218281545676291], [-0.001561697106808424, 0.0018441269639879465, 0.002160579664632678, -0.0027842337731271982, 0.004061446990817785, 0.003597646951675415, -0.013082166202366352, 0.021183954551815987, -0.011322741396725178, 0.003592436434701085, -0.0017037676880136132, -0.0014402195811271667, -0.0008771803113631904], [0.0008539716945961118, -0.0016452907584607601, -0.00026356062153354287, 0.0010498379124328494, -0.0016155646881088614, 0.0014832621673122048, 0.0034173878375440836, -0.011322741396725178, 0.023312870413064957, -0.014684520661830902, 0.0026394021697342396, 0.0016851534601300955, -0.00020562256395351142], [-7.077500777086243e-05, 0.000467193458462134, -0.0001409867691108957, -0.0004418491735123098, -0.0033721732906997204, -0.0004594047786667943, 0.0007163247209973633, 0.003592436434701085, -0.014684520661830902, 0.025145472958683968, -0.0144197391346097, 0.006550919264554977, -0.002669944893568754], [-0.001020300667732954, -0.0005501773557625711, -7.900929631432518e-06, 0.0003800845588557422, 0.003881411626935005, -0.0009446792537346482, 0.0011695533758029342, -0.0017037676880136132, 0.0026394021697342396, -0.0144197391346097, 0.03075474314391613, -0.01758987084031105, 0.0045107766054570675], [0.00023575320665258914, 0.00042738503543660045, 0.0011571119539439678, 0.0012388299219310284, -0.003390358295291662, 0.0022107409313321114, -0.00383878406137228, -0.0014402195811271667, 0.0016851534601300955, 0.006550919264554977, -0.01758987084031105, 0.029308106750249863, -0.015618856064975262], [0.00010505456157261506, -0.0011133503867313266, -0.0026983008719980717, -0.0038360345643013716, 0.0007956097251735628, -0.000430868414696306, 0.00218281545676291, -0.0008771803113631904, -0.00020562256395351142, -0.002669944893568754, 0.0045107766054570675, -0.015618856064975262, 0.024726133793592453]], "metadata.audio_properties.analysis.downmix": "mix", "metadata.audio_properties.codec": "mp3", "metadata.audio_properties.md5_encoded": "851b3a3de779f249cf23bb41aaaecf67", "metadata.tags.file_name": "1182280577869684837.mp3", "metadata.version.essentia": "2.1-beta6-dev", "metadata.version.essentia_git_sha": "v2.1_beta5-1110-g77a6a954", "metadata.version.extractor": "music 2.0", "tonal.chords_key": "F", "tonal.chords_scale": "minor", "tonal.key_edma.key": "F", "tonal.key_edma.scale": "minor", "tonal.key_krumhansl.key": "F", "tonal.key_krumhansl.scale": "minor", "tonal.key_temperley.key": "F", "tonal.key_temperley.scale": "minor", "metadata.tags.encoding": ["Lavf58.45.100"]}, "essentia_models": [{"model_name": "genre_dortmund", "activations": {"alternative