{"song_id": "1182275331353219135", "download": "https://cdn.discordapp.com/attachments/1128313332273782784/1182275331353219135/chirp.mp4?ex=65841ab4&amp", "lyrics": "[Verse]\n\u0412 \u0421\u0422\u041e \u043e\u043d - \u043a\u043e\u0440\u043e\u043b\u044c, \u0432\u043b\u0430\u0434\u044b\u043a\u0430 \u0441\u0432\u0430\u0440\u043a\u0438, \u0432\u044b\u0445\u043b\u043e\u043f\u043d\u044b\u0445 \u0438 \u0448\u0438\u043d\n\u041d\u043e \u043f\u043e\u043a\u0430 \u043e\u043d \u043a\u0440\u0443\u0442\u0438\u0442 \u0433\u0430\u0439\u043a\u0438, \u0435\u043c\u0443 \u0442\u043e\u043b\u044c\u043a\u043e \u043f\u0440\u0435\u0434\u0441\u0442\u043e\u0438\u0442 \u0434\u043e\u0441\u0442\u0438\u0447\u044c \u0432\u0435\u0440\u0448\u0438\u043d (brr yeah)\n'\u0421\u0442\u0430\u0440\u044b\u0439 \u0433\u043e\u043b\u044c\u0444 \u0438\u043b\u0438 \u043b\u0443\u043f\u0430\u200c\u0442\u044b\u0439 \u043c\u0435\u0440\u0441', \u2013 \u0432\u0438\u0442\u0430\u0435\u0442 \u0432 \u0443\u043c\u0435 \u043b\u0435\u043f\u043e\u0442\u0430 \n\u041f\u0435\u0440\u0435\u0434 \u0433\u043b\u0430\u0437\u0430\u043c\u0430 \u0435\u0437\u0434\u0438\u0442 \u043c\u0435\u0447\u0442\u0430, \u0430 \u043d\u0430 \u0441\u0442\u0435\u043d\u0430\u0445 \u0433\u0430\u0440\u0430\u0436\u0430 \u0432\u0438\u0441\u0438\u0442 \u0441\u0440\u0430\u043c\u043e\u0442\u0430 (scr)\n\u041d\u043e \u0440\u0435\u0430\u043b\u044c\u043d\u043e\u0441\u0442\u044c \u0431\u043e\u043b\u0435\u0435 \u0441\u0430\u0442\u0438\u0440\u0438\u0441\u0442\u0438\u200c\u0447\u043d\u0430, \u043e\u043d \u0441\u043d\u043e\u0432\u0430 \u0438\u0434\u0451\u0442 \u043d\u0430 \u0440\u0430\u0431\u043e\u0442\u0443 \u0441 \u0443\u0442\u0440\u0430\u200c (nah nah)\n\n[Chorus]\n\u0418 \u0442\u043e\u043b\u044c\u043a\u043e \u043e\u0434\u0438\u043d \u043f\u0440\u0438\u043d\u0446\u0438\u043f \u0437\u043d\u0430\u0435\u0442 \u041c\u0430\u043a\u0441 \u043f\u043e \u0436\u0438\u0437\u043d\u0438\nWork hard, pays off! (yeah)\n\u041f\u043e\u0436\u0435\u043b\u0430\u0435\u043c \u0436\u0435 \u0435\u043c\u0443 \u0443\u0434\u0430\u0447\u0438, \u0447\u0442\u043e\u0431\u044b \u043d\u0435 \u0432\u0441\u0442\u0440\u0435\u0447\u0430\u043b\u0438\u0441\u044c \u043d\u0430 \u043f\u0443\u0442\u0438 \u0440\u0430\u0437\u043d\u044b\u0435 \u0441\u043b\u0438\u0437\u043d\u0438. (scr)\n\u0412\u0435\u0434\u044c \u044d\u0442\u043e \u0436\u0438\u0437\u043d\u044c, \u0439\u043e\u0443 \u0439\u043e\u0443 (brr)", "style": ["slow and soft major melodic electronic"], "essentia_features": {"lowlevel.average_loudness": 0.9626408219337463, "lowlevel.barkbands_crest.mean": 16.189895629882812, "lowlevel.barkbands_crest.stdev": 5.706246852874756, "lowlevel.barkbands_flatness_db.mean": 0.29616281390190125, "lowlevel.barkbands_flatness_db.stdev": 0.12502479553222656, "lowlevel.barkbands_kurtosis.mean": 25.691587448120117, "lowlevel.barkbands_kurtosis.stdev": 50.62417221069336, "lowlevel.barkbands_skewness.mean": 3.4053287506103516, "lowlevel.barkbands_skewness.stdev": 2.9069197177886963, "lowlevel.barkbands_spread.mean": 11.063586235046387, "lowlevel.barkbands_spread.stdev": 13.159862518310547, "lowlevel.dissonance.mean": 0.43004125356674194, "lowlevel.dissonance.stdev": 0.06868724524974823, "lowlevel.dynamic_complexity": 1.294891595840454, "lowlevel.erbbands_crest.mean": 11.1222505569458, "lowlevel.erbbands_crest.stdev": 4.0193352699279785, "lowlevel.erbbands_flatness_db.mean": 0.2399970442056656, "lowlevel.erbbands_flatness_db.stdev": 0.10482406616210938, "lowlevel.erbbands_kurtosis.mean": 1.7573219537734985, "lowlevel.erbbands_kurtosis.stdev": 4.0262370109558105, "lowlevel.erbbands_skewness.mean": 0.5100299715995789, "lowlevel.erbbands_skewness.stdev": 1.0958014726638794, "lowlevel.erbbands_spread.mean": 36.19736862182617, "lowlevel.erbbands_spread.stdev": 32.97970199584961, "lowlevel.hfc.mean": 21.08116912841797, "lowlevel.hfc.stdev": 19.037948608398438, "lowlevel.loudness_ebu128.integrated": -13.678304672241211, "lowlevel.loudness_ebu128.loudness_range": 1.5357227325439453, "lowlevel.loudness_ebu128.momentary.mean": -14.031058311462402, "lowlevel.loudness_ebu128.momentary.stdev": 1.745810866355896, "lowlevel.loudness_ebu128.short_term.mean": -13.623756408691406, "lowlevel.loudness_ebu128.short_term.stdev": 0.5642734169960022, "lowlevel.melbands_crest.mean": 22.07625389099121, "lowlevel.melbands_crest.stdev": 9.894275665283203, "lowlevel.melbands_flatness_db.mean": 0.37482354044914246, "lowlevel.melbands_flatness_db.stdev": 0.154743954539299, "lowlevel.melbands_kurtosis.mean": 51.64748001098633, "lowlevel.melbands_kurtosis.stdev": 95.6108627319336, "lowlevel.melbands_skewness.mean": 4.592717170715332, "lowlevel.melbands_skewness.stdev": 3.9426615238189697, "lowlevel.melbands_spread.mean": 10.442939758300781, "lowlevel.melbands_spread.stdev": 12.843528747558594, "lowlevel.pitch_salience.mean": 0.43167752027511597, "lowlevel.pitch_salience.stdev": 0.23860517144203186, "lowlevel.silence_rate_20dB.mean": 1.0, "lowlevel.silence_rate_20dB.stdev": 0.0, "lowlevel.silence_rate_30dB.mean": 0.6208494305610657, "lowlevel.silence_rate_30dB.stdev": 0.4851767420768738, "lowlevel.silence_rate_60dB.mean": 0.00231660227291286, "lowlevel.silence_rate_60dB.stdev": 0.04807528853416443, "lowlevel.spectral_centroid.mean": 974.8969116210938, "lowlevel.spectral_centroid.stdev": 665.1237182617188, "lowlevel.spectral_complexity.mean": 14.684942245483398, "lowlevel.spectral_complexity.stdev": 9.275753021240234, "lowlevel.spectral_decrease.mean": -1.8880895069628423e-08, "lowlevel.spectral_decrease.stdev": 1.6049309436994008e-08, "lowlevel.spectral_energy.mean": 0.07317295670509338, "lowlevel.spectral_energy.stdev": 0.06072084605693817, "lowlevel.spectral_energyband_high.mean": 0.0007736991392448545, "lowlevel.spectral_energyband_high.stdev": 0.0018441706197336316, "lowlevel.spectral_energyband_low.mean": 0.05421339347958565, "lowlevel.spectral_energyband_low.stdev": 0.06665221601724625, "lowlevel.spectral_energyband_middle_high.mean": 0.003435496473684907, "lowlevel.spectral_energyband_middle_high.stdev": 0.004726933781057596, "lowlevel.spectral_energyband_middle_low.mean": 0.01498363446444273, "lowlevel.spectral_energyband_middle_low.stdev": 0.01322886161506176, "lowlevel.spectral_entropy.mean": 6.790248870849609, "lowlevel.spectral_entropy.stdev": 0.9795666933059692, "lowlevel.spectral_flux.mean": 0.07899969071149826, "lowlevel.spectral_flux.stdev": 0.057396043092012405, "lowlevel.spectral_kurtosis.mean": 42.4972038269043, "lowlevel.spectral_kurtosis.stdev": 94.96833038330078, "lowlevel.spectral_rms.mean": 0.007642399985343218, "lowlevel.spectral_rms.stdev": 0.0036030279006808996, "lowlevel.spectral_rolloff.mean": 848.529052734375, "lowlevel.spectral_rolloff.stdev": 1419.3289794921875, "lowlevel.spectral_skewness.mean": 3.690678834915161, "lowlevel.spectral_skewness.stdev": 3.809229612350464, "lowlevel.spectral_spread.mean": 4004466.75, "lowlevel.spectral_spread.stdev": 3065393.5, "lowlevel.spectral_strongpeak.mean": 0.8129835724830627, "lowlevel.spectral_strongpeak.stdev": 0.5284314751625061, "lowlevel.zerocrossingrate.mean": 0.03404734283685684, "lowlevel.zerocrossingrate.stdev": 0.03399540111422539, "metadata.audio_properties.analysis.equal_loudness": 0.0, "metadata.audio_properties.analysis.length": 30.03628158569336, "metadata.audio_properties.analysis.sample_rate": 44100.0, "metadata.audio_properties.analysis.start_time": 0.0, "metadata.audio_properties.bit_rate": 121622.0, "metadata.audio_properties.length": 30.03733253479004, "metadata.audio_properties.lossless": 0.0, "metadata.audio_properties.number_channels": 1.0, "metadata.audio_properties.replay_gain": -11.853445053100586, "metadata.audio_properties.sample_rate": 48000.0, "rhythm.beats_count": 62.0, "rhythm.beats_loudness.mean": 0.06263034045696259, "rhythm.beats_loudness.stdev": 0.043917667120695114, "rhythm.bpm": 125.81656646728516, "rhythm.bpm_histogram_first_peak_bpm": 126.0, "rhythm.bpm_histogram_first_peak_weight": 0.38983047008514404, "rhythm.bpm_histogram_second_peak_bpm": 120.0, "rhythm.bpm_histogram_second_peak_spread": 0.0, "rhythm.bpm_histogram_second_peak_weight": 0.016393441706895828, "rhythm.danceability": 1.075689435005188, "rhythm.onset_rate": 5.389538764953613, "tonal.chords_changes_rate": 0.026234567165374756, "tonal.chords_number_rate": 0.003086419776082039, "tonal.chords_strength.mean": 0.39450857043266296, "tonal.chords_strength.stdev": 0.08268724381923676, "tonal.hpcp_crest.mean": 17.008947372436523, "tonal.hpcp_crest.stdev": 7.373169898986816, "tonal.hpcp_entropy.mean": 1.619690179824829, "tonal.hpcp_entropy.stdev": 0.7303365468978882, "tonal.key_edma.strength": 0.7086324095726013, "tonal.key_krumhansl.strength": 0.7056451439857483, "tonal.key_temperley.strength": 0.6997236013412476, "tonal.tuning_diatonic_strength": 0.514882504940033, "tonal.tuning_equal_tempered_deviation": 0.2660452723503113, "tonal.tuning_frequency": 434.193115234375, "tonal.tuning_nontempered_energy_ratio": 0.9825531840324402, "lowlevel.barkbands.mean": [0.008151690475642681, 0.04520328342914581, 0.0007035672315396369, 0.0010218953248113394, 0.0021649079862982035, 0.007301667705178261, 0.001769857481122017, 0.0007589720189571381, 0.0018142072949558496, 0.00037743020220659673, 0.00028304648003540933, 0.0003578021132852882, 0.00026795067242346704, 0.00031855457928031683, 0.00032121609547175467, 0.0003282864054199308, 0.0005557017284445465, 0.0003408269549254328, 0.00027300373767502606, 0.00013821969332639128, 0.00011085595178883523, 0.00011707549856510013, 0.00011264094064245, 0.0002263333590235561, 0.00010202267003478482, 5.15155479661189e-05, 4.208149562145991e-07], "lowlevel.barkbands.stdev": [0.015162840485572815, 0.05970104783773422, 0.003232510294765234, 0.0035312697291374207, 0.0043011377565562725, 0.006838307250291109, 0.0034452902618795633, 0.001433679135516286, 0.0020137252286076546, 0.0011880502570420504, 0.001208633417263627, 0.0014905434800311923, 0.0008463034173473716, 0.0009110059472732246, 0.0009064585901796818, 0.0008084914879873395, 0.0010926780523732305, 0.000674909504596144, 0.0005493206554092467, 0.00044150123721919954, 0.0003749355673789978, 0.00037836426054127514, 0.0003098038141615689, 0.0005336985923349857, 0.00030048811458982527, 0.000146117847179994, 2.621915200506919e-06], "lowlevel.erbbands.mean": [2.3253018856048584, 6.135549545288086, 1.64247727394104, 2.566363573074341, 2.989677667617798, 10.39990234375, 26.843542098999023, 69.85921478271484, 32.88818359375, 22.238494873046875, 17.034677505493164, 46.63493347167969, 21.80400848388672, 10.335580825805664, 13.846437454223633, 13.018654823303223, 11.504823684692383, 17.71721839904785, 15.854605674743652, 16.978113174438477, 20.125011444091797, 33.4099235534668, 20.170814514160156, 15.125283241271973, 12.490896224975586, 6.160318851470947, 4.4305291175842285, 4.455435752868652, 4.699916362762451, 2.859506368637085, 3.3884806632995605, 5.832000255584717, 2.7771718502044678, 1.3280739784240723, 0.5984171628952026, 0.30840015411376953, 0.07905784249305725, 0.005973062943667173, 0.00016626394062768668, 8.933049684856087e-05], "lowlevel.erbbands.stdev": [2.9263081550598145, 10.27668285369873, 3.5370724201202393, 8.89101505279541, 10.290785789489746, 17.381792068481445, 30.873212814331055, 66.1695327758789, 52.71751022338867, 40.20446014404297, 29.444555282592773, 50.05038833618164, 37.246604919433594, 32.24124526977539, 57.491111755371094, 53.65983200073242, 34.10463333129883, 51.216529846191406, 42.31380081176758, 45.49689483642578, 45.19950485229492, 65.38075256347656, 38.1091423034668, 28.401899337768555, 28.45469093322754, 19.07082748413086, 15.2071533203125, 14.934976577758789, 15.450478553771973, 9.046457290649414, 9.003771781921387, 13.64024829864502, 6.928018569946289, 3.922910213470459, 1.7694791555404663, 0.8968689441680908, 0.22649697959423065, 0.021621359512209892, 0.0004398362652864307, 6.987991218920797e-05], "lowlevel.gfcc.mean": [-61.03581237792969, 117.73023986816406, -82.75237274169922, 7.234827995300293, -67.5036849975586, -13.249360084533691, -56.2213020324707, 23.135347366333008, -12.498648643493652, -7.842094898223877, -5.342710494995117, -0.4405854046344757, -5.444404125213623], "lowlevel.melbands.mean": [0.016487324610352516, 0.002889487659558654, 0.0004214478249195963, 0.00044501954107545316, 0.0008501517586410046, 0.001491058967076242, 0.0004823225026484579, 0.00022684257419314235, 0.00013057597971055657, 0.0003131508710794151, 0.00010164768900722265, 4.039028499391861e-05, 4.242721479386091e-05, 4.1558261727914214e-05, 2.661882717802655e-05, 2.9024393370491453e-05, 3.277331416029483e-05, 2.4614259018562734e-05, 2.3901204258436337e-05, 2.140978176612407e-05, 2.2793545213062316e-05, 3.5881697840522975e-05, 2.5483879653620534e-05, 1.377312310069101e-05, 1.1970359082624782e-05, 1.063070976670133e-05, 6.7220194068795536e-06, 3.3864744182210416e-06, 2.6486350179766305e-06, 2.8351012133498443e-06, 2.4517407837265637e-06, 2.7563239655137295e-06, 2.0622794636437902e-06, 1.4514656641040347e-06, 1.616529630155128e-06, 2.847746145562269e-06, 3.960725734941661e-06, 2.185626726713963e-06, 1.2488828815548914e-06, 1.0529458904784406e-06], "lowlevel.melbands.stdev": [0.020881133154034615, 0.004918430000543594, 0.0015034097013995051, 0.0008677985752001405, 0.0010133536998182535, 0.001399149768985808, 0.0007733163074590266, 0.00040311412885785103, 0.00024341630341950804, 0.00033284223172813654, 0.00019059459737036377, 0.00013467826647683978, 0.00017513928469270468, 0.00017533001664560288, 0.00010850677062990144, 9.013962699100375e-05, 9.89420514088124e-05, 7.000650657573715e-05, 7.097391790011898e-05, 5.697693632100709e-05, 5.1655533752636984e-05, 7.506910333177075e-05, 4.9011901865014806e-05, 2.9305329007911496e-05, 2.3117383534554392e-05, 2.4050585125223733e-05, 1.9385919586056843e-05, 1.1609466127993073e-05, 9.532486728858203e-06, 9.956992471416015e-06, 8.453341251879465e-06, 9.267378118238412e-06, 6.608936473639915e-06, 4.826147232961375e-06, 4.929993338009808e-06, 6.809220394643489e-06, 9.559409591020085e-06, 5.3730282161268406e-06, 3.824678969976958e-06, 3.239905709051527e-06], "lowlevel.melbands128.mean": [0.0076886871829628944, 0.02222992107272148, 0.01969221606850624, 0.006846860982477665, 0.0009431294747628272, 0.00036871974589303136, 0.0005585732869803905, 0.0004491834552027285, 0.00019032630370929837, 0.0004143415717408061, 0.0006790408515371382, 0.00045241048792377114, 0.0008002923568710685, 0.001379545428790152, 0.0020062949042767286, 0.0013203088892623782, 0.000627396977506578, 0.0002698309544939548, 0.00039615295827388763, 0.00020683453476522118, 0.00019038056780118495, 0.00014402897795662284, 0.00011713171261362731, 0.00011086844460805878, 0.0002827820717357099, 0.0005210767849348485, 0.00010019667388405651, 7.369029481196776e-05, 5.703317583538592e-05, 4.0751128835836425e-05, 3.3630512916715816e-05, 4.0316230297321454e-05, 3.4875673009082675e-05, 5.2097999287070706e-05, 5.3671046771341935e-05, 3.1283725547837093e-05, 3.515696516842581e-05, 2.8940028641954996e-05, 1.950799924088642e-05, 1.9987925043096766e-05, 3.345540244481526e-05, 3.877401468344033e-05, 3.598499097279273e-05, 2.8671476684394293e-05, 2.2121246729511768e-05, 2.6343555873609148e-05, 2.4404209398198873e-05, 2.2030624677427113e-05, 2.5742849175003357e-05, 2.2750449716113508e-05, 1.7881930034491234e-05, 2.3210292056319304e-05, 2.54475435212953e-05, 1.938626701303292e-05, 2.432404835417401e-05, 4.571093450067565e-05, 3.7903238990111277e-05, 2.7064150344813243e-05, 2.405177292530425e-05, 1.5358798918896355e-05, 1.1550663657544646e-05, 1.41105119837448e-05, 1.3109286555845756e-05, 1.0920242857537232e-05, 1.063337731466163e-05, 1.2301636161282659e-05, 9.518506885797251e-06, 7.03818386682542e-06, 7.107769761205418e-06, 4.83407029605587e-06, 2.780035174509976e-06, 3.0374164907698287e-06, 2.92278173219529e-06, 2.4331966415047646e-06, 2.4569219476688886e-06, 3.0763292215851834e-06, 2.963855422422057e-06, 2.408736918368959e-06, 2.528657660150202e-06, 2.1855337308807066e-06, 2.661609869392123e-06, 3.230366701245657e-06, 2.5883125545078656e-06, 2.0558914002322126e-06, 1.4885200698699919e-06, 1.2376254971968592e-06, 1.527412223367719e-06, 1.664922365307575e-06, 1.2460735661079525e-06, 1.7983028328671935e-06, 2.7155376756127225e-06, 2.8425254186004167e-06, 3.6173614716972224e-06, 4.59661214335938e-06, 3.87726686312817e-06, 2.7834498723677825e-06, 1.8756376221062965e-06, 1.1218274948987528e-06, 1.2402840638969792e-06, 1.3611565918836277e-06, 1.1179290595464408e-06, 1.091857143364905e-06, 8.411115004491876e-07, 6.288188956204976e-07, 5.541728000935109e-07, 7.290219627975603e-07, 6.321628234218224e-07, 5.687012958333071e-07, 6.016894644744752e-07, 4.477913080336293e-07, 4.057579587879445e-07, 3.392913185962243e-07, 2.2926610654394608e-07, 1.4385815916284628e-07, 8.927099770517088e-08, 5.2607049383368576e-08, 1.7860331880115154e-08, 2.5687263427442986e-10, 1.377103465982632e-11, 1.2370724236654418e-11, 1.0290842830662505e-11, 9.674886759791779e-12, 9.388357279094262e-12, 9.224593311429885e-12, 9.04257658335128e-12, 8.840122210640455e-12, 8.716544847020558e-12, 8.661565388534687e-12], "lowlevel.melbands128.stdev": [0.01423848420381546, 0.0288822241127491, 0.02915160357952118, 0.012249007821083069, 0.002011370612308383, 0.0017458695219829679, 0.001993536949157715, 0.0016499990597367287, 0.0010101557709276676, 0.0008421325474046171, 0.0011180544970557094, 0.0012544820783659816, 0.0010803970508277416, 0.001608236343599856, 0.0019796628039330244, 0.001460788189433515, 0.0010913158766925335, 0.0008254917920567095, 0.0007149529410526156, 0.0005229016533121467, 0.00042015654616989195, 0.0002980825083795935, 0.0003219642676413059, 0.00029423349769786, 0.00040466905920766294, 0.0005643026670441031, 0.0002733153523877263, 0.00023549744219053537, 0.0002490880142431706, 0.00019583647372201085, 0.00012927933130413294, 0.00017837189079727978, 0.00017675638082437217, 0.0002836960193235427, 0.0002867407165467739, 0.00014961230044718832, 0.00022341565636452287, 0.00013646048319060355, 8.743449143366888e-05, 7.47526646591723e-05, 0.00012042960588587448, 0.00015285395784303546, 0.0001327631762251258, 0.00010388849477749318, 6.857815606053919e-05, 9.969335951609537e-05, 8.396391058340669e-05, 8.313813304994255e-05, 9.141573536908254e-05, 7.522771920775995e-05, 5.514698204933666e-05, 7.042391371214762e-05, 6.954767013667151e-05, 4.648755202651955e-05, 5.63631510885898e-05, 0.0001149248710134998, 8.191743836505339e-05, 5.977035834803246e-05, 5.9853973652934656e-05, 3.7218909710645676e-05, 3.0775208870181814e-05, 3.222834493499249e-05, 2.925060471170582e-05, 2.2539323254022747e-05, 2.304281952092424e-05, 3.085495700361207e-05, 2.5884301066980697e-05, 2.0406694602570496e-05, 2.629473601700738e-05, 1.5423654986079782e-05, 1.0962006854242645e-05, 1.2382397471810691e-05, 1.161942691396689e-05, 9.321522156824358e-06, 9.592036803951487e-06, 1.1992660802206956e-05, 1.0590534657239914e-05, 8.921666449168697e-06, 9.377350579597987e-06, 8.27511030365713e-06, 9.44105522648897e-06, 1.167283880931791e-05, 9.34894251258811e-06, 6.45113323116675e-06, 5.396002052293625e-06, 4.368801910459297e-06, 5.4014781198929995e-06, 6.406481134035857e-06, 4.581438588502351e-06, 5.415634859673446e-06, 7.597633157274686e-06, 7.029962944216095e-06, 9.162285095953848e-06, 1.1796307262557093e-05, 1.027732105285395e-05, 7.135615305742249e-06, 4.924543645756785e-06, 3.7499326026591007e-06, 4.234898369759321e-06, 4.404388164402917e-06, 3.712262468980043e-06, 3.669983243526076e-06, 2.85515443465556e-06, 1.8500130636311951e-06, 1.7334281210423796e-06, 2.7215171485295286e-06, 2.1171822481846903e-06, 1.792501961972448e-06, 1.8022408312390326e-06, 1.4378184687302564e-06, 1.291621742893767e-06, 1.0835653938556788e-06, 7.177253564805142e-07, 4.532183481842367e-07, 4.339118220286764e-07, 2.4078144633676857e-07, 1.033254264370953e-07, 1.7145698194553916e-09, 6.044718892095347e-11, 5.998612717661445e-11, 1.736886329206655e-11, 1.4629516348341198e-11, 1.4272550155625119e-11, 1.4020437588690982e-11, 1.3727050746092928e-11, 1.3477077960566408e-11, 1.3352287157875065e-11, 1.3280370726731494e-11], "lowlevel.mfcc.mean": [-720.1718139648438, 160.85171508789062, 28.584196090698242, 16.596696853637695, 13.147906303405762, -34.990142822265625, -18.311647415161133, 3.590334177017212, -8.236189842224121, 2.778346061706543, -1.9908926486968994, 1.7565795183181763, -9.258530616760254], "lowlevel.spectral_contrast_coeffs.mean": [-0.6229609251022339, -0.6991717219352722, -0.7256463170051575, -0.8023391962051392, -0.7413268089294434, -0.7918448448181152], "lowlevel.spectral_contrast_coeffs.stdev": [0.11803436279296875, 0.06764979660511017, 0.06612472981214523, 0.06856846809387207, 0.08462358266115189, 0.06355036795139313], "lowlevel.spectral_contrast_valleys.mean": [-7.224332809448242, -6.43768835067749, -8.147235870361328, -8.565296173095703, -8.878191947937012, -11.343171119689941], "lowlevel.spectral_contrast_valleys.stdev": [0.8543487787246704, 0.6281514167785645, 1.0276645421981812, 1.323832631111145, 1.5922114849090576, 1.7256962060928345], "rhythm.beats_loudness_band_ratio.mean": [0.46143943071365356, 0.2790095806121826, 0.12445409595966339, 0.06048676744103432, 0.0521693155169487, 0.04880977421998978], "rhythm.beats_loudness_band_ratio.stdev": [0.4231518507003784, 0.2710695266723633, 0.11546807736158371, 0.10201629996299744, 0.07409273087978363, 0.09067501872777939], "tonal.hpcp.mean": [0.02374649979174137, 0.01892007328569889, 0.07701876014471054, 0.2857958674430847, 0.32162782549858093, 0.12758266925811768, 0.03179214149713516, 0.020483391359448433, 0.02504272572696209, 0.03705137223005295, 0.04372503235936165, 0.05566025897860527, 0.06299404799938202, 0.040743593126535416, 0.020573904737830162, 0.02182263880968094, 0.026484545320272446, 0.039737679064273834, 0.3086884319782257, 0.5203249454498291, 0.26522326469421387, 0.04532255232334137, 0.027634132653474808, 0.025421153753995895, 0.3119339644908905, 0.5081201195716858, 0.22706417739391327, 0.02592923305928707, 0.021610967814922333, 0.05879436805844307, 0.1814476102590561, 0.15203732252120972, 0.028990749269723892, 0.02040759287774563, 0.020392121747136116, 0.021835731342434883], "tonal.hpcp.stdev": [0.09041481465101242, 0.07311443984508514, 0.17488768696784973, 0.34626835584640503, 0.29556727409362793, 0.1956322342157364, 0.11522424221038818, 0.0806834027171135, 0.09627038985490799, 0.12405127286911011, 0.1341400444507599, 0.13967691361904144, 0.15145303308963776, 0.10729647427797318, 0.06879406422376633, 0.07380972057580948, 0.08293767273426056, 0.11879699677228928, 0.27309364080429077, 0.3952210247516632, 0.27775993943214417, 0.13747282326221466, 0.10012754052877426, 0.07465828210115433, 0.29369354248046875, 0.44607052206993103, 0.22513261437416077, 0.09245822578668594, 0.08390422910451889, 0.10700128227472305, 0.23380127549171448, 0.19781310856342316, 0.08563786000013351, 0.0721292495727539, 0.07587005198001862, 0.071979820728302], "rhythm.beats_position": [0.4760090708732605, 0.9404081702232361, 1.4164172410964966, 1.8808163404464722, 2.3684353828430176, 2.8444442749023438, 3.320453405380249, 3.7964625358581543, 4.2724714279174805, 4.748480796813965, 5.224489688873291, 5.677278995513916, 6.164897918701172, 6.640906810760498, 7.128525733947754, 7.604535102844238, 8.080544471740723, 8.55655288696289, 9.032562255859375, 9.50857162475586, 9.996190071105957, 10.472199440002441, 10.959818840026855, 11.459047317504883, 11.935056686401367, 12.399456024169922, 12.86385440826416, 13.339863777160645, 13.815873146057129, 14.291881561279297, 14.767890930175781, 15.255510330200195, 15.719908714294434, 16.20752716064453, 16.683536529541016, 17.1595458984375, 17.623945236206055, 18.09995460510254, 18.575963973999023, 19.063581466674805, 19.55120086669922, 20.027210235595703, 20.503219604492188, 20.979228973388672, 21.455238342285156, 21.93124771118164, 22.407255172729492, 22.883264541625977, 23.35927391052246, 23.846893310546875, 24.33451271057129, 24.81052017211914, 25.286529541015625, 25.77414894104004, 26.238548278808594, 26.726167678833008, 27.202177047729492, 27.678184509277344, 28.1425838470459, 28.606983184814453, 29.094602584838867, 29.57061195373535], "rhythm.bpm_histogram": [0.0, 0.0, 0.0, 0.0, 0.0, 0.0, 0.0, 0.0, 0.0, 0.0, 0.0, 0.0, 0.0, 0.0, 0.0, 0.0, 0.0, 0.0, 0.0, 0.0, 0.0, 0.0, 0.0, 0.0, 0.0, 0.0, 0.0, 0.0, 0.0, 0.0, 0.0, 0.0, 0.0, 0.0, 0.0, 0.0, 0.0, 0.0, 0.0, 0.0, 0.0, 0.0, 0.0, 0.0, 0.0, 0.0, 0.0, 0.0, 0.0, 0.0, 0.0, 0.0, 0.0, 0.0, 0.0, 0.0, 0.0, 0.0, 0.0, 0.0, 0.0, 0.0, 0.0, 0.0, 0.0, 0.0, 0.0, 0.0, 0.0, 0.0, 0.0, 0.0, 0.0, 0.0, 0.0, 0.0, 0.0, 0.0, 0.0, 0.0, 0.0, 0.0, 0.0, 0.0, 0.0, 0.0, 0.0, 0.0, 0.0, 0.0, 0.0, 0.0, 0.0, 0.0, 0.0, 0.0, 0.0, 0.0, 0.0, 0.0, 0.0, 0.0, 0.0, 0.0, 0.0, 0.0, 0.0, 0.0, 0.0, 0.0, 0.0, 0.0, 0.0, 0.0, 0.0, 0.0, 0.0, 0.0, 0.0, 0.0, 0.016393441706895828, 0.0, 0.0, 0.2295081913471222, 0.0, 0.0, 0.5901639461517334, 0.0, 0.0, 0.14754098653793335, 0.0, 0.0, 0.0, 0.016393441706895828, 0.0, 0.0, 0.0, 0.0, 0.0, 0.0, 0.0, 0.0, 0.0, 0.0, 0.0, 0.0, 0.0, 0.0, 0.0, 0.0, 0.0, 0.0, 0.0, 0.0, 0.0, 0.0, 0.0, 0.0, 0.0, 0.0, 0.0, 0.0, 0.0, 0.0, 0.0, 0.0, 0.0, 0.0, 0.0, 0.0, 0.0, 0.0, 0.0, 0.0, 0.0, 0.0, 0.0, 0.0, 0.0, 0.0, 0.0, 0.0, 0.0, 0.0, 0.0, 0.0, 0.0, 0.0, 0.0, 0.0, 0.0, 0.0, 0.0, 0.0, 0.0, 0.0, 0.0, 0.0, 0.0, 0.0, 0.0, 0.0, 0.0, 0.0, 0.0, 0.0, 0.0, 0.0, 0.0, 0.0, 0.0, 0.0, 0.0, 0.0, 0.0, 0.0, 0.0, 0.0, 0.0, 0.0, 0.0, 0.0, 0.0, 0.0, 0.0, 0.0, 0.0, 0.0, 0.0, 0.0, 0.0, 0.0, 0.0, 0.0, 0.0, 0.0, 0.0, 0.0, 0.0, 0.0, 0.0, 0.0, 0.0, 0.0, 0.0, 0.0, 0.0, 0.0, 0.0, 0.0], "tonal.chords_histogram": [0.0, 0.0, 17.43827247619629, 0.0, 0.0, 0.0, 0.0, 0.0, 0.0, 0.0, 0.0, 0.0, 0.0, 0.0, 0.0, 0.0, 0.7716049551963806, 0.0, 0.0, 81.79012298583984, 0.0, 0.0, 0.0, 0.0], "tonal.thpcp": [1.0, 0.5097262263298035, 0.08710432052612305, 0.05310937389731407, 0.048856303095817566, 0.5994983911514282, 0.9765438437461853, 0.43638917803764343, 0.049832768738269806, 0.04153360053896904, 0.11299548298120499, 0.3487198054790497, 0.2921968698501587, 0.055716622620821, 0.039220862090587616, 0.03919112682342529, 0.04196556657552719, 0.0456378273665905, 0.03636203333735466, 0.14802050590515137, 0.5492641925811768, 0.618128776550293, 0.2451980710029602, 0.0611005537211895, 0.03936653584241867, 0.04812901094555855, 0.07120814174413681, 0.08403408527374268, 0.1069721132516861, 0.12106674909591675, 0.07830413430929184, 0.03954049199819565, 0.04194040596485138, 0.050900012254714966, 0.07637088745832443, 0.5932608842849731], "lowlevel.gfcc.cov": [[10290.2890625, -5758.43603515625, -1984.9356689453125, 2484.439453125, -144.51025390625, 1527.0150146484375, -915.6575317382812, 1084.641845703125, -482.534423828125, 873.0220947265625, -20.694665908813477, 542.5406494140625, -308.7106628417969], [-5758.43603515625, 4556.49951171875, 811.7012329101562, -1803.97314453125, 771.8925170898438, -748.0906372070312, 648.2150268554688, -535.035400390625, 421.90411376953125, -641.4008178710938, 320.15765380859375, -353.8316650390625, 193.7164306640625], [-1984.9356689453125, 811.7012329101562, 2010.3800048828125, 266.27020263671875, 95.35626220703125, 166.8568572998047, 922.31103515625, 165.9460906982422, 478.9549255371094, 245.03602600097656, 111.76873779296875, 164.60940551757812, 297.0356140136719], [2484.439453125, -1803.97314453125, 266.27020263671875, 1660.8345947265625, 173.07102966308594, 556.0230102539062, 254.0194091796875, 614.8637084960938, 335.4513244628906, 519.9133911132812, 91.2464828491211, 297.1908264160156, 132.84542846679688], [-144.51025390625, 771.8925170898438, 95.35626220703125, 173.07102966308594, 1230.7734375, 482.62640380859375, 351.0203857421875, 457.02386474609375, 497.6123962402344, 175.4260711669922, 409.75225830078125, 74.5706558227539, 156.54519653320312], [1527.0150146484375, -748.0906372070312, 166.8568572998047, 556.0230102539062, 482.62640380859375, 893.3965454101562, 307.81744384765625, 472.3981018066406, 197.3671112060547, 374.1448059082031, 266.2001953125, 201.4378204345703, 79.75093841552734], [-915.6575317382812, 648.2150268554688, 922.31103515625, 254.0194091796875, 351.0203857421875, 307.81744384765625, 904.2747192382812, 281.5610046386719, 369.9373474121094, 201.26502990722656, 280.33544921875, 194.39352416992188, 203.58035278320312], [1084.641845703125, -535.035400390625, 165.9460906982422, 614.8637084960938, 457.02386474609375, 472.3981018066406, 281.5610046386719, 613.4823608398438, 265.77862548828125, 230.71795654296875, 228.64581298828125, 201.00518798828125, 110.62425994873047], [-482.534423828125, 421.90411376953125, 478.9549255371094, 335.4513244628906, 497.6123962402344, 197.3671112060547, 369.9373474121094, 265.77862548828125, 546.060791015625, 202.64273071289062, 179.31613159179688, 89.18138122558594, 194.4248046875], [873.0220947265625, -641.4008178710938, 245.03602600097656, 519.9133911132812, 175.4260711669922, 374.1448059082031, 201.26502990722656, 230.71795654296875, 202.64273071289062, 394.1388244628906, 90.45586395263672, 128.23204040527344, 75.40711975097656], [-20.694665908813477, 320.15765380859375, 111.76873779296875, 91.2464828491211, 409.75225830078125, 266.2001953125, 280.33544921875, 228.64581298828125, 179.31613159179688, 90.45586395263672, 297.915283203125, 86.53823852539062, 73.1549301147461], [542.5406494140625, -353.8316650390625, 164.60940551757812, 297.1908264160156, 74.5706558227539, 201.4378204345703, 194.39352416992188, 201.00518798828125, 89.18138122558594, 128.23204040527344, 86.53823852539062, 219.10818481445312, 57.590579986572266], [-308.7106628417969, 193.7164306640625, 297.0356140136719, 132.84542846679688, 156.54519653320312, 79.75093841552734, 203.58035278320312, 110.62425994873047, 194.4248046875, 75.40711975097656, 73.1549301147461, 57.590579986572266, 163.16004943847656]], "lowlevel.gfcc.icov": [[0.0007519535138271749, 1.5035936485219281e-05, 0.0005558459088206291, -0.0006783168064430356, 0.00021332595497369766, -0.0007795055280439556, 0.0006092300754971802, -0.0005736727034673095, 0.0006856202380731702, -0.0006430149078369141, 0.0002194030093960464, -0.0008041443070396781, 0.00041604338912293315], [1.5035936485219281e-05, 0.004652609582990408, -0.0009630610584281385, 0.002887358656153083, -0.0027527993079274893, 0.0023367174435406923, -0.002920320723205805, 0.0031263655982911587, -0.0030190362595021725, 0.004595379810780287, -0.0036915354430675507, 0.003060676855966449, -0.001021481235511601], [0.0005558459088206291, -0.0009630610584281385, 0.001894234330393374, -0.0009520884486846626, 0.0010947647970169783, -0.001141161541454494, -0.00022458989406004548, -0.001090665115043521, 0.0005686806398443878, -0.0016686052549630404, 0.001756665064021945, -0.0010648655006662011, -0.0002692870039027184], [-0.0006783168064430356, 0.002887358656153083, -0.0009520884486846626, 0.004060126841068268, -0.0014303926145657897, 0.0022229596506804228, -0.002309540519490838, 0.001056221080943942, -0.0030664477963000536, 0.0020274517592042685, -0.0018239665077999234, 0.0021317601203918457, -0.0010502211516723037], [0.00021332595497369766, -0.0027527993079274893, 0.0010947647970169783, -0.0014303926145657897, 0.004325428977608681, -0.002270938828587532, 0.002056077355518937, -0.0029311571270227432, -8.405956032220274e-05, -0.0026778460014611483, 0.0003961874172091484, -0.0011373860761523247, 0.0007870279368944466], [-0.0007795055280439556, 0.0023367174435406923, -0.001141161541454494, 0.0022229596506804228, -0.002270938828587532, 0.00514149060472846, -0.0021743213292211294, 0.0010153427720069885, -0.0009540634346194565, 0.0006367362220771611, -0.0030288398265838623, 0.002011914737522602, -0.000800850975792855], [0.0006092300754971802, -0.002920320723205805, -0.00022458989406004548, -0.002309540519490838, 0.002056077355518937, -0.0021743213292211294, 0.005937206093221903, -0.0023385263048112392, 0.002114645903930068, -0.0033998407889157534, 1.3479023436957505e-05, -0.003767534391954541, 0.0005520248669199646], [-0.0005736727034673095, 0.0031263655982911587, -0.001090665115043521, 0.001056221080943942, -0.0029311571270227432, 0.0010153427720069885, -0.0023385263048112392, 0.007760526612401009, -0.0027767496649175882, 0.004846741911023855, -0.0037071588449180126, 0.0009786555310711265, -0.0013139843940734863], [0.0006856202380731702, -0.0030190362595021725, 0.0005686806398443878, -0.0030664477963000536, -8.405956032220274e-05, -0.0009540634346194565, 0.002114645903930068, -0.0027767496649175882, 0.008714016526937485, -0.0051832422614097595, 0.0026595317758619785, -0.002234376035630703, -0.0022578074131160975], [-0.0006430149078369141, 0.004595379810780287, -0.0016686052549630404, 0.0020274517592042685, -0.0026778460014611483, 0.0006367362220771611, -0.0033998407889157534, 0.004846741911023855, -0.0051832422614097595, 0.011908914893865585, -0.003586682491004467, 0.003212511772289872, -0.0009248866117559373], [0.0002194030093960464, -0.0036915354430675507, 0.001756665064021945, -0.0018239665077999234, 0.0003961874172091484, -0.0030288398265838623, 1.3479023436957505e-05, -0.0037071588449180126, 0.0026595317758619785, -0.003586682491004467, 0.012533717788755894, -0.0034471843391656876, 0.0007676539826206863], [-0.0008041443070396781, 0.003060676855966449, -0.0010648655006662011, 0.0021317601203918457, -0.0011373860761523247, 0.002011914737522602, -0.003767534391954541, 0.0009786555310711265, -0.002234376035630703, 0.003212511772289872, -0.0034471843391656876, 0.011326468549668789, -0.0020817427430301905], [0.00041604338912293315, -0.001021481235511601, -0.0002692870039027184, -0.0010502211516723037, 0.0007870279368944466, -0.000800850975792855, 0.0005520248669199646, -0.0013139843940734863, -0.0022578074131160975, -0.0009248866117559373, 0.0007676539826206863, -0.0020817427430301905, 0.012821201235055923]], "lowlevel.mfcc.cov": [[11616.947265625, -6545.57177734375, -1857.271484375, 447.0563659667969, 865.0872192382812, 195.31814575195312, 359.28125, 135.58091735839844, -154.5406494140625, 362.7461242675781, -18.532989501953125, 191.68641662597656, 187.0183868408203], [-6545.57177734375, 5341.29345703125, 37.567745208740234, -797.7489624023438, -16.007362365722656, -238.71237182617188, 18.12217140197754, 69.85790252685547, -73.7259750366211, -266.1437072753906, 105.07512664794922, -31.785747528076172, -154.11351013183594], [-1857.271484375, 37.567745208740234, 1853.650634765625, 467.1734313964844, -586.00390625, 338.3212890625, 55.48271942138672, 98.16952514648438, 359.744140625, 107.47452545166016, 81.32469940185547, 93.65213775634766, 175.5836181640625], [447.0563659667969, -797.7489624023438, 467.1734313964844, 960.3856201171875, 69.71072387695312, 182.46876525878906, 24.001413345336914, 250.7191619873047, 313.6400451660156, 287.59661865234375, 133.4090576171875, 122.83406829833984, 245.9501953125], [865.0872192382812, -16.007362365722656, -586.00390625, 69.71072387695312, 966.2244873046875, 116.2776870727539, 225.6566619873047, 228.88328552246094, 203.86239624023438, 306.3210754394531, 202.3669891357422, 205.08251953125, 111.10079956054688], [195.31814575195312, -238.71237182617188, 338.3212890625, 182.46876525878906, 116.2776870727539, 523.7901000976562, 227.36070251464844, 136.8896942138672, 241.86178588867188, 206.2423858642578, 213.6400146484375, 199.39797973632812, 178.1304931640625], [359.28125, 18.12217140197754, 55.48271942138672, 24.001413345336914, 225.6566619873047, 227.36070251464844, 609.25048828125, 307.9501647949219, 177.88172912597656, 153.6484375, 217.82444763183594, 253.4978485107422, 155.7025146484375], [135.58091735839844, 69.85790252685547, 98.16952514648438, 250.7191619873047, 228.88328552246094, 136.8896942138672, 307.9501647949219, 528.3018798828125, 204.17791748046875, 171.08001708984375, 182.93017578125, 207.93435668945312, 228.3656768798828], [-154.5406494140625, -73.7259750366211, 359.744140625, 313.6400451660156, 203.86239624023438, 241.86178588867188, 177.88172912597656, 204.17791748046875, 405.87896728515625, 248.23268127441406, 171.56820678710938, 189.0878143310547, 167.6038360595703], [362.7461242675781, -266.1437072753906, 107.47452545166016, 287.59661865234375, 306.3210754394531, 206.2423858642578, 153.6484375, 171.08001708984375, 248.23268127441406, 332.862548828125, 179.5458526611328, 156.68222045898438, 143.52491760253906], [-18.532989501953125, 105.07512664794922, 81.32469940185547, 133.4090576171875, 202.3669891357422, 213.6400146484375, 217.82444763183594, 182.93017578125, 171.56820678710938, 179.5458526611328, 269.61029052734375, 174.87779235839844, 126.20904541015625], [191.68641662597656, -31.785747528076172, 93.65213775634766, 122.83406829833984, 205.08251953125, 199.39797973632812, 253.4978485107422, 207.93435668945312, 189.0878143310547, 156.68222045898438, 174.87779235839844, 259.0027770996094, 161.1735382080078], [187.0183868408203, -154.11351013183594, 175.5836181640625, 245.9501953125, 111.10079956054688, 178.1304931640625, 155.7025146484375, 228.3656768798828, 167.6038360595703, 143.52491760253906, 126.20904541015625, 161.1735382080078, 248.30813598632812]], "lowlevel.mfcc.icov": [[0.0007162562105804682, 0.0008925299625843763, 0.0006372177740558982, 0.00019036531739402562, -9.578163007972762e-05, -0.00012147813686169684, -0.0002644841151777655, -0.00023385725216940045, 0.000272755220066756, -0.00010820094030350447, 5.2688912546727806e-05, -0.0002205081982538104, -0.00011895049829035997], [0.0008925299625843763, 0.0013769424986094236, 0.0006891917437314987, 0.0005286535015329719, -0.0001938781060744077, 5.199422230361961e-05, -0.00020821919315494597, -0.0004530679143499583, 0.00016236263036262244, 0.00015118673036340624, -0.00039923173608258367, -0.0001850388798629865, -0.00010585739801172167], [0.0006372177740558982, 0.0006891917437314987, 0.0018640303751453757, -0.000103343503724318, 0.0010615820065140724, -0.0005831762682646513, -0.00026657627313397825, -0.0001793462288333103, -0.0009234093013219535, -0.0003603211953304708, 0.00031214923365041614, -0.00019884589710272849, -0.0001904765667859465], [0.00019036531739402562, 0.0005286535015329719, -0.000103343503724318, 0.002421062206849456, 0.0002063429419649765, 0.0004626097797881812, 0.0006453318637795746, -0.0006655657198280096, -0.0007573371403850615, -0.0011757212923839688, -0.00044706749031320214, 0.0005815675249323249, -0.001316481502726674], [-9.578163007972762e-05, -0.0001938781060744077, 0.0010615820065140724, 0.0002063429419649765, 0.002785578602924943, 8.587948104832321e-05, 0.00010120654769707471, -0.00028709604521282017, -0.0009970865212380886, -0.002107407199218869, -1.1857562640216202e-05, -0.0007235920638777316, 0.00025619613006711006], [-0.00012147813686169684, 5.199422230361961e-05, -0.0005831762682646513, 0.0004626097797881812, 8.587948104832321e-05, 0.004088010638952255, -0.00029999850085005164, 0.0009543390478938818, -0.0006900778389535844, -0.0005524422158487141, -0.001953756669536233, -0.0005366646801121533, -0.0014562257565557957], [-0.0002644841151777655, -0.00020821919315494597, -0.00026657627313397825, 0.0006453318637795746, 0.00010120654769707471, -0.00029999850085005164, 0.0035972674377262592, -0.0013321909354999661, -0.00012328616867307574, 6.483669130830094e-05, -0.0009521249448880553, -0.0020189587958157063, 0.0005988762713968754], [-0.00023385725216940045, -0.0004530679143499583, -0.0001793462288333103, -0.0006655657198280096, -0.00028709604521282017, 0.0009543390478938818, -0.0013321909354999661, 0.004484980367124081, -0.000355777854565531, 0.0003369896730873734, -0.0005816460470668972, -0.0001686322211753577, -0.0027141317259520292], [0.000272755220066756, 0.00016236263036262244, -0.0009234093013219535, -0.0007573371403850615, -0.0009970865212380886, -0.0006900778389535844, -0.00012328616867307574, -0.000355777854565531, 0.007332535460591316, -0.0024711720179766417, 0.00046255142660811543, -0.0020809911657124758, 0.0002387979911873117], [-0.00010820094030350447, 0.00015118673036340624, -0.0003603211953304708, -0.0011757212923839688, -0.002107407199218869, -0.0005524422158487141