{"song_id": "1182259531737206814", "download": "https://cdn.discordapp.com/attachments/1135903449314238464/1182259531737206814/chirp.mp4?ex=65840bfd&amp", "lyrics": "\u0411\u043e\u043b\u044c\u0448\u043e\u0435 \u0420\u044b\u043b\u043e, \u0441\u0432\u0438\u043d\u043a\u0430 \u043e\u0433\u0440\u043e\u043c\u043d\u0430\u044f,\n\u0416\u0438\u0440\u043d\u0430\u044f \u0436\u043e\u043f\u0430 \u0435\u0451 \u043d\u0435 \u0431\u0435\u0437\u0434\u043e\u043c\u043d\u0430\u044f\n\u0421\u043c\u0435\u0448\u043d\u0430\u044f, \u0432\u0435\u0441\u0435\u043b\u0430\u044f, \u0442\u0430\u043a\u0430\u044f,\n\u0411\u043e\u043b\u044c\u0448\u043e\u0435 \u0420\u044b\u043b\u043e, \u043e\u043d\u0430 \u043e\u0447\u0435\u043d\u044c \u043a\u0440\u0443\u0442\u0430\u044f!\n\n\u0411\u043e\u043b\u044c\u0448\u043e\u0435 \u0420\u044b\u043b\u043e, \u0432\u0435\u0441\u044c \u043c\u0438\u0440 \u0442\u0432\u043e\u0439 \u043f\u0443\u0442\u044c,\n\u0421\u0432\u043e\u0438\u043c \u0432\u0435\u0441\u0435\u043b\u044c\u0435\u043c \u0441\u0432\u0435\u0442\u0438\u0448\u044c,\u0441 \u0433\u043e\u0440\u044b \u0431\u044b \u0441\u0438\u0433\u0430\u043d\u0443\u0442\u044c.\n\u0421\u0432\u0438\u043d\u043a\u0430-\u0433\u0438\u0433\u0430\u043d\u0442, \u0440\u0430\u0434\u043e\u0441\u0442\u044c \u0438 \u0441\u043c\u0435\u0445,\n\u0411\u043e\u043b\u044c\u0448\u043e\u0435 \u0420\u044b\u043b\u043e, \u0442\u044b \u043f\u0440\u043e\u0441\u0442\u043e \u0443\u0441\u043f\u0435\u0445!", "style": ["happy song for kids</span><span>, over"], "essentia_features": {"lowlevel.average_loudness": 0.8779479265213013, "lowlevel.barkbands_crest.mean": 14.154748916625977, "lowlevel.barkbands_crest.stdev": 4.975936412811279, "lowlevel.barkbands_flatness_db.mean": 0.24714280664920807, "lowlevel.barkbands_flatness_db.stdev": 0.07933640480041504, "lowlevel.barkbands_kurtosis.mean": 26.26262664794922, "lowlevel.barkbands_kurtosis.stdev": 62.64720153808594, "lowlevel.barkbands_skewness.mean": 3.044330358505249, "lowlevel.barkbands_skewness.stdev": 3.082383871078491, "lowlevel.barkbands_spread.mean": 13.316707611083984, "lowlevel.barkbands_spread.stdev": 16.986614227294922, "lowlevel.dissonance.mean": 0.41418859362602234, "lowlevel.dissonance.stdev": 0.0583314411342144, "lowlevel.dynamic_complexity": 5.396934509277344, "lowlevel.erbbands_crest.mean": 14.217841148376465, "lowlevel.erbbands_crest.stdev": 5.664353370666504, "lowlevel.erbbands_flatness_db.mean": 0.24119582772254944, "lowlevel.erbbands_flatness_db.stdev": 0.07396434247493744, "lowlevel.erbbands_kurtosis.mean": 7.726874351501465, "lowlevel.erbbands_kurtosis.stdev": 14.420930862426758, "lowlevel.erbbands_skewness.mean": 1.497117042541504, "lowlevel.erbbands_skewness.stdev": 1.922736644744873, "lowlevel.erbbands_spread.mean": 27.906810760498047, "lowlevel.erbbands_spread.stdev": 25.774423599243164, "lowlevel.hfc.mean": 12.809139251708984, "lowlevel.hfc.stdev": 15.483908653259277, "lowlevel.loudness_ebu128.integrated": -16.181638717651367, "lowlevel.loudness_ebu128.loudness_range": 5.230913162231445, "lowlevel.loudness_ebu128.momentary.mean": -17.397428512573242, "lowlevel.loudness_ebu128.momentary.stdev": 3.5909817218780518, "lowlevel.loudness_ebu128.short_term.mean": -16.56020736694336, "lowlevel.loudness_ebu128.short_term.stdev": 1.949729084968567, "lowlevel.melbands_crest.mean": 16.60478973388672, "lowlevel.melbands_crest.stdev": 5.261409759521484, "lowlevel.melbands_flatness_db.mean": 0.2906971275806427, "lowlevel.melbands_flatness_db.stdev": 0.09466572105884552, "lowlevel.melbands_kurtosis.mean": 37.794429779052734, "lowlevel.melbands_kurtosis.stdev": 53.363868713378906, "lowlevel.melbands_skewness.mean": 3.6663870811462402, "lowlevel.melbands_skewness.stdev": 2.830700635910034, "lowlevel.melbands_spread.mean": 19.53807258605957, "lowlevel.melbands_spread.stdev": 38.0240364074707, "lowlevel.pitch_salience.mean": 0.5099027752876282, "lowlevel.pitch_salience.stdev": 0.14117656648159027, "lowlevel.silence_rate_20dB.mean": 1.0, "lowlevel.silence_rate_20dB.stdev": 0.0, "lowlevel.silence_rate_30dB.mean": 0.9989278316497803, "lowlevel.silence_rate_30dB.stdev": 0.03272644057869911, "lowlevel.silence_rate_60dB.mean": 0.2905646860599518, "lowlevel.silence_rate_60dB.stdev": 0.4540237486362457, "lowlevel.spectral_centroid.mean": 961.1039428710938, "lowlevel.spectral_centroid.stdev": 1027.2764892578125, "lowlevel.spectral_complexity.mean": 6.664760589599609, "lowlevel.spectral_complexity.stdev": 5.53848934173584, "lowlevel.spectral_decrease.mean": -4.263840391871554e-09, "lowlevel.spectral_decrease.stdev": 5.506653355524804e-09, "lowlevel.spectral_energy.mean": 0.0172545425593853, "lowlevel.spectral_energy.stdev": 0.021646779030561447, "lowlevel.spectral_energyband_high.mean": 0.000492305785883218, "lowlevel.spectral_energyband_high.stdev": 0.0012423857115209103, "lowlevel.spectral_energyband_low.mean": 0.001590291503816843, "lowlevel.spectral_energyband_low.stdev": 0.009265282191336155, "lowlevel.spectral_energyband_middle_high.mean": 0.0029199421405792236, "lowlevel.spectral_energyband_middle_high.stdev": 0.006760906893759966, "lowlevel.spectral_energyband_middle_low.mean": 0.012538730166852474, "lowlevel.spectral_energyband_middle_low.stdev": 0.016724735498428345, "lowlevel.spectral_entropy.mean": 6.818031311035156, "lowlevel.spectral_entropy.stdev": 0.9110242128372192, "lowlevel.spectral_flux.mean": 0.059799548238515854, "lowlevel.spectral_flux.stdev": 0.054727695882320404, "lowlevel.spectral_kurtosis.mean": 9.356718063354492, "lowlevel.spectral_kurtosis.stdev": 10.124789237976074, "lowlevel.spectral_rms.mean": 0.003353638108819723, "lowlevel.spectral_rms.stdev": 0.002363639883697033, "lowlevel.spectral_rolloff.mean": 1629.85595703125, "lowlevel.spectral_rolloff.stdev": 2732.56201171875, "lowlevel.spectral_skewness.mean": 2.2893805503845215, "lowlevel.spectral_skewness.stdev": 1.084872841835022, "lowlevel.spectral_spread.mean": 5328013.5, "lowlevel.spectral_spread.stdev": 2687227.75, "lowlevel.spectral_strongpeak.mean": 1.1478567123413086, "lowlevel.spectral_strongpeak.stdev": 1.3098286390304565, "lowlevel.zerocrossingrate.mean": 0.06680090725421906, "lowlevel.zerocrossingrate.stdev": 0.07646799087524414, "metadata.audio_properties.analysis.equal_loudness": 0.0, "metadata.audio_properties.analysis.length": 129.89866638183594, "metadata.audio_properties.analysis.sample_rate": 44100.0, "metadata.audio_properties.analysis.start_time": 0.0, "metadata.audio_properties.bit_rate": 127524.0, "metadata.audio_properties.length": 129.89866638183594, "metadata.audio_properties.lossless": 0.0, "metadata.audio_properties.number_channels": 1.0, "metadata.audio_properties.replay_gain": -12.82266616821289, "metadata.audio_properties.sample_rate": 48000.0, "rhythm.beats_count": 313.0, "rhythm.beats_loudness.mean": 0.034052059054374695, "rhythm.beats_loudness.stdev": 0.021139299497008324, "rhythm.bpm": 144.8982696533203, "rhythm.bpm_histogram_first_peak_bpm": 144.0, "rhythm.bpm_histogram_first_peak_weight": 0.39867109060287476, "rhythm.bpm_histogram_second_peak_bpm": 152.0, "rhythm.bpm_histogram_second_peak_spread": 0.0, "rhythm.bpm_histogram_second_peak_weight": 0.025641025975346565, "rhythm.danceability": 1.1934338808059692, "rhythm.onset_rate": 4.6260786056518555, "tonal.chords_changes_rate": 0.0328688807785511, "tonal.chords_number_rate": 0.0021436226088553667, "tonal.chords_strength.mean": 0.5955580472946167, "tonal.chords_strength.stdev": 0.0834660455584526, "tonal.hpcp_crest.mean": 17.764511108398438, "tonal.hpcp_crest.stdev": 8.08232307434082, "tonal.hpcp_entropy.mean": 1.5025900602340698, "tonal.hpcp_entropy.stdev": 0.7652527689933777, "tonal.key_edma.strength": 0.8683719038963318, "tonal.key_krumhansl.strength": 0.8698766231536865, "tonal.key_temperley.strength": 0.8681777119636536, "tonal.tuning_diatonic_strength": 0.6813900470733643, "tonal.tuning_equal_tempered_deviation": 0.017731493338942528, "tonal.tuning_frequency": 440.2542419433594, "tonal.tuning_nontempered_energy_ratio": 0.6393305063247681, "lowlevel.barkbands.mean": [3.7078600598761113e-06, 0.0004598792002070695, 0.0009827188914641738, 0.00018940403242595494, 0.0043578604236245155, 0.004277047701179981, 0.0012440610444173217, 0.0014534045476466417, 0.0007082241354510188, 0.0005094474763609469, 0.001110331853851676, 0.000500102702062577, 0.000209559962968342, 0.00022757871192879975, 0.00014096347149461508, 0.00011389046267140657, 0.00010039644985226914, 7.173604535637423e-05, 7.678080874029547e-05, 6.986365042394027e-05, 5.396062624640763e-05, 5.4235566494753584e-05, 6.947947986191139e-05, 8.060129039222375e-05, 0.00012294719635974616, 6.606699025724083e-05, 2.800563265736855e-07], "lowlevel.barkbands.stdev": [1.810086723708082e-05, 0.0030210325494408607, 0.005868777632713318, 0.00115970557089895, 0.009419298730790615, 0.007916846312582493, 0.003461328335106373, 0.004810757469385862, 0.0034926810767501593, 0.0018961471505463123, 0.004002004396170378, 0.0025934448931366205, 0.000833968399092555, 0.00086209736764431, 0.0004717865085694939, 0.0004839505418203771, 0.0003288717125542462, 0.00020081587717868388, 0.00020823237719014287, 0.0002696748706512153, 0.00017950149776879698, 0.0002141060249414295, 0.00025417376309633255, 0.0002845949202310294, 0.00036848822492174804, 0.00019045683438889682, 1.0541089068283327e-06], "lowlevel.erbbands.mean": [0.005443057976663113, 0.14301352202892303, 0.9665231704711914, 1.0195324420928955, 1.3295544385910034, 18.612581253051758, 32.3015022277832, 35.06435775756836, 24.4038143157959, 27.36381721496582, 21.49321174621582, 19.717252731323242, 17.94293212890625, 14.0225191116333, 52.52475357055664, 23.687429428100586, 11.062925338745117, 9.82885456085205, 9.61433219909668, 7.124443531036377, 6.215789794921875, 4.898988723754883, 3.906672954559326, 5.334159851074219, 2.3961963653564453, 3.409357786178589, 2.505107879638672, 2.170549154281616, 2.1078720092773438, 1.721968650817871, 1.9545044898986816, 1.5135083198547363, 1.5071512460708618, 1.3312755823135376, 0.9025501012802124, 0.4225536584854126, 0.09220802038908005, 0.00750777730718255, 0.00016615193453617394, 2.9210148568381555e-05], "lowlevel.erbbands.stdev": [0.03253383934497833, 0.9310639500617981, 5.883615970611572, 5.737846374511719, 3.330766439437866, 42.621219635009766, 57.61605453491211, 69.41897583007812, 54.864776611328125, 83.75611877441406, 80.02642059326172, 98.45193481445312, 64.53599548339844, 53.43839645385742, 186.90606689453125, 113.94696044921875, 40.617652893066406, 34.36996841430664, 31.409008026123047, 23.805803298950195, 25.327747344970703, 16.09697723388672, 10.9917631149292, 13.48562240600586, 6.13658332824707, 13.370596885681152, 8.715246200561523, 7.717313289642334, 8.480947494506836, 6.720080375671387, 7.104332447052002, 5.212985038757324, 5.573279857635498, 4.426330089569092, 2.5660600662231445, 1.2482092380523682, 0.2662145793437958, 0.019905701279640198, 0.000413429515901953, 3.586379170883447e-05], "lowlevel.gfcc.mean": [-124.7686538696289, 62.32087707519531, -115.09658813476562, -10.948092460632324, -88.95645141601562, -21.030628204345703, -73.09944152832031, -8.111000061035156, -43.09579849243164, 7.717508316040039, -5.644140720367432, 14.64113712310791, -0.7978854775428772], "lowlevel.melbands.mean": [8.685768989380449e-05, 0.0003913830441888422, 0.00016437591693829745, 0.0006048310897313058, 0.001220956677570939, 0.0008016232750378549, 0.000341042410582304, 0.00031790611683391035, 0.0001607743906788528, 0.00011510619515320286, 8.478335803374648e-05, 4.487925616558641e-05, 0.00016274087829515338, 9.05012057046406e-05, 3.491737152216956e-05, 1.600589166628197e-05, 2.011250217037741e-05, 1.687559051788412e-05, 1.0036383173428476e-05, 9.21093305805698e-06, 7.153544174798299e-06, 5.454741767607629e-06, 3.899784587702015e-06, 3.4008212423941586e-06, 4.651088602258824e-06, 1.9544240785762668e-06, 1.5911103901089518e-06, 2.4754322112130467e-06, 1.7852539713203441e-06, 1.1684414857882075e-06, 1.2866510132880649e-06, 1.272435611099354e-06, 8.944583669290296e-07, 1.0280689366481965e-06, 1.0943822417175397e-06, 1.0731407655839575e-06, 8.976340382105263e-07, 1.07041671526531e-06, 1.0155505378861562e-06, 1.1713710819094558e-06], "lowlevel.melbands.stdev": [0.0005539220292121172, 0.0023690008092671633, 0.0008607743657194078, 0.0013772358652204275, 0.0021749925799667835, 0.0015479571884498, 0.0007987878052517772, 0.0010030324338003993, 0.0006219578208401799, 0.0005825384869240224, 0.00031995278550311923, 0.0002130456268787384, 0.0005839151563122869, 0.0003627928381320089, 0.0001415064325556159, 6.0595921240746975e-05, 7.537510100519285e-05, 6.28852576483041e-05, 3.541387923178263e-05, 3.590006599551998e-05, 2.9920802262495272e-05, 1.9103981685475446e-05, 1.2744700143230148e-05, 9.025727194966748e-06, 1.2374234756862279e-05, 5.7160436881531496e-06, 5.453062385640806e-06, 1.047840851242654e-05, 6.8260260377428494e-06, 3.6668500342784682e-06, 4.972814167558681e-06, 5.230514489085181e-06, 3.685660203700536e-06, 4.182933025731472e-06, 4.140853434364544e-06, 3.86644751415588e-06, 3.1936081086314516e-06, 4.0311947486770805e-06, 3.841466423182283e-06, 3.836705218418501e-06], "lowlevel.melbands128.mean": [2.741099706327077e-06, 2.0059911548742093e-05, 9.348180901724845e-05, 0.00026471077580936253, 0.00047861802158877254, 0.00046908139484003186, 0.00022192407050170004, 6.565450894413516e-05, 6.045509144314565e-05, 0.0002766992838587612, 0.0011611881200224161, 0.0016902947099879384, 0.0010088476119562984, 0.0010077826445922256, 0.0008373043383471668, 0.0007162622641772032, 0.0005754114245064557, 0.00018620329501572996, 0.00016805122140794992, 0.000325378350680694, 0.00043114391155540943, 0.00018193968571722507, 0.0001275237591471523, 0.00010922078945441172, 0.00017129976185970008, 8.119989070110023e-05, 7.62098134146072e-05, 0.0001291417720494792, 3.7381676520453766e-05, 4.872785211773589e-05, 3.668744830065407e-05, 5.570258144871332e-05, 0.00019289541523903608, 0.0002621040039230138, 5.8062891184818e-05, 7.956723857205361e-05, 6.0143094742670655e-05, 1.4490220564766787e-05, 4.101820013602264e-05, 2.212857907579746e-05, 8.809757673589047e-06, 7.241348612296861e-06, 1.8307719074073248e-05, 2.809823490679264e-05, 2.4612865672679618e-05, 1.086919382942142e-05, 1.4312777238956187e-05, 1.0521421245357487e-05, 7.31925592845073e-06, 1.0499829841137398e-05, 1.0386727808509022e-05, 7.198453658929793e-06, 5.27702195540769e-06, 8.801824151305482e-06, 7.902488505351357e-06, 4.333423021307681e-06, 3.829252818832174e-06, 4.97092059958959e-06, 3.3507365060359007e-06, 3.159311745548621e-06, 3.1502963793172967e-06, 3.2000912142393645e-06, 5.949978913122322e-06, 4.827952125197044e-06, 3.32192144014698e-06, 1.6709516330593033e-06, 1.285418420593487e-06, 1.2701191280939383e-06, 1.5342843653343152e-06, 2.2741708107787417e-06, 2.2731594526703702e-06, 3.049599172300077e-06, 2.1949153961031698e-06, 1.6008431202862994e-06, 1.1042218375223456e-06, 1.1359438758518081e-06, 1.2585937838593964e-06, 1.159906560133095e-06, 1.3654374697580351e-06, 1.2555888133647386e-06, 1.3711967312701745e-06, 1.298819483963598e-06, 1.0235439731332008e-06, 8.824337101032143e-07, 7.216490871542192e-07, 8.844137937558116e-07, 1.211381345456175e-06, 1.1602604672589223e-06, 8.868693157637608e-07, 1.2447137578419643e-06, 1.3268595466797706e-06, 9.753514405019814e-07, 7.29885812233988e-07, 8.939524036577495e-07, 9.273097134609998e-07, 1.1623316140685347e-06, 1.0577749662843416e-06, 1.035141508509696e-06, 9.913709391184966e-07, 1.0182142204939737e-06, 1.109740537685866e-06, 1.2895467307316721e-06, 1.0830882501977612e-06, 1.183440758723009e-06, 9.526016810923466e-07, 1.0419298632768914e-06, 8.382207852264401e-07, 8.614669582129864e-07, 8.952741836765199e-07, 5.305942636368854e-07, 4.041121144382487e-07, 3.767170255741803e-07, 2.454850402955344e-07, 1.9816592100596608e-07, 1.541730512144568e-07, 5.941172176449072e-08, 1.276001260208659e-08, 1.5429162114610762e-10, 3.8298957755200647e-11, 2.1275859546365794e-11, 1.2906311436244877e-11, 3.3418888316372186e-12, 2.4254086152669663e-12, 2.373903374222608e-12, 2.3114218872244408e-12, 2.23661237100381e-12, 2.1913256799399594e-12, 2.1744377132204562e-12], "lowlevel.melbands128.stdev": [1.4688891496916767e-05, 0.00012538385635707527, 0.0006149635300971568, 0.0017990380292758346, 0.003023106837645173, 0.0027572670951485634, 0.0012944017071276903, 0.00039889459731057286, 0.00023501989198848605, 0.0008813811582513154, 0.002900629071518779, 0.003953644540160894, 0.0022536669857800007, 0.0026376843452453613, 0.00213065417483449, 0.001381206908263266, 0.0013727747136726975, 0.0009744304697960615, 0.0009176972089335322, 0.0011594579555094242, 0.0016015537548810244, 0.0008336676983162761, 0.0008958211401477456, 0.0006836472894065082, 0.0010805258061736822, 0.0005972388898953795, 0.0003518307930789888, 0.0005648398655466735, 0.00021539299632422626, 0.00033812454785220325, 0.00027025313465856016, 0.0003175948513671756, 0.0008198629948310554, 0.001127499039284885, 0.0003974994760937989, 0.00054101028945297, 0.00042101897997781634, 9.03635736904107e-05, 0.00020721470355056226, 0.00011076495866291225, 5.079180482425727e-05, 4.302766683395021e-05, 9.458097338210791e-05, 0.00012121569307055324, 0.0001608996681170538, 5.13125560246408e-05, 6.408138870028779e-05, 5.478761522681452e-05, 3.3590447856113315e-05, 4.774718399858102e-05, 4.595415521180257e-05, 4.351502502686344e-05, 3.541245314409025e-05, 3.845340688712895e-05, 3.1418694561580196e-05, 2.1348896552808583e-05, 1.4836979062238242e-05, 1.9676099327625707e-05, 1.4471286704065278e-05, 1.1726860975613818e-05, 1.0020753506978508e-05, 1.0250273589917924e-05, 1.7497563021606766e-05, 1.8271999579155818e-05, 1.613249878573697e-05, 5.251227321423357e-06, 4.534893832897069e-06, 4.461860953597352e-06, 6.242318249860546e-06, 9.72493398876395e-06, 1.0467977517691907e-05, 1.565824459248688e-05, 9.510265954304487e-06, 6.276792191783898e-06, 3.6126809845882235e-06, 3.819166522589512e-06, 4.269629243935924e-06, 4.3413147068349645e-06, 5.94027687839116e-06, 5.558152679441264e-06, 5.959538157185307e-06, 5.635997240460711e-06, 4.680808160628658e-06, 4.062519565195544e-06, 2.9404541237454396e-06, 3.7153365610720357e-06, 5.3168896556599066e-06, 5.069484814157477e-06, 3.501335186228971e-06, 4.948507012159098e-06, 5.212642463447992e-06, 3.6491387618298177e-06, 2.8971894607821014e-06, 3.7026134123152588e-06, 3.3210112633241806e-06, 4.31639136877493e-06, 4.480170446186094e-06, 4.43156295659719e-06, 4.062262178194942e-06, 4.092781637154985e-06, 4.312804321671138e-06, 4.236289896653034e-06, 3.450357780820923e-06, 3.536631993483752e-06, 2.8917665986227803e-06, 3.210632485206588e-06, 2.553394097049022e-06, 2.801780738082016e-06, 2.9939385512989247e-06, 1.5175554608504171e-06, 1.3473342050929205e-06, 1.2466056205084897e-06, 7.522223199885048e-07, 6.443619327001215e-07, 4.170991303453775e-07, 1.973644430108834e-07, 4.315837287549584e-08, 1.9571178011545953e-09, 9.963668778922852e-10, 5.49060519272615e-10, 6.125575047200016e-10, 4.47377065948551e-11, 4.843615092342546e-12, 4.755266926753654e-12, 4.681721156585272e-12, 4.622650786462179e-12, 4.58017911791897e-12, 4.554157832098449e-12], "lowlevel.mfcc.mean": [-778.1375122070312, 111.01355743408203, 1.8021759986877441, -3.1820716857910156, -11.885397911071777, -26.861072540283203, -22.058311462402344, -31.298860549926758, -28.059249877929688, -29.87092399597168, -15.983125686645508, -3.943556547164917, -1.6162856817245483], "lowlevel.spectral_contrast_coeffs.mean": [-0.5054048895835876, -0.6147750020027161, -0.7362335324287415, -0.7964954972267151, -0.8066791892051697, -0.802790641784668], "lowlevel.spectral_contrast_coeffs.stdev": [0.13217324018478394, 0.08952448517084122, 0.09455680102109909, 0.0634627491235733, 0.052997611463069916, 0.04114080220460892], "lowlevel.spectral_contrast_valleys.mean": [-9.512174606323242, -8.193507194519043, -8.981966972351074, -9.130280494689941, -8.97847843170166, -11.193191528320312], "lowlevel.spectral_contrast_valleys.stdev": [1.610723614692688, 1.1287132501602173, 1.1649539470672607, 1.2253401279449463, 1.2648102045059204, 1.5565457344055176], "rhythm.beats_loudness_band_ratio.mean": [0.06146490201354027, 0.5551081299781799, 0.24208904802799225, 0.14636309444904327, 0.059417013078927994, 0.024971993640065193], "rhythm.beats_loudness_band_ratio.stdev": [0.14836356043815613, 0.24446263909339905, 0.1853635609149933, 0.19211561977863312, 0.07988499104976654, 0.038058698177337646], "tonal.hpcp.mean": [0.089786596596241, 0.06962986290454865, 0.05205029249191284, 0.06529190391302109, 0.055586788803339005, 0.05773894861340523, 0.07834504544734955, 0.07873733341693878, 0.20113207399845123, 0.27653074264526367, 0.14388200640678406, 0.05052240192890167, 0.03132735565304756, 0.028817368671298027, 0.15588408708572388, 0.26229000091552734, 0.1353890746831894, 0.021829072386026382, 0.014306697063148022, 0.015913447365164757, 0.07748391479253769, 0.20658278465270996, 0.16461004316806793, 0.0974661260843277, 0.16096360981464386, 0.09788257628679276, 0.01649235002696514, 0.01578328013420105, 0.022785529494285583, 0.21663886308670044, 0.37945231795310974, 0.1912115216255188, 0.025182774290442467, 0.0200998205691576, 0.021537823602557182, 0.05323110520839691], "tonal.hpcp.stdev": [0.2259727120399475, 0.17779541015625, 0.17105711996555328, 0.20303334295749664, 0.17661628127098083, 0.16241876780986786, 0.18971210718154907, 0.18005281686782837, 0.3046097457408905, 0.36907634139060974, 0.24966751039028168, 0.16331744194030762, 0.12612757086753845, 0.11603175848722458, 0.23793067038059235, 0.37329453229904175, 0.2130439430475235, 0.08908439427614212, 0.06619319319725037, 0.07304605841636658, 0.1576700359582901, 0.32689356803894043, 0.27173173427581787, 0.19325418770313263, 0.3164878785610199, 0.20366491377353668, 0.06971939653158188, 0.06833021342754364, 0.08712803572416306, 0.24580706655979156, 0.3962709903717041, 0.2188088595867157, 0.08882508426904678, 0.07788649946451187, 0.09074641019105911, 0.14519928395748138], "rhythm.beats_position": [0.4527890980243683, 0.9171881675720215, 1.3583673238754272, 1.7879364490509033, 2.2058956623077393, 2.623854875564575, 3.0302040576934814, 3.4365532398223877, 3.8545124530792236, 4.2724714279174805, 4.690430641174316, 5.108389854431152, 5.514739036560059, 5.921088218688965, 6.339047431945801, 6.757006645202637, 7.174965858459473, 7.592925071716309, 7.987664222717285, 8.405623435974121, 8.823582649230957, 9.241541862487793, 9.6478910446167, 10.054240226745605, 10.472199440002441, 10.901768684387207, 11.331337928771973, 11.737687110900879, 12.144036293029785, 12.538775444030762, 12.945124626159668, 13.363083839416504, 13.76943302154541, 14.187392234802246, 14.605351448059082, 15.023310661315918, 15.441269874572754, 15.84761905670166, 16.25396728515625, 16.671926498413086, 17.089885711669922, 17.507844924926758, 17.914194107055664, 18.32054328918457, 18.738502502441406, 19.156461715698242, 19.574420928955078, 19.992380142211914, 20.41033935546875, 20.816688537597656, 21.223037719726562, 21.6409969329834, 22.058956146240234, 22.47691535949707, 22.883264541625977, 23.289613723754883, 23.70757293701172, 24.125532150268555, 24.54349136352539, 24.961450576782227, 25.367799758911133, 25.77414894104004, 26.192108154296875, 26.61006736755371, 27.028026580810547, 27.445985794067383, 27.86394500732422, 28.281904220581055, 28.68825340270996, 29.094602584838867, 29.500951766967773, 29.90730094909668, 30.325260162353516, 30.74321937561035, 31.149568557739258, 31.555917739868164, 31.973876953125, 32.3918342590332, 32.83301544189453, 33.250972747802734, 33.65732192993164, 34.06367111206055, 34.47002029418945, 34.87636947631836, 35.29433059692383, 35.71228790283203, 36.11863708496094, 36.524986267089844, 36.94294738769531, 37.34929656982422, 37.755645751953125, 38.18521499633789, 38.603172302246094, 39.009521484375, 39.42748260498047, 39.84543991088867, 40.26340103149414, 40.681358337402344, 41.08770751953125, 41.494056701660156, 41.912017822265625, 42.32997512817383, 42.7479362487793, 43.1542854309082, 43.56063461303711, 43.97859191894531, 44.39655303955078, 44.814510345458984, 45.23247146606445, 45.650428771972656, 46.045169830322266, 46.45151901245117, 46.88108825683594, 47.29904556274414, 47.70539474487305, 48.11174392700195, 48.51809310913086, 48.93605422973633, 49.365623474121094, 49.7835807800293, 50.201541900634766, 50.60789108276367, 51.01424026489258, 51.43219757080078, 51.83854675292969, 52.244895935058594, 52.66285705566406, 53.080814361572266, 53.498775482177734, 53.90512466430664, 54.31147384643555, 54.72943115234375, 55.14739227294922, 55.56534957885742, 55.98331069946289, 56.3896598815918, 56.7960090637207, 57.213966369628906, 57.631927490234375, 58.04988479614258, 58.46784591674805, 58.87419509887695, 59.292152404785156, 59.69850158691406, 60.11646270751953, 60.52281188964844, 60.929161071777344, 61.33551025390625, 61.741859436035156, 62.17142868041992, 62.60099792480469, 63.01895523071289, 63.43691635131836, 63.843265533447266, 64.2496109008789, 64.66757202148438, 65.08553314208984, 65.49188232421875, 65.89823150634766, 66.31619262695312, 66.73414611816406, 67.14049530029297, 67.54684448242188, 67.96480560302734, 68.38276672363281, 68.80072784423828, 69.20707702636719, 69.6134262084961, 70.03137969970703, 70.4493408203125, 70.86730194091797, 71.28526306152344, 71.69161224365234, 72.09796142578125, 72.51591491699219, 72.93387603759766, 73.35183715820312, 73.74657440185547, 74.1761474609375, 74.5824966430664, 75.00045013427734, 75.40679931640625, 75.83637237548828, 76.25432586669922, 76.66068267822266, 77.06703186035156, 77.4849853515625, 77.90294647216797, 78.30929565429688, 78.72725677490234, 79.13360595703125, 79.55155944824219, 79.96952056884766, 80.38748168945312, 80.79383087158203, 81.20018005371094, 81.6181411743164, 82.03609466552734, 82.45405578613281, 82.87201690673828, 83.28997802734375, 83.69632720947266, 84.10267639160156, 84.5206298828125, 84.93859100341797, 85.35655212402344, 85.76290130615234, 86.16925048828125, 86.58721160888672, 86.99356079101562, 87.39990997314453, 87.81786346435547, 88.2474365234375, 88.6537857055664, 89.07174682617188, 89.48970031738281, 89.90766143798828, 90.31401062011719, 90.7203598022461, 91.13832092285156, 91.55628204345703, 91.97423553466797, 92.39219665527344, 92.79854583740234, 93.21650695800781, 93.62285614013672, 94.02920532226562, 94.43555450439453, 94.853515625, 95.27146911621094, 95.6894302368164, 96.10739135742188, 96.52535247802734, 96.94330596923828, 97.34965515136719, 97.7560043334961, 98.17396545410156, 98.59192657470703, 98.99827575683594, 99.40462493896484, 99.82258605957031, 100.24053955078125, 100.65850067138672, 101.07646179199219, 101.49442291259766, 101.90077209472656, 102.30712127685547, 102.7250747680664, 103.14303588867188, 103.53777313232422, 103.95573425292969, 104.37369537353516, 104.79165649414062, 105.20960998535156, 105.62757110595703, 106.0455322265625, 106.46349334716797, 106.85823059082031, 107.27619171142578, 107.69414520263672, 108.11210632324219, 108.53006744384766, 108.93641662597656, 109.34276580810547, 109.76072692871094, 110.17868041992188, 110.59664154052734, 111.00299072265625, 111.40933990478516, 111.82730102539062, 112.2452621459961, 112.66321563720703, 113.0811767578125, 113.4875259399414, 113.89387512207031, 114.31183624267578, 114.72979736328125, 115.14775085449219, 115.54249572753906, 115.96044921875, 116.37841033935547, 116.79637145996094, 117.2143325805664, 117.63228607177734, 118.03863525390625, 118.44498443603516, 118.86294555664062, 119.2809066772461, 119.69886779785156, 120.0936050415039, 120.51156616210938, 120.92951965332031, 121.34748077392578, 121.76544189453125, 122.17179107666016, 122.57814025878906, 122.99609375, 123.41405487060547, 123.82040405273438, 124.22675323486328, 124.64471435546875, 125.06267547607422, 125.48062896728516, 125.89859008789062, 126.3165512084961, 126.73451232910156, 127.14086151123047, 127.54721069335938, 127.96516418457031, 128.3831329345703, 128.80108642578125, 129.2190399169922, 129.62539672851562], "rhythm.bpm_histogram": [0.0, 0.0, 0.0, 0.0, 0.0, 0.0, 0.0, 0.0, 0.0, 0.0, 0.0, 0.0, 0.0, 0.0, 0.0, 0.0, 0.0, 0.0, 0.0, 0.0, 0.0, 0.0, 0.0, 0.0, 0.0, 0.0, 0.0, 0.0, 0.0, 0.0, 0.0, 0.0, 0.0, 0.0, 0.0, 0.0, 0.0, 0.0, 0.0, 0.0, 0.0, 0.0, 0.0, 0.0, 0.0, 0.0, 0.0, 0.0, 0.0, 0.0, 0.0, 0.0, 0.0, 0.0, 0.0, 0.0, 0.0, 0.0, 0.0, 0.0, 0.0, 0.0, 0.0, 0.0, 0.0, 0.0, 0.0, 0.0, 0.0, 0.0, 0.0, 0.0, 0.0, 0.0, 0.0, 0.0, 0.0, 0.0, 0.0, 0.0, 0.0, 0.0, 0.0, 0.0, 0.0, 0.0, 0.0, 0.0, 0.0, 0.0, 0.0, 0.0, 0.0, 0.0, 0.0, 0.0, 0.0, 0.0, 0.0, 0.0, 0.0, 0.0, 0.0, 0.0, 0.0, 0.0, 0.0, 0.0, 0.0, 0.0, 0.0, 0.0, 0.0, 0.0, 0.0, 0.0, 0.0, 0.0, 0.0, 0.0, 0.0, 0.0, 0.0, 0.0, 0.0, 0.0, 0.0, 0.0, 0.0, 0.0032051282469183207, 0.0, 0.0, 0.0, 0.0, 0.0, 0.0, 0.006410256493836641, 0.0, 0.0, 0.0, 0.035256411880254745, 0.0, 0.0, 0.0, 0.5801281929016113, 0.0, 0.0, 0.0, 0.3493589758872986, 0.0, 0.0, 0.0, 0.025641025975346565, 0.0, 0.0, 0.0, 0.0, 0.0, 0.0, 0.0, 0.0, 0.0, 0.0, 0.0, 0.0, 0.0, 0.0, 0.0, 0.0, 0.0, 0.0, 0.0, 0.0, 0.0, 0.0, 0.0, 0.0, 0.0, 0.0, 0.0, 0.0, 0.0, 0.0, 0.0, 0.0, 0.0, 0.0, 0.0, 0.0, 0.0, 0.0, 0.0, 0.0, 0.0, 0.0, 0.0, 0.0, 0.0, 0.0, 0.0, 0.0, 0.0, 0.0, 0.0, 0.0, 0.0, 0.0, 0.0, 0.0, 0.0, 0.0, 0.0, 0.0, 0.0, 0.0, 0.0, 0.0, 0.0, 0.0, 0.0, 0.0, 0.0, 0.0, 0.0, 0.0, 0.0, 0.0, 0.0, 0.0, 0.0, 0.0, 0.0, 0.0, 0.0, 0.0, 0.0, 0.0, 0.0, 0.0, 0.0, 0.0, 0.0, 0.0, 0.0, 0.0, 0.0, 0.0, 0.0, 0.0, 0.0], "tonal.chords_histogram": [50.23222732543945, 0.607359766960144, 18.57806396484375, 0.0, 0.0, 0.0, 0.0, 0.0, 0.0, 0.0, 0.0, 0.0, 0.0, 0.0, 0.0, 0.0, 0.0, 0.0, 0.0, 0.8574491143226624, 5.001786231994629, 12.290103912353516, 10.217934608459473, 2.2150769233703613], "tonal.thpcp": [1.0, 0.503914475440979, 0.06636611372232437, 0.052970610558986664, 0.056760288774967194, 0.14028404653072357, 0.23662155866622925, 0.1835009604692459, 0.1371721625328064, 0.17206880450248718, 0.1464921534061432, 0.15216390788555145, 0.20646874606609344, 0.2075025737285614, 0.5300588607788086, 0.7287628054618835, 0.3791833519935608, 0.13314558565616608, 0.08255939930677414, 0.07594463974237442, 0.4108133614063263, 0.6912330985069275, 0.35680127143859863, 0.05752784013748169, 0.03770354390144348, 0.0419379360973835, 0.20419934391975403, 0.5444235801696777, 0.4338095486164093, 0.25686001777648926, 0.42419981956481934, 0.2579575181007385, 0.0434635654091835, 0.04159489646553993, 0.06004846468567848, 0.5709251165390015], "lowlevel.gfcc.cov": [[12861.7890625, -2007.3411865234375, 903.7364501953125, 17.69732093811035, 223.90658569335938, 592.719970703125, -223.2966766357422, 1039.0655517578125, -1085.55517578125, 386.3105773925781, -1055.066162109375, -346.71075439453125, -332.4720153808594], [-2007.3411865234375, 3665.31982421875, -181.80709838867188, -389.2035827636719, 783.3257446289062, -168.2729034423828, 431.40240478515625, -150.1988983154297, 336.7402038574219, -223.4362335205078, 377.6851501464844, -184.30270385742188, 215.791015625], [903.7364501953125, -181.80709838867188, 1578.3988037109375, 870.2390747070312, 248.8970947265625, 391.5527648925781, 34.118404388427734, 160.3360595703125, 19.00876235961914, 86.43193054199219, -88.02617645263672, -16.637296676635742, -209.99159240722656], [17.69732093811035, -389.2035827636719, 870.2390747070312, 1294.6202392578125, 316.1868591308594, 271.2485046386719, 89.47049713134766, 62.25343322753906, 181.89706420898438, 34.2425422668457, 0.42924267053604126, 69.88999938964844, -173.3368682861328], [223.90658569335938, 783.3257446289062, 248.8970947265625, 316.1868591308594, 719.0042724609375, 234.59866333007812, 189.6360321044922, 186.9639892578125, 97.04966735839844, 32.274112701416016, 0.4809703528881073, -49.28255081176758, -27.300708770751953], [592.719970703125, -168.2729034423828, 391.5527648925781, 271.2485046386719, 234.59866333007812, 562.4483032226562, 156.42572021484375, 22.670244216918945, 15.957282066345215, 100.45330810546875, -50.59945297241211, 18.997329711914062, -80.76077270507812], [-223.2966766357422, 431.40240478515625, 34.118404388427734, 89.47049713134766, 189.6360321044922, 156.42572021484375, 317.9525451660156, 41.45689010620117, 42.34964370727539, -4.698794364929199, 62.69143295288086, -16.0438175201416, 8.405696868896484], [1039.0655517578125, -150.1988983154297, 160.3360595703125, 62.25343322753906, 186.9639892578125, 22.670244216918945, 41.45689010620117, 424.3075866699219, -70.40634155273438, 62.49038314819336, -136.72817993164062, -63.656944274902344, -41.22093200683594], [-1085.55517578125, 336.7402038574219, 19.00876235961914, 181.89706420898438, 97.04966735839844, 15.957282066345215, 42.34964370727539, -70.40634155273438, 309.89190673828125, -12.210724830627441, 108.62799072265625, 46.36423110961914, 26.403650283813477], [386.3105773925781, -223.4362335205078, 86.43193054199219, 34.2425422668457, 32.274112701416016, 100.45330810546875, -4.698794364929199, 62.49038314819336, -12.210724830627441, 151.56898498535156, -21.041248321533203, -4.4246368408203125, -33.011009216308594], [-1055.066162109375, 377.6851501464844, -88.02617645263672, 0.42924267053604126, 0.4809703528881073, -50.59945297241211, 62.69143295288086, -136.72817993164062, 108.62799072265625, -21.041248321533203, 247.61166381835938, 69.19863891601562, 37.68890380859375], [-346.71075439453125, -184.30270385742188, -16.637296676635742, 69.88999938964844, -49.28255081176758, 18.997329711914062, -16.0438175201416, -63.656944274902344, 46.36423110961914, -4.4246368408203125, 69.19863891601562, 142.86883544921875, 24.554100036621094], [-332.4720153808594, 215.791015625, -209.99159240722656, -173.3368682861328, -27.300708770751953, -80.76077270507812, 8.405696868896484, -41.22093200683594, 26.403650283813477, -33.011009216308594, 37.68890380859375, 24.554100036621094, 147.06922912597656]], "lowlevel.gfcc.icov": [[0.00017956996452994645, -6.48740169708617e-05, 1.610389881534502e-05, -6.521510658785701e-05, 5.601989323622547e-05, -0.00016915128799155354, 0.00015227192488964647, -0.00023486233840230852, 0.0004948167479597032, -0.00023737545416224748, 0.0004360688617452979, -4.659455589717254e-05, 4.41579359176103e-05], [-6.48740169708617e-05, 0.0013214172795414925, -0.0005753510631620884, 0.0009587676031515002, -0.0017222465248778462, 0.0008975642267614603, -0.0010510185966268182, 0.0009209656273014843, -0.0010162681574001908, 0.0011952504282817245, -0.0013597470242530107, 0.0017492874758318067, -0.0007785179768688977], [1.610389881534502e-05, -0.0005753510631620884, 0.0015174512518569827, -0.0011727787787094712, 0.0008760700584389269, -0.0010811391985043883, 0.000903299602214247, -0.0007842452032491565, 0.0006252456805668771, -0.00036883281427435577, 0.00024504162138327956, -0.0002150398213416338, 0.0007406026124954224], [-6.521510658785701e-05, 0.0009587676031515002, -0.0011727787787094712, 0.0024140605237334967, -0.0017179708229377866, 0.000943056249525398, -0.0011523461434990168, 0.0009048578795045614, -0.0016133474418893456, 0.0010059186024591327, -0.0004928214475512505, -2.3937174773891456e-05, 0.0007806405192241073], [5.601989323622547e-05, -0.0017222465248778462, 0.0008760700584389269, -0.0017179708229377866, 0.004641369450837374, -0.002098908880725503, 0.0009609521948732436, -0.002355527365580201, 0.0007328717620112002, -0.001132976496592164, 0.0010085075628012419, -0.0010353331454098225, 0.00040212104795500636], [-0.00016915128799155354, 0.0008975642267614603, -0.0010811391985043883, 0.000943056249525398, -0.002098908880725503, 0.004539471119642258, -0.002855569589883089, 0.0021998360753059387, -0.0010304057504981756, -0.001264043035916984, 0.0008558560512028635, -0.0007224927539937198, 0.0005539346602745354], [0.00015227192488964647, -0.0010510185966268182, 0.000903299602214247, -0.0011523461434990168, 0.0009609521948732436, -0.002855569589883089, 0.006117185112088919, -0.0020036939531564713, 0.0012719897786155343, 0.00036877772072330117, -0.0012638154439628124, 0.0004644199216272682, -0.0003822141734417528], [-0.00023486233840230852, 0.0009209656273014843, -0.0007842452032491565, 0.0009048578795045614, -0.002355527365580201, 0.0021998360753059387, -0.0020036939531564713, 0.004977432545274496, -0.0007985770935192704, -0.0007783928886055946, 0.0011337196920067072, 0.0006731281755492091, -8.946852904045954e-05], [0.0004948167479597032, -0.0010162681574001908, 0.0006252456805668771, -0.0016133474418893456, 0.0007328717620112002, -0.0010304057504981756, 0.0012719897786155343, -0.0007985770935192704, 0.0064902459271252155, -0.0014244503108784556, 0.0003845329338219017, -0.0013240771368145943, -0.00048773156595416367], [-0.00023737545416224748, 0.0011952504282817245, -0.00036883281427435577, 0.0010059186024591327, -0.001132976496592164, -0.001264043035916984, 0.00036877772072330117, -0.0007783928886055946, -0.0014244503108784556, 0.009928558953106403, -0.0028644201811403036, 0.0020422101952135563, 0.0001022553478833288], [0.0004360688617452979, -0.0013597470242530107, 0.00024504162138327956, -0.0004928214475512505, 0.0010085075628012419, 0.0008558560512028635, -0.0012638154439628124, 0.0011337196920067072, 0.0003845329338219017, -0.0028644201811403036, 0.009985115379095078, -0.005115983076393604, 0.0013804591726511717], [-4.659455589717254e-05, 0.0017492874758318067, -0.0002150398213416338, -2.3937174773891456e-05, -0.0010353331454098225, -0.0007224927539937198, 0.0004644199216272682, 0.0006731281755492091, -0.0013240771368145943, 0.0020422101952135563, -0.005115983076393604, 0.012804140336811543, -0.0035646569449454546], [4.41579359176103e-05, -0.0007785179768688977, 0.0007406026124954224, 0.0007806405192241073, 0.00040212104795500636, 0.0005539346602745354, -0.0003822141734417528, -8.946852904045954e-05, -0.00048773156595416367, 0.0001022553478833288, 0.0013804591726511717, -0.0035646569449454546, 0.010746668092906475]], "lowlevel.mfcc.cov": [[11390.8505859375, -1208.98583984375, -106.23558044433594, -81.09984588623047, 240.85125732421875, -396.6799011230469, 780.97998046875, -186.13243103027344, 555.7478637695312, 326.2120056152344, 7.147263050079346, -357.9496154785156, -371.11114501953125], [-1208.98583984375, 3478.35400390625, -576.087890625, -128.87841796875, 224.3055877685547, -18.29586410522461, 299.3713073730469, 53.3135986328125, 163.4783172607422, -6.4539794921875, 142.26235961914062, 107.9692153930664, -46.34574508666992], [-106.23558044433594, -576.087890625, 1368.931396484375, 518.35498046875, 324.6259765625, 399.68145751953125, 81.44825744628906, 186.6452178955078, 16.394798278808594, 97.11760711669922, 85.47236633300781, 81.0359878540039, 74.31653594970703], [-81.09984588623047, -128.87841796875, 518.35498046875, 898.4861450195312, 440.5, 219.43299865722656, 127.17814636230469, 233.85618591308594, 91.87998962402344, 119.53975677490234, 92.51579284667969, 93.54801940917969, 73.99677276611328], [240.85125732421875, 224.3055877685547, 324.6259765625, 440.5, 667.2967529296875, 280.2762451171875, 177.7195587158203, 205.0828857421875, 206.9362335205078, 146.25204467773438, 118.25416564941406, 90.67264556884766, 78.6638412475586], [-396.6799011230469, -18.29586410522461, 399.68145751953125, 219.43299865722656, 280.2762451171875, 687.6806640625, 131.7228240966797, 191.108154296875, 46.821136474609375, 96.86625671386719, 74.83917236328125, 82.21463012695312, 129.5927734375], [780.97998046875, 299.3713073730469, 81.44825744628906, 127.17814636230469, 177.7195587158203, 131.7228240966797, 456.9126892089844, 118.99728393554688, 157.97398376464844, 118.83148193359375, 93.82516479492188, 26.25872230529785, 1.4197065830230713], [-186.13243103027344, 53.3135986328125, 186.6452178955078, 233.85618591308594, 205.0828857421875, 191.108154296875, 118.99728393554688, 286.08001708984375, 113.5556640625, 69.56239318847656, 61.67936325073242, 59.3885383605957, 75.48001098632812], [555.7478637695312, 163.4783172607422, 16.394798278808594, 91.87998962402344, 206.9362335205078, 46.821136474609375, 157.97398376464844, 113.5556640625, 310.32275390625, 134.430938