{"song_id": "1182268825060790413", "download": "https://cdn.discordapp.com/attachments/1128313332273782784/1182268825060790413/chirp.mp4?ex=658414a5&amp", "lyrics": "[Verse 1]\nHappy birthday, Estelle Aka Buffy from Suresnes\nLet's celebrate you're birthday with a raw energy\nyou're from Amiens, where the music's alive\nWe'll shake it up and make the walls revive\n\n[Chorus]\nYou rock, raise your fists up high\nToday, let's go wild and ride the snow\nHappy birthday, Estelle rock Girl\nOh, let the rock spirit set us free\n\n[Verse 2]\nHappy birthday, Estelle Aka the zumba queen\nLet's celebrate you're birthday with snowboarding day\nyou're from Amiens, But now you'r a parisien girl\nWe'll shake it up and make the walls revive\n\n[Chorus]\nYou rock, raise your fists up high\nToday, let's go wild and ride the snow\nHappy birthday, Estelle rock Girl\nHappy birthday Estelle rock girl", "style": ["Punkaa"], "essentia_features": {"lowlevel.average_loudness": 0.9818063974380493, "lowlevel.barkbands_crest.mean": 9.258539199829102, "lowlevel.barkbands_crest.stdev": 3.3166980743408203, "lowlevel.barkbands_flatness_db.mean": 0.08874916285276413, "lowlevel.barkbands_flatness_db.stdev": 0.030413484200835228, "lowlevel.barkbands_kurtosis.mean": 0.7260120511054993, "lowlevel.barkbands_kurtosis.stdev": 3.105095148086548, "lowlevel.barkbands_skewness.mean": 1.014193058013916, "lowlevel.barkbands_skewness.stdev": 0.8497514128684998, "lowlevel.barkbands_spread.mean": 35.52104187011719, "lowlevel.barkbands_spread.stdev": 13.365482330322266, "lowlevel.dissonance.mean": 0.48058316111564636, "lowlevel.dissonance.stdev": 0.015851469710469246, "lowlevel.dynamic_complexity": 1.2439919710159302, "lowlevel.erbbands_crest.mean": 7.6973490715026855, "lowlevel.erbbands_crest.stdev": 3.8561131954193115, "lowlevel.erbbands_flatness_db.mean": 0.13127072155475616, "lowlevel.erbbands_flatness_db.stdev": 0.023913204669952393, "lowlevel.erbbands_kurtosis.mean": 0.191737100481987, "lowlevel.erbbands_kurtosis.stdev": 1.1350793838500977, "lowlevel.erbbands_skewness.mean": -0.2729870080947876, "lowlevel.erbbands_skewness.stdev": 0.5989893078804016, "lowlevel.erbbands_spread.mean": 41.798240661621094, "lowlevel.erbbands_spread.stdev": 15.200953483581543, "lowlevel.hfc.mean": 35.02616882324219, "lowlevel.hfc.stdev": 16.13397789001465, "lowlevel.loudness_ebu128.integrated": -14.772953033447266, "lowlevel.loudness_ebu128.loudness_range": 0.61773681640625, "lowlevel.loudness_ebu128.momentary.mean": -14.824087142944336, "lowlevel.loudness_ebu128.momentary.stdev": 0.6777943968772888, "lowlevel.loudness_ebu128.short_term.mean": -14.76781940460205, "lowlevel.loudness_ebu128.short_term.stdev": 0.2925798296928406, "lowlevel.melbands_crest.mean": 15.224845886230469, "lowlevel.melbands_crest.stdev": 5.206986427307129, "lowlevel.melbands_flatness_db.mean": 0.14822275936603546, "lowlevel.melbands_flatness_db.stdev": 0.04300598055124283, "lowlevel.melbands_kurtosis.mean": 8.753018379211426, "lowlevel.melbands_kurtosis.stdev": 12.905933380126953, "lowlevel.melbands_skewness.mean": 2.4577503204345703, "lowlevel.melbands_skewness.stdev": 1.4498083591461182, "lowlevel.melbands_spread.mean": 36.78491973876953, "lowlevel.melbands_spread.stdev": 19.261707305908203, "lowlevel.pitch_salience.mean": 0.5292653441429138, "lowlevel.pitch_salience.stdev": 0.10140360891819, "lowlevel.silence_rate_20dB.mean": 1.0, "lowlevel.silence_rate_20dB.stdev": 0.0, "lowlevel.silence_rate_30dB.mean": 0.9924594163894653, "lowlevel.silence_rate_30dB.stdev": 0.0865088626742363, "lowlevel.silence_rate_60dB.mean": 0.0011600927682593465, "lowlevel.silence_rate_60dB.stdev": 0.034040726721286774, "lowlevel.spectral_centroid.mean": 1950.889892578125, "lowlevel.spectral_centroid.stdev": 484.98968505859375, "lowlevel.spectral_complexity.mean": 32.821346282958984, "lowlevel.spectral_complexity.stdev": 7.159228324890137, "lowlevel.spectral_decrease.mean": -9.46094935727615e-09, "lowlevel.spectral_decrease.stdev": 7.838418802919023e-09, "lowlevel.spectral_energy.mean": 0.03888481482863426, "lowlevel.spectral_energy.stdev": 0.03019927442073822, "lowlevel.spectral_energyband_high.mean": 0.0020974527578800917, "lowlevel.spectral_energyband_high.stdev": 0.0017014795448631048, "lowlevel.spectral_energyband_low.mean": 0.016687067225575447, "lowlevel.spectral_energyband_low.stdev": 0.027778849005699158, "lowlevel.spectral_energyband_middle_high.mean": 0.009009527042508125, "lowlevel.spectral_energyband_middle_high.stdev": 0.0061438968405127525, "lowlevel.spectral_energyband_middle_low.mean": 0.012522234581410885, "lowlevel.spectral_energyband_middle_low.stdev": 0.011620938777923584, "lowlevel.spectral_entropy.mean": 7.946225166320801, "lowlevel.spectral_entropy.stdev": 0.17842282354831696, "lowlevel.spectral_flux.mean": 0.12605020403862, "lowlevel.spectral_flux.stdev": 0.06896054744720459, "lowlevel.spectral_kurtosis.mean": 2.760589599609375, "lowlevel.spectral_kurtosis.stdev": 1.117034673690796, "lowlevel.spectral_rms.mean": 0.005840090103447437, "lowlevel.spectral_rms.stdev": 0.001956966705620289, "lowlevel.spectral_rolloff.mean": 2225.292724609375, "lowlevel.spectral_rolloff.stdev": 1460.1375732421875, "lowlevel.spectral_skewness.mean": 1.1323707103729248, "lowlevel.spectral_skewness.stdev": 0.19964735209941864, "lowlevel.spectral_spread.mean": 4578948.0, "lowlevel.spectral_spread.stdev": 782666.6875, "lowlevel.spectral_strongpeak.mean": 1.0271656513214111, "lowlevel.spectral_strongpeak.stdev": 1.2980985641479492, "lowlevel.zerocrossingrate.mean": 0.08196242898702621, "lowlevel.zerocrossingrate.stdev": 0.029725244268774986, "metadata.audio_properties.analysis.equal_loudness": 0.0, "metadata.audio_properties.analysis.length": 39.999977111816406, "metadata.audio_properties.analysis.sample_rate": 44100.0, "metadata.audio_properties.analysis.start_time": 0.0, "metadata.audio_properties.bit_rate": 122436.0, "metadata.audio_properties.length": 40.0, "metadata.audio_properties.lossless": 0.0, "metadata.audio_properties.number_channels": 1.0, "metadata.audio_properties.replay_gain": -10.596242904663086, "metadata.audio_properties.sample_rate": 48000.0, "rhythm.beats_count": 73.0, "rhythm.beats_loudness.mean": 0.03414486348628998, "rhythm.beats_loudness.stdev": 0.010942150838673115, "rhythm.bpm": 110.6249008178711, "rhythm.bpm_histogram_first_peak_bpm": 110.0, "rhythm.bpm_histogram_first_peak_weight": 0.3611111044883728, "rhythm.bpm_histogram_second_peak_bpm": 0.0, "rhythm.bpm_histogram_second_peak_spread": 0.0, "rhythm.bpm_histogram_second_peak_weight": 0.0, "rhythm.danceability": 1.6238734722137451, "rhythm.onset_rate": 4.497797012329102, "tonal.chords_changes_rate": 0.06604866683483124, "tonal.chords_number_rate": 0.006952491123229265, "tonal.chords_strength.mean": 0.5473772287368774, "tonal.chords_strength.stdev": 0.06345072388648987, "tonal.hpcp_crest.mean": 14.643547058105469, "tonal.hpcp_crest.stdev": 6.680505275726318, "tonal.hpcp_entropy.mean": 1.863685965538025, "tonal.hpcp_entropy.stdev": 0.7241829633712769, "tonal.key_edma.strength": 0.7649693489074707, "tonal.key_krumhansl.strength": 0.7576378583908081, "tonal.key_temperley.strength": 0.7495851516723633, "tonal.tuning_diatonic_strength": 0.6347562670707703, "tonal.tuning_equal_tempered_deviation": 0.04263950511813164, "tonal.tuning_frequency": 441.7826843261719, "tonal.tuning_nontempered_energy_ratio": 0.6895320415496826, "lowlevel.barkbands.mean": [0.0002402470272500068, 0.00843174010515213, 0.006680718623101711, 0.002643497893586755, 0.004570201970636845, 0.0013267311733216047, 0.0014462396502494812, 0.0008744160295464098, 0.00148996792268008, 0.0006460127769969404, 0.0011549247428774834, 0.0014403518289327621, 0.0008570762001909316, 0.0007682887953706086, 0.0007218941464088857, 0.0009314098861068487, 0.0011853644391521811, 0.0005737522151321173, 0.0005499938270077109, 0.0005963182775303721, 0.0005510857445187867, 0.00048037906526587903, 0.0002919855178333819, 0.0002516566892154515, 0.00013429149112198502, 4.098275167052634e-05, 5.315310772857629e-06], "lowlevel.barkbands.stdev": [0.0003152515273541212, 0.01605512760579586, 0.011938617564737797, 0.003461927641183138, 0.0076624429784715176, 0.0029897962231189013, 0.003588631749153137, 0.002415775554254651, 0.002959488658234477, 0.0018284495454281569, 0.003027867991477251, 0.0025764047168195248, 0.0016312039224430919, 0.0012205413077026606, 0.0014835119945928454, 0.0009834000375121832, 0.0010213529458269477, 0.00042731512803584337, 0.00043650937732309103, 0.0004030507989227772, 0.0003637214540503919, 0.0004916866892017424, 0.00041389864054508507, 0.00046704744454473257, 0.00024057530390564352, 4.534167601377703e-05, 6.292843863775488e-06], "lowlevel.erbbands.mean": [0.12473828345537186, 2.3162128925323486, 8.178403854370117, 8.126501083374023, 14.081692695617676, 13.98593521118164, 13.468231201171875, 8.324332237243652, 15.016020774841309, 22.767732620239258, 26.545040130615234, 30.872886657714844, 19.750802993774414, 40.02834701538086, 33.7514762878418, 58.24375915527344, 47.34999084472656, 39.05817413330078, 38.856014251708984, 36.61238098144531, 59.102783203125, 67.97557067871094, 33.1556282043457, 32.652462005615234, 25.894121170043945, 26.687660217285156, 26.286781311035156, 19.473087310791016, 18.350093841552734, 12.112628936767578, 7.555440902709961, 5.538125514984131, 4.0382232666015625, 2.1986591815948486, 0.5256502032279968, 0.16990898549556732, 0.0706719160079956, 0.022130805999040604, 0.0005423398106358945, 6.238853529794142e-05], "lowlevel.erbbands.stdev": [0.2628951370716095, 4.316706657409668, 13.90272331237793, 11.419516563415527, 26.782238006591797, 22.991363525390625, 26.434938430786133, 17.771982192993164, 43.248199462890625, 55.30258560180664, 60.048439025878906, 61.158084869384766, 43.696746826171875, 116.38650512695312, 87.81178283691406, 102.80549621582031, 79.56814575195312, 62.16901779174805, 76.27607727050781, 42.64114761352539, 56.53336715698242, 56.56934356689453, 24.70386505126953, 25.625656127929688, 17.697246551513672, 17.48855209350586, 17.80756950378418, 14.575784683227539, 18.821674346923828, 14.469817161560059, 11.167193412780762, 10.014137268066406, 7.823879241943359, 4.299187660217285, 0.7569488883018494, 0.228716641664505, 0.08423677831888199, 0.02194521203637123, 0.0005492735654115677, 3.6695535527542233e-05], "lowlevel.gfcc.mean": [59.1108283996582, 59.42390441894531, -123.51875305175781, 48.524803161621094, -48.0645637512207, 22.61720085144043, -33.19676208496094, 8.081228256225586, -26.106027603149414, 0.15571196377277374, -23.51435661315918, -0.5734173655509949, -16.917091369628906], "lowlevel.melbands.mean": [0.0017450363375246525, 0.0038329451344907284, 0.0015906988410279155, 0.001047846395522356, 0.0004837740561924875, 0.00020784109074156731, 0.0002533314691390842, 0.00023365307424683124, 0.0002444180427119136, 0.000189649173989892, 9.260867955163121e-05, 0.00015373012865893543, 0.00012164848885731772, 0.00010345002374378964, 0.0002009130548685789, 6.940470484551042e-05, 7.392007682938129e-05, 6.0035992646589875e-05, 5.7225744967581704e-05, 5.608484207186848e-05, 6.779276009183377e-05, 7.723933958914131e-05, 3.856802868540399e-05, 2.4749890144448727e-05, 2.6862933736993e-05, 1.9553172023734078e-05, 1.795057687559165e-05, 1.7684034901321866e-05, 1.8127770090359263e-05, 1.3240102816780563e-05, 1.0353164725529496e-05, 1.1289338544884231e-05, 7.937451300676912e-06, 6.300610039033927e-06, 4.465543952392181e-06, 3.6003593777422793e-06, 3.2801278848637594e-06, 3.014330559381051e-06, 2.5159019969578367e-06, 1.5925646721370867e-06], "lowlevel.melbands.stdev": [0.0034442453179508448, 0.006511771120131016, 0.0019981623627245426, 0.0018123947083950043, 0.0008371259900741279, 0.0004551038146018982, 0.0006588633987121284, 0.0005809853319078684, 0.000582293258048594, 0.0003834394447039813, 0.00023098821111489087, 0.0004494213790167123, 0.00030119362054392695, 0.00019108987180516124, 0.00041714293183758855, 0.0001423025387339294, 0.00013142100942786783, 0.0001224344305228442, 0.00011294526484562084, 6.756324000889435e-05, 6.547463271999732e-05, 6.77496354910545e-05, 3.32961899403017e-05, 1.882383003248833e-05, 2.279047475894913e-05, 1.6397141735069454e-05, 1.2225763384776656e-05, 1.2818281902582385e-05, 1.419216459908057e-05, 9.484640031587332e-06, 8.795412213657983e-06, 1.2116635843995027e-05, 9.082225005840883e-06, 8.259763490059413e-06, 6.6725983742799144e-06, 6.543440122186439e-06, 6.2606600295112e-06, 6.239181857381482e-06, 4.857926342083374e-06, 3.188434220646741e-06], "lowlevel.melbands128.mean": [0.0001266083272639662, 0.0006065726629458368, 0.002108833286911249, 0.004471734166145325, 0.0048407455906271935, 0.002790742553770542, 0.0015947833890095353, 0.0012487596832215786, 0.001564893638715148, 0.0011262031039223075, 0.0007147066644392908, 0.0004877820028923452, 0.0004773579421453178, 0.00042234669672325253, 0.0001510062866145745, 0.00010520443902350962, 0.00019757715926971287, 0.00024473376106470823, 0.0004060428764205426, 0.0002321392676094547, 0.000181081923074089, 0.00013297279656399041, 0.00028162129456177354, 0.00034649818553589284, 0.0001609699975233525, 0.00018686206021811813, 8.035721839405596e-05, 8.591738878749311e-05, 0.00010014891449827701, 7.656757952645421e-05, 0.00023862713715061545, 0.00018883058510255069, 7.097861816873774e-05, 0.00012660624634008855, 7.185732101788744e-05, 8.345479727722704e-05, 0.00014237797586247325, 0.0003618463524617255, 9.15732016437687e-05, 6.669619324384257e-05, 7.910268323030323e-05, 4.386500222608447e-05, 8.38859923533164e-05, 8.044944115681574e-05, 6.46519911242649e-05, 5.382715607993305e-05, 5.549338675336912e-05, 8.334809535881504e-05, 4.037440521642566e-05, 2.9046008421573788e-05, 6.228399433894083e-05, 7.676838140469044e-05, 7.375594577752054e-05, 6.247402052395046e-05, 6.249860598472878e-05, 9.798662358662114e-05, 7.09346859366633e-05, 3.758813545573503e-05, 3.198859121766873e-05, 2.8104024750064127e-05, 1.963261456694454e-05, 2.40879144257633e-05, 3.50227601302322e-05, 2.458168637531344e-05, 2.0842298908974044e-05, 2.1384385036071762e-05, 1.610041545063723e-05, 1.8165737856179476e-05, 1.934818283189088e-05, 1.6373831385863014e-05, 1.6458861864521168e-05, 1.847668863774743e-05, 2.1578087398665957e-05, 1.9081364371231757e-05, 1.2424761735019274e-05, 1.3804356058244593e-05, 1.4096577615418937e-05, 1.0258035217702854e-05, 9.61385558184702e-06, 9.868852430372499e-06, 1.3375009984883945e-05, 1.1264946806477383e-05, 8.021398571145255e-06, 8.433000402874313e-06, 6.9282978074625134e-06, 6.3321658672066405e-06, 6.3166412473947275e-06, 5.598409643425839e-06, 4.223381438350771e-06, 3.7716365568485344e-06, 3.860548986267531e-06, 3.3474577776360093e-06, 3.5523275982995983e-06, 3.2049554192781216e-06, 3.033199391211383e-06, 3.7753723063360667e-06, 2.883115939766867e-06, 2.0688269160018535e-06, 2.841615014403942e-06, 2.558143251008005e-06, 2.09924792216043e-06, 1.4654777942268993e-06, 9.656482689024415e-07, 6.405561521205527e-07, 4.561140372061345e-07, 4.015396370959934e-07, 4.5903465206720284e-07, 4.2906250996566087e-07, 2.4780982244010374e-07, 1.7968982035654335e-07, 1.5330334690588643e-07, 1.799961069082201e-07, 2.563130010457826e-07, 2.6422458176966757e-07, 2.0542002232559753e-07, 3.0339319323502423e-07, 2.0463927796754433e-07, 3.491305022862434e-08, 1.9048800037335667e-10, 5.982893867828576e-12, 5.744833862092458e-12, 5.4108822457321626e-12, 5.1653338724311215e-12, 5.0579241316073276e-12, 4.930216391391129e-12, 4.775524160144373e-12, 4.6834289918473715e-12, 4.648741461221739e-12], "lowlevel.melbands128.stdev": [0.0002473894855938852, 0.001423041569069028, 0.004662771709263325, 0.00827784463763237, 0.00819051917642355, 0.005216869059950113, 0.0025548620615154505, 0.0017718375893309712, 0.003473981749266386, 0.0022988873533904552, 0.0013759981375187635, 0.0011470806784927845, 0.0010717015247792006, 0.0011550443014129996, 0.000406475126510486, 0.0004433423455338925, 0.0009793889475986362, 0.0007347346399910748, 0.0011800139909610152, 0.0007446428062394261, 0.0007256607641465962, 0.0006195695023052394, 0.0008040518732741475, 0.0009972670814022422, 0.0004380664904601872, 0.0005525175365619361, 0.00027987328940071166, 0.0002955038216896355, 0.000439091440057382, 0.00029820838244631886, 0.0008991059148684144, 0.0006160878692753613, 0.0002561537257861346, 0.0005845954292453825, 0.00021072015806566924, 0.0002500851987861097, 0.00032722196192480624, 0.0008687729714438319, 0.0003162281645927578, 0.0001686014875303954, 0.00021555514831561595, 0.00012074205005774274, 0.00020802997460123152, 0.00017530308105051517, 0.0001296230184379965, 0.00018744055705610663, 0.00021417139214463532, 0.0002227569348178804, 6.864617898827419e-05, 3.240600199205801e-05, 0.00011737382010323927, 0.00011628288484644145, 0.00010923479567281902, 8.093197538983077e-05, 8.651828829897568e-05, 0.00011485126742627472, 8.152114605763927e-05, 5.4489686590386555e-05, 3.495878627290949e-05, 3.282588659203611e-05, 2.207815123256296e-05, 2.38146949413931e-05, 3.7159607018111274e-05, 2.7322725145495497e-05, 2.4099503207253292e-05, 2.268183925480116e-05, 1.4387654118763749e-05, 1.65993351401994e-05, 1.5988736777217127e-05, 1.4312207895272877e-05, 1.7121252312790602e-05, 1.6342391973012127e-05, 2.3936348952702247e-05, 1.7674376067589037e-05, 1.126301140175201e-05, 1.1463615010143258e-05, 1.326245183008723e-05, 9.660957402957138e-06, 9.558839337842073e-06, 1.0827388905454427e-05, 1.684820745140314e-05, 1.3724103155254852e-05, 1.0112962627317756e-05, 1.0704325177357532e-05, 9.776320439414121e-06, 8.152571354003157e-06, 9.783816494746134e-06, 9.66746301855892e-06, 6.432890131691238e-06, 6.0328725339786615e-06, 8.041705768846441e-06, 6.576624855370028e-06, 7.22161848898395e-06, 6.54001905786572e-06, 6.330210453597829e-06, 8.817278285278007e-06, 6.644966106250649e-06, 4.085287400812376e-06, 5.719799446524121e-06, 5.329607120074797e-06, 4.9043424041883554e-06, 2.9841676223441027e-06, 1.9236942989664385e-06, 1.2095160855096765e-06, 6.96515712661494e-07, 6.18883632341749e-07, 6.341394964692881e-07, 6.175491193971538e-07, 4.545411229628371e-07, 3.041272691461927e-07, 3.122525811249943e-07, 2.741300306752237e-07, 3.6087706689613697e-07, 3.569687976323621e-07, 2.2296512725006323e-07, 3.2195771382248495e-07, 2.2168539715039515e-07, 7.483519937068195e-08, 5.58941959383219e-09, 1.6896014101708268e-11, 1.5781133344550113e-11, 9.607230809505207e-12, 8.079378312209062e-12, 7.927699295640078e-12, 7.785472787291692e-12, 7.672722700247103e-12, 7.60187225667952e-12, 7.559160762615758e-12], "lowlevel.mfcc.mean": [-578.6256103515625, 84.42626953125, -8.022348403930664, 29.501916885375977, 10.145181655883789, 15.931109428405762, 5.971140384674072, 8.056130409240723, 5.820193767547607, -1.3452914953231812, -1.1761125326156616, 2.758680820465088, -1.9736765623092651], "lowlevel.spectral_contrast_coeffs.mean": [-0.6761749386787415, -0.754749596118927, -0.7609670758247375, -0.7890198230743408, -0.7957225441932678, -0.7125752568244934], "lowlevel.spectral_contrast_coeffs.stdev": [0.0759163647890091, 0.08375158160924911, 0.062183186411857605, 0.04039919748902321, 0.02523220144212246, 0.03360791131854057], "lowlevel.spectral_contrast_valleys.mean": [-6.510983467102051, -6.81693172454834, -7.0006632804870605, -6.846041679382324, -6.551227569580078, -9.530792236328125], "lowlevel.spectral_contrast_valleys.stdev": [0.559264600276947, 0.4848810136318207, 0.40692973136901855, 0.3438971936702728, 0.32897236943244934, 0.5154748558998108], "rhythm.beats_loudness_band_ratio.mean": [0.4350600838661194, 0.1648680865764618, 0.12360502034425735, 0.13905076682567596, 0.13706667721271515, 0.08803414553403854], "rhythm.beats_loudness_band_ratio.stdev": [0.17929421365261078, 0.1484495997428894, 0.13194039463996887, 0.14885906875133514, 0.09691023826599121, 0.045319780707359314], "tonal.hpcp.mean": [0.05469885841012001, 0.05261645466089249, 0.13962581753730774, 0.19099996984004974, 0.10897506773471832, 0.044686540961265564, 0.033463846892118454, 0.03938339278101921, 0.07627609372138977, 0.09049472212791443, 0.06850165128707886, 0.08642406016588211, 0.09905639290809631, 0.06838124990463257, 0.06637141853570938, 0.08397925645112991, 0.12012632936239243, 0.29968786239624023, 0.38497069478034973, 0.21254107356071472, 0.08712225407361984, 0.06228364259004593, 0.05690605193376541, 0.1013415977358818, 0.11641557514667511, 0.0741521343588829, 0.08372913300991058, 0.1324564665555954, 0.16216081380844116, 0.1895943284034729, 0.16897425055503845, 0.11676263809204102, 0.14753276109695435, 0.21904297173023224, 0.1753568798303604, 0.08543571829795837], "tonal.hpcp.stdev": [0.14962387084960938, 0.14102362096309662, 0.24182230234146118, 0.29567989706993103, 0.19976946711540222, 0.1283019781112671, 0.09705878049135208, 0.11347179114818573, 0.17437808215618134, 0.20648258924484253, 0.1467016041278839, 0.16014182567596436, 0.20486462116241455, 0.14426878094673157, 0.12957343459129333, 0.160760298371315, 0.19786716997623444, 0.30810266733169556, 0.35523536801338196, 0.24513264000415802, 0.1806454062461853, 0.16172103583812714, 0.1550043821334839, 0.20640404522418976, 0.22527123987674713, 0.15623913705348969, 0.1909276247024536, 0.26737305521965027, 0.27665823698043823, 0.29138684272766113, 0.2699193060398102, 0.2263685166835785, 0.24601931869983673, 0.34187641739845276, 0.28959351778030396, 0.19135278463363647], "rhythm.beats_position": [0.5340589284896851, 1.0681178569793701, 1.6021767854690552, 2.1362357139587402, 2.670294761657715, 3.2043535709381104, 3.738412618637085, 4.29569149017334, 4.852970600128174, 5.39863920211792, 5.944308280944824, 6.478367328643799, 7.024035930633545, 7.569705009460449, 8.115373611450195, 8.661043167114258, 9.206711769104004, 9.75238037109375, 10.286439895629883, 10.8204984664917, 11.354557991027832, 11.911836624145508, 12.457505226135254, 13.003174781799316, 13.537233352661133, 14.07129192352295, 14.616961479187012, 15.162630081176758, 15.708298683166504, 16.25396728515625, 16.799636840820312, 17.345306396484375, 17.879364013671875, 18.425033569335938, 18.970703125, 19.5047607421875, 20.050430297851562, 20.596099853515625, 21.141767501831055, 21.687437057495117, 22.22149658203125, 22.75555419921875, 23.301223754882812, 23.846893310546875, 24.392560958862305, 24.938230514526367, 25.48390007019043, 26.029569625854492, 26.575237274169922, 27.120906829833984, 27.654966354370117, 28.189023971557617, 28.72308349609375, 29.268753051757812, 29.814420700073242, 30.360090255737305, 30.905759811401367, 31.451427459716797, 31.99709701538086, 32.54276657104492, 33.088436126708984, 33.622493743896484, 34.156551361083984, 34.70222091674805, 35.23628234863281, 35.78194808959961, 36.32761764526367, 36.873287200927734, 37.4189567565918, 37.96462631225586, 38.51029586791992, 39.04435348510742, 39.590023040771484], "rhythm.bpm_histogram": [0.0, 0.0, 0.0, 0.0, 0.0, 0.0, 0.0, 0.0, 0.0, 0.0, 0.0, 0.0, 0.0, 0.0, 0.0, 0.0, 0.0, 0.0, 0.0, 0.0, 0.0, 0.0, 0.0, 0.0, 0.0, 0.0, 0.0, 0.0, 0.0, 0.0, 0.0, 0.0, 0.0, 0.0, 0.0, 0.0, 0.0, 0.0, 0.0, 0.0, 0.0, 0.0, 0.0, 0.0, 0.0, 0.0, 0.0, 0.0, 0.0, 0.0, 0.0, 0.0, 0.0, 0.0, 0.0, 0.0, 0.0, 0.0, 0.0, 0.0, 0.0, 0.0, 0.0, 0.0, 0.0, 0.0, 0.0, 0.0, 0.0, 0.0, 0.0, 0.0, 0.0, 0.0, 0.0, 0.0, 0.0, 0.0, 0.0, 0.0, 0.0, 0.0, 0.0, 0.0, 0.0, 0.0, 0.0, 0.0, 0.0, 0.0, 0.0, 0.0, 0.0, 0.0, 0.0, 0.0, 0.0, 0.0, 0.0, 0.0, 0.0, 0.0, 0.0, 0.0, 0.0, 0.0, 0.0, 0.0, 0.0416666679084301, 0.0, 0.6388888955116272, 0.0, 0.3194444477558136, 0.0, 0.0, 0.0, 0.0, 0.0, 0.0, 0.0, 0.0, 0.0, 0.0, 0.0, 0.0, 0.0, 0.0, 0.0, 0.0, 0.0, 0.0, 0.0, 0.0, 0.0, 0.0, 0.0, 0.0, 0.0, 0.0, 0.0, 0.0, 0.0, 0.0, 0.0, 0.0, 0.0, 0.0, 0.0, 0.0, 0.0, 0.0, 0.0, 0.0, 0.0, 0.0, 0.0, 0.0, 0.0, 0.0, 0.0, 0.0, 0.0, 0.0, 0.0, 0.0, 0.0, 0.0, 0.0, 0.0, 0.0, 0.0, 0.0, 0.0, 0.0, 0.0, 0.0, 0.0, 0.0, 0.0, 0.0, 0.0, 0.0, 0.0, 0.0, 0.0, 0.0, 0.0, 0.0, 0.0, 0.0, 0.0, 0.0, 0.0, 0.0, 0.0, 0.0, 0.0, 0.0, 0.0, 0.0, 0.0, 0.0, 0.0, 0.0, 0.0, 0.0, 0.0, 0.0, 0.0, 0.0, 0.0, 0.0, 0.0, 0.0, 0.0, 0.0, 0.0, 0.0, 0.0, 0.0, 0.0, 0.0, 0.0, 0.0, 0.0, 0.0, 0.0, 0.0, 0.0, 0.0, 0.0, 0.0, 0.0, 0.0, 0.0, 0.0, 0.0, 0.0, 0.0, 0.0, 0.0, 0.0, 0.0, 0.0, 0.0, 0.0, 0.0, 0.0, 0.0, 0.0], "tonal.chords_histogram": [38.586326599121094, 6.604866981506348, 24.101970672607422, 0.0, 1.738122820854187, 0.0, 0.0, 0.0, 0.0, 0.0, 0.0, 0.0, 0.3476245701313019, 0.0, 0.0, 0.0, 0.0, 4.866744041442871, 0.0, 22.943222045898438, 0.0, 0.8111239671707153, 0.0, 0.0], "tonal.thpcp": [1.0, 0.5520967841148376, 0.22630879282951355, 0.16178801655769348, 0.1478191763162613, 0.26324495673179626, 0.3024011254310608, 0.19261761009693146, 0.21749481558799744, 0.3440689742565155, 0.42122897505760193, 0.492490291595459, 0.438927561044693, 0.30330267548561096, 0.38323113322257996, 0.5689861178398132, 0.4555070996284485, 0.22192785143852234, 0.14208577573299408, 0.13667652010917664, 0.36269205808639526, 0.49614158272743225, 0.28307366371154785, 0.11607777327299118, 0.0869257003068924, 0.10230231285095215, 0.19813480973243713, 0.2350691258907318, 0.17793990671634674, 0.22449517250061035, 0.2573089301586151, 0.17762716114521027, 0.1724064201116562, 0.21814453601837158, 0.31204017996788025, 0.7784692645072937], "lowlevel.gfcc.cov": [[1105.956787109375, 94.41947937011719, 84.8504638671875, 30.054046630859375, -84.96968078613281, -25.940866470336914, -53.32319641113281, -39.0816650390625, 18.087825775146484, -2.7073214054107666, 17.709043502807617, -3.7201035022735596, 6.432971477508545], [94.41947937011719, 361.9454650878906, -13.943225860595703, -0.27304336428642273, 50.80160140991211, -46.68754196166992, 78.36812591552734, 6.777400493621826, 51.8778190612793, 29.873626708984375, 30.109086990356445, -12.3133544921875, 25.706092834472656], [84.8504638671875, -13.943225860595703, 199.2914276123047, 98.54900360107422, 29.293825149536133, 3.136108875274658, -20.71047019958496, 5.361668109893799, 6.389877796173096, 4.191888809204102, 17.04265785217285, 11.76827335357666, -9.42677116394043], [30.054046630859375, -0.27304336428642273, 98.54900360107422, 216.0626220703125, 86.9070816040039, 38.689945220947266, 4.450343132019043, 17.565093994140625, 27.164461135864258, -5.864808559417725, 19.0753116607666, 1.7792847156524658, 16.067392349243164], [-84.96968078613281, 50.80160140991211, 29.293825149536133, 86.9070816040039, 198.3682403564453, 73.66998291015625, 110.60086822509766, 59.48733901977539, 43.653770446777344, 24.36847686767578, 10.146333694458008, 7.448339462280273, 7.127372741699219], [-25.940866470336914, -46.68754196166992, 3.136108875274658, 38.689945220947266, 73.66998291015625, 171.06114196777344, 116.96260070800781, 51.5308723449707, 5.285183906555176, -1.3850113153457642, 19.091707229614258, 10.295578002929688, 17.52498435974121], [-53.32319641113281, 78.36812591552734, -20.71047019958496, 4.450343132019043, 110.60086822509766, 116.96260070800781, 220.80429077148438, 83.75993347167969, 36.1130256652832, 11.235488891601562, 11.545955657958984, 10.562430381774902, 8.490559577941895], [-39.0816650390625, 6.777400493621826, 5.361668109893799, 17.565093994140625, 59.48733901977539, 51.5308723449707, 83.75993347167969, 114.49951934814453, 61.085533142089844, 22.57227897644043, 5.90502405166626, -0.9079527258872986, 8.03955364227295], [18.087825775146484, 51.8778190612793, 6.389877796173096, 27.164461135864258, 43.653770446777344, 5.285183906555176, 36.1130256652832, 61.085533142089844, 119.78269958496094, 61.81914138793945, 30.934738159179688, -5.572813510894775, 2.9843575954437256], [-2.7073214054107666, 29.873626708984375, 4.191888809204102, -5.864808559417725, 24.36847686767578, -1.3850113153457642, 11.235488891601562, 22.57227897644043, 61.81914138793945, 82.1056900024414, 42.20320129394531, 5.620738983154297, -5.916748046875], [17.709043502807617, 30.109086990356445, 17.04265785217285, 19.0753116607666, 10.146333694458008, 19.091707229614258, 11.545955657958984, 5.90502405166626, 30.934738159179688, 42.20320129394531, 82.00364685058594, 34.998085021972656, 10.9454345703125], [-3.7201035022735596, -12.3133544921875, 11.76827335357666, 1.7792847156524658, 7.448339462280273, 10.295578002929688, 10.562430381774902, -0.9079527258872986, -5.572813510894775, 5.620738983154297, 34.998085021972656, 68.291015625, 32.03131866455078], [6.432971477508545, 25.706092834472656, -9.42677116394043, 16.067392349243164, 7.127372741699219, 17.52498435974121, 8.490559577941895, 8.03955364227295, 2.9843575954437256, -5.916748046875, 10.9454345703125, 32.03131866455078, 68.85294342041016]], "lowlevel.gfcc.icov": [[0.0010646265000104904, -0.0005161951412446797, -0.0005054163048043847, -0.00011604759492911398, 0.0007721723522990942, -0.0005670380196534097, 0.00025386371999047697, 0.0003486008499749005, -0.0005847944412380457, 0.00020022812532261014, 0.0002737508330028504, -0.0002593727258499712, 0.0001632200728636235], [-0.0005161951412446797, 0.005832623690366745, -0.00029725272906944156, 0.0006358274258673191, -0.0016454595606774092, 0.005494266282767057, -0.004948838148266077, 0.0022423684131354094, -0.0005989763885736465, 0.0005763504304923117, -0.00453264219686389, 0.005829989444464445, -0.005114272236824036], [-0.0005054163048043847, -0.00029725272906944156, 0.007478093728423119, -0.0036480138078331947, -2.4565668354625814e-05, -8.613779209554195e-05, 0.0012522859033197165, -0.0015602547209709883, 0.0012490048538893461, -0.0009588559623807669, 0.00034015782875940204, -0.0030133272521197796, 0.0032967880833894014], [-0.00011604759492911398, 0.0006358274258673191, -0.0036480138078331947, 0.009252539835870266, -0.004615684039890766, -0.0009002800215967, 0.0019834882114082575, 0.0010559787042438984, -0.0030296863988041878, 0.005185211077332497, -0.003808034583926201, 0.003529767505824566, -0.003005942329764366], [0.0007721723522990942, -0.0016454595606774092, -2.4565668354625814e-05, -0.004615684039890766, 0.01097201369702816, -0.0021970239467918873, -0.003030277555808425, -0.0009629164705984294, -6.818299880251288e-05, -0.004242895171046257, 0.004604530055075884, -0.003528244560584426, 0.002073227893561125], [-0.0005670380196534097, 0.005494266282767057, -8.613779209554195e-05, -0.0009002800215967, -0.0021970239467918873, 0.016131378710269928, -0.009645167738199234, -0.0003713905462063849, 0.0032091992907226086, 0.0008233971893787384, -0.007763911038637161, 0.007679694332182407, -0.006852526217699051], [0.00025386371999047697, -0.004948838148266077, 0.0012522859033197165, 0.0019834882114082575, -0.003030277555808425, -0.009645167738199234, 0.01517914142459631, -0.0057560657151043415, -0.000773618055973202, 0.0019275384256616235, 0.0031713517382740974, -0.006324301473796368, 0.005738625768572092], [0.0003486008499749005, 0.0022423684131354094, -0.0015602547209709883, 0.0010559787042438984, -0.0009629164705984294, -0.0003713905462063849, -0.0057560657151043415, 0.018383700400590897, -0.009323794394731522, 0.0013595614582300186, 0.0013007939560338855, 0.0018932694802060723, -0.003138934029266238], [-0.0005847944412380457, -0.0005989763885736465, 0.0012490048538893461, -0.0030296863988041878, -6.818299880251288e-05, 0.0032091992907226086, -0.000773618055973202, -0.009323794394731522, 0.021712420508265495, -0.013013260439038277, -0.002167397877201438, 0.004199579358100891, -0.0021379452664405107], [0.00020022812532261014, 0.0005763504304923117, -0.0009588559623807669, 0.005185211077332497, -0.004242895171046257, 0.0008233971893787384, 0.0019275384256616235, 0.0013595614582300186, -0.013013260439038277, 0.029411617666482925, -0.012757381424307823, 0.002142031444236636, 0.0023810071870684624], [0.0002737508330028504, -0.00453264219686389, 0.00034015782875940204, -0.003808034583926201, 0.004604530055075884, -0.007763911038637161, 0.0031713517382740974, 0.0013007939560338855, -0.002167397877201438, -0.012757381424307823, 0.029400676488876343, -0.01761029101908207, 0.006074843462556601], [-0.0002593727258499712, 0.005829989444464445, -0.0030133272521197796, 0.003529767505824566, -0.003528244560584426, 0.007679694332182407, -0.006324301473796368, 0.0018932694802060723, 0.004199579358100891, 0.002142031444236636, -0.01761029101908207, 0.033625345677137375, -0.017260735854506493], [0.0001632200728636235, -0.005114272236824036, 0.0032967880833894014, -0.003005942329764366, 0.002073227893561125, -0.006852526217699051, 0.005738625768572092, -0.003138934029266238, -0.0021379452664405107, 0.0023810071870684624, 0.006074843462556601, -0.017260735854506493, 0.026120590046048164]], "lowlevel.mfcc.cov": [[875.2379760742188, 29.174463272094727, 114.6409683227539, 15.710626602172852, -18.169965744018555, -6.455024719238281, -58.45322799682617, -41.287261962890625, -54.17732620239258, -14.996611595153809, -15.772908210754395, -29.785972595214844, -8.37341594696045], [29.174463272094727, 342.3078918457031, -73.08504486083984, 34.07847595214844, -47.60886764526367, -6.899250030517578, 11.611145973205566, -11.803646087646484, 23.152729034423828, 26.01807975769043, 24.305328369140625, 11.728992462158203, 18.913532257080078], [114.6409683227539, -73.08504486083984, 198.614501953125, 35.34944152832031, 33.31584548950195, -6.441251754760742, -25.923097610473633, -14.10859489440918, -43.9510612487793, -15.670572280883789, -11.411185264587402, -2.4270360469818115, 5.468964099884033], [15.710626602172852, 34.07847595214844, 35.34944152832031, 169.80615234375, 71.94635009765625, 16.10702896118164, -2.8031883239746094, 10.525577545166016, 15.921704292297363, 13.989646911621094, 8.175929069519043, 7.267585277557373, 19.323787689208984], [-18.169965744018555, -47.60886764526367, 33.31584548950195, 71.94635009765625, 124.61727905273438, 21.98499298095703, 1.9530586004257202, 5.713239669799805, 15.35765552520752, 19.394866943359375, 8.941064834594727, 13.031867027282715, 12.437958717346191], [-6.455024719238281, -6.899250030517578, -6.441251754760742, 16.10702896118164, 21.98499298095703, 109.65177154541016, 74.38652801513672, 41.82804870605469, 22.750720977783203, 11.748785972595215, 13.615677833557129, 7.556982040405273, 4.108893871307373], [-58.45322799682617, 11.611145973205566, -25.923097610473633, -2.8031883239746094, 1.9530586004257202, 74.38652801513672, 146.83041381835938, 89.44336700439453, 50.244895935058594, 11.767412185668945, 13.362308502197266, 19.649505615234375, 7.58877420425415], [-41.287261962890625, -11.803646087646484, -14.10859489440918, 10.525577545166016, 5.713239669799805, 41.82804870605469, 89.44336700439453, 114.1973876953125, 64.87452697753906, 16.66847801208496, 9.134573936462402, 13.54907512664795, 9.611405372619629], [-54.17732620239258, 23.152729034423828, -43.9510612487793, 15.921704292297363, 15.35765552520752, 22.750720977783203, 50.244895935058594, 64.87452697753906, 109.96720886230469, 51.59161376953125, 23.065448760986328, 13.837320327758789, 7.5062127113342285], [-14.996611595153809, 26.01807975769043, -15.670572280883789, 13.989646911621094, 19.394866943359375, 11.748785972595215, 11.767412185668945, 16.66847801208496, 51.59161376953125, 88.28759765625, 47.460201263427734, 18.244827270507812, 4.877814769744873], [-15.772908210754395, 24.305328369140625, -11.411185264587402, 8.175929069519043, 8.941064834594727, 13.615677833557129, 13.362308502197266, 9.134573936462402, 23.065448760986328, 47.460201263427734, 76.96624755859375, 38.553863525390625, 19.87261962890625], [-29.785972595214844, 11.728992462158203, -2.4270360469818115, 7.267585277557373, 13.031867027282715, 7.556982040405273, 19.649505615234375, 13.54907512664795, 13.837320327758789, 18.244827270507812, 38.553863525390625, 72.95575714111328, 39.69606399536133], [-8.37341594696045, 18.913532257080078, 5.468964099884033, 19.323787689208984, 12.437958717346191, 4.108893871307373, 7.58877420425415, 9.611405372619629, 7.5062127113342285, 4.877814769744873, 19.87261962890625, 39.69606399536133, 66.86358642578125]], "lowlevel.mfcc.icov": [[0.0013243986759334803, -0.00029913251637481153, -0.0008250270038843155, 7.1695299084240105e-06, 0.00032368264510296285, -0.0004714798415079713, 0.0005893170600757003, -0.0001342944015050307, 0.0002588604693301022, -0.00013595170457847416, 8.529751539754216e-06, 0.00041521296952851117, -3.112271224381402e-05], [-0.00029913251637481153, 0.004156824201345444, 0.0014312207931652665, -0.002121669240295887, 0.0025484412908554077, 0.0006736656650900841, -0.0015531827230006456, 0.0021264683455228806, -0.000595276418607682, -0.0009762225090526044, -0.00031678852974437177, 0.00015681973309256136, -0.001222941093146801], [-0.0008250270038843155, 0.0014312207931652665, 0.007127530872821808, -0.0014679444720968604, -0.0008945220615714788, 0.0005625609192065895, 0.00015442335279658437, -0.0011508791940286756, 0.003366815159097314, -0.0009357270319014788, 0.0005722366040572524, -0.00021446062601171434, -0.0007396225701086223], [7.1695299084240105e-06, -0.002121669240295887, -0.0014679444720968604, 0.009346705861389637, -0.005575850605964661, -0.000987085746601224, 0.0018847984028980136, -0.0018643609946593642, -0.0005698149907402694, 0.0006608752300962806, -0.00027457400574348867, 0.0011617769487202168, -0.0014205254847183824], [0.00032368264510296285, 0.0025484412908554077, -0.0008945220615714788, -0.005575850605964661, 0.013507400639355183, -0.0020853285677731037, 6.869260687381029e-05, 0.0022417958825826645, -0.00158281484618783, -0.0024649230763316154, 0.0013087911065667868, -0.001788537367247045, -0.0006799224647693336], [-0.0004714798415079713, 0.0006736656650900841, 0.0005625609192065895, -0.000987085746601224, -0.0020853285677731037, 0.015356149524450302, -0.008840397000312805, 0.0008881650283001363, 0.0010598800145089626, -0.0004796981520485133, -0.0021220012567937374, 0.0020511955954134464, -0.0003614890156313777], [0.0005893170600757003, -0.0015531827230006456, 0.00015442335279658437, 0.0018847984028980136, 6.869260687381029e-05, -0.008840397000312805, 0.01912500150501728, -0.011841565370559692, -3.8416084862546995e-05, 0.0015764437848702073, 0.00027885145391337574, -0.0032193849328905344, 0.0017355871386826038], [-0.0001342944015050307, 0.0021264683455228806, -0.0011508791940286756, -0.0018643609946593642, 0.0022417958825826645, 0.0008881650283001363, -0.011841565370559692, 0.023652195930480957, -0.010685891844332218, 0.001986015122383833, 0.00043459321022965014, 0.0003237604978494346, -0.0017795766470953822], [0.0002588604693301022, -0.000595276418607682, 0.003366815159097314, -0.0005698149907402694, -0.00158281484618783, 0.0010598800145089626, -3.8416084862546995e-05, -0.010685891844332218, 0.0216839537024498, -0.010754364542663097, 0.0022277841344475746, 0.0002708925458136946, -0.0006128522800281644], [-0.00013595170457847416, -0.0009762225090526044, -0.0009357270319014788, 0.0006608752300962806, -0.0024649230763316154, -0.0004796981520485133, 0.0015764437848702073, 0.001986015122383833, -0.010754364542663097, 0.024281615391373634, -0.01306348666548729, 0.0009966453071683645, 0.002895094221457839], [8.529751539754216e-06, -0.00031678852974437177, 0.0005722366040572524, -0.00027457400574348867, 0.0013087911065667868, -0.0021220012567937374, 0.00027885145391337574, 0.00043459321022965014, 0.0022277841344475746, -0.01306348666548729, 0.026271119713783264, -0.010629809461534023, -0.0008783384109847248], [0.00041521296952851117, 0.00015681973309256136, -0.00021446062601171434, 0.0011617769487202168, -0.001788537367247045, 0.0020511955954134464, -0.0032193849328905344, 0.0003237604978494346, 0.0002708925458136946, 0.0009966453071683645, -0.010629809461534023, 0.026853958144783974, -0.01267174631357193], [-3.112271224381402e-05, -0.001222941093146801, -0.0007396225701086223, -0.0014205254847183824, -0.0006799224647693336, -0.0003614890156313777, 0.0017355871386826038, -0.0017795766470953822, -0.0006128522800281644, 0.002895094221457839, -0.0008783384109847248, -0.01267174631357193, 0.02361811138689518]], "metadata.audio_properties.analysis.downmix": "mix", "metadata.audio_properties.codec": "mp3", "metadata.audio_properties.md5_encoded": "20066636929d74cf85169bdeadd7e5d6", "metadata.tags.file_na