{"song_id": "1182285262483640391", "download": "https://cdn.discordapp.com/attachments/1135911532732108921/1182285262483640391/chirp.mp4?ex=658423f4&amp", "lyrics": "[verse]\nIn the depths of darkness I descend\nWhere demons dance and souls never mend\nBlack flames lick the skies, no end in sight\nThis is the black day on hell, eternal night\n\n[chorus]\nLost in shadows, my spirit's demise\nBlack day on hell, where hope slowly dies\nNeon lights flicker, reflecting despair\nIn this synthwave nightmare, no escape, no repair", "style": ["post punk"], "essentia_features": {"lowlevel.average_loudness": 0.9469372630119324, "lowlevel.barkbands_crest.mean": 12.238697052001953, "lowlevel.barkbands_crest.stdev": 4.064449310302734, "lowlevel.barkbands_flatness_db.mean": 0.280079185962677, "lowlevel.barkbands_flatness_db.stdev": 0.10012193769216537, "lowlevel.barkbands_kurtosis.mean": 18.433881759643555, "lowlevel.barkbands_kurtosis.stdev": 24.759929656982422, "lowlevel.barkbands_skewness.mean": 2.6651358604431152, "lowlevel.barkbands_skewness.stdev": 1.9183026552200317, "lowlevel.barkbands_spread.mean": 11.900114059448242, "lowlevel.barkbands_spread.stdev": 19.75200653076172, "lowlevel.dissonance.mean": 0.3865453004837036, "lowlevel.dissonance.stdev": 0.06791562587022781, "lowlevel.dynamic_complexity": 3.8849055767059326, "lowlevel.erbbands_crest.mean": 11.857194900512695, "lowlevel.erbbands_crest.stdev": 4.394180774688721, "lowlevel.erbbands_flatness_db.mean": 0.24838446080684662, "lowlevel.erbbands_flatness_db.stdev": 0.08334147185087204, "lowlevel.erbbands_kurtosis.mean": 4.140313625335693, "lowlevel.erbbands_kurtosis.stdev": 5.582190036773682, "lowlevel.erbbands_skewness.mean": 1.1726387739181519, "lowlevel.erbbands_skewness.stdev": 1.377797245979309, "lowlevel.erbbands_spread.mean": 28.930545806884766, "lowlevel.erbbands_spread.stdev": 31.19478988647461, "lowlevel.hfc.mean": 12.585331916809082, "lowlevel.hfc.stdev": 13.705755233764648, "lowlevel.loudness_ebu128.integrated": -16.53583335876465, "lowlevel.loudness_ebu128.loudness_range": 2.7546558380126953, "lowlevel.loudness_ebu128.momentary.mean": -17.862552642822266, "lowlevel.loudness_ebu128.momentary.stdev": 3.7816824913024902, "lowlevel.loudness_ebu128.short_term.mean": -16.825584411621094, "lowlevel.loudness_ebu128.short_term.stdev": 1.1506785154342651, "lowlevel.melbands_crest.mean": 16.357738494873047, "lowlevel.melbands_crest.stdev": 4.617795944213867, "lowlevel.melbands_flatness_db.mean": 0.3720081150531769, "lowlevel.melbands_flatness_db.stdev": 0.12387064099311829, "lowlevel.melbands_kurtosis.mean": 25.94464874267578, "lowlevel.melbands_kurtosis.stdev": 29.969240188598633, "lowlevel.melbands_skewness.mean": 3.2518091201782227, "lowlevel.melbands_skewness.stdev": 1.9532825946807861, "lowlevel.melbands_spread.mean": 13.733121871948242, "lowlevel.melbands_spread.stdev": 31.184185028076172, "lowlevel.pitch_salience.mean": 0.5489617586135864, "lowlevel.pitch_salience.stdev": 0.13465242087841034, "lowlevel.silence_rate_20dB.mean": 1.0, "lowlevel.silence_rate_20dB.stdev": 0.0, "lowlevel.silence_rate_30dB.mean": 0.9987959265708923, "lowlevel.silence_rate_30dB.stdev": 0.03467893227934837, "lowlevel.silence_rate_60dB.mean": 0.09572546929121017, "lowlevel.silence_rate_60dB.stdev": 0.29421466588974, "lowlevel.spectral_centroid.mean": 612.7794189453125, "lowlevel.spectral_centroid.stdev": 759.0113525390625, "lowlevel.spectral_complexity.mean": 8.114991188049316, "lowlevel.spectral_complexity.stdev": 3.9838123321533203, "lowlevel.spectral_decrease.mean": -6.0863838413638405e-09, "lowlevel.spectral_decrease.stdev": 5.336016073442806e-09, "lowlevel.spectral_energy.mean": 0.024112924933433533, "lowlevel.spectral_energy.stdev": 0.020712193101644516, "lowlevel.spectral_energyband_high.mean": 0.0004928749403916299, "lowlevel.spectral_energyband_high.stdev": 0.0014900777023285627, "lowlevel.spectral_energyband_low.mean": 0.0032609193585813046, "lowlevel.spectral_energyband_low.stdev": 0.0038772772531956434, "lowlevel.spectral_energyband_middle_high.mean": 0.0018484402680769563, "lowlevel.spectral_energyband_middle_high.stdev": 0.00376901519484818, "lowlevel.spectral_energyband_middle_low.mean": 0.020924948155879974, "lowlevel.spectral_energyband_middle_low.stdev": 0.01918565295636654, "lowlevel.spectral_entropy.mean": 6.18658971786499, "lowlevel.spectral_entropy.stdev": 0.9964773654937744, "lowlevel.spectral_flux.mean": 0.05019920691847801, "lowlevel.spectral_flux.stdev": 0.04087443649768829, "lowlevel.spectral_kurtosis.mean": 42.25885009765625, "lowlevel.spectral_kurtosis.stdev": 69.73480987548828, "lowlevel.spectral_rms.mean": 0.004376544151455164, "lowlevel.spectral_rms.stdev": 0.002090615453198552, "lowlevel.spectral_rolloff.mean": 1182.9552001953125, "lowlevel.spectral_rolloff.stdev": 2323.160400390625, "lowlevel.spectral_skewness.mean": 4.201142311096191, "lowlevel.spectral_skewness.stdev": 3.265019416809082, "lowlevel.spectral_spread.mean": 3937366.5, "lowlevel.spectral_spread.stdev": 3065718.25, "lowlevel.spectral_strongpeak.mean": 0.8505045175552368, "lowlevel.spectral_strongpeak.stdev": 0.8133528828620911, "lowlevel.zerocrossingrate.mean": 0.0444212481379509, "lowlevel.zerocrossingrate.stdev": 0.06364772468805313, "metadata.audio_properties.analysis.equal_loudness": 0.0, "metadata.audio_properties.analysis.length": 38.52798080444336, "metadata.audio_properties.analysis.sample_rate": 44100.0, "metadata.audio_properties.analysis.start_time": 0.0, "metadata.audio_properties.bit_rate": 119059.0, "metadata.audio_properties.length": 38.52799987792969, "metadata.audio_properties.lossless": 0.0, "metadata.audio_properties.number_channels": 1.0, "metadata.audio_properties.replay_gain": -11.145524978637695, "metadata.audio_properties.sample_rate": 48000.0, "rhythm.beats_count": 80.0, "rhythm.beats_loudness.mean": 0.03049134835600853, "rhythm.beats_loudness.stdev": 0.023826001212000847, "rhythm.bpm": 142.4566650390625, "rhythm.bpm_histogram_first_peak_bpm": 144.0, "rhythm.bpm_histogram_first_peak_weight": 0.3809524178504944, "rhythm.bpm_histogram_second_peak_bpm": 126.0, "rhythm.bpm_histogram_second_peak_spread": 0.6000000238418579, "rhythm.bpm_histogram_second_peak_weight": 0.10126582533121109, "rhythm.danceability": 1.1834111213684082, "rhythm.onset_rate": 3.242952346801758, "tonal.chords_changes_rate": 0.04332130029797554, "tonal.chords_number_rate": 0.008423586376011372, "tonal.chords_strength.mean": 0.5465760827064514, "tonal.chords_strength.stdev": 0.08564384281635284, "tonal.hpcp_crest.mean": 17.593767166137695, "tonal.hpcp_crest.stdev": 6.90287971496582, "tonal.hpcp_entropy.mean": 1.469297170639038, "tonal.hpcp_entropy.stdev": 0.616523027420044, "tonal.key_edma.strength": 0.7654281854629517, "tonal.key_krumhansl.strength": 0.7714909911155701, "tonal.key_temperley.strength": 0.7826617956161499, "tonal.tuning_diatonic_strength": 0.6066768169403076, "tonal.tuning_equal_tempered_deviation": 0.020367570221424103, "tonal.tuning_frequency": 439.74591064453125, "tonal.tuning_nontempered_energy_ratio": 0.6159416437149048, "lowlevel.barkbands.mean": [3.552999487510533e-06, 0.0001156904108938761, 0.0008309565018862486, 0.005620104260742664, 0.008257901296019554, 0.0031665186397731304, 0.0015516229905188084, 0.0012230174615979195, 0.000845851784106344, 0.0004442145873326808, 0.00021748209837824106, 0.0003106989315710962, 0.00042244509677402675, 0.00019793995306827128, 0.00014450545131694525, 0.00011215779522899538, 6.206750549608842e-05, 6.377644240274094e-06, 6.277463398873806e-05, 3.638802081695758e-05, 3.92145047953818e-05, 9.053176472662017e-05, 0.00014613251551054418, 8.614773832960054e-05, 7.18646333552897e-05, 4.425271617947146e-05, 2.553632612034562e-06], "lowlevel.barkbands.stdev": [7.877145435486455e-06, 0.00041591734043322504, 0.001371936989016831, 0.006602769251912832, 0.010984883643686771, 0.004555204883217812, 0.003387672593817115, 0.003002849407494068, 0.0024598620366305113, 0.0018106810748577118, 0.0005153860547579825, 0.0012471171794459224, 0.0015452223597094417, 0.0006763493875041604, 0.0005119600682519376, 0.0003890757216140628, 0.00019435500144027174, 1.7661584934103303e-05, 0.00024486135225743055, 0.00012438869453035295, 0.00014695199206471443, 0.00030733601306565106, 0.0004947421257384121, 0.00028608349384739995, 0.00021579288295470178, 0.00012537041038740426, 9.072792636288796e-06], "lowlevel.erbbands.mean": [0.0011193824466317892, 0.04390113428235054, 0.7369194626808167, 10.468870162963867, 31.681556701660156, 21.13093376159668, 20.067758560180664, 24.55707359313965, 23.095787048339844, 23.153718948364258, 28.910921096801758, 18.513996124267578, 22.92445945739746, 8.839402198791504, 8.482513427734375, 15.234560012817383, 19.540876388549805, 10.57003116607666, 8.153783798217773, 7.4763994216918945, 6.098232269287109, 3.272068977355957, 0.5449450612068176, 1.4556092023849487, 3.800557851791382, 1.4843392372131348, 1.5712260007858276, 1.5083147287368774, 2.7712457180023193, 4.912117004394531, 3.6887941360473633, 2.2959020137786865, 1.2366141080856323, 0.9466720223426819, 0.401737779378891, 0.2139325588941574, 0.08108265697956085, 0.012418476864695549, 0.00029986415756866336, 3.708572330651805e-05], "lowlevel.erbbands.stdev": [0.0023399267811328173, 0.12415850162506104, 0.9671274423599243, 11.404691696166992, 41.793235778808594, 29.157318115234375, 35.81657409667969, 36.9366455078125, 46.54741287231445, 61.5601921081543, 75.03214263916016, 49.47706604003906, 84.31233978271484, 23.985565185546875, 20.603675842285156, 58.61220932006836, 68.46086883544922, 27.997238159179688, 26.3936710357666, 27.44226837158203, 16.07985496520996, 11.088839530944824, 1.498322606086731, 6.9765191078186035, 11.963107109069824, 4.514538764953613, 6.096969127655029, 5.665676116943359, 9.498509407043457, 16.464038848876953, 12.831856727600098, 7.781667232513428, 4.0548176765441895, 2.945695638656616, 1.186995506286621, 0.6390995383262634, 0.22591088712215424, 0.03790759667754173, 0.0008882691618055105, 3.426063994993456e-05], "lowlevel.gfcc.mean": [-112.70903015136719, 131.8723602294922, -68.57585144042969, -5.539975166320801, -66.72276306152344, 0.8925656080245972, -63.6318244934082, -14.331524848937988, -34.42517852783203, -18.083362579345703, -19.61617660522461, -11.080286979675293, -21.996932983398438], "lowlevel.melbands.mean": [1.8933766114059836e-05, 0.00036460478440858424, 0.002484573284164071, 0.0020447568967938423, 0.0006658015190623701, 0.0005693947314284742, 0.00034749708720482886, 0.00024934826069511473, 0.0002166534395655617, 0.00011399816139601171, 0.00011211542732780799, 3.364104122738354e-05, 2.8914671929669566e-05, 4.0441995224682614e-05, 4.161875767749734e-05, 3.441096123424359e-05, 1.835875264077913e-05, 1.3484140254149679e-05, 1.086069369193865e-05, 8.430942216364201e-06, 7.0263636189338285e-06, 4.100942533113994e-06, 7.427911441482138e-07, 2.796154490170011e-07, 1.0693519243432092e-06, 3.1460538139072014e-06, 2.0630127437470946e-06, 7.151257364057528e-07, 9.206811455442221e-07, 1.0461425290486659e-06, 7.930366336950101e-07, 1.3473363651428372e-06, 2.20335164158314e-06, 3.018303232238395e-06, 2.193956788687501e-06, 1.7321171981166117e-06, 1.2863605434176861e-06, 8.136810834002972e-07, 9.199852684105281e-07, 7.340348133766383e-07], "lowlevel.melbands.stdev": [6.42803861410357e-05, 0.00045723404036834836, 0.0025310134515166283, 0.002716256771236658, 0.0010712604271247983, 0.000842118461150676, 0.0006654767203144729, 0.0005974938394501805, 0.0005530585185624659, 0.00032304818159900606, 0.00041874530143104494, 9.469385986449197e-05, 6.419439159799367e-05, 0.00016648067685309798, 0.00016615800268482417, 0.00010760272562038153, 5.491194679052569e-05, 4.961958256899379e-05, 4.105361949768849e-05, 3.4626005799509585e-05, 1.7668196960585192e-05, 1.4062917216506321e-05, 2.6831187369680265e-06, 8.224191674344183e-07, 5.886195594939636e-06, 1.2076578968844842e-05, 6.99556949257385e-06, 2.7154724193678703e-06, 3.914601620635949e-06, 4.074503522133455e-06, 3.132767233182676e-06, 4.804314357897965e-06, 7.621623808518052e-06, 1.0246247256873176e-05, 7.829448804841377e-06, 5.993266313453205e-06, 4.591009201249108e-06, 2.8496369850472547e-06, 2.9834170618414646e-06, 2.2892177184985485e-06], "lowlevel.melbands128.mean": [1.5721392401246703e-06, 1.9888948372681625e-06, 1.2823244105675258e-05, 7.486672984668985e-05, 0.0001303890603594482, 0.000527060532476753, 0.0018844555597752333, 0.0030975635163486004, 0.0035470679868012667, 0.0023331393022090197, 0.0008599451975896955, 0.0005021932302042842, 0.0007119333604350686, 0.0007216193480417132, 0.0005237694713287055, 0.0005617451970465481, 0.0004308773495722562, 0.000287978706182912, 0.0002442841650918126, 0.0003043752221856266, 0.00016915010928642005, 0.0003245747648179531, 0.00022276696108747274, 0.00011598724813666195, 0.00012254761531949043, 7.658888353034854e-05, 0.00018595378787722439, 0.00012265123950783163, 5.636197965941392e-05, 2.2087422621552832e-05, 3.0390447136596777e-05, 4.212819840176962e-05, 3.479494625935331e-05, 1.0362591638113372e-05, 3.0138164220261388e-05, 6.801050039939582e-05, 2.927895366156008e-05, 1.992701982089784e-05, 7.365625788224861e-05, 4.5446347940014675e-05, 2.034771750913933e-05, 2.482567469996866e-05, 1.7488178855273873e-05, 1.405076363880653e-05, 2.124664570146706e-05, 8.648619768791832e-06, 1.3101595868647564e-05, 9.79316610028036e-06, 1.0502490113140084e-05, 1.1682202057272661e-05, 6.674776614090661e-06, 7.478254701709375e-06, 6.768911134713562e-06, 7.837592420401052e-06, 5.6679718909435906e-06, 4.402146714710398e-06, 1.97348845176748e-06, 8.284208092845802e-07, 3.932275092211057e-07, 2.651959505328705e-07, 2.6017173127002025e-07, 2.620157601995743e-07, 4.6051687263570784e-07, 1.1551018133104662e-06, 2.2207693746167934e-06, 4.034870471514296e-06, 2.8517602004285436e-06, 2.9677796646865318e-06, 1.901541850202193e-06, 8.770799695412279e-07, 5.260513376015297e-07, 7.582768262182071e-07, 8.084724072432437e-07, 1.0135834145330591e-06, 9.106365155275853e-07, 1.2112070635339478e-06, 1.0874961162699037e-06, 6.287479550337594e-07, 7.484722459594195e-07, 8.829564421830582e-07, 1.2394834811857436e-06, 1.4969103858675226e-06, 1.7686965065877303e-06, 2.2256442662182963e-06, 2.57806777881342e-06, 3.0194564715202432e-06, 3.2750838272477267e-06, 2.8326312531135045e-06, 1.9310905372549314e-06, 1.9366550532140536e-06, 1.927568746395991e-06, 1.6870704939719872e-06, 1.3863896128896158e-06, 1.4535326045006514e-06, 1.0449027740833117e-06, 9.486128647040459e-07, 6.615338747906208e-07, 7.844585638849821e-07, 9.083707936952123e-07, 1.0019806495620287e-06, 1.0138677453142009e-06, 6.611072080886515e-07, 4.4962197875975107e-07, 4.534862796390371e-07, 4.422922188496159e-07, 3.9788395156392653e-07, 4.778849529429863e-07, 3.610999783631996e-07, 3.841003604065918e-07, 3.499038143672806e-07, 3.1496080055148923e-07, 2.7548142611522053e-07, 2.7340826136423857e-07, 2.3958955353009515e-07, 1.553981263668902e-07, 1.186874882819211e-07, 1.0004474404468056e-07, 1.581040010023571e-08, 7.75912840922377e-12, 3.6182474117546493e-12, 3.495000512956925e-12, 3.40183090030699e-12, 3.3300617038184432e-12, 3.2630495527818937e-12, 3.180902156257881e-12, 3.0724400888054726e-12, 3.010292102395562e-12, 2.987959489206271e-12], "lowlevel.melbands128.stdev": [3.265355644543888e-06, 4.136749794270145e-06, 4.479533890844323e-05, 0.0002779386122711003, 0.00036283646477386355, 0.0009019922581501305, 0.002415136666968465, 0.0038898643106222153, 0.0055230893194675446, 0.003943008836358786, 0.0013840028550475836, 0.001034411950968206, 0.0016696444945409894, 0.0015710470033809543, 0.0010054970625787973, 0.0011949851177632809, 0.0011738826287910342, 0.0008539035334251821, 0.0007703466108068824, 0.0011173998937010765, 0.0004739801224786788, 0.000979045988060534, 0.0007796179270371795, 0.0004231958882883191, 0.0004950621514581144, 0.00037097459426149726, 0.0008222386240959167, 0.0006048611248843372, 0.0003157751343678683, 8.530740888090804e-05, 0.0001374512503389269, 0.00011670488311210647, 9.249564027413726e-05, 4.401382466312498e-05, 0.0001454558951081708, 0.00034289967152290046, 0.00014503818238154054, 0.00012931213132105768, 0.0003751046897377819, 0.00019917415920644999, 0.0001103335089283064, 8.682385669089854e-05, 6.670032598776743e-05, 7.78435351094231e-05, 0.000123679667012766, 3.6093962989980355e-05, 7.235776138259098e-05, 5.556558244279586e-05, 4.8386453272541985e-05, 6.223858508747071e-05, 5.3417403250932693e-05, 2.467861122568138e-05, 2.222203511337284e-05, 2.2442336558015086e-05, 2.1387961169239134e-05, 2.2693346181767993e-05, 1.1416437700972892e-05, 3.1418862818100024e-06, 1.3205104778535315e-06, 7.452916293004819e-07, 9.404836873727618e-07, 8.871168688528996e-07, 1.5037676348583773e-06, 8.274585525214206e-06, 1.4451731658482458e-05, 1.789503949112259e-05, 9.60525812843116e-06, 1.1779186024796218e-05, 8.536641871614847e-06, 3.368494844835368e-06, 2.3448617412213935e-06, 3.816044682025677e-06, 3.676320829981705e-06, 4.829614226764534e-06, 3.937819656130159e-06, 4.9387717808713205e-06, 5.100444013805827e-06, 2.8021361231367337e-06, 3.283088062744355e-06, 3.977586402470479e-06, 5.1034867283306085e-06, 5.857953055965481e-06, 6.350760941131739e-06, 8.450624591205269e-06, 9.3026146714692e-06, 1.0789503903652076e-05, 1.1751036254281644e-05, 1.0604828275972977e-05, 7.599996024509892e-06, 7.603147878398886e-06, 6.937963917152956e-06, 6.276266958593624e-06, 5.173097633814905e-06, 5.552042694034753e-06, 4.4528383114084136e-06, 3.999473392468644e-06, 2.28827707360324e-06, 2.8554168238770217e-06, 3.127674290226423e-06, 3.502729441606789e-06, 3.517140385156381e-06, 2.1342152649594937e-06, 1.658581027186301e-06, 1.6193114333873382e-06, 1.4290295666796737e-06, 1.2987046602574992e-06, 1.5883399555605138e-06, 1.2477430573198944e-06, 1.3646980505654938e-06, 1.1306281066936208e-06, 1.0291789749317104e-06, 8.095580597000662e-07, 8.119844778775587e-07, 7.482900628019706e-07, 5.223118932917714e-07, 4.050402822031174e-07, 3.5307425605424214e-07, 6.9708100625121e-08, 8.538632301213767e-11, 6.171677318506097e-12, 5.999260116462679e-12, 5.858750550674641e-12, 5.741831489436411e-12, 5.6405791495905966e-12, 5.560149996669539e-12, 5.491707349286612e-12, 5.4435774464456355e-12, 5.414114035567907e-12], "lowlevel.mfcc.mean": [-777.6466674804688, 176.41754150390625, 43.30652618408203, -5.5687255859375, 11.373576164245605, -4.652386665344238, -16.160865783691406, -6.950113773345947, -25.24384307861328, -8.211371421813965, -14.42686939239502, -19.467529296875, 2.426992654800415], "lowlevel.spectral_contrast_coeffs.mean": [-0.5449973344802856, -0.6800234317779541, -0.7426408529281616, -0.7776837944984436, -0.7573371529579163, -0.811145007610321], "lowlevel.spectral_contrast_coeffs.stdev": [0.08058006316423416, 0.08211209625005722, 0.07430721074342728, 0.06782783567905426, 0.07808800041675568, 0.053537849336862564], "lowlevel.spectral_contrast_valleys.mean": [-7.481218338012695, -7.5214128494262695, -8.749950408935547, -9.216867446899414, -10.205299377441406, -11.807693481445312], "lowlevel.spectral_contrast_valleys.stdev": [0.7023746371269226, 0.9282855987548828, 0.954587996006012, 1.2043921947479248, 1.4720509052276611, 1.7181557416915894], "rhythm.beats_loudness_band_ratio.mean": [0.4260597825050354, 0.41460171341896057, 0.15770694613456726, 0.05618014186620712, 0.017584774643182755, 0.0535140223801136], "rhythm.beats_loudness_band_ratio.stdev": [0.21161222457885742, 0.2054089605808258, 0.1628306657075882, 0.09476792812347412, 0.037611961364746094, 0.1470596045255661], "tonal.hpcp.mean": [0.2312302440404892, 0.09318534284830093, 0.009586270898580551, 0.00772203179076314, 0.009821574203670025, 0.06472761183977127, 0.12095820158720016, 0.06586532294750214, 0.03165798261761665, 0.04980473220348358, 0.029058942571282387, 0.017845042049884796, 0.030912261456251144, 0.04955283924937248, 0.1826101690530777, 0.29504677653312683, 0.1605149805545807, 0.027274610474705696, 0.01495717279613018, 0.026916392147541046, 0.18779447674751282, 0.2855154573917389, 0.1368454545736313, 0.03399175405502319, 0.024976857006549835, 0.024629462510347366, 0.09138952195644379, 0.14419634640216827, 0.10738199204206467, 0.18704620003700256, 0.23284712433815002, 0.09912446141242981, 0.02710147574543953, 0.021822426468133926, 0.021113824099302292, 0.15649214386940002], "tonal.hpcp.stdev": [0.32274380326271057, 0.145244300365448, 0.04286981746554375, 0.0379180908203125, 0.05367720499634743, 0.14018328487873077, 0.23847830295562744, 0.12897878885269165, 0.11058072000741959, 0.1807546615600586, 0.11084775626659393, 0.08459345251321793, 0.11696435511112213, 0.16324929893016815, 0.26355692744255066, 0.40318772196769714, 0.24939824640750885, 0.12012195587158203, 0.08625972270965576, 0.11303536593914032, 0.2933482229709625, 0.40881702303886414, 0.23355016112327576, 0.14735396206378937, 0.123069167137146, 0.11748506873846054, 0.210350900888443, 0.28770893812179565, 0.2294764518737793, 0.31359726190567017, 0.3878369927406311, 0.20590068399906158, 0.11648047715425491, 0.10303009301424026, 0.0931338518857956, 0.2282484620809555], "rhythm.beats_position": [0.42956915497779846, 0.8707482814788818, 1.300317406654358, 1.7414965629577637, 2.1942856311798096, 2.6470746994018555, 3.111473798751831, 3.599092960357666, 4.0634918212890625, 4.539501190185547, 5.015510082244873, 5.514739036560059, 6.025578022003174, 6.536417007446289, 7.035645961761475, 7.54648494720459, 8.068934440612793, 8.57977294921875, 9.102222442626953, 9.62467098236084, 10.158729553222656, 10.692789077758789, 11.226847648620605, 11.772517204284668, 12.271745681762695, 12.770975112915039, 13.270203590393066, 13.76943302154541, 14.257051467895508, 14.733060836791992, 15.278729438781738, 15.83600902557373, 16.393287658691406, 16.9505672454834, 17.507844924926758, 18.07673454284668, 18.6456241607666, 19.21451187133789, 19.667301177978516, 20.13170051574707, 20.607709884643555, 21.1069393157959, 21.59455680847168, 22.070566177368164, 22.53496551513672, 23.010974884033203, 23.475374221801758, 23.939773559570312, 24.404170989990234, 24.88018035888672, 25.356189727783203, 25.843809127807617, 26.33142852783203, 26.784217834472656, 27.23700714111328, 27.689794540405273, 28.13097381591797, 28.560543060302734, 28.97850227355957, 29.396461486816406, 29.814420700073242, 30.232379913330078, 30.650339126586914, 31.06829833984375, 31.486257553100586, 31.904216766357422, 32.32217788696289, 32.740135192871094, 33.15809631347656, 33.576053619384766, 33.98240280151367, 34.41197204589844, 34.8415412902832, 35.27111053466797, 35.71228790283203, 36.15346908569336, 36.59464645385742, 37.02421569824219, 37.45378494262695, 37.87174606323242], "rhythm.bpm_histogram": [0.0, 0.0, 0.0, 0.0, 0.0, 0.0, 0.0, 0.0, 0.0, 0.0, 0.0, 0.0, 0.0, 0.0, 0.0, 0.0, 0.0, 0.0, 0.0, 0.0, 0.0, 0.0, 0.0, 0.0, 0.0, 0.0, 0.0, 0.0, 0.0, 0.0, 0.0, 0.0, 0.0, 0.0, 0.0, 0.0, 0.0, 0.0, 0.0, 0.0, 0.0, 0.0, 0.0, 0.0, 0.0, 0.0, 0.0, 0.0, 0.0, 0.0, 0.0, 0.0, 0.0, 0.0, 0.0, 0.0, 0.0, 0.0, 0.0, 0.0, 0.0, 0.0, 0.0, 0.0, 0.0, 0.0, 0.0, 0.0, 0.0, 0.0, 0.0, 0.0, 0.0, 0.0, 0.0, 0.0, 0.0, 0.0, 0.0, 0.0, 0.0, 0.0, 0.0, 0.0, 0.0, 0.0, 0.0, 0.0, 0.0, 0.0, 0.0, 0.0, 0.0, 0.0, 0.0, 0.0, 0.0, 0.0, 0.0, 0.0, 0.0, 0.0, 0.0, 0.0, 0.0, 0.037974681705236435, 0.0, 0.0, 0.050632912665605545, 0.0, 0.025316456332802773, 0.0, 0.037974681705236435, 0.0, 0.0, 0.037974681705236435, 0.0, 0.050632912665605545, 0.0, 0.0, 0.08860759437084198, 0.0, 0.0, 0.06329113990068436, 0.0, 0.0, 0.10126582533121109, 0.0, 0.0, 0.08860759437084198, 0.0, 0.0, 0.0, 0.07594936341047287, 0.0, 0.0, 0.07594936341047287, 0.0, 0.0, 0.0, 0.08860759437084198, 0.0, 0.0, 0.0, 0.16455696523189545, 0.0, 0.0, 0.0, 0.012658228166401386, 0.0, 0.0, 0.0, 0.0, 0.0, 0.0, 0.0, 0.0, 0.0, 0.0, 0.0, 0.0, 0.0, 0.0, 0.0, 0.0, 0.0, 0.0, 0.0, 0.0, 0.0, 0.0, 0.0, 0.0, 0.0, 0.0, 0.0, 0.0, 0.0, 0.0, 0.0, 0.0, 0.0, 0.0, 0.0, 0.0, 0.0, 0.0, 0.0, 0.0, 0.0, 0.0, 0.0, 0.0, 0.0, 0.0, 0.0, 0.0, 0.0, 0.0, 0.0, 0.0, 0.0, 0.0, 0.0, 0.0, 0.0, 0.0, 0.0, 0.0, 0.0, 0.0, 0.0, 0.0, 0.0, 0.0, 0.0, 0.0, 0.0, 0.0, 0.0, 0.0, 0.0, 0.0, 0.0, 0.0, 0.0, 0.0, 0.0, 0.0, 0.0, 0.0, 0.0, 0.0, 0.0, 0.0, 0.0, 0.0, 0.0, 0.0, 0.0, 0.0, 0.0, 0.0, 0.0, 0.0, 0.0, 0.0, 0.0, 0.0, 0.0], "tonal.chords_histogram": [15.764139175415039, 2.166064977645874, 36.943443298339844, 0.0, 10.10830307006836, 0.0, 3.730445146560669, 0.0, 0.0, 0.0, 0.6016846895217896, 0.0, 0.0, 0.0, 0.0, 0.0, 0.0, 0.0, 0.0, 0.0, 0.0, 0.0, 12.876052856445312, 17.80986785888672], "tonal.thpcp": [1.0, 0.5440323352813721, 0.09244164824485779, 0.050694242119789124, 0.09122753888368607, 0.636490523815155, 0.9676955938339233, 0.4638093411922455, 0.11520801484584808, 0.08465389162302017, 0.0834764689207077, 0.3097458779811859, 0.48872366547584534, 0.3639490306377411, 0.6339544057846069, 0.7891871333122253, 0.33596184849739075, 0.09185484796762466, 0.07396259903907776, 0.07156094163656235, 0.5303977131843567, 0.7837070822715759, 0.3158324360847473, 0.03249068185687065, 0.026172228157520294, 0.03328819200396538, 0.21938084065914154, 0.40996280312538147, 0.22323688864707947, 0.10729818046092987, 0.16880282759666443, 0.09848926961421967, 0.06048207730054855, 0.1047707125544548, 0.16794909536838531, 0.6189193725585938], "lowlevel.gfcc.cov": [[12541.5546875, -5735.5693359375, -1574.7681884765625, 1393.0582275390625, -1457.40185546875, 111.43146514892578, -869.4325561523438, 817.5831298828125, -413.30059814453125, 679.385009765625, -578.6130981445312, 73.13668823242188, -934.076416015625], [-5735.5693359375, 5406.35302734375, -81.96240234375, -1784.1876220703125, 1220.8841552734375, -317.76513671875, 324.3255920410156, -362.9224853515625, 516.834228515625, -712.149169921875, 501.7066345214844, -221.0000762939453, 463.9891662597656], [-1574.7681884765625, -81.96240234375, 973.5380249023438, 177.50576782226562, -36.047386169433594, 146.1333465576172, 201.0146484375, -148.60894775390625, -45.004764556884766, 57.5348014831543, -28.85604476928711, 116.83674621582031, 112.30821990966797], [1393.0582275390625, -1784.1876220703125, 177.50576782226562, 1061.5294189453125, -318.6167907714844, 18.48877716064453, -153.0164794921875, 32.90095138549805, -118.77726745605469, 237.38021850585938, -137.09640502929688, 70.70114135742188, -36.585044860839844], [-1457.40185546875, 1220.8841552734375, -36.047386169433594, -318.6167907714844, 588.11669921875, -101.4358139038086, -19.927410125732422, -58.22964859008789, 161.0110321044922, -112.36077880859375, 136.36036682128906, -61.582008361816406, 131.93873596191406], [111.43146514892578, -317.76513671875, 146.1333465576172, 18.48877716064453, -101.4358139038086, 246.9202880859375, 74.0433578491211, 16.70379066467285, -45.67779541015625, 55.69583511352539, -29.53345489501953, 22.669347763061523, -43.676387786865234], [-869.4325561523438, 324.3255920410156, 201.0146484375, -153.0164794921875, -19.927410125732422, 74.0433578491211, 409.7234802246094, 0.5671527981758118, -87.46669006347656, -55.57670974731445, 68.55070495605469, 33.65163040161133, 10.792651176452637], [817.5831298828125, -362.9224853515625, -148.60894775390625, 32.90095138549805, -58.22964859008789, 16.70379066467285, 0.5671527981758118, 241.0001678466797, -24.009281158447266, 38.10203552246094, -4.168959617614746, 17.81903076171875, -115.55412292480469], [-413.30059814453125, 516.834228515625, -45.004764556884766, -118.77726745605469, 161.0110321044922, -45.67779541015625, -87.46669006347656, -24.009281158447266, 194.05377197265625, -47.337806701660156, 14.89420223236084, -36.903167724609375, 56.16082000732422], [679.385009765625, -712.149169921875, 57.5348014831543, 237.38021850585938, -112.36077880859375, 55.69583511352539, -55.57670974731445, 38.10203552246094, -47.337806701660156, 207.3771514892578, -54.37746047973633, 14.339529991149902, -63.55085372924805], [-578.6130981445312, 501.7066345214844, -28.85604476928711, -137.09640502929688, 136.36036682128906, -29.53345489501953, 68.55070495605469, -4.168959617614746, 14.89420223236084, -54.37746047973633, 142.30276489257812, -13.430618286132812, 17.644235610961914], [73.13668823242188, -221.0000762939453, 116.83674621582031, 70.70114135742188, -61.582008361816406, 22.669347763061523, 33.65163040161133, 17.81903076171875, -36.903167724609375, 14.339529991149902, -13.430618286132812, 94.13155364990234, -11.889604568481445], [-934.076416015625, 463.9891662597656, 112.30821990966797, -36.585044860839844, 131.93873596191406, -43.676387786865234, 10.792651176452637, -115.55412292480469, 56.16082000732422, -63.55085372924805, 17.644235610961914, -11.889604568481445, 170.05821228027344]], "lowlevel.gfcc.icov": [[0.00037905870703980327, 0.00017707985534798354, 0.0004806467331945896, -2.9063345209578983e-05, 0.0002578560961410403, 2.8010899768560193e-05, 0.00034223569673486054, -0.0002379611978540197, 2.5714105504448526e-05, -9.280452650273219e-05, 0.00041867431718856096, -0.0001839428732637316, 0.0007994782063178718], [0.00017707985534798354, 0.0026564032305032015, -0.00018641042697709054, 0.00229223957285285, -0.0010953033342957497, 0.0011295569129288197, -0.000856539816595614, 0.0011116876266896725, -0.002833884907886386, 0.002651951974257827, -0.0031189487781375647, 0.0015857100952416658, -0.001347860088571906], [0.0004806467331945896, -0.00018641042697709054, 0.002624555490911007, -0.0006859348504804075, 0.00028454698622226715, -0.0009987630182877183, -0.0003512391704134643, 0.000526074378285557, 0.00014063513663131744, -0.0012421555584296584, 0.0014105617301538587, -0.002613481367006898, 0.0003305635473225266], [-2.9063345209578983e-05, 0.00229223957285285, -0.0006859348504804075, 0.0037686615251004696, -0.0004641061241272837, 0.001457973732613027, -0.0002454253553878516, 0.0006981048500165343, -0.001911104074679315, 0.0009661492076702416, -0.002831126796081662, 0.0011018580989912152, -0.0025626292917877436], [0.0002578560961410403, -0.0010953033342957497, 0.00028454698622226715, -0.0004641061241272837, 0.004348406568169594, -1.8221304344478995e-05, 0.0012316390639171004, -0.0013591483002528548, -0.0001231121423188597, -0.0016883863136172295, -0.0008303237846121192, -0.00011780289787566289, -0.0007754496182315052], [2.8010899768560193e-05, 0.0011295569129288197, -0.0009987630182877183, 0.001457973732613027, -1.8221304344478995e-05, 0.005944008938968182, -0.001118104555644095, 0.00038388161920011044, -0.0011878787772729993, 3.587802711990662e-05, -0.000677630421705544, 0.0011504986323416233, 0.0004742047458421439], [0.00034223569673486054, -0.000856539816595614, -0.0003512391704134643, -0.0002454253553878516, 0.0012316390639171004, -0.001118104555644095, 0.004929397255182266, -0.0015726825222373009, 0.003170378739014268, -0.00021770592138636857, -0.0002905656583607197, -0.0007328641950152814, 0.0006223024684004486], [-0.0002379611978540197, 0.0011116876266896725, 0.000526074378285557, 0.0006981048500165343, -0.0013591483002528548, 0.00038388161920011044, -0.0015726825222373009, 0.007686588913202286, -0.0021930322982370853, 0.0011086356826126575, -0.0015869755297899246, -0.001112318248488009, 0.0031639006920158863], [2.5714105504448526e-05, -0.002833884907886386, 0.00014063513663131744, -0.001911104074679315, -0.0001231121423188597, -0.0011878787772729993, 0.003170378739014268, -0.0021930322982370853, 0.01154314260929823, -0.0022392794489860535, 0.004421420861035585, -0.0003857207775581628, 0.0003337073721922934], [-9.280452650273219e-05, 0.002651951974257827, -0.0012421555584296584, 0.0009661492076702416, -0.0016883863136172295, 3.587802711990662e-05, -0.00021770592138636857, 0.0011086356826126575, -0.0022392794489860535, 0.01110736932605505, -0.002613707212731242, 0.003020016709342599, 0.0007417533197440207], [0.00041867431718856096, -0.0031189487781375647, 0.0014105617301538587, -0.002831126796081662, -0.0008303237846121192, -0.000677630421705544, -0.0002905656583607197, -0.0015869755297899246, 0.004421420861035585, -0.002613707212731242, 0.015803473070263863, -0.0023006252013146877, 0.004441654775291681], [-0.0001839428732637316, 0.0015857100952416658, -0.002613481367006898, 0.0011018580989912152, -0.00011780289787566289, 0.0011504986323416233, -0.0007328641950152814, -0.001112318248488009, -0.0003857207775581628, 0.003020016709342599, -0.0023006252013146877, 0.015947168692946434, -0.0010866144439205527], [0.0007994782063178718, -0.001347860088571906, 0.0003305635473225266, -0.0025626292917877436, -0.0007754496182315052, 0.0004742047458421439, 0.0006223024684004486, 0.0031639006920158863, 0.0003337073721922934, 0.0007417533197440207, 0.004441654775291681, -0.0010866144439205527, 0.015643496066331863]], "lowlevel.mfcc.cov": [[12185.05078125, -4975.494140625, -1107.4315185546875, 59.55873489379883, -114.4056167602539, -823.2574462890625, -580.7848510742188, 22.547941207885742, -514.7368774414062, 552.2198486328125, 439.4137878417969, -473.07171630859375, 98.82540130615234], [-4975.494140625, 5189.74560546875, -678.4894409179688, -882.416015625, 344.3764953613281, -116.99797058105469, 63.937828063964844, 238.6540069580078, 69.82427215576172, -200.44644165039062, -51.731201171875, 74.2558822631836, 86.96343231201172], [-1107.4315185546875, -678.4894409179688, 1004.7837524414062, 261.0752868652344, -264.6154479980469, 348.8822937011719, 155.1216278076172, -69.79885864257812, 145.1139678955078, -104.51526641845703, -114.13761901855469, 181.5511932373047, -72.51754760742188], [59.55873489379883, -882.416015625, 261.0752868652344, 618.9579467773438, 39.13143539428711, 101.76402282714844, -8.52468490600586, -90.7013168334961, 30.450042724609375, 8.944141387939453, -82.28701782226562, 19.49802017211914, 9.662271499633789], [-114.4056167602539, 344.3764953613281, -264.6154479980469, 39.13143539428711, 510.99761962890625, -63.46980285644531, -175.8780517578125, -40.25282669067383, -28.34069061279297, 94.58158874511719, -27.5203800201416, -88.86038208007812, 89.8083267211914], [-823.2574462890625, -116.99797058105469, 348.8822937011719, 101.76402282714844, -63.46980285644531, 334.7342529296875, 84.29000091552734, -96.36759948730469, 103.6243667602539, -57.2811164855957, -48.64235305786133, 96.99048614501953, -52.25941848754883], [-580.7848510742188, 63.937828063964844, 155.1216278076172, -8.52468490600586, -175.8780517578125, 84.29000091552734, 364.80987548828125, 84.76382446289062, 23.36016082763672, -38.28398513793945, 64.07554626464844, 102.86178588867188, -13.377442359924316], [22.547941207885742, 238.6540069580078, -69.79885864257812, -90.7013168334961, -40.25282669067383, -96.36759948730469, 84.76382446289062, 236.19830322265625, -12.852070808410645, -4.804045677185059, 55.64277648925781, 10.780220031738281, 54.9879264831543], [-514.7368774414062, 69.82427215576172, 145.1139678955078, 30.450042724609375, -28.34069061279297, 103.6243667602539, 23.36016082763672, -12.852070808410645, 171.59027099609375, -18.19432830810547, -24.271100997924805, 51.803375244140625, -10.746065139770508], [552.2198486328125, -200.44644165039062, -104.51526641845703, 8.944141387939453, 94.58158874511719, -57.2811164855957, -38.28398513793945, -4.804045677185059, -18.19432830810547, 163.4162139892578, 40.811317443847656, -31.76561164855957, 31.007863998413086], [439.4137878417969, -51.731201171875, -114.13761901855469, -82.28701782226562, -27.5203800201416, -48.64235305786133, 64.07554626464844, 55.64277648925781, -24.271100997924805, 40.811317443847656, 164.485595703125, 27.263940811157227, 17.373050689697266], [-473.07171630859375, 74.2558822631836, 181.5511932373047, 19.49802017211914, -88.86038208007812, 96.99048614501953, 102.86178588867188, 10.780220031738281, 51.803375244140625, -31.76561164855957, 27.263940811157227, 170.16822814941406, -2.501380443572998], [98.82540130615234, 86.96343231201172, -72.51754760742188, 9.662271499633789, 89.8083267211914, -52.25941848754883, -13.377442359924316, 54.9879264831543, -10.746065139770508, 31.007863998413086, 17.373050689697266, -2.501380443572998, 134.603271484375]], "lowlevel.mfcc.icov": [[0.00037677105865441263, 0.00044272071681916714, 0.00041653928929008543, 0.00030331098241731524, 0.0002378472127020359, 0.00023213584790937603, 0.0004395073920022696, -0.00013767313794232905, 0.0002803939569275826, -0.00028720966656692326, -0.0003119991743005812, 1.8113500118488446e-05, -0.00019950691785197705], [0.00044272071681916714, 0.0009274474577978253, 0.0007949805585667491, 0.0009053030516952276, -0.0001508273562649265, 0.000260800588876009, 0.000298890721751377, -0.0003889483923558146, 6.918755389051512e-05, 0.00022917732712812722, 0.00024940361618064344, -0.0005313214496709406, -0.00025978084886446595], [0.00041653928929008543, 0.0007949805585667491, 0.0029518406372517347, 0.00016398051229771227, 0.0008092620992101729, -0.001263059675693512, 0.0002812216989696026, -0.0006035541882738471, -0.00014359391934704036, -3.847843618132174e-05, 0.0013888136018067598, -0.0015352873597294092, -0.0002070997579721734], [0.00030331098241731524, 0.0009053030516952276, 0.00016398051229771227, 0.003028072649613023, -0.0006362268468365073, 0.00021171229309402406, -0.00011526537855388597, 0.00021299229410942644, -6.055841822671937e-06, 0.00016800322919152677, 0.0011720674810931087, -0.0006357828387990594, -0.000730654108338058], [0.0002378472127020359, -0.0001508273562649265, 0.0008092620992101729, -0.0006362268468365073, 0.003923084586858749, -0.0007006942178122699, 0.0014356012688949704, 0.0004174992791377008, 0.0004747840575873852, -0.0019650673493742943, -8.224317571148276e-05, 0.0009627966210246086, -0.0019938619807362556], [0.00023213584790937603, 0.000260800588876009, -0.001263059675693512, 0.00021171229309402406, -0.0007006942178122699, 0.006817241664975882, -0.0009823719738051295, 0.0022760783322155476, -0.0018339933594688773, 0.0008101891726255417, -0.00014481553807854652, -0.0012037823908030987, 0.000715498928911984], [0.0004395073920022696, 0.000298890721751377, 0.0002812216989696026, -0.00011526537855388597, 0.0014356012688949704, -0.0009823719738051295, 0.005068271886557341, -0.0017270776443183422, 0.0009284261614084244, -0.0005476162768900394, -0.0019535846076905727, -0.0009126497898250818, -5.054735447629355e-05], [-0.00013767313794232905, -0.0003889483923558146, -0.0006035541882738471, 0.00021299229410942644, 0.0004174992791377008, 0.0022760783322155476, -0.0017270776443183422, 0.006947714369744062, -0.0006887922063469887, 0.0006847825716249645, -0.0010804448975250125, 0.00040554345468990505, -0.002458628499880433], [0.0002803939569275826, 6.918755389051512e-05, -0.00014359391934704036, -6.055841822671937e-06, 0.0004747840575873852, -0.0018339933594688773, 0.0009284261614084244, -0.0006887922063469887, 0.007972300983965397, -0.0009879902936518192, 0.00017642170132603496, -0.0009631220600567758, -0.00015926022024359554], [-0.00028720966656692326, 0.00022917732712812722, -3.847843618132174e-05, 0.00016800322919152677, -0.0019650673493742943, 0.0008101891726255417, -0.0005476162768900394, 0.0006847825716249645, -0.0009879902936518192, 0.009086254984140396, -0.0015697827329859138, 0.00016200391110032797, -0.0006449052016250789], [-0.0003119991743005812, 0.00024940361618064344, 0.0013888136018067598, 0.0011720674810931087, -8.224317571148276e-05, -0.00014481553807854652, -0.0019535846076905727, -0.0010804448975250125, 0.00017642170132603496, -0.0015697827329859138, 0.01058986783027649, -0.0033478152472525835, -7.542498497059569e-05], [1.8113500118488446e-05, -0.0005313214496709406, -0.0015352873597294092, -0.0006357828387990594, 0.0009627966210246086, -0.0012037823908030987, -0.0009126497898250818, 0.00040554345468990505, -0.0009631220600567758, 0.00016200391110032797, -0.0033478152472525835, 0.010425060987472534, -0.0013060313649475574], [-0.00019950691785197705, -0.00025978084886446595, -0.0002070997579721734, -0.000730654108338058, -0.0019938619807362556, 0.000715498928911984, -5.054735447629355e-05, -0.002458628499880433, -0.00015926022024359554, -0.0006449052016250789, -7.542498497059569e-05, -0.0013060313649475574, 0.010413223877549171]], "metadata.a