{"song_id": "1182267299122647050", "download": "https://cdn.discordapp.com/attachments/1135903449314238464/1182267299122647050/chirp.mp4?ex=65841339&amp", "lyrics": "gululugululu, let's go brush our teeth\n\nBrush your teeth up and down\n\nClean along gaps with care\nCavities go buzz buzz away\n\nTooth by tooth ding ding hooray\n\nChorus:\nHappily sing tra la la\nBrush diligently everyday\nFight tooth decay\nSmile bright, hip hip hooray\n\nVerse 2:\nCircle round those whites\n\nShoo away tiny bugs\n\nTooth by tooth make bright\nRinse and gargle after right\n\nChorus:\n\nHappily sing tra la la\nBrush diligently everyday\nFight tooth decay\nSmile bright, hip hip hooray", "style": ["random"], "essentia_features": {"lowlevel.average_loudness": 0.9756839871406555, "lowlevel.barkbands_crest.mean": 11.350529670715332, "lowlevel.barkbands_crest.stdev": 5.115622520446777, "lowlevel.barkbands_flatness_db.mean": 0.11593987792730331, "lowlevel.barkbands_flatness_db.stdev": 0.048105839639902115, "lowlevel.barkbands_kurtosis.mean": 1.4623019695281982, "lowlevel.barkbands_kurtosis.stdev": 7.332324504852295, "lowlevel.barkbands_skewness.mean": 0.7384702563285828, "lowlevel.barkbands_skewness.stdev": 1.1727668046951294, "lowlevel.barkbands_spread.mean": 38.41164779663086, "lowlevel.barkbands_spread.stdev": 19.988935470581055, "lowlevel.dissonance.mean": 0.4684451222419739, "lowlevel.dissonance.stdev": 0.027426883578300476, "lowlevel.dynamic_complexity": 1.9029253721237183, "lowlevel.erbbands_crest.mean": 10.524032592773438, "lowlevel.erbbands_crest.stdev": 5.361089706420898, "lowlevel.erbbands_flatness_db.mean": 0.15496426820755005, "lowlevel.erbbands_flatness_db.stdev": 0.04836808145046234, "lowlevel.erbbands_kurtosis.mean": 0.6504620909690857, "lowlevel.erbbands_kurtosis.stdev": 2.8678317070007324, "lowlevel.erbbands_skewness.mean": 0.12657049298286438, "lowlevel.erbbands_skewness.stdev": 0.9948482513427734, "lowlevel.erbbands_spread.mean": 35.95863342285156, "lowlevel.erbbands_spread.stdev": 16.584529876708984, "lowlevel.hfc.mean": 40.6253776550293, "lowlevel.hfc.stdev": 24.30341148376465, "lowlevel.loudness_ebu128.integrated": -13.082348823547363, "lowlevel.loudness_ebu128.loudness_range": 1.444169044494629, "lowlevel.loudness_ebu128.momentary.mean": -13.194421768188477, "lowlevel.loudness_ebu128.momentary.stdev": 1.0151399374008179, "lowlevel.loudness_ebu128.short_term.mean": -13.106468200683594, "lowlevel.loudness_ebu128.short_term.stdev": 0.4504237473011017, "lowlevel.melbands_crest.mean": 16.5201416015625, "lowlevel.melbands_crest.stdev": 6.702680587768555, "lowlevel.melbands_flatness_db.mean": 0.15237629413604736, "lowlevel.melbands_flatness_db.stdev": 0.05947805941104889, "lowlevel.melbands_kurtosis.mean": 8.649706840515137, "lowlevel.melbands_kurtosis.stdev": 23.535356521606445, "lowlevel.melbands_skewness.mean": 1.9280879497528076, "lowlevel.melbands_skewness.stdev": 1.8230485916137695, "lowlevel.melbands_spread.mean": 46.28047561645508, "lowlevel.melbands_spread.stdev": 29.146005630493164, "lowlevel.pitch_salience.mean": 0.49397197365760803, "lowlevel.pitch_salience.stdev": 0.12229206413030624, "lowlevel.silence_rate_20dB.mean": 1.0, "lowlevel.silence_rate_20dB.stdev": 0.0, "lowlevel.silence_rate_30dB.mean": 1.0, "lowlevel.silence_rate_30dB.stdev": 0.0, "lowlevel.silence_rate_60dB.mean": 0.010143198072910309, "lowlevel.silence_rate_60dB.stdev": 0.10020183026790619, "lowlevel.spectral_centroid.mean": 2336.431884765625, "lowlevel.spectral_centroid.stdev": 719.4677734375, "lowlevel.spectral_complexity.mean": 22.550119400024414, "lowlevel.spectral_complexity.stdev": 11.141120910644531, "lowlevel.spectral_decrease.mean": -5.933972868632509e-09, "lowlevel.spectral_decrease.stdev": 2.7638991095813026e-09, "lowlevel.spectral_energy.mean": 0.026081057265400887, "lowlevel.spectral_energy.stdev": 0.01115860790014267, "lowlevel.spectral_energyband_high.mean": 0.002569539938122034, "lowlevel.spectral_energyband_high.stdev": 0.002738902112469077, "lowlevel.spectral_energyband_low.mean": 0.007107663433998823, "lowlevel.spectral_energyband_low.stdev": 0.007844601757824421, "lowlevel.spectral_energyband_middle_high.mean": 0.009818537160754204, "lowlevel.spectral_energyband_middle_high.stdev": 0.007914260029792786, "lowlevel.spectral_energyband_middle_low.mean": 0.006889173295348883, "lowlevel.spectral_energyband_middle_low.stdev": 0.007744696456938982, "lowlevel.spectral_entropy.mean": 7.863870143890381, "lowlevel.spectral_entropy.stdev": 0.41982772946357727, "lowlevel.spectral_flux.mean": 0.0853886604309082, "lowlevel.spectral_flux.stdev": 0.030787773430347443, "lowlevel.spectral_kurtosis.mean": 3.4188263416290283, "lowlevel.spectral_kurtosis.stdev": 1.8848562240600586, "lowlevel.spectral_rms.mean": 0.004907070659101009, "lowlevel.spectral_rms.stdev": 0.0011685757199302316, "lowlevel.spectral_rolloff.mean": 3160.095947265625, "lowlevel.spectral_rolloff.stdev": 2246.572265625, "lowlevel.spectral_skewness.mean": 1.3336857557296753, "lowlevel.spectral_skewness.stdev": 0.3329402208328247, "lowlevel.spectral_spread.mean": 5404660.5, "lowlevel.spectral_spread.stdev": 1654212.5, "lowlevel.spectral_strongpeak.mean": 1.7976264953613281, "lowlevel.spectral_strongpeak.stdev": 1.9882053136825562, "lowlevel.zerocrossingrate.mean": 0.11007799953222275, "lowlevel.zerocrossingrate.stdev": 0.053001005202531815, "metadata.audio_properties.analysis.equal_loudness": 0.0, "metadata.audio_properties.analysis.length": 38.89065933227539, "metadata.audio_properties.analysis.sample_rate": 44100.0, "metadata.audio_properties.analysis.start_time": 0.0, "metadata.audio_properties.bit_rate": 119038.0, "metadata.audio_properties.length": 38.89066696166992, "metadata.audio_properties.lossless": 0.0, "metadata.audio_properties.number_channels": 1.0, "metadata.audio_properties.replay_gain": -13.503917694091797, "metadata.audio_properties.sample_rate": 48000.0, "rhythm.beats_count": 78.0, "rhythm.beats_loudness.mean": 0.03007693402469158, "rhythm.beats_loudness.stdev": 0.007600326091051102, "rhythm.bpm": 122.05155944824219, "rhythm.bpm_histogram_first_peak_bpm": 123.0, "rhythm.bpm_histogram_first_peak_weight": 0.3478260636329651, "rhythm.bpm_histogram_second_peak_bpm": 112.0, "rhythm.bpm_histogram_second_peak_spread": 0.5, "rhythm.bpm_histogram_second_peak_weight": 0.03896103799343109, "rhythm.danceability": 1.3811261653900146, "rhythm.onset_rate": 4.369614601135254, "tonal.chords_changes_rate": 0.06912991404533386, "tonal.chords_number_rate": 0.009535160847008228, "tonal.chords_strength.mean": 0.45512843132019043, "tonal.chords_strength.stdev": 0.0764470025897026, "tonal.hpcp_crest.mean": 15.495255470275879, "tonal.hpcp_crest.stdev": 6.387819766998291, "tonal.hpcp_entropy.mean": 1.6431812047958374, "tonal.hpcp_entropy.stdev": 0.6167994141578674, "tonal.key_edma.strength": 0.7096577882766724, "tonal.key_krumhansl.strength": 0.7171285152435303, "tonal.key_temperley.strength": 0.7335132956504822, "tonal.tuning_diatonic_strength": 0.610001802444458, "tonal.tuning_equal_tempered_deviation": 0.037282925099134445, "tonal.tuning_frequency": 440.5086364746094, "tonal.tuning_nontempered_energy_ratio": 0.6610304117202759, "lowlevel.barkbands.mean": [0.0003876802511513233, 0.0061512780375778675, 0.00040882371831685305, 0.0004221967828925699, 0.00022836534481029958, 0.001326968427747488, 0.00040280501707457006, 0.00019458010501693934, 0.003997344058007002, 0.0013924271333962679, 0.0027171631809324026, 0.0006976482109166682, 0.000519981374964118, 0.00044749671360477805, 0.0007205586298368871, 0.0007129775476641953, 0.000748589460272342, 0.0005648189689964056, 0.0011150207137688994, 0.0006911919335834682, 0.0005538598634302616, 0.00030512630473822355, 0.0003734612255357206, 0.0004150410823058337, 0.00035504158586263657, 0.000226032585487701, 4.56863381259609e-06], "lowlevel.barkbands.stdev": [0.0005497595993801951, 0.00731264241039753, 0.0010823063785210252, 0.0010278208646923304, 0.0005651412066072226, 0.002684585517272353, 0.0010465604718774557, 0.0008596131228841841, 0.007331002503633499, 0.0028214489575475454, 0.004906908608973026, 0.0025520578492432833, 0.0014433501055464149, 0.0009936247952282429, 0.002026700647547841, 0.0011636152630671859, 0.000992949353531003, 0.0011029252782464027, 0.0013705971650779247, 0.0007666038582101464, 0.0006862002774141729, 0.00044121124665252864, 0.0007021693745627999, 0.0006289048469625413, 0.0005833669565618038, 0.0003447899944148958, 8.194430847652256e-06], "lowlevel.erbbands.mean": [0.24013948440551758, 1.1127655506134033, 0.7414589524269104, 1.016127586364746, 0.8955864906311035, 0.8096061944961548, 3.57909893989563, 13.215001106262207, 8.657402992248535, 4.352397918701172, 17.041433334350586, 94.00318908691406, 47.74455642700195, 69.65321350097656, 95.89012145996094, 26.838659286499023, 24.787046432495117, 20.408823013305664, 28.660810470581055, 39.34926986694336, 46.30050277709961, 37.813926696777344, 28.27093505859375, 52.85599136352539, 51.68747329711914, 33.68522644042969, 27.427764892578125, 16.821208953857422, 11.427140235900879, 10.557857513427734, 10.623983383178711, 8.617472648620605, 6.9794440269470215, 4.396907329559326, 2.202897071838379, 1.0624254941940308, 0.3902607560157776, 0.058834485709667206, 0.001124545931816101, 7.748911593807861e-05], "lowlevel.erbbands.stdev": [0.32122108340263367, 1.3538708686828613, 1.4291225671768188, 2.2595603466033936, 2.059424638748169, 1.9334774017333984, 7.287482738494873, 29.873918533325195, 20.385828018188477, 11.040929794311523, 37.34026336669922, 194.2237548828125, 91.51152801513672, 106.21078491210938, 158.43858337402344, 71.37019348144531, 69.42906951904297, 47.53933334350586, 95.64041900634766, 93.61578369140625, 74.87947082519531, 45.78907012939453, 31.793943405151367, 80.83956909179688, 65.71595001220703, 36.193389892578125, 32.90568542480469, 22.753036499023438, 16.38788414001465, 19.410171508789062, 19.196908950805664, 13.30948543548584, 10.997702598571777, 7.398086071014404, 3.6840150356292725, 1.8571089506149292, 0.5588429570198059, 0.07529991865158081, 0.0014004872646182775, 6.0357335314620286e-05], "lowlevel.gfcc.mean": [35.79893112182617, 23.657163619995117, -121.86004638671875, 28.954992294311523, -55.847381591796875, 25.94095230102539, -21.33016586303711, 35.40751647949219, -23.700801849365234, 11.033143997192383, -14.718916893005371, 14.818653106689453, -1.714478850364685], "lowlevel.melbands.mean": [0.0019133322639390826, 0.0007261012215167284, 0.00017098139505833387, 5.274849172565155e-05, 0.00010905398812610656, 0.0002849011798389256, 0.00012230822176206857, 4.177219670964405e-05, 0.00024622163618914783, 0.0005742333014495671, 0.0002238113374914974, 0.00026764345238916576, 0.0004091503215022385, 9.458704880671576e-05, 5.4421059758169577e-05, 4.414304203237407e-05, 3.769432441913523e-05, 4.593545963871293e-05, 4.780099698109552e-05, 4.46393751190044e-05, 5.9823851188411936e-05, 3.905929406755604e-05, 3.265143823227845e-05, 2.7349460651748814e-05, 4.363459811429493e-05, 4.409387111081742e-05, 2.7604959541349672e-05, 2.074754229397513e-05, 1.8614866348798387e-05, 1.3528905583370943e-05, 8.113710464385804e-06, 6.505605597340036e-06, 5.625208359560929e-06, 6.057258815417299e-06, 6.276228305068798e-06, 5.3094076974957716e-06, 5.4119923333928455e-06, 5.211657025938621e-06, 4.174369223619578e-06, 3.5688351545104524e-06], "lowlevel.melbands.stdev": [0.0023526803124696016, 0.0009518246515654027, 0.0003765785077121109, 0.00010346779163228348, 0.00022416544379666448, 0.0006096601136960089, 0.0002811402373481542, 0.0001268506166525185, 0.0005597526906058192, 0.0011172291124239564, 0.00046610989375039935, 0.00043694046325981617, 0.0007055309833958745, 0.0003507648652885109, 0.0001540195953566581, 0.00010981335071846843, 9.202605724567547e-05, 0.00014887393626850098, 0.00011827645357698202, 9.19501471798867e-05, 0.00010393726552138105, 4.832128979614936e-05, 5.116570173413493e-05, 4.5720156776951626e-05, 7.030156120890751e-05, 6.311872130027041e-05, 2.9706123314099386e-05, 2.482058152963873e-05, 2.459203460603021e-05, 1.8746339264907874e-05, 1.2047941709170118e-05, 9.488021532888524e-06, 8.654049452161416e-06, 1.2781295481545385e-05, 1.2199909178889357e-05, 9.146267984760925e-06, 8.205576705222484e-06, 8.278411769424565e-06, 7.073693268466741e-06, 6.168018444441259e-06], "lowlevel.melbands128.mean": [0.0003116339212283492, 0.0020078648813068867, 0.0027188104577362537, 0.0015378318494185805, 0.0004912210279144347, 0.00018167828966397792, 0.00021307841234374791, 0.00019675113435368985, 7.171703327912837e-05, 3.75196359527763e-05, 4.045548848807812e-05, 4.9676807975629345e-05, 7.500272477045655e-05, 0.00024952454259619117, 0.0003306544094812125, 0.0003146892413496971, 0.0001667748874751851, 9.844703163253143e-05, 4.372630064608529e-05, 4.5704346121056005e-05, 3.809938425547443e-05, 3.3948454074561596e-05, 5.921109186601825e-05, 0.0006921698222868145, 0.0008959057740867138, 0.0003342375566717237, 0.0004139803641010076, 0.0001510031579528004, 0.00010118434147443622, 0.00032505474518984556, 0.00014621939044445753, 0.0004927781992591918, 0.0006783056887798011, 0.00010491692228242755, 0.00014632267993874848, 7.909505075076595e-05, 4.130325760343112e-05, 3.099837704212405e-05, 9.846319153439254e-05, 4.795070708496496e-05, 1.940673064382281e-05, 5.6887223763624206e-05, 2.6614716261974536e-05, 3.0013661671546288e-05, 6.116762233432382e-05, 3.9547576307086274e-05, 4.753050234285183e-05, 3.427558476687409e-05, 4.965157131664455e-05, 8.037450606934726e-05, 2.609834336908534e-05, 3.122799898847006e-05, 5.556363976211287e-05, 9.169354598270729e-05, 3.884249963448383e-05, 2.7355961719877087e-05, 3.142661807942204e-05, 6.22601801296696e-05, 1.73970856849337e-05, 1.3066676729067694e-05, 2.542341644584667e-05, 3.6996425478719175e-05, 4.5374319597613066e-05, 4.514058673521504e-05, 4.584288035403006e-05, 4.5685159420827404e-05, 4.330663796281442e-05, 3.0009514375706203e-05, 2.228204903076403e-05, 2.770506398519501e-05, 1.897487891255878e-05, 1.8725295376498252e-05, 2.023751767410431e-05, 2.0625828256015666e-05, 1.3842952284903731e-05, 1.3460035916068591e-05, 1.5074617294885684e-05, 8.836072083795443e-06, 7.5637894951796625e-06, 6.195866262714844e-06, 6.891034445288824e-06, 6.501272309833439e-06, 5.880895514565054e-06, 5.584488917520503e-06, 5.395217613113346e-06, 5.546261945710285e-06, 6.661296538368333e-06, 6.235107321117539e-06, 6.301872417679988e-06, 6.327166829578346e-06, 5.783048436569516e-06, 4.859941782342503e-06, 4.730979071609909e-06, 5.376319222705206e-06, 5.704331215383718e-06, 6.2322856138052884e-06, 4.762776370625943e-06, 4.358238129498204e-06, 4.1256480471929535e-06, 4.552817244984908e-06, 3.238179033360211e-06, 4.098066710866988e-06, 2.7097089514427353e-06, 2.9390714644250693e-06, 2.107911768689519e-06, 2.2272383830568288e-06, 2.509871364964056e-06, 2.2256715510593494e-06, 1.7418993820683681e-06, 1.4845124951534672e-06, 1.4844656561763259e-06, 1.2539780982478987e-06, 1.300084250033251e-06, 1.1405804798414465e-06, 1.035831701301504e-06, 7.977963036864821e-07, 1.9673096574024385e-07, 1.3542075238959228e-09, 6.297539312943856e-12, 4.618022110547404e-12, 4.46813246124389e-12, 4.208638645919471e-12, 4.064432384404126e-12, 3.963274586987753e-12, 3.8541747918174885e-12, 3.737076186699495e-12, 3.66316525723942e-12, 3.6333555521878003e-12], "lowlevel.melbands128.stdev": [0.0005240749451331794, 0.0029465791303664446, 0.003376035252586007, 0.002009436720982194, 0.000960332399699837, 0.00047771810204721987, 0.0005052238702774048, 0.0005116492975503206, 0.00017931086767930537, 9.906895138556138e-05, 0.00011218354484299198, 0.0002177864807890728, 0.00022534263553097844, 0.0005683574127033353, 0.0008210584637708962, 0.0009347182931378484, 0.0004940468934364617, 0.00031139585189521313, 0.0001143047702498734, 0.00016562090604566038, 0.00016365526244044304, 0.0002196786954300478, 0.00023949496971908957, 0.0017268781084567308, 0.0022043571807444096, 0.0009646784164942801, 0.0011153025552630424, 0.0005883912090212107, 0.00035440814099274576, 0.0007241711718961596, 0.0005014280905015767, 0.0009496573475189507, 0.0012607824755832553, 0.00046526838559657335, 0.0007189102470874786, 0.00034016885911114514, 0.00020241814490873367, 0.000148619816172868, 0.00036202609771862626, 0.00017485942225903273, 5.714198050554842e-05, 0.0002454375789966434, 8.785325917415321e-05, 0.00011342953075654805, 0.0001903144730022177, 0.00020763755310326815, 0.0002904057619161904, 0.00014854146866127849, 0.00015936065756250173, 0.0002575101680122316, 8.584641182096675e-05, 8.363033703062683e-05, 0.00017033398034982383, 0.00021940084116067737, 7.181371620390564e-05, 5.027924999012612e-05, 5.497959136846475e-05, 0.00013265387678984553, 3.081230170209892e-05, 1.9194380001863465e-05, 3.84445083909668e-05, 0.00010597197979222983, 0.0001342711184406653, 7.627093145856634e-05, 7.816142897354439e-05, 9.503748151473701e-05, 8.430022717220709e-05, 4.2603001929819584e-05, 2.880086685763672e-05, 4.607265509548597e-05, 2.622776992211584e-05, 3.5211614886065945e-05, 3.433208621572703e-05, 3.459853905951604e-05, 2.044361644948367e-05, 2.2286541934590787e-05, 2.3653594325878657e-05, 1.4360846762428991e-05, 1.377896114718169e-05, 1.123906531574903e-05, 1.0662939530448057e-05, 1.079936100722989e-05, 9.411954124516342e-06, 9.248880814993754e-06, 9.236972800863441e-06, 1.1960355550399981e-05, 1.6565192709094845e-05, 1.5205931958917063e-05, 1.3621449397760443e-05, 1.1548487236723304e-05, 1.0119506441697013e-05, 9.770279575604945e-06, 9.109826351050287e-06, 9.021358891914133e-06, 8.707975212018937e-06, 1.0095331163029186e-05, 8.956761121226009e-06, 7.831575203454122e-06, 7.853413990233094e-06, 8.025678653211799e-06, 6.165698323457036e-06, 7.5053021646454e-06, 5.307619630912086e-06, 5.9086355577164795e-06, 4.129205990466289e-06, 3.888493665726855e-06, 4.398653345560888e-06, 4.043840817757882e-06, 3.559151309673325e-06, 3.0080134365562117e-06, 2.9976574751344742e-06, 2.057710162262083e-06, 1.8235067500427249e-06, 1.690646740826196e-06, 1.4761048987566028e-06, 1.1260145811320399e-06, 3.1344802664534654e-07, 7.284714609312459e-09, 4.520221350001741e-11, 6.8256411807354755e-12, 7.223772795217354e-12, 5.873663101035875e-12, 5.699397551128804e-12, 5.568662718447026e-12, 5.423538788212889e-12, 5.2933135305521795e-12, 5.2264390731915356e-12, 5.1925564542587566e-12], "lowlevel.mfcc.mean": [-610.3246459960938, 62.56037521362305, -7.815532207489014, 15.598389625549316, -0.7991777062416077, -2.2388150691986084, 14.44381046295166, 16.583765029907227, 13.330540657043457, 10.161669731140137, -2.9674229621887207, 0.8484140038490295, 4.833247184753418], "lowlevel.spectral_contrast_coeffs.mean": [-0.7575394511222839, -0.716247022151947, -0.6938421726226807, -0.7685853242874146, -0.7744925022125244, -0.756511926651001], "lowlevel.spectral_contrast_coeffs.stdev": [0.07048413902521133, 0.10309906303882599, 0.0850863978266716, 0.0600721500813961, 0.047715429216623306, 0.035320933908224106], "lowlevel.spectral_contrast_valleys.mean": [-7.424571990966797, -7.269546985626221, -7.469369888305664, -7.5037102699279785, -6.869258880615234, -9.357142448425293], "lowlevel.spectral_contrast_valleys.stdev": [0.7106438875198364, 0.5538941621780396, 0.5585662722587585, 0.5190843343734741, 0.6265833973884583, 0.7112134695053101], "rhythm.beats_loudness_band_ratio.mean": [0.2835419774055481, 0.058923035860061646, 0.16801834106445312, 0.19158673286437988, 0.11595252901315689, 0.19166719913482666], "rhythm.beats_loudness_band_ratio.stdev": [0.22539253532886505, 0.10533217340707779, 0.16634054481983185, 0.16855250298976898, 0.07594095170497894, 0.11085443198680878], "tonal.hpcp.mean": [0.23082135617733002, 0.13664309680461884, 0.06243731454014778, 0.04875358194112778, 0.04128245264291763, 0.1702965646982193, 0.2875959873199463, 0.16614331305027008, 0.06533932685852051, 0.060008417814970016, 0.038587573915719986, 0.056556396186351776, 0.07390035688877106, 0.07338029146194458, 0.10256145149469376, 0.12456953525543213, 0.08690009266138077, 0.045302171260118484, 0.035487618297338486, 0.04285711422562599, 0.19174078106880188, 0.29543042182922363, 0.1655033677816391, 0.07329545170068741, 0.06508845835924149, 0.05993444845080376, 0.13490603864192963, 0.18065938353538513, 0.12548010051250458, 0.11047519743442535, 0.11101755499839783, 0.08820721507072449, 0.114217609167099, 0.14061154425144196, 0.12522882223129272, 0.1849721372127533], "tonal.hpcp.stdev": [0.3049204647541046, 0.22362664341926575, 0.18503406643867493, 0.16101236641407013, 0.14653125405311584, 0.22810716927051544, 0.3562611937522888, 0.23231464624404907, 0.18045741319656372, 0.17986063659191132, 0.11691759526729584, 0.15043321251869202, 0.18881605565547943, 0.1596512347459793, 0.1905277669429779, 0.23604042828083038, 0.1874740719795227, 0.12048612534999847, 0.10069570690393448, 0.12280473858118057, 0.26358455419540405, 0.3765887916088104, 0.232240229845047, 0.19667083024978638, 0.17979836463928223, 0.15838943421840668, 0.2409587800502777, 0.3016003370285034, 0.21802662312984467, 0.22302983701229095, 0.22235684096813202, 0.18883885443210602, 0.2080862820148468, 0.24744358658790588, 0.23759475350379944, 0.2527359426021576], "rhythm.beats_position": [0.5224489569664001, 1.05650794506073, 1.590566873550415, 2.11301589012146, 2.623854875564575, 3.14630389213562, 3.6803627014160156, 4.2028117179870605, 4.713650703430176, 5.201269626617432, 5.6888885498046875, 6.176507949829102, 6.675736904144287, 7.174965858459473, 7.6625847816467285, 8.150203704833984, 8.649433135986328, 9.137051582336426, 9.63628101348877, 10.123900413513184, 10.611518859863281, 11.099138259887695, 11.586756706237793, 12.085986137390137, 12.58521556854248, 13.072834014892578, 13.560453414916992, 14.04807186126709, 14.547301292419434, 15.034920692443848, 15.534149169921875, 16.02176856994629, 16.509387969970703, 16.997007369995117, 17.496234893798828, 17.995464324951172, 18.483083724975586, 18.970703125, 19.458322525024414, 19.945940017700195, 20.44516944885254, 20.944398880004883, 21.432018280029297, 21.93124771118164, 22.43047523498535, 22.918094635009766, 23.40571403503418, 23.893333435058594, 24.380952835083008, 24.88018035888672, 25.379409790039062, 25.867029190063477, 26.35464859008789, 26.842267990112305, 27.341495513916016, 27.82911491394043, 28.328344345092773, 28.815963745117188, 29.3035831451416, 29.791200637817383, 30.290430068969727, 30.78965950012207, 31.277278900146484, 31.7648983001709, 32.25251770019531, 32.740135192871094, 33.227752685546875, 33.72698211669922, 34.22621154785156, 34.71383285522461, 35.20145034790039, 35.68906784057617, 36.188297271728516, 36.68752670288086, 37.175148010253906, 37.66276550292969, 38.15038299560547, 38.638004302978516], "rhythm.bpm_histogram": [0.0, 0.0, 0.0, 0.0, 0.0, 0.0, 0.0, 0.0, 0.0, 0.0, 0.0, 0.0, 0.0, 0.0, 0.0, 0.0, 0.0, 0.0, 0.0, 0.0, 0.0, 0.0, 0.0, 0.0, 0.0, 0.0, 0.0, 0.0, 0.0, 0.0, 0.0, 0.0, 0.0, 0.0, 0.0, 0.0, 0.0, 0.0, 0.0, 0.0, 0.0, 0.0, 0.0, 0.0, 0.0, 0.0, 0.0, 0.0, 0.0, 0.0, 0.0, 0.0, 0.0, 0.0, 0.0, 0.0, 0.0, 0.0, 0.0, 0.0, 0.0, 0.0, 0.0, 0.0, 0.0, 0.0, 0.0, 0.0, 0.0, 0.0, 0.0, 0.0, 0.0, 0.0, 0.0, 0.0, 0.0, 0.0, 0.0, 0.0, 0.0, 0.0, 0.0, 0.0, 0.0, 0.0, 0.0, 0.0, 0.0, 0.0, 0.0, 0.0, 0.0, 0.0, 0.0, 0.0, 0.0, 0.0, 0.0, 0.0, 0.0, 0.0, 0.0, 0.0, 0.0, 0.0, 0.0, 0.0, 0.0, 0.0, 0.0, 0.0, 0.03896103799343109, 0.0, 0.0, 0.03896103799343109, 0.0, 0.025974025949835777, 0.0, 0.0, 0.31168830394744873, 0.0, 0.0, 0.5844155550003052, 0.0, 0.0, 0.0, 0.0, 0.0, 0.0, 0.0, 0.0, 0.0, 0.0, 0.0, 0.0, 0.0, 0.0, 0.0, 0.0, 0.0, 0.0, 0.0, 0.0, 0.0, 0.0, 0.0, 0.0, 0.0, 0.0, 0.0, 0.0, 0.0, 0.0, 0.0, 0.0, 0.0, 0.0, 0.0, 0.0, 0.0, 0.0, 0.0, 0.0, 0.0, 0.0, 0.0, 0.0, 0.0, 0.0, 0.0, 0.0, 0.0, 0.0, 0.0, 0.0, 0.0, 0.0, 0.0, 0.0, 0.0, 0.0, 0.0, 0.0, 0.0, 0.0, 0.0, 0.0, 0.0, 0.0, 0.0, 0.0, 0.0, 0.0, 0.0, 0.0, 0.0, 0.0, 0.0, 0.0, 0.0, 0.0, 0.0, 0.0, 0.0, 0.0, 0.0, 0.0, 0.0, 0.0, 0.0, 0.0, 0.0, 0.0, 0.0, 0.0, 0.0, 0.0, 0.0, 0.0, 0.0, 0.0, 0.0, 0.0, 0.0, 0.0, 0.0, 0.0, 0.0, 0.0, 0.0, 0.0, 0.0, 0.0, 0.0, 0.0, 0.0, 0.0, 0.0, 0.0, 0.0, 0.0, 0.0, 0.0, 0.0, 0.0, 0.0, 0.0, 0.0, 0.0], "tonal.chords_histogram": [8.581645011901855, 0.0, 17.28247833251953, 0.11918950825929642, 0.9535160660743713, 0.0, 0.0, 0.0, 0.9535160660743713, 0.23837901651859283, 0.0, 0.0, 0.0, 0.0, 0.0, 0.0, 0.0, 16.328962326049805, 0.0, 13.587604522705078, 4.290822505950928, 8.462455749511719, 24.433849334716797, 4.767580509185791], "tonal.thpcp": [1.0, 0.5602110028266907, 0.24809716641902924, 0.22031739354133606, 0.20287162065505981, 0.4566423296928406, 0.6115124821662903, 0.42473655939102173, 0.37394657731056213, 0.37578240036964417, 0.2985718846321106, 0.38661423325538635, 0.4759548604488373, 0.4238860011100769, 0.6261106729507446, 0.7813053131103516, 0.46252208948135376, 0.21134355664253235, 0.16502559185028076, 0.13973663747310638, 0.5764354467391968, 0.973481297492981, 0.5623771548271179, 0.22116655111312866, 0.20312200486660004, 0.1306147575378418, 0.1914372742176056, 0.25014472007751465, 0.24838434159755707, 0.34715941548347473, 0.4216544032096863, 0.29414740204811096, 0.15334294736385345, 0.12012174725532532, 0.14506669342517853, 0.6490218043327332], "lowlevel.gfcc.cov": [[1809.27099609375, -166.82716369628906, -16.075769424438477, 123.33827209472656, 1.8299264907836914, -18.428804397583008, -41.092018127441406, 13.210710525512695, -126.4395980834961, -108.5982666015625, -73.73474884033203, 41.623390197753906, 18.784526824951172], [-166.82716369628906, 758.6919555664062, -16.31641960144043, -9.787260055541992, 187.93389892578125, -15.401172637939453, 87.50593566894531, -13.424105644226074, 9.753974914550781, 8.268348693847656, 16.985790252685547, -77.57909393310547, 3.242670774459839], [-16.075769424438477, -16.31641960144043, 727.0719604492188, 324.634521484375, 32.73274230957031, 112.56539916992188, -72.52349090576172, -14.431440353393555, 31.484928131103516, 60.662635803222656, 16.344820022583008, 54.77954864501953, -50.962982177734375], [123.33827209472656, -9.787260055541992, 324.634521484375, 501.7806701660156, 103.19136810302734, 6.7480788230896, 36.928531646728516, 46.022605895996094, 1.4364806413650513, -7.2447943687438965, 28.42091941833496, 70.03182220458984, 1.3655401468276978], [1.8299264907836914, 187.93389892578125, 32.73274230957031, 103.19136810302734, 286.7153625488281, 128.4282989501953, 100.55127716064453, 75.0297622680664, 12.19477367401123, -31.595340728759766, -23.395986557006836, 0.7685884833335876, 18.6254825592041], [-18.428804397583008, -15.401172637939453, 112.56539916992188, 6.7480788230896, 128.4282989501953, 296.3221740722656, 105.21092987060547, 9.787391662597656, 49.909278869628906, 32.731101989746094, -1.024043321609497, -15.570093154907227, -4.998611927032471], [-41.092018127441406, 87.50593566894531, -72.52349090576172, 36.928531646728516, 100.55127716064453, 105.21092987060547, 213.60751342773438, 116.67059326171875, 41.19435119628906, -21.97135353088379, 5.884561538696289, -1.2395434379577637, 21.165184020996094], [13.210710525512695, -13.424105644226074, -14.431440353393555, 46.022605895996094, 75.0297622680664, 9.787391662597656, 116.67059326171875, 220.75767517089844, 89.8885726928711, -43.4697380065918, -5.481006145477295, 44.40683364868164, 28.8237247467041], [-126.4395980834961, 9.753974914550781, 31.484928131103516, 1.4364806413650513, 12.19477367401123, 49.909278869628906, 41.19435119628906, 89.8885726928711, 165.7692413330078, 85.90763854980469, 36.96104431152344, 17.831645965576172, 6.570506572723389], [-108.5982666015625, 8.268348693847656, 60.662635803222656, -7.2447943687438965, -31.595340728759766, 32.731101989746094, -21.97135353088379, -43.4697380065918, 85.90763854980469, 196.78005981445312, 114.60909271240234, 7.168601989746094, -3.018435478210449], [-73.73474884033203, 16.985790252685547, 16.344820022583008, 28.42091941833496, -23.395986557006836, -1.024043321609497, 5.884561538696289, -5.481006145477295, 36.96104431152344, 114.60909271240234, 154.95416259765625, 63.596248626708984, 15.33141803741455], [41.623390197753906, -77.57909393310547, 54.77954864501953, 70.03182220458984, 0.7685884833335876, -15.570093154907227, -1.2395434379577637, 44.40683364868164, 17.831645965576172, 7.168601989746094, 63.596248626708984, 135.27713012695312, 64.97630310058594], [18.784526824951172, 3.242670774459839, -50.962982177734375, 1.3655401468276978, 18.6254825592041, -4.998611927032471, 21.165184020996094, 28.8237247467041, 6.570506572723389, -3.018435478210449, 15.33141803741455, 64.97630310058594, 104.49662017822266]], "lowlevel.gfcc.icov": [[0.0006711536552757025, -0.00014582937001250684, 0.0003814912342932075, -0.0004307311028242111, 0.0004149113374296576, -0.000621299201156944, 0.0006332394550554454, -0.0008542464347556233, 0.0011252679396420717, -0.0006510348175652325, 0.0008279334288090467, -0.0006402646540664136, 0.0002663436462171376], [-0.00014582937001250684, 0.0032178275287151337, -0.0017580693820491433, 0.0015389678301289678, -0.0037577240727841854, 0.003757873550057411, -0.003082003677263856, 0.003809651592746377, -0.003242151578888297, 0.003081714268773794, -0.0037725677248090506, 0.004085483029484749, -0.0022222043480724096], [0.0003814912342932075, -0.0017580693820491433, 0.004301387816667557, -0.003122094552963972, 0.0028626120183616877, -0.004497704096138477, 0.004215410444885492, -0.003692338475957513, 0.0031067486852407455, -0.00385811785236001, 0.00414579501375556, -0.004277694970369339, 0.0033086840994656086], [-0.0004307311028242111, 0.0015389678301289678, -0.003122094552963972, 0.004854340106248856, -0.0035182787105441093, 0.004065072629600763, -0.003833301365375519, 0.0032537172082811594, -0.0024141629692167044, 0.002551608020439744, -0.0028560012578964233, 0.001109589939005673, -0.0009013502858579159], [0.0004149113374296576, -0.0037577240727841854, 0.0028626120183616877, -0.0035182787105441093, 0.010319176129996777, -0.007512127514928579, 0.0040388647466897964, -0.007130919024348259, 0.005802083760499954, -0.004320215899497271, 0.005349485203623772, -0.004011085256934166, 0.0016539922216907144], [-0.000621299201156944, 0.003757873550057411, -0.004497704096138477, 0.004065072629600763, -0.007512127514928579, 0.012271225452423096, -0.009112207219004631, 0.009138771332800388, -0.007378184236586094, 0.004396253265440464, -0.004443881567567587, 0.004487411584705114, -0.002548160497099161], [0.0006332394550554454, -0.003082003677263856, 0.004215410444885492, -0.003833301365375519, 0.0040388647466897964, -0.009112207219004631, 0.015282229520380497, -0.01095251552760601, 0.0056154765188694, -0.002663443796336651, 0.0012469456996768713, -0.00046207522973418236, 0.0005320812342688441], [-0.0008542464347556233, 0.003809651592746377, -0.003692338475957513, 0.0032537172082811594, -0.007130919024348259, 0.009138771332800388, -0.01095251552760601, 0.0196580458432436, -0.01489091757684946, 0.011172199621796608, -0.006384877488017082, 0.002426751423627138, -0.0026169198099523783], [0.0011252679396420717, -0.003242151578888297, 0.0031067486852407455, -0.0024141629692167044, 0.005802083760499954, -0.007378184236586094, 0.0056154765188694, -0.01489091757684946, 0.021429188549518585, -0.015591999515891075, 0.009868654422461987, -0.0066867731511592865, 0.003940132446587086], [-0.0006510348175652325, 0.003081714268773794, -0.00385811785236001, 0.002551608020439744, -0.004320215899497271, 0.004396253265440464, -0.002663443796336651, 0.011172199621796608, -0.015591999515891075, 0.02405906841158867, -0.019163018092513084, 0.011893698014318943, -0.006364073604345322], [0.0008279334288090467, -0.0037725677248090506, 0.00414579501375556, -0.0028560012578964233, 0.005349485203623772, -0.004443881567567587, 0.0012469456996768713, -0.006384877488017082, 0.009868654422461987, -0.019163018092513084, 0.026066353544592857, -0.01758100651204586, 0.008303496055305004], [-0.0006402646540664136, 0.004085483029484749, -0.004277694970369339, 0.001109589939005673, -0.004011085256934166, 0.004487411584705114, -0.00046207522973418236, 0.002426751423627138, -0.0066867731511592865, 0.011893698014318943, -0.01758100651204586, 0.026497291401028633, -0.01489127054810524], [0.0002663436462171376, -0.0022222043480724096, 0.0033086840994656086, -0.0009013502858579159, 0.0016539922216907144, -0.002548160497099161, 0.0005320812342688441, -0.0026169198099523783, 0.003940132446587086, -0.006364073604345322, 0.008303496055305004, -0.01489127054810524, 0.019023152068257332]], "lowlevel.mfcc.cov": [[1978.063720703125, -231.25521850585938, -122.98091125488281, 88.94197082519531, -24.305273056030273, -84.19937133789062, 38.02579879760742, 59.429019927978516, 10.221981048583984, -92.84500885009766, -140.6008758544922, -122.751708984375, -4.2164530754089355], [-231.25521850585938, 712.5077514648438, -135.53598022460938, -25.994970321655273, 69.96906280517578, 36.19358825683594, 68.70091247558594, -37.50873565673828, 25.327049255371094, 38.441978454589844, 16.421329498291016, -15.487799644470215, -8.539440155029297], [-122.98091125488281, -135.53598022460938, 645.6880493164062, 153.10775756835938, 106.74745178222656, 118.9656982421875, -48.03034591674805, -23.19819450378418, -36.289451599121094, -30.456317901611328, 76.91455841064453, 86.23072052001953, 9.127578735351562], [88.94197082519531, -25.994970321655273, 153.10775756835938, 428.24664306640625, 71.1455078125, -46.188720703125, 35.55575180053711, 75.82681274414062, 27.418357849121094, -46.350765228271484, -23.607213973999023, 30.134239196777344, 32.77248001098633], [-24.305273056030273, 69.96906280517578, 106.74745178222656, 71.1455078125, 196.13536071777344, 77.67514038085938, 34.2240104675293, 57.43584442138672, 54.003414154052734, 2.470702886581421, 20.411640167236328, 3.8438823223114014, 19.405216217041016], [-84.19937133789062, 36.19358825683594, 118.9656982421875, -46.188720703125, 77.67514038085938, 252.33328247070312, 69.2381820678711, -27.342836380004883, 14.168310165405273, 49.65840148925781, 34.09819793701172, 24.290117263793945, 21.83059310913086], [38.02579879760742, 68.70091247558594, -48.03034591674805, 35.55575180053711, 34.2240104675293, 69.2381820678711, 175.42225646972656, 96.16082763671875, 47.09077072143555, 23.04619789123535, -18.447776794433594, -12.876758575439453, 20.604890823364258], [59.429019927978516, -37.50873565673828, -23.19819450378418, 75.82681274414062, 57.43584442138672, -27.342836380004883, 96.16082763671875, 265.73187255859375, 136.45208740234375, 2.007063150405884, -20.98548126220703, -9.526530265808105, 22.96531105041504], [10.221981048583984, 25.327049255371094, -36.289451599121094, 27.418357849121094, 54.003414154052734, 14.168310165405273, 47.09077072143555, 136.45208740234375, 173.66041564941406, 43.5705680847168, -15.34138298034668, -6.078352928161621, 9.286811828613281], [-92.84500885009766, 38.441978454589844, -30.456317901611328, -46.350765228271484, 2.470702886581421, 49.65840148925781, 23.04619789123535, 2.007063150405884, 43.5705680847168, 130.5261993408203, 69.86740112304688, 23.060359954833984, 10.305018424987793], [-140.6008758544922, 16.421329498291016, 76.91455841064453, -23.607213973999023, 20.411640167236328, 34.09819793701172, -18.447776794433594, -20.98548126220703, -15.34138298034668, 69.86740112304688, 150.3929443359375, 79.37100982666016, 5.046624660491943], [-122.751708984375, -15.487799644470215, 86.23072052001953, 30.134239196777344, 3.8438823223114014, 24.290117263793945, -12.876758575439453, -9.526530265808105, -6.078352928161621, 23.060359954833984, 79.37100982666016, 137.589111328125, 46.87714385986328], [-4.2164530754089355, -8.539440155029297, 9.127578735351562, 32.77248001098633, 19.405216217041016, 21.83059310913086, 20.604890823364258, 22.96531105041504, 9.286811828613281, 10.305018424987793, 5.046624660491943, 46.87714385986328, 114.20724487304688]], "lowlevel.mfcc.icov": [[0.000593511969782412, 0.00023000330838840455, 0.00011094061483163387, -0.00011931068729609251, -3.5098171792924404e-05, 8.299855835502967e-05, -0.00020757461606990546, 0.00011420898954384029, -9.537749429000542e-05, 0.00027111367671750486, 6.44373067189008e-05, 0.00044540406088344753, -0.00013331072113942355], [0.00023000330838840455, 0.0018505890620872378, 0.00048819874064065516, -1.125765083997976e-05, -0.0009979953756555915, 0.0003529583045747131, -0.0011432835599407554, 0.0011897542281076312, -0.0006005748873576522, 0.0001616405788809061, -0.0003856044786516577, 0.00016381777822971344, 0.00016425624198745936], [0.00011094061483163387, 0.00048819874064065516, 0.0027445887681096792, -0.0010429364629089832, -0.0008181711891666055, -0.0017400272190570831, 0.0012477515265345573, -0.0003204724343959242, 0.0005478313541971147, 0.0010987493442371488, -0.001007030950859189, -0.0007037818431854248, 0.0006211568834260106], [-0.00011931068729609251, -1.125765083997976e-05, -0.0010429364629089832, 0.003424211870878935, -0.0011740713380277157, 0.0017936970107257366, -0.001361979404464364, 5.799392602057196e-05, -0.00018296012422069907, 0.00020103658607695252, 0.0010463835205882788, -0.001119119580835104, -0.00040395467658527195], [-3.5098171792924404e-05, -0.0009979953756555915, -0.0008181711891666055, -0.0011740713380277157, 0.008632009848952293, -0.0027708872221410275, 0.0008029754390008748, -0.0011527863098308444, -0.0023208833299577236, 0.0024647903628647327, -0.0029925473500043154, 0.002586895599961281, -0.0014869661536067724], [8.299855835502967e-05, 0.0003529583045747131, -0.0017400272190570831, 0.0017936970107257366, -0.0027708872221410275, 0.008046941831707954, -0.004723206628113985, 0.0032338101882487535, -0.001208162633702159, -0.0018705491675063968, 0.000772115308791399, -0.000699510972481221, -0.0006916484562680125], [-0.00020757461606990546, -0.0011432835599407554, 0.0012477515265345573, -0.001361979404464364, 0.0008029754390008748, -0.004723206628113985, 0.011358996853232384, -0.005690859165042639, 0.0028833309188485146, -0.0021019061096012592, 0.0018382597481831908, 0.00014509887841995806, -0.00012623883958440274], [0.00011420898954384029, 0.0011897542281076312, -0.0003204724343959242, 5.799392602057196e-05, -0.0011527863098308444, 0.0032338101882487535, -0.005690859165042639, 0.010366357862949371, -0.007634458132088184, 0.0030655846931040287, -0.0023999065160751343, 0.0010693990625441074, -0.0013666135491803288], [-9.537749429000542e-05, -0.0006005748873576522, 0.0005478313541971147, -0.00018296012422069907, -0.0023208833299577236, -0.001208162633702159, 0.0028833309188485146, -0.007634458132088184, 0.01411110907793045, -0.007083740085363388, 0.00549148628488183, -0.002421977464109659, 0.0018437259132042527], [0.00027111367671750486, 0.0001616405788809061, 0.0010987493442371488, 0.00020103658607695252, 0.0024647903628647327, -0.0018705491675063968, -0.0021019061096012592, 0.0030655846931040287, -0.007083740085363388, 0.016479002311825752, -0.01008671522140503, 0.0033138308208435774, -0.0022472410928457975], [6.44373067189008e-05, -0.0003856044786516577, -0.001007030950859189, 0.0010463835205882788, -0.0029925473500043154, 0.000772115308791399, 0.0018382597481831908, -0.0023999065160751343, 0.00549148628488183, -0.01008671522140503, 0.01742122508585453, -0.008990881033241749, 0.0036497211549431086], [0.00044540406088344753, 0.00016381777822971344, -0.0007037818431854248, -0.001119119580835104, 0.002586895599961281, -0.000699510972481221, 0.00014509887841995806, 0.0010693990625441074, -0.002421977464109659, 0.0033138308208435774, -0.008990881033241749, 0.01509083341807127, -0.006039883475750685], [-0.00013331072113942355, 0.00016425624198745936, 0.0006211568834260106, -0.00040395467658527195, -0.0014869661536067724, -0.0006916484562680125, -0.00012623883958440274, -0.0013666135491803288, 0.0018437259132042527, -0.0022472410928457975, 0.0036497211549431086, -0.006039883475750685, 0.011882771737873554]], "metadata.audio_properties.analysis.downmix": "mix", "metadata.audio_properties.codec": "mp3", "metadata.audio_properties.md5_encoded": "1305d6f123877c082a5c79396b05b645", "metadata.tags