{"song_id": "1182270229531865088", "download": "https://cdn.discordapp.com/attachments/1135911532732108921/1182270229531865088/chirp.mp4?ex=658415f4&amp", "lyrics": "(Verse 1)\nFireflies dance in the summer air\nHeartbeat slows, worries don't compare\nStars peek through the twilight haze\nLove whispers promises in a sweet, melodious daze\n\n(Chorus)\nSmall town dreams, hearts beat as one\nTwo souls entwined, beneath the setting sun\nHope blooms bright, like wildflowers in the field\nIn this haven of love, our future is revealed", "style": ["Beautiful Country Music"], "essentia_features": {"lowlevel.average_loudness": 0.9686565399169922, "lowlevel.barkbands_crest.mean": 10.333901405334473, "lowlevel.barkbands_crest.stdev": 3.5352962017059326, "lowlevel.barkbands_flatness_db.mean": 0.15007440745830536, "lowlevel.barkbands_flatness_db.stdev": 0.04601474851369858, "lowlevel.barkbands_kurtosis.mean": 5.456076145172119, "lowlevel.barkbands_kurtosis.stdev": 8.551263809204102, "lowlevel.barkbands_skewness.mean": 1.7751489877700806, "lowlevel.barkbands_skewness.stdev": 1.3679417371749878, "lowlevel.barkbands_spread.mean": 24.973947525024414, "lowlevel.barkbands_spread.stdev": 18.31486701965332, "lowlevel.dissonance.mean": 0.45718467235565186, "lowlevel.dissonance.stdev": 0.028668081387877464, "lowlevel.dynamic_complexity": 2.5282254219055176, "lowlevel.erbbands_crest.mean": 10.248581886291504, "lowlevel.erbbands_crest.stdev": 5.039712905883789, "lowlevel.erbbands_flatness_db.mean": 0.15018603205680847, "lowlevel.erbbands_flatness_db.stdev": 0.05391494929790497, "lowlevel.erbbands_kurtosis.mean": 0.44052982330322266, "lowlevel.erbbands_kurtosis.stdev": 2.0841729640960693, "lowlevel.erbbands_skewness.mean": 0.1293254792690277, "lowlevel.erbbands_skewness.stdev": 0.8084454536437988, "lowlevel.erbbands_spread.mean": 48.337032318115234, "lowlevel.erbbands_spread.stdev": 29.8165283203125, "lowlevel.hfc.mean": 20.409564971923828, "lowlevel.hfc.stdev": 17.232622146606445, "lowlevel.loudness_ebu128.integrated": -11.95001220703125, "lowlevel.loudness_ebu128.loudness_range": 4.076022148132324, "lowlevel.loudness_ebu128.momentary.mean": -12.412969589233398, "lowlevel.loudness_ebu128.momentary.stdev": 2.0941991806030273, "lowlevel.loudness_ebu128.short_term.mean": -12.124948501586914, "lowlevel.loudness_ebu128.short_term.stdev": 1.5021952390670776, "lowlevel.melbands_crest.mean": 15.413576126098633, "lowlevel.melbands_crest.stdev": 5.16924524307251, "lowlevel.melbands_flatness_db.mean": 0.2236996293067932, "lowlevel.melbands_flatness_db.stdev": 0.05811233073472977, "lowlevel.melbands_kurtosis.mean": 21.445247650146484, "lowlevel.melbands_kurtosis.stdev": 29.025712966918945, "lowlevel.melbands_skewness.mean": 3.3345508575439453, "lowlevel.melbands_skewness.stdev": 2.2342402935028076, "lowlevel.melbands_spread.mean": 22.9654598236084, "lowlevel.melbands_spread.stdev": 19.525707244873047, "lowlevel.pitch_salience.mean": 0.5098057389259338, "lowlevel.pitch_salience.stdev": 0.09778756648302078, "lowlevel.silence_rate_20dB.mean": 1.0, "lowlevel.silence_rate_20dB.stdev": 0.0, "lowlevel.silence_rate_30dB.mean": 1.0, "lowlevel.silence_rate_30dB.stdev": 0.0, "lowlevel.silence_rate_60dB.mean": 0.007384615484625101, "lowlevel.silence_rate_60dB.stdev": 0.0856156051158905, "lowlevel.spectral_centroid.mean": 1265.9891357421875, "lowlevel.spectral_centroid.stdev": 626.209228515625, "lowlevel.spectral_complexity.mean": 13.030769348144531, "lowlevel.spectral_complexity.stdev": 5.709932327270508, "lowlevel.spectral_decrease.mean": -6.466085888945372e-09, "lowlevel.spectral_decrease.stdev": 4.720058122131832e-09, "lowlevel.spectral_energy.mean": 0.02625572495162487, "lowlevel.spectral_energy.stdev": 0.018714914098381996, "lowlevel.spectral_energyband_high.mean": 0.0008325633243657649, "lowlevel.spectral_energyband_high.stdev": 0.0010563908144831657, "lowlevel.spectral_energyband_low.mean": 0.011164851486682892, "lowlevel.spectral_energyband_low.stdev": 0.013547848910093307, "lowlevel.spectral_energyband_middle_high.mean": 0.006176297552883625, "lowlevel.spectral_energyband_middle_high.stdev": 0.008872968144714832, "lowlevel.spectral_energyband_middle_low.mean": 0.009387477301061153, "lowlevel.spectral_energyband_middle_low.stdev": 0.009078758768737316, "lowlevel.spectral_entropy.mean": 7.4170756340026855, "lowlevel.spectral_entropy.stdev": 0.5033517479896545, "lowlevel.spectral_flux.mean": 0.07266568392515182, "lowlevel.spectral_flux.stdev": 0.05413251370191574, "lowlevel.spectral_kurtosis.mean": 4.402218341827393, "lowlevel.spectral_kurtosis.stdev": 3.1419084072113037, "lowlevel.spectral_rms.mean": 0.004779598210006952, "lowlevel.spectral_rms.stdev": 0.0016645430587232113, "lowlevel.spectral_rolloff.mean": 1577.4722900390625, "lowlevel.spectral_rolloff.stdev": 1980.4830322265625, "lowlevel.spectral_skewness.mean": 1.5397734642028809, "lowlevel.spectral_skewness.stdev": 0.4738592207431793, "lowlevel.spectral_spread.mean": 5471534.0, "lowlevel.spectral_spread.stdev": 2561297.5, "lowlevel.spectral_strongpeak.mean": 1.1604282855987549, "lowlevel.spectral_strongpeak.stdev": 1.7540647983551025, "lowlevel.zerocrossingrate.mean": 0.06489002704620361, "lowlevel.zerocrossingrate.stdev": 0.04456781595945358, "metadata.audio_properties.analysis.equal_loudness": 0.0, "metadata.audio_properties.analysis.length": 37.695987701416016, "metadata.audio_properties.analysis.sample_rate": 44100.0, "metadata.audio_properties.analysis.start_time": 0.0, "metadata.audio_properties.bit_rate": 121216.0, "metadata.audio_properties.length": 37.69599914550781, "metadata.audio_properties.lossless": 0.0, "metadata.audio_properties.number_channels": 1.0, "metadata.audio_properties.replay_gain": -15.493945121765137, "metadata.audio_properties.sample_rate": 48000.0, "rhythm.beats_count": 75.0, "rhythm.beats_loudness.mean": 0.03386853262782097, "rhythm.beats_loudness.stdev": 0.015358232893049717, "rhythm.bpm": 120.24309539794922, "rhythm.bpm_histogram_first_peak_bpm": 120.0, "rhythm.bpm_histogram_first_peak_weight": 0.2916666865348816, "rhythm.bpm_histogram_second_peak_bpm": 126.0, "rhythm.bpm_histogram_second_peak_spread": 0.0, "rhythm.bpm_histogram_second_peak_weight": 0.027027027681469917, "rhythm.danceability": 1.2718957662582397, "rhythm.onset_rate": 4.455145359039307, "tonal.chords_changes_rate": 0.04920049384236336, "tonal.chords_number_rate": 0.007380073890089989, "tonal.chords_strength.mean": 0.5533161759376526, "tonal.chords_strength.stdev": 0.08249520510435104, "tonal.hpcp_crest.mean": 14.748954772949219, "tonal.hpcp_crest.stdev": 6.541040897369385, "tonal.hpcp_entropy.mean": 1.7889710664749146, "tonal.hpcp_entropy.stdev": 0.621785581111908, "tonal.key_edma.strength": 0.8362622857093811, "tonal.key_krumhansl.strength": 0.8303792476654053, "tonal.key_temperley.strength": 0.8179699182510376, "tonal.tuning_diatonic_strength": 0.6592143177986145, "tonal.tuning_equal_tempered_deviation": 0.22183910012245178, "tonal.tuning_frequency": 434.193115234375, "tonal.tuning_nontempered_energy_ratio": 0.9836573600769043, "lowlevel.barkbands.mean": [0.0006286514108069241, 0.005347716622054577, 0.0039035677909851074, 0.0020108497701585293, 0.003754046279937029, 0.0018622919451445341, 0.0006174226873554289, 0.0005453280173242092, 0.0005594014073722064, 0.000900346611160785, 0.0005029686144553125, 0.0015479313442483544, 0.0004326681373640895, 0.0003933365223929286, 0.000446806603576988, 0.0005339795025065541, 0.0006413529627025127, 0.00040322807035408914, 0.0002922813582699746, 0.0002409602893749252, 0.00011007089051418006, 7.975992048159242e-05, 8.617458661319688e-05, 0.0001903234951896593, 0.0001459614431951195, 7.399385503958911e-05, 4.305523361836094e-06], "lowlevel.barkbands.stdev": [0.0009844467276707292, 0.007948771119117737, 0.006469941698014736, 0.0029258648864924908, 0.006747119594365358, 0.002513774437829852, 0.0011150725185871124, 0.0018982619512826204, 0.002021691994741559, 0.003156241960823536, 0.002928040688857436, 0.0038444900419563055, 0.0018128532683476806, 0.0013173500774428248, 0.0013423232594504952, 0.0016560808289796114, 0.0017815062310546637, 0.000821265741251409, 0.0006328283343464136, 0.00034194067120552063, 0.00015614525182172656, 0.0001399419707013294, 0.00014459241356234998, 0.00034693878842517734, 0.0003038351715076715, 0.00013845010835211724, 1.0057504368887749e-05], "lowlevel.erbbands.mean": [0.2104363590478897, 1.0149492025375366, 4.061896324157715, 6.485637187957764, 7.971108913421631, 13.205890655517578, 19.02132225036621, 11.002644538879395, 9.245847702026367, 8.142885208129883, 14.581743240356445, 13.029150009155273, 12.579015731811523, 35.74409103393555, 35.475337982177734, 61.02042007446289, 20.130496978759766, 21.6097412109375, 24.692659378051758, 22.05918312072754, 31.714094161987305, 32.551490783691406, 25.709856033325195, 18.853981018066406, 11.976290702819824, 11.854636192321777, 7.128809928894043, 2.9076030254364014, 2.9660327434539795, 2.4338290691375732, 2.5146467685699463, 3.3977956771850586, 3.3902695178985596, 1.9852226972579956, 0.834320068359375, 0.3682374656200409, 0.12444748729467392, 0.0225507915019989, 0.0005387648707255721, 4.8029283789219335e-05], "lowlevel.erbbands.stdev": [0.33540698885917664, 1.721488356590271, 6.859853267669678, 8.964178085327148, 18.61296844482422, 21.792911529541016, 26.557872772216797, 18.914928436279297, 13.627462387084961, 23.383943557739258, 50.58924102783203, 48.74966049194336, 41.42959976196289, 112.24449920654297, 114.63799285888672, 160.45269775390625, 86.83995056152344, 60.46394348144531, 70.75315856933594, 64.2981185913086, 102.36866760253906, 91.54762268066406, 52.7023811340332, 34.2835807800293, 23.65999412536621, 16.818010330200195, 9.273516654968262, 4.890554428100586, 5.221570014953613, 4.257720470428467, 4.242848873138428, 6.080409526824951, 6.454492568969727, 4.173956871032715, 1.7248846292495728, 0.7774679064750671, 0.22151730954647064, 0.037876199930906296, 0.0009509608498774469, 3.734308120328933e-05], "lowlevel.gfcc.mean": [-3.5817084312438965, 83.47148895263672, -99.09318542480469, 36.522701263427734, -45.72892379760742, 14.307104110717773, -42.78752517700195, 8.9364013671875, -37.775630950927734, -3.1776583194732666, -13.113497734069824, 3.3537843227386475, -8.207672119140625], "lowlevel.melbands.mean": [0.0016304112505167723, 0.0018096036510542035, 0.0010966804111376405, 0.0008433244656771421, 0.000608098111115396, 0.00026351542328484356, 0.00014074570208322257, 8.787249680608511e-05, 0.00011908013402717188, 7.718410051893443e-05, 6.511771789519116e-05, 0.00015046107000671327, 9.862957813311368e-05, 0.00019441261247266084, 7.085207471391186e-05, 4.323951725382358e-05, 3.79155644623097e-05, 3.885206751874648e-05, 3.082001785514876e-05, 3.021835618710611e-05, 3.881354132317938e-05, 3.0453809813479893e-05, 3.097991066169925e-05, 2.4103112082229927e-05, 1.4050217941985466e-05, 1.0053243386209942e-05, 7.203888799267588e-06, 8.295894986076746e-06, 5.465333288157126e-06, 2.124157845173613e-06, 1.4656699249826488e-06, 1.7371349940731307e-06, 1.4614755627917475e-06, 1.2930263437738176e-06, 1.319297780355555e-06, 1.782616322998365e-06, 2.2007930056133773e-06, 2.4794867385935504e-06, 2.0591241991496645e-06, 1.5590767361572944e-06], "lowlevel.melbands.stdev": [0.002402639016509056, 0.002922535641118884, 0.0014848839491605759, 0.001729005598463118, 0.000768413592595607, 0.00041708213393576443, 0.0002092800277750939, 0.00023997962125577033, 0.0003961074398830533, 0.0003005853795912117, 0.00022593780886381865, 0.0004955172189511359, 0.0004554913321044296, 0.0004886011010967195, 0.0002292293356731534, 0.00014248955994844437, 0.00011020134843420237, 0.00012234256428200752, 9.823934669839218e-05, 9.310700261266902e-05, 0.00013598766236100346, 8.375097968382761e-05, 9.146212687483057e-05, 5.387534110923298e-05, 2.7978208890999667e-05, 2.3219778086058795e-05, 1.428307132300688e-05, 1.2321005669946317e-05, 7.895693670434412e-06, 3.3757723940652795e-06, 2.7490873435453977e-06, 3.117615051451139e-06, 2.7556729946809355e-06, 2.284022912135697e-06, 2.31185936172551e-06, 3.23663175549882e-06, 4.009092663181946e-06, 4.724139671452576e-06, 4.214792625134578e-06, 3.4578656595840584e-06], "lowlevel.melbands128.mean": [0.00052422727458179, 0.0019193069310858846, 0.001865949365310371, 0.0015253176679834723, 0.0020370192360132933, 0.0018082341412082314, 0.0014456426724791527, 0.0007834834977984428, 0.0006260377704165876, 0.0012417840771377087, 0.0006348251481540501, 0.0004825840296689421, 0.0008131434442475438, 0.00046784934238530695, 0.0002246680815005675, 0.00018520255980547518, 0.00011430670565459877, 0.0001747146452544257, 0.00010287624900229275, 9.306641004513949e-05, 5.530914495466277e-05, 0.0001347655925201252, 0.0001376616710331291, 8.569294004701078e-05, 0.00010162033140659332, 5.2042621973669156e-05, 7.875382289057598e-05, 2.3426026018569246e-05, 6.475108966697007e-05, 0.0002667577937245369, 0.00010946093243546784, 7.098968490026891e-05, 0.00013094661699142307, 4.467648614081554e-05, 0.0002183781034545973, 0.0002481479023117572, 0.0001773209369275719, 1.4567951438948512e-05, 6.141808262327686e-05, 2.8007862056256272e-05, 2.3948599846335128e-05, 9.373902139486745e-05, 2.29936540563358e-05, 1.860829615907278e-05, 4.557407009997405e-05, 3.307224324089475e-05, 4.953307507093996e-05, 3.3750537113519385e-05, 1.4728724636370316e-05, 3.755049328901805e-05, 3.2624353480059654e-05, 1.5316521967179142e-05, 5.650827006320469e-05, 3.971352634835057e-05, 2.6342442652094178e-05, 1.6366388081223704e-05, 4.493438609642908e-05, 5.551325739361346e-05, 1.4109031326370314e-05, 9.158232387562748e-06, 3.906388519681059e-05, 2.102657890645787e-05, 8.121453902276698e-06, 1.5269815776264295e-05, 1.863281249825377e-05, 6.602419489354361e-06, 8.152791451720987e-06, 7.769980584271252e-06, 6.830970960436389e-06, 6.727209438395221e-06, 9.227198461303487e-06, 8.675845492689405e-06, 6.3927263909135945e-06, 6.083098014642019e-06, 2.4852836304489756e-06, 2.4330838641617447e-06, 1.7124026499004685e-06, 1.4430227111006388e-06, 1.462218619963096e-06, 1.3749314575761673e-06, 1.866305865405593e-06, 1.88847570825601e-06, 1.4884853953844868e-06, 1.4556251244357554e-06, 1.3820731510350015e-06, 1.3260040532259154e-06, 1.2420517805367126e-06, 1.2631704748855554e-06, 1.2998990541746025e-06, 1.321276386079262e-06, 1.630965925869532e-06, 1.94510994333541e-06, 2.0079246496607084e-06, 2.1829653178429e-06, 2.2007839106663596e-06, 2.6821178380487254e-06, 2.4058563212747686e-06, 2.514813104426139e-06, 2.040649633272551e-06, 1.9125238850392634e-06, 1.7283674651480396e-06, 1.5392903378597111e-06, 1.3395379028224852e-06, 1.014008603306138e-06, 8.746554840399767e-07, 7.132051678127027e-07, 9.290013736062974e-07, 7.325038495764602e-07, 5.776302600679628e-07, 5.905819762119791e-07, 4.569976113089069e-07, 3.8188065332178667e-07, 3.8565676163671014e-07, 4.0161521042136883e-07, 3.020899441708025e-07, 2.5625445232435595e-07, 1.5270526887434244e-07, 3.9229611559221667e-08, 5.44692735360286e-10, 6.924423274351499e-12, 6.387237527077927e-12, 6.740025204621247e-12, 6.154623685694638e-12, 6.1150915060814715e-12, 5.708916412522358e-12, 3.9050273431540106e-12, 3.2692598628258907e-12, 3.1813093825938665e-12], "lowlevel.melbands128.stdev": [0.0008996992837637663, 0.0033022137358784676, 0.0030025863088667393, 0.003085585543885827, 0.0037367835175246, 0.00296557298861444, 0.002083834493532777, 0.0012237847549840808, 0.0020252286922186613, 0.002844505710527301, 0.001082013244740665, 0.000771445978898555, 0.0013249474577605724, 0.0008132567163556814, 0.0005135828978382051, 0.0005723848007619381, 0.00026547478046268225, 0.0003053043910767883, 0.0002363237290410325, 0.00043458578875288367, 0.00021086784545332193, 0.0005575257237069309, 0.00061438960256055, 0.0003538836317602545, 0.000528779171872884, 0.00033119882573373616, 0.00043477051076479256, 0.00015595460718031973, 0.0004021689237561077, 0.0009960186434909701, 0.00040406029438599944, 0.0004280458961147815, 0.0008628686191514134, 0.0003142766945529729, 0.0007375029963441193, 0.0007303520105779171, 0.0006629220442846417, 6.223985838005319e-05, 0.0004679564735852182, 0.00019237487867940217, 8.806959522189572e-05, 0.0003478515718597919, 8.17624168121256e-05, 0.0001157710503321141, 0.0002714184520300478, 0.00012885780597571284, 0.00020360155031085014, 0.00019307555339764804, 6.100682730902918e-05, 0.00018361021648161113, 0.00014714202552568167, 6.415906682377681e-05, 0.00029242029995657504, 0.00015966742648743093, 0.00010925062088062987, 6.201872020028532e-05, 0.00023197714472189546, 0.00019410272943787277, 5.3182142437435687e-05, 2.1997531803208403e-05, 0.00010311928053852171, 5.584755490417592e-05, 2.107821092067752e-05, 3.732966797542758e-05, 7.872217975091189e-05, 1.5936857380438596e-05, 2.3512842744821683e-05, 2.4308121282956563e-05, 1.5121603610168677e-05, 1.5674522728659213e-05, 1.7284170098719187e-05, 1.5355517462012358e-05, 1.2524519661383238e-05, 1.1390954568923917e-05, 3.966245913034072e-06, 4.258097760612145e-06, 3.376713038960588e-06, 3.4387444429739844e-06, 3.1088147807167843e-06, 2.749902023424511e-06, 3.5690829918166855e-06, 3.981894678872777e-06, 2.9586417440441437e-06, 3.100546337009291e-06, 2.8740028028551023e-06, 2.6250954761053436e-06, 2.3637771846551914e-06, 2.3842092105041957e-06, 2.572171069914475e-06, 2.5623778583394596e-06, 3.226666876798845e-06, 3.782331759794033e-06, 4.234378138789907e-06, 4.403676030051429e-06, 4.056999387103133e-06, 5.27576503372984e-06, 4.895929578196956e-06, 5.86484202358406e-06, 4.438209998625098e-06, 4.187849299341906e-06, 3.930102593585616e-06, 3.607875441957731e-06, 3.301128572275047e-06, 2.375312078584102e-06, 1.8409410813546856e-06, 1.647154135753226e-06, 2.1240784917608835e-06, 1.6964419273790554e-06, 1.354807750431064e-06, 1.3888537750972318e-06, 1.2655250429816078e-06, 7.061935889396409e-07, 6.938080900908972e-07, 8.00185375737783e-07, 5.096899826639856e-07, 4.6424952415691223e-07, 3.3864998272292723e-07, 1.4189998864821973e-07, 5.357023269425554e-09, 4.1293159863675655e-11, 3.8763107307326905e-11, 4.6628867433895493e-11, 3.974395465511371e-11, 3.806438497733211e-11, 3.986840371728029e-11, 1.139047276638161e-11, 5.518849266472614e-12, 5.391153669320747e-12], "lowlevel.mfcc.mean": [-655.3289184570312, 116.86775970458984, 9.683378219604492, 27.961105346679688, 18.995630264282227, 1.9599568843841553, 11.65428638458252, 2.722805976867676, -4.661928176879883, -6.803102016448975, -11.907034873962402, 2.0445892810821533, -0.8213664889335632], "lowlevel.spectral_contrast_coeffs.mean": [-0.6791801452636719, -0.724213719367981, -0.7053853869438171, -0.7671977281570435, -0.76994788646698, -0.7732728123664856], "lowlevel.spectral_contrast_coeffs.stdev": [0.07068205624818802, 0.07823936641216278, 0.07889072597026825, 0.06822510063648224, 0.05675797909498215, 0.03826794773340225], "lowlevel.spectral_contrast_valleys.mean": [-6.57417631149292, -7.440219879150391, -8.022461891174316, -8.12746524810791, -7.789092063903809, -10.444190979003906], "lowlevel.spectral_contrast_valleys.stdev": [0.735575795173645, 0.5089629888534546, 0.5770283937454224, 0.5877329707145691, 0.7075799107551575, 1.2556346654891968], "rhythm.beats_loudness_band_ratio.mean": [0.47572916746139526, 0.27533799409866333, 0.07331594824790955, 0.14609545469284058, 0.056136831641197205, 0.041102856397628784], "rhythm.beats_loudness_band_ratio.stdev": [0.23329205811023712, 0.24020665884017944, 0.13067102432250977, 0.20001105964183807, 0.07026627659797668, 0.03658953309059143], "tonal.hpcp.mean": [0.40729740262031555, 0.4799741208553314, 0.15656259655952454, 0.04443523660302162, 0.03285940736532211, 0.019462825730443, 0.05818654224276543, 0.08499423414468765, 0.04844971373677254, 0.027126934379339218, 0.023666363209486008, 0.02266804315149784, 0.10486948490142822, 0.135837122797966, 0.08835684508085251, 0.3082578182220459, 0.4207886755466461, 0.17511776089668274, 0.03436574339866638, 0.03085331991314888, 0.04518572613596916, 0.1371508687734604, 0.17029616236686707, 0.1108546257019043, 0.07976046204566956, 0.0541367381811142, 0.05372266471385956, 0.11074308305978775, 0.12132414430379868, 0.06460779905319214, 0.06884241104125977, 0.07139569520950317, 0.043525513261556625, 0.04623722657561302, 0.058966752141714096, 0.09317324310541153], "tonal.hpcp.stdev": [0.33086127042770386, 0.3721865117549896, 0.19189633429050446, 0.1562875360250473, 0.13637390732765198, 0.10016733407974243, 0.17023411393165588, 0.23483504354953766, 0.1376313716173172, 0.10307510942220688, 0.10179271548986435, 0.10062360763549805, 0.2008610963821411, 0.25163403153419495, 0.17627139389514923, 0.3199339210987091, 0.4174419641494751, 0.2365589439868927, 0.10155249387025833, 0.11274992674589157, 0.12854118645191193, 0.22399351000785828, 0.25915977358818054, 0.22199369966983795, 0.2107931226491928, 0.1702083796262741, 0.16802717745304108, 0.22081616520881653, 0.2507369816303253, 0.16801655292510986, 0.1960754692554474, 0.20776639878749847, 0.13605760037899017, 0.1510578840970993, 0.16896997392177582, 0.1946898251771927], "rhythm.beats_position": [0.4643990993499756, 0.9404081702232361, 1.4164172410964966, 1.904036283493042, 2.391655206680298, 2.879274368286133, 3.3668932914733887, 3.8661224842071533, 4.36535120010376, 4.8645806312561035, 5.363809585571289, 5.863038539886475, 6.36226749420166, 6.861496448516846, 7.360725402832031, 7.859954357147217, 8.359183311462402, 8.858412742614746, 9.357641220092773, 9.856870651245117, 10.356099128723145, 10.866938591003418, 11.354557991027832, 11.85378646850586, 12.353015899658203, 12.85224437713623, 13.351473808288574, 13.862312316894531, 14.361541748046875, 14.860771179199219, 15.359999656677246, 15.85922908782959, 16.358457565307617, 16.85768699645996, 17.356916427612305, 17.856143951416016, 18.35537338256836, 18.854602813720703, 19.353832244873047, 19.85306167602539, 20.3522891998291, 20.851518630981445, 21.36235809326172, 21.873197555541992, 22.360815048217773, 22.860044479370117, 23.35927391052246, 23.870113372802734, 24.35773277282715, 24.85696029663086, 25.356189727783203, 25.855419158935547, 26.35464859008789, 26.86548614501953, 27.364715576171875, 27.86394500732422, 28.363174438476562, 28.862403869628906, 29.361631393432617, 29.86086082458496, 30.371700286865234, 30.85931968688965, 31.358549118041992, 31.857776641845703, 32.34539794921875, 32.85623550415039, 33.36707305908203, 33.85469436645508, 34.35392379760742, 34.8531494140625, 35.352378845214844, 35.85160827636719, 36.362449645996094, 36.850067138671875, 37.34929656982422], "rhythm.bpm_histogram": [0.0, 0.0, 0.0, 0.0, 0.0, 0.0, 0.0, 0.0, 0.0, 0.0, 0.0, 0.0, 0.0, 0.0, 0.0, 0.0, 0.0, 0.0, 0.0, 0.0, 0.0, 0.0, 0.0, 0.0, 0.0, 0.0, 0.0, 0.0, 0.0, 0.0, 0.0, 0.0, 0.0, 0.0, 0.0, 0.0, 0.0, 0.0, 0.0, 0.0, 0.0, 0.0, 0.0, 0.0, 0.0, 0.0, 0.0, 0.0, 0.0, 0.0, 0.0, 0.0, 0.0, 0.0, 0.0, 0.0, 0.0, 0.0, 0.0, 0.0, 0.0, 0.0, 0.0, 0.0, 0.0, 0.0, 0.0, 0.0, 0.0, 0.0, 0.0, 0.0, 0.0, 0.0, 0.0, 0.0, 0.0, 0.0, 0.0, 0.0, 0.0, 0.0, 0.0, 0.0, 0.0, 0.0, 0.0, 0.0, 0.0, 0.0, 0.0, 0.0, 0.0, 0.0, 0.0, 0.0, 0.0, 0.0, 0.0, 0.0, 0.0, 0.0, 0.0, 0.0, 0.0, 0.0, 0.0, 0.0, 0.0, 0.0, 0.0, 0.0, 0.0, 0.0, 0.0, 0.0, 0.0, 0.13513512909412384, 0.0, 0.0, 0.6891891956329346, 0.0, 0.0, 0.14864864945411682, 0.0, 0.0, 0.027027027681469917, 0.0, 0.0, 0.0, 0.0, 0.0, 0.0, 0.0, 0.0, 0.0, 0.0, 0.0, 0.0, 0.0, 0.0, 0.0, 0.0, 0.0, 0.0, 0.0, 0.0, 0.0, 0.0, 0.0, 0.0, 0.0, 0.0, 0.0, 0.0, 0.0, 0.0, 0.0, 0.0, 0.0, 0.0, 0.0, 0.0, 0.0, 0.0, 0.0, 0.0, 0.0, 0.0, 0.0, 0.0, 0.0, 0.0, 0.0, 0.0, 0.0, 0.0, 0.0, 0.0, 0.0, 0.0, 0.0, 0.0, 0.0, 0.0, 0.0, 0.0, 0.0, 0.0, 0.0, 0.0, 0.0, 0.0, 0.0, 0.0, 0.0, 0.0, 0.0, 0.0, 0.0, 0.0, 0.0, 0.0, 0.0, 0.0, 0.0, 0.0, 0.0, 0.0, 0.0, 0.0, 0.0, 0.0, 0.0, 0.0, 0.0, 0.0, 0.0, 0.0, 0.0, 0.0, 0.0, 0.0, 0.0, 0.0, 0.0, 0.0, 0.0, 0.0, 0.0, 0.0, 0.0, 0.0, 0.0, 0.0, 0.0, 0.0, 0.0, 0.0, 0.0, 0.0, 0.0, 0.0, 0.0, 0.0, 0.0, 0.0, 0.0, 0.0, 0.0], "tonal.chords_histogram": [30.504304885864258, 15.375153541564941, 37.515377044677734, 0.0, 0.0, 0.0, 0.0, 0.0, 0.0, 0.0, 0.0, 0.0, 0.0, 0.0, 0.0, 0.0, 0.0, 6.5190653800964355, 0.0, 0.0, 0.0, 0.0, 7.503075122833252, 2.5830259323120117], "tonal.thpcp": [1.0, 0.32618966698646545, 0.09257840365171432, 0.06846079230308533, 0.04054974019527435, 0.12122850120067596, 0.17708086967468262, 0.10094234347343445, 0.05651749297976494, 0.049307581037282944, 0.047227635979652405, 0.218489870429039, 0.28300926089286804, 0.18408668041229248, 0.642238438129425, 0.8766903281211853, 0.3648483455181122, 0.07159915566444397, 0.06428121775388718, 0.09414200484752655, 0.28574639558792114, 0.35480278730392456, 0.23095959424972534, 0.16617658734321594, 0.11279094964265823, 0.11192825436592102, 0.2307271957397461, 0.2527722716331482, 0.13460683822631836, 0.14342942833900452, 0.14874905347824097, 0.09068304300308228, 0.09633275121450424, 0.12285402417182922, 0.19412139058113098, 0.8485820293426514], "lowlevel.gfcc.cov": [[3578.984375, -1522.04150390625, 525.4664306640625, 247.9969024658203, 193.34495544433594, 518.6489868164062, -88.23323822021484, 318.7602844238281, -240.89060974121094, 229.86839294433594, -137.9346160888672, 161.25868225097656, -133.72032165527344], [-1522.04150390625, 1900.8624267578125, -908.4401245117188, -283.8642578125, 93.33956146240234, -466.9378356933594, 236.79916381835938, -177.95480346679688, 163.52947998046875, -163.95263671875, 184.71145629882812, -281.343505859375, 164.0733184814453], [525.4664306640625, -908.4401245117188, 1547.9288330078125, 323.2330627441406, 79.30663299560547, 548.0516357421875, -33.462852478027344, 210.1743621826172, 11.395098686218262, 137.3754425048828, -187.66415405273438, 219.1117401123047, -135.76524353027344], [247.9969024658203, -283.8642578125, 323.2330627441406, 320.7817687988281, 96.7938232421875, 82.77420806884766, -32.75876235961914, 65.0350112915039, 16.50301170349121, -0.2763778269290924, -28.882165908813477, 83.57730102539062, -5.987186908721924], [193.34495544433594, 93.33956146240234, 79.30663299560547, 96.7938232421875, 315.5667419433594, 107.64181518554688, 75.60647583007812, 96.95220184326172, 8.977416038513184, 39.37190628051758, 22.442399978637695, 26.831876754760742, 28.746463775634766], [518.6489868164062, -466.9378356933594, 548.0516357421875, 82.77420806884766, 107.64181518554688, 464.73468017578125, 113.77547454833984, 54.749263763427734, -73.72544860839844, 98.59197998046875, -55.49741744995117, 77.89344024658203, -79.1264419555664], [-88.23323822021484, 236.79916381835938, -33.462852478027344, -32.75876235961914, 75.60647583007812, 113.77547454833984, 229.0305633544922, -9.109139442443848, -27.958410263061523, 1.2170966863632202, 27.24435043334961, -28.957406997680664, -10.080659866333008], [318.7602844238281, -177.95480346679688, 210.1743621826172, 65.0350112915039, 96.95220184326172, 54.749263763427734, -9.109139442443848, 214.31686401367188, 48.404388427734375, 22.96438980102539, -30.17877769470215, 36.22018051147461, 0.7239617705345154], [-240.89060974121094, 163.52947998046875, 11.395098686218262, 16.50301170349121, 8.977416038513184, -73.72544860839844, -27.958410263061523, 48.404388427734375, 155.88327026367188, -1.8832827806472778, -14.640730857849121, -30.320545196533203, 21.375089645385742], [229.86839294433594, -163.95263671875, 137.3754425048828, -0.2763778269290924, 39.37190628051758, 98.59197998046875, 1.2170966863632202, 22.96438980102539, -1.8832827806472778, 121.6319351196289, 15.154692649841309, 24.985824584960938, -23.517772674560547], [-137.9346160888672, 184.71145629882812, -187.66415405273438, -28.882165908813477, 22.442399978637695, -55.49741744995117, 27.24435043334961, -30.17877769470215, -14.640730857849121, 15.154692649841309, 139.56387329101562, 4.985955238342285, 25.092063903808594], [161.25868225097656, -281.343505859375, 219.1117401123047, 83.57730102539062, 26.831876754760742, 77.89344024658203, -28.957406997680664, 36.22018051147461, -30.320545196533203, 24.985824584960938, 4.985955238342285, 136.4091339111328, -2.6967597007751465], [-133.72032165527344, 164.0733184814453, -135.76524353027344, -5.987186908721924, 28.746463775634766, -79.1264419555664, -10.080659866333008, 0.7239617705345154, 21.375089645385742, -23.517772674560547, 25.092063903808594, -2.6967597007751465, 96.60855102539062]], "lowlevel.gfcc.icov": [[0.0006560243782587349, 0.00016188652080018073, 0.0004748481442220509, -0.0004806320939678699, 1.805316423997283e-05, -0.0005761182401329279, 0.0004193157365079969, -0.0010883016511797905, 0.0010466215899214149, -0.0009453976526856422, 0.0005874510970897973, 0.0001825156359700486, 0.00023609767958987504], [0.00016188652080018073, 0.0036307380069047213, -0.0012467462802305818, 0.0021401920821517706, -0.002819962101057172, 0.003370309015735984, -0.0037558963522315025, 0.002790982136502862, -0.0026430687867105007, 0.0027766237035393715, -0.00307607208378613, 0.0040529281832277775, -0.0022020635660737753], [0.0004748481442220509, -0.0012467462802305818, 0.003117083804681897, -0.0022719944827258587, 0.0017617465928196907, -0.003793863346800208, 0.0022207677830010653, -0.0027949558570981026, 0.0008034088532440364, -0.00243955641053617, 0.0031196377240121365, -0.0031639577355235815, 0.001965233124792576], [-0.0004806320939678699, 0.0021401920821517706, -0.0022719944827258587, 0.006851940415799618, -0.0036030213814228773, 0.00297872768715024, -0.0019592775497585535, 0.003154334845021367, -0.003142615081742406, 0.004439905285835266, -0.0027246822137385607, 0.0007504553068429232, -0.0012797503732144833], [1.805316423997283e-05, -0.002819962101057172, 0.0017617465928196907, -0.0036030213814228773, 0.007633696775883436, -0.004079398233443499, 0.0016534000169485807, -0.004660123027861118, 0.0022375043481588364, -0.003820364596322179, 0.0020135296508669853, -0.002927313093096018, -0.00036822352558374405], [-0.0005761182401329279, 0.003370309015735984, -0.003793863346800208, 0.00297872768715024, -0.004079398233443499, 0.0108626838773489, -0.00719954539090395, 0.004495990928262472, -0.0011663379846140742, 0.001013338565826416, -0.0023100157268345356, 0.0033956479746848345, -0.0011428804136812687], [0.0004193157365079969, -0.0037558963522315025, 0.0022207677830010653, -0.0019592775497585535, 0.0016534000169485807, -0.00719954539090395, 0.011405343189835548, -0.0037534027360379696, 0.0036347103305161, -0.0015879330458119512, 0.0018886539619415998, -0.0023153829388320446, 0.003042191034182906], [-0.0010883016511797905, 0.002790982136502862, -0.0027949558570981026, 0.003154334845021367, -0.004660123027861118, 0.004495990928262472, -0.0037534027360379696, 0.011352037079632282, -0.0060538859106600285, 0.00415018480271101, -0.002911344403401017, 0.002094730967655778, -0.0022219703532755375], [0.0010466215899214149, -0.0026430687867105007, 0.0008034088532440364, -0.003142615081742406, 0.0022375043481588364, -0.0011663379846140742, 0.0036347103305161, -0.0060538859106600285, 0.013257178477942944, -0.005419646389782429, 0.004016899969428778, 0.0003516420256346464, 0.0003893067769240588], [-0.0009453976526856422, 0.0027766237035393715, -0.00243955641053617, 0.004439905285835266, -0.003820364596322179, 0.001013338565826416, -0.0015879330458119512, 0.00415018480271101, -0.005419646389782429, 0.01632816717028618, -0.007134739309549332, 0.0028358278796076775, -0.00030122449970804155], [0.0005874510970897973, -0.00307607208378613, 0.0031196377240121365, -0.0027246822137385607, 0.0020135296508669853, -0.0023100157268345356, 0.0018886539619415998, -0.002911344403401017, 0.004016899969428778, -0.007134739309549332, 0.014380346983671188, -0.0065810056403279305, 0.0014359737979248166], [0.0001825156359700486, 0.0040529281832277775, -0.0031639577355235815, 0.0007504553068429232, -0.002927313093096018, 0.0033956479746848345, -0.0023153829388320446, 0.002094730967655778, 0.0003516420256346464, 0.0028358278796076775, -0.0065810056403279305, 0.017389584332704544, -0.004828277043998241], [0.00023609767958987504, -0.0022020635660737753, 0.001965233124792576, -0.0012797503732144833, -0.00036822352558374405, -0.0011428804136812687, 0.003042191034182906, -0.0022219703532755375, 0.0003893067769240588, -0.00030122449970804155, 0.0014359737979248166, -0.004828277043998241, 0.01594051718711853]], "lowlevel.mfcc.cov": [[3127.103759765625, -1141.6357421875, -4.261147975921631, -69.81480407714844, 252.1737823486328, 90.85892486572266, 260.8838806152344, 18.673141479492188, -68.706787109375, 132.9621124267578, 15.461085319519043, -90.55209350585938, 10.646317481994629], [-1141.6357421875, 1601.175048828125, -738.2791748046875, 42.2315788269043, -250.6490936279297, -164.8828125, -38.00042724609375, -104.2311782836914, -23.17603302001953, 89.73751831054688, -23.27501106262207, 24.666902542114258, -41.90285873413086], [-4.261147975921631, -738.2791748046875, 1239.0440673828125, -40.14474105834961, 245.52345275878906, 246.6646728515625, 42.70878601074219, 172.31796264648438, 184.13894653320312, -53.656227111816406, 87.50106048583984, 41.5977897644043, 19.836097717285156], [-69.81480407714844, 42.2315788269043, -40.14474105834961, 267.830078125, 83.01515197753906, -71.30333709716797, -38.47941589355469, 42.60404586791992, 36.62910461425781, -43.91492462158203, -32.64164352416992, 39.148311614990234, 25.54761505126953], [252.1737823486328, -250.6490936279297, 245.52345275878906, 83.01515197753906, 344.6601257324219, 25.545961380004883, 49.40099334716797, 71.50845336914062, 99.275146484375, 28.672189712524414, 2.1575825214385986, 36.91026306152344, 36.715415954589844], [90.85892486572266, -164.8828125, 246.6646728515625, -71.30333709716797, 25.545961380004883, 337.1729431152344, 148.39227294921875, 44.218780517578125, 6.251029968261719, 29.76986312866211, 63.335777282714844, -55.794761657714844, 9.459527969360352], [260.8838806152344, -38.00042724609375, 42.70878601074219, -38.47941589355469, 49.40099334716797, 148.39227294921875, 274.70111083984375, 60.77758026123047, -15.971960067749023, 49.479000091552734, 43.60414505004883, -15.073010444641113, 2.692924976348877], [18.673141479492188, -104.2311782836914, 172.31796264648438, 42.60404586791992, 71.50845336914062, 44.218780517578125, 60.77758026123047, 154.24534606933594, 74.81566619873047, -13.518997192382812, 18.455219268798828, 13.841402053833008, 4.41850471496582], [-68.706787109375, -23.17603302001953, 184.13894653320312, 36.62910461425781, 99.275146484375, 6.251029968261719, -15.971960067749023, 74.81566619873047, 170.91795349121094, 34.84206008911133, 2.537362575531006, 14.48288345336914, -3.8479318618774414], [132.9621124267578, 89.73751831054688, -53.656227111816406, -43.91492462158203, 28.672189712524414, 29.76986312866211, 49.479000091552734, -13.518997192382812, 34.84206008911133, 146.83969116210938, 42.163726806640625, -30.85453224182129, -8.769567489624023], [15.461085319519043, -23.27501106262207, 87.50106048583984, -32.64164352416992, 2.1575825214385986, 63.335777282714844, 43.60414505004883, 18.455219268798828, 2.537362575531006, 42.163726806640625, 107.57723999023438, 11.012755393981934, -6.397091865539551], [-90.55209350585938, 24.666902542114258, 41.5977897644043, 39.148311614990234, 36.91026306152344, -55.794761657714844, -15.073010444641113, 13.841402053833008, 14.48288345336914, -30.85453224182129, 11.012755393981934, 108.93682861328125, 20.987958908081055], [10.646317481994629, -41.90285873413086, 19.836097717285156, 25.54761505126953, 36.715415954589844, 9.459527969360352, 2.692924976348877, 4.41850471496582, -3.8479318618774414, -8.769567489624023, -6.397091865539551, 20.987958908081055, 85.00140380859375]], "lowlevel.mfcc.icov": [[0.0006408372428268194, 0.0006307768053375185, 0.000314303528284654, -1.3329151443031151e-05, -0.00020022054377477616, 0.00017754377040546387, -0.0005284941871650517, 6.503565236926079e-05, 0.00018512230599299073, -0.0007374509004876018, 0.00017503925482742488, 6.806545570725575e-05, 0.00017009956354741007], [0.0006307768053375185, 0.00167431915178895, 0.0008754826267249882, -0.0002894775243476033, 0.000525490497238934, 9.406563185621053e-05, -0.0006477860151790082, 0.00033899012487381697, -0.000585690897423774, -0.0012909044744446874, 0.00023186960606835783, -0.0007427887176163495, 0.00043569091940298676], [0.000314303528284654, 0.0008754826267249882, 0.0021130822133272886, 0.0006104939966462553, -0.0006661945371888578, -0.0010317463893443346, 0.00020173736265860498, -0.00038422297802753747, -0.0016679707914590836, 0.0009433566010557115, -0.001035209628753364, -0.0006407010369002819, 0.00023388100089505315], [-1.3329151443031151e-05, -0.0002894775243476033, 0.0006104939966462553, 0.00532086007297039, -0.0015768171288073063, 0.0003750910109374672, 0.0006253168685361743, -0.001460750587284565, -0.0006234209286049008, 0.0018837478710338473, 0.00011730084952432662, -0.00030732154846191406, -0.0009364105644635856], [-0.00020022054377477616, 0.000525490497238934, -0.0006661945371888578, -0.0015768171288073063, 0.005322280805557966, 0.0002350297145312652, -0.0009725400595925748, 8.698114106664434e-05, -0.001703830435872078, -0.0019421327160671353, 0.0012247342383489013, -0.0015095100970938802, -0.0011978649999946356], [0.00017754377040546387, 9.406563185621053e-05, -0.0010317463893443346, 0.0003750910109374672, 0.0002350297145312652, 0.005994520615786314, -0.002900086808949709, 0.0005338205955922604, -0.00018390892364550382, 0.0006306673749350011, -0.0022097695618867874, 0.0036338309291750193, -0.0015591357368975878], [-0.0005284941871650517, -0.0006477860151790082, 0.00020173736265860498, 0.0006253168685361743, -0.0009725400595925748, -0.002900086808949709, 0.00702714966610074, -0.0036856515798717737, 0.0027682415675371885, -0.001770657254382968, 0.00026473545585758984, -0.0013037992175668478, 0.0005081006675027311], [6.503565236926079e-05, 0.00033899012487381697, -0.00038422297802753747, -0.001460750587284565, 8.698114106664434e-05, 0.0005338205955922604, -0.0036856515798717737, 0.012063710950314999, -0.005669767968356609, 0.0035728667862713337, -0.00232822448015213, 0.0008902986883185804, -0.00020273757399991155], [0.00018512230599299073, -0.000585690897423774, -0.0016679707914590836, -0.0006234209286049008, -0.001703830435872078, -0.00018390892364550382, 0.0027682415675371885, -0.005669767968356609, 0.012799317017197609, -0.0058159977197647095, 0.003221048042178154, -0.0012808442115783691, 0.0017661881865933537], [-0.0007374509004876018, -0.0012909044744446874, 0.0009433566010557115, 0.0018837478710338473, -0.0019421327160671353, 0.0006306673749350011, -0.001770657254382968, 0.0035728667862713337, -0.0058159977197647095, 0.014589902013540268, -0.00672839256003499, 0.004726271145045757, -0.001122648362070322], [0.00017503925482742488, 0.00023186960606835783, -0.001035209628753364, 0.00011730084952432662, 0.0012247342383489013, -0.0022097695618867874, 0.00026473545585758984, -0.00232822448015213, 0.003221048042178154, -0.00672839256003499, 0.014953630976378918, -0.004986922722309828, 0.0019366233609616756], [6.806545570725575e-05, -0.0007427887176163495, -0.0006407010369002819, -0.00030732154846191406, -0.0015095100970938802, 0.0036338309291750193, -0.0013037992175668478, 0.0008902986883185804, -0.0012808442115783691, 0.004726271145045757, -0.004986922722309828, 0.01451029721647501, -0.003418633248656988], [0.00017009956354741007, 0.00043569091940298676, 0.00023388100089505315, -0.0009364105644635856, -0.0011978649999946356, -0.0015591357368975878, 0.0005081006675027311, -0.00020273757399991155, 0.0017661881865933537, -0.001122648362070322, 0.0019366233609616756, -0.003418633248656988, 0.013824192807078362]], "metadata.audio_properties.analysis.downmix": "mix", "metadata.audio_properties.codec": "mp3", "metadata.audio_properties.md5_encoded": "3fbe3373e00291ad468bdde90bb3323a", "metadata.tags.file_name": "1182270229531865088.mp3", "metadata.version.essentia": "2.1-beta6-dev", "metadata.version.essentia_git_sha": "v2.1_beta5-1110-g77a6a954", "metadata.version.extractor": "music 2.0", "tonal.chords_key": "A", "tonal.chords_scale": "major", "tonal.key_edma.key": "D"