{"song_id": "1182273696174440458", "download": "https://cdn.discordapp.com/attachments/1128313332273782784/1182273696174440458/chirp.mp4?ex=6584192e&amp", "lyrics": "Ey\u00fcpten ba\u015fkas\u0131na basmam da basmam basmam da basmam", "style": ["synthpop synthwave"], "essentia_features": {"lowlevel.average_loudness": 0.09632214903831482, "lowlevel.barkbands_crest.mean": 15.332429885864258, "lowlevel.barkbands_crest.stdev": 4.048433780670166, "lowlevel.barkbands_flatness_db.mean": 0.41393566131591797, "lowlevel.barkbands_flatness_db.stdev": 0.10802115499973297, "lowlevel.barkbands_kurtosis.mean": 13.227545738220215, "lowlevel.barkbands_kurtosis.stdev": 17.20523452758789, "lowlevel.barkbands_skewness.mean": 2.169679880142212, "lowlevel.barkbands_skewness.stdev": 1.7873696088790894, "lowlevel.barkbands_spread.mean": 3.2230701446533203, "lowlevel.barkbands_spread.stdev": 7.015600204467773, "lowlevel.dissonance.mean": 0.33721351623535156, "lowlevel.dissonance.stdev": 0.10168448835611343, "lowlevel.dynamic_complexity": 10.782840728759766, "lowlevel.erbbands_crest.mean": 14.285457611083984, "lowlevel.erbbands_crest.stdev": 4.183006286621094, "lowlevel.erbbands_flatness_db.mean": 0.33726558089256287, "lowlevel.erbbands_flatness_db.stdev": 0.07630868256092072, "lowlevel.erbbands_kurtosis.mean": 6.310100555419922, "lowlevel.erbbands_kurtosis.stdev": 5.884994029998779, "lowlevel.erbbands_skewness.mean": 1.5658589601516724, "lowlevel.erbbands_skewness.stdev": 0.9048938155174255, "lowlevel.erbbands_spread.mean": 14.352893829345703, "lowlevel.erbbands_spread.stdev": 19.1448974609375, "lowlevel.hfc.mean": 5.15355920791626, "lowlevel.hfc.stdev": 11.104158401489258, "lowlevel.loudness_ebu128.integrated": -25.99152946472168, "lowlevel.loudness_ebu128.loudness_range": 16.924291610717773, "lowlevel.loudness_ebu128.momentary.mean": -34.11332321166992, "lowlevel.loudness_ebu128.momentary.stdev": 7.003828525543213, "lowlevel.loudness_ebu128.short_term.mean": -33.76945114135742, "lowlevel.loudness_ebu128.short_term.stdev": 6.297360420227051, "lowlevel.melbands_crest.mean": 19.316308975219727, "lowlevel.melbands_crest.stdev": 4.486316204071045, "lowlevel.melbands_flatness_db.mean": 0.531899094581604, "lowlevel.melbands_flatness_db.stdev": 0.140090212225914, "lowlevel.melbands_kurtosis.mean": 21.779970169067383, "lowlevel.melbands_kurtosis.stdev": 30.686342239379883, "lowlevel.melbands_skewness.mean": 2.698091506958008, "lowlevel.melbands_skewness.stdev": 2.139004707336426, "lowlevel.melbands_spread.mean": 3.297534227371216, "lowlevel.melbands_spread.stdev": 8.033000946044922, "lowlevel.pitch_salience.mean": 0.4778161942958832, "lowlevel.pitch_salience.stdev": 0.10525824874639511, "lowlevel.silence_rate_20dB.mean": 1.0, "lowlevel.silence_rate_20dB.stdev": 0.0, "lowlevel.silence_rate_30dB.mean": 1.0, "lowlevel.silence_rate_30dB.stdev": 0.0, "lowlevel.silence_rate_60dB.mean": 0.6713948249816895, "lowlevel.silence_rate_60dB.stdev": 0.46970701217651367, "lowlevel.spectral_centroid.mean": 289.3205871582031, "lowlevel.spectral_centroid.stdev": 257.2660827636719, "lowlevel.spectral_complexity.mean": 4.899921417236328, "lowlevel.spectral_complexity.stdev": 5.270185947418213, "lowlevel.spectral_decrease.mean": -3.3820302114406786e-09, "lowlevel.spectral_decrease.stdev": 5.677241343704509e-09, "lowlevel.spectral_energy.mean": 0.013232002034783363, "lowlevel.spectral_energy.stdev": 0.022289473563432693, "lowlevel.spectral_energyband_high.mean": 9.937644063029438e-05, "lowlevel.spectral_energyband_high.stdev": 0.00069192930823192, "lowlevel.spectral_energyband_low.mean": 0.0016938464250415564, "lowlevel.spectral_energyband_low.stdev": 0.0018248783890157938, "lowlevel.spectral_energyband_middle_high.mean": 0.001275767688639462, "lowlevel.spectral_energyband_middle_high.stdev": 0.004779989831149578, "lowlevel.spectral_energyband_middle_low.mean": 0.010486872866749763, "lowlevel.spectral_energyband_middle_low.stdev": 0.01880894973874092, "lowlevel.spectral_entropy.mean": 5.373392105102539, "lowlevel.spectral_entropy.stdev": 1.0309643745422363, "lowlevel.spectral_flux.mean": 0.02331317774951458, "lowlevel.spectral_flux.stdev": 0.02680046670138836, "lowlevel.spectral_kurtosis.mean": 82.64521789550781, "lowlevel.spectral_kurtosis.stdev": 70.1965560913086, "lowlevel.spectral_rms.mean": 0.00255982275120914, "lowlevel.spectral_rms.stdev": 0.002521225018426776, "lowlevel.spectral_rolloff.mean": 378.248779296875, "lowlevel.spectral_rolloff.stdev": 1029.3489990234375, "lowlevel.spectral_skewness.mean": 6.442911624908447, "lowlevel.spectral_skewness.stdev": 3.817417621612549, "lowlevel.spectral_spread.mean": 1825238.875, "lowlevel.spectral_spread.stdev": 1677048.25, "lowlevel.spectral_strongpeak.mean": 0.4172273278236389, "lowlevel.spectral_strongpeak.stdev": 0.6487306952476501, "lowlevel.zerocrossingrate.mean": 0.016064800322055817, "lowlevel.zerocrossingrate.stdev": 0.04330039396882057, "metadata.audio_properties.analysis.equal_loudness": 0.0, "metadata.audio_properties.analysis.length": 29.43895721435547, "metadata.audio_properties.analysis.sample_rate": 44100.0, "metadata.audio_properties.analysis.start_time": 0.0, "metadata.audio_properties.bit_rate": 94847.0, "metadata.audio_properties.length": 29.440000534057617, "metadata.audio_properties.lossless": 0.0, "metadata.audio_properties.number_channels": 1.0, "metadata.audio_properties.replay_gain": -2.739450454711914, "metadata.audio_properties.sample_rate": 48000.0, "rhythm.beats_count": 62.0, "rhythm.beats_loudness.mean": 0.01650223694741726, "rhythm.beats_loudness.stdev": 0.02669498510658741, "rhythm.bpm": 129.3458709716797, "rhythm.bpm_histogram_first_peak_bpm": 129.0, "rhythm.bpm_histogram_first_peak_weight": 0.3333333134651184, "rhythm.bpm_histogram_second_peak_bpm": 117.0, "rhythm.bpm_histogram_second_peak_spread": 0.3333333134651184, "rhythm.bpm_histogram_second_peak_weight": 0.032786883413791656, "rhythm.danceability": 0.745073139667511, "rhythm.onset_rate": 2.580249786376953, "tonal.chords_changes_rate": 0.03464566916227341, "tonal.chords_number_rate": 0.007874015718698502, "tonal.chords_strength.mean": 0.5302837491035461, "tonal.chords_strength.stdev": 0.10818663239479065, "tonal.hpcp_crest.mean": 17.541574478149414, "tonal.hpcp_crest.stdev": 8.724763870239258, "tonal.hpcp_entropy.mean": 1.5186567306518555, "tonal.hpcp_entropy.stdev": 0.8076187968254089, "tonal.key_edma.strength": 0.44484299421310425, "tonal.key_krumhansl.strength": 0.4540868103504181, "tonal.key_temperley.strength": 0.4658636748790741, "tonal.tuning_diatonic_strength": 0.486632764339447, "tonal.tuning_equal_tempered_deviation": 0.059399545192718506, "tonal.tuning_frequency": 437.9714660644531, "tonal.tuning_nontempered_energy_ratio": 0.651634931564331, "lowlevel.barkbands.mean": [1.4340538427859428e-06, 0.00014547388127539307, 0.0012440670980140567, 0.000528432778082788, 0.008062907494604588, 0.0013726081233471632, 0.00021932566596660763, 7.813538104528561e-05, 0.00019525659445207566, 0.0005378479836508632, 0.00021584556088782847, 5.7780056522460654e-05, 0.000255618360824883, 7.440418266924098e-05, 2.3673466785112396e-05, 3.054272019653581e-05, 4.414636714500375e-05, 2.654738818819169e-05, 1.4031607861397788e-05, 1.4074886166781653e-05, 9.207817129208706e-06, 9.570583642926067e-06, 1.860239717643708e-05, 3.088597804890014e-05, 1.9259565306128934e-05, 2.327675247215666e-06, 2.8187470135776493e-09], "lowlevel.barkbands.stdev": [3.898644081345992e-06, 0.00018872554937843233, 0.0014894814230501652, 0.0012660145293921232, 0.01513997558504343, 0.0029781274497509003, 0.0005517046083696187, 0.00045862593105994165, 0.0008847628487274051, 0.0022905629593878984, 0.0015408039325848222, 0.0002730452979449183, 0.0011501820990815759, 0.00022413958504330367, 0.0001500432554166764, 9.399696136824787e-05, 0.00010138474317500368, 7.10236417944543e-05, 3.742246553883888e-05, 6.732012116117403e-05, 7.365541387116536e-05, 8.530930062988773e-05, 0.000212255006772466, 0.00022535219613928348, 0.00013693633081857115, 1.6614530977676623e-05, 3.234278622699094e-08], "lowlevel.erbbands.mean": [0.0012743031838908792, 0.06470189243555069, 1.0547537803649902, 2.1432950496673584, 13.81832504272461, 33.27824401855469, 10.220232963562012, 13.567560195922852, 5.763181686401367, 1.6522631645202637, 2.582710027694702, 3.769162178039551, 9.221447944641113, 22.18987274169922, 3.959059000015259, 2.6981539726257324, 10.650851249694824, 6.272314071655273, 2.206132411956787, 1.193472981452942, 1.9920414686203003, 2.6314401626586914, 1.5159233808517456, 1.2266240119934082, 0.4044390022754669, 0.6561382412910461, 0.5328660607337952, 0.3207456171512604, 0.32777881622314453, 0.4570121467113495, 0.52222740650177, 0.44983184337615967, 0.6422247290611267, 0.3124573230743408, 0.08463311195373535, 0.019303638488054276, 0.002348022535443306, 0.00015034980606287718, 1.1193180398549885e-05, 1.5423409422510304e-05], "lowlevel.erbbands.stdev": [0.0013608756707981229, 0.07506765425205231, 1.2445013523101807, 2.8144290447235107, 26.805513381958008, 61.870059967041016, 18.531652450561523, 30.642681121826172, 13.848928451538086, 5.149293899536133, 16.402019500732422, 17.01481819152832, 38.16463088989258, 126.09862518310547, 19.550922393798828, 12.696803092956543, 46.36136245727539, 24.428668975830078, 8.126876831054688, 7.531506538391113, 5.099472999572754, 6.0508904457092285, 4.008666515350342, 2.9865872859954834, 1.5535131692886353, 3.2934634685516357, 2.7817447185516357, 3.4017858505249023, 2.694220542907715, 4.6558308601379395, 5.8700175285339355, 3.8657283782958984, 4.6143107414245605, 2.2550876140594482, 0.6135014295578003, 0.13809262216091156, 0.016798637807369232, 0.0013963979436084628, 4.039569103042595e-05, 2.63607162196422e-05], "lowlevel.gfcc.mean": [-313.812255859375, 207.98916625976562, -52.06984329223633, 24.158418655395508, -29.19740867614746, -34.447025299072266, -29.203121185302734, -17.720298767089844, -22.596580505371094, -20.093250274658203, -16.781648635864258, -11.483226776123047, -0.7403408885002136], "lowlevel.melbands.mean": [2.327086440345738e-05, 0.0003921759780496359, 0.0005930430488660932, 0.002000262727960944, 0.0005421014502644539, 0.00028543113148771226, 8.011312456801534e-05, 1.465444529458182e-05, 2.413245601928793e-05, 2.4324579499079846e-05, 4.710724169854075e-05, 9.364258585264906e-05, 1.8119184460374527e-05, 6.059181032469496e-06, 1.2637279724003747e-05, 2.6817007892532274e-05, 9.42770202527754e-06, 3.8846678762638476e-06, 1.645784436732356e-06, 1.5758150766487233e-06, 2.50324319495121e-06, 2.8519284569483716e-06, 1.899708649943932e-06, 1.0559792826825287e-06, 1.0438883464303217e-06, 2.8642227789532626e-07, 2.8615349378924293e-07, 4.84065935779654e-07, 3.958643901569303e-07, 2.173494522139663e-07, 1.71063717857578e-07, 1.7981871280881023e-07, 1.863650993527699e-07, 2.966064016618475e-07, 3.3111680863839865e-07, 2.3302622764731495e-07, 2.927924356299627e-07, 4.651619462947565e-07, 3.7927273410787166e-07, 2.3018795047846652e-07], "lowlevel.melbands.stdev": [2.9100856409058906e-05, 0.0004442784411367029, 0.0008561598369851708, 0.0038681323640048504, 0.0009459425345994532, 0.0006365132867358625, 0.0001976392522919923, 4.627041926141828e-05, 0.0001592106418684125, 0.00011316960444673896, 0.00020456817583180964, 0.0005028179148212075, 0.00010724046296672896, 2.6598012482281774e-05, 6.67880303808488e-05, 0.00011845461995108053, 3.560214827302843e-05, 1.486549990659114e-05, 1.2901142326882109e-05, 7.919198651507031e-06, 6.2589529079559725e-06, 6.680795195279643e-06, 5.027817678637803e-06, 2.8184131224406883e-06, 2.583413788670441e-06, 8.653411782688636e-07, 1.819229282773449e-06, 2.230238578704302e-06, 1.792720013327198e-06, 1.7384414832122275e-06, 2.053739535767818e-06, 1.4490556168311741e-06, 1.663707848820195e-06, 3.256858008171548e-06, 3.873452897096286e-06, 2.5080721570702735e-06, 2.4114997358992696e-06, 3.3214914765267167e-06, 2.791672386592836e-06, 1.648557713451737e-06], "lowlevel.melbands128.mean": [7.200841309895623e-07, 1.4700628980790498e-06, 1.5623310900991783e-05, 9.501617023488507e-05, 0.0004205707518849522, 0.0006525396602228284, 0.00040695746429264545, 0.00024145953648258, 0.0011062356643378735, 0.003103877417743206, 0.001865484518930316, 0.000687115709297359, 0.0001823517377488315, 0.0003092926344834268, 0.0003385238815099001, 0.000288375245872885, 0.00010064755042549223, 5.952974606771022e-05, 2.1072473828098737e-05, 1.4979113075241912e-05, 1.1421603630878963e-05, 1.322866137343226e-05, 2.9335225917748176e-05, 3.1449017114937305e-05, 1.800475911295507e-05, 2.5526946046738885e-05, 2.9667340641026385e-05, 3.109514364041388e-05, 8.806150435702875e-05, 8.306271047331393e-05, 0.00013694637164007872, 3.030384505109396e-05, 7.0135270107130054e-06, 5.0207404456159566e-06, 9.268983376387041e-06, 4.5642386794497725e-06, 4.071530383953359e-06, 9.73926125880098e-06, 1.8195099983131513e-05, 3.011088483617641e-05, 3.1428815418621525e-05, 1.9245770090492442e-05, 8.129849447868764e-06, 4.6918398766138125e-06, 6.285625204327516e-06, 3.6098181226407178e-06, 1.4348074728331994e-06, 1.8929414409285528e-06, 1.5309607306335238e-06, 1.3284324040796491e-06, 1.528045572740666e-06, 1.8633771787790465e-06, 2.3111367681849515e-06, 3.093673740295344e-06, 2.3529880763817346e-06, 3.1743832096253755e-06, 3.037305759789888e-06, 1.8402521391180926e-06, 1.8175367131334497e-06, 1.1609650982791209e-06, 8.536342193110613e-07, 1.0366046581111732e-06, 1.4506198340313858e-06, 1.0495689366507577e-06, 3.9324669387497124e-07, 2.4078022420326306e-07, 2.2291719403710886e-07, 2.194545345446386e-07, 2.753085368567554e-07, 4.212980115880782e-07, 4.3611882460936613e-07, 5.675425427398295e-07, 5.606780746347795e-07, 3.397325372134219e-07, 2.3077924993231136e-07, 2.5716084905980097e-07, 1.661344981584989e-07, 1.979331756274405e-07, 1.5165446143328154e-07, 1.87492190661942e-07, 1.6065044405877416e-07, 1.8435159176988236e-07, 2.0066563877207955e-07, 1.696784153182307e-07, 1.8388296041393914e-07, 2.5309810780527187e-07, 3.0145884011290036e-07, 4.60519061107334e-07, 3.325008322008216e-07, 2.491402710802504e-07, 2.66699601070286e-07, 2.0670297828928597e-07, 1.9784242510922923e-07, 2.941148977697594e-07, 3.3392683462807327e-07, 4.0945698742689274e-07, 5.164810090718674e-07, 5.556080395763274e-07, 3.488341633328673e-07, 3.189447852491867e-07, 2.82434541531984e-07, 2.0786031029729202e-07, 1.798209297021458e-07, 1.5070976644437906e-07, 7.0146604969068e-08, 4.6821824639664555e-08, 5.4274359229111724e-08, 4.617900728476343e-08, 3.168966955513497e-08, 2.046802904942524e-08, 8.739420742642778e-09, 7.298333937200141e-09, 6.474040414872206e-09, 3.970606954339928e-09, 1.486153533569734e-09, 1.4449592633525299e-09, 1.1957793089045765e-10, 1.4173316166543604e-11, 3.084474949760496e-12, 2.978069180148424e-12, 2.8928584788062706e-12, 2.8467217732391914e-12, 2.846712882781377e-12, 2.7720230624805886e-12, 2.5042331489727454e-12, 2.0392205719171885e-12, 1.7956622517037446e-12, 1.7533411788422937e-12], "lowlevel.melbands128.stdev": [1.9054771200899268e-06, 2.745802703429945e-06, 2.3250218873727135e-05, 0.00012703509128186852, 0.0005325678503140807, 0.0007901474600657821, 0.0005399012006819248, 0.0006891816155984998, 0.0021792040206491947, 0.0065881418995559216, 0.0034466974902898073, 0.0013301374856382608, 0.00041529530426487327, 0.0008707437664270401, 0.000764238357078284, 0.0009295284980908036, 0.00028355573886074126, 0.00014667428331449628, 7.703986921114847e-05, 6.943701737327501e-05, 3.467575879767537e-05, 5.3380710596684366e-05, 0.0002677984593901783, 0.0002058373938780278, 0.00010356261918786913, 0.00015618940233252943, 0.00016845422214828432, 0.0001663291041040793, 0.0004676690441556275, 0.0004243623116053641, 0.0010004662908613682, 0.00021575199207291007, 4.096894554095343e-05, 2.6492141842027195e-05, 4.7110232117120177e-05, 1.950714249687735e-05, 2.7597796361078508e-05, 6.0389447753550485e-05, 0.00012227932165842503, 0.00014779480989091098, 0.00016830136883072555, 0.00011219437146792188, 3.4229480661451817e-05, 1.3759386092715431e-05, 2.2040569092496298e-05, 2.2337813788908534e-05, 7.6247065408097114e-06, 2.032047814282123e-05, 1.1603477105381899e-05, 1.0199540156463627e-05, 8.86410543898819e-06, 6.8037079472560436e-06, 6.865543127787532e-06, 8.930272997531574e-06, 6.812529136368539e-06, 8.513332431903109e-06, 7.964277756400406e-06, 5.457399765873561e-06, 5.923685876041418e-06, 3.8644811866106465e-06, 2.6532961783232167e-06, 2.929867832790478e-06, 3.967380052927183e-06, 2.7953199150942964e-06, 1.1399564527891926e-06, 7.95968446709594e-07, 7.828921297914349e-07, 1.2409102509991499e-06, 1.9145902570016915e-06, 3.215856622773572e-06, 2.217580458818702e-06, 2.007264811254572e-06, 2.314238145117997e-06, 1.8417418914395967e-06, 1.5494216540901107e-06, 1.990159034903627e-06, 1.1530360097822268e-06, 2.9687018923141295e-06, 1.740441121000913e-06, 2.3872328256402398e-06, 1.1907546877409914e-06, 1.427778215656872e-06, 1.919193664434715e-06, 1.4728118458151584e-06, 1.8672902797334245e-06, 2.7149055767949903e-06, 3.2712569009163417e-06, 6.1834648477088194e-06, 3.95182996726362e-06, 2.823378736138693e-06, 3.0167491331667406e-06, 2.482223862898536e-06, 2.061747409243253e-06, 2.858524794646655e-06, 2.869933041438344e-06, 2.9348932457651244e-06, 3.84172153644613e-06, 4.2382894207548816e-06, 2.6330087621317944e-06, 2.563452198955929e-06, 2.164903435186716e-06, 1.5092165313035366e-06, 1.3478735354510718e-06, 1.2788509593519848e-06, 5.610389735011267e-07, 3.4356023093096155e-07, 4.3751984435402846e-07, 3.4107850410691753e-07, 2.3782284586104652e-07, 1.6687749848642852e-07, 7.144142699644362e-08, 6.228998472579406e-08, 5.4164409846180206e-08, 3.7130622132508506e-08, 1.4024514882748917e-08, 3.125514069779456e-08, 1.6344117170774553e-09, 3.045959040548496e-10, 5.993853417068928e-12, 5.811685768047914e-12, 5.680090512522051e-12, 5.552271316322521e-12, 5.438506849725355e-12, 5.336781364051468e-12, 5.262064221855933e-12, 5.1916583011790696e-12, 5.1458815507332556e-12, 5.117123304948512e-12], "lowlevel.mfcc.mean": [-952.1524658203125, 208.8147430419922, 57.081214904785156, 50.51426315307617, 17.80005645751953, -3.5744123458862305, -4.370330333709717, -4.07800817489624, -1.8289045095443726, -14.399822235107422, -13.333317756652832, -7.786051273345947, -8.557022094726562], "lowlevel.spectral_contrast_coeffs.mean": [-0.6279266476631165, -0.7416678667068481, -0.8167582154273987, -0.8553759455680847, -0.8577026724815369, -0.8113602995872498], "lowlevel.spectral_contrast_coeffs.stdev": [0.0952177569270134, 0.06282877922058105, 0.058891572058200836, 0.0504826158285141, 0.03981218487024307, 0.07708261162042618], "lowlevel.spectral_contrast_valleys.mean": [-7.868734836578369, -8.912450790405273, -10.200902938842773, -10.875768661499023, -11.07375717163086, -14.669320106506348], "lowlevel.spectral_contrast_valleys.stdev": [1.079941987991333, 1.336588978767395, 1.6738985776901245, 1.9916625022888184, 2.0711166858673096, 1.7293140888214111], "rhythm.beats_loudness_band_ratio.mean": [0.5653406977653503, 0.4037449061870575, 0.03180389478802681, 0.04639449343085289, 0.004043830558657646, 0.0006582714850082994], "rhythm.beats_loudness_band_ratio.stdev": [0.24706318974494934, 0.21736399829387665, 0.028586149215698242, 0.11615467816591263, 0.007810414768755436, 0.0011273423442617059], "tonal.hpcp.mean": [0.3133947253227234, 0.16666287183761597, 0.03238983079791069, 0.029301438480615616, 0.038834959268569946, 0.18603168427944183, 0.45707565546035767, 0.31808415055274963, 0.032908082008361816, 0.013864862732589245, 0.007334906142205, 0.07107096165418625, 0.2400810867547989, 0.18254773318767548, 0.011072025634348392, 0.00379797350615263, 0.002877234946936369, 0.004442230332642794, 0.007529496215283871, 0.009453613311052322, 0.029516853392124176, 0.07412877678871155, 0.06541261821985245, 0.025428589433431625, 0.019863750785589218, 0.01634298823773861, 0.028697801753878593, 0.05371931195259094, 0.035949718207120895, 0.01044417917728424, 0.01360516157001257, 0.013102199882268906, 0.05853019654750824, 0.11570804566144943, 0.07942327857017517, 0.1803656667470932], "tonal.hpcp.stdev": [0.4251679480075836, 0.24991005659103394, 0.12956270575523376, 0.1323319971561432, 0.1597127467393875, 0.246308371424675, 0.469352126121521, 0.347535640001297, 0.13931508362293243, 0.09603597968816757, 0.06031085178256035, 0.15205593407154083, 0.4069259762763977, 0.323126882314682, 0.054369375109672546, 0.028672896325588226, 0.021144943311810493, 0.023047689348459244, 0.0324072502553463, 0.040664855390787125, 0.05953609198331833, 0.1432388722896576, 0.1350284367799759, 0.0882202610373497, 0.08270254731178284, 0.07294507324695587, 0.08196870982646942, 0.1272226721048355, 0.08637985587120056, 0.0461568720638752, 0.06579266488552094, 0.07651683688163757, 0.13680508732795715, 0.24951443076133728, 0.1624174416065216, 0.26413992047309875], "rhythm.beats_position": [0.4876190423965454, 0.9984580278396606, 1.5092970132827759, 2.0317459106445312, 2.519365072250366, 2.9953742027282715, 3.459773063659668, 3.9241721630096436, 4.388571262359619, 4.852970600128174, 5.31736946105957, 5.770158767700195, 6.234557628631592, 6.6989569664001465, 7.163355827331543, 7.627755165100098, 8.080544471740723, 8.544942855834961, 8.997732162475586, 9.450521469116211, 9.903310775756836, 10.356099128723145, 10.8204984664917, 11.284897804260254, 11.749297142028809, 12.213695526123047, 12.678094863891602, 13.130884170532227, 13.583673477172852, 14.04807186126709, 14.512471199035645, 14.9768705368042, 15.429659843444824, 15.894058227539062, 16.358457565307617, 16.822856903076172, 17.287256240844727, 17.75165557861328, 18.204444885253906, 18.668842315673828, 19.133241653442383, 19.597640991210938, 20.062040328979492, 20.538049697875977, 20.967618942260742, 21.408798217773438, 21.838367462158203, 22.314376831054688, 22.77877426147461, 23.243173599243164, 23.70757293701172, 24.171972274780273, 24.636371612548828, 25.112380981445312, 25.576780319213867, 26.05278778076172, 26.517187118530273, 26.993196487426758, 27.457595825195312, 27.921995162963867, 28.39800453186035, 28.874013900756836], "rhythm.bpm_histogram": [0.0, 0.0, 0.0, 0.0, 0.0, 0.0, 0.0, 0.0, 0.0, 0.0, 0.0, 0.0, 0.0, 0.0, 0.0, 0.0, 0.0, 0.0, 0.0, 0.0, 0.0, 0.0, 0.0, 0.0, 0.0, 0.0, 0.0, 0.0, 0.0, 0.0, 0.0, 0.0, 0.0, 0.0, 0.0, 0.0, 0.0, 0.0, 0.0, 0.0, 0.0, 0.0, 0.0, 0.0, 0.0, 0.0, 0.0, 0.0, 0.0, 0.0, 0.0, 0.0, 0.0, 0.0, 0.0, 0.0, 0.0, 0.0, 0.0, 0.0, 0.0, 0.0, 0.0, 0.0, 0.0, 0.0, 0.0, 0.0, 0.0, 0.0, 0.0, 0.0, 0.0, 0.0, 0.0, 0.0, 0.0, 0.0, 0.0, 0.0, 0.0, 0.0, 0.0, 0.0, 0.0, 0.0, 0.0, 0.0, 0.0, 0.0, 0.0, 0.0, 0.0, 0.0, 0.0, 0.0, 0.0, 0.0, 0.0, 0.0, 0.0, 0.0, 0.0, 0.0, 0.0, 0.0, 0.0, 0.0, 0.0, 0.0, 0.0, 0.0, 0.0, 0.0, 0.0, 0.016393441706895828, 0.0, 0.032786883413791656, 0.0, 0.0, 0.0, 0.0, 0.0, 0.016393441706895828, 0.0, 0.0, 0.13114753365516663, 0.0, 0.0, 0.5901639461517334, 0.0, 0.0, 0.0, 0.16393442451953888, 0.0, 0.0, 0.016393441706895828, 0.0, 0.0, 0.0, 0.032786883413791656, 0.0, 0.0, 0.0, 0.0, 0.0, 0.0, 0.0, 0.0, 0.0, 0.0, 0.0, 0.0, 0.0, 0.0, 0.0, 0.0, 0.0, 0.0, 0.0, 0.0, 0.0, 0.0, 0.0, 0.0, 0.0, 0.0, 0.0, 0.0, 0.0, 0.0, 0.0, 0.0, 0.0, 0.0, 0.0, 0.0, 0.0, 0.0, 0.0, 0.0, 0.0, 0.0, 0.0, 0.0, 0.0, 0.0, 0.0, 0.0, 0.0, 0.0, 0.0, 0.0, 0.0, 0.0, 0.0, 0.0, 0.0, 0.0, 0.0, 0.0, 0.0, 0.0, 0.0, 0.0, 0.0, 0.0, 0.0, 0.0, 0.0, 0.0, 0.0, 0.0, 0.0, 0.0, 0.0, 0.0, 0.0, 0.0, 0.0, 0.0, 0.0, 0.0, 0.0, 0.0, 0.0, 0.0, 0.0, 0.0, 0.0, 0.0, 0.0, 0.0, 0.0, 0.0, 0.0, 0.0, 0.0, 0.0, 0.0, 0.0, 0.0, 0.0, 0.0, 0.0, 0.0, 0.0, 0.0, 0.0, 0.0], "tonal.chords_histogram": [11.811023712158203, 0.9448819160461426, 35.90550994873047, 0.0, 0.0, 0.0, 0.0, 0.0, 0.0, 0.0, 0.0, 0.0, 0.0, 0.0, 0.0, 0.0, 0.0, 0.0, 0.0, 0.0, 0.0, 15.118110656738281, 31.811023712158203, 4.409448623657227], "tonal.thpcp": [1.0, 0.6959114074707031, 0.0719970166683197, 0.03033384680747986, 0.016047466546297073, 0.15549059212207794, 0.5252546072006226, 0.3993818759918213, 0.02422361634671688, 0.008309288881719112, 0.006294876802712679, 0.00971880741417408, 0.01647319458425045, 0.020682819187641144, 0.0645776093006134, 0.16218054294586182, 0.14311113953590393, 0.055633217096328735, 0.04345834255218506, 0.03575554117560387, 0.06278567016124725, 0.1175282746553421, 0.07865156978368759, 0.022850001230835915, 0.029765667393803596, 0.028665276244282722, 0.12805363535881042, 0.25314855575561523, 0.1737639605998993, 0.39460790157318115, 0.6856517791748047, 0.3646286427974701, 0.07086317241191864, 0.06410632282495499, 0.08496396243572235, 0.40700414776802063], "lowlevel.gfcc.cov": [[25670.765625, -3390.544677734375, -7582.98486328125, 749.6251831054688, -1461.8829345703125, 478.4676513671875, -1455.4727783203125, -842.853515625, -1398.3792724609375, 49.22653579711914, 146.2240753173828, -302.03143310546875, 318.61456298828125], [-3390.544677734375, 1833.5205078125, 1049.5692138671875, -200.46731567382812, 477.78460693359375, -494.0616149902344, 533.8802490234375, 4.337855815887451, 324.4399719238281, -91.4286880493164, -18.143386840820312, -42.48454284667969, 25.448518753051758], [-7582.98486328125, 1049.5692138671875, 3536.41796875, -458.95184326171875, 145.1517791748047, 107.76630401611328, 155.37881469726562, 422.7867736816406, 331.2237548828125, -101.87734985351562, -20.055500030517578, 82.45375061035156, -106.41009521484375], [749.6251831054688, -200.46731567382812, -458.95184326171875, 344.1549072265625, 108.72251892089844, -75.78009033203125, 5.571549892425537, -108.42463684082031, 40.07774353027344, 58.37883758544922, -17.101930618286133, 12.673129081726074, -22.051658630371094], [-1461.8829345703125, 477.78460693359375, 145.1517791748047, 108.72251892089844, 390.9051208496094, -185.89796447753906, 201.19252014160156, -31.358043670654297, 152.09425354003906, 5.591315746307373, -22.659759521484375, -2.8233842849731445, -10.502547264099121], [478.4676513671875, -494.0616149902344, 107.76630401611328, -75.78009033203125, -185.89796447753906, 341.9310607910156, -168.05625915527344, 93.75871276855469, -122.43217468261719, -9.177375793457031, 23.77445411682129, 9.345746040344238, 9.634089469909668], [-1455.4727783203125, 533.8802490234375, 155.37881469726562, 5.571549892425537, 201.19252014160156, -168.05625915527344, 331.3238830566406, -21.37828254699707, 127.940185546875, -3.955136299133301, -27.237844467163086, 8.961023330688477, 10.913619995117188], [-842.853515625, 4.337855815887451, 422.7867736816406, -108.42463684082031, -31.358043670654297, 93.75871276855469, -21.37828254699707, 156.25128173828125, 24.557741165161133, -4.323814868927002, 4.1529154777526855, 6.012117862701416, -9.5751953125], [-1398.3792724609375, 324.4399719238281, 331.2237548828125, 40.07774353027344, 152.09425354003906, -122.43217468261719, 127.940185546875, 24.557741165161133, 170.48606872558594, 24.44375991821289, -19.755523681640625, 12.236486434936523, -33.2548828125], [49.22653579711914, -91.4286880493164, -101.87734985351562, 58.37883758544922, 5.591315746307373, -9.177375793457031, -3.955136299133301, -4.323814868927002, 24.44375991821289, 70.78299713134766, 5.883708953857422, 11.152223587036133, -15.435845375061035], [146.2240753173828, -18.143386840820312, -20.055500030517578, -17.101930618286133, -22.659759521484375, 23.77445411682129, -27.237844467163086, 4.1529154777526855, -19.755523681640625, 5.883708953857422, 41.789981842041016, -0.7883999943733215, 2.007664680480957], [-302.03143310546875, -42.48454284667969, 82.45375061035156, 12.673129081726074, -2.8233842849731445, 9.345746040344238, 8.961023330688477, 6.012117862701416, 12.236486434936523, 11.152223587036133, -0.7883999943733215, 49.226043701171875, -5.671876907348633], [318.61456298828125, 25.448518753051758, -106.41009521484375, -22.051658630371094, -10.502547264099121, 9.634089469909668, 10.913619995117188, -9.5751953125, -33.2548828125, -15.435845375061035, 2.007664680480957, -5.671876907348633, 55.26047897338867]], "lowlevel.gfcc.icov": [[0.00045276954188011587, -0.0010665793670341372, 0.0009103569900617003, -0.0011186933843418956, 0.0012292810715734959, -0.0007173127378337085, 0.0016499895136803389, -0.00013766001211479306, 0.0015269411960616708, -0.0001871479325927794, 0.0008453121408820152, 0.0002265514776809141, 5.5358024837914854e-05], [-0.0010665793670341372, 0.0067301299422979355, -0.003086814656853676, 0.004841790068894625, -0.004275660961866379, 0.005509186070412397, -0.006731004454195499, 0.0015625912928953767, -0.006136956159025431, 0.003128912067040801, -0.005957735702395439, 0.003260703757405281, -0.003402672940865159], [0.0009103569900617003, -0.003086814656853676, 0.0027838614769279957, -0.0019969940185546875, 0.0026122713461518288, -0.002720465650781989, 0.004100835882127285, -0.0014050396857783198, 0.0019148518331348896, 0.00033852161141112447, 0.002520181005820632, -0.0014570242492482066, 0.0016596275381743908], [-0.0011186933843418956, 0.004841790068894625, -0.0019969940185546875, 0.010160713456571102, -0.00559920072555542, 0.0025474694557487965, -0.004114799667149782, 0.004331757314503193, -0.007787675131112337, -0.0005483796703629196, -0.001979924039915204, -0.0005516223609447479, -0.00033992447424679995], [0.0012292810715734959, -0.004275660961866379, 0.0026122713461518288, -0.00559920072555542, 0.009192954748868942, -0.0023157699033617973, 0.0036372083704918623, -0.0009144617943093181, 0.0023058701772242785, 4.771603926201351e-05, 0.0026510003954172134, 0.0008325115195475519, 0.0003414531238377094], [-0.0007173127378337085, 0.005509186070412397, -0.002720465650781989, 0.0025474694557487965, -0.0023157699033617973, 0.011368806473910809, -0.00438764039427042, -0.002947984728962183, 0.0005293008289299905, 0.0020409070421010256, -0.005487103946506977, 0.0020494540221989155, -0.0033913932275027037], [0.0016499895136803389, -0.006731004454195499, 0.004100835882127285, -0.004114799667149782, 0.0036372083704918623, -0.00438764039427042, 0.01402956247329712, -0.0003237942873965949, 0.0037611706648021936, -0.002112651476636529, 0.007267578039318323, -0.003361369017511606, -0.00046537176240235567], [-0.00013766001211479306, 0.0015625912928953767, -0.0014050396857783198, 0.004331757314503193, -0.0009144617943093181, -0.002947984728962183, -0.0003237942873965949, 0.014682477340102196, -0.00590909831225872, -0.0015173614956438541, -0.0006888520438224077, 0.002121853409335017, -0.0016917164903134108], [0.0015269411960616708, -0.006136956159025431, 0.0019148518331348896, -0.007787675131112337, 0.0023058701772242785, 0.0005293008289299905, 0.0037611706648021936, -0.00590909831225872, 0.028201758861541748, -0.00869472324848175, 0.007895639166235924, -0.001132030738517642, 0.00732081662863493], [-0.0001871479325927794, 0.003128912067040801, 0.00033852161141112447, -0.0005483796703629196, 4.771603926201351e-05, 0.0020409070421010256, -0.002112651476636529, -0.0015173614956438541, -0.00869472324848175, 0.02352697215974331, -0.007930684834718704, -0.001832424895837903, 0.0013181823305785656], [0.0008453121408820152, -0.005957735702395439, 0.002520181005820632, -0.001979924039915204, 0.0026510003954172134, -0.005487103946506977, 0.007267578039318323, -0.0006888520438224077, 0.007895639166235924, -0.007930684834718704, 0.0328025259077549, -0.0030215636361390352, 0.002872762270271778], [0.0002265514776809141, 0.003260703757405281, -0.0014570242492482066, -0.0005516223609447479, 0.0008325115195475519, 0.0020494540221989155, -0.003361369017511606, 0.002121853409335017, -0.001132030738517642, -0.001832424895837903, -0.0030215636361390352, 0.027383487671613693, -0.0032738903537392616], [5.5358024837914854e-05, -0.003402672940865159, 0.0016596275381743908, -0.00033992447424679995, 0.0003414531238377094, -0.0033913932275027037, -0.00046537176240235567, -0.0016917164903134108, 0.00732081662863493, 0.0013181823305785656, 0.002872762270271778, -0.0032738903537392616, 0.0271923691034317]], "lowlevel.mfcc.cov": [[24620.314453125, -1602.82958984375, -7404.548828125, -516.560302734375, -989.1049194335938, -43.63610076904297, 199.9689178466797, -1362.4193115234375, -855.971923828125, -1049.9405517578125, -48.00325393676758, -387.6773986816406, -914.640869140625], [-1602.82958984375, 1306.105712890625, 324.95147705078125, 217.53773498535156, -34.434112548828125, -64.37789154052734, 2.480435848236084, 110.55745697021484, 133.62046813964844, 69.7381820678711, -8.25523567199707, -3.890228033065796, 70.89250183105469], [-7404.548828125, 324.95147705078125, 3404.449462890625, -155.8192901611328, 349.9977722167969, -55.936561584472656, -103.96063995361328, 491.3682861328125, 184.6719970703125, 321.80596923828125, -33.52255630493164, 75.69343566894531, 236.47491455078125], [-516.560302734375, 217.53773498535156, -155.8192901611328, 409.4190979003906, 36.15471267700195, 63.093570709228516, -54.85331726074219, -36.60871124267578, 32.400394439697266, 26.636959075927734, 20.36812973022461, 13.838854789733887, 34.615196228027344], [-989.1049194335938, -34.434112548828125, 349.9977722167969, 36.15471267700195, 223.05116271972656, 31.4421329498291, -25.056989669799805, 64.26752471923828, 35.98535919189453, 64.54328918457031, 12.59251880645752, 56.21432113647461, 47.635921478271484], [-43.63610076904297, -64.37789154052734, -55.936561584472656, 63.093570709228516, 31.4421329498291, 105.04459381103516, 22.91825294494629, -9.162306785583496, -1.0698589086532593, -12.15468692779541, 10.162734031677246, -6.97401237487793, -0.38405874371528625], [199.9689178466797, 2.480435848236084, -103.96063995361328, -54.85331726074219, -25.056989669799805, 22.91825294494629, 110.26702880859375, 14.800858497619629, 12.48936653137207, -16.433353424072266, -6.57427978515625, -9.69745922088623, -9.217700958251953], [-1362.4193115234375, 110.55745697021484, 491.3682861328125, -36.60871124267578, 64.26752471923828, -9.162306785583496, 14.800858497619629, 143.67068481445312, 65.8803939819336, 57.91737747192383, -8.721607208251953, 19.21027374267578, 53.650840759277344], [-855.971923828125, 133.62046813964844, 184.6719970703125, 32.400394439697266, 35.98535919189453, -1.0698589086532593, 12.48936653137207, 65.8803939819336, 97.88106536865234, 57.299285888671875, -1.4392033815383911, 18.872562408447266, 45.11602020263672], [-1049.9405517578125, 69.7381820678711, 321.80596923828125, 26.636959075927734, 64.54328918457031, -12.15468692779541, -16.433353424072266, 57.91737747192383, 57.299285888671875, 105.55487060546875, 13.006264686584473, 29.678611755371094, 47.99095153808594], [-48.00325393676758, -8.25523567199707, -33.52255630493164, 20.36812973022461, 12.59251880645752, 10.162734031677246, -6.57427978515625, -8.721607208251953, -1.4392033815383911, 13.006264686584473, 52.9322395324707, 21.992572784423828, 10.668913841247559], [-387.6773986816406, -3.890228033065796, 75.69343566894531, 13.838854789733887, 56.21432113647461, -6.97401237487793, -9.69745922088623, 19.21027374267578, 18.872562408447266, 29.678611755371094, 21.992572784423828, 77.89370727539062, 46.812007904052734], [-914.640869140625, 70.89250183105469, 236.47491455078125, 34.615196228027344, 47.635921478271484, -0.38405874371528625, -9.217700958251953, 53.650840759277344, 45.11602020263672, 47.99095153808594, 10.668913841247559, 46.812007904052734, 86.47875213623047]], "lowlevel.mfcc.icov": [[0.00025277002714574337, 1.067150788003346e-05, 0.0003794079239014536, 0.00036824471317231655, -0.00010596000356599689, 0.00022596541384700686, 1.54313074745005e-05, 0.0006481304299086332, 0.00039694219594821334, 0.0004581561079248786, 0.00016229103493969887, 7.652285421499982e-05, 0.0006159231415949762], [1.067150788003346e-05, 0.0011575052049010992, -7.384055061265826e-05, -0.0009074698900803924, 0.0003633788146544248, 0.001274170121178031, -0.000467837555333972, -0.0005475273355841637, -0.0010647090384736657, 0.0004767437349073589, -0.0003214337630197406, 0.0005134977400302887, -0.0001229693298228085], [0.0003794079239014536, -7.384055061265826e-05, 0.0014197854325175285, 0.000959444441832602, -0.0005042910925112665, 4.039328814542387e-06, 0.0010102129308506846, -0.0013797429855912924, 0.0016976089682430029, -0.0008027017465792596, 0.0007785516791045666, 0.0007881708443164825, 8.548661571694538e-05], [0.00036824471317231655, -0.0009074698900803924, 0.000959444441832602, 0.00501254154369235, -0.0005199896986596286, -0.0032577405218034983, 0.0029140254482626915, 0.0025671645998954773, -0.0003138712781947106, -0.0005863876431249082, 0.0005328810075297952, 0.00040638240170665085, -0.0007979761576279998], [-0.00010596000356599689, 0.0003633788146544248, -0.0005042910925112665, -0.0005199896986596286, 0.008123650215566158, -0.003583392594009638, 0.0016845628852024674, -0.002491849707439542, 2.3546165550669684e-07, -0.0027650941628962755, 0.0010458796750754118, -0.005649801343679428, 0.0018669140990823507], [0.00022596541384700686, 0.001274170121178031, 4.039328814542387e-06, -0.0032577405218034983, -0.003583392594009638, 0.016002921387553215, -0.0055589196272194386, 0.0015377714298665524, -0.0006117183365859091, 0.0045345681719481945, -0.003955270163714886, 0.005024611484259367, -0.0012924832990393043], [1.54313074745005e-05, -0.000467837555333972, 0.0010102129308506846, 0.0029140254482626915, 0.0016845628852024674, -0.0055589196272194386, 0.01388652715831995, -0.003964196424931288, -0.002265755319967866, 0.00017967865278478712, 0.0012813303619623184, -0.0009665607940405607, 0.001052275882102549], [0.0006481304299086332, -0.0005475273355841637, -0.0013797429855912924, 0.0025671645998954773, -0.002491849707439542, 0.0015377714298665524, -0.003964196424931288, 0.023292850703001022, -0.006974986754357815, 0.002988605061545968, 0.0012543104821816087, 0.001409816206432879, -0.002382280770689249], [0.00039694219594821334, -0.0010647090384736657, 0.0016976089682430029, -0.0003138712781947106, 2.3546165550669684e-07, -0.0006117183365859091, -0.002265755319967866, -0.006974986754357815, 0.023829801008105278, -0.008934049867093563, 0.0034250719472765923, 0.000494584790430963, -0.0035268969368189573], [0.0004581561079248786, 0.0004767437349073589, -0.0008027017465792596, -0.0005863876431249082, -0.0027650941628962755, 0.0045345681719481945, 0.00017967865278478712, 0.002988605061545968, -0.008934049867093563, 0.022718319669365883, -0.005313123110681772, 0.0004496511828619987, -0.0009415835374966264], [0.00016229103493969887, -0.0003214337630197406, 0.0007785516791045666, 0.0005328810075297952, 0.0010458796750754118, -0.003955270163714886, 0.0012813303619623184, 0.0012543104821816087, 0.0034250719472765923, -0.005313123110681772, 0.024503229185938835, -0.007356517482548952, 0.0005232946132309735], [7.652285421499982e-05, 0.0005134977400302887, 0.0007881708443164825, 0.00040638240170665085, -0.005649801343679428, 0.005024611484259367, -0.0009665607940405607, 0.001409816206432879, 0.000494584790430963, 0.0004496511828619987, -0.007356517482548952, 0.02649305947124958, -0.013713727705180645], [0.0006159231415949762, -0.0001229693298228085, 8.548661571694538e-05, -0.0007979761576279998, 0.0018669140990823507, -0.0012924832990393043, 0.001052275882102549, -0.002382280770689249, -0.0035268969368189573, -0.0009415835374966264, 0.0005232946132309735, -0.013713727705180645, 0.028541650623083115]], "metadata.audio_properties.analysis.downmix": "mix", "metadata.audio_properties.codec": "mp3", "metadata.audio_properties.md5_encoded": "d1bef5e9a2715303f6af74b9cb5e5624", "metadata.tags.file_name": "1182273696174440458.mp3", "metadata.version.essentia": "2.1-beta6-dev", "metadata.version.essentia_git_sha": "v2.1_beta5-1110-g77a6a954", "metadata.version.extractor": "music 2.0", "tonal.chords_key": "B", "tonal.chords_scale": "major", "tonal.key_edma.key": "E", "tonal.key_edma.scale": "major", "tonal.key_krumhansl.key": "E", "tonal.key_krumhansl.scale": "major", "tonal.key_temperley.key": "E", "tonal.key_temperley.scale": "major", "metadata.tags.encoding": ["Lavf58.45.100"]}, "essentia_models": [{"model_name": "genre_dortmund", "activations": {"alternative": "0.24365407", "blues": "0.044311766", "electronic": "0.02183546", "fol