{"song_id": "1182271290896293899", "download": "https://cdn.discordapp.com/attachments/1128313332273782784/1182271290896293899/chirp.mp4?ex=658416f1&amp", "lyrics": "[intro]", "style": ["deutsch rap"], "essentia_features": {"lowlevel.average_loudness": 0.9230716824531555, "lowlevel.barkbands_crest.mean": 14.303718566894531, "lowlevel.barkbands_crest.stdev": 4.669800281524658, "lowlevel.barkbands_flatness_db.mean": 0.2627072334289551, "lowlevel.barkbands_flatness_db.stdev": 0.08246826380491257, "lowlevel.barkbands_kurtosis.mean": 11.847487449645996, "lowlevel.barkbands_kurtosis.stdev": 24.36874771118164, "lowlevel.barkbands_skewness.mean": 2.0142998695373535, "lowlevel.barkbands_skewness.stdev": 1.9781171083450317, "lowlevel.barkbands_spread.mean": 11.915215492248535, "lowlevel.barkbands_spread.stdev": 16.524642944335938, "lowlevel.dissonance.mean": 0.4066649377346039, "lowlevel.dissonance.stdev": 0.06677602976560593, "lowlevel.dynamic_complexity": 4.640303134918213, "lowlevel.erbbands_crest.mean": 15.13839054107666, "lowlevel.erbbands_crest.stdev": 6.6220173835754395, "lowlevel.erbbands_flatness_db.mean": 0.2622072100639343, "lowlevel.erbbands_flatness_db.stdev": 0.07526593655347824, "lowlevel.erbbands_kurtosis.mean": 4.2320237159729, "lowlevel.erbbands_kurtosis.stdev": 8.453448295593262, "lowlevel.erbbands_skewness.mean": 0.9066317677497864, "lowlevel.erbbands_skewness.stdev": 1.4050108194351196, "lowlevel.erbbands_spread.mean": 25.202878952026367, "lowlevel.erbbands_spread.stdev": 22.893783569335938, "lowlevel.hfc.mean": 16.60195541381836, "lowlevel.hfc.stdev": 20.681547164916992, "lowlevel.loudness_ebu128.integrated": -17.97663688659668, "lowlevel.loudness_ebu128.loudness_range": 4.036342620849609, "lowlevel.loudness_ebu128.momentary.mean": -19.39870262145996, "lowlevel.loudness_ebu128.momentary.stdev": 3.892225503921509, "lowlevel.loudness_ebu128.short_term.mean": -18.3116512298584, "lowlevel.loudness_ebu128.short_term.stdev": 1.4229168891906738, "lowlevel.melbands_crest.mean": 18.716419219970703, "lowlevel.melbands_crest.stdev": 5.531398773193359, "lowlevel.melbands_flatness_db.mean": 0.34056195616722107, "lowlevel.melbands_flatness_db.stdev": 0.1036125048995018, "lowlevel.melbands_kurtosis.mean": 18.937759399414062, "lowlevel.melbands_kurtosis.stdev": 30.212020874023438, "lowlevel.melbands_skewness.mean": 2.609074354171753, "lowlevel.melbands_skewness.stdev": 2.2399604320526123, "lowlevel.melbands_spread.mean": 16.81912612915039, "lowlevel.melbands_spread.stdev": 35.22663879394531, "lowlevel.pitch_salience.mean": 0.44189393520355225, "lowlevel.pitch_salience.stdev": 0.142072394490242, "lowlevel.silence_rate_20dB.mean": 1.0, "lowlevel.silence_rate_20dB.stdev": 0.0, "lowlevel.silence_rate_30dB.mean": 1.0, "lowlevel.silence_rate_30dB.stdev": 0.0, "lowlevel.silence_rate_60dB.mean": 0.16164542734622955, "lowlevel.silence_rate_60dB.stdev": 0.36812177300453186, "lowlevel.spectral_centroid.mean": 917.2415161132812, "lowlevel.spectral_centroid.stdev": 943.6104125976562, "lowlevel.spectral_complexity.mean": 7.077636241912842, "lowlevel.spectral_complexity.stdev": 4.332345962524414, "lowlevel.spectral_decrease.mean": -4.9759667497539795e-09, "lowlevel.spectral_decrease.stdev": 4.3541095173793565e-09, "lowlevel.spectral_energy.mean": 0.020286286249756813, "lowlevel.spectral_energy.stdev": 0.01764506660401821, "lowlevel.spectral_energyband_high.mean": 0.00041439541382715106, "lowlevel.spectral_energyband_high.stdev": 0.001537031726911664, "lowlevel.spectral_energyband_low.mean": 0.003659181296825409, "lowlevel.spectral_energyband_low.stdev": 0.006742374040186405, "lowlevel.spectral_energyband_middle_high.mean": 0.007157708052545786, "lowlevel.spectral_energyband_middle_high.stdev": 0.013426130637526512, "lowlevel.spectral_energyband_middle_low.mean": 0.010931078344583511, "lowlevel.spectral_energyband_middle_low.stdev": 0.012005428783595562, "lowlevel.spectral_entropy.mean": 6.495793342590332, "lowlevel.spectral_entropy.stdev": 0.8111252784729004, "lowlevel.spectral_flux.mean": 0.06476813554763794, "lowlevel.spectral_flux.stdev": 0.05089038982987404, "lowlevel.spectral_kurtosis.mean": 19.221893310546875, "lowlevel.spectral_kurtosis.stdev": 23.60784912109375, "lowlevel.spectral_rms.mean": 0.0039588273502886295, "lowlevel.spectral_rms.stdev": 0.002029577037319541, "lowlevel.spectral_rolloff.mean": 1412.045654296875, "lowlevel.spectral_rolloff.stdev": 2501.1494140625, "lowlevel.spectral_skewness.mean": 2.8520047664642334, "lowlevel.spectral_skewness.stdev": 1.6048469543457031, "lowlevel.spectral_spread.mean": 3818214.25, "lowlevel.spectral_spread.stdev": 2924724.25, "lowlevel.spectral_strongpeak.mean": 1.7712653875350952, "lowlevel.spectral_strongpeak.stdev": 2.0575668811798096, "lowlevel.zerocrossingrate.mean": 0.05162937566637993, "lowlevel.zerocrossingrate.stdev": 0.06873735040426254, "metadata.audio_properties.analysis.equal_loudness": 0.0, "metadata.audio_properties.analysis.length": 40.04265213012695, "metadata.audio_properties.analysis.sample_rate": 44100.0, "metadata.audio_properties.analysis.start_time": 0.0, "metadata.audio_properties.bit_rate": 121073.0, "metadata.audio_properties.length": 40.042667388916016, "metadata.audio_properties.lossless": 0.0, "metadata.audio_properties.number_channels": 1.0, "metadata.audio_properties.replay_gain": -10.124679565429688, "metadata.audio_properties.sample_rate": 48000.0, "rhythm.beats_count": 61.0, "rhythm.beats_loudness.mean": 0.026254693046212196, "rhythm.beats_loudness.stdev": 0.02042482979595661, "rhythm.bpm": 78.02821350097656, "rhythm.bpm_histogram_first_peak_bpm": 99.0, "rhythm.bpm_histogram_first_peak_weight": 0.5416666269302368, "rhythm.bpm_histogram_second_peak_bpm": 78.0, "rhythm.bpm_histogram_second_peak_spread": 0.40000003576278687, "rhythm.bpm_histogram_second_peak_weight": 0.20000000298023224, "rhythm.danceability": 1.165033221244812, "rhythm.onset_rate": 3.22061824798584, "tonal.chords_changes_rate": 0.09490741044282913, "tonal.chords_number_rate": 0.0173611119389534, "tonal.chords_strength.mean": 0.4132808744907379, "tonal.chords_strength.stdev": 0.09759068489074707, "tonal.hpcp_crest.mean": 18.78347396850586, "tonal.hpcp_crest.stdev": 9.189176559448242, "tonal.hpcp_entropy.mean": 1.4187393188476562, "tonal.hpcp_entropy.stdev": 0.8326151371002197, "tonal.key_edma.strength": 0.7199690341949463, "tonal.key_krumhansl.strength": 0.7111822366714478, "tonal.key_temperley.strength": 0.6992528438568115, "tonal.tuning_diatonic_strength": 0.4698615074157715, "tonal.tuning_equal_tempered_deviation": 0.13907891511917114, "tonal.tuning_frequency": 440.2542419433594, "tonal.tuning_nontempered_energy_ratio": 0.7506824731826782, "lowlevel.barkbands.mean": [2.831964138749754e-06, 0.0004196719091851264, 0.0020130618941038847, 0.0014434116892516613, 0.0009432206861674786, 0.0024104220792651176, 0.002558768028393388, 0.0005736176390200853, 0.0018261140212416649, 0.004226445686072111, 0.00035812982241623104, 0.0011567416368052363, 0.0006486399215646088, 0.00028163811657577753, 0.00042566913180053234, 0.00012013533705612645, 0.00012097565195290372, 0.00015720001829322428, 0.00013397549628280103, 0.00012552892439998686, 3.006111364811659e-05, 1.1021973477909341e-05, 7.909326814115047e-05, 0.00011003665713360533, 6.84346814523451e-05, 3.927487341570668e-05, 2.178384420403745e-06], "lowlevel.barkbands.stdev": [6.553430466738064e-06, 0.0016647279262542725, 0.00416564242914319, 0.002051994204521179, 0.0025965250097215176, 0.004557428415864706, 0.0058250827714800835, 0.0033830588217824697, 0.007225089240819216, 0.009495818987488747, 0.0018812124617397785, 0.0054349033161997795, 0.003146831411868334, 0.001026213401928544, 0.0017770093400031328, 0.00041434672311879694, 0.0004978875513188541, 0.0005271765403449535, 0.00035165136796422303, 0.00031057785963639617, 8.682754560140893e-05, 7.341778109548613e-05, 0.000509047822561115, 0.0005916339578106999, 0.0003619290073402226, 0.00018058702698908746, 9.181716450257227e-06], "lowlevel.erbbands.mean": [0.005051698535680771, 0.15017850697040558, 1.7242205142974854, 4.895537853240967, 1.551970362663269, 3.0863912105560303, 11.891280174255371, 21.302152633666992, 46.89073944091797, 11.519826889038086, 20.53386688232422, 39.068016052246094, 101.48497772216797, 96.17877197265625, 17.864900588989258, 53.33220291137695, 35.25242614746094, 12.817627906799316, 27.14927101135254, 10.663909912109375, 6.8144025802612305, 6.903722763061523, 6.58232307434082, 9.594671249389648, 5.801266670227051, 5.9146623611450195, 3.2599809169769287, 0.43481847643852234, 0.3695220649242401, 1.1694618463516235, 2.3595292568206787, 2.551318645477295, 1.6802549362182617, 0.9669818878173828, 0.35514190793037415, 0.1741490662097931, 0.07083261013031006, 0.01271604374051094, 0.0002791948791127652, 3.2859221391845495e-05], "lowlevel.erbbands.stdev": [0.018558578565716743, 0.5303086042404175, 4.015260696411133, 6.846852779388428, 2.0919034481048584, 8.21923828125, 34.02983856201172, 41.47005081176758, 92.70709991455078, 33.151424407958984, 100.4269790649414, 171.57083129882812, 241.0715789794922, 258.83197021484375, 64.32943725585938, 244.13687133789062, 152.29425048828125, 43.1796989440918, 113.43047332763672, 34.81455612182617, 23.081769943237305, 28.95722007751465, 19.144784927368164, 28.164936065673828, 16.124685287475586, 14.864296913146973, 7.718574523925781, 2.219447612762451, 2.4793620109558105, 9.370255470275879, 14.294486045837402, 14.226164817810059, 8.954480171203613, 5.13462495803833, 1.9443707466125488, 0.8529935479164124, 0.32800742983818054, 0.0534760020673275, 0.0010898852488026023, 4.1498093196423724e-05], "lowlevel.gfcc.mean": [-114.4775390625, 110.11927795410156, -113.7799301147461, -17.456003189086914, -51.72395706176758, -1.869424819946289, -43.21868133544922, 10.472318649291992, -39.913818359375, -9.182631492614746, -7.3843278884887695, -13.899609565734863, -6.433998107910156], "lowlevel.melbands.mean": [8.030858589336276e-05, 0.0007025910308584571, 0.0006825456512160599, 0.00013179377128835768, 0.000363108585588634, 0.0005106002208776772, 0.0006667070556432009, 9.697787027107552e-05, 0.00019571294251363724, 0.00025072830612771213, 0.0005297136376611888, 0.0004311901284381747, 4.657320459955372e-05, 0.00010560595546849072, 0.00014689577801618725, 3.720775566762313e-05, 2.2354681277647614e-05, 4.5959230192238465e-05, 2.053412754321471e-05, 9.41287635214394e-06, 7.88107809057692e-06, 7.283520062628668e-06, 5.897117262065876e-06, 7.1907702476892155e-06, 7.929495041025802e-06, 4.807151981367497e-06, 3.3127273582067573e-06, 4.120051471545594e-06, 2.907679345298675e-06, 3.948857170144038e-07, 1.608973718703055e-07, 1.915735339252933e-07, 2.4582300284237135e-07, 8.43890347823617e-07, 1.24945677271171e-06, 1.5485168205486843e-06, 1.6403037079726346e-06, 1.2988688240511692e-06, 9.66169523053395e-07, 7.283614422703977e-07], "lowlevel.melbands.stdev": [0.0003123701608274132, 0.001561898272484541, 0.000957911426667124, 0.0002654259151313454, 0.0010201220866292715, 0.000934079522266984, 0.001344679738394916, 0.0003201354993507266, 0.0009361749980598688, 0.0010050940327346325, 0.0012537632137537003, 0.0011763827642425895, 0.00022743221779819578, 0.000466718222014606, 0.0006432715454138815, 0.00018411609926261008, 9.028032218338922e-05, 0.00019225050345994532, 6.979347381275147e-05, 3.2338859455194324e-05, 3.3650376281002536e-05, 3.466768976068124e-05, 2.3501388568547554e-05, 2.3478187358705327e-05, 2.3600761778652668e-05, 1.5199954759737011e-05, 9.20640832191566e-06, 1.097673248295905e-05, 7.398577508865856e-06, 1.4102641898716683e-06, 1.2352487601674511e-06, 1.351479454569926e-06, 1.7201815580847324e-06, 7.541449122072663e-06, 8.075866389845032e-06, 9.046731065609492e-06, 9.348144885734655e-06, 7.349549377977382e-06, 5.096260338177672e-06, 4.004524726042291e-06], "lowlevel.melbands128.mean": [1.2489542768889805e-06, 1.1898247976205312e-05, 9.712887549540028e-05, 0.00023909437004476786, 0.0006592543795704842, 0.0010832286207005382, 0.0012166766682639718, 0.00043064524652436376, 7.517719495808706e-05, 0.00010432163981022313, 0.0001396309962728992, 0.00032925678533501923, 0.00046604371163994074, 0.0003575998416636139, 0.00033872545463964343, 0.0006766439182683825, 0.0008937313687056303, 0.0007695396197959781, 0.0002751905412878841, 3.486861533019692e-05, 4.0726612496655434e-05, 0.00012728381261695176, 0.0002064182044705376, 0.0002735999587457627, 0.0002528710465412587, 0.00017807101539801806, 0.00040840424480848014, 0.0005779334460385144, 0.0005901920958422124, 0.0007133579347282648, 0.00029181025456637144, 5.329548002919182e-05, 3.404057861189358e-05, 2.6639909265213646e-05, 6.694281182717532e-05, 0.00012149522081017494, 0.00018861460557673126, 0.0001511276641394943, 0.0001439611369278282, 5.529967529582791e-05, 7.14858924766304e-06, 1.4403449313249439e-05, 1.8472594092600048e-05, 3.0263647204265e-05, 2.9273574909893796e-05, 6.705294799758121e-05, 4.3686181015800685e-05, 1.3859467799193226e-05, 1.5104622434591874e-05, 1.2784650607500225e-05, 8.042357876547612e-06, 6.6353845795674715e-06, 7.13288682163693e-06, 9.39263918553479e-06, 7.30067040422e-06, 7.6177889241080265e-06, 6.286706138780573e-06, 6.872842277516611e-06, 5.820220394525677e-06, 3.8753396438551135e-06, 5.3224971452436876e-06, 1.1613771675911266e-05, 1.093950413633138e-05, 6.1475848269765265e-06, 4.318731953389943e-06, 5.528460405912483e-06, 4.663590971176745e-06, 2.6370676096121315e-06, 2.6945824629365234e-06, 4.855522092839237e-06, 3.69085887541587e-06, 3.994291546405293e-06, 4.710763732873602e-06, 2.8140871108917054e-06, 7.780983537486463e-07, 3.5160542211087886e-07, 2.5144620963146735e-07, 1.5625668936536385e-07, 1.4804700754211808e-07, 1.429648790463034e-07, 2.363567830343527e-07, 1.8764103515422903e-07, 1.4941927872769156e-07, 2.3206561650113144e-07, 2.904665450387256e-07, 6.543580184370512e-07, 1.1485573168101837e-06, 1.0520209343667375e-06, 1.0300086614734028e-06, 1.4797089988860535e-06, 1.984146820177557e-06, 1.2859229627792956e-06, 1.3582040310211596e-06, 1.793761839508079e-06, 1.7101274352171458e-06, 1.6513463378942106e-06, 1.1991877499895054e-06, 7.413397611344408e-07, 9.796789299798547e-07, 1.0765309070848161e-06, 9.998466339311562e-07, 6.447821760957595e-07, 4.317047626045678e-07, 4.624491509730433e-07, 3.5066770465164154e-07, 3.5725469160752255e-07, 3.3491969020360557e-07, 3.25458955785507e-07, 3.267092552050599e-07, 2.523262878639798e-07, 2.4336213755304925e-07, 2.4164162937267974e-07, 2.3579063679335377e-07, 2.113026056349554e-07, 1.830378550948808e-07, 1.5316619794703001e-07, 8.513385552078034e-08, 8.456153999247817e-09, 3.4361834124613244e-12, 3.040783553773241e-12, 2.9407500740097348e-12, 2.850969894191424e-12, 2.7881958894471204e-12, 2.727032141769392e-12, 2.6410037351487503e-12, 2.527155784984303e-12, 2.4614518322890744e-12, 2.4409460997604215e-12], "lowlevel.melbands128.stdev": [2.957756578325643e-06, 4.849690230912529e-05, 0.000379953213268891, 0.0009716369095258415, 0.001989207463338971, 0.0020305372308939695, 0.0016852376284077764, 0.0006169966072775424, 0.00011069595348089933, 0.0002180633891839534, 0.00046779608237557113, 0.0011813294840976596, 0.001560675329528749, 0.0012489365180954337, 0.0010820183670148253, 0.0016097567277029157, 0.0019203803967684507, 0.002126803621649742, 0.0011222150642424822, 0.00020831875735893846, 0.0002887537411879748, 0.0008274167776107788, 0.0013063502265140414, 0.0018391171470284462, 0.0018569760723039508, 0.0008695635478943586, 0.0015852313954383135, 0.001972838770598173, 0.001801535370759666, 0.0023300438188016415, 0.001132999430410564, 0.00032406163518317044, 0.00035135229700244963, 0.0002099513658322394, 0.000423115590820089, 0.0006773618515580893, 0.0012463011080399156, 0.0009702463285066187, 0.0007434964063577354, 0.0004183068813290447, 3.246291817049496e-05, 0.0001174535063910298, 0.00010277714318362996, 0.0001563147088745609, 0.00014449143782258034, 0.00038247136399149895, 0.0002369270077906549, 6.846150063211098e-05, 7.97472384874709e-05, 6.67786953272298e-05, 3.651772203738801e-05, 2.8669990570051596e-05, 3.42579951393418e-05, 6.034251055098139e-05, 4.768913640873507e-05, 5.7670349633554e-05, 3.977044252678752e-05, 4.059165439684875e-05, 3.166721944580786e-05, 1.743977190926671e-05, 2.1644584194291383e-05, 6.18817430222407e-05, 4.563271431834437e-05, 2.2397372958948836e-05, 1.747671740304213e-05, 2.4324664991581813e-05, 1.9227914890507236e-05, 1.1290163456578739e-05, 1.091674857889302e-05, 2.0727913579321466e-05, 1.3275885066832416e-05, 1.6232477719313465e-05, 1.4660012311651371e-05, 8.960141713032499e-06, 2.1410598947113613e-06, 1.2679086012212792e-06, 1.7000759271468269e-06, 1.564768922435178e-06, 1.1819329301943071e-06, 1.1511583579704165e-06, 1.8544042177381925e-06, 1.3398807823250536e-06, 1.3355073633647407e-06, 1.8910185417553294e-06, 1.8976445517182583e-06, 5.413755388872232e-06, 1.2143864296376705e-05, 9.790042895474471e-06, 6.836949523858493e-06, 9.162893547909334e-06, 1.4130561794445384e-05, 6.90208753439947e-06, 8.390530638280325e-06, 1.099980636354303e-05, 1.0670521078282036e-05, 9.550330105412286e-06, 7.654410183022264e-06, 4.335426183388336e-06, 5.430571036413312e-06, 6.232625310076401e-06, 5.7341517276654486e-06, 3.850460871035466e-06, 2.752806722128298e-06, 3.051888597838115e-06, 2.307099748577457e-06, 2.157369181077229e-06, 1.7905557569974917e-06, 1.6552163515370921e-06, 1.8493506104277913e-06, 1.4411051552087883e-06, 1.5374399708889541e-06, 1.1463660030130995e-06, 1.0983941365338978e-06, 1.0646484724929905e-06, 8.989409252535552e-07, 6.772366418772435e-07, 3.5810967347060796e-07, 5.5817000799152083e-08, 7.022459870553721e-12, 5.472101070880253e-12, 5.320638894745766e-12, 5.106873691290703e-12, 4.995839679444725e-12, 4.90477623793506e-12, 4.83210520207944e-12, 4.773344480096808e-12, 4.730965619259564e-12, 4.704776932623611e-12], "lowlevel.mfcc.mean": [-779.3712768554688, 162.240478515625, -11.007366180419922, -7.661899566650391, 13.77611255645752, -28.115068435668945, 17.651138305664062, -8.468709945678711, -15.14236068725586, 8.117775917053223, -28.752161026000977, -1.4602254629135132, -7.581692695617676], "lowlevel.spectral_contrast_coeffs.mean": [-0.636869490146637, -0.6460256576538086, -0.6886733770370483, -0.767302930355072, -0.7705247402191162, -0.7804584503173828], "lowlevel.spectral_contrast_coeffs.stdev": [0.09574525058269501, 0.12313262373209, 0.13040396571159363, 0.08622460812330246, 0.06653249263763428, 0.060029178857803345], "lowlevel.spectral_contrast_valleys.mean": [-8.403733253479004, -8.123790740966797, -8.277992248535156, -8.914608001708984, -9.223421096801758, -12.612039566040039], "lowlevel.spectral_contrast_valleys.stdev": [1.2382071018218994, 0.7996094226837158, 0.8510664701461792, 0.8868383765220642, 1.3914388418197632, 1.458880066871643], "rhythm.beats_loudness_band_ratio.mean": [0.2844516634941101, 0.18559716641902924, 0.28402838110923767, 0.1717749983072281, 0.03937775269150734, 0.10466986149549484], "rhythm.beats_loudness_band_ratio.stdev": [0.3315620422363281, 0.22564296424388885, 0.2962884306907654, 0.24773845076560974, 0.08248456567525864, 0.23810523748397827], "tonal.hpcp.mean": [0.20400302112102509, 0.0973409041762352, 0.05911402031779289, 0.0409223735332489, 0.02290390431880951, 0.06397414952516556, 0.09437142312526703, 0.049753136932849884, 0.09830062836408615, 0.13540826737880707, 0.05773211270570755, 0.03484838828444481, 0.04628122225403786, 0.04003097489476204, 0.1754031479358673, 0.31593719124794006, 0.17683002352714539, 0.03858276084065437, 0.03631076589226723, 0.03545805439352989, 0.05070304125547409, 0.05724131315946579, 0.033067598938941956, 0.025700584053993225, 0.0338587686419487, 0.030796850100159645, 0.04368722066283226, 0.07078292965888977, 0.08160232752561569, 0.1053897812962532, 0.1285514533519745, 0.10741978138685226, 0.10078489035367966, 0.10645794123411179, 0.10723733901977539, 0.19469711184501648], "tonal.hpcp.stdev": [0.322721391916275, 0.2019953727722168, 0.166610449552536, 0.1312684565782547, 0.10583414882421494, 0.1731574684381485, 0.25705498456954956, 0.14433543384075165, 0.22893866896629333, 0.31848135590553284, 0.14396972954273224, 0.13623292744159698, 0.1710129678249359, 0.13806670904159546, 0.2474566102027893, 0.41652241349220276, 0.25181594491004944, 0.139493927359581, 0.14435532689094543, 0.1372666358947754, 0.17291326820850372, 0.17985574901103973, 0.12932288646697998, 0.09787469357252121, 0.1253696233034134, 0.12222094088792801, 0.1530647873878479, 0.20975527167320251, 0.22156181931495667, 0.22694218158721924, 0.2560483515262604, 0.2360994517803192, 0.2365972250699997, 0.24666564166545868, 0.24983251094818115, 0.30559656023979187], "rhythm.beats_position": [0.743038535118103, 1.4976871013641357, 2.2639455795288086, 3.0185940265655518, 3.7848525047302246, 4.562720775604248, 5.3289794921875, 6.106847763061523, 6.884716510772705, 7.639364719390869, 8.394013404846191, 9.171881675720215, 9.961359977722168, 10.727619171142578, 11.470657348632812, 12.260135650634766, 13.02639389038086, 13.79265308380127, 14.558911323547363, 15.348389625549316, 16.126258850097656, 16.811246871948242, 17.4846248626709, 18.07673454284668, 18.680452346801758, 19.27256202697754, 19.8182315826416, 20.36389923095703, 20.909568786621094, 21.455238342285156, 22.012516021728516, 22.54657554626465, 23.057415008544922, 23.568254470825195, 24.090702056884766, 24.6247615814209, 25.15882110595703, 25.70448875427246, 26.250158309936523, 26.819047927856445, 27.399545669555664, 27.980045318603516, 28.560543060302734, 29.152652740478516, 29.744760513305664, 30.325260162353516, 30.905759811401367, 31.486257553100586, 32.0899772644043, 32.693695068359375, 33.29741287231445, 33.9011344909668, 34.504852294921875, 35.10857009887695, 35.71228790283203, 36.316009521484375, 36.93133544921875, 37.535057067871094, 38.12716293334961, 38.707664489746094, 39.299774169921875], "rhythm.bpm_histogram": [0.0, 0.0, 0.0, 0.0, 0.0, 0.0, 0.0, 0.0, 0.0, 0.0, 0.0, 0.0, 0.0, 0.0, 0.0, 0.0, 0.0, 0.0, 0.0, 0.0, 0.0, 0.0, 0.0, 0.0, 0.0, 0.0, 0.0, 0.0, 0.0, 0.0, 0.0, 0.0, 0.0, 0.0, 0.0, 0.0, 0.0, 0.0, 0.0, 0.0, 0.0, 0.0, 0.0, 0.0, 0.0, 0.0, 0.0, 0.0, 0.0, 0.0, 0.0, 0.0, 0.0, 0.0, 0.0, 0.0, 0.0, 0.0, 0.0, 0.0, 0.0, 0.0, 0.0, 0.0, 0.0, 0.0, 0.0, 0.0, 0.0, 0.0, 0.0, 0.0, 0.0, 0.0, 0.0, 0.0, 0.05000000074505806, 0.0833333358168602, 0.11666666716337204, 0.0, 0.06666667014360428, 0.01666666753590107, 0.0, 0.0, 0.0, 0.0, 0.0, 0.0, 0.01666666753590107, 0.01666666753590107, 0.0, 0.0, 0.0, 0.0, 0.0, 0.0, 0.0, 0.0, 0.01666666753590107, 0.1666666716337204, 0.0, 0.10000000149011612, 0.0, 0.11666666716337204, 0.0, 0.01666666753590107, 0.0, 0.0, 0.01666666753590107, 0.0, 0.10000000149011612, 0.0, 0.05000000074505806, 0.0, 0.0, 0.01666666753590107, 0.0, 0.03333333507180214, 0.0, 0.0, 0.0, 0.0, 0.0, 0.0, 0.0, 0.0, 0.0, 0.0, 0.0, 0.0, 0.0, 0.0, 0.0, 0.0, 0.0, 0.0, 0.0, 0.0, 0.0, 0.0, 0.0, 0.0, 0.0, 0.0, 0.0, 0.0, 0.0, 0.0, 0.0, 0.0, 0.0, 0.0, 0.0, 0.0, 0.0, 0.0, 0.0, 0.0, 0.0, 0.0, 0.0, 0.0, 0.0, 0.0, 0.0, 0.0, 0.0, 0.0, 0.0, 0.0, 0.0, 0.0, 0.0, 0.0, 0.0, 0.0, 0.0, 0.0, 0.0, 0.0, 0.0, 0.0, 0.0, 0.0, 0.0, 0.0, 0.0, 0.0, 0.0, 0.0, 0.0, 0.0, 0.0, 0.0, 0.0, 0.0, 0.0, 0.0, 0.0, 0.0, 0.0, 0.0, 0.0, 0.0, 0.0, 0.0, 0.0, 0.0, 0.0, 0.0, 0.0, 0.0, 0.0, 0.0, 0.0, 0.0, 0.0, 0.0, 0.0, 0.0, 0.0, 0.0, 0.0, 0.0, 0.0, 0.0, 0.0, 0.0, 0.0, 0.0, 0.0, 0.0, 0.0, 0.0, 0.0, 0.0, 0.0, 0.0, 0.0, 0.0, 0.0, 0.0, 0.0, 0.0, 0.0, 0.0, 0.0, 0.0, 0.0, 0.0], "tonal.chords_histogram": [18.171297073364258, 2.314814805984497, 34.60647964477539, 3.819444417953491, 2.1990740299224854, 1.2731481790542603, 1.0416666269302368, 4.745370388031006, 0.23148147761821747, 0.0, 0.0, 0.0, 0.3472222089767456, 5.902777671813965, 0.9259259104728699, 8.912036895751953, 0.0, 1.1574074029922485, 0.11574073880910873, 4.166666507720947, 1.9675925970077515, 6.94444465637207, 1.0416666269302368, 0.11574073880910873], "tonal.thpcp": [1.0, 0.5596999526023865, 0.12212161719799042, 0.11493033170700073, 0.11223133653402328, 0.16048456728458405, 0.18117940425872803, 0.10466510057449341, 0.08134713023900986, 0.10716930031776428, 0.09747776389122009, 0.13827818632125854, 0.224041149020195, 0.25828656554222107, 0.3335782587528229, 0.40688925981521606, 0.3400036096572876, 0.3190029263496399, 0.33695918321609497, 0.3394261300563812, 0.616252601146698, 0.6457075476646423, 0.3081020712852478, 0.1871068775653839, 0.12952692806720734, 0.07249511778354645, 0.20249009132385254, 0.2987031042575836, 0.15747793018817902, 0.3111397922039032, 0.42859235405921936, 0.18273288011550903, 0.11030163615942001, 0.14648868143558502, 0.12670548260211945, 0.5551835894584656], "lowlevel.gfcc.cov": [[8539.7509765625, -3643.3740234375, -1348.06494140625, 485.87060546875, -1004.0687255859375, -380.9134826660156, -209.78346252441406, 740.326171875, -438.1429748535156, 377.7644958496094, 208.4986572265625, -98.33875274658203, -106.74996948242188], [-3643.3740234375, 5998.1064453125, 400.76153564453125, -201.74815368652344, 1959.146484375, 58.72004699707031, 701.7870483398438, -678.54150390625, 416.954833984375, -546.8814697265625, -102.0482177734375, -551.6366577148438, 140.4674835205078], [-1348.06494140625, 400.76153564453125, 1824.2611083984375, 378.6029968261719, 175.44631958007812, 406.8616638183594, -196.69903564453125, -230.55747985839844, 43.97507858276367, -93.1894302368164, -416.3617248535156, 118.312744140625, -204.9280548095703], [485.87060546875, -201.74815368652344, 378.6029968261719, 827.2031860351562, 196.11642456054688, 142.45814514160156, -31.5915584564209, -37.52170944213867, 36.91244125366211, -71.16445922851562, -281.2559814453125, -5.763416767120361, -128.47499084472656], [-1004.0687255859375, 1959.146484375, 175.44631958007812, 196.11642456054688, 1195.8779296875, 245.0337677001953, 299.00494384765625, -229.16859436035156, 105.06881713867188, -217.0337677001953, -206.31521606445312, -222.23471069335938, -70.38248443603516], [-380.9134826660156, 58.72004699707031, 406.8616638183594, 142.45814514160156, 245.0337677001953, 533.8505249023438, 129.5558624267578, -116.38846588134766, -47.04109191894531, -28.498268127441406, -140.8401641845703, -32.496055603027344, -137.0032196044922], [-209.78346252441406, 701.7870483398438, -196.69903564453125, -31.5915584564209, 299.00494384765625, 129.5558624267578, 448.38916015625, -87.16679382324219, -11.591416358947754, -37.96421813964844, 78.99369812011719, -84.15248107910156, -19.656925201416016], [740.326171875, -678.54150390625, -230.55747985839844, -37.52170944213867, -229.16859436035156, -116.38846588134766, -87.16679382324219, 333.9369812011719, -56.926002502441406, 42.74574279785156, 43.097434997558594, 37.787235260009766, 17.86409568786621], [-438.1429748535156, 416.954833984375, 43.97507858276367, 36.91244125366211, 105.06881713867188, -47.04109191894531, -11.591416358947754, -56.926002502441406, 275.1243591308594, -13.586546897888184, -31.113231658935547, -6.886563777923584, 43.571083068847656], [377.7644958496094, -546.8814697265625, -93.1894302368164, -71.16445922851562, -217.0337677001953, -28.498268127441406, -37.96421813964844, 42.74574279785156, -13.586546897888184, 184.89366149902344, 82.12711334228516, 58.08795928955078, 1.1163424253463745], [208.4986572265625, -102.0482177734375, -416.3617248535156, -281.2559814453125, -206.31521606445312, -140.8401641845703, 78.99369812011719, 43.097434997558594, -31.113231658935547, 82.12711334228516, 339.1432189941406, 33.213348388671875, 52.0570068359375], [-98.33875274658203, -551.6366577148438, 118.312744140625, -5.763416767120361, -222.23471069335938, -32.496055603027344, -84.15248107910156, 37.787235260009766, -6.886563777923584, 58.08795928955078, 33.213348388671875, 225.14102172851562, -3.6264162063598633], [-106.74996948242188, 140.4674835205078, -204.9280548095703, -128.47499084472656, -70.38248443603516, -137.0032196044922, -19.656925201416016, 17.86409568786621, 43.571083068847656, 1.1163424253463745, 52.0570068359375, -3.6264162063598633, 159.09451293945312]], "lowlevel.gfcc.icov": [[0.0002511220518499613, 0.0001451100833946839, 6.667105481028557e-05, -0.00022250947949942201, -3.615208697738126e-05, 0.0001914628956001252, -6.001993824611418e-05, -0.0002071625494863838, 0.0001712202501948923, -0.00020882337412331253, -0.00011669603554764763, 0.0005069791804999113, 0.00011561458086362109], [0.0001451100833946839, 0.0012439273996278644, -0.0006960508762858808, 0.0003553127171471715, -0.0013604609994217753, 0.0009859076235443354, -0.0008972820942290127, 0.0006644480745308101, -0.0006405388121493161, 0.0012494914699345827, -0.0009282034588977695, 0.0016167882131412625, -0.001041665906086564], [6.667105481028557e-05, -0.0006960508762858808, 0.001641530659981072, -0.0002782008668873459, 0.0009253046591766179, -0.0009729842422530055, 0.0009996158769354224, 0.00010838142043212429, 0.00033067367621697485, -0.0005535078817047179, 0.0015052384696900845, -0.0014607686316594481, 0.0016193802002817392], [-0.00022250947949942201, 0.0003553127171471715, -0.0002782008668873459, 0.0022873468697071075, -0.0004868059477303177, 0.00037169360439293087, -0.0004685661697294563, 0.0005132991936989129, -0.000754569482523948, 0.0009257331257686019, 0.001302050077356398, -0.0001513749302830547, 0.0007856183219701052], [-3.615208697738126e-05, -0.0013604609994217753, 0.0009253046591766179, -0.0004868059477303177, 0.0032813719008117914, -0.001189985778182745, 0.00015890666691120714, -0.00035794812720268965, 0.00027598862652666867, -0.00042707519605755806, 0.001786076813004911, -0.0007772165117785335, 0.0017876942874863744], [0.0001914628956001252, 0.0009859076235443354, -0.0009729842422530055, 0.00037169360439293087, -0.001189985778182745, 0.00412503769621253, -0.0017739007016643882, 0.0008332552970387042, 0.00010286484030075371, 0.0002690013207029551, 0.00023620101273991168, 0.0015521137975156307, 0.0009459611028432846], [-6.001993824611418e-05, -0.0008972820942290127, 0.0009996158769354224, -0.0004685661697294563, 0.00015890666691120714, -0.0017739007016643882, 0.004396107979118824, -4.293803431210108e-05, 0.0006948676309548318, -0.0006764204008504748, -0.0008672650437802076, -0.0008737444295547903, 0.0008301665657199919], [-0.0002071625494863838, 0.0006644480745308101, 0.00010838142043212429, 0.0005132991936989129, -0.00035794812720268965, 0.0008332552970387042, -4.293803431210108e-05, 0.004795260727405548, -4.5492768549593166e-05, 0.0011206698836758733, 0.00015814551443327218, 0.00012269259605091065, -0.00020044441043864936], [0.0001712202501948923, -0.0006405388121493161, 0.00033067367621697485, -0.000754569482523948, 0.00027598862652666867, 0.00010286484030075371, 0.0006948676309548318, -4.5492768549593166e-05, 0.004943788051605225, -0.0015351047040894628, 0.000541528919711709, -0.0006775775109417737, -0.0007371541578322649], [-0.00020882337412331253, 0.0012494914699345827, -0.0005535078817047179, 0.0009257331257686019, -0.00042707519605755806, 0.0002690013207029551, -0.0006764204008504748, 0.0011206698836758733, -0.0015351047040894628, 0.00941332895308733, -0.001927618752233684, 0.00026370014529675245, -0.0003843074373435229], [-0.00011669603554764763, -0.0009282034588977695, 0.0015052384696900845, 0.001302050077356398, 0.001786076813004911, 0.00023620101273991168, -0.0008672650437802076, 0.00015814551443327218, 0.000541528919711709, -0.001927618752233684, 0.0074636018835008144, -0.0021918723359704018, 0.001973310951143503], [0.0005069791804999113, 0.0016167882131412625, -0.0014607686316594481, -0.0001513749302830547, -0.0007772165117785335, 0.0015521137975156307, -0.0008737444295547903, 0.00012269259605091065, -0.0006775775109417737, 0.00026370014529675245, -0.0021918723359704018, 0.00871449988335371, -0.0011205802438780665], [0.00011561458086362109, -0.001041665906086564, 0.0016193802002817392, 0.0007856183219701052, 0.0017876942874863744, 0.0009459611028432846, 0.0008301665657199919, -0.00020044441043864936, -0.0007371541578322649, -0.0003843074373435229, 0.001973310951143503, -0.0011205802438780665, 0.011267085559666157]], "lowlevel.mfcc.cov": [[7570.1806640625, -3142.4873046875, -1099.1568603515625, 382.2875671386719, -68.59912872314453, -1214.6671142578125, 495.3156433105469, -379.9472351074219, -332.04180908203125, 626.1828002929688, -411.1017761230469, 315.3067321777344, -73.64496612548828], [-3142.4873046875, 5134.5771484375, -287.7202453613281, 272.82891845703125, 582.8517456054688, 946.5975341796875, 181.00755310058594, 275.6391906738281, 376.9344787597656, -96.32252502441406, 308.00921630859375, -360.13397216796875, -18.161849975585938], [-1099.1568603515625, -287.7202453613281, 1597.340576171875, 5.855824947357178, 40.6290397644043, 515.5866088867188, -328.90716552734375, 105.36859893798828, 129.77488708496094, -270.1114196777344, 102.67691802978516, -47.50091552734375, -26.71961784362793], [382.2875671386719, 272.82891845703125, 5.855824947357178, 620.4884643554688, 202.6353759765625, 216.8097686767578, -25.422840118408203, 136.68603515625, 152.06103515625, -56.993499755859375, 64.02427673339844, -42.892757415771484, -16.052894592285156], [-68.59912872314453, 582.8517456054688, 40.6290397644043, 202.6353759765625, 518.697021484375, 158.7803192138672, -45.83086395263672, 62.62253189086914, 183.62318420410156, -24.47957420349121, 14.423918724060059, -13.166046142578125, -81.85623931884766], [-1214.6671142578125, 946.5975341796875, 515.5866088867188, 216.8097686767578, 158.7803192138672, 1242.9180908203125, -31.00726890563965, 294.4407043457031, 256.1055908203125, -184.37155151367188, 374.9712829589844, -300.84283447265625, 27.922815322875977], [495.3156433105469, 181.00755310058594, -328.90716552734375, -25.422840118408203, -45.83086395263672, -31.00726890563965, 459.3903503417969, 14.439156532287598, -88.71380615234375, 106.89714050292969, 4.583766937255859, -32.368961334228516, 2.2957661151885986], [-379.9472351074219, 275.6391906738281, 105.36859893798828, 136.68603515625, 62.62253189086914, 294.4407043457031, 14.439156532287598, 278.3291931152344, 100.0854721069336, -72.62002563476562, 108.21467590332031, -78.87946319580078, 49.49498748779297], [-332.04180908203125, 376.9344787597656, 129.77488708496094, 152.06103515625, 183.62318420410156, 256.1055908203125, -88.71380615234375, 100.0854721069336, 308.8443603515625, -35.44642639160156, 78.23560333251953, -58.35841369628906, -14.035795211791992], [626.1828002929688, -96.32252502441406, -270.1114196777344, -56.993499755859375, -24.47957420349121, -184.37155151367188, 106.89714050292969, -72.62002563476562, -35.44642639160156, 239.84938049316406, -47.043270111083984, 30.711198806762695, 10.98537826538086], [-411.1017761230469, 308.00921630859375, 102.67691802978516, 64.02427673339844, 14.423918724060059, 374.9712829589844, 4.583766937255859, 108.21467590332031, 78.23560333251953, -47.043270111083984, 255.4183807373047, -84.55635833740234, 79.5433578491211], [315.3067321777344, -360.13397216796875, -47.50091552734375, -42.892757415771484, -13.166046142578125, -300.84283447265625, -32.368961334228516, -78.87946319580078, -58.35841369628906, 30.711198806762695, -84.55635833740234, 227.9741668701172, 3.1769039630889893], [-73.64496612548828, -18.161849975585938, -26.71961784362793, -16.052894592285156, -81.85623931884766, 27.922815322875977, 2.2957661151885986, 49.49498748779297, -14.035795211791992, 10.98537826538086, 79.5433578491211, 3.1769039630889893, 183.251953125]], "lowlevel.mfcc.icov": [[0.00036013330100104213, 0.00023992895148694515, 9.27776491153054e-05, -0.0004284745373297483, -0.00019556769984774292, 4.006752715213224e-05, -0.0003036157868336886, 0.00022948118567001075, 0.00010266772733302787, -0.0005967189790681005, 9.401842544320971e-05, 3.91214489354752e-05, -4.991520199837396e-06], [0.00023992895148694515, 0.0004471296560950577, 0.00018465868197381496, -0.00022151180019136518, -0.0004089886206202209, -0.0001136497303377837, -0.00029933699988760054, 0.00017413216119166464, -5.257281009107828e-05, -0.00026767898816615343, 1.6279627743642777e-05, 0.00024491886142641306, -5.9690006310120225e-05], [9.27776491153054e-05, 0.00018465868197381496, 0.0010460849152877927, 9.3577298684977e-05, -6.46995977149345e-05, -0.0005376270855776966, 0.0003814337542280555, 4.070336581207812e-05, -7.669613842153922e-05, 0.0005196548881940544, 0.0002565226750448346, -0.00024202547501772642, 0.00010938136256299913], [-0.0004284745373297483, -0.00022151180019136518, 9.3577298684977e-05, 0.002629695227369666, -0.00035230835783295333, -0.0001778614823706448, 0.0003825878957286477, -0.0009628698462620378, -0.0006095052813179791, 0.0010164541890844703, -0.0001464703236706555, -0.00012606913514900953, 0.00013300482532940805], [-0.00019556769984774292, -0.0004089886206202209, -6.46995977149345e-05, -0.00035230835783295333, 0.0032241344451904297, -0.00011569540220079944, 0.0002995020477101207, -0.00030454201623797417, -0.0012722562532871962, 9.483677422394976e-05, 0.00017843281966634095, -0.0007738207932561636, 0.001209717825986445], [4.006752715213224e-05, -0.0001136497303377837, -0.0005376270855776966, -0.0001778614823706448, -0.00011569540220079944, 0.0027125708293169737, -0.00020523315470200032, -0.0007378969457931817, -0.00043407775228843093, 0.0003013881796505302, -0.0026471575256437063, 0.001764513785019517, 0.0007148697623051703], [-0.0003036157868336886, -0.00029933699988760054, 0.0003814337542280555, 0.0003825878957286477, 0.0002995020477101207, -0.00020523315470200032, 0.0033244164660573006, -0.0009277617209590971, 0.0010017800377681851, -0.0006582913338206708, -0.00028134905733168125, 0.0002291564451297745, 0.0005457796505652368], [0.00022948118567001075, 0.00017413216119166464, 4.070336581207812e-05, -0.0009628698462620378, -0.00030454201623797417, -0.0007378969457931817, -0.0009277617209590971, 0.006033411715179682, -0.0008491139160469174, 0.0008374522440135479, 6.267588469199836e-05, 0.0004671158967539668, -0.001761028659529984], [0.00010266772733302787, -5.257281009107828e-05, -7.669613842153922e-05, -0.0006095052813179791, -0.0012722562532871962, -0.00043407775228843093, 0.0010017800377681851, -0.0008491139160469174, 0.005476238206028938, -0.0010078997584059834, -0.00043784541776403785, 0.0002167536731576547, 0.00035226214095018804], [-0.0005967189790681005, -0.00026767898816615343, 0.0005196548881940544, 0.0010164541890844703, 9.483677422394976e-05, 0.0003013881796505302, -0.0006582913338206708, 0.0008374522440135479, -0.0010078997584059834, 0.007115224841982126, 2.3057304133544676e-05, 0.00010517752525629476, -0.0008385952678509057], [9.401842544320971e-05, 1.6279627743642777e-05, 0.0002565226750448346, -0.0001464703236706555, 0.00017843281966634095, -0.0026471575256437063, -0.00028134905733168125, 6.267588469199836e-05, -0.00043784541776403785, 2.3057304133544676e-05, 0.008906016126275063, -0.00034474683343432844, -0.003361108712852001], [3.91214489354752e-05, 0.00024491886142641306, -0.00024202547501772642, -0.00012606913514900953, -0.0007738207932561636, 0.001764513785019517, 0.0002291564451297745, 0.0004671158967539668, 0.0002167536731576547, 0.00010517752525629476, -0.00034474683343432844, 0.0070464652962982655, -0.0007121140952222049], [-4.991520199837396e-06, -5.9690006310120225e-05, 0.00010938136256299913, 0.00013300482532940805, 0.001209717825986445, 0.0007148697623051703, 0.0005457796505652368, -0.001761028659529984, 0.00035226214095018804, -0.0008385952678509057, -0.003361108712852001, -0.0007121140952222049, 0.00792542565613985]], "metadata.audio_properties.analysis.downmix": "mix", "metadata.audio_properties.codec": "mp3", "metadata.audio_properties.md5_encoded": "b03df14b2435dea950c14bdc9e29d689", "metadata.tags.file_name": "1182271290896293899.mp3", "metadata.version.essentia": "2.1-beta6-dev", "metadata.version.essentia_git_sha": "v2.1_beta5-1110-g77a6a954", "metadata.version.extractor": "music 2.0", "tonal.chords_key": "D", "tonal.chords_scale": "major", "tonal.key_edma.key": "G", "tonal.key_edma.scale": "major", "tonal.key_krumhansl.key": "G", "tonal.key_krumhansl.scale": "