{"song_id": "1182283306167959572", "download": "https://cdn.discordapp.com/attachments/1128313332273782784/1182283306167959572/chirp.mp4?ex=65842221&amp", "lyrics": "[verse]\nMy friends and I, we gather round\nFriday nights at my place, spells abound\nBut this week, they all have plans\nLeaving me to face magic's lands\n\n[chorus]\nMy friends can't play Magic the Gathering with me\nTheir absence leaves an emptiness, can't you see\nI hold my cards, waiting for the game to start\nBut it seems this Friday night, I'll play alone, my heart apart", "style": ["UK drill"], "essentia_features": {"lowlevel.average_loudness": 0.875519871711731, "lowlevel.barkbands_crest.mean": 10.786361694335938, "lowlevel.barkbands_crest.stdev": 4.749084949493408, "lowlevel.barkbands_flatness_db.mean": 0.16818106174468994, "lowlevel.barkbands_flatness_db.stdev": 0.05043446645140648, "lowlevel.barkbands_kurtosis.mean": 4.9137043952941895, "lowlevel.barkbands_kurtosis.stdev": 21.236848831176758, "lowlevel.barkbands_skewness.mean": 1.3056814670562744, "lowlevel.barkbands_skewness.stdev": 1.8786847591400146, "lowlevel.barkbands_spread.mean": 37.96985626220703, "lowlevel.barkbands_spread.stdev": 18.184890747070312, "lowlevel.dissonance.mean": 0.4459882378578186, "lowlevel.dissonance.stdev": 0.03304389491677284, "lowlevel.dynamic_complexity": 1.6916362047195435, "lowlevel.erbbands_crest.mean": 9.428411483764648, "lowlevel.erbbands_crest.stdev": 3.941951036453247, "lowlevel.erbbands_flatness_db.mean": 0.17571914196014404, "lowlevel.erbbands_flatness_db.stdev": 0.04531797394156456, "lowlevel.erbbands_kurtosis.mean": 0.2868764102458954, "lowlevel.erbbands_kurtosis.stdev": 2.2308084964752197, "lowlevel.erbbands_skewness.mean": 0.5866291522979736, "lowlevel.erbbands_skewness.stdev": 0.8707887530326843, "lowlevel.erbbands_spread.mean": 61.644775390625, "lowlevel.erbbands_spread.stdev": 25.430349349975586, "lowlevel.hfc.mean": 62.004119873046875, "lowlevel.hfc.stdev": 36.30677795410156, "lowlevel.loudness_ebu128.integrated": -13.728014945983887, "lowlevel.loudness_ebu128.loudness_range": 2.6426172256469727, "lowlevel.loudness_ebu128.momentary.mean": -14.0090970993042, "lowlevel.loudness_ebu128.momentary.stdev": 1.7058285474777222, "lowlevel.loudness_ebu128.short_term.mean": -13.672457695007324, "lowlevel.loudness_ebu128.short_term.stdev": 0.8621051907539368, "lowlevel.melbands_crest.mean": 15.002599716186523, "lowlevel.melbands_crest.stdev": 5.969641208648682, "lowlevel.melbands_flatness_db.mean": 0.17917220294475555, "lowlevel.melbands_flatness_db.stdev": 0.07164575904607773, "lowlevel.melbands_kurtosis.mean": 23.771455764770508, "lowlevel.melbands_kurtosis.stdev": 53.4112548828125, "lowlevel.melbands_skewness.mean": 3.235236167907715, "lowlevel.melbands_skewness.stdev": 2.56345534324646, "lowlevel.melbands_spread.mean": 41.1069450378418, "lowlevel.melbands_spread.stdev": 37.236244201660156, "lowlevel.pitch_salience.mean": 0.5161396265029907, "lowlevel.pitch_salience.stdev": 0.14021392166614532, "lowlevel.silence_rate_20dB.mean": 1.0, "lowlevel.silence_rate_20dB.stdev": 0.0, "lowlevel.silence_rate_30dB.mean": 0.9316239356994629, "lowlevel.silence_rate_30dB.stdev": 0.252392053604126, "lowlevel.silence_rate_60dB.mean": 0.022533021867275238, "lowlevel.silence_rate_60dB.stdev": 0.14840812981128693, "lowlevel.spectral_centroid.mean": 1662.118896484375, "lowlevel.spectral_centroid.stdev": 868.0247802734375, "lowlevel.spectral_complexity.mean": 14.210567474365234, "lowlevel.spectral_complexity.stdev": 6.558914661407471, "lowlevel.spectral_decrease.mean": -8.10235789572289e-09, "lowlevel.spectral_decrease.stdev": 1.0325361010643519e-08, "lowlevel.spectral_energy.mean": 0.03620413690805435, "lowlevel.spectral_energy.stdev": 0.039009712636470795, "lowlevel.spectral_energyband_high.mean": 0.0050131166353821754, "lowlevel.spectral_energyband_high.stdev": 0.003821116639301181, "lowlevel.spectral_energyband_low.mean": 0.011254576034843922, "lowlevel.spectral_energyband_low.stdev": 0.0389985591173172, "lowlevel.spectral_energyband_middle_high.mean": 0.0071234083734452724, "lowlevel.spectral_energyband_middle_high.stdev": 0.00645066425204277, "lowlevel.spectral_energyband_middle_low.mean": 0.013419446535408497, "lowlevel.spectral_energyband_middle_low.stdev": 0.014481998048722744, "lowlevel.spectral_entropy.mean": 7.8820271492004395, "lowlevel.spectral_entropy.stdev": 0.4869947135448456, "lowlevel.spectral_flux.mean": 0.10065437108278275, "lowlevel.spectral_flux.stdev": 0.0825788602232933, "lowlevel.spectral_kurtosis.mean": 1.362478494644165, "lowlevel.spectral_kurtosis.stdev": 3.531282424926758, "lowlevel.spectral_rms.mean": 0.005404485855251551, "lowlevel.spectral_rms.stdev": 0.002472373191267252, "lowlevel.spectral_rolloff.mean": 5427.58251953125, "lowlevel.spectral_rolloff.stdev": 3790.249755859375, "lowlevel.spectral_skewness.mean": 1.172757625579834, "lowlevel.spectral_skewness.stdev": 0.5140168070793152, "lowlevel.spectral_spread.mean": 9256417.0, "lowlevel.spectral_spread.stdev": 2106035.5, "lowlevel.spectral_strongpeak.mean": 1.7020294666290283, "lowlevel.spectral_strongpeak.stdev": 1.3297044038772583, "lowlevel.zerocrossingrate.mean": 0.161655992269516, "lowlevel.zerocrossingrate.stdev": 0.08072352409362793, "metadata.audio_properties.analysis.equal_loudness": 0.0, "metadata.audio_properties.analysis.length": 29.84532928466797, "metadata.audio_properties.analysis.sample_rate": 44100.0, "metadata.audio_properties.analysis.start_time": 0.0, "metadata.audio_properties.bit_rate": 124209.0, "metadata.audio_properties.length": 29.845333099365234, "metadata.audio_properties.lossless": 0.0, "metadata.audio_properties.number_channels": 1.0, "metadata.audio_properties.replay_gain": -11.694536209106445, "metadata.audio_properties.sample_rate": 48000.0, "rhythm.beats_count": 69.0, "rhythm.beats_loudness.mean": 0.06251378357410431, "rhythm.beats_loudness.stdev": 0.05877222865819931, "rhythm.bpm": 139.89120483398438, "rhythm.bpm_histogram_first_peak_bpm": 140.0, "rhythm.bpm_histogram_first_peak_weight": 0.46268653869628906, "rhythm.bpm_histogram_second_peak_bpm": 148.0, "rhythm.bpm_histogram_second_peak_spread": 0.0, "rhythm.bpm_histogram_second_peak_weight": 0.014705882407724857, "rhythm.danceability": 1.2896798849105835, "rhythm.onset_rate": 3.449331283569336, "tonal.chords_changes_rate": 0.0357142873108387, "tonal.chords_number_rate": 0.00776397529989481, "tonal.chords_strength.mean": 0.5025173425674438, "tonal.chords_strength.stdev": 0.06034320965409279, "tonal.hpcp_crest.mean": 20.196237564086914, "tonal.hpcp_crest.stdev": 8.666312217712402, "tonal.hpcp_entropy.mean": 1.2594057321548462, "tonal.hpcp_entropy.stdev": 0.6983860731124878, "tonal.key_edma.strength": 0.8286283016204834, "tonal.key_krumhansl.strength": 0.8292697072029114, "tonal.key_temperley.strength": 0.8239245414733887, "tonal.tuning_diatonic_strength": 0.5960705280303955, "tonal.tuning_equal_tempered_deviation": 0.011682295240461826, "tonal.tuning_frequency": 441.0177917480469, "tonal.tuning_nontempered_energy_ratio": 0.5737727880477905, "lowlevel.barkbands.mean": [7.012646528892219e-05, 0.0075904252007603645, 0.0030279720667749643, 0.0010140277445316315, 0.0017861956730484962, 0.0046104625798761845, 0.003468297189101577, 0.0008483017445541918, 0.0016234491486102343, 0.0011781386565417051, 0.003236300079151988, 0.0005234107375144958, 0.00017137227405328304, 0.0004004380898550153, 0.00028803214081563056, 0.0003113773709628731, 0.00029323529452085495, 0.00021855797967873514, 0.00035555820795707405, 0.00036964588798582554, 0.00019673934730235487, 0.00013571418821811676, 0.0008324174559675157, 0.0012438436970114708, 0.0019202401163056493, 0.0004806292417924851, 9.211786164087243e-06], "lowlevel.barkbands.stdev": [0.0002454071945976466, 0.029368257150053978, 0.01629398949444294, 0.006371357478201389, 0.006586865987628698, 0.005649749655276537, 0.00519059132784605, 0.0014050983591005206, 0.0027976592537015676, 0.002094557508826256, 0.005025846883654594, 0.0010394285200163722, 0.00042293555452488363, 0.0009349022875539958, 0.0006202430813573301, 0.0006435582763515413, 0.000519541441462934, 0.00029803888173773885, 0.0005526381428353488, 0.0005082432762719691, 0.0002386324485996738, 0.0002146666229236871, 0.0010568902362138033, 0.0014520817203447223, 0.0015131804393604398, 0.000399357988499105, 1.6545200196560472e-05], "lowlevel.erbbands.mean": [0.16222397983074188, 1.8882558345794678, 3.820127010345459, 3.5370330810546875, 3.539419174194336, 6.024160385131836, 23.121261596679688, 40.90370178222656, 43.98958206176758, 44.52224349975586, 17.61886978149414, 29.931488037109375, 43.98383331298828, 63.50266647338867, 103.85664367675781, 17.072290420532227, 8.419431686401367, 17.17035484313965, 12.276564598083496, 19.455522537231445, 19.827314376831055, 18.733978271484375, 11.521760940551758, 16.092573165893555, 17.128129959106445, 18.096052169799805, 12.887527465820312, 4.376068115234375, 4.340461254119873, 10.029111862182617, 26.9445743560791, 26.353452682495117, 22.59068489074707, 24.608623504638672, 11.091438293457031, 3.3189258575439453, 0.6077544093132019, 0.058932945132255554, 0.0015876480611041188, 0.00013270662748254836], "lowlevel.erbbands.stdev": [0.6221258640289307, 7.4509124755859375, 17.787137985229492, 19.82016372680664, 22.305639266967773, 20.77838706970215, 29.366628646850586, 50.53351974487305, 73.56283569335938, 81.14745330810547, 24.62066078186035, 47.766868591308594, 65.35828399658203, 75.43427276611328, 151.98623657226562, 25.98355484008789, 17.062835693359375, 54.40593719482422, 20.593830108642578, 43.16613006591797, 41.95051193237305, 33.73540496826172, 15.20201587677002, 24.675710678100586, 22.597997665405273, 25.206220626831055, 14.174116134643555, 6.4815144538879395, 6.286040306091309, 15.932113647460938, 33.742305755615234, 32.463443756103516, 24.855587005615234, 21.3476619720459, 8.498700141906738, 2.692310094833374, 0.5641628503799438, 0.059201739728450775, 0.0016527846455574036, 7.444534276146442e-05], "lowlevel.gfcc.mean": [14.76623249053955, -14.259544372558594, -131.42422485351562, -25.05853271484375, -111.31046295166016, -2.2525477409362793, -68.69499969482422, 18.295541763305664, -41.13612747192383, 4.479311943054199, -6.134338855743408, 16.86322021484375, 4.530942916870117], "lowlevel.melbands.mean": [0.0018494651885703206, 0.002166525926440954, 0.0006176495226100087, 0.00031013329862616956, 0.0007338958093896508, 0.0009349824395030737, 0.0006468573701567948, 0.00041732084355317056, 0.0001355476852040738, 0.00020448854775168002, 0.00022867314692121, 0.00024617224698886275, 0.0004733030218631029, 6.917149585206062e-05, 1.76770245161606e-05, 2.4278209821204655e-05, 3.1607858545612544e-05, 2.157407288905233e-05, 2.156512528017629e-05, 2.1997744624968618e-05, 2.244789357064292e-05, 2.1421430574264377e-05, 9.308902008342557e-06, 1.2008265912299976e-05, 1.263718331756536e-05, 1.552442518004682e-05, 1.0693548574636225e-05, 1.2128632079111412e-05, 9.849016350926831e-06, 3.7844861253688578e-06, 2.050143621090683e-06, 2.1258385913824895e-06, 3.137650764983846e-06, 6.44910187475034e-06, 1.4445232409343589e-05, 1.9044500731979497e-05, 1.4659237422165461e-05, 1.5242032532114536e-05, 1.763197360560298e-05, 2.194171247538179e-05], "lowlevel.melbands.stdev": [0.007094657048583031, 0.008521558716893196, 0.0032729394733905792, 0.0015128859085962176, 0.0009702336974442005, 0.0011008174624294043, 0.0010207713348791003, 0.000749823113437742, 0.00019528143457137048, 0.0003465356712695211, 0.0003488080983515829, 0.00029371510026976466, 0.0007330332882702351, 0.00014166229811962694, 5.012063047615811e-05, 8.03689326858148e-05, 9.241085354005918e-05, 4.2342351662227884e-05, 4.566159987007268e-05, 4.237600660417229e-05, 5.4941348935244605e-05, 4.542317765299231e-05, 1.3942793884780258e-05, 1.7178545022034086e-05, 2.174636028939858e-05, 2.5295745217590593e-05, 1.656539461691864e-05, 1.750998490024358e-05, 1.128549592976924e-05, 5.559769761021016e-06, 3.4378863347228616e-06, 2.99498515232699e-06, 5.722837613575393e-06, 1.0633662895997986e-05, 1.894722845463548e-05, 2.3727556254016235e-05, 1.898649315990042e-05, 1.9082701328443363e-05, 1.689829514361918e-05, 1.9557744963094592e-05], "lowlevel.melbands128.mean": [5.8474732213653624e-05, 0.000898937345482409, 0.002839690539985895, 0.003241944592446089, 0.002296978607773781, 0.0013502375222742558, 0.0007194977370090783, 0.00046617083717137575, 0.0003428771742619574, 0.0002458293456584215, 0.00030578416772186756, 0.0004669283516705036, 0.0005797910853289068, 0.0014758873730897903, 0.0010392192052677274, 0.000513711420353502, 0.0007992060272954404, 0.0006444698665291071, 0.00043669252772815526, 0.0006956905126571655, 0.00022433316917158663, 0.00018268356507178396, 5.310983397066593e-05, 0.00018587123486213386, 0.00020113294885959476, 0.00017321044288109988, 0.0003402346046641469, 0.00010130655573448166, 0.0003481016028672457, 0.00014354674203787, 0.00010755877156043425, 0.0005945931770838797, 0.0008228503866121173, 5.10058416693937e-05, 0.00013925305393058807, 5.058328315499239e-05, 8.682170118845534e-06, 2.4603896235930733e-05, 1.8848995750886388e-05, 9.345848411612678e-06, 9.058519026439171e-06, 7.652219937881455e-05, 2.1237328837742098e-05, 9.80713502940489e-06, 5.17015578225255e-05, 1.1100935807917267e-05, 7.983053365023807e-06, 1.8167245798395015e-05, 2.4436627427348867e-05, 4.311841621529311e-05, 1.0468075743119698e-05, 1.1515988262544852e-05, 4.006641756859608e-05, 1.8154718418372795e-05, 7.99362805992132e-06, 3.631715298979543e-05, 1.379832156089833e-05, 1.1296583579678554e-05, 6.945429504412459e-06, 7.162398105720058e-06, 1.5236794752127025e-05, 1.287070699618198e-05, 7.840903890610207e-06, 1.0928927622444462e-05, 2.3856686311773956e-05, 1.7562388165970333e-05, 8.758759577176534e-06, 1.0616600775392726e-05, 9.307705113315023e-06, 1.4509076208923943e-05, 1.1932510460610501e-05, 1.1816562619060278e-05, 1.0377055332355667e-05, 1.2007952136627864e-05, 5.5642863117100205e-06, 4.075594461028231e-06, 2.7811265681521036e-06, 2.088122755594668e-06, 1.9235292256780667e-06, 2.0305787984398194e-06, 1.989485099329613e-06, 2.0283591766201425e-06, 2.749367013166193e-06, 3.104393272224115e-06, 3.4203287668788107e-06, 4.760313913720893e-06, 7.12995233698166e-06, 1.0627132724039257e-05, 1.485457869421225e-05, 1.572110522829462e-05, 2.1954892872599885e-05, 1.7808415577746928e-05, 1.9525074094417505e-05, 1.220233752974309e-05, 1.4675812963105273e-05, 1.3393311746767722e-05, 1.8102346075465903e-05, 1.3539567589759827e-05, 1.5272220480255783e-05, 1.9216038708691485e-05, 2.562166628194973e-05, 1.9699244148796424e-05, 2.2648408048553392e-05, 1.9914257791242562e-05, 1.1219170119147748e-05, 6.115498763392679e-06, 7.883318176027387e-06, 8.104532753350213e-06, 5.697918822988868e-06, 3.884478246618528e-06, 2.777724603220122e-06, 2.0236498130543623e-06, 1.8511302641854854e-06, 1.1613373089858214e-06, 8.933606068239897e-07, 4.387840988329117e-07, 3.0542125273314014e-07, 1.0279080697728205e-07, 6.917396877526016e-09, 9.63332452003085e-12, 6.361108254721026e-12, 6.13414180561378e-12, 5.935481706825785e-12, 5.7314582767309386e-12, 5.32231897443225e-12, 4.755633387087954e-12, 4.439956648866206e-12, 4.365825409524682e-12], "lowlevel.melbands128.stdev": [0.00022451530094258487, 0.0035986825823783875, 0.011651282198727131, 0.013508114032447338, 0.010390616953372955, 0.007500358857214451, 0.004394160117954016, 0.0030070380307734013, 0.00244046188890934, 0.0016052814899012446, 0.0011337120085954666, 0.0010599412489682436, 0.0009182163048535585, 0.0021860823035240173, 0.0014802580699324608, 0.001226805499754846, 0.001613491796888411, 0.0014074998907744884, 0.0008339276537299156, 0.0015379447722807527, 0.0003769257164094597, 0.00040686308057047427, 0.00012492640234995633, 0.00036815565545111895, 0.00046478313743136823, 0.0004243012226652354, 0.000890864641405642, 0.00016585939738433808, 0.0006964464555494487, 0.00034130978747271, 0.00029961325344629586, 0.0009565394138917327, 0.0013633413473144174, 7.413543062284589e-05, 0.00031368702184408903, 0.00010935757745755836, 2.7616284569376148e-05, 0.00010246684541925788, 5.942177813267335e-05, 2.4312836103490554e-05, 2.7150268579134718e-05, 0.00033449381589889526, 7.696391548961401e-05, 1.990587406908162e-05, 0.00012110888928873464, 2.9495042326743715e-05, 2.3438426069333218e-05, 6.686274718958884e-05, 6.26370165264234e-05, 0.00012669256830122322, 3.175299207214266e-05, 2.2801592422183603e-05, 0.00012312730541452765, 7.316153642022982e-05, 1.2889152458228637e-05, 0.00010193959315074608, 2.3632057491340674e-05, 2.6108375095645897e-05, 1.207900459121447e-05, 1.5245060239976738e-05, 2.6574321964289993e-05, 2.1745807316619903e-05, 1.573905501572881e-05, 2.681062869669404e-05, 6.361224222928286e-05, 4.627615635399707e-05, 1.3358721844269894e-05, 1.881579009932466e-05, 1.826762490964029e-05, 3.0185030482243747e-05, 2.231607686553616e-05, 2.1363814084907062e-05, 1.6742798834457062e-05, 1.8751919924397953e-05, 9.593539289198816e-06, 6.643011147389188e-06, 6.459177257056581e-06, 3.1889705951471115e-06, 4.205924597044941e-06, 3.431408003962133e-06, 2.983367949127569e-06, 3.130911181870033e-06, 4.827912107430166e-06, 6.741563538525952e-06, 7.2115935836336575e-06, 9.510913514532149e-06, 1.3143153410055675e-05, 1.8027292753686197e-05, 2.08003657462541e-05, 2.2664262360194698e-05, 3.0188057280611247e-05, 2.3952667106641456e-05, 2.785820106510073e-05, 1.9915276425308548e-05, 1.9634639102150686e-05, 2.052541276498232e-05, 2.54962760664057e-05, 1.6830679669510573e-05, 1.714987047307659e-05, 2.0765806766576134e-05, 2.594060242699925e-05, 1.958000757440459e-05, 2.3029899239190854e-05, 1.896029425552115e-05, 1.1237261787755415e-05, 5.844868610438425e-06, 7.685689524805639e-06, 7.282902970473515e-06, 5.529389000002993e-06, 4.6748536988161504e-06, 3.644021944637643e-06, 2.49083905146108e-06, 2.040785147983115e-06, 1.4151443110677064e-06, 1.1099723451479804e-06, 6.285212634793425e-07, 4.930562909066794e-07, 3.1981008419279533e-07, 6.608941305330518e-08, 7.089608067278874e-11, 2.9772465742761156e-11, 2.9501318055125125e-11, 2.8933262036234808e-11, 2.7295719504105698e-11, 2.0299295230841174e-11, 1.0362969163346669e-11, 7.478629694690486e-12, 7.367874539643271e-12], "lowlevel.mfcc.mean": [-632.9928588867188, 43.25625991821289, 0.7120217084884644, -33.6080207824707, -23.44658851623535, -44.062713623046875, -15.075848579406738, -13.896985054016113, -18.703887939453125, -8.818765640258789, -24.174442291259766, -7.950290203094482, 5.543759346008301], "lowlevel.spectral_contrast_coeffs.mean": [-0.5005728602409363, -0.6546016931533813, -0.6530779004096985, -0.7690476775169373, -0.7865583300590515, -0.7945600748062134], "lowlevel.spectral_contrast_coeffs.stdev": [0.11993429064750671, 0.08234840631484985, 0.07113578170537949, 0.05444730445742607, 0.03990522399544716, 0.03406953066587448], "lowlevel.spectral_contrast_valleys.mean": [-9.535017967224121, -7.068330764770508, -7.700459957122803, -8.022223472595215, -7.361129283905029, -8.990328788757324], "lowlevel.spectral_contrast_valleys.stdev": [1.475569725036621, 0.6837279796600342, 0.6405215263366699, 0.5866923332214355, 0.6390122771263123, 0.9774647355079651], "rhythm.beats_loudness_band_ratio.mean": [0.21906358003616333, 0.21839739382266998, 0.18033044040203094, 0.19174760580062866, 0.04489338770508766, 0.1597699075937271], "rhythm.beats_loudness_band_ratio.stdev": [0.39708906412124634, 0.1834201067686081, 0.14245231449604034, 0.1630646288394928, 0.03735080733895302, 0.13340649008750916], "tonal.hpcp.mean": [0.08228658884763718, 0.03941577672958374, 0.04045400023460388, 0.06257736682891846, 0.044895950704813004, 0.25089308619499207, 0.465279757976532, 0.23390956223011017, 0.02094605378806591, 0.026716016232967377, 0.023273630067706108, 0.12111527472734451, 0.22793924808502197, 0.1281065046787262, 0.020850596949458122, 0.018662048503756523, 0.018326343968510628, 0.058907486498355865, 0.09628435224294662, 0.06571688503026962, 0.194402813911438, 0.3359658420085907, 0.17306110262870789, 0.025118427351117134, 0.023540375754237175, 0.022894704714417458, 0.12104778736829758, 0.19640617072582245, 0.09800045192241669, 0.02090979367494583, 0.02129298634827137, 0.020616069436073303, 0.15046434104442596, 0.2773689031600952, 0.16131451725959778, 0.07836083322763443], "tonal.hpcp.stdev": [0.23683767020702362, 0.12995202839374542, 0.11677514016628265, 0.17044320702552795, 0.1165442243218422, 0.23654291033744812, 0.4042109549045563, 0.21610407531261444, 0.09622251242399216, 0.12656724452972412, 0.11259565502405167, 0.17593955993652344, 0.31599390506744385, 0.19052976369857788, 0.08109544962644577, 0.08758948743343353, 0.08697038143873215, 0.13899855315685272, 0.21643230319023132, 0.1600760817527771, 0.24282291531562805, 0.3858688175678253, 0.21823060512542725, 0.10156705975532532, 0.09580010920763016, 0.09984306246042252, 0.20673926174640656, 0.3206862509250641, 0.16872337460517883, 0.08430090546607971, 0.08871398866176605, 0.09419199824333191, 0.18972381949424744, 0.3425847589969635, 0.21962040662765503, 0.1996391862630844], "rhythm.beats_position": [0.4411791265010834, 0.8707482814788818, 1.300317406654358, 1.729886531829834, 2.1594557762145996, 2.5774149894714355, 3.0185940265655518, 3.4481632709503174, 3.877732276916504, 4.3073015213012695, 4.713650703430176, 5.154829978942871, 5.596008777618408, 6.025578022003174, 6.4551472663879395, 6.896326541900635, 7.314285755157471, 7.755464553833008, 8.185033798217773, 8.614603042602539, 9.032562255859375, 9.450521469116211, 9.891700744628906, 10.321269989013672, 10.750839233398438, 11.168798446655273, 11.598366737365723, 12.027935981750488, 12.469115257263184, 12.88707447052002, 13.316643714904785, 13.734602928161621, 14.164172172546387, 14.582131385803223, 15.000090599060059, 15.441269874572754, 15.85922908782959, 16.30040740966797, 16.741586685180664, 17.18276596069336, 17.600725173950195, 18.03029441833496, 18.471473693847656, 18.91265296936035, 19.342222213745117, 19.760181427001953, 20.17814064025879, 20.596099853515625, 21.02566909790039, 21.455238342285156, 21.884807586669922, 22.302766799926758, 22.732336044311523, 23.16190528869629, 23.591472625732422, 24.009431838989258, 24.439001083374023, 24.86857032775879, 25.309749603271484, 25.73931884765625, 26.168888092041016, 26.59845733642578, 27.016416549682617, 27.445985794067383, 27.87555503845215, 28.305124282836914, 28.73469352722168, 29.164262771606445, 29.59383201599121], "rhythm.bpm_histogram": [0.0, 0.0, 0.0, 0.0, 0.0, 0.0, 0.0, 0.0, 0.0, 0.0, 0.0, 0.0, 0.0, 0.0, 0.0, 0.0, 0.0, 0.0, 0.0, 0.0, 0.0, 0.0, 0.0, 0.0, 0.0, 0.0, 0.0, 0.0, 0.0, 0.0, 0.0, 0.0, 0.0, 0.0, 0.0, 0.0, 0.0, 0.0, 0.0, 0.0, 0.0, 0.0, 0.0, 0.0, 0.0, 0.0, 0.0, 0.0, 0.0, 0.0, 0.0, 0.0, 0.0, 0.0, 0.0, 0.0, 0.0, 0.0, 0.0, 0.0, 0.0, 0.0, 0.0, 0.0, 0.0, 0.0, 0.0, 0.0, 0.0, 0.0, 0.0, 0.0, 0.0, 0.0, 0.0, 0.0, 0.0, 0.0, 0.0, 0.0, 0.0, 0.0, 0.0, 0.0, 0.0, 0.0, 0.0, 0.0, 0.0, 0.0, 0.0, 0.0, 0.0, 0.0, 0.0, 0.0, 0.0, 0.0, 0.0, 0.0, 0.0, 0.0, 0.0, 0.0, 0.0, 0.0, 0.0, 0.0, 0.0, 0.0, 0.0, 0.0, 0.0, 0.0, 0.0, 0.0, 0.0, 0.0, 0.0, 0.0, 0.0, 0.0, 0.0, 0.0, 0.0, 0.0, 0.0, 0.0, 0.0, 0.0, 0.0, 0.0, 0.0, 0.0, 0.0, 0.0, 0.20588235557079315, 0.0, 0.0, 0.0, 0.529411792755127, 0.0, 0.0, 0.0, 0.25, 0.0, 0.0, 0.0, 0.014705882407724857, 0.0, 0.0, 0.0, 0.0, 0.0, 0.0, 0.0, 0.0, 0.0, 0.0, 0.0, 0.0, 0.0, 0.0, 0.0, 0.0, 0.0, 0.0, 0.0, 0.0, 0.0, 0.0, 0.0, 0.0, 0.0, 0.0, 0.0, 0.0, 0.0, 0.0, 0.0, 0.0, 0.0, 0.0, 0.0, 0.0, 0.0, 0.0, 0.0, 0.0, 0.0, 0.0, 0.0, 0.0, 0.0, 0.0, 0.0, 0.0, 0.0, 0.0, 0.0, 0.0, 0.0, 0.0, 0.0, 0.0, 0.0, 0.0, 0.0, 0.0, 0.0, 0.0, 0.0, 0.0, 0.0, 0.0, 0.0, 0.0, 0.0, 0.0, 0.0, 0.0, 0.0, 0.0, 0.0, 0.0, 0.0, 0.0, 0.0, 0.0, 0.0, 0.0, 0.0, 0.0, 0.0, 0.0, 0.0, 0.0, 0.0, 0.0, 0.0, 0.0, 0.0, 0.0, 0.0, 0.0, 0.0, 0.0, 0.0, 0.0, 0.0], "tonal.chords_histogram": [53.881988525390625, 9.161490440368652, 7.919254779815674, 0.0, 0.0, 0.0, 0.0, 0.0, 0.0, 0.0, 0.0, 0.0, 0.0, 0.0, 0.0, 0.0, 0.0, 1.8633540868759155, 0.0, 0.0, 0.0, 0.0, 0.0, 27.173913955688477], "tonal.thpcp": [1.0, 0.5027288794517517, 0.04501819238066673, 0.05741925165057182, 0.0500207245349884, 0.26030635833740234, 0.4898971915245056, 0.2753322124481201, 0.04481303319334984, 0.0401093065738678, 0.03938779607415199, 0.12660659849643707, 0.20693862438201904, 0.141241654753685, 0.41781920194625854, 0.7220727801322937, 0.371950626373291, 0.05398564413189888, 0.0505940243601799, 0.04920632019639015, 0.26016131043434143, 0.4221248924732208, 0.21062694489955902, 0.04494025930762291, 0.045763835310935974, 0.04430897533893585, 0.32338467240333557, 0.5961335897445679, 0.346704363822937, 0.1684165894985199, 0.1768539994955063, 0.0847141444683075, 0.086945541203022, 0.13449406623840332, 0.09649237990379333, 0.5392305850982666], "lowlevel.gfcc.cov": [[3247.850341796875, -341.9628601074219, 622.455810546875, 267.266357421875, 91.75871276855469, 214.41822814941406, -59.319522857666016, 277.0311279296875, -59.41570281982422, 79.81316375732422, -70.35897064208984, -23.125999450683594, -41.60676956176758], [-341.9628601074219, 2149.45947265625, 606.3840942382812, 449.25091552734375, 618.6229248046875, 120.46915435791016, 424.9662170410156, -90.04307556152344, 73.66397094726562, -173.29623413085938, -150.58111572265625, -121.23590850830078, -59.560707092285156], [622.455810546875, 606.3840942382812, 1353.3017578125, 904.80908203125, 625.4522705078125, 541.042236328125, 395.7366638183594, 289.02447509765625, 193.0802459716797, 28.814367294311523, -66.05621337890625, 7.008062362670898, -157.2147216796875], [267.266357421875, 449.25091552734375, 904.80908203125, 911.6343994140625, 533.9772338867188, 407.7157897949219, 354.3859558105469, 277.6632385253906, 220.8592071533203, 20.390636444091797, -32.5825309753418, 4.609316349029541, -89.64921569824219], [91.75871276855469, 618.6229248046875, 625.4522705078125, 533.9772338867188, 590.8235473632812, 311.2707214355469, 331.1163635253906, 180.7726287841797, 146.72454833984375, 60.180320739746094, -30.62763023376465, -10.728879928588867, -87.6174545288086], [214.41822814941406, 120.46915435791016, 541.042236328125, 407.7157897949219, 311.2707214355469, 442.21929931640625, 246.63348388671875, 162.3719024658203, 126.23809051513672, 78.78497314453125, 18.282304763793945, 1.2532991170883179, -49.597877502441406], [-59.319522857666016, 424.9662170410156, 395.7366638183594, 354.3859558105469, 331.1163635253906, 246.63348388671875, 332.2183837890625, 146.36502075195312, 139.0238494873047, 53.58788299560547, 21.372337341308594, 21.327856063842773, -57.86056137084961], [277.0311279296875, -90.04307556152344, 289.02447509765625, 277.6632385253906, 180.7726287841797, 162.3719024658203, 146.36502075195312, 299.3265075683594, 154.35325622558594, 74.3825912475586, 60.98529815673828, 45.22139358520508, -31.14450454711914], [-59.41570281982422, 73.66397094726562, 193.0802459716797, 220.8592071533203, 146.72454833984375, 126.23809051513672, 139.0238494873047, 154.35325622558594, 184.46817016601562, 72.44471740722656, 47.65334701538086, 34.52545928955078, -29.2825870513916], [79.81316375732422, -173.29623413085938, 28.814367294311523, 20.390636444091797, 60.180320739746094, 78.78497314453125, 53.58788299560547, 74.3825912475586, 72.44471740722656, 174.6988067626953, 80.68902587890625, 31.817035675048828, -17.770217895507812], [-70.35897064208984, -150.58111572265625, -66.05621337890625, -32.5825309753418, -30.62763023376465, 18.282304763793945, 21.372337341308594, 60.98529815673828, 47.65334701538086, 80.68902587890625, 139.48721313476562, 54.88096618652344, 10.84583568572998], [-23.125999450683594, -121.23590850830078, 7.008062362670898, 4.609316349029541, -10.728879928588867, 1.2532991170883179, 21.327856063842773, 45.22139358520508, 34.52545928955078, 31.817035675048828, 54.88096618652344, 104.82598876953125, 21.840087890625], [-41.60676956176758, -59.560707092285156, -157.2147216796875, -89.64921569824219, -87.6174545288086, -49.597877502441406, -57.86056137084961, -31.14450454711914, -29.2825870513916, -17.770217895507812, 10.84583568572998, 21.840087890625, 117.56414031982422]], "lowlevel.gfcc.icov": [[0.00049014255637303, -0.00011600118159549311, -0.0002797487541101873, -2.3318114472203888e-05, 0.0003222971863579005, -0.0001628394820727408, 0.0004956370103172958, -0.0009714273037388921, 0.0009611521963961422, -0.0007005315856076777, 0.0005115059320814908, -1.8772780094877817e-05, -2.9283095500431955e-05], [-0.00011600118159549311, 0.0018667550757527351, -0.0010049998527392745, 0.0009092788095586002, -0.001968765165656805, 0.0019059790065512061, -0.00259920721873641, 0.00231164856813848, -0.0018107546493411064, 0.0022783915046602488, -0.0010669296607375145, 0.0022440676111727953, -0.0015009925700724125], [-0.0002797487541101873, -0.0010049998527392745, 0.004181273747235537, -0.0026358808390796185, 0.00019089887791778892, -0.002971235429868102, 0.0016593508189544082, -0.0011620083823800087, 0.0015358751406893134, -0.0004622986016329378, 0.0014899218222126365, -0.0029595440719276667, 0.003095940686762333], [-2.3318114472203888e-05, 0.0009092788095586002, -0.0026358808390796185, 0.0053282021544873714, -0.002299117622897029, 0.0007229828624986112, -0.0015473010716959834, 0.0003417975967749953, -0.003302735975012183, 0.002604459412395954, -0.0005131076904945076, 0.0018559290328994393, -0.001815259805880487], [0.0003222971863579005, -0.001968765165656805, 0.00019089887791778892, -0.002299117622897029, 0.008052313700318336, -0.0017463498516008258, -0.0009230435243807733, -0.0030854472424834967, 0.002995596034452319, -0.004494742024689913, 0.003042844822630286, -0.0013109931023791432, 0.0016410481184720993], [-0.0001628394820727408, 0.0019059790065512061, -0.002971235429868102, 0.0007229828624986112, -0.0017463498516008258, 0.008129262365400791, -0.005007680039852858, 0.0022840145975351334, -0.0018612451385706663, 0.0004558665386866778, -0.0020085005089640617, 0.004296858794987202, -0.003253128146752715], [0.0004956370103172958, -0.00259920721873641, 0.0016593508189544082, -0.0015473010716959834, -0.0009230435243807733, -0.005007680039852858, 0.01321648433804512, -0.003318714676424861, 0.0004215318476781249, -0.00214413576759398, 0.0004053845477756113, -0.004624676425009966, 0.003325232770293951], [-0.0009714273037388921, 0.00231164856813848, -0.0011620083823800087, 0.0003417975967749953, -0.0030854472424834967, 0.0022840145975351334, -0.003318714676424861, 0.011324984952807426, -0.007496527396142483, 0.0035454556345939636, -0.0039427923038601875, 0.0017870002193376422, -0.0017345886444672942], [0.0009611521963961422, -0.0018107546493411064, 0.0015358751406893134, -0.003302735975012183, 0.002995596034452319, -0.0018612451385706663, 0.0004215318476781249, -0.007496527396142483, 0.016587737947702408, -0.005968462210148573, 0.001496959594078362, -0.0032831626012921333, 0.002328277798369527], [-0.0007005315856076777, 0.0022783915046602488, -0.0004622986016329378, 0.002604459412395954, -0.004494742024689913, 0.0004558665386866778, -0.00214413576759398, 0.0035454556345939636, -0.005968462210148573, 0.013596446253359318, -0.006396799348294735, 0.002073157113045454, -0.00022577817435376346], [0.0005115059320814908, -0.0010669296607375145, 0.0014899218222126365, -0.0005131076904945076, 0.003042844822630286, -0.0020085005089640617, 0.0004053845477756113, -0.0039427923038601875, 0.001496959594078362, -0.006396799348294735, 0.014835692010819912, -0.0057552955113351345, 0.0009235332254320383], [-1.8772780094877817e-05, 0.0022440676111727953, -0.0029595440719276667, 0.0018559290328994393, -0.0013109931023791432, 0.004296858794987202, -0.004624676425009966, 0.0017870002193376422, -0.0032831626012921333, 0.002073157113045454, -0.0057552955113351345, 0.016838710755109787, -0.005480778403580189], [-2.9283095500431955e-05, -0.0015009925700724125, 0.003095940686762333, -0.001815259805880487, 0.0016410481184720993, -0.003253128146752715, 0.003325232770293951, -0.0017345886444672942, 0.002328277798369527, -0.00022577817435376346, 0.0009235332254320383, -0.005480778403580189, 0.012997462414205074]], "lowlevel.mfcc.cov": [[2758.692626953125, -445.2007751464844, 352.37469482421875, 4.879982948303223, 196.75213623046875, -115.07361602783203, 90.43065643310547, -10.313889503479004, 74.68247985839844, 96.62882995605469, -54.55433654785156, -62.973045349121094, 70.99944305419922], [-445.2007751464844, 1771.09130859375, 164.443115234375, 445.9159851074219, 134.30226135253906, 337.7264404296875, 177.08717346191406, 184.84805297851562, 151.01158142089844, -7.841190814971924, 29.035049438476562, -22.65261459350586, -150.95599365234375], [352.37469482421875, 164.443115234375, 925.4937744140625, 500.14019775390625, 442.6216125488281, 398.2958984375, 289.6125793457031, 390.1315002441406, 255.83534240722656, 165.87925720214844, 164.04782104492188, 137.55789184570312, 24.70063591003418], [4.879982948303223, 445.9159851074219, 500.14019775390625, 685.3694458007812, 380.6882019042969, 334.7123718261719, 247.01951599121094, 349.16571044921875, 264.7955322265625, 111.94676971435547, 165.97198486328125, 145.5391082763672, 3.037717342376709], [196.75213623046875, 134.30226135253906, 442.6216125488281, 380.6882019042969, 421.22015380859375, 262.2222900390625, 229.89990234375, 255.2737579345703, 205.4745330810547, 157.58192443847656, 126.23550415039062, 108.6348648071289, 39.689029693603516], [-115.07361602783203, 337.7264404296875, 398.2958984375, 334.7123718261719, 262.2222900390625, 478.0988464355469, 241.99851989746094, 224.9678497314453, 168.53111267089844, 154.48849487304688, 133.01182556152344, 53.98847579956055, -12.989632606506348], [90.43065643310547, 177.08717346191406, 289.6125793457031, 247.01951599121094, 229.89990234375, 241.99851989746094, 273.7933349609375, 198.47987365722656, 134.2412109375, 144.8943328857422, 108.9214096069336, 68.6095962524414, 34.932491302490234], [-10.313889503479004, 184.84805297851562, 390.1315002441406, 349.16571044921875, 255.2737579345703, 224.9678497314453, 198.47987365722656, 349.924560546875, 204.1415252685547, 108.67689514160156, 130.9276885986328, 119.43956756591797, 29.631242752075195], [74.68247985839844, 151.01158142089844, 255.83534240722656, 264.7955322265625, 205.4745330810547, 168.53111267089844, 134.2412109375, 204.1415252685547, 225.0673065185547, 112.3671875, 91.2218246459961, 86.08702850341797, 27.098567962646484], [96.62882995605469, -7.841190814971924, 165.87925720214844, 111.94676971435547, 157.58192443847656, 154.48849487304688, 144.8943328857422, 108.67689514160156, 112.3671875, 199.8547821044922, 106.46724700927734, 66.35276794433594, 52.42490005493164], [-54.55433654785156, 29.035049438476562, 164.04782104492188, 165.97198486328125, 126.23550415039062, 133.01182556152344, 108.9214096069336, 130.9276885986328, 91.2218246459961, 106.46724700927734, 185.64126586914062, 130.22509765625, 58.72652053833008], [-62.973045349121094, -22.65261459350586, 137.55789184570312, 145.5391082763672, 108.6348648071289, 53.98847579956055, 68.6095962524414, 119.43956756591797, 86.08702850341797, 66.35276794433594, 130.22509765625, 200.5724334716797, 89.95375061035156], [70.99944305419922, -150.95599365234375, 24.70063591003418, 3.037717342376709, 39.689029693603516, -12.989632606506348, 34.932491302490234, 29.631242752075195, 27.098567962646484, 52.42490005493164, 58.72652053833008, 89.95375061035156, 133.75421142578125]], "lowlevel.mfcc.icov": [[0.000507166376337409, 7.302100857486948e-05, -0.00040602992521598935, -1.7834734535426833e-05, -0.00016932377184275538, 0.0005311729619279504, -0.00032211828511208296, 0.00047233968507498503, -0.00033229353721253574, -0.0001502667146269232, 9.528845112072304e-05, 0.0004906387184746563, -0.00027568574296310544], [7.302100857486948e-05, 0.0008964370936155319, 0.00023596551909577101, -0.0005818568170070648, 0.00033131722011603415, -0.0004088770365342498, -0.0005612926906906068, 0.000139087118441239, -0.00037391396472230554, 0.00042266322998329997, 0.0002198137080995366, -3.8502421375596896e-05, 0.000759836460929364], [-0.00040602992521598935, 0.00023596551909577101, 0.003236549673601985, -0.00026285400963388383, -0.0014582761796191335, -0.001505704247392714, 0.00023924060224089772, -0.001986544346436858, 0.0005496428348124027, 0.0004985296400263906, 0.0002887672162614763, -0.000681544013787061, 0.0005790226859971881], [-1.7834734535426833e-05, -0.0005818568170070648, -0.00026285400963388383, 0.005278068128973246, -0.0023822439834475517, -0.0005712797865271568, -0.00037181354127824306, -0.0011545659508556128, -0.0020469336304813623, 0.002392587484791875, -0.001363647053949535, -0.0009332933113910258, 0.0009890678338706493], [-0.00016932377184275538, 0.00033131722011603415, -0.0014582761796191335, -0.0023822439834475517, 0.008408235386013985, -0.00016937953478191048, -0.0020044033881276846, 0.00019503677322063595, -0.0014246124774217606, -0.0020413673482835293, 0.0010795271955430508, -0.0005125842289999127, -0.0002844521077349782], [0.0005311729619279504, -0.0004088770365342498, -0.001505704247392714, -0.0005712797865271568, -0.00016937953478191048, 0.006108829285949469, -0.0024181189946830273, 0.0008023363188840449, -0.0005364031530916691, -0.0015873473603278399, -0.0017642918974161148, 0.0018628669204190373, 0.0008975688251666725], [-0.00032211828511208296, -0.0005612926906906068, 0.00023924060224089772, -0.00037181354127824306, -0.0020044033881276846, -0.0024181189946830273, 0.01145116426050663, -0.0034061286132782698, 0.0024376758374273777, -0.003999627195298672, -9.85163715085946e-05, 0.000993313267827034, -0.001925411750562489], [0.00047233968507498503, 0.000139087118441239, -0.001986544346436858, -0.0011545659508556128, 0.00019503677322063595, 0.0008023363188840449, -0.0034061286132782698, 0.010581551119685173, -0.005045406520366669, 0.0017406968399882317, -0.0013438910245895386, -0.0007721357396803796, 0.0003140356857329607], [-0.00033229353721253574, -0.00037391396472230554, 0.0005496428348124027, -0.0020469336304813623, -0.0014246124774217606, -0.0005364031530916691, 0.0024376758374273777, -0.005045406520366669, 0.013560570776462555, -0.004749472253024578, 0.0018143809866160154, -0.0012475850526243448, -0.0002923106658272445], [-0.0001502667146269232, 0.00042266322998329997, 0.0004985296400263906, 0.002392587484791875, -0.0020413673482835293, -0.0015873473603278399, -0.003999627195298672, 0.0017406968399882317, -0.004749472253024578, 0.013282191008329391, -0.004636653698980808, 0.0010740759316831827, -0.0014093545032665133], [9.528845112072304e-05, 0.0002198137080995366, 0.0002887672162614763, -0.001363647053949535, 0.0010795271955430508, -0.0017642918974161148, -9.85163715085946e-05, -0.0013438910245895386, 0.0018143809866160154, -0.004636653698980808, 0.014721671119332314, -0.00714108906686306, -0.00020447721180971712], [0.0004906387184746563, -3.8502421375596896e-05, -0.000681544013787061, -0.0009332933113910258, -0.0005125842289999127, 0.0018628669204190373, 0.000993313267827034, -0.0007721357396803796, -0.0012475850526243448, 0.0010740759316831827, -0.00714108906686306, 0.013778730295598507, -0.006211639381945133], [-0.00027568574296310544, 0.000759836460929364, 0.0005790226859971881, 0.0009890678338706493, -0.0002844521077349782, 0.0008975688251666725, -0.001925411750562489, 0.0003140356857329607, -0.0002923106658272445, -0.0014093545032665133, -0.00020447721180971712, -0.006211639381945133, 0.013834678567945957]], "metadata.audio_properties.analysis.downmix": "mix", "metadata.audio_properties.codec": "mp3", "metadata.audio_properties.md5_encoded": "78741b55c3b1c54b79ccd323dcf019ae", "metadata.tags.file_name": "1182283306167959572.mp3", "metadata.version.essentia": "2.1-beta6-dev", "metadata.version.essentia_git_sha": "v2.1_beta5-1110-g77a6a954", "metadata.version.extractor": "music 2.0", "tonal.chords_key": "E", "tonal.chords_scale": "major", "tonal.key_edma.key": "E", "tonal.key_edma.scale": "major", "tonal.key_krumhansl.key": "E", "tonal.key_krumhansl.scale": "major", "tonal.key_temperley.key": "E", "