{"song_id": "1182274095015014450", "download": "https://cdn.discordapp.com/attachments/1128313332273782784/1182274095015014450/chirp.mp4?ex=6584198d&amp", "lyrics": "Lucie est rentr\u00e9e du coll\u00e8ge\nAm\u00e9lie est rentr\u00e9e du coll\u00e8ge\nElle a deux heures pour manger\nTranquille.\nAlors elles ont les tablettes.\nC'est cool.", "style": ["rock</span><span>, female vocal"], "essentia_features": {"lowlevel.average_loudness": 0.9493395090103149, "lowlevel.barkbands_crest.mean": 10.45474910736084, "lowlevel.barkbands_crest.stdev": 4.477738380432129, "lowlevel.barkbands_flatness_db.mean": 0.28762003779411316, "lowlevel.barkbands_flatness_db.stdev": 0.055980384349823, "lowlevel.barkbands_kurtosis.mean": 1.7063111066818237, "lowlevel.barkbands_kurtosis.stdev": 3.923103094100952, "lowlevel.barkbands_skewness.mean": 0.6024526953697205, "lowlevel.barkbands_skewness.stdev": 1.0715689659118652, "lowlevel.barkbands_spread.mean": 11.828618049621582, "lowlevel.barkbands_spread.stdev": 12.508248329162598, "lowlevel.dissonance.mean": 0.41905102133750916, "lowlevel.dissonance.stdev": 0.053559500724077225, "lowlevel.dynamic_complexity": 5.3137125968933105, "lowlevel.erbbands_crest.mean": 12.341496467590332, "lowlevel.erbbands_crest.stdev": 6.84335470199585, "lowlevel.erbbands_flatness_db.mean": 0.3386462926864624, "lowlevel.erbbands_flatness_db.stdev": 0.06659114360809326, "lowlevel.erbbands_kurtosis.mean": 1.469924807548523, "lowlevel.erbbands_kurtosis.stdev": 4.020774841308594, "lowlevel.erbbands_skewness.mean": 0.11211580783128738, "lowlevel.erbbands_skewness.stdev": 0.8214365243911743, "lowlevel.erbbands_spread.mean": 17.33390998840332, "lowlevel.erbbands_spread.stdev": 12.020547866821289, "lowlevel.hfc.mean": 17.129375457763672, "lowlevel.hfc.stdev": 16.161226272583008, "lowlevel.loudness_ebu128.integrated": -19.27821159362793, "lowlevel.loudness_ebu128.loudness_range": 2.264453887939453, "lowlevel.loudness_ebu128.momentary.mean": -20.905189514160156, "lowlevel.loudness_ebu128.momentary.stdev": 5.859663963317871, "lowlevel.loudness_ebu128.short_term.mean": -19.673168182373047, "lowlevel.loudness_ebu128.short_term.stdev": 0.7773404121398926, "lowlevel.melbands_crest.mean": 13.155158042907715, "lowlevel.melbands_crest.stdev": 5.836987018585205, "lowlevel.melbands_flatness_db.mean": 0.3406237065792084, "lowlevel.melbands_flatness_db.stdev": 0.07381195574998856, "lowlevel.melbands_kurtosis.mean": 4.2760820388793945, "lowlevel.melbands_kurtosis.stdev": 11.30169677734375, "lowlevel.melbands_skewness.mean": 1.14291512966156, "lowlevel.melbands_skewness.stdev": 1.4955229759216309, "lowlevel.melbands_spread.mean": 17.01656150817871, "lowlevel.melbands_spread.stdev": 12.789905548095703, "lowlevel.pitch_salience.mean": 0.5560153722763062, "lowlevel.pitch_salience.stdev": 0.12209917604923248, "lowlevel.silence_rate_20dB.mean": 1.0, "lowlevel.silence_rate_20dB.stdev": 0.0, "lowlevel.silence_rate_30dB.mean": 0.9984802603721619, "lowlevel.silence_rate_30dB.stdev": 0.038954541087150574, "lowlevel.silence_rate_60dB.mean": 0.13981762528419495, "lowlevel.silence_rate_60dB.stdev": 0.3467961847782135, "lowlevel.spectral_centroid.mean": 994.5285034179688, "lowlevel.spectral_centroid.stdev": 626.1681518554688, "lowlevel.spectral_complexity.mean": 12.577507972717285, "lowlevel.spectral_complexity.stdev": 4.89906644821167, "lowlevel.spectral_decrease.mean": -5.183339979453194e-09, "lowlevel.spectral_decrease.stdev": 4.575667844619602e-09, "lowlevel.spectral_energy.mean": 0.021116789430379868, "lowlevel.spectral_energy.stdev": 0.018607797101140022, "lowlevel.spectral_energyband_high.mean": 4.629196700989269e-05, "lowlevel.spectral_energyband_high.stdev": 0.0001876828755484894, "lowlevel.spectral_energyband_low.mean": 0.0010466614039614797, "lowlevel.spectral_energyband_low.stdev": 0.0015408617909997702, "lowlevel.spectral_energyband_middle_high.mean": 0.008644957095384598, "lowlevel.spectral_energyband_middle_high.stdev": 0.01144211832433939, "lowlevel.spectral_energyband_middle_low.mean": 0.011905485764145851, "lowlevel.spectral_energyband_middle_low.stdev": 0.012383462861180305, "lowlevel.spectral_entropy.mean": 6.521554946899414, "lowlevel.spectral_entropy.stdev": 0.6043961644172668, "lowlevel.spectral_flux.mean": 0.04519445449113846, "lowlevel.spectral_flux.stdev": 0.0382520817220211, "lowlevel.spectral_kurtosis.mean": 33.26578140258789, "lowlevel.spectral_kurtosis.stdev": 34.976741790771484, "lowlevel.spectral_rms.mean": 0.004050765186548233, "lowlevel.spectral_rms.stdev": 0.0020476914942264557, "lowlevel.spectral_rolloff.mean": 1382.3785400390625, "lowlevel.spectral_rolloff.stdev": 1613.8062744140625, "lowlevel.spectral_skewness.mean": 3.184299945831299, "lowlevel.spectral_skewness.stdev": 2.0474493503570557, "lowlevel.spectral_spread.mean": 1800367.25, "lowlevel.spectral_spread.stdev": 1610799.875, "lowlevel.spectral_strongpeak.mean": 2.156177043914795, "lowlevel.spectral_strongpeak.stdev": 2.344675302505493, "lowlevel.zerocrossingrate.mean": 0.0475146621465683, "lowlevel.zerocrossingrate.stdev": 0.055081579834222794, "metadata.audio_properties.analysis.equal_loudness": 0.0, "metadata.audio_properties.analysis.length": 15.253310203552246, "metadata.audio_properties.analysis.sample_rate": 44100.0, "metadata.audio_properties.analysis.start_time": 0.0, "metadata.audio_properties.bit_rate": 112666.0, "metadata.audio_properties.length": 15.25333309173584, "metadata.audio_properties.lossless": 0.0, "metadata.audio_properties.number_channels": 1.0, "metadata.audio_properties.replay_gain": -8.351839065551758, "metadata.audio_properties.sample_rate": 48000.0, "rhythm.beats_count": 22.0, "rhythm.beats_loudness.mean": 0.03062182478606701, "rhythm.beats_loudness.stdev": 0.022678451612591743, "rhythm.bpm": 89.9400863647461, "rhythm.bpm_histogram_first_peak_bpm": 89.0, "rhythm.bpm_histogram_first_peak_weight": 0.3809523582458496, "rhythm.bpm_histogram_second_peak_bpm": 0.0, "rhythm.bpm_histogram_second_peak_spread": 0.0, "rhythm.bpm_histogram_second_peak_weight": 0.0, "rhythm.danceability": 1.1329562664031982, "rhythm.onset_rate": 3.2750117778778076, "tonal.chords_changes_rate": 0.06363636255264282, "tonal.chords_number_rate": 0.021212121471762657, "tonal.chords_strength.mean": 0.47764572501182556, "tonal.chords_strength.stdev": 0.10211893916130066, "tonal.hpcp_crest.mean": 16.095783233642578, "tonal.hpcp_crest.stdev": 6.983465194702148, "tonal.hpcp_entropy.mean": 1.5281795263290405, "tonal.hpcp_entropy.stdev": 0.6021568179130554, "tonal.key_edma.strength": 0.6530857682228088, "tonal.key_krumhansl.strength": 0.6518673896789551, "tonal.key_temperley.strength": 0.6446845531463623, "tonal.tuning_diatonic_strength": 0.4534546732902527, "tonal.tuning_equal_tempered_deviation": 0.0071344319730997086, "tonal.tuning_frequency": 440.0, "tonal.tuning_nontempered_energy_ratio": 0.5777863264083862, "lowlevel.barkbands.mean": [1.6883899434105842e-06, 0.00013965774269308895, 0.0006286573479883373, 0.0003983372589573264, 0.001249253167770803, 0.0024212361313402653, 0.002304640831425786, 0.0032570844050496817, 0.0017573598306626081, 0.0011134446831420064, 0.0034733021166175604, 0.0011850593145936728, 0.0006117805605754256, 0.0011563904117792845, 0.00046833185479044914, 0.00031319246045313776, 0.00045136213884688914, 7.579212251584977e-05, 3.995460065198131e-05, 4.13756315538194e-05, 2.1381814804044552e-05, 6.497693448181963e-06, 8.542961609236954e-07, 1.686004083012449e-07, 1.2771214308315848e-08, 4.244256501806376e-09, 1.1951915013241887e-09], "lowlevel.barkbands.stdev": [7.464835562132066e-06, 0.00031742191640660167, 0.0011739860055968165, 0.0006812989595346153, 0.0016765473410487175, 0.004644189961254597, 0.0030128699727356434, 0.005867640953511, 0.003003654070198536, 0.002639063401147723, 0.008917531929910183, 0.0035458034835755825, 0.0017011286690831184, 0.0025026886723935604, 0.0015771219041198492, 0.0011226803762838244, 0.000890891591552645, 0.00045353901805356145, 7.952838495839387e-05, 0.00010000829206546769, 0.00011523469584062696, 4.648367757909e-05, 5.302996214595623e-06, 1.2939436828673934e-06, 6.798379104111518e-08, 6.219993764489118e-08, 6.633125604338375e-09], "lowlevel.erbbands.mean": [0.0011076878290623426, 0.04961680993437767, 0.5368403792381287, 1.3377296924591064, 2.1073126792907715, 5.644944190979004, 6.63157320022583, 26.250741958618164, 32.239776611328125, 60.69477081298828, 53.32130432128906, 41.508453369140625, 30.973264694213867, 41.76632308959961, 167.02806091308594, 58.34782409667969, 27.741296768188477, 57.60121154785156, 39.505958557128906, 17.17108917236328, 14.897274017333984, 20.941606521606445, 9.886713981628418, 1.9341511726379395, 2.3036246299743652, 1.9453015327453613, 1.0842257738113403, 0.7238211035728455, 0.25045257806777954, 0.06780353933572769, 0.020927418023347855, 0.00604609539732337, 0.0017296146834269166, 0.00031559154740534723, 6.919825682416558e-05, 3.08942144329194e-05, 1.6372125173802488e-05, 4.720111064671073e-06, 1.1234526027692482e-05, 2.479170507285744e-05], "lowlevel.erbbands.stdev": [0.002225537085905671, 0.09782151877880096, 0.9489331245422363, 2.100226402282715, 2.4290406703948975, 8.970206260681152, 10.336877822875977, 55.537662506103516, 42.818397521972656, 103.17127227783203, 86.05577850341797, 59.62370300292969, 50.77581787109375, 97.69313049316406, 442.207275390625, 164.1946258544922, 67.22391510009766, 112.52564239501953, 105.87785339355469, 46.20263671875, 39.04163360595703, 40.8549919128418, 33.8438720703125, 5.286133289337158, 4.161951065063477, 4.529359817504883, 3.571786642074585, 5.147788047790527, 1.6756912469863892, 0.4532872140407562, 0.13343675434589386, 0.04142363369464874, 0.013152183033525944, 0.0017370362766087055, 0.00033597100991755724, 0.00021387332526501268, 0.00012541934847831726, 2.929487163783051e-05, 9.752377991389949e-06, 2.1753596229245886e-05], "lowlevel.gfcc.mean": [-157.1803436279297, 199.481689453125, -175.93026733398438, -23.15375328063965, -38.77322006225586, -36.65743637084961, -20.746110916137695, -16.143787384033203, -12.41024112701416, -13.185976028442383, -6.909765720367432, -18.774370193481445, -8.522445678710938], "lowlevel.melbands.mean": [2.2877607989357784e-05, 0.00021778869268018752, 0.00023060006788000464, 0.00029893559985794127, 0.00023626752954442054, 0.000540215231012553, 0.0005007162690162659, 0.0007098370115272701, 0.000426946091465652, 0.00024241967184934765, 0.00014593500236514956, 0.0001407833769917488, 0.00045529339695349336, 0.0002861469693016261, 6.888547795824707e-05, 6.29842616035603e-05, 0.00011942387209273875, 6.973157724132761e-05, 2.9859122150810435e-05, 2.7702464649337344e-05, 1.424815218342701e-05, 2.0502910047071055e-05, 2.0354105799924582e-05, 3.2731809369579423e-06, 1.243522206095804e-06, 1.30570481360337e-06, 1.93352661881363e-06, 1.146993099609972e-06, 7.257514198499848e-07, 5.466270067699952e-07, 3.7622584159180406e-07, 1.5545839460173738e-07, 7.420366898713837e-08, 2.3086302647357115e-08, 1.316098785508757e-08, 5.638021161047391e-09, 2.6822095655631983e-09, 1.262151494429986e-09, 5.617036280547438e-10, 1.3342169036256735e-10], "lowlevel.melbands.stdev": [5.205910565564409e-05, 0.00035383697832003236, 0.00031011764076538384, 0.0004169397579971701, 0.00033077833359129727, 0.0010942666558548808, 0.000650256872177124, 0.0012747212313115597, 0.0007439267355948687, 0.00034995636087842286, 0.0002555273531470448, 0.00041741644963622093, 0.001193078700453043, 0.0006408225744962692, 0.000288564246147871, 0.00015276642807293683, 0.0002418896765448153, 0.0001907527184812352, 8.598982822149992e-05, 0.00010828982340171933, 3.406416726647876e-05, 4.006793096777983e-05, 5.183045504963957e-05, 1.858928044384811e-05, 3.6932081002305495e-06, 2.5538154204696184e-06, 4.046526555612218e-06, 2.853653768397635e-06, 2.1043331344117178e-06, 3.3768928915378638e-06, 2.9148759495001286e-06, 1.0435461490487796e-06, 5.344065812096233e-07, 1.4259623526413634e-07, 8.731503697845255e-08, 3.472225174050436e-08, 2.0339049555673228e-08, 9.796682576279636e-09, 4.572876743935694e-09, 5.935631430808996e-10], "lowlevel.melbands128.mean": [9.034272352437256e-07, 1.6996277736325283e-06, 1.6968839190667495e-05, 8.991554932435974e-05, 0.0002113116206601262, 0.00033995878766290843, 0.0003035514091607183, 0.00015391923079732805, 0.00015419584815390408, 0.00039860286051407456, 0.0003486354253254831, 0.00014328816905617714, 0.00014569457562174648, 0.0003694297338370234, 0.0007739806897006929, 0.0005033339257352054, 0.00033752151648513973, 0.0006365612498484552, 0.0005294554866850376, 0.0006418133853003383, 0.0009810130577534437, 0.0003300295793451369, 0.00042860835674218833, 0.0004044469678774476, 0.0002584496687632054, 0.0002086219610646367, 9.549691458232701e-05, 0.00021329948503989726, 6.838996341684833e-05, 0.0001770959934219718, 0.00016667759336996824, 8.572266233386472e-05, 0.00029485515551641583, 0.001133445301093161, 0.00018128857482224703, 0.0001639358961256221, 0.00012891829828731716, 4.0594251913717017e-05, 5.9074398450320587e-05, 4.297615305404179e-05, 7.688179175602272e-05, 6.595289596589282e-05, 0.0001081807422451675, 0.000170483035617508, 9.267728455597535e-05, 4.160675234743394e-05, 5.6868600950110704e-05, 4.3924763303948566e-05, 8.42126155475853e-06, 9.077256436285097e-06, 4.801535760634579e-05, 2.576673978182953e-05, 7.527838533860631e-06, 1.2099891137040686e-05, 2.0208537534927018e-05, 1.2210178283567075e-05, 2.648316149134189e-05, 4.245411037118174e-05, 5.678333309333539e-06, 7.006939085840713e-06, 3.0584367323172046e-06, 7.737329497103929e-07, 1.7025756733346498e-06, 1.2534302413769183e-06, 7.018813903414411e-07, 1.200804263135069e-06, 1.2961722859472502e-06, 2.794140300466097e-06, 1.7705802974887774e-06, 1.6301561345244409e-06, 9.108977110372507e-07, 1.1989460517725092e-06, 8.412267789026373e-07, 6.680210162812728e-07, 4.823322115043993e-07, 6.733226314281637e-07, 4.0575639559392584e-07, 5.162430625205161e-07, 3.125087175703811e-07, 4.0792326672089985e-07, 1.3639682094890304e-07, 7.343278696225752e-08, 1.0932360794413398e-07, 8.938349083109642e-08, 2.9233738985112723e-08, 2.8285748854273152e-08, 1.7410963337738394e-08, 1.9905030512745725e-08, 1.3141868038246685e-08, 9.230856967690215e-09, 6.14390405218046e-09, 5.043147233152467e-09, 3.911388990474052e-09, 2.6957391874304903e-09, 1.9372967674513575e-09, 1.376180835954699e-09, 1.1383096687467287e-09, 1.0321721255479588e-09, 6.459373036449279e-10, 2.787429176365208e-10, 1.6872107877485831e-10, 1.1998745053087845e-10, 7.032534971029847e-11, 6.461535473345492e-11, 5.326850419096196e-11, 3.495032388500796e-11, 2.8525305381665866e-11, 2.5854365523492184e-11, 2.8462983706067924e-11, 2.7864681048650475e-11, 2.988635727785294e-11, 2.6825496685090044e-11, 2.4828233219365003e-11, 2.5734008674005437e-11, 2.2746473107848608e-11, 2.292412266957644e-11, 1.8615642013997125e-11, 6.351972767215663e-12, 3.836107213134321e-12, 3.6095111274891956e-12, 3.518145844094711e-12, 3.445848857988598e-12, 3.3950954027306413e-12, 3.330028960912834e-12, 3.215450475324566e-12, 3.0590649371248224e-12, 2.9681504649936574e-12, 2.942869255576075e-12], "lowlevel.melbands128.stdev": [3.3395522223145235e-06, 4.133088168600807e-06, 4.6245848352555186e-05, 0.00020468268485274166, 0.0004250976489856839, 0.0006611080025322735, 0.0005118150729686022, 0.00026297863223589957, 0.0002498194808140397, 0.0005984102608636022, 0.0006561463815160096, 0.00028768269112333655, 0.0003189270501025021, 0.0007071471191011369, 0.001996773760765791, 0.0010683669243007898, 0.0007461619679816067, 0.0009585468214936554, 0.0008684351923875511, 0.001276642200537026, 0.002199434908106923, 0.0006972437840886414, 0.0010391648393124342, 0.0010925213573500514, 0.0004969241563230753, 0.00041034264722839, 0.00022373313549906015, 0.00046382733853533864, 0.0001975524064619094, 0.0007922213990241289, 0.0004684923915192485, 0.00024171406403183937, 0.0008284489740617573, 0.003255810122936964, 0.0005314676091074944, 0.0007558538927696645, 0.0005990935605950654, 0.0004223035357426852, 0.0003101225011050701, 0.00011383419769117609, 0.0002070827322313562, 0.0003784348664339632, 0.0002776971668936312, 0.0003930296516045928, 0.00038178652175702155, 0.00021701496734749526, 0.00025245294091291726, 0.00015234641614370048, 3.267431020503864e-05, 3.119181565125473e-05, 0.0002247611846541986, 8.961147250374779e-05, 2.4676777684362605e-05, 3.6301662476034835e-05, 5.6257882533827797e-05, 4.318472565500997e-05, 6.249879515962675e-05, 0.00011618914140854031, 3.750801624846645e-05, 5.1047871238552034e-05, 1.3239874533610418e-05, 2.980040790134808e-06, 5.114437499287305e-06, 4.52249014415429e-06, 2.162563760066405e-06, 2.78280981547141e-06, 2.4095570552162826e-06, 6.239830781851197e-06, 5.62067407372524e-06, 5.293423782859463e-06, 2.790503231153707e-06, 3.0251237603806658e-06, 2.8628771815419896e-06, 2.146647148038028e-06, 2.1131297671672655e-06, 3.867256509693107e-06, 3.015755737578729e-06, 4.90993124913075e-06, 2.3806755962141324e-06, 3.435252892813878e-06, 7.826779437891673e-07, 3.687957246256701e-07, 7.814536502337432e-07, 7.076717452036974e-07, 1.8125020062598196e-07, 2.0740704087529593e-07, 1.1051786685811749e-07, 1.4920370006166195e-07, 8.787667127307941e-08, 6.211622149976392e-08, 3.5848778168201534e-08, 3.3843406299638445e-08, 3.072671361792345e-08, 2.1453063325793664e-08, 1.514067093921767e-08, 1.0691580065724793e-08, 8.886139823971462e-09, 9.458108074511529e-09, 5.73028380301821e-09, 1.9053290056803007e-09, 8.535372963969223e-10, 5.280042514321792e-10, 3.1210564688244347e-10, 4.4101619578462703e-10, 3.7647315820343863e-10, 3.492105493663189e-10, 3.464159514798837e-10, 3.095373679595781e-10, 3.766286449380374e-10, 4.054578062184788e-10, 4.101440576054216e-10, 3.969289341654303e-10, 4.1137551698433583e-10, 4.467750891468114e-10, 3.5547603749463974e-10, 3.438773432673514e-10, 2.6200608349569166e-10, 3.331472250844847e-11, 6.855281099726884e-12, 6.674797433520174e-12, 6.512430785615697e-12, 6.375417988674359e-12, 6.251790751754527e-12, 6.137011905604783e-12, 6.047597752439904e-12, 5.977422983666214e-12, 5.923774058086417e-12, 5.8914526902820175e-12], "lowlevel.mfcc.mean": [-788.431396484375, 239.37646484375, -71.32334899902344, 12.668729782104492, -17.879459381103516, -13.923985481262207, -12.46469783782959, -10.88176441192627, -7.472041130065918, -4.376221179962158, -3.7012264728546143, -0.8930621147155762, -2.7186458110809326], "lowlevel.spectral_contrast_coeffs.mean": [-0.6379294395446777, -0.6957867741584778, -0.6969440579414368, -0.7381646633148193, -0.7442178130149841, -0.7579274773597717], "lowlevel.spectral_contrast_coeffs.stdev": [0.09252221882343292, 0.08507207781076431, 0.09700076282024384, 0.07157255709171295, 0.060898058116436005, 0.08233010023832321], "lowlevel.spectral_contrast_valleys.mean": [-8.144946098327637, -6.849198341369629, -8.00570011138916, -8.528581619262695, -9.4051513671875, -13.889461517333984], "lowlevel.spectral_contrast_valleys.stdev": [1.3331031799316406, 1.4919264316558838, 1.39621901512146, 1.3677797317504883, 1.490416407585144, 0.7400652766227722], "rhythm.beats_loudness_band_ratio.mean": [0.11864937096834183, 0.23602162301540375, 0.39372310042381287, 0.23674660921096802, 0.08082488179206848, 0.005195029079914093], "rhythm.beats_loudness_band_ratio.stdev": [0.13982689380645752, 0.1828678697347641, 0.1501351296901703, 0.25336113572120667, 0.10591649264097214, 0.013556914404034615], "tonal.hpcp.mean": [0.2673429846763611, 0.1237725093960762, 0.13510018587112427, 0.23646573722362518, 0.11578654497861862, 0.010546785779297352, 0.01353607140481472, 0.01394567172974348, 0.26997002959251404, 0.48491600155830383, 0.2345699667930603, 0.0447252057492733, 0.03849289193749428, 0.015513635240495205, 0.06909386068582535, 0.11546889692544937, 0.06627383828163147, 0.1429518312215805, 0.2507408559322357, 0.12776876986026764, 0.06325213611125946, 0.0939517542719841, 0.0456717386841774, 0.15119443833827972, 0.2680175304412842, 0.1321117877960205, 0.040176451206207275, 0.04959070682525635, 0.027170030400156975, 0.1424298882484436, 0.2538098990917206, 0.14286679029464722, 0.06308459490537643, 0.047301046550273895, 0.015961788594722748, 0.1625303030014038], "tonal.hpcp.stdev": [0.35383081436157227, 0.17082828283309937, 0.17954498529434204, 0.32320111989974976, 0.17037059366703033, 0.04176205024123192, 0.05122346803545952, 0.05135256424546242, 0.2618049383163452, 0.4270917475223541, 0.23793861269950867, 0.13876871764659882, 0.1354004442691803, 0.07430791854858398, 0.15248967707157135, 0.20812101662158966, 0.12232904136180878, 0.21077387034893036, 0.35660165548324585, 0.20216220617294312, 0.10436440259218216, 0.1752648502588272, 0.09585270285606384, 0.20628271996974945, 0.3410055339336395, 0.1598530262708664, 0.11336448043584824, 0.1764296591281891, 0.08865084499120712, 0.20008356869220734, 0.3277333974838257, 0.18525485694408417, 0.1734541952610016, 0.13587598502635956, 0.06711962074041367, 0.2208569049835205], "rhythm.beats_position": [0.638548731803894, 1.2887074947357178, 1.938866138458252, 2.600634813308716, 3.250793695449829, 3.9009523391723633, 4.562720775604248, 5.224489688873291, 5.874648571014404, 6.548027038574219, 7.221405982971191, 7.894784450531006, 8.57977294921875, 9.264761924743652, 9.938140869140625, 10.611518859863281, 11.284897804260254, 11.958276748657227, 12.631654739379883, 13.305033683776855, 13.978412628173828, 14.6517915725708], "rhythm.bpm_histogram": [0.0, 0.0, 0.0, 0.0, 0.0, 0.0, 0.0, 0.0, 0.0, 0.0, 0.0, 0.0, 0.0, 0.0, 0.0, 0.0, 0.0, 0.0, 0.0, 0.0, 0.0, 0.0, 0.0, 0.0, 0.0, 0.0, 0.0, 0.0, 0.0, 0.0, 0.0, 0.0, 0.0, 0.0, 0.0, 0.0, 0.0, 0.0, 0.0, 0.0, 0.0, 0.0, 0.0, 0.0, 0.0, 0.0, 0.0, 0.0, 0.0, 0.0, 0.0, 0.0, 0.0, 0.0, 0.0, 0.0, 0.0, 0.0, 0.0, 0.0, 0.0, 0.0, 0.0, 0.0, 0.0, 0.0, 0.0, 0.0, 0.0, 0.0, 0.0, 0.0, 0.0, 0.0, 0.0, 0.0, 0.0, 0.0, 0.0, 0.0, 0.0, 0.0, 0.0, 0.0, 0.0, 0.0, 0.0, 0.0, 0.095238097012043, 0.523809552192688, 0.0, 0.1428571492433548, 0.2380952388048172, 0.0, 0.0, 0.0, 0.0, 0.0, 0.0, 0.0, 0.0, 0.0, 0.0, 0.0, 0.0, 0.0, 0.0, 0.0, 0.0, 0.0, 0.0, 0.0, 0.0, 0.0, 0.0, 0.0, 0.0, 0.0, 0.0, 0.0, 0.0, 0.0, 0.0, 0.0, 0.0, 0.0, 0.0, 0.0, 0.0, 0.0, 0.0, 0.0, 0.0, 0.0, 0.0, 0.0, 0.0, 0.0, 0.0, 0.0, 0.0, 0.0, 0.0, 0.0, 0.0, 0.0, 0.0, 0.0, 0.0, 0.0, 0.0, 0.0, 0.0, 0.0, 0.0, 0.0, 0.0, 0.0, 0.0, 0.0, 0.0, 0.0, 0.0, 0.0, 0.0, 0.0, 0.0, 0.0, 0.0, 0.0, 0.0, 0.0, 0.0, 0.0, 0.0, 0.0, 0.0, 0.0, 0.0, 0.0, 0.0, 0.0, 0.0, 0.0, 0.0, 0.0, 0.0, 0.0, 0.0, 0.0, 0.0, 0.0, 0.0, 0.0, 0.0, 0.0, 0.0, 0.0, 0.0, 0.0, 0.0, 0.0, 0.0, 0.0, 0.0, 0.0, 0.0, 0.0, 0.0, 0.0, 0.0, 0.0, 0.0, 0.0, 0.0, 0.0, 0.0, 0.0, 0.0, 0.0, 0.0, 0.0, 0.0, 0.0, 0.0, 0.0, 0.0, 0.0, 0.0, 0.0, 0.0, 0.0, 0.0, 0.0, 0.0, 0.0, 0.0, 0.0, 0.0, 0.0, 0.0, 0.0, 0.0, 0.0, 0.0, 0.0, 0.0, 0.0, 0.0, 0.0], "tonal.chords_histogram": [45.75757598876953, 6.363636493682861, 0.0, 0.0, 0.0, 0.0, 0.0, 0.0, 0.0, 0.0, 0.0, 0.0, 0.0, 2.4242424964904785, 0.0, 0.0, 0.0, 4.242424011230469, 1.5151515007019043, 27.878787994384766, 10.909090995788574, 0.0, 0.0, 0.9090909361839294], "tonal.thpcp": [1.0, 0.483733206987381, 0.09223289042711258, 0.07938053458929062, 0.03199241682887077, 0.14248624444007874, 0.23812143504619598, 0.13667075335979462, 0.2947970926761627, 0.5170810222625732, 0.263486385345459, 0.1304393708705902, 0.19374851882457733, 0.09418484568595886, 0.31179511547088623, 0.55270916223526, 0.27244260907173157, 0.08285239338874817, 0.1022665947675705, 0.056030385196208954, 0.2937207520008087, 0.5234100222587585, 0.2946217358112335, 0.13009385764598846, 0.097544826567173, 0.0329166054725647, 0.3351720869541168, 0.5513181090354919, 0.25524526834487915, 0.2786053419113159, 0.48764267563819885, 0.23877650499343872, 0.021749716252088547, 0.02791425958275795, 0.0287589430809021, 0.556735634803772], "lowlevel.gfcc.cov": [[15155.5849609375, 3637.505615234375, -3721.8623046875, -489.9847717285156, -323.0528564453125, -1551.6732177734375, 423.1678161621094, -953.5618286132812, 250.94125366210938, -498.30975341796875, 46.233131408691406, -341.9222106933594, 103.65567779541016], [3637.505615234375, 2884.6259765625, -119.28778839111328, -999.7296142578125, 438.3153991699219, -248.24700927734375, -134.29702758789062, -106.21803283691406, -84.92436981201172, -294.28662109375, 96.5093002319336, -270.2537536621094, -54.8223762512207], [-3721.8623046875, -119.28778839111328, 1676.1981201171875, -117.67738342285156, 155.4720001220703, 641.8893432617188, -127.61563873291016, 321.2687683105469, -153.0070343017578, 70.06622314453125, 46.63752365112305, 52.60300064086914, -61.379756927490234], [-489.9847717285156, -999.7296142578125, -117.67738342285156, 994.3070068359375, -238.1549835205078, 10.031010627746582, 155.51507568359375, 6.096510410308838, 94.39580535888672, 139.143798828125, -54.71903610229492, 14.698582649230957, 20.731042861938477], [-323.0528564453125, 438.3153991699219, 155.4720001220703, -238.1549835205078, 516.3740234375, 97.71163940429688, 6.759206771850586, 151.54051208496094, -24.15376091003418, -2.0237512588500977, 17.125078201293945, -3.3009860515594482, -85.23918151855469], [-1551.6732177734375, -248.24700927734375, 641.8893432617188, 10.031010627746582, 97.71163940429688, 479.3761901855469, 105.6466293334961, 158.2812042236328, -47.9737548828125, 52.18899154663086, 3.2213995456695557, 22.189970016479492, -79.36956787109375], [423.1678161621094, -134.29702758789062, -127.61563873291016, 155.51507568359375, 6.759206771850586, 105.6466293334961, 384.3472595214844, 73.80743408203125, -38.03617477416992, 15.801774024963379, 55.73312759399414, 74.54669952392578, -41.42592239379883], [-953.5618286132812, -106.21803283691406, 321.2687683105469, 6.096510410308838, 151.54051208496094, 158.2812042236328, 73.80743408203125, 203.9899444580078, -12.695629119873047, 30.311620712280273, 25.2427978515625, 48.4451789855957, -39.73456954956055], [250.94125366210938, -84.92436981201172, -153.0070343017578, 94.39580535888672, -24.15376091003418, -47.9737548828125, -38.03617477416992, -12.695629119873047, 191.14529418945312, 59.93560791015625, -52.36027908325195, -23.27916717529297, 26.6329402923584], [-498.30975341796875, -294.28662109375, 70.06622314453125, 139.143798828125, -2.0237512588500977, 52.18899154663086, 15.801774024963379, 30.311620712280273, 59.93560791015625, 133.44244384765625, 9.817299842834473, 16.723066329956055, 6.625827789306641], [46.233131408691406, 96.5093002319336, 46.63752365112305, -54.71903610229492, 17.125078201293945, 3.2213995456695557, 55.73312759399414, 25.2427978515625, -52.36027908325195, 9.817299842834473, 94.02112579345703, 38.89883804321289, -12.880529403686523], [-341.9222106933594, -270.2537536621094, 52.60300064086914, 14.698582649230957, -3.3009860515594482, 22.189970016479492, 74.54669952392578, 48.4451789855957, -23.27916717529297, 16.723066329956055, 38.89883804321289, 152.2904510498047, 43.64098358154297], [103.65567779541016, -54.8223762512207, -61.379756927490234, 20.731042861938477, -85.23918151855469, -79.36956787109375, -41.42592239379883, -39.73456954956055, 26.6329402923584, 6.625827789306641, -12.880529403686523, 43.64098358154297, 104.66879272460938]], "lowlevel.gfcc.icov": [[0.0006741120596416295, -0.0013589953305199742, 0.0014208902139216661, -0.00047393812565132976, 0.0009995759464800358, -0.0004529158177319914, -0.00018888468912336975, 0.0004820650501642376, -0.00011742832430172712, -0.000457945978268981, 0.0007511471048928797, -0.001766660250723362, 0.0010144489351660013], [-0.0013589953305199742, 0.0045529259368777275, -0.0039913770742714405, 0.001958258682861924, -0.003877367591485381, 0.0023843904491513968, -0.0014378591440618038, 0.0009199369815178216, -0.001563164871186018, 0.004266409669071436, -0.004875245504081249, 0.00798791740089655, -0.004370135720819235], [0.0014208902139216661, -0.0039913770742714405, 0.006567962002009153, -0.0017147257458418608, 0.0038364711217582226, -0.005413506180047989, 0.003505753818899393, -0.003357598790898919, 0.002621351508423686, -0.0033020235132426023, 0.0021166540682315826, -0.006181458942592144, 0.002205501077696681], [-0.00047393812565132976, 0.001958258682861924, -0.0017147257458418608, 0.002589748241007328, -0.0008408183348365128, 0.0017242312896996737, -0.0017969614127650857, 0.00017499187379144132, -0.0007057321490719914, 0.00019309222989249974, -0.00046467670472338796, 0.003723860951140523, -0.0014879648806527257], [0.0009995759464800358, -0.003877367591485381, 0.0038364711217582226, -0.0008408183348365128, 0.006824862211942673, -0.0022849692031741142, 0.002189834136515856, -0.00437534274533391, 0.0022269277833402157, -0.005002875346690416, 0.005367550998926163, -0.007238910533487797, 0.00585537776350975], [-0.0004529158177319914, 0.0023843904491513968, -0.005413506180047989, 0.0017242312896996737, -0.0022849692031741142, 0.009527248330414295, -0.005334960296750069, 0.0026717158034443855, -0.0019983185920864344, 0.0010997338686138391, 0.0012491168454289436, 0.004117175471037626, 0.0013236519880592823], [-0.00018888468912336975, -0.0014378591440618038, 0.003505753818899393, -0.0017969614127650857, 0.002189834136515856, -0.005334960296750069, 0.00844817515462637, -0.005233364645391703, 0.0031855879351496696, -0.0023701994214206934, -0.0003691546153277159, -0.005547525826841593, 0.0025475502479821444], [0.0004820650501642376, 0.0009199369815178216, -0.003357598790898919, 0.00017499187379144132, -0.00437534274533391, 0.0026717158034443855, -0.005233364645391703, 0.015571480616927147, -0.0049420553259551525, 0.003735124133527279, -0.0029558876994997263, 0.0003360803530085832, 0.0008208014769479632], [-0.00011742832430172712, -0.001563164871186018, 0.002621351508423686, -0.0007057321490719914, 0.0022269277833402157, -0.0019983185920864344, 0.0031855879351496696, -0.0049420553259551525, 0.01151285506784916, -0.008351583033800125, 0.0075903176330029964, -0.0028990539722144604, 0.00039950155769474804], [-0.000457945978268981, 0.004266409669071436, -0.0033020235132426023, 0.00019309222989249974, -0.005002875346690416, 0.0010997338686138391, -0.0023701994214206934, 0.003735124133527279, -0.008351583033800125, 0.019511114805936813, -0.012400490231812, 0.008955330587923527, -0.006416822783648968], [0.0007511471048928797, -0.004875245504081249, 0.0021166540682315826, -0.00046467670472338796, 0.005367550998926163, 0.0012491168454289436, -0.0003691546153277159, -0.0029558876994997263, 0.0075903176330029964, -0.012400490231812, 0.026477664709091187, -0.013673919253051281, 0.009899267926812172], [-0.001766660250723362, 0.00798791740089655, -0.006181458942592144, 0.003723860951140523, -0.007238910533487797, 0.004117175471037626, -0.005547525826841593, 0.0003360803530085832, -0.0028990539722144604, 0.008955330587923527, -0.013673919253051281, 0.027074135839939117, -0.01607057824730873], [0.0010144489351660013, -0.004370135720819235, 0.002205501077696681, -0.0014879648806527257, 0.00585537776350975, 0.0013236519880592823, 0.0025475502479821444, 0.0008208014769479632, 0.00039950155769474804, -0.006416822783648968, 0.009899267926812172, -0.01607057824730873, 0.02316373586654663]], "lowlevel.mfcc.cov": [[11238.7822265625, 1992.346435546875, -2825.92626953125, 1025.6834716796875, -1416.473388671875, -71.57247924804688, -650.1941528320312, -308.98583984375, -117.20380401611328, -172.46823120117188, -291.9343566894531, 10.025115966796875, 105.17996978759766], [1992.346435546875, 3457.19873046875, -221.02587890625, -731.742431640625, 463.0045166015625, -350.4317626953125, 179.46644592285156, 24.030351638793945, -170.74517822265625, -177.9346160888672, 66.3610610961914, -108.88436889648438, -64.62476348876953], [-2825.92626953125, -221.02587890625, 1424.56689453125, -351.4830322265625, 324.4808044433594, 90.3894271850586, 212.40325927734375, 87.46048736572266, -9.511983871459961, 44.65564727783203, 43.78202438354492, 25.99932289123535, -55.74319839477539], [1025.6834716796875, -731.742431640625, -351.4830322265625, 706.9500122070312, -259.5775146484375, 61.206329345703125, -61.311092376708984, -38.9306640625, 72.03192901611328, 36.80723190307617, -47.24765396118164, 82.60289764404297, 75.07459259033203], [-1416.473388671875, 463.0045166015625, 324.4808044433594, -259.5775146484375, 548.1630249023438, -59.2449951171875, 85.37603759765625, 35.982791900634766, 7.631870269775391, 37.69435119628906, 93.15665435791016, -24.537839889526367, -69.75337982177734], [-71.57247924804688, -350.4317626953125, 90.3894271850586, 61.206329345703125, -59.2449951171875, 224.9705810546875, 59.418418884277344, 51.23530960083008, 65.91738891601562, 51.12851333618164, 34.217613220214844, 52.022701263427734, 39.613731384277344], [-650.1941528320312, 179.46644592285156, 212.40325927734375, -61.311092376708984, 85.37603759765625, 59.418418884277344, 408.63787841796875, 186.87997436523438, -10.687575340270996, -22.94724464416504, 113.23983001708984, 61.29124450683594, 87.90792846679688], [-308.98583984375, 24.030351638793945, 87.46048736572266, -38.9306640625, 35.982791900634766, 51.23530960083008, 186.87997436523438, 237.0411376953125, 47.07113265991211, -23.95081329345703, 61.1762580871582, 37.86700439453125, 108.88496398925781], [-117.20380401611328, -170.74517822265625, -9.511983871459961, 72.03192901611328, 7.631870269775391, 65.91738891601562, -10.687575340270996, 47.07113265991211, 157.98812866210938, 50.10171127319336, -2.5821845531463623, 42.86865997314453, 62.16188049316406], [-172.46823120117188, -177.9346160888672, 44.65564727783203, 36.80723190307617, 37.69435119628906, 51.12851333618164, -22.94724464416504, -23.95081329345703, 50.10171127319336, 124.59368896484375, 45.246734619140625, 24.4055118560791, -23.538782119750977], [-291.9343566894531, 66.3610610961914, 43.78202438354492, -47.24765396118164, 93.15665435791016, 34.217613220214844, 113.23983001708984, 61.1762580871582, -2.5821845531463623, 45.246734619140625, 131.0648956298828, 42.82801818847656, -8.759681701660156], [10.025115966796875, -108.88436889648438, 25.99932289123535, 82.60289764404297, -24.537839889526367, 52.022701263427734, 61.29124450683594, 37.86700439453125, 42.86865997314453, 24.4055118560791, 42.82801818847656, 121.08112335205078, 59.32572937011719], [105.17996978759766, -64.62476348876953, -55.74319839477539, 75.07459259033203, -69.75337982177734, 39.613731384277344, 87.90792846679688, 108.88496398925781, 62.16188049316406, -23.538782119750977, -8.759681701660156, 59.32572937011719, 174.3464813232422]], "lowlevel.mfcc.icov": [[0.0012294627958908677, -0.001636682660318911, 0.0011610554065555334, -0.0016925266245380044, 0.002614405006170273, -0.0019370411755517125, 0.0017517565283924341, -0.0011375638423487544, 0.0013978261267766356, -0.0010441613849252462, 0.0009416525717824697, -0.000823701499029994, 0.0007531807641498744], [-0.001636682660318911, 0.0027260940987616777, -0.001249876688234508, 0.002786557888612151, -0.00381819112226367, 0.0030703647062182426, -0.0027195534203201532, 0.001729762414470315, -0.0018387436866760254, 0.0017748222453519702, -0.0011559324339032173, 0.0008899765089154243, -0.0010016534943133593], [0.0011610554065555334, -0.001249876688234508, 0.002399798482656479, -0.0008426354033872485, 0.0017068431479856372, -0.0021578411106020212, 0.0007643358549103141, -0.0014468327863141894, 0.0017908017616719007, -0.001623038318939507, 0.0027999726589769125, -0.0018963642651215196, 0.00158610416110605], [-0.0016925266245380044, 0.002786557888612151, -0.0008426354033872485, 0.00504304887726903, -0.0033513172529637814, 0.0030020135454833508, -0.003104176139459014, 0.002037270227447152, -0.0022205959539860487, 0.0008480395772494376, 1.7850077711045742e-05, -0.0005358151393011212, -0.0010276451939716935], [0.002614405006170273, -0.00381819112226367, 0.0017068431479856372, -0.0033513172529637814, 0.008954123593866825, -0.002952562179416418, 0.0037210374139249325, -0.002355275908485055, 0.0012801113771274686, -0.002504925709217787, -0.0004661766579374671, -0.0006844099261797965, 0.002259186701849103], [-0.0019370411755517125, 0.0030703647062182426, -0.0021578411106020212, 0.0030020135454833508, -0.002952562179416418, 0.010122335515916348, -0.00364997168071568, 0.0015557785518467426, -0.004321564454585314, 0.0003298032097518444, -0.002677517244592309, 0.0006857934640720487, -0.0010709372581914067], [0.0017517565283924341, -0.0027195534203201532, 0.0007643358549103141, -0.003104176139459014, 0.0037210374139249325, -0.00364997168071568, 0.008372273296117783, -0.004014367703348398, 0.003568122861906886, -6.236704211914912e-05, -0.0027480912394821644, -0.0011277006706222892, -0.0009150163386948407], [-0.0011375638423487544, 0.001729762414470315, -0.0014468327863141894, 0.002037270227447152, -0.002355275908485055, 0.0015557785518467426, -0.004014367703348398, 0.011691663414239883, -0.0044988361187279224, 0.0046419184654951096, -0.006137745920568705, 0.0034965062513947487, -0.005853347014635801], [0.0013978261267766356, -0.0018387436866760254, 0.0017908017616719007, -0.0022205959539860487, 0.0012801113771274686, -0.004321564454585314, 0.003568122861906886, -0.0044988361187279224, 0.013668629340827465, -0.006637848448008299, 0.005454191006720066, -0.003467025002464652, -0.0018072943203151226], [-0.0010441613849252462, 0.0017748222453519702, -0.001623038318939507, 0.0008480395772494376, -0.002504925709217787, 0.0003298032097518444, -6.236704211914912e-05, 0.0046419184654951096, -0.006637848448008299, 0.016658995300531387, -0.009192196652293205, 0.0015916915144771338, 7.13694971636869e-05], [0.0009416525717824697, -0.0011559324339032173, 0.0027999726589769125, 1.7850077711045742e-05, -0.0004661766579374671, -0.002677517244592309, -0.0027480912394821644, -0.006137745920568705, 0.005454191006720066, -0.009192196652293205, 0.02207791432738304, -0.008334308862686157, 0.006291204132139683], [-0.000823701499029994, 0.0008899765089154243, -0.0018963642651215196, -0.0005358151393011212, -0.0006844099261797965, 0.0006857934640720487, -0.0011277006706222892, 0.0034965062513947487, -0.003467025002464652, 0.0015916915144771338, -0.008334308862686157, 0.015689605847001076, -0.005899985320866108], [0.0007531807641498744, -0.0010016534943133593, 0.00158610416110605, -0.0010276451939716935, 0.002259186701849103, -0.0010709372581914067, -0.0009150163386948407, -0.005853347014635801, -0.0018072943203151226, 7.13694971636869e-05, 0.006291204132139683, -0.005899985320866108, 0.01410155463963747]], "metadata.audio_properties.analysis.downmix": "mix", "metadata.audio_properties.codec": "mp3", "metadata.audio_properties.md5_encoded": "d39a017b720b8293a167837563cb9ec0", "metadata.tags.file_name": "1182274095015014450.mp3", "metadata.version.essentia": "2.1-beta6-dev", "metadata.version.essentia_git_sha": "v2.1_beta5-1110-g77a6a954", "metadata.version.extractor": "music 2.0", "tonal.chords_key": "F", "tonal.chords_scale": "major", "tonal.key_edma.key": "F", "tonal.key_edma.scale": "major", "tonal.key_krumhansl.key": "F", "tonal.key_krumhansl.scale": "major", "tonal.key_temperley.key": "F", "tonal.key_temperley.scale": "major", "metadata.tags.encoding": ["Lavf58.45.100"]}, "essentia_models": [{"model_name": "genre_dortmund", "activations": {"alternative": "0.31559563", "blues": "0.04729997", "electronic": "0.006448952", "folkcountry": "0.41281638", "funksoulrnb": "0.02532125", "jazz": "0.12136724", "pop": "0.07452935", "raphiphop": "0.03658166", "rock": "0.17760777"}}, {"model_name": "genre_rosamerica", "activations": {"classic": "0.17492884", "dance": "0.00900535", "hip hop": "0.008442566", "jazz": "0.13682678", "pop": "0.06958472", "rhythm and blues": "0.085102335", "rock": "0.09650119", "speech": "0.29740903"}}, {"model_name": "genre_tzanetakis", "activations": {"blues": "0.5082449", "classic": "0.013632879", "country": "0.1176121", "disco": "0.0080114", "hip hop": "0.007955717", "jazz": "0.07617746", "metal": "0.011630306", "pop": "0.04710454", "reggae": "0.010459969", "rock": "0.21477398"}}, {"model_name": "genre_electronic", "activations": {"ambient": "0.42335588", "dnb": "0.32934123", "house": "0.24295993", "techno": "0.30441648", "trance": "0