{"song_id": "1182268350940839977", "download": "https://cdn.discordapp.com/attachments/1135903449314238464/1182268350940839977/chirp.mp4?ex=65841434&amp", "lyrics": "Mr. Globe shill (Mr. Globe shill)\nYou looove begging the question\nMr. Globe shill (Mr. Globe shill)\nYou dooon't have good intentions\nMr. Globeshill likes to lie\nAnd in hell he's gonna die\nBecause the Earth is not a ball!\nIt has no curve, no movement at all", "style": ["rock"], "essentia_features": {"lowlevel.average_loudness": 0.9812105894088745, "lowlevel.barkbands_crest.mean": 10.080281257629395, "lowlevel.barkbands_crest.stdev": 3.6198630332946777, "lowlevel.barkbands_flatness_db.mean": 0.10831785202026367, "lowlevel.barkbands_flatness_db.stdev": 0.02940734475851059, "lowlevel.barkbands_kurtosis.mean": 1.77261483669281, "lowlevel.barkbands_kurtosis.stdev": 3.162660837173462, "lowlevel.barkbands_skewness.mean": 1.4249763488769531, "lowlevel.barkbands_skewness.stdev": 0.7026214003562927, "lowlevel.barkbands_spread.mean": 30.75579833984375, "lowlevel.barkbands_spread.stdev": 10.845054626464844, "lowlevel.dissonance.mean": 0.47884348034858704, "lowlevel.dissonance.stdev": 0.015927841886878014, "lowlevel.dynamic_complexity": 1.185804843902588, "lowlevel.erbbands_crest.mean": 7.715458869934082, "lowlevel.erbbands_crest.stdev": 4.734766006469727, "lowlevel.erbbands_flatness_db.mean": 0.12798871099948883, "lowlevel.erbbands_flatness_db.stdev": 0.023415252566337585, "lowlevel.erbbands_kurtosis.mean": -0.38848671317100525, "lowlevel.erbbands_kurtosis.stdev": 0.749848484992981, "lowlevel.erbbands_skewness.mean": -0.008777959272265434, "lowlevel.erbbands_skewness.stdev": 0.6363990306854248, "lowlevel.erbbands_spread.mean": 48.80949401855469, "lowlevel.erbbands_spread.stdev": 12.278130531311035, "lowlevel.hfc.mean": 32.81696701049805, "lowlevel.hfc.stdev": 9.05489730834961, "lowlevel.loudness_ebu128.integrated": -13.635950088500977, "lowlevel.loudness_ebu128.loudness_range": 0.9728908538818359, "lowlevel.loudness_ebu128.momentary.mean": -13.6889009475708, "lowlevel.loudness_ebu128.momentary.stdev": 0.6775765419006348, "lowlevel.loudness_ebu128.short_term.mean": -13.675265312194824, "lowlevel.loudness_ebu128.short_term.stdev": 0.32996442914009094, "lowlevel.melbands_crest.mean": 15.60262680053711, "lowlevel.melbands_crest.stdev": 4.522533416748047, "lowlevel.melbands_flatness_db.mean": 0.15746335685253143, "lowlevel.melbands_flatness_db.stdev": 0.03875381126999855, "lowlevel.melbands_kurtosis.mean": 11.617176055908203, "lowlevel.melbands_kurtosis.stdev": 11.490958213806152, "lowlevel.melbands_skewness.mean": 2.8588716983795166, "lowlevel.melbands_skewness.stdev": 1.2394037246704102, "lowlevel.melbands_spread.mean": 26.91547393798828, "lowlevel.melbands_spread.stdev": 11.282020568847656, "lowlevel.pitch_salience.mean": 0.552002489566803, "lowlevel.pitch_salience.stdev": 0.10301364213228226, "lowlevel.silence_rate_20dB.mean": 1.0, "lowlevel.silence_rate_20dB.stdev": 0.0, "lowlevel.silence_rate_30dB.mean": 0.9932705163955688, "lowlevel.silence_rate_30dB.stdev": 0.08175687491893768, "lowlevel.silence_rate_60dB.mean": 0.0013458949979394674, "lowlevel.silence_rate_60dB.stdev": 0.036661431193351746, "lowlevel.spectral_centroid.mean": 1738.404052734375, "lowlevel.spectral_centroid.stdev": 406.24945068359375, "lowlevel.spectral_complexity.mean": 37.01144027709961, "lowlevel.spectral_complexity.stdev": 5.510217189788818, "lowlevel.spectral_decrease.mean": -1.1023113977159937e-08, "lowlevel.spectral_decrease.stdev": 7.154039138868029e-09, "lowlevel.spectral_energy.mean": 0.04458039626479149, "lowlevel.spectral_energy.stdev": 0.027392908930778503, "lowlevel.spectral_energyband_high.mean": 0.0018849257612600923, "lowlevel.spectral_energyband_high.stdev": 0.000694091257173568, "lowlevel.spectral_energyband_low.mean": 0.02070465125143528, "lowlevel.spectral_energyband_low.stdev": 0.025126326829195023, "lowlevel.spectral_energyband_middle_high.mean": 0.006570826284587383, "lowlevel.spectral_energyband_middle_high.stdev": 0.003065250115469098, "lowlevel.spectral_energyband_middle_low.mean": 0.018575303256511688, "lowlevel.spectral_energyband_middle_low.stdev": 0.012759351171553135, "lowlevel.spectral_entropy.mean": 7.981997966766357, "lowlevel.spectral_entropy.stdev": 0.13662731647491455, "lowlevel.spectral_flux.mean": 0.12016429007053375, "lowlevel.spectral_flux.stdev": 0.06242106482386589, "lowlevel.spectral_kurtosis.mean": 2.324099063873291, "lowlevel.spectral_kurtosis.stdev": 0.6600683331489563, "lowlevel.spectral_rms.mean": 0.006366152781993151, "lowlevel.spectral_rms.stdev": 0.0017219644505530596, "lowlevel.spectral_rolloff.mean": 1633.67041015625, "lowlevel.spectral_rolloff.stdev": 1013.7545776367188, "lowlevel.spectral_skewness.mean": 1.0972493886947632, "lowlevel.spectral_skewness.stdev": 0.1297038495540619, "lowlevel.spectral_spread.mean": 4781644.0, "lowlevel.spectral_spread.stdev": 530674.625, "lowlevel.spectral_strongpeak.mean": 1.0619029998779297, "lowlevel.spectral_strongpeak.stdev": 1.1932100057601929, "lowlevel.zerocrossingrate.mean": 0.07076168060302734, "lowlevel.zerocrossingrate.stdev": 0.020206063985824585, "metadata.audio_properties.analysis.equal_loudness": 0.0, "metadata.audio_properties.analysis.length": 34.47360610961914, "metadata.audio_properties.analysis.sample_rate": 44100.0, "metadata.audio_properties.analysis.start_time": 0.0, "metadata.audio_properties.bit_rate": 113713.0, "metadata.audio_properties.length": 34.474666595458984, "metadata.audio_properties.lossless": 0.0, "metadata.audio_properties.number_channels": 1.0, "metadata.audio_properties.replay_gain": -11.520902633666992, "metadata.audio_properties.sample_rate": 48000.0, "rhythm.beats_count": 62.0, "rhythm.beats_loudness.mean": 0.046877503395080566, "rhythm.beats_loudness.stdev": 0.01673009619116783, "rhythm.bpm": 110.7002182006836, "rhythm.bpm_histogram_first_peak_bpm": 110.0, "rhythm.bpm_histogram_first_peak_weight": 0.4038461446762085, "rhythm.bpm_histogram_second_peak_bpm": 103.0, "rhythm.bpm_histogram_second_peak_spread": 0.4285714030265808, "rhythm.bpm_histogram_second_peak_weight": 0.06557376682758331, "rhythm.danceability": 1.616805911064148, "rhythm.onset_rate": 1.1016650199890137, "tonal.chords_changes_rate": 0.05645161122083664, "tonal.chords_number_rate": 0.01344086043536663, "tonal.chords_strength.mean": 0.5540630221366882, "tonal.chords_strength.stdev": 0.12105631083250046, "tonal.hpcp_crest.mean": 12.748250007629395, "tonal.hpcp_crest.stdev": 6.080345630645752, "tonal.hpcp_entropy.mean": 2.167558193206787, "tonal.hpcp_entropy.stdev": 0.7977887988090515, "tonal.key_edma.strength": 0.7404217720031738, "tonal.key_krumhansl.strength": 0.7430147528648376, "tonal.key_temperley.strength": 0.7270510792732239, "tonal.tuning_diatonic_strength": 0.5660414099693298, "tonal.tuning_equal_tempered_deviation": 0.13890962302684784, "tonal.tuning_frequency": 438.47772216796875, "tonal.tuning_nontempered_energy_ratio": 0.8010897636413574, "lowlevel.barkbands.mean": [0.0005448895390145481, 0.009428330697119236, 0.007650184910744429, 0.005114112980663776, 0.0035748109221458435, 0.0010551715968176723, 0.002156785223633051, 0.0034874288830906153, 0.0030733777675777674, 0.0005490175681188703, 0.0005178627325221896, 0.0007817152654752135, 0.0006156220915727317, 0.0005657255533151329, 0.0006336231017485261, 0.0008175001130439341, 0.0007356554269790649, 0.0004908952978439629, 0.0006665701512247324, 0.0005055981455370784, 0.0006552150007337332, 0.000374067691154778, 0.00027748686261475086, 0.00016607267025392503, 0.00010597706568660215, 3.667578494059853e-05, 3.949391214064235e-08], "lowlevel.barkbands.stdev": [0.0005339179770089686, 0.015841970220208168, 0.010708209127187729, 0.005593281704932451, 0.006161736790090799, 0.0018229911802336574, 0.0038811578415334225, 0.005979935638606548, 0.006997066084295511, 0.0011891932226717472, 0.0010732421651482582, 0.0011803517118096352, 0.0008927090093493462, 0.0009079854353331029, 0.0008151765214279294, 0.000567616312764585, 0.00042178164585493505, 0.00024155343999154866, 0.00029602006543427706, 0.00023093103663995862, 0.0002582404122222215, 0.00020170911739114672, 0.00020862316887360066, 9.325895371148363e-05, 6.705861596856266e-05, 3.4563934605102986e-05, 2.0636986164390692e-07], "lowlevel.erbbands.mean": [0.24631384015083313, 2.2430858612060547, 8.078469276428223, 15.098527908325195, 12.497278213500977, 11.964466094970703, 11.153844833374023, 8.04521656036377, 18.656265258789062, 55.723575592041016, 95.4789047241211, 60.056480407714844, 17.564956665039062, 18.463626861572266, 23.323549270629883, 30.58527183532715, 28.809066772460938, 26.899555206298828, 34.71870040893555, 33.1124382019043, 49.66827392578125, 42.52019500732422, 27.613554000854492, 32.409202575683594, 30.109195709228516, 23.892698287963867, 27.7104434967041, 22.0401668548584, 14.489943504333496, 10.076347351074219, 7.37938117980957, 4.240551471710205, 2.4070229530334473, 1.357822060585022, 0.6465166807174683, 0.2652236521244049, 0.045064136385917664, 0.0020624909084290266, 8.276040171040222e-05, 5.872901965631172e-05], "lowlevel.erbbands.stdev": [0.4356595277786255, 3.895461082458496, 12.073986053466797, 13.985864639282227, 15.849923133850098, 21.331867218017578, 20.365676879882812, 12.699277877807617, 25.830167770385742, 102.17855834960938, 157.39419555664062, 136.5869903564453, 27.289167404174805, 29.852519989013672, 38.77921676635742, 45.12937927246094, 39.8487434387207, 43.29489517211914, 42.59062957763672, 33.46210479736328, 32.19330596923828, 22.832162857055664, 13.509336471557617, 14.24698257446289, 13.708709716796875, 10.327442169189453, 11.325929641723633, 9.195271492004395, 7.64210844039917, 6.755424499511719, 5.413158893585205, 2.421140670776367, 1.4226911067962646, 0.809237003326416, 0.4758255183696747, 0.23385141789913177, 0.047299791127443314, 0.0026092256885021925, 5.7971567002823576e-05, 2.9319611712708138e-05], "lowlevel.gfcc.mean": [63.27170944213867, 74.93553161621094, -122.9871597290039, 55.772056579589844, -64.05371856689453, 20.881418228149414, -39.45857620239258, 16.763107299804688, -23.70526123046875, 5.197437286376953, -25.059511184692383, -6.847886085510254, -18.18105125427246], "lowlevel.melbands.mean": [0.002406015293672681, 0.0038278745487332344, 0.002463574754074216, 0.0008410749142058194, 0.0004229312180541456, 0.0001889356062747538, 0.000328304449794814, 0.0006415880634449422, 0.0008556551765650511, 0.0003198990598320961, 8.172221714630723e-05, 7.617240044055507e-05, 7.315108086913824e-05, 8.069626346696168e-05, 8.19133929326199e-05, 5.6498796766391024e-05, 4.881164204562083e-05, 5.69072799407877e-05, 4.602907574735582e-05, 4.6681601816089824e-05, 5.9699363191612065e-05, 4.6111141273286194e-05, 3.060732706217095e-05, 2.085535197693389e-05, 2.6976087610819377e-05, 2.4475839381921105e-05, 1.7979737094719894e-05, 1.5192657883744687e-05, 1.6437477825093083e-05, 1.8005950551014394e-05, 1.088711815100396e-05, 8.592471203883179e-06, 6.248846602829872e-06, 5.484655048348941e-06, 4.541466751106782e-06, 3.183043190801982e-06, 2.3835950742068235e-06, 1.7451620806241408e-06, 1.3764346249445225e-06, 1.0554168738963199e-06], "lowlevel.melbands.stdev": [0.00403105141595006, 0.005602431017905474, 0.0021261810325086117, 0.0013547439593821764, 0.0007443033391609788, 0.0002910781477112323, 0.0005068399477750063, 0.001138086779974401, 0.0015157856978476048, 0.00074060691986233, 0.00015033711679279804, 0.00013278510596137494, 0.00013955571921542287, 0.00012219739437568933, 0.00016752547526266426, 8.050716132856905e-05, 9.244289685739204e-05, 7.206764712464064e-05, 6.108810339355841e-05, 3.7524929211940616e-05, 4.0196966438088566e-05, 2.8574051611940376e-05, 1.6790909285191447e-05, 1.0589972589514218e-05, 1.3047723768977448e-05, 1.2043255082971882e-05, 8.765391612541862e-06, 7.660043593205046e-06, 8.071483534877189e-06, 8.71848260430852e-06, 5.114468422107166e-06, 4.766685378854163e-06, 3.899728653777856e-06, 4.345253728388343e-06, 3.7117506508366205e-06, 2.030714085776708e-06, 1.4541701602865942e-06, 1.0760772966023069e-06, 8.752591611482785e-07, 6.693496175103064e-07], "lowlevel.melbands128.mean": [0.00027391337789595127, 0.0017803474329411983, 0.00322248344309628, 0.0037650882732123137, 0.004094405565410852, 0.0036690274719148874, 0.003376903710886836, 0.0020973989740014076, 0.0011190797667950392, 0.0008080531260930002, 0.0006461450830101967, 0.0005196117563173175, 0.00039734449819661677, 0.0002596260455902666, 0.0001482812804169953, 0.0001580587704665959, 0.00022918883769307286, 0.00027563577168621123, 0.0005610732478089631, 0.000653086113743484, 0.0006809196784161031, 0.0006549864774569869, 0.0009390650666318834, 0.00108551315497607, 0.0003104122879449278, 8.93441610969603e-05, 6.524733908008784e-05, 6.773412314942107e-05, 0.0001206983215524815, 6.952013791305944e-05, 6.256682536331937e-05, 8.331266872119159e-05, 6.11816649325192e-05, 7.746345363557339e-05, 9.062841127160937e-05, 7.378400187008083e-05, 7.370422099484131e-05, 0.00011057608935516328, 5.974684245302342e-05, 5.7316119637107477e-05, 6.190999556565657e-05, 4.552262544166297e-05, 4.273303420632146e-05, 5.388672070694156e-05, 5.797815538244322e-05, 6.086156645324081e-05, 5.0906968681374565e-05, 4.7766119678271934e-05, 4.27891245635692e-05, 4.1173483623424545e-05, 4.091107621206902e-05, 5.7252676924690604e-05, 7.260510756168514e-05, 5.189752482692711e-05, 5.1600931328721344e-05, 4.872096178587526e-05, 4.062346488353796e-05, 3.0800601962255314e-05, 3.013508830917999e-05, 2.291685450472869e-05, 1.728451570670586e-05, 2.1275081962812692e-05, 2.6325225917389616e-05, 2.9452829039655626e-05, 2.7092366508441046e-05, 2.538647640903946e-05, 2.2200722014531493e-05, 1.9656963559100404e-05, 1.674727172940038e-05, 1.6622348994133063e-05, 1.4087700037634932e-05, 1.4943578207748942e-05, 1.6116122424136847e-05, 1.6424994100816548e-05, 1.7032023606589064e-05, 2.0513438357738778e-05, 1.799516030587256e-05, 1.198613790620584e-05, 1.021504976961296e-05, 9.116421097132843e-06, 9.492003300692886e-06, 8.090082701528445e-06, 7.086070581863169e-06, 6.42567329123267e-06, 5.072896783531178e-06, 5.3392955123854335e-06, 5.667054210789502e-06, 5.656941084453138e-06, 4.42709460912738e-06, 3.942895091313403e-06, 3.4362615224381443e-06, 3.101816901107668e-06, 2.505127895346959e-06, 2.3921224965306465e-06, 2.347893314436078e-06, 1.8690893739403691e-06, 1.6494102510478115e-06, 1.5009358094175695e-06, 1.371034386465908e-06, 1.3220193295637728e-06, 1.228931182595261e-06, 9.90392322819389e-07, 8.955174735092442e-07, 7.920823463791749e-07, 6.954304012651846e-07, 6.490965915872948e-07, 6.652383035543608e-07, 5.974108603368222e-07, 4.2156577251262206e-07, 3.826774843673775e-07, 2.819911628648697e-07, 1.6146979930908856e-07, 1.1547768252739843e-07, 6.723740142433599e-08, 2.7568137994649078e-08, 6.0424008019310804e-09, 1.565376828160936e-09, 7.404422214252193e-11, 6.672952121422604e-12, 6.476385833870113e-12, 6.3045497641911474e-12, 6.168086440910825e-12, 6.032781045550717e-12, 5.919092473105625e-12, 5.7980369637389284e-12, 5.664843594210822e-12, 5.581627608025608e-12, 5.545172394177955e-12], "lowlevel.melbands128.stdev": [0.00045258522732183337, 0.00345617369748652, 0.005826224572956562, 0.007022342178970575, 0.007024049758911133, 0.00483112595975399, 0.0033026677556335926, 0.002342951949685812, 0.0018363194540143013, 0.0017791669815778732, 0.0012309419689700007, 0.0010847378289327025, 0.0007956922636367381, 0.0005949611659161747, 0.00033733007148839533, 0.0002547200710978359, 0.00034608482383191586, 0.0005446078721433878, 0.0013232470955699682, 0.001645123353227973, 0.0016252317000180483, 0.0015840309206396341, 0.002279007574543357, 0.0027311015874147415, 0.0011342988582327962, 0.00020463964028749615, 9.597946336725727e-05, 0.00014306501543615013, 0.00036275642924010754, 0.00018528509826865047, 0.00012011743092443794, 0.0002922024577856064, 0.00015012876247055829, 0.00021192396525293589, 0.0001892422733362764, 0.000167367747053504, 0.00015758788504172117, 0.00031726749148219824, 0.00013854500139132142, 0.00011583378363866359, 0.00011361096403561532, 7.841729529900476e-05, 0.00010145823034690693, 0.00016389568918384612, 8.491267362842336e-05, 9.551424591336399e-05, 9.721370588522404e-05, 8.341560169355944e-05, 6.5649910538923e-05, 5.328848055796698e-05, 3.98197807953693e-05, 5.2504692575894296e-05, 6.914944242453203e-05, 4.4890861317981035e-05, 4.6986580855445936e-05, 4.210044426145032e-05, 3.0228726245695725e-05, 2.3085252905730158e-05, 2.2850721506983973e-05, 1.80199076567078e-05, 1.2800652257283218e-05, 1.4567946891475003e-05, 1.8656155589269474e-05, 1.9859708118019626e-05, 1.8054273823508993e-05, 1.7481435861554928e-05, 1.6066818716353737e-05, 1.4563477634510491e-05, 1.1540329978743102e-05, 1.0745828149083536e-05, 9.021766345540527e-06, 1.1466572686913423e-05, 1.2840879207942635e-05, 1.1018373697879724e-05, 1.0417483281344175e-05, 1.2674673598667141e-05, 1.2373892786854412e-05, 8.01991882326547e-06, 6.416418727894779e-06, 6.116671556810616e-06, 6.20494392933324e-06, 5.8221407925884705e-06, 5.603137196885655e-06, 4.757794158649631e-06, 4.072328010806814e-06, 4.697446456702892e-06, 5.323633104126202e-06, 5.787098871223861e-06, 4.313060344429687e-06, 3.163270093864412e-06, 2.81603888652171e-06, 2.2046333469916135e-06, 1.8871015754484688e-06, 1.83391023256263e-06, 1.696758204161597e-06, 1.3264445897220867e-06, 1.219045088873827e-06, 1.1720165957740392e-06, 1.0746869065769715e-06, 9.375411309520132e-07, 7.958714149935986e-07, 8.134093718581425e-07, 7.162183806030953e-07, 7.290060466402792e-07, 6.296991159615573e-07, 5.725577807424997e-07, 6.047375222806295e-07, 5.741093787037244e-07, 4.5587952968162426e-07, 4.1069674239224696e-07, 3.34284067093904e-07, 2.0069442996373255e-07, 1.6692185056399467e-07, 1.0781646153645852e-07, 4.9689290904098016e-08, 2.3062368015303036e-08, 7.399477475189542e-09, 7.81105347069655e-10, 9.678058701667602e-12, 9.41887279976017e-12, 9.185951478640764e-12, 8.981915905481586e-12, 8.800755263438376e-12, 8.6463388532243e-12, 8.518932954892922e-12, 8.417335405075388e-12, 8.343626137219395e-12, 8.29782857009187e-12], "lowlevel.mfcc.mean": [-570.5325927734375, 91.68797302246094, 1.6832674741744995, 33.48054504394531, 3.8648180961608887, 8.30623722076416, -1.360643744468689, 5.3344502449035645, 6.094359874725342, 5.116199016571045, 1.3726955652236938, 4.697719573974609, -0.8554249405860901], "lowlevel.spectral_contrast_coeffs.mean": [-0.6838837265968323, -0.7305701971054077, -0.8005195260047913, -0.8029096126556396, -0.8107109069824219, -0.7266284823417664], "lowlevel.spectral_contrast_coeffs.stdev": [0.06612303853034973, 0.08496610820293427, 0.04499170184135437, 0.03183251991868019, 0.016574420034885406, 0.02163723111152649], "lowlevel.spectral_contrast_valleys.mean": [-6.28007173538208, -6.319117069244385, -6.849167823791504, -6.795182704925537, -6.452361583709717, -9.283276557922363], "lowlevel.spectral_contrast_valleys.stdev": [0.5137118101119995, 0.4098121225833893, 0.33553555607795715, 0.32063886523246765, 0.2366638481616974, 0.2722010314464569], "rhythm.beats_loudness_band_ratio.mean": [0.5777645707130432, 0.09111911803483963, 0.1720653474330902, 0.06040350720286369, 0.08367963135242462, 0.058383479714393616], "rhythm.beats_loudness_band_ratio.stdev": [0.17225392162799835, 0.11883237957954407, 0.15047001838684082, 0.04658712446689606, 0.057423997670412064, 0.029675114899873734], "tonal.hpcp.mean": [0.10495240241289139, 0.09207455813884735, 0.10428881645202637, 0.15023325383663177, 0.14241157472133636, 0.15289320051670074, 0.1744440346956253, 0.12057078629732132, 0.08556496351957321, 0.08092808723449707, 0.08372288197278976, 0.13006752729415894, 0.20826853811740875, 0.1709262877702713, 0.07894667983055115, 0.05666445195674896, 0.08020104467868805, 0.20675259828567505, 0.3428691625595093, 0.26054832339286804, 0.10403189063072205, 0.04916762188076973, 0.03732406347990036, 0.04420047625899315, 0.05371861904859543, 0.055620238184928894, 0.09160668402910233, 0.13904620707035065, 0.11612962931394577, 0.07920633256435394, 0.07789641618728638, 0.08362168818712234, 0.14345283806324005, 0.22127501666545868, 0.17799201607704163, 0.1140255257487297], "tonal.hpcp.stdev": [0.2333299219608307, 0.21557684242725372, 0.20912392437458038, 0.2492448389530182, 0.23868529498577118, 0.26552078127861023, 0.31672653555870056, 0.23077145218849182, 0.1915191411972046, 0.18194478750228882, 0.17678995430469513, 0.2235020399093628, 0.2906079590320587, 0.25320157408714294, 0.16316361725330353, 0.12197761237621307, 0.15903447568416595, 0.2830672860145569, 0.3691945970058441, 0.3087608516216278, 0.20638613402843475, 0.13307934999465942, 0.09795285761356354, 0.10797041654586792, 0.11271379142999649, 0.12687283754348755, 0.18552938103675842, 0.2684381306171417, 0.22542983293533325, 0.17797695100307465, 0.17538531124591827, 0.17946307361125946, 0.24245411157608032, 0.3186698853969574, 0.2650080621242523, 0.2199546843767166], "rhythm.beats_position": [0.5572788715362549, 1.1029478311538696, 1.6718367338180542, 2.252335548400879, 2.832834482192993, 3.424943208694458, 4.005442142486572, 4.585940837860107, 5.154829978942871, 5.700498580932617, 6.234557628631592, 6.780226707458496, 7.314285755157471, 7.859954357147217, 8.405623435974121, 8.951292037963867, 9.49696159362793, 10.042630195617676, 10.588298797607422, 11.110748291015625, 11.656416893005371, 12.190476417541504, 12.73614501953125, 13.281813621520996, 13.815873146057129, 14.349931716918945, 14.883990287780762, 15.429659843444824, 15.97532844543457, 16.520998001098633, 17.066665649414062, 17.600725173950195, 18.134784698486328, 18.668842315673828, 19.20290184020996, 19.748571395874023, 20.294239044189453, 20.839908599853516, 21.385578155517578, 21.91963768005371, 22.46530532836914, 22.999364852905273, 23.545034408569336, 24.079092025756836, 24.6247615814209, 25.17043113708496, 25.70448875427246, 26.250158309936523, 26.784217834472656, 27.329885482788086, 27.86394500732422, 28.39800453186035, 28.93206214904785, 29.489341735839844, 30.035011291503906, 30.569068908691406, 31.11473846435547, 31.66040802001953, 32.206077575683594, 32.7285270690918, 33.274192810058594, 33.83147430419922], "rhythm.bpm_histogram": [0.0, 0.0, 0.0, 0.0, 0.0, 0.0, 0.0, 0.0, 0.0, 0.0, 0.0, 0.0, 0.0, 0.0, 0.0, 0.0, 0.0, 0.0, 0.0, 0.0, 0.0, 0.0, 0.0, 0.0, 0.0, 0.0, 0.0, 0.0, 0.0, 0.0, 0.0, 0.0, 0.0, 0.0, 0.0, 0.0, 0.0, 0.0, 0.0, 0.0, 0.0, 0.0, 0.0, 0.0, 0.0, 0.0, 0.0, 0.0, 0.0, 0.0, 0.0, 0.0, 0.0, 0.0, 0.0, 0.0, 0.0, 0.0, 0.0, 0.0, 0.0, 0.0, 0.0, 0.0, 0.0, 0.0, 0.0, 0.0, 0.0, 0.0, 0.0, 0.0, 0.0, 0.0, 0.0, 0.0, 0.0, 0.0, 0.0, 0.0, 0.0, 0.0, 0.0, 0.0, 0.0, 0.0, 0.0, 0.0, 0.0, 0.0, 0.0, 0.0, 0.0, 0.0, 0.0, 0.0, 0.0, 0.0, 0.0, 0.0, 0.0, 0.016393441706895828, 0.0, 0.06557376682758331, 0.0, 0.032786883413791656, 0.0, 0.0, 0.032786883413791656, 0.0, 0.5081967115402222, 0.0, 0.31147539615631104, 0.0, 0.0, 0.032786883413791656, 0.0, 0.0, 0.0, 0.0, 0.0, 0.0, 0.0, 0.0, 0.0, 0.0, 0.0, 0.0, 0.0, 0.0, 0.0, 0.0, 0.0, 0.0, 0.0, 0.0, 0.0, 0.0, 0.0, 0.0, 0.0, 0.0, 0.0, 0.0, 0.0, 0.0, 0.0, 0.0, 0.0, 0.0, 0.0, 0.0, 0.0, 0.0, 0.0, 0.0, 0.0, 0.0, 0.0, 0.0, 0.0, 0.0, 0.0, 0.0, 0.0, 0.0, 0.0, 0.0, 0.0, 0.0, 0.0, 0.0, 0.0, 0.0, 0.0, 0.0, 0.0, 0.0, 0.0, 0.0, 0.0, 0.0, 0.0, 0.0, 0.0, 0.0, 0.0, 0.0, 0.0, 0.0, 0.0, 0.0, 0.0, 0.0, 0.0, 0.0, 0.0, 0.0, 0.0, 0.0, 0.0, 0.0, 0.0, 0.0, 0.0, 0.0, 0.0, 0.0, 0.0, 0.0, 0.0, 0.0, 0.0, 0.0, 0.0, 0.0, 0.0, 0.0, 0.0, 0.0, 0.0, 0.0, 0.0, 0.0, 0.0, 0.0, 0.0, 0.0, 0.0, 0.0, 0.0, 0.0, 0.0, 0.0, 0.0, 0.0, 0.0, 0.0, 0.0, 0.0, 0.0, 0.0, 0.0, 0.0, 0.0, 0.0, 0.0, 0.0, 0.0, 0.0], "tonal.chords_histogram": [39.78494644165039, 3.091397762298584, 1.3440860509872437, 11.155914306640625, 0.0, 5.913978576660156, 0.5376344323158264, 26.747312545776367, 0.2688172161579132, 2.956989288330078, 0.0, 0.0, 0.0, 0.0, 0.0, 0.0, 0.0, 0.0, 0.4032258093357086, 0.0, 4.435483932495117, 1.0752688646316528, 2.2849462032318115, 0.0], "tonal.thpcp": [1.0, 0.759905993938446, 0.3034157156944275, 0.14340053498744965, 0.10885803401470184, 0.1289135366678238, 0.15667381882667542, 0.16222000122070312, 0.2671768069267273, 0.4055372178554535, 0.3386995494365692, 0.23101037740707397, 0.22718991339206696, 0.2438880354166031, 0.4183894395828247, 0.6453628540039062, 0.5191251635551453, 0.33256280422210693, 0.30610042810440063, 0.2685413658618927, 0.3041650652885437, 0.43816494941711426, 0.4153525233268738, 0.4459228813648224, 0.5087772607803345, 0.35165247321128845, 0.24955572187900543, 0.23603197932243347, 0.24418318271636963, 0.37935033440589905, 0.6074286103248596, 0.49851754307746887, 0.23025307059288025, 0.1652655303478241, 0.23391151428222656, 0.6030072569847107], "lowlevel.gfcc.cov": [[441.5848083496094, 71.5748062133789, 4.078742504119873, 18.526887893676758, 12.160055160522461, -0.8409679532051086, -1.3510452508926392, -20.9246768951416, 2.1121912002563477, 0.39766085147857666, 8.156211853027344, 0.07539917528629303, 3.0641441345214844], [71.5748062133789, 217.1437225341797, 9.988737106323242, 17.365570068359375, 34.6445426940918, 6.736236572265625, 67.18000030517578, 14.720093727111816, 51.42584228515625, 6.058733940124512, 53.693302154541016, -5.51967716217041, 30.564027786254883], [4.078742504119873, 9.988737106323242, 141.55239868164062, 72.17970275878906, 59.48633575439453, 17.40498161315918, 16.871307373046875, 16.740934371948242, -0.582985520362854, 4.744991779327393, 3.018826723098755, 31.972190856933594, 29.974889755249023], [18.526887893676758, 17.365570068359375, 72.17970275878906, 108.91497039794922, 81.79361724853516, 28.98621368408203, 5.134751319885254, -5.2747802734375, 6.498505115509033, 4.781578540802002, 12.778794288635254, 19.931228637695312, 35.21278762817383], [12.160055160522461, 34.6445426940918, 59.48633575439453, 81.79361724853516, 149.34524536132812, 68.36771392822266, 33.75217819213867, 12.813748359680176, 25.52344512939453, 25.602344512939453, 12.631495475769043, 7.7715559005737305, 24.81548309326172], [-0.8409679532051086, 6.736236572265625, 17.40498161315918, 28.98621368408203, 68.36771392822266, 88.82366180419922, 67.85613250732422, 37.51776885986328, 22.955463409423828, 15.437372207641602, 18.629430770874023, 6.564727783203125, 9.159381866455078], [-1.3510452508926392, 67.18000030517578, 16.871307373046875, 5.134751319885254, 33.75217819213867, 67.85613250732422, 137.3764190673828, 86.09013366699219, 49.302520751953125, 10.034517288208008, 27.702232360839844, 0.35672178864479065, 2.0009841918945312], [-20.9246768951416, 14.720093727111816, 16.740934371948242, -5.2747802734375, 12.813748359680176, 37.51776885986328, 86.09013366699219, 98.01507568359375, 58.824790954589844, 21.23977279663086, 9.854270935058594, -8.56497859954834, -5.776317119598389], [2.1121912002563477, 51.42584228515625, -0.582985520362854, 6.498505115509033, 25.52344512939453, 22.955463409423828, 49.302520751953125, 58.824790954589844, 97.77225494384766, 50.72266387939453, 25.431394577026367, -18.754398345947266, -8.111749649047852], [0.39766085147857666, 6.058733940124512, 4.744991779327393, 4.781578540802002, 25.602344512939453, 15.437372207641602, 10.034517288208008, 21.23977279663086, 50.72266387939453, 66.09070587158203, 35.84769821166992, 5.632544040679932, -10.355209350585938], [8.156211853027344, 53.693302154541016, 3.018826723098755, 12.778794288635254, 12.631495475769043, 18.629430770874023, 27.702232360839844, 9.854270935058594, 25.431394577026367, 35.84769821166992, 72.9469223022461, 35.7574577331543, 9.6045503616333], [0.07539917528629303, -5.51967716217041, 31.972190856933594, 19.931228637695312, 7.7715559005737305, 6.564727783203125, 0.35672178864479065, -8.56497859954834, -18.754398345947266, 5.632544040679932, 35.7574577331543, 74.6495361328125, 36.670719146728516], [3.0641441345214844, 30.564027786254883, 29.974889755249023, 35.21278762817383, 24.81548309326172, 9.159381866455078, 2.0009841918945312, -5.776317119598389, -8.111749649047852, -10.355209350585938, 9.6045503616333, 36.670719146728516, 67.32754516601562]], "lowlevel.gfcc.icov": [[0.0025664803106337786, -0.0020889362785965204, 0.0003939201415050775, -0.001225129934027791, 0.0009627111139707267, -0.0013411734253168106, 0.0008777020266279578, -8.47260162117891e-05, 0.0007617530063726008, -0.0013817388098686934, 0.0022593762259930372, -0.0015016047982499003, 0.0014659506268799305], [-0.0020889362785965204, 0.019792914390563965, -0.004135477356612682, 0.008089320734143257, -0.008826695382595062, 0.014952045865356922, -0.015326937660574913, 0.013784789480268955, -0.012310527265071869, 0.013912010006606579, -0.022181663662195206, 0.015126040205359459, -0.012840093113481998], [0.0003939201415050775, -0.004135477356612682, 0.014694172888994217, -0.010287991724908352, -0.00027280490030534565, 0.0011719692265614867, 0.001274463371373713, -0.007756917271763086, 0.006206678692251444, -0.006423803046345711, 0.00941909197717905, -0.008849488571286201, 0.0031719456892460585], [-0.001225129934027791, 0.008089320734143257, -0.010287991724908352, 0.027588000521063805, -0.013142935000360012, 0.004540765192359686, -0.0023278179578483105, 0.008486004546284676, -0.009799933061003685, 0.013149254955351353, -0.015172004699707031, 0.008296485058963299, -0.009953918866813183], [0.0009627111139707267, -0.008826695382595062, -0.00027280490030534565, -0.013142935000360012, 0.02325568161904812, -0.018288034945726395, 0.005459018982946873, -0.0014263902558013797, 0.004746973980218172, -0.01382504589855671, 0.014252137392759323, -0.004251382779330015, 0.003318262519314885], [-0.0013411734253168106, 0.014952045865356922, 0.0011719692265614867, 0.004540765192359686, -0.018288034945726395, 0.04132452979683876, -0.024806685745716095, 0.00856303982436657, -0.0032945151906460524, 0.005488289054483175, -0.015966659411787987, 0.009947358630597591, -0.009725648909807205], [0.0008777020266279578, -0.015326937660574913, 0.001274463371373713, -0.0023278179578483105, 0.005459018982946873, -0.024806685745716095, 0.04116528108716011, -0.03020981140434742, 0.005645262077450752, 0.004390624351799488, 0.004507424309849739, -0.009615921415388584, 0.011065212078392506], [-8.47260162117891e-05, 0.013784789480268955, -0.007756917271763086, 0.008486004546284676, -0.0014263902558013797, 0.00856303982436657, -0.03020981140434742, 0.04673383757472038, -0.023197470232844353, 0.005526109132915735, -0.005166744813323021, 0.007181887980550528, -0.008090117946267128], [0.0007617530063726008, -0.012310527265071869, 0.006206678692251444, -0.009799933061003685, 0.004746973980218172, -0.0032945151906460524, 0.005645262077450752, -0.023197470232844353, 0.04241897910833359, -0.031153015792369843, 0.009956277906894684, 0.0037468625232577324, 0.0013147565769031644], [-0.0013817388098686934, 0.013912010006606579, -0.006423803046345711, 0.013149254955351353, -0.01382504589855671, 0.005488289054483175, 0.004390624351799488, 0.005526109132915735, -0.031153015792369843, 0.05669713392853737, -0.03313705697655678, 0.004896110855042934, 0.0014500209363177419], [0.0022593762259930372, -0.022181663662195206, 0.00941909197717905, -0.015172004699707031, 0.014252137392759323, -0.015966659411787987, 0.004507424309849739, -0.005166744813323021, 0.009956277906894684, -0.03313705697655678, 0.059986382722854614, -0.033956028521060944, 0.016090422868728638], [-0.0015016047982499003, 0.015126040205359459, -0.008849488571286201, 0.008296485058963299, -0.004251382779330015, 0.009947358630597591, -0.009615921415388584, 0.007181887980550528, 0.0037468625232577324, 0.004896110855042934, -0.033956028521060944, 0.04557657241821289, -0.024857228621840477], [0.0014659506268799305, -0.012840093113481998, 0.0031719456892460585, -0.009953918866813183, 0.003318262519314885, -0.009725648909807205, 0.011065212078392506, -0.008090117946267128, 0.0013147565769031644, 0.0014500209363177419, 0.016090422868728638, -0.024857228621840477, 0.03511067107319832]], "lowlevel.mfcc.cov": [[462.49896240234375, 46.783931732177734, -20.013408660888672, 7.354108810424805, -6.6495585441589355, 14.99290943145752, -14.784038543701172, -14.364879608154297, -22.89974021911621, -9.75119400024414, 4.973104000091553, -5.633182525634766, -7.607027530670166], [46.783931732177734, 159.9945831298828, 0.3594062328338623, 17.711103439331055, -5.960677623748779, 5.613768100738525, 20.205284118652344, 14.365413665771484, 14.2366361618042, 12.236539840698242, 25.219160079956055, 29.146160125732422, 18.588132858276367], [-20.013408660888672, 0.3594062328338623, 90.17162322998047, 38.93557357788086, 6.789683818817139, -3.198188304901123, 9.006082534790039, 15.645280838012695, 3.593545913696289, -11.642610549926758, -16.711511611938477, -7.706946849822998, 10.014690399169922], [7.354108810424805, 17.711103439331055, 38.93557357788086, 86.47297668457031, 53.31214141845703, 24.390644073486328, 8.24356746673584, 2.9786431789398193, 7.144183158874512, -0.2779552936553955, -12.531132698059082, -11.632116317749023, 6.297633171081543], [-6.6495585441589355, -5.960677623748779, 6.789683818817139, 53.31214141845703, 112.3816909790039, 56.27362823486328, 7.928888320922852, -14.682923316955566, 10.385048866271973, 16.645753860473633, -6.16537618637085, -14.892158508300781, -9.005851745605469], [14.99290943145752, 5.613768100738525, -3.198188304901123, 24.390644073486328, 56.27362823486328, 75.3028335571289, 32.138275146484375, 8.394797325134277, 5.706719398498535, 10.103559494018555, 4.963568687438965, 1.4024465084075928, 2.4851934909820557], [-14.784038543701172, 20.205284118652344, 9.006082534790039, 8.24356746673584, 7.928888320922852, 32.138275146484375, 85.32376098632812, 54.669281005859375, 24.89276695251465, 6.946103096008301, 8.586791038513184, 17.996349334716797, 6.629667282104492], [-14.364879608154297, 14.365413665771484, 15.645280838012695, 2.9786431789398193, -14.682923316955566, 8.394797325134277, 54.669281005859375, 80.08995056152344, 41.25526809692383, 15.345083236694336, 9.737852096557617, 15.02692985534668, 14.81432819366455], [-22.89974021911621, 14.2366361618042, 3.593545913696289, 7.144183158874512, 10.385048866271973, 5.706719398498535, 24.89276695251465, 41.25526809692383, 74.48875427246094, 49.39430618286133, 20.71619987487793, 8.241124153137207, 0.4452497661113739], [-9.75119400024414, 12.236539840698242, -11.642610549926758, -0.2779552936553955, 16.645753860473633, 10.103559494018555, 6.946103096008301, 15.345083236694336, 49.39430618286133, 79.63751983642578, 50.9674072265625, 23.767345428466797, -0.5253794193267822], [4.973104000091553, 25.219160079956055, -16.711511611938477, -12.531132698059082, -6.16537618637085, 4.963568687438965, 8.586791038513184, 9.737852096557617, 20.71619987487793, 50.9674072265625, 80.16998291015625, 53.50879669189453, 12.367965698242188], [-5.633182525634766, 29.146160125732422, -7.706946849822998, -11.632116317749023, -14.892158508300781, 1.4024465084075928, 17.996349334716797, 15.02692985534668, 8.241124153137207, 23.767345428466797, 53.50879669189453, 82.56779479980469, 41.31776809692383], [-7.607027530670166, 18.588132858276367, 10.014690399169922, 6.297633171081543, -9.005851745605469, 2.4851934909820557, 6.629667282104492, 14.81432819366455, 0.4452497661113739, -0.5253794193267822, 12.367965698242188, 41.31776809692383, 69.52214813232422]], "lowlevel.mfcc.icov": [[0.0024046842008829117, -0.0007729059434495866, 0.000586537818890065, -0.0006710013840347528, 0.0008609621436335146, -0.0012542777694761753, 0.0009484533220529556, -0.00041380018228664994, 0.0007938785129226744, 0.00012457593402359635, -0.0003812049690168351, 0.00034449947997927666, 0.00045908999163657427], [-0.0007729059434495866, 0.007655729539692402, 0.0007912444998510182, -0.002998656826093793, 0.0016781709855422378, 0.0001604150893399492, -0.0018906575860455632, 0.00138936098664999, -0.0018586176447570324, 0.0009585953666828573, -0.0017000888474285603, -0.00121611962094903, -0.0008335907477885485], [0.000586537818890065, 0.0007912444998510182, 0.015971990302205086, -0.008479258976876736, 0.001301497220993042, 0.002588683506473899, -0.0004885584348812699, -0.002894713543355465, 0.0003117630840279162, 0.0011939214309677482, 0.0011064446298405528, 0.000505128176882863, -0.0014305957593023777], [-0.0006710013840347528, -0.002998656826093793, -0.008479258976876736, 0.023545175790786743, -0.01142734196037054, 0.0008058917592279613, 0.00041730597149580717, -0.0012000611750409007, -0.0004336188721936196, 0.0010238257236778736, 0.00011381239892216399, 0.002859957981854677, -0.003185669658705592], [0.0008609621436335146, 0.0016781709855422378, 0.001301497220993042, -0.01142734196037054, 0.024231746792793274, -0.014920455403625965, -8.503592835040763e-05, 0.008107125759124756, -0.003602443030104041, -0.004656214267015457, 0.0036891549825668335, -0.0006198643241077662, 0.0021460510324686766], [-0.0012542777694761753, 0.0001604150893399492, 0.002588683506473899, 0.0008058917592279613, -0.014920455403625965, 0.029514653608202934, -0.011343428865075111, -0.0005810485454276204, 0.004684461280703545, -0.0013187996810302138, -0.0030979712028056383, 0.0035123720299452543, -0.003984624519944191], [0.0009484533220529556, -0.0018906575860455632, -0.0004885584348812699, 0.00041730597149580717, -8.503592835040763e-05, -0.011343428865075111, 0.029477287083864212, -0.018993323668837547, -0.0003248642024118453, 0.004221558570861816, 0.0019058476900681853, -0.007753976155072451, 0.0065758186392486095], [-0.00041380018228664994, 0.00138936098664999, -0.002894713543355465, -0.0012000611750409007, 0.008107125759124756, -0.0005810485454276204, -0.018993323668837547, 0.03597334027290344, -0.01634911261498928, 0.0023843918461352587, -0.0010828581871464849, 0.0027546961791813374, -0.005996147636324167], [0.0007938785129226744, -0.0018586176447570324, 0.0003117630840279162, -0.0004336188721936196, -0.003602443030104041, 0.004684461280703545, -0.0003248642024118453, -0.01634911261498928, 0.03722090646624565, -0.02383185550570488, 0.006346852984279394, 0.0015238927444443107, 0.0010055931052193046], [0.00012457593402359635, 0.0009585953666828573, 0.0011939214309677482, 0.0010238257236778736, -0.004656214267015457, -0.0013187996810302138, 0.004221558570861816, 0.0023843918461352587, -0.02383185550570488, 0.04180626571178436, -0.023269642144441605, 0.0026485733687877655, 0.001060073496773839], [-0.0003812049690168351, -0.0017000888474285603, 0.0011064446298405528, 0.00011381239892216399, 0.0036891549825668335, -0.0030979712028056383, 0.0019058476900681853, -0.0010828581871464849, 0.006346852984279394, -0.023269642144441605, 0.04093555733561516, -0.022714199498295784, 0.006881160661578178], [0.00034449947997927666, -0.00121611962094903, 0.000505128176882863, 0.002859957981854677, -0.0006198643241077662, 0.0035123720299452543, -0.007753976155072451, 0.0027546961791813374, 0.0015238927444443107, 0.0026485733687877655, -0.022714199498295784, 0.036750588566064835, -0.0178125761449337], [0.00045908999163657427, -0.0008335907477885485, -0.0014305957593023777, -0.003185669658705592, 0.0021460510324686766, -0.003984624519944191, 0.0065758186392486095, -0.005996147636324167, 0.0010055931052193046, 0.001060073496773839, 0.006881160661578178, -0.0178125761449337, 0.025586357340216637]], "metadata.audio_properties.analysis.downmix": "mix", "metadata.audio_properties.codec": "mp3", "metadata.audio_properties.md5_encoded": "51603f0d9ab9582c11c4b1d8c420e41a", "metadata.tags.file_name": "1182268350940839977.mp3", "metadata.version.essentia": "2.1-beta6-dev", "metadata.version.essentia_git_sha": "v2.1_beta5-1110-g77a6a954", "metadata.version.extractor": "music 2.0", "tonal.chords_key": "Ab", "tonal.chords_scale": "minor", "tonal.key_edma.key": "Ab", "tonal.key_edma.scale": "minor", "tonal.key_krumhansl.key": "Ab", "tonal.key_krumhansl.scale": "minor", "tonal.key_temperley.key": "Ab", "tonal.key_temperley.scale": "minor", "metadata.tags.encoding": ["Lavf58.45.100"]}, "essentia_models": [{"model_name": "genre_dortmund", "activations": {"alternative": "0.014225543", "blues": "0.00020232881",