{"song_id": "1182282592893014108", "download": "https://cdn.discordapp.com/attachments/1128313332273782784/1182282592893014108/chirp.mp4?ex=65842177&amp", "lyrics": "-", "style": ["funk"], "essentia_features": {"lowlevel.average_loudness": 0.9312864542007446, "lowlevel.barkbands_crest.mean": 13.110331535339355, "lowlevel.barkbands_crest.stdev": 5.1259565353393555, "lowlevel.barkbands_flatness_db.mean": 0.1623380184173584, "lowlevel.barkbands_flatness_db.stdev": 0.08475195616483688, "lowlevel.barkbands_kurtosis.mean": 16.6759090423584, "lowlevel.barkbands_kurtosis.stdev": 48.563209533691406, "lowlevel.barkbands_skewness.mean": 2.5145130157470703, "lowlevel.barkbands_skewness.stdev": 2.62249493598938, "lowlevel.barkbands_spread.mean": 22.213924407958984, "lowlevel.barkbands_spread.stdev": 14.621127128601074, "lowlevel.dissonance.mean": 0.46239569783210754, "lowlevel.dissonance.stdev": 0.02514513209462166, "lowlevel.dynamic_complexity": 9.502806663513184, "lowlevel.erbbands_crest.mean": 9.426825523376465, "lowlevel.erbbands_crest.stdev": 3.9826231002807617, "lowlevel.erbbands_flatness_db.mean": 0.1504542976617813, "lowlevel.erbbands_flatness_db.stdev": 0.04767564311623573, "lowlevel.erbbands_kurtosis.mean": 0.012584798038005829, "lowlevel.erbbands_kurtosis.stdev": 1.2595365047454834, "lowlevel.erbbands_skewness.mean": 0.2590320110321045, "lowlevel.erbbands_skewness.stdev": 0.7483389377593994, "lowlevel.erbbands_spread.mean": 44.97547912597656, "lowlevel.erbbands_spread.stdev": 21.58963966369629, "lowlevel.hfc.mean": 25.3620548248291, "lowlevel.hfc.stdev": 20.52223014831543, "lowlevel.loudness_ebu128.integrated": -12.957889556884766, "lowlevel.loudness_ebu128.loudness_range": 2.4723663330078125, "lowlevel.loudness_ebu128.momentary.mean": -21.260820388793945, "lowlevel.loudness_ebu128.momentary.stdev": 18.97650718688965, "lowlevel.loudness_ebu128.short_term.mean": -18.20459747314453, "lowlevel.loudness_ebu128.short_term.stdev": 13.514816284179688, "lowlevel.melbands_crest.mean": 19.220857620239258, "lowlevel.melbands_crest.stdev": 7.911839962005615, "lowlevel.melbands_flatness_db.mean": 0.23542903363704681, "lowlevel.melbands_flatness_db.stdev": 0.10213995724916458, "lowlevel.melbands_kurtosis.mean": 45.81515121459961, "lowlevel.melbands_kurtosis.stdev": 113.43192291259766, "lowlevel.melbands_skewness.mean": 4.125619888305664, "lowlevel.melbands_skewness.stdev": 3.9208412170410156, "lowlevel.melbands_spread.mean": 19.117624282836914, "lowlevel.melbands_spread.stdev": 16.558197021484375, "lowlevel.pitch_salience.mean": 0.464176207780838, "lowlevel.pitch_salience.stdev": 0.16531667113304138, "lowlevel.silence_rate_20dB.mean": 1.0, "lowlevel.silence_rate_20dB.stdev": 0.0, "lowlevel.silence_rate_30dB.mean": 0.8667917251586914, "lowlevel.silence_rate_30dB.stdev": 0.33980122208595276, "lowlevel.silence_rate_60dB.mean": 0.1794871836900711, "lowlevel.silence_rate_60dB.stdev": 0.3837603032588959, "lowlevel.spectral_centroid.mean": 1328.7706298828125, "lowlevel.spectral_centroid.stdev": 1016.0813598632812, "lowlevel.spectral_complexity.mean": 14.647905349731445, "lowlevel.spectral_complexity.stdev": 10.245185852050781, "lowlevel.spectral_decrease.mean": -1.3670032217305561e-08, "lowlevel.spectral_decrease.stdev": 1.5206923720256782e-08, "lowlevel.spectral_energy.mean": 0.0538942925632, "lowlevel.spectral_energy.stdev": 0.057549573481082916, "lowlevel.spectral_energyband_high.mean": 0.0012643517693504691, "lowlevel.spectral_energyband_high.stdev": 0.0016844068886712193, "lowlevel.spectral_energyband_low.mean": 0.031209426000714302, "lowlevel.spectral_energyband_low.stdev": 0.05688384547829628, "lowlevel.spectral_energyband_middle_high.mean": 0.004121060948818922, "lowlevel.spectral_energyband_middle_high.stdev": 0.004433880560100079, "lowlevel.spectral_energyband_middle_low.mean": 0.016276396811008453, "lowlevel.spectral_energyband_middle_low.stdev": 0.01639368385076523, "lowlevel.spectral_entropy.mean": 7.6093268394470215, "lowlevel.spectral_entropy.stdev": 0.4927607476711273, "lowlevel.spectral_flux.mean": 0.10031025856733322, "lowlevel.spectral_flux.stdev": 0.08684568107128143, "lowlevel.spectral_kurtosis.mean": 5.28040885925293, "lowlevel.spectral_kurtosis.stdev": 4.036256313323975, "lowlevel.spectral_rms.mean": 0.006172353867441416, "lowlevel.spectral_rms.stdev": 0.0038055023178458214, "lowlevel.spectral_rolloff.mean": 1213.006103515625, "lowlevel.spectral_rolloff.stdev": 1852.52783203125, "lowlevel.spectral_skewness.mean": 1.6458951234817505, "lowlevel.spectral_skewness.stdev": 0.5681014657020569, "lowlevel.spectral_spread.mean": 5419794.5, "lowlevel.spectral_spread.stdev": 3514862.5, "lowlevel.spectral_strongpeak.mean": 1.0039503574371338, "lowlevel.spectral_strongpeak.stdev": 1.078635811805725, "lowlevel.zerocrossingrate.mean": 0.06736449152231216, "lowlevel.zerocrossingrate.stdev": 0.05765638127923012, "metadata.audio_properties.analysis.equal_loudness": 0.0, "metadata.audio_properties.analysis.length": 37.098663330078125, "metadata.audio_properties.analysis.sample_rate": 44100.0, "metadata.audio_properties.analysis.start_time": 0.0, "metadata.audio_properties.bit_rate": 124349.0, "metadata.audio_properties.length": 37.09866714477539, "metadata.audio_properties.lossless": 0.0, "metadata.audio_properties.number_channels": 1.0, "metadata.audio_properties.replay_gain": -12.340538024902344, "metadata.audio_properties.sample_rate": 48000.0, "rhythm.beats_count": 90.0, "rhythm.beats_loudness.mean": 0.05008000135421753, "rhythm.beats_loudness.stdev": 0.036341339349746704, "rhythm.bpm": 150.3475341796875, "rhythm.bpm_histogram_first_peak_bpm": 152.0, "rhythm.bpm_histogram_first_peak_weight": 0.3802816867828369, "rhythm.bpm_histogram_second_peak_bpm": 144.0, "rhythm.bpm_histogram_second_peak_spread": 0.2222222089767456, "rhythm.bpm_histogram_second_peak_weight": 0.07865168899297714, "rhythm.danceability": 0.9146053791046143, "rhythm.onset_rate": 3.7449049949645996, "tonal.chords_changes_rate": 0.04500000178813934, "tonal.chords_number_rate": 0.013749999925494194, "tonal.chords_strength.mean": 0.49383294582366943, "tonal.chords_strength.stdev": 0.07962775975465775, "tonal.hpcp_crest.mean": 17.296796798706055, "tonal.hpcp_crest.stdev": 8.96304988861084, "tonal.hpcp_entropy.mean": 1.6329946517944336, "tonal.hpcp_entropy.stdev": 0.8562348484992981, "tonal.key_edma.strength": 0.5757136940956116, "tonal.key_krumhansl.strength": 0.5654821395874023, "tonal.key_temperley.strength": 0.551730215549469, "tonal.tuning_diatonic_strength": 0.48991748690605164, "tonal.tuning_equal_tempered_deviation": 0.20877768099308014, "tonal.tuning_frequency": 434.193115234375, "tonal.tuning_nontempered_energy_ratio": 0.9821123480796814, "lowlevel.barkbands.mean": [0.00963685568422079, 0.020106090232729912, 0.002532104030251503, 0.0008716771844774485, 0.002034876961261034, 0.010833237320184708, 0.0005570467910729349, 0.0009114142740145326, 0.0009771193144842982, 0.00051436189096421, 0.0002427821309538558, 0.00041734761907719076, 0.0004584750276990235, 0.0004931958392262459, 0.0007399595924653113, 0.0004795721033588052, 0.00034375733230262995, 0.00020585548190865666, 0.00018895743414759636, 0.000171653984580189, 0.00016522343503311276, 0.00020162474538665265, 0.0001806479413062334, 0.00018453308439347893, 0.00019001874898094684, 0.00023799289192538708, 1.7910431779455394e-05], "lowlevel.barkbands.stdev": [0.022739248350262642, 0.03997969254851341, 0.012589491903781891, 0.00493846507743001, 0.006506464444100857, 0.01323761511594057, 0.0013449994148686528, 0.0023258128203451633, 0.0018492816016077995, 0.0012758893426507711, 0.0004068948910571635, 0.0009255564655177295, 0.0005758675397373736, 0.0009203575900755823, 0.0013105935649946332, 0.0007467119721695781, 0.0005172885721549392, 0.00027504877652972937, 0.0002298008621437475, 0.00022223053383640945, 0.00025940011255443096, 0.00032236429979093373, 0.0002883046108763665, 0.0002879253588616848, 0.0002930742339231074, 0.00034004461485892534, 3.059010487049818e-05], "lowlevel.erbbands.mean": [1.1040184497833252, 2.49794602394104, 3.2875328063964844, 2.997006893157959, 4.765568256378174, 7.487260341644287, 47.94648361206055, 86.52985382080078, 14.223115921020508, 7.921124458312988, 26.888187408447266, 23.56455421447754, 15.093666076660156, 17.484588623046875, 11.301433563232422, 19.680341720581055, 19.296899795532227, 26.50835418701172, 23.686100006103516, 50.30775451660156, 22.880199432373047, 17.35573387145996, 12.586907386779785, 11.093941688537598, 8.391103744506836, 8.21102523803711, 6.779214859008789, 6.719573497772217, 7.319291591644287, 6.2462849617004395, 4.863746643066406, 4.2076287269592285, 2.88586163520813, 2.020026206970215, 1.3601266145706177, 0.9946876764297485, 0.4277395009994507, 0.09046626091003418, 0.002005482092499733, 0.00011647016071947291], "lowlevel.erbbands.stdev": [2.402392864227295, 5.270310878753662, 12.984025955200195, 16.181682586669922, 19.850250244140625, 21.76249122619629, 57.441925048828125, 108.50540161132812, 39.29237747192383, 13.260254859924316, 63.59148025512695, 34.79779052734375, 37.32400131225586, 44.698795318603516, 17.013469696044922, 40.303367614746094, 24.164541244506836, 40.27825927734375, 38.88368606567383, 82.42436218261719, 34.15739059448242, 24.897218704223633, 15.992389678955078, 13.299200057983398, 10.215529441833496, 10.554586410522461, 10.556674003601074, 10.881319046020508, 12.116084098815918, 10.107650756835938, 7.686489582061768, 6.718224048614502, 4.554962158203125, 3.384901762008667, 2.076636791229248, 1.5210835933685303, 0.609583854675293, 0.12935331463813782, 0.002812865423038602, 9.787875751499087e-05], "lowlevel.gfcc.mean": [-78.81718444824219, 61.855804443359375, -110.86306762695312, 20.24924659729004, -40.24509048461914, 13.819546699523926, -35.86454391479492, 13.682896614074707, -10.869119644165039, 18.311717987060547, -7.600747585296631, 15.432710647583008, -3.356548309326172], "lowlevel.melbands.mean": [0.008014971390366554, 0.0021009796764701605, 0.0005631443345919251, 0.0004348329675849527, 0.0014579754788428545, 0.0019756241235882044, 0.00016260620031971484, 8.961934508988634e-05, 0.00022429936507251114, 0.00013584723637904972, 7.382877811323851e-05, 7.342096068896353e-05, 3.877343260683119e-05, 4.7936027840478346e-05, 4.017683386337012e-05, 4.86544486193452e-05, 4.845104194828309e-05, 3.6737201298819855e-05, 5.0797112635336816e-05, 5.924245488131419e-05, 2.2217622245079838e-05, 1.8499016732675955e-05, 1.4318240573629737e-05, 1.0180965546169318e-05, 8.893532140064053e-06, 6.347691851260606e-06, 5.871442681382177e-06, 5.3333155847212765e-06, 4.306145456212107e-06, 3.7701402106904425e-06, 3.922765699826414e-06, 4.332296157372184e-06, 3.6705396269098856e-06, 3.3911589980561985e-06, 2.779512442430132e-06, 2.6627944862411823e-06, 2.5414256015210412e-06, 2.0613854303519474e-06, 1.782257754712191e-06, 1.7119457424996654e-06], "lowlevel.melbands.stdev": [0.016386277973651886, 0.005601865705102682, 0.002709365449845791, 0.0016253091162070632, 0.0016911955317482352, 0.0024530503433197737, 0.0005371937877498567, 0.0001451226562494412, 0.00047778518637642264, 0.0002331614086870104, 0.0001896654284792021, 0.0001992072502616793, 6.212162406882271e-05, 0.0001136871796916239, 5.462171611725353e-05, 6.327816663542762e-05, 8.06456373538822e-05, 7.002184429438785e-05, 9.366160520585254e-05, 8.711484406376258e-05, 3.995410952484235e-05, 2.573360688984394e-05, 2.2786993213230744e-05, 1.2954717931279447e-05, 1.1416081179049797e-05, 8.066427653830033e-06, 7.505499524995685e-06, 7.1537610892846715e-06, 6.847781605756609e-06, 6.270470748859225e-06, 6.548974397446727e-06, 7.3970718403870706e-06, 6.030241820553783e-06, 5.676566161127994e-06, 4.5222268454381265e-06, 4.380480731924763e-06, 4.147353592998115e-06, 3.345239065311034e-06, 2.978135626108269e-06, 2.9588379675260512e-06], "lowlevel.melbands128.mean": [0.008077521808445454, 0.011510400101542473, 0.006902395281940699, 0.003423671703785658, 0.001949560595676303, 0.0011097934329882264, 0.0005971427890472114, 0.0004023890651296824, 0.0004773653345182538, 0.0005152220837771893, 0.00034791274811141193, 0.00030589636298827827, 0.0008415085030719638, 0.004263753537088633, 0.0025511106941848993, 0.00047453067963942885, 0.0003022064920514822, 4.440247357706539e-05, 6.15950339124538e-05, 0.00010440645564813167, 3.5928595025325194e-05, 0.0002350586000829935, 0.0002769576676655561, 0.0001666293537709862, 0.00019518814224284142, 7.323479803744704e-05, 0.0001344547636108473, 4.7103792894631624e-05, 4.141761382925324e-05, 0.0001269716303795576, 4.8051813791971654e-05, 4.287573028705083e-05, 6.034416219335981e-05, 1.0765733350126538e-05, 3.1682837288826704e-05, 7.23225311958231e-05, 6.14888413110748e-05, 1.6343648894689977e-05, 5.207161302678287e-05, 3.78150180040393e-05, 2.801991104206536e-05, 0.00010298300912836567, 3.2492094760527834e-05, 3.119337634416297e-05, 5.4997337429085746e-05, 2.716602830332704e-05, 3.6555382393999025e-05, 2.398004289716482e-05, 6.565988587681204e-05, 0.00011093024659203365, 5.2319384849397466e-05, 1.6392357792938128e-05, 2.078478610201273e-05, 2.9106000511092134e-05, 1.9194158085156232e-05, 1.621821320441086e-05, 1.6029780454118736e-05, 2.0780864360858686e-05, 1.1273869858996477e-05, 8.542531759303529e-06, 1.174533008452272e-05, 8.83661959960591e-06, 9.264433174394071e-06, 9.915937880577985e-06, 7.025028935458977e-06, 6.378792477335082e-06, 5.6837893680494744e-06, 5.177545972401276e-06, 6.758887138857972e-06, 5.714222425012849e-06, 5.322393917595036e-06, 5.157278792466968e-06, 4.276823801774299e-06, 4.576168066705577e-06, 3.7615798191836802e-06, 3.5922892038797727e-06, 3.996873601863626e-06, 3.686133140945458e-06, 3.832459242403274e-06, 4.0368140616919845e-06, 4.855904990108684e-06, 4.318874744058121e-06, 3.540651732691913e-06, 3.706020834215451e-06, 3.678854454847169e-06, 3.437153964114259e-06, 3.380928092155955e-06, 3.083925321334391e-06, 2.653717501743813e-06, 2.606194129839423e-06, 2.767715614027111e-06, 2.5416386506549316e-06, 2.727707169469795e-06, 2.710658918658737e-06, 2.2417323179979576e-06, 2.3339766812568996e-06, 2.0300458345445804e-06, 1.7003631000989117e-06, 1.9566314222174697e-06, 1.8011035081144655e-06, 1.2715655657302705e-06, 2.13446992347599e-06, 1.5620630620105658e-06, 1.5628735354766832e-06, 1.3097287592245266e-06, 1.413969130226178e-06, 1.9472749954729807e-06, 1.7552961253386457e-06, 1.7466152257838985e-06, 1.904036253108643e-06, 1.4391172271643882e-06, 1.282777020605863e-06, 1.4801112229179125e-06, 1.3316318927536486e-06, 1.080312131307437e-06, 1.1545157576620113e-06, 7.119009524103603e-07, 8.939358764337157e-08, 9.514693477541414e-10, 8.679915119991222e-11, 9.039102799590637e-11, 2.2375649944006426e-11, 8.726405882619748e-12, 8.52778177934388e-12, 8.297697598469433e-12, 8.034266828216285e-12, 7.874644512850804e-12, 7.814663846583692e-12], "lowlevel.melbands128.stdev": [0.019117062911391258, 0.025666486471891403, 0.015723390504717827, 0.007535608019679785, 0.007062065880745649, 0.005848913919180632, 0.00353453541174531, 0.002190839033573866, 0.002122697653248906, 0.0024212682619690895, 0.0012571284314617515, 0.0007511394796893001, 0.0013454729923978448, 0.005745279602706432, 0.0034391479566693306, 0.0016009672544896603, 0.001275433343835175, 0.00012010482896585017, 0.00013916085299570113, 0.00023969291942194104, 6.642349035246298e-05, 0.0006331274635158479, 0.0007566934800706804, 0.0003068646474275738, 0.00036434931098483503, 0.00026292033726349473, 0.0005657686851918697, 0.0001766350760590285, 7.508574344683439e-05, 0.0004214454093016684, 0.0001499050995334983, 7.21509859431535e-05, 0.00011200750304851681, 2.2023063138476573e-05, 0.00017267467046622187, 0.00017175928223878145, 0.00015886938490439206, 4.0560265915701166e-05, 9.617667819838971e-05, 8.418159995926544e-05, 4.7672489017713815e-05, 0.00019710139895323664, 7.039143383735791e-05, 0.00012278958456590772, 0.0001726262562442571, 6.09159869782161e-05, 8.81500163814053e-05, 0.00012205251550767571, 0.00017109903274104, 0.00019077946490142494, 0.0001358798472210765, 3.087588265771046e-05, 8.246106881415471e-05, 5.285938459564932e-05, 5.071044870419428e-05, 2.6603918740875088e-05, 5.132600199431181e-05, 3.804412335739471e-05, 2.581798253231682e-05, 1.4382125300471671e-05, 1.8447301044943742e-05, 1.205924945679726e-05, 1.5844996596570127e-05, 1.6826490536914207e-05, 1.0596895663184114e-05, 9.418743502465077e-06, 8.487989362038206e-06, 7.549595920863794e-06, 1.007156606647186e-05, 8.81063169799745e-06, 7.81807739258511e-06, 7.605477094330126e-06, 7.734630344202742e-06, 8.236955181928352e-06, 7.058547453198116e-06, 6.809803380747326e-06, 7.228558843053179e-06, 6.986680546106072e-06, 7.062024451442994e-06, 7.4326389949419536e-06, 8.753475412959233e-06, 8.902668014343362e-06, 6.2753588281339034e-06, 6.713258244417375e-06, 6.37016273685731e-06, 6.652293450315483e-06, 5.911078005738091e-06, 5.6535732255724724e-06, 4.698005795944482e-06, 4.405931576911826e-06, 5.046890692028683e-06, 4.60950377600966e-06, 4.834897026739782e-06, 4.726796760223806e-06, 4.07910783906118e-06, 4.235751930536935e-06, 3.6396370433067204e-06, 2.9262796488183085e-06, 3.3896985769388266e-06, 3.429635626162053e-06, 2.8306674266787013e-06, 3.7207505556580145e-06, 2.948783276224276e-06, 2.834953875208157e-06, 2.3000332021183567e-06, 2.423610112600727e-06, 3.0005371627339628e-06, 3.1464965104532894e-06, 3.1504025628237287e-06, 3.1998376925912453e-06, 2.351026523683686e-06, 2.0416118786670268e-06, 2.359047130084946e-06, 1.9495073502184823e-06, 1.6767083934610127e-06, 1.7595687040738994e-06, 1.1731737004083698e-06, 1.7355768022753182e-07, 1.5987355439506246e-08, 2.276187904826088e-09, 2.4648021401674214e-09, 4.1498487979296783e-10, 1.7196750967674035e-11, 1.6688025961109076e-11, 1.5302262929006716e-11, 1.3939923000638732e-11, 1.3605282699058474e-11, 1.3526807278452235e-11], "lowlevel.mfcc.mean": [-713.4232177734375, 99.59321594238281, -5.770122051239014, 17.39335823059082, 14.721001625061035, 9.027470588684082, -2.9672458171844482, 1.2607499361038208, 1.8814140558242798, 6.699347496032715, 5.360830783843994, 4.479374408721924, 4.136868953704834], "lowlevel.spectral_contrast_coeffs.mean": [-0.6673219799995422, -0.7031445503234863, -0.7762200832366943, -0.7850775122642517, -0.8079609274864197, -0.7589249014854431], "lowlevel.spectral_contrast_coeffs.stdev": [0.12080790847539902, 0.10873717069625854, 0.08642587065696716, 0.06766784936189651, 0.04466155171394348, 0.05291357263922691], "lowlevel.spectral_contrast_valleys.mean": [-8.134696006774902, -8.087926864624023, -8.59205436706543, -8.26545524597168, -8.333064079284668, -11.215916633605957], "lowlevel.spectral_contrast_valleys.stdev": [2.9701809883117676, 2.680779218673706, 2.453331708908081, 2.4731040000915527, 2.5916192531585693, 2.7699472904205322], "rhythm.beats_loudness_band_ratio.mean": [0.5187239646911621, 0.2487677037715912, 0.07224958389997482, 0.08228445798158646, 0.06153464689850807, 0.04943285882472992], "rhythm.beats_loudness_band_ratio.stdev": [0.32967597246170044, 0.23628096282482147, 0.09760361164808273, 0.13805517554283142, 0.06203046813607216, 0.04608771577477455], "tonal.hpcp.mean": [0.06910935044288635, 0.06994695961475372, 0.037118956446647644, 0.029604393988847733, 0.03140120208263397, 0.03642719238996506, 0.09930924326181412, 0.11355014145374298, 0.07080478966236115, 0.0720846951007843, 0.08122652024030685, 0.1233145073056221, 0.12869584560394287, 0.09074398875236511, 0.07212159782648087, 0.13308635354042053, 0.14347220957279205, 0.06785073131322861, 0.07038086652755737, 0.09060456603765488, 0.10272825509309769, 0.3822401165962219, 0.47176697850227356, 0.19307474792003632, 0.0941961407661438, 0.07355833798646927, 0.07555458694696426, 0.11756851524114609, 0.09521652013063431, 0.03699111565947533, 0.06158863380551338, 0.07322274893522263, 0.04497862979769707, 0.08186526596546173, 0.11877557635307312, 0.08271149545907974], "tonal.hpcp.stdev": [0.18036331236362457, 0.1895749866962433, 0.11969730257987976, 0.11984965950250626, 0.12468058615922928, 0.1188267394900322, 0.19948886334896088, 0.2187269628047943, 0.1540486365556717, 0.18022307753562927, 0.197099506855011, 0.25421231985092163, 0.2575169801712036, 0.21911408007144928, 0.1972120851278305, 0.2621375620365143, 0.2940772473812103, 0.17322857677936554, 0.19311335682868958, 0.2188250869512558, 0.21878452599048615, 0.33077871799468994, 0.41745659708976746, 0.21254615485668182, 0.2198982536792755, 0.17135940492153168, 0.19477035105228424, 0.2454003393650055, 0.2139284908771515, 0.11438983678817749, 0.19050909578800201, 0.21915382146835327, 0.13558471202850342, 0.17204922437667847, 0.2604517638683319, 0.1999935507774353], "rhythm.beats_position": [0.41795918345451355, 0.8359183669090271, 1.2306575775146484, 1.6253968477249146, 2.0317459106445312, 2.4380950927734375, 2.832834482192993, 3.2275736331939697, 3.6223127841949463, 4.028662204742432, 4.435011386871338, 4.841360569000244, 5.236099720001221, 5.630838871002197, 6.0371880531311035, 6.43192720413208, 6.826666355133057, 7.221405982971191, 7.639364719390869, 8.034104347229004, 8.42884349822998, 8.823582649230957, 9.229931831359863, 9.62467098236084, 10.031020164489746, 10.425759315490723, 10.832108497619629, 11.238457679748535, 11.633196830749512, 12.027935981750488, 12.422675132751465, 12.817414283752441, 13.235373497009277, 13.63011360168457, 14.036462783813477, 14.442811965942383, 14.83755111694336, 15.232290267944336, 15.627029418945312, 16.02176856994629, 16.439727783203125, 16.8344669342041, 17.229206085205078, 17.635555267333984, 18.04190444946289, 18.436643600463867, 18.831382751464844, 19.22612190246582, 19.632471084594727, 20.038820266723633, 20.43355941772461, 20.828298568725586, 21.234647750854492, 21.6409969329834, 22.035736083984375, 22.43047523498535, 22.836824417114258, 23.231563568115234, 23.63791275024414, 24.032651901245117, 24.427391052246094, 24.82213020324707, 25.240089416503906, 25.634828567504883, 26.029569625854492, 26.42430877685547, 26.830657958984375, 27.23700714111328, 27.631746292114258, 28.026485443115234, 28.42122459411621, 28.815963745117188, 29.222312927246094, 29.628662109375, 30.035011291503906, 30.441360473632812, 30.84770965576172, 31.277278900146484, 31.69523811340332, 32.113197326660156, 32.54276657104492, 32.983943939208984, 33.42512512207031, 33.866302490234375, 34.3074836730957, 34.748661041259766, 35.20145034790039, 35.654239654541016, 36.10702896118164, 36.559818267822266], "rhythm.bpm_histogram": [0.0, 0.0, 0.0, 0.0, 0.0, 0.0, 0.0, 0.0, 0.0, 0.0, 0.0, 0.0, 0.0, 0.0, 0.0, 0.0, 0.0, 0.0, 0.0, 0.0, 0.0, 0.0, 0.0, 0.0, 0.0, 0.0, 0.0, 0.0, 0.0, 0.0, 0.0, 0.0, 0.0, 0.0, 0.0, 0.0, 0.0, 0.0, 0.0, 0.0, 0.0, 0.0, 0.0, 0.0, 0.0, 0.0, 0.0, 0.0, 0.0, 0.0, 0.0, 0.0, 0.0, 0.0, 0.0, 0.0, 0.0, 0.0, 0.0, 0.0, 0.0, 0.0, 0.0, 0.0, 0.0, 0.0, 0.0, 0.0, 0.0, 0.0, 0.0, 0.0, 0.0, 0.0, 0.0, 0.0, 0.0, 0.0, 0.0, 0.0, 0.0, 0.0, 0.0, 0.0, 0.0, 0.0, 0.0, 0.0, 0.0, 0.0, 0.0, 0.0, 0.0, 0.0, 0.0, 0.0, 0.0, 0.0, 0.0, 0.0, 0.0, 0.0, 0.0, 0.0, 0.0, 0.0, 0.0, 0.0, 0.0, 0.0, 0.0, 0.0, 0.0, 0.0, 0.0, 0.0, 0.0, 0.0, 0.0, 0.0, 0.0, 0.0, 0.0, 0.0, 0.0, 0.0, 0.0, 0.0, 0.0, 0.0, 0.0, 0.0, 0.0, 0.04494382068514824, 0.0, 0.0, 0.056179776787757874, 0.0, 0.0, 0.0, 0.02247191034257412, 0.0, 0.0, 0.0, 0.07865168899297714, 0.0, 0.0, 0.0, 0.30337077379226685, 0.0, 0.0, 0.0, 0.49438202381134033, 0.0, 0.0, 0.0, 0.0, 0.0, 0.0, 0.0, 0.0, 0.0, 0.0, 0.0, 0.0, 0.0, 0.0, 0.0, 0.0, 0.0, 0.0, 0.0, 0.0, 0.0, 0.0, 0.0, 0.0, 0.0, 0.0, 0.0, 0.0, 0.0, 0.0, 0.0, 0.0, 0.0, 0.0, 0.0, 0.0, 0.0, 0.0, 0.0, 0.0, 0.0, 0.0, 0.0, 0.0, 0.0, 0.0, 0.0, 0.0, 0.0, 0.0, 0.0, 0.0, 0.0, 0.0, 0.0, 0.0, 0.0, 0.0, 0.0, 0.0, 0.0, 0.0, 0.0, 0.0, 0.0, 0.0, 0.0, 0.0, 0.0, 0.0, 0.0, 0.0, 0.0, 0.0, 0.0, 0.0, 0.0, 0.0, 0.0, 0.0, 0.0, 0.0, 0.0, 0.0, 0.0, 0.0, 0.0, 0.0, 0.0, 0.0, 0.0, 0.0, 0.0, 0.0, 0.0, 0.0, 0.0], "tonal.chords_histogram": [1.75, 8.0, 39.5, 0.75, 0.0, 0.0, 0.0, 0.0, 1.375, 7.875, 4.0, 0.0, 0.0, 0.125, 0.0, 7.125, 0.0, 0.0, 0.0, 11.875, 4.75, 6.5, 6.375, 0.0], "tonal.thpcp": [1.0, 0.40925872325897217, 0.19966666400432587, 0.15592090785503387, 0.1601523458957672, 0.24920886754989624, 0.20182955265045166, 0.07840971648693085, 0.1305488497018814, 0.15520957112312317, 0.0953407734632492, 0.1735290288925171, 0.25176745653152466, 0.1753227710723877, 0.1464904397726059, 0.14826591312885284, 0.07868070155382156, 0.06275215744972229, 0.06656082719564438, 0.07721437513828278, 0.21050485968589783, 0.2406911551952362, 0.1500842422246933, 0.15279725193977356, 0.1721750795841217, 0.2613885998725891, 0.2727953791618347, 0.19234918057918549, 0.15287546813488007, 0.2821018695831299, 0.30411669611930847, 0.1438225507736206, 0.1491856575012207, 0.1920536458492279, 0.2177521139383316, 0.8102307319641113], "lowlevel.gfcc.cov": [[68591.3125, 281.4586181640625, 4198.3818359375, 1524.8861083984375, -1205.7777099609375, -417.5167541503906, -2982.48876953125, -289.81304931640625, -1242.682373046875, 2110.774658203125, 540.3512573242188, 3005.073486328125, 1977.601806640625], [281.4586181640625, 1999.7412109375, -246.7335662841797, 385.4869384765625, 556.8201293945312, -67.03744506835938, 383.9117736816406, -83.18458557128906, 242.1582794189453, -237.45303344726562, 133.22036743164062, -270.1178283691406, 70.04627990722656], [4198.3818359375, -246.7335662841797, 1214.9853515625, 322.57940673828125, 58.43620300292969, 77.73702239990234, -117.9251708984375, -31.867189407348633, -91.44573211669922, 156.833251953125, -16.617355346679688, 207.6064453125, 91.7381591796875], [1524.8861083984375, 385.4869384765625, 322.57940673828125, 1197.1876220703125, 215.4799041748047, 307.670166015625, 195.771484375, -127.1097640991211, 0.23981702327728271, -232.36317443847656, -40.63407516479492, -266.0967712402344, -111.24128723144531], [-1205.7777099609375, 556.8201293945312, 58.43620300292969, 215.4799041748047, 391.7272033691406, 66.33866882324219, 254.05203247070312, -3.2253916263580322, 139.01702880859375, -85.89080810546875, 30.991981506347656, -133.77035522460938, -34.99156188964844], [-417.5167541503906, -67.03744506835938, 77.73702239990234, 307.670166015625, 66.33866882324219, 217.3794708251953, 133.72705078125, 18.514949798583984, 24.595935821533203, -82.81790924072266, -52.439762115478516, -118.29285430908203, -91.97123718261719], [-2982.48876953125, 383.9117736816406, -117.9251708984375, 195.771484375, 254.05203247070312, 133.72705078125, 374.3206787109375, 37.05339813232422, 150.17332458496094, -176.78219604492188, -34.103302001953125, -246.4872283935547, -128.9330291748047], [-289.81304931640625, -83.18458557128906, -31.867189407348633, -127.1097640991211, -3.2253916263580322, 18.514949798583984, 37.05339813232422, 94.59825134277344, 44.00246047973633, 41.24916458129883, 0.27082985639572144, 26.32663917541504, -0.575695812702179], [-1242.682373046875, 242.1582794189453, -91.44573211669922, 0.23981702327728271, 139.01702880859375, 24.595935821533203, 150.17332458496094, 44.00246047973633, 172.988037109375, -3.7465481758117676, 57.15482711791992, -53.64876174926758, -1.3578600883483887], [2110.774658203125, -237.45303344726562, 156.833251953125, -232.36317443847656, -85.89080810546875, -82.81790924072266, -176.78219604492188, 41.24916458129883, -3.7465481758117676, 252.6379852294922, 87.23577117919922, 249.19515991210938, 124.40708923339844], [540.3512573242188, 133.22036743164062, -16.617355346679688, -40.63407516479492, 30.991981506347656, -52.439762115478516, -34.103302001953125, 0.27082985639572144, 57.15482711791992, 87.23577117919922, 146.67269897460938, 102.42798614501953, 113.71969604492188], [3005.073486328125, -270.1178283691406, 207.6064453125, -266.0967712402344, -133.77035522460938, -118.29285430908203, -246.4872283935547, 26.32663917541504, -53.64876174926758, 249.19515991210938, 102.42798614501953, 352.2575988769531, 193.30162048339844], [1977.601806640625, 70.04627990722656, 91.7381591796875, -111.24128723144531, -34.99156188964844, -91.97123718261719, -128.9330291748047, -0.575695812702179, -1.3578600883483887, 124.40708923339844, 113.71969604492188, 193.30162048339844, 210.35353088378906]], "lowlevel.gfcc.icov": [[9.697375207906589e-05, -0.0003591517743188888, -6.854425009805709e-05, -0.0002876617363654077, 0.00022252848430071026, -0.0003368568141013384, 0.0005197548889555037, -0.0002916705561801791, 0.0002694465802051127, -0.000538333784788847, 0.0005892915069125593, -0.0005752677097916603, -0.00017662780010141432], [-0.0003591517743188888, 0.002794149098917842, 0.0004945998080074787, 0.0005532013601623476, -0.002271173754706979, 0.003023596480488777, -0.002408102387562394, 0.0012828632025048137, -0.0013966199476271868, 0.0025644584093242884, -0.0022574993781745434, 0.002839011838659644, -0.0009195255115628242], [-6.854425009805709e-05, 0.0004945998080074787, 0.0015761068789288402, -0.0004655771190300584, -0.0011168032651767135, 0.00019536761101335287, -0.0007311557419598103, 0.0007116823690012097, 0.0003243401588406414, -0.0007815553690306842, 0.0012600773479789495, -0.0006777722155675292, -0.0005944886361248791], [-0.0002876617363654077, 0.0005532013601623476, -0.0004655771190300584, 0.0034924703650176525, -0.0006294607883319259, -0.0029189528431743383, -0.0007248081383295357, 0.0034742900170385838, -0.0005195142002776265, 0.002359165111556649, -0.003147965297102928, 0.0026105542201548815, 0.0006587515235878527], [0.00022252848430071026, -0.002271173754706979, -0.0011168032651767135, -0.0006294607883319259, 0.008234130218625069, -0.0011777720646932721, -0.0029480336233973503, 0.0010617394000291824, -0.0007426523952744901, -0.002589600393548608, 0.0006345203728415072, -0.0016418906161561608, 0.0005616313428618014], [-0.0003368568141013384, 0.003023596480488777, 0.00019536761101335287, -0.0029189528431743383, -0.0011777720646932721, 0.015240224078297615, -0.0053405300714075565, -0.0042235590517520905, -0.0009142756462097168, 0.0018360354006290436, -0.0009664481622166932, 0.002498999936506152, 0.0008480025571770966], [0.0005197548889555037, -0.002408102387562394, -0.0007311557419598103, -0.0007248081383295357, -0.0029480336233973503, -0.0053405300714075565, 0.017184671014547348, -0.006482940167188644, -0.004402020946145058, 0.0029713709373027086, 0.002207465237006545, -0.0010560550726950169, 0.0015323377447202802], [-0.0002916705561801791, 0.0012828632025048137, 0.0007116823690012097, 0.0034742900170385838, 0.0010617394000291824, -0.0042235590517520905, -0.006482940167188644, 0.02276548556983471, -0.004940429236739874, -0.0027571842074394226, 0.0022977651096880436, -0.0005791141884401441, -0.0008507641614414752], [0.0002694465802051127, -0.0013966199476271868, 0.0003243401588406414, -0.0005195142002776265, -0.0007426523952744901, -0.0009142756462097168, -0.004402020946145058, -0.004940429236739874, 0.017678767442703247, -0.006978550460189581, -0.004433413501828909, 0.0023417933844029903, -0.001233062706887722], [-0.000538333784788847, 0.0025644584093242884, -0.0007815553690306842, 0.002359165111556649, -0.002589600393548608, 0.0018360354006290436, 0.0029713709373027086, -0.0027571842074394226, -0.006978550460189581, 0.022641846910119057, -0.007741699460893869, -0.006883646827191114, 0.00505627179518342], [0.0005892915069125593, -0.0022574993781745434, 0.0012600773479789495, -0.003147965297102928, 0.0006345203728415072, -0.0009664481622166932, 0.002207465237006545, 0.0022977651096880436, -0.004433413501828909, -0.007741699460893869, 0.022968053817749023, -0.0058075664564967155, -0.008490399457514286], [-0.0005752677097916603, 0.002839011838659644, -0.0006777722155675292, 0.0026105542201548815, -0.0016418906161561608, 0.002498999936506152, -0.0010560550726950169, -0.0005791141884401441, 0.0023417933844029903, -0.006883646827191114, -0.0058075664564967155, 0.02279907651245594, -0.007415383122861385], [-0.00017662780010141432, -0.0009195255115628242, -0.0005944886361248791, 0.0006587515235878527, 0.0005616313428618014, 0.0008480025571770966, 0.0015323377447202802, -0.0008507641614414752, -0.001233062706887722, 0.00505627179518342, -0.008490399457514286, -0.007415383122861385, 0.017135299742221832]], "lowlevel.mfcc.cov": [[42436.26953125, 3147.343017578125, 1138.494384765625, 759.3424072265625, 492.9159851074219, -65.259521484375, -999.1553344726562, -986.818115234375, -539.53759765625, -522.0142211914062, -683.6036987304688, -121.196044921875, 872.2034301757812], [3147.343017578125, 2289.073486328125, -462.6831970214844, 301.724853515625, 185.7607879638672, 51.00285339355469, 3.1329853534698486, 64.12199401855469, 82.27755737304688, 92.87808990478516, 89.12052154541016, 108.9903564453125, 77.77532196044922], [1138.494384765625, -462.6831970214844, 626.43408203125, 151.99105834960938, 52.545955657958984, 132.97012329101562, 43.87144088745117, 34.772666931152344, 3.5626299381256104, -6.059660911560059, -48.34101867675781, -25.570114135742188, 5.271681785583496], [759.3424072265625, 301.724853515625, 151.99105834960938, 516.3353271484375, 181.01907348632812, 274.57379150390625, 137.2401885986328, 146.25286865234375, 41.499412536621094, 77.3558120727539, 19.175233840942383, 9.189117431640625, -30.82154655456543], [492.9159851074219, 185.7607879638672, 52.545955657958984, 181.01907348632812, 168.49542236328125, 124.27976989746094, 59.55314254760742, 56.11800765991211, 30.686845779418945, 42.1400146484375, 23.916732788085938, 23.978269577026367, 12.841943740844727], [-65.259521484375, 51.00285339355469, 132.97012329101562, 274.57379150390625, 124.27976989746094, 249.7666473388672, 124.60496520996094, 131.7201690673828, 51.92348861694336, 78.68438720703125, 31.035078048706055, 15.325247764587402, -26.333223342895508], [-999.1553344726562, 3.1329853534698486, 43.87144088745117, 137.2401885986328, 59.55314254760742, 124.60496520996094, 159.72959899902344, 122.0736083984375, 57.71501922607422, 49.90459442138672, 40.55556106567383, 3.1684701442718506, -44.64641189575195], [-986.818115234375, 64.12199401855469, 34.772666931152344, 146.25286865234375, 56.11800765991211, 131.7201690673828, 122.0736083984375, 178.47738647460938, 83.447509765625, 76.09255981445312, 46.121551513671875, 22.869384765625, -41.65461730957031], [-539.53759765625, 82.27755737304688, 3.5626299381256104, 41.499412536621094, 30.686845779418945, 51.92348861694336, 57.71501922607422, 83.447509765625, 95.87042999267578, 53.588993072509766, 41.81314468383789, 25.239273071289062, -5.715932369232178], [-522.0142211914062, 92.87808990478516, -6.059660911560059, 77.3558120727539, 42.1400146484375, 78.68438720703125, 49.90459442138672, 76.09255981445312, 53.588993072509766, 103.48823547363281, 52.70987319946289, 32.04306411743164, -15.503247261047363], [-683.6036987304688, 89.12052154541016, -48.34101867675781, 19.175233840942383, 23.916732788085938, 31.035078048706055, 40.55556106567383, 46.121551513671875, 41.81314468383789, 52.70987319946289, 85.51211547851562, 46.011474609375, -1.559573769569397], [-121.196044921875, 108.9903564453125, -25.570114135742188, 9.189117431640625, 23.978269577026367, 15.325247764587402, 3.1684701442718506, 22.869384765625, 25.239273071289062, 32.04306411743164, 46.011474609375, 79.94281768798828, 42.28426742553711], [872.2034301757812, 77.77532196044922, 5.271681785583496, -30.82154655456543, 12.841943740844727, -26.333223342895508, -44.64641189575195, -41.65461730957031, -5.715932369232178, -15.503247261047363, -1.559573769569397, 42.28426742553711, 105.66718292236328]], "lowlevel.mfcc.icov": [[5.913346467423253e-05, -0.00011059412645408884, -0.00015022371371742338, -6.223881064215675e-05, -6.922587635926902e-05, -9.480894368607551e-05, 0.0002708269457798451, 0.00015473646635655314, 4.941161387250759e-05, 5.9566904383245856e-05, 0.0001744447072269395, 0.0002184425829909742, -0.00033057268592529], [-0.00011059412645408884, 0.000964541919529438, 0.0009206469403579831, -0.0007205870933830738, -0.00040357772377319634, 0.000822002359200269, -0.00013311876682564616, -0.00028367890627123415, -0.0006886062910780311, -0.0002621843304950744, -0.000315003446303308, -0.0006677769706584513, 0.0002194947301177308], [-0.00015022371371742338, 0.0009206469403579831, 0.00295031676068902, -0.0005762726650573313, 3.1642084650229663e-06, -0.0007918125484138727, -0.0004620700783561915, -0.00011798826744779944, -0.0010336290579289198, 0.00017696377472020686, 0.0008839996298775077, -0.0005236020078882575, 2.394005775840924e-07], [-6.223881064215675e-05, -0.0007205870933830738, -0.0005762726650573313, 0.0063912225887179375, -0.0019588100258260965, -0.004975985269993544, -0.0006477194838225842, -0.001492151408456266, 0.002154155634343624, 0.00012711308954749256, 0.0007389187230728567, 0.00020524952560663223, 0.0011371476575732231], [-6.922587635926902e-05, -0.00040357772377319634, 3.1642084650229663e-06, -0.0019588100258260965, 0.01196100004017353, -0.0037052943371236324, -0.001592497806996107, 0.0020034629851579666, -0.001174681237898767, -0.00022491747222375125, -0.0008990439237095416, -0.0008130248170346022, -0.0017476455541327596], [-9.480894368607551e-05, 0.000822002359200269, -0.0007918125484138727, -0.004975985269993544, -0.0037052943371236324, 0.016753945499658585, -0.004247200675308704, -0.003511394141241908, 0.0013225508155301213, -0.005031324923038483, 0.000649750349111855, -0.0005238010198809206, -0.00023500229872297496], [0.0002708269457798451, -0.00013311876682564616, -0.0004620700783561915, -0.0006477194838225842, -0.001592497806996107, -0.004247200675308704, 0.01857944391667843, -0.0071182698011398315, -0.0015139557654038072, 0.004099039826542139, -0.005048534367233515, 0.004596584942191839, 0.0004814387939404696], [0.00015473646635655314, -0.00028367890627123415, -0.00011798826744779944, -0.001492151408456266, 0.0020034629851579666, -0.003511394141241908, -0.0071182698011398315, 0.020637836307287216, -0.009189457632601261, -0.0028319258708506823, 0.0035847299732267857, -0.004687104374170303, 0.0035275425761938095], [4.941161387250759e-05, -0.0006886062910780311, -0.0010336290579289198, 0.002154155634343624, -0.001174681237898767, 0.0013225508155301213, -0.0015139557654038072, -0.009189457632601261, 0.02250024490058422, -0.0047314059920609, -0.0035233525559306145, 0.0017597728874534369, -0.0032442312221974134], [5.9566904383245856e-05, -0.0002621843304950744, 0.00017696377472020686, 0.00012711308954749256, -0.00022491747222375125, -0.005031324923038483, 0.004099039826542139, -0.0028319258708506823, -0.0047314059920609, 0.02142713963985443, -0.00741882249712944, -0.002104084473103285, 0.0027388758026063442], [0.0001744447072269395, -0.000315003446303308, 0.0008839996298775077, 0.0007389187230728567, -0.0008990439237095416, 0.000649750349111855, -0.005048534367233515, 0.0035847299732267857, -0.0035233525559306145, -0.00741882249712944, 0.027657654136419296, -0.013160191476345062, 0.0029099660459905863], [0.0002184425829909742, -0.0006677769706584513, -0.0005236020078882575, 0.00020524952560663223, -0.0008130248170346022, -0.0005238010198809206, 0.004596584942191839, -0.004687104374170303, 0.0017597728874534369, -0.002104084473103285, -0.013160191476345062, 0.030133334919810295, -0.013628887943923473], [-0.00033057268592529, 0.0002194947301177308, 2.394005775840924e-07, 0.0011371476575732231, -0.0017476455541327596, -0.00023500229872297496, 0.0004814387939404696, 0.0035275425761938095, -0.0032442312221974134, 0.0027388758026063442, 0.0029099660459905863, -0.013628887943923473, 0.01983334682881832]], "metadata.audio_properties.analysis.downmix": "mix", "metadata.audio_properties.codec": "mp3", "metadata.audio_properties.md5_encoded": "b0628e1925bb8bdcdc24b840e3a31e6d", "metadata.tags.file_name": "1182282592893014108.mp3", "metadata.version.essentia": "2.1-beta6-dev", "metadata.version.essentia_git_sha": "v2.1_beta5-1110-g77a6a954", "metadata.version.extractor": "music 2.0", "tonal.chords_key": "E", "tonal.chords_scale": "major", "tonal.key_edma.key": "A", "tonal.key_edma.scale": "major", "tonal.key_krumhansl.key": "A", "tonal.key_krumhansl.scale": "major", "tonal.key_temperley.key": "A", "to