{"song_id": "1182256644051177502", "download": "https://cdn.discordapp.com/attachments/1135903449314238464/1182256644051177502/chirp.mp4?ex=6584094d&amp", "lyrics": "In the winter of December.\nI met a lion boy who could burn me,\nHe is like a wild lion,\nCaught my attention and lit up my world.\nDispelling loneliness with a fiery touch\nI know I'm falling into a lion's trap,\nGradually lose myself and become the king in my heart.\n\nHe is as tall and strong as a lion,\nArmed with confidence under the bright sun, \nA proud child with a simple heart.\nIn this tired world, \nWith a roaring heart and such a free spirit, \nUnder the starry night, we fit together so well,\nHe is the sun and I am the moon, \nevery time, every moments\nIn the hot embrace, in the moist warmth, \nIn this passion, we find our own rhythme", "style": ["EDM"], "essentia_features": {"lowlevel.average_loudness": 0.9870847463607788, "lowlevel.barkbands_crest.mean": 11.853086471557617, "lowlevel.barkbands_crest.stdev": 4.778145790100098, "lowlevel.barkbands_flatness_db.mean": 0.12543414533138275, "lowlevel.barkbands_flatness_db.stdev": 0.04779975488781929, "lowlevel.barkbands_kurtosis.mean": 7.299622535705566, "lowlevel.barkbands_kurtosis.stdev": 15.509864807128906, "lowlevel.barkbands_skewness.mean": 2.114169120788574, "lowlevel.barkbands_skewness.stdev": 1.5729931592941284, "lowlevel.barkbands_spread.mean": 26.028404235839844, "lowlevel.barkbands_spread.stdev": 16.193279266357422, "lowlevel.dissonance.mean": 0.4675694406032562, "lowlevel.dissonance.stdev": 0.020214619114995003, "lowlevel.dynamic_complexity": 1.1800485849380493, "lowlevel.erbbands_crest.mean": 8.13437557220459, "lowlevel.erbbands_crest.stdev": 4.066408634185791, "lowlevel.erbbands_flatness_db.mean": 0.11489409953355789, "lowlevel.erbbands_flatness_db.stdev": 0.032293807715177536, "lowlevel.erbbands_kurtosis.mean": -0.12815319001674652, "lowlevel.erbbands_kurtosis.stdev": 1.2905722856521606, "lowlevel.erbbands_skewness.mean": 0.25105950236320496, "lowlevel.erbbands_skewness.stdev": 0.5744484066963196, "lowlevel.erbbands_spread.mean": 51.91115188598633, "lowlevel.erbbands_spread.stdev": 21.425655364990234, "lowlevel.hfc.mean": 34.79376220703125, "lowlevel.hfc.stdev": 16.7015323638916, "lowlevel.loudness_ebu128.integrated": -12.623956680297852, "lowlevel.loudness_ebu128.loudness_range": 0.6070871353149414, "lowlevel.loudness_ebu128.momentary.mean": -12.657808303833008, "lowlevel.loudness_ebu128.momentary.stdev": 0.5520253777503967, "lowlevel.loudness_ebu128.short_term.mean": -12.624066352844238, "lowlevel.loudness_ebu128.short_term.stdev": 0.2098565399646759, "lowlevel.melbands_crest.mean": 19.198213577270508, "lowlevel.melbands_crest.stdev": 5.165736675262451, "lowlevel.melbands_flatness_db.mean": 0.20234060287475586, "lowlevel.melbands_flatness_db.stdev": 0.05684183910489082, "lowlevel.melbands_kurtosis.mean": 25.891944885253906, "lowlevel.melbands_kurtosis.stdev": 43.91786193847656, "lowlevel.melbands_skewness.mean": 3.6700024604797363, "lowlevel.melbands_skewness.stdev": 2.3659708499908447, "lowlevel.melbands_spread.mean": 20.5497989654541, "lowlevel.melbands_spread.stdev": 14.084088325500488, "lowlevel.pitch_salience.mean": 0.4756956696510315, "lowlevel.pitch_salience.stdev": 0.1285124123096466, "lowlevel.silence_rate_20dB.mean": 1.0, "lowlevel.silence_rate_20dB.stdev": 0.0, "lowlevel.silence_rate_30dB.mean": 0.8490790128707886, "lowlevel.silence_rate_30dB.stdev": 0.3579724133014679, "lowlevel.silence_rate_60dB.mean": 0.0011883541010320187, "lowlevel.silence_rate_60dB.stdev": 0.03445228934288025, "lowlevel.spectral_centroid.mean": 1434.4727783203125, "lowlevel.spectral_centroid.stdev": 536.3978881835938, "lowlevel.spectral_complexity.mean": 24.890670776367188, "lowlevel.spectral_complexity.stdev": 7.8677496910095215, "lowlevel.spectral_decrease.mean": -1.736133370400239e-08, "lowlevel.spectral_decrease.stdev": 1.1855754600276214e-08, "lowlevel.spectral_energy.mean": 0.06868159770965576, "lowlevel.spectral_energy.stdev": 0.044934991747140884, "lowlevel.spectral_energyband_high.mean": 0.0019773913081735373, "lowlevel.spectral_energyband_high.stdev": 0.001807969412766397, "lowlevel.spectral_energyband_low.mean": 0.04306143894791603, "lowlevel.spectral_energyband_low.stdev": 0.04671567678451538, "lowlevel.spectral_energyband_middle_high.mean": 0.007479691877961159, "lowlevel.spectral_energyband_middle_high.stdev": 0.006943137850612402, "lowlevel.spectral_energyband_middle_low.mean": 0.017163380980491638, "lowlevel.spectral_energyband_middle_low.stdev": 0.010549847967922688, "lowlevel.spectral_entropy.mean": 7.873279571533203, "lowlevel.spectral_entropy.stdev": 0.28164270520210266, "lowlevel.spectral_flux.mean": 0.13113966584205627, "lowlevel.spectral_flux.stdev": 0.07449530810117722, "lowlevel.spectral_kurtosis.mean": 2.5526750087738037, "lowlevel.spectral_kurtosis.stdev": 1.1087875366210938, "lowlevel.spectral_rms.mean": 0.007816450670361519, "lowlevel.spectral_rms.stdev": 0.0024309619329869747, "lowlevel.spectral_rolloff.mean": 1134.3519287109375, "lowlevel.spectral_rolloff.stdev": 1549.3975830078125, "lowlevel.spectral_skewness.mean": 1.2677485942840576, "lowlevel.spectral_skewness.stdev": 0.2308977246284485, "lowlevel.spectral_spread.mean": 5668838.5, "lowlevel.spectral_spread.stdev": 1578240.875, "lowlevel.spectral_strongpeak.mean": 0.6974878907203674, "lowlevel.spectral_strongpeak.stdev": 0.9085788130760193, "lowlevel.zerocrossingrate.mean": 0.059129033237695694, "lowlevel.zerocrossingrate.stdev": 0.035875141620635986, "metadata.audio_properties.analysis.equal_loudness": 0.0, "metadata.audio_properties.analysis.length": 39.03997802734375, "metadata.audio_properties.analysis.sample_rate": 44100.0, "metadata.audio_properties.analysis.start_time": 0.0, "metadata.audio_properties.bit_rate": 118251.0, "metadata.audio_properties.length": 39.040000915527344, "metadata.audio_properties.lossless": 0.0, "metadata.audio_properties.number_channels": 1.0, "metadata.audio_properties.replay_gain": -11.84190559387207, "metadata.audio_properties.sample_rate": 48000.0, "rhythm.beats_count": 82.0, "rhythm.beats_loudness.mean": 0.17505811154842377, "rhythm.beats_loudness.stdev": 0.03484582155942917, "rhythm.bpm": 128.06797790527344, "rhythm.bpm_histogram_first_peak_bpm": 129.0, "rhythm.bpm_histogram_first_peak_weight": 0.3589743971824646, "rhythm.bpm_histogram_second_peak_bpm": 123.0, "rhythm.bpm_histogram_second_peak_spread": 0.0, "rhythm.bpm_histogram_second_peak_weight": 0.03703703731298447, "rhythm.danceability": 2.8207123279571533, "rhythm.onset_rate": 4.224706649780273, "tonal.chords_changes_rate": 0.027315914630889893, "tonal.chords_number_rate": 0.003562945406883955, "tonal.chords_strength.mean": 0.5882517099380493, "tonal.chords_strength.stdev": 0.07074753195047379, "tonal.hpcp_crest.mean": 14.261040687561035, "tonal.hpcp_crest.stdev": 7.252282619476318, "tonal.hpcp_entropy.mean": 1.9383928775787354, "tonal.hpcp_entropy.stdev": 0.776930570602417, "tonal.key_edma.strength": 0.6295154690742493, "tonal.key_krumhansl.strength": 0.618493378162384, "tonal.key_temperley.strength": 0.5984647274017334, "tonal.tuning_diatonic_strength": 0.6173712015151978, "tonal.tuning_equal_tempered_deviation": 0.217460498213768, "tonal.tuning_frequency": 434.193115234375, "tonal.tuning_nontempered_energy_ratio": 0.8964561820030212, "lowlevel.barkbands.mean": [0.004136702511459589, 0.03222043439745903, 0.00579556031152606, 0.002720257733017206, 0.005376018118113279, 0.004128309898078442, 0.0014114159857854247, 0.0005948179750703275, 0.0027256598696112633, 0.0007897251634858549, 0.0011972066713497043, 0.00161410600412637, 0.000706824182998389, 0.0006328193703666329, 0.0007799226441420615, 0.0005635223933495581, 0.0004251058853697032, 0.00032461583032272756, 0.00036647709202952683, 0.00047159232781268656, 0.0004992565955035388, 0.00027995958225801587, 0.0002609257644508034, 0.0002830258454196155, 0.00023871066514402628, 0.00013369192311074585, 4.96005532113486e-06], "lowlevel.barkbands.stdev": [0.0031072304118424654, 0.04020620509982109, 0.016185453161597252, 0.0032644523307681084, 0.0064420681446790695, 0.0062497518956661224, 0.002409934299066663, 0.0011948517058044672, 0.003887640545144677, 0.002136903116479516, 0.0027861520648002625, 0.003320214571431279, 0.0014209848595783114, 0.001168033224530518, 0.0013736551627516747, 0.0008499193354509771, 0.0007592797046527267, 0.00042597539140842855, 0.000371530040865764, 0.0005450379103422165, 0.0004641582490876317, 0.0003546953957993537, 0.0003774572105612606, 0.00043079248280264437, 0.000439024152001366, 0.00026860309299081564, 1.380408775730757e-05], "lowlevel.erbbands.mean": [1.1917506456375122, 5.96211576461792, 8.620145797729492, 7.6894755363464355, 12.924190521240234, 21.2574405670166, 26.308971405029297, 32.96240997314453, 19.629390716552734, 18.67839241027832, 21.58956527709961, 50.13254928588867, 47.436405181884766, 39.60284423828125, 59.108436584472656, 46.91699981689453, 29.928668975830078, 35.71127700805664, 37.98520278930664, 31.516386032104492, 32.64240264892578, 26.282365798950195, 17.000484466552734, 20.962047576904297, 17.831241607666016, 21.79931640625, 24.832273483276367, 14.714892387390137, 10.47508716583252, 8.232589721679688, 7.308083534240723, 6.435338497161865, 4.375927925109863, 2.9129159450531006, 1.5589287281036377, 0.6959260702133179, 0.2301049679517746, 0.02819516696035862, 0.0007025649538263679, 0.00010396569996373728], "lowlevel.erbbands.stdev": [0.7343199253082275, 11.09372615814209, 20.585493087768555, 12.106907844543457, 14.340911865234375, 31.093671798706055, 46.63315200805664, 53.24299240112305, 28.665355682373047, 39.37773513793945, 38.512359619140625, 71.3846435546875, 82.82123565673828, 91.95897674560547, 117.2738037109375, 92.504150390625, 57.478660583496094, 57.58308410644531, 63.951114654541016, 46.93400573730469, 46.06073760986328, 49.853904724121094, 21.63694190979004, 25.7899227142334, 16.87576675415039, 26.015544891357422, 26.234153747558594, 13.134176254272461, 13.389704704284668, 11.930916786193848, 10.483220100402832, 9.649026870727539, 7.022805213928223, 5.23069429397583, 3.0458972454071045, 1.4282240867614746, 0.4652203619480133, 0.05750073119997978, 0.001543489983305335, 6.380059494404122e-05], "lowlevel.gfcc.mean": [65.6827621459961, 74.63681030273438, -98.31605529785156, 42.55363082885742, -53.783451080322266, 26.53816032409668, -32.154640197753906, 15.02902603149414, -24.759197235107422, 11.947137832641602, -15.688647270202637, 8.039390563964844, -3.332075834274292], "lowlevel.melbands.mean": [0.00970781035721302, 0.005602528341114521, 0.001486579654738307, 0.0012239974457770586, 0.000899252132512629, 0.0007320373551920056, 0.00031560761271975935, 0.00017942093836609274, 0.000201795541215688, 0.0003600044292397797, 0.0002351281582377851, 0.00014951259072404355, 0.00017567446047905833, 0.00019679864635691047, 7.540953811258078e-05, 7.312357047339901e-05, 6.288669828791171e-05, 5.628294820780866e-05, 6.323866546154022e-05, 3.509281305014156e-05, 3.537821976351552e-05, 2.801555092446506e-05, 1.6750875147408806e-05, 1.5259609426721e-05, 1.741604683047626e-05, 1.2487145795603283e-05, 1.3646610568684991e-05, 1.4498298696707934e-05, 1.633312967896927e-05, 1.2780746146745514e-05, 7.127811841201037e-06, 5.997198968543671e-06, 5.098966539662797e-06, 4.438292762642959e-06, 4.113274826522684e-06, 4.214473392494256e-06, 3.887928869517054e-06, 3.264173756178934e-06, 2.5377605652465718e-06, 2.4087587462418014e-06], "lowlevel.melbands.stdev": [0.008891280740499496, 0.011121365241706371, 0.001927660428918898, 0.0015462267911061645, 0.001333436812274158, 0.001114684040658176, 0.0004495120083447546, 0.0003845996398013085, 0.00040258708759211004, 0.0005276380688883364, 0.00043174857273697853, 0.00036200491013005376, 0.0003452636010479182, 0.0004180959367658943, 0.00020550491171889007, 0.00013400035095401108, 0.00010780601587612182, 0.00010997053323080763, 0.00011948827159358189, 5.752823926741257e-05, 4.9866794142872095e-05, 5.696686639566906e-05, 2.4190083422581665e-05, 2.0770521587110125e-05, 2.29738016059855e-05, 1.2007881196041126e-05, 1.662863178353291e-05, 1.8679758795769885e-05, 2.0686033167294227e-05, 1.1911795809282921e-05, 7.214891411422286e-06, 7.737775376881473e-06, 7.357949471042957e-06, 6.870396191516193e-06, 6.018753083480988e-06, 6.200866209837841e-06, 6.214879704202758e-06, 5.296536983223632e-06, 4.430120952747529e-06, 4.517060915532056e-06], "lowlevel.melbands128.mean": [0.0036803989205509424, 0.01068832166492939, 0.011207743547856808, 0.009857485070824623, 0.005653662607073784, 0.0024258322082459927, 0.0014667636714875698, 0.0013573098694905639, 0.0012740704696625471, 0.001231587608344853, 0.0013382453471422195, 0.0006709125591441989, 0.0009264523396268487, 0.0009770020842552185, 0.0007806868525221944, 0.0006506303907372057, 0.0002554080565460026, 0.00026264687767252326, 0.00039038655813783407, 0.00018176058074459434, 9.619443881092593e-05, 9.406078606843948e-05, 0.00023601794964633882, 0.0003004529280588031, 0.00020883476827293634, 0.000495336833409965, 0.0004591318138409406, 0.00012747080472763628, 0.00015542737673968077, 7.344056939473376e-05, 0.00021204445511102676, 0.00017660741286817938, 0.00010426892549730837, 0.00019613232871051878, 0.00035697667044587433, 0.00012429337948560715, 7.537684723502025e-05, 9.925192716764286e-05, 5.442248220788315e-05, 4.469801933737472e-05, 8.211450767703354e-05, 0.00011142914445372298, 5.432773832581006e-05, 4.1026578401215374e-05, 6.035461410647258e-05, 4.709867062047124e-05, 6.583344656974077e-05, 9.574583964422345e-05, 4.512022860581055e-05, 1.9425167920417152e-05, 3.228792411391623e-05, 5.1376318879192695e-05, 4.8129742935998365e-05, 2.2905360310687684e-05, 2.015008249145467e-05, 3.4057684388244525e-05, 3.1281586416298524e-05, 1.437597893527709e-05, 1.4245488273445517e-05, 1.4217671377991792e-05, 1.3945311366114765e-05, 1.6091040379251353e-05, 2.0886662241537124e-05, 1.662275280978065e-05, 1.493997115176171e-05, 1.1283777894277591e-05, 1.1466106116131414e-05, 1.3773099453828763e-05, 1.3865172149962746e-05, 1.4065904906601645e-05, 1.4901218492013868e-05, 1.3139971088094171e-05, 1.7362726794090122e-05, 1.7931599359144457e-05, 1.3713060980080627e-05, 1.5523264664807357e-05, 1.1284740139672067e-05, 6.873981874377932e-06, 7.283317700057523e-06, 6.31365173831e-06, 6.2247154346550815e-06, 5.874976523045916e-06, 5.416388830781216e-06, 5.424652499641525e-06, 4.4046505536243785e-06, 4.151817847741768e-06, 4.749289018946001e-06, 4.291056484362343e-06, 3.9710671444481704e-06, 3.974310402554693e-06, 4.4601160880120005e-06, 4.295426151657011e-06, 3.8527377910213545e-06, 3.810627276834566e-06, 4.023722340207314e-06, 3.6713702229462797e-06, 3.13521104544634e-06, 2.5851206828519935e-06, 2.4258501980511937e-06, 2.5439958335482515e-06, 2.7175979084859136e-06, 2.2810268092143815e-06, 2.2677197648590663e-06, 1.9377137050469173e-06, 1.8638897927303333e-06, 1.4587211580874282e-06, 1.3704092225452769e-06, 1.3936189589003334e-06, 1.1734048257494578e-06, 1.0784016239995253e-06, 9.844156920735259e-07, 7.907434564913274e-07, 7.940233786030149e-07, 5.938663321103377e-07, 3.778345671889838e-07, 2.685657136680675e-07, 1.6604482766524598e-07, 4.474147630162406e-08, 1.8527385181599243e-09, 9.331120945366145e-12, 8.715036504958196e-12, 8.52228791009546e-12, 8.308515334065625e-12, 8.155477161653213e-12, 8.00104253684264e-12, 7.837631585405624e-12, 7.736145057890553e-12, 7.687475656048548e-12], "lowlevel.melbands128.stdev": [0.0027774623595178127, 0.005995921790599823, 0.015500899404287338, 0.02102111093699932, 0.013654692098498344, 0.006739504635334015, 0.0026952428743243217, 0.0015973617555573583, 0.0016762081068009138, 0.002155737252905965, 0.002246018499135971, 0.001319191767834127, 0.0020316578447818756, 0.0021050090435892344, 0.0016542243538424373, 0.0011794095626100898, 0.0005141058354638517, 0.0005955169908702374, 0.0007468294352293015, 0.0005949453916400671, 0.0003181660722475499, 0.00022663071285933256, 0.0005763479275628924, 0.0007447485695593059, 0.0005121093709021807, 0.0009257593774236739, 0.0010656683007255197, 0.0003362311399541795, 0.0006723527330905199, 0.00023019687796477228, 0.0006867350894026458, 0.0005472585326060653, 0.0003906443598680198, 0.0006006695330142975, 0.0009381624404340982, 0.0003682645910885185, 0.00033588273799978197, 0.00033306225668638945, 0.00023465741833206266, 0.00014526887389365584, 0.00020248800865374506, 0.00026546826120465994, 0.00013253101496957242, 0.00010831953113665804, 0.00019848329247906804, 0.00015458760026376694, 0.00016436874284408987, 0.0002232854749308899, 0.00013016010052524507, 2.841013338183984e-05, 8.790438005235046e-05, 0.00011841369268950075, 8.80420338944532e-05, 3.929772719857283e-05, 3.332970300107263e-05, 9.572304406901821e-05, 8.512398198945448e-05, 2.4549257432227023e-05, 2.145779762940947e-05, 2.6784393412526697e-05, 2.5183464458677918e-05, 2.868044794013258e-05, 4.055660974700004e-05, 2.642994877533056e-05, 2.2358139176503755e-05, 1.5140620234888047e-05, 1.5211601748887915e-05, 1.9923960280721076e-05, 2.3376200260827318e-05, 2.4487826522090472e-05, 2.7347250579623505e-05, 2.02743449335685e-05, 2.8798427592846565e-05, 3.032611493836157e-05, 1.6946714822552167e-05, 1.711369986878708e-05, 1.1841489140351769e-05, 7.4537874752422795e-06, 8.813070053292904e-06, 7.446964445989579e-06, 8.357900696864817e-06, 9.807785318116657e-06, 8.240631359512918e-06, 8.904464266379364e-06, 6.85593386151595e-06, 6.92723915562965e-06, 8.33902959129773e-06, 6.970273716433439e-06, 6.098282028688118e-06, 6.8151766754454e-06, 6.9262546276149806e-06, 6.596523235202767e-06, 6.420184035960119e-06, 6.735000170010608e-06, 7.20991238267743e-06, 6.147804469947005e-06, 5.574344413616927e-06, 5.002625584893394e-06, 4.550277026282856e-06, 4.878168965660734e-06, 5.237522145762341e-06, 4.710132998297922e-06, 4.809954134543659e-06, 4.176297807134688e-06, 3.969699264416704e-06, 2.9296454613358947e-06, 2.96099960905849e-06, 3.2221735182247357e-06, 2.6607456220517633e-06, 2.4351259071409004e-06, 2.2214655928110005e-06, 1.674519808148034e-06, 1.7515352510599769e-06, 1.3877140645490726e-06, 7.892845133028459e-07, 6.141447101981612e-07, 3.880184067384107e-07, 2.3885760924713395e-07, 3.2333467459011445e-08, 1.3547123492441138e-11, 1.2664883031199281e-11, 1.2386701907229902e-11, 1.2122333518937989e-11, 1.1909992957137572e-11, 1.173478762078739e-11, 1.1592255801107232e-11, 1.1489478639326034e-11, 1.142616556926157e-11], "lowlevel.mfcc.mean": [-581.2135620117188, 104.23159790039062, 15.58753776550293, 25.66704559326172, 7.622386932373047, 14.337116241455078, 8.485684394836426, 4.641479015350342, 6.01689338684082, 4.673974990844727, -3.402316093444824, 3.146479845046997, 0.06586260348558426], "lowlevel.spectral_contrast_coeffs.mean": [-0.7068081498146057, -0.7326725721359253, -0.7430286407470703, -0.7893339395523071, -0.8035314679145813, -0.7508814930915833], "lowlevel.spectral_contrast_coeffs.stdev": [0.06963101774454117, 0.06769246608018875, 0.07819449156522751, 0.05164602771401405, 0.034533821046352386, 0.030789006501436234], "lowlevel.spectral_contrast_valleys.mean": [-6.0543293952941895, -6.560081481933594, -6.975378036499023, -7.1047868728637695, -6.891393184661865, -9.35310173034668], "lowlevel.spectral_contrast_valleys.stdev": [0.5132759213447571, 0.5150495767593384, 0.4882648289203644, 0.4376031160354614, 0.4599504768848419, 0.5742259621620178], "rhythm.beats_loudness_band_ratio.mean": [0.9079810380935669, 0.018707960844039917, 0.025619585067033768, 0.02828199975192547, 0.01206154003739357, 0.009601871483027935], "rhythm.beats_loudness_band_ratio.stdev": [0.06366950273513794, 0.020825011655688286, 0.027577213943004608, 0.03942061960697174, 0.010462083853781223, 0.009428598918020725], "tonal.hpcp.mean": [0.028198689222335815, 0.030838949605822563, 0.046014197170734406, 0.11533302068710327, 0.14583982527256012, 0.07468398660421371, 0.025763919577002525, 0.02121599204838276, 0.023053044453263283, 0.03155313804745674, 0.03469778224825859, 0.053211066871881485, 0.09916573017835617, 0.10887929797172546, 0.06377123296260834, 0.035473600029945374, 0.04249044880270958, 0.07936979830265045, 0.22732339799404144, 0.35823899507522583, 0.2499140352010727, 0.0904112160205841, 0.044128771871328354, 0.038163866847753525, 0.050304919481277466, 0.07826437801122665, 0.24537010490894318, 0.4218946695327759, 0.2851903438568115, 0.08162853866815567, 0.03818061947822571, 0.030465029180049896, 0.02562948316335678, 0.039287496358156204, 0.045381125062704086, 0.03150465339422226], "tonal.hpcp.stdev": [0.11588975042104721, 0.1228056252002716, 0.14182224869728088, 0.17866547405719757, 0.2014211267232895, 0.14922158420085907, 0.0994267389178276, 0.09055424481630325, 0.09249182045459747, 0.11828076839447021, 0.1304083615541458, 0.1590314656496048, 0.190156027674675, 0.19446410238742828, 0.15933875739574432, 0.13133688271045685, 0.1445285677909851, 0.1835407167673111, 0.3035804033279419, 0.4211215376853943, 0.3416673541069031, 0.20688526332378387, 0.15208230912685394, 0.13704437017440796, 0.14900244772434235, 0.17582887411117554, 0.3098261058330536, 0.42557552456855774, 0.30672305822372437, 0.162663534283638, 0.13105417788028717, 0.11850035935640335, 0.10084044933319092, 0.11930909752845764, 0.14087362587451935, 0.11408685892820358], "rhythm.beats_position": [0.4876190423965454, 0.9752380847930908, 1.4396371841430664, 1.904036283493042, 2.3684353828430176, 2.8444442749023438, 3.320453405380249, 3.7848525047302246, 4.249251842498779, 4.713650703430176, 5.189659595489502, 5.665668964385986, 6.130067825317383, 6.5944671630859375, 7.058866024017334, 7.523265361785889, 8.010884284973145, 8.4752836227417, 8.939682006835938, 9.404081344604492, 9.880090713500977, 10.356099128723145, 10.8204984664917, 11.284897804260254, 11.749297142028809, 12.213695526123047, 12.678094863891602, 13.154104232788086, 13.63011360168457, 14.094511985778809, 14.558911323547363, 15.023310661315918, 15.487709045410156, 15.952108383178711, 16.428117752075195, 16.90412712097168, 17.368526458740234, 17.832923889160156, 18.29732322692871, 18.761722564697266, 19.23773193359375, 19.713741302490234, 20.17814064025879, 20.654150009155273, 21.130157470703125, 21.59455680847168, 22.070566177368164, 22.53496551513672, 23.010974884033203, 23.475374221801758, 23.939773559570312, 24.404170989990234, 24.86857032775879, 25.344579696655273, 25.820589065551758, 26.284988403320312, 26.749387741088867, 27.213787078857422, 27.689794540405273, 28.154193878173828, 28.630203247070312, 29.094602584838867, 29.559001922607422, 30.023401260375977, 30.48780059814453, 30.952198028564453, 31.428207397460938, 31.904216766357422, 32.36861801147461, 32.83301544189453, 33.309024810791016, 33.7850341796875, 34.24943161010742, 34.71383285522461, 35.17823028564453, 35.64263153076172, 36.11863708496094, 36.59464645385742, 37.05904769897461, 37.54666519165039, 38.022674560546875, 38.49868392944336], "rhythm.bpm_histogram": [0.0, 0.0, 0.0, 0.0, 0.0, 0.0, 0.0, 0.0, 0.0, 0.0, 0.0, 0.0, 0.0, 0.0, 0.0, 0.0, 0.0, 0.0, 0.0, 0.0, 0.0, 0.0, 0.0, 0.0, 0.0, 0.0, 0.0, 0.0, 0.0, 0.0, 0.0, 0.0, 0.0, 0.0, 0.0, 0.0, 0.0, 0.0, 0.0, 0.0, 0.0, 0.0, 0.0, 0.0, 0.0, 0.0, 0.0, 0.0, 0.0, 0.0, 0.0, 0.0, 0.0, 0.0, 0.0, 0.0, 0.0, 0.0, 0.0, 0.0, 0.0, 0.0, 0.0, 0.0, 0.0, 0.0, 0.0, 0.0, 0.0, 0.0, 0.0, 0.0, 0.0, 0.0, 0.0, 0.0, 0.0, 0.0, 0.0, 0.0, 0.0, 0.0, 0.0, 0.0, 0.0, 0.0, 0.0, 0.0, 0.0, 0.0, 0.0, 0.0, 0.0, 0.0, 0.0, 0.0, 0.0, 0.0, 0.0, 0.0, 0.0, 0.0, 0.0, 0.0, 0.0, 0.0, 0.0, 0.0, 0.0, 0.0, 0.0, 0.0, 0.0, 0.0, 0.0, 0.0, 0.0, 0.0, 0.0, 0.0, 0.0, 0.0, 0.0, 0.03703703731298447, 0.0, 0.0, 0.34567901492118835, 0.0, 0.0, 0.6172839403152466, 0.0, 0.0, 0.0, 0.0, 0.0, 0.0, 0.0, 0.0, 0.0, 0.0, 0.0, 0.0, 0.0, 0.0, 0.0, 0.0, 0.0, 0.0, 0.0, 0.0, 0.0, 0.0, 0.0, 0.0, 0.0, 0.0, 0.0, 0.0, 0.0, 0.0, 0.0, 0.0, 0.0, 0.0, 0.0, 0.0, 0.0, 0.0, 0.0, 0.0, 0.0, 0.0, 0.0, 0.0, 0.0, 0.0, 0.0, 0.0, 0.0, 0.0, 0.0, 0.0, 0.0, 0.0, 0.0, 0.0, 0.0, 0.0, 0.0, 0.0, 0.0, 0.0, 0.0, 0.0, 0.0, 0.0, 0.0, 0.0, 0.0, 0.0, 0.0, 0.0, 0.0, 0.0, 0.0, 0.0, 0.0, 0.0, 0.0, 0.0, 0.0, 0.0, 0.0, 0.0, 0.0, 0.0, 0.0, 0.0, 0.0, 0.0, 0.0, 0.0, 0.0, 0.0, 0.0, 0.0, 0.0, 0.0, 0.0, 0.0, 0.0, 0.0, 0.0, 0.0, 0.0, 0.0, 0.0, 0.0, 0.0, 0.0, 0.0, 0.0, 0.0, 0.0, 0.0, 0.0, 0.0, 0.0, 0.0, 0.0], "tonal.chords_histogram": [0.2375296950340271, 74.22802734375, 22.327791213989258, 0.0, 0.0, 0.0, 0.0, 0.0, 0.2375296950340271, 0.0, 0.0, 0.0, 0.0, 0.0, 0.0, 0.0, 0.0, 0.0, 0.0, 2.1377673149108887, 0.0, 0.0, 0.0, 0.8313539028167725], "tonal.thpcp": [1.0, 0.6759752035140991, 0.19348084926605225, 0.09049799293279648, 0.07221003621816635, 0.06074853613972664, 0.09312157332897186, 0.10756506025791168, 0.07467421889305115, 0.06683821976184845, 0.07309632748365402, 0.10906560719013214, 0.2733692228794098, 0.34567826986312866, 0.17702046036720276, 0.06106718257069588, 0.05028741434216499, 0.05464170500636101, 0.0747891366481781, 0.08224275708198547, 0.1261240541934967, 0.2350485473871231, 0.25807222723960876, 0.15115439891815186, 0.08408164978027344, 0.10071340203285217, 0.1881270408630371, 0.5388154983520508, 0.8491194844245911, 0.5923612117767334, 0.2142980694770813, 0.10459665954113007, 0.09045828133821487, 0.11923573166131973, 0.1855069100856781, 0.5815908908843994], "lowlevel.gfcc.cov": [[1859.3038330078125, -64.11224365234375, -59.51806640625, 33.57993698120117, -67.38575744628906, 34.111656188964844, -30.443649291992188, 46.31331253051758, -58.918209075927734, -6.683241367340088, -55.56528091430664, -6.4725728034973145, -8.473799705505371], [-64.11224365234375, 493.560791015625, -169.61184692382812, -13.44947624206543, 33.16337966918945, -29.08776092529297, 101.63862609863281, -41.29926681518555, 22.433006286621094, -13.325984954833984, 36.84279251098633, -54.33633804321289, 48.52023696899414], [-59.51806640625, -169.61184692382812, 379.10723876953125, 109.06365966796875, 23.723987579345703, 3.853379487991333, -94.71598815917969, 7.789425849914551, 17.87445831298828, 0.854457437992096, -12.755382537841797, 38.88335418701172, -65.90950775146484], [33.57993698120117, -13.44947624206543, 109.06365966796875, 205.0218048095703, 56.762542724609375, -25.97982406616211, -16.638916015625, 11.79861068725586, 40.182159423828125, -14.356039047241211, -3.6475939750671387, 7.850732803344727, -18.92327308654785], [-67.38575744628906, 33.16337966918945, 23.723987579345703, 56.762542724609375, 153.0542755126953, 65.12915802001953, 63.16551208496094, 13.105413436889648, 21.200773239135742, -2.0749013423919678, -6.545079708099365, -26.059371948242188, -3.0730714797973633], [34.111656188964844, -29.08776092529297, 3.853379487991333, -25.97982406616211, 65.12915802001953, 146.7619171142578, 89.7096939086914, -7.535014629364014, -20.574520111083984, 2.6689016819000244, 7.263951778411865, -34.39778137207031, -15.192463874816895], [-30.443649291992188, 101.63862609863281, -94.71598815917969, -16.638916015625, 63.16551208496094, 89.7096939086914, 192.3548583984375, 26.44019317626953, -7.227174282073975, -6.897718906402588, 19.440174102783203, -48.02745056152344, 11.118925094604492], [46.31331253051758, -41.29926681518555, 7.789425849914551, 11.79861068725586, 13.105413436889648, -7.535014629364014, 26.44019317626953, 94.65355682373047, 35.90840148925781, -9.953291893005371, -14.223798751831055, -3.0721778869628906, 10.380890846252441], [-58.918209075927734, 22.433006286621094, 17.87445831298828, 40.182159423828125, 21.200773239135742, -20.574520111083984, -7.227174282073975, 35.90840148925781, 82.4588623046875, 12.059558868408203, -8.925081253051758, -2.7423739433288574, 2.444291830062866], [-6.683241367340088, -13.325984954833984, 0.854457437992096, -14.356039047241211, -2.0749013423919678, 2.6689016819000244, -6.897718906402588, -9.953291893005371, 12.059558868408203, 57.35566329956055, 25.291059494018555, 1.493589162826538, -4.905455589294434], [-55.56528091430664, 36.84279251098633, -12.755382537841797, -3.6475939750671387, -6.545079708099365, 7.263951778411865, 19.440174102783203, -14.223798751831055, -8.925081253051758, 25.291059494018555, 71.94837951660156, 19.924842834472656, 8.804023742675781], [-6.4725728034973145, -54.33633804321289, 38.88335418701172, 7.850732803344727, -26.059371948242188, -34.39778137207031, -48.02745056152344, -3.0721778869628906, -2.7423739433288574, 1.493589162826538, 19.924842834472656, 71.95801544189453, 14.264961242675781], [-8.473799705505371, 48.52023696899414, -65.90950775146484, -18.92327308654785, -3.0730714797973633, -15.192463874816895, 11.118925094604492, 10.380890846252441, 2.444291830062866, -4.905455589294434, 8.804023742675781, 14.264961242675781, 76.7139663696289]], "lowlevel.gfcc.icov": [[0.0007304393220692873, -0.000468023179564625, 0.0004277592815924436, -0.0009130733087658882, 0.0007915130699984729, -0.0012728342553600669, 0.0007330090738832951, -0.001422232948243618, 0.0014462104300037026, -0.0011664049234241247, 0.0012918399879708886, -0.0006373721989803016, 0.0002344281383557245], [-0.000468023179564625, 0.004950293805450201, 1.3106781807437073e-05, 0.0017026663990691304, -0.0019180182134732604, 0.004892820026725531, -0.003187728114426136, 0.005555340554565191, -0.004451740998774767, 0.004519740119576454, -0.004709229804575443, 0.004704308696091175, -0.00205244030803442], [0.0004277592815924436, 1.3106781807437073e-05, 0.005159943830221891, -0.002602456836029887, -1.8340610040468164e-05, -0.002830631099641323, 0.0030296589247882366, -0.002159354742616415, 0.0009715107153169811, -0.0007807081565260887, 0.0008822064264677465, -0.0027614126447588205, 0.003453348996117711], [-0.0009130733087658882, 0.0017026663990691304, -0.002602456836029887, 0.009610617533326149, -0.004788964055478573, 0.0058844140730798244, -0.002255151281133294, 0.004149765241891146, -0.005856081377714872, 0.005985594820231199, -0.004630385432392359, 0.0021686439868062735, 0.0003933010157197714], [0.0007915130699984729, -0.0019180182134732604, -1.8340610040468164e-05, -0.004788964055478573, 0.012424218468368053, -0.007275524083524942, -0.0004106630804017186, -0.0026110592298209667, 0.0004924854729324579, -0.0034100196789950132, 0.004510293249040842, -0.0011779818451032043, -0.0009591420530341566], [-0.0012728342553600669, 0.004892820026725531, -0.002830631099641323, 0.0058844140730798244, -0.007275524083524942, 0.019870460033416748, -0.009231475181877613, 0.00857026781886816, -0.0033411446493119, 0.004899030085653067, -0.00621434859931469, 0.007144474890083075, -0.0005892699700780213], [0.0007330090738832951, -0.003187728114426136, 0.0030296589247882366, -0.002255151281133294, -0.0004106630804017186, -0.009231475181877613, 0.014594974927604198, -0.008637337945401669, 0.004587991163134575, -0.0006680109654553235, -0.001901431242004037, 0.0015780755784362555, 0.0010884449584409595], [-0.001422232948243618, 0.005555340554565191, -0.002159354742616415, 0.004149765241891146, -0.0026110592298209667, 0.00857026781886816, -0.008637337945401669, 0.02280677668750286, -0.013360925018787384, 0.008618418127298355, -0.003750408999621868, 0.004311933647841215, -0.004138566553592682], [0.0014462104300037026, -0.004451740998774767, 0.0009715107153169811, -0.005856081377714872, 0.0004924854729324579, -0.0033411446493119, 0.004587991163134575, -0.013360925018787384, 0.02484460547566414, -0.01254669763147831, 0.008050041273236275, -0.0032554802019149065, 0.0009541913750581443], [-0.0011664049234241247, 0.004519740119576454, -0.0007807081565260887, 0.005985594820231199, -0.0034100196789950132, 0.004899030085653067, -0.0006680109654553235, 0.008618418127298355, -0.01254669763147831, 0.030643276870250702, -0.01641569286584854, 0.007449786178767681, 0.00044031479046680033], [0.0012918399879708886, -0.004709229804575443, 0.0008822064264677465, -0.004630385432392359, 0.004510293249040842, -0.00621434859931469, -0.001901431242004037, -0.003750408999621868, 0.008050041273236275, -0.01641569286584854, 0.028498200699687004, -0.01350131444633007, 0.00040384981548413634], [-0.0006373721989803016, 0.004704308696091175, -0.0027614126447588205, 0.0021686439868062735, -0.0011779818451032043, 0.007144474890083075, 0.0015780755784362555, 0.004311933647841215, -0.0032554802019149065, 0.007449786178767681, -0.01350131444633007, 0.027793586254119873, -0.007366498466581106], [0.0002344281383557245, -0.00205244030803442, 0.003453348996117711, 0.0003933010157197714, -0.0009591420530341566, -0.0005892699700780213, 0.0010884449584409595, -0.004138566553592682, 0.0009541913750581443, 0.00044031479046680033, 0.00040384981548413634, -0.007366498466581106, 0.018991811200976372]], "lowlevel.mfcc.cov": [[1100.094970703125, -37.67928695678711, -32.43455505371094, -7.6748175621032715, -41.243408203125, -31.014171600341797, 24.914554595947266, 4.950413703918457, 20.36216163635254, 16.254085540771484, -41.28705596923828, -33.68663787841797, -7.086456775665283], [-37.67928695678711, 382.6695556640625, -119.9107894897461, -12.997810363769531, -59.31794738769531, 24.59640121459961, 41.622161865234375, -20.773500442504883, 14.714932441711426, 17.50593376159668, -10.594588279724121, 4.984631061553955, -5.568708419799805], [-32.43455505371094, -119.9107894897461, 277.2842102050781, 51.245147705078125, 75.08383178710938, -7.732662200927734, -60.563377380371094, 7.4760565757751465, -39.86065673828125, -45.39364242553711, 39.02875900268555, 17.73247718811035, 2.6240413188934326], [-7.6748175621032715, -12.997810363769531, 51.245147705078125, 199.215087890625, 62.91717529296875, -14.282092094421387, -43.42864990234375, 24.648483276367188, 13.922163009643555, -14.069380760192871, 15.842597007751465, 22.47511863708496, 4.603288650512695], [-41.243408203125, -59.31794738769531, 75.08383178710938, 62.91717529296875, 144.90895080566406, 18.163793563842773, -37.01649856567383, 15.255123138427734, 16.41422462463379, -10.289323806762695, 17.379377365112305, 6.617343902587891, 3.3404037952423096], [-31.014171600341797, 24.59640121459961, -7.732662200927734, -14.282092094421387, 18.163793563842773, 142.71482849121094, 72.05817413330078, 6.7195611000061035, -6.766279220581055, 28.80554962158203, 13.87484073638916, -6.670479774475098, 10.301589012145996], [24.914554595947266, 41.622161865234375, -60.563377380371094, -43.42864990234375, -37.01649856567383, 72.05817413330078, 169.16766357421875, 34.60801315307617, 17.051652908325195, 47.82537841796875, -9.954977989196777, -3.24910831451416, 15.171538352966309], [4.950413703918457, -20.773500442504883, 7.4760565757751465, 24.648483276367188, 15.255123138427734, 6.7195611000061035, 34.60801315307617, 86.3517837524414, 42.089595794677734, 8.23351764678955, 4.145045757293701, 7.513819694519043, 6.353331089019775], [20.36216163635254, 14.714932441711426, -39.86065673828125, 13.922163009643555, 16.41422462463379, -6.766279220581055, 17.051652908325195, 42.089595794677734, 97.7774658203125, 43.458351135253906, -11.868221282958984, -3.589756488800049, 4.326378345489502], [16.254085540771484, 17.50593376159668, -45.39364242553711, -14.069380760192871, -10.289323806762695, 28.80554962158203, 47.82537841796875, 8.23351764678955, 43.458351135253906, 94.4150161743164, 5.92950439453125, -9.913973808288574, 5.366153240203857], [-41.28705596923828, -10.594588279724121, 39.02875900268555, 15.842597007751465, 17.379377365112305, 13.87484073638916, -9.954977989196777, 4.145045757293701, -11.868221282958984, 5.92950439453125, 72.77800750732422, 23.190820693969727, -3.214954376220703], [-33.68663787841797, 4.984631061553955, 17.73247718811035, 22.47511863708496, 6.617343902587891, -6.670479774475098, -3.24910831451416, 7.513819694519043, -3.589756488800049, -9.913973808288574, 23.190820693969727, 64.97242736816406, 16.740230560302734], [-7.086456775665283, -5.568708419799805, 2.6240413188934326, 4.603288650512695, 3.3404037952423096, 10.301589012145996, 15.171538352966309, 6.353331089019775, 4.326378345489502, 5.366153240203857, -3.214954376220703, 16.740230560302734, 50.25597381591797]], "lowlevel.mfcc.icov": [[0.0009617917821742594, 0.00015436152170877904, -1.5403822544612922e-05, -0.00013643584679812193, 0.0002648608642630279, 0.00022699420514982194, -0.00021625937370117754, 6.958001904422417e-05, -0.0001446053065592423, -8.148855704348534e-05, 0.0003405791358090937, 0.0003520473837852478, 8.40503562358208e-05], [0.00015436152170877904, 0.0033367048017680645, 0.001104124472476542, -0.0005347987171262503, 0.001115635153837502, -0.0007778076105751097, -0.0004698550619650632, 0.001428229850716889, -0.00117235176730901, 0.0007071137079037726, -0.0001415489095961675, -0.0007609609165228903, 0.0006992424605414271], [-1.5403822544612922e-05, 0.001104124472476542, 0.005654890090227127, -0.0003458833962213248, -0.0019207507139071822, 4.965563493897207e-05, 0.0008931494667194784, -0.0011867496650665998, 0.0022108275443315506, 0.0010217530652880669, -0.0019029324175789952, -3.334808207000606e-05, -0.0005555659299716353], [-0.00013643584679812193, -0.0005347987171262503, -0.0003458833962213248, 0.006576352287083864, -0.002302206354215741, 0.000310945586534217, 0.0015392813365906477, -0.0020742693450301886, 9.902112651616335e-05, -0.00020062568364664912, -6.111224502092227e-05, -0.001567138358950615, -0.0002449844032526016], [0.0002648608642630279, 0.001115635153837502, -0.0019207507139071822, -0.002302206354215741, 0.01100078783929348, -0.0033549105282872915, 0.0021070141810923815, 0.00041250482900068164, -0.0040735346265137196, 0.0015711607411503792, -0.0007832002593204379, 0.00031944276997819543, -0.00023318825697060674], [0.00022699420514982194, -0.0007778076105751097, 4.965563493897207e-05, 0.000310945586534217, -0.0033549105282872915, 0.01111763995140791, -0.004940432496368885, 0.00021348196605686098, 0.0028953298460692167, -0.0019444149220362306, -0.002283539390191436, 0.002372268820181489, -0.0016546390252187848], [-0.00021625937370117754, -0.0004698550619650632, 0.0008931494667194784, 0.0015392813365906477, 0.0021070141810923815, -0.004940432496368885, 0.011728648096323013, -0.005883798934519291, 0.0021969396620988846, -0.004136968869715929, 0.0024367414880543947, -0.0013417889131233096, -0.0013389773666858673], [6.958001904422417e-05, 0.001428229850716889, -0.0011867496650665998, -0.0020742693450301886, 0.00041250482900068164, 0.00021348196605686098, -0.005883798934519291, 0.019699161872267723, -0.010514979250729084, 0.005048402119427919, -0.0027098623104393482, -0.00046325824223458767, -1.816494477679953e-05], [-0.0001446053065592423, -0.00117235176730901, 0.0022108275443315506, 9.902112651616335e-05, -0.0040735346265137196, 0.0028953298460692167, 0.0021969396620988846, -0.010514979250729084, 0.02149602398276329, -0.010408506728708744, 0.004356641788035631, -0.00048048977623693645, -0.00023184865131042898], [-8.148855704348534e-05, 0.0007071137079037726, 0.0010217530652880669, -0.00020062568364664912, 0.0015711607411503792, -0.0019444149220362306, -0.004136968869715929, 0.005048402119427919, -0.010408506728708744, 0.0189447570592165, -0.0056747207418084145, 0.0033115653786808252, -0.0016562157543376088], [0.0003405791358090937, -0.0001415489095961675, -0.0019029324175789952, -6.111224502092227e-05, -0.0007832002593204379, -0.002283539390191436, 0.0024367414880543947, -0.0027098623104393482, 0.004356641788035631, -0.0056747207418084145, 0.01992822252213955, -0.007860410027205944, 0.0043884157203137875], [0.0003520473837852478, -0.0007609609165228903, -3.334808207000606e-05, -0.001567138358950615, 0.00031944276997819543, 0.002372268820181489, -0.0013417889131233096, -0.00046325824223458767, -0.00048048977623693645, 0.0033115653786808252, -0.007860410027205944, 0.021722232922911644, -0.00798400491476059], [8.40503562358208e-05, 0.0006992424605414271, -0.0005555659299716353, -0.0002449844032526016, -0.00023318825697060674, -0.0016546390252187848, -0.0013389773666858673, -1.816494477679953e-05, -0.00023184865131042898, -0.0016562157543376088, 0.0043884157203137875, -0.00798400491476059, 0.023937102407217026]], "metadata.audio_properties.analysis.downmix