{"song_id": "1182268350110388265", "download": "https://cdn.discordapp.com/attachments/1135903449314238464/1182268350110388265/chirp.mp4?ex=65841434&amp", "lyrics": "Mr. Globe shill (Mr. Globe shill)\nYou looove begging the question\nMr. Globe shill (Mr. Globe shill)\nYou dooon't have good intentions\nMr. Globeshill likes to lie\nAnd in hell he's gonna die\nBecause the Earth is not a ball!\nIt has no curve, no movement at all", "style": ["rock"], "essentia_features": {"lowlevel.average_loudness": 0.9655126929283142, "lowlevel.barkbands_crest.mean": 10.699248313903809, "lowlevel.barkbands_crest.stdev": 3.81191086769104, "lowlevel.barkbands_flatness_db.mean": 0.1505361646413803, "lowlevel.barkbands_flatness_db.stdev": 0.043901387602090836, "lowlevel.barkbands_kurtosis.mean": 8.00586223602295, "lowlevel.barkbands_kurtosis.stdev": 8.8663911819458, "lowlevel.barkbands_skewness.mean": 2.500483751296997, "lowlevel.barkbands_skewness.stdev": 1.1941046714782715, "lowlevel.barkbands_spread.mean": 21.54532814025879, "lowlevel.barkbands_spread.stdev": 13.355236053466797, "lowlevel.dissonance.mean": 0.47633397579193115, "lowlevel.dissonance.stdev": 0.018902959302067757, "lowlevel.dynamic_complexity": 1.9076220989227295, "lowlevel.erbbands_crest.mean": 7.640342712402344, "lowlevel.erbbands_crest.stdev": 4.01954460144043, "lowlevel.erbbands_flatness_db.mean": 0.13088561594486237, "lowlevel.erbbands_flatness_db.stdev": 0.03175003081560135, "lowlevel.erbbands_kurtosis.mean": -0.48876678943634033, "lowlevel.erbbands_kurtosis.stdev": 1.2658026218414307, "lowlevel.erbbands_skewness.mean": 0.08854300528764725, "lowlevel.erbbands_skewness.stdev": 0.6299135684967041, "lowlevel.erbbands_spread.mean": 61.104408264160156, "lowlevel.erbbands_spread.stdev": 20.383413314819336, "lowlevel.hfc.mean": 23.959735870361328, "lowlevel.hfc.stdev": 16.265535354614258, "lowlevel.loudness_ebu128.integrated": -14.543502807617188, "lowlevel.loudness_ebu128.loudness_range": 2.1774892807006836, "lowlevel.loudness_ebu128.momentary.mean": -14.677814483642578, "lowlevel.loudness_ebu128.momentary.stdev": 1.0944167375564575, "lowlevel.loudness_ebu128.short_term.mean": -14.689005851745605, "lowlevel.loudness_ebu128.short_term.stdev": 0.6463165283203125, "lowlevel.melbands_crest.mean": 15.267394065856934, "lowlevel.melbands_crest.stdev": 4.1658830642700195, "lowlevel.melbands_flatness_db.mean": 0.21601268649101257, "lowlevel.melbands_flatness_db.stdev": 0.053234171122312546, "lowlevel.melbands_kurtosis.mean": 32.08607864379883, "lowlevel.melbands_kurtosis.stdev": 30.46637725830078, "lowlevel.melbands_skewness.mean": 4.566121578216553, "lowlevel.melbands_skewness.stdev": 1.9917651414871216, "lowlevel.melbands_spread.mean": 15.722116470336914, "lowlevel.melbands_spread.stdev": 10.849479675292969, "lowlevel.pitch_salience.mean": 0.559508740901947, "lowlevel.pitch_salience.stdev": 0.10224293172359467, "lowlevel.silence_rate_20dB.mean": 1.0, "lowlevel.silence_rate_20dB.stdev": 0.0, "lowlevel.silence_rate_30dB.mean": 0.9309560060501099, "lowlevel.silence_rate_30dB.stdev": 0.25352999567985535, "lowlevel.silence_rate_60dB.mean": 0.0015174506697803736, "lowlevel.silence_rate_60dB.stdev": 0.0389251783490181, "lowlevel.spectral_centroid.mean": 1141.0250244140625, "lowlevel.spectral_centroid.stdev": 490.184326171875, "lowlevel.spectral_complexity.mean": 21.607738494873047, "lowlevel.spectral_complexity.stdev": 10.732795715332031, "lowlevel.spectral_decrease.mean": -1.145159256310535e-08, "lowlevel.spectral_decrease.stdev": 9.870766426445243e-09, "lowlevel.spectral_energy.mean": 0.0453941710293293, "lowlevel.spectral_energy.stdev": 0.03799699991941452, "lowlevel.spectral_energyband_high.mean": 0.001459501450881362, "lowlevel.spectral_energyband_high.stdev": 0.0014394881436601281, "lowlevel.spectral_energyband_low.mean": 0.023512542247772217, "lowlevel.spectral_energyband_low.stdev": 0.035762641578912735, "lowlevel.spectral_energyband_middle_high.mean": 0.004298160783946514, "lowlevel.spectral_energyband_middle_high.stdev": 0.004139892291277647, "lowlevel.spectral_energyband_middle_low.mean": 0.01940549723803997, "lowlevel.spectral_energyband_middle_low.stdev": 0.0143517991527915, "lowlevel.spectral_entropy.mean": 7.739197254180908, "lowlevel.spectral_entropy.stdev": 0.33962973952293396, "lowlevel.spectral_flux.mean": 0.0984116867184639, "lowlevel.spectral_flux.stdev": 0.07485347986221313, "lowlevel.spectral_kurtosis.mean": 2.253533124923706, "lowlevel.spectral_kurtosis.stdev": 1.5079641342163086, "lowlevel.spectral_rms.mean": 0.006293836049735546, "lowlevel.spectral_rms.stdev": 0.0021620788611471653, "lowlevel.spectral_rolloff.mean": 903.038818359375, "lowlevel.spectral_rolloff.stdev": 1101.893798828125, "lowlevel.spectral_skewness.mean": 1.1805723905563354, "lowlevel.spectral_skewness.stdev": 0.30459126830101013, "lowlevel.spectral_spread.mean": 5254947.0, "lowlevel.spectral_spread.stdev": 1205044.875, "lowlevel.spectral_strongpeak.mean": 0.7219789028167725, "lowlevel.spectral_strongpeak.stdev": 0.7114397883415222, "lowlevel.zerocrossingrate.mean": 0.05303890258073807, "lowlevel.zerocrossingrate.stdev": 0.027530064806342125, "metadata.audio_properties.analysis.equal_loudness": 0.0, "metadata.audio_properties.analysis.length": 30.57065773010254, "metadata.audio_properties.analysis.sample_rate": 44100.0, "metadata.audio_properties.analysis.start_time": 0.0, "metadata.audio_properties.bit_rate": 120502.0, "metadata.audio_properties.length": 30.570667266845703, "metadata.audio_properties.lossless": 0.0, "metadata.audio_properties.number_channels": 1.0, "metadata.audio_properties.replay_gain": -11.083292007446289, "metadata.audio_properties.sample_rate": 48000.0, "rhythm.beats_count": 67.0, "rhythm.beats_loudness.mean": 0.08992473036050797, "rhythm.beats_loudness.stdev": 0.04187064990401268, "rhythm.bpm": 133.12353515625, "rhythm.bpm_histogram_first_peak_bpm": 133.0, "rhythm.bpm_histogram_first_peak_weight": 0.4153846502304077, "rhythm.bpm_histogram_second_peak_bpm": 140.0, "rhythm.bpm_histogram_second_peak_spread": 0.0, "rhythm.bpm_histogram_second_peak_weight": 0.01515151560306549, "rhythm.danceability": 1.5398670434951782, "rhythm.onset_rate": 3.4649252891540527, "tonal.chords_changes_rate": 0.027272727340459824, "tonal.chords_number_rate": 0.00909090880304575, "tonal.chords_strength.mean": 0.5808408260345459, "tonal.chords_strength.stdev": 0.0583835169672966, "tonal.hpcp_crest.mean": 13.593671798706055, "tonal.hpcp_crest.stdev": 6.998879909515381, "tonal.hpcp_entropy.mean": 2.0982186794281006, "tonal.hpcp_entropy.stdev": 0.85909104347229, "tonal.key_edma.strength": 0.6996955275535583, "tonal.key_krumhansl.strength": 0.7120293974876404, "tonal.key_temperley.strength": 0.7171001434326172, "tonal.tuning_diatonic_strength": 0.5945554375648499, "tonal.tuning_equal_tempered_deviation": 0.0938091054558754, "tonal.tuning_frequency": 437.9714660644531, "tonal.tuning_nontempered_energy_ratio": 0.6934137940406799, "lowlevel.barkbands.mean": [0.0008266411023214459, 0.01227028202265501, 0.0072695547714829445, 0.006915852893143892, 0.007810883689671755, 0.0015345540596172214, 0.0014015956548973918, 0.0007909829146228731, 0.0006848503253422678, 0.0005737363826483488, 0.0005692410049960017, 0.00036036159144714475, 0.0004048780247103423, 0.0003966492076870054, 0.0005876391660422087, 0.0004556029452942312, 0.000501152768265456, 0.00025408942019566894, 0.00021392348571680486, 0.000267915049334988, 0.00035158114042133093, 0.00035916458000428975, 0.00022449759126175195, 0.00019870481628458947, 0.00011947424354730174, 4.8842157411854714e-05, 1.5311843526433222e-06], "lowlevel.barkbands.stdev": [0.0019084273371845484, 0.031137753278017044, 0.007312295027077198, 0.005109663121402264, 0.00989486649632454, 0.0025547712575644255, 0.004732104483991861, 0.0020050525199621916, 0.001607695478014648, 0.0013275487581267953, 0.0017906875582411885, 0.0007375270361080766, 0.0008158021955750883, 0.000604504719376564, 0.0010427443776279688, 0.0007393322885036469, 0.0006072861724533141, 0.00026815253659151495, 0.0002697879390325397, 0.00028674222994595766, 0.00035286671482026577, 0.00036892006755806506, 0.000310133007587865, 0.00033471937058493495, 0.00017130283231381327, 0.0001161758991656825, 6.33445870334981e-06], "lowlevel.erbbands.mean": [0.4381325840950012, 2.48736834526062, 6.691281795501709, 17.977678298950195, 33.57465744018555, 18.54974365234375, 9.345093727111816, 13.068899154663086, 22.353349685668945, 15.86291217803955, 18.094345092773438, 16.617942810058594, 18.635366439819336, 16.2540283203125, 26.224910736083984, 14.057549476623535, 18.18231201171875, 20.90999984741211, 27.16786766052246, 27.051374435424805, 27.46470069885254, 28.461624145507812, 16.351879119873047, 11.649239540100098, 10.351192474365234, 12.477022171020508, 15.327056884765625, 13.052755355834961, 13.649959564208984, 9.029804229736328, 5.869133472442627, 4.16792631149292, 3.363919258117676, 1.7094736099243164, 0.6427094340324402, 0.25607168674468994, 0.08373493701219559, 0.010754598304629326, 0.00026511805481277406, 6.269384903134778e-05], "lowlevel.erbbands.stdev": [1.1206941604614258, 6.348321914672852, 8.356917381286621, 10.720820426940918, 36.50279235839844, 24.0903377532959, 13.741048812866211, 22.57363510131836, 73.02946472167969, 36.913482666015625, 45.79511642456055, 36.78617477416992, 49.42620086669922, 44.13159942626953, 80.12260437011719, 21.05154800415039, 34.47085189819336, 32.184085845947266, 49.88002395629883, 45.96995544433594, 40.26329040527344, 34.87328338623047, 16.313209533691406, 13.0758638381958, 12.728029251098633, 13.24036979675293, 15.486501693725586, 13.40018367767334, 14.388291358947754, 10.234037399291992, 8.442187309265137, 6.7372517585754395, 5.888826847076416, 2.438833475112915, 1.0938061475753784, 0.5351439118385315, 0.22218777239322662, 0.032165102660655975, 0.0007324627949856222, 5.578181298915297e-05], "lowlevel.gfcc.mean": [26.53217124938965, 91.12665557861328, -107.48914337158203, 63.42176818847656, -53.24723815917969, 27.991859436035156, -41.87956237792969, 2.9130122661590576, -25.85272216796875, -4.731237411499023, -23.290061950683594, -6.468240737915039, -7.325719356536865], "lowlevel.melbands.mean": [0.0036862946581095457, 0.0034663397818803787, 0.003622336545959115, 0.001996126724407077, 0.00036062407889403403, 0.00030687908292748034, 0.0003303823759779334, 0.00016657104424666613, 0.00014789805572945625, 9.764737478690222e-05, 9.092008258448914e-05, 6.217174814082682e-05, 8.058641105890274e-05, 5.414319457486272e-05, 3.214144453522749e-05, 3.993887366959825e-05, 3.88219123124145e-05, 4.1408453398616984e-05, 4.050075222039595e-05, 3.2310068490915e-05, 3.1732346542412415e-05, 3.00457304547308e-05, 2.179952571168542e-05, 1.0500413736735936e-05, 9.305823368777055e-06, 7.58658052291139e-06, 7.635212568857241e-06, 8.352542863576673e-06, 9.676923582446761e-06, 8.796246220299508e-06, 7.166029718064237e-06, 8.295586667372845e-06, 6.041641427145805e-06, 4.606217771652155e-06, 3.4129420782846864e-06, 2.9172044833103428e-06, 2.4203191060223617e-06, 2.4613018467789516e-06, 1.970163339137798e-06, 1.2567383009809419e-06], "lowlevel.melbands.stdev": [0.009316633455455303, 0.00515778549015522, 0.0020407550036907196, 0.0023667116183787584, 0.00047010884736664593, 0.0005426746793091297, 0.0010911065619438887, 0.00037453437107615173, 0.0003471305826678872, 0.00022610646556131542, 0.000246868294198066, 0.00017231785750482231, 0.00023815131862647831, 0.00012138110469095409, 6.0875096096424386e-05, 8.31519573694095e-05, 6.223453237907961e-05, 7.707241456955671e-05, 6.539533933391795e-05, 5.6686454627197236e-05, 4.557483043754473e-05, 4.038870247313753e-05, 2.3754240828566253e-05, 1.16789387902827e-05, 1.1068592357332818e-05, 1.051095750881359e-05, 8.99807309906464e-06, 9.35369280341547e-06, 1.0231082342215814e-05, 9.45798910834128e-06, 7.744783033558633e-06, 9.094808774534613e-06, 6.610010132135358e-06, 5.733565103582805e-06, 4.923141204926651e-06, 4.886817805527244e-06, 3.9969131648831535e-06, 4.514919965004083e-06, 3.2834977901075035e-06, 1.749085299707076e-06], "lowlevel.melbands128.mean": [0.0006784415454603732, 0.003500710241496563, 0.005292072426527739, 0.003493010299280286, 0.002821068512275815, 0.0039384313859045506, 0.0035781823098659515, 0.0035525336861610413, 0.0037461475003510714, 0.0022066617384552956, 0.0006870131473988295, 0.0003922329342458397, 0.00025953431031666696, 0.00033326182165183127, 0.0002500268747098744, 0.0003351774939801544, 0.00039289865526370704, 0.0003620510397013277, 0.00021438850671984255, 0.00016170811431948096, 0.00014467017899733037, 0.00015065452316775918, 0.00015746481949463487, 0.00012916135892737657, 0.000122965793707408, 6.407886394299567e-05, 9.122545452555642e-05, 0.000119287651614286, 6.0149886849103495e-05, 6.456157279899344e-05, 6.472172390203923e-05, 5.323905497789383e-05, 7.101860683178529e-05, 0.00012536502617876977, 6.182667857501656e-05, 3.791035487665795e-05, 2.6785346562974155e-05, 2.3892316676210612e-05, 4.1329160012537614e-05, 4.617232843884267e-05, 3.731096876435913e-05, 3.597115573938936e-05, 3.869052306981757e-05, 4.2781342926900834e-05, 3.176491736667231e-05, 4.0251696191262454e-05, 5.581134246313013e-05, 3.629486673162319e-05, 3.768947135540657e-05, 3.910365921910852e-05, 2.3997497919481248e-05, 3.632918742368929e-05, 3.423969246796332e-05, 2.8107742764404975e-05, 2.903053791669663e-05, 3.032785934919957e-05, 3.21935694955755e-05, 2.6274650736013427e-05, 1.8083535906043835e-05, 1.2356933439150453e-05, 1.0070202733913902e-05, 8.649319170217495e-06, 1.0065094102174044e-05, 9.51355104916729e-06, 8.116162462101784e-06, 7.893723704910371e-06, 6.8550484684237745e-06, 6.985860636632424e-06, 7.90159265307011e-06, 8.69626546773361e-06, 7.277168151631486e-06, 8.8026026787702e-06, 9.847315595834516e-06, 9.946993486664724e-06, 9.417896762897726e-06, 9.5356144811376e-06, 8.287970558740199e-06, 6.909959665790666e-06, 6.5760495999711566e-06, 7.603269295941573e-06, 9.261631021217909e-06, 8.540039743820671e-06, 6.656758159806486e-06, 5.9329481700842734e-06, 5.196191068534972e-06, 5.1388333304203115e-06, 4.178839390078792e-06, 3.982843736594077e-06, 3.3719459224812454e-06, 3.037365786440205e-06, 3.0551136660506018e-06, 3.080898750340566e-06, 2.306137503182981e-06, 2.347775762245874e-06, 2.4218384169216733e-06, 2.6626987619238207e-06, 2.3768554910930106e-06, 2.417607674942701e-06, 1.9927012999687577e-06, 1.7815084447647678e-06, 1.5471965753022232e-06, 1.1407299780330504e-06, 9.622847301216098e-07, 8.080260158749297e-07, 6.84299834574631e-07, 5.885420932827401e-07, 6.071091434023401e-07, 5.302215413394151e-07, 3.71990950043255e-07, 3.9932376694196137e-07, 3.4004676763288444e-07, 3.022691714704706e-07, 2.7027357418774045e-07, 2.1947657558030187e-07, 1.643229552428238e-07, 1.166415302122914e-07, 5.237426492499253e-08, 1.0229872060563139e-08, 1.1409140299178944e-09, 9.667073565255979e-12, 1.0034082072174488e-11, 5.548643575853385e-12, 5.022419979905379e-12, 4.9274889724060245e-12, 4.820429212043509e-12, 4.688500889610259e-12, 4.611414548827408e-12, 4.579957940675783e-12], "lowlevel.melbands128.stdev": [0.0017249220982193947, 0.009142531082034111, 0.01408427581191063, 0.009666645899415016, 0.005235594697296619, 0.003767543938010931, 0.0024898911360651255, 0.0029391502030193806, 0.00497906468808651, 0.003165158675983548, 0.0011610747314989567, 0.0005409505683928728, 0.0005618624272756279, 0.0005682109040208161, 0.0004682676517404616, 0.0009683240787126124, 0.0012314842315390706, 0.0018668201519176364, 0.0008893879130482674, 0.00044422794599086046, 0.0004205025907140225, 0.0005822917446494102, 0.0004514404572546482, 0.0003682642709463835, 0.0003452207602094859, 0.0002425029088044539, 0.00032781955087557435, 0.0004178902308922261, 0.00015626379172317684, 0.00018179578182753175, 0.000278568739304319, 0.0002546994073782116, 0.0002456152287777513, 0.0005293733556754887, 0.00019321092986501753, 7.788420771248639e-05, 4.5049437176203355e-05, 7.091204315656796e-05, 0.00010001910413848236, 0.00011355751485098153, 0.0001021113057504408, 9.975930151995271e-05, 8.17910477053374e-05, 8.823423559078947e-05, 6.411343201762065e-05, 0.00010107809794135392, 0.00014931934128981084, 7.312747038668022e-05, 9.407135075889528e-05, 9.715890337247401e-05, 5.2564824727596715e-05, 8.484887075610459e-05, 6.258316716412082e-05, 4.260979767423123e-05, 4.383859413792379e-05, 5.594427420874126e-05, 4.743813042296097e-05, 3.67252214346081e-05, 2.4624892830615863e-05, 1.6476142263854854e-05, 1.384055121889105e-05, 1.2259234608791303e-05, 1.3209383723733481e-05, 1.353574771201238e-05, 1.2825437806895934e-05, 1.3589832633442711e-05, 1.0427551387692802e-05, 9.807747119339183e-06, 1.0825680874404497e-05, 1.1522745808179025e-05, 9.446752301300876e-06, 1.231855003425153e-05, 1.3110715372022241e-05, 1.2111167052353267e-05, 1.1838003956654575e-05, 1.1938853276660666e-05, 1.0037070751423016e-05, 8.583567250752822e-06, 8.39611493574921e-06, 9.088570550375152e-06, 1.1450364581833128e-05, 1.0689696864574216e-05, 8.132765287882648e-06, 7.528539299528347e-06, 6.357879101415165e-06, 6.879886768729193e-06, 6.032556939317146e-06, 5.73851821172866e-06, 5.309354946803069e-06, 4.827518296224298e-06, 5.2761038205062505e-06, 5.701062491425546e-06, 4.506939603743376e-06, 4.098878889635671e-06, 4.147558684053365e-06, 5.401695943874074e-06, 4.645351964427391e-06, 4.627557700587204e-06, 3.7612476262438577e-06, 3.015203674294753e-06, 2.2827300654171268e-06, 1.706820739855175e-06, 1.5234822967613582e-06, 1.6120351347126416e-06, 1.5171035556704737e-06, 1.1781188504755846e-06, 1.1980642966591404e-06, 1.0646814416759298e-06, 8.851070560922381e-07, 1.027257667374215e-06, 1.0218161605735077e-06, 9.348784146823164e-07, 7.634695293745608e-07, 6.525336857521324e-07, 5.125418169882323e-07, 3.864956852339674e-07, 2.119051885074441e-07, 6.556139453550713e-08, 1.7611595737321295e-08, 1.0512633125125959e-10, 1.216080430799238e-10, 1.3433820028607713e-11, 8.170990793698873e-12, 8.026375571124067e-12, 7.904060218832942e-12, 7.80716637172052e-12, 7.737100023164079e-12, 7.69381346826803e-12], "lowlevel.mfcc.mean": [-611.4910278320312, 103.5369873046875, 14.35870361328125, 35.839603424072266, 17.14978790283203, 21.230194091796875, 1.4756193161010742, 5.210916996002197, 6.116722583770752, -3.8126518726348877, -5.671116828918457, -2.005335569381714, -4.439088344573975], "lowlevel.spectral_contrast_coeffs.mean": [-0.6509379744529724, -0.764772891998291, -0.7849403619766235, -0.7941727042198181, -0.808068037033081, -0.7391374707221985], "lowlevel.spectral_contrast_coeffs.stdev": [0.07957936078310013, 0.07425587624311447, 0.057623546570539474, 0.04287972301244736, 0.02668152004480362, 0.03784986957907677], "lowlevel.spectral_contrast_valleys.mean": [-6.197556972503662, -6.885441303253174, -7.382859230041504, -7.29182243347168, -7.129324913024902, -9.723746299743652], "lowlevel.spectral_contrast_valleys.stdev": [0.6034533977508545, 0.6771420836448669, 0.6356154680252075, 0.5375665426254272, 0.574616014957428, 0.870948314666748], "rhythm.beats_loudness_band_ratio.mean": [0.7312965989112854, 0.16879154741764069, 0.060249313712120056, 0.03777194395661354, 0.04372214898467064, 0.047265589237213135], "rhythm.beats_loudness_band_ratio.stdev": [0.2020321786403656, 0.1743808537721634, 0.0798683762550354, 0.05146566405892372, 0.032684311270713806, 0.042199958115816116], "tonal.hpcp.mean": [0.27834352850914, 0.1565738469362259, 0.03826863691210747, 0.03373941779136658, 0.034998200833797455, 0.061824336647987366, 0.09963666647672653, 0.10410141199827194, 0.2616008520126343, 0.4107557237148285, 0.22178807854652405, 0.04096514731645584, 0.030177371576428413, 0.03061462752521038, 0.03308381512761116, 0.05046979337930679, 0.046622660011053085, 0.02820514887571335, 0.025019966065883636, 0.029963623732328415, 0.18732838332653046, 0.37031474709510803, 0.2376035451889038, 0.05278939753770828, 0.031089553609490395, 0.027442093938589096, 0.025237983092665672, 0.025109218433499336, 0.02994154393672943, 0.12647570669651031, 0.28369662165641785, 0.2109353244304657, 0.06410587579011917, 0.04608619213104248, 0.04195667430758476, 0.1641344428062439], "tonal.hpcp.stdev": [0.3868294358253479, 0.2317398637533188, 0.12089983373880386, 0.12283793091773987, 0.12688089907169342, 0.16985192894935608, 0.23312236368656158, 0.22680334746837616, 0.2908293604850769, 0.4460664987564087, 0.25659897923469543, 0.10720302909612656, 0.10382138937711716, 0.11853954941034317, 0.10026421397924423, 0.12468128651380539, 0.1209113821387291, 0.08730161935091019, 0.0855892151594162, 0.09247702360153198, 0.20662781596183777, 0.37856826186180115, 0.2609315514564514, 0.13646908104419708, 0.1038261130452156, 0.09927088022232056, 0.08066751062870026, 0.08048516511917114, 0.0958375483751297, 0.18392010033130646, 0.35086944699287415, 0.2708677649497986, 0.16026249527931213, 0.13505886495113373, 0.1321076601743698, 0.2437351495027542], "rhythm.beats_position": [0.4527890980243683, 0.9171881675720215, 1.369977355003357, 1.834376335144043, 2.287165403366089, 2.739954710006714, 3.1927437782287598, 3.6455328464508057, 4.086711883544922, 4.551111221313477, 4.992290019989014, 5.445079326629639, 5.8978681564331055, 6.3506574630737305, 6.780226707458496, 7.233015537261963, 7.685804843902588, 8.150203704833984, 8.60299301147461, 9.055782318115234, 9.49696159362793, 9.961359977722168, 10.414149284362793, 10.866938591003418, 11.308117866516113, 11.749297142028809, 12.202085494995117, 12.654874801635742, 13.107664108276367, 13.560453414916992, 14.013242721557617, 14.466031074523926, 14.907210350036621, 15.359999656677246, 15.801178932189941, 16.25396728515625, 16.706756591796875, 17.1595458984375, 17.600725173950195, 18.05351448059082, 18.506303787231445, 18.970703125, 19.411882400512695, 19.85306167602539, 20.305849075317383, 20.758638381958008, 21.199817657470703, 21.664216995239258, 22.117006301879883, 22.569795608520508, 23.010974884033203, 23.4521541595459, 23.904943466186523, 24.35773277282715, 24.798912048339844, 25.240089416503906, 25.69287872314453, 26.145668029785156, 26.59845733642578, 27.051246643066406, 27.4924259185791, 27.945215225219727, 28.39800453186035, 28.839183807373047, 29.280363082885742, 29.744760513305664, 30.18593978881836], "rhythm.bpm_histogram": [0.0, 0.0, 0.0, 0.0, 0.0, 0.0, 0.0, 0.0, 0.0, 0.0, 0.0, 0.0, 0.0, 0.0, 0.0, 0.0, 0.0, 0.0, 0.0, 0.0, 0.0, 0.0, 0.0, 0.0, 0.0, 0.0, 0.0, 0.0, 0.0, 0.0, 0.0, 0.0, 0.0, 0.0, 0.0, 0.0, 0.0, 0.0, 0.0, 0.0, 0.0, 0.0, 0.0, 0.0, 0.0, 0.0, 0.0, 0.0, 0.0, 0.0, 0.0, 0.0, 0.0, 0.0, 0.0, 0.0, 0.0, 0.0, 0.0, 0.0, 0.0, 0.0, 0.0, 0.0, 0.0, 0.0, 0.0, 0.0, 0.0, 0.0, 0.0, 0.0, 0.0, 0.0, 0.0, 0.0, 0.0, 0.0, 0.0, 0.0, 0.0, 0.0, 0.0, 0.0, 0.0, 0.0, 0.0, 0.0, 0.0, 0.0, 0.0, 0.0, 0.0, 0.0, 0.0, 0.0, 0.0, 0.0, 0.0, 0.0, 0.0, 0.0, 0.0, 0.0, 0.0, 0.0, 0.0, 0.0, 0.0, 0.0, 0.0, 0.0, 0.0, 0.0, 0.0, 0.0, 0.0, 0.0, 0.0, 0.0, 0.0, 0.0, 0.0, 0.0, 0.0, 0.0, 0.0, 0.0, 0.0, 0.12121212482452393, 0.0, 0.0, 0.0, 0.5757575631141663, 0.0, 0.0, 0.28787878155708313, 0.0, 0.0, 0.0, 0.01515151560306549, 0.0, 0.0, 0.0, 0.0, 0.0, 0.0, 0.0, 0.0, 0.0, 0.0, 0.0, 0.0, 0.0, 0.0, 0.0, 0.0, 0.0, 0.0, 0.0, 0.0, 0.0, 0.0, 0.0, 0.0, 0.0, 0.0, 0.0, 0.0, 0.0, 0.0, 0.0, 0.0, 0.0, 0.0, 0.0, 0.0, 0.0, 0.0, 0.0, 0.0, 0.0, 0.0, 0.0, 0.0, 0.0, 0.0, 0.0, 0.0, 0.0, 0.0, 0.0, 0.0, 0.0, 0.0, 0.0, 0.0, 0.0, 0.0, 0.0, 0.0, 0.0, 0.0, 0.0, 0.0, 0.0, 0.0, 0.0, 0.0, 0.0, 0.0, 0.0, 0.0, 0.0, 0.0, 0.0, 0.0, 0.0, 0.0, 0.0, 0.0, 0.0, 0.0, 0.0, 0.0, 0.0, 0.0, 0.0, 0.0, 0.0, 0.0, 0.0, 0.0, 0.0, 0.0, 0.0, 0.0, 0.0, 0.0, 0.0, 0.0, 0.0, 0.0, 0.0, 0.0, 0.0, 0.0, 0.0, 0.0, 0.0], "tonal.chords_histogram": [46.212120056152344, 8.333333015441895, 3.939393997192383, 0.0, 0.0, 0.0, 9.242424011230469, 0.0, 0.0, 0.0, 0.0, 0.0, 0.0, 0.0, 0.0, 0.0, 0.0, 3.3333332538604736, 0.0, 0.0, 0.0, 0.0, 0.0, 28.939393997192383], "tonal.thpcp": [1.0, 0.5399512648582458, 0.09973116964101791, 0.0734679251909256, 0.07453244179487228, 0.08054377138614655, 0.12287057936191559, 0.11350458860397339, 0.0686664804816246, 0.060912031680345535, 0.07294754683971405, 0.4560578763484955, 0.9015449285507202, 0.5784546136856079, 0.128517746925354, 0.0756886675953865, 0.0668087899684906, 0.06144280359148979, 0.06112932041287422, 0.07289379835128784, 0.3079097867012024, 0.6906698942184448, 0.5135298371315002, 0.1560681313276291, 0.11219853907823563, 0.10214507579803467, 0.3995913565158844, 0.6776376366615295, 0.38118481636047363, 0.09316641092300415, 0.08213985711336136, 0.08520441502332687, 0.1505136340856552, 0.24256914854049683, 0.2534387409687042, 0.6368769407272339], "lowlevel.gfcc.cov": [[2831.954833984375, -880.8367309570312, 165.26101684570312, -145.97280883789062, -253.578369140625, 51.74317169189453, -81.72579956054688, 196.04420471191406, -44.9049072265625, 270.7967224121094, -193.91790771484375, 196.4556121826172, -141.86270141601562], [-880.8367309570312, 925.0658569335938, -289.4649658203125, 5.720303535461426, 99.8982162475586, -118.35807037353516, 117.23756408691406, -105.66732788085938, 145.86502075195312, -123.72392272949219, 131.30606079101562, -137.9040985107422, 106.46161651611328], [165.26101684570312, -289.4649658203125, 374.5425109863281, 32.23566436767578, 110.5489501953125, 42.57952880859375, -24.941898345947266, 72.03838348388672, -48.20356369018555, 90.39574432373047, -11.854269981384277, 101.72200012207031, -37.34076690673828], [-145.97280883789062, 5.720303535461426, 32.23566436767578, 289.2511291503906, 78.927734375, 71.42274475097656, 4.118632793426514, -11.823149681091309, 15.510591506958008, -66.35797882080078, 59.75661849975586, -36.07649612426758, 69.7153549194336], [-253.578369140625, 99.8982162475586, 110.5489501953125, 78.927734375, 371.114990234375, 57.54045486450195, 90.03435516357422, 47.16836166381836, 0.14705953001976013, 6.771205425262451, 11.462492942810059, 22.045291900634766, 22.789936065673828], [51.74317169189453, -118.35807037353516, 42.57952880859375, 71.42274475097656, 57.54045486450195, 210.3496551513672, 104.54473114013672, 43.71216583251953, -27.06853675842285, -9.2496337890625, -11.052679061889648, 0.35294464230537415, 10.37210750579834], [-81.72579956054688, 117.23756408691406, -24.941898345947266, 4.118632793426514, 90.03435516357422, 104.54473114013672, 209.77671813964844, 52.512428283691406, 19.118305206298828, -8.490973472595215, -11.31700325012207, -1.6332433223724365, 9.221820831298828], [196.04420471191406, -105.66732788085938, 72.03838348388672, -11.823149681091309, 47.16836166381836, 43.71216583251953, 52.512428283691406, 132.33091735839844, 27.6624755859375, 41.545806884765625, -32.678462982177734, 24.017608642578125, -7.41929292678833], [-44.9049072265625, 145.86502075195312, -48.20356369018555, 15.510591506958008, 0.14705953001976013, -27.06853675842285, 19.118305206298828, 27.6624755859375, 125.07321166992188, 29.76829719543457, 29.70648765563965, -32.549156188964844, 14.76478385925293], [270.7967224121094, -123.72392272949219, 90.39574432373047, -66.35797882080078, 6.771205425262451, -9.2496337890625, -8.490973472595215, 41.545806884765625, 29.76829719543457, 145.8270263671875, 1.6211738586425781, 59.43427276611328, -44.65585708618164], [-193.91790771484375, 131.30606079101562, -11.854269981384277, 59.75661849975586, 11.462492942810059, -11.052679061889648, -11.31700325012207, -32.678462982177734, 29.70648765563965, 1.6211738586425781, 111.39787292480469, -8.329551696777344, 29.617765426635742], [196.4556121826172, -137.9040985107422, 101.72200012207031, -36.07649612426758, 22.045291900634766, 0.35294464230537415, -1.6332433223724365, 24.017608642578125, -32.549156188964844, 59.43427276611328, -8.329551696777344, 102.74052429199219, -9.92219352722168], [-141.86270141601562, 106.46161651611328, -37.34076690673828, 69.7153549194336, 22.789936065673828, 10.37210750579834, 9.221820831298828, -7.41929292678833, 14.76478385925293, -44.65585708618164, 29.617765426635742, -9.92219352722168, 92.11453247070312]], "lowlevel.gfcc.icov": [[0.0006964904023334384, 0.00020236124692019075, 0.00047179069952107966, -0.00043304552673362195, 0.0004480369098018855, -9.235249308403581e-05, 0.00022789159265812486, -0.000706561841070652, 0.00011829812137875706, -0.0010006349766626954, 0.0008527274476364255, -0.0008916131337173283, 0.000303308799630031], [0.00020236124692019075, 0.005736887454986572, 0.0005779010825790465, 0.0029060328379273415, -0.0020352096762508154, 0.0035962918773293495, -0.004474806133657694, 0.003629619488492608, -0.004437678027898073, 0.0029532669577747583, -0.004397265147417784, 0.003456024220213294, -0.0035158388782292604], [0.00047179069952107966, 0.0005779010825790465, 0.005999615881592035, -0.0017324223881587386, -0.0010997307254001498, -0.0003321784024592489, 0.001549784792587161, -0.0026202250737696886, 0.001562328776344657, -0.00213568820618093, -4.5232933189254254e-05, -0.003875252790749073, 0.00205655163154006], [-0.00043304552673362195, 0.0029060328379273415, -0.0017324223881587386, 0.008441860787570477, -0.00225259130820632, -0.0006270117592066526, -0.0011023541446775198, 0.003099058521911502, -0.004303740803152323, 0.005177109036594629, -0.005282223224639893, 0.003900509560480714, -0.0048108757473528385], [0.0004480369098018855, -0.0020352096762508154, -0.0010997307254001498, -0.00225259130820632, 0.004805791191756725, -0.0008084929431788623, -9.419065463589504e-05, -0.0022232807241380215, 0.002187331672757864, -0.0021084765903651714, 0.0021475462708622217, -0.0016373246908187866, 0.0007940081995911896], [-9.235249308403581e-05, 0.0035962918773293495, -0.0003321784024592489, -0.0006270117592066526, -0.0008084929431788623, 0.011046556755900383, -0.00750560499727726, 0.0007448635878972709, 0.0012853454099968076, 0.00014950607146602124, -0.002666355110704899, 0.004773888736963272, -0.002953185932710767], [0.00022789159265812486, -0.004474806133657694, 0.001549784792587161, -0.0011023541446775198, -9.419065463589504e-05, -0.00750560499727726, 0.012486586347222328, -0.005129988770931959, 0.0010933310259133577, -0.0008633684483356774, 0.0037614700850099325, -0.005401586648076773, 0.0038053926546126604], [-0.000706561841070652, 0.003629619488492608, -0.0026202250737696886, 0.003099058521911502, -0.0022232807241380215, 0.0007448635878972709, -0.005129988770931959, 0.016269875690340996, -0.008040051907300949, 0.0020788880065083504, 0.00045957736438140273, 0.0023967353627085686, -0.0039935968816280365], [0.00011829812137875706, -0.004437678027898073, 0.001562328776344657, -0.004303740803152323, 0.002187331672757864, 0.0012853454099968076, 0.0010933310259133577, -0.008040051907300949, 0.01980779320001602, -0.010632160119712353, 0.0008804284152574837, 0.0046455166302621365, -0.0003532957925926894], [-0.0010006349766626954, 0.0029532669577747583, -0.00213568820618093, 0.005177109036594629, -0.0021084765903651714, 0.00014950607146602124, -0.0008633684483356774, 0.0020788880065083504, -0.010632160119712353, 0.01994524709880352, -0.006351695396006107, -0.005285975988954306, 0.003866715356707573], [0.0008527274476364255, -0.004397265147417784, -4.5232933189254254e-05, -0.005282223224639893, 0.0021475462708622217, -0.002666355110704899, 0.0037614700850099325, 0.00045957736438140273, 0.0008804284152574837, -0.006351695396006107, 0.01794244349002838, -0.00440123351290822, 0.0003407055337447673], [-0.0008916131337173283, 0.003456024220213294, -0.003875252790749073, 0.003900509560480714, -0.0016373246908187866, 0.004773888736963272, -0.005401586648076773, 0.0023967353627085686, 0.0046455166302621365, -0.005285975988954306, -0.00440123351290822, 0.02431822381913662, -0.00856164749711752], [0.000303308799630031, -0.0035158388782292604, 0.00205655163154006, -0.0048108757473528385, 0.0007940081995911896, -0.002953185932710767, 0.0038053926546126604, -0.0039935968816280365, -0.0003532957925926894, 0.003866715356707573, 0.0003407055337447673, -0.00856164749711752, 0.020194152370095253]], "lowlevel.mfcc.cov": [[2666.931640625, -628.3749389648438, 122.50125885009766, -178.49966430664062, -215.84100341796875, -72.1546401977539, -128.96664428710938, -29.978490829467773, 51.50393295288086, 37.87156295776367, 78.3189697265625, -2.6942145824432373, -23.775732040405273], [-628.3749389648438, 755.8721313476562, -248.46786499023438, 50.52736282348633, -25.80165672302246, -14.434131622314453, -15.834582328796387, -0.6311003565788269, 28.406511306762695, -0.6389142870903015, 46.803165435791016, 26.980266571044922, 26.37006378173828], [122.50125885009766, -248.46786499023438, 260.9858703613281, -4.9675116539001465, 20.871891021728516, -3.4259681701660156, 0.2879909873008728, -11.868884086608887, -28.46197509765625, -8.597023963928223, -10.840184211730957, 12.85743522644043, 22.291471481323242], [-178.49966430664062, 50.52736282348633, -4.9675116539001465, 201.3486328125, 123.93051147460938, 21.669679641723633, 27.414918899536133, 19.63823890686035, 4.345947742462158, 15.518465995788574, -32.93629455566406, 6.713901519775391, 36.72563171386719], [-215.84100341796875, -25.80165672302246, 20.871891021728516, 123.93051147460938, 256.27056884765625, 36.620418548583984, 62.944522857666016, 14.141369819641113, 8.642696380615234, 26.945457458496094, -41.66240310668945, 14.459526062011719, 37.5879020690918], [-72.1546401977539, -14.434131622314453, -3.4259681701660156, 21.669679641723633, 36.620418548583984, 157.83029174804688, 101.1689682006836, 52.33583068847656, 24.263072967529297, 11.287247657775879, 4.242743492126465, 10.602701187133789, -1.1962133646011353], [-128.96664428710938, -15.834582328796387, 0.2879909873008728, 27.414918899536133, 62.944522857666016, 101.1689682006836, 192.15792846679688, 99.40458679199219, 39.69769287109375, 30.425371170043945, -9.498271942138672, -5.953476905822754, 3.1729631423950195], [-29.978490829467773, -0.6311003565788269, -11.868884086608887, 19.63823890686035, 14.141369819641113, 52.33583068847656, 99.40458679199219, 131.47427368164062, 68.39582061767578, 36.934059143066406, -3.5543482303619385, -15.753928184509277, -9.374471664428711], [51.50393295288086, 28.406511306762695, -28.46197509765625, 4.345947742462158, 8.642696380615234, 24.263072967529297, 39.69769287109375, 68.39582061767578, 126.70921325683594, 58.865135192871094, 15.365523338317871, -0.2016162872314453, 0.13352316617965698], [37.87156295776367, -0.6389142870903015, -8.597023963928223, 15.518465995788574, 26.945457458496094, 11.287247657775879, 30.425371170043945, 36.934059143066406, 58.865135192871094, 88.93119049072266, 33.455020904541016, 4.125077247619629, -0.8163621425628662], [78.3189697265625, 46.803165435791016, -10.840184211730957, -32.93629455566406, -41.66240310668945, 4.242743492126465, -9.498271942138672, -3.5543482303619385, 15.365523338317871, 33.455020904541016, 107.36715698242188, 41.67898178100586, 5.669893264770508], [-2.6942145824432373, 26.980266571044922, 12.85743522644043, 6.713901519775391, 14.459526062011719, 10.602701187133789, -5.953476905822754, -15.753928184509277, -0.2016162872314453, 4.125077247619629, 41.67898178100586, 76.46967315673828, 32.61381530761719], [-23.775732040405273, 26.37006378173828, 22.291471481323242, 36.72563171386719, 37.5879020690918, -1.1962133646011353, 3.1729631423950195, -9.374471664428711, 0.13352316617965698, -0.8163621425628662, 5.669893264770508, 32.61381530761719, 72.96892547607422]], "lowlevel.mfcc.icov": [[0.0005900725373066962, 0.0006513433181680739, 0.0002800616784952581, 6.94036643835716e-05, 0.00042579349246807396, 7.703873416176066e-05, 0.0003308327868580818, 2.727991341089364e-05, -0.00039706312236376107, -9.181063069263473e-05, -0.0003899666480720043, 6.062005559215322e-05, -0.0003896572161465883], [0.0006513433181680739, 0.002914998447522521, 0.002421127399429679, -0.0006581445340998471, 0.0008017161744646728, 0.0004632097261492163, 0.00021974497940391302, 8.085299486992881e-05, -0.0007634676294401288, 0.0006825735908932984, -0.0013212626799941063, -0.00024429752374999225, -0.0014332705177366734], [0.0002800616784952581, 0.002421127399429679, 0.0063211917877197266, 7.293402450159192e-05, 0.00022987571719568223, 0.0003974935971200466, 9.45789142861031e-05, -0.00035606417804956436, 0.0008463349076919258, 1.3222942470747512e-05, -0.00016317778499796987, -0.0009266870329156518, -0.0024877863470464945], [6.94036643835716e-05, -0.0006581445340998471, 7.293402450159192e-05, 0.008243611082434654, -0.0032526443246752024, -0.0009003675659187138, 0.001566310878843069, -0.0020743701606988907, 0.001478445017710328, -0.0018339719390496612, 0.002085672691464424, 9.950133971869946e-05, -0.0028144908137619495], [0.00042579349246807396, 0.0008017161744646728, 0.00022987571719568223, -0.0032526443246752024, 0.007379140704870224, -0.00011061382974730805, -0.001975247636437416, 0.0019671230111271143, -0.0001350847742287442, -0.002859994536265731, 0.002864984329789877, -0.001945792231708765, -0.0014331908896565437], [7.703873416176066e-05, 0.0004632097261492163, 0.0003974935971200466, -0.0009003675659187138, -0.00011061382974730805, 0.010235180146992207, -0.005405533127486706, 5.816663906443864e-05, -0.0011011020978912711, 0.0019936198368668556, -0.0011184148024767637, -0.0022041259799152613, 0.0017530950717628002], [0.0003308327868580818, 0.00021974497940391302, 9.45789142861031e-05, 0.001566310878843069, -0.001975247636437416, -0.005405533127486706, 0.01282663457095623, -0.008075513876974583, 0.0020527576562017202, -0.0017484411364421248, 0.0004705097817350179, 0.0008995399693958461, -0.0019171236781403422], [2.727991341089364e-05, 8.085299486992881e-05, -0.00035606417804956436, -0.0020743701606988907, 0.0019671230111271143, 5.816663906443864e-05, -0.008075513876974583, 0.018000569194555283, -0.007221256382763386, -0.00036416007787920535, 0.000180513015948236, 0.0020152439828962088, 0.001878245617263019], [-0.00039706312236376107, -0.0007634676294401288, 0.0008463349076919258, 0.001478445017710328, -0.0001350847742287442, -0.0011011020978912711, 0.0020527576562017202, -0.007221256382763386, 0.015576688572764397, -0.00858011469244957, 0.0020471210591495037, -0.0010877542663365602, -0.0016189701855182648], [-9.181063069263473e-05, 0.0006825735908932984, 1.3222942470747512e-05, -0.0018339719390496612, -0.002859994536265731, 0.0019936198368668556, -0.0017484411364421248, -0.00036416007787920535, -0.00858011469244957, 0.021903231739997864, -0.008947504684329033, 0.002846730872988701, 0.0018612281419336796], [-0.0003899666480720043, -0.0013212626799941063, -0.00016317778499796987, 0.002085672691464424, 0.002864984329789877, -0.0011184148024767637, 0.0004705097817350179, 0.000180513015948236, 0.0020471210591495037, -0.008947504684329033, 0.018255148082971573, -0.009779717773199081, 0.0007078901398926973], [6.062005559215322e-05, -0.00024429752374999225, -0.0009266870329156518, 9.950133971869946e-05, -0.001945792231708765, -0.0022041259799152613, 0.0008995399693958461, 0.0020152439828962088, -0.0010877542663365602, 0.002846730872988701, -0.009779717773199081, 0.023049000650644302, -0.007981082424521446], [-0.0003896572161465883, -0.0014332705177366734, -0.0024877863470464945, -0.0028144908137619495, -0.0014331908896565437, 0.0017530950717628002, -0.0019171236781403422, 0.001878245617263019, -0.0016189701855182648, 0.0018612281419336796, 0.0007078901398926973, -0.007981082424521446, 0.02089965157210827]], "metadata.audio_properties.analysis.downmix": "mix", "metadata.audio_properties.codec": "mp3", "metadata.audio_properties.md5_encoded": "35cfa76aab9fa68ceb2fa44a2dcb4856", "metadata.tags.file_name": "1182268350110388265.mp3", "metadata.version.essentia": "2.1-beta6-dev", "metadata.version.essentia_git_sha": "v2.1_beta5-1110-g77a6a954", "metadata.version.extractor": "music 2.0", "tonal.chords_key": "C", "tonal.chords_scale": "major", "tonal.key_edma.key": "C", "tonal.key_edma.scale": "major", "tonal.key_krumhansl.key": "C", "tonal.key_krumhansl.scale": "major", "tonal.key_temperley.key": "C", "tonal.key_temperley.scale": "major", "metadata.tags.encoding": ["Lavf58.45.100"]}, "essentia_models": [{"model_name": "genre_d