{"song_id": "1182254132095098892", "download": "https://cdn.discordapp.com/attachments/1135911532732108921/1182254132095098892/chirp.mp4?ex=658406f6&amp", "lyrics": "Get down and get silly,\nWith Babs, Nick and Lilly,\nGet down,\nGet Silly,\nWith Babs, Nick and Lilly", "style": ["reggae"], "essentia_features": {"lowlevel.average_loudness": 0.984595537185669, "lowlevel.barkbands_crest.mean": 16.410934448242188, "lowlevel.barkbands_crest.stdev": 4.315420627593994, "lowlevel.barkbands_flatness_db.mean": 0.14652523398399353, "lowlevel.barkbands_flatness_db.stdev": 0.03836100548505783, "lowlevel.barkbands_kurtosis.mean": 5.095970630645752, "lowlevel.barkbands_kurtosis.stdev": 6.0648579597473145, "lowlevel.barkbands_skewness.mean": 2.2065694332122803, "lowlevel.barkbands_skewness.stdev": 1.0820562839508057, "lowlevel.barkbands_spread.mean": 24.671701431274414, "lowlevel.barkbands_spread.stdev": 10.024805068969727, "lowlevel.dissonance.mean": 0.4878343343734741, "lowlevel.dissonance.stdev": 0.011299860663712025, "lowlevel.dynamic_complexity": 1.3312416076660156, "lowlevel.erbbands_crest.mean": 7.122399806976318, "lowlevel.erbbands_crest.stdev": 3.330988645553589, "lowlevel.erbbands_flatness_db.mean": 0.13564510643482208, "lowlevel.erbbands_flatness_db.stdev": 0.026177173480391502, "lowlevel.erbbands_kurtosis.mean": 0.518990159034729, "lowlevel.erbbands_kurtosis.stdev": 1.0462863445281982, "lowlevel.erbbands_skewness.mean": -0.46547731757164, "lowlevel.erbbands_skewness.stdev": 0.6311476230621338, "lowlevel.erbbands_spread.mean": 42.32083511352539, "lowlevel.erbbands_spread.stdev": 14.324740409851074, "lowlevel.hfc.mean": 31.71242904663086, "lowlevel.hfc.stdev": 14.412078857421875, "lowlevel.loudness_ebu128.integrated": -10.653443336486816, "lowlevel.loudness_ebu128.loudness_range": 0.6057004928588867, "lowlevel.loudness_ebu128.momentary.mean": -10.689277648925781, "lowlevel.loudness_ebu128.momentary.stdev": 0.5941763520240784, "lowlevel.loudness_ebu128.short_term.mean": -10.640759468078613, "lowlevel.loudness_ebu128.short_term.stdev": 0.20491638779640198, "lowlevel.melbands_crest.mean": 19.809104919433594, "lowlevel.melbands_crest.stdev": 4.14951753616333, "lowlevel.melbands_flatness_db.mean": 0.2238190919160843, "lowlevel.melbands_flatness_db.stdev": 0.04687577113509178, "lowlevel.melbands_kurtosis.mean": 26.111244201660156, "lowlevel.melbands_kurtosis.stdev": 24.15706443786621, "lowlevel.melbands_skewness.mean": 4.400059223175049, "lowlevel.melbands_skewness.stdev": 2.0033466815948486, "lowlevel.melbands_spread.mean": 17.78093147277832, "lowlevel.melbands_spread.stdev": 12.591769218444824, "lowlevel.pitch_salience.mean": 0.3881088197231293, "lowlevel.pitch_salience.stdev": 0.12768301367759705, "lowlevel.silence_rate_20dB.mean": 1.0, "lowlevel.silence_rate_20dB.stdev": 0.0, "lowlevel.silence_rate_30dB.mean": 0.9385150671005249, "lowlevel.silence_rate_30dB.stdev": 0.24021902680397034, "lowlevel.silence_rate_60dB.mean": 0.008120649494230747, "lowlevel.silence_rate_60dB.stdev": 0.08974722772836685, "lowlevel.spectral_centroid.mean": 1904.3173828125, "lowlevel.spectral_centroid.stdev": 778.4774169921875, "lowlevel.spectral_complexity.mean": 34.515663146972656, "lowlevel.spectral_complexity.stdev": 6.657001972198486, "lowlevel.spectral_decrease.mean": -1.7673418284402942e-08, "lowlevel.spectral_decrease.stdev": 7.515009059488875e-09, "lowlevel.spectral_energy.mean": 0.06957987695932388, "lowlevel.spectral_energy.stdev": 0.028815975412726402, "lowlevel.spectral_energyband_high.mean": 0.0014651571400463581, "lowlevel.spectral_energyband_high.stdev": 0.0014515744987875223, "lowlevel.spectral_energyband_low.mean": 0.05072379484772682, "lowlevel.spectral_energyband_low.stdev": 0.028408410027623177, "lowlevel.spectral_energyband_middle_high.mean": 0.007571520749479532, "lowlevel.spectral_energyband_middle_high.stdev": 0.00381298060528934, "lowlevel.spectral_energyband_middle_low.mean": 0.009709250181913376, "lowlevel.spectral_energyband_middle_low.stdev": 0.014109976589679718, "lowlevel.spectral_entropy.mean": 7.960812091827393, "lowlevel.spectral_entropy.stdev": 0.22540125250816345, "lowlevel.spectral_flux.mean": 0.14424371719360352, "lowlevel.spectral_flux.stdev": 0.05545326694846153, "lowlevel.spectral_kurtosis.mean": 3.1564905643463135, "lowlevel.spectral_kurtosis.stdev": 1.4178756475448608, "lowlevel.spectral_rms.mean": 0.008043610490858555, "lowlevel.spectral_rms.stdev": 0.0017841198714450002, "lowlevel.spectral_rolloff.mean": 884.4942626953125, "lowlevel.spectral_rolloff.stdev": 1570.5386962890625, "lowlevel.spectral_skewness.mean": 1.180843472480774, "lowlevel.spectral_skewness.stdev": 0.2365109771490097, "lowlevel.spectral_spread.mean": 4453451.5, "lowlevel.spectral_spread.stdev": 2794878.75, "lowlevel.spectral_strongpeak.mean": 0.6317341923713684, "lowlevel.spectral_strongpeak.stdev": 0.35043802857398987, "lowlevel.zerocrossingrate.mean": 0.046301186084747314, "lowlevel.zerocrossingrate.stdev": 0.04282047972083092, "metadata.audio_properties.analysis.equal_loudness": 0.0, "metadata.audio_properties.analysis.length": 39.999977111816406, "metadata.audio_properties.analysis.sample_rate": 44100.0, "metadata.audio_properties.analysis.start_time": 0.0, "metadata.audio_properties.bit_rate": 127271.0, "metadata.audio_properties.length": 40.0, "metadata.audio_properties.lossless": 0.0, "metadata.audio_properties.number_channels": 1.0, "metadata.audio_properties.replay_gain": -13.556631088256836, "metadata.audio_properties.sample_rate": 48000.0, "rhythm.beats_count": 82.0, "rhythm.beats_loudness.mean": 0.07353103160858154, "rhythm.beats_loudness.stdev": 0.02292758785188198, "rhythm.bpm": 123.0177001953125, "rhythm.bpm_histogram_first_peak_bpm": 123.0, "rhythm.bpm_histogram_first_peak_weight": 0.11392402648925781, "rhythm.bpm_histogram_second_peak_bpm": 133.0, "rhythm.bpm_histogram_second_peak_spread": 0.0, "rhythm.bpm_histogram_second_peak_weight": 0.02469135820865631, "rhythm.danceability": 1.7854366302490234, "rhythm.onset_rate": 4.447821617126465, "tonal.chords_changes_rate": 0.08574739098548889, "tonal.chords_number_rate": 0.005793742835521698, "tonal.chords_strength.mean": 0.5407330393791199, "tonal.chords_strength.stdev": 0.06635718792676926, "tonal.hpcp_crest.mean": 10.791492462158203, "tonal.hpcp_crest.stdev": 5.692204475402832, "tonal.hpcp_entropy.mean": 2.6016154289245605, "tonal.hpcp_entropy.stdev": 0.8947793245315552, "tonal.key_edma.strength": 0.7128898501396179, "tonal.key_krumhansl.strength": 0.7063069343566895, "tonal.key_temperley.strength": 0.6862990856170654, "tonal.tuning_diatonic_strength": 0.5139595866203308, "tonal.tuning_equal_tempered_deviation": 0.25000327825546265, "tonal.tuning_frequency": 445.112548828125, "tonal.tuning_nontempered_energy_ratio": 0.8591117858886719, "lowlevel.barkbands.mean": [0.0012180432677268982, 0.04265597090125084, 0.007008899934589863, 0.0011394566390663385, 0.002953816205263138, 0.0003482501779217273, 0.0017865787958726287, 0.001923468429595232, 0.0014661503955721855, 0.000242472073296085, 0.0004310620133765042, 0.001482787891291082, 0.0011491053737699986, 0.0005686438526026905, 0.000533023732714355, 0.001082350150682032, 0.0006917144637554884, 0.0004676109238062054, 0.000760359107516706, 0.0003710328019224107, 0.00036640523467212915, 0.0003374021325726062, 0.00024763308465480804, 0.00022669519239570946, 9.440828580409288e-05, 2.5660614483058453e-05, 9.517179933027364e-07], "lowlevel.barkbands.stdev": [0.0009549391106702387, 0.027017779648303986, 0.006092687603086233, 0.0017800135537981987, 0.010601207613945007, 0.0006464660982601345, 0.004110139328986406, 0.004186633508652449, 0.0032415410969406366, 0.0003432441153563559, 0.0007991663296706975, 0.002489019650965929, 0.0014370762510225177, 0.0006143288919702172, 0.0003576138988137245, 0.0005770198768004775, 0.0003601970383897424, 0.00024004180158954114, 0.0003350599727127701, 0.0002186555357184261, 0.0003181947104167193, 0.00037424644688144326, 0.0003130460681859404, 0.0004044345405418426, 0.0001575970818521455, 3.52284187101759e-05, 1.629126927582547e-06], "lowlevel.erbbands.mean": [0.8252910375595093, 10.52081298828125, 13.846779823303223, 4.186158657073975, 8.82124137878418, 9.634773254394531, 2.807098388671875, 3.343594551086426, 13.553884506225586, 46.521514892578125, 36.76802444458008, 37.57618713378906, 12.916847229003906, 9.264074325561523, 29.728174209594727, 62.00016403198242, 54.91789245605469, 35.35105895996094, 27.23496437072754, 36.06621551513672, 62.91501998901367, 38.80552673339844, 24.308626174926758, 40.010196685791016, 29.937856674194336, 17.55477523803711, 14.860333442687988, 14.257479667663574, 12.94713306427002, 8.685324668884277, 6.8235955238342285, 5.3522467613220215, 3.354098320007324, 1.4154846668243408, 0.4812161326408386, 0.1631292700767517, 0.03734835237264633, 0.004467644263058901, 0.00017580916755832732, 8.601656736573204e-05], "lowlevel.erbbands.stdev": [0.8372584581375122, 6.324778079986572, 8.70704460144043, 4.3072710037231445, 28.48408317565918, 34.75675582885742, 6.835262775421143, 6.146878242492676, 31.65983772277832, 98.19123077392578, 76.15452575683594, 85.96377563476562, 21.81402015686035, 14.000299453735352, 54.182647705078125, 97.57369232177734, 63.37752151489258, 38.057559967041016, 20.433561325073242, 20.52116584777832, 32.662353515625, 17.85247230529785, 11.87004566192627, 18.627700805664062, 13.780482292175293, 10.090741157531738, 11.96265697479248, 13.310511589050293, 14.135763168334961, 10.414661407470703, 8.80992317199707, 8.484453201293945, 6.704108715057373, 2.5415985584259033, 0.7171086072921753, 0.23161616921424866, 0.05048760399222374, 0.00592297175899148, 0.0002577888371888548, 3.476911297184415e-05], "lowlevel.gfcc.mean": [41.81620407104492, 76.28166961669922, -123.44853973388672, 60.394283294677734, -33.7435417175293, 38.03558349609375, -20.47795295715332, 23.108997344970703, -10.441629409790039, 10.956245422363281, -9.638736724853516, -1.8429232835769653, -17.66282081604004], "lowlevel.melbands.mean": [0.00988707784563303, 0.009764543734490871, 0.0008812531596049666, 0.0007600244716741145, 0.00013498477346729487, 7.617796654812992e-05, 0.00024993231636472046, 0.0005100715789012611, 0.00028324269806034863, 0.00022402394097298384, 5.6400236644549295e-05, 3.268675209255889e-05, 7.541603554273024e-05, 0.00016171492461580783, 0.000139026073156856, 0.00011116104724351317, 5.921249612583779e-05, 4.3126627133460715e-05, 3.960044341511093e-05, 6.0659644077531993e-05, 7.676144741708413e-05, 4.3017498683184385e-05, 2.3434686227119528e-05, 2.1831187041243538e-05, 3.430942524573766e-05, 2.61076584138209e-05, 1.6016168956412002e-05, 1.0401888175692875e-05, 8.843197065289132e-06, 9.183238944387995e-06, 7.94964944361709e-06, 7.87724093243014e-06, 5.532041086553363e-06, 4.567673840938369e-06, 3.917880803783191e-06, 3.6376052321429597e-06, 3.173382083332399e-06, 2.6381212592241354e-06, 1.5946751545925508e-06, 1.0335648994441726e-06], "lowlevel.melbands.stdev": [0.007483332883566618, 0.005170266143977642, 0.0012661101063713431, 0.0026996699161827564, 0.00037940824404358864, 0.0001535692426841706, 0.0005796004552394152, 0.001044080825522542, 0.0005756191676482558, 0.0005348366103135049, 9.914644033415243e-05, 5.1798924687318504e-05, 0.00014192114758770913, 0.0002896251389756799, 0.00018427273607812822, 0.0001461205683881417, 6.720804231008515e-05, 3.608128099585883e-05, 2.662346560100559e-05, 3.5032597224926576e-05, 4.315937258070335e-05, 2.2427211661124602e-05, 1.3648603271576576e-05, 1.1572113180591259e-05, 1.722654815239366e-05, 1.2852826330345124e-05, 8.729293767828494e-06, 6.806991677876795e-06, 7.2310754148929846e-06, 8.569981218897738e-06, 7.88542274676729e-06, 8.696371878613718e-06, 6.805010798416333e-06, 5.620559022645466e-06, 5.018648153054528e-06, 5.471712938742712e-06, 5.334198704076698e-06, 5.504204182216199e-06, 3.0790947675995994e-06, 1.8439938003211864e-06], "lowlevel.melbands128.mean": [0.0005847275024279952, 0.004646566230803728, 0.013905850239098072, 0.01969052292406559, 0.010514178313314915, 0.0024660350754857063, 0.0006079559680074453, 0.0006249615689739585, 0.0008907088777050376, 0.0010672305943444371, 0.0004630558250937611, 0.00014718946476932615, 6.932160613359883e-05, 7.082069350872189e-05, 6.0261190810706466e-05, 7.706242467975244e-05, 0.0001391881814925, 0.00021639082115143538, 0.0004525855474639684, 0.0006329418392851949, 0.000484456802951172, 0.00033736505429260433, 0.0002422822144581005, 0.00023552709899377078, 0.0002986605104524642, 0.00021084041509311646, 7.544122490799055e-05, 4.464814264792949e-05, 3.236415795981884e-05, 2.6588830223772675e-05, 3.364495205460116e-05, 4.144971171626821e-05, 6.769203173462301e-05, 0.00010266362369293347, 0.00013986254634801298, 0.00019006671209353954, 0.00018616173474583775, 0.00012825854355469346, 0.00011354182788636535, 0.00013329365174286067, 0.00011469214950921014, 7.78866233304143e-05, 5.5928248912096024e-05, 5.402748502092436e-05, 4.353129043010995e-05, 4.056559191667475e-05, 4.3858228309545666e-05, 3.310191095806658e-05, 4.022384382551536e-05, 5.12201659148559e-05, 5.5391661589965224e-05, 8.24949165689759e-05, 7.847575761843473e-05, 8.31560610095039e-05, 5.356600377126597e-05, 3.936162465834059e-05, 3.444825779297389e-05, 2.3199858333100565e-05, 2.127494735759683e-05, 1.8706705304794014e-05, 1.9106786567135714e-05, 2.4863951693987474e-05, 3.49092879332602e-05, 3.844085949822329e-05, 3.17358790198341e-05, 2.8007429136778228e-05, 2.097344258800149e-05, 1.740708466968499e-05, 1.5363737475126982e-05, 1.3742973351327237e-05, 1.0340412700315937e-05, 8.135894859151449e-06, 9.239355676982086e-06, 8.626626367913559e-06, 9.086528734769672e-06, 9.877396223600954e-06, 8.873573278833646e-06, 8.170413821062539e-06, 7.660241863050032e-06, 7.777905921102501e-06, 8.62634442455601e-06, 7.949744940560777e-06, 6.261598173296079e-06, 5.252429673419101e-06, 4.9291229515802115e-06, 4.667142093239818e-06, 4.417139734869124e-06, 4.375365278974641e-06, 3.645624474302167e-06, 3.927327725250507e-06, 3.6784695112146437e-06, 3.7330978557292838e-06, 3.325433453937876e-06, 3.0269754915934755e-06, 3.086011702180258e-06, 3.28106943925377e-06, 2.4581152047176147e-06, 1.9137423805659637e-06, 1.5899614709269372e-06, 1.4573997759725899e-06, 1.2946335345986881e-06, 9.130330909101758e-07, 8.085174840744003e-07, 6.769999458811071e-07, 4.798242230208416e-07, 4.0622370534038055e-07, 3.8013837411199347e-07, 3.5561245681492437e-07, 2.738126738677238e-07, 2.0557122581976728e-07, 1.8200729812178906e-07, 1.4086809585478477e-07, 1.0681772266707412e-07, 7.68072609957926e-08, 5.7667307373776566e-08, 4.057877589502823e-08, 2.6467965597021248e-08, 1.2108725577775203e-08, 2.3464088449998144e-09, 7.700976523139502e-10, 3.7059155744145755e-10, 1.075343217249447e-10, 3.382575816668343e-11, 3.134347989486308e-11, 2.8762410855809328e-11, 2.4279573143659583e-11, 2.2040567287939794e-11, 2.1135060715438136e-11], "lowlevel.melbands128.stdev": [0.0008023763075470924, 0.00650993874296546, 0.012586082331836224, 0.011090307496488094, 0.006255375221371651, 0.002259783213958144, 0.0007627858431078494, 0.0010919019114226103, 0.003130720229819417, 0.004083639942109585, 0.0017162053845822811, 0.00044406784581951797, 0.00017662653408478945, 0.00013504904927685857, 0.00010752090747701004, 0.00022298605472315103, 0.0004950750735588372, 0.000634976546280086, 0.0013072872534394264, 0.0015500499866902828, 0.0012697967467829585, 0.0010091445874422789, 0.0006880418513901532, 0.0005926982848905027, 0.0008256150176748633, 0.0006656512268818915, 0.0001759184233378619, 8.937240636441857e-05, 5.7629320508567616e-05, 3.914025364792906e-05, 6.717750511597842e-05, 0.00010463393846293911, 0.0001471013092668727, 0.00021979848679620773, 0.00038758167647756636, 0.00039386292337439954, 0.000397844793042168, 0.00022294388327281922, 0.00017424696125090122, 0.00021801920956932008, 0.00021168730745557696, 0.0001297659327974543, 7.869162800488994e-05, 7.729934441158548e-05, 5.023405174142681e-05, 4.145649290876463e-05, 4.254405212122947e-05, 3.159831612720154e-05, 3.785705121117644e-05, 4.35680485679768e-05, 4.684455052483827e-05, 6.55323383398354e-05, 6.397060496965423e-05, 6.689405563520268e-05, 4.3752817873610184e-05, 2.844122536771465e-05, 2.5502051357761957e-05, 1.8710759832174517e-05, 1.6475218217237853e-05, 1.4442378414969426e-05, 1.4222927347873338e-05, 1.793031333363615e-05, 2.550571116444189e-05, 2.5840588932624087e-05, 1.9419474483584054e-05, 1.9008368326467462e-05, 1.5072838323249016e-05, 1.2423952284734696e-05, 1.100334611692233e-05, 9.662834600021597e-06, 9.01669955055695e-06, 7.101963092281949e-06, 8.32297791930614e-06, 8.454162525595166e-06, 9.090008461498655e-06, 1.065576452674577e-05, 9.723406947159674e-06, 8.96946858119918e-06, 8.631726814201102e-06, 9.087003491003998e-06, 1.0707044566515833e-05, 1.0269094673276413e-05, 7.925176760181785e-06, 7.1736794780008495e-06, 7.19859053788241e-06, 6.311357992672129e-06, 5.941868948866613e-06, 5.989094006508822e-06, 5.101918304717401e-06, 5.514258646144299e-06, 5.884850452275714e-06, 6.342892902466701e-06, 5.498894552147249e-06, 5.205128672969295e-06, 5.705210242012981e-06, 7.324267699004849e-06, 5.533071544050472e-06, 4.023158453492215e-06, 3.286524588475004e-06, 2.9238774459372507e-06, 2.392900569248013e-06, 1.7883759255710174e-06, 1.4911689731889055e-06, 1.123286551774072e-06, 7.277485565282404e-07, 6.141603421383479e-07, 5.881605034119275e-07, 5.344241458260512e-07, 4.4137468080407416e-07, 3.0125616490295215e-07, 2.694196723496134e-07, 1.9642988036139286e-07, 1.5568515721042786e-07, 1.1852552006530459e-07, 7.916892741377524e-08, 5.832617588907851e-08, 4.133461217747936e-08, 2.38980693012536e-08, 8.24772339313995e-09, 1.1203354688404943e-08, 4.143907439413397e-09, 1.1782966824469554e-09, 5.655185209008096e-10, 5.270256453471234e-10, 5.492621912850382e-10, 5.60813118166692e-10, 5.651057399802539e-10, 5.439826922248869e-10], "lowlevel.mfcc.mean": [-589.3360595703125, 94.68965148925781, -11.126240730285645, 34.00680923461914, 19.13419532775879, 23.690502166748047, 13.786542892456055, 17.617441177368164, 9.656305313110352, 13.963997840881348, 12.903534889221191, 15.107709884643555, 8.985501289367676], "lowlevel.spectral_contrast_coeffs.mean": [-0.6924140453338623, -0.7670849561691284, -0.8005217909812927, -0.806420624256134, -0.7993354797363281, -0.7169055342674255], "lowlevel.spectral_contrast_coeffs.stdev": [0.0599568709731102, 0.08888575434684753, 0.051221199333667755, 0.03234810754656792, 0.024101341143250465, 0.04176592826843262], "lowlevel.spectral_contrast_valleys.mean": [-6.599112510681152, -6.790768146514893, -6.970180511474609, -6.722063064575195, -6.727762699127197, -9.882192611694336], "lowlevel.spectral_contrast_valleys.stdev": [1.6773996353149414, 1.6694929599761963, 1.623397946357727, 1.5991203784942627, 1.5988805294036865, 1.5430902242660522], "rhythm.beats_loudness_band_ratio.mean": [0.7195005416870117, 0.07177633047103882, 0.07966044545173645, 0.05988344922661781, 0.05713745579123497, 0.04445987194776535], "rhythm.beats_loudness_band_ratio.stdev": [0.1300497204065323, 0.07658205926418304, 0.08048422634601593, 0.04670287296175957, 0.029080873355269432, 0.018447762355208397], "tonal.hpcp.mean": [0.11222724616527557, 0.09814926981925964, 0.08297374844551086, 0.05786476284265518, 0.04687432199716568, 0.058417271822690964, 0.05536704137921333, 0.046219367533922195, 0.04412588104605675, 0.04486583173274994, 0.04572166129946709, 0.04249884933233261, 0.036841750144958496, 0.039728980511426926, 0.046503856778144836, 0.05525856092572212, 0.0586090013384819, 0.06674768030643463, 0.08476072549819946, 0.14953045547008514, 0.3701869547367096, 0.49783700704574585, 0.3312339782714844, 0.14686964452266693, 0.07264942675828934, 0.03607591241598129, 0.01960466057062149, 0.02056639827787876, 0.023495104163885117, 0.020519418641924858, 0.018347661942243576, 0.028525996953248978, 0.046073686331510544, 0.07626637816429138, 0.0983373150229454, 0.10799209773540497], "tonal.hpcp.stdev": [0.23624950647354126, 0.2103680819272995, 0.1941937953233719, 0.15895099937915802, 0.1457502543926239, 0.16649973392486572, 0.14583157002925873, 0.13790945708751678, 0.1399305760860443, 0.13354022800922394, 0.1275065690279007, 0.12058557569980621, 0.11000797152519226, 0.1035977154970169, 0.126745343208313, 0.1675301343202591, 0.17414458096027374, 0.1837979555130005, 0.22471264004707336, 0.2731366753578186, 0.39266374707221985, 0.42738834023475647, 0.37332287430763245, 0.2765826880931854, 0.19539467990398407, 0.12128440290689468, 0.07384075224399567, 0.08995382487773895, 0.09981713443994522, 0.08162430673837662, 0.05224189534783363, 0.09182430058717728, 0.12759864330291748, 0.17370620369911194, 0.1993733048439026, 0.2103443294763565], "rhythm.beats_position": [0.42956915497779846, 0.8823582530021667, 1.3351473808288574, 1.8111563920974731, 2.287165403366089, 2.7863945960998535, 3.2740135192871094, 3.7616326808929443, 4.249251842498779, 4.736870765686035, 5.224489688873291, 5.712108612060547, 6.199728012084961, 6.687346935272217, 7.174965858459473, 7.6625847816467285, 8.150203704833984, 8.637823104858398, 9.125441551208496, 9.61306095123291, 10.100680351257324, 10.588298797607422, 11.075918197631836, 11.56353759765625, 12.051156044006348, 12.538775444030762, 13.02639389038086, 13.514013290405273, 14.001632690429688, 14.477641105651855, 14.9768705368042, 15.464489936828613, 15.952108383178711, 16.439727783203125, 16.92734718322754, 17.414966583251953, 17.914194107055664, 18.401813507080078, 18.889432907104492, 19.377052307128906, 19.85306167602539, 20.340679168701172, 20.828298568725586, 21.31591796875, 21.803537368774414, 22.291156768798828, 22.77877426147461, 23.266393661499023, 23.754013061523438, 24.24163246154785, 24.740861892700195, 25.240089416503906, 25.72770881652832, 26.215328216552734, 26.70294761657715, 27.190567016601562, 27.678184509277344, 28.165803909301758, 28.653423309326172, 29.141042709350586, 29.628662109375, 30.116281509399414, 30.603899002075195, 31.09151840209961, 31.579137802124023, 32.06675720214844, 32.55437469482422, 33.041996002197266, 33.52961349487305, 34.017234802246094, 34.504852294921875, 34.992469787597656, 35.4800910949707, 35.967708587646484, 36.45532989501953, 36.94294738769531, 37.430564880371094, 37.91818618774414, 38.40580368041992, 38.89342498779297, 39.38104248046875, 39.86865997314453], "rhythm.bpm_histogram": [0.0, 0.0, 0.0, 0.0, 0.0, 0.0, 0.0, 0.0, 0.0, 0.0, 0.0, 0.0, 0.0, 0.0, 0.0, 0.0, 0.0, 0.0, 0.0, 0.0, 0.0, 0.0, 0.0, 0.0, 0.0, 0.0, 0.0, 0.0, 0.0, 0.0, 0.0, 0.0, 0.0, 0.0, 0.0, 0.0, 0.0, 0.0, 0.0, 0.0, 0.0, 0.0, 0.0, 0.0, 0.0, 0.0, 0.0, 0.0, 0.0, 0.0, 0.0, 0.0, 0.0, 0.0, 0.0, 0.0, 0.0, 0.0, 0.0, 0.0, 0.0, 0.0, 0.0, 0.0, 0.0, 0.0, 0.0, 0.0, 0.0, 0.0, 0.0, 0.0, 0.0, 0.0, 0.0, 0.0, 0.0, 0.0, 0.0, 0.0, 0.0, 0.0, 0.0, 0.0, 0.0, 0.0, 0.0, 0.0, 0.0, 0.0, 0.0, 0.0, 0.0, 0.0, 0.0, 0.0, 0.0, 0.0, 0.0, 0.0, 0.0, 0.0, 0.0, 0.0, 0.0, 0.0, 0.0, 0.0, 0.0, 0.0, 0.0, 0.0, 0.0, 0.0, 0.0, 0.0, 0.0, 0.0, 0.0, 0.0, 0.06172839552164078, 0.0, 0.0, 0.8641975522041321, 0.0, 0.0, 0.04938271641731262, 0.0, 0.0, 0.0, 0.0, 0.0, 0.0, 0.02469135820865631, 0.0, 0.0, 0.0, 0.0, 0.0, 0.0, 0.0, 0.0, 0.0, 0.0, 0.0, 0.0, 0.0, 0.0, 0.0, 0.0, 0.0, 0.0, 0.0, 0.0, 0.0, 0.0, 0.0, 0.0, 0.0, 0.0, 0.0, 0.0, 0.0, 0.0, 0.0, 0.0, 0.0, 0.0, 0.0, 0.0, 0.0, 0.0, 0.0, 0.0, 0.0, 0.0, 0.0, 0.0, 0.0, 0.0, 0.0, 0.0, 0.0, 0.0, 0.0, 0.0, 0.0, 0.0, 0.0, 0.0, 0.0, 0.0, 0.0, 0.0, 0.0, 0.0, 0.0, 0.0, 0.0, 0.0, 0.0, 0.0, 0.0, 0.0, 0.0, 0.0, 0.0, 0.0, 0.0, 0.0, 0.0, 0.0, 0.0, 0.0, 0.0, 0.0, 0.0, 0.0, 0.0, 0.0, 0.0, 0.0, 0.0, 0.0, 0.0, 0.0, 0.0, 0.0, 0.0, 0.0, 0.0, 0.0, 0.0, 0.0, 0.0, 0.0, 0.0, 0.0, 0.0, 0.0, 0.0, 0.0, 0.0, 0.0, 0.0, 0.0, 0.0, 0.0, 0.0, 0.0], "tonal.chords_histogram": [17.03360366821289, 23.29084587097168, 0.0, 0.0, 0.0, 0.0, 0.0, 29.432212829589844, 27.694089889526367, 0.3476245701313019, 0.0, 0.0, 0.0, 0.0, 0.0, 0.0, 0.0, 2.201622247695923, 0.0, 0.0, 0.0, 0.0, 0.0, 0.0], "tonal.thpcp": [1.0, 0.6653462052345276, 0.29501551389694214, 0.14593014121055603, 0.07246530801057816, 0.039379678666591644, 0.041311509907245636, 0.04719436913728714, 0.041217140853405, 0.036854758858680725, 0.05729987099766731, 0.09254772961139679, 0.15319547057151794, 0.197529137134552, 0.2169225960969925, 0.2254296988248825, 0.19715140759944916, 0.16666850447654724, 0.11623234301805496, 0.09415595978498459, 0.11734216660261154, 0.11121519654989243, 0.09284035861492157, 0.08863519877195358, 0.09012152999639511, 0.09184062480926514, 0.08536699414253235, 0.07400363683700562, 0.07980319112539291, 0.09341181069612503, 0.11099729686975479, 0.11772728711366653, 0.1340753734111786, 0.17025798559188843, 0.3003602623939514, 0.7435906529426575], "lowlevel.gfcc.cov": [[12369.435546875, 398.5482482910156, -725.0254516601562, 423.587646484375, -597.9746704101562, 334.2414855957031, -337.2179260253906, 181.5169219970703, -112.23443603515625, 145.0071258544922, -135.81210327148438, -5.84866189956665, -221.72711181640625], [398.5482482910156, 454.1510009765625, -234.32565307617188, -53.427520751953125, 55.694496154785156, -114.59245300292969, 81.90008544921875, -18.68624496459961, 34.46875762939453, -10.055624008178711, 7.821055889129639, -30.08573341369629, 4.288555145263672], [-725.0254516601562, -234.32565307617188, 307.7637023925781, 30.219194412231445, -58.903446197509766, -12.796442985534668, -103.52017211914062, -55.75590896606445, -43.199066162109375, -14.740355491638184, -3.0848963260650635, 27.188337326049805, 15.76941204071045], [423.587646484375, -53.427520751953125, 30.219194412231445, 235.2744903564453, 84.60125732421875, 58.16848373413086, -36.90428161621094, -53.47565841674805, -51.46120834350586, -52.82808303833008, -2.7964696884155273, 8.414265632629395, 40.659934997558594], [-597.9746704101562, 55.694496154785156, -58.903446197509766, 84.60125732421875, 217.36666870117188, 47.52668380737305, 101.69384765625, 4.650610446929932, 3.083974838256836, -46.683658599853516, 10.61551284790039, -14.588726997375488, 46.17732620239258], [334.2414855957031, -114.59245300292969, -12.796442985534668, 58.16848373413086, 47.52668380737305, 140.1098175048828, 50.543251037597656, 54.343360900878906, -10.787874221801758, -23.150924682617188, -10.903340339660645, 0.01359922718256712, 9.418658256530762], [-337.2179260253906, 81.90008544921875, -103.52017211914062, -36.90428161621094, 101.69384765625, 50.543251037597656, 171.58702087402344, 65.47390747070312, 37.80451965332031, -27.510698318481445, -5.712059020996094, -14.82686710357666, 17.080469131469727], [181.5169219970703, -18.68624496459961, -55.75590896606445, -53.47565841674805, 4.650610446929932, 54.343360900878906, 65.47390747070312, 102.05567932128906, 53.241127014160156, 32.768619537353516, 7.838505744934082, -10.424510955810547, -18.555498123168945], [-112.23443603515625, 34.46875762939453, -43.199066162109375, -51.46120834350586, 3.083974838256836, -10.787874221801758, 37.80451965332031, 53.241127014160156, 113.98258209228516, 86.8727798461914, 49.443416595458984, -9.662583351135254, -26.513933181762695], [145.0071258544922, -10.055624008178711, -14.740355491638184, -52.82808303833008, -46.683658599853516, -23.150924682617188, -27.510698318481445, 32.768619537353516, 86.8727798461914, 123.7667007446289, 61.440879821777344, 5.556155681610107, -42.672298431396484], [-135.81210327148438, 7.821055889129639, -3.0848963260650635, -2.7964696884155273, 10.61551284790039, -10.903340339660645, -5.712059020996094, 7.838505744934082, 49.443416595458984, 61.440879821777344, 72.85542297363281, 21.161571502685547, -3.5740504264831543], [-5.84866189956665, -30.08573341369629, 27.188337326049805, 8.414265632629395, -14.588726997375488, 0.01359922718256712, -14.82686710357666, -10.424510955810547, -9.662583351135254, 5.556155681610107, 21.161571502685547, 44.82835006713867, 19.94224739074707], [-221.72711181640625, 4.288555145263672, 15.76941204071045, 40.659934997558594, 46.17732620239258, 9.418658256530762, 17.080469131469727, -18.555498123168945, -26.513933181762695, -42.672298431396484, -3.5740504264831543, 19.94224739074707, 57.291542053222656]], "lowlevel.gfcc.icov": [[0.000658275093883276, -0.0022895392030477524, 0.0007836461300030351, -0.002478111069649458, 0.0024653079453855753, -0.003140937304124236, 0.0016970837023109198, -0.0021237668115645647, 0.0014794751768931746, -0.002463679760694504, 0.0025749930646270514, -0.0017178585985675454, 0.0012058139545843005], [-0.0022895392030477524, 0.015837347134947777, 0.002965791616588831, 0.008209672756493092, -0.007935918867588043, 0.018490049988031387, -0.008526045829057693, 0.008994020521640778, -0.005868450738489628, 0.011717838235199451, -0.012122957967221737, 0.009283182211220264, -0.005853299982845783], [0.0007836461300030351, 0.002965791616588831, 0.009654809720814228, -0.002284437185153365, 0.003588346065953374, 9.565200889483094e-05, 0.0035629256162792444, 0.00022689052275381982, -0.0005187123897485435, 0.0013450747355818748, 0.000714529596734792, -0.0011426900746300817, -0.0009179467451758683], [-0.002478111069649458, 0.008209672756493092, -0.002284437185153365, 0.019281458109617233, -0.013209954835474491, 0.004627508576959372, 3.2682860364730004e-06, 0.013648374006152153, -0.008677293546497822, 0.01272584404796362, -0.010672040283679962, 0.006232067011296749, -0.006326775066554546], [0.0024653079453855753, -0.007935918867588043, 0.003588346065953374, -0.013209954835474491, 0.02162436582148075, -0.011601854115724564, -0.0015656754840165377, -0.0058551086112856865, 0.007148944307118654, -0.008618241176009178, 0.0020701088942587376, 0.003217850113287568, -0.0025305745657533407], [-0.003140937304124236, 0.018490049988031387, 9.565200889483094e-05, 0.004627508576959372, -0.011601854115724564, 0.03922446817159653, -0.014896023087203503, -0.002060342812910676, -0.00041404052171856165, 0.012584499083459377, -0.014316469430923462, 0.009261486120522022, -0.005109287798404694], [0.0016970837023109198, -0.008526045829057693, 0.0035629256162792444, 3.2682860364730004e-06, -0.0015656754840165377, -0.014896023087203503, 0.02647259458899498, -0.010322928428649902, -0.008199133910238743, 0.005734780803322792, 0.00923851877450943, -0.010105484165251255, 0.003269131062552333], [-0.0021237668115645647, 0.008994020521640778, 0.00022689052275381982, 0.013648374006152153, -0.0058551086112856865, -0.002060342812910676, -0.010322928428649902, 0.03666136786341667, -0.014741139486432076, 0.006349510978907347, -0.006061969790607691, 0.006689595989882946, -0.003431350225582719], [0.0014794751768931746, -0.005868450738489628, -0.0005187123897485435, -0.008677293546497822, 0.007148944307118654, -0.00041404052171856165, -0.008199133910238743, -0.014741139486432076, 0.042180415242910385, -0.030907200649380684, -0.0026362307835370302, 0.009709088131785393, -0.0026016803458333015], [-0.002463679760694504, 0.011717838235199451, 0.0013450747355818748, 0.01272584404796362, -0.008618241176009178, 0.012584499083459377, 0.005734780803322792, 0.006349510978907347, -0.030907200649380684, 0.055100880563259125, -0.027243077754974365, -0.0004445668600965291, 0.010602802038192749], [0.0025749930646270514, -0.012122957967221737, 0.000714529596734792, -0.010672040283679962, 0.0020701088942587376, -0.014316469430923462, 0.00923851877450943, -0.006061969790607691, -0.0026362307835370302, -0.027243077754974365, 0.05153593048453331, -0.027937669306993484, 0.005646061152219772], [-0.0017178585985675454, 0.009283182211220264, -0.0011426900746300817, 0.006232067011296749, 0.003217850113287568, 0.009261486120522022, -0.010105484165251255, 0.006689595989882946, 0.009709088131785393, -0.0004445668600965291, -0.027937669306993484, 0.05439913645386696, -0.02690461277961731], [0.0012058139545843005, -0.005853299982845783, -0.0009179467451758683, -0.006326775066554546, -0.0025305745657533407, -0.005109287798404694, 0.003269131062552333, -0.003431350225582719, -0.0026016803458333015, 0.010602802038192749, 0.005646061152219772, -0.02690461277961731, 0.04450635239481926]], "lowlevel.mfcc.cov": [[4216.5185546875, 282.311767578125, 271.5540771484375, 10.41411304473877, -6.940668106079102, 24.277067184448242, -69.47486114501953, -7.255126476287842, -17.954090118408203, 32.32259750366211, 62.801082611083984, 66.63687133789062, 18.216854095458984], [282.311767578125, 503.54290771484375, -235.49143981933594, 44.767417907714844, -91.77230072021484, -38.362396240234375, -10.081440925598145, 1.461667537689209, 31.316787719726562, 18.303207397460938, 43.00214767456055, 36.95205307006836, 32.44905471801758], [271.5540771484375, -235.49143981933594, 308.24053955078125, -27.257213592529297, 24.02842903137207, -24.13656997680664, -68.67948150634766, -61.46958541870117, -68.01661682128906, -47.42033004760742, -40.74219512939453, -29.23488998413086, -18.26882553100586], [10.41411304473877, 44.767417907714844, -27.257213592529297, 157.3348388671875, 70.5240707397461, 60.03388977050781, 14.66607666015625, 1.053834319114685, -20.395889282226562, -26.673524856567383, -37.992000579833984, -38.2849235534668, -13.079439163208008], [-6.940668106079102, -91.77230072021484, 24.02842903137207, 70.5240707397461, 128.2211151123047, 58.476043701171875, 35.35817337036133, 7.483909606933594, -12.974315643310547, -1.8474502563476562, -25.002784729003906, -21.948881149291992, -13.319916725158691], [24.277067184448242, -38.362396240234375, -24.13656997680664, 60.03388977050781, 58.476043701171875, 88.23822784423828, 52.94306182861328, 40.021793365478516, 9.390092849731445, -1.7408790588378906, -20.46462631225586, -23.120325088500977, -13.957651138305664], [-69.47486114501953, -10.081440925598145, -68.67948150634766, 14.66607666015625, 35.35817337036133, 52.94306182861328, 115.41474914550781, 91.29671478271484, 47.8629035949707, 4.074186325073242, -22.613534927368164, -22.508087158203125, -22.887741088867188], [-7.255126476287842, 1.461667537689209, -61.46958541870117, 1.053834319114685, 7.483909606933594, 40.021793365478516, 91.29671478271484, 115.08033752441406, 62.469852447509766, 9.962846755981445, -18.634977340698242, -20.52739143371582, -20.585458755493164], [-17.954090118408203, 31.316787719726562, -68.01661682128906, -20.395889282226562, -12.974315643310547, 9.390092849731445, 47.8629035949707, 62.469852447509766, 75.24906158447266, 37.07941818237305, 15.940882682800293, 7.569211959838867, -3.8395862579345703], [32.32259750366211, 18.303207397460938, -47.42033004760742, -26.673524856567383, -1.8474502563476562, -1.7408790588378906, 4.074186325073242, 9.962846755981445, 37.07941818237305, 75.01696014404297, 55.180633544921875, 40.03201675415039, 15.040667533874512], [62.801082611083984, 43.00214767456055, -40.74219512939453, -37.992000579833984, -25.002784729003906, -20.46462631225586, -22.613534927368164, -18.634977340698242, 15.940882682800293, 55.180633544921875, 91.02461242675781, 70.12035369873047, 40.33898162841797], [66.63687133789062, 36.95205307006836, -29.23488998413086, -38.2849235534668, -21.948881149291992, -23.120325088500977, -22.508087158203125, -20.52739143371582, 7.569211959838867, 40.03201675415039, 70.12035369873047, 95.30979919433594, 62.60603713989258], [18.216854095458984, 32.44905471801758, -18.26882553100586, -13.079439163208008, -13.319916725158691, -13.957651138305664, -22.887741088867188, -20.585458755493164, -3.8395862579345703, 15.040667533874512, 40.33898162841797, 62.60603713989258, 81.19092559814453]], "lowlevel.mfcc.icov": [[0.00038106206920929253, -0.0008171785739250481, -0.001112928963266313, 0.000244660273892805, -0.0002458432281855494, -0.0007991337333805859, 0.00023751435219310224, -0.0005363564705476165, 6.608320836676285e-05, -0.00023903137480374426, -0.0002479752874933183, -0.0003946570213884115, 0.00025827172794379294], [-0.0008171785739250481, 0.006399409845471382, 0.005654682870954275, -0.003865037579089403, 0.0035752924159169197, 0.00437511270865798, -0.0002250234829261899, 0.0014209661167114973, -0.0003683963732328266, 0.001064787618815899, 0.00010973512689815834, 0.00029658470884896815, -0.0005868984735570848], [-0.001112928963266313, 0.005654682870954275, 0.011172914877533913, 0.00020295965077821165, -0.0002647270157467574, 0.0037994696758687496, 0.0041442750953137875, 0.0004015711892861873, 0.0020831057336181402, 0.002883954904973507, 0.0021647245157510042, 0.0009250125731341541, 0.00019174860790371895], [0.000244660273892805, -0.003865037579089403, 0.00020295965077821165, 0.01554670836776495, -0.007788461167365313, -0.008968050591647625, 0.005025244317948818, -0.0005403635441325605, 0.0009673218009993434, 0.003010358428582549, 0.0012480815639719367, 0.0031972129363566637, -0.0010972487507387996], [-0.0002458432281855494, 0.0035752924159169197, -0.0002647270157467574, -0.007788461167365313, 0.018744276836514473, -0.003053397173061967, -0.008491112850606441, 0.005427807103842497, 0.0034560030326247215, -0.00700437230989337, 0.0033025292214006186, -0.0011540923733264208, -0.0004451648273970932], [-0.0007991337333805859, 0.00437511270865798, 0.0037994696758687496, -0.008968050591647625, -0.003053397173061967, 0.028394535183906555, -0.007453219033777714, -0.003487466834485531, 0.003388212062418461, -0.0017858186038210988, -0.0014799219788983464, 0.0027662888169288635, -0.0016706647584214807], [0.00023751435219310224, -0.0002250234829261899, 0.0041442750953137875, 0.005025244317948818, -0.008491112850606441, -0.007453219033777714, 0.034220483154058456, -0.02025475911796093, -0.0029338309541344643, 0.005634889006614685, 0.0017732122214511037, -0.002616584999486804, 0.003569690277799964], [-0.0005363564705476165, 0.0014209661167114973, 0.0004015711892861873, -0.0005403635441325605, 0.005427807103842497, -0.003487466834485531, -0.02025475911796093, 0.03640323132276535, -0.018360132351517677, 0.0015069831861183047, 0.004422828089445829, 0.0015160295879468322, -0.0011472138576209545], [6.608320836676285e-05, -0.0003683963732328266, 0.0020831057336181402, 0.0009673218009993434, 0.0034560030326247215, 0.003388212062418461, -0.0029338309541344643, -0.018360132351517677, 0.041021719574928284, -0.0171261727809906, 0.0007506191614083946, 0.0014458660734817386, 4.901059583062306e-05], [-0.00023903137480374426, 0.001064787618815899, 0.002883954904973507, 0.003010358428582549, -0.00700437230989337, -0.0017858186038210988, 0.005634889006614685, 0.0015069831861183047, -0.0171261727809906, 0.037756673991680145, -0.018388325348496437, -0.0024843038991093636, 0.0045237489975988865], [-0.0002479752874933183, 0.00010973512689815834, 0.0021647245157510042, 0.0012480815639719367, 0.0033025292214006186, -0.0014799219788983464, 0.0017732122214511037, 0.004422828089445829, 0.0007506191614083946, -0.018388325348496437, 0.04002096876502037, -0.019502103328704834, 0.0012044536415487528], [-0.0003946570213884115, 0.00029658470884896815, 0.0009250125731341541, 0.0031972129363566637, -0.0011540923733264208, 0.0027662888169288635, -0.002616584999486804, 0.0015160295879468322, 0.0014458660734817386, -0.0024843038991093636, -0.019502103328704834, 0.041516903787851334, -0.021169306710362434], [0.00025827172794379294, -0.0005868984735570848, 0.00019174860790371895, -0.0010972487507387996, -0.0004451648273970932, -0.0016706647584214807, 0.003569690277799964, -0.0011472138576209545, 4.901059583062306e-05, 0.0045237489975988865, 0.0012044536415487528, -0.021169306710362434, 0.027604280039668083]], "metadata.audio_properties.analysis.downmix": "mix", "metadata.audio_properties.codec": "mp3", "metadata.audio_properties.md5_encoded": "ea45233c81a2c3e34ae237a2ea71e9aa", "metadata.tags.file_name": "1182254132095098892.mp3", "metadata.version.essentia": "2.1-beta6-dev", "metadata.version.essentia_git_sha": "v2.1_beta5-1110-g77a6a954", "metadata.version.extractor": "music 2.0", "tonal.chords_key": "A", "tonal.chords_scale": "major", "tonal.key_edma.key": "A", "tonal.key_edma.scale": "minor", "tonal.key_krumhansl.key": "A", "tonal.key_krumhansl.scale": "minor", "tonal.key_temperley.key": "A", "tonal.key_temperley.scale": "minor",