{"song_id": "1182273776965124196", "download": "https://cdn.discordapp.com/attachments/1128313332273782784/1182273776965124196/chirp.mp4?ex=65841942&amp", "lyrics": "-", "style": ["pop"], "essentia_features": {"lowlevel.average_loudness": 0.9720335006713867, "lowlevel.barkbands_crest.mean": 21.325531005859375, "lowlevel.barkbands_crest.stdev": 5.088825225830078, "lowlevel.barkbands_flatness_db.mean": 0.4592454433441162, "lowlevel.barkbands_flatness_db.stdev": 0.17391686141490936, "lowlevel.barkbands_kurtosis.mean": 245.94004821777344, "lowlevel.barkbands_kurtosis.stdev": 657.5657348632812, "lowlevel.barkbands_skewness.mean": 7.861324310302734, "lowlevel.barkbands_skewness.stdev": 8.047310829162598, "lowlevel.barkbands_spread.mean": 4.149457931518555, "lowlevel.barkbands_spread.stdev": 8.867035865783691, "lowlevel.dissonance.mean": 0.412235826253891, "lowlevel.dissonance.stdev": 0.07844123244285583, "lowlevel.dynamic_complexity": 4.270974636077881, "lowlevel.erbbands_crest.mean": 15.436505317687988, "lowlevel.erbbands_crest.stdev": 6.80323600769043, "lowlevel.erbbands_flatness_db.mean": 0.24776631593704224, "lowlevel.erbbands_flatness_db.stdev": 0.10390947759151459, "lowlevel.erbbands_kurtosis.mean": 23.174720764160156, "lowlevel.erbbands_kurtosis.stdev": 53.39208221435547, "lowlevel.erbbands_skewness.mean": 2.2092835903167725, "lowlevel.erbbands_skewness.stdev": 3.292766809463501, "lowlevel.erbbands_spread.mean": 35.05637741088867, "lowlevel.erbbands_spread.stdev": 39.35793685913086, "lowlevel.hfc.mean": 9.472002029418945, "lowlevel.hfc.stdev": 17.006853103637695, "lowlevel.loudness_ebu128.integrated": -17.542219161987305, "lowlevel.loudness_ebu128.loudness_range": 2.722383499145508, "lowlevel.loudness_ebu128.momentary.mean": -17.919898986816406, "lowlevel.loudness_ebu128.momentary.stdev": 1.9075486660003662, "lowlevel.loudness_ebu128.short_term.mean": -17.738086700439453, "lowlevel.loudness_ebu128.short_term.stdev": 0.8926655054092407, "lowlevel.melbands_crest.mean": 30.198938369750977, "lowlevel.melbands_crest.stdev": 6.867049217224121, "lowlevel.melbands_flatness_db.mean": 0.5828138589859009, "lowlevel.melbands_flatness_db.stdev": 0.19323469698429108, "lowlevel.melbands_kurtosis.mean": 335.1471862792969, "lowlevel.melbands_kurtosis.stdev": 697.323974609375, "lowlevel.melbands_skewness.mean": 9.333173751831055, "lowlevel.melbands_skewness.stdev": 9.311117172241211, "lowlevel.melbands_spread.mean": 3.6265227794647217, "lowlevel.melbands_spread.stdev": 10.979715347290039, "lowlevel.pitch_salience.mean": 0.1566246598958969, "lowlevel.pitch_salience.stdev": 0.16748404502868652, "lowlevel.silence_rate_20dB.mean": 1.0, "lowlevel.silence_rate_20dB.stdev": 0.0, "lowlevel.silence_rate_30dB.mean": 0.8117033839225769, "lowlevel.silence_rate_30dB.stdev": 0.39095038175582886, "lowlevel.silence_rate_60dB.mean": 0.03302433341741562, "lowlevel.silence_rate_60dB.stdev": 0.17870107293128967, "lowlevel.spectral_centroid.mean": 528.2564697265625, "lowlevel.spectral_centroid.stdev": 669.4996948242188, "lowlevel.spectral_complexity.mean": 4.076477527618408, "lowlevel.spectral_complexity.stdev": 5.471817493438721, "lowlevel.spectral_decrease.mean": -1.7570659593957316e-08, "lowlevel.spectral_decrease.stdev": 1.3831047418477738e-08, "lowlevel.spectral_energy.mean": 0.0671747624874115, "lowlevel.spectral_energy.stdev": 0.05299290269613266, "lowlevel.spectral_energyband_high.mean": 0.00012736853386741132, "lowlevel.spectral_energyband_high.stdev": 0.0003079409943893552, "lowlevel.spectral_energyband_low.mean": 0.061472952365875244, "lowlevel.spectral_energyband_low.stdev": 0.04910048842430115, "lowlevel.spectral_energyband_middle_high.mean": 0.002369418740272522, "lowlevel.spectral_energyband_middle_high.stdev": 0.008583168499171734, "lowlevel.spectral_energyband_middle_low.mean": 0.003962419461458921, "lowlevel.spectral_energyband_middle_low.stdev": 0.01234524603933096, "lowlevel.spectral_entropy.mean": 6.125664710998535, "lowlevel.spectral_entropy.stdev": 1.4042326211929321, "lowlevel.spectral_flux.mean": 0.08839672058820724, "lowlevel.spectral_flux.stdev": 0.10749518871307373, "lowlevel.spectral_kurtosis.mean": 31.928403854370117, "lowlevel.spectral_kurtosis.stdev": 46.27974319458008, "lowlevel.spectral_rms.mean": 0.007536855526268482, "lowlevel.spectral_rms.stdev": 0.0029550164472311735, "lowlevel.spectral_rolloff.mean": 235.8634796142578, "lowlevel.spectral_rolloff.stdev": 905.2403564453125, "lowlevel.spectral_skewness.mean": 3.764321804046631, "lowlevel.spectral_skewness.stdev": 2.743368148803711, "lowlevel.spectral_spread.mean": 4210994.0, "lowlevel.spectral_spread.stdev": 2993843.75, "lowlevel.spectral_strongpeak.mean": 0.5394030213356018, "lowlevel.spectral_strongpeak.stdev": 0.2806580364704132, "lowlevel.zerocrossingrate.mean": 0.010615449398756027, "lowlevel.zerocrossingrate.stdev": 0.02345576509833336, "metadata.audio_properties.analysis.equal_loudness": 0.0, "metadata.audio_properties.analysis.length": 40.04265213012695, "metadata.audio_properties.analysis.sample_rate": 44100.0, "metadata.audio_properties.analysis.start_time": 0.0, "metadata.audio_properties.bit_rate": 132120.0, "metadata.audio_properties.length": 40.042667388916016, "metadata.audio_properties.lossless": 0.0, "metadata.audio_properties.number_channels": 1.0, "metadata.audio_properties.replay_gain": -8.696184158325195, "metadata.audio_properties.sample_rate": 48000.0, "rhythm.beats_count": 73.0, "rhythm.beats_loudness.mean": 0.1628054529428482, "rhythm.beats_loudness.stdev": 0.05491241067647934, "rhythm.bpm": 109.97476196289062, "rhythm.bpm_histogram_first_peak_bpm": 110.0, "rhythm.bpm_histogram_first_peak_weight": 0.3611111044883728, "rhythm.bpm_histogram_second_peak_bpm": 0.0, "rhythm.bpm_histogram_second_peak_spread": 0.0, "rhythm.bpm_histogram_second_peak_weight": 0.0, "rhythm.danceability": 1.3709301948547363, "rhythm.onset_rate": 5.6423234939575195, "tonal.chords_changes_rate": 0.06365741044282913, "tonal.chords_number_rate": 0.016203703358769417, "tonal.chords_strength.mean": 0.5465574860572815, "tonal.chords_strength.stdev": 0.11590342968702316, "tonal.hpcp_crest.mean": 12.838294982910156, "tonal.hpcp_crest.stdev": 5.031040191650391, "tonal.hpcp_entropy.mean": 2.028738498687744, "tonal.hpcp_entropy.stdev": 0.7702677845954895, "tonal.key_edma.strength": 0.5084496736526489, "tonal.key_krumhansl.strength": 0.508574903011322, "tonal.key_temperley.strength": 0.5018088817596436, "tonal.tuning_diatonic_strength": 0.5363553166389465, "tonal.tuning_equal_tempered_deviation": 0.23718427121639252, "tonal.tuning_frequency": 434.193115234375, "tonal.tuning_nontempered_energy_ratio": 0.94142085313797, "lowlevel.barkbands.mean": [0.0036787812132388353, 0.0498659610748291, 0.00726685905829072, 0.001100486726500094, 0.0007671158527955413, 0.00048139694263227284, 0.00028840554296039045, 0.0006323541747406125, 0.0004915195750072598, 0.000447164464276284, 0.0006355323712341487, 0.0004888158291578293, 0.0003095146967098117, 0.00019024683570023626, 0.00011750565317925066, 9.032541129272431e-05, 7.134094630600885e-05, 6.106893124524504e-05, 4.2877309169853106e-05, 3.665949043352157e-05, 2.115059942298103e-05, 1.827085179684218e-05, 1.9332974261487834e-05, 1.7247797586605884e-05, 1.680064269748982e-05, 1.6864672943484038e-05, 1.2433831670932705e-06], "lowlevel.barkbands.stdev": [0.0037105483934283257, 0.04106917604804039, 0.018891161307692528, 0.004649802576750517, 0.0032118691597133875, 0.0016949506243690848, 0.0015484676696360111, 0.0022617471404373646, 0.0020950878970324993, 0.001793971168808639, 0.0023582144640386105, 0.002158086746931076, 0.0013338638236746192, 0.0008887008880265057, 0.0006597940810024738, 0.0005450976896099746, 0.00038100359961390495, 0.00030891349888406694, 0.00020093012426514179, 0.00014232379908207804, 6.733102054568008e-05, 4.769734005094506e-05, 4.937756966683082e-05, 4.500157228903845e-05, 4.726855695480481e-05, 4.7548135626129806e-05, 4.203288426651852e-06], "lowlevel.erbbands.mean": [2.0290238857269287, 8.720375061035156, 10.227334022521973, 5.561993598937988, 2.6912777423858643, 2.5314629077911377, 3.470848321914673, 3.679971694946289, 3.5431554317474365, 9.479763984680176, 13.388270378112793, 10.301048278808594, 13.871148109436035, 17.59214973449707, 25.02545166015625, 18.972131729125977, 15.766605377197266, 10.859930992126465, 7.025460243225098, 6.2047882080078125, 4.17839241027832, 4.199975967407227, 3.4447176456451416, 2.500516176223755, 2.173790693283081, 1.7365704774856567, 0.9695366621017456, 0.7813657522201538, 0.6668120622634888, 0.6208112239837646, 0.5281526446342468, 0.39728453755378723, 0.2666500508785248, 0.2031097561120987, 0.10515183955430984, 0.06554373353719711, 0.03262722119688988, 0.0062795220874249935, 0.0001664882875047624, 7.707782060606405e-05], "lowlevel.erbbands.stdev": [1.5887281894683838, 9.092793464660645, 21.297822952270508, 19.14969253540039, 10.13862419128418, 11.759925842285156, 13.251184463500977, 13.807958602905273, 19.69009017944336, 35.53453063964844, 51.3736457824707, 46.083316802978516, 53.01062774658203, 66.5757064819336, 109.93770599365234, 82.5811767578125, 61.37485122680664, 50.135414123535156, 35.841392517089844, 34.42964553833008, 24.64249038696289, 22.227458953857422, 17.589191436767578, 12.061226844787598, 9.487549781799316, 6.864531517028809, 3.4446816444396973, 2.3091135025024414, 1.7675161361694336, 1.6159617900848389, 1.3363189697265625, 1.0324597358703613, 0.7181269526481628, 0.5794313549995422, 0.30520617961883545, 0.18483389914035797, 0.09534525871276855, 0.019384751096367836, 0.00041251315269619226, 5.829953806824051e-05], "lowlevel.gfcc.mean": [-191.99916076660156, 124.59424591064453, -33.70572280883789, 36.021297454833984, -11.49156665802002, 38.825218200683594, 1.866438627243042, 12.644620895385742, 0.9644103646278381, 11.369283676147461, 3.460763454437256, -1.8773468732833862, -6.722393035888672], "lowlevel.melbands.mean": [0.015670472756028175, 0.007038163021206856, 0.0008900272659957409, 0.00017401522200088948, 0.00012144694483140483, 8.527182944817469e-05, 5.39842621947173e-05, 0.0001140844397014007, 0.00011239945160923526, 6.197984475875273e-05, 6.773360655643046e-05, 6.603346264455467e-05, 8.115543460007757e-05, 5.515401062439196e-05, 5.3312000090954825e-05, 2.5040953914867714e-05, 1.9805342162726447e-05, 1.1447419637988787e-05, 8.739262739254627e-06, 7.687743163842242e-06, 4.162101049587363e-06, 4.420098321133992e-06, 3.6135741083853645e-06, 2.7511762255016947e-06, 1.923821855598362e-06, 1.6194876479858067e-06, 1.5000648545537842e-06, 1.0612545793264871e-06, 6.086946200412058e-07, 5.236739184510952e-07, 4.15044155488431e-07, 3.777101653668069e-07, 3.485287436433282e-07, 3.5681637200468685e-07, 3.225573266263382e-07, 2.3804324200682458e-07, 2.527281424136163e-07, 1.903971877936783e-07, 1.7824336850935651e-07, 1.6938781755015953e-07], "lowlevel.melbands.stdev": [0.012271498329937458, 0.009808432310819626, 0.00293303607031703, 0.0007281210855580866, 0.0004794186388608068, 0.00031495169969275594, 0.00030554382828995585, 0.000419183517806232, 0.0004314263351261616, 0.00028240104438737035, 0.00026430035359226167, 0.00026347223320044577, 0.0003423343296162784, 0.0002556200488470495, 0.0002071667113341391, 0.00012072954268660396, 9.244927059626207e-05, 5.975793465040624e-05, 4.9539059546077624e-05, 4.4542874093167484e-05, 2.5046556402230635e-05, 2.441533433739096e-05, 1.852480818342883e-05, 1.4380111679201946e-05, 9.572829185344744e-06, 7.93635263107717e-06, 6.0736547311535105e-06, 4.302227353036869e-06, 2.297696710229502e-06, 1.713059987196175e-06, 1.2459344134185812e-06, 1.0636023262122762e-06, 9.646784064898384e-07, 9.56565259002673e-07, 8.3973918663105e-07, 6.077477223698224e-07, 6.89199566750176e-07, 5.250299750514387e-07, 5.119312618262484e-07, 4.977446224074811e-07], "lowlevel.melbands128.mean": [0.0035559129901230335, 0.017848368734121323, 0.020487695932388306, 0.01237186323851347, 0.006397276651114225, 0.0029883619863539934, 0.0011219143634662032, 0.0004149893356952816, 0.00024076233967207372, 0.00016513575974386185, 0.00013242673594504595, 0.00011857523350045085, 0.00010829641541931778, 0.00014519091928377748, 8.683073247084394e-05, 5.3207251767162234e-05, 5.293167123454623e-05, 5.135574610903859e-05, 5.65978953090962e-05, 0.00011206958151888102, 0.00015215028543025255, 9.397367830388248e-05, 0.00012347094889264554, 0.00011363642261130735, 5.372060331865214e-05, 4.482359508983791e-05, 6.161693454487249e-05, 8.937059465097263e-05, 5.125782627146691e-05, 4.755446207127534e-05, 8.814570173854008e-05, 7.28211016394198e-05, 6.696340278722346e-05, 0.00011146930046379566, 5.8535963034955785e-05, 3.624161035986617e-05, 4.251914651831612e-05, 7.422435737680644e-05, 4.628307942766696e-05, 2.5369694412802346e-05, 2.2234096832107753e-05, 1.9176117348251864e-05, 2.1966236090520397e-05, 1.9668132154038176e-05, 1.250383684237022e-05, 1.0415742508484982e-05, 9.42190035857493e-06, 8.824709766486194e-06, 8.333744517585728e-06, 8.52440371090779e-06, 8.460364369966555e-06, 6.028500138199888e-06, 3.938165718864184e-06, 3.5343521176400827e-06, 3.943528099625837e-06, 5.0464227570046205e-06, 4.286836428946117e-06, 3.7262550449668197e-06, 3.598460125431302e-06, 2.879714202208561e-06, 2.889237975978176e-06, 2.4394259980908828e-06, 2.172842641812167e-06, 1.6917814491534955e-06, 1.6656433672324056e-06, 1.700550456007477e-06, 1.4894487776473397e-06, 1.5775576684973203e-06, 1.5714254004706163e-06, 1.2811807437174139e-06, 1.2252146461833036e-06, 8.48125694119517e-07, 6.46208036414464e-07, 5.964107572253852e-07, 5.131234388500161e-07, 5.18840408858523e-07, 5.433889782580081e-07, 4.895866823062534e-07, 3.744916625691985e-07, 3.606412519729929e-07, 4.02428440793301e-07, 3.7628257132382714e-07, 3.4649775670914096e-07, 3.7699714994232636e-07, 3.1324890414907713e-07, 3.146032270251453e-07, 3.8465577745228074e-07, 4.155986914611276e-07, 2.8579950139828725e-07, 3.08438842466785e-07, 2.4773916607045976e-07, 2.1753638179689005e-07, 2.098632023717073e-07, 2.7248617584518797e-07, 2.728389745243476e-07, 2.2501123453366745e-07, 1.6175584960365086e-07, 1.4610336052101047e-07, 1.8417492242406297e-07, 2.002093282271744e-07, 1.6341988384738215e-07, 1.7615190017750137e-07, 1.5630376992703532e-07, 1.4771812573144416e-07, 1.0049907928078028e-07, 8.91974920591565e-08, 1.1739312100189636e-07, 1.220419676428719e-07, 1.1430820023861088e-07, 1.0922205007091179e-07, 1.0756473045603343e-07, 1.1577064640277968e-07, 1.1157218438029304e-07, 1.0279648421374077e-07, 7.309323279969249e-08, 7.784677791278227e-08, 4.8445915723505095e-08, 5.695989013787539e-09, 3.9102342891395026e-11, 2.1821138646016536e-11, 1.2421618421354363e-11, 1.037446864526892e-11, 9.037957882096492e-12, 8.875266840902007e-12, 8.685639880934293e-12, 8.465887713082765e-12, 8.334414755561959e-12, 8.281071141313934e-12], "lowlevel.melbands128.stdev": [0.003541843965649605, 0.014309575781226158, 0.019683044403791428, 0.01501893438398838, 0.012710659764707088, 0.008409475907683372, 0.004364019725471735, 0.0017586112953722477, 0.0009413445950485766, 0.0007701708818785846, 0.0006837947876192629, 0.000597659032791853, 0.00047443926450796425, 0.000444503384642303, 0.00031809479696676135, 0.000309882452711463, 0.0003215396427549422, 0.00031627670978195965, 0.00031969379051588476, 0.00044189387699589133, 0.0005300514749251306, 0.0004560143279377371, 0.0005038949893787503, 0.0004551925521809608, 0.0003029829531442374, 0.00025736814131960273, 0.00028277133242227137, 0.00033816046197898686, 0.0002517465327400714, 0.0002865730202756822, 0.00034001251333393157, 0.00028768976335413754, 0.0003613430308178067, 0.0005175190162844956, 0.0003327263402752578, 0.00021423249563667923, 0.00023651642550248653, 0.0003049109654966742, 0.00019533117301762104, 0.0001371919788653031, 0.0001316522539127618, 0.00011958229879382998, 0.00010656489030225202, 9.294879419030622e-05, 7.085403922246769e-05, 6.715648487443104e-05, 5.357920963433571e-05, 4.996941061108373e-05, 5.784107997897081e-05, 5.228599547990598e-05, 5.2008686907356605e-05, 4.711101792054251e-05, 2.493935426173266e-05, 2.4195869627874345e-05, 2.334209784748964e-05, 2.997585033881478e-05, 2.4814422431518324e-05, 2.035433499258943e-05, 2.0021592717966996e-05, 1.8477712728781626e-05, 1.5945912309689447e-05, 1.3059645425528288e-05, 1.237515334651107e-05, 9.151026461040601e-06, 9.011398105940316e-06, 9.444203897146508e-06, 8.273326784546953e-06, 7.307915439014323e-06, 6.848962584626861e-06, 6.310946446319576e-06, 5.444485850603087e-06, 3.5776181448454736e-06, 2.5697042929095915e-06, 2.6928039460472064e-06, 2.0975594452465884e-06, 1.984528580578626e-06, 1.8985381302627502e-06, 1.607728563612909e-06, 1.2797022463928442e-06, 1.1991020301138633e-06, 1.3381634289544309e-06, 1.1268784874118865e-06, 1.0162317494177842e-06, 1.2852009376729256e-06, 8.603653327554639e-07, 9.184124110106495e-07, 1.1460143696240266e-06, 1.2527245871751802e-06, 7.796003842486243e-07, 8.583714361520833e-07, 6.704009365421371e-07, 6.507926855192636e-07, 5.711057724511193e-07, 8.393560051445093e-07, 8.185550086636795e-07, 6.656254640802217e-07, 4.941217071063875e-07, 4.4767708118342853e-07, 5.405540832725819e-07, 6.408264425772359e-07, 5.325260303834511e-07, 5.627379664474574e-07, 5.09297763073846e-07, 5.117327077641676e-07, 3.4634567214197887e-07, 2.768534272945544e-07, 3.829618719919381e-07, 4.023369513106445e-07, 3.495098894745752e-07, 3.376438257873815e-07, 3.3743458516255487e-07, 3.961709751365561e-07, 3.6552094684338954e-07, 3.1254697319127445e-07, 2.2327813553602027e-07, 2.913792798153736e-07, 1.6401088487327797e-07, 2.1650977899412283e-08, 3.7943026498510335e-10, 1.9491128155912918e-10, 5.422326476711703e-11, 3.206971840863382e-11, 1.3674690720055782e-11, 1.3444551895391843e-11, 1.3251949884662828e-11, 1.3096967954595584e-11, 1.2984273378702227e-11, 1.2915048371031634e-11], "lowlevel.mfcc.mean": [-866.8397216796875, 163.99710083007812, 51.060604095458984, 31.943355560302734, 28.64817237854004, 37.891544342041016, 27.258480072021484, 20.64218521118164, 12.568707466125488, 19.780384063720703, 18.81460952758789, 14.886759757995605, 8.708560943603516], "lowlevel.spectral_contrast_coeffs.mean": [-0.6571093797683716, -0.7852547764778137, -0.814920961856842, -0.8375012874603271, -0.8603760600090027, -0.8130147457122803], "lowlevel.spectral_contrast_coeffs.stdev": [0.083735391497612, 0.09633488953113556, 0.09945569187402725, 0.06230020150542259, 0.03834903612732887, 0.04694347828626633], "lowlevel.spectral_contrast_valleys.mean": [-7.746887683868408, -8.774093627929688, -9.441156387329102, -9.845012664794922, -10.159821510314941, -12.548328399658203], "lowlevel.spectral_contrast_valleys.stdev": [1.15469229221344, 1.5006974935531616, 1.715551495552063, 1.620308756828308, 1.739396333694458, 1.8672058582305908], "rhythm.beats_loudness_band_ratio.mean": [0.9642724990844727, 0.012733290903270245, 0.011261497624218464, 0.01416898425668478, 0.0017526766750961542, 0.0003433224046602845], "rhythm.beats_loudness_band_ratio.stdev": [0.03687629848718643, 0.01254630833864212, 0.0156785249710083, 0.021609598770737648, 0.002427933271974325, 0.000237951913732104], "tonal.hpcp.mean": [0.08533701300621033, 0.09142499417066574, 0.058749571442604065, 0.07252321392297745, 0.06696587055921555, 0.04148442670702934, 0.04805423319339752, 0.05887080729007721, 0.05026452988386154, 0.08174041658639908, 0.07814909517765045, 0.03191472589969635, 0.04050951823592186, 0.03655029460787773, 0.020962515845894814, 0.022923925891518593, 0.022449014708399773, 0.018571030348539352, 0.046931300312280655, 0.10148731619119644, 0.08036143332719803, 0.05287191644310951, 0.08112035691738129, 0.07219193130731583, 0.0770537257194519, 0.06397920846939087, 0.03074708767235279, 0.04014476761221886, 0.03767574578523636, 0.039160821586847305, 0.18630801141262054, 0.24857570230960846, 0.10525225102901459, 0.04136602580547333, 0.05525952950119972, 0.05636963993310928], "tonal.hpcp.stdev": [0.25344935059547424, 0.25944727659225464, 0.18795299530029297, 0.22913898527622223, 0.2055344432592392, 0.16287624835968018, 0.17426811158657074, 0.21210506558418274, 0.18019159138202667, 0.24321283400058746, 0.23663568496704102, 0.13307920098304749, 0.17639726400375366, 0.15957686305046082, 0.11398441344499588, 0.12070043385028839, 0.12485755980014801, 0.10432009398937225, 0.15182150900363922, 0.27579841017723083, 0.23307180404663086, 0.16374127566814423, 0.2451283186674118, 0.21104326844215393, 0.2414425015449524, 0.2161272019147873, 0.12495879083871841, 0.17679090797901154, 0.1625329554080963, 0.1516544073820114, 0.33494433760643005, 0.4091203510761261, 0.23918293416500092, 0.1609489619731903, 0.20370112359523773, 0.19073419272899628], "rhythm.beats_position": [0.5572788715362549, 1.1145577430725098, 1.6718367338180542, 2.2058956623077393, 2.7515645027160645, 3.2972335815429688, 3.842902421951294, 4.388571262359619, 4.934240341186523, 5.479909420013428, 6.025578022003174, 6.571247100830078, 7.116916179656982, 7.6625847816467285, 8.208253860473633, 8.753922462463379, 9.299592018127441, 9.845260620117188, 10.390929222106934, 10.936598777770996, 11.482267379760742, 12.027935981750488, 12.57360553741455, 13.119274139404297, 13.664942741394043, 14.210612297058105, 14.756280899047852, 15.301949501037598, 15.84761905670166, 16.393287658691406, 16.93895721435547, 17.4846248626709, 18.01868438720703, 18.575963973999023, 19.110021591186523, 19.655691146850586, 20.20136070251465, 20.747028350830078, 21.29269790649414, 21.838367462158203, 22.384035110473633, 22.941314697265625, 23.475374221801758, 24.021041870117188, 24.56671142578125, 25.123991012573242, 25.658048629760742, 26.215328216552734, 26.749387741088867, 27.295055389404297, 27.84072494506836, 28.39800453186035, 28.93206214904785, 29.489341735839844, 30.023401260375977, 30.580678939819336, 31.11473846435547, 31.67201805114746, 32.206077575683594, 32.76335525512695, 33.29741287231445, 33.843082427978516, 34.38875198364258, 34.94602966308594, 35.4800910949707, 36.025760650634766, 36.57142639160156, 37.117095947265625, 37.66276550292969, 38.22004318237305, 38.75410461425781, 39.299774169921875, 39.84543991088867], "rhythm.bpm_histogram": [0.0, 0.0, 0.0, 0.0, 0.0, 0.0, 0.0, 0.0, 0.0, 0.0, 0.0, 0.0, 0.0, 0.0, 0.0, 0.0, 0.0, 0.0, 0.0, 0.0, 0.0, 0.0, 0.0, 0.0, 0.0, 0.0, 0.0, 0.0, 0.0, 0.0, 0.0, 0.0, 0.0, 0.0, 0.0, 0.0, 0.0, 0.0, 0.0, 0.0, 0.0, 0.0, 0.0, 0.0, 0.0, 0.0, 0.0, 0.0, 0.0, 0.0, 0.0, 0.0, 0.0, 0.0, 0.0, 0.0, 0.0, 0.0, 0.0, 0.0, 0.0, 0.0, 0.0, 0.0, 0.0, 0.0, 0.0, 0.0, 0.0, 0.0, 0.0, 0.0, 0.0, 0.0, 0.0, 0.0, 0.0, 0.0, 0.0, 0.0, 0.0, 0.0, 0.0, 0.0, 0.0, 0.0, 0.0, 0.0, 0.0, 0.0, 0.0, 0.0, 0.0, 0.0, 0.0, 0.0, 0.0, 0.0, 0.0, 0.0, 0.0, 0.0, 0.0, 0.0, 0.0, 0.0, 0.0, 0.0, 0.1805555522441864, 0.0, 0.6388888955116272, 0.0, 0.1805555522441864, 0.0, 0.0, 0.0, 0.0, 0.0, 0.0, 0.0, 0.0, 0.0, 0.0, 0.0, 0.0, 0.0, 0.0, 0.0, 0.0, 0.0, 0.0, 0.0, 0.0, 0.0, 0.0, 0.0, 0.0, 0.0, 0.0, 0.0, 0.0, 0.0, 0.0, 0.0, 0.0, 0.0, 0.0, 0.0, 0.0, 0.0, 0.0, 0.0, 0.0, 0.0, 0.0, 0.0, 0.0, 0.0, 0.0, 0.0, 0.0, 0.0, 0.0, 0.0, 0.0, 0.0, 0.0, 0.0, 0.0, 0.0, 0.0, 0.0, 0.0, 0.0, 0.0, 0.0, 0.0, 0.0, 0.0, 0.0, 0.0, 0.0, 0.0, 0.0, 0.0, 0.0, 0.0, 0.0, 0.0, 0.0, 0.0, 0.0, 0.0, 0.0, 0.0, 0.0, 0.0, 0.0, 0.0, 0.0, 0.0, 0.0, 0.0, 0.0, 0.0, 0.0, 0.0, 0.0, 0.0, 0.0, 0.0, 0.0, 0.0, 0.0, 0.0, 0.0, 0.0, 0.0, 0.0, 0.0, 0.0, 0.0, 0.0, 0.0, 0.0, 0.0, 0.0, 0.0, 0.0, 0.0, 0.0, 0.0, 0.0, 0.0, 0.0, 0.0, 0.0, 0.0, 0.0, 0.0, 0.0, 0.0, 0.0, 0.0, 0.0, 0.0, 0.0, 0.0, 0.0, 0.0], "tonal.chords_histogram": [17.476852416992188, 3.935185194015503, 5.208333492279053, 0.0, 1.9675925970077515, 2.6620371341705322, 5.3240742683410645, 2.777777671813965, 0.0, 2.1990740299224854, 0.11574073880910873, 0.0, 0.0, 2.430555582046509, 2.6620371341705322, 0.0, 0.5787037014961243, 35.532405853271484, 8.333333015441895, 2.0833332538604736, 0.0, 5.671296119689941, 0.11574073880910873, 0.9259259104728699], "tonal.thpcp": [1.0, 0.42342132329940796, 0.16641218960285187, 0.22230462729930878, 0.2267705202102661, 0.343303918838501, 0.3677953779697418, 0.23634478449821472, 0.2917550504207611, 0.2693983018398285, 0.1668885052204132, 0.19331830739974976, 0.23683251440525055, 0.20221014320850372, 0.3288350999355316, 0.3143875002861023, 0.128390371799469, 0.1629665195941925, 0.14703889191150665, 0.08433051407337189, 0.09222110360860825, 0.09031057357788086, 0.07470975816249847, 0.1888008415699005, 0.4082752764225006, 0.32328757643699646, 0.21269945800304413, 0.3263406455516815, 0.29042232036590576, 0.30998092889785767, 0.25738319754600525, 0.1236930564045906, 0.16149915754795074, 0.1515664905309677, 0.15754082798957825, 0.7495021224021912], "lowlevel.gfcc.cov": [[19028.998046875, -2906.96484375, -4474.08544921875, -830.3515014648438, -2511.502197265625, 247.5242919921875, -968.515625, 973.5093994140625, -1211.3994140625, 47.04426956176758, -1040.1771240234375, 721.6431884765625, -597.9415893554688], [-2906.96484375, 4088.1611328125, 264.3056945800781, -1314.881591796875, 561.4542846679688, -540.0448608398438, 394.5474548339844, -711.1663818359375, 378.5820617675781, -329.35028076171875, 480.9080505371094, -410.1433410644531, 284.54937744140625], [-4474.08544921875, 264.3056945800781, 2605.713134765625, 834.0188598632812, 436.3889465332031, -267.7088623046875, -71.3698959350586, -235.129638671875, 260.6510314941406, 28.073490142822266, 98.8198013305664, -186.801025390625, 4.442915439605713], [-830.3515014648438, -1314.881591796875, 834.0188598632812, 1245.8048095703125, 163.4657745361328, -28.449655532836914, -279.97747802734375, 10.03738021850586, -38.815818786621094, 86.06839752197266, -126.98783874511719, -12.531063079833984, -57.472843170166016], [-2511.502197265625, 561.4542846679688, 436.3889465332031, 163.4657745361328, 770.1087036132812, 84.32349395751953, 268.0390319824219, -198.3142547607422, 161.12559509277344, -65.14089965820312, 139.61154174804688, -163.5611572265625, 103.83524322509766], [247.5242919921875, -540.0448608398438, -267.7088623046875, -28.449655532836914, 84.32349395751953, 446.73455810546875, 192.48324584960938, 127.54631042480469, -35.286773681640625, 19.514497756958008, -28.120439529418945, 29.281124114990234, -38.59223556518555], [-968.515625, 394.5474548339844, -71.3698959350586, -279.97747802734375, 268.0390319824219, 192.48324584960938, 397.8734130859375, 31.291990280151367, 117.82315826416016, -48.625022888183594, 85.671630859375, -65.34146118164062, 52.87904739379883], [973.5093994140625, -711.1663818359375, -235.129638671875, 10.03738021850586, -198.3142547607422, 127.54631042480469, 31.291990280151367, 306.0069885253906, -41.86363220214844, 47.40848159790039, -111.11616516113281, 100.14067840576172, -62.90352249145508], [-1211.3994140625, 378.5820617675781, 260.6510314941406, -38.815818786621094, 161.12559509277344, -35.286773681640625, 117.82315826416016, -41.86363220214844, 185.63758850097656, 14.460442543029785, 102.36610412597656, -75.03895568847656, 50.4615364074707], [47.04426956176758, -329.35028076171875, 28.073490142822266, 86.06839752197266, -65.14089965820312, 19.514497756958008, -48.625022888183594, 47.40848159790039, 14.460442543029785, 118.80494689941406, 10.96918773651123, 46.69198989868164, -15.907264709472656], [-1040.1771240234375, 480.9080505371094, 98.8198013305664, -126.98783874511719, 139.61154174804688, -28.120439529418945, 85.671630859375, -111.11616516113281, 102.36610412597656, 10.96918773651123, 182.82118225097656, -15.3341703414917, 95.49161529541016], [721.6431884765625, -410.1433410644531, -186.801025390625, -12.531063079833984, -163.5611572265625, 29.281124114990234, -65.34146118164062, 100.14067840576172, -75.03895568847656, 46.69198989868164, -15.3341703414917, 162.48468017578125, 14.617966651916504], [-597.9415893554688, 284.54937744140625, 4.442915439605713, -57.472843170166016, 103.83524322509766, -38.59223556518555, 52.87904739379883, -62.90352249145508, 50.4615364074707, -15.907264709472656, 95.49161529541016, 14.617966651916504, 119.35248565673828]], "lowlevel.gfcc.icov": [[0.0002826439158525318, -0.0005048171151429415, 0.00038334031705744565, -0.0004319067229516804, 0.00041575042996555567, -0.00039463472785428166, 0.0002551744692027569, -0.0004566787101794034, 0.0005379109061323106, -0.0004790200910065323, 0.0010327069321647286, -0.0008131939102895558, 0.0005363366799429059], [-0.0005048171151429415, 0.005265766754746437, -0.0011137460824102163, 0.004986076150089502, -0.0013333618408069015, 0.004167959094047546, -0.000790901540312916, 0.004755889996886253, -0.0024913293309509754, 0.005864136386662722, -0.005049564875662327, 0.006177444476634264, -0.002157779410481453], [0.00038334031705744565, -0.0011137460824102163, 0.0012968196533620358, -0.0015747381839901209, 0.0005715679144486785, -0.0004994110204279423, 0.00014867114077787846, -0.0005561326397582889, -0.0002104581071762368, -0.0008212367538362741, 0.00145220838021487, -0.00196346384473145, 0.0018096189014613628], [-0.0004319067229516804, 0.004986076150089502, -0.0015747381839901209, 0.006752084940671921, -0.0023851438891142607, 0.0033114932011812925, 0.001455235294997692, 0.0035899656359106302, -0.0018634332809597254, 0.00433159526437521, -0.003192034550011158, 0.006472659297287464, -0.0032217255793511868], [0.00041575042996555567, -0.0013333618408069015, 0.0005715679144486785, -0.0023851438891142607, 0.004335364792495966, -0.001555572496727109, -0.0021731634624302387, 0.0007689472404308617, 0.0005411245510913432, -0.0008384683751501143, 0.0017862834502011538, -0.0007385275093838573, -0.000493949162773788], [-0.00039463472785428166, 0.004167959094047546, -0.0004994110204279423, 0.0033114932011812925, -0.001555572496727109, 0.007822105661034584, -0.0038354310672730207, 0.0030803342815488577, 0.00021765519340988249, 0.003385949647054076, -0.0049170246347785, 0.00413971533998847, 0.0006908359937369823], [0.0002551744692027569, -0.000790901540312916, 0.00014867114077787846, 0.001455235294997692, -0.0021731634624302387, -0.0038354310672730207, 0.009787894785404205, -0.00455866102129221, -0.0019786651246249676, 0.0014794848393648863, -1.1240102139709052e-05, 0.0011824992252513766, -0.0013315408723428845], [-0.0004566787101794034, 0.004755889996886253, -0.0005561326397582889, 0.0035899656359106302, 0.0007689472404308617, 0.0030803342815488577, -0.00455866102129221, 0.014375741593539715, -0.006986349355429411, 0.004349778406322002, 0.0019002222688868642, -0.0011183685855939984, 0.00019645343127194792], [0.0005379109061323106, -0.0024913293309509754, -0.0002104581071762368, -0.0018634332809597254, 0.0005411245510913432, 0.00021765519340988249, -0.0019786651246249676, -0.006986349355429411, 0.01865326799452305, -0.007970673032104969, -0.0035773750860244036, 0.005721854045987129, -0.002248273231089115], [-0.0004790200910065323, 0.005864136386662722, -0.0008212367538362741, 0.00433159526437521, -0.0008384683751501143, 0.003385949647054076, 0.0014794848393648863, 0.004349778406322002, -0.007970673032104969, 0.02139119990170002, -0.009890272282063961, 0.0017376112518832088, 0.0031183063983917236], [0.0010327069321647286, -0.005049564875662327, 0.00145220838021487, -0.003192034550011158, 0.0017862834502011538, -0.0049170246347785, -1.1240102139709052e-05, 0.0019002222688868642, -0.0035773750860244036, -0.009890272282063961, 0.02505083754658699, -0.010388506576418877, -0.005092184990644455], [-0.0008131939102895558, 0.006177444476634264, -0.00196346384473145, 0.006472659297287464, -0.0007385275093838573, 0.00413971533998847, 0.0011824992252513766, -0.0011183685855939984, 0.005721854045987129, 0.0017376112518832088, -0.010388506576418877, 0.02549557015299797, -0.011742600239813328], [0.0005363366799429059, -0.002157779410481453, 0.0018096189014613628, -0.0032217255793511868, -0.000493949162773788, 0.0006908359937369823, -0.0013315408723428845, 0.00019645343127194792, -0.002248273231089115, 0.0031183063983917236, -0.005092184990644455, -0.011742600239813328, 0.022816268727183342]], "lowlevel.mfcc.cov": [[21548.65625, -3152.39990234375, -3464.304931640625, -1832.4420166015625, -2040.0257568359375, -1385.049072265625, -584.1194458007812, 165.18771362304688, -235.46258544921875, -477.27813720703125, -641.1331176757812, -448.7143249511719, -202.35397338867188], [-3152.39990234375, 4336.892578125, -144.11659240722656, -526.7314453125, -102.57111358642578, 78.0437240600586, 26.12859344482422, -171.11398315429688, -164.60435485839844, -92.12085723876953, 16.51468849182129, 67.62612915039062, 44.31239700317383], [-3464.304931640625, -144.11659240722656, 1816.5458984375, 831.2085571289062, 461.6515197753906, 94.07545471191406, -147.7665252685547, -166.40589904785156, -29.042760848999023, 22.085426330566406, 84.26768493652344, 41.41481018066406, -8.391077995300293], [-1832.4420166015625, -526.7314453125, 831.2085571289062, 983.9739990234375, 498.1768798828125, 98.40430450439453, -119.281494140625, -159.46640014648438, -9.219574928283691, 13.514063835144043, -18.137651443481445, -26.3930606842041, -50.57139205932617], [-2040.0257568359375, -102.57111358642578, 461.6515197753906, 498.1768798828125, 484.4081115722656, 236.14593505859375, 44.520774841308594, -53.10586929321289, 7.841936111450195, 45.447689056396484, 32.57314682006836, 4.122317790985107, -27.17774772644043], [-1385.049072265625, 78.0437240600586, 94.07545471191406, 98.40430450439453, 236.14593505859375, 357.7196044921875, 174.6703643798828, 38.36256408691406, 31.584239959716797, 77.44672393798828, 53.91181564331055, 33.479713439941406, -1.9776887893676758], [-584.1194458007812, 26.12859344482422, -147.7665252685547, -119.281494140625, 44.520774841308594, 174.6703643798828, 242.37635803222656, 148.4053497314453, 85.85183715820312, 60.116943359375, 42.29193115234375, 25.840749740600586, 23.576370239257812], [165.18771362304688, -171.11398315429688, -166.40589904785156, -159.46640014648438, -53.10586929321289, 38.36256408691406, 148.4053497314453, 211.74537658691406, 115.81794738769531, 44.30324172973633, 22.248342514038086, 18.785675048828125, 27.172405242919922], [-235.46258544921875, -164.60435485839844, -29.042760848999023, -9.219574928283691, 7.841936111450195, 31.584239959716797, 85.85183715820312, 115.81794738769531, 149.82748413085938, 78.37315368652344, 41.70539093017578, 28.339202880859375, 24.79922103881836], [-477.27813720703125, -92.12085723876953, 22.085426330566406, 13.514063835144043, 45.447689056396484, 77.44672393798828, 60.116943359375, 44.30324172973633, 78.37315368652344, 117.3709716796875, 69.39579010009766, 39.291221618652344, 17.13499641418457], [-641.1331176757812, 16.51468849182129, 84.26768493652344, -18.137651443481445, 32.57314682006836, 53.91181564331055, 42.29193115234375, 22.248342514038086, 41.70539093017578, 69.39579010009766, 109.72024536132812, 59.0424690246582, 24.363210678100586], [-448.7143249511719, 67.62612915039062, 41.41481018066406, -26.3930606842041, 4.122317790985107, 33.479713439941406, 25.840749740600586, 18.785675048828125, 28.339202880859375, 39.291221618652344, 59.0424690246582, 77.37512969970703, 35.976444244384766], [-202.35397338867188, 44.31239700317383, -8.391077995300293, -50.57139205932617, -27.17774772644043, -1.9776887893676758, 23.576370239257812, 27.172405242919922, 24.79922103881836, 17.13499641418457, 24.363210678100586, 35.976444244384766, 61.492462158203125]], "lowlevel.mfcc.icov": [[0.00019314631936140358, 0.00015347945736721158, 0.00023225601762533188, 5.0572765758261085e-05, 0.00048219840391539037, 3.6196197470417246e-05, 0.00042898612446151674, -0.0001999153319047764, 0.00016387632058467716, 5.6893917644629255e-05, 0.00035768310772255063, 0.00019581096421461552, 0.00039820195524953306], [0.00015347945736721158, 0.0004249675839673728, 0.00012165978114353493, 0.0004156333743594587, 0.0001788427762221545, 1.1714780157490168e-05, 0.00011417658242862672, 0.00044655261444859207, 4.0817438275553286e-05, 0.0003214162716176361, 0.00044870140845887363, -0.0001900775241665542, 0.00022296381939668208], [0.00023225601762533188, 0.00012165978114353493, 0.0013473137514665723, -0.0008214081753976643, 0.00044047998380847275, -9.241233783541247e-05, 0.0011571382638067007, -0.0006029487703926861, 0.00039263375219888985, 0.0005905344150960445, -0.0008994388626888394, 0.00020614403183571994, 0.00011228308721911162], [5.0572765758261085e-05, 0.0004156333743594587, -0.0008214081753976643, 0.004263364244252443, -0.003624117001891136, 0.0008327767718583345, 0.0007636185036972165, 0.0021160931792110205, -0.002021337626501918, -0.00022342451848089695, 0.002547563286498189, -0.00048629665980115533, 0.0006108225788921118], [0.00048219840391539037, 0.0001788427762221545, 0.00044047998380847275, -0.003624117001891136, 0.009193329140543938, -0.0037559564225375652, 0.0005670523387379944, -0.0008601955487392843, 0.000841015309561044, 0.000664394989144057, -0.0011459821835160255, 0.0018626553937792778, 0.0014825694961473346], [3.6196197470417246e-05, 1.1714780157490168e-05, -9.241233783541247e-05, 0.0008327767718583345, -0.0037559564225375652, 0.008684051223099232, -0.006341699045151472, 0.0017455789493396878, 0.0023185007739812136, -0.0035809576511383057, 0.0016791622620075941, -0.002549522090703249, 0.0019514390733093023], [0.00042898612446151674, 0.00011417658242862672, 0.0011571382638067007, 0.0007636185036972165, 0.0005670523387379944, -0.006341699045151472, 0.015864677727222443, -0.00831963773816824, -0.0007811397663317621, 0.0010862566996365786, -0.0014040141832083464, 0.0029116428922861814, -0.0013791735982522368], [-0.0001999153319047764, 0.00044655261444859207, -0.0006029487703926861, 0.0021160931792110205, -0.0008601955487392843, 0.0017455789493396878, -0.00831963773816824, 0.016272984445095062, -0.009392069652676582, 0.0024867895990610123, 0.0016609948361292481, -0.001256500487215817, -0.00047485806862823665], [0.00016387632058467716, 4.0817438275553286e-05, 0.00039263375219888985, -0.002021337626501918, 0.000841015309561044, 0.0023185007739812136, -0.0007811397663317621, -0.009392069652676582, 0.0195161122828722, -0.010132531635463238, 0.0005987424519844353, -0.00035679867141880095, -0.001278621843084693], [5.6893917644629255e-05, 0.0003214162716176361, 0.0005905344150960445, -0.00022342451848089695, 0.000664394989144057, -0.0035809576511383057, 0.0010862566996365786, 0.0024867895990610123, -0.010132531635463238, 0.021974289789795876, -0.009683607146143913, -8.198993555197376e-07, 0.0003158398321829736], [0.00035768310772255063, 0.00044870140845887363, -0.0008994388626888394, 0.002547563286498189, -0.0011459821835160255, 0.0016791622620075941, -0.0014040141832083464, 0.0016609948361292481, 0.0005987424519844353, -0.009683607146143913, 0.023910515010356903, -0.012177573516964912, 0.002286056289449334], [0.00019581096421461552, -0.0001900775241665542, 0.00020614403183571994, -0.00048629665980115533, 0.0018626553937792778, -0.002549522090703249, 0.0029116428922861814, -0.001256500487215817, -0.00035679867141880095, -8.198993555197376e-07, -0.012177573516964912, 0.029018988832831383, -0.011419173330068588], [0.00039820195524953306, 0.00022296381939668208, 0.00011228308721911162, 0.0006108225788921118, 0.0014825694961473346, 0.0019514390733093023, -0.0013791735982522368, -0.00047485806862823665, -0.001278621843084693, 0.0003158398321829736, 0.002286056289449334, -0.011419173330068588, 0.025588886812329292]], "metadata.audio_properties.analysis.downmix": "mix", "metadata.audio_properties.codec": "mp3", "metadata.audio_properties.md5_encoded": "355e80678e7d9182128038c4d9dd5364", "metadata.tags.file_name": "1182273776965124196.mp3", "metadata.version.essentia": "2.1-beta6-dev", "metadata.version.essentia_git_sha": "v2.1_beta5-1110-g77a6a954", "metadata.version.extractor": "music 2.0", "tonal.chords_key": "C", "tonal.chords_scale": "minor", "tonal.key_edma.key": "C", "tonal.key_edma.scale": "major", "tonal.key_krumhansl.key": "C", "tonal.key_krumhansl.scale": "major", "tonal.key_temperley.key": "C", "tonal.key_temperley.scale": "major", "metadata.tags.encoding": ["Lavf58.45.100"]}, "essentia_models": [{"model