{"song_id": "1182280437817688155", "download": "https://cdn.discordapp.com/attachments/1135911532732108921/1182280437817688155/chirp.mp4?ex=65841f76&amp", "lyrics": "\u0418\u0440\u0438\u043d\u0430 \u042e\u0440\u044c\u0435\u0432\u043d\u0430, \u0442\u0435\u0449\u0430 \u0434\u043e\u0440\u043e\u0433\u0430\u044f!\n\u0421 \u0414\u043d\u0451\u043c \u0420\u043e\u0436\u0434\u0435\u043d\u0438\u044f! \u0412\u0430\u0441 \u044f \u043f\u043e\u0437\u0434\u0440\u0430\u0432\u043b\u044f\u044e!\n\u041f\u0443\u0441\u0442\u044c \u0431\u043b\u0435\u0441\u0442\u044f\u0442 \u043e\u0442 \u0440\u0430\u0434\u043e\u0441\u0442\u0438 \u0433\u043b\u0430\u0437\u0430,\n\u041b\u0443\u0447\u0448\u0435\u0439 \u0442\u0435\u0449\u0438 \u0432 \u043c\u0438\u0440\u0435 \u043d\u0435 \u043d\u0430\u0439\u0442\u0438!\n\n\u0412\u0430\u043c \u0436\u0435\u043b\u0430\u044e \u043a\u0440\u0435\u043f\u043a\u043e\u0433\u043e \u0437\u0434\u043e\u0440\u043e\u0432\u044c\u044f,\n\u0414\u043e\u043b\u0433\u0438\u0445 \u043b\u0435\u0442, \u043d\u0435\u0443\u0442\u043e\u043c\u0438\u043c\u044b\u0445 \u0441\u0438\u043b.\n\u0427\u0442\u043e\u0431\u044b \u0436\u0438\u0437\u043d\u044c \u0431\u044b\u043b\u0430 \u0412\u0430\u0448\u0430 \u0441\u043f\u043e\u043a\u043e\u0439\u043d\u0430,\n\u0422\u043e\u043b\u044c\u043a\u043e \u043f\u0440\u0430\u0437\u0434\u043d\u0438\u043a \u0432 \u0434\u043e\u043c \u0412\u0430\u0448 \u0437\u0430\u0445\u043e\u0434\u0438\u043b.\n\n\u041d\u0430 \u0433\u043e\u0434\u0430 \u0412\u044b, \u0442\u0435\u0449\u0430, \u043d\u0435 \u0440\u043e\u043f\u0449\u0438\u0442\u0435,\n\u041d\u0435 \u0441\u0434\u0430\u0432\u0430\u0439\u0442\u0435\u0441\u044c \u0432 \u0438\u0445 \u0436\u0435\u0441\u0442\u043e\u043a\u0438\u0439 \u043f\u043b\u0435\u043d,\n\u0412 \u043a\u0430\u0436\u0434\u043e\u043c \u0434\u043d\u0435 \u043f\u0440\u0435\u043a\u0440\u0430\u0441\u043d\u043e\u0435 \u0438\u0449\u0438\u0442\u0435,\n\u041f\u0443\u0441\u0442\u044c \u043d\u0435 \u0431\u0443\u0434\u0435\u0442 \u0433\u043e\u0440\u044f \u0438 \u043f\u0440\u043e\u0431\u043b\u0435\u043c!\n\n\u041a\u0430\u0440\u0438\u043d\u0430 \u0438 \u0410\u0440\u0441\u0435\u043d\u0438\u0439 \u0412\u0430\u0441 \u0442\u043e\u0436\u0435 \u043f\u043e\u0437\u0434\u0440\u0430\u0432\u043b\u044f\u044e\u0442,\n\u0421\u0447\u0430\u0441\u0442\u044c\u044f, \u0440\u0430\u0434\u043e\u0441\u0442\u0438 \u0432 \u0436\u0438\u0437\u043d\u0438 \u0412\u0430\u043c \u0436\u0435\u043b\u0430\u044e\u0442.", "style": ["random"], "essentia_features": {"lowlevel.average_loudness": 0.6571358442306519, "lowlevel.barkbands_crest.mean": 14.435844421386719, "lowlevel.barkbands_crest.stdev": 4.284141540527344, "lowlevel.barkbands_flatness_db.mean": 0.29342132806777954, "lowlevel.barkbands_flatness_db.stdev": 0.06848827749490738, "lowlevel.barkbands_kurtosis.mean": 21.317384719848633, "lowlevel.barkbands_kurtosis.stdev": 18.948530197143555, "lowlevel.barkbands_skewness.mean": 2.716796398162842, "lowlevel.barkbands_skewness.stdev": 1.6209089756011963, "lowlevel.barkbands_spread.mean": 6.434205532073975, "lowlevel.barkbands_spread.stdev": 13.032176971435547, "lowlevel.dissonance.mean": 0.35339590907096863, "lowlevel.dissonance.stdev": 0.06926485151052475, "lowlevel.dynamic_complexity": 4.904153347015381, "lowlevel.erbbands_crest.mean": 16.30335807800293, "lowlevel.erbbands_crest.stdev": 5.747652053833008, "lowlevel.erbbands_flatness_db.mean": 0.279529333114624, "lowlevel.erbbands_flatness_db.stdev": 0.06824386119842529, "lowlevel.erbbands_kurtosis.mean": 8.032549858093262, "lowlevel.erbbands_kurtosis.stdev": 7.738224029541016, "lowlevel.erbbands_skewness.mean": 1.9939324855804443, "lowlevel.erbbands_skewness.stdev": 1.1585328578948975, "lowlevel.erbbands_spread.mean": 19.534526824951172, "lowlevel.erbbands_spread.stdev": 28.00519371032715, "lowlevel.hfc.mean": 7.296024799346924, "lowlevel.hfc.stdev": 10.931973457336426, "lowlevel.loudness_ebu128.integrated": -18.595922470092773, "lowlevel.loudness_ebu128.loudness_range": 7.210147857666016, "lowlevel.loudness_ebu128.momentary.mean": -20.477033615112305, "lowlevel.loudness_ebu128.momentary.stdev": 4.220442295074463, "lowlevel.loudness_ebu128.short_term.mean": -19.58629035949707, "lowlevel.loudness_ebu128.short_term.stdev": 2.0831024646759033, "lowlevel.melbands_crest.mean": 17.340669631958008, "lowlevel.melbands_crest.stdev": 4.9273762702941895, "lowlevel.melbands_flatness_db.mean": 0.3853016197681427, "lowlevel.melbands_flatness_db.stdev": 0.08175455778837204, "lowlevel.melbands_kurtosis.mean": 22.02297592163086, "lowlevel.melbands_kurtosis.stdev": 22.154403686523438, "lowlevel.melbands_skewness.mean": 2.5985074043273926, "lowlevel.melbands_skewness.stdev": 1.7830235958099365, "lowlevel.melbands_spread.mean": 5.887475490570068, "lowlevel.melbands_spread.stdev": 9.957812309265137, "lowlevel.pitch_salience.mean": 0.5344511270523071, "lowlevel.pitch_salience.stdev": 0.13092181086540222, "lowlevel.silence_rate_20dB.mean": 1.0, "lowlevel.silence_rate_20dB.stdev": 0.0, "lowlevel.silence_rate_30dB.mean": 0.9921780824661255, "lowlevel.silence_rate_30dB.stdev": 0.0880950465798378, "lowlevel.silence_rate_60dB.mean": 0.2665463387966156, "lowlevel.silence_rate_60dB.stdev": 0.44215139746665955, "lowlevel.spectral_centroid.mean": 475.339111328125, "lowlevel.spectral_centroid.stdev": 375.154296875, "lowlevel.spectral_complexity.mean": 6.18772554397583, "lowlevel.spectral_complexity.stdev": 2.3768563270568848, "lowlevel.spectral_decrease.mean": -4.208852821818709e-09, "lowlevel.spectral_decrease.stdev": 5.406588066136919e-09, "lowlevel.spectral_energy.mean": 0.016546936705708504, "lowlevel.spectral_energy.stdev": 0.021341873332858086, "lowlevel.spectral_energyband_high.mean": 5.741436325479299e-05, "lowlevel.spectral_energyband_high.stdev": 0.00021635125449392945, "lowlevel.spectral_energyband_low.mean": 0.0005048533785156906, "lowlevel.spectral_energyband_low.stdev": 0.0004711088549811393, "lowlevel.spectral_energyband_middle_high.mean": 0.0007931225118227303, "lowlevel.spectral_energyband_middle_high.stdev": 0.0027923607267439365, "lowlevel.spectral_energyband_middle_low.mean": 0.01538127288222313, "lowlevel.spectral_energyband_middle_low.stdev": 0.02015732042491436, "lowlevel.spectral_entropy.mean": 5.931516170501709, "lowlevel.spectral_entropy.stdev": 0.7595217227935791, "lowlevel.spectral_flux.mean": 0.04766395315527916, "lowlevel.spectral_flux.stdev": 0.04693712294101715, "lowlevel.spectral_kurtosis.mean": 29.007415771484375, "lowlevel.spectral_kurtosis.stdev": 20.149229049682617, "lowlevel.spectral_rms.mean": 0.0034189457073807716, "lowlevel.spectral_rms.stdev": 0.0021104917395859957, "lowlevel.spectral_rolloff.mean": 680.7570190429688, "lowlevel.spectral_rolloff.stdev": 1213.156982421875, "lowlevel.spectral_skewness.mean": 3.9968421459198, "lowlevel.spectral_skewness.stdev": 1.713186502456665, "lowlevel.spectral_spread.mean": 2872261.25, "lowlevel.spectral_spread.stdev": 2012006.375, "lowlevel.spectral_strongpeak.mean": 1.1105632781982422, "lowlevel.spectral_strongpeak.stdev": 1.129663109779358, "lowlevel.zerocrossingrate.mean": 0.027729792520403862, "lowlevel.zerocrossingrate.stdev": 0.03050118312239647, "metadata.audio_properties.analysis.equal_loudness": 0.0, "metadata.audio_properties.analysis.length": 38.549320220947266, "metadata.audio_properties.analysis.sample_rate": 44100.0, "metadata.audio_properties.analysis.start_time": 0.0, "metadata.audio_properties.bit_rate": 117512.0, "metadata.audio_properties.length": 38.54933166503906, "metadata.audio_properties.lossless": 0.0, "metadata.audio_properties.number_channels": 1.0, "metadata.audio_properties.replay_gain": -10.696348190307617, "metadata.audio_properties.sample_rate": 48000.0, "rhythm.beats_count": 63.0, "rhythm.beats_loudness.mean": 0.021894734352827072, "rhythm.beats_loudness.stdev": 0.019123153761029243, "rhythm.bpm": 92.25170135498047, "rhythm.bpm_histogram_first_peak_bpm": 92.0, "rhythm.bpm_histogram_first_peak_weight": 0.384615421295166, "rhythm.bpm_histogram_second_peak_bpm": 115.0, "rhythm.bpm_histogram_second_peak_spread": 0.2142857313156128, "rhythm.bpm_histogram_second_peak_weight": 0.17741934955120087, "rhythm.danceability": 1.1945793628692627, "rhythm.onset_rate": 3.57806396484375, "tonal.chords_changes_rate": 0.036057692021131516, "tonal.chords_number_rate": 0.004807692486792803, "tonal.chords_strength.mean": 0.5781859159469604, "tonal.chords_strength.stdev": 0.06813066452741623, "tonal.hpcp_crest.mean": 18.308500289916992, "tonal.hpcp_crest.stdev": 7.813564300537109, "tonal.hpcp_entropy.mean": 1.4176592826843262, "tonal.hpcp_entropy.stdev": 0.6686583161354065, "tonal.key_edma.strength": 0.8466078639030457, "tonal.key_krumhansl.strength": 0.8491395711898804, "tonal.key_temperley.strength": 0.8443107604980469, "tonal.tuning_diatonic_strength": 0.7114134430885315, "tonal.tuning_equal_tempered_deviation": 0.025588499382138252, "tonal.tuning_frequency": 438.2245178222656, "tonal.tuning_nontempered_energy_ratio": 0.6701714992523193, "lowlevel.barkbands.mean": [3.4455001696187537e-06, 0.00010574153566267341, 0.00023379827325697988, 0.0008063541608862579, 0.0031951884739100933, 0.005918045062571764, 0.00229924195446074, 0.002530182246118784, 0.0005647712387144566, 0.00013164871779736131, 0.00016946277173701674, 0.00025498002651147544, 0.00013188687444198877, 3.7894209526712075e-05, 2.8553531592478976e-05, 2.8647204089793377e-05, 3.073994957958348e-05, 7.890615961514413e-06, 6.391660463123117e-06, 8.296326086565387e-06, 5.681417405867251e-06, 1.1434611224103719e-05, 2.279379805258941e-05, 9.208871233568061e-06, 2.6509942472330295e-06, 1.7689651485852664e-06, 2.7285167902846297e-07], "lowlevel.barkbands.stdev": [1.1373049346730113e-05, 0.00015394635556731373, 0.0003355724911671132, 0.0010818627197295427, 0.00436345674097538, 0.008777356706559658, 0.008374919183552265, 0.009853922761976719, 0.0035100330132991076, 0.0007169419550336897, 0.0010447375243529677, 0.001456221449188888, 0.000689016655087471, 0.00013587088324129581, 0.0001311420783167705, 0.00011174225801369175, 6.867490446893498e-05, 1.725007314234972e-05, 1.6497528122272342e-05, 3.6921297578373924e-05, 2.1135587303433567e-05, 4.575894126901403e-05, 0.0001066193071892485, 3.625604949775152e-05, 9.646929356676992e-06, 6.1352807279035915e-06, 1.1939507658098591e-06], "lowlevel.erbbands.mean": [0.0009152829879894853, 0.03379521891474724, 0.24116834998130798, 1.379078984260559, 9.30059814453125, 7.312894344329834, 20.096948623657227, 53.102622985839844, 59.85324478149414, 15.183738708496094, 65.30033874511719, 15.330909729003906, 6.571402072906494, 4.505489349365234, 7.544803142547607, 10.787206649780273, 6.467339992523193, 2.8804523944854736, 1.2121918201446533, 1.9679057598114014, 1.3963624238967896, 1.7005895376205444, 0.6228864789009094, 0.24362750351428986, 0.42579662799835205, 0.36221611499786377, 0.2848688066005707, 0.2040071040391922, 0.3952745795249939, 0.6192464828491211, 0.6184190511703491, 0.2784880995750427, 0.12318196147680283, 0.04468432068824768, 0.01021422166377306, 0.004230356775224209, 0.004092296119779348, 0.001104168128222227, 3.4696131478995085e-05, 1.928280107676983e-05], "lowlevel.erbbands.stdev": [0.0012988344533368945, 0.044252946972846985, 0.2808791697025299, 1.5382511615753174, 14.217119216918945, 12.196728706359863, 34.00859451293945, 84.21308898925781, 169.34066772460938, 43.200687408447266, 261.4082336425781, 77.62417602539062, 33.119407653808594, 23.03900909423828, 53.30154800415039, 53.39855194091797, 28.78668212890625, 8.412670135498047, 7.154460906982422, 7.941779136657715, 4.7408857345581055, 3.71004056930542, 1.2339789867401123, 0.49696287512779236, 1.4421638250350952, 1.519473671913147, 1.0918728113174438, 0.8124803304672241, 1.6352479457855225, 2.7541990280151367, 2.8874707221984863, 1.1518040895462036, 0.4806666076183319, 0.16709426045417786, 0.03941521421074867, 0.016961228102445602, 0.014926126226782799, 0.003942681942135096, 0.00010117451893165708, 2.3970798793016e-05], "lowlevel.gfcc.mean": [-160.1680450439453, 145.67855834960938, -72.4717788696289, -0.6695984601974487, -68.81779479980469, -16.289691925048828, -57.22880172729492, -16.021240234375, -23.918331146240234, -11.075098991394043, -10.255687713623047, 2.143949270248413, -18.527204513549805], "lowlevel.melbands.mean": [1.8085258489008993e-05, 0.00010026289237430319, 0.0004992952453903854, 0.0006147922831587493, 0.0005791521980427206, 0.001244436134584248, 0.0008152868831530213, 0.00020897841022815555, 0.0004939516074955463, 6.937644502613693e-05, 3.0491512006847188e-05, 1.64238408615347e-05, 2.5218623704859056e-05, 2.9120206818333827e-05, 2.191665225836914e-05, 1.0617945008561946e-05, 4.4624271140492056e-06, 1.7361827531203744e-06, 2.1300024855008814e-06, 2.5255835680582095e-06, 1.4556341056959354e-06, 1.859665189840598e-06, 1.1270818731645704e-06, 2.3857316477915447e-07, 1.7395339568793133e-07, 2.736339581588254e-07, 3.467558826741879e-07, 2.132517664676925e-07, 1.996196488107671e-07, 1.2222629663938278e-07, 1.1442582348308861e-07, 2.0529120092760422e-07, 2.5959386107388127e-07, 3.9059560208443145e-07, 3.8782738442932896e-07, 2.5615611320972675e-07, 1.3701576051516895e-07, 9.263118272428983e-08, 6.037816291382114e-08, 2.8123665174462076e-08], "lowlevel.melbands.stdev": [2.674113420653157e-05, 0.00010581313108559698, 0.0006459426367655396, 0.0009873578092083335, 0.0009487845236435533, 0.002039136365056038, 0.0022544285748153925, 0.0007384883938357234, 0.002002635970711708, 0.0004161172837484628, 0.0001603655837243423, 8.644738409202546e-05, 0.00016802303434815258, 0.00018670126155484468, 0.000122960249427706, 4.0729690226726234e-05, 1.4286726582213305e-05, 1.2934551705257036e-05, 8.455781426164322e-06, 1.0330700206395704e-05, 4.876147613686044e-06, 4.199939212412573e-06, 2.4274752377095865e-06, 5.364450998968096e-07, 3.83390300839892e-07, 7.582819989693235e-07, 1.6511637568328297e-06, 9.503962701273849e-07, 8.135082225635415e-07, 4.6959885935393686e-07, 4.947244747199875e-07, 9.055525538315123e-07, 1.0711071354307933e-06, 1.8509683741285698e-06, 1.8972847328768694e-06, 1.1547729172889376e-06, 5.733551802222792e-07, 3.6388775015439023e-07, 2.558799110374821e-07, 1.012453481052944e-07], "lowlevel.melbands128.mean": [1.7144514004030498e-06, 2.16017838283733e-06, 1.4676511455036234e-05, 6.65335392113775e-05, 0.00010629923781380057, 0.00011753178114304319, 0.00015170603001024574, 0.0005416726926341653, 0.0011994667584076524, 0.0005884203128516674, 0.0002716677263379097, 0.0004605754802469164, 0.0008662237087264657, 0.00043458244181238115, 0.0008191991364583373, 0.002147688064724207, 0.001636982779018581, 0.00036808414733968675, 8.344103116542101e-05, 6.975883297855034e-05, 0.00022582152450922877, 0.000726990110706538, 0.0006331135518848896, 0.00015724323748145252, 5.0745275075314566e-05, 4.494099994190037e-05, 4.73780237371102e-05, 3.0864131986163557e-05, 1.4453919902734924e-05, 1.1463342161732726e-05, 1.5553991033812054e-05, 2.8381104129948653e-05, 3.0496797990053892e-05, 1.6735921235522255e-05, 2.581104308774229e-05, 3.713548358064145e-05, 2.948715518868994e-05, 2.1291923985700123e-05, 1.6933467122726142e-05, 1.4275152352638543e-05, 7.676125278521795e-06, 8.472209628962446e-06, 5.419847639132058e-06, 1.965754108823603e-06, 1.2308012173889438e-06, 2.298246499776724e-06, 1.513023335064645e-06, 1.2243822311575059e-06, 2.8354763799143257e-06, 3.671588501674705e-06, 2.251435716971173e-06, 1.718529006211611e-06, 1.4097659004619345e-06, 1.2327068361628335e-06, 1.8265641301695723e-06, 1.941810751304729e-06, 1.9858609903167235e-06, 1.4784022823732812e-06, 8.454334192720125e-07, 3.336177201163082e-07, 1.8650601418812585e-07, 1.6293049043270003e-07, 1.8316616490210436e-07, 1.625890746481673e-07, 1.8290052139491308e-07, 2.845827964392811e-07, 3.101593506471545e-07, 3.437216378188168e-07, 4.320302764426742e-07, 2.5011905790961464e-07, 1.7742780755725107e-07, 2.0775563314145984e-07, 2.2200347871148551e-07, 2.193979895537268e-07, 1.4102147360972594e-07, 1.3709640711567772e-07, 1.0550362361527732e-07, 8.777194437925573e-08, 1.207268098823988e-07, 1.2296543161482987e-07, 1.6836575866818748e-07, 2.861575865154009e-07, 2.2173740887865279e-07, 2.4663825115567306e-07, 2.7998015639241203e-07, 3.753235944259359e-07, 4.241794044901326e-07, 4.208430084418069e-07, 4.171180307821487e-07, 3.429566675094975e-07, 2.9788853339596244e-07, 2.430337815439998e-07, 1.5987293977559602e-07, 1.4408726656256476e-07, 1.0891743329466408e-07, 1.1224135931797719e-07, 8.816132179845226e-08, 6.893917969819086e-08, 6.304620114860882e-08, 5.466948493904056e-08, 4.357484684192059e-08, 2.1893127311045646e-08, 1.3088179429132651e-08, 1.1699229141015621e-08, 1.1157851531606866e-08, 8.04080713123767e-09, 9.33053989626842e-09, 6.249055051199548e-09, 6.080576042677421e-09, 5.131539193570234e-09, 9.649636645292503e-09, 1.300462937336988e-08, 1.563038054541721e-08, 1.4957118210645604e-08, 1.2457888054484556e-08, 1.3352861039095387e-08, 9.655734878322164e-09, 2.2622839157548924e-09, 1.2648214420263315e-10, 2.562676850240142e-12, 2.4864127683849047e-12, 2.429997392541794e-12, 2.3895221738789996e-12, 2.344839600265658e-12, 2.273509288816533e-12, 2.1768229579999243e-12, 2.1209414433065454e-12, 2.103990159180169e-12], "lowlevel.melbands128.stdev": [5.226234861765988e-06, 4.0363097468798514e-06, 3.098586239502765e-05, 9.679588401922956e-05, 0.00013246024900581688, 0.0001824245264288038, 0.00019671778136398643, 0.0007816101424396038, 0.001916774781420827, 0.0014588505728170276, 0.0006268204306252301, 0.0007532986346632242, 0.0017187983030453324, 0.0007121188682503998, 0.0014967197785153985, 0.004020424094051123, 0.004925671499222517, 0.002032505813986063, 0.0006531092221848667, 0.00030177674489095807, 0.001070501864887774, 0.0031418101862072945, 0.0030838712118566036, 0.0012549754464998841, 0.00053880870109424, 0.00041062699165195227, 0.0003312376793473959, 0.00019608611182775348, 0.00011652634566416964, 7.956469198688865e-05, 0.0001337973662884906, 0.00014210000517778099, 0.00022556306794285774, 0.00017756858142092824, 0.0003178782935719937, 0.0002355139295104891, 0.0001773389521986246, 0.00019748121849261224, 0.00012646113464143127, 9.187232353724539e-05, 3.890282823704183e-05, 3.2295240089297295e-05, 2.2195710698724724e-05, 1.0846712029888295e-05, 7.281005309778266e-06, 2.715127993724309e-05, 9.366257472720463e-06, 5.896604307054076e-06, 1.6238429452641867e-05, 1.8476306649972685e-05, 1.1231256394239608e-05, 9.188074727717321e-06, 6.446256065828493e-06, 4.461282969714375e-06, 5.535150648938725e-06, 5.073753982287599e-06, 5.76673755858792e-06, 3.994227881776169e-06, 2.202308223786531e-06, 8.574412504458451e-07, 5.224017627369903e-07, 6.03455816872156e-07, 4.693415576184634e-07, 4.5345061039370194e-07, 5.113039378557005e-07, 7.925034992695146e-07, 1.148690330410318e-06, 1.6334465726686176e-06, 2.6517261630942812e-06, 1.146500608228962e-06, 9.194831136483117e-07, 1.145264036495064e-06, 1.0785803397084237e-06, 9.012790656015568e-07, 5.760313115388271e-07, 5.858129838998138e-07, 4.2776247255460476e-07, 3.9237406213032955e-07, 5.411278607425629e-07, 6.105814804868714e-07, 9.019839239954308e-07, 1.3400969010035624e-06, 9.58875034484663e-07, 1.0869212019315455e-06, 1.2083612546121003e-06, 1.913872893055668e-06, 2.2150270524434745e-06, 2.1619084691337775e-06, 2.2255244402913377e-06, 1.6792105270724278e-06, 1.4582684570996207e-06, 1.1641043329291278e-06, 6.913889478710189e-07, 6.936942895663378e-07, 4.6794997388133197e-07, 4.881944164480956e-07, 3.55562576714874e-07, 3.218541166916111e-07, 2.93663589445714e-07, 2.391318218997185e-07, 1.7658027218203642e-07, 8.698281561692056e-08, 5.3930520493850054e-08, 5.083658294324778e-08, 4.814206988612568e-08, 3.808015236472784e-08, 5.5088744232989484e-08, 2.8714461919321366e-08, 3.1922013477014843e-08, 2.005156574114153e-08, 4.06049913692641e-08, 6.126385443394611e-08, 6.276187747289441e-08, 5.60564430429622e-08, 4.427405286833164e-08, 4.963540689573165e-08, 4.095641159551633e-08, 1.3603391302297041e-08, 1.7938650564985892e-09, 4.864782621877284e-12, 4.755327208394444e-12, 4.651517018783302e-12, 4.562726498708036e-12, 4.48518999718317e-12, 4.419140400835353e-12, 4.368329482862254e-12, 4.3304708777225365e-12, 4.306967543027396e-12], "lowlevel.mfcc.mean": [-824.6853637695312, 190.65745544433594, 37.16282653808594, 14.272125244140625, 2.79433274269104, -7.768927097320557, -23.442148208618164, -6.675262451171875, -25.13435935974121, -16.386579513549805, -8.2356595993042, -3.3306691646575928, 0.30644914507865906], "lowlevel.spectral_contrast_coeffs.mean": [-0.621627688407898, -0.6232388615608215, -0.7685659527778625, -0.8025509119033813, -0.7889766097068787, -0.8055270910263062], "lowlevel.spectral_contrast_coeffs.stdev": [0.07667051255702972, 0.10453791916370392, 0.0635136291384697, 0.06522051990032196, 0.0708981305360794, 0.04253397881984711], "lowlevel.spectral_contrast_valleys.mean": [-7.521792888641357, -7.917366981506348, -9.01826286315918, -9.705958366394043, -10.170026779174805, -12.526196479797363], "lowlevel.spectral_contrast_valleys.stdev": [0.5768455266952515, 0.7828066945075989, 0.8734742403030396, 0.8668097257614136, 0.8524472713470459, 1.0438998937606812], "rhythm.beats_loudness_band_ratio.mean": [0.2578398287296295, 0.5979372262954712, 0.2565480172634125, 0.03966360166668892, 0.009149543941020966, 0.007970736362040043], "rhythm.beats_loudness_band_ratio.stdev": [0.2432665377855301, 0.26025697588920593, 0.24592889845371246, 0.06960614025592804, 0.03067905455827713, 0.03717989847064018], "tonal.hpcp.mean": [0.02707456611096859, 0.017019225284457207, 0.0077259172685444355, 0.006586669012904167, 0.007466956507414579, 0.10050379484891891, 0.22401756048202515, 0.1301775425672531, 0.004844661336392164, 0.006074610166251659, 0.009171032346785069, 0.01408154796808958, 0.02692674845457077, 0.03936155140399933, 0.1892845630645752, 0.34079086780548096, 0.1869429647922516, 0.021236713975667953, 0.010921583510935307, 0.017953189089894295, 0.09104529023170471, 0.12456954270601273, 0.0533403605222702, 0.015615954995155334, 0.023184847086668015, 0.043113429099321365, 0.12166206538677216, 0.19368527829647064, 0.19723954796791077, 0.2809206247329712, 0.3240543603897095, 0.17904719710350037, 0.06464558094739914, 0.03683215007185936, 0.019455747678875923, 0.021434571593999863], "tonal.hpcp.stdev": [0.10931040346622467, 0.07998702675104141, 0.06645966321229935, 0.060488324612379074, 0.05517249181866646, 0.15328285098075867, 0.30762979388237, 0.18470749258995056, 0.027523444965481758, 0.043531954288482666, 0.07114790380001068, 0.080731101334095, 0.11730404943227768, 0.15134376287460327, 0.24119849503040314, 0.4106813371181488, 0.24268020689487457, 0.11139945685863495, 0.07346949726343155, 0.08254396915435791, 0.22250930964946747, 0.28532078862190247, 0.12732385098934174, 0.07628200948238373, 0.1152133196592331, 0.16603481769561768, 0.2607215642929077, 0.33428463339805603, 0.3117370009422302, 0.34538087248802185, 0.37836891412734985, 0.27778753638267517, 0.19897867739200592, 0.15929749608039856, 0.1094774603843689, 0.11064232140779495], "rhythm.beats_position": [0.5340589284896851, 1.09133780002594, 1.6602267026901245, 2.2291154861450195, 2.798004388809204, 3.3668932914733887, 3.9590022563934326, 4.6207709312438965, 5.27092981338501, 5.921088218688965, 6.571247100830078, 7.221405982971191, 7.8715643882751465, 8.521722793579102, 9.044172286987305, 9.578230857849121, 10.100680351257324, 10.623128890991211, 11.145578384399414, 11.6680269241333, 12.190476417541504, 12.71292495727539, 13.374693870544434, 14.04807186126709, 14.733060836791992, 15.418049812316895, 16.068208694458008, 16.729976654052734, 17.391746520996094, 18.04190444946289, 18.703672409057617, 19.353832244873047, 20.003990173339844, 20.654150009155273, 21.30430793762207, 21.954465866088867, 22.593015670776367, 23.231563568115234, 23.881723403930664, 24.53188133239746, 25.18204116821289, 25.843809127807617, 26.517187118530273, 27.167346954345703, 27.84072494506836, 28.39800453186035, 28.96689224243164, 29.512561798095703, 30.046621322631836, 30.569068908691406, 31.09151840209961, 31.613967895507812, 32.136417388916016, 32.647254943847656, 33.274192810058594, 33.9011344909668, 34.528072357177734, 35.15501022338867, 35.78194808959961, 36.44371795654297, 37.08226776123047, 37.709205627441406, 38.336143493652344], "rhythm.bpm_histogram": [0.0, 0.0, 0.0, 0.0, 0.0, 0.0, 0.0, 0.0, 0.0, 0.0, 0.0, 0.0, 0.0, 0.0, 0.0, 0.0, 0.0, 0.0, 0.0, 0.0, 0.0, 0.0, 0.0, 0.0, 0.0, 0.0, 0.0, 0.0, 0.0, 0.0, 0.0, 0.0, 0.0, 0.0, 0.0, 0.0, 0.0, 0.0, 0.0, 0.0, 0.0, 0.0, 0.0, 0.0, 0.0, 0.0, 0.0, 0.0, 0.0, 0.0, 0.0, 0.0, 0.0, 0.0, 0.0, 0.0, 0.0, 0.0, 0.0, 0.0, 0.0, 0.0, 0.0, 0.0, 0.0, 0.0, 0.0, 0.0, 0.0, 0.0, 0.0, 0.0, 0.0, 0.0, 0.0, 0.0, 0.0, 0.0, 0.0, 0.0, 0.0, 0.0, 0.0, 0.0, 0.0, 0.0, 0.0, 0.0, 0.032258063554763794, 0.04838709533214569, 0.0, 0.11290322244167328, 0.27419355511665344, 0.0, 0.04838709533214569, 0.0, 0.11290322244167328, 0.0, 0.0, 0.0, 0.0, 0.016129031777381897, 0.0, 0.0, 0.0, 0.08064515888690948, 0.0, 0.0, 0.032258063554763794, 0.0, 0.016129031777381897, 0.0, 0.032258063554763794, 0.0, 0.0, 0.17741934955120087, 0.0, 0.016129031777381897, 0.0, 0.0, 0.0, 0.0, 0.0, 0.0, 0.0, 0.0, 0.0, 0.0, 0.0, 0.0, 0.0, 0.0, 0.0, 0.0, 0.0, 0.0, 0.0, 0.0, 0.0, 0.0, 0.0, 0.0, 0.0, 0.0, 0.0, 0.0, 0.0, 0.0, 0.0, 0.0, 0.0, 0.0, 0.0, 0.0, 0.0, 0.0, 0.0, 0.0, 0.0, 0.0, 0.0, 0.0, 0.0, 0.0, 0.0, 0.0, 0.0, 0.0, 0.0, 0.0, 0.0, 0.0, 0.0, 0.0, 0.0, 0.0, 0.0, 0.0, 0.0, 0.0, 0.0, 0.0, 0.0, 0.0, 0.0, 0.0, 0.0, 0.0, 0.0, 0.0, 0.0, 0.0, 0.0, 0.0, 0.0, 0.0, 0.0, 0.0, 0.0, 0.0, 0.0, 0.0, 0.0, 0.0, 0.0, 0.0, 0.0, 0.0, 0.0, 0.0, 0.0, 0.0, 0.0, 0.0, 0.0, 0.0, 0.0, 0.0, 0.0, 0.0, 0.0, 0.0, 0.0, 0.0, 0.0, 0.0, 0.0, 0.0, 0.0, 0.0, 0.0, 0.0, 0.0, 0.0, 0.0, 0.0, 0.0, 0.0, 0.0, 0.0, 0.0, 0.0, 0.0, 0.0, 0.0, 0.0, 0.0, 0.0, 0.0, 0.0], "tonal.chords_histogram": [40.625, 35.216346740722656, 0.0, 0.12019230425357819, 0.0, 0.0, 0.12019230425357819, 0.0, 0.0, 0.0, 6.61057710647583, 0.0, 0.0, 0.0, 0.0, 0.0, 0.0, 0.24038460850715637, 0.0, 0.0, 0.0, 0.0, 0.0, 17.06730842590332], "tonal.thpcp": [1.0, 0.5485562682151794, 0.06231597065925598, 0.032047759741544724, 0.052680958062410355, 0.2671588361263275, 0.36553075909614563, 0.1565193384885788, 0.045822691172361374, 0.06803248077630997, 0.12650993466377258, 0.3569991886615753, 0.5683405995368958, 0.5787700414657593, 0.8243197202682495, 0.9508892297744751, 0.5253872871398926, 0.18969282507896423, 0.10807845741510391, 0.05708999186754227, 0.06289655715227127, 0.07944627851247787, 0.049940381199121475, 0.022670552134513855, 0.019327597692608833, 0.021910671144723892, 0.2949134111404419, 0.6573461294174194, 0.3819865882396698, 0.01421593688428402, 0.017825037240982056, 0.02691102772951126, 0.041320204734802246, 0.07901252806186676, 0.11550060659646988, 0.5554273128509521], "lowlevel.gfcc.cov": [[4741.42919921875, -882.3408813476562, -1271.505126953125, -41.68357849121094, -335.1293640136719, -146.84735107421875, -277.0402526855469, 196.1136932373047, 190.83839416503906, -104.13167572021484, 301.4488525390625, 90.66885375976562, -144.59329223632812], [-882.3408813476562, 1865.1060791015625, -243.1497039794922, -908.8045654296875, 510.36907958984375, -154.98240661621094, 20.933645248413086, -24.700592041015625, 126.38949584960938, -193.63047790527344, 162.15420532226562, 66.24546813964844, -16.650203704833984], [-1271.505126953125, -243.1497039794922, 987.0289916992188, 344.528076171875, -54.87202453613281, 117.89311981201172, 167.40853881835938, -51.54235076904297, -175.09593200683594, 83.65190124511719, -191.9763641357422, -40.41097640991211, 79.69776153564453], [-41.68357849121094, -908.8045654296875, 344.528076171875, 943.65185546875, -141.93313598632812, 45.38170623779297, -64.9306869506836, -48.39213180541992, -60.81022262573242, 64.03785705566406, -96.52562713623047, -78.57698822021484, 119.0872573852539], [-335.1293640136719, 510.36907958984375, -54.87202453613281, -141.93313598632812, 444.1529235839844, -76.75963592529297, -181.0628204345703, 12.530588150024414, 80.43854522705078, -2.913861036300659, 44.89458465576172, 30.815242767333984, 0.604009211063385], [-146.84735107421875, -154.98240661621094, 117.89311981201172, 45.38170623779297, -76.75963592529297, 207.11659240722656, 111.35336303710938, 6.951759338378906, -50.648136138916016, 66.79656219482422, -27.323484420776367, -15.802094459533691, -22.307703018188477], [-277.0402526855469, 20.933645248413086, 167.40853881835938, -64.9306869506836, -181.0628204345703, 111.35336303710938, 339.2870178222656, 2.9262733459472656, -97.51930236816406, -12.57540512084961, -59.7911262512207, -27.347326278686523, -39.734230041503906], [196.1136932373047, -24.700592041015625, -51.54235076904297, -48.39213180541992, 12.530588150024414, 6.951759338378906, 2.9262733459472656, 139.40658569335938, 31.826013565063477, 7.865401268005371, 4.624653339385986, 6.97671365737915, -3.9318366050720215], [190.83839416503906, 126.38949584960938, -175.09593200683594, -60.81022262573242, 80.43854522705078, -50.648136138916016, -97.51930236816406, 31.826013565063477, 176.44515991210938, 16.087217330932617, 30.607589721679688, 1.0348607301712036, -11.687483787536621], [-104.13167572021484, -193.63047790527344, 83.65190124511719, 64.03785705566406, -2.913861036300659, 66.79656219482422, -12.57540512084961, 7.865401268005371, 16.087217330932617, 147.0912322998047, -19.885046005249023, -18.5205135345459, -24.422958374023438], [301.4488525390625, 162.15420532226562, -191.9763641357422, -96.52562713623047, 44.89458465576172, -27.323484420776367, -59.7911262512207, 4.624653339385986, 30.607589721679688, -19.885046005249023, 186.10836791992188, 78.48448181152344, -22.72837257385254], [90.66885375976562, 66.24546813964844, -40.41097640991211, -78.57698822021484, 30.815242767333984, -15.802094459533691, -27.347326278686523, 6.97671365737915, 1.0348607301712036, -18.5205135345459, 78.48448181152344, 123.3005599975586, 0.9748632907867432], [-144.59329223632812, -16.650203704833984, 79.69776153564453, 119.0872573852539, 0.604009211063385, -22.307703018188477, -39.734230041503906, -3.9318366050720215, -11.687483787536621, -24.422958374023438, -22.72837257385254, 0.9748632907867432, 112.76053619384766]], "lowlevel.gfcc.icov": [[0.0005480071413330734, 0.0005688032251782715, 0.0004565739072859287, 0.0002469028113409877, 8.460113895125687e-05, 0.00012748675362672657, 0.00012171839625807479, -0.0003937078872695565, -0.00026437841006554663, 0.0007499220664612949, -0.0006544357747770846, 0.00017226175987161696, 0.0002587995841167867], [0.0005688032251782715, 0.004432511981576681, -0.0003089382953476161, 0.0034778406843543053, -0.003949860110878944, 0.0005633474211208522, -0.002748726401478052, 0.001759266946464777, -0.0026699681766331196, 0.003836364485323429, -0.003882788587361574, 0.002760197501629591, -0.0030976813286542892], [0.0004565739072859287, -0.0003089382953476161, 0.0025976691395044327, -0.0009719367953948677, 0.00018775205535348505, 3.511272370815277e-05, -0.00042162882164120674, -0.00035818744800053537, 0.0015488306526094675, -0.0013093177694827318, 0.0016813162947073579, -0.0013317686971276999, -0.00019745065947063267], [0.0002469028113409877, 0.0034778406843543053, -0.0009719367953948677, 0.0045252698473632336, -0.002582394750788808, 0.00013652635971084237, -0.001345292548649013, 0.0018778598168864846, -0.0019935057498514652, 0.0025469802785664797, -0.00315982848405838, 0.0032153362408280373, -0.003949479665607214], [8.460113895125687e-05, -0.003949860110878944, 0.00018775205535348505, -0.002582394750788808, 0.007702905219048262, -0.00035473675234243274, 0.005151092540472746, -0.002532758517190814, 0.0017352367285639048, -0.0026877918280661106, 0.002943898318335414, -0.002532411366701126, 0.0039481851272284985], [0.00012748675362672657, 0.0005633474211208522, 3.511272370815277e-05, 0.00013652635971084237, -0.00035473675234243274, 0.00774221308529377, -0.0026229771319776773, -0.00034684562706388533, 0.0009617420146241784, -0.0031726998277008533, -0.0008174811955541372, 0.00025720344274304807, -7.964631367940456e-05], [0.00012171839625807479, -0.002748726401478052, -0.00042162882164120674, -0.001345292548649013, 0.005151092540472746, -0.0026229771319776773, 0.008598053827881813, -0.00236198166385293, 0.0028480750042945147, 0.00018357460794504732, 0.0028255374636501074, -0.0010237762471660972, 0.004783209878951311], [-0.0003937078872695565, 0.001759266946464777, -0.00035818744800053537, 0.0018778598168864846, -0.002532758517190814, -0.00034684562706388533, -0.00236198166385293, 0.009322467260062695, -0.0025747043546289206, 0.0006038438295945525, -0.0008496241644024849, 0.0006364687578752637, -0.002850267104804516], [-0.00026437841006554663, -0.0026699681766331196, 0.0015488306526094675, -0.0019935057498514652, 0.0017352367285639048, 0.0009617420146241784, 0.0028480750042945147, -0.0025747043546289206, 0.010331917554140091, -0.004315515048801899, 0.002545302966609597, -0.0010380935855209827, 0.0020303905475884676], [0.0007499220664612949, 0.003836364485323429, -0.0013093177694827318, 0.0025469802785664797, -0.0026877918280661106, -0.0031726998277008533, 0.00018357460794504732, 0.0006038438295945525, -0.004315515048801899, 0.013984776102006435, -0.0033260579220950603, 0.0030981749296188354, 0.001120594679377973], [-0.0006544357747770846, -0.003882788587361574, 0.0016813162947073579, -0.00315982848405838, 0.002943898318335414, -0.0008174811955541372, 0.0028255374636501074, -0.0008496241644024849, 0.002545302966609597, -0.0033260579220950603, 0.013029968366026878, -0.007905734702944756, 0.00376293552108109], [0.00017226175987161696, 0.002760197501629591, -0.0013317686971276999, 0.0032153362408280373, -0.002532411366701126, 0.00025720344274304807, -0.0010237762471660972, 0.0006364687578752637, -0.0010380935855209827, 0.0030981749296188354, -0.007905734702944756, 0.014048019424080849, -0.0032516303472220898], [0.0002587995841167867, -0.0030976813286542892, -0.00019745065947063267, -0.003949479665607214, 0.0039481851272284985, -7.964631367940456e-05, 0.004783209878951311, -0.002850267104804516, 0.0020303905475884676, 0.001120594679377973, 0.00376293552108109, -0.0032516303472220898, 0.015842380002141]], "lowlevel.mfcc.cov": [[5616.2099609375, -1287.252685546875, -981.5809936523438, -276.7029724121094, -100.53973388671875, -456.99951171875, -349.3546142578125, 156.94696044921875, -323.66986083984375, -21.413616180419922, 147.4744110107422, 150.98373413085938, 169.37547302246094], [-1287.252685546875, 2696.25048828125, -738.1661376953125, -618.1263427734375, 178.6682891845703, -175.8199005126953, -50.659149169921875, 208.59803771972656, -67.36463165283203, -337.3759460449219, 259.4339294433594, 212.90106201171875, 20.36284065246582], [-981.5809936523438, -738.1661376953125, 979.4111938476562, 332.67169189453125, -215.82073974609375, 231.60610961914062, 237.2625732421875, -94.22634887695312, 150.04141235351562, 148.21243286132812, -184.4527130126953, -151.41177368164062, -70.23521423339844], [-276.7029724121094, -618.1263427734375, 332.67169189453125, 512.2107543945312, 127.6915054321289, 82.02691650390625, 9.703537940979004, -88.66288757324219, 52.430381774902344, 96.8314437866211, -158.6233367919922, -159.4542999267578, -8.614649772644043], [-100.53973388671875, 178.6682891845703, -215.82073974609375, 127.6915054321289, 552.999755859375, -60.514068603515625, -163.7699432373047, -68.1855239868164, -23.456506729125977, -44.38521194458008, 14.1747465133667, 3.0507445335388184, 48.716529846191406], [-456.99951171875, -175.8199005126953, 231.60610961914062, 82.02691650390625, -60.514068603515625, 235.67401123046875, 90.04663848876953, -58.3003044128418, 33.025299072265625, 64.2768783569336, -16.688613891601562, -10.16782283782959, -41.104774475097656], [-349.3546142578125, -50.659149169921875, 237.2625732421875, 9.703537940979004, -163.7699432373047, 90.04663848876953, 252.7022705078125, 28.083694458007812, 19.119312286376953, 8.958046913146973, -18.83919334411621, 2.2274088859558105, -28.585222244262695], [156.94696044921875, 208.59803771972656, -94.22634887695312, -88.66288757324219, -68.1855239868164, -58.3003044128418, 28.083694458007812, 160.62115478515625, -15.638344764709473, -58.18070983886719, 34.71513366699219, 31.195295333862305, 32.75591278076172], [-323.66986083984375, -67.36463165283203, 150.04141235351562, 52.430381774902344, -23.456506729125977, 33.025299072265625, 19.119312286376953, -15.638344764709473, 167.1142578125, 86.04727935791016, -45.22672653198242, -64.65803527832031, -29.8635196685791], [-21.413616180419922, -337.3759460449219, 148.21243286132812, 96.8314437866211, -44.38521194458008, 64.2768783569336, 8.958046913146973, -58.18070983886719, 86.04727935791016, 230.4595184326172, -22.20733070373535, -85.14070892333984, -30.196563720703125], [147.4744110107422, 259.4339294433594, -184.4527130126953, -158.6233367919922, 14.1747465133667, -16.688613891601562, -18.83919334411621, 34.71513366699219, -45.22672653198242, -22.20733070373535, 201.82528686523438, 120.92703247070312, -8.071638107299805], [150.98373413085938, 212.90106201171875, -151.41177368164062, -159.4542999267578, 3.0507445335388184, -10.16782283782959, 2.2274088859558105, 31.195295333862305, -64.65803527832031, -85.14070892333984, 120.92703247070312, 202.81190490722656, 19.74686050415039], [169.37547302246094, 20.36284065246582, -70.23521423339844, -8.614649772644043, 48.716529846191406, -41.104774475097656, -28.585222244262695, 32.75591278076172, -29.8635196685791, -30.196563720703125, -8.071638107299805, 19.74686050415039, 104.09478759765625]], "lowlevel.mfcc.icov": [[0.0005210305680520833, 0.0005451907636597753, 0.0005557286785915494, 0.00029496935894712806, 0.000159144212375395, 0.0005593989044427872, 0.0001958206412382424, -0.00042685854714363813, 0.00047067986452020705, -9.126593067776412e-05, -9.824599692365155e-05, -4.306806658860296e-05, -0.00011143912706756964], [0.0005451907636597753, 0.0013095717877149582, 0.0008408597786910832, 0.0010170915629714727, -0.0002596657141111791, 0.00041406883974559605, -7.784305489622056e-05, -0.000862682587467134, -1.427590996172512e-05, 0.0007357504218816757, -0.0004566985880956054, 0.000367288215784356, 0.00014761577767785639], [0.0005557286785915494, 0.0008408597786910832, 0.003266313811764121, -0.0006451040972024202, 0.0008093977812677622, -0.0003985388611909002, -0.0013838192680850625, 0.00026358963805250823, -0.0009145995136350393, 0.00026050303131341934, 0.0004744109755847603, 0.00012112150579923764, -9.039230644702911e-05], [0.00029496935894712806, 0.0010170915629714727, -0.0006451040972024202, 0.004989409353584051, -0.001816708710975945, -0.00034335654345341027, 9.359285468235612e-05, -0.0007544708205386996, 0.0008358282502740622, -0.00012712794705294073, 0.0011663290206342936, 0.0017739636823534966, 0.0002333100710529834], [0.000159144212375395, -0.0002596657141111791, 0.0008093977812677622, -0.001816708710975945, 0.0034447391517460346, 0.0003917448048014194, 0.0011575442040339112, 0.001764887012541294, -0.00040961007471196353, 0.0006342185661196709, -0.0008276709704659879, -0.00021457350521814078, -0.0014643321046605706], [0.0005593989044427872, 0.00041406883974559605, -0.0003985388611909002, -0.00034335654345341027, 0.0003917448048014194, 0.007318565621972084, -0.0012206509709358215, 0.001378555316478014, 0.0006992151029407978, -0.0012111628893762827, -0.0005164982285350561, -0.0013024640502408147, 0.000705360434949398], [0.0001958206412382424, -7.784305489622056e-05, -0.0013838192680850625, 9.359285468235612e-05, 0.0011575442040339112, -0.0012206509709358215, 0.006955106742680073, -0.001963932067155838, 0.0008434538030996919, 5.2603503718273714e-05, 0.0002897088706959039, -0.0008275347645394504, 0.0007115192129276693], [-0.00042685854714363813, -0.000862682587467134, 0.00026358963805250823, -0.0007544708205386996, 0.001764887012541294, 0.001378555316478014, -0.001963932067155838, 0.010516676120460033, -0.0016995675396174192, 0.001889962237328291, -0.0017997596878558397,