{"song_id": "1182268743921963008", "download": "https://cdn.discordapp.com/attachments/1128313332273782784/1182268743921963008/chirp.mp4?ex=65841492&amp", "lyrics": "[Verse]\nIn the land of Vrindavan, a love story was born\nKrishna and Radha, their hearts forever torn\nThey danced in moonlight, their souls entwined\nA divine connection, a love so kind\n\n[Chorus]\nKrishna and Radha, dancing hand in hand\nTheir love like a river, flowing across the land\nTheir feet moved in rhythm, their hearts beat as one\nIn the ecstasy of love, their union was begun", "style": ["random"], "essentia_features": {"lowlevel.average_loudness": 0.9580381512641907, "lowlevel.barkbands_crest.mean": 15.736454963684082, "lowlevel.barkbands_crest.stdev": 6.42223596572876, "lowlevel.barkbands_flatness_db.mean": 0.28962770104408264, "lowlevel.barkbands_flatness_db.stdev": 0.10293596982955933, "lowlevel.barkbands_kurtosis.mean": 54.12854766845703, "lowlevel.barkbands_kurtosis.stdev": 186.65065002441406, "lowlevel.barkbands_skewness.mean": 3.256174325942993, "lowlevel.barkbands_skewness.stdev": 5.372012138366699, "lowlevel.barkbands_spread.mean": 9.139791488647461, "lowlevel.barkbands_spread.stdev": 11.856471061706543, "lowlevel.dissonance.mean": 0.35897934436798096, "lowlevel.dissonance.stdev": 0.08743983507156372, "lowlevel.dynamic_complexity": 5.688331127166748, "lowlevel.erbbands_crest.mean": 15.500542640686035, "lowlevel.erbbands_crest.stdev": 6.720181941986084, "lowlevel.erbbands_flatness_db.mean": 0.2916637361049652, "lowlevel.erbbands_flatness_db.stdev": 0.08323951810598373, "lowlevel.erbbands_kurtosis.mean": 12.072361946105957, "lowlevel.erbbands_kurtosis.stdev": 26.067628860473633, "lowlevel.erbbands_skewness.mean": 1.5048400163650513, "lowlevel.erbbands_skewness.stdev": 2.361640691757202, "lowlevel.erbbands_spread.mean": 18.053485870361328, "lowlevel.erbbands_spread.stdev": 17.60486602783203, "lowlevel.hfc.mean": 13.919060707092285, "lowlevel.hfc.stdev": 15.130830764770508, "lowlevel.loudness_ebu128.integrated": -13.850303649902344, "lowlevel.loudness_ebu128.loudness_range": 2.3165292739868164, "lowlevel.loudness_ebu128.momentary.mean": -15.135799407958984, "lowlevel.loudness_ebu128.momentary.stdev": 4.475988864898682, "lowlevel.loudness_ebu128.short_term.mean": -14.043357849121094, "lowlevel.loudness_ebu128.short_term.stdev": 0.8511221408843994, "lowlevel.melbands_crest.mean": 18.72934913635254, "lowlevel.melbands_crest.stdev": 7.310944080352783, "lowlevel.melbands_flatness_db.mean": 0.32491573691368103, "lowlevel.melbands_flatness_db.stdev": 0.12175645679235458, "lowlevel.melbands_kurtosis.mean": 39.30183029174805, "lowlevel.melbands_kurtosis.stdev": 78.18920135498047, "lowlevel.melbands_skewness.mean": 2.9530768394470215, "lowlevel.melbands_skewness.stdev": 3.387176275253296, "lowlevel.melbands_spread.mean": 17.089651107788086, "lowlevel.melbands_spread.stdev": 30.003908157348633, "lowlevel.pitch_salience.mean": 0.48358798027038574, "lowlevel.pitch_salience.stdev": 0.21034646034240723, "lowlevel.silence_rate_20dB.mean": 1.0, "lowlevel.silence_rate_20dB.stdev": 0.0, "lowlevel.silence_rate_30dB.mean": 0.9992722272872925, "lowlevel.silence_rate_30dB.stdev": 0.02696804516017437, "lowlevel.silence_rate_60dB.mean": 0.2940320372581482, "lowlevel.silence_rate_60dB.stdev": 0.455608069896698, "lowlevel.spectral_centroid.mean": 984.6942138671875, "lowlevel.spectral_centroid.stdev": 1086.8345947265625, "lowlevel.spectral_complexity.mean": 3.869723320007324, "lowlevel.spectral_complexity.stdev": 3.0414035320281982, "lowlevel.spectral_decrease.mean": -5.1793289657098285e-09, "lowlevel.spectral_decrease.stdev": 4.902417582997032e-09, "lowlevel.spectral_energy.mean": 0.020810462534427643, "lowlevel.spectral_energy.stdev": 0.019707409664988518, "lowlevel.spectral_energyband_high.mean": 0.0001474637829232961, "lowlevel.spectral_energyband_high.stdev": 0.0003507767978589982, "lowlevel.spectral_energyband_low.mean": 1.522006368759321e-05, "lowlevel.spectral_energyband_low.stdev": 7.693302177358419e-05, "lowlevel.spectral_energyband_middle_high.mean": 0.005343838594853878, "lowlevel.spectral_energyband_middle_high.stdev": 0.010085094720125198, "lowlevel.spectral_energyband_middle_low.mean": 0.015417492017149925, "lowlevel.spectral_energyband_middle_low.stdev": 0.01574007049202919, "lowlevel.spectral_entropy.mean": 6.284438610076904, "lowlevel.spectral_entropy.stdev": 1.1190803050994873, "lowlevel.spectral_flux.mean": 0.05850321799516678, "lowlevel.spectral_flux.stdev": 0.04831847548484802, "lowlevel.spectral_kurtosis.mean": 10.986611366271973, "lowlevel.spectral_kurtosis.stdev": 8.713691711425781, "lowlevel.spectral_rms.mean": 0.0037582209333777428, "lowlevel.spectral_rms.stdev": 0.00248569343239069, "lowlevel.spectral_rolloff.mean": 1639.6268310546875, "lowlevel.spectral_rolloff.stdev": 2581.491943359375, "lowlevel.spectral_skewness.mean": 2.591179132461548, "lowlevel.spectral_skewness.stdev": 1.094765067100525, "lowlevel.spectral_spread.mean": 4327356.0, "lowlevel.spectral_spread.stdev": 2001095.375, "lowlevel.spectral_strongpeak.mean": 1.7836804389953613, "lowlevel.spectral_strongpeak.stdev": 1.8384220600128174, "lowlevel.zerocrossingrate.mean": 0.059358157217502594, "lowlevel.zerocrossingrate.stdev": 0.07621694356203079, "metadata.audio_properties.analysis.equal_loudness": 0.0, "metadata.audio_properties.analysis.length": 31.87199592590332, "metadata.audio_properties.analysis.sample_rate": 44100.0, "metadata.audio_properties.analysis.start_time": 0.0, "metadata.audio_properties.bit_rate": 121704.0, "metadata.audio_properties.length": 31.871999740600586, "metadata.audio_properties.lossless": 0.0, "metadata.audio_properties.number_channels": 1.0, "metadata.audio_properties.replay_gain": -14.169059753417969, "metadata.audio_properties.sample_rate": 48000.0, "rhythm.beats_count": 56.0, "rhythm.beats_loudness.mean": 0.030624300241470337, "rhythm.beats_loudness.stdev": 0.020718304440379143, "rhythm.bpm": 104.6032485961914, "rhythm.bpm_histogram_first_peak_bpm": 103.0, "rhythm.bpm_histogram_first_peak_weight": 0.59375, "rhythm.bpm_histogram_second_peak_bpm": 108.0, "rhythm.bpm_histogram_second_peak_spread": 0.23076921701431274, "rhythm.bpm_histogram_second_peak_weight": 0.1818181872367859, "rhythm.danceability": 1.5426214933395386, "rhythm.onset_rate": 4.295666217803955, "tonal.chords_changes_rate": 0.0872092992067337, "tonal.chords_number_rate": 0.01744186133146286, "tonal.chords_strength.mean": 0.5709069967269897, "tonal.chords_strength.stdev": 0.08766644448041916, "tonal.hpcp_crest.mean": 22.286497116088867, "tonal.hpcp_crest.stdev": 9.464774131774902, "tonal.hpcp_entropy.mean": 1.1424510478973389, "tonal.hpcp_entropy.stdev": 0.8107205033302307, "tonal.key_edma.strength": 0.7453165054321289, "tonal.key_krumhansl.strength": 0.7404981851577759, "tonal.key_temperley.strength": 0.7300349473953247, "tonal.tuning_diatonic_strength": 0.6708866357803345, "tonal.tuning_equal_tempered_deviation": 0.04264483228325844, "tonal.tuning_frequency": 440.76312255859375, "tonal.tuning_nontempered_energy_ratio": 0.7886825203895569, "lowlevel.barkbands.mean": [5.132720275469183e-07, 1.3158216916053789e-06, 4.760837327921763e-06, 9.281836537411436e-05, 0.0039964234456419945, 0.0031647745054215193, 0.0037568809930235147, 0.0014397267950698733, 0.0025905482470989227, 0.0016089929267764091, 0.0012788897147402167, 0.0013199548702687025, 0.0006640407955273986, 0.00035934330662712455, 0.00016832425899337977, 0.00010227491293335333, 4.663824802264571e-05, 4.067680492880754e-05, 1.7986600141739473e-05, 2.214908272435423e-05, 1.464961860619951e-05, 2.4280314391944557e-05, 4.1561026591807604e-05, 2.923969987023156e-05, 1.5669613276259042e-05, 7.6970582085778e-06, 3.5582755231189367e-07], "lowlevel.barkbands.stdev": [1.315420604441897e-06, 7.465246198989917e-06, 3.0005176085978746e-05, 0.00033556888229213655, 0.007508039940148592, 0.006880882661789656, 0.011620135977864265, 0.005429451819509268, 0.006525848992168903, 0.004602137021720409, 0.0047181351110339165, 0.004286973271518946, 0.002167855389416218, 0.0014484671410173178, 0.0005790593568235636, 0.0004992469330318272, 0.00019246166630182415, 0.00012122702173655853, 5.735386730520986e-05, 5.405187766882591e-05, 4.612821794580668e-05, 8.913985220715404e-05, 0.0001121445166063495, 0.0001014000445138663, 4.5920791308162734e-05, 2.608776958368253e-05, 1.5028673487904598e-06], "lowlevel.erbbands.mean": [3.9985701732803136e-05, 0.0005884290440008044, 0.008378385566174984, 0.2520160377025604, 6.612207412719727, 13.826983451843262, 15.456572532653809, 32.779815673828125, 44.66798782348633, 48.1440544128418, 37.930850982666016, 41.076820373535156, 70.10211944580078, 62.09951400756836, 49.27754211425781, 39.47338104248047, 26.983049392700195, 26.813386917114258, 9.233808517456055, 7.658961296081543, 5.510420322418213, 2.8070762157440186, 2.497305154800415, 1.2907181978225708, 0.754157304763794, 0.9759805798530579, 0.8742061853408813, 0.47856152057647705, 0.7867942452430725, 1.1279462575912476, 1.1745563745498657, 0.7567577362060547, 0.4237751364707947, 0.23128914833068848, 0.08242233097553253, 0.03459310159087181, 0.01413359958678484, 0.002182296710088849, 6.533475971082225e-05, 2.5843470211839303e-05], "lowlevel.erbbands.stdev": [7.663125143153593e-05, 0.0026430313009768724, 0.028974588960409164, 0.6172378659248352, 15.139193534851074, 31.158138275146484, 41.03510284423828, 75.52619934082031, 101.78360748291016, 168.85232543945312, 118.00907135009766, 95.6424331665039, 175.21780395507812, 188.83885192871094, 168.2900848388672, 126.5434799194336, 83.68836975097656, 91.75768280029297, 30.663177490234375, 26.75010108947754, 21.900041580200195, 9.733072280883789, 7.568617820739746, 3.572737693786621, 2.4482908248901367, 2.4367849826812744, 2.1151843070983887, 1.8724836111068726, 3.08184814453125, 3.0303897857666016, 3.2598698139190674, 2.5002012252807617, 1.519827127456665, 0.7304316759109497, 0.23606963455677032, 0.11170162260532379, 0.053895216435194016, 0.008221885189414024, 0.0001969830773305148, 2.2543421437148936e-05], "lowlevel.gfcc.mean": [-155.67071533203125, 60.19118881225586, -134.86163330078125, -33.13822937011719, -102.09724426269531, -5.582883834838867, -56.2943000793457, -8.830090522766113, -29.136371612548828, -4.391371250152588, -9.648632049560547, 3.5886659622192383, -5.992413520812988], "lowlevel.melbands.mean": [2.9460915129675413e-07, 2.1018356619606493e-06, 0.00018977999570779502, 0.0008335306192748249, 0.0005444990820251405, 0.0006875398103147745, 0.0007553303730674088, 0.00048763363156467676, 0.000294031371595338, 0.00030988772050477564, 0.0003573013818822801, 0.00025261304108425975, 0.00014931667828932405, 0.0001761438325047493, 5.2231960580684245e-05, 7.838159217499197e-05, 4.169503154116683e-05, 1.3359672266233247e-05, 1.4960959560994525e-05, 7.243373602250358e-06, 5.979335128358798e-06, 2.868513092835201e-06, 2.39289124692732e-06, 1.7982154076889856e-06, 9.95474579212896e-07, 5.692974127669004e-07, 5.446919999485544e-07, 6.927487561370071e-07, 6.673214443253528e-07, 3.0677924200972484e-07, 2.626134687488957e-07, 4.1996997879323317e-07, 5.289580258249771e-07, 6.669976642115216e-07, 6.956240667932434e-07, 6.047762894922926e-07, 4.1611613710301754e-07, 3.096780289979506e-07, 2.4006845933399745e-07, 1.7747655078892421e-07], "lowlevel.melbands.stdev": [1.2140759508838528e-06, 1.1312236892990768e-05, 0.0004556009080260992, 0.0017274999991059303, 0.001363808405585587, 0.001523708226159215, 0.0018504101317375898, 0.0016008372185751796, 0.000931760121602565, 0.0007714400999248028, 0.0008899788372218609, 0.0007703320006839931, 0.00048821239033713937, 0.0005908677121624351, 0.0003168226685374975, 0.00025819113943725824, 0.0001543576508993283, 6.095333810662851e-05, 5.6426066294079646e-05, 4.2742525693029165e-05, 2.5621793611207977e-05, 1.1352884030202404e-05, 7.700604328420013e-06, 5.379069534683367e-06, 3.022487589987577e-06, 1.94643325812649e-06, 1.868010485850391e-06, 1.7124491478170967e-06, 1.4973068118706578e-06, 1.15399438982422e-06, 1.1739554111045436e-06, 1.8488655086912331e-06, 1.8116901401299401e-06, 1.7644410945649724e-06, 1.8875945215768297e-06, 1.958907205334981e-06, 1.4499401004286483e-06, 1.1273917834841996e-06, 8.881151529749332e-07, 5.28599514382222e-07], "lowlevel.melbands128.mean": [1.9640702930701082e-07, 1.6077764541932993e-07, 2.3828609130305267e-07, 7.206897976175242e-07, 1.6586524225203902e-06, 2.543015853007091e-06, 7.3217443059547804e-06, 6.806544115534052e-05, 0.0006667491397820413, 0.0011726095108315349, 0.0007002518395893276, 0.0005888491868972778, 0.0005475616198964417, 0.0003799821133725345, 0.0007574157207272947, 0.0008914309437386692, 0.0005168325733393431, 0.0007472201250493526, 0.0010966493282467127, 0.00041088860598392785, 0.0002787140547297895, 0.0003987835661973804, 0.00027375173522159457, 0.00026233558310195804, 0.00010844825737876818, 0.0003789007314480841, 0.0006488103535957634, 0.00021555223793257028, 0.0003155787708237767, 0.00021345537970773876, 0.00029698509024456143, 0.00021675073367077857, 3.919421578757465e-05, 0.00017766324162948877, 0.0002796876069623977, 0.00015306229761336, 3.624150122050196e-05, 8.059428364504129e-05, 2.621928979351651e-05, 4.286595867597498e-05, 0.00010411949915578589, 0.00011098468530690297, 3.7723875720985234e-05, 8.248920494224876e-06, 2.090298949042335e-05, 1.0914720405708067e-05, 8.762922334426548e-06, 2.3273216356756166e-05, 1.3622700862470083e-05, 3.82447979063727e-06, 8.606516530562658e-06, 7.5306093094695825e-06, 7.2482503128412645e-06, 5.394766503741266e-06, 2.7119867809233256e-06, 2.9456282391038258e-06, 2.596927970444085e-06, 1.816578105717781e-06, 2.659748133737594e-06, 2.9913899197708815e-06, 1.574269504089898e-06, 1.154603296527057e-06, 9.812533789954614e-07, 9.953784001481836e-07, 9.460589467380487e-07, 4.768442067870637e-07, 3.796341729866981e-07, 5.690742455044528e-07, 5.791372359453817e-07, 5.388949944062915e-07, 5.589260467786517e-07, 9.06619391116692e-07, 8.356181524504791e-07, 6.695954652968794e-07, 3.8875066366017563e-07, 3.356940965204558e-07, 2.633637734561489e-07, 1.9547807994513278e-07, 2.694304157557781e-07, 3.027009256584279e-07, 4.107195650249196e-07, 4.7051253204699606e-07, 4.454655879726488e-07, 5.090033710075659e-07, 6.23399955657078e-07, 6.271048391681688e-07, 7.077038048919349e-07, 7.243005484269815e-07, 7.043565801723162e-07, 6.390855560312048e-07, 7.12696191840223e-07, 5.969867515887017e-07, 4.2664231614253367e-07, 4.2409729417158815e-07, 4.0325741679225757e-07, 3.4584394370540394e-07, 2.794388933580194e-07, 2.694075078579772e-07, 2.4320610236827633e-07, 2.207934528541955e-07, 2.2885981820763845e-07, 1.6591853579939198e-07, 1.2383918601699406e-07, 1.147639778764642e-07, 8.669979933983996e-08, 6.696048870935556e-08, 6.692917509099061e-08, 7.079146513433443e-08, 5.688581339313714e-08, 5.259666835399912e-08, 4.692989108434631e-08, 4.897330541098199e-08, 4.987321489124952e-08, 4.18220587050655e-08, 3.095226119853578e-08, 2.526300058036668e-08, 1.0889815271752923e-08, 4.3023131723884944e-09, 1.0722563947851427e-09, 3.6656151204683685e-12, 3.214527819275781e-12, 2.969347207351647e-12, 2.8847501644391205e-12, 2.8315106335996543e-12, 2.775482317932121e-12, 2.7089218455206288e-12, 2.6680305100640345e-12, 2.6510319547229377e-12], "lowlevel.melbands128.stdev": [4.809845677300473e-07, 4.170277065895789e-07, 9.345748139821808e-07, 4.904607976641273e-06, 1.2319784218561836e-05, 1.5309300579247065e-05, 4.636826997739263e-05, 0.0002438513038214296, 0.0017139792907983065, 0.002731442917138338, 0.002130506793037057, 0.0020314462017267942, 0.0017806955147534609, 0.0013848155504092574, 0.0020550969056785107, 0.002455554436892271, 0.0013881390914320946, 0.0022766459733247757, 0.004468908067792654, 0.0020426546689122915, 0.0013371558161452413, 0.0018999237800017, 0.0010004234500229359, 0.0013235656078904867, 0.0004096072807442397, 0.0012543577468022704, 0.0022965569514781237, 0.0008334407466463745, 0.001096599269658327, 0.001035476685501635, 0.0012924721231684089, 0.001030850107781589, 0.00018108227232005447, 0.0011538383550941944, 0.0010268710320815444, 0.0006857408443465829, 0.00026506639551371336, 0.0006536035216413438, 0.00018622350762598217, 0.00022932791034691036, 0.0004429021500982344, 0.0004918118938803673, 0.00020012226013932377, 6.004763417877257e-05, 0.00014438237121794373, 6.303218106040731e-05, 4.62733514723368e-05, 0.00010542405652813613, 6.962367478990927e-05, 2.9729400921496563e-05, 8.736258314456791e-05, 4.494446693570353e-05, 4.353621989139356e-05, 3.626496982178651e-05, 2.0328858227003366e-05, 1.650790545681957e-05, 1.3588959518529009e-05, 1.0218343959422782e-05, 1.0916975952568464e-05, 1.2583082025230397e-05, 5.927503025304759e-06, 4.300786713429261e-06, 3.761378593480913e-06, 3.913818090950372e-06, 3.4525412502262043e-06, 2.4032021883613197e-06, 1.662143745306821e-06, 2.232846100014285e-06, 2.3240195332618896e-06, 2.278406100231223e-06, 1.6576068446738645e-06, 2.9738584998995066e-06, 2.1659527646988863e-06, 1.734359102556482e-06, 1.41865496061655e-06, 1.3688710396309034e-06, 1.1430508948251372e-06, 8.293056339425675e-07, 1.3647945706907194e-06, 1.774404950083408e-06, 2.045928795268992e-06, 2.0485294953687117e-06, 1.6554612329855445e-06, 2.0055322238476947e-06, 2.1967496195429703e-06, 1.876001647360681e-06, 2.0193283489788882e-06, 2.021332420554245e-06, 2.08358892450633e-06, 1.983660013138433e-06, 2.485825007170206e-06, 2.0000989024993032e-06, 1.5378811895061517e-06, 1.5576167697872734e-06, 1.4869846154397237e-06, 1.2873833838966675e-06, 1.0617192174322554e-06, 1.2074439155185246e-06, 9.028780141306925e-07, 8.390324524043535e-07, 8.0834485061132e-07, 4.7224509103216405e-07, 3.5628474392979115e-07, 3.743587342341925e-07, 3.207334486887703e-07, 2.3457572240204172e-07, 2.3077841149188316e-07, 2.2082323880567856e-07, 2.1694455654142075e-07, 2.565699901424523e-07, 1.6558200854888128e-07, 1.991874967188778e-07, 2.2532167065492104e-07, 1.9260262718034937e-07, 1.3664202924701385e-07, 1.1478635286721328e-07, 3.845673646196701e-08, 3.270089621310035e-08, 8.702190967824208e-09, 1.6205191702423072e-11, 8.82050595757411e-12, 5.2680225633150446e-12, 5.083833961444517e-12, 4.996408668744845e-12, 4.92438641946924e-12, 4.866269713577065e-12, 4.823254209224137e-12, 4.79730014393831e-12], "lowlevel.mfcc.mean": [-809.9326782226562, 104.87560272216797, -6.058907985687256, -32.97172927856445, -27.676313400268555, -20.514951705932617, -23.02611541748047, -14.469593048095703, -25.335979461669922, -11.121262550354004, -17.036577224731445, -8.520207405090332, -5.183074951171875], "lowlevel.spectral_contrast_coeffs.mean": [-0.5798584818840027, -0.6203374862670898, -0.6732031106948853, -0.75284743309021, -0.795569658279419, -0.7869378328323364], "lowlevel.spectral_contrast_coeffs.stdev": [0.17747646570205688, 0.14780297875404358, 0.1349775791168213, 0.09504489600658417, 0.06141425669193268, 0.04961923509836197], "lowlevel.spectral_contrast_valleys.mean": [-10.267261505126953, -8.484169006347656, -9.000314712524414, -9.49699592590332, -9.650664329528809, -11.746110916137695], "lowlevel.spectral_contrast_valleys.stdev": [0.9206034541130066, 0.8795170783996582, 0.919325590133667, 0.9482680559158325, 1.0306845903396606, 1.2497328519821167], "rhythm.beats_loudness_band_ratio.mean": [0.08187452703714371, 0.38687461614608765, 0.26748377084732056, 0.23544907569885254, 0.03672835975885391, 0.06933256983757019], "rhythm.beats_loudness_band_ratio.stdev": [0.16275645792484283, 0.3306600749492645, 0.26030057668685913, 0.27325010299682617, 0.07045931369066238, 0.19994698464870453], "tonal.hpcp.mean": [0.06012609973549843, 0.06300447881221771, 0.13070090115070343, 0.18520206212997437, 0.12201859056949615, 0.04477328062057495, 0.020031189545989037, 0.017643794417381287, 0.03131642937660217, 0.05266166850924492, 0.061065446585416794, 0.09741279482841492, 0.14359541237354279, 0.10320036113262177, 0.0413559228181839, 0.028039738535881042, 0.02502695843577385, 0.06267179548740387, 0.0945872813463211, 0.05922526493668556, 0.02513425052165985, 0.022975903004407883, 0.029770750552415848, 0.05446229875087738, 0.0940815880894661, 0.11085023730993271, 0.1634061634540558, 0.20992478728294373, 0.13809190690517426, 0.06651011854410172, 0.05025225877761841, 0.05402481183409691, 0.1431727558374405, 0.20897017419338226, 0.14106090366840363, 0.07324186712503433], "tonal.hpcp.stdev": [0.18786001205444336, 0.18870516121387482, 0.2724638283252716, 0.3448655903339386, 0.263931542634964, 0.14642882347106934, 0.07570016384124756, 0.0677441954612732, 0.11139930784702301, 0.1662602573633194, 0.1782749891281128, 0.22474534809589386, 0.29313305020332336, 0.2398197203874588, 0.14257104694843292, 0.11370803415775299, 0.09174402058124542, 0.17140299081802368, 0.2271898090839386, 0.15607081353664398, 0.0843912735581398, 0.10289117693901062, 0.11738395690917969, 0.16721217334270477, 0.22559702396392822, 0.2431969791650772, 0.292030930519104, 0.3534339964389801, 0.27521294355392456, 0.1912488341331482, 0.1688118875026703, 0.15540282428264618, 0.2846629321575165, 0.35427698493003845, 0.27347713708877563, 0.20088431239128113], "rhythm.beats_position": [0.54566890001297, 1.1029478311538696, 1.6602267026901245, 2.1942856311798096, 2.739954710006714, 3.3320634365081787, 3.9357821941375732, 4.504671096801758, 5.085169792175293, 5.665668964385986, 6.257777690887451, 6.849886417388916, 7.441995143890381, 8.034104347229004, 8.60299301147461, 9.171881675720215, 9.75238037109375, 10.309659957885742, 10.8204984664917, 11.354557991027832, 11.877006530761719, 12.376235961914062, 12.88707447052002, 13.397913932800293, 13.90875244140625, 14.407981872558594, 14.907210350036621, 15.406439781188965, 15.905668258666992, 16.462947845458984, 17.043445587158203, 17.623945236206055, 18.192834854125977, 18.750112533569336, 19.319002151489258, 19.899499893188477, 20.4683895111084, 21.02566909790039, 21.59455680847168, 22.17505645751953, 22.75555419921875, 23.3360538482666, 23.916553497314453, 24.497051239013672, 25.054330825805664, 25.623218536376953, 26.192108154296875, 26.772607803344727, 27.364715576171875, 27.945215225219727, 28.514102935791016, 29.082992553710938, 29.64027214050293, 30.20915985107422, 30.76643943786621, 31.323719024658203], "rhythm.bpm_histogram": [0.0, 0.0, 0.0, 0.0, 0.0, 0.0, 0.0, 0.0, 0.0, 0.0, 0.0, 0.0, 0.0, 0.0, 0.0, 0.0, 0.0, 0.0, 0.0, 0.0, 0.0, 0.0, 0.0, 0.0, 0.0, 0.0, 0.0, 0.0, 0.0, 0.0, 0.0, 0.0, 0.0, 0.0, 0.0, 0.0, 0.0, 0.0, 0.0, 0.0, 0.0, 0.0, 0.0, 0.0, 0.0, 0.0, 0.0, 0.0, 0.0, 0.0, 0.0, 0.0, 0.0, 0.0, 0.0, 0.0, 0.0, 0.0, 0.0, 0.0, 0.0, 0.0, 0.0, 0.0, 0.0, 0.0, 0.0, 0.0, 0.0, 0.0, 0.0, 0.0, 0.0, 0.0, 0.0, 0.0, 0.0, 0.0, 0.0, 0.0, 0.0, 0.0, 0.0, 0.0, 0.0, 0.0, 0.0, 0.0, 0.0, 0.0, 0.0, 0.0, 0.0, 0.0, 0.0, 0.0, 0.0, 0.0, 0.0, 0.0181818176060915, 0.0, 0.1090909093618393, 0.0, 0.23636363446712494, 0.0, 0.2181818187236786, 0.0, 0.0, 0.1818181872367859, 0.0, 0.0181818176060915, 0.0, 0.036363635212183, 0.0, 0.0, 0.0181818176060915, 0.0, 0.072727270424366, 0.0, 0.0, 0.09090909361839294, 0.0, 0.0, 0.0, 0.0, 0.0, 0.0, 0.0, 0.0, 0.0, 0.0, 0.0, 0.0, 0.0, 0.0, 0.0, 0.0, 0.0, 0.0, 0.0, 0.0, 0.0, 0.0, 0.0, 0.0, 0.0, 0.0, 0.0, 0.0, 0.0, 0.0, 0.0, 0.0, 0.0, 0.0, 0.0, 0.0, 0.0, 0.0, 0.0, 0.0, 0.0, 0.0, 0.0, 0.0, 0.0, 0.0, 0.0, 0.0, 0.0, 0.0, 0.0, 0.0, 0.0, 0.0, 0.0, 0.0, 0.0, 0.0, 0.0, 0.0, 0.0, 0.0, 0.0, 0.0, 0.0, 0.0, 0.0, 0.0, 0.0, 0.0, 0.0, 0.0, 0.0, 0.0, 0.0, 0.0, 0.0, 0.0, 0.0, 0.0, 0.0, 0.0, 0.0, 0.0, 0.0, 0.0, 0.0, 0.0, 0.0, 0.0, 0.0, 0.0, 0.0, 0.0, 0.0, 0.0, 0.0, 0.0, 0.0, 0.0, 0.0, 0.0, 0.0, 0.0, 0.0, 0.0, 0.0, 0.0, 0.0, 0.0, 0.0, 0.0, 0.0, 0.0, 0.0, 0.0, 0.0, 0.0, 0.0, 0.0, 0.0, 0.0, 0.0, 0.0, 0.0, 0.0, 0.0, 0.0, 0.0], "tonal.chords_histogram": [25.872093200683594, 5.377906799316406, 6.395349025726318, 3.3430233001708984, 18.45930290222168, 0.0, 1.1627906560897827, 0.0, 5.087209224700928, 0.0, 5.087209224700928, 0.0, 0.2906976640224457, 0.0, 0.0, 0.0, 0.14534883201122284, 13.372093200683594, 1.4534883499145508, 5.377906799316406, 0.0, 0.7267441749572754, 0.0, 7.848837375640869], "tonal.thpcp": [1.0, 0.6578161120414734, 0.31682831048965454, 0.23938220739364624, 0.25735318660736084, 0.6820192933082581, 0.9954525828361511, 0.6719592809677124, 0.34889575839042664, 0.2864173352718353, 0.3001288175582886, 0.6226082444190979, 0.8822305798530579, 0.5812490582466125, 0.2132824808359146, 0.09542079269886017, 0.08404817432165146, 0.14917927980422974, 0.25085970759391785, 0.2908920347690582, 0.46403664350509644, 0.684032678604126, 0.49160635471343994, 0.1970035284757614, 0.13357040286064148, 0.11921869218349457, 0.2985440492630005, 0.4505769908428192, 0.28212612867355347, 0.11972978711128235, 0.10944826155900955, 0.14181627333164215, 0.2594372034072876, 0.4481680691242218, 0.5280473828315735, 0.7784034013748169], "lowlevel.gfcc.cov": [[11104.248046875, -1170.9697265625, -998.1577758789062, -936.3956909179688, -831.8469848632812, -166.03785705566406, -522.0609741210938, 142.98484802246094, 19.646390914916992, -38.82232666015625, 147.49522399902344, 38.88486862182617, -131.5394287109375], [-1170.9697265625, 3381.990234375, 608.2250366210938, -24.524282455444336, 187.2080535888672, -310.9058532714844, 134.88681030273438, -584.2874145507812, -87.59957122802734, -659.446533203125, -165.8793182373047, -442.9903564453125, -59.390174865722656], [-998.1577758789062, 608.2250366210938, 2025.8865966796875, 1112.60546875, 64.8080825805664, -178.94680786132812, -132.28753662109375, -416.4217529296875, -126.77212524414062, -367.3747863769531, -543.7255859375, -92.44564819335938, -193.9358367919922], [-936.3956909179688, -24.524282455444336, 1112.60546875, 1663.603271484375, 317.9560852050781, -133.0275115966797, -165.2436981201172, -227.1455078125, -102.22821044921875, -349.1001281738281, -586.311279296875, -138.25570678710938, -118.42969512939453], [-831.8469848632812, 187.2080535888672, 64.8080825805664, 317.9560852050781, 475.895263671875, 28.691621780395508, -141.2462158203125, -10.456491470336914, 7.874133110046387, -17.70343589782715, -142.0478057861328, -90.54423522949219, 9.620819091796875], [-166.03785705566406, -310.9058532714844, -178.94680786132812, -133.0275115966797, 28.691621780395508, 414.9683532714844, 162.38233947753906, -1.050919771194458, -107.27120208740234, 20.31805419921875, 20.029434204101562, -32.77399826049805, -83.41104888916016], [-522.0609741210938, 134.88681030273438, -132.28753662109375, -165.2436981201172, -141.2462158203125, 162.38233947753906, 505.38702392578125, 18.166107177734375, -79.13518524169922, -44.868255615234375, 80.66941833496094, -32.899078369140625, -122.29261779785156], [142.98484802246094, -584.2874145507812, -416.4217529296875, -227.1455078125, -10.456491470336914, -1.050919771194458, 18.166107177734375, 419.7566833496094, 150.4278106689453, 201.0891571044922, 128.82093811035156, 104.78189849853516, 47.673038482666016], [19.646390914916992, -87.59957122802734, -126.77212524414062, -102.22821044921875, 7.874133110046387, -107.27120208740234, -79.13518524169922, 150.4278106689453, 287.96490478515625, 148.6984405517578, 67.70689392089844, 29.987350463867188, 42.632083892822266], [-38.82232666015625, -659.446533203125, -367.3747863769531, -349.1001281738281, -17.70343589782715, 20.31805419921875, -44.868255615234375, 201.0891571044922, 148.6984405517578, 489.6092529296875, 288.85595703125, 123.41728973388672, 97.92362976074219], [147.49522399902344, -165.8793182373047, -543.7255859375, -586.311279296875, -142.0478057861328, 20.029434204101562, 80.66941833496094, 128.82093811035156, 67.70689392089844, 288.85595703125, 507.5248107910156, 136.0656280517578, 135.03955078125], [38.88486862182617, -442.9903564453125, -92.44564819335938, -138.25570678710938, -90.54423522949219, -32.77399826049805, -32.899078369140625, 104.78189849853516, 29.987350463867188, 123.41728973388672, 136.0656280517578, 255.38958740234375, 89.03639221191406], [-131.5394287109375, -59.390174865722656, -193.9358367919922, -118.42969512939453, 9.620819091796875, -83.41104888916016, -122.29261779785156, 47.673038482666016, 42.632083892822266, 97.92362976074219, 135.03955078125, 89.03639221191406, 250.41021728515625]], "lowlevel.gfcc.icov": [[0.0001598621456651017, 9.442407463211566e-05, 9.8090386018157e-05, 8.27413095976226e-05, 0.00029258333961479366, 0.0001256801770068705, 0.0003513068368192762, 2.806390511977952e-05, 5.36755433131475e-05, 0.0002080620324704796, -5.569723361986689e-05, 0.0001956661290023476, 0.0002882801927626133], [9.442407463211566e-05, 0.0012494096299633384, -0.00034487133962102234, 0.0008371085277758539, -0.0009016363183036447, 0.0012456115800887346, -0.0005022087716497481, 0.001054031541571021, -0.0005231380346231163, 0.001745849964208901, -0.000784282514359802, 0.001543902326375246, -0.0002413087204331532], [9.8090386018157e-05, -0.00034487133962102234, 0.0012846033787354827, -0.0007008624961599708, 0.0007880892953835428, -9.404059710504953e-06, 0.0005164304748177528, 0.000472455081762746, 0.0001469343842472881, -0.0005506270681507885, 0.0007304279715754092, -0.0008123651496134698, 0.0008472616318613291], [8.27413095976226e-05, 0.0008371085277758539, -0.0007008624961599708, 0.0019467687234282494, -0.00120040331967175, 0.0011209264630451798, -0.0003852222580462694, 0.0006081050960347056, -0.00013362687604967505, 0.0012370976619422436, 0.0004069714341312647, 0.0009595597512088716, -0.0002861631801351905], [0.00029258333961479366, -0.0009016363183036447, 0.0007880892953835428, -0.00120040331967175, 0.004583472386002541, -0.0014716793084517121, 0.002063222462311387, -0.0010761246085166931, 0.000524497649166733, -0.001449597766622901, 0.0009647882543504238, 0.00014368066331371665, 0.0004348594229668379], [0.0001256801770068705, 0.0012456115800887346, -9.404059710504953e-06, 0.0011209264630451798, -0.0014716793084517121, 0.00484086899086833, -0.0012441598810255527, 0.0011217596475034952, 0.0009528942755423486, 0.0010359660955145955, -0.0003803545841947198, 0.0015254550380632281, 0.0008275226573459804], [0.0003513068368192762, -0.0005022087716497481, 0.0005164304748177528, -0.0003852222580462694, 0.002063222462311387, -0.0012441598810255527, 0.0043421536684036255, -0.0010904967784881592, 0.0009207713301293552, 0.00013703509466722608, -0.0007766184280626476, 6.94466070854105e-05, 0.0023014582693576813], [2.806390511977952e-05, 0.001054031541571021, 0.000472455081762746, 0.0006081050960347056, -0.0010761246085166931, 0.0011217596475034952, -0.0010904967784881592, 0.005185909103602171, -0.0020917325746268034, 0.0005346862599253654, 9.843502630246803e-05, -0.0002447504666633904, -5.66080007047276e-06], [5.36755433131475e-05, -0.0005231380346231163, 0.0001469343842472881, -0.00013362687604967505, 0.000524497649166733, 0.0009528942755423486, 0.0009207713301293552, -0.0020917325746268034, 0.0058122496120631695, -0.0019482580246403813, 0.00044549512676894665, 0.0001731295487843454, 0.0005704165087081492], [0.0002080620324704796, 0.001745849964208901, -0.0005506270681507885, 0.0012370976619422436, -0.001449597766622901, 0.0010359660955145955, 0.00013703509466722608, 0.0005346862599253654, -0.0019482580246403813, 0.006663687061518431, -0.0032028246205300093, 0.0016261559212580323, -7.727372576482594e-05], [-5.569723361986689e-05, -0.000784282514359802, 0.0007304279715754092, 0.0004069714341312647, 0.0009647882543504238, -0.0003803545841947198, -0.0007766184280626476, 9.843502630246803e-05, 0.00044549512676894665, -0.0032028246205300093, 0.006022336892783642, -0.0019392657559365034, -0.0014004030963405967], [0.0001956661290023476, 0.001543902326375246, -0.0008123651496134698, 0.0009595597512088716, 0.00014368066331371665, 0.0015254550380632281, 6.94466070854105e-05, -0.0002447504666633904, 0.0001731295487843454, 0.0016261559212580323, -0.0019392657559365034, 0.007915171794593334, -0.001557198353111744], [0.0002882801927626133, -0.0002413087204331532, 0.0008472616318613291, -0.0002861631801351905, 0.0004348594229668379, 0.0008275226573459804, 0.0023014582693576813, -5.66080007047276e-06, 0.0005704165087081492, -7.727372576482594e-05, -0.0014004030963405967, -0.001557198353111744, 0.007234453689306974]], "lowlevel.mfcc.cov": [[10410.1533203125, -1047.6905517578125, -1098.1090087890625, -830.5183715820312, -410.5730285644531, -572.56494140625, -450.3199157714844, 14.342503547668457, -573.6524658203125, 263.62335205078125, -288.43414306640625, -130.64459228515625, 43.32807540893555], [-1047.6905517578125, 2719.340576171875, 286.1303405761719, -101.63020324707031, -93.98067474365234, 30.054508209228516, -31.580516815185547, -22.669458389282227, -227.58111572265625, -160.19851684570312, -150.65516662597656, -312.99554443359375, -291.88623046875], [-1098.1090087890625, 286.1303405761719, 1621.964111328125, 774.0277709960938, 16.854385375976562, 340.7955322265625, -187.04034423828125, 116.53589630126953, 76.60430908203125, -309.8620910644531, -113.4058609008789, -274.01361083984375, -371.33209228515625], [-830.5183715820312, -101.63020324707031, 774.0277709960938, 1215.4267578125, 333.73773193359375, 189.2622833251953, -211.7218475341797, 60.69675064086914, 276.09234619140625, -254.7974395751953, -75.40322875976562, -143.65672302246094, -254.12509155273438], [-410.5730285644531, -93.98067474365234, 16.854385375976562, 333.73773193359375, 685.7652587890625, 15.379293441772461, -172.7462615966797, -140.22976684570312, 211.1636199951172, -60.86137390136719, -56.79835891723633, 8.0968017578125, -72.74288940429688], [-572.56494140625, 30.054508209228516, 340.7955322265625, 189.2622833251953, 15.379293441772461, 456.81341552734375, 92.90852355957031, 61.2662467956543, -14.73127555847168, -38.17068862915039, 10.571563720703125, -194.9064483642578, -203.0977325439453], [-450.3199157714844, -31.580516815185547, -187.04034423828125, -211.7218475341797, -172.7462615966797, 92.90852355957031, 454.5155334472656, 84.11763763427734, -79.5479965209961, 110.3821792602539, 71.81880187988281, 44.15312957763672, 70.93959045410156], [14.342503547668457, -22.669458389282227, 116.53589630126953, 60.69675064086914, -140.22976684570312, 61.2662467956543, 84.11763763427734, 342.8187255859375, 27.180076599121094, -12.499892234802246, 2.611982583999634, -102.08036804199219, -62.60682678222656], [-573.6524658203125, -227.58111572265625, 76.60430908203125, 276.09234619140625, 211.1636199951172, -14.73127555847168, -79.5479965209961, 27.180076599121094, 360.0058288574219, -2.3683583736419678, 30.01448631286621, 62.96782684326172, 5.708022594451904], [263.62335205078125, -160.19851684570312, -309.8620910644531, -254.7974395751953, -60.86137390136719, -38.17068862915039, 110.3821792602539, -12.499892234802246, -2.3683583736419678, 258.3887634277344, 111.13815307617188, 74.75011444091797, 113.9914779663086], [-288.43414306640625, -150.65516662597656, -113.4058609008789, -75.40322875976562, -56.79835891723633, 10.571563720703125, 71.81880187988281, 2.611982583999634, 30.01448631286621, 111.13815307617188, 251.3792724609375, 140.35841369628906, 124.37522888183594], [-130.64459228515625, -312.99554443359375, -274.01361083984375, -143.65672302246094, 8.0968017578125, -194.9064483642578, 44.15312957763672, -102.08036804199219, 62.96782684326172, 74.75011444091797, 140.35841369628906, 388.3867492675781, 280.72943115234375], [43.32807540893555, -291.88623046875, -371.33209228515625, -254.12509155273438, -72.74288940429688, -203.0977325439453, 70.93959045410156, -62.60682678222656, 5.708022594451904, 113.9914779663086, 124.37522888183594, 280.72943115234375, 420.4476013183594]], "lowlevel.mfcc.icov": [[0.00016936229076236486, 0.00010159354860661551, 9.708277502795681e-05, -5.293810772855068e-06, 7.338362775044516e-05, 0.0001508774294052273, 0.0002851755707524717, -9.692596358945593e-05, 0.0003212111769244075, -0.00024044557358138263, 0.0002045801084022969, 5.2262832468841225e-05, 0.00012406222231220454], [0.00010159354860661551, 0.0005245159845799208, -1.3690781088371295e-05, 0.00012461624282877892, 3.511615068418905e-05, 0.0003564197395462543, 5.2502393373288214e-05, 0.00010808015940710902, 0.0003250576846767217, 0.00014220723824109882, -4.035184610984288e-05, 0.0004163633566349745, 0.0002933384384959936], [9.708277502795681e-05, -1.3690781088371295e-05, 0.0013016564771533012, -0.0005530743510462344, 0.00046735646901652217, -0.0005379986250773072, 0.0005092963692732155, -0.00013134213804733008, 0.00012059845175826922, 0.0005171504453755915, 0.00011773392907343805, -7.780500163789839e-05, 0.00038656999822705984], [-5.293810772855068e-06, 0.00012461624282877892, -0.0005530743510462344, 0.001822086749598384, -0.0005028207087889314, -6.887385825393721e-05, 5.592832894762978e-05, -0.00011065355647588149, -0.0009033777168951929, 0.0010301575530320406, -0.00035183256841264665, 0.00022376528067979962, 0.00024135223065968603], [7.338362775044516e-05, 3.511615068418905e-05, 0.00046735646901652217, -0.0005028207087889314, 0.00249445135705173, -0.00031170554575510323, 0.0005495763034559786, 0.0009748382144607604, -0.0010320206638425589, -3.754098725039512e-05, 0.0005989597993902862, -0.00015680368233006448, 0.00041080263326875865], [0.0001508774294052273, 0.0003564197395462543, -0.0005379986250773072, -6.887385825393721e-05, -0.00031170554575510323, 0.00444874819368124, -0.0012522035976871848, 0.0004076777840964496, 0.00043926286161877215, 7.949755672598258e-05, -0.0015968915540724993, 0.002098100259900093, 0.0011261200997978449], [0.0002851755707524717, 5.2502393373288214e-05, 0.0005092963692732155, 5.592832894762978e-05, 0.0005495763034559786, -0.0012522035976871848, 0.0038943500258028507, -0.0011418001959100366, 0.0010153105249628425, -0.00137161067686975, 0.000747721060179174, -0.001010037143714726, -3.4926648368127644e-05], [-9.692596358945593e-05, 0.00010808015940710902, -0.00013134213804733008, -0.00011065355647588149, 0.0009748382144607604, 0.0004076777840964496, -0.0011418001959100366, 0.004242402967065573, -0.0013301110593602061, 0.0006995798321440816, -0.0007569783483631909, 0.0016958072083070874, 1.2132526535424404e-05], [0.0003212111769244075, 0.0003250576846767217, 0.00012059845175826922, -0.0009033777168951929, -0.0010320206638425589, 0.00043926286161877215, 0.0010153105249628425, -0.0013301110593602061, 0.005251898430287838, -0.0014600139111280441, 0.0002272400161018595, -0.0010041601490229368, 0.0003451092925388366], [-0.00024044557358138263, 0.00014220723824109882, 0.0005171504453755915, 0.0010301575530320406, -3.754098725039512e-05, 7.949755672598258e-05, -0.00137161067686975, 0.0006995798321440816, -0.0014600139111280441, 0.007542644627392292, -0.002956634620204568, 0.0013725301250815392, -0.0004965569241903722], [0.0002045801084022969, -4.035184610984288e-05, 0.00011773392907343805, -0.00035183256841264665, 0.0005989597993902862, -0.0015968915540724993, 0.000747721060179174, -0.0007569783483631909, 0.0002272400161018595, -0.002956634620204568, 0.0072454409673810005, -0.002809168305248022, -0.0005335418973118067], [5.2262832468841225e-05, 0.0004163633566349745, -7.780500163789839e-05, 0.00022376528067979962, -0.00015680368233006448, 0.002098100259900093, -0.001010037143714726, 0.0016958072083070874, -0.0010041601490229368, 0.0013725301250815392, -0.002809168305248022, 0.0074856760911643505, -0.002766125136986375], [0.00012406222231220454, 0.0002933384384959936, 0.00038656999822705984, 0.00024135223065968603, 0.00041080263326875865, 0.0011261200997978449, -3.4926648368127644e-05, 1.2132526535424404e-05, 0.0003451092925388366, -0.0004965569241903722, -0.0005335418973118067, -0.002766125136986375, 0.00581400329247117]], "metadata.audio_properties.analysis.downmix": "mix", "metadata.audio_properties.codec": "mp3", "metadata.audio_properties.md5_encoded": "abac6ca0e69aae600b96924c8d56c5a7", "metadata.tags.file_name": "1182268743921963008.mp3", "metadata.version.essentia": "2.1-beta6-dev", "metadata.version.essentia_git_sha": "v2.1_beta5-1110-g77a6a954", "metadata.version.extractor": "music 2.0", "tonal.chords_key": "F#", "tonal.chords_scale": "major", "tonal.