{"song_id": "1182272898103246848", "download": "https://cdn.discordapp.com/attachments/1128313332273782784/1182272898103246848/chirp.mp4?ex=65841870&amp", "lyrics": "Last night we went to a bar, \nand it felt like we were listening to a rock star. \nWe tried to make Tom sing,\nBut instead, we hear behind us the door going ding ding. \n\nEray was not able to come,\nBecause he was learning how to use .some(), \nWe tried to bring him over,\nBut his government said to him it's a game over. \n\nWe were eating this morning at Billy,\nDoesn't it sound silly?\nThat would be everything from me today,\nBecause I do not know about what is the other way.", "style": ["soft electronica joy"], "essentia_features": {"lowlevel.average_loudness": 0.889845073223114, "lowlevel.barkbands_crest.mean": 13.860358238220215, "lowlevel.barkbands_crest.stdev": 5.030964374542236, "lowlevel.barkbands_flatness_db.mean": 0.22657746076583862, "lowlevel.barkbands_flatness_db.stdev": 0.0823269709944725, "lowlevel.barkbands_kurtosis.mean": 14.701295852661133, "lowlevel.barkbands_kurtosis.stdev": 33.880401611328125, "lowlevel.barkbands_skewness.mean": 1.8514519929885864, "lowlevel.barkbands_skewness.stdev": 2.821201801300049, "lowlevel.barkbands_spread.mean": 23.9946346282959, "lowlevel.barkbands_spread.stdev": 22.923385620117188, "lowlevel.dissonance.mean": 0.44439613819122314, "lowlevel.dissonance.stdev": 0.04663139209151268, "lowlevel.dynamic_complexity": 4.867783546447754, "lowlevel.erbbands_crest.mean": 11.935735702514648, "lowlevel.erbbands_crest.stdev": 5.235273838043213, "lowlevel.erbbands_flatness_db.mean": 0.21075031161308289, "lowlevel.erbbands_flatness_db.stdev": 0.07220780104398727, "lowlevel.erbbands_kurtosis.mean": 3.270099401473999, "lowlevel.erbbands_kurtosis.stdev": 9.512280464172363, "lowlevel.erbbands_skewness.mean": 0.21296443045139313, "lowlevel.erbbands_skewness.stdev": 1.6650738716125488, "lowlevel.erbbands_spread.mean": 43.00962829589844, "lowlevel.erbbands_spread.stdev": 30.16908073425293, "lowlevel.hfc.mean": 26.498701095581055, "lowlevel.hfc.stdev": 41.425479888916016, "lowlevel.loudness_ebu128.integrated": -18.283863067626953, "lowlevel.loudness_ebu128.loudness_range": 6.26025390625, "lowlevel.loudness_ebu128.momentary.mean": -20.499908447265625, "lowlevel.loudness_ebu128.momentary.stdev": 6.017526626586914, "lowlevel.loudness_ebu128.short_term.mean": -19.211483001708984, "lowlevel.loudness_ebu128.short_term.stdev": 2.6169052124023438, "lowlevel.melbands_crest.mean": 17.948652267456055, "lowlevel.melbands_crest.stdev": 6.0791778564453125, "lowlevel.melbands_flatness_db.mean": 0.2677694857120514, "lowlevel.melbands_flatness_db.stdev": 0.09953092038631439, "lowlevel.melbands_kurtosis.mean": 32.952823638916016, "lowlevel.melbands_kurtosis.stdev": 57.90224838256836, "lowlevel.melbands_skewness.mean": 3.490565299987793, "lowlevel.melbands_skewness.stdev": 3.185896635055542, "lowlevel.melbands_spread.mean": 29.225122451782227, "lowlevel.melbands_spread.stdev": 39.70545196533203, "lowlevel.pitch_salience.mean": 0.48656776547431946, "lowlevel.pitch_salience.stdev": 0.1632061004638672, "lowlevel.silence_rate_20dB.mean": 1.0, "lowlevel.silence_rate_20dB.stdev": 0.0, "lowlevel.silence_rate_30dB.mean": 1.0, "lowlevel.silence_rate_30dB.stdev": 0.0, "lowlevel.silence_rate_60dB.mean": 0.17227564752101898, "lowlevel.silence_rate_60dB.stdev": 0.37761950492858887, "lowlevel.spectral_centroid.mean": 1845.3958740234375, "lowlevel.spectral_centroid.stdev": 1477.64892578125, "lowlevel.spectral_complexity.mean": 9.262019157409668, "lowlevel.spectral_complexity.stdev": 7.726139068603516, "lowlevel.spectral_decrease.mean": -6.1445986077046655e-09, "lowlevel.spectral_decrease.stdev": 6.111311456891144e-09, "lowlevel.spectral_energy.mean": 0.02559463120996952, "lowlevel.spectral_energy.stdev": 0.024489428848028183, "lowlevel.spectral_energyband_high.mean": 0.0020655058324337006, "lowlevel.spectral_energyband_high.stdev": 0.004125908482819796, "lowlevel.spectral_energyband_low.mean": 0.01360399927943945, "lowlevel.spectral_energyband_low.stdev": 0.018623456358909607, "lowlevel.spectral_energyband_middle_high.mean": 0.003700140630826354, "lowlevel.spectral_energyband_middle_high.stdev": 0.0064186817035079, "lowlevel.spectral_energyband_middle_low.mean": 0.006864984054118395, "lowlevel.spectral_energyband_middle_low.stdev": 0.006901611108332872, "lowlevel.spectral_entropy.mean": 7.208685398101807, "lowlevel.spectral_entropy.stdev": 0.7459918260574341, "lowlevel.spectral_flux.mean": 0.06958327442407608, "lowlevel.spectral_flux.stdev": 0.04688360542058945, "lowlevel.spectral_kurtosis.mean": 5.369383335113525, "lowlevel.spectral_kurtosis.stdev": 12.580896377563477, "lowlevel.spectral_rms.mean": 0.004257313907146454, "lowlevel.spectral_rms.stdev": 0.002616418991237879, "lowlevel.spectral_rolloff.mean": 2492.91943359375, "lowlevel.spectral_rolloff.stdev": 3148.982177734375, "lowlevel.spectral_skewness.mean": 1.456562876701355, "lowlevel.spectral_skewness.stdev": 1.077319860458374, "lowlevel.spectral_spread.mean": 5574257.5, "lowlevel.spectral_spread.stdev": 3047422.75, "lowlevel.spectral_strongpeak.mean": 0.968216061592102, "lowlevel.spectral_strongpeak.stdev": 1.219162940979004, "lowlevel.zerocrossingrate.mean": 0.08494959026575089, "lowlevel.zerocrossingrate.stdev": 0.08696550875902176, "metadata.audio_properties.analysis.equal_loudness": 0.0, "metadata.audio_properties.analysis.length": 28.94931983947754, "metadata.audio_properties.analysis.sample_rate": 44100.0, "metadata.audio_properties.analysis.start_time": 0.0, "metadata.audio_properties.bit_rate": 126371.0, "metadata.audio_properties.length": 28.94933319091797, "metadata.audio_properties.lossless": 0.0, "metadata.audio_properties.number_channels": 1.0, "metadata.audio_properties.replay_gain": -9.125871658325195, "metadata.audio_properties.sample_rate": 48000.0, "rhythm.beats_count": 55.0, "rhythm.beats_loudness.mean": 0.036136213690042496, "rhythm.beats_loudness.stdev": 0.02781110815703869, "rhythm.bpm": 117.41287994384766, "rhythm.bpm_histogram_first_peak_bpm": 117.0, "rhythm.bpm_histogram_first_peak_weight": 0.3488371968269348, "rhythm.bpm_histogram_second_peak_bpm": 123.0, "rhythm.bpm_histogram_second_peak_spread": 0.40000003576278687, "rhythm.bpm_histogram_second_peak_weight": 0.0555555559694767, "rhythm.danceability": 1.0648434162139893, "rhythm.onset_rate": 5.005714416503906, "tonal.chords_changes_rate": 0.12479999661445618, "tonal.chords_number_rate": 0.024000000208616257, "tonal.chords_strength.mean": 0.47947031259536743, "tonal.chords_strength.stdev": 0.09486521780490875, "tonal.hpcp_crest.mean": 17.91124153137207, "tonal.hpcp_crest.stdev": 9.248248100280762, "tonal.hpcp_entropy.mean": 1.5600425004959106, "tonal.hpcp_entropy.stdev": 0.9100242257118225, "tonal.key_edma.strength": 0.6738258600234985, "tonal.key_krumhansl.strength": 0.6844207644462585, "tonal.key_temperley.strength": 0.6951667666435242, "tonal.tuning_diatonic_strength": 0.6185582876205444, "tonal.tuning_equal_tempered_deviation": 0.17012327909469604, "tonal.tuning_frequency": 444.0853271484375, "tonal.tuning_nontempered_energy_ratio": 0.8681135773658752, "lowlevel.barkbands.mean": [0.00027903556474484503, 0.011507963761687279, 0.0012274918844923377, 0.0007396444561891258, 0.001334823202341795, 0.0027149508241564035, 0.00016073850565589964, 0.0006569055840373039, 0.0011624159524217248, 0.00039913723594509065, 0.0005825837142765522, 0.0003970593970734626, 0.0002355491742491722, 0.0003070895909331739, 0.0003663809038698673, 0.00023077067453414202, 0.0004017408355139196, 0.00038603393477387726, 0.00032281188759952784, 0.0003440443251747638, 0.0005696584703400731, 8.003772381925955e-05, 0.00014680420281365514, 0.00032149869366548955, 0.000547049508895725, 0.00016978313215076923, 2.6459188120497856e-06], "lowlevel.barkbands.stdev": [0.0007448251126334071, 0.01592746004462242, 0.002196040702983737, 0.0016325537580996752, 0.0021290446165949106, 0.004086118191480637, 0.0006454628310166299, 0.0022818357683718204, 0.0028197949286550283, 0.0016830719541758299, 0.0023337467573583126, 0.0018938860157504678, 0.0007184506976045668, 0.0011280558537691832, 0.0014652134850621223, 0.000638563942629844, 0.0011509220348671079, 0.001297401962801814, 0.0008610030636191368, 0.0007233116193674505, 0.001111564110033214, 0.0002582961169537157, 0.0005245385691523552, 0.0010815062560141087, 0.0020958534441888332, 0.0005632760585285723, 1.386298390571028e-05], "lowlevel.erbbands.mean": [0.316238135099411, 2.561035633087158, 2.297635793685913, 2.377253293991089, 1.6993966102600098, 4.3265910148620605, 19.240055084228516, 19.41948699951172, 5.187406539916992, 2.928645133972168, 21.84544563293457, 29.16385841369629, 12.4037446975708, 16.929126739501953, 24.992403030395508, 15.424062728881836, 10.717894554138184, 12.910667419433594, 22.378700256347656, 13.345195770263672, 14.58762264251709, 20.90244483947754, 22.10634994506836, 20.414026260375977, 12.727201461791992, 16.249099731445312, 30.690937042236328, 11.378212928771973, 3.1476216316223145, 3.273228883743286, 4.373342514038086, 5.258070945739746, 6.462225914001465, 6.641481876373291, 3.4785313606262207, 1.0900675058364868, 0.23629318177700043, 0.025409210473299026, 0.0006312803598120809, 6.117986049503088e-05], "lowlevel.erbbands.stdev": [0.49635615944862366, 3.741821765899658, 3.404163360595703, 4.647698879241943, 3.1939048767089844, 7.124450206756592, 29.383264541625977, 35.44208908081055, 14.032480239868164, 8.858602523803711, 63.364234924316406, 74.31898498535156, 44.98216247558594, 61.14558410644531, 95.52812957763672, 63.62818145751953, 32.34920883178711, 44.399845123291016, 84.64122009277344, 38.83072280883789, 41.8199348449707, 57.1113395690918, 63.32321548461914, 59.06808853149414, 30.656349182128906, 32.59114456176758, 59.07038497924805, 24.283050537109375, 9.992737770080566, 10.704221725463867, 16.035568237304688, 18.72225570678711, 22.286157608032227, 25.28127098083496, 13.32818603515625, 3.9559249877929688, 0.7657695412635803, 0.07896348834037781, 0.002036068122833967, 0.00010324443428544328], "lowlevel.gfcc.mean": [-91.046630859375, 53.94548034667969, -107.01410675048828, 30.18947410583496, -70.02788543701172, -3.005661964416504, -45.727806091308594, 15.155940055847168, -39.403446197509766, 11.173807144165039, -15.79343318939209, -1.059136152267456, 13.102776527404785], "lowlevel.melbands.mean": [0.0031129701528698206, 0.0019699635449796915, 0.0003485382185317576, 0.00021017786639276892, 0.0005661729956045747, 0.0004425732768140733, 7.020452903816476e-05, 4.472403088584542e-05, 0.00019858057203236967, 0.00016846213839016855, 5.716022860724479e-05, 6.584008951904252e-05, 9.045515616890043e-05, 5.379252979764715e-05, 2.6166484531131573e-05, 2.1195735826040618e-05, 2.4255874450318515e-05, 3.78253280359786e-05, 2.27355176320998e-05, 1.276377406611573e-05, 1.9260411136201583e-05, 1.7983104044105858e-05, 2.7368863811716437e-05, 1.8651764548849314e-05, 1.6579335351707414e-05, 1.0279443813487887e-05, 8.216536116378848e-06, 1.0996405762853101e-05, 1.909027196234092e-05, 1.6297903130180202e-05, 3.4038139347103424e-06, 1.6238176385741099e-06, 1.5172665825957665e-06, 1.9373460418137256e-06, 2.3148122636484914e-06, 2.918233576565399e-06, 3.3897902085300302e-06, 4.2217798181809485e-06, 5.111995506013045e-06, 5.927798611082835e-06], "lowlevel.melbands.stdev": [0.004327638540416956, 0.0028170363511890173, 0.0006484180339612067, 0.0003901223826687783, 0.000836381979752332, 0.0007591261528432369, 0.0002048406604444608, 0.00014320896298158914, 0.0005097911925986409, 0.0004353098338469863, 0.00022917092428542674, 0.0002550886129029095, 0.00035317358560860157, 0.000253044709097594, 9.131471597356722e-05, 6.268931610975415e-05, 8.824954420560971e-05, 0.0001406151568517089, 8.742120553506538e-05, 3.370549529790878e-05, 6.332153134280816e-05, 5.129526471137069e-05, 8.377440099138767e-05, 5.977442197035998e-05, 5.063385106041096e-05, 2.558034611865878e-05, 2.279474210808985e-05, 2.316093014087528e-05, 3.846696563414298e-05, 3.398071203264408e-05, 9.882526683213655e-06, 6.0340339587128256e-06, 5.024187430535676e-06, 6.7200012381363194e-06, 8.623674148111604e-06, 1.1215271115361247e-05, 1.2321184840402566e-05, 1.4947186173230875e-05, 1.8420636479277164e-05, 2.362357554375194e-05], "lowlevel.melbands128.mean": [0.0002624269400257617, 0.002118932083249092, 0.004825799725949764, 0.004116808529943228, 0.0016297621186822653, 0.000538618944119662, 0.0005600699805654585, 0.0002332255244255066, 0.00010348299110773951, 0.00027538376161828637, 0.00017757168097887188, 0.000356165983248502, 0.0007529983413405716, 0.0007361621246673167, 0.0004805909120477736, 0.0003031868254765868, 8.505300502292812e-05, 4.084514148416929e-05, 2.409040098427795e-05, 1.450273884984199e-05, 3.314487912575714e-05, 0.00018392319907434285, 0.00020639975264202803, 0.00022793422976974398, 0.00025818104040808976, 9.841061546467245e-05, 8.379729115404189e-05, 4.3591739085968584e-05, 3.8044683606131e-05, 8.40785214677453e-05, 4.5487227907869965e-05, 8.94074619282037e-05, 0.0001270582724828273, 5.798872734885663e-05, 6.251187733141705e-05, 6.130224210210145e-05, 2.9214970709290355e-05, 1.4136133358988445e-05, 3.7898651498835534e-05, 1.861946475401055e-05, 1.3461096386890858e-05, 3.051690691791009e-05, 1.806030013540294e-05, 2.0424211470526643e-05, 4.447185347089544e-05, 3.8949820009293035e-05, 3.852989539154805e-05, 2.017804581555538e-05, 1.7306980225839652e-05, 1.9511597201926634e-05, 1.0355252925364766e-05, 7.525368346250616e-06, 1.590518149896525e-05, 3.153856596327387e-05, 1.334493026661221e-05, 6.6960251388081815e-06, 2.8713075153063983e-05, 4.2244020733051e-05, 2.167502316297032e-05, 9.995388609240763e-06, 2.347543886571657e-05, 2.0525490981526673e-05, 1.3100825526635163e-05, 1.883667391666677e-05, 1.6154286640812643e-05, 8.271283149952069e-06, 8.081659871095326e-06, 8.341579814441502e-06, 7.484666184609523e-06, 9.279578080167994e-06, 1.0745643521659076e-05, 1.0312085578334518e-05, 1.6908163161133416e-05, 1.9851520846714266e-05, 2.411090645182412e-05, 2.007471448450815e-05, 1.2246927326486912e-05, 4.497968802752439e-06, 2.631573124745046e-06, 1.57197359840211e-06, 1.5545248288617586e-06, 1.8189494994658162e-06, 1.3832998320140177e-06, 1.4039425195733202e-06, 1.6895085082069272e-06, 1.7232756590601639e-06, 2.12617987926933e-06, 2.215946551586967e-06, 1.9966403215221362e-06, 2.5214612833224237e-06, 3.3244355108763557e-06, 2.8470954021031503e-06, 2.682666035980219e-06, 3.42228031513514e-06, 3.712043280756916e-06, 3.915980869351188e-06, 4.121887741348473e-06, 5.070537099527428e-06, 4.9023833526007365e-06, 5.306071216182318e-06, 5.440459062810987e-06, 6.230817234609276e-06, 6.536819455504883e-06, 5.179492745810421e-06, 4.157411694905022e-06, 2.4282651338580763e-06, 2.3807301658962388e-06, 2.4273783765238477e-06, 1.992289071495179e-06, 1.3056204579697805e-06, 1.0080747188112582e-06, 8.010341616682126e-07, 7.187454116319714e-07, 5.583883648796473e-07, 3.9512516991635493e-07, 2.6616277182256454e-07, 8.718882327229949e-08, 3.1039437686786187e-08, 6.38165120747658e-09, 9.314046929553843e-12, 6.242874273088006e-12, 4.797072895162957e-12, 4.21810373088527e-12, 4.1212723338179824e-12, 4.000013428123728e-12, 3.843112893892053e-12, 3.751069333618462e-12, 3.719659996681557e-12], "lowlevel.melbands128.stdev": [0.0007234407821670175, 0.0044283028692007065, 0.006739377975463867, 0.006288623902946711, 0.0024002366699278355, 0.0009066174388863146, 0.0011570303468033671, 0.0005258895107544959, 0.00022788481146562845, 0.0006297964719124138, 0.0003617968177422881, 0.0006987529923208058, 0.001322820782661438, 0.0014336578315123916, 0.0010420797625556588, 0.0009422921575605869, 0.00032432973966933787, 0.0001980006491066888, 0.00015331643226090819, 0.00010417326120659709, 0.00012928518117405474, 0.0007074452005326748, 0.0007282449514605105, 0.0006833180668763816, 0.0008282969356514513, 0.00038613390643149614, 0.00038421634235419333, 0.00034568499540910125, 0.00024491065414622426, 0.00039528150227852166, 0.0003505546192172915, 0.0004149146261624992, 0.0005857421201653779, 0.00041726569179445505, 0.0004598356899805367, 0.000348516769008711, 0.0001807876251405105, 9.610166307538748e-05, 0.0001644928997848183, 7.953453314257786e-05, 6.179270712891594e-05, 0.0001578199735376984, 0.00011958168761339039, 0.00010069250129163265, 0.00023002141097094864, 0.00020186860638204962, 0.0002447047736495733, 0.00012942047032993287, 9.907146159093827e-05, 6.933495751582086e-05, 3.925075725419447e-05, 2.895279976655729e-05, 6.271189340623096e-05, 0.0001381702459184453, 5.436303763417527e-05, 3.054831176996231e-05, 0.00012143735511926934, 0.00013806152855977416, 0.00012075462291250005, 4.777704816660844e-05, 8.519871335010976e-05, 9.609050175640732e-05, 6.62623206153512e-05, 6.237288471311331e-05, 6.0720460169250146e-05, 2.6342542696511373e-05, 2.9598970286315307e-05, 4.322324457461946e-05, 2.746111567830667e-05, 2.7215637601329945e-05, 3.413035301491618e-05, 2.222665716544725e-05, 4.776229616254568e-05, 5.241093458607793e-05, 5.8187688409816474e-05, 4.682545841205865e-05, 3.1614999898010865e-05, 1.2507820429163985e-05, 1.2774329661624506e-05, 5.5724372032273095e-06, 7.206313966889866e-06, 7.797775651852135e-06, 5.1836727834597696e-06, 5.19039303981117e-06, 5.660986062139273e-06, 6.280759862420382e-06, 8.231911124312319e-06, 1.028643237077631e-05, 7.588865173602244e-06, 1.0090321666211821e-05, 1.4440060112974606e-05, 1.1359310519765131e-05, 1.0680047125788406e-05, 1.3878273421141785e-05, 1.4054718121769838e-05, 1.467123547627125e-05, 1.6099793356261216e-05, 2.0251016394468024e-05, 1.7915561329573393e-05, 2.1878729967284016e-05, 1.9562434317776933e-05, 2.791883707686793e-05, 2.8381315132719465e-05, 2.1688436390832067e-05, 1.699023778201081e-05, 8.393209100177046e-06, 9.38267658057157e-06, 9.545166903990321e-06, 7.992121027200483e-06, 5.01510430694907e-06, 3.80666119781381e-06, 3.030477955690003e-06, 2.559603217378026e-06, 1.9398510175960837e-06, 1.3323212897375925e-06, 9.649381809140323e-07, 3.7186893564467027e-07, 2.566911234680447e-07, 7.475036056803219e-08, 8.270147761058055e-11, 4.7009184739321697e-11, 1.3891172066793356e-11, 7.195973851514825e-12, 7.052287573361404e-12, 6.936442739635673e-12, 6.843694447949966e-12, 6.7774796191910625e-12, 6.7369360957914015e-12], "lowlevel.mfcc.mean": [-744.1514282226562, 89.22750091552734, 8.375642776489258, 28.426118850708008, 1.1151530742645264, -17.22475242614746, 9.879075050354004, -21.52884864807129, 8.7280912399292, -9.870514869689941, -11.745594024658203, -0.7556291222572327, -8.399088859558105], "lowlevel.spectral_contrast_coeffs.mean": [-0.6401671767234802, -0.6914647221565247, -0.7327437996864319, -0.7582055926322937, -0.7579588294029236, -0.7356800436973572], "lowlevel.spectral_contrast_coeffs.stdev": [0.13764290511608124, 0.11742611974477768, 0.10245602577924728, 0.08722767233848572, 0.07586059719324112, 0.07128457725048065], "lowlevel.spectral_contrast_valleys.mean": [-8.335267066955566, -8.325190544128418, -9.120321273803711, -9.238273620605469, -8.49992847442627, -11.151788711547852], "lowlevel.spectral_contrast_valleys.stdev": [2.0378456115722656, 1.1462730169296265, 1.1729466915130615, 1.3202979564666748, 1.5796873569488525, 1.6582294702529907], "rhythm.beats_loudness_band_ratio.mean": [0.37233611941337585, 0.21271154284477234, 0.09374137967824936, 0.09093522280454636, 0.09179608523845673, 0.15749748051166534], "rhythm.beats_loudness_band_ratio.stdev": [0.3547750413417816, 0.25195634365081787, 0.1476566642522812, 0.16848036646842957, 0.11383479088544846, 0.2546362578868866], "tonal.hpcp.mean": [0.11736280471086502, 0.03693411871790886, 0.028598178178071976, 0.029616152867674828, 0.034743379801511765, 0.05105059966444969, 0.05098856985569, 0.03552776202559471, 0.038958415389060974, 0.04215197265148163, 0.052220191806554794, 0.08410028368234634, 0.09589675068855286, 0.13717029988765717, 0.3683682978153229, 0.3847769796848297, 0.14909467101097107, 0.07300575077533722, 0.061138611286878586, 0.09143928438425064, 0.1478108912706375, 0.12686337530612946, 0.06311740726232529, 0.04193924739956856, 0.03720944747328758, 0.04533378779888153, 0.083443284034729, 0.07748962938785553, 0.052246447652578354, 0.09210487455129623, 0.11439938843250275, 0.07334883511066437, 0.047182805836200714, 0.04859499633312225, 0.07763029634952545, 0.14896196126937866], "tonal.hpcp.stdev": [0.24300755560398102, 0.12423014640808105, 0.10928577929735184, 0.12352508306503296, 0.12539896368980408, 0.15985310077667236, 0.1527000516653061, 0.11283688247203827, 0.13611984252929688, 0.14198140799999237, 0.15918020904064178, 0.22583705186843872, 0.22842450439929962, 0.24775049090385437, 0.39084717631340027, 0.41788676381111145, 0.2421877086162567, 0.20691275596618652, 0.18015313148498535, 0.21410155296325684, 0.2754855155944824, 0.24436944723129272, 0.16021700203418732, 0.14361463487148285, 0.13698981702327728, 0.12278439849615097, 0.18538103997707367, 0.1814660280942917, 0.14645032584667206, 0.2273755967617035, 0.2772368788719177, 0.17527812719345093, 0.13436603546142578, 0.13676871359348297, 0.18634599447250366, 0.28747209906578064], "rhythm.beats_position": [0.6037188172340393, 1.2306575775146484, 1.8692063093185425, 2.5077550411224365, 3.076643943786621, 3.6455328464508057, 4.191201686859131, 4.667210578918457, 5.154829978942871, 5.630838871002197, 6.130067825317383, 6.640906810760498, 7.163355827331543, 7.6625847816467285, 8.150203704833984, 8.637823104858398, 9.148661613464355, 9.659501075744629, 10.170339584350586, 10.68117904663086, 11.192017555236816, 11.70285701751709, 12.213695526123047, 12.72453498840332, 13.235373497009277, 13.74621295928955, 14.257051467895508, 14.767890930175781, 15.278729438781738, 15.789568901062012, 16.30040740966797, 16.811246871948242, 17.322086334228516, 17.82131576538086, 18.34376335144043, 18.854602813720703, 19.365442276000977, 19.887889862060547, 20.38711929321289, 20.897958755493164, 21.420408248901367, 21.942855834960938, 22.45369529724121, 22.964534759521484, 23.475374221801758, 23.9746036529541, 24.473831176757812, 24.996280670166016, 25.51873016357422, 26.029569625854492, 26.528797149658203, 27.039636611938477, 27.56208610534668, 28.072925567626953, 28.583763122558594], "rhythm.bpm_histogram": [0.0, 0.0, 0.0, 0.0, 0.0, 0.0, 0.0, 0.0, 0.0, 0.0, 0.0, 0.0, 0.0, 0.0, 0.0, 0.0, 0.0, 0.0, 0.0, 0.0, 0.0, 0.0, 0.0, 0.0, 0.0, 0.0, 0.0, 0.0, 0.0, 0.0, 0.0, 0.0, 0.0, 0.0, 0.0, 0.0, 0.0, 0.0, 0.0, 0.0, 0.0, 0.0, 0.0, 0.0, 0.0, 0.0, 0.0, 0.0, 0.0, 0.0, 0.0, 0.0, 0.0, 0.0, 0.0, 0.0, 0.0, 0.0, 0.0, 0.0, 0.0, 0.0, 0.0, 0.0, 0.0, 0.0, 0.0, 0.0, 0.0, 0.0, 0.0, 0.0, 0.0, 0.0, 0.0, 0.0, 0.0, 0.0, 0.0, 0.0, 0.0, 0.0, 0.0, 0.0, 0.0, 0.0, 0.0, 0.0, 0.0, 0.0, 0.0, 0.0, 0.0, 0.0, 0.03703703731298447, 0.0, 0.018518518656492233, 0.0, 0.0, 0.0, 0.0, 0.0, 0.0, 0.0, 0.0, 0.03703703731298447, 0.0, 0.0, 0.0, 0.0, 0.018518518656492233, 0.0, 0.0, 0.0, 0.0, 0.14814814925193787, 0.0, 0.5185185074806213, 0.0, 0.0, 0.12962962687015533, 0.0, 0.0, 0.0555555559694767, 0.0, 0.0, 0.03703703731298447, 0.0, 0.0, 0.0, 0.0, 0.0, 0.0, 0.0, 0.0, 0.0, 0.0, 0.0, 0.0, 0.0, 0.0, 0.0, 0.0, 0.0, 0.0, 0.0, 0.0, 0.0, 0.0, 0.0, 0.0, 0.0, 0.0, 0.0, 0.0, 0.0, 0.0, 0.0, 0.0, 0.0, 0.0, 0.0, 0.0, 0.0, 0.0, 0.0, 0.0, 0.0, 0.0, 0.0, 0.0, 0.0, 0.0, 0.0, 0.0, 0.0, 0.0, 0.0, 0.0, 0.0, 0.0, 0.0, 0.0, 0.0, 0.0, 0.0, 0.0, 0.0, 0.0, 0.0, 0.0, 0.0, 0.0, 0.0, 0.0, 0.0, 0.0, 0.0, 0.0, 0.0, 0.0, 0.0, 0.0, 0.0, 0.0, 0.0, 0.0, 0.0, 0.0, 0.0, 0.0, 0.0, 0.0, 0.0, 0.0, 0.0, 0.0, 0.0, 0.0, 0.0, 0.0, 0.0, 0.0, 0.0, 0.0, 0.0, 0.0, 0.0, 0.0, 0.0, 0.0, 0.0, 0.0, 0.0, 0.0, 0.0, 0.0, 0.0, 0.0, 0.0, 0.0, 0.0, 0.0, 0.0, 0.0, 0.0, 0.0, 0.0, 0.0, 0.0], "tonal.chords_histogram": [17.1200008392334, 1.7599999904632568, 1.9199999570846558, 10.880000114440918, 0.0, 0.0, 4.800000190734863, 4.320000171661377, 3.8399999141693115, 3.0399999618530273, 24.0, 0.0, 6.239999771118164, 2.0799999237060547, 0.1599999964237213, 0.0, 4.320000171661377, 6.71999979019165, 0.0, 0.0, 0.6399999856948853, 1.9199999570846558, 5.760000228881836, 0.47999998927116394], "tonal.thpcp": [1.0, 0.3874833583831787, 0.18973523378372192, 0.1588936299085617, 0.2376422882080078, 0.38414692878723145, 0.32970625162124634, 0.1640363335609436, 0.10899624973535538, 0.09670393168926239, 0.11781834810972214, 0.21686142683029175, 0.201388418674469, 0.13578371703624725, 0.2393721044063568, 0.29731348156929016, 0.19062687456607819, 0.12262377142906189, 0.12629392743110657, 0.20175400376319885, 0.3871384561061859, 0.3050151467323303, 0.09598837792873383, 0.07432403415441513, 0.07696966081857681, 0.09029485285282135, 0.13267581164836884, 0.1325146108865738, 0.09233339130878448, 0.1012493371963501, 0.10954910516738892, 0.13571548461914062, 0.21856890618801117, 0.24922683835029602, 0.3564929962158203, 0.9573553204536438], "lowlevel.gfcc.cov": [[17183.3828125, -1071.626220703125, 224.68341064453125, 1402.697998046875, 1206.093505859375, 466.6579284667969, 651.5257568359375, 1307.570068359375, -126.5443344116211, 743.5481567382812, 34.58753204345703, 106.47888946533203, 36.044677734375], [-1071.626220703125, 4363.89208984375, -95.02430725097656, -8.818551063537598, 921.7665405273438, -22.924747467041016, 648.5243530273438, -230.96107482910156, 152.7944793701172, -195.01727294921875, 228.70135498046875, -348.6540832519531, 224.77442932128906], [224.68341064453125, -95.02430725097656, 3723.610595703125, 1303.978759765625, 297.2089538574219, 972.1398315429688, 272.93048095703125, 107.80340576171875, 331.28509521484375, -172.90745544433594, -54.702171325683594, 310.2752990722656, -467.11456298828125], [1402.697998046875, -8.818551063537598, 1303.978759765625, 1662.022705078125, 629.4503173828125, 329.8784484863281, 272.600341796875, 350.9081115722656, 297.4845886230469, -94.71797943115234, 0.587764322757721, 190.75213623046875, -148.16775512695312], [1206.093505859375, 921.7665405273438, 297.2089538574219, 629.4503173828125, 1120.5299072265625, 387.0509033203125, 369.8583984375, 286.4951171875, 142.66636657714844, 91.53895568847656, 63.011959075927734, -34.308837890625, 17.464279174804688], [466.6579284667969, -22.924747467041016, 972.1398315429688, 329.8784484863281, 387.0509033203125, 931.0463256835938, 371.7674255371094, -10.393355369567871, 151.93409729003906, 34.59848403930664, 20.643569946289062, 39.14601516723633, -190.0112762451172], [651.5257568359375, 648.5243530273438, 272.93048095703125, 272.600341796875, 369.8583984375, 371.7674255371094, 597.4505004882812, 105.02455139160156, 63.7658576965332, 49.24192810058594, 103.327880859375, -18.492389678955078, -45.97591781616211], [1307.570068359375, -230.96107482910156, 107.80340576171875, 350.9081115722656, 286.4951171875, -10.393355369567871, 105.02455139160156, 473.3468322753906, 50.97042465209961, 98.3272705078125, 2.3822731971740723, 24.72736358642578, 5.791643142700195], [-126.5443344116211, 152.7944793701172, 331.28509521484375, 297.4845886230469, 142.66636657714844, 151.93409729003906, 63.7658576965332, 50.97042465209961, 283.5648193359375, -11.998702049255371, -24.47360610961914, 41.76607894897461, 1.7786623239517212], [743.5481567382812, -195.01727294921875, -172.90745544433594, -94.71797943115234, 91.53895568847656, 34.59848403930664, 49.24192810058594, 98.3272705078125, -11.998702049255371, 266.523681640625, 33.1967887878418, -40.623687744140625, 21.7563419342041], [34.58753204345703, 228.70135498046875, -54.702171325683594, 0.587764322757721, 63.011959075927734, 20.643569946289062, 103.327880859375, 2.3822731971740723, -24.47360610961914, 33.1967887878418, 186.90281677246094, 2.509387731552124, 30.1748046875], [106.47888946533203, -348.6540832519531, 310.2752990722656, 190.75213623046875, -34.308837890625, 39.14601516723633, -18.492389678955078, 24.72736358642578, 41.76607894897461, -40.623687744140625, 2.509387731552124, 196.44940185546875, -48.52009201049805], [36.044677734375, 224.77442932128906, -467.11456298828125, -148.16775512695312, 17.464279174804688, -190.0112762451172, -45.97591781616211, 5.791643142700195, 1.7786623239517212, 21.7563419342041, 30.1748046875, -48.52009201049805, 228.95028686523438]], "lowlevel.gfcc.icov": [[9.114493877859786e-05, -1.8102895410265774e-05, 2.323287117178552e-05, -9.722182585392147e-05, 3.145194204989821e-05, -9.243557724403217e-05, -8.137746590364259e-06, -0.00018265718244947493, 0.00020771249546669424, -0.00022670722682960331, 0.00010406798537587747, -9.529865928925574e-05, -0.00010220364492852241], [-1.8102895410265774e-05, 0.0008319602929987013, -0.00028880106401629746, 0.00041689342469908297, -0.000969502842053771, 0.0009944916237145662, -0.0009809676557779312, 0.0008612197125330567, -0.000735538313165307, 0.0009399555856361985, -0.0006027116323821247, 0.0012821455020457506, -0.00018528725195210427], [2.323287117178552e-05, -0.00028880106401629746, 0.0007094420143403113, -0.00048558023991063237, 0.000481848866911605, -0.0008402609964832664, 0.0004654363146983087, -0.00036655570147559047, 0.00013133505126461387, -0.00017824393580667675, 0.00019587975111790001, -0.0007484530797228217, 0.0006131781847216189], [-9.722182585392147e-05, 0.00041689342469908297, -0.00048558023991063237, 0.0017493327613919973, -0.0011096232337877154, 0.0009459693683311343, -0.0006660919170826674, 6.560554538737051e-06, -0.0013378758449107409, 0.0012343433918431401, -0.0004706458421424031, 7.288297638297081e-05, 0.00045378695358522236], [3.145194204989821e-05, -0.000969502842053771, 0.000481848866911605, -0.0011096232337877154, 0.002871270989999175, -0.0018619403708726168, 0.000808392243925482, -0.001583112869411707, 0.000919160433113575, -0.001311811851337552, 0.0005805898690596223, -0.0008693967829458416, -0.0004933035233989358], [-9.243557724403217e-05, 0.0009944916237145662, -0.0008402609964832664, 0.0009459693683311343, -0.0018619403708726168, 0.00379034667275846, -0.0022007888182997704, 0.0018688053824007511, -0.0017722067423164845, 0.000780324568040669, -0.00061129400273785, 0.001512344111688435, 0.0010752496309578419], [-8.137746590364259e-06, -0.0009809676557779312, 0.0004654363146983087, -0.0006660919170826674, 0.000808392243925482, -0.0022007888182997704, 0.004058156628161669, -0.0013544659595936537, 0.0008207338396459818, -0.0009263195097446442, -0.000698148098308593, -0.0009468611679039896, 0.00041692936792969704], [-0.00018265718244947493, 0.0008612197125330567, -0.00036655570147559047, 6.560554538737051e-06, -0.001583112869411707, 0.0018688053824007511, -0.0013544659595936537, 0.004480333067476749, -0.001010157517157495, -4.9311020120512694e-05, -0.0002456567599438131, 0.0010666921734809875, -3.0088483526924392e-06], [0.00020771249546669424, -0.000735538313165307, 0.00013133505126461387, -0.0013378758449107409, 0.000919160433113575, -0.0017722067423164845, 0.0008207338396459818, -0.001010157517157495, 0.006090599112212658, -0.0014193662209436297, 0.0017027982976287603, -0.0016495247837156057, -0.0017454233020544052], [-0.00022670722682960331, 0.0009399555856361985, -0.00017824393580667675, 0.0012343433918431401, -0.001311811851337552, 0.000780324568040669, -0.0009263195097446442, -4.9311020120512694e-05, -0.0014193662209436297, 0.0063830348663032055, -0.001672232523560524, 0.002096009673550725, 0.0001800025493139401], [0.00010406798537587747, -0.0006027116323821247, 0.00019587975111790001, -0.0004706458421424031, 0.0005805898690596223, -0.00061129400273785, -0.000698148098308593, -0.0002456567599438131, 0.0017027982976287603, -0.001672232523560524, 0.007128833793103695, -0.001887569553218782, -0.0012091010576114058], [-9.529865928925574e-05, 0.0012821455020457506, -0.0007484530797228217, 7.288297638297081e-05, -0.0008693967829458416, 0.001512344111688435, -0.0009468611679039896, 0.0010666921734809875, -0.0016495247837156057, 0.002096009673550725, -0.001887569553218782, 0.008733127266168594, 0.0002938794787041843], [-0.00010220364492852241, -0.00018528725195210427, 0.0006131781847216189, 0.00045378695358522236, -0.0004933035233989358, 0.0010752496309578419, 0.00041692936792969704, -3.0088483526924392e-06, -0.0017454233020544052, 0.0001800025493139401, -0.0012091010576114058, 0.0002938794787041843, 0.007342359982430935]], "lowlevel.mfcc.cov": [[15869.060546875, -743.1136474609375, -1133.492919921875, 1292.47119140625, 680.2554931640625, -31.082727432250977, 1128.86669921875, 119.2391586303711, 712.6278686523438, 456.8021240234375, 389.39678955078125, 541.0870361328125, -33.651302337646484], [-743.1136474609375, 3668.653076171875, -512.0377197265625, 154.80694580078125, 143.237060546875, 217.34262084960938, 507.46044921875, -101.48152160644531, 184.74082946777344, -6.509183883666992, 82.43524169921875, 44.45487976074219, -45.569583892822266], [-1133.492919921875, -512.0377197265625, 3442.770263671875, 442.8544616699219, 414.69415283203125, 900.9812622070312, -132.63478088378906, 905.2593383789062, -115.03673553466797, 219.6427459716797, 155.91690063476562, -48.18722152709961, 237.25706481933594], [1292.47119140625, 154.80694580078125, 442.8544616699219, 1294.197021484375, 513.76416015625, 44.292579650878906, 201.7025146484375, 427.0289306640625, 245.47003173828125, 40.229286193847656, 150.6487274169922, 216.05450439453125, 54.85801696777344], [680.2554931640625, 143.237060546875, 414.69415283203125, 513.76416015625, 787.3981323242188, 281.7367248535156, 170.22467041015625, 302.44256591796875, 212.53982543945312, 178.04168701171875, 79.66641235351562, 77.43243408203125, 112.58259582519531], [-31.082727432250977, 217.34262084960938, 900.9812622070312, 44.292579650878906, 281.7367248535156, 964.661376953125, 190.66287231445312, 428.90325927734375, 33.54286575317383, 275.8214111328125, 92.37039947509766, -60.19424057006836, 218.13487243652344], [1128.86669921875, 507.46044921875, -132.63478088378906, 201.7025146484375, 170.22467041015625, 190.66287231445312, 659.3982543945312, 111.10328674316406, 121.19062042236328, 156.0, 148.52236938476562, 144.9319305419922, 45.32728958129883], [119.2391586303711, -101.48152160644531, 905.2593383789062, 427.0289306640625, 302.44256591796875, 428.90325927734375, 111.10328674316406, 678.1284790039062, 66.57966613769531, 137.9129180908203, 86.01271057128906, 35.1765022277832, 159.84378051757812], [712.6278686523438, 184.74082946777344, -115.03673553466797, 245.47003173828125, 212.53982543945312, 33.54286575317383, 121.19062042236328, 66.57966613769531, 333.6447448730469, 122.89212799072266, 56.67096710205078, 56.95099639892578, 52.0367546081543], [456.8021240234375, -6.509183883666992, 219.6427459716797, 40.229286193847656, 178.04168701171875, 275.8214111328125, 156.0, 137.9129180908203, 122.89212799072266, 291.1929626464844, 77.3393325805664, 17.783586502075195, 104.8737564086914], [389.39678955078125, 82.43524169921875, 155.91690063476562, 150.6487274169922, 79.66641235351562, 92.37039947509766, 148.52236938476562, 86.01271057128906, 56.67096710205078, 77.3393325805664, 195.59840393066406, 78.90342712402344, 26.69769287109375], [541.0870361328125, 44.45487976074219, -48.18722152709961, 216.05450439453125, 77.43243408203125, -60.19424057006836, 144.9319305419922, 35.1765022277832, 56.95099639892578, 17.783586502075195, 78.90342712402344, 198.00880432128906, -0.9567409753799438], [-33.651302337646484, -45.569583892822266, 237.25706481933594, 54.85801696777344, 112.58259582519531, 218.13487243652344, 45.32728958129883, 159.84378051757812, 52.0367546081543, 104.8737564086914, 26.69769287109375, -0.9567409753799438, 204.05886840820312]], "lowlevel.mfcc.icov": [[9.124798816628754e-05, 5.336951289791614e-05, 3.687951902975328e-05, -7.338316208915785e-05, -1.6943885157161276e-06, -3.397447653696872e-05, -0.0001191678675240837, 3.560545155778527e-05, -9.45758874877356e-05, -6.629218842135742e-05, -2.1881411157664843e-05, -5.869014057680033e-05, 0.00010042276699095964], [5.336951289791614e-05, 0.0003766617737710476, 5.5658550991211087e-05, -7.86061427788809e-05, -2.3101278202375397e-05, -0.00023173425870481879, -0.0003444682224653661, 0.00015914102550596, -0.0002570130745880306, 0.0002818503708112985, -4.010882184957154e-05, 9.685858094599098e-05, 0.0001880447380244732], [3.687951902975328e-05, 5.5658550991211087e-05, 0.0005973990773782134, -0.00010574550105957314, -7.528440619353205e-05, -0.00033366636489517987, 0.00028836639830842614, -0.0005224913475103676, 0.0003433960082475096, -0.00013136373308952898, -0.00036330107832327485, 1.5646421161363833e-05, 0.000123341815196909], [-7.338316208915785e-05, -7.86061427788809e-05, -0.00010574550105957314, 0.0017434234032407403, -0.0006914017139934003, 0.00037880908348597586, 7.107546844054013e-05, -0.0009265325497835875, -0.0006459859432652593, 0.0008134680101647973, -0.00039166255737654865, -0.0009424434974789619, 0.00010458813630975783], [-1.6943885157161276e-06, -2.3101278202375397e-05, -7.528440619353205e-05, -0.0006914017139934003, 0.002222940558567643, -0.0003124479844700545, -4.856013401877135e-05, -8.148737106239423e-05, -0.0006568561075255275, -0.0006300478707998991, 0.00041036028414964676, -8.690474351169541e-05, -0.00011263413034612313], [-3.397447653696872e-05, -0.00023173425870481879, -0.00033366636489517987, 0.00037880908348597586, -0.0003124479844700545, 0.0025866441428661346, -0.0003751389740500599, -0.0008199447765946388, 0.0005453922203741968, -0.001258631469681859, -0.000232759426580742, 0.0010227325838059187, -0.0010952904121950269], [-0.0001191678675240837, -0.0003444682224653661, 0.00028836639830842614, 7.107546844054013e-05, -4.856013401877135e-05, -0.0003751389740500599, 0.0028523853980004787, -0.0003606916288845241, 0.0002822321839630604, -0.0008484423742629588, -0.0009248295100405812, -0.001359105808660388, 0.00010448586544953287], [3.560545155778527e-05, 0.00015914102550596, -0.0005224913475103676, -0.0009265325497835875, -8.148737106239423e-05, -0.0008199447765946388, -0.0003606916288845241, 0.0035686432383954525, -4.6637618652312085e-05, 0.00011303198698442429, 0.0001815613213693723, 8.968071779236197e-05, -0.0009653570014052093], [-9.45758874877356e-05, -0.0002570130745880306, 0.0003433960082475096, -0.0006459859432652593, -0.0006568561075255275, 0.0005453922203741968, 0.0002822321839630604, -4.6637618652312085e-05, 0.005114839877933264, -0.0021021112333983183, -0.00027592017431743443, 0.00015302517567761242, -0.0007325205951929092], [-6.629218842135742e-05, 0.0002818503708112985, -0.00013136373308952898, 0.0008134680101647973, -0.0006300478707998991, -0.001258631469681859, -0.0008484423742629588, 0.00011303198698442429, -0.0021021112333983183, 0.0071259234100580215, -0.0011385937687009573, 7.553489558631554e-05, -0.0011978725669905543], [-2.1881411157664843e-05, -4.010882184957154e-05, -0.00036330107832327485, -0.00039166255737654865, 0.00041036028414964676, -0.000232759426580742, -0.0009248295100405812, 0.0001815613213693723, -0.00027592017431743443, -0.0011385937687009573, 0.007650872226804495, -0.0020447641145437956, 0.00024570967070758343], [-5.869014057680033e-05, 9.685858094599098e-05, 1.5646421161363833e-05, -0.0009424434974789619, -8.690474351169541e-05, 0.0010227325838059187, -0.001359105808660388, 8.968071779236197e-05, 0.00015302517567761242, 7.553489558631554e-05, -0.0020447641145437956, 0.008307186886668205, -0.00033793726470321417], [0.00010042276699095964, 0.0001880447380244732, 0.000123341815196909, 0.00010458813630975783, -0.00011263413034612313, -0.0010952904121950269, 0.00010448586544953287, -0.0009653570014052093, -0.0007325205951929092, -0.0011978725669905543, 0.00024570967070758343, -0.00033793726470321417, 0.007522237952798605]], "metadata.audio_properties.analysis.downmix": "mix", "metadata.audio_properties.codec": "mp3", "metadata.audio_properties.md5_encoded": "9723e31b6f32197fd1f200926e1d9ed7", "metadata.tags.file_name": "1182272898103246848.mp3", "metadata.version.essentia": "2.1-beta6-dev", "metadata.version.essentia_git_sha": "v2.1_beta5-1110-g77a6a954", "metadata.version.extractor": "music 2.0", "tonal.chords_key": "C#", "tonal.chords_scale": "major", "tonal.key_edma.k