{"song_id": "1182277303229751357", "download": "https://cdn.discordapp.com/attachments/1128313332273782784/1182277303229751357/chirp.mp4?ex=65841c8a&amp", "lyrics": "-", "style": ["sertanejo"], "essentia_features": {"lowlevel.average_loudness": 0.9682092070579529, "lowlevel.barkbands_crest.mean": 12.564496994018555, "lowlevel.barkbands_crest.stdev": 4.745723724365234, "lowlevel.barkbands_flatness_db.mean": 0.27887600660324097, "lowlevel.barkbands_flatness_db.stdev": 0.11605753004550934, "lowlevel.barkbands_kurtosis.mean": 32.28548049926758, "lowlevel.barkbands_kurtosis.stdev": 108.0565414428711, "lowlevel.barkbands_skewness.mean": 2.360029935836792, "lowlevel.barkbands_skewness.stdev": 3.575526714324951, "lowlevel.barkbands_spread.mean": 14.955774307250977, "lowlevel.barkbands_spread.stdev": 22.556331634521484, "lowlevel.dissonance.mean": 0.44665762782096863, "lowlevel.dissonance.stdev": 0.04422029107809067, "lowlevel.dynamic_complexity": 9.31229019165039, "lowlevel.erbbands_crest.mean": 10.210515975952148, "lowlevel.erbbands_crest.stdev": 5.3410515785217285, "lowlevel.erbbands_flatness_db.mean": 0.21448200941085815, "lowlevel.erbbands_flatness_db.stdev": 0.06841649860143661, "lowlevel.erbbands_kurtosis.mean": 4.975826263427734, "lowlevel.erbbands_kurtosis.stdev": 9.753089904785156, "lowlevel.erbbands_skewness.mean": 0.19715677201747894, "lowlevel.erbbands_skewness.stdev": 2.0270471572875977, "lowlevel.erbbands_spread.mean": 33.30636215209961, "lowlevel.erbbands_spread.stdev": 32.0830078125, "lowlevel.hfc.mean": 8.554381370544434, "lowlevel.hfc.stdev": 21.56568717956543, "lowlevel.loudness_ebu128.integrated": -18.509613037109375, "lowlevel.loudness_ebu128.loudness_range": 1.622629165649414, "lowlevel.loudness_ebu128.momentary.mean": -23.77383041381836, "lowlevel.loudness_ebu128.momentary.stdev": 15.258630752563477, "lowlevel.loudness_ebu128.short_term.mean": -19.79433822631836, "lowlevel.loudness_ebu128.short_term.stdev": 4.9576029777526855, "lowlevel.melbands_crest.mean": 19.282390594482422, "lowlevel.melbands_crest.stdev": 8.605320930480957, "lowlevel.melbands_flatness_db.mean": 0.361555814743042, "lowlevel.melbands_flatness_db.stdev": 0.15546010434627533, "lowlevel.melbands_kurtosis.mean": 67.32283020019531, "lowlevel.melbands_kurtosis.stdev": 170.1159210205078, "lowlevel.melbands_skewness.mean": 4.247670650482178, "lowlevel.melbands_skewness.stdev": 4.521599769592285, "lowlevel.melbands_spread.mean": 29.91864776611328, "lowlevel.melbands_spread.stdev": 59.13209915161133, "lowlevel.pitch_salience.mean": 0.4990650713443756, "lowlevel.pitch_salience.stdev": 0.19856348633766174, "lowlevel.silence_rate_20dB.mean": 0.9770669937133789, "lowlevel.silence_rate_20dB.stdev": 0.14969077706336975, "lowlevel.silence_rate_30dB.mean": 0.8786964416503906, "lowlevel.silence_rate_30dB.stdev": 0.32647839188575745, "lowlevel.silence_rate_60dB.mean": 0.41460469365119934, "lowlevel.silence_rate_60dB.stdev": 0.4926522970199585, "lowlevel.spectral_centroid.mean": 1235.197509765625, "lowlevel.spectral_centroid.stdev": 1714.6590576171875, "lowlevel.spectral_complexity.mean": 5.568497180938721, "lowlevel.spectral_complexity.stdev": 6.825907230377197, "lowlevel.spectral_decrease.mean": -1.0113679671519549e-08, "lowlevel.spectral_decrease.stdev": 2.4836252165982842e-08, "lowlevel.spectral_energy.mean": 0.03894716873764992, "lowlevel.spectral_energy.stdev": 0.09493447095155716, "lowlevel.spectral_energyband_high.mean": 0.0005685921059921384, "lowlevel.spectral_energyband_high.stdev": 0.0019459285540506244, "lowlevel.spectral_energyband_low.mean": 0.03510435298085213, "lowlevel.spectral_energyband_low.stdev": 0.09242739528417587, "lowlevel.spectral_energyband_middle_high.mean": 0.0007063666707836092, "lowlevel.spectral_energyband_middle_high.stdev": 0.002635779557749629, "lowlevel.spectral_energyband_middle_low.mean": 0.0030576924327760935, "lowlevel.spectral_energyband_middle_low.stdev": 0.005400637164711952, "lowlevel.spectral_entropy.mean": 6.846966743469238, "lowlevel.spectral_entropy.stdev": 1.0312782526016235, "lowlevel.spectral_flux.mean": 0.08681260049343109, "lowlevel.spectral_flux.stdev": 0.13871139287948608, "lowlevel.spectral_kurtosis.mean": 20.55255889892578, "lowlevel.spectral_kurtosis.stdev": 30.440479278564453, "lowlevel.spectral_rms.mean": 0.0038134444039314985, "lowlevel.spectral_rms.stdev": 0.004843028262257576, "lowlevel.spectral_rolloff.mean": 1863.3087158203125, "lowlevel.spectral_rolloff.stdev": 3524.27001953125, "lowlevel.spectral_skewness.mean": 2.779240846633911, "lowlevel.spectral_skewness.stdev": 2.1983776092529297, "lowlevel.spectral_spread.mean": 4346929.5, "lowlevel.spectral_spread.stdev": 4312988.0, "lowlevel.spectral_strongpeak.mean": 0.3530339300632477, "lowlevel.spectral_strongpeak.stdev": 0.5787081718444824, "lowlevel.zerocrossingrate.mean": 0.07110694795846939, "lowlevel.zerocrossingrate.stdev": 0.12669815123081207, "metadata.audio_properties.analysis.equal_loudness": 0.0, "metadata.audio_properties.analysis.length": 38.44265365600586, "metadata.audio_properties.analysis.sample_rate": 44100.0, "metadata.audio_properties.analysis.start_time": 0.0, "metadata.audio_properties.bit_rate": 115164.0, "metadata.audio_properties.length": 38.442665100097656, "metadata.audio_properties.lossless": 0.0, "metadata.audio_properties.number_channels": 1.0, "metadata.audio_properties.replay_gain": -9.104364395141602, "metadata.audio_properties.sample_rate": 48000.0, "rhythm.beats_count": 70.0, "rhythm.beats_loudness.mean": 0.24090434610843658, "rhythm.beats_loudness.stdev": 0.1049111858010292, "rhythm.bpm": 111.88452911376953, "rhythm.bpm_histogram_first_peak_bpm": 112.0, "rhythm.bpm_histogram_first_peak_weight": 0.19354838132858276, "rhythm.bpm_histogram_second_peak_bpm": 105.0, "rhythm.bpm_histogram_second_peak_spread": 0.2857142686843872, "rhythm.bpm_histogram_second_peak_weight": 0.07246376574039459, "rhythm.danceability": 1.9452201128005981, "rhythm.onset_rate": 3.71777606010437, "tonal.chords_changes_rate": 0.045838359743356705, "tonal.chords_number_rate": 0.006031363271176815, "tonal.chords_strength.mean": 0.5942566990852356, "tonal.chords_strength.stdev": 0.10044213384389877, "tonal.hpcp_crest.mean": 12.887514114379883, "tonal.hpcp_crest.stdev": 6.685998916625977, "tonal.hpcp_entropy.mean": 2.045685291290283, "tonal.hpcp_entropy.stdev": 0.8249873518943787, "tonal.key_edma.strength": 0.7104529142379761, "tonal.key_krumhansl.strength": 0.7060092687606812, "tonal.key_temperley.strength": 0.686253011226654, "tonal.tuning_diatonic_strength": 0.5679724216461182, "tonal.tuning_equal_tempered_deviation": 0.19003111124038696, "tonal.tuning_frequency": 434.193115234375, "tonal.tuning_nontempered_energy_ratio": 0.9511208534240723, "lowlevel.barkbands.mean": [0.0025892206467688084, 0.026172716170549393, 0.005866967141628265, 0.0010823445627465844, 0.0010950841242447495, 0.0005116157699376345, 0.00018256012117490172, 0.00010879447654588148, 5.863938349648379e-05, 5.8501387684373185e-05, 6.11359064350836e-05, 3.343178832437843e-05, 2.9595605155918747e-05, 2.2438482119468972e-05, 2.423736805212684e-05, 4.279039421817288e-05, 5.1694772992050275e-05, 0.00010073799057863653, 0.00018523600010666996, 0.00018105264462064952, 0.00019972350855823606, 6.160757038742304e-05, 0.00011687701044138521, 5.938690810580738e-05, 2.4438579202978872e-05, 2.4669441700098105e-05, 1.7678975154922227e-06], "lowlevel.barkbands.stdev": [0.006321018561720848, 0.07733950018882751, 0.02042582631111145, 0.002640156075358391, 0.0020720763131976128, 0.0010860174661502242, 0.00044183494173921645, 0.00032831955468282104, 0.00022442371118813753, 0.00012715037155430764, 0.00012859710841439664, 9.087084617931396e-05, 0.0001084995674318634, 0.00012873017112724483, 9.540989412926137e-05, 0.0001929916616063565, 0.00024426018353551626, 0.0005181054584681988, 0.001108727534301579, 0.0009992268169298768, 0.0010243816068395972, 0.00026772156707011163, 0.00034644975676201284, 0.00017198873683810234, 8.316091407323256e-05, 7.930285210022703e-05, 6.936746558494633e-06], "lowlevel.erbbands.mean": [0.9445900321006775, 5.021141529083252, 7.829350471496582, 4.964638710021973, 3.3803470134735107, 3.8850111961364746, 3.510261058807373, 4.837522029876709, 3.1378402709960938, 2.3917503356933594, 1.9131593704223633, 1.4513523578643799, 1.7417246103286743, 1.7989623546600342, 2.3249502182006836, 1.512386679649353, 1.378836989402771, 1.232692003250122, 1.2292102575302124, 1.4829505681991577, 2.579704999923706, 3.079352617263794, 4.799296855926514, 9.008976936340332, 9.637833595275879, 7.797552108764648, 8.33752727508545, 6.634413719177246, 2.51660418510437, 2.123581647872925, 3.6076138019561768, 1.9123820066452026, 0.7467852234840393, 0.32973605394363403, 0.13501866161823273, 0.07976391911506653, 0.0520663820207119, 0.010399103164672852, 0.0002326534886378795, 4.959932994097471e-05], "lowlevel.erbbands.stdev": [2.7034249305725098, 16.782520294189453, 27.06907844543457, 14.117287635803223, 6.893245697021484, 7.74702262878418, 7.886753082275391, 9.966534614562988, 7.183945178985596, 6.845801830291748, 6.010554313659668, 5.5944294929504395, 4.142735958099365, 3.395585060119629, 5.487936496734619, 3.9973347187042236, 4.613681793212891, 6.857532501220703, 5.3227458000183105, 5.514362812042236, 12.41511344909668, 14.378686904907227, 24.19830894470215, 54.45823287963867, 54.49616241455078, 40.96331787109375, 46.739009857177734, 33.04273986816406, 11.259511947631836, 7.248786926269531, 11.240476608276367, 5.496713161468506, 2.237351894378662, 1.117188811302185, 0.4779262840747833, 0.2737618684768677, 0.16820339858531952, 0.0353182777762413, 0.0007327396306209266, 0.00011120093404315412], "lowlevel.gfcc.mean": [-234.247314453125, 131.85989379882812, -71.12955474853516, 32.51472091674805, -50.049644470214844, 13.781972885131836, -25.447772979736328, -6.278944969177246, -13.038857460021973, -13.374037742614746, -6.002490997314453, -1.9143067598342896, -5.367695331573486], "lowlevel.melbands.mean": [0.007849326357245445, 0.004822808783501387, 0.0008315814193338156, 0.00025932336575351655, 0.00013428782403934747, 0.00010354405821999535, 4.356473800726235e-05, 2.5642208129283972e-05, 1.4401478438230697e-05, 8.709145731700119e-06, 8.722774509806186e-06, 7.250111139001092e-06, 7.2128714236896485e-06, 4.689199158747215e-06, 3.740038664545864e-06, 2.796467697407934e-06, 2.2179140160005772e-06, 1.9020370700673084e-06, 1.8808233335221303e-06, 2.530260189814726e-06, 3.1122897325985832e-06, 3.0936066650610883e-06, 3.574457878130488e-06, 4.865545633947477e-06, 7.690325219300576e-06, 6.366467914631357e-06, 7.483862646040507e-06, 4.51316418548231e-06, 5.202501597523224e-06, 5.237226105236914e-06, 3.125778221146902e-06, 1.4443274949371698e-06, 9.75521516011213e-07, 1.2410426961650955e-06, 2.0642166873585666e-06, 1.936879925779067e-06, 9.170089469989762e-07, 5.728483074562973e-07, 3.9035154486555257e-07, 2.2189431092556333e-07], "lowlevel.melbands.stdev": [0.022298317402601242, 0.015742572024464607, 0.002228421624749899, 0.0004910280695185065, 0.00027699212660081685, 0.00021207673125900328, 0.00010081550135510042, 7.59793765610084e-05, 4.598047962645069e-05, 3.407341137062758e-05, 2.0677844076999463e-05, 1.3778872016700916e-05, 1.6154781405930407e-05, 1.174139015347464e-05, 1.1185189578100108e-05, 1.118414456868777e-05, 1.3130227671354078e-05, 8.830382284941152e-06, 7.152722901082598e-06, 1.0194533388130367e-05, 1.642744246055372e-05, 1.4621158697991632e-05, 1.9417342628003098e-05, 2.4933908207458444e-05, 4.934284515911713e-05, 3.800453123403713e-05, 4.341551539255306e-05, 2.4577584554208443e-05, 3.242212187615223e-05, 2.721773307712283e-05, 1.5252107914420776e-05, 6.811040293541737e-06, 4.217426521790912e-06, 4.139297288929811e-06, 6.426363597711315e-06, 6.350608146021841e-06, 2.7021496862289496e-06, 1.776905037331744e-06, 1.2625644103536615e-06, 8.185194246834726e-07], "lowlevel.melbands128.mean": [0.0024152484256774187, 0.00809578225016594, 0.009923284873366356, 0.00788823701441288, 0.004855310078710318, 0.002520626178011298, 0.0009868394117802382, 0.0004785864148288965, 0.00029414170421659946, 0.0002824953990057111, 0.00021039758576080203, 0.0001533770700916648, 0.00011287842062301934, 0.00010234156798105687, 0.0001415655860910192, 7.404532516375184e-05, 6.180085620144382e-05, 3.630391074693762e-05, 2.5097197067225352e-05, 2.5931520212907344e-05, 2.86641952698119e-05, 1.575292662892025e-05, 1.4522614947054535e-05, 9.900029908749275e-06, 8.884208909876179e-06, 9.073963155969977e-06, 5.357557711249683e-06, 9.607203537598252e-06, 1.1319690202071797e-05, 5.8865425671683624e-06, 7.875612027419265e-06, 5.766244157712208e-06, 4.817164608539315e-06, 1.2902848538942635e-05, 3.086688366238377e-06, 3.611259216995677e-06, 3.6495659969659755e-06, 4.505593551584752e-06, 3.295203441666672e-06, 2.4614055291749537e-06, 3.1536471851723036e-06, 2.3477791728510056e-06, 2.13447242458642e-06, 2.2515007458423497e-06, 1.920952627187944e-06, 1.7228734350283048e-06, 1.938121840794338e-06, 2.3739555672364077e-06, 1.5389575764857e-06, 1.426222638656327e-06, 3.1348845368484035e-06, 3.0906392112228787e-06, 2.809965963024297e-06, 3.3411636195523897e-06, 3.186645471942029e-06, 3.1848283015278867e-06, 2.864518364731339e-06, 3.023587396455696e-06, 3.982195266871713e-06, 4.323715984355658e-06, 4.307447397877695e-06, 5.087724275654182e-06, 8.816557965474203e-06, 8.337503459188156e-06, 6.419840246962849e-06, 5.573292128246976e-06, 6.486392521765083e-06, 8.530484592483845e-06, 8.341468856087886e-06, 5.252641130937263e-06, 4.063650976604549e-06, 4.053028987982543e-06, 5.248192792350892e-06, 5.8139580687566195e-06, 4.604290552379098e-06, 5.11907228428754e-06, 5.692448212357704e-06, 5.000279998057522e-06, 2.512005949029117e-06, 1.6655852732583298e-06, 1.5551929664070485e-06, 1.4096102631810936e-06, 9.797283837542636e-07, 9.40219365475059e-07, 9.262657272302022e-07, 1.0691703664633678e-06, 1.3649105312651955e-06, 1.554304162709741e-06, 2.010327307289117e-06, 2.5294361876149196e-06, 2.480273906257935e-06, 1.7463921722082887e-06, 1.0826140623976244e-06, 8.563870323996525e-07, 8.285138619612553e-07, 8.13959672996134e-07, 4.49574230287908e-07, 3.1503964237344917e-07, 4.211873942949751e-07, 4.5194670406090154e-07, 2.808448016367038e-07, 1.7013084629979858e-07, 1.4378557011696103e-07, 1.8489379272068618e-07, 1.45034817933265e-07, 1.200019568159405e-07, 1.5426029165155342e-07, 1.2890487255390326e-07, 1.4827982397491724e-07, 1.0605338474078962e-07, 1.6035392036428675e-07, 1.6927727131132997e-07, 1.8598288420434983e-07, 1.7826253895236732e-07, 1.5354501670117315e-07, 1.26461628724428e-07, 7.170122273691959e-08, 5.0553126129671e-09, 8.513131172227517e-11, 7.635848203735307e-11, 7.419524716834047e-11, 2.661094261613428e-11, 1.7526034443160476e-11, 1.561738585675876e-11, 1.1833654715853736e-11, 7.176641225736802e-12, 4.99604871362358e-12, 4.684303726160133e-12], "lowlevel.melbands128.stdev": [0.005962640978395939, 0.023417307063937187, 0.03263373672962189, 0.027829933911561966, 0.017437279224395752, 0.008540232665836811, 0.0029141255654394627, 0.0010760893346741796, 0.0006721040699630976, 0.0005835010088048875, 0.0004714573733508587, 0.00037690866156481206, 0.000294229801511392, 0.00030050266650505364, 0.0003081797040067613, 0.0001792966213542968, 0.00015801242261659354, 8.999109559226781e-05, 8.310887642437592e-05, 8.369576971745118e-05, 9.242545638699085e-05, 6.281265814322978e-05, 4.7162473492790014e-05, 3.949131860281341e-05, 4.511848965194076e-05, 3.396008105482906e-05, 2.1249925339361653e-05, 2.6354158762842417e-05, 2.8576585464179516e-05, 1.3835004210704938e-05, 1.8328553778701462e-05, 1.3941672477812972e-05, 1.3000673789065331e-05, 3.407728945603594e-05, 9.877816410153173e-06, 1.2713840987998992e-05, 1.1400014955142979e-05, 1.5849980627535842e-05, 1.1993266525678337e-05, 9.604348633729387e-06, 1.349472859146772e-05, 1.54597273649415e-05, 1.578823139425367e-05, 1.2199555385450367e-05, 1.0497268704057205e-05, 9.743162991071586e-06, 8.478591553284787e-06, 9.274049261875916e-06, 6.980512353038648e-06, 6.042109816917218e-06, 1.2077364772267174e-05, 1.5678169802413322e-05, 1.743272878229618e-05, 2.0929282982251607e-05, 1.820910256356001e-05, 1.570214044477325e-05, 1.4436159290198702e-05, 1.88759859156562e-05, 2.4675829990883358e-05, 2.4240658603957854e-05, 2.435203714412637e-05, 3.09908100462053e-05, 5.578023046837188e-05, 6.38747587800026e-05, 4.7936260671122e-05, 3.345998266013339e-05, 4.6220968215493485e-05, 5.25706127518788e-05, 5.46459668839816e-05, 2.852191755664535e-05, 2.155232141376473e-05, 2.8429640224203467e-05, 3.802847641054541e-05, 4.1552004404366016e-05, 2.7634730940917507e-05, 2.8650698368437588e-05, 3.0684816010762006e-05, 2.8264123102417216e-05, 1.2416303434292786e-05, 7.814826858520973e-06, 7.920417374407407e-06, 7.697506589465775e-06, 4.658711077354383e-06, 4.397611064632656e-06, 4.290535798645578e-06, 4.5705951379204635e-06, 4.470156000024872e-06, 5.149137450644048e-06, 6.981292699492769e-06, 8.958425496530253e-06, 9.25998028833419e-06, 5.8989548961108085e-06, 3.3676762996037723e-06, 2.7537735149962828e-06, 2.8151387141406303e-06, 2.6484005957172485e-06, 1.4964734873501584e-06, 1.1501672361191595e-06, 1.4239825532058603e-06, 1.605329316589632e-06, 1.173087412098539e-06, 6.957644131944107e-07, 6.612496576963167e-07, 8.201353693948477e-07, 5.896891934753512e-07, 4.883269184574601e-07, 6.426112122426275e-07, 5.118561716699332e-07, 6.120319540059427e-07, 4.5239502810545673e-07, 6.870048423479602e-07, 6.045501095286454e-07, 6.37890934740426e-07, 6.032241799402982e-07, 5.405192951002391e-07, 4.798578174813883e-07, 2.7975985972261697e-07, 2.804377352561005e-08, 1.2097121082632611e-09, 1.1633618512973953e-09, 1.3685310662481243e-09, 4.415689758285879e-10, 3.6535524605696423e-10, 3.161686468189373e-10, 2.0991416938009877e-10, 7.519395522903594e-11, 1.620715887884483e-11, 1.3051898971327969e-11], "lowlevel.mfcc.mean": [-876.3804931640625, 159.4966278076172, 37.176692962646484, 26.518545150756836, 9.494881629943848, 15.035604476928711, 2.0147860050201416, 11.64065170288086, -4.404684543609619, 2.4915733337402344, -11.352916717529297, 4.909295082092285, 0.06287751346826553], "lowlevel.spectral_contrast_coeffs.mean": [-0.7471556663513184, -0.7999383211135864, -0.8212081789970398, -0.8529835939407349, -0.8457370400428772, -0.7765723466873169], "lowlevel.spectral_contrast_coeffs.stdev": [0.06988642364740372, 0.06667587161064148, 0.06815268099308014, 0.04898691922426224, 0.04810253530740738, 0.06317343562841415], "lowlevel.spectral_contrast_valleys.mean": [-7.894333839416504, -8.59345817565918, -9.418486595153809, -10.093437194824219, -10.309488296508789, -13.091556549072266], "lowlevel.spectral_contrast_valleys.stdev": [2.734123468399048, 2.3349099159240723, 2.1359798908233643, 2.171572208404541, 2.3219871520996094, 2.189607858657837], "rhythm.beats_loudness_band_ratio.mean": [0.892552375793457, 0.01665000058710575, 0.0034673793707042933, 0.003965087700635195, 0.002490830374881625, 0.08273028582334518], "rhythm.beats_loudness_band_ratio.stdev": [0.27552348375320435, 0.04065556079149246, 0.008009107783436775, 0.010493255220353603, 0.006316054612398148, 0.23747017979621887], "tonal.hpcp.mean": [0.06534956395626068, 0.04901726916432381, 0.061653077602386475, 0.22582946717739105, 0.25769346952438354, 0.09467371553182602, 0.02550239861011505, 0.02742476761341095, 0.05812973901629448, 0.15304575860500336, 0.17457111179828644, 0.09921147674322128, 0.08102165907621384, 0.08418774604797363, 0.06383597105741501, 0.05605573207139969, 0.049922216683626175, 0.043459706008434296, 0.07985621690750122, 0.07837280631065369, 0.03921659290790558, 0.02707310952246189, 0.026259806007146835, 0.07313185930252075, 0.34280118346214294, 0.36531874537467957, 0.10237147659063339, 0.033336710184812546, 0.024815386161208153, 0.02738138660788536, 0.0371561236679554, 0.04105256497859955, 0.06447158008813858, 0.16126857697963715, 0.15672127902507782, 0.07150720059871674], "tonal.hpcp.stdev": [0.16710585355758667, 0.142473965883255, 0.160027876496315, 0.34490054845809937, 0.3865385055541992, 0.18838772177696228, 0.10646463930606842, 0.1122300922870636, 0.1747039258480072, 0.25120440125465393, 0.27430346608161926, 0.226704940199852, 0.21303851902484894, 0.20716428756713867, 0.18117164075374603, 0.15172742307186127, 0.13515062630176544, 0.13968902826309204, 0.18519899249076843, 0.1820131093263626, 0.14001260697841644, 0.11324869096279144, 0.1146443784236908, 0.14980047941207886, 0.3723021447658539, 0.3915752172470093, 0.1830233931541443, 0.13043786585330963, 0.11392265558242798, 0.12422124296426773, 0.13052497804164886, 0.11479303240776062, 0.16747328639030457, 0.2953979969024658, 0.29076898097991943, 0.1582096517086029], "rhythm.beats_position": [0.54566890001297, 1.09133780002594, 1.6253968477249146, 2.1710658073425293, 2.705124616622925, 3.250793695449829, 3.7848525047302246, 4.318911552429199, 4.852970600128174, 5.38702917098999, 5.921088218688965, 6.4551472663879395, 6.989206314086914, 7.523265361785889, 8.057324409484863, 8.59138298034668, 9.125441551208496, 9.671111106872559, 10.216779708862305, 10.750839233398438, 11.284897804260254, 11.81895637512207, 12.353015899658203, 12.88707447052002, 13.421133995056152, 13.955192565917969, 14.489251136779785, 15.023310661315918, 15.557369232177734, 16.091428756713867, 16.637096405029297, 17.18276596069336, 17.716825485229492, 18.250883102416992, 18.784942626953125, 19.319002151489258, 19.85306167602539, 20.38711929321289, 20.921178817749023, 21.455238342285156, 21.989295959472656, 22.52335548400879, 23.057415008544922, 23.591472625732422, 24.125532150268555, 24.671201705932617, 25.216869354248047, 25.75092887878418, 26.284988403320312, 26.819047927856445, 27.353105545043945, 27.887165069580078, 28.42122459411621, 28.95528221130371, 29.489341735839844, 30.023401260375977, 30.557458877563477, 31.09151840209961, 31.625577926635742, 32.17124557495117, 32.716915130615234, 33.250972747802734, 33.7966423034668, 34.36553192138672, 34.93442153930664, 35.50331115722656, 36.08380889892578, 36.6526985168457, 37.23319625854492, 37.802085876464844], "rhythm.bpm_histogram": [0.0, 0.0, 0.0, 0.0, 0.0, 0.0, 0.0, 0.0, 0.0, 0.0, 0.0, 0.0, 0.0, 0.0, 0.0, 0.0, 0.0, 0.0, 0.0, 0.0, 0.0, 0.0, 0.0, 0.0, 0.0, 0.0, 0.0, 0.0, 0.0, 0.0, 0.0, 0.0, 0.0, 0.0, 0.0, 0.0, 0.0, 0.0, 0.0, 0.0, 0.0, 0.0, 0.0, 0.0, 0.0, 0.0, 0.0, 0.0, 0.0, 0.0, 0.0, 0.0, 0.0, 0.0, 0.0, 0.0, 0.0, 0.0, 0.0, 0.0, 0.0, 0.0, 0.0, 0.0, 0.0, 0.0, 0.0, 0.0, 0.0, 0.0, 0.0, 0.0, 0.0, 0.0, 0.0, 0.0, 0.0, 0.0, 0.0, 0.0, 0.0, 0.0, 0.0, 0.0, 0.0, 0.0, 0.0, 0.0, 0.0, 0.0, 0.0, 0.0, 0.0, 0.0, 0.0, 0.0, 0.0, 0.0, 0.0, 0.0, 0.0, 0.0, 0.0, 0.028985507786273956, 0.0, 0.07246376574039459, 0.0, 0.0, 0.0, 0.0, 0.17391304671764374, 0.0, 0.7246376872062683, 0.0, 0.0, 0.0, 0.0, 0.0, 0.0, 0.0, 0.0, 0.0, 0.0, 0.0, 0.0, 0.0, 0.0, 0.0, 0.0, 0.0, 0.0, 0.0, 0.0, 0.0, 0.0, 0.0, 0.0, 0.0, 0.0, 0.0, 0.0, 0.0, 0.0, 0.0, 0.0, 0.0, 0.0, 0.0, 0.0, 0.0, 0.0, 0.0, 0.0, 0.0, 0.0, 0.0, 0.0, 0.0, 0.0, 0.0, 0.0, 0.0, 0.0, 0.0, 0.0, 0.0, 0.0, 0.0, 0.0, 0.0, 0.0, 0.0, 0.0, 0.0, 0.0, 0.0, 0.0, 0.0, 0.0, 0.0, 0.0, 0.0, 0.0, 0.0, 0.0, 0.0, 0.0, 0.0, 0.0, 0.0, 0.0, 0.0, 0.0, 0.0, 0.0, 0.0, 0.0, 0.0, 0.0, 0.0, 0.0, 0.0, 0.0, 0.0, 0.0, 0.0, 0.0, 0.0, 0.0, 0.0, 0.0, 0.0, 0.0, 0.0, 0.0, 0.0, 0.0, 0.0, 0.0, 0.0, 0.0, 0.0, 0.0, 0.0, 0.0, 0.0, 0.0, 0.0, 0.0, 0.0, 0.0, 0.0, 0.0, 0.0, 0.0, 0.0, 0.0, 0.0, 0.0, 0.0, 0.0, 0.0, 0.0, 0.0, 0.0, 0.0, 0.0, 0.0, 0.0, 0.0], "tonal.chords_histogram": [13.389626502990723, 0.0, 46.079612731933594, 9.891435623168945, 0.0, 0.6031363010406494, 0.3618817925453186, 19.662242889404297, 0.0, 10.012063026428223, 0.0, 0.0, 0.0, 0.0, 0.0, 0.0, 0.0, 0.0, 0.0, 0.0, 0.0, 0.0, 0.0, 0.0], "tonal.thpcp": [1.0, 0.28022509813308716, 0.09125376492738724, 0.06792803853750229, 0.07495204359292984, 0.1017087772488594, 0.11237464845180511, 0.17648035287857056, 0.4414462149143219, 0.428998738527298, 0.19573920965194702, 0.17888368666172028, 0.13417671620845795, 0.16876515746116638, 0.6181710362434387, 0.7053934931755066, 0.25915372371673584, 0.06980862468481064, 0.07507079094648361, 0.1591206043958664, 0.4189375936985016, 0.4778597056865692, 0.27157509326934814, 0.22178347408771515, 0.2304501086473465, 0.1747404783964157, 0.1534433513879776, 0.1366538554430008, 0.1189638003706932, 0.2185932695865631, 0.21453267335891724, 0.1073489785194397, 0.07410818338394165, 0.07188189774751663, 0.20018644630908966, 0.9383618831634521], "lowlevel.gfcc.cov": [[38280.87890625, 2714.45361328125, -786.8696899414062, 3060.963134765625, 939.6011352539062, -13.293128967285156, 588.1417846679688, 726.998779296875, 213.8981170654297, 732.7894287109375, 81.35818481445312, 125.99237823486328, 70.47032928466797], [2714.45361328125, 9101.8583984375, -866.3507690429688, -1261.755126953125, 1180.4512939453125, -665.4991455078125, 730.898681640625, -677.0965576171875, 937.970458984375, -478.5663757324219, 695.5609130859375, -419.2427978515625, 764.1893310546875], [-786.8696899414062, -866.3507690429688, 1862.6319580078125, 468.4647521972656, -108.32781982421875, 281.53118896484375, 174.125244140625, 114.51677703857422, -49.59867858886719, 139.5104522705078, 16.738243103027344, -15.087721824645996, -113.25769805908203], [3060.963134765625, -1261.755126953125, 468.4647521972656, 1060.0411376953125, 170.00030517578125, 162.9225616455078, 198.8817901611328, 287.7210998535156, -61.549583435058594, 251.82009887695312, -71.80323028564453, 67.40737915039062, -113.48786926269531], [939.6011352539062, 1180.4512939453125, -108.32781982421875, 170.00030517578125, 719.490234375, -97.36360931396484, 385.2962341308594, 74.44024658203125, 269.79559326171875, 85.06889343261719, 138.18524169921875, 6.666306495666504, 167.29470825195312], [-13.293128967285156, -665.4991455078125, 281.53118896484375, 162.9225616455078, -97.36360931396484, 210.32476806640625, -45.13003921508789, 81.25997924804688, -41.89381408691406, 42.13963317871094, -26.415578842163086, 32.47538375854492, -56.88154983520508], [588.1417846679688, 730.898681640625, 174.125244140625, 198.8817901611328, 385.2962341308594, -45.13003921508789, 343.0421447753906, 53.21864700317383, 165.56236267089844, 75.77167510986328, 103.77159881591797, -14.796740531921387, 89.57279968261719], [726.998779296875, -677.0965576171875, 114.51677703857422, 287.7210998535156, 74.44024658203125, 81.25997924804688, 53.21864700317383, 186.21266174316406, -6.275481224060059, 133.20068359375, -30.31045913696289, 60.51866912841797, -32.79567337036133], [213.8981170654297, 937.970458984375, -49.59867858886719, -61.549583435058594, 269.79559326171875, -41.89381408691406, 165.56236267089844, -6.275481224060059, 212.64854431152344, -0.4333913326263428, 122.49891662597656, -21.615442276000977, 117.10501861572266], [732.7894287109375, -478.5663757324219, 139.5104522705078, 251.82009887695312, 85.06889343261719, 42.13963317871094, 75.77167510986328, 133.20068359375, -0.4333913326263428, 181.40057373046875, -8.689191818237305, 51.128761291503906, -27.478506088256836], [81.35818481445312, 695.5609130859375, 16.738243103027344, -71.80323028564453, 138.18524169921875, -26.415578842163086, 103.77159881591797, -30.31045913696289, 122.49891662597656, -8.689191818237305, 136.98150634765625, -16.396440505981445, 104.84729766845703], [125.99237823486328, -419.2427978515625, -15.087721824645996, 67.40737915039062, 6.666306495666504, 32.47538375854492, -14.796740531921387, 60.51866912841797, -21.615442276000977, 51.128761291503906, -16.396440505981445, 80.34210205078125, -13.0108060836792], [70.47032928466797, 764.1893310546875, -113.25769805908203, -113.48786926269531, 167.29470825195312, -56.88154983520508, 89.57279968261719, -32.79567337036133, 117.10501861572266, -27.478506088256836, 104.84729766845703, -13.0108060836792, 145.6043701171875]], "lowlevel.gfcc.icov": [[6.037392813595943e-05, -0.00012641007197089493, 5.0084137910744175e-05, -0.0002888838935177773, 8.23580048745498e-05, 1.9218228771933354e-05, 0.00020086386939510703, -0.00021509986254386604, 0.00010986968845827505, -0.00011524485307745636, -1.5892923329374753e-05, -0.00020684154878836125, 7.173670746851712e-05], [-0.00012641007197089493, 0.0008083462016656995, -3.752278280444443e-05, 0.0007022838108241558, -0.0003852933004964143, 0.00024586208746768534, -0.0007688010227866471, 0.0016195601783692837, -0.001258222502656281, 0.00034366088220849633, -0.00027376043726690114, 0.001637749606743455, -0.0008663937333039939], [5.0084137910744175e-05, -3.752278280444443e-05, 0.0010101116495206952, -0.0002813554892782122, 0.0005753337754867971, -0.0011974374065175653, -0.001199912978336215, 0.0003029014333151281, 0.0003885204205289483, -0.0004915097961202264, -0.0006836616084910929, 0.0005052173510193825, 0.0005488728056661785], [-0.0002888838935177773, 0.0007022838108241558, -0.0002813554892782122, 0.0037554253358393908, -0.0008847464923746884, -0.0008367443806491792, -0.002523464383557439, -0.0010001924820244312, 0.0010659403633326292, -5.9791429521283135e-05, -0.00013742699229624122, 0.002006442751735449, 0.0005886066937819123], [8.23580048745498e-05, -0.0003852933004964143, 0.0005753337754867971, -0.0008847464923746884, 0.005926241632550955, 0.0005162345478311181, -0.00417826883494854, -0.001031988300383091, -0.0033549603540450335, -0.0004900652565993369, 0.002720934571698308, -0.002356350887566805, -0.002093262504786253], [1.9218228771933354e-05, 0.00024586208746768534, -0.0011974374065175653, -0.0008367443806491792, 0.0005162345478311181, 0.009339513257145882, 0.0025079871993511915, -0.003516014665365219, -0.0021972698159515858, 0.002213807078078389, -0.0020532216876745224, -0.0011705473298206925, 0.0013962134253233671], [0.00020086386939510703, -0.0007688010227866471, -0.001199912978336215, -0.002523464383557439, -0.00417826883494854, 0.0025079871993511915, 0.012995311059057713, -0.00149279716424644, -0.0012189476983621716, -0.0015170861734077334, -0.0027002862188965082, 0.000694650923833251, 0.0011878949590027332], [-0.00021509986254386604, 0.0016195601783692837, 0.0003029014333151281, -0.0010001924820244312, -0.001031988300383091, -0.003516014665365219, -0.00149279716424644, 0.02184145338833332, -0.005625985097140074, -0.007702176459133625, 0.005100041627883911, -0.001762704341672361, -0.004048644099384546], [0.00010986968845827505, -0.001258222502656281, 0.0003885204205289483, 0.0010659403633326292, -0.0033549603540450335, -0.0021972698159515858, -0.0012189476983621716, -0.005625985097140074, 0.01987353153526783, 0.0006518082809634507, -0.00857678335160017, 0.000892496551387012, 0.0005576521507464349], [-0.00011524485307745636, 0.00034366088220849633, -0.0004915097961202264, -5.9791429521283135e-05, -0.0004900652565993369, 0.002213807078078389, -0.0015170861734077334, -0.007702176459133625, 0.0006518082809634507, 0.014362364076077938, -0.0035063298419117928, -0.00260607129894197, 0.0029277733992785215], [-1.5892923329374753e-05, -0.00027376043726690114, -0.0006836616084910929, -0.00013742699229624122, 0.002720934571698308, -0.0020532216876745224, -0.0027002862188965082, 0.005100041627883911, -0.00857678335160017, -0.0035063298419117928, 0.025740498676896095, -0.002046469133347273, -0.012794743292033672], [-0.00020684154878836125, 0.001637749606743455, 0.0005052173510193825, 0.002006442751735449, -0.002356350887566805, -0.0011705473298206925, 0.000694650923833251, -0.001762704341672361, 0.000892496551387012, -0.00260607129894197, -0.002046469133347273, 0.022879919037222862, -0.002804381540045142], [7.173670746851712e-05, -0.0008663937333039939, 0.0005488728056661785, 0.0005886066937819123, -0.002093262504786253, 0.0013962134253233671, 0.0011878949590027332, -0.004048644099384546, 0.0005576521507464349, 0.0029277733992785215, -0.012794743292033672, -0.002804381540045142, 0.022640671581029892]], "lowlevel.mfcc.cov": [[24118.60546875, 650.1400146484375, -722.8120727539062, 2481.239013671875, 426.31573486328125, 664.6129150390625, 330.6675720214844, 447.33209228515625, 446.6711120605469, 374.18743896484375, 368.3603820800781, 411.9569396972656, 183.68479919433594], [650.1400146484375, 8253.3271484375, -701.904052734375, -267.99102783203125, 76.4432601928711, 224.17022705078125, -204.7866973876953, 26.949321746826172, 270.74566650390625, -391.1498718261719, 212.96519470214844, 35.76903533935547, 325.0621643066406], [-722.8120727539062, -701.904052734375, 1718.53125, 125.3844223022461, 50.5271110534668, 108.58875274658203, 199.63784790039062, 29.719240188598633, -102.9398193359375, 200.61183166503906, -71.5685043334961, 43.96289825439453, -76.176025390625], [2481.239013671875, -267.99102783203125, 125.3844223022461, 895.8104858398438, 133.18019104003906, 251.04098510742188, 234.24606323242188, 145.425048828125, 198.0321044921875, 118.02442169189453, 219.44491577148438, 70.08331298828125, 66.95247650146484], [426.31573486328125, 76.4432601928711, 50.5271110534668, 133.18019104003906, 170.9300079345703, 83.54863739013672, 62.17647933959961, 68.6006088256836, 77.09768676757812, 35.12409973144531, 51.26945877075195, 39.10151290893555, 39.169315338134766], [664.6129150390625, 224.17022705078125, 108.58875274658203, 251.04098510742188, 83.54863739013672, 169.31072998046875, 91.7059555053711, 74.2417984008789, 81.16326904296875, 46.071712493896484, 85.6529312133789, 41.02805709838867, 38.83946228027344], [330.6675720214844, -204.7866973876953, 199.63784790039062, 234.24606323242188, 62.17647933959961, 91.7059555053711, 155.1446075439453, 53.16144943237305, 70.03567504882812, 52.465946197509766, 73.2908706665039, 28.051668167114258, 23.152475357055664], [447.33209228515625, 26.949321746826172, 29.719240188598633, 145.425048828125, 68.6006088256836, 74.2417984008789, 53.16144943237305, 104.69107818603516, 51.461116790771484, 44.84935760498047, 26.575103759765625, 36.298065185546875, 26.44858741760254], [446.6711120605469, 270.74566650390625, -102.9398193359375, 198.0321044921875, 77.09768676757812, 81.16326904296875, 70.03567504882812, 51.461116790771484, 156.38986206054688, 9.69128131866455, 123.18846130371094, 29.5611629486084, 62.7855224609375], [374.18743896484375, -391.1498718261719, 200.61183166503906, 118.02442169189453, 35.12409973144531, 46.071712493896484, 52.465946197509766, 44.84935760498047, 9.69128131866455, 110.88304901123047, 10.969722747802734, 38.69608688354492, -4.343630313873291], [368.3603820800781, 212.96519470214844, -71.5685043334961, 219.44491577148438, 51.26945877075195, 85.6529312133789, 73.2908706665039, 26.575103759765625, 123.18846130371094, 10.969722747802734, 175.19606018066406, 27.936813354492188, 55.5888671875], [411.9569396972656, 35.76903533935547, 43.96289825439453, 70.08331298828125, 39.10151290893555, 41.02805709838867, 28.051668167114258, 36.298065185546875, 29.5611629486084, 38.69608688354492, 27.936813354492188, 71.07638549804688, 29.920019149780273], [183.68479919433594, 325.0621643066406, -76.176025390625, 66.95247650146484, 39.169315338134766, 38.83946228027344, 23.152475357055664, 26.44858741760254, 62.7855224609375, -4.343630313873291, 55.5888671875, 29.920019149780273, 74.17256927490234]], "lowlevel.mfcc.icov": [[7.381899922620505e-05, -2.394977127551101e-05, 7.150716555770487e-05, -0.0002841636596713215, -6.848492193967104e-05, 6.091835984989302e-06, 0.0001043947268044576, 0.00012329481251072139, 2.5894763894029893e-05, -0.0001418996835127473, 0.00020762292842846364, -0.00033066445030272007, 0.0001560691453050822], [-2.394977127551101e-05, 0.0002381327940383926, -0.00011852585157612339, 0.00022881121549289674, 0.00015739873924758285, -0.0006584780639968812, 0.0005438694497570395, -0.0001976084167836234, -0.00029333322891034186, 0.0009328457526862621, -0.00010508373088669032, 3.05825233226642e-05, -0.0007808454101905227], [7.150716555770487e-05, -0.00011852585157612339, 0.0011732035782188177, -8.337550389114767e-05, -0.00032221368746832013, -0.0004922179505228996, -0.0018438829574733973, 0.0010296495165675879, 0.0011048507876694202, -0.0019302424043416977, 0.0006546162767335773, -0.00036614612326957285, 0.0008676326833665371], [-0.0002841636596713215, 0.00022881121549289674, -8.337550389114767e-05, 0.004001826047897339, 0.0008823538664728403, -0.0023526502773165703, -0.0021671655122190714, -0.0016048990655690432, -0.0008248802041634917, -0.0002730226260609925, -0.0022680656984448433, 0.0016862828051671386, -0.00028039279277436435], [-6.848492193967104e-05, 0.00015739873924758285, -0.00032221368746832013, 0.0008823538664728403, 0.009915105998516083, -0.0024807925801724195, -0.00043517581070773304, -0.0032690390944480896, -0.0037228488363325596, 0.0003596646129153669, 0.0008952315547503531, -0.0009440681897103786, -0.0014007736463099718], [6.091835984989302e-06, -0.0006584780639968812, -0.0004922179505228996, -0.0023526502773165703, -0.0024807925801724195, 0.01633044332265854, -0.0025394244585186243, -0.004301889333873987, 0.0013119552750140429, -0.0014558173716068268, -0.003013603389263153, -0.0009384153527207673, 0.0010156166972592473], [0.0001043947268044576, 0.0005438694497570395, -0.0018438829574733973, -0.0021671655122190714, -0.00043517581070773304, -0.0025394244585186243, 0.016839884221553802, -0.0017457341309636831, -0.0034074413124471903, 0.001425286871381104, -0.0015488649951294065, 0.0002906747395172715, -0.001642595394514501], [0.00012329481251072139, -0.0001976084167836234, 0.0010296495165675879, -0.0016048990655690432, -0.0032690390944480896, -0.004301889333873987, -0.0017457341309636831, 0.020646752789616585, -0.003334722714498639, -0.005236115772277117, 0.006524534430354834, -0.0032123352866619825, -0.0008494494250044227], [2.5894763894029893e-05, -0.00029333322891034186, 0.0011048507876694202, -0.0008248802041634917, -0.0037228488363325596, 0.0013119552750140429, -0.0034074413124471903, -0.003334722714498639, 0.021951913833618164, -0.0003592332359403372, -0.009838966652750969, 0.0016067683463916183, -0.00524478405714035], [-0.0001418996835127473, 0.0009328457526862621, -0.0019302424043416977, -0.0002730226260609925, 0.0003596646129153669, -0.0014558173716068268, 0.001425286871381104, -0.005236115772277117, -0.0003592332359403372, 0.021185919642448425, -0.0009359879186376929, -0.007140792440623045, 0.0016485769301652908], [0.00020762292842846364, -0.00010508373088669032, 0.0006546162767335773, -0.0022680656984448433, 0.0008952315547503531, -0.003013603389263153, -0.0015488649951294065, 0.006524534430354834, -0.009838966652750969, -0.0009359879186376929, 0.017300060018897057, -0.002201210241764784, -0.0018758241785690188], [-0.00033066445030272007, 3.05825233226642e-05, -0.00036614612326957285, 0.0016862828051671386, -0.0009440681897103786, -0.0009384153527207673, 0.0002906747395172715, -0.0032123352866619825, 0.0016067683463916183, -0.007140792440623045, -0.002201210241764784, 0.025186723098158836, -0.009457145817577839], [0.0001560691453050822, -0.0007808454101905227, 0.0008676326833665371, -0.00028039279277436435, -0.0014007736463099718, 0.0010156166972592473, -0.001642595394514501, -0.0008494494250044227, -0.00524478405714035, 0.0016485769301652908, -0.0018758241785690188, -0.009457145817577839, 0.02844218723475933]], "metadata.audio_properties.analysis.downmix": "mix", "metadata.audio_properties.codec": "mp3", "metadata.audio_properties.md5_encoded": "914ba6f08314c4933dd726bea1810a27", "metadata.tags.file_name": "1182277303229751357.mp3", "metadata.version.essentia": "2.1-beta6-dev", "metadata.version.essentia_git_sha": "v2.1_beta5-1110-g77a6a954", "metadata.version.extractor": "music 2.0", "tonal.chords_key": "F", "tonal.chords_scale": "minor", "tonal.key_edma.key": "Bb", "tonal.key_edma.scale": "minor", "tonal.key_krumhansl.key": "Bb", "tonal.key_krumhansl.scale": "minor", "tonal.key_temperley.key": "Bb", "tonal.key_temperley.scale": "minor", "metadata.tags.encoding": ["Lavf58.45.100"]}, "essentia_models": [{"model_name": "genre_dortmund", "activations": {"alternative": "0.020164264", "blues": "0.02190313", "electronic": "0.13539623", "folkcountry": "0.029076377", 