{"song_id": "1182286584557609060", "download": "https://cdn.discordapp.com/attachments/1135911532732108921/1182286584557609060/chirp.mp4?ex=6584252f&amp", "lyrics": "[Intro]\nBotta, Botta, Botta,\nle football au bout des doigts (ah-ah)\n\n[Verse]\nHey t'es pr\u00eat pour la BOTTA ?\ntu connais pas ? c'est un jeu qui rend fada\ninvent\u00e9 pour les fou de la p\u00e9lota\nLa BOTTA le football au bout des doigts\nAvec ceux que tu aime ou que tu n'aime pas\nAucune chance tu vas gagner par tes choix\nDonc viens t'amuser \u00e0 la BOTTA\nLe jeu de l'ann\u00e9e demande \u00e0 Maradonna (ah-ah)\n\n[Chorus]\nViens jouer \u00e0 la BOTTA !!!\nLe football au bout des doigts\nBOTTA ! BOTTA ! BOTTA ! \nLe jeu que tu aimes d\u00e9j\u00e0\nViens jouer \u00e0 la BOTTA !!!\nLe football au bout des doigts\nBOTTA ! BOTTA ! BOTTA !\nLe jeu que tu aimes d\u00e9j\u00e0\n\n[Outro]\nBotta, le football au bout des doigts\nBotta, le football au bout des doigts", "style": ["Rap"], "essentia_features": {"lowlevel.average_loudness": 0.655649721622467, "lowlevel.barkbands_crest.mean": 12.26093864440918, "lowlevel.barkbands_crest.stdev": 4.4239935874938965, "lowlevel.barkbands_flatness_db.mean": 0.2756924331188202, "lowlevel.barkbands_flatness_db.stdev": 0.07177816331386566, "lowlevel.barkbands_kurtosis.mean": 9.664015769958496, "lowlevel.barkbands_kurtosis.stdev": 17.878080368041992, "lowlevel.barkbands_skewness.mean": 1.8694403171539307, "lowlevel.barkbands_skewness.stdev": 1.5142189264297485, "lowlevel.barkbands_spread.mean": 10.533841133117676, "lowlevel.barkbands_spread.stdev": 17.989532470703125, "lowlevel.dissonance.mean": 0.3855287432670593, "lowlevel.dissonance.stdev": 0.058870263397693634, "lowlevel.dynamic_complexity": 5.2274885177612305, "lowlevel.erbbands_crest.mean": 11.423023223876953, "lowlevel.erbbands_crest.stdev": 4.978874206542969, "lowlevel.erbbands_flatness_db.mean": 0.25889620184898376, "lowlevel.erbbands_flatness_db.stdev": 0.06811875104904175, "lowlevel.erbbands_kurtosis.mean": 2.9357001781463623, "lowlevel.erbbands_kurtosis.stdev": 5.022670745849609, "lowlevel.erbbands_skewness.mean": 0.9800819158554077, "lowlevel.erbbands_skewness.stdev": 1.1057811975479126, "lowlevel.erbbands_spread.mean": 23.2717342376709, "lowlevel.erbbands_spread.stdev": 25.104446411132812, "lowlevel.hfc.mean": 11.198271751403809, "lowlevel.hfc.stdev": 18.426952362060547, "lowlevel.loudness_ebu128.integrated": -21.56232261657715, "lowlevel.loudness_ebu128.loudness_range": 6.194955825805664, "lowlevel.loudness_ebu128.momentary.mean": -24.21209144592285, "lowlevel.loudness_ebu128.momentary.stdev": 5.248356819152832, "lowlevel.loudness_ebu128.short_term.mean": -22.42790985107422, "lowlevel.loudness_ebu128.short_term.stdev": 1.9067368507385254, "lowlevel.melbands_crest.mean": 15.339827537536621, "lowlevel.melbands_crest.stdev": 4.51727819442749, "lowlevel.melbands_flatness_db.mean": 0.36974263191223145, "lowlevel.melbands_flatness_db.stdev": 0.09868624806404114, "lowlevel.melbands_kurtosis.mean": 14.048151016235352, "lowlevel.melbands_kurtosis.stdev": 24.05441665649414, "lowlevel.melbands_skewness.mean": 2.3418142795562744, "lowlevel.melbands_skewness.stdev": 1.6173218488693237, "lowlevel.melbands_spread.mean": 13.516253471374512, "lowlevel.melbands_spread.stdev": 32.056983947753906, "lowlevel.pitch_salience.mean": 0.5548593401908875, "lowlevel.pitch_salience.stdev": 0.11770366132259369, "lowlevel.silence_rate_20dB.mean": 1.0, "lowlevel.silence_rate_20dB.stdev": 0.0, "lowlevel.silence_rate_30dB.mean": 0.9930475354194641, "lowlevel.silence_rate_30dB.stdev": 0.0830913856625557, "lowlevel.silence_rate_60dB.mean": 0.20625723898410797, "lowlevel.silence_rate_60dB.stdev": 0.40461623668670654, "lowlevel.spectral_centroid.mean": 574.978759765625, "lowlevel.spectral_centroid.stdev": 692.375244140625, "lowlevel.spectral_complexity.mean": 8.351679801940918, "lowlevel.spectral_complexity.stdev": 4.014132499694824, "lowlevel.spectral_decrease.mean": -4.39103287064313e-09, "lowlevel.spectral_decrease.stdev": 5.293849802967543e-09, "lowlevel.spectral_energy.mean": 0.01758844591677189, "lowlevel.spectral_energy.stdev": 0.02094360813498497, "lowlevel.spectral_energyband_high.mean": 0.0004555681371130049, "lowlevel.spectral_energyband_high.stdev": 0.0016380626475438476, "lowlevel.spectral_energyband_low.mean": 0.0023992781061679125, "lowlevel.spectral_energyband_low.stdev": 0.0036834366619586945, "lowlevel.spectral_energyband_middle_high.mean": 0.0015502047026529908, "lowlevel.spectral_energyband_middle_high.stdev": 0.0038613115902990103, "lowlevel.spectral_energyband_middle_low.mean": 0.013597392477095127, "lowlevel.spectral_energyband_middle_low.stdev": 0.017967255786061287, "lowlevel.spectral_entropy.mean": 6.212185859680176, "lowlevel.spectral_entropy.stdev": 0.8061988353729248, "lowlevel.spectral_flux.mean": 0.04838047921657562, "lowlevel.spectral_flux.stdev": 0.047503408044576645, "lowlevel.spectral_kurtosis.mean": 42.90156936645508, "lowlevel.spectral_kurtosis.stdev": 41.2408447265625, "lowlevel.spectral_rms.mean": 0.003551154863089323, "lowlevel.spectral_rms.stdev": 0.002132783178240061, "lowlevel.spectral_rolloff.mean": 1140.755615234375, "lowlevel.spectral_rolloff.stdev": 2365.1474609375, "lowlevel.spectral_skewness.mean": 4.515535831451416, "lowlevel.spectral_skewness.stdev": 2.4943807125091553, "lowlevel.spectral_spread.mean": 3380661.0, "lowlevel.spectral_spread.stdev": 3191724.5, "lowlevel.spectral_strongpeak.mean": 0.7923732995986938, "lowlevel.spectral_strongpeak.stdev": 0.9842652082443237, "lowlevel.zerocrossingrate.mean": 0.041921745985746384, "lowlevel.zerocrossingrate.stdev": 0.0650319829583168, "metadata.audio_properties.analysis.equal_loudness": 0.0, "metadata.audio_properties.analysis.length": 40.04265213012695, "metadata.audio_properties.analysis.sample_rate": 44100.0, "metadata.audio_properties.analysis.start_time": 0.0, "metadata.audio_properties.bit_rate": 117020.0, "metadata.audio_properties.length": 40.042667388916016, "metadata.audio_properties.lossless": 0.0, "metadata.audio_properties.number_channels": 1.0, "metadata.audio_properties.replay_gain": -7.1625518798828125, "metadata.audio_properties.sample_rate": 48000.0, "rhythm.beats_count": 75.0, "rhythm.beats_loudness.mean": 0.02306625433266163, "rhythm.beats_loudness.stdev": 0.022858435288071632, "rhythm.bpm": 108.04655456542969, "rhythm.bpm_histogram_first_peak_bpm": 108.0, "rhythm.bpm_histogram_first_peak_weight": 0.559999942779541, "rhythm.bpm_histogram_second_peak_bpm": 120.0, "rhythm.bpm_histogram_second_peak_spread": 0.523809552192688, "rhythm.bpm_histogram_second_peak_weight": 0.13513512909412384, "rhythm.danceability": 1.0038200616836548, "rhythm.onset_rate": 2.27190899848938, "tonal.chords_changes_rate": 0.03703703731298447, "tonal.chords_number_rate": 0.009259259328246117, "tonal.chords_strength.mean": 0.5799103379249573, "tonal.chords_strength.stdev": 0.09403587132692337, "tonal.hpcp_crest.mean": 16.490463256835938, "tonal.hpcp_crest.stdev": 6.991204738616943, "tonal.hpcp_entropy.mean": 1.5891631841659546, "tonal.hpcp_entropy.stdev": 0.5906380414962769, "tonal.key_edma.strength": 0.7563915252685547, "tonal.key_krumhansl.strength": 0.7466691136360168, "tonal.key_temperley.strength": 0.7251578569412231, "tonal.tuning_diatonic_strength": 0.4721803665161133, "tonal.tuning_equal_tempered_deviation": 0.04212425649166107, "tonal.tuning_frequency": 440.5086364746094, "tonal.tuning_nontempered_energy_ratio": 0.623235821723938, "lowlevel.barkbands.mean": [1.9935716863983544e-06, 0.00045824924018234015, 0.0015534230042248964, 0.0010968489805236459, 0.005793651565909386, 0.0015979388263076544, 0.0021838827524334192, 0.001652522012591362, 0.001208930159918964, 0.0002446770668029785, 0.0002786027325782925, 0.00031221270910464227, 0.00022165608243085444, 0.00018170503608416766, 0.00013837090227752924, 9.227329428540543e-05, 8.171875379048288e-05, 1.7793605366023257e-05, 8.337930012203287e-06, 1.586516373208724e-05, 4.0995153540279716e-05, 3.9385897252941504e-05, 6.542973278556019e-05, 0.00013679324183613062, 0.00011858321522595361, 4.475681998883374e-05, 1.8732492890194408e-06], "lowlevel.barkbands.stdev": [3.7443517157953465e-06, 0.0007945969118736684, 0.0027629632968455553, 0.0020021500531584024, 0.008278140798211098, 0.00383390742354095, 0.007314727175980806, 0.005788152571767569, 0.0033910030033439398, 0.0007944385870359838, 0.001149222138337791, 0.0015556763391941786, 0.0011859474470838904, 0.0009053336107172072, 0.000900565180927515, 0.0005052041378803551, 0.0003404187154956162, 8.694201824255288e-05, 2.7181724362890236e-05, 6.255521293496713e-05, 0.0001649359764996916, 0.00010610256140353158, 0.00023448291176464409, 0.0005809699068777263, 0.0005457841325551271, 0.0001681864814599976, 1.0248425496683922e-05], "lowlevel.erbbands.mean": [0.0025844278279691935, 0.16835175454616547, 1.6611638069152832, 2.5497050285339355, 9.413117408752441, 22.772016525268555, 17.631669998168945, 13.978407859802246, 27.182668685913086, 39.410987854003906, 32.384151458740234, 30.46723747253418, 9.08530044555664, 9.10992431640625, 13.390320777893066, 12.473655700683594, 11.540620803833008, 10.212272644042969, 6.477091312408447, 6.5035576820373535, 4.459527969360352, 4.0866475105285645, 1.7116913795471191, 0.3073463439941406, 0.6011735200881958, 0.7783347964286804, 1.4208147525787354, 1.5625969171524048, 1.4874944686889648, 1.3089206218719482, 1.9043140411376953, 2.4196386337280273, 2.624007225036621, 1.8071168661117554, 0.525544285774231, 0.1784004420042038, 0.09035234153270721, 0.014410918578505516, 0.00030077117844484746, 3.097396620432846e-05], "lowlevel.erbbands.stdev": [0.004130649380385876, 0.2793084681034088, 2.8888120651245117, 3.7740395069122314, 15.341042518615723, 36.302024841308594, 34.89826583862305, 35.27913284301758, 84.67572021484375, 140.68453979492188, 114.18698120117188, 86.17572021484375, 34.7235221862793, 32.87849426269531, 53.336822509765625, 61.2606315612793, 57.82719421386719, 45.805301666259766, 31.437110900878906, 34.685001373291016, 22.351680755615234, 16.035905838012695, 7.296491622924805, 0.8424832224845886, 2.1249594688415527, 3.254969835281372, 6.01484489440918, 5.543357849121094, 4.092685699462891, 3.8857038021087646, 6.965919494628906, 9.855127334594727, 12.003607749938965, 8.923235893249512, 2.2415146827697754, 0.6932768225669861, 0.3593325912952423, 0.06716208159923553, 0.0012953532859683037, 5.071219493402168e-05], "lowlevel.gfcc.mean": [-143.5837860107422, 155.04083251953125, -72.35484313964844, -19.727169036865234, -63.58760452270508, 9.418716430664062, -50.05586624145508, -14.886007308959961, -27.256256103515625, -8.621517181396484, -19.635793685913086, -4.04389762878418, -15.484309196472168], "lowlevel.melbands.mean": [6.708464934490621e-05, 0.0006179367774166167, 0.0006389161571860313, 0.0011734871659427881, 0.0007775207632221282, 0.00032060054945759475, 0.00041543302359059453, 0.0004163271514698863, 0.0002708831161726266, 0.00016719714039936662, 3.9381844544550404e-05, 3.564811413525604e-05, 4.2377338104415685e-05, 3.362483039381914e-05, 3.489426671876572e-05, 1.8753300537355244e-05, 1.9465252989903092e-05, 9.292998583987355e-06, 1.1685668141581118e-05, 7.756676495773718e-06, 4.4981625251239166e-06, 4.240021098667057e-06, 3.638213684098446e-06, 4.045257071538799e-07, 1.8670534984721598e-07, 3.582032661597623e-07, 5.28231566931936e-07, 4.798760073754238e-07, 7.276027531588625e-07, 1.168270614471112e-06, 8.039525027925265e-07, 8.579135624131595e-07, 7.281051921381732e-07, 7.291782821994275e-07, 9.161143452729448e-07, 1.5577583099002368e-06, 1.4295351320470218e-06, 1.7431220840080641e-06, 2.1353191641537705e-06, 1.278636432289204e-06], "lowlevel.melbands.stdev": [0.00011587043991312385, 0.0010278945555910468, 0.000860800442751497, 0.001712032244540751, 0.0013752059312537313, 0.0007982842507772148, 0.0013189720921218395, 0.0014630974037572742, 0.0009228105191141367, 0.00048587884521111846, 0.00017263945483136922, 0.00013360964658204466, 0.00017156192916445434, 0.00015079323202371597, 0.00019676463853102177, 8.484232967020944e-05, 9.429104829905555e-05, 4.9850132199935615e-05, 8.578952838433906e-05, 4.307635026634671e-05, 2.2115886167739518e-05, 1.698464620858431e-05, 1.7583344742888585e-05, 1.5236056469802861e-06, 5.707101990992669e-07, 1.2441145145203336e-06, 2.092717522828025e-06, 2.08698747883318e-06, 3.1193692393571837e-06, 5.1804527174681425e-06, 2.6641314434527885e-06, 2.3968209461600054e-06, 2.043032054643845e-06, 2.359829068154795e-06, 3.29040085489396e-06, 6.31800685368944e-06, 6.064135504857404e-06, 8.144173079926986e-06, 1.0509042112971656e-05, 6.447862688219175e-06], "lowlevel.melbands128.mean": [9.336258699477185e-07, 1.780611569301982e-06, 2.5123936211457476e-05, 0.00031487521482631564, 0.0008666666690260172, 0.0006614446174353361, 0.00041565578430891037, 0.0006419316632673144, 0.0009219108615070581, 0.0011981360148638487, 0.0013463706709444523, 0.0012581925839185715, 0.000502241775393486, 0.0003796578967012465, 0.00029118050588294864, 0.00027493375819176435, 0.0004355089331511408, 0.0004531513259280473, 0.00035196065437048674, 0.0005303462385199964, 0.0004014130390714854, 0.0002193575637647882, 0.00026472925674170256, 0.00028632799512706697, 0.00027595635037869215, 6.11681753071025e-05, 6.375202065100893e-05, 3.142836067127064e-05, 2.5279176043113694e-05, 4.504845855990425e-05, 3.170053969370201e-05, 3.2301017199642956e-05, 4.3964791984762996e-05, 5.296914605423808e-05, 3.591125278035179e-05, 2.3590340788359754e-05, 3.536032454576343e-05, 3.612711589084938e-05, 4.0055601857602596e-05, 2.0404990209499374e-05, 1.0916680366790388e-05, 1.8739598090178333e-05, 2.335518365725875e-05, 1.878573493740987e-05, 1.0323127753508743e-05, 4.761461241287179e-06, 1.0690999260987155e-05, 1.8239772543893196e-05, 8.072251148405485e-06, 5.500588486029301e-06, 9.574475370754953e-06, 8.609555152361281e-06, 2.750099611148471e-06, 3.7792854072904447e-06, 5.3065800784679595e-06, 3.5330685932422057e-06, 3.534782763381372e-06, 6.71680572850164e-06, 2.368294417465222e-06, 5.595056791207753e-07, 3.8496230558848765e-07, 1.8683098801375309e-07, 1.5639149353319226e-07, 1.8410565871818108e-07, 2.2463468951627874e-07, 3.1975841352505086e-07, 4.6983348056528484e-07, 5.18514127634262e-07, 4.841160716750892e-07, 6.76122397180734e-07, 4.007864617960877e-07, 4.5603243847835984e-07, 4.897714802609698e-07, 7.991093298187479e-07, 9.22631613775593e-07, 1.3351722145671374e-06, 1.2647280982491793e-06, 7.991344546098844e-07, 7.619826760674187e-07, 7.129593200261297e-07, 9.139822054748947e-07, 9.067755399883026e-07, 8.04748651717091e-07, 7.297605293388187e-07, 6.134878276498057e-07, 7.171889819801436e-07, 7.511573585361475e-07, 7.962179893183929e-07, 7.869016940276197e-07, 1.0871679023694014e-06, 1.526482719782507e-06, 1.7439332395952079e-06, 1.4837243043075432e-06, 1.3553287772083422e-06, 1.3061904837741167e-06, 1.9276058083050884e-06, 1.587966153238085e-06, 1.917695726660895e-06, 2.2298549993138295e-06, 2.3268107725016307e-06, 1.7852587461675284e-06, 1.0455073606863152e-06, 7.140301363506296e-07, 7.235544217110146e-07, 5.832338274558424e-07, 4.4976442836741626e-07, 3.545601998666825e-07, 3.3131433951893996e-07, 3.0156633101796615e-07, 2.180824338893217e-07, 2.7114762701785367e-07, 3.2581618825133773e-07, 3.108208090907283e-07, 3.028554829143104e-07, 2.2867166649120918e-07, 1.6793674717519025e-07, 7.711280858302416e-08, 5.930139046483873e-09, 2.8553220985522154e-12, 2.6656038487615774e-12, 2.570445375646435e-12, 2.5096047202161076e-12, 2.4622825479936328e-12, 2.401503258406268e-12, 2.283144159842543e-12, 2.0962725912759828e-12, 1.992069053116663e-12, 1.9680843326569386e-12], "lowlevel.melbands128.stdev": [1.8146246247852105e-06, 3.960457888751989e-06, 5.8179353800369427e-05, 0.0005483279819600284, 0.0015413368819281459, 0.0011715453583747149, 0.0007303357706405222, 0.0011824623215943575, 0.0018134335987269878, 0.0024299570359289646, 0.0024378406815230846, 0.0025629354640841484, 0.001463668537326157, 0.0007221807609312236, 0.0007189377211034298, 0.0015168098034337163, 0.0015666979597881436, 0.0017936984077095985, 0.0017964504659175873, 0.0023436229676008224, 0.0017505992436781526, 0.001072187558747828, 0.001494865515269339, 0.0008923323475755751, 0.0009460358996875584, 0.00029939605155959725, 0.0004946625558659434, 0.0001482271181885153, 0.00012292814790271223, 0.00019330665236338973, 0.00018270224973093718, 0.00021821181871928275, 0.0002357830380788073, 0.0003148888354189694, 0.00022880532196722925, 0.00018130855460185558, 0.0002389315195614472, 0.0003148317337036133, 0.00030697969486936927, 0.00011681886826409027, 7.155303319450468e-05, 0.00012323383998591453, 0.00014469375310000032, 0.00011908134911209345, 0.00011948693281738088, 2.0269731976441108e-05, 8.090224582701921e-05, 0.00017617242701817304, 8.171777881216258e-05, 3.1260708055924624e-05, 7.094775355653837e-05, 7.051927241263911e-05, 1.9080564015894197e-05, 2.4935918190749362e-05, 3.1787047191755846e-05, 1.6715181118343025e-05, 2.2928834368940443e-05, 3.913768887287006e-05, 1.334181706624804e-05, 2.6439010980539024e-06, 1.741531491461501e-06, 1.0261389888910344e-06, 5.298769565342809e-07, 6.378038506227313e-07, 1.2235608437549672e-06, 1.2513916090028943e-06, 2.226687001893879e-06, 2.1680118607037002e-06, 1.8696150618779939e-06, 4.535861535259755e-06, 1.916825567604974e-06, 2.0650911665143212e-06, 1.9726278424059274e-06, 3.941326667700196e-06, 4.470191470318241e-06, 6.820924681960605e-06, 5.788474027212942e-06, 3.237990085835918e-06, 2.763847305686795e-06, 2.4138676053553354e-06, 2.8821916657761903e-06, 2.7349549327482237e-06, 2.564970145613188e-06, 2.147656232409645e-06, 1.8613901602293481e-06, 2.4768294224486453e-06, 2.7916598810406867e-06, 3.0668209092254983e-06, 2.862723022190039e-06, 4.477228685573209e-06, 7.164862381614512e-06, 7.272709808603395e-06, 6.851444595667999e-06, 6.552117611136055e-06, 5.82051961828256e-06, 9.200122804031707e-06, 8.706269909453113e-06, 1.0252806532662362e-05, 1.1297987839498091e-05, 1.199274538521422e-05, 1.0835161447175778e-05, 5.323236109688878e-06, 3.4378026612102985e-06, 3.609627356127021e-06, 2.656077640494914e-06, 2.2519166122947354e-06, 1.628534391784342e-06, 1.444412760065461e-06, 1.3352722589843324e-06, 9.194533276968286e-07, 1.1774503718697815e-06, 1.3304662616064888e-06, 1.4499368035103544e-06, 1.35458640215802e-06, 1.137151912189438e-06, 9.464278605264553e-07, 4.1025649011317e-07, 4.024988342621327e-08, 5.329723641589457e-12, 5.109074621700849e-12, 4.958361846107984e-12, 4.8454291794175486e-12, 4.741179237405246e-12, 4.657086782183795e-12, 4.58962208516045e-12, 4.5323467201541234e-12, 4.492527877486552e-12, 4.467779445016529e-12], "lowlevel.mfcc.mean": [-811.10546875, 206.5596923828125, 36.272125244140625, -12.872790336608887, 2.0271105766296387, 7.955830097198486, -13.01174259185791, -5.288791656494141, -12.365630149841309, -12.271872520446777, -5.329698085784912, -4.560128211975098, -9.11872673034668], "lowlevel.spectral_contrast_coeffs.mean": [-0.6366797089576721, -0.7130150198936462, -0.7552295923233032, -0.7747424840927124, -0.7924262285232544, -0.8133829832077026], "lowlevel.spectral_contrast_coeffs.stdev": [0.1032971441745758, 0.08525420725345612, 0.06400801986455917, 0.05887075886130333, 0.07142282277345657, 0.06443041563034058], "lowlevel.spectral_contrast_valleys.mean": [-7.202004909515381, -7.333927154541016, -8.496427536010742, -9.460433959960938, -10.548593521118164, -12.319316864013672], "lowlevel.spectral_contrast_valleys.stdev": [0.9090079665184021, 0.9485449194908142, 0.9383841753005981, 1.1394798755645752, 1.3838090896606445, 1.7952485084533691], "rhythm.beats_loudness_band_ratio.mean": [0.2992922067642212, 0.4395541846752167, 0.2314203381538391, 0.0614706352353096, 0.01216552872210741, 0.028248148038983345], "rhythm.beats_loudness_band_ratio.stdev": [0.21021904051303864, 0.19811639189720154, 0.18074071407318115, 0.07701916247606277, 0.03661239519715309, 0.13328438997268677], "tonal.hpcp.mean": [0.3189658522605896, 0.10827302187681198, 0.02691262774169445, 0.017980875447392464, 0.01624043844640255, 0.0837901309132576, 0.15496860444545746, 0.104071706533432, 0.30122512578964233, 0.40142276883125305, 0.14196930825710297, 0.02763958089053631, 0.014974555931985378, 0.011185979470610619, 0.05829525366425514, 0.0913611352443695, 0.055153217166662216, 0.0273637343198061, 0.018400540575385094, 0.01676902547478676, 0.14900587499141693, 0.26051685214042664, 0.13983795046806335, 0.17022043466567993, 0.1999586671590805, 0.05629204213619232, 0.018085334450006485, 0.02247183583676815, 0.030774317681789398, 0.1182706207036972, 0.13838085532188416, 0.052690550684928894, 0.05123187601566315, 0.07107653468847275, 0.08512169122695923, 0.27810540795326233], "tonal.hpcp.stdev": [0.4037370979785919, 0.1951572746038437, 0.11255542188882828, 0.09756487607955933, 0.09277334809303284, 0.18342652916908264, 0.31114453077316284, 0.20640234649181366, 0.3169211149215698, 0.38916274905204773, 0.18909791111946106, 0.11680334061384201, 0.0617159940302372, 0.061173852533102036, 0.16370798647403717, 0.23146452009677887, 0.15320812165737152, 0.10976164042949677, 0.08068153262138367, 0.06641768664121628, 0.19544416666030884, 0.2995304763317108, 0.18269771337509155, 0.23973777890205383, 0.2943209409713745, 0.11568417400121689, 0.08793000876903534, 0.09227439016103745, 0.11659576743841171, 0.244977205991745, 0.27366989850997925, 0.13820193707942963, 0.16997860372066498, 0.21494898200035095, 0.20462948083877563, 0.3614518940448761], "rhythm.beats_position": [0.5688889026641846, 1.1493877172470093, 1.7182766199111938, 2.287165403366089, 2.8560543060302734, 3.390113353729248, 3.9241721630096436, 4.481451034545898, 5.038730144500732, 5.596008777618408, 6.176507949829102, 6.768616676330566, 7.360725402832031, 7.859954357147217, 8.359183311462402, 8.835192680358887, 9.3228120803833, 9.810430526733398, 10.309659957885742, 10.80888843536377, 11.308117866516113, 11.81895637512207, 12.318185806274414, 12.794195175170898, 13.270203590393066, 13.75782299041748, 14.233832359313965, 14.686620712280273, 15.162630081176758, 15.650249481201172, 16.137868881225586, 16.637096405029297, 17.13632583618164, 17.635555267333984, 18.134784698486328, 18.6456241607666, 19.133241653442383, 19.644081115722656, 20.15492057800293, 20.665760040283203, 21.118547439575195, 21.57133674621582, 22.035736083984375, 22.51174545288086, 22.987754821777344, 23.4521541595459, 23.928163528442383, 24.392560958862305, 24.85696029663086, 25.41423988342285, 25.936689376831055, 26.470746994018555, 27.004806518554688, 27.53886604309082, 28.08453369140625, 28.641813278198242, 29.199092864990234, 29.744760513305664, 30.290430068969727, 30.83609962463379, 31.39337730407715, 31.95065689086914, 32.473106384277344, 33.018775939941406, 33.552833557128906, 34.110111236572266, 34.66739273071289, 35.22467041015625, 35.82838821411133, 36.43210983276367, 37.01260757446289, 37.59310531616211, 38.17360305786133, 38.76571273803711, 39.35782241821289], "rhythm.bpm_histogram": [0.0, 0.0, 0.0, 0.0, 0.0, 0.0, 0.0, 0.0, 0.0, 0.0, 0.0, 0.0, 0.0, 0.0, 0.0, 0.0, 0.0, 0.0, 0.0, 0.0, 0.0, 0.0, 0.0, 0.0, 0.0, 0.0, 0.0, 0.0, 0.0, 0.0, 0.0, 0.0, 0.0, 0.0, 0.0, 0.0, 0.0, 0.0, 0.0, 0.0, 0.0, 0.0, 0.0, 0.0, 0.0, 0.0, 0.0, 0.0, 0.0, 0.0, 0.0, 0.0, 0.0, 0.0, 0.0, 0.0, 0.0, 0.0, 0.0, 0.0, 0.0, 0.0, 0.0, 0.0, 0.0, 0.0, 0.0, 0.0, 0.0, 0.0, 0.0, 0.0, 0.0, 0.0, 0.0, 0.0, 0.0, 0.0, 0.0, 0.0, 0.0, 0.0, 0.0, 0.0, 0.0, 0.0, 0.0, 0.0, 0.0, 0.0, 0.0, 0.0, 0.0, 0.0, 0.0, 0.0, 0.0, 0.0, 0.0, 0.027027027681469917, 0.0, 0.054054055362939835, 0.0, 0.06756756454706192, 0.0, 0.04054053872823715, 0.0, 0.0, 0.14864864945411682, 0.0, 0.06756756454706192, 0.0, 0.0810810774564743, 0.0, 0.0, 0.027027027681469917, 0.0, 0.06756756454706192, 0.0, 0.0, 0.13513512909412384, 0.0, 0.0, 0.0810810774564743, 0.0, 0.0, 0.10810811072587967, 0.0, 0.0, 0.054054055362939835, 0.0, 0.0, 0.0, 0.04054053872823715, 0.0, 0.0, 0.0, 0.0, 0.0, 0.0, 0.0, 0.0, 0.0, 0.0, 0.0, 0.0, 0.0, 0.0, 0.0, 0.0, 0.0, 0.0, 0.0, 0.0, 0.0, 0.0, 0.0, 0.0, 0.0, 0.0, 0.0, 0.0, 0.0, 0.0, 0.0, 0.0, 0.0, 0.0, 0.0, 0.0, 0.0, 0.0, 0.0, 0.0, 0.0, 0.0, 0.0, 0.0, 0.0, 0.0, 0.0, 0.0, 0.0, 0.0, 0.0, 0.0, 0.0, 0.0, 0.0, 0.0, 0.0, 0.0, 0.0, 0.0, 0.0, 0.0, 0.0, 0.0, 0.0, 0.0, 0.0, 0.0, 0.0, 0.0, 0.0, 0.0, 0.0, 0.0, 0.0, 0.0, 0.0, 0.0, 0.0, 0.0, 0.0, 0.0, 0.0, 0.0, 0.0, 0.0, 0.0, 0.0, 0.0, 0.0, 0.0, 0.0, 0.0, 0.0, 0.0, 0.0, 0.0, 0.0, 0.0, 0.0, 0.0, 0.0, 0.0, 0.0, 0.0, 0.0, 0.0, 0.0, 0.0, 0.0, 0.0, 0.0, 0.0, 0.0, 0.0, 0.0], "tonal.chords_histogram": [2.8935184478759766, 2.1990740299224854, 0.0, 0.0, 0.0, 0.0, 0.0, 5.55555534362793, 0.9259259104728699, 0.0, 0.0, 0.0, 0.0, 0.0, 4.513888835906982, 67.01388549804688, 2.5462963581085205, 0.23148147761821747, 12.037036895751953, 2.0833332538604736, 0.0, 0.0, 0.0, 0.0], "tonal.thpcp": [1.0, 0.3536653220653534, 0.06885404139757156, 0.037303704768419266, 0.027865832671523094, 0.14522159099578857, 0.2275933027267456, 0.13739433884620667, 0.06816687434911728, 0.045838307589292526, 0.04177397862076759, 0.37119439244270325, 0.6489837169647217, 0.34835579991340637, 0.42404279112815857, 0.4981248676776886, 0.14023131132125854, 0.045053087174892426, 0.05598047003149986, 0.07666310667991638, 0.2946285903453827, 0.34472596645355225, 0.1312595009803772, 0.1276257336139679, 0.1770615428686142, 0.21204997599124908, 0.6927992701530457, 0.7945883274078369, 0.26972317695617676, 0.06704310327768326, 0.044792864471673965, 0.040457192808389664, 0.20873288810253143, 0.3860483765602112, 0.25925710797309875, 0.7503937482833862], "lowlevel.gfcc.cov": [[13081.794921875, -5784.56005859375, -1135.0867919921875, 1363.65478515625, -1849.0927734375, -181.871337890625, -671.5906982421875, 287.1767272949219, -144.6673583984375, 323.7806396484375, -656.6365356445312, 301.3376770019531, -654.3140869140625], [-5784.56005859375, 6159.57470703125, -433.4255065917969, -1526.390869140625, 1920.654052734375, -162.91859436035156, 535.8200073242188, -20.057863235473633, 649.3545532226562, -438.812744140625, 597.9906616210938, -349.99639892578125, 267.73211669921875], [-1135.0867919921875, -433.4255065917969, 879.9650268554688, 198.8593292236328, -186.7988739013672, 230.9019775390625, 64.74308776855469, -57.91621017456055, -217.1743621826172, 106.51471710205078, 7.809486389160156, 70.38091278076172, 62.127296447753906], [1363.65478515625, -1526.390869140625, 198.8593292236328, 677.1126708984375, -388.5650329589844, 25.160741806030273, -110.26476287841797, 23.02655792236328, -108.98037719726562, 135.6927947998047, -145.79063415527344, 81.37896728515625, -5.4030537605285645], [-1849.0927734375, 1920.654052734375, -186.7988739013672, -388.5650329589844, 845.653564453125, -92.86715698242188, 104.5041732788086, 37.4928092956543, 254.19677734375, -117.85564422607422, 187.04608154296875, -134.2230987548828, 140.07984924316406], [-181.871337890625, -162.91859436035156, 230.9019775390625, 25.160741806030273, -92.86715698242188, 212.07601928710938, 56.70759201049805, -3.4840033054351807, -58.461429595947266, 43.85382080078125, -5.618601322174072, 25.98868751525879, 6.034672737121582], [-671.5906982421875, 535.8200073242188, 64.74308776855469, -110.26476287841797, 104.5041732788086, 56.70759201049805, 264.1532287597656, 47.516971588134766, 9.059307098388672, -14.327649116516113, 92.22654724121094, -66.73026275634766, -4.332173824310303], [287.1767272949219, -20.057863235473633, -57.91621017456055, 23.02655792236328, 37.4928092956543, -3.4840033054351807, 47.516971588134766, 123.99698638916016, 27.864246368408203, 12.067656517028809, 21.109954833984375, -16.77893829345703, -12.360993385314941], [-144.6673583984375, 649.3545532226562, -217.1743621826172, -108.98037719726562, 254.19677734375, -58.461429595947266, 9.059307098388672, 27.864246368408203, 227.0890655517578, -32.80289077758789, 12.792134284973145, -20.302011489868164, 26.064882278442383], [323.7806396484375, -438.812744140625, 106.51471710205078, 135.6927947998047, -117.85564422607422, 43.85382080078125, -14.327649116516113, 12.067656517028809, -32.80289077758789, 130.2447967529297, -22.360145568847656, 12.900911331176758, -15.543420791625977], [-656.6365356445312, 597.9906616210938, 7.809486389160156, -145.79063415527344, 187.04608154296875, -5.618601322174072, 92.22654724121094, 21.109954833984375, 12.792134284973145, -22.360145568847656, 158.64317321777344, -67.99884796142578, 30.025327682495117], [301.3376770019531, -349.99639892578125, 70.38091278076172, 81.37896728515625, -134.2230987548828, 25.98868751525879, -66.73026275634766, -16.77893829345703, -20.302011489868164, 12.900911331176758, -67.99884796142578, 161.88832092285156, -1.36452317237854], [-654.3140869140625, 267.73211669921875, 62.127296447753906, -5.4030537605285645, 140.07984924316406, 6.034672737121582, -4.332173824310303, -12.360993385314941, 26.064882278442383, -15.543420791625977, 30.025327682495117, -1.36452317237854, 127.3709945678711]], "lowlevel.gfcc.icov": [[0.00028331868816167116, 0.00013530436262954026, 0.0004064410168211907, -0.00024207783280871809, 0.0002267973468406126, -0.00015421202988363802, 0.000319107057293877, -0.0004448687832336873, -0.0002720555930864066, 1.3399129784374963e-05, -0.00013512768782675266, -7.70318802096881e-05, 0.0007763999165035784], [0.00013530436262954026, 0.002469779457896948, -0.0005046944716013968, 0.002157529117539525, -0.002399976132437587, 0.00040650807204656303, -0.002065228298306465, 0.0019301922293379903, -0.0033536702394485474, 0.0021946311462670565, -0.0024385335855185986, -0.00010260039562126622, 0.00010642169218044728], [0.0004064410168211907, -0.0005046944716013968, 0.0033397176302969456, -0.0015653162263333797, 0.0004908738774247468, -0.0021414984948933125, 0.0003521224716678262, -9.507642971584573e-05, 0.002656347118318081, -0.0017686738865450025, 0.00016979462816379964, -0.0010795585112646222, 0.00020671868696808815], [-0.00024207783280871809, 0.002157529117539525, -0.0015653162263333797, 0.005366438999772072, -0.0014914830680936575, 0.0016053636791184545, -0.001999025931581855, 0.0009143870556727052, -0.0028208335861563683, 0.0002573491365183145, -0.00040064065251499414, 0.0003108567907474935, -0.002496101427823305], [0.0002267973468406126, -0.002399976132437587, 0.0004908738774247468, -0.0014914830680936575, 0.006825143471360207, 0.00022406458447221667, 0.002756216563284397, -0.0033647881355136633, -0.0003495504497550428, -0.001206024782732129, 0.0002614681434351951, 0.0014812545850872993, -0.001963876886293292], [-0.00015421202988363802, 0.00040650807204656303, -0.0021414984948933125, 0.0016053636791184545, 0.00022406458447221667, 0.00784115307033062, -0.002208109013736248, 8.902401896193624e-05, -0.0007657173555344343, -0.0010522011434659362, 0.0006857736734673381, -0.0004195896617602557, -0.0013562727253884077], [0.000319107057293877, -0.002065228298306465, 0.0003521224716678262, -0.001999025931581855, 0.002756216563284397, -0.002208109013736248, 0.008558858186006546, -0.004512439016252756, 0.0018266142578795552, -0.0008648742805235088, -0.0004636326339095831, 0.0016154316253960133, 0.002297645667567849], [-0.0004448687832336873, 0.0019301922293379903, -9.507642971584573e-05, 0.0009143870556727052, -0.0033647881355136633, 8.902401896193624e-05, -0.004512439016252756, 0.012997292913496494, -0.0028354607056826353, 0.0007291976362466812, -0.003304095007479191, -0.0005358504713512957, -1.0857796041818801e-05], [-0.0002720555930864066, -0.0033536702394485474, 0.002656347118318081, -0.0028208335861563683, -0.0003495504497550428, -0.0007657173555344343, 0.0018266142578795552, -0.0028354607056826353, 0.014385177753865719, -0.004693320486694574, 0.006161685101687908, -0.0014272078406065702, -0.0005401519010774791], [1.3399129784374963e-05, 0.0021946311462670565, -0.0017686738865450025, 0.0002573491365183145, -0.001206024782732129, -0.0010522011434659362, -0.0008648742805235088, 0.0007291976362466812, -0.004693320486694574, 0.013558469712734222, -0.0035786426160484552, 0.0010854459833353758, 0.0012171573471277952], [-0.00013512768782675266, -0.0024385335855185986, 0.00016979462816379964, -0.00040064065251499414, 0.0002614681434351951, 0.0006857736734673381, -0.0004636326339095831, -0.003304095007479191, 0.006161685101687908, -0.0035786426160484552, 0.01518336869776249, 0.002102369675412774, -0.0015789770986884832], [-7.70318802096881e-05, -0.00010260039562126622, -0.0010795585112646222, 0.0003108567907474935, 0.0014812545850872993, -0.0004195896617602557, 0.0016154316253960133, -0.0005358504713512957, -0.0014272078406065702, 0.0010854459833353758, 0.002102369675412774, 0.008924851194024086, -0.0012219875352457166], [0.0007763999165035784, 0.00010642169218044728, 0.00020671868696808815, -0.002496101427823305, -0.001963876886293292, -0.0013562727253884077, 0.002297645667567849, -1.0857796041818801e-05, -0.0005401519010774791, 0.0012171573471277952, -0.0015789770986884832, -0.0012219875352457166, 0.014328465797007084]], "lowlevel.mfcc.cov": [[14175.212890625, -6321.76513671875, -165.31488037109375, 298.62969970703125, -859.37890625, -443.15899658203125, -989.3827514648438, -152.47451782226562, -117.90251159667969, -247.58840942382812, 118.47628021240234, 157.97474670410156, -208.06248474121094], [-6321.76513671875, 6847.9912109375, -1495.953857421875, -464.609375, 888.0880737304688, 46.87609100341797, 302.0221862792969, 448.0458068847656, 114.37324523925781, 212.37966918945312, 341.4596252441406, 130.1734619140625, 259.2295227050781], [-165.31488037109375, -1495.953857421875, 1154.006103515625, 77.03633117675781, -311.5660095214844, 170.78515625, 216.90081787109375, -117.59495544433594, -50.85578918457031, -48.689613342285156, -137.10763549804688, -65.48403930664062, -15.307699203491211], [298.62969970703125, -464.609375, 77.03633117675781, 325.8774719238281, 31.16766929626465, -2.189882516860962, -22.680835723876953, -47.74116897583008, 47.07938766479492, 37.02174377441406, -33.766910552978516, 0.002197349676862359, 23.851917266845703], [-859.37890625, 888.0880737304688, -311.5660095214844, 31.16766929626465, 413.9772033691406, 3.0951993465423584, -30.542062759399414, 21.61244773864746, 87.98815155029297, 47.30698776245117, -10.142708778381348, 21.32379150390625, 56.51530838012695], [-443.15899658203125, 46.87609100341797, 170.78515625, -2.189882516860962, 3.0951993465423584, 181.7716064453125, 23.314109802246094, 4.786533832550049, 30.87352752685547, 19.256309509277344, -7.761811256408691, -6.989666938781738, -4.78262186050415], [-989.3827514648438, 302.0221862792969, 216.90081787109375, -22.680835723876953, -30.542062759399414, 23.314109802246094, 374.43646240234375, -15.002522468566895, -25.541479110717773, 84.68964385986328, 18.9906063079834, 15.293414115905762, 35.59761428833008], [-152.47451782226562, 448.0458068847656, -117.59495544433594, -47.74116897583008, 21.61244773864746, 4.786533832550049, -15.002522468566895, 177.67095947265625, 29.811765670776367, -30.39895248413086, 56.84870529174805, 23.161151885986328, 22.509798049926758], [-117.90251159667969, 114.37324523925781, -50.85578918457031, 47.07938766479492, 87.98815155029297, 30.87352752685547, -25.541479110717773, 29.811765670776367, 124.83779907226562, 34.296566009521484, -7.026193618774414, 12.78491497039795, 22.555702209472656], [-247.58840942382812, 212.37966918945312, -48.689613342285156, 37.02174377441406, 47.30698776245117, 19.256309509277344, 84.68964385986328, -30.39895248413086, 34.296566009521484, 160.9798126220703, 55.901771545410156, 15.514845848083496, 7.755673885345459], [118.47628021240234, 341.4596252441406, -137.10763549804688, -33.766910552978516, -10.142708778381348, -7.761811256408691, 18.9906063079834, 56.84870529174805, -7.026193618774414, 55.901771545410156, 153.45033264160156, 39.47486877441406, 2.478243350982666], [157.97474670410156, 130.1734619140625, -65.48403930664062, 0.002197349676862359, 21.32379150390625, -6.989666938781738, 15.293414115905762, 23.161151885986328, 12.78491497039795, 15.514845848083496, 39.47486877441406, 93.77867889404297, 27.749494552612305], [-208.06248474121094, 259.2295227050781, -15.307699203491211, 23.851917266845703, 56.51530838012695, -4.78262186050415, 35.59761428833008, 22.509798049926758, 22.555702209472656, 7.755673885345459, 2.478243350982666, 27.749494552612305, 100.07704162597656]], "lowlevel.mfcc.icov": [[0.00026452235761098564, 0.0003566533559933305, 0.0003394573868717998, 0.00013871589908376336, 0.0001004999503493309, 0.0001382444315822795, 0.00030254022567532957, -0.0001524376857560128, 8.533937943866476e-05, -9.824423614190891e-06, -0.0005116381798870862, -0.0004131003806833178, -0.00036976131377741694], [0.0003566533559933305, 0.0009737201035022736, 0.001011387794278562, 0.0006689199362881482, -0.0005349481361918151, -0.0004152990586590022, -0.00020744698122143745, -0.0008379042847082019, 0.0004607773735187948, -0.00010382400796515867, -0.0009884332539513707, -0.00016994161705952138, -0.0012651667930185795], [0.0003394573868717998, 0.001011387794278562, 0.0031399750150740147, 0.00016363567556254566, 0.0008421550155617297, -0.002373562892898917, -0.0015405173180624843, -8.413549221586436e-05, 0.00035570785985328257, 0.0008614141843281686, 0.00011402639211155474, 0.0004010125994682312, -0.0017558364197611809], [0.00013871589908376336, 0.0006689199362881482, 0.00016363567556254566, 0.004347384441643953, -0.0007530144648626447, 0.0002606550988275558, 0.0003359471447765827, 8.93815013114363e-06, -0.0008380719227716327, -0.0012987657682970166, -0.00011192113743163645, 9.117465197050478e-06, -0.0018494449323043227], [0.0001004999503493309, -0.0005349481361918151, 0.0008421550155617297, -0.0007530144648626447, 0.005119616165757179, -0.00018640166672412306, 0.000588174385484308, 0.0011498561361804605, -0.0021072947420179844, -0.0003373241925146431, 0.0017024618573486805, -0.0005146407638676465, -0.0008633577963337302], [0.0001382444315822795, -0.0004152990586590022, -0.002373562892898917, 0.0002606550988275558, -0.00018640166672412306, 0.00847289152443409, 0.0015811951598152518, -0.00030039658304303885, -0.002021343447268009, -0.001319238101132214, -0.000380028533982113, -0.0006751251639798284, 0.001707716379314661], [0.00030254022567532957, -0.00020744698122143745, -0.0015405173180624843, 0.0003359471447765827, 0.000588174385484308, 0.0015811951598152518, 0.0054480042308568954, -0.000296812504529953, 0.0013151216553524137, -0.003219971200451255, 0.00013054392184130847, -0.0015657368348911405, -0.0008930123294703662], [-0.0001524376857560128, -0.0008379042847082019, -8.413549221586436e-05, 8.93815013114363e-06, 0.0011498561361804605, -0.00030039658304303885, -0.000296812504529953, 0.010114528238773346, -0.004080365411937237, 0.00476427748799324, -0.0036697129253298044, 4.898635597783141e-05, -0.00036690800334326923], [8.533937943866476e-05, 0.0004607773735187948, 0.00035570785985328257, -0.0008380719227716327, -0.0021072947420179844, -0.002021343447268009, 0.0013151216553524137, -0.004080365411937237, 0.013088095933198929, -0.004293711856007576, 0.0026275450363755226, -0.0011228417279198766, -0.0015893790405243635], [-9.824423614190891e-06, -0.00010382400796515867, 0.0008614141843281686, -0.0012987657682970166, -0.0003373241925146431, -0.001319238101132214, -0.003219971200451255, 0.00476427748799324, -0.004293711856007576, 0.012525624595582485, -0.005701424553990364, 0.0007598734810017049, 0.0008185279439203441], [-0.0005116381798870862, -0.0009884332539513707, 0.00011402639211155474, -0.00011192113743163645, 0.0017024618573486805, -0.000380028533982113, 0.00013054392184130847, -0.0036697129253298044, 0.0026275450363755226, -0.005701424553990364, 0.01351775974035263, -0.002805100753903389, 0.001632844447158277], [-0.0004131003806833178, -0.00016994161705952138, 0.0004010125994682312, 9.117465197050478e-06, -0.0005146407638676465, -0.0006751251639798284, -0.0015657368348911405, 4.898635597783141e-05, -0.0011228417279198766, 0.0007598734810017049, -0.002805100753903389, 0.014362037181854248, -0.003273