{"song_id": "1182273049815433326", "download": "https://cdn.discordapp.com/attachments/1135903449314238464/1182273049815433326/chirp.mp4?ex=65841894&amp", "lyrics": "\u0427\u0442\u043e \u0437\u0430 \u0434\u0435\u043d\u044c! \n\u0427\u0442\u043e \u0437\u0430 \u0434\u0435\u043d\u044c! \n\u0427\u0442\u043e \u0437\u0430 \u043f\u0440\u0435\u043a\u0440\u0430\u0441\u043d\u044b\u0439 \u0434\u0435\u043d\u044c!", "style": ["Soul"], "essentia_features": {"lowlevel.average_loudness": 0.9596976637840271, "lowlevel.barkbands_crest.mean": 12.255715370178223, "lowlevel.barkbands_crest.stdev": 4.241121768951416, "lowlevel.barkbands_flatness_db.mean": 0.20615337789058685, "lowlevel.barkbands_flatness_db.stdev": 0.05887345224618912, "lowlevel.barkbands_kurtosis.mean": 12.477104187011719, "lowlevel.barkbands_kurtosis.stdev": 16.530471801757812, "lowlevel.barkbands_skewness.mean": 2.33174204826355, "lowlevel.barkbands_skewness.stdev": 1.6844162940979004, "lowlevel.barkbands_spread.mean": 16.118370056152344, "lowlevel.barkbands_spread.stdev": 16.671255111694336, "lowlevel.dissonance.mean": 0.4312382638454437, "lowlevel.dissonance.stdev": 0.03929964825510979, "lowlevel.dynamic_complexity": 4.889999866485596, "lowlevel.erbbands_crest.mean": 12.26097297668457, "lowlevel.erbbands_crest.stdev": 5.563746929168701, "lowlevel.erbbands_flatness_db.mean": 0.17976512014865875, "lowlevel.erbbands_flatness_db.stdev": 0.05382726341485977, "lowlevel.erbbands_kurtosis.mean": 3.746793031692505, "lowlevel.erbbands_kurtosis.stdev": 7.628659248352051, "lowlevel.erbbands_skewness.mean": 1.281343698501587, "lowlevel.erbbands_skewness.stdev": 1.1821789741516113, "lowlevel.erbbands_spread.mean": 41.98635482788086, "lowlevel.erbbands_spread.stdev": 30.85359764099121, "lowlevel.hfc.mean": 10.839125633239746, "lowlevel.hfc.stdev": 16.484716415405273, "lowlevel.loudness_ebu128.integrated": -25.678428649902344, "lowlevel.loudness_ebu128.loudness_range": 1.8333415985107422, "lowlevel.loudness_ebu128.momentary.mean": -26.704261779785156, "lowlevel.loudness_ebu128.momentary.stdev": 3.0193939208984375, "lowlevel.loudness_ebu128.short_term.mean": -25.962779998779297, "lowlevel.loudness_ebu128.short_term.stdev": 0.6618643403053284, "lowlevel.melbands_crest.mean": 16.28214454650879, "lowlevel.melbands_crest.stdev": 5.258724689483643, "lowlevel.melbands_flatness_db.mean": 0.2661008834838867, "lowlevel.melbands_flatness_db.stdev": 0.08187177032232285, "lowlevel.melbands_kurtosis.mean": 28.836172103881836, "lowlevel.melbands_kurtosis.stdev": 42.422080993652344, "lowlevel.melbands_skewness.mean": 3.224001407623291, "lowlevel.melbands_skewness.stdev": 2.5157055854797363, "lowlevel.melbands_spread.mean": 14.537101745605469, "lowlevel.melbands_spread.stdev": 19.441238403320312, "lowlevel.pitch_salience.mean": 0.48509612679481506, "lowlevel.pitch_salience.stdev": 0.10878808051347733, "lowlevel.silence_rate_20dB.mean": 1.0, "lowlevel.silence_rate_20dB.stdev": 0.0, "lowlevel.silence_rate_30dB.mean": 0.9777777791023254, "lowlevel.silence_rate_30dB.stdev": 0.14740580320358276, "lowlevel.silence_rate_60dB.mean": 0.20888888835906982, "lowlevel.silence_rate_60dB.stdev": 0.40651553869247437, "lowlevel.spectral_centroid.mean": 855.350830078125, "lowlevel.spectral_centroid.stdev": 605.1119995117188, "lowlevel.spectral_complexity.mean": 7.4422221183776855, "lowlevel.spectral_complexity.stdev": 5.266881942749023, "lowlevel.spectral_decrease.mean": -4.5726777919696815e-09, "lowlevel.spectral_decrease.stdev": 7.346088626292158e-09, "lowlevel.spectral_energy.mean": 0.01824149861931801, "lowlevel.spectral_energy.stdev": 0.028737394139170647, "lowlevel.spectral_energyband_high.mean": 0.0004305689944885671, "lowlevel.spectral_energyband_high.stdev": 0.000965758808888495, "lowlevel.spectral_energyband_low.mean": 0.007563288789242506, "lowlevel.spectral_energyband_low.stdev": 0.01714555360376835, "lowlevel.spectral_energyband_middle_high.mean": 0.0019509372068569064, "lowlevel.spectral_energyband_middle_high.stdev": 0.005879491101950407, "lowlevel.spectral_energyband_middle_low.mean": 0.010298572480678558, "lowlevel.spectral_energyband_middle_low.stdev": 0.02096887305378914, "lowlevel.spectral_entropy.mean": 7.214743614196777, "lowlevel.spectral_entropy.stdev": 0.6182472705841064, "lowlevel.spectral_flux.mean": 0.07044190913438797, "lowlevel.spectral_flux.stdev": 0.07129954546689987, "lowlevel.spectral_kurtosis.mean": 5.824345588684082, "lowlevel.spectral_kurtosis.stdev": 7.097118377685547, "lowlevel.spectral_rms.mean": 0.003446210641413927, "lowlevel.spectral_rms.stdev": 0.002433149144053459, "lowlevel.spectral_rolloff.mean": 1111.974365234375, "lowlevel.spectral_rolloff.stdev": 2041.6451416015625, "lowlevel.spectral_skewness.mean": 1.8649624586105347, "lowlevel.spectral_skewness.stdev": 0.8454838395118713, "lowlevel.spectral_spread.mean": 5838919.5, "lowlevel.spectral_spread.stdev": 3238967.25, "lowlevel.spectral_strongpeak.mean": 0.7855351567268372, "lowlevel.spectral_strongpeak.stdev": 1.1531952619552612, "lowlevel.zerocrossingrate.mean": 0.054499782621860504, "lowlevel.zerocrossingrate.stdev": 0.05168860778212547, "metadata.audio_properties.analysis.equal_loudness": 0.0, "metadata.audio_properties.analysis.length": 10.409614562988281, "metadata.audio_properties.analysis.sample_rate": 44100.0, "metadata.audio_properties.analysis.start_time": 0.0, "metadata.audio_properties.bit_rate": 103945.0, "metadata.audio_properties.length": 10.410666465759277, "metadata.audio_properties.lossless": 0.0, "metadata.audio_properties.number_channels": 1.0, "metadata.audio_properties.replay_gain": -3.4898509979248047, "metadata.audio_properties.sample_rate": 48000.0, "rhythm.beats_count": 24.0, "rhythm.beats_loudness.mean": 0.040795810520648956, "rhythm.beats_loudness.stdev": 0.02604890801012516, "rhythm.bpm": 145.23260498046875, "rhythm.bpm_histogram_first_peak_bpm": 144.0, "rhythm.bpm_histogram_first_peak_weight": 0.40909093618392944, "rhythm.bpm_histogram_second_peak_bpm": 136.0, "rhythm.bpm_histogram_second_peak_spread": 0.0, "rhythm.bpm_histogram_second_peak_weight": 0.043478261679410934, "rhythm.danceability": 1.4105510711669922, "rhythm.onset_rate": 4.316232204437256, "tonal.chords_changes_rate": 0.0398230105638504, "tonal.chords_number_rate": 0.03097345121204853, "tonal.chords_strength.mean": 0.4868021309375763, "tonal.chords_strength.stdev": 0.08474007993936539, "tonal.hpcp_crest.mean": 15.538289070129395, "tonal.hpcp_crest.stdev": 8.188103675842285, "tonal.hpcp_entropy.mean": 1.7874988317489624, "tonal.hpcp_entropy.stdev": 0.8290014266967773, "tonal.key_edma.strength": 0.6725265979766846, "tonal.key_krumhansl.strength": 0.6809371113777161, "tonal.key_temperley.strength": 0.6911094188690186, "tonal.tuning_diatonic_strength": 0.546699047088623, "tonal.tuning_equal_tempered_deviation": 0.046266429126262665, "tonal.tuning_frequency": 441.7826843261719, "tonal.tuning_nontempered_energy_ratio": 0.7103314399719238, "lowlevel.barkbands.mean": [0.0001294151006732136, 0.0031275420915335417, 0.002368469722568989, 0.0033167237415909767, 0.0008853087201714516, 0.002446058439090848, 0.0012687317794188857, 0.0005380039219744503, 0.0017257314175367355, 0.00026612746296450496, 0.0001636695087654516, 0.00045801696251146495, 6.063165710656904e-05, 0.00014619056310039014, 0.0004460657073650509, 0.00017455460329074413, 0.0001067750999936834, 6.940193270565942e-05, 7.92676946730353e-05, 7.338578143389896e-05, 6.132867565611377e-05, 5.8958579757018015e-05, 5.0366743380436674e-05, 6.104489875724539e-05, 0.00014993913646321744, 9.786530426936224e-06, 9.834045799905766e-10], "lowlevel.barkbands.stdev": [0.00035010965075343847, 0.007544445339590311, 0.006381027866154909, 0.014747974462807178, 0.003272994654253125, 0.0035251614172011614, 0.004393177106976509, 0.002741524949669838, 0.006130613386631012, 0.0008658531005494297, 0.0006130821420811117, 0.0024249963462352753, 0.00033299587084911764, 0.0006755834328942001, 0.0023900484666228294, 0.0007645178120583296, 0.00032789434771984816, 0.0001865937956608832, 0.00017573608784005046, 0.00015293464821297675, 0.00015403689758386463, 0.0001999464730033651, 0.00013197782391216606, 0.00016258495452348143, 0.00047133778571151197, 4.977144271833822e-05, 5.171123529379429e-09], "lowlevel.erbbands.mean": [0.0884203091263771, 0.7144534587860107, 2.5049843788146973, 7.899141788482666, 6.10392951965332, 2.650646448135376, 8.386857986450195, 24.22625732421875, 22.154205322265625, 9.623205184936523, 16.851484298706055, 41.83423614501953, 20.3078556060791, 5.862087726593018, 10.56275463104248, 18.359189987182617, 3.649174690246582, 8.344582557678223, 11.977980613708496, 22.83331871032715, 10.168810844421387, 5.779841899871826, 3.987197160720825, 3.6621341705322266, 3.9191887378692627, 3.4916656017303467, 2.9415338039398193, 2.0464885234832764, 2.076686382293701, 1.9058219194412231, 1.4067857265472412, 1.2743737697601318, 1.1474062204360962, 1.5468839406967163, 1.090538501739502, 0.15902374684810638, 0.004393034614622593, 0.00018451815412845463, 2.7268977646599524e-05, 2.4271696020150557e-05], "lowlevel.erbbands.stdev": [0.2217874377965927, 1.7908750772476196, 6.251101970672607, 32.41242599487305, 25.37876319885254, 8.709295272827148, 17.058862686157227, 36.03247833251953, 82.9408950805664, 14.632625579833984, 78.40607452392578, 148.84512329101562, 66.72039031982422, 15.958083152770996, 40.69404983520508, 108.07502746582031, 12.07547378540039, 38.11602020263672, 66.47904205322266, 129.1572723388672, 37.36677169799805, 16.52935218811035, 11.056034088134766, 7.157046794891357, 8.73776626586914, 7.280981063842773, 6.301797866821289, 5.970590591430664, 7.1049346923828125, 6.047863006591797, 3.658038377761841, 3.2906723022460938, 3.3327927589416504, 5.169497966766357, 3.32731294631958, 0.6623124480247498, 0.01737968623638153, 0.0006588110118173063, 6.464422040153295e-05, 3.54976364178583e-05], "lowlevel.gfcc.mean": [-94.4691390991211, 108.13275146484375, -92.1816635131836, 40.132869720458984, -72.21630859375, 17.79732894897461, -47.92134475708008, 23.835765838623047, -20.855117797851562, 3.965266466140747, -5.787616729736328, -9.643190383911133, 4.897950649261475], "lowlevel.melbands.mean": [0.000823852198664099, 0.0012355862418189645, 0.001300558797083795, 0.0002654528070706874, 0.0002518276742193848, 0.000536364212166518, 0.00030891815549694, 8.78059072420001e-05, 0.00014651197125203907, 0.0002806887496262789, 9.646105172578245e-05, 2.2015883587300777e-05, 2.720659540500492e-05, 5.5241343943635e-05, 2.115170718752779e-05, 6.769215360691305e-06, 1.6893543943297118e-05, 1.47561104313354e-05, 3.319956158520654e-05, 2.2068938051234e-05, 9.90483385976404e-06, 6.883083642605925e-06, 3.5484756608639145e-06, 3.039240255020559e-06, 2.9334532882785425e-06, 3.0615628929808736e-06, 2.4826892968121683e-06, 2.2693657228956e-06, 1.8772741441352991e-06, 1.5617152939739753e-06, 1.0636200613589608e-06, 1.1598234550547204e-06, 1.219671503349673e-06, 9.839234280661913e-07, 8.29517773581756e-07, 7.210245485111955e-07, 7.786655942254583e-07, 6.862799182272283e-07, 1.0533865406614495e-06, 1.3805782828058e-06], "lowlevel.melbands.stdev": [0.002006139373406768, 0.0029243160970509052, 0.005237270146608353, 0.0010182097321376204, 0.0004887892864644527, 0.0008235654677264392, 0.0010812943801283836, 0.00014946589362807572, 0.000654351431876421, 0.0010552990715950727, 0.0003348495811223984, 7.207986345747486e-05, 0.00010785271297208965, 0.00030647730454802513, 0.00010624531569192186, 3.799702972173691e-05, 8.37844709167257e-05, 8.492184133501723e-05, 0.00017932645278051496, 9.91436027106829e-05, 3.5000313800992444e-05, 2.267584750370588e-05, 1.0357052815379575e-05, 7.36084939489956e-06, 5.7602028391556814e-06, 7.968152203829959e-06, 5.133515514899045e-06, 5.160574801266193e-06, 4.225333668728126e-06, 3.752796374101308e-06, 3.6280328004067997e-06, 3.941994236811297e-06, 4.45561681772233e-06, 2.9858388188586105e-06, 2.222174771304708e-06, 1.8579372635940672e-06, 1.9838689695461653e-06, 1.7994581185121206e-06, 3.906354777427623e-06, 4.46918556917808e-06], "lowlevel.melbands128.mean": [0.00012025659816572443, 0.0006745663122273982, 0.0010811506072059274, 0.0011872120667248964, 0.0012002052972093225, 0.0011762359645217657, 0.001741029554978013, 0.0014914938947185874, 0.0004779747687280178, 0.00017346914683002979, 0.00012075252016074955, 0.00010919931810349226, 0.0002461382537148893, 0.00045766434050165117, 0.000642068509478122, 0.00048018639790825546, 0.0005047216545790434, 0.00022395291307475418, 0.00016779474390204996, 8.801930380286649e-05, 4.76364693895448e-05, 7.709702185820788e-05, 0.00021219417976681143, 0.00013160052185412496, 0.0002364536776440218, 0.00045344559475779533, 0.00013288867194205523, 5.9560476074693725e-05, 4.564219852909446e-05, 1.820357283577323e-05, 1.9958904886152595e-05, 1.37314118546783e-05, 2.4190596377593465e-05, 3.818521145149134e-05, 4.350495510152541e-05, 7.629545871168375e-05, 5.3605112043442205e-05, 1.60254021466244e-05, 2.3440240966010606e-06, 2.5485937840130646e-06, 1.1038051525247283e-05, 7.506392194045475e-06, 2.080986087094061e-05, 2.06101485673571e-05, 6.0224588196433615e-06, 1.0003916031564586e-05, 3.123801070614718e-05, 2.1672856746590696e-05, 5.239357051323168e-05, 2.8048971216776408e-05, 1.2986636647838168e-05, 2.1778943846584298e-05, 7.777342943882104e-06, 5.649739250657149e-06, 1.1385717698431108e-05, 7.362507403740892e-06, 3.3601322684262414e-06, 2.3561574380437378e-06, 4.441278179001529e-06, 4.329966031946242e-06, 2.498956519048079e-06, 2.4448652311548358e-06, 3.107896418441669e-06, 3.1712268082628725e-06, 2.3694474293733947e-06, 3.46241677107173e-06, 3.387246124475496e-06, 2.0318909719208023e-06, 2.478079977663583e-06, 2.772231482595089e-06, 2.066932211164385e-06, 2.223060164396884e-06, 2.080577814922435e-06, 1.7283425677305786e-06, 1.827843675528129e-06, 1.6820979453768814e-06, 1.5129486428122618e-06, 8.753234510550101e-07, 1.15944874323759e-06, 9.706807304610265e-07, 1.2659589856411912e-06, 1.2355648095763172e-06, 9.178094728667929e-07, 1.4900042515364476e-06, 1.1504548638185952e-06, 1.0019872433986166e-06, 9.146679644800315e-07, 9.232304023498727e-07, 8.683023224875797e-07, 7.046571113278333e-07, 7.640680905751651e-07, 5.85636087180319e-07, 8.937074085224594e-07, 9.524392226012424e-07, 5.40418056971248e-07, 6.265554475248791e-07, 6.707101647407399e-07, 9.127782618634228e-07, 7.141300670809869e-07, 1.4615993677580263e-06, 1.4430736428039381e-06, 1.4068002656131284e-06, 1.188779492622416e-06, 1.1253712273173733e-06, 1.483069354435429e-06, 1.5997841273929225e-06, 6.211149070622923e-07, 3.7273883890520665e-07, 1.4026447558990185e-07, 2.1277729800317502e-08, 6.426691623317993e-09, 8.83063344669921e-10, 5.929007979021961e-11, 3.389615324533857e-11, 2.549904384863133e-11, 2.0840447423342567e-11, 1.3674686383247092e-11, 5.252891871476706e-12, 3.570683028766841e-12, 3.4094207491952577e-12, 3.2257434570692745e-12, 3.1810222858585924e-12, 3.1240140682675666e-12, 3.0665955885744722e-12, 2.809825289107337e-12, 2.429401515027796e-12, 2.216445560074276e-12, 2.176319888191891e-12], "lowlevel.melbands128.stdev": [0.0003287555300630629, 0.0017622802406549454, 0.00295656593516469, 0.003117501735687256, 0.003099114401265979, 0.003406287170946598, 0.007363828364759684, 0.006546264048665762, 0.002074394840747118, 0.0007432729471474886, 0.00042507064063102007, 0.00033990549854934216, 0.0006742800469510257, 0.0009461964364163578, 0.0010426003718748689, 0.0011523121502250433, 0.0022891180124133825, 0.000977522344328463, 0.00032553478376939893, 0.0001430093398084864, 0.00011657393770292401, 0.000569147348869592, 0.0011638692812994123, 0.0004910936113446951, 0.0009182640351355076, 0.0021240997593849897, 0.0007495754980482161, 0.00021791299514006823, 0.0002290669217472896, 7.633167842868716e-05, 9.466753544984385e-05, 5.504880391526967e-05, 0.0001508097629994154, 0.00019648089073598385, 0.00032268970971927047, 0.0005848395521752536, 0.00035998859675601125, 8.243561023846269e-05, 7.875332812545821e-06, 5.931083251198288e-06, 7.993808685569093e-05, 4.430110493558459e-05, 0.00013202187255956233, 0.00010895114974118769, 2.5702907805680297e-05, 5.535885793506168e-05, 0.00029009554418735206, 0.0001551152381580323, 0.0003990392724517733, 0.00020019467046950012, 6.912838580319658e-05, 0.00012144161155447364, 4.162094774073921e-05, 1.7743146599968895e-05, 5.0664893933571875e-05, 3.2706349884392694e-05, 9.286573913414031e-06, 5.984459221508587e-06, 2.1577116058324464e-05, 1.615868131921161e-05, 6.4972409745678306e-06, 6.412266429833835e-06, 7.582032139907824e-06, 7.30813462723745e-06, 7.351886779360939e-06, 1.2410978342813905e-05, 9.644366400607396e-06, 5.100082944409223e-06, 6.196722551976563e-06, 7.551950602646684e-06, 5.590975433733547e-06, 8.150262146955356e-06, 5.254247753327945e-06, 4.863131835008971e-06, 4.621238531399285e-06, 4.07826655646204e-06, 4.335368430474773e-06, 3.1725626286061015e-06, 4.717993761005346e-06, 3.65870459972939e-06, 4.384269232104998e-06, 4.692146831075661e-06, 3.444040885369759e-06, 5.97567850491032e-06, 4.312985765864141e-06, 3.029394065379165e-06, 3.156891125399852e-06, 2.6232892196276225e-06, 2.5862898382911226e-06, 1.8414598343952093e-06, 2.1930932234681677e-06, 1.524197841717978e-06, 2.673627705007675e-06, 2.825850287990761e-06, 1.1851861927425489e-06, 1.7046016864696867e-06, 1.746331577123783e-06, 3.1926379051583353e-06, 2.4419553028565133e-06, 6.371453309839126e-06, 5.45379316463368e-06, 4.6569057303713635e-06, 3.7173863347561564e-06, 2.583384002718958e-06, 3.8088098790467484e-06, 7.107385499693919e-06, 2.4505516194039956e-06, 1.9417634575802367e-06, 8.047359187912662e-07, 1.4926547464710893e-07, 8.25961592454405e-08, 1.1369748698086823e-08, 8.584854493953742e-10, 3.888803445928346e-10, 2.7501803612217657e-10, 2.200793575157789e-10, 1.9893743596899327e-10, 3.7574561517761396e-11, 5.600535660232886e-12, 4.726555084821893e-12, 4.414925890150467e-12, 4.311149961327976e-12, 4.230794967835516e-12, 4.1558943786323965e-12, 4.08877966207033e-12, 4.051196877963292e-12, 4.009504100260797e-12, 3.98827151859571e-12], "lowlevel.mfcc.mean": [-739.9827880859375, 128.5989532470703, 33.37015151977539, 22.475082397460938, 11.715126037597656, -10.063886642456055, 1.8606629371643066, -2.241938591003418, 4.347595691680908, 4.614836692810059, -4.781993389129639, 1.1005600690841675, 5.095751762390137], "lowlevel.spectral_contrast_coeffs.mean": [-0.7158247232437134, -0.682348906993866, -0.7538456916809082, -0.815429151058197, -0.8235693573951721, -0.816449761390686], "lowlevel.spectral_contrast_coeffs.stdev": [0.07853054255247116, 0.0860520675778389, 0.08783289045095444, 0.06607465445995331, 0.04913194850087166, 0.03470193222165108], "lowlevel.spectral_contrast_valleys.mean": [-7.328295707702637, -7.683977127075195, -8.568258285522461, -8.865941047668457, -8.622496604919434, -10.845379829406738], "lowlevel.spectral_contrast_valleys.stdev": [1.1318310499191284, 1.2581793069839478, 1.1650809049606323, 1.2394318580627441, 1.357606053352356, 1.4625177383422852], "rhythm.beats_loudness_band_ratio.mean": [0.6166320443153381, 0.15895940363407135, 0.15663684904575348, 0.02612188458442688, 0.029269343242049217, 0.03139252960681915], "rhythm.beats_loudness_band_ratio.stdev": [0.3262638747692108, 0.18190786242485046, 0.18831767141819, 0.04812910780310631, 0.04922996833920479, 0.020330317318439484], "tonal.hpcp.mean": [0.08879323303699493, 0.09093326330184937, 0.17304152250289917, 0.24236051738262177, 0.14275094866752625, 0.06833235174417496, 0.06278525292873383, 0.04079617187380791, 0.07981318235397339, 0.10265141725540161, 0.049791622906923294, 0.029871227219700813, 0.03348250687122345, 0.03673001006245613, 0.05187783017754555, 0.06250781565904617, 0.076719269156456, 0.15971872210502625, 0.20537757873535156, 0.1519559621810913, 0.09182314574718475, 0.07751916348934174, 0.12051694095134735, 0.2840676009654999, 0.3604825437068939, 0.20227305591106415, 0.08217055350542068, 0.05066271126270294, 0.049079298973083496, 0.08373969793319702, 0.09560705721378326, 0.07094384729862213, 0.10739810019731522, 0.14626391232013702, 0.10461640357971191, 0.07479958236217499], "tonal.hpcp.stdev": [0.22827617824077606, 0.2056795209646225, 0.2610369622707367, 0.3371524214744568, 0.2334284782409668, 0.16218692064285278, 0.1459013819694519, 0.09364277124404907, 0.1850692182779312, 0.20615237951278687, 0.1335507035255432, 0.10435745120048523, 0.11256077140569687, 0.1339537799358368, 0.16902993619441986, 0.1839149296283722, 0.19654297828674316, 0.2680365741252899, 0.30569353699684143, 0.27554547786712646, 0.23153585195541382, 0.1906673014163971, 0.2495279163122177, 0.34318459033966064, 0.3629452884197235, 0.2944435179233551, 0.19974243640899658, 0.1438124179840088, 0.13074713945388794, 0.210826575756073, 0.2272433340549469, 0.193634495139122, 0.22348763048648834, 0.26105040311813354, 0.2143026888370514, 0.1737189143896103], "rhythm.beats_position": [0.4760090708732605, 0.9171881675720215, 1.3351473808288574, 1.7414965629577637, 2.14784574508667, 2.554194927215576, 2.9605441093444824, 3.3668932914733887, 3.7848525047302246, 4.2028117179870605, 4.6207709312438965, 5.027120113372803, 5.433469295501709, 5.851428508758545, 6.269387722015381, 6.687346935272217, 7.105306148529053, 7.511655330657959, 7.918004512786865, 8.335963249206543, 8.753922462463379, 9.171881675720215, 9.58984088897705, 10.007800102233887], "rhythm.bpm_histogram": [0.0, 0.0, 0.0, 0.0, 0.0, 0.0, 0.0, 0.0, 0.0, 0.0, 0.0, 0.0, 0.0, 0.0, 0.0, 0.0, 0.0, 0.0, 0.0, 0.0, 0.0, 0.0, 0.0, 0.0, 0.0, 0.0, 0.0, 0.0, 0.0, 0.0, 0.0, 0.0, 0.0, 0.0, 0.0, 0.0, 0.0, 0.0, 0.0, 0.0, 0.0, 0.0, 0.0, 0.0, 0.0, 0.0, 0.0, 0.0, 0.0, 0.0, 0.0, 0.0, 0.0, 0.0, 0.0, 0.0, 0.0, 0.0, 0.0, 0.0, 0.0, 0.0, 0.0, 0.0, 0.0, 0.0, 0.0, 0.0, 0.0, 0.0, 0.0, 0.0, 0.0, 0.0, 0.0, 0.0, 0.0, 0.0, 0.0, 0.0, 0.0, 0.0, 0.0, 0.0, 0.0, 0.0, 0.0, 0.0, 0.0, 0.0, 0.0, 0.0, 0.0, 0.0, 0.0, 0.0, 0.0, 0.0, 0.0, 0.0, 0.0, 0.0, 0.0, 0.0, 0.0, 0.0, 0.0, 0.0, 0.0, 0.0, 0.0, 0.0, 0.0, 0.0, 0.0, 0.0, 0.0, 0.0, 0.0, 0.0, 0.0, 0.0, 0.0, 0.0, 0.0, 0.0, 0.0, 0.0, 0.0, 0.0, 0.0, 0.0, 0.0, 0.0, 0.0, 0.0, 0.043478261679410934, 0.0, 0.0, 0.0, 0.0, 0.0, 0.0, 0.0, 0.5652173757553101, 0.0, 0.0, 0.0, 0.3913043439388275, 0.0, 0.0, 0.0, 0.0, 0.0, 0.0, 0.0, 0.0, 0.0, 0.0, 0.0, 0.0, 0.0, 0.0, 0.0, 0.0, 0.0, 0.0, 0.0, 0.0, 0.0, 0.0, 0.0, 0.0, 0.0, 0.0, 0.0, 0.0, 0.0, 0.0, 0.0, 0.0, 0.0, 0.0, 0.0, 0.0, 0.0, 0.0, 0.0, 0.0, 0.0, 0.0, 0.0, 0.0, 0.0, 0.0, 0.0, 0.0, 0.0, 0.0, 0.0, 0.0, 0.0, 0.0, 0.0, 0.0, 0.0, 0.0, 0.0, 0.0, 0.0, 0.0, 0.0, 0.0, 0.0, 0.0, 0.0, 0.0, 0.0, 0.0, 0.0, 0.0, 0.0, 0.0, 0.0, 0.0, 0.0, 0.0, 0.0, 0.0, 0.0, 0.0, 0.0, 0.0, 0.0, 0.0, 0.0, 0.0, 0.0, 0.0, 0.0, 0.0, 0.0, 0.0, 0.0, 0.0, 0.0, 0.0, 0.0, 0.0, 0.0], "tonal.chords_histogram": [25.22123908996582, 3.539823055267334, 8.407079696655273, 0.0, 0.0, 0.0, 0.0, 0.0, 3.0973451137542725, 0.0, 0.0, 0.0, 0.0, 0.0, 0.0, 4.8672566413879395, 0.0, 0.8849557638168335, 0.0, 38.053096771240234, 0.0, 0.0, 15.929203987121582, 0.0], "tonal.thpcp": [1.0, 0.5611174702644348, 0.22794599831104279, 0.14054137468338013, 0.13614888489246368, 0.23229889571666718, 0.26521965861320496, 0.19680245220661163, 0.29792872071266174, 0.4057447910308838, 0.29021212458610535, 0.2074984908103943, 0.24631769955158234, 0.25225427746772766, 0.4800274670124054, 0.6723224520683289, 0.39599961042404175, 0.1895579993724823, 0.17417001724243164, 0.11317100375890732, 0.2214065045118332, 0.28476113080978394, 0.13812492787837982, 0.08286456018686295, 0.09288246184587479, 0.10189123451709747, 0.1439121812582016, 0.1734004020690918, 0.2128238081932068, 0.4430692195892334, 0.5697296261787415, 0.42153486609458923, 0.25472286343574524, 0.21504276990890503, 0.33432117104530334, 0.7880204319953918], "lowlevel.gfcc.cov": [[11551.3662109375, -1636.29345703125, -1268.24560546875, 161.12359619140625, -589.10302734375, 404.2561950683594, -383.1702880859375, 310.62469482421875, -424.68115234375, 219.5796661376953, -275.4338073730469, -12.308289527893066, -8.43513011932373], [-1636.29345703125, 2016.9447021484375, 7.472227573394775, -391.7158203125, 252.7801513671875, -304.1369323730469, 401.389892578125, -57.10491943359375, 371.35589599609375, -204.6591796875, 232.7656707763672, -170.89939880371094, 142.0841522216797], [-1268.24560546875, 7.472227573394775, 1186.851806640625, 344.46307373046875, 40.186607360839844, 169.55677795410156, 49.9090690612793, 6.348428726196289, -8.999101638793945, 112.76708984375, -48.8634033203125, 55.958290100097656, -131.9698486328125], [161.12359619140625, -391.7158203125, 344.46307373046875, 574.0362548828125, -69.13138580322266, 2.6822166442871094, -45.40851974487305, -8.829813957214355, -75.0123519897461, -13.259270668029785, -68.33235168457031, 27.493824005126953, -65.55730438232422], [-589.10302734375, 252.7801513671875, 40.186607360839844, -69.13138580322266, 323.8635559082031, 21.838279724121094, 12.470755577087402, -21.904970169067383, 3.857564926147461, -67.0145492553711, -12.917400360107422, -28.241384506225586, -3.761708974838257], [404.2561950683594, -304.1369323730469, 169.55677795410156, 2.6822166442871094, 21.838279724121094, 259.38470458984375, -15.807456970214844, -35.14674758911133, -57.6860466003418, 113.53067016601562, -74.7521743774414, 2.6997556686401367, -81.28002166748047], [-383.1702880859375, 401.389892578125, 49.9090690612793, -45.40851974487305, 12.470755577087402, -15.807456970214844, 259.6711730957031, 17.655193328857422, 138.4997100830078, 7.65053129196167, 62.48099899291992, -36.912567138671875, 17.904888153076172], [310.62469482421875, -57.10491943359375, 6.348428726196289, -8.829813957214355, -21.904970169067383, -35.14674758911133, 17.655193328857422, 252.07553100585938, 23.932218551635742, 19.780330657958984, 55.343414306640625, 47.54620361328125, 79.80674743652344], [-424.68115234375, 371.35589599609375, -8.999101638793945, -75.0123519897461, 3.857564926147461, -57.6860466003418, 138.4997100830078, 23.932218551635742, 222.0221710205078, 30.81342887878418, 77.0166015625, -10.464494705200195, 28.86907958984375], [219.5796661376953, -204.6591796875, 112.76708984375, -13.259270668029785, -67.0145492553711, 113.53067016601562, 7.65053129196167, 19.780330657958984, 30.81342887878418, 226.63836669921875, 24.045705795288086, 32.10649490356445, -29.82513999938965], [-275.4338073730469, 232.7656707763672, -48.8634033203125, -68.33235168457031, -12.917400360107422, -74.7521743774414, 62.48099899291992, 55.343414306640625, 77.0166015625, 24.045705795288086, 162.31967163085938, 22.464651107788086, 102.88399505615234], [-12.308289527893066, -170.89939880371094, 55.958290100097656, 27.493824005126953, -28.241384506225586, 2.6997556686401367, -36.912567138671875, 47.54620361328125, -10.464494705200195, 32.10649490356445, 22.464651107788086, 101.1092529296875, 35.90885925292969], [-8.43513011932373, 142.0841522216797, -131.9698486328125, -65.55730438232422, -3.761708974838257, -81.28002166748047, 17.904888153076172, 79.80674743652344, 28.86907958984375, -29.82513999938965, 102.88399505615234, 35.90885925292969, 161.02793884277344]], "lowlevel.gfcc.icov": [[0.00018773830379359424, -0.0002476339286658913, 0.00041530613088980317, -0.0003292463079560548, 0.000374119816115126, -0.0006630700081586838, 0.0002451463951729238, -0.0004618775565177202, 0.00030441436683759093, -0.00021804678544867784, 0.00033392151817679405, -8.829874423099682e-05, 2.1738718714914285e-05], [-0.0002476339286658913, 0.002920032013207674, -0.0017177184345200658, 0.002003221306949854, -0.0015243891393765807, 0.0030186399817466736, -0.0019477856112644076, 0.001738350372761488, -0.0022292297799140215, 0.0016279849223792553, -0.0016656009247526526, 0.0033692382276058197, -0.0013245396548882127], [0.00041530613088980317, -0.0017177184345200658, 0.002814389066770673, -0.0022413318511098623, 0.0008784308447502553, -0.0030826106667518616, 0.0008188652573153377, -0.0017380675999447703, 0.0014499762328341603, -0.0012185786617919803, 0.0007038715411908925, -0.0026211426593363285, 0.0018154706340283155], [-0.0003292463079560548, 0.002003221306949854, -0.0022413318511098623, 0.004062123131006956, -0.0006455818074755371, 0.003257026197388768, -0.0014137671096250415, 0.0014881719835102558, -0.0009686346165835857, 0.0014642104506492615, -0.0006084493943490088, 0.0017364575760439038, -0.0004729639331344515], [0.000374119816115126, -0.0015243891393765807, 0.0008784308447502553, -0.0006455818074755371, 0.004929934162646532, -0.00323319504968822, 0.0014277237933129072, -0.0013019341276958585, 0.0008759736665524542, 0.000866414571646601, 0.0009429801721125841, -0.0007679857080802321, 0.00036362686660140753], [-0.0006630700081586838, 0.0030186399817466736, -0.0030826106667518616, 0.003257026197388768, -0.00323319504968822, 0.012088625691831112, -0.003508918220177293, 0.0030463850125670433, -8.89418224687688e-05, -0.002694938099011779, 0.0012236289912834764, 0.0027893362566828728, -0.0008789818384684622], [0.0002451463951729238, -0.0019477856112644076, 0.0008188652573153377, -0.0014137671096250415, 0.0014277237933129072, -0.003508918220177293, 0.008091007359325886, -0.0017199704889208078, -0.0023837462067604065, -3.804811058216728e-05, -0.0005454863421618938, 0.0005675157299265265, 0.0006842739530839026], [-0.0004618775565177202, 0.001738350372761488, -0.0017380675999447703, 0.0014881719835102558, -0.0013019341276958585, 0.0030463850125670433, -0.0017199704889208078, 0.0067195347510278225, -0.0015264551620930433, 0.000376033567590639, -0.0008581171277910471, 0.0002462058328092098, -0.0031716697849333286], [0.00030441436683759093, -0.0022292297799140215, 0.0014499762328341603, -0.0009686346165835857, 0.0008759736665524542, -8.89418224687688e-05, -0.0023837462067604065, -0.0015264551620930433, 0.010241055861115456, -0.00331426621414721, -1.1473367521830369e-05, -0.00275125028565526, 0.0019450196996331215], [-0.00021804678544867784, 0.0016279849223792553, -0.0012185786617919803, 0.0014642104506492615, 0.000866414571646601, -0.002694938099011779, -3.804811058216728e-05, 0.000376033567590639, -0.00331426621414721, 0.00961457472294569, -0.004974283743649721, 6.450941873481497e-05, 0.002166104270145297], [0.00033392151817679405, -0.0016656009247526526, 0.0007038715411908925, -0.0006084493943490088, 0.0009429801721125841, 0.0012236289912834764, -0.0005454863421618938, -0.0008581171277910471, -1.1473367521830369e-05, -0.004974283743649721, 0.016247453168034554, -0.0017666713101789355, -0.007964229211211205], [-8.829874423099682e-05, 0.0033692382276058197, -0.0026211426593363285, 0.0017364575760439038, -0.0007679857080802321, 0.0027893362566828728, 0.0005675157299265265, 0.0002462058328092098, -0.00275125028565526, 6.450941873481497e-05, -0.0017666713101789355, 0.018466128036379814, -0.005697779357433319], [2.1738718714914285e-05, -0.0013245396548882127, 0.0018154706340283155, -0.0004729639331344515, 0.00036362686660140753, -0.0008789818384684622, 0.0006842739530839026, -0.0031716697849333286, 0.0019450196996331215, 0.002166104270145297, -0.007964229211211205, -0.005697779357433319, 0.01614750549197197]], "lowlevel.mfcc.cov": [[9677.21875, -1878.293701171875, -830.6280517578125, -311.010009765625, -245.49644470214844, -98.60542297363281, 6.131494522094727, -133.72581481933594, -6.284607410430908, 88.6075210571289, -54.31568908691406, -238.56158447265625, -64.81830596923828], [-1878.293701171875, 2125.944091796875, -150.36065673828125, -111.37811279296875, -60.88372039794922, -133.8960418701172, 21.586050033569336, 103.90685272216797, 124.36707305908203, 114.05055236816406, 81.33434295654297, 103.41112518310547, 24.756162643432617], [-830.6280517578125, -150.36065673828125, 995.681884765625, 251.881591796875, 0.8086784482002258, 206.9131622314453, 37.5162239074707, 25.782958984375, 30.33545684814453, -24.87000274658203, 150.21156311035156, 51.31947326660156, 10.145249366760254], [-311.010009765625, -111.37811279296875, 251.881591796875, 417.95477294921875, 42.53899002075195, -8.751381874084473, 12.425206184387207, 62.7429313659668, 7.07786226272583, -56.29043197631836, -16.711896896362305, 36.84922409057617, -31.178678512573242], [-245.49644470214844, -60.88372039794922, 0.8086784482002258, 42.53899002075195, 325.563232421875, -11.384195327758789, 53.97091293334961, 24.375173568725586, -16.63918685913086, -59.86589813232422, -79.30928802490234, 13.10966682434082, -16.399425506591797], [-98.60542297363281, -133.8960418701172, 206.9131622314453, -8.751381874084473, -11.384195327758789, 389.5097351074219, -13.994038581848145, -62.27874755859375, -4.320428371429443, 1.8497512340545654, 116.03681945800781, -71.7509765625, 6.062520980834961], [6.131494522094727, 21.586050033569336, 37.5162239074707, 12.425206184387207, 53.97091293334961, -13.994038581848145, 145.41989135742188, 19.923812866210938, 3.0718700885772705, 15.315010070800781, -29.346006393432617, 12.806453704833984, -3.2176878452301025], [-133.72581481933594, 103.90685272216797, 25.782958984375, 62.7429313659668, 24.375173568725586, -62.27874755859375, 19.923812866210938, 138.90744018554688, 44.41600799560547, -10.36373519897461, -12.3966646194458, 19.4266357421875, -13.711038589477539], [-6.284607410430908, 124.36707305908203, 30.33545684814453, 7.07786226272583, -16.63918685913086, -4.320428371429443, 3.0718700885772705, 44.41600799560547, 94.93926239013672, 39.881385803222656, 42.73617172241211, 22.231679916381836, 19.16168975830078], [88.6075210571289, 114.05055236816406, -24.87000274658203, -56.29043197631836, -59.86589813232422, 1.8497512340545654, 15.315010070800781, -10.36373519897461, 39.881385803222656, 109.42154693603516, 49.54910659790039, 16.407743453979492, 25.71031379699707], [-54.31568908691406, 81.33434295654297, 150.21156311035156, -16.711896896362305, -79.30928802490234, 116.03681945800781, -29.346006393432617, -12.3966646194458, 42.73617172241211, 49.54910659790039, 183.29232788085938, 28.504638671875, 23.613229751586914], [-238.56158447265625, 103.41112518310547, 51.31947326660156, 36.84922409057617, 13.10966682434082, -71.7509765625, 12.806453704833984, 19.4266357421875, 22.231679916381836, 16.407743453979492, 28.504638671875, 105.884521484375, 24.55731964111328], [-64.81830596923828, 24.756162643432617, 10.145249366760254, -31.178678512573242, -16.399425506591797, 6.062520980834961, -3.2176878452301025, -13.711038589477539, 19.16168975830078, 25.71031379699707, 23.613229751586914, 24.55731964111328, 74.86454010009766]], "lowlevel.mfcc.icov": [[0.00016465160297229886, 0.00017869648581836373, 0.00014825165271759033, 3.868059138767421e-05, 9.715771011542529e-05, 0.00014145522436592728, -0.00015591077681165189, 8.49375210236758e-05, -0.0002602881577331573, -8.161803270922974e-05, -0.000197101486264728, 0.00028081200434826314, 0.00016287312610074878], [0.00017869648581836373, 0.0007614707574248314, 0.00025335565442219377, 0.00020161799329798669, 0.00014406829723156989, 0.0002124972379533574, -0.00020945616415701807, -0.0002293889847351238, -0.0006602586945518851, -0.00035088075674138963, -0.0003733141056727618, -0.0001319370639976114, 0.0003664068353828043], [0.00014825165271759033, 0.00025335565442219377, 0.0017676224233582616, -0.0008122040308080614, 0.00017328614194411784, -0.0005691343685612082, -0.000818650471046567, -0.00010299505083821714, -0.0002882806584239006, 0.0005900386604480445, -0.0013083406956866384, -0.0004378083685878664, -7.578814256703481e-05], [3.868059138767421e-05, 0.00020161799329798669, -0.0008122040308080614, 0.0035126192960888147, 0.0001720872678561136, -0.00015630900452379137, 0.00019602413522079587, -0.0009738042135722935, -0.000584270223043859, 0.001033948501572013, 0.0009599151671864092, -0.0015350496396422386, 0.0014154347591102123], [9.715771011542529e-05, 0.00014406829723156989, 0.00017328614194411784, 0.0001720872678561136, 0.00422658259049058, -0.0008566239848732948, -0.0013724816963076591, -0.00021303513494785875, -0.0007559005171060562, 0.001994919031858444, 0.001817427109926939, -0.0017152989748865366, 0.0004796699795406312], [0.00014145522436592728, 0.0002124972379533574, -0.0005691343685612082, -0.00015630900452379137, -0.0008566239848732948, 0.005441511515527964, -0.0006591875571757555, 0.001731345895677805, -0.00015435270324815065, 0.0005186459165997803, -0.004224045667797327, 0.005274332594126463, -0.0008117081015370786], [-0.00015591077681165189, -0.00020945616415701807, -0.000818650471046567, 0.00019602413522079587, -0.0013724816963076591, -0.0006591875571757555, 0.00874517671763897, -0.001302335411310196, 0.000977806281298399, -0.0033116021659225225, 0.0026961197145283222, -0.001454716781154275, 0.0005307414103299379], [8.49375210236758e-05, -0.0002293889847351238, -0.00010299505083821714, -0.0009738042135722935, -0.00021303513494785875, 0.001731345895677805, -0.001302335411310196, 0.011266455985605717, -0.0063669257797300816, 0.0025058421306312084, -7.332459063036367e-05, 0.0005549467168748379, 0.002188487444072962], [-0.0002602881577331573, -0.0006602586945518851, -0.0002882806584239006, -0.000584270223043859, -0.0007559005171060562, -0.00015435270324815065, 0.000977806281298399, -0.0063669257797300816, 0.018434694036841393, -0.005364817567169666, -0.002478641690686345, -0.00010906631359830499, -0.0035468214191496372], [-8.161803270922974e-05, -0.00035088075674138963, 0.0005900386604480445, 0.001033948501572013, 0.001994919031858444, 0.0005186459165997803, -0.0033116021659225225, 0.0025058421306312084, -0.005364817567169666, 0.015751298516988754, -0.0027599825989454985, -0.0005799561622552574, -0.0018678695196285844], [-0.000197101486264728, -0.0003733141056727618, -0.0013083406956866384, 0.0009599151671864092, 0.001817427109926939, -0.004224045667797327, 0.0026961197145283222, -7.332459063036367e-05, -0.002478641690686345, -0.0027599825989454985, 0.012734320014715195, -0.0058589475229382515, 0.0008600601577199996], [0.00028081200434826314, -0.0001319370639976114, -0.0004378083685878664, -0.0015350496396422386, -0.0017152989748865366, 0.005274332594126463, -0.001454716781154275, 0.0005549467168748379, -0.00010906631359830499, -0.0005799561622552574, -0.0058589475229382515, 0.017606085166335106, -0.004757092799991369], [0.00016287312610074878, 0.0003664068353828043, -7.578814256703481e-05, 0.0014154347591102123, 0.0004796699795406312, -0.0008117081015370786, 0.0005307414103299379, 0.002188487444072962, -0.0035468214191496372, -0.0018678695196285844, 0.0008600601577199996, -0.004757092799991369, 0.01740994304418564]], "metadata.audio_properties.analysis.downmix": "mix", "metadata.audio_properties.codec": "mp3", "metadata.audio_properties.md5_encoded": "faed4336dd2489f276c63a1fafafd6f2", "metadata.tags.file_name": "1182273049815433326.mp3", "metadata.version.essentia": "2.1-beta6-dev", "metadata.version.essentia_git_sha": "v2.1_beta5-1110-g77a6a954", "metadata.version.extractor": "music 2.0", "tonal.chords_key": "F", "tonal.chords_scale": "minor", "tonal.key_edma.key": "Bb", "tonal.key_edma.scale": "major", "tonal.key_krumhansl.key": "Bb", "tonal.key_krumhansl.scale": "major", "tonal.key_temperley.key": "Bb", "tonal.key_temperley.scale": "major", "metadata.tags.encoding": ["Lavf58.45.100"]}, "essentia_models": [{"model_name": "genre_dortmund", "activations": {"alternative": "0.008507944", "blues": "0.14605984", "electronic": "0.014926712", "folkcountry": "0.046551216", "funksoulrnb": "0.23520546", "jazz": "0.21199028", "pop": "0.028496945", "raphiphop": "0.0073430645", "rock": "0.05200259"}}, {"model_name": "genre_rosamerica", "activations": {"classic": "0.005551946", "dance": "0.00017625415", "hip hop": "0.0013038839", "jazz": "0.036261823", "pop": "0.12955092", "rhythm and blues": "0.94012564", "rock": "0.0060915793", "speech": "0.00022682494"}}, {"model_name": "genre_tzanetakis", "activations": {"blues": "0.0009094589", "classic": "0.00012914331", "country": "0.002150832", "disco": "0.48015526", "hip hop": "0.0009401495", "jazz": "0.0012022989", "metal": "0.0005135592", "pop": "0.011676206", "reggae": "0.3290556", "rock": "0.10518494"}}, {"model_name": "genr