{"song_id": "1182267962674139186", "download": "https://cdn.discordapp.com/attachments/1135903449314238464/1182267962674139186/chirp.mp4?ex=658413d7&amp", "lyrics": "Bak yine kald\u0131m bir ba\u015f\u0131ma,\nAr\u0131yorum seni ama yoksun\nNeden asla bulam\u0131yorum,\nBu \u00e7ocuk senden yoksun.", "style": ["Pop Rock</span><span>, Love</span><span>, Indie"], "essentia_features": {"lowlevel.average_loudness": 0.9642492532730103, "lowlevel.barkbands_crest.mean": 13.927526473999023, "lowlevel.barkbands_crest.stdev": 4.396055698394775, "lowlevel.barkbands_flatness_db.mean": 0.2146502286195755, "lowlevel.barkbands_flatness_db.stdev": 0.0729905292391777, "lowlevel.barkbands_kurtosis.mean": 12.98713493347168, "lowlevel.barkbands_kurtosis.stdev": 24.00819206237793, "lowlevel.barkbands_skewness.mean": 2.6458029747009277, "lowlevel.barkbands_skewness.stdev": 1.836361050605774, "lowlevel.barkbands_spread.mean": 12.811266899108887, "lowlevel.barkbands_spread.stdev": 12.06666374206543, "lowlevel.dissonance.mean": 0.4418507218360901, "lowlevel.dissonance.stdev": 0.036359768360853195, "lowlevel.dynamic_complexity": 3.0503289699554443, "lowlevel.erbbands_crest.mean": 9.76679515838623, "lowlevel.erbbands_crest.stdev": 4.236362934112549, "lowlevel.erbbands_flatness_db.mean": 0.1709498018026352, "lowlevel.erbbands_flatness_db.stdev": 0.06792747229337692, "lowlevel.erbbands_kurtosis.mean": 0.6438406109809875, "lowlevel.erbbands_kurtosis.stdev": 2.8080551624298096, "lowlevel.erbbands_skewness.mean": 0.5828425884246826, "lowlevel.erbbands_skewness.stdev": 0.7876437902450562, "lowlevel.erbbands_spread.mean": 43.18961715698242, "lowlevel.erbbands_spread.stdev": 25.561105728149414, "lowlevel.hfc.mean": 13.548959732055664, "lowlevel.hfc.stdev": 13.400306701660156, "lowlevel.loudness_ebu128.integrated": -16.851743698120117, "lowlevel.loudness_ebu128.loudness_range": 2.631847381591797, "lowlevel.loudness_ebu128.momentary.mean": -17.088125228881836, "lowlevel.loudness_ebu128.momentary.stdev": 1.4124852418899536, "lowlevel.loudness_ebu128.short_term.mean": -16.904638290405273, "lowlevel.loudness_ebu128.short_term.stdev": 0.8785492181777954, "lowlevel.melbands_crest.mean": 16.329805374145508, "lowlevel.melbands_crest.stdev": 4.861230850219727, "lowlevel.melbands_flatness_db.mean": 0.3049246370792389, "lowlevel.melbands_flatness_db.stdev": 0.08601143211126328, "lowlevel.melbands_kurtosis.mean": 34.085113525390625, "lowlevel.melbands_kurtosis.stdev": 60.929256439208984, "lowlevel.melbands_skewness.mean": 3.8528478145599365, "lowlevel.melbands_skewness.stdev": 2.6671741008758545, "lowlevel.melbands_spread.mean": 11.506584167480469, "lowlevel.melbands_spread.stdev": 17.9302978515625, "lowlevel.pitch_salience.mean": 0.45612427592277527, "lowlevel.pitch_salience.stdev": 0.10919690877199173, "lowlevel.silence_rate_20dB.mean": 1.0, "lowlevel.silence_rate_20dB.stdev": 0.0, "lowlevel.silence_rate_30dB.mean": 0.9346991181373596, "lowlevel.silence_rate_30dB.stdev": 0.2470570057630539, "lowlevel.silence_rate_60dB.mean": 0.06017925590276718, "lowlevel.silence_rate_60dB.stdev": 0.2378203570842743, "lowlevel.spectral_centroid.mean": 788.0372924804688, "lowlevel.spectral_centroid.stdev": 647.1873779296875, "lowlevel.spectral_complexity.mean": 12.167093276977539, "lowlevel.spectral_complexity.stdev": 5.554144859313965, "lowlevel.spectral_decrease.mean": -1.0357515733971923e-08, "lowlevel.spectral_decrease.stdev": 1.0801556982187321e-08, "lowlevel.spectral_energy.mean": 0.04032057523727417, "lowlevel.spectral_energy.stdev": 0.041412353515625, "lowlevel.spectral_energyband_high.mean": 0.0003700418455991894, "lowlevel.spectral_energyband_high.stdev": 0.001057482324540615, "lowlevel.spectral_energyband_low.mean": 0.022692851722240448, "lowlevel.spectral_energyband_low.stdev": 0.038268428295850754, "lowlevel.spectral_energyband_middle_high.mean": 0.002624720800668001, "lowlevel.spectral_energyband_middle_high.stdev": 0.004761500749737024, "lowlevel.spectral_energyband_middle_low.mean": 0.01530715636909008, "lowlevel.spectral_energyband_middle_low.stdev": 0.01645522005856037, "lowlevel.spectral_entropy.mean": 7.090599536895752, "lowlevel.spectral_entropy.stdev": 0.6560593247413635, "lowlevel.spectral_flux.mean": 0.07987073808908463, "lowlevel.spectral_flux.stdev": 0.08873636275529861, "lowlevel.spectral_kurtosis.mean": 10.418112754821777, "lowlevel.spectral_kurtosis.stdev": 14.120295524597168, "lowlevel.spectral_rms.mean": 0.005750969517976046, "lowlevel.spectral_rms.stdev": 0.0025026947259902954, "lowlevel.spectral_rolloff.mean": 671.5546875, "lowlevel.spectral_rolloff.stdev": 1550.145263671875, "lowlevel.spectral_skewness.mean": 2.1318552494049072, "lowlevel.spectral_skewness.stdev": 1.0475177764892578, "lowlevel.spectral_spread.mean": 4393834.0, "lowlevel.spectral_spread.stdev": 2851324.0, "lowlevel.spectral_strongpeak.mean": 0.7381358742713928, "lowlevel.spectral_strongpeak.stdev": 1.0195300579071045, "lowlevel.zerocrossingrate.mean": 0.036806777119636536, "lowlevel.zerocrossingrate.stdev": 0.05144701898097992, "metadata.audio_properties.analysis.equal_loudness": 0.0, "metadata.audio_properties.analysis.length": 36.24532699584961, "metadata.audio_properties.analysis.sample_rate": 44100.0, "metadata.audio_properties.analysis.start_time": 0.0, "metadata.audio_properties.bit_rate": 119407.0, "metadata.audio_properties.length": 36.24533462524414, "metadata.audio_properties.lossless": 0.0, "metadata.audio_properties.number_channels": 1.0, "metadata.audio_properties.replay_gain": -9.757783889770508, "metadata.audio_properties.sample_rate": 48000.0, "rhythm.beats_count": 60.0, "rhythm.beats_loudness.mean": 0.05262615531682968, "rhythm.beats_loudness.stdev": 0.02041799947619438, "rhythm.bpm": 100.5220718383789, "rhythm.bpm_histogram_first_peak_bpm": 99.0, "rhythm.bpm_histogram_first_peak_weight": 0.5272727012634277, "rhythm.bpm_histogram_second_peak_bpm": 105.0, "rhythm.bpm_histogram_second_peak_spread": 0.3333333134651184, "rhythm.bpm_histogram_second_peak_weight": 0.033898305147886276, "rhythm.danceability": 1.4962226152420044, "rhythm.onset_rate": 2.895915985107422, "tonal.chords_changes_rate": 0.03708440065383911, "tonal.chords_number_rate": 0.010230178944766521, "tonal.chords_strength.mean": 0.5249801874160767, "tonal.chords_strength.stdev": 0.088946133852005, "tonal.hpcp_crest.mean": 17.042285919189453, "tonal.hpcp_crest.stdev": 7.840641498565674, "tonal.hpcp_entropy.mean": 1.5598057508468628, "tonal.hpcp_entropy.stdev": 0.6916072964668274, "tonal.key_edma.strength": 0.6251289248466492, "tonal.key_krumhansl.strength": 0.6174269914627075, "tonal.key_temperley.strength": 0.6040543913841248, "tonal.tuning_diatonic_strength": 0.5540784001350403, "tonal.tuning_equal_tempered_deviation": 0.04226428642868996, "tonal.tuning_frequency": 441.5275573730469, "tonal.tuning_nontempered_energy_ratio": 0.6413843631744385, "lowlevel.barkbands.mean": [0.0002613473916426301, 0.017429471015930176, 0.004388933535665274, 0.0010526305995881557, 0.008948339149355888, 0.0012969037052243948, 0.0009648835984990001, 0.0007740168948657811, 0.0020411310251802206, 0.000775386462919414, 0.0005087743629701436, 0.00027965172193944454, 0.00019477828755043447, 0.00017551862401887774, 0.00019364108447916806, 0.00026792913558892906, 0.00021453430235851556, 6.135065632406622e-05, 7.444676157319918e-05, 7.816803554305807e-05, 5.628759026876651e-05, 8.241963951149955e-05, 8.030345634324476e-05, 5.6124426919268444e-05, 3.848306732834317e-05, 2.335741010028869e-05, 1.7949904531633365e-06], "lowlevel.barkbands.stdev": [0.0005153956590220332, 0.028128359466791153, 0.01128522027283907, 0.0020617679692804813, 0.011933057568967342, 0.0016378045547753572, 0.0018030671635642648, 0.0027859287802129984, 0.005307228770107031, 0.003283656667917967, 0.0017416675109416246, 0.0008973048534244299, 0.0009035539696924388, 0.00036884660948999226, 0.0004171099280938506, 0.00044575362699106336, 0.0002915819641202688, 0.00012570302351377904, 0.00018428904877509922, 0.0004566020506899804, 0.00017698157171253115, 0.00025486983940936625, 0.0002699775795917958, 0.00023310311371460557, 0.00012145791697548702, 4.6284178097266704e-05, 5.885275641048793e-06], "lowlevel.erbbands.mean": [0.4542087912559509, 4.034006118774414, 6.00446081161499, 4.407890319824219, 11.002769470214844, 38.39910125732422, 24.65626335144043, 10.233891487121582, 9.150781631469727, 21.078235626220703, 17.1695556640625, 32.7047119140625, 50.39303970336914, 18.973649978637695, 18.071752548217773, 11.15944766998291, 10.2548828125, 8.25267505645752, 12.305048942565918, 8.49374008178711, 17.67290496826172, 13.498946189880371, 4.030967712402344, 3.4029693603515625, 4.242003917694092, 3.4463002681732178, 2.4782044887542725, 2.1272053718566895, 2.9162654876708984, 2.9485347270965576, 2.079592704772949, 1.4574165344238281, 0.8188262581825256, 0.4842532277107239, 0.22604458034038544, 0.10324491560459137, 0.043126363307237625, 0.008735050447285175, 0.00022787471243645996, 5.110558413434774e-05], "lowlevel.erbbands.stdev": [0.5910921096801758, 7.133098125457764, 14.751370429992676, 9.076321601867676, 26.027061462402344, 49.68278121948242, 29.9621524810791, 14.81169605255127, 19.63668441772461, 40.27001190185547, 62.04932403564453, 65.11190032958984, 149.09523010253906, 61.11929702758789, 53.900753021240234, 36.367977142333984, 40.75328826904297, 17.99301528930664, 25.565948486328125, 21.21401023864746, 27.59865379333496, 18.4113712310791, 7.355597496032715, 6.472482681274414, 18.274511337280273, 19.43235206604004, 9.380282402038574, 6.09291934967041, 8.710344314575195, 10.118328094482422, 7.009777545928955, 6.309172630310059, 3.2929885387420654, 1.6733864545822144, 0.6263488531112671, 0.2546839118003845, 0.08191455155611038, 0.01789085380733013, 0.0005460100364871323, 4.868438554694876e-05], "lowlevel.gfcc.mean": [-44.208927154541016, 130.91639709472656, -88.60374450683594, 31.92647933959961, -39.65210723876953, 11.848278999328613, -34.03969955444336, 12.750834465026855, -8.779670715332031, -4.82183313369751, -20.194128036499023, 4.336357116699219, -0.07602696120738983], "lowlevel.melbands.mean": [0.0046048774383962154, 0.003831189125776291, 0.000885765824932605, 0.001794306794181466, 0.0011530638439580798, 0.00021909108909312636, 0.00015444395830854774, 0.00022634159540757537, 0.00013293050869833678, 0.00025051983539015055, 0.00025525817181915045, 7.759482105029747e-05, 7.400834874715656e-05, 2.460389441694133e-05, 3.20904582622461e-05, 2.02684459509328e-05, 1.3798452528135385e-05, 2.051262345048599e-05, 1.1010698472091462e-05, 1.0747166925284546e-05, 2.2831807655165903e-05, 1.542077552585397e-05, 5.186303951631999e-06, 2.454650712024886e-06, 2.745177425822476e-06, 2.8542845029733144e-06, 3.326217893118155e-06, 2.01037755687139e-06, 1.561914359626826e-06, 1.368835683024372e-06, 1.177047920464247e-06, 1.5690208101659664e-06, 1.760601662681438e-06, 1.6270570313281496e-06, 1.2471801937863347e-06, 1.0192978834311361e-06, 8.20054367522971e-07, 6.027103154337965e-07, 4.489932621254411e-07, 3.9483958857999824e-07], "lowlevel.melbands.stdev": [0.006654068361967802, 0.008035704493522644, 0.0015875682001933455, 0.002808941761031747, 0.0012845045421272516, 0.0003158304316457361, 0.00030003549181856215, 0.00045530180796049535, 0.00042143362225033343, 0.0006034585530869663, 0.0007644551224075258, 0.00029756384901702404, 0.0002457394730299711, 6.563553324667737e-05, 0.00014200486475601792, 0.00010427142842672765, 2.8567426852532662e-05, 4.508927304414101e-05, 2.4506696718162857e-05, 2.2711712517775595e-05, 3.705628478201106e-05, 2.166597005270887e-05, 9.527812835585792e-06, 5.389757916418603e-06, 5.395540938479826e-06, 8.145784704538528e-06, 2.2097718101576902e-05, 1.0994614058290608e-05, 6.198301889526192e-06, 4.40920166511205e-06, 3.4799679724528687e-06, 4.48500622951542e-06, 6.087184374337085e-06, 5.729396434617229e-06, 4.327565875428263e-06, 4.06604203817551e-06, 3.7675306430173805e-06, 2.5753886347956723e-06, 1.6043609321059193e-06, 1.391039745612943e-06], "lowlevel.melbands128.mean": [0.0002369631692999974, 0.0028983145020902157, 0.007235237862914801, 0.006475195754319429, 0.0037672575563192368, 0.0018956686835736036, 0.0008563889423385262, 0.0004620409454219043, 0.0009761846740730107, 0.0018699576612561941, 0.0024466628674417734, 0.0018917993875220418, 0.0007490883581340313, 0.0003165466769132763, 0.00022871597320772707, 0.00016937106556724757, 0.00010760546138044447, 0.00014095197548158467, 0.00019699455879162997, 0.0003097063163295388, 0.00016985319962259382, 0.00020104162103962153, 7.722932059550658e-05, 0.00013917472097091377, 0.00016153960314113647, 0.00025274333893321455, 0.0005795188480988145, 0.00013757591659668833, 0.00016561179654672742, 8.201161836041138e-05, 3.326694422867149e-05, 8.368099224753678e-05, 0.00011801705113612115, 2.6151306883548386e-05, 2.6432779122842476e-05, 1.9185592464054935e-05, 2.715346636250615e-05, 5.2683011745102704e-05, 1.5929335859254934e-05, 1.9897119273082353e-05, 2.2846437786938623e-05, 1.6758738638600335e-05, 1.5237801562761888e-05, 7.443715730914846e-06, 2.024195418925956e-05, 2.5091003408306278e-05, 2.2039141185814515e-05, 4.312576947995694e-06, 8.851955499267206e-06, 1.6632451661280356e-05, 5.773902557848487e-06, 7.210566309368005e-06, 3.8051486626500264e-05, 1.9759130736929365e-05, 1.127369705500314e-05, 2.323856642760802e-05, 1.0285295502399094e-05, 4.8213960326393135e-06, 4.4992038965574466e-06, 2.83504255094158e-06, 2.0596301055775257e-06, 2.4048354134720284e-06, 2.573349775047973e-06, 3.1303820833272766e-06, 2.496514298400143e-06, 2.7775181479228195e-06, 2.9293355510162655e-06, 3.5043062780459877e-06, 3.7520080695685465e-06, 2.7251619485468837e-06, 1.7482998373452574e-06, 1.9291915123176295e-06, 1.5369686252597603e-06, 1.6299405842801207e-06, 1.3137338328306214e-06, 1.5576977148157312e-06, 1.321208969784493e-06, 1.0007834134739824e-06, 1.2418654478096869e-06, 1.1836823432531673e-06, 1.412895926478086e-06, 1.8829032342182472e-06, 1.6812390413178946e-06, 1.8716754084380227e-06, 1.6312943671437097e-06, 1.651850084272155e-06, 1.6137153124873294e-06, 1.6151160480148974e-06, 1.1974155995631008e-06, 1.0331922339901212e-06, 1.0016492524300702e-06, 1.0348321666242555e-06, 1.0085697113026981e-06, 8.710421752766706e-07, 6.499404889837024e-07, 6.457955237237911e-07, 6.36464449144114e-07, 4.884883537670248e-07, 4.014125920548395e-07, 4.875759032074711e-07, 3.994211965618888e-07, 4.151062569235364e-07, 3.254005491726275e-07, 2.927769173766137e-07, 2.2805502908340713e-07, 2.0940547074133065e-07, 2.602624533665221e-07, 1.761928558607906e-07, 1.5718990198365645e-07, 1.8223099118586106e-07, 1.4309783580301882e-07, 1.4159233785449032e-07, 1.416219532757168e-07, 1.3309875157574425e-07, 1.1494267937450786e-07, 1.0376250259014341e-07, 6.142847297496701e-08, 1.84957471560665e-08, 5.260883395585836e-10, 7.964110274039093e-12, 7.630478714160116e-12, 6.1078368925049364e-12, 5.339964581629886e-12, 5.241951837875458e-12, 5.120133050179332e-12, 4.968899423862805e-12, 4.879122279810577e-12, 4.845688086896338e-12], "lowlevel.melbands128.stdev": [0.0004828193923458457, 0.0038399400655180216, 0.010018150322139263, 0.012971409596502781, 0.009418626315891743, 0.0047204215079545975, 0.0019467977108433843, 0.0008725575753487647, 0.0028367151971906424, 0.004228250589221716, 0.0033888949546962976, 0.002323092659935355, 0.0012648110277950764, 0.00043212188757024705, 0.0003811073547694832, 0.00044414159492589533, 0.00041461799992248416, 0.0003828773624263704, 0.0004819008754566312, 0.0006959566380828619, 0.00047537515638396144, 0.0010939366184175014, 0.00032365642255172133, 0.0002542347938288003, 0.00030055170645937324, 0.0008545714081265032, 0.0020892987959086895, 0.0005953540676273406, 0.0010118120117112994, 0.00040376352262683213, 0.000201922666747123, 0.0003750004689209163, 0.0004317233106121421, 0.00012112787226215005, 9.301436512032524e-05, 7.306283805519342e-05, 0.000124866928672418, 0.0002713314606808126, 9.876494004856795e-05, 0.00012424116721376777, 0.00016213177877943963, 7.189784810179844e-05, 4.1952982428483665e-05, 1.6970208889688365e-05, 5.6125700211850926e-05, 6.763196142856032e-05, 6.49614812573418e-05, 1.2333695849520154e-05, 3.6373552575241774e-05, 6.213579035829753e-05, 1.4055784959055018e-05, 1.4179299796523992e-05, 7.194803765742108e-05, 3.552522321115248e-05, 2.180438423238229e-05, 3.629785351222381e-05, 1.9171588064637035e-05, 1.1821522093669046e-05, 1.026744121190859e-05, 7.869363798818085e-06, 5.468139079312095e-06, 6.758963536412921e-06, 5.8070045270142145e-06, 6.819898771937005e-06, 6.181211574585177e-06, 7.330761036428157e-06, 1.1883165825565811e-05, 2.2659576643491164e-05, 3.1372226658277214e-05, 1.8727765564108267e-05, 1.089409943233477e-05, 1.0323627975594718e-05, 6.078829301259248e-06, 7.283734703378286e-06, 5.8968316807295196e-06, 5.2794202929362655e-06, 4.844970590056619e-06, 2.869109266612213e-06, 4.2486394704610575e-06, 3.611846068451996e-06, 4.1616158341639675e-06, 5.721500656363787e-06, 5.990637873765081e-06, 7.170541721279733e-06, 5.958145720796892e-06, 6.624055004067486e-06, 5.760301519330824e-06, 6.138986009318614e-06, 4.6012637540115975e-06, 3.68058636013302e-06, 3.7017621252743993e-06, 4.894494850304909e-06, 5.130581484991126e-06, 4.265267307346221e-06, 3.008090970979538e-06, 2.738071543717524e-06, 3.2915413612499833e-06, 1.8309665392735042e-06, 1.566063474456314e-06, 1.8264832988279522e-06, 1.3736417940890533e-06, 1.5474173551410786e-06, 1.258483280253131e-06, 9.298923941969406e-07, 6.115242854320968e-07, 6.126323341959505e-07, 7.434595090671792e-07, 4.788649334841466e-07, 4.900973635812989e-07, 4.925490770801844e-07, 3.608143686051335e-07, 3.019343068899616e-07, 2.8382677896843234e-07, 2.8126723350396787e-07, 2.3650471803193795e-07, 2.1969631802676304e-07, 1.678588432696415e-07, 1.2890149037048104e-07, 7.702814386334467e-09, 6.500248256324781e-11, 6.7350389154619e-11, 1.9404370471542975e-11, 8.059274601845967e-12, 7.920004062300645e-12, 7.804408161393717e-12, 7.713239769113756e-12, 7.645849231519009e-12, 7.604577557940306e-12], "lowlevel.mfcc.mean": [-696.275634765625, 163.38864135742188, 16.35751724243164, 30.08333969116211, 18.112138748168945, 7.16645622253418, -7.862282752990723, 14.19930362701416, 11.452993392944336, 5.287755966186523, -4.205304145812988, -5.09367561340332, 0.4234587550163269], "lowlevel.spectral_contrast_coeffs.mean": [-0.7133964896202087, -0.7335355877876282, -0.7290690541267395, -0.7710806727409363, -0.7834081649780273, -0.7678760886192322], "lowlevel.spectral_contrast_coeffs.stdev": [0.07561791688203812, 0.07022860646247864, 0.08263324201107025, 0.054560381919145584, 0.05334555730223656, 0.043308909982442856], "lowlevel.spectral_contrast_valleys.mean": [-6.23799467086792, -7.200488567352295, -8.069805145263672, -8.309585571289062, -8.583756446838379, -11.338130950927734], "lowlevel.spectral_contrast_valleys.stdev": [1.3551876544952393, 1.3396096229553223, 1.3334102630615234, 1.2760237455368042, 1.3847534656524658, 1.6751950979232788], "rhythm.beats_loudness_band_ratio.mean": [0.6343825459480286, 0.3651620149612427, 0.07385750859975815, 0.025684256106615067, 0.014861932955682278, 0.014617932960391045], "rhythm.beats_loudness_band_ratio.stdev": [0.2350543886423111, 0.29447710514068604, 0.09489332139492035, 0.05163959786295891, 0.01463492400944233, 0.008401039987802505], "tonal.hpcp.mean": [0.21756459772586823, 0.07506303489208221, 0.03295246511697769, 0.03281054273247719, 0.04032936319708824, 0.18150366842746735, 0.33898961544036865, 0.20794785022735596, 0.04384729638695717, 0.03576057776808739, 0.072065070271492, 0.2317461520433426, 0.2886126935482025, 0.1233731135725975, 0.02657250314950943, 0.024977823719382286, 0.021263793110847473, 0.023980623111128807, 0.027291063219308853, 0.028044739738106728, 0.08365576714277267, 0.1248789057135582, 0.07539433985948563, 0.04391701519489288, 0.04045047238469124, 0.03093411587178707, 0.06258420646190643, 0.08928277343511581, 0.05172388628125191, 0.015813911333680153, 0.01204700767993927, 0.019990812987089157, 0.06570134311914444, 0.10532953590154648, 0.09990424662828445, 0.20559488236904144], "tonal.hpcp.stdev": [0.385826051235199, 0.1753721684217453, 0.13743917644023895, 0.1381649225950241, 0.14114759862422943, 0.24090400338172913, 0.41048672795295715, 0.2833004295825958, 0.1545049250125885, 0.14450761675834656, 0.18730950355529785, 0.34268078207969666, 0.39923033118247986, 0.20935331284999847, 0.11145129054784775, 0.11458482593297958, 0.09577024728059769, 0.0794631689786911, 0.07651101052761078, 0.11350881308317184, 0.180145725607872, 0.24575594067573547, 0.16623620688915253, 0.16113513708114624, 0.1502944976091385, 0.1337278038263321, 0.1481233835220337, 0.19422286748886108, 0.12593257427215576, 0.07466120272874832, 0.06441529840230942, 0.09570678323507309, 0.17250512540340424, 0.2267918437719345, 0.2169354259967804, 0.3507828116416931], "rhythm.beats_position": [0.5224489569664001, 1.0681178569793701, 1.6253968477249146, 2.1942856311798096, 2.763174533843994, 3.3436734676361084, 3.9357821941375732, 4.527891159057617, 5.131609916687012, 5.735328674316406, 6.327437400817871, 6.919546127319336, 7.523265361785889, 8.115373611450195, 8.707483291625977, 9.311202049255371, 9.914920806884766, 10.50702953338623, 11.099138259887695, 11.70285701751709, 12.294965744018555, 12.88707447052002, 13.490793228149414, 14.094511985778809, 14.698230743408203, 15.290339469909668, 15.88244915008545, 16.486167907714844, 17.066665649414062, 17.670385360717773, 18.27410316467285, 18.866212844848633, 19.458322525024414, 20.062040328979492, 20.665760040283203, 21.25786781311035, 21.849977493286133, 22.45369529724121, 23.045804977416992, 23.63791275024414, 24.24163246154785, 24.84535026550293, 25.42584991455078, 26.029569625854492, 26.62167739868164, 27.213787078857422, 27.8175048828125, 28.42122459411621, 29.02494239807129, 29.61705207824707, 30.20915985107422, 30.81287956237793, 31.404987335205078, 31.99709701538086, 32.60081481933594, 33.20453643798828, 33.7966423034668, 34.38875198364258, 34.992469787597656, 35.59619140625], "rhythm.bpm_histogram": [0.0, 0.0, 0.0, 0.0, 0.0, 0.0, 0.0, 0.0, 0.0, 0.0, 0.0, 0.0, 0.0, 0.0, 0.0, 0.0, 0.0, 0.0, 0.0, 0.0, 0.0, 0.0, 0.0, 0.0, 0.0, 0.0, 0.0, 0.0, 0.0, 0.0, 0.0, 0.0, 0.0, 0.0, 0.0, 0.0, 0.0, 0.0, 0.0, 0.0, 0.0, 0.0, 0.0, 0.0, 0.0, 0.0, 0.0, 0.0, 0.0, 0.0, 0.0, 0.0, 0.0, 0.0, 0.0, 0.0, 0.0, 0.0, 0.0, 0.0, 0.0, 0.0, 0.0, 0.0, 0.0, 0.0, 0.0, 0.0, 0.0, 0.0, 0.0, 0.0, 0.0, 0.0, 0.0, 0.0, 0.0, 0.0, 0.0, 0.0, 0.0, 0.0, 0.0, 0.0, 0.0, 0.0, 0.0, 0.0, 0.0, 0.0, 0.0, 0.0, 0.0, 0.0, 0.0, 0.0, 0.0, 0.0, 0.0, 0.4406779706478119, 0.0, 0.4406779706478119, 0.0, 0.050847455859184265, 0.0, 0.033898305147886276, 0.0, 0.0, 0.016949152573943138, 0.0, 0.016949152573943138, 0.0, 0.0, 0.0, 0.0, 0.0, 0.0, 0.0, 0.0, 0.0, 0.0, 0.0, 0.0, 0.0, 0.0, 0.0, 0.0, 0.0, 0.0, 0.0, 0.0, 0.0, 0.0, 0.0, 0.0, 0.0, 0.0, 0.0, 0.0, 0.0, 0.0, 0.0, 0.0, 0.0, 0.0, 0.0, 0.0, 0.0, 0.0, 0.0, 0.0, 0.0, 0.0, 0.0, 0.0, 0.0, 0.0, 0.0, 0.0, 0.0, 0.0, 0.0, 0.0, 0.0, 0.0, 0.0, 0.0, 0.0, 0.0, 0.0, 0.0, 0.0, 0.0, 0.0, 0.0, 0.0, 0.0, 0.0, 0.0, 0.0, 0.0, 0.0, 0.0, 0.0, 0.0, 0.0, 0.0, 0.0, 0.0, 0.0, 0.0, 0.0, 0.0, 0.0, 0.0, 0.0, 0.0, 0.0, 0.0, 0.0, 0.0, 0.0, 0.0, 0.0, 0.0, 0.0, 0.0, 0.0, 0.0, 0.0, 0.0, 0.0, 0.0, 0.0, 0.0, 0.0, 0.0, 0.0, 0.0, 0.0, 0.0, 0.0, 0.0, 0.0, 0.0, 0.0, 0.0, 0.0, 0.0, 0.0, 0.0, 0.0, 0.0, 0.0, 0.0, 0.0, 0.0, 0.0, 0.0, 0.0, 0.0, 0.0, 0.0, 0.0, 0.0, 0.0, 0.0, 0.0, 0.0, 0.0], "tonal.chords_histogram": [24.680307388305664, 24.680307388305664, 11.892582893371582, 0.0, 23.145780563354492, 0.0, 0.6393861770629883, 0.0, 2.301790237426758, 0.0, 0.0, 0.0, 0.0, 0.0, 0.0, 0.0, 0.0, 2.557544708251953, 0.0, 0.8951406478881836, 0.0, 1.6624040603637695, 0.0, 7.544756889343262], "tonal.thpcp": [1.0, 0.6134342551231384, 0.129347026348114, 0.10549166053533554, 0.21258783340454102, 0.6836379170417786, 0.8513909578323364, 0.3639436364173889, 0.07838736474514008, 0.07368315011262894, 0.06272697448730469, 0.07074146717786789, 0.0805070772767067, 0.08273038268089294, 0.24677973985671997, 0.3683856427669525, 0.22240899503231049, 0.1295526921749115, 0.11932658404111862, 0.09125387668609619, 0.18461982905864716, 0.2633790671825409, 0.15258251130580902, 0.04665013402700424, 0.03553798422217369, 0.05897175520658493, 0.1938152015209198, 0.3107161223888397, 0.2947118282318115, 0.6064931750297546, 0.6418031454086304, 0.2214316576719284, 0.09720788896083832, 0.09678922593593597, 0.11896931380033493, 0.5354254245758057], "lowlevel.gfcc.cov": [[13418.5205078125, -857.1868286132812, -280.1111755371094, 275.133056640625, -963.4944458007812, 588.3980102539062, -252.1244659423828, 228.33309936523438, -509.46795654296875, 185.09861755371094, -400.1014099121094, 186.75921630859375, -450.35986328125], [-857.1868286132812, 3698.6142578125, -1100.1123046875, -606.0035400390625, 935.4337768554688, -798.4898071289062, 171.6765899658203, -287.646728515625, 445.0715026855469, -561.6944580078125, 414.47113037109375, -293.1517639160156, 495.7801818847656], [-280.1111755371094, -1100.1123046875, 863.3912353515625, 204.64149475097656, -220.97132873535156, 260.9208984375, -84.04325866699219, 69.00525665283203, -87.77607727050781, 205.2306671142578, -178.1526336669922, 122.37114715576172, -108.65301513671875], [275.133056640625, -606.0035400390625, 204.64149475097656, 420.03167724609375, -94.50167846679688, 85.25381469726562, -16.11419677734375, 24.316455841064453, -15.151671409606934, 87.52794647216797, -87.77457427978516, 3.1619653701782227, -25.397878646850586], [-963.4944458007812, 935.4337768554688, -220.97132873535156, -94.50167846679688, 532.137939453125, -242.98362731933594, 77.91555786132812, -46.29574203491211, 188.27574157714844, -122.02265930175781, 93.76880645751953, -92.06282806396484, 137.27328491210938], [588.3980102539062, -798.4898071289062, 260.9208984375, 85.25381469726562, -242.98362731933594, 345.25958251953125, -9.55102825164795, 81.48119354248047, -107.57379913330078, 135.12083435058594, -83.2698974609375, 70.8481674194336, -133.29470825195312], [-252.1244659423828, 171.6765899658203, -84.04325866699219, -16.11419677734375, 77.91555786132812, -9.55102825164795, 178.6124267578125, -8.53333854675293, 15.185991287231445, -34.7428092956543, 35.728267669677734, -28.007156372070312, 13.17127799987793], [228.33309936523438, -287.646728515625, 69.00525665283203, 24.316455841064453, -46.29574203491211, 81.48119354248047, -8.53333854675293, 120.87025451660156, -21.282855987548828, 52.542476654052734, -24.880475997924805, 31.165971755981445, -46.99663543701172], [-509.46795654296875, 445.0715026855469, -87.77607727050781, -15.151671409606934, 188.27574157714844, -107.57379913330078, 15.185991287231445, -21.282855987548828, 169.9633026123047, -44.001220703125, 45.11852264404297, -44.65095901489258, 87.71368408203125], [185.09861755371094, -561.6944580078125, 205.2306671142578, 87.52794647216797, -122.02265930175781, 135.12083435058594, -34.7428092956543, 52.542476654052734, -44.001220703125, 152.73695373535156, -55.82103729248047, 40.257137298583984, -92.62692260742188], [-400.1014099121094, 414.47113037109375, -178.1526336669922, -87.77457427978516, 93.76880645751953, -83.2698974609375, 35.728267669677734, -24.880475997924805, 45.11852264404297, -55.82103729248047, 131.90904235839844, -30.396215438842773, 42.0588264465332], [186.75921630859375, -293.1517639160156, 122.37114715576172, 3.1619653701782227, -92.06282806396484, 70.8481674194336, -28.007156372070312, 31.165971755981445, -44.65095901489258, 40.257137298583984, -30.396215438842773, 88.48703002929688, -35.68808364868164], [-450.35986328125, 495.7801818847656, -108.65301513671875, -25.397878646850586, 137.27328491210938, -133.29470825195312, 13.17127799987793, -46.99663543701172, 87.71368408203125, -92.62692260742188, 42.0588264465332, -35.68808364868164, 154.6898651123047]], "lowlevel.gfcc.icov": [[0.000201007496798411, -0.0005764297675341368, 0.0002873466582968831, -0.0005231106770224869, 0.00038404171937145293, -0.0003663492971099913, 0.00021306150301825255, -0.00043568533146753907, 0.0005386036937125027, -0.000473329215310514, 0.0010519179049879313, -0.0006624170928262174, 0.0007139539811760187], [-0.0005764297675341368, 0.0038382168859243393, -0.0004506331169977784, 0.003042919561266899, -0.0020331896375864744, 0.0017502279952168465, -0.0005902581615373492, 0.002380297752097249, -0.0029980100225657225, 0.003866584273055196, -0.004589018877595663, 0.0035975456703454256, -0.0036178058944642544], [0.0002873466582968831, -0.0004506331169977784, 0.0028528645634651184, -0.0008343742229044437, 7.944638491608202e-05, -0.0011256920406594872, 0.0005308843101374805, 0.0001217551325680688, 0.0005481847911141813, -0.0023037567734718323, 0.002938259858638048, -0.002564419526606798, 1.8153526980313472e-05], [-0.0005231106770224869, 0.003042919561266899, -0.0008343742229044437, 0.005651259329169989, -0.0011993711814284325, 0.0014816648326814175, -0.000902431842405349, 0.0018109400989487767, -0.0027306340634822845, 0.0014477332588285208, -0.002342746127396822, 0.004362356383353472, -0.0039069801568984985], [0.00038404171937145293, -0.0020331896375864744, 7.944638491608202e-05, -0.0011993711814284325, 0.00540794525295496, 0.000670984445605427, -0.0008529339102096856, -0.0020825129467993975, -0.001515925396233797, -0.00127483403775841, 0.0024873334914445877, -0.0005856524803675711, 0.0019971984438598156], [-0.0003663492971099913, 0.0017502279952168465, -0.0011256920406594872, 0.0014816648326814175, 0.000670984445605427, 0.007679719477891922, -0.0019082166254520416, -0.0006045147893019021, -0.0012640696950256824, -0.00017142387514468282, -0.0017990339547395706, 0.001111008576117456, 0.0001370347454212606], [0.00021306150301825255, -0.0005902581615373492, 0.0005308843101374805, -0.000902431842405349, -0.0008529339102096856, -0.0019082166254520416, 0.007003792095929384, -0.00039104666211642325, 0.0012797333765774965, 0.0009709505247883499, -0.00023966640583239496, 0.0004797496658284217, 0.0011658522998914123], [-0.00043568533146753907, 0.002380297752097249, 0.0001217551325680688, 0.0018109400989487767, -0.0020825129467993975, -0.0006045147893019021, -0.00039104666211642325, 0.012453802861273289, -0.0025499039329588413, 0.00031862311880104244, -0.002605993999168277, -0.00039787034620530903, -0.0011169699719175696], [0.0005386036937125027, -0.0029980100225657225, 0.0005481847911141813, -0.0027306340634822845, -0.001515925396233797, -0.0012640696950256824, 0.0012797333765774965, -0.0025499039329588413, 0.014473088085651398, -0.005635892041027546, 0.00248858449049294, -0.001085104187950492, -0.002022606786340475], [-0.000473329215310514, 0.003866584273055196, -0.0023037567734718323, 0.0014477332588285208, -0.00127483403775841, -0.00017142387514468282, 0.0009709505247883499, 0.00031862311880104244, -0.005635892041027546, 0.020719129592180252, -0.004773723427206278, 0.003469787072390318, 0.0035474367905408144], [0.0010519179049879313, -0.004589018877595663, 0.002938259858638048, -0.002342746127396822, 0.0024873334914445877, -0.0017990339547395706, -0.00023966640583239496, -0.002605993999168277, 0.00248858449049294, -0.004773723427206278, 0.01887887716293335, -0.004845384042710066, 0.004400221165269613], [-0.0006624170928262174, 0.0035975456703454256, -0.002564419526606798, 0.004362356383353472, -0.0005856524803675711, 0.001111008576117456, 0.0004797496658284217, -0.00039787034620530903, -0.001085104187950492, 0.003469787072390318, -0.004845384042710066, 0.02127229794859886, -0.00431026192381978], [0.0007139539811760187, -0.0036178058944642544, 1.8153526980313472e-05, -0.0039069801568984985, 0.0019971984438598156, 0.0001370347454212606, 0.0011658522998914123, -0.0011169699719175696, -0.002022606786340475, 0.0035474367905408144, 0.004400221165269613, -0.00431026192381978, 0.018496854230761528]], "lowlevel.mfcc.cov": [[8903.8701171875, -1248.2496337890625, 325.584228515625, -277.5797119140625, -453.77838134765625, 109.41891479492188, 113.01937866210938, 98.67784881591797, -183.66172790527344, 0.4293111264705658, 26.942354202270508, -50.894535064697266, 7.247525691986084], [-1248.2496337890625, 3571.5, -1326.8863525390625, 125.94131469726562, 341.1129455566406, -318.8060607910156, -144.5791778564453, 52.452369689941406, 19.229408264160156, -69.32962799072266, -118.46997833251953, -65.2615737915039, -0.1709928959608078], [325.584228515625, -1326.8863525390625, 1000.1365966796875, -94.54922485351562, -103.28134155273438, 179.60101318359375, 20.96937370300293, -42.203697204589844, 30.836137771606445, 2.4672114849090576, 26.5863037109375, 32.3657112121582, -0.315033495426178], [-277.5797119140625, 125.94131469726562, -94.54922485351562, 345.22125244140625, 92.40644836425781, 2.5373146533966064, -27.69619369506836, -26.20564079284668, 84.89754486083984, 15.978443145751953, -26.111692428588867, -2.4758009910583496, -21.967613220214844], [-453.77838134765625, 341.1129455566406, -103.28134155273438, 92.40644836425781, 251.01541137695312, -24.135780334472656, -65.18528747558594, -11.83300495147705, 65.2549819946289, 24.289384841918945, 1.41170334815979, -6.285328388214111, -4.538425445556641], [109.41891479492188, -318.8060607910156, 179.60101318359375, 2.5373146533966064, -24.135780334472656, 159.10638427734375, 36.49727249145508, -1.27432119846344, 28.182405471801758, 17.44468879699707, 18.447040557861328, 15.335034370422363, -15.5452241897583], [113.01937866210938, -144.5791778564453, 20.96937370300293, -27.69619369506836, -65.18528747558594, 36.49727249145508, 136.9787139892578, 38.493690490722656, -22.23525047302246, 9.809579849243164, 12.394302368164062, 15.715241432189941, 12.104745864868164], [98.67784881591797, 52.452369689941406, -42.203697204589844, -26.20564079284668, -11.83300495147705, -1.27432119846344, 38.493690490722656, 97.57582092285156, -1.823460340499878, -1.4892117977142334, -1.1605949401855469, 1.068052887916565, 22.71383285522461], [-183.66172790527344, 19.229408264160156, 30.836137771606445, 84.89754486083984, 65.2549819946289, 28.182405471801758, -22.23525047302246, -1.823460340499878, 136.57791137695312, 26.776968002319336, -15.190980911254883, 0.7650774717330933, -23.79684066772461], [0.4293111264705658, -69.32962799072266, 2.4672114849090576, 15.978443145751953, 24.289384841918945, 17.44468879699707, 9.809579849243164, -1.4892117977142334, 26.776968002319336, 73.69859313964844, 24.5471248626709, 2.71117901802063, -4.213100433349609], [26.942354202270508, -118.46997833251953, 26.5863037109375, -26.111692428588867, 1.41170334815979, 18.447040557861328, 12.394302368164062, -1.1605949401855469, -15.190980911254883, 24.5471248626709, 94.53593444824219, 26.58283233642578, -5.124422550201416], [-50.894535064697266, -65.2615737915039, 32.3657112121582, -2.4758009910583496, -6.285328388214111, 15.335034370422363, 15.715241432189941, 1.068052887916565, 0.7650774717330933, 2.71117901802063, 26.58283233642578, 65.1640853881836, 9.302465438842773], [7.247525691986084, -0.1709928959608078, -0.315033495426178, -21.967613220214844, -4.538425445556641, -15.5452241897583, 12.104745864868164, 22.71383285522461, -23.79684066772461, -4.213100433349609, -5.124422550201416, 9.302465438842773, 79.66928100585938]], "lowlevel.mfcc.icov": [[0.0001309236540691927, 3.716402352438308e-05, 2.0771130948560312e-05, 2.571839104348328e-05, 0.00017610729264561087, -5.306689126882702e-05, 7.862523489166051e-05, -0.00015693946625106037, 0.00010983533866237849, -7.621200347784907e-05, 7.380519946309505e-06, 0.00013621336256619543, 4.1165363654727116e-05], [3.716402352438308e-05, 0.0007068271515890956, 0.0008224524790421128, 0.000206237324164249, -0.0005786537076346576, 0.00023941026302054524, 0.0002298567269463092, -0.00017794538871385157, -0.0001448144030291587, 0.0005950839840807021, 0.00047628500033169985, -6.203351949807256e-05, 0.00011390719737391919], [2.0771130948560312e-05, 0.0008224524790421128, 0.002388198394328356, 0.0006804197328165174, -0.0002028479939326644, -0.0012382984859868884, 0.0005135113024152815, 0.0006208757986314595, -0.000835706596262753, 0.0010089135030284524, 0.0003931781684514135, -0.0003114926803391427, -0.0004458812181837857], [2.571839104348328e-05, 0.000206237324164249, 0.0006804197328165174, 0.0039144353941082954, -0.0009292341419495642, -0.00024358431983273476, -0.00020131381461396813, 0.001101928181014955, -0.0019808050710707903, 0.0001464893575757742, 0.0010077276965603232, -0.00039011240005493164, 0.00022256173542700708], [0.00017610729264561087, -0.0005786537076346576, -0.0002028479939326644, -0.0009292341419495642, 0.006564084906131029, -2.949377267214004e-05, 0.0022434310521930456, -0.00014574000670108944, -0.0018157247686758637, -0.0017433799803256989, -0.001406236318871379, 0.0005341277574189007, -0.000992783810943365], [-5.306689126882702e-05, 0.00023941026302054524, -0.0012382984859868884, -0.00024358431983273476, -2.949377267214004e-05, 0.009397060610353947, -0.002270038239657879, -8.691866969456896e-05, -0.0016358464490622282, -0.0006318946252577007, -0.0007387605146504939, -0.0007503661327064037, 0.0016529187560081482], [7.862523489166051e-05, 0.0002298567269463092, 0.0005135113024152815, -0.00020131381461396813, 0.0022434310521930456, -0.002270038239657879, 0.010746195912361145, -0.003941873554140329, 0.0015760865062475204, -0.002092192182317376, 0.0002915109507739544, -0.0017549791373312473, -0.00030039105331525207], [-0.00015693946625106037, -0.00017794538871385157, 0.0006208757986314595, 0.001101928181014955, -0.00014574000670108944, -8.691866969456896e-05, -0.003941873554140329, 0.013423570431768894, -0.002322804182767868, 0.0011978684924542904, -0.0004768372164107859, 0.0008692805422469974, -0.003695869352668524], [0.00010983533866237849, -0.0001448144030291587, -0.000835706596262753, -0.0019808050710707903, -0.0018157247686758637, -0.0016358464490622282, 0.0015760865062475204, -0.002322804182767868, 0.012091436423361301, -0.004179453477263451, 0.003239850513637066, -0.0016019383911043406, 0.0032264352776110172], [-7.621200347784907e-05, 0.0005950839840807021, 0.0010089135030284524, 0.0001464893575757742, -0.0017433799803256989, -0.0006318946252577007, -0.002092192182317376, 0.0011978684924542904, -0.004179453477263451, 0.018155543133616447, -0.0050438567996025085, 0.002006212715059519, -0.0010406037326902151], [7.380519946309505e-06, 0.00047628500033169985, 0.0003931781684514135, 0.0010077276965603232, -0.001406236318871379, -0.0007387605146504939, 0.0002915109507739544, -0.0004768372164107859, 0.003239850513637066, -0.0050438567996025085, 0.01513337716460228, -0.0060612233355641365, 0.0025292946957051754], [0.00013621336256619543, -6.203351949807256e-05, -0.0003114926803391427, -0.00039011240005493164, 0.0005341277574189007, -0.0007503661327064037, -0.0017549791373312473, 0.0008692805422469974, -0.0016019383911043406, 0.002006212715059519, -0.0060612233355641365, 0.019032301381230354, -0.0032030376605689526], [4.1165363654727116e-05, 0.00011390719737391919, -0.0004458812181837857, 0.00022256173542700708, -0.000992783810943365, 0.0016529187560081482, -0.00030039105331525207, -0.003695869352668524, 0.0032264352776110172, -0.0010406037326902151, 0.0025292946957051754, -0.0032030376605689526, 0.015418674796819687]], "metadata.audio_properties.analysis.downmix": "mix", "metadata.audio_properties.codec": "mp3", "metadata.audio_properties.md5_encoded": "771666acb2faf9383a0327008470435f", "metadata.tags.file_name": "1182267962674139186.mp3", "metadata.version.essentia": "2.1-beta6-dev", "metadata.version.essentia_git_sha": "v2.1_beta5-1110-g77a6a954", "metadata.version.extractor": "music 2.0", "tonal.chords_key": "A", "tonal.chords_scale": "major", "tonal.key_edma.key": "A", "tonal.key_edma.scale": "major", "tonal.key_krumhansl.key": "A", "tonal.key_krumhansl.scale": "major", "tonal.key_temperley.key": "A", "tonal.key_temperley.scale": "major", "metadata.tags.encoding": ["Lavf58.45.100"]}, "essentia_models": [{"model_name": "genre_dortmund", "activations": {"alternative": 