{"song_id": "1182277320199909386", "download": "https://cdn.discordapp.com/attachments/1128313332273782784/1182277320199909386/chirp.mp4?ex=65841c8e&amp", "lyrics": "[Verse]\nPricilla, she's a Brazilian queen\nWith a smile that's brighter than sunbeams (ooh-yeah)\nShe dances through the streets, so carefree\nHer dog Kobe, always there by her side (by her side)\nThey make a team, a love that's so pure\n\n[Chorus]\nPricilla and Kobe, a bond that can't be broken (can't be broken)\nThrough all the ups and the downs, they're never losin'\nThey're chasin' dreams, catchin' every moment (oh-oh-oh)\nPricilla and Kobe, love in motion (love in motion)\nOh-oh-oh-oh-oh-oh-oh\nOh-oh-oh-oh-oh-oh-oh", "style": ["fast female vocal"], "essentia_features": {"lowlevel.average_loudness": 0.9749982357025146, "lowlevel.barkbands_crest.mean": 12.89442253112793, "lowlevel.barkbands_crest.stdev": 4.667019844055176, "lowlevel.barkbands_flatness_db.mean": 0.22157537937164307, "lowlevel.barkbands_flatness_db.stdev": 0.06711737811565399, "lowlevel.barkbands_kurtosis.mean": 23.42328453063965, "lowlevel.barkbands_kurtosis.stdev": 40.84309387207031, "lowlevel.barkbands_skewness.mean": 3.2866315841674805, "lowlevel.barkbands_skewness.stdev": 2.5590476989746094, "lowlevel.barkbands_spread.mean": 14.91769027709961, "lowlevel.barkbands_spread.stdev": 14.494284629821777, "lowlevel.dissonance.mean": 0.4435468018054962, "lowlevel.dissonance.stdev": 0.04181778058409691, "lowlevel.dynamic_complexity": 2.691039800643921, "lowlevel.erbbands_crest.mean": 10.878669738769531, "lowlevel.erbbands_crest.stdev": 5.073857307434082, "lowlevel.erbbands_flatness_db.mean": 0.16927623748779297, "lowlevel.erbbands_flatness_db.stdev": 0.062128227204084396, "lowlevel.erbbands_kurtosis.mean": 1.7661679983139038, "lowlevel.erbbands_kurtosis.stdev": 5.067587852478027, "lowlevel.erbbands_skewness.mean": 0.7196184992790222, "lowlevel.erbbands_skewness.stdev": 1.124808430671692, "lowlevel.erbbands_spread.mean": 52.699161529541016, "lowlevel.erbbands_spread.stdev": 34.53171157836914, "lowlevel.hfc.mean": 13.407756805419922, "lowlevel.hfc.stdev": 13.464599609375, "lowlevel.loudness_ebu128.integrated": -16.392532348632812, "lowlevel.loudness_ebu128.loudness_range": 1.2972116470336914, "lowlevel.loudness_ebu128.momentary.mean": -16.676450729370117, "lowlevel.loudness_ebu128.momentary.stdev": 1.6842228174209595, "lowlevel.loudness_ebu128.short_term.mean": -16.43158531188965, "lowlevel.loudness_ebu128.short_term.stdev": 0.439851313829422, "lowlevel.melbands_crest.mean": 19.154586791992188, "lowlevel.melbands_crest.stdev": 5.680078029632568, "lowlevel.melbands_flatness_db.mean": 0.29179391264915466, "lowlevel.melbands_flatness_db.stdev": 0.08520888537168503, "lowlevel.melbands_kurtosis.mean": 62.835052490234375, "lowlevel.melbands_kurtosis.stdev": 98.33184051513672, "lowlevel.melbands_skewness.mean": 5.087411880493164, "lowlevel.melbands_skewness.stdev": 3.7319366931915283, "lowlevel.melbands_spread.mean": 13.33745002746582, "lowlevel.melbands_spread.stdev": 22.707717895507812, "lowlevel.pitch_salience.mean": 0.42887070775032043, "lowlevel.pitch_salience.stdev": 0.13529354333877563, "lowlevel.silence_rate_20dB.mean": 1.0, "lowlevel.silence_rate_20dB.stdev": 0.0, "lowlevel.silence_rate_30dB.mean": 0.9100406169891357, "lowlevel.silence_rate_30dB.stdev": 0.2861234247684479, "lowlevel.silence_rate_60dB.mean": 0.0673244372010231, "lowlevel.silence_rate_60dB.stdev": 0.2505815923213959, "lowlevel.spectral_centroid.mean": 937.831298828125, "lowlevel.spectral_centroid.stdev": 640.5667114257812, "lowlevel.spectral_complexity.mean": 10.273941040039062, "lowlevel.spectral_complexity.stdev": 7.923557281494141, "lowlevel.spectral_decrease.mean": -9.572614700914528e-09, "lowlevel.spectral_decrease.stdev": 1.4082156774009036e-08, "lowlevel.spectral_energy.mean": 0.037345390766859055, "lowlevel.spectral_energy.stdev": 0.053884152323007584, "lowlevel.spectral_energyband_high.mean": 0.0005776589969173074, "lowlevel.spectral_energyband_high.stdev": 0.0010270817438140512, "lowlevel.spectral_energyband_low.mean": 0.027656493708491325, "lowlevel.spectral_energyband_low.stdev": 0.05113576725125313, "lowlevel.spectral_energyband_middle_high.mean": 0.002251195488497615, "lowlevel.spectral_energyband_middle_high.stdev": 0.003255784511566162, "lowlevel.spectral_energyband_middle_low.mean": 0.011396963149309158, "lowlevel.spectral_energyband_middle_low.stdev": 0.01722501404583454, "lowlevel.spectral_entropy.mean": 7.175816535949707, "lowlevel.spectral_entropy.stdev": 0.6590940952301025, "lowlevel.spectral_flux.mean": 0.08134059607982635, "lowlevel.spectral_flux.stdev": 0.09340836107730865, "lowlevel.spectral_kurtosis.mean": 5.048346519470215, "lowlevel.spectral_kurtosis.stdev": 6.2955403327941895, "lowlevel.spectral_rms.mean": 0.005237457808107138, "lowlevel.spectral_rms.stdev": 0.003000593511387706, "lowlevel.spectral_rolloff.mean": 861.1804809570312, "lowlevel.spectral_rolloff.stdev": 1593.439697265625, "lowlevel.spectral_skewness.mean": 1.670806884765625, "lowlevel.spectral_skewness.stdev": 0.8594075441360474, "lowlevel.spectral_spread.mean": 5443430.0, "lowlevel.spectral_spread.stdev": 2319569.25, "lowlevel.spectral_strongpeak.mean": 0.7267744541168213, "lowlevel.spectral_strongpeak.stdev": 0.8000240921974182, "lowlevel.zerocrossingrate.mean": 0.04375685751438141, "lowlevel.zerocrossingrate.stdev": 0.04388868063688278, "metadata.audio_properties.analysis.equal_loudness": 0.0, "metadata.audio_properties.analysis.length": 39.978660583496094, "metadata.audio_properties.analysis.sample_rate": 44100.0, "metadata.audio_properties.analysis.start_time": 0.0, "metadata.audio_properties.bit_rate": 120710.0, "metadata.audio_properties.length": 39.978668212890625, "metadata.audio_properties.lossless": 0.0, "metadata.audio_properties.number_channels": 1.0, "metadata.audio_properties.replay_gain": -10.45669174194336, "metadata.audio_properties.sample_rate": 48000.0, "rhythm.beats_count": 74.0, "rhythm.beats_loudness.mean": 0.1129888966679573, "rhythm.beats_loudness.stdev": 0.029090516269207, "rhythm.bpm": 111.95716857910156, "rhythm.bpm_histogram_first_peak_bpm": 112.0, "rhythm.bpm_histogram_first_peak_weight": 0.21917808055877686, "rhythm.bpm_histogram_second_peak_bpm": 0.0, "rhythm.bpm_histogram_second_peak_spread": 0.0, "rhythm.bpm_histogram_second_peak_weight": 0.0, "rhythm.danceability": 1.8706432580947876, "rhythm.onset_rate": 4.750431060791016, "tonal.chords_changes_rate": 0.03480278328061104, "tonal.chords_number_rate": 0.008120649494230747, "tonal.chords_strength.mean": 0.5235525965690613, "tonal.chords_strength.stdev": 0.09692748636007309, "tonal.hpcp_crest.mean": 15.093303680419922, "tonal.hpcp_crest.stdev": 6.4774274826049805, "tonal.hpcp_entropy.mean": 1.7402747869491577, "tonal.hpcp_entropy.stdev": 0.6761918663978577, "tonal.key_edma.strength": 0.8007004857063293, "tonal.key_krumhansl.strength": 0.7960554957389832, "tonal.key_temperley.strength": 0.7924109697341919, "tonal.tuning_diatonic_strength": 0.6526185870170593, "tonal.tuning_equal_tempered_deviation": 0.07045521587133408, "tonal.tuning_frequency": 438.98455810546875, "tonal.tuning_nontempered_energy_ratio": 0.6693177819252014, "lowlevel.barkbands.mean": [0.0003335521905682981, 0.012931018136441708, 0.009914959780871868, 0.005774070043116808, 0.00218779593706131, 0.00040887983050197363, 0.001324499025940895, 0.0005996081163175404, 0.0009868982015177608, 0.00028496963204815984, 0.0006023193709552288, 0.00028331170324236155, 0.0001933920430019498, 0.00016065489035099745, 0.00012034695828333497, 0.0001291444496018812, 0.0001075656691682525, 0.00016320087888743728, 0.00012535428686533123, 0.00019160390365868807, 7.926820399006829e-05, 8.96085548447445e-05, 0.00012181015335954726, 0.00012819547555409372, 6.932827818673104e-05, 3.3333639294141904e-05, 7.477176495740423e-07], "lowlevel.barkbands.stdev": [0.0012156808516010642, 0.038361936807632446, 0.016489751636981964, 0.01432082336395979, 0.004170946776866913, 0.0007754112593829632, 0.0028959650080651045, 0.001724771922454238, 0.0022648866288363934, 0.000967584375757724, 0.001913454500027001, 0.0008095211815088987, 0.0005091860075481236, 0.0003877771960105747, 0.0003605362435337156, 0.0003541987098287791, 0.00026366027304902673, 0.0003015224065165967, 0.00020424701506271958, 0.0002915275690611452, 0.0001927840057760477, 0.00017154465604107827, 0.00020158971892669797, 0.00036014182842336595, 0.0001883857330540195, 7.744811591692269e-05, 3.614889237724128e-06], "lowlevel.erbbands.mean": [0.3051988482475281, 3.1291422843933105, 10.039812088012695, 19.864606857299805, 8.436059951782227, 9.243391036987305, 5.041942119598389, 3.0958597660064697, 10.845917701721191, 21.85429573059082, 13.16977596282959, 27.0313777923584, 12.463676452636719, 19.548261642456055, 17.12234115600586, 12.987324714660645, 9.019875526428223, 8.355399131774902, 7.6669230461120605, 6.200830459594727, 6.81179141998291, 5.732598781585693, 8.734527587890625, 6.804795265197754, 9.055773735046387, 8.119695663452148, 3.859748601913452, 2.8202407360076904, 3.1196658611297607, 3.6226372718811035, 3.3330843448638916, 2.919543504714966, 1.9470057487487793, 0.9517041444778442, 0.4055732786655426, 0.17867061495780945, 0.05377567932009697, 0.0070142620243132114, 0.00016557364142499864, 4.839772736886516e-05], "lowlevel.erbbands.stdev": [1.0833139419555664, 8.844636917114258, 16.148666381835938, 45.84223556518555, 19.113920211791992, 17.12830924987793, 7.977926254272461, 7.130974769592285, 22.970489501953125, 43.27914810180664, 41.336395263671875, 60.92753219604492, 31.75233268737793, 56.118743896484375, 73.88874816894531, 34.146217346191406, 21.38241195678711, 18.691370010375977, 20.676380157470703, 15.511419296264648, 17.055130004882812, 12.302948951721191, 15.780409812927246, 12.32409954071045, 13.352557182312012, 12.63563346862793, 8.89945125579834, 6.718698978424072, 6.260915279388428, 6.102135181427002, 5.674139976501465, 6.327012538909912, 6.437368392944336, 2.709068775177002, 1.103242039680481, 0.44876769185066223, 0.12426454573869705, 0.0197945274412632, 0.00042924113222397864, 6.2359802541323e-05], "lowlevel.gfcc.mean": [-49.1997184753418, 93.42855072021484, -87.34880065917969, 40.4450569152832, -62.81827163696289, 21.85618782043457, -35.98238754272461, 14.990133285522461, -27.300552368164062, -9.904909133911133, -12.704682350158691, -10.847344398498535, -18.45522689819336], "lowlevel.melbands.mean": [0.003166517475619912, 0.005070244427770376, 0.0029123302083462477, 0.0005596419796347618, 0.0002256586158182472, 6.728427979396656e-05, 0.0002136950206477195, 0.00021898229897487909, 9.593566210241988e-05, 0.0001782000035746023, 5.424875416792929e-05, 7.224109140224755e-05, 6.098364610807039e-05, 4.2265608499292284e-05, 1.8304597688256763e-05, 2.2249952962738462e-05, 1.5182735296548344e-05, 1.3090863831166644e-05, 8.876844731275924e-06, 9.71012832451379e-06, 7.573143193440046e-06, 5.619257080979878e-06, 7.238430953293573e-06, 7.727019692538306e-06, 5.17284388479311e-06, 5.025633527111495e-06, 8.72059626999544e-06, 4.4246053221286274e-06, 2.3910708932817215e-06, 1.9932260784116806e-06, 1.4729756685483153e-06, 1.6942041156653431e-06, 1.8809844277711818e-06, 2.1062926407466875e-06, 1.879129854387429e-06, 1.908474132505944e-06, 1.7616176819501561e-06, 1.4637797676186892e-06, 1.0330506938771578e-06, 7.251711053868348e-07], "lowlevel.melbands.stdev": [0.010199912823736668, 0.008953372947871685, 0.00637034559622407, 0.0010939944768324494, 0.00034852736280299723, 0.0001516837510280311, 0.0004558811488095671, 0.0004171906039118767, 0.00033795033232308924, 0.0004137319920118898, 0.00015901305596344173, 0.00021383987041190267, 0.00021998690499458462, 0.00012860778952017426, 4.8587160563329235e-05, 6.153358117444441e-05, 3.7757046811748296e-05, 3.4639553632587194e-05, 2.3172278815764003e-05, 2.9456341508193873e-05, 1.9264996808487922e-05, 1.3254348232294433e-05, 1.3932824003859423e-05, 1.4454500160354655e-05, 1.007859373203246e-05, 8.092515599855687e-06, 1.3779119399259798e-05, 7.6609949246631e-06, 5.775152658316074e-06, 4.9850932555273175e-06, 3.4981553653778974e-06, 3.61602383236459e-06, 3.524359271978028e-06, 3.5777334232989233e-06, 3.22782625516993e-06, 3.5974753700429574e-06, 4.361258106655441e-06, 5.004897047911072e-06, 3.387502601981396e-06, 2.020784677370102e-06], "lowlevel.melbands128.mean": [0.0003111585683654994, 0.0020971831399947405, 0.004205401986837387, 0.005515941884368658, 0.004914998542517424, 0.0051345303654670715, 0.004733256995677948, 0.001954973442479968, 0.0005735441809520125, 0.0005115700187161565, 0.0005968035547994077, 0.0002801803348120302, 0.00016606350254733115, 8.796162728685886e-05, 6.558692984981462e-05, 5.647519719786942e-05, 5.107284232508391e-05, 0.00021857769752386957, 0.0004927897243760526, 0.0002131188230123371, 0.00011999755224678665, 9.706475248094648e-05, 0.00011737804743461311, 4.945175169268623e-05, 0.00017501317779533565, 0.00028680666582658887, 4.663907384383492e-05, 5.047849117545411e-05, 2.1600902982754633e-05, 3.231030495953746e-05, 0.00012748116569127887, 8.591913501732051e-05, 3.437884879531339e-05, 7.563520921394229e-05, 2.3464499463443644e-05, 5.312099165166728e-05, 3.3578038710402325e-05, 1.1919383723579813e-05, 1.0382861546531785e-05, 2.1883417502976954e-05, 3.228452987968922e-05, 9.446845069760457e-06, 1.1113058462797198e-05, 2.1498075511772186e-05, 1.7781698261387646e-05, 9.01487328519579e-06, 1.1278692909399979e-05, 1.1103279575763736e-05, 6.350376224872889e-06, 5.688441888196394e-06, 1.325145331065869e-05, 1.0667630704119802e-05, 5.006883839087095e-06, 9.064658115676139e-06, 6.738710908393841e-06, 3.6571398140949896e-06, 6.473826942965388e-06, 5.683203198714182e-06, 7.795899364282377e-06, 1.0079475941893179e-05, 6.493461569334613e-06, 7.995162377483211e-06, 5.785674147773534e-06, 4.660250397137133e-06, 3.3663432077446487e-06, 4.783466465596575e-06, 5.052972937846789e-06, 9.417841283720918e-06, 9.982434676203411e-06, 7.807897418388166e-06, 3.9552742236992344e-06, 3.2380323773395503e-06, 2.4701830625417642e-06, 2.220826672783005e-06, 2.3012339624983724e-06, 2.093789817081415e-06, 1.861342866504856e-06, 1.6028176332838484e-06, 1.3629828572447877e-06, 1.3459025467454921e-06, 1.7262244682569872e-06, 1.828371750889346e-06, 1.716326210043917e-06, 2.0042091364302905e-06, 1.825362346608017e-06, 2.0846869119850453e-06, 2.236092313978588e-06, 2.078371835523285e-06, 1.733864110065042e-06, 1.8278245761393919e-06, 2.0316124391683843e-06, 1.9042736312258057e-06, 1.7883712644106708e-06, 1.763007844601816e-06, 1.7449311826567282e-06, 1.6677906842232915e-06, 1.3269848295749398e-06, 1.3055616818746785e-06, 1.0406901083115372e-06, 9.394523203809513e-07, 7.846452945159399e-07, 7.663705332561221e-07, 5.405967158367275e-07, 4.523023449110042e-07, 4.356968190677435e-07, 4.284497663320508e-07, 4.041054921799514e-07, 3.6291547189648554e-07, 2.9871182505303295e-07, 2.6850230483432824e-07, 2.1534970073844306e-07, 1.7811242969401064e-07, 1.6709859096408763e-07, 1.5526597962889355e-07, 1.1352437212508448e-07, 7.922079703348572e-08, 2.991819414432939e-08, 4.003026798926612e-09, 9.298063187446193e-12, 8.237736014160557e-12, 7.799583028045287e-12, 5.522200752228201e-12, 4.918163098999173e-12, 4.827736734686061e-12, 4.716990253256226e-12, 4.583558359250173e-12, 4.5042923384197575e-12, 4.473615922151453e-12], "lowlevel.melbands128.stdev": [0.0011616061674430966, 0.008214861154556274, 0.015473274514079094, 0.0150337228551507, 0.009219761937856674, 0.009332741610705853, 0.011590946465730667, 0.004606195725500584, 0.0016412462573498487, 0.0011735139414668083, 0.0011655593989416957, 0.000559889420401305, 0.00031601169030182064, 0.0001718268176773563, 0.0002035187353612855, 0.00018912917585112154, 0.00018391103367321193, 0.0005386808188632131, 0.0011374482419341803, 0.0005322979995980859, 0.000419974880060181, 0.00038031465373933315, 0.0005403271061368287, 0.00030246187816374004, 0.00043563812505453825, 0.0007415639702230692, 0.0001565688435221091, 0.0002264168724650517, 0.00021036929683759809, 0.00010290287173120305, 0.0004406765219755471, 0.0002965061576105654, 0.00018313406326342374, 0.0005126807373017073, 0.00010014806321123615, 0.00018894174718298018, 0.00010370456584496424, 6.515187124023214e-05, 4.9119917093776166e-05, 6.242471135919914e-05, 0.00010888255201280117, 3.428532727411948e-05, 5.04331364936661e-05, 5.664300624630414e-05, 5.682597839040682e-05, 4.326477210270241e-05, 5.464163041324355e-05, 3.4230120945721865e-05, 2.1798457964905538e-05, 2.094794763252139e-05, 4.656469536712393e-05, 3.917342473869212e-05, 1.6184374544536695e-05, 2.7780721211456694e-05, 2.1760717572760768e-05, 1.1154018466186244e-05, 1.7012294847518206e-05, 1.6840825992403552e-05, 1.756865458446555e-05, 2.3791732019162737e-05, 1.6213471099035814e-05, 1.8593987988424487e-05, 1.4122580068942625e-05, 9.82784968073247e-06, 7.485951755370479e-06, 9.304254490416497e-06, 9.799885447137058e-06, 1.9197663277736865e-05, 2.0257701180526055e-05, 1.573909685248509e-05, 7.832294613763224e-06, 7.224468390631955e-06, 6.508018032036489e-06, 6.103648047428578e-06, 6.757256869605044e-06, 5.379703907237854e-06, 5.2404966481844895e-06, 4.789582362718647e-06, 3.3504850307508605e-06, 3.215665401512524e-06, 4.14330315834377e-06, 4.238097062625457e-06, 3.7414215512399096e-06, 4.166477992839646e-06, 3.4739798593363957e-06, 4.0812769839249086e-06, 4.013822945125867e-06, 3.992839083366562e-06, 3.202142352165538e-06, 3.630378841990023e-06, 4.569996235659346e-06, 3.69765598406957e-06, 3.5729658520722296e-06, 4.639551661966834e-06, 5.537667675525881e-06, 6.157199550216319e-06, 4.635780896933284e-06, 5.2091590987402014e-06, 3.980861947638914e-06, 2.702461188164307e-06, 2.233869508927455e-06, 2.373402821831405e-06, 1.7018293192450074e-06, 1.3114467947161756e-06, 1.4503846159641398e-06, 1.1719622534656082e-06, 1.1119708460682887e-06, 9.859279543888988e-07, 8.474229389321408e-07, 7.29842895452748e-07, 5.865730372534017e-07, 4.399226725126937e-07, 4.234373705003236e-07, 4.2230098529216775e-07, 3.235217889141495e-07, 2.6107102257810766e-07, 1.364142576676386e-07, 3.10096552880168e-08, 9.63135682319205e-11, 1.0116860821307583e-10, 9.380946713877236e-11, 1.845420170842882e-11, 9.171744960734252e-12, 9.011634320710282e-12, 8.878429241798713e-12, 8.768942169612437e-12, 8.691974223706822e-12, 8.644213816966229e-12], "lowlevel.mfcc.mean": [-700.7518920898438, 119.45903778076172, 32.37881851196289, 22.131488800048828, 10.537483215332031, 1.2193790674209595, 8.694055557250977, 15.238232612609863, -9.220772743225098, 11.672409057617188, -3.523791551589966, -5.377259254455566, -1.4594897031784058], "lowlevel.spectral_contrast_coeffs.mean": [-0.6393364667892456, -0.7211230397224426, -0.7411001324653625, -0.7947871685028076, -0.7748860716819763, -0.7887703776359558], "lowlevel.spectral_contrast_coeffs.stdev": [0.09058737009763718, 0.09168407320976257, 0.08575528115034103, 0.06223472207784653, 0.06918264180421829, 0.04510434716939926], "lowlevel.spectral_contrast_valleys.mean": [-7.085445880889893, -7.581506252288818, -8.255523681640625, -8.652027130126953, -8.444758415222168, -10.565990447998047], "lowlevel.spectral_contrast_valleys.stdev": [1.1391849517822266, 0.7768669128417969, 0.8477214574813843, 0.9980523586273193, 1.1086373329162598, 1.0940167903900146], "rhythm.beats_loudness_band_ratio.mean": [0.9267981052398682, 0.015179898589849472, 0.019132517278194427, 0.01228550635278225, 0.011705650016665459, 0.018918190151453018], "rhythm.beats_loudness_band_ratio.stdev": [0.05059276521205902, 0.014343930408358574, 0.021009536460042, 0.018919149413704872, 0.01059243269264698, 0.013960725627839565], "tonal.hpcp.mean": [0.06417816877365112, 0.06033620983362198, 0.13065208494663239, 0.31050238013267517, 0.24126078188419342, 0.047890350222587585, 0.02242043986916542, 0.019850144162774086, 0.08299919962882996, 0.16119889914989471, 0.1008806973695755, 0.028789587318897247, 0.05693177506327629, 0.08601737767457962, 0.10618247091770172, 0.12623301148414612, 0.08691006898880005, 0.15885837376117706, 0.23101705312728882, 0.10362150520086288, 0.020380180329084396, 0.018885046243667603, 0.01839466020464897, 0.13636799156665802, 0.277222216129303, 0.17172732949256897, 0.04149790108203888, 0.03707601875066757, 0.029733579605817795, 0.07382956892251968, 0.11744081228971481, 0.07214023917913437, 0.027880143374204636, 0.01936449110507965, 0.018677569925785065, 0.04197107255458832], "tonal.hpcp.stdev": [0.20539498329162598, 0.18435631692409515, 0.21650603413581848, 0.3613991439342499, 0.3133164942264557, 0.1516522467136383, 0.11446274816989899, 0.10386582463979721, 0.17093537747859955, 0.28100767731666565, 0.19133058190345764, 0.12009241431951523, 0.19443891942501068, 0.24987031519412994, 0.22884047031402588, 0.25160133838653564, 0.18836985528469086, 0.27544906735420227, 0.39192304015159607, 0.2029419243335724, 0.08761133998632431, 0.08986523747444153, 0.0804944708943367, 0.21503989398479462, 0.38177064061164856, 0.2428351491689682, 0.14674143493175507, 0.15007734298706055, 0.11979126185178757, 0.1731753796339035, 0.2625865042209625, 0.1719169169664383, 0.11375590413808823, 0.10180787742137909, 0.09953349828720093, 0.16412951052188873], "rhythm.beats_position": [0.5572788715362549, 1.1029478311538696, 1.6486167907714844, 2.18267560005188, 2.7167346477508545, 3.250793695449829, 3.7848525047302246, 4.318911552429199, 4.852970600128174, 5.38702917098999, 5.921088218688965, 6.4551472663879395, 6.989206314086914, 7.53487491607666, 8.080544471740723, 8.614603042602539, 9.148661613464355, 9.682721138000488, 10.205169677734375, 10.750839233398438, 11.284897804260254, 11.81895637512207, 12.353015899658203, 12.88707447052002, 13.421133995056152, 13.955192565917969, 14.500861167907715, 15.046530723571777, 15.580589294433594, 16.114648818969727, 16.648706436157227, 17.18276596069336, 17.716825485229492, 18.250883102416992, 18.773332595825195, 19.319002151489258, 19.85306167602539, 20.38711929321289, 20.921178817749023, 21.455238342285156, 21.989295959472656, 22.53496551513672, 23.06902503967285, 23.61469268798828, 24.148752212524414, 24.682811737060547, 25.216869354248047, 25.75092887878418, 26.284988403320312, 26.819047927856445, 27.353105545043945, 27.887165069580078, 28.42122459411621, 28.95528221130371, 29.500951766967773, 30.046621322631836, 30.580678939819336, 31.11473846435547, 31.6487979888916, 32.182857513427734, 32.716915130615234, 33.250972747802734, 33.7850341796875, 34.319091796875, 34.8531494140625, 35.387210845947266, 35.921268463134766, 36.45532989501953, 36.98938751220703, 37.535057067871094, 38.069114685058594, 38.614784240722656, 39.148841857910156, 39.68290328979492], "rhythm.bpm_histogram": [0.0, 0.0, 0.0, 0.0, 0.0, 0.0, 0.0, 0.0, 0.0, 0.0, 0.0, 0.0, 0.0, 0.0, 0.0, 0.0, 0.0, 0.0, 0.0, 0.0, 0.0, 0.0, 0.0, 0.0, 0.0, 0.0, 0.0, 0.0, 0.0, 0.0, 0.0, 0.0, 0.0, 0.0, 0.0, 0.0, 0.0, 0.0, 0.0, 0.0, 0.0, 0.0, 0.0, 0.0, 0.0, 0.0, 0.0, 0.0, 0.0, 0.0, 0.0, 0.0, 0.0, 0.0, 0.0, 0.0, 0.0, 0.0, 0.0, 0.0, 0.0, 0.0, 0.0, 0.0, 0.0, 0.0, 0.0, 0.0, 0.0, 0.0, 0.0, 0.0, 0.0, 0.0, 0.0, 0.0, 0.0, 0.0, 0.0, 0.0, 0.0, 0.0, 0.0, 0.0, 0.0, 0.0, 0.0, 0.0, 0.0, 0.0, 0.0, 0.0, 0.0, 0.0, 0.0, 0.0, 0.0, 0.0, 0.0, 0.0, 0.0, 0.0, 0.0, 0.0, 0.0, 0.0, 0.0, 0.0, 0.0, 0.0, 0.19178082048892975, 0.0, 0.7808219194412231, 0.0, 0.0, 0.027397260069847107, 0.0, 0.0, 0.0, 0.0, 0.0, 0.0, 0.0, 0.0, 0.0, 0.0, 0.0, 0.0, 0.0, 0.0, 0.0, 0.0, 0.0, 0.0, 0.0, 0.0, 0.0, 0.0, 0.0, 0.0, 0.0, 0.0, 0.0, 0.0, 0.0, 0.0, 0.0, 0.0, 0.0, 0.0, 0.0, 0.0, 0.0, 0.0, 0.0, 0.0, 0.0, 0.0, 0.0, 0.0, 0.0, 0.0, 0.0, 0.0, 0.0, 0.0, 0.0, 0.0, 0.0, 0.0, 0.0, 0.0, 0.0, 0.0, 0.0, 0.0, 0.0, 0.0, 0.0, 0.0, 0.0, 0.0, 0.0, 0.0, 0.0, 0.0, 0.0, 0.0, 0.0, 0.0, 0.0, 0.0, 0.0, 0.0, 0.0, 0.0, 0.0, 0.0, 0.0, 0.0, 0.0, 0.0, 0.0, 0.0, 0.0, 0.0, 0.0, 0.0, 0.0, 0.0, 0.0, 0.0, 0.0, 0.0, 0.0, 0.0, 0.0, 0.0, 0.0, 0.0, 0.0, 0.0, 0.0, 0.0, 0.0, 0.0, 0.0, 0.0, 0.0, 0.0, 0.0, 0.0, 0.0, 0.0, 0.0, 0.0, 0.0, 0.0, 0.0, 0.0, 0.0, 0.0, 0.0, 0.0, 0.0, 0.0, 0.0, 0.0, 0.0, 0.0], "tonal.chords_histogram": [14.733179092407227, 3.596287727355957, 59.28074264526367, 0.3480278551578522, 7.076566219329834, 0.0, 0.0, 0.0, 0.0, 0.5800464153289795, 0.0, 0.0, 0.0, 0.0, 0.0, 0.0, 0.0, 0.23201856017112732, 0.0, 2.668213367462158, 0.0, 9.744779586791992, 0.0, 1.7401392459869385], "tonal.thpcp": [1.0, 0.7770013809204102, 0.15423505008220673, 0.07220698148012161, 0.06392911821603775, 0.2673061490058899, 0.5191551446914673, 0.32489508390426636, 0.09271937608718872, 0.1833537518978119, 0.2770264744758606, 0.34196990728378296, 0.40654441714286804, 0.2799014449119568, 0.5116172432899475, 0.7440105676651001, 0.3337220847606659, 0.06563615053892136, 0.060820937156677246, 0.059241607785224915, 0.4391850233078003, 0.8928183317184448, 0.5530628561973572, 0.1336476057767868, 0.1194065511226654, 0.09575958549976349, 0.2377745658159256, 0.3782283663749695, 0.2323339283466339, 0.08979043364524841, 0.062365032732486725, 0.06015274301171303, 0.13517150282859802, 0.20669138431549072, 0.194318026304245, 0.4207764267921448], "lowlevel.gfcc.cov": [[6004.458984375, -1096.0450439453125, -155.9216766357422, 864.2686767578125, 251.52757263183594, 166.8851776123047, 95.47459411621094, 222.90969848632812, 30.166723251342773, 365.29833984375, -232.5032958984375, -15.2071533203125, -441.9638977050781], [-1096.0450439453125, 1803.722412109375, -90.3729248046875, -252.9827423095703, 399.1296081542969, -13.782088279724121, 262.5205993652344, 26.56820297241211, 148.82057189941406, -196.78184509277344, 256.4239807128906, -184.68470764160156, 102.97099304199219], [-155.9216766357422, -90.3729248046875, 1832.8787841796875, 648.3458251953125, 400.6093444824219, 459.7862854003906, 247.40354919433594, 38.36345672607422, 92.9382095336914, 335.4060974121094, -262.9906921386719, 108.12982177734375, 33.50343704223633], [864.2686767578125, -252.9827423095703, 648.3458251953125, 919.5401000976562, 460.4709167480469, 88.41648864746094, 46.38916015625, 33.981388092041016, 140.07940673828125, 213.70428466796875, -161.76527404785156, 26.341304779052734, 52.462310791015625], [251.52757263183594, 399.1296081542969, 400.6093444824219, 460.4709167480469, 793.0244140625, 218.4114532470703, 192.17788696289062, 43.96062088012695, 125.74341583251953, 123.83944702148438, -120.37342071533203, -33.492698669433594, 63.48681640625], [166.8851776123047, -13.782088279724121, 459.7862854003906, 88.41648864746094, 218.4114532470703, 493.1367492675781, 280.57159423828125, 35.839141845703125, 32.74897766113281, 148.49465942382812, -66.0328598022461, -15.627463340759277, -43.165122985839844], [95.47459411621094, 262.5205993652344, 247.40354919433594, 46.38916015625, 192.17788696289062, 280.57159423828125, 474.8446960449219, 113.53474426269531, 20.659652709960938, 62.58382034301758, 20.013107299804688, -14.705209732055664, -46.14656448364258], [222.90969848632812, 26.56820297241211, 38.36345672607422, 33.981388092041016, 43.96062088012695, 35.839141845703125, 113.53474426269531, 194.14907836914062, 56.855224609375, 15.882708549499512, 43.839439392089844, -8.621922492980957, -35.48910140991211], [30.166723251342773, 148.82057189941406, 92.9382095336914, 140.07940673828125, 125.74341583251953, 32.74897766113281, 20.659652709960938, 56.855224609375, 175.3568572998047, 63.91566467285156, 25.966264724731445, -19.995136260986328, 26.211654663085938], [365.29833984375, -196.78184509277344, 335.4060974121094, 213.70428466796875, 123.83944702148438, 148.49465942382812, 62.58382034301758, 15.882708549499512, 63.91566467285156, 244.5050811767578, -71.26607513427734, 22.896512985229492, -29.367544174194336], [-232.5032958984375, 256.4239807128906, -262.9906921386719, -161.76527404785156, -120.37342071533203, -66.0328598022461, 20.013107299804688, 43.839439392089844, 25.966264724731445, -71.26607513427734, 249.69979858398438, -14.908744812011719, -16.383607864379883], [-15.2071533203125, -184.68470764160156, 108.12982177734375, 26.341304779052734, -33.492698669433594, -15.627463340759277, -14.705209732055664, -8.621922492980957, -19.995136260986328, 22.896512985229492, -14.908744812011719, 164.04971313476562, 40.730037689208984], [-441.9638977050781, 102.97099304199219, 33.50343704223633, 52.462310791015625, 63.48681640625, -43.165122985839844, -46.14656448364258, -35.48910140991211, 26.211654663085938, -29.367544174194336, -16.383607864379883, 40.730037689208984, 174.1736297607422]], "lowlevel.gfcc.icov": [[0.0003662151575554162, -0.00010693299554986879, 0.0003839531564153731, -0.000613349606283009, 0.00015073333634063601, -0.0002823658287525177, 0.00014953671779949218, -0.0004288273921702057, 0.0002455800131428987, -0.00032326302607543766, 0.00044266891200095415, -0.0003712603938765824, 0.0009676912450231612], [-0.00010693299554986879, 0.0021970325615257025, -0.0009168694377876818, 0.001690303673967719, -0.0018368462333455682, 0.0015453912783414125, -0.0014719865284860134, 0.001483326661400497, -0.0017835506005212665, 0.0014695628779008985, -0.0021854217629879713, 0.0021756403148174286, -0.0011363632511347532], [0.0003839531564153731, -0.0009168694377876818, 0.0018108879448845983, -0.0017504813149571419, 0.0009739522356539965, -0.0016018155729398131, 0.0005720031331293285, -0.0010521735530346632, 0.0008764452650211751, -0.0012880583526566625, 0.001769122201949358, -0.0016909493133425713, 0.0010931858560070395], [-0.000613349606283009, 0.001690303673967719, -0.0017504813149571419, 0.004385863430798054, -0.002490282291546464, 0.0023897860664874315, -0.0011476771906018257, 0.0015403133584186435, -0.002286268165335059, 0.0004880010965280235, -0.0017040802631527185, 0.0020482251420617104, -0.002243178430944681], [0.00015073333634063601, -0.0018368462333455682, 0.0009739522356539965, -0.002490282291546464, 0.003918597009032965, -0.001945017953403294, 0.0005625068442896008, -0.0012393146753311157, 0.0006862105219624937, -0.0010021636262536049, 0.0025698996614664793, -0.0013118102215230465, 0.00029356745653785765], [-0.0002823658287525177, 0.0015453912783414125, -0.0016018155729398131, 0.0023897860664874315, -0.001945017953403294, 0.005755136720836163, -0.003111140104010701, 0.001948185614310205, -0.0015420150011777878, -0.000375891278963536, -0.0013609726447612047, 0.002307967748492956, -0.0008329604752361774], [0.00014953671779949218, -0.0014719865284860134, 0.0005720031331293285, -0.0011476771906018257, 0.0005625068442896008, -0.003111140104010701, 0.005078485701233149, -0.0029766836669296026, 0.0022282612044364214, -0.0008081755950115621, 0.0005960440612398088, -0.0015786128351464868, 0.001201901468448341], [-0.0004288273921702057, 0.001483326661400497, -0.0010521735530346632, 0.0015403133584186435, -0.0012393146753311157, 0.001948185614310205, -0.0029766836669296026, 0.00866184663027525, -0.0039683193899691105, 0.001810443471185863, -0.0023898170329630375, 0.0012250711442902684, 7.53381391405128e-05], [0.0002455800131428987, -0.0017835506005212665, 0.0008764452650211751, -0.002286268165335059, 0.0006862105219624937, -0.0015420150011777878, 0.0022282612044364214, -0.0039683193899691105, 0.010902229696512222, -0.00377482152543962, -0.0003377905231900513, -0.00015666850958950818, -0.0009251540759578347], [-0.00032326302607543766, 0.0014695628779008985, -0.0012880583526566625, 0.0004880010965280235, -0.0010021636262536049, -0.000375891278963536, -0.0008081755950115621, 0.001810443471185863, -0.00377482152543962, 0.00876458827406168, -0.0007280443096533418, 0.0002391325106145814, 0.0007600802928209305], [0.00044266891200095415, -0.0021854217629879713, 0.001769122201949358, -0.0017040802631527185, 0.0025698996614664793, -0.0013609726447612047, 0.0005960440612398088, -0.0023898170329630375, -0.0003377905231900513, -0.0007280443096533418, 0.008489412255585194, -0.002741086296737194, 0.0023528453893959522], [-0.0003712603938765824, 0.0021756403148174286, -0.0016909493133425713, 0.0020482251420617104, -0.0013118102215230465, 0.002307967748492956, -0.0015786128351464868, 0.0012250711442902684, -0.00015666850958950818, 0.0002391325106145814, -0.002741086296737194, 0.009899305179715157, -0.004147336818277836], [0.0009676912450231612, -0.0011363632511347532, 0.0010931858560070395, -0.002243178430944681, 0.00029356745653785765, -0.0008329604752361774, 0.001201901468448341, 7.53381391405128e-05, -0.0009251540759578347, 0.0007600802928209305, 0.0023528453893959522, -0.004147336818277836, 0.010813000611960888]], "lowlevel.mfcc.cov": [[6405.80712890625, -1380.655029296875, -602.1892700195312, 528.5133056640625, 66.41121673583984, 162.00149536132812, 18.6428279876709, -4.35655403137207, 42.407047271728516, 153.54144287109375, 276.9517517089844, 221.26763916015625, 42.01518630981445], [-1380.655029296875, 1801.1055908203125, -218.38270568847656, -199.4293212890625, 75.20067596435547, -56.3386116027832, 209.3762664794922, 174.0586700439453, -35.15143585205078, 90.03813934326172, 63.25448226928711, -12.106512069702148, -10.361144065856934], [-602.1892700195312, -218.38270568847656, 1335.90576171875, 264.4560852050781, 103.2176284790039, 422.14874267578125, 135.9312744140625, -31.643692016601562, 306.4734191894531, 12.814495086669922, 105.26300811767578, 96.29951477050781, 22.283601760864258], [528.5133056640625, -199.4293212890625, 264.4560852050781, 869.9302978515625, 399.4640808105469, 272.22735595703125, 20.709875106811523, -28.47911262512207, 316.3753967285156, 7.901175022125244, 10.103653907775879, 97.44617462158203, 81.7987060546875], [66.41121673583984, 75.20067596435547, 103.2176284790039, 399.4640808105469, 554.1871337890625, 212.5692138671875, -3.6895759105682373, -40.04869079589844, 213.506103515625, 44.67388916015625, -12.768928527832031, 44.41588592529297, 39.297306060791016], [162.00149536132812, -56.3386116027832, 422.14874267578125, 272.22735595703125, 212.5692138671875, 646.2791137695312, 222.44400024414062, -28.81275177001953, 379.23809814453125, 0.5655421614646912, 162.23233032226562, 80.37354278564453, -26.359487533569336], [18.6428279876709, 209.3762664794922, 135.9312744140625, 20.709875106811523, -3.6895759105682373, 222.44400024414062, 360.17938232421875, 132.0460205078125, 133.27081298828125, 66.40614318847656, 149.9313201904297, 48.04261779785156, -18.636577606201172], [-4.35655403137207, 174.0586700439453, -31.643692016601562, -28.47911262512207, -40.04869079589844, -28.81275177001953, 132.0460205078125, 231.8173828125, 2.09197998046875, 35.16868209838867, 55.488441467285156, 19.08295440673828, 30.79738998413086], [42.407047271728516, -35.15143585205078, 306.4734191894531, 316.3753967285156, 213.506103515625, 379.23809814453125, 133.27081298828125, 2.09197998046875, 435.0279235839844, 16.40802764892578, 74.22589111328125, 48.715816497802734, -6.74663782119751], [153.54144287109375, 90.03813934326172, 12.814495086669922, 7.901175022125244, 44.67388916015625, 0.5655421614646912, 66.40614318847656, 35.16868209838867, 16.40802764892578, 226.26779174804688, 102.97108459472656, 19.303668975830078, -7.783938884735107], [276.9517517089844, 63.25448226928711, 105.26300811767578, 10.103653907775879, -12.768928527832031, 162.23233032226562, 149.9313201904297, 55.488441467285156, 74.22589111328125, 102.97108459472656, 231.5609893798828, 73.1170883178711, -17.759910583496094], [221.26763916015625, -12.106512069702148, 96.29951477050781, 97.44617462158203, 44.41588592529297, 80.37354278564453, 48.04261779785156, 19.08295440673828, 48.715816497802734, 19.303668975830078, 73.1170883178711, 126.84043884277344, 43.56772994995117], [42.01518630981445, -10.361144065856934, 22.283601760864258, 81.7987060546875, 39.297306060791016, -26.359487533569336, -18.636577606201172, 30.79738998413086, -6.74663782119751, -7.783938884735107, -17.759910583496094, 43.56772994995117, 110.72565460205078]], "lowlevel.mfcc.icov": [[0.000271878729108721, 0.0002372442395426333, 0.00024363136617466807, -0.00017651823873165995, 3.435254257055931e-05, -9.491008677287027e-05, -7.622334123880137e-06, -5.988466364215128e-05, 0.00010686345922295004, -0.0001358067966066301, -0.0002712529676500708, -0.0003266267594881356, 6.296981155173853e-05], [0.0002372442395426333, 0.0009019371937029064, 0.0002891241165343672, 0.000101261684903875, -0.0003515706630423665, 9.832660725805908e-05, -0.00046010888763703406, -0.0003104636271018535, 7.795827696099877e-05, -0.00015088489453773946, -0.00026803428772836924, -0.00021429226035252213, 5.394514664658345e-05], [0.00024363136617466807, 0.0002891241165343672, 0.001230503199622035, -0.00021326671412680298, 0.00025671080220490694, -0.0005992734804749489, -4.3485259084263816e-05, 7.511673175031319e-05, -0.000208906814805232, -0.0002816988853737712, -0.00010951745935017243, -0.0006081238389015198, -0.00022828181681688875], [-0.00017651823873165995, 0.000101261684903875, -0.00021326671412680298, 0.0024171832483261824, -0.0012027263874188066, 0.00022266256564762443, 5.815563326905249e-06, 9.031213267007843e-05, -0.0012080023298040032, 0.00018008732877206057, 0.00031669120653532445, -0.0005086780292913318, -0.0010205954313278198], [3.435254257055931e-05, -0.0003515706630423665, 0.00025671080220490694, -0.0012027263874188066, 0.003471896518021822, -0.0011316601885482669, 0.0007506374386139214, 0.00016817291907500476, -0.0004121402744203806, -0.0013080199714750051, 0.001263006473891437, -0.0004115893680136651, -0.0003836538817267865], [-9.491008677287027e-05, 9.832660725805908e-05, -0.0005992734804749489, 0.00022266256564762443, -0.0011316601885482669, 0.005338594783097506, -0.0020589567720890045, 0.0017863932298496366, -0.002851517405360937, 0.0019365104380995035, -0.002501917537301779, 0.00010592150647426024, 0.0003498692240100354], [-7.622334123880137e-06, -0.00046010888763703406, -4.3485259084263816e-05, 5.815563326905249e-06, 0.0007506374386139214, -0.0020589567720890045, 0.006223967298865318, -0.0030699456110596657, -0.00020562093413900584, -0.0007375113200396299, -0.001051112194545567, -0.0004158355586696416, 0.0010398344602435827], [-5.988466364215128e-05, -0.0003104636271018535, 7.511673175031319e-05, 9.031213267007843e-05, 0.00016817291907500476, 0.0017863932298496366, -0.0030699456110596657, 0.00710115535184741, -0.0008069447358138859, 0.0003526868240442127, -0.001168044051155448, 0.0007109971484169364, -0.0027058988343924284], [0.00010686345922295004, 7.795827696099877e-05, -0.000208906814805232, -0.0012080023298040032, -0.0004121402744203806, -0.002851517405360937, -0.00020562093413900584, -0.0008069447358138859, 0.005985093303024769, -0.00046884489711374044, 0.0006099543534219265, 0.0001617027446627617, 0.000924399821087718], [-0.0001358067966066301, -0.00015088489453773946, -0.0002816988853737712, 0.00018008732877206057, -0.0013080199714750051, 0.0019365104380995035, -0.0007375113200396299, 0.0003526868240442127, -0.00046884489711374044, 0.006712121423333883, -0.003911027684807777, 0.001160242478363216, 2.3522246920038015e-05], [-0.0002712529676500708, -0.00026803428772836924, -0.00010951745935017243, 0.00031669120653532445, 0.001263006473891437, -0.002501917537301779, -0.001051112194545567, -0.001168044051155448, 0.0006099543534219265, -0.003911027684807777, 0.010694293305277824, -0.0045708706602454185, 0.0022460988257080317], [-0.0003266267594881356, -0.00021429226035252213, -0.0006081238389015198, -0.0005086780292913318, -0.0004115893680136651, 0.00010592150647426024, -0.0004158355586696416, 0.0007109971484169364, 0.0001617027446627617, 0.001160242478363216, -0.0045708706602454185, 0.013709056191146374, -0.005530293565243483], [6.296981155173853e-05, 5.394514664658345e-05, -0.00022828181681688875, -0.0010205954313278198, -0.0003836538817267865, 0.0003498692240100354, 0.0010398344602435827, -0.0027058988343924284, 0.000924399821087718, 2.3522246920038015e-05, 0.0022460988257080317, -0.005530293565243483, 0.013553757220506668]], "metadata.audio_properties.analysis.downmix": "mix", "metadata.audio_properties.codec": "mp3", "metadata.audio_properties.md5_encoded": "3896be17ba5added01a1f047d812c5d8", "metadata.tags.file_name": "118227732019