{"song_id": "1182270251614863390", "download": "https://cdn.discordapp.com/attachments/1128313332273782784/1182270251614863390/chirp.mp4?ex=658415f9&amp", "lyrics": "[intro]\n[verse 1]\n\u042f \u043d\u0430\u0432\u0441\u0435\u0433\u0434\u0430 \u0437\u0430\u043f\u043e\u043c\u043d\u044e \u043d\u043e\u0447\u044c, \n\u041a\u043e\u0433\u0434\u0430 \u0432\u0441\u0451 \u044d\u0442\u043e \u043d\u0430\u0447\u0430\u043b\u043e\u0441\u044c \n\u041f\u043e\u0434 \u0443\u0442\u0440\u043e \u044f \u0441 \u0443\u043c\u0430 \u0441\u043e\u0448\u043b\u0430 \n\u0417\u0430\u0447\u0435\u043c \u0436\u0435 \u044f \u0442\u0435\u0431\u044f \u043d\u0430\u0448\u043b\u0430!?", "style": ["60s rock"], "essentia_features": {"lowlevel.average_loudness": 0.7566383481025696, "lowlevel.barkbands_crest.mean": 17.323400497436523, "lowlevel.barkbands_crest.stdev": 5.251325607299805, "lowlevel.barkbands_flatness_db.mean": 0.23720909655094147, "lowlevel.barkbands_flatness_db.stdev": 0.060926057398319244, "lowlevel.barkbands_kurtosis.mean": 28.716060638427734, "lowlevel.barkbands_kurtosis.stdev": 36.46602249145508, "lowlevel.barkbands_skewness.mean": 3.9247336387634277, "lowlevel.barkbands_skewness.stdev": 2.621943473815918, "lowlevel.barkbands_spread.mean": 11.067910194396973, "lowlevel.barkbands_spread.stdev": 13.46654224395752, "lowlevel.dissonance.mean": 0.4442656934261322, "lowlevel.dissonance.stdev": 0.03938756510615349, "lowlevel.dynamic_complexity": 5.546370983123779, "lowlevel.erbbands_crest.mean": 15.427569389343262, "lowlevel.erbbands_crest.stdev": 5.821831703186035, "lowlevel.erbbands_flatness_db.mean": 0.2156139463186264, "lowlevel.erbbands_flatness_db.stdev": 0.03840931877493858, "lowlevel.erbbands_kurtosis.mean": 2.908557653427124, "lowlevel.erbbands_kurtosis.stdev": 5.7644805908203125, "lowlevel.erbbands_skewness.mean": 1.1683871746063232, "lowlevel.erbbands_skewness.stdev": 1.448249340057373, "lowlevel.erbbands_spread.mean": 42.112056732177734, "lowlevel.erbbands_spread.stdev": 22.81627082824707, "lowlevel.hfc.mean": 10.780973434448242, "lowlevel.hfc.stdev": 18.18633270263672, "lowlevel.loudness_ebu128.integrated": -17.325366973876953, "lowlevel.loudness_ebu128.loudness_range": 9.190011024475098, "lowlevel.loudness_ebu128.momentary.mean": -19.758041381835938, "lowlevel.loudness_ebu128.momentary.stdev": 4.756360054016113, "lowlevel.loudness_ebu128.short_term.mean": -18.52143096923828, "lowlevel.loudness_ebu128.short_term.stdev": 3.4476122856140137, "lowlevel.melbands_crest.mean": 19.998310089111328, "lowlevel.melbands_crest.stdev": 5.036620140075684, "lowlevel.melbands_flatness_db.mean": 0.2987479567527771, "lowlevel.melbands_flatness_db.stdev": 0.08143726736307144, "lowlevel.melbands_kurtosis.mean": 67.15519714355469, "lowlevel.melbands_kurtosis.stdev": 65.63845825195312, "lowlevel.melbands_skewness.mean": 5.87175989151001, "lowlevel.melbands_skewness.stdev": 3.183900833129883, "lowlevel.melbands_spread.mean": 14.618549346923828, "lowlevel.melbands_spread.stdev": 31.703414916992188, "lowlevel.pitch_salience.mean": 0.4273315966129303, "lowlevel.pitch_salience.stdev": 0.14955538511276245, "lowlevel.silence_rate_20dB.mean": 1.0, "lowlevel.silence_rate_20dB.stdev": 0.0, "lowlevel.silence_rate_30dB.mean": 1.0, "lowlevel.silence_rate_30dB.stdev": 0.0, "lowlevel.silence_rate_60dB.mean": 0.30548304319381714, "lowlevel.silence_rate_60dB.stdev": 0.46061429381370544, "lowlevel.spectral_centroid.mean": 798.3779296875, "lowlevel.spectral_centroid.stdev": 820.504150390625, "lowlevel.spectral_complexity.mean": 5.989556312561035, "lowlevel.spectral_complexity.stdev": 5.448380470275879, "lowlevel.spectral_decrease.mean": -3.985276553208905e-09, "lowlevel.spectral_decrease.stdev": 4.777356732432736e-09, "lowlevel.spectral_energy.mean": 0.016019221395254135, "lowlevel.spectral_energy.stdev": 0.019007518887519836, "lowlevel.spectral_energyband_high.mean": 0.0005149546777829528, "lowlevel.spectral_energyband_high.stdev": 0.0018645026721060276, "lowlevel.spectral_energyband_low.mean": 0.0003681846719700843, "lowlevel.spectral_energyband_low.stdev": 0.0008373628952540457, "lowlevel.spectral_energyband_middle_high.mean": 0.00229279650375247, "lowlevel.spectral_energyband_middle_high.stdev": 0.005300729535520077, "lowlevel.spectral_energyband_middle_low.mean": 0.012922863475978374, "lowlevel.spectral_energyband_middle_low.stdev": 0.01592283509671688, "lowlevel.spectral_entropy.mean": 6.816064834594727, "lowlevel.spectral_entropy.stdev": 0.6252498030662537, "lowlevel.spectral_flux.mean": 0.04514610767364502, "lowlevel.spectral_flux.stdev": 0.042722396552562714, "lowlevel.spectral_kurtosis.mean": 4.409343242645264, "lowlevel.spectral_kurtosis.stdev": 3.416768789291382, "lowlevel.spectral_rms.mean": 0.003317235503345728, "lowlevel.spectral_rms.stdev": 0.002150458749383688, "lowlevel.spectral_rolloff.mean": 888.9507446289062, "lowlevel.spectral_rolloff.stdev": 1636.87939453125, "lowlevel.spectral_skewness.mean": 1.4264202117919922, "lowlevel.spectral_skewness.stdev": 0.610329806804657, "lowlevel.spectral_spread.mean": 4104747.75, "lowlevel.spectral_spread.stdev": 1444452.875, "lowlevel.spectral_strongpeak.mean": 0.8306846022605896, "lowlevel.spectral_strongpeak.stdev": 0.9547204375267029, "lowlevel.zerocrossingrate.mean": 0.03877225145697594, "lowlevel.zerocrossingrate.stdev": 0.04596160724759102, "metadata.audio_properties.analysis.equal_loudness": 0.0, "metadata.audio_properties.analysis.length": 26.645328521728516, "metadata.audio_properties.analysis.sample_rate": 44100.0, "metadata.audio_properties.analysis.start_time": 0.0, "metadata.audio_properties.bit_rate": 121353.0, "metadata.audio_properties.length": 26.645334243774414, "metadata.audio_properties.lossless": 0.0, "metadata.audio_properties.number_channels": 1.0, "metadata.audio_properties.replay_gain": -11.90229606628418, "metadata.audio_properties.sample_rate": 48000.0, "rhythm.beats_count": 48.0, "rhythm.beats_loudness.mean": 0.018816379830241203, "rhythm.beats_loudness.stdev": 0.021461844444274902, "rhythm.bpm": 102.90106201171875, "rhythm.bpm_histogram_first_peak_bpm": 103.0, "rhythm.bpm_histogram_first_peak_weight": 0.4642857313156128, "rhythm.bpm_histogram_second_peak_bpm": 123.0, "rhythm.bpm_histogram_second_peak_spread": 0.444444477558136, "rhythm.bpm_histogram_second_peak_weight": 0.10638298094272614, "rhythm.danceability": 0.960446298122406, "rhythm.onset_rate": 4.649746894836426, "tonal.chords_changes_rate": 0.0260869562625885, "tonal.chords_number_rate": 0.005217391531914473, "tonal.chords_strength.mean": 0.5645415782928467, "tonal.chords_strength.stdev": 0.07276739180088043, "tonal.hpcp_crest.mean": 13.983909606933594, "tonal.hpcp_crest.stdev": 5.664843559265137, "tonal.hpcp_entropy.mean": 1.9394420385360718, "tonal.hpcp_entropy.stdev": 0.6646643280982971, "tonal.key_edma.strength": 0.5880739688873291, "tonal.key_krumhansl.strength": 0.5984256863594055, "tonal.key_temperley.strength": 0.5926560759544373, "tonal.tuning_diatonic_strength": 0.5489488244056702, "tonal.tuning_equal_tempered_deviation": 0.13482926785945892, "tonal.tuning_frequency": 438.47772216796875, "tonal.tuning_nontempered_energy_ratio": 0.7895118594169617, "lowlevel.barkbands.mean": [2.0076317923667375e-06, 0.0001339052978437394, 0.0001699721469776705, 0.0007379761664196849, 0.00901102926582098, 0.0006984212668612599, 0.000940128113143146, 0.00012562837218865752, 0.0013850103132426739, 0.00029026743141002953, 0.00033343027462251484, 0.0004929319838993251, 0.00041876957402564585, 0.00019102857913821936, 8.414303738391027e-05, 7.145240670070052e-05, 0.00010406239744042978, 0.00011436455679358914, 0.00015379220712929964, 6.788628525100648e-05, 6.984805077081546e-05, 0.00016170211893040687, 0.00017765683878678828, 6.94502959959209e-05, 9.571634109306615e-06, 4.077144694747403e-06, 7.14433042503515e-07], "lowlevel.barkbands.stdev": [4.784654720424442e-06, 0.0003359629772603512, 0.0003996747836936265, 0.001650704536587, 0.011419005692005157, 0.0014074052451178432, 0.003651533043012023, 0.0008880880777724087, 0.004117642994970083, 0.0011347780236974359, 0.0014513188507407904, 0.0021210666745901108, 0.0017094692448154092, 0.0009889374487102032, 0.00042487241444177926, 0.00045204165508039296, 0.0005232984549365938, 0.0003211172588635236, 0.0005765045061707497, 0.0001899545022752136, 0.00024720054352656007, 0.0006065568886697292, 0.0007667625905014575, 0.00032261922024190426, 4.0017239371081814e-05, 1.4652200661657844e-05, 3.1784456950845197e-06], "lowlevel.erbbands.mean": [0.0007644661818630993, 0.042292095720767975, 0.23406432569026947, 1.3441556692123413, 22.021377563476562, 32.53423309326172, 9.28364086151123, 3.3428404331207275, 9.496050834655762, 10.689942359924316, 6.968776226043701, 38.94343948364258, 9.558362007141113, 20.156173706054688, 9.910552978515625, 19.822071075439453, 19.44795036315918, 11.58809757232666, 7.01552677154541, 3.848280191421509, 3.5421416759490967, 6.2181854248046875, 6.567474842071533, 7.010570049285889, 7.247740268707275, 2.9445550441741943, 2.618008613586426, 3.11309814453125, 5.243006706237793, 7.076032638549805, 4.3731865882873535, 1.9374428987503052, 0.9518439769744873, 0.22097504138946533, 0.020341351628303528, 0.007066924124956131, 0.009675132110714912, 0.003006718819960952, 7.764658221276477e-05, 2.1037190890638158e-05], "lowlevel.erbbands.stdev": [0.001654580351896584, 0.10479423403739929, 0.5310801267623901, 2.482081413269043, 32.01316833496094, 50.64362335205078, 15.013142585754395, 7.952404499053955, 27.56564712524414, 56.4173698425293, 28.36121368408203, 118.52606201171875, 29.047048568725586, 74.19243621826172, 31.87312889099121, 92.22897338867188, 74.59955596923828, 43.931400299072266, 30.58722496032715, 18.186948776245117, 18.805891036987305, 30.853126525878906, 18.233341217041016, 25.39635467529297, 25.964675903320312, 8.844545364379883, 9.42756462097168, 11.535550117492676, 20.5069637298584, 26.979196548461914, 19.37407112121582, 9.129032135009766, 4.461009979248047, 0.9236024618148804, 0.083722785115242, 0.03090098686516285, 0.03468339145183563, 0.011278966441750526, 0.0002660741447471082, 2.4950941224233247e-05], "lowlevel.gfcc.mean": [-125.08815002441406, 94.19212341308594, -112.50381469726562, 48.13642120361328, -54.26981735229492, -7.132155418395996, -46.766971588134766, -31.358488082885742, -43.597015380859375, -24.337553024291992, -15.656778335571289, -4.35233211517334, -16.040952682495117], "lowlevel.melbands.mean": [2.0091385522391647e-05, 9.285325359087437e-05, 0.0007794673438183963, 0.002239260356873274, 0.0004493720771279186, 9.044697071658447e-05, 0.00016890894039534032, 9.303422120865434e-05, 7.192198245320469e-05, 0.0002456268121022731, 3.714091144502163e-05, 7.9231227573473e-05, 3.26117587974295e-05, 6.180242053233087e-05, 2.523374314478133e-05, 5.189321382204071e-05, 1.807751141313929e-05, 1.2919555047119502e-05, 6.5589633777562995e-06, 5.6941507864394225e-06, 3.5722523534786887e-06, 5.638211860059528e-06, 7.615122285642428e-06, 4.565918970911298e-06, 5.7637676036392804e-06, 6.032488727214513e-06, 3.855703653243836e-06, 1.4406343780137831e-06, 1.5295744333343464e-06, 1.6785058960522292e-06, 1.8496118627808755e-06, 2.7583087103266735e-06, 3.5196253520553e-06, 4.1806692934187595e-06, 2.685612571440288e-06, 1.62888727572863e-06, 1.0228980045212666e-06, 7.774990535835968e-07, 3.4980067198375764e-07, 1.1941754962663254e-07], "lowlevel.melbands.stdev": [4.951628216076642e-05, 0.0002193673572037369, 0.0012747955042868853, 0.00292494660243392, 0.0006948420777916908, 0.00021480722352862358, 0.0005366379045881331, 0.000496934459079057, 0.00027801995747722685, 0.0007705265306867659, 0.00012806877202820033, 0.00028818065766245127, 0.00011021630780305713, 0.0002756038447842002, 9.514762496110052e-05, 0.0002268741955049336, 8.420408266829327e-05, 6.337519880617037e-05, 3.5747838410316035e-05, 3.9436134102288634e-05, 1.7141583157354034e-05, 2.8829344955738634e-05, 2.713883441174403e-05, 1.2644677553907968e-05, 2.206829230999574e-05, 2.2807309505878948e-05, 1.1879814337589778e-05, 4.827895736525534e-06, 5.655329459841596e-06, 5.982702987239463e-06, 7.298809123312822e-06, 1.118776071962202e-05, 1.2914366379845887e-05, 1.6943677110248245e-05, 1.1857486242661253e-05, 8.159218850778416e-06, 4.9549212235433515e-06, 3.744536570593482e-06, 1.544421706967114e-06, 4.972064857611258e-07], "lowlevel.melbands128.mean": [7.822844736438128e-07, 8.316591788570804e-07, 8.859936315275263e-06, 9.097752626985312e-05, 0.00013151562598068267, 6.412351649487391e-05, 5.583170786849223e-05, 0.0005455710925161839, 0.002478310838341713, 0.0030058894772082567, 0.0018848959589377046, 0.0003278735384810716, 0.0003019038413185626, 0.00019014131976291537, 2.6230794901493937e-05, 7.092484884196892e-05, 0.00010614522034302354, 0.0001684223534539342, 0.0003004244063049555, 9.847894398262724e-05, 4.899867690255633e-06, 1.5446508768945932e-05, 6.328085146378726e-05, 0.0001269869680982083, 0.0003299321106169373, 0.00031289257458411157, 1.8209397239843383e-05, 1.3985017176310066e-05, 2.797495289996732e-05, 5.983765368000604e-05, 0.0001289847568841651, 6.404331361409277e-05, 8.28518568596337e-06, 1.2775972209055908e-05, 6.137317541288212e-05, 9.014484385261312e-05, 5.057937232777476e-05, 6.622097771469271e-06, 1.5015516510175075e-05, 5.777130354545079e-05, 7.708733028266579e-05, 1.2290950508031528e-05, 9.596813470125198e-06, 2.7939810024690814e-05, 2.2460810214397497e-05, 4.5448409764503594e-06, 9.38696030061692e-06, 9.727993528940715e-06, 3.404873496037908e-06, 2.071406925097108e-06, 9.252348718291614e-06, 5.795344350190135e-06, 1.8247724256070796e-06, 4.204199740343029e-06, 3.4141203286708333e-06, 3.5003588436666178e-06, 1.1200709195691161e-05, 6.268952347454615e-06, 8.170177352440078e-06, 6.5793465182650834e-06, 2.5053573153854813e-06, 5.073619831819087e-06, 4.863097274210304e-06, 6.913308880029945e-06, 5.598340521828504e-06, 6.301706434896914e-06, 6.256764663703507e-06, 4.440516931936145e-06, 3.7748570775875123e-06, 2.1839464352524374e-06, 1.1991354540441534e-06, 1.164754849014571e-06, 1.3566682355303783e-06, 1.6865742509253323e-06, 1.5675486793043092e-06, 1.8397361145616742e-06, 1.6292989357680199e-06, 1.4810124184805318e-06, 1.8511476582716568e-06, 2.1853643374925014e-06, 2.5687988909339765e-06, 2.976597670567571e-06, 3.3419903502363013e-06, 3.3814906146290014e-06, 3.885644218826201e-06, 4.319917024986353e-06, 4.680655820266111e-06, 3.102053369730129e-06, 2.5597764761187136e-06, 2.3409861569234636e-06, 2.060885663013323e-06, 1.3018973277212353e-06, 1.1441113656474045e-06, 1.0235256695523276e-06, 9.124626103584887e-07, 1.0066530649055494e-06, 7.213405410766427e-07, 5.245836405265436e-07, 3.5551175869841245e-07, 2.629381299357192e-07, 2.1053199361631414e-07, 8.34494855439516e-08, 2.6775923700483872e-08, 1.876219180019234e-08, 1.3253787400913097e-08, 1.0673141481731818e-08, 1.0534243699567014e-08, 9.241068354981508e-09, 8.391089600934265e-09, 1.1521897214095134e-08, 1.5087163518501256e-08, 2.7065910401802284e-08, 3.875306475720208e-08, 3.941969239917853e-08, 3.102633527873877e-08, 3.932927228333938e-08, 2.7957737458450538e-08, 3.838990014770616e-09, 5.2345150783339456e-12, 2.093213623266532e-12, 2.0326136607184964e-12, 1.9899366442838184e-12, 1.955562664926469e-12, 1.9168364812083283e-12, 1.8631983976502564e-12, 1.7835770837679177e-12, 1.7393165900603247e-12, 1.7255335615223855e-12], "lowlevel.melbands128.stdev": [1.6663609585521044e-06, 1.5221838793877396e-06, 2.229921483376529e-05, 0.00022995554900262505, 0.0003319550887681544, 0.00014846953854430467, 0.0002605349291115999, 0.001204577973112464, 0.004231859464198351, 0.004392013885080814, 0.003590232692658901, 0.0006209896528162062, 0.0006344805588014424, 0.0004623214481398463, 8.504978177370504e-05, 0.0003790646733250469, 0.0004614184144884348, 0.0005420793895609677, 0.0014268113300204277, 0.0006971066468395293, 3.863732490572147e-05, 0.00010206203296547756, 0.0004599914245773107, 0.00047014214214868844, 0.0010620602406561375, 0.0012234095484018326, 7.830523099983111e-05, 0.00012527349463198334, 0.00020258261065464467, 0.0002707526145968586, 0.0005686816875822842, 0.0003075009735766798, 4.768896906170994e-05, 6.632322038058192e-05, 0.00032806542003527284, 0.0005375785985961556, 0.00029048576834611595, 3.063626718358137e-05, 9.040274744620547e-05, 0.0002419021911919117, 0.00040403101593255997, 8.701851038495079e-05, 6.508421211037785e-05, 0.00017239742737729102, 0.00015658594202250242, 3.368208490428515e-05, 5.690104080713354e-05, 6.779742398066446e-05, 1.8538712538429536e-05, 9.188318472297397e-06, 7.316113624256104e-05, 5.1502924179658294e-05, 6.150345143396407e-06, 2.1266936528263614e-05, 1.526040432509035e-05, 1.6948155462159775e-05, 8.512729982612655e-05, 2.7849237085320055e-05, 3.15983961627353e-05, 2.1227115212241188e-05, 8.016074389161076e-06, 2.03663748834515e-05, 2.3339393010246567e-05, 2.7251655410509557e-05, 2.4119121007970534e-05, 2.482962554495316e-05, 2.7616573788691312e-05, 1.658778819546569e-05, 1.001786677079508e-05, 7.159737833717372e-06, 4.440764314495027e-06, 4.349963091954123e-06, 5.7350935094291344e-06, 6.436484000005294e-06, 6.50887022857205e-06, 6.893653335282579e-06, 6.031353677826701e-06, 5.414514816948213e-06, 7.65328968554968e-06, 1.035171044350136e-05, 1.0847753401321825e-05, 1.3595602467830759e-05, 1.4779816410737112e-05, 1.2448753295757342e-05, 1.4819021089351736e-05, 1.747042369970586e-05, 2.105781459249556e-05, 1.3595371456176508e-05, 1.1625522347458173e-05, 1.1267984518781304e-05, 1.2327566764724907e-05, 6.431553629226983e-06, 5.634013177768793e-06, 5.240072823653463e-06, 4.4980265556660015e-06, 5.174515536054969e-06, 3.4114625577785773e-06, 2.6634993446350563e-06, 1.6699857496860204e-06, 1.15730063043884e-06, 9.349450920126401e-07, 3.869386375754402e-07, 1.3483597172125883e-07, 9.393426836368235e-08, 7.052815931274381e-08, 6.616600245479276e-08, 6.596912527356835e-08, 5.396945468305603e-08, 3.5130437225916467e-08, 7.089482778610545e-08, 7.516417355191152e-08, 1.1430721968963553e-07, 1.514618475084717e-07, 1.5645900930394419e-07, 1.237844458046311e-07, 1.629210260034597e-07, 1.244464726823935e-07, 2.139387333954801e-08, 7.54002485447991e-11, 4.576667170241855e-12, 4.462691934742358e-12, 4.364190866329443e-12, 4.2785163432979e-12, 4.203412791448091e-12, 4.1443823199649454e-12, 4.092822435131094e-12, 4.0569457515626794e-12, 4.034642845512915e-12], "lowlevel.mfcc.mean": [-767.6362915039062, 115.93765258789062, 2.4812917709350586, 44.03932189941406, 6.937384128570557, 15.605064392089844, -1.5827516317367554, -2.7307627201080322, -28.28765106201172, -19.3856258392334, -19.344743728637695, -15.765620231628418, -11.822482109069824], "lowlevel.spectral_contrast_coeffs.mean": [-0.5492598414421082, -0.7455987334251404, -0.7615277767181396, -0.8041524291038513, -0.792474091053009, -0.7298423051834106], "lowlevel.spectral_contrast_coeffs.stdev": [0.10904578864574432, 0.09933155030012131, 0.08372052758932114, 0.058522678911685944, 0.05109177157282829, 0.049834273755550385], "lowlevel.spectral_contrast_valleys.mean": [-8.008441925048828, -8.728933334350586, -9.087849617004395, -8.992609024047852, -8.678657531738281, -11.893179893493652], "lowlevel.spectral_contrast_valleys.stdev": [0.887575089931488, 1.2125922441482544, 1.1328892707824707, 0.9446160197257996, 1.0043038129806519, 1.3476531505584717], "rhythm.beats_loudness_band_ratio.mean": [0.36082923412323, 0.6125639081001282, 0.06802379339933395, 0.04834400489926338, 0.027284784242510796, 0.09598866105079651], "rhythm.beats_loudness_band_ratio.stdev": [0.2982531189918518, 0.23732176423072815, 0.12151144444942474, 0.0932428315281868, 0.04504019021987915, 0.21250878274440765], "tonal.hpcp.mean": [0.07865171879529953, 0.09202399849891663, 0.10746629536151886, 0.2615245282649994, 0.23122449219226837, 0.037365835160017014, 0.005814068019390106, 0.003776019439101219, 0.003518052399158478, 0.0053113834001123905, 0.004243156407028437, 0.005949947517365217, 0.008833152242004871, 0.01016184315085411, 0.045399971306324005, 0.1487465798854828, 0.12257549911737442, 0.03258497640490532, 0.09456850588321686, 0.08113964647054672, 0.01175150740891695, 0.018733743578195572, 0.020913299173116684, 0.03317108005285263, 0.059419628232717514, 0.03991080820560455, 0.012648742645978928, 0.01716470904648304, 0.03778849542140961, 0.25212010741233826, 0.5140528678894043, 0.33197450637817383, 0.07460852712392807, 0.05281909927725792, 0.04082593321800232, 0.04982500150799751], "tonal.hpcp.stdev": [0.2256866842508316, 0.2383379340171814, 0.2413775771856308, 0.36931201815605164, 0.3654375970363617, 0.10463578999042511, 0.045671116560697556, 0.027379892766475677, 0.012179314158856869, 0.01519432570785284, 0.010392722673714161, 0.024584339931607246, 0.03979884833097458, 0.045657072216272354, 0.10346899926662445, 0.2694050967693329, 0.23404063284397125, 0.09652654081583023, 0.2697851359844208, 0.2348405420780182, 0.04136801138520241, 0.06968341767787933, 0.08264952898025513, 0.11481458693742752, 0.18155649304389954, 0.1314815878868103, 0.06588882207870483, 0.08354704082012177, 0.11883489787578583, 0.27796298265457153, 0.4354252219200134, 0.3214855492115021, 0.1880372166633606, 0.17646735906600952, 0.1614488810300827, 0.17277644574642181], "rhythm.beats_position": [0.6037188172340393, 1.1842176914215088, 1.7647165060043335, 2.345215320587158, 2.9257142543792725, 3.494603157043457, 4.075101852416992, 4.6556010246276855, 5.24770975112915, 5.8282084465026855, 6.408707141876221, 7.012426376342773, 7.627755165100098, 8.243083953857422, 8.846802711486816, 9.346031188964844, 9.845260620117188, 10.332880020141602, 10.79727840423584, 11.261677742004395, 11.71446704864502, 12.155646324157715, 12.59682559967041, 13.02639389038086, 13.525623321533203, 14.024852752685547, 14.512471199035645, 15.000090599060059, 15.487709045410156, 15.97532844543457, 16.520998001098633, 17.078275680541992, 17.647165298461914, 18.227664947509766, 18.819772720336914, 19.411882400512695, 19.992380142211914, 20.572879791259766, 21.176597595214844, 21.780317306518555, 22.360815048217773, 22.941314697265625, 23.521814346313477, 24.102312088012695, 24.694421768188477, 25.286529541015625, 25.855419158935547, 26.42430877685547], "rhythm.bpm_histogram": [0.0, 0.0, 0.0, 0.0, 0.0, 0.0, 0.0, 0.0, 0.0, 0.0, 0.0, 0.0, 0.0, 0.0, 0.0, 0.0, 0.0, 0.0, 0.0, 0.0, 0.0, 0.0, 0.0, 0.0, 0.0, 0.0, 0.0, 0.0, 0.0, 0.0, 0.0, 0.0, 0.0, 0.0, 0.0, 0.0, 0.0, 0.0, 0.0, 0.0, 0.0, 0.0, 0.0, 0.0, 0.0, 0.0, 0.0, 0.0, 0.0, 0.0, 0.0, 0.0, 0.0, 0.0, 0.0, 0.0, 0.0, 0.0, 0.0, 0.0, 0.0, 0.0, 0.0, 0.0, 0.0, 0.0, 0.0, 0.0, 0.0, 0.0, 0.0, 0.0, 0.0, 0.0, 0.0, 0.0, 0.0, 0.0, 0.0, 0.0, 0.0, 0.0, 0.0, 0.0, 0.0, 0.0, 0.0, 0.0, 0.0, 0.0, 0.0, 0.0, 0.0, 0.0, 0.0, 0.0, 0.0, 0.0, 0.042553190141916275, 0.08510638028383255, 0.0, 0.10638298094272614, 0.0, 0.3191489279270172, 0.0, 0.08510638028383255, 0.0, 0.0, 0.021276595070958138, 0.0, 0.021276595070958138, 0.0, 0.0, 0.0, 0.0, 0.0, 0.0, 0.0, 0.0, 0.0, 0.08510638028383255, 0.0, 0.0, 0.10638298094272614, 0.0, 0.0, 0.0, 0.0, 0.0, 0.042553190141916275, 0.0, 0.0, 0.0, 0.021276595070958138, 0.0, 0.0, 0.042553190141916275, 0.0, 0.0, 0.0, 0.021276595070958138, 0.0, 0.0, 0.0, 0.0, 0.0, 0.0, 0.0, 0.0, 0.0, 0.0, 0.0, 0.0, 0.0, 0.0, 0.0, 0.0, 0.0, 0.0, 0.0, 0.0, 0.0, 0.0, 0.0, 0.0, 0.0, 0.0, 0.0, 0.0, 0.0, 0.0, 0.0, 0.0, 0.0, 0.0, 0.0, 0.0, 0.0, 0.0, 0.0, 0.0, 0.0, 0.0, 0.0, 0.0, 0.0, 0.0, 0.0, 0.0, 0.0, 0.0, 0.0, 0.0, 0.0, 0.0, 0.0, 0.0, 0.0, 0.0, 0.0, 0.0, 0.0, 0.0, 0.0, 0.0, 0.0, 0.0, 0.0, 0.0, 0.0, 0.0, 0.0, 0.0, 0.0, 0.0, 0.0, 0.0, 0.0, 0.0, 0.0, 0.0, 0.0, 0.0, 0.0, 0.0, 0.0, 0.0, 0.0, 0.0, 0.0, 0.0, 0.0, 0.0, 0.0, 0.0, 0.0, 0.0, 0.0, 0.0, 0.0, 0.0, 0.0, 0.0, 0.0, 0.0, 0.0, 0.0, 0.0, 0.0, 0.0], "tonal.chords_histogram": [86.08695983886719, 9.565217018127441, 0.0, 0.0, 0.0, 0.0, 0.0, 0.0, 0.0, 0.0, 0.0, 0.0, 0.0, 0.0, 0.0, 0.0, 0.0, 0.0, 0.0, 0.0, 0.0, 0.0, 0.0, 4.34782600402832], "tonal.thpcp": [1.0, 0.64579838514328, 0.14513784646987915, 0.10275032371282578, 0.07941971719264984, 0.09692583233118057, 0.15300317108631134, 0.1790166050195694, 0.20905689895153046, 0.5087502598762512, 0.4498068392276764, 0.07268869876861572, 0.011310253292322159, 0.007345585618168116, 0.006843755953013897, 0.010332368314266205, 0.008254319429397583, 0.011574583128094673, 0.017183354124426842, 0.019768089056015015, 0.08831770718097687, 0.2893604636192322, 0.23844920098781586, 0.06338837742805481, 0.1839665025472641, 0.1578429937362671, 0.02286050282418728, 0.03644322231411934, 0.04068316891789436, 0.06452853977680206, 0.11559049785137177, 0.07763949781656265, 0.024605918675661087, 0.033390942960977554, 0.07351091504096985, 0.49045559763908386], "lowlevel.gfcc.cov": [[9263.34765625, -1109.25390625, -1075.8043212890625, -1390.669921875, -2288.07421875, 89.00129699707031, 123.50623321533203, 388.7361145019531, 354.88970947265625, -460.9996643066406, -150.70693969726562, -188.10455322265625, -554.990234375], [-1109.25390625, 1407.1549072265625, -5.0184831619262695, -79.38377380371094, 511.28839111328125, -180.63906860351562, 87.24919128417969, -99.70751190185547, -39.56938171386719, 20.041000366210938, 185.39730834960938, -6.961205959320068, 181.16456604003906], [-1075.8043212890625, -5.0184831619262695, 674.426025390625, 260.0353088378906, 273.7783203125, 43.03581237792969, -20.482757568359375, -41.84109878540039, -86.6617660522461, 56.3187141418457, -57.45179748535156, 29.493167877197266, -8.986368179321289], [-1390.669921875, -79.38377380371094, 260.0353088378906, 974.8432006835938, 616.0964965820312, 13.924769401550293, -50.35589599609375, -156.12982177734375, -27.006242752075195, 106.67288208007812, 82.27879333496094, 6.9476399421691895, 167.45751953125], [-2288.07421875, 511.28839111328125, 273.7783203125, 616.0964965820312, 1026.8302001953125, 2.12980580329895, -28.606142044067383, -191.05638122558594, -70.00830078125, 138.1506805419922, 43.47182083129883, 43.37820053100586, 180.8940887451172], [89.00129699707031, -180.63906860351562, 43.03581237792969, 13.924769401550293, 2.12980580329895, 251.47259521484375, 71.14720916748047, 11.978978157043457, 30.59308624267578, -3.3049962520599365, -66.4836654663086, -30.12993049621582, -45.39745330810547], [123.50623321533203, 87.24919128417969, -20.482757568359375, -50.35589599609375, -28.606142044067383, 71.14720916748047, 212.1930389404297, 25.318288803100586, -7.515901565551758, -42.44801330566406, 1.0027525424957275, 5.7460503578186035, -25.30838966369629], [388.7361145019531, -99.70751190185547, -41.84109878540039, -156.12982177734375, -191.05638122558594, 11.978978157043457, 25.318288803100586, 141.31570434570312, 39.97771072387695, -14.816673278808594, -24.478734970092773, -9.938398361206055, -52.7103385925293], [354.88970947265625, -39.56938171386719, -86.6617660522461, -27.006242752075195, -70.00830078125, 30.59308624267578, -7.515901565551758, 39.97771072387695, 125.3219985961914, 8.95681095123291, -3.588463068008423, -23.104995727539062, -27.949729919433594], [-460.9996643066406, 20.041000366210938, 56.3187141418457, 106.67288208007812, 138.1506805419922, -3.3049962520599365, -42.44801330566406, -14.816673278808594, 8.95681095123291, 129.080078125, 32.07597732543945, 17.648277282714844, 26.16630744934082], [-150.70693969726562, 185.39730834960938, -57.45179748535156, 82.27879333496094, 43.47182083129883, -66.4836654663086, 1.0027525424957275, -24.478734970092773, -3.588463068008423, 32.07597732543945, 138.15301513671875, 21.24222755432129, 50.9822998046875], [-188.10455322265625, -6.961205959320068, 29.493167877197266, 6.9476399421691895, 43.37820053100586, -30.12993049621582, 5.7460503578186035, -9.938398361206055, -23.104995727539062, 17.648277282714844, 21.24222755432129, 89.01030731201172, 13.478959083557129], [-554.990234375, 181.16456604003906, -8.986368179321289, 167.45751953125, 180.8940887451172, -45.39745330810547, -25.30838966369629, -52.7103385925293, -27.949729919433594, 26.16630744934082, 50.9822998046875, 13.478959083557129, 131.49478149414062]], "lowlevel.gfcc.icov": [[0.00034326681634411216, -0.00015200427151285112, 0.0003295463102404028, -0.00023273046826943755, 0.000698334421031177, -6.507125362986699e-05, 0.00010346565250074491, 0.00021727941930294037, -0.0003436609113123268, 0.0004101503873243928, 0.0002293350116815418, -7.858171011321247e-05, 0.0008654642151668668], [-0.00015200427151285112, 0.0031726311426609755, -0.0011372052831575274, 0.002932497765868902, -0.0028913344722241163, 0.0017428314313292503, -0.0020159960258752108, 0.0005257850280031562, -0.001457642880268395, 0.0010164384730160236, -0.004218317102640867, 0.0032393778674304485, -0.0036314777098596096], [0.0003295463102404028, -0.0011372052831575274, 0.0029076177161186934, -0.001772529212757945, 0.001128491130657494, -0.0007482483051717281, 0.0009575412841513753, -0.00042451464105397463, 0.0019004070200026035, -0.0006325012072920799, 0.0025763330049812794, -0.0016281373100355268, 0.003314842004328966], [-0.00023273046826943755, 0.002932497765868902, -0.001772529212757945, 0.004816350061446428, -0.003556148847565055, 0.001182092702947557, -0.0016806633211672306, 0.0011144083691760898, -0.0019669404719024897, 0.0007714491221122444, -0.004864456132054329, 0.0035549525637179613, -0.004903704393655062], [0.000698334421031177, -0.0028913344722241163, 0.001128491130657494, -0.003556148847565055, 0.005835382733494043, -0.0015005492605268955, 0.0012353694764897227, 0.001529012224636972, 0.0006255133775994182, -0.0016771754017099738, 0.004804349970072508, -0.003178816521540284, 0.0027716108597815037], [-6.507125362986699e-05, 0.0017428314313292503, -0.0007482483051717281, 0.001182092702947557, -0.0015005492605268955, 0.006860816385596991, -0.003490208648145199, 0.0010159944649785757, -0.0021409678738564253, -0.0006218971684575081, 0.0004965753760188818, 0.003133552148938179, -0.0009089480736292899], [0.00010346565250074491, -0.0020159960258752108, 0.0009575412841513753, -0.0016806633211672306, 0.0012353694764897227, -0.003490208648145199, 0.0076990555971860886, -0.0019263580907136202, 0.002029773313552141, 0.0020172621589154005, 0.0005823787651024759, -0.0031402346212416887, 0.0033512471709400415], [0.00021727941930294037, 0.0005257850280031562, -0.00042451464105397463, 0.0011144083691760898, 0.001529012224636972, 0.0010159944649785757, -0.0019263580907136202, 0.011417869478464127, -0.0033491633366793394, -0.00107454729732126, 0.0006548592355102301, 0.0006824097945354879, 0.00037605149555020034], [-0.0003436609113123268, -0.001457642880268395, 0.0019004070200026035, -0.0019669404719024897, 0.0006255133775994182, -0.0021409678738564253, 0.002029773313552141, -0.0033491633366793394, 0.012390796095132828, -0.0025166042614728212, 0.001419214066118002, 3.787192690651864e-05, 0.0032213786616921425], [0.0004101503873243928, 0.0010164384730160236, -0.0006325012072920799, 0.0007714491221122444, -0.0016771754017099738, -0.0006218971684575081, 0.0020172621589154005, -0.00107454729732126, -0.0025166042614728212, 0.01235632598400116, -0.004522969480603933, -0.0005982094444334507, 0.00017633580137044191], [0.0002293350116815418, -0.004218317102640867, 0.0025763330049812794, -0.004864456132054329, 0.004804349970072508, 0.0004965753760188818, 0.0005823787651024759, 0.0006548592355102301, 0.001419214066118002, -0.004522969480603933, 0.017078561708331108, -0.005607101134955883, 0.002242226852104068], [-7.858171011321247e-05, 0.0032393778674304485, -0.0016281373100355268, 0.0035549525637179613, -0.003178816521540284, 0.003133552148938179, -0.0031402346212416887, 0.0006824097945354879, 3.787192690651864e-05, -0.0005982094444334507, -0.005607101134955883, 0.01649947464466095, -0.0036993741523474455], [0.0008654642151668668, -0.0036314777098596096, 0.003314842004328966, -0.004903704393655062, 0.0027716108597815037, -0.0009089480736292899, 0.0033512471709400415, 0.00037605149555020034, 0.0032213786616921425, 0.00017633580137044191, 0.002242226852104068, -0.0036993741523474455, 0.01956082694232464]], "lowlevel.mfcc.cov": [[9635.2236328125, -1258.1177978515625, 105.49504089355469, -1944.5953369140625, -1825.1865234375, -1019.9013671875, -782.8438110351562, 466.9765930175781, -259.0591735839844, 234.20225524902344, 437.3851623535156, -268.09271240234375, -520.9015502929688], [-1258.1177978515625, 1588.020751953125, -290.1693420410156, 85.65970611572266, 151.13961791992188, 7.111570358276367, 156.5493621826172, -47.5299072265625, -17.76675033569336, -89.51097869873047, -39.374481201171875, 34.966949462890625, 104.97547912597656], [105.49504089355469, -290.1693420410156, 509.1841735839844, -65.90930938720703, -94.86451721191406, -28.621103286743164, -8.121368408203125, 39.413509368896484, 10.068665504455566, 11.420792579650879, 17.124509811401367, 16.15336799621582, -3.4608864784240723], [-1944.5953369140625, 85.65970611572266, -65.90930938720703, 1023.7525024414062, 639.6136474609375, 381.18023681640625, 229.67083740234375, -139.15438842773438, 36.4896354675293, -29.135616302490234, -143.28860473632812, 61.98527145385742, 174.95486450195312], [-1825.1865234375, 151.13961791992188, -94.86451721191406, 639.6136474609375, 720.2454833984375, 369.02154541015625, 145.7004852294922, -143.12554931640625, 92.1563720703125, -27.006772994995117, -90.89795684814453, 97.11217498779297, 125.02132415771484], [-1019.9013671875, 7.111570358276367, -28.621103286743164, 381.18023681640625, 369.02154541015625, 419.9710693359375, 176.15536499023438, -27.883403778076172, 95.9636459350586, 9.076248168945312, -32.48685073852539, 78.90748596191406, 58.274261474609375], [-782.8438110351562, 156.5493621826172, -8.121368408203125, 229.67083740234375, 145.7004852294922, 176.15536499023438, 219.8717803955078, 17.334243774414062, 31.762617111206055, -8.55903148651123, -33.71015548706055, 25.071720123291016, 55.56101608276367], [466.9765930175781, -47.5299072265625, 39.413509368896484, -139.15438842773438, -143.12554931640625, -27.883403778076172, 17.334243774414062, 176.8131561279297, 30.090139389038086, 23.236146926879883, 39.11745834350586, -1.822842001914978, -22.170780181884766], [-259.0591735839844, -17.76675033569336, 10.068665504455566, 36.4896354675293, 92.1563720703125, 95.9636459350586, 31.762617111206055, 30.090139389038086, 133.12518310546875, 29.512855529785156, 11.292791366577148, 31.012828826904297, 3.242722988128662], [234.20225524902344, -89.51097869873047, 11.420792579650879, -29.135616302490234, -27.006772994995117, 9.076248168945312, -8.55903148651123, 23.236146926879883, 29.512855529785156, 126.51615905761719, 38.44485855102539, -5.9136481285095215, -20.437719345092773], [437.3851623535156, -39.374481201171875, 17.124509811401367, -143.28860473632812, -90.89795684814453, -32.48685073852539, -33.71015548706055, 39.11745834350586, 11.292791366577148, 38.44485855102539, 136.43972778320312, 13.28010368347168, -36.858360290527344], [-268.09271240234375, 34.966949462890625, 16.15336799621582, 61.98527145385742, 97.11217498779297, 78.90748596191406, 25.071720123291016, -1.822842001914978, 31.012828826904297, -5.9136481285095215, 13.28010368347168, 104.58374786376953, 41.51525115966797], [-520.9015502929688, 104.97547912597656, -3.4608864784240723, 174.95486450195312, 125.02132415771484, 58.274261474609375, 55.56101608276367, -22.170780181884766, 3.242722988128662, -20.437719345092773, -36.858360290527344, 41.51525115966797, 123.93598937988281]], "lowlevel.mfcc.icov": [[0.0003237110795453191, 0.0001251226494787261, 0.00014302589988801628, 5.68383329664357e-05, 0.0004445142694748938, -0.00010680817649699748, 0.0006571435951627791, -0.0004699114942923188, 0.00040161338984034956, -0.0002392090973444283, -0.0002939737751148641, 3.9413265767507255e-05, 0.00025089827249757946], [0.0001251226494787261, 0.0009444159804843366, 0.0005441070534288883, 0.00031813475652597845, -0.00012726514250971377, 0.0005183970788493752, -0.0007886588573455811, 4.015550439362414e-05, 0.00014060220564715564, 0.0002933671057689935, -0.0002217411674791947, -0.00017956941155716777, -0.00042366853449493647], [0.00014302589988801628, 0.0005441070534288883, 0.002404093975201249, 4.719492426374927e-05, 0.0005274901632219553, 0.0002620025188662112, -0.00024043988378252834, -0.0002318655897397548, -0.00011439863737905398, 2.7884321752935648e-05, -0.00012921191228087991, -0.0006993915885686874, -0.00024476757971569896], [5.68383329664357e-05, 0.00031813475652597845, 4.719492426374927e-05, 0.0031362678855657578, -0.002008626004680991, -0.000501504575368017, -0.001319250208325684, 0.0002979978162329644, 0.0011371354339644313, -0.0004415653820615262, 0.0007948251441121101, 0.00096558389486745, -0.0017394627211615443], [0.0004445142694748938, -0.00012726514250971377, 0.0005274901632219553, -0.002008626004680991, 0.005922299809753895, -0.0024270666763186455, 0.002117312513291836, 0.0015089701628312469, -0.0015618947800248861, 0.0001598396775079891, -1.741570304147899e-05, -0.0013104313984513283, -0.00018492086383048445], [-0.00010680817649699748, 0.0005183970788493752, 0.0002620025188662112, -0.000501504575368017, -0.0024270666763186455, 0.0071708508767187595, -0.004248429089784622, 0.00012728518049698323, -0.001936321728862822, -0.000270513235591352, -0.00016812967078294605, -0.0023743200581520796, 0.001582621713168919], [0.0006571435951627791, -0.0007886588573455811, -0.00024043988378252834, -0.001319250208325684, 0.002117312513291836, -0.004248429089784622, 0.010973861441016197, -0.0031892452389001846, 0.0010229896288365126, -0.0002766669786069542, -4.189279934507795e-05, 0.0013567754067480564, -0.0008821545052342117], [-0.0004699114942923188, 4.015550439362414e-05, -0.0002318655897397548, 0.0002979978162329644, 0.0015089701628312469, 0.00012728518049698323, -0.0031892452389001846, 0.009291678667068481, -0.0032843805383890867, 0.00013771171506959945, -0.0004720822907984257, -0.0005853829206898808, -0.0007619581883773208], [0.00040161338984034956, 0.00014060220564715564, -0.00011439863737905398, 0.0011371354339644313, -0.0015618947800248861, -0.001936321728862822, 0.0010229896288365126, -0.0032843805383890867, 0.01176941767334938, -0.002451591193675995, -0.00026947283186018467, -0.0010389816015958786, 0.0009559899335727096], [-0.0002392090973444283, 0.0002933671057689935, 2.7884321752935648e-05, -0.0004415653820615262, 0.0001598396775079891, -0.000270513235591352, -0.0002766669786069542, 0.00013771171506959945, -0.002451591193675995, 0.00981162954121828, -0.0023470628075301647, 0.0012273761676624417, 5.784343011328019e-05], [-0.0002939737751148641, -0.0002217411674791947, -0.00012921191228087991, 0.0007948251441121101, -1.741570304147899e-05, -0.00016812967078294605, -4.189279934507795e-05, -0.0004720822907984257, -0.00026947283186018467, -0.0023470628075301647, 0.01054981630295515, -0.0030244803056120872, 0.0016282005235552788], [3.9413265767507255e-05, -0.00017956941155716777, -0.0006993915885686874, 0.00096558389486745, -0.0013104313984513283, -0.0023743200581520796, 0.0013567754067480564, -0.0005853829206898808, -0.0010389816015958786, 0.0012273761676624417, -0.0030244803056120872, 0.014643734320998192, -0.004914663732051849], [0.00025089827249757946, -0.00042366853449493647, -0.00024476757971569896, -0.0017394627211615443, -0.00018492086383048445, 0.001582621713168919, -0.0008821545052342117, -0.0007619581883773208, 0.0009559899335727096, 5.784343011328019e-05, 0.0016282005235552788, -0.004914663732051849, 0.013747339136898518]], "metadata.audio_properties.analysis.downmix": "mix", "metadata.audio_properties.codec": "mp3", "metadata.audio_properties.md5_encoded": "63194c9ba75dee06f56d926697d0c348", "metadata.tags.file_name": "1182270251614863390.mp3", "metadata.version.essentia": "2.1-beta6-dev", "metadata.version.essentia_git_sha": "v2.1_beta5-1110-g77a6a954", "metadata.version.extractor": "music 2.0", "tonal.chords_key": "G", "tonal.chords_scale": "minor", "tonal.key_edma.key": "G", "tonal.key_edma.scale": "minor", "tonal.key_krumhansl.key": "G", "tonal.key_krumhansl.scale": "minor", "tonal.key_temperley.key": "G", "tonal.key_temperley.scale": "minor", "met