{"song_id": "1182264572934103050", "download": "https://cdn.discordapp.com/attachments/1135903449314238464/1182264572934103050/chirp.mp4?ex=658410af&amp", "lyrics": "[Verse 1]\nThey say Rockstar's got the magic touch\nCreating worlds that thrill us so much\nBut why is GTA 6 taking forever to arrive\nLeaving us longing, barely alive\n\n[Chorus]\nOh Rockstar, tell us, what's the deal\nWe need our fix, it's time to reveal\nBring on GTA 6, our hearts ache\nThis wait is more than we can take", "style": ["random"], "essentia_features": {"lowlevel.average_loudness": 0.9483884572982788, "lowlevel.barkbands_crest.mean": 12.757867813110352, "lowlevel.barkbands_crest.stdev": 4.508206367492676, "lowlevel.barkbands_flatness_db.mean": 0.34083259105682373, "lowlevel.barkbands_flatness_db.stdev": 0.10521971434354782, "lowlevel.barkbands_kurtosis.mean": 4.794346332550049, "lowlevel.barkbands_kurtosis.stdev": 10.25313949584961, "lowlevel.barkbands_skewness.mean": 1.8472237586975098, "lowlevel.barkbands_skewness.stdev": 1.3665658235549927, "lowlevel.barkbands_spread.mean": 17.108747482299805, "lowlevel.barkbands_spread.stdev": 9.45499324798584, "lowlevel.dissonance.mean": 0.44020217657089233, "lowlevel.dissonance.stdev": 0.05861158296465874, "lowlevel.dynamic_complexity": 2.4418833255767822, "lowlevel.erbbands_crest.mean": 18.115768432617188, "lowlevel.erbbands_crest.stdev": 7.319530010223389, "lowlevel.erbbands_flatness_db.mean": 0.3153577446937561, "lowlevel.erbbands_flatness_db.stdev": 0.11319105327129364, "lowlevel.erbbands_kurtosis.mean": 2.9598135948181152, "lowlevel.erbbands_kurtosis.stdev": 5.72266149520874, "lowlevel.erbbands_skewness.mean": -1.3819231986999512, "lowlevel.erbbands_skewness.stdev": 1.3373074531555176, "lowlevel.erbbands_spread.mean": 27.74106788635254, "lowlevel.erbbands_spread.stdev": 16.29500961303711, "lowlevel.hfc.mean": 16.761093139648438, "lowlevel.hfc.stdev": 18.195545196533203, "lowlevel.loudness_ebu128.integrated": -17.719057083129883, "lowlevel.loudness_ebu128.loudness_range": 2.757481575012207, "lowlevel.loudness_ebu128.momentary.mean": -18.152265548706055, "lowlevel.loudness_ebu128.momentary.stdev": 2.0137689113616943, "lowlevel.loudness_ebu128.short_term.mean": -17.901655197143555, "lowlevel.loudness_ebu128.short_term.stdev": 0.7888920903205872, "lowlevel.melbands_crest.mean": 16.824922561645508, "lowlevel.melbands_crest.stdev": 4.981916904449463, "lowlevel.melbands_flatness_db.mean": 0.4527091085910797, "lowlevel.melbands_flatness_db.stdev": 0.12536218762397766, "lowlevel.melbands_kurtosis.mean": 16.583057403564453, "lowlevel.melbands_kurtosis.stdev": 24.49808120727539, "lowlevel.melbands_skewness.mean": 3.2927541732788086, "lowlevel.melbands_skewness.stdev": 1.8296455144882202, "lowlevel.melbands_spread.mean": 16.268108367919922, "lowlevel.melbands_spread.stdev": 11.055950164794922, "lowlevel.pitch_salience.mean": 0.4293137490749359, "lowlevel.pitch_salience.stdev": 0.12008294463157654, "lowlevel.silence_rate_20dB.mean": 1.0, "lowlevel.silence_rate_20dB.stdev": 0.0, "lowlevel.silence_rate_30dB.mean": 0.8984918594360352, "lowlevel.silence_rate_30dB.stdev": 0.3020016551017761, "lowlevel.silence_rate_60dB.mean": 0.0, "lowlevel.silence_rate_60dB.stdev": 0.0, "lowlevel.spectral_centroid.mean": 822.9795532226562, "lowlevel.spectral_centroid.stdev": 431.8721923828125, "lowlevel.spectral_complexity.mean": 9.11310863494873, "lowlevel.spectral_complexity.stdev": 7.575183868408203, "lowlevel.spectral_decrease.mean": -1.1458321402812999e-08, "lowlevel.spectral_decrease.stdev": 1.1469594163315833e-08, "lowlevel.spectral_energy.mean": 0.044766563922166824, "lowlevel.spectral_energy.stdev": 0.04432198405265808, "lowlevel.spectral_energyband_high.mean": 0.0003745399008039385, "lowlevel.spectral_energyband_high.stdev": 0.0014092392520979047, "lowlevel.spectral_energyband_low.mean": 0.03029783070087433, "lowlevel.spectral_energyband_low.stdev": 0.039788030087947845, "lowlevel.spectral_energyband_middle_high.mean": 0.00648241164162755, "lowlevel.spectral_energyband_middle_high.stdev": 0.006155834998935461, "lowlevel.spectral_energyband_middle_low.mean": 0.009207064285874367, "lowlevel.spectral_energyband_middle_low.stdev": 0.008878560736775398, "lowlevel.spectral_entropy.mean": 5.978420257568359, "lowlevel.spectral_entropy.stdev": 0.9818471074104309, "lowlevel.spectral_flux.mean": 0.07483071088790894, "lowlevel.spectral_flux.stdev": 0.07697278261184692, "lowlevel.spectral_kurtosis.mean": 45.41181564331055, "lowlevel.spectral_kurtosis.stdev": 51.84067153930664, "lowlevel.spectral_rms.mean": 0.0060324943624436855, "lowlevel.spectral_rms.stdev": 0.0026988547760993242, "lowlevel.spectral_rolloff.mean": 870.1351318359375, "lowlevel.spectral_rolloff.stdev": 703.344970703125, "lowlevel.spectral_skewness.mean": 4.085848331451416, "lowlevel.spectral_skewness.stdev": 2.5655972957611084, "lowlevel.spectral_spread.mean": 2586795.75, "lowlevel.spectral_spread.stdev": 1821045.75, "lowlevel.spectral_strongpeak.mean": 0.9001173377037048, "lowlevel.spectral_strongpeak.stdev": 1.6132405996322632, "lowlevel.zerocrossingrate.mean": 0.030167793855071068, "lowlevel.zerocrossingrate.stdev": 0.01257634162902832, "metadata.audio_properties.analysis.equal_loudness": 0.0, "metadata.audio_properties.analysis.length": 39.999977111816406, "metadata.audio_properties.analysis.sample_rate": 44100.0, "metadata.audio_properties.analysis.start_time": 0.0, "metadata.audio_properties.bit_rate": 125899.0, "metadata.audio_properties.length": 40.0, "metadata.audio_properties.lossless": 0.0, "metadata.audio_properties.number_channels": 1.0, "metadata.audio_properties.replay_gain": -8.419843673706055, "metadata.audio_properties.sample_rate": 48000.0, "rhythm.beats_count": 52.0, "rhythm.beats_loudness.mean": 0.1154206171631813, "rhythm.beats_loudness.stdev": 0.048903629183769226, "rhythm.bpm": 78.11553955078125, "rhythm.bpm_histogram_first_peak_bpm": 78.0, "rhythm.bpm_histogram_first_peak_weight": 0.0, "rhythm.bpm_histogram_second_peak_bpm": 85.0, "rhythm.bpm_histogram_second_peak_spread": 0.0, "rhythm.bpm_histogram_second_peak_weight": 0.019607843831181526, "rhythm.danceability": 1.5499392747879028, "rhythm.onset_rate": 2.598727226257324, "tonal.chords_changes_rate": 0.03012746199965477, "tonal.chords_number_rate": 0.005793742835521698, "tonal.chords_strength.mean": 0.5691326856613159, "tonal.chords_strength.stdev": 0.0999186635017395, "tonal.hpcp_crest.mean": 14.960859298706055, "tonal.hpcp_crest.stdev": 5.722299575805664, "tonal.hpcp_entropy.mean": 1.6188502311706543, "tonal.hpcp_entropy.stdev": 0.5284516215324402, "tonal.key_edma.strength": 0.7619165182113647, "tonal.key_krumhansl.strength": 0.7479568123817444, "tonal.key_temperley.strength": 0.7279276847839355, "tonal.tuning_diatonic_strength": 0.6026268005371094, "tonal.tuning_equal_tempered_deviation": 0.20365524291992188, "tonal.tuning_frequency": 436.20416259765625, "tonal.tuning_nontempered_energy_ratio": 0.9737842082977295, "lowlevel.barkbands.mean": [0.0005399140063673258, 0.022044546902179718, 0.006124504841864109, 0.0027862738352268934, 0.004623310174793005, 0.0015928767388686538, 0.00011709339742083102, 3.580084739951417e-05, 4.565470590023324e-05, 0.00025952374562621117, 3.8394333387259394e-05, 0.001041832729242742, 0.0011460790410637856, 0.0014431916642934084, 0.002178559545427561, 8.979942504083738e-05, 6.101086546550505e-05, 6.231521547306329e-05, 9.132338891504332e-05, 0.00015573229757137597, 9.653704182710499e-05, 8.915738726500422e-05, 4.7478588385274634e-05, 2.6560544938547537e-05, 1.6535377653781325e-05, 1.1808634553744923e-05, 8.266996474048938e-07], "lowlevel.barkbands.stdev": [0.000749508326407522, 0.034960877150297165, 0.012194367125630379, 0.005237884819507599, 0.0042462884448468685, 0.002715034643188119, 0.00022860767785459757, 0.00012785075523424894, 0.00018995985738001764, 0.0010707569308578968, 0.00020888361905235797, 0.0023258477449417114, 0.0027625863440334797, 0.002429025247693062, 0.003836283925920725, 0.00031792704248800874, 0.0002784965909086168, 0.0002750022104009986, 0.00038340617902576923, 0.000703684170730412, 0.00039464945439249277, 0.00036104541504755616, 0.00016002162010408938, 9.430387581232935e-05, 6.0991795180598274e-05, 4.47559796157293e-05, 3.0922408313927008e-06], "lowlevel.erbbands.mean": [0.5997154712677002, 5.007906436920166, 7.938533306121826, 8.765782356262207, 10.238954544067383, 14.60092544555664, 23.78257179260254, 8.617454528808594, 2.8878214359283447, 1.1616286039352417, 0.8116165399551392, 0.7941194176673889, 2.3240697383880615, 10.260957717895508, 12.344459533691406, 45.96122360229492, 65.11463165283203, 84.77240753173828, 132.90960693359375, 20.837841033935547, 6.099525451660156, 3.770690679550171, 3.16951060295105, 4.197527885437012, 5.540611743927002, 7.226000785827637, 4.785400867462158, 3.655118703842163, 3.4170989990234375, 2.1428842544555664, 1.2115041017532349, 0.6784070134162903, 0.38307008147239685, 0.21276816725730896, 0.09839645773172379, 0.056108374148607254, 0.020682094618678093, 0.003705665236338973, 0.00010815368295880035, 5.300719931256026e-05], "lowlevel.erbbands.stdev": [0.9880709052085876, 8.127370834350586, 12.367764472961426, 17.77867889404297, 11.572687149047852, 13.79515266418457, 38.4300537109375, 12.650461196899414, 4.681686878204346, 2.6197330951690674, 3.1765732765197754, 2.743945598602295, 7.002849102020264, 41.43376541137695, 24.629079818725586, 108.16600036621094, 144.57034301757812, 137.0275115966797, 225.1234893798828, 33.73424530029297, 19.54042625427246, 16.41120147705078, 13.35653018951416, 18.426654815673828, 22.973329544067383, 32.80369186401367, 21.208166122436523, 14.824555397033691, 14.308844566345215, 7.745790481567383, 4.177382946014404, 2.3998396396636963, 1.3826448917388916, 0.8033168315887451, 0.3542728126049042, 0.21463075280189514, 0.08015414327383041, 0.013319713063538074, 0.0003162176290061325, 5.443242844194174e-05], "lowlevel.gfcc.mean": [-121.1409683227539, 167.86924743652344, -76.88552856445312, 24.68716049194336, 12.063213348388672, 37.81632995605469, -46.12220001220703, -46.342254638671875, -22.717479705810547, 14.5548734664917, 1.5547499656677246, -8.471589088439941, -5.827085494995117], "lowlevel.melbands.mean": [0.0059094601310789585, 0.004962143022567034, 0.0015347313601523638, 0.0009317640797235072, 0.0007897955365478992, 0.0002043937856797129, 4.0356269892072305e-05, 1.0799723895615898e-05, 5.910265372222057e-06, 5.679730747942813e-06, 1.2036408406856935e-05, 4.362986874184571e-05, 1.8932882085209712e-05, 0.0001276824768865481, 0.00011320642079226673, 0.00015974287816789, 0.00013430771650746465, 0.00018580204050522298, 9.9566976132337e-05, 4.322889708419098e-06, 6.8449558057182e-06, 3.7644081203325186e-06, 2.928493358922424e-06, 2.9501070457627065e-06, 3.3943076687137363e-06, 3.6215130876371404e-06, 4.804321633855579e-06, 4.8883607632888015e-06, 3.283146043031593e-06, 2.2053116026654607e-06, 2.0529032553895377e-06, 2.204724296461791e-06, 1.3052817848802079e-06, 1.1140266451548086e-06, 7.232083021335711e-07, 5.037201162849669e-07, 3.8299165794342116e-07, 2.879394287447212e-07, 2.112538197707181e-07, 1.6719299367196072e-07], "lowlevel.melbands.stdev": [0.00953416433185339, 0.00684764189645648, 0.002720160409808159, 0.000896188139449805, 0.0011204350739717484, 0.000305328139802441, 6.802930147387087e-05, 2.605499503260944e-05, 2.424033846182283e-05, 2.2388865545508452e-05, 3.6906487366650254e-05, 0.00018132111290469766, 4.747956700157374e-05, 0.0002683831553440541, 0.00025699008256196976, 0.00024362785916309804, 0.00023147906176745892, 0.00031551223946735263, 0.0001719627034617588, 1.6653488273732364e-05, 2.4182076231227256e-05, 1.7711365217110142e-05, 1.280665037484141e-05, 1.3211412806413136e-05, 1.5361891200882383e-05, 1.553733272885438e-05, 2.2841128156869672e-05, 2.3284315830096602e-05, 1.6523115846212022e-05, 8.967430403572507e-06, 8.556786269764416e-06, 9.951421816367656e-06, 4.999420980311697e-06, 4.063637334184023e-06, 2.547292524468503e-06, 1.7868037502921652e-06, 1.4266429388953838e-06, 1.0665830814104993e-06, 7.751371526865114e-07, 6.500083600258222e-07], "lowlevel.melbands128.mean": [0.0005030851461924613, 0.004034599754959345, 0.00902752485126257, 0.008026493713259697, 0.004773143213242292, 0.0027761985547840595, 0.0018210045527666807, 0.0012587161036208272, 0.0008697833982296288, 0.0011706454679369926, 0.0006623106892220676, 0.0008752006106078625, 0.0010491979774087667, 0.00036711737629957497, 0.00016871436673682183, 0.00014096817176323384, 4.6102071792120114e-05, 3.043221113330219e-05, 1.65386481967289e-05, 1.2830223568016663e-05, 6.292113539529964e-06, 8.332482138939667e-06, 6.04987735641771e-06, 3.42503767569724e-06, 3.2979985462588957e-06, 6.11968516750494e-06, 1.2476077245082706e-05, 3.5112284422211815e-06, 9.123541531153023e-06, 7.964963151607662e-05, 4.0457118302583694e-05, 5.320212039805483e-06, 8.691030416230205e-06, 7.199937954283087e-06, 0.00014316897431854159, 0.00015333574265241623, 0.00014107006427366287, 1.1357352377672214e-05, 0.00021561495668720454, 0.00014497961092274636, 1.972603058675304e-05, 0.0003992398560512811, 0.00015616387827321887, 5.853014954482205e-06, 2.2073967556934804e-05, 0.0001851290580816567, 0.0005066135781817138, 9.421864888281561e-06, 4.048681148560718e-06, 4.616631485987455e-06, 3.357212563059875e-06, 3.8110194964247057e-06, 1.2086326023563743e-05, 4.452536359167425e-06, 3.727767534655868e-06, 4.219299171381863e-06, 3.5382126952754334e-06, 2.8761826342815766e-06, 3.004567815878545e-06, 2.3991274247237016e-06, 2.6468492251296993e-06, 3.773560592890135e-06, 3.13128657580819e-06, 3.267548208896187e-06, 3.7548084037553053e-06, 3.6656363135989523e-06, 3.3445960525568807e-06, 4.338653980084928e-06, 5.724906259274576e-06, 4.436960352904862e-06, 5.312022040016018e-06, 4.918691502098227e-06, 3.885240403178614e-06, 3.143237790936837e-06, 2.3844686438678764e-06, 2.020590727624949e-06, 2.336236093469779e-06, 2.0421666704351082e-06, 1.9356971279194113e-06, 1.9857004645018606e-06, 2.8008848858007696e-06, 2.153995865228353e-06, 1.1939413298023283e-06, 1.2938052122990484e-06, 1.2511346767496434e-06, 1.3185276657168288e-06, 1.00519650914066e-06, 8.538791007595137e-07, 6.755519734724658e-07, 7.072335392876994e-07, 5.02719558426179e-07, 4.975701131115784e-07, 3.9667170881330094e-07, 3.8287964798655594e-07, 3.76993426698391e-07, 3.235097949527699e-07, 2.813800676904066e-07, 2.0174508108539158e-07, 2.2342190675317397e-07, 2.146804263247759e-07, 1.7367219129482692e-07, 1.7403363017365336e-07, 1.3676351784397411e-07, 1.1855436099494909e-07, 1.0226976598914916e-07, 9.057713867832717e-08, 1.1280773293265156e-07, 1.0139262229813539e-07, 9.456459082457513e-08, 1.0155074647855145e-07, 8.335620549360101e-08, 7.618515951435256e-08, 6.173200972625636e-08, 5.822645832154194e-08, 4.140236953276144e-08, 4.177115187076197e-08, 3.153920147269673e-08, 4.512135998169242e-09, 1.211930139577433e-10, 6.442078814838936e-11, 3.8569442778468854e-11, 1.8317587030525218e-11, 9.540350280612397e-12, 9.175326297350406e-12, 8.789566297018325e-12, 8.694149566945697e-12, 8.699035415615786e-12, 8.654792160722735e-12], "lowlevel.melbands128.stdev": [0.0007182498229667544, 0.006890753284096718, 0.016175957396626472, 0.013086650520563126, 0.0069736591540277, 0.006062963977456093, 0.004140946082770824, 0.002133528236299753, 0.001130603370256722, 0.0014471273170784116, 0.0006837878609076142, 0.0011075058719143271, 0.0019065056694671512, 0.0006742148543708026, 0.0002783004310913384, 0.00030640949262306094, 8.27371550258249e-05, 7.073461165418848e-05, 3.738857412827201e-05, 3.7910758692305535e-05, 1.8702186935115606e-05, 3.342200579936616e-05, 3.339154500281438e-05, 1.544524093333166e-05, 1.2985584362468217e-05, 2.949537883978337e-05, 6.431776273529977e-05, 1.0339077562093735e-05, 3.3089600037783384e-05, 0.00034480681642889977, 0.00017092957568820566, 2.8367270715534687e-05, 6.343231507344171e-05, 1.605363104317803e-05, 0.00035828372347168624, 0.00035892752930521965, 0.0005348013946786523, 2.574158315837849e-05, 0.0006588682299479842, 0.00043186600669287145, 3.487122739898041e-05, 0.000715165282599628, 0.00028045559884049, 1.9038245227420703e-05, 8.18002299638465e-05, 0.00032618414843454957, 0.0009023126913234591, 2.3201351723400876e-05, 1.696539948170539e-05, 1.736885678838007e-05, 1.6849124222062528e-05, 2.185292760259472e-05, 4.8530819185543805e-05, 1.676342981227208e-05, 1.5728732250863686e-05, 2.2597894712816924e-05, 2.0152498109382577e-05, 1.4017745343153365e-05, 1.4290272702055518e-05, 1.1294643627479672e-05, 1.2014725143671967e-05, 1.908602462208364e-05, 1.6376116036553867e-05, 1.5234274542308412e-05, 2.004685484280344e-05, 1.7885897250380367e-05, 1.4283745258580893e-05, 1.95731900021201e-05, 3.255848423577845e-05, 2.2701256966684014e-05, 2.8021520847687498e-05, 2.6310164685128257e-05, 2.2882144548930228e-05, 1.8715456462814473e-05, 1.0193097295996267e-05, 8.266315489890985e-06, 1.1715290384017862e-05, 9.555601536703762e-06, 9.321006473328453e-06, 8.498333954776172e-06, 1.4384579117177054e-05, 1.0489909072930459e-05, 4.5768310883431695e-06, 5.413295184553135e-06, 5.556701125897234e-06, 4.9858545025927015e-06, 4.011147211713251e-06, 3.3776016152842203e-06, 2.558028882049257e-06, 2.8211304652359104e-06, 1.8977312947754399e-06, 1.8932281591332867e-06, 1.5095840808498906e-06, 1.630113160899782e-06, 1.5047941133161657e-06, 1.2100738331355387e-06, 1.170874838862801e-06, 7.968660042934061e-07, 8.085389708867297e-07, 8.573213676754676e-07, 7.907872827672691e-07, 6.8082897541899e-07, 5.802870077786793e-07, 4.2372190023343137e-07, 3.8254668766057875e-07, 3.6594917673937744e-07, 4.6206642423385347e-07, 4.269788576038991e-07, 3.6472113151830854e-07, 4.1508712911308976e-07, 3.588346544347587e-07, 3.3011124855875096e-07, 2.7213243924961716e-07, 2.255328013234248e-07, 1.4802903081090335e-07, 1.7207443647748732e-07, 1.1886181283671249e-07, 1.7881774283523555e-08, 1.4308290108289157e-09, 8.53141390866341e-10, 4.30491392533483e-10, 2.2658946940978808e-10, 1.1458071991210517e-10, 1.0974377656625123e-10, 1.0536797129256925e-10, 1.1395826643445517e-10, 1.22096457944032e-10, 1.233409763212734e-10], "lowlevel.mfcc.mean": [-791.7147827148438, 201.19371032714844, 17.974933624267578, 19.2239990234375, 52.369651794433594, 68.74192810058594, 14.873669624328613, -25.77671241760254, -25.38326072692871, 4.846240520477295, 3.8170058727264404, -7.30202054977417, -4.916500568389893], "lowlevel.spectral_contrast_coeffs.mean": [-0.7131749391555786, -0.7333366870880127, -0.7568689584732056, -0.6377976536750793, -0.8291274905204773, -0.8092605471611023], "lowlevel.spectral_contrast_coeffs.stdev": [0.05658239126205444, 0.07380512356758118, 0.11112263798713684, 0.082416832447052, 0.03592211753129959, 0.07099535316228867], "lowlevel.spectral_contrast_valleys.mean": [-6.056895732879639, -8.449316024780273, -9.009122848510742, -8.95588493347168, -9.991952896118164, -12.435672760009766], "lowlevel.spectral_contrast_valleys.stdev": [0.5621823072433472, 0.94466632604599, 1.031721591949463, 1.1338443756103516, 1.9047620296478271, 1.8063992261886597], "rhythm.beats_loudness_band_ratio.mean": [0.8058871626853943, 0.0684041678905487, 0.005316208582371473, 0.05020466074347496, 0.053587935864925385, 0.027431748807430267], "rhythm.beats_loudness_band_ratio.stdev": [0.10064972192049026, 0.04027074575424194, 0.005447457544505596, 0.051569465547800064, 0.05646545812487602, 0.025112345814704895], "tonal.hpcp.mean": [0.3898463547229767, 0.36741143465042114, 0.09545581042766571, 0.0415034294128418, 0.040654256939888, 0.04343158006668091, 0.06188983842730522, 0.06381417065858841, 0.04129020497202873, 0.031329695135354996, 0.03989839926362038, 0.055599749088287354, 0.1705077886581421, 0.18047866225242615, 0.07447315752506256, 0.1949828416109085, 0.2266083061695099, 0.07982885092496872, 0.024692580103874207, 0.021049311384558678, 0.050652578473091125, 0.22210244834423065, 0.23978744447231293, 0.07567455619573593, 0.04075676202774048, 0.038383714854717255, 0.04833277687430382, 0.18306265771389008, 0.19462895393371582, 0.051113810390233994, 0.014558931812644005, 0.0111597441136837, 0.014337652362883091, 0.04181801155209541, 0.04666897654533386, 0.11229638755321503], "tonal.hpcp.stdev": [0.3893953859806061, 0.3358129858970642, 0.1811230629682541, 0.17518416047096252, 0.16610673069953918, 0.17356909811496735, 0.1742876023054123, 0.1857617050409317, 0.1673438847064972, 0.14159075915813446, 0.16118496656417847, 0.17273704707622528, 0.273562490940094, 0.26914575695991516, 0.14572298526763916, 0.31610527634620667, 0.3604682683944702, 0.1784934252500534, 0.12027015537023544, 0.10030975192785263, 0.1411229819059372, 0.3459372818470001, 0.3723117411136627, 0.15859024226665497, 0.14712326228618622, 0.14493708312511444, 0.12901383638381958, 0.27777040004730225, 0.2829277217388153, 0.11569143831729889, 0.07426950335502625, 0.07204405218362808, 0.06539418548345566, 0.12020692974328995, 0.12514719367027283, 0.1808428019285202], "rhythm.beats_position": [0.6849886775016785, 1.3931972980499268, 2.1594557762145996, 2.9257142543792725, 3.703582763671875, 4.481451034545898, 5.24770975112915, 6.013967990875244, 6.780226707458496, 7.54648494720459, 8.312743186950684, 9.079002380371094, 9.845260620117188, 10.611518859863281, 11.377777099609375, 12.155646324157715, 12.933514595031738, 13.699772834777832, 14.466031074523926, 15.232290267944336, 15.99854850769043, 16.764806747436523, 17.531064987182617, 18.29732322692871, 19.063581466674805, 19.82984161376953, 20.596099853515625, 21.36235809326172, 22.128616333007812, 22.906484603881836, 23.68435287475586, 24.450611114501953, 25.216869354248047, 25.983129501342773, 26.749387741088867, 27.51564598083496, 28.281904220581055, 29.04816246032715, 29.814420700073242, 30.580678939819336, 31.358549118041992, 32.136417388916016, 32.90267562866211, 33.6689338684082, 34.4351921081543, 35.20145034790039, 35.967708587646484, 36.73396682739258, 37.50022506713867, 38.266483306884766, 39.03274154663086, 39.79899978637695], "rhythm.bpm_histogram": [0.0, 0.0, 0.0, 0.0, 0.0, 0.0, 0.0, 0.0, 0.0, 0.0, 0.0, 0.0, 0.0, 0.0, 0.0, 0.0, 0.0, 0.0, 0.0, 0.0, 0.0, 0.0, 0.0, 0.0, 0.0, 0.0, 0.0, 0.0, 0.0, 0.0, 0.0, 0.0, 0.0, 0.0, 0.0, 0.0, 0.0, 0.0, 0.0, 0.0, 0.0, 0.0, 0.0, 0.0, 0.0, 0.0, 0.0, 0.0, 0.0, 0.0, 0.0, 0.0, 0.0, 0.0, 0.0, 0.0, 0.0, 0.0, 0.0, 0.0, 0.0, 0.0, 0.0, 0.0, 0.0, 0.0, 0.0, 0.0, 0.0, 0.0, 0.0, 0.0, 0.0, 0.0, 0.0, 0.0, 0.0, 0.1568627506494522, 0.8235294222831726, 0.0, 0.0, 0.0, 0.0, 0.0, 0.0, 0.019607843831181526, 0.0, 0.0, 0.0, 0.0, 0.0, 0.0, 0.0, 0.0, 0.0, 0.0, 0.0, 0.0, 0.0, 0.0, 0.0, 0.0, 0.0, 0.0, 0.0, 0.0, 0.0, 0.0, 0.0, 0.0, 0.0, 0.0, 0.0, 0.0, 0.0, 0.0, 0.0, 0.0, 0.0, 0.0, 0.0, 0.0, 0.0, 0.0, 0.0, 0.0, 0.0, 0.0, 0.0, 0.0, 0.0, 0.0, 0.0, 0.0, 0.0, 0.0, 0.0, 0.0, 0.0, 0.0, 0.0, 0.0, 0.0, 0.0, 0.0, 0.0, 0.0, 0.0, 0.0, 0.0, 0.0, 0.0, 0.0, 0.0, 0.0, 0.0, 0.0, 0.0, 0.0, 0.0, 0.0, 0.0, 0.0, 0.0, 0.0, 0.0, 0.0, 0.0, 0.0, 0.0, 0.0, 0.0, 0.0, 0.0, 0.0, 0.0, 0.0, 0.0, 0.0, 0.0, 0.0, 0.0, 0.0, 0.0, 0.0, 0.0, 0.0, 0.0, 0.0, 0.0, 0.0, 0.0, 0.0, 0.0, 0.0, 0.0, 0.0, 0.0, 0.0, 0.0, 0.0, 0.0, 0.0, 0.0, 0.0, 0.0, 0.0, 0.0, 0.0, 0.0, 0.0, 0.0, 0.0, 0.0, 0.0, 0.0, 0.0, 0.0, 0.0, 0.0, 0.0, 0.0, 0.0, 0.0, 0.0, 0.0, 0.0, 0.0, 0.0, 0.0, 0.0, 0.0, 0.0, 0.0, 0.0, 0.0, 0.0, 0.0, 0.0, 0.0, 0.0, 0.0, 0.0, 0.0, 0.0, 0.0, 0.0, 0.0, 0.0, 0.0], "tonal.chords_histogram": [32.21321105957031, 37.543453216552734, 17.26535415649414, 3.1286211013793945, 0.0, 0.0, 0.3476245701313019, 0.0, 0.11587485671043396, 0.0, 0.0, 0.0, 0.0, 0.0, 0.0, 0.0, 0.0, 0.46349942684173584, 0.0, 8.922364234924316, 0.0, 0.0, 0.0, 0.0], "tonal.thpcp": [1.0, 0.9424518942832947, 0.24485495686531067, 0.10646098852157593, 0.10428276658058167, 0.11140691488981247, 0.15875443816184998, 0.16369056701660156, 0.10591404885053635, 0.08036421239376068, 0.10234390944242477, 0.14261963963508606, 0.43737176060676575, 0.46294817328453064, 0.1910320669412613, 0.5001530647277832, 0.5812759399414062, 0.204770028591156, 0.06333926320075989, 0.053993865847587585, 0.1299295872449875, 0.5697178840637207, 0.6150819063186646, 0.19411379098892212, 0.1045457050204277, 0.09845857322216034, 0.12397903949022293, 0.4695764183998108, 0.499245285987854, 0.1311127096414566, 0.03734530881047249, 0.028626006096601486, 0.03677770122885704, 0.10726793110370636, 0.11971120536327362, 0.2880529463291168], "lowlevel.gfcc.cov": [[11265.5791015625, -5779.25, -855.8717651367188, 2931.915283203125, -2824.151123046875, 118.68604278564453, 319.8863220214844, 1555.0054931640625, -138.83445739746094, 430.6499328613281, -575.77001953125, 690.7449951171875, -242.31849670410156], [-5779.25, 4079.91015625, 117.98590087890625, -2314.954345703125, 1411.3638916015625, -186.50921630859375, 97.1167984008789, -875.0218505859375, 83.52572631835938, -379.2576599121094, 388.84808349609375, -366.5690612792969, 255.48367309570312], [-855.8717651367188, 117.98590087890625, 615.5654907226562, -36.021461486816406, 39.92484664916992, 123.21076202392578, -13.468539237976074, -90.9271011352539, -81.67861938476562, 69.17215728759766, 107.48798370361328, 31.230417251586914, -60.26243209838867], [2931.915283203125, -2314.954345703125, -36.021461486816406, 1690.2176513671875, -537.40625, -102.54071807861328, -371.11669921875, 398.80157470703125, 200.8601837158203, 341.2271423339844, -258.0423278808594, 90.72006225585938, -93.90090942382812], [-2824.151123046875, 1411.3638916015625, 39.92484664916992, -537.40625, 1234.5733642578125, -189.11172485351562, -342.7799987792969, -399.1485900878906, 201.81712341308594, 11.00525951385498, 85.53177642822266, -273.04315185546875, 65.81361389160156], [118.68604278564453, -186.50921630859375, 123.21076202392578, -102.54071807861328, -189.11172485351562, 372.69244384765625, 217.40640258789062, -15.217849731445312, -163.90615844726562, -48.367244720458984, 71.05455017089844, 71.68605041503906, -59.37490463256836], [319.8863220214844, 97.1167984008789, -13.468539237976074, -371.11669921875, -342.7799987792969, 217.40640258789062, 562.4893188476562, 128.62191772460938, -303.70697021484375, -164.7538604736328, 108.1971664428711, 157.7561492919922, -61.268638610839844], [1555.0054931640625, -875.0218505859375, -90.9271011352539, 398.80157470703125, -399.1485900878906, -15.217849731445312, 128.62191772460938, 404.1944274902344, -52.15129089355469, 4.267880916595459, -125.6301040649414, 133.0637664794922, -19.83869171142578], [-138.83445739746094, 83.52572631835938, -81.67861938476562, 200.8601837158203, 201.81712341308594, -163.90615844726562, -303.70697021484375, -52.15129089355469, 346.1346740722656, 108.903076171875, -93.20027923583984, -136.62184143066406, 98.95632934570312], [430.6499328613281, -379.2576599121094, 69.17215728759766, 341.2271423339844, 11.00525951385498, -48.367244720458984, -164.7538604736328, 4.267880916595459, 108.903076171875, 221.10728454589844, 10.760072708129883, -23.675512313842773, -40.98908615112305], [-575.77001953125, 388.84808349609375, 107.48798370361328, -258.0423278808594, 85.53177642822266, 71.05455017089844, 108.1971664428711, -125.6301040649414, -93.20027923583984, 10.760072708129883, 208.1222686767578, 34.62819290161133, -47.75216293334961], [690.7449951171875, -366.5690612792969, 31.230417251586914, 90.72006225585938, -273.04315185546875, 71.68605041503906, 157.7561492919922, 133.0637664794922, -136.62184143066406, -23.675512313842773, 34.62819290161133, 180.02413940429688, -26.101457595825195], [-242.31849670410156, 255.48367309570312, -60.26243209838867, -93.90090942382812, 65.81361389160156, -59.37490463256836, -61.268638610839844, -19.83869171142578, 98.95632934570312, -40.98908615112305, -47.75216293334961, -26.101457595825195, 154.37271118164062]], "lowlevel.gfcc.icov": [[0.0009917765855789185, 0.0010180784156545997, 0.0010967871639877558, 0.0004770987434312701, 0.0010222505079582334, 0.00034842558670789003, -0.0002090743073495105, -0.0005317613831721246, -0.00037195440381765366, -0.0012850152561441064, 0.00011470762547105551, -0.0006543532945215702, -4.079309292137623e-05], [0.0010180784156545997, 0.020792169496417046, -0.004595068283379078, 0.01758689619600773, -0.004299771506339312, 0.01483749970793724, -0.008626063354313374, 0.012380292639136314, -0.012462593615055084, 0.010730979032814503, -0.013151180930435658, 0.009400122798979282, -0.009841891936957836], [0.0010967871639877558, -0.004595068283379078, 0.004991027060896158, -0.004241214133799076, 0.0026474138721823692, -0.004530308302491903, 0.002954754512757063, -0.004247468896210194, 0.003795950673520565, -0.0058164349757134914, 0.003474814584478736, -0.004061635583639145, 0.0028610816225409508], [0.0004770987434312701, 0.01758689619600773, -0.004241214133799076, 0.017365505918860435, -0.0035106618888676167, 0.012271171435713768, -0.0055788313038647175, 0.009673351421952248, -0.011007649824023247, 0.007640249561518431, -0.009926357306540012, 0.00703807920217514, -0.007000027224421501], [0.0010222505079582334, -0.004299771506339312, 0.0026474138721823692, -0.0035106618888676167, 0.004400330595672131, -0.0031818903516978025, 0.0033139416482299566, -0.003942630719393492, 0.002946757711470127, -0.00441543897613883, 0.0028271230403333902, -0.001895866938866675, 0.0028200969099998474], [0.00034842558670789003, 0.01483749970793724, -0.004530308302491903, 0.012271171435713768, -0.0031818903516978025, 0.015083180740475655, -0.008040888234972954, 0.010858532972633839, -0.00847937073558569, 0.008625617250800133, -0.009328189305961132, 0.007158857770264149, -0.006900470703840256], [-0.0002090743073495105, -0.008626063354313374, 0.002954754512757063, -0.0055788313038647175, 0.0033139416482299566, -0.008040888234972954, 0.011018415912985802, -0.008841649629175663, 0.007350834086537361, -0.003514370182529092, 0.002693316200748086, -0.004040524363517761, 0.004943827632814646], [-0.0005317613831721246, 0.012380292639136314, -0.004247468896210194, 0.009673351421952248, -0.003942630719393492, 0.010858532972633839, -0.008841649629175663, 0.016504980623722076, -0.008282381109893322, 0.007823781110346317, -0.003917989321053028, 0.002990781795233488, -0.005948364268988371], [-0.00037195440381765366, -0.012462593615055084, 0.003795950673520565, -0.011007649824023247, 0.002946757711470127, -0.00847937073558569, 0.007350834086537361, -0.008282381109893322, 0.017038948833942413, -0.009986392222344875, 0.00807805173099041, -0.001346110599115491, 0.0008603332098573446], [-0.0012850152561441064, 0.010730979032814503, -0.0058164349757134914, 0.007640249561518431, -0.00441543897613883, 0.008625617250800133, -0.003514370182529092, 0.007823781110346317, -0.009986392222344875, 0.020619109272956848, -0.013423806056380272, 0.008318723179399967, -0.003458737162873149], [0.00011470762547105551, -0.013151180930435658, 0.003474814584478736, -0.009926357306540012, 0.0028271230403333902, -0.009328189305961132, 0.002693316200748086, -0.003917989321053028, 0.00807805173099041, -0.013423806056380272, 0.02238156832754612, -0.012911539524793625, 0.009033549576997757], [-0.0006543532945215702, 0.009400122798979282, -0.004061635583639145, 0.00703807920217514, -0.001895866938866675, 0.007158857770264149, -0.004040524363517761, 0.002990781795233488, -0.001346110599115491, 0.008318723179399967, -0.012911539524793625, 0.02123699150979519, -0.00887767132371664], [-4.079309292137623e-05, -0.009841891936957836, 0.0028610816225409508, -0.007000027224421501, 0.0028200969099998474, -0.006900470703840256, 0.004943827632814646, -0.005948364268988371, 0.0008603332098573446, -0.003458737162873149, 0.009033549576997757, -0.00887767132371664, 0.016725677996873856]], "lowlevel.mfcc.cov": [[13839.1064453125, -7068.4150390625, -274.3152770996094, 1771.98681640625, -1723.942626953125, -991.6083984375, -483.3664245605469, 874.4180297851562, 832.920654296875, 145.6687774658203, -78.9555435180664, 246.95816040039062, 149.3628387451172], [-7068.4150390625, 5143.859375, -313.3411560058594, -1572.5323486328125, 482.44903564453125, 333.1936950683594, 378.2425537109375, -340.915771484375, -463.6201477050781, -162.9562225341797, -18.043903350830078, -233.8709716796875, -66.5997085571289], [-274.3152770996094, -313.3411560058594, 701.5276489257812, 17.41060447692871, -182.38912963867188, 71.4557876586914, 113.01721954345703, 70.89440155029297, -86.70801544189453, -114.5242919921875, 32.12120819091797, 169.80821228027344, 19.016775131225586], [1771.98681640625, -1572.5323486328125, 17.41060447692871, 911.213623046875, 205.0668182373047, -142.93875122070312, -347.3163146972656, -141.8875274658203, 168.43638610839844, 175.95034790039062, 52.051849365234375, 36.00849914550781, 29.087120056152344], [-1723.942626953125, 482.44903564453125, -182.38912963867188, 205.0668182373047, 915.90869140625, 194.1068115234375, -320.8182678222656, -452.12945556640625, -11.65989875793457, 260.1374206542969, 52.46061706542969, -152.5400848388672, -42.67820358276367], [-991.6083984375, 333.1936950683594, 71.4557876586914, -142.93875122070312, 194.1068115234375, 307.11993408203125, 49.67706298828125, -118.20836639404297, -118.65602111816406, 19.910011291503906, 65.5036392211914, 7.510209083557129, -60.118167877197266], [-483.3664245605469, 378.2425537109375, 113.01721954345703, -347.3163146972656, -320.8182678222656, 49.67706298828125, 523.0221557617188, 284.7655029296875, -163.55906677246094, -235.60328674316406, 3.6591873168945312, 143.0084686279297, 62.454524993896484], [874.4180297851562, -340.915771484375, 70.89440155029297, -141.8875274658203, -452.12945556640625, -118.20836639404297, 284.7655029296875, 415.79864501953125, 45.142669677734375, -189.71824645996094, -67.93203735351562, 103.1207504272461, 58.24554443359375], [832.920654296875, -463.6201477050781, -86.70801544189453, 168.43638610839844, -11.65989875793457, -118.65602111816406, -163.55906677246094, 45.142669677734375, 240.4309844970703, 108.6569595336914, -71.70710754394531, -104.74154663085938, -14.219978332519531], [145.6687774658203, -162.9562225341797, -114.5242919921875, 175.95034790039062, 260.1374206542969, 19.910011291503906, -235.60328674316406, -189.71824645996094, 108.6569595336914, 257.00250244140625, 41.24269485473633, -140.10243225097656, -63.10615921020508], [-78.9555435180664, -18.043903350830078, 32.12120819091797, 52.051849365234375, 52.46061706542969, 65.5036392211914, 3.6591873168945312, -67.93203735351562, -71.70710754394531, 41.24269485473633, 159.97616577148438, 73.64753723144531, -46.349857330322266], [246.95816040039062, -233.8709716796875, 169.80821228027344, 36.00849914550781, -152.5400848388672, 7.510209083557129, 143.0084686279297, 103.1207504272461, -104.74154663085938, -140.10243225097656, 73.64753723144531, 245.10903930664062, 65.49273681640625], [149.3628387451172, -66.5997085571289, 19.016775131225586, 29.087120056152344, -42.67820358276367, -60.118167877197266, 62.454524993896484, 58.24554443359375, -14.219978332519531, -63.10615921020508, -46.349857330322266, 65.49273681640625, 123.98278045654297]], "lowlevel.mfcc.icov": [[0.0008959476253949106, 0.0012286283308640122, 0.0010492152068763971, 0.0005840591620653868, 0.001490241033025086, 0.0006571690319105983, 0.0007142063113860786, 0.00021463209122885019, 0.00014259169984143227, -0.0006476782145909965, -0.00043932528933510184, -0.0001163697597803548, -0.0007623686105944216], [0.0012286283308640122, 0.0026055320631712675, 0.0015347934095188975, 0.002514555351808667, 0.0013863666681572795, 0.0017150889616459608, 0.0005179962608963251, 0.0017104462021961808, 0.00018937345885206014, 0.00020947887969668955, -0.0012451112270355225, 0.0005187019123695791, -0.0012726187705993652], [0.0010492152068763971, 0.0015347934095188975, 0.003150124568492174, 0.0006202282966114581, 0.002170355524867773, 0.00012948473158758134, 0.0007195745129138231, 0.0007541839731857181, 0.00027059123385697603, -0.0007393386331386864, 0.00031328105251304805, -0.0015557630686089396, -0.0003814837837126106], [0.0005840591620653868, 0.002514555351808667, 0.0006202282966114581, 0.005748084746301174, -0.0006358236423693597, 0.0028117571491748095, 0.0004791028914041817, 0.0029735767748206854, -0.0011599315330386162, 0.0008921559201553464, -0.0021228406112641096, -0.00041051674634218216, -0.001545997685752809], [0.001490241033025086, 0.0013863666681572795, 0.002170355524867773, -0.0006358236423693597, 0.005951265338808298, -0.0010927158873528242, 0.0015084967017173767, 0.0017384421080350876, 0.0001162496700999327, -0.002627323381602764, -1.904569762700703e-05, -0.0002429423766443506, -0.002494900021702051], [0.0006571690319105983, 0.0017150889616459608, 0.00012948473158758134, 0.0028117571491748095, -0.0010927158873528242, 0.00783748272806406, -0.0012919101864099503, 0.002199693350121379, 0.0017013896722346544, -0.0008823196403682232, 6.467645289376378e-05, -0.0011892443289980292, 0.002890088828280568], [0.0007142063113860786, 0.0005179962608963251, 0.0007195745129138231, 0.0004791028914041817, 0.0015084967017173767, -0.0012919101864099503, 0.007926011458039284, -0.005914975889027119, 0.004158149007707834, -0.00012410894851200283, -0.002145440550521016, 0.0012465568725019693, -0.0031727259047329426], [0.00021463209122885019, 0.0017104462021961808, 0.0007541839731857181, 0.0029735767748206854, 0.0017384421080350876, 0.002199693350121379, -0.005914975889027119, 0.014189524576067924, -0.007596774958074093, 0.004712075926363468, 0.0001353377301711589, -0.0017253467813134193, 0.00031458702869713306], [0.00014259169984143227, 0.00018937345885206014, 0.00027059123385697603, -0.0011599315330386162, 0.0001162496700999327, 0.0017013896722346544, 0.004158149007707834, -0.007596774958074093, 0.015596538782119751, -0.007476694881916046, 0.005321032367646694, 0.0010967819252982736, 0.001892933971248567], [-0.0006476782145909965, 0.00020947887969668955, -0.0007393386331386864, 0.0008921559201553464, -0.002627323381602764, -0.0008823196403682232, -0.00012410894851200283, 0.004712075926363468, -0.007476694881916046, 0.018530087545514107, -0.010171887464821339, 0.008862276561558247, -0.002596452133730054], [-0.00043932528933510184, -0.0012451112270355225, 0.00031328105251304805, -0.0021228406112641096, -1.904569762700703e-05, 6.467645289376378e-05, -0.002145440550521016, 0.0001353377301711589, 0.005321032367646694, -0.010171887464821339, 0.020173711702227592, -0.011908491142094135, 0.010617556050419807], [-0.0001163697597803548, 0.0005187019123695791, -0.0015557630686089396, -0.00041051674634218216, -0.0002429423766443506, -0.0011892443289980292, 0.0012465568725019693, -0.0017253467813134193, 0.0010967819252982736, 0.008862276561558247, -0.011908491142094135, 0.017119554802775383, -0.008582423441112041], [-0.0007623686105944216, -0.0012726187705993652, -0.0003814837837126106, -0.001545997685752809, -0.002494900021702051, 0.002890088828280568, -0.0031727259047329426, 0.00031458702869713306, 0.001892933971248567, -0.002596452133730054, 0.010617556050419807, -0.008582423441112041, 0.018113059923052788]], "metadata.audio_properties.analysis.downmix": "mix", "metadata.audio_properties.codec": "mp3", "metadata.audio_properties.md5_encoded": "5f9b7ad8f54148d77b3a0157fc755c18", "metadata.tags.file_name": "1182264572934103050.mp3", "metadata.version.essentia": "2.1-beta6-dev", "metadata.version.essentia_git_sha": "v2.1_beta5-1110-g77a6a954", "metadata.version.extractor": "music 2.0", "tonal.chords_key": "F#", "tonal.chords_scale": "minor", "tonal.key_edma.key": "D", "tonal.key_edma.scale": "major", "tonal.key_krumhansl.key": "D", "tonal.key_krumhansl.scale": "major", "tonal.key_temperley.key": "D", "tonal.key_temperley.scale": "major", "metadata.tags.encoding": ["Lavf58.45.100"]}, "essentia_models": [{"model_name": "genre_dortmund", "activations": {"alternative": "0.08110465", "blues": "0.0086569665", "electronic": "0.44731158", "folkcountry": "0.01299304", "funksoulrnb": "0.034703895", "jazz": "0.049954824", "pop": "0.04745994", "raphiphop": "0.09061233", "rock": "0.29754946"}}, {"model_name": "genre_rosamerica", "activations": {"classic": "0.1104482", 