{"song_id": "1182279655298957312", "download": "https://cdn.discordapp.com/attachments/1135911532732108921/1182279655298957312/chirp.mp4?ex=65841ebb&amp", "lyrics": "\u5728\u7530\u91ce\u95f4\uff0c\u6f2b\u6b65\u7740\u5c0f\u8def\uff0c\n\u4e61\u8ff9\u5370\u8c61\uff0c\u5524\u9192\u5fc3\u4e2d\u7684\u601d\u6545\u4e61\u3002\n\u7eff\u6811\u6210\u836b\uff0c\u9e1f\u8bed\u82b1\u9999\uff0c\n\u513f\u65f6\u7684\u8bb0\u5fc6\uff0c\u5982\u4eca\u4ecd\u5728\u68a6\u4e2d\u8361\u6f3e\u3002", "style": ["random"], "essentia_features": {"lowlevel.average_loudness": 0.9784181118011475, "lowlevel.barkbands_crest.mean": 12.418451309204102, "lowlevel.barkbands_crest.stdev": 6.387641906738281, "lowlevel.barkbands_flatness_db.mean": 0.22077903151512146, "lowlevel.barkbands_flatness_db.stdev": 0.11410457640886307, "lowlevel.barkbands_kurtosis.mean": 49.570518493652344, "lowlevel.barkbands_kurtosis.stdev": 99.56158447265625, "lowlevel.barkbands_skewness.mean": 2.9104881286621094, "lowlevel.barkbands_skewness.stdev": 5.751283168792725, "lowlevel.barkbands_spread.mean": 25.67342758178711, "lowlevel.barkbands_spread.stdev": 27.87696647644043, "lowlevel.dissonance.mean": 0.4627330005168915, "lowlevel.dissonance.stdev": 0.04733157530426979, "lowlevel.dynamic_complexity": 6.006298542022705, "lowlevel.erbbands_crest.mean": 10.112824440002441, "lowlevel.erbbands_crest.stdev": 6.658053398132324, "lowlevel.erbbands_flatness_db.mean": 0.16378185153007507, "lowlevel.erbbands_flatness_db.stdev": 0.0652894452214241, "lowlevel.erbbands_kurtosis.mean": 4.173238754272461, "lowlevel.erbbands_kurtosis.stdev": 9.557778358459473, "lowlevel.erbbands_skewness.mean": 0.11859311908483505, "lowlevel.erbbands_skewness.stdev": 1.989122986793518, "lowlevel.erbbands_spread.mean": 56.76744079589844, "lowlevel.erbbands_spread.stdev": 50.855865478515625, "lowlevel.hfc.mean": 35.61753845214844, "lowlevel.hfc.stdev": 66.89635467529297, "lowlevel.loudness_ebu128.integrated": -22.972204208374023, "lowlevel.loudness_ebu128.loudness_range": 3.560392379760742, "lowlevel.loudness_ebu128.momentary.mean": -24.094497680664062, "lowlevel.loudness_ebu128.momentary.stdev": 3.3331620693206787, "lowlevel.loudness_ebu128.short_term.mean": -23.350439071655273, "lowlevel.loudness_ebu128.short_term.stdev": 1.2913531064987183, "lowlevel.melbands_crest.mean": 20.168487548828125, "lowlevel.melbands_crest.stdev": 12.781458854675293, "lowlevel.melbands_flatness_db.mean": 0.2307894229888916, "lowlevel.melbands_flatness_db.stdev": 0.16294200718402863, "lowlevel.melbands_kurtosis.mean": 334.0981750488281, "lowlevel.melbands_kurtosis.stdev": 880.5789184570312, "lowlevel.melbands_skewness.mean": 8.972379684448242, "lowlevel.melbands_skewness.stdev": 14.582928657531738, "lowlevel.melbands_spread.mean": 58.45487594604492, "lowlevel.melbands_spread.stdev": 70.5906982421875, "lowlevel.pitch_salience.mean": 0.4466770887374878, "lowlevel.pitch_salience.stdev": 0.2609315514564514, "lowlevel.silence_rate_20dB.mean": 0.846576988697052, "lowlevel.silence_rate_20dB.stdev": 0.36039674282073975, "lowlevel.silence_rate_30dB.mean": 0.7622249126434326, "lowlevel.silence_rate_30dB.stdev": 0.42572152614593506, "lowlevel.silence_rate_60dB.mean": 0.33129584789276123, "lowlevel.silence_rate_60dB.stdev": 0.47068095207214355, "lowlevel.spectral_centroid.mean": 2591.214599609375, "lowlevel.spectral_centroid.stdev": 1730.5245361328125, "lowlevel.spectral_complexity.mean": 4.48716402053833, "lowlevel.spectral_complexity.stdev": 7.324216365814209, "lowlevel.spectral_decrease.mean": -4.091420535701218e-08, "lowlevel.spectral_decrease.stdev": 9.983636317656419e-08, "lowlevel.spectral_energy.mean": 0.15765023231506348, "lowlevel.spectral_energy.stdev": 0.38055869936943054, "lowlevel.spectral_energyband_high.mean": 0.002697685733437538, "lowlevel.spectral_energyband_high.stdev": 0.00604425510391593, "lowlevel.spectral_energyband_low.mean": 0.12506623566150665, "lowlevel.spectral_energyband_low.stdev": 0.32876095175743103, "lowlevel.spectral_energyband_middle_high.mean": 0.0019138094503432512, "lowlevel.spectral_energyband_middle_high.stdev": 0.00957409292459488, "lowlevel.spectral_energyband_middle_low.mean": 0.009563898667693138, "lowlevel.spectral_energyband_middle_low.stdev": 0.015812376514077187, "lowlevel.spectral_entropy.mean": 8.09048843383789, "lowlevel.spectral_entropy.stdev": 0.7507002353668213, "lowlevel.spectral_flux.mean": 0.17344462871551514, "lowlevel.spectral_flux.stdev": 0.23737846314907074, "lowlevel.spectral_kurtosis.mean": 1.0874253511428833, "lowlevel.spectral_kurtosis.stdev": 1.6709269285202026, "lowlevel.spectral_rms.mean": 0.007282052654772997, "lowlevel.spectral_rms.stdev": 0.010038768872618675, "lowlevel.spectral_rolloff.mean": 5282.763671875, "lowlevel.spectral_rolloff.stdev": 5581.47607421875, "lowlevel.spectral_skewness.mean": 1.0068097114562988, "lowlevel.spectral_skewness.stdev": 0.43862131237983704, "lowlevel.spectral_spread.mean": 8739194.0, "lowlevel.spectral_spread.stdev": 1593266.625, "lowlevel.spectral_strongpeak.mean": 0.9064631462097168, "lowlevel.spectral_strongpeak.stdev": 1.3680763244628906, "lowlevel.zerocrossingrate.mean": 0.1795293092727661, "lowlevel.zerocrossingrate.stdev": 0.15452350676059723, "metadata.audio_properties.analysis.equal_loudness": 0.0, "metadata.audio_properties.analysis.length": 37.951995849609375, "metadata.audio_properties.analysis.sample_rate": 44100.0, "metadata.audio_properties.analysis.start_time": 0.0, "metadata.audio_properties.bit_rate": 130476.0, "metadata.audio_properties.length": 37.95199966430664, "metadata.audio_properties.lossless": 0.0, "metadata.audio_properties.number_channels": 1.0, "metadata.audio_properties.replay_gain": -2.505918502807617, "metadata.audio_properties.sample_rate": 48000.0, "rhythm.beats_count": 68.0, "rhythm.beats_loudness.mean": 1.2732621431350708, "rhythm.beats_loudness.stdev": 0.33613431453704834, "rhythm.bpm": 109.35025024414062, "rhythm.bpm_histogram_first_peak_bpm": 110.0, "rhythm.bpm_histogram_first_peak_weight": 0.4477611780166626, "rhythm.bpm_histogram_second_peak_bpm": 0.0, "rhythm.bpm_histogram_second_peak_spread": 0.0, "rhythm.bpm_histogram_second_peak_weight": 0.0, "rhythm.danceability": 1.7025587558746338, "rhythm.onset_rate": 6.611417770385742, "tonal.chords_changes_rate": 0.08669108897447586, "tonal.chords_number_rate": 0.012210012413561344, "tonal.chords_strength.mean": 0.48990458250045776, "tonal.chords_strength.stdev": 0.08333232253789902, "tonal.hpcp_crest.mean": 13.498886108398438, "tonal.hpcp_crest.stdev": 9.313618659973145, "tonal.hpcp_entropy.mean": 2.3964180946350098, "tonal.hpcp_entropy.stdev": 1.1849157810211182, "tonal.key_edma.strength": 0.416232168674469, "tonal.key_krumhansl.strength": 0.41996318101882935, "tonal.key_temperley.strength": 0.40052318572998047, "tonal.tuning_diatonic_strength": 0.46001672744750977, "tonal.tuning_equal_tempered_deviation": 0.18502545356750488, "tonal.tuning_frequency": 434.193115234375, "tonal.tuning_nontempered_energy_ratio": 0.8379223346710205, "lowlevel.barkbands.mean": [0.07759939134120941, 0.0642603263258934, 0.0017523783026263118, 0.0011482109548524022, 0.0014166468754410744, 0.004788745194673538, 0.0014401215594261885, 0.00027128856163471937, 0.0002597868151497096, 0.0004039747000206262, 0.00030182546470314264, 0.0006185222300700843, 9.312829206464812e-05, 0.0001822015328798443, 0.00010392578406026587, 5.267189408186823e-05, 4.6038363507250324e-05, 6.328742892947048e-05, 9.496787242824212e-05, 0.00011460964742582291, 0.0001820911857066676, 0.0003151853452436626, 0.0004989270237274468, 0.00040424763574264944, 0.0006185385282151401, 0.0005969646736048162, 2.120756107615307e-05], "lowlevel.barkbands.stdev": [0.2110566794872284, 0.17946915328502655, 0.007015606854110956, 0.005321098957210779, 0.0037717607337981462, 0.010140951722860336, 0.005673268809914589, 0.0008798855706118047, 0.0012059729779139161, 0.002915625926107168, 0.0032715059351176023, 0.004815141204744577, 0.0011664379853755236, 0.0015037505654618144, 0.0005470197647809982, 0.00016405415954068303, 0.00010521225340198725, 0.0001378226443193853, 0.00023898233484942466, 0.0003322786360513419, 0.0005003804108127952, 0.0008152826339937747, 0.0012432559160515666, 0.000899219186976552, 0.0013987799175083637, 0.0014037479413673282, 6.818148540332913e-05], "lowlevel.erbbands.mean": [4.697382926940918, 4.144063472747803, 2.3843870162963867, 3.3555052280426025, 2.7967965602874756, 4.844119071960449, 23.187782287597656, 35.322898864746094, 33.05891418457031, 9.674741744995117, 7.687419414520264, 5.942717552185059, 14.049283027648926, 8.11142349243164, 15.27923583984375, 26.12347412109375, 6.017165184020996, 8.556135177612305, 5.644472122192383, 6.089488506317139, 2.875748634338379, 2.5850038528442383, 3.048943281173706, 4.822880268096924, 4.824278354644775, 5.301480770111084, 6.743678569793701, 7.749547004699707, 10.513004302978516, 14.78858470916748, 13.54388427734375, 7.902857303619385, 7.590810775756836, 6.368514537811279, 4.706729412078857, 2.580650806427002, 1.0979372262954712, 0.16792188584804535, 0.004194909706711769, 0.00033717192127369344], "lowlevel.erbbands.stdev": [13.07248306274414, 12.820366859436035, 8.704304695129395, 14.255977630615234, 11.663095474243164, 13.80265998840332, 56.370147705078125, 86.13064575195312, 103.06098937988281, 53.472164154052734, 27.09357261657715, 25.250598907470703, 99.45313262939453, 58.4322509765625, 170.1436309814453, 213.18458557128906, 42.152950286865234, 65.97431182861328, 33.24007797241211, 32.5346565246582, 6.725763320922852, 5.695786476135254, 6.914913177490234, 10.792037010192871, 12.242631912231445, 14.532211303710938, 20.517396926879883, 19.822389602661133, 27.46223258972168, 38.90022659301758, 33.044822692871094, 17.987667083740234, 16.91629981994629, 14.550030708312988, 10.762123107910156, 6.168111801147461, 2.585273504257202, 0.43029460310935974, 0.011382408440113068, 0.0008155064424499869], "lowlevel.gfcc.mean": [-93.79861450195312, -30.93537712097168, -69.36954498291016, 41.30976486206055, -68.72217559814453, 14.572710990905762, -49.62915802001953, 13.901822090148926, -25.209125518798828, 16.46478271484375, -11.418546676635742, 20.47049331665039, -7.182257652282715], "lowlevel.melbands.mean": [0.03385740518569946, 0.002092494396492839, 0.0005456979852169752, 0.0002353246381971985, 0.0006645997054874897, 0.0008574462844990194, 0.0004741825396195054, 8.422251994488761e-05, 6.344191933749244e-05, 3.5364035284146667e-05, 6.970829417696223e-05, 3.0241344575188123e-05, 4.505422475631349e-05, 6.591565761482343e-05, 3.912426109309308e-05, 1.0029309123638086e-05, 1.7609359929338098e-05, 1.0555529115663376e-05, 8.130476089718286e-06, 5.911333119001938e-06, 2.9721634291490773e-06, 2.7765922823164146e-06, 2.40290728470427e-06, 3.017091557921958e-06, 4.033806817460572e-06, 3.4168756428698543e-06, 3.687423486553598e-06, 3.392987991901464e-06, 4.034064204461174e-06, 4.56040015706094e-06, 4.414898285176605e-06, 5.886781309527578e-06, 6.3264105847338215e-06, 9.017478078021668e-06, 8.107500434562098e-06, 6.121431397332344e-06, 4.389429705042858e-06, 5.0822745834011585e-06, 5.49877722733072e-06, 5.393154879129725e-06], "lowlevel.melbands.stdev": [0.09157592803239822, 0.006921442225575447, 0.002276742598041892, 0.000789629528298974, 0.001534205162897706, 0.001999777741730213, 0.001498093013651669, 0.00047896013711579144, 0.0002554681268520653, 0.00015676923794671893, 0.000510257261339575, 0.00022553188318852335, 0.000516632804647088, 0.0005112114013172686, 0.0003552605921868235, 0.00012593419523909688, 0.00013974012108519673, 7.929018465802073e-05, 4.39237046521157e-05, 2.5788320272113197e-05, 6.71651832817588e-06, 6.457365543610649e-06, 5.357637292036088e-06, 7.069570983730955e-06, 9.038992175192107e-06, 9.355107067676727e-06, 9.658974704507273e-06, 9.748287993716076e-06, 1.3496475730789825e-05, 1.352699564449722e-05, 1.1111096682725474e-05, 1.6177782526938245e-05, 1.6116679034894332e-05, 2.4722226953599602e-05, 1.9925155356759205e-05, 1.4739131074748002e-05, 1.0061632565339096e-05, 1.1210633601876907e-05, 1.3318965102371294e-05, 1.2439926649676636e-05], "lowlevel.melbands128.mean": [0.05832101032137871, 0.053710754960775375, 0.019230399280786514, 0.003973402548581362, 0.0012725769774988294, 0.0008195572881959379, 0.0007342283497564495, 0.0004824515781365335, 0.00023832323495298624, 0.00018257510964758694, 0.00022689391335006803, 0.00040592183358967304, 0.0009363447315990925, 0.0008315279264934361, 0.0005655225249938667, 0.0011979296104982495, 0.000848453666549176, 0.0002059564139926806, 0.00021424503938760608, 7.367850776063278e-05, 3.6070985515834764e-05, 4.867437746725045e-05, 8.552752842660993e-05, 5.7066692534135655e-05, 2.6822421204997227e-05, 2.9014006940997206e-05, 4.112559327040799e-05, 0.00011293006537016481, 5.492182754096575e-05, 1.4247980288928375e-05, 3.340925832162611e-05, 3.260029916418716e-05, 4.3327272578608245e-05, 5.9269365010550246e-05, 4.408756285556592e-05, 6.403057341231033e-05, 0.00011487596930237487, 2.9157945391489193e-05, 5.732938916480634e-06, 5.3769858823216055e-06, 1.3920889614382759e-05, 1.2759676792484242e-05, 1.0473824659129605e-05, 2.9323251510504633e-05, 1.755250195856206e-05, 4.0423878999718e-06, 5.461550699692452e-06, 6.10572669756948e-06, 1.1775333405239508e-05, 9.324044185632374e-06, 4.0694217204872984e-06, 3.695202849485213e-06, 2.7230282739765244e-06, 2.6936038466374157e-06, 3.4683287140069297e-06, 2.866424665626255e-06, 2.15632326217019e-06, 2.118585598509526e-06, 2.642186927914736e-06, 2.6551540486252634e-06, 2.736379656198551e-06, 3.2626037409499986e-06, 4.68289726995863e-06, 4.184617864666507e-06, 3.186262802046258e-06, 3.5984849091619253e-06, 3.3304604585282505e-06, 3.2597797599009937e-06, 4.167342467553681e-06, 3.791637254835223e-06, 2.8545682653202675e-06, 3.5600821775005898e-06, 3.918057700502686e-06, 4.198047008685535e-06, 3.819843186647631e-06, 4.8523893383389805e-06, 4.928975613438524e-06, 4.014480055047898e-06, 4.065570465172641e-06, 4.890444870397914e-06, 6.085838322178461e-06, 6.421930720534874e-06, 5.455991413327865e-06, 5.445002443593694e-06, 7.744071808701847e-06, 9.376538400829304e-06, 9.531112482363824e-06, 8.374263416044414e-06, 7.83721679908922e-06, 8.20736477180617e-06, 7.3636197157611605e-06, 5.449162017612252e-06, 4.082800842297729e-06, 4.165174232184654e-06, 4.810502559848828e-06, 4.581646408041706e-06, 5.081372364657e-06, 5.83604787607328e-06, 5.752037850470515e-06, 5.211885309108766e-06, 4.959854777553119e-06, 5.415592568169814e-06, 5.858890745003009e-06, 6.01321380599984e-06, 5.411644906416768e-06, 5.136235813552048e-06, 4.3591985559032764e-06, 4.487946171138901e-06, 4.572276793624042e-06, 4.522756626101909e-06, 3.893128905474441e-06, 4.0549584809923545e-06, 3.8544540075236e-06, 2.826867103067343e-06, 2.4754340302024502e-06, 2.297339733559056e-06, 6.567044010807876e-07, 2.3500892609717994e-07, 4.729504610168078e-08, 1.357910939248086e-08, 1.4765108247161152e-08, 1.674222005476622e-08, 1.4699837791454229e-08, 1.407731886615693e-08, 1.2783694103291054e-08, 1.141948757776845e-08, 1.2919430858460146e-08, 1.3690699240953563e-08], "lowlevel.melbands128.stdev": [0.15541404485702515, 0.14930422604084015, 0.05524053797125816, 0.013853117823600769, 0.005033660680055618, 0.0033558851573616266, 0.003224266692996025, 0.0023128839675337076, 0.0011103095021098852, 0.0009150573168881238, 0.0008485388825647533, 0.001160041312687099, 0.002523069968447089, 0.0023699782323092222, 0.001935427077114582, 0.0038297176361083984, 0.0029312961269170046, 0.0012975014979019761, 0.0017821312649175525, 0.00044538313522934914, 0.00017050821043085307, 0.00020747180678881705, 0.0003895875997841358, 0.00039194367127493024, 0.0001885381352622062, 0.0001986351708183065, 0.00026836901088245213, 0.0008817289490252733, 0.0006118657765910029, 7.947611447889358e-05, 0.0004035771416965872, 0.00040722169796936214, 0.0006748501327820122, 0.0010200211545452476, 0.0005948713514953852, 0.0006385708693414927, 0.0011735543375834823, 0.0003220832149963826, 7.618130621267483e-05, 4.828130477108061e-05, 0.00022298823751043528, 0.0002246587973786518, 8.517762034898624e-05, 0.000346059154253453, 0.00017584786110091954, 2.7316624255036004e-05, 4.183735654805787e-05, 5.21922338521108e-05, 8.811861334834248e-05, 6.132532143965364e-05, 2.0901294192299247e-05, 1.543367216072511e-05, 7.312919478863478e-06, 6.930900326551637e-06, 1.0259645023324993e-05, 7.729674507572781e-06, 5.846678959642304e-06, 5.2457958190643694e-06, 6.388511792465579e-06, 7.398187335638795e-06, 8.519676157447975e-06, 7.4664280873548705e-06, 1.1540293598955031e-05, 1.0913368896581233e-05, 1.0284427844453603e-05, 1.1295363947283477e-05, 9.194569429382682e-06, 9.61137811827939e-06, 1.3142032003088389e-05, 1.028803762892494e-05, 8.350167263415642e-06, 1.1742271453840658e-05, 1.7118185496656224e-05, 1.539510049042292e-05, 1.1105016710644122e-05, 1.6228648746619e-05, 1.6368585420423187e-05, 1.0863354873436037e-05, 1.0708271474868525e-05, 1.4449539776251186e-05, 1.8164721041102894e-05, 2.04708194360137e-05, 1.5254125173669308e-05, 1.3386637874646112e-05, 2.394929833826609e-05, 2.7774331101682037e-05, 3.1729530746815726e-05, 2.0585966922226362e-05, 2.049186332442332e-05, 2.3045078705763444e-05, 1.919187889143359e-05, 1.340037488262169e-05, 1.1250616807956249e-05, 1.0101711268362124e-05, 1.2099470040993765e-05, 1.0519543138798326e-05, 1.182638243335532e-05, 1.4530941371049266e-05, 1.5669604181312025e-05, 1.4171770999382716e-05, 1.2271976629563142e-05, 1.3246410162537359e-05, 1.5675001122872345e-05, 1.498232813901268e-05, 1.3677846254722681e-05, 1.2344208698777948e-05, 1.1734769032045733e-05, 1.2201688150526024e-05, 1.199902908410877e-05, 1.1461889698693994e-05, 1.0574078260106035e-05, 1.0733656381489709e-05, 9.611898349248804e-06, 6.753882644261466e-06, 6.282322374318028e-06, 6.720865258103004e-06, 1.9996682567580137e-06, 9.81339326244779e-07, 2.6450433665559103e-07, 8.036725773763465e-08, 8.584680699641467e-08, 1.0661221949703759e-07, 9.365902542413096e-08, 8.27180599571875e-08, 7.236216958972363e-08, 6.7244336321437e-08, 7.422354286745758e-08, 8.415627661406688e-08], "lowlevel.mfcc.mean": [-754.4334716796875, 15.921638488769531, 40.562252044677734, 24.968534469604492, 10.320520401000977, 3.6375298500061035, -5.029780387878418, 0.28744757175445557, -5.8490753173828125, -2.875741958618164, 0.8467797636985779, 0.050750721246004105, 7.297484397888184], "lowlevel.spectral_contrast_coeffs.mean": [-0.693959653377533, -0.7575017213821411, -0.8169485330581665, -0.8384109735488892, -0.831311047077179, -0.8006694316864014], "lowlevel.spectral_contrast_coeffs.stdev": [0.14018121361732483, 0.14736850559711456, 0.08341288566589355, 0.05242973566055298, 0.036245252937078476, 0.0344238206744194], "lowlevel.spectral_contrast_valleys.mean": [-8.871164321899414, -8.852532386779785, -9.434250831604004, -9.117881774902344, -8.20810604095459, -9.53616714477539], "lowlevel.spectral_contrast_valleys.stdev": [1.993817687034607, 1.6594430208206177, 1.598405361175537, 1.0978962182998657, 0.8880726099014282, 0.9129505157470703], "rhythm.beats_loudness_band_ratio.mean": [0.990039050579071, 0.004304979462176561, 0.001382935792207718, 0.0005410866579040885, 0.00040054964483715594, 0.003918735776096582], "rhythm.beats_loudness_band_ratio.stdev": [0.009812136180698872, 0.008005760610103607, 0.0034364827442914248, 0.0027422381099313498, 0.0012471714289858937, 0.0016116973711177707], "tonal.hpcp.mean": [0.12014392018318176, 0.07340258359909058, 0.050392843782901764, 0.06802587956190109, 0.08587795495986938, 0.07593821734189987, 0.07065267860889435, 0.0875626653432846, 0.09890450537204742, 0.11495926976203918, 0.11764238774776459, 0.11508926749229431, 0.11327485740184784, 0.09677978605031967, 0.09829267859458923, 0.13096359372138977, 0.14015497267246246, 0.14595705270767212, 0.18761031329631805, 0.1679326593875885, 0.10451500117778778, 0.08443507552146912, 0.09049110114574432, 0.2312021255493164, 0.36129921674728394, 0.23799119889736176, 0.11994881927967072, 0.12490499764680862, 0.13048651814460754, 0.14918272197246552, 0.2002410888671875, 0.20459693670272827, 0.16113178431987762, 0.14426289498806, 0.1371338814496994, 0.135007843375206], "tonal.hpcp.stdev": [0.2316499799489975, 0.1529175341129303, 0.12932904064655304, 0.16482587158679962, 0.19159771502017975, 0.1754077672958374, 0.1674385666847229, 0.20159605145454407, 0.20489051938056946, 0.23407432436943054, 0.23576560616493225, 0.23032939434051514, 0.23456428945064545, 0.19699369370937347, 0.1896739900112152, 0.2571512758731842, 0.25732991099357605, 0.26336634159088135, 0.28486961126327515, 0.27760541439056396, 0.1856890469789505, 0.17106850445270538, 0.17983870208263397, 0.2631787955760956, 0.4221712648868561, 0.2639527916908264, 0.22846385836601257, 0.23542053997516632, 0.2458411008119583, 0.2544967532157898, 0.30816614627838135, 0.30484965443611145, 0.2680472135543823, 0.24733300507068634, 0.24475973844528198, 0.24321269989013672], "rhythm.beats_position": [0.5688889026641846, 1.1261677742004395, 1.6718367338180542, 2.217505693435669, 2.763174533843994, 3.320453405380249, 3.8661224842071533, 4.4117913246154785, 4.9690704345703125, 5.514739036560059, 6.060408115386963, 6.617686748504639, 7.174965858459473, 7.709024906158447, 8.254693984985352, 8.800362586975098, 9.357641220092773, 9.914920806884766, 10.448979377746582, 11.006258010864258, 11.55192756652832, 12.097596168518066, 12.643264770507812, 13.188934326171875, 13.74621295928955, 14.291881561279297, 14.83755111694336, 15.394829750061035, 15.940498352050781, 16.486167907714844, 17.031835556030273, 17.577505111694336, 18.134784698486328, 18.680452346801758, 19.22612190246582, 19.783401489257812, 20.329069137573242, 20.874738693237305, 21.432018280029297, 21.966075897216797, 22.52335548400879, 23.08063507080078, 23.61469268798828, 24.171972274780273, 24.729251861572266, 25.274919509887695, 25.820589065551758, 26.35464859008789, 26.91192626953125, 27.469205856323242, 28.003265380859375, 28.560543060302734, 29.117822647094727, 29.66349220275879, 30.20915985107422, 30.75482940673828, 31.300498962402344, 31.857776641845703, 32.403446197509766, 32.94911575317383, 33.50639343261719, 34.05206298828125, 34.59773254394531, 35.143402099609375, 35.68906784057617, 36.2463493347168, 36.79201889038086, 37.337684631347656], "rhythm.bpm_histogram": [0.0, 0.0, 0.0, 0.0, 0.0, 0.0, 0.0, 0.0, 0.0, 0.0, 0.0, 0.0, 0.0, 0.0, 0.0, 0.0, 0.0, 0.0, 0.0, 0.0, 0.0, 0.0, 0.0, 0.0, 0.0, 0.0, 0.0, 0.0, 0.0, 0.0, 0.0, 0.0, 0.0, 0.0, 0.0, 0.0, 0.0, 0.0, 0.0, 0.0, 0.0, 0.0, 0.0, 0.0, 0.0, 0.0, 0.0, 0.0, 0.0, 0.0, 0.0, 0.0, 0.0, 0.0, 0.0, 0.0, 0.0, 0.0, 0.0, 0.0, 0.0, 0.0, 0.0, 0.0, 0.0, 0.0, 0.0, 0.0, 0.0, 0.0, 0.0, 0.0, 0.0, 0.0, 0.0, 0.0, 0.0, 0.0, 0.0, 0.0, 0.0, 0.0, 0.0, 0.0, 0.0, 0.0, 0.0, 0.0, 0.0, 0.0, 0.0, 0.0, 0.0, 0.0, 0.0, 0.0, 0.0, 0.0, 0.0, 0.0, 0.0, 0.0, 0.0, 0.0, 0.0, 0.0, 0.0, 0.0, 0.35820895433425903, 0.0, 0.5522388219833374, 0.0, 0.08955223858356476, 0.0, 0.0, 0.0, 0.0, 0.0, 0.0, 0.0, 0.0, 0.0, 0.0, 0.0, 0.0, 0.0, 0.0, 0.0, 0.0, 0.0, 0.0, 0.0, 0.0, 0.0, 0.0, 0.0, 0.0, 0.0, 0.0, 0.0, 0.0, 0.0, 0.0, 0.0, 0.0, 0.0, 0.0, 0.0, 0.0, 0.0, 0.0, 0.0, 0.0, 0.0, 0.0, 0.0, 0.0, 0.0, 0.0, 0.0, 0.0, 0.0, 0.0, 0.0, 0.0, 0.0, 0.0, 0.0, 0.0, 0.0, 0.0, 0.0, 0.0, 0.0, 0.0, 0.0, 0.0, 0.0, 0.0, 0.0, 0.0, 0.0, 0.0, 0.0, 0.0, 0.0, 0.0, 0.0, 0.0, 0.0, 0.0, 0.0, 0.0, 0.0, 0.0, 0.0, 0.0, 0.0, 0.0, 0.0, 0.0, 0.0, 0.0, 0.0, 0.0, 0.0, 0.0, 0.0, 0.0, 0.0, 0.0, 0.0, 0.0, 0.0, 0.0, 0.0, 0.0, 0.0, 0.0, 0.0, 0.0, 0.0, 0.0, 0.0, 0.0, 0.0, 0.0, 0.0, 0.0, 0.0, 0.0, 0.0, 0.0, 0.0, 0.0, 0.0, 0.0, 0.0, 0.0, 0.0, 0.0, 0.0, 0.0, 0.0, 0.0, 0.0, 0.0, 0.0, 0.0, 0.0], "tonal.chords_histogram": [24.786325454711914, 1.831501841545105, 13.919413566589355, 3.0525031089782715, 3.296703338623047, 4.15140438079834, 7.0818071365356445, 0.0, 0.0, 6.715506553649902, 0.0, 1.0989011526107788, 0.6105006337165833, 0.0, 0.0, 0.0, 0.0, 0.0, 0.0, 0.24420024454593658, 0.12210012227296829, 0.0, 0.0, 33.089134216308594], "tonal.thpcp": [1.0, 0.6587094068527222, 0.3319930136203766, 0.3457106649875641, 0.36115914583206177, 0.412906289100647, 0.5542250871658325, 0.5662811398506165, 0.4459787905216217, 0.39928925037384033, 0.37955763936042786, 0.3736732304096222, 0.3325330317020416, 0.20316286385059357, 0.13947676122188568, 0.18828128278255463, 0.23769205808639526, 0.21018096804618835, 0.19555170834064484, 0.24235498905181885, 0.2737467885017395, 0.3181830048561096, 0.3256092965602875, 0.31854280829429626, 0.3135209083557129, 0.26786601543426514, 0.27205339074134827, 0.3624795973300934, 0.3879193961620331, 0.4039783179759979, 0.5192657709121704, 0.46480217576026917, 0.28927546739578247, 0.23369847238063812, 0.25046026706695557, 0.6399186849594116], "lowlevel.gfcc.cov": [[15051.322265625, 4914.0634765625, 1739.9019775390625, -244.9747314453125, 121.7750015258789, 45.57286071777344, 502.55975341796875, 354.9359436035156, 440.5372619628906, -10.836726188659668, 106.82910919189453, -46.115509033203125, 83.81758117675781], [4914.0634765625, 4379.8408203125, 869.822998046875, -534.4757080078125, -299.12255859375, -191.89816284179688, 68.96891021728516, 102.90605926513672, 253.13766479492188, -103.26506805419922, 117.092529296875, -41.09528350830078, 163.89303588867188], [1739.9019775390625, 869.822998046875, 1436.2803955078125, 861.621337890625, 526.0423583984375, 236.59092712402344, 350.3887634277344, 251.75413513183594, 286.5717468261719, 89.66960144042969, 82.33118438720703, 0.05937148630619049, -7.524287223815918], [-244.9747314453125, -534.4757080078125, 861.621337890625, 1099.00390625, 770.8502197265625, 483.0498352050781, 406.9235534667969, 221.97512817382812, 200.1082000732422, 134.29879760742188, 46.963279724121094, -6.652310371398926, -52.40796661376953], [121.7750015258789, -299.12255859375, 526.0423583984375, 770.8502197265625, 855.0181274414062, 638.8646240234375, 497.8917541503906, 177.63394165039062, 138.85546875, 108.36953735351562, 20.8642520904541, -61.438377380371094, -48.071510314941406], [45.57286071777344, -191.89816284179688, 236.59092712402344, 483.0498352050781, 638.8646240234375, 670.552734375, 503.3592834472656, 157.56436157226562, 84.15975952148438, 76.9456787109375, -29.85456085205078, -90.1526870727539, -43.149749755859375], [502.55975341796875, 68.96891021728516, 350.3887634277344, 406.9235534667969, 497.8917541503906, 503.3592834472656, 498.3218994140625, 220.06373596191406, 148.44259643554688, 78.61368560791016, -4.131123065948486, -65.8861312866211, -17.69780921936035], [354.9359436035156, 102.90605926513672, 251.75413513183594, 221.97512817382812, 177.63394165039062, 157.56436157226562, 220.06373596191406, 224.8585968017578, 179.7643280029297, 82.26931762695312, 52.80751037597656, 5.799315929412842, 12.915536880493164], [440.5372619628906, 253.13766479492188, 286.5717468261719, 200.1082000732422, 138.85546875, 84.15975952148438, 148.44259643554688, 179.7643280029297, 231.37921142578125, 125.20677185058594, 108.60596466064453, 37.752586364746094, 38.25511932373047], [-10.836726188659668, -103.26506805419922, 89.66960144042969, 134.29879760742188, 108.36953735351562, 76.9456787109375, 78.61368560791016, 82.26931762695312, 125.20677185058594, 157.42088317871094, 120.68684387207031, 52.72926712036133, 21.672889709472656], [106.82910919189453, 117.092529296875, 82.33118438720703, 46.963279724121094, 20.8642520904541, -29.85456085205078, -4.131123065948486, 52.80751037597656, 108.60596466064453, 120.68684387207031, 181.7996826171875, 103.23321533203125, 57.872657775878906], [-46.115509033203125, -41.09528350830078, 0.05937148630619049, -6.652310371398926, -61.438377380371094, -90.1526870727539, -65.8861312866211, 5.799315929412842, 37.752586364746094, 52.72926712036133, 103.23321533203125, 117.0540771484375, 70.99153137207031], [83.81758117675781, 163.89303588867188, -7.524287223815918, -52.40796661376953, -48.071510314941406, -43.149749755859375, -17.69780921936035, 12.915536880493164, 38.25511932373047, 21.672889709472656, 57.872657775878906, 70.99153137207031, 118.72138977050781]], "lowlevel.gfcc.icov": [[0.00012624083319678903, -0.00011744672519853339, -0.00014306193043012172, 0.00023927695292513818, -0.00021020097483415157, 0.00016241997946053743, -0.00015566780348308384, -8.173082460416481e-05, 8.197477291105315e-05, -0.00021791049221064895, 0.00032576764351688325, -0.00039594335248693824, 0.00022049760445952415], [-0.00011744672519853339, 0.0009055123082362115, -0.0010139644145965576, 0.0011562446597963572, 0.0003844594757538289, -0.0009195161983370781, 0.0003060387389268726, 0.0007139390800148249, -0.00147811823990196, 0.0020149319898337126, -0.0019363777246326208, 0.0018387030577287078, -0.0009786682203412056], [-0.00014306193043012172, -0.0010139644145965576, 0.003936134744435549, -0.00415448471903801, 0.00013892364222556353, 0.0028339570853859186, -0.0023076070938259363, 0.0006357266684062779, -0.00020122271962463856, -0.000250698794843629, 0.0005774531164206564, -0.000487194221932441, 0.0007098371279425919], [0.00023927695292513818, 0.0011562446597963572, -0.00415448471903801, 0.00803856085985899, -0.004342556931078434, -0.0015584616921842098, 0.0026738515589386225, -0.0015739859081804752, -0.0013969647698104382, 0.00018726264534052461, 0.001479024882428348, -0.00242914748378098, 0.0009126834920607507], [-0.00021020097483415157, 0.0003844594757538289, 0.00013892364222556353, -0.004342556931078434, 0.00993278343230486, -0.005975077860057354, -0.0012693624012172222, 0.003231317736208439, -0.001645315089263022, 0.0027839874383062124, -0.004740338772535324, 0.003419984830543399, -0.000693376234266907], [0.00016241997946053743, -0.0009195161983370781, 0.0028339570853859186, -0.0015584616921842098, -0.005975077860057354, 0.015528254210948944, -0.01155074778944254, 0.0018190453993156552, 0.00361829181201756, -0.0046789878979325294, 0.00281374785117805, 0.00028206518618389964, 9.900872100843117e-05], [-0.00015566780348308384, 0.0003060387389268726, -0.0023076070938259363, 0.0026738515589386225, -0.0012693624012172222, -0.01155074778944254, 0.018994586542248726, -0.010257341898977757, 0.0009229349088855088, -0.0003615708264987916, 0.001161967753432691, 0.0018624374642968178, -0.0019547147676348686], [-8.173082460416481e-05, 0.0007139390800148249, 0.0006357266684062779, -0.0015739859081804752, 0.003231317736208439, 0.0018190453993156552, -0.010257341898977757, 0.022119946777820587, -0.015761101618409157, 0.005452433601021767, -0.001212919712997973, -0.0009883492020890117, 0.0017172066727653146], [8.197477291105315e-05, -0.00147811823990196, -0.00020122271962463856, -0.0013969647698104382, -0.001645315089263022, 0.00361829181201756, 0.0009229349088855088, -0.015761101618409157, 0.026194695383310318, -0.013478665612637997, -0.00043434291728772223, 0.002863150555640459, -0.003626082791015506], [-0.00021791049221064895, 0.0020149319898337126, -0.000250698794843629, 0.00018726264534052461, 0.0027839874383062124, -0.0046789878979325294, -0.0003615708264987916, 0.005452433601021767, -0.013478665612637997, 0.02708577550947666, -0.01620950549840927, 0.0036457665264606476, 0.0013387802755460143], [0.00032576764351688325, -0.0019363777246326208, 0.0005774531164206564, 0.001479024882428348, -0.004740338772535324, 0.00281374785117805, 0.001161967753432691, -0.001212919712997973, -0.00043434291728772223, -0.01620950549840927, 0.028507424518465996, -0.020031264051795006, 0.003721745451912284], [-0.00039594335248693824, 0.0018387030577287078, -0.000487194221932441, -0.00242914748378098, 0.003419984830543399, 0.00028206518618389964, 0.0018624374642968178, -0.0009883492020890117, 0.002863150555640459, 0.0036457665264606476, -0.020031264051795006, 0.036164626479148865, -0.014938329346477985], [0.00022049760445952415, -0.0009786682203412056, 0.0007098371279425919, 0.0009126834920607507, -0.000693376234266907, 9.900872100843117e-05, -0.0019547147676348686, 0.0017172066727653146, -0.003626082791015506, 0.0013387802755460143, 0.003721745451912284, -0.014938329346477985, 0.017385784536600113]], "lowlevel.mfcc.cov": [[13757.5966796875, 4188.58154296875, 1234.508056640625, 106.2674331665039, -22.481727600097656, -45.539024353027344, 101.61692810058594, 254.7802734375, 261.5252380371094, 196.68470764160156, 67.52592468261719, -8.733635902404785, 88.86762237548828], [4188.58154296875, 3658.184814453125, 742.0538940429688, -225.55426025390625, -224.9762420654297, -287.89764404296875, -178.88671875, -6.121140956878662, 5.651363372802734, -19.30044937133789, -87.84476470947266, -91.98198699951172, 5.507842540740967], [1234.508056640625, 742.0538940429688, 938.2515869140625, 565.41650390625, 270.2169494628906, 110.54204559326172, 96.8584213256836, 181.20156860351562, 170.3910369873047, 104.71936798095703, 135.8841094970703, 141.4452362060547, 69.97004699707031], [106.2674331665039, -225.55426025390625, 565.41650390625, 686.5607299804688, 436.986328125, 284.4979553222656, 210.3030548095703, 213.3887176513672, 189.272216796875, 147.3516082763672, 179.35655212402344, 180.90206909179688, 87.2447738647461], [-22.481727600097656, -224.9762420654297, 270.2169494628906, 436.986328125, 439.83184814453125, 366.5437927246094, 265.72076416015625, 196.00743103027344, 173.43423461914062, 158.83360290527344, 148.76141357421875, 140.93028259277344, 80.78290557861328], [-45.539024353027344, -287.89764404296875, 110.54204559326172, 284.4979553222656, 366.5437927246094, 581.85693359375, 439.420654296875, 259.9757385253906, 256.234619140625, 235.57333374023438, 147.46214294433594, 107.99932098388672, 60.96575927734375], [101.61692810058594, -178.88671875, 96.8584213256836, 210.3030548095703, 265.72076416015625, 439.420654296875, 422.83721923828125, 263.739990234375, 239.62713623046875, 213.56698608398438, 131.5078887939453, 92.1044921875, 46.810150146484375], [254.7802734375, -6.121140956878662, 181.20156860351562, 213.3887176513672, 196.00743103027344, 259.9757385253906, 263.739990234375, 265.406982421875, 224.0220947265625, 168.3815155029297, 111.9603042602539, 82.62017059326172, 37.920406341552734], [261.5252380371094, 5.651363372802734, 170.3910369873047, 189.272216796875, 173.43423461914062, 256.234619140625, 239.62713623046875, 224.0220947265625, 266.57904052734375, 208.33998107910156, 116.2723159790039, 73.57359313964844, 44.85790252685547], [196.68470764160156, -19.30044937133789, 104.71936798095703, 147.3516082763672, 158.83360290527344, 235.57333374023438, 213.56698608398438, 168.3815155029297, 208.33998107910156, 224.75204467773438, 129.99769592285156, 83.55632781982422, 59.71936798095703], [67.52592468261719, -87.84476470947266, 135.8841094970703, 179.35655212402344, 148.76141357421875, 147.46214294433594, 131.5078887939453, 111.9603042602539, 116.2723159790039, 129.99769592285156, 160.93545532226562, 125.97728729248047, 81.3826904296875], [-8.733635902404785, -91.98198699951172, 141.4452362060547, 180.90206909179688, 140.93028259277344, 107.99932098388672, 92.1044921875, 82.62017059326172, 73.57359313964844, 83.55632781982422, 125.97728729248047, 157.6749725341797, 101.59049224853516], [88.86762237548828, 5.507842540740967, 69.97004699707031, 87.2447738647461, 80.78290557861328, 60.96575927734375, 46.810150146484375, 37.920406341552734, 44.85790252685547, 59.71936798095703, 81.3826904296875, 101.59049224853516, 126.94078826904297]], "lowlevel.mfcc.icov": [[0.00011737372551579028, -0.0001278750569326803, -3.23631611536257e-05, -4.154616908635944e-05, 4.14960813941434e-05, 3.2508294680155814e-05, -8.661951869726181e-05, -2.7750676963478327e-05, 1.0453096365381498e-05, -2.7225583835388534e-05, -7.383685442619026e-05, 0.00013870839029550552, -8.657397847855464e-05], [-0.0001278750569326803, 0.0007657500100322068, -0.0012399458792060614, 0.0015166968805715442, -0.0005828808643855155, 0.00015177956083789468, 0.0002226048381999135, -0.00038057606434449553, 0.0003833821101579815, -0.000508339493535459, 0.0003755895304493606, 0.00032948763691820204, -0.00037381917354650795], [-3.23631611536257e-05, -0.0012399458792060614, 0.005131229758262634, -0.005640421062707901, 0.00209723855368793, 4.8430749302497134e-05, 0.00010110002040164545, 0.00028251006733626127, -0.0017187847988680005, 0.001428457093425095, -0.0004255978565197438, -0.0010159591911360621, 0.0006664046086370945], [-4.154616908635944e-05, 0.0015166968805715442, -0.005640421062707901, 0.011593515053391457, -0.007954787462949753, 0.0012228484265506268, 0.0009677092311903834, -0.001000913674943149, -0.0005254863644950092, 0.00046702465624548495, -0.0007716364925727248, -0.0010356268612667918, 0.0008108520414680243], [4.14960813941434e-05, -0.0005828808643855155, 0.00209723855368793, -0.007954787462949753, 0.013187936507165432, -0.005979425739496946, 0.0014103378634899855, -0.0016696733655408025, 0.002674584276974201, -0.000906089844647795, 8.731645357329398e-05, -0.0008360854699276388, -0.0011404008837416768], [3.2508294680155814e-05, 0.00015177956083789468, 4.8430749302497134e-05, 0.0012228484265506268, -0.005979425739496946, 0.01238939631730318, -0.010785402730107307, 0.004222040995955467, -0.0029880970250815153, -0.0003681678790599108, 0.0006661220104433596, 0.0007025765953585505, -8.57794439070858e-05], [-8.661951869726181e-05, 0.0002226048381999135, 0.00010110002040164545, 0.0009677092311903834, 0.0014103378634899855, -0.010785402730107307, 0.01853235810995102, -0.010404463857412338, 0.003461966523900628, -0.0031747249886393547, -0.000187423822353594, -0.000587303307838738, 0.0007470540585927665], [-2.7750676963478327e-05, -0.00038057606434449553, 0.00028251006733626127, -0.001000913674943149, -0.0016696733655408025, 0.004222040995955467, -0.010404463857412338, 0.022058138623833656, -0.01535501517355442, 0.006007521878927946, -0.0013527778210118413, -0.0027894664090126753, 0.002549896715208888], [1.0453096365381498e-05, 0.0003833821101579815, -0.0017187847988680005, -0.0005254863644950092, 0.002674584276974201, -0.0029880970250815153, 0.003461966523900628, -0.01535501517355442, 0.028510622680187225, -0.018142370507121086, 0.0026874623727053404, 0.003150395816192031, -0.0014561585849151015], [-2.7225583835388534e-05, -0.000508339493535459, 0.001428457093425095, 0.00046702465624548495, -0.000906089844647795, -0.0003681678790599108, -0.0031747249886393547, 0.006007521878927946, -0.018142370507121086, 0.025857478380203247, -0.011330056004226208, 0.0022704896982759237, -0.0012445547617971897], [-7.383685442619026e-05, 0.0003755895304493606, -0.0004255978565197438, -0.0007716364925727248, 8.731645357329398e-05, 0.0006661220104433596, -0.000187423822353594, -0.0013527778210118413, 0.0026874623727053404, -0.011330056004226208, 0.027181454002857208, -0.015224313363432884, 3.636108885984868e-05], [0.00013870839029550552, 0.00032948763691820204, -0.0010159591911360621, -0.0010356268612667918, -0.0008360854699276388, 0.0007025765953585505, -0.000587303307838738, -0.0027894664090126753, 0.003150395816192031, 0.0022704896982759237, -0.015224313363432884, 0.028429582715034485, -0.012768283486366272], [-8.657397847855464e-05, -0.00037381917354650795, 0.0006664046086370945, 0.0008108520414680243, -0.0011404008837416768, -8.57794439070858e-05, 0.0007470540585927665, 0.002549896715208888, -0.0014561585849151015, -0.0012445547617971897, 3.636108885984868e-05, -0.012768283486366272, 0.01805483177304268]], "metadata.audio_properties.analysis.downmix": "mix", "metadata.audio_properties.codec": "mp3", "metadata.audio_properties.md5_encoded": "025be5d0d8da32023c7adfeca27d97a9", "metadata.tags.file_name": "1182279655298957312.mp3", "metadata.version.essentia": "2.1-beta6-dev", "metadata.version.essentia_git_sha": "v2.1_beta5-1110-g77a6a954", "metadata.version.extractor": "music 2.0", "tonal.chords_key": "C#", "tonal.chords_scale": "major", "tonal.key_edma.key": "F", "tonal.key_edma.scale": "minor", "tonal.key_krumhansl.key": "F", "tonal.key_krumhansl.scale": "minor", "tonal.key_temperley.key": "F", "tonal.key_temperley.scale": "minor", "metadata.tags.encoding": ["Lavf58.45.100"]}, "essentia_models": [{"model_name": "gen