{"song_id": "1182259811010752532", "download": "https://cdn.discordapp.com/attachments/1135911532732108921/1182259811010752532/chirp.mp4?ex=65840c40&amp", "lyrics": "\u0414\u0430\u0432\u0430\u0439 \u0437\u0434\u0456\u0439\u043c\u044b \u0441\u0432\u0456\u0439 \u0445\u0456\u0434 \u0434\u0443\u043c\u043e\u043a\n\u0427\u0435\u0440\u0435\u0437 \u0441\u043c\u0456\u0445 . \u0442\u0440\u0438\u0441\u0442\u0430 \u0448\u0456\u0441\u0442\u0434\u0435\u0441\u044f\u0442 \u043f'\u044f\u0442\u044c \u0440\u0430\u0437\u0438\u0432 \u0441\u0445\u0438\u0434 \u0441\u043e\u043d\u0446\u044f\n\u041e\u0441\u0456\u043d\u044c \u0431\u0443\u0434\u0435 \u0437\u043d\u043e\u0432\u0443 . \u0412\u0438\u0431\u0443\u0445\u043d\u0435 \u044f\u043a \u043d\u0430\u0434\u043d\u043e\u0432\u0430\n\u0422\u0438 \u043f\u0430\u043c'\u044f\u0442\u0430\u0454\u0448 \u0446\u0435 \u0441\u043b\u043e\u0432\u043e\n\u041a\u0440\u0438\u0441\u0442\u0430\u043b \u0432\u0456\u0437\u044c\u043c\u0443 \u0440\u0430\u043f\u0442\u043e\u0432\u043e\n\u041a\u0456\u043b\u043e\u043c\u0435\u0442\u0440\u043e\u0432\u0430 \u043d\u0430\u043f\u0456\u0432\u043f\u0440\u043e\u0432\u0456\u0434\u043d\u0438\u043a\u00d3\u0432\u0430\n\u0414\u043e\u0440\u043e\u0433\u0430 \u0446\u0432\u0456\u0442\u0435 \u0446\u0456\u0454\u044e \u0432\u0435\u0441\u043d\u043e\u044e\n\u0410 \u043a\u0440\u043e\u0432 \u0443 \u0440\u043e\u0442\u0456 \u0437\u043d\u0430\u0439\u043e\u043c\u0430\n\u0406 \u0441\u043d\u0456\u0433, \u044f\u043a \u0433\u0440\u0456\u043c, \u043d\u0435\u043c\u043e\u0432 \u0431\u0438\u0432 \u0433\u0440\u043e\u043c\u043e\u043c\n\u041e\u0441\u0456\u043d\u044c \u044f\u043a\u0430 \u043f\u043e\u0440\u043e\u0448\u0430 \u043a\u043e\u0436\u0435\u043d \u0440\u0430\u0437 \u0432\u0456\u0434\u043a\u043e\u0448\u0430 \u043d\u0435\u0431\u0435\u0437\u043f\u0435\u043a\n\u041d\u0430 \u0440\u0430\u0434\u0456\u043e\u0445\u0432\u0438\u043b\u0456 \u0447\u0435\u0442\u0432\u0435\u0440\u0442\u0438\u0439 \u043c\u043e\u0442\u043e\u0442\u0440\u0435\u043a\n\u0412\u0441\u0456 \u043f\u043b\u0430\u0447\u0443\u0442\u044c \u0434\u0436\u0435\u0440\u0433\u043e\u0447\u0443\u0442\u044c \u0433\u043e\u0440\u044f\u0442\u044c\n\u041f'\u044e\u0442\u044c \u043e\u0442\u0440\u0443\u0442\u0443 \u043f\u0443\u0441\u0442\u043e\u0442\u0438 \u0441\u043c\u0443\u0442\u0438 \u0434\u0437\u0435\u043b\u0435\u043d\u0447\u0430\u0442\u044c\n\u041d\u0435\u0432\u0430\u0436\u043b\u0438\u0432\u043e \u0432\u043e\u043d\u0438 \u043f\u043e\u0440\u043e\u0436\u043d\u0456 \u043d\u0430\u0437\u0430\u0432\u0436\u0434\u0438\n\u0412\u0441\u0456 \u0434\u043e \u043f\u0438\u0437\u0434\u0438, \u0432\u0441\u0435 \u0434\u043e \u043f\u0438\u0437\u0434\u0438", "style": ["Female Vocal</span><span>, punk</span><span>, Haunted house </span><span>, ska"], "essentia_features": {"lowlevel.average_loudness": 0.9583575129508972, "lowlevel.barkbands_crest.mean": 15.861180305480957, "lowlevel.barkbands_crest.stdev": 6.019548416137695, "lowlevel.barkbands_flatness_db.mean": 0.23969967663288116, "lowlevel.barkbands_flatness_db.stdev": 0.1019643172621727, "lowlevel.barkbands_kurtosis.mean": 58.168670654296875, "lowlevel.barkbands_kurtosis.stdev": 110.53778076171875, "lowlevel.barkbands_skewness.mean": 4.922353744506836, "lowlevel.barkbands_skewness.stdev": 3.884300947189331, "lowlevel.barkbands_spread.mean": 15.020269393920898, "lowlevel.barkbands_spread.stdev": 17.544540405273438, "lowlevel.dissonance.mean": 0.461514413356781, "lowlevel.dissonance.stdev": 0.03413521498441696, "lowlevel.dynamic_complexity": 1.7989585399627686, "lowlevel.erbbands_crest.mean": 9.618453025817871, "lowlevel.erbbands_crest.stdev": 4.424927711486816, "lowlevel.erbbands_flatness_db.mean": 0.14406393468379974, "lowlevel.erbbands_flatness_db.stdev": 0.04727240651845932, "lowlevel.erbbands_kurtosis.mean": 1.1340892314910889, "lowlevel.erbbands_kurtosis.stdev": 3.9830358028411865, "lowlevel.erbbands_skewness.mean": 0.5471842885017395, "lowlevel.erbbands_skewness.stdev": 1.205452799797058, "lowlevel.erbbands_spread.mean": 63.54185485839844, "lowlevel.erbbands_spread.stdev": 34.167091369628906, "lowlevel.hfc.mean": 24.986074447631836, "lowlevel.hfc.stdev": 23.7637939453125, "lowlevel.loudness_ebu128.integrated": -15.485404968261719, "lowlevel.loudness_ebu128.loudness_range": 1.7052192687988281, "lowlevel.loudness_ebu128.momentary.mean": -15.736310005187988, "lowlevel.loudness_ebu128.momentary.stdev": 1.5527342557907104, "lowlevel.loudness_ebu128.short_term.mean": -15.487367630004883, "lowlevel.loudness_ebu128.short_term.stdev": 0.5269710421562195, "lowlevel.melbands_crest.mean": 20.998069763183594, "lowlevel.melbands_crest.stdev": 7.050802230834961, "lowlevel.melbands_flatness_db.mean": 0.33958011865615845, "lowlevel.melbands_flatness_db.stdev": 0.11762693524360657, "lowlevel.melbands_kurtosis.mean": 106.12700653076172, "lowlevel.melbands_kurtosis.stdev": 141.6394500732422, "lowlevel.melbands_skewness.mean": 6.824409484863281, "lowlevel.melbands_skewness.stdev": 3.9437384605407715, "lowlevel.melbands_spread.mean": 9.20825481414795, "lowlevel.melbands_spread.stdev": 13.332290649414062, "lowlevel.pitch_salience.mean": 0.39599406719207764, "lowlevel.pitch_salience.stdev": 0.15808771550655365, "lowlevel.silence_rate_20dB.mean": 0.9988412261009216, "lowlevel.silence_rate_20dB.stdev": 0.034020815044641495, "lowlevel.silence_rate_30dB.mean": 0.6280417442321777, "lowlevel.silence_rate_30dB.stdev": 0.48333120346069336, "lowlevel.silence_rate_60dB.mean": 0.006373117212206125, "lowlevel.silence_rate_60dB.stdev": 0.07957751303911209, "lowlevel.spectral_centroid.mean": 1007.7484741210938, "lowlevel.spectral_centroid.stdev": 756.1178588867188, "lowlevel.spectral_complexity.mean": 12.286789894104004, "lowlevel.spectral_complexity.stdev": 9.808752059936523, "lowlevel.spectral_decrease.mean": -2.3411127259009845e-08, "lowlevel.spectral_decrease.stdev": 1.8315292393822347e-08, "lowlevel.spectral_energy.mean": 0.09062525629997253, "lowlevel.spectral_energy.stdev": 0.06931639462709427, "lowlevel.spectral_energyband_high.mean": 0.0017828606069087982, "lowlevel.spectral_energyband_high.stdev": 0.002817692933604121, "lowlevel.spectral_energyband_low.mean": 0.0744594857096672, "lowlevel.spectral_energyband_low.stdev": 0.07096372544765472, "lowlevel.spectral_energyband_middle_high.mean": 0.002064981497824192, "lowlevel.spectral_energyband_middle_high.stdev": 0.003086327575147152, "lowlevel.spectral_energyband_middle_low.mean": 0.014833365567028522, "lowlevel.spectral_energyband_middle_low.stdev": 0.013176454231142998, "lowlevel.spectral_entropy.mean": 7.306585311889648, "lowlevel.spectral_entropy.stdev": 0.6566664576530457, "lowlevel.spectral_flux.mean": 0.11165806651115417, "lowlevel.spectral_flux.stdev": 0.07151572406291962, "lowlevel.spectral_kurtosis.mean": 3.6107187271118164, "lowlevel.spectral_kurtosis.stdev": 3.475820302963257, "lowlevel.spectral_rms.mean": 0.008726818487048149, "lowlevel.spectral_rms.stdev": 0.0035010722931474447, "lowlevel.spectral_rolloff.mean": 624.9365844726562, "lowlevel.spectral_rolloff.stdev": 1282.9259033203125, "lowlevel.spectral_skewness.mean": 1.3631539344787598, "lowlevel.spectral_skewness.stdev": 0.6445439457893372, "lowlevel.spectral_spread.mean": 5410495.5, "lowlevel.spectral_spread.stdev": 1926944.25, "lowlevel.spectral_strongpeak.mean": 0.7336108684539795, "lowlevel.spectral_strongpeak.stdev": 0.48857569694519043, "lowlevel.zerocrossingrate.mean": 0.03743583709001541, "lowlevel.zerocrossingrate.stdev": 0.03643978014588356, "metadata.audio_properties.analysis.equal_loudness": 0.0, "metadata.audio_properties.analysis.length": 40.04265213012695, "metadata.audio_properties.analysis.sample_rate": 44100.0, "metadata.audio_properties.analysis.start_time": 0.0, "metadata.audio_properties.bit_rate": 123919.0, "metadata.audio_properties.length": 40.042667388916016, "metadata.audio_properties.lossless": 0.0, "metadata.audio_properties.number_channels": 1.0, "metadata.audio_properties.replay_gain": -8.634889602661133, "metadata.audio_properties.sample_rate": 48000.0, "rhythm.beats_count": 86.0, "rhythm.beats_loudness.mean": 0.08943663537502289, "rhythm.beats_loudness.stdev": 0.05122087523341179, "rhythm.bpm": 129.94915771484375, "rhythm.bpm_histogram_first_peak_bpm": 129.0, "rhythm.bpm_histogram_first_peak_weight": 0.34117645025253296, "rhythm.bpm_histogram_second_peak_bpm": 0.0, "rhythm.bpm_histogram_second_peak_spread": 0.0, "rhythm.bpm_histogram_second_peak_weight": 0.0, "rhythm.danceability": 1.424147605895996, "rhythm.onset_rate": 3.1457202434539795, "tonal.chords_changes_rate": 0.05787036940455437, "tonal.chords_number_rate": 0.011574073694646358, "tonal.chords_strength.mean": 0.5678868889808655, "tonal.chords_strength.stdev": 0.13355407118797302, "tonal.hpcp_crest.mean": 12.446378707885742, "tonal.hpcp_crest.stdev": 5.522129058837891, "tonal.hpcp_entropy.mean": 2.1517903804779053, "tonal.hpcp_entropy.stdev": 0.8025169968605042, "tonal.key_edma.strength": 0.7132972478866577, "tonal.key_krumhansl.strength": 0.7213053703308105, "tonal.key_temperley.strength": 0.7271440029144287, "tonal.tuning_diatonic_strength": 0.615437388420105, "tonal.tuning_equal_tempered_deviation": 0.14636363089084625, "tonal.tuning_frequency": 441.0177917480469, "tonal.tuning_nontempered_energy_ratio": 0.8238818645477295, "lowlevel.barkbands.mean": [0.00212352117523551, 0.05974949896335602, 0.010178700089454651, 0.006673774681985378, 0.004655549768358469, 0.0012503425823524594, 0.0004367215733509511, 0.0008060529944486916, 0.0007410406251437962, 0.00035741503234021366, 0.0003437304694671184, 0.00038342372863553464, 0.00016224053979385644, 0.0002112525253323838, 9.627330291550606e-05, 7.464709779014811e-05, 8.076846279436722e-05, 9.911428060149774e-05, 0.00022642206749878824, 0.0003791502967942506, 0.0003502159961499274, 0.00041105467244051397, 0.00024503207532688975, 0.0003005897451657802, 0.000206814642297104, 7.197376544354483e-05, 9.955894711310975e-06], "lowlevel.barkbands.stdev": [0.0029750284738838673, 0.06753331422805786, 0.013946987688541412, 0.007494771387428045, 0.006440961733460426, 0.0021171371918171644, 0.0010741722071543336, 0.0021279596257954836, 0.002433585235849023, 0.0010568896541371942, 0.0011654198169708252, 0.001317445421591401, 0.0005097617395222187, 0.000509748118929565, 0.00019622982654254884, 0.00015148533566389233, 0.00015971428365446627, 0.0003102946502622217, 0.00041906978003680706, 0.0006195852183736861, 0.0006683722604066133, 0.0007431781850755215, 0.0004522675590123981, 0.0005582128069363534, 0.00043596694013103843, 0.00015217169129755348, 1.8736203855951317e-05], "lowlevel.erbbands.mean": [2.2365565299987793, 11.225378036499023, 13.716365814208984, 15.633397102355957, 21.543142318725586, 14.238492012023926, 12.272004127502441, 10.540874481201172, 6.043578624725342, 17.619396209716797, 11.439945220947266, 15.591202735900879, 18.56223487854004, 8.116512298583984, 16.33776092529297, 14.35680103302002, 7.982215404510498, 11.374448776245117, 5.74187707901001, 4.831992149353027, 4.31574010848999, 4.587582111358643, 5.065652847290039, 9.03416919708252, 13.967528343200684, 16.92522621154785, 16.559635162353516, 12.085650444030762, 15.882225036621094, 11.209542274475098, 6.135638236999512, 5.495025157928467, 5.410098552703857, 3.393091917037964, 0.73366379737854, 0.2202356606721878, 0.1540832221508026, 0.04216406121850014, 0.0010461120400577784, 0.0001278798299608752], "lowlevel.erbbands.stdev": [2.7367589473724365, 13.03608226776123, 17.043882369995117, 14.345190048217773, 28.330419540405273, 24.67530059814453, 19.988651275634766, 19.87328338623047, 11.288084983825684, 47.436153411865234, 26.196626663208008, 59.42246627807617, 55.84259033203125, 29.50728416442871, 51.92534637451172, 44.628639221191406, 21.491010665893555, 26.437416076660156, 10.289437294006348, 9.245054244995117, 8.610767364501953, 9.173840522766113, 16.764184951782227, 18.746540069580078, 25.342334747314453, 26.636157989501953, 30.561111450195312, 22.597274780273438, 29.490724563598633, 20.51009178161621, 11.366239547729492, 10.74120807647705, 10.138139724731445, 7.03375244140625, 1.6937497854232788, 0.6061822175979614, 0.3228764832019806, 0.07614342868328094, 0.0017996903043240309, 8.803232049103826e-05], "lowlevel.gfcc.mean": [-10.754369735717773, 94.09635925292969, -64.72399139404297, 61.49954605102539, -39.07280349731445, 22.89480972290039, -16.571409225463867, 5.265612602233887, -25.95791244506836, 6.523989677429199, -9.299442291259766, -10.107053756713867, -5.134472370147705], "lowlevel.melbands.mean": [0.018000777810811996, 0.0093710757791996, 0.0031249721068888903, 0.001150331343524158, 0.0005115001113153994, 0.0002317164617124945, 9.01293387869373e-05, 0.00020101443806197494, 8.891896140994504e-05, 0.00010594601917546242, 8.893819176591933e-05, 2.730616688495502e-05, 4.893491859547794e-05, 4.7530662413919345e-05, 2.9033340979367495e-05, 1.3471597412717529e-05, 2.2715370505466126e-05, 9.370104635308962e-06, 7.314156391657889e-06, 5.561961643252289e-06, 4.939988684782293e-06, 4.6688733164046425e-06, 4.5046795094094705e-06, 4.727756731881527e-06, 7.448737960658036e-06, 8.912861630960833e-06, 1.249586512130918e-05, 1.0706577086239122e-05, 1.0856426342797931e-05, 9.024200153362472e-06, 6.025552465871442e-06, 9.099494491238147e-06, 7.995014129846822e-06, 5.665409844368696e-06, 3.5151927022525342e-06, 3.057571120734792e-06, 3.4603649510245305e-06, 3.790227083300124e-06, 4.161937795288395e-06, 2.3443344616680406e-06], "lowlevel.melbands.stdev": [0.02101931720972061, 0.009342622011899948, 0.0030007450841367245, 0.0014683081535622478, 0.0008664507186040282, 0.0004215680528432131, 0.00017077181837521493, 0.0005473734927363694, 0.00023258585133589804, 0.00040427883504889905, 0.0002730682899709791, 0.00011139824346173555, 0.00015372810594271868, 0.0001650347257964313, 0.00010748676868388429, 4.009246185887605e-05, 5.547683031181805e-05, 1.932911982294172e-05, 1.585521749802865e-05, 1.0976512385241222e-05, 1.0018925422627944e-05, 9.493094694335014e-06, 1.0755409675766714e-05, 1.733975841489155e-05, 1.5685274775023572e-05, 1.6744221284170635e-05, 2.32014663197333e-05, 1.6854053683346137e-05, 2.0759272956638597e-05, 1.8416492821415886e-05, 1.1529946277732961e-05, 1.723510467854794e-05, 1.49746438182774e-05, 1.0776324415928684e-05, 6.684718755423091e-06, 6.056491656636354e-06, 6.988932454987662e-06, 7.2224761424877215e-06, 8.517244168615434e-06, 4.958256795362104e-06], "lowlevel.melbands128.mean": [0.002071000635623932, 0.018528539687395096, 0.02542877197265625, 0.016075415536761284, 0.008250882849097252, 0.0044447509571909904, 0.002740278607234359, 0.0038436511531472206, 0.002140588127076626, 0.0005944155273027718, 0.0008199878502637148, 0.0007691948558203876, 0.00038041899097152054, 0.000267359777353704, 0.00025034433929249644, 0.0002246134972665459, 0.00012043390597682446, 3.75121489923913e-05, 7.461381028406322e-05, 0.0002495992521289736, 0.00026417223853059113, 6.28841808065772e-05, 7.636838563485071e-05, 9.53341877902858e-05, 8.324236841872334e-05, 0.00011974232620559633, 0.00013095125905238092, 0.00011279836326139048, 2.435116039123386e-05, 1.2515608432295267e-05, 3.723515692399815e-05, 3.835943789454177e-05, 3.941624891012907e-05, 6.998902244959027e-05, 5.513783253263682e-05, 4.045114110340364e-05, 3.319588358863257e-05, 3.587567698559724e-05, 2.183361357310787e-05, 1.0718671546783298e-05, 1.2121787221985869e-05, 1.4882888535794336e-05, 2.711233901209198e-05, 2.7648215109365992e-05, 9.500831765762996e-06, 6.161580131447408e-06, 7.809228918631561e-06, 7.663594260520767e-06, 7.328288120334037e-06, 6.01060264671105e-06, 5.0615549298527185e-06, 5.546459306060569e-06, 4.51492860520375e-06, 5.207703452470014e-06, 4.759724106406793e-06, 4.31540138379205e-06, 4.971588623448042e-06, 4.593702215061057e-06, 4.436884864844615e-06, 4.064858330821153e-06, 4.503525360632921e-06, 5.117746695759706e-06, 6.7950968514196575e-06, 8.452762813249137e-06, 7.921727956272662e-06, 8.906034054234624e-06, 9.177252650260925e-06, 1.0654857760528103e-05, 1.4661723980680108e-05, 1.367532149743056e-05, 9.037100426212419e-06, 9.693811989563983e-06, 1.229074132425012e-05, 1.150823572970694e-05, 8.682787665748037e-06, 9.654154382587876e-06, 9.84833877737401e-06, 5.487399903358892e-06, 5.620096999336965e-06, 5.476216756505892e-06, 8.967003850557376e-06, 1.1357662515365519e-05, 8.598587555752601e-06, 8.431175956502557e-06, 6.339270839816891e-06, 6.100827249611029e-06, 5.563440026890021e-06, 4.389685727801407e-06, 3.2206748983298894e-06, 3.132357733193203e-06, 2.8805507099605165e-06, 2.986701474583242e-06, 3.4138886348955566e-06, 3.200728087904281e-06, 3.4751781186059816e-06, 4.715231625596061e-06, 3.4308131944271736e-06, 3.0172034257702762e-06, 4.794854248757474e-06, 4.565825747704366e-06, 3.183271019224776e-06, 1.95330221686163e-06, 1.3032117749389727e-06, 1.049048137247155e-06, 5.939747325101052e-07, 5.174040893507481e-07, 6.029636665516591e-07, 4.82859945805103e-07, 2.7661656076816143e-07, 2.352522301407589e-07, 3.186142691902205e-07, 3.6922361346114485e-07, 6.012736548655084e-07, 6.686927349619509e-07, 4.4943834609512123e-07, 5.010209065403615e-07, 3.768857368413592e-07, 8.229302750351053e-08, 3.7582711942540925e-10, 7.156308184930182e-11, 3.8065901125650115e-11, 1.9831846234663608e-11, 1.7534808674501967e-11, 1.72031729139821e-11, 1.678712203967425e-11, 1.6295739063698633e-11, 1.6003165806410813e-11, 1.5892145238671773e-11], "lowlevel.melbands128.stdev": [0.0029416093602776527, 0.023915918543934822, 0.031619202345609665, 0.019694548100233078, 0.01108167227357626, 0.005500674247741699, 0.0028369086794555187, 0.004602008033543825, 0.003225883236154914, 0.0012178017059341073, 0.0016468118410557508, 0.001699667191132903, 0.0007118121138773859, 0.0006312524783425033, 0.0006175203016027808, 0.0005099444533698261, 0.00030970756779424846, 9.430154750589281e-05, 0.00024203190696425736, 0.0007432235288433731, 0.0008160953293554485, 0.00019575157784856856, 0.000308411632431671, 0.0003989669494330883, 0.0004654283111449331, 0.0006438542623072863, 0.0005365739343687892, 0.0003827070177067071, 7.64668729971163e-05, 5.5647607950959355e-05, 0.00020798870536964387, 0.00020320597104728222, 0.00016670965123921633, 0.00030785350827500224, 0.0002904717402998358, 0.00019285276357550174, 0.00015554709534626454, 0.000188282661838457, 8.737800817470998e-05, 3.847068364848383e-05, 6.0038517403882e-05, 5.104512820253149e-05, 8.196529961423948e-05, 9.865658648777753e-05, 2.6513071134104393e-05, 1.3705222045246046e-05, 1.9827182768494822e-05, 2.1653573639923707e-05, 2.04173156816978e-05, 1.3550253243010957e-05, 1.1582444130908698e-05, 2.083079016301781e-05, 9.824158041737974e-06, 1.2105817404517438e-05, 1.103927115764236e-05, 1.0309507160854992e-05, 1.2572532796184532e-05, 1.0908997865044512e-05, 1.1313530194456689e-05, 2.2463871573563665e-05, 2.1288811694830656e-05, 1.5801164408912882e-05, 1.597272785147652e-05, 2.3644852262805216e-05, 1.5103466466825921e-05, 2.004917223530356e-05, 2.1503108655451797e-05, 2.2824919142294675e-05, 2.9666893169633113e-05, 2.705041151784826e-05, 1.6079544366220944e-05, 1.681637149886228e-05, 3.0943177989684045e-05, 2.4393451894866303e-05, 2.0175775716779754e-05, 2.2014246496837586e-05, 2.0529174435068853e-05, 1.1933586392842699e-05, 1.2323899682087358e-05, 1.1206241651962046e-05, 1.8203931176685728e-05, 2.428528205200564e-05, 1.8162325432058424e-05, 1.680867535469588e-05, 1.3100866453896742e-05, 1.2670820979110431e-05, 1.1435003216320183e-05, 9.34868603508221e-06, 6.7025339376414195e-06, 6.4506511989748105e-06, 6.375412795023294e-06, 6.447683972510276e-06, 7.465048383892281e-06, 7.559908681287197e-06, 7.398201887554023e-06, 9.561897968524136e-06, 7.2385178100375924e-06, 6.275178748182952e-06, 1.0085364010592457e-05, 1.0264107913826592e-05, 7.858194294385612e-06, 4.161230663157767e-06, 3.017753670064849e-06, 3.0296860131784342e-06, 1.6639509112792439e-06, 1.498091251050937e-06, 1.8727467931967112e-06, 1.5073482018124196e-06, 9.369250619783998e-07, 8.581548058828048e-07, 1.1563208772713551e-06, 1.0157488077311427e-06, 1.320810838478792e-06, 1.3888849252907676e-06, 9.326236636297836e-07, 9.467545964980673e-07, 7.125796059881395e-07, 1.7993461653986742e-07, 5.442856831905374e-09, 1.928323722921732e-09, 5.413950399102418e-10, 7.032264354167594e-11, 2.980097765781231e-11, 2.898167469900237e-11, 2.6775824613078925e-11, 2.456605058265282e-11, 2.4050789138030382e-11, 2.392102141368646e-11], "lowlevel.mfcc.mean": [-668.6017456054688, 118.06400299072266, 40.67029571533203, 48.6741943359375, 16.2506046295166, 22.399051666259766, 27.530475616455078, -1.7062292098999023, 8.514756202697754, 7.631049633026123, 0.5433444380760193, -0.22074104845523834, 2.966360092163086], "lowlevel.spectral_contrast_coeffs.mean": [-0.6755775213241577, -0.7488628029823303, -0.7854427099227905, -0.8221333026885986, -0.7940446734428406, -0.7457567453384399], "lowlevel.spectral_contrast_coeffs.stdev": [0.06319810450077057, 0.0911889374256134, 0.08193076401948929, 0.0484333410859108, 0.04423697292804718, 0.04131228104233742], "lowlevel.spectral_contrast_valleys.mean": [-6.128660678863525, -7.413723468780518, -7.953227996826172, -8.141860961914062, -7.793050765991211, -10.475563049316406], "lowlevel.spectral_contrast_valleys.stdev": [0.6487650871276855, 0.6990745067596436, 0.7090607285499573, 0.6970850229263306, 0.8775393962860107, 1.419452428817749], "rhythm.beats_loudness_band_ratio.mean": [0.6875843405723572, 0.1874030977487564, 0.06681686639785767, 0.0440882183611393, 0.009670482017099857, 0.04276661202311516], "rhythm.beats_loudness_band_ratio.stdev": [0.2372445911169052, 0.1876503974199295, 0.07729697227478027, 0.09040567278862, 0.008453861810266972, 0.04299374669790268], "tonal.hpcp.mean": [0.09630493819713593, 0.08612369000911713, 0.1622089445590973, 0.26473918557167053, 0.18481554090976715, 0.057169824838638306, 0.0439811535179615, 0.03996076062321663, 0.06401843577623367, 0.07290638238191605, 0.04290392994880676, 0.023231538012623787, 0.015866650268435478, 0.014934422448277473, 0.019650617614388466, 0.030493490397930145, 0.05065544322133064, 0.13459938764572144, 0.19688989222049713, 0.11981549859046936, 0.044057440012693405, 0.03185584768652916, 0.022366724908351898, 0.04898148030042648, 0.14827486872673035, 0.14130745828151703, 0.0462513267993927, 0.0220557302236557, 0.02260895073413849, 0.07725046575069427, 0.10925748944282532, 0.09814152866601944, 0.14433830976486206, 0.1598699539899826, 0.12487625330686569, 0.11589036881923676], "tonal.hpcp.stdev": [0.25611039996147156, 0.2137838900089264, 0.27710509300231934, 0.37701550126075745, 0.28213468194007874, 0.16743503510951996, 0.16149894893169403, 0.14352239668369293, 0.18294432759284973, 0.18749085068702698, 0.1359199583530426, 0.09697417169809341, 0.0834776982665062, 0.07873868197202682, 0.09782782942056656, 0.12159081548452377, 0.16544118523597717, 0.2629244923591614, 0.36104363203048706, 0.24467071890830994, 0.13993750512599945, 0.12696145474910736, 0.09667027741670609, 0.1256321370601654, 0.2686743140220642, 0.26114121079444885, 0.13372251391410828, 0.09958601742982864, 0.09581513702869415, 0.20864492654800415, 0.27766719460487366, 0.2244299054145813, 0.31406742334365845, 0.3254605829715729, 0.27900177240371704, 0.27987590432167053], "rhythm.beats_position": [0.4760090708732605, 0.952018141746521, 1.4164172410964966, 1.8808163404464722, 2.345215320587158, 2.798004388809204, 3.250793695449829, 3.7151927947998047, 4.179591655731201, 4.643990993499756, 5.108389854431152, 5.572789192199707, 6.0371880531311035, 6.501587390899658, 6.954376220703125, 7.41877555847168, 7.8715643882751465, 8.335963249206543, 8.800362586975098, 9.264761924743652, 9.729161262512207, 10.181949615478516, 10.63473892211914, 11.099138259887695, 11.56353759765625, 12.027935981750488, 12.480725288391113, 12.956734657287598, 13.421133995056152, 13.88553237915039, 14.338321685791016, 14.80272102355957, 15.255510330200195, 15.719908714294434, 16.184309005737305, 16.648706436157227, 17.10149574279785, 17.565895080566406, 18.01868438720703, 18.483083724975586, 18.94748306274414, 19.411882400512695, 19.87628173828125, 20.3522891998291, 20.805078506469727, 21.25786781311035, 21.710657119750977, 22.17505645751953, 22.639455795288086, 23.10385513305664, 23.568254470825195, 24.032651901245117, 24.497051239013672, 24.961450576782227, 25.41423988342285, 25.867029190063477, 26.33142852783203, 26.795827865600586, 27.24861717224121, 27.724624633789062, 28.189023971557617, 28.653423309326172, 29.106212615966797, 29.57061195373535, 30.023401260375977, 30.48780059814453, 30.952198028564453, 31.416597366333008, 31.880996704101562, 32.34539794921875, 32.79818344116211, 33.250972747802734, 33.71537399291992, 34.179771423339844, 34.63256072998047, 35.10857009887695, 35.57297134399414, 36.03736877441406, 36.49015808105469, 36.94294738769531, 37.407344818115234, 37.87174606323242, 38.336143493652344, 38.80054473876953, 39.26494216918945, 39.72934341430664], "rhythm.bpm_histogram": [0.0, 0.0, 0.0, 0.0, 0.0, 0.0, 0.0, 0.0, 0.0, 0.0, 0.0, 0.0, 0.0, 0.0, 0.0, 0.0, 0.0, 0.0, 0.0, 0.0, 0.0, 0.0, 0.0, 0.0, 0.0, 0.0, 0.0, 0.0, 0.0, 0.0, 0.0, 0.0, 0.0, 0.0, 0.0, 0.0, 0.0, 0.0, 0.0, 0.0, 0.0, 0.0, 0.0, 0.0, 0.0, 0.0, 0.0, 0.0, 0.0, 0.0, 0.0, 0.0, 0.0, 0.0, 0.0, 0.0, 0.0, 0.0, 0.0, 0.0, 0.0, 0.0, 0.0, 0.0, 0.0, 0.0, 0.0, 0.0, 0.0, 0.0, 0.0, 0.0, 0.0, 0.0, 0.0, 0.0, 0.0, 0.0, 0.0, 0.0, 0.0, 0.0, 0.0, 0.0, 0.0, 0.0, 0.0, 0.0, 0.0, 0.0, 0.0, 0.0, 0.0, 0.0, 0.0, 0.0, 0.0, 0.0, 0.0, 0.0, 0.0, 0.0, 0.0, 0.0, 0.0, 0.0, 0.0, 0.0, 0.0, 0.0, 0.0, 0.0, 0.0, 0.0, 0.0, 0.0, 0.0, 0.0, 0.0, 0.0, 0.0, 0.0, 0.0, 0.0, 0.0, 0.0, 0.05882352963089943, 0.0, 0.0, 0.658823549747467, 0.0, 0.0, 0.0, 0.2823529541492462, 0.0, 0.0, 0.0, 0.0, 0.0, 0.0, 0.0, 0.0, 0.0, 0.0, 0.0, 0.0, 0.0, 0.0, 0.0, 0.0, 0.0, 0.0, 0.0, 0.0, 0.0, 0.0, 0.0, 0.0, 0.0, 0.0, 0.0, 0.0, 0.0, 0.0, 0.0, 0.0, 0.0, 0.0, 0.0, 0.0, 0.0, 0.0, 0.0, 0.0, 0.0, 0.0, 0.0, 0.0, 0.0, 0.0, 0.0, 0.0, 0.0, 0.0, 0.0, 0.0, 0.0, 0.0, 0.0, 0.0, 0.0, 0.0, 0.0, 0.0, 0.0, 0.0, 0.0, 0.0, 0.0, 0.0, 0.0, 0.0, 0.0, 0.0, 0.0, 0.0, 0.0, 0.0, 0.0, 0.0, 0.0, 0.0, 0.0, 0.0, 0.0, 0.0, 0.0, 0.0, 0.0, 0.0, 0.0, 0.0, 0.0, 0.0, 0.0, 0.0, 0.0, 0.0, 0.0, 0.0, 0.0, 0.0, 0.0, 0.0, 0.0, 0.0, 0.0, 0.0, 0.0, 0.0, 0.0, 0.0, 0.0, 0.0, 0.0, 0.0, 0.0, 0.0, 0.0, 0.0], "tonal.chords_histogram": [7.407407283782959, 8.217592239379883, 0.6944444179534912, 0.0, 2.314814805984497, 0.0, 1.1574074029922485, 0.0, 0.5787037014961243, 0.6944444179534912, 0.0, 2.5462963581085205, 0.0, 0.0, 0.0, 0.0, 0.0, 0.0, 1.3888888359069824, 1.5046296119689941, 0.0, 25.34722137451172, 26.38888931274414, 21.759260177612305], "tonal.thpcp": [1.0, 0.698104202747345, 0.2159477323293686, 0.16613012552261353, 0.15094389021396637, 0.24181699752807617, 0.2753894627094269, 0.16206112504005432, 0.08775255084037781, 0.0599331371486187, 0.05641183257102966, 0.07422632724046707, 0.11518313735723495, 0.19134093821048737, 0.5084226131439209, 0.7437126636505127, 0.4525793790817261, 0.16641828417778015, 0.12032917141914368, 0.08448588848114014, 0.18501786887645721, 0.560079038143158, 0.5337610244750977, 0.17470525205135345, 0.08331116288900375, 0.08540084958076477, 0.2917983829975128, 0.4126985967159271, 0.37071025371551514, 0.5452094674110413, 0.6038771867752075, 0.4716953933238983, 0.43775299191474915, 0.3637728989124298, 0.3253152370452881, 0.6127122640609741], "lowlevel.gfcc.cov": [[5220.75244140625, -2281.11279296875, -35.64681625366211, 79.3343505859375, -917.7127685546875, 136.86415100097656, -590.1361083984375, 128.16030883789062, -255.71287536621094, -0.515875518321991, -463.68035888671875, 387.1932373046875, -485.66021728515625], [-2281.11279296875, 2407.72021484375, -369.29461669921875, -506.3545227050781, 508.6548767089844, -221.48117065429688, 498.3139953613281, -154.01046752929688, 105.10189056396484, -58.35186767578125, 405.31842041015625, -359.086181640625, 395.2181091308594], [-35.64681625366211, -369.29461669921875, 624.4033203125, 250.01170349121094, 69.17974090576172, 136.0391387939453, -41.35405349731445, 54.679527282714844, 67.01560974121094, 20.631193161010742, -32.040218353271484, 86.04932403564453, -37.69780349731445], [79.3343505859375, -506.3545227050781, 250.01170349121094, 555.7410278320312, 91.28813171386719, -6.015707492828369, -121.35661315917969, -21.366090774536133, 101.94989013671875, -48.034400939941406, -80.19696807861328, 91.20313262939453, -56.55414581298828], [-917.7127685546875, 508.6548767089844, 69.17974090576172, 91.28813171386719, 400.3290710449219, 24.624296188354492, 163.7050323486328, -40.79673385620117, 84.72750854492188, 2.112950086593628, 111.69092559814453, -76.24066162109375, 126.53815460205078], [136.86415100097656, -221.48117065429688, 136.0391387939453, -6.015707492828369, 24.624296188354492, 288.6016540527344, 66.1574935913086, -3.198225736618042, 5.71120548248291, 19.549657821655273, -8.70244312286377, 17.459014892578125, 3.24527907371521], [-590.1361083984375, 498.3139953613281, -41.35405349731445, -121.35661315917969, 163.7050323486328, 66.1574935913086, 326.40570068359375, 13.755192756652832, 33.22480392456055, -20.885011672973633, 103.22103118896484, -73.31712341308594, 80.02947998046875], [128.16030883789062, -154.01046752929688, 54.679527282714844, -21.366090774536133, -40.79673385620117, -3.198225736618042, 13.755192756652832, 153.20468139648438, 19.06561279296875, 37.04705047607422, -6.515634536743164, 29.73164939880371, -35.306400299072266], [-255.71287536621094, 105.10189056396484, 67.01560974121094, 101.94989013671875, 84.72750854492188, 5.71120548248291, 33.22480392456055, 19.06561279296875, 163.69381713867188, 11.602869033813477, 45.090736389160156, -0.22147369384765625, 29.669376373291016], [-0.515875518321991, -58.35186767578125, 20.631193161010742, -48.034400939941406, 2.112950086593628, 19.549657821655273, -20.885011672973633, 37.04705047607422, 11.602869033813477, 112.82353973388672, 28.300994873046875, 0.4383930265903473, 7.383538722991943], [-463.68035888671875, 405.31842041015625, -32.040218353271484, -80.19696807861328, 111.69092559814453, -8.70244312286377, 103.22103118896484, -6.515634536743164, 45.090736389160156, 28.300994873046875, 165.423583984375, -38.48575210571289, 95.9315414428711], [387.1932373046875, -359.086181640625, 86.04932403564453, 91.20313262939453, -76.24066162109375, 17.459014892578125, -73.31712341308594, 29.73164939880371, -0.22147369384765625, 0.4383930265903473, -38.48575210571289, 134.7178955078125, -47.99980545043945], [-485.66021728515625, 395.2181091308594, -37.69780349731445, -56.55414581298828, 126.53815460205078, 3.24527907371521, 80.02947998046875, -35.306400299072266, 29.669376373291016, 7.383538722991943, 95.9315414428711, -47.99980545043945, 159.83836364746094]], "lowlevel.gfcc.icov": [[0.0004615822690539062, 0.00015446438919752836, 0.00019016429723706096, 9.504571062279865e-05, 0.00044861563947051764, -0.00025717131211422384, 0.0002312441065441817, -4.6060002205194905e-05, 0.00010190223838435486, 0.0001075061154551804, 0.00017245249182451516, -0.0005059027462266386, 0.00034384761238470674], [0.00015446438919752836, 0.004120375495404005, -0.0004724373575299978, 0.0034394324757158756, -0.002047683810815215, 0.0035656560212373734, -0.0018277701456099749, 0.002503925934433937, -0.0023032028693705797, 0.0030520379077643156, -0.002885220106691122, 0.0036180848255753517, -0.0024916171096265316], [0.00019016429723706096, -0.0004724373575299978, 0.002661614678800106, -0.0012950599193572998, -8.914027421269566e-05, -0.0017924589337781072, 0.0007337213610298932, -0.0013386537320911884, 0.00025219592498615384, -0.0005391004960983992, 0.0003059414157178253, -0.0014018570072948933, 0.0007328717620112002], [9.504571062279865e-05, 0.0034394324757158756, -0.0012950599193572998, 0.006970313843339682, -0.0037280984688550234, 0.003456718986853957, -0.00014692702097818255, 0.002942014252766967, -0.0042539117857813835, 0.004170003812760115, -0.0008302092319354415, 0.0010921849170699716, -0.0010269019985571504], [0.00044861563947051764, -0.002047683810815215, -8.914027421269566e-05, -0.0037280984688550234, 0.007285691797733307, -0.002007798058912158, -0.001033809850923717, -0.0005169572541490197, 0.001112599391490221, -0.0026424587704241276, 0.0005615563713945448, -0.0003310949541628361, -0.000758421840146184], [-0.00025717131211422384, 0.0035656560212373734, -0.0017924589337781072, 0.003456718986853957, -0.002007798058912158, 0.0080873416736722, -0.003645278513431549, 0.003669016296043992, -0.0022643504198640585, 0.0011173635721206665, -0.0012441378785297275, 0.002706617582589388, -0.002808473538607359], [0.0002312441065441817, -0.0018277701456099749, 0.0007337213610298932, -0.00014692702097818255, -0.001033809850923717, -0.003645278513431549, 0.007390758953988552, -0.0033401388209313154, 0.0006262112292461097, 0.0019960645586252213, -0.0008016339270398021, -0.0008464503334835172, 0.0018157026497647166], [-4.6060002205194905e-05, 0.002503925934433937, -0.0013386537320911884, 0.002942014252766967, -0.0005169572541490197, 0.003669016296043992, -0.0033401388209313154, 0.01084890216588974, -0.003075313987210393, -0.0014785267412662506, -0.0009173533180728555, 0.0004735091351903975, 0.00012948324729222804], [0.00010190223838435486, -0.0023032028693705797, 0.00025219592498615384, -0.0042539117857813835, 0.001112599391490221, -0.0022643504198640585, 0.0006262112292461097, -0.003075313987210393, 0.01024057436734438, -0.002471765736117959, -0.0007343213073909283, -0.0016370845260098577, 0.0008936563972383738], [0.0001075061154551804, 0.0030520379077643156, -0.0005391004960983992, 0.004170003812760115, -0.0026424587704241276, 0.0011173635721206665, 0.0019960645586252213, -0.0014785267412662506, -0.002471765736117959, 0.014616492204368114, -0.005006618797779083, 0.003140182700008154, -0.0013968219282105565], [0.00017245249182451516, -0.002885220106691122, 0.0003059414157178253, -0.0008302092319354415, 0.0005615563713945448, -0.0012441378785297275, -0.0008016339270398021, -0.0009173533180728555, -0.0007343213073909283, -0.005006618797779083, 0.01485502626746893, -0.004244227893650532, -0.002606776775792241], [-0.0005059027462266386, 0.0036180848255753517, -0.0014018570072948933, 0.0010921849170699716, -0.0003310949541628361, 0.002706617582589388, -0.0008464503334835172, 0.0004735091351903975, -0.0016370845260098577, 0.003140182700008154, -0.004244227893650532, 0.015519683249294758, -0.0023251918610185385], [0.00034384761238470674, -0.0024916171096265316, 0.0007328717620112002, -0.0010269019985571504, -0.000758421840146184, -0.002808473538607359, 0.0018157026497647166, 0.00012948324729222804, 0.0008936563972383738, -0.0013968219282105565, -0.002606776775792241, -0.0023251918610185385, 0.013813238590955734]], "lowlevel.mfcc.cov": [[5549.46337890625, -2359.56640625, 334.9803161621094, -361.3744812011719, -312.7271728515625, -222.33409118652344, -580.7059326171875, 117.44585418701172, -259.7091369628906, -219.71017456054688, -13.874654769897461, -161.3281707763672, -186.50523376464844], [-2359.56640625, 2471.99951171875, -605.2826538085938, -110.65058898925781, -86.01839447021484, -48.989234924316406, 489.1585998535156, -222.919921875, 103.54962158203125, 143.86346435546875, -68.15852355957031, 69.51921081542969, 84.45836639404297], [334.9803161621094, -605.2826538085938, 566.8732299804688, 33.17217254638672, 110.99610137939453, 84.33009338378906, -109.44416809082031, 108.8807373046875, 7.545926094055176, -30.713476181030273, 35.805335998535156, 29.640426635742188, 11.492927551269531], [-361.3744812011719, -110.65058898925781, 33.17217254638672, 453.38616943359375, 155.47938537597656, 24.933897018432617, -99.83185577392578, 78.96908569335938, 10.591201782226562, -23.41562271118164, 31.311378479003906, 12.217381477355957, 21.61298179626465], [-312.7271728515625, -86.01839447021484, 110.99610137939453, 155.47938537597656, 260.57476806640625, 90.59248352050781, -42.16571044921875, 8.897933006286621, 19.49515151977539, 25.42722511291504, 1.41512930393219, 10.85180377960205, 26.16943359375], [-222.33409118652344, -48.989234924316406, 84.33009338378906, 24.933897018432617, 90.59248352050781, 271.3539733886719, 40.5489616394043, 56.066707611083984, 30.794519424438477, 25.585308074951172, -3.617258071899414, -1.7444989681243896, -8.758612632751465], [-580.7059326171875, 489.1585998535156, -109.44416809082031, -99.83185577392578, -42.16571044921875, 40.5489616394043, 307.6783752441406, -29.205867767333984, 49.59650421142578, 49.111480712890625, -6.011564254760742, 17.048717498779297, 14.794577598571777], [117.44585418701172, -222.919921875, 108.8807373046875, 78.96908569335938, 8.897933006286621, 56.066707611083984, -29.205867767333984, 201.75341796875, 19.01348304748535, -17.865453720092773, 46.097259521484375, 20.197702407836914, -3.031946897506714], [-259.7091369628906, 103.54962158203125, 7.545926094055176, 10.591201782226562, 19.49515151977539, 30.794519424438477, 49.59650421142578, 19.01348304748535, 101.77981567382812, 37.77037811279297, 20.04026222229004, 13.783488273620605, 14.896554946899414], [-219.71017456054688, 143.86346435546875, -30.713476181030273, -23.41562271118164, 25.42722511291504, 25.585308074951172, 49.111480712890625, -17.865453720092773, 37.77037811279297, 104.73834991455078, 11.32967472076416, 18.943851470947266, 13.331843376159668], [-13.874654769897461, -68.15852355957031, 35.805335998535156, 31.311378479003906, 1.41512930393219, -3.617258071899414, -6.011564254760742, 46.097259521484375, 20.04026222229004, 11.32967472076416, 107.42301940917969, 38.36381912231445, 11.25436019897461], [-161.3281707763672, 69.51921081542969, 29.640426635742188, 12.217381477355957, 10.85180377960205, -1.7444989681243896, 17.048717498779297, 20.197702407836914, 13.783488273620605, 18.943851470947266, 38.36381912231445, 93.45305633544922, 36.47077560424805], [-186.50523376464844, 84.45836639404297, 11.492927551269531, 21.61298179626465, 26.16943359375, -8.758612632751465, 14.794577598571777, -3.031946897506714, 14.896554946899414, 13.331843376159668, 11.25436019897461, 36.47077560424805, 87.09391021728516]], "lowlevel.mfcc.icov": [[0.0004660364065784961, 0.00039527338230982423, 9.483265603194013e-05, 0.0004060297505930066, 0.0003296738432254642, 0.0002166813355870545, 0.0003335773362778127, -0.0001386319927405566, 0.00039039671537466347, 3.1376828701468185e-05, 7.79249967308715e-05, 0.00018719003128353506, 0.00020260682504158467], [0.00039527338230982423, 0.0012163221836090088, 0.000734045053832233, 0.0001954501640284434, 0.0002950252965092659, 0.00026162914582528174, -0.0007217004895210266, 0.00035643510636873543, -8.180617442121729e-05, -0.00022643848205916584, 0.0005941514973528683, -0.0005644224002026021, -0.00019753628293983638], [9.483265603194013e-05, 0.000734045053832233, 0.003016096306964755, 0.0007159457891248167, -0.0011488788295537233, -0.0003092197875957936, 0.0001644070289330557, -0.0007780015002936125, -0.0005305003141984344, 0.0008181597804650664, 6.880435830680653e-05, -0.0011279127793386579, -0.0003964045608881861], [0.0004060297505930066, 0.0001954501640284434, 0.0007159457891248167, 0.003869800828397274, -0.0020856549963355064, 0.0004963523242622614, 0.0012573542771860957, -0.0015620178310200572, -4.196980444248766e-05, 0.001244536368176341, -0.0006000183057039976, 0.0002516709209885448, -0.00017739197937771678], [0.0003296738432254642, 0.0002950252965092659, -0.0011488788295537233, -0.0020856549963355064, 0.007027137093245983, -0.0017505059950053692, 0.0007470015552826226, 0.0014776084572076797, 9.410227357875556e-05, -0.0018934115068987012, 0.0007021980127319694, 0.00022689173056278378, -0.001185924862511456], [0.0002166813355870545, 0.00026162914582528174, -0.0003092197875957936, 0.0004963523242622614, -0.0017505059950053692, 0.005178485531359911, -0.0009177891188301146, -0.0016178460791707039, -0.0003367391473148018, -0.0007669845945201814, 0.0008618732681497931, 0.0004289541393518448, 0.0011582698207348585], [0.0003335773362778127, -0.0007217004895210266, 0.0001644070289330557, 0.