{"song_id": "1182275991113052230", "download": "https://cdn.discordapp.com/attachments/1128313332273782784/1182275991113052230/chirp.mp4?ex=65841b51&amp", "lyrics": "[Verse]\n\u0412 \u0421\u0422\u041e \u043e\u043d - \u043a\u043e\u0440\u043e\u043b\u044c, \u0432\u043b\u0430\u0434\u044b\u043a\u0430 \u0441\u0432\u0430\u0440\u043a\u0438, \u0432\u044b\u0445\u043b\u043e\u043f\u043d\u044b\u0445 \u0438 \u0448\u0438\u043d\n\u041d\u043e \u043f\u043e\u043a\u0430 \u043e\u043d \u043a\u0440\u0443\u0442\u0438\u0442 \u0433\u0430\u0439\u043a\u0438, \u0435\u043c\u0443 \u0442\u043e\u043b\u044c\u043a\u043e \u043f\u0440\u0435\u0434\u0441\u0442\u043e\u0438\u0442 \u0434\u043e\u0441\u0442\u0438\u0447\u044c \u0432\u0435\u0440\u0448\u0438\u043d (brr yeah)\n'\u0421\u0442\u0430\u0440\u044b\u0439 \u0433\u043e\u043b\u044c\u0444 \u0438\u043b\u0438 \u043b\u0443\u043f\u0430\u200c\u0442\u044b\u0439 \u043c\u0435\u0440\u0441', \u2013 \u0432\u0438\u0442\u0430\u0435\u0442 \u0432 \u0443\u043c\u0435 \u043b\u0435\u043f\u043e\u0442\u0430 \n\u041f\u0435\u0440\u0435\u0434 \u0433\u043b\u0430\u0437\u0430\u043c\u0430 \u0435\u0437\u0434\u0438\u0442 \u043c\u0435\u0447\u0442\u0430, \u0430 \u043d\u0430 \u0441\u0442\u0435\u043d\u0430\u0445 \u0433\u0430\u0440\u0430\u0436\u0430 \u0432\u0438\u0441\u0438\u0442 \u0441\u0440\u0430\u043c\u043e\u0442\u0430 (scr)\n\u041d\u043e \u0440\u0435\u0430\u043b\u044c\u043d\u043e\u0441\u0442\u044c \u0431\u043e\u043b\u0435\u0435 \u0441\u0430\u0442\u0438\u0440\u0438\u0441\u0442\u0438\u200c\u0447\u043d\u0430, \u043e\u043d \u0441\u043d\u043e\u0432\u0430 \u0438\u0434\u0451\u0442 \u043d\u0430 \u0440\u0430\u0431\u043e\u0442\u0443 \u0441 \u0443\u0442\u0440\u0430\u200c (nah nah)\n\n[Chorus]\n\u0418 \u0442\u043e\u043b\u044c\u043a\u043e \u043e\u0434\u0438\u043d \u043f\u0440\u0438\u043d\u0446\u0438\u043f \u0437\u043d\u0430\u0435\u0442 \u041c\u0430\u043a\u0441 \u043f\u043e \u0436\u0438\u0437\u043d\u0438\nWork hard, pays off! (yeah)\n\u041f\u043e\u0436\u0435\u043b\u0430\u0435\u043c \u0436\u0435 \u0435\u043c\u0443 \u0443\u0434\u0430\u0447\u0438, \u0447\u0442\u043e\u0431\u044b \u043d\u0435 \u0432\u0441\u0442\u0440\u0435\u0447\u0430\u043b\u0438\u0441\u044c \u043d\u0430 \u043f\u0443\u0442\u0438 \u0440\u0430\u0437\u043d\u044b\u0435 \u0441\u043b\u0438\u0437\u043d\u0438. (scr)\n\u0419\u043e\u0443 \u0439\u043e\u0443 (brr)", "style": ["entertainment"], "essentia_features": {"lowlevel.average_loudness": 0.9676839709281921, "lowlevel.barkbands_crest.mean": 15.801629066467285, "lowlevel.barkbands_crest.stdev": 5.356128215789795, "lowlevel.barkbands_flatness_db.mean": 0.281154990196228, "lowlevel.barkbands_flatness_db.stdev": 0.11930927634239197, "lowlevel.barkbands_kurtosis.mean": 20.95282745361328, "lowlevel.barkbands_kurtosis.stdev": 32.55244064331055, "lowlevel.barkbands_skewness.mean": 3.2814407348632812, "lowlevel.barkbands_skewness.stdev": 2.4246861934661865, "lowlevel.barkbands_spread.mean": 11.057381629943848, "lowlevel.barkbands_spread.stdev": 13.4753999710083, "lowlevel.dissonance.mean": 0.44223490357398987, "lowlevel.dissonance.stdev": 0.05257033556699753, "lowlevel.dynamic_complexity": 1.4445061683654785, "lowlevel.erbbands_crest.mean": 10.2724609375, "lowlevel.erbbands_crest.stdev": 3.442889928817749, "lowlevel.erbbands_flatness_db.mean": 0.22685867547988892, "lowlevel.erbbands_flatness_db.stdev": 0.08881078660488129, "lowlevel.erbbands_kurtosis.mean": 1.1866270303726196, "lowlevel.erbbands_kurtosis.stdev": 3.144462823867798, "lowlevel.erbbands_skewness.mean": 0.41526123881340027, "lowlevel.erbbands_skewness.stdev": 0.9456368684768677, "lowlevel.erbbands_spread.mean": 34.620487213134766, "lowlevel.erbbands_spread.stdev": 27.630308151245117, "lowlevel.hfc.mean": 21.632234573364258, "lowlevel.hfc.stdev": 21.91519546508789, "lowlevel.loudness_ebu128.integrated": -13.632126808166504, "lowlevel.loudness_ebu128.loudness_range": 1.5507822036743164, "lowlevel.loudness_ebu128.momentary.mean": -13.874306678771973, "lowlevel.loudness_ebu128.momentary.stdev": 1.4342414140701294, "lowlevel.loudness_ebu128.short_term.mean": -13.700248718261719, "lowlevel.loudness_ebu128.short_term.stdev": 0.5308177471160889, "lowlevel.melbands_crest.mean": 22.35265350341797, "lowlevel.melbands_crest.stdev": 10.417304039001465, "lowlevel.melbands_flatness_db.mean": 0.35985052585601807, "lowlevel.melbands_flatness_db.stdev": 0.1476159691810608, "lowlevel.melbands_kurtosis.mean": 41.642005920410156, "lowlevel.melbands_kurtosis.stdev": 65.41095733642578, "lowlevel.melbands_skewness.mean": 4.438767433166504, "lowlevel.melbands_skewness.stdev": 3.2874042987823486, "lowlevel.melbands_spread.mean": 10.619220733642578, "lowlevel.melbands_spread.stdev": 13.12044906616211, "lowlevel.pitch_salience.mean": 0.4272569417953491, "lowlevel.pitch_salience.stdev": 0.2404112070798874, "lowlevel.silence_rate_20dB.mean": 1.0, "lowlevel.silence_rate_20dB.stdev": 0.0, "lowlevel.silence_rate_30dB.mean": 0.591505765914917, "lowlevel.silence_rate_30dB.stdev": 0.4915575385093689, "lowlevel.silence_rate_60dB.mean": 0.00154440151527524, "lowlevel.silence_rate_60dB.stdev": 0.039268504828214645, "lowlevel.spectral_centroid.mean": 928.8170776367188, "lowlevel.spectral_centroid.stdev": 612.4281616210938, "lowlevel.spectral_complexity.mean": 15.657142639160156, "lowlevel.spectral_complexity.stdev": 9.069863319396973, "lowlevel.spectral_decrease.mean": -2.0113343879302192e-08, "lowlevel.spectral_decrease.stdev": 1.5995523128253808e-08, "lowlevel.spectral_energy.mean": 0.07787450402975082, "lowlevel.spectral_energy.stdev": 0.060321707278490067, "lowlevel.spectral_energyband_high.mean": 0.0008428557775914669, "lowlevel.spectral_energyband_high.stdev": 0.002306944690644741, "lowlevel.spectral_energyband_low.mean": 0.05762389302253723, "lowlevel.spectral_energyband_low.stdev": 0.06677468866109848, "lowlevel.spectral_energyband_middle_high.mean": 0.0035289728548377752, "lowlevel.spectral_energyband_middle_high.stdev": 0.005054505076259375, "lowlevel.spectral_energyband_middle_low.mean": 0.01603561080992222, "lowlevel.spectral_energyband_middle_low.stdev": 0.014655518345534801, "lowlevel.spectral_entropy.mean": 6.889386177062988, "lowlevel.spectral_entropy.stdev": 0.8708913922309875, "lowlevel.spectral_flux.mean": 0.08101367950439453, "lowlevel.spectral_flux.stdev": 0.06050282344222069, "lowlevel.spectral_kurtosis.mean": 28.01882553100586, "lowlevel.spectral_kurtosis.stdev": 51.759822845458984, "lowlevel.spectral_rms.mean": 0.007959011010825634, "lowlevel.spectral_rms.stdev": 0.003553773043677211, "lowlevel.spectral_rolloff.mean": 898.6958618164062, "lowlevel.spectral_rolloff.stdev": 1455.21875, "lowlevel.spectral_skewness.mean": 3.224726915359497, "lowlevel.spectral_skewness.stdev": 2.651095151901245, "lowlevel.spectral_spread.mean": 3784897.25, "lowlevel.spectral_spread.stdev": 2662470.5, "lowlevel.spectral_strongpeak.mean": 0.7986252903938293, "lowlevel.spectral_strongpeak.stdev": 0.5546937584877014, "lowlevel.zerocrossingrate.mean": 0.03476977348327637, "lowlevel.zerocrossingrate.stdev": 0.036124613136053085, "metadata.audio_properties.analysis.equal_loudness": 0.0, "metadata.audio_properties.analysis.length": 30.03628158569336, "metadata.audio_properties.analysis.sample_rate": 44100.0, "metadata.audio_properties.analysis.start_time": 0.0, "metadata.audio_properties.bit_rate": 120900.0, "metadata.audio_properties.length": 30.03733253479004, "metadata.audio_properties.lossless": 0.0, "metadata.audio_properties.number_channels": 1.0, "metadata.audio_properties.replay_gain": -11.85163688659668, "metadata.audio_properties.sample_rate": 48000.0, "rhythm.beats_count": 62.0, "rhythm.beats_loudness.mean": 0.06534424424171448, "rhythm.beats_loudness.stdev": 0.04581737890839577, "rhythm.bpm": 125.82794952392578, "rhythm.bpm_histogram_first_peak_bpm": 126.0, "rhythm.bpm_histogram_first_peak_weight": 0.4833333492279053, "rhythm.bpm_histogram_second_peak_bpm": 120.0, "rhythm.bpm_histogram_second_peak_spread": 0.0, "rhythm.bpm_histogram_second_peak_weight": 0.016393441706895828, "rhythm.danceability": 1.1035207509994507, "rhythm.onset_rate": 4.823969841003418, "tonal.chords_changes_rate": 0.054012347012758255, "tonal.chords_number_rate": 0.006172839552164078, "tonal.chords_strength.mean": 0.34893712401390076, "tonal.chords_strength.stdev": 0.08842580020427704, "tonal.hpcp_crest.mean": 15.70738410949707, "tonal.hpcp_crest.stdev": 6.173727035522461, "tonal.hpcp_entropy.mean": 1.6935667991638184, "tonal.hpcp_entropy.stdev": 0.6521279811859131, "tonal.key_edma.strength": 0.6638973951339722, "tonal.key_krumhansl.strength": 0.6663433313369751, "tonal.key_temperley.strength": 0.6662243008613586, "tonal.tuning_diatonic_strength": 0.4621986448764801, "tonal.tuning_equal_tempered_deviation": 0.26210930943489075, "tonal.tuning_frequency": 434.193115234375, "tonal.tuning_nontempered_energy_ratio": 0.9885095953941345, "lowlevel.barkbands.mean": [0.010686120018362999, 0.04627896845340729, 0.0005964280571788549, 0.0010593425249680877, 0.0019602770917117596, 0.007787161506712437, 0.0019966261461377144, 0.0009557376033626497, 0.0020773697178810835, 0.00040753744542598724, 0.00035021439543925226, 0.0005614709225483239, 0.00021230742277111858, 0.00029445940162986517, 0.0004711048386525363, 0.000283440196653828, 0.00048148204223252833, 0.0002693709102459252, 0.00022415732382796705, 0.00014524393191095442, 0.00013519322965294123, 0.00015378753596451133, 0.00017039309022948146, 0.00018505161278881133, 8.156729745678604e-05, 4.880053165834397e-05, 9.390901141159702e-07], "lowlevel.barkbands.stdev": [0.0172392800450325, 0.0573434941470623, 0.0033121120650321245, 0.003643147414550185, 0.0036730635911226273, 0.007080061361193657, 0.004958357196301222, 0.002250773599371314, 0.0021866399329155684, 0.001192601048387587, 0.0011858255602419376, 0.0024393489584326744, 0.0005907426821067929, 0.000747406913433224, 0.0010554424952715635, 0.0006287508294917643, 0.00093315658159554, 0.0004947332199662924, 0.0005382861709222198, 0.0004570810415316373, 0.0004833908169530332, 0.0005366802215576172, 0.0005291457055136561, 0.0005224861670285463, 0.0002710790722630918, 0.00015188395627774298, 5.842977316206088e-06], "lowlevel.erbbands.mean": [2.5485165119171143, 5.602922439575195, 1.4324818849563599, 2.586195230484009, 2.9191019535064697, 9.880053520202637, 29.731401443481445, 70.67772674560547, 36.36041259765625, 26.353267669677734, 20.5811824798584, 53.95798110961914, 24.578920364379883, 10.51818561553955, 20.859861373901367, 19.10699462890625, 10.265976905822754, 14.23608684539795, 21.020915985107422, 21.84164810180664, 17.650978088378906, 28.400745391845703, 15.625844955444336, 13.044048309326172, 10.38547420501709, 6.618743419647217, 5.526221752166748, 5.272507667541504, 5.892078876495361, 4.607935428619385, 4.954288482666016, 4.792837142944336, 2.4505250453948975, 1.0901652574539185, 0.4740453064441681, 0.2517479956150055, 0.08544149249792099, 0.008167078718543053, 0.00020916615903843194, 9.493572724750265e-05], "lowlevel.erbbands.stdev": [3.043149471282959, 9.388792991638184, 3.517899990081787, 9.317978858947754, 9.932477951049805, 15.32065200805664, 29.848819732666016, 69.08643341064453, 72.05628967285156, 58.23244857788086, 41.30663299560547, 55.293800354003906, 41.1641845703125, 28.279338836669922, 93.8714599609375, 74.75326538085938, 28.030786514282227, 35.196720123291016, 45.3269157409668, 49.87929153442383, 38.9340934753418, 54.13465118408203, 27.376293182373047, 28.072702407836914, 27.703655242919922, 20.927350997924805, 19.039337158203125, 18.890789031982422, 20.781761169433594, 15.012238502502441, 15.574780464172363, 13.630304336547852, 7.1984453201293945, 3.6134541034698486, 1.6421499252319336, 0.7870846390724182, 0.2675051987171173, 0.029618846252560616, 0.0006168327527120709, 6.835677777417004e-05], "lowlevel.gfcc.mean": [-48.216007232666016, 119.7435302734375, -89.78644561767578, 4.157101154327393, -64.84465789794922, -7.859637260437012, -52.92424774169922, 15.162531852722168, -11.118724822998047, -6.9601149559021, -5.935937404632568, 2.4866366386413574, -4.9065141677856445], "lowlevel.melbands.mean": [0.017541643232107162, 0.002571473363786936, 0.0004204697906970978, 0.000422667246311903, 0.0009052593959495425, 0.0015363263664767146, 0.0005361226503737271, 0.0002748811093624681, 0.0001557473442517221, 0.00036143261240795255, 0.00011264556087553501, 3.911100429832004e-05, 5.711931953555904e-05, 6.927862705197185e-05, 3.1511735869571567e-05, 2.1500338334590197e-05, 2.6360432457295246e-05, 3.250592271797359e-05, 3.3465494198026136e-05, 2.214824235124979e-05, 1.9698931282619014e-05, 3.1157884222920984e-05, 1.956846608663909e-05, 1.132066154241329e-05, 1.0471635505382437e-05, 8.350519237865228e-06, 6.094792297517415e-06, 3.949000983993756e-06, 3.406084715606994e-06, 3.3920741770998575e-06, 2.8739243589370744e-06, 3.343930302435183e-06, 2.964452505693771e-06, 2.5100789571297355e-06, 2.72245415544603e-06, 3.048037569897133e-06, 2.9550501494668424e-06, 1.887458438432077e-06, 1.1759879043893307e-06, 8.154443662533595e-07], "lowlevel.melbands.stdev": [0.020925218239426613, 0.004499643575400114, 0.001572775887325406, 0.0007717490661889315, 0.000932339287828654, 0.0014679881278425455, 0.00108766567427665, 0.0005983833689242601, 0.0003332066407892853, 0.0003621558134909719, 0.00020402473455760628, 0.0001169764727819711, 0.0002317906473763287, 0.00030519370920956135, 0.00012303506082389504, 5.815078111481853e-05, 6.866089097457007e-05, 7.533528696512803e-05, 7.952863961691037e-05, 4.957570490660146e-05, 4.589060336002149e-05, 6.232535815797746e-05, 3.692840982694179e-05, 2.197782123403158e-05, 2.373648021603003e-05, 2.186106394219678e-05, 1.821112346078735e-05, 1.363313367619412e-05, 1.1891304893651977e-05, 1.273957150260685e-05, 1.043563497660216e-05, 1.2300396520004142e-05, 1.0445180123497266e-05, 8.076094673015177e-06, 8.826993507682346e-06, 9.154746294370852e-06, 8.544085176254157e-06, 5.605115347862011e-06, 3.827026830549585e-06, 2.834433644238743e-06], "lowlevel.melbands128.mean": [0.010096589103341103, 0.025359058752655983, 0.018998131155967712, 0.006098735611885786, 0.0008053315686993301, 0.0003167040995322168, 0.0005705388030037284, 0.0004590502940118313, 0.00018152224947698414, 0.00040130081470124424, 0.000650714966468513, 0.0003666652482934296, 0.0009209034615196288, 0.0015906990738585591, 0.001938829431310296, 0.0013670292682945728, 0.0006835877429693937, 0.00033189059467986226, 0.0004352025571279228, 0.0002500442788004875, 0.00024994098930619657, 0.00018493097741156816, 0.0001302961609326303, 0.00013153741019777954, 0.00032980082323774695, 0.0005980308633297682, 0.00010517461487324908, 9.188318654196337e-05, 5.314315058058128e-05, 3.564657163224183e-05, 3.849961649393663e-05, 3.613131775637157e-05, 3.799193291342817e-05, 9.25145941437222e-05, 9.067245264304802e-05, 5.805059117847122e-05, 4.344996705185622e-05, 3.528460729285143e-05, 1.9182836695108563e-05, 1.7672000467428006e-05, 2.362636041652877e-05, 2.3450340449926443e-05, 2.970971036120318e-05, 2.365956243011169e-05, 2.752426553342957e-05, 3.9128859498305246e-05, 3.2722935429774225e-05, 2.977092663059011e-05, 3.8786300137871876e-05, 2.9632206860696897e-05, 1.6128400602610782e-05, 1.7910104361362755e-05, 2.2462192646344192e-05, 1.6696121747372672e-05, 2.272058009111788e-05, 3.9486942114308476e-05, 3.207175905117765e-05, 2.1363224732340313e-05, 1.701554356259294e-05, 1.1347664440108929e-05, 9.327832231065258e-06, 1.2802785931853577e-05, 1.2341384717728943e-05, 9.23097559279995e-06, 8.336958671861794e-06, 9.10872495296644e-06, 7.958812602737453e-06, 6.332944394671358e-06, 6.34297430224251e-06, 4.7250400712073315e-06, 3.724433099705493e-06, 3.5930104331782786e-06, 3.688559218062437e-06, 3.4136942304030526e-06, 2.972891252284171e-06, 3.528443585310015e-06, 3.70473003385996e-06, 2.7982650863123126e-06, 2.9152677143429173e-06, 2.5068707145692315e-06, 3.377688244654564e-06, 3.7990696455381112e-06, 3.261143547206302e-06, 3.177281314492575e-06, 2.4193668650696054e-06, 1.951998228832963e-06, 2.7593587219598703e-06, 3.105529003732954e-06, 2.193499085478834e-06, 2.9155796710256254e-06, 3.4329164009250235e-06, 2.8259166811039904e-06, 2.895186980822473e-06, 3.3828430332505377e-06, 2.719793201322318e-06, 2.2073295440350194e-06, 1.7918467847266584e-06, 1.1944881634917692e-06, 1.2564543112603133e-06, 1.153928224084666e-06, 8.799744932730391e-07, 8.034448910620995e-07, 6.668509513474419e-07, 5.463567163133121e-07, 4.453019073480391e-07, 5.330215344656608e-07, 4.972337137587601e-07, 4.4364230689097894e-07, 4.764348204844282e-07, 3.5731173397834937e-07, 4.191386153706844e-07, 3.8051817341511196e-07, 2.5635372935539635e-07, 1.7716098454911844e-07, 1.3039276325343963e-07, 7.512213073823659e-08, 3.747801358144898e-08, 6.652329798129131e-10, 3.6270209058386627e-11, 2.3022745168632675e-11, 1.3667364982816732e-11, 1.1449331066559765e-11, 1.121277896920514e-11, 1.0971430361439438e-11, 1.0469469041707313e-11, 9.736919603930971e-12, 9.332721227772733e-12, 9.234163780846849e-12], "lowlevel.melbands128.stdev": [0.016247078776359558, 0.03140794485807419, 0.026929756626486778, 0.011224424466490746, 0.001981604378670454, 0.0017569417832419276, 0.0020849646534770727, 0.0016351282829418778, 0.0009645672980695963, 0.000732267159037292, 0.0010163196129724383, 0.0009878667769953609, 0.001047216821461916, 0.0016753767849877477, 0.001997683197259903, 0.001628612051717937, 0.001297747134231031, 0.0012835704255849123, 0.0010308276396244764, 0.0007268662448041141, 0.0007157531217671931, 0.0004870160191785544, 0.000385087652830407, 0.00040196982445195317, 0.0004207197343930602, 0.0005929339677095413, 0.00025905348593369126, 0.000292237033136189, 0.00020135962404310703, 0.00018159113824367523, 0.00011789019481511787, 0.00010434997966513038, 0.00013483272050507367, 0.0005456231301650405, 0.0004946124390698969, 0.00030471273930743337, 0.0001697222760412842, 0.0001853909925557673, 7.511205330956727e-05, 6.60294244880788e-05, 7.231090421555564e-05, 7.657142850803211e-05, 9.850316564552486e-05, 6.33114977972582e-05, 8.825289114611223e-05, 0.00010773402027552947, 9.395003144163638e-05, 8.652160613564774e-05, 0.00011247261863900349, 7.999339868547395e-05, 3.998428655904718e-05, 5.3320993174565956e-05, 6.256534834392369e-05, 4.161188189755194e-05, 5.427190990303643e-05, 8.781479846220464e-05, 7.097928028088063e-05, 4.657808312913403e-05, 3.7263118429109454e-05, 2.3897295250208117e-05, 2.03765321202809e-05, 3.011740045621991e-05, 3.1811126973479986e-05, 2.4603312340332195e-05, 2.110666173393838e-05, 2.566209514043294e-05, 2.7531777959666215e-05, 2.1927113266428933e-05, 2.0236710042809136e-05, 1.5929199435049668e-05, 1.5115962924028281e-05, 1.4163787454890553e-05, 1.3694871086045168e-05, 1.3121901247359347e-05, 1.0789120096887928e-05, 1.4433128853852395e-05, 1.513331699243281e-05, 1.1273739801254123e-05, 1.1536913007148542e-05, 9.595981282473076e-06, 1.4339924746309407e-05, 1.470337974751601e-05, 1.163208253274206e-05, 1.2539022463897709e-05, 1.0302062037226278e-05, 6.586284143850207e-06, 9.201110515277833e-06, 1.1034190720238257e-05, 7.829637070244644e-06, 1.0468170330568682e-05, 1.2224722013343126e-05, 7.933187589515e-06, 8.473729394609109e-06, 1.0632763405737933e-05, 8.156593139574397e-06, 6.492569355032174e-06, 6.1011392062937375e-06, 4.198365331831155e-06, 4.310196345613804e-06, 4.051846644870238e-06, 3.221646238671383e-06, 2.90200318886491e-06, 2.7187270461581647e-06, 2.3893621801107656e-06, 1.8445340401740395e-06, 1.6855353806022322e-06, 1.8523271592130186e-06, 1.9065149672314874e-06, 1.574089424138947e-06, 1.11697704596736e-06, 1.349570311504067e-06, 1.2251929319972987e-06, 9.105539788833994e-07, 6.741755100847513e-07, 5.002100920137309e-07, 3.108478381363966e-07, 2.327354451381325e-07, 4.503240891295945e-09, 8.747916280249513e-10, 4.432726130598752e-10, 1.1794716592294918e-10, 4.828680164048471e-11, 4.823646690410577e-11, 4.589058300030757e-11, 3.4553308131402005e-11, 1.7801780882731322e-11, 1.3060503199768814e-11, 1.2897485163199107e-11], "lowlevel.mfcc.mean": [-705.0780029296875, 163.3949737548828, 21.286815643310547, 11.043989181518555, 11.207782745361328, -23.922243118286133, -19.307804107666016, 4.6105241775512695, -10.350700378417969, 4.02913761138916, -4.852095127105713, 0.2921419143676758, -5.420198440551758], "lowlevel.spectral_contrast_coeffs.mean": [-0.6280248761177063, -0.6994534134864807, -0.7395995855331421, -0.8078211545944214, -0.757245659828186, -0.7876570820808411], "lowlevel.spectral_contrast_coeffs.stdev": [0.1239645779132843, 0.05957218259572983, 0.06161772459745407, 0.06164994835853577, 0.0766364336013794, 0.05262277275323868], "lowlevel.spectral_contrast_valleys.mean": [-7.120553016662598, -6.397453308105469, -7.754073143005371, -8.194376945495605, -8.71602725982666, -11.262945175170898], "lowlevel.spectral_contrast_valleys.stdev": [0.8644745945930481, 0.6199154257774353, 0.9648290276527405, 1.1673256158828735, 1.4336351156234741, 1.6878787279129028], "rhythm.beats_loudness_band_ratio.mean": [0.46626511216163635, 0.25152266025543213, 0.1387019008398056, 0.053384002298116684, 0.054363913834095, 0.060121212154626846], "rhythm.beats_loudness_band_ratio.stdev": [0.42201265692710876, 0.2553161084651947, 0.1408499777317047, 0.11009059846401215, 0.07987382262945175, 0.11830330640077591], "tonal.hpcp.mean": [0.022299794480204582, 0.019039588049054146, 0.05230187624692917, 0.23071298003196716, 0.2825947105884552, 0.11470016092061996, 0.030751151964068413, 0.023449279367923737, 0.02969602309167385, 0.038441333919763565, 0.03898919001221657, 0.0485781729221344, 0.05738765746355057, 0.041162699460983276, 0.022374045103788376, 0.02495228871703148, 0.028178615495562553, 0.037817999720573425, 0.3568758964538574, 0.6323279142379761, 0.32914310693740845, 0.038908831775188446, 0.01888895034790039, 0.01885446533560753, 0.27559149265289307, 0.4642823338508606, 0.20688778162002563, 0.014000763185322285, 0.015616188757121563, 0.05936649069190025, 0.1939058005809784, 0.1571454107761383, 0.023762540891766548, 0.0226303543895483, 0.02148526906967163, 0.020358866080641747], "tonal.hpcp.stdev": [0.0657568946480751, 0.07485010474920273, 0.14561313390731812, 0.316667377948761, 0.29746612906455994, 0.17462043464183807, 0.12065400183200836, 0.09553395956754684, 0.11467133462429047, 0.1355125606060028, 0.12277025729417801, 0.12888066470623016, 0.13366688787937164, 0.11022770404815674, 0.07895252853631973, 0.0704813227057457, 0.08493535220623016, 0.11146149039268494, 0.28354451060295105, 0.3847663998603821, 0.2924531400203705, 0.11338702589273453, 0.08340658992528915, 0.07330464571714401, 0.27661845088005066, 0.4358619749546051, 0.22170358896255493, 0.05601419135928154, 0.06273654103279114, 0.10745495557785034, 0.2406785786151886, 0.20327617228031158, 0.08324147015810013, 0.08624893426895142, 0.0853530690073967, 0.06802448630332947], "rhythm.beats_position": [0.4760090708732605, 0.952018141746521, 1.4396371841430664, 1.9272562265396118, 2.4032652378082275, 2.879274368286133, 3.355283498764038, 3.8312923908233643, 4.3073015213012695, 4.783310413360596, 5.24770975112915, 5.723718643188477, 6.199728012084961, 6.675736904144287, 7.151745796203613, 7.616145133972168, 8.092154502868652, 8.57977294921875, 9.055782318115234, 9.531790733337402, 10.019410133361816, 10.4954195022583, 10.983037948608398, 11.470657348632812, 11.935056686401367, 12.411065101623535, 12.88707447052002, 13.351473808288574, 13.839092254638672, 14.315101623535156, 14.79111099243164, 15.267120361328125, 15.743128776550293, 16.21913719177246, 16.695146560668945, 17.18276596069336, 17.647165298461914, 18.1231746673584, 18.587574005126953, 19.051973342895508, 19.53959083557129, 20.027210235595703, 20.514829635620117, 20.9908390045166, 21.478458404541016, 21.942855834960938, 22.407255172729492, 22.871654510498047, 23.35927391052246, 23.846893310546875, 24.33451271057129, 24.81052017211914, 25.286529541015625, 25.75092887878418, 26.215328216552734, 26.69133758544922, 27.167346954345703, 27.643356323242188, 28.11936378479004, 28.606983184814453, 29.106212615966797, 29.59383201599121], "rhythm.bpm_histogram": [0.0, 0.0, 0.0, 0.0, 0.0, 0.0, 0.0, 0.0, 0.0, 0.0, 0.0, 0.0, 0.0, 0.0, 0.0, 0.0, 0.0, 0.0, 0.0, 0.0, 0.0, 0.0, 0.0, 0.0, 0.0, 0.0, 0.0, 0.0, 0.0, 0.0, 0.0, 0.0, 0.0, 0.0, 0.0, 0.0, 0.0, 0.0, 0.0, 0.0, 0.0, 0.0, 0.0, 0.0, 0.0, 0.0, 0.0, 0.0, 0.0, 0.0, 0.0, 0.0, 0.0, 0.0, 0.0, 0.0, 0.0, 0.0, 0.0, 0.0, 0.0, 0.0, 0.0, 0.0, 0.0, 0.0, 0.0, 0.0, 0.0, 0.0, 0.0, 0.0, 0.0, 0.0, 0.0, 0.0, 0.0, 0.0, 0.0, 0.0, 0.0, 0.0, 0.0, 0.0, 0.0, 0.0, 0.0, 0.0, 0.0, 0.0, 0.0, 0.0, 0.0, 0.0, 0.0, 0.0, 0.0, 0.0, 0.0, 0.0, 0.0, 0.0, 0.0, 0.0, 0.0, 0.0, 0.0, 0.0, 0.0, 0.0, 0.0, 0.0, 0.0, 0.0, 0.0, 0.0, 0.0, 0.0, 0.0, 0.0, 0.016393441706895828, 0.0, 0.0, 0.2786885201931, 0.0, 0.0, 0.5081967115402222, 0.0, 0.0, 0.19672131538391113, 0.0, 0.0, 0.0, 0.0, 0.0, 0.0, 0.0, 0.0, 0.0, 0.0, 0.0, 0.0, 0.0, 0.0, 0.0, 0.0, 0.0, 0.0, 0.0, 0.0, 0.0, 0.0, 0.0, 0.0, 0.0, 0.0, 0.0, 0.0, 0.0, 0.0, 0.0, 0.0, 0.0, 0.0, 0.0, 0.0, 0.0, 0.0, 0.0, 0.0, 0.0, 0.0, 0.0, 0.0, 0.0, 0.0, 0.0, 0.0, 0.0, 0.0, 0.0, 0.0, 0.0, 0.0, 0.0, 0.0, 0.0, 0.0, 0.0, 0.0, 0.0, 0.0, 0.0, 0.0, 0.0, 0.0, 0.0, 0.0, 0.0, 0.0, 0.0, 0.0, 0.0, 0.0, 0.0, 0.0, 0.0, 0.0, 0.0, 0.0, 0.0, 0.0, 0.0, 0.0, 0.0, 0.0, 0.0, 0.0, 0.0, 0.0, 0.0, 0.0, 0.0, 0.0, 0.0, 0.0, 0.0, 0.0, 0.0, 0.0, 0.0, 0.0, 0.0, 0.0, 0.0, 0.0, 0.0, 0.0, 0.0, 0.0, 0.0, 0.0, 0.0, 0.0, 0.0, 0.0, 0.0, 0.0, 0.0, 0.0], "tonal.chords_histogram": [14.814814567565918, 0.0, 22.376543045043945, 0.0, 0.0, 0.0, 0.0, 0.0, 0.0, 0.0, 0.0, 0.0, 0.0, 0.0, 0.0, 0.0, 0.0, 0.15432098507881165, 0.0, 52.932098388671875, 0.0, 0.7716049551963806, 0.0, 8.950616836547852], "tonal.thpcp": [1.0, 0.5205259919166565, 0.061532679945230484, 0.02987208031117916, 0.029817543923854828, 0.4358363449573517, 0.7342429757118225, 0.3271843194961548, 0.02214161865413189, 0.02469634637236595, 0.09388560801744461, 0.30665385723114014, 0.24851885437965393, 0.037579458206892014, 0.03578895330429077, 0.03397804871201515, 0.032196689397096634, 0.03526618704199791, 0.030110307037830353, 0.08271321654319763, 0.364862859249115, 0.44691166281700134, 0.18139347434043884, 0.04863165318965912, 0.037084050476551056, 0.04696300998330116, 0.060793351382017136, 0.061659764498472214, 0.07682433724403381, 0.09075616300106049, 0.06509707868099213, 0.03538361191749573, 0.03946099430322647, 0.04456329345703125, 0.05980757623910904, 0.5643842220306396], "lowlevel.gfcc.cov": [[7968.126953125, -4753.95849609375, -1451.6439208984375, 1610.738037109375, -402.60797119140625, 990.031005859375, -1040.8843994140625, 689.29931640625, -435.41546630859375, 627.7503051757812, -268.815185546875, 465.69891357421875, -413.10791015625], [-4753.95849609375, 4217.7802734375, 633.9826049804688, -1244.988525390625, 1068.974853515625, -336.48431396484375, 860.6849975585938, -308.9246520996094, 526.2753295898438, -464.3934020996094, 538.9708251953125, -265.2668762207031, 365.36419677734375], [-1451.6439208984375, 633.9826049804688, 1665.671142578125, 395.22113037109375, 185.57730102539062, 221.90977478027344, 810.5823974609375, 247.7364044189453, 419.58056640625, 268.0550842285156, 178.2351837158203, 129.01513671875, 295.8553161621094], [1610.738037109375, -1244.988525390625, 395.22113037109375, 1273.3570556640625, 142.97850036621094, 325.65045166015625, 231.26449584960938, 491.9445495605469, 273.0448303222656, 430.1922302246094, 52.93720245361328, 221.92623901367188, 132.52943420410156], [-402.60797119140625, 1068.974853515625, 185.57730102539062, 142.97850036621094, 1275.663330078125, 547.720703125, 424.5899963378906, 375.7325744628906, 549.6295166015625, 121.86099243164062, 464.9092102050781, 143.10557556152344, 261.4609069824219], [990.031005859375, -336.48431396484375, 221.90977478027344, 325.65045166015625, 547.720703125, 973.9501342773438, 251.13543701171875, 282.7220458984375, 259.525390625, 272.5616760253906, 334.7342529296875, 268.5069580078125, 123.32319641113281], [-1040.8843994140625, 860.6849975585938, 810.5823974609375, 231.26449584960938, 424.5899963378906, 251.13543701171875, 811.342529296875, 228.95469665527344, 334.6184387207031, 169.006103515625, 359.31890869140625, 118.38652038574219, 253.5697479248047], [689.29931640625, -308.9246520996094, 247.7364044189453, 491.9445495605469, 375.7325744628906, 282.7220458984375, 228.95469665527344, 530.0372314453125, 215.7537841796875, 186.27821350097656, 180.9059600830078, 135.72659301757812, 108.66595458984375], [-435.41546630859375, 526.2753295898438, 419.58056640625, 273.0448303222656, 549.6295166015625, 259.525390625, 334.6184387207031, 215.7537841796875, 500.039794921875, 159.72952270507812, 191.4824981689453, 111.937744140625, 206.90103149414062], [627.7503051757812, -464.3934020996094, 268.0550842285156, 430.1922302246094, 121.86099243164062, 272.5616760253906, 169.006103515625, 186.27821350097656, 159.72952270507812, 313.1871643066406, 79.31500244140625, 116.85869598388672, 77.4284896850586], [-268.815185546875, 538.9708251953125, 178.2351837158203, 52.93720245361328, 464.9092102050781, 334.7342529296875, 359.31890869140625, 180.9059600830078, 191.4824981689453, 79.31500244140625, 393.81298828125, 99.23812103271484, 144.72744750976562], [465.69891357421875, -265.2668762207031, 129.01513671875, 221.92623901367188, 143.10557556152344, 268.5069580078125, 118.38652038574219, 135.72659301757812, 111.937744140625, 116.85869598388672, 99.23812103271484, 201.0831298828125, 45.202579498291016], [-413.10791015625, 365.36419677734375, 295.8553161621094, 132.52943420410156, 261.4609069824219, 123.32319641113281, 253.5697479248047, 108.66595458984375, 206.90103149414062, 77.4284896850586, 144.72744750976562, 45.202579498291016, 176.16549682617188]], "lowlevel.gfcc.icov": [[0.0008494693320244551, 0.00015280743537005037, 0.0006506270729005337, -0.0006127080996520817, 0.00010010797996073961, -0.0006675681215710938, 0.0004833475686609745, -0.0007059769704937935, 0.0005898853414691985, -0.0007881256169639528, 0.0002706748782657087, -0.0006565022049471736, 0.0007015286828391254], [0.00015280743537005037, 0.00411717826500535, -0.0006620499771088362, 0.002563000423833728, -0.002519407542422414, 0.0020195418037474155, -0.0027129051741212606, 0.002307107439264655, -0.002862445544451475, 0.00342749385163188, -0.0025787169579416513, 0.0028997764457017183, -0.0009597661555744708], [0.0006506270729005337, -0.0006620499771088362, 0.0023979544639587402, -0.000704267353285104, 0.001229223096743226, -0.001247796113602817, -0.0009452041704207659, -0.0014159438433125615, 0.00027657835744321346, -0.0016140459338203073, 0.002055748365819454, -0.000985913211479783, -0.0003668309364002198], [-0.0006127080996520817, 0.002563000423833728, -0.000704267353285104, 0.004427669569849968, -0.0012559514725580812, 0.0020121647976338863, -0.0023514775093644857, 0.0005327311810106039, -0.002737797098234296, 0.0008095051161944866, -0.0009832002688199282, 0.0016162402462214231, -0.0021363827399909496], [0.00010010797996073961, -0.002519407542422414, 0.001229223096743226, -0.0012559514725580812, 0.004569909535348415, -0.0021063885651528835, 0.0016920875059440732, -0.0027017456013709307, -0.000797756074462086, -0.001716192695312202, 0.0002458992530591786, -0.0012675810139626265, 7.78975008870475e-05], [-0.0006675681215710938, 0.0020195418037474155, -0.001247796113602817, 0.0020121647976338863, -0.0021063885651528835, 0.004245538264513016, -0.0009860288118943572, 0.001993261044844985, -0.0016232816269621253, 0.0009365400765091181, -0.00319347414188087, -5.293916547088884e-05, -0.0006961484323255718], [0.0004833475686609745, -0.0027129051741212606, -0.0009452041704207659, -0.0023514775093644857, 0.0016920875059440732, -0.0009860288118943572, 0.007271332200616598, -0.0018184274667873979, 0.002385105937719345, -0.0032023706007748842, -0.0018987096846103668, -0.0029383020009845495, -0.00012918771244585514], [-0.0007059769704937935, 0.002307107439264655, -0.0014159438433125615, 0.0005327311810106039, -0.0027017456013709307, 0.001993261044844985, -0.0018184274667873979, 0.006206977181136608, -0.0017775807064026594, 0.002937413053587079, -0.0028134435415267944, 0.0019116398179903626, -0.00044251143117435277], [0.0005898853414691985, -0.002862445544451475, 0.00027657835744321346, -0.002737797098234296, -0.000797756074462086, -0.0016232816269621253, 0.002385105937719345, -0.0017775807064026594, 0.00946590956300497, -0.0041107130236923695, 0.0036033603828400373, -0.0038925122935324907, -0.0023733293637633324], [-0.0007881256169639528, 0.00342749385163188, -0.0016140459338203073, 0.0008095051161944866, -0.001716192695312202, 0.0009365400765091181, -0.0032023706007748842, 0.002937413053587079, -0.0041107130236923695, 0.011761493049561977, -0.0025546986144036055, 0.0033622162882238626, -0.0012714506592601538], [0.0002706748782657087, -0.0025787169579416513, 0.002055748365819454, -0.0009832002688199282, 0.0002458992530591786, -0.00319347414188087, -0.0018987096846103668, -0.0028134435415267944, 0.0036033603828400373, -0.0025546986144036055, 0.011035830713808537, -0.0027030392084270716, -0.0018728460418060422], [-0.0006565022049471736, 0.0028997764457017183, -0.000985913211479783, 0.0016162402462214231, -0.0012675810139626265, -5.293916547088884e-05, -0.0029383020009845495, 0.0019116398179903626, -0.0038925122935324907, 0.0033622162882238626, -0.0027030392084270716, 0.012113192118704319, 6.12110598012805e-05], [0.0007015286828391254, -0.0009597661555744708, -0.0003668309364002198, -0.0021363827399909496, 7.78975008870475e-05, -0.0006961484323255718, -0.00012918771244585514, -0.00044251143117435277, -0.0023733293637633324, -0.0012714506592601538, -0.0018728460418060422, 6.12110598012805e-05, 0.01723514497280121]], "lowlevel.mfcc.cov": [[9441.4501953125, -5566.9951171875, -1198.485107421875, 64.07669067382812, 496.8593444824219, 58.876407623291016, -157.15870666503906, -35.55763244628906, -257.9648742675781, 51.28295135498047, -120.2241439819336, 70.82632446289062, -8.994658470153809], [-5566.9951171875, 4930.14208984375, -200.3037109375, -535.9323120117188, 222.24710083007812, 25.91669273376465, 302.8681640625, 264.94305419921875, 12.48126220703125, 19.181617736816406, 105.3245620727539, 47.54585647583008, 57.22937774658203], [-1198.485107421875, -200.3037109375, 1499.974365234375, 472.08544921875, -400.1011047363281, 223.71929931640625, 168.1145477294922, 28.279586791992188, 350.22052001953125, 69.32971954345703, 189.42959594726562, 125.40129089355469, 137.78297424316406], [64.07669067382812, -535.9323120117188, 472.08544921875, 1009.9349975585938, -17.187925338745117, -6.0065507888793945, 55.48258972167969, 88.93142700195312, 368.4790954589844, 223.2921600341797, 163.32318115234375, 144.880859375, 121.01251220703125], [496.8593444824219, 222.24710083007812, -400.1011047363281, -17.187925338745117, 864.7364501953125, 269.6685791015625, 184.2326202392578, 352.7168884277344, 174.55020141601562, 299.64501953125, 141.209716796875, 168.2141876220703, 174.7834930419922], [58.876407623291016, 25.91669273376465, 223.71929931640625, -6.0065507888793945, 269.6685791015625, 649.7936401367188, 194.7234344482422, 223.4259796142578, 179.13243103027344, 158.7687530517578, 196.1245880126953, 160.81166076660156, 204.17709350585938], [-157.15870666503906, 302.8681640625, 168.1145477294922, 55.48258972167969, 184.2326202392578, 194.7234344482422, 609.032958984375, 258.4362487792969, 124.97662353515625, 149.15078735351562, 205.54823303222656, 236.09060668945312, 156.8177032470703], [-35.55763244628906, 264.94305419921875, 28.279586791992188, 88.93142700195312, 352.7168884277344, 223.4259796142578, 258.4362487792969, 445.0422058105469, 157.2006072998047, 164.6174774169922, 162.482666015625, 181.0455322265625, 180.8572998046875], [-257.9648742675781, 12.48126220703125, 350.22052001953125, 368.4790954589844, 174.55020141601562, 179.13243103027344, 124.97662353515625, 157.2006072998047, 356.25164794921875, 211.7710418701172, 159.98080444335938, 159.40963745117188, 130.63917541503906], [51.28295135498047, 19.181617736816406, 69.32971954345703, 223.2921600341797, 299.64501953125, 158.7687530517578, 149.15078735351562, 164.6174774169922, 211.7710418701172, 285.1789245605469, 127.44441986083984, 131.71554565429688, 96.8892822265625], [-120.2241439819336, 105.3245620727539, 189.42959594726562, 163.32318115234375, 141.209716796875, 196.1245880126953, 205.54823303222656, 162.482666015625, 159.98080444335938, 127.44441986083984, 239.2796630859375, 152.9863739013672, 131.09231567382812], [70.82632446289062, 47.54585647583008, 125.40129089355469, 144.880859375, 168.2141876220703, 160.81166076660156, 236.09060668945312, 181.0455322265625, 159.40963745117188, 131.71554565429688, 152.9863739013672, 230.42979431152344, 131.0304412841797], [-8.994658470153809, 57.22937774658203, 137.78297424316406, 121.01251220703125, 174.7834930419922, 204.17709350585938, 156.8177032470703, 180.8572998046875, 130.63917541503906, 96.8892822265625, 131.09231567382812, 131.0304412841797, 222.74765014648438]], "lowlevel.mfcc.icov": [[0.0007355670677497983, 0.0009050336666405201, 0.0006538838497363031, 0.0001706889015622437, -0.00017644756007939577, -4.889576302957721e-05, -0.00013071433932054788, -0.00010813102562678978, 0.0001654579973546788, 4.6505399950547144e-05, -7.679741975152865e-05, -0.0005284285871312022, -9.815211524255574e-05], [0.0009050336666405201, 0.0013579940423369408, 0.0008501242264173925, 0.0004481281212065369, -0.00015745613200124353, 6.727967411279678e-05, -0.00026336152222938836, -0.00028344031306914985, -9.103116462938488e-05, 6.563212082255632e-05, -0.0002641643804963678, -0.00045132494415156543, -0.00015844056906644255], [0.0006538838497363031, 0.0008501242264173925, 0.0021691604051738977, 0.0001891501888167113, 0.0012050785589963198, -0.00040095296571962535, -0.00042852017213590443, -0.0001985671988222748, -0.0017106765881180763, 5.7328481489093974e-05, -0.00036821948015131056, 4.6614939492428675e-05, -0.0005840440280735493], [0.0001706889015622437, 0.0004481281212065369, 0.0001891501888167113, 0.0023859755601733923, 0.0007790190284140408, 0.0009401084971614182, 0.000304878456518054, -0.00020467431750148535, -0.0020304101053625345, -0.0012036138214170933, -0.0007392685511149466, -4.934881508233957e-05, -0.0008644767221994698], [-0.00017644756007939577, -0.00015745613200124353, 0.0012050785589963198, 0.0007790190284140408, 0.003912496380507946, -0.00023242075985763222, 0.0002794191532302648, -0.0013922731159254909, -0.001383262686431408, -0.002912902506068349, -3.142776768072508e-05, 0.00036740832729265094, -0.0011778825428336859], [-4.889576302957721e-05, 6.727967411279678e-05, -0.00040095296571962535, 0.0009401084971614182, -0.00023242075985763222, 0.0028997461777180433, 0.00023321592016145587, -0.0001538710785098374, -0.0005237813456915319, -0.0005997101543471217, -0.0012412706855684519, 5.62574241484981e-05, -0.0015313796466216445], [-0.00013071433932054788, -0.00026336152222938836, -0.00042852017213590443, 0.000304878456518054, 0.0002794191532302648, 0.00023321592016145587, 0.003396413754671812, -0.0007256006938405335, 0.0012290599988773465, -0.0010445289080962539, -0.0011525116860866547, -0.0025300427805632353, -0.00017310855037067086], [-0.00010813102562678978, -0.00028344031306914985, -0.0001985671988222748, -0.00020467431750148535, -0.0013922731159254909, -0.0001538710785098374, -0.0007256006938405335, 0.005007882136851549, 2.9850370992789976e-05, 0.00030144231277517974, -0.0002340217470191419, -0.000934857758693397, -0.00148023443762213], [0.0001654579973546788, -9.103116462938488e-05, -0.0017106765881180763, -0.0020304101053625345, -0.001383262686431408, -0.0005237813456915319, 0.0012290599988773465, 2.9850370992789976e-05, 0.010699774138629436, -0.0033152736723423004, -0.0005136631079949439, -0.002932886127382517, 6.160865450510755e-05], [4.6505399950547144e-05, 6.563212082255632e-05, 5.7328481489093974e-05, -0.0012036138214170933, -0.002912902506068349, -0.0005997101543471217, -0.0010445289080962539, 0.00030144231277517974, -0.00