{"song_id": "1182268737957666876", "download": "https://cdn.discordapp.com/attachments/1135903449314238464/1182268737957666876/chirp.mp4?ex=65841490&amp", "lyrics": "\u03a7\u03c1\u03cc\u03bd\u03b9\u03b1 \u03ba\u03b1\u03b9 \u03c7\u03c1\u03cc\u03bd\u03b9\u03b1 \u03c4\u03ce\u03c1\u03b1 \u03c4\u03c1\u03b9\u03b3\u03c5\u03c1\u03bd\u03ce\n\u03c3\u03b1\u03bd \u03c0\u03bf\u03c5\u03bb\u03af \u03c0\u03b5\u03c1\u03b9\u03c0\u03bb\u03b1\u03bd\u03ce\u03bc\u03b5\u03bd\u03bf\n\u03bc\u03b5\u03c2 \u03c4\u03b7\u03bd \u03be\u03b5\u03bd\u03b9\u03c4\u03b9\u03ac \u03bc\u03b5\u03c2 \u03c4\u03b7 \u03bc\u03bf\u03bd\u03b1\u03be\u03b9\u03ac\n\u03c0\u03bf\u03c5 \u03b4\u03b5\u03bd \u03c4\u03b7\u03bd \u03b1\u03bd\u03c4\u03ad\u03c7\u03c9 \u03ac\u03bb\u03bb\u03bf \u03c0\u03b9\u03b1\n\u03b3\u03b9\u03b1\u03c4\u03af \u03bd\u03bf\u03c3\u03c4\u03b1\u03bb\u03b3\u03ce \u03b3\u03b9\u03b1\u03c4\u03af \u03bb\u03b1\u03c7\u03c4\u03b1\u03c1\u03ce\n\u03c4\u03b7\u03bd \u03b1\u03b3\u03ac\u03c0\u03b7 \u03bc\u03bf\u03c5 \u03ba\u03b1\u03b9 \u03c4\u03bf \u03c7\u03c9\u03c1\u03b9\u03cc\n\u039a\u03b1\u03b9 \u03b7 \u03b1\u03b3\u03ac\u03c0\u03b7 \u03bc\u03bf\u03c5 \u03c3\u03c4\u03b7\u03bd \u0399\u03ba\u03b1\u03c1\u03b9\u03ac\n\u03ad\u03c7\u03b5\u03b9 \u03bc\u03b1\u03cd\u03c1\u03bf \u03c0\u03cc\u03bd\u03bf \u03c3\u03c4\u03b7\u03bd \u03ba\u03b1\u03c1\u03b4\u03b9\u03ac\n\u03b4\u03af\u03c7\u03c9\u03c2 \u03c3\u03c5\u03bd\u03c4\u03c1\u03bf\u03c6\u03b9\u03ac \u03b4\u03af\u03c7\u03c9\u03c2 \u03b1\u03b3\u03ba\u03b1\u03bb\u03b9\u03ac\n\u03b4\u03af\u03c7\u03c9\u03c2 \u03c4\u03b1 \u03b3\u03bb\u03c5\u03ba\u03ac \u03bc\u03bf\u03c5 \u03c4\u03b1 \u03c6\u03b9\u03bb\u03b9\u03ac\n\u03ba\u03b9 \u03b1\u03c6\u03bf\u03cd \u03bc\u03b5 \u03c0\u03bf\u03bd\u03ac \u03ba\u03b9 \u03b1\u03c6\u03bf\u03cd \u03bc' \u03b1\u03b3\u03b1\u03c0\u03ac\n\u03b5\u03af\u03bd\u03b1\u03b9 \u03ba\u03c1\u03af\u03bc\u03b1 \u03bd\u03b1 '\u03bd\u03b1\u03b9 \u03bc\u03bf\u03bd\u03b1\u03c7\u03b9\u03ac\n\u039d\u03b1 \u03c0\u03ac\u03c1\u03c9 \u03b8\u03ad\u03bb\u03c9 \u03c4\u03b7\u03bd \u03b1\u03c0\u03cc\u03c6\u03b1\u03c3\u03b7\n\u03ba\u03b1\u03b9 \u03b8\u03b1 \u03c0\u03ac\u03c9 \u03c3\u03c4' \u03cc\u03bc\u03bf\u03c1\u03c6\u03bf \u03bd\u03b7\u03c3\u03af\n\u03b8\u03ad\u03bb\u03c9 \u03bd\u03b1 \u03c4\u03b7\u03c2 \u03c0\u03c9 \u03c0\u03c9\u03c2 \u03c4\u03b7\u03bd \u03b1\u03b3\u03b1\u03c0\u03ce\n\u03ba\u03b1\u03b9 \u03bc\u03b9\u03b1 \u03bc\u03ad\u03c1\u03b1 \u03b8\u03b1 \u03c4\u03b7\u03bd \u03c0\u03b1\u03bd\u03c4\u03c1\u03b5\u03c5\u03c4\u03ce\n\u03bc\u03b5\u03c2 \u03c4\u03b7\u03bd \u0399\u03ba\u03b1\u03c1\u03b9\u03ac \u03bc\u03b9\u03b1 \u03b3\u03bb\u03c5\u03ba\u03b9\u03ac \u03b2\u03c1\u03b1\u03b4\u03b9\u03ac\n\u03b8\u03b1 \u03c4\u03bf \u03ba\u03ac\u03c8\u03bf\u03c5\u03bc\u03b5 \u03bc\u03b5 \u03c4\u03b1 \u03b2\u03b9\u03bf\u03bb\u03b9\u03ac\n\u039a\u03b1\u03b9 \u03b8\u03b1 \u03c7\u03bf\u03c1\u03ad\u03c8\u03bf\u03c5\u03bc\u03b5 \u03bc\u03b1\u03b6\u03af \u03ba\u03b9 \u03bf\u03b9 \u03b4\u03c5\u03bf\n\u03c4\u03bf \u03c3\u03ba\u03bf\u03c0\u03cc \u03c4\u03bf\u03bd \u0399\u03ba\u03b1\u03c1\u03b9\u03ce\u03c4\u03b9\u03ba\u03bf\n\u03b8\u03b1 \u03b3\u03bb\u03b5\u03bd\u03c4\u03ae\u03c3\u03bf\u03c5\u03bc\u03b5, \u03b8\u03b1 \u03bc\u03b5\u03b8\u03cd\u03c3\u03bf\u03c5\u03bc\u03b5\n\u03c4\u03bf\u03c5\u03c2 \u03ba\u03b1\u03b7\u03bc\u03bf\u03cd\u03c2 \u03b8\u03b1 \u03bb\u03b7\u03c3\u03bc\u03bf\u03bd\u03ae\u03c3\u03bf\u03c5\u03bc\u03b5\n\u03bc\u03b5\u03c2 \u03c4\u03b7\u03bd \u0399\u03ba\u03b1\u03c1\u03b9\u03ac \u03ba\u03b1\u03b9 \u03c3\u03b1\u03bd \u03c4\u03b1 \u03c0\u03bf\u03c5\u03bb\u03b9\u03ac\n\u03b8\u03b1 '\u03c7\u03bf\u03c5\u03bc\u03b5 \u03ba\u03b9 \u03bf\u03b9 \u03b4\u03c5\u03bf \u03b6\u03b5\u03c3\u03c4\u03ae \u03c6\u03c9\u03bb\u03b9\u03ac", "style": ["Greek folk"], "essentia_features": {"lowlevel.average_loudness": 0.8755807876586914, "lowlevel.barkbands_crest.mean": 12.200201988220215, "lowlevel.barkbands_crest.stdev": 5.16050910949707, "lowlevel.barkbands_flatness_db.mean": 0.19900968670845032, "lowlevel.barkbands_flatness_db.stdev": 0.0623747743666172, "lowlevel.barkbands_kurtosis.mean": 9.01004409790039, "lowlevel.barkbands_kurtosis.stdev": 13.797511100769043, "lowlevel.barkbands_skewness.mean": 2.1332528591156006, "lowlevel.barkbands_skewness.stdev": 1.7629358768463135, "lowlevel.barkbands_spread.mean": 15.080623626708984, "lowlevel.barkbands_spread.stdev": 12.206058502197266, "lowlevel.dissonance.mean": 0.429458886384964, "lowlevel.dissonance.stdev": 0.038998737931251526, "lowlevel.dynamic_complexity": 5.318597316741943, "lowlevel.erbbands_crest.mean": 11.338716506958008, "lowlevel.erbbands_crest.stdev": 5.211016654968262, "lowlevel.erbbands_flatness_db.mean": 0.20729093253612518, "lowlevel.erbbands_flatness_db.stdev": 0.061391353607177734, "lowlevel.erbbands_kurtosis.mean": 1.2912005186080933, "lowlevel.erbbands_kurtosis.stdev": 2.9943954944610596, "lowlevel.erbbands_skewness.mean": 0.749025285243988, "lowlevel.erbbands_skewness.stdev": 0.9558544754981995, "lowlevel.erbbands_spread.mean": 33.01240158081055, "lowlevel.erbbands_spread.stdev": 16.732135772705078, "lowlevel.hfc.mean": 12.099225044250488, "lowlevel.hfc.stdev": 11.543797492980957, "lowlevel.loudness_ebu128.integrated": -23.190614700317383, "lowlevel.loudness_ebu128.loudness_range": 13.767976760864258, "lowlevel.loudness_ebu128.momentary.mean": -26.570629119873047, "lowlevel.loudness_ebu128.momentary.stdev": 6.755939960479736, "lowlevel.loudness_ebu128.short_term.mean": -25.56659698486328, "lowlevel.loudness_ebu128.short_term.stdev": 5.018815994262695, "lowlevel.melbands_crest.mean": 15.243605613708496, "lowlevel.melbands_crest.stdev": 5.639334678649902, "lowlevel.melbands_flatness_db.mean": 0.23768608272075653, "lowlevel.melbands_flatness_db.stdev": 0.06395180523395538, "lowlevel.melbands_kurtosis.mean": 17.352779388427734, "lowlevel.melbands_kurtosis.stdev": 25.972309112548828, "lowlevel.melbands_skewness.mean": 2.7753055095672607, "lowlevel.melbands_skewness.stdev": 2.0308611392974854, "lowlevel.melbands_spread.mean": 18.804161071777344, "lowlevel.melbands_spread.stdev": 18.948938369750977, "lowlevel.pitch_salience.mean": 0.5277352333068848, "lowlevel.pitch_salience.stdev": 0.13341692090034485, "lowlevel.silence_rate_20dB.mean": 1.0, "lowlevel.silence_rate_20dB.stdev": 0.0, "lowlevel.silence_rate_30dB.mean": 0.9959443807601929, "lowlevel.silence_rate_30dB.stdev": 0.06355436146259308, "lowlevel.silence_rate_60dB.mean": 0.2676709294319153, "lowlevel.silence_rate_60dB.stdev": 0.4427509605884552, "lowlevel.spectral_centroid.mean": 1158.361328125, "lowlevel.spectral_centroid.stdev": 968.305419921875, "lowlevel.spectral_complexity.mean": 10.597914695739746, "lowlevel.spectral_complexity.stdev": 5.023990631103516, "lowlevel.spectral_decrease.mean": -5.495287336287902e-09, "lowlevel.spectral_decrease.stdev": 5.745764752873583e-09, "lowlevel.spectral_energy.mean": 0.021837908774614334, "lowlevel.spectral_energy.stdev": 0.02251734770834446, "lowlevel.spectral_energyband_high.mean": 0.00032006579567678273, "lowlevel.spectral_energyband_high.stdev": 0.0005969901103526354, "lowlevel.spectral_energyband_low.mean": 0.0015102296601980925, "lowlevel.spectral_energyband_low.stdev": 0.007864398881793022, "lowlevel.spectral_energyband_middle_high.mean": 0.0021312448661774397, "lowlevel.spectral_energyband_middle_high.stdev": 0.0027498959098011255, "lowlevel.spectral_energyband_middle_low.mean": 0.018205614760518074, "lowlevel.spectral_energyband_middle_low.stdev": 0.01991228014230728, "lowlevel.spectral_entropy.mean": 7.026308536529541, "lowlevel.spectral_entropy.stdev": 0.5635166764259338, "lowlevel.spectral_flux.mean": 0.05105375126004219, "lowlevel.spectral_flux.stdev": 0.04753325507044792, "lowlevel.spectral_kurtosis.mean": 5.862864971160889, "lowlevel.spectral_kurtosis.stdev": 2.9986026287078857, "lowlevel.spectral_rms.mean": 0.003909492399543524, "lowlevel.spectral_rms.stdev": 0.0024537998251616955, "lowlevel.spectral_rolloff.mean": 1560.2078857421875, "lowlevel.spectral_rolloff.stdev": 2414.520263671875, "lowlevel.spectral_skewness.mean": 1.700782299041748, "lowlevel.spectral_skewness.stdev": 0.41517379879951477, "lowlevel.spectral_spread.mean": 4460364.0, "lowlevel.spectral_spread.stdev": 3282051.75, "lowlevel.spectral_strongpeak.mean": 1.1696224212646484, "lowlevel.spectral_strongpeak.stdev": 1.1025749444961548, "lowlevel.zerocrossingrate.mean": 0.06058336794376373, "lowlevel.zerocrossingrate.stdev": 0.06465044617652893, "metadata.audio_properties.analysis.equal_loudness": 0.0, "metadata.audio_properties.analysis.length": 40.04265213012695, "metadata.audio_properties.analysis.sample_rate": 44100.0, "metadata.audio_properties.analysis.start_time": 0.0, "metadata.audio_properties.bit_rate": 114026.0, "metadata.audio_properties.length": 40.042667388916016, "metadata.audio_properties.lossless": 0.0, "metadata.audio_properties.number_channels": 1.0, "metadata.audio_properties.replay_gain": -4.1695556640625, "metadata.audio_properties.sample_rate": 48000.0, "rhythm.beats_count": 84.0, "rhythm.beats_loudness.mean": 0.031496159732341766, "rhythm.beats_loudness.stdev": 0.026075607165694237, "rhythm.bpm": 128.35353088378906, "rhythm.bpm_histogram_first_peak_bpm": 129.0, "rhythm.bpm_histogram_first_peak_weight": 0.4931507110595703, "rhythm.bpm_histogram_second_peak_bpm": 123.0, "rhythm.bpm_histogram_second_peak_spread": 0.0, "rhythm.bpm_histogram_second_peak_weight": 0.1204819306731224, "rhythm.danceability": 1.108236312866211, "rhythm.onset_rate": 3.5202107429504395, "tonal.chords_changes_rate": 0.0451388880610466, "tonal.chords_number_rate": 0.010416666977107525, "tonal.chords_strength.mean": 0.5995336174964905, "tonal.chords_strength.stdev": 0.13135020434856415, "tonal.hpcp_crest.mean": 18.284677505493164, "tonal.hpcp_crest.stdev": 8.978170394897461, "tonal.hpcp_entropy.mean": 1.5250489711761475, "tonal.hpcp_entropy.stdev": 0.7905417680740356, "tonal.key_edma.strength": 0.4988650977611542, "tonal.key_krumhansl.strength": 0.5133974552154541, "tonal.key_temperley.strength": 0.5215352773666382, "tonal.tuning_diatonic_strength": 0.44374537467956543, "tonal.tuning_equal_tempered_deviation": 0.1083398088812828, "tonal.tuning_frequency": 436.7083740234375, "tonal.tuning_nontempered_energy_ratio": 0.8057242035865784, "lowlevel.barkbands.mean": [2.894052340707276e-05, 0.000949084002058953, 0.0002698689349927008, 0.0008583980961702764, 0.008120384067296982, 0.002519519068300724, 0.0029591561760753393, 0.0017183006275445223, 0.0018416604725643992, 0.0005619399598799646, 0.000580807973165065, 0.00025638489751145244, 0.00016520751523785293, 0.00012621171481441706, 0.00015118894225452095, 0.0001033607913996093, 0.00011526391608640552, 4.529071520664729e-05, 7.741535955574363e-05, 0.00013945972023066133, 7.962347444845363e-05, 3.0519109714077786e-05, 3.541948535712436e-05, 1.9311024516355246e-05, 3.9124221075326204e-05, 4.489268030738458e-05, 1.191178284898342e-06], "lowlevel.barkbands.stdev": [0.0002659451274666935, 0.00609472393989563, 0.0018746457062661648, 0.002103948500007391, 0.012442450039088726, 0.005356775596737862, 0.005971916485577822, 0.006187194027006626, 0.005008326377719641, 0.0013925633393228054, 0.0017981557175517082, 0.0006333280471153557, 0.0005529250483959913, 0.0002198549482272938, 0.0001679075212450698, 0.00011509951582411304, 0.00011458964581834152, 5.275938019622117e-05, 8.40675929794088e-05, 0.00014875427586957812, 9.699857037048787e-05, 5.4301286581903696e-05, 0.0001250558125320822, 9.214902820531279e-05, 0.0001794408744899556, 0.0001489305723225698, 5.376225999498274e-06], "lowlevel.erbbands.mean": [0.028902513906359673, 0.20242919027805328, 0.36208638548851013, 1.6422808170318604, 12.813446998596191, 35.85993957519531, 14.841145515441895, 24.395870208740234, 42.633453369140625, 50.754425048828125, 27.088542938232422, 39.190799713134766, 27.734251022338867, 18.178770065307617, 25.333057403564453, 11.863783836364746, 8.624013900756836, 7.32494592666626, 7.682553291320801, 5.606448173522949, 7.607936382293701, 5.63991117477417, 2.643968105316162, 2.7901365756988525, 5.433416843414307, 6.28066873550415, 4.981982231140137, 1.879520297050476, 1.098634123802185, 1.2149219512939453, 0.9140792489051819, 0.4098743498325348, 0.3529062569141388, 0.31490999460220337, 0.3307448923587799, 0.20724064111709595, 0.08061546832323074, 0.012111137621104717, 0.00024519054568372667, 3.3136006095446646e-05], "lowlevel.erbbands.stdev": [0.20017634332180023, 1.3476006984710693, 2.388697624206543, 3.671281099319458, 24.17799186706543, 62.64315414428711, 25.680906295776367, 50.78224563598633, 90.60913848876953, 148.46090698242188, 84.55048370361328, 104.51577758789062, 88.81533813476562, 37.33815002441406, 81.3907241821289, 29.536184310913086, 25.838623046875, 11.297846794128418, 9.46074104309082, 6.331869125366211, 7.270344257354736, 5.204467296600342, 2.621856212615967, 3.2476894855499268, 5.496232509613037, 6.9056501388549805, 5.601736545562744, 2.5269510746002197, 1.8670521974563599, 2.6117310523986816, 3.9123694896698, 2.062706708908081, 1.6886894702911377, 1.518912672996521, 1.5698038339614868, 0.792322039604187, 0.2545709013938904, 0.039643239229917526, 0.00076276995241642, 3.764296343433671e-05], "lowlevel.gfcc.mean": [-80.48583984375, 72.47418975830078, -144.1468505859375, -3.096649646759033, -80.42601776123047, -24.395389556884766, -54.40924072265625, -12.009921073913574, -45.37272262573242, 1.9531148672103882, -29.840078353881836, 0.7927855253219604, -8.461024284362793], "lowlevel.melbands.mean": [0.00026013271417468786, 0.0002191359526477754, 0.0005513279465958476, 0.0018530593952164054, 0.0007804100168868899, 0.0005460099200718105, 0.0006479947478510439, 0.0005305775557644665, 0.00021492951782420278, 0.0002508512989152223, 0.0001341034658253193, 7.031175482552499e-05, 8.396975317737088e-05, 3.9241956983460113e-05, 2.609420334920287e-05, 1.3146026503818575e-05, 1.382943992211949e-05, 1.1666902537399437e-05, 8.235367204179056e-06, 7.069305411278037e-06, 9.222470907843672e-06, 6.6996617533732206e-06, 3.3897154025908094e-06, 1.7208358258358203e-06, 2.110652758346987e-06, 3.4842857985495357e-06, 4.381964117783355e-06, 4.12220924772555e-06, 3.587590299503063e-06, 1.9818428427242907e-06, 7.89425371294783e-07, 5.933416673542524e-07, 6.014836344547803e-07, 7.226188927234034e-07, 5.76692116283084e-07, 3.511292447910819e-07, 2.140223216429149e-07, 2.4132464204740245e-07, 2.508606939954916e-07, 2.659178903741122e-07], "lowlevel.melbands.stdev": [0.0017088076565414667, 0.0013683338183909655, 0.001099463552236557, 0.002880808198824525, 0.001398818800225854, 0.0011769223492592573, 0.0013392632827162743, 0.0016424808418378234, 0.0006496236892417073, 0.0006690979935228825, 0.0004461490025278181, 0.00016079553461167961, 0.00026373169384896755, 9.349447645945475e-05, 7.199779065558687e-05, 3.49279071087949e-05, 2.2624642951996066e-05, 1.5597435776726343e-05, 1.043808697431814e-05, 7.3510468610038515e-06, 8.996375981951132e-06, 6.897133062011562e-06, 3.809827376244357e-06, 1.8816343754224363e-06, 2.77180629382201e-06, 3.993052814621478e-06, 4.902065938949818e-06, 4.876293587585678e-06, 4.513313797360752e-06, 2.7022911126550753e-06, 1.267588913833606e-06, 1.0461870942890528e-06, 1.176866589958081e-06, 1.6734569499021745e-06, 2.42714872911165e-06, 1.8525721543483087e-06, 1.1070694654335966e-06, 1.1908235819646507e-06, 1.290020122723945e-06, 1.3372332432481926e-06], "lowlevel.melbands128.mean": [2.69244410446845e-05, 0.0002206618373747915, 0.0003646391269285232, 0.0003276143688708544, 0.00019917504687327892, 0.00012640182103496045, 0.00022481288760900497, 0.000524494331330061, 0.0011779108317568898, 0.002168988808989525, 0.002307072514668107, 0.0011786719551309943, 0.00029593060025945306, 0.00034867561771534383, 0.00048547409824095666, 0.0007422640337608755, 0.0006941700703464448, 0.0006941692554391921, 0.00045756567851640284, 0.0006860306020826101, 0.0005091475904919207, 0.00020860193762928247, 0.00012596702435985208, 0.00027097295969724655, 0.0003015377151314169, 0.00019137209164910018, 0.00029295243439264596, 8.888555748853832e-05, 4.062923835590482e-05, 0.000111170913442038, 4.735720358439721e-05, 5.856357893208042e-05, 0.0001000026022666134, 0.00010894147999351844, 3.0521725420840085e-05, 2.694289287319407e-05, 3.276928691775538e-05, 2.0034653061884455e-05, 3.294643829576671e-05, 1.549798071209807e-05, 6.179905540193431e-06, 1.187790167023195e-05, 1.624969081603922e-05, 1.5087221981957555e-05, 5.232031071500387e-06, 1.4269454368331935e-05, 1.6419442545156926e-05, 4.232864284858806e-06, 7.066505531838629e-06, 9.215894351655152e-06, 4.050833922519814e-06, 7.922415534267202e-06, 1.2060207154718228e-05, 7.3349815465917345e-06, 1.0008578101405874e-05, 7.145925792428898e-06, 2.919025291703292e-06, 4.524083578871796e-06, 3.6017440834257286e-06, 1.597013465470809e-06, 1.1425638604123378e-06, 1.6535022950847633e-06, 3.391008931430406e-06, 1.5114073903532699e-06, 1.553844299451157e-06, 3.58065312866529e-06, 4.75042224934441e-06, 3.950137397623621e-06, 4.180234554951312e-06, 5.381586106523173e-06, 3.124790737274452e-06, 4.324477231421042e-06, 4.726065981230931e-06, 3.114710352747352e-06, 2.567931232988485e-06, 2.8381884931150125e-06, 1.2446872688087751e-06, 8.868952932061802e-07, 7.927869773993734e-07, 5.714281314794789e-07, 5.893333536732825e-07, 6.117282396189694e-07, 5.905979492126789e-07, 5.576616217695118e-07, 6.702683208459348e-07, 6.55187136544555e-07, 8.255844363702636e-07, 6.915637982274347e-07, 5.739382800129533e-07, 4.617577928911487e-07, 4.6123591346258763e-07, 2.960021845410665e-07, 2.2252328335525817e-07, 1.8770670351386798e-07, 2.0950579937561997e-07, 2.7469263841339853e-07, 2.1424004614800651e-07, 2.5811488058025134e-07, 2.658013613654475e-07, 2.3902305201772833e-07, 2.36197593039833e-07, 2.6625289706316835e-07, 2.810203056924365e-07, 4.4668425402960565e-07, 3.3969465107475116e-07, 3.7603643932015984e-07, 4.6984359869384207e-07, 3.46955118857295e-07, 3.804950097219262e-07, 3.523692839735304e-07, 2.836789576576848e-07, 2.8080916081307805e-07, 2.4257062136712193e-07, 2.5575945983291604e-07, 2.19600366335726e-07, 1.436521586128947e-07, 5.09487101396644e-08, 2.763115958259732e-09, 1.468388778624874e-11, 3.889237456394801e-12, 3.747347918081623e-12, 3.669978817372188e-12, 3.6269023808571665e-12, 3.540368519183712e-12, 3.3261726706257377e-12, 2.9745401020769835e-12, 2.7837749466685935e-12, 2.7447551610021437e-12], "lowlevel.melbands128.stdev": [0.0002540265559218824, 0.0016519902274012566, 0.002528569893911481, 0.00225672940723598, 0.001483376370742917, 0.0008236452122218907, 0.0006415754905901849, 0.0013391893589869142, 0.0028406530618667603, 0.004072716925293207, 0.004623023327440023, 0.002800155896693468, 0.00078232103260234, 0.0009732040343806148, 0.0010643394198268652, 0.0023833662271499634, 0.0019402868347242475, 0.0020654737018048763, 0.0012352603953331709, 0.002493562176823616, 0.0021114330738782883, 0.0010283131850883365, 0.0007768460782244802, 0.0010285668540745974, 0.0010641643311828375, 0.0008065116126090288, 0.0013013905845582485, 0.0003947573131881654, 0.00016250899352598935, 0.00031007768120616674, 0.00015034805983304977, 0.00018237326003145427, 0.0003838036209344864, 0.0004582901019603014, 9.450805373489857e-05, 9.578014578437433e-05, 0.00013561724335886538, 7.297701813513413e-05, 0.00014622908201999962, 6.157992902444676e-05, 1.5263727618730627e-05, 4.0182421798817813e-05, 2.838931504811626e-05, 2.9254977562231943e-05, 2.5378634745720774e-05, 2.161381780751981e-05, 2.6530135073699057e-05, 1.6761883671279065e-05, 1.1745049960154574e-05, 1.5221704416035209e-05, 8.168776730599348e-06, 1.1689371604006737e-05, 1.8032267689704895e-05, 1.1600809557421599e-05, 1.4257939255912788e-05, 1.0818083865160588e-05, 5.137685093359323e-06, 6.660145118075889e-06, 6.638934337388491e-06, 2.433700728943222e-06, 1.710357651063532e-06, 3.1609583857061807e-06, 5.669016445608577e-06, 2.5587601157894824e-06, 2.771363597275922e-06, 5.008967946196208e-06, 6.98453504810459e-06, 6.190985914145131e-06, 5.903283636143897e-06, 8.734937182452995e-06, 6.0907777879037894e-06, 6.189163741510129e-06, 8.289811376016587e-06, 5.644370958179934e-06, 3.7336631066864356e-06, 4.940483449900057e-06, 2.1267110241751652e-06, 1.7110468206738005e-06, 1.4698281347591546e-06, 1.035146397043718e-06, 1.194570359075442e-06, 1.2200009678053902e-06, 1.1375273061275948e-06, 1.2573572121254983e-06, 1.5674110045438283e-06, 1.5506855106650619e-06, 2.0713894173240988e-06, 2.366731905567576e-06, 2.494120508345077e-06, 2.971221420011716e-06, 2.601119604150881e-06, 1.632156340747315e-06, 1.319622811024601e-06, 1.1950306770813768e-06, 9.850689366430743e-07, 1.4874461840008735e-06, 1.2523598797997693e-06, 1.2452436521925847e-06, 1.4537959032168146e-06, 1.4202487363945693e-06, 1.2907066775369458e-06, 1.230877046509704e-06, 1.862165277088934e-06, 3.3027661174855893e-06, 1.585334985065856e-06, 1.9240087567595765e-06, 2.269829110446153e-06, 1.5336785281760967e-06, 1.6929179764701985e-06, 1.2724138969133492e-06, 1.047127057063335e-06, 8.809909672891081e-07, 8.060347909122356e-07, 9.120101935877756e-07, 7.913723152341845e-07, 4.931215471515316e-07, 2.208963820748977e-07, 1.5834935140901507e-08, 3.854161989558236e-10, 6.090431978189592e-12, 5.894767746844609e-12, 5.746771114534255e-12, 5.6209932541850804e-12, 5.523764605441794e-12, 5.435161869182803e-12, 5.362076234416424e-12, 5.312171709459523e-12, 5.281969306381029e-12], "lowlevel.mfcc.mean": [-721.9088134765625, 117.42303466796875, -30.462772369384766, 11.17596435546875, -27.502870559692383, -15.034162521362305, -19.73948097229004, -25.191513061523438, -14.901278495788574, -16.489152908325195, -23.821569442749023, -14.988625526428223, -2.2550408840179443], "lowlevel.spectral_contrast_coeffs.mean": [-0.513942301273346, -0.6469317078590393, -0.695440948009491, -0.754155695438385, -0.7717305421829224, -0.7170159816741943], "lowlevel.spectral_contrast_coeffs.stdev": [0.13095249235630035, 0.08679386228322983, 0.07646607607603073, 0.05727023631334305, 0.045399829745292664, 0.05269387364387512], "lowlevel.spectral_contrast_valleys.mean": [-9.233643531799316, -7.854422092437744, -8.62668514251709, -8.71863842010498, -8.492568969726562, -12.018168449401855], "lowlevel.spectral_contrast_valleys.stdev": [2.3001601696014404, 2.054516553878784, 1.91664719581604, 1.7970420122146606, 1.9112812280654907, 1.9526898860931396], "rhythm.beats_loudness_band_ratio.mean": [0.13449200987815857, 0.3875884413719177, 0.32564467191696167, 0.1158493384718895, 0.08074048161506653, 0.02962953969836235], "rhythm.beats_loudness_band_ratio.stdev": [0.20218244194984436, 0.21608419716358185, 0.20889438688755035, 0.10038962960243225, 0.12729184329509735, 0.04865032806992531], "tonal.hpcp.mean": [0.3333231508731842, 0.2748149633407593, 0.04629279673099518, 0.03585920110344887, 0.039567962288856506, 0.07123520970344543, 0.21586686372756958, 0.185564786195755, 0.06173432245850563, 0.12643194198608398, 0.09840771555900574, 0.030547264963388443, 0.04699334502220154, 0.03298841789364815, 0.035855624824762344, 0.10621403902769089, 0.08731631189584732, 0.02271721139550209, 0.03989589214324951, 0.03691628947854042, 0.05586136877536774, 0.19408847391605377, 0.1718912422657013, 0.06243099644780159, 0.12086433172225952, 0.09348233789205551, 0.031381744891405106, 0.07688356190919876, 0.07802172005176544, 0.08762301504611969, 0.17947115004062653, 0.12627540528774261, 0.025703249499201775, 0.02935025654733181, 0.0444200336933136, 0.11944517493247986], "tonal.hpcp.stdev": [0.4133351743221283, 0.3577655553817749, 0.148666113615036, 0.14303503930568695, 0.15839740633964539, 0.17889955639839172, 0.34814855456352234, 0.30387604236602783, 0.1680031269788742, 0.26107022166252136, 0.20981647074222565, 0.0867215022444725, 0.1284649819135666, 0.10107878595590591, 0.10502520948648453, 0.2354307770729065, 0.19238094985485077, 0.0774805024266243, 0.13969871401786804, 0.13634903728961945, 0.14661628007888794, 0.31092599034309387, 0.2812234163284302, 0.1470818668603897, 0.28796303272247314, 0.22944684326648712, 0.12553337216377258, 0.20137587189674377, 0.19945842027664185, 0.19623172283172607, 0.31610408425331116, 0.25190046429634094, 0.10775798559188843, 0.13162055611610413, 0.1631675511598587, 0.22742481529712677], "rhythm.beats_position": [0.4876190423965454, 0.9752380847930908, 1.4628571271896362, 1.9504761695861816, 2.4380950927734375, 2.9257142543792725, 3.4133331775665283, 3.8893423080444336, 4.353741645812988, 4.806530475616455, 5.27092981338501, 5.735328674316406, 6.199728012084961, 6.675736904144287, 7.140135765075684, 7.592925071716309, 8.057324409484863, 8.533332824707031, 9.009342193603516, 9.4853515625, 9.961359977722168, 10.437369346618652, 10.890158653259277, 11.354557991027832, 11.83056640625, 12.306575775146484, 12.770975112915039, 13.235373497009277, 13.711382865905762, 14.187392234802246, 14.6517915725708, 15.116189956665039, 15.580589294433594, 16.04498863220215, 16.509387969970703, 16.973787307739258, 17.43818473815918, 17.890974044799805, 18.34376335144043, 18.808162689208984, 19.27256202697754, 19.748571395874023, 20.212970733642578, 20.677370071411133, 21.130157470703125, 21.59455680847168, 22.058956146240234, 22.53496551513672, 23.010974884033203, 23.475374221801758, 23.939773559570312, 24.415781021118164, 24.89179039001465, 25.367799758911133, 25.832199096679688, 26.308208465576172, 26.772607803344727, 27.23700714111328, 27.701404571533203, 28.177413940429688, 28.653423309326172, 29.129432678222656, 29.61705207824707, 30.104671478271484, 30.592288970947266, 31.07990837097168, 31.555917739868164, 32.031925201416016, 32.5079345703125, 32.983943939208984, 33.45995330810547, 33.93596267700195, 34.40036392211914, 34.87636947631836, 35.34077072143555, 35.80516815185547, 36.257957458496094, 36.71074676513672, 37.175148010253906, 37.63954544067383, 38.103946685791016, 38.56834411621094, 39.03274154663086, 39.49714279174805], "rhythm.bpm_histogram": [0.0, 0.0, 0.0, 0.0, 0.0, 0.0, 0.0, 0.0, 0.0, 0.0, 0.0, 0.0, 0.0, 0.0, 0.0, 0.0, 0.0, 0.0, 0.0, 0.0, 0.0, 0.0, 0.0, 0.0, 0.0, 0.0, 0.0, 0.0, 0.0, 0.0, 0.0, 0.0, 0.0, 0.0, 0.0, 0.0, 0.0, 0.0, 0.0, 0.0, 0.0, 0.0, 0.0, 0.0, 0.0, 0.0, 0.0, 0.0, 0.0, 0.0, 0.0, 0.0, 0.0, 0.0, 0.0, 0.0, 0.0, 0.0, 0.0, 0.0, 0.0, 0.0, 0.0, 0.0, 0.0, 0.0, 0.0, 0.0, 0.0, 0.0, 0.0, 0.0, 0.0, 0.0, 0.0, 0.0, 0.0, 0.0, 0.0, 0.0, 0.0, 0.0, 0.0, 0.0, 0.0, 0.0, 0.0, 0.0, 0.0, 0.0, 0.0, 0.0, 0.0, 0.0, 0.0, 0.0, 0.0, 0.0, 0.0, 0.0, 0.0, 0.0, 0.0, 0.0, 0.0, 0.0, 0.0, 0.0, 0.0, 0.0, 0.0, 0.0, 0.0, 0.0, 0.0, 0.0, 0.0, 0.0, 0.0, 0.0, 0.0, 0.0, 0.0, 0.1204819306731224, 0.0, 0.0, 0.33734938502311707, 0.0, 0.0, 0.4457831382751465, 0.0, 0.0, 0.0, 0.09638553857803345, 0.0, 0.0, 0.0, 0.0, 0.0, 0.0, 0.0, 0.0, 0.0, 0.0, 0.0, 0.0, 0.0, 0.0, 0.0, 0.0, 0.0, 0.0, 0.0, 0.0, 0.0, 0.0, 0.0, 0.0, 0.0, 0.0, 0.0, 0.0, 0.0, 0.0, 0.0, 0.0, 0.0, 0.0, 0.0, 0.0, 0.0, 0.0, 0.0, 0.0, 0.0, 0.0, 0.0, 0.0, 0.0, 0.0, 0.0, 0.0, 0.0, 0.0, 0.0, 0.0, 0.0, 0.0, 0.0, 0.0, 0.0, 0.0, 0.0, 0.0, 0.0, 0.0, 0.0, 0.0, 0.0, 0.0, 0.0, 0.0, 0.0, 0.0, 0.0, 0.0, 0.0, 0.0, 0.0, 0.0, 0.0, 0.0, 0.0, 0.0, 0.0, 0.0, 0.0, 0.0, 0.0, 0.0, 0.0, 0.0, 0.0, 0.0, 0.0, 0.0, 0.0, 0.0, 0.0, 0.0, 0.0, 0.0, 0.0, 0.0, 0.0, 0.0, 0.0, 0.0, 0.0, 0.0, 0.0, 0.0, 0.0, 0.0, 0.0, 0.0, 0.0, 0.0, 0.0, 0.0], "tonal.chords_histogram": [32.98611068725586, 2.0833332538604736, 9.837963104248047, 22.337963104248047, 0.23148147761821747, 2.430555582046509, 0.5787037014961243, 1.2731481790542603, 1.6203703880310059, 0.3472222089767456, 0.0, 0.0, 0.0, 0.0, 0.0, 0.0, 0.0, 0.0, 0.0, 0.0, 0.0, 0.0, 11.11111068725586, 15.162036895751953], "tonal.thpcp": [1.0, 0.8244701027870178, 0.13888263702392578, 0.10758089274168015, 0.11870751529932022, 0.2137121558189392, 0.6476203799247742, 0.5567113757133484, 0.18520861864089966, 0.37930741906166077, 0.2952321767807007, 0.09164459258317947, 0.14098434150218964, 0.0989682748913765, 0.10757016390562057, 0.31865185499191284, 0.26195693016052246, 0.06815371662378311, 0.11969133466482162, 0.11075225472450256, 0.1675892323255539, 0.5822831988334656, 0.515689492225647, 0.1872987151145935, 0.3626040816307068, 0.2804555892944336, 0.09414811432361603, 0.23065772652626038, 0.23407231271266937, 0.26287707686424255, 0.5384299159049988, 0.37883779406547546, 0.0771121010184288, 0.08805345743894577, 0.13326416909694672, 0.35834646224975586], "lowlevel.gfcc.cov": [[22562.72265625, 678.3863525390625, 2404.5224609375, 435.1588134765625, -799.4752807617188, -17.712350845336914, -386.5256042480469, 330.091552734375, -1086.2950439453125, 140.50418090820312, -755.5316162109375, 211.55274963378906, -965.5963745117188], [678.3863525390625, 921.7841186523438, -75.2040786743164, 86.24152374267578, 91.64323425292969, -27.904464721679688, 107.10258483886719, -66.30506896972656, -49.2573127746582, -98.68645477294922, -64.60099792480469, -113.58512115478516, 12.240324974060059], [2404.5224609375, -75.2040786743164, 2359.95166015625, 487.4813537597656, 297.38116455078125, 227.6888427734375, 117.69554901123047, 223.4434051513672, -242.81126403808594, 33.74739456176758, -154.26393127441406, 111.28282928466797, -403.50372314453125], [435.1588134765625, 86.24152374267578, 487.4813537597656, 499.8630065917969, 281.54840087890625, 141.30731201171875, 7.011302471160889, 40.74557113647461, -33.800235748291016, 15.928707122802734, 14.18442440032959, 28.86079978942871, -23.76633071899414], [-799.4752807617188, 91.64323425292969, 297.38116455078125, 281.54840087890625, 328.6231384277344, 123.91243743896484, 68.2039794921875, 23.239463806152344, -3.1861634254455566, 6.048473834991455, 13.902652740478516, 2.7171976566314697, 2.04874587059021], [-17.712350845336914, -27.904464721679688, 227.6888427734375, 141.30731201171875, 123.91243743896484, 221.83050537109375, 126.96570587158203, 87.15848541259766, 10.58296012878418, 24.12147331237793, 14.242865562438965, 32.044925689697266, -7.085744857788086], [-386.5256042480469, 107.10258483886719, 117.69554901123047, 7.011302471160889, 68.2039794921875, 126.96570587158203, 249.84690856933594, 100.27886199951172, 23.211265563964844, 12.172457695007324, 0.574669361114502, 19.405763626098633, -10.344613075256348], [330.091552734375, -66.30506896972656, 223.4434051513672, 40.74557113647461, 23.239463806152344, 87.15848541259766, 100.27886199951172, 146.5005645751953, 13.270225524902344, 40.14665603637695, -13.370702743530273, 44.28425598144531, -40.9240837097168], [-1086.2950439453125, -49.2573127746582, -242.81126403808594, -33.800235748291016, -3.1861634254455566, 10.58296012878418, 23.211265563964844, 13.270225524902344, 205.53428649902344, 50.725257873535156, 86.21642303466797, 7.189508438110352, 75.67020416259766], [140.50418090820312, -98.68645477294922, 33.74739456176758, 15.928707122802734, 6.048473834991455, 24.12147331237793, 12.172457695007324, 40.14665603637695, 50.725257873535156, 128.59219360351562, 45.35660934448242, 32.84003829956055, -20.83077621459961], [-755.5316162109375, -64.60099792480469, -154.26393127441406, 14.18442440032959, 13.902652740478516, 14.242865562438965, 0.574669361114502, -13.370702743530273, 86.21642303466797, 45.35660934448242, 170.18072509765625, 63.12622833251953, 81.7811050415039], [211.55274963378906, -113.58512115478516, 111.28282928466797, 28.86079978942871, 2.7171976566314697, 32.044925689697266, 19.405763626098633, 44.28425598144531, 7.189508438110352, 32.84003829956055, 63.12622833251953, 135.20899963378906, 24.024311065673828], [-965.5963745117188, 12.240324974060059, -403.50372314453125, -23.76633071899414, 2.04874587059021, -7.085744857788086, -10.344613075256348, -40.9240837097168, 75.67020416259766, -20.83077621459961, 81.7811050415039, 24.024311065673828, 182.92723083496094]], "lowlevel.gfcc.icov": [[0.00018294283654540777, -0.0003614001034293324, 2.5991685106419027e-05, -0.00041060775402002037, 0.0009290889138355851, -0.0004010440316051245, 0.0005569923087023199, -0.00032621886930428445, 0.0006003433372825384, -0.0005277075106278062, 0.0005115877720527351, -0.0006471773376688361, 0.0004742722667288035], [-0.0003614001034293324, 0.0024022161960601807, 8.96319488674635e-06, 8.695926226209849e-06, -0.001784197404049337, 0.0018321042880415916, -0.0029015722684562206, 0.001619405229575932, -0.0009511293028481305, 0.0016474471194669604, -0.0008337587350979447, 0.002298240317031741, -0.0011064024874940515], [2.5991685106419027e-05, 8.96319488674635e-06, 0.001199983642436564, -0.0006850502686575055, -0.000349042093148455, -0.0002232572587672621, 9.532523836242035e-05, -0.0006225281395018101, 0.0003785422013606876, 0.000521315960213542, 0.00019621686078608036, -0.0013147288700565696, 0.0025436400901526213], [-0.00041060775402002037, 8.695926226209849e-06, -0.0006850502686575055, 0.006388213951140642, -0.005690429825335741, -0.00116342690307647, 0.0017544960137456656, -0.0005215088604018092, -0.0009714241605252028, 0.0007599461241625249, -0.001771541777998209, 0.0011588205816224217, -0.0017197276465594769], [0.0009290889138355851, -0.001784197404049337, -0.000349042093148455, -0.005690429825335741, 0.01194326113909483, -0.003048698417842388, 0.0007759343716315925, 0.00030114135006442666, 0.002751424442976713, -0.003083254210650921, 0.002586572663858533, -0.0019582079257816076, 0.00098535162396729], [-0.0004010440316051245, 0.0018321042880415916, -0.0002232572587672621, -0.00116342690307647, -0.003048698417842388, 0.010721955448389053, -0.005585025064647198, -0.0013045063242316246, -0.0009430739446543157, 0.0011206809431314468, -0.0015482810558751225, 0.0022258181124925613, -0.0021237717010080814], [0.0005569923087023199, -0.0029015722684562206, 9.532523836242035e-05, 0.0017544960137456656, 0.0007759343716315925, -0.005585025064647198, 0.011332573369145393, -0.006212624255567789, 0.0013917448231950402, -0.0010815411806106567, 0.0008312585996463895, -0.0025766449980437756, 0.001866355654783547], [-0.00032621886930428445, 0.001619405229575932, -0.0006225281395018101, -0.0005215088604018092, 0.00030114135006442666, -0.0013045063242316246, -0.006212624255567789, 0.016096418723464012, -0.0032247169874608517, -0.0014899878297001123, 0.0028883316554129124, -0.0024182733613997698, 0.00011514348443597555], [0.0006003433372825384, -0.0009511293028481305, 0.0003785422013606876, -0.0009714241605252028, 0.002751424442976713, -0.0009430739446543157, 0.0013917448231950402, -0.0032247169874608517, 0.010211536660790443, -0.004214875865727663, -0.00149918207898736, 0.0005174579564481974, -0.0008705015643499792], [-0.0005277075106278062, 0.0016474471194669604, 0.000521315960213542, 0.0007599461241625249, -0.003083254210650921, 0.0011206809431314468, -0.0010815411806106567, -0.0014899878297001123, -0.004214875865727663, 0.013533799909055233, -0.004493364132940769, 0.0005131092038936913, 0.0032624707091599703], [0.0005115877720527351, -0.0008337587350979447, 0.00019621686078608036, -0.001771541777998209, 0.002586572663858533, -0.0015482810558751225, 0.0008312585996463895, 0.0028883316554129124, -0.00149918207898736, -0.004493364132940769, 0.013527284376323223, -0.006918346043676138, -0.0014674096601083875], [-0.0006471773376688361, 0.002298240317031741, -0.0013147288700565696, 0.0011588205816224217, -0.0019582079257816076, 0.0022258181124925613, -0.0025766449980437756, -0.0024182733613997698, 0.0005174579564481974, 0.0005131092038936913, -0.006918346043676138, 0.016002709046006203, -0.006062349304556847], [0.0004742722667288035, -0.0011064024874940515, 0.0025436400901526213, -0.0017197276465594769, 0.00098535162396729, -0.0021237717010080814, 0.001866355654783547, 0.00011514348443597555, -0.0008705015643499792, 0.0032624707091599703, -0.0014674096601083875, -0.006062349304556847, 0.015653369948267937]], "lowlevel.mfcc.cov": [[11855.0419921875, 1140.1207275390625, 2485.4150390625, 743.1471557617188, 28.856353759765625, -101.500244140625, 400.2069091796875, 196.66436767578125, -92.25992584228516, -89.58771514892578, -240.16477966308594, -94.80486297607422, 276.2275085449219], [1140.1207275390625, 882.7182006835938, 143.04763793945312, 130.15167236328125, -95.91880798339844, 12.492927551269531, 92.81275177001953, 32.37240219116211, 30.822355270385742, -37.77702331542969, -18.633771896362305, -92.01065063476562, -28.92420768737793], [2485.4150390625, 143.04763793945312, 1491.204345703125, 374.6231384277344, 299.67449951171875, 63.901344299316406, 259.6932373046875, 198.01075744628906, 2.593754529953003, 2.608844518661499, -19.239017486572266, 20.297128677368164, 125.73497009277344], [743.1471557617188, 130.15167236328125, 374.6231384277344, 403.8258056640625, 239.4856719970703, 103.91399383544922, 124.66255187988281, 76.81351470947266, 10.662818908691406, 9.9227933883667, -26.231876373291016, -16.340749740600586, 63.57667541503906], [28.856353759765625, -95.91880798339844, 299.67449951171875, 239.4856719970703, 361.2908020019531, 114.80232238769531, 84.41374969482422, 43.86472702026367, -3.3033432960510254, 23.46432876586914, -16.058910369873047, 11.139127731323242, 35.49355697631836], [-101.500244140625, 12.492927551269531, 63.901344299316406, 103.91399383544922, 114.80232238769531, 188.7524871826172, 105.47586059570312, 68.61316680908203, 49.409786224365234, 41.40608596801758, 51.81017303466797, 16.911334991455078, 13.5780029296875], [400.2069091796875, 92.81275177001953, 259.6932373046875, 124.66255187988281, 84.41374969482422, 105.47586059570312, 262.7361145019531, 131.8078155517578, 59.58308792114258, 14.49841594696045, 33.13429641723633, 1.1079001426696777, 37.89289093017578], [196.66436767578125, 32.37240219116211, 198.01075744628906, 76.81351470947266, 43.86472702026367, 68.61316680908203, 131.8078155517578, 195.3913116455078, 81.4013671875, 19.973331451416016, 40.52076721191406, 11.27440071105957, 33.23064422607422], [-92.25992584228516, 30.822355270385742, 2.593754529953003, 10.662818908691406, -3.3033432960510254, 49.409786224365234, 59.58308792114258, 81.4013671875, 146.79844665527344, 50.4324951171875, 67.75780487060547, -13.459674835205078, 4.155642032623291], [-89.58771514892578, -37.77702331542969, 2.608844518661499, 9.9227933883667, 23.46432876586914, 41.40608596801758, 14.49841594696045, 19.973331451416016, 50.4324951171875, 118.67530822753906, 75.08197021484375, 21.664804458618164, 12.62423324584961], [-240.16477966308594, -18.633771896362305, -19.239017486572266, -26.231876373291016, -16.058910369873047, 51.81017303466797, 33.13429641723633, 40.52076721191406, 67.75780487060547, 75.08197021484375, 184.79934692382812, 34.663448333740234, -7.9979448318481445], [-94.80486297607422, -92.01065063476562, 20.297128677368164, -16.340749740600586, 11.139127731323242, 16.911334991455078, 1.1079001426696777, 11.27440071105957, -13.459674835205078, 21.664804458618164, 34.663448333740234, 164.50308227539062, 60.3657112121582], [276.2275085449219, -28.92420768737793, 125.73497009277344, 63.57667541503906, 35.49355697631836, 13.5780029296875, 37.89289093017578, 33.23064422607422, 4.155642032623291, 12.62423324584961, -7.9979448318481445, 60.3657112121582, 148.74464416503906]], "lowlevel.mfcc.icov": [[0.00017609831411391497, -0.0001147143921116367, -0.00030091399094089866, -0.00020590340136550367, 0.0003426822368055582, 5.260470061330125e-05, -3.998312968178652e-05, 0.00012914139369968325, 5.985334064462222e-05, -0.00010371219832450151, 0.0001575643109390512, 4.4187541789142415e-05, -0.0001145283313235268], [-0.0001147143921116367, 0.0016554412432014942, 4.506915502133779e-05, -0.0009227397385984659, 0.0010784403420984745, -0.0002822818059939891, -0.00040840948349796236, 0.00028306382591836154, -0.00032787566306069493, 0.0004382434708531946, -4.511433871812187e-05, 0.00044771344983018935, 0.0004883187939412892], [-0.00030091399094089866, 4.506915502133779e-05, 0.0016601040260866284, -9.469687211094424e-05, -0.0012706902343779802, 0.000793705228716135, -0.0005746588576585054, -0.0010237613460049033, 0.00044332348625175655, 9.294759365729988e-05, -0.0004222775751259178, -0.00010068432311527431, -0.00019149160652887076], [-0.00020590340136550367, -0.0009227397385984659, -9.469687211094424e-05, 0.0061116