{"song_id": "1182282964546097202", "download": "https://cdn.discordapp.com/attachments/1128313332273782784/1182282964546097202/chirp.mp4?ex=658421d0&amp", "lyrics": "[Verse]\nEu vou contar uma hist\u00f3ria, preste muita aten\u00e7\u00e3o\nSobre um ritmo quente, que vai mexer seu cora\u00e7\u00e3o\nO funk brasileiro, uma paix\u00e3o nacional\nVamos dan\u00e7ar e celebrar, nesse carnaval\n\n[Chorus]\nCrie um funk em portugu\u00eas, venha se envolver\nDeixe a batida te levar, e o ritmo te surpreender\nVamos rebolar, n\u00e3o pare de balan\u00e7ar\nNo som do funk, n\u00e3o tem como resistir, pode se entregar", "style": ["Avicii house</span><span>, pop song"], "essentia_features": {"lowlevel.average_loudness": 0.9711779952049255, "lowlevel.barkbands_crest.mean": 14.64599895477295, "lowlevel.barkbands_crest.stdev": 6.9026947021484375, "lowlevel.barkbands_flatness_db.mean": 0.179209902882576, "lowlevel.barkbands_flatness_db.stdev": 0.09456215053796768, "lowlevel.barkbands_kurtosis.mean": 33.873905181884766, "lowlevel.barkbands_kurtosis.stdev": 112.34730529785156, "lowlevel.barkbands_skewness.mean": 3.1344239711761475, "lowlevel.barkbands_skewness.stdev": 4.24092960357666, "lowlevel.barkbands_spread.mean": 25.197431564331055, "lowlevel.barkbands_spread.stdev": 20.07146644592285, "lowlevel.dissonance.mean": 0.46391957998275757, "lowlevel.dissonance.stdev": 0.030576258897781372, "lowlevel.dynamic_complexity": 2.5962979793548584, "lowlevel.erbbands_crest.mean": 9.817207336425781, "lowlevel.erbbands_crest.stdev": 5.252124309539795, "lowlevel.erbbands_flatness_db.mean": 0.1513642519712448, "lowlevel.erbbands_flatness_db.stdev": 0.04358050227165222, "lowlevel.erbbands_kurtosis.mean": 0.7449666261672974, "lowlevel.erbbands_kurtosis.stdev": 3.1206629276275635, "lowlevel.erbbands_skewness.mean": 0.11124227195978165, "lowlevel.erbbands_skewness.stdev": 1.0725635290145874, "lowlevel.erbbands_spread.mean": 52.7874755859375, "lowlevel.erbbands_spread.stdev": 25.70816993713379, "lowlevel.hfc.mean": 27.80933380126953, "lowlevel.hfc.stdev": 29.343948364257812, "lowlevel.loudness_ebu128.integrated": -12.82737922668457, "lowlevel.loudness_ebu128.loudness_range": 1.9180831909179688, "lowlevel.loudness_ebu128.momentary.mean": -13.737815856933594, "lowlevel.loudness_ebu128.momentary.stdev": 10.522665023803711, "lowlevel.loudness_ebu128.short_term.mean": -12.882501602172852, "lowlevel.loudness_ebu128.short_term.stdev": 0.7500662207603455, "lowlevel.melbands_crest.mean": 20.368087768554688, "lowlevel.melbands_crest.stdev": 7.777530193328857, "lowlevel.melbands_flatness_db.mean": 0.23060676455497742, "lowlevel.melbands_flatness_db.stdev": 0.12165665626525879, "lowlevel.melbands_kurtosis.mean": 63.47843551635742, "lowlevel.melbands_kurtosis.stdev": 124.67444610595703, "lowlevel.melbands_skewness.mean": 4.895686149597168, "lowlevel.melbands_skewness.stdev": 4.1560258865356445, "lowlevel.melbands_spread.mean": 30.484664916992188, "lowlevel.melbands_spread.stdev": 38.71274948120117, "lowlevel.pitch_salience.mean": 0.43281540274620056, "lowlevel.pitch_salience.stdev": 0.20101501047611237, "lowlevel.silence_rate_20dB.mean": 1.0, "lowlevel.silence_rate_20dB.stdev": 0.0, "lowlevel.silence_rate_30dB.mean": 0.8794901371002197, "lowlevel.silence_rate_30dB.stdev": 0.32555973529815674, "lowlevel.silence_rate_60dB.mean": 0.06604866683483124, "lowlevel.silence_rate_60dB.stdev": 0.24837008118629456, "lowlevel.spectral_centroid.mean": 1745.1466064453125, "lowlevel.spectral_centroid.stdev": 1376.0745849609375, "lowlevel.spectral_complexity.mean": 14.798377990722656, "lowlevel.spectral_complexity.stdev": 12.159429550170898, "lowlevel.spectral_decrease.mean": -1.2752320976971987e-08, "lowlevel.spectral_decrease.stdev": 1.3648930874410325e-08, "lowlevel.spectral_energy.mean": 0.05065252631902695, "lowlevel.spectral_energy.stdev": 0.05186710134148598, "lowlevel.spectral_energyband_high.mean": 0.0023228221107274294, "lowlevel.spectral_energyband_high.stdev": 0.003542112885043025, "lowlevel.spectral_energyband_low.mean": 0.034601934254169464, "lowlevel.spectral_energyband_low.stdev": 0.05150872841477394, "lowlevel.spectral_energyband_middle_high.mean": 0.0042935386300086975, "lowlevel.spectral_energyband_middle_high.stdev": 0.005735507234930992, "lowlevel.spectral_energyband_middle_low.mean": 0.010984031483530998, "lowlevel.spectral_energyband_middle_low.stdev": 0.014825362712144852, "lowlevel.spectral_entropy.mean": 7.761584281921387, "lowlevel.spectral_entropy.stdev": 0.5088027119636536, "lowlevel.spectral_flux.mean": 0.11538326740264893, "lowlevel.spectral_flux.stdev": 0.07494126260280609, "lowlevel.spectral_kurtosis.mean": 1.9896408319473267, "lowlevel.spectral_kurtosis.stdev": 1.7348955869674683, "lowlevel.spectral_rms.mean": 0.006135605275630951, "lowlevel.spectral_rms.stdev": 0.0034309590701013803, "lowlevel.spectral_rolloff.mean": 2135.205322265625, "lowlevel.spectral_rolloff.stdev": 2981.595458984375, "lowlevel.spectral_skewness.mean": 1.0217046737670898, "lowlevel.spectral_skewness.stdev": 0.39030060172080994, "lowlevel.spectral_spread.mean": 5741998.5, "lowlevel.spectral_spread.stdev": 3823216.75, "lowlevel.spectral_strongpeak.mean": 0.8274874687194824, "lowlevel.spectral_strongpeak.stdev": 0.9638182520866394, "lowlevel.zerocrossingrate.mean": 0.07573989033699036, "lowlevel.zerocrossingrate.stdev": 0.07889779657125473, "metadata.audio_properties.analysis.equal_loudness": 0.0, "metadata.audio_properties.analysis.length": 40.04265213012695, "metadata.audio_properties.analysis.sample_rate": 44100.0, "metadata.audio_properties.analysis.start_time": 0.0, "metadata.audio_properties.bit_rate": 127976.0, "metadata.audio_properties.length": 40.042667388916016, "metadata.audio_properties.lossless": 0.0, "metadata.audio_properties.number_channels": 1.0, "metadata.audio_properties.replay_gain": -12.96563720703125, "metadata.audio_properties.sample_rate": 48000.0, "rhythm.beats_count": 81.0, "rhythm.beats_loudness.mean": 0.07316762208938599, "rhythm.beats_loudness.stdev": 0.05532630905508995, "rhythm.bpm": 122.09302520751953, "rhythm.bpm_histogram_first_peak_bpm": 123.0, "rhythm.bpm_histogram_first_peak_weight": 0.3333333134651184, "rhythm.bpm_histogram_second_peak_bpm": 117.0, "rhythm.bpm_histogram_second_peak_spread": 0.0, "rhythm.bpm_histogram_second_peak_weight": 0.02500000037252903, "rhythm.danceability": 1.609445571899414, "rhythm.onset_rate": 5.39266300201416, "tonal.chords_changes_rate": 0.09490741044282913, "tonal.chords_number_rate": 0.0173611119389534, "tonal.chords_strength.mean": 0.4825323522090912, "tonal.chords_strength.stdev": 0.09206750988960266, "tonal.hpcp_crest.mean": 13.036643028259277, "tonal.hpcp_crest.stdev": 6.533275127410889, "tonal.hpcp_entropy.mean": 2.020637035369873, "tonal.hpcp_entropy.stdev": 0.8362323045730591, "tonal.key_edma.strength": 0.4536900818347931, "tonal.key_krumhansl.strength": 0.4656657576560974, "tonal.key_temperley.strength": 0.4841778874397278, "tonal.tuning_diatonic_strength": 0.5272611975669861, "tonal.tuning_equal_tempered_deviation": 0.21030890941619873, "tonal.tuning_frequency": 435.9522705078125, "tonal.tuning_nontempered_energy_ratio": 0.8791689276695251, "lowlevel.barkbands.mean": [0.0009437959524802864, 0.028971806168556213, 0.003187358845025301, 0.0025638232473284006, 0.0036638814490288496, 0.0009769564494490623, 0.0013827361399307847, 0.0012425900204107165, 0.0010594665072858334, 0.0011017706710845232, 0.0006053451797924936, 0.0003431301156524569, 0.000298512342851609, 0.00034953554859384894, 0.0003933378611691296, 0.0002855760103557259, 0.0002991383371409029, 0.00031696775113232434, 0.00023255569976754487, 0.00028282144921831787, 0.000624772859737277, 0.0006064493791200221, 0.00049477448919788, 0.0002159279683837667, 0.00014564365847036242, 6.021358785801567e-05, 3.710983946803026e-06], "lowlevel.barkbands.stdev": [0.00182834651786834, 0.04876239225268364, 0.008320276625454426, 0.008052852004766464, 0.005878990050405264, 0.002940461039543152, 0.004742478486150503, 0.004372355993837118, 0.003122681984677911, 0.0032731040846556425, 0.0015120611060410738, 0.0008430288871750236, 0.000595997495111078, 0.0007432104321196675, 0.0006905148620717227, 0.0006893639802001417, 0.0006321012042462826, 0.0004598093219101429, 0.0003742399567272514, 0.0005082793068140745, 0.0010263065341860056, 0.0009709172300063074, 0.0008399825310334563, 0.00041479984065517783, 0.0003093932173214853, 0.00012068131763953716, 1.262823207071051e-05], "lowlevel.erbbands.mean": [1.132312297821045, 5.294731140136719, 4.486666679382324, 6.931544303894043, 9.340876579284668, 12.427319526672363, 12.239057540893555, 7.052009582519531, 14.598158836364746, 23.058921813964844, 30.928926467895508, 26.74091148376465, 16.327777862548828, 51.4786262512207, 18.94040298461914, 14.522758483886719, 14.11251163482666, 19.40277862548828, 19.52846908569336, 16.914594650268555, 18.946990966796875, 15.49013900756836, 16.631568908691406, 13.931513786315918, 11.49483871459961, 13.335469245910645, 22.49434471130371, 25.482751846313477, 22.37366485595703, 18.099897384643555, 12.848979949951172, 5.808700084686279, 3.2218616008758545, 1.9198256731033325, 0.8626112937927246, 0.31543922424316406, 0.10041368007659912, 0.016759701073169708, 0.00047152748447842896, 7.409784302581102e-05], "lowlevel.erbbands.stdev": [2.1233937740325928, 8.531943321228027, 9.592779159545898, 20.339359283447266, 19.791013717651367, 21.02750015258789, 30.498769760131836, 28.459070205688477, 47.42393493652344, 69.84031677246094, 101.24907684326172, 78.31257629394531, 39.1223258972168, 155.45318603515625, 32.28923034667969, 34.021095275878906, 27.590177536010742, 39.62325668334961, 33.90727996826172, 32.358734130859375, 47.270240783691406, 25.049976348876953, 23.24502182006836, 20.482709884643555, 20.115625381469727, 22.92194366455078, 38.23393249511719, 41.471954345703125, 36.08162307739258, 30.26390266418457, 22.10749626159668, 10.623333930969238, 6.70387601852417, 4.126754283905029, 1.8470839262008667, 0.6152397394180298, 0.2165779024362564, 0.044593892991542816, 0.0012705974513664842, 6.752921035513282e-05], "lowlevel.gfcc.mean": [-22.338228225708008, 66.69952392578125, -109.52581787109375, 51.9044075012207, -62.79246139526367, 24.96599578857422, -27.409997940063477, 4.700942039489746, -16.262653350830078, 3.5275909900665283, -16.590007781982422, 3.725208044052124, -8.003240585327148], "lowlevel.melbands.mean": [0.008988659828901291, 0.00373527011834085, 0.0012213921872898936, 0.0008095531375147402, 0.00045119691640138626, 0.00015742893447168171, 0.0002524725568946451, 0.00025526186800561845, 0.0002454001223668456, 0.00015758736117277294, 7.401206676149741e-05, 0.0002109086635755375, 7.020145858405158e-05, 4.639173494069837e-05, 2.6010709916590713e-05, 3.200627543265e-05, 3.66441163350828e-05, 3.012776687683072e-05, 2.5021270630531944e-05, 2.01342991204001e-05, 2.3006965420790948e-05, 1.6266381862806156e-05, 1.4901374015607871e-05, 1.5563360648229718e-05, 1.0698031474021263e-05, 8.33933154353872e-06, 7.901162462076172e-06, 8.89300190465292e-06, 1.2852790860051755e-05, 1.5530613381997682e-05, 1.4895794265612494e-05, 1.339013488177443e-05, 1.0252671017951798e-05, 1.0153291441383772e-05, 8.036997314775363e-06, 5.099581812828546e-06, 2.947550456156023e-06, 2.349519945710199e-06, 1.8546521687312634e-06, 1.53964117544092e-06], "lowlevel.melbands.stdev": [0.01585831120610237, 0.005595383699983358, 0.003249227534979582, 0.0013710891362279654, 0.0010160352103412151, 0.0005916539230383933, 0.000848629919346422, 0.0007591585163027048, 0.000793278799392283, 0.00047111805179156363, 0.0002006715367315337, 0.0006427476182579994, 0.0001357840810669586, 0.00011361537326592952, 5.5147735110949725e-05, 6.411492358893156e-05, 8.424776751780882e-05, 5.483368659042753e-05, 4.701516809291206e-05, 3.851403380394913e-05, 6.219684291863814e-05, 3.0214732760214247e-05, 2.35101833823137e-05, 2.4906126782298088e-05, 1.6820888049551286e-05, 1.4184895917424e-05, 1.5250589967763517e-05, 1.580986827320885e-05, 2.246791154902894e-05, 2.664303065103013e-05, 2.498908907000441e-05, 2.2115704268799163e-05, 1.7053558622137643e-05, 1.7543829017085955e-05, 1.4139474842522759e-05, 9.43308805290144e-06, 5.598194093181519e-06, 4.974294370185817e-06, 4.165403424849501e-06, 3.4094380225724308e-06], "lowlevel.melbands128.mean": [0.0008830000879243016, 0.009300614707171917, 0.013272242620587349, 0.007029583677649498, 0.0026305762585252523, 0.0014643007889389992, 0.0014859632356092334, 0.0011212724493816495, 0.0008608318166807294, 0.0009463066817261279, 0.0006485565681941807, 0.0005497701931744814, 0.0004894784069620073, 0.00019045986118726432, 0.00013858458260074258, 0.00015437249385286123, 0.00012532521213870496, 0.00030236763996072114, 0.0003808491746895015, 0.00023397804761771113, 0.00019111645815428346, 0.00029753718990832567, 0.0002690376131795347, 0.00017182128794956952, 0.00020016563939861953, 0.00014160775754135102, 7.436964369844645e-05, 4.8084897571243346e-05, 7.101965456968173e-05, 0.00023470789892598987, 0.0002989567001350224, 8.869638986652717e-05, 5.949887781753205e-05, 4.611309850588441e-05, 4.164092388236895e-05, 5.939380207564682e-05, 3.164750523865223e-05, 1.604278622835409e-05, 2.6678604626795277e-05, 3.77616670448333e-05, 2.8082535209250636e-05, 3.493189797154628e-05, 3.88877306249924e-05, 4.071293369634077e-05, 1.878652437881101e-05, 3.362830466357991e-05, 3.645703327492811e-05, 2.240252615592908e-05, 2.0317844246164896e-05, 2.6670380975701846e-05, 1.6429676179541275e-05, 1.6795072951936163e-05, 2.672503251233138e-05, 2.4859653422026895e-05, 1.989608063013293e-05, 1.4756976270291489e-05, 1.2348413292784244e-05, 1.6488525943714194e-05, 1.602479096618481e-05, 1.1892379916389473e-05, 1.906140096252784e-05, 1.3731354556512088e-05, 1.3118014976498671e-05, 9.259812031814363e-06, 7.878247743065003e-06, 8.477372830384411e-06, 8.464816346531734e-06, 8.124109626805875e-06, 7.304189239221159e-06, 8.633016477688216e-06, 7.71010309108533e-06, 9.612413123250008e-06, 1.1411299965402577e-05, 1.2747374967148062e-05, 1.536450690764468e-05, 1.707554838503711e-05, 1.4781606296310201e-05, 1.369185520161409e-05, 1.5554935089312494e-05, 1.5253837773343548e-05, 1.4522279343509581e-05, 1.2365850125206634e-05, 1.1143110896227881e-05, 9.798693099583033e-06, 9.64664104685653e-06, 1.0295551874150988e-05, 1.0237891729047988e-05, 1.0237427886750083e-05, 7.767225724819582e-06, 6.751010914740618e-06, 6.055861376808025e-06, 4.734567028208403e-06, 3.3920321129699005e-06, 2.7880951165570877e-06, 2.770983428490581e-06, 2.538700982768205e-06, 2.2936001187190413e-06, 1.9673486804094864e-06, 1.9005896092494368e-06, 1.7560456626597443e-06, 1.716117935757211e-06, 1.3987039437779458e-06, 1.5292404214051203e-06, 1.2085805565220653e-06, 9.321108791482402e-07, 7.347322252826416e-07, 6.749828571628314e-07, 6.40894995740382e-07, 5.204950070947234e-07, 4.5312137331166014e-07, 3.962809955737612e-07, 3.7203830061116605e-07, 2.9346551855269354e-07, 2.828125786891178e-07, 2.1226504998139717e-07, 1.787395547125925e-07, 1.1655572507152101e-07, 3.879462084910301e-08, 6.806621932753387e-09, 8.589456229612935e-11, 5.478497169808527e-11, 3.677528073731118e-11, 2.2655663803328174e-11, 2.1510942332936267e-11, 1.7246478550836386e-11, 1.1398599945866561e-11, 8.194239557723915e-12, 7.707241095333828e-12], "lowlevel.melbands128.stdev": [0.0017973206704482436, 0.018378837034106255, 0.02372957207262516, 0.011252490803599358, 0.005921737290918827, 0.003910578787326813, 0.00471652764827013, 0.0034772027283906937, 0.002016492886468768, 0.0018810415640473366, 0.0012872201623395085, 0.0014470121823251247, 0.0013990731677040458, 0.0005501017440110445, 0.0007555825286544859, 0.000872503500431776, 0.00048797999625094235, 0.001226996537297964, 0.001632479950785637, 0.0009040359873324633, 0.0009658997878432274, 0.0012768203159794211, 0.0011277319863438606, 0.0007769567891955376, 0.0007810249226167798, 0.0004972412716597319, 0.0003017256676685065, 0.00018193891446571797, 0.00031794162350706756, 0.0008099356200546026, 0.0010746126063168049, 0.00027522441814653575, 0.0001449973351554945, 0.00014283413474913687, 0.00013963210221845657, 0.00019652298942673951, 9.401038551004604e-05, 7.740684668533504e-05, 7.30887331883423e-05, 0.00011416096094762906, 9.013748058350757e-05, 9.637199400458485e-05, 0.00011879508383572102, 0.00012656602484639734, 4.8887526645557955e-05, 8.661420724820346e-05, 8.619087020633742e-05, 7.635728252353147e-05, 5.019333184463903e-05, 8.167701162165031e-05, 4.394614006741904e-05, 4.854488361161202e-05, 0.00012259981303941458, 7.961198571138084e-05, 6.914181722095236e-05, 3.0092218366917223e-05, 2.9110437026247382e-05, 3.8047783164074644e-05, 3.231897790101357e-05, 2.256642073916737e-05, 4.066515975864604e-05, 2.5694007490528747e-05, 2.552181831561029e-05, 1.6527355910511687e-05, 1.4988919247116428e-05, 1.6066516764112748e-05, 1.63739787240047e-05, 2.090671841870062e-05, 1.625434379093349e-05, 1.85938915819861e-05, 1.4608217497880105e-05, 2.051543924608268e-05, 2.4366507204831578e-05, 2.369332651142031e-05, 3.109945828327909e-05, 3.4268825402250513e-05, 2.588964707683772e-05, 2.648190456966404e-05, 3.0275659810286015e-05, 2.6508138034841977e-05, 2.654845047800336e-05, 2.3051528842188418e-05, 1.977588726731483e-05, 1.7608419511816464e-05, 1.8269274733029306e-05, 1.9037472156924196e-05, 1.9576737031457014e-05, 1.982387766474858e-05, 1.4607334378524683e-05, 1.2794067515642382e-05, 1.235899435414467e-05, 9.607045285520144e-06, 7.1737354119250085e-06, 5.596595201495802e-06, 5.8703731156128924e-06, 5.64644142286852e-06, 5.3155758905631956e-06, 4.92042681798921e-06, 4.805001026397804e-06, 4.094393261766527e-06, 3.8110995319584617e-06, 3.316941956654773e-06, 3.988807293353602e-06, 3.2218249543802813e-06, 2.27992063628335e-06, 1.5819381360415719e-06, 1.488550196881988e-06, 1.3779185792373028e-06, 1.1549195733095985e-06, 1.0682568927222746e-06, 9.760813100001542e-07, 9.025986855704105e-07, 7.385227718259557e-07, 7.558178936051263e-07, 6.145107818156248e-07, 5.632651891573914e-07, 3.89627302865847e-07, 1.9256178518389788e-07, 5.301384220501859e-08, 1.5482033433045217e-09, 1.0361307367645622e-09, 5.535953917501502e-10, 2.1981416686855937e-10, 2.0607691941787465e-10, 1.4811661619429373e-10, 5.7822087395908994e-11, 1.5971243425005888e-11, 1.4216764918084657e-11], "lowlevel.mfcc.mean": [-655.1287231445312, 86.6806869506836, 13.882589340209961, 30.531780242919922, -1.9393500089645386, 22.020170211791992, -1.932978630065918, 10.11426830291748, 4.205952167510986, 0.8392540216445923, 3.0596606731414795, 1.7457655668258667, -2.776136636734009], "lowlevel.spectral_contrast_coeffs.mean": [-0.6643304824829102, -0.7541559934616089, -0.7700928449630737, -0.797160804271698, -0.8016136884689331, -0.7084545493125916], "lowlevel.spectral_contrast_coeffs.stdev": [0.10592304170131683, 0.09597962349653244, 0.08376012742519379, 0.0651089996099472, 0.04813721403479576, 0.05718383193016052], "lowlevel.spectral_contrast_valleys.mean": [-7.388034343719482, -7.500823974609375, -7.970273494720459, -8.100714683532715, -7.774966239929199, -10.297279357910156], "lowlevel.spectral_contrast_valleys.stdev": [2.3303842544555664, 2.2738051414489746, 2.2171266078948975, 2.1742262840270996, 2.2451071739196777, 2.180389165878296], "rhythm.beats_loudness_band_ratio.mean": [0.5380920767784119, 0.10308286547660828, 0.0594131276011467, 0.07678153365850449, 0.07055152207612991, 0.18950718641281128], "rhythm.beats_loudness_band_ratio.stdev": [0.3269270956516266, 0.11236905306577682, 0.0733315646648407, 0.08515363931655884, 0.06286650151014328, 0.16846616566181183], "tonal.hpcp.mean": [0.1829036921262741, 0.14872552454471588, 0.15005391836166382, 0.11586273461580276, 0.07136719673871994, 0.06910207867622375, 0.11812499910593033, 0.12113819271326065, 0.09013305604457855, 0.12001258134841919, 0.11089728772640228, 0.0709887444972992, 0.08399554342031479, 0.11434623599052429, 0.12481372803449631, 0.14500385522842407, 0.11614498496055603, 0.06045493483543396, 0.059270672500133514, 0.06333556771278381, 0.048992130905389786, 0.04178180918097496, 0.04760488495230675, 0.053522054105997086, 0.05133701115846634, 0.0386519655585289, 0.03243284672498703, 0.053337112069129944, 0.06674838066101074, 0.07479041069746017, 0.10723084211349487, 0.10776801407337189, 0.0990678146481514, 0.12287957221269608, 0.17955446243286133, 0.2189718633890152], "tonal.hpcp.stdev": [0.30012816190719604, 0.2682846188545227, 0.2898908257484436, 0.25141727924346924, 0.19314391911029816, 0.1904689222574234, 0.24686218798160553, 0.25280243158340454, 0.2124209851026535, 0.2649504244327545, 0.24604079127311707, 0.1916910856962204, 0.19048772752285004, 0.23731714487075806, 0.2403484284877777, 0.27423611283302307, 0.23847007751464844, 0.1651460826396942, 0.16202223300933838, 0.18321387469768524, 0.14247268438339233, 0.11483173817396164, 0.11964980512857437, 0.13688631355762482, 0.13469353318214417, 0.11825355142354965, 0.09095770865678787, 0.13308490812778473, 0.1670897752046585, 0.17807216942310333, 0.2318962812423706, 0.22604240477085114, 0.22536981105804443, 0.2606692314147949, 0.3092518746852875, 0.34699809551239014], "rhythm.beats_position": [0.5108389854431152, 1.0216779708862305, 1.5092970132827759, 1.9969160556793213, 2.496145009994507, 2.9953742027282715, 3.4829931259155273, 3.9706122875213623, 4.458230972290039, 4.945850372314453, 5.445079326629639, 5.944308280944824, 6.43192720413208, 6.919546127319336, 7.40716552734375, 7.918004512786865, 8.405623435974121, 8.893242835998535, 9.380861282348633, 9.868480682373047, 10.367709159851074, 10.866938591003418, 11.354557991027832, 11.84217643737793, 12.329795837402344, 12.817414283752441, 13.316643714904785, 13.815873146057129, 14.303491592407227, 14.79111099243164, 15.278729438781738, 15.766348838806152, 16.26557731628418, 16.764806747436523, 17.252426147460938, 17.74004554748535, 18.227664947509766, 18.715282440185547, 19.21451187133789, 19.713741302490234, 20.20136070251465, 20.688980102539062, 21.176597595214844, 21.664216995239258, 22.1634464263916, 22.662675857543945, 23.15029525756836, 23.63791275024414, 24.125532150268555, 24.61315155029297, 25.112380981445312, 25.611610412597656, 26.099227905273438, 26.58684730529785, 27.074466705322266, 27.57369613647461, 28.072925567626953, 28.560543060302734, 29.04816246032715, 29.535781860351562, 30.035011291503906, 30.53424072265625, 31.02185821533203, 31.509477615356445, 31.99709701538086, 32.48471450805664, 32.983943939208984, 33.48317337036133, 33.970794677734375, 34.458412170410156, 34.94602966308594, 35.433650970458984, 35.921268463134766, 36.42049789428711, 36.91972732543945, 37.407344818115234, 37.89496612548828, 38.394195556640625, 38.881813049316406, 39.38104248046875, 39.86865997314453], "rhythm.bpm_histogram": [0.0, 0.0, 0.0, 0.0, 0.0, 0.0, 0.0, 0.0, 0.0, 0.0, 0.0, 0.0, 0.0, 0.0, 0.0, 0.0, 0.0, 0.0, 0.0, 0.0, 0.0, 0.0, 0.0, 0.0, 0.0, 0.0, 0.0, 0.0, 0.0, 0.0, 0.0, 0.0, 0.0, 0.0, 0.0, 0.0, 0.0, 0.0, 0.0, 0.0, 0.0, 0.0, 0.0, 0.0, 0.0, 0.0, 0.0, 0.0, 0.0, 0.0, 0.0, 0.0, 0.0, 0.0, 0.0, 0.0, 0.0, 0.0, 0.0, 0.0, 0.0, 0.0, 0.0, 0.0, 0.0, 0.0, 0.0, 0.0, 0.0, 0.0, 0.0, 0.0, 0.0, 0.0, 0.0, 0.0, 0.0, 0.0, 0.0, 0.0, 0.0, 0.0, 0.0, 0.0, 0.0, 0.0, 0.0, 0.0, 0.0, 0.0, 0.0, 0.0, 0.0, 0.0, 0.0, 0.0, 0.0, 0.0, 0.0, 0.0, 0.0, 0.0, 0.0, 0.0, 0.0, 0.0, 0.0, 0.0, 0.0, 0.0, 0.0, 0.0, 0.0, 0.0, 0.0, 0.0, 0.0, 0.02500000037252903, 0.0, 0.0, 0.32499998807907104, 0.0, 0.0, 0.6499999761581421, 0.0, 0.0, 0.0, 0.0, 0.0, 0.0, 0.0, 0.0, 0.0, 0.0, 0.0, 0.0, 0.0, 0.0, 0.0, 0.0, 0.0, 0.0, 0.0, 0.0, 0.0, 0.0, 0.0, 0.0, 0.0, 0.0, 0.0, 0.0, 0.0, 0.0, 0.0, 0.0, 0.0, 0.0, 0.0, 0.0, 0.0, 0.0, 0.0, 0.0, 0.0, 0.0, 0.0, 0.0, 0.0, 0.0, 0.0, 0.0, 0.0, 0.0, 0.0, 0.0, 0.0, 0.0, 0.0, 0.0, 0.0, 0.0, 0.0, 0.0, 0.0, 0.0, 0.0, 0.0, 0.0, 0.0, 0.0, 0.0, 0.0, 0.0, 0.0, 0.0, 0.0, 0.0, 0.0, 0.0, 0.0, 0.0, 0.0, 0.0, 0.0, 0.0, 0.0, 0.0, 0.0, 0.0, 0.0, 0.0, 0.0, 0.0, 0.0, 0.0, 0.0, 0.0, 0.0, 0.0, 0.0, 0.0, 0.0, 0.0, 0.0, 0.0, 0.0, 0.0, 0.0, 0.0, 0.0, 0.0, 0.0, 0.0, 0.0, 0.0, 0.0, 0.0, 0.0, 0.0, 0.0, 0.0, 0.0, 0.0, 0.0, 0.0, 0.0, 0.0, 0.0, 0.0], "tonal.chords_histogram": [2.777777671813965, 0.6944444179534912, 7.407407283782959, 2.1990740299224854, 0.23148147761821747, 21.759260177612305, 3.2407407760620117, 13.078703880310059, 2.430555582046509, 20.949073791503906, 10.76388931274414, 1.7361111640930176, 1.5046296119689941, 0.0, 0.0, 1.2731481790542603, 0.0, 5.439815044403076, 0.0, 1.3888888359069824, 0.0, 2.6620371341705322, 0.46296295523643494, 0.0], "tonal.thpcp": [1.0, 0.8352839946746826, 0.67919921875, 0.6852657794952393, 0.5291215777397156, 0.3259194791316986, 0.31557515263557434, 0.539452850818634, 0.5532135367393494, 0.4116193354129791, 0.5480730533599854, 0.5064453482627869, 0.3241911828517914, 0.38359057903289795, 0.5221959948539734, 0.5699989199638367, 0.6622031331062317, 0.5304105281829834, 0.27608540654182434, 0.2706771194934845, 0.28924065828323364, 0.22373710572719574, 0.19080902636051178, 0.21740183234214783, 0.24442434310913086, 0.2344456911087036, 0.17651566863059998, 0.14811421930789948, 0.24357974529266357, 0.3048262894153595, 0.34155261516571045, 0.48970144987106323, 0.49215462803840637, 0.4524225890636444, 0.5611660480499268, 0.8199887275695801], "lowlevel.gfcc.cov": [[24453.162109375, -414.55963134765625, -1707.600341796875, 530.7567138671875, -1439.74462890625, 243.9235382080078, -823.7203369140625, 232.3662109375, -629.5599975585938, 37.859249114990234, -733.8948974609375, 160.6837615966797, -421.9335632324219], [-414.55963134765625, 2131.4609375, 43.601924896240234, 317.8199768066406, 631.84375, 181.1607208251953, 544.0159912109375, -3.037724494934082, 452.4788818359375, -94.48218536376953, 406.0748291015625, -90.88021850585938, 238.38812255859375], [-1707.600341796875, 43.601924896240234, 1152.4259033203125, 257.4483642578125, 307.60064697265625, 114.12617492675781, 172.26702880859375, 100.72213745117188, 27.344799041748047, 92.01692962646484, 67.62946319580078, 25.277359008789062, 9.954272270202637], [530.7567138671875, 317.8199768066406, 257.4483642578125, 623.41064453125, 394.57293701171875, 231.341064453125, 150.44801330566406, 63.92166519165039, 186.899169921875, 26.40192222595215, 133.0894775390625, -41.46040344238281, 64.01151275634766], [-1439.74462890625, 631.84375, 307.60064697265625, 394.57293701171875, 850.3627319335938, 348.1678771972656, 410.1373291015625, 111.29715728759766, 329.8769226074219, 68.91178894042969, 272.7236328125, -27.299617767333984, 93.24308776855469], [243.9235382080078, 181.1607208251953, 114.12617492675781, 231.341064453125, 348.1678771972656, 430.92181396484375, 296.2540588378906, 134.6853485107422, 111.82902526855469, 58.475860595703125, 112.37590789794922, -6.447687149047852, 35.53850173950195], [-823.7203369140625, 544.0159912109375, 172.26702880859375, 150.44801330566406, 410.1373291015625, 296.2540588378906, 494.2478942871094, 127.9968032836914, 218.67901611328125, 30.335529327392578, 191.3615264892578, -6.067610263824463, 84.46565246582031], [232.3662109375, -3.037724494934082, 100.72213745117188, 63.92166519165039, 111.29715728759766, 134.6853485107422, 127.9968032836914, 201.99041748046875, 115.8848876953125, 85.14288330078125, 51.45469665527344, 30.782262802124023, 2.8769140243530273], [-629.5599975585938, 452.4788818359375, 27.344799041748047, 186.899169921875, 329.8769226074219, 111.82902526855469, 218.67901611328125, 115.8848876953125, 379.35552978515625, 92.7396469116211, 212.48760986328125, -4.879055023193359, 96.2216567993164], [37.859249114990234, -94.48218536376953, 92.01692962646484, 26.40192222595215, 68.91178894042969, 58.475860595703125, 30.335529327392578, 85.14288330078125, 92.7396469116211, 169.6321258544922, 66.68075561523438, 53.69286346435547, -8.16348934173584], [-733.8948974609375, 406.0748291015625, 67.62946319580078, 133.0894775390625, 272.7236328125, 112.37590789794922, 191.3615264892578, 51.45469665527344, 212.48760986328125, 66.68075561523438, 257.6209716796875, 28.6309757232666, 97.7822494506836], [160.6837615966797, -90.88021850585938, 25.277359008789062, -41.46040344238281, -27.299617767333984, -6.447687149047852, -6.067610263824463, 30.782262802124023, -4.879055023193359, 53.69286346435547, 28.6309757232666, 131.9045867919922, 37.9354362487793], [-421.9335632324219, 238.38812255859375, 9.954272270202637, 64.01151275634766, 93.24308776855469, 35.53850173950195, 84.46565246582031, 2.8769140243530273, 96.2216567993164, -8.16348934173584, 97.7822494506836, 37.9354362487793, 141.5900115966797]], "lowlevel.gfcc.icov": [[0.00010257859685225412, -0.0001790384267223999, 0.00017960680997930467, -0.00031573744490742683, 0.00024782586842775345, -0.00022213728516362607, 0.00016431610856670886, -0.00023966521257534623, 0.00014687648217659444, -0.00016950930876191705, 0.00029108632588759065, -0.0003595084708649665, 0.0003223413659725338], [-0.0001790384267223999, 0.001400363864377141, -0.00026247260393574834, 0.0004368402005638927, -0.0005539863486774266, 0.0008160867146216333, -0.0011421052040532231, 0.000842539593577385, -0.0007663179421797395, 0.0011740099871531129, -0.0013781101442873478, 0.0011295644799247384, -0.0010085477260872722], [0.00017960680997930467, -0.00026247260393574834, 0.0015749864978715777, -0.0011542965658009052, -0.0001176914302050136, 0.0005245899083092809, -0.0004019879852421582, -0.001061851973645389, 0.001499071717262268, -0.0012823505094274879, 0.0005739695043303072, -0.00044577536755241454, 0.00022584757243748754], [-0.00031573744490742683, 0.0004368402005638927, -0.0011542965658009052, 0.003971666097640991, -0.0014366349205374718, -0.0010293981758877635, 0.0010351650416851044, 0.0009192952420562506, -0.0016507088439539075, 0.0012860322603955865, -0.0009340113028883934, 0.0016697569517418742, -0.0014289269456639886], [0.00024782586842775345, -0.0005539863486774266, -0.0001176914302050136, -0.0014366349205374718, 0.004079544451087713, -0.0020433845929801464, -0.0003840397694148123, 0.0005874011549167335, -0.001440795953385532, 9.863865852821618e-05, -0.00033776351483538747, -0.0010840058093890548, 0.0018809998873621225], [-0.00022213728516362607, 0.0008160867146216333, 0.0005245899083092809, -0.0010293981758877635, -0.0020433845929801464, 0.007307378109544516, -0.00381764629855752, -0.002095423871651292, 0.0029719071462750435, -0.0016410993412137032, -0.0008464716956950724, 0.0021600874606519938, -0.0018843663856387138], [0.00016431610856670886, -0.0011421052040532231, -0.0004019879852421582, 0.0010351650416851044, -0.0003840397694148123, -0.00381764629855752, 0.006917780730873346, -0.0017561025451868773, -0.0010868393583223224, 0.0015668909763917327, -0.0004722158482763916, -0.0008337629842571914, 0.0004712609515991062], [-0.00023966521257534623, 0.000842539593577385, -0.001061851973645389, 0.0009192952420562506, 0.0005874011549167335, -0.002095423871651292, -0.0017561025451868773, 0.010649642907083035, -0.004577895160764456, -0.0008981947903521359, 0.00094225985230878, -0.0015716984635218978, 0.0013262705178931355], [0.00014687648217659444, -0.0007663179421797395, 0.001499071717262268, -0.0016507088439539075, -0.001440795953385532, 0.0029719071462750435, -0.0010868393583223224, -0.004577895160764456, 0.010162774473428726, -0.004736691247671843, -0.0022787151392549276, 0.003045058576390147, -0.003108632517978549], [-0.00016950930876191705, 0.0011740099871531129, -0.0012823505094274879, 0.0012860322603955865, 9.863865852821618e-05, -0.0016410993412137032, 0.0015668909763917327, -0.0008981947903521359, -0.004736691247671843, 0.013288289308547974, -0.0036542010493576527, -0.004070647060871124, 0.004056794103235006], [0.00029108632588759065, -0.0013781101442873478, 0.0005739695043303072, -0.0009340113028883934, -0.00033776351483538747, -0.0008464716956950724, -0.0004722158482763916, 0.00094225985230878, -0.0022787151392549276, -0.0036542010493576527, 0.011963743716478348, -0.0026978664100170135, -0.0019344331230968237], [-0.0003595084708649665, 0.0011295644799247384, -0.00044577536755241454, 0.0016697569517418742, -0.0010840058093890548, 0.0021600874606519938, -0.0008337629842571914, -0.0015716984635218978, 0.003045058576390147, -0.004070647060871124, -0.0026978664100170135, 0.014043009839951992, -0.007199021056294441], [0.0003223413659725338, -0.0010085477260872722, 0.00022584757243748754, -0.0014289269456639886, 0.0018809998873621225, -0.0018843663856387138, 0.0004712609515991062, 0.0013262705178931355, -0.003108632517978549, 0.004056794103235006, -0.0019344331230968237, -0.007199021056294441, 0.014888727106153965]], "lowlevel.mfcc.cov": [[10556.236328125, -630.26416015625, -78.93800354003906, -137.58314514160156, -311.6287536621094, -271.61761474609375, -319.2627868652344, -48.0609245300293, -70.69569396972656, -129.87486267089844, -159.37924194335938, -257.5410461425781, -246.98873901367188], [-630.26416015625, 1711.8875732421875, -13.179057121276855, 276.5289001464844, 152.03131103515625, 266.0181884765625, 211.5413055419922, 240.83108520507812, 128.2017364501953, 96.6910629272461, 209.6712188720703, 123.53477478027344, 69.34736633300781], [-78.93800354003906, -13.179057121276855, 677.20654296875, 174.13706970214844, 80.53620147705078, 37.798885345458984, 102.84032440185547, 15.000215530395508, 26.26519203186035, 10.045035362243652, 28.411453247070312, -4.057719707489014, -3.765488386154175], [-137.58314514160156, 276.5289001464844, 174.13706970214844, 446.09405517578125, 287.56781005859375, 185.08863830566406, 84.21298217773438, 100.19401550292969, 82.24713134765625, 92.00638580322266, 56.81596374511719, 89.62264251708984, 108.69131469726562], [-311.6287536621094, 152.03131103515625, 80.53620147705078, 287.56781005859375, 453.7401123046875, 231.54556274414062, 141.0997772216797, 112.95004272460938, 105.11460876464844, 141.4667205810547, 75.81388854980469, 129.81863403320312, 140.49029541015625], [-271.61761474609375, 266.0181884765625, 37.798885345458984, 185.08863830566406, 231.54556274414062, 359.4764404296875, 238.7153778076172, 167.30355834960938, 123.40084838867188, 107.51850891113281, 112.5392837524414, 105.11244201660156, 69.64813995361328], [-319.2627868652344, 211.5413055419922, 102.84032440185547, 84.21298217773438, 141.0997772216797, 238.7153778076172, 344.3794250488281, 176.84255981445312, 101.89263916015625, 94.20125579833984, 94.50997161865234, 81.95929718017578, 44.183963775634766], [-48.0609245300293, 240.83108520507812, 15.000215530395508, 100.19401550292969, 112.95004272460938, 167.30355834960938, 176.84255981445312, 222.703857421875, 131.34841918945312, 82.4822998046875, 103.58610534667969, 77.54444122314453, 49.98607635498047], [-70.69569396972656, 128.2017364501953, 26.26519203186035, 82.24713134765625, 105.11460876464844, 123.40084838867188, 101.89263916015625, 131.34841918945312, 164.68992614746094, 103.78235626220703, 91.88410186767578, 68.66462707519531, 43.85121536254883], [-129.87486267089844, 96.6910629272461, 10.045035362243652, 92.00638580322266, 141.4667205810547, 107.51850891113281, 94.20125579833984, 82.4822998046875, 103.78235626220703, 179.52244567871094, 95.18437194824219, 102.7598876953125, 87.16407775878906], [-159.37924194335938, 209.6712188720703, 28.411453247070312, 56.81596374511719, 75.81388854980469, 112.5392837524414, 94.50997161865234, 103.58610534667969, 91.88410186767578, 95.18437194824219, 178.82611083984375, 100.90084838867188, 52.438541412353516], [-257.5410461425781, 123.53477478027344, -4.057719707489014, 89.62264251708984, 129.81863403320312, 105.11244201660156, 81.95929718017578, 77.54444122314453, 68.66462707519531, 102.7598876953125, 100.90084838867188, 163.36224365234375, 117.49188232421875], [-246.98873901367188, 69.34736633300781, -3.765488386154175, 108.69131469726562, 140.49029541015625, 69.64813995361328, 44.183963775634766, 49.98607635498047, 43.85121536254883, 87.16407775878906, 52.438541412353516, 117.49188232421875, 168.8298797607422]], "lowlevel.mfcc.icov": [[0.00010539302456891164, 4.066174369654618e-05, 3.128868456769851e-06, -4.388275556266308e-05, 4.322280074120499e-05, -9.527724387226044e-08, 0.0001305211044382304, -0.0001948982389876619, 5.955373853794299e-05, -8.635476842755452e-05, 1.7474781998316757e-05, 8.69234572746791e-05, 0.00011661708413157612], [4.066174369654618e-05, 0.0008333821897394955, 0.00019969852291978896, -0.0006064336048439145, 0.00025307119358330965, -0.00010090303112519905, -9.69856046140194e-05, -0.0005512238130904734, 0.0003212637093383819, 0.00015475899272132665, -0.0008021293906494975, 0.00010478448530193418, 0.00014453890617005527], [3.128868456769851e-06, 0.00019969852291978896, 0.0020242633763700724, -0.0013289159396663308, 2.207786928920541e-05, 0.0009103849297389388, -0.001455671968869865, 0.001002154196612537, -0.0005457032821141183, 0.0005738197360187769, -0.0009263832471333444, 0.0005205229972489178, 0.0002845331619028002], [-4.388275556266308e-05, -0.0006064336048439145, -0.0013289159396663308, 0.005258082877844572, -0.0022211172617971897, -0.0015680817887187004, 0.0018338392255827785, -0.001078581903129816, 0.00017038590158335865, -0.0002814189065247774, 0.0011540250852704048, 0.0001187609595945105, -0.0012353240745142102], [4.322280074120499e-05, 0.00025307119358330965, 2.207786928920541e-05, -0.0022211172617971897, 0.005484682973474264, -0.0019202245166525245, -6.209975981619209e-05, 0.00023280731693375856, -0.00017658631259109825, -0.0015508696669712663, 0.0008731111302040517, -0.0005177854327484965, -0.0014991328353062272], [-9.527724387226044e-08, -0.00010090303112519905, 0.0009103849297389388, -0.0015680817887187004, -0.0019202245166525245, 0.008183921687304974, -0.004165858030319214, 4.539407746051438e-05, -0.0015551503747701645, 0.0010665825102478266, -0.001411073375493288, -0.0006678867503069341, 0.0011260166065767407], [0.0001305211044382304, -9.69856046140194e-05, -0.001455671968869865, 0.0018338392255827785, -6.209975981619209e-05, -0.004165858030319214, 0.008171883411705494, -0.004954343196004629, 0.0022227370645850897, -0.0020584161393344402, 0.0011994612868875265, -0.0006536056753247976, 0.0006838568951934576], [-0.0001948982389876619, -0.0005512238130904734, 0.001002154196612537, -0.001078581903129816, 0.00023280731693375856, 4.539407746051438e-05, -0.004954343196004629, 0.014139475300908089, -0.007969452999532223, 0.002850803779438138, -0.002122852485626936, 1.408766365784686e-05, -0.0011964836157858372], [5.955373853794299e-05, 0.0003212637093383819, -0.0005457032821141183, 0.00017038590158335865, -0.00017658631259109825, -0.0015551503747701645, 0.0022227370645850897, -0.007969452999532223, 0.016307052224874496, -0.0062357597053050995, -0.001587370876222849, 0.0005039699608460069, 0.00152584130410105], [-8.635476842755452e-05, 0.00015475899272132665, 0.0005738197360187769, -0.0002814189065247774, -0.0015508696669712663, 0.0010665825102478266, -0.0020584161393344402, 0.002850803779438138, -0.0062357597053050995, 0.013404099270701408, -0.0028027603402733803, -0.002296671038493514, -0.002282561268657446], [1.7474781998316757e-05, -0.0008021293906494975, -0.0009263832471333444, 0.0011540250852704048, 0.0008731111302040517, -0.001411073375493288, 0.0011994612868875265, -0.002122852485626936, -0.001587370876222849, -0.0028027603402733803, 0.01269788108766079, -0.0062942178919911385, 0.0020572261419147253], [8.69234572746791e-05, 0.00010478448530193418, 0.0005205229972489178, 0.0001187609595945105, -0.0005177854327484965, -0.0006678867503069341, -0.0006536056753247976, 1.408766365784686e-05, 0.0005039699608460069, -0.002296671038493514, -0.0062942178919911385, 0.01922614313662052, -0.009477460756897926], [0.00011661708413157612, 0.00014453890617005527, 0.0002845331619028002, -0.0012353240745142102, -0.0014991328353062272, 0.0011260166065767407, 0.0006838568951934576, -0.0011964836157858372, 0.00152584130410105, -0.002282561268657446, 0.0020572261419147253, -0.009477460756897926, 0.014532942324876785]], "metadata.audio_properties.analysis.downmix": "mix", "metadata.audio_properties.codec": "mp3", "metadata.audio