{"song_id": "1182279769639878696", "download": "https://cdn.discordapp.com/attachments/1128313332273782784/1182279769639878696/chirp.mp4?ex=65841ed6&amp", "lyrics": "[Verse]\nFor God so loved the world, He gave His only Son\nTo save us all, redemption had begun\nThrough faith in Him, eternal life we'd find\nThe greatest love story of all time\n\n[Chorus]\nJohn 3:16, a message loud and clear\nGod's love shining bright, casting out all fear\nHis Son's sacrifice, our sins He did erase\nIn John 3:16, His grace we embrace", "style": ["sertanejo"], "essentia_features": {"lowlevel.average_loudness": 0.9769442677497864, "lowlevel.barkbands_crest.mean": 12.35991096496582, "lowlevel.barkbands_crest.stdev": 4.4161577224731445, "lowlevel.barkbands_flatness_db.mean": 0.19208018481731415, "lowlevel.barkbands_flatness_db.stdev": 0.053616978228092194, "lowlevel.barkbands_kurtosis.mean": 8.855813980102539, "lowlevel.barkbands_kurtosis.stdev": 18.195119857788086, "lowlevel.barkbands_skewness.mean": 1.9230103492736816, "lowlevel.barkbands_skewness.stdev": 1.8193268775939941, "lowlevel.barkbands_spread.mean": 21.780614852905273, "lowlevel.barkbands_spread.stdev": 21.30387306213379, "lowlevel.dissonance.mean": 0.4452418386936188, "lowlevel.dissonance.stdev": 0.0382104367017746, "lowlevel.dynamic_complexity": 2.9013571739196777, "lowlevel.erbbands_crest.mean": 11.614157676696777, "lowlevel.erbbands_crest.stdev": 4.961316108703613, "lowlevel.erbbands_flatness_db.mean": 0.18054689466953278, "lowlevel.erbbands_flatness_db.stdev": 0.05470571294426918, "lowlevel.erbbands_kurtosis.mean": 1.1429442167282104, "lowlevel.erbbands_kurtosis.stdev": 2.9967150688171387, "lowlevel.erbbands_skewness.mean": 0.3102172315120697, "lowlevel.erbbands_skewness.stdev": 0.9775105714797974, "lowlevel.erbbands_spread.mean": 39.80508804321289, "lowlevel.erbbands_spread.stdev": 25.372468948364258, "lowlevel.hfc.mean": 18.972091674804688, "lowlevel.hfc.stdev": 16.547792434692383, "lowlevel.loudness_ebu128.integrated": -13.3863525390625, "lowlevel.loudness_ebu128.loudness_range": 1.5694494247436523, "lowlevel.loudness_ebu128.momentary.mean": -13.69077205657959, "lowlevel.loudness_ebu128.momentary.stdev": 1.7620469331741333, "lowlevel.loudness_ebu128.short_term.mean": -13.436973571777344, "lowlevel.loudness_ebu128.short_term.stdev": 0.5577478408813477, "lowlevel.melbands_crest.mean": 16.89720344543457, "lowlevel.melbands_crest.stdev": 5.435542583465576, "lowlevel.melbands_flatness_db.mean": 0.2612333595752716, "lowlevel.melbands_flatness_db.stdev": 0.06980627030134201, "lowlevel.melbands_kurtosis.mean": 23.957183837890625, "lowlevel.melbands_kurtosis.stdev": 38.67499542236328, "lowlevel.melbands_skewness.mean": 3.2402398586273193, "lowlevel.melbands_skewness.stdev": 2.4654769897460938, "lowlevel.melbands_spread.mean": 21.29997444152832, "lowlevel.melbands_spread.stdev": 22.625791549682617, "lowlevel.pitch_salience.mean": 0.45349007844924927, "lowlevel.pitch_salience.stdev": 0.11064361780881882, "lowlevel.silence_rate_20dB.mean": 1.0, "lowlevel.silence_rate_20dB.stdev": 0.0, "lowlevel.silence_rate_30dB.mean": 0.997099757194519, "lowlevel.silence_rate_30dB.stdev": 0.05377580597996712, "lowlevel.silence_rate_60dB.mean": 0.027262181043624878, "lowlevel.silence_rate_60dB.stdev": 0.16284774243831635, "lowlevel.spectral_centroid.mean": 1230.9482421875, "lowlevel.spectral_centroid.stdev": 817.3853759765625, "lowlevel.spectral_complexity.mean": 12.046403884887695, "lowlevel.spectral_complexity.stdev": 6.328426361083984, "lowlevel.spectral_decrease.mean": -7.22734228020272e-09, "lowlevel.spectral_decrease.stdev": 5.959967630531082e-09, "lowlevel.spectral_energy.mean": 0.028998490422964096, "lowlevel.spectral_energy.stdev": 0.02318684384226799, "lowlevel.spectral_energyband_high.mean": 0.0007833184208720922, "lowlevel.spectral_energyband_high.stdev": 0.0014759209007024765, "lowlevel.spectral_energyband_low.mean": 0.012450418435037136, "lowlevel.spectral_energyband_low.stdev": 0.014633080922067165, "lowlevel.spectral_energyband_middle_high.mean": 0.005407210439443588, "lowlevel.spectral_energyband_middle_high.stdev": 0.007651019375771284, "lowlevel.spectral_energyband_middle_low.mean": 0.011998847126960754, "lowlevel.spectral_energyband_middle_low.stdev": 0.016735713928937912, "lowlevel.spectral_entropy.mean": 7.238770008087158, "lowlevel.spectral_entropy.stdev": 0.5646730661392212, "lowlevel.spectral_flux.mean": 0.08268246799707413, "lowlevel.spectral_flux.stdev": 0.05979776382446289, "lowlevel.spectral_kurtosis.mean": 5.5997748374938965, "lowlevel.spectral_kurtosis.stdev": 4.7860636711120605, "lowlevel.spectral_rms.mean": 0.0049481941387057304, "lowlevel.spectral_rms.stdev": 0.0019510582787916064, "lowlevel.spectral_rolloff.mean": 1403.0653076171875, "lowlevel.spectral_rolloff.stdev": 2014.4876708984375, "lowlevel.spectral_skewness.mean": 1.6354281902313232, "lowlevel.spectral_skewness.stdev": 0.7153578400611877, "lowlevel.spectral_spread.mean": 4663858.0, "lowlevel.spectral_spread.stdev": 2401615.5, "lowlevel.spectral_strongpeak.mean": 1.12309730052948, "lowlevel.spectral_strongpeak.stdev": 1.4579609632492065, "lowlevel.zerocrossingrate.mean": 0.051097046583890915, "lowlevel.zerocrossingrate.stdev": 0.04573550447821617, "metadata.audio_properties.analysis.equal_loudness": 0.0, "metadata.audio_properties.analysis.length": 39.999977111816406, "metadata.audio_properties.analysis.sample_rate": 44100.0, "metadata.audio_properties.analysis.start_time": 0.0, "metadata.audio_properties.bit_rate": 122436.0, "metadata.audio_properties.length": 40.0, "metadata.audio_properties.lossless": 0.0, "metadata.audio_properties.number_channels": 1.0, "metadata.audio_properties.replay_gain": -13.812868118286133, "metadata.audio_properties.sample_rate": 48000.0, "rhythm.beats_count": 101.0, "rhythm.beats_loudness.mean": 0.051958173513412476, "rhythm.beats_loudness.stdev": 0.020245173946022987, "rhythm.bpm": 153.82228088378906, "rhythm.bpm_histogram_first_peak_bpm": 152.0, "rhythm.bpm_histogram_first_peak_weight": 0.0, "rhythm.bpm_histogram_second_peak_bpm": 157.0, "rhythm.bpm_histogram_second_peak_spread": 0.050000011920928955, "rhythm.bpm_histogram_second_peak_weight": 0.3799999952316284, "rhythm.danceability": 1.57163405418396, "rhythm.onset_rate": 3.948066234588623, "tonal.chords_changes_rate": 0.050984937697649, "tonal.chords_number_rate": 0.011587485671043396, "tonal.chords_strength.mean": 0.5202476382255554, "tonal.chords_strength.stdev": 0.09349797666072845, "tonal.hpcp_crest.mean": 16.097911834716797, "tonal.hpcp_crest.stdev": 7.333390235900879, "tonal.hpcp_entropy.mean": 1.636316180229187, "tonal.hpcp_entropy.stdev": 0.6844293475151062, "tonal.key_edma.strength": 0.6898716688156128, "tonal.key_krumhansl.strength": 0.7011843919754028, "tonal.key_temperley.strength": 0.7160983681678772, "tonal.tuning_diatonic_strength": 0.6245373487472534, "tonal.tuning_equal_tempered_deviation": 0.05915679782629013, "tonal.tuning_frequency": 442.2933654785156, "tonal.tuning_nontempered_energy_ratio": 0.7010370492935181, "lowlevel.barkbands.mean": [0.0002170883963117376, 0.007738383021205664, 0.0029422324150800705, 0.003582379315048456, 0.0027027761097997427, 0.0018153985729441047, 0.0007209586910903454, 0.0010422595078125596, 0.001906325574964285, 0.0008841775706969202, 0.0013407721417024732, 0.0007992656319402158, 0.0004759671282954514, 0.00044422203791327775, 0.0002973124501295388, 0.0002255740691907704, 0.00032034944160841405, 0.0003150705015286803, 0.0003360282280482352, 0.0003200715873390436, 9.275460615754128e-05, 5.804331158287823e-05, 0.00010410867253085598, 0.00021490332437679172, 8.233685366576537e-05, 1.8913640815299004e-05, 8.176925234693044e-07], "lowlevel.barkbands.stdev": [0.0007341812597587705, 0.01077211368829012, 0.004702487029135227, 0.01181676797568798, 0.004284857306629419, 0.003843482583761215, 0.002115497598424554, 0.0031267725862562656, 0.004414028953760862, 0.0023022559471428394, 0.004231821745634079, 0.0029799870681017637, 0.0017708095256239176, 0.0013400239404290915, 0.0007268667104654014, 0.0006140432669781148, 0.0008008563308976591, 0.000883235246874392, 0.0006670190487056971, 0.0006254537729546428, 0.0001947740383911878, 0.00016865013458300382, 0.0003009122156072408, 0.0006803763099014759, 0.00023820727074053138, 5.842990140081383e-05, 2.907479256464285e-06], "lowlevel.erbbands.mean": [0.16649159789085388, 1.8893260955810547, 4.203431606292725, 7.263044357299805, 9.983409881591797, 9.669975280761719, 13.307329177856445, 14.201786041259766, 8.205428123474121, 17.17108154296875, 27.621248245239258, 40.28633117675781, 33.837249755859375, 41.06982421875, 51.93168258666992, 30.712797164916992, 22.944433212280273, 19.531169891357422, 23.528982162475586, 10.811090469360352, 14.850621223449707, 16.937381744384766, 16.71125602722168, 21.8831787109375, 11.39066219329834, 15.39326286315918, 8.28543758392334, 2.203904628753662, 2.0276355743408203, 2.312629461288452, 3.138500452041626, 3.9864437580108643, 3.7195234298706055, 1.4312975406646729, 0.3345698416233063, 0.09265376627445221, 0.03418044000864029, 0.005371459759771824, 0.00013866680092178285, 3.9368507714243606e-05], "lowlevel.erbbands.stdev": [0.3799150884151459, 2.3456742763519287, 5.53448486328125, 20.945453643798828, 27.61880111694336, 15.87071418762207, 23.73127555847168, 37.086143493652344, 26.75955581665039, 52.28993606567383, 78.96085357666016, 102.7348861694336, 79.90426635742188, 94.15501403808594, 146.37435913085938, 101.2334213256836, 84.40496063232422, 49.454463958740234, 61.35590744018555, 22.754194259643555, 39.911861419677734, 43.07773208618164, 43.416160583496094, 41.04177474975586, 22.284902572631836, 30.77220344543457, 16.099912643432617, 4.960970401763916, 5.964398384094238, 6.551866054534912, 9.171043395996094, 12.133135795593262, 12.354819297790527, 4.27963924407959, 0.9628487229347229, 0.28385674953460693, 0.11533170938491821, 0.016992127522826195, 0.0003703866677824408, 3.089208257733844e-05], "lowlevel.gfcc.mean": [-32.5511589050293, 107.40335083007812, -105.34429168701172, 37.59764862060547, -48.833839416503906, 23.248104095458984, -29.325523376464844, 19.875940322875977, -28.700210571289062, -6.0293426513671875, -5.949366092681885, -8.900604248046875, 1.0488134622573853], "lowlevel.melbands.mean": [0.0018386166775599122, 0.0023315625730901957, 0.001398984924890101, 0.0006624980014748871, 0.00046223195386119187, 0.0003170958370901644, 0.00013214976934250444, 0.00018680379434954375, 0.000237329863011837, 0.00026191092911176383, 0.0001640824630158022, 0.00015720209921710193, 0.0002030560135608539, 9.709048026707023e-05, 6.124869833001867e-05, 4.243537478032522e-05, 3.516654760460369e-05, 4.2398078221594915e-05, 1.706592047412414e-05, 1.2002285075141117e-05, 1.9176439309376292e-05, 1.6201658581849188e-05, 1.7888087313622236e-05, 1.588204213476274e-05, 1.8619899492477998e-05, 9.480777407588903e-06, 7.437636668328196e-06, 1.1331631867506076e-05, 6.812667379563209e-06, 1.7439526800444582e-06, 1.0610053777782014e-06, 1.1178025260960567e-06, 1.1660503105304088e-06, 1.3192620826885104e-06, 1.6912885030251346e-06, 2.104492750731879e-06, 2.6129687284992542e-06, 2.8779979857063154e-06, 1.8706115270106238e-06, 9.791131105885142e-07], "lowlevel.melbands.stdev": [0.003064306452870369, 0.0026558232493698597, 0.004009848460555077, 0.0012255982728675008, 0.0007243381696753204, 0.0007833957206457853, 0.00039645592914894223, 0.0005558434640988708, 0.0006684294203296304, 0.0006445501931011677, 0.0004029669507872313, 0.00038444684469141066, 0.0006157445604912937, 0.00037650123704224825, 0.0002218198060290888, 0.00013423466589301825, 9.331164619652554e-05, 0.00012381892884150147, 3.877631388604641e-05, 3.0149007216095924e-05, 5.373372187023051e-05, 4.059016646351665e-05, 5.9993439208483323e-05, 3.84447630494833e-05, 3.653822568594478e-05, 2.028247035923414e-05, 1.6751906514400616e-05, 2.3593902369611897e-05, 1.421038632543059e-05, 3.989515789726283e-06, 2.820420377247501e-06, 3.381483793418738e-06, 3.530780759319896e-06, 3.871659373544389e-06, 5.008383141102968e-06, 6.4987552832462825e-06, 8.06871412351029e-06, 9.642845725466032e-06, 6.2351532505999785e-06, 2.9515017558878753e-06], "lowlevel.melbands128.mean": [0.00018783465202432126, 0.0010815463028848171, 0.002432734938338399, 0.003467711852863431, 0.002651822753250599, 0.0011760701891034842, 0.0013640426332131028, 0.0019121419172734022, 0.0008510291227139533, 0.0005486517329700291, 0.000547860050573945, 0.0004490402643568814, 0.00047222088323906064, 0.00043419323628768325, 0.0003524799831211567, 0.0002577651175670326, 0.00012229519779793918, 9.078016591956839e-05, 0.00014284695498645306, 0.0002506405289750546, 0.00013636040966957808, 0.00021035922691226006, 0.0002618787402752787, 0.00023592563229613006, 0.00028639595257118344, 0.0002270216791657731, 0.000332868832629174, 0.00010860460315598175, 6.505742931040004e-05, 0.00018718141654971987, 0.00012310426973272115, 0.0002292400022270158, 0.0003040416049771011, 7.747293420834467e-05, 0.00013195641804486513, 9.060299635166302e-05, 7.332723180297762e-05, 4.5921740820631385e-05, 7.805546192685142e-05, 4.2125218897126615e-05, 2.560371285653673e-05, 5.677257649949752e-05, 2.688754648261238e-05, 2.242735354229808e-05, 5.990983481751755e-05, 4.502384035731666e-05, 2.9408587579382583e-05, 1.5448822523467243e-05, 1.07106698123971e-05, 1.6649475583108142e-05, 9.85206315817777e-06, 8.54695917951176e-06, 2.1595395082840696e-05, 2.389753717579879e-05, 1.634095679037273e-05, 1.0206760634901002e-05, 2.0418396161403507e-05, 2.5124407329712994e-05, 1.5310701201087795e-05, 7.707863005634863e-06, 1.8974655176862143e-05, 1.770254129951354e-05, 1.7089842003770173e-05, 2.0611103536793962e-05, 1.943842289620079e-05, 6.05380182605586e-06, 5.578919171966845e-06, 8.509349754604045e-06, 5.7286765695607755e-06, 9.381529707752634e-06, 1.2975477147847414e-05, 1.0701915016397834e-05, 1.1374603673175443e-05, 5.587035047938116e-06, 2.7889577722817194e-06, 1.8532020931161242e-06, 1.2280949022169807e-06, 9.770201359060593e-07, 1.1009678928530775e-06, 1.0427164625070873e-06, 1.1354712796673994e-06, 1.153829771283199e-06, 1.0774822385428706e-06, 1.1978326028838637e-06, 1.1747613370971521e-06, 1.256791733794671e-06, 1.3541406360673136e-06, 1.4926304174878169e-06, 1.7164679775305558e-06, 1.7700439229884068e-06, 2.091038595608552e-06, 2.1647304038197035e-06, 2.1671266949851997e-06, 2.642128492880147e-06, 2.783245463433559e-06, 3.0906735446478706e-06, 2.9068505682516843e-06, 2.6487268769415095e-06, 1.8467098925611936e-06, 1.5884043023106642e-06, 1.254176481779723e-06, 8.478506856590684e-07, 6.885613288432069e-07, 4.976088803232415e-07, 3.068577143494622e-07, 2.0226882213592035e-07, 2.1375082326358097e-07, 1.8267827783802204e-07, 1.3571244039667363e-07, 1.3676877586021874e-07, 1.1540124233988536e-07, 9.784164234361015e-08, 1.2123642534334067e-07, 1.0898077107412973e-07, 8.654297545263034e-08, 5.7653771534660336e-08, 2.8592443968022963e-08, 6.096034343983092e-09, 7.243075028640078e-10, 6.123800685292613e-12, 4.208339839800734e-12, 3.854525639640505e-12, 3.758793189895249e-12, 3.6898427022147295e-12, 3.6183671076744917e-12, 3.5369378866695333e-12, 3.4866638656122495e-12, 3.4645706442626434e-12], "lowlevel.melbands128.stdev": [0.0006878800340928137, 0.003363111289218068, 0.00427965447306633, 0.004237098153680563, 0.0034054203424602747, 0.0020614771638065577, 0.004083114676177502, 0.006415537558495998, 0.002494316315278411, 0.001213446375913918, 0.0010497928597033024, 0.0008662013569846749, 0.0010705359745770693, 0.0011481407564133406, 0.0011251363903284073, 0.0009875391842797399, 0.0005849495646543801, 0.0005026099388487637, 0.0004467446415219456, 0.0009237839840352535, 0.0006610279087908566, 0.0007817483274266124, 0.0010533826425671577, 0.0008296595769934356, 0.0010972609743475914, 0.0007625282160006464, 0.001061767223291099, 0.0004173488123342395, 0.00027423075516708195, 0.0006077433354221284, 0.00044994056224823, 0.0008673810516484082, 0.0010901237837970257, 0.0004127566353417933, 0.0007492416771128774, 0.0003977691812906414, 0.0004354967677500099, 0.00024103792384266853, 0.00044079177314415574, 0.00022595295740757138, 0.00011575445387279615, 0.00022724547307007015, 9.766878065420315e-05, 0.00011307265231152996, 0.0002750294515863061, 0.00016205654537770897, 0.00011227784852962941, 6.179189949762076e-05, 3.327986632939428e-05, 6.14647869952023e-05, 3.723757617990486e-05, 3.536355143296532e-05, 0.0001046825636876747, 7.896217721281573e-05, 4.828338933293708e-05, 4.1422412323299795e-05, 9.476876584812999e-05, 8.905812137527391e-05, 9.90011467365548e-05, 3.151234705001116e-05, 5.994784442009404e-05, 5.6610377214383334e-05, 6.108488742029294e-05, 4.9989921535598114e-05, 5.566168329096399e-05, 1.8959006411023438e-05, 1.2964232155354694e-05, 3.02528751490172e-05, 1.6669513570377603e-05, 2.774113272607792e-05, 3.56675373041071e-05, 2.6482215616852045e-05, 3.1932078854879364e-05, 1.4800501958234236e-05, 7.754854777886067e-06, 5.210441486269701e-06, 3.1144111289904686e-06, 2.6941299893223913e-06, 3.0164883355610073e-06, 3.6697535961138783e-06, 3.537225438776659e-06, 3.84641543860198e-06, 3.7933541534584947e-06, 3.918476522812853e-06, 3.4652321119210683e-06, 3.829295110335806e-06, 4.5991328079253435e-06, 4.894123776466586e-06, 5.434118065750226e-06, 5.794463504571468e-06, 7.001599442446604e-06, 6.887181370984763e-06, 7.642122909601312e-06, 8.504172001266852e-06, 8.882294423528947e-06, 1.0591781574476045e-05, 1.0311441656085663e-05, 1.067244193109218e-05, 6.6915395109390374e-06, 4.882414032181259e-06, 3.919124537787866e-06, 2.7233650143898558e-06, 2.3385264285025187e-06, 1.5926142395983334e-06, 9.885130793918506e-07, 7.287985681614373e-07, 7.293642170225212e-07, 5.631280259876803e-07, 4.7466352270930656e-07, 5.243114742370381e-07, 4.772530814989295e-07, 3.779792905334034e-07, 4.7493779220530996e-07, 4.0149004121303733e-07, 3.1126694466365734e-07, 1.999358829607445e-07, 1.0149282303473228e-07, 3.042337226588643e-08, 7.303407212333468e-09, 5.821768067626465e-11, 1.2757693339249254e-11, 5.848725150026102e-12, 5.717936107235699e-12, 5.621757833557117e-12, 5.540524202624075e-12, 5.475129030707571e-12, 5.427698655108282e-12, 5.398460324601562e-12], "lowlevel.mfcc.mean": [-679.635498046875, 132.3141326904297, 11.261083602905273, 22.430185317993164, 16.523174285888672, -1.3279571533203125, 22.61427879333496, 8.349038124084473, 2.3322713375091553, 9.352449417114258, -9.401165962219238, 1.0457872152328491, -4.206503391265869], "lowlevel.spectral_contrast_coeffs.mean": [-0.693941056728363, -0.7226089239120483, -0.7092214822769165, -0.7790447473526001, -0.7748558521270752, -0.7945067882537842], "lowlevel.spectral_contrast_coeffs.stdev": [0.07132753729820251, 0.09946206957101822, 0.09124257415533066, 0.07414982467889786, 0.06299769133329391, 0.03304591774940491], "lowlevel.spectral_contrast_valleys.mean": [-6.741326332092285, -7.481556415557861, -7.906091213226318, -8.245992660522461, -8.032550811767578, -10.723114013671875], "lowlevel.spectral_contrast_valleys.stdev": [0.6620519757270813, 0.7315688133239746, 0.6652448177337646, 0.7020602822303772, 0.8778058886528015, 1.149896502494812], "rhythm.beats_loudness_band_ratio.mean": [0.6647975444793701, 0.10730861127376556, 0.08712796121835709, 0.07951797544956207, 0.04482079669833183, 0.03268451243638992], "rhythm.beats_loudness_band_ratio.stdev": [0.21549028158187866, 0.1055910736322403, 0.09791120886802673, 0.1047426387667656, 0.05737142264842987, 0.03201775625348091], "tonal.hpcp.mean": [0.2128155380487442, 0.08864137530326843, 0.0241625364869833, 0.024694159626960754, 0.03823930770158768, 0.09410567581653595, 0.1305394470691681, 0.08244374394416809, 0.052747100591659546, 0.04195297881960869, 0.02491852268576622, 0.03580247983336449, 0.04339094087481499, 0.056540586054325104, 0.13658727705478668, 0.20608188211917877, 0.12816008925437927, 0.059902168810367584, 0.05918277055025101, 0.05508480593562126, 0.16802512109279633, 0.2767184376716614, 0.17297711968421936, 0.04782477021217346, 0.031158460304141045, 0.039496976882219315, 0.09580525010824203, 0.14600631594657898, 0.10678454488515854, 0.14451967179775238, 0.16663354635238647, 0.07684461772441864, 0.047774456441402435, 0.04424157738685608, 0.05212637409567833, 0.17112629115581512], "tonal.hpcp.stdev": [0.3304462134838104, 0.17221425473690033, 0.08884581923484802, 0.10497814416885376, 0.13716211915016174, 0.20793882012367249, 0.2657491862773895, 0.1930762529373169, 0.18120481073856354, 0.1604194939136505, 0.10080723464488983, 0.12953594326972961, 0.14236462116241455, 0.16074950993061066, 0.23952266573905945, 0.3341304659843445, 0.2306590974330902, 0.1836753487586975, 0.19799920916557312, 0.147528275847435, 0.2743334472179413, 0.3915218710899353, 0.2944425344467163, 0.14653019607067108, 0.12053085118532181, 0.138044074177742, 0.20641888678073883, 0.29179540276527405, 0.22324204444885254, 0.2714925706386566, 0.32525575160980225, 0.17276990413665771, 0.14340542256832123, 0.1377526819705963, 0.1496167927980423, 0.2754431366920471], "rhythm.beats_position": [0.4527890980243683, 0.9171881675720215, 1.3467572927474976, 1.7414965629577637, 2.1362357139587402, 2.530975103378296, 2.9141042232513428, 3.2972335815429688, 3.6803627014160156, 4.0634918212890625, 4.458230972290039, 4.852970600128174, 5.24770975112915, 5.642448902130127, 6.025578022003174, 6.408707141876221, 6.8034467697143555, 7.198185920715332, 7.592925071716309, 7.987664222717285, 8.370793342590332, 8.753922462463379, 9.137051582336426, 9.520181655883789, 9.914920806884766, 10.309659957885742, 10.68117904663086, 11.075918197631836, 11.470657348632812, 11.865396499633789, 12.248525619506836, 12.643264770507812, 13.038003921508789, 13.421133995056152, 13.815873146057129, 14.210612297058105, 14.593741416931152, 14.9768705368042, 15.359999656677246, 15.754738807678223, 16.149478912353516, 16.532608032226562, 16.92734718322754, 17.322086334228516, 17.716825485229492, 18.09995460510254, 18.494693756103516, 18.877822875976562, 19.27256202697754, 19.655691146850586, 20.038820266723633, 20.43355941772461, 20.828298568725586, 21.223037719726562, 21.61777687072754, 22.000905990600586, 22.395645141601562, 22.77877426147461, 23.173513412475586, 23.556644439697266, 23.939773559570312, 24.33451271057129, 24.717641830444336, 25.100770950317383, 25.49551010131836, 25.890249252319336, 26.284988403320312, 26.66811752319336, 27.051246643066406, 27.445985794067383, 27.84072494506836, 28.235464096069336, 28.618593215942383, 29.00172233581543, 29.396461486816406, 29.767980575561523, 30.1627197265625, 30.557458877563477, 30.952198028564453, 31.346939086914062, 31.74167823791504, 32.12480545043945, 32.5079345703125, 32.90267562866211, 33.285804748535156, 33.6689338684082, 34.06367111206055, 34.458412170410156, 34.8415412902832, 35.23628234863281, 35.631019592285156, 36.0141487121582, 36.40888977050781, 36.803627014160156, 37.198368072509766, 37.59310531616211, 37.98784637451172, 38.38258361816406, 38.76571273803711, 39.148841857910156, 39.543582916259766], "rhythm.bpm_histogram": [0.0, 0.0, 0.0, 0.0, 0.0, 0.0, 0.0, 0.0, 0.0, 0.0, 0.0, 0.0, 0.0, 0.0, 0.0, 0.0, 0.0, 0.0, 0.0, 0.0, 0.0, 0.0, 0.0, 0.0, 0.0, 0.0, 0.0, 0.0, 0.0, 0.0, 0.0, 0.0, 0.0, 0.0, 0.0, 0.0, 0.0, 0.0, 0.0, 0.0, 0.0, 0.0, 0.0, 0.0, 0.0, 0.0, 0.0, 0.0, 0.0, 0.0, 0.0, 0.0, 0.0, 0.0, 0.0, 0.0, 0.0, 0.0, 0.0, 0.0, 0.0, 0.0, 0.0, 0.0, 0.0, 0.0, 0.0, 0.0, 0.0, 0.0, 0.0, 0.0, 0.0, 0.0, 0.0, 0.0, 0.0, 0.0, 0.0, 0.0, 0.0, 0.0, 0.0, 0.0, 0.0, 0.0, 0.0, 0.0, 0.0, 0.0, 0.0, 0.0, 0.0, 0.0, 0.0, 0.0, 0.0, 0.0, 0.0, 0.0, 0.0, 0.0, 0.0, 0.0, 0.0, 0.0, 0.0, 0.0, 0.0, 0.0, 0.0, 0.0, 0.0, 0.0, 0.0, 0.0, 0.0, 0.0, 0.0, 0.0, 0.0, 0.0, 0.0, 0.0, 0.0, 0.0, 0.0, 0.0, 0.0, 0.009999999776482582, 0.0, 0.0, 0.0, 0.0, 0.0, 0.0, 0.0, 0.0, 0.0, 0.0, 0.009999999776482582, 0.0, 0.0, 0.0, 0.0, 0.0, 0.0, 0.0, 0.0, 0.0, 0.0, 0.0, 0.5799999833106995, 0.0, 0.0, 0.0, 0.0, 0.3799999952316284, 0.0, 0.0, 0.0, 0.019999999552965164, 0.0, 0.0, 0.0, 0.0, 0.0, 0.0, 0.0, 0.0, 0.0, 0.0, 0.0, 0.0, 0.0, 0.0, 0.0, 0.0, 0.0, 0.0, 0.0, 0.0, 0.0, 0.0, 0.0, 0.0, 0.0, 0.0, 0.0, 0.0, 0.0, 0.0, 0.0, 0.0, 0.0, 0.0, 0.0, 0.0, 0.0, 0.0, 0.0, 0.0, 0.0, 0.0, 0.0, 0.0, 0.0, 0.0, 0.0, 0.0, 0.0, 0.0, 0.0, 0.0, 0.0, 0.0, 0.0, 0.0, 0.0, 0.0, 0.0, 0.0, 0.0, 0.0, 0.0, 0.0, 0.0, 0.0, 0.0, 0.0, 0.0, 0.0, 0.0, 0.0, 0.0, 0.0, 0.0, 0.0, 0.0, 0.0, 0.0, 0.0, 0.0, 0.0, 0.0, 0.0, 0.0, 0.0, 0.0, 0.0], "tonal.chords_histogram": [33.02433395385742, 2.085747480392456, 16.68597984313965, 0.0, 5.446118354797363, 0.0, 4.5191192626953125, 1.042873740196228, 0.0, 0.0, 0.0, 0.0, 0.3476245701313019, 0.0, 0.0, 0.0, 0.0, 0.9269988536834717, 0.3476245701313019, 0.46349942684173584, 1.738122820854187, 9.965237617492676, 16.68597984313965, 6.7207417488098145], "tonal.thpcp": [1.0, 0.6251015067100525, 0.17282827198505402, 0.11259987205266953, 0.14273345470428467, 0.3462192416191101, 0.5276349186897278, 0.3858960270881653, 0.5222625136375427, 0.6021772623062134, 0.27769967913627625, 0.1726464480161667, 0.1598794013261795, 0.18837332725524902, 0.6184130311012268, 0.7690688967704773, 0.32033056020736694, 0.08731812983751297, 0.08923929929733276, 0.13818851113319397, 0.34007737040519714, 0.47174105048179626, 0.2979336977005005, 0.19061650335788727, 0.1516088992357254, 0.0900501012802124, 0.12938234210014343, 0.1568053811788559, 0.204325333237648, 0.4935965836048126, 0.7447349429130554, 0.4631425738334656, 0.21647335588932037, 0.21387360990047455, 0.1990644633769989, 0.6072061061859131], "lowlevel.gfcc.cov": [[4681.388671875, -1001.6494750976562, -617.3788452148438, 180.03073120117188, -415.23876953125, -60.074153900146484, -145.57069396972656, 242.39967346191406, -79.3062515258789, 128.31256103515625, 51.49132537841797, -164.832763671875, -164.6115264892578], [-1001.6494750976562, 1856.2166748046875, -559.3189086914062, -450.05499267578125, 420.2209167480469, -308.95947265625, 223.25003051757812, -34.520545959472656, 70.07768249511719, -86.69517517089844, 224.93540954589844, -263.9391784667969, 160.67550659179688], [-617.3788452148438, -559.3189086914062, 1221.2076416015625, 221.0061798095703, -140.2616729736328, 273.0083312988281, -159.2356414794922, -155.3459930419922, 37.699546813964844, 44.67987060546875, -263.243896484375, 264.06475830078125, -142.72097778320312], [180.03073120117188, -450.05499267578125, 221.0061798095703, 580.7910766601562, -54.680667877197266, -30.96253776550293, -79.69806671142578, 19.147741317749023, 26.842166900634766, -46.4417610168457, -66.44664764404297, 110.31976318359375, 2.256922721862793], [-415.23876953125, 420.2209167480469, -140.2616729736328, -54.680667877197266, 392.6933288574219, 29.282148361206055, 122.84681701660156, 29.33448600769043, 13.750865936279297, -30.034194946289062, 43.78193283081055, -28.13086700439453, 48.042232513427734], [-60.074153900146484, -308.95947265625, 273.0083312988281, -30.96253776550293, 29.282148361206055, 489.1386413574219, 126.90310668945312, -101.00679016113281, -15.387471199035645, 50.72450256347656, -70.2994155883789, 48.083919525146484, -61.74136734008789], [-145.57069396972656, 223.25003051757812, -159.2356414794922, -79.69806671142578, 122.84681701660156, 126.90310668945312, 283.8262023925781, 34.831871032714844, -13.909138679504395, 1.0929591655731201, 79.39815521240234, -54.493370056152344, 11.737102508544922], [242.39967346191406, -34.520545959472656, -155.3459930419922, 19.147741317749023, 29.33448600769043, -101.00679016113281, 34.831871032714844, 233.00051879882812, 43.53469467163086, -5.360352039337158, 91.58807373046875, -20.95440673828125, 62.00823974609375], [-79.3062515258789, 70.07768249511719, 37.699546813964844, 26.842166900634766, 13.750865936279297, -15.387471199035645, -13.909138679504395, 43.53469467163086, 153.59881591796875, 23.764938354492188, -8.523118019104004, 9.698471069335938, 26.76142692565918], [128.31256103515625, -86.69517517089844, 44.67987060546875, -46.4417610168457, -30.034194946289062, 50.72450256347656, 1.0929591655731201, -5.360352039337158, 23.764938354492188, 121.76985931396484, 27.679582595825195, -7.860044479370117, -18.33774185180664], [51.49132537841797, 224.93540954589844, -263.243896484375, -66.44664764404297, 43.78193283081055, -70.2994155883789, 79.39815521240234, 91.58807373046875, -8.523118019104004, 27.679582595825195, 252.61416625976562, -55.9362907409668, 77.80032348632812], [-164.832763671875, -263.9391784667969, 264.06475830078125, 110.31976318359375, -28.13086700439453, 48.083919525146484, -54.493370056152344, -20.95440673828125, 9.698471069335938, -7.860044479370117, -55.9362907409668, 199.29954528808594, -8.183051109313965], [-164.6115264892578, 160.67550659179688, -142.72097778320312, 2.256922721862793, 48.042232513427734, -61.74136734008789, 11.737102508544922, 62.00823974609375, 26.76142692565918, -18.33774185180664, 77.80032348632812, -8.183051109313965, 148.1928253173828]], "lowlevel.gfcc.icov": [[0.0003897037822753191, 1.1059389180445578e-05, 0.0004057769547216594, -0.0002358459896640852, 0.0003306996659375727, -0.0002944943553302437, 0.0003947814111597836, -0.0006022557499818504, 0.00023423947277478874, -0.00042920414125546813, 0.00010399137681815773, 0.00012028742639813572, 0.0006627423572354019], [1.1059389180445578e-05, 0.002678017131984234, -0.0006809122278355062, 0.0016038839239627123, -0.0019558840431272984, 0.002512054517865181, -0.0018945368938148022, 0.0030648151878267527, -0.002239048946648836, 0.002089237794280052, -0.001527906395494938, 0.0021957189310342073, -0.001436944818124175], [0.0004057769547216594, -0.0006809122278355062, 0.0023716192226856947, -0.0009249743307009339, 0.0009860198479145765, -0.001689524040557444, 0.0015079366276040673, -0.0012201032368466258, 0.0004312083765398711, -0.0014777284814044833, 0.0012448962079361081, -0.002020408632233739, 0.001828820095397532], [-0.0002358459896640852, 0.0016038839239627123, -0.0009249743307009339, 0.0032271123491227627, -0.001196842989884317, 0.0018358012894168496, -0.0012320824898779392, 0.0018552521942183375, -0.001734072924591601, 0.0023439466021955013, -0.0008368536946363747, 0.0004991876776330173, -0.0013966874685138464], [0.0003306996659375727, -0.0019558840431272984, 0.0009860198479145765, -0.001196842989884317, 0.004887553863227367, -0.002176852896809578, 0.00047647440806031227, -0.002678761025890708, 0.0013626189902424812, -0.0010959779610857368, 0.0012879986315965652, -0.0016080244677141309, 0.0009008522611111403], [-0.0002944943553302437, 0.002512054517865181, -0.001689524040557444, 0.0018358012894168496, -0.002176852896809578, 0.0061525022611021996, -0.004397461656481028, 0.004356901161372662, -0.0019744238816201687, 0.0009227441041730344, -0.0007760158623568714, 0.0016044974327087402, -0.0019448897801339626], [0.0003947814111597836, -0.0018945368938148022, 0.0015079366276040673, -0.0012320824898779392, 0.00047647440806031227, -0.004397461656481028, 0.007884802296757698, -0.0037274451460689306, 0.001936017069965601, -0.0010279006091877818, -0.0003601799253374338, -0.0007359986775554717, 0.002583910245448351], [-0.0006022557499818504, 0.0030648151878267527, -0.0012201032368466258, 0.0018552521942183375, -0.002678761025890708, 0.004356901161372662, -0.0037274451460689306, 0.010560601949691772, -0.0045902612619102, 0.003248291788622737, -0.003328795777633786, 0.0020840673241764307, -0.00354171684011817], [0.00023423947277478874, -0.002239048946648836, 0.0004312083765398711, -0.001734072924591601, 0.0013626189902424812, -0.0019744238816201687, 0.001936017069965601, -0.0045902612619102, 0.00999127421528101, -0.0044403597712516785, 0.002767006866633892, -0.001562961027957499, -0.000260146742220968], [-0.00042920414125546813, 0.002089237794280052, -0.0014777284814044833, 0.0023439466021955013, -0.0010959779610857368, 0.0009227441041730344, -0.0010279006091877818, 0.003248291788622737, -0.0044403597712516785, 0.013048515655100346, -0.004169115796685219, 0.0023158330004662275, -5.708820481231669e-06], [0.00010399137681815773, -0.001527906395494938, 0.0012448962079361081, -0.0008368536946363747, 0.0012879986315965652, -0.0007760158623568714, -0.0003601799253374338, -0.003328795777633786, 0.002767006866633892, -0.004169115796685219, 0.008016971871256828, -0.0013191545149311423, -0.0016329570207744837], [0.00012028742639813572, 0.0021957189310342073, -0.002020408632233739, 0.0004991876776330173, -0.0016080244677141309, 0.0016044974327087402, -0.0007359986775554717, 0.0020840673241764307, -0.001562961027957499, 0.0023158330004662275, -0.0013191545149311423, 0.009542923420667648, -0.002036115387454629], [0.0006627423572354019, -0.001436944818124175, 0.001828820095397532, -0.0013966874685138464, 0.0009008522611111403, -0.0019448897801339626, 0.002583910245448351, -0.00354171684011817, -0.000260146742220968, -5.708820481231669e-06, -0.0016329570207744837, -0.002036115387454629, 0.011790781281888485]], "lowlevel.mfcc.cov": [[5039.2646484375, -1196.91943359375, -465.45733642578125, 9.747303009033203, -175.69151306152344, -439.80303955078125, 37.558563232421875, -157.1370086669922, -149.02943420410156, 260.10443115234375, -16.780948638916016, 51.31046676635742, -3.953216791152954], [-1196.91943359375, 2019.90185546875, -720.4863891601562, -149.31854248046875, 22.48476791381836, -147.07460021972656, 188.93531799316406, -110.88494110107422, -8.16948127746582, 113.34542846679688, 43.21894836425781, 5.350009441375732, -33.17724609375], [-465.45733642578125, -720.4863891601562, 1164.8140869140625, 0.8920563459396362, -6.105073928833008, 348.2259826660156, -271.0838928222656, 80.62165069580078, 45.117279052734375, -186.15939331054688, 40.307674407958984, -21.853580474853516, -10.612649917602539], [9.747303009033203, -149.31854248046875, 0.8920563459396362, 498.2746276855469, 90.53467559814453, -143.93914794921875, -86.64161682128906, 54.486114501953125, 17.18152618408203, -90.29148864746094, -59.15459442138672, 63.244895935058594, 8.310955047607422], [-175.69151306152344, 22.48476791381836, -6.105073928833008, 90.53467559814453, 242.26284790039062, -32.42743682861328, -13.04907512664795, 30.439800262451172, 47.16879653930664, -11.545494079589844, -35.235496520996094, 25.9549560546875, 12.91712760925293], [-439.80303955078125, -147.07460021972656, 348.2259826660156, -143.93914794921875, -32.42743682861328, 615.0650634765625, -24.841672897338867, 87.03882598876953, 52.606468200683594, -62.99055480957031, 88.57967376708984, -127.50623321533203, -11.218306541442871], [37.558563232421875, 188.93531799316406, -271.0838928222656, -86.64161682128906, -13.04907512664795, -24.841672897338867, 366.72418212890625, 18.45294189453125, -44.186458587646484, 115.92095184326172, 10.450066566467285, 11.641963005065918, 29.944480895996094], [-157.1370086669922, -110.88494110107422, 80.62165069580078, 54.486114501953125, 30.439800262451172, 87.03882598876953, 18.45294189453125, 191.8828582763672, 63.55693054199219, -57.26137161254883, 6.139560222625732, 12.272656440734863, 27.293216705322266], [-149.02943420410156, -8.16948127746582, 45.117279052734375, 17.18152618408203, 47.16879653930664, 52.606468200683594, -44.186458587646484, 63.55693054199219, 158.0250244140625, 2.753788948059082, 1.1988739967346191, 9.420489311218262, 5.295448303222656], [260.10443115234375, 113.34542846679688, -186.15939331054688, -90.29148864746094, -11.545494079589844, -62.99055480957031, 115.92095184326172, -57.26137161254883, 2.753788948059082, 209.97708129882812, 25.82041358947754, -16.32941436767578, 3.227025270462036], [-16.780948638916016, 43.21894836425781, 40.307674407958984, -59.15459442138672, -35.235496520996094, 88.57967376708984, 10.450066566467285, 6.139560222625732, 1.1988739967346191, 25.82041358947754, 115.09586334228516, 4.968003749847412, -9.15362548828125], [51.31046676635742, 5.350009441375732, -21.853580474853516, 63.244895935058594, 25.9549560546875, -127.50623321533203, 11.641963005065918, 12.272656440734863, 9.420489311218262, -16.32941436767578, 4.968003749847412, 156.18113708496094, 33.68008041381836], [-3.953216791152954, -33.17724609375, -10.612649917602539, 8.310955047607422, 12.91712760925293, -11.218306541442871, 29.944480895996094, 27.293216705322266, 5.295448303222656, 3.227025270462036, -9.15362548828125, 33.68008041381836, 88.77294921875]], "lowlevel.mfcc.icov": [[0.00034373163362033665, 0.0003261721576564014, 0.0002703357604332268, 4.398161399876699e-05, 0.00015991844702512026, 0.00012803061690647155, 0.00015247543342411518, 6.828111509094015e-05, 0.00019388258806429803, -0.0003603070799726993, -0.0001183400527224876, -0.00011401859956094995, 0.00011848114081658423], [0.0003261721576564014, 0.0010097819613292813, 0.0007039395277388394, 0.000235887840972282, -3.766785084735602e-05, 0.00014150029164738953, -7.5707466749008745e-06, 0.00043358703260309994, -7.999413355719298e-05, -2.721816827033763e-06, -0.0005677716108039021, -9.917849092744291e-05, 0.00033054727828130126], [0.0002703357604332268, 0.0007039395277388394, 0.0018572680419310927, 0.0002519733097869903, 1.3731255421589594e-05, -0.0006386597524397075, 0.000927866727579385, 2.006654722208623e-05, 0.0002166360500268638, 0.00033812428591772914, -0.00037158792838454247, -0.0005632514366880059, 0.0002218728477600962], [4.398161399876699e-05, 0.000235887840972282, 0.0002519733097869903, 0.0028052444104105234, -0.0007144659757614136, 0.000599685765337199, 0.0005273416172713041, -0.0007822407642379403, 0.0001550926099298522, 0.0007828929810784757, 0.00045298010809347034, -0.0004990029847249389, 0.0002982912410516292], [0.00015991844702512026, -3.766785084735602e-05, 1.3731255421589594e-05, -0.0007144659757614136, 0.00500685628503561, -6.219741771928966e-05, 5.2426599722821265e-05, -0.00023593902005814016, -0.0011007353896275163, -0.0005129576893523335, 0.001395277213305235, -0.0006266165873967111, -0.000154051958816126], [0.00012803061690647155, 0.00014150029164738953, -0.0006386597524397075, 0.000599685765337199, -6.219741771928966e-05, 0.0035013093147426844, -0.0006630028365179896, -0.0005153918755240738, -0.001040550065226853, 0.0013039110926911235, -0.002589717274531722, 0.0029968649614602327, -0.0006296567735262215], [0.00015247543342411518, -7.5707466749008745e-06, 0.000927866727579385, 0.0005273416172713041, 5.2426599722821265e-05, -0.0006630028365179896, 0.004793505184352398, -0.0020531299524009228, 0.002324230968952179, -0.0027510235086083412, 0.0007772474200464785, -0.0012229211861267686, -0.0005061111878603697], [6.828111509094015e-05, 0.00043358703260309994, 2.006654722208623e-05, -0.0007822407642379403, -0.00023593902005814016, -0.0005153918755240738, -0.0020531299524009228, 0.008553977124392986, -0.0036053131334483624, 0.0029237689450383186, -0.0012909092474728823, 0.00035242654848843813, -0.0018854854861274362], [0.00019388258806429803, -7.999413355719298e-05, 0.0002166360500268638, 0.0001550926099298522, -0.0011007353896275163, -0.001040550065226853, 0.002324230968952179, -0.0036053131334483624, 0.009325371123850346, -0.0029911352321505547, 0.0012080261949449778, -0.0017077085794880986, 0.0006681591039523482], [-0.0003603070799726993, -2.721816827033763e-06, 0.00033812428591772914, 0.0007828929810784757, -0.0005129576893523335, 0.0013039110926911235, -0.0027510235086083412, 0.0029237689450383186, -0.0029911352321505547, 0.009150574915111065, -0.003056596964597702, 0.0024638823233544827, -0.0011856402270495892], [-0.0001183400527224876, -0.0005677716108039021, -0.00037158792838454247, 0.00045298010809347034, 0.001395277213305235, -0.002589717274531722, 0.0007772474200464785, -0.0012909092474728823, 0.0012080261949449778, -0.003056596964597702, 0.012662937864661217, -0.0037182397209107876, 0.002055575605481863], [-0.00011401859956094995, -9.917849092744291e-05, -0.0005632514366880059, -0.0004990029847249389, -0.0006266165873967111, 0.0029968649614602327, -0.0012229211861267686, 0.00035242654848843813, -0.0017077085794880986, 0.0024638823233544827, -0.0037182397209107876, 0.010440933518111706, -0.003621054347604513], [0.00011848114081658423, 0.000330547278281