{"song_id": "1182283169840496660", "download": "https://cdn.discordapp.com/attachments/1135911532732108921/1182283169840496660/chirp.mp4?ex=65842201&amp", "lyrics": "\u5728\u7530\u91ce\u95f4\uff0c\u6f2b\u6b65\u7740\u5c0f\u8def\uff0c\n\u4e61\u8ff9\u5370\u8c61\uff0c\u5524\u9192\u5fc3\u4e2d\u7684\u601d\u6545\u4e61\u3002\n\u7eff\u6811\u6210\u836b\uff0c\u9e1f\u8bed\u82b1\u9999\uff0c\n\u513f\u65f6\u7684\u8bb0\u5fc6\uff0c\u5982\u4eca\u4ecd\u5728\u68a6\u4e2d\u8361\u6f3e\u3002", "style": ["Chinese folk singing"], "essentia_features": {"lowlevel.average_loudness": 0.9435184001922607, "lowlevel.barkbands_crest.mean": 13.827330589294434, "lowlevel.barkbands_crest.stdev": 4.615675926208496, "lowlevel.barkbands_flatness_db.mean": 0.24801456928253174, "lowlevel.barkbands_flatness_db.stdev": 0.052058782428503036, "lowlevel.barkbands_kurtosis.mean": 21.032384872436523, "lowlevel.barkbands_kurtosis.stdev": 21.12999725341797, "lowlevel.barkbands_skewness.mean": 2.961637258529663, "lowlevel.barkbands_skewness.stdev": 1.6296907663345337, "lowlevel.barkbands_spread.mean": 9.822704315185547, "lowlevel.barkbands_spread.stdev": 16.229646682739258, "lowlevel.dissonance.mean": 0.38629648089408875, "lowlevel.dissonance.stdev": 0.054816000163555145, "lowlevel.dynamic_complexity": 3.3139188289642334, "lowlevel.erbbands_crest.mean": 13.107731819152832, "lowlevel.erbbands_crest.stdev": 4.268089294433594, "lowlevel.erbbands_flatness_db.mean": 0.19907759130001068, "lowlevel.erbbands_flatness_db.stdev": 0.050688378512859344, "lowlevel.erbbands_kurtosis.mean": 5.8884687423706055, "lowlevel.erbbands_kurtosis.stdev": 6.295401573181152, "lowlevel.erbbands_skewness.mean": 1.6870982646942139, "lowlevel.erbbands_skewness.stdev": 1.059545636177063, "lowlevel.erbbands_spread.mean": 29.684478759765625, "lowlevel.erbbands_spread.stdev": 28.85867691040039, "lowlevel.hfc.mean": 10.360236167907715, "lowlevel.hfc.stdev": 9.308502197265625, "lowlevel.loudness_ebu128.integrated": -14.741135597229004, "lowlevel.loudness_ebu128.loudness_range": 2.9697399139404297, "lowlevel.loudness_ebu128.momentary.mean": -15.419289588928223, "lowlevel.loudness_ebu128.momentary.stdev": 2.577146291732788, "lowlevel.loudness_ebu128.short_term.mean": -14.863763809204102, "lowlevel.loudness_ebu128.short_term.stdev": 1.1532689332962036, "lowlevel.melbands_crest.mean": 17.905941009521484, "lowlevel.melbands_crest.stdev": 4.83755350112915, "lowlevel.melbands_flatness_db.mean": 0.3468939960002899, "lowlevel.melbands_flatness_db.stdev": 0.059408869594335556, "lowlevel.melbands_kurtosis.mean": 27.457622528076172, "lowlevel.melbands_kurtosis.stdev": 28.388132095336914, "lowlevel.melbands_skewness.mean": 3.181985855102539, "lowlevel.melbands_skewness.stdev": 1.885777235031128, "lowlevel.melbands_spread.mean": 6.572585105895996, "lowlevel.melbands_spread.stdev": 7.9575300216674805, "lowlevel.pitch_salience.mean": 0.46695223450660706, "lowlevel.pitch_salience.stdev": 0.10654860734939575, "lowlevel.silence_rate_20dB.mean": 1.0, "lowlevel.silence_rate_20dB.stdev": 0.0, "lowlevel.silence_rate_30dB.mean": 1.0, "lowlevel.silence_rate_30dB.stdev": 0.0, "lowlevel.silence_rate_60dB.mean": 0.0011600927682593465, "lowlevel.silence_rate_60dB.stdev": 0.03404045104980469, "lowlevel.spectral_centroid.mean": 534.0365600585938, "lowlevel.spectral_centroid.stdev": 489.517578125, "lowlevel.spectral_complexity.mean": 7.270301818847656, "lowlevel.spectral_complexity.stdev": 2.4290456771850586, "lowlevel.spectral_decrease.mean": -6.787758355386586e-09, "lowlevel.spectral_decrease.stdev": 5.088915511208825e-09, "lowlevel.spectral_energy.mean": 0.026558270677924156, "lowlevel.spectral_energy.stdev": 0.019766874611377716, "lowlevel.spectral_energyband_high.mean": 0.0002929834299720824, "lowlevel.spectral_energyband_high.stdev": 0.0007181442342698574, "lowlevel.spectral_energyband_low.mean": 0.0069009545259177685, "lowlevel.spectral_energyband_low.stdev": 0.007705974392592907, "lowlevel.spectral_energyband_middle_high.mean": 0.0008005843264982104, "lowlevel.spectral_energyband_middle_high.stdev": 0.0018552494002506137, "lowlevel.spectral_energyband_middle_low.mean": 0.01895044930279255, "lowlevel.spectral_energyband_middle_low.stdev": 0.017977045848965645, "lowlevel.spectral_entropy.mean": 6.43198299407959, "lowlevel.spectral_entropy.stdev": 0.6469094753265381, "lowlevel.spectral_flux.mean": 0.05178903043270111, "lowlevel.spectral_flux.stdev": 0.03807903453707695, "lowlevel.spectral_kurtosis.mean": 10.481124877929688, "lowlevel.spectral_kurtosis.stdev": 6.657476902008057, "lowlevel.spectral_rms.mean": 0.004756042268127203, "lowlevel.spectral_rms.stdev": 0.0018139855237677693, "lowlevel.spectral_rolloff.mean": 718.888427734375, "lowlevel.spectral_rolloff.stdev": 1452.997314453125, "lowlevel.spectral_skewness.mean": 2.5452334880828857, "lowlevel.spectral_skewness.stdev": 0.8609294891357422, "lowlevel.spectral_spread.mean": 4641580.5, "lowlevel.spectral_spread.stdev": 2302429.0, "lowlevel.spectral_strongpeak.mean": 0.9871050119400024, "lowlevel.spectral_strongpeak.stdev": 0.8782055974006653, "lowlevel.zerocrossingrate.mean": 0.03371264785528183, "lowlevel.zerocrossingrate.stdev": 0.039453327655792236, "metadata.audio_properties.analysis.equal_loudness": 0.0, "metadata.audio_properties.analysis.length": 39.999977111816406, "metadata.audio_properties.analysis.sample_rate": 44100.0, "metadata.audio_properties.analysis.start_time": 0.0, "metadata.audio_properties.bit_rate": 121544.0, "metadata.audio_properties.length": 40.0, "metadata.audio_properties.lossless": 0.0, "metadata.audio_properties.number_channels": 1.0, "metadata.audio_properties.replay_gain": -13.011425018310547, "metadata.audio_properties.sample_rate": 48000.0, "rhythm.beats_count": 61.0, "rhythm.beats_loudness.mean": 0.03991665691137314, "rhythm.beats_loudness.stdev": 0.02318105287849903, "rhythm.bpm": 92.53624725341797, "rhythm.bpm_histogram_first_peak_bpm": 92.0, "rhythm.bpm_histogram_first_peak_weight": 0.4067797064781189, "rhythm.bpm_histogram_second_peak_bpm": 85.0, "rhythm.bpm_histogram_second_peak_spread": 0.0, "rhythm.bpm_histogram_second_peak_weight": 0.01666666753590107, "rhythm.danceability": 1.1064304113388062, "rhythm.onset_rate": 3.223421096801758, "tonal.chords_changes_rate": 0.041714947670698166, "tonal.chords_number_rate": 0.006952491123229265, "tonal.chords_strength.mean": 0.5809465050697327, "tonal.chords_strength.stdev": 0.09713161736726761, "tonal.hpcp_crest.mean": 16.756193161010742, "tonal.hpcp_crest.stdev": 7.611319541931152, "tonal.hpcp_entropy.mean": 1.5525728464126587, "tonal.hpcp_entropy.stdev": 0.6379056572914124, "tonal.key_edma.strength": 0.6714196801185608, "tonal.key_krumhansl.strength": 0.6837305426597595, "tonal.key_temperley.strength": 0.7022191882133484, "tonal.tuning_diatonic_strength": 0.6038209795951843, "tonal.tuning_equal_tempered_deviation": 0.16850347816944122, "tonal.tuning_frequency": 436.7083740234375, "tonal.tuning_nontempered_energy_ratio": 0.9373123645782471, "lowlevel.barkbands.mean": [6.184505309647648e-06, 0.0016268277540802956, 0.004983891267329454, 0.001452005235478282, 0.009660458192229271, 0.00293157109990716, 0.0014063217677175999, 0.002634520409628749, 0.0006918547442182899, 0.00027882770518772304, 0.00022735123638994992, 0.00014870203449390829, 6.414461677195504e-05, 2.022814442170784e-05, 2.010928074014373e-05, 2.0283903722884133e-05, 2.6008665372501127e-05, 1.4058779925107956e-05, 3.1888132070889696e-05, 3.5997894883621484e-05, 7.919182098703459e-05, 2.391470843576826e-05, 1.3341366866370663e-05, 5.339402559911832e-05, 3.942562761949375e-05, 6.361728446790949e-05, 4.1787989175645635e-06], "lowlevel.barkbands.stdev": [1.71607007359853e-05, 0.0019855794962495565, 0.006458486896008253, 0.0029633629601448774, 0.011806240305304527, 0.0060567292384803295, 0.0033698752522468567, 0.008129889145493507, 0.001398575259372592, 0.0009914396796375513, 0.0011113055516034365, 0.0008334246813319623, 0.0002108917833538726, 0.00012358344974927604, 6.329640746116638e-05, 5.094021980767138e-05, 7.460684719262645e-05, 3.587874743971042e-05, 9.508744551567361e-05, 0.00010377391299698502, 0.00020091742044314742, 8.251771942013875e-05, 5.160611544852145e-05, 0.00016577952192164958, 0.00010726869368227199, 0.0001661129208514467, 1.013023211271502e-05], "lowlevel.erbbands.mean": [0.008865690790116787, 0.5849834084510803, 5.365801811218262, 4.304786682128906, 16.180883407592773, 37.185733795166016, 27.740461349487305, 31.144254684448242, 19.71329116821289, 46.22052001953125, 32.57526779174805, 19.973491668701172, 12.26148509979248, 5.265971660614014, 11.867222785949707, 4.291086196899414, 3.359931468963623, 1.114805817604065, 1.0536137819290161, 1.187413215637207, 1.037137746810913, 1.3449479341506958, 0.9765850305557251, 0.9499444961547852, 2.0144143104553223, 1.6673290729522705, 2.688584566116333, 2.862551212310791, 1.0189168453216553, 0.32962360978126526, 0.4293752908706665, 1.2597928047180176, 0.6502454280853271, 0.2967860698699951, 0.36355799436569214, 0.3139919340610504, 0.10357678681612015, 0.019216977059841156, 0.00043790682684630156, 4.220613118377514e-05], "lowlevel.erbbands.stdev": [0.01064737606793642, 0.6597815752029419, 6.5532355308532715, 4.8815765380859375, 24.749452590942383, 52.0911750793457, 50.60356521606445, 51.8988037109375, 42.306297302246094, 112.0950698852539, 109.17835998535156, 39.308128356933594, 38.200199127197266, 21.617084503173828, 45.23478698730469, 21.79109001159668, 11.251598358154297, 3.675568103790283, 4.497901439666748, 3.825270175933838, 2.5044169425964355, 3.501695394515991, 2.314054012298584, 2.2662665843963623, 6.169332027435303, 4.76289176940918, 7.242448329925537, 7.454580783843994, 3.3870229721069336, 1.2149039506912231, 1.6159979104995728, 4.143971920013428, 1.92294442653656, 0.800022542476654, 1.0268738269805908, 0.9111778736114502, 0.25919851660728455, 0.04393377900123596, 0.0009504775516688824, 3.538599412422627e-05], "lowlevel.gfcc.mean": [-68.47814178466797, 117.81891632080078, -55.55344772338867, 19.218265533447266, -60.873924255371094, -12.448918342590332, -33.21438217163086, 5.667927265167236, -41.3143310546875, 4.91961145401001, -25.047679901123047, -3.978490114212036, -9.088337898254395], "lowlevel.melbands.mean": [0.00023809615231584758, 0.0019795007538050413, 0.0011350606800988317, 0.001961464062333107, 0.001246073516085744, 0.000622972147539258, 0.0002959492558147758, 0.0005834263283759356, 0.00022002989135216922, 0.00011827266280306503, 5.703674105461687e-05, 1.913760024763178e-05, 3.54317162418738e-05, 2.3250328013091348e-05, 6.231205134099582e-06, 5.576068815571489e-06, 1.8210755570180481e-06, 1.7180632312374655e-06, 1.5267430626408895e-06, 1.6753531326685334e-06, 1.0903582960963831e-06, 1.2962443634023657e-06, 1.5834754094612435e-06, 4.909539939035312e-07, 7.085103561621509e-07, 1.474274426982447e-06, 1.3987865941089694e-06, 9.791136790227029e-07, 1.3752985523751704e-06, 2.3227785277413204e-06, 1.3742996998189483e-06, 6.468403057624528e-07, 2.723756153955037e-07, 1.3930824138697062e-07, 1.654419037322441e-07, 4.460343348000606e-07, 9.743941973283654e-07, 5.870591621714993e-07, 2.2562791457403364e-07, 2.3577675278829702e-07], "lowlevel.melbands.stdev": [0.0002960718993563205, 0.002296044025570154, 0.00134982296731323, 0.0024109650403261185, 0.0020878054201602936, 0.0011308875400573015, 0.000674900715239346, 0.0015275838086381555, 0.0007436693995259702, 0.00022410905512515455, 0.00019167500431649387, 8.095469092950225e-05, 0.0001582722325110808, 0.00010837361332960427, 2.381042759225238e-05, 1.9283364963484928e-05, 8.295718544104602e-06, 9.87358271231642e-06, 5.436225364974234e-06, 4.516406534094131e-06, 2.806065367622068e-06, 3.5128978197462857e-06, 4.869652457273332e-06, 9.845874728853232e-07, 1.814383495002403e-06, 4.905084551865002e-06, 4.057192199979909e-06, 2.982077830893104e-06, 3.988587650383124e-06, 5.993872491671937e-06, 3.9597121030965354e-06, 2.3031170712783933e-06, 9.832895102590555e-07, 5.811538699163066e-07, 6.79533172842639e-07, 1.5871728464844637e-06, 3.2583006941422354e-06, 1.834255726862466e-06, 6.438636432903877e-07, 6.469334152825468e-07], "lowlevel.melbands128.mean": [2.793379962895415e-06, 5.135504125064472e-06, 9.04508851817809e-05, 0.0011178813874721527, 0.0029011298902332783, 0.002076693344861269, 0.0006023725727573037, 0.000979520846158266, 0.0016353591345250607, 0.002027086215093732, 0.0021955883130431175, 0.0019908947870135307, 0.0007410352118313313, 0.0006154412403702736, 0.001003615790978074, 0.0003796280943788588, 0.00017747220408637077, 0.00037810366484336555, 0.00030564068583771586, 0.0004356328572612256, 0.0009703292744234204, 0.0003722578112501651, 7.263946463353932e-05, 7.626611477462575e-05, 0.00016080790373962373, 0.00013030455738771707, 4.062783045810647e-05, 7.98818000475876e-05, 3.300483513157815e-05, 1.4310733604361303e-05, 1.6501120626344346e-05, 2.1074954929645173e-05, 2.9258393624331802e-05, 5.8678266213973984e-05, 3.550118344719522e-05, 1.0212106644758023e-05, 5.729396434617229e-06, 2.4895778096833965e-06, 9.824017070059199e-06, 1.0377300895925146e-05, 3.3007474939950043e-06, 9.38219955060049e-07, 1.5306779914681101e-06, 2.3779696221026825e-06, 2.3840409539843677e-06, 1.1981397847193875e-06, 1.6361268535547424e-06, 1.4546798183801002e-06, 1.4552653055943665e-06, 1.7210468286066316e-06, 1.7927767430592212e-06, 1.7198188970724004e-06, 8.271852038888028e-07, 9.509359983894683e-07, 1.285766416003753e-06, 1.2090018799426616e-06, 1.0699664017010946e-06, 2.7322996629663976e-06, 1.2678439134106156e-06, 4.850743948736636e-07, 4.785369469573197e-07, 3.9794642248125456e-07, 6.568414505636611e-07, 7.870827971601102e-07, 7.760302196402336e-07, 1.7113841295213206e-06, 1.8363338085691794e-06, 1.1808164117610431e-06, 1.513849497314368e-06, 1.3585192846221616e-06, 7.425515491377155e-07, 9.996390417654766e-07, 9.805003173823934e-07, 1.4077550076763146e-06, 1.88880403584335e-06, 1.9399474240344716e-06, 3.441303078943747e-06, 1.4738036497874418e-06, 1.180051185656339e-06, 9.486500402999809e-07, 7.796633667567221e-07, 4.87221882394806e-07, 3.520123925682128e-07, 2.8831325948885933e-07, 1.7002791707909637e-07, 1.324587515227904e-07, 1.5157016264311096e-07, 1.0035815023456962e-07, 1.036471388715654e-07, 2.4691570388313266e-07, 3.9226387116286787e-07, 4.4083557781959826e-07, 6.334732347568206e-07, 8.495236443195608e-07, 1.499388304182503e-06, 8.803737614471174e-07, 3.384195110811561e-07, 1.3822763378357195e-07, 2.3520699699020042e-07, 2.7307200411996746e-07, 2.191259653727684e-07, 2.267580612169695e-07, 2.458101278079994e-07, 3.141988145216601e-07, 4.05778393997025e-07, 5.43380849649111e-07, 4.683564327478962e-07, 4.512558291480673e-07, 6.961244594094751e-07, 5.698229301742685e-07, 4.859986120209214e-07, 3.980073870479828e-07, 2.8472587132455374e-07, 2.3736788534733932e-07, 2.217282712990709e-07, 2.2990624870544707e-07, 1.7382713224378676e-07, 1.1709441416485333e-08, 3.164893347396003e-11, 5.2117078014335405e-12, 4.766589900562224e-12, 4.402451927315587e-12, 4.2496900096167245e-12, 4.144692835467145e-12, 4.062511611835351e-12, 3.975228566460709e-12, 3.916450930924187e-12, 3.881445078540713e-12], "lowlevel.melbands128.stdev": [8.02467911853455e-06, 1.3179423149267677e-05, 0.00016387309005949646, 0.0013535385951399803, 0.003452272154390812, 0.0027807464357465506, 0.0007694136002101004, 0.002040482359007001, 0.003064475953578949, 0.003537911456078291, 0.003535257885232568, 0.004269208759069443, 0.0017146398313343525, 0.0023344785440713167, 0.0017354229930788279, 0.0006325399735942483, 0.0006417055847123265, 0.0011045098071917892, 0.0009805569425225258, 0.0012616836465895176, 0.0031069910619407892, 0.0015596544835716486, 0.0007636086083948612, 0.0003100154281128198, 0.00045985804172232747, 0.0001975392660824582, 0.00019139828509651124, 0.0003577376191969961, 0.00012747899745590985, 5.696966763935052e-05, 0.0001301697629969567, 0.00023427892301697284, 0.00021981634199619293, 0.00023315931321121752, 0.00022833833645563573, 0.00010292459046468139, 7.412164995912462e-05, 9.315913302998524e-06, 3.3522112062200904e-05, 4.9714773922460154e-05, 1.165765479527181e-05, 3.053509090022999e-06, 8.55164307722589e-06, 1.1227226423216052e-05, 3.036728230654262e-05, 3.773306616494665e-06, 6.00453950028168e-06, 7.529840786446584e-06, 7.302075118786888e-06, 9.049391337612178e-06, 5.50433787793736e-06, 5.2480586418823805e-06, 2.945190317404922e-06, 3.737454790098127e-06, 5.314293048286345e-06, 4.371488557808334e-06, 3.819543053396046e-06, 1.0712262337619904e-05, 4.883446763415122e-06, 1.1964033319600276e-06, 1.4437130175792845e-06, 9.020935749504133e-07, 1.3583534155259258e-06, 2.655300022524898e-06, 2.7521473384695128e-06, 6.709460649290122e-06, 6.085761469876161e-06, 3.920348717656452e-06, 4.605444246408297e-06, 4.305354195821565e-06, 2.655064008649788e-06, 3.4728336686384864e-06, 3.393921133465483e-06, 4.505784090724774e-06, 6.055596713849809e-06, 5.431663794297492e-06, 9.746810974320397e-06, 4.064000677317381e-06, 4.226765213388717e-06, 3.787981768255122e-06, 3.027545744771487e-06, 1.8087611124428804e-06, 1.3544606645155e-06, 1.1208315982003114e-06, 6.810236641285883e-07, 5.6383260016446e-07, 7.061884161885246e-07, 4.813847453988274e-07, 4.403933644425706e-07, 1.1156985237903427e-06, 1.7673653474048479e-06, 1.5571175708828378e-06, 2.2973758859734517e-06, 3.1129948183661327e-06, 5.757219696533866e-06, 2.7571659302338958e-06, 1.1359950349287828e-06, 4.1083004020947556e-07, 7.103324719537341e-07, 8.162644462572644e-07, 7.529424692620523e-07, 6.447858140745666e-07, 6.691222438348632e-07, 8.222315273087588e-07, 1.160629722107842e-06, 1.796783408281044e-06, 1.6333813164237654e-06, 1.41532825637114e-06, 2.151775106540299e-06, 1.741165192470362e-06, 1.5866526155150495e-06, 9.997121424021316e-07, 7.796006684657186e-07, 5.900345172449306e-07, 5.705005037270894e-07, 5.73195165998186e-07, 4.1737075662240386e-07, 3.5773400242078424e-08, 3.045218244235315e-10, 2.956011477261988e-11, 2.7512280648123166e-11, 2.025505804748029e-11, 1.804400552585239e-11, 1.704973835725543e-11, 1.7054638951075063e-11, 1.7516328665312386e-11, 1.761880571993224e-11, 1.729100890246471e-11], "lowlevel.mfcc.mean": [-742.0916748046875, 166.55308532714844, 42.66478729248047, 40.41047668457031, -4.279706001281738, -7.921877861022949, 9.238224983215332, -12.483373641967773, 3.149836540222168, -6.8465447425842285, -13.475139617919922, 2.331386089324951, -12.310347557067871], "lowlevel.spectral_contrast_coeffs.mean": [-0.6065354943275452, -0.6220676302909851, -0.720188558101654, -0.804508626461029, -0.7855654954910278, -0.7548593878746033], "lowlevel.spectral_contrast_coeffs.stdev": [0.07350661605596542, 0.07139717787504196, 0.06428300589323044, 0.046918485313653946, 0.0452948622405529, 0.04151364788413048], "lowlevel.spectral_contrast_valleys.mean": [-6.920641899108887, -7.627298831939697, -8.708952903747559, -9.27821159362793, -9.077631950378418, -11.605862617492676], "lowlevel.spectral_contrast_valleys.stdev": [0.5304628014564514, 0.6955546140670776, 0.6723244190216064, 0.658663272857666, 0.7935104966163635, 1.0643575191497803], "rhythm.beats_loudness_band_ratio.mean": [0.48793715238571167, 0.39950817823410034, 0.13723482191562653, 0.02475447952747345, 0.003628399455919862, 0.013164600357413292], "rhythm.beats_loudness_band_ratio.stdev": [0.2731207013130188, 0.2331182211637497, 0.14132776856422424, 0.048988353461027145, 0.003972056787461042, 0.031165413558483124], "tonal.hpcp.mean": [0.13424532115459442, 0.19317272305488586, 0.2828097343444824, 0.29121795296669006, 0.14160659909248352, 0.04015215113759041, 0.015690920874476433, 0.013623942621052265, 0.04824180155992508, 0.1264267861843109, 0.14558783173561096, 0.08875595778226852, 0.03490573167800903, 0.009550895541906357, 0.006478291470557451, 0.015632709488272667, 0.01720450446009636, 0.009709103964269161, 0.006862506736069918, 0.004485896788537502, 0.009857955388724804, 0.025387190282344818, 0.0313219390809536, 0.043887026607990265, 0.2552337348461151, 0.299727201461792, 0.08616454154253006, 0.017788337543606758, 0.017533747479319572, 0.12558884918689728, 0.2570558786392212, 0.16414587199687958, 0.03362928703427315, 0.02131873369216919, 0.024446453899145126, 0.0583050474524498], "tonal.hpcp.stdev": [0.2896343469619751, 0.32931551337242126, 0.3546053469181061, 0.409263551235199, 0.2585110068321228, 0.14935876429080963, 0.09440846741199493, 0.08429417759180069, 0.16786164045333862, 0.27444949746131897, 0.2861473560333252, 0.24511723220348358, 0.14703531563282013, 0.07026346027851105, 0.04608410596847534, 0.06292987614870071, 0.07359564304351807, 0.07228365540504456, 0.06445875763893127, 0.04656417667865753, 0.0757899358868599, 0.12071269750595093, 0.1339496374130249, 0.1331782042980194, 0.26532238721847534, 0.30173301696777344, 0.15831658244132996, 0.09989223629236221, 0.0888209342956543, 0.2158622294664383, 0.3761069178581238, 0.25178205966949463, 0.13780958950519562, 0.11266980320215225, 0.11942484229803085, 0.1904216855764389], "rhythm.beats_position": [0.6849886775016785, 1.3931972980499268, 2.078185796737671, 2.763174533843994, 3.424943208694458, 4.086711883544922, 4.748480796813965, 5.41024923324585, 6.060408115386963, 6.6989569664001465, 7.337505340576172, 7.987664222717285, 8.637823104858398, 9.287981986999512, 9.926530838012695, 10.565078735351562, 11.215237617492676, 11.865396499633789, 12.515555381774902, 13.154104232788086, 13.8042631149292, 14.442811965942383, 15.09296989440918, 15.743128776550293, 16.393287658691406, 17.043445587158203, 17.693605422973633, 18.32054328918457, 18.970703125, 19.632471084594727, 20.305849075317383, 20.944398880004883, 21.58294677734375, 22.23310661315918, 22.883264541625977, 23.533424377441406, 24.183582305908203, 24.833740234375, 25.48390007019043, 26.122447967529297, 26.772607803344727, 27.422765731811523, 28.072925567626953, 28.72308349609375, 29.361631393432617, 30.000181198120117, 30.650339126586914, 31.300498962402344, 31.93904685974121, 32.57759475708008, 33.23936462402344, 33.9011344909668, 34.53968048095703, 35.17823028564453, 35.80516815185547, 36.45532989501953, 37.093875885009766, 37.732425689697266, 38.370975494384766, 39.009521484375, 39.65968322753906], "rhythm.bpm_histogram": [0.0, 0.0, 0.0, 0.0, 0.0, 0.0, 0.0, 0.0, 0.0, 0.0, 0.0, 0.0, 0.0, 0.0, 0.0, 0.0, 0.0, 0.0, 0.0, 0.0, 0.0, 0.0, 0.0, 0.0, 0.0, 0.0, 0.0, 0.0, 0.0, 0.0, 0.0, 0.0, 0.0, 0.0, 0.0, 0.0, 0.0, 0.0, 0.0, 0.0, 0.0, 0.0, 0.0, 0.0, 0.0, 0.0, 0.0, 0.0, 0.0, 0.0, 0.0, 0.0, 0.0, 0.0, 0.0, 0.0, 0.0, 0.0, 0.0, 0.0, 0.0, 0.0, 0.0, 0.0, 0.0, 0.0, 0.0, 0.0, 0.0, 0.0, 0.0, 0.0, 0.0, 0.0, 0.0, 0.0, 0.0, 0.0, 0.0, 0.0, 0.0, 0.0, 0.0, 0.0, 0.0, 0.01666666753590107, 0.0, 0.0, 0.03333333507180214, 0.01666666753590107, 0.0, 0.11666666716337204, 0.46666666865348816, 0.0, 0.3166666626930237, 0.0, 0.03333333507180214, 0.0, 0.0, 0.0, 0.0, 0.0, 0.0, 0.0, 0.0, 0.0, 0.0, 0.0, 0.0, 0.0, 0.0, 0.0, 0.0, 0.0, 0.0, 0.0, 0.0, 0.0, 0.0, 0.0, 0.0, 0.0, 0.0, 0.0, 0.0, 0.0, 0.0, 0.0, 0.0, 0.0, 0.0, 0.0, 0.0, 0.0, 0.0, 0.0, 0.0, 0.0, 0.0, 0.0, 0.0, 0.0, 0.0, 0.0, 0.0, 0.0, 0.0, 0.0, 0.0, 0.0, 0.0, 0.0, 0.0, 0.0, 0.0, 0.0, 0.0, 0.0, 0.0, 0.0, 0.0, 0.0, 0.0, 0.0, 0.0, 0.0, 0.0, 0.0, 0.0, 0.0, 0.0, 0.0, 0.0, 0.0, 0.0, 0.0, 0.0, 0.0, 0.0, 0.0, 0.0, 0.0, 0.0, 0.0, 0.0, 0.0, 0.0, 0.0, 0.0, 0.0, 0.0, 0.0, 0.0, 0.0, 0.0, 0.0, 0.0, 0.0, 0.0, 0.0, 0.0, 0.0, 0.0, 0.0, 0.0, 0.0, 0.0, 0.0, 0.0, 0.0, 0.0, 0.0, 0.0, 0.0, 0.0, 0.0, 0.0, 0.0, 0.0, 0.0, 0.0, 0.0, 0.0, 0.0, 0.0, 0.0, 0.0, 0.0, 0.0, 0.0, 0.0, 0.0, 0.0, 0.0, 0.0, 0.0, 0.0, 0.0, 0.0, 0.0, 0.0, 0.0, 0.0, 0.0, 0.0, 0.0, 0.0, 0.0, 0.0, 0.0], "tonal.chords_histogram": [0.0, 0.0, 0.0, 0.0, 0.0, 0.0, 0.0, 15.527230262756348, 0.0, 4.055619716644287, 0.0, 0.0, 0.0, 0.0, 4.5191192626953125, 0.11587485671043396, 63.962921142578125, 8.574739456176758, 3.2444958686828613, 0.0, 0.0, 0.0, 0.0, 0.0], "tonal.thpcp": [1.0, 0.2874765396118164, 0.05934842675924301, 0.05849901959300041, 0.4190105199813843, 0.8576328158378601, 0.5476508736610413, 0.11219964921474457, 0.07112712413072586, 0.0815623477101326, 0.1945270448923111, 0.4478916823863983, 0.6444951295852661, 0.9435571432113647, 0.9716100096702576, 0.4724515974521637, 0.13396231830120087, 0.05235067382454872, 0.0454544760286808, 0.1609523594379425, 0.4218061864376068, 0.4857344627380371, 0.2961224615573883, 0.11645834147930145, 0.03186529502272606, 0.021613959223031998, 0.05215645954012871, 0.05740054324269295, 0.032393135130405426, 0.022895842790603638, 0.014966598711907864, 0.03288975730538368, 0.08470098674297333, 0.10450149327516556, 0.14642323553562164, 0.8515534400939941], "lowlevel.gfcc.cov": [[3082.134765625, -1491.6812744140625, 319.01177978515625, -232.57835388183594, -340.96209716796875, 141.20765686035156, -363.91986083984375, 239.05421447753906, -189.1636199951172, 271.2072448730469, -23.072053909301758, 165.2313690185547, -181.82627868652344], [-1491.6812744140625, 1776.65283203125, -529.570068359375, -351.5782470703125, 293.9773864746094, -251.08253479003906, 228.93885803222656, -130.6273193359375, 132.51153564453125, -215.60597229003906, 61.243751525878906, -91.18535614013672, 72.4523696899414], [319.01177978515625, -529.570068359375, 438.2438049316406, 103.2414779663086, -69.35301971435547, 79.45913696289062, -75.8455810546875, 60.451900482177734, -65.5447998046875, 75.64666748046875, -45.815513610839844, 39.719486236572266, -24.675899505615234], [-232.57835388183594, -351.5782470703125, 103.2414779663086, 529.2214965820312, 26.518266677856445, 104.622314453125, 32.718265533447266, -61.164005279541016, 62.30228805541992, 6.946397304534912, -12.86609935760498, -49.82029724121094, 38.425567626953125], [-340.96209716796875, 293.9773864746094, -69.35301971435547, 26.518266677856445, 241.69085693359375, -2.2722935676574707, -28.14069938659668, -23.24494171142578, 54.69967269897461, -20.554426193237305, -5.984572410583496, -35.97813034057617, 28.04315185546875], [141.20765686035156, -251.08253479003906, 79.45913696289062, 104.622314453125, -2.2722935676574707, 168.00482177734375, 28.983448028564453, 5.248379230499268, -0.5253503918647766, 37.25661849975586, 8.207608222961426, 0.8529478311538696, -27.823665618896484], [-363.91986083984375, 228.93885803222656, -75.8455810546875, 32.718265533447266, -28.14069938659668, 28.983448028564453, 263.0721740722656, -25.26995277404785, 7.913140773773193, -29.207345962524414, 18.442787170410156, 3.447460889816284, -12.778144836425781], [239.05421447753906, -130.6273193359375, 60.451900482177734, -61.164005279541016, -23.24494171142578, 5.248379230499268, -25.26995277404785, 119.20835876464844, 5.103389263153076, 27.386573791503906, -12.03548812866211, 7.826838493347168, -21.06376075744629], [-189.1636199951172, 132.51153564453125, -65.5447998046875, 62.30228805541992, 54.69967269897461, -0.5253503918647766, 7.913140773773193, 5.103389263153076, 122.47982788085938, 5.909407615661621, -4.839537143707275, -38.27021026611328, 12.703571319580078], [271.2072448730469, -215.60597229003906, 75.64666748046875, 6.946397304534912, -20.554426193237305, 37.25661849975586, -29.207345962524414, 27.386573791503906, 5.909407615661621, 126.30119323730469, 10.328262329101562, 9.977978706359863, -26.359758377075195], [-23.072053909301758, 61.243751525878906, -45.815513610839844, -12.86609935760498, -5.984572410583496, 8.207608222961426, 18.442787170410156, -12.03548812866211, -4.839537143707275, 10.328262329101562, 74.92798614501953, 1.3234935998916626, -13.105156898498535], [165.2313690185547, -91.18535614013672, 39.719486236572266, -49.82029724121094, -35.97813034057617, 0.8529478311538696, 3.447460889816284, 7.826838493347168, -38.27021026611328, 9.977978706359863, 1.3234935998916626, 82.39701843261719, -1.7446078062057495], [-181.82627868652344, 72.4523696899414, -24.675899505615234, 38.425567626953125, 28.04315185546875, -27.823665618896484, -12.778144836425781, -21.06376075744629, 12.703571319580078, -26.359758377075195, -13.105156898498535, -1.7446078062057495, 94.9484634399414]], "lowlevel.gfcc.icov": [[0.001046830089762807, 0.0006008363561704755, 0.000707634724676609, 0.00041326615610159934, 0.0005061195697635412, -0.00037937157321721315, 0.0010187942534685135, -0.0008155885734595358, 0.0005495766527019441, -0.0008419250370934606, 0.00037496897857636213, -0.0008936934755183756, 0.000986443948931992], [0.0006008363561704755, 0.004614849109202623, 0.0003840905555989593, 0.0038233851082623005, -0.0037878481671214104, 0.0036265519447624683, -0.0034723018761724234, 0.0028919014148414135, -0.003512644674628973, 0.0031549541745334864, -0.0028596927877515554, 0.002230340614914894, -0.0004705043975263834], [0.000707634724676609, 0.0003840905555989593, 0.004812769591808319, -0.001046946388669312, 0.0007876097224652767, -0.0012804638827219605, 0.0017013424076139927, -0.002409084001556039, 0.0029526962898671627, -0.002249885117635131, 0.002799533074721694, -0.0018087843200191855, 0.0011566811008378863], [0.00041326615610159934, 0.0038233851082623005, -0.001046946388669312, 0.006359265185892582, -0.002966312225908041, 0.0014028542209416628, -0.003371119499206543, 0.004487181082367897, -0.004873982630670071, 0.003018968505784869, -0.002517859684303403, 0.0035273581743240356, -0.0019352884264662862], [0.0005061195697635412, -0.0037878481671214104, 0.0007876097224652767, -0.002966312225908041, 0.00930734071880579, -0.0046369582414627075, 0.005215171258896589, -0.0027264724485576153, 0.0020550712943077087, -0.003304450772702694, 0.0034642142709344625, -0.001917515299282968, 0.0005045916186645627], [-0.00037937157321721315, 0.0036265519447624683, -0.0012804638827219605, 0.0014028542209416628, -0.0046369582414627075, 0.012029838748276234, -0.005157056730240583, 0.0028483481146395206, -0.003175475401803851, 0.0020591700449585915, -0.003952337428927422, 0.0023945579305291176, 0.0009332959889434278], [0.0010187942534685135, -0.0034723018761724234, 0.0017013424076139927, -0.003371119499206543, 0.005215171258896589, -0.005157056730240583, 0.00945430900901556, -0.0035644816234707832, 0.0037637678906321526, -0.003109667217358947, 0.002932310337200761, -0.004333726596087217, 0.002795335603877902], [-0.0008155885734595358, 0.0028919014148414135, -0.002409084001556039, 0.004487181082367897, -0.0027264724485576153, 0.0028483481146395206, -0.0035644816234707832, 0.01452698465436697, -0.006317280698567629, 0.0027298994828015566, -0.0015407308237627149, 0.0030114646069705486, -0.00038188829785212874], [0.0005495766527019441, -0.003512644674628973, 0.0029526962898671627, -0.004873982630670071, 0.0020550712943077087, -0.003175475401803851, 0.0037637678906321526, -0.006317280698567629, 0.016474634408950806, -0.006183051038533449, 0.004623470827937126, 0.0003555869625415653, 0.0007641868432983756], [-0.0008419250370934606, 0.0031549541745334864, -0.002249885117635131, 0.003018968505784869, -0.003304450772702694, 0.0020591700449585915, -0.003109667217358947, 0.0027298994828015566, -0.006183051038533449, 0.014424770139157772, -0.005392133723944426, 0.001965718809515238, 6.403947190847248e-05], [0.00037496897857636213, -0.0028596927877515554, 0.002799533074721694, -0.002517859684303403, 0.0034642142709344625, -0.003952337428927422, 0.002932310337200761, -0.0015407308237627149, 0.004623470827937126, -0.005392133723944426, 0.01841394416987896, -0.0026454038452357054, 0.002895616227760911], [-0.0008936934755183756, 0.002230340614914894, -0.0018087843200191855, 0.0035273581743240356, -0.001917515299282968, 0.0023945579305291176, -0.004333726596087217, 0.0030114646069705486, 0.0003555869625415653, 0.001965718809515238, -0.0026454038452357054, 0.018330369144678116, -0.0034882151521742344], [0.000986443948931992, -0.0004705043975263834, 0.0011566811008378863, -0.0019352884264662862, 0.0005045916186645627, 0.0009332959889434278, 0.002795335603877902, -0.00038188829785212874, 0.0007641868432983756, 6.403947190847248e-05, 0.002895616227760911, -0.0034882151521742344, 0.01453095581382513]], "lowlevel.mfcc.cov": [[2831.592041015625, -1147.452880859375, 232.41339111328125, -320.4252014160156, -8.01587200164795, -156.3713836669922, -24.400897979736328, -121.74554443359375, -89.45674896240234, -12.283148765563965, 105.48820495605469, 179.46932983398438, -100.432373046875], [-1147.452880859375, 1800.1558837890625, -622.8660278320312, -144.25601196289062, -59.08420944213867, -163.32373046875, -11.283890724182129, 63.96007537841797, 40.110748291015625, -170.0978546142578, 53.34169006347656, 53.21135330200195, -13.44764232635498], [232.41339111328125, -622.8660278320312, 455.4154052734375, 59.52558517456055, -26.303680419921875, 53.910884857177734, 24.122268676757812, -4.658102035522461, -17.430082321166992, 66.17671966552734, -16.026521682739258, -29.577606201171875, 6.94410514831543], [-320.4252014160156, -144.25601196289062, 59.52558517456055, 269.2760314941406, 30.864978790283203, 97.53289794921875, -7.658987522125244, 13.346206665039062, 29.13275146484375, 45.061065673828125, -41.268218994140625, -50.27163314819336, 33.69794845581055], [-8.01587200164795, -59.08420944213867, -26.303680419921875, 30.864978790283203, 331.82330322265625, -8.640843391418457, -52.506553649902344, -80.3868637084961, 48.11867141723633, 15.297709465026855, -23.162511825561523, 18.159841537475586, -14.593907356262207], [-156.3713836669922, -163.32373046875, 53.910884857177734, 97.53289794921875, -8.640843391418457, 216.41848754882812, 35.012699127197266, 28.392738342285156, 3.2581026554107666, 40.809783935546875, 19.429935455322266, -38.516475677490234, 43.27876663208008], [-24.400897979736328, -11.283890724182129, 24.122268676757812, -7.658987522125244, -52.506553649902344, 35.012699127197266, 128.24061584472656, 23.853759765625, -19.880638122558594, 1.5164395570755005, 16.665403366088867, 6.293025016784668, -4.059541702270508], [-121.74554443359375, 63.96007537841797, -4.658102035522461, 13.346206665039062, -80.3868637084961, 28.392738342285156, 23.853759765625, 149.36415100097656, -7.890041828155518, 4.678057670593262, 2.0271239280700684, -36.441688537597656, 29.948381423950195], [-89.45674896240234, 40.110748291015625, -17.430082321166992, 29.13275146484375, 48.11867141723633, 3.2581026554107666, -19.880638122558594, -7.890041828155518, 110.83221435546875, 17.27963638305664, -1.9045672416687012, -3.837423324584961, 2.3403947353363037], [-12.283148765563965, -170.0978546142578, 66.17671966552734, 45.061065673828125, 15.297709465026855, 40.809783935546875, 1.5164395570755005, 4.678057670593262, 17.27963638305664, 128.78697204589844, 15.928431510925293, -15.292985916137695, 3.3615128993988037], [105.48820495605469, 53.34169006347656, -16.026521682739258, -41.268218994140625, -23.162511825561523, 19.429935455322266, 16.665403366088867, 2.0271239280700684, -1.9045672416687012, 15.928431510925293, 160.8885955810547, 46.890159606933594, -11.698606491088867], [179.46932983398438, 53.21135330200195, -29.577606201171875, -50.27163314819336, 18.159841537475586, -38.516475677490234, 6.293025016784668, -36.441688537597656, -3.837423324584961, -15.292985916137695, 46.890159606933594, 129.013671875, -22.178403854370117], [-100.432373046875, -13.44764232635498, 6.94410514831543, 33.69794845581055, -14.593907356262207, 43.27876663208008, -4.059541702270508, 29.948381423950195, 2.3403947353363037, 3.3615128993988037, -11.698606491088867, -22.178403854370117, 107.63802337646484]], "lowlevel.mfcc.icov": [[0.0009669199353083968, 0.0010660673724487424, 0.0005994747043587267, 0.0009785644942894578, 0.00020066001161467284, 0.0006296653300523758, 0.00026059526135213673, -4.76276982226409e-05, 3.527888475218788e-05, 0.0005848663276992738, -0.0005511675262823701, -0.0008205853519029915, 0.00023944607528392226], [0.0010660673724487424, 0.0024292506277561188, 0.0021785448770970106, 0.0010767733911052346, 0.0004395730793476105, 0.0012806718004867435, 8.2738435594365e-05, -0.0005228997906669974, -0.00048761884681880474, 0.0014570339117199183, -0.0009943427285179496, -0.0008437001379206777, 0.00019701564451679587], [0.0005994747043587267, 0.0021785448770970106, 0.004742061719298363, 0.00031981689971871674, 0.0006577931344509125, 0.0008383886306546628, -0.000442632008343935, -0.00012483067985158414, -7.28498343960382e-05, 9.597087046131492e-05, -0.0004708054766524583, -0.00017803403898142278, 0.00010632824705680832], [0.0009785644942894578, 0.0010767733911052346, 0.00031981689971871674, 0.006213421933352947, -9.00825034477748e-05, -0.001449359580874443, 0.0007441718480549753, -0.00015645484381821007, -0.0009136247681453824, -0.00034822075394913554, 0.0007807659567333758, -0.0001982860267162323, -0.00020139149273745716], [0.00020066001161467284, 0.0004395730793476105, 0.0006577931344509125, -9.00825034477748e-05, 0.0040175700560212135, -4.174295827397145e-05, 0.0010735151590779424, 0.001714070443995297, -0.0012869068887084723, -0.00021331488096620888, 0.0004361962201073766, -0.0006616556784138083, 0.00029870597063563764], [0.0006296653300523758, 0.0012806718004867435, 0.0008383886306546628, -0.001449359580874443, -4.174295827397145e-05, 0.0076125431805849075, -0.0018385445000603795, -0.00039912830106914043, 4.5033099013380706e-05, -0.00010509722051210701, -0.0022642870899289846, 0.0009599877521395683, -0.001923593576066196], [0.00026059526135213673, 8.2738435594365e-05, -0.000442632008343935, 0.0007441718480549753, 0.0010735151590779424, -0.0018385445000603795, 0.009390502236783504, -0.000998450443148613, 0.0010139908408746123, 0.0001765768538461998, -0.00016422780754510313, -0.0013229208998382092, 0.001247821724973619], [-4.76276982226409e-05, -0.0005228997906669974, -0.00012483067985158414, -0.00015645484381821007, 0.001714070443995297, -0.00039912830106914043, -0.000998450443148613, 0.008946983143687248, 0.00010589637531666085, -0.0006534124840982258, -0.00024182985362131149, 0.0021191202104091644, -0.0017583933658897877], [3.527888475218788e-05, -0.00048761884681880474, -7.28498343960382e-05, -0.0009136247681453824, -0.0012869068887084723, 4.5033099013380706e-05, 0.0010139908408746123, 0.00010589637531666085, 0.010444107465445995, -0.0015230684075504541, -0.0001704877649899572, 0.00013059545017313212, -9.223207598552108e-05], [0.0005848663276992738, 0.0014570339117199183, 9.597087046131492e-05, -0.00034822075394913554, -0.00021331488096620888, -0.00010509722051210701, 0.0001765768538461998, -0.0006534124840982258, -0.0015230684075504541, 0.010380243882536888, -0.00206946674734354, 0.000314442120725289, 0.0005811806186102331], [-0.0005511675262823701, -0.0009943427285179496, -0.0004708054766524583, 0.0007807659567333758, 0.0004361962201073766, -0.0022642870899289846, -0.00016422780754510313, -0.00024182985362131149, -0.0001704877649899572, -0.00206946674734354, 0.008431468158960342, -0.002632721560075879, 0.0006203381926752627], [-0.0008205853519029915, -0.0008437001379206777, -0.00017803403898142278, -0.0001982860267162323, -0.0006616556784138083, 0.0009599877521395683, -0.0013229208998382092, 0.0021191202104091644, 0.00013059545017313212, 0.000314442120725289, -0.002632721560075879, 0.011179190129041672, 9.193667210638523e-05], [0.00023944607528392226, 0.00019701564451679587, 0.00010632824705680832, -0.00020139149273745716, 0.00029870597063563764, -0.001923593576066196, 0.001247821724973619, -0.0017583933658897877, -9.223207598552108e-05, 0.0005811806186102331, 0.0006203381926752627, 9.193667210638523e-05, 0.011015072464942932]], "metadata.audio_properties.analysis.downmix": "mix", "metadata.audio_properties.codec": "mp3", "metadata.audio_properties.md5_encoded": "bf25388a4c7631daf0b24c3faffcf570", "metadata.tags.file_name": "1182283169840496660.mp3", "metadata.version.essentia": "2.1-beta6-dev", "metadata.version.essentia_git_sha": "v2.1_beta5-1110-g77a6a954", "metadata.version.extractor": "music 2.0", "tonal.chords_key": "F", "tonal.chords_scale": "major", "tonal.key_edma.key": "A", "tonal.key_edma.scale": "major", "tonal.key_krumhansl.key": "A", "tonal.key_krumhansl.scale": "major", "tonal.key_temperley.key": "A", "tonal.key_temperley.scale": "major", "metad