{"song_id": "1182282002255331378", "download": "https://cdn.discordapp.com/attachments/1135911532732108921/1182282002255331378/chirp.mp4?ex=658420eb&amp", "lyrics": "[verse]\n\u0411\u044b\u0447\u044c\u0435 \u0440\u0443\u0431\u0438\u043b\u043e\u0432\u043e \u0431\u0435\u0437\u0443\u043c\u043d\u044b\u0435 \u0443\u0434\u0430\u0440\u044b\n\u0411\u0435\u0448\u0435\u043d\u0441\u0442\u0432\u043e \u0414\u0435\u0434 \u043c\u0430\u0442\u0447! \u0432\u044b\u0448\u0438\u0431\u0430\u043b\u043e\u0432\u043e\n\u0420\u0443\u0431\u0438\u043b\u043e\u0447\u043a\u0430 \u0447\u0435\u0440\u0435\u043f\u043e\u043c \u043f\u043e \u0431\u044b\u0447\u044c\u0438\n\u041e\u0442\u0434\u0443\u0431\u0430\u0448\u0435\u043d\u043e \u0436\u0435\u043b\u0435\u0437\u043e\u043c \u043a\u0438\u0431\u043e\u0440\u0433\u0430 \u043f\u0440\u0435\u0434\u043c\u0435\u0442\n\n[chorus]\n\u0411\u044b\u0447\u044c\u0435 \u0440\u0443\u0431\u0438\u043b\u043e\u0432\u043e \u0431\u0435\u0437\u0443\u043c\u043d\u044b\u0435 \u0443\u0434\u0430\u0440\u044b\n\u0411\u0435\u0448\u0435\u043d\u0441\u0442\u0432\u043e \u0414\u0435\u0434 \u043c\u0430\u0442\u0447! \u0432\u044b\u0448\u0438\u0431\u0430\u043b\u043e\u0432\u043e\n\u0420\u0443\u0431\u0438\u043b\u043e\u0447\u043a\u0430 \u0447\u0435\u0440\u0435\u043f\u043e\u043c \u043f\u043e \u0431\u044b\u0447\u044c\u0438\n\u041e\u0442\u0434\u0443\u0431\u0430\u0448\u0435\u043d\u043e \u0436\u0435\u043b\u0435\u0437\u043e\u043c \u043a\u0438\u0431\u043e\u0440\u0433\u0430 \u043f\u0440\u0435\u0434\u043c\u0435\u0442", "style": ["extremely hardcore death metal"], "essentia_features": {"lowlevel.average_loudness": 0.9799278974533081, "lowlevel.barkbands_crest.mean": 14.610371589660645, "lowlevel.barkbands_crest.stdev": 5.465052127838135, "lowlevel.barkbands_flatness_db.mean": 0.17685827612876892, "lowlevel.barkbands_flatness_db.stdev": 0.061794061213731766, "lowlevel.barkbands_kurtosis.mean": 21.453893661499023, "lowlevel.barkbands_kurtosis.stdev": 33.61954879760742, "lowlevel.barkbands_skewness.mean": 3.390604019165039, "lowlevel.barkbands_skewness.stdev": 2.318483829498291, "lowlevel.barkbands_spread.mean": 16.85492515563965, "lowlevel.barkbands_spread.stdev": 15.841182708740234, "lowlevel.dissonance.mean": 0.45558542013168335, "lowlevel.dissonance.stdev": 0.030739745125174522, "lowlevel.dynamic_complexity": 2.328233480453491, "lowlevel.erbbands_crest.mean": 9.525895118713379, "lowlevel.erbbands_crest.stdev": 5.101277828216553, "lowlevel.erbbands_flatness_db.mean": 0.11615617573261261, "lowlevel.erbbands_flatness_db.stdev": 0.04203355684876442, "lowlevel.erbbands_kurtosis.mean": 1.4847391843795776, "lowlevel.erbbands_kurtosis.stdev": 4.437546253204346, "lowlevel.erbbands_skewness.mean": 0.689805805683136, "lowlevel.erbbands_skewness.stdev": 1.0436737537384033, "lowlevel.erbbands_spread.mean": 52.582889556884766, "lowlevel.erbbands_spread.stdev": 25.140682220458984, "lowlevel.hfc.mean": 26.421785354614258, "lowlevel.hfc.stdev": 22.221359252929688, "lowlevel.loudness_ebu128.integrated": -18.69624900817871, "lowlevel.loudness_ebu128.loudness_range": 1.1574878692626953, "lowlevel.loudness_ebu128.momentary.mean": -19.309804916381836, "lowlevel.loudness_ebu128.momentary.stdev": 3.0501017570495605, "lowlevel.loudness_ebu128.short_term.mean": -18.719938278198242, "lowlevel.loudness_ebu128.short_term.stdev": 0.6005423665046692, "lowlevel.melbands_crest.mean": 19.86643409729004, "lowlevel.melbands_crest.stdev": 6.7944722175598145, "lowlevel.melbands_flatness_db.mean": 0.2640022933483124, "lowlevel.melbands_flatness_db.stdev": 0.07368993759155273, "lowlevel.melbands_kurtosis.mean": 51.74567794799805, "lowlevel.melbands_kurtosis.stdev": 70.87449645996094, "lowlevel.melbands_skewness.mean": 4.86653470993042, "lowlevel.melbands_skewness.stdev": 2.976942300796509, "lowlevel.melbands_spread.mean": 12.520591735839844, "lowlevel.melbands_spread.stdev": 15.893253326416016, "lowlevel.pitch_salience.mean": 0.4384253919124603, "lowlevel.pitch_salience.stdev": 0.14011627435684204, "lowlevel.silence_rate_20dB.mean": 1.0, "lowlevel.silence_rate_20dB.stdev": 0.0, "lowlevel.silence_rate_30dB.mean": 0.8053375482559204, "lowlevel.silence_rate_30dB.stdev": 0.39593973755836487, "lowlevel.silence_rate_60dB.mean": 0.040031395852565765, "lowlevel.silence_rate_60dB.stdev": 0.19603200256824493, "lowlevel.spectral_centroid.mean": 1050.87841796875, "lowlevel.spectral_centroid.stdev": 762.8637084960938, "lowlevel.spectral_complexity.mean": 15.859498023986816, "lowlevel.spectral_complexity.stdev": 8.245826721191406, "lowlevel.spectral_decrease.mean": -1.8643843802124138e-08, "lowlevel.spectral_decrease.stdev": 1.6395819812942136e-08, "lowlevel.spectral_energy.mean": 0.07276265323162079, "lowlevel.spectral_energy.stdev": 0.062492240220308304, "lowlevel.spectral_energyband_high.mean": 0.0014866158599033952, "lowlevel.spectral_energyband_high.stdev": 0.0022976130712777376, "lowlevel.spectral_energyband_low.mean": 0.052888087928295135, "lowlevel.spectral_energyband_low.stdev": 0.06138262152671814, "lowlevel.spectral_energyband_middle_high.mean": 0.004348734859377146, "lowlevel.spectral_energyband_middle_high.stdev": 0.006545824930071831, "lowlevel.spectral_energyband_middle_low.mean": 0.015575418248772621, "lowlevel.spectral_energyband_middle_low.stdev": 0.013317790813744068, "lowlevel.spectral_entropy.mean": 7.640510559082031, "lowlevel.spectral_entropy.stdev": 0.46784114837646484, "lowlevel.spectral_flux.mean": 0.11073289811611176, "lowlevel.spectral_flux.stdev": 0.09386446326971054, "lowlevel.spectral_kurtosis.mean": 3.557340383529663, "lowlevel.spectral_kurtosis.stdev": 4.116292476654053, "lowlevel.spectral_rms.mean": 0.007785432506352663, "lowlevel.spectral_rms.stdev": 0.003221031278371811, "lowlevel.spectral_rolloff.mean": 770.6326904296875, "lowlevel.spectral_rolloff.stdev": 1422.391845703125, "lowlevel.spectral_skewness.mean": 1.5651320219039917, "lowlevel.spectral_skewness.stdev": 0.5889309644699097, "lowlevel.spectral_spread.mean": 6392741.0, "lowlevel.spectral_spread.stdev": 1595929.625, "lowlevel.spectral_strongpeak.mean": 0.8261175751686096, "lowlevel.spectral_strongpeak.stdev": 1.1454180479049683, "lowlevel.zerocrossingrate.mean": 0.04572175070643425, "lowlevel.zerocrossingrate.stdev": 0.036213260143995285, "metadata.audio_properties.analysis.equal_loudness": 0.0, "metadata.audio_properties.analysis.length": 29.54664421081543, "metadata.audio_properties.analysis.sample_rate": 44100.0, "metadata.audio_properties.analysis.start_time": 0.0, "metadata.audio_properties.bit_rate": 118735.0, "metadata.audio_properties.length": 29.546667098999023, "metadata.audio_properties.lossless": 0.0, "metadata.audio_properties.number_channels": 1.0, "metadata.audio_properties.replay_gain": -5.860803604125977, "metadata.audio_properties.sample_rate": 48000.0, "rhythm.beats_count": 61.0, "rhythm.beats_loudness.mean": 0.21199579536914825, "rhythm.beats_loudness.stdev": 0.0793510228395462, "rhythm.bpm": 126.6798324584961, "rhythm.bpm_histogram_first_peak_bpm": 126.0, "rhythm.bpm_histogram_first_peak_weight": 0.5087719559669495, "rhythm.bpm_histogram_second_peak_bpm": 115.0, "rhythm.bpm_histogram_second_peak_spread": 0.3333333730697632, "rhythm.bpm_histogram_second_peak_weight": 0.03333333507180214, "rhythm.danceability": 1.705731749534607, "rhythm.onset_rate": 4.90544319152832, "tonal.chords_changes_rate": 0.03918495401740074, "tonal.chords_number_rate": 0.012539184652268887, "tonal.chords_strength.mean": 0.5832518339157104, "tonal.chords_strength.stdev": 0.1176656037569046, "tonal.hpcp_crest.mean": 12.736790657043457, "tonal.hpcp_crest.stdev": 5.181506633758545, "tonal.hpcp_entropy.mean": 2.062063455581665, "tonal.hpcp_entropy.stdev": 0.6511802673339844, "tonal.key_edma.strength": 0.53437739610672, "tonal.key_krumhansl.strength": 0.5419043898582458, "tonal.key_temperley.strength": 0.5487944483757019, "tonal.tuning_diatonic_strength": 0.5470410585403442, "tonal.tuning_equal_tempered_deviation": 0.19954028725624084, "tonal.tuning_frequency": 434.193115234375, "tonal.tuning_nontempered_energy_ratio": 0.9356778860092163, "lowlevel.barkbands.mean": [0.0018438987899571657, 0.04212062805891037, 0.007413068320602179, 0.002842423738911748, 0.0034727859310805798, 0.0066579957492649555, 0.0006531312828883529, 0.0006207682890817523, 0.0012816541129723191, 0.00029694478143937886, 0.000571565527934581, 0.0014570187777280807, 0.0005060783005319536, 0.00032864909735508263, 0.00029232140514068305, 0.0002567452611401677, 0.00018728616123553365, 0.00014321629714686424, 0.00022265395091380924, 0.00023795613378752023, 0.0003131572448182851, 0.00022713490761816502, 0.0001944264367921278, 0.0002648431691341102, 0.00022912645363248885, 0.00012451560178305954, 2.6826094199350337e-06], "lowlevel.barkbands.stdev": [0.0024872191715985537, 0.055005669593811035, 0.013858605176210403, 0.005031873006373644, 0.0038229390047490597, 0.009492851793766022, 0.0009458112181164324, 0.0009785410948097706, 0.0026254169642925262, 0.0004942392115481198, 0.0017024559201672673, 0.004834290128201246, 0.0015327404253184795, 0.0006957377190701663, 0.0007658336544409394, 0.0006491089588962495, 0.0003667197597678751, 0.00029141310369595885, 0.00038675646646879613, 0.00045682842028327286, 0.0007227595197036862, 0.0005087402532808483, 0.000319407758070156, 0.00047998232184909284, 0.0004598052182700485, 0.0001928186829900369, 6.76787385600619e-06], "lowlevel.erbbands.mean": [1.7131316661834717, 7.496571063995361, 8.583282470703125, 9.908111572265625, 8.938448905944824, 9.736478805541992, 41.24583053588867, 53.30206298828125, 15.697815895080566, 11.570335388183594, 17.01699447631836, 28.424922943115234, 15.40975284576416, 14.414610862731934, 48.682743072509766, 39.19536590576172, 22.722837448120117, 17.346105575561523, 16.95346450805664, 13.427193641662598, 14.655474662780762, 10.733663558959961, 7.978403091430664, 10.667515754699707, 10.480886459350586, 11.645089149475098, 12.516676902770996, 11.356719017028809, 8.866446495056152, 6.336081027984619, 5.334157943725586, 5.125860214233398, 4.600439071655273, 2.862661361694336, 1.4847474098205566, 0.6518891453742981, 0.2018561214208603, 0.027963407337665558, 0.0005933308857493103, 0.00010470724373590201], "lowlevel.erbbands.stdev": [2.128199577331543, 10.789487838745117, 15.519102096557617, 17.76325798034668, 10.419797897338867, 13.008705139160156, 63.693260192871094, 87.37539672851562, 23.630067825317383, 13.146919250488281, 26.2540283203125, 60.72928237915039, 34.867218017578125, 22.55474853515625, 138.93312072753906, 111.46220397949219, 66.6075668334961, 33.0400390625, 38.45963668823242, 26.883649826049805, 37.938472747802734, 20.535022735595703, 15.87537670135498, 19.660764694213867, 17.955678939819336, 22.389604568481445, 26.346559524536133, 28.624116897583008, 20.59541893005371, 11.616745948791504, 8.50505542755127, 8.452223777770996, 9.512802124023438, 6.149543762207031, 2.9603333473205566, 1.1198064088821411, 0.3100169599056244, 0.04807572439312935, 0.0009319841046817601, 7.876406743889675e-05], "lowlevel.gfcc.mean": [28.447669982910156, 81.0676040649414, -70.72026824951172, 39.8653678894043, -54.22177505493164, 27.833221435546875, -36.48550796508789, 15.05870246887207, -24.519224166870117, 13.785489082336426, -13.776768684387207, 8.836974143981934, -5.738557815551758], "lowlevel.melbands.mean": [0.013300413265824318, 0.005971210077404976, 0.0017120364354923368, 0.000595340330619365, 0.0012318537337705493, 0.0011701203184202313, 0.00022972268925514072, 0.00012687029084190726, 0.00015117913426365703, 0.00017759393085725605, 7.434975123032928e-05, 5.3772859246237203e-05, 0.00012844189768657088, 0.00019451788102742285, 4.682274447986856e-05, 4.463592267711647e-05, 3.047169047931675e-05, 2.7934203899349086e-05, 2.0888046492473222e-05, 1.615168366697617e-05, 1.7167136320495047e-05, 1.1412688763812184e-05, 7.974214895511977e-06, 7.021652436378645e-06, 8.818381502351258e-06, 8.138145858538337e-06, 7.310652563319309e-06, 7.689709491387475e-06, 7.366940735664684e-06, 8.187331332010217e-06, 6.060366558813257e-06, 5.278498065308668e-06, 3.790847358686733e-06, 3.467165925030713e-06, 2.9886248285038164e-06, 3.09112715513038e-06, 3.1665672395320144e-06, 3.45611465490947e-06, 2.5225322133337613e-06, 2.4191733700718032e-06], "lowlevel.melbands.stdev": [0.01698385365307331, 0.00868444424122572, 0.0027551164384931326, 0.0006566722877323627, 0.001807537628337741, 0.0018476122058928013, 0.00034911473630927503, 0.00014176448166836053, 0.000245785980951041, 0.00036860458203591406, 0.0001781244936864823, 8.840197551762685e-05, 0.000333590607624501, 0.00063679413869977, 0.00016731118375901133, 9.67276791925542e-05, 6.078542719478719e-05, 6.494339322671294e-05, 5.9874164435314015e-05, 3.682373062474653e-05, 4.418038952280767e-05, 2.3202479496831074e-05, 1.6557498383917846e-05, 1.5107852959772572e-05, 1.6920525013119914e-05, 1.5216265637718607e-05, 1.4221418496163096e-05, 1.5143798009376042e-05, 1.558718940941617e-05, 1.9938976038247347e-05, 1.6562746168347076e-05, 1.2969278941454832e-05, 8.134945346682798e-06, 6.212959306139965e-06, 4.764764071296668e-06, 5.298285941535141e-06, 5.320664058672264e-06, 7.312448360607959e-06, 5.023355697630905e-06, 5.638494712911779e-06], "lowlevel.melbands128.mean": [0.001785523840226233, 0.014464990235865116, 0.019056471064686775, 0.009757178835570812, 0.004578625783324242, 0.003574424423277378, 0.0020472565665841103, 0.0013358904980123043, 0.0008869516314007342, 0.0004412835114635527, 0.0004220781265757978, 0.0008521052077412605, 0.0015578282764181495, 0.0015922443708404899, 0.0013251124182716012, 0.0010219127871096134, 0.00020587228937074542, 0.00014803744852542877, 0.00012070332741132006, 0.0001378413726342842, 0.0001061141156242229, 0.00017011677846312523, 0.00010430167458252981, 0.0001984977425308898, 0.00022891118715051562, 0.0001389979152008891, 0.0001637278328416869, 3.1101892091101035e-05, 4.037503094878048e-05, 6.13339725532569e-05, 3.3841803087852895e-05, 8.553183579351753e-05, 0.00010342772293370217, 0.000126348139019683, 0.00039287671097554266, 0.0001355636486550793, 3.6911125789629295e-05, 2.4583941922173835e-05, 8.286831143777817e-05, 4.089020876563154e-05, 3.158485924359411e-05, 5.456464350572787e-05, 2.3233335014083423e-05, 2.0922603653161786e-05, 3.814130832324736e-05, 2.274600774399005e-05, 2.754575871222187e-05, 2.3525502911070362e-05, 1.5745968994451687e-05, 1.8740409359452315e-05, 1.3758599379798397e-05, 1.5594188880641013e-05, 2.109264642058406e-05, 1.729413816065062e-05, 1.1421551789680962e-05, 1.1524399269546848e-05, 9.941192729456816e-06, 9.641510587243829e-06, 6.857307653262978e-06, 5.508942649612436e-06, 8.130407877615653e-06, 6.7740288614004385e-06, 7.043012374197133e-06, 1.0944401765300427e-05, 9.272301213059109e-06, 8.00565703684697e-06, 7.585312232549768e-06, 6.3081943153520115e-06, 7.342017852352001e-06, 8.616117156634573e-06, 8.101486855593976e-06, 6.729706910846289e-06, 7.224099590530386e-06, 7.579267730761785e-06, 7.277964414242888e-06, 9.43999839364551e-06, 8.134430572681595e-06, 5.73715851714951e-06, 6.581425623153336e-06, 5.2655896070064045e-06, 5.359661827242235e-06, 5.56802569917636e-06, 4.357124453235883e-06, 3.520048039717949e-06, 3.385315267223632e-06, 3.4386855531920446e-06, 3.6045244087290484e-06, 3.2862017178558744e-06, 2.8001666123600444e-06, 2.8731724341923837e-06, 3.1615313673682977e-06, 3.179553459631279e-06, 2.9622772217408055e-06, 3.078408099099761e-06, 3.2790921977721155e-06, 3.576758672352298e-06, 3.5802368074655533e-06, 3.256044919908163e-06, 2.4024848244152963e-06, 2.1575438040599693e-06, 2.4814125936245546e-06, 2.6433845050632954e-06, 2.1309592739271466e-06, 1.999487722059712e-06, 1.5704796396676102e-06, 1.3582231304098968e-06, 1.4701909094583243e-06, 1.4026869621375226e-06, 1.1065602620874415e-06, 9.280008157475095e-07, 7.632461915818567e-07, 6.720236456203565e-07, 6.597327342205972e-07, 5.555528446166136e-07, 4.626124621154304e-07, 3.5286709021420393e-07, 1.0891290713743729e-07, 7.3898651642423374e-09, 8.00932861699799e-11, 1.3345346529247681e-11, 1.1287552489913644e-11, 1.105930451383852e-11, 1.0746542544737281e-11, 1.0545856722610214e-11, 1.0271685411955556e-11, 9.922105671800185e-12, 9.71932777316109e-12, 9.648534575468215e-12], "lowlevel.melbands128.stdev": [0.0024179574102163315, 0.01772480644285679, 0.026311375200748444, 0.015633273869752884, 0.008980884216725826, 0.0065183560363948345, 0.003997813444584608, 0.002095050411298871, 0.0010281719733029604, 0.000708406965713948, 0.0008239856106229126, 0.0013779675355181098, 0.0029339795000851154, 0.0034055477008223534, 0.0024469702038913965, 0.002335487399250269, 0.0004014556761831045, 0.00035514807677827775, 0.00017530300829093903, 0.0002188203070545569, 0.00015348533634096384, 0.00030819798121228814, 0.0002459821698721498, 0.000552728190086782, 0.0006606216775253415, 0.0003847598854918033, 0.0005589101929217577, 7.25990321370773e-05, 7.050085696391761e-05, 0.000135270063765347, 6.078170918044634e-05, 0.00029368189279921353, 0.0003336080990266055, 0.0006369925104081631, 0.0015008605550974607, 0.0005116422544233501, 0.0001804305793484673, 9.157948807114735e-05, 0.0004261929134372622, 0.00011259121674811468, 7.929595449240878e-05, 0.0001696400868240744, 5.2407787734409794e-05, 6.461494922405109e-05, 0.00013286375906318426, 6.0748454416170716e-05, 9.783241694094613e-05, 0.00011681294563459232, 4.260467903804965e-05, 4.366381836007349e-05, 3.349071994307451e-05, 8.057218656176701e-05, 7.501692016376182e-05, 5.6823002523742616e-05, 2.5804956749198027e-05, 2.9413742595352232e-05, 2.2551063011633232e-05, 2.7448884793557227e-05, 1.7506217773188837e-05, 1.4554972949554212e-05, 2.1765421479358338e-05, 1.485367010900518e-05, 1.6532545487280004e-05, 2.6377263566246256e-05, 1.8764130800263956e-05, 2.0405466784723103e-05, 1.53570272232173e-05, 1.2402505490172189e-05, 1.7549580661579967e-05, 2.182520074711647e-05, 1.920665272336919e-05, 1.3831969226885121e-05, 1.5757463188492693e-05, 1.8573811757960357e-05, 1.8719785657594912e-05, 2.607053284009453e-05, 2.008064438996371e-05, 1.8403949070489034e-05, 1.9992899979115464e-05, 1.59229057317134e-05, 1.4870268387312535e-05, 1.3940570170234423e-05, 1.0847621524590068e-05, 8.185728802345693e-06, 7.382076546491589e-06, 7.871536581660621e-06, 6.621697593800491e-06, 5.597709332505474e-06, 4.785230885318015e-06, 4.8258821152558085e-06, 6.455040875152918e-06, 5.654568667523563e-06, 5.511819836101495e-06, 5.651111223414773e-06, 5.647228135785554e-06, 7.058301889628638e-06, 8.956732926890254e-06, 8.664806045999285e-06, 4.688793978857575e-06, 3.915301476808963e-06, 6.372081770678051e-06, 6.689321253361413e-06, 5.585425697063329e-06, 4.491513209359255e-06, 3.4530480661487672e-06, 2.933978294095141e-06, 2.634811835378059e-06, 2.6283580609742785e-06, 2.2189180981513346e-06, 1.6940125533437822e-06, 1.647370140744897e-06, 1.2054894114044146e-06, 1.0455562460265355e-06, 8.857635975800804e-07, 8.188837341549515e-07, 7.492649274354335e-07, 2.5719614882291353e-07, 3.0100899550689064e-08, 1.2762667589427679e-09, 6.368958832547733e-11, 1.6247911002742477e-11, 1.5927625537925927e-11, 1.5552347604197436e-11, 1.5292603988692477e-11, 1.507020029600792e-11, 1.489003885468687e-11, 1.4762184530336953e-11, 1.468288338135615e-11], "lowlevel.mfcc.mean": [-629.3486328125, 114.71035766601562, 38.83509826660156, 24.29193115234375, 13.377223014831543, 13.502251625061035, 6.941925048828125, 2.73105525970459, 3.911870241165161, 3.3773140907287598, -0.7377380132675171, 3.6790804862976074, 2.8608267307281494], "lowlevel.spectral_contrast_coeffs.mean": [-0.7384206056594849, -0.7255951166152954, -0.7743614315986633, -0.8150724172592163, -0.8161066174507141, -0.7805091142654419], "lowlevel.spectral_contrast_coeffs.stdev": [0.07695439457893372, 0.08173651993274689, 0.08029821515083313, 0.05004282668232918, 0.03854089975357056, 0.03924659639596939], "lowlevel.spectral_contrast_valleys.mean": [-5.92056941986084, -6.815680980682373, -7.470773696899414, -7.656215667724609, -7.584130764007568, -9.63642406463623], "lowlevel.spectral_contrast_valleys.stdev": [0.8677843809127808, 0.7180083394050598, 0.73392653465271, 0.8011227250099182, 0.8545035719871521, 0.928473949432373], "rhythm.beats_loudness_band_ratio.mean": [0.9016278386116028, 0.05829422548413277, 0.014593959785997868, 0.01772194169461727, 0.004032168071717024, 0.00690853875130415], "rhythm.beats_loudness_band_ratio.stdev": [0.14162006974220276, 0.12635427713394165, 0.014739779755473137, 0.03821447864174843, 0.005020270589739084, 0.005788656882941723], "tonal.hpcp.mean": [0.22121867537498474, 0.19842767715454102, 0.09213476628065109, 0.0655502900481224, 0.06563188135623932, 0.07434222847223282, 0.18768174946308136, 0.23999497294425964, 0.11520573496818542, 0.04118095710873604, 0.03443656489253044, 0.03580315038561821, 0.07827121764421463, 0.08946146816015244, 0.05018259957432747, 0.0897621288895607, 0.0939033105969429, 0.035364460200071335, 0.021609416231513023, 0.01527364831417799, 0.026275575160980225, 0.11361502856016159, 0.12645785510540009, 0.039650604128837585, 0.019479839131236076, 0.03284650295972824, 0.07069824635982513, 0.194494366645813, 0.2014891803264618, 0.09287270903587341, 0.06894591450691223, 0.07330429553985596, 0.07527782768011093, 0.07722949981689453, 0.0861041471362114, 0.1258304864168167], "tonal.hpcp.stdev": [0.3664882779121399, 0.3313135802745819, 0.2323497086763382, 0.20694288611412048, 0.21270589530467987, 0.20569771528244019, 0.3002064526081085, 0.3781830072402954, 0.22642222046852112, 0.14371466636657715, 0.1445365995168686, 0.14278548955917358, 0.17096441984176636, 0.17391012609004974, 0.11309989541769028, 0.20197974145412445, 0.2069605588912964, 0.11982325464487076, 0.09867411106824875, 0.08182127773761749, 0.09119721502065659, 0.2272157222032547, 0.24791963398456573, 0.11368964612483978, 0.08319023996591568, 0.12316475808620453, 0.17160922288894653, 0.30287542939186096, 0.2929271161556244, 0.20943962037563324, 0.21084445714950562, 0.22026915848255157, 0.2276657521724701, 0.21629224717617035, 0.24243289232254028, 0.2606785297393799], "rhythm.beats_position": [0.5108389854431152, 1.0332880020141602, 1.5441269874572754, 2.0665760040283203, 2.554194927215576, 3.0185940265655518, 3.5062131881713867, 3.9706122875213623, 4.435011386871338, 4.922630310058594, 5.38702917098999, 5.863038539886475, 6.339047431945801, 6.815056800842285, 7.291065692901611, 7.755464553833008, 8.231473922729492, 8.707483291625977, 9.171881675720215, 9.659501075744629, 10.123900413513184, 10.599908828735352, 11.075918197631836, 11.55192756652832, 12.027935981750488, 12.492335319519043, 12.956734657287598, 13.444353103637695, 13.90875244140625, 14.396371841430664, 14.860771179199219, 15.336779594421387, 15.812788963317871, 16.28879737854004, 16.764806747436523, 17.229206085205078, 17.705215454101562, 18.181224822998047, 18.6456241607666, 19.133241653442383, 19.597640991210938, 20.073650360107422, 20.549659729003906, 21.02566909790039, 21.501678466796875, 21.966075897216797, 22.43047523498535, 22.918094635009766, 23.38249397277832, 23.858503341674805, 24.33451271057129, 24.81052017211914, 25.286529541015625, 25.75092887878418, 26.215328216552734, 26.69133758544922, 27.167346954345703, 27.654966354370117, 28.11936378479004, 28.595373153686523, 29.071382522583008], "rhythm.bpm_histogram": [0.0, 0.0, 0.0, 0.0, 0.0, 0.0, 0.0, 0.0, 0.0, 0.0, 0.0, 0.0, 0.0, 0.0, 0.0, 0.0, 0.0, 0.0, 0.0, 0.0, 0.0, 0.0, 0.0, 0.0, 0.0, 0.0, 0.0, 0.0, 0.0, 0.0, 0.0, 0.0, 0.0, 0.0, 0.0, 0.0, 0.0, 0.0, 0.0, 0.0, 0.0, 0.0, 0.0, 0.0, 0.0, 0.0, 0.0, 0.0, 0.0, 0.0, 0.0, 0.0, 0.0, 0.0, 0.0, 0.0, 0.0, 0.0, 0.0, 0.0, 0.0, 0.0, 0.0, 0.0, 0.0, 0.0, 0.0, 0.0, 0.0, 0.0, 0.0, 0.0, 0.0, 0.0, 0.0, 0.0, 0.0, 0.0, 0.0, 0.0, 0.0, 0.0, 0.0, 0.0, 0.0, 0.0, 0.0, 0.0, 0.0, 0.0, 0.0, 0.0, 0.0, 0.0, 0.0, 0.0, 0.0, 0.0, 0.0, 0.0, 0.0, 0.0, 0.0, 0.0, 0.0, 0.0, 0.0, 0.0, 0.0, 0.0, 0.0, 0.0, 0.0, 0.0, 0.0, 0.03333333507180214, 0.0, 0.01666666753590107, 0.0, 0.0, 0.0, 0.0, 0.0, 0.15000000596046448, 0.0, 0.0, 0.46666666865348816, 0.0, 0.0, 0.3333333432674408, 0.0, 0.0, 0.0, 0.0, 0.0, 0.0, 0.0, 0.0, 0.0, 0.0, 0.0, 0.0, 0.0, 0.0, 0.0, 0.0, 0.0, 0.0, 0.0, 0.0, 0.0, 0.0, 0.0, 0.0, 0.0, 0.0, 0.0, 0.0, 0.0, 0.0, 0.0, 0.0, 0.0, 0.0, 0.0, 0.0, 0.0, 0.0, 0.0, 0.0, 0.0, 0.0, 0.0, 0.0, 0.0, 0.0, 0.0, 0.0, 0.0, 0.0, 0.0, 0.0, 0.0, 0.0, 0.0, 0.0, 0.0, 0.0, 0.0, 0.0, 0.0, 0.0, 0.0, 0.0, 0.0, 0.0, 0.0, 0.0, 0.0, 0.0, 0.0, 0.0, 0.0, 0.0, 0.0, 0.0, 0.0, 0.0, 0.0, 0.0, 0.0, 0.0, 0.0, 0.0, 0.0, 0.0, 0.0, 0.0, 0.0, 0.0, 0.0, 0.0, 0.0, 0.0, 0.0, 0.0, 0.0, 0.0, 0.0, 0.0, 0.0, 0.0, 0.0, 0.0, 0.0, 0.0, 0.0, 0.0, 0.0, 0.0, 0.0, 0.0, 0.0, 0.0, 0.0, 0.0, 0.0, 0.0, 0.0, 0.0], "tonal.chords_histogram": [2.3510971069335938, 0.0, 0.0, 0.0, 0.0, 0.0, 0.0, 0.0, 0.0, 0.0, 0.0, 2.9780564308166504, 0.0, 36.2068977355957, 3.605015754699707, 19.905956268310547, 26.175548553466797, 5.1724138259887695, 0.0, 0.0, 0.0, 0.0, 3.605015754699707, 0.0], "tonal.thpcp": [1.0, 0.4800339639186859, 0.1715909093618393, 0.14348869025707245, 0.14918291568756104, 0.32613691687583923, 0.3727639317512512, 0.20909854769706726, 0.3740167021751404, 0.3912719786167145, 0.14735500514507294, 0.09004112333059311, 0.06364153325557709, 0.10948385298252106, 0.4734058678150177, 0.5269187688827515, 0.16521431505680084, 0.08116769790649414, 0.13686329126358032, 0.29458218812942505, 0.8104101419448853, 0.8395558595657349, 0.3869777321815491, 0.2872806489467621, 0.3054409623146057, 0.31366419792175293, 0.32179632782936096, 0.3587747812271118, 0.5243046879768372, 0.9217637777328491, 0.8267993330955505, 0.383902907371521, 0.27313193678855896, 0.2734718918800354, 0.3097657859325409, 0.7820236682891846], "lowlevel.gfcc.cov": [[5820.09716796875, -828.935791015625, -314.926025390625, 178.5224151611328, -5.390400409698486, 303.47119140625, 96.1739730834961, 148.31553649902344, -31.751893997192383, 375.2283630371094, 107.27592468261719, 163.1234588623047, -86.37886810302734], [-828.935791015625, 1080.9656982421875, 185.61328125, -188.56744384765625, 253.32862854003906, 15.490668296813965, 89.97076416015625, -49.19061279296875, 98.52095031738281, -71.67855834960938, 41.45604705810547, -93.00381469726562, -25.058429718017578], [-314.926025390625, 185.61328125, 523.4612426757812, 164.41995239257812, 87.41944885253906, 75.5372085571289, 50.96914291381836, 32.30624771118164, 101.88652801513672, 10.460983276367188, 35.60688018798828, -5.267278671264648, -20.350849151611328], [178.5224151611328, -188.56744384765625, 164.41995239257812, 406.1759338378906, 33.19445037841797, 0.16137689352035522, 5.6390886306762695, 73.92433166503906, 44.75786590576172, 12.67776870727539, 14.439674377441406, -20.752010345458984, -6.747163772583008], [-5.390400409698486, 253.32862854003906, 87.41944885253906, 33.19445037841797, 257.2472229003906, 98.94647216796875, 68.17677307128906, 12.61559772491455, 61.248046875, -0.8961725234985352, 6.423400402069092, -32.364322662353516, -56.720706939697266], [303.47119140625, 15.490668296813965, 75.5372085571289, 0.16137689352035522, 98.94647216796875, 227.82666015625, 121.94024658203125, -8.84957218170166, 23.669574737548828, 36.70758056640625, 8.371060371398926, -6.170004367828369, -33.52083969116211], [96.1739730834961, 89.97076416015625, 50.96914291381836, 5.6390886306762695, 68.17677307128906, 121.94024658203125, 179.44671630859375, 20.014896392822266, 19.881484985351562, 29.770326614379883, 22.744112014770508, -11.670599937438965, -24.472850799560547], [148.31553649902344, -49.19061279296875, 32.30624771118164, 73.92433166503906, 12.61559772491455, -8.84957218170166, 20.014896392822266, 110.65592193603516, 43.64041519165039, 12.213027954101562, 11.475543975830078, -3.2491626739501953, -2.943211793899536], [-31.751893997192383, 98.52095031738281, 101.88652801513672, 44.75786590576172, 61.248046875, 23.669574737548828, 19.881484985351562, 43.64041519165039, 120.5107421875, 28.754470825195312, 15.547711372375488, -5.016230583190918, -3.8295130729675293], [375.2283630371094, -71.67855834960938, 10.460983276367188, 12.67776870727539, -0.8961725234985352, 36.70758056640625, 29.770326614379883, 12.213027954101562, 28.754470825195312, 94.36154174804688, 39.262996673583984, 20.046772003173828, 9.361324310302734], [107.27592468261719, 41.45604705810547, 35.60688018798828, 14.439674377441406, 6.423400402069092, 8.371060371398926, 22.744112014770508, 11.475543975830078, 15.547711372375488, 39.262996673583984, 86.34403228759766, 34.00128936767578, 22.390918731689453], [163.1234588623047, -93.00381469726562, -5.267278671264648, -20.752010345458984, -32.364322662353516, -6.170004367828369, -11.670599937438965, -3.2491626739501953, -5.016230583190918, 20.046772003173828, 34.00128936767578, 79.79497528076172, 37.30845260620117], [-86.37886810302734, -25.058429718017578, -20.350849151611328, -6.747163772583008, -56.720706939697266, -33.52083969116211, -24.472850799560547, -2.943211793899536, -3.8295130729675293, 9.361324310302734, 22.390918731689453, 37.30845260620117, 92.00177001953125]], "lowlevel.gfcc.icov": [[0.00036517390981316566, -0.00023215766123030335, 0.0003945579519495368, -0.00039728774572722614, 0.00021297269267961383, -0.0007085653487592936, 0.0004895777092315257, -0.0007367526995949447, 0.0006235925829969347, -0.0016101609217002988, 0.00043818101403303444, -0.0011741548078134656, 0.0008768520783632994], [-0.00023215766123030335, 0.0035057682543992996, -0.0013739974237978458, 0.002650827867910266, -0.0030059651471674442, 0.0025461239274591208, -0.0020777920726686716, 0.0025082218926399946, -0.002621052786707878, 0.004252597223967314, -0.004097519908100367, 0.00567069835960865, -0.002614791737869382], [0.0003945579519495368, -0.0013739974237978458, 0.0036050640046596527, -0.0022548832930624485, 0.0013078516349196434, -0.0021920581348240376, 0.0009674577158875763, -0.0007692422368563712, -0.0008667910587973893, -0.0015659256605431437, 0.0005957238608971238, -0.0032036832999438047, 0.002146086422726512], [-0.00039728774572722614, 0.002650827867910266, -0.0022548832930624485, 0.005419719032943249, -0.0025052926503121853, 0.0023577476385980844, -0.0012754679191857576, 0.00017274943820666522, -0.0016583919059485197, 0.003485819324851036, -0.0033780070953071117, 0.005902032367885113, -0.0027665626257658005], [0.00021297269267961383, -0.0030059651471674442, 0.0013078516349196434, -0.0025052926503121853, 0.008832677267491817, -0.0042323279194533825, 0.0013549892464652658, -0.0015854027587920427, -0.0008186941267922521, -0.001590997213497758, 0.0017612285446375608, -0.0038336911238729954, 0.004953761585056782], [-0.0007085653487592936, 0.0025461239274591208, -0.0021920581348240376, 0.0023577476385980844, -0.0042323279194533825, 0.011327448301017284, -0.0069972374476492405, 0.004573885817080736, -0.0021921182051301003, 0.0023225287441164255, -0.0010320061119273305, 0.003931034822016954, -0.0021513800602406263], [0.0004895777092315257, -0.0020777920726686716, 0.0009674577158875763, -0.0012754679191857576, 0.0013549892464652658, -0.0069972374476492405, 0.011497699655592442, -0.004465922713279724, 0.002958012279123068, -0.004491651430726051, -1.9471435734885745e-06, -0.0021061033476144075, 0.00265038781799376], [-0.0007367526995949447, 0.0025082218926399946, -0.0007692422368563712, 0.00017274943820666522, -0.0015854027587920427, 0.004573885817080736, -0.004465922713279724, 0.01533463504165411, -0.00725558353587985, 0.005469979252666235, -0.003734102938324213, 0.004842597059905529, -0.0020879358053207397], [0.0006235925829969347, -0.002621052786707878, -0.0008667910587973893, -0.0016583919059485197, -0.0008186941267922521, -0.0021921182051301003, 0.002958012279123068, -0.00725558353587985, 0.016484620049595833, -0.009295739233493805, 0.004166053608059883, -0.0040949443355202675, 0.0010882059577852488], [-0.0016101609217002988, 0.004252597223967314, -0.0015659256605431437, 0.003485819324851036, -0.001590997213497758, 0.0023225287441164255, -0.004491651430726051, 0.005469979252666235, -0.009295739233493805, 0.026210999116301537, -0.011859854683279991, 0.008466838859021664, -0.005199704319238663], [0.00043818101403303444, -0.004097519908100367, 0.0005957238608971238, -0.0033780070953071117, 0.0017612285446375608, -0.0010320061119273305, -1.9471435734885745e-06, -0.003734102938324213, 0.004166053608059883, -0.011859854683279991, 0.02339768595993519, -0.013119509443640709, 0.0007752134697511792], [-0.0011741548078134656, 0.00567069835960865, -0.0032036832999438047, 0.005902032367885113, -0.0038336911238729954, 0.003931034822016954, -0.0021061033476144075, 0.004842597059905529, -0.0040949443355202675, 0.008466838859021664, -0.013119509443640709, 0.029918668791651726, -0.011141856200993061], [0.0008768520783632994, -0.002614791737869382, 0.002146086422726512, -0.0027665626257658005, 0.004953761585056782, -0.0021513800602406263, 0.00265038781799376, -0.0020879358053207397, 0.0010882059577852488, -0.005199704319238663, 0.0007752134697511792, -0.011141856200993061, 0.019064636901021004]], "lowlevel.mfcc.cov": [[6021.369140625, -924.1524047851562, -319.37017822265625, -12.482247352600098, -73.2232666015625, 132.30091857910156, 148.35060119628906, -93.21713256835938, -6.057522296905518, 109.84082794189453, 108.74451446533203, 180.19236755371094, 130.25779724121094], [-924.1524047851562, 1170.5740966796875, -2.879520893096924, -133.3190155029297, 118.0044937133789, 75.43576049804688, 31.480337142944336, 51.61977005004883, -0.45439547300338745, 57.34088897705078, 31.191850662231445, 21.825963973999023, 18.467615127563477], [-319.37017822265625, -2.879520893096924, 452.5694274902344, 121.69731903076172, 59.55460739135742, 52.75963592529297, 13.317934036254883, 48.96546173095703, 30.065412521362305, 40.480979919433594, 38.681251525878906, 41.09063720703125, 18.727636337280273], [-12.482247352600098, -133.3190155029297, 121.69731903076172, 289.2900085449219, 77.6370620727539, -41.85417556762695, 2.687619686126709, 26.90305519104004, 15.740299224853516, 27.030927658081055, 33.290000915527344, 17.83017921447754, -19.63495635986328], [-73.2232666015625, 118.0044937133789, 59.55460739135742, 77.6370620727539, 195.40586853027344, 42.80393600463867, -4.563552379608154, 45.720088958740234, 20.8027400970459, 37.13680648803711, 36.2591667175293, 18.754106521606445, 5.84020471572876], [132.30091857910156, 75.43576049804688, 52.75963592529297, -41.85417556762695, 42.80393600463867, 227.28709411621094, 84.90750122070312, 37.761688232421875, 24.048110961914062, 59.63861083984375, 28.882143020629883, 26.075634002685547, 42.524696350097656], [148.35060119628906, 31.480337142944336, 13.317934036254883, 2.687619686126709, -4.563552379608154, 84.90750122070312, 135.15969848632812, 39.3066520690918, 5.963822364807129, 42.92185974121094, 18.605648040771484, 20.167619705200195, 20.168678283691406], [-93.21713256835938, 51.61977005004883, 48.96546173095703, 26.90305519104004, 45.720088958740234, 37.761688232421875, 39.3066520690918, 106.03878784179688, 32.548336029052734, 24.539968490600586, 33.037078857421875, 18.006715774536133, 6.193680763244629], [-6.057522296905518, -0.45439547300338745, 30.065412521362305, 15.740299224853516, 20.8027400970459, 24.048110961914062, 5.963822364807129, 32.548336029052734, 80.02033233642578, 37.6357536315918, 16.21639060974121, 14.412888526916504, 13.069490432739258], [109.84082794189453, 57.34088897705078, 40.480979919433594, 27.030927658081055, 37.13680648803711, 59.63861083984375, 42.92185974121094, 24.539968490600586, 37.6357536315918, 103.18795776367188, 49.193485260009766, 24.092071533203125, 18.52385902404785], [108.74451446533203, 31.191850662231445, 38.681251525878906, 33.290000915527344, 36.2591667175293, 28.882143020629883, 18.605648040771484, 33.037078857421875, 16.21639060974121, 49.193485260009766, 92.73501586914062, 43.873226165771484, 1.3967329263687134], [180.19236755371094, 21.825963973999023, 41.09063720703125, 17.83017921447754, 18.754106521606445, 26.075634002685547, 20.167619705200195, 18.006715774536133, 14.412888526916504, 24.092071533203125, 43.873226165771484, 72.20098114013672, 27.895883560180664], [130.25779724121094, 18.467615127563477, 18.727636337280273, -19.63495635986328, 5.84020471572876, 42.524696350097656, 20.168678283691406, 6.193680763244629, 13.069490432739258, 18.52385902404785, 1.3967329263687134, 27.895883560180664, 72.42532348632812]], "lowlevel.mfcc.icov": [[0.00025735292001627386, 0.0002488232566975057, 0.0002490818442311138, 6.825847958680242e-05, -9.25026397453621e-05, -5.2078248700127006e-05, -0.0001948949502548203, 0.0002693350543268025, 0.00015604907821398228, -0.0002716925519052893, -9.052253881236538e-05, -0.0006506469799205661, -0.00020924024283885956], [0.0002488232566975057, 0.0013205026043578982, 0.00018348493904341012, 0.0009299686062149704, -0.0009542522020637989, 0.00013417878653854132, -0.0002919475664384663, -0.0001327207573922351, 0.0006605092203244567, -0.0009842738509178162, 0.00013496696192305535, -0.0009246010449714959, -2.659648771441425e-06], [0.0002490818442311138, 0.00018348493904341012, 0.00303607783280313, -0.0012022566515952349, 0.00010863724310183898, -0.0009002898004837334, 0.0006011900259181857, -0.0005853002658113837, 0.00013887153181713074, -0.0005426263669505715, 0.0001615390065126121, -0.0015927879139780998, -0.0004791833052877337], [6.825847958680242e-05, 0.0009299686062149704, -0.0012022566515952349, 0.005737327039241791, -0.0026326829101890326, 0.0021997527219355106, -0.0013946185354143381, 4.687268301495351e-06, 5.138570486451499e-05, -0.0013373681576922536, -0.0002144021273124963, -0.0009224061504937708, 0.0015072724781930447], [-9.25026397453621e-05, -0.0009542522020637989, 0.00010863724310183898, -0.0026326829101890326, 0.008032565005123615, -0.0020496060606092215, 0.00306505523622036, -0.0026300176978111267, 0.00040853553218767047, -0.0009880205616354942, -0.0005048490129411221, 0.00023459104704670608, -0.0003067039360757917], [-5.2078248700127006e-05, 0.00013417878653854132, -0.0009002898004837334, 0.0021997527219355106, -0.0020496060606092215, 0.0077664777636528015, -0.004072331357747316, 9.8797281680163e-05, -0.0005294429720379412, -0.0016370853409171104, -0.0005878940573893487, 0.0007340518641285598, -0.002137768780812621], [-0.0001948949502548203, -0.0002919475664384663, 0.0006011900259181857, -0.0013946185354143381, 0.00306505523622036, -0.004072331357747316, 0.013005055487155914, -0.005157054867595434, 0.0035159564577043056, -0.004487576428800821, 0.002506815828382969, -0.001832595793530345, 2.5577786800567992e-05], [0.0002693350543268025, -0.0001327207573922351, -0.0005853002658113837, 4.687268301495351e-06, -0.0026300176978111267, 9.8797281680163e-05, -0.005157054867595434, 0.01530370395630598, -0.0058225467801094055, 0.0036266432143747807, -0.004764316603541374, 0.0008713419665582478, -0.00013709951599594206], [0.00015604907821398228, 0.0006605092203244567, 0.00013887153181713074, 5.138570486451499e-05, 0.00040853553218767047, -0.0005294429720379412, 0.0035159564577043056, -0.0058225467801094055, 0.018334288150072098, -0.007915131747722626, 0.0031746404711157084, -0.0026942328549921513, -0.0009818979306146502], [-0.0002716925519052893, -0.0009842738509178162, -0.0005426263669505715, -0.0013373681576922536, -0.0009880205616354942, -0.0016370853409171104, -0.004487576428800821, 0.0036266432143747807, -0.007915131747722626, 0.020334234461188316, -0.009667577221989632, 0.004583581350743771, -0.0028536783065646887], [-9.052253881236538e-05, 0.00013496696192305535, 0.0001615390065126121, -0.0002144021273124963, -0.0005048490129411221, -0.0005878940573893487, 0.002506815828382969, -0.004764316603541374, 0.0031746404711157084, -0.009667577221989632, 0.023039186373353004, -0.012970464304089546, 0.006574972998350859], [-0.0006506469799205661, -0.0009246010449714959, -0.0015927879139780998, -0.0009224061504937708, 0.00023459104704670608, 0.0007340518641285598, -0.001832595793530345, 0.0008713419665582478, -0.0026942328549921513, 0.004583581350743771, -0.012970464304089546, 0.027390604838728905, -0.0094323176890611