{"song_id": "1182269069467058207", "download": "https://cdn.discordapp.com/attachments/1128313332273782784/1182269069467058207/chirp.mp4?ex=658414df&amp", "lyrics": "[intro]\n[verse 1]\n\u042f \u043d\u0430\u0432\u0441\u0435\u0433\u0434\u0430 \u0437\u0430\u043f\u043e\u043c\u043d\u044e \u043d\u043e\u0447\u044c, \n\u041a\u043e\u0433\u0434\u0430 \u0432\u0441\u0451 \u044d\u0442\u043e \u043d\u0430\u0447\u0430\u043b\u043e\u0441\u044c \n\u041f\u043e\u0434 \u0443\u0442\u0440\u043e \u044f \u0441 \u0443\u043c\u0430 \u0441\u043e\u0448\u043b\u0430 \n\u0417\u0430\u0447\u0435\u043c \u0436\u0435 \u044f \u0442\u0435\u0431\u044f \u043d\u0430\u0448\u043b\u0430!?", "style": ["Country"], "essentia_features": {"lowlevel.average_loudness": 0.9503837823867798, "lowlevel.barkbands_crest.mean": 12.406902313232422, "lowlevel.barkbands_crest.stdev": 4.51054048538208, "lowlevel.barkbands_flatness_db.mean": 0.17307442426681519, "lowlevel.barkbands_flatness_db.stdev": 0.0723041519522667, "lowlevel.barkbands_kurtosis.mean": 17.759929656982422, "lowlevel.barkbands_kurtosis.stdev": 35.23320770263672, "lowlevel.barkbands_skewness.mean": 3.0445775985717773, "lowlevel.barkbands_skewness.stdev": 2.6856064796447754, "lowlevel.barkbands_spread.mean": 23.910930633544922, "lowlevel.barkbands_spread.stdev": 18.14827537536621, "lowlevel.dissonance.mean": 0.48061880469322205, "lowlevel.dissonance.stdev": 0.017774399369955063, "lowlevel.dynamic_complexity": 2.2903971672058105, "lowlevel.erbbands_crest.mean": 7.459326267242432, "lowlevel.erbbands_crest.stdev": 3.3567583560943604, "lowlevel.erbbands_flatness_db.mean": 0.1348184198141098, "lowlevel.erbbands_flatness_db.stdev": 0.033959195017814636, "lowlevel.erbbands_kurtosis.mean": -0.04463718459010124, "lowlevel.erbbands_kurtosis.stdev": 3.7663612365722656, "lowlevel.erbbands_skewness.mean": -0.10939974337816238, "lowlevel.erbbands_skewness.stdev": 0.9794679880142212, "lowlevel.erbbands_spread.mean": 80.93314361572266, "lowlevel.erbbands_spread.stdev": 32.50569534301758, "lowlevel.hfc.mean": 27.00104331970215, "lowlevel.hfc.stdev": 22.610004425048828, "lowlevel.loudness_ebu128.integrated": -14.743902206420898, "lowlevel.loudness_ebu128.loudness_range": 1.793339729309082, "lowlevel.loudness_ebu128.momentary.mean": -15.245630264282227, "lowlevel.loudness_ebu128.momentary.stdev": 2.180850028991699, "lowlevel.loudness_ebu128.short_term.mean": -14.696917533874512, "lowlevel.loudness_ebu128.short_term.stdev": 0.6652647256851196, "lowlevel.melbands_crest.mean": 18.079349517822266, "lowlevel.melbands_crest.stdev": 5.100592136383057, "lowlevel.melbands_flatness_db.mean": 0.2301856130361557, "lowlevel.melbands_flatness_db.stdev": 0.08837119489908218, "lowlevel.melbands_kurtosis.mean": 78.76416778564453, "lowlevel.melbands_kurtosis.stdev": 94.5302505493164, "lowlevel.melbands_skewness.mean": 6.498001575469971, "lowlevel.melbands_skewness.stdev": 4.111624717712402, "lowlevel.melbands_spread.mean": 26.297527313232422, "lowlevel.melbands_spread.stdev": 45.76051712036133, "lowlevel.pitch_salience.mean": 0.4966844320297241, "lowlevel.pitch_salience.stdev": 0.13604989647865295, "lowlevel.silence_rate_20dB.mean": 0.9985673427581787, "lowlevel.silence_rate_20dB.stdev": 0.03782328963279724, "lowlevel.silence_rate_30dB.mean": 0.8653295040130615, "lowlevel.silence_rate_30dB.stdev": 0.34137070178985596, "lowlevel.silence_rate_60dB.mean": 0.04297994449734688, "lowlevel.silence_rate_60dB.stdev": 0.20281283557415009, "lowlevel.spectral_centroid.mean": 1525.4544677734375, "lowlevel.spectral_centroid.stdev": 1032.7242431640625, "lowlevel.spectral_complexity.mean": 14.946990966796875, "lowlevel.spectral_complexity.stdev": 9.408820152282715, "lowlevel.spectral_decrease.mean": -1.4522245628256769e-08, "lowlevel.spectral_decrease.stdev": 1.65145763730834e-08, "lowlevel.spectral_energy.mean": 0.05725942179560661, "lowlevel.spectral_energy.stdev": 0.06263285130262375, "lowlevel.spectral_energyband_high.mean": 0.0020744826178997755, "lowlevel.spectral_energyband_high.stdev": 0.00260982196778059, "lowlevel.spectral_energyband_low.mean": 0.040417660027742386, "lowlevel.spectral_energyband_low.stdev": 0.06004313752055168, "lowlevel.spectral_energyband_middle_high.mean": 0.0024309465661644936, "lowlevel.spectral_energyband_middle_high.stdev": 0.002500970382243395, "lowlevel.spectral_energyband_middle_low.mean": 0.01799657568335533, "lowlevel.spectral_energyband_middle_low.stdev": 0.01909676194190979, "lowlevel.spectral_entropy.mean": 7.831375598907471, "lowlevel.spectral_entropy.stdev": 0.343718945980072, "lowlevel.spectral_flux.mean": 0.10891416668891907, "lowlevel.spectral_flux.stdev": 0.07519245892763138, "lowlevel.spectral_kurtosis.mean": 1.3055704832077026, "lowlevel.spectral_kurtosis.stdev": 1.1626399755477905, "lowlevel.spectral_rms.mean": 0.006580232642591, "lowlevel.spectral_rms.stdev": 0.003544480772688985, "lowlevel.spectral_rolloff.mean": 1652.6866455078125, "lowlevel.spectral_rolloff.stdev": 2648.877685546875, "lowlevel.spectral_skewness.mean": 0.8800294399261475, "lowlevel.spectral_skewness.stdev": 0.33279067277908325, "lowlevel.spectral_spread.mean": 6088602.5, "lowlevel.spectral_spread.stdev": 1501457.125, "lowlevel.spectral_strongpeak.mean": 0.8302660584449768, "lowlevel.spectral_strongpeak.stdev": 0.9718303084373474, "lowlevel.zerocrossingrate.mean": 0.07585358619689941, "lowlevel.zerocrossingrate.stdev": 0.07179909944534302, "metadata.audio_properties.analysis.equal_loudness": 0.0, "metadata.audio_properties.analysis.length": 16.170658111572266, "metadata.audio_properties.analysis.sample_rate": 44100.0, "metadata.audio_properties.analysis.start_time": 0.0, "metadata.audio_properties.bit_rate": 121624.0, "metadata.audio_properties.length": 16.170665740966797, "metadata.audio_properties.lossless": 0.0, "metadata.audio_properties.number_channels": 1.0, "metadata.audio_properties.replay_gain": -10.073078155517578, "metadata.audio_properties.sample_rate": 48000.0, "rhythm.beats_count": 30.0, "rhythm.beats_loudness.mean": 0.0991370677947998, "rhythm.beats_loudness.stdev": 0.07154528796672821, "rhythm.bpm": 113.14605712890625, "rhythm.bpm_histogram_first_peak_bpm": 112.0, "rhythm.bpm_histogram_first_peak_weight": 0.3199999928474426, "rhythm.bpm_histogram_second_peak_bpm": 117.0, "rhythm.bpm_histogram_second_peak_spread": 0.3333333134651184, "rhythm.bpm_histogram_second_peak_weight": 0.06896551698446274, "rhythm.danceability": 1.1943628787994385, "rhythm.onset_rate": 3.6455063819885254, "tonal.chords_changes_rate": 0.16285714507102966, "tonal.chords_number_rate": 0.03142857179045677, "tonal.chords_strength.mean": 0.4826238453388214, "tonal.chords_strength.stdev": 0.07024871557950974, "tonal.hpcp_crest.mean": 11.961986541748047, "tonal.hpcp_crest.stdev": 6.765795707702637, "tonal.hpcp_entropy.mean": 2.4505386352539062, "tonal.hpcp_entropy.stdev": 0.8726626038551331, "tonal.key_edma.strength": 0.41010457277297974, "tonal.key_krumhansl.strength": 0.4130009710788727, "tonal.key_temperley.strength": 0.42299965023994446, "tonal.tuning_diatonic_strength": 0.4317440390586853, "tonal.tuning_equal_tempered_deviation": 0.19296805560588837, "tonal.tuning_frequency": 439.2381896972656, "tonal.tuning_nontempered_energy_ratio": 0.8676109313964844, "lowlevel.barkbands.mean": [0.00033493159571662545, 0.02364765852689743, 0.010840894654393196, 0.012754821218550205, 0.002953925170004368, 0.0008603931055404246, 0.0003769918985199183, 0.0005414959159679711, 0.0003868353378493339, 0.00036153249675408006, 0.00023356221208814532, 0.00022512435680255294, 0.00016674633661750704, 0.00010400122118880972, 0.00010119655053131282, 0.00010200150427408516, 0.00017439675866626203, 0.00029509543674066663, 0.00046529906103387475, 0.0004253593797329813, 0.0002890180330723524, 0.00048508570762351155, 0.0004002984205726534, 0.00039795725024305284, 0.00028415871202014387, 4.9571593990549445e-05, 1.0867557875826606e-06], "lowlevel.barkbands.stdev": [0.0016379182925447822, 0.04543059319257736, 0.01837516762316227, 0.016511674970388412, 0.004043680150061846, 0.002092240145429969, 0.0015320072416216135, 0.001517552649602294, 0.0007100123912096024, 0.0009551075636409223, 0.0005394461913965642, 0.00046136576565913856, 0.00028898476739414036, 0.00021792437473777682, 0.00020705946371890604, 0.00018750413437373936, 0.0002609813818708062, 0.0004017930186819285, 0.0006913513061590493, 0.00046021820162422955, 0.00031816354021430016, 0.000703760888427496, 0.0005228371592238545, 0.0007926079561002553, 0.0007249964401125908, 0.0001408737152814865, 2.8720862701447913e-06], "lowlevel.erbbands.mean": [0.28292736411094666, 6.481354236602783, 14.427338600158691, 27.988555908203125, 29.753419876098633, 5.8637166023254395, 3.3844668865203857, 8.523948669433594, 6.2871527671813965, 7.305530548095703, 11.941190719604492, 8.93228816986084, 10.883522987365723, 11.602463722229004, 9.428046226501465, 8.3394775390625, 7.646552085876465, 5.908227443695068, 5.482316493988037, 5.439342975616455, 6.012721061706543, 10.869601249694824, 15.91115665435791, 18.638757705688477, 26.230281829833984, 19.474267959594727, 12.000003814697266, 12.809219360351562, 18.479463577270508, 14.7581148147583, 10.204798698425293, 8.733420372009277, 6.331075191497803, 4.327520370483398, 1.270772099494934, 0.3185265362262726, 0.07739365100860596, 0.010174782015383244, 0.0002537694526836276, 7.87615281296894e-05], "lowlevel.erbbands.stdev": [0.5712062120437622, 12.344985008239746, 24.068435668945312, 33.017860412597656, 35.41527557373047, 8.901970863342285, 7.062295436859131, 22.727933883666992, 28.98271942138672, 17.510334014892578, 33.70868682861328, 17.056856155395508, 30.004302978515625, 32.889766693115234, 17.954233169555664, 16.125940322875977, 12.852263450622559, 10.086099624633789, 10.896682739257812, 10.476123809814453, 10.032326698303223, 15.51787281036377, 21.980587005615234, 24.37744140625, 41.241477966308594, 20.288816452026367, 13.777068138122559, 15.109756469726562, 28.799718856811523, 18.717323303222656, 13.896156311035156, 14.349089622497559, 14.923686027526855, 11.13953971862793, 3.436720132827759, 0.9441285133361816, 0.22004111111164093, 0.02642982080578804, 0.0005372643936425447, 7.051420834613964e-05], "lowlevel.gfcc.mean": [3.1747243404388428, 58.73088455200195, -92.13745880126953, 74.77433013916016, -65.39216613769531, 25.42922592163086, -34.25893020629883, 10.178457260131836, -32.626068115234375, -11.559503555297852, -18.81583023071289, -11.641393661499023, -18.734071731567383], "lowlevel.melbands.mean": [0.004726901650428772, 0.008371351286768913, 0.005159138701856136, 0.0010970539879053831, 0.0001212709685205482, 0.0001832689595175907, 9.180646884487942e-05, 8.943222928792238e-05, 9.192067227559164e-05, 5.5393935326719657e-05, 5.362572846934199e-05, 4.673394141718745e-05, 3.127446325379424e-05, 2.72906145255547e-05, 1.6081590729299933e-05, 1.749989496602211e-05, 1.0073656085296534e-05, 8.992243238026276e-06, 7.5903249125985894e-06, 7.023052148724673e-06, 6.84079031998408e-06, 1.0086251677421387e-05, 1.4872000974719413e-05, 1.2980559404240921e-05, 1.4972316421335563e-05, 1.836147566791624e-05, 1.9419931049924344e-05, 1.1266840374446474e-05, 7.620430096721975e-06, 6.705102805426577e-06, 7.476140581275104e-06, 1.1085564437962603e-05, 8.668691407365259e-06, 8.266413715318777e-06, 5.894294645258924e-06, 5.258203145785956e-06, 5.4150964388099965e-06, 4.648120011552237e-06, 4.166996404819656e-06, 3.4203928862552857e-06], "lowlevel.melbands.stdev": [0.009211067110300064, 0.013678294606506824, 0.005841318983584642, 0.001309941173531115, 0.00021210595150478184, 0.0004858408938162029, 0.00039169445517472923, 0.00021666950487997383, 0.000243497546762228, 0.00010602246766211465, 0.00015071479720063508, 0.00013335338735487312, 6.173281144583598e-05, 5.9067206166218966e-05, 2.8315789677435532e-05, 3.1657244107918814e-05, 1.9168623111909255e-05, 1.9313732991577126e-05, 1.5910365618765354e-05, 1.3096029761072714e-05, 1.1744732546503656e-05, 1.5075103874551132e-05, 2.218819281551987e-05, 1.7487733202870004e-05, 2.0620995201170444e-05, 2.918470636359416e-05, 2.8748148906743154e-05, 1.1984146112808958e-05, 1.0015976840804797e-05, 7.0218738983385265e-06, 9.362809578306042e-06, 1.741573760227766e-05, 1.3331949048733804e-05, 1.0560462214925792e-05, 7.908908628451172e-06, 8.49381376610836e-06, 9.172978934657294e-06, 1.0548396858212072e-05, 1.2031622645736206e-05, 8.735030860407278e-06], "lowlevel.melbands128.mean": [0.00021173193817958236, 0.0008056931546889246, 0.006142415571957827, 0.013011060655117035, 0.00884377770125866, 0.005114150699228048, 0.005443261936306953, 0.006758952978998423, 0.002620343817397952, 0.0005025500431656837, 0.00020826667605433613, 0.00010295546235283837, 8.769274427322671e-05, 0.00014495514915324748, 0.00022019591415300965, 0.00019478044123388827, 0.00012097894068574533, 6.666605622740462e-05, 6.082418258301914e-05, 7.531599840149283e-05, 0.00010685745655791834, 0.00012680664076469839, 9.146010415861383e-05, 5.6937475164886564e-05, 5.1565206376835704e-05, 5.7488934544380754e-05, 5.614985275315121e-05, 5.879326636204496e-05, 4.4616564991883934e-05, 4.596316648530774e-05, 5.347832848201506e-05, 3.550494147930294e-05, 2.726755519688595e-05, 2.996219518536236e-05, 3.1566436518915e-05, 2.6927556973532774e-05, 1.92621646419866e-05, 1.619953036424704e-05, 1.166141009889543e-05, 1.9236656953580678e-05, 2.069200127152726e-05, 1.308983610215364e-05, 7.915301466709934e-06, 9.79094511421863e-06, 1.0770573680929374e-05, 7.974465916049667e-06, 8.198130672099069e-06, 7.883002581365872e-06, 7.067750175338006e-06, 7.485874903068179e-06, 6.7995706558576785e-06, 6.961995040910551e-06, 6.746033250237815e-06, 6.453877176681999e-06, 7.54264283386874e-06, 1.0309141543984879e-05, 1.2474729373934679e-05, 1.3150508493708912e-05, 1.7066337022697553e-05, 1.582475488248747e-05, 1.1666919817798771e-05, 1.166431320598349e-05, 1.3632730770041235e-05, 1.644739677431062e-05, 1.6368994693038985e-05, 1.7781168935471214e-05, 2.006148497457616e-05, 1.990716191357933e-05, 2.1707943233195692e-05, 1.588419036124833e-05, 1.0492063665878959e-05, 9.1728788902401e-06, 8.503238859702833e-06, 7.636794180143625e-06, 6.237879006221192e-06, 5.9910453273914754e-06, 7.820492101018317e-06, 6.67422227706993e-06, 6.932864835107466e-06, 7.962138624861836e-06, 1.2260652511031367e-05, 1.2488012544054072e-05, 8.972534487838857e-06, 8.811629413685296e-06, 7.3954965955636e-06, 8.363082088180818e-06, 8.964282642409671e-06, 7.325213118747342e-06, 5.320086984283989e-06, 5.138479536981322e-06, 5.57413022761466e-06, 4.937512130709365e-06, 5.363386208045995e-06, 5.61754450245644e-06, 5.103855528432177e-06, 5.882828645553673e-06, 4.213823103782488e-06, 3.3179651381942676e-06, 4.265026745997602e-06, 4.614490990206832e-06, 4.338114649726776e-06, 3.232387825846672e-06, 2.2726394490746316e-06, 1.8977348190674093e-06, 1.2026952163068927e-06, 9.01206306025415e-07, 9.958215514416224e-07, 7.466841225323151e-07, 5.007993877370609e-07, 2.589084147075482e-07, 2.4060875603026943e-07, 2.5518951929370814e-07, 2.666032230536075e-07, 2.211414766861708e-07, 1.498192290227962e-07, 1.187967200166895e-07, 4.572616774112248e-08, 3.5289733357757314e-09, 7.740533040923037e-12, 7.470140825360794e-12, 7.269732558989883e-12, 7.120323428089215e-12, 6.9435989076549465e-12, 6.8175699460826245e-12, 6.672359713355558e-12, 6.499873122373101e-12, 6.3966115390612366e-12, 6.353377025869467e-12], "lowlevel.melbands128.stdev": [0.0008080652914941311, 0.0020187674090266228, 0.012975974939763546, 0.024920661002397537, 0.016226567327976227, 0.008375185541808605, 0.006872109137475491, 0.008856873959302902, 0.0032948695588856936, 0.0010979750659316778, 0.0004345218767412007, 0.00016562793462071568, 0.0002895563084166497, 0.0003694828774314374, 0.0006212001899257302, 0.0007351281819865108, 0.0007591049652546644, 0.00032734093838371336, 0.00018820457626134157, 0.00023467105347663164, 0.00032082005054689944, 0.0004543529939837754, 0.00029414042364805937, 0.0001413485879311338, 0.00014677333820145577, 0.00013125773693900555, 0.0001586460421094671, 0.00024817875237204134, 0.00013525987742468715, 0.0001516501506557688, 0.0002130708598997444, 0.00010737068805610761, 6.114702409831807e-05, 8.071875345194712e-05, 8.030960452742875e-05, 7.658463437110186e-05, 4.752283348352648e-05, 3.784676664508879e-05, 2.570796641521156e-05, 4.3544292566366494e-05, 4.3016523704864085e-05, 2.7900214263354428e-05, 1.8000318959821016e-05, 2.8149926947662607e-05, 3.058933361899108e-05, 2.1980176825309172e-05, 1.9872170014423318e-05, 2.149511237803381e-05, 1.9999661162728444e-05, 1.829807661124505e-05, 1.4315064618131146e-05, 1.5890191207290627e-05, 1.3859435057383962e-05, 1.1931065273529384e-05, 1.1420158443797845e-05, 1.773286930983886e-05, 2.18802597373724e-05, 2.286245762661565e-05, 3.138052124995738e-05, 2.9887203709222376e-05, 1.7994014342548326e-05, 1.741477353789378e-05, 2.42110309045529e-05, 2.443339144519996e-05, 2.9184864615672268e-05, 2.9009461286477745e-05, 4.0758848626865074e-05, 4.3986732634948567e-05, 3.1769799534231424e-05, 2.0698493244708516e-05, 1.3727424629905727e-05, 1.2638436601264402e-05, 1.1089350664406084e-05, 1.1917105439351872e-05, 9.12113409867743e-06, 6.320235115708783e-06, 9.228746421285905e-06, 9.380954907101113e-06, 1.020448689814657e-05, 1.0477825526322704e-05, 1.9644749045255594e-05, 2.3250762751558796e-05, 1.709204661892727e-05, 1.4929792087059468e-05, 9.727516044222284e-06, 1.1246306712564547e-05, 1.3318841411091853e-05, 1.056932524079457e-05, 7.251926490425831e-06, 8.602349225839134e-06, 9.588597094989382e-06, 8.691038601682521e-06, 1.0125806511496194e-05, 1.045286626322195e-05, 9.113270607485902e-06, 1.2646205505006947e-05, 1.086853262677323e-05, 1.2453052477212623e-05, 1.4349014236358926e-05, 1.221194543177262e-05, 1.1986869139946066e-05, 8.64605408423813e-06, 6.035458227415802e-06, 5.265234449325362e-06, 4.488452759687789e-06, 3.15879583467904e-06, 2.702887513805763e-06, 2.0927620880684117e-06, 2.101983682223363e-06, 9.074940976461221e-07, 7.840410489734495e-07, 8.643454521006788e-07, 8.206320103454345e-07, 6.67619872274372e-07, 4.3932485027653456e-07, 3.7113287021384167e-07, 1.1224376805785141e-07, 1.2009682137659183e-08, 1.4675054574309065e-11, 1.4325956219918279e-11, 1.40041311880168e-11, 1.3716195713942003e-11, 1.3437737901578206e-11, 1.3212404260942723e-11, 1.3024172886011431e-11, 1.2866923672361086e-11, 1.2755948207432422e-11, 1.268735637383056e-11], "lowlevel.mfcc.mean": [-636.0528564453125, 70.30615997314453, 34.980079650878906, 44.188785552978516, 8.705437660217285, 11.945552825927734, 12.38884162902832, 13.86652946472168, -2.89585280418396, 1.4474469423294067, -0.455220490694046, -4.720889091491699, -5.8940958976745605], "lowlevel.spectral_contrast_coeffs.mean": [-0.6073611378669739, -0.8075501322746277, -0.818679690361023, -0.8323057293891907, -0.7978996634483337, -0.7502076625823975], "lowlevel.spectral_contrast_coeffs.stdev": [0.0871952548623085, 0.06628801673650742, 0.05271303281188011, 0.03746083751320839, 0.03962849825620651, 0.04198493808507919], "lowlevel.spectral_contrast_valleys.mean": [-6.8922200202941895, -7.156708717346191, -7.6714301109313965, -7.962367534637451, -7.149234771728516, -9.408312797546387], "lowlevel.spectral_contrast_valleys.stdev": [0.9510905146598816, 0.8327038288116455, 0.8925612568855286, 0.7666933536529541, 0.7253177762031555, 0.8145915269851685], "rhythm.beats_loudness_band_ratio.mean": [0.818281888961792, 0.06135886535048485, 0.03665246069431305, 0.04686634987592697, 0.018190661445260048, 0.04753490909934044], "rhythm.beats_loudness_band_ratio.stdev": [0.24078494310379028, 0.08094803243875504, 0.05132346227765083, 0.08638656884431839, 0.021017251536250114, 0.06484739482402802], "tonal.hpcp.mean": [0.03816797956824303, 0.04047553241252899, 0.05743059515953064, 0.051430728286504745, 0.043318554759025574, 0.05261730030179024, 0.051580362021923065, 0.04894445836544037, 0.0849481001496315, 0.10227318108081818, 0.06419527530670166, 0.0379597432911396, 0.03716348856687546, 0.04416029900312424, 0.05411577597260475, 0.06936146318912506, 0.0853608101606369, 0.0992543175816536, 0.10312523692846298, 0.11557070910930634, 0.21745315194129944, 0.29440954327583313, 0.24477340281009674, 0.286140114068985, 0.3014965355396271, 0.1939803808927536, 0.1316383332014084, 0.09684354811906815, 0.07315967231988907, 0.05314409360289574, 0.04668240621685982, 0.05503758415579796, 0.06567426770925522, 0.060487162321805954, 0.053988128900527954, 0.05218200758099556], "tonal.hpcp.stdev": [0.10449738800525665, 0.12654760479927063, 0.1600034534931183, 0.15365934371948242, 0.131488636136055, 0.14303317666053772, 0.11107409745454788, 0.14833471179008484, 0.18521474301815033, 0.21690231561660767, 0.14915035665035248, 0.10373024642467499, 0.11305726319551468, 0.13573314249515533, 0.15883001685142517, 0.17844045162200928, 0.20265667140483856, 0.2310866415500641, 0.23535047471523285, 0.237869530916214, 0.3231075704097748, 0.4006892442703247, 0.3113635778427124, 0.3593096435070038, 0.3851557970046997, 0.2980840504169464, 0.26126882433891296, 0.23092126846313477, 0.1995334029197693, 0.155137836933136, 0.14252547919750214, 0.1547205150127411, 0.17425782978534698, 0.15370586514472961, 0.14212384819984436, 0.13846953213214874], "rhythm.beats_position": [0.4643990993499756, 0.9404081702232361, 1.4396371841430664, 1.9504761695861816, 2.4845352172851562, 3.0185940265655518, 3.5410430431365967, 4.0634918212890625, 4.597550868988037, 5.119999885559082, 5.642448902130127, 6.176507949829102, 6.710566997528076, 7.244625568389893, 7.778684616088867, 8.312743186950684, 8.846802711486816, 9.369251251220703, 9.891700744628906, 10.425759315490723, 10.959818840026855, 11.493877410888672, 12.004715919494629, 12.538775444030762, 13.072834014892578, 13.606893539428711, 14.129342079162598, 14.6517915725708, 15.185850143432617, 15.719908714294434], "rhythm.bpm_histogram": [0.0, 0.0, 0.0, 0.0, 0.0, 0.0, 0.0, 0.0, 0.0, 0.0, 0.0, 0.0, 0.0, 0.0, 0.0, 0.0, 0.0, 0.0, 0.0, 0.0, 0.0, 0.0, 0.0, 0.0, 0.0, 0.0, 0.0, 0.0, 0.0, 0.0, 0.0, 0.0, 0.0, 0.0, 0.0, 0.0, 0.0, 0.0, 0.0, 0.0, 0.0, 0.0, 0.0, 0.0, 0.0, 0.0, 0.0, 0.0, 0.0, 0.0, 0.0, 0.0, 0.0, 0.0, 0.0, 0.0, 0.0, 0.0, 0.0, 0.0, 0.0, 0.0, 0.0, 0.0, 0.0, 0.0, 0.0, 0.0, 0.0, 0.0, 0.0, 0.0, 0.0, 0.0, 0.0, 0.0, 0.0, 0.0, 0.0, 0.0, 0.0, 0.0, 0.0, 0.0, 0.0, 0.0, 0.0, 0.0, 0.0, 0.0, 0.0, 0.0, 0.0, 0.0, 0.0, 0.0, 0.0, 0.0, 0.0, 0.0, 0.0, 0.0, 0.0, 0.0, 0.0, 0.0, 0.0, 0.0, 0.0, 0.0, 0.0, 0.0, 0.5862069129943848, 0.0, 0.0, 0.27586206793785095, 0.0, 0.06896551698446274, 0.0, 0.0, 0.03448275849223137, 0.0, 0.0, 0.0, 0.0, 0.0, 0.03448275849223137, 0.0, 0.0, 0.0, 0.0, 0.0, 0.0, 0.0, 0.0, 0.0, 0.0, 0.0, 0.0, 0.0, 0.0, 0.0, 0.0, 0.0, 0.0, 0.0, 0.0, 0.0, 0.0, 0.0, 0.0, 0.0, 0.0, 0.0, 0.0, 0.0, 0.0, 0.0, 0.0, 0.0, 0.0, 0.0, 0.0, 0.0, 0.0, 0.0, 0.0, 0.0, 0.0, 0.0, 0.0, 0.0, 0.0, 0.0, 0.0, 0.0, 0.0, 0.0, 0.0, 0.0, 0.0, 0.0, 0.0, 0.0, 0.0, 0.0, 0.0, 0.0, 0.0, 0.0, 0.0, 0.0, 0.0, 0.0, 0.0, 0.0, 0.0, 0.0, 0.0, 0.0, 0.0, 0.0, 0.0, 0.0, 0.0, 0.0, 0.0, 0.0, 0.0, 0.0, 0.0, 0.0, 0.0, 0.0, 0.0, 0.0, 0.0, 0.0, 0.0, 0.0, 0.0, 0.0, 0.0, 0.0, 0.0, 0.0, 0.0, 0.0, 0.0, 0.0, 0.0, 0.0, 0.0, 0.0, 0.0, 0.0, 0.0, 0.0, 0.0, 0.0, 0.0, 0.0, 0.0, 0.0, 0.0, 0.0, 0.0, 0.0, 0.0, 0.0], "tonal.chords_histogram": [1.1428571939468384, 4.285714149475098, 11.428571701049805, 0.0, 0.0, 0.0, 0.0, 1.1428571939468384, 16.571428298950195, 4.5714287757873535, 0.0, 0.0, 0.0, 0.0, 0.0, 4.5714287757873535, 26.0, 0.0, 6.857142925262451, 0.8571428656578064, 0.0, 0.5714285969734192, 17.428571701049805, 4.5714287757873535], "tonal.thpcp": [1.0, 0.6433917284011841, 0.4366163909435272, 0.32120949029922485, 0.24265509843826294, 0.17626766860485077, 0.15483562648296356, 0.18254798650741577, 0.21782760322093964, 0.20062308013439178, 0.17906716465950012, 0.17307664453983307, 0.12659507989883423, 0.134248748421669, 0.19048509001731873, 0.1705848127603531, 0.1436784565448761, 0.17452041804790497, 0.17108111083507538, 0.16233837604522705, 0.28175482153892517, 0.3392184376716614, 0.2129220962524414, 0.1259044110774994, 0.1232634037733078, 0.1464703381061554, 0.17949053645133972, 0.2300572544336319, 0.2831236720085144, 0.3292055130004883, 0.34204450249671936, 0.3833235204219818, 0.7212459444999695, 0.9764939546585083, 0.8118613958358765, 0.9490659832954407], "lowlevel.gfcc.cov": [[4898.79248046875, -176.05137634277344, -56.54849624633789, -50.902679443359375, 64.01490020751953, 152.7393798828125, 70.84542083740234, 55.39124298095703, -135.68702697753906, 86.81809997558594, -132.4535675048828, 159.3936767578125, -164.6234588623047], [-176.05137634277344, 1316.4923095703125, -158.81619262695312, 279.0010681152344, 255.84507751464844, 14.208438873291016, 273.2662353515625, -35.9007682800293, 184.68870544433594, -88.4249496459961, 153.5501708984375, -91.06189727783203, 164.2490234375], [-56.54849624633789, -158.81619262695312, 635.9549560546875, 473.2941589355469, 221.85989379882812, 187.91830444335938, 85.92304992675781, -17.730104446411133, 135.2480010986328, 35.00653076171875, 18.9012393951416, 53.09381866455078, 37.43081283569336], [-50.902679443359375, 279.0010681152344, 473.2941589355469, 1187.5399169921875, 563.819580078125, 295.4964904785156, 282.860107421875, -97.23200988769531, 258.3941955566406, -91.04369354248047, 130.51588439941406, -35.833770751953125, 165.4857940673828], [64.01490020751953, 255.84507751464844, 221.85989379882812, 563.819580078125, 467.4296569824219, 232.49427795410156, 212.37811279296875, -24.28141212463379, 137.60104370117188, -40.43149948120117, 66.46631622314453, -21.619712829589844, 100.83773040771484], [152.7393798828125, 14.208438873291016, 187.91830444335938, 295.4964904785156, 232.49427795410156, 311.8118896484375, 225.14712524414062, 14.247190475463867, 58.3540153503418, -26.01251983642578, 41.31184005737305, 12.343433380126953, 45.76704406738281], [70.84542083740234, 273.2662353515625, 85.92304992675781, 282.860107421875, 212.37811279296875, 225.14712524414062, 349.72784423828125, 51.25738525390625, 94.15560913085938, -35.966190338134766, 55.748233795166016, -2.6246907711029053, 46.78791046142578], [55.39124298095703, -35.9007682800293, -17.730104446411133, -97.23200988769531, -24.28141212463379, 14.247190475463867, 51.25738525390625, 143.54290771484375, 32.05712890625, 37.08831787109375, 1.3978030681610107, 17.206701278686523, -15.055034637451172], [-135.68702697753906, 184.68870544433594, 135.2480010986328, 258.3941955566406, 137.60104370117188, 58.3540153503418, 94.15560913085938, 32.05712890625, 183.37852478027344, 31.191692352294922, 48.1982536315918, -9.869518280029297, 63.46136474609375], [86.81809997558594, -88.4249496459961, 35.00653076171875, -91.04369354248047, -40.43149948120117, -26.01251983642578, -35.966190338134766, 37.08831787109375, 31.191692352294922, 103.25019836425781, -12.219749450683594, 30.706153869628906, -24.051469802856445], [-132.4535675048828, 153.5501708984375, 18.9012393951416, 130.51588439941406, 66.46631622314453, 41.31184005737305, 55.748233795166016, 1.3978030681610107, 48.1982536315918, -12.219749450683594, 101.9428939819336, -7.268110752105713, 41.04410934448242], [159.3936767578125, -91.06189727783203, 53.09381866455078, -35.833770751953125, -21.619712829589844, 12.343433380126953, -2.6246907711029053, 17.206701278686523, -9.869518280029297, 30.706153869628906, -7.268110752105713, 91.92176055908203, 1.6766754388809204], [-164.6234588623047, 164.2490234375, 37.43081283569336, 165.4857940673828, 100.83773040771484, 45.76704406738281, 46.78791046142578, -15.055034637451172, 63.46136474609375, -24.051469802856445, 41.04410934448242, 1.6766754388809204, 101.208740234375]], "lowlevel.gfcc.icov": [[0.0002771404688246548, -0.00017350805865135044, 0.00019644309941213578, -0.00023901360691525042, -3.0126824640319683e-05, -0.0003712420293595642, 0.00023125269217416644, -0.00018126088252756745, 0.0002895832003559917, -0.00030880336998961866, 0.0004407941014505923, -0.0006192976725287735, 0.0006910903030075133], [-0.00017350805865135044, 0.002148148836567998, 0.00022505699598696083, 0.001074769883416593, -0.0011181030422449112, 0.002256072359159589, -0.002384761581197381, 0.0015979557065293193, -0.0018502958118915558, 0.001126298331655562, -0.0018888397607952356, 0.0010969883296638727, -0.0019993497990071774], [0.00019644309941213578, 0.00022505699598696083, 0.003488322952762246, -0.0013745005708187819, 8.091556082945317e-05, -0.0017875246703624725, 0.0010426256339997053, 0.00031832410604692996, -0.0015892819501459599, -0.000887181784491986, 0.0009479427244514227, -0.00226840958930552, 0.0016435309080407023], [-0.00023901360691525042, 0.001074769883416593, -0.0013745005708187819, 0.004239576403051615, -0.0028803753666579723, 0.0014943645801395178, -0.0016354151302948594, 0.00277787190862, -0.003698121290653944, 0.0033413302153348923, -0.00229967525228858, 0.0008071119664236903, -0.0011613131500780582], [-3.0126824640319683e-05, -0.0011181030422449112, 8.091556082945317e-05, -0.0028803753666579723, 0.00723414309322834, -0.0034511671401560307, 0.0006500629824586213, -0.0009259325452148914, 0.0009671664447523654, -0.0016643821727484465, 0.001591779408045113, 0.0009412209037691355, -0.0013030447298660874], [-0.0003712420293595642, 0.002256072359159589, -0.0017875246703624725, 0.0014943645801395178, -0.0034511671401560307, 0.011290793307125568, -0.0070690857246518135, 0.001384348259307444, 0.0009123901836574078, 0.0008792731678113341, -0.002757890149950981, 0.0013550582807511091, -0.0035079997032880783], [0.00023125269217416644, -0.002384761581197381, 0.0010426256339997053, -0.0016354151302948594, 0.0006500629824586213, -0.0070690857246518135, 0.010021012276411057, -0.003919348120689392, -0.0007916538161225617, 0.001434565638191998, 0.0015203425427898765, -0.002400571247562766, 0.004128643777221441], [-0.00018126088252756745, 0.0015979557065293193, 0.00031832410604692996, 0.00277787190862, -0.0009259325452148914, 0.001384348259307444, -0.003919348120689392, 0.011824863962829113, -0.005366844590753317, -7.179949170676991e-05, -0.001938246306963265, -0.000646681641228497, 0.00046434332034550607], [0.0002895832003559917, -0.0018502958118915558, -0.0015892819501459599, -0.003698121290653944, 0.0009671664447523654, 0.0009123901836574078, -0.0007916538161225617, -0.005366844590753317, 0.01795499585568905, -0.010048167780041695, 0.0005293400026857853, 0.003656922373920679, -0.00562170660123229], [-0.00030880336998961866, 0.001126298331655562, -0.000887181784491986, 0.0033413302153348923, -0.0016643821727484465, 0.0008792731678113341, 0.001434565638191998, -7.179949170676991e-05, -0.010048167780041695, 0.019664015620946884, -0.001414507976733148, -0.004834928549826145, 0.004748679231852293], [0.0004407941014505923, -0.0018888397607952356, 0.0009479427244514227, -0.00229967525228858, 0.001591779408045113, -0.002757890149950981, 0.0015203425427898765, -0.001938246306963265, 0.0005293400026857853, -0.001414507976733148, 0.0151390815153718, -0.0011853197356685996, -0.0009259561775252223], [-0.0006192976725287735, 0.0010969883296638727, -0.00226840958930552, 0.0008071119664236903, 0.0009412209037691355, 0.0013550582807511091, -0.002400571247562766, -0.000646681641228497, 0.003656922373920679, -0.004834928549826145, -0.0011853197356685996, 0.016798708587884903, -0.0070449355989694595], [0.0006910903030075133, -0.0019993497990071774, 0.0016435309080407023, -0.0011613131500780582, -0.0013030447298660874, -0.0035079997032880783, 0.004128643777221441, 0.00046434332034550607, -0.00562170660123229, 0.004748679231852293, -0.0009259561775252223, -0.0070449355989694595, 0.021731136366724968]], "lowlevel.mfcc.cov": [[4658.29248046875, -42.72817611694336, -237.6006317138672, -66.07832336425781, -76.79582977294922, 112.24510192871094, 97.9020767211914, 101.26354217529297, -24.125944137573242, -70.26521301269531, 2.8666915893554688, -34.46833801269531, 22.622539520263672], [-42.72817611694336, 957.5003662109375, -251.97657775878906, -52.483028411865234, -115.90510559082031, -72.48007202148438, 17.70351791381836, 3.806291341781616, 32.37339401245117, 37.47598648071289, 4.178847789764404, 12.03879165649414, 23.497182846069336], [-237.6006317138672, -251.97657775878906, 483.9732360839844, 253.67245483398438, 171.3997802734375, 203.8776397705078, 19.13961410522461, 82.37394714355469, 56.78453826904297, 26.302595138549805, 3.3888914585113525, 96.80026245117188, 54.31817626953125], [-66.07832336425781, -52.483028411865234, 253.67245483398438, 756.705322265625, 372.8545227050781, 410.3760681152344, 97.67481994628906, 177.00631713867188, 132.41053771972656, 83.63733673095703, -1.884535312652588, 108.12957000732422, 69.96602630615234], [-76.79582977294922, -115.90510559082031, 171.3997802734375, 372.8545227050781, 388.958251953125, 262.862060546875, 65.26921081542969, 79.79877471923828, 79.8138198852539, 57.682411193847656, -13.835346221923828, 56.25768280029297, 39.780113220214844], [112.24510192871094, -72.48007202148438, 203.8776397705078, 410.3760681152344, 262.862060546875, 491.1598815917969, 194.38882446289062, 196.65786743164062, 130.36746215820312, 63.47977828979492, -2.3970322608947754, 92.07445526123047, 40.321781158447266], [97.9020767211914, 17.70351791381836, 19.13961410522461, 97.67481994628906, 65.26921081542969, 194.38882446289062, 232.90969848632812, 167.3336181640625, 49.526145935058594, 46.5377311706543, 24.148975372314453, 25.106735229492188, 0.764580249786377], [101.26354217529297, 3.806291341781616, 82.37394714355469, 177.00631713867188, 79.79877471923828, 196.65786743164062, 167.3336181640625, 216.66246032714844, 95.26302337646484, 57.98318099975586, 25.7330265045166, 53.33729934692383, 25.983644485473633], [-24.125944137573242, 32.37339401245117, 56.78453826904297, 132.41053771972656, 79.8138198852539, 130.36746215820312, 49.526145935058594, 95.26302337646484, 139.48236083984375, 70.99551391601562, 17.750736236572266, 40.040794372558594, 30.343456268310547], [-70.26521301269531, 37.47598648071289, 26.302595138549805, 83.63733673095703, 57.682411193847656, 63.47977828979492, 46.5377311706543, 57.98318099975586, 70.99551391601562, 118.36077880859375, 49.4128303527832, 27.895397186279297, 19.024030685424805], [2.8666915893554688, 4.178847789764404, 3.3888914585113525, -1.884535312652588, -13.835346221923828, -2.3970322608947754, 24.148975372314453, 25.7330265045166, 17.750736236572266, 49.4128303527832, 86.91108703613281, 27.390670776367188, 9.506182670593262], [-34.46833801269531, 12.03879165649414, 96.80026245117188, 108.12957000732422, 56.25768280029297, 92.07445526123047, 25.106735229492188, 53.33729934692383, 40.040794372558594, 27.895397186279297, 27.390670776367188, 84.96409606933594, 40.05537033081055], [22.622539520263672, 23.497182846069336, 54.31817626953125, 69.96602630615234, 39.780113220214844, 40.321781158447266, 0.764580249786377, 25.983644485473633, 30.343456268310547, 19.024030685424805, 9.506182670593262, 40.05537033081055, 66.15119171142578]], "lowlevel.mfcc.icov": [[0.00024267497065011412, 4.737378185382113e-05, 0.00020755546574946493, 6.023127934895456e-05, 4.211114355712198e-05, -0.00023760515614412725, 0.0001628871395951137, -0.0002811444574035704, 0.00015454806271009147, 0.0001965592964552343, -0.0001504936080891639, 0.00020646193297579885, -0.0003367032331880182], [4.737378185382113e-05, 0.001447427668608725, 0.0009767008014023304, -0.00028186923009343445, 0.0005682274349965155, 0.0002487891761120409, -0.00046618381747975945, 0.0003525483189150691, -0.0004059000057168305, -0.0005679561290889978, 0.0008831711602397263, -0.001257229596376419, -0.0006767665618099272], [0.00020755546574946493, 0.0009767008014023304, 0.003985817078500986, -0.00012392413918860257, -0.0002264647337142378, -0.0009265231783501804, 0.0013544411631301045, -0.0011190406512469053, 0.0006625850801356137, -0.00019052866264246404, 0.0007066100952215493, -0.0030027462635189295, -0.000967322033829987], [6.023127934895456e-05, -0.00028186923009343445, -0.00012392413918860257, 0.0037691660691052675, -0.0021629161201417446, -0.002144630067050457, 0.002487718826159835, -0.0024354076012969017, 0.0009914336260408163, -0.0005525508895516396, -9.031898662215099e-05, -5.257873272057623e-05, -0.0005205311463214457], [4.211114355712198e-05, 0.0005682274349965155, -0.0002264647337142378, -0.0021629161201417446, 0.0060198656283319, -0.0012511464301496744, -0.0010214369976893067, 0.002114190487191081, -0.00044094721670262516, -0.0017701025353744626, 0.0017244494520127773, -3.487445064820349e-05, -0.00093407480744645], [-0.00023760515614412725, 0.0002487891761120409, -0.0009265231783501804, -0.002144630067050457, -0.0012511464301496744, 0.007944995537400246, -0.005615231115370989, 0.0015010973438620567, -0.003636768553406, 0.0011964506702497602, 0.002118378411978483, -0.0035025160759687424, 0.0015473505482077599], [0.0001628871395951137, -0.00046618381747975945, 0.0013544411631301045, 0.002487718826159835, -0.0010214369976893067, -0.005615231115370989, 0.015738897025585175, -0.011937492527067661, 0.005828190129250288, -0.00215180148370564, -0.0022209277376532555, 0.0030880647245794535, 0.0013052659342065454], [-0.0002811444574035704, 0.0003525483189150691, -0.0011190406512469053, -0.0024354076012969017, 0.002114190487191081, 0.0015010973438620567, -0.011937492527067661, 0.01815108396112919, -0.007571795955300331, 0.0008766388637013733, 0.000447336642537266, -0.0032779600005596876, -0.0005707042873837054], [0.00015454806271009147, -0.0004059000057168305, 0.0006625850801356137, 0.0009914336260408163, -0.00044094721670262516, -0.003636768553406, 0.005828190129250288, -0.007571795955300331, 0.016776815056800842, -0.0074377283453941345, 0.001347017358057201, 0.00048596804845146835, -0.002157010603696108], [0.0001965592964552343, -0.0005679561290889978, -0.00019052866264246404, -0.0005525508895516396, -0.0017701025353744626, 0.0011964506702497602, -0.00215180148370564, 0.0008766388637013733, -0.0074377283453941345, 0.0176656823605299, -0.008960554376244545, 0.0019521586364135146, -0.0006719967350363731], [-0.0001504936080891639, 0.0008831711602397263, 0.0007066100952215493, -9.031898662215099e-05, 0.0017244494520127773, 0.002118378411978483, -0.0022209277376532555, 0.000447336642537266, 0.001347017358057201, -0.008960554376244545, 0.019624006003141403, -0.008440650999546051, 0.0010247095488011837], [0.00020646193297579885, -0.001257229596376419, -0.0030027462635189295, -5.257873272057623e-05, -3.487445064820349e-05, -0.0035025160759687424, 0.0030880647245794535, -0.0032779600005596876, 0.00048596804845146835, 0.0019521586364135146, -0.008440650999546051, 0.02681479975581169, -0.009503107517957687], [-0.0003367032331880182, -0.0006767665618099272, -0.000967322033829987, -0.0005205311463214457, -0.00093407480744645, 0.0015473505482077599, 0.0013052659342065454, -0.0005707042873837054, -0.002157010603696108, -0.0006719967350363731, 0.0010247095488011837, -0.009503107517957687, 0.02343454584479332]], "metadata.audio_properties.analysis.downmix": "mix", "metadata.audio_properties.codec": "mp3", "metadata.audio_properties.md5_encoded": "a4e0e3a1d2e1bc99f5b20666ad788410", "metadata.tags.file_name": "1182269069467058207.mp3", "metadata.version.essentia": "2.1-beta6-dev", "metadata.version.essentia_git_sha": "v2.1_beta5-1110-g77a6a954", "metadata.version.extractor": "music 2.0", "tonal.chords_key": "F", "tonal.chords_scale": "minor", "tonal.key_edma.key": "A", "tonal.key_edma.scale": "minor", "tonal.key_krumhansl.key": "A", "tonal.key_krumhansl.scale": "minor", "tonal.key_temperley.key": "A", "tonal.key_temperley.scale": "minor", "metadata.tags.encoding": ["Lavf58.45.100"]}, "essentia_models": [{"model_name": "genre_dortmund", "activations": {"alternative": "0.040720142", "blues": "0.020737754", "electronic": "0.049966317", "folkcountry": "0.016496453", "funksoulrnb": "0.07673407", "jazz": "0.04091827", "pop": "0.010257127", "raphiphop": "0.3779277", "rock": "0.5689842"}}, {"model_name": "genre_rosamerica", "activations": {"classic": "0.037499215", "dance": "0.0