{"song_id": "1182273663207223376", "download": "https://cdn.discordapp.com/attachments/1128313332273782784/1182273663207223376/chirp.mp4?ex=65841926&amp", "lyrics": "Text\nEddy, der Barketing-Star,\nmit einem Bellen, leuchtet der Raum.\nIn Meetings und Pausen, er ist immer da,\nsein fr\u00f6hliches Wesen, wie ein lebendiger Traum.\n\nEddy, der s\u00fc\u00dfeste Hund der Welt,\nmit seinen Augen, so rein und so hell.\nEr ist mehr als nur ein Haustier, er ist ein Freund,\nEddy, der Barketing-Star, ein Wunder, das sich lohnt.", "style": ["minimal ambient electronica positive vibes"], "essentia_features": {"lowlevel.average_loudness": 0.9595393538475037, "lowlevel.barkbands_crest.mean": 19.29714012145996, "lowlevel.barkbands_crest.stdev": 5.98843240737915, "lowlevel.barkbands_flatness_db.mean": 0.27558058500289917, "lowlevel.barkbands_flatness_db.stdev": 0.10444413870573044, "lowlevel.barkbands_kurtosis.mean": 69.33821105957031, "lowlevel.barkbands_kurtosis.stdev": 103.8625259399414, "lowlevel.barkbands_skewness.mean": 5.90107536315918, "lowlevel.barkbands_skewness.stdev": 4.00985050201416, "lowlevel.barkbands_spread.mean": 13.899608612060547, "lowlevel.barkbands_spread.stdev": 17.61219024658203, "lowlevel.dissonance.mean": 0.470289021730423, "lowlevel.dissonance.stdev": 0.025107424706220627, "lowlevel.dynamic_complexity": 2.743685483932495, "lowlevel.erbbands_crest.mean": 8.252264976501465, "lowlevel.erbbands_crest.stdev": 3.9620542526245117, "lowlevel.erbbands_flatness_db.mean": 0.1322142779827118, "lowlevel.erbbands_flatness_db.stdev": 0.04615752026438713, "lowlevel.erbbands_kurtosis.mean": 0.9808676242828369, "lowlevel.erbbands_kurtosis.stdev": 2.6560745239257812, "lowlevel.erbbands_skewness.mean": 0.5614843964576721, "lowlevel.erbbands_skewness.stdev": 0.936094343662262, "lowlevel.erbbands_spread.mean": 58.56825637817383, "lowlevel.erbbands_spread.stdev": 36.53133773803711, "lowlevel.hfc.mean": 35.25729751586914, "lowlevel.hfc.stdev": 43.03450012207031, "lowlevel.loudness_ebu128.integrated": -13.067641258239746, "lowlevel.loudness_ebu128.loudness_range": 4.295373916625977, "lowlevel.loudness_ebu128.momentary.mean": -13.4545316696167, "lowlevel.loudness_ebu128.momentary.stdev": 2.109956979751587, "lowlevel.loudness_ebu128.short_term.mean": -13.18620777130127, "lowlevel.loudness_ebu128.short_term.stdev": 1.4644687175750732, "lowlevel.melbands_crest.mean": 28.45036506652832, "lowlevel.melbands_crest.stdev": 8.372001647949219, "lowlevel.melbands_flatness_db.mean": 0.38300618529319763, "lowlevel.melbands_flatness_db.stdev": 0.1377122551202774, "lowlevel.melbands_kurtosis.mean": 129.31629943847656, "lowlevel.melbands_kurtosis.stdev": 137.14398193359375, "lowlevel.melbands_skewness.mean": 8.057015419006348, "lowlevel.melbands_skewness.stdev": 4.644974231719971, "lowlevel.melbands_spread.mean": 8.259428024291992, "lowlevel.melbands_spread.stdev": 18.636493682861328, "lowlevel.pitch_salience.mean": 0.2715577185153961, "lowlevel.pitch_salience.stdev": 0.20066234469413757, "lowlevel.silence_rate_20dB.mean": 0.98549884557724, "lowlevel.silence_rate_20dB.stdev": 0.11954351514577866, "lowlevel.silence_rate_30dB.mean": 0.32250580191612244, "lowlevel.silence_rate_30dB.stdev": 0.4674304127693176, "lowlevel.silence_rate_60dB.mean": 0.06670533865690231, "lowlevel.silence_rate_60dB.stdev": 0.24950812757015228, "lowlevel.spectral_centroid.mean": 1014.6836547851562, "lowlevel.spectral_centroid.stdev": 919.6265869140625, "lowlevel.spectral_complexity.mean": 12.059744834899902, "lowlevel.spectral_complexity.stdev": 8.233716011047363, "lowlevel.spectral_decrease.mean": -3.3279295763577466e-08, "lowlevel.spectral_decrease.stdev": 2.131511323000268e-08, "lowlevel.spectral_energy.mean": 0.12880165874958038, "lowlevel.spectral_energy.stdev": 0.08129283040761948, "lowlevel.spectral_energyband_high.mean": 0.002402935177087784, "lowlevel.spectral_energyband_high.stdev": 0.00404053321108222, "lowlevel.spectral_energyband_low.mean": 0.11674241721630096, "lowlevel.spectral_energyband_low.stdev": 0.07897163927555084, "lowlevel.spectral_energyband_middle_high.mean": 0.0017676528077572584, "lowlevel.spectral_energyband_middle_high.stdev": 0.0036342458333820105, "lowlevel.spectral_energyband_middle_low.mean": 0.00933804176747799, "lowlevel.spectral_energyband_middle_low.stdev": 0.018528416752815247, "lowlevel.spectral_entropy.mean": 7.495987415313721, "lowlevel.spectral_entropy.stdev": 0.6185232400894165, "lowlevel.spectral_flux.mean": 0.12932568788528442, "lowlevel.spectral_flux.stdev": 0.12445611506700516, "lowlevel.spectral_kurtosis.mean": 8.116695404052734, "lowlevel.spectral_kurtosis.stdev": 7.682986736297607, "lowlevel.spectral_rms.mean": 0.010371824726462364, "lowlevel.spectral_rms.stdev": 0.004252707120031118, "lowlevel.spectral_rolloff.mean": 786.5484619140625, "lowlevel.spectral_rolloff.stdev": 2159.200927734375, "lowlevel.spectral_skewness.mean": 2.1604480743408203, "lowlevel.spectral_skewness.stdev": 0.9363496899604797, "lowlevel.spectral_spread.mean": 6374161.0, "lowlevel.spectral_spread.stdev": 3331632.0, "lowlevel.spectral_strongpeak.mean": 0.722000777721405, "lowlevel.spectral_strongpeak.stdev": 0.4247371256351471, "lowlevel.zerocrossingrate.mean": 0.044684816151857376, "lowlevel.zerocrossingrate.stdev": 0.05627046525478363, "metadata.audio_properties.analysis.equal_loudness": 0.0, "metadata.audio_properties.analysis.length": 39.999977111816406, "metadata.audio_properties.analysis.sample_rate": 44100.0, "metadata.audio_properties.analysis.start_time": 0.0, "metadata.audio_properties.bit_rate": 121842.0, "metadata.audio_properties.length": 40.0, "metadata.audio_properties.lossless": 0.0, "metadata.audio_properties.number_channels": 1.0, "metadata.audio_properties.replay_gain": -10.618673324584961, "metadata.audio_properties.sample_rate": 48000.0, "rhythm.beats_count": 85.0, "rhythm.beats_loudness.mean": 0.1949051171541214, "rhythm.beats_loudness.stdev": 0.08014141023159027, "rhythm.bpm": 128.36355590820312, "rhythm.bpm_histogram_first_peak_bpm": 129.0, "rhythm.bpm_histogram_first_peak_weight": 0.29113924503326416, "rhythm.bpm_histogram_second_peak_bpm": 123.0, "rhythm.bpm_histogram_second_peak_spread": 0.0, "rhythm.bpm_histogram_second_peak_weight": 0.0476190485060215, "rhythm.danceability": 1.2721647024154663, "rhythm.onset_rate": 4.64772367477417, "tonal.chords_changes_rate": 0.09038238972425461, "tonal.chords_number_rate": 0.016222478821873665, "tonal.chords_strength.mean": 0.5184124708175659, "tonal.chords_strength.stdev": 0.0982191264629364, "tonal.hpcp_crest.mean": 11.572619438171387, "tonal.hpcp_crest.stdev": 5.385207653045654, "tonal.hpcp_entropy.mean": 2.37310791015625, "tonal.hpcp_entropy.stdev": 0.7528489828109741, "tonal.key_edma.strength": 0.4173128008842468, "tonal.key_krumhansl.strength": 0.3988153338432312, "tonal.key_temperley.strength": 0.3649687170982361, "tonal.tuning_diatonic_strength": 0.43198978900909424, "tonal.tuning_equal_tempered_deviation": 0.1725820153951645, "tonal.tuning_frequency": 434.193115234375, "tonal.tuning_nontempered_energy_ratio": 0.8661277890205383, "lowlevel.barkbands.mean": [0.010987630113959312, 0.09728001058101654, 0.007082606665790081, 0.0030666533857584, 0.0023981244303286076, 0.0019647590816020966, 0.0007813097909092903, 0.0005911203334107995, 0.0004151226894464344, 0.0003409782366361469, 0.0003310278116259724, 0.00026171651552431285, 0.00021315224876161665, 0.00015452716615982354, 0.00011161945440107957, 0.00010136538185179234, 8.119478297885507e-05, 8.621733286418021e-05, 9.295274503529072e-05, 0.0001217348690261133, 0.00016406411305069923, 0.00032125061261467636, 0.00038799812318757176, 9.767872688826174e-05, 0.0004851075354963541, 0.0008816927438601851, 1.3925561859196023e-07], "lowlevel.barkbands.stdev": [0.013441914692521095, 0.07074850052595139, 0.02470078133046627, 0.010470220819115639, 0.006070729810744524, 0.004170368425548077, 0.001546073006466031, 0.0014623596798628569, 0.0008387237903662026, 0.0008764988742768764, 0.0007489158888347447, 0.0008485356229357421, 0.0005529100308194757, 0.00044098927173763514, 0.0003152853169012815, 0.00030968556529842317, 0.00020177529950160533, 0.00019399447774048895, 0.00021249870769679546, 0.0002622072061058134, 0.0003847188490908593, 0.0007463362999260426, 0.0009318397496826947, 0.00023762766795698553, 0.0009604113874956965, 0.0016279505798593163, 1.2504458481998881e-06], "lowlevel.erbbands.mean": [4.662014961242676, 14.368429183959961, 9.873117446899414, 10.228239059448242, 8.74236011505127, 7.450387477874756, 10.934477806091309, 17.161659240722656, 12.25242805480957, 11.265149116516113, 13.713982582092285, 9.228754997253418, 11.380141258239746, 10.827313423156738, 13.995811462402344, 10.050708770751953, 9.141031265258789, 9.245030403137207, 6.970419406890869, 5.329091548919678, 5.51567268371582, 4.801833629608154, 4.660408973693848, 5.20250129699707, 4.568808555603027, 5.794839382171631, 5.611355781555176, 7.864650249481201, 11.942244529724121, 12.170056343078613, 9.844372749328613, 3.430386781692505, 1.2406673431396484, 1.8473485708236694, 5.653947830200195, 6.234053134918213, 0.9398775100708008, 0.02953261323273182, 0.0009409222402609885, 0.0002135125978384167], "lowlevel.erbbands.stdev": [3.460664987564087, 13.676292419433594, 26.94150733947754, 33.033447265625, 27.6647891998291, 18.001327514648438, 23.531301498413086, 40.8709602355957, 23.555349349975586, 23.76013946533203, 33.327110290527344, 17.840267181396484, 27.67740249633789, 22.825939178466797, 32.76201629638672, 32.845699310302734, 23.892908096313477, 24.184593200683594, 20.984512329101562, 14.945589065551758, 15.734275817871094, 11.809035301208496, 10.546027183532715, 11.993633270263672, 9.826732635498047, 12.367515563964844, 12.597885131835938, 18.64008903503418, 28.392927169799805, 28.00752067565918, 23.511581420898438, 8.572073936462402, 3.1112709045410156, 4.098409652709961, 11.55255126953125, 11.907293319702148, 1.6814054250717163, 0.05177462100982666, 0.001539708930067718, 0.00016403327754233032], "lowlevel.gfcc.mean": [-21.886140823364258, 92.87677001953125, -60.38658142089844, 20.594032287597656, -31.78276824951172, 22.391582489013672, -18.91109848022461, 21.7760066986084, -22.62247657775879, 25.486099243164062, -17.708311080932617, 18.991622924804688, -10.847702026367188], "lowlevel.melbands.mean": [0.03336865082383156, 0.008998017758131027, 0.0017036717617884278, 0.0005585547187365592, 0.00036976506817154586, 0.0003776400990318507, 0.00018467505287844688, 0.00012143825006205589, 0.00010583739640424028, 5.704061914002523e-05, 5.6688906624913216e-05, 4.2613693949533626e-05, 4.7016241296660155e-05, 3.366003147675656e-05, 1.9650011381600052e-05, 2.1521707822103053e-05, 1.6357273125322536e-05, 1.1523624380060937e-05, 7.707205440965481e-06, 6.816435416112654e-06, 6.247420969884843e-06, 5.0690687203314155e-06, 4.057478236063616e-06, 4.263139999238774e-06, 4.267593340046005e-06, 3.1549802770314272e-06, 3.7269890071911504e-06, 3.871920853271149e-06, 3.1664565085520735e-06, 4.0066138353722636e-06, 4.744531906908378e-06, 7.015492883510888e-06, 5.851256446476327e-06, 7.683045623707585e-06, 6.3885850067890715e-06, 3.6890467072225874e-06, 1.4752408787899185e-06, 8.089564289548434e-07, 7.642289574505412e-07, 1.6665904922774644e-06], "lowlevel.melbands.stdev": [0.02357470989227295, 0.012913009151816368, 0.005429000593721867, 0.0015484356554225087, 0.0007551846792921424, 0.0008520507253706455, 0.0003513166157063097, 0.0002648025983944535, 0.0002631228999234736, 0.00011271874973317608, 0.00014109991025179625, 9.343997953692451e-05, 0.00010784199548652396, 0.00010412745177745819, 6.285826384555548e-05, 5.443394184112549e-05, 4.4155443902127445e-05, 3.7081576010677963e-05, 2.1664543965016492e-05, 2.1534680854529142e-05, 1.7626543922233395e-05, 1.2985375178686809e-05, 9.789876457944047e-06, 9.795795449463185e-06, 1.0160312740481459e-05, 7.316540177271236e-06, 8.43436828290578e-06, 8.49548086989671e-06, 7.2411248766002245e-06, 9.68791664490709e-06, 1.1809847819677088e-05, 1.7286647562286817e-05, 1.3824670531903394e-05, 1.8414559235679917e-05, 1.5663381418562494e-05, 1.0170002497034147e-05, 3.6384813029144425e-06, 2.1340233615774196e-06, 2.1205798930168385e-06, 3.983614078606479e-06], "lowlevel.melbands128.mean": [0.010480049066245556, 0.04352880269289017, 0.04145999252796173, 0.01764995977282524, 0.005686514545232058, 0.00328766368329525, 0.002169763669371605, 0.0013215329963713884, 0.0008364996174350381, 0.0005294603761285543, 0.00037299393443390727, 0.00033511154470033944, 0.00036049290793016553, 0.0004215164517518133, 0.0004314782563596964, 0.000348814734024927, 0.00020601015421561897, 0.00015616932068951428, 0.0001539584918646142, 0.00012233760207891464, 9.918669820763171e-05, 0.00012948315998073667, 0.00012241349031683058, 6.445431790780276e-05, 4.794931737706065e-05, 5.7818459026748314e-05, 6.469558866228908e-05, 5.826721098856069e-05, 4.967572749592364e-05, 4.051638097735122e-05, 4.0506252844352275e-05, 4.488069316721521e-05, 5.078301910543814e-05, 4.714893293567002e-05, 3.7861187593080103e-05, 3.1637089705327526e-05, 2.2623538825428113e-05, 1.890396379167214e-05, 1.7650452718953602e-05, 1.8702854504226707e-05, 2.5421268219361082e-05, 2.147634222637862e-05, 1.6835803762660362e-05, 1.3295714779815171e-05, 1.181186507892562e-05, 1.2610653357114643e-05, 9.475147635384928e-06, 7.379507223959081e-06, 7.088648544595344e-06, 7.042385732347611e-06, 6.345729616441531e-06, 7.252660907397512e-06, 6.908035629749065e-06, 5.662237072101561e-06, 5.003720616514329e-06, 5.577867341344245e-06, 4.5736910578852985e-06, 3.926156296074623e-06, 3.880925305566052e-06, 4.0873451325751375e-06, 4.721541245089611e-06, 3.8427283470809925e-06, 4.34149706052267e-06, 4.813561190530891e-06, 3.462549557298189e-06, 3.093831764999777e-06, 2.804710447890102e-06, 3.247211679990869e-06, 4.222491043037735e-06, 4.027194790978683e-06, 3.9060482777131256e-06, 3.948537596443202e-06, 3.0737583074369468e-06, 2.93775610771263e-06, 3.186157073287177e-06, 4.359946160548134e-06, 4.1093626350630075e-06, 3.95798042518436e-06, 4.626645932148676e-06, 5.502849489857908e-06, 7.100625225575641e-06, 8.113929652608931e-06, 6.32715864412603e-06, 5.186701855564024e-06, 5.833263912791153e-06, 6.006474905007053e-06, 8.277450433524791e-06, 1.1371640539437067e-05, 4.56205725640757e-06, 4.728499334305525e-06, 5.296111339703202e-06, 2.8899769404233666e-06, 2.1393777842604322e-06, 1.5129488701859373e-06, 9.904160833684728e-07, 8.942953400037368e-07, 7.582772241221392e-07, 6.957130267437606e-07, 7.617055644004722e-07, 7.746124310870073e-07, 9.412040071765659e-07, 1.8766098719424917e-06, 2.3035938738757977e-06, 3.6434933008422377e-06, 5.29391445525107e-06, 9.75352213572478e-06, 9.723285074869636e-06, 1.0263163858326152e-05, 1.4302861018222757e-05, 1.2293881809455343e-05, 6.88068530507735e-06, 3.5137286431563552e-06, 1.6721044175938005e-06, 7.771882906126848e-07, 2.2364767460203439e-07, 4.5770704559799924e-08, 5.0148023511553674e-09, 4.943045972538584e-10, 3.3252522957383235e-10, 1.746410654979158e-10, 1.4159974581762214e-10, 6.509430494627821e-11, 1.754585365887351e-11, 1.71798634346354e-11, 1.6706067085259235e-11, 1.6118164095080267e-11, 1.5775535391893136e-11, 1.5653058710318746e-11], "lowlevel.melbands128.stdev": [0.012698974460363388, 0.03477998077869415, 0.033370327204465866, 0.021181151270866394, 0.015533523634076118, 0.01135413721203804, 0.007285116706043482, 0.004568279255181551, 0.002725466387346387, 0.0014965205918997526, 0.0009390130871906877, 0.0008015581406652927, 0.0009126215009018779, 0.001051948289386928, 0.001232897979207337, 0.0009493332472629845, 0.0004876033344771713, 0.00037048535887151957, 0.00037414077087305486, 0.00029563912539742887, 0.0003226483822800219, 0.00038187881000339985, 0.0003853606467600912, 0.00020546160521917045, 0.00011111432104371488, 0.0001484039967181161, 0.00014955613005440682, 0.00019690897897817194, 0.00018477592675480992, 9.838608093559742e-05, 9.894090908346698e-05, 0.00011916413495782763, 0.00013187949662096798, 0.00012986120418645442, 0.00011685398931149393, 0.00013225017755758017, 8.384730608668178e-05, 7.527361594839022e-05, 5.737793617299758e-05, 5.7079287216765806e-05, 6.988436507526785e-05, 6.48128188913688e-05, 5.235544449533336e-05, 4.3895830458495766e-05, 4.189012179267593e-05, 4.519321373663843e-05, 3.118485983577557e-05, 2.2824959160061553e-05, 2.0761679479619488e-05, 2.3215981855173595e-05, 2.376543307036627e-05, 2.6406642064102925e-05, 2.102712278428953e-05, 1.751566924212966e-05, 1.4372466466738842e-05, 1.6785053958301432e-05, 1.2284095646464266e-05, 1.0694614502426703e-05, 1.0674870281945914e-05, 1.0778663636301644e-05, 1.1888293556694407e-05, 1.0251327694277279e-05, 1.1222132343391422e-05, 1.2723126928904094e-05, 9.563041203364264e-06, 8.006742064026184e-06, 7.123329396563349e-06, 8.23940627014963e-06, 1.0783294783323072e-05, 9.305156709160656e-06, 9.364417564938776e-06, 9.583497558196541e-06, 7.499750154238427e-06, 7.86094278737437e-06, 7.970659680722747e-06, 1.1744034054572694e-05, 1.0702486179070547e-05, 1.1451866157585755e-05, 1.3445878721540794e-05, 1.4749503861821722e-05, 2.0049739759997465e-05, 2.0978513930458575e-05, 1.7116943126893602e-05, 1.288324438064592e-05, 1.5261284715961665e-05, 1.5121091564651579e-05, 2.1919664504821412e-05, 3.2938354706857353e-05, 1.1718737368937582e-05, 1.1229660231037997e-05, 1.708304807834793e-05, 8.731213711143937e-06, 5.832462193211541e-06, 3.827950422419235e-06, 2.775121174636297e-06, 2.5965377972170245e-06, 2.19043204197078e-06, 2.036779051195481e-06, 2.0775642042281106e-06, 2.810036448863684e-06, 2.9480513603630243e-06, 4.9643699640000705e-06, 5.8465329857426696e-06, 8.88719023350859e-06, 1.272399185836548e-05, 2.2197382349986583e-05, 2.083411527564749e-05, 2.1340500097721815e-05, 2.8332196961855516e-05, 2.474131360941101e-05, 1.3937960829935037e-05, 6.981324986554682e-06, 3.159515927109169e-06, 1.744222686284047e-06, 6.278163482420496e-07, 1.6195838270505192e-07, 3.286310601424702e-08, 1.2230350954212099e-08, 9.204049078448406e-09, 6.18690876308392e-09, 5.082853693494371e-09, 1.9417338847915744e-09, 3.548616608894939e-11, 3.423376165878622e-11, 2.950898206344199e-11, 2.3920535691113187e-11, 2.2721888606747065e-11, 2.2579686384527342e-11], "lowlevel.mfcc.mean": [-696.5870971679688, 154.47833251953125, 19.028179168701172, 32.92259979248047, 4.114171028137207, 23.82849884033203, 8.363624572753906, 15.000567436218262, 4.858962535858154, 10.279268264770508, 7.648460865020752, 6.160433769226074, 9.417258262634277], "lowlevel.spectral_contrast_coeffs.mean": [-0.7502130270004272, -0.799982488155365, -0.823807954788208, -0.8415263295173645, -0.8278059363365173, -0.7111552953720093], "lowlevel.spectral_contrast_coeffs.stdev": [0.07562647759914398, 0.06583899259567261, 0.041756100952625275, 0.031911980360746384, 0.0312192440032959, 0.0581863671541214], "lowlevel.spectral_contrast_valleys.mean": [-6.356602668762207, -6.739836692810059, -7.350481033325195, -7.931570529937744, -8.213468551635742, -11.620824813842773], "lowlevel.spectral_contrast_valleys.stdev": [1.1968871355056763, 0.75975102186203, 0.683516263961792, 0.7047713994979858, 0.9858654141426086, 1.9263287782669067], "rhythm.beats_loudness_band_ratio.mean": [0.9129421710968018, 0.0320909209549427, 0.01645520329475403, 0.008364721201360226, 0.005479156039655209, 0.03319375216960907], "rhythm.beats_loudness_band_ratio.stdev": [0.1846529096364975, 0.09084415435791016, 0.032906144857406616, 0.01806480996310711, 0.029840029776096344, 0.09326384216547012], "tonal.hpcp.mean": [0.15129327774047852, 0.11447986960411072, 0.0535021536052227, 0.03335744887590408, 0.040560610592365265, 0.044506318867206573, 0.07270509004592896, 0.11092187464237213, 0.09210742264986038, 0.07888419181108475, 0.07554924488067627, 0.05482344701886177, 0.055221375077962875, 0.06459234654903412, 0.06992005556821823, 0.06721530854701996, 0.048626773059368134, 0.04412960633635521, 0.07701503485441208, 0.08336462080478668, 0.05233518034219742, 0.04446219280362129, 0.04454030096530914, 0.054370343685150146, 0.09509361535310745, 0.10340696573257446, 0.10834123194217682, 0.10549464076757431, 0.06688247621059418, 0.06491874903440475, 0.09596375375986099, 0.10334347188472748, 0.090230293571949, 0.10820551961660385, 0.1508762240409851, 0.1602873057126999], "tonal.hpcp.stdev": [0.30841249227523804, 0.2696952223777771, 0.17552140355110168, 0.12340375036001205, 0.14895303547382355, 0.15054214000701904, 0.19339711964130402, 0.2813824415206909, 0.22755196690559387, 0.22123292088508606, 0.22034914791584015, 0.17537252604961395, 0.17793314158916473, 0.19677680730819702, 0.20529717206954956, 0.202067568898201, 0.15303219854831696, 0.13844920694828033, 0.21634311974048615, 0.22681111097335815, 0.16001081466674805, 0.15013086795806885, 0.15497121214866638, 0.1626928448677063, 0.25056737661361694, 0.24148517847061157, 0.25824499130249023, 0.25793886184692383, 0.1844693273305893, 0.1873401552438736, 0.2357177436351776, 0.2511654496192932, 0.2233898937702179, 0.2510267496109009, 0.3116745352745056, 0.30715981125831604], "rhythm.beats_position": [0.40634921193122864, 0.8243083953857422, 1.277097463607788, 1.7414965629577637, 2.2058956623077393, 2.670294761657715, 3.1346938610076904, 3.599092960357666, 4.075101852416992, 4.551111221313477, 5.015510082244873, 5.479909420013428, 5.944308280944824, 6.42031717300415, 6.896326541900635, 7.360725402832031, 7.825124740600586, 8.28952407836914, 8.753922462463379, 9.218321800231934, 9.705941200256348, 10.170339584350586, 10.63473892211914, 11.099138259887695, 11.56353759765625, 12.027935981750488, 12.515555381774902, 12.979954719543457, 13.444353103637695, 13.90875244140625, 14.384761810302734, 14.860771179199219, 15.325169563293457, 15.789568901062012, 16.25396728515625, 16.718366622924805, 17.19437599182129, 17.670385360717773, 18.134784698486328, 18.599184036254883, 19.063581466674805, 19.53959083557129, 20.015600204467773, 20.479999542236328, 20.944398880004883, 21.408798217773438, 21.884807586669922, 22.360815048217773, 22.825214385986328, 23.289613723754883, 23.754013061523438, 24.230022430419922, 24.706031799316406, 25.17043113708496, 25.634828567504883, 26.099227905273438, 26.563627243041992, 27.039636611938477, 27.51564598083496, 27.980045318603516, 28.44444465637207, 28.908842086791992, 29.373241424560547, 29.86086082458496, 30.325260162353516, 30.78965950012207, 31.254058837890625, 31.73006820678711, 32.206077575683594, 32.670475006103516, 33.1348762512207, 33.599273681640625, 34.07528305053711, 34.551292419433594, 35.015689849853516, 35.4800910949707, 35.944488525390625, 36.40888977050781, 36.873287200927734, 37.360904693603516, 37.8253059387207, 38.289703369140625, 38.75410461425781, 39.2301139831543, 39.70612335205078], "rhythm.bpm_histogram": [0.0, 0.0, 0.0, 0.0, 0.0, 0.0, 0.0, 0.0, 0.0, 0.0, 0.0, 0.0, 0.0, 0.0, 0.0, 0.0, 0.0, 0.0, 0.0, 0.0, 0.0, 0.0, 0.0, 0.0, 0.0, 0.0, 0.0, 0.0, 0.0, 0.0, 0.0, 0.0, 0.0, 0.0, 0.0, 0.0, 0.0, 0.0, 0.0, 0.0, 0.0, 0.0, 0.0, 0.0, 0.0, 0.0, 0.0, 0.0, 0.0, 0.0, 0.0, 0.0, 0.0, 0.0, 0.0, 0.0, 0.0, 0.0, 0.0, 0.0, 0.0, 0.0, 0.0, 0.0, 0.0, 0.0, 0.0, 0.0, 0.0, 0.0, 0.0, 0.0, 0.0, 0.0, 0.0, 0.0, 0.0, 0.0, 0.0, 0.0, 0.0, 0.0, 0.0, 0.0, 0.0, 0.0, 0.0, 0.0, 0.0, 0.0, 0.0, 0.0, 0.0, 0.0, 0.0, 0.0, 0.0, 0.0, 0.0, 0.0, 0.0, 0.0, 0.0, 0.0, 0.0, 0.0, 0.0, 0.0, 0.0, 0.0, 0.0, 0.0, 0.0, 0.0, 0.0, 0.0, 0.0, 0.0, 0.0, 0.0, 0.0, 0.0, 0.0, 0.0476190485060215, 0.0, 0.0, 0.261904776096344, 0.0, 0.0, 0.6666666865348816, 0.0, 0.0, 0.0, 0.011904762126505375, 0.0, 0.0, 0.0, 0.0, 0.0, 0.0, 0.0, 0.0, 0.0, 0.0, 0.011904762126505375, 0.0, 0.0, 0.0, 0.0, 0.0, 0.0, 0.0, 0.0, 0.0, 0.0, 0.0, 0.0, 0.0, 0.0, 0.0, 0.0, 0.0, 0.0, 0.0, 0.0, 0.0, 0.0, 0.0, 0.0, 0.0, 0.0, 0.0, 0.0, 0.0, 0.0, 0.0, 0.0, 0.0, 0.0, 0.0, 0.0, 0.0, 0.0, 0.0, 0.0, 0.0, 0.0, 0.0, 0.0, 0.0, 0.0, 0.0, 0.0, 0.0, 0.0, 0.0, 0.0, 0.0, 0.0, 0.0, 0.0, 0.0, 0.0, 0.0, 0.0, 0.0, 0.0, 0.0, 0.0, 0.0, 0.0, 0.0, 0.0, 0.0, 0.0, 0.0, 0.0, 0.0, 0.0, 0.0, 0.0, 0.0, 0.0, 0.0, 0.0, 0.0, 0.0, 0.0, 0.0, 0.0, 0.0, 0.0, 0.0, 0.0, 0.0, 0.0, 0.0, 0.0, 0.0, 0.0, 0.0, 0.0, 0.0, 0.0, 0.0, 0.0, 0.0, 0.0, 0.0, 0.0], "tonal.chords_histogram": [3.0127463340759277, 10.776361465454102, 3.0127463340759277, 0.0, 0.0, 2.780996561050415, 5.56199312210083, 0.0, 1.9698725938796997, 0.0, 8.690613746643066, 22.01622200012207, 8.111239433288574, 11.239860534667969, 0.0, 0.0, 0.0, 0.0, 2.4333720207214355, 3.476245641708374, 0.11587485671043396, 0.3476245701313019, 9.84936237335205, 6.604866981506348], "tonal.thpcp": [1.0, 0.9438880681991577, 0.7142167091369629, 0.33378908038139343, 0.20811036229133606, 0.25304943323135376, 0.277665913105011, 0.45359230041503906, 0.6920191049575806, 0.5746395587921143, 0.4921424686908722, 0.4713364243507385, 0.34203237295150757, 0.34451496601104736, 0.4029785394668579, 0.4362170398235321, 0.41934266686439514, 0.3033725917339325, 0.27531567215919495, 0.48048117756843567, 0.5200949907302856, 0.3265085816383362, 0.27739059925079346, 0.27787789702415466, 0.3392055630683899, 0.5932697653770447, 0.6451351046562195, 0.6759189963340759, 0.6581596732139587, 0.41726621985435486, 0.40501490235328674, 0.5986983776092529, 0.6447389721870422, 0.5629284977912903, 0.6750723123550415, 0.9412861466407776], "lowlevel.gfcc.cov": [[7990.0458984375, -2525.114013671875, 916.3705444335938, 1251.476318359375, -1107.138916015625, 764.3419189453125, -560.9388427734375, 266.2324523925781, -166.361083984375, 112.69141387939453, -303.4089050292969, 414.83380126953125, -302.5392761230469], [-2525.114013671875, 3654.342529296875, 267.9066467285156, -438.5953674316406, 1110.8135986328125, -373.2699279785156, 695.7946166992188, -144.13722229003906, 431.8687744140625, -56.317962646484375, 348.502685546875, -279.73809814453125, 393.3724670410156], [916.3705444335938, 267.9066467285156, 1159.66455078125, 392.7995910644531, 46.953529357910156, 278.37744140625, 59.347354888916016, 80.08434295654297, 180.3292694091797, 81.69859313964844, 76.92852783203125, 169.47108459472656, 36.43815231323242], [1251.476318359375, -438.5953674316406, 392.7995910644531, 721.9885864257812, -204.88583374023438, 238.41192626953125, 19.487699508666992, -26.213878631591797, 89.58243560791016, -28.674907684326172, 5.239865779876709, 33.222137451171875, -15.875142097473145], [-1107.138916015625, 1110.8135986328125, 46.953529357910156, -204.88583374023438, 650.0064086914062, -76.75373077392578, 317.3583984375, 77.11310577392578, 147.26988220214844, 67.85884857177734, 150.4070281982422, -47.03447723388672, 145.6654815673828], [764.3419189453125, -373.2699279785156, 278.37744140625, 238.41192626953125, -76.75373077392578, 368.06011962890625, 27.63325309753418, 49.31368637084961, 53.45733642578125, 11.263140678405762, 22.42256736755371, 60.84513473510742, -1.734802484512329], [-560.9388427734375, 695.7946166992188, 59.347354888916016, 19.487699508666992, 317.3583984375, 27.63325309753418, 339.97052001953125, 28.92642593383789, 143.7666473388672, 50.30547332763672, 87.06631469726562, -83.11339569091797, 102.53337097167969], [266.2324523925781, -144.13722229003906, 80.08434295654297, -26.213878631591797, 77.11310577392578, 49.31368637084961, 28.92642593383789, 222.2834930419922, 33.399654388427734, 107.38211059570312, 5.134053707122803, 49.13458251953125, -4.389814853668213], [-166.361083984375, 431.8687744140625, 180.3292694091797, 89.58243560791016, 147.26988220214844, 53.45733642578125, 143.7666473388672, 33.399654388427734, 204.33126831054688, 27.88819694519043, 95.19120025634766, -2.6351230144500732, 78.84061431884766], [112.69141387939453, -56.317962646484375, 81.69859313964844, -28.674907684326172, 67.85884857177734, 11.263140678405762, 50.30547332763672, 107.38211059570312, 27.88819694519043, 157.35865783691406, 17.649606704711914, 63.43445587158203, 9.194544792175293], [-303.4089050292969, 348.502685546875, 76.92852783203125, 5.239865779876709, 150.4070281982422, 22.42256736755371, 87.06631469726562, 5.134053707122803, 95.19120025634766, 17.649606704711914, 139.0001220703125, 19.812204360961914, 80.87409973144531], [414.83380126953125, -279.73809814453125, 169.47108459472656, 33.222137451171875, -47.03447723388672, 60.84513473510742, -83.11339569091797, 49.13458251953125, -2.6351230144500732, 63.43445587158203, 19.812204360961914, 187.0755615234375, -2.462681293487549], [-302.5392761230469, 393.3724670410156, 36.43815231323242, -15.875142097473145, 145.6654815673828, -1.734802484512329, 102.53337097167969, -4.389814853668213, 78.84061431884766, 9.194544792175293, 80.87409973144531, -2.462681293487549, 116.0464096069336]], "lowlevel.gfcc.icov": [[0.0003572921559680253, -0.00037537701427936554, 0.00019175795023329556, -0.0006843641749583185, 0.00044459381024353206, -0.0006846390897408128, 0.0005626151687465608, -0.0006372304633259773, 0.00044876878382638097, -0.0004398403107188642, 0.0006307983421720564, -0.0005621884483844042, 0.00023900403175503016], [-0.00037537701427936554, 0.0023627360351383686, -0.0014148956397548318, 0.0018169486429542303, -0.0018068166682496667, 0.002527428325265646, -0.0019694205839186907, 0.001961463363841176, -0.0019638503435999155, 0.0018281526863574982, -0.0013450839323922992, 0.0021266033872962, -0.002003010595217347], [0.00019175795023329556, -0.0014148956397548318, 0.002351622562855482, -0.0016419985331594944, 0.0005661224713549018, -0.002075693104416132, 0.0015052951639518142, -0.000953582173679024, 0.00010411199036752805, -0.0014057140797376633, 0.0011454332852736115, -0.002267503645271063, 0.0014196195406839252], [-0.0006843641749583185, 0.0018169486429542303, -0.0016419985331594944, 0.004402469377964735, -0.00031656320788897574, 0.0016010639956220984, -0.002921379404142499, 0.002143899677321315, -0.002434787107631564, 0.002224473049864173, -0.0017802275251597166, 0.0018658285262063146, -0.000983632169663906], [0.00044459381024353206, -0.0018068166682496667, 0.0005661224713549018, -0.00031656320788897574, 0.006194302346557379, -0.0009461310692131519, -0.002317518461495638, -0.0031868666410446167, 0.0021200492046773434, -0.0004044122470077127, -0.001220028381794691, -0.0021677357144653797, 0.000596343947108835], [-0.0006846390897408128, 0.002527428325265646, -0.002075693104416132, 0.0016010639956220984, -0.0009461310692131519, 0.0073241060599684715, -0.004039785359054804, 0.0009561728802509606, -0.001835932838730514, 0.0035033640451729298, -0.0028485585935413837, 0.0012944655027240515, -0.0015964987687766552], [0.0005626151687465608, -0.0019694205839186907, 0.0015052951639518142, -0.002921379404142499, -0.002317518461495638, -0.004039785359054804, 0.011957058683037758, -0.00039923290023580194, -0.0011136735556647182, -0.005854071583598852, 0.0029697390273213387, 0.0027493610978126526, -0.0012516566785052419], [-0.0006372304633259773, 0.001961463363841176, -0.000953582173679024, 0.002143899677321315, -0.0031868666410446167, 0.0009561728802509606, -0.00039923290023580194, 0.00976185780018568, -0.0034006484784185886, -0.00339648500084877, -1.0005461263062898e-05, 0.0020759054459631443, -0.00035045400727540255], [0.00044876878382638097, -0.0019638503435999155, 0.00010411199036752805, -0.002434787107631564, 0.0021200492046773434, -0.001835932838730514, -0.0011136735556647182, -0.0034006484784185886, 0.012491343542933464, -0.0009533424745313823, -0.003126566531136632, -0.0012430778006091714, -0.0006304075941443443], [-0.0004398403107188642, 0.0018281526863574982, -0.0014057140797376633, 0.002224473049864173, -0.0004044122470077127, 0.0035033640451729298, -0.005854071583598852, -0.00339648500084877, -0.0009533424745313823, 0.014162681065499783, -0.001699985470622778, -0.0030027958564460278, -0.00034754705848172307], [0.0006307983421720564, -0.0013450839323922992, 0.0011454332852736115, -0.0017802275251597166, -0.001220028381794691, -0.0028485585935413837, 0.0029697390273213387, -1.0005461263062898e-05, -0.003126566531136632, -0.001699985470622778, 0.017313167452812195, -0.0035623153671622276, -0.005417092703282833], [-0.0005621884483844042, 0.0021266033872962, -0.002267503645271063, 0.0018658285262063146, -0.0021677357144653797, 0.0012944655027240515, 0.0027493610978126526, 0.0020759054459631443, -0.0012430778006091714, -0.0030027958564460278, -0.0035623153671622276, 0.012537087313830853, -0.0034863431937992573], [0.00023900403175503016, -0.002003010595217347, 0.0014196195406839252, -0.000983632169663906, 0.000596343947108835, -0.0015964987687766552, -0.0012516566785052419, -0.00035045400727540255, -0.0006304075941443443, -0.00034754705848172307, -0.005417092703282833, -0.0034863431937992573, 0.01992710866034031]], "lowlevel.mfcc.cov": [[7731.3447265625, -3519.03857421875, 1620.2086181640625, -5.271714687347412, -1.748103380203247, 126.06952667236328, -302.45208740234375, 176.07730102539062, -71.16644287109375, -187.12989807128906, 18.85312271118164, -198.3164520263672, 97.64631652832031], [-3519.03857421875, 4206.318359375, -794.4135131835938, 369.805419921875, 183.18577575683594, 92.76285552978516, 292.4041748046875, 5.6852521896362305, 252.95059204101562, 211.6815185546875, 87.86004638671875, 213.373291015625, 68.52021026611328], [1620.2086181640625, -794.4135131835938, 1412.49560546875, 137.9488983154297, 179.77488708496094, 252.0571746826172, -85.18852233886719, 154.8370819091797, 31.43975067138672, -67.5011215209961, 90.0595703125, -46.01413345336914, 152.13922119140625], [-5.271714687347412, 369.805419921875, 137.9488983154297, 432.0788879394531, 43.66753005981445, 111.53430938720703, 31.972990036010742, 39.422157287597656, 79.83912658691406, 38.98410415649414, 61.7575569152832, 48.760986328125, 49.378204345703125], [-1.748103380203247, 183.18577575683594, 179.77488708496094, 43.66753005981445, 233.38905334472656, 51.248207092285156, 70.0500717163086, 75.43243408203125, 52.39017105102539, 16.545703887939453, 39.68135452270508, 38.13629150390625, 73.2515640258789], [126.06952667236328, 92.76285552978516, 252.0571746826172, 111.53430938720703, 51.248207092285156, 288.2515563964844, 53.046749114990234, 97.39756774902344, 43.0389404296875, 32.672386169433594, 23.653921127319336, 36.72404479980469, 42.63203811645508], [-302.45208740234375, 292.4041748046875, -85.18852233886719, 31.972990036010742, 70.0500717163086, 53.046749114990234, 223.44290161132812, 12.104656219482422, 111.22217559814453, 63.80049514770508, 43.792789459228516, 61.64032745361328, 3.017932653427124], [176.07730102539062, 5.6852521896362305, 154.8370819091797, 39.422157287597656, 75.43243408203125, 97.39756774902344, 12.104656219482422, 145.69422912597656, 25.81713104248047, 37.74433898925781, 20.904077529907227, 30.035621643066406, 56.72455978393555], [-71.16644287109375, 252.95059204101562, 31.43975067138672, 79.83912658691406, 52.39017105102539, 43.0389404296875, 111.22217559814453, 25.81713104248047, 179.91049194335938, 75.30254364013672, 78.67674255371094, 43.547481536865234, 32.53297805786133], [-187.12989807128906, 211.6815185546875, -67.5011215209961, 38.98410415649414, 16.545703887939453, 32.672386169433594, 63.80049514770508, 37.74433898925781, 75.30254364013672, 128.41900634765625, 46.34070587158203, 53.00648880004883, 7.246079444885254], [18.85312271118164, 87.86004638671875, 90.0595703125, 61.7575569152832, 39.68135452270508, 23.653921127319336, 43.792789459228516, 20.904077529907227, 78.67674255371094, 46.34070587158203, 106.76227569580078, 33.02460861206055, 50.45205307006836], [-198.3164520263672, 213.373291015625, -46.01413345336914, 48.760986328125, 38.13629150390625, 36.72404479980469, 61.64032745361328, 30.035621643066406, 43.547481536865234, 53.00648880004883, 33.02460861206055, 92.53802490234375, 27.167095184326172], [97.64631652832031, 68.52021026611328, 152.13922119140625, 49.378204345703125, 73.2515640258789, 42.63203811645508, 3.017932653427124, 56.72455978393555, 32.53297805786133, 7.246079444885254, 50.45205307006836, 27.167095184326172, 121.78147888183594]], "lowlevel.mfcc.icov": [[0.0002582098532002419, 0.0001900036440929398, -0.0001594733475940302, -9.982953633880243e-05, 4.164994243183173e-05, 5.444838461698964e-05, 9.048213541973382e-05, -0.00018278016068506986, -0.00023135068477131426, 6.23997621005401e-05, 9.162648348137736e-05, 0.00010034388105850667, -3.770945841097273e-05], [0.0001900036440929398, 0.0005093973595649004, 0.0001753063261276111, -0.0003298648225609213, -0.00033089370117522776, -0.0001572067994857207, 8.218088623834774e-05, 0.0001359337620669976, -0.0004247021861374378, -0.00013362940808292478, 0.0002317568432772532, -0.0001302875461988151, -0.00028104629018343985], [-0.0001594733475940302, 0.0001753063261276111, 0.0016145912231877446, -0.00018426933092996478, -0.0010289855999872088, -0.00120938615873456, 0.0007299102144315839, -0.00016567215789109468, -0.00028923540958203375, 0.0007526347180828452, -0.0011361482320353389, 0.0008845246629789472, -0.0005058934912085533], [-9.982953633880243e-05, -0.0003298648225609213, -0.00018426933092996478, 0.0031251602340489626, 0.00015388526662718505, -0.0008820701623335481, 0.0006289681186899543, 0.0003048869257327169, -0.000711513333953917, 0.0002698547614272684, -0.000855752790812403, -0.0009451851947233081, 2.6721811082097702e-05], [4.164994243183173e-05, -0.00033089370117522776, -0.0010289855999872088, 0.00015388526662718505, 0.007355897221714258, 0.001290991553105414, -0.0025651471223682165, -0.0027712469454854727, 0.0001054208551067859, 0.0011128163896501064, 0.00035958937951363623, -0.0008453806512989104, -0.002201004885137081], [5.444838461698964e-05, -0.0001572067994857207, -0.00120938615873456, -0.0008820701623335481, 0.001290991553105414, 0.006025364156812429, -0.0018402400892227888, -0.00314352847635746, 0.00033673623693175614, -0.00018435048696119338, 0.001241746125742793, -0.0008711029659025371, 0.0001382068294333294], [9.048213541973382e-05, 8.218088623834774e-05, 0.0007299102144315839, 0.0006289681186899543, -0.0025651471223682165, -0.0018402400892227888, 0.008954976685345173, 0.0014224451733753085, -0.004542152397334576, 1.5834690202609636e-05, -0.00036607481888495386, -0.0029423909727483988, 0.0020375018939375877], [-0.00018278016068506986, 0.0001359337620669976, -0.00016567215789109468, 0.0003048869257327169, -0.0027712469454854727, -0.00314352847635746, 0.0014224451733753085, 0.013000793755054474, 0.00017185563046950847, -0.004320153966546059, 0.002296751830726862, -0.001074064988642931, -0.0036708645056933165], [-0.00023135068477131426, -0.0004247021861374378, -0.00028923540958203375, -0.000711513333953917, 0.0001054208551067859, 0.00033673623693175614, -0.004542152397334576, 0.00017185563046950847, 0.012590069323778152, -0.003604567376896739, -0.005268486682325602, 0.0016472622519358993, -0.0004081804072484374], [6.23997621005401e-05, -0.00013362940808292478, 0.0007526347180828452, 0.0002698547614272684, 0.0011128163896501064, -0.00018435048696119338, 1.5834690202609636e-05, -0.004320153966546059, -0.003604567376896739, 0.014908929355442524, -0.004118720535188913, -0.004632585681974888, 0.003198151011019945], [9.162648348137736e-05, 0.0002317568432772532, -0.0011361482320353389, -0.000855752790812403, 0.00035958937951363623, 0.001241746125742793, -0.00036607481888495386, 0.002296751830726862, -0.005268486682325602, -0.004118720535188913, 0.018931223079562187, -0.0017667533829808235, -0.0059455037117004395], [0.00010034388105850667, -0.0001302875461988151, 0.0008845246629789472, -0.0009451851947233081, -0.0008453806512989104, -0.0008711029659025371, -0.0029423909727483988, -0.001074064988642931, 0.0016472622519358993, -0.004632585681974888, -0.0017667533829808235, 0.018631787970662117, -0.0029311482794582844], [-3.770945841097273e-05, -0.00028104629018343985, -0.0005058934912085533, 2.6721811082097702e-05, -0.002201004885137081, 0.0001382068294333294, 0.0020375018939375877, -0.0036708645056933165, -0.0004081804072484374, 0.003198151011019945, -0.0059455037117004395, -0.0029311482794582844, 0.01499160099774599]], "metadata.audio_properties.analysis.downmix": "mix", "metadata.audio_properties.codec": "mp3", "metadata