{"song_id": "1182271122415292466", "download": "https://cdn.discordapp.com/attachments/1135903449314238464/1182271122415292466/chirp.mp4?ex=658416c9&amp", "lyrics": "Intro:\nGululu, gululu, grab your brush, let's meet,\nIt's time for a dental cleaning treat!\n\nVerse 1:\nBrush on top, now brush below,\nGentle circles, round we go.\nInside, outside, don't forget the space,\nBrush every tooth, keep a happy face.\n\nChorus:\nTra la la, sing with glee,\nBrushing's fun for you and me.\nWave goodbye to tooth decay,\nSmile bright, hip hip hooray!", "style": ["happy song for kids"], "essentia_features": {"lowlevel.average_loudness": 0.9504256248474121, "lowlevel.barkbands_crest.mean": 11.901299476623535, "lowlevel.barkbands_crest.stdev": 5.049219608306885, "lowlevel.barkbands_flatness_db.mean": 0.1984390914440155, "lowlevel.barkbands_flatness_db.stdev": 0.07631177455186844, "lowlevel.barkbands_kurtosis.mean": 7.138573169708252, "lowlevel.barkbands_kurtosis.stdev": 15.64763069152832, "lowlevel.barkbands_skewness.mean": 1.5067003965377808, "lowlevel.barkbands_skewness.stdev": 1.8968780040740967, "lowlevel.barkbands_spread.mean": 16.71515464782715, "lowlevel.barkbands_spread.stdev": 12.441699028015137, "lowlevel.dissonance.mean": 0.44104814529418945, "lowlevel.dissonance.stdev": 0.039893705397844315, "lowlevel.dynamic_complexity": 4.098161697387695, "lowlevel.erbbands_crest.mean": 13.15246868133545, "lowlevel.erbbands_crest.stdev": 6.491591453552246, "lowlevel.erbbands_flatness_db.mean": 0.21971526741981506, "lowlevel.erbbands_flatness_db.stdev": 0.08789248019456863, "lowlevel.erbbands_kurtosis.mean": 2.5570228099823, "lowlevel.erbbands_kurtosis.stdev": 7.2548675537109375, "lowlevel.erbbands_skewness.mean": 0.33656570315361023, "lowlevel.erbbands_skewness.stdev": 1.5164144039154053, "lowlevel.erbbands_spread.mean": 33.9782829284668, "lowlevel.erbbands_spread.stdev": 25.255163192749023, "lowlevel.hfc.mean": 19.56103515625, "lowlevel.hfc.stdev": 17.168920516967773, "lowlevel.loudness_ebu128.integrated": -12.671663284301758, "lowlevel.loudness_ebu128.loudness_range": 4.321532249450684, "lowlevel.loudness_ebu128.momentary.mean": -13.764105796813965, "lowlevel.loudness_ebu128.momentary.stdev": 3.5065879821777344, "lowlevel.loudness_ebu128.short_term.mean": -13.143523216247559, "lowlevel.loudness_ebu128.short_term.stdev": 2.313718318939209, "lowlevel.melbands_crest.mean": 14.914015769958496, "lowlevel.melbands_crest.stdev": 5.534135341644287, "lowlevel.melbands_flatness_db.mean": 0.2458440512418747, "lowlevel.melbands_flatness_db.stdev": 0.07618303596973419, "lowlevel.melbands_kurtosis.mean": 16.61760902404785, "lowlevel.melbands_kurtosis.stdev": 26.640037536621094, "lowlevel.melbands_skewness.mean": 2.532027244567871, "lowlevel.melbands_skewness.stdev": 2.2860565185546875, "lowlevel.melbands_spread.mean": 21.009994506835938, "lowlevel.melbands_spread.stdev": 18.861892700195312, "lowlevel.pitch_salience.mean": 0.49330323934555054, "lowlevel.pitch_salience.stdev": 0.14093947410583496, "lowlevel.silence_rate_20dB.mean": 1.0, "lowlevel.silence_rate_20dB.stdev": 0.0, "lowlevel.silence_rate_30dB.mean": 1.0, "lowlevel.silence_rate_30dB.stdev": 0.0, "lowlevel.silence_rate_60dB.mean": 0.1574746072292328, "lowlevel.silence_rate_60dB.stdev": 0.3642447292804718, "lowlevel.spectral_centroid.mean": 1150.3125, "lowlevel.spectral_centroid.stdev": 675.4119873046875, "lowlevel.spectral_complexity.mean": 12.110304832458496, "lowlevel.spectral_complexity.stdev": 6.9875078201293945, "lowlevel.spectral_decrease.mean": -6.613542602451616e-09, "lowlevel.spectral_decrease.stdev": 4.908629058775205e-09, "lowlevel.spectral_energy.mean": 0.026735298335552216, "lowlevel.spectral_energy.stdev": 0.019658418372273445, "lowlevel.spectral_energyband_high.mean": 0.0006964696804061532, "lowlevel.spectral_energyband_high.stdev": 0.0012978718150407076, "lowlevel.spectral_energyband_low.mean": 0.00637495843693614, "lowlevel.spectral_energyband_low.stdev": 0.008826474659144878, "lowlevel.spectral_energyband_middle_high.mean": 0.00652827974408865, "lowlevel.spectral_energyband_middle_high.stdev": 0.01069594919681549, "lowlevel.spectral_energyband_middle_low.mean": 0.014476950280368328, "lowlevel.spectral_energyband_middle_low.stdev": 0.013409272767603397, "lowlevel.spectral_entropy.mean": 7.033690929412842, "lowlevel.spectral_entropy.stdev": 0.6531129479408264, "lowlevel.spectral_flux.mean": 0.06638213992118835, "lowlevel.spectral_flux.stdev": 0.04891752451658249, "lowlevel.spectral_kurtosis.mean": 8.087006568908691, "lowlevel.spectral_kurtosis.stdev": 8.126935005187988, "lowlevel.spectral_rms.mean": 0.004585717339068651, "lowlevel.spectral_rms.stdev": 0.00224820664152503, "lowlevel.spectral_rolloff.mean": 1440.9581298828125, "lowlevel.spectral_rolloff.stdev": 1490.162109375, "lowlevel.spectral_skewness.mean": 1.9380626678466797, "lowlevel.spectral_skewness.stdev": 0.7889516949653625, "lowlevel.spectral_spread.mean": 4378473.5, "lowlevel.spectral_spread.stdev": 2143134.5, "lowlevel.spectral_strongpeak.mean": 1.7701761722564697, "lowlevel.spectral_strongpeak.stdev": 1.8747035264968872, "lowlevel.zerocrossingrate.mean": 0.060344547033309937, "lowlevel.zerocrossingrate.stdev": 0.03921535983681679, "metadata.audio_properties.analysis.equal_loudness": 0.0, "metadata.audio_properties.analysis.length": 31.957324981689453, "metadata.audio_properties.analysis.sample_rate": 44100.0, "metadata.audio_properties.analysis.start_time": 0.0, "metadata.audio_properties.bit_rate": 115637.0, "metadata.audio_properties.length": 31.957332611083984, "metadata.audio_properties.lossless": 0.0, "metadata.audio_properties.number_channels": 1.0, "metadata.audio_properties.replay_gain": -14.304508209228516, "metadata.audio_properties.sample_rate": 48000.0, "rhythm.beats_count": 62.0, "rhythm.beats_loudness.mean": 0.03632703050971031, "rhythm.beats_loudness.stdev": 0.015482367016375065, "rhythm.bpm": 117.37353515625, "rhythm.bpm_histogram_first_peak_bpm": 117.0, "rhythm.bpm_histogram_first_peak_weight": 0.16949152946472168, "rhythm.bpm_histogram_second_peak_bpm": 112.0, "rhythm.bpm_histogram_second_peak_spread": 0.0, "rhythm.bpm_histogram_second_peak_weight": 0.016393441706895828, "rhythm.danceability": 1.1910444498062134, "rhythm.onset_rate": 4.003268241882324, "tonal.chords_changes_rate": 0.052173912525177, "tonal.chords_number_rate": 0.01014492753893137, "tonal.chords_strength.mean": 0.5223334431648254, "tonal.chords_strength.stdev": 0.07612400501966476, "tonal.hpcp_crest.mean": 18.88995361328125, "tonal.hpcp_crest.stdev": 7.97230339050293, "tonal.hpcp_entropy.mean": 1.3628036975860596, "tonal.hpcp_entropy.stdev": 0.6424152255058289, "tonal.key_edma.strength": 0.8474096059799194, "tonal.key_krumhansl.strength": 0.8501868844032288, "tonal.key_temperley.strength": 0.852687418460846, "tonal.tuning_diatonic_strength": 0.6555137634277344, "tonal.tuning_equal_tempered_deviation": 0.01913250982761383, "tonal.tuning_frequency": 439.2381896972656, "tonal.tuning_nontempered_energy_ratio": 0.6369612216949463, "lowlevel.barkbands.mean": [4.5531785872299224e-05, 0.0019399828743189573, 0.003353253472596407, 0.0020543374121189117, 0.0025360076688230038, 0.004179777577519417, 0.0023357137106359005, 0.0018063936149701476, 0.0009543516207486391, 0.002726115984842181, 0.001005607657134533, 0.0003667361743282527, 0.0008082808344624937, 0.00034035477438010275, 0.0003517158911563456, 0.0005261809565126896, 0.0003038087161257863, 0.0001752289681462571, 0.00014885944256093353, 0.0002447454025968909, 0.00012648764823097736, 8.487672312185168e-05, 0.00011713326966855675, 8.736908057471737e-05, 8.619986328994855e-05, 2.984512502735015e-05, 4.2119017962249927e-07], "lowlevel.barkbands.stdev": [6.494100671261549e-05, 0.003811463015154004, 0.005025179591029882, 0.002850061748176813, 0.004264989402145147, 0.008173183538019657, 0.005591950379312038, 0.004736863076686859, 0.003228363348171115, 0.008463511243462563, 0.0028619798831641674, 0.0013706851750612259, 0.0032096062786877155, 0.001804423169232905, 0.0007833398994989693, 0.0011275559663772583, 0.0006466766353696585, 0.0004024042282253504, 0.0002711945562623441, 0.0005349305574782193, 0.0003834757662843913, 0.0003689242003019899, 0.0003858682175632566, 0.0002544051385484636, 0.0001573863555677235, 7.604859274579212e-05, 1.6928767081481055e-06], "lowlevel.erbbands.mean": [0.019309580326080322, 0.5823863744735718, 3.2061660289764404, 6.102537631988525, 6.826283931732178, 7.813656330108643, 18.308555603027344, 40.223594665527344, 37.824771881103516, 43.562110900878906, 23.580400466918945, 27.372421264648438, 45.8504524230957, 89.23236846923828, 38.244178771972656, 19.86763572692871, 35.839298248291016, 23.683917999267578, 14.725839614868164, 25.357589721679688, 26.18529510498047, 14.06435489654541, 11.572554588317871, 9.030895233154297, 7.058751583099365, 11.294526100158691, 9.014580726623535, 3.077862501144409, 2.87703275680542, 3.5036461353302, 3.219512462615967, 1.9691202640533447, 1.4658594131469727, 1.2040566205978394, 0.45493683218955994, 0.15268002450466156, 0.05278904736042023, 0.0062914504669606686, 0.00013636110816150904, 3.73260336345993e-05], "lowlevel.erbbands.stdev": [0.04875569045543671, 1.0678719282150269, 4.775119781494141, 8.582015037536621, 8.441486358642578, 16.85111427307129, 38.54179382324219, 85.37128448486328, 81.84144592285156, 105.70414733886719, 60.77836990356445, 89.05988311767578, 141.18386840820312, 288.1125793457031, 109.5187759399414, 66.33639526367188, 140.30393981933594, 94.88872528076172, 36.95664596557617, 52.198970794677734, 50.184906005859375, 26.48843002319336, 25.6363582611084, 17.61069679260254, 12.037298202514648, 24.474885940551758, 23.819700241088867, 10.635960578918457, 11.715804100036621, 14.490865707397461, 10.452810287475586, 6.910683631896973, 3.522085428237915, 2.2750260829925537, 0.8920143842697144, 0.3693554103374481, 0.1372493952512741, 0.018097730353474617, 0.0003361684794072062, 2.9715965865761973e-05], "lowlevel.gfcc.mean": [-58.58610916137695, 98.06480407714844, -132.0235595703125, 11.76417350769043, -67.31855773925781, -0.030368316918611526, -53.45478439331055, 6.34809684753418, -27.598751068115234, -3.755699872970581, -12.478943824768066, -6.297576427459717, -0.4730936884880066], "lowlevel.melbands.mean": [0.0003513673145789653, 0.0014182418817654252, 0.0010987290879711509, 0.00046275428030639887, 0.0006263180985115469, 0.0008711265400052071, 0.0005656735156662762, 0.0004812142578884959, 0.0001578652299940586, 0.00017334920994471759, 0.00023388965928461403, 0.00037893225089646876, 0.00012224189413245767, 6.120959733380005e-05, 5.183743633097038e-05, 8.483078272547573e-05, 3.966040094383061e-05, 2.2777876438340172e-05, 2.4518260033801198e-05, 4.4616113882511854e-05, 2.6914456611848436e-05, 1.3563685570261441e-05, 1.612515734450426e-05, 7.004152848821832e-06, 7.413608727802057e-06, 4.901521151623456e-06, 5.1468564379320014e-06, 8.387439265788998e-06, 6.995317107794108e-06, 2.9879636258556275e-06, 1.383588823955506e-06, 1.5688500525357085e-06, 1.7386721538059646e-06, 2.0564289116009604e-06, 1.9018017383132246e-06, 1.539739628242387e-06, 1.1005424767063232e-06, 1.0198037898589973e-06, 1.0689491318771616e-06, 1.0087546797876712e-06], "lowlevel.melbands.stdev": [0.000727539008948952, 0.002033926546573639, 0.0013779792934656143, 0.000644511659629643, 0.0012266916455700994, 0.00178463663905859, 0.0012430626666173339, 0.0011924682185053825, 0.0004242895229253918, 0.0005828200373798609, 0.000741125491913408, 0.0012785394210368395, 0.00034720072289928794, 0.0001834181312005967, 0.00020641829178202897, 0.0003600125783123076, 0.0001973557664314285, 7.217766687972471e-05, 5.9482768847374246e-05, 9.776098158909008e-05, 5.545964449993335e-05, 2.7472378860693425e-05, 4.04474776587449e-05, 1.440411142539233e-05, 1.580035859660711e-05, 9.58307100518141e-06, 8.904712558432948e-06, 2.118134216289036e-05, 1.7624539395910688e-05, 1.1585006177483592e-05, 6.0053803281334694e-06, 6.81063647789415e-06, 7.593935606564628e-06, 8.389049071411137e-06, 6.251570084714331e-06, 5.434829745354364e-06, 3.966240001318511e-06, 2.8390959414537065e-06, 2.0023178421979537e-06, 1.97493250198022e-06], "lowlevel.melbands128.mean": [1.667890501266811e-05, 5.6226148444693536e-05, 0.0003511375398375094, 0.0011612286325544119, 0.0015066300984472036, 0.0017352348659187555, 0.0012635946040973067, 0.001005269936285913, 0.00071909703547135, 0.00025378147256560624, 0.00039994309190660715, 0.0006781264673918486, 0.0005635144771076739, 0.0007028335239738226, 0.0010515997419133782, 0.0009051290689967573, 0.0006300041568465531, 0.0005352970911189914, 0.00044608567259274423, 0.000493654515594244, 0.0005662569892592728, 0.00020202079031150788, 0.00011401328083593398, 7.169653690652922e-05, 0.00019206778961233795, 0.00021701562218368053, 0.00011933998030144721, 0.00025518302572891116, 0.00020637697889469564, 0.0006335448706522584, 0.00034740695264190435, 0.00010240793926641345, 9.59127937676385e-05, 0.00018235913012176752, 3.207569898222573e-05, 4.8356258048443124e-05, 5.657525980495848e-05, 2.3323802452068776e-05, 8.080309635261074e-05, 8.389846334466711e-05, 0.00011336265743011609, 3.278019721619785e-05, 3.1633411708753556e-05, 5.612388122244738e-05, 1.9044156942982227e-05, 1.7557491446495987e-05, 2.426620812912006e-05, 1.8085633200826123e-05, 2.3701983081991784e-05, 4.2671887058531865e-05, 4.699070268543437e-05, 5.51109915249981e-05, 2.277715793752577e-05, 1.9741915821214207e-05, 2.1811631086166017e-05, 6.500755262095481e-06, 1.0311071491742041e-05, 2.646096436365042e-05, 1.3253521501610521e-05, 9.061869604920503e-06, 4.615701072907541e-06, 6.172784196678549e-06, 1.1756176718336064e-05, 6.423334525607061e-06, 3.1172462513495702e-06, 5.384446012612898e-06, 5.798972779302858e-06, 3.798311354330508e-06, 5.0056405598297715e-06, 7.175486189225921e-06, 5.524659627553774e-06, 1.2991668882023077e-05, 8.780834832577966e-06, 5.6919757298601326e-06, 4.294489372114185e-06, 4.078309757460374e-06, 1.854685024227365e-06, 1.2611865258804755e-06, 1.3109938663546927e-06, 1.4161961416903068e-06, 1.6193284864129964e-06, 1.6420540305261966e-06, 1.498027927482326e-06, 1.8261223431181861e-06, 1.7983705902224756e-06, 2.0224331365170656e-06, 2.2032349988876376e-06, 2.008486262639053e-06, 1.8061306263916777e-06, 1.8938106904897722e-06, 1.860406428022543e-06, 1.3725125427299645e-06, 1.170963059848873e-06, 9.313908435615303e-07, 1.22820222259179e-06, 1.1489579492263147e-06, 9.089256423067127e-07, 8.94635036274849e-07, 1.090230966838135e-06, 1.1804874020526768e-06, 1.07580319763656e-06, 1.1023216757166665e-06, 7.505130383833603e-07, 5.524626658370835e-07, 4.393980930217367e-07, 4.711003782631451e-07, 3.5851854818247375e-07, 3.3306548630207544e-07, 2.4011848154259496e-07, 1.8199325779733044e-07, 1.7005903885092266e-07, 1.909474036665415e-07, 1.8907037713233876e-07, 1.4292062644472026e-07, 1.2746731670176814e-07, 6.583550771210867e-08, 1.7426422971311695e-08, 7.7136554088586e-11, 3.644608052855158e-12, 3.4207729964624844e-12, 3.326746430415417e-12, 3.246040155419072e-12, 3.1774058210920497e-12, 3.116528519628292e-12, 3.0513217820493654e-12, 2.9810867316348855e-12, 2.9369436570225727e-12, 2.9175641937106978e-12], "lowlevel.melbands128.stdev": [3.370672493474558e-05, 0.00024959511938504875, 0.0009076348505914211, 0.0022451558616012335, 0.002532179933041334, 0.0026486001443117857, 0.0020450418815016747, 0.0014100080588832498, 0.0009652367443777621, 0.0003812078502960503, 0.0010686790337786078, 0.0017235452542081475, 0.0016237631207332015, 0.001953447936102748, 0.0027641707565635443, 0.002442313823848963, 0.0018792407354339957, 0.0017373202135786414, 0.0015843675937503576, 0.0014808271080255508, 0.0017328847898170352, 0.0007670045597478747, 0.00044807937229052186, 0.00044301847810857, 0.0007685499149374664, 0.0008649982628412545, 0.0005446809809654951, 0.001249900320544839, 0.0009384945151396096, 0.0025275482330471277, 0.001324219279922545, 0.0004377236182335764, 0.00039386190474033356, 0.0007299290737137198, 0.00015105455531738698, 0.00023021578090265393, 0.00030893442453816533, 0.00011752270074794069, 0.0005223438492976129, 0.0003777784004341811, 0.0006504449993371964, 0.0002412217581877485, 0.00016604404663667083, 0.00043307236046530306, 0.00012188484106445685, 5.290035187499598e-05, 9.771865006769076e-05, 8.157140109688044e-05, 7.4760515417438e-05, 0.00013487893738783896, 0.0001335072156507522, 0.00015447166515514255, 9.10262533579953e-05, 7.742967136437073e-05, 6.479076546384022e-05, 1.7100092009059153e-05, 3.704824121086858e-05, 8.602638990851119e-05, 5.475754733197391e-05, 2.98147824651096e-05, 1.3114221474097576e-05, 1.8625711163622327e-05, 3.0186000003595836e-05, 1.773486474121455e-05, 7.723082489974331e-06, 1.3309160749486182e-05, 1.5387879102490842e-05, 9.42032511375146e-06, 1.1441457900218666e-05, 1.5589323083986528e-05, 1.6660660548950545e-05, 5.523509025806561e-05, 2.3578511900268495e-05, 2.1409396140370518e-05, 2.0513687559287064e-05, 2.106863757944666e-05, 6.494062745332485e-06, 6.1455343711713795e-06, 5.587898613157449e-06, 8.194528163585346e-06, 7.0713758759666234e-06, 7.921538781374693e-06, 6.193984063429525e-06, 7.951620318635833e-06, 1.0067255061585456e-05, 1.0519799616304226e-05, 8.76377453096211e-06, 7.752310921205208e-06, 5.87637896387605e-06, 6.767529612261569e-06, 7.138035016396316e-06, 4.769387942360481e-06, 5.6965182011481375e-06, 3.773836624532123e-06, 4.178973085799953e-06, 3.6823985283263028e-06, 2.726013235587743e-06, 2.1328885395632824e-06, 2.1686173568014055e-06, 2.276356781294453e-06, 2.442408685965347e-06, 2.2523547613673145e-06, 1.513949541731563e-06, 1.2321775102464017e-06, 1.0573007784842048e-06, 1.1515265896377969e-06, 8.609183055341418e-07, 8.496936629853735e-07, 6.554728315677494e-07, 5.51150719729776e-07, 5.611954065898317e-07, 5.087253498459177e-07, 5.094327661936404e-07, 4.261395076810004e-07, 4.0621222296977066e-07, 2.2104570973624504e-07, 6.549003472855475e-08, 6.608995017920449e-10, 6.673828156777972e-12, 5.553550241205185e-12, 5.40874896953758e-12, 5.2824645699334205e-12, 5.174590790579803e-12, 5.082963997621315e-12, 5.005295657112274e-12, 4.944515717003606e-12, 4.9001193727638e-12, 4.872837376657113e-12], "lowlevel.mfcc.mean": [-701.3505859375, 130.57801818847656, -9.390098571777344, 7.306460857391357, 3.6880271434783936, -15.112650871276855, -7.278806686401367, -10.33055305480957, -3.5113041400909424, -5.852282524108887, -13.866552352905273, -3.297234296798706, 2.0566561222076416], "lowlevel.spectral_contrast_coeffs.mean": [-0.6376765966415405, -0.6771122217178345, -0.7217587232589722, -0.7497965097427368, -0.7717589735984802, -0.7775609493255615], "lowlevel.spectral_contrast_coeffs.stdev": [0.0928017869591713, 0.10127341747283936, 0.09844781458377838, 0.07125857472419739, 0.06047516688704491, 0.0500958077609539], "lowlevel.spectral_contrast_valleys.mean": [-7.810277462005615, -7.316132068634033, -8.01524543762207, -8.266386032104492, -8.342019081115723, -11.143914222717285], "lowlevel.spectral_contrast_valleys.stdev": [1.7531280517578125, 0.9727969765663147, 0.8661585450172424, 0.8589013814926147, 1.1575859785079956, 1.5882024765014648], "rhythm.beats_loudness_band_ratio.mean": [0.17854532599449158, 0.3072459101676941, 0.2697279751300812, 0.17671537399291992, 0.10840681940317154, 0.033212810754776], "rhythm.beats_loudness_band_ratio.stdev": [0.17153623700141907, 0.2503751218318939, 0.18968836963176727, 0.19031043350696564, 0.13583001494407654, 0.028966806828975677], "tonal.hpcp.mean": [0.13498042523860931, 0.09087573736906052, 0.0587749257683754, 0.10646189749240875, 0.0727531686425209, 0.048048797994852066, 0.09839367121458054, 0.07529889792203903, 0.16444556415081024, 0.3714001774787903, 0.24335579574108124, 0.03132893145084381, 0.018065251410007477, 0.019234078004956245, 0.07247294485569, 0.1556834876537323, 0.11088979989290237, 0.027075426653027534, 0.016819369047880173, 0.023056909441947937, 0.061560045927762985, 0.10422997921705246, 0.07957179099321365, 0.19413918256759644, 0.3351730406284332, 0.1799897402524948, 0.031569331884384155, 0.022431818768382072, 0.023059360682964325, 0.13627111911773682, 0.24261273443698883, 0.1333695650100708, 0.02355179935693741, 0.015233710408210754, 0.019614065065979958, 0.07353315502405167], "tonal.hpcp.stdev": [0.2668862044811249, 0.2039276510477066, 0.1386508345603943, 0.25541171431541443, 0.1901157647371292, 0.13084912300109863, 0.24251984059810638, 0.17874236404895782, 0.22065724432468414, 0.40802499651908875, 0.3040660321712494, 0.09455537796020508, 0.08293898403644562, 0.09809309244155884, 0.1617502123117447, 0.2842676043510437, 0.22053661942481995, 0.10490167140960693, 0.0775909349322319, 0.10252449661493301, 0.17257089912891388, 0.23892740905284882, 0.1791429966688156, 0.2547471821308136, 0.410367876291275, 0.24854031205177307, 0.11516653001308441, 0.09614725410938263, 0.08898882567882538, 0.2231893688440323, 0.3427866995334625, 0.205053448677063, 0.09092595428228378, 0.06849097460508347, 0.0845344066619873, 0.18295468389987946], "rhythm.beats_position": [0.5108389854431152, 1.0216779708862305, 1.5325169563293457, 2.043355941772461, 2.554194927215576, 3.0650339126586914, 3.5758728981018066, 4.086711883544922, 4.597550868988037, 5.108389854431152, 5.619228839874268, 6.1416778564453125, 6.652516841888428, 7.151745796203613, 7.650974750518799, 8.173423767089844, 8.684263229370117, 9.195101737976074, 9.717551231384277, 10.216779708862305, 10.727619171142578, 11.238457679748535, 11.749297142028809, 12.260135650634766, 12.770975112915039, 13.281813621520996, 13.79265308380127, 14.303491592407227, 14.8143310546875, 15.325169563293457, 15.83600902557373, 16.346847534179688, 16.85768699645996, 17.368526458740234, 17.879364013671875, 18.39020347595215, 18.901042938232422, 19.423492431640625, 19.934329986572266, 20.45677947998047, 20.967618942260742, 21.478458404541016, 21.989295959472656, 22.50013542175293, 23.010974884033203, 23.521814346313477, 24.032651901245117, 24.54349136352539, 25.042720794677734, 25.553560256958008, 26.06439781188965, 26.575237274169922, 27.097686767578125, 27.6085262298584, 28.11936378479004, 28.606983184814453, 29.117822647094727, 29.65188217163086, 30.1627197265625, 30.673559188842773, 31.184398651123047, 31.69523811340332], "rhythm.bpm_histogram": [0.0, 0.0, 0.0, 0.0, 0.0, 0.0, 0.0, 0.0, 0.0, 0.0, 0.0, 0.0, 0.0, 0.0, 0.0, 0.0, 0.0, 0.0, 0.0, 0.0, 0.0, 0.0, 0.0, 0.0, 0.0, 0.0, 0.0, 0.0, 0.0, 0.0, 0.0, 0.0, 0.0, 0.0, 0.0, 0.0, 0.0, 0.0, 0.0, 0.0, 0.0, 0.0, 0.0, 0.0, 0.0, 0.0, 0.0, 0.0, 0.0, 0.0, 0.0, 0.0, 0.0, 0.0, 0.0, 0.0, 0.0, 0.0, 0.0, 0.0, 0.0, 0.0, 0.0, 0.0, 0.0, 0.0, 0.0, 0.0, 0.0, 0.0, 0.0, 0.0, 0.0, 0.0, 0.0, 0.0, 0.0, 0.0, 0.0, 0.0, 0.0, 0.0, 0.0, 0.0, 0.0, 0.0, 0.0, 0.0, 0.0, 0.0, 0.0, 0.0, 0.0, 0.0, 0.0, 0.0, 0.0, 0.0, 0.0, 0.0, 0.0, 0.0, 0.0, 0.0, 0.0, 0.0, 0.0, 0.0, 0.0, 0.0, 0.0, 0.0, 0.016393441706895828, 0.0, 0.0, 0.09836065769195557, 0.0, 0.8032786846160889, 0.0, 0.0, 0.06557376682758331, 0.0, 0.0, 0.016393441706895828, 0.0, 0.0, 0.0, 0.0, 0.0, 0.0, 0.0, 0.0, 0.0, 0.0, 0.0, 0.0, 0.0, 0.0, 0.0, 0.0, 0.0, 0.0, 0.0, 0.0, 0.0, 0.0, 0.0, 0.0, 0.0, 0.0, 0.0, 0.0, 0.0, 0.0, 0.0, 0.0, 0.0, 0.0, 0.0, 0.0, 0.0, 0.0, 0.0, 0.0, 0.0, 0.0, 0.0, 0.0, 0.0, 0.0, 0.0, 0.0, 0.0, 0.0, 0.0, 0.0, 0.0, 0.0, 0.0, 0.0, 0.0, 0.0, 0.0, 0.0, 0.0, 0.0, 0.0, 0.0, 0.0, 0.0, 0.0, 0.0, 0.0, 0.0, 0.0, 0.0, 0.0, 0.0, 0.0, 0.0, 0.0, 0.0, 0.0, 0.0, 0.0, 0.0, 0.0, 0.0, 0.0, 0.0, 0.0, 0.0, 0.0, 0.0, 0.0, 0.0, 0.0, 0.0, 0.0, 0.0, 0.0, 0.0, 0.0, 0.0, 0.0, 0.0, 0.0, 0.0, 0.0, 0.0, 0.0, 0.0, 0.0, 0.0, 0.0, 0.0, 0.0, 0.0, 0.0, 0.0, 0.0, 0.0, 0.0, 0.0, 0.0, 0.0, 0.0, 0.0, 0.0, 0.0], "tonal.chords_histogram": [46.5217399597168, 2.6086957454681396, 15.797101020812988, 2.6086957454681396, 18.550724029541016, 0.5797101259231567, 0.0, 0.0, 0.0, 0.0, 0.0, 0.0, 0.0, 0.0, 0.0, 0.0, 0.0, 4.637681007385254, 0.0, 0.0, 0.0, 0.0, 8.260869979858398, 0.43478259444236755], "tonal.thpcp": [1.0, 0.6552387475967407, 0.08435357362031937, 0.04864093288779259, 0.05178801342844963, 0.19513438642024994, 0.41917988657951355, 0.29857227206230164, 0.07290095090866089, 0.045286379754543304, 0.06208103895187378, 0.16575126349925995, 0.2806406319141388, 0.21424812078475952, 0.5227223634719849, 0.9024579524993896, 0.48462480306625366, 0.08500085026025772, 0.06039797514677048, 0.062087640166282654, 0.3669118285179138, 0.65323805809021, 0.3590993583202362, 0.06341353803873062, 0.041016969829797745, 0.05281113460659981, 0.19798901677131653, 0.36343660950660706, 0.2446841448545456, 0.1582522839307785, 0.2866500914096832, 0.19588889181613922, 0.12937204539775848, 0.2649262845516205, 0.2027433067560196, 0.44277191162109375], "lowlevel.gfcc.cov": [[13928.9443359375, -1196.700927734375, 2973.763427734375, 1453.9876708984375, -116.45568084716797, 1291.375244140625, 873.796142578125, 1161.7076416015625, -910.7978515625, 568.840576171875, -419.57098388671875, 167.59437561035156, -1029.4188232421875], [-1196.700927734375, 2045.6746826171875, -229.67384338378906, -228.5318603515625, 676.9947509765625, -216.0254669189453, 36.3393669128418, -74.0945816040039, 269.15582275390625, -353.91717529296875, 138.75318908691406, -284.2584533691406, 248.62640380859375], [2973.763427734375, -229.67384338378906, 2229.91455078125, 849.2911987304688, 243.6182098388672, 825.1488647460938, 193.25042724609375, 435.5182800292969, -323.9390563964844, 55.92812728881836, -368.7912902832031, 74.4728012084961, -530.4011840820312], [1453.9876708984375, -228.5318603515625, 849.2911987304688, 754.914306640625, 128.5006866455078, 303.84893798828125, 133.08303833007812, 193.12924194335938, -111.19738006591797, -31.073762893676758, -190.294677734375, 23.43319320678711, -213.71080017089844], [-116.45568084716797, 676.9947509765625, 243.6182098388672, 128.5006866455078, 655.1083984375, 117.83705139160156, 38.337337493896484, 120.1995620727539, 73.20140075683594, -132.8068084716797, -106.3246078491211, -77.3431396484375, -15.991194725036621], [1291.375244140625, -216.0254669189453, 825.1488647460938, 303.84893798828125, 117.83705139160156, 674.8098754882812, 179.61778259277344, 164.6182098388672, -130.87234497070312, 48.553558349609375, -170.12161254882812, 2.9775145053863525, -254.9088897705078], [873.796142578125, 36.3393669128418, 193.25042724609375, 133.08303833007812, 38.337337493896484, 179.61778259277344, 387.61273193359375, 87.19231414794922, -113.58878326416016, 63.8695182800293, 24.405439376831055, -25.492862701416016, -79.05846405029297], [1161.7076416015625, -74.0945816040039, 435.5182800292969, 193.12924194335938, 120.1995620727539, 164.6182098388672, 87.19231414794922, 362.821533203125, -70.81558990478516, 9.604971885681152, -106.96725463867188, 28.000173568725586, -100.46759033203125], [-910.7978515625, 269.15582275390625, -323.9390563964844, -111.19738006591797, 73.20140075683594, -130.87234497070312, -113.58878326416016, -70.81558990478516, 264.7769470214844, -73.38098907470703, 32.49390411376953, -17.5516300201416, 123.52608489990234], [568.840576171875, -353.91717529296875, 55.92812728881836, -31.073762893676758, -132.8068084716797, 48.553558349609375, 63.8695182800293, 9.604971885681152, -73.38098907470703, 297.5368347167969, 36.539344787597656, 48.98771667480469, -73.06730651855469], [-419.57098388671875, 138.75318908691406, -368.7912902832031, -190.294677734375, -106.3246078491211, -170.12161254882812, 24.405439376831055, -106.96725463867188, 32.49390411376953, 36.539344787597656, 220.7054443359375, -4.667576313018799, 98.42565155029297], [167.59437561035156, -284.2584533691406, 74.4728012084961, 23.43319320678711, -77.3431396484375, 2.9775145053863525, -25.492862701416016, 28.000173568725586, -17.5516300201416, 48.98771667480469, -4.667576313018799, 162.17796325683594, -18.667625427246094], [-1029.4188232421875, 248.62640380859375, -530.4011840820312, -213.71080017089844, -15.991194725036621, -254.9088897705078, -79.05846405029297, -100.46759033203125, 123.52608489990234, -73.06730651855469, 98.42565155029297, -18.667625427246094, 289.5848388671875]], "lowlevel.gfcc.icov": [[0.00015865125169511884, -0.00010760468285297975, 1.366070682706777e-05, -0.00016159973165486008, 0.0001752763637341559, -5.986883115838282e-05, -7.160253881011158e-05, -0.0003474680706858635, 0.00023585662711411715, -0.00021841649140696973, 3.897017813869752e-05, -8.58918865560554e-05, 0.00020450343436095864], [-0.00010760468285297975, 0.0022508841939270496, -0.001099255052395165, 0.001069681253284216, -0.0019558812491595745, 0.0009068295476026833, -0.0007498946506530046, 0.0006094316486269236, -0.001411632401868701, 0.001557125593535602, -0.0019376110285520554, 0.002436558250337839, -0.001031389576382935], [1.366070682706777e-05, -0.001099255052395165, 0.0021808294113725424, -0.001381684560328722, 0.0006881406879983842, -0.0014083704445511103, 0.0008714710711501539, -0.0007894929149188101, 0.0014109162148088217, -0.0006935633136890829, 0.0011608785716816783, -0.0015519041335210204, 0.0014578956179320812], [-0.00016159973165486008, 0.001069681253284216, -0.001381684560328722, 0.003222149796783924, -0.0009041793528012931, 0.0008467247826047242, -0.0011206818744540215, 0.0005118713597767055, -0.001121305045671761, 0.0013468745164573193, 0.000153058092109859, 0.0009467796771787107, -0.0002514139923732728], [0.0001752763637341559, -0.0019558812491595745, 0.0006881406879983842, -0.0009041793528012931, 0.0038895620964467525, -0.0008262823685072362, 0.00020524377760011703, -0.001185042317956686, 0.00037854016409255564, -0.0007984541007317603, 0.0022588029969483614, -0.0012465178733691573, 0.0008167554624378681], [-5.986883115838282e-05, 0.0009068295476026833, -0.0014083704445511103, 0.0008467247826047242, -0.0008262823685072362, 0.00372506701387465, -0.0015282792737707496, 0.0005459560197778046, -0.0010266160825267434, 0.0005119162960909307, 0.0004450346459634602, 0.001189377042464912, 0.0005519838305190206], [-7.160253881011158e-05, -0.0007498946506530046, 0.0008714710711501539, -0.0011206818744540215, 0.00020524377760011703, -0.0015282792737707496, 0.004423771984875202, -0.0007615236681886017, 0.0017895918572321534, -0.0009583436767570674, -0.0013091838918626308, -5.68774230487179e-05, 0.0002041233383351937], [-0.0003474680706858635, 0.0006094316486269236, -0.0007894929149188101, 0.0005118713597767055, -0.001185042317956686, 0.0005459560197778046, -0.0007615236681886017, 0.004871686454862356, -0.0005555450334213674, 0.0005802001105621457, 0.0007117261993698776, -0.00012666144175454974, -0.000795982894487679], [0.00023585662711411715, -0.001411632401868701, 0.0014109162148088217, -0.001121305045671761, 0.00037854016409255564, -0.0010266160825267434, 0.0017895918572321534, -0.0005555450334213674, 0.0070383260026574135, -0.0007284668972715735, 0.0008631742675788701, -0.0016628475859761238, -0.00036650773836299777], [-0.00021841649140696973, 0.001557125593535602, -0.0006935633136890829, 0.0013468745164573193, -0.0007984541007317603, 0.0005119162960909307, -0.0009583436767570674, 0.0005802001105621457, -0.0007284668972715735, 0.005721229128539562, -0.002015960169956088, 0.0006230369326658547, 0.0004361845785751939], [3.897017813869752e-05, -0.0019376110285520554, 0.0011608785716816783, 0.000153058092109859, 0.0022588029969483614, 0.0004450346459634602, -0.0013091838918626308, 0.0007117261993698776, 0.0008631742675788701, -0.002015960169956088, 0.009956562891602516, -0.0022576272021979094, 4.080298458575271e-05], [-8.58918865560554e-05, 0.002436558250337839, -0.0015519041335210204, 0.0009467796771787107, -0.0012465178733691573, 0.001189377042464912, -5.68774230487179e-05, -0.00012666144175454974, -0.0016628475859761238, 0.0006230369326658547, -0.0022576272021979094, 0.009909491054713726, -0.0013497078325599432], [0.00020450343436095864, -0.001031389576382935, 0.0014578956179320812, -0.0002514139923732728, 0.0008167554624378681, 0.0005519838305190206, 0.0002041233383351937, -0.000795982894487679, -0.00036650773836299777, 0.0004361845785751939, 4.080298458575271e-05, -0.0013497078325599432, 0.008026511408388615]], "lowlevel.mfcc.cov": [[11713.263671875, -1255.47216796875, 2264.350830078125, 977.2323608398438, 122.71735382080078, 401.028564453125, 1349.6513671875, 692.8125610351562, 217.77008056640625, 542.938232421875, 572.2911376953125, 41.24359893798828, 129.78126525878906], [-1255.47216796875, 2036.0439453125, -504.78546142578125, -59.865440368652344, 460.1502380371094, -137.36068725585938, -0.816076934337616, -1.98520827293396, 175.8379364013672, -34.04508972167969, -28.70939064025879, -58.67677688598633, 59.800254821777344], [2264.350830078125, -504.78546142578125, 1703.0928955078125, 328.3541564941406, 311.616455078125, 431.1631774902344, 441.2727355957031, 456.3699951171875, 75.73184204101562, 169.25692749023438, 243.24948120117188, -92.59990692138672, -50.82438659667969], [977.2323608398438, -59.865440368652344, 328.3541564941406, 558.2840576171875, 156.44505310058594, 47.89414978027344, 195.04833984375, 175.13958740234375, 89.94462585449219, 48.316436767578125, 24.14514923095703, 18.81416130065918, 15.55752182006836], [122.71735382080078, 460.1502380371094, 311.616455078125, 156.44505310058594, 606.8181762695312, 96.5660629272461, 63.14381790161133, 227.21275329589844, 207.9705352783203, 6.896071434020996, 49.683109283447266, -85.59281921386719, 36.408809661865234], [401.028564453125, -137.36068725585938, 431.1631774902344, 47.89414978027344, 96.5660629272461, 474.06591796875, 167.25674438476562, 129.2179718017578, 26.335168838500977, 75.71026611328125, 125.0428237915039, -51.48444366455078, 6.195708751678467], [1349.6513671875, -0.816076934337616, 441.2727355957031, 195.04833984375, 63.14381790161133, 167.25674438476562, 536.8087158203125, 173.3349609375, 60.13882827758789, 143.23880004882812, 124.5822525024414, -9.614377975463867, 6.950990200042725], [692.8125610351562, -1.98520827293396, 456.3699951171875, 175.13958740234375, 227.21275329589844, 129.2179718017578, 173.3349609375, 372.4167175292969, 131.82713317871094, 45.4590950012207, 70.72410583496094, -61.13913345336914, 28.301963806152344], [217.77008056640625, 175.8379364013672, 75.73184204101562, 89.94462585449219, 207.9705352783203, 26.335168838500977, 60.13882827758789, 131.82713317871094, 240.42347717285156, 34.07947540283203, 35.474212646484375, -42.188026428222656, 61.71772384643555], [542.938232421875, -34.04508972167969, 169.25692749023438, 48.316436767578125, 6.896071434020996, 75.71026611328125, 143.23880004882812, 45.4590950012207, 34.07947540283203, 173.5788116455078, 41.557071685791016, -5.545506954193115, -22.58782386779785], [572.2911376953125, -28.70939064025879, 243.24948120117188, 24.14514923095703, 49.683109283447266, 125.0428237915039, 124.5822525024414, 70.72410583496094, 35.474212646484375, 41.557071685791016, 207.01992797851562, 8.290035247802734, 33.80133056640625], [41.24359893798828, -58.67677688598633, -92.59990692138672, 18.81416130065918, -85.59281921386719, -51.48444366455078, -9.614377975463867, -61.13913345336914, -42.188026428222656, -5.545506954193115, 8.290035247802734, 152.1942901611328, 18.111026763916016], [129.78126525878906, 59.800254821777344, -50.82438659667969, 15.55752182006836, 36.408809661865234, 6.195708751678467, 6.950990200042725, 28.301963806152344, 61.71772384643555, -22.58782386779785, 33.80133056640625, 18.111026763916016, 179.75856018066406]], "lowlevel.mfcc.icov": [[0.00016948195116128772, 7.218446262413636e-05, -0.00012432815856300294, -0.00012919942673761398, 3.678557914099656e-05, 0.00016534721362404525, -0.00022667129815090448, 6.032839337422047e-06, -1.2547132428153418e-05, -0.00021746143465861678, -0.00019972793234046549, 5.675054580933647e-06, -0.0001617132220417261], [7.218446262413636e-05, 0.0008373220334760845, 0.00036580307641997933, 0.00010565380216576159, -0.0008616491104476154, 0.00023261406749952585, -0.0004357582365628332, 8.988235640572384e-05, 4.139478915021755e-05, -0.00014474731869995594, -0.0001989845623029396, 0.00014158274279907346, -7.643210847163573e-05], [-0.00012432815856300294, 0.00036580307641997933, 0.0016208485467359424, -0.00012729746231343597, -0.0007437015301547945, -0.0005222046165727079, -0.0002476467052474618, -0.0010438017779961228, 0.0007581751560792327, -0.0002482468553353101, -0.0006839814595878124, 0.0003155087470076978, 0.000585230824071914], [-0.00012919942673761398, 0.00010565380216576159, -0.00012729746231343597, 0.0026358843315392733, -0.000504031078889966, 8.176209666999057e-05, -0.000566640926990658, -0.0005149685312062502, -0.00042111644870601594, 0.0002665923093445599, 0.0008419135119765997, -0.000992713961750269, 0.00011606229963945225], [3.678557914099656e-05, -0.0008616491104476154, -0.0007437015301547945, -0.000504031078889966, 0.0038184893783181906, -0.00030129324295558035, 0.0006389554473571479, -0.0007338345167227089, -0.0020585115998983383, 0.0006623741355724633, 1.7416063201380894e-05, 0.0004925107350572944, 0.00015834232908673584], [0.00016534721362404525, 0.00023261406749952585, -0.0005222046165727079, 8.176209666999057e-05, -0.00030129324295558035, 0.0033002516720443964, -0.0005025410791859031, -7.972845924086869e-05, 0.00044847201206721365, -0.0007914514280855656, -0.0012869100319221616, 0.0008213116670958698, -0.00046641172957606614], [-0.00022667129815090448, -0.0004357582365628332, -0.0002476467052474618, -0.000566640926990658, 0.0006389554473571479, -0.0005025410791859031, 0.0036746368277817965, -0.0006618086481466889, 4.101368904230185e-05, -0.0014944560825824738, -0.0006264630937948823, -4.749361323774792e-05, 5.836132913827896e-05], [6.032839337422047e-06, 8.988235640572384e-05, -0.0010438017779961228, -0.0005149685312062502, -0.0007338345167227089, -7.972845924086869e-05, -0.0006618086481466889, 0.005641941446810961, -0.0016675832448527217, 0.0005367842386476696, 0.00019962705846410245, 0.0008500544936396182, -0.00047931764856912196], [-1.2547132428153418e-05, 4.139478915021755e-05, 0.0007581751560792327, -0.00042111644870601594, -0.0020585115998983383, 0.00044847201206721365, 4.101368904230185e-05, -0.0016675832448527217, 0.007790680509060621, -0.0018628021935001016, -0.0007186082657426596, 0.0012269328581169248, -0.001988847739994526], [-0.00021746143465861678, -0.00014474731869995594, -0.0002482468553353101, 0.0002665923093445599, 0.0006623741355724633, -0.0007914514280855656, -0.0014944560825824738, 0.0005367842386476696, -0.0018628021935001016, 0.008510410785675049, 0.0002278847387060523, -0.0003737106453627348, 0.0016820457531139255], [-0.00019972793234046549, -0.0001989845623029396, -0.0006839814595878124, 0.0008419135119765997, 1.7416063201380894e-05, -0.0012869100319221616, -0.0006264630937948823, 0.00019962705846410245, -0.0007186082657426596, 0.0002278847387060523, 0.007440031971782446, -0.0014043798437342048, -0.0010043848305940628], [5.675054580933647e-06, 0.00014158274279907346, 0.0003155087470076978, -0.000992713961750269, 0.0004925107350572944, 0.0008213116670958698, -4.749361323774792e-05, 0.0008500544936396182, 0.0012269328581169248, -0.0003737106453627348, -0.0014043798437342048, 0.008375473320484161, -0.0011841175146400928], [-0.0001617132220417261, -7.643210847163573e-05, 0.000585230824071914, 0.00011606229963945225, 0.00015834232908673584, -0.00046641172957606614, 5.836132913827896e-05, -0.00047931764856912196, -0.001988847739994526, 0.0016820457531139255, -0.0010043848305940628, -0.0011841175146400928, 0.007120200898498297]], "metadata.audio_properties.analysis.downmix": "mix", "metadata.audio_properties.codec": "mp3", "metadata.audio_properties.md5_encoded": "916e73d785c6dcb5a88b1eb186d20b0d", "metadata.tags.file_name": "1182271122415292466.mp3", "metadata.version.essentia": "2.1-beta6-dev", "metadata.version.essentia_git_sha": "v2.1_beta5-1110-g77a6a954", "metadata.version.extractor": "music 2.0", "tonal.chords_key": "F", "tonal.chords_scale": "major", "tonal.key_edma.key": "F", "tonal.key_edma.scale": "major", "tonal.key_krumhansl.key": "F", "tonal.key_krumhansl.scale": "major", "tonal.key_temperley.key": "F"