{"song_id": "1182280111739899945", "download": "https://cdn.discordapp.com/attachments/1128313332273782784/1182280111739899945/chirp.mp4?ex=65841f28&amp", "lyrics": "For the second year we are on twich our live show is called it's not TV\nwith Mario Daniel and Pendola\nbut Kike isn't there?\nYou can find him hiding behind a tree\n\n[chorus]\n you can watch us on TV but it's not TV \nwe are live connect twitch to your tv \nbut remember it's not a TV\n\nI'll tell you what I think\n you tell me what you think\n Strange things happen out there\n Even stranger things happen in here\n\n[chorus]\n you can watch us on TV but it's not TV we are live connect twitch to your tv\nbut remember it's not a TV \n\nOne couch, four assholes. It's not the start of a gangbang, it's not TV. \nlike Baldo dog or wolf no one knows what he is. \nbut sure it's not TV.", "style": ["lyric"], "essentia_features": {"lowlevel.average_loudness": 0.9699974656105042, "lowlevel.barkbands_crest.mean": 13.021245002746582, "lowlevel.barkbands_crest.stdev": 5.571324348449707, "lowlevel.barkbands_flatness_db.mean": 0.21237602829933167, "lowlevel.barkbands_flatness_db.stdev": 0.08561351150274277, "lowlevel.barkbands_kurtosis.mean": 24.994117736816406, "lowlevel.barkbands_kurtosis.stdev": 55.386924743652344, "lowlevel.barkbands_skewness.mean": 2.3003923892974854, "lowlevel.barkbands_skewness.stdev": 3.7282192707061768, "lowlevel.barkbands_spread.mean": 17.62722396850586, "lowlevel.barkbands_spread.stdev": 17.004301071166992, "lowlevel.dissonance.mean": 0.45295074582099915, "lowlevel.dissonance.stdev": 0.05069780349731445, "lowlevel.dynamic_complexity": 4.560352325439453, "lowlevel.erbbands_crest.mean": 11.975605964660645, "lowlevel.erbbands_crest.stdev": 5.501470565795898, "lowlevel.erbbands_flatness_db.mean": 0.20226113498210907, "lowlevel.erbbands_flatness_db.stdev": 0.05544585362076759, "lowlevel.erbbands_kurtosis.mean": 3.8689706325531006, "lowlevel.erbbands_kurtosis.stdev": 8.077418327331543, "lowlevel.erbbands_skewness.mean": 0.47932448983192444, "lowlevel.erbbands_skewness.stdev": 1.5970735549926758, "lowlevel.erbbands_spread.mean": 40.766265869140625, "lowlevel.erbbands_spread.stdev": 31.679615020751953, "lowlevel.hfc.mean": 30.82801628112793, "lowlevel.hfc.stdev": 63.51062774658203, "lowlevel.loudness_ebu128.integrated": -15.114620208740234, "lowlevel.loudness_ebu128.loudness_range": 1.6801166534423828, "lowlevel.loudness_ebu128.momentary.mean": -16.476655960083008, "lowlevel.loudness_ebu128.momentary.stdev": 4.717859745025635, "lowlevel.loudness_ebu128.short_term.mean": -15.36126708984375, "lowlevel.loudness_ebu128.short_term.stdev": 0.5960737466812134, "lowlevel.melbands_crest.mean": 17.68857765197754, "lowlevel.melbands_crest.stdev": 8.067035675048828, "lowlevel.melbands_flatness_db.mean": 0.2470608800649643, "lowlevel.melbands_flatness_db.stdev": 0.11819727718830109, "lowlevel.melbands_kurtosis.mean": 56.530452728271484, "lowlevel.melbands_kurtosis.stdev": 102.64572143554688, "lowlevel.melbands_skewness.mean": 4.138173580169678, "lowlevel.melbands_skewness.stdev": 4.558416843414307, "lowlevel.melbands_spread.mean": 32.88093566894531, "lowlevel.melbands_spread.stdev": 47.648353576660156, "lowlevel.pitch_salience.mean": 0.46726667881011963, "lowlevel.pitch_salience.stdev": 0.23504868149757385, "lowlevel.silence_rate_20dB.mean": 1.0, "lowlevel.silence_rate_20dB.stdev": 0.0, "lowlevel.silence_rate_30dB.mean": 0.9953668117523193, "lowlevel.silence_rate_30dB.stdev": 0.06790972501039505, "lowlevel.silence_rate_60dB.mean": 0.22857142984867096, "lowlevel.silence_rate_60dB.stdev": 0.4199139475822449, "lowlevel.spectral_centroid.mean": 1452.812744140625, "lowlevel.spectral_centroid.stdev": 1514.260498046875, "lowlevel.spectral_complexity.mean": 8.124324798583984, "lowlevel.spectral_complexity.stdev": 7.120638370513916, "lowlevel.spectral_decrease.mean": -5.544627867948293e-09, "lowlevel.spectral_decrease.stdev": 5.697877725197031e-09, "lowlevel.spectral_energy.mean": 0.023722916841506958, "lowlevel.spectral_energy.stdev": 0.022478340193629265, "lowlevel.spectral_energyband_high.mean": 0.002477039583027363, "lowlevel.spectral_energyband_high.stdev": 0.007688668090850115, "lowlevel.spectral_energyband_low.mean": 0.0023975286167114973, "lowlevel.spectral_energyband_low.stdev": 0.005135900806635618, "lowlevel.spectral_energyband_middle_high.mean": 0.0044480133801698685, "lowlevel.spectral_energyband_middle_high.stdev": 0.009593171067535877, "lowlevel.spectral_energyband_middle_low.mean": 0.016491565853357315, "lowlevel.spectral_energyband_middle_low.stdev": 0.019882338121533394, "lowlevel.spectral_entropy.mean": 7.297605037689209, "lowlevel.spectral_entropy.stdev": 0.8562130928039551, "lowlevel.spectral_flux.mean": 0.08625137805938721, "lowlevel.spectral_flux.stdev": 0.0571439303457737, "lowlevel.spectral_kurtosis.mean": 5.226822853088379, "lowlevel.spectral_kurtosis.stdev": 4.762041091918945, "lowlevel.spectral_rms.mean": 0.004076789598912001, "lowlevel.spectral_rms.stdev": 0.002554230857640505, "lowlevel.spectral_rolloff.mean": 2700.6416015625, "lowlevel.spectral_rolloff.stdev": 3632.44189453125, "lowlevel.spectral_skewness.mean": 1.8329825401306152, "lowlevel.spectral_skewness.stdev": 0.8724514842033386, "lowlevel.spectral_spread.mean": 6078637.0, "lowlevel.spectral_spread.stdev": 2514683.75, "lowlevel.spectral_strongpeak.mean": 1.3707404136657715, "lowlevel.spectral_strongpeak.stdev": 1.9507639408111572, "lowlevel.zerocrossingrate.mean": 0.09774824976921082, "lowlevel.zerocrossingrate.stdev": 0.10134310275316238, "metadata.audio_properties.analysis.equal_loudness": 0.0, "metadata.audio_properties.analysis.length": 30.03628158569336, "metadata.audio_properties.analysis.sample_rate": 44100.0, "metadata.audio_properties.analysis.start_time": 0.0, "metadata.audio_properties.bit_rate": 126340.0, "metadata.audio_properties.length": 30.03733253479004, "metadata.audio_properties.lossless": 0.0, "metadata.audio_properties.number_channels": 1.0, "metadata.audio_properties.replay_gain": -11.807039260864258, "metadata.audio_properties.sample_rate": 48000.0, "rhythm.beats_count": 51.0, "rhythm.beats_loudness.mean": 0.027660047635436058, "rhythm.beats_loudness.stdev": 0.021081559360027313, "rhythm.bpm": 101.99601745605469, "rhythm.bpm_histogram_first_peak_bpm": 101.0, "rhythm.bpm_histogram_first_peak_weight": 0.615384578704834, "rhythm.bpm_histogram_second_peak_bpm": 110.0, "rhythm.bpm_histogram_second_peak_spread": 0.4285714626312256, "rhythm.bpm_histogram_second_peak_weight": 0.1599999964237213, "rhythm.danceability": 1.4374037981033325, "rhythm.onset_rate": 5.2231950759887695, "tonal.chords_changes_rate": 0.09567901492118835, "tonal.chords_number_rate": 0.021604938432574272, "tonal.chords_strength.mean": 0.4836373031139374, "tonal.chords_strength.stdev": 0.09346475452184677, "tonal.hpcp_crest.mean": 13.517950057983398, "tonal.hpcp_crest.stdev": 6.8356242179870605, "tonal.hpcp_entropy.mean": 2.1402108669281006, "tonal.hpcp_entropy.stdev": 0.8694037199020386, "tonal.key_edma.strength": 0.4748504161834717, "tonal.key_krumhansl.strength": 0.4629788398742676, "tonal.key_temperley.strength": 0.4357270300388336, "tonal.tuning_diatonic_strength": 0.38910579681396484, "tonal.tuning_equal_tempered_deviation": 0.279545396566391, "tonal.tuning_frequency": 454.202880859375, "tonal.tuning_nontempered_energy_ratio": 0.9210950136184692, "lowlevel.barkbands.mean": [1.8797323946273536e-06, 6.735477199981688e-06, 0.0003494505363050848, 0.007608952932059765, 0.0060185776092112064, 0.0007492666481994092, 0.0005156057304702699, 0.0008371512521989644, 0.0006344713619910181, 0.0006432913360185921, 0.0007291452493518591, 0.0010198313975706697, 0.0005572472000494599, 0.00040448433719575405, 0.0002674031420610845, 0.00022621439711656421, 0.00028567449771799147, 0.00013895970187149942, 0.00017741581541486084, 0.00014042174734640867, 0.00018546314095146954, 0.00029512561741285026, 0.0004380152386147529, 0.0009136906010098755, 0.0004950936418026686, 8.236466237576678e-05, 9.89682121144142e-07], "lowlevel.barkbands.stdev": [4.3317818381183315e-06, 2.33225327974651e-05, 0.001399073749780655, 0.011893815360963345, 0.010552503168582916, 0.0025642630644142628, 0.0025133765302598476, 0.0030110732186585665, 0.002347076777368784, 0.002263685455545783, 0.002676580799743533, 0.0041435896418988705, 0.00200022105127573, 0.0014558344846591353, 0.0007996492786332965, 0.0006345200235955417, 0.0005381876835599542, 0.000350479589542374, 0.000762991257943213, 0.0007497327169403434, 0.0007357976865023375, 0.0011010213056579232, 0.00164232577662915, 0.0032215039245784283, 0.0016679902328178287, 0.000255839986493811, 5.543737188418163e-06], "lowlevel.erbbands.mean": [0.0004081264778506011, 0.008704383857548237, 0.40875837206840515, 11.445862770080566, 38.100128173828125, 8.166975021362305, 2.335857629776001, 8.092381477355957, 8.527734756469727, 10.181442260742188, 17.21858024597168, 14.239917755126953, 16.139934539794922, 28.458316802978516, 40.3336181640625, 33.09865951538086, 24.48668670654297, 24.351329803466797, 16.664823532104492, 13.360570907592773, 12.72391414642334, 16.079824447631836, 8.924256324768066, 6.876594066619873, 9.387218475341797, 6.625488758087158, 6.912624359130859, 7.847646236419678, 10.422395706176758, 11.541824340820312, 12.51894474029541, 16.10173225402832, 16.48943519592285, 8.025674819946289, 2.0361387729644775, 0.5058029294013977, 0.12769708037376404, 0.014478438533842564, 0.0003453473618719727, 5.18580200150609e-05], "lowlevel.erbbands.stdev": [0.0006216953624971211, 0.02156241051852703, 1.012110948562622, 18.203899383544922, 57.52294921875, 17.01797866821289, 3.980032205581665, 30.370206832885742, 39.521400451660156, 39.13538360595703, 65.74108123779297, 53.65580368041992, 61.91722106933594, 98.45504760742188, 157.80616760253906, 123.84549713134766, 78.13270568847656, 83.68506622314453, 48.87085723876953, 40.54130172729492, 30.296159744262695, 29.563039779663086, 19.74343490600586, 25.062532424926758, 45.800079345703125, 33.97888946533203, 26.92456817626953, 32.5545654296875, 40.202884674072266, 43.470977783203125, 46.652366638183594, 62.51552963256836, 55.28202819824219, 27.437969207763672, 6.610606670379639, 1.6283413171768188, 0.3936322331428528, 0.05255436152219772, 0.0011735516600310802, 8.08658660389483e-05], "lowlevel.gfcc.mean": [-90.557373046875, 41.17625045776367, -104.14683532714844, 20.136709213256836, -58.701847076416016, 11.365849494934082, -71.68182373046875, 3.0375657081604004, -50.32136535644531, -13.741575241088867, -28.196510314941406, -13.062756538391113, -14.391522407531738], "lowlevel.melbands.mean": [1.6251693750746199e-06, 0.0002056627272395417, 0.0030964792240411043, 0.0016567650018259883, 7.639444811502472e-05, 0.0001743492903187871, 0.0001233384246006608, 0.0001320941955782473, 0.00012536958092823625, 9.532340482110158e-05, 7.929997082101181e-05, 0.00011148097109980881, 0.00011586567416088656, 0.00011400516814319417, 7.331284723477438e-05, 5.2194183808751404e-05, 4.4445201638154685e-05, 2.8059810574632138e-05, 1.8901908333646134e-05, 1.688811789790634e-05, 1.4454042684519663e-05, 1.7553351426613517e-05, 1.2399228580761701e-05, 5.026334292779211e-06, 5.375429282139521e-06, 7.428160643030424e-06, 5.793155196442967e-06, 3.983665465057129e-06, 4.012817953480408e-06, 4.570145392790437e-06, 4.616380920197116e-06, 5.909074843657436e-06, 5.788635917269858e-06, 6.724386366840918e-06, 6.64549497741973e-06, 8.392516974708997e-06, 1.0610733625071589e-05, 1.2169030014774762e-05, 1.0033710168499965e-05, 5.694612355000572e-06], "lowlevel.melbands.stdev": [4.226712007948663e-06, 0.0005021712859161198, 0.004368053749203682, 0.002657367382198572, 0.0001449984119972214, 0.0006257326458580792, 0.0005569519125856459, 0.000475485430797562, 0.00048528023762628436, 0.0003735458885785192, 0.0003062934265471995, 0.0003966751683037728, 0.0004312195524107665, 0.0004483310040086508, 0.0003212953160982579, 0.00018751449533738196, 0.00016122717352118343, 8.918501407606527e-05, 5.681069887941703e-05, 5.397350832936354e-05, 3.4223605325678363e-05, 3.38857680617366e-05, 2.6168092517764308e-05, 1.4178557648847345e-05, 2.093129114655312e-05, 3.311066029709764e-05, 3.3974272810155526e-05, 2.0345118173281662e-05, 1.6569603758398443e-05, 1.773637268343009e-05, 2.0540548575809225e-05, 2.3945438442751765e-05, 2.1527837816393003e-05, 2.6846839318750426e-05, 2.5012872356455773e-05, 3.43094470736105e-05, 4.104658728465438e-05, 4.0632843592902645e-05, 3.554317299858667e-05, 1.9542565496522002e-05], "lowlevel.melbands128.mean": [9.750928029461647e-07, 1.1405039685996599e-06, 1.455423557672475e-06, 3.3345447718602372e-06, 2.6528055968810804e-05, 0.00023175761452876031, 0.0015855430392548442, 0.0048242732882499695, 0.004518589936196804, 0.0011634519323706627, 0.00012572144623845816, 6.0648460930678993e-05, 5.238934318185784e-05, 9.52725822571665e-05, 0.00019517488544806838, 0.0002128847554558888, 0.00016792354290373623, 0.00010195528739131987, 7.554073090432212e-05, 9.32651455514133e-05, 0.00017626593762543052, 0.00020676181884482503, 0.00011653734691208228, 4.793965854332782e-05, 7.048960105748847e-05, 0.00013510066492017359, 0.00010605363786453381, 5.986231553833932e-05, 5.855394192622043e-05, 0.0001232954818988219, 0.0001401916379109025, 7.382859621429816e-05, 7.976624328875914e-05, 0.00017764834046829492, 0.00016889606195036322, 6.399272388080135e-05, 7.413880666717887e-05, 0.00010577091597951949, 4.473902299650945e-05, 3.749645838979632e-05, 6.729798042215407e-05, 5.436615174403414e-05, 3.765285509871319e-05, 4.84737720398698e-05, 3.097027729381807e-05, 2.429053893138189e-05, 2.437803595967125e-05, 1.7447950085625052e-05, 1.7379970813635737e-05, 1.8723465473158285e-05, 1.6694542864570394e-05, 1.600088580744341e-05, 1.249684009962948e-05, 1.3798992767988238e-05, 1.826109473768156e-05, 1.9223902199883014e-05, 1.5976398572092876e-05, 1.4404681678570341e-05, 1.200135830004001e-05, 6.5130502662213985e-06, 4.202161107969005e-06, 4.0821582842909265e-06, 4.49895924248267e-06, 5.524632342712721e-06, 7.168387128331233e-06, 8.00029192760121e-06, 7.418351287924452e-06, 6.397405286406865e-06, 5.403702743933536e-06, 4.970637746737339e-06, 3.6147262107988354e-06, 3.861050572595559e-06, 3.823326096608071e-06, 3.8148355088196695e-06, 4.426360646903049e-06, 5.0553026085253805e-06, 4.598231043928536e-06, 3.5001025935343932e-06, 4.933419404551387e-06, 5.068538484920282e-06, 5.899452844460029e-06, 6.481150194304064e-06, 5.643282293021912e-06, 5.405665888247313e-06, 6.099479833210353e-06, 6.61197600493324e-06, 7.02288116372074e-06, 6.973342351557221e-06, 5.85907582717482e-06, 6.497007689176826e-06, 9.377385140396655e-06, 7.970679689606186e-06, 8.869323210092261e-06, 1.0201089935435448e-05, 1.1815453035524115e-05, 1.3272961950860918e-05, 1.192105992231518e-05, 1.120972683565924e-05, 1.0940839274553582e-05, 9.255522854800802e-06, 6.714223218295956e-06, 5.1948477448604535e-06, 4.438985342858359e-06, 2.789287464111112e-06, 1.859817530203145e-06, 1.5029212363515398e-06, 1.1455801995907677e-06, 1.159508769887907e-06, 7.927336014290631e-07, 5.420804995992512e-07, 5.265215463623463e-07, 3.88063000400507e-07, 4.1119508864539966e-07, 3.5992357538816577e-07, 2.676490851172275e-07, 1.4881698007229716e-07, 3.7317104073508744e-08, 6.419882403463362e-09, 9.380839438577482e-10, 3.9283876152040875e-10, 3.0000049666689677e-10, 7.95967389222163e-11, 4.86773772331861e-12, 4.656605396419211e-12, 4.241949239786047e-12, 3.5994020264329407e-12, 3.2531410291275487e-12, 3.1855720318552105e-12], "lowlevel.melbands128.stdev": [2.167217644455377e-06, 2.816134156091721e-06, 3.98856491301558e-06, 1.5065426850924268e-05, 0.0001845048536779359, 0.0009055013651959598, 0.003358126850798726, 0.007526293396949768, 0.007437131833285093, 0.002891091862693429, 0.0005255081923678517, 0.00016006971418391913, 0.00011176639964105561, 0.00028353670495562255, 0.0008430660236626863, 0.0009450003271922469, 0.0009724475094117224, 0.000650170783046633, 0.0005212808609940112, 0.0005790223949588835, 0.0007096693734638393, 0.000923327577766031, 0.0006300935638137162, 0.00029345115763135254, 0.00038375810254365206, 0.0006649717106483877, 0.0005751714925281703, 0.00035272020613774657, 0.0002895584621001035, 0.0005806210683658719, 0.0006042103050276637, 0.00030915578827261925, 0.00047108522267080843, 0.0008874160121195018, 0.0008879254455678165, 0.0003135687729809433, 0.0003884633770212531, 0.0005928652826696634, 0.0002185143093811348, 0.00015823471767362207, 0.0003033428220078349, 0.00028051933622919023, 0.0001903964439406991, 0.00025801657466217875, 0.00012345607683528215, 0.00010571549501037225, 9.441821021027863e-05, 6.319877138594165e-05, 6.249345460673794e-05, 8.987155160866678e-05, 6.169080006657168e-05, 6.984948413446546e-05, 3.758189996005967e-05, 3.670710066216998e-05, 4.916349280392751e-05, 4.345849447418004e-05, 3.518136509228498e-05, 3.4035256248898804e-05, 3.1081679480848834e-05, 1.8915328837465495e-05, 1.278666877624346e-05, 1.989441989280749e-05, 1.7289061361225322e-05, 2.4152424884960055e-05, 3.513646879582666e-05, 3.5712175304070115e-05, 3.759854371310212e-05, 4.527923738351092e-05, 3.387179458513856e-05, 2.7245056116953492e-05, 2.0931465769535862e-05, 2.1204823497100733e-05, 1.8228338376502506e-05, 1.6948546544881538e-05, 1.9112439986201935e-05, 1.957153290277347e-05, 1.9475728549878113e-05, 1.5625204468960874e-05, 2.3559332475997508e-05, 2.4432787540717982e-05, 2.48178475885652e-05, 3.076457142014988e-05, 2.2088481273385696e-05, 2.1686862964998e-05, 2.4213024516939186e-05, 2.7227781174588017e-05, 3.269292938057333e-05, 2.9092934710206464e-05, 2.2512316718348302e-05, 2.5616805942263454e-05, 3.80655110348016e-05, 3.604239464038983e-05, 4.159046147833578e-05, 4.291684672352858e-05, 4.488348349696025e-05, 4.785995406564325e-05, 3.88094485970214e-05, 4.0690523746889085e-05, 4.0162893128581345e-05, 3.554932845872827e-05, 2.4142918846337125e-05, 1.8863167497329414e-05, 1.5169807738857344e-05, 9.29893121792702e-06, 6.921514795976691e-06, 5.843704911967507e-06, 3.550733481461066e-06, 4.147959771216847e-06, 2.9699037895625224e-06, 1.982949015655322e-06, 1.6921208043640945e-06, 1.2099548030164442e-06, 1.4632871625508415e-06, 1.2797584076906787e-06, 1.0947451301035471e-06, 6.14538862464542e-07, 1.861749581166805e-07, 6.867249169317802e-08, 1.5666659081148282e-08, 1.1758607421086253e-08, 8.683057828307028e-09, 2.0515253940089906e-09, 4.555942775819055e-11, 4.339741066505809e-11, 3.1880012518747947e-11, 1.3537545216768532e-11, 5.8820270702752975e-12, 5.435523992708413e-12], "lowlevel.mfcc.mean": [-742.8911743164062, 83.36026000976562, 6.029805660247803, 2.941265821456909, 23.58439064025879, -12.301584243774414, 1.693852424621582, -13.356474876403809, -6.851832389831543, -19.934925079345703, -16.463708877563477, -13.282243728637695, -12.598394393920898], "lowlevel.spectral_contrast_coeffs.mean": [-0.5390868186950684, -0.7532902956008911, -0.7957100868225098, -0.7925498485565186, -0.7938963174819946, -0.7937692403793335], "lowlevel.spectral_contrast_coeffs.stdev": [0.1394410878419876, 0.10250294953584671, 0.0827430784702301, 0.06813971698284149, 0.05833789333701134, 0.048650939017534256], "lowlevel.spectral_contrast_valleys.mean": [-8.881158828735352, -8.271573066711426, -8.470947265625, -8.463261604309082, -8.448210716247559, -10.569246292114258], "lowlevel.spectral_contrast_valleys.stdev": [1.1270989179611206, 1.2238106727600098, 1.255927562713623, 1.0410176515579224, 1.0983595848083496, 1.4387242794036865], "rhythm.beats_loudness_band_ratio.mean": [0.29429006576538086, 0.1407887488603592, 0.07924093306064606, 0.13678930699825287, 0.10008172690868378, 0.326922208070755], "rhythm.beats_loudness_band_ratio.stdev": [0.32700249552726746, 0.21216566860675812, 0.13799956440925598, 0.23674386739730835, 0.12527643144130707, 0.38034096360206604], "tonal.hpcp.mean": [0.06943630427122116, 0.056081388145685196, 0.04995788261294365, 0.05765756964683533, 0.06945709884166718, 0.06738872081041336, 0.0635095089673996, 0.07443156838417053, 0.08636267483234406, 0.10228528827428818, 0.18111546337604523, 0.16298401355743408, 0.07384971529245377, 0.06975128501653671, 0.07985121756792068, 0.095362089574337, 0.1031784936785698, 0.11388557404279709, 0.14661896228790283, 0.1860489696264267, 0.1658116728067398, 0.1710663139820099, 0.21007905900478363, 0.19704784452915192, 0.1977049708366394, 0.18491557240486145, 0.14609459042549133, 0.14096851646900177, 0.133993998169899, 0.1138516291975975, 0.10823813825845718, 0.10333430022001266, 0.10065747797489166, 0.11933498829603195, 0.14744560420513153, 0.11696697771549225], "tonal.hpcp.stdev": [0.16558389365673065, 0.1350564956665039, 0.11956434696912766, 0.14042538404464722, 0.16196662187576294, 0.1555606573820114, 0.1603454351425171, 0.16910339891910553, 0.18633601069450378, 0.1753285825252533, 0.3050060272216797, 0.27272558212280273, 0.16518957912921906, 0.1659177839756012, 0.19409587979316711, 0.21204303205013275, 0.21225085854530334, 0.22947107255458832, 0.26775020360946655, 0.29124361276626587, 0.2616017460823059, 0.28681445121765137, 0.33153989911079407, 0.30593618750572205, 0.3127896785736084, 0.314850777387619, 0.2663749158382416, 0.2641848623752594, 0.25024938583374023, 0.22572635114192963, 0.226938858628273, 0.20873433351516724, 0.20684155821800232, 0.22454050183296204, 0.26382768154144287, 0.21480092406272888], "rhythm.beats_position": [0.5688889026641846, 1.160997748374939, 1.7066665887832642, 2.252335548400879, 2.7863945960998535, 3.2740135192871094, 3.7616326808929443, 4.28408145904541, 4.8297505378723145, 5.38702917098999, 5.990748405456543, 6.582857131958008, 7.174965858459473, 7.755464553833008, 8.324353218078613, 8.939682006835938, 9.566620826721191, 10.193559646606445, 10.78566837310791, 11.389387130737305, 11.9931058883667, 12.58521556854248, 13.188934326171875, 13.76943302154541, 14.315101623535156, 14.860771179199219, 15.418049812316895, 15.97532844543457, 16.56743812561035, 17.1595458984375, 17.76326560974121, 18.34376335144043, 18.91265296936035, 19.469932556152344, 20.015600204467773, 20.561269760131836, 21.1069393157959, 21.664216995239258, 22.23310661315918, 22.80199432373047, 23.37088394165039, 23.951383590698242, 24.54349136352539, 25.123991012573242, 25.71609878540039, 26.308208465576172, 26.93514633178711, 27.56208610534668, 28.189023971557617, 28.839183807373047, 29.489341735839844], "rhythm.bpm_histogram": [0.0, 0.0, 0.0, 0.0, 0.0, 0.0, 0.0, 0.0, 0.0, 0.0, 0.0, 0.0, 0.0, 0.0, 0.0, 0.0, 0.0, 0.0, 0.0, 0.0, 0.0, 0.0, 0.0, 0.0, 0.0, 0.0, 0.0, 0.0, 0.0, 0.0, 0.0, 0.0, 0.0, 0.0, 0.0, 0.0, 0.0, 0.0, 0.0, 0.0, 0.0, 0.0, 0.0, 0.0, 0.0, 0.0, 0.0, 0.0, 0.0, 0.0, 0.0, 0.0, 0.0, 0.0, 0.0, 0.0, 0.0, 0.0, 0.0, 0.0, 0.0, 0.0, 0.0, 0.0, 0.0, 0.0, 0.0, 0.0, 0.0, 0.0, 0.0, 0.0, 0.0, 0.0, 0.0, 0.0, 0.0, 0.0, 0.0, 0.0, 0.0, 0.0, 0.0, 0.0, 0.0, 0.0, 0.0, 0.0, 0.0, 0.0, 0.0, 0.0, 0.03999999910593033, 0.0, 0.0, 0.0, 0.10000000149011612, 0.0, 0.019999999552965164, 0.10000000149011612, 0.0, 0.20000000298023224, 0.0, 0.10000000149011612, 0.0, 0.10000000149011612, 0.0, 0.0, 0.10000000149011612, 0.0, 0.1599999964237213, 0.0, 0.019999999552965164, 0.0, 0.0, 0.019999999552965164, 0.0, 0.0, 0.0, 0.0, 0.0, 0.0, 0.0, 0.03999999910593033, 0.0, 0.0, 0.0, 0.0, 0.0, 0.0, 0.0, 0.0, 0.0, 0.0, 0.0, 0.0, 0.0, 0.0, 0.0, 0.0, 0.0, 0.0, 0.0, 0.0, 0.0, 0.0, 0.0, 0.0, 0.0, 0.0, 0.0, 0.0, 0.0, 0.0, 0.0, 0.0, 0.0, 0.0, 0.0, 0.0, 0.0, 0.0, 0.0, 0.0, 0.0, 0.0, 0.0, 0.0, 0.0, 0.0, 0.0, 0.0, 0.0, 0.0, 0.0, 0.0, 0.0, 0.0, 0.0, 0.0, 0.0, 0.0, 0.0, 0.0, 0.0, 0.0, 0.0, 0.0, 0.0, 0.0, 0.0, 0.0, 0.0, 0.0, 0.0, 0.0, 0.0, 0.0, 0.0, 0.0, 0.0, 0.0, 0.0, 0.0, 0.0, 0.0, 0.0, 0.0, 0.0, 0.0, 0.0, 0.0, 0.0, 0.0, 0.0, 0.0, 0.0, 0.0, 0.0, 0.0, 0.0, 0.0, 0.0, 0.0, 0.0, 0.0, 0.0, 0.0, 0.0, 0.0, 0.0, 0.0, 0.0, 0.0, 0.0, 0.0, 0.0, 0.0, 0.0, 0.0, 0.0, 0.0, 0.0, 0.0, 0.0, 0.0, 0.0, 0.0, 0.0, 0.0], "tonal.chords_histogram": [13.580246925354004, 13.88888931274414, 7.407407283782959, 0.0, 0.0, 5.4012346267700195, 1.5432099103927612, 0.0, 1.3888888359069824, 20.216049194335938, 7.0987653732299805, 0.3086419701576233, 0.0, 0.0, 0.0, 1.2345678806304932, 4.012345790863037, 17.74691390991211, 1.8518518209457397, 0.46296295523643494, 0.0, 2.4691357612609863, 0.3086419701576233, 1.080246925354004], "tonal.thpcp": [1.0, 0.9379699230194092, 0.9410979747772217, 0.8802189826965332, 0.6954267024993896, 0.6710260510444641, 0.6378265619277954, 0.5419465899467468, 0.5152257084846497, 0.49188292026519775, 0.4791409373283386, 0.5680480003356934, 0.7018576860427856, 0.5567759871482849, 0.33052462339401245, 0.2669537365436554, 0.23780515789985657, 0.27445653080940247, 0.3306236267089844, 0.32077789306640625, 0.302312433719635, 0.35430264472961426, 0.41109606623649597, 0.486889511346817, 0.8621300458908081, 0.7758222818374634, 0.3515329658985138, 0.3320239782333374, 0.3801007866859436, 0.45393428206443787, 0.49114125967025757, 0.5421081781387329, 0.6979227662086487, 0.8856140375137329, 0.7892822623252869, 0.8142949342727661], "lowlevel.gfcc.cov": [[11851.9609375, 202.22901916503906, 211.69667053222656, -93.79657745361328, -436.3277587890625, -7.407614707946777, -320.7763977050781, 135.8772735595703, -211.56370544433594, -473.892822265625, -144.3492889404297, -301.030029296875, -100.30226135253906], [202.22901916503906, 4584.05810546875, 235.7685546875, -1241.5687255859375, 437.7431945800781, -458.3377990722656, -146.5921173095703, -172.19920349121094, -267.52374267578125, -231.9015655517578, -8.347412109375, -341.2052917480469, 148.0228271484375], [211.69667053222656, 235.7685546875, 1446.4720458984375, 663.6600952148438, 228.43463134765625, -59.55427551269531, -159.06484985351562, -121.18841552734375, -56.347999572753906, -152.2608642578125, -90.24443054199219, 53.750247955322266, -43.77961730957031], [-93.79657745361328, -1241.5687255859375, 663.6600952148438, 1634.9765625, 156.4675750732422, -130.37503051757812, -163.14808654785156, -115.36444854736328, 88.5331802368164, -189.35093688964844, -52.099334716796875, 212.2085418701172, 17.355337142944336], [-436.3277587890625, 437.7431945800781, 228.43463134765625, 156.4675750732422, 578.9466552734375, 37.209110260009766, -47.501888275146484, -6.87213659286499, -79.84051513671875, -138.47816467285156, -91.77083587646484, -36.8238639831543, -11.863646507263184], [-7.407614707946777, -458.3377990722656, -59.55427551269531, -130.37503051757812, 37.209110260009766, 400.1040954589844, 199.86016845703125, 42.46409225463867, -7.929871559143066, 64.74008178710938, -19.321109771728516, -43.028076171875, -90.7683334350586], [-320.7763977050781, -146.5921173095703, -159.06484985351562, -163.14808654785156, -47.501888275146484, 199.86016845703125, 373.37933349609375, 18.534595489501953, -74.83190155029297, 40.426395416259766, 8.464289665222168, 14.631450653076172, -50.62839126586914], [135.8772735595703, -172.19920349121094, -121.18841552734375, -115.36444854736328, -6.87213659286499, 42.46409225463867, 18.534595489501953, 202.06764221191406, 51.714935302734375, -21.070804595947266, -28.66219711303711, -41.516300201416016, -32.946319580078125], [-211.56370544433594, -267.52374267578125, -56.347999572753906, 88.5331802368164, -79.84051513671875, -7.929871559143066, -74.83190155029297, 51.714935302734375, 195.7180633544922, 64.9448013305664, -3.9930903911590576, -5.322429180145264, -9.561592102050781], [-473.892822265625, -231.9015655517578, -152.2608642578125, -189.35093688964844, -138.47816467285156, 64.74008178710938, 40.426395416259766, -21.070804595947266, 64.9448013305664, 259.22259521484375, 70.11321258544922, -15.41993522644043, -13.550722122192383], [-144.3492889404297, -8.347412109375, -90.24443054199219, -52.099334716796875, -91.77083587646484, -19.321109771728516, 8.464289665222168, -28.66219711303711, -3.9930903911590576, 70.11321258544922, 114.07562255859375, 26.817899703979492, 17.527008056640625], [-301.030029296875, -341.2052917480469, 53.750247955322266, 212.2085418701172, -36.8238639831543, -43.028076171875, 14.631450653076172, -41.516300201416016, -5.322429180145264, -15.41993522644043, 26.817899703979492, 167.1112060546875, 30.802522659301758], [-100.30226135253906, 148.0228271484375, -43.77961730957031, 17.355337142944336, -11.863646507263184, -90.7683334350586, -50.62839126586914, -32.946319580078125, -9.561592102050781, -13.550722122192383, 17.527008056640625, 30.802522659301758, 104.8658447265625]], "lowlevel.gfcc.icov": [[0.00012387368769850582, 6.192089131218381e-06, 4.781010829901788e-06, -1.619747854419984e-05, 0.0002494467480573803, -0.00010851940896827728, 0.00022108347911853343, -2.8309814297244884e-05, 0.0002602370805107057, 0.0002846325805876404, 6.763746205251664e-05, 0.0002569809730630368, 0.00012027172488160431], [6.192089131218381e-06, 0.0009208269766531885, -0.0004442427889443934, 0.0010160020319744945, -0.0007495680474676192, 0.0013419665629044175, -0.0006366951274685562, 0.001206941087730229, -0.0005469146417453885, 0.0012124524218961596, -0.0008774467860348523, 0.0016497776377946138, -0.0007300504366867244], [4.781010829901788e-06, -0.0004442427889443934, 0.0012506142957136035, -0.0008294980507344007, 0.00028511835262179375, -0.0006806861492805183, 0.0007905525853857398, -0.00012717736535705626, 0.0007848641253076494, -0.0005223057232797146, 0.0009778081439435482, -0.0008559736306779087, 0.0011678965529426932], [-1.619747854419984e-05, 0.0010160020319744945, -0.0008294980507344007, 0.0022416396532207727, -0.0010784897021949291, 0.0015213784063234925, -0.0006833367515355349, 0.0018961481982842088, -0.001736127189360559, 0.0020471508614718914, -0.0010202369885519147, 0.000557144230697304, -0.0005931592313572764], [0.0002494467480573803, -0.0007495680474676192, 0.00028511835262179375, -0.0010784897021949291, 0.003547683358192444, -0.0019127709092572331, 0.001557687995955348, -0.001035388675518334, 0.0020752272102981806, 0.0001449276605853811, 0.0020917030051350594, -0.00029502168763428926, 0.0007116336491890252], [-0.00010851940896827728, 0.0013419665629044175, -0.0006806861492805183, 0.0015213784063234925, -0.0019127709092572331, 0.006428680382668972, -0.0032367475796490908, 0.001571119180880487, -0.0014046458527445793, 0.0005161632434464991, -0.0008554779342375696, 0.002688041888177395, 0.0010370205854997039], [0.00022108347911853343, -0.0006366951274685562, 0.0007905525853857398, -0.0006833367515355349, 0.001557687995955348, -0.0032367475796490908, 0.0056778318248689175, -0.0012334948405623436, 0.0032069943845272064, -0.0007215407676994801, 0.0012799870455637574, -0.0020989987533539534, 0.0018833869835361838], [-2.8309814297244884e-05, 0.001206941087730229, -0.00012717736535705626, 0.0018961481982842088, -0.001035388675518334, 0.001571119180880487, -0.0012334948405623436, 0.008570212870836258, -0.003422439331188798, 0.003458230523392558, -0.00047057491610758007, 0.002619002712890506, 0.0006863480666652322], [0.0002602370805107057, -0.0005469146417453885, 0.0007848641253076494, -0.001736127189360559, 0.0020752272102981806, -0.0014046458527445793, 0.0032069943845272064, -0.003422439331188798, 0.009767511859536171, -0.0032754680141806602, 0.0027040750719606876, -0.00038796509034000337, 0.001257272087968886], [0.0002846325805876404, 0.0012124524218961596, -0.0005223057232797146, 0.0020471508614718914, 0.0001449276605853811, 0.0005161632434464991, -0.0007215407676994801, 0.003458230523392558, -0.0032754680141806602, 0.009177247993648052, -0.004374368581920862, 0.0031046187505126, -8.831633749650791e-05], [6.763746205251664e-05, -0.0008774467860348523, 0.0009778081439435482, -0.0010202369885519147, 0.0020917030051350594, -0.0008554779342375696, 0.0012799870455637574, -0.00047057491610758007, 0.0027040750719606876, -0.004374368581920862, 0.013945765793323517, -0.0032610693015158176, 0.00015493003593292087], [0.0002569809730630368, 0.0016497776377946138, -0.0008559736306779087, 0.000557144230697304, -0.00029502168763428926, 0.002688041888177395, -0.0020989987533539534, 0.002619002712890506, -0.00038796509034000337, 0.0031046187505126, -0.0032610693015158176, 0.012214926071465015, -0.003106821794062853], [0.00012027172488160431, -0.0007300504366867244, 0.0011678965529426932, -0.0005931592313572764, 0.0007116336491890252, 0.0010370205854997039, 0.0018833869835361838, 0.0006863480666652322, 0.001257272087968886, -8.831633749650791e-05, 0.00015493003593292087, -0.003106821794062853, 0.0143602155148983]], "lowlevel.mfcc.cov": [[11606.259765625, -397.7732238769531, 89.90221405029297, -387.7410888671875, -199.3786163330078, -539.8501586914062, -54.87479019165039, -34.697242736816406, 11.015689849853516, -311.4108581542969, -106.45675659179688, -97.1476058959961, -156.84707641601562], [-397.7732238769531, 5229.8486328125, -451.4797058105469, -845.8150024414062, 14.203337669372559, -479.2099609375, 283.7083740234375, -499.9245910644531, 96.4720687866211, -304.3083190917969, -9.500346183776855, -206.61521911621094, -154.19027709960938], [89.90221405029297, -451.4797058105469, 1198.70751953125, 591.73046875, 206.8838653564453, 149.84759521484375, -127.74790954589844, 61.261905670166016, -73.46858978271484, -117.91563415527344, -105.38349914550781, 65.44910430908203, 3.0118837356567383], [-387.7410888671875, -845.8150024414062, 591.73046875, 1203.009765625, 421.3732604980469, 126.63027954101562, -200.46356201171875, 165.15110778808594, -95.30091094970703, -185.91981506347656, -238.7365264892578, 75.48387145996094, -33.659122467041016], [-199.3786163330078, 14.203337669372559, 206.8838653564453, 421.3732604980469, 656.090576171875, 23.3690242767334, -89.35560607910156, 59.423667907714844, 27.09967041015625, -57.97337341308594, -124.02925872802734, -7.250832557678223, -78.10189056396484], [-539.8501586914062, -479.2099609375, 149.84759521484375, 126.63027954101562, 23.3690242767334, 426.1627197265625, 117.75186920166016, 75.75386047363281, -12.903818130493164, 36.448307037353516, 36.41594314575195, 35.5648193359375, 31.039403915405273], [-54.87479019165039, 283.7083740234375, -127.74790954589844, -200.46356201171875, -89.35560607910156, 117.75186920166016, 376.2071228027344, 64.6253890991211, 46.65694046020508, -25.71585464477539, 69.69905853271484, -17.717742919921875, 5.2849345207214355], [-34.697242736816406, -499.9245910644531, 61.261905670166016, 165.15110778808594, 59.423667907714844, 75.75386047363281, 64.6253890991211, 315.9005432128906, 49.435977935791016, -34.66073226928711, -24.214223861694336, 14.466649055480957, 15.009214401245117], [11.015689849853516, 96.4720687866211, -73.46858978271484, -95.30091094970703, 27.09967041015625, -12.903818130493164, 46.65694046020508, 49.435977935791016, 164.3641815185547, 37.103309631347656, 37.10651397705078, -26.150846481323242, -2.1003432273864746], [-311.4108581542969, -304.3083190917969, -117.91563415527344, -185.91981506347656, -57.97337341308594, 36.448307037353516, -25.71585464477539, -34.66073226928711, 37.103309631347656, 285.7760925292969, 107.49525451660156, 3.6741766929626465, 26.668045043945312], [-106.45675659179688, -9.500346183776855, -105.38349914550781, -238.7365264892578, -124.02925872802734, 36.41594314575195, 69.69905853271484, -24.214223861694336, 37.10651397705078, 107.49525451660156, 181.5474853515625, -3.5059239864349365, 21.783681869506836], [-97.1476058959961, -206.61521911621094, 65.44910430908203, 75.48387145996094, -7.250832557678223, 35.5648193359375, -17.717742919921875, 14.466649055480957, -26.150846481323242, 3.6741766929626465, -3.5059239864349365, 117.56372833251953, 32.45866012573242], [-156.84707641601562, -154.19027709960938, 3.0118837356567383, -33.659122467041016, -78.10189056396484, 31.039403915405273, 5.2849345207214355, 15.009214401245117, -2.1003432273864746, 26.668045043945312, 21.783681869506836, 32.45866012573242, 115.43144989013672]], "lowlevel.mfcc.icov": [[0.00010719298734329641, 5.943157884757966e-05, -4.665544838644564e-05, 0.0001042599615175277, 1.1542992979229894e-05, 0.00015181313210632652, -3.574700531316921e-05, 5.143476664670743e-05, -4.393188646645285e-05, 0.00018443963199388236, 5.608680658042431e-05, 3.883445242536254e-05, 0.00015368043386843055], [5.943157884757966e-05, 0.0004042255459353328, -3.7470352253876626e-05, 0.00028878950979560614, -0.0001680209970800206, 0.0003530149406287819, -0.0003558689495548606, 0.0006150638218969107, -0.00024323542311321944, 0.0005936099332757294, 0.0001249126362381503, 0.00022272963542491198, 0.00020583393052220345], [-4.665544838644564e-05, -3.7470352253876626e-05, 0.0011891959002241492, -0.0005041217082180083, -5.9089372371090576e-05, -0.0004228089819662273, 0.00030385961872525513, 3.051238127227407e-05, 0.00010416248551337048, 0.00023046819842420518, -0.00020956645312253386, -0.00021513130923267454, -0.00018694908067118376], [0.0001042599615175277, 0.00028878950979560614, -0.0005041217082180083, 0.0022155605256557465, -0.0007760683656670153, -0.00023554543440695852, 0.0005176110425963998, -0.0003526979999151081, 0.0003856858820654452, 0.000976240960881114, 0.00125400023534894, -0.0004242326831445098, 0.00041114838677458465], [1.1542992979229894e-05, -0.0001680209970800206, -5.9089372371090576e-05, -0.0007760683656670153, 0.0024066083133220673, -0.00024230005510617048, 0.00028737555840052664, -0.0002160759031539783, -0.0008620930020697415, -0.0004850747645832598, 0.0008169177453964949, 5.2877836424158886e-05, 0.001202261890284717], [0.00015181313210632652, 0.0003530149406287819, -0.0004228089819662273, -0.00023554543440695852, -0.00024230005510617048, 0.0037291913758963346, -0.001729592913761735, 0.00017235163250006735, 0.0003899608855135739, -0.00025316167739219964, -0.0005734700825996697, -0.0001384302886435762, -0.00027703025261871517], [-3.574700531316921e-05, -0.0003558689495548606, 0.00030385961872525513, 0.0005176110425963998, 0.00028737555840052664, -0.001729592913761735, 0.004454212263226509, -0.0013754941755905747, -0.0003616940521169454, 0.0009853318333625793, -0.0010675566736608744, 2.2752907170797698e-05, 0.00021436100360006094], [5.143476664670743e-05, 0.0006150638218969107, 3.051238127227407e-05, -0.0003526979999151081, -0.0002160759031539783, 0.00017235163250006735, -0.0013754941755905747, 0.005077595356851816, -0.0019756383262574673, 0.0010313036618754268, 0.0004811306716874242, 8.600112778367475e-05, -0.00039114776882342994], [-4.393188646645285e-05, -0.00024323542311321944, 0.00010416248551337048, 0.0003856858820654452, -0.0008620930020697415, 0.0003899608855135739, -0.0003616940521169454, -0.0019756383262574673, 0.008062658831477165, -0.001083594048395753, -0.0012002360308542848, 0.0011468448210507631, -0.0003885054320562631], [0.00018443963199388236, 0.0005936099332757294, 0.00023046819842420518, 0.000976240960881114, -0.0004850747645832598, -0.00025316167739219964, 0.0009853318333625793, 0.0010313036618754268, -0.001083594048395753, 0.006283411290496588, -0.0024464044254273176, 3.627928890637122e-05, -0.00013704122102353722], [5.608680658042431e-05, 0.0001249126362381503, -0.00020956645312253386, 0.00125400023534894, 0.0008169177453964949, -0.0005734700825996697, -0.0010675566736608744, 0.0004811306716874242, -0.0012002360308542848, -0.0024464044254273176, 0.009900316596031189, -0.0003353040956426412, 7.674483640585095e-05], [3.883445242536254e-05, 0.00022272963542491198, -0.00021513130923267454, -0.0004242326831445098, 5.2877836424158886e-05, -0.0001384302886435762, 2.2752907170797698e-05, 8.600112778367475e-05, 0.0011468448210507631, 3.627928890637122e-05, -0.0003353040956426412, 0.010301638394594193, -0.002528027631342411], [0.00015368043386843055, 0.00020583393052220345, -0.00018694908067118376, 0.00041114838677458465, 0.001202261890284717, -0.00027703025261871517, 0.00021436100360006094, -0.00039114776882342994, -0.0003885054320562631, -0.00013704122102353722, 7.674483640585095e-05, -0.002528027631342411, 0.010921658016741276]], "metadata.audio_properties.analysis.downmix": "mix", "metadata.audio_properties.codec": "mp3", "metadata.audio_properties.md5_encoded": "10168e3a965c09b0fb88fa93d3fac1b3", "