{"song_id": "1182279384279810108", "download": "https://cdn.discordapp.com/attachments/1128313332273782784/1182279384279810108/chirp.mp4?ex=65841e7a&amp", "lyrics": "[Verse]\nIn the castle, shadows linger deep\nFiends arise from their timeless sleep\nWhispering secrets, dark and sly\nUnderneath that cold, moonlit sky\n\n[Chorus]\nCastle of shadows, where nightmares dwell\nEchoing screams, a haunting spell\nLost souls trapped in eternal despair\nBeware the darkness, terrors beware", "style": ["Duper"], "essentia_features": {"lowlevel.average_loudness": 0.9511905908584595, "lowlevel.barkbands_crest.mean": 13.271896362304688, "lowlevel.barkbands_crest.stdev": 5.183241367340088, "lowlevel.barkbands_flatness_db.mean": 0.2337931990623474, "lowlevel.barkbands_flatness_db.stdev": 0.06721466034650803, "lowlevel.barkbands_kurtosis.mean": 6.5472588539123535, "lowlevel.barkbands_kurtosis.stdev": 9.525731086730957, "lowlevel.barkbands_skewness.mean": 1.9039936065673828, "lowlevel.barkbands_skewness.stdev": 1.4118965864181519, "lowlevel.barkbands_spread.mean": 13.46820068359375, "lowlevel.barkbands_spread.stdev": 14.210566520690918, "lowlevel.dissonance.mean": 0.43578073382377625, "lowlevel.dissonance.stdev": 0.042021580040454865, "lowlevel.dynamic_complexity": 4.8174872398376465, "lowlevel.erbbands_crest.mean": 11.64200496673584, "lowlevel.erbbands_crest.stdev": 5.943322658538818, "lowlevel.erbbands_flatness_db.mean": 0.2621653974056244, "lowlevel.erbbands_flatness_db.stdev": 0.0699126198887825, "lowlevel.erbbands_kurtosis.mean": 1.14717698097229, "lowlevel.erbbands_kurtosis.stdev": 3.949983835220337, "lowlevel.erbbands_skewness.mean": 0.732424795627594, "lowlevel.erbbands_skewness.stdev": 0.9019051194190979, "lowlevel.erbbands_spread.mean": 29.185876846313477, "lowlevel.erbbands_spread.stdev": 18.68294906616211, "lowlevel.hfc.mean": 13.083446502685547, "lowlevel.hfc.stdev": 16.035268783569336, "lowlevel.loudness_ebu128.integrated": -14.239604949951172, "lowlevel.loudness_ebu128.loudness_range": 3.970820426940918, "lowlevel.loudness_ebu128.momentary.mean": -15.295832633972168, "lowlevel.loudness_ebu128.momentary.stdev": 3.2965221405029297, "lowlevel.loudness_ebu128.short_term.mean": -14.434309005737305, "lowlevel.loudness_ebu128.short_term.stdev": 1.5365430116653442, "lowlevel.melbands_crest.mean": 17.085391998291016, "lowlevel.melbands_crest.stdev": 6.3033857345581055, "lowlevel.melbands_flatness_db.mean": 0.2644682228565216, "lowlevel.melbands_flatness_db.stdev": 0.08280783146619797, "lowlevel.melbands_kurtosis.mean": 13.508604049682617, "lowlevel.melbands_kurtosis.stdev": 16.78407859802246, "lowlevel.melbands_skewness.mean": 2.586651086807251, "lowlevel.melbands_skewness.stdev": 1.6809349060058594, "lowlevel.melbands_spread.mean": 17.0513916015625, "lowlevel.melbands_spread.stdev": 20.20637321472168, "lowlevel.pitch_salience.mean": 0.5251273512840271, "lowlevel.pitch_salience.stdev": 0.14310823380947113, "lowlevel.silence_rate_20dB.mean": 1.0, "lowlevel.silence_rate_20dB.stdev": 0.0, "lowlevel.silence_rate_30dB.mean": 0.9991055727005005, "lowlevel.silence_rate_30dB.stdev": 0.029893822968006134, "lowlevel.silence_rate_60dB.mean": 0.23255814611911774, "lowlevel.silence_rate_60dB.stdev": 0.4224610924720764, "lowlevel.spectral_centroid.mean": 1032.9674072265625, "lowlevel.spectral_centroid.stdev": 519.5975341796875, "lowlevel.spectral_complexity.mean": 9.233452796936035, "lowlevel.spectral_complexity.stdev": 3.841221809387207, "lowlevel.spectral_decrease.mean": -4.1780197079788195e-09, "lowlevel.spectral_decrease.stdev": 4.690848598443154e-09, "lowlevel.spectral_energy.mean": 0.016955487430095673, "lowlevel.spectral_energy.stdev": 0.019023342058062553, "lowlevel.spectral_energyband_high.mean": 0.0001420060871168971, "lowlevel.spectral_energyband_high.stdev": 0.00041238981066271663, "lowlevel.spectral_energyband_low.mean": 0.0006994671421125531, "lowlevel.spectral_energyband_low.stdev": 0.0022552446462213993, "lowlevel.spectral_energyband_middle_high.mean": 0.004869561176747084, "lowlevel.spectral_energyband_middle_high.stdev": 0.009495649486780167, "lowlevel.spectral_energyband_middle_low.mean": 0.011528759263455868, "lowlevel.spectral_energyband_middle_low.stdev": 0.01567617617547512, "lowlevel.spectral_entropy.mean": 7.058950901031494, "lowlevel.spectral_entropy.stdev": 0.5843888521194458, "lowlevel.spectral_flux.mean": 0.06493216753005981, "lowlevel.spectral_flux.stdev": 0.05320567637681961, "lowlevel.spectral_kurtosis.mean": 8.604731559753418, "lowlevel.spectral_kurtosis.stdev": 5.5523576736450195, "lowlevel.spectral_rms.mean": 0.0035113452468067408, "lowlevel.spectral_rms.stdev": 0.0020524184219539165, "lowlevel.spectral_rolloff.mean": 1547.155517578125, "lowlevel.spectral_rolloff.stdev": 2006.47705078125, "lowlevel.spectral_skewness.mean": 1.8455944061279297, "lowlevel.spectral_skewness.stdev": 0.5978138446807861, "lowlevel.spectral_spread.mean": 3187943.25, "lowlevel.spectral_spread.stdev": 1951387.75, "lowlevel.spectral_strongpeak.mean": 1.4433859586715698, "lowlevel.spectral_strongpeak.stdev": 1.6786155700683594, "lowlevel.zerocrossingrate.mean": 0.052144333720207214, "lowlevel.zerocrossingrate.stdev": 0.04771533980965614, "metadata.audio_properties.analysis.equal_loudness": 0.0, "metadata.audio_properties.analysis.length": 25.91997718811035, "metadata.audio_properties.analysis.sample_rate": 44100.0, "metadata.audio_properties.analysis.start_time": 0.0, "metadata.audio_properties.bit_rate": 115611.0, "metadata.audio_properties.length": 25.920000076293945, "metadata.audio_properties.lossless": 0.0, "metadata.audio_properties.number_channels": 1.0, "metadata.audio_properties.replay_gain": -14.700399398803711, "metadata.audio_properties.sample_rate": 48000.0, "rhythm.beats_count": 47.0, "rhythm.beats_loudness.mean": 0.024640439078211784, "rhythm.beats_loudness.stdev": 0.021489815786480904, "rhythm.bpm": 116.58382415771484, "rhythm.bpm_histogram_first_peak_bpm": 117.0, "rhythm.bpm_histogram_first_peak_weight": 0.3333333134651184, "rhythm.bpm_histogram_second_peak_bpm": 133.0, "rhythm.bpm_histogram_second_peak_spread": 0.6000000238418579, "rhythm.bpm_histogram_second_peak_weight": 0.1304347813129425, "rhythm.danceability": 1.374869704246521, "rhythm.onset_rate": 4.009763717651367, "tonal.chords_changes_rate": 0.03750000149011612, "tonal.chords_number_rate": 0.010714286006987095, "tonal.chords_strength.mean": 0.5783287882804871, "tonal.chords_strength.stdev": 0.08352022618055344, "tonal.hpcp_crest.mean": 16.740848541259766, "tonal.hpcp_crest.stdev": 7.650752544403076, "tonal.hpcp_entropy.mean": 1.6028112173080444, "tonal.hpcp_entropy.stdev": 0.6754205822944641, "tonal.key_edma.strength": 0.6701903343200684, "tonal.key_krumhansl.strength": 0.6713500618934631, "tonal.key_temperley.strength": 0.6686151623725891, "tonal.tuning_diatonic_strength": 0.5515193343162537, "tonal.tuning_equal_tempered_deviation": 0.1099691092967987, "tonal.tuning_frequency": 441.2725830078125, "tonal.tuning_nontempered_energy_ratio": 0.7204866409301758, "lowlevel.barkbands.mean": [1.7487271179561503e-05, 0.0005570321227423847, 7.81178823672235e-05, 0.0001490547292632982, 0.0015020997961983085, 0.002419964876025915, 0.0009844722226262093, 0.003766680834814906, 0.002230799989774823, 0.0013744126772508025, 0.0007160996901802719, 0.0009212427539750934, 0.0009692285675555468, 0.000492285646032542, 0.00010907481919275597, 0.00015171656559687108, 0.0001419096952304244, 6.632840086240321e-05, 9.288008004659787e-05, 9.125150245381519e-05, 9.760874490893912e-06, 3.146364542772062e-05, 3.321823533042334e-05, 1.969751792785246e-05, 2.48668384301709e-05, 4.349195023678476e-06, 1.9006320073344796e-08], "lowlevel.barkbands.stdev": [5.8956578868674114e-05, 0.0019582463428378105, 0.0002471375046297908, 0.0005263102939352393, 0.003446270013228059, 0.0036024898290634155, 0.003708742093294859, 0.011493007652461529, 0.007017233874648809, 0.004317911807447672, 0.0022461949847638607, 0.004052520263940096, 0.0031473778653889894, 0.001660468871705234, 0.0003188722475897521, 0.000392964604543522, 0.0002406718849670142, 0.00011176301632076502, 0.0002060208353213966, 0.000187579877092503, 3.2510630262549967e-05, 0.00014236971037462354, 0.00011928260937565938, 7.1322763687931e-05, 9.249833965441212e-05, 1.8715669284574687e-05, 1.1678489642008572e-07], "lowlevel.erbbands.mean": [0.024741649627685547, 0.09260883927345276, 0.09443102031946182, 0.29220548272132874, 1.7912545204162598, 5.522787094116211, 14.221468925476074, 20.54136848449707, 14.358011245727539, 39.93119812011719, 78.48682403564453, 50.651222229003906, 45.46000289916992, 40.1651496887207, 34.563419342041016, 39.80274963378906, 43.6499137878418, 34.41973114013672, 11.6547269821167, 5.607301235198975, 8.468138694763184, 7.346580982208252, 4.390283584594727, 2.6769261360168457, 6.7738423347473145, 3.974975347518921, 0.6360247135162354, 0.4484730660915375, 0.9773440361022949, 1.4351589679718018, 0.8127222061157227, 0.35246914625167847, 0.3907388150691986, 0.36162689328193665, 0.1268441081047058, 0.034821901470422745, 0.004510425962507725, 0.0002653416304383427, 1.69798204296967e-05, 2.0668663637479767e-05], "lowlevel.erbbands.stdev": [0.08693378418684006, 0.3251458406448364, 0.29967764019966125, 0.9209586381912231, 4.501639366149902, 14.942863464355469, 27.358379364013672, 34.533843994140625, 48.73373031616211, 143.65203857421875, 252.74253845214844, 146.68182373046875, 153.47064208984375, 135.23599243164062, 104.08679962158203, 182.19039916992188, 135.51791381835938, 101.95735931396484, 34.20964431762695, 15.53260612487793, 14.095436096191406, 11.212043762207031, 6.140470504760742, 5.415005683898926, 14.402143478393555, 7.085127830505371, 1.236634373664856, 1.7960745096206665, 4.731325626373291, 5.473043441772461, 2.849830389022827, 1.3054054975509644, 1.414504885673523, 1.3471931219100952, 0.4798291325569153, 0.14950168132781982, 0.019480975344777107, 0.0011118653928861022, 3.0559665901819244e-05, 2.1923087842878886e-05], "lowlevel.gfcc.mean": [-110.33039855957031, 109.1504135131836, -177.90194702148438, -10.580573081970215, -80.37773132324219, -25.069700241088867, -54.9119987487793, -10.821974754333496, -29.24842643737793, -9.930414199829102, -6.939600944519043, -4.251315593719482, -1.4806952476501465], "lowlevel.melbands.mean": [0.00018318418005947024, 6.701346865156665e-05, 8.883755799615756e-05, 0.0002573002711869776, 0.00046623536036349833, 0.0004622684500645846, 0.0001991951430682093, 0.0005175441619940102, 0.0006233449676074088, 0.00030918256379663944, 0.00022082256327848881, 0.000161031712195836, 0.0001074092579074204, 9.750055323820561e-05, 9.818269609240815e-05, 0.00010389408998889849, 5.611874439637177e-05, 2.0342318748589605e-05, 6.094921445765067e-06, 9.802251952351071e-06, 1.0110818948305678e-05, 8.10589608590817e-06, 6.187399321788689e-06, 2.2732035631634062e-06, 1.913032065203879e-06, 4.079888185515301e-06, 5.507978585228557e-06, 1.9010702771993238e-06, 3.6891532317895326e-07, 2.1776565972686512e-07, 2.6565217581264733e-07, 4.962874413649843e-07, 7.32284206605982e-07, 8.291696644846525e-07, 5.35962215053587e-07, 2.4833099132592906e-07, 1.944661818242821e-07, 2.502118263691955e-07, 3.1487797969020903e-07, 3.076000609780749e-07], "lowlevel.melbands.stdev": [0.0006437113042920828, 0.00021718782954849303, 0.0002152546658180654, 0.0006129819666966796, 0.0008823770913295448, 0.0007596981595270336, 0.0006680589285679162, 0.0018288566498085856, 0.0020509574096649885, 0.0009672287851572037, 0.000773034815210849, 0.0005731257260777056, 0.0003218140918761492, 0.00039346740231849253, 0.0004094564646948129, 0.0003224772517569363, 0.0001787608052836731, 6.92551548127085e-05, 1.3936212781118229e-05, 3.7044184864498675e-05, 1.6984064131975174e-05, 1.4874806765874382e-05, 9.73964142758632e-06, 3.4690074244281277e-06, 4.593629910232266e-06, 9.818620128498878e-06, 1.1819004612334538e-05, 3.221559154553688e-06, 7.678821134504688e-07, 7.287840730896278e-07, 1.1853861678901012e-06, 2.516694166843081e-06, 3.241010062993155e-06, 3.169518777212943e-06, 1.9244412214902695e-06, 8.963424988905899e-07, 7.589366646243434e-07, 9.306916126661235e-07, 1.1633665053523146e-06, 1.1618002417890239e-06], "lowlevel.melbands128.mean": [1.6709367628209293e-05, 0.00021238718181848526, 0.000268970790784806, 0.00010429001849843189, 4.635636287275702e-05, 3.450208896538243e-05, 4.244135197950527e-05, 9.008937195176259e-05, 0.00017195582040585577, 0.00026034246548078954, 0.00029249503859318793, 0.0004033370641991496, 0.00046113337157294154, 0.0006180306081660092, 0.0005572650698013604, 0.0003036754496861249, 0.0002953717776108533, 0.0001356474676867947, 0.00012611567217390984, 0.0004324973560869694, 0.0007851323462091386, 0.0006134851719252765, 0.0007970958249643445, 0.0003356265660841018, 0.0002612812095321715, 0.0003347006859257817, 0.00029501496464945376, 0.00022338877897709608, 0.00012475906987674534, 0.00019901632913388312, 0.00017861253581941128, 7.116063352441415e-05, 0.0001071787701221183, 0.00013493659207597375, 8.44168389448896e-05, 7.219144026748836e-05, 0.00014655807171948254, 8.955223893281072e-05, 8.067611634032801e-05, 9.279949881602079e-05, 0.00012166714441264048, 0.00010139602090930566, 5.991704892949201e-05, 3.185346940881573e-05, 2.566527655289974e-05, 2.0321664123912342e-05, 1.1490205906738993e-05, 4.3884128899662755e-06, 3.974707396992017e-06, 7.212926902866457e-06, 1.2605026313394774e-05, 1.0052222023659851e-05, 8.681697181600612e-06, 1.071051065082429e-05, 1.186683675769018e-05, 7.421279860864161e-06, 4.759248440677766e-06, 8.27566964289872e-06, 6.426257186831208e-06, 3.1176834909274476e-06, 1.8434533330946579e-06, 1.718780595183489e-06, 1.7019220877045882e-06, 1.9774895463342546e-06, 2.1776711491838796e-06, 3.45624289366242e-06, 5.774302735517267e-06, 6.2495200836565346e-06, 5.913883342145709e-06, 3.9539158933621366e-06, 1.8353213135924307e-06, 9.18158605145436e-07, 4.717867909675988e-07, 2.553176443598204e-07, 2.5114761115219153e-07, 2.444610345264664e-07, 1.7891269976644253e-07, 1.9821266050712438e-07, 2.6931127194984583e-07, 3.2397821314589237e-07, 4.604475805081165e-07, 5.780375431641005e-07, 5.877786861674394e-07, 7.358361244769185e-07, 8.486027809340158e-07, 9.130438343163405e-07, 7.65419883919094e-07, 7.775146855237836e-07, 5.549334787247062e-07, 3.5437017231743084e-07, 2.753396870502911e-07, 2.1685677609184495e-07, 2.0229283848038904e-07, 1.8550493052771344e-07, 1.8769330267787154e-07, 2.224330017952525e-07, 2.4401276732533006e-07, 3.3220717909898667e-07, 3.006714734965499e-07, 3.041225227207178e-07, 3.7135961861167743e-07, 2.9865253736716113e-07, 2.581544720214879e-07, 1.9665615980102302e-07, 1.2394789905556536e-07, 8.380425953191661e-08, 8.602291501347281e-08, 8.694388498042827e-08, 5.797850022304374e-08, 3.756138866606307e-08, 2.6576174150250154e-08, 1.3343707472301958e-08, 1.2509853597464371e-08, 5.1389590360884085e-09, 2.764413808975519e-09, 1.9975940901417744e-09, 7.472638063887871e-10, 7.172450827708232e-11, 2.3348510624909835e-12, 2.27373480286841e-12, 2.207330021888887e-12, 2.1566687238155913e-12, 2.1167058990995136e-12, 2.0774814160628985e-12, 2.0314895599060634e-12, 1.9790135242364615e-12, 1.9462920858304145e-12, 1.933362974923525e-12], "lowlevel.melbands128.stdev": [5.802463783766143e-05, 0.0007464034715667367, 0.0009468532516621053, 0.0003708125732373446, 0.00016398937441408634, 0.00010299469431629404, 0.00018780275422614068, 0.0002964432933367789, 0.000505463860463351, 0.0008194091496989131, 0.0009792622877284884, 0.0013202616246417165, 0.0012562606716528535, 0.0008982425788417459, 0.0010434299474582076, 0.001066728262230754, 0.0014366813702508807, 0.0005146167241036892, 0.0007294299430213869, 0.0020081845577806234, 0.003291257657110691, 0.0024416197557002306, 0.0033449125476181507, 0.0016806054627522826, 0.0012271414743736386, 0.0015313317999243736, 0.0015340875834226608, 0.0010760213481262326, 0.000587045680731535, 0.0008679322199895978, 0.0008014452178031206, 0.00038813616265542805, 0.00042546886834315956, 0.0005730332341045141, 0.000494019768666476, 0.0004948893329128623, 0.0009665512479841709, 0.0005061762640252709, 0.0005042427801527083, 0.0004289385105948895, 0.0005158896092325449, 0.00043607104453258216, 0.00029171982896514237, 0.00014715362340211868, 0.00010979169746860862, 0.00010900602501351386, 4.341960811871104e-05, 1.3072154615656473e-05, 1.320247793046292e-05, 2.8946646125405096e-05, 7.720584835624322e-05, 1.8972959878738038e-05, 1.669566336204298e-05, 2.7963402317254804e-05, 3.325205761939287e-05, 1.8461671061231755e-05, 1.0825842764461413e-05, 1.5701467418693937e-05, 1.544332735647913e-05, 5.950038030277938e-06, 4.047245511173969e-06, 3.4749061796901515e-06, 4.038241058879066e-06, 6.716525604133494e-06, 5.782290827482939e-06, 1.2716094715869986e-05, 1.782491381163709e-05, 1.7642634702497162e-05, 1.7606071196496487e-05, 8.710463589522988e-06, 3.7936142689432018e-06, 1.7427048533136258e-06, 1.1744958783310722e-06, 6.186606356095581e-07, 8.109250870802498e-07, 9.336127391179616e-07, 6.583052822861646e-07, 7.641074830644357e-07, 1.4104206229603733e-06, 1.51869448927755e-06, 2.4974890493467683e-06, 3.240725845898851e-06, 2.872293862310471e-06, 3.900391675415449e-06, 3.2941234167083167e-06, 3.653105295597925e-06, 3.1990155093808426e-06, 3.1371605473395903e-06, 2.047049747488927e-06, 1.3196821555538918e-06, 1.032530690281419e-06, 8.415926231464255e-07, 7.94628931544139e-07, 7.826307637515129e-07, 7.81728999754705e-07, 8.999747933557956e-07, 9.858191560851992e-07, 1.2328833918218152e-06, 1.1737096201613895e-06, 1.1865952274092706e-06, 1.4348102013173047e-06, 1.168903168036195e-06, 9.852776656771312e-07, 8.44759824758512e-07, 5.079221523374144e-07, 3.2916261716309236e-07, 3.611568786254793e-07, 3.867255031764216e-07, 2.710951036988263e-07, 2.132482137540137e-07, 1.4727079644671903e-07, 5.690780113809524e-08, 6.870527613500599e-08, 3.21592708019125e-08, 1.7117503858798955e-08, 1.0876249234570423e-08, 4.525339214467294e-09, 4.94224550173783e-10, 4.167884353617479e-12, 4.063059350772891e-12, 3.960423135274116e-12, 3.873198203135919e-12, 3.799212246885508e-12, 3.732525573341139e-12, 3.6777234903306866e-12, 3.6350757473546658e-12, 3.6030753033933216e-12, 3.5836242827380627e-12], "lowlevel.mfcc.mean": [-739.8048706054688, 146.27059936523438, -52.6713752746582, -0.7476436495780945, -21.598669052124023, -24.10218620300293, -23.603282928466797, -15.577726364135742, -23.728546142578125, -15.379189491271973, -10.790416717529297, -16.195592880249023, 3.0894265174865723], "lowlevel.spectral_contrast_coeffs.mean": [-0.5286629796028137, -0.6869911551475525, -0.745073676109314, -0.7807404398918152, -0.7664979100227356, -0.7505968809127808], "lowlevel.spectral_contrast_coeffs.stdev": [0.12104569375514984, 0.09401379525661469, 0.09137794375419617, 0.06346782296895981, 0.05298083648085594, 0.05095982179045677], "lowlevel.spectral_contrast_valleys.mean": [-9.312047958374023, -7.254095077514648, -7.8770928382873535, -8.027846336364746, -8.488359451293945, -12.24808120727539], "lowlevel.spectral_contrast_valleys.stdev": [1.0022962093353271, 0.5886794328689575, 0.6437786817550659, 0.49171245098114014, 0.5864113569259644, 1.381942868232727], "rhythm.beats_loudness_band_ratio.mean": [0.13608597218990326, 0.33504876494407654, 0.32279786467552185, 0.2023923397064209, 0.05253593623638153, 0.013642612844705582], "rhythm.beats_loudness_band_ratio.stdev": [0.2781262695789337, 0.29985499382019043, 0.28027886152267456, 0.24819225072860718, 0.05588285252451897, 0.012132166884839535], "tonal.hpcp.mean": [0.2642882764339447, 0.10677442699670792, 0.04671935364603996, 0.02719622477889061, 0.028908006846904755, 0.03929279372096062, 0.047842226922512054, 0.06282734125852585, 0.13613569736480713, 0.17699557542800903, 0.12069409340620041, 0.06775768101215363, 0.04300759360194206, 0.04061422869563103, 0.13750724494457245, 0.19599206745624542, 0.1403805911540985, 0.09518180042505264, 0.05441095307469368, 0.04492844268679619, 0.18002110719680786, 0.26539716124534607, 0.1570224165916443, 0.20616471767425537, 0.2535422146320343, 0.12758485972881317, 0.06271618604660034, 0.05367923155426979, 0.05445345491170883, 0.07286514341831207, 0.09120967239141464, 0.0760076493024826, 0.05466402322053909, 0.04259878024458885, 0.051061809062957764, 0.2227270007133484], "tonal.hpcp.stdev": [0.3405551314353943, 0.19185662269592285, 0.15969747304916382, 0.11351587623357773, 0.11676634103059769, 0.1236279308795929, 0.11496317386627197, 0.15372493863105774, 0.2323281168937683, 0.2736790180206299, 0.22677834331989288, 0.1785123646259308, 0.12465136498212814, 0.12113059312105179, 0.24643677473068237, 0.3129509389400482, 0.25500133633613586, 0.22628054022789001, 0.15041907131671906, 0.13351890444755554, 0.25919628143310547, 0.3553737998008728, 0.24810777604579926, 0.3178264796733856, 0.37864869832992554, 0.23338855803012848, 0.16158990561962128, 0.14609576761722565, 0.15426990389823914, 0.17685474455356598, 0.21322433650493622, 0.19616469740867615, 0.15718798339366913, 0.1425733119249344, 0.14404615759849548, 0.30283915996551514], "rhythm.beats_position": [0.4411791265010834, 0.8939682245254517, 1.3467572927474976, 1.799546480178833, 2.252335548400879, 2.705124616622925, 3.2275736331939697, 3.738412618637085, 4.249251842498779, 4.7600908279418945, 5.27092981338501, 5.781768798828125, 6.315827369689941, 6.861496448516846, 7.441995143890381, 8.034104347229004, 8.59138298034668, 9.148661613464355, 9.705941200256348, 10.263219833374023, 10.8204984664917, 11.366168022155762, 11.888616561889648, 12.399456024169922, 12.921904563903809, 13.374693870544434, 13.815873146057129, 14.257051467895508, 14.698230743408203, 15.162630081176758, 15.603809356689453, 16.068208694458008, 16.532608032226562, 16.997007369995117, 17.46140480041504, 18.08834457397461, 18.715282440185547, 19.435102462768555, 20.15492057800293, 20.851518630981445, 21.513288497924805, 22.19827651977539, 22.883264541625977, 23.545034408569336, 24.218412399291992, 24.89179039001465, 25.565170288085938], "rhythm.bpm_histogram": [0.0, 0.0, 0.0, 0.0, 0.0, 0.0, 0.0, 0.0, 0.0, 0.0, 0.0, 0.0, 0.0, 0.0, 0.0, 0.0, 0.0, 0.0, 0.0, 0.0, 0.0, 0.0, 0.0, 0.0, 0.0, 0.0, 0.0, 0.0, 0.0, 0.0, 0.0, 0.0, 0.0, 0.0, 0.0, 0.0, 0.0, 0.0, 0.0, 0.0, 0.0, 0.0, 0.0, 0.0, 0.0, 0.0, 0.0, 0.0, 0.0, 0.0, 0.0, 0.0, 0.0, 0.0, 0.0, 0.0, 0.0, 0.0, 0.0, 0.0, 0.0, 0.0, 0.0, 0.0, 0.0, 0.0, 0.0, 0.0, 0.0, 0.0, 0.0, 0.0, 0.0, 0.0, 0.0, 0.0, 0.0, 0.0, 0.0, 0.0, 0.0, 0.0, 0.0, 0.043478261679410934, 0.0, 0.0, 0.021739130839705467, 0.0, 0.043478261679410934, 0.06521739065647125, 0.0, 0.043478261679410934, 0.0, 0.0, 0.0, 0.0, 0.043478261679410934, 0.0, 0.0, 0.0, 0.0, 0.021739130839705467, 0.0, 0.021739130839705467, 0.0, 0.0, 0.0, 0.0, 0.10869564861059189, 0.0, 0.043478261679410934, 0.0, 0.021739130839705467, 0.0, 0.0, 0.06521739065647125, 0.0, 0.1304347813129425, 0.0, 0.0, 0.0, 0.0, 0.0, 0.0, 0.0, 0.0, 0.0, 0.0, 0.0, 0.10869564861059189, 0.0, 0.0, 0.0, 0.1304347813129425, 0.0, 0.0, 0.08695652335882187, 0.0, 0.0, 0.0, 0.0, 0.0, 0.0, 0.0, 0.0, 0.0, 0.0, 0.0, 0.0, 0.0, 0.0, 0.0, 0.0, 0.0, 0.0, 0.0, 0.0, 0.0, 0.0, 0.0, 0.0, 0.0, 0.0, 0.0, 0.0, 0.0, 0.0, 0.0, 0.0, 0.0, 0.0, 0.0, 0.0, 0.0, 0.0, 0.0, 0.0, 0.0, 0.0, 0.0, 0.0, 0.0, 0.0, 0.0, 0.0, 0.0, 0.0, 0.0, 0.0, 0.0, 0.0, 0.0, 0.0, 0.0, 0.0, 0.0, 0.0, 0.0, 0.0, 0.0, 0.0, 0.0, 0.0, 0.0, 0.0, 0.0, 0.0, 0.0, 0.0, 0.0, 0.0, 0.0, 0.0, 0.0, 0.0, 0.0, 0.0, 0.0, 0.0, 0.0, 0.0, 0.0, 0.0, 0.0, 0.0, 0.0, 0.0, 0.0, 0.0, 0.0, 0.0, 0.0, 0.0, 0.0, 0.0, 0.0, 0.0, 0.0, 0.0, 0.0, 0.0, 0.0, 0.0, 0.0, 0.0, 0.0, 0.0, 0.0, 0.0, 0.0], "tonal.chords_histogram": [12.5, 39.28571319580078, 7.3214287757873535, 0.0, 0.0, 1.25, 1.0714285373687744, 0.0, 0.0, 0.0, 0.5357142686843872, 0.0, 0.0, 0.0, 0.0, 0.0, 0.0, 0.0, 0.0, 0.0, 0.0, 0.0, 0.0, 38.03571319580078], "tonal.thpcp": [1.0, 0.5916507244110107, 0.7768158316612244, 0.9553313255310059, 0.4807318150997162, 0.2363106906414032, 0.20226000249385834, 0.20517723262310028, 0.2745513319969177, 0.34367236495018005, 0.28639209270477295, 0.2059706449508667, 0.16050955653190613, 0.19239772856235504, 0.8392214775085449, 0.9958217740058899, 0.40231940150260925, 0.17603561282157898, 0.102473683655262, 0.10892356932163239, 0.14805279672145844, 0.18026652932167053, 0.23672951757907867, 0.5129508376121521, 0.666908323764801, 0.4547678530216217, 0.2553067207336426, 0.16204993426799774, 0.15303188562393188, 0.5181187391281128, 0.7384859323501587, 0.5289453268051147, 0.35863909125328064, 0.20501708984375, 0.1692875772714615, 0.6783083081245422], "lowlevel.gfcc.cov": [[3369.5234375, -1507.004638671875, -188.40435791015625, -605.698486328125, -840.8988647460938, 92.14661407470703, -200.3411407470703, 99.6688232421875, -343.7647705078125, 164.94789123535156, -166.18478393554688, 61.22549819946289, -201.90872192382812], [-1507.004638671875, 2714.1923828125, -111.53307342529297, 396.4874267578125, 1081.206298828125, -389.7021789550781, 615.3003540039062, -152.1422882080078, 519.8798217773438, -229.646728515625, 298.32196044921875, -249.70294189453125, 212.5693359375], [-188.40435791015625, -111.53307342529297, 1171.4931640625, 689.0265502929688, 200.34552001953125, 344.451171875, -224.26339721679688, 107.59259796142578, 94.75309753417969, 48.24673080444336, -125.71621704101562, 48.24267578125, -35.977630615234375], [-605.698486328125, 396.4874267578125, 689.0265502929688, 789.4020385742188, 398.6340637207031, 207.75103759765625, -16.149749755859375, 36.369686126708984, 200.78395080566406, -22.75771713256836, -7.229411602020264, -2.101325035095215, 70.16383361816406], [-840.8988647460938, 1081.206298828125, 200.34552001953125, 398.6340637207031, 730.4361572265625, 24.64330291748047, 307.9850769042969, 11.210273742675781, 309.4337463378906, -11.19241714477539, 118.09403228759766, -57.708984375, 103.11407470703125], [92.14661407470703, -389.7021789550781, 344.451171875, 207.75103759765625, 24.64330291748047, 442.65576171875, 34.69119644165039, 93.4644546508789, -3.753488779067993, 39.51386642456055, -31.268545150756836, 65.79991912841797, -35.646995544433594], [-200.3411407470703, 615.3003540039062, -224.26339721679688, -16.149749755859375, 307.9850769042969, 34.69119644165039, 530.6543579101562, 41.951454162597656, 178.8511199951172, -14.361626625061035, 159.13682556152344, -32.136627197265625, 35.82469177246094], [99.6688232421875, -152.1422882080078, 107.59259796142578, 36.369686126708984, 11.210273742675781, 93.4644546508789, 41.951454162597656, 137.41427612304688, 59.60781478881836, 66.95423126220703, -2.2750768661499023, 11.710427284240723, -9.541143417358398], [-343.7647705078125, 519.8798217773438, 94.75309753417969, 200.78395080566406, 309.4337463378906, -3.753488779067993, 178.8511199951172, 59.60781478881836, 303.70721435546875, 49.53314971923828, 98.47113037109375, -46.81663131713867, 51.83518981933594], [164.94789123535156, -229.646728515625, 48.24673080444336, -22.75771713256836, -11.19241714477539, 39.51386642456055, -14.361626625061035, 66.95423126220703, 49.53314971923828, 150.85256958007812, 7.692544460296631, 22.390363693237305, -29.243478775024414], [-166.18478393554688, 298.32196044921875, -125.71621704101562, -7.229411602020264, 118.09403228759766, -31.268545150756836, 159.13682556152344, -2.2750768661499023, 98.47113037109375, 7.692544460296631, 157.27911376953125, -3.3330788612365723, 46.2025260925293], [61.22549819946289, -249.70294189453125, 48.24267578125, -2.101325035095215, -57.708984375, 65.79991912841797, -32.136627197265625, 11.710427284240723, -46.81663131713867, 22.390363693237305, -3.3330788612365723, 121.54363250732422, 24.284467697143555], [-201.90872192382812, 212.5693359375, -35.977630615234375, 70.16383361816406, 103.11407470703125, -35.646995544433594, 35.82469177246094, -9.541143417358398, 51.83518981933594, -29.243478775024414, 46.2025260925293, 24.284467697143555, 122.71416473388672]], "lowlevel.gfcc.icov": [[0.0004876174789387733, 3.8726582715753466e-05, -0.00013792570098303258, 0.0001857995957834646, 0.000493647821713239, -1.9232455088058487e-05, -0.0003077738219872117, -2.8900600227643736e-05, 0.00012923024769406766, -0.00047025142703205347, 0.0002350731083424762, 0.00020909123122692108, -4.077018456882797e-05], [3.8726582715753466e-05, 0.003878762247040868, -0.0011465748539194465, 0.0008019854431040585, -0.003725061658769846, 0.0026797147002071142, -0.0015435614623129368, 0.002263976726680994, -0.001871133572421968, 0.0042593106627464294, -0.001942112692631781, 0.0032165786251425743, -0.0010146691929548979], [-0.00013792570098303258, -0.0011465748539194465, 0.0034258454106748104, -0.002474067732691765, 0.0004278789274394512, -0.0015572432894259691, 0.0019072109134867787, -0.0020479769445955753, 0.00022660751710645854, -0.0009166519157588482, 0.0012514753034338355, -0.0021062614396214485, 0.0022817354183644056], [0.0001857995957834646, 0.0008019854431040585, -0.002474067732691765, 0.004800588823854923, -0.0017357021570205688, -0.00043783432920463383, 0.0001428452378604561, 0.0014100439148023725, -0.0018310447921976447, 0.0019360011210665107, -0.00030690734274685383, 0.0012743569677695632, -0.0020562997087836266], [0.000493647821713239, -0.003725061658769846, 0.0004278789274394512, -0.0017357021570205688, 0.008187551982700825, -0.002306772628799081, -0.0009469865472055972, -0.00047155903303064406, 0.00010478690091986209, -0.0053244540467858315, 0.0025954912416636944, -0.0019099026685580611, -0.0008397259516641498], [-1.9232455088058487e-05, 0.0026797147002071142, -0.0015572432894259691, -0.00043783432920463383, -0.002306772628799081, 0.006031520664691925, -0.002344994805753231, -0.00025906876544468105, -6.507484613393899e-06, 0.0027741394005715847, -0.0013490087585523725, 0.0005102921277284622, 0.0005458809318952262], [-0.0003077738219872117, -0.0015435614623129368, 0.0019072109134867787, 0.0001428452378604561, -0.0009469865472055972, -0.002344994805753231, 0.005832812283188105, -0.003031244734302163, -0.0004994180053472519, 0.0008763491059653461, -0.002047483343631029, -0.0020077519584447145, 0.002408950589597225], [-2.8900600227643736e-05, 0.002263976726680994, -0.0020479769445955753, 0.0014100439148023725, -0.00047155903303064406, -0.00025906876544468105, -0.003031244734302163, 0.014461279846727848, -0.003904164070263505, -0.0020545802544802427, 0.0011184649774804711, 0.0026975504588335752, -0.002841052133589983], [0.00012923024769406766, -0.001871133572421968, 0.00022660751710645854, -0.0018310447921976447, 0.00010478690091986209, -6.507484613393899e-06, -0.0004994180053472519, -0.003904164070263505, 0.010676587000489235, -0.0054937200620770454, -0.001911871717311442, 0.0015559245366603136, -0.001087578828446567], [-0.00047025142703205347, 0.0042593106627464294, -0.0009166519157588482, 0.0019360011210665107, -0.0053244540467858315, 0.0027741394005715847, 0.0008763491059653461, -0.0020545802544802427, -0.0054937200620770454, 0.016717078164219856, -0.0038881192449480295, -0.00014393278979696333, 0.003133499762043357], [0.0002350731083424762, -0.001942112692631781, 0.0012514753034338355, -0.00030690734274685383, 0.0025954912416636944, -0.0013490087585523725, -0.002047483343631029, 0.0011184649774804711, -0.001911871717311442, -0.0038881192449480295, 0.013112601824104786, -0.002527776639908552, -0.002150457352399826], [0.00020909123122692108, 0.0032165786251425743, -0.0021062614396214485, 0.0012743569677695632, -0.0019099026685580611, 0.0005102921277284622, -0.0020077519584447145, 0.0026975504588335752, 0.0015559245366603136, -0.00014393278979696333, -0.002527776639908552, 0.015537692233920097, -0.0068396613933146], [-4.077018456882797e-05, -0.0010146691929548979, 0.0022817354183644056, -0.0020562997087836266, -0.0008397259516641498, 0.0005458809318952262, 0.002408950589597225, -0.002841052133589983, -0.001087578828446567, 0.003133499762043357, -0.002150457352399826, -0.0068396613933146, 0.014993608929216862]], "lowlevel.mfcc.cov": [[2781.760986328125, -1190.2667236328125, 19.318004608154297, -765.40625, -591.3230590820312, -269.25665283203125, -66.18244934082031, -131.2798309326172, -238.6691436767578, -38.116947174072266, 103.20697021484375, -280.4517822265625, 78.649169921875], [-1190.2667236328125, 2245.509033203125, -742.2932739257812, 665.6210327148438, 160.10263061523438, 115.5970230102539, 132.38385009765625, 152.19166564941406, 146.67401123046875, 161.55380249023438, 63.15024185180664, 151.23377990722656, 52.798912048339844], [19.318004608154297, -742.2932739257812, 1156.2344970703125, 141.86766052246094, 421.3542175292969, 179.44932556152344, -32.91624450683594, 30.149301528930664, 132.70767211914062, -35.41515350341797, -107.7348861694336, 154.10655212402344, -123.41949462890625], [-765.40625, 665.6210327148438, 141.86766052246094, 664.4830932617188, 376.8538818359375, 185.01502990722656, 24.802135467529297, 76.90005493164062, 190.61489868164062, 84.16259002685547, -29.44173240661621, 184.57081604003906, -48.76521301269531], [-591.3230590820312, 160.10263061523438, 421.3542175292969, 376.8538818359375, 544.2477416992188, 200.3406524658203, -6.481781005859375, 36.4242057800293, 180.5149383544922, 67.07406616210938, -50.81990432739258, 166.1304931640625, -75.71334075927734], [-269.25665283203125, 115.5970230102539, 179.44932556152344, 185.01502990722656, 200.3406524658203, 300.3241882324219, 133.24490356445312, 135.57191467285156, 126.93109130859375, 71.864013671875, 37.750064849853516, 94.18038177490234, -15.328773498535156], [-66.18244934082031, 132.38385009765625, -32.91624450683594, 24.802135467529297, -6.481781005859375, 133.24490356445312, 235.80015563964844, 142.14976501464844, 59.356201171875, 49.649986267089844, 65.64595031738281, 26.950258255004883, 40.91289520263672], [-131.2798309326172, 152.19166564941406, 30.149301528930664, 76.90005493164062, 36.4242057800293, 135.57191467285156, 142.14976501464844, 190.9652557373047, 96.0384292602539, 52.05585861206055, 40.83609390258789, 56.67218780517578, 28.080835342407227], [-238.6691436767578, 146.67401123046875, 132.70767211914062, 190.61489868164062, 180.5149383544922, 126.93109130859375, 59.356201171875, 96.0384292602539, 199.19766235351562, 99.48495483398438, 32.819461822509766, 99.42859649658203, -3.244912624359131], [-38.116947174072266, 161.55380249023438, -35.41515350341797, 84.16259002685547, 67.07406616210938, 71.864013671875, 49.649986267089844, 52.05585861206055, 99.48495483398438, 189.51963806152344, 113.39456939697266, 64.71929931640625, 21.839345932006836], [103.20697021484375, 63.15024185180664, -107.7348861694336, -29.44173240661621, -50.81990432739258, 37.750064849853516, 65.64595031738281, 40.83609390258789, 32.819461822509766, 113.39456939697266, 195.37045288085938, 32.2036018371582, 51.30691909790039], [-280.4517822265625, 151.23377990722656, 154.10655212402344, 184.57081604003906, 166.1304931640625, 94.18038177490234, 26.950258255004883, 56.67218780517578, 99.42859649658203, 64.71929931640625, 32.2036018371582, 184.1480255126953, 8.208979606628418], [78.649169921875, 52.798912048339844, -123.41949462890625, -48.76521301269531, -75.71334075927734, -15.328773498535156, 40.91289520263672, 28.080835342407227, -3.244912624359131, 21.839345932006836, 51.30691909790039, 8.208979606628418, 117.240966796875]], "lowlevel.mfcc.icov": [[0.0006927375216037035, 0.0001528556167613715, -0.0003133650461677462, 0.00019640882965177298, 0.0005806839326396585, 6.78317592246458e-05, 7.85634620115161e-05, 0.00012446629989426583, 7.944528624648228e-05, -0.0004971751477569342, -0.00021073278912808746, 0.0005689202807843685, -0.00030789399170316756], [0.0001528556167613715, 0.0012837446993216872, 0.001026002923026681, -0.0011545679299160838, -0.00022762535081710666, 0.0003139408363495022, -0.0002501792332623154, -0.0006443116581067443, 0.00037111900746822357, -0.00033590264501981437, 0.00016549644351471215, -0.0003580557822715491, 8.033402264118195e-05], [-0.0003133650461677462, 0.001026002923026681, 0.002685963874682784, -0.0003240967635065317, -0.001632819534279406, -0.00019207774312235415, -3.116284642601386e-05, -0.0007418326567858458, -0.0002475606161169708, 0.0008091351483017206, 0.0005718134343624115, -0.001745707239024341, 0.0012642646906897426], [0.00019640882965177298, -0.0011545679299160838, -0.0003240967635065317, 0.004537219647318125, -0.0010782460449263453, -0.000764606345910579, 0.00047381865442730486, 0.0005593248060904443, -0.0015151597326621413, 0.00015370339679066092, 0.0005823391838930547, -0.0012713781325146556, 0.0006022367742843926], [0.0005806839326396585, -0.00022762535081710666, -0.001632819534279406, -0.0010782460449263453, 0.006296996958553791, -0.0020648972131311893, 0.0005621908931061625, 0.0023381721694022417, -0.0019614691846072674, -0.0012087974464520812, 0.0011167230550199747, -0.0006335168145596981, 0.00031252321787178516], [6.78317592246458e-05, 0.0003139408363495022, -0.00019207774312235415, -0.000764606345910579, -0.0020648972131311893, 0.008055963553488255, -0.0027346487622708082, -0.0030704874079674482, 3.074997221119702e-05, -0.00024328478320967406, -0.0010864449432119727, 6.502184987766668e-05, 0.0012194575974717736], [7.85634620115161e-05, -0.0002501792332623154, -3.116284642601386e-05, 0.00047381865442730486, 0.0005621908931061625, -0.0027346487622708082, 0.009329515509307384, -0.0050953347235918045, 0.0003415532410144806, 0.00021756382193416357, -0.0012979437597095966, 0.0009961894247680902, -0.0013383293990045786], [0.00012446629989426583, -0.0006443116581067443, -0.0007418326567858458, 0.0005593248060904443, 0.0023381721694022417, -0.0030704874079674482, -0.0050953347235918045, 0.013728419318795204, -0.004557727370411158, 0.0004658729594666511, 0.0008585284231230617, -0.001036228844895959, -0.0012592326384037733], [7.944528624648228e-05, 0.00037111900746822357, -0.0002475606161169708, -0.0015151597326621413, -0.0019614691846072674, 3.074997221119702e-05, 0.0003415532410144806, -0.004557727370411158, 0.012909655459225178, -0.004614310339093208, 0.0005272697890177369, -0.0007763063767924905, -0.0003610233834479004], [-0.0004971751477569342, -0.00033590264501981437, 0.0008091351483017206, 0.00015370339679066092, -0.0012087974464520812, -0.00024328478320967406, 0.00021756382193416357, 0.0004658729594666511, -0.004614310339093208, 0.012066568247973919, -0.005825418513268232, -0.0010322430171072483, 0.0006467062048614025], [-0.00021073278912808746, 0.00016549644351471215, 0.0005718134343624115, 0.0005823391838930547, 0.0011167230550199747, -0.0010864449432119727, -0.0012979437597095966, 0.0008585284231230617, 0.0005272697890177369, -0.005825418513268232, 0.01037286315113306, -0.002026906004175544, -0.0015602771891281009], [0.0005689202807843685, -0.0003580557822715491, -0.001745707239024341, -0.0012713781325146556, -0.0006335168145596981, 6.502184987766668e-05, 0.0009961894247680902, -0.001036228844895959, -0.0007763063767924905, -0.0010322430171072483, -0.002026906004175544, 0.01129965204745531, -0.0028203546535223722], [-0.00030789399170316756, 8.033402264118195e-05, 0.0012642646906897426, 0.0006022367742843926, 0.00031252321787178516, 0.0012194575974717736, -0.0013383293990045786, -0.0012592326384037733, -0.0003610233834479004, 0.0006467062048614025, -0.0015602771891281009, -0.0028203546535223722, 0.01216091588139534]], "metadata.audio_properties.analysis.downmix": "mix", "metadata.audio_properties.codec": "mp3", "metadata.audio_properties.md5_encoded": "5ddd3fb799eb2fd4b30ae66bdf8eb83e", "metadata.tags.file_name": "1182279384279810108.mp3", "metadata.version.essentia": "2.1-beta6-dev", "metadata.version.essentia_git_sha": "v2.1_beta5-1110-g77a6a954", "metadata.version.extractor": "music 2.0", "tonal.chords_key": "A", "tonal.chords_scale": "minor", "tonal.key_edma.key": "F", "tonal.key_edma.scale": "major", "tonal.key_krumhansl.key": "F", "tonal.key_krumhansl.scale": "major", "tonal.key_temperley.key": "F", "tonal.key_temperley.scale": "major", "metadata.tags.encoding": ["Lavf58.45.100"]}, "essentia_models": [{"model_name": "genre_dortmund", "activations": {"alternative": "0.