{"song_id": "1182278716525649920", "download": "https://cdn.discordapp.com/attachments/1128313332273782784/1182278716525649920/chirp.mp4?ex=65841ddb&amp", "lyrics": "[Chorus]\nNari vindzan\u00e9 (ri vindzan\u00e9), rissi soukouman\u00e9 (ch\u00e9riy\u00e9)\nMch\u00e9wangou (waw\u00e9 wangou) nari vindzan\u00e9 (za kw\u00e9li)\nRi vindzan\u00e9, ri paran\u00e9 (mch\u00e9wangou ri vindzan\u00e9 eh-eh-eh)\nZa kw\u00e9li ri paran\u00e9 (ri paran\u00e9), wami na waw\u00e9 (ri vindzan\u00e9)", "style": ["lyric"], "essentia_features": {"lowlevel.average_loudness": 0.9623721837997437, "lowlevel.barkbands_crest.mean": 12.07695198059082, "lowlevel.barkbands_crest.stdev": 4.433101654052734, "lowlevel.barkbands_flatness_db.mean": 0.15642613172531128, "lowlevel.barkbands_flatness_db.stdev": 0.05215134471654892, "lowlevel.barkbands_kurtosis.mean": 9.361044883728027, "lowlevel.barkbands_kurtosis.stdev": 18.845993041992188, "lowlevel.barkbands_skewness.mean": 2.204836368560791, "lowlevel.barkbands_skewness.stdev": 1.6635432243347168, "lowlevel.barkbands_spread.mean": 17.27183723449707, "lowlevel.barkbands_spread.stdev": 12.372916221618652, "lowlevel.dissonance.mean": 0.4390573501586914, "lowlevel.dissonance.stdev": 0.04278319329023361, "lowlevel.dynamic_complexity": 2.8042218685150146, "lowlevel.erbbands_crest.mean": 12.825634002685547, "lowlevel.erbbands_crest.stdev": 5.695167064666748, "lowlevel.erbbands_flatness_db.mean": 0.17635703086853027, "lowlevel.erbbands_flatness_db.stdev": 0.0634959489107132, "lowlevel.erbbands_kurtosis.mean": 2.3870961666107178, "lowlevel.erbbands_kurtosis.stdev": 4.2034382820129395, "lowlevel.erbbands_skewness.mean": 1.153734803199768, "lowlevel.erbbands_skewness.stdev": 1.0638538599014282, "lowlevel.erbbands_spread.mean": 39.735633850097656, "lowlevel.erbbands_spread.stdev": 26.525888442993164, "lowlevel.hfc.mean": 21.28164291381836, "lowlevel.hfc.stdev": 16.419384002685547, "lowlevel.loudness_ebu128.integrated": -18.208721160888672, "lowlevel.loudness_ebu128.loudness_range": 2.511545181274414, "lowlevel.loudness_ebu128.momentary.mean": -18.740253448486328, "lowlevel.loudness_ebu128.momentary.stdev": 2.7158589363098145, "lowlevel.loudness_ebu128.short_term.mean": -18.265174865722656, "lowlevel.loudness_ebu128.short_term.stdev": 0.8810842633247375, "lowlevel.melbands_crest.mean": 15.848808288574219, "lowlevel.melbands_crest.stdev": 5.733116626739502, "lowlevel.melbands_flatness_db.mean": 0.20798422396183014, "lowlevel.melbands_flatness_db.stdev": 0.061171483248472214, "lowlevel.melbands_kurtosis.mean": 26.07572364807129, "lowlevel.melbands_kurtosis.stdev": 65.33711242675781, "lowlevel.melbands_skewness.mean": 3.133195161819458, "lowlevel.melbands_skewness.stdev": 2.529360294342041, "lowlevel.melbands_spread.mean": 17.428709030151367, "lowlevel.melbands_spread.stdev": 14.80336856842041, "lowlevel.pitch_salience.mean": 0.5185184478759766, "lowlevel.pitch_salience.stdev": 0.12559667229652405, "lowlevel.silence_rate_20dB.mean": 1.0, "lowlevel.silence_rate_20dB.stdev": 0.0, "lowlevel.silence_rate_30dB.mean": 0.9101969599723816, "lowlevel.silence_rate_30dB.stdev": 0.28590017557144165, "lowlevel.silence_rate_60dB.mean": 0.050984937697649, "lowlevel.silence_rate_60dB.stdev": 0.21997083723545074, "lowlevel.spectral_centroid.mean": 1095.083740234375, "lowlevel.spectral_centroid.stdev": 477.7785949707031, "lowlevel.spectral_complexity.mean": 14.304750442504883, "lowlevel.spectral_complexity.stdev": 7.536805152893066, "lowlevel.spectral_decrease.mean": -1.0160955632443347e-08, "lowlevel.spectral_decrease.stdev": 1.6293192572902626e-08, "lowlevel.spectral_energy.mean": 0.04028010368347168, "lowlevel.spectral_energy.stdev": 0.06238500028848648, "lowlevel.spectral_energyband_high.mean": 0.000951718189753592, "lowlevel.spectral_energyband_high.stdev": 0.001180558931082487, "lowlevel.spectral_energyband_low.mean": 0.01812811940908432, "lowlevel.spectral_energyband_low.stdev": 0.058609165251255035, "lowlevel.spectral_energyband_middle_high.mean": 0.004059544764459133, "lowlevel.spectral_energyband_middle_high.stdev": 0.005167392548173666, "lowlevel.spectral_energyband_middle_low.mean": 0.018039869144558907, "lowlevel.spectral_energyband_middle_low.stdev": 0.015901122242212296, "lowlevel.spectral_entropy.mean": 7.549224853515625, "lowlevel.spectral_entropy.stdev": 0.38432779908180237, "lowlevel.spectral_flux.mean": 0.09995212405920029, "lowlevel.spectral_flux.stdev": 0.10301447659730911, "lowlevel.spectral_kurtosis.mean": 3.042625665664673, "lowlevel.spectral_kurtosis.stdev": 2.023236036300659, "lowlevel.spectral_rms.mean": 0.005329157691448927, "lowlevel.spectral_rms.stdev": 0.0033011764753609896, "lowlevel.spectral_rolloff.mean": 1212.420166015625, "lowlevel.spectral_rolloff.stdev": 1410.785888671875, "lowlevel.spectral_skewness.mean": 1.3829560279846191, "lowlevel.spectral_skewness.stdev": 0.35697633028030396, "lowlevel.spectral_spread.mean": 5319081.5, "lowlevel.spectral_spread.stdev": 1612259.0, "lowlevel.spectral_strongpeak.mean": 1.462899923324585, "lowlevel.spectral_strongpeak.stdev": 1.1716645956039429, "lowlevel.zerocrossingrate.mean": 0.06222955137491226, "lowlevel.zerocrossingrate.stdev": 0.04298572242259979, "metadata.audio_properties.analysis.equal_loudness": 0.0, "metadata.audio_properties.analysis.length": 40.04265213012695, "metadata.audio_properties.analysis.sample_rate": 44100.0, "metadata.audio_properties.analysis.start_time": 0.0, "metadata.audio_properties.bit_rate": 123698.0, "metadata.audio_properties.length": 40.042667388916016, "metadata.audio_properties.lossless": 0.0, "metadata.audio_properties.number_channels": 1.0, "metadata.audio_properties.replay_gain": -8.0184326171875, "metadata.audio_properties.sample_rate": 48000.0, "rhythm.beats_count": 62.0, "rhythm.beats_loudness.mean": 0.14227572083473206, "rhythm.beats_loudness.stdev": 0.060949720442295074, "rhythm.bpm": 95.12309265136719, "rhythm.bpm_histogram_first_peak_bpm": 96.0, "rhythm.bpm_histogram_first_peak_weight": 0.3333333134651184, "rhythm.bpm_histogram_second_peak_bpm": 91.0, "rhythm.bpm_histogram_second_peak_spread": 0.2857142686843872, "rhythm.bpm_histogram_second_peak_weight": 0.08196721225976944, "rhythm.danceability": 1.3793925046920776, "rhythm.onset_rate": 4.843410491943359, "tonal.chords_changes_rate": 0.05324074253439903, "tonal.chords_number_rate": 0.013888888992369175, "tonal.chords_strength.mean": 0.5695932507514954, "tonal.chords_strength.stdev": 0.0810253769159317, "tonal.hpcp_crest.mean": 15.956486701965332, "tonal.hpcp_crest.stdev": 6.6215105056762695, "tonal.hpcp_entropy.mean": 1.6107943058013916, "tonal.hpcp_entropy.stdev": 0.6767457127571106, "tonal.key_edma.strength": 0.754030704498291, "tonal.key_krumhansl.strength": 0.7631762027740479, "tonal.key_temperley.strength": 0.7549529075622559, "tonal.tuning_diatonic_strength": 0.4991472363471985, "tonal.tuning_equal_tempered_deviation": 0.028424318879842758, "tonal.tuning_frequency": 440.2542419433594, "tonal.tuning_nontempered_energy_ratio": 0.6508026123046875, "lowlevel.barkbands.mean": [0.0003792656061705202, 0.014895138330757618, 0.002092458074912429, 0.0028915393631905317, 0.0036793292965739965, 0.0018928786739706993, 0.002932762959972024, 0.004562393296509981, 0.001786114415153861, 0.0009659824427217245, 0.0005790833383798599, 0.0006475392146967351, 0.0005612964159809053, 0.00021988038497511297, 0.0003206361725460738, 0.0002689607790671289, 0.00027037723339162767, 0.00019010518735740334, 0.00012153475836385041, 0.00016059841436799616, 0.00015796622028574347, 0.0002176635171053931, 0.0002389447472523898, 0.00012809962208848447, 5.2698160288855433e-05, 5.896922084502876e-05, 7.915549758763518e-06], "lowlevel.barkbands.stdev": [0.0012829308398067951, 0.05103662237524986, 0.008933342061936855, 0.004966903943568468, 0.007373994216322899, 0.003332984633743763, 0.004542539361864328, 0.006943643093109131, 0.004651367664337158, 0.0026784713845700026, 0.0013358740834519267, 0.0023706029169261456, 0.0018009570194408298, 0.0004972803872078657, 0.0006186565733514726, 0.0004908108967356384, 0.00044237985275685787, 0.00022435106802731752, 0.00017739443865139037, 0.000251483463216573, 0.00023892133322078735, 0.00033782911486923695, 0.0002963471051771194, 0.00022181577514857054, 8.863404218573123e-05, 9.737626533024013e-05, 1.58439561346313e-05], "lowlevel.erbbands.mean": [0.4956093728542328, 3.0417511463165283, 3.1547157764434814, 5.200565338134766, 13.245867729187012, 9.431198120117188, 16.962779998779297, 16.475624084472656, 38.54701614379883, 39.04483413696289, 117.95035552978516, 55.86433410644531, 26.153644561767578, 29.977521896362305, 25.113920211791992, 28.83388900756836, 24.147968292236328, 15.64274787902832, 17.864273071289062, 13.694731712341309, 17.31977081298828, 13.126585006713867, 10.427087783813477, 8.515711784362793, 5.695312023162842, 7.517245292663574, 7.1366682052612305, 6.0970587730407715, 7.66096830368042, 7.710415840148926, 6.395122051239014, 3.668105125427246, 1.703182578086853, 0.6625182032585144, 0.3494100868701935, 0.19374948740005493, 0.12157010287046432, 0.0299567561596632, 0.0008291688282042742, 6.556972221005708e-05], "lowlevel.erbbands.stdev": [1.6528228521347046, 10.883903503417969, 12.668606758117676, 11.10554313659668, 28.074289321899414, 20.241430282592773, 37.2948112487793, 28.372583389282227, 63.17109680175781, 48.06193542480469, 186.3606719970703, 128.06138610839844, 87.05218505859375, 63.74508285522461, 56.287349700927734, 112.81639099121094, 72.97175598144531, 47.837825775146484, 34.738861083984375, 25.423786163330078, 30.841127395629883, 20.519617080688477, 11.759708404541016, 11.94290542602539, 8.625770568847656, 11.533407211303711, 10.978458404541016, 9.143155097961426, 12.245006561279297, 10.64147663116455, 7.992294788360596, 5.641682147979736, 3.042620897293091, 1.1203802824020386, 0.6167554259300232, 0.35397928953170776, 0.2017839103937149, 0.05231624096632004, 0.0015649039996787906, 9.041142766363919e-05], "lowlevel.gfcc.mean": [-9.089722633361816, 66.14927673339844, -120.08099365234375, 21.204607009887695, -79.35520935058594, 7.537539958953857, -40.146358489990234, 4.5807976722717285, -16.7847957611084, -3.1191132068634033, -21.24296760559082, 1.1656427383422852, -18.65673065185547], "lowlevel.melbands.mean": [0.004328794777393341, 0.0023829112760722637, 0.0012607984244823456, 0.0007945755496621132, 0.0005707853124476969, 0.0003492891264613718, 0.0006199293420650065, 0.0004962101229466498, 0.0009100541356019676, 0.00028578174533322453, 0.00012154324940638617, 0.0001231084461323917, 7.886603270890191e-05, 8.438358054263517e-05, 5.082005372969434e-05, 5.510407572728582e-05, 2.4461263819830492e-05, 2.8512809876701795e-05, 1.9383878679946065e-05, 1.810697176551912e-05, 2.143114215868991e-05, 1.4990376257628668e-05, 9.968523954739794e-06, 8.960284503700677e-06, 6.764690624549985e-06, 3.880574240611168e-06, 4.576844276016345e-06, 5.087596491648583e-06, 4.6673126234964e-06, 3.6677247408078983e-06, 3.5637708606373053e-06, 4.338151029514847e-06, 4.3398526941018645e-06, 4.288830041332403e-06, 3.771554247578024e-06, 3.1518763989879517e-06, 1.928688561747549e-06, 1.3566942698162165e-06, 7.094537863849837e-07, 4.896226073469734e-07], "lowlevel.melbands.stdev": [0.014627845957875252, 0.008685019798576832, 0.0023663260508328676, 0.0017561723943799734, 0.0011668242514133453, 0.0005960318958386779, 0.0009861838771030307, 0.0006031556404195726, 0.0013977681519463658, 0.0007690229685977101, 0.00043479763553477824, 0.0002778803464025259, 0.00018543995975051075, 0.0002824520051945001, 0.00016219177632592618, 0.0001836879237089306, 7.643186108907685e-05, 5.911092011956498e-05, 3.663475945359096e-05, 3.329932951601222e-05, 3.9266033127205446e-05, 2.732977554842364e-05, 1.2591361155500636e-05, 1.112323661800474e-05, 1.0376869795436505e-05, 6.034073521732353e-06, 7.964627002365887e-06, 8.07062224339461e-06, 7.752975761832204e-06, 5.888959549338324e-06, 5.440168934001122e-06, 7.287619155249558e-06, 7.289690529432846e-06, 5.81752874495578e-06, 4.748404535348527e-06, 4.474437446333468e-06, 3.3511298624944175e-06, 2.6402194635011256e-06, 1.2312736998865148e-06, 8.587892352807103e-07], "lowlevel.melbands128.mean": [0.00035859853960573673, 0.0037336014211177826, 0.006605822592973709, 0.0044468543492257595, 0.001983198570087552, 0.0009016057010740042, 0.0007590052555315197, 0.0018295410554856062, 0.0014048235025256872, 0.0006497327703982592, 0.0004040403291583061, 0.0006270354497246444, 0.0006523897172883153, 0.0004282253503333777, 0.0004448183171916753, 0.00021919221035204828, 0.00029545288998633623, 0.0009520562598481774, 0.000713764748070389, 0.00020839052740484476, 0.00039239213219843805, 0.0011962084099650383, 0.0011792731238529086, 0.0003407517506275326, 0.00043760513653978705, 0.0001827645901357755, 9.671523730503395e-05, 0.00013391385436989367, 0.00010532769374549389, 0.0001679903216427192, 0.00010942089284071699, 7.942652882775292e-05, 7.372628169832751e-05, 8.894544589566067e-05, 6.319334352156147e-05, 0.0001073295934475027, 8.41426444821991e-05, 2.1433848814922385e-05, 5.603278987109661e-05, 5.523381696548313e-05, 5.785366374766454e-05, 5.2749572205357254e-05, 1.552390676806681e-05, 1.545650593470782e-05, 2.3253945983015e-05, 3.5189386835554615e-05, 3.2435342291137204e-05, 1.3831769138050731e-05, 1.718884232104756e-05, 1.9130964574287646e-05, 1.7828800991992466e-05, 1.6206275176955387e-05, 2.2067020836402662e-05, 2.2654923668596894e-05, 2.4376406145165674e-05, 1.2658167179324664e-05, 8.204505320463795e-06, 1.1683701814035885e-05, 9.614501323085278e-06, 9.056493581738323e-06, 8.989244633994531e-06, 8.64472531247884e-06, 8.826365956338122e-06, 5.969493940938264e-06, 4.014679234387586e-06, 3.7539355162152788e-06, 3.924417796952184e-06, 3.391229029148235e-06, 5.277063792163972e-06, 5.587040050158976e-06, 4.51014784630388e-06, 5.259392764855875e-06, 5.17982562087127e-06, 4.428990450833226e-06, 4.25565849582199e-06, 4.09239419241203e-06, 3.229115009162342e-06, 2.7771225177275483e-06, 3.8206189856282435e-06, 3.949987785745179e-06, 4.555201030598255e-06, 4.2980809666914865e-06, 4.28494513471378e-06, 4.5149572542868555e-06, 4.126189651287859e-06, 4.468193765205797e-06, 4.343414730101358e-06, 3.968377313867677e-06, 3.874729372910224e-06, 3.4614572541613597e-06, 3.547641881596064e-06, 3.3320072816422908e-06, 2.0028969629493076e-06, 1.8188583226219635e-06, 1.9822157355520176e-06, 1.5983224557203357e-06, 1.2650497183130938e-06, 8.939311442190956e-07, 7.030853907963319e-07, 6.228634674698696e-07, 5.664379045811074e-07, 4.467011365250073e-07, 4.2550126977403124e-07, 4.167216616224323e-07, 4.478104642657854e-07, 3.468702232112264e-07, 3.043749075004598e-07, 2.596163994894596e-07, 2.745688334471197e-07, 4.4925326392331044e-07, 3.681416274048388e-07, 3.754892645702057e-07, 4.1137616335618077e-07, 4.1748918988560035e-07, 3.7793017781950766e-07, 3.298109163551999e-07, 2.411582897821063e-07, 8.993582412131218e-08, 1.3151028710467472e-08, 3.602752471354442e-11, 1.7082816064495354e-11, 7.0654454509266884e-12, 5.538769529828125e-12, 5.4207688685026234e-12, 5.270633755827259e-12, 5.0718439864594345e-12, 4.955669555273268e-12, 4.917048539165858e-12], "lowlevel.melbands128.stdev": [0.001221107435412705, 0.01242696214467287, 0.022952871397137642, 0.016796723008155823, 0.00831284187734127, 0.003827333217486739, 0.0020943949930369854, 0.003083363873884082, 0.003283110447227955, 0.0020742041524499655, 0.000984572689048946, 0.001445827423594892, 0.0017489066813141108, 0.0009497036808170378, 0.0009560736361891031, 0.000444446865003556, 0.0005129753844812512, 0.001825670595280826, 0.0011990157654508948, 0.0003836455289274454, 0.0007800603634677827, 0.001953672617673874, 0.002292562508955598, 0.0009229216957464814, 0.0014239641604945064, 0.0007601883844472468, 0.0004898058832623065, 0.0007408754318021238, 0.00035422027576714754, 0.0005074113723821938, 0.0002737191098276526, 0.00023391589638777077, 0.00022263011487666517, 0.000286748050712049, 0.00021144213678780943, 0.0005189020303077996, 0.00045153076644055545, 9.08180300029926e-05, 0.0002498157846275717, 0.00023590416822116822, 0.00025485039805062115, 0.00030406820587813854, 5.002701436751522e-05, 4.330710362410173e-05, 7.079723582137376e-05, 0.00010582352842902765, 7.75078879087232e-05, 4.7822057240409777e-05, 4.9665897677186877e-05, 5.429387601907365e-05, 4.130214801989496e-05, 4.819893729290925e-05, 6.214086170075461e-05, 4.740620715892874e-05, 5.645996134262532e-05, 3.997538078692742e-05, 1.3534210665966384e-05, 1.904891905724071e-05, 1.6013185813790187e-05, 1.3892891729483381e-05, 1.4437446225201711e-05, 1.3458256944431923e-05, 1.731651536829304e-05, 1.0615412065817509e-05, 6.7126675276085734e-06, 7.109980288078077e-06, 7.437412023136858e-06, 6.4276609919033945e-06, 1.2132049050705973e-05, 1.120125762099633e-05, 8.591525329393335e-06, 1.004470050247619e-05, 1.0941718755930196e-05, 8.330982382176444e-06, 7.478881343558896e-06, 7.378678674285766e-06, 6.1506248130172025e-06, 5.257586508378154e-06, 6.431719612010056e-06, 6.27167901257053e-06, 8.856946806190535e-06, 8.393294592679013e-06, 9.892786692944355e-06, 8.252920451923274e-06, 7.339636795222759e-06, 6.883517471578671e-06, 6.525065600726521e-06, 5.603502813755767e-06, 5.3559620027954224e-06, 5.038733888795832e-06, 5.48924072063528e-06, 5.349927050701808e-06, 3.4553524983493844e-06, 3.0433075153268874e-06, 4.346171408542432e-06, 3.646015329650254e-06, 2.6147909011342563e-06, 1.6605582686679554e-06, 1.4048031289348728e-06, 1.1577146779018221e-06, 1.0658071687430493e-06, 8.520375445186801e-07, 8.609751489530026e-07, 8.508035875820497e-07, 8.839465408527758e-07, 6.83253119859728e-07, 6.404226837730675e-07, 5.725112259824527e-07, 6.129143912403379e-07, 9.004845651361393e-07, 7.270871265063761e-07, 6.896161721670069e-07, 7.492333224945469e-07, 8.016709784897103e-07, 7.261088512677816e-07, 6.338574962683197e-07, 4.6242303142207675e-07, 2.6415668230583833e-07, 6.291691079240991e-08, 6.323072621050585e-10, 2.8605171009665753e-10, 4.7799819657967646e-11, 1.066219942197355e-11, 1.0473037367897398e-11, 1.0313045556431533e-11, 1.0181954238075441e-11, 1.0089394597567747e-11, 1.0032456636277498e-11], "lowlevel.mfcc.mean": [-649.3587036132812, 98.03843688964844, 5.77570104598999, 11.656847953796387, -11.923396110534668, 0.39856958389282227, -18.02383804321289, 5.9630513191223145, -6.205559253692627, 1.2980964183807373, -5.047486782073975, 2.5442678928375244, -2.983612060546875], "lowlevel.spectral_contrast_coeffs.mean": [-0.6492693424224854, -0.6799130439758301, -0.7595983743667603, -0.788303017616272, -0.8055077791213989, -0.735111653804779], "lowlevel.spectral_contrast_coeffs.stdev": [0.1087871789932251, 0.10160107165575027, 0.06755845248699188, 0.05573694780468941, 0.03452252596616745, 0.03951958194375038], "lowlevel.spectral_contrast_valleys.mean": [-7.556313514709473, -6.949924945831299, -7.603793621063232, -7.880502700805664, -7.618989944458008, -10.212431907653809], "lowlevel.spectral_contrast_valleys.stdev": [1.5737773180007935, 1.0651195049285889, 0.8828147053718567, 0.8558606505393982, 0.7886593341827393, 0.958496630191803], "rhythm.beats_loudness_band_ratio.mean": [0.7916891574859619, 0.037191953510046005, 0.09031570702791214, 0.06037711724638939, 0.019227007403969765, 0.01481383852660656], "rhythm.beats_loudness_band_ratio.stdev": [0.23591744899749756, 0.07025586813688278, 0.0881432443857193, 0.15387776494026184, 0.03337455540895462, 0.0183116365224123], "tonal.hpcp.mean": [0.26094698905944824, 0.14951381087303162, 0.1356787383556366, 0.1932186335325241, 0.11216128617525101, 0.05296533554792404, 0.0463268905878067, 0.03891069442033768, 0.07356304675340652, 0.10830778628587723, 0.08501211553812027, 0.11952697485685349, 0.17838457226753235, 0.1144525557756424, 0.1647009551525116, 0.27437928318977356, 0.15704628825187683, 0.03523874655365944, 0.026237400248646736, 0.028811907395720482, 0.07270672917366028, 0.12271035462617874, 0.09915681183338165, 0.2283569574356079, 0.33626893162727356, 0.18217240273952484, 0.07128702104091644, 0.04871334508061409, 0.03710257261991501, 0.07053739577531815, 0.09724853932857513, 0.06795655190944672, 0.04987848550081253, 0.05161221697926521, 0.05585852637887001, 0.17218168079853058], "tonal.hpcp.stdev": [0.343466579914093, 0.21175333857536316, 0.24230769276618958, 0.32438528537750244, 0.19869263470172882, 0.15048079192638397, 0.13110458850860596, 0.11093859374523163, 0.16768574714660645, 0.22794800996780396, 0.18246810138225555, 0.21217574179172516, 0.30941134691238403, 0.20543090999126434, 0.24714252352714539, 0.38565531373023987, 0.23143534362316132, 0.11872134357690811, 0.1028137058019638, 0.1081935241818428, 0.17391639947891235, 0.2649601697921753, 0.19980405271053314, 0.2763247489929199, 0.36531686782836914, 0.2330237179994583, 0.18560220301151276, 0.1470968872308731, 0.11556018888950348, 0.15750905871391296, 0.19763562083244324, 0.14892137050628662, 0.14266887307167053, 0.14263606071472168, 0.1457909643650055, 0.2467135488986969], "rhythm.beats_position": [0.650158703327179, 1.3119274377822876, 1.9736961126327515, 2.635464906692505, 3.2972335815429688, 3.9590022563934326, 4.632380962371826, 5.31736946105957, 5.955918312072754, 6.5944671630859375, 7.221405982971191, 7.848344326019287, 8.486893653869629, 9.125441551208496, 9.75238037109375, 10.379319190979004, 11.006258010864258, 11.633196830749512, 12.260135650634766, 12.88707447052002, 13.525623321533203, 14.164172172546387, 14.79111099243164, 15.418049812316895, 16.04498863220215, 16.671926498413086, 17.298866271972656, 17.937414169311523, 18.575963973999023, 19.20290184020996, 19.82984161376953, 20.45677947998047, 21.09532928466797, 21.733877182006836, 22.360815048217773, 22.987754821777344, 23.61469268798828, 24.24163246154785, 24.88018035888672, 25.51873016357422, 26.145668029785156, 26.772607803344727, 27.399545669555664, 28.026485443115234, 28.653423309326172, 29.280363082885742, 29.91891098022461, 30.557458877563477, 31.184398651123047, 31.811336517333984, 32.43827438354492, 33.07682418823242, 33.71537399291992, 34.34231185913086, 34.9692497253418, 35.59619140625, 36.22312927246094, 36.850067138671875, 37.488616943359375, 38.12716293334961, 38.75410461425781, 39.38104248046875], "rhythm.bpm_histogram": [0.0, 0.0, 0.0, 0.0, 0.0, 0.0, 0.0, 0.0, 0.0, 0.0, 0.0, 0.0, 0.0, 0.0, 0.0, 0.0, 0.0, 0.0, 0.0, 0.0, 0.0, 0.0, 0.0, 0.0, 0.0, 0.0, 0.0, 0.0, 0.0, 0.0, 0.0, 0.0, 0.0, 0.0, 0.0, 0.0, 0.0, 0.0, 0.0, 0.0, 0.0, 0.0, 0.0, 0.0, 0.0, 0.0, 0.0, 0.0, 0.0, 0.0, 0.0, 0.0, 0.0, 0.0, 0.0, 0.0, 0.0, 0.0, 0.0, 0.0, 0.0, 0.0, 0.0, 0.0, 0.0, 0.0, 0.0, 0.0, 0.0, 0.0, 0.0, 0.0, 0.0, 0.0, 0.0, 0.0, 0.0, 0.0, 0.0, 0.0, 0.0, 0.0, 0.0, 0.0, 0.0, 0.0, 0.0, 0.0, 0.016393441706895828, 0.016393441706895828, 0.0, 0.08196721225976944, 0.0, 0.0, 0.2950819730758667, 0.0, 0.5901639461517334, 0.0, 0.0, 0.0, 0.0, 0.0, 0.0, 0.0, 0.0, 0.0, 0.0, 0.0, 0.0, 0.0, 0.0, 0.0, 0.0, 0.0, 0.0, 0.0, 0.0, 0.0, 0.0, 0.0, 0.0, 0.0, 0.0, 0.0, 0.0, 0.0, 0.0, 0.0, 0.0, 0.0, 0.0, 0.0, 0.0, 0.0, 0.0, 0.0, 0.0, 0.0, 0.0, 0.0, 0.0, 0.0, 0.0, 0.0, 0.0, 0.0, 0.0, 0.0, 0.0, 0.0, 0.0, 0.0, 0.0, 0.0, 0.0, 0.0, 0.0, 0.0, 0.0, 0.0, 0.0, 0.0, 0.0, 0.0, 0.0, 0.0, 0.0, 0.0, 0.0, 0.0, 0.0, 0.0, 0.0, 0.0, 0.0, 0.0, 0.0, 0.0, 0.0, 0.0, 0.0, 0.0, 0.0, 0.0, 0.0, 0.0, 0.0, 0.0, 0.0, 0.0, 0.0, 0.0, 0.0, 0.0, 0.0, 0.0, 0.0, 0.0, 0.0, 0.0, 0.0, 0.0, 0.0, 0.0, 0.0, 0.0, 0.0, 0.0, 0.0, 0.0, 0.0, 0.0, 0.0, 0.0, 0.0, 0.0, 0.0, 0.0, 0.0, 0.0, 0.0, 0.0, 0.0, 0.0, 0.0, 0.0, 0.0, 0.0, 0.0, 0.0, 0.0, 0.0, 0.0, 0.0, 0.0, 0.0, 0.0, 0.0, 0.0, 0.0, 0.0, 0.0, 0.0, 0.0, 0.0, 0.0, 0.0, 0.0, 0.0, 0.0], "tonal.chords_histogram": [39.00463104248047, 5.3240742683410645, 1.6203703880310059, 6.25, 0.0, 0.0, 0.0, 0.0, 4.745370388031006, 7.1759257316589355, 1.8518518209457397, 0.11574073880910873, 0.0, 0.0, 0.0, 1.1574074029922485, 12.962963104248047, 3.0092592239379883, 0.0, 0.0, 0.0, 0.8101851940155029, 5.092592716217041, 10.879630088806152], "tonal.thpcp": [1.0, 0.5417461395263672, 0.21199408173561096, 0.1448642462491989, 0.11033601313829422, 0.20976483821868896, 0.28919869661331177, 0.20208989083766937, 0.14832915365695953, 0.15348494052886963, 0.16611266136169434, 0.5120356678962708, 0.776006817817688, 0.44462570548057556, 0.4034828245639801, 0.57459557056427, 0.33354637026786804, 0.15750886499881744, 0.13776738941669464, 0.11571302264928818, 0.21876254677772522, 0.32208681106567383, 0.25280991196632385, 0.3554505407810211, 0.5304818749427795, 0.34036019444465637, 0.4897893965244293, 0.815951943397522, 0.46702587604522705, 0.10479334741830826, 0.07802505046129227, 0.08568114787340164, 0.21621601283550262, 0.3649173080921173, 0.29487353563308716, 0.6790902614593506], "lowlevel.gfcc.cov": [[9026.0322265625, 927.7539672851562, 1874.186279296875, 665.8483276367188, 256.92803955078125, -23.12677001953125, -190.5821533203125, -104.97640991210938, 141.0797882080078, 372.69268798828125, -234.31907653808594, 33.255367279052734, -404.7482604980469], [927.7539672851562, 1282.06591796875, 464.4298400878906, 362.1983642578125, 78.07817840576172, -89.5062026977539, -28.866168975830078, -99.45059967041016, 300.393798828125, 112.72059631347656, 101.47794342041016, -164.96484375, -112.36833953857422], [1874.186279296875, 464.4298400878906, 2467.51025390625, 800.5682373046875, 308.54571533203125, -14.096548080444336, -98.52735137939453, 12.678108215332031, 145.22518920898438, 425.87847900390625, 17.219532012939453, 263.0685119628906, -161.947021484375], [665.8483276367188, 362.1983642578125, 800.5682373046875, 608.6528930664062, 218.5869598388672, 61.72394943237305, -31.832216262817383, -29.97030258178711, 50.09062576293945, 51.05125427246094, -34.05108642578125, 8.772639274597168, -24.79998207092285], [256.92803955078125, 78.07817840576172, 308.54571533203125, 218.5869598388672, 470.0508728027344, 234.32554626464844, 173.55599975585938, 131.11721801757812, 64.97236633300781, 53.18449783325195, 7.669544696807861, 75.6773681640625, 26.441923141479492], [-23.12677001953125, -89.5062026977539, -14.096548080444336, 61.72394943237305, 234.32554626464844, 331.9800109863281, 199.70309448242188, 97.06322479248047, -28.442794799804688, -22.06789207458496, 15.947614669799805, 43.41979217529297, 67.26421356201172], [-190.5821533203125, -28.866168975830078, -98.52735137939453, -31.832216262817383, 173.55599975585938, 199.70309448242188, 288.6708679199219, 181.49200439453125, 61.449974060058594, 25.61412811279297, 49.92451095581055, 25.967300415039062, 41.03449249267578], [-104.97640991210938, -99.45059967041016, 12.678108215332031, -29.97030258178711, 131.11721801757812, 97.06322479248047, 181.49200439453125, 268.1473083496094, 129.91004943847656, 89.96126556396484, 43.95698547363281, 56.98303985595703, 41.89076614379883], [141.0797882080078, 300.393798828125, 145.22518920898438, 50.09062576293945, 64.97236633300781, -28.442794799804688, 61.449974060058594, 129.91004943847656, 304.1031799316406, 170.76402282714844, 65.40901947021484, -47.502723693847656, -61.21103286743164], [372.69268798828125, 112.72059631347656, 425.87847900390625, 51.05125427246094, 53.18449783325195, -22.06789207458496, 25.61412811279297, 89.96126556396484, 170.76402282714844, 251.5416717529297, 87.31212615966797, 58.49869155883789, -74.84993743896484], [-234.31907653808594, 101.47794342041016, 17.219532012939453, -34.05108642578125, 7.669544696807861, 15.947614669799805, 49.92451095581055, 43.95698547363281, 65.40901947021484, 87.31212615966797, 149.45962524414062, 62.51836395263672, 18.089000701904297], [33.255367279052734, -164.96484375, 263.0685119628906, 8.772639274597168, 75.6773681640625, 43.41979217529297, 25.967300415039062, 56.98303985595703, -47.502723693847656, 58.49869155883789, 62.51836395263672, 240.65380859375, 100.02483367919922], [-404.7482604980469, -112.36833953857422, -161.947021484375, -24.79998207092285, 26.441923141479492, 67.26421356201172, 41.03449249267578, 41.89076614379883, -61.21103286743164, -74.84993743896484, 18.089000701904297, 100.02483367919922, 194.46604919433594]], "lowlevel.gfcc.icov": [[0.00018188489775639027, -0.0002739034534897655, 2.84716188616585e-05, -2.7388796297600493e-06, 6.41875813016668e-05, -0.00020986418530810624, 0.00015943955804686993, -0.000186091274372302, 0.00027998274890705943, -0.0004173369670752436, 0.0007254175725392997, -0.00038593492354266346, 0.0003724864509422332], [-0.0002739034534897655, 0.0025867274962365627, -0.0005514273652806878, -0.0005757456528954208, -0.0004972974420525134, 0.0010896924650296569, -0.0011998851550742984, 0.0025167553685605526, -0.0030521221924573183, 0.002103229984641075, -0.0033415122888982296, 0.002164616482332349, -0.001160016399808228], [2.84716188616585e-05, -0.0005514273652806878, 0.0018821640405803919, -0.001898304559290409, 0.00024332490283995867, -6.56215415801853e-05, 0.00016098555352073163, -0.00021874129015486687, 0.0011135743698105216, -0.003031277796253562, 0.0019458228489384055, -0.0025171421002596617, 0.0013662121491506696], [-2.7388796297600493e-06, -0.0005757456528954208, -0.001898304559290409, 0.004870306234806776, -0.0014235918642953038, -0.0006675162585452199, 0.0011970462510362267, -0.00016080544446595013, -0.0003244597464799881, 0.002055285032838583, -0.0002483019488863647, 0.00208459235727787, -0.0014518158277496696], [6.41875813016668e-05, -0.0004972974420525134, 0.00024332490283995867, -0.0014235918642953038, 0.004976598545908928, -0.002763145137578249, -0.0007439244072884321, -0.0008843840914778411, -0.0006730176974087954, -0.00010995915363309905, 0.0018726112321019173, -0.002493517007678747, 0.0013480886118486524], [-0.00020986418530810624, 0.0010896924650296569, -6.56215415801853e-05, -0.0006675162585452199, -0.002763145137578249, 0.008255663327872753, -0.0050268396735191345, 0.0017287896480411291, 0.0009775678627192974, 0.00013870740076527, -0.0018337283981963992, 0.0019354792311787605, -0.002202320843935013], [0.00015943955804686993, -0.0011998851550742984, 0.00016098555352073163, 0.0011970462510362267, -0.0007439244072884321, -0.0050268396735191345, 0.011452672071754932, -0.0067708478309214115, 0.001335724489763379, 0.0006286321440711617, -0.0011763168731704354, 0.0002599928411655128, 0.0014451213646680117], [-0.000186091274372302, 0.0025167553685605526, -0.00021874129015486687, -0.00016080544446595013, -0.0008843840914778411, 0.0017287896480411291, -0.0067708478309214115, 0.012717405334115028, -0.00629676878452301, -0.0005012362380512059, -0.0001546261482872069, -0.0001492683804826811, -0.0030080059077590704], [0.00027998274890705943, -0.0030521221924573183, 0.0011135743698105216, -0.0003244597464799881, -0.0006730176974087954, 0.0009775678627192974, 0.001335724489763379, -0.00629676878452301, 0.013106030412018299, -0.008629349991679192, 0.0020299155730754137, 0.0021951685193926096, 1.9011786207556725e-05], [-0.0004173369670752436, 0.002103229984641075, -0.003031277796253562, 0.002055285032838583, -0.00010995915363309905, 0.00013870740076527, 0.0006286321440711617, -0.0005012362380512059, -0.008629349991679192, 0.018591271713376045, -0.008564164862036705, -0.0007064227829687297, 0.0036262618377804756], [0.0007254175725392997, -0.0033415122888982296, 0.0019458228489384055, -0.0002483019488863647, 0.0018726112321019173, -0.0018337283981963992, -0.0011763168731704354, -0.0001546261482872069, 0.0020299155730754137, -0.008564164862036705, 0.017300734296441078, -0.0071253785863518715, 0.0012272440362721682], [-0.00038593492354266346, 0.002164616482332349, -0.0025171421002596617, 0.00208459235727787, -0.002493517007678747, 0.0019354792311787605, 0.0002599928411655128, -0.0001492683804826811, 0.0021951685193926096, -0.0007064227829687297, -0.0071253785863518715, 0.014675741083920002, -0.008202684111893177], [0.0003724864509422332, -0.001160016399808228, 0.0013662121491506696, -0.0014518158277496696, 0.0013480886118486524, -0.002202320843935013, 0.0014451213646680117, -0.0030080059077590704, 1.9011786207556725e-05, 0.0036262618377804756, 0.0012272440362721682, -0.008202684111893177, 0.012628034688532352]], "lowlevel.mfcc.cov": [[6046.08154296875, 677.718017578125, 888.7791748046875, 551.961669921875, 333.5743713378906, 276.40997314453125, -187.5774688720703, -177.37326049804688, 30.20957374572754, 107.27874755859375, 124.47116088867188, 182.982421875, -2.5439891815185547], [677.718017578125, 864.9091186523438, 406.6982116699219, 309.2420654296875, 147.2920684814453, 95.07807922363281, -154.30441284179688, -97.4127197265625, -25.988515853881836, 120.25348663330078, 176.7190399169922, 226.05662536621094, 72.26895141601562], [888.7791748046875, 406.6982116699219, 1723.4549560546875, 759.7109375, 389.7318420410156, 199.3480987548828, -123.01800537109375, -184.48919677734375, -40.007789611816406, -5.618952751159668, 123.8495101928711, 189.12193298339844, 121.55583953857422], [551.961669921875, 309.2420654296875, 759.7109375, 602.7377319335938, 300.59466552734375, 131.98825073242188, -76.14918518066406, -60.89498519897461, 26.805139541625977, 44.983985900878906, 59.13254928588867, 109.78221130371094, 50.73363494873047], [333.5743713378906, 147.2920684814453, 389.7318420410156, 300.59466552734375, 365.2864990234375, 183.10418701171875, 57.683929443359375, 46.23214340209961, 79.57145690917969, 45.86147689819336, 36.71930694580078, 62.17694854736328, 32.64186096191406], [276.40997314453125, 95.07807922363281, 199.3480987548828, 131.98825073242188, 183.10418701171875, 259.3533630371094, 124.88468933105469, 70.2612533569336, 39.53774642944336, 31.3526668548584, 20.957969665527344, 15.266974449157715, -17.259057998657227], [-187.5774688720703, -154.30441284179688, -123.01800537109375, -76.14918518066406, 57.683929443359375, 124.88468933105469, 337.1293029785156, 205.54342651367188, 94.11679077148438, -0.5311123132705688, -9.21851634979248, -58.21540832519531, -2.0210275650024414], [-177.37326049804688, -97.4127197265625, -184.48919677734375, -60.89498519897461, 46.23214340209961, 70.2612533569336, 205.54342651367188, 237.2174835205078, 134.80223083496094, 31.592370986938477, -19.1500301361084, -38.667057037353516, 11.402472496032715], [30.20957374572754, -25.988515853881836, -40.007789611816406, 26.805139541625977, 79.57145690917969, 39.53774642944336, 94.11679077148438, 134.80223083496094, 190.93170166015625, 103.71187591552734, 30.798940658569336, 2.295947790145874, 34.851661682128906], [107.27874755859375, 120.25348663330078, -5.618952751159668, 44.983985900878906, 45.86147689819336, 31.3526668548584, -0.5311123132705688, 31.592370986938477, 103.71187591552734, 191.36805725097656, 132.60494995117188, 80.84917449951172, 42.99623489379883], [124.47116088867188, 176.7190399169922, 123.8495101928711, 59.13254928588867, 36.71930694580078, 20.957969665527344, -9.21851634979248, -19.1500301361084, 30.798940658569336, 132.60494995117188, 229.98077392578125, 169.8270263671875, 83.4070053100586], [182.982421875, 226.05662536621094, 189.12193298339844, 109.78221130371094, 62.17694854736328, 15.266974449157715, -58.21540832519531, -38.667057037353516, 2.295947790145874, 80.84917449951172, 169.8270263671875, 223.33621215820312, 114.06404876708984], [-2.5439891815185547, 72.26895141601562, 121.55583953857422, 50.73363494873047, 32.64186096191406, -17.259057998657227, -2.0210275650024414, 11.402472496032715, 34.851661682128906, 42.99623489379883, 83.4070053100586, 114.06404876708984, 137.16127014160156]], "lowlevel.mfcc.icov": [[0.00020078060333617032, -9.359664545627311e-05, -3.795623342739418e-05, -2.3493683329434134e-05, 2.0807776309084147e-05, -0.00018663979426492006, 4.926438123220578e-05, 0.00019721015996765345, -0.00024790168390609324, 5.892468470847234e-05, 3.778430254897103e-05, -9.877356205834076e-05, 0.00015494438412133604], [-9.359664545627311e-05, 0.002075992524623871, 4.978910510544665e-05, -0.0006527798832394183, 0.00011846380220958963, -0.000616081990301609, 0.0008049739408306777, -0.0005229815724305809, 0.0008603620226494968, -0.0008120028651319444, -8.180395525414497e-05, -0.0014417950296774507, 0.00033607258228585124], [-3.795623342739418e-05, 4.978910510544665e-05, 0.0017232665559276938, -0.0018406599992886186, -3.2171414204640314e-05, -0.0007992945029400289, -0.00010706450120778754, 0.0013398070586845279, -0.0004040472849737853, 0.0013228817842900753, -0.0010000824695453048, 0.0006597570609301329, -0.0013317230623215437], [-2.3493683329434134e-05, -0.0006527798832394183, -0.0018406599992886186, 0.005580154247581959, -0.002629674505442381, 0.000612376315984875, 0.0006883853347972035, -0.00039105137693695724, -0.00013370774104259908, -0.0010431575356051326, 0.0012811943888664246, -0.000728667713701725, 0.0008441166719421744], [2.0807776309084147e-05, 0.00011846380220958963, -3.2171414204640314e-05, -0.002629674505442381, 0.007246215362101793, -0.0035527809523046017, -0.000140464399009943, 0.00035466975532472134, -0.002595341531559825, 0.0008722494239918888, 0.0005808650166727602, -0.0011625568149611354, -0.00026431737933307886], [-0.00018663979426492006, -0.000616081990301609, -0.0007992945029400289, 0.000612376315984875, -0.0035527809523046017, 0.00925805140286684, -0.00349670578725636, -0.0011739872861653566, 0.0023014575708657503, -0.00243551773019135, 0.0012674015015363693, -0.0015122478362172842, 0.0035250848159193993], [4.926438123220578e-05, 0.0008049739408306777, -0.00010706450120778754, 0.0006883853347972035, -0.000140464399009943, -0.00349670578725636, 0.009332118555903435, -0.00694630341604352, 0.000615627970546484, 0.0025015773717314005, -0.0041071567684412, 0.0034095447044819593, -0.0015530148521065712], [0.00019721015996765345, -0.0005229815724305809, 0.0013398070586845279, -0.00039105137693695724, 0.00035466975532472134, -0.0011739872861653566, -0.00694630341604352, 0.016135791316628456, -0.008729713968932629, 0.001646967139095068, 0.0024642888456583023, -0.0014747099485248327, -0.0010096607729792595], [-0.00024790168390609324, 0.0008603620226494968, -0.0004040472849737853, -0.00013370774104259908, -0.002595341531559825, 0.0023014575708657503, 0.000615627970546484, -0.008729713968932629, 0.01719476468861103, -0.009567410685122013, 0.0017013506731018424, 0.0023685351479798555, -0.002782569732517004], [5.892468470847234e-05, -0.0008120028651319444, 0.0013228817842900753, -0.0010431575356051326, 0.0008722494239918888, -0.00243551773019135, 0.0025015773717314005, 0.001646967139095068, -0.009567410685122013, 0.016823602840304375, -0.009767563082277775, 0.0023937930818647146, 0.00013449414109345526], [3.778430254897103e-05, -8.180395525414497e-05, -0.0010000824695453048, 0.0012811943888664246, 0.0005808650166727602, 0.0012674015015363693, -0.0041071567684412, 0.0024642888456583023, 0.0017013506731018424, -0.009767563082277775, 0.017606016248464584, -0.011257351376116276, 0.001497184974141419], [-9.877356205834076e-05, -0.0014417950296774507, 0.0006597570609301329, -0.000728667713701725, -0.0011625568149611354, -0.0015122478362172842, 0.0034095447044819593, -0.0014747099485248327, 0.0023685351479798555, 0.0023937930818647146, -0.011257351376116276, 0.01978703960776329, -0.010259810835123062], [0.00015494438412133604, 0.00033607258228585124, -0.0013317230623215437, 0.0008441166719421744, -0.00026431737933307886, 0.0035250848159193993, -0.0015530148521065712, -0.0010096607729792595, -0.002782569732517004, 0.00013449414109345526, 0.001497184974141419, -0.010259810835123062, 0.016838543117046356]], "metadata.audio_properties.analysis.downmix": "mix", "metadata.audio_properties.codec": "mp3", "metadata.audio_properties.md5_encoded": "d93941c161a134fb6ba97cd08d04be89", "metadata.tags.file_name": "1182278716525649920.mp3", "metadata.version.essentia": "2.1-beta6-dev", "metadata.version.essentia_git_sha": "v2.1_beta5-1110-g77a6a954", "metadata.version.extractor": "music 2.0", "tonal.chords_key": "D", "tonal.chords_scale": "minor", "tonal.key_edma.key": "D", "tonal.key_edma.scale": "minor", "tonal.key_krumhansl.key": "D", "tonal.key_krumhansl.scale": "minor", "tonal.key_temperley.key": "D", "tonal.key_temperley.scale": "minor", "metadata.tags.