{"song_id": "1182267116754313256", "download": "https://cdn.discordapp.com/attachments/1135911532732108921/1182267116754313256/chirp.mp4?ex=6584130e&amp", "lyrics": "(Verse 1)\nNeon lights blur, city's a haze\nPulse of the night, heartbeat ablaze\nLost in the rhythm, body takes flight\nTop of the world, shining so bright\n\n(Chorus)\nWe're the generation, free and alive\nDancing through darkness, taking the night\nNo hesitation, breaking the chains\nTop of the game, leaving our names", "style": ["Uptempo Electronic Dance Music </span><span>(EDM</span><span>)"], "essentia_features": {"lowlevel.average_loudness": 0.9434029459953308, "lowlevel.barkbands_crest.mean": 15.214638710021973, "lowlevel.barkbands_crest.stdev": 5.409092903137207, "lowlevel.barkbands_flatness_db.mean": 0.16736504435539246, "lowlevel.barkbands_flatness_db.stdev": 0.08063908666372299, "lowlevel.barkbands_kurtosis.mean": 27.02735137939453, "lowlevel.barkbands_kurtosis.stdev": 79.63005828857422, "lowlevel.barkbands_skewness.mean": 3.4353721141815186, "lowlevel.barkbands_skewness.stdev": 3.2755534648895264, "lowlevel.barkbands_spread.mean": 24.815357208251953, "lowlevel.barkbands_spread.stdev": 19.700027465820312, "lowlevel.dissonance.mean": 0.4559611976146698, "lowlevel.dissonance.stdev": 0.031541354954242706, "lowlevel.dynamic_complexity": 1.9785070419311523, "lowlevel.erbbands_crest.mean": 11.030702590942383, "lowlevel.erbbands_crest.stdev": 6.2541823387146, "lowlevel.erbbands_flatness_db.mean": 0.12748190760612488, "lowlevel.erbbands_flatness_db.stdev": 0.0614815391600132, "lowlevel.erbbands_kurtosis.mean": 1.525732398033142, "lowlevel.erbbands_kurtosis.stdev": 5.4786295890808105, "lowlevel.erbbands_skewness.mean": 0.8435737490653992, "lowlevel.erbbands_skewness.stdev": 1.160887598991394, "lowlevel.erbbands_spread.mean": 61.414791107177734, "lowlevel.erbbands_spread.stdev": 28.781410217285156, "lowlevel.hfc.mean": 33.614295959472656, "lowlevel.hfc.stdev": 22.665437698364258, "lowlevel.loudness_ebu128.integrated": -13.704042434692383, "lowlevel.loudness_ebu128.loudness_range": 3.53336238861084, "lowlevel.loudness_ebu128.momentary.mean": -14.184765815734863, "lowlevel.loudness_ebu128.momentary.stdev": 2.3422677516937256, "lowlevel.loudness_ebu128.short_term.mean": -13.93252944946289, "lowlevel.loudness_ebu128.short_term.stdev": 1.4737931489944458, "lowlevel.melbands_crest.mean": 20.9902286529541, "lowlevel.melbands_crest.stdev": 7.419857501983643, "lowlevel.melbands_flatness_db.mean": 0.23359791934490204, "lowlevel.melbands_flatness_db.stdev": 0.09445057064294815, "lowlevel.melbands_kurtosis.mean": 76.5640869140625, "lowlevel.melbands_kurtosis.stdev": 191.0696563720703, "lowlevel.melbands_skewness.mean": 5.4597249031066895, "lowlevel.melbands_skewness.stdev": 4.2677001953125, "lowlevel.melbands_spread.mean": 17.79193878173828, "lowlevel.melbands_spread.stdev": 22.955596923828125, "lowlevel.pitch_salience.mean": 0.42218682169914246, "lowlevel.pitch_salience.stdev": 0.1576385349035263, "lowlevel.silence_rate_20dB.mean": 1.0, "lowlevel.silence_rate_20dB.stdev": 0.0, "lowlevel.silence_rate_30dB.mean": 0.8211233019828796, "lowlevel.silence_rate_30dB.stdev": 0.38324931263923645, "lowlevel.silence_rate_60dB.mean": 0.033577535301446915, "lowlevel.silence_rate_60dB.stdev": 0.18013939261436462, "lowlevel.spectral_centroid.mean": 1183.528564453125, "lowlevel.spectral_centroid.stdev": 682.4517822265625, "lowlevel.spectral_complexity.mean": 15.671550750732422, "lowlevel.spectral_complexity.stdev": 9.123332023620605, "lowlevel.spectral_decrease.mean": -1.5481182558119144e-08, "lowlevel.spectral_decrease.stdev": 1.4129510894633768e-08, "lowlevel.spectral_energy.mean": 0.061478447169065475, "lowlevel.spectral_energy.stdev": 0.053227897733449936, "lowlevel.spectral_energyband_high.mean": 0.002337189856916666, "lowlevel.spectral_energyband_high.stdev": 0.0028158219065517187, "lowlevel.spectral_energyband_low.mean": 0.036947235465049744, "lowlevel.spectral_energyband_low.stdev": 0.05537765100598335, "lowlevel.spectral_energyband_middle_high.mean": 0.0037277101073414087, "lowlevel.spectral_energyband_middle_high.stdev": 0.004464181140065193, "lowlevel.spectral_energyband_middle_low.mean": 0.01890777237713337, "lowlevel.spectral_energyband_middle_low.stdev": 0.01640029065310955, "lowlevel.spectral_entropy.mean": 7.773136615753174, "lowlevel.spectral_entropy.stdev": 0.5388546586036682, "lowlevel.spectral_flux.mean": 0.09614746272563934, "lowlevel.spectral_flux.stdev": 0.07723299413919449, "lowlevel.spectral_kurtosis.mean": 2.3701953887939453, "lowlevel.spectral_kurtosis.stdev": 1.8143689632415771, "lowlevel.spectral_rms.mean": 0.007035429589450359, "lowlevel.spectral_rms.stdev": 0.003237540600821376, "lowlevel.spectral_rolloff.mean": 1440.413330078125, "lowlevel.spectral_rolloff.stdev": 2124.901123046875, "lowlevel.spectral_skewness.mean": 1.3887743949890137, "lowlevel.spectral_skewness.stdev": 0.4081340432167053, "lowlevel.spectral_spread.mean": 7630231.5, "lowlevel.spectral_spread.stdev": 1470203.125, "lowlevel.spectral_strongpeak.mean": 1.1798713207244873, "lowlevel.spectral_strongpeak.stdev": 1.1737264394760132, "lowlevel.zerocrossingrate.mean": 0.07878468930721283, "lowlevel.zerocrossingrate.stdev": 0.05344070494174957, "metadata.audio_properties.analysis.equal_loudness": 0.0, "metadata.audio_properties.analysis.length": 37.99464797973633, "metadata.audio_properties.analysis.sample_rate": 44100.0, "metadata.audio_properties.analysis.start_time": 0.0, "metadata.audio_properties.bit_rate": 118168.0, "metadata.audio_properties.length": 37.994667053222656, "metadata.audio_properties.lossless": 0.0, "metadata.audio_properties.number_channels": 1.0, "metadata.audio_properties.replay_gain": -11.549051284790039, "metadata.audio_properties.sample_rate": 48000.0, "rhythm.beats_count": 78.0, "rhythm.beats_loudness.mean": 0.12104808539152145, "rhythm.beats_loudness.stdev": 0.07628167420625687, "rhythm.bpm": 123.99346923828125, "rhythm.bpm_histogram_first_peak_bpm": 123.0, "rhythm.bpm_histogram_first_peak_weight": 0.4375, "rhythm.bpm_histogram_second_peak_bpm": 129.0, "rhythm.bpm_histogram_second_peak_spread": 0.0, "rhythm.bpm_histogram_second_peak_weight": 0.12987013161182404, "rhythm.danceability": 1.3405742645263672, "rhythm.onset_rate": 3.7094459533691406, "tonal.chords_changes_rate": 0.05487804859876633, "tonal.chords_number_rate": 0.008536585606634617, "tonal.chords_strength.mean": 0.49205437302589417, "tonal.chords_strength.stdev": 0.09721571207046509, "tonal.hpcp_crest.mean": 16.912992477416992, "tonal.hpcp_crest.stdev": 8.327520370483398, "tonal.hpcp_entropy.mean": 1.6444337368011475, "tonal.hpcp_entropy.stdev": 0.7924240827560425, "tonal.key_edma.strength": 0.5928168892860413, "tonal.key_krumhansl.strength": 0.5892198085784912, "tonal.key_temperley.strength": 0.5837216973304749, "tonal.tuning_diatonic_strength": 0.446604460477829, "tonal.tuning_equal_tempered_deviation": 0.23324111104011536, "tonal.tuning_frequency": 434.193115234375, "tonal.tuning_nontempered_energy_ratio": 0.9868038892745972, "lowlevel.barkbands.mean": [0.003913544118404388, 0.029968295246362686, 0.0026471640449017286, 0.0012714972253888845, 0.007378194481134415, 0.004411485977470875, 0.005045017693191767, 0.0004012699646409601, 0.00037022106698714197, 0.000487762299599126, 0.0015070915687829256, 0.0002277762396261096, 0.00018314005865249783, 0.0002782565716188401, 0.0001834435242926702, 0.00019533261365722865, 0.00017307906819041818, 0.00021624276996590197, 0.00020159945415798575, 0.00020501576364040375, 0.00026838036137633026, 0.00030502636218443513, 0.00035521527752280235, 0.0004605902067851275, 0.000496086198836565, 0.0003185429668519646, 9.070299711311236e-06], "lowlevel.barkbands.stdev": [0.0075341383926570415, 0.04883589968085289, 0.009278690442442894, 0.005050587002187967, 0.01041537057608366, 0.00831969827413559, 0.010955272242426872, 0.0015244717942550778, 0.0009402019204571843, 0.0015039847930893302, 0.003586409380659461, 0.0005101416609250009, 0.00021757461945526302, 0.0003988077223766595, 0.0002277316671097651, 0.0002164700854336843, 0.00020746776135638356, 0.00028898066375404596, 0.0002233051200164482, 0.00029481909587047994, 0.0005774311139248312, 0.0006659835926257074, 0.0007223566644825041, 0.0005475138896144927, 0.0005373588646762073, 0.0002915016084443778, 1.2614133083843626e-05], "lowlevel.erbbands.mean": [1.5167338848114014, 4.095546722412109, 3.5210745334625244, 3.717540979385376, 8.663016319274902, 23.190141677856445, 58.50838088989258, 27.39924430847168, 56.886356353759766, 48.670345306396484, 10.262527465820312, 8.38280963897705, 11.38418960571289, 56.4378776550293, 24.75305938720703, 8.434663772583008, 8.776302337646484, 13.033483505249023, 10.940629959106445, 9.928869247436523, 11.326528549194336, 10.171036720275879, 11.35664176940918, 13.113690376281738, 7.946998119354248, 9.357721328735352, 11.85168743133545, 9.409367561340332, 11.129073143005371, 11.46773910522461, 9.247358322143555, 7.927036285400391, 8.611122131347656, 6.251526832580566, 3.085455894470215, 1.3119972944259644, 0.5943343043327332, 0.09560300409793854, 0.0018284110119566321, 0.00013562777894549072], "lowlevel.erbbands.stdev": [2.5819411277770996, 7.4789252281188965, 10.586074829101562, 14.193686485290527, 15.187212944030762, 32.41475296020508, 92.37784576416016, 48.19523239135742, 136.53460693359375, 117.2263412475586, 26.618093490600586, 26.720163345336914, 28.749197006225586, 135.59011840820312, 45.15425109863281, 12.697843551635742, 9.966719627380371, 18.569198608398438, 13.283909797668457, 10.061283111572266, 11.852428436279297, 11.621237754821777, 17.70673370361328, 14.910592079162598, 7.968368053436279, 13.06571102142334, 22.933517456054688, 20.82776641845703, 23.63008689880371, 29.113975524902344, 16.195343017578125, 10.106647491455078, 10.268073081970215, 7.129635810852051, 3.249569892883301, 1.3432674407958984, 0.5297120213508606, 0.08687762916088104, 0.001632052008062601, 7.792325777700171e-05], "lowlevel.gfcc.mean": [30.122859954833984, 35.45132827758789, -85.1033935546875, 19.560911178588867, -66.26630401611328, 10.487565994262695, -54.24379348754883, 8.60781478881836, -36.89939498901367, 7.0109453201293945, -14.776708602905273, 14.801315307617188, -5.440218448638916], "lowlevel.melbands.mean": [0.010489309206604958, 0.002758830552920699, 0.0007733399397693574, 0.001084163784980774, 0.0019416356226429343, 0.0006832749932073057, 0.0009344024583697319, 0.0004344249900896102, 6.785213190596551e-05, 5.2256502385716885e-05, 5.347761180019006e-05, 0.00021613693388644606, 0.00012279678776394576, 3.0879094992997125e-05, 1.800543032004498e-05, 2.0770756236743182e-05, 2.515441519790329e-05, 1.8156872101826593e-05, 1.5139330571400933e-05, 1.3228038369561546e-05, 1.275212434848072e-05, 1.0837020454346202e-05, 9.303674232796766e-06, 9.924996447807644e-06, 1.1104732948297169e-05, 6.215228495420888e-06, 5.495357072504703e-06, 6.332461907732068e-06, 7.587107120343717e-06, 6.937033504073042e-06, 4.882520443061367e-06, 5.9296553445165046e-06, 6.474147994595114e-06, 6.732707333867438e-06, 5.313482233759714e-06, 4.767377049574861e-06, 5.0070261750079226e-06, 6.339731498883339e-06, 5.8739738051372115e-06, 5.127866188558983e-06], "lowlevel.melbands.stdev": [0.017217306420207024, 0.005748233757913113, 0.002386558335274458, 0.0013230316108092666, 0.002982118632644415, 0.0012034459505230188, 0.002062742132693529, 0.0010465758386999369, 0.00017777210450731218, 0.0001773779367795214, 0.00016694214718881994, 0.0005097176181152463, 0.0002633128606248647, 7.23790581105277e-05, 2.4495513571309857e-05, 2.56752082350431e-05, 4.026914029964246e-05, 2.5868197553791106e-05, 2.060576298390515e-05, 1.6229016182478517e-05, 1.495798187534092e-05, 1.3460005902743433e-05, 1.3074622984277084e-05, 1.355128097202396e-05, 1.3481477253662888e-05, 6.703203780489275e-06, 6.217871032276889e-06, 9.757425686984789e-06, 1.444853660359513e-05, 1.6045358279370703e-05, 1.0927898074442055e-05, 1.1969956176471896e-05, 1.6244734069914557e-05, 1.795856405806262e-05, 1.0508321793167852e-05, 6.626643880736083e-06, 6.412641596398316e-06, 7.99089320935309e-06, 6.883968126203399e-06, 6.051031050446909e-06], "lowlevel.melbands128.mean": [0.0037145824171602726, 0.01465835515409708, 0.012145177461206913, 0.004985177423804998, 0.0020083372946828604, 0.0011620392324402928, 0.0006998029421083629, 0.000646537693683058, 0.000868565053679049, 0.000966946070548147, 0.0011211847886443138, 0.002235919237136841, 0.002370232716202736, 0.0013777308631688356, 0.000496049236971885, 0.00026884902035817504, 0.0007883827202022076, 0.0009824102744460106, 0.0014013313921168447, 0.000372660462744534, 0.00010198851668974385, 9.884866449283436e-05, 5.294262518873438e-05, 5.686200165655464e-05, 4.6539622417185456e-05, 6.352634954964742e-05, 2.848063741112128e-05, 3.0985222110757604e-05, 0.00011210576485609636, 5.9311147197149694e-05, 0.0003883539466187358, 0.0002922065614257008, 4.045461901114322e-05, 6.074084012652747e-05, 4.181748954579234e-05, 1.9449316823738627e-05, 1.2169348337920383e-05, 2.6207879272988066e-05, 1.2985398825549055e-05, 1.8497392375138588e-05, 2.3939488528412767e-05, 2.0409048374858685e-05, 2.6750094548333436e-05, 2.3851263904361986e-05, 2.828162905643694e-05, 1.4660072338301688e-05, 9.924759979185183e-06, 2.1348765585571527e-05, 1.3753781786363106e-05, 8.595999133831356e-06, 1.557093855808489e-05, 1.4521068806061521e-05, 1.3507567018677946e-05, 1.2813964531233069e-05, 9.753231097420212e-06, 1.2399829756759573e-05, 9.861979378911201e-06, 6.499979463114869e-06, 9.951707397704013e-06, 1.3220038454164751e-05, 7.802424079272896e-06, 9.095640052692033e-06, 1.2777823940268718e-05, 1.197750952997012e-05, 8.794630048214458e-06, 5.746261649619555e-06, 4.5394053813652135e-06, 5.195393896428868e-06, 5.987622444081353e-06, 5.6338708418479655e-06, 5.410163794294931e-06, 7.45803527024691e-06, 7.785674824845046e-06, 7.945654942886904e-06, 6.433625458157621e-06, 8.034098755160812e-06, 7.079977422108641e-06, 4.30967111242353e-06, 4.906968115392374e-06, 4.7825005822232924e-06, 5.20273079018807e-06, 6.607965133298421e-06, 7.2795437517925166e-06, 7.015933078946546e-06, 5.074609362054616e-06, 6.098905032558832e-06, 8.079176950559486e-06, 6.376358669513138e-06, 4.638453447114443e-06, 4.888573585049016e-06, 5.509973107109545e-06, 4.547040134639246e-06, 3.947970071749296e-06, 4.1827843233477324e-06, 6.160019438539166e-06, 7.4364588726894e-06, 6.207231308508199e-06, 4.674410320149036e-06, 6.806343208154431e-06, 6.183257937664166e-06, 4.515547516348306e-06, 5.987802524032304e-06, 4.13625502915238e-06, 4.148917014390463e-06, 3.0015553420525976e-06, 3.331401103423559e-06, 2.809328861985705e-06, 2.751870397332823e-06, 2.1340442799555603e-06, 1.701525206954102e-06, 1.6993166127576842e-06, 2.440822981952806e-06, 1.9206415799999377e-06, 1.7352266468151356e-06, 1.666675188971567e-06, 1.2923489975946723e-06, 3.775417951601412e-07, 3.459792452531474e-09, 8.77289040024376e-12, 8.146202462588903e-12, 7.781063120215759e-12, 7.522607536891712e-12, 7.278492045181828e-12, 7.1039610825829325e-12, 6.935097027899184e-12, 6.761969022911485e-12, 6.655067556066152e-12, 6.604158626216661e-12], "lowlevel.melbands128.stdev": [0.007196235470473766, 0.02584853023290634, 0.020907113328576088, 0.010581443086266518, 0.00634476775303483, 0.004222840070724487, 0.003119377652183175, 0.0022999525535851717, 0.0015442559961229563, 0.0013234796933829784, 0.0017937759403139353, 0.004494542255997658, 0.003969502169638872, 0.003342623123899102, 0.0013956483453512192, 0.00072533602360636, 0.003018418326973915, 0.0023459731601178646, 0.0037336649838835, 0.0010682408465072513, 0.0004433302383404225, 0.0004989947192370892, 0.0001005276499199681, 9.93074500001967e-05, 0.00022718217223882675, 0.00027085759211331606, 8.132190851029009e-05, 8.92632597242482e-05, 0.00048340315697714686, 0.00023039241204969585, 0.0010456278687343001, 0.0008200935553759336, 0.00015529162192251533, 0.00017514973296783864, 0.00015999983588699251, 4.816748696612194e-05, 1.7537944586365484e-05, 4.449969856068492e-05, 2.439952004351653e-05, 2.9337246814975515e-05, 3.658298373920843e-05, 3.280820601503365e-05, 6.091583054512739e-05, 4.819199239136651e-05, 5.483339919010177e-05, 2.6965140932588838e-05, 1.60189374582842e-05, 4.150866880081594e-05, 1.8500350051908754e-05, 1.2107677321182564e-05, 2.7851028789882548e-05, 1.8869386622100137e-05, 2.1632888092426583e-05, 2.3860482542659156e-05, 1.7072858099709265e-05, 2.1120788005646318e-05, 1.4507180821965449e-05, 8.79595427250024e-06, 1.8226855900138617e-05, 3.381745773367584e-05, 1.4405451111088041e-05, 1.2200581295473967e-05, 1.710827746137511e-05, 2.0877158021903597e-05, 1.1562187864910811e-05, 7.750007171125617e-06, 5.5498835536127444e-06, 6.387766461557476e-06, 7.702296898060013e-06, 7.923194971226621e-06, 9.254904398403596e-06, 1.3012380804866552e-05, 1.6643183698761277e-05, 1.7337601093458943e-05, 1.2494103430071846e-05, 2.17956167034572e-05, 1.771662209648639e-05, 9.685149052529596e-06, 1.2878537745564245e-05, 1.0806738828250673e-05, 1.1191402336407918e-05, 1.4122693755780347e-05, 1.8694168829824775e-05, 2.0152881916146725e-05, 1.2620088455150835e-05, 1.7311866031377576e-05, 2.220372152805794e-05, 1.992283978324849e-05, 8.722306120034773e-06, 7.788415132381488e-06, 8.466765393677633e-06, 6.907018814672483e-06, 5.960235284874216e-06, 6.718697932228679e-06, 7.858714525355026e-06, 9.769568350748159e-06, 9.220599167747423e-06, 6.38595247437479e-06, 8.305148185172584e-06, 8.026479008549359e-06, 6.2486433307640254e-06, 7.650989573448896e-06, 5.390626029111445e-06, 5.570140729105333e-06, 3.38069230565452e-06, 3.8103714814496925e-06, 3.44755017067655e-06, 3.273599986641784e-06, 2.641439095896203e-06, 2.0153108835074818e-06, 1.9830724795610877e-06, 2.580560021669953e-06, 1.8201723150923499e-06, 1.6677131497999653e-06, 1.6519439896001131e-06, 1.38738437271968e-06, 4.930465138386353e-07, 2.421640843408568e-08, 1.379781098403976e-11, 1.3170971258080755e-11, 1.2714401580182777e-11, 1.2355026723920304e-11, 1.2032055039801204e-11, 1.178505036614208e-11, 1.1581158775031408e-11, 1.1418593501288932e-11, 1.1304497268826985e-11, 1.1234346786181959e-11], "lowlevel.mfcc.mean": [-628.3307495117188, 81.33009338378906, 24.65558624267578, 11.201101303100586, 9.7952880859375, -3.805722236633301, -0.4666684567928314, -5.720117568969727, -9.885770797729492, -10.098501205444336, -11.481223106384277, -5.646592140197754, -0.10516434907913208], "lowlevel.spectral_contrast_coeffs.mean": [-0.6064190864562988, -0.69917231798172, -0.7379185557365417, -0.8135084509849548, -0.8114572763442993, -0.7857990860939026], "lowlevel.spectral_contrast_coeffs.stdev": [0.12070461362600327, 0.11600784212350845, 0.07313918322324753, 0.03577256575226784, 0.032126836478710175, 0.03261496126651764], "lowlevel.spectral_contrast_valleys.mean": [-7.296491622924805, -7.212886810302734, -7.7118120193481445, -7.621065616607666, -7.3481059074401855, -9.343094825744629], "lowlevel.spectral_contrast_valleys.stdev": [1.596933126449585, 0.6580355763435364, 0.676838219165802, 0.6201812624931335, 0.6049594283103943, 0.8675321340560913], "rhythm.beats_loudness_band_ratio.mean": [0.5776622891426086, 0.15166619420051575, 0.1450745314359665, 0.061213418841362, 0.020661799237132072, 0.06768856942653656], "rhythm.beats_loudness_band_ratio.stdev": [0.4373167157173157, 0.22492897510528564, 0.2659777104854584, 0.11977481096982956, 0.035188090056180954, 0.1794625073671341], "tonal.hpcp.mean": [0.03858313336968422, 0.02384430170059204, 0.030650805681943893, 0.21850134432315826, 0.2889516055583954, 0.10348432511091232, 0.07276293635368347, 0.1102643758058548, 0.06800469756126404, 0.03818032518029213, 0.033888861536979675, 0.03252103552222252, 0.12845489382743835, 0.16720832884311676, 0.06417746096849442, 0.011699494905769825, 0.01102556474506855, 0.01820347271859646, 0.10099340230226517, 0.13085034489631653, 0.05473655089735985, 0.03382487595081329, 0.05396079644560814, 0.07165048271417618, 0.09279725700616837, 0.08239656686782837, 0.07353386282920837, 0.1403111219406128, 0.12067436426877975, 0.035066138952970505, 0.032377518713474274, 0.04130927473306656, 0.04793836176395416, 0.19372273981571198, 0.2624584138393402, 0.1229320839047432], "tonal.hpcp.stdev": [0.14566074311733246, 0.11706671863794327, 0.11624011397361755, 0.3176191449165344, 0.38412776589393616, 0.1922280192375183, 0.19185714423656464, 0.28026002645492554, 0.1868215948343277, 0.13197985291481018, 0.11814799159765244, 0.12951618432998657, 0.24387507140636444, 0.3139386773109436, 0.1501588672399521, 0.057222481817007065, 0.05845743790268898, 0.0805564820766449, 0.20149625837802887, 0.25146484375, 0.1358257234096527, 0.14684171974658966, 0.19234858453273773, 0.2221609503030777, 0.22738122940063477, 0.21456876397132874, 0.1815994828939438, 0.2799502909183502, 0.24324439465999603, 0.11551317572593689, 0.12437210977077484, 0.15301094949245453, 0.14570190012454987, 0.3079698085784912, 0.38880860805511475, 0.2405509203672409], "rhythm.beats_position": [0.4411791265010834, 0.9171881675720215, 1.3931972980499268, 1.8808163404464722, 2.345215320587158, 2.832834482192993, 3.3088433742523193, 3.7964625358581543, 4.2724714279174805, 4.7600908279418945, 5.224489688873291, 5.712108612060547, 6.188117980957031, 6.675736904144287, 7.151745796203613, 7.639364719390869, 8.115373611450195, 8.59138298034668, 9.055782318115234, 9.543400764465332, 10.031020164489746, 10.51863956451416, 10.994647979736328, 11.470657348632812, 11.958276748657227, 12.434285163879395, 12.910294532775879, 13.397913932800293, 13.862312316894531, 14.349931716918945, 14.83755111694336, 15.325169563293457, 15.801178932189941, 16.27718734741211, 16.753196716308594, 17.229206085205078, 17.716825485229492, 18.204444885253906, 18.668842315673828, 19.156461715698242, 19.620861053466797, 20.10848045349121, 20.584489822387695, 21.07210922241211, 21.54811668395996, 22.035736083984375, 22.51174545288086, 22.987754821777344, 23.4521541595459, 23.916553497314453, 24.380952835083008, 24.85696029663086, 25.332969665527344, 25.820589065551758, 26.308208465576172, 26.795827865600586, 27.283445358276367, 27.75945472717285, 28.247074127197266, 28.74630355834961, 29.233922958374023, 29.733150482177734, 30.232379913330078, 30.74321937561035, 31.265668869018555, 31.788116455078125, 32.27573776245117, 32.76335525512695, 33.250972747802734, 33.73859405517578, 34.237823486328125, 34.71383285522461, 35.20145034790039, 35.68906784057617, 36.15346908569336, 36.64108657836914, 37.12870788574219, 37.61632537841797], "rhythm.bpm_histogram": [0.0, 0.0, 0.0, 0.0, 0.0, 0.0, 0.0, 0.0, 0.0, 0.0, 0.0, 0.0, 0.0, 0.0, 0.0, 0.0, 0.0, 0.0, 0.0, 0.0, 0.0, 0.0, 0.0, 0.0, 0.0, 0.0, 0.0, 0.0, 0.0, 0.0, 0.0, 0.0, 0.0, 0.0, 0.0, 0.0, 0.0, 0.0, 0.0, 0.0, 0.0, 0.0, 0.0, 0.0, 0.0, 0.0, 0.0, 0.0, 0.0, 0.0, 0.0, 0.0, 0.0, 0.0, 0.0, 0.0, 0.0, 0.0, 0.0, 0.0, 0.0, 0.0, 0.0, 0.0, 0.0, 0.0, 0.0, 0.0, 0.0, 0.0, 0.0, 0.0, 0.0, 0.0, 0.0, 0.0, 0.0, 0.0, 0.0, 0.0, 0.0, 0.0, 0.0, 0.0, 0.0, 0.0, 0.0, 0.0, 0.0, 0.0, 0.0, 0.0, 0.0, 0.0, 0.0, 0.0, 0.0, 0.0, 0.0, 0.0, 0.0, 0.0, 0.0, 0.0, 0.0, 0.0, 0.0, 0.0, 0.0, 0.0, 0.0, 0.0, 0.0, 0.0, 0.0, 0.025974025949835777, 0.0, 0.012987012974917889, 0.0, 0.0, 0.051948051899671555, 0.0, 0.0, 0.4675324559211731, 0.0, 0.0, 0.31168830394744873, 0.0, 0.0, 0.12987013161182404, 0.0, 0.0, 0.0, 0.0, 0.0, 0.0, 0.0, 0.0, 0.0, 0.0, 0.0, 0.0, 0.0, 0.0, 0.0, 0.0, 0.0, 0.0, 0.0, 0.0, 0.0, 0.0, 0.0, 0.0, 0.0, 0.0, 0.0, 0.0, 0.0, 0.0, 0.0, 0.0, 0.0, 0.0, 0.0, 0.0, 0.0, 0.0, 0.0, 0.0, 0.0, 0.0, 0.0, 0.0, 0.0, 0.0, 0.0, 0.0, 0.0, 0.0, 0.0, 0.0, 0.0, 0.0, 0.0, 0.0, 0.0, 0.0, 0.0, 0.0, 0.0, 0.0, 0.0, 0.0, 0.0, 0.0, 0.0, 0.0, 0.0, 0.0, 0.0, 0.0, 0.0, 0.0, 0.0, 0.0, 0.0, 0.0, 0.0, 0.0, 0.0, 0.0, 0.0, 0.0, 0.0, 0.0, 0.0, 0.0, 0.0, 0.0, 0.0, 0.0, 0.0, 0.0, 0.0, 0.0, 0.0, 0.0, 0.0, 0.0, 0.0, 0.0, 0.0, 0.0, 0.0, 0.0, 0.0, 0.0, 0.0, 0.0, 0.0, 0.0, 0.0, 0.0, 0.0, 0.0, 0.0, 0.0, 0.0, 0.0], "tonal.chords_histogram": [33.65853500366211, 5.243902206420898, 5.487804889678955, 5.487804889678955, 16.463415145874023, 0.0, 17.926828384399414, 0.0, 0.0, 0.0, 0.0, 0.0, 0.0, 0.0, 0.0, 0.0, 0.0, 0.0, 0.0, 0.0, 0.0, 0.6097561120986938, 0.0, 15.12195110321045], "tonal.thpcp": [1.0, 0.35813722014427185, 0.2518170475959778, 0.3816015422344208, 0.23534978926181793, 0.13213397562503815, 0.11728213727474213, 0.11254838109016418, 0.44455504417419434, 0.5786724090576172, 0.2221045345067978, 0.04048946127295494, 0.038157131522893906, 0.06299834698438644, 0.3495166599750519, 0.45284518599510193, 0.1894315481185913, 0.11706069856882095, 0.18674683570861816, 0.24796706438064575, 0.3211515545845032, 0.2851569652557373, 0.25448504090309143, 0.48558691143989563, 0.41762828826904297, 0.12135644257068634, 0.11205170303583145, 0.14296260476112366, 0.1659044623374939, 0.6704331636428833, 0.9083126783370972, 0.42544177174568176, 0.13352800905704498, 0.08252005279064178, 0.10607591271400452, 0.7561866641044617], "lowlevel.gfcc.cov": [[4295.84130859375, 332.6460876464844, 932.6492309570312, 869.5984497070312, 593.0787353515625, 907.4921264648438, 580.4368896484375, 231.02044677734375, 177.10194396972656, 270.827880859375, 20.769275665283203, 172.74595642089844, 140.6199188232422], [332.6460876464844, 785.5243530273438, 464.5337829589844, 285.0494384765625, 402.4326171875, 271.5126037597656, 248.3931121826172, 93.09455108642578, 117.11029815673828, 81.59357452392578, 73.66988372802734, 9.126740455627441, 110.30368041992188], [932.6492309570312, 464.5337829589844, 1222.001953125, 919.7902221679688, 716.4752807617188, 673.101806640625, 476.326171875, 215.9796905517578, 284.2351989746094, 239.7965850830078, 144.20181274414062, 176.4114990234375, 219.4044189453125], [869.5984497070312, 285.0494384765625, 919.7902221679688, 993.776123046875, 635.30419921875, 645.7755737304688, 438.768798828125, 108.725830078125, 217.93650817871094, 177.68060302734375, 63.957176208496094, 126.8897476196289, 159.59072875976562], [593.0787353515625, 402.4326171875, 716.4752807617188, 635.30419921875, 608.1693725585938, 519.0546264648438, 370.8228759765625, 153.3975067138672, 183.54754638671875, 162.50511169433594, 88.72562408447266, 100.33438873291016, 157.9552764892578], [907.4921264648438, 271.5126037597656, 673.101806640625, 645.7755737304688, 519.0546264648438, 667.4644775390625, 438.24639892578125, 139.47207641601562, 197.5336151123047, 174.3523712158203, 60.83291244506836, 92.55731964111328, 143.89862060546875], [580.4368896484375, 248.3931121826172, 476.326171875, 438.768798828125, 370.8228759765625, 438.24639892578125, 391.77264404296875, 159.2439422607422, 181.7578582763672, 157.9755401611328, 66.01268005371094, 77.49484252929688, 97.4002685546875], [231.02044677734375, 93.09455108642578, 215.9796905517578, 108.725830078125, 153.3975067138672, 139.47207641601562, 159.2439422607422, 209.70777893066406, 138.71778869628906, 91.56421661376953, 77.4789810180664, 64.10438537597656, 53.02699661254883], [177.10194396972656, 117.11029815673828, 284.2351989746094, 217.93650817871094, 183.54754638671875, 197.5336151123047, 181.7578582763672, 138.71778869628906, 196.403564453125, 121.50955200195312, 70.7249755859375, 65.52214050292969, 57.15669250488281], [270.827880859375, 81.59357452392578, 239.7965850830078, 177.68060302734375, 162.50511169433594, 174.3523712158203, 157.9755401611328, 91.56421661376953, 121.50955200195312, 149.0274658203125, 71.8082504272461, 63.6428108215332, 72.0943603515625], [20.769275665283203, 73.66988372802734, 144.20181274414062, 63.957176208496094, 88.72562408447266, 60.83291244506836, 66.01268005371094, 77.4789810180664, 70.7249755859375, 71.8082504272461, 100.11470031738281, 68.84326934814453, 63.88629150390625], [172.74595642089844, 9.126740455627441, 176.4114990234375, 126.8897476196289, 100.33438873291016, 92.55731964111328, 77.49484252929688, 64.10438537597656, 65.52214050292969, 63.6428108215332, 68.84326934814453, 110.16981506347656, 82.5268325805664], [140.6199188232422, 110.30368041992188, 219.4044189453125, 159.59072875976562, 157.9552764892578, 143.89862060546875, 97.4002685546875, 53.02699661254883, 57.15669250488281, 72.0943603515625, 63.88629150390625, 82.5268325805664, 155.22320556640625]], "lowlevel.gfcc.icov": [[0.0004704530874732882, -0.00042007389129139483, -2.5261546397814527e-05, -0.00029231951339170337, 0.0007503958186134696, -0.0010511288419365883, 0.0005888050072826445, -0.0009563643834553659, 0.0012207857798784971, -0.001227840781211853, 0.0012219676282256842, -0.0012629169505089521, 0.0006659239297732711], [-0.00042007389129139483, 0.0035747552756220102, -0.0010563546093180776, 0.0019396159332245588, -0.0035657850094139576, 0.002585778944194317, -0.0032424929086118937, 0.00276009039953351, -0.0024908813647925854, 0.0034217615611851215, -0.003213221672922373, 0.004733352456241846, -0.002203766955062747], [-2.5261546397814527e-05, -0.0010563546093180776, 0.004529464524239302, -0.002918373793363571, -0.0008405082626268268, -0.0009271219023503363, 0.001834494061768055, -0.0015402607386931777, -0.00010727236076490954, -0.0011673134285956621, -0.0007068731356412172, -0.0015549820382148027, 0.00016091455472633243], [-0.00029231951339170337, 0.0019396159332245588, -0.002918373793363571, 0.006884578615427017, -0.00430208258330822, 0.000370881927665323, -0.0029208860360085964, 0.0047101667150855064, -0.0031995854806154966, 0.0027943821623921394, 0.0007279256242327392, -5.568273627432063e-05, -0.00019871963013429195], [0.0007503958186134696, -0.0035657850094139576, -0.0008405082626268268, -0.00430208258330822, 0.012805887497961521, -0.00520156929269433, 0.00223907851614058, -0.005200301297008991, 0.004745376296341419, -0.0037282295525074005, 0.0014789508422836661, -0.0021073122043162584, 0.00012351501209195703], [-0.0010511288419365883, 0.002585778944194317, -0.0009271219023503363, 0.000370881927665323, -0.00520156929269433, 0.012151231057941914, -0.009397276677191257, 0.004603047855198383, -0.0039120991714298725, 0.0039043377619236708, -0.0017159900162369013, 0.005063100717961788, -0.0039620110765099525], [0.0005888050072826445, -0.0032424929086118937, 0.001834494061768055, -0.0029208860360085964, 0.00223907851614058, -0.009397276677191257, 0.017760250717401505, -0.007436845451593399, 0.0020178381819278, -0.008050153963267803, 0.004446324892342091, -0.004564935341477394, 0.003603204619139433], [-0.0009563643834553659, 0.00276009039953351, -0.0015402607386931777, 0.0047101667150855064, -0.005200301297008991, 0.004603047855198383, -0.007436845451593399, 0.015942169353365898, -0.009892293252050877, 0.006328336428850889, -0.006668540649116039, 0.0026279787998646498, -0.001464806729927659], [0.0012207857798784971, -0.0024908813647925854, -0.00010727236076490954, -0.0031995854806154966, 0.004745376296341419, -0.0039120991714298725, 0.0020178381819278, -0.009892293252050877, 0.020196547731757164, -0.011293780989944935, 0.0028002948965877295, -0.00505112623795867, 0.0043579754419624805], [-0.001227840781211853, 0.0034217615611851215, -0.0011673134285956621, 0.0027943821623921394, -0.0037282295525074005, 0.0039043377619236708, -0.008050153963267803, 0.006328336428850889, -0.011293780989944935, 0.02437446638941765, -0.011353698559105396, 0.005971061531454325, -0.005142349749803543], [0.0012219676282256842, -0.003213221672922373, -0.0007068731356412172, 0.0007279256242327392, 0.0014789508422836661, -0.0017159900162369013, 0.004446324892342091, -0.006668540649116039, 0.0028002948965877295, -0.011353698559105396, 0.030985932797193527, -0.015542753972113132, 0.0007536117918789387], [-0.0012629169505089521, 0.004733352456241846, -0.0015549820382148027, -5.568273627432063e-05, -0.0021073122043162584, 0.005063100717961788, -0.004564935341477394, 0.0026279787998646498, -0.00505112623795867, 0.005971061531454325, -0.015542753972113132, 0.030138788744807243, -0.011087018996477127], [0.0006659239297732711, -0.002203766955062747, 0.00016091455472633243, -0.00019871963013429195, 0.00012351501209195703, -0.0039620110765099525, 0.003603204619139433, -0.001464806729927659, 0.0043579754419624805, -0.005142349749803543, 0.0007536117918789387, -0.011087018996477127, 0.015536770224571228]], "lowlevel.mfcc.cov": [[4069.33984375, 7.283321380615234, 676.5765380859375, 355.8479919433594, 285.9790954589844, 788.7802124023438, 482.45599365234375, 371.94818115234375, 435.87384033203125, 216.3884735107422, 313.521240234375, 98.4022445678711, 36.020809173583984], [7.283321380615234, 671.10009765625, 154.82521057128906, 118.02639770507812, 183.85133361816406, 109.7556381225586, 171.98973083496094, 72.19032287597656, 114.11297607421875, 94.2467269897461, 62.088287353515625, 45.46894454956055, 4.948775291442871], [676.5765380859375, 154.82521057128906, 768.2923583984375, 463.0348205566406, 398.52862548828125, 570.2800903320312, 337.5597229003906, 310.52142333984375, 319.7156066894531, 215.5943603515625, 255.09034729003906, 110.29437255859375, 18.694442749023438], [355.8479919433594, 118.02639770507812, 463.0348205566406, 466.8069763183594, 308.3232421875, 421.9488830566406, 245.77162170410156, 220.54962158203125, 228.38345336914062, 140.22486877441406, 185.03863525390625, 82.44973754882812, -8.253620147705078], [285.9790954589844, 183.85133361816406, 398.52862548828125, 308.3232421875, 373.8155212402344, 334.99639892578125, 243.87680053710938, 202.89183044433594, 199.69265747070312, 136.54039001464844, 145.4025421142578, 74.71733856201172, 9.536410331726074], [788.7802124023438, 109.7556381225586, 570.2800903320312, 421.9488830566406, 334.99639892578125, 739.1189575195312, 370.4885559082031, 291.2257995605469, 335.89056396484375, 223.19459533691406, 245.25994873046875, 72.87667083740234, -3.4060375690460205], [482.45599365234375, 171.98973083496094, 337.5597229003906, 245.77162170410156, 243.87680053710938, 370.4885559082031, 318.9869079589844, 205.5697479248047, 216.86614990234375, 157.71237182617188, 152.51853942871094, 65.95514678955078, 15.377979278564453], [371.94818115234375, 72.19032287597656, 310.52142333984375, 220.54962158203125, 202.89183044433594, 291.2257995605469, 205.5697479248047, 245.43869018554688, 200.2485809326172, 138.32266235351562, 151.4967498779297, 83.81736755371094, 32.9815673828125], [435.87384033203125, 114.11297607421875, 319.7156066894531, 228.38345336914062, 199.69265747070312, 335.89056396484375, 216.86614990234375, 200.2485809326172, 276.5760803222656, 168.3708953857422, 171.92971801757812, 85.81507873535156, 38.20975112915039], [216.3884735107422, 94.2467269897461, 215.5943603515625, 140.22486877441406, 136.54039001464844, 223.19459533691406, 157.71237182617188, 138.32266235351562, 168.3708953857422, 179.8797149658203, 122.36039733886719, 63.77593231201172, 40.23633575439453], [313.521240234375, 62.088287353515625, 255.09034729003906, 185.03863525390625, 145.4025421142578, 245.25994873046875, 152.51853942871094, 151.4967498779297, 171.92971801757812, 122.36039733886719, 195.00106811523438, 96.53638458251953, 42.604244232177734], [98.4022445678711, 45.46894454956055, 110.29437255859375, 82.44973754882812, 74.71733856201172, 72.87667083740234, 65.95514678955078, 83.81736755371094, 85.81507873535156, 63.77593231201172, 96.53638458251953, 111.21235656738281, 57.272125244140625], [36.020809173583984, 4.948775291442871, 18.694442749023438, -8.253620147705078, 9.536410331726074, -3.4060375690460205, 15.377979278564453, 32.9815673828125, 38.20975112915039, 40.23633575439453, 42.604244232177734, 57.272125244140625, 104.7053451538086]], "lowlevel.mfcc.icov": [[0.00035344433854334056, 8.09587727417238e-05, -0.00018629661644808948, 0.00024140327877830714, 0.00022026912483852357, -0.00020511345064733177, -0.00040337146492674947, -5.6661501730559394e-05, -0.00031642004614695907, 0.00043128745164722204, -0.0001453211734769866, 8.136346150422469e-05, -5.841027814312838e-05], [8.09587727417238e-05, 0.0020420465152710676, -1.0330942131986376e-05, 0.00013290646893437952, -0.0008796833571977913, 0.0006491278181783855, -0.001492826733738184, 0.0011019054800271988, -0.0006622439832426608, -0.0004012702847830951, 0.00021906218898948282, -0.00043142770300619304, 0.0004040667845401913], [-0.00018629661644808948, -1.0330942131986376e-05, 0.005146848503500223, -0.001797373523004353, -0.001994964201003313, -0.0011891573667526245, 0.0006267979042604566, -0.0012160444166511297, 4.333621109253727e-05, -0.0005233674892224371, -0.0011723096249625087, 0.000409564032452181, -0.00012374433572404087], [0.00024140327877830714, 0.00013290646893437952, -0.001797373523004353, 0.007577884942293167, -0.0025064770597964525, -0.001539876451715827, 0.00018568476662039757, -0.0004398534365464002, -0.0006352064665406942, 0.0014241815079003572, -0.0013552865711972117, -0.0014431294985115528, 0.0021437436807900667], [0.00022026912483852357, -0.0008796833571977913, -0.001994964201003313, -0.0025064770597964525, 0.008972631767392159, 0.0002491413615643978, -0.002566220937296748, -0.0015869413036853075, 3.499974263831973e-05, 0.000197208792087622, 0.0014081797562539577, -0.0008251579711213708, -1.8116228602593765e-05], [-0.00020511345064733177, 0.0006491278181783855, -0.0011891573667526245, -0.001539876451715827, 0.0002491413615643978, 0.006035858765244484, -0.0028959056362509727, 0.0002941711572930217, -0.0021376637741923332, -0.0008105250890366733, -0.001801977283321321, 0.0028132374864071608, 0.0009231085423380136], [-0.00040337146492674947, -0.001492826733738184, 0.0006267979042604566, 0.00018568476662039757, -0.002566220937296748, -0.0028959056362509727, 0.012626105919480324, -0.003503291169181466, -0.000428053957875818, -0.00235288986004889, 0.000116741270176135, 0.0004118446377106011, 0.00028831372037529945], [-5.6661501730559394e-05, 0.0011019054800271988, -0.0012160444166511297, -0.0004398534365464002, -0.0015869413036853075, 0.0002941711572930217, -0.003503291169181466, 0.014783129096031189, -0.003678850596770644, -0.0011457402724772692, -0.0008154534734785557, -0.002739245304837823, -0.00022518633340951055], [-0.00031642004614695907, -0.0006622439832426608, 4.333621109253727e-05, -0.0006352064665406942, 3.499974263831973e-05, -0.0021376637741923332, -0.000428053957875818, -0.003678850596770644, 0.015933949500322342, -0.0054474794305861, -0.002919726772233844, -0.0008127898909151554, -0.0008574387175031006], [0.00043128745164722204, -0.0004012702847830951, -0.0005233674892224371, 0.0014241815079003572, 0.000197208792087622, -0.0008105250890366733, -0.00235288986004889, -0.0011457402724772692, -0.0054474794305861, 0.01565801352262497, -0.0023235040716826916, 0.0004901039646938443, -0.0026133679784834385], [-0.0001453211734769866, 0.00021906218898948282, -0.0011723096249625087, -0.0013552865711972117, 0.0014081797562539577, -0.001801977283321321, 0.000116741270176135, -0.0008154534734785557, -0.002919726772233844, -0.0023235040716826916, 0.018658112734556198, -0.009498963132500648, -0.00024281855439767241], [8.136346150422469e-05, -0.00043142770300619304, 0.000409564032452181, -0.0014431294985115528, -0.0008251579711213708, 0.0028132374864071608, 0.0004118446377106011, -0.002739245304837823, -0.0008127898909151554, 0.0004901039646938443, -0.009498963132500648, 0.022883471101522446, -0.007768976967781782], [-5.841027814312838e-05, 0.0004040667845401913, -0.00012374433572404087, 0.0021437436807900667, -1.8116228602593765e-05, 0.0009231085423380136, 0.00028831372037529945, -0.00022518633340951055, -0.0008574387175031006, -0.0026133679784834385, -0.00024281855439767241, -0.007768976967781782, 0.015468430705368519]], "metadata.audio_properties.analysis.downmix": "mix", "metadata.audio_properties.codec": "mp3", "metadata.audio_properties.md5_encoded": "8d2bf8b858df80eb3206612f223a24e9", "metadata.tags.file_name": "1182267116754313256.mp3", "metadata.version.essentia": "2.1-beta6-dev", "metadata.version.essentia_git_sha": "v2.1_beta5-1110-g77a6a954", "metadata.version.extractor": "music 2.0", "tonal.chords_key": "F#", "tonal.chords_scale": "major", "tonal.key_edma.key": "F#", "tonal.key_edma.scale": "maj