{"song_id": "1182286031165345902", "download": "https://cdn.discordapp.com/attachments/1135911532732108921/1182286031165345902/chirp.mp4?ex=658424ab&amp", "lyrics": "\u0418\u0440\u0438\u043d\u0430 \u042e\u0440\u044c\u0435\u0432\u043d\u0430! \u041f\u043e\u0437\u0434\u0440\u0430\u0432\u043b\u044f\u044e \u0441 \u0414\u043d\u0451\u043c \u0420\u043e\u0436\u0434\u0435\u043d\u044c\u044f!\n\u041f\u0443\u0441\u0442\u044c \u0431\u043b\u0435\u0441\u0442\u044f\u0442 \u043e\u0442 \u0440\u0430\u0434\u043e\u0441\u0442\u0438 \u0433\u043b\u0430\u0437\u0430,\n\n\u0412\u0430\u043c \u0436\u0435\u043b\u0430\u044e \u043a\u0440\u0435\u043f\u043a\u043e\u0433\u043e \u0437\u0434\u043e\u0440\u043e\u0432\u044c\u044f,\n\u0414\u043e\u043b\u0433\u0438\u0445 \u043b\u0435\u0442, \u043d\u0435\u0443\u0442\u043e\u043c\u0438\u043c\u044b\u0445 \u0441\u0438\u043b.\n\u0427\u0442\u043e\u0431\u044b \u0436\u0438\u0437\u043d\u044c \u0431\u044b\u043b\u0430 \u0412\u0430\u0448\u0430 \u0441\u043f\u043e\u043a\u043e\u0439\u043d\u0430,\n\u0422\u043e\u043b\u044c\u043a\u043e \u043f\u0440\u0430\u0437\u0434\u043d\u0438\u043a \u0432 \u0434\u043e\u043c \u0412\u0430\u0448 \u0437\u0430\u0445\u043e\u0434\u0438\u043b.\n\n\u041d\u0430 \u0433\u043e\u0434\u0430 \u0412\u044b, \u0442\u0451\u0449\u0430, \u043d\u0435 \u0440\u043e\u043f\u0449\u0438\u0442\u0435,\n\u041d\u0435 \u0441\u0434\u0430\u0432\u0430\u0439\u0442\u0435\u0441\u044c \u0432 \u0438\u0445 \u0436\u0435\u0441\u0442\u043e\u043a\u0438\u0439 \u043f\u043b\u0435\u043d,\n\u0412 \u043a\u0430\u0436\u0434\u043e\u043c \u0434\u043d\u0435 \u043f\u0440\u0435\u043a\u0440\u0430\u0441\u043d\u043e\u0435 \u0438\u0449\u0438\u0442\u0435,\n\u041f\u0443\u0441\u0442\u044c \u043d\u0435 \u0431\u0443\u0434\u0435\u0442 \u0433\u043e\u0440\u044f \u0438 \u043f\u0440\u043e\u0431\u043b\u0435\u043c!\n\n\u041a\u0430\u0440\u0438\u043d\u0430 \u0438 \u0410\u0440\u0441\u0435\u043d\u0438\u0439 \u0412\u0430\u0441 \u0442\u043e\u0436\u0435 \u043f\u043e\u0437\u0434\u0440\u0430\u0432\u043b\u044f\u044e\u0442,\n\u0421\u0447\u0430\u0441\u0442\u044c\u044f, \u0440\u0430\u0434\u043e\u0441\u0442\u0438 \u0432 \u0436\u0438\u0437\u043d\u0438 \u0412\u0430\u043c \u0436\u0435\u043b\u0430\u044e\u0442.", "style": ["techno"], "essentia_features": {"lowlevel.average_loudness": 0.9851968288421631, "lowlevel.barkbands_crest.mean": 12.910053253173828, "lowlevel.barkbands_crest.stdev": 3.8732190132141113, "lowlevel.barkbands_flatness_db.mean": 0.15431810915470123, "lowlevel.barkbands_flatness_db.stdev": 0.04015280678868294, "lowlevel.barkbands_kurtosis.mean": 6.4854350090026855, "lowlevel.barkbands_kurtosis.stdev": 9.121115684509277, "lowlevel.barkbands_skewness.mean": 2.3441836833953857, "lowlevel.barkbands_skewness.stdev": 1.3429052829742432, "lowlevel.barkbands_spread.mean": 29.416601181030273, "lowlevel.barkbands_spread.stdev": 19.00054931640625, "lowlevel.dissonance.mean": 0.4881427586078644, "lowlevel.dissonance.stdev": 0.010117906145751476, "lowlevel.dynamic_complexity": 0.8845242261886597, "lowlevel.erbbands_crest.mean": 7.260966777801514, "lowlevel.erbbands_crest.stdev": 3.03017520904541, "lowlevel.erbbands_flatness_db.mean": 0.1257820725440979, "lowlevel.erbbands_flatness_db.stdev": 0.025074418634176254, "lowlevel.erbbands_kurtosis.mean": 0.3218216896057129, "lowlevel.erbbands_kurtosis.stdev": 1.59151029586792, "lowlevel.erbbands_skewness.mean": -0.5361063480377197, "lowlevel.erbbands_skewness.stdev": 0.6196766495704651, "lowlevel.erbbands_spread.mean": 56.06809616088867, "lowlevel.erbbands_spread.stdev": 22.651151657104492, "lowlevel.hfc.mean": 42.874855041503906, "lowlevel.hfc.stdev": 29.663909912109375, "lowlevel.loudness_ebu128.integrated": -9.888643264770508, "lowlevel.loudness_ebu128.loudness_range": 0.89349365234375, "lowlevel.loudness_ebu128.momentary.mean": -9.91150951385498, "lowlevel.loudness_ebu128.momentary.stdev": 0.44966644048690796, "lowlevel.loudness_ebu128.short_term.mean": -9.890345573425293, "lowlevel.loudness_ebu128.short_term.stdev": 0.30111047625541687, "lowlevel.melbands_crest.mean": 22.56097984313965, "lowlevel.melbands_crest.stdev": 4.96621036529541, "lowlevel.melbands_flatness_db.mean": 0.21871891617774963, "lowlevel.melbands_flatness_db.stdev": 0.048474494367837906, "lowlevel.melbands_kurtosis.mean": 36.20701599121094, "lowlevel.melbands_kurtosis.stdev": 38.38383865356445, "lowlevel.melbands_skewness.mean": 5.038959980010986, "lowlevel.melbands_skewness.stdev": 2.534348487854004, "lowlevel.melbands_spread.mean": 19.195293426513672, "lowlevel.melbands_spread.stdev": 14.318181991577148, "lowlevel.pitch_salience.mean": 0.3977752923965454, "lowlevel.pitch_salience.stdev": 0.13932420313358307, "lowlevel.silence_rate_20dB.mean": 1.0, "lowlevel.silence_rate_20dB.stdev": 0.0, "lowlevel.silence_rate_30dB.mean": 0.9229828715324402, "lowlevel.silence_rate_30dB.stdev": 0.2666175365447998, "lowlevel.silence_rate_60dB.mean": 0.0012224939418956637, "lowlevel.silence_rate_60dB.stdev": 0.034942738711833954, "lowlevel.spectral_centroid.mean": 1758.5989990234375, "lowlevel.spectral_centroid.stdev": 576.6917724609375, "lowlevel.spectral_complexity.mean": 32.127140045166016, "lowlevel.spectral_complexity.stdev": 8.483465194702148, "lowlevel.spectral_decrease.mean": -1.7848272193532466e-08, "lowlevel.spectral_decrease.stdev": 7.341677932259927e-09, "lowlevel.spectral_energy.mean": 0.07125233113765717, "lowlevel.spectral_energy.stdev": 0.027668815106153488, "lowlevel.spectral_energyband_high.mean": 0.002949971705675125, "lowlevel.spectral_energyband_high.stdev": 0.003769014496356249, "lowlevel.spectral_energyband_low.mean": 0.05126010626554489, "lowlevel.spectral_energyband_low.stdev": 0.029503561556339264, "lowlevel.spectral_energyband_middle_high.mean": 0.007351257838308811, "lowlevel.spectral_energyband_middle_high.stdev": 0.005225071217864752, "lowlevel.spectral_energyband_middle_low.mean": 0.009424048475921154, "lowlevel.spectral_energyband_middle_low.stdev": 0.012317107059061527, "lowlevel.spectral_entropy.mean": 8.010340690612793, "lowlevel.spectral_entropy.stdev": 0.22360269725322723, "lowlevel.spectral_flux.mean": 0.13882721960544586, "lowlevel.spectral_flux.stdev": 0.06772457808256149, "lowlevel.spectral_kurtosis.mean": 2.359919309616089, "lowlevel.spectral_kurtosis.stdev": 1.1442391872406006, "lowlevel.spectral_rms.mean": 0.008195572532713413, "lowlevel.spectral_rms.stdev": 0.001531969173811376, "lowlevel.spectral_rolloff.mean": 1299.1925048828125, "lowlevel.spectral_rolloff.stdev": 1810.280029296875, "lowlevel.spectral_skewness.mean": 1.1182053089141846, "lowlevel.spectral_skewness.stdev": 0.2538851797580719, "lowlevel.spectral_spread.mean": 5274270.5, "lowlevel.spectral_spread.stdev": 1338403.5, "lowlevel.spectral_strongpeak.mean": 0.775235652923584, "lowlevel.spectral_strongpeak.stdev": 0.35995328426361084, "lowlevel.zerocrossingrate.mean": 0.05499551072716713, "lowlevel.zerocrossingrate.stdev": 0.03231389448046684, "metadata.audio_properties.analysis.equal_loudness": 0.0, "metadata.audio_properties.analysis.length": 37.951995849609375, "metadata.audio_properties.analysis.sample_rate": 44100.0, "metadata.audio_properties.analysis.start_time": 0.0, "metadata.audio_properties.bit_rate": 117044.0, "metadata.audio_properties.length": 37.95199966430664, "metadata.audio_properties.lossless": 0.0, "metadata.audio_properties.number_channels": 1.0, "metadata.audio_properties.replay_gain": -13.82478141784668, "metadata.audio_properties.sample_rate": 48000.0, "rhythm.beats_count": 87.0, "rhythm.beats_loudness.mean": 0.07105766236782074, "rhythm.beats_loudness.stdev": 0.025350002571940422, "rhythm.bpm": 139.93809509277344, "rhythm.bpm_histogram_first_peak_bpm": 140.0, "rhythm.bpm_histogram_first_peak_weight": 0.34939759969711304, "rhythm.bpm_histogram_second_peak_bpm": 129.0, "rhythm.bpm_histogram_second_peak_spread": 0.3333333730697632, "rhythm.bpm_histogram_second_peak_weight": 0.023255813866853714, "rhythm.danceability": 1.4203306436538696, "rhythm.onset_rate": 3.6086223125457764, "tonal.chords_changes_rate": 0.12454212456941605, "tonal.chords_number_rate": 0.018315019086003304, "tonal.chords_strength.mean": 0.5035170912742615, "tonal.chords_strength.stdev": 0.10986267775297165, "tonal.hpcp_crest.mean": 9.923190116882324, "tonal.hpcp_crest.stdev": 4.4672417640686035, "tonal.hpcp_entropy.mean": 2.728482484817505, "tonal.hpcp_entropy.stdev": 0.7885832786560059, "tonal.key_edma.strength": 0.39114949107170105, "tonal.key_krumhansl.strength": 0.3932025134563446, "tonal.key_temperley.strength": 0.40955832600593567, "tonal.tuning_diatonic_strength": 0.4574781060218811, "tonal.tuning_equal_tempered_deviation": 0.22344118356704712, "tonal.tuning_frequency": 452.6314697265625, "tonal.tuning_nontempered_energy_ratio": 0.885413408279419, "lowlevel.barkbands.mean": [0.001968823140487075, 0.029535498470067978, 0.020077964290976524, 0.0017642395105212927, 0.003704245900735259, 0.0007800866733305156, 0.001097587519325316, 0.001262499252334237, 0.000728143728338182, 0.000292155978968367, 0.00036703221849165857, 0.0008948545437306166, 0.0009909078944474459, 0.0007693959632888436, 0.0009084153571166098, 0.0010773673420771956, 0.0008942366112023592, 0.0003796915989369154, 0.0005629967199638486, 0.000518685788847506, 0.0006381541606970131, 0.0004712077206932008, 0.00047536627971567214, 0.0006244813557714224, 0.00035110197495669127, 0.00011681764590321109, 3.9209410829244007e-07], "lowlevel.barkbands.stdev": [0.00256573804654181, 0.025645386427640915, 0.013613803312182426, 0.003830160479992628, 0.008947436697781086, 0.0016951895086094737, 0.002522775437682867, 0.003319821087643504, 0.0016671889461576939, 0.0006037690327502787, 0.000741601746995002, 0.0016663649585098028, 0.0016875563887879252, 0.001474885269999504, 0.001757495803758502, 0.001145967748016119, 0.0008316176244989038, 0.0002733973669819534, 0.00034182053059339523, 0.00038777850568294525, 0.0006129059474915266, 0.0006164774531498551, 0.0008240735623985529, 0.0013809669762849808, 0.0006756513612344861, 0.00024175143335014582, 1.6671228877385147e-06], "lowlevel.erbbands.mean": [0.4213275611400604, 8.017090797424316, 26.636945724487305, 10.322340965270996, 11.314197540283203, 11.842071533203125, 7.374188423156738, 6.860474109649658, 12.822733879089355, 23.399066925048828, 23.894306182861328, 17.63433837890625, 10.648537635803223, 10.324588775634766, 20.764755249023438, 38.390193939208984, 46.159297943115234, 36.777156829833984, 50.48481750488281, 43.486236572265625, 67.9667739868164, 49.041534423828125, 21.575820922851562, 27.526199340820312, 26.295053482055664, 24.63418960571289, 27.168415069580078, 22.4033260345459, 17.65924835205078, 14.37710952758789, 13.463173866271973, 12.815130233764648, 10.307186126708984, 5.049863815307617, 1.9029980897903442, 0.7479248642921448, 0.1692560911178589, 0.01159299910068512, 0.00030450953636318445, 0.00010298376582795754], "lowlevel.erbbands.stdev": [0.8644577860832214, 5.7207112312316895, 15.31171703338623, 11.147618293762207, 33.32979965209961, 29.640216827392578, 16.871963500976562, 16.269643783569336, 31.277246475219727, 50.29804611206055, 54.6190299987793, 42.05294418334961, 20.671350479125977, 21.02821159362793, 39.80714416503906, 69.07164001464844, 75.71647644042969, 55.2177848815918, 93.8099365234375, 65.98388671875, 68.13124084472656, 42.384151458740234, 15.088475227355957, 16.820541381835938, 17.0355167388916, 18.556934356689453, 25.215625762939453, 22.360675811767578, 22.74365234375, 20.490768432617188, 24.629961013793945, 28.165834426879883, 22.95221710205078, 9.892753601074219, 3.7040772438049316, 1.4920289516448975, 0.3691803514957428, 0.02939242124557495, 0.0006131961126811802, 5.1474627980496734e-05], "lowlevel.gfcc.mean": [58.33690643310547, 62.0559196472168, -109.76646423339844, 67.39964294433594, -40.67698287963867, 38.73009490966797, -32.7769775390625, 19.84400749206543, -20.26960563659668, 10.58898639678955, -17.903261184692383, -4.268369197845459, -14.680724143981934], "lowlevel.melbands.mean": [0.005955268628895283, 0.012589921243488789, 0.0019904940854758024, 0.000846317911054939, 0.00031461630715057254, 0.00015363992133643478, 0.0002060924016404897, 0.00027636971208266914, 0.00017956882948055863, 0.00010639349784469232, 5.072298881714232e-05, 3.965329233324155e-05, 5.771194628323428e-05, 8.964877633843571e-05, 0.00011101261043222621, 9.348114690510556e-05, 6.580921035492793e-05, 8.252336556324735e-05, 6.521568866446614e-05, 5.659672387992032e-05, 8.648056245874614e-05, 5.765380774391815e-05, 2.3657095880480483e-05, 1.684635026322212e-05, 2.2981903384788893e-05, 2.0636834960896522e-05, 1.7508449673186988e-05, 1.57573122123722e-05, 1.6695201338734478e-05, 1.618415626580827e-05, 1.1760958841477986e-05, 1.0412101801193785e-05, 8.16206284071086e-06, 7.951955922180787e-06, 7.614542937517399e-06, 7.67854453442851e-06, 7.98633845988661e-06, 7.678859219595324e-06, 5.601340035354951e-06, 3.827581622317666e-06], "lowlevel.melbands.stdev": [0.007252149283885956, 0.006490353029221296, 0.0021955613046884537, 0.002147297840565443, 0.0007527262205258012, 0.00035965428105555475, 0.0004826390650123358, 0.000625222222879529, 0.00039247391396202147, 0.00026505705318413675, 0.0001023378936224617, 8.591137157054618e-05, 0.00011253041157033294, 0.0001646832242840901, 0.00019790726946666837, 0.0001696649269433692, 0.00011324904335197061, 0.00016031821724027395, 0.00012763642007485032, 6.805849989177659e-05, 8.956959209172055e-05, 5.662878174916841e-05, 1.8832932255463675e-05, 1.2561636140162591e-05, 1.4807849765929859e-05, 1.3807566574541852e-05, 1.3073070476821158e-05, 1.258275005966425e-05, 1.5583833373966627e-05, 1.665237323322799e-05, 1.2254457942617591e-05, 1.3939036762167234e-05, 1.1493760212033521e-05, 1.2091275493730791e-05, 1.3709765880776104e-05, 1.6302787116728723e-05, 1.8190237824455835e-05, 1.774880729499273e-05, 1.1642209756246302e-05, 7.517031008319464e-06], "lowlevel.melbands128.mean": [0.0009141181944869459, 0.002354854717850685, 0.006122690159827471, 0.016271226108074188, 0.01696757785975933, 0.007687774021178484, 0.0016793295508250594, 0.0009686174453236163, 0.0012508995132520795, 0.0008420064114034176, 0.0006535841384902596, 0.0004292634839657694, 0.00022741420252714306, 0.00015914645337034017, 0.0001426801027264446, 0.00015521817840635777, 0.00017314159777015448, 0.00021876307437196374, 0.00024341676908079535, 0.0002441653050482273, 0.000338568672304973, 0.0002629373921081424, 0.00013959893840365112, 0.00011855534103233367, 0.0001180782201117836, 0.00010964839020743966, 5.786939800600521e-05, 4.445858940016478e-05, 4.414235445437953e-05, 3.705739072756842e-05, 4.020449341624044e-05, 3.922032919945195e-05, 5.129714190843515e-05, 7.748722418909892e-05, 8.282867929665372e-05, 8.403122774325311e-05, 0.00011433885083533823, 0.00012299156514927745, 9.670788858784363e-05, 0.0001097167405532673, 0.00010134783224202693, 5.8672387240221724e-05, 4.826282020076178e-05, 8.221875032177195e-05, 8.56583210406825e-05, 7.339417788898572e-05, 9.503996261628345e-05, 6.200170901138335e-05, 5.8405894378665835e-05, 5.319629781297408e-05, 4.7553239710396156e-05, 6.733681220794097e-05, 9.31595204747282e-05, 9.21477549127303e-05, 7.79778347350657e-05, 6.0748181567760184e-05, 3.4596432669786736e-05, 2.5814988475758582e-05, 2.089724875986576e-05, 1.591291220393032e-05, 1.4405275578610599e-05, 1.8957900465466082e-05, 2.2895444999448955e-05, 2.4278257114929147e-05, 2.3113214410841465e-05, 2.1664012820110656e-05, 1.8275844922754914e-05, 1.7174872482428327e-05, 1.7440650481148623e-05, 1.8229380657430738e-05, 1.5271758456947282e-05, 1.4445758097281214e-05, 1.6052788851084188e-05, 1.7460584786022082e-05, 1.6853380657266825e-05, 1.7729333194438368e-05, 1.5188531506282743e-05, 1.3380062227952294e-05, 1.0889771147049032e-05, 1.057921053870814e-05, 1.1034871022275183e-05, 1.0518297131056897e-05, 8.67624839884229e-06, 7.93729668657761e-06, 7.459220796590671e-06, 8.204643563658465e-06, 7.947132871777285e-06, 7.897484465502203e-06, 7.287047083082143e-06, 7.816284778527915e-06, 7.6139799602970015e-06, 7.830051799828652e-06, 7.468986950698309e-06, 8.054159479797818e-06, 8.262191840913147e-06, 7.819257916708011e-06, 7.678690053580794e-06, 7.477161943825195e-06, 5.369017344492022e-06, 4.954821633873507e-06, 4.441684723133221e-06, 3.5949053653894225e-06, 3.2384377846028656e-06, 2.5757806270121364e-06, 1.8539971051723114e-06, 1.651190132179181e-06, 1.7246109109692043e-06, 1.6112760476971744e-06, 1.2433378060450195e-06, 1.087411874323152e-06, 8.523198289367429e-07, 5.933281386205635e-07, 5.247698027233128e-07, 3.5403721199145366e-07, 1.9023251240923855e-07, 8.377458726727127e-08, 1.57515547272169e-08, 1.2096069701428291e-09, 1.6259424362452535e-11, 1.4452907620698952e-11, 1.4362198062778386e-11, 1.341487945033526e-11, 1.3402444952459458e-11, 1.2983501426755417e-11, 1.1768410031198773e-11, 9.964986301402856e-12, 8.831843242851356e-12, 8.632836633049035e-12], "lowlevel.melbands128.stdev": [0.001969459932297468, 0.007154207210987806, 0.010963177308440208, 0.010775210335850716, 0.009709779173135757, 0.006002774462103844, 0.0025607177522033453, 0.0024392353370785713, 0.004278987180441618, 0.002563383663073182, 0.0019189149606972933, 0.001406773691996932, 0.000618802267126739, 0.00040772330248728395, 0.0003902911557815969, 0.000539592350833118, 0.0005701215122826397, 0.0006532910047098994, 0.000664993014652282, 0.0006463545723818243, 0.0011188609059900045, 0.0008139007841236889, 0.00036026674206368625, 0.00032628633198328316, 0.00037123452057130635, 0.0003587394312489778, 0.00015884364256635308, 9.879562276182696e-05, 0.00012216462346259505, 9.401529678143561e-05, 0.0001226692256750539, 7.872460992075503e-05, 0.00012838488328270614, 0.00020995756494812667, 0.00021633590222336352, 0.00017766785458661616, 0.0002856746723409742, 0.0002674936258699745, 0.0001986979623325169, 0.00024220335762947798, 0.00023531417537014931, 0.0001245391322299838, 8.697991142980754e-05, 0.00020870502339676023, 0.00022599786461796612, 0.00017088551248889416, 0.0002618645958136767, 0.00015392365457955748, 0.00014134122466202825, 9.149903053184971e-05, 6.327406299533322e-05, 9.093835979001597e-05, 0.00012350761971902102, 0.00011560056736925617, 0.00010051906428998336, 7.15757196303457e-05, 3.3011729101417586e-05, 2.6554545911494642e-05, 2.3246031560120173e-05, 1.5673052985221148e-05, 1.4357225154526532e-05, 1.7413422028766945e-05, 1.8422895664116368e-05, 2.0419709471752867e-05, 1.810579669836443e-05, 1.8496733900974505e-05, 1.5984240235411562e-05, 1.5559193343506195e-05, 1.5248218005581293e-05, 1.7166390534839593e-05, 1.618979877093807e-05, 1.305798923567636e-05, 1.5120226635190193e-05, 2.1101286620250903e-05, 1.8918879504781216e-05, 1.948291355802212e-05, 1.898770460684318e-05, 1.507459001004463e-05, 1.1843556421808898e-05, 1.4237999494071119e-05, 1.540944322186988e-05, 1.7263453628402203e-05, 1.25004407891538e-05, 1.2452501323423348e-05, 1.1554617231013253e-05, 1.306037484027911e-05, 1.4294160791905597e-05, 1.3776332707493566e-05, 1.3883244719181675e-05, 1.6538178897462785e-05, 1.6859879906405695e-05, 1.805935062293429e-05, 1.7897382349474356e-05, 1.9399505617911927e-05, 2.0348745238152333e-05, 1.898252776300069e-05, 1.88230951607693e-05, 1.7630678485147655e-05, 1.1534876648511272e-05, 1.0507811566640157e-05, 8.969774171418976e-06, 7.513031960115768e-06, 7.071473646647064e-06, 5.305928425514139e-06, 4.267299573257333e-06, 3.5107404983136803e-06, 3.6151711810816778e-06, 3.3066044125007465e-06, 2.690055225684773e-06, 2.4804492113617016e-06, 2.020489546339377e-06, 1.367716322420165e-06, 1.2897917258669622e-06, 9.030741239257623e-07, 5.942890197729866e-07, 3.2105936043080874e-07, 6.237730332259162e-08, 9.978781356778654e-09, 9.696011354920486e-11, 7.221867548423688e-11, 8.381986771333061e-11, 6.789593887113199e-11, 7.50147097217102e-11, 6.993178258696275e-11, 5.065611471954945e-11, 2.3865583120841194e-11, 1.137680401275265e-11, 1.1014044710988546e-11], "lowlevel.mfcc.mean": [-580.1287231445312, 80.51779174804688, 5.752246379852295, 36.809906005859375, 23.681249618530273, 23.618961334228516, 13.097171783447266, 9.80445671081543, 12.145539283752441, 8.29233169555664, 5.657843112945557, 10.6240816116333, 5.566746711730957], "lowlevel.spectral_contrast_coeffs.mean": [-0.638168215751648, -0.788080096244812, -0.8150860667228699, -0.7965171933174133, -0.8076132535934448, -0.7473552227020264], "lowlevel.spectral_contrast_coeffs.stdev": [0.07224925607442856, 0.0784103274345398, 0.04601909592747688, 0.04024219885468483, 0.02041078545153141, 0.029179146513342857], "lowlevel.spectral_contrast_valleys.mean": [-6.53944730758667, -6.716102123260498, -7.011734485626221, -6.777955532073975, -6.551631450653076, -9.107301712036133], "lowlevel.spectral_contrast_valleys.stdev": [0.6232219934463501, 0.5512546300888062, 0.45536869764328003, 0.4267834424972534, 0.2901647090911865, 0.639220118522644], "rhythm.beats_loudness_band_ratio.mean": [0.7493425607681274, 0.08561446517705917, 0.050689127296209335, 0.051420122385025024, 0.05744415521621704, 0.05664262920618057], "rhythm.beats_loudness_band_ratio.stdev": [0.15213587880134583, 0.12392886728048325, 0.07252641022205353, 0.06595330685377121, 0.050918709486722946, 0.04731115326285362], "tonal.hpcp.mean": [0.09393015503883362, 0.07752832025289536, 0.06673821061849594, 0.05673328787088394, 0.058883074671030045, 0.06385119259357452, 0.051334820687770844, 0.042986784130334854, 0.04608292132616043, 0.051048703491687775, 0.04971739649772644, 0.04372351989150047, 0.034163836389780045, 0.027973543852567673, 0.03156038001179695, 0.036317307502031326, 0.03344262018799782, 0.027677221223711967, 0.02510339766740799, 0.03903920575976372, 0.07987816631793976, 0.14434854686260223, 0.21132661402225494, 0.2463768720626831, 0.20578695833683014, 0.1476004719734192, 0.2086973488330841, 0.251655638217926, 0.15426212549209595, 0.07216969132423401, 0.05055577680468559, 0.04282458871603012, 0.05484731122851372, 0.06598764657974243, 0.09005212038755417, 0.10852070152759552], "tonal.hpcp.stdev": [0.21196821331977844, 0.19617487490177155, 0.18637007474899292, 0.1629638969898224, 0.16752561926841736, 0.19122204184532166, 0.15606988966464996, 0.13281764090061188, 0.14052677154541016, 0.14194880425930023, 0.12615513801574707, 0.1138918474316597, 0.09483783692121506, 0.08246111124753952, 0.09548308700323105, 0.10557660460472107, 0.08384980261325836, 0.07970411330461502, 0.0784112811088562, 0.13349123299121857, 0.21387700736522675, 0.28993725776672363, 0.3405570387840271, 0.36804696917533875, 0.3400314450263977, 0.2802049517631531, 0.33305174112319946, 0.38971588015556335, 0.2842283546924591, 0.20276634395122528, 0.16107584536075592, 0.12935595214366913, 0.15346471965312958, 0.17596293985843658, 0.20642338693141937, 0.25388118624687195], "rhythm.beats_position": [0.4411791265010834, 0.9055781960487366, 1.369977355003357, 1.8111563920974731, 2.252335548400879, 2.6819047927856445, 3.111473798751831, 3.5410430431365967, 3.9706122875213623, 4.400181293487549, 4.8297505378723145, 5.24770975112915, 5.677278995513916, 6.106847763061523, 6.548027038574219, 6.977596282958984, 7.39555549621582, 7.825124740600586, 8.254693984985352, 8.684263229370117, 9.125441551208496, 9.543400764465332, 9.984580039978027, 10.402539253234863, 10.8204984664917, 11.250067710876465, 11.67963695526123, 12.120816230773926, 12.550385475158691, 12.979954719543457, 13.409523963928223, 13.839092254638672, 14.257051467895508, 14.675010681152344, 15.10457992553711, 15.534149169921875, 15.97532844543457, 16.393287658691406, 16.822856903076172, 17.252426147460938, 17.681995391845703, 18.11156463623047, 18.541133880615234, 18.970703125, 19.400272369384766, 19.82984161376953, 20.259410858154297, 20.688980102539062, 21.1069393157959, 21.5248966217041, 21.966075897216797, 22.395645141601562, 22.825214385986328, 23.254783630371094, 23.68435287475586, 24.113922119140625, 24.54349136352539, 24.973060607910156, 25.402629852294922, 25.832199096679688, 26.261768341064453, 26.67972755432129, 27.097686767578125, 27.51564598083496, 27.945215225219727, 28.374784469604492, 28.815963745117188, 29.245532989501953, 29.67510223388672, 30.104671478271484, 30.53424072265625, 30.975418090820312, 31.39337730407715, 31.811336517333984, 32.25251770019531, 32.68208694458008, 33.111656188964844, 33.52961349487305, 33.95918273925781, 34.38875198364258, 34.818321228027344, 35.24789047241211, 35.677459716796875, 36.09541702270508, 36.524986267089844, 36.96616744995117, 37.4189567565918], "rhythm.bpm_histogram": [0.0, 0.0, 0.0, 0.0, 0.0, 0.0, 0.0, 0.0, 0.0, 0.0, 0.0, 0.0, 0.0, 0.0, 0.0, 0.0, 0.0, 0.0, 0.0, 0.0, 0.0, 0.0, 0.0, 0.0, 0.0, 0.0, 0.0, 0.0, 0.0, 0.0, 0.0, 0.0, 0.0, 0.0, 0.0, 0.0, 0.0, 0.0, 0.0, 0.0, 0.0, 0.0, 0.0, 0.0, 0.0, 0.0, 0.0, 0.0, 0.0, 0.0, 0.0, 0.0, 0.0, 0.0, 0.0, 0.0, 0.0, 0.0, 0.0, 0.0, 0.0, 0.0, 0.0, 0.0, 0.0, 0.0, 0.0, 0.0, 0.0, 0.0, 0.0, 0.0, 0.0, 0.0, 0.0, 0.0, 0.0, 0.0, 0.0, 0.0, 0.0, 0.0, 0.0, 0.0, 0.0, 0.0, 0.0, 0.0, 0.0, 0.0, 0.0, 0.0, 0.0, 0.0, 0.0, 0.0, 0.0, 0.0, 0.0, 0.0, 0.0, 0.0, 0.0, 0.0, 0.0, 0.0, 0.0, 0.0, 0.0, 0.0, 0.0, 0.0, 0.0, 0.0, 0.0, 0.0, 0.0, 0.0, 0.0, 0.0, 0.0, 0.0, 0.0, 0.0, 0.0, 0.0, 0.0, 0.0, 0.0, 0.023255813866853714, 0.0, 0.0, 0.0, 0.011627906933426857, 0.0, 0.0, 0.13953489065170288, 0.0, 0.0, 0.0, 0.6279069781303406, 0.0, 0.0, 0.0, 0.19767442345619202, 0.0, 0.0, 0.0, 0.0, 0.0, 0.0, 0.0, 0.0, 0.0, 0.0, 0.0, 0.0, 0.0, 0.0, 0.0, 0.0, 0.0, 0.0, 0.0, 0.0, 0.0, 0.0, 0.0, 0.0, 0.0, 0.0, 0.0, 0.0, 0.0, 0.0, 0.0, 0.0, 0.0, 0.0, 0.0, 0.0, 0.0, 0.0, 0.0, 0.0, 0.0, 0.0, 0.0, 0.0, 0.0, 0.0, 0.0, 0.0, 0.0, 0.0, 0.0, 0.0, 0.0, 0.0, 0.0, 0.0, 0.0, 0.0, 0.0, 0.0, 0.0, 0.0, 0.0, 0.0, 0.0, 0.0, 0.0, 0.0, 0.0, 0.0, 0.0, 0.0, 0.0, 0.0, 0.0, 0.0, 0.0, 0.0, 0.0, 0.0, 0.0, 0.0, 0.0, 0.0, 0.0, 0.0, 0.0, 0.0, 0.0, 0.0, 0.0, 0.0, 0.0, 0.0, 0.0, 0.0, 0.0, 0.0, 0.0, 0.0, 0.0, 0.0, 0.0, 0.0, 0.0], "tonal.chords_histogram": [5.494505405426025, 26.86202621459961, 9.645909309387207, 0.0, 9.157508850097656, 0.8547008633613586, 4.029304027557373, 6.227106094360352, 5.128205299377441, 2.808302879333496, 0.0, 4.639804840087891, 0.0, 0.12210012227296829, 0.0, 3.9072039127349854, 10.378510475158691, 0.0, 2.6862027645111084, 0.0, 0.0, 3.296703338623047, 2.5641026496887207, 2.1978023052215576], "tonal.thpcp": [1.0, 0.6129889488220215, 0.2867795526981354, 0.20089268684387207, 0.17017138004302979, 0.2179458886384964, 0.2622140645980835, 0.3578386902809143, 0.4312269687652588, 0.37324875593185425, 0.3080730438232422, 0.2651965618133545, 0.2254401594400406, 0.23398274183273315, 0.25372445583343506, 0.20398835837841034, 0.17081589996814728, 0.18311896920204163, 0.20285141468048096, 0.19756121933460236, 0.17374345660209656, 0.13575629889965057, 0.11115802824497223, 0.12541097402572632, 0.1443134993314743, 0.13289040327072144, 0.10998053103685379, 0.09975297003984451, 0.15512946248054504, 0.31741058826446533, 0.5735955238342285, 0.8397452235221863, 0.9790238738059998, 0.8177323341369629, 0.5865176320075989, 0.8292973041534424], "lowlevel.gfcc.cov": [[1040.9154052734375, -154.9777374267578, 114.70581817626953, -100.70185089111328, -181.69537353515625, -20.032217025756836, -201.19728088378906, -32.375301361083984, -2.501774787902832, 69.82489013671875, 22.46025848388672, 60.08143615722656, -45.60273361206055], [-154.9777374267578, 762.7413330078125, -358.171142578125, -136.8343505859375, 9.310491561889648, -188.82098388671875, 9.7424955368042, -67.95919036865234, 96.89262390136719, 8.624785423278809, 56.68848419189453, -37.18019485473633, 81.71746063232422], [114.70581817626953, -358.171142578125, 434.7283630371094, 136.30084228515625, -19.204744338989258, 23.736661911010742, -78.89263153076172, -14.363064765930176, -104.77123260498047, -22.975175857543945, -20.354724884033203, 77.22347259521484, -12.94424819946289], [-100.70185089111328, -136.8343505859375, 136.30084228515625, 215.40411376953125, 81.1799087524414, 13.09554386138916, -18.245149612426758, -49.900020599365234, -48.42848205566406, -38.44654846191406, -19.624727249145508, 2.5172624588012695, 25.6303653717041], [-181.69537353515625, 9.310491561889648, -19.204744338989258, 81.1799087524414, 167.2415771484375, 39.54848861694336, 43.205711364746094, -12.183253288269043, 3.697847604751587, 0.4611719846725464, -19.14691734313965, -14.860901832580566, 16.488950729370117], [-20.032217025756836, -188.82098388671875, 23.736661911010742, 13.09554386138916, 39.54848861694336, 155.24484252929688, 110.47018432617188, 68.8207015991211, -5.2355475425720215, -19.218482971191406, -14.430656433105469, -19.5185489654541, -25.797067642211914], [-201.19728088378906, 9.7424955368042, -78.89263153076172, -18.245149612426758, 43.205711364746094, 110.47018432617188, 256.0602722167969, 110.65576171875, 15.64577579498291, -51.14691162109375, -16.85249900817871, -40.18009948730469, -23.966075897216797], [-32.375301361083984, -67.95919036865234, -14.363064765930176, -49.900020599365234, -12.183253288269043, 68.8207015991211, 110.65576171875, 126.96775817871094, 51.75535583496094, 16.80028533935547, 9.59661865234375, -6.0715227127075195, -19.20710563659668], [-2.501774787902832, 96.89262390136719, -104.77123260498047, -48.42848205566406, 3.697847604751587, -5.2355475425720215, 15.64577579498291, 51.75535583496094, 124.52587127685547, 76.88660430908203, 41.55644607543945, -14.057509422302246, 6.599020957946777], [69.82489013671875, 8.624785423278809, -22.975175857543945, -38.44654846191406, 0.4611719846725464, -19.218482971191406, -51.14691162109375, 16.80028533935547, 76.88660430908203, 112.35929107666016, 45.265380859375, 12.94836139678955, -3.5251963138580322], [22.46025848388672, 56.68848419189453, -20.354724884033203, -19.624727249145508, -19.14691734313965, -14.430656433105469, -16.85249900817871, 9.59661865234375, 41.55644607543945, 45.265380859375, 69.14129638671875, 26.42850685119629, 18.482973098754883], [60.08143615722656, -37.18019485473633, 77.22347259521484, 2.5172624588012695, -14.860901832580566, -19.5185489654541, -40.18009948730469, -6.0715227127075195, -14.057509422302246, 12.94836139678955, 26.42850685119629, 79.44403076171875, 34.107357025146484], [-45.60273361206055, 81.71746063232422, -12.94424819946289, 25.6303653717041, 16.488950729370117, -25.797067642211914, -23.966075897216797, -19.20710563659668, 6.599020957946777, -3.5251963138580322, 18.482973098754883, 34.107357025146484, 80.44288635253906]], "lowlevel.gfcc.icov": [[0.001665141899138689, -0.000559749489184469, -2.3869150027167052e-05, -0.00020119702094234526, 0.0019028886454179883, -0.0021615566220134497, 0.0015882480656728148, 0.00029270065715536475, -0.0003217604826204479, -0.0008078095852397382, 0.0013012499548494816, -0.0018465755274519324, 0.0015076302224770188], [-0.000559749489184469, 0.00828196294605732, 0.0009246862027794123, 0.006421866826713085, -0.004399728495627642, 0.011178691871464252, -0.005388509947806597, 0.005988424643874168, -0.00432866346091032, 0.00561479153111577, -0.007290137931704521, 0.006518094334751368, -0.006804115138947964], [-2.3869150027167052e-05, 0.0009246862027794123, 0.0067385039292275906, -0.004290307871997356, 0.0012692231684923172, 0.00017046253196895123, 0.0018802271224558353, -0.0034748816397041082, 0.004070756956934929, -0.0012521673925220966, 0.001132344943471253, -0.005638048984110355, 0.0027649025432765484], [-0.00020119702094234526, 0.006421866826713085, -0.004290307871997356, 0.015877144411206245, -0.00798229780048132, 0.008268583565950394, -0.004471967462450266, 0.008702205494046211, -0.005439478904008865, 0.0078128632158041, -0.00802749302238226, 0.01005874015390873, -0.008985256776213646], [0.0019028886454179883, -0.004399728495627642, 0.0012692231684923172, -0.00798229780048132, 0.014991005882620811, -0.010119536891579628, 0.00066842493833974, 0.0014462695689871907, 0.0013238091487437487, -0.00919471587985754, 0.010119724087417126, -0.006370715331286192, 0.002386592561379075], [-0.0021615566220134497, 0.011178691871464252, 0.00017046253196895123, 0.008268583565950394, -0.010119536891579628, 0.028349103406071663, -0.010813089087605476, 0.0018342206021770835, -0.002210205653682351, 0.0076477983966469765, -0.011861542239785194, 0.01225084625184536, -0.008758794516324997], [0.0015882480656728148, -0.005388509947806597, 0.0018802271224558353, -0.004471967462450266, 0.00066842493833974, -0.010813089087605476, 0.016869887709617615, -0.013863333500921726, 0.003148677758872509, 0.0037624721881002188, 0.0025474412832409143, -0.00458132429048419, 0.007476619444787502], [0.00029270065715536475, 0.005988424643874168, -0.0034748816397041082, 0.008702205494046211, 0.0014462695689871907, 0.0018342206021770835, -0.013863333500921726, 0.03107425943017006, -0.01579071395099163, 0.002189397579059005, -0.0016419929452240467, 0.0010234514484182, -0.004333526361733675], [-0.0003217604826204479, -0.00432866346091032, 0.004070756956934929, -0.005439478904008865, 0.0013238091487437487, -0.002210205653682351, 0.003148677758872509, -0.01579071395099163, 0.03130938857793808, -0.018379613757133484, -0.0017928670858964324, 0.004558795131742954, -0.0021042078733444214], [-0.0008078095852397382, 0.00561479153111577, -0.0012521673925220966, 0.0078128632158041, -0.00919471587985754, 0.0076477983966469765, 0.0037624721881002188, 0.002189397579059005, -0.018379613757133484, 0.03235112875699997, -0.014254576526582241, 0.0014979155967012048, 0.002694016555324197], [0.0013012499548494816, -0.007290137931704521, 0.001132344943471253, -0.00802749302238226, 0.010119724087417126, -0.011861542239785194, 0.0025474412832409143, -0.0016419929452240467, -0.0017928670858964324, -0.014254576526582241, 0.03488371893763542, -0.016332441940903664, 0.003804154694080353], [-0.0018465755274519324, 0.006518094334751368, -0.005638048984110355, 0.01005874015390873, -0.006370715331286192, 0.01225084625184536, -0.00458132429048419, 0.0010234514484182, 0.004558795131742954, 0.0014979155967012048, -0.016332441940903664, 0.03616763651371002, -0.019556865096092224], [0.0015076302224770188, -0.006804115138947964, 0.0027649025432765484, -0.008985256776213646, 0.002386592561379075, -0.008758794516324997, 0.007476619444787502, -0.004333526361733675, -0.0021042078733444214, 0.002694016555324197, 0.003804154694080353, -0.019556865096092224, 0.029108883813023567]], "lowlevel.mfcc.cov": [[1024.5374755859375, -38.46585464477539, 85.9250259399414, -149.52842712402344, -24.550119400024414, -69.57212829589844, -155.20848083496094, -109.67794036865234, -101.48675537109375, -15.828829765319824, 23.121435165405273, 19.694168090820312, -20.00092887878418], [-38.46585464477539, 652.447265625, -292.1173095703125, -16.746366500854492, -95.23876190185547, -79.59554290771484, -104.02424621582031, -84.07888793945312, 16.852941513061523, -46.0778923034668, 31.888465881347656, 37.075557708740234, 41.511478424072266], [85.9250259399414, -292.1173095703125, 380.0386047363281, 45.79312515258789, 49.878047943115234, -15.892139434814453, 6.633349418640137, 12.560089111328125, -80.5791015625, -29.665889739990234, -61.034507751464844, -43.573524475097656, -19.275650024414062], [-149.52842712402344, -16.746366500854492, 45.79312515258789, 196.96539306640625, 77.271484375, 41.66889190673828, -8.016820907592773, -25.78424072265625, -23.97222900390625, -34.1400032043457, -47.03284454345703, -61.22563934326172, -8.78864574432373], [-24.550119400024414, -95.23876190185547, 49.878047943115234, 77.271484375, 152.87948608398438, 50.52351760864258, -35.47921371459961, -57.85638427734375, -31.02907371520996, -6.113742351531982, -27.856346130371094, -35.34800338745117, -8.973856925964355], [-69.57212829589844, -79.59554290771484, -15.892139434814453, 41.66889190673828, 50.52351760864258, 97.63426971435547, 52.93963623046875, 20.4930362701416, 14.112348556518555, 9.767107009887695, -4.517020225524902, -21.58466339111328, -18.52182388305664], [-155.20848083496094, -104.02424621582031, 6.633349418640137, -8.016820907592773, -35.47921371459961, 52.93963623046875, 169.75146484375, 128.2142333984375, 57.74001693725586, 19.539640426635742, 1.3504908084869385, 4.276023864746094, -11.924825668334961], [-109.67794036865234, -84.07888793945312, 12.560089111328125, -25.78424072265625, -57.85638427734375, 20.4930362701416, 128.2142333984375, 157.14004516601562, 69.25946807861328, 21.800704956054688, 3.560089588165283, 8.778702735900879, -1.6073639392852783], [-101.48675537109375, 16.852941513061523, -80.5791015625, -23.97222900390625, -31.02907371520996, 14.112348556518555, 57.74001693725586, 69.25946807861328, 102.13253784179688, 49.30195999145508, 28.69188690185547, 21.175857543945312, 12.2139253616333], [-15.828829765319824, -46.0778923034668, -29.665889739990234, -34.1400032043457, -6.113742351531982, 9.767107009887695, 19.539640426635742, 21.800704956054688, 49.30195999145508, 85.46112060546875, 55.55141830444336, 33.84449005126953, 5.58259391784668], [23.121435165405273, 31.888465881347656, -61.034507751464844, -47.03284454345703, -27.856346130371094, -4.517020225524902, 1.3504908084869385, 3.560089588165283, 28.69188690185547, 55.55141830444336, 90.34616088867188, 54.85708999633789, 11.356929779052734], [19.694168090820312, 37.075557708740234, -43.573524475097656, -61.22563934326172, -35.34800338745117, -21.58466339111328, 4.276023864746094, 8.778702735900879, 21.175857543945312, 33.84449005126953, 54.85708999633789, 83.16471862792969, 35.995887756347656], [-20.00092887878418, 41.511478424072266, -19.275650024414062, -8.78864574432373, -8.973856925964355, -18.52182388305664, -11.924825668334961, -1.6073639392852783, 12.2139253616333, 5.58259391784668, 11.356929779052734, 35.995887756347656, 65.77709197998047]], "lowlevel.mfcc.icov": [[0.0015220812056213617, 0.00028021549223922193, -0.0002554634411353618, 0.0013086928520351648, 0.00051600526785478, -0.000496803957503289, 0.0016400259919464588, -7.3508426794433035e-06, 0.0007390424725599587, 0.00039417139487341046, -0.00047545103006996214, 0.0001164329587481916, 0.0004613124474417418], [0.00028021549223922193, 0.004019621759653091, 0.002682166639715433, -0.0008619505679234862, 0.0019536481704562902, 0.0019385325722396374, 0.0011634877882897854, 0.0015490144724026322, -0.001164524583145976, 0.003606074955314398, -0.001218046760186553, -0.00011230474774492905, -0.0005375986220315099], [-0.0002554634411353618, 0.002682166639715433, 0.006512755993753672, -0.0013980543008074164, -0.0007076652836985886, 0.004171490203589201, -0.00044121319660916924, -0.0020348047837615013, 0.00484526576474309, -0.000790340534877032, 0.0015398770337924361, 0.0005574327660724521, -0.00050381786422804], [0.0013086928520351648, -0.0008619505679234862, -0.0013980543008074164, 0.009600404649972916, -0.0024201448541134596, -0.0026918058283627033, 0.0006144369253888726, 0.00048623434850014746, 0.00024734955513849854, 0.0013979027280583978, -0.0008848682628013194, 0.0054884073324501514, -0.0021651952993124723], [0.00051600526785478, 0.0019536481704562902, -0.0007076652836985886, -0.0024201448541134596, 0.014719494618475437, -0.007554766722023487, 0.0035056821070611477, 0.005064529366791248, -0.0007382528274320066, -0.0014372168807312846, 0.002630634466186166, -3.204380118404515e-05, -0.0011442141840234399], [-0.000496803957503289, 0.0019385325722396374, 0.004171490203589201, -0.0026918058283627033, -0.007554766722023487, 0.023030150681734085, -0.009767788462340832, 0.001730548683553934, 0.0006284061237238348, -0.000181172727025114, -0.002656484954059124, 0.0034899550955742598, 0.0016615513013675809], [0.0016400259919464588, 0.0011634877882897854, -0.00044121319660916924, 0.0006144369253888726, 0.0035056821070611477, -0.009767788462340832, 0.022631920874118805, -0.013777663931250572, -0.0004587479925248772, 0.0016111264703795314, 0.0013228493044152856, -0.004265075083822012, 0.0032653931993991137], [-7.3508426794433035e-06, 0.0015490144724026322, -0.0020348047837615013, 0.00048623434850014746, 0.005064529366791248, 0.001730548683553934, -0.013777663931250572, 0.024686092510819435, -0.011138982139527798, 0.003258374286815524, 0.00016583455726504326, 0.00119133270