{"song_id": "1182272611510669382", "download": "https://cdn.discordapp.com/attachments/1135903449314238464/1182272611510669382/chirp.mp4?ex=6584182c&amp", "lyrics": "Verse 2:\nRound and round your toothbrush sweeps,\nCleaning deep where the tiny bug creeps.\nTop to bottom, side to side,\nBrush them all, wide and wide.\n\nBridge:\nTeeth help us eat, and smile so bright,\nLet's keep them clean, morning and night.\nFloss in between, it's quite the scene,\nFor teeth so clean, and gums so lean.\n\nChorus:\nTra la la, sing with glee,\nBrushing's fun for you and me.\nWave goodbye to tooth decay,\nSmile bright, hip hip hooray!", "style": ["happy song for kids"], "essentia_features": {"lowlevel.average_loudness": 0.975275456905365, "lowlevel.barkbands_crest.mean": 10.195951461791992, "lowlevel.barkbands_crest.stdev": 3.674666404724121, "lowlevel.barkbands_flatness_db.mean": 0.14617113769054413, "lowlevel.barkbands_flatness_db.stdev": 0.04345052316784859, "lowlevel.barkbands_kurtosis.mean": 5.3569111824035645, "lowlevel.barkbands_kurtosis.stdev": 8.023171424865723, "lowlevel.barkbands_skewness.mean": 1.737762689590454, "lowlevel.barkbands_skewness.stdev": 1.2280652523040771, "lowlevel.barkbands_spread.mean": 23.063222885131836, "lowlevel.barkbands_spread.stdev": 16.083566665649414, "lowlevel.dissonance.mean": 0.4495416283607483, "lowlevel.dissonance.stdev": 0.03280867263674736, "lowlevel.dynamic_complexity": 1.971121907234192, "lowlevel.erbbands_crest.mean": 11.102378845214844, "lowlevel.erbbands_crest.stdev": 5.75835657119751, "lowlevel.erbbands_flatness_db.mean": 0.15703769028186798, "lowlevel.erbbands_flatness_db.stdev": 0.052424050867557526, "lowlevel.erbbands_kurtosis.mean": 0.9059786796569824, "lowlevel.erbbands_kurtosis.stdev": 2.9191534519195557, "lowlevel.erbbands_skewness.mean": 0.5507938265800476, "lowlevel.erbbands_skewness.stdev": 0.8636186718940735, "lowlevel.erbbands_spread.mean": 45.972625732421875, "lowlevel.erbbands_spread.stdev": 27.129140853881836, "lowlevel.hfc.mean": 24.868253707885742, "lowlevel.hfc.stdev": 15.83468246459961, "lowlevel.loudness_ebu128.integrated": -11.45893669128418, "lowlevel.loudness_ebu128.loudness_range": 1.8745718002319336, "lowlevel.loudness_ebu128.momentary.mean": -11.571352005004883, "lowlevel.loudness_ebu128.momentary.stdev": 0.9969869256019592, "lowlevel.loudness_ebu128.short_term.mean": -11.4994478225708, "lowlevel.loudness_ebu128.short_term.stdev": 0.5849460363388062, "lowlevel.melbands_crest.mean": 14.118555068969727, "lowlevel.melbands_crest.stdev": 4.774571418762207, "lowlevel.melbands_flatness_db.mean": 0.209173321723938, "lowlevel.melbands_flatness_db.stdev": 0.050581421703100204, "lowlevel.melbands_kurtosis.mean": 16.896696090698242, "lowlevel.melbands_kurtosis.stdev": 19.8336181640625, "lowlevel.melbands_skewness.mean": 2.9025328159332275, "lowlevel.melbands_skewness.stdev": 1.7868281602859497, "lowlevel.melbands_spread.mean": 22.041202545166016, "lowlevel.melbands_spread.stdev": 18.28287696838379, "lowlevel.pitch_salience.mean": 0.5328025221824646, "lowlevel.pitch_salience.stdev": 0.11424030363559723, "lowlevel.silence_rate_20dB.mean": 1.0, "lowlevel.silence_rate_20dB.stdev": 0.0, "lowlevel.silence_rate_30dB.mean": 1.0, "lowlevel.silence_rate_30dB.stdev": 0.0, "lowlevel.silence_rate_60dB.mean": 0.010389610193669796, "lowlevel.silence_rate_60dB.stdev": 0.10139846056699753, "lowlevel.spectral_centroid.mean": 1213.7718505859375, "lowlevel.spectral_centroid.stdev": 608.5232543945312, "lowlevel.spectral_complexity.mean": 15.416450500488281, "lowlevel.spectral_complexity.stdev": 5.907125949859619, "lowlevel.spectral_decrease.mean": -7.1432153525563535e-09, "lowlevel.spectral_decrease.stdev": 3.4414009419947433e-09, "lowlevel.spectral_energy.mean": 0.02921576239168644, "lowlevel.spectral_energy.stdev": 0.013866380788385868, "lowlevel.spectral_energyband_high.mean": 0.001110335811972618, "lowlevel.spectral_energyband_high.stdev": 0.0011794054880738258, "lowlevel.spectral_energyband_low.mean": 0.007537818513810635, "lowlevel.spectral_energyband_low.stdev": 0.008056377060711384, "lowlevel.spectral_energyband_middle_high.mean": 0.007230792660266161, "lowlevel.spectral_energyband_middle_high.stdev": 0.009111355058848858, "lowlevel.spectral_energyband_middle_low.mean": 0.014774463139474392, "lowlevel.spectral_energyband_middle_low.stdev": 0.009571511298418045, "lowlevel.spectral_entropy.mean": 7.435184001922607, "lowlevel.spectral_entropy.stdev": 0.4564952254295349, "lowlevel.spectral_flux.mean": 0.07991159707307816, "lowlevel.spectral_flux.stdev": 0.04459521546959877, "lowlevel.spectral_kurtosis.mean": 3.8842670917510986, "lowlevel.spectral_kurtosis.stdev": 2.564668655395508, "lowlevel.spectral_rms.mean": 0.0051663839258253574, "lowlevel.spectral_rms.stdev": 0.0013459821930155158, "lowlevel.spectral_rolloff.mean": 1566.49755859375, "lowlevel.spectral_rolloff.stdev": 1792.96728515625, "lowlevel.spectral_skewness.mean": 1.5250170230865479, "lowlevel.spectral_skewness.stdev": 0.49370789527893066, "lowlevel.spectral_spread.mean": 5668167.5, "lowlevel.spectral_spread.stdev": 2191352.0, "lowlevel.spectral_strongpeak.mean": 1.6224510669708252, "lowlevel.spectral_strongpeak.stdev": 1.858458161354065, "lowlevel.zerocrossingrate.mean": 0.0685453861951828, "lowlevel.zerocrossingrate.stdev": 0.04154431074857712, "metadata.audio_properties.analysis.equal_loudness": 0.0, "metadata.audio_properties.analysis.length": 26.7733097076416, "metadata.audio_properties.analysis.sample_rate": 44100.0, "metadata.audio_properties.analysis.start_time": 0.0, "metadata.audio_properties.bit_rate": 119076.0, "metadata.audio_properties.length": 26.773332595825195, "metadata.audio_properties.lossless": 0.0, "metadata.audio_properties.number_channels": 1.0, "metadata.audio_properties.replay_gain": -15.140899658203125, "metadata.audio_properties.sample_rate": 48000.0, "rhythm.beats_count": 52.0, "rhythm.beats_loudness.mean": 0.039231736212968826, "rhythm.beats_loudness.stdev": 0.009002006612718105, "rhythm.bpm": 117.36083221435547, "rhythm.bpm_histogram_first_peak_bpm": 117.0, "rhythm.bpm_histogram_first_peak_weight": 0.3404254913330078, "rhythm.bpm_histogram_second_peak_bpm": 126.0, "rhythm.bpm_histogram_second_peak_spread": 0.5, "rhythm.bpm_histogram_second_peak_weight": 0.03921568766236305, "rhythm.danceability": 1.3736475706100464, "rhythm.onset_rate": 4.36635160446167, "tonal.chords_changes_rate": 0.05017301067709923, "tonal.chords_number_rate": 0.012110726907849312, "tonal.chords_strength.mean": 0.5263919830322266, "tonal.chords_strength.stdev": 0.09236697107553482, "tonal.hpcp_crest.mean": 18.033903121948242, "tonal.hpcp_crest.stdev": 7.66780424118042, "tonal.hpcp_entropy.mean": 1.4727505445480347, "tonal.hpcp_entropy.stdev": 0.640857994556427, "tonal.key_edma.strength": 0.8653592467308044, "tonal.key_krumhansl.strength": 0.8731812834739685, "tonal.key_temperley.strength": 0.8793294429779053, "tonal.tuning_diatonic_strength": 0.6871275305747986, "tonal.tuning_equal_tempered_deviation": 0.10291722416877747, "tonal.tuning_frequency": 438.2245178222656, "tonal.tuning_nontempered_energy_ratio": 0.6810411214828491, "lowlevel.barkbands.mean": [9.291069000028074e-05, 0.0025465863291174173, 0.0037215666379779577, 0.002758016111329198, 0.0031383554451167583, 0.0029422829393297434, 0.0028215190395712852, 0.001964185619726777, 0.000654002942610532, 0.0014944280264899135, 0.0017603313317522407, 0.0007041766657494009, 0.0010257211979478598, 0.0003814548545051366, 0.0002912625786848366, 0.0003131403645966202, 0.0006675208569504321, 0.00035595722147263587, 0.0003123726637568325, 0.00045444644638337195, 0.000173825173988007, 8.022537076612934e-05, 0.00013782612222712487, 0.00017617557023186237, 0.00017479238158557564, 7.153756450861692e-05, 1.1392684200473013e-06], "lowlevel.barkbands.stdev": [0.00011911655747098848, 0.004695428069680929, 0.004396750126034021, 0.00264586484991014, 0.002856985665857792, 0.0054302881471812725, 0.005422228015959263, 0.004797542467713356, 0.001689397031441331, 0.003952431492507458, 0.004777147434651852, 0.002996769268065691, 0.0035562170669436455, 0.001490041264332831, 0.0007360735908150673, 0.0006482154130935669, 0.0016771230148151517, 0.0009013055241666734, 0.0005047906888648868, 0.0006993982242420316, 0.0002935252559836954, 0.00019917318422812968, 0.0002945279411505908, 0.0003888295032083988, 0.00025905846268869936, 0.0001219767436850816, 3.2209318305831403e-06], "lowlevel.erbbands.mean": [0.02844853326678276, 0.7538578510284424, 3.9465322494506836, 6.889779567718506, 9.61159896850586, 9.712306022644043, 16.347763061523438, 28.73735809326172, 37.256832122802734, 55.0341796875, 21.812328338623047, 17.71201515197754, 32.057071685791016, 66.54297637939453, 60.18661880493164, 35.34928894042969, 46.420650482177734, 28.414491653442383, 16.192113876342773, 13.521425247192383, 17.52638816833496, 32.70748519897461, 25.744653701782227, 20.267763137817383, 13.51865005493164, 21.57073211669922, 13.882667541503906, 3.7176804542541504, 2.968143939971924, 3.0084023475646973, 4.068990230560303, 3.479936122894287, 3.108289957046509, 2.385110378265381, 0.9721991419792175, 0.3599521815776825, 0.12460561096668243, 0.015759894624352455, 0.00031916439183987677, 4.8562043957645074e-05], "lowlevel.erbbands.stdev": [0.07241947948932648, 1.2976796627044678, 4.9438347816467285, 5.795189380645752, 7.4247026443481445, 10.547660827636719, 31.830137252807617, 52.70809555053711, 61.90758514404297, 115.31157684326172, 56.12825012207031, 37.794368743896484, 110.6202163696289, 172.83840942382812, 167.1334228515625, 142.43106079101562, 157.91233825683594, 91.01835632324219, 41.63390350341797, 22.55401611328125, 32.35365295410156, 78.9449691772461, 55.81818771362305, 37.542808532714844, 20.01032066345215, 34.53501510620117, 21.98818588256836, 6.064287185668945, 7.308121204376221, 6.517940044403076, 8.968108177185059, 8.569469451904297, 6.274173736572266, 3.921196699142456, 1.4523757696151733, 0.6078035235404968, 0.21538738906383514, 0.028847254812717438, 0.0005437681102193892, 2.9796130547765642e-05], "lowlevel.gfcc.mean": [13.25632095336914, 82.68514251708984, -103.36241149902344, 29.322097778320312, -64.57801055908203, 9.86962890625, -47.24467849731445, 12.630311012268066, -38.69059753417969, 0.8351847529411316, -17.637664794921875, -4.621429920196533, -10.628905296325684], "lowlevel.melbands.mean": [0.00047294882824644446, 0.0017177239060401917, 0.0013299084967002273, 0.0006323301931843162, 0.0005961487768217921, 0.0006118165329098701, 0.0005844568950124085, 0.0005983456503599882, 0.0001376168365823105, 0.00011280547914793715, 0.0001539279764983803, 0.00025872033438645303, 0.00021171099797356874, 0.0001104182520066388, 8.192394307116047e-05, 9.793898789212108e-05, 4.8429421440232545e-05, 2.4506702175131068e-05, 1.8982038454851136e-05, 2.266329465783201e-05, 1.8814438590197824e-05, 2.6562589482637122e-05, 4.760809679282829e-05, 1.207622881338466e-05, 1.7267742805415764e-05, 8.741574674786534e-06, 1.0426735570945311e-05, 1.580165007908363e-05, 1.1093341527157463e-05, 3.881112661474617e-06, 1.5219726492432528e-06, 1.6660874280205462e-06, 1.5583196955049061e-06, 1.7572403976373607e-06, 2.2401522983273026e-06, 2.430982704026974e-06, 2.1058935999462847e-06, 2.243948074465152e-06, 2.1610926523862872e-06, 1.975558461708715e-06], "lowlevel.melbands.stdev": [0.0009546295623295009, 0.0021039796993136406, 0.0009465462062507868, 0.00044091526069678366, 0.0009723224793560803, 0.0011054485803470016, 0.001003422774374485, 0.0012748913140967488, 0.0003862509620375931, 0.00025870936224237084, 0.0005535175441764295, 0.0006927740178070962, 0.0006116761360317469, 0.00038166751619428396, 0.00030378150404430926, 0.0003394551749806851, 0.0001858802861534059, 6.775775545975193e-05, 4.8926678573479876e-05, 4.765127960126847e-05, 3.83856677217409e-05, 6.302615656750277e-05, 0.00012891722144559026, 2.1952548195258714e-05, 3.4042121114907786e-05, 1.4301851479103789e-05, 1.6093037629616447e-05, 2.69829215540085e-05, 1.94270905922167e-05, 7.300608558580279e-06, 3.320075848023407e-06, 4.426573013915913e-06, 3.7934526062599616e-06, 3.88086255043163e-06, 4.958709268976236e-06, 5.990843874315033e-06, 5.445504029921722e-06, 5.111707650939934e-06, 3.7319266539270757e-06, 3.275252765888581e-06], "lowlevel.melbands128.mean": [3.3707692637108266e-05, 0.0001125391063396819, 0.00046711546019650996, 0.0014953806530684233, 0.002047831192612648, 0.0017496480140835047, 0.0013294133823364973, 0.001461703795939684, 0.0009881642181426287, 0.00040082272607833147, 0.000499832269269973, 0.0007510503055527806, 0.0004890024429187179, 0.0005730935372412205, 0.0007972921011969447, 0.0005169303040020168, 0.0004437760217115283, 0.0007055124151520431, 0.0006207104888744652, 0.0006325397407636046, 0.000680604309309274, 0.00017247234063688666, 7.808600639691576e-05, 5.6093842431437224e-05, 0.00011484341666800901, 0.0001333290565526113, 0.00011168624041602015, 0.00021118791482876986, 9.432114893570542e-05, 0.0002466092410031706, 0.0003450958465691656, 0.00023837009212002158, 0.0001812277769204229, 0.0002592071832623333, 6.570856930920854e-05, 0.00011306320084258914, 9.238914935849607e-05, 3.168759940308519e-05, 0.00012890961079392582, 0.00010943019151454791, 0.0001116085986723192, 4.105457992409356e-05, 4.757891656481661e-05, 6.116562872193754e-05, 1.150414209405426e-05, 2.4722869056859054e-05, 2.821625821525231e-05, 2.1013447621953674e-05, 1.3356267118069809e-05, 1.2586031516548246e-05, 2.7988857254968025e-05, 3.0044429877307266e-05, 1.6661739209666848e-05, 1.6485580999869853e-05, 1.6182142644538544e-05, 1.2318600056460127e-05, 4.066399924340658e-05, 8.975661330623552e-05, 3.0295517717604525e-05, 1.2818041795981117e-05, 6.049701369192917e-06, 1.2886165677628014e-05, 2.8535077944980003e-05, 1.4972709323046729e-05, 6.5790577536972705e-06, 8.172250090865418e-06, 1.0476985153218266e-05, 9.122487426793668e-06, 8.848545803630259e-06, 1.4867020581732504e-05, 1.2977844562556129e-05, 2.0973193386453204e-05, 1.5257447557814885e-05, 8.708637324161828e-06, 6.145136921986705e-06, 4.8689553295844235e-06, 2.5729896151460707e-06, 1.4323015875561396e-06, 1.4119495972408913e-06, 1.3830823490934563e-06, 1.8376139223619248e-06, 1.6522875512237079e-06, 1.6350154510291759e-06, 1.6740715409468976e-06, 1.3326759926712839e-06, 1.5362298881882452e-06, 1.943724328157259e-06, 2.0751663214468863e-06, 2.0450056581466924e-06, 2.4753803700150456e-06, 2.9875732252548914e-06, 2.2737224298907677e-06, 1.863137640611967e-06, 1.6456323237434844e-06, 2.7427706754679093e-06, 2.5431750145799015e-06, 2.052166792054777e-06, 1.8326073814023403e-06, 2.278813553857617e-06, 2.270616960231564e-06, 2.1376836230047047e-06, 2.1439800548250787e-06, 1.4689160252601141e-06, 1.1675828091028961e-06, 9.79098899733799e-07, 1.0289375040883897e-06, 8.10380640814401e-07, 7.92302387253585e-07, 5.918234364798991e-07, 4.385148031360586e-07, 3.963127994666138e-07, 4.7137814362940844e-07, 4.3929466642111947e-07, 3.179110876772029e-07, 3.1141399858825025e-07, 1.7952166331269837e-07, 4.7583220919023006e-08, 1.3993028957770548e-10, 2.095464426976612e-11, 1.6500308064326674e-11, 8.504440207612873e-12, 5.171493008132577e-12, 3.9338996470072995e-12, 3.851422219341982e-12, 3.77336226500824e-12, 3.694592375091954e-12, 3.64416743309226e-12, 3.619673788132771e-12], "lowlevel.melbands128.stdev": [7.822850602678955e-05, 0.0004307745839469135, 0.0012474727118387818, 0.0026223277673125267, 0.0030318342614918947, 0.0020177685655653477, 0.0014143491862341762, 0.001535710645839572, 0.0008599463617429137, 0.00046532702981494367, 0.000660833204165101, 0.0012751255417242646, 0.0013664100551977754, 0.0015297753270715475, 0.001770045142620802, 0.0011928868480026722, 0.0010485146194696426, 0.0015377412782981992, 0.0016668068710714579, 0.0017265763599425554, 0.0017937935190275311, 0.000633023155387491, 0.0004533352912403643, 0.0002617636346258223, 0.00031564963865093887, 0.00036075490061193705, 0.0005769137060269713, 0.0010097542544826865, 0.0003493014082778245, 0.0007544502732343972, 0.0012137505691498518, 0.0009494010009802878, 0.0008669727249071002, 0.000959394674282521, 0.0002982977603096515, 0.0006790708866901696, 0.0005472123157233, 0.00015342481492552906, 0.0007188087911345065, 0.00046806607861071825, 0.000558658386580646, 0.0002624558110255748, 0.0002435942878946662, 0.00027508960920386016, 4.952140443492681e-05, 0.00011668018123600632, 9.761460387380794e-05, 9.02810861589387e-05, 3.627405021688901e-05, 3.61375387001317e-05, 7.156054925872013e-05, 9.681179653853178e-05, 5.5042746680555865e-05, 4.9047241191146895e-05, 4.685208114096895e-05, 4.676743265008554e-05, 0.00016295553359668702, 0.0002847197465598583, 0.00012447246990632266, 3.725256829056889e-05, 1.383350263495231e-05, 4.179624738753773e-05, 7.259818085003644e-05, 4.034633457195014e-05, 2.0755291188834235e-05, 1.7262402252526954e-05, 2.4660817871335894e-05, 2.3548733224743046e-05, 1.8997519873664714e-05, 3.57886019628495e-05, 3.913088221452199e-05, 5.068613972980529e-05, 3.5456680052448064e-05, 2.2571128283743747e-05, 1.349066042166669e-05, 1.2943703950440977e-05, 8.064137546170969e-06, 2.892665634135483e-06, 3.267736929046805e-06, 4.054855708091054e-06, 6.376920737238834e-06, 3.747105665752315e-06, 4.7808102863200475e-06, 4.322195309214294e-06, 3.094901330769062e-06, 3.7787881410622504e-06, 4.7689663915662095e-06, 5.056144800619222e-06, 4.896584869129583e-06, 6.0845413827337325e-06, 7.736336556263268e-06, 5.85379211770487e-06, 5.315406724548666e-06, 4.6105042201816104e-06, 7.652772183064371e-06, 6.7809742176905274e-06, 5.043300461693434e-06, 3.5817522530123824e-06, 4.178538802079856e-06, 4.074858225067146e-06, 4.2466767808946315e-06, 3.5751265841099666e-06, 2.4852615752024576e-06, 2.2681451810058206e-06, 1.7121103610406863e-06, 1.852405830504722e-06, 1.3985085161039024e-06, 1.4332678119899356e-06, 1.1791979659392382e-06, 9.117083550336247e-07, 8.89702164386108e-07, 9.396882205692236e-07, 7.766003591314075e-07, 5.884452320970013e-07, 6.044805900273786e-07, 3.908701842192386e-07, 1.2993031361929752e-07, 1.229192525542544e-09, 4.809264653182765e-10, 4.092251815190906e-10, 1.4533341197164873e-10, 3.8618781783572587e-11, 5.754584742750923e-12, 5.640725300043448e-12, 5.548091500107155e-12, 5.475833762119686e-12, 5.422918190889359e-12, 5.390727361026526e-12], "lowlevel.mfcc.mean": [-635.7373657226562, 114.91117095947266, 14.678133010864258, 21.065288543701172, 7.460356712341309, -7.724985599517822, 6.843222618103027, -4.734018802642822, -3.1035189628601074, -3.3467891216278076, -10.33141803741455, -1.7335299253463745, 0.6158434152603149], "lowlevel.spectral_contrast_coeffs.mean": [-0.6535815000534058, -0.676103949546814, -0.720363199710846, -0.7745375037193298, -0.7767812609672546, -0.786917507648468], "lowlevel.spectral_contrast_coeffs.stdev": [0.061863623559474945, 0.08329956978559494, 0.08042829483747482, 0.06190250813961029, 0.062482692301273346, 0.03614933043718338], "lowlevel.spectral_contrast_valleys.mean": [-6.757802963256836, -6.980917930603027, -7.629011154174805, -7.86722469329834, -7.574733734130859, -10.03371810913086], "lowlevel.spectral_contrast_valleys.stdev": [0.7570967674255371, 0.5785188674926758, 0.5954640507698059, 0.5600360035896301, 0.6462681293487549, 0.8559145927429199], "rhythm.beats_loudness_band_ratio.mean": [0.28038495779037476, 0.2036137580871582, 0.18191257119178772, 0.23770493268966675, 0.07849793136119843, 0.055321402847766876], "rhythm.beats_loudness_band_ratio.stdev": [0.15460292994976044, 0.17846879363059998, 0.15736907720565796, 0.22864751517772675, 0.06450024247169495, 0.027473416179418564], "tonal.hpcp.mean": [0.19224703311920166, 0.14272239804267883, 0.07919222861528397, 0.12979814410209656, 0.10237579792737961, 0.03752511739730835, 0.040923722088336945, 0.035811156034469604, 0.14406444132328033, 0.3533880114555359, 0.24775360524654388, 0.03233969956636429, 0.015692686662077904, 0.018837733194231987, 0.054175276309251785, 0.1352461576461792, 0.1065998375415802, 0.024534620344638824, 0.015748122707009315, 0.01882743649184704, 0.07092762738466263, 0.13664864003658295, 0.10441697388887405, 0.17923259735107422, 0.38063886761665344, 0.24379724264144897, 0.027660174295306206, 0.0210251584649086, 0.024820366874337196, 0.10552547872066498, 0.22460773587226868, 0.15311206877231598, 0.03155072033405304, 0.025473009794950485, 0.02837991528213024, 0.0979301854968071], "tonal.hpcp.stdev": [0.3217022120952606, 0.24113744497299194, 0.18931317329406738, 0.26336878538131714, 0.22159132361412048, 0.12397772818803787, 0.14117901027202606, 0.11534705013036728, 0.21055558323860168, 0.3952799439430237, 0.29419177770614624, 0.11887893080711365, 0.06669320911169052, 0.08042959123849869, 0.13450156152248383, 0.26730430126190186, 0.2220364660024643, 0.10137411952018738, 0.07378712296485901, 0.08945076912641525, 0.16755911707878113, 0.2521362006664276, 0.2054629772901535, 0.2206810712814331, 0.42519673705101013, 0.28604456782341003, 0.08924601227045059, 0.08740875869989395, 0.10459845513105392, 0.19310998916625977, 0.33485549688339233, 0.23272787034511566, 0.11239311844110489, 0.10275376588106155, 0.11534905433654785, 0.19282209873199463], "rhythm.beats_position": [0.4411791265010834, 0.9055781960487366, 1.369977355003357, 1.8459863662719727, 2.321995496749878, 2.832834482192993, 3.3436734676361084, 3.8661224842071533, 4.36535120010376, 4.876190185546875, 5.38702917098999, 5.8978681564331055, 6.408707141876221, 6.919546127319336, 7.441995143890381, 7.952834129333496, 8.46367359161377, 8.974512100219727, 9.4853515625, 9.984580039978027, 10.4954195022583, 11.017868041992188, 11.517097473144531, 12.027935981750488, 12.538775444030762, 13.049613952636719, 13.572063446044922, 14.094511985778809, 14.605351448059082, 15.116189956665039, 15.627029418945312, 16.137868881225586, 16.648706436157227, 17.14793586730957, 17.670385360717773, 18.181224822998047, 18.692062377929688, 19.19129180908203, 19.690521240234375, 20.20136070251465, 20.71219825744629, 21.223037719726562, 21.733877182006836, 22.24471664428711, 22.75555419921875, 23.266393661499023, 23.788843154907227, 24.31129264831543, 24.82213020324707, 25.332969665527344, 25.832199096679688, 26.35464859008789], "rhythm.bpm_histogram": [0.0, 0.0, 0.0, 0.0, 0.0, 0.0, 0.0, 0.0, 0.0, 0.0, 0.0, 0.0, 0.0, 0.0, 0.0, 0.0, 0.0, 0.0, 0.0, 0.0, 0.0, 0.0, 0.0, 0.0, 0.0, 0.0, 0.0, 0.0, 0.0, 0.0, 0.0, 0.0, 0.0, 0.0, 0.0, 0.0, 0.0, 0.0, 0.0, 0.0, 0.0, 0.0, 0.0, 0.0, 0.0, 0.0, 0.0, 0.0, 0.0, 0.0, 0.0, 0.0, 0.0, 0.0, 0.0, 0.0, 0.0, 0.0, 0.0, 0.0, 0.0, 0.0, 0.0, 0.0, 0.0, 0.0, 0.0, 0.0, 0.0, 0.0, 0.0, 0.0, 0.0, 0.0, 0.0, 0.0, 0.0, 0.0, 0.0, 0.0, 0.0, 0.0, 0.0, 0.0, 0.0, 0.0, 0.0, 0.0, 0.0, 0.0, 0.0, 0.0, 0.0, 0.0, 0.0, 0.0, 0.0, 0.0, 0.0, 0.0, 0.0, 0.0, 0.0, 0.0, 0.0, 0.0, 0.0, 0.0, 0.0, 0.0, 0.0, 0.0, 0.0, 0.0, 0.0, 0.1764705926179886, 0.0, 0.6078431606292725, 0.0, 0.0, 0.13725490868091583, 0.0, 0.0, 0.0, 0.0, 0.0, 0.03921568766236305, 0.0, 0.0, 0.03921568766236305, 0.0, 0.0, 0.0, 0.0, 0.0, 0.0, 0.0, 0.0, 0.0, 0.0, 0.0, 0.0, 0.0, 0.0, 0.0, 0.0, 0.0, 0.0, 0.0, 0.0, 0.0, 0.0, 0.0, 0.0, 0.0, 0.0, 0.0, 0.0, 0.0, 0.0, 0.0, 0.0, 0.0, 0.0, 0.0, 0.0, 0.0, 0.0, 0.0, 0.0, 0.0, 0.0, 0.0, 0.0, 0.0, 0.0, 0.0, 0.0, 0.0, 0.0, 0.0, 0.0, 0.0, 0.0, 0.0, 0.0, 0.0, 0.0, 0.0, 0.0, 0.0, 0.0, 0.0, 0.0, 0.0, 0.0, 0.0, 0.0, 0.0, 0.0, 0.0, 0.0, 0.0, 0.0, 0.0, 0.0, 0.0, 0.0, 0.0, 0.0, 0.0, 0.0, 0.0, 0.0, 0.0, 0.0, 0.0, 0.0, 0.0, 0.0, 0.0, 0.0, 0.0, 0.0, 0.0, 0.0, 0.0, 0.0, 0.0, 0.0, 0.0, 0.0, 0.0, 0.0, 0.0, 0.0, 0.0, 0.0, 0.0, 0.0, 0.0, 0.0, 0.0, 0.0, 0.0, 0.0, 0.0, 0.0, 0.0, 0.0], "tonal.chords_histogram": [46.02075958251953, 17.993080139160156, 2.941176414489746, 0.0, 0.0, 0.0, 0.0, 0.0, 0.0, 0.0, 0.0, 0.0, 0.0, 0.0, 0.0, 0.0, 0.0, 2.595155715942383, 0.0, 0.34602075815200806, 0.0, 9.169549942016602, 17.647058486938477, 3.2871971130371094], "tonal.thpcp": [1.0, 0.6404948830604553, 0.07266776263713837, 0.05523649975657463, 0.06520712375640869, 0.2772325277328491, 0.5900809168815613, 0.4022502303123474, 0.08288885653018951, 0.06692172586917877, 0.07455863803625107, 0.2572784721851349, 0.5050641298294067, 0.37495487928390503, 0.20805081725120544, 0.3410007655620575, 0.26895782351493835, 0.09858456254005432, 0.10751324892044067, 0.09408171474933624, 0.3784806430339813, 0.928407609462738, 0.6508888602256775, 0.08496163040399551, 0.04122723266482353, 0.04948977753520012, 0.1423272341489792, 0.35531356930732727, 0.28005504608154297, 0.06445642560720444, 0.0413728691637516, 0.04946272820234299, 0.1863383799791336, 0.3589981198310852, 0.2743203043937683, 0.470873087644577], "lowlevel.gfcc.cov": [[3488.75732421875, -491.1072998046875, -76.64612579345703, -69.18262481689453, 54.585018157958984, 40.54196548461914, -5.7862868309021, 216.05995178222656, -129.2920379638672, 201.3323516845703, -58.50999069213867, 116.90806579589844, -138.6658935546875], [-491.1072998046875, 1067.47216796875, -187.10374450683594, 105.40220642089844, 189.55332946777344, -187.15206909179688, 83.39729309082031, 7.89999532699585, 68.56609344482422, -140.7174530029297, 103.12957000732422, -138.17672729492188, 125.38045501708984], [-76.64612579345703, -187.10374450683594, 889.3174438476562, 140.9629669189453, 37.1427116394043, 320.07745361328125, -130.39373779296875, 64.29045867919922, 110.43170928955078, -32.301998138427734, -174.4769287109375, 79.7890396118164, -109.18633270263672], [-69.18262481689453, 105.40220642089844, 140.9629669189453, 388.64013671875, 82.99081420898438, -37.97528076171875, -41.071807861328125, 62.54172897338867, 81.52564239501953, -110.64850616455078, -5.96081018447876, -18.144506454467773, 25.701322555541992], [54.585018157958984, 189.55332946777344, 37.1427116394043, 82.99081420898438, 288.9021911621094, -25.755531311035156, 37.73615646362305, 81.68087768554688, -8.427804946899414, 12.316001892089844, 12.928511619567871, -2.0005927085876465, 0.9588057994842529], [40.54196548461914, -187.15206909179688, 320.07745361328125, -37.97528076171875, -25.755531311035156, 481.5986328125, 49.385746002197266, -96.51251220703125, -8.140020370483398, 0.08691063523292542, -81.67677307128906, -5.270994663238525, -63.2092399597168], [-5.7862868309021, 83.39729309082031, -130.39373779296875, -41.071807861328125, 37.73615646362305, 49.385746002197266, 226.748779296875, 7.218825340270996, -56.39876937866211, 20.65308952331543, 49.617862701416016, -26.39290428161621, 11.758753776550293], [216.05995178222656, 7.89999532699585, 64.29045867919922, 62.54172897338867, 81.68087768554688, -96.51251220703125, 7.218825340270996, 186.9442901611328, 43.46220016479492, -7.288935661315918, -13.876940727233887, 22.012866973876953, -15.519391059875488], [-129.2920379638672, 68.56609344482422, 110.43170928955078, 81.52564239501953, -8.427804946899414, -8.140020370483398, -56.39876937866211, 43.46220016479492, 145.87509155273438, -2.5479934215545654, -25.80673599243164, -8.890538215637207, -14.534645080566406], [201.3323516845703, -140.7174530029297, -32.301998138427734, -110.64850616455078, 12.316001892089844, 0.08691063523292542, 20.65308952331543, -7.288935661315918, -2.5479934215545654, 176.68882751464844, 18.108165740966797, 27.011877059936523, -38.03886032104492], [-58.50999069213867, 103.12957000732422, -174.4769287109375, -5.96081018447876, 12.928511619567871, -81.67677307128906, 49.617862701416016, -13.876940727233887, -25.80673599243164, 18.108165740966797, 127.51431274414062, -2.466970443725586, 24.49873161315918], [116.90806579589844, -138.17672729492188, 79.7890396118164, -18.144506454467773, -2.0005927085876465, -5.270994663238525, -26.39290428161621, 22.012866973876953, -8.890538215637207, 27.011877059936523, -2.466970443725586, 108.92557525634766, -2.8977324962615967], [-138.6658935546875, 125.38045501708984, -109.18633270263672, 25.701322555541992, 0.9588057994842529, -63.2092399597168, 11.758753776550293, -15.519391059875488, -14.534645080566406, -38.03886032104492, 24.49873161315918, -2.8977324962615967, 113.27169036865234]], "lowlevel.gfcc.icov": [[0.0004644252185244113, -0.000214352723560296, 0.0004543433024082333, -0.00043205279507674277, 0.0003617276670411229, -0.0005495660589076579, 0.0005052152555435896, -0.0011290409602224827, 0.0010270756902173162, -0.0008555923122912645, 0.0004935162141919136, -0.0005227294750511646, 0.0005492806667461991], [-0.000214352723560296, 0.0027189659886062145, -0.000925862172152847, 0.001451513497158885, -0.0023972494527697563, 0.0016095754690468311, -0.0014679706655442715, 0.002098140539601445, -0.003163360757753253, 0.002863208530470729, -0.0020175923127681017, 0.0027842787094414234, -0.0020722970366477966], [0.0004543433024082333, -0.000925862172152847, 0.003695240244269371, -0.001597415073774755, 0.0006205220124684274, -0.0028985287062823772, 0.002003804314881563, -0.0025245374999940395, 0.000841113505885005, -0.001232611364684999, 0.0027984483167529106, -0.0032683894969522953, 0.0023339535109698772], [-0.00043205279507674277, 0.001451513497158885, -0.001597415073774755, 0.005394163075834513, -0.0026258572470396757, 0.0016943833325058222, -0.0010668140603229403, 0.0018152431584894657, -0.004298081621527672, 0.004531138110905886, -0.0024239637423306704, 0.002198977628722787, -0.002021483611315489], [0.0003617276670411229, -0.0023972494527697563, 0.0006205220124684274, -0.0026258572470396757, 0.006827086675912142, -0.0017523386050015688, 0.0011594739044085145, -0.004437068942934275, 0.004715428221970797, -0.004164166748523712, 0.0013269557384774089, -0.00161802361253649, 0.0014046159340068698], [-0.0005495660589076579, 0.0016095754690468311, -0.0028985287062823772, 0.0016943833325058222, -0.0017523386050015688, 0.006113453768193722, -0.0037929716054350138, 0.0054877749644219875, -0.002723113866522908, 0.0027507864870131016, -9.224486711900681e-05, 0.002355363918468356, -0.0004063340020366013], [0.0005052152555435896, -0.0014679706655442715, 0.002003804314881563, -0.0010668140603229403, 0.0011594739044085145, -0.0037929716054350138, 0.008271809667348862, -0.004818105138838291, 0.004533478524535894, -0.0029906739946454763, -0.0009451262303628027, -0.00012931464880239218, 0.000550226541236043], [-0.0011290409602224827, 0.002098140539601445, -0.0025245374999940395, 0.0018152431584894657, -0.004437068942934275, 0.0054877749644219875, -0.004818105138838291, 0.013462372124195099, -0.006876655388623476, 0.004844710696488619, -0.00029436807380989194, 0.0005441010580398142, -0.000283243804005906], [0.0010270756902173162, -0.003163360757753253, 0.000841113505885005, -0.004298081621527672, 0.004715428221970797, -0.002723113866522908, 0.004533478524535894, -0.006876655388623476, 0.015529180876910686, -0.006712018512189388, 0.002807925920933485, -0.0009374108631163836, 0.0026799135375767946], [-0.0008555923122912645, 0.002863208530470729, -0.001232611364684999, 0.004531138110905886, -0.004164166748523712, 0.0027507864870131016, -0.0029906739946454763, 0.004844710696488619, -0.006712018512189388, 0.01254973467439413, -0.00347821693867445, 0.0008285737130790949, 0.00023821103968657553], [0.0004935162141919136, -0.0020175923127681017, 0.0027984483167529106, -0.0024239637423306704, 0.0013269557384774089, -9.224486711900681e-05, -0.0009451262303628027, -0.00029436807380989194, 0.002807925920933485, -0.00347821693867445, 0.014133990742266178, -0.004224464297294617, 0.0021072570234537125], [-0.0005227294750511646, 0.0027842787094414234, -0.0032683894969522953, 0.002198977628722787, -0.00161802361253649, 0.002355363918468356, -0.00012931464880239218, 0.0005441010580398142, -0.0009374108631163836, 0.0008285737130790949, -0.004224464297294617, 0.015479943715035915, -0.0044876025058329105], [0.0005492806667461991, -0.0020722970366477966, 0.0023339535109698772, -0.002021483611315489, 0.0014046159340068698, -0.0004063340020366013, 0.000550226541236043, -0.000283243804005906, 0.0026799135375767946, 0.00023821103968657553, 0.0021072570234537125, -0.0044876025058329105, 0.01402177382260561]], "lowlevel.mfcc.cov": [[2327.43017578125, -347.1958312988281, -236.9136962890625, 50.33269119262695, -52.47949981689453, -113.08927154541016, 105.72660827636719, -25.597917556762695, 9.344422340393066, 27.264543533325195, 52.18659973144531, 47.354942321777344, 100.90802764892578], [-347.1958312988281, 866.0394287109375, -226.39324951171875, 145.2745819091797, 66.73822784423828, -116.0358657836914, 71.97362518310547, -9.124958992004395, 34.4946174621582, 10.36703872680664, -10.088326454162598, 7.366622447967529, 36.275943756103516], [-236.9136962890625, -226.39324951171875, 782.4520263671875, -145.59878540039062, 173.02346801757812, 247.7340545654297, -136.1230926513672, 163.6521453857422, 70.007080078125, 32.97360610961914, 49.73615264892578, -77.10865020751953, -96.5714340209961], [50.33269119262695, 145.2745819091797, -145.59878540039062, 440.2962646484375, 119.92855072021484, -207.16395568847656, 7.237869739532471, 44.559207916259766, 26.66080093383789, -13.516902923583984, -15.953902244567871, 59.25848388671875, 47.35381317138672], [-52.47949981689453, 66.73822784423828, 173.02346801757812, 119.92855072021484, 300.7262878417969, 6.598882675170898, -43.78009033203125, 89.19538116455078, 49.7833366394043, 6.647075653076172, 27.31155014038086, -18.26365852355957, -17.490135192871094], [-113.08927154541016, -116.0358657836914, 247.7340545654297, -207.16395568847656, 6.598882675170898, 375.758056640625, 44.28904342651367, 20.942514419555664, 7.5152177810668945, 49.15259552001953, 31.586715698242188, -62.477840423583984, -49.651756286621094], [105.72660827636719, 71.97362518310547, -136.1230926513672, 7.237869739532471, -43.78009033203125, 44.28904342651367, 239.45193481445312, 19.10983657836914, -17.020709991455078, 31.617467880249023, -18.757577896118164, 6.53446626663208, 26.013916015625], [-25.597917556762695, -9.124958992004395, 163.6521453857422, 44.559207916259766, 89.19538116455078, 20.942514419555664, 19.10983657836914, 175.42803955078125, 47.86085891723633, 2.7529137134552, 4.741861343383789, -7.2109246253967285, -14.43082332611084], [9.344422340393066, 34.4946174621582, 70.007080078125, 26.66080093383789, 49.7833366394043, 7.5152177810668945, -17.020709991455078, 47.86085891723633, 131.51968383789062, 26.546438217163086, 19.75307273864746, -9.7810697555542, 0.1410273164510727], [27.264543533325195, 10.36703872680664, 32.97360610961914, -13.516902923583984, 6.647075653076172, 49.15259552001953, 31.617467880249023, 2.7529137134552, 26.546438217163086, 102.46676635742188, 18.967451095581055, -9.364706993103027, -7.278606414794922], [52.18659973144531, -10.088326454162598, 49.73615264892578, -15.953902244567871, 27.31155014038086, 31.586715698242188, -18.757577896118164, 4.741861343383789, 19.75307273864746, 18.967451095581055, 113.95488739013672, 39.3211784362793, 5.162522792816162], [47.354942321777344, 7.366622447967529, -77.10865020751953, 59.25848388671875, -18.26365852355957, -62.477840423583984, 6.53446626663208, -7.2109246253967285, -9.7810697555542, -9.364706993103027, 39.3211784362793, 127.37493133544922, 39.220149993896484], [100.90802764892578, 36.275943756103516, -96.5714340209961, 47.35381317138672, -17.490135192871094, -49.651756286621094, 26.013916015625, -14.43082332611084, 0.1410273164510727, -7.278606414794922, 5.162522792816162, 39.220149993896484, 100.14842224121094]], "lowlevel.mfcc.icov": [[0.0005454052588902414, 0.00034133874578401446, 0.00017860840307548642, 3.303940320620313e-05, -9.131801198236644e-05, 0.0002428200823487714, -0.00028477187152020633, -3.762920187000418e-06, -0.00013785623013973236, -0.00015688104031141847, -0.0003910885425284505, 0.0002169580402551219, -0.0004147222207393497], [0.00034133874578401446, 0.0016068596160039306, 0.0005251824040897191, -8.447557775070891e-05, -0.0005558179691433907, 0.000362853315891698, -0.0005203040782362223, 0.00010145358828594908, -0.0005024162237532437, -0.00020951249462086707, -0.0003165091620758176, 0.00040544080547988415, -0.00030398578383028507], [0.00017860840307548642, 0.0005251824040897191, 0.003330707084387541, 0.0005948435864411294, -0.0010297020198777318, -0.0014438992366194725, 0.0018912097439169884, -0.002581012900918722, -0.00017013386241160333, -0.0006553911953233182, -0.0003699474036693573, 0.00040785426972433925, 0.0006133923889137805], [3.303940320620313e-05, -8.447557775070891e-05, 0.0005948435864411294, 0.0041686613112688065, -0.0019102093065157533, 0.0017093969509005547, -0.00017289456445723772, -0.0008427968714386225, -0.00035716508864425123, -0.0004843617498409003, 0.0008819305221550167, -0.001222510589286685, -0.000564237532671541], [-9.131801198236644e-05, -0.0005558179691433907, -0.0010297020198777318, -0.0019102093065157533, 0.0054941740818321705, -0.00036562184686772525, 0.0006473073735833168, -0.001263535232283175, -0.00019297450489830226, 0.00022755058307666332, -0.0012971563264727592, 0.0011567024048417807, 0.00026235744007863104], [0.0002428200823487714, 0.000362853315891698, -0.0014438992366194725, 0.0017093969509005547, -0.00036562184686772525, 0.005450212396681309, -0.0022790096700191498, 0.000874812772963196, 7.779540283081587e-06, -0.0009408291662111878, -0.0013377796858549118, 0.0012632603757083416, 0.00028546529938466847], [-0.00028477187152020633, -0.0005203040782362223, 0.0018912097439169884, -0.00017289456445723772, 0.0006473073735833168, -0.0022790096700191498, 0.006915176287293434, -0.0030466956086456776, 0.0012961531756445765, -0.0021763176191598177, 0.0012783532729372382, -0.0003505503118503839, -0.0009598990436643362], [-3.762920187000418e-06, 0.00010145358828594908, -0.002581012900918722, -0.0008427968714386225, -0.001263535232283175, 0.000874812772963196, -0.0030466956086456776, 0.009861914440989494, -0.0024839655961841345, 0.001579557079821825, 0.0005303112557157874, -0.0006500824820250273, 0.0006477526039816439], [-0.00013785623013973236, -0.0005024162237532437, -0.00017013386241160333, -0.00035716508864425123, -0.00019297450489830226, 7.779540283081587e-06, 0.0012961531756445765, -0.0024839655961841345, 0.009833668358623981, -0.00251019187271595, -0.0012424004962667823, 0.0011713566491380334, -0.0009897056734189391], [-0.00015688104031141847, -0.00020951249462086707, -0.0006553911953233182, -0.0004843617498409003, 0.00022755058307666332, -0.0009408291662111878, -0.0021763176191598177, 0.001579557079821825, -0.00251019187271595, 0.012141660787165165, -0.0017949016764760017, 0.0006404645391739905, 0.0009248825954273343], [-0.0003910885425284505, -0.0003165091620758176, -0.0003699474036693573, 0.0008819305221550167, -0.0012971563264727592, -0.0013377796858549118, 0.0012783532729372382, 0.0005303112557157874, -0.0012424004962667823, -0.0017949016764760017, 0.012462837621569633, -0.005402726121246815, -6.579546607099473e-05], [0.0002169580402551219, 0.00040544080547988415, 0.00040785426972433925, -0.001222510589286685, 0.0011567024048417807, 0.0012632603757083416, -0.0003505503118503839, -0.0006500824820250273, 0.0011713566491380334, 0.0006404645391739905, -0.005402726121246815, 0.012046126648783684, -0.002962539903819561], [-0.0004147222207393497, -0.00030398578383028507, 0.0006133923889137805, -0.000564237532671541, 0.00026235744007863104, 0.00028546529938466847, -0.0009598990436643362, 0.0006477526039816439, -0.0009897056734189391, 0.0009248825954273343, -6.579546607099473e-05, -0.002962539903819561, 0.01313365064561367]], "metadata.audio_properties.analysis.downmix": "mix", "metadata.audio_properties.codec": "mp3", "metadata.audio_properties.md5_encoded": "401ccfc83d455d9b5bb1f60acb637090", "metadata.tags.file_name": "1182272611510669382.mp3", "metadata.version.essentia": "2.1-beta6-dev", "metadata.version.essentia_git_sha": "v2.1_beta5-1110-g77a6a954", "metadata.version.extractor": "music 2.0", "tonal.chords_key": "F", "tonal.chords_scale": "major", "tonal.key_edma.key": "F", "tonal.key_edma.scale": "major", "tonal.key_krumhansl.key": "F", "tonal.key_krumhansl.scale": "major", "tonal.key_temperley.key": "F", "tonal.key_temperley.scale": "major", "metadata.tags.encoding": ["Lavf58.45.100"]}, "essentia_models": 