{"song_id": "1182277224011944047", "download": "https://cdn.discordapp.com/attachments/1128313332273782784/1182277224011944047/chirp.mp4?ex=65841c77&amp", "lyrics": "Caught in the red lights,\nI'd never want to kill your vibe.\nOhhh darling I,\nKeep to myself.\nDesperate with hope\nAll threw the night.", "style": ["American rap"], "essentia_features": {"lowlevel.average_loudness": 0.9851099848747253, "lowlevel.barkbands_crest.mean": 11.818676948547363, "lowlevel.barkbands_crest.stdev": 4.047205924987793, "lowlevel.barkbands_flatness_db.mean": 0.13108530640602112, "lowlevel.barkbands_flatness_db.stdev": 0.030446182936429977, "lowlevel.barkbands_kurtosis.mean": 2.3693652153015137, "lowlevel.barkbands_kurtosis.stdev": 4.160097599029541, "lowlevel.barkbands_skewness.mean": 1.4211559295654297, "lowlevel.barkbands_skewness.stdev": 0.9675861597061157, "lowlevel.barkbands_spread.mean": 25.448862075805664, "lowlevel.barkbands_spread.stdev": 8.684422492980957, "lowlevel.dissonance.mean": 0.4814508557319641, "lowlevel.dissonance.stdev": 0.015825288370251656, "lowlevel.dynamic_complexity": 1.296552062034607, "lowlevel.erbbands_crest.mean": 9.383989334106445, "lowlevel.erbbands_crest.stdev": 5.734546184539795, "lowlevel.erbbands_flatness_db.mean": 0.14392803609371185, "lowlevel.erbbands_flatness_db.stdev": 0.03287177160382271, "lowlevel.erbbands_kurtosis.mean": 1.1553179025650024, "lowlevel.erbbands_kurtosis.stdev": 2.3903470039367676, "lowlevel.erbbands_skewness.mean": 0.23517262935638428, "lowlevel.erbbands_skewness.stdev": 0.6000345945358276, "lowlevel.erbbands_spread.mean": 33.60588073730469, "lowlevel.erbbands_spread.stdev": 14.606635093688965, "lowlevel.hfc.mean": 29.188278198242188, "lowlevel.hfc.stdev": 11.710226058959961, "lowlevel.loudness_ebu128.integrated": -11.392403602600098, "lowlevel.loudness_ebu128.loudness_range": 1.1405048370361328, "lowlevel.loudness_ebu128.momentary.mean": -11.446927070617676, "lowlevel.loudness_ebu128.momentary.stdev": 0.6928406357765198, "lowlevel.loudness_ebu128.short_term.mean": -11.415451049804688, "lowlevel.loudness_ebu128.short_term.stdev": 0.38976889848709106, "lowlevel.melbands_crest.mean": 17.6851863861084, "lowlevel.melbands_crest.stdev": 4.495107650756836, "lowlevel.melbands_flatness_db.mean": 0.18709053099155426, "lowlevel.melbands_flatness_db.stdev": 0.038523171097040176, "lowlevel.melbands_kurtosis.mean": 10.94361400604248, "lowlevel.melbands_kurtosis.stdev": 13.332236289978027, "lowlevel.melbands_skewness.mean": 2.661825656890869, "lowlevel.melbands_skewness.stdev": 1.5289056301116943, "lowlevel.melbands_spread.mean": 24.473243713378906, "lowlevel.melbands_spread.stdev": 11.241654396057129, "lowlevel.pitch_salience.mean": 0.4900953769683838, "lowlevel.pitch_salience.stdev": 0.10373785346746445, "lowlevel.silence_rate_20dB.mean": 1.0, "lowlevel.silence_rate_20dB.stdev": 0.0, "lowlevel.silence_rate_30dB.mean": 1.0, "lowlevel.silence_rate_30dB.stdev": 0.0, "lowlevel.silence_rate_60dB.mean": 0.0016666667070239782, "lowlevel.silence_rate_60dB.stdev": 0.04079107940196991, "lowlevel.spectral_centroid.mean": 1522.9091796875, "lowlevel.spectral_centroid.stdev": 349.5072937011719, "lowlevel.spectral_complexity.mean": 31.43166732788086, "lowlevel.spectral_complexity.stdev": 5.421276569366455, "lowlevel.spectral_decrease.mean": -1.2446760067064133e-08, "lowlevel.spectral_decrease.stdev": 5.952315973445366e-09, "lowlevel.spectral_energy.mean": 0.04962441325187683, "lowlevel.spectral_energy.stdev": 0.022830868139863014, "lowlevel.spectral_energyband_high.mean": 0.0009644024539738894, "lowlevel.spectral_energyband_high.stdev": 0.0007097233319655061, "lowlevel.spectral_energyband_low.mean": 0.026624636724591255, "lowlevel.spectral_energyband_low.stdev": 0.02068503201007843, "lowlevel.spectral_energyband_middle_high.mean": 0.01235028076916933, "lowlevel.spectral_energyband_middle_high.stdev": 0.009545120410621166, "lowlevel.spectral_energyband_middle_low.mean": 0.010252619162201881, "lowlevel.spectral_energyband_middle_low.stdev": 0.01539572048932314, "lowlevel.spectral_entropy.mean": 7.909725666046143, "lowlevel.spectral_entropy.stdev": 0.16821469366550446, "lowlevel.spectral_flux.mean": 0.12495598942041397, "lowlevel.spectral_flux.stdev": 0.056103043258190155, "lowlevel.spectral_kurtosis.mean": 3.3849992752075195, "lowlevel.spectral_kurtosis.stdev": 1.1447930335998535, "lowlevel.spectral_rms.mean": 0.006795218214392662, "lowlevel.spectral_rms.stdev": 0.0014963620342314243, "lowlevel.spectral_rolloff.mean": 1123.1173095703125, "lowlevel.spectral_rolloff.stdev": 725.360107421875, "lowlevel.spectral_skewness.mean": 1.418125867843628, "lowlevel.spectral_skewness.stdev": 0.1890672743320465, "lowlevel.spectral_spread.mean": 4481171.0, "lowlevel.spectral_spread.stdev": 696612.625, "lowlevel.spectral_strongpeak.mean": 0.849261999130249, "lowlevel.spectral_strongpeak.stdev": 1.2841382026672363, "lowlevel.zerocrossingrate.mean": 0.05145914852619171, "lowlevel.zerocrossingrate.stdev": 0.017308171838521957, "metadata.audio_properties.analysis.equal_loudness": 0.0, "metadata.audio_properties.analysis.length": 27.839977264404297, "metadata.audio_properties.analysis.sample_rate": 44100.0, "metadata.audio_properties.analysis.start_time": 0.0, "metadata.audio_properties.bit_rate": 116617.0, "metadata.audio_properties.length": 27.84000015258789, "metadata.audio_properties.lossless": 0.0, "metadata.audio_properties.number_channels": 1.0, "metadata.audio_properties.replay_gain": -13.742277145385742, "metadata.audio_properties.sample_rate": 48000.0, "rhythm.beats_count": 64.0, "rhythm.beats_loudness.mean": 0.04977630078792572, "rhythm.beats_loudness.stdev": 0.014166557230055332, "rhythm.bpm": 140.01516723632812, "rhythm.bpm_histogram_first_peak_bpm": 140.0, "rhythm.bpm_histogram_first_peak_weight": 0.25, "rhythm.bpm_histogram_second_peak_bpm": 148.0, "rhythm.bpm_histogram_second_peak_spread": 0.3333333730697632, "rhythm.bpm_histogram_second_peak_weight": 0.0317460335791111, "rhythm.danceability": 1.42226243019104, "rhythm.onset_rate": 1.8669888973236084, "tonal.chords_changes_rate": 0.04991680383682251, "tonal.chords_number_rate": 0.008319467306137085, "tonal.chords_strength.mean": 0.6145583987236023, "tonal.chords_strength.stdev": 0.08842335641384125, "tonal.hpcp_crest.mean": 12.186531066894531, "tonal.hpcp_crest.stdev": 5.124649524688721, "tonal.hpcp_entropy.mean": 2.17868971824646, "tonal.hpcp_entropy.stdev": 0.7185091972351074, "tonal.key_edma.strength": 0.5937317609786987, "tonal.key_krumhansl.strength": 0.5928173065185547, "tonal.key_temperley.strength": 0.5675804615020752, "tonal.tuning_diatonic_strength": 0.653227686882019, "tonal.tuning_equal_tempered_deviation": 0.3287569284439087, "tonal.tuning_frequency": 434.193115234375, "tonal.tuning_nontempered_energy_ratio": 0.9612622261047363, "lowlevel.barkbands.mean": [0.0010181998368352652, 0.018041085451841354, 0.007172157056629658, 0.0013995921472087502, 0.004414489027112722, 0.001583337434567511, 0.0007979999645613134, 0.000773392035625875, 0.0009831557981669903, 0.003249184926971793, 0.002171366009861231, 0.0021281521767377853, 0.0012220530770719051, 0.0007604487473145127, 0.0007453567814081907, 0.0007362863980233669, 0.0004963190294802189, 0.0004327338538132608, 0.00039588718209415674, 0.00027106760535389185, 0.0002549727796576917, 0.0001545688573969528, 0.0001697388506727293, 0.00015038502169772983, 7.745849143248051e-05, 2.5038199964910746e-05, 1.0449806353562963e-08], "lowlevel.barkbands.stdev": [0.0011368574341759086, 0.017847415059804916, 0.006481444463133812, 0.001990474294871092, 0.01297477912157774, 0.004058937542140484, 0.0021035736426711082, 0.0014319359324872494, 0.0018025002209469676, 0.007069799583405256, 0.0033564374316483736, 0.0032818857580423355, 0.0018612165004014969, 0.0007382525946013629, 0.0009865197353065014, 0.0007759759319014847, 0.00034910705289803445, 0.0002842164831236005, 0.0002104846207657829, 0.00014043466944713145, 0.00014423998072743416, 0.0001253712980542332, 0.00016300582501571625, 0.00030080511351116, 9.02872925507836e-05, 3.437242776271887e-05, 1.1764644369804955e-07], "lowlevel.erbbands.mean": [0.42751577496528625, 4.271286487579346, 9.446511268615723, 6.217121601104736, 12.437067985534668, 13.266157150268555, 8.448546409606934, 14.932766914367676, 13.424616813659668, 13.57482624053955, 15.729229927062988, 24.66546630859375, 37.78697967529297, 138.9852294921875, 107.65912628173828, 77.32223510742188, 59.097129821777344, 43.50422668457031, 44.310821533203125, 32.552284240722656, 40.618282318115234, 28.77235984802246, 23.30105972290039, 23.957517623901367, 16.663047790527344, 12.766999244689941, 11.744098663330078, 8.250964164733887, 5.916677474975586, 4.931337833404541, 4.818477153778076, 3.7286245822906494, 2.1237246990203857, 1.0165027379989624, 0.471280962228775, 0.1901826113462448, 0.027833808213472366, 0.0012364443391561508, 6.266369018703699e-05, 6.134485738584772e-05], "lowlevel.erbbands.stdev": [0.657046914100647, 3.8203349113464355, 7.351689338684082, 6.558369159698486, 35.884605407714844, 40.57477951049805, 18.085336685180664, 42.357967376708984, 36.20512008666992, 21.354848861694336, 34.96707534790039, 47.5816764831543, 60.440189361572266, 304.3682861328125, 146.15054321289062, 119.84844970703125, 88.70602416992188, 43.51813507080078, 49.71760940551758, 42.273372650146484, 38.209896087646484, 19.398130416870117, 14.313383102416992, 15.417099952697754, 8.235051155090332, 6.780364990234375, 6.557767868041992, 5.047824382781982, 4.502072811126709, 4.100068092346191, 5.03818941116333, 7.558743000030518, 3.767021417617798, 1.2635737657546997, 0.5445692539215088, 0.23276770114898682, 0.04645543172955513, 0.00349358469247818, 7.481806824216619e-05, 2.534788836783264e-05], "lowlevel.gfcc.mean": [51.86225891113281, 88.04983520507812, -129.00245666503906, 45.119178771972656, -49.69218826293945, 42.225120544433594, -27.809326171875, 20.895347595214844, -25.023073196411133, 3.369373083114624, -12.93809700012207, 1.225865125656128, -8.579235076904297], "lowlevel.melbands.mean": [0.0044508581049740314, 0.005154188722372055, 0.0012459472054615617, 0.0010629029711708426, 0.00031675805803388357, 0.0003230891306884587, 0.00019680940022226423, 0.00015625952801201493, 0.0001328564976574853, 0.0001507116830907762, 0.00018404630827717483, 0.0005705778021365404, 0.00032544569694437087, 0.00027265705284662545, 0.00014672223187517375, 0.00011773361620726064, 7.619644020451233e-05, 7.1687602030579e-05, 4.840584733756259e-05, 4.766199708683416e-05, 4.5798475184710696e-05, 3.012313572980929e-05, 2.352850788156502e-05, 1.9410783352213912e-05, 1.97992139874259e-05, 1.3308340385265183e-05, 1.0202715202467516e-05, 7.961603841977194e-06, 7.350020950980252e-06, 6.502561063825851e-06, 4.1108887671725824e-06, 3.4133181543438695e-06, 2.760888719421928e-06, 2.7639312065730337e-06, 2.8294234653003514e-06, 2.465340230628499e-06, 2.291633563800133e-06, 1.5865471141296439e-06, 1.076756007023505e-06, 7.847956453588267e-07], "lowlevel.melbands.stdev": [0.005275319796055555, 0.003674651263281703, 0.0014874120242893696, 0.003283444559201598, 0.000680824276059866, 0.0008817391935735941, 0.0005209207884036005, 0.00024132074031513184, 0.0003008278727065772, 0.00028864137129858136, 0.00031908086384646595, 0.001291388995014131, 0.00044262854498811066, 0.0004094756441190839, 0.00022820645244792104, 0.00019160516967531294, 7.96088861534372e-05, 7.628829189343378e-05, 6.351398769766092e-05, 6.23084488324821e-05, 4.299896681914106e-05, 2.310178206244018e-05, 1.527032691228669e-05, 1.323572541878093e-05, 1.3811846656608395e-05, 7.354004083026666e-06, 5.583529855357483e-06, 4.725831786345225e-06, 4.250550318829482e-06, 4.168346549704438e-06, 2.7268383746559266e-06, 2.6841851195058553e-06, 2.5559945697750663e-06, 2.3396503365802346e-06, 2.8522381398943253e-06, 3.5512023259798298e-06, 5.446453542390373e-06, 3.0714147669641534e-06, 1.4861258250675746e-06, 9.872410373645835e-07], "lowlevel.melbands128.mean": [0.0005944358417764306, 0.002975727431476116, 0.005851978901773691, 0.0076851933263242245, 0.0059088971465826035, 0.0030196027364581823, 0.001183851738460362, 0.0006320566753856838, 0.0013486535754054785, 0.001500505255535245, 0.0005838391371071339, 0.00029548499151133, 0.00024835250223986804, 0.0003087992372456938, 0.000380187964765355, 0.0003163747605867684, 0.00021354173077270389, 0.00020792077702935785, 0.00012665764370467514, 0.00013545995170716196, 0.00020411289006005973, 0.0001223199797095731, 0.00011418871872592717, 0.00013921574281994253, 0.0001886523241410032, 0.00014305907825473696, 0.00010186545114265755, 0.000151135100168176, 0.00019333013915456831, 0.0007700989954173565, 0.000682407058775425, 0.0002264278446091339, 0.0002680828620214015, 0.0004478448536247015, 0.00033006779267452657, 0.00020504838903434575, 0.00019665149739012122, 0.00013345434854272753, 0.00012636231258511543, 0.00013882106577511877, 0.00012479914585128427, 7.603521225973964e-05, 6.683063111267984e-05, 9.203193621942773e-05, 5.7069970353040844e-05, 6.906779890414327e-05, 8.979018457466736e-05, 4.1551029426045716e-05, 3.5799999750452116e-05, 4.0199895011028275e-05, 4.454479494597763e-05, 6.340481922961771e-05, 5.1703304052352905e-05, 3.7688412703573704e-05, 3.1989267881726846e-05, 3.124072100035846e-05, 2.6872492526308633e-05, 2.481385126884561e-05, 2.1948952053207904e-05, 2.104074701492209e-05, 1.693273225100711e-05, 2.0501807739492506e-05, 2.296562524861656e-05, 1.96864075405756e-05, 1.4473224837274756e-05, 1.4088020179769956e-05, 1.1761431778722908e-05, 1.0214431313215755e-05, 1.0571078746579587e-05, 9.431083526578732e-06, 7.417337201331975e-06, 7.665244993404485e-06, 7.039723641355522e-06, 7.537427336501423e-06, 7.4067565947189e-06, 7.0543292167712934e-06, 5.954745574854314e-06, 4.939365226164227e-06, 3.856815965264104e-06, 3.1843871965975268e-06, 3.5556538477976574e-06, 3.555532657628646e-06, 3.059216169276624e-06, 2.628572701723897e-06, 2.477117959642783e-06, 2.8008621484332252e-06, 2.6877514756051823e-06, 3.0682583656016504e-06, 2.7310300083627226e-06, 2.909100430770195e-06, 2.543035179769504e-06, 2.472231244610157e-06, 2.0496677279879805e-06, 2.416546294625732e-06, 2.4209314233303303e-06, 1.7283913393839612e-06, 1.4292035075413878e-06, 1.3351200323086232e-06, 1.0770598919407348e-06, 9.852620905803633e-07, 8.056701972236624e-07, 8.198686600735527e-07, 6.448545377679693e-07, 6.091681257203163e-07, 4.420057848619763e-07, 5.304730734678742e-07, 4.5614200416821404e-07, 4.2318239934502344e-07, 3.340236389703932e-07, 2.545205290971353e-07, 1.7596322265944764e-07, 9.750249319040449e-08, 6.724805245994503e-08, 3.4161949713507056e-08, 1.5876608472353837e-08, 4.826795407808504e-09, 4.4476303195928324e-10, 1.0560064975240202e-11, 6.442042645854462e-12, 6.250704381177696e-12, 6.097708275809577e-12, 5.975731194596268e-12, 5.835734673276249e-12, 5.731190695634769e-12, 5.626944656750288e-12, 5.518188336828267e-12, 5.449923498601628e-12, 5.4166506349706545e-12], "lowlevel.melbands128.stdev": [0.0010338573483750224, 0.005662316456437111, 0.008046027272939682, 0.0064850966446101665, 0.004514419008046389, 0.002903970191255212, 0.001493564574047923, 0.0010710891801863909, 0.004100074525922537, 0.005081613548099995, 0.0019405430648475885, 0.000861614418681711, 0.0006434993119910359, 0.000936342345084995, 0.0012878727866336703, 0.0011839334620162845, 0.0007591721368953586, 0.000714244379196316, 0.00034850664087571204, 0.00026510271709412336, 0.00036425451980903745, 0.00033092565718106925, 0.0004245030868332833, 0.00042938769911415875, 0.00047708634519949555, 0.00032875765464268625, 0.0001851678389357403, 0.0004069883725605905, 0.0005638408474624157, 0.0019635220523923635, 0.001788488938473165, 0.0005850471206940711, 0.00046912708785384893, 0.0008890607859939337, 0.0006080636521801353, 0.00043798951082862914, 0.0004490776336751878, 0.00028096913592889905, 0.00021427783940453082, 0.0003499868034850806, 0.00025278900284320116, 0.0001138237930717878, 8.772225555730984e-05, 0.00013488343392964453, 6.0030863096471876e-05, 0.00010244862642139196, 0.00017891057359520346, 5.189099829294719e-05, 9.825487359194085e-05, 7.380469469353557e-05, 8.106307359412313e-05, 0.0001023814911604859, 5.868536027264781e-05, 4.183184137218632e-05, 3.43818828696385e-05, 3.472691241768189e-05, 2.1778956579510123e-05, 2.0626490368158557e-05, 1.9457693269941956e-05, 2.022924854827579e-05, 1.3953484085504897e-05, 2.026414585998282e-05, 2.2667834855383262e-05, 1.653806793910917e-05, 1.0917917279584799e-05, 1.0434025170980021e-05, 9.236344340024516e-06, 7.49816126699443e-06, 7.507961527153384e-06, 7.502765129174804e-06, 6.282915364863584e-06, 5.71811142435763e-06, 4.811727649212116e-06, 5.896100446989294e-06, 5.965491709503112e-06, 5.496511221281253e-06, 5.039996267441893e-06, 3.863149686367251e-06, 3.018875077032135e-06, 2.801994696710608e-06, 3.3356227504555136e-06, 3.2244013254967285e-06, 2.997037199747865e-06, 2.8182219011796406e-06, 2.8398110316629754e-06, 2.4755274807830574e-06, 2.3865277398726903e-06, 3.731100832737866e-06, 2.961737209261628e-06, 3.3916021493496373e-06, 3.3897067623911425e-06, 4.150983841100242e-06, 4.4648786570178345e-06, 6.580532499356195e-06, 6.044348992872983e-06, 3.7828101540071657e-06, 2.781170906018815e-06, 2.325244167877827e-06, 1.6582570196987945e-06, 1.2177551980130374e-06, 1.1193828868272249e-06, 1.1606367706917808e-06, 8.623362077742058e-07, 7.597460012220836e-07, 6.183570917528414e-07, 6.254141453609918e-07, 5.202708734941552e-07, 5.292984610605345e-07, 4.6738233550058794e-07, 3.692934171795059e-07, 2.6882239012593345e-07, 1.7896964266128634e-07, 1.7411478836493188e-07, 1.0421904050872399e-07, 6.676458497167914e-08, 4.771800377056934e-08, 4.8258197438144634e-09, 5.4847168473592944e-11, 9.007104957714507e-12, 8.765402466359706e-12, 8.548130085717087e-12, 8.356549827115423e-12, 8.18661805013221e-12, 8.043739285756857e-12, 7.924338268905373e-12, 7.828403723875166e-12, 7.758950600067482e-12, 7.716163645532514e-12], "lowlevel.mfcc.mean": [-581.9405517578125, 108.13571166992188, -8.149092674255371, 16.16859245300293, 10.336127281188965, 18.46919822692871, 16.025388717651367, 17.2039852142334, 6.34243631362915, 6.154778957366943, -0.14773857593536377, 5.505148410797119, 3.49672532081604], "lowlevel.spectral_contrast_coeffs.mean": [-0.7071651220321655, -0.7897725701332092, -0.7616191506385803, -0.806856632232666, -0.8107078671455383, -0.7599577903747559], "lowlevel.spectral_contrast_coeffs.stdev": [0.06466752290725708, 0.061674315482378006, 0.06535851210355759, 0.034689370542764664, 0.019869504496455193, 0.022080056369304657], "lowlevel.spectral_contrast_valleys.mean": [-6.346278190612793, -6.438808441162109, -6.412614345550537, -6.664073467254639, -6.74867057800293, -9.517868041992188], "lowlevel.spectral_contrast_valleys.stdev": [0.49153855443000793, 0.4157731533050537, 0.3704409599304199, 0.3146973252296448, 0.26390793919563293, 0.3830535113811493], "rhythm.beats_loudness_band_ratio.mean": [0.5956007838249207, 0.12831522524356842, 0.07857468724250793, 0.17410629987716675, 0.06877286732196808, 0.032115112990140915], "rhythm.beats_loudness_band_ratio.stdev": [0.17974953353405, 0.14640302956104279, 0.07076900452375412, 0.13882014155387878, 0.04503931477665901, 0.013886653818190098], "tonal.hpcp.mean": [0.2753911018371582, 0.34021151065826416, 0.17129752039909363, 0.061788544058799744, 0.040659043937921524, 0.035738784819841385, 0.03965994343161583, 0.03905176371335983, 0.05951590836048126, 0.12426909059286118, 0.16637183725833893, 0.12700369954109192, 0.0777924433350563, 0.062213391065597534, 0.07058872282505035, 0.1410605013370514, 0.20711037516593933, 0.15005938708782196, 0.06570973247289658, 0.039105650037527084, 0.03731433302164078, 0.04820144176483154, 0.06524548679590225, 0.09925663471221924, 0.2820436954498291, 0.3475382924079895, 0.17045967280864716, 0.08480846136808395, 0.077084481716156, 0.07375761866569519, 0.08505209535360336, 0.09746188670396805, 0.09767863899469376, 0.10242842882871628, 0.10420477390289307, 0.1192244365811348], "tonal.hpcp.stdev": [0.32947081327438354, 0.3742501437664032, 0.23926328122615814, 0.14663726091384888, 0.1184946745634079, 0.10689190775156021, 0.10745438188314438, 0.08820927888154984, 0.12590967118740082, 0.19015119969844818, 0.22680026292800903, 0.18246260285377502, 0.1525891125202179, 0.1233937069773674, 0.15697844326496124, 0.2409898191690445, 0.3270959258079529, 0.2411862164735794, 0.14448177814483643, 0.08636081218719482, 0.10002526640892029, 0.10751732438802719, 0.11536545306444168, 0.18936817348003387, 0.35957109928131104, 0.41171032190322876, 0.2516374886035919, 0.18789702653884888, 0.18511755764484406, 0.16858743131160736, 0.1873631477355957, 0.19649779796600342, 0.1941724717617035, 0.22731329500675201, 0.23128680884838104, 0.22298763692378998], "rhythm.beats_position": [0.40634921193122864, 0.8359183669090271, 1.2422676086425781, 1.6602267026901245, 2.0665760040283203, 2.461315155029297, 2.8908843994140625, 3.320453405380249, 3.7500226497650146, 4.179591655731201, 4.609160900115967, 5.038730144500732, 5.456689357757568, 5.886258602142334, 6.315827369689941, 6.745396614074707, 7.174965858459473, 7.604535102844238, 8.045714378356934, 8.4752836227417, 8.893242835998535, 9.311202049255371, 9.74077033996582, 10.170339584350586, 10.599908828735352, 11.029478073120117, 11.459047317504883, 11.888616561889648, 12.318185806274414, 12.74775505065918, 13.177324295043945, 13.606893539428711, 14.024852752685547, 14.442811965942383, 14.872380256652832, 15.301949501037598, 15.743128776550293, 16.172698974609375, 16.60226821899414, 17.043445587158203, 17.46140480041504, 17.890974044799805, 18.32054328918457, 18.750112533569336, 19.1796817779541, 19.609251022338867, 20.038820266723633, 20.4683895111084, 20.886348724365234, 21.31591796875, 21.745487213134766, 22.17505645751953, 22.593015670776367, 23.022584915161133, 23.4521541595459, 23.881723403930664, 24.31129264831543, 24.740861892700195, 25.17043113708496, 25.588390350341797, 26.017959594726562, 26.447526931762695, 26.88870620727539, 27.329885482788086], "rhythm.bpm_histogram": [0.0, 0.0, 0.0, 0.0, 0.0, 0.0, 0.0, 0.0, 0.0, 0.0, 0.0, 0.0, 0.0, 0.0, 0.0, 0.0, 0.0, 0.0, 0.0, 0.0, 0.0, 0.0, 0.0, 0.0, 0.0, 0.0, 0.0, 0.0, 0.0, 0.0, 0.0, 0.0, 0.0, 0.0, 0.0, 0.0, 0.0, 0.0, 0.0, 0.0, 0.0, 0.0, 0.0, 0.0, 0.0, 0.0, 0.0, 0.0, 0.0, 0.0, 0.0, 0.0, 0.0, 0.0, 0.0, 0.0, 0.0, 0.0, 0.0, 0.0, 0.0, 0.0, 0.0, 0.0, 0.0, 0.0, 0.0, 0.0, 0.0, 0.0, 0.0, 0.0, 0.0, 0.0, 0.0, 0.0, 0.0, 0.0, 0.0, 0.0, 0.0, 0.0, 0.0, 0.0, 0.0, 0.0, 0.0, 0.0, 0.0, 0.0, 0.0, 0.0, 0.0, 0.0, 0.0, 0.0, 0.0, 0.0, 0.0, 0.0, 0.0, 0.0, 0.0, 0.0, 0.0, 0.0, 0.0, 0.0, 0.0, 0.0, 0.0, 0.0, 0.0, 0.0, 0.0, 0.0, 0.0, 0.0, 0.0, 0.0, 0.0, 0.0, 0.0, 0.0, 0.0, 0.0, 0.0, 0.0, 0.0, 0.0, 0.0, 0.0, 0.0, 0.0, 0.0, 0.0, 0.0793650820851326, 0.0, 0.0, 0.0, 0.7142857313156128, 0.0, 0.0, 0.0, 0.1587301641702652, 0.0, 0.0, 0.0, 0.0317460335791111, 0.0, 0.0, 0.0, 0.01587301678955555, 0.0, 0.0, 0.0, 0.0, 0.0, 0.0, 0.0, 0.0, 0.0, 0.0, 0.0, 0.0, 0.0, 0.0, 0.0, 0.0, 0.0, 0.0, 0.0, 0.0, 0.0, 0.0, 0.0, 0.0, 0.0, 0.0, 0.0, 0.0, 0.0, 0.0, 0.0, 0.0, 0.0, 0.0, 0.0, 0.0, 0.0, 0.0, 0.0, 0.0, 0.0, 0.0, 0.0, 0.0, 0.0, 0.0, 0.0, 0.0, 0.0, 0.0, 0.0, 0.0, 0.0, 0.0, 0.0, 0.0, 0.0, 0.0, 0.0, 0.0, 0.0, 0.0, 0.0, 0.0, 0.0, 0.0, 0.0, 0.0, 0.0, 0.0, 0.0, 0.0, 0.0, 0.0, 0.0, 0.0, 0.0, 0.0, 0.0, 0.0, 0.0, 0.0, 0.0, 0.0, 0.0, 0.0, 0.0, 0.0, 0.0, 0.0, 0.0, 0.0, 0.0, 0.0, 0.0, 0.0, 0.0], "tonal.chords_histogram": [47.75374221801758, 10.149750709533691, 0.0, 0.0, 0.0, 0.0, 1.4975041151046753, 0.0, 0.0, 0.0, 0.0, 0.0, 0.0, 0.0, 0.0, 0.0, 0.0, 11.647254943847656, 0.0, 0.0, 0.0, 0.0, 0.0, 28.95174789428711], "tonal.thpcp": [1.0, 0.49047738313674927, 0.24402622878551483, 0.22180140018463135, 0.21222876012325287, 0.2447272688150406, 0.2804349660873413, 0.2810586392879486, 0.29472559690475464, 0.29983681440353394, 0.3430541157722473, 0.7924050688743591, 0.9789180755615234, 0.4928881824016571, 0.17778916656970978, 0.1169915497303009, 0.10283409059047699, 0.11411675810813904, 0.11236679553985596, 0.17124992609024048, 0.35756948590278625, 0.47871512174606323, 0.3654380142688751, 0.22383847832679749, 0.17901161313056946, 0.20311063528060913, 0.4058847725391388, 0.5959354043006897, 0.4317779839038849, 0.189071923494339, 0.11252184212207794, 0.10736754536628723, 0.1386938989162445, 0.18773610889911652, 0.28559914231300354, 0.8115471005439758], "lowlevel.gfcc.cov": [[634.9508666992188, -8.365399360656738, 58.46596145629883, 21.048429489135742, -48.22163772583008, -25.247312545776367, -76.28166961669922, -54.73141860961914, -51.62253189086914, -20.309457778930664, -21.007854461669922, 13.816813468933105, -8.460742950439453], [-8.365399360656738, 236.75331115722656, -4.545135498046875, 26.570085525512695, 6.85665225982666, -71.50005340576172, 3.0453124046325684, -34.53180694580078, 24.35755157470703, -24.752113342285156, 11.854838371276855, -20.96980857849121, 54.033992767333984], [58.46596145629883, -4.545135498046875, 173.76959228515625, 61.890625, -31.236717224121094, -53.74830627441406, -44.726558685302734, -15.334196090698242, -3.8893251419067383, 10.40993881225586, -19.308757781982422, 2.650686025619507, -8.445215225219727], [21.048429489135742, 26.570085525512695, 61.890625, 97.94832611083984, 20.834714889526367, -21.702253341674805, -13.889768600463867, -12.225360870361328, 17.628740310668945, 5.6498589515686035, -0.9738447666168213, -13.244906425476074, 4.181674957275391], [-48.22163772583008, 6.85665225982666, -31.236717224121094, 20.834714889526367, 117.78912353515625, 73.49746704101562, 69.1109619140625, 31.538164138793945, 22.726137161254883, 16.253114700317383, 22.951324462890625, 3.4669010639190674, 5.50125789642334], [-25.247312545776367, -71.50005340576172, -53.74830627441406, -21.702253341674805, 73.49746704101562, 137.8318328857422, 93.57046508789062, 42.14995574951172, 0.570904552936554, 11.118892669677734, 29.656211853027344, 2.7395803928375244, -15.09746265411377], [-76.28166961669922, 3.0453124046325684, -44.726558685302734, -13.889768600463867, 69.1109619140625, 93.57046508789062, 144.75648498535156, 71.84088897705078, 24.727218627929688, -0.08427342772483826, 13.77049732208252, -1.6118264198303223, 4.370018005371094], [-54.73141860961914, -34.53180694580078, -15.334196090698242, -12.225360870361328, 31.538164138793945, 42.14995574951172, 71.84088897705078, 106.89127349853516, 57.84565353393555, 22.033809661865234, 3.467494487762451, 6.755984306335449, 9.490524291992188], [-51.62253189086914, 24.35755157470703, -3.8893251419067383, 17.628740310668945, 22.726137161254883, 0.570904552936554, 24.727218627929688, 57.84565353393555, 89.8294448852539, 46.296417236328125, 20.47908592224121, -0.1919652819633484, 17.1479434967041], [-20.309457778930664, -24.752113342285156, 10.40993881225586, 5.6498589515686035, 16.253114700317383, 11.118892669677734, -0.08427342772483826, 22.033809661865234, 46.296417236328125, 88.66661834716797, 51.29203796386719, 19.54092025756836, -13.839595794677734], [-21.007854461669922, 11.854838371276855, -19.308757781982422, -0.9738447666168213, 22.951324462890625, 29.656211853027344, 13.77049732208252, 3.467494487762451, 20.47908592224121, 51.29203796386719, 88.60357666015625, 37.638248443603516, 14.130985260009766], [13.816813468933105, -20.96980857849121, 2.650686025619507, -13.244906425476074, 3.4669010639190674, 2.7395803928375244, -1.6118264198303223, 6.755984306335449, -0.1919652819633484, 19.54092025756836, 37.638248443603516, 57.384708404541016, 26.026926040649414], [-8.460742950439453, 54.033992767333984, -8.445215225219727, 4.181674957275391, 5.50125789642334, -15.09746265411377, 4.370018005371094, 9.490524291992188, 17.1479434967041, -13.839595794677734, 14.130985260009766, 26.026926040649414, 74.84691619873047]], "lowlevel.gfcc.icov": [[0.001963055459782481, -0.0014105945592746139, -7.770976662868634e-05, -0.0011532115750014782, 0.001295696827583015, -0.0026082033291459084, 0.0018971347017213702, -0.0006144819781184196, 0.0009814895456656814, -0.0005605247570201755, 0.0019296291284263134, -0.0025254369247704744, 0.0008270869147963822], [-0.0014105945592746139, 0.016589194536209106, -0.0014965736772865057, 0.005276481620967388, -0.007288229651749134, 0.018215861171483994, -0.011429741978645325, 0.010075661353766918, -0.006673295050859451, 0.0069761723279953, -0.013696960173547268, 0.016583960503339767, -0.009361551143229008], [-7.770976662868634e-05, -0.0014965736772865057, 0.010437934659421444, -0.008385376073420048, 0.003568977350369096, -0.00019223219715058804, 0.000847257615532726, -0.0026296137366443872, 0.003838194068521261, -0.004692866466939449, 0.005379263311624527, -0.005589612759649754, 0.0018817519303411245], [-0.0011532115750014782, 0.005276481620967388, -0.008385376073420048, 0.0217583067715168, -0.010106254369020462, 0.008797844871878624, -0.0030838041566312313, 0.006984143517911434, -0.007956488989293575, 0.005644264630973339, -0.008811413310468197, 0.012606700882315636, -0.004143143072724342], [0.001295696827583015, -0.007288229651749134, 0.003568977350369096, -0.010106254369020462, 0.02119801752269268, -0.01610708236694336, 0.001102933776564896, -0.0022861610632389784, 0.0013482436770573258, -0.00607951870188117, 0.009129883721470833, -0.010661093518137932, 0.0023443223908543587], [-0.0026082033291459084, 0.018215861171483994, -0.00019223219715058804, 0.008797844871878624, -0.01610708236694336, 0.04111131280660629, -0.020401231944561005, 0.006365669425576925, -0.0004698484262917191, 0.007501198910176754, -0.022168327122926712, 0.02170129120349884, -0.005964405834674835], [0.0018971347017213702, -0.011429741978645325, 0.000847257615532726, -0.0030838041566312313, 0.001102933776564896, -0.020401231944561005, 0.02715916931629181, -0.016454482451081276, 0.005152838304638863, 6.393694638973102e-05, 0.006669771391898394, -0.008714520372450352, 0.005640630144625902], [-0.0006144819781184196, 0.010075661353766918, -0.0026296137366443872, 0.006984143517911434, -0.0022861610632389784, 0.006365669425576925, -0.016454482451081276, 0.033679354935884476, -0.022794831544160843, 0.004365644417703152, 0.0007779386942274868, 0.0008473332272842526, -0.004299839027225971], [0.0009814895456656814, -0.006673295050859451, 0.003838194068521261, -0.007956488989293575, 0.0013482436770573258, -0.0004698484262917191, 0.005152838304638863, -0.022794831544160843, 0.040311120450496674, -0.022033268585801125, 0.0034769612830132246, 0.007185632828623056, -0.00826294720172882], [-0.0005605247570201755, 0.0069761723279953, -0.004692866466939449, 0.005644264630973339, -0.00607951870188117, 0.007501198910176754, 6.393694638973102e-05, 0.004365644417703152, -0.022033268585801125, 0.0386735275387764, -0.022162146866321564, -0.0004474185989238322, 0.011996805667877197], [0.0019296291284263134, -0.013696960173547268, 0.005379263311624527, -0.008811413310468197, 0.009129883721470833, -0.022168327122926712, 0.006669771391898394, 0.0007779386942274868, 0.0034769612830132246, -0.022162146866321564, 0.04238908737897873, -0.028580250218510628, 0.0026157423853874207], [-0.0025254369247704744, 0.016583960503339767, -0.005589612759649754, 0.012606700882315636, -0.010661093518137932, 0.02170129120349884, -0.008714520372450352, 0.0008473332272842526, 0.007185632828623056, -0.0004474185989238322, -0.028580250218510628, 0.05630772188305855, -0.02394384704530239], [0.0008270869147963822, -0.009361551143229008, 0.0018817519303411245, -0.004143143072724342, 0.0023443223908543587, -0.005964405834674835, 0.005640630144625902, -0.004299839027225971, -0.00826294720172882, 0.011996805667877197, 0.0026157423853874207, -0.02394384704530239, 0.031440384685993195]], "lowlevel.mfcc.cov": [[634.4940795898438, -17.785938262939453, 45.264530181884766, 4.136612892150879, 5.5490403175354, 3.3639590740203857, -32.642601013183594, -32.28413772583008, -49.35003662109375, -53.5294075012207, -32.28805160522461, -24.586048126220703, -21.597267150878906], [-17.785938262939453, 179.390625, -15.513094902038574, 41.66911697387695, -12.247852325439453, -16.45672607421875, -18.711111068725586, -13.079601287841797, 8.70028305053711, -9.926679611206055, -7.653186798095703, -24.356578826904297, -2.938281774520874], [45.264530181884766, -15.513094902038574, 174.47802734375, 68.65750885009766, -3.8413400650024414, -33.242958068847656, -58.3026237487793, -44.03709030151367, -27.037715911865234, -12.91787052154541, -16.68899917602539, -17.4666690826416, -19.69882583618164], [4.136612892150879, 41.66911697387695, 68.65750885009766, 125.44046783447266, 21.842002868652344, -15.918143272399902, -48.24961853027344, -27.813108444213867, 6.475070476531982, -1.1559756994247437, -3.651211738586426, -17.385408401489258, -6.343776226043701], [5.5490403175354, -12.247852325439453, -3.8413400650024414, 21.842002868652344, 64.20699310302734, 20.413280487060547, -2.5344934463500977, -7.541660785675049, -0.9134501218795776, 6.911509037017822, 2.9331605434417725, 10.352879524230957, 9.205337524414062], [3.3639590740203857, -16.45672607421875, -33.242958068847656, -15.918143272399902, 20.413280487060547, 83.56269836425781, 60.47499084472656, 12.945693016052246, -8.672921180725098, -1.4309628009796143, 19.226531982421875, 24.94001579284668, 9.164708137512207], [-32.642601013183594, -18.711111068725586, -58.3026237487793, -48.24961853027344, -2.5344934463500977, 60.47499084472656, 118.2328109741211, 62.116329193115234, 14.6738862991333, 7.46688985824585, 17.18920135498047, 29.698755264282227, 11.954129219055176], [-32.28413772583008, -13.079601287841797, -44.03709030151367, -27.813108444213867, -7.541660785675049, 12.945693016052246, 62.116329193115234, 88.48912048339844, 52.981754302978516, 24.860376358032227, 1.4510576725006104, 1.0096564292907715, -0.4621884822845459], [-49.35003662109375, 8.70028305053711, -27.037715911865234, 6.475070476531982, -0.9134501218795776, -8.672921180725098, 14.6738862991333, 52.981754302978516, 87.54790496826172, 51.26002502441406, 8.677338600158691, -5.872039794921875, -1.7253236770629883], [-53.5294075012207, -9.926679611206055, -12.91787052154541, -1.1559756994247437, 6.911509037017822, -1.4309628009796143, 7.46688985824585, 24.860376358032227, 51.26002502441406, 72.42442321777344, 33.28257751464844, 15.56155014038086, 6.032090187072754], [-32.28805160522461, -7.653186798095703, -16.68899917602539, -3.651211738586426, 2.9331605434417725, 19.226531982421875, 17.18920135498047, 1.4510576725006104, 8.677338600158691, 33.28257751464844, 65.63932037353516, 44.97843933105469, 18.690914154052734], [-24.586048126220703, -24.356578826904297, -17.4666690826416, -17.385408401489258, 10.352879524230957, 24.94001579284668, 29.698755264282227, 1.0096564292907715, -5.872039794921875, 15.56155014038086, 44.97843933105469, 85.19970703125, 48.02021026611328], [-21.597267150878906, -2.938281774520874, -19.69882583618164, -6.343776226043701, 9.205337524414062, 9.164708137512207, 11.954129219055176, -0.4621884822845459, -1.7253236770629883, 6.032090187072754, 18.690914154052734, 48.02021026611328, 62.16331481933594]], "lowlevel.mfcc.icov": [[0.0017568112816661596, 0.00012091993994545192, -0.0003372622304596007, 0.00030027105822227895, -0.0002322872751392424, -0.0006227465928532183, 0.0007971657323651016, -0.0003484094049781561, 0.00025833345716819167, 0.0010333150858059525, 0.00011471377365523949, 4.129605076741427e-05, 0.0003506799985188991], [0.00012091993994545192, 0.0074010067619383335, 0.002466360339894891, -0.0036283123772591352, 0.002341847401112318, 0.0010813148692250252, -0.0012071700766682625, 0.0026027353014796972, -0.001566029037348926, 0.0015137303853407502, -0.0006451650988310575, 0.0023906875867396593, -0.0012947232462465763], [-0.0003372622304596007, 0.002466360339894891, 0.010408293455839157, -0.006547345779836178, 0.0030863455031067133, 0.0019681460689753294, 0.0005830195732414722, 0.0014785793609917164, 0.0037513512652367353, -0.002865835791453719, 0.0032521772664040327, -0.0024255209136754274, 0.00305922981351614], [0.00030027105822227895, -0.0036283123772591352, -0.006547345779836178, 0.01570543833076954, -0.006244510877877474, -0.001748560112901032, 0.003476642305031419, 0.0009623252553865314, -0.006065275985747576, 0.0043830121867358685, -0.004077143035829067, 0.0027398522943258286, -0.001502378610894084], [-0.0002322872751392424, 0.002341847401112318, 0.0030863455031067133, -0.006244510877877474, 0.022047903388738632, -0.0076941740699112415, 0.003357770387083292, 0.0008138015400618315, 0.001994530437514186, -0.005688093136996031, 0.005901022348552942, -0.002789042890071869, -0.0014119510306045413], [-0.0006227465928532183, 0.0010813148692250252, 0.0019681460689753294, -0.001748560112901032, -0.0076941740699112415, 0.026608237996697426, -0.016681579872965813, 0.006354671902954578, 0.0011315930169075727, 0.00205757818184793, -0.004957342520356178, 0.0003755034995265305, 0.001783901359885931], [0.0007971657323651016, -0.0012071700766682625, 0.0005830195732414722, 0.003476642305031419, 0.003357770387083292, -0.016681579872965813, 0.0298386812210083, -0.01986953429877758, 0.004722595680505037, 0.0013721311697736382, 0.00016926982789300382, -0.0056284754537045956, 0.001130745280534029], [-0.0003484094049781561, 0.0026027353014796972, 0.0014785793609917164, 0.0009623252553865314, 0.0008138015400618315, 0.006354671902954578, -0.01986953429877758, 0.03684266656637192, -0.01956956833600998, 0.0017170776845887303, 0.0032055391930043697, 0.0021776529029011726, 0.00025043595815077424], [0.00025833345716819167, -0.001566029037348926, 0.0037513512652367353, -0.006065275985747576, 0.001994530437514186, 0.0011315930169075727, 0.004722595680505037, -0.01956956833600998, 0.03706228360533714, -0.022081730887293816, 0.004748400300741196, 0.001404058770276606, -0.0002712818968575448], [0.0010333150858059525, 0.0015137303853407502, -0.002865835791453719, 0.0043830121867358685, -0.005688093136996031, 0.00205757818184793, 0.0013721311697736382, 0.0017170776845887303, -0.022081730887293816, 0.037668704986572266, -0.017837228253483772, 0.0015589683316648006, 0.00014837473281659186], [0.00011471377365523949, -0.0006451650988310575, 0.0032521772664040327, -0.004077143035829067, 0.005901022348552942, -0.004957342520356178, 0.00016926982789300382, 0.0032055391930043697, 0.004748400300741196, -0.017837228253483772, 0.0363602377474308, -0.01849696971476078, 0.005690844263881445], [4.129605076741427e-05, 0.0023906875867396593, -0.0024255209136754274, 0.0027398522943258286, -0.002789042890071869, 0.0003755034995265305, -0.0056284754537045956, 0.0021776529029011726, 0.001404058770276606, 0.0015589683316648006, -0.01849696971476078, 0.03639336675405502, -0.021569522097706795], [0.0003506799985188991, -0.0012947232462465763, 0.00305922981351614, -0.001502378610894084, -0.0014119510306045413, 0.001783901359885931, 0.001130745280534029, 0.00025043595815077424, -0.0002712818968575448, 0.00014837473281659186, 0.005690844263881445, -0.021569522097706795, 0.03162302449345589]], "metadata.audio_properties.analysis.downmix": "mix", "metadata.audio_properties.codec": "mp3", "metadata.audio_properties.md5_encoded": "d2a772799cec01c05ccba7ab815c4ecd", "metadata.tags.file_name": "1182277224011944047.mp3", "metadata.version.essentia": "2.1-beta6-dev", "metadata.version.essentia_git_sha": "v2.1_beta5-1110-g77a6a954", "metadata.version.extractor": "music 2.0", "tonal.chords_key": "F", "tonal.chords_scale": "major", "tonal.key_edma.key": "D", "tonal.key_edma.scale": "minor", "tonal.key_krumhansl.key": "D", "tonal.key_krumhansl.scale": "minor", "tonal.key_temperley.key": "F", "tonal.key_temperley.scale": "major", "metadata.tags.encoding": ["Lavf58.45.100"]}, "essentia_models": [{"model_name": "genre_dortmund", "activations": {"alternative": "0.029385895", "blues": "0.0010867721", "electronic": "0.0009848467", "folkcountry": "0.0003539703", "funksoulrnb": "0.0017126048", "jazz": "0.0016179163", "pop": "0.00055783254", "raphiphop": "0.00020645767", "rock": "0.95813"}}, {"model_name": "genre_rosameri