{"song_id": "1182269408375210054", "download": "https://cdn.discordapp.com/attachments/1128313332273782784/1182269408375210054/chirp.mp4?ex=65841530&amp", "lyrics": "[Verse]\nSnowflakes falling from the sky\nPainting the world in white\nSilent whispers in the cold\nA moment frozen, untold\n\n[Chorus]\nWelcome changes, winter's here\nEmbracing warmth with hearts sincere\nIn this season, dreams take flight\nUnderneath the pale moonlight", "style": ["pop"], "essentia_features": {"lowlevel.average_loudness": 0.899020254611969, "lowlevel.barkbands_crest.mean": 14.573274612426758, "lowlevel.barkbands_crest.stdev": 4.378503322601318, "lowlevel.barkbands_flatness_db.mean": 0.3376496434211731, "lowlevel.barkbands_flatness_db.stdev": 0.07910347729921341, "lowlevel.barkbands_kurtosis.mean": 23.444204330444336, "lowlevel.barkbands_kurtosis.stdev": 27.364038467407227, "lowlevel.barkbands_skewness.mean": 2.592078447341919, "lowlevel.barkbands_skewness.stdev": 1.9520317316055298, "lowlevel.barkbands_spread.mean": 4.935117721557617, "lowlevel.barkbands_spread.stdev": 10.174674987792969, "lowlevel.dissonance.mean": 0.3365621268749237, "lowlevel.dissonance.stdev": 0.07245467603206635, "lowlevel.dynamic_complexity": 4.158487319946289, "lowlevel.erbbands_crest.mean": 16.43958282470703, "lowlevel.erbbands_crest.stdev": 4.8552165031433105, "lowlevel.erbbands_flatness_db.mean": 0.3050541579723358, "lowlevel.erbbands_flatness_db.stdev": 0.06609220802783966, "lowlevel.erbbands_kurtosis.mean": 13.124637603759766, "lowlevel.erbbands_kurtosis.stdev": 14.448802947998047, "lowlevel.erbbands_skewness.mean": 2.206951379776001, "lowlevel.erbbands_skewness.stdev": 1.5203744173049927, "lowlevel.erbbands_spread.mean": 14.045856475830078, "lowlevel.erbbands_spread.stdev": 21.883056640625, "lowlevel.hfc.mean": 9.256689071655273, "lowlevel.hfc.stdev": 8.079477310180664, "lowlevel.loudness_ebu128.integrated": -18.765851974487305, "lowlevel.loudness_ebu128.loudness_range": 5.666852951049805, "lowlevel.loudness_ebu128.momentary.mean": -20.584766387939453, "lowlevel.loudness_ebu128.momentary.stdev": 4.461425304412842, "lowlevel.loudness_ebu128.short_term.mean": -19.42123031616211, "lowlevel.loudness_ebu128.short_term.stdev": 1.9916404485702515, "lowlevel.melbands_crest.mean": 17.930830001831055, "lowlevel.melbands_crest.stdev": 5.23704719543457, "lowlevel.melbands_flatness_db.mean": 0.4189556837081909, "lowlevel.melbands_flatness_db.stdev": 0.09796418994665146, "lowlevel.melbands_kurtosis.mean": 22.981979370117188, "lowlevel.melbands_kurtosis.stdev": 28.748567581176758, "lowlevel.melbands_skewness.mean": 2.2951247692108154, "lowlevel.melbands_skewness.stdev": 2.036484718322754, "lowlevel.melbands_spread.mean": 5.02292013168335, "lowlevel.melbands_spread.stdev": 7.895781993865967, "lowlevel.pitch_salience.mean": 0.45920437574386597, "lowlevel.pitch_salience.stdev": 0.14040657877922058, "lowlevel.silence_rate_20dB.mean": 1.0, "lowlevel.silence_rate_20dB.stdev": 0.0, "lowlevel.silence_rate_30dB.mean": 1.0, "lowlevel.silence_rate_30dB.stdev": 0.0, "lowlevel.silence_rate_60dB.mean": 0.13049180805683136, "lowlevel.silence_rate_60dB.stdev": 0.33684444427490234, "lowlevel.spectral_centroid.mean": 417.8190612792969, "lowlevel.spectral_centroid.stdev": 254.84373474121094, "lowlevel.spectral_complexity.mean": 5.846557140350342, "lowlevel.spectral_complexity.stdev": 2.2820820808410645, "lowlevel.spectral_decrease.mean": -5.7540425757451885e-09, "lowlevel.spectral_decrease.stdev": 4.678986087469639e-09, "lowlevel.spectral_energy.mean": 0.02255667746067047, "lowlevel.spectral_energy.stdev": 0.018326373770833015, "lowlevel.spectral_energyband_high.mean": 8.477164374198765e-05, "lowlevel.spectral_energyband_high.stdev": 0.0002722657809499651, "lowlevel.spectral_energyband_low.mean": 0.0019642638508230448, "lowlevel.spectral_energyband_low.stdev": 0.002088583307340741, "lowlevel.spectral_energyband_middle_high.mean": 0.0009821455460041761, "lowlevel.spectral_energyband_middle_high.stdev": 0.002167952014133334, "lowlevel.spectral_energyband_middle_low.mean": 0.02046259678900242, "lowlevel.spectral_energyband_middle_low.stdev": 0.01703939214348793, "lowlevel.spectral_entropy.mean": 5.631516456604004, "lowlevel.spectral_entropy.stdev": 0.7975358963012695, "lowlevel.spectral_flux.mean": 0.031934455037117004, "lowlevel.spectral_flux.stdev": 0.029652684926986694, "lowlevel.spectral_kurtosis.mean": 36.13450241088867, "lowlevel.spectral_kurtosis.stdev": 37.719818115234375, "lowlevel.spectral_rms.mean": 0.004255393985658884, "lowlevel.spectral_rms.stdev": 0.0019743682350963354, "lowlevel.spectral_rolloff.mean": 623.236083984375, "lowlevel.spectral_rolloff.stdev": 1171.8658447265625, "lowlevel.spectral_skewness.mean": 4.561184406280518, "lowlevel.spectral_skewness.stdev": 2.3203094005584717, "lowlevel.spectral_spread.mean": 3443062.25, "lowlevel.spectral_spread.stdev": 2712846.5, "lowlevel.spectral_strongpeak.mean": 1.3013420104980469, "lowlevel.spectral_strongpeak.stdev": 0.920346200466156, "lowlevel.zerocrossingrate.mean": 0.02740330435335636, "lowlevel.zerocrossingrate.stdev": 0.03410689905285835, "metadata.audio_properties.analysis.equal_loudness": 0.0, "metadata.audio_properties.analysis.length": 35.37065887451172, "metadata.audio_properties.analysis.sample_rate": 44100.0, "metadata.audio_properties.analysis.start_time": 0.0, "metadata.audio_properties.bit_rate": 115439.0, "metadata.audio_properties.length": 35.37066650390625, "metadata.audio_properties.lossless": 0.0, "metadata.audio_properties.number_channels": 1.0, "metadata.audio_properties.replay_gain": -9.161258697509766, "metadata.audio_properties.sample_rate": 48000.0, "rhythm.beats_count": 69.0, "rhythm.beats_loudness.mean": 0.027329690754413605, "rhythm.beats_loudness.stdev": 0.019553540274500847, "rhythm.bpm": 115.43547058105469, "rhythm.bpm_histogram_first_peak_bpm": 115.0, "rhythm.bpm_histogram_first_peak_weight": 0.5, "rhythm.bpm_histogram_second_peak_bpm": 120.0, "rhythm.bpm_histogram_second_peak_spread": 0.3999999761581421, "rhythm.bpm_histogram_second_peak_weight": 0.13235294818878174, "rhythm.danceability": 0.9483359456062317, "rhythm.onset_rate": 2.515033006668091, "tonal.chords_changes_rate": 0.03931847959756851, "tonal.chords_number_rate": 0.010484928265213966, "tonal.chords_strength.mean": 0.5117194056510925, "tonal.chords_strength.stdev": 0.1051827222108841, "tonal.hpcp_crest.mean": 20.301807403564453, "tonal.hpcp_crest.stdev": 8.391544342041016, "tonal.hpcp_entropy.mean": 1.1684108972549438, "tonal.hpcp_entropy.stdev": 0.6066897511482239, "tonal.key_edma.strength": 0.6039361357688904, "tonal.key_krumhansl.strength": 0.5977333188056946, "tonal.key_temperley.strength": 0.5947211384773254, "tonal.tuning_diatonic_strength": 0.5521292686462402, "tonal.tuning_equal_tempered_deviation": 0.024164289236068726, "tonal.tuning_frequency": 438.98455810546875, "tonal.tuning_nontempered_energy_ratio": 0.5963369011878967, "lowlevel.barkbands.mean": [9.772988960321527e-07, 5.096706809126772e-05, 0.0010837805457413197, 0.001070612110197544, 0.005849440582096577, 0.006735010538250208, 0.003480681451037526, 0.002860588952898979, 0.0002408988366369158, 0.00043853087117895484, 0.00042772304732352495, 8.968199108494446e-05, 5.767959009972401e-05, 2.9930442906334065e-05, 1.4725121218361892e-05, 7.089279733918374e-06, 8.50144169817213e-06, 1.0368754374212585e-05, 1.0173213013331406e-05, 8.662252184876706e-06, 2.228552375527215e-06, 4.709728727902984e-06, 1.4404789908439852e-05, 2.942367245850619e-05, 2.5120551072177477e-05, 4.751424057758413e-06, 3.351507515958474e-08], "lowlevel.barkbands.stdev": [1.9652766241051722e-06, 0.00011964800069108605, 0.0012918416177853942, 0.0014779531629756093, 0.007084590848535299, 0.009166891686618328, 0.006598451174795628, 0.005838786251842976, 0.0008708196692168713, 0.0015172854764387012, 0.0014383145608007908, 0.0003516646975185722, 0.0003452490782365203, 0.0001579876261530444, 4.68718571937643e-05, 1.7622143786866218e-05, 2.606611087685451e-05, 2.8704074793495238e-05, 2.4943115931819193e-05, 4.225100201438181e-05, 1.3114164175931364e-05, 2.2585682017961517e-05, 5.018065348849632e-05, 9.817763202590868e-05, 0.00011240740423090756, 1.8209886547992937e-05, 1.4853587515517575e-07], "lowlevel.erbbands.mean": [0.0005599702126346529, 0.0312797948718071, 0.8295168280601501, 3.385096311569214, 5.529963970184326, 25.710847854614258, 35.8217658996582, 60.92443084716797, 55.95817947387695, 64.05840301513672, 40.398712158203125, 9.43259048461914, 12.200457572937012, 17.249752044677734, 11.394448280334473, 4.390450477600098, 2.66810941696167, 2.200932264328003, 0.9608607888221741, 0.5547044277191162, 0.41915249824523926, 0.4135010242462158, 0.565689206123352, 0.7128852009773254, 0.35683688521385193, 0.39066046476364136, 0.17288851737976074, 0.06880206614732742, 0.1400097906589508, 0.34799623489379883, 0.3876577317714691, 0.4678231477737427, 0.5618321299552917, 0.4103185534477234, 0.1063707172870636, 0.030627403408288956, 0.007060342933982611, 0.0006649658898822963, 2.5383202228113078e-05, 2.623505497467704e-05], "lowlevel.erbbands.stdev": [0.0008927414892241359, 0.052707333117723465, 1.035462737083435, 4.12508487701416, 6.295266151428223, 34.37652587890625, 55.39040756225586, 92.31444549560547, 86.66808319091797, 122.67759704589844, 104.80134582519531, 25.128896713256836, 42.48413848876953, 59.943424224853516, 33.32506561279297, 16.357690811157227, 14.266286849975586, 9.297212600708008, 2.9865031242370605, 1.5736331939697266, 0.9347325563430786, 1.2634146213531494, 1.7518757581710815, 1.7471210956573486, 1.0473860502243042, 1.7647355794906616, 1.1693581342697144, 0.37696701288223267, 0.6938982009887695, 1.5445802211761475, 1.2962182760238647, 1.5877900123596191, 1.9184024333953857, 1.7951269149780273, 0.4915793538093567, 0.13753215968608856, 0.023498093709349632, 0.0020364513620734215, 4.4471958972280845e-05, 2.0695188140962273e-05], "lowlevel.gfcc.mean": [-150.86265563964844, 142.93763732910156, -64.08025360107422, -14.461041450500488, -83.87232208251953, -12.293473243713379, -62.14656066894531, 0.6960561275482178, -35.92072677612305, -15.122065544128418, -3.8859665393829346, -15.39708137512207, -17.072690963745117], "lowlevel.melbands.mean": [7.614717560500139e-06, 0.000336457509547472, 0.0005484505672939122, 0.0011414379114285111, 0.0012630473356693983, 0.0013437303714454174, 0.0008486566948704422, 0.0007057276088744402, 0.0002690275723580271, 4.595550853991881e-05, 5.8569159591570497e-05, 6.624270463362336e-05, 4.2000079702120274e-05, 1.7056621800293215e-05, 4.772319698531646e-06, 7.220840871013934e-06, 3.69276199307933e-06, 1.511940240561671e-06, 9.17072327411006e-07, 6.300932113845192e-07, 4.836212497139059e-07, 4.61443420363139e-07, 4.347592152953439e-07, 5.203013415666646e-07, 6.206153670973436e-07, 2.2651643405424693e-07, 2.992503311816108e-07, 2.536791896545765e-07, 1.3539838050746766e-07, 4.78560160388497e-08, 3.5554933219827944e-08, 6.344210845554699e-08, 1.2108171176805627e-07, 2.3235998014570214e-07, 2.0223114916007034e-07, 2.6552095278020715e-07, 2.9717284633079544e-07, 3.8617409359176236e-07, 4.245897287091793e-07, 3.1978936476662057e-07], "lowlevel.melbands.stdev": [1.799025085347239e-05, 0.00038089367444626987, 0.0005628737271763384, 0.0014542692806571722, 0.0017387791303917766, 0.0019465695368126035, 0.0013536961050704122, 0.001346889417618513, 0.0007709719357080758, 0.00015637431351933628, 0.000215605236007832, 0.00024097268760669976, 0.00012494799739215523, 5.228416921454482e-05, 1.8688766431296244e-05, 4.743405224871822e-05, 1.880594209069386e-05, 5.465860340336803e-06, 3.2082396046462236e-06, 1.66375650678674e-06, 1.2379840654830332e-06, 1.6467112118334626e-06, 1.2801812090401654e-06, 1.421585920979851e-06, 1.6343595916623599e-06, 6.407901764760027e-07, 1.2173740060461569e-06, 1.3523259667636012e-06, 9.888285603665281e-07, 3.07377661101782e-07, 2.075874334650507e-07, 3.339463319207425e-07, 5.927075221734412e-07, 1.047896489581035e-06, 6.999990773692844e-07, 8.564500717511692e-07, 1.076545231626369e-06, 1.3438693713396788e-06, 1.6291506881316309e-06, 1.4751160506421002e-06], "lowlevel.melbands128.mean": [5.004005174669146e-07, 8.580450412409846e-07, 2.5540298338455614e-06, 3.474275945336558e-05, 0.00024199257313739508, 0.0006308649317361414, 0.0008103155414573848, 0.00036551884841173887, 0.00028104460216127336, 0.001362668233923614, 0.0015903280582278967, 0.0012495582923293114, 0.0012972382828593254, 0.0009877096163108945, 0.0015434743836522102, 0.001476337551139295, 0.001059322152286768, 0.000618434976786375, 0.0008083559805527329, 0.0006800792180001736, 0.0007788161165080965, 0.0003327961021568626, 0.0003083042101934552, 2.9574046493507922e-05, 4.1785948269534856e-05, 5.31142795807682e-05, 3.5132819903083146e-05, 9.257219062419608e-05, 3.0331810194184072e-05, 5.655784480040893e-05, 9.661257354309782e-05, 5.9800349845318124e-05, 2.128689993696753e-05, 5.5841836001491174e-05, 9.126727491093334e-06, 1.2979338862351142e-05, 1.3478018445312046e-05, 9.56127905737958e-07, 2.437308012304129e-06, 5.95415349380346e-06, 1.2067483112332411e-05, 1.712920266072615e-06, 3.960111826017965e-06, 5.108449840918183e-06, 7.537540227531281e-07, 1.4478238199444604e-06, 1.433978241038858e-06, 8.608603820903227e-07, 7.240161039590021e-07, 6.39694349047204e-07, 7.621953272973769e-07, 4.7138954073489003e-07, 2.9711591764680634e-07, 5.694172955372778e-07, 7.2822859920052e-07, 4.147216543515242e-07, 2.255643067883284e-07, 4.4965364054405654e-07, 4.004141374025494e-07, 6.753561478944903e-07, 4.243239573042956e-07, 4.715456043413724e-07, 8.141064427036326e-07, 7.053722015371022e-07, 2.3953700178935833e-07, 1.897789019267293e-07, 2.217170447238459e-07, 2.2055496629036497e-07, 3.894848248364724e-07, 3.217555502033065e-07, 1.8985039673680149e-07, 2.873871096653602e-07, 2.0170038794731227e-07, 9.285435709216472e-08, 7.534313795076741e-08, 5.2363620994810844e-08, 3.5749792459682794e-08, 2.48641534028593e-08, 4.05272650993993e-08, 3.740830578635723e-08, 5.042836548341256e-08, 8.20309296045707e-08, 8.079729951759873e-08, 1.2259073400855414e-07, 1.5050348167733318e-07, 2.0983156900911126e-07, 2.8162980925117154e-07, 2.3271888949238928e-07, 1.6059730967299402e-07, 2.0553613921947544e-07, 2.749152656633669e-07, 2.7744133035412233e-07, 2.6767770577862393e-07, 2.430834058486653e-07, 3.518331652685447e-07, 4.124505608160689e-07, 3.546543041466066e-07, 4.092557617241255e-07, 4.5524359393311897e-07, 3.941655677408562e-07, 4.434169795786147e-07, 2.9391543421297683e-07, 2.1323374710391363e-07, 1.2859086950811616e-07, 8.61495266235579e-08, 9.706972292633509e-08, 8.047754107565197e-08, 6.983768230384158e-08, 4.975256473471745e-08, 3.2595501409105054e-08, 2.3988514286088503e-08, 2.8362606485643482e-08, 2.348015648578894e-08, 1.4677376647398432e-08, 1.2321550002525328e-08, 6.428492405063935e-09, 1.565343965559407e-09, 7.209561420085109e-11, 3.4131582109242498e-12, 3.321210060441837e-12, 3.2383267074831412e-12, 3.169768700989062e-12, 3.117955329687283e-12, 3.051387051020149e-12, 2.958987655593548e-12, 2.8233051747178495e-12, 2.745713595722621e-12, 2.7230262315824927e-12], "lowlevel.melbands128.stdev": [9.990951639338164e-07, 2.198326455982169e-06, 9.973515261663124e-06, 8.130181231535971e-05, 0.0004501720250118524, 0.0007282369188033044, 0.0010738782584667206, 0.0004869957047048956, 0.0003731495526153594, 0.0019535343162715435, 0.0024241849314421415, 0.0022744324523955584, 0.002549005439504981, 0.0018941954476758838, 0.0030425437726080418, 0.0026234921533614397, 0.0022512723226100206, 0.0014550474006682634, 0.002363902982324362, 0.0014976377133280039, 0.0018038073321804404, 0.001022928743623197, 0.0012269417056813836, 0.00013630223111249506, 0.00015892382361926138, 0.000285204965621233, 0.00014559435658156872, 0.00039208860835060477, 0.00022173271281644702, 0.0003458791761659086, 0.00040052164695225656, 0.0002860116946976632, 7.865815132390708e-05, 0.00021629153343383223, 4.9873000534716994e-05, 6.281462265178561e-05, 7.075013854773715e-05, 4.03858666686574e-06, 1.3223953828855883e-05, 3.8751175452489406e-05, 8.80648658494465e-05, 7.788395123498049e-06, 2.7468853659229353e-05, 2.9841936338925734e-05, 5.627279733744217e-06, 6.947496785869589e-06, 6.08515074418392e-06, 4.46420426669647e-06, 3.7705526665376965e-06, 2.8918245789100183e-06, 2.6468719624972437e-06, 1.3729548982155393e-06, 1.1783376976381987e-06, 1.994614422073937e-06, 2.632956238812767e-06, 2.679960061868769e-06, 7.991584425326437e-07, 1.820577836042503e-06, 1.1779554824897787e-06, 3.973579168814467e-06, 1.2962370874447515e-06, 1.6071815025497926e-06, 2.4682578896317864e-06, 2.2489366529043764e-06, 8.911827080737567e-07, 7.922537292870402e-07, 6.371650442815735e-07, 7.911110628811002e-07, 2.3315978978644125e-06, 1.219271325680893e-06, 8.760788432482514e-07, 2.2485971840069396e-06, 1.8198554698756197e-06, 4.836205107494607e-07, 6.592226782231592e-07, 3.490094115932152e-07, 2.0523427224361512e-07, 1.4207543586053362e-07, 2.8513628080872877e-07, 2.2504067942463735e-07, 3.052079193821555e-07, 4.4748108507519646e-07, 5.642415885631635e-07, 6.164113415252359e-07, 8.146687378030038e-07, 1.138489324148395e-06, 1.266623939955025e-06, 9.610765800971421e-07, 5.609472282230854e-07, 7.418055361085862e-07, 9.58512032411818e-07, 8.907051096684881e-07, 9.26895950215112e-07, 1.07237769952917e-06, 1.3376777587836841e-06, 1.5769273886689916e-06, 1.304583406636084e-06, 1.6186999118872336e-06, 1.6500364381499821e-06, 1.9004365867658635e-06, 2.4399337235081475e-06, 1.2277138239369378e-06, 1.1197216736036353e-06, 6.826705316598236e-07, 4.216480817831325e-07, 5.732493946197792e-07, 4.435259768342803e-07, 3.705168580836471e-07, 2.1721558596254908e-07, 1.39473584681582e-07, 1.1531886201510133e-07, 1.108402472027592e-07, 7.797726908620461e-08, 4.4920803077275195e-08, 4.4561918599583805e-08, 2.428251555386396e-08, 6.379312189608299e-09, 6.251568152038089e-10, 5.998585309030524e-12, 5.835565971418211e-12, 5.699464771663498e-12, 5.5731218251420245e-12, 5.459365598481369e-12, 5.36467354914083e-12, 5.288621103549662e-12, 5.2244241918741885e-12, 5.178036818764831e-12, 5.149595593695322e-12], "lowlevel.mfcc.mean": [-820.3035278320312, 186.65469360351562, 52.24795150756836, -4.002943515777588, 2.212038040161133, -33.92563247680664, -10.116774559020996, -14.048989295959473, -31.01217269897461, -5.495007514953613, -14.38054084777832, -8.631355285644531, -3.586277961730957], "lowlevel.spectral_contrast_coeffs.mean": [-0.5352461338043213, -0.5963035225868225, -0.7133305668830872, -0.8102087378501892, -0.811107337474823, -0.8341033458709717], "lowlevel.spectral_contrast_coeffs.stdev": [0.06944124400615692, 0.09984652698040009, 0.07524381577968597, 0.054855309426784515, 0.0506821870803833, 0.041785698384046555], "lowlevel.spectral_contrast_valleys.mean": [-8.109087944030762, -7.721158504486084, -9.17741584777832, -9.891425132751465, -10.122942924499512, -12.163013458251953], "lowlevel.spectral_contrast_valleys.stdev": [1.056077480316162, 0.959044873714447, 1.0173101425170898, 1.0743582248687744, 1.2290711402893066, 1.363968014717102], "rhythm.beats_loudness_band_ratio.mean": [0.201135516166687, 0.5100875496864319, 0.3176313638687134, 0.04229786992073059, 0.0018804053543135524, 0.008449284359812737], "rhythm.beats_loudness_band_ratio.stdev": [0.2597997486591339, 0.29945093393325806, 0.25119253993034363, 0.09014324098825455, 0.002938733668997884, 0.044258322566747665], "tonal.hpcp.mean": [0.24685914814472198, 0.15973059833049774, 0.06659720093011856, 0.17807823419570923, 0.11896947026252747, 0.006960428319871426, 0.00392384035512805, 0.004660615231841803, 0.1429736465215683, 0.2799820303916931, 0.1486278921365738, 0.010161885991692543, 0.0034808709751814604, 0.008344324305653572, 0.2215925008058548, 0.3785107731819153, 0.1709144115447998, 0.00882780086249113, 0.002158303279429674, 0.0043151285499334335, 0.036034468561410904, 0.05966449901461601, 0.02953287959098816, 0.09360679984092712, 0.19871117174625397, 0.1111387312412262, 0.004109347704797983, 0.0017706785583868623, 0.0024375247303396463, 0.08799512684345245, 0.19764873385429382, 0.11747632920742035, 0.008098069578409195, 0.00592252379283309, 0.0077930623665452, 0.09331600368022919], "tonal.hpcp.stdev": [0.381014883518219, 0.2499660849571228, 0.13591371476650238, 0.3411082625389099, 0.23841935396194458, 0.052452292293310165, 0.04267342761158943, 0.033190175890922546, 0.20596647262573242, 0.37071239948272705, 0.21680322289466858, 0.07291664928197861, 0.044283002614974976, 0.06550639867782593, 0.2810399532318115, 0.42931774258613586, 0.22329826653003693, 0.06935858726501465, 0.020673463121056557, 0.051297176629304886, 0.14140446484088898, 0.2170337438583374, 0.1172356978058815, 0.16446544229984283, 0.32234910130500793, 0.19177734851837158, 0.030263295397162437, 0.023576412349939346, 0.026313932612538338, 0.17041097581386566, 0.3389260768890381, 0.2225402295589447, 0.05762051045894623, 0.061099614948034286, 0.06913261115550995, 0.15295571088790894], "rhythm.beats_position": [0.42956915497779846, 0.8707482814788818, 1.3235373497009277, 1.7763265371322632, 2.2291154861450195, 2.705124616622925, 3.1579136848449707, 3.599092960357666, 4.0634918212890625, 4.527891159057617, 4.992290019989014, 5.445079326629639, 5.909478187561035, 6.408707141876221, 6.9079365730285645, 7.40716552734375, 7.918004512786865, 8.42884349822998, 8.916461944580078, 9.404081344604492, 9.891700744628906, 10.379319190979004, 10.878548622131348, 11.377777099609375, 11.865396499633789, 12.341405868530273, 12.829024314880371, 13.328253746032715, 13.827483177185059, 14.326711654663086, 14.83755111694336, 15.290339469909668, 15.754738807678223, 16.20752716064453, 16.660316467285156, 17.12471580505371, 17.589115142822266, 18.11156463623047, 18.622404098510742, 19.144851684570312, 19.655691146850586, 20.16653060913086, 20.677370071411133, 21.199817657470703, 21.699047088623047, 22.22149658203125, 22.732336044311523, 23.254783630371094, 23.777233123779297, 24.2996826171875, 24.82213020324707, 25.344579696655273, 25.867029190063477, 26.40108871459961, 26.92353630065918, 27.457595825195312, 27.968435287475586, 28.537322998046875, 29.106212615966797, 29.65188217163086, 30.20915985107422, 30.76643943786621, 31.323719024658203, 31.880996704101562, 32.43827438354492, 32.99555587768555, 33.576053619384766, 34.156551361083984, 34.725440979003906], "rhythm.bpm_histogram": [0.0, 0.0, 0.0, 0.0, 0.0, 0.0, 0.0, 0.0, 0.0, 0.0, 0.0, 0.0, 0.0, 0.0, 0.0, 0.0, 0.0, 0.0, 0.0, 0.0, 0.0, 0.0, 0.0, 0.0, 0.0, 0.0, 0.0, 0.0, 0.0, 0.0, 0.0, 0.0, 0.0, 0.0, 0.0, 0.0, 0.0, 0.0, 0.0, 0.0, 0.0, 0.0, 0.0, 0.0, 0.0, 0.0, 0.0, 0.0, 0.0, 0.0, 0.0, 0.0, 0.0, 0.0, 0.0, 0.0, 0.0, 0.0, 0.0, 0.0, 0.0, 0.0, 0.0, 0.0, 0.0, 0.0, 0.0, 0.0, 0.0, 0.0, 0.0, 0.0, 0.0, 0.0, 0.0, 0.0, 0.0, 0.0, 0.0, 0.0, 0.0, 0.0, 0.0, 0.0, 0.0, 0.0, 0.0, 0.0, 0.0, 0.0, 0.0, 0.0, 0.0, 0.0, 0.0, 0.0, 0.0, 0.0, 0.0, 0.0, 0.0, 0.0, 0.0, 0.029411764815449715, 0.0, 0.04411764815449715, 0.0, 0.0, 0.0882352963089943, 0.0, 0.014705882407724857, 0.0, 0.029411764815449715, 0.0, 0.0, 0.1617647111415863, 0.0, 0.13235294818878174, 0.0, 0.0, 0.13235294818878174, 0.0, 0.0, 0.0882352963089943, 0.0, 0.0, 0.029411764815449715, 0.0, 0.0, 0.10294117778539658, 0.0, 0.0, 0.0, 0.11764705926179886, 0.0, 0.0, 0.029411764815449715, 0.0, 0.0, 0.0, 0.0, 0.0, 0.0, 0.0, 0.0, 0.0, 0.0, 0.0, 0.0, 0.0, 0.0, 0.0, 0.0, 0.0, 0.0, 0.0, 0.0, 0.0, 0.0, 0.0, 0.0, 0.0, 0.0, 0.0, 0.0, 0.0, 0.0, 0.0, 0.0, 0.0, 0.0, 0.0, 0.0, 0.0, 0.0, 0.0, 0.0, 0.0, 0.0, 0.0, 0.0, 0.0, 0.0, 0.0, 0.0, 0.0, 0.0, 0.0, 0.0, 0.0, 0.0, 0.0, 0.0, 0.0, 0.0, 0.0, 0.0, 0.0, 0.0, 0.0, 0.0, 0.0, 0.0, 0.0, 0.0, 0.0, 0.0, 0.0, 0.0, 0.0, 0.0, 0.0, 0.0, 0.0, 0.0, 0.0, 0.0, 0.0, 0.0, 0.0, 0.0, 0.0, 0.0, 0.0, 0.0, 0.0, 0.0, 0.0, 0.0, 0.0, 0.0, 0.0, 0.0, 0.0, 0.0, 0.0, 0.0, 0.0, 0.0, 0.0, 0.0, 0.0, 0.0, 0.0, 0.0, 0.0, 0.0, 0.0, 0.0, 0.0], "tonal.chords_histogram": [28.17824363708496, 9.305373191833496, 13.630406379699707, 0.0, 0.0, 0.0, 2.3591086864471436, 0.0, 0.0, 0.0, 0.0, 0.0, 0.0, 0.0, 0.0, 0.0, 0.0, 0.0, 0.0, 4.193971157073975, 0.0, 10.615989685058594, 28.702489852905273, 3.0144166946411133], "tonal.thpcp": [1.0, 0.4515443742275238, 0.0233224555850029, 0.005702091846615076, 0.011400279588997364, 0.09520064294338226, 0.15762959420681, 0.07802388072013855, 0.24730287492275238, 0.5249815583229065, 0.2936210632324219, 0.010856620036065578, 0.004678013734519482, 0.006439776159822941, 0.23247720301151276, 0.5221746563911438, 0.3103645443916321, 0.021394554525613785, 0.015646910294890404, 0.020588746294379234, 0.24653460085391998, 0.6521852612495422, 0.4219974875450134, 0.17594532668590546, 0.47047072649002075, 0.31430932879447937, 0.018388982862234116, 0.010366522707045078, 0.01231303159147501, 0.3777267634868622, 0.7396937012672424, 0.3926648795604706, 0.02684701979160309, 0.009196227416396141, 0.022045142948627472, 0.5854324698448181], "lowlevel.gfcc.cov": [[11164.8701171875, -2661.578125, -1382.2861328125, 109.029541015625, -1074.1783447265625, 108.20148468017578, -1290.1727294921875, 732.4198608398438, -388.2227783203125, 605.618408203125, 759.1680908203125, 458.5657043457031, 217.8357696533203], [-2661.578125, 2333.859130859375, 282.3372802734375, -408.04327392578125, 645.9868774414062, -247.90733337402344, 451.41412353515625, -296.99908447265625, 90.51072692871094, -416.55548095703125, -7.901235103607178, -240.4852294921875, 79.45035552978516], [-1382.2861328125, 282.3372802734375, 1091.42822265625, 406.6055908203125, 26.672962188720703, 16.486310958862305, 76.07886505126953, -110.68074035644531, 17.498098373413086, -130.85455322265625, -241.8663330078125, -19.37757682800293, 5.734997272491455], [109.029541015625, -408.04327392578125, 406.6055908203125, 806.8092041015625, 17.484834671020508, 29.12409210205078, -114.30245208740234, -3.388148784637451, 66.09439849853516, -23.158456802368164, -154.60792541503906, 58.98551940917969, 54.97159957885742], [-1074.1783447265625, 645.9868774414062, 26.672962188720703, 17.484834671020508, 522.6436767578125, 16.879417419433594, 167.28762817382812, -9.441089630126953, 66.29346466064453, -160.15333557128906, -51.11599349975586, -80.72817993164062, -41.025390625], [108.20148468017578, -247.90733337402344, 16.486310958862305, 29.12409210205078, 16.879417419433594, 256.45684814453125, 63.1588020324707, 20.309518814086914, -9.663857460021973, 27.444482803344727, -41.726173400878906, -6.2579522132873535, -82.39044952392578], [-1290.1727294921875, 451.41412353515625, 76.07886505126953, -114.30245208740234, 167.28762817382812, 63.1588020324707, 375.5189208984375, -92.66166687011719, -0.9959407448768616, -81.6451644897461, -77.89009857177734, -62.402862548828125, -69.2593994140625], [732.4198608398438, -296.99908447265625, -110.68074035644531, -3.388148784637451, -9.441089630126953, 20.309518814086914, -92.66166687011719, 256.45281982421875, 19.70779800415039, 24.05878257751465, 32.14291763305664, 15.020711898803711, -19.8867130279541], [-388.2227783203125, 90.51072692871094, 17.498098373413086, 66.09439849853516, 66.29346466064453, -9.663857460021973, -0.9959407448768616, 19.70779800415039, 168.09820556640625, -5.047986030578613, -59.105384826660156, -34.2374267578125, -14.836392402648926], [605.618408203125, -416.55548095703125, -130.85455322265625, -23.158456802368164, -160.15333557128906, 27.444482803344727, -81.6451644897461, 24.05878257751465, -5.047986030578613, 189.2130126953125, 58.27641677856445, 42.51396560668945, -22.092947006225586], [759.1680908203125, -7.901235103607178, -241.8663330078125, -154.60792541503906, -51.11599349975586, -41.726173400878906, -77.89009857177734, 32.14291763305664, -59.105384826660156, 58.27641677856445, 200.7701416015625, 27.693700790405273, 32.810054779052734], [458.5657043457031, -240.4852294921875, -19.37757682800293, 58.98551940917969, -80.72817993164062, -6.2579522132873535, -62.402862548828125, 15.020711898803711, -34.2374267578125, 42.51396560668945, 27.693700790405273, 141.5119171142578, 47.73834228515625], [217.8357696533203, 79.45035552978516, 5.734997272491455, 54.97159957885742, -41.025390625, -82.39044952392578, -69.2593994140625, -19.8867130279541, -14.836392402648926, -22.092947006225586, 32.810054779052734, 47.73834228515625, 153.5064239501953]], "lowlevel.gfcc.icov": [[0.00039811318856664, -0.0005246780347079039, 0.0005098478868603706, -0.0005341077921912074, 0.0007390090031549335, -0.0007517934427596629, 0.0010699500562623143, -0.0009954400593414903, 0.0009548866655677557, -0.0005625119665637612, -0.00023752593551762402, -0.0005662867915816605, 0.00026481825625523925], [-0.0005246780347079039, 0.004513734485954046, -0.002144201658666134, 0.0027450521010905504, -0.0036497805267572403, 0.003211272181943059, -0.0035004059318453074, 0.004014132544398308, -0.003889498533681035, 0.004664765205234289, -0.0030480832792818546, 0.0032448009587824345, -0.00286784116178751], [0.0005098478868603706, -0.002144201658666134, 0.002755178138613701, -0.002051582792773843, 0.0022776389960199594, -0.0016855852445587516, 0.0021031394135206938, -0.0019468823447823524, 0.002665245672687888, -0.0014807067345827818, 0.002274200553074479, -0.0015526189235970378, 0.0014599687419831753], [-0.0005341077921912074, 0.0027450521010905504, -0.002051582792773843, 0.003870002692565322, -0.0028683815617114305, 0.0017635044641792774, -0.0016190336318686604, 0.0028011424001306295, -0.003070942359045148, 0.002464290941134095, -0.00020209186186548322, 0.0013213829370215535, -0.0024695941247045994], [0.0007390090031549335, -0.0036497805267572403, 0.0022776389960199594, -0.0028683815617114305, 0.0065427133813500404, -0.0030901648569852114, 0.0024048141203820705, -0.003873865120112896, 0.0023799785412847996, -0.0010122160892933607, 0.0009943046607077122, -0.0023708022199571133, 0.0030646815430372953], [-0.0007517934427596629, 0.003211272181943059, -0.0016855852445587516, 0.0017635044641792774, -0.0030901648569852114, 0.007933247834444046, -0.0039842939004302025, 0.0029196494724601507, -0.00233667460270226, 0.0023551282938569784, -0.0005912754568271339, 0.0021498273126780987, 0.00041985567077063024], [0.0010699500562623143, -0.0035004059318453074, 0.0021031394135206938, -0.0016190336318686604, 0.0024048141203820705, -0.0039842939004302025, 0.008612739853560925, -0.0027173177804797888, 0.004545014351606369, -0.0029253598768264055, 0.0027226789388805628, -0.002782507799565792, 0.0031343488954007626], [-0.0009954400593414903, 0.004014132544398308, -0.0019468823447823524, 0.0028011424001306295, -0.003873865120112896, 0.0029196494724601507, -0.0027173177804797888, 0.00919333565980196, -0.004967717453837395, 0.004799953196197748, -0.0021808412857353687, 0.0025510406121611595, -0.0012151721166446805], [0.0009548866655677557, -0.003889498533681035, 0.002665245672687888, -0.003070942359045148, 0.0023799785412847996, -0.00233667460270226, 0.004545014351606369, -0.004967717453837395, 0.012187927030026913, -0.0058550057001411915, 0.004871745128184557, -0.001235885894857347, 0.0021255379542708397], [-0.0005625119665637612, 0.004664765205234289, -0.0014807067345827818, 0.002464290941134095, -0.0010122160892933607, 0.0023551282938569784, -0.0029253598768264055, 0.004799953196197748, -0.0058550057001411915, 0.014795606955885887, -0.005484230816364288, 0.0014085170114412904, 0.00014991535863373429], [-0.00023752593551762402, -0.0030480832792818546, 0.002274200553074479, -0.00020209186186548322, 0.0009943046607077122, -0.0005912754568271339, 0.0027226789388805628, -0.0021808412857353687, 0.004871745128184557, -0.005484230816364288, 0.013121047988533974, -0.0018687616102397442, 0.0002546013565734029], [-0.0005662867915816605, 0.0032448009587824345, -0.0015526189235970378, 0.0013213829370215535, -0.0023708022199571133, 0.0021498273126780987, -0.002782507799565792, 0.0025510406121611595, -0.001235885894857347, 0.0014085170114412904, -0.0018687616102397442, 0.012233356945216656, -0.005017392337322235], [0.00026481825625523925, -0.00286784116178751, 0.0014599687419831753, -0.0024695941247045994, 0.0030646815430372953, 0.00041985567077063024, 0.0031343488954007626, -0.0012151721166446805, 0.0021255379542708397, 0.00014991535863373429, 0.0002546013565734029, -0.005017392337322235, 0.01248679868876934]], "lowlevel.mfcc.cov": [[11062.1669921875, -2636.713134765625, -753.5161743164062, -550.8270874023438, 525.3177490234375, -1098.9151611328125, -52.93732452392578, -455.92608642578125, -831.3379516601562, 358.3451843261719, -366.34912109375, 171.5882568359375, 979.283447265625], [-2636.713134765625, 2506.581787109375, -234.40542602539062, -110.62220764160156, -59.484195709228516, 46.41815948486328, 155.06785583496094, 150.97291564941406, 44.266761779785156, -131.10609436035156, 10.202920913696289, -98.5453872680664, -280.9154357910156], [-753.5161743164062, -234.40542602539062, 889.0186767578125, 315.97076416015625, -30.462173461914062, 186.15679931640625, -72.19949340820312, 29.601110458374023, 107.95899963378906, -58.67611312866211, -53.789432525634766, -93.4898681640625, -45.790775299072266], [-550.8270874023438, -110.62220764160156, 315.97076416015625, 575.8432006835938, 120.90763092041016, 133.7278289794922, -65.07936096191406, 62.037620544433594, 138.79551696777344, -104.023681640625, -24.38311004638672, -27.049123764038086, -52.787261962890625], [525.3177490234375, -59.484195709228516, -30.462173461914062, 120.90763092041016, 433.5265808105469, -116.67301177978516, -17.51185417175293, 48.17216873168945, 16.10242462158203, 36.82588577270508, -59.37984085083008, 20.281126022338867, 50.60647964477539], [-1098.9151611328125, 46.41815948486328, 186.15679931640625, 133.7278289794922, -116.67301177978516, 452.8543395996094, 25.635845184326172, 59.13105773925781, 136.8700714111328, -90.29966735839844, 92.11753845214844, -31.501888275146484, -163.69509887695312], [-52.93732452392578, 155.06785583496094, -72.19949340820312, -65.07936096191406, -17.51185417175293, 25.635845184326172, 240.991943359375, 57.85557556152344, -46.13444137573242, 24.638212203979492, 18.6104736328125, -6.964987754821777, -54.847076416015625], [-455.92608642578125, 150.97291564941406, 29.601110458374023, 62.037620544433594, 48.17216873168945, 59.13105773925781, 57.85557556152344, 187.13951110839844, 108.16898345947266, -25.44692039489746, 18.474193572998047, -11.668069839477539, -63.78618621826172], [-831.3379516601562, 44.266761779785156, 107.95899963378906, 138.79551696777344, 16.10242462158203, 136.8700714111328, -46.13444137573242, 108.16898345947266, 261.8333435058594, -40.2630500793457, 45.40415954589844, -4.063649654388428, -76.8629379272461], [358.3451843261719, -131.10609436035156, -58.67611312866211, -104.023681640625, 36.82588577270508, -90.29966735839844, 24.638212203979492, -25.44692039489746, -40.2630500793457, 170.46197509765625, 2.9807679653167725, 17.19028663635254, 50.61796188354492], [-366.34912109375, 10.202920913696289, -53.789432525634766, -24.38311004638672, -59.37984085083008, 92.11753845214844, 18.6104736328125, 18.474193572998047, 45.40415954589844, 2.9807679653167725, 163.27371215820312, 36.89620590209961, -45.159915924072266], [171.5882568359375, -98.5453872680664, -93.4898681640625, -27.049123764038086, 20.281126022338867, -31.501888275146484, -6.964987754821777, -11.668069839477539, -4.063649654388428, 17.19028663635254, 36.89620590209961, 143.79421997070312, 46.523502349853516], [979.283447265625, -280.9154357910156, -45.790775299072266, -52.787261962890625, 50.60647964477539, -163.69509887695312, -54.847076416015625, -63.78618621826172, -76.8629379272461, 50.61796188354492, -45.159915924072266, 46.523502349853516, 241.28872680664062]], "lowlevel.mfcc.icov": [[0.00026978764799423516, 0.000249540782533586, 0.00016602518735453486, 9.51780384639278e-05, -0.0002190025697927922, 0.00016397537547163665, -0.00012010413774987683, 2.8062271667295136e-05, 0.00043172770529054105, 0.00012602476635947824, 0.00020644997130148113, 0.0001416696177329868, -0.0004923874512314796], [0.000249540782533586, 0.0007661123527213931, 0.0002924202708527446, 0.00022681582777295262, -0.00018809067842084914, 0.00034440940362401307, -0.0002493519859854132, -0.00022110225108917803, 0.0003809322661254555, 0.0005393982282839715, 0.00027035604580305517, 0.00036675482988357544, 0.00013032054994255304], [0.00016602518735453486, 0.0002924202708527446, 0.0018031932413578033, -0.0007111741579137743, 0.00019947614055126905, -0.0004340843588579446, 0.00020949820464011282, -0.00013114883040543646, 0.00014118223043624312, -0.00021077912242617458, 0.0008094855584204197, 0.000866951362695545, -0.00039660153561271727], [9.51780384639278e-05, 0.00022681582777295262, -0.0007111741579137743, 0.0029957261867821217, -0.0010995917255058885, -0.00023005731054581702, 0.00011211384844500571, 5.721708294004202e-05, -0.0006539166788570583, 0.0014932225458323956, 0.00030047123436816037, -3.397450927877799e-05, 5.458512168843299e-05], [-0.0002190025697927922, -0.00018809067842084914, 0.00019947614055126905, -0.0010995917255058885, 0.0033471689093858004, 0.0005118550616316497, 0.00032839467166922987, -0.0011500618420541286, -0.00033341438393108547, -0.0010677760001271963, 0.0007428312092088163, -0.0005329563864506781, 0.00024258704797830433], [0.00016397537547163665, 0.00034440940362401307, -0.0004340843588579446, -0.00023005731054581702, 0.0005118550616316497, 0.004336751997470856, -0.0007512754527851939, 0.0003761802217923105, -0.000930391950532794, 0.0013246923917904496, -0.0014821829972788692, 0.00031198185752145946, 0.0014543840661644936], [-0.00012010413774987683, -0.0002493519859854132, 0.00020949820464011282, 0.00011211384844500571, 0.00032839467166922987, -0.0007512754527851939, 0.0061370306648314, -0.0030387218575924635, 0.002436277689412236, -0.001408918877132237, -0.00022467417875304818, -0.00016798870638012886, 0.00133655802346766], [2.8062271667295136e-05, -0.00022110225108917803, -0.00013114883040543646, 5.721708294004202e-05, -0.0011500618420541286, 0.0003761802217923105, -0.0030387218575924635, 0.009348132647573948, -0.004106274340301752, 0.000957554904744029, -0.00016515010793227702, 0.00031354022212326527, 0.0002929444017354399], [0.00043172770529054105, 0.0003809322661254555, 0.00014118223043624312, -0.0006539166788570583, -0.00033341438393108547, -0.000930391950532794, 0.002436277689412236, -0.004106274340301752, 0.008119676262140274, -0.0004190425097476691, -0.0006970195681788027, -0.00022113461454864591, 6.866312469355762e-05], [0.00012602476635947824, 0.0005393982282839715, -0.00021077912242617458, 0.0014932225458323956, -0.0010677760001271963, 0.0013246923917904496, -0.001408918877132237, 0.000957554904744029, -0.0004190425097476691, 0.008210639469325542, -0.0009472685633227229, 0.0002654895943123847, -0.0006257081986404955], [0.00020644997130148113, 0.00027035604580305517, 0.0008094855584204197, 0.00030047123436816037, 0.0007428312092088163, -0.0014821829972788692, -0.00022467417875304818, -0.00016515010793227702, -0.0006970195681788027, -0.0009472685633227229, 0.008908595889806747, -0.0022947206161916256, 0.0005266332882456481], [0.0001416696177329868, 0.00036675482988357544, 0.000866951362695545, -3.397450927877799e-05, -0.0005329563864506781, 0.00031198185752145946, -0.00016798870638012886, 0.00031354022212326527, -0.00022113461454864591, 0.0002654895943123847, -0.0022947206161916256, 0.008919735439121723, -0.0018982162000611424], [-0.0004923874512314796, 0.00013032054994255304, -0.00039660153561271727, 5.458512168843299e-05, 0.00024258704797830433, 0.0014543840661644936, 0.00133655802346766, 0.0002929444017354399, 6.866312469355762e-05, -0.0006257081986404955, 0.0005266332882456481, -0.0018982162000611424, 0.008165950886905193]], "metadata.audio_properties.analysis.downmix": "mix", "metadata.audio_properties.codec": "mp3", "metadata.audio_properties.md5_encoded": "4f4425b6bc60d6deb82e2cdd6814ee65", "metadata.tags.file_name": "1182269408375210054.mp3", "metadata.version.essentia": "2.1-beta6-dev", "metadata.version.essentia_git_sha": "v2.1_beta5-1110-g77a6a954", "m