{"song_id": "1182264622657589268", "download": "https://cdn.discordapp.com/attachments/1135903449314238464/1182264622657589268/chirp.mp4?ex=658410bb&amp", "lyrics": "[Verse 1]\nThey say Rockstar's got the magic touch\nCreating worlds that thrill us so much\nBut why is GTA 6 taking forever to arrive\nLeaving us longing, barely alive\n\n[Chorus]\nOh Rockstar, tell us, what's the deal\nWe need our fix, it's time to reveal\nBring on GTA 6, our hearts ache\nThis wait is more than we can take", "style": ["random"], "essentia_features": {"lowlevel.average_loudness": 0.9604367017745972, "lowlevel.barkbands_crest.mean": 12.561689376831055, "lowlevel.barkbands_crest.stdev": 4.171441555023193, "lowlevel.barkbands_flatness_db.mean": 0.1941017359495163, "lowlevel.barkbands_flatness_db.stdev": 0.06159994378685951, "lowlevel.barkbands_kurtosis.mean": 9.264874458312988, "lowlevel.barkbands_kurtosis.stdev": 12.275808334350586, "lowlevel.barkbands_skewness.mean": 2.2562670707702637, "lowlevel.barkbands_skewness.stdev": 1.612101435661316, "lowlevel.barkbands_spread.mean": 20.358068466186523, "lowlevel.barkbands_spread.stdev": 21.4754695892334, "lowlevel.dissonance.mean": 0.44851234555244446, "lowlevel.dissonance.stdev": 0.035764869302511215, "lowlevel.dynamic_complexity": 2.518346071243286, "lowlevel.erbbands_crest.mean": 11.1878662109375, "lowlevel.erbbands_crest.stdev": 5.671117782592773, "lowlevel.erbbands_flatness_db.mean": 0.16742609441280365, "lowlevel.erbbands_flatness_db.stdev": 0.05284090340137482, "lowlevel.erbbands_kurtosis.mean": 2.302955150604248, "lowlevel.erbbands_kurtosis.stdev": 4.334797382354736, "lowlevel.erbbands_skewness.mean": 0.3845144212245941, "lowlevel.erbbands_skewness.stdev": 1.1849374771118164, "lowlevel.erbbands_spread.mean": 40.7398796081543, "lowlevel.erbbands_spread.stdev": 24.996305465698242, "lowlevel.hfc.mean": 29.43065643310547, "lowlevel.hfc.stdev": 32.776153564453125, "lowlevel.loudness_ebu128.integrated": -14.811286926269531, "lowlevel.loudness_ebu128.loudness_range": 2.5516204833984375, "lowlevel.loudness_ebu128.momentary.mean": -15.304000854492188, "lowlevel.loudness_ebu128.momentary.stdev": 2.259260892868042, "lowlevel.loudness_ebu128.short_term.mean": -14.963147163391113, "lowlevel.loudness_ebu128.short_term.stdev": 1.008353352546692, "lowlevel.melbands_crest.mean": 19.32058334350586, "lowlevel.melbands_crest.stdev": 6.214196681976318, "lowlevel.melbands_flatness_db.mean": 0.2636914849281311, "lowlevel.melbands_flatness_db.stdev": 0.0751473531126976, "lowlevel.melbands_kurtosis.mean": 25.875295639038086, "lowlevel.melbands_kurtosis.stdev": 30.39179801940918, "lowlevel.melbands_skewness.mean": 3.637144088745117, "lowlevel.melbands_skewness.stdev": 2.284149646759033, "lowlevel.melbands_spread.mean": 17.37959861755371, "lowlevel.melbands_spread.stdev": 21.38216209411621, "lowlevel.pitch_salience.mean": 0.4238167107105255, "lowlevel.pitch_salience.stdev": 0.13170477747917175, "lowlevel.silence_rate_20dB.mean": 1.0, "lowlevel.silence_rate_20dB.stdev": 0.0, "lowlevel.silence_rate_30dB.mean": 0.9624664783477783, "lowlevel.silence_rate_30dB.stdev": 0.19006481766700745, "lowlevel.silence_rate_60dB.mean": 0.019436996430158615, "lowlevel.silence_rate_60dB.stdev": 0.13805457949638367, "lowlevel.spectral_centroid.mean": 1062.578369140625, "lowlevel.spectral_centroid.stdev": 885.4540405273438, "lowlevel.spectral_complexity.mean": 15.160858154296875, "lowlevel.spectral_complexity.stdev": 6.84779691696167, "lowlevel.spectral_decrease.mean": -1.1695774126962988e-08, "lowlevel.spectral_decrease.stdev": 7.323790462976376e-09, "lowlevel.spectral_energy.mean": 0.04681197926402092, "lowlevel.spectral_energy.stdev": 0.028615739196538925, "lowlevel.spectral_energyband_high.mean": 0.001957667525857687, "lowlevel.spectral_energyband_high.stdev": 0.004299708176404238, "lowlevel.spectral_energyband_low.mean": 0.02674279175698757, "lowlevel.spectral_energyband_low.stdev": 0.023357294499874115, "lowlevel.spectral_energyband_middle_high.mean": 0.006079781800508499, "lowlevel.spectral_energyband_middle_high.stdev": 0.010508589446544647, "lowlevel.spectral_energyband_middle_low.mean": 0.01286851055920124, "lowlevel.spectral_energyband_middle_low.stdev": 0.0122231375426054, "lowlevel.spectral_entropy.mean": 7.3803181648254395, "lowlevel.spectral_entropy.stdev": 0.5863777995109558, "lowlevel.spectral_flux.mean": 0.08026816695928574, "lowlevel.spectral_flux.stdev": 0.057564251124858856, "lowlevel.spectral_kurtosis.mean": 5.452489852905273, "lowlevel.spectral_kurtosis.stdev": 7.3214826583862305, "lowlevel.spectral_rms.mean": 0.006474124733358622, "lowlevel.spectral_rms.stdev": 0.0019380177836865187, "lowlevel.spectral_rolloff.mean": 1153.3404541015625, "lowlevel.spectral_rolloff.stdev": 1847.275146484375, "lowlevel.spectral_skewness.mean": 1.7052940130233765, "lowlevel.spectral_skewness.stdev": 0.8798333406448364, "lowlevel.spectral_spread.mean": 5265497.0, "lowlevel.spectral_spread.stdev": 2044400.5, "lowlevel.spectral_strongpeak.mean": 1.0900847911834717, "lowlevel.spectral_strongpeak.stdev": 1.5225731134414673, "lowlevel.zerocrossingrate.mean": 0.04833297058939934, "lowlevel.zerocrossingrate.stdev": 0.044597454369068146, "metadata.audio_properties.analysis.equal_loudness": 0.0, "metadata.audio_properties.analysis.length": 34.60265350341797, "metadata.audio_properties.analysis.sample_rate": 44100.0, "metadata.audio_properties.analysis.start_time": 0.0, "metadata.audio_properties.bit_rate": 119329.0, "metadata.audio_properties.length": 34.602664947509766, "metadata.audio_properties.lossless": 0.0, "metadata.audio_properties.number_channels": 1.0, "metadata.audio_properties.replay_gain": -10.459144592285156, "metadata.audio_properties.sample_rate": 48000.0, "rhythm.beats_count": 80.0, "rhythm.beats_loudness.mean": 0.05808217078447342, "rhythm.beats_loudness.stdev": 0.03126467764377594, "rhythm.bpm": 139.9601593017578, "rhythm.bpm_histogram_first_peak_bpm": 140.0, "rhythm.bpm_histogram_first_peak_weight": 0.2602739930152893, "rhythm.bpm_histogram_second_peak_bpm": 152.0, "rhythm.bpm_histogram_second_peak_spread": 0.3333333730697632, "rhythm.bpm_histogram_second_peak_weight": 0.050632912665605545, "rhythm.danceability": 1.1853586435317993, "rhythm.onset_rate": 3.957141160964966, "tonal.chords_changes_rate": 0.04417670518159866, "tonal.chords_number_rate": 0.012048192322254181, "tonal.chords_strength.mean": 0.5466504096984863, "tonal.chords_strength.stdev": 0.07941664755344391, "tonal.hpcp_crest.mean": 14.949780464172363, "tonal.hpcp_crest.stdev": 6.011085510253906, "tonal.hpcp_entropy.mean": 1.7416203022003174, "tonal.hpcp_entropy.stdev": 0.6047168374061584, "tonal.key_edma.strength": 0.8065693974494934, "tonal.key_krumhansl.strength": 0.8077400326728821, "tonal.key_temperley.strength": 0.8050536513328552, "tonal.tuning_diatonic_strength": 0.6922526359558105, "tonal.tuning_equal_tempered_deviation": 0.1285613626241684, "tonal.tuning_frequency": 437.9714660644531, "tonal.tuning_nontempered_energy_ratio": 0.8033533096313477, "lowlevel.barkbands.mean": [0.0001288222410948947, 0.014551694504916668, 0.011571183800697327, 0.0007494722376577556, 0.00336250732652843, 0.0021220212802290916, 0.0022829666268080473, 0.002352440729737282, 0.0013378612929955125, 0.0017359419725835323, 0.0017195087857544422, 0.0010376813588663936, 0.000728997343685478, 0.00034368765773251653, 0.00021880677377339453, 0.00016582552052568644, 0.0001484306121710688, 0.00011535072553670034, 0.00013215078797657043, 0.00014337131869979203, 0.0002710707485675812, 0.00044213279034011066, 0.0004089158319402486, 0.00048268830869346857, 0.00021039143030066043, 4.686655302066356e-05, 1.1964740451730904e-06], "lowlevel.barkbands.stdev": [0.0003676569031085819, 0.0185512937605381, 0.01005811057984829, 0.000988643616437912, 0.004546821117401123, 0.0036181786563247442, 0.005900336895138025, 0.005863333586603403, 0.004004279617220163, 0.005677731707692146, 0.0052473172545433044, 0.003843750571832061, 0.0022001685574650764, 0.000657736964058131, 0.0004789764352608472, 0.0003736435901373625, 0.00029302231268957257, 0.00022061355412006378, 0.00022517515753861517, 0.00029124310822226107, 0.0005815193289890885, 0.0013931991998106241, 0.0012857847614213824, 0.0011104494333267212, 0.0004197958332952112, 0.00011448614532127976, 6.1891478253528476e-06], "lowlevel.erbbands.mean": [0.2165868878364563, 4.000210285186768, 14.38923454284668, 6.234238624572754, 3.771732807159424, 13.092348098754883, 18.37972640991211, 19.083526611328125, 30.971477508544922, 40.90532302856445, 44.14954376220703, 39.16044616699219, 40.589256286621094, 60.15782165527344, 71.78877258300781, 49.15092468261719, 35.58772277832031, 22.13927459716797, 14.317087173461914, 8.657393455505371, 9.374018669128418, 7.634637832641602, 6.1537909507751465, 8.01502799987793, 5.286747932434082, 6.36851692199707, 11.781296730041504, 10.522065162658691, 15.4378023147583, 14.876449584960938, 10.752386093139648, 9.180148124694824, 8.562895774841309, 3.5835015773773193, 0.8243533372879028, 0.2389511615037918, 0.08401041477918625, 0.01097785122692585, 0.0002649877278599888, 6.741831020917743e-05], "lowlevel.erbbands.stdev": [0.4729628562927246, 4.534261226654053, 12.311941146850586, 5.441079616546631, 4.601594924926758, 19.891523361206055, 35.79558181762695, 30.83298683166504, 78.31791687011719, 87.31746673583984, 126.97098541259766, 115.76937866210938, 141.6958465576172, 211.42152404785156, 200.79428100585938, 184.297607421875, 85.6485824584961, 51.1734619140625, 27.535964965820312, 21.448949813842773, 17.179338455200195, 15.214059829711914, 10.544086456298828, 14.1655855178833, 9.424370765686035, 11.124177932739258, 26.864028930664062, 25.646684646606445, 49.383544921875, 46.62556457519531, 34.368953704833984, 23.784725189208984, 18.730844497680664, 7.116329193115234, 1.8629872798919678, 0.6068509221076965, 0.20751161873340607, 0.031581901013851166, 0.0007302921148948371, 4.937635094393045e-05], "lowlevel.gfcc.mean": [0.41175323724746704, 108.88575744628906, -95.21709442138672, 34.73595428466797, -58.88802719116211, 31.78585433959961, -32.45036697387695, 9.005289077758789, -24.251874923706055, 4.460093975067139, -4.138826847076416, -6.688610076904297, -5.420673370361328], "lowlevel.melbands.mean": [0.002987110987305641, 0.006584411486983299, 0.0010626629227772355, 0.0005574865499511361, 0.0007078585913404822, 0.0004088831483386457, 0.0004861418856307864, 0.0004700313147623092, 0.0003437127743382007, 0.0002220351161668077, 0.0001920906943269074, 0.00023369505652226508, 0.0002342112420592457, 0.00015269343566615134, 9.09505324671045e-05, 6.472886161645874e-05, 3.928620571969077e-05, 2.285855771333445e-05, 1.331520252279006e-05, 1.1621203157119453e-05, 1.1050668035750277e-05, 8.514300134265795e-06, 6.048014256521128e-06, 5.389611942518968e-06, 6.885182756377617e-06, 3.8882772059878334e-06, 3.483566160866758e-06, 4.275949322618544e-06, 7.4960316851502284e-06, 6.788266091461992e-06, 5.8654304666561075e-06, 8.854426596371923e-06, 8.668866939842701e-06, 8.211902240873314e-06, 6.346043392113643e-06, 5.37847608939046e-06, 5.761218744737562e-06, 6.43702060187934e-06, 4.718668606074061e-06, 2.4082914933387656e-06], "lowlevel.melbands.stdev": [0.004691321402788162, 0.005449159070849419, 0.000858581974171102, 0.000778300513047725, 0.0011635241098701954, 0.0006669270223937929, 0.0012475760886445642, 0.0010119813960045576, 0.0009983862983062863, 0.0006629524286836386, 0.0007054662564769387, 0.0008758492185734212, 0.0007272508228197694, 0.0004624565481208265, 0.0002698965836316347, 0.00022331782383844256, 8.683497435413301e-05, 4.5043569116387516e-05, 2.920780207205098e-05, 3.1961761123966426e-05, 2.0317065718700178e-05, 1.991592944250442e-05, 1.1191292287549004e-05, 1.0592510989226867e-05, 1.2736868484353181e-05, 7.325696515181335e-06, 5.9301160035829525e-06, 8.067132512223907e-06, 1.9789955331361853e-05, 1.4298947462521028e-05, 1.6195435819099657e-05, 2.9243563403724693e-05, 2.808894350891933e-05, 2.6682646421249956e-05, 2.193014370277524e-05, 1.5939935110509396e-05, 1.4492559785139747e-05, 1.441524818801554e-05, 9.744614544615615e-06, 4.834749233850744e-06], "lowlevel.melbands128.mean": [9.879206481855363e-05, 0.0010768205393105745, 0.003585927886888385, 0.0077164191752672195, 0.00876446533948183, 0.004609700292348862, 0.0011552985524758697, 0.00029012718005105853, 0.0003352315106894821, 0.00043937203008681536, 0.0007703306619077921, 0.0010187859879806638, 0.0006094741402193904, 0.0004426793020684272, 0.0005005232524126768, 0.0003300381940789521, 0.00031369042699225247, 0.000675635295920074, 0.0004933151067234576, 0.00039285080856643617, 0.0005545001477003098, 0.00037387176416814327, 0.00035730874515138566, 0.00020413838501553982, 0.00034961808705702424, 0.0001424624933861196, 0.00013385320198722184, 0.0002851259196177125, 0.00010812035179696977, 0.00027434391085989773, 0.0002631261886563152, 0.00018273390014655888, 0.00023964568390510976, 0.00031686012516729534, 9.518033039057627e-05, 0.000149472092743963, 0.00015839720435906202, 3.7595331377815455e-05, 0.00010672353528207168, 8.128033368848264e-05, 5.625457924907096e-05, 3.818517870968208e-05, 3.9028851460898295e-05, 4.663220533984713e-05, 1.5649802662665024e-05, 2.0250294255674817e-05, 2.962067628686782e-05, 9.865483661997132e-06, 7.946590812935028e-06, 1.2489776963775512e-05, 1.2288533980608918e-05, 1.1129020094813313e-05, 9.984241842175834e-06, 1.1838221325888298e-05, 1.1673179869831074e-05, 8.367393093067221e-06, 5.0139715312980115e-06, 7.544692834926536e-06, 5.64329184271628e-06, 4.810920927411644e-06, 4.810207883565454e-06, 6.071459210943431e-06, 8.262394658231642e-06, 7.298617674678098e-06, 4.100790647498798e-06, 3.7026954942120938e-06, 3.918331003660569e-06, 3.3935250485228607e-06, 3.2676161936251447e-06, 3.826191459666006e-06, 3.3903254461620236e-06, 4.279221684555523e-06, 7.933539563964587e-06, 8.226610589190386e-06, 7.129481673473492e-06, 7.508959242841229e-06, 6.375663360813633e-06, 4.8356228035117965e-06, 5.249498826742638e-06, 7.177884526754497e-06, 9.566538210492581e-06, 9.1673391580116e-06, 8.480965334456414e-06, 9.052243512996938e-06, 8.19421165942913e-06, 8.320339475176297e-06, 8.508675819030032e-06, 7.663856194994878e-06, 6.174700047267834e-06, 5.327598955773283e-06, 5.564449566008989e-06, 5.501042778632836e-06, 4.7899061428324785e-06, 5.613064331555506e-06, 6.503487838926958e-06, 6.455204129451886e-06, 6.639008461206686e-06, 6.214364020706853e-06, 4.539139354164945e-06, 4.323087978264084e-06, 3.333246240799781e-06, 1.983744141398347e-06, 1.4365385823111865e-06, 1.094146909963456e-06, 8.132079756251187e-07, 6.056770303075609e-07, 5.555515940613986e-07, 5.168944312572421e-07, 3.4254907177455607e-07, 3.202572713689733e-07, 2.8018058628731524e-07, 2.564231351698254e-07, 3.0910794635019556e-07, 2.521601629723591e-07, 2.0053423099852807e-07, 1.0929851157470694e-07, 4.2751377549166136e-08, 8.294574804779131e-09, 3.802865522484211e-10, 3.2715666981042446e-11, 1.5202523268031953e-11, 1.2454864396771459e-11, 6.938912985865464e-12, 6.763199375536821e-12, 6.260596641799454e-12, 5.5278672264624795e-12, 5.12481203307491e-12, 5.043479956584607e-12], "lowlevel.melbands128.stdev": [0.0003234956238884479, 0.003244607010856271, 0.007614269852638245, 0.008578719571232796, 0.007836699485778809, 0.0039588455110788345, 0.001191861811093986, 0.00042257708264514804, 0.0004901523352600634, 0.0008407097193412483, 0.00135122484061867, 0.0017080864636227489, 0.0016773497918620706, 0.0009374061482958496, 0.0009280981030315161, 0.0007595266797579825, 0.0007149229058995843, 0.0022441137116402388, 0.0014580070273950696, 0.001147820963524282, 0.0016343541210517287, 0.0011754038278013468, 0.0016425010981038213, 0.0007632988854311407, 0.0013505943352356553, 0.0004713135422207415, 0.0005801515653729439, 0.0013236504746600986, 0.0004015404265373945, 0.0012849759077653289, 0.0012442395091056824, 0.0009093498229049146, 0.001131772412918508, 0.0010136384516954422, 0.0002950145862996578, 0.0007269953493960202, 0.0009085644269362092, 0.00015044090105220675, 0.0003190744901075959, 0.00021369765454437584, 0.0004165740392636508, 0.00018627669487614185, 0.00010283476876793429, 0.00012185016385046765, 4.3039854062953964e-05, 6.58077115076594e-05, 7.58194291847758e-05, 3.744668356375769e-05, 3.673600804177113e-05, 5.133209197083488e-05, 4.441876808414236e-05, 3.865307735395618e-05, 2.386033520451747e-05, 2.9560316761489958e-05, 2.8449856472434476e-05, 3.6518467823043466e-05, 9.527143447485287e-06, 1.6457464880659245e-05, 1.3154324733477551e-05, 1.203770352731226e-05, 9.769139069248922e-06, 2.1259735149214976e-05, 1.6884956494322978e-05, 1.5576470104861073e-05, 8.502477612637449e-06, 7.880249540903606e-06, 1.01031355370651e-05, 7.154095783334924e-06, 6.124271749285981e-06, 6.948454483790556e-06, 6.5967610680672806e-06, 8.493390851072036e-06, 2.7969492293777876e-05, 2.9290098609635606e-05, 1.6895408407435752e-05, 1.671437348704785e-05, 1.5697469279984944e-05, 1.2935155609739013e-05, 1.529646760900505e-05, 2.3424692699336447e-05, 3.4426713682478294e-05, 3.181705324095674e-05, 3.0160243113641627e-05, 3.186132016708143e-05, 2.7335960112395696e-05, 2.7751913876272738e-05, 3.0228864488890395e-05, 3.106894655502401e-05, 2.230716017947998e-05, 1.80166753125377e-05, 2.019192288571503e-05, 1.634350155654829e-05, 1.394692935718922e-05, 1.6226187653956003e-05, 1.546191742818337e-05, 1.5226668438117485e-05, 1.574342604726553e-05, 1.4563725017069373e-05, 1.021161733660847e-05, 8.943155080487486e-06, 7.161469966376899e-06, 4.235276264807908e-06, 3.1931508601701353e-06, 2.7388791750126984e-06, 2.271692665090086e-06, 1.6519201153641916e-06, 1.6270632841042243e-06, 1.4117356386122992e-06, 1.0428038876852952e-06, 9.678842616267502e-07, 8.281722330139019e-07, 7.428184858326858e-07, 8.128887429847964e-07, 6.865527097943414e-07, 5.907115223635628e-07, 3.777898882617592e-07, 1.846566419771989e-07, 9.77242748945173e-08, 7.156267134433847e-09, 6.173541677867433e-10, 2.351424610580466e-10, 1.9254324523654276e-10, 5.476617423449959e-11, 5.2044264731154755e-11, 3.7798059820959296e-11, 1.615035015445354e-11, 8.100731023474861e-12, 7.827228448720192e-12], "lowlevel.mfcc.mean": [-645.3428344726562, 133.48171997070312, 26.258953094482422, 12.96572208404541, 10.278302192687988, 12.910433769226074, 15.902820587158203, -0.4094511866569519, 2.475809097290039, -0.5757569670677185, 1.9129072427749634, 8.383219718933105, 1.1095308065414429], "lowlevel.spectral_contrast_coeffs.mean": [-0.66606605052948, -0.70287024974823, -0.7430238127708435, -0.780538022518158, -0.8081702589988708, -0.7680530548095703], "lowlevel.spectral_contrast_coeffs.stdev": [0.07688236981630325, 0.08030689507722855, 0.0735493153333664, 0.04625130444765091, 0.03822825849056244, 0.04584559425711632], "lowlevel.spectral_contrast_valleys.mean": [-6.535850524902344, -6.902410507202148, -7.453971862792969, -7.856903553009033, -7.893242359161377, -10.22252368927002], "lowlevel.spectral_contrast_valleys.stdev": [0.7755947113037109, 0.7633067965507507, 0.7121992111206055, 0.6572362184524536, 0.8866530656814575, 1.4649097919464111], "rhythm.beats_loudness_band_ratio.mean": [0.5350298285484314, 0.12967200577259064, 0.14480789005756378, 0.13624897599220276, 0.020055016502738, 0.057920683175325394], "rhythm.beats_loudness_band_ratio.stdev": [0.2514173984527588, 0.1243690475821495, 0.1526854783296585, 0.18216310441493988, 0.020643804222345352, 0.12812548875808716], "tonal.hpcp.mean": [0.21853771805763245, 0.1257844716310501, 0.08192665129899979, 0.1222572922706604, 0.08477753400802612, 0.03151516243815422, 0.03929542005062103, 0.04477481171488762, 0.10792803764343262, 0.2434496134519577, 0.2019304782152176, 0.06010675057768822, 0.02638895809650421, 0.015204475261271, 0.03332139924168587, 0.07382804900407791, 0.06458799540996552, 0.02382415533065796, 0.012579123489558697, 0.010518604889512062, 0.019975828006863594, 0.056705888360738754, 0.06750250607728958, 0.12534268200397491, 0.2398042231798172, 0.15480762720108032, 0.021399961784482002, 0.017824845388531685, 0.026277320459485054, 0.14192691445350647, 0.2610630393028259, 0.1544516235589981, 0.029687190428376198, 0.0187549851834774, 0.021730627864599228, 0.13763630390167236], "tonal.hpcp.stdev": [0.370678186416626, 0.22358384728431702, 0.17519551515579224, 0.2887592911720276, 0.21774744987487793, 0.12375731766223907, 0.14310801029205322, 0.1571585237979889, 0.198598712682724, 0.33890724182128906, 0.2854071855545044, 0.17552568018436432, 0.10661907494068146, 0.07458283752202988, 0.11783771961927414, 0.19423969089984894, 0.18279822170734406, 0.09721390902996063, 0.0833626538515091, 0.062068212777376175, 0.06780120730400085, 0.12945903837680817, 0.14946724474430084, 0.23477745056152344, 0.38372114300727844, 0.276438444852829, 0.08379656821489334, 0.0950220376253128, 0.12144452333450317, 0.23448999226093292, 0.39380815625190735, 0.23238542675971985, 0.11073598265647888, 0.0911620557308197, 0.08899874985218048, 0.2726183235645294], "rhythm.beats_position": [0.3831292390823364, 0.7778684496879578, 1.172607660293579, 1.5673469305038452, 1.9620860815048218, 2.3684353828430176, 2.774784564971924, 3.2043535709381104, 3.6223127841949463, 4.051881790161133, 4.481451034545898, 4.899410247802734, 5.31736946105957, 5.735328674316406, 6.164897918701172, 6.5944671630859375, 7.035645961761475, 7.47682523727417, 7.894784450531006, 8.312743186950684, 8.73070240020752, 9.160271644592285, 9.58984088897705, 10.019410133361816, 10.460589408874512, 10.890158653259277, 11.319727897644043, 11.749297142028809, 12.178866386413574, 12.608434677124023, 13.038003921508789, 13.467573165893555, 13.89714241027832, 14.326711654663086, 14.756280899047852, 15.185850143432617, 15.615419387817383, 16.04498863220215, 16.486167907714844, 16.91573715209961, 17.345306396484375, 17.76326560974121, 18.192834854125977, 18.622404098510742, 19.051973342895508, 19.48154067993164, 19.899499893188477, 20.329069137573242, 20.758638381958008, 21.199817657470703, 21.62938690185547, 22.058956146240234, 22.488525390625, 22.918094635009766, 23.3360538482666, 23.765623092651367, 24.195192337036133, 24.61315155029297, 25.042720794677734, 25.4722900390625, 25.901859283447266, 26.33142852783203, 26.760997772216797, 27.190567016601562, 27.620136260986328, 28.049705505371094, 28.47927474975586, 28.908842086791992, 29.338411331176758, 29.767980575561523, 30.19754981994629, 30.615509033203125, 31.04507827758789, 31.486257553100586, 31.91582679748535, 32.34539794921875, 32.774967193603516, 33.20453643798828, 33.63410186767578, 34.07528305053711], "rhythm.bpm_histogram": [0.0, 0.0, 0.0, 0.0, 0.0, 0.0, 0.0, 0.0, 0.0, 0.0, 0.0, 0.0, 0.0, 0.0, 0.0, 0.0, 0.0, 0.0, 0.0, 0.0, 0.0, 0.0, 0.0, 0.0, 0.0, 0.0, 0.0, 0.0, 0.0, 0.0, 0.0, 0.0, 0.0, 0.0, 0.0, 0.0, 0.0, 0.0, 0.0, 0.0, 0.0, 0.0, 0.0, 0.0, 0.0, 0.0, 0.0, 0.0, 0.0, 0.0, 0.0, 0.0, 0.0, 0.0, 0.0, 0.0, 0.0, 0.0, 0.0, 0.0, 0.0, 0.0, 0.0, 0.0, 0.0, 0.0, 0.0, 0.0, 0.0, 0.0, 0.0, 0.0, 0.0, 0.0, 0.0, 0.0, 0.0, 0.0, 0.0, 0.0, 0.0, 0.0, 0.0, 0.0, 0.0, 0.0, 0.0, 0.0, 0.0, 0.0, 0.0, 0.0, 0.0, 0.0, 0.0, 0.0, 0.0, 0.0, 0.0, 0.0, 0.0, 0.0, 0.0, 0.0, 0.0, 0.0, 0.0, 0.0, 0.0, 0.0, 0.0, 0.0, 0.0, 0.0, 0.0, 0.0, 0.0, 0.0, 0.0, 0.0, 0.0, 0.0, 0.0, 0.0, 0.0, 0.0, 0.0, 0.0, 0.0, 0.0, 0.0, 0.0, 0.0, 0.0, 0.0, 0.0, 0.08860759437084198, 0.0, 0.0, 0.0, 0.6835442781448364, 0.0, 0.0, 0.0, 0.15189872682094574, 0.0, 0.0, 0.0, 0.025316456332802773, 0.0, 0.0, 0.0, 0.050632912665605545, 0.0, 0.0, 0.0, 0.0, 0.0, 0.0, 0.0, 0.0, 0.0, 0.0, 0.0, 0.0, 0.0, 0.0, 0.0, 0.0, 0.0, 0.0, 0.0, 0.0, 0.0, 0.0, 0.0, 0.0, 0.0, 0.0, 0.0, 0.0, 0.0, 0.0, 0.0, 0.0, 0.0, 0.0, 0.0, 0.0, 0.0, 0.0, 0.0, 0.0, 0.0, 0.0, 0.0, 0.0, 0.0, 0.0, 0.0, 0.0, 0.0, 0.0, 0.0, 0.0, 0.0, 0.0, 0.0, 0.0, 0.0, 0.0, 0.0, 0.0, 0.0, 0.0, 0.0, 0.0, 0.0, 0.0, 0.0, 0.0, 0.0, 0.0, 0.0, 0.0, 0.0, 0.0, 0.0, 0.0, 0.0, 0.0, 0.0, 0.0, 0.0, 0.0, 0.0, 0.0, 0.0, 0.0, 0.0, 0.0, 0.0, 0.0, 0.0, 0.0, 0.0, 0.0, 0.0, 0.0, 0.0], "tonal.chords_histogram": [31.994646072387695, 16.867469787597656, 16.06425666809082, 0.0, 4.417670726776123, 0.0, 0.0, 0.0, 0.0, 0.0, 0.0, 0.0, 0.0, 0.0, 0.0, 0.0, 0.0, 3.882195472717285, 0.0, 2.9451138973236084, 0.0, 13.788487434387207, 1.7402944564819336, 8.29986572265625], "tonal.thpcp": [1.0, 0.5916257500648499, 0.11371655762195587, 0.07184083014726639, 0.08323900401592255, 0.5272148251533508, 0.8371070623397827, 0.48181647062301636, 0.31381940841674805, 0.46830564737319946, 0.3247396945953369, 0.1207185909152031, 0.15052081644535065, 0.17150957882404327, 0.4134175181388855, 0.9325318932533264, 0.7734931707382202, 0.23023845255374908, 0.1010827049612999, 0.0582406260073185, 0.1276373714208603, 0.28279778361320496, 0.2474038302898407, 0.09125825017690659, 0.048184238374233246, 0.0402914360165596, 0.0765172615647316, 0.21721147000789642, 0.25856783986091614, 0.48012420535087585, 0.9185682535171509, 0.592989444732666, 0.0819723904132843, 0.06827793270349503, 0.10065507888793945, 0.5436499714851379], "lowlevel.gfcc.cov": [[5809.048828125, -2308.86181640625, 426.5472717285156, 373.9327087402344, -911.425048828125, 341.6873779296875, -401.3296813964844, 636.0946655273438, -151.30130004882812, 386.3209533691406, -227.33563232421875, 217.66561889648438, -98.25142669677734], [-2308.86181640625, 2439.51513671875, -710.3228759765625, -527.7578735351562, 679.0300903320312, -387.8489990234375, 235.49790954589844, -221.85324096679688, 39.00625991821289, -319.59033203125, 271.08917236328125, -321.50311279296875, 224.303955078125], [426.5472717285156, -710.3228759765625, 672.1740112304688, 218.07069396972656, -186.0283203125, 152.9682159423828, -127.62348937988281, 11.104290008544922, 18.652233123779297, 115.22998046875, -68.49327850341797, 132.1586456298828, -133.61422729492188], [373.9327087402344, -527.7578735351562, 218.07069396972656, 585.8672485351562, -65.24413299560547, 48.294395446777344, -16.490697860717773, -88.92122650146484, 101.82618713378906, 50.69493103027344, 6.312671661376953, 107.21297454833984, -72.00086212158203], [-911.425048828125, 679.0300903320312, -186.0283203125, -65.24413299560547, 397.69329833984375, -68.51986694335938, 104.36072540283203, -108.34591674804688, 20.33479118347168, -103.43492126464844, 58.2610969543457, -69.40496826171875, 47.449974060058594], [341.6873779296875, -387.8489990234375, 152.9682159423828, 48.294395446777344, -68.51986694335938, 304.001708984375, 73.91822052001953, -20.087156295776367, -8.66279411315918, 45.00366973876953, -36.11760330200195, 56.89583969116211, -63.27277755737305], [-401.3296813964844, 235.49790954589844, -127.62348937988281, -16.490697860717773, 104.36072540283203, 73.91822052001953, 231.3625030517578, -65.89468383789062, 37.759437561035156, -52.721500396728516, 33.52040481567383, -14.993047714233398, -6.507686138153076], [636.0946655273438, -221.85324096679688, 11.104290008544922, -88.92122650146484, -108.34591674804688, -20.087156295776367, -65.89468383789062, 282.37371826171875, -4.548989295959473, 43.10051727294922, -36.592803955078125, -18.7168025970459, 22.363561630249023], [-151.30130004882812, 39.00625991821289, 18.652233123779297, 101.82618713378906, 20.33479118347168, -8.66279411315918, 37.759437561035156, -4.548989295959473, 167.82896423339844, 14.483038902282715, 26.57254409790039, -4.957520008087158, -27.96218490600586], [386.3209533691406, -319.59033203125, 115.22998046875, 50.69493103027344, -103.43492126464844, 45.00366973876953, -52.721500396728516, 43.10051727294922, 14.483038902282715, 130.4619140625, -20.304981231689453, 42.323856353759766, -30.616077423095703], [-227.33563232421875, 271.08917236328125, -68.49327850341797, 6.312671661376953, 58.2610969543457, -36.11760330200195, 33.52040481567383, -36.592803955078125, 26.57254409790039, -20.304981231689453, 150.77792358398438, -8.466322898864746, 11.247900009155273], [217.66561889648438, -321.50311279296875, 132.1586456298828, 107.21297454833984, -69.40496826171875, 56.89583969116211, -14.993047714233398, -18.7168025970459, -4.957520008087158, 42.323856353759766, -8.466322898864746, 129.4882049560547, -35.48737335205078], [-98.25142669677734, 224.303955078125, -133.61422729492188, -72.00086212158203, 47.449974060058594, -63.27277755737305, -6.507686138153076, 22.363561630249023, -27.96218490600586, -30.616077423095703, 11.247900009155273, -35.48737335205078, 122.20411682128906]], "lowlevel.gfcc.icov": [[0.0004702469741459936, -9.096046414924785e-05, 0.00034474831772968173, -0.0005127256736159325, 0.0005915304063819349, -0.0006072831456549466, 0.0005057621747255325, -0.0009369028848595917, 0.000517507956828922, -0.0004462528449948877, 0.0001585857680765912, -0.00020385527750477195, 0.00020697458239737898], [-9.096046414924785e-05, 0.003449181793257594, -0.00033113209065049887, 0.0023121361155062914, -0.002606725785881281, 0.002374982228502631, -0.0013382848119363189, 0.002141207456588745, -0.0013597719371318817, 0.0020242584869265556, -0.0033323599491268396, 0.0033320565707981586, -0.00215477985329926], [0.00034474831772968173, -0.00033113209065049887, 0.0032781607005745173, -0.0009514583507552743, 0.0006825999007560313, -0.0017554808873683214, 0.0023127582389861345, -0.0008526714518666267, 0.00014489392924588174, -0.000783185416366905, 0.0008408697322010994, -0.0017397768096998334, 0.0022681779228150845], [-0.0005127256736159325, 0.0023121361155062914, -0.0009514583507552743, 0.004564028233289719, -0.002026546746492386, 0.0022193794138729572, -0.0011176387779414654, 0.0031227273866534233, -0.0029769286047667265, 0.0017503248527646065, -0.0023149962071329355, 0.0008075583027675748, -0.001497418968938291], [0.0005915304063819349, -0.002606725785881281, 0.0006825999007560313, -0.002026546746492386, 0.006594701204448938, -0.001857865136116743, 0.00047629355685785413, -0.001367044635117054, 0.0010765637271106243, -0.00044697101111523807, 0.0021228333935141563, -0.001671253121457994, 0.0010191404726356268], [-0.0006072831456549466, 0.002374982228502631, -0.0017554808873683214, 0.0022193794138729572, -0.001857865136116743, 0.007633677683770657, -0.0046331691555678844, 0.0026635928079485893, -0.000387133244657889, 0.0004448457038961351, -0.0015589591348543763, 0.0018874735105782747, -0.0008051489712670445], [0.0005057621747255325, -0.0013382848119363189, 0.0023127582389861345, -0.0011176387779414654, 0.00047629355685785413, -0.0046331691555678844, 0.008923940360546112, -0.0010802904143929482, -0.0010630488395690918, 0.0009960848838090897, 0.0007669150363653898, -0.002173063578084111, 0.0021270085126161575], [-0.0009369028848595917, 0.002141207456588745, -0.0008526714518666267, 0.0031227273866534233, -0.001367044635117054, 0.0026635928079485893, -0.0010802904143929482, 0.007785070221871138, -0.0025852881371974945, 0.0009909765794873238, -0.0015265967231243849, 0.0030173754785209894, -0.0026746809016913176], [0.000517507956828922, -0.0013597719371318817, 0.00014489392924588174, -0.0029769286047667265, 0.0010765637271106243, -0.000387133244657889, -0.0010630488395690918, -0.0025852881371974945, 0.009183498099446297, -0.002901817671954632, 0.00033495668321847916, 0.0003442162415012717, 0.0025578769855201244], [-0.0004462528449948877, 0.0020242584869265556, -0.000783185416366905, 0.0017503248527646065, -0.00044697101111523807, 0.0004448457038961351, 0.0009960848838090897, 0.0009909765794873238, -0.002901817671954632, 0.013303338550031185, -0.0020777068566530943, 0.00015786012227181345, -0.0007177448133006692], [0.0001585857680765912, -0.0033323599491268396, 0.0008408697322010994, -0.0023149962071329355, 0.0021228333935141563, -0.0015589591348543763, 0.0007669150363653898, -0.0015265967231243849, 0.00033495668321847916, -0.0020777068566530943, 0.01090820413082838, -0.0038597227539867163, 0.0019194541964679956], [-0.00020385527750477195, 0.0033320565707981586, -0.0017397768096998334, 0.0008075583027675748, -0.001671253121457994, 0.0018874735105782747, -0.002173063578084111, 0.0030173754785209894, 0.0003442162415012717, 0.00015786012227181345, -0.0038597227539867163, 0.015095976181328297, -0.0018906269688159227], [0.00020697458239737898, -0.00215477985329926, 0.0022681779228150845, -0.001497418968938291, 0.0010191404726356268, -0.0008051489712670445, 0.0021270085126161575, -0.0026746809016913176, 0.0025578769855201244, -0.0007177448133006692, 0.0019194541964679956, -0.0018906269688159227, 0.013372116722166538]], "lowlevel.mfcc.cov": [[5255.22265625, -2362.05419921875, 739.411376953125, -170.06549072265625, -143.87826538085938, -397.42706298828125, -72.8122787475586, -89.92986297607422, 166.91482543945312, 161.0594024658203, 2.7098257541656494, 144.53778076171875, -96.46625518798828], [-2362.05419921875, 2585.014404296875, -1060.0328369140625, -79.39652252197266, 123.11180877685547, -174.8885498046875, 254.822998046875, -71.44352722167969, -10.766404151916504, -57.40735626220703, -52.347198486328125, -123.43132019042969, 0.7534464001655579], [739.411376953125, -1060.0328369140625, 875.1799926757812, -1.981797695159912, -7.7460479736328125, 111.08651733398438, -146.69337463378906, 25.319122314453125, -41.776100158691406, 9.205594062805176, 52.0962028503418, 107.26837158203125, -5.626489639282227], [-170.06549072265625, -79.39652252197266, -1.981797695159912, 415.145751953125, 72.65015411376953, 84.60787200927734, -93.18245697021484, 20.413497924804688, -56.42647933959961, -13.343048095703125, -2.821031332015991, 23.273778915405273, 18.641664505004883], [-143.87826538085938, 123.11180877685547, -7.7460479736328125, 72.65015411376953, 196.66949462890625, -33.720157623291016, -11.112499237060547, -26.762779235839844, -1.0116171836853027, 2.8971292972564697, -19.20718765258789, 12.770376205444336, -9.522579193115234], [-397.42706298828125, -174.8885498046875, 111.08651733398438, 84.60787200927734, -33.720157623291016, 493.1661071777344, -22.754840850830078, 114.36654663085938, -98.61186218261719, 7.162911891937256, 36.231266021728516, -49.57040023803711, 69.3849105834961], [-72.8122787475586, 254.822998046875, -146.69337463378906, -93.18245697021484, -11.112499237060547, -22.754840850830078, 191.40997314453125, 14.873261451721191, 9.788079261779785, -3.6162567138671875, -21.057723999023438, -16.66533088684082, -9.510811805725098], [-89.92986297607422, -71.44352722167969, 25.319122314453125, 20.413497924804688, -26.762779235839844, 114.36654663085938, 14.873261451721191, 169.59039306640625, -16.742145538330078, 28.541873931884766, 18.47524642944336, 7.195189476013184, 30.185758590698242], [166.91482543945312, -10.766404151916504, -41.776100158691406, -56.42647933959961, -1.0116171836853027, -98.61186218261719, 9.788079261779785, -16.742145538330078, 172.49810791015625, 23.292510986328125, 9.770198822021484, -28.23533821105957, -30.854957580566406], [161.0594024658203, -57.40735626220703, 9.205594062805176, -13.343048095703125, 2.8971292972564697, 7.162911891937256, -3.6162567138671875, 28.541873931884766, 23.292510986328125, 107.906005859375, 29.9621639251709, 10.50364875793457, 3.1066133975982666], [2.7098257541656494, -52.347198486328125, 52.0962028503418, -2.821031332015991, -19.20718765258789, 36.231266021728516, -21.057723999023438, 18.47524642944336, 9.770198822021484, 29.9621639251709, 97.42782592773438, 22.68465805053711, 24.314899444580078], [144.53778076171875, -123.43132019042969, 107.26837158203125, 23.273778915405273, 12.770376205444336, -49.57040023803711, -16.66533088684082, 7.195189476013184, -28.23533821105957, 10.50364875793457, 22.68465805053711, 129.77015686035156, 21.991352081298828], [-96.46625518798828, 0.7534464001655579, -5.626489639282227, 18.641664505004883, -9.522579193115234, 69.3849105834961, -9.510811805725098, 30.185758590698242, -30.854957580566406, 3.1066133975982666, 24.314899444580078, 21.991352081298828, 91.7278060913086]], "lowlevel.mfcc.icov": [[0.00047896470641717315, 0.0005629562656395137, 0.00015001188148744404, 8.109689224511385e-05, 8.831844752421603e-05, 0.00046683699474669993, -0.0003746873699128628, 0.0002754161541815847, 2.600178777356632e-05, -0.0005677701556123793, 8.774915477260947e-05, 2.1382497834565584e-06, 2.2565407562069595e-05], [0.0005629562656395137, 0.0015776788350194693, 0.0012338627129793167, 0.0003511347167659551, -0.0005848088185302913, 0.0006538569577969611, -0.0008204102632589638, 0.00039424633723683655, 0.0005218174192123115, -0.00022284490114543587, -0.00047183872084133327, 0.00017123283760156482, 8.039110252866521e-05], [0.00015001188148744404, 0.0012338627129793167, 0.002973024034872651, 0.0008455515489913523, -0.0008150225621648133, -0.00045250088442116976, 0.0008056488586589694, 5.5614695156691596e-05, 0.0005666839424520731, 0.0005995630635879934, -0.0009281685343012214, -0.0015739143127575517, 0.0012747397413477302], [8.109689224511385e-05, 0.0003511347167659551, 0.0008455515489913523, 0.0033961432054638863, -0.0013561730738729239, -0.00052593246800825, 0.0016846897779032588, -0.00042410450987517834, 0.0006642782827839255, 0.0005651433602906764, 6.577899330295622e-05, -0.0008744434453547001, 0.00041186914313584566], [8.831844752421603e-05, -0.0005848088185302913, -0.0008150225621648133, -0.0013561730738729239, 0.0063709174282848835, 0.0002079205005429685, -1.95946849999018e-05, 0.0009425431489944458, -0.0005265956278890371, -0.0012572805862873793, 0.0016423912020400167, -0.0006573370774276555, 0.00010289368947269395], [0.00046683699474669993, 0.0006538569577969611, -0.00045250088442116976, -0.00052593246800825, 0.0002079205005429685, 0.004216616973280907, -0.0007232410134747624, -0.0014516679802909493, 0.0019270380726084113, -0.0006705702398903668, -0.0010630841134116054, 0.0031468584202229977, -0.002002249239012599], [-0.0003746873699128628, -0.0008204102632589638, 0.0008056488586589694, 0.0016846897779032588, -1.95946849999018e-05, -0.0007232410134747624, 0.007748846430331469, -0.0014579202979803085, -7.719312270637602e-05, 0.0007155791390687227, 0.0011644972255453467, -0.0009813597425818443, 0.0010243856813758612], [0.0002754161541815847, 0.00039424633723683655, 5.5614695156691596e-05, -0.00042410450987517834, 0.0009425431489944458, -0.0014516679802909493, -0.0014579202979803085, 0.008055570535361767, -0.0003986489900853485, -0.0022327492479234934, 0.0002749378327280283, -0.0009445512550882995, -0.0011350656859576702], [2.600178777356632e-05, 0.0005218174192123115, 0.0005666839424520731, 0.0006642782827839255, -0.0005265956278890371, 0.0019270380726084113, -7.719312270637602e-05, -0.0003986489900853485, 0.008176671341061592, -0.0012045116163790226, -0.002159852534532547, 0.0027231392450630665, 0.0012445697793737054], [-0.0005677701556123793, -0.00022284490114543587, 0.0005995630635879934, 0.0005651433602906764, -0.0012572805862873793, -0.0006705702398903668, 0.0007155791390687227, -0.0022327492479234934, -0.0012045116163790226, 0.011969931423664093, -0.0033883617725223303, -0.0008688517846167088, 0.0008082296699285507], [8.774915477260947e-05, -0.00047183872084133327, -0.0009281685343012214, 6.577899330295622e-05, 0.0016423912020400167, -0.0010630841134116054, 0.0011644972255453467, 0.0002749378327280283, -0.002159852534532547, -0.0033883617725223303, 0.013913936913013458, -0.002395744202658534, -0.0026948913000524044], [2.1382497834565584e-06, 0.00017123283760156482, -0.0015739143127575517, -0.0008744434453547001, -0.0006573370774276555, 0.0031468584202229977, -0.0009813597425818443, -0.0009445512550882995, 0.0027231392450630665, -0.0008688517846167088, -0.002395744202658534, 0.012192078866064548, -0.003500021994113922], [2.2565407562069595e-05, 8.039110252866521e-05, 0.0012747397413477302, 0.00041186914313584566, 0.00010289368947269395, -0.002002249239012599, 0.0010243856813758612, -0.0011350656859576702, 0.0012445697793737054, 0.0008082296699285507, -0.0026948913000524044, -0.003500021994113922, 0.014869083650410175]], "metadata.audio_properties.analysis.downmix": "mix", "metadata.audio_properties.codec": "mp3", "metadata.audio_properties.md5_encoded": "7621fa2062ee4e473e1ce2885931108a", "metadata.tags.file_name": "1182264622657589268.mp3", "metadata.version.essentia"