{"song_id": "1182282615932330035", "download": "https://cdn.discordapp.com/attachments/1128313332273782784/1182282615932330035/chirp.mp4?ex=6584217d&amp", "lyrics": "[Verse]\nIt's 2023 and we're feeling the groove\nFunk is here to make you move, make you move\nThe bassline hits hard, the rhythm is tight\nGet ready to dance, we're taking flight\n\n[Chorus]\nCrie uma funk bem atualizado, oh yeah\nLet the music flow through your veins, no fear\nCrie uma funk bem atualizado, all night long\nFeel the funk's power, sing along, sing along", "style": ["pop"], "essentia_features": {"lowlevel.average_loudness": 0.9819648265838623, "lowlevel.barkbands_crest.mean": 10.759668350219727, "lowlevel.barkbands_crest.stdev": 5.136157989501953, "lowlevel.barkbands_flatness_db.mean": 0.1426657885313034, "lowlevel.barkbands_flatness_db.stdev": 0.06757870316505432, "lowlevel.barkbands_kurtosis.mean": 10.543059349060059, "lowlevel.barkbands_kurtosis.stdev": 42.22798156738281, "lowlevel.barkbands_skewness.mean": 1.7693620920181274, "lowlevel.barkbands_skewness.stdev": 2.3232178688049316, "lowlevel.barkbands_spread.mean": 24.135635375976562, "lowlevel.barkbands_spread.stdev": 16.438657760620117, "lowlevel.dissonance.mean": 0.4669368267059326, "lowlevel.dissonance.stdev": 0.026162363588809967, "lowlevel.dynamic_complexity": 4.28851318359375, "lowlevel.erbbands_crest.mean": 9.268572807312012, "lowlevel.erbbands_crest.stdev": 4.734151840209961, "lowlevel.erbbands_flatness_db.mean": 0.16029156744480133, "lowlevel.erbbands_flatness_db.stdev": 0.05237707868218422, "lowlevel.erbbands_kurtosis.mean": 0.6455408334732056, "lowlevel.erbbands_kurtosis.stdev": 3.2996864318847656, "lowlevel.erbbands_skewness.mean": 0.08540761470794678, "lowlevel.erbbands_skewness.stdev": 0.9132088422775269, "lowlevel.erbbands_spread.mean": 44.34296798706055, "lowlevel.erbbands_spread.stdev": 24.897449493408203, "lowlevel.hfc.mean": 13.001908302307129, "lowlevel.hfc.stdev": 11.776300430297852, "lowlevel.loudness_ebu128.integrated": -13.816362380981445, "lowlevel.loudness_ebu128.loudness_range": 1.6681146621704102, "lowlevel.loudness_ebu128.momentary.mean": -14.119709014892578, "lowlevel.loudness_ebu128.momentary.stdev": 1.8098644018173218, "lowlevel.loudness_ebu128.short_term.mean": -13.883561134338379, "lowlevel.loudness_ebu128.short_term.stdev": 0.5767411589622498, "lowlevel.melbands_crest.mean": 14.957902908325195, "lowlevel.melbands_crest.stdev": 5.9839067459106445, "lowlevel.melbands_flatness_db.mean": 0.19767901301383972, "lowlevel.melbands_flatness_db.stdev": 0.0872834101319313, "lowlevel.melbands_kurtosis.mean": 29.246061325073242, "lowlevel.melbands_kurtosis.stdev": 72.06150817871094, "lowlevel.melbands_skewness.mean": 3.226414203643799, "lowlevel.melbands_skewness.stdev": 3.138674736022949, "lowlevel.melbands_spread.mean": 27.669240951538086, "lowlevel.melbands_spread.stdev": 25.44536018371582, "lowlevel.pitch_salience.mean": 0.5050258040428162, "lowlevel.pitch_salience.stdev": 0.14811205863952637, "lowlevel.silence_rate_20dB.mean": 1.0, "lowlevel.silence_rate_20dB.stdev": 0.0, "lowlevel.silence_rate_30dB.mean": 0.978563129901886, "lowlevel.silence_rate_30dB.stdev": 0.14483486115932465, "lowlevel.silence_rate_60dB.mean": 0.13209733366966248, "lowlevel.silence_rate_60dB.stdev": 0.33859702944755554, "lowlevel.spectral_centroid.mean": 1543.369384765625, "lowlevel.spectral_centroid.stdev": 832.7058715820312, "lowlevel.spectral_complexity.mean": 13.440324783325195, "lowlevel.spectral_complexity.stdev": 9.447150230407715, "lowlevel.spectral_decrease.mean": -5.222437149399184e-09, "lowlevel.spectral_decrease.stdev": 8.379234195388108e-09, "lowlevel.spectral_energy.mean": 0.020890016108751297, "lowlevel.spectral_energy.stdev": 0.032128192484378815, "lowlevel.spectral_energyband_high.mean": 0.000588551047258079, "lowlevel.spectral_energyband_high.stdev": 0.000937757664360106, "lowlevel.spectral_energyband_low.mean": 0.00912314560264349, "lowlevel.spectral_energyband_low.stdev": 0.028150856494903564, "lowlevel.spectral_energyband_middle_high.mean": 0.0031610873993486166, "lowlevel.spectral_energyband_middle_high.stdev": 0.0036305307876318693, "lowlevel.spectral_energyband_middle_low.mean": 0.008386858738958836, "lowlevel.spectral_energyband_middle_low.stdev": 0.01678233966231346, "lowlevel.spectral_entropy.mean": 7.647056579589844, "lowlevel.spectral_entropy.stdev": 0.42810097336769104, "lowlevel.spectral_flux.mean": 0.08148187398910522, "lowlevel.spectral_flux.stdev": 0.07927757501602173, "lowlevel.spectral_kurtosis.mean": 3.650430202484131, "lowlevel.spectral_kurtosis.stdev": 2.326206922531128, "lowlevel.spectral_rms.mean": 0.0037588737905025482, "lowlevel.spectral_rms.stdev": 0.002500270726159215, "lowlevel.spectral_rolloff.mean": 1970.82470703125, "lowlevel.spectral_rolloff.stdev": 2278.9501953125, "lowlevel.spectral_skewness.mean": 1.3087446689605713, "lowlevel.spectral_skewness.stdev": 0.43555980920791626, "lowlevel.spectral_spread.mean": 4632530.0, "lowlevel.spectral_spread.stdev": 1653910.25, "lowlevel.spectral_strongpeak.mean": 0.8138976693153381, "lowlevel.spectral_strongpeak.stdev": 0.9919356107711792, "lowlevel.zerocrossingrate.mean": 0.07419470697641373, "lowlevel.zerocrossingrate.stdev": 0.05889749526977539, "metadata.audio_properties.analysis.equal_loudness": 0.0, "metadata.audio_properties.analysis.length": 40.04265213012695, "metadata.audio_properties.analysis.sample_rate": 44100.0, "metadata.audio_properties.analysis.start_time": 0.0, "metadata.audio_properties.bit_rate": 124977.0, "metadata.audio_properties.length": 40.042667388916016, "metadata.audio_properties.lossless": 0.0, "metadata.audio_properties.number_channels": 1.0, "metadata.audio_properties.replay_gain": -14.865043640136719, "metadata.audio_properties.sample_rate": 48000.0, "rhythm.beats_count": 80.0, "rhythm.beats_loudness.mean": 0.04595443606376648, "rhythm.beats_loudness.stdev": 0.025342466309666634, "rhythm.bpm": 119.95387268066406, "rhythm.bpm_histogram_first_peak_bpm": 120.0, "rhythm.bpm_histogram_first_peak_weight": 0.350649356842041, "rhythm.bpm_histogram_second_peak_bpm": 129.0, "rhythm.bpm_histogram_second_peak_spread": 0.0, "rhythm.bpm_histogram_second_peak_weight": 0.012658228166401386, "rhythm.danceability": 1.7713971138000488, "rhythm.onset_rate": 4.793478488922119, "tonal.chords_changes_rate": 0.054398149251937866, "tonal.chords_number_rate": 0.005787036847323179, "tonal.chords_strength.mean": 0.5948271155357361, "tonal.chords_strength.stdev": 0.06643350422382355, "tonal.hpcp_crest.mean": 13.472505569458008, "tonal.hpcp_crest.stdev": 6.345883369445801, "tonal.hpcp_entropy.mean": 2.0594418048858643, "tonal.hpcp_entropy.stdev": 0.7266613245010376, "tonal.key_edma.strength": 0.769189178943634, "tonal.key_krumhansl.strength": 0.7806209325790405, "tonal.key_temperley.strength": 0.7938393950462341, "tonal.tuning_diatonic_strength": 0.7358666062355042, "tonal.tuning_equal_tempered_deviation": 0.43606558442115784, "tonal.tuning_frequency": 454.4653015136719, "tonal.tuning_nontempered_energy_ratio": 0.9829691648483276, "lowlevel.barkbands.mean": [0.00020220878650434315, 0.006500943563878536, 0.0021269305143505335, 0.0014445383567363024, 0.0037518732715398073, 0.0012138867750763893, 0.0008590830839239061, 0.00041275902185589075, 0.0005396016640588641, 0.00037336573586799204, 0.0004082484811078757, 0.0004153545305598527, 0.0002584720787126571, 0.0003363821015227586, 0.00024820773978717625, 0.0002703625650610775, 0.00042856307118199766, 0.00020208567730151117, 0.00021374928473960608, 0.00017333994037471712, 0.00013419856259133667, 0.00010327875497750938, 0.00010064974776469171, 9.526218491373584e-05, 4.256610191077925e-05, 3.162440043524839e-05, 2.475536575730075e-06], "lowlevel.barkbands.stdev": [0.0006889578071422875, 0.022657886147499084, 0.006970815360546112, 0.004432799760252237, 0.01154532004147768, 0.0018577949376776814, 0.0015805604634806514, 0.0010011338163167238, 0.0014706299407407641, 0.001213145675137639, 0.001145848073065281, 0.0010286617325618863, 0.0007778365397825837, 0.0011551068164408207, 0.0006517841247841716, 0.0006106987129896879, 0.000748847087379545, 0.000355674623278901, 0.00033400123356841505, 0.00023893137404229492, 0.00017535794177092612, 0.00015200101188383996, 0.000251097691943869, 0.00031091560958884656, 0.00010886511881835759, 7.19452218618244e-05, 7.005884981481358e-06], "lowlevel.erbbands.mean": [0.14054547250270844, 1.5852700471878052, 3.047529458999634, 3.1403353214263916, 15.304621696472168, 7.169090270996094, 6.378169536590576, 9.289015769958496, 13.979683876037598, 11.87047004699707, 8.38455867767334, 12.197592735290527, 13.113138198852539, 13.615557670593262, 15.036057472229004, 19.44662094116211, 14.799467086791992, 18.11607551574707, 12.980391502380371, 13.985119819641113, 19.556251525878906, 19.856050491333008, 11.882135391235352, 10.052323341369629, 10.844072341918945, 8.212932586669922, 6.474578857421875, 4.47641658782959, 3.673912763595581, 3.3415966033935547, 2.7564053535461426, 2.1678411960601807, 1.469480037689209, 0.6098148226737976, 0.2429545372724533, 0.11428966373205185, 0.0640692338347435, 0.012885784730315208, 0.00030989848892204463, 3.298429510323331e-05], "lowlevel.erbbands.stdev": [0.5490984916687012, 5.4408345222473145, 9.46636962890625, 7.434625625610352, 55.61304473876953, 16.950159072875977, 12.958479881286621, 14.194945335388184, 23.330549240112305, 25.26071548461914, 18.197355270385742, 35.123451232910156, 34.869781494140625, 49.92872619628906, 38.308021545410156, 42.9524040222168, 41.45304489135742, 59.16726303100586, 38.67909240722656, 36.347225189208984, 37.51228332519531, 29.904285430908203, 20.51869010925293, 16.796676635742188, 16.88077163696289, 10.966059684753418, 8.682011604309082, 5.877616882324219, 5.286169528961182, 5.687739849090576, 7.739352703094482, 7.312175750732422, 4.625001907348633, 1.6800994873046875, 0.606242835521698, 0.30648478865623474, 0.14100782573223114, 0.02753853052854538, 0.0007084953831508756, 4.17188712162897e-05], "lowlevel.gfcc.mean": [-46.359676361083984, 72.19194793701172, -124.0799560546875, 33.80596923828125, -59.536949157714844, 7.237162113189697, -38.32712936401367, 3.178879737854004, -24.423702239990234, 2.193392038345337, -14.103264808654785, 3.7347068786621094, -12.690996170043945], "lowlevel.melbands.mean": [0.0015693468740209937, 0.0017630842048674822, 0.0009684640681371093, 0.0008579169516451657, 0.0002150119107682258, 0.00023306380899157375, 0.00020605689496733248, 0.00011963269207626581, 6.963054329389706e-05, 7.662890129722655e-05, 6.250759906833991e-05, 5.125656753079966e-05, 5.728131145588122e-05, 3.80475539714098e-05, 4.835195068153553e-05, 2.8995045795454644e-05, 3.277009091107175e-05, 2.0130219127167948e-05, 1.608161983313039e-05, 1.9355647964403033e-05, 2.6209721909253858e-05, 2.4390867110923864e-05, 1.2762136975652538e-05, 8.873608749127015e-06, 7.974565960466862e-06, 7.740929504507221e-06, 7.146900316001847e-06, 4.955555141350487e-06, 4.211431132716825e-06, 3.3453572996222647e-06, 2.34176923186169e-06, 2.1410855879366864e-06, 1.8802616068569478e-06, 1.8425819234835217e-06, 1.6018449287003023e-06, 1.431605937796121e-06, 1.2980459587197402e-06, 1.1484796687000198e-06, 6.955511935302638e-07, 4.4347552830004133e-07], "lowlevel.melbands.stdev": [0.005735922139137983, 0.005451991688460112, 0.0028077014721930027, 0.0027828065212816, 0.0003922279574908316, 0.00034883618354797363, 0.0003499360755085945, 0.0002637202269397676, 0.00016067465185187757, 0.00020892643078695983, 0.00017411231237929314, 0.0002049944450845942, 0.00015740678645670414, 7.429845572914928e-05, 0.00013765651965513825, 8.274985884781927e-05, 0.0001112331374315545, 7.047114195302129e-05, 4.178384551778436e-05, 5.275019066175446e-05, 5.583277379628271e-05, 4.0798651752993464e-05, 2.2729422198608518e-05, 1.5713398170191795e-05, 1.4643944268755149e-05, 1.2265731129446067e-05, 1.13408777906443e-05, 6.808814305259148e-06, 6.186043265188346e-06, 4.808322955796029e-06, 3.198735157639021e-06, 3.159561629217933e-06, 3.0159396828821627e-06, 3.3824387628555996e-06, 4.551985512080137e-06, 4.6644636313430965e-06, 4.443491434358293e-06, 3.6943433769920375e-06, 2.0377935925353086e-06, 1.2309081967032398e-06], "lowlevel.melbands128.mean": [0.00016212537593673915, 0.0008742825011722744, 0.002184797078371048, 0.0028565877582877874, 0.0019788097124546766, 0.0008639844600111246, 0.0003978729073423892, 0.0009472144884057343, 0.0020232554525136948, 0.0007998178480193019, 0.00023520943068433553, 0.00021758844377472997, 0.00022169369913171977, 0.00020353200670797378, 0.0001287615450564772, 0.00033499905839562416, 0.00034331128699705005, 0.00011633511894615367, 0.00012941021122969687, 0.00016042088100221008, 9.403013973496854e-05, 5.7738579926081e-05, 6.591283454326913e-05, 7.217538222903386e-05, 0.00010071927681565285, 4.851487392443232e-05, 9.867279004538432e-05, 7.183456909842789e-05, 2.237069020338822e-05, 5.0035065214615315e-05, 5.750621858169325e-05, 5.900251926505007e-05, 8.213866385631263e-05, 3.4224340197397396e-05, 1.626049015612807e-05, 3.963180643040687e-05, 7.484824891434982e-05, 5.080853952676989e-05, 3.146230665151961e-05, 3.192495569237508e-05, 1.5612045899615623e-05, 4.547554635792039e-05, 4.2260253394488245e-05, 2.235574538644869e-05, 1.615835753909778e-05, 2.1404237486422062e-05, 2.432108885841444e-05, 9.730724741530139e-06, 1.3798404324916191e-05, 2.6216763217234984e-05, 1.938320383487735e-05, 1.4379692402144428e-05, 1.618134592717979e-05, 3.295604619779624e-05, 4.685586827690713e-05, 1.9129867723677307e-05, 1.1300525329716038e-05, 1.3196735380915925e-05, 1.551364766783081e-05, 8.308046744787134e-06, 8.368027010874357e-06, 8.471768524032086e-06, 9.57466818363173e-06, 7.695248314121272e-06, 5.190404408494942e-06, 7.453191756212618e-06, 1.0779260264826007e-05, 6.16157058175304e-06, 7.09742880644626e-06, 7.036943316052202e-06, 4.535561856755521e-06, 4.006860763183795e-06, 4.675119726016419e-06, 4.409851953823818e-06, 3.485422212179401e-06, 3.904136519849999e-06, 2.916702442234964e-06, 2.397055141045712e-06, 2.3003915430308552e-06, 2.1854930309928022e-06, 2.4972068786155432e-06, 1.924064918057411e-06, 1.7817333173297811e-06, 1.961523366844631e-06, 1.8337188976147445e-06, 1.938123887157417e-06, 1.7855327314464375e-06, 1.8021012238023104e-06, 1.5151555317061138e-06, 1.542130689813348e-06, 1.5458144844160415e-06, 1.349524154647952e-06, 1.3502046840585535e-06, 1.2492057521740207e-06, 1.3044394790995284e-06, 1.3294204563862877e-06, 1.097950189432595e-06, 9.443172643841535e-07, 6.796510092499375e-07, 5.766077038060757e-07, 5.756742780249624e-07, 4.1490298485769017e-07, 3.026867432254221e-07, 2.9218531949481985e-07, 2.7076333708464517e-07, 2.3300653140267968e-07, 2.483909611328272e-07, 1.9957526831149153e-07, 1.5957830612478574e-07, 2.026431786816829e-07, 1.953855530700821e-07, 1.942622986916831e-07, 2.3209925359424233e-07, 2.1900885371906043e-07, 1.7806118535190762e-07, 1.5359400151737646e-07, 8.533866235893584e-08, 2.144187760677596e-08, 2.092675366327512e-09, 2.6746839118518828e-11, 1.718727590804825e-11, 6.0519575462159025e-12, 5.572870723918877e-12, 5.4764040524624136e-12, 4.5440070976787705e-12, 3.275366523142198e-12, 2.7696735963728125e-12, 2.684285736395675e-12], "lowlevel.melbands128.stdev": [0.0006250391015782952, 0.0036402444820851088, 0.008742430247366428, 0.009572702459990978, 0.006191064603626728, 0.002858402905985713, 0.0010569809237495065, 0.003258064156398177, 0.007622148841619492, 0.002653371309861541, 0.0005549860652536154, 0.000440827599959448, 0.0005842373939231038, 0.0005422586109489202, 0.0003409209311939776, 0.0005653121625073254, 0.0006033518584445119, 0.0004215130757074803, 0.0004247251490596682, 0.0003928948426619172, 0.0003157065366394818, 0.0001807241642381996, 0.00019522567163221538, 0.0002881670370697975, 0.00040732373599894345, 0.00015623378567397594, 0.0003653929743450135, 0.00024899470736272633, 0.00011015694326488301, 0.0002638121950440109, 0.00031105009838938713, 0.00020922257681377232, 0.00027414681972004473, 0.00013661313278134912, 7.922171062091365e-05, 8.309893019031733e-05, 0.00018425173766445369, 0.0002546944306232035, 0.0001087930504581891, 0.00017171270155813545, 5.031351247453131e-05, 0.00019224401330575347, 0.00019409508968237787, 8.291310223285109e-05, 0.0001449988194508478, 9.301902900915593e-05, 8.235147834056988e-05, 5.111238351673819e-05, 5.116548709338531e-05, 0.0001005726880975999, 8.638399594929069e-05, 3.470070078037679e-05, 4.380613972898573e-05, 0.00011600262223510072, 9.959939052350819e-05, 4.35072579421103e-05, 1.7821106666815467e-05, 2.9113025448168628e-05, 3.815562740783207e-05, 1.9320308638270944e-05, 1.8057282431982458e-05, 1.636878732824698e-05, 2.575224789325148e-05, 1.4573150110663846e-05, 8.082634849415626e-06, 1.4232303328753915e-05, 2.2940203052712604e-05, 1.3082971236144658e-05, 1.6275875168503262e-05, 1.1968573744525202e-05, 7.435654424625682e-06, 6.601309451070847e-06, 8.958945727499668e-06, 7.81835478846915e-06, 5.613021585304523e-06, 6.6059697019227315e-06, 4.733748028229456e-06, 3.55410088559438e-06, 3.5459090668155113e-06, 3.428136096772505e-06, 4.123217422602465e-06, 3.234221139791771e-06, 3.0095457077550236e-06, 3.4231900372105883e-06, 3.4709587453107815e-06, 3.498824071357376e-06, 3.5880477753380546e-06, 4.690798050432932e-06, 5.204527951718774e-06, 4.711899691756116e-06, 5.126437827129848e-06, 4.7150588216027245e-06, 5.216546014708001e-06, 4.713896487373859e-06, 4.1997868720500264e-06, 4.285815521143377e-06, 4.0053000702755526e-06, 2.943923618659028e-06, 2.167745606129756e-06, 1.6924049077715608e-06, 1.576105546519102e-06, 1.4386776001629187e-06, 7.856950219320424e-07, 8.794054906502424e-07, 7.333702569667366e-07, 5.793464197267895e-07, 7.369416152869235e-07, 6.641108143412566e-07, 5.344400051399134e-07, 5.399882070378226e-07, 5.693574394172174e-07, 5.163005312169844e-07, 5.344272153706697e-07, 4.6207995296754234e-07, 3.80122031629071e-07, 3.4240227364534803e-07, 2.2690073819831014e-07, 1.0618602885870132e-07, 1.4571593709433728e-08, 4.764920125133187e-10, 3.825305350257935e-10, 4.293690056278443e-11, 4.958855548409247e-11, 5.490615948011701e-11, 3.2698489749183324e-11, 9.95732662989468e-12, 4.878924087653447e-12, 4.693776617381573e-12], "lowlevel.mfcc.mean": [-686.3060302734375, 102.17326354980469, -7.038558006286621, 24.902565002441406, -0.32937416434288025, 5.107081413269043, -3.560753107070923, 0.8279006481170654, -5.3619890213012695, -3.459296703338623, -5.076483726501465, 4.4749040603637695, 1.8807049989700317], "lowlevel.spectral_contrast_coeffs.mean": [-0.6678763031959534, -0.7425249218940735, -0.7778971791267395, -0.8012296557426453, -0.8036719560623169, -0.7410779595375061], "lowlevel.spectral_contrast_coeffs.stdev": [0.10982710868120193, 0.08484845608472824, 0.07271131128072739, 0.05597613379359245, 0.041808582842350006, 0.04958409443497658], "lowlevel.spectral_contrast_valleys.mean": [-7.731746196746826, -7.428679943084717, -7.9149088859558105, -7.989760875701904, -7.719363689422607, -10.743907928466797], "lowlevel.spectral_contrast_valleys.stdev": [1.4129211902618408, 0.9331051111221313, 0.9020602107048035, 0.8770195245742798, 0.9288330674171448, 1.1972490549087524], "rhythm.beats_loudness_band_ratio.mean": [0.6409827470779419, 0.30256763100624084, 0.11171577125787735, 0.05556533858180046, 0.060032475739717484, 0.0505329892039299], "rhythm.beats_loudness_band_ratio.stdev": [0.3030966520309448, 0.19689631462097168, 0.16604799032211304, 0.07886473089456558, 0.07668448239564896, 0.06128125265240669], "tonal.hpcp.mean": [0.07800766825675964, 0.04615158215165138, 0.03934815153479576, 0.05940870940685272, 0.13956978917121887, 0.14085905253887177, 0.07673970609903336, 0.08927173912525177, 0.0826839804649353, 0.05071614310145378, 0.04167536273598671, 0.04260656237602234, 0.06347974389791489, 0.1835166960954666, 0.21684493124485016, 0.11643801629543304, 0.08675302565097809, 0.07344231754541397, 0.0633516013622284, 0.1431010365486145, 0.16592250764369965, 0.09043440967798233, 0.0573866069316864, 0.04589888080954552, 0.06054617837071419, 0.13486172258853912, 0.19955627620220184, 0.24291041493415833, 0.41310274600982666, 0.34081724286079407, 0.09148485213518143, 0.046083543449640274, 0.04932151362299919, 0.06408973783254623, 0.09304377436637878, 0.1082104966044426], "tonal.hpcp.stdev": [0.19676417112350464, 0.14072167873382568, 0.1297893077135086, 0.15234258770942688, 0.22911037504673004, 0.23119044303894043, 0.17692935466766357, 0.18892261385917664, 0.18208006024360657, 0.14432764053344727, 0.11154355108737946, 0.1194009780883789, 0.14441585540771484, 0.2703488767147064, 0.30611392855644226, 0.2132972925901413, 0.20227782428264618, 0.18457311391830444, 0.1497136950492859, 0.25000739097595215, 0.2877492904663086, 0.17811712622642517, 0.1415964663028717, 0.11784934997558594, 0.1512017548084259, 0.24948963522911072, 0.31079813838005066, 0.3176567554473877, 0.39047080278396606, 0.3693467378616333, 0.1653517186641693, 0.1307094246149063, 0.1420886367559433, 0.16670235991477966, 0.20371632277965546, 0.23327676951885223], "rhythm.beats_position": [0.41795918345451355, 0.8591383099555969, 1.3235373497009277, 1.834376335144043, 2.345215320587158, 2.8560543060302734, 3.3436734676361084, 3.8545124530792236, 4.353741645812988, 4.852970600128174, 5.352199554443359, 5.851428508758545, 6.3506574630737305, 6.849886417388916, 7.360725402832031, 7.848344326019287, 8.347573280334473, 8.846802711486816, 9.357641220092773, 9.856870651245117, 10.356099128723145, 10.855328559875488, 11.354557991027832, 11.85378646850586, 12.353015899658203, 12.85224437713623, 13.351473808288574, 13.850702285766602, 14.349931716918945, 14.849161148071289, 15.348389625549316, 15.84761905670166, 16.346847534179688, 16.85768699645996, 17.345306396484375, 17.844533920288086, 18.34376335144043, 18.854602813720703, 19.353832244873047, 19.85306167602539, 20.340679168701172, 20.851518630981445, 21.35074806213379, 21.849977493286133, 22.360815048217773, 22.848434448242188, 23.35927391052246, 23.858503341674805, 24.35773277282715, 24.84535026550293, 25.356189727783203, 25.855419158935547, 26.35464859008789, 26.8538761138916, 27.353105545043945, 27.85233497619629, 28.351564407348633, 28.850793838500977, 29.350021362304688, 29.84925079345703, 30.348480224609375, 30.85931968688965, 31.346939086914062, 31.857776641845703, 32.35700607299805, 32.85623550415039, 33.34385299682617, 33.843082427978516, 34.34231185913086, 34.8531494140625, 35.352378845214844, 35.85160827636719, 36.35083770751953, 36.850067138671875, 37.34929656982422, 37.84852600097656, 38.3593635559082, 38.84698486328125, 39.35782241821289, 39.84543991088867], "rhythm.bpm_histogram": [0.0, 0.0, 0.0, 0.0, 0.0, 0.0, 0.0, 0.0, 0.0, 0.0, 0.0, 0.0, 0.0, 0.0, 0.0, 0.0, 0.0, 0.0, 0.0, 0.0, 0.0, 0.0, 0.0, 0.0, 0.0, 0.0, 0.0, 0.0, 0.0, 0.0, 0.0, 0.0, 0.0, 0.0, 0.0, 0.0, 0.0, 0.0, 0.0, 0.0, 0.0, 0.0, 0.0, 0.0, 0.0, 0.0, 0.0, 0.0, 0.0, 0.0, 0.0, 0.0, 0.0, 0.0, 0.0, 0.0, 0.0, 0.0, 0.0, 0.0, 0.0, 0.0, 0.0, 0.0, 0.0, 0.0, 0.0, 0.0, 0.0, 0.0, 0.0, 0.0, 0.0, 0.0, 0.0, 0.0, 0.0, 0.0, 0.0, 0.0, 0.0, 0.0, 0.0, 0.0, 0.0, 0.0, 0.0, 0.0, 0.0, 0.0, 0.0, 0.0, 0.0, 0.0, 0.0, 0.0, 0.0, 0.0, 0.0, 0.0, 0.0, 0.0, 0.0, 0.0, 0.0, 0.0, 0.0, 0.0, 0.0, 0.0, 0.0, 0.0, 0.0, 0.0, 0.0, 0.0, 0.0, 0.2151898741722107, 0.0, 0.0, 0.6329113841056824, 0.0, 0.0, 0.1265822798013687, 0.0, 0.0, 0.0, 0.0, 0.0, 0.012658228166401386, 0.0, 0.0, 0.0, 0.0, 0.0, 0.0, 0.012658228166401386, 0.0, 0.0, 0.0, 0.0, 0.0, 0.0, 0.0, 0.0, 0.0, 0.0, 0.0, 0.0, 0.0, 0.0, 0.0, 0.0, 0.0, 0.0, 0.0, 0.0, 0.0, 0.0, 0.0, 0.0, 0.0, 0.0, 0.0, 0.0, 0.0, 0.0, 0.0, 0.0, 0.0, 0.0, 0.0, 0.0, 0.0, 0.0, 0.0, 0.0, 0.0, 0.0, 0.0, 0.0, 0.0, 0.0, 0.0, 0.0, 0.0, 0.0, 0.0, 0.0, 0.0, 0.0, 0.0, 0.0, 0.0, 0.0, 0.0, 0.0, 0.0, 0.0, 0.0, 0.0, 0.0, 0.0, 0.0, 0.0, 0.0, 0.0, 0.0, 0.0, 0.0, 0.0, 0.0, 0.0, 0.0, 0.0, 0.0, 0.0, 0.0, 0.0, 0.0, 0.0, 0.0, 0.0, 0.0, 0.0, 0.0, 0.0, 0.0, 0.0, 0.0, 0.0, 0.0, 0.0, 0.0, 0.0, 0.0, 0.0, 0.0, 0.0, 0.0, 0.0, 0.0, 0.0, 0.0, 0.0, 0.0, 0.0, 0.0, 0.0, 0.0], "tonal.chords_histogram": [40.27777862548828, 7.754629611968994, 0.9259259104728699, 0.0, 0.0, 0.0, 0.0, 0.0, 0.0, 0.0, 0.0, 0.0, 0.0, 0.0, 0.0, 6.712963104248047, 0.46296295523643494, 0.0, 0.0, 0.0, 0.0, 0.0, 36.689815521240234, 7.1759257316589355], "tonal.thpcp": [1.0, 0.8250181078910828, 0.22145786881446838, 0.11155467480421066, 0.11939284950494766, 0.15514236688613892, 0.22523155808448792, 0.2619457244873047, 0.1888335794210434, 0.11171937733888626, 0.09525027871131897, 0.14381097257137299, 0.33785733580589294, 0.3409782648086548, 0.18576420843601227, 0.2161005735397339, 0.20015354454517365, 0.122768834233284, 0.10088377445936203, 0.10313793271780014, 0.15366575121879578, 0.4442398250102997, 0.5249176621437073, 0.2818621098995209, 0.21000351011753082, 0.17778220772743225, 0.15335555374622345, 0.3464054465293884, 0.40164950489997864, 0.21891506016254425, 0.13891606032848358, 0.11110766232013702, 0.14656445384025574, 0.32646048069000244, 0.48306694626808167, 0.588014543056488], "lowlevel.gfcc.cov": [[8048.2548828125, -209.84417724609375, 78.44024658203125, 227.8684844970703, -78.53382873535156, -132.55453491210938, -254.95339965820312, 63.22576904296875, -136.10166931152344, -88.23321533203125, -307.7747497558594, -0.9180379509925842, -212.54214477539062], [-209.84417724609375, 2819.404052734375, -101.51493072509766, 510.09173583984375, 552.8829956054688, 30.513654708862305, 557.1610717773438, 18.127199172973633, 295.37249755859375, -107.06071472167969, 417.7286376953125, -136.3810272216797, 181.2640380859375], [78.44024658203125, -101.51493072509766, 1477.0887451171875, 559.522705078125, 317.6213684082031, 355.9892272949219, 117.03473663330078, 191.02987670898438, 2.8864893913269043, 73.04729461669922, -60.46901321411133, 19.114761352539062, -147.1674041748047], [227.8684844970703, 510.09173583984375, 559.522705078125, 843.9512939453125, 375.0938720703125, 150.53248596191406, 195.38748168945312, 124.59771728515625, 119.26673889160156, -20.321687698364258, 114.46743774414062, -41.474143981933594, 12.641985893249512], [-78.53382873535156, 552.8829956054688, 317.6213684082031, 375.0938720703125, 469.37493896484375, 182.023681640625, 253.22845458984375, 121.76283264160156, 141.52035522460938, 44.176429748535156, 103.03372192382812, -3.3758716583251953, 26.00168228149414], [-132.55453491210938, 30.513654708862305, 355.9892272949219, 150.53248596191406, 182.023681640625, 334.80828857421875, 196.62132263183594, 94.7246322631836, 44.93950653076172, 30.22366714477539, 13.944080352783203, -5.72825813293457, -49.648502349853516], [-254.95339965820312, 557.1610717773438, 117.03473663330078, 195.38748168945312, 253.22845458984375, 196.62132263183594, 388.91656494140625, 104.53060913085938, 116.83853149414062, 1.0021480321884155, 118.28977966308594, -15.668054580688477, 5.193622589111328], [63.22576904296875, 18.127199172973633, 191.02987670898438, 124.59771728515625, 121.76283264160156, 94.7246322631836, 104.53060913085938, 185.80783081054688, 87.9912109375, 66.99595642089844, 35.97317123413086, 27.87553596496582, -19.19965362548828], [-136.10166931152344, 295.37249755859375, 2.8864893913269043, 119.26673889160156, 141.52035522460938, 44.93950653076172, 116.83853149414062, 87.9912109375, 198.91590881347656, 74.06802368164062, 99.02749633789062, -3.6518900394439697, 61.685768127441406], [-88.23321533203125, -107.06071472167969, 73.04729461669922, -20.321687698364258, 44.176429748535156, 30.22366714477539, 1.0021480321884155, 66.99595642089844, 74.06802368164062, 142.12545776367188, 45.9552116394043, 42.29454803466797, 4.408575534820557], [-307.7747497558594, 417.7286376953125, -60.46901321411133, 114.46743774414062, 103.03372192382812, 13.944080352783203, 118.28977966308594, 35.97317123413086, 99.02749633789062, 45.9552116394043, 213.8091278076172, 37.184783935546875, 58.46807098388672], [-0.9180379509925842, -136.3810272216797, 19.114761352539062, -41.474143981933594, -3.3758716583251953, -5.72825813293457, -15.668054580688477, 27.87553596496582, -3.6518900394439697, 42.29454803466797, 37.184783935546875, 102.41881561279297, 20.327476501464844], [-212.54214477539062, 181.2640380859375, -147.1674041748047, 12.641985893249512, 26.00168228149414, -49.648502349853516, 5.193622589111328, -19.19965362548828, 61.685768127441406, 4.408575534820557, 58.46807098388672, 20.327476501464844, 130.9248504638672]], "lowlevel.gfcc.icov": [[0.00015767973673064262, -0.0001000731936073862, 0.0001071536389645189, -0.00017530235345475376, 5.698839231627062e-05, -1.9986344341305085e-05, 0.0001666752650635317, -0.00010191470209974796, -6.900203152326867e-05, -2.570919787103776e-05, 0.00044645697926171124, -0.00039967920747585595, 0.00038749913801439106], [-0.0001000731936073862, 0.0011612353846430779, -0.0003196540637873113, 0.00042691887938417494, -0.0009374142973683774, 0.000909249356482178, -0.0009851588401943445, 0.00040476094000041485, -0.00032035086769610643, 0.0012485891347751021, -0.002101029735058546, 0.0019303584704175591, -0.0007938469061627984], [0.0001071536389645189, -0.0003196540637873113, 0.0017265441128984094, -0.0012391310883685946, -3.011537410202436e-05, -0.001356485765427351, 0.0007442300557158887, -0.0004492397711146623, 0.0005478048115037382, -0.0011390895815566182, 0.0015616249293088913, -0.001440295367501676, 0.0013795698760077357], [-0.00017530235345475376, 0.00042691887938417494, -0.0012391310883685946, 0.0031800821889191866, -0.001823350670747459, 0.0007318221032619476, 0.0001266787585336715, -0.0007178609957918525, -0.0004632042837329209, 0.002476342488080263, -0.0027035840321332216, 0.002438856288790703, -0.0010826780926436186], [5.698839231627062e-05, -0.0009374142973683774, -3.011537410202436e-05, -0.001823350670747459, 0.005984819028526545, -0.0013309648493304849, -0.0013361325254663825, -0.0002386540872976184, -0.0006913222605362535, -0.0021250059362500906, 0.0020610643550753593, -0.0018163354834541678, -0.00038388228858821094], [-1.9986344341305085e-05, 0.000909249356482178, -0.001356485765427351, 0.0007318221032619476, -0.0013309648493304849, 0.006923807319253683, -0.0036180673632770777, 7.697773980908096e-05, -2.1074398318887688e-05, 0.00015777608496136963, -0.0007907786057330668, 0.001700248452834785, 0.00025179676595143974], [0.0001666752650635317, -0.0009851588401943445, 0.0007442300557158887, 0.0001266787585336715, -0.0013361325254663825, -0.0036180673632770777, 0.007686362601816654, -0.0021320574451237917, -0.0012920527951791883, 0.0023284151684492826, -0.0009504217887297273, -0.0009142089984379709, 0.0018313460750505328], [-0.00010191470209974796, 0.00040476094000041485, -0.0004492397711146623, -0.0007178609957918525, -0.0002386540872976184, 7.697773980908096e-05, -0.0021320574451237917, 0.011010918766260147, -0.004459937568753958, -0.00185304949991405, 0.0010228120954707265, -0.003323661396279931, 0.0028373675886541605], [-6.900203152326867e-05, -0.00032035086769610643, 0.0005478048115037382, -0.0004632042837329209, -0.0006913222605362535, -2.1074398318887688e-05, -0.0012920527951791883, -0.004459937568753958, 0.014207853004336357, -0.006538843270391226, -0.0017247595824301243, 0.005300759803503752, -0.006008145399391651], [-2.570919787103776e-05, 0.0012485891347751021, -0.0011390895815566182, 0.002476342488080263, -0.0021250059362500906, 0.00015777608496136963, 0.0023284151684492826, -0.00185304949991405, -0.006538843270391226, 0.01574145257472992, -0.004608447197824717, -0.0017216019332408905, 0.0017039082013070583], [0.00044645697926171124, -0.002101029735058546, 0.0015616249293088913, -0.0027035840321332216, 0.0020610643550753593, -0.0007907786057330668, -0.0009504217887297273, 0.0010228120954707265, -0.0017247595824301243, -0.004608447197824717, 0.013541324064135551, -0.007908301427960396, 0.001276940107345581], [-0.00039967920747585595, 0.0019303584704175591, -0.001440295367501676, 0.002438856288790703, -0.0018163354834541678, 0.001700248452834785, -0.0009142089984379709, -0.003323661396279931, 0.005300759803503752, -0.0017216019332408905, -0.007908301427960396, 0.01945839636027813, -0.0065504820086061954], [0.00038749913801439106, -0.0007938469061627984, 0.0013795698760077357, -0.0010826780926436186, -0.00038388228858821094, 0.00025179676595143974, 0.0018313460750505328, 0.0028373675886541605, -0.006008145399391651, 0.0017039082013070583, 0.001276940107345581, -0.0065504820086061954, 0.014756699092686176]], "lowlevel.mfcc.cov": [[8086.4580078125, -193.97398376464844, -248.9921875, 218.99703979492188, -5.686741352081299, -209.1262664794922, -214.50009155273438, -14.164627075195312, -52.69972229003906, -55.531272888183594, -138.8533477783203, -122.58857727050781, -128.88201904296875], [-193.97398376464844, 1963.2437744140625, -177.1031951904297, 386.46746826171875, 72.22797393798828, 186.1153106689453, 245.97564697265625, 184.55477905273438, 54.39263153076172, 93.75859832763672, 142.6653594970703, 104.51757049560547, 168.96572875976562], [-248.9921875, -177.1031951904297, 1035.35791015625, 293.17523193359375, 310.08551025390625, 191.67054748535156, 181.17201232910156, 146.1165008544922, 89.04257202148438, 56.35933303833008, 104.35234832763672, 21.643596649169922, 3.3963871002197266], [218.99703979492188, 386.46746826171875, 293.17523193359375, 689.4876708984375, 297.7091369628906, 148.34938049316406, 169.27682495117188, 157.0031280517578, 85.2934341430664, 79.9280776977539, 66.74758911132812, 88.76518249511719, 101.07245635986328], [-5.686741352081299, 72.22797393798828, 310.08551025390625, 297.7091369628906, 345.9223327636719, 134.4534149169922, 100.201171875, 81.11662292480469, 91.31429290771484, 79.65503692626953, 56.22385025024414, 60.04448318481445, 49.636512756347656], [-209.1262664794922, 186.1153106689453, 191.67054748535156, 148.34938049316406, 134.4534149169922, 264.4673767089844, 175.3782501220703, 129.8472900390625, 80.71782684326172, 75.04499816894531, 73.49128723144531, 24.712875366210938, 28.578575134277344], [-214.50009155273438, 245.97564697265625, 181.17201232910156, 169.27682495117188, 100.201171875, 175.3782501220703, 260.82781982421875, 179.2432098388672, 57.67791748046875, 58.178585052490234, 96.22471618652344, 45.660160064697266, 57.786949157714844], [-14.164627075195312, 184.55477905273438, 146.1165008544922, 157.0031280517578, 81.11662292480469, 129.8472900390625, 179.2432098388672, 217.60723876953125, 80.97329711914062, 64.19644165039062, 79.51276397705078, 39.644020080566406, 48.93709182739258], [-52.69972229003906, 54.39263153076172, 89.04257202148438, 85.2934341430664, 91.31429290771484, 80.71782684326172, 57.67791748046875, 80.97329711914062, 148.60931396484375, 92.13923645019531, 44.70801544189453, 18.86225128173828, 21.3897647857666], [-55.531272888183594, 93.75859832763672, 56.35933303833008, 79.9280776977539, 79.65503692626953, 75.04499816894531, 58.178585052490234, 64.19644165039062, 92.13923645019531, 141.6374969482422, 87.60657501220703, 28.197486877441406, 19.411434173583984], [-138.8533477783203, 142.6653594970703, 104.35234832763672, 66.74758911132812, 56.22385025024414, 73.49128723144531, 96.22471618652344, 79.51276397705078, 44.70801544189453, 87.60657501220703, 156.37286376953125, 62.123809814453125, 35.69082260131836], [-122.58857727050781, 104.51757049560547, 21.643596649169922, 88.76518249511719, 60.04448318481445, 24.712875366210938, 45.660160064697266, 39.644020080566406, 18.86225128173828, 28.197486877441406, 62.123809814453125, 129.67591857910156, 82.59111785888672], [-128.88201904296875, 168.96572875976562, 3.3963871002197266, 101.07245635986328, 49.636512756347656, 28.578575134277344, 57.786949157714844, 48.93709182739258, 21.3897647857666, 19.411434173583984, 35.69082260131836, 82.59111785888672, 129.55686950683594]], "lowlevel.mfcc.icov": [[0.00013940090138930827, 1.2399395018292125e-05, 5.39566608495079e-05, -0.00010896995809162036, -4.576654464472085e-05, 8.663823246024549e-05, 0.000181889277882874, -0.0002207743818871677, 6.995422882027924e-05, 3.5850600852427306e-06, 8.581023394071963e-06, 9.754209168022498e-05, 0.00013015484728384763], [1.2399395018292125e-05, 0.000751782557927072, 0.00034049383248202503, -0.00044146430445834994, 0.00019012708798982203, -0.00028609580476768315, -0.0003111365658696741, 2.4473647499689832e-05, 8.486458682455122e-05, 6.816293898737058e-05, -0.0005233387928456068, 0.0003257690987084061, -0.0006005755276419222], [5.39566608495079e-05, 0.00034049383248202503, 0.001721586799249053, -0.000324558699503541, -0.0012354216305539012, -0.00027100215083919466, -0.0003301145334262401, -0.0003169431583955884, -0.00021942699095234275, 0.0011601431760936975, -0.0012906204210594296, 0.0006968400557525456, 0.000391460838727653], [-0.00010896995809162036, -0.00044146430445834994, -0.000324558699503541, 0.003031552769243717, -0.00201317947357893, 0.00030835403595119715, -0.0003708393778651953, -0.0008699981844983995, 0.0004577513027470559, -0.0005455113132484257, 0.0010060652857646346, -0.0005301571800373495, -0.000624894630163908], [-4.576654464472085e-05, 0.00019012708798982203, -0.0012354216305539012, -0.00201317947357893, 0.0068618012592196465, -0.0015774721978232265, -1.5683430319768377e-05, 0.0015175180742517114, -0.0014962924178689718, -0.0014745356747880578, 0.0009752294281497598, -0.0017235921695828438, -0.00023963392595760524], [8.663823246024549e-05, -0.00028609580476768315, -0.00027100215083919466, 0.00030835403595119715, -0.0015774721978232265, 0.008398988284170628, -0.004567889031022787, -0.0001319373695878312, -0.0012337503721937537, -0.0012040219735354185, 0.0004867868556175381, 0.0004980896483175457, 0.0009972512489184737], [0.000181889277882874, -0.0003111365658696741, -0.0003301145334262401, -0.0003708393778651953, -1.5683430319768377e-05, -0.004567889031022787, 0.013517982326447964, -0.007578133139759302, 0.0020836740732192993, 0.0013813941041007638, -0.0028760202694684267, 0.0010019006440415978, -0.0016661185072734952], [-0.0002207743818871677, 2.4473647499689832e-05, -0.0003169431583955884, -0.0008699981844983995, 0.0015175180742517114, -0.0001319373695878312, -0.007578133139759302, 0.013173368759453297, -0.004340029321610928, 0.0003799894475378096, -0.0008877106010913849, -0.0002149017818737775, -0.0006714769406244159], [6.995422882027924e-05, 8.486458682455122e-05, -0.00021942699095234275, 0.0004577513027470559, -0.0014962924178689718, -0.0012337503721937537, 0.0020836740732192993, -0.004340029321610928, 0.014282602816820145, -0.008532962761819363, 0.0027786139398813248, 0.00020765914814546704, -0.0008144811145029962], [3.5850600852427306e-06, 6.816293898737058e-05, 0.0011601431760936975, -0.0005455113132484257, -0.0014745356747880578, -0.0012040219735354185, 0.0013813941041007638, 0.0003799894475378096, -0.008532962761819363, 0.0184540506452322, -0.009275021031498909, 0.0018579944735392928, 0.00039516561082564294], [8.581023394071963e-06, -0.0005233387928456068, -0.0012906204210594296, 0.0010060652857646346, 0.0009752294281497598, 0.0004867868556175381, -0.0028760202694684267, -0.0008877106010913849, 0.0027786139398813248, -0.009275021031498909, 0.015413256362080574, -0.006144254934042692, 0.0016788507346063852], [9.754209168022498e-05, 0.0003257690987084061, 0.0006968400557525456, -0.0005301571800373495, -0.0017235921695828438, 0.0004980896483175457, 0.0010019006440415978, -0.0002149017818737775, 0.00020765914814546704, 0.0018579944735392928, -0.006144254934042692, 0.016286013647913933, -0.008749912492930889], [0.00013015484728384763, -0.0006005755276419222, 0.000391460838727653, -0.000624894630163908, -0.00023963392595760524, 0.0009972512489184737, -0.0016661185072734952, -0.0006714769406244159, -0.0008144811145029962, 0.00039516561082564294, 0.0016788507346063852, -0.008749912492930889, 0.015167951583862305]], "metadata.audio_properties.analysis.downmix": "mix", "metadata.audio_properties.codec": "mp3", "metadata.audio_properties.md5_encoded": "d8183a61116935bce6792279dbb5c177", "metadata.tags.file_name": "1182282615932330035.mp3", "metadata.versi