{"song_id": "1182275737940672542", "download": "https://cdn.discordapp.com/attachments/1128313332273782784/1182275737940672542/chirp.mp4?ex=65841b15&amp", "lyrics": "[Verse]\nOn a path through the night they walked\nTheir hearts ablaze, their spirits talked\nThrough treacherous forests, they pressed ahead\nBound by fate, an oath they had said\n\n[Chorus]\nOh, fallen band, your tale we'll sing\nThrough trials and tears, forever we cling\nTo the memory of heroes so brave\nOn a doomed quest to a castle grave", "style": ["rap"], "essentia_features": {"lowlevel.average_loudness": 0.9778046011924744, "lowlevel.barkbands_crest.mean": 10.688979148864746, "lowlevel.barkbands_crest.stdev": 5.025390625, "lowlevel.barkbands_flatness_db.mean": 0.16127850115299225, "lowlevel.barkbands_flatness_db.stdev": 0.04846637323498726, "lowlevel.barkbands_kurtosis.mean": 3.3523976802825928, "lowlevel.barkbands_kurtosis.stdev": 7.335732460021973, "lowlevel.barkbands_skewness.mean": 1.4587631225585938, "lowlevel.barkbands_skewness.stdev": 1.3400012254714966, "lowlevel.barkbands_spread.mean": 24.6908016204834, "lowlevel.barkbands_spread.stdev": 12.220242500305176, "lowlevel.dissonance.mean": 0.47584182024002075, "lowlevel.dissonance.stdev": 0.020527780055999756, "lowlevel.dynamic_complexity": 1.6647943258285522, "lowlevel.erbbands_crest.mean": 8.096059799194336, "lowlevel.erbbands_crest.stdev": 4.478442192077637, "lowlevel.erbbands_flatness_db.mean": 0.1742001622915268, "lowlevel.erbbands_flatness_db.stdev": 0.04491611197590828, "lowlevel.erbbands_kurtosis.mean": 0.3576044738292694, "lowlevel.erbbands_kurtosis.stdev": 1.7562159299850464, "lowlevel.erbbands_skewness.mean": -0.28112465143203735, "lowlevel.erbbands_skewness.stdev": 0.6652871370315552, "lowlevel.erbbands_spread.mean": 39.23857116699219, "lowlevel.erbbands_spread.stdev": 18.858551025390625, "lowlevel.hfc.mean": 24.881366729736328, "lowlevel.hfc.stdev": 13.33154296875, "lowlevel.loudness_ebu128.integrated": -14.940792083740234, "lowlevel.loudness_ebu128.loudness_range": 1.8893365859985352, "lowlevel.loudness_ebu128.momentary.mean": -15.052591323852539, "lowlevel.loudness_ebu128.momentary.stdev": 0.9985957741737366, "lowlevel.loudness_ebu128.short_term.mean": -15.002532005310059, "lowlevel.loudness_ebu128.short_term.stdev": 0.7368935942649841, "lowlevel.melbands_crest.mean": 16.768869400024414, "lowlevel.melbands_crest.stdev": 7.098346710205078, "lowlevel.melbands_flatness_db.mean": 0.19223091006278992, "lowlevel.melbands_flatness_db.stdev": 0.07149243354797363, "lowlevel.melbands_kurtosis.mean": 14.733920097351074, "lowlevel.melbands_kurtosis.stdev": 22.851884841918945, "lowlevel.melbands_skewness.mean": 2.894538402557373, "lowlevel.melbands_skewness.stdev": 2.080085515975952, "lowlevel.melbands_spread.mean": 27.601600646972656, "lowlevel.melbands_spread.stdev": 20.727684020996094, "lowlevel.pitch_salience.mean": 0.5095534920692444, "lowlevel.pitch_salience.stdev": 0.14513364434242249, "lowlevel.silence_rate_20dB.mean": 1.0, "lowlevel.silence_rate_20dB.stdev": 0.0, "lowlevel.silence_rate_30dB.mean": 0.8934426307678223, "lowlevel.silence_rate_30dB.stdev": 0.30854955315589905, "lowlevel.silence_rate_60dB.mean": 0.009016393683850765, "lowlevel.silence_rate_60dB.stdev": 0.09452476352453232, "lowlevel.spectral_centroid.mean": 1545.484130859375, "lowlevel.spectral_centroid.stdev": 554.564208984375, "lowlevel.spectral_complexity.mean": 25.58524513244629, "lowlevel.spectral_complexity.stdev": 8.077195167541504, "lowlevel.spectral_decrease.mean": -1.1658110032897184e-08, "lowlevel.spectral_decrease.stdev": 1.1278351585986002e-08, "lowlevel.spectral_energy.mean": 0.046257223933935165, "lowlevel.spectral_energy.stdev": 0.043182142078876495, "lowlevel.spectral_energyband_high.mean": 0.0008519158000126481, "lowlevel.spectral_energyband_high.stdev": 0.001035918015986681, "lowlevel.spectral_energyband_low.mean": 0.028256094083189964, "lowlevel.spectral_energyband_low.stdev": 0.03937186673283577, "lowlevel.spectral_energyband_middle_high.mean": 0.008078496903181076, "lowlevel.spectral_energyband_middle_high.stdev": 0.006072408054023981, "lowlevel.spectral_energyband_middle_low.mean": 0.01383337564766407, "lowlevel.spectral_energyband_middle_low.stdev": 0.016451215371489525, "lowlevel.spectral_entropy.mean": 7.735040187835693, "lowlevel.spectral_entropy.stdev": 0.3314228057861328, "lowlevel.spectral_flux.mean": 0.1224781945347786, "lowlevel.spectral_flux.stdev": 0.08528587967157364, "lowlevel.spectral_kurtosis.mean": 3.8403100967407227, "lowlevel.spectral_kurtosis.stdev": 2.6954405307769775, "lowlevel.spectral_rms.mean": 0.00609675794839859, "lowlevel.spectral_rms.stdev": 0.0028210822492837906, "lowlevel.spectral_rolloff.mean": 1620.516357421875, "lowlevel.spectral_rolloff.stdev": 1448.8529052734375, "lowlevel.spectral_skewness.mean": 1.302574634552002, "lowlevel.spectral_skewness.stdev": 0.3291626572608948, "lowlevel.spectral_spread.mean": 3945614.25, "lowlevel.spectral_spread.stdev": 1185467.25, "lowlevel.spectral_strongpeak.mean": 0.9056360721588135, "lowlevel.spectral_strongpeak.stdev": 1.1194307804107666, "lowlevel.zerocrossingrate.mean": 0.06157546862959862, "lowlevel.zerocrossingrate.stdev": 0.036317791789770126, "metadata.audio_properties.analysis.equal_loudness": 0.0, "metadata.audio_properties.analysis.length": 28.287981033325195, "metadata.audio_properties.analysis.sample_rate": 44100.0, "metadata.audio_properties.analysis.start_time": 0.0, "metadata.audio_properties.bit_rate": 102264.0, "metadata.audio_properties.length": 28.288000106811523, "metadata.audio_properties.lossless": 0.0, "metadata.audio_properties.number_channels": 1.0, "metadata.audio_properties.replay_gain": -10.562763214111328, "metadata.audio_properties.sample_rate": 48000.0, "rhythm.beats_count": 68.0, "rhythm.beats_loudness.mean": 0.07731979340314865, "rhythm.beats_loudness.stdev": 0.029529934749007225, "rhythm.bpm": 144.08395385742188, "rhythm.bpm_histogram_first_peak_bpm": 144.0, "rhythm.bpm_histogram_first_peak_weight": 0.12903225421905518, "rhythm.bpm_histogram_second_peak_bpm": 152.0, "rhythm.bpm_histogram_second_peak_spread": 0.0, "rhythm.bpm_histogram_second_peak_weight": 0.04477611929178238, "rhythm.danceability": 1.5474408864974976, "rhythm.onset_rate": 4.274844169616699, "tonal.chords_changes_rate": 0.05728314071893692, "tonal.chords_number_rate": 0.011456628330051899, "tonal.chords_strength.mean": 0.5727898478507996, "tonal.chords_strength.stdev": 0.09084615856409073, "tonal.hpcp_crest.mean": 13.61208438873291, "tonal.hpcp_crest.stdev": 7.225218772888184, "tonal.hpcp_entropy.mean": 2.0939841270446777, "tonal.hpcp_entropy.stdev": 0.8808326125144958, "tonal.key_edma.strength": 0.6514472365379333, "tonal.key_krumhansl.strength": 0.6726051568984985, "tonal.key_temperley.strength": 0.7047722935676575, "tonal.tuning_diatonic_strength": 0.6322129964828491, "tonal.tuning_equal_tempered_deviation": 0.30952563881874084, "tonal.tuning_frequency": 434.193115234375, "tonal.tuning_nontempered_energy_ratio": 0.9432909488677979, "lowlevel.barkbands.mean": [0.0009818177204579115, 0.014490258879959583, 0.008243388496339321, 0.007126270327717066, 0.0023971558548510075, 0.0008646370843052864, 0.0014735672157257795, 0.0010050989221781492, 0.0006246384000405669, 0.000773947685956955, 0.0013716282555833459, 0.000884702370967716, 0.000828821852337569, 0.0010271852370351553, 0.0009376861853525043, 0.0008307773387059569, 0.0006501817260868847, 0.00031704874709248543, 0.00042554771061986685, 0.0002587379131000489, 0.00019174809858668596, 0.00018345398711971939, 0.00018864973390009254, 0.00011055381764890626, 6.854062667116523e-05, 1.1623228601820301e-06, 1.967947582670604e-09], "lowlevel.barkbands.stdev": [0.0022234574425965548, 0.029039328917860985, 0.01383123081177473, 0.01309298537671566, 0.00393653754144907, 0.0016147535061463714, 0.002518254332244396, 0.0016718250699341297, 0.001595181180164218, 0.0018517018761485815, 0.0033945722971111536, 0.001950641511939466, 0.0014696720754727721, 0.0018861854914575815, 0.0016647593583911657, 0.0011302216444164515, 0.0006914181285537779, 0.0002951307105831802, 0.0003866960178129375, 0.00026101170806214213, 0.0002402184618404135, 0.00027214735746383667, 0.0003227086563128978, 0.00015244357928168029, 8.140991849359125e-05, 4.258004992152564e-06, 2.0629400410143717e-08], "lowlevel.erbbands.mean": [0.548295259475708, 2.774890184402466, 7.629292011260986, 20.754772186279297, 13.593021392822266, 7.094842433929443, 5.024374485015869, 8.614837646484375, 20.645893096923828, 21.93172836303711, 19.31913185119629, 14.90964412689209, 25.74749183654785, 28.40831756591797, 50.50008773803711, 40.70989227294922, 36.26047897338867, 46.0796012878418, 54.32081985473633, 43.097900390625, 53.18500518798828, 35.138187408447266, 18.513883590698242, 18.596275329589844, 21.549053192138672, 12.409207344055176, 8.299864768981934, 7.091687202453613, 6.731039524078369, 6.630555152893066, 4.96560525894165, 2.8783106803894043, 1.528302550315857, 0.8515114784240723, 0.43677273392677307, 0.03795356675982475, 0.0010200835531577468, 6.680977821815759e-05, 3.2022842788137496e-05, 5.519248952623457e-05], "lowlevel.erbbands.stdev": [1.1701712608337402, 5.954199314117432, 15.008801460266113, 30.720327377319336, 23.827444076538086, 12.770378112792969, 9.648062705993652, 15.889237403869629, 37.79320526123047, 36.84205627441406, 33.74980545043945, 35.36292266845703, 57.55885314941406, 61.71842575073242, 116.37291717529297, 90.9388427734375, 55.591880798339844, 68.76152038574219, 79.42079162597656, 75.24053192138672, 64.13011169433594, 34.354148864746094, 16.54311752319336, 17.431835174560547, 19.882320404052734, 12.367433547973633, 9.990286827087402, 9.314275741577148, 9.919099807739258, 11.09946060180664, 8.204566955566406, 4.126490116119385, 2.0512807369232178, 1.0228441953659058, 0.5379151701927185, 0.06081150472164154, 0.0016325995093211532, 8.752446592552587e-05, 2.263468377350364e-05, 4.7212670324370265e-05], "lowlevel.gfcc.mean": [9.501565933227539, 105.45399475097656, -149.52175903320312, 53.234832763671875, -57.12060546875, 26.349355697631836, -40.59868621826172, 8.609407424926758, -17.920654296875, -7.473468780517578, -6.946646690368652, -17.292131423950195, -3.570673942565918], "lowlevel.melbands.mean": [0.004393874201923609, 0.003988251090049744, 0.0032909384462982416, 0.0006445238832384348, 0.00021155380818527192, 0.00020980535191483796, 0.0003059640876017511, 0.00023392731964122504, 0.00014950602781027555, 9.149046672973782e-05, 0.00012896783300675452, 0.00010486427345313132, 0.0001870208216132596, 9.619754564482719e-05, 9.150633559329435e-05, 8.664896449772641e-05, 8.86189445736818e-05, 9.363695426145568e-05, 7.229509355966002e-05, 4.882396024186164e-05, 6.424552702810615e-05, 4.088797504664399e-05, 1.827821324695833e-05, 1.5009752132755239e-05, 1.4747650311619509e-05, 1.648058241698891e-05, 1.2796830560546368e-05, 7.124390776880318e-06, 5.335650257620728e-06, 4.373886895336909e-06, 4.042654381919419e-06, 3.831341928162146e-06, 3.6147114315099316e-06, 3.7993406749592395e-06, 3.2001532872527605e-06, 1.886505287984619e-06, 1.6872093056008453e-06, 1.0934144256680156e-06, 8.398201316595078e-07, 6.725060188728094e-07], "lowlevel.melbands.stdev": [0.008853220380842686, 0.00727824866771698, 0.00483197346329689, 0.0010845905635505915, 0.00037830963265150785, 0.00037342889118008316, 0.0005249091773293912, 0.00038581190165132284, 0.00027756174677051604, 0.00025525843375362456, 0.00029931808239780366, 0.00023580215929541737, 0.0004654435906559229, 0.00019174101180396974, 0.00020369321282487363, 0.0001574597117723897, 0.00014673640544060618, 0.00015708085265941918, 0.0001565595594001934, 7.189322786871344e-05, 7.72111234255135e-05, 4.5971501094754785e-05, 1.7090244000428356e-05, 1.4454303709499072e-05, 1.513714869361138e-05, 1.571754546603188e-05, 1.2568006241053808e-05, 7.775548510835506e-06, 6.76258468956803e-06, 5.723692083847709e-06, 5.621344826067798e-06, 5.754841822636081e-06, 5.77606397200725e-06, 6.847774329798995e-06, 5.601403245236725e-06, 2.8052154448232614e-06, 2.451438376738224e-06, 1.5338531511588371e-06, 1.0606552223180188e-06, 8.27054009278072e-07], "lowlevel.melbands128.mean": [0.0009009370114654303, 0.004668507259339094, 0.005838723387569189, 0.004002752713859081, 0.003220601473003626, 0.004493630491197109, 0.004727818537503481, 0.0029512981418520212, 0.0011564417509362102, 0.0004403472994454205, 0.00036175662535242736, 0.00032853413722477853, 0.00014936803199816495, 9.452033555135131e-05, 0.0001359430025331676, 0.00028293419745750725, 0.0004539487708825618, 0.00023340033658314496, 0.00024862249847501516, 0.0002506771998014301, 0.0002457942464388907, 0.00014168773486744612, 0.00017596152611076832, 9.716924250824377e-05, 6.629986455664039e-05, 0.00011956754315178841, 7.616460788995028e-05, 0.00017424522957298905, 0.00012850011989939958, 5.100250928080641e-05, 9.700108785182238e-05, 0.0001990385353565216, 0.0002320866333320737, 0.00016542420780751854, 5.7885092246579006e-05, 7.647182792425156e-05, 0.0001552382600493729, 9.341015538666397e-05, 5.363002492231317e-05, 6.765100988559425e-05, 0.0001212849747389555, 7.46775622246787e-05, 4.724826430901885e-05, 0.00012922921450808644, 0.00012679799692705274, 7.210919284261763e-05, 7.203732820926234e-05, 8.782217628322542e-05, 6.392305658664554e-05, 4.944656393490732e-05, 2.8717488021356985e-05, 7.173219637479633e-05, 7.616535731358454e-05, 5.115645762998611e-05, 6.0312268033158034e-05, 4.166898725088686e-05, 2.531305290176533e-05, 1.9171859094058163e-05, 1.553018591948785e-05, 1.6422900444013067e-05, 1.5313844414777122e-05, 1.3426423720375169e-05, 1.5344845451181754e-05, 1.5296680430765264e-05, 1.3199315617384855e-05, 1.6591991879977286e-05, 1.9449777028057724e-05, 1.4245103557186667e-05, 1.1970819286943879e-05, 9.96091966953827e-06, 6.550245871039806e-06, 5.988860266370466e-06, 5.8236746554030105e-06, 5.44117847312009e-06, 4.324177098169457e-06, 4.9405621211917605e-06, 4.022224402433494e-06, 3.648818847068469e-06, 4.663473191612866e-06, 3.4230040455440758e-06, 4.33884997619316e-06, 3.861458935716655e-06, 2.9590453323180554e-06, 4.32291153629194e-06, 3.0771664114581654e-06, 3.9203155210998375e-06, 3.772742275032215e-06, 4.035404799651587e-06, 3.5136240512656514e-06, 2.355678361709579e-06, 2.0480026705627097e-06, 1.5524385617027292e-06, 1.9852311652357457e-06, 1.8939207393486868e-06, 1.3760923138761427e-06, 1.159877911049989e-06, 1.0522605862206547e-06, 1.0084646646646434e-06, 7.591875146317761e-07, 8.588609148318938e-07, 7.171632887548185e-07, 6.48862112484494e-07, 5.602390160674986e-07, 6.252384423532931e-07, 6.047419560673006e-07, 4.7518560108983365e-07, 1.6914252398692042e-07, 5.082197773731423e-08, 1.2582439978814364e-08, 1.9380050897410683e-09, 2.2000541666233886e-10, 3.8279917430328325e-11, 3.300320780552646e-11, 2.1181494058719608e-11, 1.8012808258860424e-11, 1.9174776350050493e-11, 2.3018226213977755e-11, 1.3410782033485003e-11, 1.2652729558526588e-11, 5.607866601642364e-12, 5.4664584490937695e-12, 5.362536803499296e-12, 5.2443188680584285e-12, 5.151957419707864e-12, 5.035429104932598e-12, 4.9000395754839055e-12, 4.818324125105411e-12, 4.7862031178624864e-12], "lowlevel.melbands128.stdev": [0.002130164299160242, 0.010653830133378506, 0.012337750755250454, 0.009747935459017754, 0.008462155237793922, 0.006651223171502352, 0.0071301450952887535, 0.005763491149991751, 0.002153150737285614, 0.0009335299837402999, 0.0008057592203840613, 0.000591233023442328, 0.0003506360517349094, 0.0002818476059474051, 0.0004065216053277254, 0.0005463715060614049, 0.0009540974861010909, 0.0006251458544284105, 0.0006514698034152389, 0.0005453960620798171, 0.0005500766565091908, 0.00034573476295918226, 0.00044769651140086353, 0.0002809904399327934, 0.00014854477194603533, 0.0005664533819071949, 0.00020134748774580657, 0.00046022312017157674, 0.0004855907172895968, 0.00013328374188859016, 0.0002859034575521946, 0.0007495325990021229, 0.0007248641340993345, 0.0004964561085216701, 0.00015645228268112987, 0.00023961960687302053, 0.00046789448242634535, 0.0002919399121310562, 0.0001558354706503451, 0.0001475560275139287, 0.0002824657130986452, 0.00019143676036037505, 9.058095747604966e-05, 0.0002908653987105936, 0.00034965414670296013, 0.00016297042020596564, 0.00013897135795559734, 0.0002477536618243903, 0.00018590451509226114, 0.00011003587860614061, 5.3087838750798255e-05, 0.00011392268788767979, 0.00013175162894185632, 7.442890637321398e-05, 9.290050365962088e-05, 6.605946691706777e-05, 2.7535947083379142e-05, 2.1666766770067625e-05, 1.9693959984579124e-05, 1.9378758224775083e-05, 1.8918328350991942e-05, 1.501434417150449e-05, 1.8540255041443743e-05, 1.9071763745159842e-05, 1.6923215298447758e-05, 1.8689694115892053e-05, 2.4647264581290074e-05, 1.7417316485079937e-05, 1.487761710450286e-05, 1.3441520422929898e-05, 8.759988304518629e-06, 7.051877219055314e-06, 8.284407158498652e-06, 8.204161531466525e-06, 6.6335860537947156e-06, 7.028351774351904e-06, 5.8652822190197185e-06, 6.067079084459692e-06, 6.855334959254833e-06, 5.476891601574607e-06, 7.06397668182035e-06, 6.437448064389173e-06, 5.086556484457105e-06, 7.489744803024223e-06, 5.107585820951499e-06, 7.685067430429626e-06, 7.393326086457819e-06, 7.69804319133982e-06, 7.0453929765790235e-06, 3.8079751902841963e-06, 3.4113036235794425e-06, 2.4783444132481236e-06, 3.2192099297390087e-06, 3.0256780974013964e-06, 2.1227328943496104e-06, 1.7535114693600917e-06, 1.5691849739596364e-06, 1.5358108385044034e-06, 1.028385668178089e-06, 1.1393005934223766e-06, 9.682612471806351e-07, 8.669935596117284e-07, 7.864604185670032e-07, 8.405858125115628e-07, 8.263843369604729e-07, 6.783541266486282e-07, 3.000274944042758e-07, 1.703926955087809e-07, 6.176288280812514e-08, 2.1275617712035455e-08, 3.2942089056575696e-09, 6.048527789737079e-10, 5.489641519140775e-10, 3.1042274306614104e-10, 2.540212762358607e-10, 3.5716196666868427e-10, 4.409085596623896e-10, 2.5563590133614866e-10, 2.404993426630142e-10, 9.67599438073119e-12, 9.44626148136063e-12, 9.247959169289555e-12, 9.057019891012263e-12, 8.903064917242798e-12, 8.774887934326348e-12, 8.6710890204178e-12, 8.596264325366754e-12, 8.54999144400681e-12], "lowlevel.mfcc.mean": [-612.81884765625, 112.78913879394531, -18.24742889404297, 23.557994842529297, 11.966251373291016, 10.529139518737793, 2.1454691886901855, 5.748509407043457, -0.22880005836486816, 4.592288494110107, -1.6995583772659302, -0.349270761013031, 2.9845290184020996], "lowlevel.spectral_contrast_coeffs.mean": [-0.6699203252792358, -0.7472906112670898, -0.7786583304405212, -0.7869122624397278, -0.7906283736228943, -0.7550417184829712], "lowlevel.spectral_contrast_coeffs.stdev": [0.08946053683757782, 0.07434427738189697, 0.06930390745401382, 0.05245641618967056, 0.034192901104688644, 0.029817814007401466], "lowlevel.spectral_contrast_valleys.mean": [-6.827760219573975, -6.748579025268555, -7.004594802856445, -6.918558597564697, -7.03375768661499, -10.055169105529785], "lowlevel.spectral_contrast_valleys.stdev": [0.9606022834777832, 0.6087738275527954, 0.5604809522628784, 0.5175197720527649, 0.5265012979507446, 1.0253487825393677], "rhythm.beats_loudness_band_ratio.mean": [0.7672963738441467, 0.044161874800920486, 0.05408809706568718, 0.06461697071790695, 0.05700511112809181, 0.03528308495879173], "rhythm.beats_loudness_band_ratio.stdev": [0.13104799389839172, 0.049781642854213715, 0.05350491777062416, 0.06216076388955116, 0.046889133751392365, 0.02403908595442772], "tonal.hpcp.mean": [0.07177101820707321, 0.06530545651912689, 0.07134272903203964, 0.11369499564170837, 0.13922415673732758, 0.10782065242528915, 0.08680536597967148, 0.08242536336183548, 0.10138316452503204, 0.294064998626709, 0.32983824610710144, 0.14807170629501343, 0.08953257650136948, 0.06687857210636139, 0.05723327025771141, 0.10223398357629776, 0.18343505263328552, 0.19304513931274414, 0.13722002506256104, 0.10041460394859314, 0.07287705689668655, 0.06574378162622452, 0.06466834247112274, 0.06664501130580902, 0.13921375572681427, 0.16209015250205994, 0.1111149862408638, 0.08441316336393356, 0.05977066233754158, 0.0522235631942749, 0.10353807359933853, 0.1678207516670227, 0.17820300161838531, 0.13753019273281097, 0.09418198466300964, 0.08093147724866867], "tonal.hpcp.stdev": [0.1557319313287735, 0.1447906792163849, 0.1428602635860443, 0.20006775856018066, 0.2728393077850342, 0.2118360549211502, 0.1839400678873062, 0.18181060254573822, 0.18069078028202057, 0.35863834619522095, 0.3940649628639221, 0.21971577405929565, 0.19017267227172852, 0.152115598320961, 0.136946901679039, 0.20073992013931274, 0.3001762330532074, 0.2963542342185974, 0.25231653451919556, 0.224873349070549, 0.19080594182014465, 0.16261409223079681, 0.1702290028333664, 0.14950141310691833, 0.24947206676006317, 0.26896771788597107, 0.20346316695213318, 0.19652676582336426, 0.15169230103492737, 0.13575901091098785, 0.18282151222229004, 0.25969862937927246, 0.2710646688938141, 0.2470046877861023, 0.19674135744571686, 0.18246380984783173], "rhythm.beats_position": [0.3366893231868744, 0.7082086205482483, 1.09133780002594, 1.486077070236206, 1.904036283493042, 2.321995496749878, 2.739954710006714, 3.1579136848449707, 3.5758728981018066, 3.9938321113586426, 4.4117913246154785, 4.8297505378723145, 5.24770975112915, 5.654058933258057, 6.060408115386963, 6.478367328643799, 6.896326541900635, 7.314285755157471, 7.732244968414307, 8.150203704833984, 8.56816291809082, 8.986122131347656, 9.404081344604492, 9.822040557861328, 10.239999771118164, 10.657958984375, 11.075918197631836, 11.493877410888672, 11.911836624145508, 12.329795837402344, 12.72453498840332, 13.142494201660156, 13.560453414916992, 13.978412628173828, 14.396371841430664, 14.8143310546875, 15.232290267944336, 15.650249481201172, 16.068208694458008, 16.486167907714844, 16.90412712097168, 17.310476303100586, 17.716825485229492, 18.134784698486328, 18.552743911743164, 18.970703125, 19.388662338256836, 19.806621551513672, 20.212970733642578, 20.619319915771484, 21.03727912902832, 21.455238342285156, 21.873197555541992, 22.291156768798828, 22.709115982055664, 23.1270751953125, 23.545034408569336, 23.962993621826172, 24.369342803955078, 24.775691986083984, 25.19365119934082, 25.611610412597656, 26.029569625854492, 26.447526931762695, 26.86548614501953, 27.26022720336914, 27.678184509277344, 28.09614372253418], "rhythm.bpm_histogram": [0.0, 0.0, 0.0, 0.0, 0.0, 0.0, 0.0, 0.0, 0.0, 0.0, 0.0, 0.0, 0.0, 0.0, 0.0, 0.0, 0.0, 0.0, 0.0, 0.0, 0.0, 0.0, 0.0, 0.0, 0.0, 0.0, 0.0, 0.0, 0.0, 0.0, 0.0, 0.0, 0.0, 0.0, 0.0, 0.0, 0.0, 0.0, 0.0, 0.0, 0.0, 0.0, 0.0, 0.0, 0.0, 0.0, 0.0, 0.0, 0.0, 0.0, 0.0, 0.0, 0.0, 0.0, 0.0, 0.0, 0.0, 0.0, 0.0, 0.0, 0.0, 0.0, 0.0, 0.0, 0.0, 0.0, 0.0, 0.0, 0.0, 0.0, 0.0, 0.0, 0.0, 0.0, 0.0, 0.0, 0.0, 0.0, 0.0, 0.0, 0.0, 0.0, 0.0, 0.0, 0.0, 0.0, 0.0, 0.0, 0.0, 0.0, 0.0, 0.0, 0.0, 0.0, 0.0, 0.0, 0.0, 0.0, 0.0, 0.0, 0.0, 0.0, 0.0, 0.0, 0.0, 0.0, 0.0, 0.0, 0.0, 0.0, 0.0, 0.0, 0.0, 0.0, 0.0, 0.0, 0.0, 0.0, 0.0, 0.0, 0.0, 0.0, 0.0, 0.0, 0.0, 0.0, 0.0, 0.0, 0.0, 0.0, 0.0, 0.0, 0.0, 0.0, 0.0, 0.0, 0.0, 0.0, 0.0, 0.0, 0.0, 0.0, 0.0, 0.0, 0.8059701323509216, 0.0, 0.0, 0.0, 0.11940298229455948, 0.0, 0.0, 0.0, 0.04477611929178238, 0.0, 0.0, 0.0, 0.0, 0.014925372786819935, 0.0, 0.0, 0.0, 0.014925372786819935, 0.0, 0.0, 0.0, 0.0, 0.0, 0.0, 0.0, 0.0, 0.0, 0.0, 0.0, 0.0, 0.0, 0.0, 0.0, 0.0, 0.0, 0.0, 0.0, 0.0, 0.0, 0.0, 0.0, 0.0, 0.0, 0.0, 0.0, 0.0, 0.0, 0.0, 0.0, 0.0, 0.0, 0.0, 0.0, 0.0, 0.0, 0.0, 0.0, 0.0, 0.0, 0.0, 0.0, 0.0, 0.0, 0.0, 0.0, 0.0, 0.0, 0.0, 0.0, 0.0, 0.0, 0.0, 0.0, 0.0, 0.0, 0.0, 0.0, 0.0, 0.0, 0.0, 0.0, 0.0, 0.0, 0.0, 0.0, 0.0, 0.0, 0.0, 0.0, 0.0, 0.0, 0.0, 0.0, 0.0, 0.0, 0.0, 0.0, 0.0, 0.0, 0.0, 0.0, 0.0, 0.0, 0.0, 0.0, 0.0], "tonal.chords_histogram": [10.965630531311035, 0.0, 0.49099835753440857, 12.274958610534668, 0.0, 0.8183305859565735, 1.1456629037857056, 3.9279868602752686, 0.0, 31.75122833251953, 0.0, 0.0, 0.0, 0.0, 0.0, 0.0, 0.0, 0.0, 0.0, 0.0, 0.3273322284221649, 0.0, 20.13093376159668, 18.16693878173828], "tonal.thpcp": [1.0, 0.44892218708992004, 0.2714439034461975, 0.2027617245912552, 0.17351920902729034, 0.30995187163352966, 0.5561363697052002, 0.5852721333503723, 0.4160221815109253, 0.3044359087944031, 0.22094786167144775, 0.19932128489017487, 0.19606077671051025, 0.20205362141132355, 0.42206674814224243, 0.4914231598377228, 0.3368771970272064, 0.25592291355133057, 0.18121203780174255, 0.15833082795143127, 0.31390559673309326, 0.5087971091270447, 0.540273904800415, 0.41696253418922424, 0.2855399250984192, 0.245367169380188, 0.21759459376335144, 0.19799236953258514, 0.21629610657691956, 0.34469926357269287, 0.4220982789993286, 0.3268894851207733, 0.2631755769252777, 0.2498963177204132, 0.3073723614215851, 0.8915430307388306], "lowlevel.gfcc.cov": [[3055.384765625, -150.7358856201172, 522.1522216796875, 388.2297668457031, -74.30679321289062, 276.0302734375, -187.0626678466797, -36.34347915649414, -243.85325622558594, -22.432100296020508, -200.80653381347656, -58.47290802001953, -176.06056213378906], [-150.7358856201172, 1430.379638671875, -46.451141357421875, -39.33087921142578, 625.8821411132812, -232.14569091796875, 387.3931884765625, 43.93640899658203, 268.76800537109375, -27.997753143310547, 253.6675262451172, -69.9798355102539, 185.2554931640625], [522.1522216796875, -46.451141357421875, 558.8028564453125, 356.5549011230469, 96.70755004882812, 152.30661010742188, -8.767193794250488, 16.02223777770996, -60.590110778808594, 11.71173095703125, -82.78340911865234, 11.509438514709473, -57.00407028198242], [388.2297668457031, -39.33087921142578, 356.5549011230469, 370.8575439453125, 125.8923568725586, 94.32818603515625, -21.6223087310791, -8.182806015014648, 9.456632614135742, 28.011795043945312, -33.068172454833984, -5.322439670562744, -22.339290618896484], [-74.30679321289062, 625.8821411132812, 96.70755004882812, 125.8923568725586, 482.55157470703125, -12.272503852844238, 202.21792602539062, 47.23332214355469, 179.78866577148438, 38.31066131591797, 123.21539306640625, -44.34658432006836, 93.5947265625], [276.0302734375, -232.14569091796875, 152.30661010742188, 94.32818603515625, -12.272503852844238, 231.6890106201172, 36.92704772949219, 46.22711944580078, -23.349349975585938, 17.01932144165039, -28.14691925048828, 18.268831253051758, -28.848302841186523], [-187.0626678466797, 387.3931884765625, -8.767193794250488, -21.6223087310791, 202.21792602539062, 36.92704772949219, 306.32049560546875, 101.21849822998047, 136.8142852783203, -10.961233139038086, 121.99632263183594, 17.290546417236328, 88.96941375732422], [-36.34347915649414, 43.93640899658203, 16.02223777770996, -8.182806015014648, 47.23332214355469, 46.22711944580078, 101.21849822998047, 119.82706451416016, 75.47089385986328, 25.477964401245117, 38.9469108581543, 24.973716735839844, 38.01791763305664], [-243.85325622558594, 268.76800537109375, -60.590110778808594, 9.456632614135742, 179.78866577148438, -23.349349975585938, 136.8142852783203, 75.47089385986328, 221.06324768066406, 74.46260070800781, 135.25450134277344, 10.293816566467285, 95.03223419189453], [-22.432100296020508, -27.997753143310547, 11.71173095703125, 28.011795043945312, 38.31066131591797, 17.01932144165039, -10.961233139038086, 25.477964401245117, 74.46260070800781, 108.04481506347656, 60.57963180541992, 21.993867874145508, 12.715973854064941], [-200.80653381347656, 253.6675262451172, -82.78340911865234, -33.068172454833984, 123.21539306640625, -28.14691925048828, 121.99632263183594, 38.9469108581543, 135.25450134277344, 60.57963180541992, 179.0543670654297, 47.79890060424805, 87.02005004882812], [-58.47290802001953, -69.9798355102539, 11.509438514709473, -5.322439670562744, -44.34658432006836, 18.268831253051758, 17.290546417236328, 24.973716735839844, 10.293816566467285, 21.993867874145508, 47.79890060424805, 93.74950408935547, 44.5069465637207], [-176.06056213378906, 185.2554931640625, -57.00407028198242, -22.339290618896484, 93.5947265625, -28.848302841186523, 88.96941375732422, 38.01791763305664, 95.03223419189453, 12.715973854064941, 87.02005004882812, 44.5069465637207, 118.44479370117188]], "lowlevel.gfcc.icov": [[0.0006173753645271063, -0.0010209878673776984, 0.0003946528013329953, -0.0009765747236087918, 0.0008902347763068974, -0.0013748579658567905, 0.0007963310927152634, -0.0006015429389663041, 0.0007373698172159493, -0.0005676051951013505, 0.0004287275078240782, -6.661924999207258e-05, 0.00025630072923377156], [-0.0010209878673776984, 0.006823241710662842, -0.0035569460596889257, 0.0044831885024905205, -0.0058001186698675156, 0.0068763489834964275, -0.0037252851761877537, 0.002073050709441304, -0.0011413622414693236, 0.003932034596800804, -0.0050349161028862, 0.0038863224908709526, -0.0019326817709952593], [0.0003946528013329953, -0.0035569460596889257, 0.008788959123194218, -0.00805531907826662, 0.0015724264085292816, -0.00394420325756073, 0.0004715985560324043, -0.0027016960084438324, 0.0033317729830741882, -0.0034302878193557262, 0.005232757423073053, -0.005493923556059599, 0.003085319884121418], [-0.0009765747236087918, 0.0044831885024905205, -0.00805531907826662, 0.01236660685390234, -0.004947598557919264, 0.003348603844642639, -0.0002687402884475887, 0.004220858216285706, -0.005059771705418825, 0.003741717431694269, -0.0030715372413396835, 0.0022540362551808357, -0.0013682096032425761], [0.0008902347763068974, -0.0058001186698675156, 0.0015724264085292816, -0.004947598557919264, 0.010814336128532887, -0.005125700030475855, 0.000577553641051054, -0.0007337736897170544, 0.0003359225229360163, -0.00483199255540967, 0.0022461605258286, 0.0029992172494530678, -0.0023014915641397238], [-0.0013748579658567905, 0.0068763489834964275, -0.00394420325756073, 0.003348603844642639, -0.005125700030475855, 0.014036915265023708, -0.006507331971079111, 0.00019592726312112063, 0.0004208694736007601, 0.001122334855608642, -0.003434185404330492, 0.0027259786147624254, -0.0007305954932235181], [0.0007963310927152634, -0.0037252851761877537, 0.0004715985560324043, -0.0002687402884475887, 0.000577553641051054, -0.006507331971079111, 0.013276620768010616, -0.0063025434501469135, -0.002445387188345194, 0.006714147515594959, -0.0035123596899211407, -0.0019284795271232724, 0.0017418803181499243], [-0.0006015429389663041, 0.002073050709441304, -0.0027016960084438324, 0.004220858216285706, -0.0007337736897170544, 0.00019592726312112063, -0.0063025434501469135, 0.017909877002239227, -0.006735953968018293, -0.0019180802628397942, 0.0039021854754537344, -0.0023926852736622095, -0.0013850844698026776], [0.0007373698172159493, -0.0011413622414693236, 0.0033317729830741882, -0.005059771705418825, 0.0003359225229360163, 0.0004208694736007601, -0.002445387188345194, -0.006735953968018293, 0.020258894190192223, -0.010268621146678925, -0.004077291116118431, 0.007024481426924467, -0.0074295708909630775], [-0.0005676051951013505, 0.003932034596800804, -0.0034302878193557262, 0.003741717431694269, -0.00483199255540967, 0.001122334855608642, 0.006714147515594959, -0.0019180802628397942, -0.010268621146678925, 0.02512204274535179, -0.01087882835417986, -0.002109939232468605, 0.006052263081073761], [0.0004287275078240782, -0.0050349161028862, 0.005232757423073053, -0.0030715372413396835, 0.0022461605258286, -0.003434185404330492, -0.0035123596899211407, 0.0039021854754537344, -0.004077291116118431, -0.01087882835417986, 0.02441132627427578, -0.012642374262213707, 0.0004808013909496367], [-6.661924999207258e-05, 0.0038863224908709526, -0.005493923556059599, 0.0022540362551808357, 0.0029992172494530678, 0.0027259786147624254, -0.0019284795271232724, -0.0023926852736622095, 0.007024481426924467, -0.002109939232468605, -0.012642374262213707, 0.02955300733447075, -0.015112025663256645], [0.00025630072923377156, -0.0019326817709952593, 0.003085319884121418, -0.0013682096032425761, -0.0023014915641397238, -0.0007305954932235181, 0.0017418803181499243, -0.0013850844698026776, -0.0074295708909630775, 0.006052263081073761, 0.0004808013909496367, -0.015112025663256645, 0.024486761540174484]], "lowlevel.mfcc.cov": [[2193.009521484375, -446.4503173828125, 516.8920288085938, 72.82891845703125, 151.02810668945312, 183.04403686523438, 54.500526428222656, -3.0437324047088623, -55.306884765625, -80.55663299560547, -45.05010223388672, -52.204647064208984, -88.70787048339844], [-446.4503173828125, 1429.990234375, -438.50054931640625, 286.9658508300781, 145.3108673095703, -28.804046630859375, 177.73654174804688, 88.710693359375, 123.55094146728516, 143.44129943847656, 80.57878875732422, 76.54878234863281, 120.58438110351562], [516.8920288085938, -438.50054931640625, 537.23095703125, 108.83587646484375, 64.96489715576172, 126.37895965576172, 16.950048446655273, 35.611568450927734, -12.442437171936035, -60.80220031738281, -19.05113410949707, -19.29440689086914, -44.64223098754883], [72.82891845703125, 286.9658508300781, 108.83587646484375, 348.07757568359375, 184.92044067382812, 85.57421112060547, 44.94983673095703, 20.258920669555664, 47.40461349487305, 50.0297966003418, 22.18718910217285, 12.433913230895996, 49.52358627319336], [151.02810668945312, 145.3108673095703, 64.96489715576172, 184.92044067382812, 240.69296264648438, 109.41960906982422, 31.147762298583984, -8.980796813964844, 40.76010513305664, 65.4049072265625, 27.851030349731445, 16.377958297729492, 31.940156936645508], [183.04403686523438, -28.804046630859375, 126.37895965576172, 85.57421112060547, 109.41960906982422, 160.68995666503906, 66.24889373779297, 31.085107803344727, 24.035953521728516, 28.186939239501953, 33.83573532104492, 15.288694381713867, -6.521049976348877], [54.500526428222656, 177.73654174804688, 16.950048446655273, 44.94983673095703, 31.147762298583984, 66.24889373779297, 148.5056915283203, 97.33324432373047, 49.13500213623047, 24.700159072875977, 36.34003448486328, 28.41480255126953, 5.895739555358887], [-3.0437324047088623, 88.710693359375, 35.611568450927734, 20.258920669555664, -8.980796813964844, 31.085107803344727, 97.33324432373047, 144.21868896484375, 73.3257064819336, 26.163198471069336, 20.805404663085938, 24.04615592956543, 19.55133056640625], [-55.306884765625, 123.55094146728516, -12.442437171936035, 47.40461349487305, 40.76010513305664, 24.035953521728516, 49.13500213623047, 73.3257064819336, 107.77486419677734, 69.0967025756836, 24.76935386657715, 15.593690872192383, 26.880390167236328], [-80.55663299560547, 143.44129943847656, -60.80220031738281, 50.0297966003418, 65.4049072265625, 28.186939239501953, 24.700159072875977, 26.163198471069336, 69.0967025756836, 128.72584533691406, 62.53907012939453, 30.82207489013672, 34.52756881713867], [-45.05010223388672, 80.57878875732422, -19.05113410949707, 22.18718910217285, 27.851030349731445, 33.83573532104492, 36.34003448486328, 20.805404663085938, 24.76935386657715, 62.53907012939453, 91.61741638183594, 51.53254699707031, 16.25351333618164], [-52.204647064208984, 76.54878234863281, -19.29440689086914, 12.433913230895996, 16.377958297729492, 15.288694381713867, 28.41480255126953, 24.04615592956543, 15.593690872192383, 30.82207489013672, 51.53254699707031, 86.94853210449219, 59.44942855834961], [-88.70787048339844, 120.58438110351562, -44.64223098754883, 49.52358627319336, 31.940156936645508, -6.521049976348877, 5.895739555358887, 19.55133056640625, 26.880390167236328, 34.52756881713867, 16.25351333618164, 59.44942855834961, 122.34054565429688]], "lowlevel.mfcc.icov": [[0.0006545729702338576, 6.578671218449017e-06, -0.0005766245885752141, 0.0002834127808455378, -0.0004818446468561888, -7.519810606027022e-05, -0.00043989831465296447, 0.0001388799282722175, 0.0003716187202371657, -5.9168967709410936e-05, 0.00028069710242561996, 0.00015810405602678657, 8.472512854496017e-05], [6.578671218449017e-06, 0.002178607974201441, 0.0019798194989562035, -0.0021624709479510784, -0.00040018800063990057, 0.0014009831938892603, -0.002626342698931694, 0.00016777489508967847, -0.0003374935477040708, 1.615909786778502e-05, -2.461785879859235e-05, -0.00048407126450911164, 4.224465737934224e-05], [-0.0005766245885752141, 0.0019798194989562035, 0.005393713712692261, -0.003183425171300769, 0.00016825688362587243, -0.0014200592413544655, 5.226785287959501e-05, -0.001965324394404888, -0.00039455597288906574, 0.002077617449685931, -0.00017708761151880026, -0.000997062074020505, 0.0010876323794946074], [0.0002834127808455378, -0.0021624709479510784, -0.003183425171300769, 0.007835409604012966, -0.003809120273217559, -0.0005090525955893099, 0.0012730661546811461, -3.4322161809541285e-05, 4.835195068153553e-05, 0.00029401513165794313, -0.001018926384858787, 0.002773252548649907, -0.0023908703587949276], [-0.0004818446468561888, -0.00040018800063990057, 0.00016825688362587243, -0.003809120273217559, 0.011579814366996288, -0.005899795331060886, 0.00011715175060089678, 0.004333244636654854, -0.0022835831623524427, -0.0031560708303004503, 0.0021203807555139065, -0.0008849031873978674, -0.0008466633153147995], [-7.519810606027022e-05, 0.0014009831938892603, -0.0014200592413544655, -0.0005090525955893099, -0.005899795331060886, 0.01526615396142006, -0.006649240851402283, 0.0003682890092022717, 0.0007503285305574536, -0.0007172921905294061, -0.0024576212745159864, -0.00043277523946017027, 0.0014424652326852083], [-0.00043989831465296447, -0.002626342698931694, 5.226785287959501e-05, 0.0012730661546811461, 0.00011715175060089678, -0.006649240851402283, 0.02019386552274227, -0.011255369521677494, 0.0006252475432120264, 0.0027694248128682375, -0.002887293230742216, -0.0014858611393719912, 0.0024006080348044634], [0.0001388799282722175, 0.00016777489508967847, -0.001965324394404888, -3.4322161809541285e-05, 0.004333244636654854, 0.0003682890092022717, -0.011255369521677494, 0.02106531150639057, -0.011488103307783604, 0.0010179775999858975, 0.0011233409168198705, -0.0010507580591365695, -0.0021054495591670275], [0.0003716187202371657, -0.0003374935477040708, -0.00039455597288906574, 4.835195068153553e-05, -0.0022835831623524427, 0.0007503285305574536, 0.0006252475432120264, -0.011488103307783604, 0.024465665221214294, -0.011514982208609581, 0.003597731702029705, 0.001601379830390215, -0.0005013326299376786], [-5.9168967709410936e-05, 1.615909786778502e-05, 0.002077617449685931, 0.00029401513165794313, -0.0031560708303004503, -0.0007172921905294061, 0.0027694248128682375, 0.0010179775999858975, -0.011514982208609581, 0.022189127281308174, -0.013647669926285744, 0.004151272587478161, -0.002866497030481696], [0.00028069710242561996, -2.461785879859235e-05, -0.00017708761151880026, -0.001018926384858787, 0.0021203807555139065, -0.0024576212745159864, -0.002887293230742216, 0.0011233409168198705, 0.003597731702029705, -0.013647669926285744, 0.02911556139588356, -0.01714324578642845, 0.007374257314950228], [0.00015810405602678657, -0.00048407126450911164, -0.000997062074020505, 0.002773252548649907, -0.0008849031873978674, -0.00043277523946017027, -0.0014858611393719912, -0.0010507580591365695, 0.001601379830390215, 0.004151272587478161, -0.01714324578642845, 0.030872389674186707, -0.014695024117827415], [8.472512854496017e-05, 4.224465737934224e-05, 0.0010876323794946074, -0.0023908703587949276, -0.0008466633153147995, 0.0014424652326852083, 0.0024006080348044634, -0.0021054495591670275, -0.0005013326299376786, -0.002866497030481696, 0.007374257314950228, -0.014695024117827415, 0.017157377675175667]], "metadata.audio_properties.analysis.downmix": "mix", "metadata.audio_properties.codec": "mp3", "metadata.audio_properties.md5_encoded": "8cf5331a754076883d70e50183dd76ad", "metadata.tags.file_name": "1182275737940672542.mp3", "metadata.version.essentia": "2.1-beta6-dev", "metadata.version.essentia_git_sha": "v2.1_beta5-1110-g77a6a954", "metadata.version.extractor": "music 2.0", "tonal.chords_key": "G", "tonal.chords_scale": "major", "tonal.key_edma.key": "C", "tonal.key_edma.scale": "minor", "tonal.key_krumhansl.key": "C", "tonal.key_krumhansl.scale": "minor", "tonal.key_temperley.key":