{"song_id": "1182286690799325196", "download": "https://cdn.discordapp.com/attachments/1135911532732108921/1182286690799325196/chirp.mp4?ex=65842548&amp", "lyrics": "[verse]\nEce, bir liseli k\u0131z, y\u0131ld\u0131z gibi parlar\nOkul koridorunda ad\u0131 hep an\u0131l\u0131r\nBak\u0131\u015flar\u0131 sarsar, herkes onun pe\u015finde\nBa\u015ftan \u00e7\u0131kar\u0131r, dillerde hep \u015fark\u0131s\u0131\n\n[chorus]\nEce, bir liseli k\u0131z, hepimizin hayali\nKafalar\u0131 kar\u0131\u015ft\u0131r\u0131r, g\u00f6zlerde b\u00fcy\u00fclenir\nEce, bir liseli k\u0131z, herkesin derdi a\u015fk\nHaydi hep birlikte \u015fark\u0131s\u0131n\u0131 s\u00f6yleyelim", "style": ["Rap"], "essentia_features": {"lowlevel.average_loudness": 0.9031570553779602, "lowlevel.barkbands_crest.mean": 10.88195514678955, "lowlevel.barkbands_crest.stdev": 5.005749702453613, "lowlevel.barkbands_flatness_db.mean": 0.13373920321464539, "lowlevel.barkbands_flatness_db.stdev": 0.05644120275974274, "lowlevel.barkbands_kurtosis.mean": 2.279637575149536, "lowlevel.barkbands_kurtosis.stdev": 4.127427577972412, "lowlevel.barkbands_skewness.mean": 1.1143361330032349, "lowlevel.barkbands_skewness.stdev": 1.0695030689239502, "lowlevel.barkbands_spread.mean": 24.282434463500977, "lowlevel.barkbands_spread.stdev": 13.239754676818848, "lowlevel.dissonance.mean": 0.4657863974571228, "lowlevel.dissonance.stdev": 0.028540564700961113, "lowlevel.dynamic_complexity": 3.55149245262146, "lowlevel.erbbands_crest.mean": 9.376279830932617, "lowlevel.erbbands_crest.stdev": 4.71540641784668, "lowlevel.erbbands_flatness_db.mean": 0.17829632759094238, "lowlevel.erbbands_flatness_db.stdev": 0.06720683723688126, "lowlevel.erbbands_kurtosis.mean": 0.5397889018058777, "lowlevel.erbbands_kurtosis.stdev": 2.5620334148406982, "lowlevel.erbbands_skewness.mean": 0.4471982419490814, "lowlevel.erbbands_skewness.stdev": 0.6879377961158752, "lowlevel.erbbands_spread.mean": 36.16487121582031, "lowlevel.erbbands_spread.stdev": 16.305213928222656, "lowlevel.hfc.mean": 28.55052375793457, "lowlevel.hfc.stdev": 23.667922973632812, "lowlevel.loudness_ebu128.integrated": -13.715776443481445, "lowlevel.loudness_ebu128.loudness_range": 3.2046756744384766, "lowlevel.loudness_ebu128.momentary.mean": -14.573915481567383, "lowlevel.loudness_ebu128.momentary.stdev": 3.0754151344299316, "lowlevel.loudness_ebu128.short_term.mean": -13.94315242767334, "lowlevel.loudness_ebu128.short_term.stdev": 1.2413302659988403, "lowlevel.melbands_crest.mean": 15.106100082397461, "lowlevel.melbands_crest.stdev": 7.284035682678223, "lowlevel.melbands_flatness_db.mean": 0.1597951203584671, "lowlevel.melbands_flatness_db.stdev": 0.062261611223220825, "lowlevel.melbands_kurtosis.mean": 8.633002281188965, "lowlevel.melbands_kurtosis.stdev": 12.33146858215332, "lowlevel.melbands_skewness.mean": 2.071396589279175, "lowlevel.melbands_skewness.stdev": 1.4978349208831787, "lowlevel.melbands_spread.mean": 30.863513946533203, "lowlevel.melbands_spread.stdev": 22.595014572143555, "lowlevel.pitch_salience.mean": 0.5481109619140625, "lowlevel.pitch_salience.stdev": 0.1470954865217209, "lowlevel.silence_rate_20dB.mean": 1.0, "lowlevel.silence_rate_20dB.stdev": 0.0, "lowlevel.silence_rate_30dB.mean": 1.0, "lowlevel.silence_rate_30dB.stdev": 0.0, "lowlevel.silence_rate_60dB.mean": 0.16289104521274567, "lowlevel.silence_rate_60dB.stdev": 0.36926695704460144, "lowlevel.spectral_centroid.mean": 1838.1851806640625, "lowlevel.spectral_centroid.stdev": 753.9700927734375, "lowlevel.spectral_complexity.mean": 16.69579315185547, "lowlevel.spectral_complexity.stdev": 11.800577163696289, "lowlevel.spectral_decrease.mean": -6.840737754032489e-09, "lowlevel.spectral_decrease.stdev": 5.835926408792602e-09, "lowlevel.spectral_energy.mean": 0.028408152982592583, "lowlevel.spectral_energy.stdev": 0.023351872339844704, "lowlevel.spectral_energyband_high.mean": 0.0013030278496444225, "lowlevel.spectral_energyband_high.stdev": 0.0012891090009361506, "lowlevel.spectral_energyband_low.mean": 0.00889038946479559, "lowlevel.spectral_energyband_low.stdev": 0.01676243357360363, "lowlevel.spectral_energyband_middle_high.mean": 0.009717079810798168, "lowlevel.spectral_energyband_middle_high.stdev": 0.013083314523100853, "lowlevel.spectral_energyband_middle_low.mean": 0.008838841691613197, "lowlevel.spectral_energyband_middle_low.stdev": 0.00887275394052267, "lowlevel.spectral_entropy.mean": 7.83121395111084, "lowlevel.spectral_entropy.stdev": 0.4141441583633423, "lowlevel.spectral_flux.mean": 0.08727483451366425, "lowlevel.spectral_flux.stdev": 0.05645525082945824, "lowlevel.spectral_kurtosis.mean": 3.0392184257507324, "lowlevel.spectral_kurtosis.stdev": 1.885995864868164, "lowlevel.spectral_rms.mean": 0.0046763368882238865, "lowlevel.spectral_rms.stdev": 0.0024180796463042498, "lowlevel.spectral_rolloff.mean": 2538.548095703125, "lowlevel.spectral_rolloff.stdev": 2316.498291015625, "lowlevel.spectral_skewness.mean": 1.3429789543151855, "lowlevel.spectral_skewness.stdev": 0.3430257737636566, "lowlevel.spectral_spread.mean": 5178031.0, "lowlevel.spectral_spread.stdev": 1315070.125, "lowlevel.spectral_strongpeak.mean": 1.4903455972671509, "lowlevel.spectral_strongpeak.stdev": 1.8357230424880981, "lowlevel.zerocrossingrate.mean": 0.09615769237279892, "lowlevel.zerocrossingrate.stdev": 0.059602539986371994, "metadata.audio_properties.analysis.equal_loudness": 0.0, "metadata.audio_properties.analysis.length": 21.48265266418457, "metadata.audio_properties.analysis.sample_rate": 44100.0, "metadata.audio_properties.analysis.start_time": 0.0, "metadata.audio_properties.bit_rate": 121739.0, "metadata.audio_properties.length": 21.482666015625, "metadata.audio_properties.lossless": 0.0, "metadata.audio_properties.number_channels": 1.0, "metadata.audio_properties.replay_gain": -12.930103302001953, "metadata.audio_properties.sample_rate": 48000.0, "rhythm.beats_count": 49.0, "rhythm.beats_loudness.mean": 0.03508998826146126, "rhythm.beats_loudness.stdev": 0.015504337847232819, "rhythm.bpm": 139.79212951660156, "rhythm.bpm_histogram_first_peak_bpm": 140.0, "rhythm.bpm_histogram_first_peak_weight": 0.3617021441459656, "rhythm.bpm_histogram_second_peak_bpm": 148.0, "rhythm.bpm_histogram_second_peak_spread": 0.0, "rhythm.bpm_histogram_second_peak_weight": 0.02083333395421505, "rhythm.danceability": 1.0954008102416992, "rhythm.onset_rate": 4.046195983886719, "tonal.chords_changes_rate": 0.11637931317090988, "tonal.chords_number_rate": 0.03017241321504116, "tonal.chords_strength.mean": 0.4281672537326813, "tonal.chords_strength.stdev": 0.08317822962999344, "tonal.hpcp_crest.mean": 16.907201766967773, "tonal.hpcp_crest.stdev": 8.39316177368164, "tonal.hpcp_entropy.mean": 1.7025065422058105, "tonal.hpcp_entropy.stdev": 0.8638700842857361, "tonal.key_edma.strength": 0.6738179922103882, "tonal.key_krumhansl.strength": 0.6808938384056091, "tonal.key_temperley.strength": 0.6833064556121826, "tonal.tuning_diatonic_strength": 0.52238529920578, "tonal.tuning_equal_tempered_deviation": 0.25935545563697815, "tonal.tuning_frequency": 434.193115234375, "tonal.tuning_nontempered_energy_ratio": 0.9595783948898315, "lowlevel.barkbands.mean": [0.0008681667968630791, 0.007319633383303881, 0.0007404086645692587, 0.00011535217345226556, 0.0006174501031637192, 0.0035071149468421936, 0.0010833371197804809, 0.0012105772038921714, 0.0015479606809094548, 0.0016871510306373239, 0.0015079472213983536, 0.0017372500151395798, 0.0010368902003392577, 0.0008651369716972113, 0.0011443094117566943, 0.000773819861933589, 0.0007257442339323461, 0.0002933915820904076, 0.00019545605755411088, 0.0002533490478526801, 0.00031338579719886184, 0.00027875183150172234, 0.0001819194876588881, 0.0001766064524417743, 0.00014027616998646408, 7.913046283647418e-05, 7.622321845701663e-06], "lowlevel.barkbands.stdev": [0.0022793165408074856, 0.014021865092217922, 0.0028893896378576756, 0.0004725094768218696, 0.0016046542441472411, 0.005101314280182123, 0.002214394509792328, 0.003032556502148509, 0.004268834367394447, 0.0026922046672552824, 0.003724403213709593, 0.005093150772154331, 0.003532955888658762, 0.0021898397244513035, 0.0038440446369349957, 0.0017464881530031562, 0.0014897969085723162, 0.0006137347081676126, 0.0002569508505985141, 0.00034028367372229695, 0.0003773020289372653, 0.00029606642783619463, 0.0002157320559490472, 0.00023646929184906185, 0.00023026955022942275, 0.0001292552042286843, 1.3999317161506042e-05], "lowlevel.erbbands.mean": [0.3010181486606598, 1.2410310506820679, 1.2521675825119019, 0.5483666062355042, 0.5915510058403015, 2.347834348678589, 9.68509578704834, 32.082252502441406, 27.149700164794922, 18.056245803833008, 24.58479118347168, 39.05540466308594, 47.98863220214844, 51.02092742919922, 71.53587341308594, 70.40616607666016, 52.060638427734375, 45.05097579956055, 41.524192810058594, 63.986724853515625, 46.45555877685547, 38.14838790893555, 19.63002586364746, 9.953750610351562, 11.031206130981445, 11.686675071716309, 12.426959037780762, 12.264949798583984, 10.674671173095703, 7.079687118530273, 4.7171173095703125, 3.5431156158447266, 2.984052896499634, 1.8900868892669678, 0.7644729614257812, 0.3037088215351105, 0.1453752964735031, 0.03807997331023216, 0.0008266527438536286, 5.771756696049124e-05], "lowlevel.erbbands.stdev": [0.7022754549980164, 2.3041818141937256, 3.610337018966675, 2.2259232997894287, 2.4706363677978516, 6.20714807510376, 22.988195419311523, 51.13850021362305, 52.978965759277344, 36.00281524658203, 66.92578887939453, 100.58631896972656, 86.73704528808594, 101.72050476074219, 148.68276977539062, 199.04666137695312, 171.21554565429688, 97.10600280761719, 90.39324188232422, 233.8917694091797, 97.42359924316406, 87.71501922607422, 37.12318801879883, 12.905790328979492, 15.298728942871094, 14.953335762023926, 18.201841354370117, 12.961771965026855, 11.366327285766602, 7.779989719390869, 5.731049060821533, 4.508204936981201, 4.555984973907471, 3.186054229736328, 1.3261972665786743, 0.5638197660446167, 0.2275068461894989, 0.05951325595378876, 0.0012532492401078343, 4.781492316396907e-05], "lowlevel.gfcc.mean": [-5.439904689788818, 19.374032974243164, -151.46475219726562, 1.6965872049331665, -77.28063201904297, 16.04039764404297, -37.635108947753906, 8.716653823852539, -20.612712860107422, 13.240607261657715, -13.793987274169922, 13.540750503540039, -3.851740837097168], "lowlevel.melbands.mean": [0.0023090203758329153, 0.0009581205667927861, 9.475376282352954e-05, 9.30780079215765e-05, 0.00029514997731894255, 0.0007331289234571159, 0.00037547637475654483, 0.0002154097455786541, 0.00020532931375782937, 0.0002459480019751936, 0.00023370629060082138, 0.00019923040235880762, 0.00021820090478286147, 0.0002120018907589838, 0.00015551569231320173, 8.601706213084981e-05, 8.720279583940282e-05, 6.170319102238864e-05, 8.928046008804813e-05, 6.857526750536636e-05, 5.272718772175722e-05, 4.304686444811523e-05, 2.6530477043706924e-05, 1.0821035175467841e-05, 7.598113825224573e-06, 7.215744062705198e-06, 8.900355169316754e-06, 7.310518867598148e-06, 7.768961040710565e-06, 7.67768233345123e-06, 6.83467533235671e-06, 6.778428087272914e-06, 4.166271537542343e-06, 3.86512920158566e-06, 2.7760038392443676e-06, 2.1981952613714384e-06, 2.211487753811525e-06, 2.1891128199058585e-06, 2.0845341168751474e-06, 1.398850486111769e-06], "lowlevel.melbands.stdev": [0.004785726312547922, 0.0020159753039479256, 0.0003758213424589485, 0.0002695848816074431, 0.0006538739544339478, 0.0011199322761967778, 0.0007351820240728557, 0.0004752475651912391, 0.000574635632801801, 0.0006310513708740473, 0.0004402457852847874, 0.0004070383729413152, 0.00048399579827673733, 0.0005914764478802681, 0.0005484516732394695, 0.0002986297768075019, 0.0002069015899905935, 0.0001460685598431155, 0.0003387134929653257, 0.00019301204883959144, 0.00012059015716658905, 0.00010465827654115856, 5.707060336135328e-05, 2.1043189917691052e-05, 1.021247408061754e-05, 1.0392652256996371e-05, 1.2855120075982995e-05, 9.720160960569046e-06, 1.2970876923645847e-05, 9.792536729946733e-06, 7.504324912588345e-06, 7.951450243126601e-06, 4.361690571386134e-06, 4.557974534691311e-06, 3.4017841699096607e-06, 2.9739676392637193e-06, 2.8894576189486543e-06, 3.4248769225087017e-06, 3.5402574667386943e-06, 2.479528575349832e-06], "lowlevel.melbands128.mean": [0.000759354792535305, 0.0027528079226613045, 0.002747728955000639, 0.001895020715892315, 0.0008661990286782384, 0.00029590458143502474, 0.00010225582082057372, 4.998274380341172e-05, 5.079434049548581e-05, 7.440704212058336e-05, 0.00012485921615734696, 0.00019432898261584342, 0.00029363002977333963, 0.00046676117926836014, 0.0006701431120745838, 0.0010306721087545156, 0.0007199226529337466, 0.00014664373884443194, 9.124640200752765e-05, 0.00019058956240769476, 0.00031145167304202914, 0.00019579105719458312, 0.00017834783648140728, 0.00021990812092553824, 0.00027462755679152906, 0.00025402058963663876, 0.0001847244711825624, 0.0003239865181967616, 0.00013683813449461013, 0.00023874269390944391, 0.00018345356511417776, 0.00019837314903270453, 0.00018542124598752707, 0.00029674923280254006, 0.00021341265528462827, 0.00019480736227706075, 0.00018851709319278598, 0.00015241416986100376, 0.00014491401088889688, 0.00011106679448857903, 7.078618364175782e-05, 5.146948387846351e-05, 7.71854683989659e-05, 0.00013257736281957477, 5.5992957641137764e-05, 4.7439258196391165e-05, 6.523501360788941e-05, 7.264984014909714e-05, 0.00012255957699380815, 8.760048513067886e-05, 5.4627860663458705e-05, 5.7056196965277195e-05, 4.9025311454897746e-05, 5.5779179092496634e-05, 5.2010200306540355e-05, 4.373714909888804e-05, 3.222891973564401e-05, 2.88359969999874e-05, 3.0184090064722113e-05, 1.3144075637683272e-05, 9.035937182488851e-06, 7.706406904617324e-06, 9.062182471097913e-06, 7.195616035460262e-06, 5.916725967836101e-06, 7.109493708412629e-06, 7.989092409843579e-06, 8.41230939840898e-06, 9.813119504542556e-06, 8.723170140001457e-06, 6.648872385994764e-06, 6.930577910679858e-06, 7.572054073534673e-06, 8.766704922891222e-06, 6.639423645538045e-06, 7.394643034785986e-06, 9.089330887945835e-06, 6.53210872769705e-06, 6.4565633692836855e-06, 6.256505002966151e-06, 9.032275556819513e-06, 5.82138136451249e-06, 4.565837571135489e-06, 4.02668547394569e-06, 3.833541995845735e-06, 3.875654329021927e-06, 4.271210400474956e-06, 3.0586311368097086e-06, 2.6551581413514214e-06, 2.4911369109759107e-06, 2.5116924007306807e-06, 1.9520400655892445e-06, 2.017850192714832e-06, 1.9680423974932637e-06, 2.405908389846445e-06, 3.0358760341187008e-06, 1.8255533404953894e-06, 1.4073008287596167e-06, 2.509048044885276e-06, 2.2917913611308904e-06, 1.4676152204629034e-06, 1.3122779591867584e-06, 1.173876853499678e-06, 1.0877658951358171e-06, 7.543786182395706e-07, 6.813555160078977e-07, 7.186683319559961e-07, 6.357380470944918e-07, 5.006810397389927e-07, 3.8728546769561945e-07, 3.826498300441017e-07, 3.914073261057638e-07, 4.89726915020583e-07, 5.58171620923531e-07, 4.671889826113329e-07, 5.071636337561358e-07, 3.1066952033143025e-07, 2.521347397532736e-08, 4.512988940885698e-12, 3.997358433843745e-12, 3.832022806710134e-12, 3.712481710937965e-12, 3.6108063154044467e-12, 3.5290787219616204e-12, 3.4426248744084953e-12, 3.3492460107392708e-12, 3.291459119147966e-12, 3.2667878818726237e-12], "lowlevel.melbands128.stdev": [0.0020811171270906925, 0.0070106773637235165, 0.005650029983371496, 0.003630197374150157, 0.0022964980453252792, 0.001229667104780674, 0.0004629518953152001, 0.00020648626377806067, 0.00026488187722861767, 0.00030243079527281225, 0.0004052505537401885, 0.0005894402274861932, 0.0010317341657355428, 0.0011056993389502168, 0.0014953066129237413, 0.0020578433759510517, 0.0016161545645445585, 0.0005901874392293394, 0.00036701298085972667, 0.00046133220894262195, 0.0007910791900940239, 0.0009286192944273353, 0.0006335808429867029, 0.0010329785291105509, 0.0008962597930803895, 0.000816477055195719, 0.0006838538101874292, 0.0007213496137410402, 0.000446535152150318, 0.0005008170264773071, 0.000555692648049444, 0.0008627053466625512, 0.0005574329406954348, 0.0008255268330685794, 0.0009353648638352752, 0.0007797239813953638, 0.0008114257943816483, 0.0008832710445858538, 0.0006103200139477849, 0.0005679018213413656, 0.0003468072973191738, 0.00016428697563242167, 0.00019487850659061223, 0.00044632356730289757, 0.00028502653003670275, 0.00015150253602769226, 0.00018862502474803478, 0.00038914335891604424, 0.0006351487245410681, 0.0004968914436176419, 0.00015888737107161433, 0.0001838590978877619, 0.00018302116950508207, 0.00019495222659315914, 0.00010491866123629734, 0.00019013603741768748, 0.00015395494119729847, 7.877359894337133e-05, 9.960627357941121e-05, 2.7581312679103576e-05, 2.9698978323722258e-05, 1.823096681619063e-05, 1.5095854905666783e-05, 1.1045431165257469e-05, 9.44912972045131e-06, 1.1819402971013915e-05, 1.6676798622938804e-05, 1.607594094821252e-05, 1.793299088603817e-05, 1.3930212844570633e-05, 1.0579258741927333e-05, 1.1851192539324984e-05, 1.2632288417080417e-05, 1.9843857444357127e-05, 1.0893049875448924e-05, 1.1989035556325689e-05, 1.362474085908616e-05, 8.953553333412856e-06, 8.067581802606583e-06, 8.204421646951232e-06, 1.451743082725443e-05, 7.029362222965574e-06, 5.4424326663138345e-06, 4.639315648091724e-06, 5.069133749202592e-06, 5.010100267099915e-06, 5.763028184446739e-06, 4.090037691639736e-06, 3.6306762467575027e-06, 3.5730458876059856e-06, 3.7254515063978033e-06, 3.007219902428915e-06, 3.187917172908783e-06, 3.052803322134423e-06, 3.435852477196022e-06, 4.832565991819138e-06, 3.6560368243954144e-06, 2.539757133490639e-06, 4.503606760408729e-06, 4.288261607143795e-06, 2.8230697353137657e-06, 2.382022103120107e-06, 2.763613338174764e-06, 2.496829210940632e-06, 1.5392000705105602e-06, 1.3682328017239342e-06, 1.3475087143888231e-06, 1.3489130878951983e-06, 1.13715930183389e-06, 8.857746820467582e-07, 9.148488402388466e-07, 7.259316134877736e-07, 8.299832074953883e-07, 8.73160274750262e-07, 7.721609449617972e-07, 9.223763299814891e-07, 5.711809762942721e-07, 5.6740496745533164e-08, 7.000722918037994e-12, 6.594288483319222e-12, 6.359877034733952e-12, 6.177206315904904e-12, 6.0213722029300865e-12, 5.896676810029922e-12, 5.796254969048231e-12, 5.715483208240668e-12, 5.657847888113077e-12, 5.622866755539135e-12], "lowlevel.mfcc.mean": [-641.242919921875, 61.85043716430664, -27.237253189086914, -13.36269474029541, -18.092941284179688, 0.33677324652671814, -8.082147598266602, -3.8843977451324463, 1.4562404155731201, -3.6153132915496826, -3.0611155033111572, 3.197603940963745, 3.6200671195983887], "lowlevel.spectral_contrast_coeffs.mean": [-0.6724211573600769, -0.6955090761184692, -0.7364671230316162, -0.7838354706764221, -0.8012754321098328, -0.7312891483306885], "lowlevel.spectral_contrast_coeffs.stdev": [0.13387876749038696, 0.1043686643242836, 0.08629922568798065, 0.0685124397277832, 0.04286215081810951, 0.03809322789311409], "lowlevel.spectral_contrast_valleys.mean": [-8.711861610412598, -7.348988056182861, -7.2401580810546875, -7.343013763427734, -7.316189765930176, -9.84148120880127], "lowlevel.spectral_contrast_valleys.stdev": [1.7427468299865723, 0.8886059522628784, 0.7557344436645508, 0.7029995322227478, 0.6257513165473938, 0.7162970900535583], "rhythm.beats_loudness_band_ratio.mean": [0.1462043821811676, 0.15310418605804443, 0.17087961733341217, 0.31061550974845886, 0.18120191991329193, 0.07840138673782349], "rhythm.beats_loudness_band_ratio.stdev": [0.2194938063621521, 0.23373651504516602, 0.17449812591075897, 0.21876195073127747, 0.13393206894397736, 0.08484084904193878], "tonal.hpcp.mean": [0.13697107136249542, 0.1665344536304474, 0.12526832520961761, 0.11127019673585892, 0.10639505833387375, 0.10514666140079498, 0.14438007771968842, 0.13472799956798553, 0.09557618945837021, 0.1636379361152649, 0.22387339174747467, 0.18314513564109802, 0.13249720633029938, 0.11736469715833664, 0.11038480699062347, 0.1311158686876297, 0.149374857544899, 0.14554007351398468, 0.16398048400878906, 0.15635821223258972, 0.13189689815044403, 0.16810038685798645, 0.19702774286270142, 0.14552411437034607, 0.16421756148338318, 0.17927250266075134, 0.126869335770607, 0.1145678386092186, 0.11205475777387619, 0.09700920432806015, 0.2140224725008011, 0.25434598326683044, 0.1254315972328186, 0.08639688789844513, 0.07969658821821213, 0.07986021041870117], "tonal.hpcp.stdev": [0.2141280323266983, 0.26323744654655457, 0.20209448039531708, 0.22725366055965424, 0.21367861330509186, 0.20546886324882507, 0.2473253607749939, 0.24365754425525665, 0.18681079149246216, 0.23005294799804688, 0.2850109040737152, 0.2768044173717499, 0.24130113422870636, 0.22545760869979858, 0.2167567014694214, 0.2049400359392166, 0.2300093024969101, 0.23311208188533783, 0.26866623759269714, 0.2580340802669525, 0.22254690527915955, 0.26447516679763794, 0.30131804943084717, 0.23893064260482788, 0.2561146020889282, 0.2987157106399536, 0.21866382658481598, 0.22797773778438568, 0.22857090830802917, 0.20748914778232574, 0.2951069474220276, 0.3425837457180023, 0.1833527684211731, 0.1742159128189087, 0.16462796926498413, 0.15998153388500214], "rhythm.beats_position": [0.3831292390823364, 0.7894784212112427, 1.2190475463867188, 1.6486167907714844, 2.0665760040283203, 2.496145009994507, 2.9257142543792725, 3.3668932914733887, 3.7848525047302246, 4.22603178024292, 4.643990993499756, 5.061950206756592, 5.491518974304199, 5.921088218688965, 6.36226749420166, 6.780226707458496, 7.209795951843262, 7.639364719390869, 8.080544471740723, 8.498503684997559, 8.928071975708008, 9.357641220092773, 9.798820495605469, 10.228389739990234, 10.657958984375, 11.099138259887695, 11.54031753540039, 11.981496810913086, 12.411065101623535, 12.829024314880371, 13.258593559265137, 13.688162803649902, 14.117732048034668, 14.547301292419434, 14.9768705368042, 15.394829750061035, 15.8243989944458, 16.25396728515625, 16.683536529541016, 17.11310577392578, 17.542675018310547, 17.972244262695312, 18.401813507080078, 18.831382751464844, 19.24934196472168, 19.678911209106445, 20.10848045349121, 20.538049697875977, 20.967618942260742], "rhythm.bpm_histogram": [0.0, 0.0, 0.0, 0.0, 0.0, 0.0, 0.0, 0.0, 0.0, 0.0, 0.0, 0.0, 0.0, 0.0, 0.0, 0.0, 0.0, 0.0, 0.0, 0.0, 0.0, 0.0, 0.0, 0.0, 0.0, 0.0, 0.0, 0.0, 0.0, 0.0, 0.0, 0.0, 0.0, 0.0, 0.0, 0.0, 0.0, 0.0, 0.0, 0.0, 0.0, 0.0, 0.0, 0.0, 0.0, 0.0, 0.0, 0.0, 0.0, 0.0, 0.0, 0.0, 0.0, 0.0, 0.0, 0.0, 0.0, 0.0, 0.0, 0.0, 0.0, 0.0, 0.0, 0.0, 0.0, 0.0, 0.0, 0.0, 0.0, 0.0, 0.0, 0.0, 0.0, 0.0, 0.0, 0.0, 0.0, 0.0, 0.0, 0.0, 0.0, 0.0, 0.0, 0.0, 0.0, 0.0, 0.0, 0.0, 0.0, 0.0, 0.0, 0.0, 0.0, 0.0, 0.0, 0.0, 0.0, 0.0, 0.0, 0.0, 0.0, 0.0, 0.0, 0.0, 0.0, 0.0, 0.0, 0.0, 0.0, 0.0, 0.0, 0.0, 0.0, 0.0, 0.0, 0.0, 0.0, 0.0, 0.0, 0.0, 0.0, 0.0, 0.0, 0.0, 0.0, 0.0, 0.0, 0.0, 0.0, 0.0, 0.0, 0.0, 0.0, 0.0, 0.0, 0.0, 0.1666666716337204, 0.0, 0.0, 0.0, 0.625, 0.0, 0.0, 0.0, 0.1875, 0.0, 0.0, 0.0, 0.02083333395421505, 0.0, 0.0, 0.0, 0.0, 0.0, 0.0, 0.0, 0.0, 0.0, 0.0, 0.0, 0.0, 0.0, 0.0, 0.0, 0.0, 0.0, 0.0, 0.0, 0.0, 0.0, 0.0, 0.0, 0.0, 0.0, 0.0, 0.0, 0.0, 0.0, 0.0, 0.0, 0.0, 0.0, 0.0, 0.0, 0.0, 0.0, 0.0, 0.0, 0.0, 0.0, 0.0, 0.0, 0.0, 0.0, 0.0, 0.0, 0.0, 0.0, 0.0, 0.0, 0.0, 0.0, 0.0, 0.0, 0.0, 0.0, 0.0, 0.0, 0.0, 0.0, 0.0, 0.0, 0.0, 0.0, 0.0, 0.0, 0.0, 0.0, 0.0, 0.0, 0.0, 0.0, 0.0, 0.0, 0.0, 0.0, 0.0, 0.0, 0.0, 0.0, 0.0, 0.0, 0.0, 0.0, 0.0, 0.0, 0.0, 0.0, 0.0, 0.0, 0.0, 0.0, 0.0, 0.0, 0.0, 0.0, 0.0, 0.0, 0.0, 0.0], "tonal.chords_histogram": [28.232759475708008, 2.370689630508423, 0.21551723778247833, 0.0, 2.155172348022461, 0.0, 8.620689392089844, 1.2931034564971924, 2.8017241954803467, 0.0, 2.370689630508423, 3.879310369491577, 0.43103447556495667, 3.2327585220336914, 0.0, 0.0, 0.21551723778247833, 21.336206436157227, 0.0, 0.0, 2.155172348022461, 2.155172348022461, 9.913793563842773, 8.620689392089844], "tonal.thpcp": [1.0, 0.49315345287323, 0.33968251943588257, 0.3133392930030823, 0.3139825761318207, 0.5385226607322693, 0.6547555923461914, 0.492511510848999, 0.4374757409095764, 0.4183083772659302, 0.4134001135826111, 0.5676522850990295, 0.529703676700592, 0.3757723569869995, 0.6433674693107605, 0.8801923394203186, 0.7200630307197571, 0.5209329724311829, 0.4614371955394745, 0.43399468064308167, 0.5155020356178284, 0.5872900485992432, 0.5722129940986633, 0.6447142958641052, 0.6147461533546448, 0.5185727477073669, 0.660912275314331, 0.7746446132659912, 0.5721502304077148, 0.6456463932991028, 0.7048371434211731, 0.4988061189651489, 0.450440913438797, 0.44056037068367004, 0.3814064860343933, 0.8414619565010071], "lowlevel.gfcc.cov": [[6933.8857421875, 2002.811279296875, 1785.9842529296875, 784.5892944335938, 1008.868896484375, 514.9385375976562, 615.1375122070312, 794.7074584960938, 691.1431274414062, 552.2428588867188, 349.8880615234375, 532.791015625, 92.24221801757812], [2002.811279296875, 1694.5592041015625, 1020.3323364257812, 526.186279296875, 446.1498718261719, 177.3251953125, 233.11102294921875, 200.16390991210938, 278.0511169433594, 206.0741729736328, 175.07720947265625, 133.8102569580078, 21.8875675201416], [1785.9842529296875, 1020.3323364257812, 1801.7418212890625, 914.2115478515625, 571.0721435546875, 317.1418151855469, 304.8028259277344, 424.36993408203125, 271.0421447753906, 254.60704040527344, 184.07687377929688, 210.61122131347656, -101.66129302978516], [784.5892944335938, 526.186279296875, 914.2115478515625, 729.1770629882812, 368.9563903808594, 212.29443359375, 207.77528381347656, 264.760009765625, 180.26348876953125, 121.41495513916016, 106.36427307128906, 111.22856140136719, -81.32669830322266], [1008.868896484375, 446.1498718261719, 571.0721435546875, 368.9563903808594, 534.0376586914062, 355.4412536621094, 289.7234802246094, 268.02532958984375, 219.4452667236328, 148.69923400878906, 62.04530715942383, 94.30711364746094, -19.555131912231445], [514.9385375976562, 177.3251953125, 317.1418151855469, 212.29443359375, 355.4412536621094, 439.5284118652344, 289.3414306640625, 191.93238830566406, 175.366455078125, 107.18457794189453, 25.738204956054688, 9.25512409210205, -52.230506896972656], [615.1375122070312, 233.11102294921875, 304.8028259277344, 207.77528381347656, 289.7234802246094, 289.3414306640625, 337.5574951171875, 266.6567687988281, 197.1182861328125, 112.9357681274414, 59.345829010009766, 51.57140350341797, -27.88532066345215], [794.7074584960938, 200.16390991210938, 424.36993408203125, 264.760009765625, 268.02532958984375, 191.93238830566406, 266.6567687988281, 393.4253234863281, 237.80361938476562, 119.2400131225586, 55.730125427246094, 102.71022033691406, -16.052017211914062], [691.1431274414062, 278.0511169433594, 271.0421447753906, 180.26348876953125, 219.4452667236328, 175.366455078125, 197.1182861328125, 237.80361938476562, 267.19525146484375, 133.77992248535156, 57.67647171020508, 89.42955017089844, 6.5202555656433105], [552.2428588867188, 206.0741729736328, 254.60704040527344, 121.41495513916016, 148.69923400878906, 107.18457794189453, 112.9357681274414, 119.2400131225586, 133.77992248535156, 169.1175537109375, 102.67039489746094, 77.77688598632812, 10.792201042175293], [349.8880615234375, 175.07720947265625, 184.07687377929688, 106.36427307128906, 62.04530715942383, 25.738204956054688, 59.345829010009766, 55.730125427246094, 57.67647171020508, 102.67039489746094, 146.8533477783203, 100.26078033447266, 24.837221145629883], [532.791015625, 133.8102569580078, 210.61122131347656, 111.22856140136719, 94.30711364746094, 9.25512409210205, 51.57140350341797, 102.71022033691406, 89.42955017089844, 77.77688598632812, 100.26078033447266, 185.58828735351562, 63.40007400512695], [92.24221801757812, 21.8875675201416, -101.66129302978516, -81.32669830322266, -19.555131912231445, -52.230506896972656, -27.88532066345215, -16.052017211914062, 6.5202555656433105, 10.792201042175293, 24.837221145629883, 63.40007400512695, 113.90922546386719]], "lowlevel.gfcc.icov": [[0.0003399126580916345, -0.0003260421799495816, -4.299897773307748e-05, 0.0002540921268519014, -0.0001725883485050872, -6.305805436568335e-05, 0.00012959518062416464, -0.00040081405313685536, 0.00017200963338837028, -0.0004771637904923409, 0.00034671061439439654, -0.0007060875068418682, 0.00019988964777439833], [-0.0003260421799495816, 0.0017285572830587626, -0.0008831292507238686, -6.0510959883686155e-05, -0.00083263183478266, 0.001245449180714786, -0.0009606928215362132, 0.0018906883196905255, -0.0021438435651361942, 0.001431395299732685, -0.001702585257589817, 0.0020876049529761076, -0.001243694219738245], [-4.299897773307748e-05, -0.0008831292507238686, 0.0025362896267324686, -0.0019990012515336275, 0.00016992917517200112, -0.000784895964898169, 0.0010652488563209772, -0.0016821775352582335, 0.0022527026012539864, -0.0022106736432760954, 0.0012487574713304639, -0.0016683484427630901, 0.0014706773217767477], [0.0002540921268519014, -6.0510959883686155e-05, -0.0019990012515336275, 0.004965615924447775, -0.0017753152642399073, 0.0005041016265749931, 0.0002849842421710491, -0.00032172672217711806, -0.0014399845385923982, 0.002478982787579298, -0.0023386753164231777, -0.00017252455290872604, 0.0019713735673576593], [-0.0001725883485050872, -0.00083263183478266, 0.00016992917517200112, -0.0017753152642399073, 0.007754329591989517, -0.004419035743921995, -0.0006433723610825837, -0.0010686056921258569, 0.001533295726403594, -0.0024784354027360678, 0.003418306354433298, -0.002103891922160983, -0.001246524159796536], [-6.305805436568335e-05, 0.001245449180714786, -0.000784895964898169, 0.0005041016265749931, -0.004419035743921995, 0.00930672138929367, -0.006153218913823366, 0.003708613570779562, -0.002769107697531581, 0.00013826294161844999, -0.00019278921536169946, 0.002401727717369795, 0.0008468859014101326], [0.00012959518062416464, -0.0009606928215362132, 0.0010652488563209772, 0.0002849842421710491, -0.0006433723610825837, -0.006153218913823366, 0.0139859514310956, -0.007082147989422083, -4.55720169156848e-07, 0.000798889494035393, -0.0036784678231924772, 0.0009429557831026614, 0.0009293202310800552], [-0.00040081405313685536, 0.0018906883196905255, -0.0016821775352582335, -0.00032172672217711806, -0.0010686056921258569, 0.003708613570779562, -0.007082147989422083, 0.011457313783466816, -0.006583194248378277, 0.0017775612650439143, 0.0007500543724745512, 1.025987967295805e-05, -0.00033268824336118996], [0.00017200963338837028, -0.0021438435651361942, 0.0022527026012539864, -0.0014399845385923982, 0.001533295726403594, -0.002769107697531581, -4.55720169156848e-07, -0.006583194248378277, 0.01540706679224968, -0.008979985490441322, 0.006110771559178829, -0.004819739609956741, 0.0006398003315553069], [-0.0004771637904923409, 0.001431395299732685, -0.0022106736432760954, 0.002478982787579298, -0.0024784354027360678, 0.00013826294161844999, 0.000798889494035393, 0.0017775612650439143, -0.008979985490441322, 0.020882509648799896, -0.013712931424379349, 0.004782224074006081, -0.0011438941583037376], [0.00034671061439439654, -0.001702585257589817, 0.0012487574713304639, -0.0023386753164231777, 0.003418306354433298, -0.00019278921536169946, -0.0036784678231924772, 0.0007500543724745512, 0.006110771559178829, -0.013712931424379349, 0.022016320377588272, -0.010377814993262291, 0.0011198141146451235], [-0.0007060875068418682, 0.0020876049529761076, -0.0016683484427630901, -0.00017252455290872604, -0.002103891922160983, 0.002401727717369795, 0.0009429557831026614, 1.025987967295805e-05, -0.004819739609956741, 0.004782224074006081, -0.010377814993262291, 0.017238760367035866, -0.007978330366313457], [0.00019988964777439833, -0.001243694219738245, 0.0014706773217767477, 0.0019713735673576593, -0.001246524159796536, 0.0008468859014101326, 0.0009293202310800552, -0.00033268824336118996, 0.0006398003315553069, -0.0011438941583037376, 0.0011198141146451235, -0.007978330366313457, 0.016199197620153427]], "lowlevel.mfcc.cov": [[5111.99267578125, 1528.3060302734375, 905.287841796875, 696.6099243164062, 676.4558715820312, 391.1604919433594, 335.0821838378906, 555.2128295898438, 557.8701171875, 356.9312438964844, 424.5599670410156, 529.9818725585938, 446.2934875488281], [1528.3060302734375, 1301.4349365234375, 632.3917846679688, 441.016845703125, 352.7616882324219, 228.4360809326172, 143.0989532470703, 171.29847717285156, 178.3928985595703, 158.03697204589844, 183.8463134765625, 166.71644592285156, 144.4263153076172], [905.287841796875, 632.3917846679688, 1179.435302734375, 685.7277221679688, 437.3114013671875, 188.318359375, 204.7364959716797, 270.6025085449219, 119.15425872802734, 160.76214599609375, 248.38140869140625, 214.34747314453125, 118.22216796875], [696.6099243164062, 441.016845703125, 685.7277221679688, 651.057861328125, 340.4500427246094, 92.30254364013672, 132.24778747558594, 214.58261108398438, 100.50885772705078, 91.93548583984375, 169.2911376953125, 181.3798370361328, 90.96720123291016], [676.4558715820312, 352.7616882324219, 437.3114013671875, 340.4500427246094, 393.17877197265625, 212.40040588378906, 162.10035705566406, 205.45811462402344, 168.23025512695312, 128.08494567871094, 152.93414306640625, 128.91917419433594, 107.14061737060547], [391.1604919433594, 228.4360809326172, 188.318359375, 92.30254364013672, 212.40040588378906, 328.1802673339844, 163.32522583007812, 128.41094970703125, 109.40502166748047, 130.6217803955078, 115.7679443359375, 68.74823760986328, 87.52436065673828], [335.0821838378906, 143.0989532470703, 204.7364959716797, 132.24778747558594, 162.10035705566406, 163.32522583007812, 245.85569763183594, 159.6777801513672, 110.33650970458984, 119.23585510253906, 118.88299560546875, 83.55718994140625, 69.81893920898438], [555.2128295898438, 171.29847717285156, 270.6025085449219, 214.58261108398438, 205.45811462402344, 128.41094970703125, 159.6777801513672, 320.466552734375, 223.671142578125, 143.9369659423828, 155.98484802246094, 143.9346160888672, 122.1967544555664], [557.8701171875, 178.3928985595703, 119.15425872802734, 100.50885772705078, 168.23025512695312, 109.40502166748047, 110.33650970458984, 223.671142578125, 281.62042236328125, 168.47677612304688, 127.03970336914062, 102.1928939819336, 107.56377410888672], [356.9312438964844, 158.03697204589844, 160.76214599609375, 91.93548583984375, 128.08494567871094, 130.6217803955078, 119.23585510253906, 143.9369659423828, 168.47677612304688, 212.1489715576172, 141.6332550048828, 80.76524353027344, 85.36001586914062], [424.5599670410156, 183.8463134765625, 248.38140869140625, 169.2911376953125, 152.93414306640625, 115.7679443359375, 118.88299560546875, 155.98484802246094, 127.03970336914062, 141.6332550048828, 203.68048095703125, 135.1534881591797, 89.52996063232422], [529.9818725585938, 166.71644592285156, 214.34747314453125, 181.3798370361328, 128.91917419433594, 68.74823760986328, 83.55718994140625, 143.9346160888672, 102.1928939819336, 80.76524353027344, 135.1534881591797, 187.8388214111328, 113.2494888305664], [446.2934875488281, 144.4263153076172, 118.22216796875, 90.96720123291016, 107.14061737060547, 87.52436065673828, 69.81893920898438, 122.1967544555664, 107.56377410888672, 85.36001586914062, 89.52996063232422, 113.2494888305664, 153.12254333496094]], "lowlevel.mfcc.icov": [[0.0004189590981695801, -0.0003628978447522968, 7.799819286447018e-06, 8.750171400606632e-05, -0.0001679453271208331, 6.534046406159177e-05, -3.748104063561186e-05, 3.2825144444359466e-05, -0.00037909773527644575, 0.00013769467477686703, 0.00017068488523364067, -0.0006829496123827994, -0.0002709079999476671], [-0.0003628978447522968, 0.001570554100908339, -0.0004333569959271699, -0.0005183394532650709, 0.00010952458251267672, -0.0005791311268694699, 0.000145028781844303, 0.0008947301539592445, -0.0005851570749655366, 5.9439611504785717e-05, -0.00017774474690668285, 0.0005899160751141608, -0.0002613443648442626], [7.799819286447018e-06, -0.0004333569959271699, 0.002735581947490573, -0.0018390994518995285, -0.0009468643693253398, 0.0001730446092551574, -6.088421287131496e-05, -0.0008682974148541689, 0.001666072872467339, -0.0008468328742310405, -0.000801248534116894, 0.00013747194316238165, 0.0003193400043528527], [8.750171400606632e-05, -0.0005183394532650709, -0.0018390994518995285, 0.0058614397421479225, -0.003315830370411277, 0.0019742862787097692, 0.0001415327424183488, -0.001554852002300322, 0.0016734489472582936, -0.0002317956241313368, 0.00036231079138815403, -0.0023545180447399616, 0.001022749813273549], [-0.0001679453271208331, 0.00010952458251267672, -0.0009468643693253398, -0.003315830370411277, 0.009738885797560215, -0.004072603303939104, -0.0007016832823865116, 0.0007472516153939068, -0.003941204398870468, 0.0022099707275629044, -0.0005991284851916134, 0.001268214313313365, -0.0007267989567480981], [6.534046406159177e-05, -0.0005791311268694699, 0.0001730446092551574, 0.0019742862787097692, -0.004072603303939104, 0.007198838982731104, -0.0022665325086563826, -0.0005221635801717639, 0.002133332658559084, -0.002071207854896784, -0.0005727434763684869, 0.0007286128238774836, -0.0013137160567566752], [-3.748104063561186e-05, 0.000145028781844303, -6.088421287131496e-05, 0.0001415327424183488, -0.0007016832823865116, -0.0022665325086563826, 0.008305402472615242, -0.002926779678091407, 0.0015828943578526378, -0.0019324233289808035, -0.0007480817730538547, -0.00023247966601047665, 0.0008452202891930938], [3.2825144444359466e-05, 0.0008947301539592445, -0.0008682974148541689, -0.001554852002300322, 0.0007472516153939068, -0.0005221635801717639, -0.002926779678091407, 0.01191216055303812, -0.008030927740037441, 0.0025146999396383762, -0.0013601593673229218, -0.0011617200216278434, -0.001847540377639234], [-0.00037909773527644575, -0.0005851570749655366, 0.001666072872467339, 0.0016734489472582936, -0.003941204398870468, 0.002133332658559084, 0.0015828943578526378, -0.008030927740037441, 0.014858486130833626, -0.007709496188908815, 0.0009944208431988955, 6.035463229636662e-05, -0.0001641216076677665], [0.00013769467477686703, 5.9439611504785717e-05, -0.0008468328742310405, -0.0002317956241313368, 0.0022099707275629044, -0.002071207854896784, -0.0019324233289808035, 0.0025146999396383762, -0.007709496188908815, 0.015179235488176346, -0.007247280329465866, 0.003217227989807725, -0.0023421733640134335], [0.00017068488523364067, -0.00017774474690668285, -0.000801248534116894, 0.00036231079138815403, -0.0005991284851916134, -0.0005727434763684869, -0.0007480817730538547, -0.0013601593673229218, 0.0009944208431988955, -0.007247280329465866, 0.016818754374980927, -0.00853670947253704, 0.00206814450211823], [-0.0006829496123827994, 0.0005899160751141608, 0.00013747194316238165, -0.0023545180447399616, 0.001268214313313365, 0.0007286128238774836, -0.00023247966601047665, -0.0011617200216278434, 6.035463229636662e-05, 0.003217227989807725, -0.00853670947253704, 0.018125630915164948, -0.007794230245053768], [-0.0002709079999476671, -0.0002613443648442626, 0.0003193400043528527, 0.001022749813273549, -0.0007267989567480981, -0.0013137160567566752, 0.0008452202891930938, -0.001847540377639234, -0.0001641216076677665, -0.0023421733640134335, 0.00206814450211823, -0.007794230245053768, 0.015037471428513527]], "metadata.audio_properties.analysis.downmix": "mix", "metadata.audio_properties.codec": "mp3", "metadata.audio_properties.md5_encoded": "61f11f8c555eafb0f7416fbb695ba7bd", "metadata.tags.file_name": "1182286690799325196.mp3", "metadata.version.essentia": "2.1-beta6-dev", "metadata.version.essentia_git_sha": "v2.1_beta5-1110-g77a6a954", "metadata.version.extractor": "music 2.0", "tonal.chords_key": "C", "tonal.chords_scale": "major", "tonal.key_edma.key": "C", "tonal.key_edma.scale": "major", "tonal.key_krumhansl.key": "C", "tonal.key_krumhansl.scale": "major", "tonal.key_temperley.key": "C", "tonal.key_temperley.scale": "major", "metadata.tags.encoding": ["Lavf58.45.100"]}, "essentia_models": [{"model_name": "genre_dortmund", "activations": {"alternative": "0.04369263", "blues": "0.058088753", "electronic": "0.12815247", "folkcount