{"song_id": "1182282404556177510", "download": "https://cdn.discordapp.com/attachments/1128313332273782784/1182282404556177510/chirp.mp4?ex=6584214a&amp", "lyrics": "[verse]\nOn Christmas night, love is in the air\nUnderneath the sparkling stars so bright\nSnowflakes falling gently everywhere\nA romance blossoms in the silent night\n\n[chorus]\n\u8056\u8a95\u591c\u7684\u6200\u60c5\uff0c\u5982\u5922\u5982\u5e7b\n\u5fc3\u4e2d\u71c3\u71d2\u7684\u611b\uff0c\u6eab\u6696\u7121\u908a\n\u76f8\u64c1\u5728\u5bd2\u51b7\u4e2d\uff0c\u8fce\u63a5\u9ece\u660e\n\u8056\u8a95\u591c\u7684\u6200\u60c5\uff0c\u7f8e\u9e97\u7121\u9650\n\nTranslation of the chorus", "style": ["funk"], "essentia_features": {"lowlevel.average_loudness": 0.9066226482391357, "lowlevel.barkbands_crest.mean": 16.16683578491211, "lowlevel.barkbands_crest.stdev": 5.282921314239502, "lowlevel.barkbands_flatness_db.mean": 0.3010938763618469, "lowlevel.barkbands_flatness_db.stdev": 0.08620059490203857, "lowlevel.barkbands_kurtosis.mean": 20.498775482177734, "lowlevel.barkbands_kurtosis.stdev": 32.22899627685547, "lowlevel.barkbands_skewness.mean": 2.7521958351135254, "lowlevel.barkbands_skewness.stdev": 2.519719123840332, "lowlevel.barkbands_spread.mean": 8.436868667602539, "lowlevel.barkbands_spread.stdev": 13.218928337097168, "lowlevel.dissonance.mean": 0.3607037365436554, "lowlevel.dissonance.stdev": 0.06861517578363419, "lowlevel.dynamic_complexity": 5.778435230255127, "lowlevel.erbbands_crest.mean": 18.243305206298828, "lowlevel.erbbands_crest.stdev": 6.355405807495117, "lowlevel.erbbands_flatness_db.mean": 0.31579944491386414, "lowlevel.erbbands_flatness_db.stdev": 0.0800056979060173, "lowlevel.erbbands_kurtosis.mean": 8.011570930480957, "lowlevel.erbbands_kurtosis.stdev": 12.064261436462402, "lowlevel.erbbands_skewness.mean": 1.6766144037246704, "lowlevel.erbbands_skewness.stdev": 1.5675591230392456, "lowlevel.erbbands_spread.mean": 17.231422424316406, "lowlevel.erbbands_spread.stdev": 20.98296356201172, "lowlevel.hfc.mean": 11.419707298278809, "lowlevel.hfc.stdev": 15.751299858093262, "lowlevel.loudness_ebu128.integrated": -19.1749210357666, "lowlevel.loudness_ebu128.loudness_range": 4.595603942871094, "lowlevel.loudness_ebu128.momentary.mean": -21.758010864257812, "lowlevel.loudness_ebu128.momentary.stdev": 5.451968669891357, "lowlevel.loudness_ebu128.short_term.mean": -19.808364868164062, "lowlevel.loudness_ebu128.short_term.stdev": 1.7726675271987915, "lowlevel.melbands_crest.mean": 20.677200317382812, "lowlevel.melbands_crest.stdev": 6.430344104766846, "lowlevel.melbands_flatness_db.mean": 0.33949556946754456, "lowlevel.melbands_flatness_db.stdev": 0.09684624522924423, "lowlevel.melbands_kurtosis.mean": 27.545785903930664, "lowlevel.melbands_kurtosis.stdev": 42.43337631225586, "lowlevel.melbands_skewness.mean": 3.0600404739379883, "lowlevel.melbands_skewness.stdev": 2.583160400390625, "lowlevel.melbands_spread.mean": 13.424972534179688, "lowlevel.melbands_spread.stdev": 30.849430084228516, "lowlevel.pitch_salience.mean": 0.4617535471916199, "lowlevel.pitch_salience.stdev": 0.15747280418872833, "lowlevel.silence_rate_20dB.mean": 1.0, "lowlevel.silence_rate_20dB.stdev": 0.0, "lowlevel.silence_rate_30dB.mean": 0.997682511806488, "lowlevel.silence_rate_30dB.stdev": 0.04808463156223297, "lowlevel.silence_rate_60dB.mean": 0.30301275849342346, "lowlevel.silence_rate_60dB.stdev": 0.4595625698566437, "lowlevel.spectral_centroid.mean": 840.278076171875, "lowlevel.spectral_centroid.stdev": 739.8546752929688, "lowlevel.spectral_complexity.mean": 4.785052299499512, "lowlevel.spectral_complexity.stdev": 3.0076446533203125, "lowlevel.spectral_decrease.mean": -3.7179697098821407e-09, "lowlevel.spectral_decrease.stdev": 4.729755254118118e-09, "lowlevel.spectral_energy.mean": 0.015068273060023785, "lowlevel.spectral_energy.stdev": 0.019032681360840797, "lowlevel.spectral_energyband_high.mean": 0.00020290250540710986, "lowlevel.spectral_energyband_high.stdev": 0.000783452473115176, "lowlevel.spectral_energyband_low.mean": 1.370566496916581e-05, "lowlevel.spectral_energyband_low.stdev": 4.26512815465685e-05, "lowlevel.spectral_energyband_middle_high.mean": 0.004468922037631273, "lowlevel.spectral_energyband_middle_high.stdev": 0.010674169287085533, "lowlevel.spectral_energyband_middle_low.mean": 0.011367013677954674, "lowlevel.spectral_energyband_middle_low.stdev": 0.014477930963039398, "lowlevel.spectral_entropy.mean": 6.180880546569824, "lowlevel.spectral_entropy.stdev": 0.9522432684898376, "lowlevel.spectral_flux.mean": 0.03572101891040802, "lowlevel.spectral_flux.stdev": 0.03510864078998566, "lowlevel.spectral_kurtosis.mean": 16.671049118041992, "lowlevel.spectral_kurtosis.stdev": 17.475814819335938, "lowlevel.spectral_rms.mean": 0.0031462949700653553, "lowlevel.spectral_rms.stdev": 0.0021912497468292713, "lowlevel.spectral_rolloff.mean": 1441.8680419921875, "lowlevel.spectral_rolloff.stdev": 2493.177978515625, "lowlevel.spectral_skewness.mean": 3.0172648429870605, "lowlevel.spectral_skewness.stdev": 1.4906967878341675, "lowlevel.spectral_spread.mean": 4264590.0, "lowlevel.spectral_spread.stdev": 2700141.5, "lowlevel.spectral_strongpeak.mean": 1.64189875125885, "lowlevel.spectral_strongpeak.stdev": 1.7346619367599487, "lowlevel.zerocrossingrate.mean": 0.05269165709614754, "lowlevel.zerocrossingrate.stdev": 0.06921014189720154, "metadata.audio_properties.analysis.equal_loudness": 0.0, "metadata.audio_properties.analysis.length": 40.04265213012695, "metadata.audio_properties.analysis.sample_rate": 44100.0, "metadata.audio_properties.analysis.start_time": 0.0, "metadata.audio_properties.bit_rate": 118141.0, "metadata.audio_properties.length": 40.042667388916016, "metadata.audio_properties.lossless": 0.0, "metadata.audio_properties.number_channels": 1.0, "metadata.audio_properties.replay_gain": -10.047403335571289, "metadata.audio_properties.sample_rate": 48000.0, "rhythm.beats_count": 75.0, "rhythm.beats_loudness.mean": 0.018825408071279526, "rhythm.beats_loudness.stdev": 0.019663751125335693, "rhythm.bpm": 111.88968658447266, "rhythm.bpm_histogram_first_peak_bpm": 112.0, "rhythm.bpm_histogram_first_peak_weight": 0.30000001192092896, "rhythm.bpm_histogram_second_peak_bpm": 129.0, "rhythm.bpm_histogram_second_peak_spread": 0.30000001192092896, "rhythm.bpm_histogram_second_peak_weight": 0.09459459781646729, "rhythm.danceability": 1.1610020399093628, "rhythm.onset_rate": 3.42034649848938, "tonal.chords_changes_rate": 0.04976851865649223, "tonal.chords_number_rate": 0.0069444444961845875, "tonal.chords_strength.mean": 0.49485859274864197, "tonal.chords_strength.stdev": 0.08583149313926697, "tonal.hpcp_crest.mean": 24.54024314880371, "tonal.hpcp_crest.stdev": 9.35426139831543, "tonal.hpcp_entropy.mean": 0.8752743601799011, "tonal.hpcp_entropy.stdev": 0.6765183806419373, "tonal.key_edma.strength": 0.6531510949134827, "tonal.key_krumhansl.strength": 0.6516817212104797, "tonal.key_temperley.strength": 0.6419270634651184, "tonal.tuning_diatonic_strength": 0.5205259323120117, "tonal.tuning_equal_tempered_deviation": 0.041214726865291595, "tonal.tuning_frequency": 441.7826843261719, "tonal.tuning_nontempered_energy_ratio": 0.6264388561248779, "lowlevel.barkbands.mean": [5.667769187311933e-07, 5.945287853137415e-07, 7.403141808026703e-06, 7.875276423874311e-06, 0.00021884847956243902, 0.0034840318839997053, 0.004321414511650801, 0.0003247032000217587, 0.0012051332741975784, 0.0032410069834440947, 0.0008945792214944959, 0.00046483665937557817, 0.0002796983753796667, 0.00012468396744225174, 0.00012145615619374439, 5.119101842865348e-05, 2.672306618478615e-05, 1.1690989595081192e-05, 5.260153193376027e-05, 3.6181925679557025e-05, 1.1368134437361732e-05, 2.1897267288295552e-05, 2.8509903131634928e-05, 4.661329148802906e-05, 4.7983900003600866e-05, 3.617810216383077e-05, 5.229244948168343e-07], "lowlevel.barkbands.stdev": [1.0993802561642951e-06, 1.4500033103104215e-06, 2.290227530465927e-05, 2.966902138723526e-05, 0.0009105424396693707, 0.005150743760168552, 0.009893838316202164, 0.0025988342240452766, 0.0039120325818657875, 0.008965694345533848, 0.005573478527367115, 0.002217235742136836, 0.001597898080945015, 0.0006448921049013734, 0.0012051506200805306, 0.0002599393483251333, 0.00011317605822114274, 5.5021857406245545e-05, 0.000261803186731413, 0.00022535691095981747, 6.163173384265974e-05, 0.00011132489453302696, 0.00012914263061247766, 0.00018755310156848282, 0.0002413780748611316, 0.00019447310478426516, 2.8826364086853573e-06], "lowlevel.erbbands.mean": [1.896143839985598e-05, 0.0002442276745568961, 0.0054194265976548195, 0.024805959314107895, 0.07833752781152725, 0.8684942126274109, 6.751204013824463, 37.94776153564453, 72.97167205810547, 25.594850540161133, 6.4373297691345215, 36.72443389892578, 89.92351531982422, 66.19048309326172, 32.672725677490234, 25.47894287109375, 15.73543643951416, 7.286715507507324, 7.3250203132629395, 3.889014720916748, 2.343296766281128, 1.2171536684036255, 0.7272483110427856, 1.385364055633545, 3.2439463138580322, 1.829271912574768, 0.5992512106895447, 0.46755144000053406, 0.7338106036186218, 0.8128064274787903, 0.8272273540496826, 0.8885573744773865, 0.8078805804252625, 0.536983847618103, 0.3352307081222534, 0.20432600378990173, 0.05638112872838974, 0.005668408237397671, 0.00013088079867884517, 2.2935995730222203e-05], "lowlevel.erbbands.stdev": [3.667788041639142e-05, 0.0005934101063758135, 0.015857312828302383, 0.08448530733585358, 0.38806915283203125, 3.483614683151245, 16.134416580200195, 54.367225646972656, 151.31236267089844, 73.79469299316406, 26.525463104248047, 112.66483306884766, 293.8534240722656, 227.01499938964844, 218.07708740234375, 109.23189544677734, 81.30426788330078, 33.22286605834961, 70.9154052734375, 16.918415069580078, 9.214558601379395, 5.287835597991943, 3.4512939453125, 5.523655891418457, 18.29976463317871, 10.36020278930664, 3.2565393447875977, 2.5669119358062744, 3.784496545791626, 3.912578821182251, 3.7439229488372803, 3.7022743225097656, 3.270012855529785, 2.532214403152466, 1.830639123916626, 1.1830003261566162, 0.2893103361129761, 0.02745416946709156, 0.0005975082167424262, 3.379542613402009e-05], "lowlevel.gfcc.mean": [-172.40138244628906, 70.08257293701172, -141.42999267578125, -51.210716247558594, -104.751220703125, -17.26565933227539, -55.279727935791016, 6.900899410247803, -27.356399536132812, 7.696041584014893, 5.201017379760742, -1.220426082611084, 4.707884311676025], "lowlevel.melbands.mean": [1.705766692339239e-07, 2.240775302198017e-06, 4.536882897809846e-06, 2.66402439592639e-05, 0.00020785517699550837, 0.0008208517101593316, 0.0010787664214149117, 0.0002177471324102953, 5.331987267709337e-05, 0.00023718464944977313, 0.0004453830770216882, 0.00026827899273484945, 0.00010301879956386983, 6.88669242663309e-05, 5.049926767242141e-05, 2.0483252228586935e-05, 1.3880037840863224e-05, 1.1461398571555037e-05, 6.178913736221148e-06, 5.27125075677759e-06, 2.182825255658827e-06, 1.473165298193635e-06, 7.937179589134757e-07, 4.75093571594698e-07, 1.0495909918972757e-06, 2.4122466584231006e-06, 1.9510848687787075e-06, 9.87177486422297e-07, 3.876289724757953e-07, 2.398135734438256e-07, 2.9041424909337366e-07, 4.091892265023489e-07, 4.505742765559262e-07, 4.437012535163376e-07, 4.5693266770285845e-07, 4.892040692539013e-07, 5.92160404266906e-07, 6.060924988560146e-07, 4.6778535534031107e-07, 4.5516813429458125e-07], "lowlevel.melbands.stdev": [3.5018058497371385e-07, 6.566053798451321e-06, 1.384251572744688e-05, 0.00011513703066157177, 0.000478327099699527, 0.0011972903739660978, 0.0022848686203360558, 0.000753668718971312, 0.0002263600326841697, 0.0007239385740831494, 0.0014716632431373, 0.0009555011056363583, 0.0006377430399879813, 0.000328651862218976, 0.00021693117741961032, 0.00010625823779264465, 7.508199632866308e-05, 0.00010171233589062467, 5.357229747460224e-05, 2.5180812372127548e-05, 8.00956149760168e-06, 7.433963219227735e-06, 3.7995159800630063e-06, 2.206200178989093e-06, 4.302989054849604e-06, 1.344112115475582e-05, 1.2387482456688304e-05, 5.329812665877398e-06, 2.1689425011572894e-06, 1.3129912304066238e-06, 1.7201248283527093e-06, 2.2739932319382206e-06, 2.2710664779879153e-06, 2.183633341701352e-06, 2.183863671234576e-06, 2.1261064375721617e-06, 2.5164019916701363e-06, 2.4226742425526027e-06, 2.083947947539855e-06, 2.2503888885694323e-06], "lowlevel.melbands128.mean": [1.7683025532733154e-07, 1.3278598487431736e-07, 1.5374298811821063e-07, 2.66309399421516e-07, 1.360433657282556e-06, 4.478998562262859e-06, 5.5466389312641695e-06, 3.0164494546625065e-06, 4.083030034962576e-06, 1.6638536180835217e-05, 4.13306916016154e-05, 8.634149708086625e-05, 0.0001201933337142691, 0.000471429229946807, 0.0009697984205558896, 0.0008922477136366069, 0.0010431641712784767, 0.0014807843836024404, 0.0006611068383790553, 0.00012313052138779312, 0.00011203317990293726, 2.9693770557059906e-05, 1.6758460333221592e-05, 8.708298264537007e-05, 0.0002781081129796803, 0.00026652507949620485, 0.00022490935225505382, 0.000760636234190315, 0.00022328981140162796, 0.00039432343328371644, 0.0002549015625845641, 8.697019802639261e-05, 7.921092765172943e-05, 0.0001618133537704125, 1.782383696991019e-05, 6.959597521927208e-05, 9.756012877915055e-05, 1.6682555724401027e-05, 6.308740557869896e-05, 3.399476918275468e-05, 8.116738172248006e-06, 1.6394373005823581e-06, 1.3708097867493052e-05, 2.5405382984899916e-05, 2.950712087113061e-06, 1.1791527867899276e-05, 1.8238744814880192e-05, 2.0083678009541472e-06, 3.870743512379704e-06, 5.418671207735315e-06, 6.495488378277514e-06, 4.353666099632392e-06, 1.503877570030454e-06, 1.50870141624182e-06, 2.7132784907735186e-06, 1.3832130889568361e-06, 3.6421764093574893e-07, 1.1913161870324984e-06, 6.422823730645177e-07, 8.440811143373139e-07, 1.1549728640147805e-07, 4.0387644162365177e-07, 1.272744725611119e-06, 1.1580940508792992e-06, 9.126276836468605e-07, 2.340074843232287e-06, 3.965799351135502e-06, 1.5282198546628933e-06, 1.5717249652880128e-06, 2.348468342461274e-06, 8.066062946454622e-07, 5.008721473132027e-07, 4.781250595442543e-07, 3.4222503586534003e-07, 3.248395614718902e-07, 2.4590684688519104e-07, 2.0905157782635797e-07, 1.7863592916000925e-07, 3.1897664598545816e-07, 3.5227967032369634e-07, 4.5668073767046735e-07, 3.914347530553641e-07, 4.071505088631966e-07, 4.821492893825052e-07, 4.489250216010987e-07, 4.733692549052648e-07, 4.3871187926924904e-07, 4.0092871245178685e-07, 4.6172948486855603e-07, 4.7037957529028063e-07, 5.410832386587572e-07, 4.772157922161568e-07, 4.408827294355433e-07, 5.151617870069458e-07, 7.772779895276472e-07, 6.925725983819575e-07, 5.435196612779691e-07, 5.284580311126774e-07, 4.7132718350439973e-07, 4.301936371575721e-07, 4.349684274984611e-07, 4.999623683943355e-07, 4.315575097280089e-07, 3.451164616308233e-07, 3.6239453038433567e-07, 3.4482360433685244e-07, 4.4803599053011567e-07, 3.9047671407388407e-07, 3.891321398441505e-07, 3.1796312782716996e-07, 2.808153851674433e-07, 1.7754649661583244e-07, 1.884124998241532e-07, 1.3083383976209007e-07, 8.857598032818714e-08, 5.788104218140688e-08, 2.0283783541685807e-08, 3.475949084119634e-09, 5.137399949894927e-10, 2.733283868336378e-12, 2.6342439514437377e-12, 2.569866845367197e-12, 2.5252636353528812e-12, 2.4723563040590646e-12, 2.389701717758763e-12, 2.280318512140611e-12, 2.2156924732452676e-12, 2.19671741734373e-12], "lowlevel.melbands128.stdev": [3.422415488785191e-07, 2.9567362958005106e-07, 4.111703333364858e-07, 7.516959499298537e-07, 4.572382749756798e-06, 1.4240198652260005e-05, 2.1419926270027645e-05, 1.0108666174346581e-05, 2.3560731278848834e-05, 0.0001121150708058849, 0.00021088580251671374, 0.00039817142533138394, 0.0006352957570925355, 0.0010733322706073523, 0.001756902551278472, 0.0018618310568854213, 0.002395160961896181, 0.004103740677237511, 0.002004321664571762, 0.0006804934819228947, 0.0010365654015913606, 0.00023544298892375082, 0.00015090814849827439, 0.0004957407363690436, 0.0010496204486116767, 0.0011085186852142215, 0.0009117225417867303, 0.0028957489412277937, 0.0008747613755986094, 0.0016755142714828253, 0.0012862166622653604, 0.0007363951299339533, 0.0005062081036157906, 0.001558637130074203, 0.00013214893988333642, 0.000420286669395864, 0.0005178519058972597, 0.00017374682647641748, 0.0004108159046154469, 0.00021086672495584935, 3.1137467885855585e-05, 1.8462900698068552e-05, 8.02015929366462e-05, 0.00014344678493216634, 2.1092737370054238e-05, 0.00011632059613475576, 0.0002698722528293729, 1.5168285244726576e-05, 2.734795089054387e-05, 3.0507751944242045e-05, 4.4338714360492304e-05, 2.7127476641908288e-05, 1.232575232279487e-05, 6.558657332789153e-06, 1.6366444469895214e-05, 1.3044812476437073e-05, 2.1562157144217053e-06, 8.777039511187468e-06, 3.444968797339243e-06, 7.021899818937527e-06, 4.316253239267098e-07, 2.328262098671985e-06, 6.276228305068798e-06, 5.915042493143119e-06, 5.939876245975029e-06, 1.4854254004603717e-05, 2.2341237126966007e-05, 1.0993405339831952e-05, 1.4490671674138866e-05, 1.3906833373766858e-05, 4.6866052798577584e-06, 3.2643488339090254e-06, 2.6178868210990913e-06, 2.0960296751582064e-06, 2.231017788290046e-06, 1.3905394098401302e-06, 1.1432529163357685e-06, 9.952656228051637e-07, 2.0358761503302958e-06, 2.566952389315702e-06, 3.1237793791660806e-06, 2.0603006305464078e-06, 2.2017036371835275e-06, 2.7152625534654362e-06, 2.252382728329394e-06, 2.530120127630653e-06, 2.3460959255316993e-06, 2.0772554307768587e-06, 2.3495151708630146e-06, 2.4967437184386654e-06, 2.4619764644739917e-06, 2.1311495856934926e-06, 2.1178861970838625e-06, 2.534999339331989e-06, 3.339652948852745e-06, 2.859348569472786e-06, 2.599423169158399e-06, 2.4264375042548636e-06, 2.219246198364999e-06, 2.1817468223161995e-06, 2.190192844864214e-06, 2.773301048364374e-06, 2.255892695757211e-06, 1.7815189039538382e-06, 2.1963453491480323e-06, 2.2405001800507307e-06, 2.8307122192927636e-06, 2.3615534701093566e-06, 2.618771986817592e-06, 1.9374845123820705e-06, 1.662223439780064e-06, 9.720225762066548e-07, 1.0212737606707378e-06, 6.814892117290583e-07, 4.408958886870096e-07, 3.157462629133079e-07, 1.1449291292819908e-07, 3.000668868935463e-08, 9.821839341839222e-09, 5.207469004619991e-12, 5.058326587453754e-12, 4.936039424419114e-12, 4.836327085339098e-12, 4.749238762674635e-12, 4.67631532455326e-12, 4.6199337758179304e-12, 4.578358959311801e-12, 4.552901892301842e-12], "lowlevel.mfcc.mean": [-825.4541625976562, 123.9758529663086, -10.998167037963867, -39.640403747558594, -31.49677085876465, -44.74620056152344, -15.538081169128418, -27.7567081451416, -19.158769607543945, 1.23984694480896, -16.40362548828125, -3.197561740875244, 6.832074165344238], "lowlevel.spectral_contrast_coeffs.mean": [-0.6407809257507324, -0.579998791217804, -0.6491953730583191, -0.7581180334091187, -0.7887709736824036, -0.8109393119812012], "lowlevel.spectral_contrast_coeffs.stdev": [0.1336708664894104, 0.10517965257167816, 0.10371603071689606, 0.07107684016227722, 0.057739149779081345, 0.04491880536079407], "lowlevel.spectral_contrast_valleys.mean": [-10.270933151245117, -8.264060974121094, -9.125273704528809, -9.63115406036377, -9.829169273376465, -12.065122604370117], "lowlevel.spectral_contrast_valleys.stdev": [0.925545334815979, 0.9680245518684387, 0.9749078154563904, 0.8941518068313599, 1.0681582689285278, 1.337800145149231], "rhythm.beats_loudness_band_ratio.mean": [0.0033013038337230682, 0.33425071835517883, 0.45037156343460083, 0.1576996147632599, 0.032329317182302475, 0.10474590212106705], "rhythm.beats_loudness_band_ratio.stdev": [0.008596881292760372, 0.29896658658981323, 0.26986199617385864, 0.20079272985458374, 0.06392765045166016, 0.2440928965806961], "tonal.hpcp.mean": [0.32790714502334595, 0.1302875131368637, 0.03337744623422623, 0.03767881914973259, 0.014352582395076752, 0.011534352786839008, 0.018467478454113007, 0.016535678878426552, 0.08271479606628418, 0.11920852214097977, 0.04891160503029823, 0.007549448870122433, 0.0047013768926262856, 0.006342191714793444, 0.04574144259095192, 0.06494196504354477, 0.030545828863978386, 0.008759737014770508, 0.005076602101325989, 0.005807429552078247, 0.06691335886716843, 0.12885813415050507, 0.08450644463300705, 0.23298527300357819, 0.35955333709716797, 0.15048226714134216, 0.005720316432416439, 0.0041023846715688705, 0.010380269028246403, 0.13043701648712158, 0.2371225506067276, 0.13304859399795532, 0.02568136528134346, 0.01387935969978571, 0.018827734515070915, 0.21806329488754272], "tonal.hpcp.stdev": [0.4050948917865753, 0.1916723996400833, 0.13442258536815643, 0.16425655782222748, 0.06929010897874832, 0.05780407413840294, 0.07820135354995728, 0.0691487193107605, 0.20156967639923096, 0.2691670358181, 0.13647226989269257, 0.052250053733587265, 0.03560575470328331, 0.034808240830898285, 0.14592225849628448, 0.185307115316391, 0.10904794931411743, 0.059675343334674835, 0.043249744921922684, 0.051057763397693634, 0.17180423438549042, 0.3007420599460602, 0.20424577593803406, 0.29725587368011475, 0.4336560368537903, 0.21637049317359924, 0.045234400779008865, 0.032083660364151, 0.06222573295235634, 0.2431584596633911, 0.3941188454627991, 0.2524878978729248, 0.11385802179574966, 0.060643017292022705, 0.0945197120308876, 0.27893882989883423], "rhythm.beats_position": [0.6269387602806091, 1.265487551689148, 1.904036283493042, 2.519365072250366, 3.1346938610076904, 3.7616326808929443, 4.3769612312316895, 5.073559761047363, 5.781768798828125, 6.478367328643799, 7.163355827331543, 7.848344326019287, 8.521722793579102, 9.218321800231934, 9.914920806884766, 10.611518859863281, 11.319727897644043, 11.9931058883667, 12.666484832763672, 13.339863777160645, 13.88553237915039, 14.442811965942383, 14.93043041229248, 15.429659843444824, 15.905668258666992, 16.393287658691406, 16.88090705871582, 17.368526458740234, 17.832923889160156, 18.29732322692871, 18.761722564697266, 19.22612190246582, 19.586030960083008, 19.969160079956055, 20.340679168701172, 20.700590133666992, 21.06049919128418, 21.432018280029297, 21.803537368774414, 22.18666648864746, 22.569795608520508, 22.952924728393555, 23.324443817138672, 23.70757293701172, 24.125532150268555, 24.52027130126953, 24.926620483398438, 25.321359634399414, 25.72770881652832, 26.145668029785156, 26.563627243041992, 27.051246643066406, 27.52725601196289, 27.991655349731445, 28.4560546875, 28.93206214904785, 29.396461486816406, 29.93052101135254, 30.464580535888672, 30.987028121948242, 31.521087646484375, 32.055145263671875, 32.58920669555664, 33.12326431274414, 33.65732192993164, 34.237823486328125, 34.818321228027344, 35.387210845947266, 35.95610046386719, 36.536598205566406, 37.117095947265625, 37.709205627441406, 38.30131530761719, 38.881813049316406, 39.45070266723633], "rhythm.bpm_histogram": [0.0, 0.0, 0.0, 0.0, 0.0, 0.0, 0.0, 0.0, 0.0, 0.0, 0.0, 0.0, 0.0, 0.0, 0.0, 0.0, 0.0, 0.0, 0.0, 0.0, 0.0, 0.0, 0.0, 0.0, 0.0, 0.0, 0.0, 0.0, 0.0, 0.0, 0.0, 0.0, 0.0, 0.0, 0.0, 0.0, 0.0, 0.0, 0.0, 0.0, 0.0, 0.0, 0.0, 0.0, 0.0, 0.0, 0.0, 0.0, 0.0, 0.0, 0.0, 0.0, 0.0, 0.0, 0.0, 0.0, 0.0, 0.0, 0.0, 0.0, 0.0, 0.0, 0.0, 0.0, 0.0, 0.0, 0.0, 0.0, 0.0, 0.0, 0.0, 0.0, 0.0, 0.0, 0.0, 0.0, 0.0, 0.0, 0.0, 0.0, 0.0, 0.0, 0.0, 0.0, 0.0, 0.027027027681469917, 0.06756756454706192, 0.0, 0.027027027681469917, 0.054054055362939835, 0.0, 0.0, 0.0, 0.0, 0.027027027681469917, 0.0, 0.013513513840734959, 0.0, 0.04054053872823715, 0.0, 0.0, 0.027027027681469917, 0.0, 0.06756756454706192, 0.0, 0.04054053872823715, 0.0, 0.0, 0.013513513840734959, 0.0, 0.013513513840734959, 0.0, 0.09459459781646729, 0.0, 0.0, 0.013513513840734959, 0.0, 0.0, 0.0, 0.0, 0.013513513840734959, 0.0, 0.0, 0.06756756454706192, 0.0, 0.0, 0.04054053872823715, 0.0, 0.0, 0.09459459781646729, 0.0, 0.0, 0.0, 0.0, 0.0, 0.0, 0.0, 0.0, 0.0, 0.0, 0.0, 0.0, 0.0, 0.0, 0.04054053872823715, 0.0, 0.0, 0.0, 0.027027027681469917, 0.0, 0.0, 0.0, 0.027027027681469917, 0.0, 0.0, 0.0, 0.0, 0.06756756454706192, 0.0, 0.0, 0.0, 0.054054055362939835, 0.0, 0.0, 0.0, 0.0, 0.0, 0.04054053872823715, 0.0, 0.0, 0.0, 0.0, 0.0, 0.0, 0.0, 0.0, 0.0, 0.0, 0.0, 0.0, 0.0, 0.0, 0.0, 0.0, 0.0, 0.0, 0.0, 0.0, 0.0, 0.0, 0.0, 0.0, 0.0, 0.0, 0.0, 0.0, 0.0, 0.0, 0.0, 0.0, 0.0, 0.0, 0.0, 0.0, 0.0, 0.0, 0.0, 0.0, 0.0, 0.0, 0.0, 0.0, 0.0, 0.0, 0.0, 0.0, 0.0, 0.0, 0.0, 0.0, 0.0, 0.0, 0.0, 0.0, 0.0, 0.0, 0.0, 0.0, 0.0, 0.0, 0.0, 0.0, 0.0, 0.0, 0.0, 0.0, 0.0, 0.0, 0.0, 0.0, 0.0, 0.0, 0.0, 0.0, 0.0, 0.0, 0.0, 0.0, 0.0, 0.0], "tonal.chords_histogram": [35.76388931274414, 9.143518447875977, 17.129629135131836, 6.597222328186035, 0.0, 0.0, 0.0, 0.0, 0.11574073880910873, 0.0, 0.0, 0.0, 0.0, 0.0, 0.0, 0.0, 0.0, 0.11574073880910873, 0.0, 0.0, 0.0, 1.0416666269302368, 0.46296295523643494, 29.629629135131836], "tonal.thpcp": [1.0, 0.4185255765914917, 0.015909507870674133, 0.011409669183194637, 0.028869900852441788, 0.36277514696121216, 0.659492015838623, 0.37003853917121887, 0.07142574340105057, 0.038601670414209366, 0.05236423388123512, 0.6064838767051697, 0.9119846820831299, 0.36235934495925903, 0.09283030778169632, 0.10479340702295303, 0.03991781175136566, 0.03207967057824135, 0.051362279802560806, 0.0459895022213459, 0.2300487458705902, 0.3315461575984955, 0.13603435456752777, 0.020996741950511932, 0.013075603172183037, 0.01763908378779888, 0.12721741199493408, 0.18061845004558563, 0.08495493233203888, 0.024362830445170403, 0.014119190163910389, 0.0161517895758152, 0.18610134720802307, 0.3583839237689972, 0.23503173887729645, 0.6479852795600891], "lowlevel.gfcc.cov": [[10114.6142578125, -2453.43408203125, 482.875244140625, -464.84814453125, -809.4417114257812, -139.9263458251953, -663.5820922851562, -68.48847198486328, -920.7530517578125, 420.42266845703125, 104.129638671875, 603.784912109375, 19.685937881469727], [-2453.43408203125, 3386.862060546875, -422.8268737792969, -278.4714660644531, 592.1922607421875, -213.49887084960938, 312.4523620605469, -380.3093566894531, 74.20046997070312, -464.11651611328125, 275.7514953613281, -633.47509765625, 149.9666748046875], [482.875244140625, -422.8268737792969, 796.3141479492188, 298.4410095214844, -199.02548217773438, 0.4020220637321472, -286.47381591796875, -50.49401092529297, -152.08795166015625, 26.159696578979492, -74.55785369873047, 182.55833435058594, -114.13304901123047], [-464.84814453125, -278.4714660644531, 298.4410095214844, 1039.79345703125, -23.453048706054688, -146.56959533691406, -151.15684509277344, 20.699661254882812, 56.647850036621094, -118.26292419433594, -186.14645385742188, 79.72976684570312, -119.49046325683594], [-809.4417114257812, 592.1922607421875, -199.02548217773438, -23.453048706054688, 424.767333984375, -23.84716796875, 82.8930435180664, 52.67668151855469, 88.01426696777344, -103.58015441894531, -32.82286834716797, -148.87911987304688, -0.6158559918403625], [-139.9263458251953, -213.49887084960938, 0.4020220637321472, -146.56959533691406, -23.84716796875, 491.1408996582031, 182.0162811279297, -44.95730972290039, -7.55179500579834, 91.59151458740234, -34.663169860839844, -95.0249252319336, -27.987564086914062], [-663.5820922851562, 312.4523620605469, -286.47381591796875, -151.15684509277344, 82.8930435180664, 182.0162811279297, 482.72967529296875, 5.8472795486450195, 121.08364868164062, 1.222951054573059, 54.720157623291016, -158.52011108398438, -77.66621398925781], [-68.48847198486328, -380.3093566894531, -50.49401092529297, 20.699661254882812, 52.67668151855469, -44.95730972290039, 5.8472795486450195, 281.4927673339844, 90.70211791992188, 31.453020095825195, -47.32379150390625, 69.96038818359375, -48.53446960449219], [-920.7530517578125, 74.20046997070312, -152.08795166015625, 56.647850036621094, 88.01426696777344, -7.55179500579834, 121.08364868164062, 90.70211791992188, 315.9944152832031, 25.862266540527344, -24.012889862060547, -20.991304397583008, -38.990116119384766], [420.42266845703125, -464.11651611328125, 26.159696578979492, -118.26292419433594, -103.58015441894531, 91.59151458740234, 1.222951054573059, 31.453020095825195, 25.862266540527344, 213.9768829345703, 16.772737503051758, 84.62867736816406, -28.890613555908203], [104.129638671875, 275.7514953613281, -74.55785369873047, -186.14645385742188, -32.82286834716797, -34.663169860839844, 54.720157623291016, -47.32379150390625, -24.012889862060547, 16.772737503051758, 225.1599578857422, -0.706818699836731, 20.477636337280273], [603.784912109375, -633.47509765625, 182.55833435058594, 79.72976684570312, -148.87911987304688, -95.0249252319336, -158.52011108398438, 69.96038818359375, -20.991304397583008, 84.62867736816406, -0.706818699836731, 293.04901123046875, -25.2998104095459], [19.685937881469727, 149.9666748046875, -114.13304901123047, -119.49046325683594, -0.6158559918403625, -27.987564086914062, -77.66621398925781, -48.53446960449219, -38.990116119384766, -28.890613555908203, 20.477636337280273, -25.2998104095459, 210.5477294921875]], "lowlevel.gfcc.icov": [[0.00020021059026475996, 0.00012470527144614607, 0.00010235336958430707, 9.564361971570179e-05, 8.023185364436358e-05, 0.00015469921345356852, 0.00010970604489557445, 0.00010826656216522679, 0.0005237297737039626, -0.00015928679204080254, -4.824865754926577e-05, -1.0479636330273934e-05, 0.00016700674314051867], [0.00012470527144614607, 0.0015640200581401587, -0.0004575770872179419, 0.00038567729643546045, -0.0011777096660807729, 0.0009936470305547118, -0.00028892100090160966, 0.0015851428033784032, -0.0004278203414287418, 0.0015421001007780433, -0.0015531221870332956, 0.0019924123771488667, -0.00024452045909129083], [0.00010235336958430707, -0.0004575770872179419, 0.002896026009693742, -0.0003616831381805241, 0.001049268408678472, -0.0009052446694113314, 0.0017201440641656518, 9.033395326696336e-05, 0.0011081136763095856, -0.00020944881543982774, 0.0007209808682091534, -0.0014297543093562126, 0.0021535775158554316], [9.564361971570179e-05, 0.00038567729643546045, -0.0003616831381805241, 0.0016988839488476515, 3.961972470278852e-05, 0.0005655972054228187, 0.00021648533584084362, 0.0006547376397065818, -0.0004965855041518807, 0.0013435488799586892, 0.0007173630874603987, 0.00021466362522915006, 0.0008389497525058687], [8.023185364436358e-05, -0.0011777096660807729, 0.001049268408678472, 3.961972470278852e-05, 0.004750833380967379, -0.0005925737204961479, 0.000829848984722048, -0.001936683664098382, 0.00015350589819718152, 6.998672324698418e-05, 0.0016911809798330069, -0.00015543865447398275, 0.0010722880251705647], [0.00015469921345356852, 0.0009936470305547118, -0.0009052446694113314, 0.0005655972054228187, -0.0005925737204961479, 0.004008077085018158, -0.0016700935084372759, 0.001338883419521153, 0.00038613961078226566, -0.0009466905612498522, 0.00025969496346078813, 0.002275190781801939, -0.0004785688070114702], [0.00010970604489557445, -0.00028892100090160966, 0.0017201440641656518, 0.00021648533584084362, 0.000829848984722048, -0.0016700935084372759, 0.00490200612694025, -0.00024204881628975272, -0.0005891044856980443, 0.00043288921006023884, -0.000681778765283525, 0.0006884679314680398, 0.002883053384721279], [0.00010826656216522679, 0.0015851428033784032, 9.033395326696336e-05, 0.0006547376397065818, -0.001936683664098382, 0.001338883419521153, -0.00024204881628975272, 0.006570426281541586, -0.0013557887868955731, 0.0012840977869927883, -0.00037584223900921643, 0.00032693316461518407, 0.0008799491915851831], [0.0005237297737039626, -0.0004278203414287418, 0.0011081136763095856, -0.0004965855041518807, 0.00015350589819718152, 0.00038613961078226566, -0.0005891044856980443, -0.0013557887868955731, 0.006290151737630367, -0.00256536528468132, 0.0009745663264766335, -0.0010981840314343572, 0.0006826365715824068], [-0.00015928679204080254, 0.0015421001007780433, -0.00020944881543982774, 0.0013435488799586892, 6.998672324698418e-05, -0.0009466905612498522, 0.00043288921006023884, 0.0012840977869927883, -0.00256536528468132, 0.009883657097816467, -0.0018421343993395567, 0.00012415913806762546, 0.0009707278804853559], [-4.824865754926577e-05, -0.0015531221870332956, 0.0007209808682091534, 0.0007173630874603987, 0.0016911809798330069, 0.00025969496346078813, -0.000681778765283525, -0.00037584223900921643, 0.0009745663264766335, -0.0018421343993395567, 0.007760736625641584, -0.0025765509344637394, 0.000473335589049384], [-1.0479636330273934e-05, 0.0019924123771488667, -0.0014297543093562126, 0.00021466362522915006, -0.00015543865447398275, 0.002275190781801939, 0.0006884679314680398, 0.00032693316461518407, -0.0010981840314343572, 0.00012415913806762546, -0.0025765509344637394, 0.009384204633533955, -0.00024817464873194695], [0.00016700674314051867, -0.00024452045909129083, 0.0021535775158554316, 0.0008389497525058687, 0.0010722880251705647, -0.0004785688070114702, 0.002883053384721279, 0.0008799491915851831, 0.0006826365715824068, 0.0009707278804853559, 0.000473335589049384, -0.00024817464873194695, 0.00794120505452156]], "lowlevel.mfcc.cov": [[8752.810546875, -1470.26220703125, 100.97732543945312, -218.6820526123047, -220.0009765625, -300.1493835449219, 131.99732971191406, -543.2430419921875, -491.0016784667969, -341.55169677734375, -586.2802734375, -150.52386474609375, 275.5835266113281], [-1470.26220703125, 2937.555419921875, -392.6017150878906, -156.6912841796875, 124.86345672607422, -90.18008422851562, 282.6484680175781, -189.96389770507812, -180.5928955078125, -18.274274826049805, -146.5470428466797, -52.97583770751953, -214.7772674560547], [100.97732543945312, -392.6017150878906, 722.4124145507812, 141.31204223632812, -34.98155975341797, 166.90501403808594, -92.2090072631836, 28.77407455444336, -91.00222778320312, -134.6497802734375, 53.5068473815918, 17.0775089263916, -26.68953514099121], [-218.6820526123047, -156.6912841796875, 141.31204223632812, 860.4002685546875, 156.39756774902344, -91.03981018066406, -225.93820190429688, 148.9285125732422, -38.74775314331055, -181.49197387695312, 79.38214874267578, -55.872493743896484, -55.44010543823242], [-220.0009765625, 124.86345672607422, -34.98155975341797, 156.39756774902344, 359.3738098144531, -90.70744323730469, -60.476078033447266, 5.392393112182617, 39.38397979736328, -67.56134796142578, -59.08433151245117, -26.38969612121582, -36.294830322265625], [-300.1493835449219, -90.18008422851562, 166.90501403808594, -91.03981018066406, -90.70744323730469, 430.333251953125, 65.72059631347656, 30.534801483154297, 54.386871337890625, 83.6777572631836, 57.5734748840332, -1.2119592428207397, -1.1536617279052734], [131.99732971191406, 282.6484680175781, -92.2090072631836, -225.93820190429688, -60.476078033447266, 65.72059631347656, 362.3188171386719, -36.11296844482422, -18.803699493408203, 94.38356018066406, -68.29972076416016, 26.695762634277344, -36.1955451965332], [-543.2430419921875, -189.96389770507812, 28.77407455444336, 148.9285125732422, 5.392393112182617, 30.534801483154297, -36.11296844482422, 275.9251403808594, 77.06718444824219, 21.5855712890625, 169.9552001953125, 44.93890380859375, -2.954491376876831], [-491.0016784667969, -180.5928955078125, -91.00222778320312, -38.74775314331055, 39.38397979736328, 54.386871337890625, -18.803699493408203, 77.06718444824219, 274.1473083496094, 131.09283447265625, 50.26563262939453, 11.035829544067383, 6.743038177490234], [-341.55169677734375, -18.274274826049805, -134.6497802734375, -181.49197387695312, -67.56134796142578, 83.6777572631836, 94.38356018066406, 21.5855712890625, 131.09283447265625, 275.3561706542969, 43.93038558959961, 16.0145206451416, -11.196552276611328], [-586.2802734375, -146.5470428466797, 53.5068473815918, 79.38214874267578, -59.08433151245117, 57.5734748840332, -68.29972076416016, 169.9552001953125, 50.26563262939453, 43.93038558959961, 323.7391052246094, 99.12201690673828, 2.3680241107940674], [-150.52386474609375, -52.97583770751953, 17.0775089263916, -55.872493743896484, -26.38969612121582, -1.2119592428207397, 26.695762634277344, 44.93890380859375, 11.035829544067383, 16.0145206451416, 99.12201690673828, 168.40008544921875, 72.46240234375], [275.5835266113281, -214.7772674560547, -26.68953514099121, -55.44010543823242, -36.294830322265625, -1.1536617279052734, -36.1955451965332, -2.954491376876831, 6.743038177490234, -11.196552276611328, 2.3680241107940674, 72.46240234375, 237.17947387695312]], "lowlevel.mfcc.icov": [[0.00020285588107071817, 0.00015905375767033547, 4.600666943588294e-05, 6.6119810071541e-06, 8.245858771260828e-05, 0.00010249746264889836, -0.00018743467808235437, 0.00026491229073144495, 0.000259294145507738, 0.00016107609553728253, 0.00014220073353499174, 0.0001472156582167372, -0.0001433006109436974], [0.00015905375767033547, 0.0006003852467983961, 0.00034987088292837143, 3.3488024200778455e-05, -0.00014067556185182184, -1.3038494216743857e-05, -0.00039321795338764787, 0.00043334387009963393, 0.0005408073775470257, 0.0002497286186553538, 3.602655488066375e-05, 1.2189809240226168e-05, 0.0003221970109734684], [4.600666943588294e-05, 0.00034987088292837143, 0.002223964547738433, -0.00010232070053461939, 0.00010445420775795355, -0.0011309732217341661, 0.0003682947426568717, 0.0001017971444525756, 0.0007323259487748146, 0.0010456937598064542, 0.0001113811376853846, -0.0007488212431780994, 0.0008138773846440017], [6.6119810071541e-06, 3.3488024200778455e-05, -0.00010232070053461939, 0.001905827783048153, -0.0005260010366328061, 0.00016167355352081358, 0.0006707804277539253, -0.0010022621136158705, 0.00028474783175624907, 0.0007621980621479452, -0.00023110421898309141, 0.0006563244969584048, 0.0002964613086078316], [8.245858771260828e-05, -0.00014067556185182184, 0.00010445420775795355, -0.0005260010366328061, 0.0038039025384932756, 0.00045799952931702137, 0.0003087248478550464, -8.715433068573475e-05, -0.001228315057232976, 0.0009460399742238224, 0.0011241412721574306, -0.0004718987620435655, 0.0005084899021312594], [0.00010249746264889836, -1.3038494216743857e-05, -0.0011309732217341661, 0.00016167355352081358, 0.00045799952931702137, 0.0033737681806087494, -0.000868024944793433, 0.0001302245509577915, -0.0006179125048220158, -0.0006483420147560537, -0.0006180924829095602, 0.0011946382001042366, -0.0006365766166709363], [-0.00018743467808235437, -0.00039321795338764787, 0.0003682947426568717, 0.0006707804277539253, 0.0003087248478550464, -0.000868024944793433, 0.0047261081635952, -0.0011739337351173162, 0.0007482337532564998, -0.0012883251765742898, 0.0017516762018203735, -0.0020297623705118895, 0.0013301322469487786], [0.00026491229073144495, 0.00043334387009963393, 0.0001017971444525756, -0.0010022621136158705, -8.715433068573475e-05, 0.0001302245509577915, -0.0011739337351173162, 0.006841782480478287, -0.0010720008285716176, 0.00050896848551929, -0.0029461754020303488, 0.0002338351623620838, -0.00023236520064529032], [0.000259294145507738, 0.0005408073775470257, 0.0007323259487748146, 0.00028474783175624907, -0.001228315057232976, -0.0006179125048220158, 0.0007482337532564998, -0.0010720008285716176, 0.00655122147873044, -0.00257701613008976, 0.0004786881909240037, -5.208710354054347e-05, -4.949429785483517e-05], [0.00016107609553728253, 0.0002497286186553538, 0.0010456937598064542, 0.0007621980621479452, 0.0009460399742238224, -0.0006483420147560537, -0.0012883251765742898, 0.00050896848551929, -0.00257701613008976, 0.007063417229801416, -0.0008706967928446829, 0.00033292517764493823, 0.0005998501437716186], [0.00014220073353499174, 3.602655488066375e-05, 0.0001113811376853846, -0.00023110421898309141, 0.0011241412721574306, -0.0006180924829095602, 0.0017516762018203735, -0.0029461754020303488, 0.0004786881909240037, -0.0008706967928446829, 0.006822453811764717, -0.0037739702966064215, 0.001255733659490943], [0.0001472156582167372, 1.2189809240226168e-05, -0.0007488212431780994, 0.0006563244969584048, -0.0004718987620435655, 0.0011946382001042366, -0.0020297623705118895, 0.0002338351623620838, -5.208710354054347e-05, 0.00033292517764493823, -0.0037739702966064215, 0.010282378643751144, -0.0035506784915924072], [-0.0001433006109436974, 0.00032219701097346