{"song_id": "1182281373730488374", "download": "https://cdn.discordapp.com/attachments/1128313332273782784/1182281373730488374/chirp.mp4?ex=65842055&amp", "lyrics": "-", "style": ["post punk shoegaze hardcore"], "essentia_features": {"lowlevel.average_loudness": 0.9493504762649536, "lowlevel.barkbands_crest.mean": 14.009754180908203, "lowlevel.barkbands_crest.stdev": 4.672732830047607, "lowlevel.barkbands_flatness_db.mean": 0.2630883455276489, "lowlevel.barkbands_flatness_db.stdev": 0.10517135262489319, "lowlevel.barkbands_kurtosis.mean": 54.49039840698242, "lowlevel.barkbands_kurtosis.stdev": 77.00244140625, "lowlevel.barkbands_skewness.mean": 4.882071495056152, "lowlevel.barkbands_skewness.stdev": 3.54616379737854, "lowlevel.barkbands_spread.mean": 16.092403411865234, "lowlevel.barkbands_spread.stdev": 20.28125762939453, "lowlevel.dissonance.mean": 0.4619514048099518, "lowlevel.dissonance.stdev": 0.029707707464694977, "lowlevel.dynamic_complexity": 3.199247360229492, "lowlevel.erbbands_crest.mean": 10.115230560302734, "lowlevel.erbbands_crest.stdev": 3.9862513542175293, "lowlevel.erbbands_flatness_db.mean": 0.1483987271785736, "lowlevel.erbbands_flatness_db.stdev": 0.0397370271384716, "lowlevel.erbbands_kurtosis.mean": 0.6845290064811707, "lowlevel.erbbands_kurtosis.stdev": 2.5661332607269287, "lowlevel.erbbands_skewness.mean": 0.1563635915517807, "lowlevel.erbbands_skewness.stdev": 1.0279351472854614, "lowlevel.erbbands_spread.mean": 51.19220733642578, "lowlevel.erbbands_spread.stdev": 25.011049270629883, "lowlevel.hfc.mean": 30.326786041259766, "lowlevel.hfc.stdev": 35.19126510620117, "lowlevel.loudness_ebu128.integrated": -14.566858291625977, "lowlevel.loudness_ebu128.loudness_range": 2.2940673828125, "lowlevel.loudness_ebu128.momentary.mean": -15.168015480041504, "lowlevel.loudness_ebu128.momentary.stdev": 2.551926374435425, "lowlevel.loudness_ebu128.short_term.mean": -14.47035026550293, "lowlevel.loudness_ebu128.short_term.stdev": 0.8885862827301025, "lowlevel.melbands_crest.mean": 31.342350006103516, "lowlevel.melbands_crest.stdev": 8.433156967163086, "lowlevel.melbands_flatness_db.mean": 0.3364073932170868, "lowlevel.melbands_flatness_db.stdev": 0.12437961250543594, "lowlevel.melbands_kurtosis.mean": 195.41033935546875, "lowlevel.melbands_kurtosis.stdev": 314.4646301269531, "lowlevel.melbands_skewness.mean": 9.157218933105469, "lowlevel.melbands_skewness.stdev": 7.394676685333252, "lowlevel.melbands_spread.mean": 15.237030982971191, "lowlevel.melbands_spread.stdev": 28.33448600769043, "lowlevel.pitch_salience.mean": 0.26121199131011963, "lowlevel.pitch_salience.stdev": 0.1744971126317978, "lowlevel.silence_rate_20dB.mean": 0.8521634340286255, "lowlevel.silence_rate_20dB.stdev": 0.35493820905685425, "lowlevel.silence_rate_30dB.mean": 0.4447115361690521, "lowlevel.silence_rate_30dB.stdev": 0.4969346225261688, "lowlevel.silence_rate_60dB.mean": 0.030048076063394547, "lowlevel.silence_rate_60dB.stdev": 0.1707189977169037, "lowlevel.spectral_centroid.mean": 1596.11376953125, "lowlevel.spectral_centroid.stdev": 968.7784423828125, "lowlevel.spectral_complexity.mean": 11.539663314819336, "lowlevel.spectral_complexity.stdev": 8.578862190246582, "lowlevel.spectral_decrease.mean": -4.149922716578658e-08, "lowlevel.spectral_decrease.stdev": 3.6542914472192933e-08, "lowlevel.spectral_energy.mean": 0.15937814116477966, "lowlevel.spectral_energy.stdev": 0.13827018439769745, "lowlevel.spectral_energyband_high.mean": 0.001931124133989215, "lowlevel.spectral_energyband_high.stdev": 0.0034124560188502073, "lowlevel.spectral_energyband_low.mean": 0.1389484703540802, "lowlevel.spectral_energyband_low.stdev": 0.13121634721755981, "lowlevel.spectral_energyband_middle_high.mean": 0.00378169072791934, "lowlevel.spectral_energyband_middle_high.stdev": 0.0064198910258710384, "lowlevel.spectral_energyband_middle_low.mean": 0.008244577795267105, "lowlevel.spectral_energyband_middle_low.stdev": 0.01300304476171732, "lowlevel.spectral_entropy.mean": 7.686477184295654, "lowlevel.spectral_entropy.stdev": 0.45784899592399597, "lowlevel.spectral_flux.mean": 0.12990021705627441, "lowlevel.spectral_flux.stdev": 0.09363008290529251, "lowlevel.spectral_kurtosis.mean": 2.902369260787964, "lowlevel.spectral_kurtosis.stdev": 2.1399471759796143, "lowlevel.spectral_rms.mean": 0.010985931381583214, "lowlevel.spectral_rms.stdev": 0.005899176001548767, "lowlevel.spectral_rolloff.mean": 794.6315307617188, "lowlevel.spectral_rolloff.stdev": 1792.8907470703125, "lowlevel.spectral_skewness.mean": 1.3053131103515625, "lowlevel.spectral_skewness.stdev": 0.4583486318588257, "lowlevel.spectral_spread.mean": 5627968.0, "lowlevel.spectral_spread.stdev": 2008355.5, "lowlevel.spectral_strongpeak.mean": 0.6096453070640564, "lowlevel.spectral_strongpeak.stdev": 0.6672693490982056, "lowlevel.zerocrossingrate.mean": 0.037585917860269547, "lowlevel.zerocrossingrate.stdev": 0.04494680464267731, "metadata.audio_properties.analysis.equal_loudness": 0.0, "metadata.audio_properties.analysis.length": 19.284286499023438, "metadata.audio_properties.analysis.sample_rate": 44100.0, "metadata.audio_properties.analysis.start_time": 0.0, "metadata.audio_properties.bit_rate": 121361.0, "metadata.audio_properties.length": 19.28533363342285, "metadata.audio_properties.lossless": 0.0, "metadata.audio_properties.number_channels": 1.0, "metadata.audio_properties.replay_gain": -10.125556945800781, "metadata.audio_properties.sample_rate": 48000.0, "rhythm.beats_count": 50.0, "rhythm.beats_loudness.mean": 0.18948203325271606, "rhythm.beats_loudness.stdev": 0.12205536663532257, "rhythm.bpm": 161.49899291992188, "rhythm.bpm_histogram_first_peak_bpm": 161.0, "rhythm.bpm_histogram_first_peak_weight": 0.3181818723678589, "rhythm.bpm_histogram_second_peak_bpm": 136.0, "rhythm.bpm_histogram_second_peak_spread": 0.0, "rhythm.bpm_histogram_second_peak_weight": 0.040816325694322586, "rhythm.danceability": 1.0649268627166748, "rhythm.onset_rate": 4.972188949584961, "tonal.chords_changes_rate": 0.06954436749219894, "tonal.chords_number_rate": 0.007194244768470526, "tonal.chords_strength.mean": 0.5340335965156555, "tonal.chords_strength.stdev": 0.05348631367087364, "tonal.hpcp_crest.mean": 17.721364974975586, "tonal.hpcp_crest.stdev": 8.5446138381958, "tonal.hpcp_entropy.mean": 1.4804532527923584, "tonal.hpcp_entropy.stdev": 0.7628927230834961, "tonal.key_edma.strength": 0.6334889531135559, "tonal.key_krumhansl.strength": 0.6238017678260803, "tonal.key_temperley.strength": 0.5975639820098877, "tonal.tuning_diatonic_strength": 0.6087182760238647, "tonal.tuning_equal_tempered_deviation": 0.2294018268585205, "tonal.tuning_frequency": 434.193115234375, "tonal.tuning_nontempered_energy_ratio": 0.954747200012207, "lowlevel.barkbands.mean": [0.05625726655125618, 0.08639589697122574, 0.003014520974829793, 0.0007900866912677884, 0.0008553176303394139, 0.00019148971477989107, 0.0017278556479141116, 0.003411532612517476, 0.0007604988641105592, 0.0006649743299931288, 0.0002892947813961655, 0.00020732305711135268, 0.0005893248016946018, 0.0006861499277874827, 0.00047214061487466097, 0.0003735469072125852, 0.00021531317906919867, 0.00023638423590455204, 0.00011319658369757235, 0.0004103637475054711, 0.00011646741040749475, 0.0003255365008953959, 0.0006253484170883894, 0.0003506455977912992, 0.00017766421660780907, 0.00011676003487082198, 3.4971249078807887e-06], "lowlevel.barkbands.stdev": [0.06648923456668854, 0.0858769491314888, 0.010247325524687767, 0.0042769466526806355, 0.0028306818567216396, 0.0007607446750625968, 0.004632728174328804, 0.007100019603967667, 0.00224316050298512, 0.0017116011586040258, 0.0008623856119811535, 0.0007387968362309039, 0.0019678978715091944, 0.002035166835412383, 0.0014867648715153337, 0.0010473404545336962, 0.0004583661793731153, 0.0004385917854961008, 0.00024095950357150286, 0.000673493545036763, 0.0002957089454866946, 0.0006683203391730785, 0.001423423644155264, 0.0007009061519056559, 0.00036559783620759845, 0.000280229898635298, 1.6515567040187307e-05], "lowlevel.erbbands.mean": [5.841067314147949, 6.623458385467529, 4.226031303405762, 3.044732093811035, 2.269155979156494, 3.104339838027954, 2.3789637088775635, 1.81179940700531, 12.517824172973633, 73.22626495361328, 39.29841613769531, 18.958498001098633, 29.510061264038086, 8.075201988220215, 13.067577362060547, 12.128230094909668, 26.748186111450195, 34.672828674316406, 29.31453514099121, 20.057655334472656, 17.432857513427734, 11.860106468200684, 14.606316566467285, 6.6139936447143555, 8.56489086151123, 21.249122619628906, 6.72338342666626, 5.151586055755615, 10.76225757598877, 18.750164031982422, 15.627203941345215, 8.932397842407227, 4.991175174713135, 2.4258127212524414, 1.0581653118133545, 0.527342677116394, 0.2198944240808487, 0.02965276688337326, 0.0006695753545500338, 0.0001991237368201837], "lowlevel.erbbands.stdev": [5.728494167327881, 9.806900978088379, 11.752784729003906, 13.904423713684082, 11.368061065673828, 9.562748908996582, 6.511789321899414, 6.5687479972839355, 34.757625579833984, 131.4818115234375, 96.52670288085938, 53.73889923095703, 71.05577087402344, 19.01222038269043, 41.43048095703125, 38.48992156982422, 90.11304473876953, 101.80094909667969, 84.84087371826172, 49.37379837036133, 47.452369689941406, 24.579580307006836, 26.224334716796875, 12.750601768493652, 16.501258850097656, 34.57783126831055, 13.108983039855957, 12.483658790588379, 22.467105865478516, 38.49415588378906, 36.61677932739258, 20.486068725585938, 9.265059471130371, 4.915295600891113, 2.263774871826172, 1.224670171737671, 0.5577078461647034, 0.0800824835896492, 0.0016457842430099845, 0.00015785662981215864], "lowlevel.gfcc.mean": [-19.92999267578125, 72.6800308227539, -93.39167785644531, 45.883140563964844, -48.6339111328125, 33.33094787597656, -16.00391387939453, 31.597328186035156, 8.736539840698242, 18.746431350708008, -0.09860391169786453, -3.6713297367095947, -9.619303703308105], "lowlevel.melbands.mean": [0.03958433121442795, 0.0035801439080387354, 0.0005035731592215598, 0.00018044532043859363, 0.00010515264875721186, 3.924166958313435e-05, 0.00023878351203165948, 0.0008623144822195172, 0.0002534682280384004, 0.00012172483548056334, 0.0001445044035790488, 2.8459751774789765e-05, 3.851339715765789e-05, 2.9572413041023538e-05, 5.457466977532022e-05, 4.590980461216532e-05, 7.114902109606192e-05, 4.679610356106423e-05, 3.377422763151117e-05, 2.9589475161628798e-05, 1.765990054991562e-05, 1.1191074008820578e-05, 1.4656927305622958e-05, 1.0506549187994096e-05, 4.692355105362367e-06, 4.217158220853889e-06, 1.056153814715799e-05, 1.521940157545032e-05, 4.590007847582456e-06, 2.5655776880739722e-06, 3.013883315361454e-06, 5.335232344805263e-06, 7.772936442052014e-06, 1.2450288522813935e-05, 9.606459570932202e-06, 7.158410426200135e-06, 4.8257779781124555e-06, 3.755646048375638e-06, 2.5424060368095525e-06, 1.8781163362291409e-06], "lowlevel.melbands.stdev": [0.0382114052772522, 0.006941420957446098, 0.0022728629410266876, 0.0006972334231249988, 0.0002766931429505348, 0.00016543667879886925, 0.0007096427143551409, 0.0015746321296319366, 0.0007108453428372741, 0.0003663100942503661, 0.00035198908881284297, 7.340131560340524e-05, 0.00011799392814282328, 9.334486094303429e-05, 0.00019964989041909575, 0.00013561260129790753, 0.0002240604517282918, 0.0001405126677127555, 0.00010139540245290846, 8.20997083792463e-05, 5.2844912715954706e-05, 2.4230821509263478e-05, 2.9993121643201448e-05, 1.884077937575057e-05, 1.0023922186519485e-05, 9.453444363316521e-06, 2.2261590856942348e-05, 2.4772805772954598e-05, 8.92205298441695e-06, 7.39442975827842e-06, 7.544565050920937e-06, 1.1650133274088148e-05, 1.6493297152919695e-05, 2.6939480449073017e-05, 2.337978730793111e-05, 1.8957691281684674e-05, 1.0424297215649858e-05, 6.910950105520897e-06, 5.137926109455293e-06, 3.941544036933919e-06], "lowlevel.melbands128.mean": [0.049038272351026535, 0.06470555067062378, 0.027575043961405754, 0.00678842980414629, 0.0023997945245355368, 0.001282135839574039, 0.0006211544969119132, 0.0003344479773659259, 0.0002093900111503899, 0.00015040043217595667, 0.0001807414519134909, 0.00017913540068548173, 7.375601126113907e-05, 3.2255811674986035e-05, 2.5681714760139585e-05, 4.833061029785313e-05, 7.1582748205401e-05, 0.00020447825954761356, 0.0005496757803484797, 0.0008905283757485449, 0.0011754586594179273, 0.00034660098026506603, 0.00016564402903895825, 6.70536101097241e-05, 9.064784535439685e-05, 0.00016045416123233736, 0.00014646523050032556, 0.0002143959718523547, 6.042647146387026e-05, 2.1012723664171062e-05, 2.4618579118396156e-05, 2.4002267309697345e-05, 2.9747121516265906e-05, 7.05253696651198e-05, 2.246959411422722e-05, 2.351534021727275e-05, 2.571832919784356e-05, 3.27715533785522e-05, 0.0001116199346142821, 4.8825419071363285e-05, 3.552488487912342e-05, 2.5233417545678094e-05, 7.704470044700429e-05, 0.00010083334927912802, 4.1422375943511724e-05, 3.5685567127075046e-05, 5.205207708058879e-05, 4.6974397264420986e-05, 1.8384806026006117e-05, 1.3917814612796064e-05, 4.511483712121844e-05, 2.8817823476856574e-05, 1.5005594832473435e-05, 1.6248293832177296e-05, 1.259039891010616e-05, 7.941034709801897e-06, 1.2686904483416583e-05, 1.4644825569121167e-05, 1.4577853107766714e-05, 1.698441155895125e-05, 1.0406003639218397e-05, 5.9645458350132685e-06, 5.735844297305448e-06, 3.852655481750844e-06, 3.7853324101888575e-06, 4.149212600168539e-06, 4.028006969747366e-06, 6.485189715021988e-06, 1.0781148375826888e-05, 1.93511168617988e-05, 1.5162737327045761e-05, 1.6791467714938335e-05, 4.55531653642538e-06, 3.1852894153416855e-06, 2.379829993515159e-06, 2.7050648441218073e-06, 2.6534396511124214e-06, 2.2510275812237523e-06, 3.2387326882599154e-06, 3.264502538513625e-06, 4.5065457925375085e-06, 6.653783657384338e-06, 6.7498526732379105e-06, 7.944276148919016e-06, 8.41935343487421e-06, 1.0045355338661466e-05, 1.3994751498103142e-05, 1.682207948761061e-05, 6.609341653529555e-06, 7.108584668458207e-06, 9.55523682932835e-06, 6.0372822190402076e-06, 5.813403276988538e-06, 4.607466507877689e-06, 4.532931598077994e-06, 4.079217433172744e-06, 3.7036152207292616e-06, 3.098738943663193e-06, 2.5521096631564433e-06, 2.268915295644547e-06, 2.1500711682165274e-06, 1.835777311498532e-06, 1.5018526937637944e-06, 1.2028787068629754e-06, 1.0786184247990604e-06, 1.1999361504422268e-06, 9.730322290124604e-07, 8.270818625533138e-07, 1.0023804861702956e-06, 8.074353559095471e-07, 9.304577019975113e-07, 6.953699198675167e-07, 8.449782171737752e-07, 5.683994004357373e-07, 4.167907547980576e-07, 3.731916251581424e-07, 1.4577042861674272e-07, 4.878799586549576e-09, 9.933188299671158e-11, 3.297064704588237e-11, 3.4133071369346624e-11, 3.4056653330782893e-11, 3.0345673890375124e-11, 2.981997634932121e-11, 2.930434020442796e-11, 2.8793221279466152e-11, 2.8464126888838592e-11, 2.8296457191268054e-11], "lowlevel.melbands128.stdev": [0.056658655405044556, 0.06418465077877045, 0.031004173681139946, 0.013052488677203655, 0.00700443796813488, 0.004733940586447716, 0.003091143211349845, 0.0018188843969255686, 0.0011146856704726815, 0.0007270004134625196, 0.0005484638968482614, 0.00047578057274222374, 0.00021989726519677788, 0.00014139297127258033, 0.00010159899102291092, 0.00030239400803111494, 0.00037427767529152334, 0.0007260451093316078, 0.0018384323921054602, 0.0017068646848201752, 0.002637626137584448, 0.0009629802079871297, 0.0010500046191737056, 0.00029558021924458444, 0.0003580083721317351, 0.0006129901157692075, 0.00045324378879740834, 0.0006172987632453442, 0.00015794183127582073, 8.226800127886236e-05, 9.310757741332054e-05, 9.947185026248917e-05, 0.00010030095290858299, 0.00027588006923906505, 8.910398173611611e-05, 0.00010902157373493537, 0.00013633516209665686, 0.00012031273945467547, 0.0005077430978417397, 0.00020168731862213463, 0.0001343664771411568, 9.90397238638252e-05, 0.00028845772612839937, 0.00036771807936020195, 0.00019023896311409771, 0.00018605096556711942, 0.00021889377967454493, 0.00017150693747680634, 8.99658480193466e-05, 4.650701521313749e-05, 0.00014865357661619782, 9.194690210279077e-05, 7.164975249907002e-05, 5.109191624796949e-05, 3.6157860449748114e-05, 2.7558018700801767e-05, 3.0481811336358078e-05, 3.5826571547659114e-05, 4.653816722566262e-05, 3.273404581705108e-05, 2.2194997654878534e-05, 1.5291760064428672e-05, 1.3431362276605796e-05, 1.0019232831837144e-05, 9.66826337389648e-06, 1.1367185834387783e-05, 9.985960787162185e-06, 1.4958723113522865e-05, 3.193354859831743e-05, 4.357289435574785e-05, 2.8147878765594214e-05, 3.277750147390179e-05, 1.007370519801043e-05, 8.734369657759089e-06, 7.443673439411214e-06, 8.628808245703112e-06, 8.505283403792419e-06, 6.386623226717347e-06, 9.591107300366275e-06, 8.15365001471946e-06, 1.017103022604715e-05, 1.6920417692745104e-05, 1.5533296391367912e-05, 1.8040866052615456e-05, 2.0166069589322433e-05, 2.15631298488006e-05, 3.2524341804673895e-05, 5.0185186410089955e-05, 1.6409663658123463e-05, 1.7064363419194706e-05, 2.8418531655916013e-05, 1.686899304331746e-05, 1.6473202776978724e-05, 1.1257810911047272e-05, 9.213486919179559e-06, 8.049821190070361e-06, 7.232803909573704e-06, 6.393074272637023e-06, 5.7618808568804525e-06, 5.052135747973807e-06, 4.594948677549837e-06, 4.125568466406548e-06, 3.5447435493551893e-06, 3.061224106204463e-06, 2.5097963316511596e-06, 2.8702072540909285e-06, 2.2789008653489873e-06, 2.032021711784182e-06, 2.599928848212585e-06, 2.19809089685441e-06, 2.655053776834393e-06, 1.681780759099638e-06, 2.585243464636733e-06, 1.4877480225550244e-06, 1.0889032182603842e-06, 1.0153835319215432e-06, 6.226475761650363e-07, 3.505132539771694e-08, 1.73113845480799e-09, 5.3323578191877274e-11, 8.328539941038215e-11, 9.66437069260806e-11, 4.894617350315045e-11, 4.810063111704288e-11, 4.736000480676239e-11, 4.674634290768864e-11, 4.632409386640113e-11, 4.607121975586104e-11], "lowlevel.mfcc.mean": [-669.0957641601562, 101.18869018554688, 21.368024826049805, 23.58924102783203, 12.89769172668457, 12.821198463439941, 5.297627925872803, 17.65934944152832, 12.959503173828125, 31.701007843017578, 20.158763885498047, 14.181044578552246, 13.899741172790527], "lowlevel.spectral_contrast_coeffs.mean": [-0.7557493448257446, -0.7119672298431396, -0.773222804069519, -0.7820912599563599, -0.7760051488876343, -0.7741720676422119], "lowlevel.spectral_contrast_coeffs.stdev": [0.06824103742837906, 0.09720117598772049, 0.0682426244020462, 0.06466071307659149, 0.04616839811205864, 0.03983841463923454], "lowlevel.spectral_contrast_valleys.mean": [-7.069825172424316, -7.246381759643555, -8.010331153869629, -8.012018203735352, -7.980547904968262, -10.146819114685059], "lowlevel.spectral_contrast_valleys.stdev": [0.8894559144973755, 0.7131350040435791, 0.8231071829795837, 0.7553548812866211, 0.8335346579551697, 1.227149486541748], "rhythm.beats_loudness_band_ratio.mean": [0.7339666485786438, 0.010743699036538601, 0.12912492454051971, 0.05430282652378082, 0.04704491049051285, 0.03401034325361252], "rhythm.beats_loudness_band_ratio.stdev": [0.2876017987728119, 0.023834066465497017, 0.16714252531528473, 0.0997302308678627, 0.07965733110904694, 0.05805955454707146], "tonal.hpcp.mean": [0.019507938995957375, 0.02189013548195362, 0.026145974174141884, 0.05328696593642235, 0.07986248284578323, 0.06805501133203506, 0.034744538366794586, 0.02843773551285267, 0.09047137945890427, 0.4907561242580414, 0.5787087678909302, 0.18058191239833832, 0.03471007198095322, 0.02772437036037445, 0.019513336941599846, 0.023866472765803337, 0.033613137900829315, 0.028588466346263885, 0.02544562518596649, 0.0185393039137125, 0.010490825399756432, 0.01389839593321085, 0.01569138467311859, 0.021350447088479996, 0.08768520504236221, 0.13068167865276337, 0.0774657353758812, 0.030548911541700363, 0.01629817672073841, 0.015848077833652496, 0.04365681856870651, 0.06253271549940109, 0.049688920378685, 0.0353001207113266, 0.023815207183361053, 0.015628596767783165], "tonal.hpcp.stdev": [0.11088085174560547, 0.11903440952301025, 0.12267173826694489, 0.1689874529838562, 0.22085948288440704, 0.21020056307315826, 0.12966032326221466, 0.14186929166316986, 0.20472483336925507, 0.4057481586933136, 0.43743467330932617, 0.25275543332099915, 0.13462956249713898, 0.12950164079666138, 0.10132734477519989, 0.10591932386159897, 0.14603325724601746, 0.13645039498806, 0.12187109887599945, 0.10169799625873566, 0.06259016692638397, 0.07336699962615967, 0.08251183480024338, 0.09808972477912903, 0.22077012062072754, 0.30430278182029724, 0.21169503033161163, 0.12841755151748657, 0.09128806740045547, 0.0815468430519104, 0.12223945558071136, 0.16728509962558746, 0.16878150403499603, 0.1439322829246521, 0.11380063742399216, 0.08268919587135315], "rhythm.beats_position": [0.40634921193122864, 0.847528338432312, 1.2887074947357178, 1.695056676864624, 2.0897958278656006, 2.461315155029297, 2.832834482192993, 3.21596360206604, 3.599092960357666, 3.9706122875213623, 4.342131614685059, 4.713650703430176, 5.085169792175293, 5.468299388885498, 5.851428508758545, 6.222947597503662, 6.5944671630859375, 6.965986251831055, 7.337505340576172, 7.709024906158447, 8.092154502868652, 8.4752836227417, 8.846802711486816, 9.218321800231934, 9.58984088897705, 9.961359977722168, 10.356099128723145, 10.739229202270508, 11.110748291015625, 11.482267379760742, 11.85378646850586, 12.236915588378906, 12.608434677124023, 12.991564750671387, 13.363083839416504, 13.734602928161621, 14.117732048034668, 14.489251136779785, 14.860771179199219, 15.232290267944336, 15.603809356689453, 15.97532844543457, 16.346847534179688, 16.718366622924805, 17.10149574279785, 17.47301483154297, 17.856143951416016, 18.227664947509766, 18.610794067382812, 18.99392318725586], "rhythm.bpm_histogram": [0.0, 0.0, 0.0, 0.0, 0.0, 0.0, 0.0, 0.0, 0.0, 0.0, 0.0, 0.0, 0.0, 0.0, 0.0, 0.0, 0.0, 0.0, 0.0, 0.0, 0.0, 0.0, 0.0, 0.0, 0.0, 0.0, 0.0, 0.0, 0.0, 0.0, 0.0, 0.0, 0.0, 0.0, 0.0, 0.0, 0.0, 0.0, 0.0, 0.0, 0.0, 0.0, 0.0, 0.0, 0.0, 0.0, 0.0, 0.0, 0.0, 0.0, 0.0, 0.0, 0.0, 0.0, 0.0, 0.0, 0.0, 0.0, 0.0, 0.0, 0.0, 0.0, 0.0, 0.0, 0.0, 0.0, 0.0, 0.0, 0.0, 0.0, 0.0, 0.0, 0.0, 0.0, 0.0, 0.0, 0.0, 0.0, 0.0, 0.0, 0.0, 0.0, 0.0, 0.0, 0.0, 0.0, 0.0, 0.0, 0.0, 0.0, 0.0, 0.0, 0.0, 0.0, 0.0, 0.0, 0.0, 0.0, 0.0, 0.0, 0.0, 0.0, 0.0, 0.0, 0.0, 0.0, 0.0, 0.0, 0.0, 0.0, 0.0, 0.0, 0.0, 0.0, 0.0, 0.0, 0.0, 0.0, 0.0, 0.0, 0.0, 0.0, 0.0, 0.0, 0.0, 0.0, 0.0, 0.0, 0.0, 0.0, 0.0, 0.0, 0.0, 0.0, 0.0, 0.0, 0.040816325694322586, 0.0, 0.0, 0.0, 0.0, 0.0, 0.0, 0.0, 0.0, 0.0, 0.0, 0.0, 0.020408162847161293, 0.0, 0.0, 0.0, 0.040816325694322586, 0.0, 0.0, 0.0, 0.0, 0.2857142984867096, 0.0, 0.0, 0.0, 0.6122449040412903, 0.0, 0.0, 0.0, 0.0, 0.0, 0.0, 0.0, 0.0, 0.0, 0.0, 0.0, 0.0, 0.0, 0.0, 0.0, 0.0, 0.0, 0.0, 0.0, 0.0, 0.0, 0.0, 0.0, 0.0, 0.0, 0.0, 0.0, 0.0, 0.0, 0.0, 0.0, 0.0, 0.0, 0.0, 0.0, 0.0, 0.0, 0.0, 0.0, 0.0, 0.0, 0.0, 0.0, 0.0, 0.0, 0.0, 0.0, 0.0, 0.0, 0.0, 0.0, 0.0, 0.0, 0.0, 0.0, 0.0, 0.0, 0.0, 0.0, 0.0, 0.0, 0.0, 0.0, 0.0, 0.0, 0.0, 0.0, 0.0, 0.0, 0.0, 0.0, 0.0, 0.0, 0.0, 0.0, 0.0, 0.0, 0.0, 0.0, 0.0, 0.0, 0.0, 0.0, 0.0, 0.0, 0.0, 0.0, 0.0], "tonal.chords_histogram": [23.74100685119629, 0.0, 0.0, 0.0, 0.0, 0.0, 0.0, 0.0, 0.0, 0.0, 0.0, 0.0, 0.0, 0.0, 0.0, 0.0, 0.0, 70.02397918701172, 0.0, 6.235012054443359, 0.0, 0.0, 0.0, 0.0], "tonal.thpcp": [1.0, 0.31204280257225037, 0.05997847765684128, 0.04790729284286499, 0.03371874988079071, 0.04124090448021889, 0.05808299407362938, 0.049400437623262405, 0.04396965727210045, 0.03203563764691353, 0.018127987161278725, 0.02401621825993061, 0.027114475145936012, 0.036893248558044434, 0.15151870250701904, 0.22581596672534943, 0.13385961949825287, 0.052788056433200836, 0.0281630028039217, 0.02738523855805397, 0.07543832063674927, 0.10805558413267136, 0.0858617052435875, 0.06099807471036911, 0.04115231707692146, 0.027005979791283607, 0.03370942175388336, 0.037825822830200195, 0.04517984762787819, 0.09207907319068909, 0.13800115883350372, 0.1175980269908905, 0.06003803759813309, 0.049139976501464844, 0.15633317828178406, 0.8480191826820374], "lowlevel.gfcc.cov": [[7322.30859375, -1599.936767578125, 282.17279052734375, -161.0667724609375, -503.6480407714844, 359.8635559082031, -508.74517822265625, 114.4888687133789, -390.6836242675781, 147.99755859375, -457.545166015625, 367.73602294921875, -426.947021484375], [-1599.936767578125, 2109.483154296875, -260.7242431640625, -114.85420989990234, 483.8006286621094, -189.68223571777344, 396.21142578125, -159.56387329101562, 245.63185119628906, -189.95582580566406, 361.09197998046875, -420.18121337890625, 245.57359313964844], [282.17279052734375, -260.7242431640625, 1149.0306396484375, 270.2748107910156, 175.1466064453125, 140.01318359375, 12.6530122756958, -78.33715057373047, -50.532840728759766, -13.194815635681152, -127.4788589477539, 81.36566162109375, -101.64811706542969], [-161.0667724609375, -114.85420989990234, 270.2748107910156, 455.4530944824219, 142.29698181152344, -21.79549789428711, 16.300722122192383, 9.175151824951172, 58.83833312988281, -21.434005737304688, -40.91684341430664, -14.318647384643555, 42.64731979370117], [-503.6480407714844, 483.8006286621094, 175.1466064453125, 142.29698181152344, 438.16387939453125, 27.585674285888672, 185.6691436767578, -18.89240837097168, 110.34751892089844, -60.99241256713867, 54.96266555786133, -126.99474334716797, 88.97174835205078], [359.8635559082031, -189.68223571777344, 140.01318359375, -21.79549789428711, 27.585674285888672, 249.04977416992188, 93.99988555908203, -4.941535949707031, -33.705631256103516, 26.011995315551758, -48.06517028808594, -7.3915934562683105, -54.60542297363281], [-508.74517822265625, 396.21142578125, 12.6530122756958, 16.300722122192383, 185.6691436767578, 93.99988555908203, 379.3310241699219, -19.4185791015625, 29.43318748474121, -24.428247451782227, 96.17189025878906, -125.87582397460938, 22.105804443359375], [114.4888687133789, -159.56387329101562, -78.33715057373047, 9.175151824951172, -18.89240837097168, -4.941535949707031, -19.4185791015625, 151.3734130859375, 51.974918365478516, 17.103532791137695, -15.938735008239746, 21.040258407592773, 1.5036553144454956], [-390.6836242675781, 245.63185119628906, -50.532840728759766, 58.83833312988281, 110.34751892089844, -33.705631256103516, 29.43318748474121, 51.974918365478516, 197.81906127929688, 3.7505929470062256, 52.06055450439453, -92.66596221923828, 73.76789855957031], [147.99755859375, -189.95582580566406, -13.194815635681152, -21.434005737304688, -60.99241256713867, 26.011995315551758, -24.428247451782227, 17.103532791137695, 3.7505929470062256, 118.13568115234375, 4.9707794189453125, 14.01705551147461, -42.72194290161133], [-457.545166015625, 361.09197998046875, -127.4788589477539, -40.91684341430664, 54.96266555786133, -48.06517028808594, 96.17189025878906, -15.938735008239746, 52.06055450439453, 4.9707794189453125, 176.09463500976562, -65.25005340576172, 44.4839973449707], [367.73602294921875, -420.18121337890625, 81.36566162109375, -14.318647384643555, -126.99474334716797, -7.3915934562683105, -125.87582397460938, 21.040258407592773, -92.66596221923828, 14.01705551147461, -65.25005340576172, 196.8978271484375, -44.98530197143555], [-426.947021484375, 245.57359313964844, -101.64811706542969, 42.64731979370117, 88.97174835205078, -54.60542297363281, 22.105804443359375, 1.5036553144454956, 73.76789855957031, -42.72194290161133, 44.4839973449707, -44.98530197143555, 138.518310546875]], "lowlevel.gfcc.icov": [[0.00021893104712944478, -0.00010902654321398586, 4.25950602220837e-05, -5.990777935949154e-05, 1.6494550436618738e-05, -0.0003629614948295057, 0.0003131566336378455, -0.00026003902894444764, 0.00026855155010707676, -0.00012556402361951768, 0.000289955991320312, -0.00011458853987278417, 0.00040488369995728135], [-0.00010902654321398586, 0.0026548118330538273, -0.00019558868370950222, 0.0014023781986907125, -0.0011028086300939322, 0.0019073861185461283, -0.0009200083441101015, 0.001944423420354724, -0.0011412204476073384, 0.002654633019119501, -0.002447553677484393, 0.0028767851181328297, -0.0008851998718455434], [4.25950602220837e-05, -0.00019558868370950222, 0.0015881865983828902, -0.000879417872056365, -0.0007743400055915117, -0.0007495572208426893, 0.00019139698997605592, 0.0008941079140640795, -0.0003657217021100223, 5.831867383676581e-05, 0.0006817356334067881, -0.0012912400998175144, 0.0016503534279763699], [-5.990777935949154e-05, 0.0014023781986907125, -0.000879417872056365, 0.0038430069107562304, -0.0010842025512829423, 0.0018294043838977814, -0.0007532545714639127, 0.0006719135562889278, -0.0010247741593047976, 0.0010153033072128892, -0.00021698132331948727, 0.0015887324698269367, -0.0015243968227878213], [1.6494550436618738e-05, -0.0011028086300939322, -0.0007743400055915117, -0.0010842025512829423, 0.005090136080980301, -0.000994885922409594, -0.0010614366037771106, -0.0007037243340164423, -0.0007580569363199174, 9.157360909739509e-05, 0.0007677826215513051, 4.4676395191345364e-05, -0.0015131797408685088], [-0.0003629614948295057, 0.0019073861185461283, -0.0007495572208426893, 0.0018294043838977814, -0.000994885922409594, 0.007894868962466717, -0.003174377139657736, 0.001465357723645866, -0.0007484998786821961, 0.0002629744412843138, 0.0005352500011213124, 0.0024013095535337925, -0.00028391543310135603], [0.0003131566336378455, -0.0009200083441101015, 0.00019139698997605592, -0.0007532545714639127, -0.0010614366037771106, -0.003174377139657736, 0.00584782287478447, -0.0016531683504581451, 0.0022013410925865173, -8.013730257516727e-05, -0.0017375788884237409, 0.001175440615043044, 0.001226445659995079], [-0.00026003902894444764, 0.001944423420354724, 0.0008941079140640795, 0.0006719135562889278, -0.0007037243340164423, 0.001465357723645866, -0.0016531683504581451, 0.01081426627933979, -0.0054571013897657394, 0.0015772153856232762, -0.000278433202765882, -0.0009435280226171017, 0.0005522764404304326], [0.00026855155010707676, -0.0011412204476073384, -0.0003657217021100223, -0.0010247741593047976, -0.0007580569363199174, -0.0007484998786821961, 0.0022013410925865173, -0.0054571013897657394, 0.011556344106793404, -0.0032672486267983913, -0.0003890994703397155, 0.0034423915203660727, -0.0031212347093969584], [-0.00012556402361951768, 0.002654633019119501, 5.831867383676581e-05, 0.0010153033072128892, 9.157360909739509e-05, 0.0002629744412843138, -8.013730257516727e-05, 0.0015772153856232762, -0.0032672486267983913, 0.013897433876991272, -0.004527832381427288, 0.0024453289806842804, 0.0029518604278564453], [0.000289955991320312, -0.002447553677484393, 0.0006817356334067881, -0.00021698132331948727, 0.0007677826215513051, 0.0005352500011213124, -0.0017375788884237409, -0.000278433202765882, -0.0003890994703397155, -0.004527832381427288, 0.01205649133771658, -0.0025112279690802097, -7.852369890315458e-05], [-0.00011458853987278417, 0.0028767851181328297, -0.0012912400998175144, 0.0015887324698269367, 4.4676395191345364e-05, 0.0024013095535337925, 0.001175440615043044, -0.0009435280226171017, 0.0034423915203660727, 0.0024453289806842804, -0.0025112279690802097, 0.013176469132304192, -0.002142825862392783], [0.00040488369995728135, -0.0008851998718455434, 0.0016503534279763699, -0.0015243968227878213, -0.0015131797408685088, -0.00028391543310135603, 0.001226445659995079, 0.0005522764404304326, -0.0031212347093969584, 0.0029518604278564453, -7.852369890315458e-05, -0.002142825862392783, 0.014277179725468159]], "lowlevel.mfcc.cov": [[6643.9169921875, -1502.4451904296875, 157.16493225097656, -531.6819458007812, -50.36872482299805, -62.21640396118164, -227.7285614013672, -3.733949661254883, -165.3853759765625, -89.13414764404297, -147.683837890625, -148.185302734375, 6.858926296234131], [-1502.4451904296875, 1860.3057861328125, -333.1355895996094, 63.518898010253906, 73.95564270019531, 50.82352828979492, 239.0496368408203, -11.370587348937988, 13.355888366699219, 146.7953338623047, 48.96390914916992, 33.91397476196289, 42.821285247802734], [157.16493225097656, -333.1355895996094, 810.72802734375, 149.18699645996094, 120.48112487792969, 176.22572326660156, -12.36966323852539, 34.31631088256836, -13.78476333618164, -74.07832336425781, 7.568104267120361, -24.847827911376953, -66.14363098144531], [-531.6819458007812, 63.518898010253906, 149.18699645996094, 494.847412109375, 162.2135009765625, 53.040443420410156, 10.267620086669922, 27.42186737060547, 87.8334732055664, -12.164534568786621, 4.350930690765381, 13.209253311157227, 1.6063369512557983], [-50.36872482299805, 73.95564270019531, 120.48112487792969, 162.2135009765625, 314.8391418457031, 29.575885772705078, -50.87178039550781, 15.503861427307129, 88.59294128417969, 17.47634506225586, -32.85254669189453, 3.280177593231201, 7.143862724304199], [-62.21640396118164, 50.82352828979492, 176.22572326660156, 53.040443420410156, 29.575885772705078, 279.4115295410156, 136.34808349609375, 28.789804458618164, 34.13096618652344, 23.986661911010742, 52.564762115478516, -25.56829261779785, -54.223140716552734], [-227.7285614013672, 239.0496368408203, -12.36966323852539, 10.267620086669922, -50.87178039550781, 136.34808349609375, 261.2340087890625, 60.07809829711914, 2.6246390342712402, 48.175079345703125, 76.29014587402344, -5.831310749053955, -23.887941360473633], [-3.733949661254883, -11.370587348937988, 34.31631088256836, 27.42186737060547, 15.503861427307129, 28.789804458618164, 60.07809829711914, 128.9050750732422, 45.12588882446289, -4.9137091636657715, 8.837441444396973, -9.929981231689453, 1.8752928972244263], [-165.3853759765625, 13.355888366699219, -13.78476333618164, 87.8334732055664, 88.59294128417969, 34.13096618652344, 2.6246390342712402, 45.12588882446289, 168.68557739257812, 61.3717041015625, 1.9433220624923706, 1.124470829963684, 9.765838623046875], [-89.13414764404297, 146.7953338623047, -74.07832336425781, -12.164534568786621, 17.47634506225586, 23.986661911010742, 48.175079345703125, -4.9137091636657715, 61.3717041015625, 157.61070251464844, 53.70988464355469, 2.7237601280212402, 2.985424757003784], [-147.683837890625, 48.96390914916992, 7.568104267120361, 4.350930690765381, -32.85254669189453, 52.564762115478516, 76.29014587402344, 8.837441444396973, 1.9433220624923706, 53.70988464355469, 130.2994384765625, 39.70529556274414, -6.378554344177246], [-148.185302734375, 33.91397476196289, -24.847827911376953, 13.209253311157227, 3.280177593231201, -25.56829261779785, -5.831310749053955, -9.929981231689453, 1.124470829963684, 2.7237601280212402, 39.70529556274414, 90.98419952392578, 41.10735321044922], [6.858926296234131, 42.821285247802734, -66.14363098144531, 1.6063369512557983, 7.143862724304199, -54.223140716552734, -23.887941360473633, 1.8752928972244263, 9.765838623046875, 2.985424757003784, -6.378554344177246, 41.10735321044922, 98.02310943603516]], "lowlevel.mfcc.icov": [[0.0002239322056993842, 0.00019085042004007846, 2.234368002973497e-05, 0.00021555008424911648, -0.00017225818010047078, -8.962121501099318e-05, 2.215437234553974e-05, -8.536425593774766e-05, 0.0002924542932305485, -0.00015168162644840777, 0.0001078088243957609, 0.00031631477759219706, -0.0002676391741260886], [0.00019085042004007846, 0.0009264544933103025, 0.00032768509117886424, 5.446566501632333e-05, -0.0005660001770593226, -8.567780605517328e-05, -0.0008318084292113781, 0.0001890822168206796, 0.0006482097087427974, -0.0006572031998075545, 0.0004455840680748224, 2.5137149350484833e-05, -0.00043643484241329134], [2.234368002973497e-05, 0.00032768509117886424, 0.0019729300402104855, -0.0003720444510690868, -0.0007220562547445297, -0.0013857014710083604, 0.0005991531070321798, -0.0006255375919863582, 0.0010004715295508504, 0.0003886269696522504, -0.0002736386959441006, -2.4702303562662564e-05, 0.0005177900311537087], [0.00021555008424911648, 5.446566501632333e-05, -0.0003720444510690868, 0.002971057081595063, -0.0012327164877206087, 0.0001146467839134857, -0.00042898172978311777, 0.00029499243828468025, -0.0011564530432224274, 0.000991653767414391, -0.0004506517725531012, 0.0002082715800497681, -0.0003271903842687607], [-0.00017225818010047078, -0.0005660001770593226, -0.0007220562547445297, -0.0012327164877206087, 0.005219139624387026, -0.0005144039168953896, 0.0014784840168431401, -0.00035994724021293223, -0.0018668790580704808, -0.0007186425500549376, 0.0014407912967726588, -0.0010575088672339916, 0.0002396708441665396], [-8.962121501099318e-05, -8.567780605517328e-05, -0.0013857014710083604, 0.0001146467839134857, -0.0005144039168953896, 0.007059617433696985, -0.003707973286509514, 0.001529413159005344, -0.0021672651637345552, 0.0008747216197662055, -0.0015699685318395495, 0.0013728010235354304, 0.0016279524425044656], [2.215437234553974e-05, -0.0008318084292113781, 0.0005991531070321798, -0.00042898172978311777, 0.0014784840168431401, -0.003707973286509514, 0.008726571686565876, -0.004032568074762821, 0.0017444719560444355, -0.001277725794352591, -0.0022677327506244183, 0.00044446325046010315, 0.00034921549377031624], [-8.536425593774766e-05, 0.0001890822168206796, -0.0006255375919863582, 0.00029499243828468025, -0.00035994724021293223, 0.001529413159005344, -0.004032568074762821, 0.011379599571228027, -0.004413649905472994, 0.0029996184166520834, -0.001148451236076653, 0.002123547252267599, -0.0014486407162621617], [0.0002924542932305485, 0.0006482097087427974, 0.0010004715295508504, -0.0011564530432224274, -0.0018668790580704808, -0.0021672651637345552, 0.0017444719560444355, -0.004413649905472994, 0.01135141309350729, -0.005245855078101158, 0.0019383094040676951, -0.0007520760409533978, -0.0006924548652023077], [-0.00015168162644840777, -0.0006572031998075545, 0.0003886269696522504, 0.000991653767414391, -0.0007186425500549376, 0.0008747216197662055, -0.001277725794352591, 0.0029996184166520834, -0.005245855078101158, 0.011455404572188854, -0.005543845705688, 0.002938446355983615, -0.0007081083604134619], [0.0001078088243957609, 0.0004455840680748224, -0.0002736386959441006, -0.0004506517725531012, 0.0014407912967726588, -0.0015699685318395495, -0.0022677327506244183, -0.001148451236076653, 0.0019383094040676951, -0.005543845705688, 0.01497600506991148, -0.008309921249747276, 0.0025515505112707615], [0.00031631477759219706, 2.5137149350484833e-05, -2.4702303562662564e-05, 0.0002082715800497681, -0.0010575088672339916, 0.0013728010235354304, 0.00044446325046010315, 0.002123547252267599, -0.0007520760409533978, 0.002938446355983615, -0.008309921249747276, 0.01919499970972538, -0.007754047866910696], [-0.0002676391741260886, -0.00043643484241329134, 0.0005177900311537087, -0.0003271903842687607, 0.0002396708441665396, 0.0016279524425044656, 0.00034921549377031624, -0.0014486407162621617, -0.0006924548652023077, -0.0007081083604134619, 0.0025515505112707615, -0.007754047866910696, 0.015270048752427101]], "metadata.audio_properties.analysis.downmix": "mix", "metadata.audio_properties.codec": "mp3", "metadata.audio_properties.md5_encoded": "245bd30e6df8bfbc612b3d0aa4ba8fb5", "metadata.tags.file_name": "1182281373730488374.mp3", "metadata.version.essentia": "2.1-beta6-dev", "metadata.version.essentia_git_sha": "v2.1_beta5-1110-g77a6a954", "metadata.version.extractor": "music 2.0", "tonal.chords_key": "F", "tonal.chords_scale": "minor", "tonal.key_edma.key": "F", "tonal.key_edma.scale": "minor", "tonal.key_krumhansl.key": "F", "tonal.key_krumhansl.scale": "minor", "tonal.key_temperley.key": "F", "tonal.key_temperley.scale": "major", "metadata.tags.encoding": ["Lavf58.45.100"]}, "essentia_models": [{"model_name": "genre_dortmund", "activations": {"alternative": "0.0052010934", "blues": "0.000112761794", "electronic": "0.00864563", "folkcountry": "0.0005063336", "funksoulrnb": "0.0018519135", "jazz": "0.00075609336", "pop": "0.00584414", "raphiphop": "0.9718563", "rock": "0.0038815436"}}, {"model_name": "genre_rosamerica", "activations": {"classic": "0.0004646956", "dance": "0.000313735", "hip hop": "0.9164882", "jazz": "0.00010601378", "pop": "0.0033219066", "rhythm and blues": "0.