{"song_id": "1182276395284561961", "download": "https://cdn.discordapp.com/attachments/1135903449314238464/1182276395284561961/chirp.mp4?ex=65841bb2&amp", "lyrics": "[Verse]\nMaelys and her brother, they're always at odds\nBickering and fighting like two peas in a pod\nBut deep down they know they should spend more time\nPlaying together, making memories prime\n\n[Chorus]\nLet's settle the fights, make peace, and have some fun\nMaelys and her brother, better as a team, not just one\nPlay together, laugh and sing, make your bond stronger\nAnd don't forget to succeed in school, strive a little longer", "style": ["pop"], "essentia_features": {"lowlevel.average_loudness": 0.978776752948761, "lowlevel.barkbands_crest.mean": 8.965415000915527, "lowlevel.barkbands_crest.stdev": 3.0528342723846436, "lowlevel.barkbands_flatness_db.mean": 0.135676309466362, "lowlevel.barkbands_flatness_db.stdev": 0.0350223034620285, "lowlevel.barkbands_kurtosis.mean": 4.189980506896973, "lowlevel.barkbands_kurtosis.stdev": 5.878781318664551, "lowlevel.barkbands_skewness.mean": 1.6274797916412354, "lowlevel.barkbands_skewness.stdev": 1.082929253578186, "lowlevel.barkbands_spread.mean": 23.287015914916992, "lowlevel.barkbands_spread.stdev": 18.57225227355957, "lowlevel.dissonance.mean": 0.46046552062034607, "lowlevel.dissonance.stdev": 0.025738831609487534, "lowlevel.dynamic_complexity": 2.2114663124084473, "lowlevel.erbbands_crest.mean": 8.5774564743042, "lowlevel.erbbands_crest.stdev": 3.57476806640625, "lowlevel.erbbands_flatness_db.mean": 0.14984595775604248, "lowlevel.erbbands_flatness_db.stdev": 0.04022648185491562, "lowlevel.erbbands_kurtosis.mean": -0.13131964206695557, "lowlevel.erbbands_kurtosis.stdev": 1.4096709489822388, "lowlevel.erbbands_skewness.mean": 0.37547045946121216, "lowlevel.erbbands_skewness.stdev": 0.7909216284751892, "lowlevel.erbbands_spread.mean": 45.44332504272461, "lowlevel.erbbands_spread.stdev": 20.089143753051758, "lowlevel.hfc.mean": 21.037721633911133, "lowlevel.hfc.stdev": 26.365371704101562, "lowlevel.loudness_ebu128.integrated": -18.422847747802734, "lowlevel.loudness_ebu128.loudness_range": 1.4259986877441406, "lowlevel.loudness_ebu128.momentary.mean": -18.579687118530273, "lowlevel.loudness_ebu128.momentary.stdev": 1.230791449546814, "lowlevel.loudness_ebu128.short_term.mean": -18.402727127075195, "lowlevel.loudness_ebu128.short_term.stdev": 0.47983330488204956, "lowlevel.melbands_crest.mean": 12.40024185180664, "lowlevel.melbands_crest.stdev": 4.193614959716797, "lowlevel.melbands_flatness_db.mean": 0.19938038289546967, "lowlevel.melbands_flatness_db.stdev": 0.050100214779376984, "lowlevel.melbands_kurtosis.mean": 13.601143836975098, "lowlevel.melbands_kurtosis.stdev": 17.813148498535156, "lowlevel.melbands_skewness.mean": 2.6708481311798096, "lowlevel.melbands_skewness.stdev": 1.4408732652664185, "lowlevel.melbands_spread.mean": 25.430465698242188, "lowlevel.melbands_spread.stdev": 32.09718704223633, "lowlevel.pitch_salience.mean": 0.6110070943832397, "lowlevel.pitch_salience.stdev": 0.08265428245067596, "lowlevel.silence_rate_20dB.mean": 1.0, "lowlevel.silence_rate_20dB.stdev": 0.0, "lowlevel.silence_rate_30dB.mean": 0.9625176787376404, "lowlevel.silence_rate_30dB.stdev": 0.18994012475013733, "lowlevel.silence_rate_60dB.mean": 0.0014144271844998002, "lowlevel.silence_rate_60dB.stdev": 0.03758260980248451, "lowlevel.spectral_centroid.mean": 1236.9805908203125, "lowlevel.spectral_centroid.stdev": 711.212890625, "lowlevel.spectral_complexity.mean": 16.211456298828125, "lowlevel.spectral_complexity.stdev": 6.879642486572266, "lowlevel.spectral_decrease.mean": -6.5757581602099435e-09, "lowlevel.spectral_decrease.stdev": 8.15217315874861e-09, "lowlevel.spectral_energy.mean": 0.026726603507995605, "lowlevel.spectral_energy.stdev": 0.03141812980175018, "lowlevel.spectral_energyband_high.mean": 0.001241960097104311, "lowlevel.spectral_energyband_high.stdev": 0.0031454991549253464, "lowlevel.spectral_energyband_low.mean": 0.008363845758140087, "lowlevel.spectral_energyband_low.stdev": 0.019574157893657684, "lowlevel.spectral_energyband_middle_high.mean": 0.0028930017724633217, "lowlevel.spectral_energyband_middle_high.stdev": 0.0028500875923782587, "lowlevel.spectral_energyband_middle_low.mean": 0.015228538773953915, "lowlevel.spectral_energyband_middle_low.stdev": 0.016676509752869606, "lowlevel.spectral_entropy.mean": 7.5753889083862305, "lowlevel.spectral_entropy.stdev": 0.41008251905441284, "lowlevel.spectral_flux.mean": 0.08522952347993851, "lowlevel.spectral_flux.stdev": 0.07414073497056961, "lowlevel.spectral_kurtosis.mean": 5.129653453826904, "lowlevel.spectral_kurtosis.stdev": 3.5051913261413574, "lowlevel.spectral_rms.mean": 0.004616575315594673, "lowlevel.spectral_rms.stdev": 0.002182191936299205, "lowlevel.spectral_rolloff.mean": 1720.246826171875, "lowlevel.spectral_rolloff.stdev": 2425.30224609375, "lowlevel.spectral_skewness.mean": 1.6197787523269653, "lowlevel.spectral_skewness.stdev": 0.5675838589668274, "lowlevel.spectral_spread.mean": 4990443.0, "lowlevel.spectral_spread.stdev": 2180297.25, "lowlevel.spectral_strongpeak.mean": 0.8457590937614441, "lowlevel.spectral_strongpeak.stdev": 0.9282638430595398, "lowlevel.zerocrossingrate.mean": 0.06959043443202972, "lowlevel.zerocrossingrate.stdev": 0.060111504048109055, "metadata.audio_properties.analysis.equal_loudness": 0.0, "metadata.audio_properties.analysis.length": 32.7893180847168, "metadata.audio_properties.analysis.sample_rate": 44100.0, "metadata.audio_properties.analysis.start_time": 0.0, "metadata.audio_properties.bit_rate": 119766.0, "metadata.audio_properties.length": 32.78933334350586, "metadata.audio_properties.lossless": 0.0, "metadata.audio_properties.number_channels": 1.0, "metadata.audio_properties.replay_gain": -8.984479904174805, "metadata.audio_properties.sample_rate": 48000.0, "rhythm.beats_count": 68.0, "rhythm.beats_loudness.mean": 0.06138995662331581, "rhythm.beats_loudness.stdev": 0.01647360250353813, "rhythm.bpm": 124.97969818115234, "rhythm.bpm_histogram_first_peak_bpm": 126.0, "rhythm.bpm_histogram_first_peak_weight": 0.4477611780166626, "rhythm.bpm_histogram_second_peak_bpm": 0.0, "rhythm.bpm_histogram_second_peak_spread": 0.0, "rhythm.bpm_histogram_second_peak_weight": 0.0, "rhythm.danceability": 1.8201618194580078, "rhythm.onset_rate": 4.571805477142334, "tonal.chords_changes_rate": 0.029661016538739204, "tonal.chords_number_rate": 0.0042372881434857845, "tonal.chords_strength.mean": 0.5994163751602173, "tonal.chords_strength.stdev": 0.05902668088674545, "tonal.hpcp_crest.mean": 14.014826774597168, "tonal.hpcp_crest.stdev": 6.348511219024658, "tonal.hpcp_entropy.mean": 1.9248353242874146, "tonal.hpcp_entropy.stdev": 0.6378175020217896, "tonal.key_edma.strength": 0.6932235360145569, "tonal.key_krumhansl.strength": 0.6980308890342712, "tonal.key_temperley.strength": 0.7026784420013428, "tonal.tuning_diatonic_strength": 0.5003402233123779, "tonal.tuning_equal_tempered_deviation": 0.25392046570777893, "tonal.tuning_frequency": 434.193115234375, "tonal.tuning_nontempered_energy_ratio": 0.9873365759849548, "lowlevel.barkbands.mean": [0.0002850532764568925, 0.004718889947980642, 0.002400785917416215, 0.002764745382592082, 0.00447232136502862, 0.0036326574627310038, 0.001656983862631023, 0.0016832663677632809, 0.00093529635341838, 0.00024099524307530373, 0.00028405903140082955, 0.0003304205893073231, 0.00033144024200737476, 0.00036645765067078173, 0.0002812663442455232, 0.00015734306361991912, 0.00033333408646285534, 0.0002997007977683097, 0.000265507900621742, 9.0326793724671e-05, 0.00012597732711583376, 0.00017444533295929432, 0.0003053740947507322, 0.00024264662351924926, 0.0002525536110624671, 9.37463337322697e-05, 1.026115910462977e-06], "lowlevel.barkbands.stdev": [0.00048279925249516964, 0.010833237320184708, 0.009356495924293995, 0.00618881918489933, 0.009321100078523159, 0.0038535369094461203, 0.0024559644516557455, 0.003207986243069172, 0.001784732798114419, 0.0005103678558953106, 0.0007534007309004664, 0.0010158707154914737, 0.0007454966544173658, 0.0007206212030723691, 0.0005542947328649461, 0.00024384836433455348, 0.0004927618429064751, 0.0004523914831224829, 0.00036174850538372993, 0.00011332840949762613, 0.00021605768415611237, 0.0004616156511474401, 0.001068542362190783, 0.0008332703146152198, 0.000788519624620676, 0.00019815898849628866, 3.5588484479376348e-06], "lowlevel.erbbands.mean": [0.17369124293327332, 0.9074647426605225, 2.6425251960754395, 5.883121967315674, 16.602144241333008, 12.071876525878906, 18.300193786621094, 30.787540435791016, 17.05961036682129, 49.071720123291016, 22.204437255859375, 23.937314987182617, 9.212396621704102, 8.276610374450684, 12.647892951965332, 15.31394100189209, 16.306276321411133, 17.169939041137695, 17.995481491088867, 10.9380521774292, 10.205046653747559, 19.37303352355957, 18.311260223388672, 15.34196949005127, 9.130337715148926, 4.266683101654053, 4.892565727233887, 5.074035167694092, 6.165821552276611, 7.9240288734436035, 8.30739974975586, 4.96138858795166, 4.5360918045043945, 3.3970513343811035, 1.427119493484497, 0.5545188188552856, 0.13766609132289886, 0.017198840156197548, 0.00035593326902017, 4.8781475925352424e-05], "lowlevel.erbbands.stdev": [0.29297301173210144, 2.735264539718628, 10.08540153503418, 14.790946006774902, 44.892967224121094, 16.043855667114258, 16.002437591552734, 35.330604553222656, 17.6566104888916, 86.07062530517578, 34.06950378417969, 46.88077926635742, 19.0769100189209, 16.744813919067383, 27.823074340820312, 41.036521911621094, 34.78982925415039, 31.87730598449707, 34.49848937988281, 19.71561050415039, 14.058101654052734, 29.08148193359375, 26.45990562438965, 23.51948356628418, 11.175644874572754, 5.284772872924805, 7.722071647644043, 9.83563232421875, 16.127565383911133, 25.17563247680664, 29.08904457092285, 16.845842361450195, 16.218992233276367, 11.773444175720215, 4.056427001953125, 1.35469388961792, 0.2671373784542084, 0.037126656621694565, 0.0007205453002825379, 5.5959495512070134e-05], "lowlevel.gfcc.mean": [2.4203662872314453, 90.17959594726562, -105.60325622558594, 29.575443267822266, -60.133750915527344, -0.779109001159668, -52.60677719116211, 15.333969116210938, -26.44491195678711, 12.506598472595215, -12.824350357055664, 7.187681674957275, -12.203076362609863], "lowlevel.melbands.mean": [0.0013755015097558498, 0.0013011271366849542, 0.0014138553524389863, 0.0010117770871147513, 0.0006503912736661732, 0.000689745182171464, 0.00026986008742824197, 0.0005243462510406971, 0.00016927518299780786, 0.00013622177357319742, 4.126780549995601e-05, 3.195027238689363e-05, 4.158196315984242e-05, 3.86085084755905e-05, 3.874236426781863e-05, 3.134897269774228e-05, 3.268000727985054e-05, 3.069664671784267e-05, 1.8459208149579354e-05, 1.1085083315265365e-05, 1.188404712593183e-05, 1.8860100681195036e-05, 2.1951420421828516e-05, 1.2344901733740699e-05, 1.2714092008536682e-05, 8.897763109416701e-06, 3.722065002875752e-06, 2.546004907344468e-06, 2.988856522279093e-06, 3.061675897697569e-06, 2.8536001082102302e-06, 3.533281642376096e-06, 3.385833451829967e-06, 5.03400815432542e-06, 5.045670604886254e-06, 3.898418981407303e-06, 2.69273141384474e-06, 3.061022425754345e-06, 3.174206540279556e-06, 2.8213933092047228e-06], "lowlevel.melbands.stdev": [0.0026694657281041145, 0.00448905723169446, 0.0034267071168869734, 0.0022584879770874977, 0.0005122996517457068, 0.0007636090158484876, 0.0003048203361686319, 0.0009333233465440571, 0.0002706446684896946, 0.00026865204563364387, 9.305295679951087e-05, 6.588859832845628e-05, 0.00010653173376340419, 0.00012409362534526736, 0.00010042599751614034, 6.122948980191723e-05, 6.53026727377437e-05, 6.218639464350417e-05, 3.720850509125739e-05, 2.0075305656064302e-05, 1.655647429288365e-05, 2.9178685508668423e-05, 3.360483970027417e-05, 1.8579028619569726e-05, 2.0761908672284335e-05, 1.2092758879589383e-05, 4.715992417914094e-06, 3.403108848942793e-06, 4.82355380881927e-06, 5.463446541398298e-06, 6.033999397914158e-06, 9.551225957693532e-06, 9.774726095201913e-06, 1.73813878063811e-05, 1.8198652469436638e-05, 1.3607917026092764e-05, 9.448571290704422e-06, 1.134956346504623e-05, 1.1093346074630972e-05, 1.0133396244782489e-05], "lowlevel.melbands128.mean": [0.0002689457614906132, 0.0015343530103564262, 0.0016573549946770072, 0.001430928590707481, 0.0013707721373066306, 0.0011268591042608023, 0.0009874871466308832, 0.0016177361831068993, 0.0020148970652371645, 0.000774439366068691, 0.0006068912334740162, 0.000544331909622997, 0.0003599936899263412, 0.0012279851362109184, 0.0008773486479185522, 0.0003100814064964652, 0.00024324882542714477, 0.00021133918198756874, 0.00031944899819791317, 0.0007459267508238554, 0.0005425671115517616, 0.00012726847489830106, 0.00011552529758773744, 0.00018816020747181028, 0.00022602237004321069, 6.651377771049738e-05, 6.116293661762029e-05, 3.889047002303414e-05, 2.3083157429937273e-05, 4.0279563108924776e-05, 2.4050150386756286e-05, 3.652711529866792e-05, 5.235330536379479e-05, 4.058620470459573e-05, 2.5864066628855653e-05, 4.694417293649167e-05, 4.360266029834747e-05, 3.0510331271216273e-05, 4.530925798462704e-05, 3.753494092961773e-05, 2.3457600036635995e-05, 2.9673425160581246e-05, 3.1307441531680524e-05, 3.4263543057022616e-05, 3.72913054889068e-05, 2.834813312801998e-05, 2.769439379335381e-05, 1.8195150914834812e-05, 1.4731631381437182e-05, 1.504619558545528e-05, 8.16443844087189e-06, 1.0301171641913243e-05, 1.1817860467999708e-05, 1.2146628250775393e-05, 1.3239360669103917e-05, 1.972205427591689e-05, 2.2635655113845132e-05, 2.4826533262967132e-05, 2.251388468721416e-05, 1.568723382661119e-05, 1.102896476368187e-05, 9.330954526376445e-06, 1.3698594557354227e-05, 1.352972503809724e-05, 1.1625584193097893e-05, 1.0422520063002594e-05, 6.050271167623578e-06, 3.999021828349214e-06, 3.7297991184459534e-06, 2.539942897783476e-06, 2.233325631095795e-06, 2.682670128706377e-06, 2.870831849577371e-06, 3.194486453139689e-06, 2.8620152079383843e-06, 3.181138481522794e-06, 3.176023938067374e-06, 2.722892077144934e-06, 2.8138279049017e-06, 2.685347908482072e-06, 4.026610440632794e-06, 3.74996307073161e-06, 2.8908355034218403e-06, 3.4302504445804516e-06, 3.5528444186638808e-06, 4.144179456488928e-06, 5.7756069509196095e-06, 6.581765774171799e-06, 4.27014037995832e-06, 4.799510406883201e-06, 4.673362127505243e-06, 3.5843768273480237e-06, 2.611215222714236e-06, 3.0531355150742456e-06, 2.169166464227601e-06, 2.761036967058317e-06, 3.31638625539199e-06, 3.5493108043738175e-06, 3.1199283512250986e-06, 3.037838268937776e-06, 3.0522151064360514e-06, 2.9557679681602167e-06, 2.323767830603174e-06, 1.8902413785326644e-06, 1.4067301208342542e-06, 1.2262912605365273e-06, 1.4613032135457615e-06, 1.230151383424527e-06, 9.394890412295354e-07, 7.147252176764596e-07, 5.462777608045144e-07, 4.1297244024463e-07, 4.027992872579489e-07, 4.196926397526113e-07, 3.1816514933780127e-07, 1.9959190922236303e-07, 4.752901361371187e-08, 8.540295137748899e-10, 1.3860856039327185e-11, 1.0143884864033392e-11, 7.167019581977296e-12, 5.079940374602687e-12, 4.068040175553289e-12, 3.9843844369669146e-12, 3.863661994507606e-12, 3.705939635029187e-12, 3.614052633549303e-12, 3.5833163693210768e-12], "lowlevel.melbands128.stdev": [0.0004669447080232203, 0.002518943976610899, 0.0035651782527565956, 0.005112443584948778, 0.005549107678234577, 0.0043355259113013744, 0.0027958096470683813, 0.0036514983512461185, 0.005935161840170622, 0.002139077289029956, 0.0006685662665404379, 0.0005551335634663701, 0.0004614083736669272, 0.0014314295258373022, 0.0011602853192016482, 0.0005226039793342352, 0.0003531768452376127, 0.0004096580087207258, 0.0006198639166541398, 0.001460180152207613, 0.0012278570793569088, 0.000281632092082873, 0.0003440180153120309, 0.0004742341989185661, 0.0005154167301952839, 0.00020453812612686306, 0.00016207668522838503, 0.00014161465514916927, 5.7909612223738804e-05, 9.772874909685925e-05, 6.733174086548388e-05, 0.0001754746335791424, 0.00016027007950469851, 8.839623478706926e-05, 0.00014067399024497718, 0.00019429333042353392, 0.00013368231884669513, 0.0001406722003594041, 0.00015508772048633546, 9.973414125852287e-05, 6.316398503258824e-05, 8.15434250398539e-05, 8.116603567032143e-05, 9.853934170678258e-05, 0.0001066205877577886, 8.333239384228364e-05, 8.268291276181117e-05, 5.1802464440697804e-05, 3.9979484427021816e-05, 3.388520053704269e-05, 1.9538674678187817e-05, 2.2735755919711664e-05, 2.1450032363645732e-05, 1.7766580640454777e-05, 2.1846768504474312e-05, 3.217754783690907e-05, 5.73660981899593e-05, 4.220286791678518e-05, 4.336235724622384e-05, 2.889714960474521e-05, 1.8695451217354275e-05, 1.6373307516914792e-05, 3.0114733817754313e-05, 2.1108542568981647e-05, 2.068048888759222e-05, 1.59295232151635e-05, 8.67599192133639e-06, 5.727182269765763e-06, 5.6801441132847685e-06, 3.6287071907281643e-06, 3.7107602111063898e-06, 3.851722340186825e-06, 4.897426151728723e-06, 6.2468925534631126e-06, 4.8378456085629296e-06, 6.3360394051414914e-06, 6.60190107737435e-06, 5.810636139358394e-06, 6.640051651629619e-06, 6.543810741277412e-06, 1.2026820513710845e-05, 1.0976888006553054e-05, 8.510785846738145e-06, 1.105807677959092e-05, 1.0767561434477102e-05, 1.3952673725725617e-05, 2.2607329810853116e-05, 2.7049773052567616e-05, 1.6166512068593875e-05, 1.7822367226472124e-05, 1.7801672584027983e-05, 1.3125041732564569e-05, 9.479135769652203e-06, 1.1905484825547319e-05, 8.013876140466891e-06, 1.0992831448675133e-05, 1.3571266208600719e-05, 1.4128380826150533e-05, 1.1166819604113698e-05, 1.0813640983542427e-05, 1.2430654351192061e-05, 1.1323971193633042e-05, 7.963664756971411e-06, 6.045134796295315e-06, 4.333546257839771e-06, 3.555518787834444e-06, 4.128347427467816e-06, 3.425454679018003e-06, 2.4722803573240526e-06, 1.6100212860692409e-06, 1.4077967307457584e-06, 8.988214972305286e-07, 8.413624073000392e-07, 8.763101959630148e-07, 6.828740310993453e-07, 5.576314947575156e-07, 1.500646078511636e-07, 4.632587202735294e-09, 1.8025812786870432e-10, 1.5633715155782824e-10, 9.87783535522091e-11, 3.36006951429102e-11, 7.684271621788419e-12, 7.545279505360991e-12, 7.426551561218186e-12, 7.331061105397829e-12, 7.262124061824249e-12, 7.2186987290501214e-12], "lowlevel.mfcc.mean": [-645.8380737304688, 126.17818450927734, 5.504199981689453, 29.288101196289062, 8.538506507873535, -9.659293174743652, -8.460956573486328, -6.101907730102539, -6.955549240112305, -5.206258296966553, 7.191781997680664, 0.3135074973106384, -0.8723939657211304], "lowlevel.spectral_contrast_coeffs.mean": [-0.6626294255256653, -0.7061042785644531, -0.7781868577003479, -0.7995116114616394, -0.7863419055938721, -0.7587050795555115], "lowlevel.spectral_contrast_coeffs.stdev": [0.06661857664585114, 0.05780588090419769, 0.05327359959483147, 0.045538317412137985, 0.04526651278138161, 0.04429009184241295], "lowlevel.spectral_contrast_valleys.mean": [-6.754679203033447, -6.608156204223633, -7.742221832275391, -7.659074783325195, -7.511154651641846, -10.434880256652832], "lowlevel.spectral_contrast_valleys.stdev": [0.6860924959182739, 0.5585429668426514, 0.612252950668335, 0.4936029016971588, 0.5445093512535095, 1.1477428674697876], "rhythm.beats_loudness_band_ratio.mean": [0.6812809109687805, 0.23413458466529846, 0.09228247404098511, 0.032348114997148514, 0.036691006273031235, 0.03350495919585228], "rhythm.beats_loudness_band_ratio.stdev": [0.14806996285915375, 0.10792827606201172, 0.08217575401067734, 0.049454595893621445, 0.03396162763237953, 0.07703937590122223], "tonal.hpcp.mean": [0.14040787518024445, 0.15529325604438782, 0.06758234649896622, 0.03296922519803047, 0.02298002690076828, 0.021414021030068398, 0.1875770539045334, 0.25564587116241455, 0.12355203181505203, 0.25878962874412537, 0.2827370762825012, 0.07615677267313004, 0.02314143069088459, 0.027472658082842827, 0.03206149861216545, 0.08094325661659241, 0.10793093591928482, 0.07324513047933578, 0.0489744208753109, 0.038314130157232285, 0.05823833495378494, 0.3692689836025238, 0.5289896130561829, 0.24493485689163208, 0.07881268113851547, 0.05904895439743996, 0.06016475707292557, 0.09402424842119217, 0.12138846516609192, 0.15119245648384094, 0.30781060457229614, 0.3589259088039398, 0.2201767861843109, 0.12385532259941101, 0.06814534962177277, 0.059176262468099594], "tonal.hpcp.stdev": [0.21652182936668396, 0.24249713122844696, 0.13553915917873383, 0.11496175825595856, 0.09302027523517609, 0.07286337018013, 0.24658380448818207, 0.31890979409217834, 0.16744476556777954, 0.3158602714538574, 0.3549276888370514, 0.1350831687450409, 0.07529272884130478, 0.08823854476213455, 0.09156259149312973, 0.17293111979961395, 0.2294130027294159, 0.17634667456150055, 0.14175808429718018, 0.11418534815311432, 0.15057803690433502, 0.28758424520492554, 0.3655887246131897, 0.22783872485160828, 0.187698096036911, 0.15324850380420685, 0.1562955230474472, 0.19528453052043915, 0.2229284942150116, 0.260400652885437, 0.3181881010532379, 0.3541124165058136, 0.2714459300041199, 0.20379871129989624, 0.14297787845134735, 0.14177881181240082], "rhythm.beats_position": [0.4760090708732605, 0.952018141746521, 1.4396371841430664, 1.904036283493042, 2.391655206680298, 2.879274368286133, 3.355283498764038, 3.8312923908233643, 4.318911552429199, 4.794920444488525, 5.27092981338501, 5.758548736572266, 6.234557628631592, 6.710566997528076, 7.198185920715332, 7.674194812774658, 8.150203704833984, 8.637823104858398, 9.113832473754883, 9.58984088897705, 10.077460289001465, 10.55346965789795, 11.029478073120117, 11.517097473144531, 11.9931058883667, 12.469115257263184, 12.956734657287598, 13.432743072509766, 13.90875244140625, 14.396371841430664, 14.883990287780762, 15.359999656677246, 15.83600902557373, 16.3120174407959, 16.788026809692383, 17.275646209716797, 17.76326560974121, 18.227664947509766, 18.715282440185547, 19.19129180908203, 19.678911209106445, 20.15492057800293, 20.630929946899414, 21.1069393157959, 21.59455680847168, 22.082176208496094, 22.558185577392578, 23.034194946289062, 23.521814346313477, 23.997821807861328, 24.473831176757812, 24.961450576782227, 25.43745994567871, 25.913469314575195, 26.40108871459961, 26.86548614501953, 27.353105545043945, 27.84072494506836, 28.316734313964844, 28.792743682861328, 29.268753051757812, 29.744760513305664, 30.232379913330078, 30.719999313354492, 31.196008682250977, 31.67201805114746, 32.159637451171875, 32.647254943847656], "rhythm.bpm_histogram": [0.0, 0.0, 0.0, 0.0, 0.0, 0.0, 0.0, 0.0, 0.0, 0.0, 0.0, 0.0, 0.0, 0.0, 0.0, 0.0, 0.0, 0.0, 0.0, 0.0, 0.0, 0.0, 0.0, 0.0, 0.0, 0.0, 0.0, 0.0, 0.0, 0.0, 0.0, 0.0, 0.0, 0.0, 0.0, 0.0, 0.0, 0.0, 0.0, 0.0, 0.0, 0.0, 0.0, 0.0, 0.0, 0.0, 0.0, 0.0, 0.0, 0.0, 0.0, 0.0, 0.0, 0.0, 0.0, 0.0, 0.0, 0.0, 0.0, 0.0, 0.0, 0.0, 0.0, 0.0, 0.0, 0.0, 0.0, 0.0, 0.0, 0.0, 0.0, 0.0, 0.0, 0.0, 0.0, 0.0, 0.0, 0.0, 0.0, 0.0, 0.0, 0.0, 0.0, 0.0, 0.0, 0.0, 0.0, 0.0, 0.0, 0.0, 0.0, 0.0, 0.0, 0.0, 0.0, 0.0, 0.0, 0.0, 0.0, 0.0, 0.0, 0.0, 0.0, 0.0, 0.0, 0.0, 0.0, 0.0, 0.0, 0.0, 0.0, 0.0, 0.0, 0.0, 0.0, 0.0, 0.0, 0.0, 0.0, 0.0, 0.0, 0.0, 0.0, 0.4029850661754608, 0.0, 0.0, 0.5522388219833374, 0.0, 0.0, 0.04477611929178238, 0.0, 0.0, 0.0, 0.0, 0.0, 0.0, 0.0, 0.0, 0.0, 0.0, 0.0, 0.0, 0.0, 0.0, 0.0, 0.0, 0.0, 0.0, 0.0, 0.0, 0.0, 0.0, 0.0, 0.0, 0.0, 0.0, 0.0, 0.0, 0.0, 0.0, 0.0, 0.0, 0.0, 0.0, 0.0, 0.0, 0.0, 0.0, 0.0, 0.0, 0.0, 0.0, 0.0, 0.0, 0.0, 0.0, 0.0, 0.0, 0.0, 0.0, 0.0, 0.0, 0.0, 0.0, 0.0, 0.0, 0.0, 0.0, 0.0, 0.0, 0.0, 0.0, 0.0, 0.0, 0.0, 0.0, 0.0, 0.0, 0.0, 0.0, 0.0, 0.0, 0.0, 0.0, 0.0, 0.0, 0.0, 0.0, 0.0, 0.0, 0.0, 0.0, 0.0, 0.0, 0.0, 0.0, 0.0, 0.0, 0.0, 0.0, 0.0, 0.0, 0.0, 0.0, 0.0, 0.0, 0.0, 0.0, 0.0, 0.0, 0.0, 0.0, 0.0, 0.0, 0.0, 0.0, 0.0, 0.0, 0.0, 0.0, 0.0, 0.0, 0.0, 0.0, 0.0, 0.0, 0.0, 0.0, 0.0, 0.0], "tonal.chords_histogram": [36.86440658569336, 0.0, 0.0, 0.0, 0.0, 0.0, 0.0, 0.0, 0.0, 0.0, 0.0, 0.0, 0.0, 0.0, 0.0, 0.0, 0.0, 0.0, 0.0, 0.0, 0.0, 0.0, 22.316383361816406, 40.819210052490234], "tonal.thpcp": [1.0, 0.46302393078804016, 0.14898720383644104, 0.11162592470645905, 0.11373523622751236, 0.1777430921792984, 0.2294723093509674, 0.28581365942955017, 0.5818840265274048, 0.6785122156143188, 0.41622138023376465, 0.23413564264774323, 0.1288217157125473, 0.11186658591032028, 0.26542651653289795, 0.2935657799243927, 0.12775741517543793, 0.062324900180101395, 0.04344135895371437, 0.04048098623752594, 0.35459497570991516, 0.4832720160484314, 0.23356230556964874, 0.4892149567604065, 0.5344851016998291, 0.14396648108959198, 0.043746475130319595, 0.05193421244621277, 0.060608938336372375, 0.15301483869552612, 0.20403224229812622, 0.13846231997013092, 0.09258106350898743, 0.07242888957262039, 0.11009353399276733, 0.6980647444725037], "lowlevel.gfcc.cov": [[2677.958251953125, -901.8679809570312, 594.8471069335938, 167.56588745117188, -47.2802619934082, 273.00067138671875, -52.157569885253906, 21.024921417236328, -48.358829498291016, 17.8157901763916, -202.88986206054688, 6.396317005157471, -244.92282104492188], [-901.8679809570312, 1520.7921142578125, -677.5987548828125, -178.890869140625, 319.33038330078125, -321.6046447753906, 214.23001098632812, -42.53639221191406, -26.977046966552734, -41.23603820800781, 114.70753479003906, -124.71414184570312, 96.33622741699219], [594.8471069335938, -677.5987548828125, 729.8801879882812, 171.79852294921875, -27.597341537475586, 236.0749969482422, -68.80347442626953, 3.323565721511841, 3.4157018661499023, 42.48185729980469, -71.2256851196289, 103.35018920898438, -67.1685791015625], [167.56588745117188, -178.890869140625, 171.79852294921875, 493.957763671875, -76.03611755371094, 94.35733032226562, -14.890728950500488, -54.53435134887695, 124.27493286132812, -21.974084854125977, 2.932096481323242, -5.846709251403809, 88.28001403808594], [-47.2802619934082, 319.33038330078125, -27.597341537475586, -76.03611755371094, 281.46722412109375, -85.52049255371094, 30.754465103149414, 35.15343475341797, -26.829919815063477, 22.255510330200195, -12.181672096252441, -6.455251693725586, -25.096630096435547], [273.00067138671875, -321.6046447753906, 236.0749969482422, 94.35733032226562, -85.52049255371094, 248.4705352783203, 29.923559188842773, -2.2315428256988525, 17.545631408691406, 9.06763744354248, -14.420823097229004, 27.27496337890625, -10.109886169433594], [-52.157569885253906, 214.23001098632812, -68.80347442626953, -14.890728950500488, 30.754465103149414, 29.923559188842773, 208.97589111328125, -8.887024879455566, -35.46746826171875, -0.1879345178604126, 6.241342067718506, -0.9441352486610413, -7.898555755615234], [21.024921417236328, -42.53639221191406, 3.323565721511841, -54.53435134887695, 35.15343475341797, -2.2315428256988525, -8.887024879455566, 119.97283172607422, 15.214529037475586, 6.761718273162842, 9.92340087890625, 24.505640029907227, 5.118157386779785], [-48.358829498291016, -26.977046966552734, 3.4157018661499023, 124.27493286132812, -26.829919815063477, 17.545631408691406, -35.46746826171875, 15.214529037475586, 131.25830078125, 36.570858001708984, 34.10211944580078, 1.7702522277832031, 52.5034294128418], [17.8157901763916, -41.23603820800781, 42.48185729980469, -21.974084854125977, 22.255510330200195, 9.06763744354248, -0.1879345178604126, 6.761718273162842, 36.570858001708984, 112.45497131347656, 27.638347625732422, 17.722427368164062, 0.47907280921936035], [-202.88986206054688, 114.70753479003906, -71.2256851196289, 2.932096481323242, -12.181672096252441, -14.420823097229004, 6.241342067718506, 9.92340087890625, 34.10211944580078, 27.638347625732422, 98.58853912353516, 24.727380752563477, 52.93040466308594], [6.396317005157471, -124.71414184570312, 103.35018920898438, -5.846709251403809, -6.455251693725586, 27.27496337890625, -0.9441352486610413, 24.505640029907227, 1.7702522277832031, 17.722427368164062, 24.727380752563477, 99.5854263305664, 26.13329315185547], [-244.92282104492188, 96.33622741699219, -67.1685791015625, 88.28001403808594, -25.096630096435547, -10.109886169433594, -7.898555755615234, 5.118157386779785, 52.5034294128418, 0.47907280921936035, 52.93040466308594, 26.13329315185547, 134.49874877929688]], "lowlevel.gfcc.icov": [[0.0006172189605422318, 0.00010605464922264218, -1.0884600669669453e-05, -0.00040409620851278305, -3.614958768594079e-05, -0.0003274229820817709, 0.00011534720397321507, -0.00032956479117274284, 0.0002784653042908758, -0.00031167309498414397, 0.0006254822947084904, -0.00010719331476138905, 0.000962836027611047], [0.00010605464922264218, 0.003658326342701912, 0.000717861345037818, 0.0012418047990649939, -0.0037225016858428717, 0.0018922247691079974, -0.003224059008061886, 0.002403728896752, -0.0013896485324949026, 0.0024982623290270567, -0.003577319672331214, 0.0036408749874681234, -0.0024829802569001913], [-1.0884600669669453e-05, 0.000717861345037818, 0.0042809429578483105, -0.001646428951062262, -0.001456797355785966, -0.002632244722917676, 0.0013861025217920542, 0.0003487334179226309, 0.0012561281910166144, -0.001372092985548079, 0.00143054174259305, -0.0037336216773837805, 0.0019600153900682926], [-0.00040409620851278305, 0.0012418047990649939, -0.001646428951062262, 0.005446363240480423, -0.0011854880722239614, 0.0010634310310706496, -0.0023787205573171377, 0.0033156308345496655, -0.005355077795684338, 0.003741839900612831, -0.001462901709601283, 0.0033577997237443924, -0.004429086111485958], [-3.614958768594079e-05, -0.0037225016858428717, -0.001456797355785966, -0.0011854880722239614, 0.008558607660233974, 0.0003831634239759296, 0.002054861979559064, -0.004087741486728191, 0.0020332103595137596, -0.003793268231675029, 0.004295909311622381, -0.002862145658582449, 0.0026383865624666214], [-0.0003274229820817709, 0.0018922247691079974, -0.002632244722917676, 0.0010634310310706496, 0.0003831634239759296, 0.009051375091075897, -0.004469125531613827, 0.0007724816678091884, -0.0020363677758723497, 0.0018675856990739703, -0.002666327403858304, 0.003478865372017026, -0.002342465566471219], [0.00011534720397321507, -0.003224059008061886, 0.0013861025217920542, -0.0023787205573171377, 0.002054861979559064, -0.004469125531613827, 0.009385444223880768, -0.002029778202995658, 0.004196255933493376, -0.003479108214378357, 0.003106798278167844, -0.0048331934958696365, 0.003539519151672721], [-0.00032956479117274284, 0.002403728896752, 0.0003487334179226309, 0.0033156308345496655, -0.004087741486728191, 0.0007724816678091884, -0.002029778202995658, 0.012552919797599316, -0.004995896480977535, 0.0037480785977095366, -0.00279245525598526, 7.816018478479236e-05, -0.002604885259643197], [0.0002784653042908758, -0.0013896485324949026, 0.0012561281910166144, -0.005355077795684338, 0.0020332103595137596, -0.0020363677758723497, 0.004196255933493376, -0.004995896480977535, 0.01709061674773693, -0.007471002172678709, -0.00018536251445766538, -0.0002911779738496989, -0.0002079424448311329], [-0.00031167309498414397, 0.0024982623290270567, -0.001372092985548079, 0.003741839900612831, -0.003793268231675029, 0.0018675856990739703, -0.003479108214378357, 0.0037480785977095366, -0.007471002172678709, 0.015109400264918804, -0.006489989347755909, 0.002525129122659564, -0.0014865422854200006], [0.0006254822947084904, -0.003577319672331214, 0.00143054174259305, -0.001462901709601283, 0.004295909311622381, -0.002666327403858304, 0.003106798278167844, -0.00279245525598526, -0.00018536251445766538, -0.006489989347755909, 0.021029900759458542, -0.008352245204150677, -0.0002919527469202876], [-0.00010719331476138905, 0.0036408749874681234, -0.0037336216773837805, 0.0033577997237443924, -0.002862145658582449, 0.003478865372017026, -0.0048331934958696365, 7.816018478479236e-05, -0.0002911779738496989, 0.002525129122659564, -0.008352245204150677, 0.02124980092048645, -0.008168157190084457], [0.000962836027611047, -0.0024829802569001913, 0.0019600153900682926, -0.004429086111485958, 0.0026383865624666214, -0.002342465566471219, 0.003539519151672721, -0.002604885259643197, -0.0002079424448311329, -0.0014865422854200006, -0.0002919527469202876, -0.008168157190084457, 0.017264386638998985]], "lowlevel.mfcc.cov": [[2202.078125, -798.9153442382812, 449.81396484375, -10.295591354370117, 55.951072692871094, 168.86224365234375, -9.92724609375, 72.79197692871094, 48.65861511230469, 55.69294738769531, 27.714900970458984, -11.578104019165039, -58.27151870727539], [-798.9153442382812, 1545.430419921875, -866.5136108398438, 72.85984802246094, -97.5864486694336, -171.84129333496094, 180.34793090820312, -73.18576049804688, -13.692328453063965, -62.5703125, 43.97924041748047, 39.635467529296875, 1.125954508781433], [449.81396484375, -866.5136108398438, 798.7911376953125, -24.177757263183594, 108.0062484741211, 207.85693359375, -58.36946105957031, 75.00859832763672, 10.49512767791748, 37.09164047241211, -39.976280212402344, -3.584505081176758, 25.54801368713379], [-10.295591354370117, 72.85984802246094, -24.177757263183594, 311.0406188964844, 53.329490661621094, 44.0822868347168, -28.042125701904297, -12.748173713684082, 39.12397003173828, 16.032014846801758, -28.5306396484375, 6.189126014709473, 3.5312492847442627], [55.951072692871094, -97.5864486694336, 108.0062484741211, 53.329490661621094, 241.508056640625, -9.138334274291992, -61.05076599121094, 1.103667974472046, 5.058669567108154, 47.01578140258789, -4.766001224517822, -30.07613754272461, -5.425620079040527], [168.86224365234375, -171.84129333496094, 207.85693359375, 44.0822868347168, -9.138334274291992, 220.01974487304688, 33.866065979003906, 9.923168182373047, 24.5126895904541, 16.729686737060547, 1.0442776679992676, 23.568893432617188, 0.746428370475769], [-9.92724609375, 180.34793090820312, -58.36946105957031, -28.042125701904297, -61.05076599121094, 33.866065979003906, 161.97488403320312, 38.200523376464844, 9.970438003540039, -28.10824203491211, 11.62442398071289, 20.45537757873535, 1.2935104370117188], [72.79197692871094, -73.18576049804688, 75.00859832763672, -12.748173713684082, 1.103667974472046, 9.923168182373047, 38.200523376464844, 118.86932373046875, 21.272541046142578, -6.066985607147217, -17.472875595092773, 4.50650691986084, 1.5124595165252686], [48.65861511230469, -13.692328453063965, 10.49512767791748, 39.12397003173828, 5.058669567108154, 24.5126895904541, 9.970438003540039, 21.272541046142578, 79.02837371826172, 20.448692321777344, -8.72569465637207, -2.6012864112854004, 2.0441372394561768], [55.69294738769531, -62.5703125, 37.09164047241211, 16.032014846801758, 47.01578140258789, 16.729686737060547, -28.10824203491211, -6.066985607147217, 20.448692321777344, 87.69037628173828, 24.751468658447266, -4.074275016784668, -8.28109359741211], [27.714900970458984, 43.97924041748047, -39.976280212402344, -28.5306396484375, -4.766001224517822, 1.0442776679992676, 11.62442398071289, -17.472875595092773, -8.72569465637207, 24.751468658447266, 97.00341796875, 19.292949676513672, -7.876959323883057], [-11.578104019165039, 39.635467529296875, -3.584505081176758, 6.189126014709473, -30.07613754272461, 23.568893432617188, 20.45537757873535, 4.50650691986084, -2.6012864112854004, -4.074275016784668, 19.292949676513672, 69.8736801147461, 20.672941207885742], [-58.27151870727539, 1.125954508781433, 25.54801368713379, 3.5312492847442627, -5.425620079040527, 0.746428370475769, 1.2935104370117188, 1.5124595165252686, 2.0441372394561768, -8.28109359741211, -7.876959323883057, 20.672941207885742, 66.84154510498047]], "lowlevel.mfcc.icov": [[0.0006125690415501595, 0.0003764073480851948, 7.142458343878388e-05, -5.8154277212452143e-05, -9.296551434090361e-05, -0.00015257448831107467, -0.00030700472416356206, -8.629464718978852e-05, -0.0002270193217555061, 1.127887844631914e-05, -0.00028245768044143915, -7.517117046518251e-05, 0.0005038153030909598], [0.0003764073480851948, 0.0023867806885391474, 0.0023430713918060064, -0.0003951927355956286, -0.0007616561488248408, -0.0002663516497705132, -0.002078595105558634, 0.000408785417675972, 0.0002802977978717536, 0.0002298794424859807, 1.3362709978537168e-05, -0.00065662432461977, -0.00039005393045954406], [7.142458343878388e-05, 0.0023430713918060064, 0.004939237609505653, 0.0004196121881250292, -0.0016938101034611464, -0.0029965126886963844, -0.0005490414332598448, -0.0012652052100747824, 0.0010799921583384275, 1.7237658411772827e-08, 0.0008609308279119432, -0.00023915834026411176, -0.001809608773328364], [-5.8154277212452143e-05, -0.0003951927355956286, 0.0004196121881250292, 0.004234726075083017, -0.0010594067862257361, -0.001472105854190886, 0.0012946976348757744, 0.00027445240993984044, -0.0017725616926327348, 3.159076732117683e-05, 0.0014994671801105142, -0.000975628849118948, 7.607600309711415e-06], [-9.296551434090361e-05, -0.0007616561488248408, -0.0016938101034611464, -0.0010594067862257361, 0.005998555570840836, 0.0012415758101269603, 0.0014354707673192024, -0.0004314080288168043, 0.0005240814061835408, -0.00251878728158772, -0.00033757815253920853, 0.002142581855878234, 5.9656318626366556e-05], [-0.00015257448831107467, -0.0002663516497705132, -0.0029965126886963844, -0.001472105854190886, 0.0012415758101269603, 0.00842820294201374, -0.0026472166646271944, 0.002066465560346842, -0.001597629045136273, -0.001060808077454567, -0.00015704000543337315, -0.002134857699275017, 0.0016648989403620362], [-0.00030700472416356206, -0.002078595105558634, -0.0005490414332598448, 0.0012946976348757744, 0.0014354707673192024, -0.0026472166646271944, 0.011096647009253502, -0.003845121944323182, -0.0011649492662400007, 0.002421301556751132, -0.0014452219475060701, -3.8380709156626835e-05, 0.00010433416900923476], [-8.629464718978852e-05, 0.000408785417675972, -0.0012652052100747824, 0.00027445240993984044, -0.0004314080288168043, 0.002066465560346842, -0.003845121944323182, 0.01151981484144926, -0.0030500495340675116, 0.0004113131726626307, 0.0019523651571944356, -0.0017798859626054764, 0.0010674181394279003], [-0.0002270193217555061, 0.0002802977978717536, 0.0010799921583384275, -0.0017725616926327348, 0.0005240814061835408, -0.001597629045136273, -0.0011649492662400007, -0.0030500495340675116, 0.016534850001335144, -0.004779042676091194, 0.0017150818603113294, 0.0017124752048403025, -0.001795114134438336], [1.127887844631914e-05, 0.0002298794424859807, 1.7237658411772827e-08, 3.159076732117683e-05, -0.00251878728158772, -0.001060808077454567, 0.002421301556751132, 0.0004113131726626307, -0.004779042676091194, 0.01657552272081375, -0.005018969997763634, 0.00019576927297748625, 0.0013032208662480116], [-0.00028245768044143915, 1.3362709978537168e-05, 0.0008609308279119432, 0.0014994671801105142, -0.00033757815253920853, -0.00015704000543337315, -0.0014452219475060701, 0.0019523651571944356, 0.0017150818603113294, -0.005018969997763634, 0.014176814816892147, -0.0045901089906692505, 0.0017194495303556323], [-7.517117046518251e-05, -0.00065662432461977, -0.00023915834026411176, -0.000975628849118948, 0.002142581855878234, -0.002134857699275017, -3.8380709156626835e-05, -0.0017798859626054764, 0.0017124752048403025, 0.00019576927297748625, -0.0045901089906692505, 0.019733913242816925, -0.006345144473016262], [0.0005038153030909598, -0.00039005393045954406, -0.001809608773328364, 7.607600309711415e-06, 5.9656318626366556e-05, 0.0016648989403620362, 0.00010433416900923476, 0.0010674181394279003, -0.001795114134438336, 0.0013032208662480116, 0.0017194495303556323, -0.006345144473016262, 0.018439313396811485]], "metadata.audio_properties.analysis.downmix": "mix", "metadata.audio_properties.codec": "mp3", "metadata.audio_properties.md5_encoded": "1f59a62522667339316a1a16384247b3", "metadata.tags.file_name": "1182276395284561961.mp3", "metadata.version.essentia": "2.1-beta6-dev", "metadata.version.essentia_git_sha": "v2.1_beta5-1110-g77a6a954", "metadata.version.extractor": "music 2.0", "tonal.chords_key": "C", "tonal.chords_scale": "major", "tonal.key_edma.key": "C", "tonal.key_edma.scale": "major", "tonal.key_krumhansl.key": "E", "tonal.key_krumhansl.scale": "minor", "tonal.key_temperley.key": "E"