{"song_id": "1182281337479102484", "download": "https://cdn.discordapp.com/attachments/1135911532732108921/1182281337479102484/chirp.mp4?ex=6584204c&amp", "lyrics": "\u0418\u0440\u0438\u043d\u0430 \u042e\u0440\u044c\u0435\u0432\u043d\u0430, \u0442\u0451\u0449\u0430 \u0434\u043e\u0440\u043e\u0433\u0430\u044f!\n\u0421 \u0414\u043d\u0451\u043c \u0420\u043e\u0436\u0434\u0435\u043d\u0438\u044f! \u0412\u0430\u0441 \u044f \u043f\u043e\u0437\u0434\u0440\u0430\u0432\u043b\u044f\u044e!\n\u041f\u0443\u0441\u0442\u044c \u0431\u043b\u0435\u0441\u0442\u044f\u0442 \u043e\u0442 \u0440\u0430\u0434\u043e\u0441\u0442\u0438 \u0433\u043b\u0430\u0437\u0430,\n\u041b\u0443\u0447\u0448\u0435\u0439 \u0442\u0451\u0449\u0438 \u0432 \u043c\u0438\u0440\u0435 \u043d\u0435 \u043d\u0430\u0439\u0442\u0438!\n\n\u0412\u0430\u043c \u0436\u0435\u043b\u0430\u044e \u043a\u0440\u0435\u043f\u043a\u043e\u0433\u043e \u0437\u0434\u043e\u0440\u043e\u0432\u044c\u044f,\n\u0414\u043e\u043b\u0433\u0438\u0445 \u043b\u0435\u0442, \u043d\u0435\u0443\u0442\u043e\u043c\u0438\u043c\u044b\u0445 \u0441\u0438\u043b.\n\u0427\u0442\u043e\u0431\u044b \u0436\u0438\u0437\u043d\u044c \u0431\u044b\u043b\u0430 \u0412\u0430\u0448\u0430 \u0441\u043f\u043e\u043a\u043e\u0439\u043d\u0430,\n\u0422\u043e\u043b\u044c\u043a\u043e \u043f\u0440\u0430\u0437\u0434\u043d\u0438\u043a \u0432 \u0434\u043e\u043c \u0412\u0430\u0448 \u0437\u0430\u0445\u043e\u0434\u0438\u043b.\n\n\u041d\u0430 \u0433\u043e\u0434\u0430 \u0412\u044b, \u0442\u0451\u0449\u0430, \u043d\u0435 \u0440\u043e\u043f\u0449\u0438\u0442\u0435,\n\u041d\u0435 \u0441\u0434\u0430\u0432\u0430\u0439\u0442\u0435\u0441\u044c \u0432 \u0438\u0445 \u0436\u0435\u0441\u0442\u043e\u043a\u0438\u0439 \u043f\u043b\u0435\u043d,\n\u0412 \u043a\u0430\u0436\u0434\u043e\u043c \u0434\u043d\u0435 \u043f\u0440\u0435\u043a\u0440\u0430\u0441\u043d\u043e\u0435 \u0438\u0449\u0438\u0442\u0435,\n\u041f\u0443\u0441\u0442\u044c \u043d\u0435 \u0431\u0443\u0434\u0435\u0442 \u0433\u043e\u0440\u044f \u0438 \u043f\u0440\u043e\u0431\u043b\u0435\u043c!\n\n\u041a\u0430\u0440\u0438\u043d\u0430 \u0438 \u0410\u0440\u0441\u0435\u043d\u0438\u0439 \u0412\u0430\u0441 \u0442\u043e\u0436\u0435 \u043f\u043e\u0437\u0434\u0440\u0430\u0432\u043b\u044f\u044e\u0442,\n\u0421\u0447\u0430\u0441\u0442\u044c\u044f, \u0440\u0430\u0434\u043e\u0441\u0442\u0438 \u0432 \u0436\u0438\u0437\u043d\u0438 \u0412\u0430\u043c \u0436\u0435\u043b\u0430\u044e\u0442.", "style": ["lyric</span><span>, birthday</span><span>, woman"], "essentia_features": {"lowlevel.average_loudness": 0.37759265303611755, "lowlevel.barkbands_crest.mean": 16.492652893066406, "lowlevel.barkbands_crest.stdev": 4.223352432250977, "lowlevel.barkbands_flatness_db.mean": 0.36945751309394836, "lowlevel.barkbands_flatness_db.stdev": 0.10414227098226547, "lowlevel.barkbands_kurtosis.mean": 49.80107879638672, "lowlevel.barkbands_kurtosis.stdev": 64.95756530761719, "lowlevel.barkbands_skewness.mean": 3.8133327960968018, "lowlevel.barkbands_skewness.stdev": 3.4591267108917236, "lowlevel.barkbands_spread.mean": 6.971285820007324, "lowlevel.barkbands_spread.stdev": 15.902826309204102, "lowlevel.dissonance.mean": 0.3567418158054352, "lowlevel.dissonance.stdev": 0.09688505530357361, "lowlevel.dynamic_complexity": 5.109462738037109, "lowlevel.erbbands_crest.mean": 15.217757225036621, "lowlevel.erbbands_crest.stdev": 4.7249755859375, "lowlevel.erbbands_flatness_db.mean": 0.2902480363845825, "lowlevel.erbbands_flatness_db.stdev": 0.10260550677776337, "lowlevel.erbbands_kurtosis.mean": 10.514286041259766, "lowlevel.erbbands_kurtosis.stdev": 13.986144065856934, "lowlevel.erbbands_skewness.mean": 1.9190764427185059, "lowlevel.erbbands_skewness.stdev": 1.9859685897827148, "lowlevel.erbbands_spread.mean": 19.771024703979492, "lowlevel.erbbands_spread.stdev": 25.140830993652344, "lowlevel.hfc.mean": 7.484504699707031, "lowlevel.hfc.stdev": 13.821269035339355, "lowlevel.loudness_ebu128.integrated": -22.542875289916992, "lowlevel.loudness_ebu128.loudness_range": 7.9319915771484375, "lowlevel.loudness_ebu128.momentary.mean": -25.53919792175293, "lowlevel.loudness_ebu128.momentary.stdev": 5.261595249176025, "lowlevel.loudness_ebu128.short_term.mean": -24.28422737121582, "lowlevel.loudness_ebu128.short_term.stdev": 2.7695088386535645, "lowlevel.melbands_crest.mean": 19.11118507385254, "lowlevel.melbands_crest.stdev": 4.700735092163086, "lowlevel.melbands_flatness_db.mean": 0.46694716811180115, "lowlevel.melbands_flatness_db.stdev": 0.13283808529376984, "lowlevel.melbands_kurtosis.mean": 64.3886489868164, "lowlevel.melbands_kurtosis.stdev": 93.89742279052734, "lowlevel.melbands_skewness.mean": 4.10305118560791, "lowlevel.melbands_skewness.stdev": 3.2405128479003906, "lowlevel.melbands_spread.mean": 10.777047157287598, "lowlevel.melbands_spread.stdev": 33.821537017822266, "lowlevel.pitch_salience.mean": 0.3871314227581024, "lowlevel.pitch_salience.stdev": 0.1406439244747162, "lowlevel.silence_rate_20dB.mean": 1.0, "lowlevel.silence_rate_20dB.stdev": 0.0, "lowlevel.silence_rate_30dB.mean": 0.952491283416748, "lowlevel.silence_rate_30dB.stdev": 0.212724968791008, "lowlevel.silence_rate_60dB.mean": 0.22305910289287567, "lowlevel.silence_rate_60dB.stdev": 0.41629812121391296, "lowlevel.spectral_centroid.mean": 533.6131591796875, "lowlevel.spectral_centroid.stdev": 909.2822265625, "lowlevel.spectral_complexity.mean": 4.538817882537842, "lowlevel.spectral_complexity.stdev": 2.6998355388641357, "lowlevel.spectral_decrease.mean": -7.271274693465557e-09, "lowlevel.spectral_decrease.stdev": 1.0940911288059851e-08, "lowlevel.spectral_energy.mean": 0.028122322633862495, "lowlevel.spectral_energy.stdev": 0.04185130074620247, "lowlevel.spectral_energyband_high.mean": 0.00038620963459834456, "lowlevel.spectral_energyband_high.stdev": 0.0018532122485339642, "lowlevel.spectral_energyband_low.mean": 0.01725047454237938, "lowlevel.spectral_energyband_low.stdev": 0.0334986075758934, "lowlevel.spectral_energyband_middle_high.mean": 0.00012186112144263461, "lowlevel.spectral_energyband_middle_high.stdev": 0.00027454012888483703, "lowlevel.spectral_energyband_middle_low.mean": 0.015566368587315083, "lowlevel.spectral_energyband_middle_low.stdev": 0.023980529978871346, "lowlevel.spectral_entropy.mean": 5.5842976570129395, "lowlevel.spectral_entropy.stdev": 1.1057753562927246, "lowlevel.spectral_flux.mean": 0.04130659997463226, "lowlevel.spectral_flux.stdev": 0.04215209186077118, "lowlevel.spectral_kurtosis.mean": 63.092979431152344, "lowlevel.spectral_kurtosis.stdev": 90.65097045898438, "lowlevel.spectral_rms.mean": 0.004211743362247944, "lowlevel.spectral_rms.stdev": 0.0031141096260398626, "lowlevel.spectral_rolloff.mean": 835.1175537109375, "lowlevel.spectral_rolloff.stdev": 1987.0479736328125, "lowlevel.spectral_skewness.mean": 5.298673629760742, "lowlevel.spectral_skewness.stdev": 4.264437198638916, "lowlevel.spectral_spread.mean": 3502036.5, "lowlevel.spectral_spread.stdev": 2424302.5, "lowlevel.spectral_strongpeak.mean": 0.689723551273346, "lowlevel.spectral_strongpeak.stdev": 0.5770326852798462, "lowlevel.zerocrossingrate.mean": 0.03053455241024494, "lowlevel.zerocrossingrate.stdev": 0.05542270839214325, "metadata.audio_properties.analysis.equal_loudness": 0.0, "metadata.audio_properties.analysis.length": 40.04265213012695, "metadata.audio_properties.analysis.sample_rate": 44100.0, "metadata.audio_properties.analysis.start_time": 0.0, "metadata.audio_properties.bit_rate": 115133.0, "metadata.audio_properties.length": 40.042667388916016, "metadata.audio_properties.lossless": 0.0, "metadata.audio_properties.number_channels": 1.0, "metadata.audio_properties.replay_gain": -4.773918151855469, "metadata.audio_properties.sample_rate": 48000.0, "rhythm.beats_count": 75.0, "rhythm.beats_loudness.mean": 0.03647257387638092, "rhythm.beats_loudness.stdev": 0.03905419632792473, "rhythm.bpm": 105.34852600097656, "rhythm.bpm_histogram_first_peak_bpm": 105.0, "rhythm.bpm_histogram_first_peak_weight": 0.5200000405311584, "rhythm.bpm_histogram_second_peak_bpm": 126.0, "rhythm.bpm_histogram_second_peak_spread": 0.3571428656578064, "rhythm.bpm_histogram_second_peak_weight": 0.12162162363529205, "rhythm.danceability": 1.0417040586471558, "rhythm.onset_rate": 2.896059989929199, "tonal.chords_changes_rate": 0.046296294778585434, "tonal.chords_number_rate": 0.009259259328246117, "tonal.chords_strength.mean": 0.47405192255973816, "tonal.chords_strength.stdev": 0.07576633244752884, "tonal.hpcp_crest.mean": 18.441635131835938, "tonal.hpcp_crest.stdev": 8.762738227844238, "tonal.hpcp_entropy.mean": 1.441117286682129, "tonal.hpcp_entropy.stdev": 0.8149653077125549, "tonal.key_edma.strength": 0.8165632486343384, "tonal.key_krumhansl.strength": 0.8134375810623169, "tonal.key_temperley.strength": 0.8123651146888733, "tonal.tuning_diatonic_strength": 0.5807403922080994, "tonal.tuning_equal_tempered_deviation": 0.0691739097237587, "tonal.tuning_frequency": 439.2381896972656, "tonal.tuning_nontempered_energy_ratio": 0.637893557548523, "lowlevel.barkbands.mean": [4.583042482408928e-06, 0.0006722533144056797, 0.0113844508305192, 0.007620394229888916, 0.006668270565569401, 0.000502692477311939, 0.00032069842563942075, 0.00041404447983950377, 1.6825966667965986e-05, 3.347967503941618e-05, 1.3830033822159749e-05, 9.412733561475761e-06, 2.0219453290337697e-05, 7.858091521484312e-06, 2.7441112706583226e-06, 2.247324573545484e-06, 2.4592843601567438e-06, 9.383553560837754e-07, 1.6880876501090825e-05, 6.128788663772866e-05, 0.00014489177556242794, 4.097848795936443e-05, 3.743945126188919e-05, 6.443037273129448e-05, 4.691179492510855e-05, 1.2054172657371964e-05, 8.569636378297218e-08], "lowlevel.barkbands.stdev": [4.0927381633082405e-05, 0.0027370708994567394, 0.026019379496574402, 0.015468114987015724, 0.012462599202990532, 0.0011279262835159898, 0.0005906833685003221, 0.0011600317666307092, 3.5153723729308695e-05, 6.668610876658931e-05, 3.9950413338374346e-05, 2.4293030946864747e-05, 4.71106031909585e-05, 1.9771370716625825e-05, 8.14470877230633e-06, 1.256824816664448e-05, 1.2236719157954212e-05, 7.131513029889902e-06, 9.049986692843959e-05, 0.0005084831500425935, 0.0007003022474236786, 0.0001962980895768851, 0.00018784895655699074, 0.00032357245800085366, 0.0002129087079083547, 5.541399514186196e-05, 9.379076573168277e-07], "lowlevel.erbbands.mean": [0.010008281096816063, 0.34768056869506836, 8.205059051513672, 26.183626174926758, 25.012109756469727, 18.92513084411621, 7.343738555908203, 4.534365653991699, 5.119868755340576, 10.310657501220703, 3.6773905754089355, 0.5335336923599243, 1.1911979913711548, 0.5612311959266663, 0.5509880185127258, 0.474243700504303, 0.9550326466560364, 0.4938969314098358, 0.23055095970630646, 0.12918831408023834, 0.11897553503513336, 0.14737394452095032, 0.07081615179777145, 0.172797292470932, 1.6398874521255493, 2.756788730621338, 6.848599433898926, 3.562624454498291, 1.6406512260437012, 1.1459252834320068, 1.0011802911758423, 1.209312915802002, 1.1576311588287354, 0.6874825954437256, 0.2338990420103073, 0.07193807512521744, 0.019039181992411613, 0.001871691201813519, 5.206611967878416e-05, 3.355590160936117e-05], "lowlevel.erbbands.stdev": [0.030437255278229713, 0.8955852389335632, 17.95657730102539, 48.266971588134766, 52.63257598876953, 31.846715927124023, 15.13483715057373, 10.816006660461426, 11.176356315612793, 23.952363967895508, 8.617395401000977, 0.894273042678833, 2.387782573699951, 1.2535814046859741, 1.484991192817688, 1.0879346132278442, 2.134514093399048, 1.1455341577529907, 0.6399659514427185, 0.4099291265010834, 0.6668517589569092, 0.7804955244064331, 0.4881294071674347, 0.9641659259796143, 8.888442993164062, 21.23447608947754, 36.99108123779297, 16.847002029418945, 7.882618427276611, 5.369082927703857, 5.05061149597168, 6.718331336975098, 5.633823871612549, 3.174318552017212, 1.1297738552093506, 0.33639267086982727, 0.08706894516944885, 0.009182837791740894, 0.00018880573043134063, 4.698882912634872e-05], "lowlevel.gfcc.mean": [-195.0049591064453, 143.23194885253906, -33.79212951660156, 14.319177627563477, -70.12889862060547, 4.083812713623047, -43.84324264526367, -21.39862060546875, -38.87961196899414, -5.192753314971924, -17.610952377319336, -24.479412078857422, -15.673815727233887], "lowlevel.melbands.mean": [0.00013086717808619142, 0.003272085217759013, 0.0043288711458444595, 0.0015967936487868428, 0.00037212963798083365, 0.00010168790322495624, 7.486079994123429e-05, 0.00011569022171897814, 2.090497946483083e-05, 2.6309303393645678e-06, 5.8752711993292905e-06, 2.1202704374445602e-06, 1.8377016886006459e-06, 1.1544073004188249e-06, 1.8528279497331823e-06, 1.7850137510322384e-06, 8.355684144589759e-07, 4.120642813632003e-07, 1.784090954970452e-07, 1.649437564310574e-07, 1.255868369298696e-07, 1.5509704098803923e-07, 1.0713910825188577e-07, 3.3633412499511905e-08, 8.395917205916703e-08, 7.84272003784281e-07, 1.6262955568890902e-06, 1.779408421498374e-06, 3.931926130462671e-06, 4.349628852651222e-06, 1.3302038723850274e-06, 9.474757689531543e-07, 6.950872943889408e-07, 6.303222335191094e-07, 5.10284394295013e-07, 7.179265253398626e-07, 7.551201406386099e-07, 7.860603545850608e-07, 8.143437639773765e-07, 4.980040557711618e-07], "lowlevel.melbands.stdev": [0.000522613525390625, 0.006876304280012846, 0.007307213265448809, 0.0031126767862588167, 0.0007493521552532911, 0.00024034355010371655, 0.00015534240810666233, 0.0002848935255315155, 4.919244020129554e-05, 4.8580486691207625e-06, 1.1806785551016219e-05, 5.022349341743393e-06, 5.040536052547395e-06, 3.0563974178221542e-06, 4.025353064207593e-06, 4.760562660521828e-06, 2.1193591237533838e-06, 1.2048843700540601e-06, 5.324271796780522e-07, 8.160805577972496e-07, 6.913071501912782e-07, 7.725745376774285e-07, 8.120710504044837e-07, 1.7397921681094886e-07, 5.731977807954536e-07, 4.290139258955605e-06, 1.0699841368477792e-05, 1.530732879473362e-05, 2.4479773856000975e-05, 2.0902851247228682e-05, 6.7119117375114e-06, 4.7122189243964385e-06, 3.2138855203811545e-06, 3.1101210424822057e-06, 2.5535348413541215e-06, 4.4141429498267826e-06, 4.1134317143587396e-06, 3.915410616173176e-06, 4.012928911834024e-06, 2.263364876853302e-06], "lowlevel.melbands128.mean": [2.3308750769501785e-06, 1.7355336240143515e-05, 0.00016696519742254168, 0.0003776991507038474, 0.002293177880346775, 0.006764233577996492, 0.0060090250335633755, 0.0030117256101220846, 0.00263034924864769, 0.0016682627610862255, 0.0008906062575988472, 0.000681129633449018, 0.00018437010294292122, 5.8882498706225306e-05, 7.647701568203047e-05, 0.0001566685241414234, 0.00012179630721220747, 3.473370452411473e-05, 4.206571975373663e-05, 0.00014889347949065268, 0.00015111394168343395, 2.4105020202114247e-05, 1.0517417649680283e-05, 2.4319842850673012e-06, 2.044318534899503e-06, 1.9917556528525893e-06, 5.154691280040424e-06, 9.739870620251168e-06, 2.354948946958757e-06, 2.348258021811489e-06, 1.8864025150833186e-06, 1.854352603913867e-06, 1.7818700825955602e-06, 2.251939577035955e-06, 9.458653948968276e-07, 9.73342821453116e-07, 1.0795703246913035e-06, 1.38142854666512e-06, 2.9813245419063605e-06, 2.4122964532580227e-06, 1.4235827165975934e-06, 9.538100584904896e-07, 7.852507337702264e-07, 9.309028428106103e-07, 4.88143996335566e-07, 3.595768589548243e-07, 2.306581308175737e-07, 1.6835927851843735e-07, 1.4984719598487573e-07, 1.8972218640556093e-07, 1.4792300362387323e-07, 1.7097242732688755e-07, 1.4953988625165948e-07, 8.868293122077375e-08, 1.0412455964114997e-07, 1.861134535374731e-07, 1.7942218732969195e-07, 1.2950128791544557e-07, 8.838988208026421e-08, 4.336585135433779e-08, 3.193537523316081e-08, 2.0994248117744974e-08, 3.16608570471999e-08, 6.639491090254523e-08, 2.149227213976701e-07, 5.617108058686426e-07, 1.2691242545770365e-06, 1.693716967565706e-06, 1.7729345245243167e-06, 1.442536699869379e-06, 1.4811772643952281e-06, 1.862939598140656e-06, 3.086470769630978e-06, 4.200916919216979e-06, 5.116935426485725e-06, 5.729008535126923e-06, 3.5255625334684737e-06, 1.4055530073164846e-06, 1.2192732583571342e-06, 9.191499543703685e-07, 1.043002839651308e-06, 9.348302114631224e-07, 7.807560109540645e-07, 7.064592750793963e-07, 5.660792794515146e-07, 6.161321266517916e-07, 6.634638225477829e-07, 6.545627684317878e-07, 3.757895967737568e-07, 4.817735543838353e-07, 7.747103154542856e-07, 7.529594086008728e-07, 7.044259859867452e-07, 7.600592653034255e-07, 7.775159360789985e-07, 7.561242796327861e-07, 7.397137551379274e-07, 9.349744232167723e-07, 8.098588182292588e-07, 8.122998451653984e-07, 6.187358394527109e-07, 4.4355192585499026e-07, 3.6085248211747967e-07, 2.646085306423629e-07, 2.883758725147345e-07, 2.0022766022975702e-07, 1.8491664377506822e-07, 1.6482327680478193e-07, 1.1322592996521053e-07, 7.68166970033235e-08, 7.608645091750077e-08, 6.925983342398467e-08, 5.805956959648029e-08, 5.4785541436785934e-08, 3.3036251068097044e-08, 1.8940692569913153e-08, 3.55800300333442e-09, 7.474204588575617e-11, 3.4571774696484647e-12, 3.319546243787941e-12, 3.223079789171912e-12, 3.1786361737173863e-12, 3.1362286899427883e-12, 3.0607584609182448e-12, 2.8769707970111025e-12, 2.5694169014656154e-12, 2.402192594147534e-12, 2.368541994479667e-12], "lowlevel.melbands128.stdev": [2.0109240722376853e-05, 6.840335117885843e-05, 0.0007245051092468202, 0.0016001143958419561, 0.005352988373488188, 0.015641087666153908, 0.011623358353972435, 0.006812170147895813, 0.0065687415190041065, 0.004240339156240225, 0.0016086342511698604, 0.001676903455518186, 0.0004498511552810669, 0.00027849106118083, 0.000279528321698308, 0.00039229553658515215, 0.0003145021910313517, 0.00011765692761400715, 0.0001067833072738722, 0.0003506329085212201, 0.0004601764667313546, 5.7903205743059516e-05, 3.675331026897766e-05, 7.041185654088622e-06, 5.485428573592799e-06, 6.165466857055435e-06, 9.58195323619293e-06, 2.3270260498975404e-05, 5.943330506852362e-06, 7.520686267525889e-06, 5.692865670425817e-06, 7.05120828570216e-06, 5.415609393821796e-06, 8.403842002735473e-06, 3.4138695355068194e-06, 3.7205879834800726e-06, 3.088506900894572e-06, 5.2190357564541046e-06, 7.125132924556965e-06, 6.560834663105197e-06, 6.426204890885856e-06, 2.6049174266518094e-06, 2.3752970719215227e-06, 3.1556780868413625e-06, 1.8858215753425611e-06, 1.313566940552846e-06, 1.133182081503037e-06, 5.659085218212567e-07, 5.197641144150111e-07, 6.646134806942428e-07, 8.232488539761107e-07, 1.3987626061862102e-06, 9.532881790619285e-07, 3.367745478044526e-07, 4.667908228839224e-07, 9.990563967221533e-07, 9.979581818697625e-07, 9.091010042538983e-07, 9.733854540172615e-07, 3.068037983666727e-07, 1.4979525531089166e-07, 7.989529393626071e-08, 1.434771661479317e-07, 4.110778206722898e-07, 2.067705736408243e-06, 4.10079701396171e-06, 6.8964754973421805e-06, 9.590023182681762e-06, 1.3220152141002472e-05, 1.240570691152243e-05, 1.4624726645706687e-05, 1.615055043657776e-05, 3.0943327146815136e-05, 2.7590906029217876e-05, 2.727366882027127e-05, 2.9022192393313162e-05, 1.7288934031967074e-05, 7.564054158137878e-06, 6.8145668592478614e-06, 5.105304353492102e-06, 5.686718850483885e-06, 4.726546649180818e-06, 3.9017791095830034e-06, 3.4560839594632853e-06, 2.581676653790055e-06, 3.1834497349336743e-06, 3.621143605414545e-06, 3.611433157857391e-06, 2.01286047740723e-06, 2.475380597388721e-06, 4.914894816465676e-06, 5.14535759066348e-06, 4.800311216968112e-06, 4.230813374306308e-06, 4.1891244109137915e-06, 4.344567969383206e-06, 3.646219511210802e-06, 4.960776095686015e-06, 4.248962341080187e-06, 4.076941422681557e-06, 2.9779889700876083e-06, 2.011829792536446e-06, 1.926108097904944e-06, 1.1939599744437146e-06, 1.718001385597745e-06, 1.1332913345540874e-06, 8.634900723336614e-07, 8.035038376874581e-07, 5.931348709964368e-07, 3.7150545040276484e-07, 3.7760514715046156e-07, 3.6939420056114614e-07, 2.506625378373428e-07, 2.7791247703135014e-07, 1.7615001013382425e-07, 1.0350919410484494e-07, 2.9547873481305942e-08, 1.1699144986110355e-09, 6.341351489053126e-12, 6.141893851147051e-12, 5.994169570422425e-12, 5.864402713440242e-12, 5.732948404196803e-12, 5.635401433695675e-12, 5.55151280848265e-12, 5.486849256192139e-12, 5.438150364051042e-12, 5.40848182212228e-12], "lowlevel.mfcc.mean": [-865.147216796875, 175.5967559814453, 77.01232147216797, 17.251413345336914, -1.9218910932540894, 11.189218521118164, 3.2679555416107178, -23.000797271728516, -15.602073669433594, -6.20448112487793, -9.764084815979004, -9.543597221374512, -10.118959426879883], "lowlevel.spectral_contrast_coeffs.mean": [-0.5286800265312195, -0.685059130191803, -0.7854750156402588, -0.8024449944496155, -0.8180298209190369, -0.834337055683136], "lowlevel.spectral_contrast_coeffs.stdev": [0.08690463751554489, 0.0832718014717102, 0.0633028969168663, 0.04923306033015251, 0.08769013732671738, 0.04588426277041435], "lowlevel.spectral_contrast_valleys.mean": [-7.963978290557861, -8.519309043884277, -9.599587440490723, -10.456820487976074, -10.750869750976562, -12.189619064331055], "lowlevel.spectral_contrast_valleys.stdev": [1.1215389966964722, 0.8339480757713318, 0.9035570025444031, 1.148752212524414, 1.4673786163330078, 1.7393535375595093], "rhythm.beats_loudness_band_ratio.mean": [0.6268478035926819, 0.3344539403915405, 0.06075151264667511, 0.0048235137946903706, 0.0008690651156939566, 0.08974314481019974], "rhythm.beats_loudness_band_ratio.stdev": [0.339603990316391, 0.2600942552089691, 0.0913415476679802, 0.016308806836605072, 0.0034755656961351633, 0.2513140141963959], "tonal.hpcp.mean": [0.08422484993934631, 0.04419950768351555, 0.008089814335107803, 0.021419646218419075, 0.05820058286190033, 0.15647344291210175, 0.2494301050901413, 0.16921481490135193, 0.19534823298454285, 0.2677759826183319, 0.1184469684958458, 0.015612672083079815, 0.013026808388531208, 0.020170684903860092, 0.06549662351608276, 0.14164531230926514, 0.12294089049100876, 0.05437009036540985, 0.036600325256586075, 0.036914460361003876, 0.046367235481739044, 0.052760131657123566, 0.03657299280166626, 0.023105451837182045, 0.01941593550145626, 0.008555933833122253, 0.004335563629865646, 0.004816712811589241, 0.008469085209071636, 0.1665654331445694, 0.300965815782547, 0.14171721041202545, 0.003119724104180932, 0.003517633303999901, 0.005516358185559511, 0.04773282632231712], "tonal.hpcp.stdev": [0.2322259098291397, 0.12897329032421112, 0.06656168401241302, 0.12083330005407333, 0.20132166147232056, 0.27361351251602173, 0.3870025873184204, 0.26991966366767883, 0.3060939908027649, 0.4078797399997711, 0.21633878350257874, 0.10261630266904831, 0.08669484406709671, 0.11380067467689514, 0.16095063090324402, 0.2826024293899536, 0.24623645842075348, 0.19089597463607788, 0.15509751439094543, 0.15787121653556824, 0.17777597904205322, 0.19116121530532837, 0.15011627972126007, 0.11792775988578796, 0.10032448172569275, 0.04419144243001938, 0.04533322528004646, 0.035543397068977356, 0.054735757410526276, 0.22962844371795654, 0.38980838656425476, 0.19495482742786407, 0.038164664059877396, 0.04580795019865036, 0.041292864829301834, 0.1352652609348297], "rhythm.beats_position": [0.5108389854431152, 1.0332880020141602, 1.5557368993759155, 2.0665760040283203, 2.5774149894714355, 3.0998640060424805, 3.6223127841949463, 4.156371593475342, 4.7252607345581055, 5.294149398803711, 5.851428508758545, 6.408707141876221, 6.965986251831055, 7.53487491607666, 8.103763580322266, 8.672653198242188, 9.241541862487793, 9.810430526733398, 10.390929222106934, 10.866938591003418, 11.331337928771973, 11.80734634399414, 12.283355712890625, 12.75936508178711, 13.212154388427734, 13.653332710266113, 14.094511985778809, 14.535691261291504, 15.011700630187988, 15.487709045410156, 15.96371841430664, 16.497777938842773, 17.008617401123047, 17.531064987182617, 18.06512451171875, 18.599184036254883, 19.133241653442383, 19.667301177978516, 20.212970733642578, 20.747028350830078, 21.246257781982422, 21.733877182006836, 22.19827651977539, 22.674285888671875, 23.173513412475586, 23.64952278137207, 24.113922119140625, 24.57832145690918, 25.031110763549805, 25.53034019470215, 26.029569625854492, 26.528797149658203, 27.028026580810547, 27.53886604309082, 28.049705505371094, 28.560543060302734, 29.071382522583008, 29.58222198486328, 30.127891540527344, 30.685169219970703, 31.277278900146484, 31.880996704101562, 32.48471450805664, 33.065216064453125, 33.645713806152344, 34.214603424072266, 34.795101165771484, 35.3755989074707, 35.944488525390625, 36.524986267089844, 37.10548782348633, 37.68598556518555, 38.25487518310547, 38.82376480102539, 39.39265060424805], "rhythm.bpm_histogram": [0.0, 0.0, 0.0, 0.0, 0.0, 0.0, 0.0, 0.0, 0.0, 0.0, 0.0, 0.0, 0.0, 0.0, 0.0, 0.0, 0.0, 0.0, 0.0, 0.0, 0.0, 0.0, 0.0, 0.0, 0.0, 0.0, 0.0, 0.0, 0.0, 0.0, 0.0, 0.0, 0.0, 0.0, 0.0, 0.0, 0.0, 0.0, 0.0, 0.0, 0.0, 0.0, 0.0, 0.0, 0.0, 0.0, 0.0, 0.0, 0.0, 0.0, 0.0, 0.0, 0.0, 0.0, 0.0, 0.0, 0.0, 0.0, 0.0, 0.0, 0.0, 0.0, 0.0, 0.0, 0.0, 0.0, 0.0, 0.0, 0.0, 0.0, 0.0, 0.0, 0.0, 0.0, 0.0, 0.0, 0.0, 0.0, 0.0, 0.0, 0.0, 0.0, 0.0, 0.0, 0.0, 0.0, 0.0, 0.0, 0.0, 0.0, 0.0, 0.0, 0.0, 0.0, 0.0, 0.0, 0.0, 0.0, 0.0, 0.027027027681469917, 0.0, 0.013513513840734959, 0.0, 0.10810811072587967, 0.0, 0.1621621549129486, 0.0, 0.0, 0.054054055362939835, 0.0, 0.027027027681469917, 0.0, 0.09459459781646729, 0.0, 0.0, 0.06756756454706192, 0.0, 0.10810811072587967, 0.0, 0.0, 0.0810810774564743, 0.0, 0.0, 0.013513513840734959, 0.0, 0.0, 0.12162162363529205, 0.0, 0.0, 0.054054055362939835, 0.0, 0.0, 0.0, 0.027027027681469917, 0.0, 0.0, 0.04054053872823715, 0.0, 0.0, 0.0, 0.0, 0.0, 0.0, 0.0, 0.0, 0.0, 0.0, 0.0, 0.0, 0.0, 0.0, 0.0, 0.0, 0.0, 0.0, 0.0, 0.0, 0.0, 0.0, 0.0, 0.0, 0.0, 0.0, 0.0, 0.0, 0.0, 0.0, 0.0, 0.0, 0.0, 0.0, 0.0, 0.0, 0.0, 0.0, 0.0, 0.0, 0.0, 0.0, 0.0, 0.0, 0.0, 0.0, 0.0, 0.0, 0.0, 0.0, 0.0, 0.0, 0.0, 0.0, 0.0, 0.0, 0.0, 0.0, 0.0, 0.0, 0.0, 0.0, 0.0, 0.0, 0.0, 0.0, 0.0, 0.0, 0.0, 0.0, 0.0, 0.0, 0.0, 0.0, 0.0, 0.0, 0.0, 0.0, 0.0, 0.0, 0.0, 0.0, 0.0, 0.0, 0.0, 0.0, 0.0, 0.0, 0.0, 0.0, 0.0, 0.0, 0.0, 0.0, 0.0, 0.0, 0.0, 0.0, 0.0, 0.0, 0.0, 0.0, 0.0, 0.0, 0.0, 0.0, 0.0, 0.0, 0.0, 0.0, 0.0, 0.0, 0.0], "tonal.chords_histogram": [33.564815521240234, 6.597222328186035, 20.370370864868164, 11.689814567565918, 5.208333492279053, 0.0, 0.0, 0.0, 1.8518518209457397, 0.0, 6.018518447875977, 0.0, 0.0, 0.0, 0.0, 0.23148147761821747, 0.0, 14.004630088806152, 0.0, 0.0, 0.0, 0.0, 0.0, 0.46296295523643494], "tonal.thpcp": [1.0, 0.4708747863769531, 0.010365708731114864, 0.011687817052006721, 0.018328852951526642, 0.15859882533550262, 0.27984854578971863, 0.14685890078544617, 0.026879511773586273, 0.07116969674825668, 0.19337938725948334, 0.519904375076294, 0.8287655711174011, 0.5622392892837524, 0.6490711569786072, 0.8897222280502319, 0.3935562074184418, 0.05187523365020752, 0.04328334704041481, 0.06701985001564026, 0.21762147545814514, 0.47063589096069336, 0.40848788619041443, 0.18065205216407776, 0.12160957604646683, 0.12265333533287048, 0.1540614664554596, 0.17530274391174316, 0.12151876091957092, 0.07677102088928223, 0.06451209634542465, 0.02842825837433338, 0.014405502006411552, 0.016004186123609543, 0.028139691799879074, 0.5534363985061646], "lowlevel.gfcc.cov": [[12271.462890625, -5472.28466796875, -297.48773193359375, 3717.7822265625, -73.55607604980469, 879.0477294921875, 41.5271110534668, 818.0035400390625, -880.8034057617188, 614.962890625, -402.3645324707031, 209.5517578125, -299.59808349609375], [-5472.28466796875, 5848.6650390625, 826.2335205078125, -2818.328125, 554.51025390625, -390.30328369140625, 410.0584411621094, -399.8155517578125, 871.2192993164062, -673.322509765625, 533.7344970703125, -230.46536254882812, 241.788818359375], [-297.48773193359375, 826.2335205078125, 662.5741577148438, -108.95472717285156, 172.8052520751953, 93.36409759521484, 218.1568145751953, -7.108823776245117, 108.30368041992188, -106.71326446533203, 67.50859069824219, -13.838229179382324, 53.513389587402344], [3717.7822265625, -2818.328125, -108.95472717285156, 1989.3929443359375, -25.374021530151367, 371.87054443359375, -50.75556564331055, 310.301513671875, -423.8234558105469, 316.83026123046875, -237.27377319335938, 127.21682739257812, -97.61344146728516], [-73.55607604980469, 554.51025390625, 172.8052520751953, -25.374021530151367, 425.2414245605469, 106.05628967285156, 65.93158721923828, 70.5108642578125, 142.9012451171875, -72.49411010742188, 7.609584808349609, 21.342288970947266, 2.552938461303711], [879.0477294921875, -390.30328369140625, 93.36409759521484, 371.87054443359375, 106.05628967285156, 257.60205078125, 98.78643798828125, 93.73844146728516, -88.92817687988281, 56.32179260253906, -16.586458206176758, 17.695636749267578, -37.427162170410156], [41.5271110534668, 410.0584411621094, 218.1568145751953, -50.75556564331055, 65.93158721923828, 98.78643798828125, 208.6248321533203, 16.1843204498291, -2.65708589553833, -49.725318908691406, 74.6795654296875, -33.75595474243164, 10.299633026123047], [818.0035400390625, -399.8155517578125, -7.108823776245117, 310.301513671875, 70.5108642578125, 93.73844146728516, 16.1843204498291, 199.26837158203125, 4.208423614501953, 56.692222595214844, -52.76548385620117, 41.48212432861328, -35.76144027709961], [-880.8034057617188, 871.2192993164062, 108.30368041992188, -423.8234558105469, 142.9012451171875, -88.92817687988281, -2.65708589553833, 4.208423614501953, 301.85400390625, -75.52361297607422, 33.94266891479492, -19.667346954345703, 47.568477630615234], [614.962890625, -673.322509765625, -106.71326446533203, 316.83026123046875, -72.49411010742188, 56.32179260253906, -49.725318908691406, 56.692222595214844, -75.52361297607422, 160.86355590820312, -34.71453094482422, 13.571568489074707, -50.16093444824219], [-402.3645324707031, 533.7344970703125, 67.50859069824219, -237.27377319335938, 7.609584808349609, -16.586458206176758, 74.6795654296875, -52.76548385620117, 33.94266891479492, -34.71453094482422, 166.31723022460938, -21.872068405151367, 0.2976756691932678], [209.5517578125, -230.46536254882812, -13.838229179382324, 127.21682739257812, 21.342288970947266, 17.695636749267578, -33.75595474243164, 41.48212432861328, -19.667346954345703, 13.571568489074707, -21.872068405151367, 85.79598999023438, 11.323222160339355], [-299.59808349609375, 241.788818359375, 53.513389587402344, -97.61344146728516, 2.552938461303711, -37.427162170410156, 10.299633026123047, -35.76144027709961, 47.568477630615234, -50.16093444824219, 0.2976756691932678, 11.323222160339355, 91.5495834350586]], "lowlevel.gfcc.icov": [[0.00022013240959495306, 3.509347516228445e-05, 3.568906686268747e-05, -0.00028302488499321043, 5.9422825870569795e-05, -0.00016149863949976861, -3.125593502772972e-05, -0.00042512029176577926, 0.00010767867206595838, 0.00014941301196813583, -0.00010834701242856681, 0.0001564396807225421, 8.176411938620731e-05], [3.509347516228445e-05, 0.0027391656767576933, -0.0008868015138432384, 0.0020519390236586332, -0.0020313928835093975, 0.0009208478149957955, -0.0016466549132019281, 0.00031249382300302386, -0.0020208980422466993, 0.0025784873869270086, -0.0031629912555217743, 0.0021185032092034817, -0.00146176025737077], [3.568906686268747e-05, -0.0008868015138432384, 0.003239267272874713, -0.0011919056996703148, 0.0005378028145059943, -0.0005464348359964788, -0.0028291947674006224, 0.0012593197170644999, -0.0010232457425445318, -6.237789057195187e-05, 0.001458824728615582, -0.00185302400495857, 0.0005883632111363113], [-0.00028302488499321043, 0.0020519390236586332, -0.0011919056996703148, 0.0037005606573075056, -0.0020743506029248238, 0.00012924234033562243, -0.0002911609481088817, -0.0009426135220564902, 0.0005252365954220295, -0.00010184214625041932, -0.0015033283270895481, 0.001428127521649003, -0.0024283721577376127], [5.9422825870569795e-05, -0.0020313928835093975, 0.0005378028145059943, -0.0020743506029248238, 0.006236393004655838, -0.0035788516979664564, 0.0014811177970841527, -0.00026406097458675504, -0.001679072855040431, 0.00122635078150779, 0.002301489468663931, -0.0029336789157241583, 0.0030263469088822603], [-0.00016149863949976861, 0.0009208478149957955, -0.0005464348359964788, 0.00012924234033562243, -0.0035788516979664564, 0.010623612441122532, -0.005648950580507517, -0.0002094597148243338, 0.0013442012714222074, -0.0023383155930787325, -4.1076800698647276e-05, -0.00023804944066796452, 0.0005432659527286887], [-3.125593502772972e-05, -0.0016466549132019281, -0.0028291947674006224, -0.0002911609481088817, 0.0014811177970841527, -0.005648950580507517, 0.01627642847597599, -0.0051795910112559795, 0.00472021009773016, 0.0014800996286794543, -0.0035450358409434557, 0.005666341632604599, -0.002946109976619482], [-0.00042512029176577926, 0.00031249382300302386, 0.0012593197170644999, -0.0009426135220564902, -0.00026406097458675504, -0.0002094597148243338, -0.0051795910112559795, 0.012533781118690968, -0.005631784908473492, -0.0005391250015236437, 0.002690198365598917, -0.005659229587763548, 0.004764805547893047], [0.00010767867206595838, -0.0020208980422466993, -0.0010232457425445318, 0.0005252365954220295, -0.001679072855040431, 0.0013442012714222074, 0.00472021009773016, -0.005631784908473492, 0.011440861970186234, -0.004055604804307222, 0.0013270791387185454, 0.0021795397624373436, -0.003727317089214921], [0.00014941301196813583, 0.0025784873869270086, -6.237789057195187e-05, -0.00010184214625041932, 0.00122635078150779, -0.0023383155930787325, 0.0014800996286794543, -0.0005391250015236437, -0.004055604804307222, 0.01646048203110695, -0.004555081482976675, 0.0026245582848787308, 0.0030559315346181393], [-0.00010834701242856681, -0.0031629912555217743, 0.001458824728615582, -0.0015033283270895481, 0.002301489468663931, -4.1076800698647276e-05, -0.0035450358409434557, 0.002690198365598917, 0.0013270791387185454, -0.004555081482976675, 0.013599378056824207, -0.005104610696434975, 0.004314020741730928], [0.0001564396807225421, 0.0021185032092034817, -0.00185302400495857, 0.001428127521649003, -0.0029336789157241583, -0.00023804944066796452, 0.005666341632604599, -0.005659229587763548, 0.0021795397624373436, 0.0026245582848787308, -0.005104610696434975, 0.02006523311138153, -0.007500519976019859], [8.176411938620731e-05, -0.00146176025737077, 0.0005883632111363113, -0.0024283721577376127, 0.0030263469088822603, 0.0005432659527286887, -0.002946109976619482, 0.004764805547893047, -0.003727317089214921, 0.0030559315346181393, 0.004314020741730928, -0.007500519976019859, 0.018973222002387047]], "lowlevel.mfcc.cov": [[11706.70703125, -5784.15478515625, 49.92618942260742, 1745.5543212890625, 566.0219116210938, 608.1241455078125, 794.4281005859375, 66.15238952636719, 428.0406494140625, 228.27438354492188, -229.04037475585938, 120.22112274169922, 234.97056579589844], [-5784.15478515625, 6289.998046875, 140.56578063964844, -1494.3585205078125, -127.93456268310547, -406.2080383300781, -361.3680419921875, 339.71234130859375, -200.75039672851562, -70.05738067626953, 256.601318359375, 1.8547290563583374, 50.85420227050781], [49.92618942260742, 140.56578063964844, 536.7897338867188, 109.9471206665039, -90.1720199584961, 99.5800552368164, 144.4602813720703, 45.25601577758789, 45.318153381347656, 16.057331085205078, -18.764089584350586, 29.334911346435547, 41.13977813720703], [1745.5543212890625, -1494.3585205078125, 109.9471206665039, 677.4353637695312, 221.04269409179688, 177.86912536621094, 164.62557983398438, 32.143550872802734, 145.18724060058594, 32.6804084777832, -82.96941375732422, 38.2056884765625, 43.61526107788086], [566.0219116210938, -127.93456268310547, -90.1720199584961, 221.04269409179688, 375.7459411621094, 93.3097915649414, 0.944527804851532, 137.59178161621094, 136.02833557128906, 38.11347198486328, 8.800625801086426, 35.85244369506836, 62.70307922363281], [608.1241455078125, -406.2080383300781, 99.5800552368164, 177.86912536621094, 93.3097915649414, 205.0871124267578, 151.4852752685547, 18.92325210571289, 60.832984924316406, 22.276275634765625, -20.394559860229492, 19.309659957885742, 27.898998260498047], [794.4281005859375, -361.3680419921875, 144.4602813720703, 164.62557983398438, 0.944527804851532, 151.4852752685547, 334.3301696777344, 71.2453842163086, -5.681127071380615, 21.12674903869629, 4.957610607147217, 26.723342895507812, 46.90711212158203], [66.15238952636719, 339.71234130859375, 45.25601577758789, 32.143550872802734, 137.59178161621094, 18.92325210571289, 71.2453842163086, 206.75782775878906, 82.50873565673828, 10.490119934082031, 14.026581764221191, 30.050779342651367, 59.933372497558594], [428.0406494140625, -200.75039672851562, 45.318153381347656, 145.18724060058594, 136.02833557128906, 60.832984924316406, -5.681127071380615, 82.50873565673828, 203.69091796875, 43.835487365722656, -35.172664642333984, 10.632692337036133, 33.37136459350586], [228.27438354492188, -70.05738067626953, 16.057331085205078, 32.6804084777832, 38.11347198486328, 22.276275634765625, 21.12674903869629, 10.490119934082031, 43.835487365722656, 116.37471008300781, 50.016624450683594, 14.609394073486328, 3.243274450302124], [-229.04037475585938, 256.601318359375, -18.764089584350586, -82.96941375732422, 8.800625801086426, -20.394559860229492, 4.957610607147217, 14.026581764221191, -35.172664642333984, 50.016624450683594, 118.52668762207031, 37.799983978271484, -5.179624080657959], [120.22112274169922, 1.8547290563583374, 29.334911346435547, 38.2056884765625, 35.85244369506836, 19.309659957885742, 26.723342895507812, 30.050779342651367, 10.632692337036133, 14.609394073486328, 37.799983978271484, 83.21941375732422, 34.69972610473633], [234.97056579589844, 50.85420227050781, 41.13977813720703, 43.61526107788086, 62.70307922363281, 27.898998260498047, 46.90711212158203, 59.933372497558594, 33.37136459350586, 3.243274450302124, -5.179624080657959, 34.69972610473633, 95.6285629272461]], "lowlevel.mfcc.icov": [[0.00021194379951339215, 0.00017798811313696206, -4.5241327484291105e-07, 3.2186009775614366e-05, -0.0002160450239898637, 0.00015983152843546122, -0.0003380615671630949, 2.01823650058941e-06, -5.969423727947287e-05, -0.00026591256028041244, 0.00020976299128960818, -7.621985423611477e-05, -0.0003014506946783513], [0.00017798811313696206, 0.0007800088496878743, -0.0007188081508502364, 0.00155909254681319, -0.0009671362349763513, 0.0004934830940328538, -1.8060061847791076e-05, -0.000860006723087281, 0.00035459717037156224, -3.960246249334887e-05, 6.725217190250987e-06, -2.2235082724364474e-05, -0.00032993173226714134], [-4.5241327484291105e-07, -0.0007188081508502364, 0.0037668331060558558, -0.0024859022814780474, 0.0035382749047130346, -0.0023364757653325796, 0.00020161423890385777, -0.0007584279519505799, -0.0008958108955994248, -0.0004471749998629093, -0.00020903399854432791, -0.0002565376053098589, -0.0009557422599755228], [3.2186009775614366e-05, 0.00155909254681319, -0.0024859022814780474, 0.007229245733469725, -0.005008803680539131, 0.0019454382127150893, -0.0018848293693736196, 0.0005129332421347499, -0.00019154635083395988, -0.0001510741130914539, 0.002810700098052621, -0.0021128517109900713, 0.001174674485810101], [-0.0002160450239898637, -0.0009671362349763513, 0.0035382749047130346, -0.005008803680539131, 0.010688628070056438, -0.006320111453533173, 0.004681882448494434, -0.005307752173393965, -0.0008864427800290287, -0.00017075888172257692, -0.0035286645870655775, 0.0015617196913808584, -0.0027698457706719637], [0.00015983152843546122, 0.0004934830940328538, -0.0023364757653325796, 0.0019454382127150893, -0.006320111453533173, 0.01358113158494234, -0.007289181929081678, 0.005614797119051218, -0.0028294087387621403, 0.00028536442550830543, 0.00235403748229146, -0.0017918313387781382, 0.001456425990909338], [-0.0003380615671630949, -1.8060061847791076e-05, 0.00020161423890385777, -0.0018848293693736196, 0.004681882448494434, -0.007289181929081678, 0.0095713185146451, -0.0063604144379496574, 0.0039152903482317924, -0.0007917001494206488, -0.0023109226021915674, 0.001762468833476305, -0.0021428875625133514], [2.01823650058941e-06, -0.000860006723087281,