{"song_id": "1182255768322453584", "download": "https://cdn.discordapp.com/attachments/1135911532732108921/1182255768322453584/chirp.mp4?ex=6584087c&amp", "lyrics": "\u0442\u044c\u043c\u0430 \u0437\u0430\u0432\u043e\u043b\u043e\u043a\u043b\u0430 \u0431\u0435\u043b\u044b\u0439 \u0441\u0432\u0435\u0442\n\u0441\u043a\u043e\u0442\u0438\u043b\u0438\u0441\u044c \u0441\u043b\u0435\u0437\u044b \u0432 \u043b\u0443\u0436\u0443\n\u0438 \u0432 \u0441\u0435\u0440\u0446\u0435 \u0432\u0441\u0435 \u0442\u0430\u0435\u0442 \u043a\u0430\u043a \u0441\u043d\u0435\u0433\n\u0438 \u043f\u0440\u043e\u0441\u0438\u0442\u0441\u044f \u0438\u0441\u0442\u0438\u043d\u0430 \u043d\u0430\u0440\u0443\u0436\u0443\n\u043f\u043e\u0433\u043e\u0434\u0438 \u043d\u0435\u043c\u043d\u043e\u0433\u043e \u0431\u0443\u0434\u0435\u043c \u0441\u0447\u0430\u0441\u043b\u0438\u0432\u0430 \u0436\u0438\u0442\u044c\n\u043a\u0430\u0436\u0434\u044b\u0439 \u0434\u0435\u043d\u044c \u0432\u0441\u0435 \u0443\u0442\u0432\u0435\u0440\u0436\u0434\u0430\u044e\u0442\n\u043c\u043d\u043e\u0433\u0438\u043c \u043d\u0435 \u043d\u0443\u0436\u043d\u0430 \u0436\u0438\u0437\u043d\u044c\n\u0430 \u0441\u043a\u043e\u043b\u044c\u043a5\u043e \u0442\u0435\u0445 \u043a\u0442\u043e \u0446\u0435\u043d\u044b \u0435\u0435 \u043d\u0435\u043f\u043e\u043d\u0438\u043c\u0430\u044e\u0442\n\u0438 \u0441\u043e\u0431\u0440\u0430\u043b\u043e\u0441\u044c \u043d\u0435 \u043c\u0430\u043b\u043e \u043b\u044e\u0434\u0435\u0439\n\u043e\u0431\u0441\u0443\u0434\u0438\u0442\u044c \u043a\u0430\u043a\u0443\u044e\u0442\u043e \u0447\u0443\u0448\n\u044f \u043d\u0435 \u0447\u0435\u043b\u043e\u0432\u0435\u043a \u043b\u0438\u0448 \u0442\u0443\u043f\u043e\u0439 \u0437\u0432\u0435\u0440\u044c\n\u0438 \u043f\u0440\u0438\u0437\u043d\u0430\u0442\u044c \u044d\u0442\u043e \u043d\u0435 \u0431\u043e\u044e\u0441\u044c\n\u0443\u043b\u044b\u0431\u0430\u0439\u0441\u044f \u0441\u043a\u0432\u043e\u0437\u044c \u0441\u043b\u0435\u0437\u044b\n\u0442\u0430\u043a \u0443\u0447\u0438\u043b \u043d\u0430\u0448 \u043c\u0438\u0440\n\u0436\u0438\u0442\u044c \u0445\u043e\u0440\u043e\u0448\u043e \u043f\u043e\u0437\u0434\u043d\u043e\n\u043b\u044e\u0431\u043e\u0432\u044c \u043a\u0430\u043a \u043a\u0438\u0441\u043b\u044b\u0439 \u043a\u0435\u0444\u0438\u0440\n\u043a\u0442\u043e \u0442\u043e \u0437\u0430\u0434\u044b\u0445\u0430\u0435\u0442\u0441\u044f \u043a\u0442\u043e \u0442\u043e \u0443\u043c\u0438\u0440\u0430\u0435\u0442\n\u0441\u043d\u043e\u0432\u0430 \u043d\u0430\u0447\u0438\u043d\u0430\u0435\u0442\u0441\u044f \u043d\u0438\u043a\u0442\u043e \u043d\u0435 \u0437\u0430\u043c\u0435\u0447\u0430\u0435\u0442", "style": ["Female Vocal</span><span>, punk</span><span>, punk"], "essentia_features": {"lowlevel.average_loudness": 0.8916390538215637, "lowlevel.barkbands_crest.mean": 13.841031074523926, "lowlevel.barkbands_crest.stdev": 6.209486484527588, "lowlevel.barkbands_flatness_db.mean": 0.1828363984823227, "lowlevel.barkbands_flatness_db.stdev": 0.08327934145927429, "lowlevel.barkbands_kurtosis.mean": 5.419257164001465, "lowlevel.barkbands_kurtosis.stdev": 9.657597541809082, "lowlevel.barkbands_skewness.mean": 1.543367862701416, "lowlevel.barkbands_skewness.stdev": 1.9120749235153198, "lowlevel.barkbands_spread.mean": 26.019620895385742, "lowlevel.barkbands_spread.stdev": 19.439992904663086, "lowlevel.dissonance.mean": 0.4838297963142395, "lowlevel.dissonance.stdev": 0.017244478687644005, "lowlevel.dynamic_complexity": 4.934385776519775, "lowlevel.erbbands_crest.mean": 8.696366310119629, "lowlevel.erbbands_crest.stdev": 4.362616062164307, "lowlevel.erbbands_flatness_db.mean": 0.19661416113376617, "lowlevel.erbbands_flatness_db.stdev": 0.13791720569133759, "lowlevel.erbbands_kurtosis.mean": 0.3153066337108612, "lowlevel.erbbands_kurtosis.stdev": 1.9039087295532227, "lowlevel.erbbands_skewness.mean": -0.2554844319820404, "lowlevel.erbbands_skewness.stdev": 0.7570956349372864, "lowlevel.erbbands_spread.mean": 47.14877700805664, "lowlevel.erbbands_spread.stdev": 32.21001434326172, "lowlevel.hfc.mean": 40.36100769042969, "lowlevel.hfc.stdev": 37.5818977355957, "lowlevel.loudness_ebu128.integrated": -12.607101440429688, "lowlevel.loudness_ebu128.loudness_range": 15.1309814453125, "lowlevel.loudness_ebu128.momentary.mean": -16.428146362304688, "lowlevel.loudness_ebu128.momentary.stdev": 6.345884323120117, "lowlevel.loudness_ebu128.short_term.mean": -15.979046821594238, "lowlevel.loudness_ebu128.short_term.stdev": 5.874207019805908, "lowlevel.melbands_crest.mean": 16.567718505859375, "lowlevel.melbands_crest.stdev": 6.302796840667725, "lowlevel.melbands_flatness_db.mean": 0.22126232087612152, "lowlevel.melbands_flatness_db.stdev": 0.07822554558515549, "lowlevel.melbands_kurtosis.mean": 34.505794525146484, "lowlevel.melbands_kurtosis.stdev": 50.09226989746094, "lowlevel.melbands_skewness.mean": 4.010598659515381, "lowlevel.melbands_skewness.stdev": 3.6910288333892822, "lowlevel.melbands_spread.mean": 27.4700984954834, "lowlevel.melbands_spread.stdev": 33.9763069152832, "lowlevel.pitch_salience.mean": 0.4603431820869446, "lowlevel.pitch_salience.stdev": 0.21555180847644806, "lowlevel.silence_rate_20dB.mean": 1.0, "lowlevel.silence_rate_20dB.stdev": 0.0, "lowlevel.silence_rate_30dB.mean": 0.7682502865791321, "lowlevel.silence_rate_30dB.stdev": 0.4219515919685364, "lowlevel.silence_rate_60dB.mean": 0.2728852927684784, "lowlevel.silence_rate_60dB.stdev": 0.44544005393981934, "lowlevel.spectral_centroid.mean": 2188.0498046875, "lowlevel.spectral_centroid.stdev": 777.07958984375, "lowlevel.spectral_complexity.mean": 16.990150451660156, "lowlevel.spectral_complexity.stdev": 12.203250885009766, "lowlevel.spectral_decrease.mean": -1.4070220544226686e-08, "lowlevel.spectral_decrease.stdev": 1.5311577783450048e-08, "lowlevel.spectral_energy.mean": 0.05676518380641937, "lowlevel.spectral_energy.stdev": 0.05952772870659828, "lowlevel.spectral_energyband_high.mean": 0.003205133369192481, "lowlevel.spectral_energyband_high.stdev": 0.003774853190407157, "lowlevel.spectral_energyband_low.mean": 0.0438506156206131, "lowlevel.spectral_energyband_low.stdev": 0.05467219650745392, "lowlevel.spectral_energyband_middle_high.mean": 0.004825574345886707, "lowlevel.spectral_energyband_middle_high.stdev": 0.005244084168225527, "lowlevel.spectral_energyband_middle_low.mean": 0.004975674208253622, "lowlevel.spectral_energyband_middle_low.stdev": 0.01284349150955677, "lowlevel.spectral_entropy.mean": 7.937148571014404, "lowlevel.spectral_entropy.stdev": 0.44342613220214844, "lowlevel.spectral_flux.mean": 0.10567677021026611, "lowlevel.spectral_flux.stdev": 0.08735604584217072, "lowlevel.spectral_kurtosis.mean": 4.385202884674072, "lowlevel.spectral_kurtosis.stdev": 6.762332916259766, "lowlevel.spectral_rms.mean": 0.006043476518243551, "lowlevel.spectral_rms.stdev": 0.004342471249401569, "lowlevel.spectral_rolloff.mean": 2547.228515625, "lowlevel.spectral_rolloff.stdev": 2907.404052734375, "lowlevel.spectral_skewness.mean": 1.198486089706421, "lowlevel.spectral_skewness.stdev": 0.5226830840110779, "lowlevel.spectral_spread.mean": 5823398.0, "lowlevel.spectral_spread.stdev": 3029782.0, "lowlevel.spectral_strongpeak.mean": 0.9967119693756104, "lowlevel.spectral_strongpeak.stdev": 1.3175252676010132, "lowlevel.zerocrossingrate.mean": 0.1034836545586586, "lowlevel.zerocrossingrate.stdev": 0.06943883001804352, "metadata.audio_properties.analysis.equal_loudness": 0.0, "metadata.audio_properties.analysis.length": 40.04265213012695, "metadata.audio_properties.analysis.sample_rate": 44100.0, "metadata.audio_properties.analysis.start_time": 0.0, "metadata.audio_properties.bit_rate": 118074.0, "metadata.audio_properties.length": 40.042667388916016, "metadata.audio_properties.lossless": 0.0, "metadata.audio_properties.number_channels": 1.0, "metadata.audio_properties.replay_gain": -11.207086563110352, "metadata.audio_properties.sample_rate": 48000.0, "rhythm.beats_count": 58.0, "rhythm.beats_loudness.mean": 0.08086305111646652, "rhythm.beats_loudness.stdev": 0.05018340051174164, "rhythm.bpm": 88.07135772705078, "rhythm.bpm_histogram_first_peak_bpm": 88.0, "rhythm.bpm_histogram_first_peak_weight": 0.0350877046585083, "rhythm.bpm_histogram_second_peak_bpm": 0.0, "rhythm.bpm_histogram_second_peak_spread": 0.0, "rhythm.bpm_histogram_second_peak_weight": 0.0, "rhythm.danceability": 1.216444969177246, "rhythm.onset_rate": 3.5701427459716797, "tonal.chords_changes_rate": 0.0833333358168602, "tonal.chords_number_rate": 0.016203703358769417, "tonal.chords_strength.mean": 0.47189807891845703, "tonal.chords_strength.stdev": 0.08420293033123016, "tonal.hpcp_crest.mean": 14.699897766113281, "tonal.hpcp_crest.stdev": 8.156877517700195, "tonal.hpcp_entropy.mean": 2.0131211280822754, "tonal.hpcp_entropy.stdev": 0.9506443738937378, "tonal.key_edma.strength": 0.331720232963562, "tonal.key_krumhansl.strength": 0.31999093294143677, "tonal.key_temperley.strength": 0.35735419392585754, "tonal.tuning_diatonic_strength": 0.49819183349609375, "tonal.tuning_equal_tempered_deviation": 0.22380146384239197, "tonal.tuning_frequency": 434.193115234375, "tonal.tuning_nontempered_energy_ratio": 0.9202005863189697, "lowlevel.barkbands.mean": [0.0011374599998816848, 0.03737201914191246, 0.0052880579605698586, 0.0006305121351033449, 0.0026268165092915297, 0.0004977423814125359, 0.00036698623443953693, 0.0005363209638744593, 0.0002624463231768459, 0.0005288822576403618, 0.00025530418497510254, 0.0005297385505400598, 0.0003349327598698437, 0.000531246536411345, 0.0005175720434635878, 0.0004313169338274747, 0.0007090380531735718, 0.0004551858000922948, 0.0003744190325960517, 0.0003704559348989278, 0.0003168231633026153, 0.00041582583799026906, 0.0005003853584639728, 0.0008461363613605499, 0.0006665032706223428, 0.0002406470593996346, 2.238909110019449e-05], "lowlevel.barkbands.stdev": [0.0019674624782055616, 0.04796416684985161, 0.008483320474624634, 0.0020516954828053713, 0.009780464693903923, 0.0011899209348484874, 0.0013258213875815272, 0.001564737525768578, 0.0007777130231261253, 0.001658019726164639, 0.000934950599912554, 0.0011675795540213585, 0.0009067902574315667, 0.0017855319892987609, 0.0012109881499782205, 0.000899667851626873, 0.0014861072413623333, 0.0009069605148397386, 0.0006394380470737815, 0.0004772083193529397, 0.0003882761811837554, 0.0005872679175809026, 0.0006926933419890702, 0.0012727422872558236, 0.001156066544353962, 0.00028658617520704865, 2.7343619876774028e-05], "lowlevel.erbbands.mean": [0.7619137167930603, 9.089051246643066, 11.233123779296875, 2.406872034072876, 7.93887186050415, 6.98834228515625, 5.794328212738037, 3.486279249191284, 2.9971351623535156, 9.068103790283203, 12.56269359588623, 5.7774529457092285, 9.520825386047363, 19.38650131225586, 14.243308067321777, 18.695842742919922, 14.109766960144043, 26.000303268432617, 30.0699462890625, 22.442947387695312, 28.554832458496094, 40.21697235107422, 26.780548095703125, 19.34842300415039, 18.541336059570312, 17.17400550842285, 16.146167755126953, 10.388134002685547, 14.896183013916016, 15.528010368347168, 13.878083229064941, 15.766535758972168, 14.934770584106445, 10.075916290283203, 3.095761299133301, 1.1596378087997437, 0.4043201804161072, 0.09010834991931915, 0.002293763216584921, 0.0001340038434136659], "lowlevel.erbbands.stdev": [1.0250983238220215, 12.077510833740234, 15.462035179138184, 4.397796630859375, 32.02139663696289, 27.098590850830078, 14.075113296508789, 9.989612579345703, 10.473295211791992, 32.182777404785156, 38.33070755004883, 15.383784294128418, 28.63623809814453, 60.75072479248047, 37.18808364868164, 35.97370529174805, 29.36503791809082, 76.46891021728516, 76.67594146728516, 42.14372634887695, 58.54927444458008, 80.19866180419922, 51.98157501220703, 28.214719772338867, 30.577680587768555, 21.76642608642578, 19.407848358154297, 13.729619979858398, 21.18302345275879, 22.27800178527832, 19.3291015625, 22.477272033691406, 24.895305633544922, 18.886640548706055, 4.810583114624023, 1.6051222085952759, 0.4633827805519104, 0.09418953955173492, 0.0024566298816353083, 0.00011665398778859526], "lowlevel.gfcc.mean": [-52.9625244140625, 21.539039611816406, -150.25088500976562, 28.699398040771484, -38.063987731933594, 22.15070915222168, -21.623130798339844, 12.404932022094727, -18.659666061401367, 4.550961494445801, -11.80569839477539, 8.07458782196045, -9.178825378417969], "lowlevel.melbands.mean": [0.008891310542821884, 0.008157646283507347, 0.0006089814705774188, 0.0005844775005243719, 0.00021347882284317166, 7.865945372032002e-05, 5.311852146405727e-05, 0.00010026800009654835, 9.532373951515183e-05, 3.37480814778246e-05, 4.98266817885451e-05, 8.224060002248734e-05, 3.992650817963295e-05, 6.510322418762371e-05, 2.8830434530391358e-05, 4.1777057049330324e-05, 4.689528213930316e-05, 4.888551848125644e-05, 3.5693687095772475e-05, 2.687480991880875e-05, 3.5373381251702085e-05, 4.3110103433718905e-05, 3.375695087015629e-05, 1.7587377442396246e-05, 1.5277653801604174e-05, 1.438724484614795e-05, 1.2393073120620102e-05, 1.1024329978681635e-05, 1.1252552212681621e-05, 7.13268173058168e-06, 5.535726813832298e-06, 8.303623872052412e-06, 8.474215974274557e-06, 8.811660336505156e-06, 7.50381968828151e-06, 8.747437277634162e-06, 9.933730325428769e-06, 1.0505595128051937e-05, 1.053248251992045e-05, 7.8405410022242e-06], "lowlevel.melbands.stdev": [0.01140082348138094, 0.010611474514007568, 0.001532638561911881, 0.0023247136268764734, 0.0005701165646314621, 0.00021252107399050146, 0.00018045066099148244, 0.00032424594974145293, 0.00030427094316110015, 9.857173427008092e-05, 0.00015459518181160092, 0.00026176308165304363, 0.00012430603965185583, 0.00016443256754428148, 5.276827869238332e-05, 0.00012002539006061852, 0.00014460078091360629, 0.0001471910800319165, 8.663332846481353e-05, 5.665934077114798e-05, 8.13913720776327e-05, 8.840679220156744e-05, 7.680987619096413e-05, 2.91220912913559e-05, 2.4204704459407367e-05, 2.8452230253606103e-05, 1.9252736819908023e-05, 1.4163899322738871e-05, 1.4141211977403145e-05, 9.62823469308205e-06, 7.921789801912382e-06, 1.2097017133783083e-05, 1.2422824511304498e-05, 1.303304816246964e-05, 1.0720969839894678e-05, 1.2663513189181685e-05, 1.4705618923471775e-05, 1.7410253349225968e-05, 1.9666185835376382e-05, 1.5136070032895077e-05], "lowlevel.melbands128.mean": [0.001014131004922092, 0.004515375010669231, 0.012416082434356213, 0.01686074398458004, 0.008730145171284676, 0.0017344460356980562, 0.0002444042474962771, 0.0003955329011660069, 0.0009739661472849548, 0.0006678973441012204, 0.0003086442011408508, 0.000252958619967103, 0.00021583997295238078, 0.00012401846470311284, 8.491839253110811e-05, 4.875963713857345e-05, 3.357221430633217e-05, 4.0964157960843295e-05, 8.534895459888503e-05, 0.00012835997040383518, 7.488225674023852e-05, 0.00011687503865687177, 0.0001232720969710499, 4.310554504627362e-05, 2.5543555238982663e-05, 3.0511666409438476e-05, 4.426711529958993e-05, 3.2321608159691095e-05, 6.833398947492242e-05, 0.00011731769336620346, 7.761195593047887e-05, 3.6665864172391593e-05, 3.4987355320481583e-05, 3.1731258786749095e-05, 8.55545440572314e-05, 7.331226515816525e-05, 3.6419696698430926e-05, 3.1529976695310324e-05, 1.9169527149642818e-05, 2.1764732082374394e-05, 4.291088043828495e-05, 8.005528070498258e-05, 4.244956289767288e-05, 2.826495619956404e-05, 5.6299450079677626e-05, 4.766511847265065e-05, 5.19835994055029e-05, 3.79295161110349e-05, 2.7422172934166156e-05, 2.7926687835133635e-05, 2.717556526476983e-05, 2.3754158974043094e-05, 3.26596709783189e-05, 4.1151331970468163e-05, 4.192048072582111e-05, 4.519922731560655e-05, 4.352168252808042e-05, 3.422276859055273e-05, 3.698660293594003e-05, 1.8883552911574952e-05, 1.590367355674971e-05, 1.6183001207537018e-05, 1.4933993952581659e-05, 1.534684452053625e-05, 1.509219055151334e-05, 1.5509356671827845e-05, 1.2878865163656883e-05, 1.2419135600794107e-05, 1.2619612789421808e-05, 1.2102830623916816e-05, 1.0265565833833534e-05, 1.07969035525457e-05, 1.2024326679238584e-05, 1.2770302419085056e-05, 8.271736078313552e-06, 7.753154932288453e-06, 6.610030141018797e-06, 4.7008720684971195e-06, 5.390898877521977e-06, 5.820188562211115e-06, 8.10204801382497e-06, 9.888001841318328e-06, 8.194585461751558e-06, 8.489157153235283e-06, 8.13964561530156e-06, 9.139614121522754e-06, 9.22078197618248e-06, 7.927991646283772e-06, 6.546543772856239e-06, 7.982846909726504e-06, 8.471218279737514e-06, 8.397852980124298e-06, 1.0304782335879281e-05, 9.539969141769689e-06, 1.0043461770692375e-05, 1.1127747711725533e-05, 1.036713547364343e-05, 9.711053280625492e-06, 1.1384368008293677e-05, 1.0609694982122164e-05, 9.149319339485373e-06, 7.899385309428908e-06, 5.586813131230883e-06, 4.320258994994219e-06, 2.6843295017897617e-06, 2.3733989564789226e-06, 2.80410927189223e-06, 2.6470006559975445e-06, 1.7820990478867316e-06, 1.5510394177908893e-06, 1.3620746130982297e-06, 1.3407087635641801e-06, 1.2497154102675267e-06, 1.3107116956234677e-06, 9.690887736724108e-07, 1.003224838314054e-06, 7.981040539561945e-07, 2.1595687371700478e-07, 2.274390675793825e-09, 1.2370931536109797e-11, 1.107478345141466e-11, 1.0661220170571362e-11, 1.0289242548255917e-11, 9.93121904158123e-12, 9.311285249780088e-12, 8.49570153810264e-12, 8.063452683337857e-12, 7.961221959451592e-12], "lowlevel.melbands128.stdev": [0.0018140263855457306, 0.007578922901302576, 0.017411164939403534, 0.02244563028216362, 0.011787290684878826, 0.002815841231495142, 0.0005625971825793386, 0.0014321986818686128, 0.0040454440750181675, 0.002910362556576729, 0.0013188907178118825, 0.0007994691841304302, 0.0005332627333700657, 0.0003361501730978489, 0.000318604928907007, 0.00015447594341821969, 0.00015062860620673746, 0.00023460402735508978, 0.00035942374961450696, 0.00056811748072505, 0.0003260202647652477, 0.00038526460411958396, 0.0004914652090519667, 0.00017825215763878077, 0.00011370207357686013, 0.00011889309098478407, 0.00020697196305263788, 0.0001797324075596407, 0.0002892081392928958, 0.00043239796650595963, 0.00034590173163451254, 0.0001735449768602848, 0.00018609770631883293, 0.00013856244913768023, 0.00026653657550923526, 0.0002298907784279436, 7.954934699228033e-05, 8.964227163232863e-05, 6.631183350691572e-05, 6.313210178632289e-05, 0.00016858380695339292, 0.0003355901862960309, 0.00017975183436647058, 0.00011500139953568578, 0.0003599532356020063, 0.00015956703282427043, 0.00017414355534128845, 0.00014724096399731934, 8.099174738163128e-05, 7.377829751931131e-05, 8.242950571002439e-05, 7.847933011362329e-05, 0.0001167229056591168, 0.00013406024663709104, 0.00012963288463652134, 0.00011843273387057707, 0.00015886130859144032, 9.303520346293226e-05, 0.00012322051043156534, 4.970521331415512e-05, 3.828314220299944e-05, 2.891731128329411e-05, 2.4971763195935637e-05, 3.763969289138913e-05, 3.4455344575690106e-05, 4.131356399739161e-05, 2.7873931685462594e-05, 2.4300648874486797e-05, 2.2630480088992044e-05, 1.9789453290286474e-05, 1.6543835954507813e-05, 1.6523539670743048e-05, 1.7870335796033032e-05, 1.8669412384042516e-05, 1.2371949196676724e-05, 1.1734361578419339e-05, 1.0835873581527267e-05, 7.920840289443731e-06, 8.501630873070098e-06, 9.82009805738926e-06, 1.2644424714380875e-05, 1.623216667212546e-05, 1.3275628589326516e-05, 1.3611729627882596e-05, 1.3476376807375345e-05, 1.4475122952717356e-05, 1.5077235730132088e-05, 1.2406213500071317e-05, 1.035841523844283e-05, 1.2857216461270582e-05, 1.3682530152436811e-05, 1.3034614312346093e-05, 1.6332885934389196e-05, 1.5655128663638607e-05, 1.6803671314846724e-05, 1.7842072338680737e-05, 1.9535404135240242e-05, 2.2084845113568008e-05, 2.1173582354094833e-05, 2.0828914784942754e-05, 1.9849836462526582e-05, 1.5366304069175385e-05, 1.1431297025410458e-05, 9.09057507669786e-06, 4.156996510573663e-06, 3.7603672353725415e-06, 4.1526877794240136e-06, 4.175971753284102e-06, 2.9850129976694006e-06, 2.462351631038473e-06, 2.241760284960037e-06, 1.8292707864020485e-06, 1.6277770100714406e-06, 1.594691411810345e-06, 1.181132574856747e-06, 1.1622034890024224e-06, 9.446761737308407e-07, 3.7727710378021584e-07, 2.261903198075288e-08, 4.7397984842545426e-11, 4.3179338576893045e-11, 4.100928971406681e-11, 3.877176357747203e-11, 3.501460579813376e-11, 2.617232472412745e-11, 1.587239888134473e-11, 1.3623033257026407e-11, 1.3504241128114991e-11], "lowlevel.mfcc.mean": [-683.3306884765625, 55.604652404785156, -35.12916564941406, 9.66401195526123, 9.670823097229004, 10.42361068725586, 13.157513618469238, 10.909647941589355, 7.128410816192627, 1.1289011240005493, 3.7372801303863525, 5.439899921417236, 4.833098411560059], "lowlevel.spectral_contrast_coeffs.mean": [-0.6992446780204773, -0.7879872918128967, -0.7789674997329712, -0.7982372641563416, -0.786827802658081, -0.7356934547424316], "lowlevel.spectral_contrast_coeffs.stdev": [0.09336840361356735, 0.08824751526117325, 0.06801050901412964, 0.057734910398721695, 0.040313970297575, 0.08142359554767609], "lowlevel.spectral_contrast_valleys.mean": [-8.616589546203613, -8.154396057128906, -7.738673686981201, -7.58763313293457, -7.393063068389893, -10.536380767822266], "lowlevel.spectral_contrast_valleys.stdev": [2.778407335281372, 1.5176459550857544, 1.0064637660980225, 0.9391916394233704, 1.2239375114440918, 3.0393972396850586], "rhythm.beats_loudness_band_ratio.mean": [0.6032683253288269, 0.038200076669454575, 0.018066350370645523, 0.1657794713973999, 0.11550381779670715, 0.0859731063246727], "rhythm.beats_loudness_band_ratio.stdev": [0.35977673530578613, 0.06602657586336136, 0.02137901820242405, 0.24482405185699463, 0.1555236577987671, 0.039319947361946106], "tonal.hpcp.mean": [0.07180742174386978, 0.066212959587574, 0.05426866188645363, 0.0631028264760971, 0.06532525271177292, 0.05374312773346901, 0.07561177015304565, 0.09793475270271301, 0.08157724142074585, 0.0734923928976059, 0.07546553015708923, 0.06879914551973343, 0.129428893327713, 0.22525833547115326, 0.1854059249162674, 0.1667420119047165, 0.25046423077583313, 0.25931400060653687, 0.2617679834365845, 0.22184079885482788, 0.14409087598323822, 0.13324066996574402, 0.1226915493607521, 0.09875763207674026, 0.09687171131372452, 0.10418186336755753, 0.13535630702972412, 0.22382478415966034, 0.22512933611869812, 0.1317404955625534, 0.10719700902700424, 0.11591677367687225, 0.09787200391292572, 0.08725490421056747, 0.0856795608997345, 0.07465429604053497], "tonal.hpcp.stdev": [0.14190219342708588, 0.14884893596172333, 0.13560019433498383, 0.1462152898311615, 0.14142926037311554, 0.14434418082237244, 0.17127107083797455, 0.2135571390390396, 0.16973750293254852, 0.1614205539226532, 0.16712532937526703, 0.15752515196800232, 0.21316391229629517, 0.35223326086997986, 0.2775886654853821, 0.2633867561817169, 0.34634262323379517, 0.3245246708393097, 0.3381032645702362, 0.32432249188423157, 0.23063647747039795, 0.23324359953403473, 0.2256486415863037, 0.1927841603755951, 0.19919802248477936, 0.20626874268054962, 0.236847922205925, 0.32216471433639526, 0.31159716844558716, 0.20519284904003143, 0.1996585577726364, 0.21775859594345093, 0.18706370890140533, 0.1730002611875534, 0.17052443325519562, 0.1449882537126541], "rhythm.beats_position": [0.6617686748504639, 1.3351473808288574, 2.0201361179351807, 2.693514585494995, 3.3668932914733887, 4.051881790161133, 4.736870765686035, 5.421859264373779, 6.106847763061523, 6.791836738586426, 7.47682523727417, 8.150203704833984, 8.823582649230957, 9.49696159362793, 10.181949615478516, 10.866938591003418, 11.55192756652832, 12.236915588378906, 12.910294532775879, 13.595283508300781, 14.280271530151367, 14.96526050567627, 15.650249481201172, 16.323627471923828, 16.997007369995117, 17.681995391845703, 18.36698341369629, 19.040363311767578, 19.736961364746094, 20.41033935546875, 21.08371925354004, 21.780317306518555, 22.45369529724121, 23.13868522644043, 23.823673248291016, 24.497051239013672, 25.18204116821289, 25.867029190063477, 26.552017211914062, 27.23700714111328, 27.910385131835938, 28.583763122558594, 29.268753051757812, 29.9537410736084, 30.638729095458984, 31.323719024658203, 31.99709701538086, 32.68208694458008, 33.36707305908203, 34.04045104980469, 34.725440979003906, 35.410430908203125, 36.08380889892578, 36.768798828125, 37.45378494262695, 38.12716293334961, 38.81215286254883, 39.49714279174805], "rhythm.bpm_histogram": [0.0, 0.0, 0.0, 0.0, 0.0, 0.0, 0.0, 0.0, 0.0, 0.0, 0.0, 0.0, 0.0, 0.0, 0.0, 0.0, 0.0, 0.0, 0.0, 0.0, 0.0, 0.0, 0.0, 0.0, 0.0, 0.0, 0.0, 0.0, 0.0, 0.0, 0.0, 0.0, 0.0, 0.0, 0.0, 0.0, 0.0, 0.0, 0.0, 0.0, 0.0, 0.0, 0.0, 0.0, 0.0, 0.0, 0.0, 0.0, 0.0, 0.0, 0.0, 0.0, 0.0, 0.0, 0.0, 0.0, 0.0, 0.0, 0.0, 0.0, 0.0, 0.0, 0.0, 0.0, 0.0, 0.0, 0.0, 0.0, 0.0, 0.0, 0.0, 0.0, 0.0, 0.0, 0.0, 0.0, 0.0, 0.0, 0.0, 0.0, 0.0, 0.0, 0.0, 0.0, 0.0, 0.0, 0.035087719559669495, 0.0, 0.6140350699424744, 0.35087719559669495, 0.0, 0.0, 0.0, 0.0, 0.0, 0.0, 0.0, 0.0, 0.0, 0.0, 0.0, 0.0, 0.0, 0.0, 0.0, 0.0, 0.0, 0.0, 0.0, 0.0, 0.0, 0.0, 0.0, 0.0, 0.0, 0.0, 0.0, 0.0, 0.0, 0.0, 0.0, 0.0, 0.0, 0.0, 0.0, 0.0, 0.0, 0.0, 0.0, 0.0, 0.0, 0.0, 0.0, 0.0, 0.0, 0.0, 0.0, 0.0, 0.0, 0.0, 0.0, 0.0, 0.0, 0.0, 0.0, 0.0, 0.0, 0.0, 0.0, 0.0, 0.0, 0.0, 0.0, 0.0, 0.0, 0.0, 0.0, 0.0, 0.0, 0.0, 0.0, 0.0, 0.0, 0.0, 0.0, 0.0, 0.0, 0.0, 0.0, 0.0, 0.0, 0.0, 0.0, 0.0, 0.0, 0.0, 0.0, 0.0, 0.0, 0.0, 0.0, 0.0, 0.0, 0.0, 0.0, 0.0, 0.0, 0.0, 0.0, 0.0, 0.0, 0.0, 0.0, 0.0, 0.0, 0.0, 0.0, 0.0, 0.0, 0.0, 0.0, 0.0, 0.0, 0.0, 0.0, 0.0, 0.0, 0.0, 0.0, 0.0, 0.0, 0.0, 0.0, 0.0, 0.0, 0.0, 0.0, 0.0, 0.0, 0.0, 0.0, 0.0, 0.0, 0.0, 0.0, 0.0, 0.0, 0.0, 0.0, 0.0, 0.0, 0.0, 0.0, 0.0, 0.0, 0.0, 0.0, 0.0, 0.0, 0.0, 0.0, 0.0, 0.0, 0.0, 0.0, 0.0, 0.0, 0.0, 0.0, 0.0], "tonal.chords_histogram": [18.05555534362793, 1.2731481790542603, 2.777777671813965, 0.0, 0.8101851940155029, 16.782407760620117, 4.861111164093018, 10.532407760620117, 0.0, 3.2407407760620117, 0.0, 0.0, 1.7361111640930176, 0.0, 1.1574074029922485, 1.0416666269302368, 6.018518447875977, 0.0, 0.0, 0.0, 0.0, 1.8518518209457397, 20.370370864868164, 9.490740776062012], "tonal.thpcp": [1.0, 0.8474711179733276, 0.5504526495933533, 0.5090029239654541, 0.46870341897010803, 0.3772716224193573, 0.3700670599937439, 0.39799314737319946, 0.5170850157737732, 0.855050265789032, 0.8600338697433472, 0.5032719969749451, 0.409511536359787, 0.44282257556915283, 0.37388837337493896, 0.3333291709423065, 0.32731106877326965, 0.285192608833313, 0.27431705594062805, 0.252945214509964, 0.20731589198112488, 0.2410639524459839, 0.24955402314662933, 0.20530825853347778, 0.288850337266922, 0.3741280734539032, 0.3116394877433777, 0.2807539403438568, 0.28829166293144226, 0.2628248929977417, 0.49444127082824707, 0.8605266809463501, 0.7082834243774414, 0.6369839906692505, 0.9568176865577698, 0.9906253218650818], "lowlevel.gfcc.cov": [[35966.60546875, -2800.26171875, 16594.208984375, 5274.78564453125, -774.9996337890625, 5087.333984375, -3158.738037109375, 3200.8203125, -775.1426391601562, 1551.347412109375, -473.9483337402344, 83.35394287109375, -688.4248657226562], [-2800.26171875, 1538.9351806640625, -1615.697265625, -243.42218017578125, 357.8739013671875, -539.4636840820312, 635.158935546875, -378.9661560058594, 133.35752868652344, -229.8679656982422, 5.332207679748535, -78.8156967163086, 37.44112014770508], [16594.208984375, -1615.697265625, 9902.3173828125, 2973.39990234375, -303.6263732910156, 3006.82861328125, -1901.8837890625, 1869.966064453125, -473.620361328125, 969.2695922851562, -214.90045166015625, 74.05708312988281, -439.40447998046875], [5274.78564453125, -243.42218017578125, 2973.39990234375, 1299.015380859375, 188.5432586669922, 1026.8629150390625, -355.4276428222656, 568.4385986328125, -99.74207305908203, 210.7900848388672, -96.12556457519531, 17.098600387573242, -143.43333435058594], [-774.9996337890625, 357.8739013671875, -303.6263732910156, 188.5432586669922, 533.2095947265625, 160.9835205078125, 404.9334411621094, 56.416038513183594, 109.27825164794922, -42.125431060791016, 9.876517295837402, 6.145354270935059, 23.943727493286133], [5087.333984375, -539.4636840820312, 3006.82861328125, 1026.8629150390625, 160.9835205078125, 1235.3382568359375, -324.96453857421875, 650.4011840820312, -111.6728744506836, 302.3603210449219, -72.28791046142578, -1.1384721994400024, -138.62513732910156], [-3158.738037109375, 635.158935546875, -1901.8837890625, -355.4276428222656, 404.9334411621094, -324.96453857421875, 799.5919799804688, -263.9888610839844, 159.8285675048828, -206.54249572753906, 30.815006256103516, -27.084007263183594, 61.13629150390625], [3200.8203125, -378.9661560058594, 1869.966064453125, 568.4385986328125, 56.416038513183594, 650.4011840820312, -263.9888610839844, 555.6856689453125, 2.23512601852417, 225.48696899414062, -31.145559310913086, 31.7921199798584, -59.84854507446289], [-775.1426391601562, 133.35752868652344, -473.620361328125, -99.74207305908203, 109.27825164794922, -111.6728744506836, 159.8285675048828, 2.23512601852417, 157.52374267578125, 7.971785068511963, 19.897953033447266, -1.7343394756317139, 18.872343063354492], [1551.347412109375, -229.8679656982422, 969.2695922851562, 210.7900848388672, -42.125431060791016, 302.3603210449219, -206.54249572753906, 225.48696899414062, 7.971785068511963, 208.70301818847656, 21.969608306884766, 8.906550407409668, -42.77192306518555], [-473.9483337402344, 5.332207679748535, -214.90045166015625, -96.12556457519531, 9.876517295837402, -72.28791046142578, 30.815006256103516, -31.145559310913086, 19.897953033447266, 21.969608306884766, 84.70983123779297, 42.062095642089844, 15.00294017791748], [83.35394287109375, -78.8156967163086, 74.05708312988281, 17.098600387573242, 6.145354270935059, -1.1384721994400024, -27.084007263183594, 31.7921199798584, -1.7343394756317139, 8.906550407409668, 42.062095642089844, 95.00560760498047, 36.020782470703125], [-688.4248657226562, 37.44112014770508, -439.40447998046875, -143.43333435058594, 23.943727493286133, -138.62513732910156, 61.13629150390625, -59.84854507446289, 18.872343063354492, -42.77192306518555, 15.00294017791748, 36.020782470703125, 91.4251480102539]], "lowlevel.gfcc.icov": [[0.0001501527294749394, -4.361942774266936e-05, -8.130193600663915e-05, -0.0002982477890327573, 0.0003924080519936979, -0.0001604852150194347, -2.341466097277589e-05, -0.00016479083569720387, -4.590566277329344e-06, -7.231564813992009e-05, 0.00011842575622722507, 8.101578714558855e-07, -0.0002011201431741938], [-4.361942774266936e-05, 0.002184155862778425, -0.0018318583024665713, 0.0003412799269426614, -0.0014664209447801113, 0.003326473291963339, -0.002786860801279545, 0.0017432000022381544, -0.0008628610521554947, 0.0008763307123444974, -0.001216614618897438, 0.0029593377839773893, -0.0014373435406014323], [-8.130193600663915e-05, -0.0018318583024665713, 0.004622676409780979, -0.0026070361491292715, 0.0017393059097230434, -0.004798261448740959, 0.004740722943097353, -0.003637696150690317, 0.0033637427259236574, -0.0037744659930467606, 0.0027935137040913105, -0.004453170113265514, 0.003818776458501816], [-0.0002982477890327573, 0.0003412799269426614, -0.0026070361491292715, 0.006043045315891504, -0.003222110914066434, 0.0005407435237430036, -0.0008058563689701259, 0.002207966288551688, -0.002647288143634796, 0.00424623629078269, -0.00015287315181922168, 7.582832040498033e-05, 0.0007415315485559404], [0.0003924080519936979, -0.0014664209447801113, 0.0017393059097230434, -0.003222110914066434, 0.007864315062761307, -0.004136364441365004, -0.0007746473420411348, -0.002030101837590337, -0.0009522944455966353, -0.0005357295158319175, -0.0004224184958729893, -0.0015952119138091803, -0.0016389358788728714], [-0.0001604852150194347, 0.003326473291963339, -0.004798261448740959, 0.0005407435237430036, -0.004136364441365004, 0.012150942347943783, -0.007072523236274719, 0.0012281052768230438, 0.001603130018338561, -0.0008967249887064099, -0.0016286796890199184, 0.006406417582184076, -0.0027501219883561134], [-2.341466097277589e-05, -0.002786860801279545, 0.004740722943097353, -0.0008058563689701259, -0.0007746473420411348, -0.007072523236274719, 0.01028994470834732, -0.002902163425460458, 0.0002612185780890286, 0.0002998054842464626, 0.0016744682798162103, -0.004552136175334454, 0.004788772668689489], [-0.00016479083569720387, 0.0017432000022381544, -0.003637696150690317, 0.002207966288551688, -0.002030101837590337, 0.0012281052768230438, -0.002902163425460458, 0.010559669695794582, -0.006365595851093531, 0.0008680361206643283, -0.00013921553909312934, 0.0009516212157905102, -0.003359063295647502], [-4.590566277329344e-06, -0.0008628610521554947, 0.0033637427259236574, -0.002647288143634796, -0.0009522944455966353, 0.001603130018338561, 0.0002612185780890286, -0.006365595851093531, 0.0167574193328619, -0.009571973234415054, 0.0036755523178726435, -0.002120459685102105, 0.002965787658467889], [-7.231564813992009e-05, 0.0008763307123444974, -0.0037744659930467606, 0.00424623629078269, -0.0005357295158319175, -0.0008967249887064099, 0.0002998054842464626, 0.0008680361206643283, -0.009571973234415054, 0.020972514525055885, -0.011850276030600071, 0.006705789361149073, -0.002143810736015439], [0.00011842575622722507, -0.001216614618897438, 0.0027935137040913105, -0.00015287315181922168, -0.0004224184958729893, -0.0016286796890199184, 0.0016744682798162103, -0.00013921553909312934, 0.0036755523178726435, -0.011850276030600071, 0.026290984824299812, -0.015683816745877266, 0.0065687126480042934], [8.101578714558855e-07, 0.0029593377839773893, -0.004453170113265514, 7.582832040498033e-05, -0.0015952119138091803, 0.006406417582184076, -0.004552136175334454, 0.0009516212157905102, -0.002120459685102105, 0.006705789361149073, -0.015683816745877266, 0.026147617027163506, -0.012844243086874485], [-0.0002011201431741938, -0.0014373435406014323, 0.003818776458501816, 0.0007415315485559404, -0.0016389358788728714, -0.0027501219883561134, 0.004788772668689489, -0.003359063295647502, 0.002965787658467889, -0.002143810736015439, 0.0065687126480042934, -0.012844243086874485, 0.022754725068807602]], "lowlevel.mfcc.cov": [[23860.4296875, -1020.8041381835938, 11027.482421875, 2516.6982421875, 3269.939208984375, 1407.9366455078125, 438.89764404296875, 634.4786376953125, 304.1749572753906, 1152.6083984375, 121.46204376220703, 337.294189453125, -4.34488582611084], [-1020.8041381835938, 1025.0308837890625, -1073.578125, 92.04425811767578, -364.6121520996094, -7.226121425628662, 37.82146453857422, -5.523985385894775, 60.28070068359375, -95.31409454345703, 33.685298919677734, -35.835845947265625, -0.8830358386039734], [11027.482421875, -1073.578125, 7672.04345703125, 1133.8631591796875, 2402.69091796875, 766.572998046875, 272.34259033203125, 343.4140930175781, 18.165647506713867, 775.5797729492188, 29.460063934326172, 315.3224182128906, 9.821919441223145], [2516.6982421875, 92.04425811767578, 1133.8631591796875, 586.7383422851562, 430.8204040527344, 272.36004638671875, 124.58447265625, 189.1955108642578, 107.9709701538086, 93.94184112548828, 23.43387222290039, 74.21141815185547, 33.135589599609375], [3269.939208984375, -364.6121520996094, 2402.69091796875, 430.8204040527344, 1026.0147705078125, 334.0918884277344, 195.8651580810547, 222.88568115234375, 104.09545135498047, 316.6683654785156, 21.76558494567871, 156.2523956298828, 39.224525451660156], [1407.9366455078125, -7.226121425628662, 766.572998046875, 272.36004638671875, 334.0918884277344, 413.44671630859375, 249.65652465820312, 187.36753845214844, 116.68204498291016, 140.40428161621094, 49.9066276550293, 39.920318603515625, 33.693336486816406], [438.89764404296875, 37.82146453857422, 272.34259033203125, 124.58447265625, 195.8651580810547, 249.65652465820312, 303.9866638183594, 204.65740966796875, 120.25283813476562, 111.75922393798828, 44.33602523803711, 36.94096755981445, 41.69823455810547], [634.4786376953125, -5.523985385894775, 343.4140930175781, 189.1955108642578, 222.88568115234375, 187.36753845214844, 204.65740966796875, 257.3336486816406, 150.91232299804688, 89.12950897216797, 38.796592712402344, 55.880435943603516, 47.22724151611328], [304.1749572753906, 60.28070068359375, 18.165647506713867, 107.9709701538086, 104.09545135498047, 116.68204498291016, 120.25283813476562, 150.91232299804688, 196.36041259765625, 101.91424560546875, 49.33986282348633, 33.84040451049805, 41.06937789916992], [1152.6083984375, -95.31409454345703, 775.5797729492188, 93.94184112548828, 316.6683654785156, 140.40428161621094, 111.75922393798828, 89.12950897216797, 101.91424560546875, 244.11270141601562, 62.388397216796875, 37.740596771240234, 18.05868911743164], [121.46204376220703, 33.685298919677734, 29.460063934326172, 23.43387222290039, 21.76558494567871, 49.9066276550293, 44.33602523803711, 38.796592712402344, 49.33986282348633, 62.388397216796875, 98.28244018554688, 52.721370697021484, 24.151506423950195], [337.294189453125, -35.835845947265625, 315.3224182128906, 74.21141815185547, 156.2523956298828, 39.920318603515625, 36.94096755981445, 55.880435943603516, 33.84040451049805, 37.740596771240234, 52.721370697021484, 135.90440368652344, 55.45845413208008], [-4.34488582611084, -0.8830358386039734, 9.821919441223145, 33.135589599609375, 39.224525451660156, 33.693336486816406, 41.69823455810547, 47.22724151611328, 41.06937789916992, 18.05868911743164, 24.151506423950195, 55.45845413208008, 88.48937225341797]], "lowlevel.mfcc.icov": [[0.00019463936041574925, 5.3506100812228397e-05, -0.000288542389171198, -0.0005094962543807924, 0.00027927066548727453, -4.637534857465653e-06, -3.619820972744492e-06, 0.0002100561250699684, -0.0002781049406621605, -0.00011279284080956131, -9.5445204351563e-05, 0.00018586197984404862, 6.213189044501632e-05], [5.3506100812228397e-05, 0.001553529524244368, 0.0001372692349832505, -0.0013187432195991278, 0.0006321163382381201, 0.00024181950720958412, -0.0008618756546638906, 0.000985592370852828, -0.00042039112304337323, -0.00027253583539277315, -0.0001985274866456166, -0.00021392245253082365, 0.0004435390583239496], [-0.000288542389171198, 0.0001372692349832505, 0.0011861620005220175, 0.0001218705510837026, -0.0015564205823466182, -0.0002860871609300375, 0.0004885728121735156, -0.0004412232665345073, 0.0017486086580902338, -0.0010405725333839655, 0.00037959148176014423, -0.0005397300701588392, 0.00024946616031229496], [-0.0005094962543807924, -0.0013187432195991278, 0.0001218705510837026, 0.006117682904005051, -0.0016720057465136051, -0.0019418153678998351, 0.002119672019034624, -0.0027309521101415157, -0.0006055894773453474, 0.002829807810485363, -0.00031260133255273104, 9.38194352784194e-05, -0.0006732371984981], [0.00027927066548727453, 0.0006321163382381201, -0.0015564205823466182, -0.0016720057465136051, 0.006863366812467575, -0.0006334673962555826, -0.0003761285333894193, -0.000852312718052417, -0.0005364539101719856, -0.0038483384996652603, 0.004285743925720453, -0.004176778718829155, 0.0011321972124278545], [-4.637534857465653e-06, 0.00024181950720958412, -0.0002860871609300375, -0.0019418153678998351, -0.0006334673962555826, 0.007477207574993372, -0.005592482164502144, 0.0016339643625542521, -0.0011098951799795032, 0.0010466129751875997, -0.0025574115570634604, 0.0023737673182040453, -0.0005300861084833741], [-3.619820972744492e-06, -0.0008618756546638906, 0.0004885728121735156, 0.002119672019034624, -0.0003761285333894193, -0.005592482164502144, 0.012530170381069183, -0.008349545300006866, 0.0028456789441406727, -0.0030237995088100433, 0.0011037520598620176, -0.0003900144074577838, -0.0007693729130551219], [0.0002100561250699684, 0.000985592370852828, -0.0004412232665345073, -0.0027309521101415157, -0.000852312718052417, 0.0016339643625542521, -0.008349545300006866, 0.016024651005864143, -0.008433565497398376, 0.003814184106886387, -0.0011490655597299337, 6.944657798158005e-05, -0.0003646780096460134], [-0.0002781049406621605, -0.00042039112304337323, 0.0017486086580902338, -0.0006055894773453474, -0.0005364539101719856, -0.0011098951799795032, 0.0028456789441406727, -0.008433565497398376, 0.015742698684334755, -0.00752796838