{"song_id": "1182278063648686171", "download": "https://cdn.discordapp.com/attachments/1128313332273782784/1182278063648686171/chirp.mp4?ex=65841d40&amp", "lyrics": "Caught in the red lights,\nI'd never want to kill your vibe.\nOhhh darling I,\nKeep to myself.\nDesperate with hope\nAll threw the night.", "style": ["punkrock"], "essentia_features": {"lowlevel.average_loudness": 0.9853582382202148, "lowlevel.barkbands_crest.mean": 12.94375228881836, "lowlevel.barkbands_crest.stdev": 3.638333320617676, "lowlevel.barkbands_flatness_db.mean": 0.1402857005596161, "lowlevel.barkbands_flatness_db.stdev": 0.029415329918265343, "lowlevel.barkbands_kurtosis.mean": 3.661672353744507, "lowlevel.barkbands_kurtosis.stdev": 4.27287483215332, "lowlevel.barkbands_skewness.mean": 2.022459030151367, "lowlevel.barkbands_skewness.stdev": 0.7379828691482544, "lowlevel.barkbands_spread.mean": 26.61023712158203, "lowlevel.barkbands_spread.stdev": 7.1977763175964355, "lowlevel.dissonance.mean": 0.4855113923549652, "lowlevel.dissonance.stdev": 0.012308822013437748, "lowlevel.dynamic_complexity": 0.6156517267227173, "lowlevel.erbbands_crest.mean": 7.289446830749512, "lowlevel.erbbands_crest.stdev": 3.3763561248779297, "lowlevel.erbbands_flatness_db.mean": 0.12207561731338501, "lowlevel.erbbands_flatness_db.stdev": 0.01844029128551483, "lowlevel.erbbands_kurtosis.mean": 0.22352054715156555, "lowlevel.erbbands_kurtosis.stdev": 0.8323346376419067, "lowlevel.erbbands_skewness.mean": -0.40060853958129883, "lowlevel.erbbands_skewness.stdev": 0.4047432541847229, "lowlevel.erbbands_spread.mean": 43.004310607910156, "lowlevel.erbbands_spread.stdev": 10.533856391906738, "lowlevel.hfc.mean": 40.72197341918945, "lowlevel.hfc.stdev": 9.0340576171875, "lowlevel.loudness_ebu128.integrated": -11.205864906311035, "lowlevel.loudness_ebu128.loudness_range": 0.4478931427001953, "lowlevel.loudness_ebu128.momentary.mean": -11.230168342590332, "lowlevel.loudness_ebu128.momentary.stdev": 0.4669892191886902, "lowlevel.loudness_ebu128.short_term.mean": -11.210124015808105, "lowlevel.loudness_ebu128.short_term.stdev": 0.15846291184425354, "lowlevel.melbands_crest.mean": 20.5810546875, "lowlevel.melbands_crest.stdev": 3.7853803634643555, "lowlevel.melbands_flatness_db.mean": 0.20745663344860077, "lowlevel.melbands_flatness_db.stdev": 0.0314173549413681, "lowlevel.melbands_kurtosis.mean": 19.66667938232422, "lowlevel.melbands_kurtosis.stdev": 15.387125968933105, "lowlevel.melbands_skewness.mean": 3.9752697944641113, "lowlevel.melbands_skewness.stdev": 1.30594003200531, "lowlevel.melbands_spread.mean": 18.489822387695312, "lowlevel.melbands_spread.stdev": 7.128135681152344, "lowlevel.pitch_salience.mean": 0.39157530665397644, "lowlevel.pitch_salience.stdev": 0.1009126827120781, "lowlevel.silence_rate_20dB.mean": 1.0, "lowlevel.silence_rate_20dB.stdev": 0.0, "lowlevel.silence_rate_30dB.mean": 0.8660640716552734, "lowlevel.silence_rate_30dB.stdev": 0.340583473443985, "lowlevel.silence_rate_60dB.mean": 0.0008216926944442093, "lowlevel.silence_rate_60dB.stdev": 0.028653061017394066, "lowlevel.spectral_centroid.mean": 1875.25634765625, "lowlevel.spectral_centroid.stdev": 279.0553894042969, "lowlevel.spectral_complexity.mean": 39.49794387817383, "lowlevel.spectral_complexity.stdev": 5.232495307922363, "lowlevel.spectral_decrease.mean": -2.0846623982606616e-08, "lowlevel.spectral_decrease.stdev": 7.342450647485066e-09, "lowlevel.spectral_energy.mean": 0.08237364143133163, "lowlevel.spectral_energy.stdev": 0.027816299349069595, "lowlevel.spectral_energyband_high.mean": 0.001958043547347188, "lowlevel.spectral_energyband_high.stdev": 0.0008133755181916058, "lowlevel.spectral_energyband_low.mean": 0.06126886606216431, "lowlevel.spectral_energyband_low.stdev": 0.02942979335784912, "lowlevel.spectral_energyband_middle_high.mean": 0.010166062042117119, "lowlevel.spectral_energyband_middle_high.stdev": 0.003914390224963427, "lowlevel.spectral_energyband_middle_low.mean": 0.00926106609404087, "lowlevel.spectral_energyband_middle_low.stdev": 0.009200274012982845, "lowlevel.spectral_entropy.mean": 7.954082489013672, "lowlevel.spectral_entropy.stdev": 0.09754783660173416, "lowlevel.spectral_flux.mean": 0.11205566674470901, "lowlevel.spectral_flux.stdev": 0.05215844884514809, "lowlevel.spectral_kurtosis.mean": 2.9144716262817383, "lowlevel.spectral_kurtosis.stdev": 0.8532053828239441, "lowlevel.spectral_rms.mean": 0.008849423378705978, "lowlevel.spectral_rms.stdev": 0.0014325218508020043, "lowlevel.spectral_rolloff.mean": 927.30908203125, "lowlevel.spectral_rolloff.stdev": 593.4473266601562, "lowlevel.spectral_skewness.mean": 1.1552215814590454, "lowlevel.spectral_skewness.stdev": 0.16373847424983978, "lowlevel.spectral_spread.mean": 4404965.0, "lowlevel.spectral_spread.stdev": 526549.375, "lowlevel.spectral_strongpeak.mean": 0.589110255241394, "lowlevel.spectral_strongpeak.stdev": 0.33828139305114746, "lowlevel.zerocrossingrate.mean": 0.04917959123849869, "lowlevel.zerocrossingrate.stdev": 0.012014160864055157, "metadata.audio_properties.analysis.equal_loudness": 0.0, "metadata.audio_properties.analysis.length": 28.22399139404297, "metadata.audio_properties.analysis.sample_rate": 44100.0, "metadata.audio_properties.analysis.start_time": 0.0, "metadata.audio_properties.bit_rate": 114528.0, "metadata.audio_properties.length": 28.224000930786133, "metadata.audio_properties.lossless": 0.0, "metadata.audio_properties.number_channels": 1.0, "metadata.audio_properties.replay_gain": -12.12706184387207, "metadata.audio_properties.sample_rate": 48000.0, "rhythm.beats_count": 42.0, "rhythm.beats_loudness.mean": 0.08940984308719635, "rhythm.beats_loudness.stdev": 0.017717353999614716, "rhythm.bpm": 91.60939025878906, "rhythm.bpm_histogram_first_peak_bpm": 92.0, "rhythm.bpm_histogram_first_peak_weight": 0.07499998807907104, "rhythm.bpm_histogram_second_peak_bpm": 86.0, "rhythm.bpm_histogram_second_peak_spread": 0.0, "rhythm.bpm_histogram_second_peak_weight": 0.024390242993831635, "rhythm.danceability": 1.3687976598739624, "rhythm.onset_rate": 1.3806740045547485, "tonal.chords_changes_rate": 0.029556650668382645, "tonal.chords_number_rate": 0.008210180327296257, "tonal.chords_strength.mean": 0.5288892388343811, "tonal.chords_strength.stdev": 0.0884547233581543, "tonal.hpcp_crest.mean": 12.672101974487305, "tonal.hpcp_crest.stdev": 4.7863030433654785, "tonal.hpcp_entropy.mean": 2.0157785415649414, "tonal.hpcp_entropy.stdev": 0.6104338765144348, "tonal.key_edma.strength": 0.7722610235214233, "tonal.key_krumhansl.strength": 0.7650973200798035, "tonal.key_temperley.strength": 0.7590717673301697, "tonal.tuning_diatonic_strength": 0.6019150018692017, "tonal.tuning_equal_tempered_deviation": 0.051750071346759796, "tonal.tuning_frequency": 440.0, "tonal.tuning_nontempered_energy_ratio": 0.6760691404342651, "lowlevel.barkbands.mean": [0.0019391627283766866, 0.03998459130525589, 0.019198637455701828, 0.0011617128038778901, 0.0026107400190085173, 0.0008016360807232559, 0.0005501430714502931, 0.0007791826501488686, 0.003064271528273821, 0.0009318333468399942, 0.0008072692435234785, 0.0012880093418061733, 0.0008329334086738527, 0.0009341585682705045, 0.001309534884057939, 0.001382893999107182, 0.0009641976212151349, 0.000567122595384717, 0.0009583253413438797, 0.0006286735879257321, 0.000581332657020539, 0.0005179790314286947, 0.0002105666499119252, 0.00020395693718455732, 9.567178494762629e-05, 6.871495133964345e-05, 4.059718037296989e-07], "lowlevel.barkbands.stdev": [0.002350139431655407, 0.027599846944212914, 0.009459298104047775, 0.0014955400256440043, 0.007305932231247425, 0.0011286629596725106, 0.0009272066527046263, 0.001129919313825667, 0.0039120991714298725, 0.0020630662329494953, 0.0019183881813660264, 0.001189604983665049, 0.0014493507333099842, 0.000905012886505574, 0.001455863704904914, 0.001331958337686956, 0.0005482523702085018, 0.0003019050054717809, 0.0004653527867048979, 0.00030605625943280756, 0.0002680504403542727, 0.00030056032119318843, 0.00014204128819983453, 0.00018084459588862956, 9.063107427209616e-05, 9.202120418194681e-05, 1.5243766711137141e-06], "lowlevel.erbbands.mean": [0.9261866807937622, 9.78173828125, 25.13323974609375, 9.586621284484863, 8.489371299743652, 6.3034563064575195, 7.072483062744141, 5.95821475982666, 8.436161041259766, 7.930433750152588, 24.345727920532227, 63.586917877197266, 52.705196380615234, 29.40288543701172, 45.47981262207031, 45.76113510131836, 38.28034973144531, 43.550933837890625, 56.90397644042969, 78.3280258178711, 75.222412109375, 54.521324157714844, 33.76551818847656, 46.792564392089844, 42.02519226074219, 29.171586990356445, 23.975114822387695, 21.824417114257812, 20.379009246826172, 10.057123184204102, 5.845881462097168, 4.683425426483154, 3.0752880573272705, 1.1266205310821533, 0.5941428542137146, 0.313594788312912, 0.13797686994075775, 0.012410773895680904, 0.00027828660677187145, 0.00010667125752661377], "lowlevel.erbbands.stdev": [1.1168901920318604, 5.853858947753906, 11.900798797607422, 5.26875638961792, 23.950817108154297, 18.241432189941406, 14.140844345092773, 9.18420696258545, 15.878201484680176, 9.010936737060547, 28.889989852905273, 71.490478515625, 88.65271759033203, 62.38924026489258, 62.57362365722656, 45.61993408203125, 62.1182861328125, 43.719337463378906, 48.40412902832031, 71.76068115234375, 80.25151062011719, 30.496252059936523, 16.446195602416992, 22.644283294677734, 19.734525680541992, 14.397250175476074, 11.225131034851074, 10.622076034545898, 11.9572114944458, 6.5957255363464355, 4.0258965492248535, 4.338386058807373, 2.6028964519500732, 0.9543688297271729, 0.6860470175743103, 0.4340645372867584, 0.18546158075332642, 0.01732209324836731, 0.00031314828083850443, 3.17977464874275e-05], "lowlevel.gfcc.mean": [78.49441528320312, 72.66925048828125, -118.29415130615234, 56.77434158325195, -36.92636489868164, 35.82854080200195, -19.171192169189453, 24.391292572021484, -15.23939037322998, 9.483055114746094, -22.705045700073242, -0.3845633268356323, -15.069960594177246], "lowlevel.melbands.mean": [0.00992698036134243, 0.01260329782962799, 0.0017374143935739994, 0.0005867006257176399, 0.00022702540445607156, 0.00013475303421728313, 0.00012733896437566727, 9.962214971892536e-05, 0.0002346291730646044, 0.00042217352893203497, 0.0002579981228336692, 0.00011346678365953267, 0.0001413883437635377, 0.0001653689832892269, 6.704763654852286e-05, 9.421692084288225e-05, 7.851718692108989e-05, 8.877257641870528e-05, 0.00010246312012895942, 9.905255865305662e-05, 8.322315261466429e-05, 5.614169640466571e-05, 4.1206083551514894e-05, 2.5842859031399712e-05, 3.952056431444362e-05, 3.425289105507545e-05, 2.6425766918691806e-05, 1.742287895467598e-05, 1.4784310224058572e-05, 1.5187454664555844e-05, 1.1135422028019093e-05, 1.2167568456789013e-05, 8.93134256330086e-06, 4.230509148328565e-06, 3.349110556882806e-06, 2.784094021990313e-06, 3.1591412152920384e-06, 2.6102295578311896e-06, 1.2886248441645876e-06, 7.868195552873658e-07], "lowlevel.melbands.stdev": [0.008496140129864216, 0.0054145026952028275, 0.0010983081301674247, 0.0017873413162305951, 0.0004683274601120502, 0.00020535007934086025, 0.0002210818784078583, 0.0001237939140992239, 0.0002541515859775245, 0.0005103969015181065, 0.0004536743799690157, 0.0002663508930709213, 0.0002778465859591961, 0.00015383852587547153, 6.838175613665953e-05, 0.00018552651454228908, 8.156995318131521e-05, 8.12120342743583e-05, 0.00013146510173100978, 8.361177606275305e-05, 9.258391946787015e-05, 3.409217970329337e-05, 2.4252751245512627e-05, 1.4991507669037674e-05, 2.1008689145673998e-05, 1.936786611622665e-05, 1.3107948689139448e-05, 1.0118922546098474e-05, 7.996747626748402e-06, 8.156374860845972e-06, 5.650139428325929e-06, 7.588805146951927e-06, 6.202848908287706e-06, 3.0777523534197826e-06, 2.3119248453440377e-06, 2.715671371333883e-06, 3.1761903755977983e-06, 2.3817965484340675e-06, 1.0596111224003835e-06, 7.781993076605431e-07], "lowlevel.melbands128.mean": [0.0013129031285643578, 0.006032994482666254, 0.013801123015582561, 0.016942819580435753, 0.015683837234973907, 0.007391900755465031, 0.0016851648688316345, 0.0004699421115219593, 0.0009741418762132525, 0.0007669517653994262, 0.0002130826178472489, 0.0002057805104414001, 0.0002930967602878809, 0.00016294278611894697, 0.00012959653395228088, 0.00012500725279096514, 0.00010387999645899981, 0.00017337064491584897, 9.071713429875672e-05, 5.9375404816819355e-05, 0.00010681609273888171, 0.0002020360843744129, 0.00017634547839406878, 0.000327809015288949, 0.0005081226117908955, 0.00034432223765179515, 0.0005676287692040205, 0.00015826964227017015, 0.00012262338714208454, 0.00014003961405251175, 8.609032374806702e-05, 0.00010337758430978283, 0.00018587704107630998, 8.616391278337687e-05, 0.00024186179507523775, 0.000167715668794699, 0.00010096457845065743, 3.379767440492287e-05, 7.15697678970173e-05, 9.254449105355889e-05, 9.338416566606611e-05, 0.00010865978401852772, 6.236409535631537e-05, 6.0857921198476106e-05, 0.0001196863449877128, 7.429198012687266e-05, 8.416656055487692e-05, 0.00010506667604204267, 0.00010116952034877613, 0.00012919965956825763, 8.176701521733776e-05, 8.470981265418231e-05, 0.00011932608322240412, 6.227856647456065e-05, 5.448433876154013e-05, 5.5017255363054574e-05, 5.7337012549396604e-05, 5.5863325542304665e-05, 3.053406544495374e-05, 2.3060072635416873e-05, 2.4397644665441476e-05, 2.7202962883166037e-05, 3.497620127745904e-05, 4.652934876503423e-05, 4.318168794270605e-05, 3.3192849514307454e-05, 2.9387872928055003e-05, 2.694117029022891e-05, 2.935391603386961e-05, 2.1065952751087025e-05, 1.6268633771687746e-05, 1.6437184967799112e-05, 1.420378339389572e-05, 1.6047339158831164e-05, 1.2921418601763435e-05, 1.2961293577973265e-05, 2.0912018953822553e-05, 1.148354567703791e-05, 9.187476280203555e-06, 9.810362826101482e-06, 1.3026192391407676e-05, 1.2809442523575854e-05, 1.1367008482920937e-05, 9.288595720136072e-06, 6.22594052401837e-06, 4.72251531391521e-06, 3.429688831602107e-06, 3.2208195079874713e-06, 3.5228244996687863e-06, 3.3148164675367298e-06, 3.0991368475952186e-06, 2.9040927529422333e-06, 1.7201693935930962e-06, 2.856196715583792e-06, 4.434632501215674e-06, 3.567989097064128e-06, 2.177592250518501e-06, 1.2206584187879344e-06, 1.2738479426843696e-06, 1.4973592215028475e-06, 7.246075597322488e-07, 7.795897545292974e-07, 6.028478196640208e-07, 7.274725817296712e-07, 4.921912477584556e-07, 8.287375976578915e-07, 7.272981861206063e-07, 4.856186137658369e-07, 4.751510402911663e-07, 5.12649762640649e-07, 6.483903121079493e-07, 4.539816416126996e-07, 4.769655674863316e-07, 4.0902781961449364e-07, 2.88184139662917e-07, 7.85852520834851e-08, 1.7470727087243176e-08, 4.11199095606829e-11, 1.487870764094179e-11, 1.4435539569257472e-11, 1.4075984301753497e-11, 1.3793803772810254e-11, 1.3471866851244574e-11, 1.3234099580095027e-11, 1.3011931809803201e-11, 1.2797513916640302e-11, 1.2655922317084123e-11, 1.2581253747145915e-11], "lowlevel.melbands128.stdev": [0.002143529476597905, 0.010271864011883736, 0.01318330131471157, 0.009965472854673862, 0.0077941822819411755, 0.0036225339863449335, 0.0011730585247278214, 0.0007064517703838646, 0.0030425949953496456, 0.002654347103089094, 0.0007480505737476051, 0.0005586526240222156, 0.0006447595078498125, 0.00029246893245726824, 0.0002405773993814364, 0.00027519266586750746, 0.0003813116636592895, 0.0002835071936715394, 0.00013529988063964993, 0.0001024243829306215, 0.0001933812745846808, 0.0003429408243391663, 0.0003158253966830671, 0.0004546929558273405, 0.0007462042267434299, 0.0006944091874174774, 0.0012777512893080711, 0.0004767080827150494, 0.00042562748421914876, 0.0004091936571057886, 0.00036834957427345216, 0.0003465139016043395, 0.0005221490282565355, 0.00013855475117452443, 0.00026852774317376316, 0.00023757482995279133, 0.00015641209029126912, 4.24482423113659e-05, 0.00012709575821645558, 0.00019898633763659745, 0.0003206937399227172, 0.0002078752004308626, 9.024517930811271e-05, 0.00010690565250115469, 0.00018333271145820618, 0.00010647864837665111, 0.00011452126636868343, 0.000281997345155105, 0.0001635498192626983, 0.0001685201859800145, 9.246869012713432e-05, 0.00010751891386462376, 0.000225074531044811, 5.852750109625049e-05, 4.972762690158561e-05, 4.8699854232836515e-05, 4.8813235480338335e-05, 4.7637302486691624e-05, 2.5169632863253355e-05, 1.8734608602244407e-05, 2.333061638637446e-05, 1.9318809791002423e-05, 2.630248127388768e-05, 3.3790780435083434e-05, 3.4844964829972014e-05, 2.7364154448150657e-05, 2.1721220036852174e-05, 1.8335111235501245e-05, 2.0010604202980176e-05, 1.492639239586424e-05, 1.4240659766073804e-05, 1.383607286697952e-05, 1.0120243132405449e-05, 1.181742027256405e-05, 9.015939212986268e-06, 8.89765487954719e-06, 1.6354093531845137e-05, 8.042035005928483e-06, 6.158638370834524e-06, 7.238766556838527e-06, 1.013175005937228e-05, 1.0418717465654481e-05, 9.163552022073418e-06, 7.95004416431766e-06, 5.431387762655504e-06, 4.350124982011039e-06, 2.9084608286211733e-06, 2.620099621708505e-06, 2.7689193302649073e-06, 2.9150899081287207e-06, 3.665484882731107e-06, 3.182368118359591e-06, 2.4480902993673226e-06, 3.3383519166818587e-06, 4.878635536442744e-06, 3.947166078432929e-06, 2.1122878024470992e-06, 1.3440480870485771e-06, 1.2388422874209937e-06, 1.2974487617611885e-06, 8.11487325336202e-07, 9.727267524795025e-07, 7.67652920785622e-07, 9.886798579827882e-07, 6.834021633039811e-07, 1.1559045560716186e-06, 1.081827235793753e-06, 8.565916118641326e-07, 8.114907927847526e-07, 7.746326105007029e-07, 9.396715654474974e-07, 7.104396786417055e-07, 6.966184855627944e-07, 5.926374342379859e-07, 4.656590988361131e-07, 1.8768228926546726e-07, 5.590388596488083e-08, 1.8325183037681825e-10, 1.672434239707865e-11, 1.625379518477299e-11, 1.5842719497394242e-11, 1.548493971936793e-11, 1.516773685816819e-11, 1.4899586772698648e-11, 1.4676175205674546e-11, 1.4499232543763174e-11, 1.4370382488138045e-11, 1.4291165473245826e-11], "lowlevel.mfcc.mean": [-561.244140625, 95.70491027832031, -7.7527923583984375, 35.02178955078125, 13.606523513793945, 22.25591468811035, 12.237462043762207, 17.885894775390625, 16.879533767700195, 15.218367576599121, 7.226475238800049, 5.541740417480469, 1.2213139533996582], "lowlevel.spectral_contrast_coeffs.mean": [-0.6765334010124207, -0.772864580154419, -0.7523982524871826, -0.7821195125579834, -0.7948674559593201, -0.6973201632499695], "lowlevel.spectral_contrast_coeffs.stdev": [0.054757699370384216, 0.055020712316036224, 0.0641438364982605, 0.037529658526182175, 0.019508980214595795, 0.032673679292201996], "lowlevel.spectral_contrast_valleys.mean": [-6.213067531585693, -6.456742286682129, -6.804274082183838, -6.6061859130859375, -6.423090934753418, -9.591127395629883], "lowlevel.spectral_contrast_valleys.stdev": [0.4437483847141266, 0.41279396414756775, 0.3473477363586426, 0.2655462920665741, 0.23804785311222076, 0.37961894273757935], "rhythm.beats_loudness_band_ratio.mean": [0.7681074738502502, 0.13640287518501282, 0.04300765320658684, 0.04926229640841484, 0.0564902164041996, 0.037361323833465576], "rhythm.beats_loudness_band_ratio.stdev": [0.08484689891338348, 0.1641545593738556, 0.03610335662961006, 0.042805857956409454, 0.026813853532075882, 0.015211118385195732], "tonal.hpcp.mean": [0.3837813436985016, 0.17357638478279114, 0.028450321406126022, 0.02321678400039673, 0.012851452454924583, 0.01689958944916725, 0.02859482914209366, 0.023900331929326057, 0.01662721298635006, 0.016021134331822395, 0.013680602423846722, 0.03459981083869934, 0.05904454365372658, 0.05023711547255516, 0.15102051198482513, 0.5110186338424683, 0.42269182205200195, 0.054332997649908066, 0.016103915870189667, 0.011531006544828415, 0.02117556519806385, 0.0508614256978035, 0.04409125819802284, 0.021031588315963745, 0.0250333733856678, 0.02630174532532692, 0.04869113489985466, 0.07672032713890076, 0.06449154019355774, 0.19769509136676788, 0.31924423575401306, 0.18380405008792877, 0.07268837094306946, 0.05464464798569679, 0.053040653467178345, 0.25491034984588623], "tonal.hpcp.stdev": [0.3664412200450897, 0.1990204155445099, 0.10731559246778488, 0.1010315865278244, 0.05355502665042877, 0.05628640949726105, 0.07060635834932327, 0.06944556534290314, 0.06571030616760254, 0.07034287601709366, 0.06230917572975159, 0.09400143474340439, 0.1285616159439087, 0.1365186721086502, 0.19974453747272491, 0.43589383363723755, 0.3821432590484619, 0.13981282711029053, 0.05913189426064491, 0.037481341511011124, 0.054120972752571106, 0.09156794846057892, 0.09565170854330063, 0.07195229828357697, 0.08590985834598541, 0.10396069288253784, 0.12505289912223816, 0.16273878514766693, 0.15240797400474548, 0.28659337759017944, 0.4403468668460846, 0.2671733796596527, 0.186920627951622, 0.14993499219417572, 0.15394863486289978, 0.2688688337802887], "rhythm.beats_position": [0.6849886775016785, 1.369977355003357, 2.0665760040283203, 2.7515645027160645, 3.4365532398223877, 4.098321914672852, 4.7600908279418945, 5.41024923324585, 6.060408115386963, 6.710566997528076, 7.360725402832031, 8.022494316101074, 8.672653198242188, 9.334421157836914, 9.984580039978027, 10.63473892211914, 11.284897804260254, 11.935056686401367, 12.58521556854248, 13.235373497009277, 13.88553237915039, 14.535691261291504, 15.185850143432617, 15.83600902557373, 16.486167907714844, 17.14793586730957, 17.80970573425293, 18.459863662719727, 19.110021591186523, 19.760181427001953, 20.41033935546875, 21.06049919128418, 21.722267150878906, 22.372425079345703, 23.022584915161133, 23.68435287475586, 24.33451271057129, 24.984670639038086, 25.634828567504883, 26.284988403320312, 26.93514633178711, 27.58530616760254], "rhythm.bpm_histogram": [0.0, 0.0, 0.0, 0.0, 0.0, 0.0, 0.0, 0.0, 0.0, 0.0, 0.0, 0.0, 0.0, 0.0, 0.0, 0.0, 0.0, 0.0, 0.0, 0.0, 0.0, 0.0, 0.0, 0.0, 0.0, 0.0, 0.0, 0.0, 0.0, 0.0, 0.0, 0.0, 0.0, 0.0, 0.0, 0.0, 0.0, 0.0, 0.0, 0.0, 0.0, 0.0, 0.0, 0.0, 0.0, 0.0, 0.0, 0.0, 0.0, 0.0, 0.0, 0.0, 0.0, 0.0, 0.0, 0.0, 0.0, 0.0, 0.0, 0.0, 0.0, 0.0, 0.0, 0.0, 0.0, 0.0, 0.0, 0.0, 0.0, 0.0, 0.0, 0.0, 0.0, 0.0, 0.0, 0.0, 0.0, 0.0, 0.0, 0.0, 0.0, 0.0, 0.0, 0.0, 0.0, 0.0, 0.024390242993831635, 0.0, 0.0731707289814949, 0.0, 0.0, 0.19512194395065308, 0.707317054271698, 0.0, 0.0, 0.0, 0.0, 0.0, 0.0, 0.0, 0.0, 0.0, 0.0, 0.0, 0.0, 0.0, 0.0, 0.0, 0.0, 0.0, 0.0, 0.0, 0.0, 0.0, 0.0, 0.0, 0.0, 0.0, 0.0, 0.0, 0.0, 0.0, 0.0, 0.0, 0.0, 0.0, 0.0, 0.0, 0.0, 0.0, 0.0, 0.0, 0.0, 0.0, 0.0, 0.0, 0.0, 0.0, 0.0, 0.0, 0.0, 0.0, 0.0, 0.0, 0.0, 0.0, 0.0, 0.0, 0.0, 0.0, 0.0, 0.0, 0.0, 0.0, 0.0, 0.0, 0.0, 0.0, 0.0, 0.0, 0.0, 0.0, 0.0, 0.0, 0.0, 0.0, 0.0, 0.0, 0.0, 0.0, 0.0, 0.0, 0.0, 0.0, 0.0, 0.0, 0.0, 0.0, 0.0, 0.0, 0.0, 0.0, 0.0, 0.0, 0.0, 0.0, 0.0, 0.0, 0.0, 0.0, 0.0, 0.0, 0.0, 0.0, 0.0, 0.0, 0.0, 0.0, 0.0, 0.0, 0.0, 0.0, 0.0, 0.0, 0.0, 0.0, 0.0, 0.0, 0.0, 0.0, 0.0, 0.0, 0.0, 0.0, 0.0, 0.0, 0.0, 0.0, 0.0, 0.0, 0.0, 0.0, 0.0, 0.0, 0.0, 0.0, 0.0, 0.0, 0.0, 0.0, 0.0, 0.0, 0.0, 0.0, 0.0, 0.0, 0.0, 0.0, 0.0, 0.0, 0.0, 0.0, 0.0, 0.0, 0.0, 0.0, 0.0, 0.0, 0.0, 0.0], "tonal.chords_histogram": [0.0, 0.0, 1.6420360803604126, 0.0, 0.0, 0.0, 16.420360565185547, 18.88341522216797, 0.0, 53.201969146728516, 0.0, 9.852216720581055, 0.0, 0.0, 0.0, 0.0, 0.0, 0.0, 0.0, 0.0, 0.0, 0.0, 0.0, 0.0], "tonal.thpcp": [1.0, 0.8271554112434387, 0.10632292926311493, 0.031513363122940063, 0.02256474830210209, 0.04143794998526573, 0.09952948987483978, 0.08628111332654953, 0.04115620627999306, 0.04898720234632492, 0.05146924778819084, 0.09528250247240067, 0.15013214945793152, 0.12620192766189575, 0.3868647515773773, 0.624721348285675, 0.3596816956996918, 0.14224211871623993, 0.10693278908729553, 0.10379397124052048, 0.49882790446281433, 0.7510124444961548, 0.3396674394607544, 0.0556737445294857, 0.04543236270546913, 0.025148697197437286, 0.0330703966319561, 0.05595652759075165, 0.04676998034119606, 0.03253738954663277, 0.03135136887431145, 0.026771239936351776, 0.06770753115415573, 0.11554283648729324, 0.09830779582262039, 0.295528382062912], "lowlevel.gfcc.cov": [[383.3570251464844, -8.091651916503906, 43.36038589477539, 3.551971912384033, -34.346702575683594, -18.279916763305664, -59.253578186035156, -18.84651756286621, -24.90766143798828, -8.433191299438477, -7.5308756828308105, 2.179871082305908, -25.899032592773438], [-8.091651916503906, 159.96096801757812, -45.486454010009766, 4.537053108215332, -27.110736846923828, -21.961158752441406, 0.9885002970695496, -46.74113845825195, -4.195220470428467, -24.757476806640625, 16.807363510131836, -5.661718845367432, 33.06739044189453], [43.36038589477539, -45.486454010009766, 116.49028778076172, 7.553811550140381, -5.142508506774902, -37.567726135253906, -55.149208068847656, -0.6624430418014526, -11.672086715698242, 20.7632999420166, 7.996668815612793, 19.176589965820312, -19.082015991210938], [3.551971912384033, 4.537053108215332, 7.553811550140381, 72.39031982421875, 14.313830375671387, -3.820253372192383, -11.3969087600708, -15.018301010131836, 7.678778171539307, -11.736529350280762, 3.1408653259277344, -4.527759552001953, 9.836438179016113], [-34.346702575683594, -27.110736846923828, -5.142508506774902, 14.313830375671387, 80.63794708251953, 34.71781539916992, 36.89679718017578, 17.625717163085938, 14.9078950881958, 12.066610336303711, -4.847410678863525, 2.127608299255371, 0.7764632105827332], [-18.279916763305664, -21.961158752441406, -37.567726135253906, -3.820253372192383, 34.71781539916992, 74.36941528320312, 62.978118896484375, 20.69538116455078, 0.7563992142677307, -5.594333648681641, -6.958709716796875, -8.087347030639648, 8.259056091308594], [-59.253578186035156, 0.9885002970695496, -55.149208068847656, -11.3969087600708, 36.89679718017578, 62.978118896484375, 132.0885009765625, 47.05095291137695, 15.487929344177246, -3.7910783290863037, -12.582846641540527, -3.9755454063415527, 12.365452766418457], [-18.84651756286621, -46.74113845825195, -0.6624430418014526, -15.018301010131836, 17.625717163085938, 20.69538116455078, 47.05095291137695, 83.7334213256836, 32.03270721435547, 10.931278228759766, -9.78087329864502, -11.752492904663086, -1.7554540634155273], [-24.90766143798828, -4.195220470428467, -11.672086715698242, 7.678778171539307, 14.9078950881958, 0.7563992142677307, 15.487929344177246, 32.03270721435547, 57.58244323730469, 17.688974380493164, 1.9063535928726196, -7.28997802734375, 1.8465787172317505], [-8.433191299438477, -24.757476806640625, 20.7632999420166, -11.736529350280762, 12.066610336303711, -5.594333648681641, -3.7910783290863037, 10.931278228759766, 17.688974380493164, 52.3657112121582, 25.540754318237305, 16.4838924407959, -8.718650817871094], [-7.5308756828308105, 16.807363510131836, 7.996668815612793, 3.1408653259277344, -4.847410678863525, -6.958709716796875, -12.582846641540527, -9.78087329864502, 1.9063535928726196, 25.540754318237305, 58.777896881103516, 27.37089729309082, 9.218890190124512], [2.179871082305908, -5.661718845367432, 19.176589965820312, -4.527759552001953, 2.127608299255371, -8.087347030639648, -3.9755454063415527, -11.752492904663086, -7.28997802734375, 16.4838924407959, 27.37089729309082, 54.70693588256836, 17.192102432250977], [-25.899032592773438, 33.06739044189453, -19.082015991210938, 9.836438179016113, 0.7764632105827332, 8.259056091308594, 12.365452766418457, -1.7554540634155273, 1.8465787172317505, -8.718650817871094, 9.218890190124512, 17.192102432250977, 55.64140701293945]], "lowlevel.gfcc.icov": [[0.00317407981492579, -0.0011734460713341832, -0.0005549571942538023, -0.001032864791341126, 0.0014521360863000154, -0.0022800632286816835, 0.0020508673042058945, -0.0013735833344981074, 0.0008857574430294335, -0.00027159546152688563, 0.0015926241176202893, -0.0019869604147970676, 0.002264233073219657], [-0.0011734460713341832, 0.01644073612987995, 0.001740428153425455, 0.005317768547683954, -0.0009094522683881223, 0.011486547067761421, -0.00811442919075489, 0.012715199030935764, -0.004802586045116186, 0.007795084733515978, -0.01040203683078289, 0.010945520363748074, -0.010425562970340252], [-0.0005549571942538023, 0.001740428153425455, 0.016869381070137024, -0.004306183662265539, -0.0013523729285225272, 0.005351413507014513, 0.0051799644716084, -0.006170669570565224, 0.006929447874426842, -0.005397825967520475, 0.0022706775926053524, -0.005855939816683531, 0.0034899876918643713], [-0.001032864791341126, 0.005317768547683954, -0.004306183662265539, 0.022298365831375122, -0.006814415100961924, 0.00521004106849432, -0.0031812076922506094, 0.01066792756319046, -0.009302308782935143, 0.012129389680922031, -0.009121996350586414, 0.009164820425212383, -0.007805613800883293], [0.0014521360863000154, -0.0009094522683881223, -0.0013523729285225272, -0.006814415100961924, 0.0208998154848814, -0.010624152608215809, -0.0007099669310264289, -0.0009614831069484353, -0.0020147222094237804, -0.007349575869739056, 0.0062767681665718555, -0.004949760623276234, 0.0027747030835598707], [-0.0022800632286816835, 0.011486547067761421, 0.005351413507014513, 0.00521004106849432, -0.010624152608215809, 0.03760376200079918, -0.015750737860798836, 0.007017495576292276, 0.0032930250745266676, 0.006146347150206566, -0.010556940920650959, 0.013235267251729965, -0.010171637870371342], [0.0020508673042058945, -0.00811442919075489, 0.0051799644716084, -0.0031812076922506094, -0.0007099669310264289, -0.015750737860798836, 0.02270699292421341, -0.01462926622480154, 0.0033754254691302776, -0.00362946093082428, 0.008339829742908478, -0.011443588882684708, 0.0064291516318917274], [-0.0013735833344981074, 0.012715199030935764, -0.006170669570565224, 0.01066792756319046, -0.0009614831069484353, 0.007017495576292276, -0.01462926622480154, 0.033693987876176834, -0.01651786081492901, 0.006480098702013493, -0.007800310850143433, 0.01475117914378643, -0.010613967664539814], [0.0008857574430294335, -0.004802586045116186, 0.006929447874426842, -0.009302308782935143, -0.0020147222094237804, 0.0032930250745266676, 0.0033754254691302776, -0.01651786081492901, 0.03351585566997528, -0.015987174585461617, 0.004923534579575062, -2.168764240195742e-06, 0.0011229448718950152], [-0.00027159546152688563, 0.007795084733515978, -0.005397825967520475, 0.012129389680922031, -0.007349575869739056, 0.006146347150206566, -0.00362946093082428, 0.006480098702013493, -0.015987174585461617, 0.044229086488485336, -0.02097983844578266, 0.0003617647453211248, 0.002272073645144701], [0.0015926241176202893, -0.01040203683078289, 0.0022706775926053524, -0.009121996350586414, 0.0062767681665718555, -0.010556940920650959, 0.008339829742908478, -0.007800310850143433, 0.004923534579575062, -0.02097983844578266, 0.036991607397794724, -0.018625658005475998, 0.004869674798101187], [-0.0019869604147970676, 0.010945520363748074, -0.005855939816683531, 0.009164820425212383, -0.004949760623276234, 0.013235267251729965, -0.011443588882684708, 0.01475117914378643, -2.168764240195742e-06, 0.0003617647453211248, -0.018625658005475998, 0.04223717749118805, -0.019852835685014725], [0.002264233073219657, -0.010425562970340252, 0.0034899876918643713, -0.007805613800883293, 0.0027747030835598707, -0.010171637870371342, 0.0064291516318917274, -0.010613967664539814, 0.0011229448718950152, 0.002272073645144701, 0.004869674798101187, -0.019852835685014725, 0.03315228596329689]], "lowlevel.mfcc.cov": [[394.1817932128906, -8.528825759887695, 35.358978271484375, -5.218745231628418, 5.971248626708984, -13.696976661682129, -23.470050811767578, -14.95361328125, -32.3120231628418, -23.554447174072266, -16.026309967041016, -3.248671293258667, -7.787560939788818], [-8.528825759887695, 114.36351013183594, -13.270586967468262, -5.169827461242676, -26.44070816040039, -0.22529847919940948, -6.71726655960083, -16.512744903564453, -15.8331298828125, -19.311704635620117, -8.661825180053711, -11.508574485778809, -0.15034106373786926], [35.358978271484375, -13.270586967468262, 95.99169921875, 17.233129501342773, 14.657173156738281, -34.10012435913086, -33.68640899658203, -31.825647354125977, -38.43354034423828, -23.877910614013672, -10.078287124633789, 7.633065700531006, 8.254500389099121], [-5.218745231628418, -5.169827461242676, 17.233129501342773, 65.32440185546875, 17.8033504486084, 2.434946060180664, -19.06600570678711, -7.167018890380859, -7.1402058601379395, -8.093412399291992, -2.645505428314209, 4.446226119995117, 5.273488521575928], [5.971248626708984, -26.44070816040039, 14.657173156738281, 17.8033504486084, 67.42761993408203, -4.474358081817627, -17.7597713470459, -15.494529724121094, -7.8242645263671875, 2.5665652751922607, -8.264171600341797, 16.630630493164062, 5.314179420471191], [-13.696976661682129, -0.22529847919940948, -34.10012435913086, 2.434946060180664, -4.474358081817627, 71.68037414550781, 27.929115295410156, 15.933116912841797, 7.0839338302612305, -2.9865357875823975, 2.6223833560943604, -12.882614135742188, -5.227272033691406], [-23.470050811767578, -6.71726655960083, -33.68640899658203, -19.06600570678711, -17.7597713470459, 27.929115295410156, 80.53623962402344, 36.678802490234375, 29.195266723632812, 10.596524238586426, 11.322056770324707, -9.285128593444824, -5.247673034667969], [-14.95361328125, -16.512744903564453, -31.825647354125977, -7.167018890380859, -15.494529724121094, 15.933116912841797, 36.678802490234375, 64.43376922607422, 42.780609130859375, 21.8341007232666, 5.224100589752197, -9.589961051940918, -6.233137607574463], [-32.3120231628418, -15.8331298828125, -38.43354034423828, -7.1402058601379395, -7.8242645263671875, 7.0839338302612305, 29.195266723632812, 42.780609130859375, 80.24398040771484, 38.892242431640625, 15.412762641906738, -12.533032417297363, -9.292790412902832], [-23.554447174072266, -19.311704635620117, -23.877910614013672, -8.093412399291992, 2.5665652751922607, -2.9865357875823975, 10.596524238586426, 21.8341007232666, 38.892242431640625, 65.41729736328125, 19.480514526367188, 4.817348480224609, -17.776464462280273], [-16.026309967041016, -8.661825180053711, -10.078287124633789, -2.645505428314209, -8.264171600341797, 2.6223833560943604, 11.322056770324707, 5.224100589752197, 15.412762641906738, 19.480514526367188, 54.15187454223633, 10.96190357208252, 2.2093710899353027], [-3.248671293258667, -11.508574485778809, 7.633065700531006, 4.446226119995117, 16.630630493164062, -12.882614135742188, -9.285128593444824, -9.589961051940918, -12.533032417297363, 4.817348480224609, 10.96190357208252, 64.3449935913086, 27.536849975585938], [-7.787560939788818, -0.15034106373786926, 8.254500389099121, 5.273488521575928, 5.314179420471191, -5.227272033691406, -5.247673034667969, -6.233137607574463, -9.292790412902832, -17.776464462280273, 2.2093710899353027, 27.536849975585938, 60.291080474853516]], "lowlevel.mfcc.icov": [[0.0027499969583004713, 0.00034794281236827374, -0.0005631285021081567, 0.0006565216463059187, -0.00010387212387286127, 0.00013036991003900766, 0.0005995819810777903, -0.0005378948408178985, 0.0006735210190527141, 0.0007983408868312836, 0.00019027305825147778, 1.3105521247780416e-05, 0.0007190230535343289], [0.00034794281236827374, 0.011722966097295284, 0.003872017143294215, -0.0004663730214815587, 0.004986072890460491, 0.0012477966956794262, 0.0006412516231648624, 0.0040712240152060986, 0.0010813887929543853, 0.0021367520093917847, 0.0015404922887682915, 0.0011615364346653223, -6.0015114286215976e-05], [-0.0005631285021081567, 0.003872017143294215, 0.01863742060959339, -0.0034396054688841105, -9.47709268075414e-05, 0.007785995490849018, 0.0010062690125778317, 0.0027867001481354237, 0.005293210502713919, 0.003277239855378866, -0.00014856556663289666, 0.0017621400766074657, -0.0002720579504966736], [0.0006565216463059187, -0.0004663730214815587, -0.0034396054688841105, 0.018808694556355476, -0.0042456574738025665, -0.0035912697203457355, 0.004841644316911697, -0.0022881561890244484, -0.0014218289870768785, 0.0023505131248384714, -0.0012236059410497546, -0.00038742658216506243, -0.00014720325998496264], [-0.00010387212387286127, 0.004986072890460491, -9.47709268075414e-05, -0.0042456574738025665, 0.021311232820153236, -0.0014481600373983383, 0.0013236538507044315, 0.006291343364864588, -0.0015207190299406648, -0.0026957474183291197, 0.005286642350256443, -0.0044546849094331264, -4.334079858381301e-05], [0.00013036991003900766, 0.0012477966956794262, 0.007785995490849018, -0.0035912697203457355, -0.0014481600373983383, 0.020650047808885574, -0.005409788805991411, -0.0015358463861048222, 0.003878246294334531, 0.003194603370502591, -0.0014318341854959726, 0.0035971684847027063, 0.0005056530935689807], [0.0005995819810777903, 0.0006412516231648624, 0.0010062690125778317, 0.004841644316911697, 0.0013236538507044315, -0.005409788805991411, 0.02090330608189106, -0.008179118856787682, -0.002117588883265853, 0.0026877224445343018, -0.002731420798227191, -0.0003569441323634237, 0.0006350920302793384], [-0.0005378948408178985, 0.0040712240152060986, 0.0027867001481354237, -0.0022881561890244484, 0.006291343364864588, -0.0015358463861048222, -0.008179118856787682, 0.032112300395965576, -0.011333571746945381, -0.002963102888315916, 0.004915585741400719, -0.0001772803661879152, -0.0010400916216894984], [0.0006735210190527141, 0.0010813887929543853, 0.005293210502713919, -0.0014218289870768785, -0.0015207190299406648, 0.003878246294334531, -0.002117588883265853, -0.011333571746945381, 0.028088584542274475, -0.010503463447093964, -0.0031076320447027683, 0.007060934789478779, -0.003274984657764435], [0.0007983408868312836, 0.0021367520093917847, 0.003277239855378866, 0.0023505131248384714, -0.0026957474183291197, 0.003194603370502591, 0.0026877224445343018, -0.002963102888315916, -0.010503463447093964, 0.029922129586338997, -0.006430889945477247, -0.006433332338929176, 0.01027375366538763], [0.00019027305825147778, 0.0015404922887682915, -0.00014856556663289666, -0.0012236059410497546, 0.005286642350256443, -0.0014318341854959726, -0.002731420798227191, 0.004915585741400719, -0.0031076320447027683, -0.006430889945477247, 0.023825841024518013, -0.00453663757070899, -0.0013400479219853878], [1.3105521247780416e-05, 0.0011615364346653223, 0.0017621400766074657, -0.00038742658216506243, -0.0044546849094331264, 0.0035971684847027063, -0.0003569441323634237, -0.0001772803661879152, 0.007060934789478779, -0.006433332338929176, -0.00453663757070899, 0.024948589503765106, -0.011584734544157982], [0.0007190230535343289, -6.0015114286215976e-05, -0.0002720579504966736, -0.00014720325998496264, -4.334079858381301e-05, 0.0005056530935689807, 0.0006350920302793384, -0.0010400916216894984, -0.003274984657764435, 0.01027375366538763, -0.0013400479219853878, -0.011584734544157982, 0.02458905428647995]], "metadata.audio_properties.analysis.downmix": "mix", "metadata.audio_properties.codec": "mp3", "metadata.audio_properties.md5_encoded": "89d174c405fc1ad3e3e547eafc861d09", "metadata.tags.file_name": "1182278063648686171.mp3", "metadata.version.essentia": "2.1-beta6-dev", "metadata.version.essentia_git_sha": "v2.1_beta5-1110-g77a6a954", "metadata.version.extractor": "music 2.0", "tonal.chords_key": "D", "tonal.chords_scale": "major", "tonal.key_edma.key": "G", "tonal.key_edma.scale": "minor", "tonal.key_krumhansl.key": "G", "tonal.key_krumhansl.scale": "minor", "tonal.key_temperley.key": "G", "tonal.key_temperley.scale": "minor", "metadata.tags.encoding": ["Lavf58.45.100"]}, "essentia_models": [{"model_name": "genre_dortmund", "activations": {"alternative": "0.016164448", "blues": "0.00018354336", "electronic": "0.00018319955", "folkcountry": "0.00011416498", "funksoulrnb": "0.0007613881", "jazz": "6.646469e-05", "pop": "0.00068425084", "raphiphop": "5.2974367e-05", "rock": "0.98279464"}}, {"model_name": "genre_rosamerica", "activations": {"classic": "0.0003555015", "dance": "4.099677e-05", "hip hop": "0.00030241988", "jazz": "0.00032963508", "pop": "0.01195248", "rhythm and blues": "0.0012970844", "rock": "0.9971342", "speech": "1.4698181e-05"}}, {"model_name": "genre_tzanetakis", "activations": {"blues": "7.0021906e-06", "c