{"song_id": "1182273946473734165", "download": "https://cdn.discordapp.com/attachments/1135903449314238464/1182273946473734165/chirp.mp4?ex=6584196a&amp", "lyrics": "2021\u5e74 \u3057\u3061\u304c\u306421\u65e5 \u30bb\u30d6\u30f3\u30a4\u30ec\u30d6\u30f3\u306e\u65e5\u306b\u5165\u5b66\u3057\u307e\u3057\u305f\n\n\u5927\u962a\u51fa\u8eab \u6c96\u7e04\u5927\u597d\u304d \u57fc\u7389\u3088\u308a\u306e\u6771\u4eac\u306b\u3059\u3093\u3067\u3044\u308b \u307e\u308a\u308a\u3093\u3053\u3068 \u306f\u304e\u306f\u3089\u307e\u308a\u3093", "style": ["J</span><span>-pop"], "essentia_features": {"lowlevel.average_loudness": 0.9771786332130432, "lowlevel.barkbands_crest.mean": 15.88344669342041, "lowlevel.barkbands_crest.stdev": 6.498304843902588, "lowlevel.barkbands_flatness_db.mean": 0.2269410640001297, "lowlevel.barkbands_flatness_db.stdev": 0.08781172335147858, "lowlevel.barkbands_kurtosis.mean": 43.63019943237305, "lowlevel.barkbands_kurtosis.stdev": 170.22076416015625, "lowlevel.barkbands_skewness.mean": 3.6921255588531494, "lowlevel.barkbands_skewness.stdev": 4.784444808959961, "lowlevel.barkbands_spread.mean": 19.532068252563477, "lowlevel.barkbands_spread.stdev": 16.453901290893555, "lowlevel.dissonance.mean": 0.4693524241447449, "lowlevel.dissonance.stdev": 0.030430259183049202, "lowlevel.dynamic_complexity": 2.4885356426239014, "lowlevel.erbbands_crest.mean": 10.943076133728027, "lowlevel.erbbands_crest.stdev": 5.569882392883301, "lowlevel.erbbands_flatness_db.mean": 0.1820288896560669, "lowlevel.erbbands_flatness_db.stdev": 0.05350188910961151, "lowlevel.erbbands_kurtosis.mean": 1.0621675252914429, "lowlevel.erbbands_kurtosis.stdev": 2.6714468002319336, "lowlevel.erbbands_skewness.mean": 0.1164468303322792, "lowlevel.erbbands_skewness.stdev": 1.1033223867416382, "lowlevel.erbbands_spread.mean": 42.10506820678711, "lowlevel.erbbands_spread.stdev": 24.09145736694336, "lowlevel.hfc.mean": 24.416242599487305, "lowlevel.hfc.stdev": 19.362327575683594, "lowlevel.loudness_ebu128.integrated": -10.773503303527832, "lowlevel.loudness_ebu128.loudness_range": 3.2688732147216797, "lowlevel.loudness_ebu128.momentary.mean": -11.04907512664795, "lowlevel.loudness_ebu128.momentary.stdev": 1.6481140851974487, "lowlevel.loudness_ebu128.short_term.mean": -10.854077339172363, "lowlevel.loudness_ebu128.short_term.stdev": 1.3152722120285034, "lowlevel.melbands_crest.mean": 24.911888122558594, "lowlevel.melbands_crest.stdev": 9.027475357055664, "lowlevel.melbands_flatness_db.mean": 0.280366986989975, "lowlevel.melbands_flatness_db.stdev": 0.1129918172955513, "lowlevel.melbands_kurtosis.mean": 81.78280639648438, "lowlevel.melbands_kurtosis.stdev": 158.6807861328125, "lowlevel.melbands_skewness.mean": 5.631862640380859, "lowlevel.melbands_skewness.stdev": 5.2019171714782715, "lowlevel.melbands_spread.mean": 21.415719985961914, "lowlevel.melbands_spread.stdev": 26.789710998535156, "lowlevel.pitch_salience.mean": 0.36005106568336487, "lowlevel.pitch_salience.stdev": 0.21590691804885864, "lowlevel.silence_rate_20dB.mean": 1.0, "lowlevel.silence_rate_20dB.stdev": 0.0, "lowlevel.silence_rate_30dB.mean": 0.7914937734603882, "lowlevel.silence_rate_30dB.stdev": 0.40623995661735535, "lowlevel.silence_rate_60dB.mean": 0.035269711166620255, "lowlevel.silence_rate_60dB.stdev": 0.18445974588394165, "lowlevel.spectral_centroid.mean": 1846.850341796875, "lowlevel.spectral_centroid.stdev": 1122.47607421875, "lowlevel.spectral_complexity.mean": 13.420124053955078, "lowlevel.spectral_complexity.stdev": 8.57374382019043, "lowlevel.spectral_decrease.mean": -1.6435574679007914e-08, "lowlevel.spectral_decrease.stdev": 1.119738080035404e-08, "lowlevel.spectral_energy.mean": 0.0642462745308876, "lowlevel.spectral_energy.stdev": 0.04252045601606369, "lowlevel.spectral_energyband_high.mean": 0.001052194507792592, "lowlevel.spectral_energyband_high.stdev": 0.0012013379018753767, "lowlevel.spectral_energyband_low.mean": 0.04939641058444977, "lowlevel.spectral_energyband_low.stdev": 0.04439616948366165, "lowlevel.spectral_energyband_middle_high.mean": 0.007905201986432076, "lowlevel.spectral_energyband_middle_high.stdev": 0.010650280863046646, "lowlevel.spectral_energyband_middle_low.mean": 0.00726283248513937, "lowlevel.spectral_energyband_middle_low.stdev": 0.012264586053788662, "lowlevel.spectral_entropy.mean": 7.523802757263184, "lowlevel.spectral_entropy.stdev": 0.5092305541038513, "lowlevel.spectral_flux.mean": 0.12197142839431763, "lowlevel.spectral_flux.stdev": 0.08531167358160019, "lowlevel.spectral_kurtosis.mean": 4.099662780761719, "lowlevel.spectral_kurtosis.stdev": 2.523007392883301, "lowlevel.spectral_rms.mean": 0.0072852568700909615, "lowlevel.spectral_rms.stdev": 0.003099083201959729, "lowlevel.spectral_rolloff.mean": 1282.0997314453125, "lowlevel.spectral_rolloff.stdev": 2370.047119140625, "lowlevel.spectral_skewness.mean": 1.4459763765335083, "lowlevel.spectral_skewness.stdev": 0.4598832428455353, "lowlevel.spectral_spread.mean": 4941707.5, "lowlevel.spectral_spread.stdev": 3200816.5, "lowlevel.spectral_strongpeak.mean": 0.9640795588493347, "lowlevel.spectral_strongpeak.stdev": 1.415802001953125, "lowlevel.zerocrossingrate.mean": 0.05335789546370506, "lowlevel.zerocrossingrate.stdev": 0.07682345807552338, "metadata.audio_properties.analysis.equal_loudness": 0.0, "metadata.audio_properties.analysis.length": 22.356281280517578, "metadata.audio_properties.analysis.sample_rate": 44100.0, "metadata.audio_properties.analysis.start_time": 0.0, "metadata.audio_properties.bit_rate": 123764.0, "metadata.audio_properties.length": 22.35733413696289, "metadata.audio_properties.lossless": 0.0, "metadata.audio_properties.number_channels": 1.0, "metadata.audio_properties.replay_gain": -14.699583053588867, "metadata.audio_properties.sample_rate": 48000.0, "rhythm.beats_count": 43.0, "rhythm.beats_loudness.mean": 0.08371955901384354, "rhythm.beats_loudness.stdev": 0.0314161442220211, "rhythm.bpm": 115.74562072753906, "rhythm.bpm_histogram_first_peak_bpm": 115.0, "rhythm.bpm_histogram_first_peak_weight": 0.5, "rhythm.bpm_histogram_second_peak_bpm": 120.0, "rhythm.bpm_histogram_second_peak_spread": 0.25, "rhythm.bpm_histogram_second_peak_weight": 0.0714285746216774, "rhythm.danceability": 1.6099833250045776, "rhythm.onset_rate": 4.4250898361206055, "tonal.chords_changes_rate": 0.10144927352666855, "tonal.chords_number_rate": 0.028985507786273956, "tonal.chords_strength.mean": 0.4873896837234497, "tonal.chords_strength.stdev": 0.09428361803293228, "tonal.hpcp_crest.mean": 13.474176406860352, "tonal.hpcp_crest.stdev": 6.029915809631348, "tonal.hpcp_entropy.mean": 1.9329463243484497, "tonal.hpcp_entropy.stdev": 0.8200497031211853, "tonal.key_edma.strength": 0.3600112497806549, "tonal.key_krumhansl.strength": 0.3639056384563446, "tonal.key_temperley.strength": 0.37683358788490295, "tonal.tuning_diatonic_strength": 0.3079947829246521, "tonal.tuning_equal_tempered_deviation": 0.26281675696372986, "tonal.tuning_frequency": 434.193115234375, "tonal.tuning_nontempered_energy_ratio": 0.922119677066803, "lowlevel.barkbands.mean": [0.004482054617255926, 0.04023543372750282, 0.0038227189797908068, 0.0018811568152159452, 0.0009689333382993937, 0.001610875828191638, 0.0008415176998823881, 0.0003349945764057338, 0.0006746759754605591, 0.002411601133644581, 0.0006320066167972982, 0.001812131144106388, 0.0004412011185195297, 0.00065638218075037, 0.00046108232345432043, 0.00026139680994674563, 0.0003203301166649908, 0.000547505565918982, 0.0006708980654366314, 0.00036789264413528144, 0.00035543626290746033, 9.038216376211494e-05, 0.00011107412137789652, 0.00010017141903517768, 0.00013547841808758676, 1.8867734979721718e-05, 1.1005258926388706e-07], "lowlevel.barkbands.stdev": [0.0050728945061564445, 0.04212787002325058, 0.01237307395786047, 0.007243872620165348, 0.0035826426465064287, 0.0028241323307156563, 0.0021842087153345346, 0.001238906872458756, 0.001986155519261956, 0.0067408112809062, 0.0022220732644200325, 0.005347347352653742, 0.0012666600523516536, 0.001687058131210506, 0.0015922439051792026, 0.0007021657074801624, 0.0007308546337299049, 0.001301956595852971, 0.0012213810114189982, 0.0005073918146081269, 0.0006164298974908888, 0.0001538408687338233, 0.00017168839985970408, 0.00014163159357849509, 0.0002827857679221779, 5.8280667872168124e-05, 5.811131700284022e-07], "lowlevel.erbbands.mean": [1.787449598312378, 6.428634166717529, 5.53854513168335, 5.875722408294678, 4.656552791595459, 2.7463128566741943, 5.624607086181641, 15.027242660522461, 14.729425430297852, 8.370259284973145, 8.334405899047852, 17.13108253479004, 58.1986198425293, 56.91284942626953, 32.76493835449219, 85.40510559082031, 26.473533630371094, 31.568544387817383, 29.64090347290039, 18.959657669067383, 14.514780044555664, 18.776208877563477, 27.01268768310547, 35.50535583496094, 25.417259216308594, 16.934858322143555, 23.977285385131836, 5.9339118003845215, 3.154223680496216, 3.502225160598755, 3.083108901977539, 1.6573967933654785, 2.1259028911590576, 2.043728828430176, 0.6119481921195984, 0.144148588180542, 0.021747343242168427, 0.0014597608242183924, 7.372903928626329e-05, 7.65385921113193e-05], "lowlevel.erbbands.stdev": [1.7680729627609253, 8.981346130371094, 13.47584056854248, 20.818998336791992, 17.56304359436035, 10.150716781616211, 12.483840942382812, 26.554149627685547, 34.63152313232422, 24.27530288696289, 24.812849044799805, 51.29396438598633, 156.36077880859375, 201.54000854492188, 87.8084487915039, 252.46990966796875, 61.93756866455078, 81.44091796875, 99.07215118408203, 42.31049728393555, 31.100818634033203, 39.48628234863281, 64.71974182128906, 71.20165252685547, 44.023555755615234, 22.134740829467773, 39.825225830078125, 8.752386093139648, 5.366028785705566, 5.587249755859375, 4.850639343261719, 2.5354163646698, 3.237082004547119, 4.088285446166992, 1.4713231325149536, 0.3996790051460266, 0.07718100398778915, 0.005110071040689945, 0.00012090532982256263, 4.669763438869268e-05], "lowlevel.gfcc.mean": [-35.94749069213867, 64.48978424072266, -127.50874328613281, 42.465126037597656, -50.087127685546875, 29.821367263793945, -20.606504440307617, 30.139497756958008, -15.334234237670898, 15.627124786376953, 5.726349830627441, 7.920774459838867, 5.731034755706787], "lowlevel.melbands.mean": [0.013279317878186703, 0.0045524900779128075, 0.0009732366888783872, 0.0002459024835843593, 0.00018192647257819772, 0.0003373993677087128, 0.00021323771215975285, 8.442000398645177e-05, 7.194504723884165e-05, 0.00010882374772336334, 0.0002964166924357414, 0.00023956097720656544, 9.387075988342986e-05, 0.0002103090810123831, 0.00011941301636397839, 3.9253827708307654e-05, 6.350587500492111e-05, 4.950501534040086e-05, 2.8606313208001666e-05, 2.0676865460700355e-05, 1.6341180526069365e-05, 1.623873322387226e-05, 2.9672304663108662e-05, 2.211931860074401e-05, 3.0017359677003697e-05, 2.3797656467650086e-05, 1.1318728866172023e-05, 1.088895442080684e-05, 1.786132634151727e-05, 8.155901014106348e-06, 1.983675929295714e-06, 1.6935440498855314e-06, 1.7869560906547122e-06, 2.044944494627998e-06, 1.9303324734210037e-06, 1.2702496405836428e-06, 8.955836392487981e-07, 1.2643199625017587e-06, 1.9955768948420882e-06, 1.6517037693120074e-06], "lowlevel.melbands.stdev": [0.013038408942520618, 0.007317265961319208, 0.003394144121557474, 0.0009295708732679486, 0.00041673483792692423, 0.0005837035132572055, 0.0005082633579149842, 0.0002624317421577871, 0.0002041530387941748, 0.00030687073012813926, 0.0008024883572943509, 0.0008986510802060366, 0.0003083845367655158, 0.0006221489747986197, 0.00030337294447235763, 9.954207052942365e-05, 0.00017670159286353737, 0.00016630423488095403, 7.941365038277581e-05, 5.975046951789409e-05, 4.071532021043822e-05, 4.139667726121843e-05, 8.186740160454065e-05, 5.16944273840636e-05, 6.359495455399156e-05, 4.767637437907979e-05, 1.7715223293635063e-05, 1.4805034879827872e-05, 3.432404264458455e-05, 1.380463618261274e-05, 3.8563266571145505e-06, 3.047156269531115e-06, 3.12141924041498e-06, 3.2718553484301083e-06, 3.0669134503114037e-06, 2.091836222462007e-06, 1.4448906995312427e-06, 1.9460781004454475e-06, 3.3988060295087053e-06, 3.652271288956399e-06], "lowlevel.melbands128.mean": [0.004197258967906237, 0.016403237357735634, 0.016472086310386658, 0.008768433704972267, 0.0033996468409895897, 0.0017573119839653373, 0.0012452928349375725, 0.0008247482473962009, 0.000433765584602952, 0.00020939145178999752, 0.00012646039249375463, 0.00011040267418138683, 0.0001329908409388736, 0.000351071561453864, 0.0003677012864500284, 0.00032891856972128153, 0.00028908581589348614, 0.00019088714907411486, 0.00012473436072468758, 8.417571370955557e-05, 6.561044574482366e-05, 7.137679494917393e-05, 5.860082455910742e-05, 8.240549504989758e-05, 0.00012843347212765366, 6.760821997886524e-05, 0.00018954294500872493, 0.0004211493651382625, 0.0002363958628848195, 0.0003733056946657598, 0.00018858423572964966, 8.595058898208663e-05, 0.00011825281399069354, 6.13215597695671e-05, 8.688776142662391e-05, 0.0003402970905881375, 0.0003089747915510088, 4.3682648538379e-05, 6.65004481561482e-05, 5.419705848908052e-05, 2.5885619834298268e-05, 2.6976445951731876e-05, 7.347710197791457e-05, 8.01529167802073e-05, 4.488860577112064e-05, 5.0582497351570055e-05, 4.883417204837315e-05, 1.9196721041225828e-05, 2.7536436391528696e-05, 2.7404663342167623e-05, 1.8974122212966904e-05, 1.4119362276687752e-05, 1.6767649867688306e-05, 1.8329423255636357e-05, 1.351992159470683e-05, 1.611283005331643e-05, 1.393402271787636e-05, 3.528958768583834e-05, 3.772557829506695e-05, 1.5419202100019902e-05, 1.960621193575207e-05, 2.6185403839917853e-05, 2.94606652460061e-05, 2.8809134164475836e-05, 3.707449650391936e-05, 2.1471623767865822e-05, 1.9321469153510407e-05, 1.45019230330945e-05, 6.712734375469154e-06, 1.155621066573076e-05, 9.394700100529008e-06, 7.960334187373519e-06, 2.331158066226635e-05, 1.887328107841313e-05, 1.3758220120507758e-05, 1.1568478839762975e-05, 3.6599903978640214e-06, 1.9928254459955497e-06, 1.9452111246209824e-06, 1.7945022818821599e-06, 1.6901830122151296e-06, 1.6429120250904816e-06, 1.7000004390865797e-06, 1.773473854882468e-06, 1.9376059299247572e-06, 1.7850447875389364e-06, 2.2589333639189135e-06, 2.2247327251534443e-06, 1.9049364254897228e-06, 1.7311178908130387e-06, 1.5514908682234818e-06, 1.064783873516717e-06, 9.662334150561946e-07, 8.08270954166801e-07, 8.812583587314293e-07, 1.0333239970350405e-06, 1.312408016929112e-06, 1.6491509313709685e-06, 2.03339800464164e-06, 2.234018666058546e-06, 1.9596539004851365e-06, 1.5238869082168094e-06, 1.3221329027146567e-06, 9.59379008236283e-07, 5.860891292286396e-07, 3.8664137491650763e-07, 3.2957129292299214e-07, 3.803369281740743e-07, 2.357858051027506e-07, 1.337881343488334e-07, 9.526888078426055e-08, 6.919838568819614e-08, 6.665057128429908e-08, 4.208103732139534e-08, 2.0957402924182134e-08, 7.782886335405692e-09, 3.89187571059324e-09, 7.483695885213137e-10, 8.068795631643866e-11, 1.0550018324229082e-11, 9.815120938228006e-12, 8.509261004152613e-12, 7.970210429142366e-12, 7.816961487827623e-12, 7.59100681618774e-12, 7.301313199870041e-12, 7.135396440371977e-12, 7.080878418330716e-12], "lowlevel.melbands128.stdev": [0.0047794668935239315, 0.016908302903175354, 0.019972214475274086, 0.01444845087826252, 0.008174262009561062, 0.005909970961511135, 0.004672252107411623, 0.0031866137869656086, 0.0016981702065095305, 0.0008469285094179213, 0.0005027661100029945, 0.0004045081150252372, 0.00039839971577748656, 0.0008718247408978641, 0.0007975140470080078, 0.0008173237438313663, 0.000721492397133261, 0.0007303613238036633, 0.00042174512054771185, 0.00033821535180322826, 0.00034272309858351946, 0.0003719187225215137, 0.00019366992637515068, 0.00036441735574044287, 0.0006022821180522442, 0.0002281533379573375, 0.0006032594828866422, 0.0014231180539354682, 0.0008453244809061289, 0.0018414364894852042, 0.0008186585619114339, 0.00039925501914694905, 0.000533365469891578, 0.00025142316007986665, 0.0006202983786351979, 0.0011040023528039455, 0.0010813515400514007, 0.00016325237811543047, 0.0002888403250835836, 0.00018593516142573208, 8.27657786430791e-05, 0.00012313637125771493, 0.0002578890125732869, 0.0002825718838721514, 0.00016486269305460155, 0.00028417198336683214, 0.00027846390730701387, 8.627144416095689e-05, 8.470182365272194e-05, 8.845610136631876e-05, 9.806579328142107e-05, 4.961998638464138e-05, 4.8950045311357826e-05, 6.514527194667608e-05, 3.239010402467102e-05, 7.684593583690003e-05, 4.347357389633544e-05, 0.00011895586794707924, 0.00015991592954378575, 5.437679647002369e-05, 6.936326826689765e-05, 7.443587674060836e-05, 0.00010704473970690742, 8.966478344518691e-05, 0.00010544880933593959, 6.782881973776966e-05, 4.6508226660080254e-05, 3.90058703487739e-05, 1.2292141946090851e-05, 2.054306969512254e-05, 1.8725120753515512e-05, 1.3741911971010268e-05, 5.141000292496756e-05, 5.347149271983653e-05, 2.6896921553998254e-05, 2.5485589503659867e-05, 8.06965817901073e-06, 4.364148480817676e-06, 4.471218289836543e-06, 3.654114834716893e-06, 3.366385499248281e-06, 3.1915658382786205e-06, 3.3849332794488873e-06, 3.429830940149259e-06, 3.53265272678982e-06, 3.2142754662345396e-06, 3.9206756810017396e-06, 3.8268071875791065e-06, 3.3145413453894434e-06, 3.2765940432000207e-06, 2.792078021229827e-06, 1.9065269043494482e-06, 1.707432829789468e-06, 1.5572769598293235e-06, 1.6215836922128801e-06, 1.8339879943596316e-06, 2.385807420068886e-06, 2.861026132450206e-06, 3.591368567867903e-06, 4.191879270365462e-06, 4.382945007819217e-06, 3.866470251523424e-06, 3.3355133837176254e-06, 2.7590658646658994e-06, 1.4603646150135319e-06, 1.0733450608313433e-06, 8.983113275462529e-07, 1.0738591527115204e-06, 6.706469548589666e-07, 5.472334692058212e-07, 4.0940952317214396e-07, 2.7105579647468403e-07, 2.7854031259266776e-07, 2.08261241141372e-07, 1.0064103861395779e-07, 3.7884088754935874e-08, 2.0751231843973983e-08, 3.722509633874438e-09, 1.2036950325367002e-09, 6.375536210079247e-11, 4.8080039949383035e-11, 1.7427854298590617e-11, 1.374024852229816e-11, 1.3351546430950822e-11, 1.2227367555961433e-11, 1.1113744473323361e-11, 1.0870003681884288e-11, 1.0812877503096896e-11], "lowlevel.mfcc.mean": [-668.8603515625, 90.7394790649414, -10.160421371459961, 23.724376678466797, 6.583178997039795, 5.309701442718506, 18.77569007873535, 11.722975730895996, 7.25855827331543, 9.276732444763184, 11.801972389221191, 5.947277545928955, 15.241835594177246], "lowlevel.spectral_contrast_coeffs.mean": [-0.6996618509292603, -0.7434435486793518, -0.7447603940963745, -0.7920171618461609, -0.761647641658783, -0.7491005659103394], "lowlevel.spectral_contrast_coeffs.stdev": [0.09953737258911133, 0.10087824612855911, 0.11469313502311707, 0.0721222534775734, 0.06451623886823654, 0.058360371738672256], "lowlevel.spectral_contrast_valleys.mean": [-7.917465686798096, -7.6159348487854, -7.847333908081055, -8.0231294631958, -7.741675853729248, -10.661755561828613], "lowlevel.spectral_contrast_valleys.stdev": [2.1047050952911377, 1.9822756052017212, 1.9323562383651733, 1.8842600584030151, 1.9012395143508911, 1.9007633924484253], "rhythm.beats_loudness_band_ratio.mean": [0.7510499358177185, 0.020094970241189003, 0.04932277649641037, 0.11337754130363464, 0.04298848286271095, 0.039892107248306274], "rhythm.beats_loudness_band_ratio.stdev": [0.2581002116203308, 0.0314071886241436, 0.10212097316980362, 0.15839500725269318, 0.05298200249671936, 0.04503711313009262], "tonal.hpcp.mean": [0.07954220473766327, 0.08546531945466995, 0.06974116712808609, 0.051011476665735245, 0.037879135459661484, 0.035004932433366776, 0.054502516984939575, 0.06621388345956802, 0.059343449771404266, 0.051735490560531616, 0.04679566249251366, 0.05383184552192688, 0.061600230634212494, 0.06426636129617691, 0.07070175558328629, 0.09138181060552597, 0.09882154315710068, 0.08358000218868256, 0.10201436281204224, 0.14274026453495026, 0.15360327064990997, 0.16241826117038727, 0.18739663064479828, 0.1700754016637802, 0.14060208201408386, 0.12589839100837708, 0.10690108686685562, 0.09488585591316223, 0.0838480070233345, 0.06478214263916016, 0.08572310209274292, 0.12169484049081802, 0.0934952050447464, 0.07207635045051575, 0.08363237977027893, 0.07908125966787338], "tonal.hpcp.stdev": [0.20662149786949158, 0.22991424798965454, 0.19832079112529755, 0.1523449718952179, 0.13036607205867767, 0.11352213472127914, 0.1616242676973343, 0.19039832055568695, 0.17999282479286194, 0.17310670018196106, 0.14828409254550934, 0.17413602769374847, 0.19501858949661255, 0.18002095818519592, 0.19909168779850006, 0.19667170941829681, 0.23200838267803192, 0.20312048494815826, 0.2374935746192932, 0.2878512442111969, 0.30317896604537964, 0.2911983132362366, 0.32503989338874817, 0.29279825091362, 0.2814246714115143, 0.2686426043510437, 0.25164979696273804, 0.23228898644447327, 0.2201533019542694, 0.17452988028526306, 0.18483710289001465, 0.2626149356365204, 0.20950210094451904, 0.1772071123123169, 0.20976634323596954, 0.20510439574718475], "rhythm.beats_position": [0.4760090708732605, 0.9752380847930908, 1.4628571271896362, 1.9620860815048218, 2.461315155029297, 2.972154140472412, 3.4829931259155273, 4.005442142486572, 4.527891159057617, 5.050340175628662, 5.572789192199707, 6.095238208770752, 6.617686748504639, 7.128525733947754, 7.650974750518799, 8.161813735961914, 8.684263229370117, 9.218321800231934, 9.729161262512207, 10.239999771118164, 10.76244831085205, 11.284897804260254, 11.795736312866211, 12.306575775146484, 12.817414283752441, 13.351473808288574, 13.862312316894531, 14.396371841430664, 14.907210350036621, 15.429659843444824, 15.952108383178711, 16.474557876586914, 16.985397338867188, 17.507844924926758, 18.01868438720703, 18.541133880615234, 19.063581466674805, 19.586030960083008, 20.09687042236328, 20.619319915771484, 21.130157470703125, 21.652606964111328, 22.1634464263916], "rhythm.bpm_histogram": [0.0, 0.0, 0.0, 0.0, 0.0, 0.0, 0.0, 0.0, 0.0, 0.0, 0.0, 0.0, 0.0, 0.0, 0.0, 0.0, 0.0, 0.0, 0.0, 0.0, 0.0, 0.0, 0.0, 0.0, 0.0, 0.0, 0.0, 0.0, 0.0, 0.0, 0.0, 0.0, 0.0, 0.0, 0.0, 0.0, 0.0, 0.0, 0.0, 0.0, 0.0, 0.0, 0.0, 0.0, 0.0, 0.0, 0.0, 0.0, 0.0, 0.0, 0.0, 0.0, 0.0, 0.0, 0.0, 0.0, 0.0, 0.0, 0.0, 0.0, 0.0, 0.0, 0.0, 0.0, 0.0, 0.0, 0.0, 0.0, 0.0, 0.0, 0.0, 0.0, 0.0, 0.0, 0.0, 0.0, 0.0, 0.0, 0.0, 0.0, 0.0, 0.0, 0.0, 0.0, 0.0, 0.0, 0.0, 0.0, 0.0, 0.0, 0.0, 0.0, 0.0, 0.0, 0.0, 0.0, 0.0, 0.0, 0.0, 0.0, 0.0, 0.0, 0.0, 0.0, 0.0, 0.0, 0.0, 0.0, 0.0, 0.0, 0.0, 0.0, 0.0714285746216774, 0.0, 0.0, 0.4523809552192688, 0.0, 0.380952388048172, 0.0, 0.0, 0.0714285746216774, 0.0, 0.0, 0.02380952425301075, 0.0, 0.0, 0.0, 0.0, 0.0, 0.0, 0.0, 0.0, 0.0, 0.0, 0.0, 0.0, 0.0, 0.0, 0.0, 0.0, 0.0, 0.0, 0.0, 0.0, 0.0, 0.0, 0.0, 0.0, 0.0, 0.0, 0.0, 0.0, 0.0, 0.0, 0.0, 0.0, 0.0, 0.0, 0.0, 0.0, 0.0, 0.0, 0.0, 0.0, 0.0, 0.0, 0.0, 0.0, 0.0, 0.0, 0.0, 0.0, 0.0, 0.0, 0.0, 0.0, 0.0, 0.0, 0.0, 0.0, 0.0, 0.0, 0.0, 0.0, 0.0, 0.0, 0.0, 0.0, 0.0, 0.0, 0.0, 0.0, 0.0, 0.0, 0.0, 0.0, 0.0, 0.0, 0.0, 0.0, 0.0, 0.0, 0.0, 0.0, 0.0, 0.0, 0.0, 0.0, 0.0, 0.0, 0.0, 0.0, 0.0, 0.0, 0.0, 0.0, 0.0, 0.0, 0.0, 0.0, 0.0, 0.0, 0.0, 0.0, 0.0, 0.0, 0.0, 0.0, 0.0, 0.0, 0.0, 0.0, 0.0, 0.0, 0.0, 0.0, 0.0, 0.0, 0.0, 0.0, 0.0, 0.0, 0.0, 0.0, 0.0, 0.0, 0.0, 0.0, 0.0, 0.0], "tonal.chords_histogram": [0.6211180090904236, 6.418219566345215, 20.703933715820312, 6.004140853881836, 0.0, 0.6211180090904236, 1.4492753744125366, 2.277432680130005, 20.910972595214844, 10.144927978515625, 0.0, 1.2422360181808472, 0.20703934133052826, 0.0, 0.0, 8.902691841125488, 3.1055901050567627, 0.0, 0.4140786826610565, 4.140786647796631, 3.1055901050567627, 0.0, 7.453416347503662, 2.277432680130005], "tonal.thpcp": [1.0, 0.907569169998169, 0.7502914071083069, 0.6718284487724304, 0.5704536437988281, 0.50633704662323, 0.44743603467941284, 0.3456953465938568, 0.4574420750141144, 0.6493971347808838, 0.4989161491394043, 0.38461923599243164, 0.4462853968143463, 0.42199936509132385, 0.4244590997695923, 0.45606645941734314, 0.3721580505371094, 0.2722112834453583, 0.20213349163532257, 0.18679594993591309, 0.29084041714668274, 0.35333549976348877, 0.3166729807853699, 0.2760748267173767, 0.24971453845500946, 0.2872615456581116, 0.3287157714366913, 0.3429429829120636, 0.3772840201854706, 0.4876385033130646, 0.527338981628418, 0.4460059106349945, 0.5443767309188843, 0.7617013454437256, 0.8196693062782288, 0.866708517074585], "lowlevel.gfcc.cov": [[21762.58984375, 1568.36669921875, -1470.7186279296875, 841.3977661132812, -815.8045043945312, 613.1028442382812, -196.71717834472656, 503.0685119628906, -379.6109924316406, 219.01231384277344, 191.78012084960938, -21.181724548339844, 314.54254150390625], [1568.36669921875, 1420.0557861328125, 534.9254150390625, 258.6018371582031, 403.21722412109375, -31.284414291381836, 60.236846923828125, -118.28248596191406, 72.85018157958984, -133.33912658691406, -51.12981033325195, -175.39122009277344, -81.50457763671875], [-1470.7186279296875, 534.9254150390625, 1703.4219970703125, 775.345947265625, 676.0642700195312, 58.323631286621094, 82.47108459472656, 95.08368682861328, 121.16254425048828, -142.43971252441406, -16.462871551513672, -41.989288330078125, -170.71670532226562], [841.3977661132812, 258.6018371582031, 775.345947265625, 1186.80615234375, 510.14434814453125, 245.69046020507812, 270.6824035644531, 210.22535705566406, 176.2162322998047, -163.30130004882812, 291.9125061035156, -134.13107299804688, 71.01457977294922], [-815.8045043945312, 403.21722412109375, 676.0642700195312, 510.14434814453125, 807.009033203125, 313.4638671875, 340.0928955078125, 126.85362243652344, 245.2792510986328, 7.968230247497559, 39.88178253173828, -61.04433822631836, -52.878570556640625], [613.1028442382812, -31.284414291381836, 58.323631286621094, 245.69046020507812, 313.4638671875, 771.1830444335938, 505.848876953125, 37.03221130371094, 145.92776489257812, 100.468505859375, 114.48846435546875, -154.5206298828125, 148.6219482421875], [-196.71717834472656, 60.236846923828125, 82.47108459472656, 270.6824035644531, 340.0928955078125, 505.848876953125, 591.7354736328125, 111.54894256591797, 180.2339630126953, 62.198631286621094, 194.25665283203125, -95.9424819946289, 144.65975952148438], [503.0685119628906, -118.28248596191406, 95.08368682861328, 210.22535705566406, 126.85362243652344, 37.03221130371094, 111.54894256591797, 335.44891357421875, 142.10299682617188, 99.71617126464844, 104.74562072753906, 118.43340301513672, 43.08330535888672], [-379.6109924316406, 72.85018157958984, 121.16254425048828, 176.2162322998047, 245.2792510986328, 145.92776489257812, 180.2339630126953, 142.10299682617188, 273.8138427734375, 82.43443298339844, 102.16345977783203, 23.56707000732422, 38.9464225769043], [219.01231384277344, -133.33912658691406, -142.43971252441406, -163.30130004882812, 7.968230247497559, 100.468505859375, 62.198631286621094, 99.71617126464844, 82.43443298339844, 241.75709533691406, 39.21430206298828, 97.9951171875, 43.08229064941406], [191.78012084960938, -51.12981033325195, -16.462871551513672, 291.9125061035156, 39.88178253173828, 114.48846435546875, 194.25665283203125, 104.74562072753906, 102.16345977783203, 39.21430206298828, 363.6842346191406, 3.944870948791504, 166.951904296875], [-21.181724548339844, -175.39122009277344, -41.989288330078125, -134.13107299804688, -61.04433822631836, -154.5206298828125, -95.9424819946289, 118.43340301513672, 23.56707000732422, 97.9951171875, 3.944870948791504, 246.14083862304688, -34.53196716308594], [314.54254150390625, -81.50457763671875, -170.71670532226562, 71.01457977294922, -52.878570556640625, 148.6219482421875, 144.65975952148438, 43.08330535888672, 38.9464225769043, 43.08229064941406, 166.951904296875, -34.53196716308594, 219.78639221191406]], "lowlevel.gfcc.icov": [[0.00022247283777687699, -0.0006573551218025386, 0.00043637098860926926, -0.0006347720045596361, 0.0005485175061039627, -0.000790680292993784, 0.0005051189800724387, -0.0006954086129553616, 0.0007137426873669028, -0.00040017458377406, 0.00020267297804821283, -0.0004363283806014806, 0.00018183763313572854], [-0.0006573551218025386, 0.0029892930760979652, -0.0014498884556815028, 0.0019348763162270188, -0.002135028364136815, 0.002848827512934804, -0.0016257772222161293, 0.0024706008844077587, -0.002359334146603942, 0.0011833420721814036, -0.0005506366142071784, 0.001990926917642355, -0.0006391798960976303], [0.00043637098860926926, -0.0014498884556815028, 0.002116955816745758, -0.0019699549302458763, 0.00036714368616230786, -0.0015325581189244986, 0.001175532117486, -0.0012276252964511514, 0.0016461553750559688, -0.0007553729228675365, 0.000639459933154285, -0.0012736700009554625, 0.0008807604317553341], [-0.0006347720045596361, 0.0019348763162270188, -0.0019699549302458763, 0.004952113609761, -0.002596550155431032, 0.0013581098755821586, -0.000301961088553071, -0.0001229200279340148, -0.0019695269875228405, 0.0037028442602604628, -0.0030552733223885298, 0.0025323329027742147, -0.0004826168587896973], [0.0005485175061039627, -0.002135028364136815, 0.00036714368616230786, -0.002596550155431032, 0.005407004151493311, -0.0022079513873904943, -0.0004310717049520463, -0.001409983611665666, -2.3808712285244837e-05, -0.0017772921128198504, 0.0016472730785608292, -0.0014282314805313945, 0.0017783449729904532], [-0.000790680292993784, 0.002848827512934804, -0.0015325581189244986, 0.0013581098755821586, -0.0022079513873904943, 0.0071453736163675785, -0.004966684617102146, 0.0037689602468162775, -0.0025732675567269325, -0.0010410565882921219, 0.0008335235179401934, 0.0030282267834991217, -0.0017713261768221855], [0.0005051189800724387, -0.0016257772222161293, 0.001175532117486, -0.000301961088553071, -0.0004310717049520463, -0.004966684617102146, 0.007234514690935612, -0.0031849280931055546, 0.0012751463800668716, 0.0007126645650714636, -0.0018785418942570686, -0.0003541418118402362, -0.00019197622896172106], [-0.0006954086129553616, 0.0024706008844077587, -0.0012276252964511514, -0.0001229200279340148, -0.001409983611665666, 0.0037689602468162775, -0.0031849280931055546, 0.008974307216703892, -0.0039040222764015198, -0.0011384082026779652, 0.0007354982080869377, -0.001504799583926797, -0.0014333451399579644], [0.0007137426873669028, -0.002359334146603942, 0.0016461553750559688, -0.0019695269875228405, -2.3808712285244837e-05, -0.0025732675567269325, 0.0012751463800668716, -0.0039040222764015198, 0.00936494767665863, -0.002618751721456647, -0.0004177343798801303, -0.0014173847157508135, 0.0006274289917200804], [-0.00040017458377406, 0.0011833420721814036, -0.0007553729228675365, 0.0037028442602604628, -0.0017772921128198504, -0.0010410565882921219, 0.0007126645650714636, -0.0011384082026779652, -0.002618751721456647, 0.009916497394442558, -0.0020894198678433895, -0.0013536030892282724, -0.0008464567363262177], [0.00020267297804821283, -0.0005506366142071784, 0.000639459933154285, -0.0030552733223885298, 0.0016472730785608292, 0.0008335235179401934, -0.0018785418942570686, 0.0007354982080869377, -0.0004177343798801303, -0.0020894198678433895, 0.007351121865212917, -0.0018180873012170196, -0.003471486968919635], [-0.0004363283806014806, 0.001990926917642355, -0.0012736700009554625, 0.0025323329027742147, -0.0014282314805313945, 0.0030282267834991217, -0.0003541418118402362, -0.001504799583926797, -0.0014173847157508135, -0.0013536030892282724, -0.0018180873012170196, 0.009597056545317173, 0.0010973336175084114], [0.00018183763313572854, -0.0006391798960976303, 0.0008807604317553341, -0.0004826168587896973, 0.0017783449729904532, -0.0017713261768221855, -0.00019197622896172106, -0.0014333451399579644, 0.0006274289917200804, -0.0008464567363262177, -0.003471486968919635, 0.0010973336175084114, 0.00978976022452116]], "lowlevel.mfcc.cov": [[9021.103515625, 71.53096008300781, 62.144309997558594, 34.422760009765625, -69.79293060302734, -50.89363098144531, 455.7566223144531, -84.41686248779297, 80.15553283691406, 173.96585083007812, -225.59400939941406, 125.85974884033203, 24.98347282409668], [71.53096008300781, 1640.069580078125, 48.06800079345703, 206.1302032470703, 149.290771484375, 140.0512237548828, -245.60455322265625, 14.788887977600098, 24.717002868652344, -106.85370635986328, 185.8072052001953, -209.52565002441406, 24.184385299682617], [62.144309997558594, 48.06800079345703, 1065.47998046875, 542.9742431640625, 467.3235778808594, 137.26219177246094, 279.8046875, 150.90489196777344, 16.881067276000977, 75.59452819824219, -16.230690002441406, 80.97463989257812, -72.06749725341797], [34.422760009765625, 206.1302032470703, 542.9742431640625, 880.8787231445312, 511.46319580078125, -24.6754150390625, 152.24026489257812, 256.954833984375, 6.179420471191406, 30.52615737915039, 128.370849609375, 68.46847534179688, 12.560112953186035], [-69.79293060302734, 149.290771484375, 467.3235778808594, 511.46319580078125, 573.3475341796875, 198.97727966308594, 213.7292938232422, 204.8489227294922, 103.02413177490234, 135.11024475097656, 101.43120574951172, 88.21549224853516, 6.858684539794922], [-50.89363098144531, 140.0512237548828, 137.26219177246094, -24.6754150390625, 198.97727966308594, 600.7803344726562, 298.5061950683594, 134.49642944335938, 226.79808044433594, 197.9033203125, 55.837005615234375, 75.08859252929688, 28.652162551879883], [455.7566223144531, -245.60455322265625, 279.8046875, 152.24026489257812, 213.7292938232422, 298.5061950683594, 580.57470703125, 143.80931091308594, 162.5076141357422, 251.55914306640625, -23.853368759155273, 194.44851684570312, 11.83214282989502], [-84.41686248779297, 14.788887977600098, 150.90489196777344, 256.954833984375, 204.8489227294922, 134.49642944335938, 143.80931091308594, 293.41888427734375, 122.17066955566406, 80.52326965332031, 132.76400756835938, 87.0966796875, 53.231544494628906], [80.15553283691406, 24.717002868652344, 16.881067276000977, 6.179420471191406, 103.02413177490234, 226.79808044433594, 162.5076141357422, 122.17066955566406, 271.67584228515625, 161.97711181640625, 67.26922607421875, 74.65924835205078, 65.39169311523438], [173.96585083007812, -106.85370635986328, 75.59452819824219, 30.52615737915039, 135.11024475097656, 197.9033203125, 251.55914306640625, 80.52326965332031, 161.97711181640625, 245.21377563476562, 34.0428581237793, 134.3124542236328, 42.84709930419922], [-225.59400939941406, 185.8072052001953, -16.230690002441406, 128.370849609375, 101.43120574951172, 55.837005615234375, -23.853368759155273, 132.76400756835938, 67.26922607421875, 34.0428581237793, 223.62425231933594, 41.86292266845703, 87.29214477539062], [125.85974884033203, -209.52565002441406, 80.97463989257812, 68.46847534179688, 88.21549224853516, 75.08859252929688, 194.44851684570312, 87.0966796875, 74.65924835205078, 134.3124542236328, 41.86292266845703, 204.08958435058594, 66.45573425292969], [24.98347282409668, 24.184385299682617, -72.06749725341797, 12.560112953186035, 6.858684539794922, 28.652162551879883, 11.83214282989502, 53.231544494628906, 65.39169311523438, 42.84709930419922, 87.29214477539062, 66.45573425292969, 139.844970703125]], "lowlevel.mfcc.icov": [[0.00012626762327272445, -6.206315447343513e-05, 1.3406904145085718e-05, -2.7805366698885337e-05, 5.1742732466664165e-05, 9.338356903754175e-05, -0.00014896743232384324, 2.3521097318734974e-05, -4.010791235486977e-05, -4.4433505536289886e-05, 0.00017645437037572265, -2.6862080630962737e-05, -8.544864249415696e-05], [-6.206315447343513e-05, 0.0010207579471170902, -5.2733121265191585e-05, -0.000358009448973462, -5.043571218266152e-05, -0.0005574288661591709, 0.00033402800909243524, 0.0005509316106326878, -0.00014117690443526953, 0.00015600350161548704, -0.0009503026958554983, 0.0011089323088526726, -0.00019732385408133268], [1.3406904145085718e-05, -5.2733121265191585e-05, 0.001846322207711637, -0.0006255634943954647, -0.0009249726426787674, -0.00017949019093066454, -0.00043254627962596714, 9.583772043697536e-05, 0.00010812735854415223, 0.0005347792175598443, 0.0006006838520988822, -0.0005062536802142859, 0.00074786163168028], [-2.7805366698885337e-05, -0.000358009448973462, -0.0006255634943954647, 0.004014122299849987, -0.0028624318074434996, 0.0016814859118312597, -0.0008678736630827188, -0.0018434019293636084, 0.0006574222934432328, 0.0008591061923652887, -0.00038148966268636286, 0.00021129974629729986, -0.0004779482551384717], [5.1742732466664165e-05, -5.043571218266152e-05, -0.0009249726426787674, -0.0028624318074434996, 0.005978692788630724, -0.0013990204315632582, 0.0006328931776806712, -0.00010913525329669937, -6.575167208211496e-05, -0.0021762356627732515, -0.0005128932534717023, -8.816011541057378e-05, 0.000820868241135031], [9.338356903754175e-05, -0.0005574288661591709, -0.00017949019093066454, 0.0016814859118312597, -0.0013990204315632582, 0.00395392719656229, -0.0016959402710199356, -0.0008291359408758581, -0.001329719671048224, -0.00039618287701159716, -0.00015756885113660246, 0.0007662054267711937, 3.1222592951962724e-05], [-0.00014896743232384324, 0.00033402800909243524, -0.00043254627962596714, -0.0008678736630827188, 0.0006328931776806712, -0.0016959402710199356, 0.005266368854790926, -0.0009072835673578084, 0.0002172860549762845, -0.0029449183493852615, 0.0017639596480876207, -0.0021305971313267946, 0.000752188847400248], [2.3521097318734974e-05, 0.0005509316106326878, 9.583772043697536e-05, -0.0018434019293636084, -0.00010913525329669937, -0.0008291359408758581, -0.0009072835673578084, 0.008233323693275452, -0.002653858158737421, 0.002092948881909251, -0.003662280971184373, -0.0010169995948672295, 0.0006024778704158962], [-4.010791235486977e-05, -0.00014117690443526953, 0.00010812735854415223, 0.0006574222934432328, -6.575167208211496e-05, -0.001329719671048224, 0.0002172860549762845, -0.002653858158737421, 0.00868865568190813, -0.004671311005949974, 0.0003755056532099843, 0.001643956289626658, -0.002351482165977359], [-4.4433505536289886e-05, 0.00015600350161548704, 0.0005347792175598443, 0.0008591061923652887, -0.0021762356627732515, -0.00039618287701159716, -0.0029449183493852615, 0.002092948881909251, -0.004671311005949974, 0.01324564591050148, -0.0011918839300051332, -0.004319206811487675, 0.0007422788767144084], [0.00017645437037572265, -0.0009503026958554983, 0.0006006838520988822, -0.00038148966268636286, -0.0005128932534717023, -0.00015756885113660246, 0.0017639596480876207, -0.003662280971184373, 0.0003755056532099843, -0.0011918839300051332, 0.01009941566735506, -0.0012370535405352712, -0.0037478022277355194], [-2.6862080630962737e-05, 0.0011089323088526726, -0.0005062536802142859, 0.00021129974629729986, -8.816011541057378e-05, 0.0007662054267711937, -0.0021305971313267946, -0.0010169995948672295, 0.001643956289626658, -0.004319206811487675, -0.0012370535405352712, 0.012404163368046284, -0.004619881976395845], [-8.544864249415696e-05, -0.00019732385408133268, 0.00074786163168028, -0.0004779482551384717, 0.000820868241135031, 3.1222592951962724e-05, 0.000752188847400248, 0.0006024778704158962, -0.002351482165977359, 0.0007422788767144084, -0.0037478022277355194, -0.004619881976395845, 0.01269581075757742]], "metadata.audio_properties.analysis.downmix": "mix", "metadata.audio_properties.codec": "mp3", "metadata.audio_properties.md5_encoded": "8552c14d1d70465f42f98755350ca9a9", "metadata.tags.file_name": "1182273946473734165.mp3", "metadata.version.essentia": "2.1-beta6-dev", "metadata.version.essentia_git_sha": "v2.1_beta5-1110-g77a6a954", "metadata.version.extractor": "music 2.0", "tonal.chords_key": "C#", "tonal.chords_scale": "minor", "tonal.key_edma.key": "A", "tonal.key_edma.scale": "minor", "tonal.key_krumhansl.key": "A", "tonal.key_krumhansl.scale": "minor", "tonal.key_temperley.key": "A", "tonal.key_temperley.scale": "minor", "metadata.tags.encoding": ["Lavf58.45.100"]}, "essentia_models": [{"model_name": "genre_dortmund", "activations": {"alternative": "0.02796596", "blues": "0.0034025318", "electronic": "0.25048876", "folkcountry": "0.0032029594", "funksoulrnb": "0.016113112", "jazz": "0.0049265283"