{"song_id": "1182279044717355008", "download": "https://cdn.discordapp.com/attachments/1128313332273782784/1182279044717355008/chirp.mp4?ex=65841e29&amp", "lyrics": "Innocence is\nYou playing the victim\nWhen you victimless\nLoose lips sink ships \nAnd we're in a wreck", "style": ["fast female vocal rnb"], "essentia_features": {"lowlevel.average_loudness": 0.9758322238922119, "lowlevel.barkbands_crest.mean": 11.252175331115723, "lowlevel.barkbands_crest.stdev": 4.548457622528076, "lowlevel.barkbands_flatness_db.mean": 0.12457852810621262, "lowlevel.barkbands_flatness_db.stdev": 0.045229796320199966, "lowlevel.barkbands_kurtosis.mean": 3.0662474632263184, "lowlevel.barkbands_kurtosis.stdev": 10.748830795288086, "lowlevel.barkbands_skewness.mean": 1.2940202951431274, "lowlevel.barkbands_skewness.stdev": 1.5044219493865967, "lowlevel.barkbands_spread.mean": 32.80060577392578, "lowlevel.barkbands_spread.stdev": 15.699610710144043, "lowlevel.dissonance.mean": 0.47820550203323364, "lowlevel.dissonance.stdev": 0.018211374059319496, "lowlevel.dynamic_complexity": 1.6262723207473755, "lowlevel.erbbands_crest.mean": 9.243887901306152, "lowlevel.erbbands_crest.stdev": 4.870810031890869, "lowlevel.erbbands_flatness_db.mean": 0.14097261428833008, "lowlevel.erbbands_flatness_db.stdev": 0.037828270345926285, "lowlevel.erbbands_kurtosis.mean": 0.5504392981529236, "lowlevel.erbbands_kurtosis.stdev": 1.5856542587280273, "lowlevel.erbbands_skewness.mean": -0.3056357800960541, "lowlevel.erbbands_skewness.stdev": 0.6224820613861084, "lowlevel.erbbands_spread.mean": 38.93172836303711, "lowlevel.erbbands_spread.stdev": 20.989675521850586, "lowlevel.hfc.mean": 32.80324935913086, "lowlevel.hfc.stdev": 17.314538955688477, "lowlevel.loudness_ebu128.integrated": -12.20850658416748, "lowlevel.loudness_ebu128.loudness_range": 1.5374317169189453, "lowlevel.loudness_ebu128.momentary.mean": -12.332453727722168, "lowlevel.loudness_ebu128.momentary.stdev": 1.0933160781860352, "lowlevel.loudness_ebu128.short_term.mean": -12.317496299743652, "lowlevel.loudness_ebu128.short_term.stdev": 0.523734986782074, "lowlevel.melbands_crest.mean": 17.351024627685547, "lowlevel.melbands_crest.stdev": 5.306985378265381, "lowlevel.melbands_flatness_db.mean": 0.18165668845176697, "lowlevel.melbands_flatness_db.stdev": 0.058283109217882156, "lowlevel.melbands_kurtosis.mean": 16.3663387298584, "lowlevel.melbands_kurtosis.stdev": 34.50557327270508, "lowlevel.melbands_skewness.mean": 2.9355010986328125, "lowlevel.melbands_skewness.stdev": 2.392648220062256, "lowlevel.melbands_spread.mean": 33.94022750854492, "lowlevel.melbands_spread.stdev": 22.66275978088379, "lowlevel.pitch_salience.mean": 0.46918487548828125, "lowlevel.pitch_salience.stdev": 0.12269432097673416, "lowlevel.silence_rate_20dB.mean": 1.0, "lowlevel.silence_rate_20dB.stdev": 0.0, "lowlevel.silence_rate_30dB.mean": 0.9857697486877441, "lowlevel.silence_rate_30dB.stdev": 0.11843839287757874, "lowlevel.silence_rate_60dB.mean": 0.0025873221457004547, "lowlevel.silence_rate_60dB.stdev": 0.05079969763755798, "lowlevel.spectral_centroid.mean": 1905.7161865234375, "lowlevel.spectral_centroid.stdev": 486.0804748535156, "lowlevel.spectral_complexity.mean": 25.826648712158203, "lowlevel.spectral_complexity.stdev": 6.7318596839904785, "lowlevel.spectral_decrease.mean": -1.0648514958688793e-08, "lowlevel.spectral_decrease.stdev": 8.749111657380126e-09, "lowlevel.spectral_energy.mean": 0.043165337294340134, "lowlevel.spectral_energy.stdev": 0.03329208865761757, "lowlevel.spectral_energyband_high.mean": 0.0013407065998762846, "lowlevel.spectral_energyband_high.stdev": 0.0014731667470186949, "lowlevel.spectral_energyband_low.mean": 0.02368449792265892, "lowlevel.spectral_energyband_low.stdev": 0.03284047916531563, "lowlevel.spectral_energyband_middle_high.mean": 0.010705757886171341, "lowlevel.spectral_energyband_middle_high.stdev": 0.00809850636869669, "lowlevel.spectral_energyband_middle_low.mean": 0.008037867955863476, "lowlevel.spectral_energyband_middle_low.stdev": 0.012973112985491753, "lowlevel.spectral_entropy.mean": 7.853853702545166, "lowlevel.spectral_entropy.stdev": 0.264460951089859, "lowlevel.spectral_flux.mean": 0.12572894990444183, "lowlevel.spectral_flux.stdev": 0.07483834773302078, "lowlevel.spectral_kurtosis.mean": 3.7644882202148438, "lowlevel.spectral_kurtosis.stdev": 1.6563352346420288, "lowlevel.spectral_rms.mean": 0.0061247097328305244, "lowlevel.spectral_rms.stdev": 0.0021448535844683647, "lowlevel.spectral_rolloff.mean": 1923.6717529296875, "lowlevel.spectral_rolloff.stdev": 1917.404296875, "lowlevel.spectral_skewness.mean": 1.3861138820648193, "lowlevel.spectral_skewness.stdev": 0.27468740940093994, "lowlevel.spectral_spread.mean": 4774474.0, "lowlevel.spectral_spread.stdev": 1569716.875, "lowlevel.spectral_strongpeak.mean": 1.4443973302841187, "lowlevel.spectral_strongpeak.stdev": 2.3214409351348877, "lowlevel.zerocrossingrate.mean": 0.07422570139169693, "lowlevel.zerocrossingrate.stdev": 0.043419063091278076, "metadata.audio_properties.analysis.equal_loudness": 0.0, "metadata.audio_properties.analysis.length": 17.918956756591797, "metadata.audio_properties.analysis.sample_rate": 44100.0, "metadata.audio_properties.analysis.start_time": 0.0, "metadata.audio_properties.bit_rate": 117219.0, "metadata.audio_properties.length": 17.920000076293945, "metadata.audio_properties.lossless": 0.0, "metadata.audio_properties.number_channels": 1.0, "metadata.audio_properties.replay_gain": -13.286212921142578, "metadata.audio_properties.sample_rate": 48000.0, "rhythm.beats_count": 28.0, "rhythm.beats_loudness.mean": 0.04042941331863403, "rhythm.beats_loudness.stdev": 0.009761311113834381, "rhythm.bpm": 96.90948486328125, "rhythm.bpm_histogram_first_peak_bpm": 98.0, "rhythm.bpm_histogram_first_peak_weight": 0.37037038803100586, "rhythm.bpm_histogram_second_peak_bpm": 0.0, "rhythm.bpm_histogram_second_peak_spread": 0.0, "rhythm.bpm_histogram_second_peak_weight": 0.0, "rhythm.danceability": 1.2164983749389648, "rhythm.onset_rate": 3.5679612159729004, "tonal.chords_changes_rate": 0.09043927490711212, "tonal.chords_number_rate": 0.03100775182247162, "tonal.chords_strength.mean": 0.4934549629688263, "tonal.chords_strength.stdev": 0.0906914621591568, "tonal.hpcp_crest.mean": 12.518957138061523, "tonal.hpcp_crest.stdev": 5.6265482902526855, "tonal.hpcp_entropy.mean": 2.1655070781707764, "tonal.hpcp_entropy.stdev": 0.831641435623169, "tonal.key_edma.strength": 0.5391022562980652, "tonal.key_krumhansl.strength": 0.5438422560691833, "tonal.key_temperley.strength": 0.5237553119659424, "tonal.tuning_diatonic_strength": 0.4615902006626129, "tonal.tuning_equal_tempered_deviation": 0.22481252253055573, "tonal.tuning_frequency": 434.193115234375, "tonal.tuning_nontempered_energy_ratio": 0.9368014931678772, "lowlevel.barkbands.mean": [0.0012696462217718363, 0.016743438318371773, 0.005326998885720968, 0.002111725741997361, 0.0032780689653009176, 0.0004424584622029215, 0.0005628016078844666, 0.00023446156410500407, 0.0009212073055095971, 0.002090788446366787, 0.002113945782184601, 0.0005675504799000919, 0.00035852831206284463, 0.0005292309215292335, 0.0007074530585668981, 0.0016020963666960597, 0.0013212991179898381, 0.000785738870035857, 0.0006793478387407959, 0.0003726122376974672, 0.00025605535483919084, 0.00018582222401164472, 0.00019005672947969288, 0.0002020638348767534, 0.00017620972357690334, 0.00013444042997434735, 1.3130085108059575e-06], "lowlevel.barkbands.stdev": [0.0017304407665506005, 0.02833990938961506, 0.0063118599355220795, 0.0038660846184939146, 0.008811998181045055, 0.0007327783387154341, 0.0009185895905829966, 0.0006673344178125262, 0.002469051396474242, 0.004189575556665659, 0.004421009216457605, 0.0012342205736786127, 0.0005513799260370433, 0.0011398171773180366, 0.0010776328854262829, 0.0024250925052911043, 0.0022940984927117825, 0.0008653285331092775, 0.0006520473398268223, 0.00031809223582968116, 0.00021152631961740553, 0.00022558585624210536, 0.0002758503833319992, 0.00037534438888542354, 0.0003922525211237371, 0.00033291560248471797, 5.518756097444566e-06], "lowlevel.erbbands.mean": [0.41504210233688354, 3.8830809593200684, 7.575144290924072, 5.627918720245361, 14.516129493713379, 6.771991729736328, 3.581129550933838, 3.637068033218384, 8.11598014831543, 6.674582481384277, 5.0963311195373535, 26.18565559387207, 57.66666030883789, 71.58185577392578, 61.03274154663086, 24.693132400512695, 18.651031494140625, 20.726253509521484, 34.23265075683594, 64.36190032958984, 84.13834381103516, 62.633853912353516, 45.46339797973633, 45.909061431884766, 21.569730758666992, 16.903213500976562, 12.996109962463379, 8.404669761657715, 6.9330315589904785, 5.9686431884765625, 5.25333309173584, 4.2651495933532715, 3.317939519882202, 2.0304384231567383, 1.2362180948257446, 0.702454149723053, 0.21667340397834778, 0.025199199095368385, 0.0005087318713776767, 7.246748282341287e-05], "lowlevel.erbbands.stdev": [0.7558822631835938, 6.633855819702148, 9.251401901245117, 6.58944034576416, 37.99238967895508, 19.060117721557617, 7.329099178314209, 5.539376735687256, 13.685352325439453, 14.338988304138184, 9.720942497253418, 71.22390747070312, 100.83361053466797, 130.04537963867188, 162.306396484375, 45.65885925292969, 26.432188034057617, 28.465412139892578, 49.252769470214844, 83.25875091552734, 112.77877044677734, 76.16861724853516, 52.24619674682617, 48.44682693481445, 15.305288314819336, 13.898344993591309, 10.37203311920166, 7.828841686248779, 8.035128593444824, 8.734439849853516, 7.644901275634766, 7.166152477264404, 6.688751220703125, 4.370865821838379, 2.974522590637207, 1.7374014854431152, 0.5229033827781677, 0.07426045089960098, 0.0013946944382041693, 6.250674050534144e-05], "lowlevel.gfcc.mean": [42.937469482421875, 61.979129791259766, -121.55964660644531, 47.283477783203125, -38.35890579223633, 30.673324584960938, -31.828445434570312, 25.466428756713867, -26.004467010498047, 0.9150564074516296, -23.08696746826172, 4.724307537078857, -10.160857200622559], "lowlevel.melbands.mean": [0.004255781415849924, 0.004342611879110336, 0.0013250327901914716, 0.0008103351574391127, 0.00013161923561710864, 8.972060459200293e-05, 0.00011812361481133848, 6.797353853471577e-05, 3.953214400098659e-05, 0.00017239872249774635, 0.00029659149004146457, 0.0002958541736006737, 0.00021701307559851557, 8.355040336027741e-05, 6.390580529114231e-05, 3.253312752349302e-05, 4.077636913280003e-05, 5.3327748901210725e-05, 5.939047332503833e-05, 0.00013373028195928782, 9.302602848038077e-05, 7.644217839697376e-05, 3.946680226363242e-05, 3.611304782680236e-05, 3.895648478646763e-05, 1.7501231923233718e-05, 1.2982231964997482e-05, 1.0980622391798533e-05, 8.540312592231203e-06, 6.549618319695583e-06, 4.254553459759336e-06, 4.047462425660342e-06, 3.323496912344126e-06, 3.3349567729601404e-06, 3.105341193077038e-06, 2.6309585337003227e-06, 2.6881393750954885e-06, 2.4929670416895533e-06, 1.8401681245450163e-06, 1.6766398402978666e-06], "lowlevel.melbands.stdev": [0.007380493450909853, 0.0059043364599347115, 0.0020730982068926096, 0.002185847144573927, 0.0002872388286050409, 0.00013494773884303868, 0.00019246083684265614, 0.00016235755174420774, 6.522646435769275e-05, 0.00048453520867042243, 0.0005562721053138375, 0.0005275243893265724, 0.0004899371997453272, 0.00019918734324164689, 0.00017384627426508814, 4.860262561123818e-05, 6.680119258817285e-05, 0.00010278463014401495, 0.00010248294711345807, 0.00023457927454728633, 0.0001648989418754354, 0.0001066952827386558, 4.9573845899431035e-05, 4.1140898247249424e-05, 4.58857357443776e-05, 1.3758235581917688e-05, 1.1177094165759627e-05, 1.023988352244487e-05, 7.4627591857279185e-06, 5.611651431536302e-06, 4.511746737989597e-06, 4.716142484539887e-06, 4.694151357398368e-06, 5.156402039574459e-06, 4.7051253204699606e-06, 3.947143795812735e-06, 4.935258402838372e-06, 5.10904328621109e-06, 3.77473793378158e-06, 3.7490076465473976e-06], "lowlevel.melbands128.mean": [0.0009155962034128606, 0.002987052546814084, 0.005511048249900341, 0.0069661191664636135, 0.004930144175887108, 0.002146255224943161, 0.0008850872400216758, 0.001262466423213482, 0.001767971203662455, 0.0008022869005799294, 0.000235014216741547, 0.00013849083916284144, 0.00011910862667718902, 0.0001011189233395271, 6.336309888865799e-05, 7.904667290858924e-05, 0.00016292532382067293, 0.00011500980326673016, 8.627822535345331e-05, 7.291683868970722e-05, 6.542436312884092e-05, 3.1434443371836096e-05, 3.2393749279435724e-05, 4.2512408981565386e-05, 0.0001722542947391048, 0.0002588442584965378, 8.610953955212608e-05, 0.0002988866763189435, 0.0005492875352501869, 0.00014616266707889736, 0.0003621054638642818, 0.0002703923382796347, 0.00012397785030771047, 0.0003151100827381015, 5.844143743161112e-05, 3.369096157257445e-05, 5.440943641588092e-05, 0.00010371980170020834, 3.42788225680124e-05, 3.064518386963755e-05, 4.1522347601130605e-05, 1.7620526705286466e-05, 3.1399657018482685e-05, 5.089949263492599e-05, 7.532666495535523e-05, 4.449410698725842e-05, 3.786874731304124e-05, 8.404890832025558e-05, 5.153207530383952e-05, 4.552942846203223e-05, 0.0002408839645795524, 0.00010191714682150632, 4.39220602856949e-05, 0.00013100200158078223, 0.00010766768536996096, 7.688048935960978e-05, 3.9380440284730867e-05, 2.7463707738206722e-05, 4.8526417231187224e-05, 4.6436111006187275e-05, 3.463294342509471e-05, 2.030253381235525e-05, 5.284912549541332e-05, 4.15786198573187e-05, 2.7136540666106157e-05, 1.4335852029034868e-05, 1.2950905329489615e-05, 1.4007804566062987e-05, 1.3645744729728904e-05, 1.0734248462540563e-05, 9.189617230731528e-06, 1.413202699040994e-05, 8.849861842463724e-06, 7.211611318780342e-06, 7.991414349817205e-06, 7.341361651924672e-06, 5.6565008890174795e-06, 4.739902124129003e-06, 3.997023668489419e-06, 3.6686687963083386e-06, 4.450961114343954e-06, 4.021022959932452e-06, 3.6017070215166314e-06, 3.1490762921748683e-06, 3.1704332741355756e-06, 3.4223257898702286e-06, 3.283692421973683e-06, 3.3866499506984837e-06, 3.1707547805126524e-06, 2.8011993435939075e-06, 2.9415098197205225e-06, 2.5333804387628334e-06, 2.2278072719927877e-06, 2.543765731388703e-06, 3.2414357065135846e-06, 2.653901219673571e-06, 2.3190784759208327e-06, 2.2332171738526085e-06, 1.815362793422537e-06, 1.6263130646620994e-06, 1.7474098967795726e-06, 1.8074957779390388e-06, 1.4648072692580172e-06, 1.3262438187666703e-06, 1.2730447451758664e-06, 1.4437488289331668e-06, 1.5045158079374232e-06, 1.4108949244473479e-06, 1.268979076485266e-06, 1.0775403325169464e-06, 8.914934710446687e-07, 7.285663627953909e-07, 7.369715149252443e-07, 5.543283236875141e-07, 4.064661709435313e-07, 3.2740564392952365e-07, 6.531264062914488e-08, 5.00034236239344e-10, 9.05229970843413e-12, 7.579108347866015e-12, 7.33069421138266e-12, 6.6268384009415815e-12, 6.159005597194955e-12, 5.911770638994396e-12, 5.551460333097502e-12, 5.1542589640796166e-12, 4.9611482456912714e-12, 4.912764639541933e-12], "lowlevel.melbands128.stdev": [0.001492784358561039, 0.005636116024106741, 0.011140415444970131, 0.011544957756996155, 0.006433431059122086, 0.002547610318288207, 0.001089821569621563, 0.0026978026144206524, 0.004907245747745037, 0.002477436326444149, 0.0007957802736200392, 0.0003451837692409754, 0.0002737279573921114, 0.00020462671818677336, 0.00011208031355636194, 0.0001591638138052076, 0.00031192676397040486, 0.0002220726601080969, 0.00021857705723959953, 0.00019116298062726855, 0.00022111955331638455, 0.00015159409667830914, 4.760706360684708e-05, 5.427129508461803e-05, 0.0005233357660472393, 0.0008435868076048791, 0.00017917736840900034, 0.0005759329651482403, 0.0014898930676281452, 0.0003122854686807841, 0.0009744806447997689, 0.0007358560105785728, 0.0003902502066921443, 0.0011346123646944761, 0.00020293686247896403, 5.1867522415705025e-05, 0.00013206692528910935, 0.00036681696656160057, 7.58855021558702e-05, 4.0679915400687605e-05, 9.591430716682225e-05, 2.3974140276550315e-05, 5.99808590777684e-05, 0.00010730662324931473, 0.00027509662322700024, 8.299838373204693e-05, 6.437470437958837e-05, 0.0002049074973911047, 0.00012110934039810672, 9.11658353288658e-05, 0.0005085425800643861, 0.00018627647659741342, 9.814453369472176e-05, 0.0003778466780204326, 0.00026688535581342876, 0.00012166515807621181, 6.0484042478492483e-05, 5.851247988175601e-05, 0.00010102531814482063, 7.090261351549998e-05, 7.05910861142911e-05, 2.074390613415744e-05, 9.689377475297078e-05, 6.02484360570088e-05, 3.688106153276749e-05, 1.321863783232402e-05, 1.2778631571563892e-05, 1.654848165344447e-05, 1.4270433894125745e-05, 1.1825734873127658e-05, 1.0549974831519648e-05, 1.9790473743341863e-05, 1.0313510756532196e-05, 8.14477516541956e-06, 7.987136086740065e-06, 7.4447234510444105e-06, 6.600776941922959e-06, 5.9247768149361946e-06, 4.803253887075698e-06, 4.976629497832619e-06, 5.556703399633989e-06, 5.696655989595456e-06, 5.196692654863e-06, 4.978863671567524e-06, 5.516762030310929e-06, 6.088988811825402e-06, 4.793962489202386e-06, 6.427506832551444e-06, 5.070200131740421e-06, 4.350311428424902e-06, 4.794168944499688e-06, 4.170137344772229e-06, 4.0551226447860245e-06, 5.051402695244178e-06, 7.086390269250842e-06, 5.415269242803333e-06, 5.49997776033706e-06, 5.425078597909305e-06, 3.7430693282658467e-06, 3.4466706892999355e-06, 4.39680752606364e-06, 4.146809260419104e-06, 3.8170824154803995e-06, 3.4986401260539424e-06, 3.4465081171219936e-06, 3.8045864130253904e-06, 3.568979536794359e-06, 3.5120383472531103e-06, 3.628096010288573e-06, 2.9633827125508105e-06, 2.4098567337205168e-06, 1.771990582710714e-06, 1.8073498040394043e-06, 1.5043706298456527e-06, 1.1466374871815788e-06, 1.1760058669096907e-06, 2.663607290287473e-07, 4.639315598353733e-09, 5.572190278635425e-11, 3.174119647675333e-11, 3.041174950757508e-11, 2.2454595474674655e-11, 1.909648827957966e-11, 1.619527949248134e-11, 1.169365732717198e-11, 8.192470139778418e-12, 7.650165223527239e-12, 7.60344218142528e-12], "lowlevel.mfcc.mean": [-599.0637817382812, 90.36135864257812, -11.207845687866211, 27.962446212768555, 18.723249435424805, 10.973834037780762, 12.446331977844238, 18.97907257080078, 11.019878387451172, 4.567117214202881, -4.418297290802002, 0.28510913252830505, 1.5979291200637817], "lowlevel.spectral_contrast_coeffs.mean": [-0.7050160765647888, -0.7889601588249207, -0.739290714263916, -0.7736856937408447, -0.7822396159172058, -0.7554299831390381], "lowlevel.spectral_contrast_coeffs.stdev": [0.07747046649456024, 0.0668530985713005, 0.08459316939115524, 0.05669780075550079, 0.03874887898564339, 0.029913635924458504], "lowlevel.spectral_contrast_valleys.mean": [-6.639144420623779, -6.961749076843262, -7.086758136749268, -7.066885471343994, -6.801848888397217, -9.624207496643066], "lowlevel.spectral_contrast_valleys.stdev": [0.6094473600387573, 0.4751778841018677, 0.3719511032104492, 0.3575591742992401, 0.3899027705192566, 0.5953631401062012], "rhythm.beats_loudness_band_ratio.mean": [0.6210565567016602, 0.08022551238536835, 0.05363113805651665, 0.106023408472538, 0.15831919014453888, 0.04982738569378853], "rhythm.beats_loudness_band_ratio.stdev": [0.17356081306934357, 0.08417131751775742, 0.04893941804766655, 0.11068133264780045, 0.13041262328624725, 0.04516708850860596], "tonal.hpcp.mean": [0.0714050829410553, 0.04406815022230148, 0.03969842568039894, 0.10862252861261368, 0.1178998202085495, 0.05254243314266205, 0.03111431747674942, 0.02876950055360794, 0.0460335798561573, 0.17109352350234985, 0.18547795712947845, 0.07752083986997604, 0.06535270065069199, 0.073590487241745, 0.09033327549695969, 0.13192938268184662, 0.1394972801208496, 0.119168221950531, 0.13917970657348633, 0.14080440998077393, 0.09358981251716614, 0.08469552546739578, 0.10029754787683487, 0.12175597250461578, 0.2556570768356323, 0.2526509463787079, 0.1205521747469902, 0.10486377030611038, 0.10857947170734406, 0.11959246546030045, 0.15051522850990295, 0.12671880424022675, 0.08646869659423828, 0.19896480441093445, 0.2539422810077667, 0.1382426768541336], "tonal.hpcp.stdev": [0.16774767637252808, 0.1100321039557457, 0.12699967622756958, 0.219988614320755, 0.23572437465190887, 0.12136362493038177, 0.09326604008674622, 0.08073767274618149, 0.10284140706062317, 0.25399985909461975, 0.2664910554885864, 0.1597713828086853, 0.164765402674675, 0.1781328171491623, 0.19726648926734924, 0.2536263167858124, 0.26080554723739624, 0.23031353950500488, 0.23326559364795685, 0.2319829910993576, 0.191948801279068, 0.2035883516073227, 0.24330122768878937, 0.23482292890548706, 0.3490125834941864, 0.3546719551086426, 0.2167210429906845, 0.23518110811710358, 0.25311994552612305, 0.2607300281524658, 0.26765286922454834, 0.20967130362987518, 0.1717008352279663, 0.28722235560417175, 0.35877156257629395, 0.22736439108848572], "rhythm.beats_position": [0.6269387602806091, 1.2538775205612183, 1.8808163404464722, 2.496145009994507, 3.111473798751831, 3.738412618637085, 4.353741645812988, 4.9690704345703125, 5.596008777618408, 6.211337566375732, 6.826666355133057, 7.4536051750183105, 8.068934440612793, 8.684263229370117, 9.311202049255371, 9.926530838012695, 10.54185962677002, 11.157188415527344, 11.772517204284668, 12.387845993041992, 13.003174781799316, 13.63011360168457, 14.257051467895508, 14.872380256652832, 15.487709045410156, 16.114648818969727, 16.718366622924805, 17.345306396484375], "rhythm.bpm_histogram": [0.0, 0.0, 0.0, 0.0, 0.0, 0.0, 0.0, 0.0, 0.0, 0.0, 0.0, 0.0, 0.0, 0.0, 0.0, 0.0, 0.0, 0.0, 0.0, 0.0, 0.0, 0.0, 0.0, 0.0, 0.0, 0.0, 0.0, 0.0, 0.0, 0.0, 0.0, 0.0, 0.0, 0.0, 0.0, 0.0, 0.0, 0.0, 0.0, 0.0, 0.0, 0.0, 0.0, 0.0, 0.0, 0.0, 0.0, 0.0, 0.0, 0.0, 0.0, 0.0, 0.0, 0.0, 0.0, 0.0, 0.0, 0.0, 0.0, 0.0, 0.0, 0.0, 0.0, 0.0, 0.0, 0.0, 0.0, 0.0, 0.0, 0.0, 0.0, 0.0, 0.0, 0.0, 0.0, 0.0, 0.0, 0.0, 0.0, 0.0, 0.0, 0.0, 0.0, 0.0, 0.0, 0.0, 0.0, 0.0, 0.0, 0.0, 0.0, 0.0, 0.0, 0.0, 0.0, 0.0, 0.37037035822868347, 0.0, 0.5925925970077515, 0.03703703731298447, 0.0, 0.0, 0.0, 0.0, 0.0, 0.0, 0.0, 0.0, 0.0, 0.0, 0.0, 0.0, 0.0, 0.0, 0.0, 0.0, 0.0, 0.0, 0.0, 0.0, 0.0, 0.0, 0.0, 0.0, 0.0, 0.0, 0.0, 0.0, 0.0, 0.0, 0.0, 0.0, 0.0, 0.0, 0.0, 0.0, 0.0, 0.0, 0.0, 0.0, 0.0, 0.0, 0.0, 0.0, 0.0, 0.0, 0.0, 0.0, 0.0, 0.0, 0.0, 0.0, 0.0, 0.0, 0.0, 0.0, 0.0, 0.0, 0.0, 0.0, 0.0, 0.0, 0.0, 0.0, 0.0, 0.0, 0.0, 0.0, 0.0, 0.0, 0.0, 0.0, 0.0, 0.0, 0.0, 0.0, 0.0, 0.0, 0.0, 0.0, 0.0, 0.0, 0.0, 0.0, 0.0, 0.0, 0.0, 0.0, 0.0, 0.0, 0.0, 0.0, 0.0, 0.0, 0.0, 0.0, 0.0, 0.0, 0.0, 0.0, 0.0, 0.0, 0.0, 0.0, 0.0, 0.0, 0.0, 0.0, 0.0, 0.0, 0.0, 0.0, 0.0, 0.0, 0.0, 0.0, 0.0, 0.0, 0.0, 0.0, 0.0, 0.0, 0.0, 0.0, 0.0, 0.0, 0.0, 0.0, 0.0, 0.0, 0.0, 0.0, 0.0, 0.0, 0.0, 0.0, 0.0, 0.0, 0.0, 0.0, 0.0, 0.0, 0.0, 0.0, 0.0, 0.0, 0.0, 0.0, 0.0, 0.0], "tonal.chords_histogram": [16.53746795654297, 28.42377281188965, 1.8087855577468872, 0.0, 2.3255813121795654, 14.987080574035645, 3.1007752418518066, 3.1007752418518066, 0.0, 1.0335917472839355, 0.0, 2.067183494567871, 0.0, 0.0, 0.0, 0.0, 5.94315242767334, 0.0, 0.0, 0.0, 0.0, 0.0, 8.268733978271484, 12.403100967407227], "tonal.thpcp": [1.0, 0.9882415533065796, 0.47153857350349426, 0.41017353534698486, 0.42470747232437134, 0.46778467297554016, 0.588738739490509, 0.4956592917442322, 0.33822140097618103, 0.7782487869262695, 0.9932925701141357, 0.5407347679138184, 0.2793002426624298, 0.17237211763858795, 0.1552799791097641, 0.4248758852481842, 0.4611639082431793, 0.2055191844701767, 0.12170332670211792, 0.11253160238265991, 0.18005986511707306, 0.6692305207252502, 0.7254951000213623, 0.3032219707965851, 0.2556264102458954, 0.28784841299057007, 0.35333767533302307, 0.5160403847694397, 0.5456421375274658, 0.4661252498626709, 0.5443999767303467, 0.550754964351654, 0.3660755753517151, 0.33128565549850464, 0.39231282472610474, 0.47624722123146057], "lowlevel.gfcc.cov": [[1446.2236328125, -234.71522521972656, 118.43386840820312, -11.796457290649414, -10.755829811096191, -54.547882080078125, -149.1424102783203, -36.45994186401367, -130.88462829589844, -58.31525421142578, -112.69425201416016, 41.175697326660156, -15.96273136138916], [-234.71522521972656, 715.1079711914062, -138.3312225341797, 201.73165893554688, 144.73709106445312, 35.40203094482422, 193.9102783203125, -27.4333438873291, 55.11798095703125, -5.28314733505249, 101.8751220703125, -55.11957550048828, 64.4421157836914], [118.43386840820312, -138.3312225341797, 437.5937805175781, 79.0693588256836, -22.459781646728516, 34.77104949951172, -43.407737731933594, -64.5320053100586, -37.13777542114258, 49.34449768066406, 11.403773307800293, -13.223085403442383, -77.764404296875], [-11.796457290649414, 201.73165893554688, 79.0693588256836, 218.79283142089844, 60.19083023071289, 49.196510314941406, 82.61792755126953, -19.71928596496582, 41.816837310791016, 18.035064697265625, 44.742431640625, -30.8165283203125, 6.608805179595947], [-10.755829811096191, 144.73709106445312, -22.459781646728516, 60.19083023071289, 194.780029296875, 85.3769302368164, 124.19770050048828, 78.94140625, 49.675148010253906, 17.362241744995117, 42.60591506958008, 13.909139633178711, 42.965492248535156], [-54.547882080078125, 35.40203094482422, 34.77104949951172, 49.196510314941406, 85.3769302368164, 145.59271240234375, 132.29441833496094, 58.13527297973633, 23.64546012878418, 23.75699234008789, 39.5001106262207, 4.165907382965088, 21.969053268432617], [-149.1424102783203, 193.9102783203125, -43.407737731933594, 82.61792755126953, 124.19770050048828, 132.29441833496094, 244.18743896484375, 101.87759399414062, 57.621639251708984, 15.704562187194824, 53.43696975708008, -4.823837757110596, 65.5218734741211], [-36.45994186401367, -27.4333438873291, -64.5320053100586, -19.71928596496582, 78.94140625, 58.13527297973633, 101.87759399414062, 171.8922882080078, 87.16156005859375, 8.983012199401855, -1.1882749795913696, 30.40996742248535, 60.36032485961914], [-130.88462829589844, 55.11798095703125, -37.13777542114258, 41.816837310791016, 49.675148010253906, 23.64546012878418, 57.621639251708984, 87.16156005859375, 132.06777954101562, 48.9830436706543, 31.4733829498291, 6.6164021492004395, 24.707008361816406], [-58.31525421142578, -5.28314733505249, 49.34449768066406, 18.035064697265625, 17.362241744995117, 23.75699234008789, 15.704562187194824, 8.983012199401855, 48.9830436706543, 113.54473876953125, 80.84490203857422, 10.156282424926758, -27.849918365478516], [-112.69425201416016, 101.8751220703125, 11.403773307800293, 44.742431640625, 42.60591506958008, 39.5001106262207, 53.43696975708008, -1.1882749795913696, 31.4733829498291, 80.84490203857422, 129.25994873046875, 21.050857543945312, -7.698170185089111], [41.175697326660156, -55.11957550048828, -13.223085403442383, -30.8165283203125, 13.909139633178711, 4.165907382965088, -4.823837757110596, 30.40996742248535, 6.6164021492004395, 10.156282424926758, 21.050857543945312, 67.41024017333984, 25.865131378173828], [-15.96273136138916, 64.4421157836914, -77.764404296875, 6.608805179595947, 42.965492248535156, 21.969053268432617, 65.5218734741211, 60.36032485961914, 24.707008361816406, -27.849918365478516, -7.698170185089111, 25.865131378173828, 104.05610656738281]], "lowlevel.gfcc.icov": [[0.0009787760209292173, 7.520908548031002e-05, 7.710201316513121e-06, -0.0008472396293655038, -0.00048613216495141387, 0.00016320159193128347, 0.0006881438312120736, -0.0007380883325822651, 0.0016034566797316074, -0.0007824202766641974, 0.001146659255027771, -0.0008598535205237567, 3.268306682002731e-05], [7.520908548031002e-05, 0.004392416216433048, 0.001027034129947424, -0.001768724643625319, -0.002261687070131302, 0.0031655579805374146, -0.0032501209061592817, 0.003327432321384549, -0.0013205328723415732, 0.0023264922201633453, -0.003414739854633808, 0.0028898678719997406, -0.0014816613402217627], [7.710201316513121e-06, 0.001027034129947424, 0.0038461966905742884, -0.0025909633841365576, -0.00020106589363422245, -0.0011425199918448925, 0.0004346763889770955, 0.000407480081776157, 0.0015600417973473668, -0.002057985169813037, 0.0010489389533177018, -0.0003687760327011347, 0.0014662896282970905], [-0.0008472396293655038, -0.001768724643625319, -0.0025909633841365576, 0.010490654036402702, -0.00036605444620363414, -0.001470115501433611, -0.0019179194932803512, 0.004625563509762287, -0.006509697996079922, 0.0030427067540585995, -0.0021431506611406803, 0.002568588126450777, -0.0010881659109145403], [-0.00048613216495141387, -0.002261687070131302, -0.00020106589363422245, -0.00036605444620363414, 0.010226201266050339, -0.0037870972882956266, -0.00011341545905452222, -0.00371377426199615, 1.9239389075664803e-05, -0.0002680047764442861, -0.00017843107343651354, -0.0020340788178145885, 0.00041795859578996897], [0.00016320159193128347, 0.0031655579805374146, -0.0011425199918448925, -0.001470115501433611, -0.0037870972882956266, 0.018951017409563065, -0.010644176043570042, 0.0002569324569776654, 0.0019058056641370058, 4.027454269817099e-05, -0.002440298441797495, 0.0006499637966044247, 0.000636313168797642], [0.0006881438312120736, -0.0032501209061592817, 0.0004346763889770955, -0.0019179194932803512, -0.00011341545905452222, -0.010644176043570042, 0.017667146399617195, -0.008543175645172596, 0.0038354918360710144, -0.0010617297375574708, -0.0013453426072373986, 0.0034632112365216017, -0.003465045243501663], [-0.0007380883325822651, 0.003327432321384549, 0.000407480081776157, 0.004625563509762287, -0.00371377426199615, 0.0002569324569776654, -0.008543175645172596, 0.0219517033547163, -0.013652700930833817, 0.0029637909028679132, 0.0017173356609418988, -0.002822349313646555, -0.003174620447680354], [0.0016034566797316074, -0.0013205328723415732, 0.0015600417973473668, -0.006509697996079922, 1.9239389075664803e-05, 0.0019058056641370058, 0.0038354918360710144, -0.013652700930833817, 0.022525863721966743, -0.011213419958949089, 0.003760207211598754, 1.6758052879595198e-05, -0.0003384546434972435], [-0.0007824202766641974, 0.0023264922201633453, -0.002057985169813037, 0.0030427067540585995, -0.0002680047764442861, 4.027454269817099e-05, -0.0010617297375574708, 0.0029637909028679132, -0.011213419958949089, 0.026263827458024025, -0.016840096563100815, 0.0030909464694559574, 0.0034370962530374527], [0.001146659255027771, -0.003414739854633808, 0.0010489389533177018, -0.0021431506611406803, -0.00017843107343651354, -0.002440298441797495, -0.0013453426072373986, 0.0017173356609418988, 0.003760207211598754, -0.016840096563100815, 0.02517569251358509, -0.011813762597739697, 0.003049614606425166], [-0.0008598535205237567, 0.0028898678719997406, -0.0003687760327011347, 0.002568588126450777, -0.0020340788178145885, 0.0006499637966044247, 0.0034632112365216017, -0.002822349313646555, 1.6758052879595198e-05, 0.0030909464694559574, -0.011813762597739697, 0.027426959946751595, -0.009069410152733326], [3.268306682002731e-05, -0.0014816613402217627, 0.0014662896282970905, -0.0010881659109145403, 0.00041795859578996897, 0.000636313168797642, -0.003465045243501663, -0.003174620447680354, -0.0003384546434972435, 0.0034370962530374527, 0.003049614606425166, -0.009069410152733326, 0.01889445260167122]], "lowlevel.mfcc.cov": [[1331.6729736328125, -116.15296936035156, 5.832798957824707, 39.64472579956055, 44.172996520996094, -51.72985076904297, -43.43272018432617, -22.337121963500977, -34.51906967163086, -85.05815887451172, -89.29352569580078, -99.25553894042969, -49.85379409790039], [-116.15296936035156, 418.01104736328125, -110.30718994140625, 118.6837387084961, 0.4153120517730713, 74.74620819091797, 91.5916976928711, 25.51173210144043, 20.52699851989746, 27.64207649230957, 27.40066146850586, 19.182945251464844, 36.391387939453125], [5.832798957824707, -110.30718994140625, 364.3680419921875, 37.202842712402344, 14.932113647460938, 57.23509216308594, -19.341123580932617, -76.29054260253906, -75.4906005859375, -8.079270362854004, 28.998363494873047, 12.718951225280762, -22.715896606445312], [39.64472579956055, 118.6837387084961, 37.202842712402344, 163.8076171875, 26.918725967407227, 65.0851821899414, 31.49602508544922, 9.906771659851074, 12.590873718261719, 18.063644409179688, 29.03716468811035, 11.979374885559082, 9.285988807678223], [44.172996520996094, 0.4153120517730713, 14.932113647460938, 26.918725967407227, 98.44243621826172, 16.182270050048828, 7.475221633911133, 16.096683502197266, 11.32951545715332, 5.562036991119385, 9.142784118652344, 25.811716079711914, 18.504287719726562], [-51.72985076904297, 74.74620819091797, 57.23509216308594, 65.0851821899414, 16.182270050048828, 139.71275329589844, 86.06501770019531, 4.416627407073975, -8.88169002532959, 30.95281410217285, 37.155582427978516, 26.59933853149414, 26.946714401245117], [-43.43272018432617, 91.5916976928711, -19.341123580932617, 31.49602508544922, 7.475221633911133, 86.06501770019531, 179.2185821533203, 65.74392700195312, 40.364173889160156, 50.90803146362305, 9.87697696685791, 1.0697969198226929, 39.90846252441406], [-22.337121963500977, 25.51173210144043, -76.29054260253906, 9.906771659851074, 16.096683502197266, 4.416627407073975, 65.74392700195312, 140.8317108154297, 107.9030532836914, 38.799293518066406, -6.015684604644775, -18.27155113220215, 9.821488380432129], [-34.51906967163086, 20.52699851989746, -75.4906005859375, 12.590873718261719, 11.32951545715332, -8.88169002532959, 40.364173889160156, 107.9030532836914, 143.42613220214844, 60.99667739868164, -1.8009501695632935, -24.26247787475586, -2.5255327224731445], [-85.05815887451172, 27.64207649230957, -8.079270362854004, 18.063644409179688, 5.562036991119385, 30.95281410217285, 50.90803146362305, 38.799293518066406, 60.99667739868164, 102.41301727294922, 43.07061767578125, 21.166889190673828, 19.413219451904297], [-89.29352569580078, 27.40066146850586, 28.998363494873047, 29.03716468811035, 9.142784118652344, 37.155582427978516, 9.87697696685791, -6.015684604644775, -1.8009501695632935, 43.07061767578125, 101.06460571289062, 66.08589172363281, 23.873645782470703], [-99.25553894042969, 19.182945251464844, 12.718951225280762, 11.979374885559082, 25.811716079711914, 26.59933853149414, 1.0697969198226929, -18.27155113220215, -24.26247787475586, 21.166889190673828, 66.08589172363281, 121.74788665771484, 59.98695373535156], [-49.85379409790039, 36.391387939453125, -22.715896606445312, 9.285988807678223, 18.504287719726562, 26.946714401245117, 39.90846252441406, 9.821488380432129, -2.5255327224731445, 19.413219451904297, 23.873645782470703, 59.98695373535156, 87.54322814941406]], "lowlevel.mfcc.icov": [[0.0009339415119029582, 0.00041829203837551177, 0.00021062414452899247, -0.0007306502666324377, -0.0005739561165682971, 0.00031383390887640417, -0.00020100332039874047, 0.0001480479259043932, 0.00031840140582062304, 0.00036798117798753083, 0.00020829854474868625, 0.0007275670068338513, -3.789872789639048e-05], [0.00041829203837551177, 0.004292910452932119, 0.0018749290611594915, -0.003285219892859459, 0.00040805788012221456, -0.0004922286607325077, -0.0015570864779874682, 0.0009096898720599711, 0.0003077896253671497, 0.0004046542744617909, -0.00029493970214389265, 0.0002013851481024176, -0.0001767387439031154], [0.00021062414452899247, 0.0018749290611594915, 0.0045009576715528965, -0.0017263928893953562, -0.0006865711766295135, -0.0017307193484157324, -0.00023804078227840364, 0.0013107815757393837, 0.0016419400926679373, -0.0005481779808178544, -0.0006264433613978326, 0.0003590684791561216, 0.001424623653292656], [-0.0007306502666324377, -0.003285219892859459, -0.0017263928893953562, 0.010797420516610146, -0.0016102471854537725, -0.0036088416818529367, 0.001743951695971191, -0.0002655890421010554, -0.0020899265073239803, 0.0004922871012240648, -0.0016629047458991408, 0.0005349848070181906, -4.029875708511099e-05], [-0.0005739561165682971, 0.00040805788012221456, -0.0006865711766295135, -0.0016102471854537725, 0.012455271556973457, -0.0009107879595831037, 0.000674040406011045, -0.0016593410400673747, -0.001293086213991046, 0.0006728308508172631, 0.0013773766113445163, -0.0035886431578546762, -0.0010803999612107873], [0.00031383390887640417, -0.0004922286607325077, -0.0017307193484157324, -0.0036088416818529367, -0.0009107879595831037, 0.015257233753800392, -0.006876932457089424, 0.0006186804384924471, 0.002328860340639949, -0.0008343387162312865, -0.0023234428372234106, -0.00019835402781609446, -9.944080375134945e-05], [-0.00020100332039874047, -0.0015570864779874682, -0.00023804078227840364, 0.001743951695971191, 0.000674040406011045, -0.006876932457089424, 0.012864428572356701, -0.005754929967224598, 0.002235057298094034, -0.004037441220134497, 0.0017276308499276638, 0.0026330682449042797, -0.0042740884236991405], [0.0001480479259043932, 0.0009096898720599711, 0.0013107815757393837, -0.0002655890421010554, -0.0016593410400673747, 0.0006186804384924471, -0.005754929967224598, 0.021189099177718163, -0.015335971489548683, 0.0043579149059951305, -0.0008679258753545582, 0.0004702581209130585, -0.0010133086470887065], [0.00031840140582062304, 0.0003077896253671497, 0.0016419400926679373, -0.0020899265073239803, -0.001293086213991046, 0.002328860340639949, 0.002235057298094034, -0.015335971489548683, 0.024634793400764465, -0.011489511467516422, 0.00146382674574852, 0.002898851875215769, 0.0018322250107303262], [0.00036798117798753083, 0.0004046542744617909, -0.0005481779808178544, 0.0004922871012240648, 0.0006728308508172631, -0.0008343387162312865, -0.004037441220134497, 0.0043579149059951305, -0.011489511467516422, 0.020687328651547432, -0.007448906544595957, -0.000140436488436535, -0.001478274934925139], [0.00020829854474868625, -0.00029493970214389265, -0.0006264433613978326, -0.0016629047458991408, 0.0013773766113445163, -0.0023234428372234106, 0.0017276308499276638, -0.0008679258753545582, 0.00146382674574852, -0.007448906544595957, 0.020852679386734962, -0.010936415754258633, 0.003490221220999956], [0.0007275670068338513, 0.0002013851481024176, 0.0003590684791561216, 0.0005349848070181906, -0.0035886431578546762, -0.00019835402781609446, 0.0026330682449042797, 0.0004702581209130585, 0.002898851875215769, -0.000140436488436535, -0.010936415754258633, 0.022014249116182327, -0.012054001912474632], [-3.789872789639048e-05, -0.0001767387439031154, 0.001424623653292656, -4.029875708511099e-05, -0.0010803999612107873, -9.944080375134945e-05, -0.0042740884236991405, -0.0010133086470887065, 0.0018322250107303262, -0.001478274934925139, 0.003490221220999956, -0.012054001912474632, 0.021858438849449158]], "metadata.audio_properties.analysis.downmix": "mix", "metadata.audio_properties.codec": "mp3", "metadata.audio_properties.md5_encoded": "dde7617b5ce21c3304826f9fb55c603f", "metadata.tags.file_name": "1182279044717355008.mp3", "metadata.version.essentia": "2.1-beta6-dev", "metadata.version.essentia_git_sha": "v2.1_beta5-1110-g77a6a954", "metadata.version.extractor": "music 2.0", "tonal.chords_key": "Ab", "tonal.chords_scale": "major", "tonal.key_edma.key": "F", "tonal.key_edma.scale": "minor", "tonal.key_krumhansl.key": "F", "tonal.key_krumhansl.scale": "minor", "tonal.key_temperley.key": "F", "tonal.key_temperley.scale": "minor", "metadata.tags.encoding": ["Lavf58.45.100"]}, "essentia_models": [{"model_name": "genre_dortmund", "activations": {"alternative": "0.023628335", "blues": "0.0010526695", "electronic": "0.11093178", "folkcountry": "0.0012859801", "funksoulrnb": "0.005419582", "jazz": "0.016667265", "pop": "0.0036107462", "raphiphop": "0.0018949636", "rock": "0.827384"}}, {"model_name": "genre_rosamerica", "activations": {"classic": "0.010151938", "dance": "0.0063003143", "hip hop": "0.004263485", "jazz": "0.011326782", "pop": "0.06283382", "rhythm and blues": "0.005339504", "rock": "0.9135429", "speech": "0.0024286364"}}, {"model_name": "genre_tzanetakis", "activations": {"blues": "9.512849e-05", "classic": "0.0003774503", "country": "0.0012185767", "disco": "0.0019761524", "hip hop": "0.005195477", "jazz": "0.003303438", "metal": "0.9610742", "pop": "0.027415495", "reggae": "0.0019705656", "rock": "0.06056705"}}, {"model_name": "genre_electronic", "activati