{"song_id": "1182275265909501952", "download": "https://cdn.discordapp.com/attachments/1128313332273782784/1182275265909501952/chirp.mp4?ex=65841aa5&amp", "lyrics": "[Verse]\nThere was a man from White Church, his name was Philly More (Philly More)\nBy the age of only twenty, he had his hair no more (no more hair)\nHe's Arsenal's number one fan, he's got a fire in his soul (oh yeah)\nWhen he's in the stands, you know he's gonna lose control (lose control, yeah yeah)\n\n[Chorus]\nPhilly More, rockin' on the floor (rockin', rockin')\nHe's the king of football, you can't ignore (can't ignore)\nWith his chants and cheers, he'll bring you to the core (bring you to the core)\nPhilly More, gotta hear him roar (oh yeah)\nPhilly More, yeah yeah yeah\nPhilly More, gonna win the score (win the score)", "style": ["random"], "essentia_features": {"lowlevel.average_loudness": 0.9675617814064026, "lowlevel.barkbands_crest.mean": 12.340173721313477, "lowlevel.barkbands_crest.stdev": 4.3747687339782715, "lowlevel.barkbands_flatness_db.mean": 0.20542190968990326, "lowlevel.barkbands_flatness_db.stdev": 0.07132264226675034, "lowlevel.barkbands_kurtosis.mean": 15.627786636352539, "lowlevel.barkbands_kurtosis.stdev": 36.835655212402344, "lowlevel.barkbands_skewness.mean": 2.5781850814819336, "lowlevel.barkbands_skewness.stdev": 2.531895160675049, "lowlevel.barkbands_spread.mean": 38.376277923583984, "lowlevel.barkbands_spread.stdev": 28.683948516845703, "lowlevel.dissonance.mean": 0.4476885199546814, "lowlevel.dissonance.stdev": 0.04374436289072037, "lowlevel.dynamic_complexity": 3.301605224609375, "lowlevel.erbbands_crest.mean": 9.737273216247559, "lowlevel.erbbands_crest.stdev": 4.468581199645996, "lowlevel.erbbands_flatness_db.mean": 0.1429113745689392, "lowlevel.erbbands_flatness_db.stdev": 0.03836839273571968, "lowlevel.erbbands_kurtosis.mean": 1.8039445877075195, "lowlevel.erbbands_kurtosis.stdev": 5.440478324890137, "lowlevel.erbbands_skewness.mean": 0.6687858700752258, "lowlevel.erbbands_skewness.stdev": 1.3168421983718872, "lowlevel.erbbands_spread.mean": 71.74127197265625, "lowlevel.erbbands_spread.stdev": 36.061466217041016, "lowlevel.hfc.mean": 24.79145050048828, "lowlevel.hfc.stdev": 25.64118766784668, "lowlevel.loudness_ebu128.integrated": -19.268888473510742, "lowlevel.loudness_ebu128.loudness_range": 2.083059310913086, "lowlevel.loudness_ebu128.momentary.mean": -19.707345962524414, "lowlevel.loudness_ebu128.momentary.stdev": 2.088150978088379, "lowlevel.loudness_ebu128.short_term.mean": -19.370746612548828, "lowlevel.loudness_ebu128.short_term.stdev": 0.7811793088912964, "lowlevel.melbands_crest.mean": 18.932334899902344, "lowlevel.melbands_crest.stdev": 5.826758861541748, "lowlevel.melbands_flatness_db.mean": 0.23790818452835083, "lowlevel.melbands_flatness_db.stdev": 0.09597412496805191, "lowlevel.melbands_kurtosis.mean": 67.61210632324219, "lowlevel.melbands_kurtosis.stdev": 123.22107696533203, "lowlevel.melbands_skewness.mean": 5.193888187408447, "lowlevel.melbands_skewness.stdev": 3.965794801712036, "lowlevel.melbands_spread.mean": 26.642396926879883, "lowlevel.melbands_spread.stdev": 30.324520111083984, "lowlevel.pitch_salience.mean": 0.44738155603408813, "lowlevel.pitch_salience.stdev": 0.13936878740787506, "lowlevel.silence_rate_20dB.mean": 0.9994206428527832, "lowlevel.silence_rate_20dB.stdev": 0.02406335063278675, "lowlevel.silence_rate_30dB.mean": 0.9154113531112671, "lowlevel.silence_rate_30dB.stdev": 0.2782697081565857, "lowlevel.silence_rate_60dB.mean": 0.05330243334174156, "lowlevel.silence_rate_60dB.stdev": 0.22463417053222656, "lowlevel.spectral_centroid.mean": 1456.3818359375, "lowlevel.spectral_centroid.stdev": 1048.9310302734375, "lowlevel.spectral_complexity.mean": 10.647161483764648, "lowlevel.spectral_complexity.stdev": 8.149972915649414, "lowlevel.spectral_decrease.mean": -8.330825806979192e-09, "lowlevel.spectral_decrease.stdev": 1.653705794524285e-08, "lowlevel.spectral_energy.mean": 0.03369113802909851, "lowlevel.spectral_energy.stdev": 0.06360485404729843, "lowlevel.spectral_energyband_high.mean": 0.0019624335691332817, "lowlevel.spectral_energyband_high.stdev": 0.002133188536390662, "lowlevel.spectral_energyband_low.mean": 0.022927524521946907, "lowlevel.spectral_energyband_low.stdev": 0.058779917657375336, "lowlevel.spectral_energyband_middle_high.mean": 0.0019192135659977794, "lowlevel.spectral_energyband_middle_high.stdev": 0.004215454217046499, "lowlevel.spectral_energyband_middle_low.mean": 0.008004801347851753, "lowlevel.spectral_energyband_middle_low.stdev": 0.013739235699176788, "lowlevel.spectral_entropy.mean": 7.736080646514893, "lowlevel.spectral_entropy.stdev": 0.5658575296401978, "lowlevel.spectral_flux.mean": 0.09460507333278656, "lowlevel.spectral_flux.stdev": 0.11552118510007858, "lowlevel.spectral_kurtosis.mean": 1.1153687238693237, "lowlevel.spectral_kurtosis.stdev": 1.8468499183654785, "lowlevel.spectral_rms.mean": 0.004713448230177164, "lowlevel.spectral_rms.stdev": 0.00326386746019125, "lowlevel.spectral_rolloff.mean": 2698.7421875, "lowlevel.spectral_rolloff.stdev": 3572.490234375, "lowlevel.spectral_skewness.mean": 1.191077709197998, "lowlevel.spectral_skewness.stdev": 0.51800537109375, "lowlevel.spectral_spread.mean": 8553095.0, "lowlevel.spectral_spread.stdev": 1887842.5, "lowlevel.spectral_strongpeak.mean": 0.5510047078132629, "lowlevel.spectral_strongpeak.stdev": 0.6089379787445068, "lowlevel.zerocrossingrate.mean": 0.1004730612039566, "lowlevel.zerocrossingrate.stdev": 0.06324730813503265, "metadata.audio_properties.analysis.equal_loudness": 0.0, "metadata.audio_properties.analysis.length": 40.04265213012695, "metadata.audio_properties.analysis.sample_rate": 44100.0, "metadata.audio_properties.analysis.start_time": 0.0, "metadata.audio_properties.bit_rate": 102529.0, "metadata.audio_properties.length": 40.042667388916016, "metadata.audio_properties.lossless": 0.0, "metadata.audio_properties.number_channels": 1.0, "metadata.audio_properties.replay_gain": -7.627668380737305, "metadata.audio_properties.sample_rate": 48000.0, "rhythm.beats_count": 70.0, "rhythm.beats_loudness.mean": 0.046671170741319656, "rhythm.beats_loudness.stdev": 0.04291703552007675, "rhythm.bpm": 105.13406372070312, "rhythm.bpm_histogram_first_peak_bpm": 105.0, "rhythm.bpm_histogram_first_peak_weight": 0.253731369972229, "rhythm.bpm_histogram_second_peak_bpm": 110.0, "rhythm.bpm_histogram_second_peak_spread": 0.0, "rhythm.bpm_histogram_second_peak_weight": 0.014492753893136978, "rhythm.danceability": 1.7487270832061768, "rhythm.onset_rate": 4.71858024597168, "tonal.chords_changes_rate": 0.06018518656492233, "tonal.chords_number_rate": 0.0069444444961845875, "tonal.chords_strength.mean": 0.6038571000099182, "tonal.chords_strength.stdev": 0.11942660063505173, "tonal.hpcp_crest.mean": 13.069497108459473, "tonal.hpcp_crest.stdev": 5.490643501281738, "tonal.hpcp_entropy.mean": 2.03780198097229, "tonal.hpcp_entropy.stdev": 0.7447894215583801, "tonal.key_edma.strength": 0.7709121704101562, "tonal.key_krumhansl.strength": 0.7707563638687134, "tonal.key_temperley.strength": 0.7634456753730774, "tonal.tuning_diatonic_strength": 0.7038657069206238, "tonal.tuning_equal_tempered_deviation": 0.2967638671398163, "tonal.tuning_frequency": 451.5868835449219, "tonal.tuning_nontempered_energy_ratio": 0.9087600111961365, "lowlevel.barkbands.mean": [8.148529741447419e-05, 0.012818826362490654, 0.008931206539273262, 0.0017272609984502196, 0.001495318254455924, 0.0015566643560305238, 0.0016203668201342225, 0.0009088238002732396, 0.0006484426558017731, 0.00023688924557063729, 0.0002362981904298067, 0.0004207811434753239, 0.00022506910318043083, 0.0001954269828274846, 0.00016186945140361786, 0.00013245501031633466, 0.00010445559746585786, 0.00010064957314170897, 9.087454964173958e-05, 0.00012769857130479068, 0.00020218179270159453, 0.00016236293595284224, 0.000142279764986597, 0.00024166086222976446, 0.0011215441627427936, 2.646788459514937e-07, 1.1811049915877447e-09], "lowlevel.barkbands.stdev": [0.00019143793906550854, 0.02807852253317833, 0.031018877401947975, 0.008155041374266148, 0.003193996613845229, 0.003185848006978631, 0.0036431115586310625, 0.002171359723433852, 0.0015687461709603667, 0.0011914175702258945, 0.000550718221347779, 0.0011622336460277438, 0.0006998286116868258, 0.0006976724835112691, 0.0005949677433818579, 0.00041966905700974166, 0.00024009715707506984, 0.00024127679353114218, 0.0002898930397350341, 0.00024449662305414677, 0.0003001618606504053, 0.0003010494983755052, 0.00029201211873441935, 0.00036798842484131455, 0.001233289367519319, 1.1625119213931612e-06, 3.0437146136819138e-09], "lowlevel.erbbands.mean": [0.17532981932163239, 3.508892774581909, 11.411077499389648, 7.282830238342285, 4.10146951675415, 5.516531467437744, 9.354362487792969, 13.93843936920166, 17.8979434967041, 26.609893798828125, 20.233936309814453, 13.355501174926758, 9.117219924926758, 9.465072631835938, 10.77495288848877, 14.709346771240234, 11.77314281463623, 9.767121315002441, 9.492616653442383, 7.390321254730225, 7.638794422149658, 6.391225814819336, 5.429448127746582, 5.4622392654418945, 3.946758508682251, 5.688607215881348, 8.441916465759277, 7.419507026672363, 6.518938064575195, 4.6334710121154785, 3.8619089126586914, 4.02880334854126, 6.525032043457031, 20.357723236083984, 3.05159592628479, 0.09200434386730194, 0.003898158436641097, 0.0003819768608082086, 7.840233593015e-05, 5.396809137891978e-05], "lowlevel.erbbands.stdev": [0.3231707811355591, 8.14865493774414, 34.90830993652344, 31.648252487182617, 14.78603744506836, 13.050987243652344, 17.508325576782227, 30.931577682495117, 47.03874206542969, 54.20209503173828, 42.21907424926758, 33.48197555541992, 32.42436218261719, 24.816036224365234, 26.31976318359375, 44.65949630737305, 33.804176330566406, 30.146303176879883, 36.78456115722656, 24.51723861694336, 22.682424545288086, 14.570462226867676, 12.814327239990234, 15.931951522827148, 10.858165740966797, 10.488117218017578, 12.899883270263672, 11.692808151245117, 12.44775676727295, 9.186954498291016, 8.001786231994629, 7.070041179656982, 8.106988906860352, 22.97964096069336, 3.271096706390381, 0.10464142262935638, 0.004115666262805462, 0.00040172727312892675, 7.934222958283499e-05, 7.597963121952489e-05], "lowlevel.gfcc.mean": [-31.00220489501953, 73.74283599853516, -78.76481628417969, 50.492427825927734, -78.05670928955078, 41.611759185791016, -44.55781173706055, 24.600473403930664, -20.413652420043945, 16.596132278442383, -0.7758854627609253, -7.764071941375732, 10.391433715820312], "lowlevel.melbands.mean": [0.002544770250096917, 0.005491765681654215, 0.0011997002875432372, 0.0003044537443201989, 0.0003201116051059216, 0.00030620061443187296, 0.00030024550505913794, 0.0002760687784757465, 0.00015881896251812577, 8.087937021628022e-05, 4.483264638110995e-05, 3.78761651518289e-05, 3.4134565794374794e-05, 4.133522088523023e-05, 3.416791878407821e-05, 2.3273902115761302e-05, 1.7620955986785702e-05, 1.583561606821604e-05, 1.2241820513736457e-05, 8.818249625619501e-06, 8.311383680847939e-06, 6.819703230576124e-06, 4.952352355758194e-06, 4.6931577344366815e-06, 4.478226401261054e-06, 3.0344456263264874e-06, 2.563843054304016e-06, 4.129492481297348e-06, 5.700032943423139e-06, 4.695195457316004e-06, 4.164444817433832e-06, 3.879508767568041e-06, 2.826374611686333e-06, 2.5305189410573803e-06, 2.171958612962044e-06, 2.22043672692962e-06, 2.5092258510994725e-06, 3.2828345410962356e-06, 9.343891179014463e-06, 2.017907172557898e-05], "lowlevel.melbands.stdev": [0.0052362242713570595, 0.01511125173419714, 0.0049359919503331184, 0.0007635838119313121, 0.0005848681321367621, 0.0006685181288048625, 0.0007223428110592067, 0.0005573694361373782, 0.0003334374341648072, 0.00021448756160680205, 0.00017537474923301488, 0.00011794439342338592, 7.985412230482325e-05, 0.00012029166100546718, 0.00010823107731994241, 7.047699182294309e-05, 5.8732377510750666e-05, 6.386351014953107e-05, 4.196773807052523e-05, 2.887158188968897e-05, 2.4471577489748597e-05, 1.598219751031138e-05, 1.1590528629312757e-05, 1.1939168871322181e-05, 1.3881537597626448e-05, 9.82050369202625e-06, 5.611967026197817e-06, 7.96615677245427e-06, 9.550501090416219e-06, 7.563574854430044e-06, 6.865513569209725e-06, 7.775543963361997e-06, 5.3032676987641025e-06, 5.32184685653192e-06, 4.812848146684701e-06, 4.221281415084377e-06, 4.5411684368446e-06, 5.109629000799032e-06, 1.0585116797301453e-05, 2.3029826479614712e-05], "lowlevel.melbands128.mean": [7.009599357843399e-05, 0.0008438184158876538, 0.0028857323341071606, 0.007023476529866457, 0.0070510017685592175, 0.0036414212081581354, 0.001464562606997788, 0.0007227170281112194, 0.00035144176217727363, 0.00022013320995029062, 0.0003277826472185552, 0.0003295623464509845, 0.0003307787119410932, 0.00029451854061335325, 0.0003117130836471915, 0.0003307030419819057, 0.00023081009567249566, 0.00027806017897091806, 0.00041537743527442217, 0.00030586824868805707, 0.00021256729087326676, 0.0001812216214602813, 0.0001581343385623768, 0.0001371037942590192, 6.537912850035354e-05, 7.921813084976748e-05, 5.922114723944105e-05, 3.1191946618491784e-05, 4.793603511643596e-05, 2.5854535124381073e-05, 4.3963093048660085e-05, 4.100478327018209e-05, 2.686140578589402e-05, 2.7164758648723364e-05, 5.9146575949853286e-05, 2.9973809432704e-05, 4.1073286411119625e-05, 4.584107591654174e-05, 1.7679796656011604e-05, 2.803423376462888e-05, 2.4418062821496278e-05, 1.7209591533173807e-05, 1.6469170077471063e-05, 1.769189657352399e-05, 2.0965479052392766e-05, 1.312423228227999e-05, 1.3372809917200357e-05, 1.4723666026839055e-05, 1.0631134500727057e-05, 8.24494145490462e-06, 6.144135113572702e-06, 1.2896508451376576e-05, 9.922015124175232e-06, 6.2007684391574e-06, 5.221208994043991e-06, 8.62300021253759e-06, 6.369327820721082e-06, 4.1945513657992706e-06, 4.956425982527435e-06, 5.2111254262854345e-06, 4.4475837057689205e-06, 4.435953542269999e-06, 4.998129952582531e-06, 4.699470537161687e-06, 3.45279545399535e-06, 2.8508545710792532e-06, 2.9591217298730044e-06, 2.3220695766212884e-06, 2.4538378511351766e-06, 2.9082807486702222e-06, 3.194422333763214e-06, 5.004327704227762e-06, 7.151415047701448e-06, 5.830629561387468e-06, 4.019209882244468e-06, 5.195058292883914e-06, 4.971966063749278e-06, 3.4151182717323536e-06, 5.195750418351963e-06, 2.9948976134619443e-06, 4.2945325731125195e-06, 4.4040180000592954e-06, 2.6531909043114865e-06, 3.1071419925865484e-06, 2.3095690266927704e-06, 2.4452399429719662e-06, 2.652147259141202e-06, 2.6109498776349938e-06, 1.954790377567406e-06, 1.9455158053460764e-06, 2.46871627496148e-06, 2.029713641604758e-06, 2.3571524252474774e-06, 2.4338978619198315e-06, 2.54010137723526e-06, 3.181512056471547e-06, 3.6620922401198186e-06, 3.1975489491742337e-06, 4.787184934684774e-06, 1.1845890185213648e-05, 2.8111448045819998e-05, 2.4408633180428296e-05, 8.096300916804466e-06, 6.199268227646826e-06, 7.214973720692797e-07, 4.876058028457919e-07, 1.2208680288949836e-07, 1.720522035952854e-08, 8.848454607912615e-11, 4.047708349053103e-11, 2.859060557747206e-11, 2.263446895189869e-11, 1.8341682339606535e-11, 1.6883109493770476e-11, 1.2313183458956267e-11, 1.6824149712268976e-11, 9.284833318856656e-12, 5.308848412960421e-12, 5.0972897777668e-12, 4.926353595890998e-12, 4.782951812387637e-12, 4.678537939006855e-12, 4.5649369700973e-12, 4.463482101285665e-12, 4.312395059102858e-12, 4.112180648080388e-12, 3.9951579371144685e-12, 3.959276049375626e-12], "lowlevel.melbands128.stdev": [0.00016420305473729968, 0.0015541843604296446, 0.00606149947270751, 0.016588443890213966, 0.02014331705868244, 0.013646614737808704, 0.006997278425842524, 0.0032271575182676315, 0.0012829601764678955, 0.0006708443397656083, 0.0008859224035404623, 0.0007062807562761009, 0.0006779279792681336, 0.0006898385472595692, 0.0007832531700842083, 0.000891785544808954, 0.0008634885307401419, 0.0009188224212266505, 0.0009408260229974985, 0.0007820696919225156, 0.0006373791256919503, 0.0005649360828101635, 0.0004119904770050198, 0.0003969833778683096, 0.0002513880899641663, 0.00031056898296810687, 0.00021002056018915027, 0.00012516901188064367, 0.00039070312050171196, 0.00013227674935478717, 0.00010142728569917381, 0.00010151395690627396, 9.789328760234639e-05, 8.176147821359336e-05, 0.00020545745792333037, 0.00013489996490534395, 0.0001721534936223179, 0.00015477881242986768, 7.840548641979694e-05, 0.00010051438584923744, 8.641297608846799e-05, 4.785291093867272e-05, 6.292236503213644e-05, 7.471088611055166e-05, 8.754742157179862e-05, 6.858995766378939e-05, 6.010153811075725e-05, 5.138274354976602e-05, 4.224793883622624e-05, 3.534272400429472e-05, 2.2939511836739257e-05, 4.679958874476142e-05, 3.610726707847789e-05, 1.738279934215825e-05, 1.3972202395962086e-05, 2.2655893189948983e-05, 1.6567528291488998e-05, 1.190998409583699e-05, 1.302525561186485e-05, 1.6117845007102005e-05, 1.2397870705171954e-05, 1.4290339095168747e-05, 1.922671071952209e-05, 1.3740246686211322e-05, 1.2247180166014004e-05, 1.0965130968543235e-05, 1.026732297759736e-05, 6.136790943855885e-06, 5.9254180087009445e-06, 6.417504209821345e-06, 6.677086275885813e-06, 1.1398446986277122e-05, 1.6145118934218772e-05, 9.888930435408838e-06, 6.244055839488283e-06, 9.011633665068075e-06, 1.0009854122472461e-05, 5.9633307500917e-06, 9.431536454940215e-06, 5.078442427475238e-06, 8.862439244694542e-06, 1.0713427400332876e-05, 5.366885488911066e-06, 5.902086286369013e-06, 4.947784418618539e-06, 5.601666543952888e-06, 6.152889000077266e-06, 5.886089184059529e-06, 5.1516067287593614e-06, 4.6065265451034065e-06, 5.157418854651041e-06, 3.958479283028282e-06, 4.64386357634794e-06, 5.3307626330934e-06, 4.655704742617672e-06, 5.5536920626764186e-06, 6.178439889481524e-06, 5.149445314600598e-06, 6.349514478642959e-06, 1.4657115571026225e-05, 3.513167393975891e-05, 2.9251112209749408e-05, 1.0686658242775593e-05, 7.477663530153222e-06, 1.902412122944952e-06, 1.270885832127533e-06, 2.993361079006718e-07, 5.699758887089956e-08, 1.1833497515212343e-09, 6.190329915334303e-10, 3.752649857524659e-10, 3.0108374127202353e-10, 2.364886064754046e-10, 2.5679480764040363e-10, 1.4690440530706894e-10, 3.240785417801817e-10, 9.761789987461356e-11, 1.0597511583554375e-11, 1.0253293006301512e-11, 9.962012118003294e-12, 9.705495088163651e-12, 9.480535280437241e-12, 9.278822502012396e-12, 9.106972120864754e-12, 8.96508908776461e-12, 8.85372417741559e-12, 8.772065539230933e-12, 8.72217922887053e-12], "lowlevel.mfcc.mean": [-676.3772583007812, 92.19854736328125, 55.160552978515625, 12.080021858215332, 13.20175552368164, 4.467836380004883, 13.218154907226562, -8.889130592346191, 16.448633193969727, -4.7189812660217285, 12.3765287399292, 7.86608362197876, 9.739500045776367], "lowlevel.spectral_contrast_coeffs.mean": [-0.7182500958442688, -0.7438634634017944, -0.7938671112060547, -0.8230329155921936, -0.818539023399353, -0.7834419012069702], "lowlevel.spectral_contrast_coeffs.stdev": [0.08139939606189728, 0.0794350877404213, 0.06518243998289108, 0.04431721195578575, 0.03460490331053734, 0.03722492232918739], "lowlevel.spectral_contrast_valleys.mean": [-6.980966567993164, -7.128909111022949, -7.978713035583496, -8.321934700012207, -8.144782066345215, -9.561365127563477], "lowlevel.spectral_contrast_valleys.stdev": [0.733311116695404, 0.9600465893745422, 0.9953364729881287, 1.0570725202560425, 1.0616201162338257, 0.9191781878471375], "rhythm.beats_loudness_band_ratio.mean": [0.469118595123291, 0.09622093290090561, 0.14374655485153198, 0.10045357793569565, 0.06446981430053711, 0.13995979726314545], "rhythm.beats_loudness_band_ratio.stdev": [0.2645323872566223, 0.09410671144723892, 0.1269398182630539, 0.09010522067546844, 0.06320639699697495, 0.11418214440345764], "tonal.hpcp.mean": [0.06047947704792023, 0.08675854653120041, 0.09444112330675125, 0.18181292712688446, 0.3629319667816162, 0.30854833126068115, 0.10304225981235504, 0.037834636867046356, 0.027968892827630043, 0.060500841587781906, 0.09303596615791321, 0.06659280508756638, 0.03204521909356117, 0.02175484038889408, 0.017397498711943626, 0.04052753373980522, 0.08402103930711746, 0.07272430509328842, 0.038922909647226334, 0.027501152828335762, 0.018250130116939545, 0.026776447892189026, 0.045862454921007156, 0.204175665974617, 0.3910770118236542, 0.2949703633785248, 0.11296942830085754, 0.06511460989713669, 0.055157989263534546, 0.04228176549077034, 0.04922405257821083, 0.0543682724237442, 0.04269479960203171, 0.03352341428399086, 0.03695660084486008, 0.04071265831589699], "tonal.hpcp.stdev": [0.16148851811885834, 0.18416552245616913, 0.1832725703716278, 0.2688399851322174, 0.415060430765152, 0.38288113474845886, 0.22026149928569794, 0.12928105890750885, 0.09925815463066101, 0.133328378200531, 0.20284903049468994, 0.15043069422245026, 0.1024942472577095, 0.0760980099439621, 0.06040821969509125, 0.1053730845451355, 0.19889917969703674, 0.16686615347862244, 0.11515065282583237, 0.09473749250173569, 0.05406154692173004, 0.09613554179668427, 0.1321798712015152, 0.3049851655960083, 0.42973798513412476, 0.33745643496513367, 0.19893990457057953, 0.19454197585582733, 0.17147764563560486, 0.14672261476516724, 0.1552840620279312, 0.15579171478748322, 0.13116304576396942, 0.12095899879932404, 0.13922005891799927, 0.1509758085012436], "rhythm.beats_position": [0.5108389854431152, 1.0332880020141602, 1.5789568424224854, 2.1362357139587402, 2.7167346477508545, 3.2740135192871094, 3.842902421951294, 4.4117913246154785, 4.992290019989014, 5.561179161071777, 6.130067825317383, 6.710566997528076, 7.279455661773682, 7.848344326019287, 8.41723346710205, 8.986122131347656, 9.566620826721191, 10.135510444641113, 10.704399108886719, 11.273287773132324, 11.84217643737793, 12.411065101623535, 12.979954719543457, 13.560453414916992, 14.129342079162598, 14.698230743408203, 15.267120361328125, 15.83600902557373, 16.416507720947266, 16.985397338867188, 17.554285049438477, 18.134784698486328, 18.703672409057617, 19.27256202697754, 19.84145164489746, 20.41033935546875, 20.9908390045166, 21.57133674621582, 22.140226364135742, 22.709115982055664, 23.278003692626953, 23.846893310546875, 24.415781021118164, 24.984670639038086, 25.553560256958008, 26.122447967529297, 26.70294761657715, 27.271835327148438, 27.84072494506836, 28.42122459411621, 28.9901123046875, 29.559001922607422, 30.127891540527344, 30.696779251098633, 31.277278900146484, 31.846166610717773, 32.41505432128906, 32.99555587768555, 33.56444549560547, 34.133331298828125, 34.70222091674805, 35.27111053466797, 35.84000015258789, 36.40888977050781, 36.98938751220703, 37.55827713012695, 38.12716293334961, 38.707664489746094, 39.276554107666016, 39.84543991088867], "rhythm.bpm_histogram": [0.0, 0.0, 0.0, 0.0, 0.0, 0.0, 0.0, 0.0, 0.0, 0.0, 0.0, 0.0, 0.0, 0.0, 0.0, 0.0, 0.0, 0.0, 0.0, 0.0, 0.0, 0.0, 0.0, 0.0, 0.0, 0.0, 0.0, 0.0, 0.0, 0.0, 0.0, 0.0, 0.0, 0.0, 0.0, 0.0, 0.0, 0.0, 0.0, 0.0, 0.0, 0.0, 0.0, 0.0, 0.0, 0.0, 0.0, 0.0, 0.0, 0.0, 0.0, 0.0, 0.0, 0.0, 0.0, 0.0, 0.0, 0.0, 0.0, 0.0, 0.0, 0.0, 0.0, 0.0, 0.0, 0.0, 0.0, 0.0, 0.0, 0.0, 0.0, 0.0, 0.0, 0.0, 0.0, 0.0, 0.0, 0.0, 0.0, 0.0, 0.0, 0.0, 0.0, 0.0, 0.0, 0.0, 0.0, 0.0, 0.0, 0.0, 0.0, 0.0, 0.0, 0.0, 0.0, 0.0, 0.0, 0.0, 0.0, 0.0, 0.0, 0.0, 0.0, 0.21739129722118378, 0.0, 0.7246376872062683, 0.0, 0.0, 0.028985507786273956, 0.0, 0.014492753893136978, 0.0, 0.0, 0.0, 0.0, 0.014492753893136978, 0.0, 0.0, 0.0, 0.0, 0.0, 0.0, 0.0, 0.0, 0.0, 0.0, 0.0, 0.0, 0.0, 0.0, 0.0, 0.0, 0.0, 0.0, 0.0, 0.0, 0.0, 0.0, 0.0, 0.0, 0.0, 0.0, 0.0, 0.0, 0.0, 0.0, 0.0, 0.0, 0.0, 0.0, 0.0, 0.0, 0.0, 0.0, 0.0, 0.0, 0.0, 0.0, 0.0, 0.0, 0.0, 0.0, 0.0, 0.0, 0.0, 0.0, 0.0, 0.0, 0.0, 0.0, 0.0, 0.0, 0.0, 0.0, 0.0, 0.0, 0.0, 0.0, 0.0, 0.0, 0.0, 0.0, 0.0, 0.0, 0.0, 0.0, 0.0, 0.0, 0.0, 0.0, 0.0, 0.0, 0.0, 0.0, 0.0, 0.0, 0.0, 0.0, 0.0, 0.0, 0.0, 0.0, 0.0, 0.0, 0.0, 0.0, 0.0, 0.0, 0.0, 0.0, 0.0, 0.0, 0.0, 0.0, 0.0, 0.0, 0.0, 0.0, 0.0, 0.0, 0.0, 0.0, 0.0, 0.0, 0.0, 0.0, 0.0, 0.0, 0.0, 0.0, 0.0, 0.0, 0.0, 0.0, 0.0, 0.0, 0.0, 0.0, 0.0, 0.0, 0.0, 0.0, 0.0, 0.0, 0.0, 0.0, 0.0, 0.0, 0.0, 0.0], "tonal.chords_histogram": [52.66203689575195, 0.46296295523643494, 8.449073791503906, 0.11574073880910873, 2.6620371341705322, 0.8101851940155029, 0.0, 0.0, 0.0, 0.0, 0.0, 0.0, 0.0, 0.0, 0.0, 0.0, 0.0, 30.324073791503906, 0.0, 2.6620371341705322, 0.0, 1.8518518209457397, 0.0, 0.0], "tonal.thpcp": [1.0, 0.7542513608932495, 0.2888674736022949, 0.1665007323026657, 0.14104124903678894, 0.10811620950698853, 0.12586793303489685, 0.13902190327644348, 0.10917235910892487, 0.08572074770927429, 0.09449955075979233, 0.1041039377450943, 0.15464851260185242, 0.22184516489505768, 0.24148984253406525, 0.4649031162261963, 0.9280319809913635, 0.7889707684516907, 0.26348328590393066, 0.09674472361803055, 0.07151760905981064, 0.15470314025878906, 0.23789678514003754, 0.1702805459499359, 0.08194094151258469, 0.05562802031636238, 0.04448612034320831, 0.10363057255744934, 0.21484525501728058, 0.18595904111862183, 0.09952747821807861, 0.07032158225774765, 0.046666331589221954, 0.06846848130226135, 0.11727218329906464, 0.5220855474472046], "lowlevel.gfcc.cov": [[6223.13916015625, -443.820556640625, -1494.3648681640625, -284.213134765625, -125.66674041748047, -205.30282592773438, -214.7906036376953, 345.64459228515625, 32.76066970825195, -57.053585052490234, -15.06359577178955, -93.69825744628906, -218.31539916992188], [-443.820556640625, 1091.139404296875, 290.6121826171875, -351.741455078125, -30.248186111450195, -71.43663787841797, 14.113655090332031, -120.87776947021484, -2.9852054119110107, -104.43972778320312, 26.654157638549805, -59.99271774291992, 12.058683395385742], [-1494.3648681640625, 290.6121826171875, 1076.09423828125, 376.85955810546875, 33.12675094604492, 50.57313537597656, 44.40951919555664, -204.57595825195312, -76.33499908447266, -98.13594055175781, -60.89957809448242, -54.13865661621094, 8.119980812072754], [-284.213134765625, -351.741455078125, 376.85955810546875, 677.6394653320312, 168.0692901611328, -2.0128769874572754, -30.38977813720703, -93.23160552978516, 7.980569362640381, -79.23452758789062, -63.64613723754883, -44.23265838623047, -42.57145309448242], [-125.66674041748047, -30.248186111450195, 33.12675094604492, 168.0692901611328, 259.7842712402344, 54.838645935058594, -19.638978958129883, -22.91132926940918, -25.203357696533203, -31.894197463989258, -35.68347930908203, -36.63726806640625, 6.242659568786621], [-205.30282592773438, -71.43663787841797, 50.57313537597656, -2.0128769874572754, 54.838645935058594, 188.59982299804688, 122.31975555419922, -31.667694091796875, -48.151058197021484, 11.437610626220703, 11.819113731384277, 1.6191514730453491, -7.397965908050537], [-214.7906036376953, 14.113655090332031, 44.40951919555664, -30.38977813720703, -19.638978958129883, 122.31975555419922, 201.3485107421875, 13.223362922668457, -38.68147277832031, 8.740275382995605, 28.930749893188477, 6.001801013946533, -2.164933681488037], [345.64459228515625, -120.87776947021484, -204.57595825195312, -93.23160552978516, -22.91132926940918, -31.667694091796875, 13.223362922668457, 166.29452514648438, 65.44808959960938, 32.43670654296875, -3.6174590587615967, 12.359183311462402, 2.5528929233551025], [32.76066970825195, -2.9852054119110107, -76.33499908447266, 7.980569362640381, -25.203357696533203, -48.151058197021484, -38.68147277832031, 65.44808959960938, 159.75302124023438, 47.94038772583008, 12.076059341430664, 1.0984954833984375, -9.281235694885254], [-57.053585052490234, -104.43972778320312, -98.13594055175781, -79.23452758789062, -31.894197463989258, 11.437610626220703, 8.740275382995605, 32.43670654296875, 47.94038772583008, 151.03794860839844, 54.32757568359375, 28.746723175048828, 17.495393753051758], [-15.06359577178955, 26.654157638549805, -60.89957809448242, -63.64613723754883, -35.68347930908203, 11.819113731384277, 28.930749893188477, -3.6174590587615967, 12.076059341430664, 54.32757568359375, 100.34796142578125, 49.86178970336914, -2.8834469318389893], [-93.69825744628906, -59.99271774291992, -54.13865661621094, -44.23265838623047, -36.63726806640625, 1.6191514730453491, 6.001801013946533, 12.359183311462402, 1.0984954833984375, 28.746723175048828, 49.86178970336914, 82.61800384521484, 35.11283493041992], [-218.31539916992188, 12.058683395385742, 8.119980812072754, -42.57145309448242, 6.242659568786621, -7.397965908050537, -2.164933681488037, 2.5528929233551025, -9.281235694885254, 17.495393753051758, -2.8834469318389893, 35.11283493041992, 88.84625244140625]], "lowlevel.gfcc.icov": [[0.000374463910702616, -0.00037446070928126574, 0.0007149415323510766, -0.0007002947968430817, 0.0007568986620754004, -0.000668073131237179, 0.0009048974025063217, -0.0010761390440165997, 0.0009031496592797339, 2.8580602702277247e-06, -0.00024936377303674817, 0.0006884931935928762, 0.00032782580819912255], [-0.00037446070928126574, 0.006196336820721626, -0.0033477256074547768, 0.007645947393029928, -0.005298552103340626, 0.007630635518580675, -0.005624228157103062, 0.007673855870962143, -0.006307830568403006, 0.005722353234887123, -0.003705723211169243, 0.0031974927987903357, -0.0003111397963948548], [0.0007149415323510766, -0.0033477256074547768, 0.004170265980064869, -0.0052938503213226795, 0.004170305095613003, -0.004556113854050636, 0.003315938636660576, -0.0034771058708429337, 0.004079475998878479, -0.002229757606983185, 0.0015824863221496344, 0.00045971121289767325, -0.0004633561766240746], [-0.0007002947968430817, 0.007645947393029928, -0.0052938503213226795, 0.012441122904419899, -0.009100443683564663, 0.011057919822633266, -0.008381566032767296, 0.01123138703405857, -0.009352697059512138, 0.006733329966664314, -0.0020049551967531443, 0.000742870441172272, 0.0020582089200615883], [0.0007568986620754004, -0.005298552103340626, 0.004170305095613003, -0.009100443683564663, 0.012175530195236206, -0.01143188588321209, 0.009025754407048225, -0.009108527563512325, 0.007303021382540464, -0.0031406956259161234, -0.00016536105249542743, 0.003839849727228284, -0.003629965940490365], [-0.000668073131237179, 0.007630635518580675, -0.004556113854050636, 0.011057919822633266, -0.01143188588321209, 0.022855699062347412, -0.01617780327796936, 0.014089653268456459, -0.00800361204892397, 0.0038830903358757496, 0.0005582514568232, -0.002094321884214878, 0.00419000955298543], [0.0009048974025063217, -0.005624228157103062, 0.003315938636660576, -0.008381566032767296, 0.009025754407048225, -0.01617780327796936, 0.018171904608607292, -0.013215689919888973, 0.009017721749842167, -0.0027724914252758026, -0.0038941260427236557, 0.003941147122532129, -0.0026869706343859434], [-0.0010761390440165997, 0.007673855870962143, -0.0034771058708429337, 0.01123138703405857, -0.009108527563512325, 0.014089653268456459, -0.013215689919888973, 0.02277836576104164, -0.013144460506737232, 0.004875523038208485, 0.002827357966452837, -0.0025997040793299675, 0.0016361979069188237], [0.0009031496592797339, -0.006307830568403006, 0.004079475998878479, -0.009352697059512138, 0.007303021382540464, -0.00800361204892397, 0.009017721749842167, -0.013144460506737232, 0.01696113869547844, -0.007637114264070988, 0.0006680911756120622, 0.0005373238236643374, 0.0007240033010020852], [2.8580602702277247e-06, 0.005722353234887123, -0.002229757606983185, 0.006733329966664314, -0.0031406956259161234, 0.0038830903358757496, -0.0027724914252758026, 0.004875523038208485, -0.007637114264070988, 0.016214553266763687, -0.010599792003631592, 0.0068880110047757626, -0.0040601142682135105], [-0.00024936377303674817, -0.003705723211169243, 0.0015824863221496344, -0.0020049551967531443, -0.00016536105249542743, 0.0005582514568232, -0.0038941260427236557, 0.002827357966452837, 0.0006680911756120622, -0.010599792003631592, 0.02785462699830532, -0.020552566275000572, 0.009850508533418179], [0.0006884931935928762, 0.0031974927987903357, 0.00045971121289767325, 0.000742870441172272, 0.003839849727228284, -0.002094321884214878, 0.003941147122532129, -0.0025997040793299675, 0.0005373238236643374, 0.0068880110047757626, -0.020552566275000572, 0.03369617834687233, -0.013986006379127502], [0.00032782580819912255, -0.0003111397963948548, -0.0004633561766240746, 0.0020582089200615883, -0.003629965940490365, 0.00419000955298543, -0.0026869706343859434, 0.0016361979069188237, 0.0007240033010020852, -0.0040601142682135105, 0.009850508533418179, -0.013986006379127502, 0.020345410332083702]], "lowlevel.mfcc.cov": [[7341.0947265625, -680.4403686523438, -1560.7366943359375, -413.4051208496094, -129.38198852539062, -589.8720092773438, -182.21266174316406, 51.8570556640625, -101.5601577758789, 176.12547302246094, 54.32710647583008, 149.4616241455078, -140.15359497070312], [-680.4403686523438, 1295.036376953125, 169.61123657226562, -297.5015563964844, -106.38512420654297, -80.9485855102539, 2.997392416000366, -51.950626373291016, -17.319957733154297, -100.41239166259766, -27.339128494262695, 11.226150512695312, -6.116840362548828], [-1560.7366943359375, 169.61123657226562, 953.1649169921875, 316.8675842285156, 44.023841857910156, 212.3275604248047, 27.003143310546875, 23.000778198242188, -25.602590560913086, -54.2652587890625, -72.66622161865234, -32.869564056396484, -11.925297737121582], [-413.4051208496094, -297.5015563964844, 316.8675842285156, 506.7887268066406, 226.57177734375, 120.78227996826172, -31.739511489868164, 25.66568374633789, -3.224886178970337, 11.532119750976562, -45.8036003112793, -48.18510818481445, -24.060712814331055], [-129.38198852539062, -106.38512420654297, 44.023841857910156, 226.57177734375, 292.4784240722656, 69.5278091430664, -42.21084976196289, -3.5973823070526123, 12.498356819152832, 15.751398086547852, -38.09504699707031, -46.6753044128418, -23.496288299560547], [-589.8720092773438, -80.9485855102539, 212.3275604248047, 120.78227996826172, 69.5278091430664, 275.51824951171875, 113.47793579101562, 16.42293357849121, -19.18948745727539, -2.548715829849243, -5.368675231933594, -45.907127380371094, 17.46242332458496], [-182.21266174316406, 2.997392416000366, 27.003143310546875, -31.739511489868164, -42.21084976196289, 113.47793579101562, 230.30465698242188, 40.1424560546875, 18.685678482055664, -52.29066848754883, 17.852169036865234, -26.277135848999023, 15.562272071838379], [51.8570556640625, -51.950626373291016, 23.000778198242188, 25.66568374633789, -3.5973823070526123, 16.42293357849121, 40.1424560546875, 138.46844482421875, 4.1451096534729, 19.861433029174805, -19.981365203857422, 2.4117560386657715, -16.704851150512695], [-101.5601577758789, -17.319957733154297, -25.602590560913086, -3.224886178970337, 12.498356819152832, -19.18948745727539, 18.685678482055664, 4.1451096534729, 131.05809020996094, 10.510628700256348, 10.06041431427002, -13.298103332519531, 3.9218642711639404], [176.12547302246094, -100.41239166259766, -54.2652587890625, 11.532119750976562, 15.751398086547852, -2.548715829849243, -52.29066848754883, 19.861433029174805, 10.510628700256348, 134.7140655517578, 26.268367767333984, 0.11334328353404999, -3.338294744491577], [54.32710647583008, -27.339128494262695, -72.66622161865234, -45.8036003112793, -38.09504699707031, -5.368675231933594, 17.852169036865234, -19.981365203857422, 10.06041431427002, 26.268367767333984, 92.19772338867188, 25.081579208374023, 30.764528274536133], [149.4616241455078, 11.226150512695312, -32.869564056396484, -48.18510818481445, -46.6753044128418, -45.907127380371094, -26.277135848999023, 2.4117560386657715, -13.298103332519531, 0.11334328353404999, 25.081579208374023, 114.01416778564453, 27.253602981567383], [-140.15359497070312, -6.116840362548828, -11.925297737121582, -24.060712814331055, -23.496288299560547, 17.46242332458496, 15.562272071838379, -16.704851150512695, 3.9218642711639404, -3.338294744491577, 30.764528274536133, 27.253602981567383, 111.25372314453125]], "lowlevel.mfcc.icov": [[0.00026479328516870737, 0.00010193726484430954, 0.0003583499346859753, -4.0115828596754e-05, 3.7576817703666165e-05, 0.0003552548005245626, -0.00014203364844433963, -2.237730222987011e-05, 0.00032925617415457964, -0.00022355045075528324, 0.00017527690215501934, -0.00022232373885344714, 0.0003252797177992761], [0.00010193726484430954, 0.0012181609636172652, -0.0005262074992060661, 0.001217312877997756, -0.0005254420102573931, 0.0006326565053313971, -8.329889533342794e-05, 0.00018525260384194553, 0.0002747116959653795, 0.0004293500678613782, 0.00013246704475022852, 8.586981857661158e-05, 0.000176983347046189], [0.0003583499346859753, -0.0005262074992060661, 0.0026664750184863806, -0.0019666259177029133, 0.0015322309918701649, -0.0012579956091940403, 0.00046787859173491597, -0.0001451059360988438, 0.00010977093188557774, 0.00017017460777424276, 0.001115130726248026, -0.0006153671420179307, 0.0005604454781860113], [-4.0115828596754e-05, 0.001217312877997756, -0.0019666259177029133, 0.005465877242386341, -0.0035043780226260424, 0.00022533258015755564, 0.00046465802006423473, -0.0006057920400053263, 0.0002533511142246425, 0.0004477620532270521, -0.0004287355113774538, 0.0005654467386193573, 4.0799026464810595e-05], [3.7576817703666165e-05, -0.0005254420102573931, 0.0015322309918701649, -0.0035043780226260424, 0.006864548195153475, -0.0020935742650181055, 0.0015928499633446336, 0.0004571116005536169, -0.0010917705949395895, -2.4299102733493783e-05, 0.001568697509355843, 0.0007003902574069798, 0.0004813962150365114], [0.0003552548005245626, 0.0006326565053313971, -0.0012579956091940403, 0.00022533258015755564, -0.0020935742650181055, 0.008260642178356647, -0.004680191166698933, 0.0007376016583293676, 0.002480040770024061, -0.002308717230334878, 0.00022963275841902941, 0.0010738385608419776, -0.0010603726841509342], [-0.00014203364844433963, -8.329889533342794e-05, 0.00046787859173491597, 0.00046465802006423473, 0.0015928499633446336, -0.004680191166698933, 0.009131100960075855, -0.0033118720166385174, -0.0019993456080555916, 0.004777802154421806, -0.0030619436874985695, 0.0019395457347854972, -0.00015098282892722636], [-2.237730222987011e-05, 0.00018525260384194553, -0.0001451059360988438, -0.0006057920400053263, 0.0004571116005536169, 0.0007376016583293676, -0.0033118720166385174, 0.009471477009356022, -3.529291643644683e-05, -0.003243172774091363, 0.0036542178131639957, -0.0018198598409071565, 0.0010408626403659582], [0.00032925617415457964, 0.0002747116959653795, 0.00010977093188557774, 0.0002533511142246425, -0.0010917705949395895, 0.002480040770024061, -0.0019993456080555916, -3.529291643644683e-05, 0.008971861563622952, -0.0013928108382970095, -0.0005887221195735037, 0.0010192249901592731, -0.0002939717087429017], [-0.00022355045075528324, 0.0004293500678613782, 0.00017017460777424276, 0.0004477620532270521, -2.4299102733493783e-05, -0.002308717230334878, 0.004777802154421806, -0.003243172774091363, -0.0013928108382970095, 0.011411456391215324, -0.004802089650183916, 0.0015038765268400311, 0.0004100320511497557], [0.00017527690215501934, 0.00013246704475022852, 0.001115130726248026, -0.0004287355113774538, 0.001568697509355843, 0.00022963275841902941, -0.0030619436874985695, 0.0036542178131639957, -0.0005887221195735037, -0.004802089650183916, 0.0166203361004591, -0.003301271703094244, -0.002383435145020485], [-0.00022232373885344714, 8.586981857661158e-05, -0.0006153671420179307, 0.0005654467386193573, 0.0007003902574069798, 0.0010738385608419776, 0.0019395457347854972, -0.0018198598409071565, 0.0010192249901592731, 0.0015038765268400311, -0.003301271703094244, 0.011822978034615517, -0.002758385380730033], [0.0003252797177992761, 0.000176983347046189, 0.0005604454781860113, 4.0799026464810595e-05, 0.0004813962150365114, -0.0010603726841509342, -0.00015098282892722636, 0.0010408626403659582, -0.0002939717087429017, 0.0004100320511497557, -0.002383435145020485, -0.002758385380730033, 0.01127984281629324]], "metadata.audio_properties.analysis.downmix": "mix", "metadata.audio_properties.codec": "mp3", "metadata.audio_properties.md5_encoded": "1dbf254