{"song_id": "1182256923421188136", "download": "https://cdn.discordapp.com/attachments/1135911532732108921/1182256923421188136/chirp.mp4?ex=6584098f&amp", "lyrics": "[Verse 1]\nDeeznuts flowin', you know I'm in control\nGot the rhyme schemes that penetrate right to your soul\nSteppin' up, haters wanna bring me down\nBut I'm too real, watch me flip that crown\n\n[Chorus]\nDeeznuts droppin', got the game locked tight\nWe keep it movin', shinin' under the spotlight\nCan't deny, we bringin' that fire, no doubt\nDeeznuts takin' over, we got clout\n\n(Song complete", "style": ["hip hop"], "essentia_features": {"lowlevel.average_loudness": 0.9436323642730713, "lowlevel.barkbands_crest.mean": 14.060625076293945, "lowlevel.barkbands_crest.stdev": 5.205932140350342, "lowlevel.barkbands_flatness_db.mean": 0.2895525097846985, "lowlevel.barkbands_flatness_db.stdev": 0.13698360323905945, "lowlevel.barkbands_kurtosis.mean": 49.71595764160156, "lowlevel.barkbands_kurtosis.stdev": 128.11373901367188, "lowlevel.barkbands_skewness.mean": 3.4472548961639404, "lowlevel.barkbands_skewness.stdev": 3.910524845123291, "lowlevel.barkbands_spread.mean": 17.76835060119629, "lowlevel.barkbands_spread.stdev": 24.70522689819336, "lowlevel.dissonance.mean": 0.4333071708679199, "lowlevel.dissonance.stdev": 0.059987254440784454, "lowlevel.dynamic_complexity": 3.750208616256714, "lowlevel.erbbands_crest.mean": 12.69979190826416, "lowlevel.erbbands_crest.stdev": 6.05073881149292, "lowlevel.erbbands_flatness_db.mean": 0.21324557065963745, "lowlevel.erbbands_flatness_db.stdev": 0.09086737036705017, "lowlevel.erbbands_kurtosis.mean": 13.589370727539062, "lowlevel.erbbands_kurtosis.stdev": 34.266056060791016, "lowlevel.erbbands_skewness.mean": 1.4614113569259644, "lowlevel.erbbands_skewness.stdev": 2.770155191421509, "lowlevel.erbbands_spread.mean": 46.699913024902344, "lowlevel.erbbands_spread.stdev": 42.35250473022461, "lowlevel.hfc.mean": 25.579998016357422, "lowlevel.hfc.stdev": 50.17043685913086, "lowlevel.loudness_ebu128.integrated": -13.8192720413208, "lowlevel.loudness_ebu128.loudness_range": 3.075469970703125, "lowlevel.loudness_ebu128.momentary.mean": -14.483203887939453, "lowlevel.loudness_ebu128.momentary.stdev": 2.8013875484466553, "lowlevel.loudness_ebu128.short_term.mean": -13.974783897399902, "lowlevel.loudness_ebu128.short_term.stdev": 1.0689833164215088, "lowlevel.melbands_crest.mean": 19.50596046447754, "lowlevel.melbands_crest.stdev": 6.219884395599365, "lowlevel.melbands_flatness_db.mean": 0.3794170916080475, "lowlevel.melbands_flatness_db.stdev": 0.17068155109882355, "lowlevel.melbands_kurtosis.mean": 86.31666564941406, "lowlevel.melbands_kurtosis.stdev": 185.19776916503906, "lowlevel.melbands_skewness.mean": 4.8167595863342285, "lowlevel.melbands_skewness.stdev": 4.29524564743042, "lowlevel.melbands_spread.mean": 16.01397705078125, "lowlevel.melbands_spread.stdev": 31.017932891845703, "lowlevel.pitch_salience.mean": 0.45681196451187134, "lowlevel.pitch_salience.stdev": 0.1521701216697693, "lowlevel.silence_rate_20dB.mean": 0.9963396787643433, "lowlevel.silence_rate_20dB.stdev": 0.060389552265405655, "lowlevel.silence_rate_30dB.mean": 0.8931186199188232, "lowlevel.silence_rate_30dB.stdev": 0.3089611828327179, "lowlevel.silence_rate_60dB.mean": 0.09150805324316025, "lowlevel.silence_rate_60dB.stdev": 0.28833135962486267, "lowlevel.spectral_centroid.mean": 864.0505981445312, "lowlevel.spectral_centroid.stdev": 956.6366577148438, "lowlevel.spectral_complexity.mean": 8.983162879943848, "lowlevel.spectral_complexity.stdev": 10.263179779052734, "lowlevel.spectral_decrease.mean": -1.1916476694295852e-08, "lowlevel.spectral_decrease.stdev": 1.7740646285346884e-08, "lowlevel.spectral_energy.mean": 0.047295715659856796, "lowlevel.spectral_energy.stdev": 0.06780026853084564, "lowlevel.spectral_energyband_high.mean": 0.0021258308552205563, "lowlevel.spectral_energyband_high.stdev": 0.005940551869571209, "lowlevel.spectral_energyband_low.mean": 0.03293459117412567, "lowlevel.spectral_energyband_low.stdev": 0.06576453149318695, "lowlevel.spectral_energyband_middle_high.mean": 0.0014206438791006804, "lowlevel.spectral_energyband_middle_high.stdev": 0.002850450575351715, "lowlevel.spectral_energyband_middle_low.mean": 0.015688488259911537, "lowlevel.spectral_energyband_middle_low.stdev": 0.017397424206137657, "lowlevel.spectral_entropy.mean": 6.687163829803467, "lowlevel.spectral_entropy.stdev": 1.303994059562683, "lowlevel.spectral_flux.mean": 0.10178632289171219, "lowlevel.spectral_flux.stdev": 0.11025914549827576, "lowlevel.spectral_kurtosis.mean": 14.501260757446289, "lowlevel.spectral_kurtosis.stdev": 28.07370948791504, "lowlevel.spectral_rms.mean": 0.005647060461342335, "lowlevel.spectral_rms.stdev": 0.003775297198444605, "lowlevel.spectral_rolloff.mean": 1415.0885009765625, "lowlevel.spectral_rolloff.stdev": 2606.489990234375, "lowlevel.spectral_skewness.mean": 2.5269992351531982, "lowlevel.spectral_skewness.stdev": 2.199090003967285, "lowlevel.spectral_spread.mean": 5909915.0, "lowlevel.spectral_spread.stdev": 3474373.25, "lowlevel.spectral_strongpeak.mean": 0.7017450332641602, "lowlevel.spectral_strongpeak.stdev": 0.6918244957923889, "lowlevel.zerocrossingrate.mean": 0.05194833502173424, "lowlevel.zerocrossingrate.stdev": 0.062407370656728745, "metadata.audio_properties.analysis.equal_loudness": 0.0, "metadata.audio_properties.analysis.length": 31.679977416992188, "metadata.audio_properties.analysis.sample_rate": 44100.0, "metadata.audio_properties.analysis.start_time": 0.0, "metadata.audio_properties.bit_rate": 125856.0, "metadata.audio_properties.length": 31.68000030517578, "metadata.audio_properties.lossless": 0.0, "metadata.audio_properties.number_channels": 1.0, "metadata.audio_properties.replay_gain": -12.094295501708984, "metadata.audio_properties.sample_rate": 48000.0, "rhythm.beats_count": 51.0, "rhythm.beats_loudness.mean": 0.17049717903137207, "rhythm.beats_loudness.stdev": 0.12508195638656616, "rhythm.bpm": 97.0421371459961, "rhythm.bpm_histogram_first_peak_bpm": 98.0, "rhythm.bpm_histogram_first_peak_weight": 0.2999999523162842, "rhythm.bpm_histogram_second_peak_bpm": 0.0, "rhythm.bpm_histogram_second_peak_spread": 0.0, "rhythm.bpm_histogram_second_peak_weight": 0.0, "rhythm.danceability": 1.257745385169983, "rhythm.onset_rate": 4.764122486114502, "tonal.chords_changes_rate": 0.061403509229421616, "tonal.chords_number_rate": 0.011695906519889832, "tonal.chords_strength.mean": 0.43052828311920166, "tonal.chords_strength.stdev": 0.12217560410499573, "tonal.hpcp_crest.mean": 13.680620193481445, "tonal.hpcp_crest.stdev": 5.188934803009033, "tonal.hpcp_entropy.mean": 1.861060380935669, "tonal.hpcp_entropy.stdev": 0.712329089641571, "tonal.key_edma.strength": 0.5675772428512573, "tonal.key_krumhansl.strength": 0.5644132494926453, "tonal.key_temperley.strength": 0.5449438095092773, "tonal.tuning_diatonic_strength": 0.4530772566795349, "tonal.tuning_equal_tempered_deviation": 0.12943708896636963, "tonal.tuning_frequency": 437.2131652832031, "tonal.tuning_nontempered_energy_ratio": 0.7411376237869263, "lowlevel.barkbands.mean": [0.0013000675244256854, 0.020908160135149956, 0.005889331456273794, 0.008209836669266224, 0.003525062231346965, 0.001078305533155799, 0.0005404369439929724, 0.0016403908375650644, 0.0006213021115399897, 0.00017174404638353735, 0.00013429688988253474, 0.00010755265248008072, 8.530598279321566e-05, 0.00015103754412848502, 0.00011160088615724817, 0.00010404058411950245, 0.00014175860269460827, 0.00018147676018998027, 0.00017471892351750284, 0.0001932848390424624, 0.00021339226805139333, 0.0003542951017152518, 0.000471041799755767, 0.0005114511586725712, 0.0003649205027613789, 0.0001097397762350738, 1.2195173439977225e-06], "lowlevel.barkbands.stdev": [0.004081862512975931, 0.05465345084667206, 0.015103856101632118, 0.011393561959266663, 0.008725572377443314, 0.0034225403796881437, 0.002155543304979801, 0.00442587211728096, 0.0030023211147636175, 0.0006279450608417392, 0.0005339716444723308, 0.00032961758552119136, 0.0003457845887169242, 0.0006192047731019557, 0.00032289657974615693, 0.00027465508901514113, 0.0003630609717220068, 0.00041215907549485564, 0.0005299410549923778, 0.0006536938017234206, 0.0007968387799337506, 0.0012422730214893818, 0.0014544875593855977, 0.0014943100977689028, 0.001094516832381487, 0.0003274142509326339, 7.1489785113953985e-06], "lowlevel.erbbands.mean": [0.7014278769493103, 4.234907150268555, 7.302712440490723, 19.623268127441406, 18.74397087097168, 11.369589805603027, 3.870227575302124, 10.632938385009766, 10.897107124328613, 13.891825675964355, 36.92866134643555, 13.51754093170166, 6.942148208618164, 5.514734745025635, 5.095025539398193, 3.9402222633361816, 3.8657941818237305, 6.476629734039307, 7.480849266052246, 5.506359577178955, 6.171706199645996, 8.4295654296875, 9.333541870117188, 9.995950698852539, 8.529403686523438, 9.1901216506958, 8.56383228302002, 9.086395263671875, 12.422868728637695, 13.145576477050781, 13.491812705993652, 11.253438949584961, 8.379651069641113, 5.065234661102295, 2.003359317779541, 0.7233243584632874, 0.15306226909160614, 0.012576324865221977, 0.0003272097383160144, 7.437707245117053e-05], "lowlevel.erbbands.stdev": [2.2624692916870117, 10.423672676086426, 17.891782760620117, 27.940418243408203, 24.884204864501953, 33.124752044677734, 8.291302680969238, 34.81204605102539, 49.33854675292969, 35.851375579833984, 111.615478515625, 65.14657592773438, 25.518430709838867, 16.584867477416992, 17.30150032043457, 12.506009101867676, 14.97972583770752, 25.573591232299805, 25.97407341003418, 15.696442604064941, 15.152676582336426, 21.075820922851562, 20.846961975097656, 25.794652938842773, 27.148948669433594, 31.24197769165039, 31.553241729736328, 34.04545211791992, 44.10590362548828, 42.82904052734375, 41.85385513305664, 34.515106201171875, 24.070636749267578, 15.049383163452148, 6.086998462677002, 2.1559267044067383, 0.46266984939575195, 0.04756623134016991, 0.0010822321055456996, 0.00010375161218689755], "lowlevel.gfcc.mean": [-104.30768585205078, 92.32158660888672, -36.724571228027344, 51.95441818237305, -61.492454528808594, 10.496007919311523, -43.5220832824707, 22.258378982543945, -20.745216369628906, -4.642825126647949, -21.63272476196289, -17.103452682495117, -19.880321502685547], "lowlevel.melbands.mean": [0.0060482085682451725, 0.004509362392127514, 0.0032887402921915054, 0.0010616073850542307, 0.00016983592649921775, 0.00023717619478702545, 0.00015218270709738135, 0.0002080358099192381, 0.00028588096029125154, 7.199209358077496e-05, 3.266353451181203e-05, 2.155965739802923e-05, 1.808871456887573e-05, 1.3513933481590357e-05, 6.904404926899588e-06, 9.90961507341126e-06, 1.2230463653395418e-05, 1.3027580280322582e-05, 7.951406587380916e-06, 6.825292075518519e-06, 7.226274192362325e-06, 8.438528311671689e-06, 8.955532393883914e-06, 8.085417903203052e-06, 8.145163519657217e-06, 6.365481567627285e-06, 6.092374860600103e-06, 5.9981462072755676e-06, 5.288004103931598e-06, 4.921002982882783e-06, 5.441966550279176e-06, 6.8334315983520355e-06, 7.314050435525132e-06, 7.4488489190116525e-06, 7.704171366640367e-06, 7.552400802524062e-06, 6.626899448747281e-06, 5.9799303926411085e-06, 5.106491244077915e-06, 4.004874881502474e-06], "lowlevel.melbands.stdev": [0.017160680145025253, 0.00979963131248951, 0.00428240979090333, 0.0022921564523130655, 0.0004007892857771367, 0.0008165094186551869, 0.0006624285015277565, 0.0005121342255733907, 0.0009140884503722191, 0.00035648784250952303, 0.00012611989222932607, 6.58936332911253e-05, 6.980335456319153e-05, 4.283178350306116e-05, 2.031261828960851e-05, 4.354538759798743e-05, 5.0034865125780925e-05, 5.0669674237724394e-05, 2.419295378786046e-05, 1.970005723705981e-05, 1.840594268287532e-05, 2.2103613446233794e-05, 2.0946052245562896e-05, 1.9140070435241796e-05, 2.1778854716103524e-05, 2.1297479179338552e-05, 1.99474161490798e-05, 2.092723843816202e-05, 1.9791625163634308e-05, 1.837719537434168e-05, 2.0857454728684388e-05, 2.518036671972368e-05, 2.5481758711976e-05, 2.4165312424884178e-05, 2.4539664082112722e-05, 2.2974969397182576e-05, 2.0942517949151807e-05, 1.731233533064369e-05, 1.5452076695510186e-05, 1.2009936654067133e-05], "lowlevel.melbands128.mean": [0.0012167742243036628, 0.005659992340952158, 0.008229078724980354, 0.006616188678890467, 0.004002053756266832, 0.0028238678351044655, 0.004322780296206474, 0.00363354803994298, 0.0015766953583806753, 0.001118504093028605, 0.0005737776518799365, 0.00014010953600518405, 9.52209738898091e-05, 0.00012683427485171705, 0.0002201547904405743, 0.0003341752744745463, 0.0002498580433893949, 9.822373249335214e-05, 5.892301851417869e-05, 8.721958147361875e-05, 0.00033588477526791394, 0.0004392096889205277, 0.00026630202773958445, 0.00017322710482403636, 6.440775177907199e-05, 4.209246617392637e-05, 4.524543328443542e-05, 3.394393206690438e-05, 1.9850695025525056e-05, 1.9153640096192248e-05, 2.277516614412889e-05, 2.487105484760832e-05, 1.7026637578965165e-05, 1.3618899174616672e-05, 1.6811616660561413e-05, 1.3741577276960015e-05, 8.357276783499401e-06, 5.99746499574394e-06, 5.6943831623357255e-06, 8.940184670791496e-06, 1.0835812645382248e-05, 1.107031675928738e-05, 1.275908562092809e-05, 1.089209399651736e-05, 1.6484336811117828e-05, 1.3919404409534764e-05, 8.651350071886554e-06, 8.21591129351873e-06, 7.445679784723325e-06, 7.107435976649867e-06, 6.437304818973644e-06, 6.929124538146425e-06, 7.335877398872981e-06, 7.200840173027245e-06, 7.248523161251796e-06, 8.851347956806421e-06, 9.342146768176463e-06, 8.437647920800373e-06, 9.659228453529067e-06, 8.222758879128378e-06, 7.1618555921304505e-06, 8.418606739724055e-06, 9.789082469069399e-06, 7.844852916605305e-06, 6.023157766321674e-06, 6.743843641743297e-06, 6.4179798755503725e-06, 4.976975105819292e-06, 6.128425866336329e-06, 7.609256044815993e-06, 5.6812177717802115e-06, 5.501319265022175e-06, 5.436277206172235e-06, 5.087864337838255e-06, 5.3851645134272985e-06, 5.167818471818464e-06, 4.530083970166743e-06, 4.6441327867796645e-06, 5.828379471495282e-06, 5.654234428220661e-06, 6.897542789374711e-06, 7.160873337852536e-06, 7.256839580804808e-06, 7.761394954286516e-06, 6.833076895418344e-06, 6.908201157784788e-06, 7.665203156648204e-06, 8.558103218092583e-06, 6.858385404484579e-06, 7.88757733971579e-06, 8.507886377628893e-06, 6.974520601943368e-06, 6.9533266469079535e-06, 7.245844244607724e-06, 5.873515419807518e-06, 5.714055077987723e-06, 6.274824499996612e-06, 5.98150108999107e-06, 4.755863301397767e-06, 5.11804091729573e-06, 4.576981154968962e-06, 3.6975213788537076e-06, 3.569758746380103e-06, 2.607931037346134e-06, 2.1390071651694598e-06, 1.7681213648756966e-06, 1.5289294879039517e-06, 1.508898662905267e-06, 1.2694554243353195e-06, 9.983129984902916e-07, 8.726705686967762e-07, 4.786534759659844e-07, 4.3491405676832073e-07, 3.5219051142121316e-07, 1.6667225111177686e-07, 1.0296363939232833e-07, 5.0171127696785334e-08, 4.196992531291244e-09, 4.832614863836682e-10, 1.2003738281141096e-10, 1.1960575585501232e-10, 1.1002406624660566e-10, 1.0483239276659617e-10, 9.109337589796596e-11, 6.074345193507469e-11, 2.5633479713849106e-11, 8.668067132122648e-12, 6.1369264704735915e-12], "lowlevel.melbands128.stdev": [0.0039038159884512424, 0.020244915038347244, 0.023838674649596214, 0.016307298094034195, 0.010822044685482979, 0.00690091960132122, 0.006536068860441446, 0.004787623416632414, 0.0024196298327296972, 0.0036765169352293015, 0.001822996768169105, 0.00045095858513377607, 0.00023332229466177523, 0.0003379980626050383, 0.0006542233168147504, 0.0015215295134112239, 0.0014765002997592092, 0.0003947764344047755, 0.00020536157535389066, 0.00041619231342338026, 0.0009141271002590656, 0.0012082108296453953, 0.0013567334972321987, 0.00104960473254323, 0.0005891536129638553, 0.00018666744290385395, 0.0002155072143068537, 0.00017753717838786542, 9.92881105048582e-05, 7.631009066244587e-05, 8.199293370125815e-05, 0.00013203721027821302, 9.289826266467571e-05, 5.8891957451123744e-05, 5.8691810409072787e-05, 6.445144390454516e-05, 3.310363172204234e-05, 2.2216676370589994e-05, 1.8231932699563913e-05, 4.831604383070953e-05, 6.234960164874792e-05, 5.088248508400284e-05, 8.089972834568471e-05, 4.7878173063509166e-05, 8.874465856933966e-05, 6.125686195446178e-05, 3.225150430807844e-05, 3.261781967012212e-05, 2.711877277761232e-05, 2.8924367143190466e-05, 2.2174628611537628e-05, 2.0828530978178605e-05, 2.2455049474956468e-05, 2.0511193724814802e-05, 2.1291089069563895e-05, 2.4953151296358556e-05, 3.268571163062006e-05, 2.3132255591917783e-05, 2.5812831154325977e-05, 2.2524336600326933e-05, 2.0284554921090603e-05, 2.332517397007905e-05, 2.7453819711809047e-05, 2.671026231837459e-05, 1.890128623927012e-05, 2.8503207431640476e-05, 2.2084152078605257e-05, 1.625565164431464e-05, 2.1772149921162054e-05, 2.7656838938128203e-05, 2.21478876483161e-05, 1.9729193809325807e-05, 2.114613562298473e-05, 2.0498089725151658e-05, 2.247215343231801e-05, 2.070861592073925e-05, 1.7840993677964434e-05, 2.044735083472915e-05, 2.4100761947920546e-05, 2.2536458345712163e-05, 2.9370592528721318e-05, 2.643666994117666e-05, 2.6892452297033742e-05, 2.9002903829677962e-05, 2.4385708456975408e-05, 2.4737853891565464e-05, 2.620003760966938e-05, 2.8607086278498173e-05, 2.4432933059870265e-05, 2.7897847758140415e-05, 2.6391000574221835e-05, 2.2390990125131793e-05, 2.4431466954411007e-05, 2.536988176871091e-05, 1.8208409528597258e-05, 1.704894020804204e-05, 1.9879740648320876e-05, 1.8278589777764864e-05, 1.4776171155972406e-05, 1.759610495355446e-05, 1.462070667912485e-05, 1.1280987564532552e-05, 1.1799661479017232e-05, 9.034662070916966e-06, 7.211514912341954e-06, 5.74031355426996e-06, 4.596388407662744e-06, 4.8072774916363414e-06, 4.236168024362996e-06, 3.2008274502004497e-06, 2.837896317942068e-06, 1.4696553307658178e-06, 1.4177398952597287e-06, 1.3955688018540968e-06, 6.787109327888174e-07, 5.667195068781439e-07, 3.0606616974182543e-07, 3.837648065996291e-08, 7.750505126580265e-09, 1.368315460936742e-09, 1.485673695178491e-09, 1.5555219334828507e-09, 1.495201851220429e-09, 1.263976479037865e-09, 7.578721539225342e-10, 2.533459275699812e-10, 3.4981104818365694e-11, 1.1079234751854017e-11], "lowlevel.mfcc.mean": [-771.1414794921875, 121.91246032714844, 73.15743255615234, 42.99003601074219, 21.660507202148438, -7.001087188720703, 0.9530323147773743, 6.357354640960693, 4.165095329284668, 9.485066413879395, 5.3402791023254395, 0.3464744985103607, -4.351772308349609], "lowlevel.spectral_contrast_coeffs.mean": [-0.6354703903198242, -0.7398383617401123, -0.8194218873977661, -0.8385949730873108, -0.8197980523109436, -0.8229862451553345], "lowlevel.spectral_contrast_coeffs.stdev": [0.07947824895381927, 0.08906714618206024, 0.06637779623270035, 0.06494810432195663, 0.06043924763798714, 0.04477866739034653], "lowlevel.spectral_contrast_valleys.mean": [-7.089431285858154, -7.664031982421875, -9.194746017456055, -9.504611015319824, -8.988689422607422, -10.710000991821289], "lowlevel.spectral_contrast_valleys.stdev": [1.1985602378845215, 1.2686439752578735, 1.6878772974014282, 1.7768371105194092, 1.7599390745162964, 1.7354514598846436], "rhythm.beats_loudness_band_ratio.mean": [0.6434073448181152, 0.15724599361419678, 0.015852561220526695, 0.01325974427163601, 0.033947452902793884, 0.18228662014007568], "rhythm.beats_loudness_band_ratio.stdev": [0.3654511868953705, 0.1799648404121399, 0.02251950465142727, 0.01736888848245144, 0.03643571957945824, 0.1932821422815323], "tonal.hpcp.mean": [0.11258284002542496, 0.06990137696266174, 0.03382555767893791, 0.05483712628483772, 0.061008892953395844, 0.04925265908241272, 0.07356025278568268, 0.07251627743244171, 0.035975534468889236, 0.020352507010102272, 0.02077132649719715, 0.043486904352903366, 0.09806161373853683, 0.07815644145011902, 0.028854841366410255, 0.03192084655165672, 0.039964459836483, 0.22983720898628235, 0.4866078197956085, 0.3361847996711731, 0.10187146067619324, 0.08539043366909027, 0.05049898847937584, 0.02373271808028221, 0.035418808460235596, 0.04941459000110626, 0.08275489509105682, 0.14868032932281494, 0.1302686184644699, 0.07186848670244217, 0.06349952518939972, 0.05334101617336273, 0.05689822882413864, 0.09831022471189499, 0.10407901555299759, 0.09931900352239609], "tonal.hpcp.stdev": [0.2756611406803131, 0.19343461096286774, 0.120043084025383, 0.1363939344882965, 0.14857855439186096, 0.1346372812986374, 0.20481926202774048, 0.21995589137077332, 0.13366000354290009, 0.08758391439914703, 0.09171240776777267, 0.12131738662719727, 0.21062177419662476, 0.1663963943719864, 0.11274752765893936, 0.1323523074388504, 0.13299965858459473, 0.26807406544685364, 0.44731175899505615, 0.3386441767215729, 0.20407898724079132, 0.22110174596309662, 0.16265811026096344, 0.0826248973608017, 0.12306930124759674, 0.16200461983680725, 0.1960463970899582, 0.30555909872055054, 0.2663273215293884, 0.18654340505599976, 0.1713249385356903, 0.16297218203544617, 0.16619408130645752, 0.2504884600639343, 0.2573457956314087, 0.2219604104757309], "rhythm.beats_position": [0.5804988741874695, 1.1842176914215088, 1.8111563920974731, 2.426485300064087, 3.041814088821411, 3.6571428775787354, 4.2724714279174805, 4.899410247802734, 5.526349067687988, 6.1416778564453125, 6.757006645202637, 7.372335433959961, 7.987664222717285, 8.614603042602539, 9.229931831359863, 9.845260620117188, 10.472199440002441, 11.087528228759766, 11.70285701751709, 12.318185806274414, 12.933514595031738, 13.560453414916992, 14.175782203674316, 14.79111099243164, 15.418049812316895, 16.03337860107422, 16.648706436157227, 17.275646209716797, 17.890974044799805, 18.506303787231445, 19.133241653442383, 19.748571395874023, 20.36389923095703, 20.979228973388672, 21.59455680847168, 22.22149658203125, 22.836824417114258, 23.4521541595459, 24.079092025756836, 24.694421768188477, 25.309749603271484, 25.936689376831055, 26.540407180786133, 27.167346954345703, 27.79428482055664, 28.40961456298828, 29.02494239807129, 29.64027214050293, 30.255599975585938, 30.882539749145508, 31.497867584228516], "rhythm.bpm_histogram": [0.0, 0.0, 0.0, 0.0, 0.0, 0.0, 0.0, 0.0, 0.0, 0.0, 0.0, 0.0, 0.0, 0.0, 0.0, 0.0, 0.0, 0.0, 0.0, 0.0, 0.0, 0.0, 0.0, 0.0, 0.0, 0.0, 0.0, 0.0, 0.0, 0.0, 0.0, 0.0, 0.0, 0.0, 0.0, 0.0, 0.0, 0.0, 0.0, 0.0, 0.0, 0.0, 0.0, 0.0, 0.0, 0.0, 0.0, 0.0, 0.0, 0.0, 0.0, 0.0, 0.0, 0.0, 0.0, 0.0, 0.0, 0.0, 0.0, 0.0, 0.0, 0.0, 0.0, 0.0, 0.0, 0.0, 0.0, 0.0, 0.0, 0.0, 0.0, 0.0, 0.0, 0.0, 0.0, 0.0, 0.0, 0.0, 0.0, 0.0, 0.0, 0.0, 0.0, 0.0, 0.0, 0.0, 0.0, 0.0, 0.0, 0.0, 0.0, 0.0, 0.0, 0.0, 0.0, 0.0, 0.30000001192092896, 0.0, 0.6600000262260437, 0.03999999910593033, 0.0, 0.0, 0.0, 0.0, 0.0, 0.0, 0.0, 0.0, 0.0, 0.0, 0.0, 0.0, 0.0, 0.0, 0.0, 0.0, 0.0, 0.0, 0.0, 0.0, 0.0, 0.0, 0.0, 0.0, 0.0, 0.0, 0.0, 0.0, 0.0, 0.0, 0.0, 0.0, 0.0, 0.0, 0.0, 0.0, 0.0, 0.0, 0.0, 0.0, 0.0, 0.0, 0.0, 0.0, 0.0, 0.0, 0.0, 0.0, 0.0, 0.0, 0.0, 0.0, 0.0, 0.0, 0.0, 0.0, 0.0, 0.0, 0.0, 0.0, 0.0, 0.0, 0.0, 0.0, 0.0, 0.0, 0.0, 0.0, 0.0, 0.0, 0.0, 0.0, 0.0, 0.0, 0.0, 0.0, 0.0, 0.0, 0.0, 0.0, 0.0, 0.0, 0.0, 0.0, 0.0, 0.0, 0.0, 0.0, 0.0, 0.0, 0.0, 0.0, 0.0, 0.0, 0.0, 0.0, 0.0, 0.0, 0.0, 0.0, 0.0, 0.0, 0.0, 0.0, 0.0, 0.0, 0.0, 0.0, 0.0, 0.0, 0.0, 0.0, 0.0, 0.0, 0.0, 0.0, 0.0, 0.0, 0.0, 0.0, 0.0, 0.0, 0.0, 0.0, 0.0, 0.0, 0.0, 0.0, 0.0, 0.0, 0.0, 0.0, 0.0, 0.0, 0.0, 0.0, 0.0, 0.0, 0.0, 0.0, 0.0, 0.0, 0.0, 0.0, 0.0, 0.0, 0.0, 0.0, 0.0, 0.0], "tonal.chords_histogram": [0.8771929740905762, 5.263157844543457, 0.1461988240480423, 4.532163619995117, 0.0, 0.0, 0.0, 22.660818099975586, 6.725146293640137, 1.3157894611358643, 0.0, 0.0, 0.0, 0.0, 0.0, 0.0, 0.0, 0.0, 0.0, 0.0, 42.105262756347656, 10.964912414550781, 5.409356594085693, 0.0], "tonal.thpcp": [1.0, 0.6908742189407349, 0.20935022830963135, 0.17548102140426636, 0.10377759486436844, 0.04877175763249397, 0.07278717309236526, 0.10154911130666733, 0.17006486654281616, 0.3055444657802582, 0.26770761609077454, 0.14769282937049866, 0.13049425184726715, 0.10961808264255524, 0.11692830920219421, 0.20203174650669098, 0.21388685703277588, 0.20410482585430145, 0.23136258125305176, 0.1436503380537033, 0.0695129781961441, 0.11269265413284302, 0.125375896692276, 0.10121633112430573, 0.15116947889328003, 0.14902406930923462, 0.0739312693476677, 0.041825275868177414, 0.04268597066402435, 0.08936745673418045, 0.20152083039283752, 0.16061484813690186, 0.059297941625118256, 0.06559871137142181, 0.08212868124246597, 0.4723253548145294], "lowlevel.gfcc.cov": [[18733.138671875, -3373.719482421875, -5106.1123046875, 90.91871643066406, -593.0907592773438, 541.587646484375, -971.3131713867188, 343.96466064453125, -707.0269775390625, 143.5315704345703, 190.9040069580078, 824.4395751953125, 195.06675720214844], [-3373.719482421875, 3804.730712890625, 675.4285888671875, -778.7948608398438, 747.79150390625, -435.2704772949219, 551.6681518554688, -27.771697998046875, 421.6337890625, -228.15438842773438, 322.53387451171875, -400.2671203613281, 226.9773406982422], [-5106.1123046875, 675.4285888671875, 3655.31396484375, 644.140869140625, -6.842294692993164, 125.89457702636719, 463.349365234375, -144.93927001953125, 439.8501892089844, 134.2972412109375, -74.0505142211914, -95.13046264648438, -49.52700424194336], [90.91871643066406, -778.7948608398438, 644.140869140625, 1047.420166015625, 140.0175323486328, 141.90025329589844, 43.956947326660156, -20.31321144104004, 58.52934265136719, 70.87313079833984, -24.99347496032715, 88.86036682128906, 46.267005920410156], [-593.0907592773438, 747.79150390625, -6.842294692993164, 140.0175323486328, 730.3139038085938, 121.38848114013672, 179.7631378173828, -10.194823265075684, 86.78938293457031, -23.342086791992188, 126.28260040283203, -11.12508773803711, 130.04220581054688], [541.587646484375, -435.2704772949219, 125.89457702636719, 141.90025329589844, 121.38848114013672, 465.29412841796875, 125.6285171508789, -43.19682693481445, -12.44016170501709, 91.03218078613281, 4.854996204376221, 120.0257797241211, 0.3618699610233307], [-971.3131713867188, 551.6681518554688, 463.349365234375, 43.956947326660156, 179.7631378173828, 125.6285171508789, 407.2458190917969, -4.8146562576293945, 124.49771881103516, 5.297966957092285, 72.43456268310547, -24.48048973083496, 31.731325149536133], [343.96466064453125, -27.771697998046875, -144.93927001953125, -20.31321144104004, -10.194823265075684, -43.19682693481445, -4.8146562576293945, 261.9825439453125, 80.75308990478516, 29.315898895263672, 49.07380294799805, 10.927988052368164, 10.371633529663086], [-707.0269775390625, 421.6337890625, 439.8501892089844, 58.52934265136719, 86.78938293457031, -12.44016170501709, 124.49771881103516, 80.75308990478516, 259.697998046875, 50.31699752807617, 46.8230094909668, -53.380767822265625, 46.752586364746094], [143.5315704345703, -228.15438842773438, 134.2972412109375, 70.87313079833984, -23.342086791992188, 91.03218078613281, 5.297966957092285, 29.315898895263672, 50.31699752807617, 139.45057678222656, 25.598955154418945, 61.709781646728516, -6.120040416717529], [190.9040069580078, 322.53387451171875, -74.0505142211914, -24.99347496032715, 126.28260040283203, 4.854996204376221, 72.43456268310547, 49.07380294799805, 46.8230094909668, 25.598955154418945, 185.3719482421875, 55.297019958496094, 65.17135620117188], [824.4395751953125, -400.2671203613281, -95.13046264648438, 88.86036682128906, -11.12508773803711, 120.0257797241211, -24.48048973083496, 10.927988052368164, -53.380767822265625, 61.709781646728516, 55.297019958496094, 217.3047637939453, 24.817859649658203], [195.06675720214844, 226.9773406982422, -49.52700424194336, 46.267005920410156, 130.04220581054688, 0.3618699610233307, 31.731325149536133, 10.371633529663086, 46.752586364746094, -6.120040416717529, 65.17135620117188, 24.817859649658203, 123.30827331542969]], "lowlevel.gfcc.icov": [[0.0001444727968191728, -0.0001049072525347583, 0.0002252207777928561, -0.0001995577767957002, 0.00028407195350155234, -0.00031877256697043777, 0.00020853144815191627, -0.00011531588825164363, 2.8908340027555823e-05, -4.9526035581948236e-05, 1.073268231266411e-05, -0.00030331447487697005, -0.00017076116637326777], [-0.0001049072525347583, 0.0020973666105419397, -0.0006059010629542172, 0.0018152085831388831, -0.0017004812834784389, 0.0018046980258077383, -0.0014046267606317997, 0.0009902464225888252, -0.0013848384842276573, 0.0016074205050244927, -0.0021471476648002863, 0.0018469205824658275, -0.001185028930194676], [0.0002252207777928561, -0.0006059010629542172, 0.000969236483797431, -0.0009472813690081239, 0.0009084496996365488, -0.0007453143480233848, 0.0001555166090838611, 0.0001482847292209044, -0.0005852057947777212, -0.0005672291154041886, 0.0007040253258310258, -0.0009095510467886925, 0.0005000752862542868], [-0.0001995577767957002, 0.0018152085831388831, -0.0009472813690081239, 0.002917043399065733, -0.001945437048561871, 0.0016364898765459657, -0.001126586925238371, 0.00074020866304636, -0.0009830266935750842, 0.0010543877724558115, -0.0011781363282352686, 0.0012476369738578796, -0.0014294771244749427], [0.00028407195350155234, -0.0017004812834784389, 0.0009084496996365488, -0.001945437048561871, 0.003844133112579584, -0.0025080316700041294, 0.0009230720461346209, -0.0006359302788041532, 0.0007427579257637262, -0.0005356856854632497, 0.0004945675027556717, -0.0009958159644156694, -0.0008243442862294614], [-0.00031877256697043777, 0.0018046980258077383, -0.0007453143480233848, 0.0016364898765459657, -0.0025080316700041294, 0.005609635263681412, -0.0028799595311284065, 0.0014333324506878853, -0.0005764913512393832, -0.0009101983159780502, -0.0002822789829224348, 0.00012453160888981074, -0.0001844599173637107], [0.00020853144815191627, -0.0014046267606317997, 0.0001555166090838611, -0.001126586925238371, 0.0009230720461346209, -0.0028799595311284065, 0.0053098006173968315, -0.0006515514105558395, -0.00030504484311677516, 0.00045934427180327475, -0.0004102339153178036, -0.0007935654139146209, 0.000979207456111908], [-0.00011531588825164363, 0.0009902464225888252, 0.0001482847292209044, 0.00074020866304636, -0.0006359302788041532, 0.0014333324506878853, -0.0006515514105558395, 0.005699528846889734, -0.0033435546793043613, 0.00045930143096484244, -0.0018558880547061563, 0.00027869350742548704, 0.0007114919717423618], [2.8908340027555823e-05, -0.0013848384842276573, -0.0005852057947777212, -0.0009830266935750842, 0.0007427579257637262, -0.0005764913512393832, -0.00030504484311677516, -0.0033435546793043613, 0.009845717810094357, -0.00466222083196044, 0.0011080538388341665, 0.00174282630905509, -0.002685544779524207], [-4.9526035581948236e-05, 0.0016074205050244927, -0.0005672291154041886, 0.0010543877724558115, -0.0005356856854632497, -0.0009101983159780502, 0.00045934427180327475, 0.00045930143096484244, -0.00466222083196044, 0.013167140074074268, -0.0035368031822144985, -0.001175012206658721, 0.0014338211622089148], [1.073268231266411e-05, -0.0021471476648002863, 0.0007040253258310258, -0.0011781363282352686, 0.0004945675027556717, -0.0002822789829224348, -0.0004102339153178036, -0.0018558880547061563, 0.0011080538388341665, -0.0035368031822144985, 0.011615196242928505, -0.004493272863328457, -0.0014291310217231512], [-0.00030331447487697005, 0.0018469205824658275, -0.0009095510467886925, 0.0012476369738578796, -0.0009958159644156694, 0.00012453160888981074, -0.0007935654139146209, 0.00027869350742548704, 0.00174282630905509, -0.001175012206658721, -0.004493272863328457, 0.010263127274811268, -0.0029326484072953463], [-0.00017076116637326777, -0.001185028930194676, 0.0005000752862542868, -0.0014294771244749427, -0.0008243442862294614, -0.0001844599173637107, 0.000979207456111908, 0.0007114919717423618, -0.002685544779524207, 0.0014338211622089148, -0.0014291310217231512, -0.0029326484072953463, 0.014291469939053059]], "lowlevel.mfcc.cov": [[22604.822265625, -4330.1533203125, -4885.82666015625, -1465.1732177734375, -429.6044921875, -671.6659545898438, -99.9994125366211, 72.06956481933594, -602.30712890625, -381.79376220703125, -695.5267944335938, -331.0592346191406, 42.84295654296875], [-4330.1533203125, 4277.18115234375, 60.22121047973633, -90.5928726196289, 156.22010803222656, -189.22052001953125, 186.31912231445312, 22.965620040893555, 151.5579376220703, 144.55514526367188, 187.5657958984375, 153.284912109375, 83.53607177734375], [-4885.82666015625, 60.22121047973633, 3085.833984375, 751.5970458984375, 25.160446166992188, 454.30401611328125, -116.74005126953125, 10.471165657043457, 219.1010284423828, 145.7977294921875, 269.818603515625, 133.94122314453125, 21.067476272583008], [-1465.1732177734375, -90.5928726196289, 751.5970458984375, 863.015380859375, 247.23683166503906, 151.15589904785156, 14.034438133239746, 39.08438491821289, 128.7759552001953, 29.93656349182129, 50.774925231933594, 78.05847930908203, 39.456600189208984], [-429.6044921875, 156.22010803222656, 25.160446166992188, 247.23683166503906, 458.1689453125, 132.0166778564453, 68.39186096191406, 35.16922378540039, 76.36896514892578, 36.45659637451172, 3.6208484172821045, 41.29554748535156, 50.72087860107422], [-671.6659545898438, -189.22052001953125, 454.30401611328125, 151.15589904785156, 132.0166778564453, 635.331298828125, 166.1439971923828, 82.33434295654297, 58.79155731201172, 16.432390213012695, 45.83092498779297, 5.660435199737549, 18.644878387451172], [-99.9994125366211, 186.31912231445312, -116.74005126953125, 14.034438133239746, 68.39186096191406, 166.1439971923828, 268.5240783691406, 107.3197021484375, 8.731340408325195, -2.3104326725006104, 28.178503036499023, 25.593263626098633, 35.26285171508789], [72.06956481933594, 22.965620040893555, 10.471165657043457, 39.08438491821289, 35.16922378540039, 82.33434295654297, 107.3197021484375, 180.4733123779297, 59.214595794677734, 20.56003761291504, 28.305768966674805, 22.811901092529297, 44.13916015625], [-602.30712890625, 151.5579376220703, 219.1010284423828, 128.7759552001953, 76.36896514892578, 58.79155731201172, 8.731340408325195, 59.214595794677734, 175.2544403076172, 93.5158462524414, 38.00364303588867, 29.904804229736328, 27.244802474975586], [-381.79376220703125, 144.55514526367188, 145.7977294921875, 29.93656349182129, 36.45659637451172, 16.432390213012695, -2.3104326725006104, 20.56003761291504, 93.5158462524414, 163.00685119628906, 68.57536315917969, 24.462120056152344, 11.617172241210938], [-695.5267944335938, 187.5657958984375, 269.818603515625, 50.774925231933594, 3.6208484172821045, 45.83092498779297, 28.178503036499023, 28.305768966674805, 38.00364303588867, 68.57536315917969, 147.843505859375, 65.77259063720703, 22.01074981689453], [-331.0592346191406, 153.284912109375, 133.94122314453125, 78.05847930908203, 41.29554748535156, 5.660435199737549, 25.593263626098633, 22.811901092529297, 29.904804229736328, 24.462120056152344, 65.77259063720703, 122.51345825195312, 55.30476379394531], [42.84295654296875, 83.53607177734375, 21.067476272583008, 39.456600189208984, 50.72087860107422, 18.644878387451172, 35.26285171508789, 44.13916015625, 27.244802474975586, 11.617172241210938, 22.01074981689453, 55.30476379394531, 108.70136260986328]], "lowlevel.mfcc.icov": [[0.00010390407987870276, 9.615885937819257e-05, 0.0001376084255753085, 4.476830144994892e-05, 3.720636959769763e-05, 1.6002995835151523e-06, 8.025031274883077e-05, -0.00014020255184732378, 0.00014766033564228565, -9.712244354886934e-05, 0.00016448118549305946, -4.471498687053099e-05, -0.00018169282702729106], [9.615885937819257e-05, 0.0003827908367384225, 9.447114280192181e-05, 0.00016837031580507755, -9.251556184608489e-05, 0.00022605732374358922, -0.00030306342523545027, 0.00012356560910120606, -0.00019269107724539936, -5.069639883004129e-05, -0.0001262527221115306, -0.00015242524386849254, -0.00020213329116813838], [0.0001376084255753085, 9.447114280192181e-05, 0.0008132120710797608, -0.0004186542355455458, 0.00038144245627336204, -0.0005001824465580285, 0.0007192828925326467, -9.564784704707563e-05, -9.105935896513984e-05, -6.865674367872998e-05, -0.0006391211063601077, -0.00014324656513053924, -0.0001867144601419568], [4.476830144994892e-05, 0.00016837031580507755, -0.0004186542355455458, 0.0020062082912772894, -0.0009645010577514768, 0.00022868691303301603, -0.00023193129163701087, 1.796139827092702e-06, -0.0008952817297540605, 0.0006371927447617054, 0.0002797176712192595, -0.0006646823021583259, 0.00012904444884043187], [3.720636959769763e-05, -9.251556184608489e-05, 0.00038144245627336204, -0.0009645010577514768, 0.0031920387409627438, -0.0006635687313973904, -0.00015039826394058764, 0.00032604922307655215, -0.0004582601832225919, -0.0006076523568481207, 0.0007429633988067508, -0.00042986232438124716, -0.0008785538375377655], [1.6002995835151523e-06, 0.00022605732374358922, -0.0005001824465580285, 0.00022868691303301603, -0.0006635687313973904, 0.002623255830258131, -0.001902860589325428, 8.336889004567638e-05, -0.0005253101699054241, 0.0003545682702679187, -0.00028775137616321445, 0.0008084129658527672, 2.3424367100233212e-05], [8.025031274883077e-05, -0.00030306342523545027, 0.0007192828925326467, -0.00023193129163701087, -0.00015039826394058764, -0.001902860589325428, 0.007044065278023481, -0.003568725660443306, 0.0016040565678849816, 0.00010951770673273131, -0.0006726675783284009, -0.0006562616326846182, -0.00023701823374722153], [-0.00014020255184732378, 0.00012356560910120606, -9.564784704707563e-05, 1.796139827092702e-06, 0.00032604922307655215, 8.336889004567638e-05, -0.003568725660443306, 0.00933859869837761, -0.003698240499943495, 0.0010702293366193771, -0.0013999406946823, 0.0008864828268997371, -0.0021775795612484217], [0.00014766033564228565, -0.00019269107724539936, -9.105935896513984e-05, -0.0008952817297540605, -0.0004582601832225919, -0.0005253101699054241, 0.0016040565678849816, -0.003698240499943495, 0.011677104979753494, -0.006069924682378769, 0.0022044917568564415, -0.00068165228003636, -0.0006598263280466199], [-9.712244354886934e-05, -5.069639883004129e-05, -6.865674367872998e-05, 0.0006371927447617054, -0.0006076523568481207, 0.0003545682702679187, 0.00010951770673273131, 0.0010702293366193771, -0.006069924682378769, 0.011271616443991661, -0.00507813086733222, 0.0012484105536714196, 0.0003217053599655628], [0.00016448118549305946, -0.0001262527221115306, -0.0006391211063601077, 0.0002797176712192595, 0.0007429633988067508, -0.00028775137616321445, -0.0006726675783284009, -0.0013999406946823, 0.0022044917568564415, -0.00507813086733222, 0.013505484908819199, -0.005834274459630251, 0.0007677124231122434], [-4.471498687053099e-05, -0.00015242524386849254, -0.00014324656513053924, -0.0006646823021583259, -0.00042986232438124716, 0.0008084129658527672, -0.0006562616326846182, 0.0008864828268997371, -0.00068165228003636, 0.0012484105536714196, -0.005834274459630251, 0.01460053026676178, -0.005890980828553438], [-0.00018169282702729106, -0.00020213329116813838, -0.0001867144601419568, 0.00012904444884043187, -0.0008785538375377655, 2.3424367100233212e-05, -0.00023701823374722153, -0.0021775795612484217, -0.0006598263280466199, 0.0003217053599655628, 0.0007677124231122434, -0.005890980828553438, 0.013755589723587036]], "metadata.audio_properties.analysis.downmix": "mix", "metadata.audio_properties.codec": "mp3", "metadata.audio_properties.md5_encoded": "a4059752d0db04a6da38a2d72e1e9fad", "metadata.tags.file_name": "1182256923421188136.mp3", "metadata.version.essentia": "2.1-beta6-dev", "metadata.version.essentia_git_sha": "v2.1_beta5-1110-g77a6a954", "metadata.version.extractor": "music 2.0", "tonal.chords_key": "F#", "tonal.chords_scale": "minor", "tonal.key_edma.key": "Ab", "tonal.key_edma.scale": "minor", "tonal.key_krumhansl.key": "Ab", "tonal.key_krumhansl.scale": "minor", "tonal.key_temperley.key": "Ab", "tonal.key_temperley.scale": "minor", "metadata.tags.encoding": ["Lavf58.45.100"]}, "essentia_models": [{"model_name": "genre_dortmund", "activations": {"alternative": "0.0016091093", "blues": "