{"song_id": "1182281713271971862", "download": "https://cdn.discordapp.com/attachments/1128313332273782784/1182281713271971862/chirp.mp4?ex=658420a6&amp", "lyrics": "won't you Worry about yourself \nIts better for your health \n\nAtleast thats what your \ntherapist says \n\nIts not like you cared anyways \nAbout My mental state \n\nIt goes to show \nNow that youre gone \n\nIm a waste of air \nAtleast thats How I feel \nMost days \nThat im awake", "style": ["christmas song"], "essentia_features": {"lowlevel.average_loudness": 0.9352836608886719, "lowlevel.barkbands_crest.mean": 14.320406913757324, "lowlevel.barkbands_crest.stdev": 5.430075645446777, "lowlevel.barkbands_flatness_db.mean": 0.17876644432544708, "lowlevel.barkbands_flatness_db.stdev": 0.06821813434362411, "lowlevel.barkbands_kurtosis.mean": 6.677066802978516, "lowlevel.barkbands_kurtosis.stdev": 48.808990478515625, "lowlevel.barkbands_skewness.mean": 1.0023996829986572, "lowlevel.barkbands_skewness.stdev": 2.417559862136841, "lowlevel.barkbands_spread.mean": 47.645633697509766, "lowlevel.barkbands_spread.stdev": 29.291719436645508, "lowlevel.dissonance.mean": 0.49612781405448914, "lowlevel.dissonance.stdev": 0.006350182928144932, "lowlevel.dynamic_complexity": 1.481842041015625, "lowlevel.erbbands_crest.mean": 10.747174263000488, "lowlevel.erbbands_crest.stdev": 4.5774126052856445, "lowlevel.erbbands_flatness_db.mean": 0.19033582508563995, "lowlevel.erbbands_flatness_db.stdev": 0.07862727344036102, "lowlevel.erbbands_kurtosis.mean": 7.432439804077148, "lowlevel.erbbands_kurtosis.stdev": 7.139849662780762, "lowlevel.erbbands_skewness.mean": -1.3291457891464233, "lowlevel.erbbands_skewness.stdev": 1.049891471862793, "lowlevel.erbbands_spread.mean": 24.361724853515625, "lowlevel.erbbands_spread.stdev": 22.17841148376465, "lowlevel.hfc.mean": 41.83538055419922, "lowlevel.hfc.stdev": 22.30593490600586, "lowlevel.loudness_ebu128.integrated": -10.947076797485352, "lowlevel.loudness_ebu128.loudness_range": 1.7402658462524414, "lowlevel.loudness_ebu128.momentary.mean": -11.112634658813477, "lowlevel.loudness_ebu128.momentary.stdev": 1.2783828973770142, "lowlevel.loudness_ebu128.short_term.mean": -11.000001907348633, "lowlevel.loudness_ebu128.short_term.stdev": 0.5939866304397583, "lowlevel.melbands_crest.mean": 23.685909271240234, "lowlevel.melbands_crest.stdev": 9.773329734802246, "lowlevel.melbands_flatness_db.mean": 0.21603132784366608, "lowlevel.melbands_flatness_db.stdev": 0.07708779722452164, "lowlevel.melbands_kurtosis.mean": 29.40288543701172, "lowlevel.melbands_kurtosis.stdev": 88.2142105102539, "lowlevel.melbands_skewness.mean": 3.373581647872925, "lowlevel.melbands_skewness.stdev": 3.6910979747772217, "lowlevel.melbands_spread.mean": 42.85740280151367, "lowlevel.melbands_spread.stdev": 33.800716400146484, "lowlevel.pitch_salience.mean": 0.42436397075653076, "lowlevel.pitch_salience.stdev": 0.19761545956134796, "lowlevel.silence_rate_20dB.mean": 1.0, "lowlevel.silence_rate_20dB.stdev": 0.0, "lowlevel.silence_rate_30dB.mean": 1.0, "lowlevel.silence_rate_30dB.stdev": 0.0, "lowlevel.silence_rate_60dB.mean": 0.04278728738427162, "lowlevel.silence_rate_60dB.stdev": 0.20237743854522705, "lowlevel.spectral_centroid.mean": 3431.831787109375, "lowlevel.spectral_centroid.stdev": 663.9418334960938, "lowlevel.spectral_complexity.mean": 16.984107971191406, "lowlevel.spectral_complexity.stdev": 8.440122604370117, "lowlevel.spectral_decrease.mean": -6.182804934695696e-09, "lowlevel.spectral_decrease.stdev": 4.321871749368711e-09, "lowlevel.spectral_energy.mean": 0.02712993510067463, "lowlevel.spectral_energy.stdev": 0.016385937109589577, "lowlevel.spectral_energyband_high.mean": 0.0032495646737515926, "lowlevel.spectral_energyband_high.stdev": 0.0021544259507209063, "lowlevel.spectral_energyband_low.mean": 0.018309928476810455, "lowlevel.spectral_energyband_low.stdev": 0.0163025613874197, "lowlevel.spectral_energyband_middle_high.mean": 0.004935251548886299, "lowlevel.spectral_energyband_middle_high.stdev": 0.0036010865587741137, "lowlevel.spectral_energyband_middle_low.mean": 0.0007795523852109909, "lowlevel.spectral_energyband_middle_low.stdev": 0.002117893425747752, "lowlevel.spectral_entropy.mean": 7.911291122436523, "lowlevel.spectral_entropy.stdev": 0.3610381484031677, "lowlevel.spectral_flux.mean": 0.08408491313457489, "lowlevel.spectral_flux.stdev": 0.03211909160017967, "lowlevel.spectral_kurtosis.mean": 5.1361846923828125, "lowlevel.spectral_kurtosis.stdev": 3.1429617404937744, "lowlevel.spectral_rms.mean": 0.004840772598981857, "lowlevel.spectral_rms.stdev": 0.0017421712400391698, "lowlevel.spectral_rolloff.mean": 4176.2578125, "lowlevel.spectral_rolloff.stdev": 3066.67724609375, "lowlevel.spectral_skewness.mean": 1.5158525705337524, "lowlevel.spectral_skewness.stdev": 0.4558105170726776, "lowlevel.spectral_spread.mean": 4867878.5, "lowlevel.spectral_spread.stdev": 1934222.5, "lowlevel.spectral_strongpeak.mean": 1.0964127779006958, "lowlevel.spectral_strongpeak.stdev": 1.844545841217041, "lowlevel.zerocrossingrate.mean": 0.14183615148067474, "lowlevel.zerocrossingrate.stdev": 0.0831698402762413, "metadata.audio_properties.analysis.equal_loudness": 0.0, "metadata.audio_properties.analysis.length": 18.965328216552734, "metadata.audio_properties.analysis.sample_rate": 44100.0, "metadata.audio_properties.analysis.start_time": 0.0, "metadata.audio_properties.bit_rate": 136162.0, "metadata.audio_properties.length": 18.965333938598633, "metadata.audio_properties.lossless": 0.0, "metadata.audio_properties.number_channels": 1.0, "metadata.audio_properties.replay_gain": -16.396326065063477, "metadata.audio_properties.sample_rate": 48000.0, "rhythm.beats_count": 47.0, "rhythm.beats_loudness.mean": 0.027008021250367165, "rhythm.beats_loudness.stdev": 0.013458606787025928, "rhythm.bpm": 145.14073181152344, "rhythm.bpm_histogram_first_peak_bpm": 144.0, "rhythm.bpm_histogram_first_peak_weight": 0.46153849363327026, "rhythm.bpm_histogram_second_peak_bpm": 152.0, "rhythm.bpm_histogram_second_peak_spread": 0.0, "rhythm.bpm_histogram_second_peak_weight": 0.239130437374115, "rhythm.danceability": 1.0071746110916138, "rhythm.onset_rate": 3.213517665863037, "tonal.chords_changes_rate": 0.10731707513332367, "tonal.chords_number_rate": 0.024390242993831635, "tonal.chords_strength.mean": 0.3595512807369232, "tonal.chords_strength.stdev": 0.0782809779047966, "tonal.hpcp_crest.mean": 13.377057075500488, "tonal.hpcp_crest.stdev": 6.364989757537842, "tonal.hpcp_entropy.mean": 2.1166915893554688, "tonal.hpcp_entropy.stdev": 0.7717815041542053, "tonal.key_edma.strength": 0.3265310525894165, "tonal.key_krumhansl.strength": 0.33501291275024414, "tonal.key_temperley.strength": 0.34975358843803406, "tonal.tuning_diatonic_strength": 0.4600334167480469, "tonal.tuning_equal_tempered_deviation": 0.14093807339668274, "tonal.tuning_frequency": 434.193115234375, "tonal.tuning_nontempered_energy_ratio": 0.8636620044708252, "lowlevel.barkbands.mean": [0.0014704163186252117, 0.015836425125598907, 0.0008896601502783597, 0.0003476877463981509, 0.00013780788867734373, 7.775125413900241e-05, 7.699272100580856e-05, 5.550737114390358e-05, 6.519786984426901e-05, 3.771319461520761e-05, 5.105049058329314e-05, 7.400871982099488e-05, 0.00011623080354183912, 0.00012431206414476037, 0.00010068027768284082, 0.00014609783829655498, 0.0003160857013426721, 0.0014098609099164605, 0.001520006568171084, 0.0013902487698942423, 0.0006954361451789737, 0.0005204766057431698, 0.0002981989528052509, 0.0004683034785557538, 0.0003295323404017836, 0.0004954782780259848, 7.878131873439997e-05], "lowlevel.barkbands.stdev": [0.001802680199034512, 0.014595305547118187, 0.0028904664795845747, 0.001230632304213941, 0.0005700019537471235, 0.0003158450999762863, 0.00029482520767487586, 0.0002087994507746771, 0.00020413548918440938, 7.708198245381936e-05, 0.00018890932551585138, 0.00016000837786123157, 0.0002014728233916685, 0.0002587975177448243, 0.00015827853349037468, 0.00026642208104021847, 0.0007612687186338007, 0.0020699265878647566, 0.001611313782632351, 0.0015223703812807798, 0.0005335949826985598, 0.00040955678559839725, 0.0002589355572126806, 0.0006674797623418272, 0.0005964866140857339, 0.0006222157971933484, 6.723689148202538e-05], "lowlevel.erbbands.mean": [0.7816790342330933, 2.23801851272583, 1.2533022165298462, 1.286192536354065, 0.6333670616149902, 0.44965967535972595, 0.5200016498565674, 0.6746989488601685, 1.0040744543075562, 1.1644116640090942, 1.2641620635986328, 1.4053915739059448, 1.665470004081726, 1.1902598142623901, 2.1890954971313477, 3.278552770614624, 5.1525373458862305, 7.16462516784668, 5.231691360473633, 5.686119556427002, 12.598489761352539, 17.044897079467773, 54.337677001953125, 92.54026794433594, 85.2425537109375, 63.00674819946289, 23.34994888305664, 32.555362701416016, 22.44365119934082, 8.412016868591309, 8.66676139831543, 10.57420825958252, 7.006139278411865, 3.483482599258423, 2.4590139389038086, 2.0406594276428223, 0.907426655292511, 0.23676759004592896, 0.006950931157916784, 0.00018926267512142658], "lowlevel.erbbands.stdev": [0.7858830094337463, 2.073080539703369, 2.8516392707824707, 4.16294527053833, 2.247312307357788, 2.0743534564971924, 2.3287830352783203, 2.741192579269409, 3.668609380722046, 4.359936237335205, 4.6359944343566895, 4.692574977874756, 3.755937099456787, 2.6867496967315674, 6.043753147125244, 6.839054107666016, 8.932912826538086, 13.898588180541992, 6.808191776275635, 8.655316352844238, 28.76914405822754, 26.150493621826172, 77.387939453125, 108.95362091064453, 96.91192626953125, 67.71244812011719, 17.961013793945312, 27.810426712036133, 18.210344314575195, 6.266817092895508, 7.604184150695801, 12.378643989562988, 12.18240737915039, 6.616237640380859, 4.411907196044922, 3.0997767448425293, 1.078130841255188, 0.1772150844335556, 0.005333947483450174, 0.0001256241521332413], "lowlevel.gfcc.mean": [-21.814897537231445, -56.22047805786133, -105.96001434326172, 64.39384460449219, -24.977441787719727, 25.798673629760742, -7.86475944519043, 31.53663444519043, -21.948204040527344, 17.980911254882812, -10.866291046142578, 10.605005264282227, -21.167814254760742], "lowlevel.melbands.mean": [0.005441717337816954, 0.0012890221551060677, 0.00019698493997566402, 3.374873995198868e-05, 1.8925700715044513e-05, 1.525549032521667e-05, 1.5774314306327142e-05, 1.2525597412604839e-05, 9.865102583717089e-06, 9.345799298898783e-06, 8.207155588024762e-06, 4.433087269717362e-06, 7.687123797950335e-06, 7.530924449383747e-06, 8.774119123700075e-06, 1.2976461221114732e-05, 1.3419637980405241e-05, 8.196441740437876e-06, 7.218252449092688e-06, 8.178588359442074e-06, 1.7120375559898093e-05, 1.8330467355553992e-05, 1.854613765317481e-05, 7.998674846021459e-05, 7.345752965193242e-05, 5.529084228328429e-05, 6.874220707686618e-05, 3.3692660508677363e-05, 1.2923742360726465e-05, 1.5460062058991753e-05, 2.0657966160797514e-05, 1.4917781300027855e-05, 5.787484496977413e-06, 4.2454312279005535e-06, 4.587406237988034e-06, 5.971496193524217e-06, 6.729396318405634e-06, 5.552671609621029e-06, 3.2270538667944493e-06, 2.841680725396145e-06], "lowlevel.melbands.stdev": [0.005182748194783926, 0.0014494588831439614, 0.0006314349011518061, 0.00013020870392210782, 8.582938608014956e-05, 6.07238216616679e-05, 5.808083733427338e-05, 4.652452116715722e-05, 3.598511466407217e-05, 3.186017056577839e-05, 1.8526205167290755e-05, 9.65495109994663e-06, 2.757154288701713e-05, 1.3630434295919258e-05, 1.8922972230939195e-05, 2.3484441044274718e-05, 3.0042623620829545e-05, 1.1507899216667283e-05, 1.3122285963618197e-05, 1.3020039659750182e-05, 4.70866980322171e-05, 3.7125570088392124e-05, 2.676825715752784e-05, 0.0001240544515894726, 9.361861884826794e-05, 7.55355431465432e-05, 8.29977507237345e-05, 3.881252996507101e-05, 1.2751932445098646e-05, 1.3468724318954628e-05, 2.065598346234765e-05, 1.332605734205572e-05, 4.418313437781762e-06, 3.629873617683188e-06, 4.116713171242736e-06, 5.807566139992559e-06, 8.907896699383855e-06, 9.636130926082842e-06, 6.192973614815855e-06, 5.59723548576585e-06], "lowlevel.melbands128.mean": [0.001339489477686584, 0.00735474145039916, 0.006791485007852316, 0.002631583483889699, 0.0007005246006883681, 0.00042617940925993025, 0.0002852235338650644, 0.00013307880726642907, 5.1172246458008885e-05, 2.658906305441633e-05, 2.394805778749287e-05, 2.1779820599476807e-05, 1.746939233271405e-05, 1.5503615941270255e-05, 1.4696001926495228e-05, 1.5767966033308767e-05, 1.5405254089273512e-05, 1.5964686099323444e-05, 1.625856020837091e-05, 1.2828610124415718e-05, 1.0413871677883435e-05, 1.181646621262189e-05, 1.0359613042965066e-05, 7.115464541129768e-06, 7.95901632955065e-06, 1.0585475138213951e-05, 1.188393434858881e-05, 8.481586519337725e-06, 4.683450242737308e-06, 3.6561641536536627e-06, 2.7766557195718633e-06, 8.555820386391133e-06, 1.0549722901487257e-05, 4.539584097074112e-06, 5.922444415773498e-06, 8.838787834974937e-06, 9.647621482145041e-06, 8.234762390202377e-06, 7.8504417615477e-06, 1.245168641617056e-05, 1.4479485798801761e-05, 1.383649851049995e-05, 1.3790168850391638e-05, 1.4509882021229714e-05, 6.821236638643313e-06, 8.295572115457617e-06, 7.765708687657025e-06, 7.013306003500475e-06, 6.992000635364093e-06, 7.581207682960667e-06, 7.415768322971417e-06, 9.516619684291072e-06, 1.2067616808053572e-05, 2.288614632561803e-05, 2.5367580747115426e-05, 1.8062795788864605e-05, 1.1956732123508118e-05, 1.1872137292812113e-05, 1.9393057300476357e-05, 3.219771679141559e-05, 9.724960546009243e-05, 8.891992183635011e-05, 0.00011727525270543993, 5.403109025792219e-05, 3.440879299887456e-05, 5.822533057653345e-05, 6.500556628452614e-05, 6.04945162194781e-05, 7.839250611141324e-05, 7.120711961761117e-05, 2.7332156605552882e-05, 2.0510544345597737e-05, 1.5077566786203533e-05, 1.0606463547446765e-05, 1.0907712749030907e-05, 1.6507754480699077e-05, 1.638178036955651e-05, 1.7307853340753354e-05, 2.530051460780669e-05, 1.8127246221411042e-05, 1.856094786489848e-05, 1.2760831850755494e-05, 7.974896107043605e-06, 5.074803084426094e-06, 3.79964353669493e-06, 4.004815309599508e-06, 4.4128091758466326e-06, 4.6143973122525495e-06, 4.312369128456339e-06, 4.566112693282776e-06, 6.082316303945845e-06, 5.9843041526619345e-06, 6.628694791288581e-06, 7.052765795378946e-06, 6.508551450679079e-06, 6.638911145273596e-06, 5.433686055766884e-06, 3.872700744977919e-06, 3.20677327181329e-06, 3.068077148782322e-06, 2.3640964172955137e-06, 3.146280960208969e-06, 2.9897873901063576e-06, 2.2002845980750863e-06, 2.6863942821364617e-06, 2.911897809099173e-06, 3.0715534649061738e-06, 2.9623167847603327e-06, 4.051429186802125e-06, 3.823112365353154e-06, 3.9876567825558595e-06, 2.9667135095223784e-06, 2.498858520993963e-06, 3.037058604604681e-06, 2.2104736672190484e-06, 2.0727004539367044e-06, 2.5533809093758464e-06, 1.0386379472038243e-06, 3.240757706635122e-08, 9.873555098516285e-12, 6.735011853775674e-12, 6.4557035932277795e-12, 6.230073314877904e-12, 5.967649117921692e-12, 5.24605575993875e-12, 4.1607520380460006e-12, 3.566296346776965e-12, 3.4545602056040847e-12], "lowlevel.melbands128.stdev": [0.001668634358793497, 0.007775700651109219, 0.00640404736623168, 0.002681177342310548, 0.0015449185157194734, 0.0014227950014173985, 0.000968034437391907, 0.0004884939990006387, 0.00020027048594783992, 0.00012176796008134261, 0.0001225595478899777, 0.00011014129995601252, 8.35457249195315e-05, 8.098971011349931e-05, 7.113459287211299e-05, 6.089734597480856e-05, 5.607953426078893e-05, 7.195202488219365e-05, 7.172495679697022e-05, 5.089371188660152e-05, 4.371758041088469e-05, 4.792313848156482e-05, 4.218106550979428e-05, 2.579511965450365e-05, 2.896098703786265e-05, 5.2748331654584035e-05, 3.3714175515342504e-05, 2.0664292605943047e-05, 1.1932481356780045e-05, 8.231330866692588e-06, 5.168860297999345e-06, 3.664756513899192e-05, 4.804790296475403e-05, 9.808426511881407e-06, 1.1226255082874559e-05, 2.076591226796154e-05, 2.80703588941833e-05, 2.9291342798387632e-05, 1.8426188034936786e-05, 3.1692667107563466e-05, 3.273727998021059e-05, 3.2731390092521906e-05, 3.6211324186297134e-05, 4.674145020544529e-05, 1.2852443433075678e-05, 1.4795319657423533e-05, 1.2930102457175963e-05, 2.201640381827019e-05, 1.598723065399099e-05, 1.3515706086764112e-05, 1.3353514987102244e-05, 2.0034100089105777e-05, 3.55238480551634e-05, 8.543001604266465e-05, 0.00010142516839550808, 3.2819578336784616e-05, 2.131486871803645e-05, 1.915744724101387e-05, 3.751945405383594e-05, 5.967552351648919e-05, 0.00018848857143893838, 0.0001707934425212443, 0.00020508471061475575, 7.138461660360917e-05, 5.2608520491048694e-05, 9.983676864067093e-05, 0.00010703530278988183, 9.301306999986991e-05, 0.00011617106065386906, 0.00011146935867145658, 3.590409687603824e-05, 4.30695763498079e-05, 2.0514264178927988e-05, 1.0457621101522818e-05, 1.100477766158292e-05, 2.0951541955582798e-05, 1.6619460438960232e-05, 1.7647935237619095e-05, 3.194540840922855e-05, 2.1368012312450446e-05, 1.966625677596312e-05, 1.284273366763955e-05, 7.299076514755143e-06, 4.553917278826702e-06, 3.823180122708436e-06, 3.800440254053683e-06, 4.542997430689866e-06, 4.540493591775885e-06, 4.3967561396129895e-06, 4.8722872634243686e-06, 7.085457582434174e-06, 6.214518180058803e-06, 7.323476893361658e-06, 1.0571749044174794e-05, 1.0552370440564118e-05, 1.0507143088034354e-05, 1.0468934306118172e-05, 1.0765310435090214e-05, 5.899922598473495e-06, 6.353915978252189e-06, 5.722845799027709e-06, 6.119373665569583e-06, 6.497431513707852e-06, 4.683488441514783e-06, 5.6272820074809715e-06, 5.654383130604401e-06, 5.271391728456365e-06, 5.633388809656026e-06, 7.155507773859426e-06, 5.577825504587963e-06, 6.161885721667204e-06, 4.160202934144763e-06, 3.2449338505102787e-06, 3.4405816222715657e-06, 2.374963742113323e-06, 1.912652351165889e-06, 2.1099558580317535e-06, 1.1963963970629266e-06, 1.4161751948904566e-07, 3.0242617438114294e-11, 2.760901923748449e-11, 2.7821791745430424e-11, 2.7614353512173118e-11, 2.6179730258646394e-11, 1.9245617252638958e-11, 8.65849406062047e-12, 4.943753306035914e-12, 4.814406252134917e-12], "lowlevel.mfcc.mean": [-673.6107788085938, -9.200129508972168, -11.933969497680664, 47.25725555419922, 12.51020336151123, 16.869657516479492, 27.83202362060547, 21.15406036376953, 7.5037150382995605, 17.31657600402832, 15.408223152160645, 10.561942100524902, -0.26807671785354614], "lowlevel.spectral_contrast_coeffs.mean": [-0.7453479170799255, -0.8469547033309937, -0.8337910175323486, -0.8128673434257507, -0.7402073740959167, -0.7124800086021423], "lowlevel.spectral_contrast_coeffs.stdev": [0.07805301994085312, 0.05269668996334076, 0.04670053720474243, 0.047423988580703735, 0.06442044675350189, 0.053306445479393005], "lowlevel.spectral_contrast_valleys.mean": [-8.590829849243164, -8.606505393981934, -8.42016315460205, -8.016535758972168, -6.862325191497803, -9.397686004638672], "lowlevel.spectral_contrast_valleys.stdev": [1.8419268131256104, 1.3258860111236572, 1.0573184490203857, 0.9169151782989502, 0.6379100680351257, 0.7229580879211426], "rhythm.beats_loudness_band_ratio.mean": [0.5618837475776672, 0.004582621157169342, 0.00608156668022275, 0.015782512724399567, 0.10045682638883591, 0.3153434693813324], "rhythm.beats_loudness_band_ratio.stdev": [0.3100578486919403, 0.006620090454816818, 0.009575183503329754, 0.021091729402542114, 0.11456324905157089, 0.26371580362319946], "tonal.hpcp.mean": [0.18488702178001404, 0.11099904030561447, 0.036455318331718445, 0.032786402851343155, 0.03112044185400009, 0.023414628580212593, 0.03435549512505531, 0.04194958880543709, 0.04365699738264084, 0.08456020802259445, 0.08819100260734558, 0.058418143540620804, 0.05039248988032341, 0.048326000571250916, 0.05913268402218819, 0.05931627377867699, 0.04771385341882706, 0.044831283390522, 0.05082518979907036, 0.04536902904510498, 0.03373018279671669, 0.03401628136634827, 0.03694900870323181, 0.05056426674127579, 0.0800585150718689, 0.10842790454626083, 0.1472669541835785, 0.2367224544286728, 0.2607632279396057, 0.2636389136314392, 0.32428744435310364, 0.2883492112159729, 0.20467780530452728, 0.1590292602777481, 0.14362816512584686, 0.16737280786037445], "tonal.hpcp.stdev": [0.31094101071357727, 0.23800449073314667, 0.1343868374824524, 0.13022597134113312, 0.13694599270820618, 0.10153885930776596, 0.12216068804264069, 0.1402667760848999, 0.13553930819034576, 0.23270437121391296, 0.22093164920806885, 0.1773754358291626, 0.14401526749134064, 0.14357002079486847, 0.1754826307296753, 0.15156249701976776, 0.11840073019266129, 0.1093505471944809, 0.1290309876203537, 0.11882174015045166, 0.10995808988809586, 0.09017486870288849, 0.10697858780622482, 0.12121207267045975, 0.18279357254505157, 0.2207028865814209, 0.2607380151748657, 0.33191004395484924, 0.33829787373542786, 0.32994601130485535, 0.36191362142562866, 0.3555532395839691, 0.2933554947376251, 0.2785339653491974, 0.25356191396713257, 0.2812495231628418], "rhythm.beats_position": [0.3599092960357666, 0.7314285635948181, 1.09133780002594, 1.4628571271896362, 1.834376335144043, 2.2058956623077393, 2.554194927215576, 2.902494192123413, 3.2972335815429688, 3.6919727325439453, 4.086711883544922, 4.493061065673828, 4.899410247802734, 5.31736946105957, 5.735328674316406, 6.153287887573242, 6.571247100830078, 6.989206314086914, 7.430385589599609, 7.859954357147217, 8.266304016113281, 8.684263229370117, 9.102222442626953, 9.520181655883789, 9.914920806884766, 10.286439895629883, 10.68117904663086, 11.087528228759766, 11.482267379760742, 11.877006530761719, 12.294965744018555, 12.701314926147461, 13.119274139404297, 13.537233352661133, 13.955192565917969, 14.373151779174805, 14.767890930175781, 15.174240112304688, 15.580589294433594, 15.99854850769043, 16.393287658691406, 16.788026809692383, 17.18276596069336, 17.589115142822266, 17.995464324951172, 18.401813507080078, 18.808162689208984], "rhythm.bpm_histogram": [0.0, 0.0, 0.0, 0.0, 0.0, 0.0, 0.0, 0.0, 0.0, 0.0, 0.0, 0.0, 0.0, 0.0, 0.0, 0.0, 0.0, 0.0, 0.0, 0.0, 0.0, 0.0, 0.0, 0.0, 0.0, 0.0, 0.0, 0.0, 0.0, 0.0, 0.0, 0.0, 0.0, 0.0, 0.0, 0.0, 0.0, 0.0, 0.0, 0.0, 0.0, 0.0, 0.0, 0.0, 0.0, 0.0, 0.0, 0.0, 0.0, 0.0, 0.0, 0.0, 0.0, 0.0, 0.0, 0.0, 0.0, 0.0, 0.0, 0.0, 0.0, 0.0, 0.0, 0.0, 0.0, 0.0, 0.0, 0.0, 0.0, 0.0, 0.0, 0.0, 0.0, 0.0, 0.0, 0.0, 0.0, 0.0, 0.0, 0.0, 0.0, 0.0, 0.0, 0.0, 0.0, 0.0, 0.0, 0.0, 0.0, 0.0, 0.0, 0.0, 0.0, 0.0, 0.0, 0.0, 0.0, 0.0, 0.0, 0.0, 0.0, 0.0, 0.0, 0.0, 0.0, 0.0, 0.0, 0.0, 0.0, 0.0, 0.0, 0.0, 0.0, 0.0, 0.0, 0.0, 0.0, 0.0, 0.0, 0.0, 0.0, 0.0, 0.0, 0.0, 0.0, 0.0, 0.0, 0.0, 0.0, 0.0, 0.0, 0.0, 0.0, 0.0, 0.0, 0.0, 0.021739130839705467, 0.0, 0.0, 0.0, 0.021739130839705467, 0.0, 0.0, 0.0, 0.30434781312942505, 0.0, 0.0, 0.0, 0.239130437374115, 0.0, 0.0, 0.0, 0.239130437374115, 0.0, 0.0, 0.0, 0.0, 0.0, 0.0, 0.0, 0.0, 0.10869564861059189, 0.0, 0.0, 0.0, 0.0, 0.0, 0.021739130839705467, 0.0, 0.0, 0.0, 0.0, 0.043478261679410934, 0.0, 0.0, 0.0, 0.0, 0.0, 0.0, 0.0, 0.0, 0.0, 0.0, 0.0, 0.0, 0.0, 0.0, 0.0, 0.0, 0.0, 0.0, 0.0, 0.0, 0.0, 0.0, 0.0, 0.0, 0.0, 0.0, 0.0, 0.0, 0.0, 0.0, 0.0, 0.0, 0.0, 0.0, 0.0, 0.0, 0.0, 0.0, 0.0, 0.0, 0.0, 0.0, 0.0, 0.0, 0.0, 0.0, 0.0, 0.0, 0.0, 0.0, 0.0, 0.0, 0.0, 0.0, 0.0, 0.0, 0.0, 0.0, 0.0, 0.0, 0.0, 0.0, 0.0, 0.0, 0.0, 0.0, 0.0, 0.0, 0.0, 0.0, 0.0, 0.0, 0.0, 0.0, 0.0, 0.0, 0.0], "tonal.chords_histogram": [14.146341323852539, 1.2195122241973877, 19.024391174316406, 25.365854263305664, 0.0, 0.0, 0.0, 0.0, 1.4634146690368652, 0.0, 0.24390244483947754, 0.0, 0.4878048896789551, 4.878048896789551, 0.0, 10.0, 0.0, 8.780488014221191, 0.0, 0.0, 0.0, 0.0, 8.292682647705078, 6.097560882568359], "tonal.thpcp": [1.0, 0.8891778588294983, 0.6311616897583008, 0.49039599299430847, 0.44290387630462646, 0.5161248445510864, 0.5701331496238708, 0.34228596091270447, 0.11241668462753296, 0.10110290348529816, 0.09596560895442963, 0.07220331579446793, 0.10594148933887482, 0.12935927510261536, 0.13462437689304352, 0.2607569694519043, 0.27195319533348083, 0.1801430881023407, 0.1553945094347, 0.14902211725711823, 0.18234650790691376, 0.1829126477241516, 0.1471344530582428, 0.13824550807476044, 0.1567288190126419, 0.13990375399589539, 0.10401322692632675, 0.1048954650759697, 0.113939069211483, 0.1559242159128189, 0.24687516689300537, 0.3343573808670044, 0.4541247487068176, 0.7299772500991821, 0.8041113615036011, 0.8129791021347046], "lowlevel.gfcc.cov": [[6056.00927734375, 3568.198974609375, 1704.5902099609375, 919.4158325195312, 576.0617065429688, 385.99896240234375, 153.64625549316406, 301.1551513671875, 300.87042236328125, 128.0686492919922, 158.8583984375, 202.83460998535156, 23.850257873535156], [3568.198974609375, 4286.27001953125, 2073.360107421875, 973.4634399414062, 652.1107788085938, 350.90093994140625, 246.6993408203125, 80.20592498779297, 273.1861877441406, 144.36663818359375, 189.56289672851562, 161.55213928222656, 6.576231479644775], [1704.5902099609375, 2073.360107421875, 2121.629638671875, 1057.092529296875, 511.2859802246094, 399.9659118652344, 66.5199203491211, 232.5975341796875, 279.1175231933594, 110.74116516113281, 96.07072448730469, 149.7301788330078, 59.32099533081055], [919.4158325195312, 973.4634399414062, 1057.092529296875, 979.5633544921875, 575.3875732421875, 289.85455322265625, 196.50857543945312, 221.5145721435547, 183.8476104736328, 76.19387817382812, 89.77533721923828, 101.29536437988281, 22.263530731201172], [576.0617065429688, 652.1107788085938, 511.2859802246094, 575.3875732421875, 673.0745849609375, 368.275634765625, 290.9977722167969, 174.78407287597656, 133.51046752929688, 89.2948226928711, 102.19186401367188, 67.416259765625, -0.24821941554546356], [385.99896240234375, 350.90093994140625, 399.9659118652344, 289.85455322265625, 368.275634765625, 407.49365234375, 224.7994384765625, 154.16064453125, 92.28958129882812, 73.43460083007812, 79.74046325683594, 39.20478057861328, 16.07366943359375], [153.64625549316406, 246.6993408203125, 66.5199203491211, 196.50857543945312, 290.9977722167969, 224.7994384765625, 436.1603088378906, 90.5099868774414, -10.287424087524414, 61.76657485961914, 110.13072204589844, 19.616958618164062, -58.688175201416016], [301.1551513671875, 80.20592498779297, 232.5975341796875, 221.5145721435547, 174.78407287597656, 154.16064453125, 90.5099868774414, 232.82090759277344, 132.55062866210938, 43.863670349121094, 50.19227600097656, 69.68779754638672, 29.6335391998291], [300.87042236328125, 273.1861877441406, 279.1175231933594, 183.8476104736328, 133.51046752929688, 92.28958129882812, -10.287424087524414, 132.55062866210938, 209.77755737304688, 73.90869903564453, 26.58167839050293, 62.591800689697266, 51.49810791015625], [128.0686492919922, 144.36663818359375, 110.74116516113281, 76.19387817382812, 89.2948226928711, 73.43460083007812, 61.76657485961914, 43.863670349121094, 73.90869903564453, 135.60568237304688, 81.39935302734375, 26.444116592407227, 14.006171226501465], [158.8583984375, 189.56289672851562, 96.07072448730469, 89.77533721923828, 102.19186401367188, 79.74046325683594, 110.13072204589844, 50.19227600097656, 26.58167839050293, 81.39935302734375, 130.3391571044922, 64.17561340332031, 0.9169557094573975], [202.83460998535156, 161.55213928222656, 149.7301788330078, 101.29536437988281, 67.416259765625, 39.20478057861328, 19.616958618164062, 69.68779754638672, 62.591800689697266, 26.444116592407227, 64.17561340332031, 115.7320785522461, 47.51708984375], [23.850257873535156, 6.576231479644775, 59.32099533081055, 22.263530731201172, -0.24821941554546356, 16.07366943359375, -58.688175201416016, 29.6335391998291, 51.49810791015625, 14.006171226501465, 0.9169557094573975, 47.51708984375, 90.3360366821289]], "lowlevel.gfcc.icov": [[0.00039388230652548373, -0.00042731972644105554, 0.00023372900614049286, -0.00019620810053311288, 0.00020332084386609495, -0.00028990666032768786, 0.000317340309266001, -0.0006660508224740624, 0.00039057861431501806, -0.00033873459324240685, 0.00044754103873856366, -0.00042141875019297004, 0.00034577163751237094], [-0.00042731972644105554, 0.0010605375282466412, -0.0009979712776839733, 0.0006068134098313749, -0.0007053385488688946, 0.0008208751678466797, -0.0007547384011559188, 0.001467534457333386, -0.0010976104531437159, 0.0008910110336728394, -0.0012306005228310823, 0.0006506711360998452, -0.00042052118806168437], [0.00023372900614049286, -0.0009979712776839733, 0.002507890807464719, -0.0024255397729575634, 0.0017401999793946743, -0.002304635476320982, 0.0013445195509120822, -0.00048287748359143734, 0.0004233986255712807, -0.0011153746163472533, 0.0014539414551109076, -0.0015590069815516472, 0.0011454535415396094], [-0.00019620810053311288, 0.0006068134098313749, -0.0024255397729575634, 0.004954098258167505, -0.003706129500642419, 0.002778677036985755, -0.0009881550213322043, -0.0009612468420527875, -0.0002722491044551134, 0.0011052788468077779, -0.0010751326335594058, 0.0012004876043647528, -0.0010885002557188272], [0.00020332084386609495, -0.0007053385488688946, 0.0017401999793946743, -0.003706129500642419, 0.006480423733592033, -0.0043075112625956535, -0.0004153245245106518, 0.0005536291282624006, -0.000773958454374224, -0.000866241636686027, 0.001248711720108986, -0.0016665527364239097, 0.0015405883314087987], [-0.00028990666032768786, 0.0008208751678466797, -0.002304635476320982, 0.002778677036985755, -0.0043075112625956535, 0.008432043716311455, -0.0025797777343541384, -0.0018036761321127415, -0.0002358890778850764, 0.0009438648703508079, -0.002383995335549116, 0.0038720183074474335, -0.0037754939403384924], [0.000317340309266001, -0.0007547384011559188, 0.0013445195509120822, -0.0009881550213322043, -0.0004153245245106518, -0.0025797777343541384, 0.005930687300860882, -0.0019460923504084349, 0.002534995088353753, -0.001248262939043343, -0.001260825665667653, -0.0009317563963122666, 0.0035323321353644133], [-0.0006660508224740624, 0.001467534457333386, -0.00048287748359143734, -0.0009612468420527875, 0.0005536291282624006, -0.0018036761321127415, -0.0019460923504084349, 0.011995254084467888, -0.007059969939291477, 0.003153844503685832, -0.0022793016396462917, -0.0017509892350062728, 0.00022613981855101883], [0.00039057861431501806, -0.0010976104531437159, 0.0004233986255712807, -0.0002722491044551134, -0.000773958454374224, -0.0002358890778850764, 0.002534995088353753, -0.007059969939291477, 0.01409283559769392, -0.008535178378224373, 0.0069030774757266045, -0.004301405046135187, -0.0007495966274291277], [-0.00033873459324240685, 0.0008910110336728394, -0.0011153746163472533, 0.0011052788468077779, -0.000866241636686027, 0.0009438648703508079, -0.001248262939043343, 0.003153844503685832, -0.008535178378224373, 0.019323036074638367, -0.015531713142991066, 0.00884238351136446, -0.004154994618147612], [0.00044754103873856366, -0.0012306005228310823, 0.0014539414551109076, -0.0010751326335594058, 0.001248711720108986, -0.002383995335549116, -0.001260825665667653, -0.0022793016396462917, 0.0069030774757266045, -0.015531713142991066, 0.027264680713415146, -0.016267364844679832, 0.006390641443431377], [-0.00042141875019297004, 0.0006506711360998452, -0.0015590069815516472, 0.0012004876043647528, -0.0016665527364239097, 0.0038720183074474335, -0.0009317563963122666, -0.0017509892350062728, -0.004301405046135187, 0.00884238351136446, -0.016267364844679832, 0.024355795234441757, -0.011497663334012032], [0.00034577163751237094, -0.00042052118806168437, 0.0011454535415396094, -0.0010885002557188272, 0.0015405883314087987, -0.0037754939403384924, 0.0035323321353644133, 0.00022613981855101883, -0.0007495966274291277, -0.004154994618147612, 0.006390641443431377, -0.011497663334012032, 0.02047632820904255]], "lowlevel.mfcc.cov": [[5452.23828125, 2541.21044921875, 1028.8262939453125, 690.1243896484375, 568.9768676757812, 257.0722961425781, 70.130126953125, 291.9355163574219, 158.27865600585938, 134.08346557617188, 110.013671875, 125.14564514160156, 257.34686279296875], [2541.21044921875, 3113.45751953125, 1350.6187744140625, 747.130126953125, 531.9917602539062, 435.09466552734375, 140.8268585205078, 177.77210998535156, 79.10533142089844, 114.4520263671875, 102.8548812866211, 142.6502227783203, 245.0431671142578], [1028.8262939453125, 1350.6187744140625, 1670.68115234375, 699.8173828125, 610.1353149414062, 236.22108459472656, 22.216087341308594, 175.00723266601562, 161.69979858398438, 42.106414794921875, 73.71369934082031, 123.72694396972656, 231.97669982910156], [690.1243896484375, 747.130126953125, 699.8173828125, 816.8662109375, 452.28936767578125, 274.3833312988281, 178.74557495117188, 217.77821350097656, 100.6636962890625, 103.60661315917969, 115.39276123046875, 104.04234313964844, 107.46308898925781], [568.9768676757812, 531.9917602539062, 610.1353149414062, 452.28936767578125, 656.8731079101562, 249.64146423339844, 72.58534240722656, 194.8713836669922, 202.40577697753906, 104.46219635009766, 79.86660766601562, 92.05329132080078, 138.4076385498047], [257.0722961425781, 435.09466552734375, 236.22108459472656, 274.3833312988281, 249.64146423339844, 361.3940734863281, 271.16546630859375, 152.66775512695312, 75.77275085449219, 117.54692077636719, 95.99882507324219, 67.4202651977539, 44.591102600097656], [70.130126953125, 140.8268585205078, 22.216087341308594, 178.74557495117188, 72.58534240722656, 271.16546630859375, 416.8869323730469, 188.89222717285156, 16.66977310180664, 111.713134765625, 118.32498168945312, 47.069061279296875, 23.28858757019043], [291.9355163574219, 177.77210998535156, 175.00723266601562, 217.77821350097656, 194.8713836669922, 152.66775512695312, 188.89222717285156, 266.1021728515625, 109.53854370117188, 65.7288818359375, 82.2865219116211, 78.5426025390625, 53.87858200073242], [158.27865600585938, 79.10533142089844, 161.69979858398438, 100.6636962890625, 202.40577697753906, 75.77275085449219, 16.66977310180664, 109.53854370117188, 171.5765380859375, 70.25593566894531, 30.856504440307617, 47.13676071166992, 61.5180549621582], [134.08346557617188, 114.4520263671875, 42.106414794921875, 103.60661315917969, 104.46219635009766, 117.54692077636719, 111.713134765625, 65.7288818359375, 70.25593566894531, 141.58950805664062, 83.32311248779297, 31.665754318237305, 35.92335510253906], [110.013671875, 102.8548812866211, 73.71369934082031, 115.39276123046875, 79.86660766601562, 95.99882507324219, 118.32498168945312, 82.2865219116211, 30.856504440307617, 83.32311248779297, 154.1227569580078, 68.92527770996094, 25.47197723388672], [125.14564514160156, 142.6502227783203, 123.72694396972656, 104.04234313964844, 92.05329132080078, 67.4202651977539, 47.069061279296875, 78.5426025390625, 47.13676071166992, 31.665754318237305, 68.92527770996094, 134.06753540039062, 69.24746704101562], [257.34686279296875, 245.0431671142578, 231.97669982910156, 107.46308898925781, 138.4076385498047, 44.591102600097656, 23.28858757019043, 53.87858200073242, 61.5180549621582, 35.92335510253906, 25.47197723388672, 69.24746704101562, 159.6376495361328]], "lowlevel.mfcc.icov": [[0.0003280562814325094, -0.00029820704367011786, 9.149450488621369e-05, -3.77962423954159e-05, -0.0001011168715194799, 0.00027970405062660575, 6.412077345885336e-05, -0.0003035755653399974, 1.1187557902303524e-05, -0.0001219061523443088, -4.161366086918861e-05, 0.0001420119369868189, -0.00010780988668557256], [-0.00029820704367011786, 0.0008883834816515446, -0.0004686240863520652, -7.231412746477872e-05, 0.000300561951007694, -0.0011358746560290456, 0.0005194235127419233, -3.578938276405097e-06, 0.0006674286560155451, -0.0002299505431437865, 0.00012578799214679748, -4.3620471842586994e-05, -0.0003777582314796746], [9.149450488621369e-05, -0.0004686240863520652, 0.0015346044674515724, -0.0007218682439997792, -0.0005715351435355842, 0.00018648522382136434, 9.853726078290492e-05, 0.0002328383270651102, -0.0006265158299356699, 0.0012039652792736888, -0.0004969651927240193, 0.00035433456650935113, -0.0009256465127691627], [-3.77962423954159e-05, -7.231412746477872e-05, -0.0007218682439997792, 0.002932342467829585, -0.001194320502690971, -0.00030516323749907315, -2.219966881966684e-05, -0.001188140013255179, 0.0016704568406566978, -0.0010041524656116962, 7.972837920533493e-06, -0.0004592588229570538, 0.0005521034472621977], [-0.0001011168715194799, 0.000300561951007694, -0.0005715351435355842, -0.001194320502690971, 0.004931108560413122, -0.0030503857415169477, 0.0021665554959326982, -0.0009375860099680722, -0.002701792400330305, 0.00041881640208885074, -0.000744131684768945, 0.001194262527860701, -0.001539141871035099], [0.00027970405062660575, -0.0011358746560290456, 0.00018648522382136434, -0.00030516323749907315, -0.0030503857415169477, 0.01115543395280838, -0.006989653687924147, 0.0022119255736470222, -0.0015880378196015954, -0.002044175285845995, 0.0016519868513569236, -0.0027092397212982178, 0.0030125316698104143], [6.412077345885336e-05, 0.0005194235127419233, 9.853726078290492e-05, -2.219966881966684e-05, 0.0021665554959326982, -0.006989653687924147, 0.010034425184130669, -0.006116917356848717, 0.004574592225253582, -0.002434183144941926, -0.0020150449126958847, 0.0026404205709695816, -0.002393261296674609], [-0.0003035755653399974, -3.578938276405097e-06, 0.0002328383270651102, -0.001188140013255179, -0.0009375860099680722, 0.0022119255736470222, -0.006116917356848717, 0.011399407871067524, -0.006888365838676691, 0.0037126410752534866, -0.0009426743490621448, -0.0026560891419649124, 0.00131801120005548], [1.1187557902303524e-05, 0.0006674286560155451, -0.0006265158299356699, 0.0016704568406566978, -0.002701792400330305, -0.0015880378196015954, 0.004574592225253582, -0.006888365838676691, 0.016486309468746185, -0.007954360917210579, 0.002832182450219989, -0.0010117454221472144, -0.001389280310831964], [-0.0001219061523443088, -0.0002299505431437865, 0.0012039652792736888, -0.0010041524656116962, 0.00041881640208885074, -0.002044175285845995, -0.002434183144941926, 0.0037126410752534866, -0.007954360917210579, 0.01762431301176548, -0.0076193190179765224, 0.003173035103827715, -0.0022754925303161144], [-4.161366086918861e-05, 0.00012578799214679748, -0.0004969651927240193, 7.972837920533493e-06, -0.000744131684768945, 0.0016519868513569236, -0.0020150449126958847, -0.0009426743490621448, 0.002832182450219989, -0.0076193190179765224, 0.014094590209424496, -0.006471349857747555, 0.00256799696944654], [0.0001420119369868189, -4.3620471842586994e-05, 0.00035433456650935113, -0.0004592588229570538, 0.001194262527860701, -0.0027092397212982178, 0.0026404205709695816, -0.0026560891419649124, -0.0010117454221472144, 0.003173035103827715, -0.006471349857747555, 0.014447856694459915, -0.005693886429071426], [-0.00010780988668557256, -0.0003777582314796746, -0.0009256465127691627, 0.0005521034472621977, -0.001539141871035099, 0.0030125316698104143, -0.002393261296674609, 0.00131801120005548, -0.001389280310831964, -0.0022754925303161144, 0.00256799696944654, -0.005693886429071426, 0.011496121063828468]], "metadata.audio_properties.analysis.downmix": "mix", "metadata.audio_properties.codec": "mp3", "metadata.audio_properties.md5_encoded": "9408f49562b713df170887db99a93700", "metadata.tags.file_name": "1182281713271971862.mp3", "metadata.version.essentia": "2.1-beta6-dev", "metadata.version.essentia_git_sha": "v2.1_beta5-1110-g77a6a954", "metadata.version.extractor": "music 2.0", "tonal.chords_key": "F#", "tonal.chords_scale": "minor", "tonal.key_edma.key": "G", "tonal.key_edma.scale": "major", "tonal.key_krumhansl.key": "G", "tonal.key_krumhansl.scale": "major", "tonal.key_temperley.key": "G", "tonal.key_temperley.scale": "major", "metadata.tags.encoding": ["Lavf58.45.100"]}, "essentia_models": [{"model_name": "genre_dortmund", "activations": {"alternative": "0.025011443", "blues": "0.0011170651", "electronic": "0.6745135", "folkcountry": "0.0008202111", "funksoulrnb": "0.00973355", "jazz": "0.004327296", "pop": "0.02613581", "raphiphop": "0.23418294", "rock": "0.017621556"}}, {"model_name": "genre_rosamerica", "activations": {"classic": "0.00621672