{"song_id": "1182258722446258176", "download": "https://cdn.discordapp.com/attachments/1135911532732108921/1182258722446258176/chirp.mp4?ex=65840b3c&amp", "lyrics": "[Verse]\nIn dimly lit halls, we face our fears\nAs animatronic monsters draw near\nTheir haunting eyes, a menacing glow\nSurviving the night, we won't let go\n\n[Chorus]\nFive Nights at Freddy's, the terror unfolds\nIn this haunted world, where nightmares behold\nWe're trapped in this nightmare, fighting back the fright\nLocked in this rock song, we'll make it through the night", "style": ["Rock"], "essentia_features": {"lowlevel.average_loudness": 0.9608122110366821, "lowlevel.barkbands_crest.mean": 12.68264389038086, "lowlevel.barkbands_crest.stdev": 4.639959335327148, "lowlevel.barkbands_flatness_db.mean": 0.13523097336292267, "lowlevel.barkbands_flatness_db.stdev": 0.04182320088148117, "lowlevel.barkbands_kurtosis.mean": 4.005411148071289, "lowlevel.barkbands_kurtosis.stdev": 9.892096519470215, "lowlevel.barkbands_skewness.mean": 1.7012310028076172, "lowlevel.barkbands_skewness.stdev": 1.4325255155563354, "lowlevel.barkbands_spread.mean": 30.74937629699707, "lowlevel.barkbands_spread.stdev": 15.396785736083984, "lowlevel.dissonance.mean": 0.48062264919281006, "lowlevel.dissonance.stdev": 0.01615564152598381, "lowlevel.dynamic_complexity": 1.222866415977478, "lowlevel.erbbands_crest.mean": 8.009101867675781, "lowlevel.erbbands_crest.stdev": 4.1526899337768555, "lowlevel.erbbands_flatness_db.mean": 0.14733776450157166, "lowlevel.erbbands_flatness_db.stdev": 0.04027285799384117, "lowlevel.erbbands_kurtosis.mean": 0.2840859293937683, "lowlevel.erbbands_kurtosis.stdev": 1.750518560409546, "lowlevel.erbbands_skewness.mean": -0.4588707983493805, "lowlevel.erbbands_skewness.stdev": 0.7956144213676453, "lowlevel.erbbands_spread.mean": 47.90279006958008, "lowlevel.erbbands_spread.stdev": 18.162153244018555, "lowlevel.hfc.mean": 33.464717864990234, "lowlevel.hfc.stdev": 17.19576644897461, "lowlevel.loudness_ebu128.integrated": -12.147375106811523, "lowlevel.loudness_ebu128.loudness_range": 4.336158752441406, "lowlevel.loudness_ebu128.momentary.mean": -12.456904411315918, "lowlevel.loudness_ebu128.momentary.stdev": 1.810227394104004, "lowlevel.loudness_ebu128.short_term.mean": -12.435196876525879, "lowlevel.loudness_ebu128.short_term.stdev": 1.4798684120178223, "lowlevel.melbands_crest.mean": 19.75079917907715, "lowlevel.melbands_crest.stdev": 6.454886436462402, "lowlevel.melbands_flatness_db.mean": 0.19207563996315002, "lowlevel.melbands_flatness_db.stdev": 0.054841384291648865, "lowlevel.melbands_kurtosis.mean": 21.84442710876465, "lowlevel.melbands_kurtosis.stdev": 28.70563316345215, "lowlevel.melbands_skewness.mean": 3.7881383895874023, "lowlevel.melbands_skewness.stdev": 2.2650439739227295, "lowlevel.melbands_spread.mean": 27.437063217163086, "lowlevel.melbands_spread.stdev": 24.473554611206055, "lowlevel.pitch_salience.mean": 0.46860381960868835, "lowlevel.pitch_salience.stdev": 0.13839343190193176, "lowlevel.silence_rate_20dB.mean": 1.0, "lowlevel.silence_rate_20dB.stdev": 0.0, "lowlevel.silence_rate_30dB.mean": 0.910490870475769, "lowlevel.silence_rate_30dB.stdev": 0.2854771316051483, "lowlevel.silence_rate_60dB.mean": 0.015399422496557236, "lowlevel.silence_rate_60dB.stdev": 0.12313616275787354, "lowlevel.spectral_centroid.mean": 2106.0439453125, "lowlevel.spectral_centroid.stdev": 619.5870971679688, "lowlevel.spectral_complexity.mean": 30.59769058227539, "lowlevel.spectral_complexity.stdev": 10.850703239440918, "lowlevel.spectral_decrease.mean": -1.259491977378957e-08, "lowlevel.spectral_decrease.stdev": 9.707338932685161e-09, "lowlevel.spectral_energy.mean": 0.0505715012550354, "lowlevel.spectral_energy.stdev": 0.03702753409743309, "lowlevel.spectral_energyband_high.mean": 0.0023072536569088697, "lowlevel.spectral_energyband_high.stdev": 0.002190485130995512, "lowlevel.spectral_energyband_low.mean": 0.03252110257744789, "lowlevel.spectral_energyband_low.stdev": 0.03542659804224968, "lowlevel.spectral_energyband_middle_high.mean": 0.006568666081875563, "lowlevel.spectral_energyband_middle_high.stdev": 0.004010130651295185, "lowlevel.spectral_energyband_middle_low.mean": 0.010195399634540081, "lowlevel.spectral_energyband_middle_low.stdev": 0.013802646659314632, "lowlevel.spectral_entropy.mean": 7.88460111618042, "lowlevel.spectral_entropy.stdev": 0.28529807925224304, "lowlevel.spectral_flux.mean": 0.12194683402776718, "lowlevel.spectral_flux.stdev": 0.07266979664564133, "lowlevel.spectral_kurtosis.mean": 2.4383199214935303, "lowlevel.spectral_kurtosis.stdev": 1.265805721282959, "lowlevel.spectral_rms.mean": 0.006584815680980682, "lowlevel.spectral_rms.stdev": 0.0024450584314763546, "lowlevel.spectral_rolloff.mean": 1825.0572509765625, "lowlevel.spectral_rolloff.stdev": 1781.90771484375, "lowlevel.spectral_skewness.mean": 0.9017889499664307, "lowlevel.spectral_skewness.stdev": 0.2724114954471588, "lowlevel.spectral_spread.mean": 4358425.5, "lowlevel.spectral_spread.stdev": 1187421.375, "lowlevel.spectral_strongpeak.mean": 0.9000853300094604, "lowlevel.spectral_strongpeak.stdev": 0.9864190220832825, "lowlevel.zerocrossingrate.mean": 0.07004180550575256, "lowlevel.zerocrossingrate.stdev": 0.0442768819630146, "metadata.audio_properties.analysis.equal_loudness": 0.0, "metadata.audio_properties.analysis.length": 24.085329055786133, "metadata.audio_properties.analysis.sample_rate": 44100.0, "metadata.audio_properties.analysis.start_time": 0.0, "metadata.audio_properties.bit_rate": 121576.0, "metadata.audio_properties.length": 24.0853328704834, "metadata.audio_properties.lossless": 0.0, "metadata.audio_properties.number_channels": 1.0, "metadata.audio_properties.replay_gain": -13.021284103393555, "metadata.audio_properties.sample_rate": 48000.0, "rhythm.beats_count": 72.0, "rhythm.beats_loudness.mean": 0.057171788066625595, "rhythm.beats_loudness.stdev": 0.03315846994519234, "rhythm.bpm": 178.2058868408203, "rhythm.bpm_histogram_first_peak_bpm": 178.0, "rhythm.bpm_histogram_first_peak_weight": 0.0, "rhythm.bpm_histogram_second_peak_bpm": 185.0, "rhythm.bpm_histogram_second_peak_spread": 0.0, "rhythm.bpm_histogram_second_peak_weight": 0.3661971688270569, "rhythm.danceability": 0.9026082158088684, "rhythm.onset_rate": 4.190469264984131, "tonal.chords_changes_rate": 0.08076923340559006, "tonal.chords_number_rate": 0.017307693138718605, "tonal.chords_strength.mean": 0.5376957654953003, "tonal.chords_strength.stdev": 0.1178790032863617, "tonal.hpcp_crest.mean": 13.81812572479248, "tonal.hpcp_crest.stdev": 7.405990123748779, "tonal.hpcp_entropy.mean": 2.118819236755371, "tonal.hpcp_entropy.stdev": 0.9330357313156128, "tonal.key_edma.strength": 0.5436968207359314, "tonal.key_krumhansl.strength": 0.5286662578582764, "tonal.key_temperley.strength": 0.5398935675621033, "tonal.tuning_diatonic_strength": 0.6485673785209656, "tonal.tuning_equal_tempered_deviation": 0.17211459577083588, "tonal.tuning_frequency": 434.193115234375, "tonal.tuning_nontempered_energy_ratio": 0.878408670425415, "lowlevel.barkbands.mean": [0.0018882022704929113, 0.017586808651685715, 0.012324315495789051, 0.0019300348358228803, 0.004263227805495262, 0.0013735843822360039, 0.000453802989795804, 0.0007049835985526443, 0.0008723117061890662, 0.001117826672270894, 0.0006112282280810177, 0.00041710984078235924, 0.0005766276153735816, 0.000532245438080281, 0.0006869469070807099, 0.0005329038831405342, 0.0005984030431136489, 0.0005616761627607048, 0.0007493066368624568, 0.0008472678018733859, 0.0006621231441386044, 0.00047460536006838083, 0.0003432572993915528, 0.00028529390692710876, 0.00010270927305100486, 7.242480205604807e-05, 2.310503532498842e-06], "lowlevel.barkbands.stdev": [0.003523048013448715, 0.031695496290922165, 0.011747006326913834, 0.0023056797217577696, 0.011807584203779697, 0.003346176352351904, 0.0011597613338381052, 0.0015031425282359123, 0.002080153441056609, 0.0022291026543825865, 0.001491060364060104, 0.00109140167478472, 0.0010151094757020473, 0.0007598682423122227, 0.0010801843600347638, 0.0005928791943006217, 0.0006402262952178717, 0.0004205558216199279, 0.00046535173896700144, 0.0005435085040517151, 0.0004850214463658631, 0.0005265446379780769, 0.0007426143856719136, 0.0007049218402244151, 0.00019205153512302786, 0.00019803868781309575, 1.0477294381416868e-05], "lowlevel.erbbands.mean": [0.6481519937515259, 3.5174560546875, 13.100088119506836, 10.26212215423584, 9.165753364562988, 15.682984352111816, 13.87597370147705, 10.220026969909668, 7.413207054138184, 11.639852523803711, 15.334847450256348, 21.15964698791504, 34.649662017822266, 23.630403518676758, 26.246959686279297, 20.28809928894043, 25.582138061523438, 28.034759521484375, 32.33939743041992, 34.60578918457031, 31.026628494262695, 32.92044448852539, 30.630502700805664, 34.45871353149414, 42.0197868347168, 39.64208221435547, 28.555009841918945, 24.544214248657227, 18.58562469482422, 11.96094799041748, 9.335830688476562, 7.32839298248291, 3.7661147117614746, 1.3662283420562744, 0.6381185054779053, 0.3280471861362457, 0.13545681536197662, 0.019028274342417717, 0.00043098622700199485, 7.530000584665686e-05], "lowlevel.erbbands.stdev": [1.4482910633087158, 5.331640243530273, 12.434784889221191, 9.308348655700684, 28.756155014038086, 42.997047424316406, 33.32905578613281, 28.290449142456055, 21.705781936645508, 25.720975875854492, 34.278385162353516, 52.375160217285156, 68.507568359375, 56.56135559082031, 62.24342346191406, 51.68628692626953, 40.79730224609375, 37.44862365722656, 51.610286712646484, 52.9853515625, 32.67931365966797, 28.33378791809082, 22.893978118896484, 20.4652042388916, 27.519269943237305, 24.995378494262695, 19.59575843811035, 20.17864418029785, 20.251718521118164, 19.045686721801758, 20.846187591552734, 18.74492073059082, 9.0346040725708, 2.4944639205932617, 1.3336753845214844, 0.8549666404724121, 0.3873513638973236, 0.05880700424313545, 0.00129974284209311, 5.623563629342243e-05], "lowlevel.gfcc.mean": [35.852394104003906, 59.03314208984375, -126.79386901855469, 60.09961700439453, -48.6365966796875, 19.417407989501953, -27.845857620239258, 9.000528335571289, -26.568147659301758, 2.399299144744873, -22.940998077392578, -4.231825828552246, -15.069498062133789], "lowlevel.melbands.mean": [0.00522062461823225, 0.0057798647321760654, 0.0017720182659104466, 0.0009192791185341775, 0.0005471328040584922, 0.0002348688431084156, 0.00010664961882866919, 0.00013433930871542543, 0.0001351234532194212, 0.0001279248099308461, 0.00017097887757699937, 9.34021154535003e-05, 8.608906500739977e-05, 5.437863364932127e-05, 5.742793655372225e-05, 5.007870640838519e-05, 5.349003185983747e-05, 5.0775237468769774e-05, 4.611800250131637e-05, 4.221191193209961e-05, 3.602115248213522e-05, 3.404979725019075e-05, 3.217077028239146e-05, 2.4718254280742258e-05, 2.7969357688562013e-05, 2.7919650165131316e-05, 3.363167343195528e-05, 2.4113776817102917e-05, 1.7726013538776897e-05, 1.6583157048444264e-05, 1.324101413047174e-05, 1.1367100341885816e-05, 7.555096544820117e-06, 6.346513600874459e-06, 5.4124088819662575e-06, 4.808624453289667e-06, 4.506146069616079e-06, 2.993483576574363e-06, 1.5348101669587777e-06, 9.989812497224193e-07], "lowlevel.melbands.stdev": [0.01057332195341587, 0.004927283618599176, 0.0017114563379436731, 0.0028620536904782057, 0.0012276885099709034, 0.0006120580364950001, 0.00030358214280568063, 0.0002931363123934716, 0.0003011330554727465, 0.0003115716390311718, 0.0003457816783338785, 0.00024971505627036095, 0.00020977394888177514, 0.00013255754311103374, 0.00011301304766675457, 7.808534428477287e-05, 7.771104719722643e-05, 8.449880260741338e-05, 6.844256859039888e-05, 5.5717544455546886e-05, 4.36889604316093e-05, 3.616358299041167e-05, 2.6682057068683207e-05, 1.85458247869974e-05, 1.7840538930613548e-05, 1.9215998690924607e-05, 2.4082457457552664e-05, 1.5996660295058973e-05, 1.3083296835247893e-05, 1.3263485925563145e-05, 1.1706924851750955e-05, 1.2805559890693985e-05, 9.851733011601027e-06, 1.2226966646267101e-05, 1.1804621863120701e-05, 1.306465310335625e-05, 1.1826943591586314e-05, 7.736563929938711e-06, 2.9698853722948115e-06, 1.86884483355243e-06], "lowlevel.melbands128.mean": [0.0013876949669793248, 0.005660707131028175, 0.006379938218742609, 0.0052920496091246605, 0.006929432507604361, 0.005481021944433451, 0.0020874745678156614, 0.0008162960293702781, 0.0008545169839635491, 0.0010587878059595823, 0.0008724646177142859, 0.0007145010167732835, 0.0004625151923391968, 0.00034264824353158474, 0.00022529797570314258, 0.0001967683929251507, 0.00014413316966965795, 8.150955545715988e-05, 6.257258064579219e-05, 0.00015028516645543277, 0.00016353384125977755, 0.00010366766946390271, 0.0001243268488906324, 0.00017150133498944342, 0.00016076465544756502, 7.257728429976851e-05, 0.00014207008644007146, 0.00025492437998764217, 0.00010487397958058864, 0.00012202416110085323, 7.35854628146626e-05, 6.665184628218412e-05, 9.585383668309078e-05, 0.00010749728244263679, 3.923424083041027e-05, 4.900834755972028e-05, 5.79766565351747e-05, 4.0815852116793394e-05, 8.181267912732437e-05, 5.1144015742465854e-05, 4.3114792788401246e-05, 4.636324229068123e-05, 4.974661351297982e-05, 6.462378951255232e-05, 4.3316362280165777e-05, 4.9641133955447e-05, 6.11079012742266e-05, 3.351745181134902e-05, 4.704959428636357e-05, 5.6736142141744494e-05, 3.728287629201077e-05, 3.431834920775145e-05, 3.378584369784221e-05, 3.813172224909067e-05, 3.8254882383625954e-05, 3.132321216980927e-05, 3.2226726034423336e-05, 3.552185808075592e-05, 3.307304359623231e-05, 2.5421188183827326e-05, 2.1531548554776236e-05, 2.4415645384578966e-05, 3.263722101110034e-05, 2.7487829356687143e-05, 2.381965532549657e-05, 2.6462337700650096e-05, 3.14844619424548e-05, 3.211396688129753e-05, 3.5413959267316386e-05, 3.58564211637713e-05, 2.1955107513349503e-05, 1.973945472855121e-05, 1.9402034013182856e-05, 1.697810694167856e-05, 1.6215815776376985e-05, 1.776181125023868e-05, 1.6198431694647297e-05, 1.4714017197547946e-05, 1.2915272236568853e-05, 1.1245953828620259e-05, 1.3302666047820821e-05, 1.0578966794128064e-05, 8.736556992516853e-06, 7.508424459956586e-06, 6.2160038396541495e-06, 6.529553502332419e-06, 6.311529432423413e-06, 6.162122190289665e-06, 5.114286523166811e-06, 5.153263373358641e-06, 5.177392267796677e-06, 4.7601106416550465e-06, 4.1130956560664345e-06, 4.685280146077275e-06, 4.8146553126571234e-06, 3.5183416002837475e-06, 2.623540240165312e-06, 2.121828174495022e-06, 1.5115325595616014e-06, 1.2743873867293587e-06, 1.1573347364901565e-06, 9.524287065687531e-07, 8.247688469964487e-07, 6.862309760435892e-07, 6.595590775759774e-07, 7.151974728003552e-07, 7.467162959073903e-07, 5.730888688049163e-07, 5.097061830383609e-07, 5.337442416930571e-07, 5.936576030762808e-07, 4.2669611843848543e-07, 4.4588668401956966e-07, 4.289639434773562e-07, 2.777643715035083e-07, 2.2389431819647143e-07, 8.941403706330675e-08, 1.5653466078902056e-08, 6.026159016236932e-10, 8.37667435416023e-12, 6.51328340220414e-12, 6.302051328704872e-12, 6.031879423024078e-12, 5.913569113558115e-12, 5.765696513976293e-12, 5.584680287662458e-12, 5.477295700329066e-12, 5.437427851723298e-12], "lowlevel.melbands128.stdev": [0.003101116744801402, 0.013278898783028126, 0.014352542348206043, 0.007529518101364374, 0.007064074277877808, 0.0050537376664578915, 0.0021389496978372335, 0.0012666919501498342, 0.0031423100735992193, 0.00417363503947854, 0.002449357882142067, 0.002092646202072501, 0.0014021339593455195, 0.0010117919882759452, 0.0008828408899717033, 0.0007673705113120377, 0.0005499462713487446, 0.0003416688705328852, 0.00018214559531770647, 0.0004118659417144954, 0.0004160130338277668, 0.0003414949169382453, 0.00040548821561969817, 0.0005489324685186148, 0.0005406072596088052, 0.00033955677645280957, 0.00036075219395570457, 0.0006081570754759014, 0.0003273738257121295, 0.0004696324758697301, 0.00025391229428350925, 0.00022867441293783486, 0.00029989072936587036, 0.0003633000887930393, 0.00012651801807805896, 0.0001906308752950281, 0.00023905959096737206, 9.775711805559695e-05, 0.00023129084729589522, 9.289879380958155e-05, 8.663420157972723e-05, 0.00014841629308648407, 8.24049930088222e-05, 0.00013179401867091656, 0.0001259924320038408, 0.000124309619423002, 0.00015589254326187074, 6.506613863166422e-05, 0.0001091851299861446, 0.00013231542834546417, 5.907909508096054e-05, 4.894487574347295e-05, 5.07928452861961e-05, 6.0241993196541443e-05, 0.00010293109517078847, 3.508654117467813e-05, 3.157234095851891e-05, 3.931473474949598e-05, 4.3399686546763405e-05, 2.7507616323418915e-05, 2.336231045774184e-05, 2.3585309463669546e-05, 2.9384364097495563e-05, 2.2363617972587235e-05, 2.0621744624804705e-05, 2.2152958990773186e-05, 3.0222641726140864e-05, 3.113675120403059e-05, 3.3729345886968076e-05, 3.173790537402965e-05, 1.8883538359659724e-05, 1.629823964321986e-05, 1.802845326892566e-05, 1.507599517935887e-05, 1.3789192962576635e-05, 1.633380634302739e-05, 1.6664009308442473e-05, 1.433462693967158e-05, 1.3050106645096093e-05, 1.3240124644653406e-05, 1.6994668840197846e-05, 1.3679219591722358e-05, 1.1931659173569642e-05, 1.0790939995786175e-05, 9.588599823473487e-06, 1.3491033314494416e-05, 1.4446625755226705e-05, 1.4219635886547621e-05, 1.1424333024478983e-05, 1.3570392184192315e-05, 1.5541469110758044e-05, 1.3965527614345774e-05, 1.0761325938801747e-05, 1.3211089935794007e-05, 1.336834338871995e-05, 9.802809472603258e-06, 7.630308573425282e-06, 4.730335604108404e-06, 3.0073401831032243e-06, 2.6088553113368107e-06, 2.2420717868953943e-06, 1.968239075722522e-06, 1.9032087266168674e-06, 1.5486019719901378e-06, 1.5086263829289237e-06, 1.8832254227163503e-06, 2.017837914536358e-06, 1.545045279272017e-06, 1.4998155393186607e-06, 1.580957928126736e-06, 2.014602614508476e-06, 1.4388291447176016e-06, 1.240745177710778e-06, 1.3605505273517338e-06, 8.497752901348576e-07, 7.315643415495288e-07, 3.6115255852564587e-07, 1.3309096402736031e-07, 9.421754043614783e-09, 5.6777089973980566e-11, 1.1181854053798901e-11, 9.990789445746273e-12, 9.21177630702763e-12, 9.026203395823273e-12, 8.720170419085349e-12, 8.437317684795165e-12, 8.337745424635834e-12, 8.291709333030362e-12], "lowlevel.mfcc.mean": [-599.8488159179688, 78.75814819335938, -11.036067008972168, 42.2342529296875, 5.582291603088379, 17.618959426879883, 7.958690166473389, 7.354947090148926, 4.518115043640137, 5.873948574066162, -1.1662960052490234, -1.7871180772781372, -5.859273433685303], "lowlevel.spectral_contrast_coeffs.mean": [-0.6455078721046448, -0.7571730017662048, -0.7760910987854004, -0.7962604761123657, -0.7964008450508118, -0.6902807950973511], "lowlevel.spectral_contrast_coeffs.stdev": [0.08767835050821304, 0.08903650939464569, 0.07733366638422012, 0.04395149648189545, 0.025578271597623825, 0.044261492788791656], "lowlevel.spectral_contrast_valleys.mean": [-6.881383895874023, -7.1552348136901855, -7.333108425140381, -7.054416179656982, -6.54763650894165, -9.83861255645752], "lowlevel.spectral_contrast_valleys.stdev": [1.040689468383789, 0.5838279128074646, 0.5327109098434448, 0.5019670128822327, 0.5129373073577881, 0.8271611332893372], "rhythm.beats_loudness_band_ratio.mean": [0.5690717101097107, 0.14641667902469635, 0.08150783181190491, 0.06508085131645203, 0.08089649677276611, 0.07779514789581299], "rhythm.beats_loudness_band_ratio.stdev": [0.3237246870994568, 0.20548538863658905, 0.10575910657644272, 0.08536133915185928, 0.08908500522375107, 0.10570745915174484], "tonal.hpcp.mean": [0.31104332208633423, 0.2733725309371948, 0.09167271852493286, 0.05457771196961403, 0.048551857471466064, 0.04289412125945091, 0.05150287225842476, 0.06123625859618187, 0.08718211948871613, 0.24377939105033875, 0.22683894634246826, 0.06379887461662292, 0.033619701862335205, 0.025619221851229668, 0.03651409596204758, 0.0635720044374466, 0.06429938226938248, 0.042465850710868835, 0.05393393710255623, 0.06270907074213028, 0.04702158644795418, 0.06035243347287178, 0.06405889987945557, 0.05022929236292839, 0.0974823534488678, 0.10971590131521225, 0.057794056832790375, 0.03396022319793701, 0.03825835883617401, 0.08017607033252716, 0.1958986520767212, 0.21344290673732758, 0.12033320218324661, 0.08849652856588364, 0.09583667665719986, 0.15144453942775726], "tonal.hpcp.stdev": [0.40044131875038147, 0.3783893287181854, 0.1961752474308014, 0.14651192724704742, 0.15137051045894623, 0.135684996843338, 0.14284974336624146, 0.1667569875717163, 0.16761158406734467, 0.3619115650653839, 0.34096863865852356, 0.15083587169647217, 0.11510276049375534, 0.0733627900481224, 0.12029604613780975, 0.1684514284133911, 0.1657201647758484, 0.1191679984331131, 0.17051813006401062, 0.1962784379720688, 0.1286468654870987, 0.12014681845903397, 0.11901413649320602, 0.11268968135118484, 0.22074803709983826, 0.26038357615470886, 0.1448148936033249, 0.10374260693788528, 0.11728473007678986, 0.18964409828186035, 0.31815236806869507, 0.3205079734325409, 0.23674853146076202, 0.20737677812576294, 0.21539530158042908, 0.2625223696231842], "rhythm.beats_position": [0.27863943576812744, 0.5804988741874695, 0.9055781960487366, 1.2306575775146484, 1.5789568424224854, 1.904036283493042, 2.2291154861450195, 2.5774149894714355, 2.902494192123413, 3.2391836643218994, 3.5758728981018066, 3.9009523391723633, 4.22603178024292, 4.551111221313477, 4.899410247802734, 5.224489688873291, 5.549569129943848, 5.886258602142334, 6.211337566375732, 6.536417007446289, 6.861496448516846, 7.198185920715332, 7.53487491607666, 7.8715643882751465, 8.208253860473633, 8.544942855834961, 8.881632804870605, 9.218321800231934, 9.555010795593262, 9.891700744628906, 10.216779708862305, 10.55346965789795, 10.890158653259277, 11.226847648620605, 11.56353759765625, 11.900226593017578, 12.236915588378906, 12.561995506286621, 12.89868450164795, 13.235373497009277, 13.560453414916992, 13.88553237915039, 14.222222328186035, 14.558911323547363, 14.907210350036621, 15.243900299072266, 15.580589294433594, 15.905668258666992, 16.23074722290039, 16.56743812561035, 16.90412712097168, 17.240816116333008, 17.577505111694336, 17.914194107055664, 18.250883102416992, 18.575963973999023, 18.901042938232422, 19.23773193359375, 19.56281089782715, 19.899499893188477, 20.236190795898438, 20.561269760131836, 20.897958755493164, 21.234647750854492, 21.57133674621582, 21.91963768005371, 22.24471664428711, 22.569795608520508, 22.906484603881836, 23.243173599243164, 23.568254470825195, 23.904943466186523], "rhythm.bpm_histogram": [0.0, 0.0, 0.0, 0.0, 0.0, 0.0, 0.0, 0.0, 0.0, 0.0, 0.0, 0.0, 0.0, 0.0, 0.0, 0.0, 0.0, 0.0, 0.0, 0.0, 0.0, 0.0, 0.0, 0.0, 0.0, 0.0, 0.0, 0.0, 0.0, 0.0, 0.0, 0.0, 0.0, 0.0, 0.0, 0.0, 0.0, 0.0, 0.0, 0.0, 0.0, 0.0, 0.0, 0.0, 0.0, 0.0, 0.0, 0.0, 0.0, 0.0, 0.0, 0.0, 0.0, 0.0, 0.0, 0.0, 0.0, 0.0, 0.0, 0.0, 0.0, 0.0, 0.0, 0.0, 0.0, 0.0, 0.0, 0.0, 0.0, 0.0, 0.0, 0.0, 0.0, 0.0, 0.0, 0.0, 0.0, 0.0, 0.0, 0.0, 0.0, 0.0, 0.0, 0.0, 0.0, 0.0, 0.0, 0.0, 0.0, 0.0, 0.0, 0.0, 0.0, 0.0, 0.0, 0.0, 0.0, 0.0, 0.0, 0.0, 0.0, 0.0, 0.0, 0.0, 0.0, 0.0, 0.0, 0.0, 0.0, 0.0, 0.0, 0.0, 0.0, 0.0, 0.0, 0.0, 0.0, 0.0, 0.0, 0.0, 0.0, 0.0, 0.0, 0.0, 0.0, 0.0, 0.0, 0.0, 0.0, 0.0, 0.0, 0.0, 0.0, 0.0, 0.0, 0.0, 0.0, 0.0, 0.0, 0.0, 0.0, 0.0, 0.0, 0.0, 0.0, 0.0, 0.0, 0.0, 0.0, 0.0, 0.0, 0.0, 0.0, 0.0, 0.0, 0.0, 0.0, 0.0, 0.0, 0.0, 0.0, 0.0, 0.0, 0.0, 0.0, 0.0, 0.0, 0.0, 0.0, 0.0, 0.0, 0.0, 0.07042253762483597, 0.0, 0.0, 0.0, 0.0, 0.0, 0.5492957830429077, 0.0, 0.0, 0.0, 0.0, 0.0, 0.0, 0.3661971688270569, 0.0, 0.0, 0.0, 0.0, 0.0, 0.0, 0.0, 0.0, 0.0, 0.0, 0.0, 0.0, 0.0, 0.014084506779909134, 0.0, 0.0, 0.0, 0.0, 0.0, 0.0, 0.0, 0.0, 0.0, 0.0, 0.0, 0.0, 0.0, 0.0, 0.0, 0.0, 0.0, 0.0, 0.0, 0.0, 0.0, 0.0, 0.0, 0.0, 0.0, 0.0, 0.0, 0.0, 0.0, 0.0, 0.0, 0.0, 0.0, 0.0, 0.0, 0.0, 0.0, 0.0, 0.0, 0.0, 0.0, 0.0, 0.0, 0.0, 0.0, 0.0, 0.0, 0.0, 0.0, 0.0], "tonal.chords_histogram": [16.346153259277344, 0.0, 1.3461538553237915, 0.0, 2.115384578704834, 0.0, 0.0, 0.0, 0.0, 0.0, 0.0, 0.0, 0.0, 0.0, 0.0, 4.42307710647583, 4.038461685180664, 22.5, 0.0, 0.0, 0.0, 6.730769157409668, 11.538461685180664, 30.961538314819336], "tonal.thpcp": [1.0, 0.8788889050483704, 0.29472652077674866, 0.1754665970802307, 0.1560935527086258, 0.13790400326251984, 0.16558103263378143, 0.1968737244606018, 0.28028932213783264, 0.7837473750114441, 0.7292841076850891, 0.2051125019788742, 0.10808687657117844, 0.08236544579267502, 0.11739231646060944, 0.20438311994075775, 0.20672163367271423, 0.13652712106704712, 0.17339687049388885, 0.201608806848526, 0.15117375552654266, 0.1940322369337082, 0.20594848692417145, 0.16148647665977478, 0.3134044110774994, 0.35273510217666626, 0.18580709397792816, 0.10918164998292923, 0.12300010025501251, 0.2577649652957916, 0.6298114657402039, 0.6862159967422485, 0.3868695795536041, 0.2845151126384735, 0.30811360478401184, 0.48689210414886475], "lowlevel.gfcc.cov": [[2832.009033203125, 350.0545654296875, 687.7008056640625, 641.1209106445312, 428.1492614746094, 448.7026062011719, 299.90191650390625, 307.49005126953125, 118.8210678100586, 127.71021270751953, -9.531633377075195, -59.07137680053711, -36.86284637451172], [350.0545654296875, 1080.923095703125, -139.77151489257812, 193.39288330078125, 184.42356872558594, -12.055169105529785, 327.45465087890625, 56.8726806640625, 99.61023712158203, 40.10258102416992, 73.64555358886719, -89.27011108398438, 125.80229187011719], [687.7008056640625, -139.77151489257812, 794.3593139648438, 468.12060546875, 259.583740234375, 245.55039978027344, 9.016273498535156, 127.80914306640625, 39.5755729675293, 101.27230072021484, -1.472685694694519, 17.785585403442383, -26.328624725341797], [641.1209106445312, 193.39288330078125, 468.12060546875, 635.8707885742188, 359.1085510253906, 308.37890625, 205.413330078125, 163.1927490234375, 130.17645263671875, 79.58722686767578, 31.206504821777344, -63.24823760986328, 9.959676742553711], [428.1492614746094, 184.42356872558594, 259.583740234375, 359.1085510253906, 398.40716552734375, 271.88134765625, 260.53778076171875, 153.00619506835938, 75.63520812988281, 73.10987854003906, -3.578751802444458, -46.12563705444336, 2.7279484272003174], [448.7026062011719, -12.055169105529785, 245.55039978027344, 308.37890625, 271.88134765625, 430.9316101074219, 296.2912902832031, 185.02015686035156, 66.27275848388672, 21.294065475463867, 3.1391849517822266, -54.49724578857422, -28.441389083862305], [299.90191650390625, 327.45465087890625, 9.016273498535156, 205.413330078125, 260.53778076171875, 296.2912902832031, 455.812255859375, 181.20301818847656, 85.80743408203125, 26.222698211669922, 26.811906814575195, -56.98801040649414, 15.699052810668945], [307.49005126953125, 56.8726806640625, 127.80914306640625, 163.1927490234375, 153.00619506835938, 185.02015686035156, 181.20301818847656, 201.3450164794922, 102.51178741455078, 43.84794998168945, -2.290017604827881, -40.847618103027344, -5.8426432609558105], [118.8210678100586, 99.61023712158203, 39.5755729675293, 130.17645263671875, 75.63520812988281, 66.27275848388672, 85.80743408203125, 102.51178741455078, 149.04969787597656, 58.452823638916016, 33.798465728759766, -26.078779220581055, 12.728126525878906], [127.71021270751953, 40.10258102416992, 101.27230072021484, 79.58722686767578, 73.10987854003906, 21.294065475463867, 26.222698211669922, 43.84794998168945, 58.452823638916016, 110.2068862915039, 47.137577056884766, 14.955020904541016, -0.6618573069572449], [-9.531633377075195, 73.64555358886719, -1.472685694694519, 31.206504821777344, -3.578751802444458, 3.1391849517822266, 26.811906814575195, -2.290017604827881, 33.798465728759766, 47.137577056884766, 108.32333374023438, 44.8961067199707, 27.480899810791016], [-59.07137680053711, -89.27011108398438, 17.785585403442383, -63.24823760986328, -46.12563705444336, -54.49724578857422, -56.98801040649414, -40.847618103027344, -26.078779220581055, 14.955020904541016, 44.8961067199707, 96.90103912353516, 27.576873779296875], [-36.86284637451172, 125.80229187011719, -26.328624725341797, 9.959676742553711, 2.7279484272003174, -28.441389083862305, 15.699052810668945, -5.8426432609558105, 12.728126525878906, -0.6618573069572449, 27.480899810791016, 27.576873779296875, 80.41795349121094]], "lowlevel.gfcc.icov": [[0.0006096754223108292, -0.0005372599698603153, -0.00015330564929172397, -0.00032743660267442465, 0.0002891480107791722, -0.0005922655109316111, 0.0004112674796488136, -0.0007127738790586591, 0.00031484270584769547, -0.00034126132959499955, 0.000665558036416769, -0.0009642696240916848, 0.0008095368975773454], [-0.0005372599698603153, 0.003403619397431612, -0.00012762920232489705, -0.00013001746265217662, -0.0009624621015973389, 0.0035150633193552494, -0.0033540769945830107, 0.0014308744575828314, 8.97601930773817e-05, 0.00017934778588823974, -0.0028403003234416246, 0.005484758876264095, -0.004484831355512142], [-0.00015330564929172397, -0.00012762920232489705, 0.004277362488210201, -0.003253381699323654, 0.0003506014181766659, -0.0015035356627777219, 0.002252653008326888, -0.0019837094005197287, 0.0023606966715306044, -0.00277206813916564, 0.0022394463885575533, -0.0035268967039883137, 0.0008528890321031213], [-0.00032743660267442465, -0.00013001746265217662, -0.003253381699323654, 0.007417043671011925, -0.003947139717638493, -0.0009380324045196176, 0.0004196499940007925, 0.0023337809834629297, -0.004037025850266218, 0.0029619704000651836, -0.003807986853644252, 0.004638067912310362, -0.0016665247967466712], [0.0002891480107791722, -0.0009624621015973389, 0.0003506014181766659, -0.003947139717638493, 0.009779156185686588, -0.002549643162637949, -0.0021725075785070658, -0.0006343599525280297, 0.0021028846967965364, -0.005911414045840502, 0.005867643281817436, -0.0029152999632060528, -5.243541636446025e-07], [-0.0005922655109316111, 0.0035150633193552494, -0.0015035356627777219, -0.0009380324045196176, -0.002549643162637949, 0.011712242849171162, -0.006560902111232281, -0.0016057495959103107, 0.0010207901941612363, 0.003985156305134296, -0.005187079776078463, 0.005749530624598265, -0.0010813114931806922], [0.0004112674796488136, -0.0033540769945830107, 0.002252653008326888, 0.0004196499940007925, -0.0021725075785070658, -0.006560902111232281, 0.010656186379492283, -0.004653336480259895, 0.0009035131079144776, 0.0004177998926024884, 0.00014723623462487012, -0.00404165918007493, 0.0026520555838942528], [-0.0007127738790586591, 0.0014308744575828314, -0.0019837094005197287, 0.0023337809834629297, -0.0006343599525280297, -0.0016057495959103107, -0.004653336480259895, 0.016520395874977112, -0.008923455141484737, -0.0009894025279209018, 0.0023077598307281733, 0.003161071101203561, -0.0024097287096083164], [0.00031484270584769547, 8.97601930773817e-05, 0.0023606966715306044, -0.004037025850266218, 0.0021028846967965364, 0.0010207901941612363, 0.0009035131079144776, -0.008923455141484737, 0.01713138446211815, -0.006359322462230921, -0.0024334429763257504, 0.0028916173614561558, -0.0021820671390742064], [-0.00034126132959499955, 0.00017934778588823974, -0.00277206813916564, 0.0029619704000651836, -0.005911414045840502, 0.003985156305134296, 0.0004177998926024884, -0.0009894025279209018, -0.006359322462230921, 0.020759206265211105, -0.009588023647665977, -1.4019949958310463e-05, 0.004203767981380224], [0.000665558036416769, -0.0028403003234416246, 0.0022394463885575533, -0.003807986853644252, 0.005867643281817436, -0.005187079776078463, 0.00014723623462487012, 0.0023077598307281733, -0.0024334429763257504, -0.009588023647665977, 0.023312853649258614, -0.014542872086167336, 0.001385164214298129], [-0.0009642696240916848, 0.005484758876264095, -0.0035268967039883137, 0.004638067912310362, -0.0029152999632060528, 0.005749530624598265, -0.00404165918007493, 0.003161071101203561, 0.0028916173614561558, -1.4019949958310463e-05, -0.014542872086167336, 0.03064926713705063, -0.013598582707345486], [0.0008095368975773454, -0.004484831355512142, 0.0008528890321031213, -0.0016665247967466712, -5.243541636446025e-07, -0.0010813114931806922, 0.0026520555838942528, -0.0024097287096083164, -0.0021820671390742064, 0.004203767981380224, 0.001385164214298129, -0.013598582707345486, 0.023802241310477257]], "lowlevel.mfcc.cov": [[2230.403564453125, 177.7603302001953, 438.2823791503906, 412.78607177734375, 320.45855712890625, 321.3313293457031, 354.61846923828125, 233.2974395751953, 289.06500244140625, 230.57821655273438, 184.65676879882812, 161.63201904296875, 75.3349609375], [177.7603302001953, 747.9593505859375, -204.98866271972656, 160.0729522705078, -118.52938842773438, 13.567346572875977, 105.64457702636719, -24.425092697143555, 102.75108337402344, 11.15404987335205, 39.36626434326172, 13.49732494354248, 7.489658832550049], [438.2823791503906, -204.98866271972656, 575.1895751953125, 198.61900329589844, 276.3033142089844, 125.84146881103516, 77.13314819335938, 54.8491325378418, 58.22371292114258, 56.54854965209961, 50.17316818237305, 80.78131866455078, 53.15933609008789], [412.78607177734375, 160.0729522705078, 198.61900329589844, 388.8897399902344, 208.98916625976562, 156.7158203125, 131.67771911621094, 47.579071044921875, 146.3558349609375, 86.52640533447266, 75.1718521118164, 93.19967651367188, 65.37088012695312], [320.45855712890625, -118.52938842773438, 276.3033142089844, 208.98916625976562, 312.4967956542969, 140.7340087890625, 93.84356689453125, 58.924320220947266, 108.24848937988281, 92.34700012207031, 46.96798324584961, 68.02458190917969, 51.176597595214844], [321.3313293457031, 13.567346572875977, 125.84146881103516, 156.7158203125, 140.7340087890625, 253.73031616210938, 224.62545776367188, 130.5847625732422, 135.8374786376953, 91.13849639892578, 88.5238037109375, 67.45751190185547, 30.502302169799805], [354.61846923828125, 105.64457702636719, 77.13314819335938, 131.67771911621094, 93.84356689453125, 224.62545776367188, 336.5581359863281, 185.9985809326172, 186.19400024414062, 102.36354064941406, 108.24929809570312, 80.68270874023438, 35.85824966430664], [233.2974395751953, -24.425092697143555, 54.8491325378418, 47.579071044921875, 58.924320220947266, 130.5847625732422, 185.9985809326172, 196.7009735107422, 149.735107421875, 96.20098114013672, 67.54682159423828, 51.637916564941406, 19.303281784057617], [289.06500244140625, 102.75108337402344, 58.22371292114258, 146.3558349609375, 108.24848937988281, 135.8374786376953, 186.19400024414062, 149.735107421875, 236.6606903076172, 141.85830688476562, 91.77618408203125, 65.46875, 33.759674072265625], [230.57821655273438, 11.15404987335205, 56.54854965209961, 86.52640533447266, 92.34700012207031, 91.13849639892578, 102.36354064941406, 96.20098114013672, 141.85830688476562, 166.73281860351562, 87.57133483886719, 59.78163528442383, 17.455602645874023], [184.65676879882812, 39.36626434326172, 50.17316818237305, 75.1718521118164, 46.96798324584961, 88.5238037109375, 108.24929809570312, 67.54682159423828, 91.77618408203125, 87.57133483886719, 119.80487823486328, 78.71932220458984, 34.833309173583984], [161.63201904296875, 13.49732494354248, 80.78131866455078, 93.19967651367188, 68.02458190917969, 67.45751190185547, 80.68270874023438, 51.637916564941406, 65.46875, 59.78163528442383, 78.71932220458984, 125.06057739257812, 65.65458679199219], [75.3349609375, 7.489658832550049, 53.15933609008789, 65.37088012695312, 51.176597595214844, 30.502302169799805, 35.85824966430664, 19.303281784057617, 33.759674072265625, 17.455602645874023, 34.833309173583984, 65.65458679199219, 85.56568908691406]], "lowlevel.mfcc.icov": [[0.0007047325489111245, -0.0002652359544299543, -0.0003965376236010343, -0.00025492036365903914, -0.00012189108383608982, -7.230070332298055e-05, -0.000128890314954333, -0.0004769625957123935, 0.0003022624587174505, -0.0004249703779350966, -0.00016683441936038435, 4.354339398560114e-05, 0.00010609406308503821], [-0.0002652359544299543, 0.003013116307556629, 0.0008461517281830311, -0.0020106921438127756, 0.0021806166041642427, 0.0008806810365058482, -0.0018214121228083968, 0.00272640329785645, -0.00211121398024261, 0.000472723477287218, 8.78800346981734e-05, 0.0001185511500807479, 0.00012010197679046541], [-0.0003965376236010343, 0.0008461517281830311, 0.003706554649397731, -0.0008764624362811446, -0.0024136791471391916, 0.00041412285645492375, -0.00014064439164940268, -0.00035059661604464054, 0.0007272014045156538, 0.0010226506274193525, -0.0007224548025988042, -0.000575621088501066, 0.00031616180785931647], [-0.00025492036365903914, -0.0020106921438127756, -0.0008764624362811446, 0.007481943350285292, -0.0032138852402567863, -0.0026170406490564346, 0.0013256673701107502, 0.0018513264367356896, -0.002568719908595085, 0.0009548328816890717, 0.0004120813973713666, -0.001874067005701363, -0.0008002934628166258], [-0.00012189108383608982, 0.0021806166041642427, -0.0024136791471391916, -0.0032138852402567863, 0.010683305561542511, -0.0025403504259884357, -0.0002600264851935208, 0.003096087835729122, -0.0026782399509102106, -0.002991087269037962, 0.003495302749797702, -2.545863935665693e-05, -0.0019387248903512955], [-7.230070332298055e-05, 0.0008806810365058482, 0.00041412285645492375, -0.0026170406490564346, -0.0025403504259884357, 0.013632578775286674, -0.007427622098475695, -0.0014849696308374405, 0.0020300359465181828, -0.00018130213720723987, -0.0028714556246995926, 0.0012886369368061423, 0.0012522665783762932], [-0.000128890314954333, -0.0018214121228083968, -0.00014064439164940268, 0.0013256673701107502, -0.0002600264851935208, -0.007427622098475695, 0.013186267577111721, -0.006379291415214539, -0.002507956000044942, 0.0032726137433201075, -0.0025817747227847576, -0.0009877304546535015, 0.00019473876454867423], [-0.0004769625957123935, 0.00272640329785645, -0.00035059661604464054, 0.0018513264367356896, 0.003096087835729122, -0.0014849696308374405, -0.006379291415214539, 0.018539370968937874, -0.008621808141469955, -0.0016337831038981676, 0.003068567020818591, -0.001969354460015893, 0.000150188323459588], [0.0003022624587174505, -0.00211121398024261, 0.0007272014045156538, -0.002568719908595085, -0.0026782399509102106, 0.0020300359465181828, -0.002507956000044942, -0.008621808141469955, 0.018649516627192497, -0.008310501463711262, -0.0013488592812791467, 0.0029815048910677433, -0.002097747754305601], [-0.0004249703779350966, 0.000472723477287218, 0.0010226506274193525, 0.0009548328816890717, -0.002991087269037962, -0.00018130213720723987, 0.0032726137433201075, -0.0016337831038981676, -0.008310501463711262, 0.01788504794239998, -0.007828247733414173, -0.0020782286301255226, 0.004230415914207697], [-0.00016683441936038435, 8.78800346981734e-05, -0.0007224548025988042, 0.0004120813973713666, 0.003495302749797702, -0.0028714556246995926, -0.0025817747227847576, 0.003068567020818591, -0.0013488592812791467, -0.007828247733414173, 0.02304181456565857, -0.009418838657438755, -0.0004279601853340864], [4.354339398560114e-05, 0.0001185511500807479, -0.000575621088501066, -0.001874067005701363, -2.545863935665693e-05, 0.0012886369368061423, -0.0009877304546535015, -0.001969354460015893, 0.0029815048910677433, -0.0020782286301255226, -0.009418838657438755, 0.021897511556744576, -0.011565267108380795], [0.00010609406308503821, 0.00012010197679046541, 0.00031616180785931647, -0.0008002934628166258, -0.0019387248903512955, 0.0012522665783762932, 0.00019473876454867423, 0.000150188323459588, -0.002097747754305601, 0.004230415914207697, -0.0004279601853340864, -0.011565267108380795, 0.021608544513583183]], "metadata.audio_properties.analysis.downmix": "mix", "metadata.audio_properties.codec": "mp3", "metadata.audio_properties.md5_encoded": "c59895cd8e792794714c8036e6ccc813", "metadata.tags.file_name": "1182258722446258176.mp3", "metadata.version.essentia": "2.1-beta6-dev", "metadata.version.essentia_git_sha": "v2.1_beta5-1110-g77a6a954", "metadata.version.extractor": "music 2.0", "tonal.chords_key": "A", "tonal.chords_scale": "minor", "tonal.key_edma.key": "F", "tonal.key_edma.scale": "major", "tonal.key_krumhansl.key": "F", "tonal.key_krumhansl.scale": "major", "to