{"song_id": "1182280494201716818", "download": "https://cdn.discordapp.com/attachments/1128313332273782784/1182280494201716818/chirp.mp4?ex=65841f83&amp", "lyrics": "\u0418\u0440\u0438\u043d\u0430 \u042e\u0440\u044c\u0435\u0432\u043d\u0430, \u0442\u0435\u0449\u0430 \u0434\u043e\u0440\u043e\u0433\u0430\u044f!\n\u0421 \u0414\u043d\u0451\u043c \u0420\u043e\u0436\u0434\u0435\u043d\u0438\u044f! \u0412\u0430\u0441 \u044f \u043f\u043e\u0437\u0434\u0440\u0430\u0432\u043b\u044f\u044e!\n\u041f\u0443\u0441\u0442\u044c \u0431\u043b\u0435\u0441\u0442\u044f\u0442 \u043e\u0442 \u0440\u0430\u0434\u043e\u0441\u0442\u0438 \u0433\u043b\u0430\u0437\u0430,\n\u041b\u0443\u0447\u0448\u0435\u0439 \u0442\u0435\u0449\u0438 \u0432 \u043c\u0438\u0440\u0435 \u043d\u0435 \u043d\u0430\u0439\u0442\u0438!\n\n\u0412\u0430\u043c \u0436\u0435\u043b\u0430\u044e \u043a\u0440\u0435\u043f\u043a\u043e\u0433\u043e \u0437\u0434\u043e\u0440\u043e\u0432\u044c\u044f,\n\u0414\u043e\u043b\u0433\u0438\u0445 \u043b\u0435\u0442, \u043d\u0435\u0443\u0442\u043e\u043c\u0438\u043c\u044b\u0445 \u0441\u0438\u043b.\n\u0427\u0442\u043e\u0431\u044b \u0436\u0438\u0437\u043d\u044c \u0431\u044b\u043b\u0430 \u0412\u0430\u0448\u0430 \u0441\u043f\u043e\u043a\u043e\u0439\u043d\u0430,\n\u0422\u043e\u043b\u044c\u043a\u043e \u043f\u0440\u0430\u0437\u0434\u043d\u0438\u043a \u0432 \u0434\u043e\u043c \u0412\u0430\u0448 \u0437\u0430\u0445\u043e\u0434\u0438\u043b.\n\n\u041d\u0430 \u0433\u043e\u0434\u0430 \u0412\u044b, \u0442\u0435\u0449\u0430, \u043d\u0435 \u0440\u043e\u043f\u0449\u0438\u0442\u0435,\n\u041d\u0435 \u0441\u0434\u0430\u0432\u0430\u0439\u0442\u0435\u0441\u044c \u0432 \u0438\u0445 \u0436\u0435\u0441\u0442\u043e\u043a\u0438\u0439 \u043f\u043b\u0435\u043d,\n\u0412 \u043a\u0430\u0436\u0434\u043e\u043c \u0434\u043d\u0435 \u043f\u0440\u0435\u043a\u0440\u0430\u0441\u043d\u043e\u0435 \u0438\u0449\u0438\u0442\u0435,\n\u041f\u0443\u0441\u0442\u044c \u043d\u0435 \u0431\u0443\u0434\u0435\u0442 \u0433\u043e\u0440\u044f \u0438 \u043f\u0440\u043e\u0431\u043b\u0435\u043c!\n\n\u041a\u0430\u0440\u0438\u043d\u0430 \u0438 \u0410\u0440\u0441\u0435\u043d\u0438\u0439 \u0412\u0430\u0441 \u0442\u043e\u0436\u0435 \u043f\u043e\u0437\u0434\u0440\u0430\u0432\u043b\u044f\u044e\u0442,\n\u0421\u0447\u0430\u0441\u0442\u044c\u044f, \u0440\u0430\u0434\u043e\u0441\u0442\u0438 \u0432 \u0436\u0438\u0437\u043d\u0438 \u0412\u0430\u043c \u0436\u0435\u043b\u0430\u044e\u0442.", "style": ["lyric</span><span>, dance</span><span>, russian</span><span>, \u0418\u0440\u0438\u043d\u0430 \u0410\u043b\u0435\u0433\u0440\u043e\u0432\u0430"], "essentia_features": {"lowlevel.average_loudness": 0.9715763330459595, "lowlevel.barkbands_crest.mean": 10.367776870727539, "lowlevel.barkbands_crest.stdev": 3.6455464363098145, "lowlevel.barkbands_flatness_db.mean": 0.21846777200698853, "lowlevel.barkbands_flatness_db.stdev": 0.039152394980192184, "lowlevel.barkbands_kurtosis.mean": 3.153102397918701, "lowlevel.barkbands_kurtosis.stdev": 2.6768083572387695, "lowlevel.barkbands_skewness.mean": 1.3933550119400024, "lowlevel.barkbands_skewness.stdev": 0.7553578615188599, "lowlevel.barkbands_spread.mean": 12.118558883666992, "lowlevel.barkbands_spread.stdev": 4.708149433135986, "lowlevel.dissonance.mean": 0.4369238018989563, "lowlevel.dissonance.stdev": 0.03317023813724518, "lowlevel.dynamic_complexity": 1.2450745105743408, "lowlevel.erbbands_crest.mean": 11.810758590698242, "lowlevel.erbbands_crest.stdev": 4.652944087982178, "lowlevel.erbbands_flatness_db.mean": 0.25676026940345764, "lowlevel.erbbands_flatness_db.stdev": 0.03438088670372963, "lowlevel.erbbands_kurtosis.mean": 1.0012872219085693, "lowlevel.erbbands_kurtosis.stdev": 2.436978578567505, "lowlevel.erbbands_skewness.mean": 0.8009228110313416, "lowlevel.erbbands_skewness.stdev": 0.5049028992652893, "lowlevel.erbbands_spread.mean": 25.179954528808594, "lowlevel.erbbands_spread.stdev": 8.044942855834961, "lowlevel.hfc.mean": 23.649993896484375, "lowlevel.hfc.stdev": 9.839645385742188, "lowlevel.loudness_ebu128.integrated": -15.914775848388672, "lowlevel.loudness_ebu128.loudness_range": 1.5409183502197266, "lowlevel.loudness_ebu128.momentary.mean": -16.099946975708008, "lowlevel.loudness_ebu128.momentary.stdev": 1.4269078969955444, "lowlevel.loudness_ebu128.short_term.mean": -15.930291175842285, "lowlevel.loudness_ebu128.short_term.stdev": 0.7322484850883484, "lowlevel.melbands_crest.mean": 12.864433288574219, "lowlevel.melbands_crest.stdev": 4.2996745109558105, "lowlevel.melbands_flatness_db.mean": 0.24880756437778473, "lowlevel.melbands_flatness_db.stdev": 0.05277102440595627, "lowlevel.melbands_kurtosis.mean": 6.325869560241699, "lowlevel.melbands_kurtosis.stdev": 4.596086025238037, "lowlevel.melbands_skewness.mean": 1.7694131135940552, "lowlevel.melbands_skewness.stdev": 0.81407231092453, "lowlevel.melbands_spread.mean": 16.16813087463379, "lowlevel.melbands_spread.stdev": 8.108845710754395, "lowlevel.pitch_salience.mean": 0.5320492386817932, "lowlevel.pitch_salience.stdev": 0.08424471318721771, "lowlevel.silence_rate_20dB.mean": 1.0, "lowlevel.silence_rate_20dB.stdev": 0.0, "lowlevel.silence_rate_30dB.mean": 1.0, "lowlevel.silence_rate_30dB.stdev": 0.0, "lowlevel.silence_rate_60dB.mean": 0.0017381227808073163, "lowlevel.silence_rate_60dB.stdev": 0.041654061526060104, "lowlevel.spectral_centroid.mean": 940.2545166015625, "lowlevel.spectral_centroid.stdev": 306.7607727050781, "lowlevel.spectral_complexity.mean": 19.039976119995117, "lowlevel.spectral_complexity.stdev": 4.273146152496338, "lowlevel.spectral_decrease.mean": -8.878257240496623e-09, "lowlevel.spectral_decrease.stdev": 3.016888516782501e-09, "lowlevel.spectral_energy.mean": 0.03565376624464989, "lowlevel.spectral_energy.stdev": 0.012009374797344208, "lowlevel.spectral_energyband_high.mean": 0.000378952274331823, "lowlevel.spectral_energyband_high.stdev": 0.0003571677953004837, "lowlevel.spectral_energyband_low.mean": 0.0031076036393642426, "lowlevel.spectral_energyband_low.stdev": 0.0025031515397131443, "lowlevel.spectral_energyband_middle_high.mean": 0.007737068925052881, "lowlevel.spectral_energyband_middle_high.stdev": 0.00687600951641798, "lowlevel.spectral_energyband_middle_low.mean": 0.026187775656580925, "lowlevel.spectral_energyband_middle_low.stdev": 0.012764740735292435, "lowlevel.spectral_entropy.mean": 6.998290061950684, "lowlevel.spectral_entropy.stdev": 0.30031833052635193, "lowlevel.spectral_flux.mean": 0.049825139343738556, "lowlevel.spectral_flux.stdev": 0.024236513301730156, "lowlevel.spectral_kurtosis.mean": 6.272090911865234, "lowlevel.spectral_kurtosis.stdev": 7.038063049316406, "lowlevel.spectral_rms.mean": 0.0057979971170425415, "lowlevel.spectral_rms.stdev": 0.0010804692283272743, "lowlevel.spectral_rolloff.mean": 970.392578125, "lowlevel.spectral_rolloff.stdev": 551.5476684570312, "lowlevel.spectral_skewness.mean": 1.5930360555648804, "lowlevel.spectral_skewness.stdev": 0.5826924443244934, "lowlevel.spectral_spread.mean": 2882017.5, "lowlevel.spectral_spread.stdev": 601791.25, "lowlevel.spectral_strongpeak.mean": 1.9788426160812378, "lowlevel.spectral_strongpeak.stdev": 1.34238862991333, "lowlevel.zerocrossingrate.mean": 0.042849648743867874, "lowlevel.zerocrossingrate.stdev": 0.016151193529367447, "metadata.audio_properties.analysis.equal_loudness": 0.0, "metadata.audio_properties.analysis.length": 40.04265213012695, "metadata.audio_properties.analysis.sample_rate": 44100.0, "metadata.audio_properties.analysis.start_time": 0.0, "metadata.audio_properties.bit_rate": 126798.0, "metadata.audio_properties.length": 40.042667388916016, "metadata.audio_properties.lossless": 0.0, "metadata.audio_properties.number_channels": 1.0, "metadata.audio_properties.replay_gain": -9.898344039916992, "metadata.audio_properties.sample_rate": 48000.0, "rhythm.beats_count": 88.0, "rhythm.beats_loudness.mean": 0.03799894452095032, "rhythm.beats_loudness.stdev": 0.01087539829313755, "rhythm.bpm": 132.53720092773438, "rhythm.bpm_histogram_first_peak_bpm": 133.0, "rhythm.bpm_histogram_first_peak_weight": 0.28985512256622314, "rhythm.bpm_histogram_second_peak_bpm": 123.0, "rhythm.bpm_histogram_second_peak_spread": 0.4545454978942871, "rhythm.bpm_histogram_second_peak_weight": 0.06896551698446274, "rhythm.danceability": 0.9707251787185669, "rhythm.onset_rate": 5.0681047439575195, "tonal.chords_changes_rate": 0.013888888992369175, "tonal.chords_number_rate": 0.005787036847323179, "tonal.chords_strength.mean": 0.532178521156311, "tonal.chords_strength.stdev": 0.07154730707406998, "tonal.hpcp_crest.mean": 16.90994644165039, "tonal.hpcp_crest.stdev": 6.820901870727539, "tonal.hpcp_entropy.mean": 1.458231806755066, "tonal.hpcp_entropy.stdev": 0.5534517168998718, "tonal.key_edma.strength": 0.6690760850906372, "tonal.key_krumhansl.strength": 0.6960061192512512, "tonal.key_temperley.strength": 0.69966059923172, "tonal.tuning_diatonic_strength": 0.4511432349681854, "tonal.tuning_equal_tempered_deviation": 0.006160875782370567, "tonal.tuning_frequency": 440.0, "tonal.tuning_nontempered_energy_ratio": 0.5821454524993896, "lowlevel.barkbands.mean": [2.4467831281071994e-06, 0.00024044077144935727, 0.0013386730570346117, 0.0036178568843752146, 0.00408900948241353, 0.0032328355591744184, 0.009264235384762287, 0.0029131437186151743, 0.002550681820139289, 0.0014064529677852988, 0.0023332659620791674, 0.0010332135716453195, 0.0009078594739548862, 0.00036758833448402584, 0.0005368046113289893, 0.0003616510075516999, 0.000502772512845695, 0.0003207188565284014, 0.00018936643027700484, 0.0001814859570004046, 6.943086191313341e-05, 0.00012421092833392322, 6.418156408471987e-05, 5.2710929594468325e-06, 1.232496344982792e-07, 4.702031475289914e-08, 1.324514387057718e-09], "lowlevel.barkbands.stdev": [3.4863160180975683e-06, 0.0005161586450412869, 0.001943444018252194, 0.0035999310202896595, 0.0041158562526106834, 0.0038535678759217262, 0.010007036849856377, 0.00355110433883965, 0.003477597376331687, 0.0019196229986846447, 0.004538919776678085, 0.0023077023215591908, 0.0025836166460067034, 0.0008755839662626386, 0.0007825699867680669, 0.0004370922688394785, 0.000528624514117837, 0.00039435812504962087, 0.000328606489347294, 0.00018522085156291723, 9.695532935438678e-05, 0.00014466846187133342, 8.591010555392131e-05, 7.623073088325327e-06, 4.177146308848023e-07, 1.8568329096524394e-07, 2.0866699479427098e-09], "lowlevel.erbbands.mean": [0.0016318429261446, 0.09672389179468155, 1.3186818361282349, 6.889893054962158, 11.576245307922363, 14.973116874694824, 19.936737060546875, 33.48045349121094, 144.34445190429688, 90.27783966064453, 38.70588684082031, 69.7978515625, 36.17157745361328, 47.57640075683594, 107.91506958007812, 49.01002502441406, 44.92654800415039, 24.493064880371094, 22.5028018951416, 34.10145568847656, 13.039298057556152, 20.58895492553711, 26.125699996948242, 13.169780731201172, 7.928702354431152, 8.236186981201172, 4.000208854675293, 3.27258563041687, 5.769960880279541, 1.8918797969818115, 1.3293167352676392, 0.6717013716697693, 0.04657631739974022, 0.0035131738986819983, 0.0007649498293176293, 0.0004104865074623376, 6.657857011305168e-05, 7.428616299876012e-06, 1.9075028831139207e-05, 4.153790359850973e-05], "lowlevel.erbbands.stdev": [0.003061101771891117, 0.17656967043876648, 1.8423434495925903, 5.978396415710449, 9.385676383972168, 18.96111297607422, 22.559532165527344, 41.36589431762695, 154.50131225585938, 75.86436462402344, 39.20914840698242, 95.99547576904297, 45.90802764892578, 79.72467041015625, 184.00071716308594, 117.1429214477539, 119.10501861572266, 50.83238220214844, 29.553173065185547, 59.562400817871094, 13.928086280822754, 18.679738998413086, 27.369754791259766, 23.5211124420166, 9.534270286560059, 9.024211883544922, 4.5207085609436035, 4.442359447479248, 6.854010105133057, 2.264644145965576, 1.6520028114318848, 1.1277883052825928, 0.0695171132683754, 0.007775183767080307, 0.002093047369271517, 0.0017162925796583295, 0.00015745931887067854, 7.482451565010706e-06, 6.413100436475361e-06, 1.3873223906557541e-05], "lowlevel.gfcc.mean": [-30.13887596130371, 160.07044982910156, -182.5846405029297, 27.171615600585938, -79.44676208496094, -21.406932830810547, -24.156370162963867, -33.42829513549805, -5.287703990936279, -30.234607696533203, -6.278835296630859, -11.894317626953125, -16.870933532714844], "lowlevel.melbands.mean": [3.5704706533579156e-05, 0.0005318124894984066, 0.0013793096877634525, 0.0009258098434656858, 0.0007284816238097847, 0.0007032126886770129, 0.0021578834857791662, 0.0009119581081904471, 0.0003285848069936037, 0.00039930662023834884, 0.00016745622269809246, 0.00017955678049474955, 0.0003361796261742711, 0.00018631368584465235, 8.465878636343405e-05, 9.3998976808507e-05, 3.9631486288271844e-05, 3.327858939883299e-05, 3.555940566002391e-05, 4.209737744531594e-05, 1.0662388376658782e-05, 1.4573631233361084e-05, 4.271306170267053e-05, 1.310414336330723e-05, 1.0893437320191879e-05, 4.473985882214038e-06, 5.7573106460040435e-06, 5.704764589609113e-06, 2.718290716074989e-06, 2.040797426161589e-06, 1.6437587646578322e-06, 3.833907612715848e-06, 1.4899409279678366e-06, 1.001285454549361e-06, 5.736500270359102e-07, 1.2134291864640545e-06, 9.215531804329657e-08, 3.06943448435959e-08, 3.4103013746289434e-09, 1.2782571667813158e-09], "lowlevel.melbands.stdev": [7.975513290148228e-05, 0.0006386566092260182, 0.0011107895988970995, 0.0007721897563897073, 0.0007998800720088184, 0.000849128351546824, 0.002320827916264534, 0.0008483477868139744, 0.0003533888084348291, 0.0005477796075865626, 0.00022262208221945912, 0.00032351689878851175, 0.0006508206715807319, 0.00031474014394916594, 0.0001988444128073752, 0.00029103903216309845, 0.00010184833081439137, 4.5029599277768284e-05, 5.159185457159765e-05, 6.397173274308443e-05, 1.2135723409301136e-05, 1.326813617197331e-05, 4.89660378661938e-05, 2.071651215374004e-05, 2.3337443053605966e-05, 5.908739240112482e-06, 6.433469934563618e-06, 6.980801117606461e-06, 4.041807642352069e-06, 3.866357474180404e-06, 2.3056081772665493e-06, 4.703209015133325e-06, 1.8696163124332088e-06, 1.440665869267832e-06, 6.910080401212326e-07, 2.1789714992337395e-06, 1.2989090691917227e-07, 5.3443883984982676e-08, 1.1333391114476399e-08, 4.6203965098357e-09], "lowlevel.melbands128.mean": [1.0943847428279696e-06, 1.722277147564455e-06, 1.4244935300666839e-05, 0.00016412357217632234, 0.0005367309786379337, 0.0006680311635136604, 0.001300596515648067, 0.001971680670976639, 0.0009790313197299838, 0.0008683005580678582, 0.0008189971558749676, 0.0008249226375482976, 0.0006068053771741688, 0.0007203631685115397, 0.0008267734665423632, 0.0004730532527901232, 0.001295330817811191, 0.003854853566735983, 0.0012738469522446394, 0.0007669770857319236, 0.0010073670418933034, 0.00021276822371874005, 0.0001325340272160247, 0.0004954645992256701, 0.0007057715556584299, 0.00020386277174111456, 0.00015085776976775378, 0.00021275630570016801, 7.688523328397423e-05, 0.00028207924333401024, 0.00011948182509513572, 0.00016961171058937907, 0.0003686491400003433, 0.0005397421773523092, 0.00014458081568591297, 0.0001341736497124657, 0.00013265926099848002, 2.6682419047574513e-05, 0.00012080233864253387, 0.00010386743088020012, 0.00010922769433818758, 2.8926146114827134e-05, 3.780625047511421e-05, 5.1615952543215826e-05, 2.0057255824212916e-05, 2.809818761306815e-05, 5.7453606132185087e-05, 9.104264790948946e-06, 2.532505641283933e-05, 9.602971840649843e-05, 2.6762591005535796e-05, 2.295428748766426e-05, 6.499997653008904e-06, 6.151234629214741e-06, 1.5848627299419604e-05, 7.71023132983828e-06, 5.828216217196314e-06, 8.600051660323516e-05, 2.8347878469503485e-05, 1.735290243232157e-05, 1.1574071322684176e-05, 1.4240733435144648e-05, 1.1584516869334038e-05, 1.2468547538446728e-05, 2.3754437279421836e-06, 2.9887885375501355e-06, 7.772343451506458e-06, 5.484050689119613e-06, 6.129683697508881e-06, 2.7615733415586874e-06, 9.335680260846857e-06, 3.1993711218092358e-06, 5.849410626979079e-06, 1.547844362903561e-06, 1.285404209738772e-06, 1.6768738078098977e-06, 3.04158788821951e-06, 1.4720244507770985e-06, 1.1765605449909344e-06, 1.170127120531106e-06, 5.18742808708339e-06, 4.671921033150284e-06, 2.4667426714586327e-06, 1.007548803499958e-06, 6.716079496982275e-07, 7.530068728556216e-07, 1.4453571566264145e-06, 8.476862376483041e-07, 4.839507141696231e-07, 2.9827572234353283e-07, 1.2992325082450407e-06, 1.8066922393700224e-06, 1.4726873587278533e-07, 4.764658356748441e-08, 5.0456051781111455e-08, 5.991051210685328e-08, 1.7297846710562226e-08, 6.462694379649747e-09, 3.041927376656872e-09, 2.0889128204970575e-09, 1.433097973624342e-09, 1.2079566236167238e-09, 1.0352945167824146e-09, 6.186331447111115e-10, 5.278899539717941e-10, 5.41433953227255e-10, 9.281447277409427e-10, 4.2769812691467735e-10, 6.361604021343226e-10, 8.36244962165722e-10, 6.555226916837853e-10, 9.520820937192198e-11, 1.2187186156087382e-11, 9.896600899894636e-12, 7.839657742425565e-12, 9.795378917709652e-12, 7.769031945548122e-12, 6.0053693788642004e-12, 5.841468368045222e-12, 5.690764266069737e-12, 5.551154588084861e-12, 5.431218842721908e-12, 5.3335495742157235e-12, 5.237280227554653e-12, 5.116706537633409e-12, 4.971135482423339e-12, 4.882324145666361e-12, 4.8493262357063305e-12], "lowlevel.melbands128.stdev": [1.6602997447989765e-06, 2.870608113880735e-06, 6.0069905885029584e-05, 0.00034571040305309, 0.0010012754937633872, 0.0009410132770426571, 0.0013170624151825905, 0.0021013410296291113, 0.001069124205969274, 0.0010657110251486301, 0.001327178324572742, 0.001409541117027402, 0.0010330826044082642, 0.0010853897547349334, 0.0014469838934019208, 0.0008718133321963251, 0.0014421704690903425, 0.00444013113155961, 0.001375170424580574, 0.0009355730144307017, 0.0013523208908736706, 0.0003098189190495759, 0.00032164331059902906, 0.0007686459575779736, 0.0010683329310268164, 0.00043563867802731693, 0.00030888148467056453, 0.0004034929152112454, 8.90736046130769e-05, 0.0005691800033673644, 0.0002192486572312191, 0.0006533696432597935, 0.0010283300653100014, 0.0011570816859602928, 0.00019620111561380327, 0.0004406379594001919, 0.0005096016102470458, 4.9198260967386886e-05, 0.0004301591543480754, 0.00031960857450030744, 0.00048482653801329434, 5.090618651593104e-05, 0.00010610253229970112, 0.00019592835451476276, 3.910769009962678e-05, 4.6411518269451335e-05, 0.0001043534794007428, 1.72128711710684e-05, 6.137599848443642e-05, 0.0002035866491496563, 4.353756958153099e-05, 4.3269068555673584e-05, 1.199501730297925e-05, 9.44462590268813e-06, 3.2677577110007405e-05, 1.3774943909083959e-05, 7.530552011303371e-06, 0.00011388210987206548, 3.417861807974987e-05, 5.236014476395212e-05, 2.2634532797383144e-05, 3.0647901439806446e-05, 3.818827462964691e-05, 2.91093692794675e-05, 5.301318651618203e-06, 3.582735416784999e-06, 1.7030217350111343e-05, 7.525854016421363e-06, 8.655969395476859e-06, 6.438815034925938e-06, 1.4996366189734545e-05, 4.670684575103223e-06, 1.1714708307408728e-05, 2.0667032458732137e-06, 1.7383307522322866e-06, 4.831634214497171e-06, 6.361386567732552e-06, 2.704811322473688e-06, 2.1822274902660865e-06, 2.793814019241836e-06, 8.033852282096632e-06, 6.862397640361451e-06, 3.613980652517057e-06, 1.613873109818087e-06, 1.1024153536709491e-06, 1.318789372817264e-06, 2.438033334328793e-06, 1.1857232493639458e-06, 8.172551702045894e-07, 3.932359220470971e-07, 2.2236729364522034e-06, 3.497619672998553e-06, 2.2610534244904557e-07, 7.427879467059029e-08, 9.279627732894369e-08, 1.0453973686708196e-07, 4.194688330017016e-08, 2.7377291544894433e-08, 1.2939340265916144e-08, 1.1098260976893926e-08, 6.1624523262082676e-09, 4.977005030326609e-09, 4.739082903881808e-09, 1.985113851077358e-09, 1.9493398006886764e-09, 2.6412918519014283e-09, 7.565298609790716e-09, 1.8390564626713513e-09, 4.266594633151044e-09, 3.628755740336942e-09, 2.2572166358258983e-09, 1.9894284830623832e-10, 1.3663996323298733e-10, 8.304461979191657e-11, 3.208405416343929e-11, 1.0054456572872184e-10, 4.504262240967449e-11, 7.792164483100272e-12, 7.575414254223922e-12, 7.379877958735293e-12, 7.201856298821863e-12, 7.046184816172918e-12, 6.908602162569721e-12, 6.7886252175242134e-12, 6.690628519961939e-12, 6.610848587301765e-12, 6.553848175966381e-12, 6.518489307355546e-12], "lowlevel.mfcc.mean": [-651.0802001953125, 173.9820556640625, -48.765655517578125, 34.22287368774414, -42.000274658203125, 12.241223335266113, -35.4807243347168, 10.135154724121094, -27.2195987701416, -3.387734889984131, -16.089509963989258, -1.3793785572052002, -6.795244216918945], "lowlevel.spectral_contrast_coeffs.mean": [-0.5492628216743469, -0.640142560005188, -0.6856347918510437, -0.7340405583381653, -0.7403598427772522, -0.5846477150917053], "lowlevel.spectral_contrast_coeffs.stdev": [0.07744864374399185, 0.06378166377544403, 0.05981745570898056, 0.04229506105184555, 0.03154837340116501, 0.061176400631666183], "lowlevel.spectral_contrast_valleys.mean": [-7.609039306640625, -6.412337303161621, -7.2233686447143555, -7.78065299987793, -7.924551963806152, -12.948249816894531], "lowlevel.spectral_contrast_valleys.stdev": [0.7698720693588257, 0.6784082651138306, 0.5249320268630981, 0.5043427348136902, 0.6443001627922058, 0.8500486612319946], "rhythm.beats_loudness_band_ratio.mean": [0.1730835884809494, 0.20187689363956451, 0.4292100965976715, 0.14497070014476776, 0.0675363540649414, 0.020191485062241554], "rhythm.beats_loudness_band_ratio.stdev": [0.09284580498933792, 0.13652098178863525, 0.16513240337371826, 0.1230502724647522, 0.04696543514728546, 0.019881069660186768], "tonal.hpcp.mean": [0.6131698489189148, 0.2691768705844879, 0.01325455866754055, 0.017228560522198677, 0.009122276678681374, 0.03869157284498215, 0.09381752461194992, 0.06566723436117172, 0.20365577936172485, 0.36577892303466797, 0.17227815091609955, 0.014755092561244965, 0.016665412113070488, 0.005371931474655867, 0.10143769532442093, 0.18472759425640106, 0.08749571442604065, 0.006628174800425768, 0.005799084901809692, 0.002800330286845565, 0.18330183625221252, 0.3309154510498047, 0.15303532779216766, 0.14705340564250946, 0.2343468815088272, 0.09472660720348358, 0.016770094633102417, 0.022038662806153297, 0.012971390970051289, 0.0748797133564949, 0.13294705748558044, 0.06627234816551208, 0.012057931162416935, 0.012810149230062962, 0.0075586638413369656, 0.3501628339290619], "tonal.hpcp.stdev": [0.42737293243408203, 0.19844461977481842, 0.053696855902671814, 0.10442036390304565, 0.06482158601284027, 0.091915562748909, 0.20029637217521667, 0.1369497925043106, 0.21954083442687988, 0.35339081287384033, 0.17308375239372253, 0.026873329654335976, 0.025582270696759224, 0.010030785575509071, 0.1723915934562683, 0.3034871518611908, 0.13874471187591553, 0.01284752693027258, 0.009232783690094948, 0.011387824080884457, 0.20867736637592316, 0.3382476568222046, 0.15848346054553986, 0.22825860977172852, 0.36494874954223633, 0.15382568538188934, 0.04056123271584511, 0.05303936451673508, 0.041849177330732346, 0.1503755897283554, 0.24511747062206268, 0.11906971037387848, 0.037974435836076736, 0.04960421100258827, 0.018008200451731682, 0.248240128159523], "rhythm.beats_position": [0.3831292390823364, 0.743038535118103, 1.1145577430725098, 1.486077070236206, 1.8459863662719727, 2.217505693435669, 2.600634813308716, 3.0534238815307617, 3.5178229808807373, 3.982222080230713, 4.4117913246154785, 4.852970600128174, 5.305759429931641, 5.758548736572266, 6.199728012084961, 6.664126873016357, 7.105306148529053, 7.54648494720459, 7.999274253845215, 8.45206356048584, 8.904852867126465, 9.380861282348633, 9.856870651245117, 10.344490051269531, 10.8204984664917, 11.284897804260254, 11.749297142028809, 12.213695526123047, 12.678094863891602, 13.165714263916016, 13.653332710266113, 14.140952110290527, 14.616961479187012, 15.09296989440918, 15.580589294433594, 16.068208694458008, 16.532608032226562, 16.997007369995117, 17.44979476928711, 17.902584075927734, 18.35537338256836, 18.808162689208984, 19.26095199584961, 19.713741302490234, 20.16653060913086, 20.619319915771484, 21.07210922241211, 21.53650665283203, 21.989295959472656, 22.44208526611328, 22.894874572753906, 23.34766387939453, 23.800453186035156, 24.25324249267578, 24.706031799316406, 25.15882110595703, 25.611610412597656, 26.06439781188965, 26.505577087402344, 26.95836639404297, 27.411155700683594, 27.86394500732422, 28.305124282836914, 28.75791358947754, 29.210702896118164, 29.66349220275879, 30.116281509399414, 30.569068908691406, 31.02185821533203, 31.474647521972656, 31.92743682861328, 32.380226135253906, 32.83301544189453, 33.274192810058594, 33.71537399291992, 34.16816329956055, 34.62095260620117, 35.062129974365234, 35.51491928100586, 35.967708587646484, 36.42049789428711, 36.873287200927734, 37.3144645690918, 37.76725387573242, 38.22004318237305, 38.67283248901367, 39.1256217956543, 39.57841110229492], "rhythm.bpm_histogram": [0.0, 0.0, 0.0, 0.0, 0.0, 0.0, 0.0, 0.0, 0.0, 0.0, 0.0, 0.0, 0.0, 0.0, 0.0, 0.0, 0.0, 0.0, 0.0, 0.0, 0.0, 0.0, 0.0, 0.0, 0.0, 0.0, 0.0, 0.0, 0.0, 0.0, 0.0, 0.0, 0.0, 0.0, 0.0, 0.0, 0.0, 0.0, 0.0, 0.0, 0.0, 0.0, 0.0, 0.0, 0.0, 0.0, 0.0, 0.0, 0.0, 0.0, 0.0, 0.0, 0.0, 0.0, 0.0, 0.0, 0.0, 0.0, 0.0, 0.0, 0.0, 0.0, 0.0, 0.0, 0.0, 0.0, 0.0, 0.0, 0.0, 0.0, 0.0, 0.0, 0.0, 0.0, 0.0, 0.0, 0.0, 0.0, 0.0, 0.0, 0.0, 0.0, 0.0, 0.0, 0.0, 0.0, 0.0, 0.0, 0.0, 0.0, 0.0, 0.0, 0.0, 0.0, 0.0, 0.0, 0.0, 0.0, 0.0, 0.0, 0.0, 0.0, 0.0, 0.0, 0.0, 0.0, 0.0, 0.0, 0.0, 0.0, 0.0, 0.0, 0.0, 0.0, 0.0, 0.0, 0.0, 0.0, 0.0, 0.0, 0.0, 0.0, 0.0, 0.06896551698446274, 0.0, 0.0, 0.05747126415371895, 0.0, 0.0, 0.1149425283074379, 0.0, 0.0, 0.0, 0.5632184147834778, 0.0, 0.0, 0.1149425283074379, 0.0, 0.0, 0.0, 0.01149425283074379, 0.0, 0.0, 0.0, 0.0, 0.0, 0.0, 0.0, 0.0, 0.0, 0.0, 0.0, 0.0, 0.0, 0.0, 0.0, 0.0, 0.01149425283074379, 0.0, 0.0, 0.0, 0.03448275849223137, 0.0, 0.0, 0.0, 0.0, 0.0, 0.02298850566148758, 0.0, 0.0, 0.0, 0.0, 0.0, 0.0, 0.0, 0.0, 0.0, 0.0, 0.0, 0.0, 0.0, 0.0, 0.0, 0.0, 0.0, 0.0, 0.0, 0.0, 0.0, 0.0, 0.0, 0.0, 0.0, 0.0, 0.0, 0.0, 0.0, 0.0, 0.0, 0.0, 0.0, 0.0, 0.0, 0.0, 0.0, 0.0, 0.0, 0.0, 0.0, 0.0, 0.0, 0.0, 0.0, 0.0, 0.0, 0.0, 0.0, 0.0, 0.0, 0.0, 0.0, 0.0, 0.0, 0.0, 0.0, 0.0, 0.0, 0.0, 0.0, 0.0, 0.0, 0.0, 0.0, 0.0, 0.0, 0.0, 0.0, 0.0, 0.0, 0.0, 0.0, 0.0, 0.0, 0.0, 0.0, 0.0, 0.0, 0.0, 0.0, 0.0], "tonal.chords_histogram": [47.453704833984375, 12.037036895751953, 3.7037036418914795, 0.0, 0.0, 7.1759257316589355, 0.0, 0.0, 0.0, 0.0, 0.0, 0.0, 0.0, 0.0, 0.0, 0.0, 0.0, 0.0, 0.0, 0.0, 0.0, 0.0, 0.8101851940155029, 28.81944465637207], "tonal.thpcp": [1.0, 0.43899235129356384, 0.021616455167531967, 0.02809753455221653, 0.014877242967486382, 0.0631009042263031, 0.15300413966178894, 0.10709469020366669, 0.33213600516319275, 0.596537709236145, 0.2809631824493408, 0.024063630029559135, 0.027179112657904625, 0.008760918863117695, 0.1654316484928131, 0.301266610622406, 0.14269408583641052, 0.01080968789756298, 0.009457550942897797, 0.004566973075270653, 0.29894137382507324, 0.5396798849105835, 0.24958065152168274, 0.23982490599155426, 0.38218918442726135, 0.1544867306947708, 0.027349835261702538, 0.03594218194484711, 0.021154645830392838, 0.12211903929710388, 0.21681930124759674, 0.10808154940605164, 0.019664911553263664, 0.02089168131351471, 0.012327194213867188, 0.5710698962211609], "lowlevel.gfcc.cov": [[2664.202392578125, -751.097412109375, -221.4535369873047, 483.4867858886719, -671.666015625, 253.8574676513672, -285.371826171875, -72.08422088623047, 136.51394653320312, -77.36669158935547, 52.01095199584961, -43.8024787902832, -63.57401657104492], [-751.097412109375, 867.7523193359375, 117.32889556884766, -243.5292205810547, 438.77642822265625, -289.092041015625, 240.80348205566406, -4.366614818572998, 9.572084426879883, 13.773630142211914, -34.239784240722656, 23.940908432006836, 38.91061782836914], [-221.4535369873047, 117.32889556884766, 152.0330047607422, 32.47842025756836, 101.22737121582031, 27.728313446044922, 49.72489547729492, 45.115318298339844, 2.286402940750122, 32.97584533691406, 3.6765799522399902, 20.21124267578125, 11.80712890625], [483.4867858886719, -243.5292205810547, 32.47842025756836, 288.349609375, -115.40328979492188, 137.43994140625, -26.964080810546875, 3.403775453567505, 70.82085418701172, 12.011034965515137, 40.39565658569336, 9.261961936950684, -34.52241897583008], [-671.666015625, 438.77642822265625, 101.22737121582031, -115.40328979492188, 393.5666809082031, -43.37394332885742, 185.9054718017578, 41.34832000732422, -33.75054168701172, 60.63614273071289, 7.561173915863037, 56.71428298950195, 38.35942459106445], [253.8574676513672, -289.092041015625, 27.728313446044922, 137.43994140625, -43.37394332885742, 297.0914001464844, 6.527644157409668, 49.20709228515625, -14.063602447509766, 28.485511779785156, 40.8449592590332, 25.264379501342773, 19.402292251586914], [-285.371826171875, 240.80348205566406, 49.72489547729492, -26.964080810546875, 185.9054718017578, 6.527644157409668, 184.9684600830078, 40.75346755981445, 17.90255355834961, 32.68657684326172, 1.6401058435440063, 33.173641204833984, 9.961607933044434], [-72.08422088623047, -4.366614818572998, 45.115318298339844, 3.403775453567505, 41.34832000732422, 49.20709228515625, 40.75346755981445, 125.34354400634766, 23.722742080688477, 31.501501083374023, 0.306398868560791, 9.444295883178711, 28.449230194091797], [136.51394653320312, 9.572084426879883, 2.286402940750122, 70.82085418701172, -33.75054168701172, -14.063602447509766, 17.90255355834961, 23.722742080688477, 118.70311737060547, 27.15671730041504, 3.137918472290039, -5.777235984802246, -28.29962921142578], [-77.36669158935547, 13.773630142211914, 32.97584533691406, 12.011034965515137, 60.63614273071289, 28.485511779785156, 32.68657684326172, 31.501501083374023, 27.15671730041504, 107.29177856445312, 37.93241500854492, 17.31752586364746, -13.144749641418457], [52.01095199584961, -34.239784240722656, 3.6765799522399902, 40.39565658569336, 7.561173915863037, 40.8449592590332, 1.6401058435440063, 0.306398868560791, 3.137918472290039, 37.93241500854492, 92.46692657470703, 31.177539825439453, -17.50225257873535], [-43.8024787902832, 23.940908432006836, 20.21124267578125, 9.261961936950684, 56.71428298950195, 25.264379501342773, 33.173641204833984, 9.444295883178711, -5.777235984802246, 17.31752586364746, 31.177539825439453, 77.78463745117188, 28.292661666870117], [-63.57401657104492, 38.91061782836914, 11.80712890625, -34.52241897583008, 38.35942459106445, 19.402292251586914, 9.961607933044434, 28.449230194091797, -28.29962921142578, -13.144749641418457, -17.50225257873535, 28.292661666870117, 101.05186462402344]], "lowlevel.gfcc.icov": [[0.0017365504754707217, -0.004161621443927288, 0.004156277049332857, -0.003613709704950452, 0.0045388187281787395, -0.0032198347616940737, 0.002816013526171446, -0.0017427600687369704, 0.0017636846750974655, -0.0016047885874286294, 0.0014769682893529534, -0.0021983981132507324, 0.0012395891826599836], [-0.004161621443927288, 0.022368628531694412, -0.01678336225450039, 0.013089895248413086, -0.0192466638982296, 0.016100846230983734, -0.014420981518924236, 0.00974572915583849, -0.011121410876512527, 0.008915618062019348, -0.00826993677765131, 0.010881859809160233, -0.008339799009263515], [0.004156277049332857, -0.01678336225450039, 0.023830963298678398, -0.014105649664998055, 0.012317112646996975, -0.01186981052160263, 0.011747144162654877, -0.010189665481448174, 0.009574885480105877, -0.007993197999894619, 0.007841500453650951, -0.008834238164126873, 0.006261367816478014], [-0.003613709704950452, 0.013089895248413086, -0.014105649664998055, 0.01688365265727043, -0.010679986327886581, 0.006169324275106192, -0.008379623293876648, 0.007577867247164249, -0.011128263548016548, 0.006718440912663937, -0.0065084099769592285, 0.005493977572768927, -0.0032434596214443445], [0.0045388187281787395, -0.0192466638982296, 0.012317112646996975, -0.010679986327886581, 0.025574734434485435, -0.012720498256385326, 0.005932896863669157, -0.007717409636825323, 0.011892351321876049, -0.0103117935359478, 0.006606847047805786, -0.011117054149508476, 0.0057467385195195675], [-0.0032198347616940737, 0.016100846230983734, -0.01186981052160263, 0.006169324275106192, -0.012720498256385326, 0.01781345158815384, -0.01206653006374836, 0.004597764927893877, -0.0038819776382297277, 0.004612566903233528, -0.006813473999500275, 0.007711848709732294, -0.007253723684698343], [0.002816013526171446, -0.014420981518924236, 0.011747144162654877, -0.008379623293876648, 0.005932896863669157, -0.01206653006374836, 0.021914660930633545, -0.007771678734570742, 0.003278363961726427, -0.004219316877424717, 0.006781717296689749, -0.009011227637529373, 0.0072483583353459835], [-0.0017427600687369704, 0.00974572915583849, -0.010189665481448174, 0.007577867247164249, -0.007717409636825323, 0.004597764927893877, -0.007771678734570742, 0.016402030363678932, -0.008704018779098988, 0.0020533979404717684, -0.003723906585946679, 0.006323462817817926, -0.007460342720150948], [0.0017636846750974655, -0.011121410876512527, 0.009574885480105877, -0.011128263548016548, 0.011892351321876049, -0.0038819776382297277, 0.003278363961726427, -0.008704018779098988, 0.020997656509280205, -0.008937175385653973, 0.00611385190859437, -0.0056503163650631905, 0.006188475992530584], [-0.0016047885874286294, 0.008915618062019348, -0.007993197999894619, 0.006718440912663937, -0.0103117935359478, 0.004612566903233528, -0.004219316877424717, 0.0020533979404717684, -0.008937175385653973, 0.018437162041664124, -0.00842210277915001, 0.0042021325789391994, -0.0010866696247830987], [0.0014769682893529534, -0.00826993677765131, 0.007841500453650951, -0.0065084099769592285, 0.006606847047805786, -0.006813473999500275, 0.006781717296689749, -0.003723906585946679, 0.00611385190859437, -0.00842210277915001, 0.02036052569746971, -0.01149512454867363, 0.007515518460422754], [-0.0021983981132507324, 0.010881859809160233, -0.008834238164126873, 0.005493977572768927, -0.011117054149508476, 0.007711848709732294, -0.009011227637529373, 0.006323462817817926, -0.0056503163650631905, 0.0042021325789391994, -0.01149512454867363, 0.025871118530631065, -0.011086810380220413], [0.0012395891826599836, -0.008339799009263515, 0.006261367816478014, -0.0032434596214443445, 0.0057467385195195675, -0.007253723684698343, 0.0072483583353459835, -0.007460342720150948, 0.006188475992530584, -0.0010866696247830987, 0.007515518460422754, -0.011086810380220413, 0.018641971051692963]], "lowlevel.mfcc.cov": [[2546.56396484375, -1111.151611328125, 213.6155242919922, 78.6778793334961, -289.8503112792969, 191.3216552734375, -417.1905822753906, 93.78022766113281, -237.742431640625, 141.6174774169922, -141.14305114746094, 219.26547241210938, -152.38217163085938], [-1111.151611328125, 1104.4893798828125, -226.39674377441406, 109.77902221679688, 106.91118621826172, -130.7886505126953, 172.06895446777344, -46.327518463134766, 160.28982543945312, -68.63497924804688, 95.22804260253906, -156.0718231201172, 138.6978759765625], [213.6155242919922, -226.39674377441406, 182.87399291992188, -17.965923309326172, 31.067941665649414, 36.55902862548828, 14.988714218139648, 31.761920928955078, 19.312788009643555, 25.597076416015625, -2.6089470386505127, 54.69138717651367, -24.604297637939453], [78.6778793334961, 109.77902221679688, -17.965923309326172, 243.7895050048828, -43.53269958496094, 56.32717514038086, -77.90616607666016, 38.05023193359375, -10.672441482543945, 40.16395568847656, 42.22721481323242, 18.68094253540039, 55.96157455444336], [-289.8503112792969, 106.91118621826172, 31.067941665649414, -43.53269958496094, 173.88821411132812, -1.1374573707580566, 152.09971618652344, -3.638608694076538, 78.27893829345703, -19.874624252319336, 37.65576934814453, -10.973616600036621, 32.9263801574707], [191.3216552734375, -130.7886505126953, 36.55902862548828, 56.32717514038086, -1.1374573707580566, 190.4859619140625, 13.326557159423828, 53.8848991394043, -12.834192276000977, 20.68886375427246, 44.76935958862305, 50.618690490722656, 11.70537281036377], [-417.1905822753906, 172.06895446777344, 14.988714218139648, -77.90616607666016, 152.09971618652344, 13.326557159423828, 289.30401611328125, 10.768389701843262, 115.22068786621094, -49.90890121459961, 63.13794708251953, -19.159656524658203, 57.68480682373047], [93.78022766113281, -46.327518463134766, 31.761920928955078, 38.05023193359375, -3.638608694076538, 53.8848991394043, 10.768389701843262, 114.53977966308594, 26.06241798400879, 32.30633544921875, 9.412433624267578, 24.028348922729492, 10.137662887573242], [-237.742431640625, 160.28982543945312, 19.312788009643555, -10.672441482543945, 78.27893829345703, -12.834192276000977, 115.22068786621094, 26.06241798400879, 192.33340454101562, 9.1412353515625, 47.11122131347656, -40.51898956298828, 23.53375244140625], [141.6174774169922, -68.63497924804688, 25.597076416015625, 40.16395568847656, -19.874624252319336, 20.68886375427246, -49.90890121459961, 32.30633544921875, 9.1412353515625, 123.49870300292969, 14.846868515014648, 34.93428421020508, -7.093764781951904], [-141.14305114746094, 95.22804260253906, -2.6089470386505127, 42.22721481323242, 37.65576934814453, 44.76935958862305, 63.13794708251953, 9.412433624267578, 47.11122131347656, 14.846868515014648, 138.91075134277344, 23.30939292907715, 57.780120849609375], [219.26547241210938, -156.0718231201172, 54.69138717651367, 18.68094253540039, -10.973616600036621, 50.618690490722656, -19.159656524658203, 24.028348922729492, -40.51898956298828, 34.93428421020508, 23.30939292907715, 159.9818878173828, 14.405632019042969], [-152.38217163085938, 138.6978759765625, -24.604297637939453, 55.96157455444336, 32.9263801574707, 11.70537281036377, 57.68480682373047, 10.137662887573242, 23.53375244140625, -7.093764781951904, 57.780120849609375, 14.405632019042969, 143.13967895507812]], "lowlevel.mfcc.icov": [[0.0009483054163865745, 0.0006751679466105998, -0.00020541246340144426, -0.00028374153771437705, 0.0006030312506482005, -0.0003663557581603527, 0.0005157868727110326, -0.0001033388907671906, -0.00012820609845221043, -0.00012021524889860302, 0.00042847846634685993, -0.0003718815860338509, 1.2320854239078471e-06], [0.0006751679466105998, 0.0028171816375106573, 0.0021704162936657667, -0.0018366504227742553, -0.00022840009478386492, 0.0012065627379342914, -0.0005377134657464921, 0.00018182677740696818, -0.0011427063727751374, 0.00037724344292655587, -0.0002741230418905616, 0.0005192391108721495, -0.000497215602081269], [-0.00020541246340144426, 0.0021704162936657667, 0.009697524830698967, -0.0010665964800864458, -0.0026477715000510216, 0.000639608537312597, -0.0005259851459413767, -0.0008770285057835281, -0.0020797480829060078, -5.5225715186679736e-05, 0.0001957183121703565, -0.0017428284045308828, 0.0010285989847034216], [-0.00028374153771437705, -0.0018366504227742553, -0.0010665964800864458, 0.007749676704406738, 0.0003580993798095733, -0.0023610410280525684, 0.0032794640865176916, -0.0015024036401882768, 0.00029417345649562776, -0.000882460328284651, -0.0011158824199810624, 0.00010100552754011005, -0.002491868333891034], [0.0006030312506482005, -0.00022840009478386492, -0.0026477715000510216, 0.0003580993798095733, 0.01217037346214056, -0.0003559323085937649, -0.00483710877597332, 0.0015283289831131697, -0.0010445213411003351, -0.0006647304981015623, 0.00021890949574299157, -0.00014499289682134986, -0.0005961757269687951], [-0.0003663557581603527, 0.0012065627379342914, 0.000639608537312597, -0.0023610410280525684, -0.0003559323085937649, 0.008622019551694393, -0.001937595196068287, -0.0026541827246546745, 0.0010669721523299813, 0.0005446471041068435, -0.002798442030325532, -0.00036600176827050745, 0.0008375321049243212], [0.0005157868727110326, -0.0005377134657464921, -0.0005259851459413767, 0.0032794640865176916, -0.00483710877597332, -0.001937595196068287, 0.010141092352569103, -0.001580032636411488, -0.002386932261288166, 0.0025717506650835276, -0.0012588899116963148, -0.0005107300239615142, -0.001926763