{"song_id": "1182256253494378526", "download": "https://cdn.discordapp.com/attachments/1135903449314238464/1182256253494378526/chirp.mp4?ex=658408f0&amp", "lyrics": "Verse 1:\nBrush, brush, smile big\nBrush bugs away\nClean all over\nBe happy!\n\nChorus:\n\nBrush your teeth\nFight the bugs\nKeep them clean\nSmile bright!\n\nVerse 2:\nBrush bottom nice\nBugs don\u2019t stay\nSmooth like silk\n\nVerse 3:\nBrush up on top\nBright white, yay!\n\nChorus:\nBrush your teeth\nFight the bugs\nKeep them clean\nSmile bright!\n\nVerse 4:\nBrush day and night\nNo more bugs!\nSmiles fresh and bright", "style": ["happy song for kids"], "essentia_features": {"lowlevel.average_loudness": 0.9010237455368042, "lowlevel.barkbands_crest.mean": 13.606651306152344, "lowlevel.barkbands_crest.stdev": 4.928248405456543, "lowlevel.barkbands_flatness_db.mean": 0.23038579523563385, "lowlevel.barkbands_flatness_db.stdev": 0.07486798614263535, "lowlevel.barkbands_kurtosis.mean": 23.020751953125, "lowlevel.barkbands_kurtosis.stdev": 49.78085708618164, "lowlevel.barkbands_skewness.mean": 2.905372142791748, "lowlevel.barkbands_skewness.stdev": 2.8738174438476562, "lowlevel.barkbands_spread.mean": 14.787062644958496, "lowlevel.barkbands_spread.stdev": 18.049684524536133, "lowlevel.dissonance.mean": 0.42002394795417786, "lowlevel.dissonance.stdev": 0.05492370203137398, "lowlevel.dynamic_complexity": 5.416024208068848, "lowlevel.erbbands_crest.mean": 13.48141860961914, "lowlevel.erbbands_crest.stdev": 5.440075874328613, "lowlevel.erbbands_flatness_db.mean": 0.22207017242908478, "lowlevel.erbbands_flatness_db.stdev": 0.06604164093732834, "lowlevel.erbbands_kurtosis.mean": 6.573365688323975, "lowlevel.erbbands_kurtosis.stdev": 12.160703659057617, "lowlevel.erbbands_skewness.mean": 1.400181531906128, "lowlevel.erbbands_skewness.stdev": 1.8172025680541992, "lowlevel.erbbands_spread.mean": 30.33806037902832, "lowlevel.erbbands_spread.stdev": 25.50846290588379, "lowlevel.hfc.mean": 13.5143461227417, "lowlevel.hfc.stdev": 16.887868881225586, "lowlevel.loudness_ebu128.integrated": -16.137187957763672, "lowlevel.loudness_ebu128.loudness_range": 4.417926788330078, "lowlevel.loudness_ebu128.momentary.mean": -17.674245834350586, "lowlevel.loudness_ebu128.momentary.stdev": 3.998371124267578, "lowlevel.loudness_ebu128.short_term.mean": -16.314273834228516, "lowlevel.loudness_ebu128.short_term.stdev": 1.7764073610305786, "lowlevel.melbands_crest.mean": 16.24738883972168, "lowlevel.melbands_crest.stdev": 5.302955627441406, "lowlevel.melbands_flatness_db.mean": 0.2760058343410492, "lowlevel.melbands_flatness_db.stdev": 0.0916706845164299, "lowlevel.melbands_kurtosis.mean": 38.09211349487305, "lowlevel.melbands_kurtosis.stdev": 53.21826934814453, "lowlevel.melbands_skewness.mean": 3.7146518230438232, "lowlevel.melbands_skewness.stdev": 2.871540069580078, "lowlevel.melbands_spread.mean": 20.883127212524414, "lowlevel.melbands_spread.stdev": 38.008113861083984, "lowlevel.pitch_salience.mean": 0.518570601940155, "lowlevel.pitch_salience.stdev": 0.13529165089130402, "lowlevel.silence_rate_20dB.mean": 1.0, "lowlevel.silence_rate_20dB.stdev": 0.0, "lowlevel.silence_rate_30dB.mean": 0.9984555840492249, "lowlevel.silence_rate_30dB.stdev": 0.039268508553504944, "lowlevel.silence_rate_60dB.mean": 0.3250965178012848, "lowlevel.silence_rate_60dB.stdev": 0.4684087038040161, "lowlevel.spectral_centroid.mean": 994.4255981445312, "lowlevel.spectral_centroid.stdev": 1039.069091796875, "lowlevel.spectral_complexity.mean": 6.990733623504639, "lowlevel.spectral_complexity.stdev": 6.335291862487793, "lowlevel.spectral_decrease.mean": -4.16291401350577e-09, "lowlevel.spectral_decrease.stdev": 5.579962270019223e-09, "lowlevel.spectral_energy.mean": 0.01693759672343731, "lowlevel.spectral_energy.stdev": 0.021990520879626274, "lowlevel.spectral_energyband_high.mean": 0.0005852717440575361, "lowlevel.spectral_energyband_high.stdev": 0.0014248737134039402, "lowlevel.spectral_energyband_low.mean": 0.0021210231352597475, "lowlevel.spectral_energyband_low.stdev": 0.009054062888026237, "lowlevel.spectral_energyband_middle_high.mean": 0.003185089211910963, "lowlevel.spectral_energyband_middle_high.stdev": 0.007554744370281696, "lowlevel.spectral_energyband_middle_low.mean": 0.011417687870562077, "lowlevel.spectral_energyband_middle_low.stdev": 0.01637825183570385, "lowlevel.spectral_entropy.mean": 6.934322357177734, "lowlevel.spectral_entropy.stdev": 0.8597110509872437, "lowlevel.spectral_flux.mean": 0.06253314018249512, "lowlevel.spectral_flux.stdev": 0.05701172351837158, "lowlevel.spectral_kurtosis.mean": 7.795477867126465, "lowlevel.spectral_kurtosis.stdev": 7.1775736808776855, "lowlevel.spectral_rms.mean": 0.003265936393290758, "lowlevel.spectral_rms.stdev": 0.002420361153781414, "lowlevel.spectral_rolloff.mean": 1680.0242919921875, "lowlevel.spectral_rolloff.stdev": 2750.0302734375, "lowlevel.spectral_skewness.mean": 2.150498151779175, "lowlevel.spectral_skewness.stdev": 0.943027138710022, "lowlevel.spectral_spread.mean": 5440736.0, "lowlevel.spectral_spread.stdev": 2639319.0, "lowlevel.spectral_strongpeak.mean": 1.0851399898529053, "lowlevel.spectral_strongpeak.stdev": 1.37892484664917, "lowlevel.zerocrossingrate.mean": 0.06963946670293808, "lowlevel.zerocrossingrate.stdev": 0.07629193365573883, "metadata.audio_properties.analysis.equal_loudness": 0.0, "metadata.audio_properties.analysis.length": 30.03628158569336, "metadata.audio_properties.analysis.sample_rate": 44100.0, "metadata.audio_properties.analysis.start_time": 0.0, "metadata.audio_properties.bit_rate": 123658.0, "metadata.audio_properties.length": 30.03733253479004, "metadata.audio_properties.lossless": 0.0, "metadata.audio_properties.number_channels": 1.0, "metadata.audio_properties.replay_gain": -12.828922271728516, "metadata.audio_properties.sample_rate": 48000.0, "rhythm.beats_count": 71.0, "rhythm.beats_loudness.mean": 0.032931990921497345, "rhythm.beats_loudness.stdev": 0.02266206219792366, "rhythm.bpm": 145.02391052246094, "rhythm.bpm_histogram_first_peak_bpm": 144.0, "rhythm.bpm_histogram_first_peak_weight": 0.35820895433425903, "rhythm.bpm_histogram_second_peak_bpm": 126.0, "rhythm.bpm_histogram_second_peak_spread": 0.5, "rhythm.bpm_histogram_second_peak_weight": 0.014285714365541935, "rhythm.danceability": 1.181756854057312, "rhythm.onset_rate": 4.72416353225708, "tonal.chords_changes_rate": 0.03086419776082039, "tonal.chords_number_rate": 0.007716049440205097, "tonal.chords_strength.mean": 0.5952562093734741, "tonal.chords_strength.stdev": 0.07766012847423553, "tonal.hpcp_crest.mean": 17.308547973632812, "tonal.hpcp_crest.stdev": 7.752268314361572, "tonal.hpcp_entropy.mean": 1.5492693185806274, "tonal.hpcp_entropy.stdev": 0.7583261132240295, "tonal.key_edma.strength": 0.8252015113830566, "tonal.key_krumhansl.strength": 0.8262380361557007, "tonal.key_temperley.strength": 0.8267277479171753, "tonal.tuning_diatonic_strength": 0.6359063982963562, "tonal.tuning_equal_tempered_deviation": 0.07159457355737686, "tonal.tuning_frequency": 442.0379333496094, "tonal.tuning_nontempered_energy_ratio": 0.6818409562110901, "lowlevel.barkbands.mean": [7.250896942423424e-06, 0.0005515255033969879, 0.0013251430355012417, 0.00031278555979952216, 0.003944271244108677, 0.004186862148344517, 0.0008895483915694058, 0.0011585073079913855, 0.0006709176814183593, 0.000451646774308756, 0.0011638153810054064, 0.0006476857233792543, 0.00015268738206941634, 0.0002644848427735269, 0.00016459061589557678, 0.0001335532870143652, 0.00011485799041111022, 8.898344822227955e-05, 9.34117560973391e-05, 8.203989273170009e-05, 6.319803651422262e-05, 6.85927807353437e-05, 8.560269634472206e-05, 0.00010667943570297211, 0.0001375549763906747, 7.10680615156889e-05, 3.3101389362855116e-07], "lowlevel.barkbands.stdev": [2.464858698658645e-05, 0.0023009898141026497, 0.006041829939931631, 0.0014964445726945996, 0.009041664190590382, 0.008272603154182434, 0.0024293886963278055, 0.003944042604416609, 0.003771438030526042, 0.0016840547323226929, 0.004347220994532108, 0.0030717463232576847, 0.0006211656727828085, 0.0010192033369094133, 0.000538838270585984, 0.00046644211397506297, 0.0003556966839823872, 0.00023976927332114428, 0.0002747676335275173, 0.0002943323634099215, 0.00019675251678563654, 0.00024835162912495434, 0.0002931260969489813, 0.0003606183745432645, 0.0003792434581555426, 0.00019344987231306732, 1.5125989420994301e-06], "lowlevel.erbbands.mean": [0.007633508183062077, 0.17056915163993835, 1.260317325592041, 1.5249935388565063, 1.1152178049087524, 16.16705322265625, 31.801942825317383, 33.42375564575195, 22.060462951660156, 18.414344787597656, 18.98013687133789, 18.56416130065918, 15.098193168640137, 11.401509284973145, 59.98895263671875, 26.686866760253906, 8.80092716217041, 10.78370189666748, 10.925405502319336, 8.237024307250977, 7.7160964012146, 5.876385688781738, 4.641556262969971, 6.672724723815918, 2.7649857997894287, 4.0168023109436035, 3.0193614959716797, 2.4700019359588623, 2.6891531944274902, 2.1027708053588867, 2.4283573627471924, 2.21856427192688, 1.814447045326233, 1.4983853101730347, 0.9914288520812988, 0.45013219118118286, 0.10020290315151215, 0.00888514518737793, 0.00019060990598518401, 3.013931382156443e-05], "lowlevel.erbbands.stdev": [0.029667483642697334, 0.7273722290992737, 5.699323654174805, 6.8588762283325195, 3.003041982650757, 40.186317443847656, 58.89873123168945, 72.93058776855469, 58.017112731933594, 57.771053314208984, 68.2693862915039, 104.52285766601562, 51.13800048828125, 40.86346435546875, 216.17648315429688, 122.07771301269531, 32.923484802246094, 39.641639709472656, 35.56635284423828, 23.75197410583496, 27.127344131469727, 18.26907730102539, 12.607451438903809, 17.825389862060547, 6.453825950622559, 14.980653762817383, 9.714943885803223, 7.9905171394348145, 10.128812789916992, 7.81162166595459, 8.324130058288574, 7.692070007324219, 6.168697357177734, 4.643957614898682, 2.567164659500122, 1.2061926126480103, 0.27992191910743713, 0.022231902927160263, 0.00044713422539643943, 3.753292912733741e-05], "lowlevel.gfcc.mean": [-118.49784851074219, 64.1944580078125, -107.79248046875, 1.0190647840499878, -81.91122436523438, -13.47818660736084, -70.15431213378906, -4.2709736824035645, -40.8716926574707, 9.701537132263184, -4.789920330047607, 15.473861694335938, 0.24453751742839813], "lowlevel.melbands.mean": [0.00010873096471186727, 0.0005058033857494593, 0.00023448534193448722, 0.000504721945617348, 0.0011780167696997523, 0.0007782441098242998, 0.00029320234898477793, 0.00022287345200311393, 0.00015455886023119092, 0.00010091404692502692, 7.183686102507636e-05, 3.489443042781204e-05, 0.00017636938719078898, 0.00011526833259267733, 2.985102946695406e-05, 1.2695247278315946e-05, 2.287794995936565e-05, 1.9424685888225213e-05, 1.2137841622461565e-05, 1.0175168426940218e-05, 9.027960913954303e-06, 6.627059974562144e-06, 4.3371810534154065e-06, 4.186370915704174e-06, 5.841015536134364e-06, 2.361859969823854e-06, 1.8177611309511121e-06, 2.916466428359854e-06, 2.1339135400921805e-06, 1.3992762433190364e-06, 1.4325817119242856e-06, 1.617145471755066e-06, 1.15170007575216e-06, 1.2215560900585842e-06, 1.2880959729955066e-06, 1.486671635575476e-06, 1.3878033087166841e-06, 1.3327124861461925e-06, 1.1433427289375686e-06, 1.3056874195171986e-06], "lowlevel.melbands.stdev": [0.0004379561578389257, 0.0022378137800842524, 0.0010246651945635676, 0.001266157953068614, 0.0021640753839164972, 0.001647258410230279, 0.0007663916330784559, 0.0007429320830851793, 0.000561966618988663, 0.0005721694324165583, 0.0002615074336063117, 0.00016366521595045924, 0.0006414147792384028, 0.00044519282528199255, 0.00013118970673531294, 5.225000859354623e-05, 8.975652599474415e-05, 7.147192809497938e-05, 4.0900838939705864e-05, 3.1512212444795296e-05, 3.366435703355819e-05, 2.2300462660496123e-05, 1.3426132682070602e-05, 1.0555909284448717e-05, 1.65156143339118e-05, 7.194366389740026e-06, 5.695491836377187e-06, 1.170758423540974e-05, 7.289520908670966e-06, 4.318677383707836e-06, 4.87798206449952e-06, 6.154900802357588e-06, 4.313311819714727e-06, 4.754385827254737e-06, 4.506455752562033e-06, 5.3422677410708275e-06, 5.00503438161104e-06, 4.644557520805392e-06, 3.989438937423984e-06, 3.975497293140506e-06], "lowlevel.melbands128.mean": [5.652020718116546e-06, 3.548664244590327e-05, 0.00011968909529969096, 0.00030553588294424117, 0.0005989701603539288, 0.0006479874718934298, 0.0003409971250221133, 0.00010881087655434385, 5.3455441957339644e-05, 0.000164252778631635, 0.0009795587975531816, 0.0016308320919051766, 0.0010300279827788472, 0.0009576678858138621, 0.0007448564283549786, 0.000758230802603066, 0.0006232777377590537, 8.487829472869635e-05, 5.351450090529397e-05, 0.00021542352624237537, 0.0003380627022124827, 0.00016419272287748754, 0.00010795486014103517, 0.0001544296828797087, 0.0001832913694670424, 2.681839578144718e-05, 4.71896564704366e-05, 0.00011401531082810834, 5.313370274961926e-05, 3.494297561701387e-05, 2.023218803515192e-05, 4.5099746785126626e-05, 0.0001892660220619291, 0.00031843752367421985, 9.570708789397031e-05, 9.447983757127076e-05, 5.977799810352735e-05, 1.2790010259777773e-05, 2.5120498321484774e-05, 1.9848115698550828e-05, 7.653806278540287e-06, 5.617274837277364e-06, 1.8461189029039815e-05, 3.620555071393028e-05, 2.9208620617282577e-05, 1.1082355740654748e-05, 1.5730764062027447e-05, 1.3141962881491054e-05, 9.993310413847212e-06, 1.1132531653856859e-05, 1.0322140042262617e-05, 9.373728062200826e-06, 7.741165973129682e-06, 1.0052381185232662e-05, 9.51123183767777e-06, 5.910948857490439e-06, 4.390012691146694e-06, 4.888703188044019e-06, 4.141308636462782e-06, 3.7408346997835906e-06, 3.8644971027679276e-06, 4.108455414097989e-06, 7.042075139906956e-06, 6.158326868899167e-06, 4.776875357492827e-06, 1.7096590454457328e-06, 1.411342850587971e-06, 1.3249066341813887e-06, 1.7730923218550743e-06, 2.7492576464283047e-06, 2.7113792384625413e-06, 3.502579147607321e-06, 2.576959332145634e-06, 1.9382350728847086e-06, 1.3916906027588993e-06, 1.4409899904421763e-06, 1.408576508765691e-06, 1.2999461205254192e-06, 1.4733158195667784e-06, 1.4757068811377394e-06, 1.6074599216153729e-06, 1.8138285895474837e-06, 1.3646002798850532e-06, 1.0825090157595696e-06, 9.292198797083984e-07, 1.1107449608971365e-06, 1.4162926618155325e-06, 1.2603236427821685e-06, 9.7349629868404e-07, 1.572669816596317e-06, 1.824121341087448e-06, 1.424092147317424e-06, 1.0072945997308125e-06, 1.3923228152634692e-06, 1.5650640534659033e-06, 1.6028129721235018e-06, 1.1834006272692932e-06, 1.1160786925756838e-06, 1.0953980336125824e-06, 1.185463474939752e-06, 1.292284196097171e-06, 1.4048603134142468e-06, 1.16129297111911e-06, 1.3733676951233065e-06, 1.0181393008679152e-06, 1.1116450195913785e-06, 9.59141743805958e-07, 9.309386541644926e-07, 9.404810725754942e-07, 5.407034677773481e-07, 4.184228146186797e-07, 3.9614820934730233e-07, 2.7810057190436055e-07, 2.2141708200251742e-07, 1.920069081506881e-07, 7.51103144125409e-08, 1.5058207125662193e-08, 1.0085569879247913e-10, 3.1395060162697774e-12, 2.877638448708919e-12, 2.708419426233899e-12, 2.600573836136766e-12, 2.5034143594920844e-12, 2.450274141571618e-12, 2.3867902012447706e-12, 2.3120303414836396e-12, 2.266379358489834e-12, 2.2491875983216003e-12], "lowlevel.melbands128.stdev": [2.2073583750170656e-05, 0.0001523304235888645, 0.0005167569033801556, 0.0013444628566503525, 0.0027194053400307894, 0.0029579871334135532, 0.0015705990372225642, 0.000522223359439522, 0.00021048060443717986, 0.0005996989202685654, 0.0027205017395317554, 0.003838504431769252, 0.002381123835220933, 0.0026943893171846867, 0.0021994621492922306, 0.001721655367873609, 0.001869137049652636, 0.0002760763745754957, 0.00022496902965940535, 0.0007551056914962828, 0.0012932362733408809, 0.0008371829753741622, 0.0006511728861369193, 0.0009589528781361878, 0.0012452638475224376, 0.00017113005742430687, 0.00017697835573926568, 0.00043402926530689, 0.0003322433913126588, 0.00027489388594403863, 0.00012091539247194305, 0.00033538052230142057, 0.0008116692188195884, 0.00138793233782053, 0.0005884265410713851, 0.0006167031242512167, 0.0004202565469313413, 9.655707253841683e-05, 0.00012487916683312505, 0.00011139833077322692, 4.432268542586826e-05, 1.8881655705627054e-05, 9.27766741369851e-05, 0.000164299039170146, 0.00018408021423965693, 5.01456052006688e-05, 7.631608605151996e-05, 6.358926475513726e-05, 4.114097828278318e-05, 4.067438203492202e-05, 3.580455086193979e-05, 4.246801108820364e-05, 4.0132847061613575e-05, 4.0388655179413036e-05, 3.7939731555525213e-05, 2.5496747184661217e-05, 1.599828465259634e-05, 1.728305323922541e-05, 1.8620225091581233e-05, 1.35092359414557e-05, 1.1935087968595326e-05, 1.2304938536544796e-05, 2.204306292696856e-05, 2.6143668947042897e-05, 2.4158351152436808e-05, 4.626679128705291e-06, 3.8241400943661574e-06, 3.587453420550446e-06, 5.933223746978911e-06, 1.2481206795200706e-05, 1.1864177395182196e-05, 1.6919444533414207e-05, 9.47289663599804e-06, 6.544259122165386e-06, 4.57434862255468e-06, 4.860689841734711e-06, 4.531303147814469e-06, 4.286332114133984e-06, 5.641926691168919e-06, 5.4440906751551665e-06, 6.04675324211712e-06, 7.937712325656321e-06, 5.852554295415757e-06, 4.142177658650326e-06, 3.540534407875384e-06, 4.741062184621114e-06, 5.8120795074501075e-06, 5.262369086267427e-06, 3.4861448057199595e-06, 5.849967692483915e-06, 7.2253201324201655e-06, 5.608676474366803e-06, 4.075717242812971e-06, 5.739998414355796e-06, 5.969602625555126e-06, 5.881004653929267e-06, 4.412685939314542e-06, 4.076813183928607e-06, 3.932671006623423e-06, 4.635860477719689e-06, 4.675539003073936e-06, 4.476738013181603e-06, 3.486365130811464e-06, 4.23846813646378e-06, 2.8820097668358358e-06, 2.973652499349555e-06, 2.7364440029487014e-06, 2.9199561595305568e-06, 2.764959845080739e-06, 1.3661891671290505e-06, 1.6536417888346477e-06, 1.5253986020979937e-06, 7.271302706612914e-07, 6.324817718450504e-07, 5.05518187310372e-07, 2.7609598873823415e-07, 6.180274425560128e-08, 5.648848611095048e-10, 8.014960223290402e-12, 6.696711327830451e-12, 6.040929909079118e-12, 5.8174814791811524e-12, 5.568566874974978e-12, 5.468397436259043e-12, 5.387230592179826e-12, 5.321941238395356e-12, 5.274248919551194e-12, 5.244961149425409e-12], "lowlevel.mfcc.mean": [-772.583984375, 110.81246185302734, 7.5944671630859375, 5.404019832611084, -3.6900315284729004, -19.75640296936035, -16.88147735595703, -26.77647590637207, -23.200260162353516, -26.526037216186523, -13.746190071105957, -2.680170774459839, 1.4529086351394653], "lowlevel.spectral_contrast_coeffs.mean": [-0.5554014444351196, -0.6237574815750122, -0.7501827478408813, -0.8062533736228943, -0.8084449172019958, -0.7789828777313232], "lowlevel.spectral_contrast_coeffs.stdev": [0.12708237767219543, 0.08641194552183151, 0.08815833181142807, 0.058582693338394165, 0.052006855607032776, 0.05196552723646164], "lowlevel.spectral_contrast_valleys.mean": [-8.981639862060547, -8.25848388671875, -8.951271057128906, -9.025626182556152, -8.900162696838379, -11.349658966064453], "lowlevel.spectral_contrast_valleys.stdev": [1.7180862426757812, 1.1513340473175049, 1.2068694829940796, 1.2409536838531494, 1.2441962957382202, 1.4331985712051392], "rhythm.beats_loudness_band_ratio.mean": [0.11253327131271362, 0.48985084891319275, 0.2003197818994522, 0.1476207673549652, 0.08779317140579224, 0.03980423882603645], "rhythm.beats_loudness_band_ratio.stdev": [0.21345897018909454, 0.2363947182893753, 0.16106660664081573, 0.19865427911281586, 0.11457175761461258, 0.049011606723070145], "tonal.hpcp.mean": [0.09753455966711044, 0.06077238544821739, 0.04159560799598694, 0.054372627288103104, 0.05616426467895508, 0.06389958411455154, 0.07873738557100296, 0.09359823167324066, 0.2195321023464203, 0.25029581785202026, 0.12447249889373779, 0.05713808536529541, 0.04040904343128204, 0.0480428971350193, 0.2517522871494293, 0.31270918250083923, 0.09952346235513687, 0.02400246448814869, 0.019173569977283478, 0.021725574508309364, 0.09145555645227432, 0.16911859810352325, 0.10760905593633652, 0.12008117139339447, 0.1809753030538559, 0.08687001466751099, 0.017817815765738487, 0.01573839783668518, 0.022430436685681343, 0.26672935485839844, 0.3733712434768677, 0.13656458258628845, 0.029515398666262627, 0.028483888134360313, 0.027060505002737045, 0.06898695975542068], "tonal.hpcp.stdev": [0.2203313112258911, 0.14768144488334656, 0.14598418772220612, 0.17968237400054932, 0.17788787186145782, 0.15344290435314178, 0.1737707406282425, 0.19641022384166718, 0.33201950788497925, 0.35466188192367554, 0.2544345259666443, 0.170661062002182, 0.14053452014923096, 0.15462321043014526, 0.32384753227233887, 0.3878437578678131, 0.16371747851371765, 0.08742593973875046, 0.08188747614622116, 0.08167936652898788, 0.18877384066581726, 0.3037633001804352, 0.21070057153701782, 0.21778148412704468, 0.3419416844844818, 0.17529845237731934, 0.07936938852071762, 0.059587396681308746, 0.05969933792948723, 0.2942349314689636, 0.38923507928848267, 0.1746627539396286, 0.09805029630661011, 0.10089351236820221, 0.09780764579772949, 0.15742267668247223], "rhythm.beats_position": [0.4527890980243683, 0.9171881675720215, 1.3931972980499268, 1.834376335144043, 2.252335548400879, 2.670294761657715, 3.088253974914551, 3.5062131881713867, 3.912562370300293, 4.318911552429199, 4.736870765686035, 5.154829978942871, 5.561179161071777, 5.979138374328613, 6.3854875564575195, 6.8034467697143555, 7.221405982971191, 7.627755165100098, 8.034104347229004, 8.45206356048584, 8.870022773742676, 9.287981986999512, 9.705941200256348, 10.112290382385254, 10.51863956451416, 10.936598777770996, 11.354557991027832, 11.772517204284668, 12.190476417541504, 12.608434677124023, 13.02639389038086, 13.432743072509766, 13.839092254638672, 14.257051467895508, 14.675010681152344, 15.08135986328125, 15.487709045410156, 15.905668258666992, 16.323627471923828, 16.729976654052734, 17.13632583618164, 17.554285049438477, 17.972244262695312, 18.39020347595215, 18.808162689208984, 19.21451187133789, 19.620861053466797, 20.038820266723633, 20.45677947998047, 20.874738693237305, 21.29269790649414, 21.699047088623047, 22.105396270751953, 22.52335548400879, 22.941314697265625, 23.35927391052246, 23.777233123779297, 24.183582305908203, 24.58993148803711, 25.007890701293945, 25.42584991455078, 25.843809127807617, 26.261768341064453, 26.66811752319336, 27.074466705322266, 27.4924259185791, 27.910385131835938, 28.316734313964844, 28.72308349609375, 29.141042709350586, 29.559001922607422], "rhythm.bpm_histogram": [0.0, 0.0, 0.0, 0.0, 0.0, 0.0, 0.0, 0.0, 0.0, 0.0, 0.0, 0.0, 0.0, 0.0, 0.0, 0.0, 0.0, 0.0, 0.0, 0.0, 0.0, 0.0, 0.0, 0.0, 0.0, 0.0, 0.0, 0.0, 0.0, 0.0, 0.0, 0.0, 0.0, 0.0, 0.0, 0.0, 0.0, 0.0, 0.0, 0.0, 0.0, 0.0, 0.0, 0.0, 0.0, 0.0, 0.0, 0.0, 0.0, 0.0, 0.0, 0.0, 0.0, 0.0, 0.0, 0.0, 0.0, 0.0, 0.0, 0.0, 0.0, 0.0, 0.0, 0.0, 0.0, 0.0, 0.0, 0.0, 0.0, 0.0, 0.0, 0.0, 0.0, 0.0, 0.0, 0.0, 0.0, 0.0, 0.0, 0.0, 0.0, 0.0, 0.0, 0.0, 0.0, 0.0, 0.0, 0.0, 0.0, 0.0, 0.0, 0.0, 0.0, 0.0, 0.0, 0.0, 0.0, 0.0, 0.0, 0.0, 0.0, 0.0, 0.0, 0.0, 0.0, 0.0, 0.0, 0.0, 0.0, 0.0, 0.0, 0.0, 0.0, 0.0, 0.0, 0.0, 0.0, 0.0, 0.0, 0.0, 0.0, 0.0, 0.0, 0.0, 0.0, 0.0, 0.014285714365541935, 0.0, 0.0, 0.014285714365541935, 0.0, 0.0, 0.0, 0.0, 0.0, 0.0, 0.014285714365541935, 0.0, 0.0, 0.0, 0.0, 0.0, 0.0, 0.0, 0.6142857074737549, 0.0, 0.0, 0.0, 0.34285715222358704, 0.0, 0.0, 0.0, 0.0, 0.0, 0.0, 0.0, 0.0, 0.0, 0.0, 0.0, 0.0, 0.0, 0.0, 0.0, 0.0, 0.0, 0.0, 0.0, 0.0, 0.0, 0.0, 0.0, 0.0, 0.0, 0.0, 0.0, 0.0, 0.0, 0.0, 0.0, 0.0, 0.0, 0.0, 0.0, 0.0, 0.0, 0.0, 0.0, 0.0, 0.0, 0.0, 0.0, 0.0, 0.0, 0.0, 0.0, 0.0, 0.0, 0.0, 0.0, 0.0, 0.0, 0.0, 0.0, 0.0, 0.0, 0.0, 0.0, 0.0, 0.0, 0.0, 0.0, 0.0, 0.0, 0.0, 0.0, 0.0, 0.0, 0.0, 0.0, 0.0, 0.0, 0.0, 0.0, 0.0, 0.0, 0.0, 0.0, 0.0, 0.0, 0.0, 0.0, 0.0, 0.0, 0.0, 0.0, 0.0, 0.0, 0.0, 0.0, 0.0, 0.0, 0.0, 0.0, 0.0, 0.0, 0.0, 0.0, 0.0, 0.0], "tonal.chords_histogram": [42.74691390991211, 0.0, 23.919754028320312, 0.0, 0.0, 0.0, 0.0, 0.0, 0.0, 0.0, 0.0, 0.0, 0.0, 0.0, 0.0, 0.0, 0.0, 1.080246925354004, 0.0, 0.0, 0.0, 21.604938507080078, 9.876543045043945, 0.7716049551963806], "tonal.thpcp": [1.0, 0.36576083302497864, 0.07905107736587524, 0.0762883797287941, 0.07247613370418549, 0.1847677379846573, 0.2612267732620239, 0.16276665031909943, 0.11140549182891846, 0.14562617242336273, 0.15042471885681152, 0.17114222049713135, 0.2108822911977768, 0.25068408250808716, 0.5879727005958557, 0.6703671813011169, 0.33337461948394775, 0.15303289890289307, 0.10822752118110657, 0.1286732703447342, 0.6742680072784424, 0.8375288248062134, 0.2665536403656006, 0.06428578495979309, 0.05135256052017212, 0.05818759277462959, 0.24494536221027374, 0.45295023918151855, 0.28820928931236267, 0.3216133415699005, 0.4847060441970825, 0.23266391456127167, 0.04772144556045532, 0.04215214401483536, 0.06007542833685875, 0.7143810987472534], "lowlevel.gfcc.cov": [[13268.39453125, -1998.4107666015625, 927.3303833007812, -220.67660522460938, 714.1494140625, 424.0367126464844, 65.48612976074219, 1136.8990478515625, -1039.9605712890625, 503.21112060546875, -1091.9893798828125, -246.51699829101562, -582.8515014648438], [-1998.4107666015625, 4017.0517578125, 146.93243408203125, -166.27713012695312, 816.6085815429688, 76.54375457763672, 567.62060546875, -31.06285285949707, 391.6074523925781, -227.21275329589844, 407.33721923828125, -204.7119903564453, 258.3470458984375], [927.3303833007812, 146.93243408203125, 1507.7100830078125, 759.6987915039062, 330.7119445800781, 350.97650146484375, 198.9008331298828, 209.62803649902344, 44.62799072265625, 23.831998825073242, -87.5237808227539, -47.097862243652344, -255.3168182373047], [-220.67660522460938, -166.27713012695312, 759.6987915039062, 1232.6414794921875, 307.5437927246094, 275.5399475097656, 161.1943817138672, 15.592714309692383, 254.3383331298828, -51.161888122558594, 20.89837074279785, 44.13994216918945, -177.35923767089844], [714.1494140625, 816.6085815429688, 330.7119445800781, 307.5437927246094, 702.9385375976562, 308.572021484375, 243.80967712402344, 198.9519805908203, 74.97274780273438, 18.411664962768555, -54.18815231323242, -59.975006103515625, -51.53770446777344], [424.0367126464844, 76.54375457763672, 350.97650146484375, 275.5399475097656, 308.572021484375, 502.7732238769531, 221.14817810058594, 59.169490814208984, 86.91336822509766, 32.48801803588867, -55.758121490478516, -23.763681411743164, -90.18700408935547], [65.48612976074219, 567.62060546875, 198.9008331298828, 161.1943817138672, 243.80967712402344, 221.14817810058594, 354.4966735839844, 78.12110137939453, 52.566993713378906, -16.612703323364258, 38.03020477294922, -46.12143325805664, -8.460498809814453], [1136.8990478515625, -31.06285285949707, 209.62803649902344, 15.592714309692383, 198.9519805908203, 59.169490814208984, 78.12110137939453, 353.88916015625, -78.16303253173828, 80.47018432617188, -108.10620880126953, -45.790618896484375, -53.09967803955078], [-1039.9605712890625, 391.6074523925781, 44.62799072265625, 254.3383331298828, 74.97274780273438, 86.91336822509766, 52.566993713378906, -78.16303253173828, 322.1236267089844, -26.152738571166992, 121.50334167480469, 34.843780517578125, 34.8979377746582], [503.21112060546875, -227.21275329589844, 23.831998825073242, -51.161888122558594, 18.411664962768555, 32.48801803588867, -16.612703323364258, 80.47018432617188, -26.152738571166992, 148.1894989013672, -40.03911209106445, 1.2515324354171753, -40.03083801269531], [-1091.9893798828125, 407.33721923828125, -87.5237808227539, 20.89837074279785, -54.18815231323242, -55.758121490478516, 38.03020477294922, -108.10620880126953, 121.50334167480469, -40.03911209106445, 259.78582763671875, 56.047996520996094, 79.70779418945312], [-246.51699829101562, -204.7119903564453, -47.097862243652344, 44.13994216918945, -59.975006103515625, -23.763681411743164, -46.12143325805664, -45.790618896484375, 34.843780517578125, 1.2515324354171753, 56.047996520996094, 116.25292205810547, 17.010536193847656], [-582.8515014648438, 258.3470458984375, -255.3168182373047, -177.35923767089844, -51.53770446777344, -90.18700408935547, -8.460498809814453, -53.09967803955078, 34.8979377746582, -40.03083801269531, 79.70779418945312, 17.010536193847656, 158.6193389892578]], "lowlevel.gfcc.icov": [[0.00017922748520504683, 1.934369902301114e-05, -1.2516329661593772e-05, 3.0384810088435188e-05, -0.00012281139788683504, -2.3407497792504728e-05, -2.275576480315067e-05, -0.0002378426434006542, 0.0003520747122820467, -0.00020632185623981059, 0.00034444828634150326, -7.375500717898831e-05, 0.00021214396110735834], [1.934369902301114e-05, 0.0014721620827913284, -0.0006398760015144944, 0.0012684534303843975, -0.002171535277739167, 0.0014224203769117594, -0.0014250770909711719, 0.0007809661328792572, -0.001592288026586175, 0.0012781856348738074, -0.0015319447265937924, 0.0020700651220977306, -0.00042897602543234825], [-1.2516329661593772e-05, -0.0006398760015144944, 0.001591040869243443, -0.0011490343604236841, 0.0010111548472195864, -0.0010256710229441524, 0.0005883208941668272, -0.0009305665735155344, 0.0009071401436813176, -0.0003033749235328287, 0.00032079743687063456, -0.0005152220837771893, 0.0013555102050304413], [3.0384810088435188e-05, 0.0012684534303843975, -0.0011490343604236841, 0.002953343791887164, -0.00230066804215312, 0.0014185737818479538, -0.0015113243134692311, 0.0008744781371206045, -0.0026524660643190145, 0.001968194730579853, -0.0010803084587678313, 0.000660349556710571, 0.0013219545362517238], [-0.00012281139788683504, -0.002171535277739167, 0.0010111548472195864, -0.00230066804215312, 0.005914359353482723, -0.0031177198980003595, 0.0014641254674643278, -0.002276402898132801, 0.0018882803851738572, -0.0015908271307125688, 0.0022092147264629602, -0.0023061006795614958, -7.406488293781877e-05], [-2.3407497792504728e-05, 0.0014224203769117594, -0.0010256710229441524, 0.0014185737818479538, -0.0031177198980003595, 0.005575818940997124, -0.003507190151140094, 0.001895854831673205, -0.002660814905539155, 0.0003494645934551954, -0.0001136424980359152, 0.0011268549133092165, 0.0007472229190170765], [-2.275576480315067e-05, -0.0014250770909711719, 0.0005883208941668272, -0.0015113243134692311, 0.0014641254674643278, -0.003507190151140094, 0.006765739992260933, -0.0017817765474319458, 0.0020914634224027395, -0.0003407919721212238, -0.0005993431550450623, 1.509254434495233e-05, -0.0005060402909293771], [-0.0002378426434006542, 0.0007809661328792572, -0.0009305665735155344, 0.0008744781371206045, -0.002276402898132801, 0.001895854831673205, -0.0017817765474319458, 0.005727256648242474, -0.000775059568695724, -0.0013337940908968449, 0.0001238492113770917, 0.00123772828374058, -0.0008665348868817091], [0.0003520747122820467, -0.001592288026586175, 0.0009071401436813176, -0.0026524660643190145, 0.0018882803851738572, -0.002660814905539155, 0.0020914634224027395, -0.000775059568695724, 0.007886801846325397, -0.002448087325319648, 0.00037956368760205805, -0.0021044963505119085, -0.000983881182037294], [-0.00020632185623981059, 0.0012781856348738074, -0.0003033749235328287, 0.001968194730579853, -0.0015908271307125688, 0.0003494645934551954, -0.0003407919721212238, -0.0013337940908968449, -0.002448087325319648, 0.010568940080702305, -0.0019622165709733963, 0.0007775765261612833, 0.0021981322206556797], [0.00034444828634150326, -0.0015319447265937924, 0.00032079743687063456, -0.0010803084587678313, 0.0022092147264629602, -0.0001136424980359152, -0.0005993431550450623, 0.0001238492113770917, 0.00037956368760205805, -0.0019622165709733963, 0.009375281631946564, -0.004962122067809105, -0.0010258369147777557], [-7.375500717898831e-05, 0.0020700651220977306, -0.0005152220837771893, 0.000660349556710571, -0.0023061006795614958, 0.0011268549133092165, 1.509254434495233e-05, 0.00123772828374058, -0.0021044963505119085, 0.0007775765261612833, -0.004962122067809105, 0.014446993358433247, -0.0018235084135085344], [0.00021214396110735834, -0.00042897602543234825, 0.0013555102050304413, 0.0013219545362517238, -7.406488293781877e-05, 0.0007472229190170765, -0.0005060402909293771, -0.0008665348868817091, -0.000983881182037294, 0.0021981322206556797, -0.0010258369147777557, -0.0018235084135085344, 0.01300857588648796]], "lowlevel.mfcc.cov": [[11768.4912109375, -1191.35400390625, -255.1087646484375, 33.58037185668945, 313.6524353027344, -287.81280517578125, 855.6536865234375, -64.07208251953125, 610.2421875, 390.6456604003906, 145.5289306640625, -291.669189453125, -242.85154724121094], [-1191.35400390625, 3762.966796875, -321.1111145019531, -13.272661209106445, 294.0209655761719, 72.09489440917969, 459.0188293457031, 154.98028564453125, 305.7110595703125, 0.6273784041404724, 255.9400634765625, 156.81460571289062, 0.5244055986404419], [-255.1087646484375, -321.1111145019531, 1327.0216064453125, 521.1002197265625, 290.8521423339844, 353.6354064941406, 109.20842742919922, 295.0379943847656, 24.109315872192383, 127.90967559814453, 118.33809661865234, 115.11430358886719, 33.392860412597656], [33.58037185668945, -13.272661209106445, 521.1002197265625, 817.4016723632812, 364.71148681640625, 235.90977478027344, 132.83285522460938, 263.13555908203125, 99.67042541503906, 109.74376678466797, 109.4329833984375, 81.07495880126953, 48.56743240356445], [313.6524353027344, 294.0209655761719, 290.8521423339844, 364.71148681640625, 574.1516723632812, 281.818359375, 174.16201782226562, 234.92735290527344, 204.34519958496094, 125.60094451904297, 119.66633605957031, 89.4698715209961, 56.78433609008789], [-287.81280517578125, 72.09489440917969, 353.6354064941406, 235.90977478027344, 281.818359375, 611.8826904296875, 113.31824493408203, 267.888916015625, 95.16445922851562, 136.37847900390625, 72.26603698730469, 68.04159545898438, 88.35395050048828], [855.6536865234375, 459.0188293457031, 109.20842742919922, 132.83285522460938, 174.16201782226562, 113.31824493408203, 473.097900390625, 147.9790496826172, 191.98240661621094, 117.89044189453125, 121.27408599853516, 15.270468711853027, -9.382481575012207], [-64.07208251953125, 154.98028564453125, 295.0379943847656, 263.13555908203125, 234.92735290527344, 267.888916015625, 147.9790496826172, 317.8981018066406, 116.19123077392578, 99.39215850830078, 68.91719818115234, 65.03800201416016, 49.8132438659668], [610.2421875, 305.7110595703125, 24.109315872192383, 99.67042541503906, 204.34519958496094, 95.16445922851562, 191.98240661621094, 116.19123077392578, 299.9143981933594, 120.91178131103516, 82.33555603027344, 11.87098503112793, 4.4013519287109375], [390.6456604003906, 0.6273784041404724, 127.90967559814453, 109.74376678466797, 125.60094451904297, 136.37847900390625, 117.89044189453125, 99.39215850830078, 120.91178131103516, 172.55650329589844, 73.56706237792969, 21.149648666381836, 6.920342922210693], [145.5289306640625, 255.9400634765625, 118.33809661865234, 109.4329833984375, 119.66633605957031, 72.26603698730469, 121.27408599853516, 68.91719818115234, 82.33555603027344, 73.56706237792969, 156.69581604003906, 54.47893524169922, 12.506769180297852], [-291.669189453125, 156.81460571289062, 115.11430358886719, 81.07495880126953, 89.4698715209961, 68.04159545898438, 15.270468711853027, 65.03800201416016, 11.87098503112793, 21.149648666381836, 54.47893524169922, 124.68335723876953, 55.77253341674805], [-242.85154724121094, 0.5244055986404419, 33.392860412597656, 48.56743240356445, 56.78433609008789, 88.35395050048828, -9.382481575012207, 49.8132438659668, 4.4013519287109375, 6.920342922210693, 12.506769180297852, 55.77253341674805, 131.97354125976562]], "lowlevel.mfcc.icov": [[0.0001404401264153421, 9.147410310106352e-05, 3.7936828448437154e-05, 2.004786983889062e-05, -0.0001128317162510939, 0.00010539565118961036, -0.00026925423298962414, 0.00010935935279121622, -0.00015575830184388906, -0.00013497177860699594, -4.9871348892338574e-05, 0.0001797156292013824, 9.9708660854958e-05], [9.147410310106352e-05, 0.00046173526789061725, 0.00020031139138154685, 8.780922507867217e-05, -0.0001370675308862701, 2.111823960149195e-06, -0.0004524995747487992, -4.435973460203968e-05, -0.0003628736303653568, 0.0005335017340257764, -0.0005223062471486628, -0.00040936877485364676, 0.0003322537522763014], [3.7936828448437154e-05, 0.00020031139138154685, 0.0012966773938387632, -0.00046553125139325857, -5.968798359390348e-05, -0.0002968032204080373, -0.00015842594439163804, -0.0005171913071535528, 0.000383504549972713, -8.133553637890145e-05, -0.00046589417615905404, -0.0006685109692625701, 0.0006387174944393337], [2.004786983889062e-05, 8.780922507867217e-05, -0.00046553125139325857, 0.002209164435043931, -0.000984802027232945, 0.0003263728867750615, -3.1813240639166906e-05, -0.0009671165607869625, 0.00029896909836679697, -9.374707587994635e-05, -0.0004835368599742651, 0.00023147862521000206, -0.0001477073528803885], [-0.0001128317162510939, -0.0001370675308862701, -5.968798359390348e-05, -0.000984802027232945, 0.003842910286039114, -0.0008513390203006566, 0.0002776710025500506, -0.0005208517541177571, -0.001611981657333672, 0.00034778343979269266, -0.00038009166019037366, -0.0011235614074394107, -0.00015039907884784043], [0.00010539565118961036, 2.111823960149195e-06, -0.0002968032204080373, 0.0003263728867750615, -0.0008513390203006566, 0.003256312571465969, -4.108450229978189e-05, -0.0017546805320307612, 0.0005607193452306092, -0.0016441367333754897, 0.00015010082279331982, 0.0007962373201735318, -0.001288633095100522], [-0.00026925423298962414, -0.0004524995747487992, -0.00015842594439163804, -3.1813240639166906e-05, 0.0002776710025500506, -4.108450229978189e-05, 0.00413387781009078, -0.0011745934607461095, -0.0007749984506517649, -0.0005449604359455407, -0.001352792838588357, 0.0007650414481759071, 6.270911399042234e-05], [0.00010935935279121622, -4.435973460203968e-05, -0.0005171913071535528, -0.0009671165607869625, -0.0005208517541177571, -0.0017546805320307612, -0.0011745934607461095, 0.007504925597459078, -0.001086699077859521, -0.0005614911788143218, 0.0011124195298179984, -0.0011347965337336063, -0.0003893775283358991], [-0.00015575830184388906, -0.0003628736303653568, 0.000383504549972713, 0.00029896909836679697, -0.001611981657333672, 0.0005607193452306092, -0.0007749984506517649, -0.001086699077859521, 0.007054769434034824, -0.0031753804069012403, -0.0003260663361288607, 0.0012348603922873735, -0.00037869144580326974], [-0.00013497177860699594, 0.0005335017340257764, -8.133553637890145e-05, -9.374707587994635e-05, 0.00034778343979269266, -0.0016441367333754897, -0.0005449604359455407, -0.0005614911788143218, -0.0031753804069012403, 0.011530203744769096, -0.003076050663366914, -0.0005865128478035331, 0.0009695194312371314], [-4.9871348892338574e-05, -0.0005223062471486628, -0.00046589417615905404, -0.0004835368599742651, -0.00038009166019037366, 0.00015010082279331982, -0.001352792838588357, 0.0011124195298179984, -0.0003260663361288607, -0.003076050663366914, 0.01159143541008234, -0.0036081618163734674, 0.00035163943539373577], [0.0001797156292013824, -0.00040936877485364676, -0.0006685109692625701, 0.00023147862521000206, -0.0011235614074394107, 0.0007962373201735318, 0.0007650414481759071, -0.0011347965337336063, 0.0012348603922873735, -0.0005865128478035331, -0.0036081618163734674, 0.013961750082671642, -0.004719400312751532], [9.9708660854958e-05, 0.0003322537522763014, 0.0006387174944393337, -0.0001477073528803885, -0.00015039907884784043, -0.001288633095100522, 6.270911399042234e-05, -0.0003893775283358991, -0.00037869144580326974, 0.0009695194312371314, 0.00035163943539373577, -0.004719400312751532, 0.010653940960764885]], "metadata.audio_properties.analysis.downmix": "mix", "metadata.audio_properties.codec": "mp3", "metadata.audio_properties.md5_encoded": "1b70488fc4bcd7ea83629b95d1546801", "metadata.tags.file_name": "1182256253494378526.mp3", "metadata.version.essentia": "2.1-beta6-dev", "metadata.version.essentia_git_sha": "v2.1_beta5-1110-g77a6a954", "metadata.version.extractor