{"song_id": "1182271452444114964", "download": "https://cdn.discordapp.com/attachments/1135903449314238464/1182271452444114964/chirp.mp4?ex=65841717&amp", "lyrics": "[verse]\n\u5728\u67d0\u4e2a\u591c\u665a \u6211\u542c\u5230\u4e86\u6d41\u884c\u7684\u58f0\u97f3\n\u65cb\u5f8b\u8d77\u4f0f \u72c2\u70ed\u6fc0\u8361\u5fc3\u7684\u6bcf\u4e00\u5bf8\n\u6b22\u547c\u6b4c\u58f0 \u56db\u6e85\u6d12\u843d\u4eba\u5fc3\u5e95\n\u8fd9\u5c31\u662fpop\u97f3\u4e50\u7684\u9b45\u529b \u65e0\u4eba\u53ef\u4ee5\u62b5\u6321\n\n[chorus]\nYa Ya Ya \u5531\u8d77\u6765\n\u4e00\u8d77\u6447\u6446\u5230\u6700\u9ad8\u70b9\n\u4efb\u4f55\u65f6\u5019 \u65e0\u8bba\u5929\u6daf\u6d77\u89d2\n\u6211\u4eec\u5171\u4eab\u8fd9\u52a8\u542c\u65cb\u5f8b", "style": ["random"], "essentia_features": {"lowlevel.average_loudness": 0.9814907312393188, "lowlevel.barkbands_crest.mean": 11.044363975524902, "lowlevel.barkbands_crest.stdev": 4.45182466506958, "lowlevel.barkbands_flatness_db.mean": 0.10535335540771484, "lowlevel.barkbands_flatness_db.stdev": 0.03640420734882355, "lowlevel.barkbands_kurtosis.mean": 3.1409072875976562, "lowlevel.barkbands_kurtosis.stdev": 5.752143383026123, "lowlevel.barkbands_skewness.mean": 1.546926736831665, "lowlevel.barkbands_skewness.stdev": 1.1264911890029907, "lowlevel.barkbands_spread.mean": 35.43072509765625, "lowlevel.barkbands_spread.stdev": 17.366348266601562, "lowlevel.dissonance.mean": 0.46566352248191833, "lowlevel.dissonance.stdev": 0.023661978542804718, "lowlevel.dynamic_complexity": 1.3551099300384521, "lowlevel.erbbands_crest.mean": 8.01555347442627, "lowlevel.erbbands_crest.stdev": 4.113548755645752, "lowlevel.erbbands_flatness_db.mean": 0.11264219135046005, "lowlevel.erbbands_flatness_db.stdev": 0.03202500566840172, "lowlevel.erbbands_kurtosis.mean": 0.1100243628025055, "lowlevel.erbbands_kurtosis.stdev": 1.8937608003616333, "lowlevel.erbbands_skewness.mean": 0.1902117133140564, "lowlevel.erbbands_skewness.stdev": 0.7634903788566589, "lowlevel.erbbands_spread.mean": 55.891170501708984, "lowlevel.erbbands_spread.stdev": 23.4141788482666, "lowlevel.hfc.mean": 45.99766540527344, "lowlevel.hfc.stdev": 25.558094024658203, "lowlevel.loudness_ebu128.integrated": -11.304359436035156, "lowlevel.loudness_ebu128.loudness_range": 1.1916418075561523, "lowlevel.loudness_ebu128.momentary.mean": -11.388810157775879, "lowlevel.loudness_ebu128.momentary.stdev": 0.8862571120262146, "lowlevel.loudness_ebu128.short_term.mean": -11.302462577819824, "lowlevel.loudness_ebu128.short_term.stdev": 0.46032506227493286, "lowlevel.melbands_crest.mean": 16.871070861816406, "lowlevel.melbands_crest.stdev": 5.691997528076172, "lowlevel.melbands_flatness_db.mean": 0.16978752613067627, "lowlevel.melbands_flatness_db.stdev": 0.05426966771483421, "lowlevel.melbands_kurtosis.mean": 18.031543731689453, "lowlevel.melbands_kurtosis.stdev": 23.017114639282227, "lowlevel.melbands_skewness.mean": 3.2833292484283447, "lowlevel.melbands_skewness.stdev": 1.911684274673462, "lowlevel.melbands_spread.mean": 29.647924423217773, "lowlevel.melbands_spread.stdev": 22.10640525817871, "lowlevel.pitch_salience.mean": 0.4923499524593353, "lowlevel.pitch_salience.stdev": 0.12256838381290436, "lowlevel.silence_rate_20dB.mean": 1.0, "lowlevel.silence_rate_20dB.stdev": 0.0, "lowlevel.silence_rate_30dB.mean": 0.9443255066871643, "lowlevel.silence_rate_30dB.stdev": 0.22929270565509796, "lowlevel.silence_rate_60dB.mean": 0.007137758657336235, "lowlevel.silence_rate_60dB.stdev": 0.08418349921703339, "lowlevel.spectral_centroid.mean": 1764.7027587890625, "lowlevel.spectral_centroid.stdev": 701.7587280273438, "lowlevel.spectral_complexity.mean": 24.38401222229004, "lowlevel.spectral_complexity.stdev": 9.032468795776367, "lowlevel.spectral_decrease.mean": -1.2133500426614319e-08, "lowlevel.spectral_decrease.stdev": 7.194371320906612e-09, "lowlevel.spectral_energy.mean": 0.049966782331466675, "lowlevel.spectral_energy.stdev": 0.02760370634496212, "lowlevel.spectral_energyband_high.mean": 0.003813784336671233, "lowlevel.spectral_energyband_high.stdev": 0.003118492430076003, "lowlevel.spectral_energyband_low.mean": 0.025882938876748085, "lowlevel.spectral_energyband_low.stdev": 0.026525799185037613, "lowlevel.spectral_energyband_middle_high.mean": 0.007935200817883015, "lowlevel.spectral_energyband_middle_high.stdev": 0.0074959732592105865, "lowlevel.spectral_energyband_middle_low.mean": 0.013385862112045288, "lowlevel.spectral_energyband_middle_low.stdev": 0.012614759616553783, "lowlevel.spectral_entropy.mean": 8.05215072631836, "lowlevel.spectral_entropy.stdev": 0.26384854316711426, "lowlevel.spectral_flux.mean": 0.11285768449306488, "lowlevel.spectral_flux.stdev": 0.06297092884778976, "lowlevel.spectral_kurtosis.mean": 1.6651533842086792, "lowlevel.spectral_kurtosis.stdev": 0.9466564059257507, "lowlevel.spectral_rms.mean": 0.0067222584038972855, "lowlevel.spectral_rms.stdev": 0.0018866180907934904, "lowlevel.spectral_rolloff.mean": 2212.111572265625, "lowlevel.spectral_rolloff.stdev": 2189.2265625, "lowlevel.spectral_skewness.mean": 1.0985523462295532, "lowlevel.spectral_skewness.stdev": 0.27089375257492065, "lowlevel.spectral_spread.mean": 6653201.5, "lowlevel.spectral_spread.stdev": 1182164.5, "lowlevel.spectral_strongpeak.mean": 1.0083975791931152, "lowlevel.spectral_strongpeak.stdev": 1.2818444967269897, "lowlevel.zerocrossingrate.mean": 0.09012744575738907, "lowlevel.zerocrossingrate.stdev": 0.04662749543786049, "metadata.audio_properties.analysis.equal_loudness": 0.0, "metadata.audio_properties.analysis.length": 32.490657806396484, "metadata.audio_properties.analysis.sample_rate": 44100.0, "metadata.audio_properties.analysis.start_time": 0.0, "metadata.audio_properties.bit_rate": 119386.0, "metadata.audio_properties.length": 32.490665435791016, "metadata.audio_properties.lossless": 0.0, "metadata.audio_properties.number_channels": 1.0, "metadata.audio_properties.replay_gain": -13.581300735473633, "metadata.audio_properties.sample_rate": 48000.0, "rhythm.beats_count": 64.0, "rhythm.beats_loudness.mean": 0.07243303209543228, "rhythm.beats_loudness.stdev": 0.030501041561365128, "rhythm.bpm": 118.00933074951172, "rhythm.bpm_histogram_first_peak_bpm": 117.0, "rhythm.bpm_histogram_first_peak_weight": 0.20338982343673706, "rhythm.bpm_histogram_second_peak_bpm": 126.0, "rhythm.bpm_histogram_second_peak_spread": 0.25, "rhythm.bpm_histogram_second_peak_weight": 0.0476190485060215, "rhythm.danceability": 1.5464801788330078, "rhythm.onset_rate": 3.968261480331421, "tonal.chords_changes_rate": 0.058487873524427414, "tonal.chords_number_rate": 0.014265335164964199, "tonal.chords_strength.mean": 0.4981920123100281, "tonal.chords_strength.stdev": 0.07971759140491486, "tonal.hpcp_crest.mean": 16.58328628540039, "tonal.hpcp_crest.stdev": 7.725952625274658, "tonal.hpcp_entropy.mean": 1.6388044357299805, "tonal.hpcp_entropy.stdev": 0.7268418073654175, "tonal.key_edma.strength": 0.6964384913444519, "tonal.key_krumhansl.strength": 0.7001051306724548, "tonal.key_temperley.strength": 0.6978276371955872, "tonal.tuning_diatonic_strength": 0.5590547919273376, "tonal.tuning_equal_tempered_deviation": 0.020781707018613815, "tonal.tuning_frequency": 439.74591064453125, "tonal.tuning_nontempered_energy_ratio": 0.6465636491775513, "lowlevel.barkbands.mean": [0.0014883956173434854, 0.016078904271125793, 0.00736427353695035, 0.0027487820480018854, 0.0026655548717826605, 0.002813078463077545, 0.0024871916975826025, 0.0007706598262302577, 0.0017412023153156042, 0.0017269840463995934, 0.0015785100404173136, 0.001179209561087191, 0.0005338442861102521, 0.0010217954404652119, 0.00038821142516098917, 0.0003562524216249585, 0.0003311996697448194, 0.00030749879078939557, 0.00037664728006348014, 0.0004589949385263026, 0.0008195196278393269, 0.0007105867844074965, 0.0007266782340593636, 0.0005825493135489523, 0.0004795430286321789, 0.00022430162061937153, 6.466296781582059e-06], "lowlevel.barkbands.stdev": [0.0018101884052157402, 0.02115393802523613, 0.012956056743860245, 0.007437101099640131, 0.004684807732701302, 0.004162399563938379, 0.004356571473181248, 0.0018808365566655993, 0.0031150132417678833, 0.003509199246764183, 0.004374728072434664, 0.0026622479781508446, 0.0008158939308486879, 0.001913919928483665, 0.0006753078778274357, 0.0005646910285577178, 0.00041225901804864407, 0.00040969796827994287, 0.00041146588046103716, 0.0004251610953360796, 0.000741818395908922, 0.0006752643384970725, 0.0007557194330729544, 0.0005966403405182064, 0.0004765360790770501, 0.0002273756399517879, 1.0159804332943168e-05], "lowlevel.erbbands.mean": [0.5043232440948486, 3.493288040161133, 8.55453109741211, 8.705157279968262, 8.668091773986816, 8.642573356628418, 16.160003662109375, 25.19025421142578, 36.72353744506836, 26.118873596191406, 20.296377182006836, 32.46147155761719, 56.591339111328125, 48.7173957824707, 61.00168991088867, 38.45195770263672, 28.101192474365234, 34.797969818115234, 40.12560272216797, 20.034709930419922, 19.713327407836914, 20.59552764892578, 15.436421394348145, 20.157913208007812, 18.980709075927734, 20.866971969604492, 33.06374740600586, 29.511180877685547, 26.36563491821289, 23.38450813293457, 19.446353912353516, 13.565291404724121, 9.297311782836914, 6.158537864685059, 2.8835206031799316, 1.2668135166168213, 0.3571784794330597, 0.04192858561873436, 0.0009899327997118235, 0.00010212219785898924], "lowlevel.erbbands.stdev": [0.7389327883720398, 4.530677795410156, 12.24979019165039, 18.21830940246582, 23.971803665161133, 14.860525131225586, 25.079179763793945, 40.30564498901367, 66.5681381225586, 67.26702117919922, 36.68299102783203, 60.64205551147461, 91.9359359741211, 76.45281219482422, 136.92312622070312, 75.79493713378906, 45.53437042236328, 56.3541259765625, 72.91556549072266, 26.657085418701172, 23.001136779785156, 25.509464263916016, 19.24014663696289, 23.935386657714844, 19.81865692138672, 18.22481346130371, 30.778846740722656, 26.915401458740234, 25.001144409179688, 23.89068031311035, 20.056304931640625, 14.05533504486084, 9.68936824798584, 6.35219144821167, 2.9132273197174072, 1.3332536220550537, 0.3688056766986847, 0.0462375208735466, 0.0010821602772921324, 5.552429138333537e-05], "lowlevel.gfcc.mean": [69.88434600830078, 47.19414138793945, -95.87519073486328, 38.27605438232422, -65.3388900756836, 31.04896354675293, -32.459083557128906, 16.312801361083984, -25.531179428100586, 14.594767570495605, -18.76081657409668, 9.003411293029785, -9.061721801757812], "lowlevel.melbands.mean": [0.004573557060211897, 0.004361181054264307, 0.0015526374336332083, 0.0005870628519915044, 0.0005319563206285238, 0.0005908292951062322, 0.0005209532100707293, 0.00025059370091184974, 0.00017848453717306256, 0.00021583186753559858, 0.00030074865208007395, 0.00021326301794033498, 0.00023110305482987314, 0.00012356876686681062, 9.728968871058896e-05, 5.041800977778621e-05, 6.933079566806555e-05, 7.88684410508722e-05, 3.085313073825091e-05, 2.424070771667175e-05, 2.1471860236488283e-05, 2.2261854610405862e-05, 1.4048125194676686e-05, 1.4755895790585782e-05, 1.6459798644063994e-05, 1.4346978787216358e-05, 1.3488640433934052e-05, 1.3629044588014949e-05, 1.9788947611232288e-05, 2.0990728444303386e-05, 1.5789233657415025e-05, 1.5143704331421759e-05, 1.3114032299199607e-05, 1.3347145795705728e-05, 1.1385557627363596e-05, 9.949162631528452e-06, 7.700147762079723e-06, 6.6857633100880776e-06, 5.707426680601202e-06, 5.01419117426849e-06], "lowlevel.melbands.stdev": [0.006220821291208267, 0.0050895377062261105, 0.0031984613742679358, 0.001194957410916686, 0.0007635235087946057, 0.0008552347426302731, 0.0008817474590614438, 0.0006508624646812677, 0.00030173163395375013, 0.00042230176040902734, 0.0005050615291111171, 0.0003349335165694356, 0.0006268755532801151, 0.00030910121859051287, 0.0002612853713799268, 8.186866762116551e-05, 0.0001132692486862652, 0.00016394634440075606, 5.508463073056191e-05, 5.087619138066657e-05, 2.495038279448636e-05, 2.9428327252389863e-05, 1.904428245325107e-05, 2.1120731616974808e-05, 2.0629910068237223e-05, 1.633585816307459e-05, 1.6807478459668346e-05, 1.2672268894675653e-05, 1.9400475139264017e-05, 2.0294852220104076e-05, 1.5124055607884657e-05, 1.4549296793120448e-05, 1.3717805813939776e-05, 1.4353939150169026e-05, 1.206941124110017e-05, 1.0798295079439413e-05, 8.169385182554834e-06, 7.1970662247622386e-06, 5.97694042880903e-06, 5.349123057385441e-06], "lowlevel.melbands128.mean": [0.00099939142819494, 0.0038615965750068426, 0.006414743606001139, 0.005380711052566767, 0.004789577331393957, 0.0032178941182792187, 0.0017337810713797808, 0.0013362417230382562, 0.0008235136047005653, 0.0005068204482086003, 0.00044936456833966076, 0.00047479989007115364, 0.000535066646989435, 0.0006552948034368455, 0.0005136506515555084, 0.0005366263794712722, 0.0007914741872809827, 0.00045855026110075414, 0.00026540743419900537, 0.00035428875708021224, 0.00017934241623152047, 0.00015940734010655433, 0.00014065306459087878, 0.00026076246285811067, 0.00018356283544562757, 0.00020275983843021095, 0.0002992550435010344, 0.0001782392937457189, 0.0005440383101813495, 0.0001576125214342028, 9.624420636100695e-05, 0.00027519831201061606, 0.00031690331525169313, 9.959804447134957e-05, 0.00021501882292795926, 8.013383921934292e-05, 5.504643195308745e-05, 0.00016262811550404876, 7.218553218990564e-05, 3.612601358327083e-05, 3.261480014771223e-05, 9.451957885175943e-05, 3.9078724512364715e-05, 4.127687498112209e-05, 0.000190524326171726, 4.2862582631642e-05, 2.6091536710737273e-05, 4.376894867164083e-05, 2.4450282580801286e-05, 1.954086110345088e-05, 2.9386672395048663e-05, 1.9987390260212123e-05, 2.851988210750278e-05, 1.8849814296117984e-05, 1.3516573744709603e-05, 3.0259732739068568e-05, 2.1143900085007772e-05, 1.3902072169003077e-05, 1.2377722669043578e-05, 1.1653944056888577e-05, 1.558733856654726e-05, 1.532530404801946e-05, 1.7216520063811913e-05, 1.5030466784082819e-05, 1.986362985917367e-05, 1.2829424122173805e-05, 1.2107325346732978e-05, 1.4565476703864988e-05, 1.3321307960723061e-05, 1.3119100003677886e-05, 1.184788197861053e-05, 1.4608575838792603e-05, 1.77745441760635e-05, 2.0747502276208252e-05, 2.2364560209098272e-05, 2.262728230562061e-05, 2.0225408661644906e-05, 1.6182881154236384e-05, 1.5400597476400435e-05, 1.484416497987695e-05, 1.550573688291479e-05, 1.494424941483885e-05, 1.4966967682994436e-05, 1.2780710676452145e-05, 1.1679470844683237e-05, 1.2767937732860446e-05, 1.471544055675622e-05, 1.3202101399656385e-05, 1.0612254300212953e-05, 1.0373400982643943e-05, 1.1155123502248898e-05, 9.884745850285981e-06, 8.047448318393435e-06, 7.690459824516438e-06, 7.425483545375755e-06, 6.917186510690954e-06, 6.784042852814309e-06, 6.016756742610596e-06, 5.493441221915418e-06, 5.563478225667495e-06, 5.847276497661369e-06, 4.693057235272136e-06, 4.556386556942016e-06, 3.679409928736277e-06, 3.0973444609116996e-06, 2.61157629211084e-06, 2.7747971671487903e-06, 2.6779498512041755e-06, 2.1497869511222234e-06, 1.859495341705042e-06, 1.5892155715846457e-06, 1.20685035653878e-06, 1.1722062254193588e-06, 8.814254215394612e-07, 5.949294177298725e-07, 4.1087022850661015e-07, 2.3019117634248687e-07, 4.382502893918172e-08, 1.5775892814318127e-09, 1.7361223569878348e-11, 1.6030553620649535e-11, 1.3956358638211874e-11, 1.2475916133514175e-11, 1.1917619668899704e-11, 1.1121978338302085e-11, 8.380166352517371e-12, 6.5917622922573305e-12, 6.2678985265907095e-12], "lowlevel.melbands128.stdev": [0.0014318182365968823, 0.005993841681629419, 0.00998561829328537, 0.0071030003018677235, 0.0062729427590966225, 0.0063626873306930065, 0.003963885363191366, 0.0041142236441373825, 0.002569629345089197, 0.0011225839843973517, 0.0009483825997449458, 0.0009085084893740714, 0.001032019965350628, 0.0012747057480737567, 0.0010132649913430214, 0.0012947863433510065, 0.001697303494438529, 0.0009480587323196232, 0.0007887878455221653, 0.0012233738088980317, 0.000522095535416156, 0.0005910532199777663, 0.00029982603155076504, 0.0005338863702490926, 0.0005675176507793367, 0.0006448592175729573, 0.0008430409361608326, 0.0003645044344011694, 0.0012424042215570807, 0.00032852424192242324, 0.0003243856772314757, 0.0008744550868868828, 0.001124324044212699, 0.00028104701777920127, 0.0007116359192878008, 0.00021737215865869075, 0.00017791269056033343, 0.0005687864613719285, 0.00018003815785050392, 8.629856893094257e-05, 5.7983103033620864e-05, 0.0002774152089841664, 8.947298192651942e-05, 7.826879300409928e-05, 0.0004939702339470387, 9.679738286649808e-05, 9.344606223748997e-05, 0.0001128056610468775, 4.1813607822405174e-05, 3.15611541736871e-05, 0.0001083597308024764, 3.1821797165321186e-05, 4.909685958409682e-05, 2.3440932636731304e-05, 2.329244489374105e-05, 5.0440517952665687e-05, 3.859657226712443e-05, 2.4397555534960702e-05, 2.218422196165193e-05, 1.5487021300941706e-05, 3.23170970659703e-05, 2.4572245820309035e-05, 3.240943988203071e-05, 2.0568886611727066e-05, 3.7939178582746536e-05, 1.8428145267535e-05, 1.5315563359763473e-05, 2.4805178327369504e-05, 1.992242869164329e-05, 1.5153458662098274e-05, 1.3513034900825005e-05, 1.6646205040160567e-05, 2.0088136807316914e-05, 2.7750003937399015e-05, 2.8816493795602582e-05, 2.498266621842049e-05, 2.2962645743973553e-05, 1.8613563952385448e-05, 1.669502307777293e-05, 1.6595546185271814e-05, 1.6719561244826764e-05, 1.629831785976421e-05, 1.7434622350265272e-05, 1.533404974907171e-05, 1.3398012924881186e-05, 1.502867689850973e-05, 1.7973454305320047e-05, 1.6903764844755642e-05, 1.2218295523780398e-05, 1.2050750228809193e-05, 1.3399803719948977e-05, 1.1926708793907892e-05, 9.385680641571525e-06, 9.133010280493181e-06, 8.733208233024925e-06, 8.072132004599553e-06, 8.159256140061188e-06, 7.500833362428239e-06, 6.375766133714933e-06, 6.287415544647956e-06, 6.815005690441467e-06, 5.485438578034518e-06, 5.230231181485578e-06, 4.3158206608495675e-06, 3.584699697967153e-06, 3.046341589652002e-06, 3.157416358590126e-06, 3.1673132525611436e-06, 2.7311325538903475e-06, 2.1310906959115528e-06, 1.8358628040004987e-06, 1.395826416228374e-06, 1.4176443983160425e-06, 1.1384227036614902e-06, 7.350351438617508e-07, 5.576397938966693e-07, 3.414017157865601e-07, 1.3945597743258986e-07, 1.9297026199183165e-08, 1.879549155203719e-10, 1.7107157357365566e-10, 1.2904767532351258e-10, 1.0848357628878702e-10, 1.0157522045695089e-10, 9.054258037766161e-11, 4.2432977270800976e-11, 1.0485959323069949e-11, 8.310245720732912e-12], "lowlevel.mfcc.mean": [-578.2780151367188, 79.67218017578125, 23.168489456176758, 16.842296600341797, -0.013260971754789352, 14.396418571472168, 6.58085823059082, 4.861324787139893, 6.1901469230651855, 3.2519288063049316, 0.030687211081385612, 1.7983677387237549, 1.1236463785171509], "lowlevel.spectral_contrast_coeffs.mean": [-0.7067562937736511, -0.7181593179702759, -0.7283792495727539, -0.7894636392593384, -0.8050450682640076, -0.7521839141845703], "lowlevel.spectral_contrast_coeffs.stdev": [0.08123151957988739, 0.08075734972953796, 0.07884999364614487, 0.05008174851536751, 0.02735842578113079, 0.02819899097084999], "lowlevel.spectral_contrast_valleys.mean": [-6.465376853942871, -6.7137346267700195, -7.1230010986328125, -7.2653679847717285, -6.8743181228637695, -8.865808486938477], "lowlevel.spectral_contrast_valleys.stdev": [0.8493087887763977, 0.573043704032898, 0.5176968574523926, 0.4581952691078186, 0.49398329854011536, 0.626398503780365], "rhythm.beats_loudness_band_ratio.mean": [0.639539361000061, 0.06054479628801346, 0.09040546417236328, 0.07027482241392136, 0.04106202349066734, 0.1168486624956131], "rhythm.beats_loudness_band_ratio.stdev": [0.20119306445121765, 0.05879310145974159, 0.0945720449090004, 0.06957877427339554, 0.03146322816610336, 0.10849887132644653], "tonal.hpcp.mean": [0.1342412382364273, 0.07674810290336609, 0.06331348419189453, 0.06961473822593689, 0.0690033808350563, 0.13188710808753967, 0.20078404247760773, 0.13242200016975403, 0.06590401381254196, 0.06679588556289673, 0.07633674144744873, 0.13177740573883057, 0.17531514167785645, 0.1137528344988823, 0.04568317532539368, 0.03353165462613106, 0.03345281258225441, 0.10790944844484329, 0.158890962600708, 0.08857018500566483, 0.07268071174621582, 0.1108345314860344, 0.07612533867359161, 0.034085094928741455, 0.03222653642296791, 0.033169589936733246, 0.08458539843559265, 0.12797681987285614, 0.0745445266366005, 0.036559898406267166, 0.0390930138528347, 0.04644389450550079, 0.22262553870677948, 0.3762117028236389, 0.23845802247524261, 0.14497330784797668], "tonal.hpcp.stdev": [0.28976908326148987, 0.2015179544687271, 0.17275790870189667, 0.18256744742393494, 0.17481905221939087, 0.2411567121744156, 0.33865997195243835, 0.24033679068088531, 0.16513320803642273, 0.1666283905506134, 0.18671414256095886, 0.2448045015335083, 0.28795844316482544, 0.212046280503273, 0.13934317231178284, 0.12562687695026398, 0.11561071127653122, 0.22268973290920258, 0.28434398770332336, 0.16685158014297485, 0.1642659604549408, 0.22678059339523315, 0.1826983094215393, 0.12015575915575027, 0.12007340043783188, 0.12032227218151093, 0.17744766175746918, 0.25288182497024536, 0.16106624901294708, 0.11881181597709656, 0.12408831715583801, 0.13827858865261078, 0.26896822452545166, 0.4019943177700043, 0.2874864935874939, 0.278712660074234], "rhythm.beats_position": [0.4527890980243683, 0.9287981986999512, 1.3931972980499268, 1.8692063093185425, 2.345215320587158, 2.8444442749023438, 3.3436734676361084, 3.8545124530792236, 4.36535120010376, 4.876190185546875, 5.38702917098999, 5.8978681564331055, 6.408707141876221, 6.9079365730285645, 7.40716552734375, 7.918004512786865, 8.42884349822998, 8.939682006835938, 9.450521469116211, 9.961359977722168, 10.472199440002441, 10.983037948608398, 11.493877410888672, 11.9931058883667, 12.503945350646973, 13.014784812927246, 13.514013290405273, 14.024852752685547, 14.535691261291504, 15.046530723571777, 15.557369232177734, 16.068208694458008, 16.57904815673828, 17.089885711669922, 17.600725173950195, 18.09995460510254, 18.599184036254883, 19.110021591186523, 19.620861053466797, 20.13170051574707, 20.642539978027344, 21.153377532958984, 21.664216995239258, 22.1634464263916, 22.662675857543945, 23.173513412475586, 23.68435287475586, 24.195192337036133, 24.706031799316406, 25.216869354248047, 25.72770881652832, 26.238548278808594, 26.749387741088867, 27.26022720336914, 27.75945472717285, 28.258684158325195, 28.76952362060547, 29.280363082885742, 29.791200637817383, 30.302040100097656, 30.81287956237793, 31.323719024658203, 31.834556579589844, 32.34539794921875], "rhythm.bpm_histogram": [0.0, 0.0, 0.0, 0.0, 0.0, 0.0, 0.0, 0.0, 0.0, 0.0, 0.0, 0.0, 0.0, 0.0, 0.0, 0.0, 0.0, 0.0, 0.0, 0.0, 0.0, 0.0, 0.0, 0.0, 0.0, 0.0, 0.0, 0.0, 0.0, 0.0, 0.0, 0.0, 0.0, 0.0, 0.0, 0.0, 0.0, 0.0, 0.0, 0.0, 0.0, 0.0, 0.0, 0.0, 0.0, 0.0, 0.0, 0.0, 0.0, 0.0, 0.0, 0.0, 0.0, 0.0, 0.0, 0.0, 0.0, 0.0, 0.0, 0.0, 0.0, 0.0, 0.0, 0.0, 0.0, 0.0, 0.0, 0.0, 0.0, 0.0, 0.0, 0.0, 0.0, 0.0, 0.0, 0.0, 0.0, 0.0, 0.0, 0.0, 0.0, 0.0, 0.0, 0.0, 0.0, 0.0, 0.0, 0.0, 0.0, 0.0, 0.0, 0.0, 0.0, 0.0, 0.0, 0.0, 0.0, 0.0, 0.0, 0.0, 0.0, 0.0, 0.0, 0.0, 0.0, 0.0, 0.0, 0.0, 0.0, 0.0, 0.0, 0.0, 0.0, 0.0, 0.0, 0.0, 0.0, 0.7460317611694336, 0.0, 0.0, 0.190476194024086, 0.0, 0.0, 0.0, 0.0, 0.0, 0.0476190485060215, 0.0, 0.0, 0.01587301678955555, 0.0, 0.0, 0.0, 0.0, 0.0, 0.0, 0.0, 0.0, 0.0, 0.0, 0.0, 0.0, 0.0, 0.0, 0.0, 0.0, 0.0, 0.0, 0.0, 0.0, 0.0, 0.0, 0.0, 0.0, 0.0, 0.0, 0.0, 0.0, 0.0, 0.0, 0.0, 0.0, 0.0, 0.0, 0.0, 0.0, 0.0, 0.0, 0.0, 0.0, 0.0, 0.0, 0.0, 0.0, 0.0, 0.0, 0.0, 0.0, 0.0, 0.0, 0.0, 0.0, 0.0, 0.0, 0.0, 0.0, 0.0, 0.0, 0.0, 0.0, 0.0, 0.0, 0.0, 0.0, 0.0, 0.0, 0.0, 0.0, 0.0, 0.0, 0.0, 0.0, 0.0, 0.0, 0.0, 0.0, 0.0, 0.0, 0.0, 0.0, 0.0, 0.0, 0.0, 0.0, 0.0, 0.0, 0.0, 0.0, 0.0, 0.0, 0.0, 0.0, 0.0, 0.0, 0.0, 0.0, 0.0, 0.0, 0.0, 0.0, 0.0, 0.0, 0.0, 0.0, 0.0, 0.0, 0.0, 0.0, 0.0, 0.0, 0.0, 0.0, 0.0, 0.0, 0.0, 0.0, 0.0, 0.0, 0.0, 0.0], "tonal.chords_histogram": [32.66761779785156, 7.275321006774902, 25.677602767944336, 6.419400691986084, 0.0, 8.273894309997559, 0.0, 4.4222540855407715, 0.14265334606170654, 5.420827388763428, 0.0, 0.0, 0.0, 0.0, 0.0, 0.0, 0.0, 0.0, 1.1412267684936523, 0.0, 0.0, 0.0, 4.136947154998779, 4.4222540855407715], "tonal.thpcp": [1.0, 0.6338399648666382, 0.3853503465652466, 0.3568236529827118, 0.20400243997573853, 0.16829216480255127, 0.1850413978099823, 0.18341636657714844, 0.35056620836257935, 0.533699631690979, 0.3519879877567291, 0.17517800629138947, 0.17754866182804108, 0.20290900766849518, 0.35027459263801575, 0.4660013020038605, 0.30236390233039856, 0.1214294359087944, 0.0891297459602356, 0.08892018347978592, 0.28683170676231384, 0.4223445653915405, 0.23542645573616028, 0.19319099187850952, 0.2946068048477173, 0.20234708487987518, 0.09060083329677582, 0.08566064387559891, 0.08816735446453094, 0.22483457624912262, 0.34017235040664673, 0.19814515113830566, 0.09717905521392822, 0.10391227155923843, 0.12345148622989655, 0.5917560458183289], "lowlevel.gfcc.cov": [[2201.73828125, 204.98301696777344, 215.56658935546875, 219.15780639648438, -10.336653709411621, 102.24429321289062, -10.653497695922852, 12.501721382141113, -33.1395378112793, -65.54852294921875, -91.4568862915039, -48.079776763916016, -80.18750762939453], [204.98301696777344, 732.7162475585938, 103.5547866821289, -23.497100830078125, 266.86199951171875, 104.64795684814453, 144.2229766845703, 16.81455421447754, 49.112579345703125, 57.185691833496094, 21.351865768432617, -33.314815521240234, 46.4088249206543], [215.56658935546875, 103.5547866821289, 433.89410400390625, 248.54412841796875, 120.93677520751953, 37.1204833984375, -33.622283935546875, 17.55880355834961, 6.74405574798584, -29.1282901763916, -40.25857162475586, -22.52901268005371, -72.12384796142578], [219.15780639648438, -23.497100830078125, 248.54412841796875, 395.442138671875, 81.15449523925781, 2.5622003078460693, -21.896835327148438, 58.690059661865234, 31.194744110107422, -43.3023567199707, -25.7923641204834, -11.624151229858398, -44.3343391418457], [-10.336653709411621, 266.86199951171875, 120.93677520751953, 81.15449523925781, 273.1128234863281, 141.8438720703125, 110.3029556274414, 20.80443572998047, 33.65394973754883, 38.0809211730957, 3.3710155487060547, -24.63090705871582, 11.480999946594238], [102.24429321289062, 104.64795684814453, 37.1204833984375, 2.5622003078460693, 141.8438720703125, 253.86863708496094, 135.82186889648438, -14.098745346069336, -5.500550270080566, 21.682729721069336, -4.837030410766602, -42.75584411621094, 0.08850926905870438], [-10.653497695922852, 144.2229766845703, -33.622283935546875, -21.896835327148438, 110.3029556274414, 135.82186889648438, 173.81529235839844, 43.2205696105957, 24.49159049987793, 36.08323669433594, 14.201690673828125, -16.8680362701416, 21.106504440307617], [12.501721382141113, 16.81455421447754, 17.55880355834961, 58.690059661865234, 20.80443572998047, -14.098745346069336, 43.2205696105957, 129.87164306640625, 77.8727798461914, 10.232844352722168, 12.312877655029297, 10.122931480407715, 3.4393250942230225], [-33.1395378112793, 49.112579345703125, 6.74405574798584, 31.194744110107422, 33.65394973754883, -5.500550270080566, 24.49159049987793, 77.8727798461914, 96.90998077392578, 42.07695770263672, 22.17395782470703, 7.577463626861572, 7.681010723114014], [-65.54852294921875, 57.185691833496094, -29.1282901763916, -43.3023567199707, 38.0809211730957, 21.682729721069336, 36.08323669433594, 10.232844352722168, 42.07695770263672, 90.65968322753906, 59.45360565185547, 18.51410484313965, 21.092546463012695], [-91.4568862915039, 21.351865768432617, -40.25857162475586, -25.7923641204834, 3.3710155487060547, -4.837030410766602, 14.201690673828125, 12.312877655029297, 22.17395782470703, 59.45360565185547, 99.83441925048828, 59.579524993896484, 29.29026985168457], [-48.079776763916016, -33.314815521240234, -22.52901268005371, -11.624151229858398, -24.63090705871582, -42.75584411621094, -16.8680362701416, 10.122931480407715, 7.577463626861572, 18.51410484313965, 59.579524993896484, 79.28984832763672, 35.35712432861328], [-80.18750762939453, 46.4088249206543, -72.12384796142578, -44.3343391418457, 11.480999946594238, 0.08850926905870438, 21.106504440307617, 3.4393250942230225, 7.681010723114014, 21.092546463012695, 29.29026985168457, 35.35712432861328, 85.74005889892578]], "lowlevel.gfcc.icov": [[0.0006712039466947317, -0.0007074297755025327, 0.00022325306781567633, -0.0006296600331552327, 0.000981867895461619, -0.0010738844284787774, 0.0007438870961777866, -0.0008070473559200764, 0.0009706321870908141, -0.0010390026727691293, 0.001549025415442884, -0.0012854901142418385, 0.0007613263442181051], [-0.0007074297755025327, 0.003743207547813654, -0.0016516884788870811, 0.0019271296914666891, -0.003564625047147274, 0.0031477264128625393, -0.00315116043202579, 0.002615506062284112, -0.0030764343682676554, 0.0032715778797864914, -0.004438375122845173, 0.004694178234785795, -0.002884520450606942], [0.00022325306781567633, -0.0016516884788870811, 0.0058547863736748695, -0.0030460285488516092, -0.0008347442490048707, -0.0024087135680019855, 0.003985497634857893, -0.0022891161497682333, 0.0028007826767861843, -0.0030805717688053846, 0.004410227760672569, -0.004675994161516428, 0.004606344737112522], [-0.0006296600331552327, 0.0019271296914666891, -0.0030460285488516092, 0.005846397951245308, -0.002839726163074374, 0.0020187189802527428, -0.0011260142782703042, 0.00028726941673085093, -0.0031331111676990986, 0.005270308814942837, -0.004433301743119955, 0.0033850637264549732, -0.0014246741775423288], [0.000981867895461619, -0.003564625047147274, -0.0008347442490048707, -0.002839726163074374, 0.011457760818302631, -0.004953060299158096, -0.0005432574544101954, -0.0007867221138440073, 0.0009059348958544433, -0.004904502537101507, 0.004767696373164654, -0.0032787027303129435, 0.0001620419352548197], [-0.0010738844284787774, 0.0031477264128625393, -0.0024087135680019855, 0.0020187189802527428, -0.004953060299158096, 0.012702963314950466, -0.010128617286682129, 0.006608450785279274, -0.003771048504859209, 0.005030778702348471, -0.006971782073378563, 0.008235922083258629, -0.0027264768723398447], [0.0007438870961777866, -0.00315116043202579, 0.003985497634857893, -0.0011260142782703042, -0.0005432574544101954, -0.010128617286682129, 0.019711611792445183, -0.011979279108345509, 0.008414922282099724, -0.007400905713438988, 0.004901641979813576, -0.003302566707134247, 0.001637264620512724], [-0.0008070473559200764, 0.002615506062284112, -0.0022891161497682333, 0.00028726941673085093, -0.0007867221138440073, 0.006608450785279274, -0.011979279108345509, 0.025066573172807693, -0.021858714520931244, 0.012244240380823612, -0.006651078816503286, 0.002580363303422928, -0.0017514928476884961], [0.0009706321870908141, -0.0030764343682676554, 0.0028007826767861843, -0.0031331111676990986, 0.0009059348958544433, -0.003771048504859209, 0.008414922282099724, -0.021858714520931244, 0.03472559154033661, -0.020213231444358826, 0.009257943369448185, -0.0041714999824762344, 0.002416057512164116], [-0.0010390026727691293, 0.0032715778797864914, -0.0030805717688053846, 0.005270308814942837, -0.004904502537101507, 0.005030778702348471, -0.007400905713438988, 0.012244240380823612, -0.020213231444358826, 0.03658854961395264, -0.025435416027903557, 0.013239886611700058, -0.004587298259139061], [0.001549025415442884, -0.004438375122845173, 0.004410227760672569, -0.004433301743119955, 0.004767696373164654, -0.006971782073378563, 0.004901641979813576, -0.006651078816503286, 0.009257943369448185, -0.025435416027903557, 0.041588764637708664, -0.030190270394086838, 0.007367705460637808], [-0.0012854901142418385, 0.004694178234785795, -0.004675994161516428, 0.0033850637264549732, -0.0032787027303129435, 0.008235922083258629, -0.003302566707134247, 0.002580363303422928, -0.0041714999824762344, 0.013239886611700058, -0.030190270394086838, 0.041877247393131256, -0.014625164680182934], [0.0007613263442181051, -0.002884520450606942, 0.004606344737112522, -0.0014246741775423288, 0.0001620419352548197, -0.0027264768723398447, 0.001637264620512724, -0.0017514928476884961, 0.002416057512164116, -0.004587298259139061, 0.007367705460637808, -0.014625164680182934, 0.0211491696536541]], "lowlevel.mfcc.cov": [[1704.9949951171875, -21.251436233520508, 180.73675537109375, 93.36215209960938, 19.583988189697266, 47.122493743896484, 4.5538859367370605, 72.2851791381836, 7.622311592102051, 9.80704116821289, -13.322399139404297, -34.84781265258789, -53.865230560302734], [-21.251436233520508, 755.3854370117188, -79.20874786376953, -46.2492790222168, 74.71202087402344, 122.7722396850586, 129.1598663330078, -15.377294540405273, 80.11609649658203, 68.5566635131836, 29.48910903930664, 7.79831600189209, 13.441701889038086], [180.73675537109375, -79.20874786376953, 320.7112731933594, 160.54513549804688, 108.90852355957031, 16.3522891998291, -27.18915367126465, 37.87953567504883, -15.35726261138916, -20.477333068847656, 12.98006534576416, 10.49474811553955, -18.095436096191406], [93.36215209960938, -46.2492790222168, 160.54513549804688, 306.7039794921875, 124.13384246826172, -35.760581970214844, -31.206832885742188, 49.58748245239258, 23.464468002319336, -8.516286849975586, 16.845544815063477, 31.107091903686523, 1.252241849899292], [19.583988189697266, 74.71202087402344, 108.90852355957031, 124.13384246826172, 174.3266143798828, 67.10527038574219, 27.24536895751953, 35.34748840332031, 30.57346534729004, 25.52950096130371, 13.575923919677734, 9.481792449951172, 9.316142082214355], [47.122493743896484, 122.7722396850586, 16.3522891998291, -35.760581970214844, 67.10527038574219, 226.75189208984375, 136.97586059570312, 15.890604019165039, 31.112293243408203, 52.00360870361328, 7.3779988288879395, -17.252986907958984, -4.7113728523254395], [4.5538859367370605, 129.1598663330078, -27.18915367126465, -31.206832885742188, 27.24536895751953, 136.97586059570312, 156.17520141601562, 37.77532196044922, 37.67764663696289, 44.81601333618164, 11.979265213012695, -2.1383092403411865, 3.6573164463043213], [72.2851791381836, -15.377294540405273, 37.87953567504883, 49.58748245239258, 35.34748840332031, 15.890604019165039, 37.77532196044922, 98.25074005126953, 48.277259826660156, 19.72324562072754, 13.235227584838867, 13.14086627960205, 2.869364023208618], [7.622311592102051, 80.11609649658203, -15.35726261138916, 23.464468002319336, 30.57346534729004, 31.112293243408203, 37.67764663696289, 48.277259826660156, 100.42025756835938, 64.66696166992188, 13.33957576751709, -2.1699767112731934, 2.9401891231536865], [9.80704116821289, 68.5566635131836, -20.477333068847656, -8.516286849975586, 25.52950096130371, 52.00360870361328, 44.81601333618164, 19.72324562072754, 64.66696166992188, 97.69132995605469, 31.963029861450195, -2.1064839363098145, 8.255946159362793], [-13.322399139404297, 29.48910903930664, 12.98006534576416, 16.845544815063477, 13.575923919677734, 7.3779988288879395, 11.979265213012695, 13.235227584838867, 13.33957576751709, 31.963029861450195, 70.39100646972656, 40.04552459716797, 9.368093490600586], [-34.84781265258789, 7.79831600189209, 10.49474811553955, 31.107091903686523, 9.481792449951172, -17.252986907958984, -2.1383092403411865, 13.14086627960205, -2.1699767112731934, -2.1064839363098145, 40.04552459716797, 84.14763641357422, 41.008121490478516], [-53.865230560302734, 13.441701889038086, -18.095436096191406, 1.252241849899292, 9.316142082214355, -4.7113728523254395, 3.6573164463043213, 2.869364023208618, 2.9401891231536865, 8.255946159362793, 9.368093490600586, 41.008121490478516, 72.43710327148438]], "lowlevel.mfcc.icov": [[0.0006858882843516767, -0.00013592241157311946, -0.00035556565853767097, -0.00022115484171081334, 0.0005374577012844384, -0.00037561371573247015, 0.0004019691259600222, -0.0007803601329214871, 0.0005041789845563471, -0.0005086890887469053, 0.0003574903530534357, 0.00010029874101746827, 0.0003018199931830168], [-0.00013592241157311946, 0.0020118060056120157, 0.0003503122425172478, 0.0005421352689154446, -0.0014862779062241316, 0.000529426266439259, -0.001929095946252346, 0.0022761980071663857, -0.0023209855426102877, 0.0010356100974604487, -0.0007935463218018413, -0.00031808987841941416, 9.54460192588158e-05], [-0.00035556565853767097, 0.0003503122425172478, 0.005715241655707359, -0.0016950019635260105, -0.0022689977195113897, -0.0015134220011532307, 0.0018973798723891377, -0.0016741983126848936, 0.001953450497239828, 0.0006501848693005741, -0.0010708075715228915, -7.839547470211983e-05, 0.0013209856115281582], [-0.00022115484171081334, 0.0005421352689154446, -0.0016950019635260105, 0.006821779999881983, -0.004685517400503159, 0.0027080243453383446, -0.0008747856481932104, 0.00021666850079782307, -0.0025778058916330338, 0.001682914444245398, -0.00023450428852811456, -0.0018146727234125137, 0.0009783852146938443], [0.0005374577012844384, -0.0014862779062241316, -0.0022689977195113897, -0.004685517400503159, 0.01327301561832428, -0.005143350455909967, 0.003150067524984479, -0.002776332199573517, 0.0009939338779076934, -0.0021542159374803305, 0.0006697634817101061, 0.0011883131228387356, -0.002455163048580289], [-0.00037561371573247015, 0.000529426266439259, -0.0015134220011532307, 0.0027080243453383446, -0.005143350455909967, 0.013372046872973442, -0.011413313448429108, 0.0040613459423184395, -0.0005232297698967159, -0.001637319684959948, 0.0004498186463024467, 0.0006642169319093227, 0.0009178065229207277], [0.0004019691259600222, -0.001929095946252346, 0.0018973798723891377, -0.0008747856481932104, 0.003150067524984479, -0.011413313448429108, 0.01966243050992489, -0.008638889528810978, 0.0028484531212598085, -0.00242470926605165, 0.0004957430064678192, -0.0005065832519903779, -0.00026861191145144403], [-0.0007803601329214871, 0.0022761980071663857, -0.0016741983126848936, 0.00021666850079782307, -0.002776332199573517, 0.0040613459423184395, -0.008638889528810978, 0.020934458822011948, -0.01254531554877758, 0.005428040400147438, -0.0022051092237234116, -0.0019187424331903458, 6.547124212374911e-05], [0.0005041789845563471, -0.0023209855426102877, 0.001953450497239828, -0.0025778058916330338, 0.0009939338779076934, -0.0005232297698967159, 0.0028484531212598085, -0.01254531554877758, 0.027968643233180046, -0.017541848123073578, 0.00570790795609355, -0.0004080899525433779, 0.0018863420700654387], [-0.0005086890887469053, 0.0010356100974604487, 0.0006501848693005741, 0.001682914444245398, -0.0021542159374803305, -0.001637319684959948, -0.00242470926605165, 0.005428040400147438, -0.017541848123073578, 0.028130076825618744, -0.014102074317634106, 0.007529970724135637, -0.00529231084510684], [0.0003574903530534357, -0.0007935463218018413, -0.0010708075715228915, -0.00023450428852811456, 0.0006697634817101061, 0.0004498186463024467, 0.0004957430064678192, -0.0022051092237234116, 0.00570790795609355, -0.014102074317634106, 0.028836112469434738, -0.016629815101623535, 0.0072158509865403175], [0.00010029874101746827, -0.00031808987841941416, -7.839547470211983e-05, -0.0018146727234125137, 0.0011883131228387356, 0.0006642169319093227, -0.0005065832519903779, -0.0019187424331903458, -0.0004080899525433779, 0.007529970724135637, -0.016629815101623535, 0.02805062010884285, -0.014433644711971283], [0.0003018199931830168, 9.54460192588158e-05, 0.0013209856115281582, 0.0009783852146938443, -0.002455163048580289, 0.0009178065229207277, -0.00026861191145144403, 6.547124212374911e-05, 0.0018863420700654387, -0.00529231084510684, 0.0072158509865403175, -0.014433644711971283, 0.02247590385377407]], "metadata.audio_properties.analysis.downmix": "mix", "metadata.audio_properties.codec": "mp3", "metadata.audio_properties.md5_encoded": "1b26fda50b5beef4857b2e4fa9a28a8b", "metadata.tags.file_name": "1182271452444114964.mp3", "metadata.version.essentia": "2.1-beta6-dev", "metadata.version.essentia_git_sha": "v2.1_beta5-1110-g77a6a954", "metadata.version.extractor": "music 2.0", "tonal.chords_key": "C#", "tonal.chords_scale": "minor", "tonal.key_