{"song_id": "1182276438259409006", "download": "https://cdn.discordapp.com/attachments/1135911532732108921/1182276438259409006/chirp.mp4?ex=65841bbc&amp", "lyrics": "In the gentle embrace of chillout melodies, time slows to a tranquil dance. Soft rhythms cradle the soul, weaving a tapestry of serenity. Each note is a whisper, carrying you to a realm where worries gently fade away. Close your eyes, let the soothing harmonies paint your imagination, and surrender to the calming breeze of sound. As melodies caress the air, find solace in the quiet echoes of peace. Feel the heartbeat of tranquility in every chord, creating a sanctuary where stress is but a distant memory. With each tune, rediscover the art of relaxation, as the music becomes a lullaby for your mind. Allow yourself to be carried away on a blissful journey through the melodies of serenity.", "style": ["cool silent chillout"], "essentia_features": {"lowlevel.average_loudness": 0.9528506994247437, "lowlevel.barkbands_crest.mean": 14.255769729614258, "lowlevel.barkbands_crest.stdev": 4.283815383911133, "lowlevel.barkbands_flatness_db.mean": 0.2992068827152252, "lowlevel.barkbands_flatness_db.stdev": 0.10235302895307541, "lowlevel.barkbands_kurtosis.mean": 46.597877502441406, "lowlevel.barkbands_kurtosis.stdev": 85.7005615234375, "lowlevel.barkbands_skewness.mean": 3.8510048389434814, "lowlevel.barkbands_skewness.stdev": 3.3674306869506836, "lowlevel.barkbands_spread.mean": 9.148465156555176, "lowlevel.barkbands_spread.stdev": 17.946748733520508, "lowlevel.dissonance.mean": 0.4250202775001526, "lowlevel.dissonance.stdev": 0.06368137151002884, "lowlevel.dynamic_complexity": 5.11618709564209, "lowlevel.erbbands_crest.mean": 12.349518775939941, "lowlevel.erbbands_crest.stdev": 5.059911727905273, "lowlevel.erbbands_flatness_db.mean": 0.19657574594020844, "lowlevel.erbbands_flatness_db.stdev": 0.08404921740293503, "lowlevel.erbbands_kurtosis.mean": 10.7756986618042, "lowlevel.erbbands_kurtosis.stdev": 13.259541511535645, "lowlevel.erbbands_skewness.mean": 2.21366810798645, "lowlevel.erbbands_skewness.stdev": 1.7580260038375854, "lowlevel.erbbands_spread.mean": 39.71785354614258, "lowlevel.erbbands_spread.stdev": 40.314998626708984, "lowlevel.hfc.mean": 9.134561538696289, "lowlevel.hfc.stdev": 10.312504768371582, "lowlevel.loudness_ebu128.integrated": -15.683484077453613, "lowlevel.loudness_ebu128.loudness_range": 2.982264518737793, "lowlevel.loudness_ebu128.momentary.mean": -17.948406219482422, "lowlevel.loudness_ebu128.momentary.stdev": 4.884490489959717, "lowlevel.loudness_ebu128.short_term.mean": -16.265178680419922, "lowlevel.loudness_ebu128.short_term.stdev": 1.0036535263061523, "lowlevel.melbands_crest.mean": 19.839855194091797, "lowlevel.melbands_crest.stdev": 6.651373863220215, "lowlevel.melbands_flatness_db.mean": 0.3969098925590515, "lowlevel.melbands_flatness_db.stdev": 0.11608543992042542, "lowlevel.melbands_kurtosis.mean": 105.99823760986328, "lowlevel.melbands_kurtosis.stdev": 253.15628051757812, "lowlevel.melbands_skewness.mean": 5.119071006774902, "lowlevel.melbands_skewness.stdev": 5.08936882019043, "lowlevel.melbands_spread.mean": 5.737533092498779, "lowlevel.melbands_spread.stdev": 12.616195678710938, "lowlevel.pitch_salience.mean": 0.4708559513092041, "lowlevel.pitch_salience.stdev": 0.14629247784614563, "lowlevel.silence_rate_20dB.mean": 0.9623406529426575, "lowlevel.silence_rate_20dB.stdev": 0.19037245213985443, "lowlevel.silence_rate_30dB.mean": 0.8511008024215698, "lowlevel.silence_rate_30dB.stdev": 0.3559885323047638, "lowlevel.silence_rate_60dB.mean": 0.13731169700622559, "lowlevel.silence_rate_60dB.stdev": 0.3441784977912903, "lowlevel.spectral_centroid.mean": 477.7172546386719, "lowlevel.spectral_centroid.stdev": 542.1781616210938, "lowlevel.spectral_complexity.mean": 5.79953670501709, "lowlevel.spectral_complexity.stdev": 5.437443733215332, "lowlevel.spectral_decrease.mean": -1.4951229587722992e-08, "lowlevel.spectral_decrease.stdev": 2.4369256834688713e-08, "lowlevel.spectral_energy.mean": 0.057257939130067825, "lowlevel.spectral_energy.stdev": 0.0925852507352829, "lowlevel.spectral_energyband_high.mean": 0.0002575982070993632, "lowlevel.spectral_energyband_high.stdev": 0.0006341980188153684, "lowlevel.spectral_energyband_low.mean": 0.042143963277339935, "lowlevel.spectral_energyband_low.stdev": 0.0889986902475357, "lowlevel.spectral_energyband_middle_high.mean": 0.00046756782103329897, "lowlevel.spectral_energyband_middle_high.stdev": 0.0011560124112293124, "lowlevel.spectral_energyband_middle_low.mean": 0.015111894346773624, "lowlevel.spectral_energyband_middle_low.stdev": 0.019563991576433182, "lowlevel.spectral_entropy.mean": 6.470101833343506, "lowlevel.spectral_entropy.stdev": 1.0481374263763428, "lowlevel.spectral_flux.mean": 0.06830764561891556, "lowlevel.spectral_flux.stdev": 0.10090978443622589, "lowlevel.spectral_kurtosis.mean": 16.25818634033203, "lowlevel.spectral_kurtosis.stdev": 26.660032272338867, "lowlevel.spectral_rms.mean": 0.005815909244120121, "lowlevel.spectral_rms.stdev": 0.004694304428994656, "lowlevel.spectral_rolloff.mean": 659.90380859375, "lowlevel.spectral_rolloff.stdev": 1763.682373046875, "lowlevel.spectral_skewness.mean": 2.842653751373291, "lowlevel.spectral_skewness.stdev": 2.0146701335906982, "lowlevel.spectral_spread.mean": 5388215.5, "lowlevel.spectral_spread.stdev": 2865120.0, "lowlevel.spectral_strongpeak.mean": 0.5662196278572083, "lowlevel.spectral_strongpeak.stdev": 0.4626871645450592, "lowlevel.zerocrossingrate.mean": 0.031681135296821594, "lowlevel.zerocrossingrate.stdev": 0.04495670646429062, "metadata.audio_properties.analysis.equal_loudness": 0.0, "metadata.audio_properties.analysis.length": 40.04265213012695, "metadata.audio_properties.analysis.sample_rate": 44100.0, "metadata.audio_properties.analysis.start_time": 0.0, "metadata.audio_properties.bit_rate": 119895.0, "metadata.audio_properties.length": 40.042667388916016, "metadata.audio_properties.lossless": 0.0, "metadata.audio_properties.number_channels": 1.0, "metadata.audio_properties.replay_gain": -10.460184097290039, "metadata.audio_properties.sample_rate": 48000.0, "rhythm.beats_count": 66.0, "rhythm.beats_loudness.mean": 0.10666871815919876, "rhythm.beats_loudness.stdev": 0.13822638988494873, "rhythm.bpm": 99.95478820800781, "rhythm.bpm_histogram_first_peak_bpm": 99.0, "rhythm.bpm_histogram_first_peak_weight": 0.307692289352417, "rhythm.bpm_histogram_second_peak_bpm": 0.0, "rhythm.bpm_histogram_second_peak_spread": 0.0, "rhythm.bpm_histogram_second_peak_weight": 0.0, "rhythm.danceability": 1.2148696184158325, "rhythm.onset_rate": 3.3704144954681396, "tonal.chords_changes_rate": 0.0347222238779068, "tonal.chords_number_rate": 0.005787036847323179, "tonal.chords_strength.mean": 0.5313674807548523, "tonal.chords_strength.stdev": 0.06674418598413467, "tonal.hpcp_crest.mean": 12.039702415466309, "tonal.hpcp_crest.stdev": 4.794573783874512, "tonal.hpcp_entropy.mean": 2.24873685836792, "tonal.hpcp_entropy.stdev": 0.6696203947067261, "tonal.key_edma.strength": 0.5031237602233887, "tonal.key_krumhansl.strength": 0.5195834040641785, "tonal.key_temperley.strength": 0.5416682958602905, "tonal.tuning_diatonic_strength": 0.5897032618522644, "tonal.tuning_equal_tempered_deviation": 0.19940879940986633, "tonal.tuning_frequency": 434.193115234375, "tonal.tuning_nontempered_energy_ratio": 0.9821069240570068, "lowlevel.barkbands.mean": [0.004245732445269823, 0.030443688854575157, 0.006846810691058636, 0.0014292765408754349, 0.011300967074930668, 0.0012929135700687766, 0.0003371331549715251, 0.0002693307469598949, 0.0002295623708050698, 0.0003138658357784152, 7.135105261113495e-05, 3.482676038402133e-05, 2.5725514205987565e-05, 2.5846160497167148e-05, 2.8308813853072934e-05, 1.7586402464075945e-05, 2.0747760572703555e-05, 2.5336026737932116e-05, 2.8510039555840194e-05, 3.0076813345658593e-05, 3.4683711419347674e-05, 4.403560160426423e-05, 4.995105700800195e-05, 4.403340062708594e-05, 3.742502667591907e-05, 2.7417920136940666e-05, 2.7470655368233565e-06], "lowlevel.barkbands.stdev": [0.01221039704978466, 0.07495582848787308, 0.013907027430832386, 0.006861403584480286, 0.014650071039795876, 0.003104394767433405, 0.0007949727587401867, 0.0007728550117462873, 0.0009083439945243299, 0.0009743628324940801, 0.00026805480592884123, 0.00010175495845032856, 8.54471800266765e-05, 0.00011973444634350017, 0.00015154029824770987, 7.734599785180762e-05, 8.809685095911846e-05, 0.00012006751785520464, 0.00011706686927936971, 0.00012016679102089256, 0.0001086920965462923, 0.00014313386054709554, 0.00013819837477058172, 9.736673382576555e-05, 7.316292612813413e-05, 5.726256495108828e-05, 6.214303084561834e-06], "lowlevel.erbbands.mean": [1.5407452583312988, 4.162158489227295, 8.234686851501465, 5.886563301086426, 18.960731506347656, 42.36595153808594, 24.681257247924805, 10.287413597106934, 5.950395584106445, 6.0506062507629395, 4.184317588806152, 6.498559951782227, 11.30967903137207, 3.377063274383545, 3.1302876472473145, 1.330574631690979, 1.2273062467575073, 1.2548716068267822, 1.4573277235031128, 1.2710444927215576, 0.9805689454078674, 1.219551682472229, 1.356751799583435, 1.4032891988754272, 1.4198291301727295, 1.3482390642166138, 1.450461506843567, 1.4070545434951782, 1.6216356754302979, 1.6302465200424194, 1.310387372970581, 0.984971284866333, 0.6950262784957886, 0.4918062388896942, 0.21945208311080933, 0.1066441535949707, 0.0531412772834301, 0.011773858219385147, 0.0003005950420629233, 6.995206058491021e-05], "lowlevel.erbbands.stdev": [4.227405548095703, 9.970808029174805, 15.941506385803223, 20.63466453552246, 26.895048141479492, 60.26845169067383, 34.15350341796875, 21.87929344177246, 12.623116493225098, 16.54389190673828, 12.412215232849121, 25.207061767578125, 36.620792388916016, 8.690704345703125, 9.920417785644531, 3.748844623565674, 3.9024178981781006, 5.448228359222412, 7.940617561340332, 6.153528213500977, 4.275338649749756, 5.275091648101807, 6.313552379608154, 6.01417350769043, 5.450325965881348, 5.2572102546691895, 5.208751201629639, 4.407247543334961, 5.364263534545898, 5.058774948120117, 3.484436273574829, 2.3365883827209473, 1.4994772672653198, 1.0054582357406616, 0.4162624180316925, 0.23034067451953888, 0.11019369959831238, 0.02474294789135456, 0.0005766804097220302, 0.00010247253521811217], "lowlevel.gfcc.mean": [-111.6967544555664, 109.34431457519531, -31.962575912475586, 42.907466888427734, -55.04916000366211, 17.713533401489258, -37.80720138549805, -6.210254192352295, -33.21391296386719, -10.266140937805176, -19.49048614501953, 0.7227303981781006, -5.241892337799072], "lowlevel.melbands.mean": [0.010483487509191036, 0.004323151893913746, 0.0013370545348152518, 0.002418586052954197, 0.00116272596642375, 0.00022324593737721443, 8.334961603395641e-05, 6.654305616393685e-05, 3.6293367884354666e-05, 3.724112320924178e-05, 5.489591057994403e-05, 1.2203159712953493e-05, 1.0578474757494405e-05, 5.15417104907101e-06, 2.8078841296519386e-06, 2.2792119125369936e-06, 2.4047922124736942e-06, 2.30584714699944e-06, 2.071212065857253e-06, 1.3434366792353103e-06, 1.111610913540062e-06, 1.2304253687034361e-06, 1.2922561154482537e-06, 1.1518941391841508e-06, 1.1251620435359655e-06, 1.10647101791983e-06, 9.34790762130433e-07, 8.884088060767681e-07, 9.479053346694855e-07, 8.61773798987997e-07, 7.742190177850716e-07, 9.228148201145814e-07, 8.43174461806484e-07, 9.603796797819086e-07, 7.7198666303957e-07, 6.508831233986712e-07, 5.909943752158142e-07, 4.928219254907162e-07, 4.685491887812532e-07, 3.972450031142216e-07], "lowlevel.melbands.stdev": [0.027366768568754196, 0.008473274298012257, 0.0034896861761808395, 0.0032993049826472998, 0.001525999279692769, 0.0005017739022150636, 0.0001810389367165044, 0.00018106939387507737, 0.00011407326383050531, 0.00013748349738307297, 0.00018001206626649946, 3.213449235772714e-05, 3.924644261132926e-05, 1.4076765182835516e-05, 8.677831829118077e-06, 8.159263416018803e-06, 1.091456306312466e-05, 1.263308513443917e-05, 1.0691305760701653e-05, 6.2955896282801405e-06, 4.981962774763815e-06, 5.615763711830368e-06, 5.622177923214622e-06, 5.4217416618485e-06, 4.886647275270661e-06, 4.7119865485001355e-06, 3.337910811751499e-06, 3.6826056657446316e-06, 3.8116554605949204e-06, 2.747231064859079e-06, 2.539285787861445e-06, 3.084650188611704e-06, 2.7410558232077165e-06, 3.0051814974285662e-06, 2.0846496227022726e-06, 1.7363165625283727e-06, 1.344731344943284e-06, 1.108219748857664e-06, 1.0359814268667833e-06, 8.051179065660108e-07], "lowlevel.melbands128.mean": [0.004123215097934008, 0.015354069881141186, 0.010865896940231323, 0.005619173403829336, 0.004704323131591082, 0.0028230093885213137, 0.0010554082691669464, 0.0007056280155666173, 0.0017915171338245273, 0.003135004546493292, 0.0022767421323806047, 0.002014078665524721, 0.0006662361556664109, 0.0004122647806070745, 0.00025543972151353955, 0.00010693019430618733, 9.162878268398345e-05, 9.637358743930236e-05, 4.547486605588347e-05, 7.228951290016994e-05, 8.241563773481175e-05, 2.6601281206239946e-05, 2.1559042579610832e-05, 5.0386879593133926e-05, 6.265041884034872e-05, 7.890537744970061e-06, 4.150790846324526e-05, 0.00010136252967640758, 1.723269815556705e-05, 1.5571329640806653e-05, 7.936163456179202e-06, 9.057566785486415e-06, 1.259258442587452e-05, 1.1062141311413143e-05, 6.941353603906464e-06, 2.9820951112924377e-06, 2.677041038623429e-06, 2.2213312149688136e-06, 3.815422132902313e-06, 2.557900643296307e-06, 1.963183422049042e-06, 1.6741214494686574e-06, 2.318825181646389e-06, 3.0210783279471798e-06, 2.1954460862616543e-06, 2.0087265966139967e-06, 2.683366346900584e-06, 2.142592620657524e-06, 1.8076567585012526e-06, 1.7191244978675968e-06, 1.2144379297751584e-06, 1.0917369763774332e-06, 1.0177471949646133e-06, 1.23221252579242e-06, 1.0672843018255662e-06, 1.3046023923379835e-06, 1.2525003967311932e-06, 1.2853344060204108e-06, 1.3320545804162975e-06, 1.2515736216300866e-06, 1.0816867188623291e-06, 1.161515569947369e-06, 1.1267516129009891e-06, 1.1148973726449185e-06, 1.0838019761649775e-06, 1.2521506960183615e-06, 9.912286031976691e-07, 9.208491178469558e-07, 9.912017731039668e-07, 8.83165228060534e-07, 7.229506309158751e-07, 9.8236068879487e-07, 1.1251554496993776e-06, 9.447372235626972e-07, 7.35628873371752e-07, 8.161650271176768e-07, 1.0270322263750131e-06, 7.664949635000085e-07, 7.221454438877117e-07, 7.383020488305192e-07, 9.231492867911584e-07, 1.0275228987666196e-06, 9.136198286796571e-07, 7.951053930810303e-07, 7.568537512270268e-07, 1.0101116458827164e-06, 1.0002499948313925e-06, 9.681945130068925e-07, 6.812198876104958e-07, 7.343717243202263e-07, 6.695007641610573e-07, 6.344516236822528e-07, 5.948225521024142e-07, 5.958432893748977e-07, 5.609025492958608e-07, 6.166245611893828e-07, 4.0952167523755634e-07, 4.2990828319489083e-07, 4.879883022113063e-07, 5.092595074529527e-07, 4.063902281359333e-07, 4.1637667891336605e-07, 3.238483259337954e-07, 2.764118960385531e-07, 2.3767702828081383e-07, 2.0593418526004825e-07, 1.9470824952350085e-07, 1.8996234985024785e-07, 1.8580809069135285e-07, 1.7226422244220885e-07, 1.6723434725918196e-07, 1.60497265255799e-07, 1.8169168924941914e-07, 1.8931248746412166e-07, 1.3922117148013058e-07, 1.2889832134987955e-07, 1.0449819853874942e-07, 1.9140514950777288e-08, 7.561910125852833e-11, 3.7941622066384184e-11, 1.3593180400728322e-11, 4.961603610603715e-12, 4.8348074675741426e-12, 4.7494039950857214e-12, 4.64413620407389e-12, 4.505547844535496e-12, 4.4270364284171304e-12, 4.397166224884286e-12], "lowlevel.melbands128.stdev": [0.011874739080667496, 0.043255291879177094, 0.029665136709809303, 0.014045014046132565, 0.009398704394698143, 0.006415395066142082, 0.004520391579717398, 0.0030575282871723175, 0.0026605536695569754, 0.004942058119922876, 0.0035135895013809204, 0.0028806740883737803, 0.0011243036715313792, 0.0011023451806977391, 0.0006235339678823948, 0.00032188845216296613, 0.0002531524223741144, 0.00025978052872233093, 0.00014048369484953582, 0.00025519548216834664, 0.00023804786906111985, 9.582511120242998e-05, 9.388563921675086e-05, 0.000229739656788297, 0.00028769788332283497, 2.6519952371018007e-05, 0.00012967751536052674, 0.00035209162160754204, 5.138569395057857e-05, 4.801068644155748e-05, 2.318918086530175e-05, 4.606271249940619e-05, 6.215195026015863e-05, 3.6045126762473956e-05, 2.268592106702272e-05, 1.0208054845861625e-05, 1.020443596644327e-05, 8.631109267298598e-06, 1.2053432328684721e-05, 9.625460734241642e-06, 9.272540410165675e-06, 7.622214070579503e-06, 1.0219885552942287e-05, 1.6534746464458294e-05, 1.1720701877493411e-05, 1.1719779649865814e-05, 1.943372262758203e-05, 1.1817903214250691e-05, 1.0308655873814132e-05, 8.920496838982217e-06, 6.443799520639004e-06, 5.526960194401909e-06, 4.8560818868281785e-06, 6.381288130796747e-06, 4.829666067962535e-06, 7.334593647101428e-06, 5.8522250583337154e-06, 5.5654236348345876e-06, 6.498332368209958e-06, 7.925308636913542e-06, 5.165816219232511e-06, 5.673777650372358e-06, 5.362978754419601e-06, 5.0405792535457294e-06, 5.140676876180805e-06, 6.013089205225697e-06, 4.125090072193416e-06, 3.5677639971254393e-06, 3.798354327955167e-06, 3.8375333133444656e-06, 2.961095106002176e-06, 4.651772087527206e-06, 5.871468601981178e-06, 3.733472567546414e-06, 2.6372204047220293e-06, 2.72556280833669e-06, 3.789758693528711e-06, 2.4336507067346247e-06, 2.731645736275823e-06, 2.761431460385211e-06, 3.2739089874667116e-06, 3.5390057746553794e-06, 3.6001533771923278e-06, 2.525561285438016e-06, 2.4683965875738068e-06, 3.6115743569098413e-06, 3.2482578262715833e-06, 2.839489752659574e-06, 1.9306785361550283e-06, 2.0274444523238344e-06, 1.8957678094011499e-06, 1.9016709984498448e-06, 1.601995336386608e-06, 1.4736256161995698e-06, 1.2861552249887609e-06, 1.4533925423165783e-06, 1.0874443887587404e-06, 1.0121666491613723e-06, 1.1266834007983562e-06, 1.2321658005021163e-06, 9.641424867368187e-07, 8.75840100889036e-07, 6.761022746104572e-07, 6.048449563422764e-07, 5.113660108690965e-07, 4.306809842091752e-07, 4.3614548417281185e-07, 4.7371787559313816e-07, 4.7031107897055335e-07, 4.257618400060892e-07, 4.4100869445173885e-07, 3.7814939446434437e-07, 3.9536627127745305e-07, 4.3354421563890355e-07, 3.1349142659564677e-07, 2.9303058113328007e-07, 2.357624282467441e-07, 4.644800100095381e-08, 2.615895722257733e-09, 1.139479954836986e-09, 3.4688593664178313e-10, 1.2421833527065385e-11, 1.2157242226806808e-11, 1.1964941190600875e-11, 1.180194830752157e-11, 1.1659875322200808e-11, 1.1562601570647146e-11, 1.150266167038172e-11], "lowlevel.mfcc.mean": [-780.7774047851562, 142.2051544189453, 72.43318939208984, 35.43043518066406, 16.23626708984375, 19.584745407104492, 7.56569242477417, 7.185055732727051, -2.9010138511657715, -5.909806728363037, -10.554409980773926, -9.02867603302002, -8.572940826416016], "lowlevel.spectral_contrast_coeffs.mean": [-0.616489052772522, -0.7889601588249207, -0.8117384314537048, -0.8612797260284424, -0.8593882322311401, -0.810232937335968], "lowlevel.spectral_contrast_coeffs.stdev": [0.08343281596899033, 0.07668837904930115, 0.0803060308098793, 0.03286844491958618, 0.025594087317585945, 0.030753571540117264], "lowlevel.spectral_contrast_valleys.mean": [-6.878656387329102, -8.005040168762207, -8.771915435791016, -9.348302841186523, -9.24260425567627, -11.110638618469238], "lowlevel.spectral_contrast_valleys.stdev": [1.0759642124176025, 1.0875654220581055, 0.7829426527023315, 0.8640661835670471, 1.051895260810852, 1.1470263004302979], "rhythm.beats_loudness_band_ratio.mean": [0.5866788625717163, 0.34726235270500183, 0.021360432729125023, 0.0103116724640131, 0.0220920629799366, 0.08439039438962936], "rhythm.beats_loudness_band_ratio.stdev": [0.24738633632659912, 0.23360022902488708, 0.027820907533168793, 0.015658913180232048, 0.04151786118745804, 0.10438428819179535], "tonal.hpcp.mean": [0.4734407961368561, 0.5065972805023193, 0.08112353831529617, 0.007994813844561577, 0.00832152646034956, 0.009664500132203102, 0.01999652571976185, 0.02536875754594803, 0.018076259642839432, 0.2477358877658844, 0.2685401439666748, 0.0337621234357357, 0.008284424431622028, 0.0075805955566465855, 0.0059943119995296, 0.04799916595220566, 0.05289314687252045, 0.011484775692224503, 0.008759710006415844, 0.00695930328220129, 0.009084231220185757, 0.06377323716878891, 0.08112937957048416, 0.04148992523550987, 0.10420249402523041, 0.14887624979019165, 0.08645959198474884, 0.03583618625998497, 0.023915834724903107, 0.04083269461989403, 0.41175609827041626, 0.4914998412132263, 0.11659809201955795, 0.017739947885274887, 0.019473697990179062, 0.052854154258966446], "tonal.hpcp.stdev": [0.3918774724006653, 0.4055781960487366, 0.15355455875396729, 0.059150293469429016, 0.0797983705997467, 0.07846274971961975, 0.10961098968982697, 0.1361544132232666, 0.08402621001005173, 0.2521819472312927, 0.27314984798431396, 0.07748997956514359, 0.05903731286525726, 0.06358504295349121, 0.05219392850995064, 0.1804935187101364, 0.19463017582893372, 0.06737392395734787, 0.07520616799592972, 0.06761559844017029, 0.05704222247004509, 0.1610671728849411, 0.1910613477230072, 0.11201660335063934, 0.26114168763160706, 0.3194333612918854, 0.23864831030368805, 0.15214130282402039, 0.12096601724624634, 0.14024759829044342, 0.3312760591506958, 0.4036332666873932, 0.17089836299419403, 0.11058726161718369, 0.10335743427276611, 0.13377782702445984], "rhythm.beats_position": [0.6153287887573242, 1.2306575775146484, 1.834376335144043, 2.4380950927734375, 3.0302040576934814, 3.6223127841949463, 4.22603178024292, 4.8297505378723145, 5.433469295501709, 6.0371880531311035, 6.640906810760498, 7.233015537261963, 7.825124740600586, 8.42884349822998, 9.032562255859375, 9.63628101348877, 10.228389739990234, 10.8204984664917, 11.424217224121094, 12.027935981750488, 12.631654739379883, 13.235373497009277, 13.839092254638672, 14.442811965942383, 15.034920692443848, 15.627029418945312, 16.23074722290039, 16.8344669342041, 17.43818473815918, 18.03029441833496, 18.634014129638672, 19.23773193359375, 19.82984161376953, 20.43355941772461, 21.03727912902832, 21.6409969329834, 22.23310661315918, 22.825214385986328, 23.42893409729004, 24.032651901245117, 24.636371612548828, 25.240089416503906, 25.832199096679688, 26.42430877685547, 27.028026580810547, 27.631746292114258, 28.235464096069336, 28.839183807373047, 29.431291580200195, 30.023401260375977, 30.627119064331055, 31.230838775634766, 31.834556579589844, 32.43827438354492, 33.041996002197266, 33.63410186767578, 34.22621154785156, 34.829933166503906, 35.433650970458984, 36.03736877441406, 36.629478454589844, 37.221588134765625, 37.8253059387207, 38.42902374267578, 39.03274154663086, 39.6364631652832], "rhythm.bpm_histogram": [0.0, 0.0, 0.0, 0.0, 0.0, 0.0, 0.0, 0.0, 0.0, 0.0, 0.0, 0.0, 0.0, 0.0, 0.0, 0.0, 0.0, 0.0, 0.0, 0.0, 0.0, 0.0, 0.0, 0.0, 0.0, 0.0, 0.0, 0.0, 0.0, 0.0, 0.0, 0.0, 0.0, 0.0, 0.0, 0.0, 0.0, 0.0, 0.0, 0.0, 0.0, 0.0, 0.0, 0.0, 0.0, 0.0, 0.0, 0.0, 0.0, 0.0, 0.0, 0.0, 0.0, 0.0, 0.0, 0.0, 0.0, 0.0, 0.0, 0.0, 0.0, 0.0, 0.0, 0.0, 0.0, 0.0, 0.0, 0.0, 0.0, 0.0, 0.0, 0.0, 0.0, 0.0, 0.0, 0.0, 0.0, 0.0, 0.0, 0.0, 0.0, 0.0, 0.0, 0.0, 0.0, 0.0, 0.0, 0.0, 0.0, 0.0, 0.0, 0.0, 0.0, 0.0, 0.0, 0.0, 0.0, 0.0, 0.015384615398943424, 0.6769230961799622, 0.0, 0.3076923191547394, 0.0, 0.0, 0.0, 0.0, 0.0, 0.0, 0.0, 0.0, 0.0, 0.0, 0.0, 0.0, 0.0, 0.0, 0.0, 0.0, 0.0, 0.0, 0.0, 0.0, 0.0, 0.0, 0.0, 0.0, 0.0, 0.0, 0.0, 0.0, 0.0, 0.0, 0.0, 0.0, 0.0, 0.0, 0.0, 0.0, 0.0, 0.0, 0.0, 0.0, 0.0, 0.0, 0.0, 0.0, 0.0, 0.0, 0.0, 0.0, 0.0, 0.0, 0.0, 0.0, 0.0, 0.0, 0.0, 0.0, 0.0, 0.0, 0.0, 0.0, 0.0, 0.0, 0.0, 0.0, 0.0, 0.0, 0.0, 0.0, 0.0, 0.0, 0.0, 0.0, 0.0, 0.0, 0.0, 0.0, 0.0, 0.0, 0.0, 0.0, 0.0, 0.0, 0.0, 0.0, 0.0, 0.0, 0.0, 0.0, 0.0, 0.0, 0.0, 0.0, 0.0, 0.0, 0.0, 0.0, 0.0, 0.0, 0.0, 0.0, 0.0, 0.0, 0.0, 0.0, 0.0, 0.0, 0.0, 0.0, 0.0, 0.0, 0.0, 0.0, 0.0, 0.0, 0.0, 0.0, 0.0, 0.0, 0.0, 0.0, 0.0, 0.0, 0.0, 0.0, 0.0, 0.0, 0.0, 0.0, 0.0, 0.0, 0.0, 0.0, 0.0, 0.0, 0.0, 0.0, 0.0, 0.0, 0.0, 0.0, 0.0, 0.0, 0.0, 0.0, 0.0, 0.0, 0.0, 0.0], "tonal.chords_histogram": [40.16203689575195, 0.0, 0.0, 0.0, 0.0, 0.0, 0.5787037014961243, 0.0, 0.0, 0.0, 0.0, 0.0, 0.0, 0.0, 0.0, 0.0, 0.0, 8.912036895751953, 0.0, 0.0, 0.0, 1.8518518209457397, 28.240739822387695, 20.254629135131836], "tonal.thpcp": [1.0, 0.1601341813802719, 0.015781398862600327, 0.016426315531134605, 0.019077284261584282, 0.03947223350405693, 0.05007677525281906, 0.03568171337246895, 0.48901939392089844, 0.5300860404968262, 0.06664489954710007, 0.016353076323866844, 0.01496375072747469, 0.01183249894529581, 0.09474816918373108, 0.10440866649150848, 0.022670425474643707, 0.017291270196437836, 0.013737347908318043, 0.01793185994029045, 0.125885471701622, 0.16014569997787476, 0.08189922571182251, 0.20569097995758057, 0.29387494921684265, 0.17066730558872223, 0.07073900103569031, 0.047208771109580994, 0.08060188591480255, 0.8127878308296204, 0.9701983332633972, 0.23015932738780975, 0.03501785174012184, 0.038440193980932236, 0.10433169454336166, 0.9345505833625793], "lowlevel.gfcc.cov": [[7054.4541015625, -1573.26708984375, -198.7750244140625, 136.15216064453125, -287.7729797363281, -74.77729034423828, 19.363618850708008, 493.3519287109375, 125.35706329345703, 537.3789672851562, -69.73375701904297, 262.7622375488281, -248.47291564941406], [-1573.26708984375, 3788.964599609375, 225.54544067382812, -1217.88134765625, -348.3878479003906, -179.96148681640625, 425.6642761230469, -337.5708312988281, 378.4400939941406, -401.649169921875, 294.8589172363281, -424.87506103515625, 377.3806457519531], [-198.7750244140625, 225.54544067382812, 703.1259155273438, 229.66395568847656, 70.36878967285156, 79.05902862548828, 181.8900604248047, 58.6843376159668, 103.53058624267578, -0.19486486911773682, 67.97564697265625, -2.902620553970337, 87.03962707519531], [136.15216064453125, -1217.88134765625, 229.66395568847656, 863.1815185546875, 421.50286865234375, 176.2595672607422, -64.73664855957031, 136.165283203125, -91.48237609863281, 106.87083435058594, -68.63375091552734, 126.62755584716797, -95.46449279785156], [-287.7729797363281, -348.3878479003906, 70.36878967285156, 421.50286865234375, 523.6512451171875, 187.62086486816406, 32.219451904296875, 83.14117431640625, -2.4451653957366943, 37.326438903808594, -10.815115928649902, 59.58799362182617, -11.869185447692871], [-74.77729034423828, -179.96148681640625, 79.05902862548828, 176.2595672607422, 187.62086486816406, 183.7923583984375, 84.30977630615234, 77.54881286621094, 26.840444564819336, 37.64482498168945, 4.894052505493164, 28.92774200439453, 12.587522506713867], [19.363618850708008, 425.6642761230469, 181.8900604248047, -64.73664855957031, 32.219451904296875, 84.30977630615234, 210.90682983398438, 54.630126953125, 129.8640594482422, -1.9144343137741089, 67.47750091552734, -38.25645065307617, 78.68743896484375], [493.3519287109375, -337.5708312988281, 58.6843376159668, 136.165283203125, 83.14117431640625, 77.54881286621094, 54.630126953125, 157.5765380859375, 47.318275451660156, 93.44770812988281, -3.7760088443756104, 56.144229888916016, -21.76608657836914], [125.35706329345703, 378.4400939941406, 103.53058624267578, -91.48237609863281, -2.4451653957366943, 26.840444564819336, 129.8640594482422, 47.318275451660156, 150.13998413085938, 19.81558609008789, 84.27715301513672, -30.785974502563477, 63.644737243652344], [537.3789672851562, -401.649169921875, -0.19486486911773682, 106.87083435058594, 37.326438903808594, 37.64482498168945, -1.9144343137741089, 93.44770812988281, 19.81558609008789, 124.26876068115234, 7.348079204559326, 68.53626251220703, -38.21485137939453], [-69.73375701904297, 294.8589172363281, 67.97564697265625, -68.63375091552734, -10.815115928649902, 4.894052505493164, 67.47750091552734, -3.7760088443756104, 84.27715301513672, 7.348079204559326, 101.16471099853516, -11.841103553771973, 61.08773422241211], [262.7622375488281, -424.87506103515625, -2.902620553970337, 126.62755584716797, 59.58799362182617, 28.92774200439453, -38.25645065307617, 56.144229888916016, -30.785974502563477, 68.53626251220703, -11.841103553771973, 90.12236785888672, -26.666540145874023], [-248.47291564941406, 377.3806457519531, 87.03962707519531, -95.46449279785156, -11.869185447692871, 12.587522506713867, 78.68743896484375, -21.76608657836914, 63.644737243652344, -38.21485137939453, 61.08773422241211, -26.666540145874023, 99.93709564208984]], "lowlevel.gfcc.icov": [[0.00028110743733122945, -9.420002606930211e-05, 0.0001709594507701695, -0.00018860849377233535, 0.0002771903818938881, 0.00044624871225096285, -0.00038113605114631355, -0.00035639494308270514, -0.00022868404630571604, -0.0009901762241497636, 0.0005367425037547946, -0.0004412868875078857, 0.00024591933470219374], [-9.420002606930211e-05, 0.0024917330592870712, -0.0008828939171507955, 0.0026327944360673428, -0.0016510009299963713, 0.0008762461366131902, -0.0011665417114272714, 0.001471704919822514, -0.001560358563438058, 0.0031362813897430897, -0.0023733116686344147, 0.004272120539098978, -0.0006432959344238043], [0.0001709594507701695, -0.0008828939171507955, 0.003169932635501027, -0.0028022374026477337, 0.0015658711781725287, 0.0009034922113642097, -0.002723781391978264, -0.0002540049026720226, -9.56015064730309e-05, -0.0007088656420819461, 0.0010665545705705881, -0.0026170045603066683, -0.0010775879491120577], [-0.00018860849377233535, 0.0026327944360673428, -0.0028022374026477337, 0.006670250557363033, -0.004010605625808239, -0.0005662726471200585, 0.0012454168172553182, 7.414774154312909e-05, 0.0004704236926045269, 0.0027417433448135853, -0.00330676999874413, 0.00477533508092165, 0.0010763632599264383], [0.0002771903818938881, -0.0016510009299963713, 0.0015658711781725287, -0.004010605625808239, 0.005867184139788151, -0.0032849048729985952, 0.00040032327524386346, -0.0006189957493916154, -0.0013873528223484755, -0.00035954933264292777, 0.0019530918216332793, -0.0049344804137945175, 0.0006248222780413926], [0.00044624871225096285, 0.0008762461366131902, 0.0009034922113642097, -0.0005662726471200585, -0.0032849048729985952, 0.01496008038520813, -0.008839280344545841, -0.002067269291728735, 0.003318571485579014, -0.0026235852856189013, 0.0005408286233432591, 0.001031041145324707, -0.0024641992058604956], [-0.00038113605114631355, -0.0011665417114272714, -0.002723781391978264, 0.0012454168172553182, 0.00040032327524386346, -0.008839280344545841, 0.020966840907931328, -0.004811504390090704, -0.007456944324076176, 0.0011776466853916645, 0.0009490837110206485, 0.0038202207069844007, -0.003737818216904998], [-0.00035639494308270514, 0.001471704919822514, -0.0002540049026720226, 7.414774154312909e-05, -0.0006189957493916154, -0.002067269291728735, -0.004811504390090704, 0.022501714527606964, -0.011588684283196926, -0.0047753602266311646, 0.007971095852553844, -0.005857044830918312, 0.0018435536185279489], [-0.00022868404630571604, -0.001560358563438058, -9.56015064730309e-05, 0.0004704236926045269, -0.0013873528223484755, 0.003318571485579014, -0.007456944324076176, -0.011588684283196926, 0.034645963460206985, -0.009065168909728527, -0.01508130319416523, 0.011969443410634995, -0.0044972850009799], [-0.0009901762241497636, 0.0031362813897430897, -0.0007088656420819461, 0.0027417433448135853, -0.00035954933264292777, -0.0026235852856189013, 0.0011776466853916645, -0.0047753602266311646, -0.009065168909728527, 0.035545796155929565, -0.011007392778992653, -0.010068577714264393, 0.01065905299037695], [0.0005367425037547946, -0.0023733116686344147, 0.0010665545705705881, -0.00330676999874413, 0.0019530918216332793, 0.0005408286233432591, 0.0009490837110206485, 0.007971095852553844, -0.01508130319416523, -0.011007392778992653, 0.031915128231048584, -0.009431018494069576, -0.009268100373446941], [-0.0004412868875078857, 0.004272120539098978, -0.0026170045603066683, 0.00477533508092165, -0.0049344804137945175, 0.001031041145324707, 0.0038202207069844007, -0.005857044830918312, 0.011969443410634995, -0.010068577714264393, -0.009431018494069576, 0.04147011414170265, -0.01003048475831747], [0.00024591933470219374, -0.0006432959344238043, -0.0010775879491120577, 0.0010763632599264383, 0.0006248222780413926, -0.0024641992058604956, -0.003737818216904998, 0.0018435536185279489, -0.0044972850009799, 0.01065905299037695, -0.009268100373446941, -0.01003048475831747, 0.028671547770500183]], "lowlevel.mfcc.cov": [[6761.6787109375, -1571.418212890625, -267.6456604003906, 43.45008087158203, -269.8616027832031, -346.1604309082031, -188.83116149902344, -143.1503448486328, 57.416015625, 171.3310546875, 284.8429870605469, 162.62818908691406, 170.71688842773438], [-1571.418212890625, 3800.999755859375, 354.6951599121094, -774.3696899414062, -647.1620483398438, -172.64955139160156, -166.64808654785156, -34.28968811035156, 30.77239418029785, 38.55549240112305, -59.491634368896484, 5.393810749053955, -16.882125854492188], [-267.6456604003906, 354.6951599121094, 666.52685546875, 85.78038787841797, -110.43144989013672, 4.797719478607178, 29.144737243652344, 44.79358673095703, 72.32352447509766, 38.102149963378906, 46.23088836669922, 43.42546463012695, 26.006006240844727], [43.45008087158203, -774.3696899414062, 85.78038787841797, 459.6258544921875, 334.9163818359375, 147.60435485839844, 126.05867004394531, 80.75375366210938, 41.64776611328125, 23.503787994384766, 34.7492561340332, 15.243057250976562, 12.687847137451172], [-269.8616027832031, -647.1620483398438, -110.43144989013672, 334.9163818359375, 434.1414489746094, 196.26382446289062, 156.83250427246094, 103.90026092529297, 46.26759338378906, 28.72393798828125, 21.855558395385742, 3.144317626953125, -0.9953734874725342], [-346.1604309082031, -172.64955139160156, 4.797719478607178, 147.60435485839844, 196.26382446289062, 188.23648071289062, 127.09363555908203, 86.67037200927734, 54.0907096862793, 31.120738983154297, 17.564998626708984, 0.9686486721038818, -5.162248611450195], [-188.83116149902344, -166.64808654785156, 29.144737243652344, 126.05867004394531, 156.83250427246094, 127.09363555908203, 137.59129333496094, 93.9233627319336, 69.23802185058594, 45.51062774658203, 27.190326690673828, 8.487137794494629, 4.655270099639893], [-143.1503448486328, -34.28968811035156, 44.79358673095703, 80.75375366210938, 103.90026092529297, 86.67037200927734, 93.9233627319336, 110.18759155273438, 79.66937255859375, 51.911128997802734, 28.54477310180664, 14.011711120605469, 5.9027419090271], [57.416015625, 30.77239418029785, 72.32352447509766, 41.64776611328125, 46.26759338378906, 54.0907096862793, 69.23802185058594, 79.66937255859375, 108.14873504638672, 68.08590698242188, 41.748661041259766, 20.867406845092773, 15.428699493408203], [171.3310546875, 38.55549240112305, 38.102149963378906, 23.503787994384766, 28.72393798828125, 31.120738983154297, 45.51062774658203, 51.911128997802734, 68.08590698242188, 87.25946807861328, 54.96970748901367, 29.334331512451172, 19.16777801513672], [284.8429870605469, -59.491634368896484, 46.23088836669922, 34.7492561340332, 21.855558395385742, 17.564998626708984, 27.190326690673828, 28.54477310180664, 41.748661041259766, 54.96970748901367, 82.13219451904297, 46.780242919921875, 28.881223678588867], [162.62818908691406, 5.393810749053955, 43.42546463012695, 15.243057250976562, 3.144317626953125, 0.9686486721038818, 8.487137794494629, 14.011711120605469, 20.867406845092773, 29.334331512451172, 46.780242919921875, 60.34878921508789, 33.04961395263672], [170.71688842773438, -16.882125854492188, 26.006006240844727, 12.687847137451172, -0.9953734874725342, -5.162248611450195, 4.655270099639893, 5.9027419090271, 15.428699493408203, 19.16777801513672, 28.881223678588867, 33.04961395263672, 48.461910247802734]], "lowlevel.mfcc.icov": [[0.00029737420845776796, 0.00014313483552541584, 0.0002610960800666362, -0.00029220085707493126, 0.0004886013921350241, 0.0003684876428451389, 0.0001567153085488826, 0.00037157200858928263, -0.0004500538343563676, -0.0003888262726832181, -0.0007613970665261149, 6.860410940134898e-05, -0.00036828729207627475], [0.00014313483552541584, 0.0005965994787402451, -0.0002732458815444261, 0.000841616012621671, 0.00028581934748217463, -0.00030304305255413055, 0.0006279671215452254, -0.00029105343855917454, -9.342957491753623e-05, -0.0008909214520826936, 0.0004916329635307193, -0.0003504099731799215, -9.328409214504063e-05], [0.0002610960800666362, -0.0002732458815444261, 0.003002130426466465, -0.0029988179448992014, 0.0032644846942275763, 0.00010258143447572365, -0.000831452663987875, 0.000101544450444635, -0.0017827003030106425, 0.0009277195204049349, -0.0013445307267829776, -0.0009143842617049813, -6.989037501625717e-05], [-0.00029220085707493126, 0.000841616012621671, -0.0029988179448992014, 0.008932475931942463, -0.006704764906316996, -0.00029385293601080775, 0.0004908403498120606, -0.00037822636659257114, 0.0011898205848410726, -7.4238755587430205e-06, 0.0007942251395434141, 0.00031384461908601224, -0.000640163547359407], [0.0004886013921350241, 0.00028581934748217463, 0.0032644846942275763, -0.006704764906316996, 0.012082205154001713, -0.0037443628534674644, -0.0024788088630884886, -0.0018241866491734982, 0.0005396456108428538, -0.0005726224044337869, -0.0006551180267706513, -0.0011534392833709717, -7.674148218939081e-05], [0.0003684876428451389, -0.00030304305255413055, 0.00010258143447572365, -0.00029385293601080775, -0.0037443628534674644, 0.01808623969554901, -0.012138462625443935, 0.000129782609292306, -0.0003079854359384626, 0.0014648846117779613, -0.002220461843535304, 0.0006139471661299467, 0.002041399013251066], [0.0001567153085488826, 0.0006279671215452254, -0.000831452663987875, 0.0004908403498120606, -0.0024788088630884886, -0.012138462625443935, 0.03290608152747154, -0.012507013976573944, -0.0028618816286325455, -0.002755332039669156, -0.00044117687502875924, 0.002663023304194212, -0.0025494054425507784], [0.00037157200858928263, -0.00029105343855917454, 0.000101544450444635, -0.00037822636659257114, -0.0018241866491734982, 0.000129782609292306, -0.012507013976573944, 0.03394639119505882, -0.015289850533008575, -0.002218229230493307, 0.0016149377916008234, -0.0033856253139674664, 0.002768878126516938], [-0.0004500538343563676, -9.342957491753623e-05, -0.0017827003030106425, 0.0011898205848410726, 0.0005396456108428538, -0.0003079854359384626, -0.0028618816286325455, -0.015289850533008575, 0.03113137185573578, -0.012984568253159523, 0.0003392977814655751, 0.002841675654053688, -0.0026021588128060102], [-0.0003888262726832181, -0.0008909214520826936, 0.0009277195204049349, -7.4238755587430205e-06, -0.0005726224044337869, 0.0014648846117779613, -0.002755332039669156, -0.002218229230493307, -0.012984568253159523, 0.03380773589015007, -0.014883425086736679, 0.0007745224284008145, 0.0003464326437097043], [-0.0007613970665261149, 0.0004916329635307193, -0.0013445307267829776, 0.0007942251395434141, -0.0006551180267706513, -0.002220461843535304, -0.00044117687502875924, 0.0016149377916008234, 0.0003392977814655751, -0.014883425086736679, 0.03605612739920616, -0.01806807704269886, -0.00042458553798496723], [6.860410940134898e-05, -0.0003504099731799215, -0.0009143842617049813, 0.00031384461908601224, -0.0011534392833709717, 0.0006139471661299467, 0.002663023304194212, -0.0033856253139674664, 0.002841675654053688, 0.0007745224284008145, -0.01806807704269886, 0.039483197033405304, -0.01712658442556858], [-0.00036828729207627475, -9.328409214504063e-05, -6.989037501625717e-05, -0.000640163547359407, -7.674148218939081e-05, 0.002041399013251066, -0.0025494054425507784, 0.002768878126516938, -0.0026021588128060102, 0.0003464326437097043, -0.00042458553798496723, -0.01712658442556858, 0.03485254943370819]], "metadata.audio_properties.analysis.downmix": "mix", "metadata.audio_properties.codec": "mp3", "metadata.audio_properties.md5_encoded": "547f46deb827219144bdc734dff00cfe", "metadata.tags.file_name": "1182276438259409006.mp3", "metadata.version.essentia": "2.1-beta6-dev", "meta