{"song_id": "1182266955684655134", "download": "https://cdn.discordapp.com/attachments/1135903449314238464/1182266955684655134/chirp.mp4?ex=658412e7&amp", "lyrics": "Do you think about me when you're all alone?\nThe things we used to do, we used to be\nI could be the one to make you feel that way\nI could be the one to set you free\nDo you think about me when the crowd is gone?\nIt used to be so easy, you and me\nI could be the one to make you feel that way\nI could be the one to set you free\nI could be the one to make you feel that way\nI could be the one to set you free\nI could be the one to make you feel that way\nI could be the one to set you free\nWhen you need a way to beat the pressure down\nWhen you need to find a way to breathe\nI could be the one to make you feel that way\nI could be the one to set you free\nIf you wanna see me when the crowd is gone\nUsed to be so easy, can't you see?", "style": ["Jazz </span><span>(sang by Selena Gomez</span><span>) in a seductive way"], "essentia_features": {"lowlevel.average_loudness": 0.9618148803710938, "lowlevel.barkbands_crest.mean": 12.505697250366211, "lowlevel.barkbands_crest.stdev": 4.337417125701904, "lowlevel.barkbands_flatness_db.mean": 0.17451903223991394, "lowlevel.barkbands_flatness_db.stdev": 0.07211802154779434, "lowlevel.barkbands_kurtosis.mean": 23.981678009033203, "lowlevel.barkbands_kurtosis.stdev": 47.256248474121094, "lowlevel.barkbands_skewness.mean": 3.3918306827545166, "lowlevel.barkbands_skewness.stdev": 2.5593366622924805, "lowlevel.barkbands_spread.mean": 25.082738876342773, "lowlevel.barkbands_spread.stdev": 23.941295623779297, "lowlevel.dissonance.mean": 0.4631634056568146, "lowlevel.dissonance.stdev": 0.030901892110705376, "lowlevel.dynamic_complexity": 3.703481435775757, "lowlevel.erbbands_crest.mean": 11.282258033752441, "lowlevel.erbbands_crest.stdev": 5.911322593688965, "lowlevel.erbbands_flatness_db.mean": 0.12547458708286285, "lowlevel.erbbands_flatness_db.stdev": 0.04096222296357155, "lowlevel.erbbands_kurtosis.mean": 1.7303768396377563, "lowlevel.erbbands_kurtosis.stdev": 6.253612041473389, "lowlevel.erbbands_skewness.mean": 0.7026388645172119, "lowlevel.erbbands_skewness.stdev": 1.3422590494155884, "lowlevel.erbbands_spread.mean": 69.77067565917969, "lowlevel.erbbands_spread.stdev": 33.79694366455078, "lowlevel.hfc.mean": 17.020709991455078, "lowlevel.hfc.stdev": 22.004772186279297, "lowlevel.loudness_ebu128.integrated": -15.297067642211914, "lowlevel.loudness_ebu128.loudness_range": 2.8350048065185547, "lowlevel.loudness_ebu128.momentary.mean": -15.653871536254883, "lowlevel.loudness_ebu128.momentary.stdev": 1.923887014389038, "lowlevel.loudness_ebu128.short_term.mean": -15.333527565002441, "lowlevel.loudness_ebu128.short_term.stdev": 0.9565458297729492, "lowlevel.melbands_crest.mean": 20.35599136352539, "lowlevel.melbands_crest.stdev": 5.904615879058838, "lowlevel.melbands_flatness_db.mean": 0.25733718276023865, "lowlevel.melbands_flatness_db.stdev": 0.08800649642944336, "lowlevel.melbands_kurtosis.mean": 86.53448486328125, "lowlevel.melbands_kurtosis.stdev": 126.31529235839844, "lowlevel.melbands_skewness.mean": 6.316209316253662, "lowlevel.melbands_skewness.stdev": 3.7398576736450195, "lowlevel.melbands_spread.mean": 16.687501907348633, "lowlevel.melbands_spread.stdev": 27.138694763183594, "lowlevel.pitch_salience.mean": 0.45883920788764954, "lowlevel.pitch_salience.stdev": 0.15223351120948792, "lowlevel.silence_rate_20dB.mean": 1.0, "lowlevel.silence_rate_20dB.stdev": 0.0, "lowlevel.silence_rate_30dB.mean": 0.9884124994277954, "lowlevel.silence_rate_30dB.stdev": 0.10701899975538254, "lowlevel.silence_rate_60dB.mean": 0.11529547721147537, "lowlevel.silence_rate_60dB.stdev": 0.3193751573562622, "lowlevel.spectral_centroid.mean": 974.6690063476562, "lowlevel.spectral_centroid.stdev": 780.4856567382812, "lowlevel.spectral_complexity.mean": 8.814599990844727, "lowlevel.spectral_complexity.stdev": 8.259151458740234, "lowlevel.spectral_decrease.mean": -6.760960680196604e-09, "lowlevel.spectral_decrease.stdev": 6.858164258716215e-09, "lowlevel.spectral_energy.mean": 0.027061298489570618, "lowlevel.spectral_energy.stdev": 0.0267949141561985, "lowlevel.spectral_energyband_high.mean": 0.0010958518832921982, "lowlevel.spectral_energyband_high.stdev": 0.002214285312220454, "lowlevel.spectral_energyband_low.mean": 0.01141815073788166, "lowlevel.spectral_energyband_low.stdev": 0.018313618376851082, "lowlevel.spectral_energyband_middle_high.mean": 0.0022626083809882402, "lowlevel.spectral_energyband_middle_high.stdev": 0.005567516200244427, "lowlevel.spectral_energyband_middle_low.mean": 0.012648094445466995, "lowlevel.spectral_energyband_middle_low.stdev": 0.016879411414265633, "lowlevel.spectral_entropy.mean": 7.5558390617370605, "lowlevel.spectral_entropy.stdev": 0.6164090037345886, "lowlevel.spectral_flux.mean": 0.07722155004739761, "lowlevel.spectral_flux.stdev": 0.05086091533303261, "lowlevel.spectral_kurtosis.mean": 2.5455644130706787, "lowlevel.spectral_kurtosis.stdev": 1.9797288179397583, "lowlevel.spectral_rms.mean": 0.004531414248049259, "lowlevel.spectral_rms.stdev": 0.002422301797196269, "lowlevel.spectral_rolloff.mean": 1638.7308349609375, "lowlevel.spectral_rolloff.stdev": 2931.78076171875, "lowlevel.spectral_skewness.mean": 1.4257570505142212, "lowlevel.spectral_skewness.stdev": 0.45262235403060913, "lowlevel.spectral_spread.mean": 7699140.0, "lowlevel.spectral_spread.stdev": 2005971.625, "lowlevel.spectral_strongpeak.mean": 0.7273338437080383, "lowlevel.spectral_strongpeak.stdev": 0.7740697264671326, "lowlevel.zerocrossingrate.mean": 0.07663413137197495, "lowlevel.zerocrossingrate.stdev": 0.060919009149074554, "metadata.audio_properties.analysis.equal_loudness": 0.0, "metadata.audio_properties.analysis.length": 40.04265213012695, "metadata.audio_properties.analysis.sample_rate": 44100.0, "metadata.audio_properties.analysis.start_time": 0.0, "metadata.audio_properties.bit_rate": 123732.0, "metadata.audio_properties.length": 40.042667388916016, "metadata.audio_properties.lossless": 0.0, "metadata.audio_properties.number_channels": 1.0, "metadata.audio_properties.replay_gain": -12.231294631958008, "metadata.audio_properties.sample_rate": 48000.0, "rhythm.beats_count": 79.0, "rhythm.beats_loudness.mean": 0.05399639904499054, "rhythm.beats_loudness.stdev": 0.029857685789465904, "rhythm.bpm": 119.54592895507812, "rhythm.bpm_histogram_first_peak_bpm": 120.0, "rhythm.bpm_histogram_first_peak_weight": 0.4647887349128723, "rhythm.bpm_histogram_second_peak_bpm": 112.0, "rhythm.bpm_histogram_second_peak_spread": 0.2857142686843872, "rhythm.bpm_histogram_second_peak_weight": 0.06410256773233414, "rhythm.danceability": 1.6826363801956177, "rhythm.onset_rate": 5.8170857429504395, "tonal.chords_changes_rate": 0.07060185074806213, "tonal.chords_number_rate": 0.009259259328246117, "tonal.chords_strength.mean": 0.521949291229248, "tonal.chords_strength.stdev": 0.0744624063372612, "tonal.hpcp_crest.mean": 12.43624210357666, "tonal.hpcp_crest.stdev": 6.127620697021484, "tonal.hpcp_entropy.mean": 2.261697769165039, "tonal.hpcp_entropy.stdev": 0.8303881883621216, "tonal.key_edma.strength": 0.6209032535552979, "tonal.key_krumhansl.strength": 0.6265838146209717, "tonal.key_temperley.strength": 0.6279007792472839, "tonal.tuning_diatonic_strength": 0.6678293347358704, "tonal.tuning_equal_tempered_deviation": 0.0998699739575386, "tonal.tuning_frequency": 437.2131652832031, "tonal.tuning_nontempered_energy_ratio": 0.8169095516204834, "lowlevel.barkbands.mean": [1.771850475051906e-05, 0.00417901948094368, 0.0068747722543776035, 0.0018058413406834006, 0.007844645529985428, 0.0023706466890871525, 0.00010981599916703999, 0.0003597800387069583, 0.000131098015117459, 0.0004884327063336968, 0.0001738023420330137, 0.0004945939290337265, 0.0001997414801735431, 0.0001743421598803252, 0.00017855799524113536, 0.00012444266758393496, 0.00018911508959718049, 9.623839287087321e-05, 9.052519453689456e-05, 0.0001549937151139602, 0.00011814148456323892, 0.00012522460019681603, 0.00017590291099622846, 0.0002331894647795707, 0.00019150225853081793, 0.0001491237198933959, 1.0095370271301363e-05], "lowlevel.barkbands.stdev": [3.436232509557158e-05, 0.007889200001955032, 0.01081552729010582, 0.004211535677313805, 0.011910687200725079, 0.004973556846380234, 0.0006135767325758934, 0.0011718516470864415, 0.0006988286622799933, 0.0024149061646312475, 0.0010737819829955697, 0.003187034511938691, 0.0005540592828765512, 0.0005364849348552525, 0.0005414615734480321, 0.00028733702492900193, 0.0003848516207654029, 0.00018475162505637854, 0.0001718637504382059, 0.00032952160108834505, 0.0003388435288798064, 0.0003471252857707441, 0.0004300205036997795, 0.0006620209896937013, 0.0004222725110594183, 0.0002603083266876638, 2.0955412765033543e-05], "lowlevel.erbbands.mean": [0.02118355594575405, 1.357405185699463, 8.453563690185547, 4.926982402801514, 21.25240135192871, 21.431255340576172, 33.18866729736328, 9.602446556091309, 2.241234064102173, 1.7882615327835083, 10.178114891052246, 3.4040396213531494, 5.221329689025879, 17.930370330810547, 9.055991172790527, 22.622547149658203, 9.91165828704834, 9.815608024597168, 10.744482040405273, 7.353542804718018, 7.284909725189209, 9.544086456298828, 6.005671501159668, 5.155470371246338, 4.721896171569824, 7.276889801025391, 5.982497692108154, 4.20143461227417, 4.499701976776123, 4.823770046234131, 4.845036506652832, 4.813492774963379, 3.8246490955352783, 2.368964910507202, 1.2378902435302734, 0.6623017191886902, 0.2655932307243347, 0.05248767137527466, 0.00115836295299232, 6.579583714483306e-05], "lowlevel.erbbands.stdev": [0.03909895941615105, 2.481487274169922, 13.659405708312988, 7.169895172119141, 40.98366928100586, 32.56288146972656, 66.6566162109375, 21.843276977539062, 9.462398529052734, 4.5756330490112305, 33.72145080566406, 14.014708518981934, 24.41769027709961, 78.90081024169922, 44.151554107666016, 152.91653442382812, 31.539941787719727, 26.0030517578125, 32.11747360229492, 17.60835075378418, 14.850122451782227, 18.690441131591797, 10.481898307800293, 9.60721206665039, 9.541526794433594, 16.285625457763672, 14.593939781188965, 13.112125396728516, 12.87358570098877, 12.381635665893555, 12.130392074584961, 12.513278007507324, 11.598302841186523, 5.669264793395996, 2.5949559211730957, 1.1942718029022217, 0.47007057070732117, 0.10033131390810013, 0.0021844469010829926, 7.394218118861318e-05], "lowlevel.gfcc.mean": [-32.41539001464844, 44.14352798461914, -61.31651306152344, 46.240989685058594, -41.38224792480469, 24.635356903076172, -53.11789321899414, -2.4664788246154785, -42.78351593017578, -2.0422210693359375, -23.688871383666992, 2.810976505279541, -17.26707649230957], "lowlevel.melbands.mean": [0.000615371682215482, 0.003333642380312085, 0.0014288900420069695, 0.001674778526648879, 0.001050638733431697, 0.000256566796451807, 2.849523298209533e-05, 2.574612881289795e-05, 8.125998283503577e-05, 1.5840567357372493e-05, 2.8841093808296137e-05, 7.80386253609322e-05, 2.520074849599041e-05, 5.2915012929588556e-05, 3.9116701373131946e-05, 1.9843057089019567e-05, 1.7456131899962202e-05, 1.7323649444733746e-05, 1.1177217857039068e-05, 9.33201408770401e-06, 8.722421625861898e-06, 1.0620743523759302e-05, 7.354789431701647e-06, 4.597507540893275e-06, 4.126618478039745e-06, 3.1142085390456486e-06, 3.98970405512955e-06, 5.113414317747811e-06, 4.3086433834105264e-06, 2.601626420073444e-06, 2.3286163468583254e-06, 2.579316515038954e-06, 2.363816520301043e-06, 2.862621840904467e-06, 2.6518437152844854e-06, 3.049282213396509e-06, 2.9003163035667967e-06, 2.836732392097474e-06, 2.3407208118442213e-06, 1.8774566115098423e-06], "lowlevel.melbands.stdev": [0.0011662207543849945, 0.005478622391819954, 0.0021444426383823156, 0.002816098276525736, 0.0019133050227537751, 0.0005643894546665251, 0.0001426267990609631, 6.65937113808468e-05, 0.000275924161542207, 7.340269075939432e-05, 0.00015137011359911412, 0.0003586512175388634, 0.00015437332331202924, 0.00030997215071693063, 0.00024361723626498133, 5.582991070696153e-05, 4.79587797599379e-05, 5.3857118473388255e-05, 3.513245246722363e-05, 2.4309430955327116e-05, 1.9864088244503364e-05, 2.3282758775167167e-05, 1.4829854080744553e-05, 8.891354809748009e-06, 8.062676897679921e-06, 6.476020189438714e-06, 8.790592801233288e-06, 1.2021897418890148e-05, 1.01564864962711e-05, 7.75247644924093e-06, 7.568354249087861e-06, 7.5424009082780685e-06, 6.843692062830087e-06, 7.359259598160861e-06, 7.203102086350555e-06, 7.3512392191332765e-06, 7.932897460705135e-06, 9.400274393556174e-06, 6.089208909543231e-06, 4.4047269511793274e-06], "lowlevel.melbands128.mean": [8.069457180681638e-06, 1.2456906006264035e-05, 0.0002491904597263783, 0.0028626099228858948, 0.005082926247268915, 0.002541433786973357, 0.000594569428358227, 0.0012189224362373352, 0.0024736442137509584, 0.002020824234932661, 0.0009165216470137239, 0.0009175321902148426, 0.0014820587821304798, 0.0006843222654424608, 0.0001711179647827521, 5.13469276484102e-05, 3.350499537191354e-05, 2.8399317670846358e-05, 1.6192079783650115e-05, 1.1674442248477135e-05, 1.9427550796535797e-05, 9.266211418434978e-05, 0.00011471816833363846, 4.060347055201419e-05, 1.5173764950304758e-05, 6.412853508663829e-06, 8.323399015353061e-06, 1.3336922165763099e-05, 4.713925227406435e-05, 0.00013813699479214847, 6.0495662182802334e-05, 2.4751385353738442e-05, 2.531009704398457e-05, 2.3420434445142746e-05, 2.7147794753545895e-05, 6.870049401186407e-05, 8.951330528361723e-05, 2.7624419089988805e-05, 2.169490653614048e-05, 1.5219111446640454e-05, 1.8880979041568935e-05, 2.826612580975052e-05, 1.5026252185634803e-05, 1.3767961718258448e-05, 1.56795940711163e-05, 1.8180531696998514e-05, 2.089621739287395e-05, 1.0124189429916441e-05, 6.920119631104171e-06, 1.0651056982169393e-05, 1.1218676263524685e-05, 6.128369477664819e-06, 5.982919446978485e-06, 1.1307197382848244e-05, 1.2168338798801415e-05, 1.0630825272528455e-05, 7.857302080083173e-06, 1.156128928414546e-05, 5.226524535828503e-06, 3.934192136512138e-06, 4.96789380122209e-06, 4.533214450930245e-06, 4.540810550679453e-06, 4.309947144065518e-06, 2.8732965802191757e-06, 3.1698941711510997e-06, 3.0277383302745875e-06, 3.306680127934669e-06, 4.36034952144837e-06, 4.818517936655553e-06, 4.57755459137843e-06, 6.022121851856355e-06, 5.032480657973792e-06, 4.393120434542652e-06, 2.7850715014210436e-06, 2.4340286017832113e-06, 2.8422507512004813e-06, 2.16896592064586e-06, 2.293196757818805e-06, 2.2446661205322016e-06, 2.7060775664722314e-06, 2.7146184038429055e-06, 2.391561110925977e-06, 2.2062386051402427e-06, 2.402544168944587e-06, 2.819182554958388e-06, 3.0297676403279183e-06, 2.9835493933205726e-06, 2.3380271159112453e-06, 2.62990283772524e-06, 3.146936478515272e-06, 3.095073680015048e-06, 3.0655789942102274e-06, 2.793316980387317e-06, 2.751208739937283e-06, 3.4069216781063005e-06, 2.6507043457968393e-06, 2.3022978439257713e-06, 2.5999731860792963e-06, 2.262239377159858e-06, 1.9112587779090973e-06, 1.989900511034648e-06, 1.5581381376250647e-06, 1.5186623159024748e-06, 1.2869448937635752e-06, 1.2442018260117038e-06, 1.4114237956164288e-06, 1.3017667015446932e-06, 1.2826836837120936e-06, 9.116874366554839e-07, 7.681969691475388e-07, 9.533735010336386e-07, 8.541422289454204e-07, 8.424442512477981e-07, 7.012800438133127e-07, 6.288051963565522e-07, 3.96105861000251e-07, 4.618237881004461e-08, 1.5067895819953492e-09, 9.841755882478154e-12, 7.229756723847736e-12, 6.16072384079791e-12, 5.3227821456003355e-12, 5.161919936630399e-12, 4.732805727186706e-12, 4.0427257895492286e-12, 3.669820957535874e-12, 3.5969250581496803e-12], "lowlevel.melbands128.stdev": [1.7933305571204983e-05, 2.732054235821124e-05, 0.0005441207904368639, 0.005393194500356913, 0.008494903333485126, 0.0038967535365372896, 0.001026505371555686, 0.0027927078772336245, 0.005299247335642576, 0.00391548965126276, 0.001719546620734036, 0.0017175079556182027, 0.0032722929026931524, 0.0016557065537199378, 0.0005413315375335515, 0.00022524503583554178, 0.00015050962974783033, 0.00023159224656410515, 0.00012499345757532865, 2.8094727895222604e-05, 5.3596791985910386e-05, 0.000328858382999897, 0.00044014572631567717, 0.00026702662580646574, 9.160222543869168e-05, 2.625394699862227e-05, 3.39715406880714e-05, 7.310564251383767e-05, 0.00036202240153215826, 0.0007444554939866066, 0.0002748087281361222, 0.00018591925618238747, 0.00024610725813545287, 0.00016529129061382264, 0.00014531775377690792, 0.0003993916616309434, 0.0007811408722773194, 0.00021464341261889786, 7.026033563306555e-05, 4.937473204336129e-05, 7.282154547283426e-05, 9.697448695078492e-05, 4.77918547403533e-05, 5.15610481670592e-05, 7.088883285177872e-05, 6.521152681671083e-05, 8.661114407004789e-05, 5.172601595404558e-05, 1.9480796254356392e-05, 3.1625768315279856e-05, 4.049291601404548e-05, 1.735063415253535e-05, 1.8162141714128666e-05, 3.3060092391679063e-05, 4.0629831346450374e-05, 3.192944132024422e-05, 1.592315311427228e-05, 3.041683703486342e-05, 1.5155133041844238e-05, 8.767368854023516e-06, 1.1175963663845323e-05, 1.2506298844527919e-05, 1.1426071068854071e-05, 9.611351742933039e-06, 6.02534100835328e-06, 7.939773240650538e-06, 7.408089459204348e-06, 8.305416486109607e-06, 1.0784499863802921e-05, 1.2172044080216438e-05, 1.5209494449663907e-05, 1.4051624930289108e-05, 1.2018656889267731e-05, 1.3008123460167553e-05, 8.93712422112003e-06, 6.91351169734844e-06, 1.018602415570058e-05, 8.277581400761846e-06, 7.774136065563653e-06, 7.053926310618408e-06, 8.861465175868943e-06, 8.238511327363085e-06, 8.072659511526581e-06, 6.965264674363425e-06, 7.005247425695416e-06, 7.239658316393616e-06, 8.132163202390075e-06, 9.712358405522536e-06, 7.158880634960951e-06, 6.793291049689287e-06, 8.02933664090233e-06, 8.525130397174507e-06, 7.794255907356273e-06, 8.908836207410786e-06, 7.92360970081063e-06, 1.1402783457015175e-05, 1.1090167390648276e-05, 7.163448117353255e-06, 6.722285434079822e-06, 6.118913006503135e-06, 5.880047865503002e-06, 4.202315722068306e-06, 3.844424554699799e-06, 3.8135683553264244e-06, 3.3346136660838965e-06, 2.617566451590392e-06, 3.018237975993543e-06, 2.631561983434949e-06, 2.61683453572914e-06, 1.8552066194388317e-06, 1.5900643575150752e-06, 1.730944632072351e-06, 1.662967065385601e-06, 1.7244038872377132e-06, 1.4713907603436382e-06, 1.3893683217247599e-06, 7.825328225408157e-07, 2.066963844526981e-07, 3.480503352193409e-08, 1.430854185135999e-10, 7.730257406413088e-11, 4.5352440553037e-11, 3.391643910166664e-11, 3.1947989392877574e-11, 2.3743141133736323e-11, 1.069257616476138e-11, 6.3921264115140985e-12, 6.272071837593041e-12], "lowlevel.mfcc.mean": [-695.6155395507812, 84.79397583007812, 39.25812911987305, 30.162343978881836, 32.85607147216797, 20.80507469177246, 9.496172904968262, 0.7135486006736755, -9.814756393432617, -5.7067551612854, -12.608076095581055, -4.515515327453613, -6.833596706390381], "lowlevel.spectral_contrast_coeffs.mean": [-0.6244397759437561, -0.7844276428222656, -0.8050018548965454, -0.816525936126709, -0.8149765133857727, -0.7946817874908447], "lowlevel.spectral_contrast_coeffs.stdev": [0.08021543174982071, 0.07936480641365051, 0.07398107647895813, 0.05060342326760292, 0.044772919267416, 0.03546445816755295], "lowlevel.spectral_contrast_valleys.mean": [-6.998079299926758, -8.095832824707031, -8.41303825378418, -8.283978462219238, -8.068052291870117, -9.978872299194336], "lowlevel.spectral_contrast_valleys.stdev": [0.9312971830368042, 0.9355387687683105, 0.9486889839172363, 0.8641508221626282, 0.8538360595703125, 0.8020721077919006], "rhythm.beats_loudness_band_ratio.mean": [0.6054505705833435, 0.3700520396232605, 0.01249024923890829, 0.041728489100933075, 0.020416542887687683, 0.04460132122039795], "rhythm.beats_loudness_band_ratio.stdev": [0.2850331962108612, 0.2865474820137024, 0.024172911420464516, 0.06504236906766891, 0.016071179881691933, 0.07463143020868301], "tonal.hpcp.mean": [0.2747175991535187, 0.24585281312465668, 0.09593642503023148, 0.05340978503227234, 0.03739115968346596, 0.03116302192211151, 0.036598071455955505, 0.027618838474154472, 0.022484811022877693, 0.029666053131222725, 0.02136319689452648, 0.012754696421325207, 0.020753808319568634, 0.042725346982479095, 0.10911229252815247, 0.1587439775466919, 0.11450136452913284, 0.051276274025440216, 0.027417827397584915, 0.02223733440041542, 0.027781609445810318, 0.04531343653798103, 0.044583115726709366, 0.05584296956658363, 0.07978492975234985, 0.05773547664284706, 0.03848887234926224, 0.0455336831510067, 0.06692369282245636, 0.20142942667007446, 0.38372230529785156, 0.3140539526939392, 0.14152199029922485, 0.08779389411211014, 0.07508593797683716, 0.13501769304275513], "tonal.hpcp.stdev": [0.3719567656517029, 0.34473833441734314, 0.20822051167488098, 0.15877042710781097, 0.13904942572116852, 0.11619624495506287, 0.13273246586322784, 0.1031503900885582, 0.08131513744592667, 0.10462600737810135, 0.07335889339447021, 0.05549895390868187, 0.09695252031087875, 0.14491242170333862, 0.2348242551088333, 0.29287368059158325, 0.23524148762226105, 0.1555365025997162, 0.11091659218072891, 0.09813746809959412, 0.10401823371648788, 0.12250053137540817, 0.1251465529203415, 0.15681172907352448, 0.20597882568836212, 0.15993407368659973, 0.1330733746290207, 0.14798933267593384, 0.17586174607276917, 0.30508577823638916, 0.41406041383743286, 0.37707841396331787, 0.2691780924797058, 0.22953484952449799, 0.20053240656852722, 0.24860171973705292], "rhythm.beats_position": [0.5108389854431152, 1.0448979139328003, 1.590566873550415, 2.1362357139587402, 2.670294761657715, 3.2043535709381104, 3.738412618637085, 4.2724714279174805, 4.783310413360596, 5.294149398803711, 5.804988384246826, 6.304217338562012, 6.8034467697143555, 7.314285755157471, 7.813514709472656, 8.312743186950684, 8.811972618103027, 9.3228120803833, 9.822040557861328, 10.332880020141602, 10.832108497619629, 11.331337928771973, 11.83056640625, 12.329795837402344, 12.829024314880371, 13.328253746032715, 13.839092254638672, 14.326711654663086, 14.82594108581543, 15.325169563293457, 15.83600902557373, 16.335237503051758, 16.8344669342041, 17.345306396484375, 17.844533920288086, 18.34376335144043, 18.842992782592773, 19.342222213745117, 19.85306167602539, 20.3522891998291, 20.839908599853516, 21.35074806213379, 21.849977493286133, 22.360815048217773, 22.860044479370117, 23.35927391052246, 23.870113372802734, 24.380952835083008, 24.88018035888672, 25.379409790039062, 25.890249252319336, 26.37786865234375, 26.87709617614746, 27.376325607299805, 27.887165069580078, 28.386394500732422, 28.885623931884766, 29.396461486816406, 29.90730094909668, 30.394920349121094, 30.894149780273438, 31.39337730407715, 31.904216766357422, 32.3918342590332, 32.89106369018555, 33.39029312133789, 33.9011344909668, 34.38875198364258, 34.87636947631836, 35.387210845947266, 35.898048400878906, 36.39727783203125, 36.896507263183594, 37.407344818115234, 37.91818618774414, 38.40580368041992, 38.905033111572266, 39.40426254272461, 39.91510009765625], "rhythm.bpm_histogram": [0.0, 0.0, 0.0, 0.0, 0.0, 0.0, 0.0, 0.0, 0.0, 0.0, 0.0, 0.0, 0.0, 0.0, 0.0, 0.0, 0.0, 0.0, 0.0, 0.0, 0.0, 0.0, 0.0, 0.0, 0.0, 0.0, 0.0, 0.0, 0.0, 0.0, 0.0, 0.0, 0.0, 0.0, 0.0, 0.0, 0.0, 0.0, 0.0, 0.0, 0.0, 0.0, 0.0, 0.0, 0.0, 0.0, 0.0, 0.0, 0.0, 0.0, 0.0, 0.0, 0.0, 0.0, 0.0, 0.0, 0.0, 0.0, 0.0, 0.0, 0.0, 0.0, 0.0, 0.0, 0.0, 0.0, 0.0, 0.0, 0.0, 0.0, 0.0, 0.0, 0.0, 0.0, 0.0, 0.0, 0.0, 0.0, 0.0, 0.0, 0.0, 0.0, 0.0, 0.0, 0.0, 0.0, 0.0, 0.0, 0.0, 0.0, 0.0, 0.0, 0.0, 0.0, 0.0, 0.0, 0.0, 0.0, 0.0, 0.0, 0.0, 0.0, 0.0, 0.0, 0.0, 0.0, 0.0, 0.0, 0.0, 0.0, 0.025641025975346565, 0.0, 0.06410256773233414, 0.0, 0.0, 0.0, 0.0, 0.3205128312110901, 0.0, 0.0, 0.4871794879436493, 0.0, 0.0, 0.10256410390138626, 0.0, 0.0, 0.0, 0.0, 0.0, 0.0, 0.0, 0.0, 0.0, 0.0, 0.0, 0.0, 0.0, 0.0, 0.0, 0.0, 0.0, 0.0, 0.0, 0.0, 0.0, 0.0, 0.0, 0.0, 0.0, 0.0, 0.0, 0.0, 0.0, 0.0, 0.0, 0.0, 0.0, 0.0, 0.0, 0.0, 0.0, 0.0, 0.0, 0.0, 0.0, 0.0, 0.0, 0.0, 0.0, 0.0, 0.0, 0.0, 0.0, 0.0, 0.0, 0.0, 0.0, 0.0, 0.0, 0.0, 0.0, 0.0, 0.0, 0.0, 0.0, 0.0, 0.0, 0.0, 0.0, 0.0, 0.0, 0.0, 0.0, 0.0, 0.0, 0.0, 0.0, 0.0, 0.0, 0.0, 0.0, 0.0, 0.0, 0.0, 0.0, 0.0, 0.0, 0.0, 0.0, 0.0, 0.0, 0.0, 0.0, 0.0, 0.0, 0.0, 0.0, 0.0, 0.0, 0.0, 0.0, 0.0, 0.0, 0.0, 0.0, 0.0, 0.0, 0.0, 0.0, 0.0, 0.0, 0.0, 0.0, 0.0, 0.0, 0.0, 0.0, 0.0, 0.0, 0.0, 0.0, 0.0, 0.0, 0.0, 0.0, 0.0, 0.0, 0.0, 0.0, 0.0], "tonal.chords_histogram": [23.61111068725586, 0.0, 9.606481552124023, 0.0, 0.6944444179534912, 31.481481552124023, 12.268518447875977, 7.754629611968994, 0.0, 11.342592239379883, 0.23148147761821747, 1.3888888359069824, 0.11574073880910873, 0.0, 0.0, 0.0, 0.0, 0.0, 0.0, 0.0, 0.0, 0.0, 1.3888888359069824, 0.11574073880910873], "tonal.thpcp": [1.0, 0.8184406757354736, 0.36881357431411743, 0.2287953943014145, 0.19567780196666718, 0.3518630266189575, 0.7159281373023987, 0.6407050490379333, 0.2500152289867401, 0.13918863236904144, 0.09744328260421753, 0.08121243119239807, 0.09537644684314728, 0.07197611033916473, 0.058596570044755936, 0.07731125503778458, 0.05567358806729317, 0.033239394426345825, 0.054085489362478256, 0.11134444177150726, 0.28435224294662476, 0.41369494795799255, 0.29839643836021423, 0.13362859189510345, 0.07145226746797562, 0.057951632887125015, 0.07240030169487, 0.11808913946151733, 0.11618588864803314, 0.145529642701149, 0.20792362093925476, 0.1504616141319275, 0.10030397772789001, 0.11866310983896255, 0.17440657317638397, 0.5249354243278503], "lowlevel.gfcc.cov": [[6404.98974609375, 196.03929138183594, -875.6277465820312, -443.4698486328125, -391.99127197265625, -310.83843994140625, -78.63960266113281, 139.0714874267578, -102.89314270019531, -11.017921447753906, -60.33891677856445, -38.110267639160156, 162.3617706298828], [196.03929138183594, 1187.4078369140625, -11.583046913146973, -157.31626892089844, 52.30033874511719, -37.60215759277344, 126.52679443359375, 5.7768049240112305, 56.29058837890625, -75.5124740600586, 52.69697570800781, -62.132381439208984, 83.88384246826172], [-875.6277465820312, -11.583046913146973, 657.7755126953125, 275.8100891113281, 133.04127502441406, 86.02957153320312, 21.62073516845703, 7.088499069213867, 56.45832061767578, 4.732539653778076, -21.012372970581055, -7.24583625793457, -42.74416732788086], [-443.4698486328125, -157.31626892089844, 275.8100891113281, 548.9617309570312, 247.1342315673828, 64.50927734375, 3.273228645324707, -46.368133544921875, 42.90536117553711, 13.668865203857422, 25.892297744750977, 14.89621639251709, -64.74652862548828], [-391.99127197265625, 52.30033874511719, 133.04127502441406, 247.1342315673828, 363.0177307128906, 163.3246307373047, 72.06494903564453, -5.691300392150879, 57.89529037475586, 10.883054733276367, 11.50883960723877, 0.7641662955284119, -42.77580261230469], [-310.83843994140625, -37.60215759277344, 86.02957153320312, 64.50927734375, 163.3246307373047, 311.2306823730469, 180.85324096679688, -22.899961471557617, 22.808395385742188, 29.610200881958008, -1.0255054235458374, -16.139202117919922, -50.42766571044922], [-78.63960266113281, 126.52679443359375, 21.62073516845703, 3.273228645324707, 72.06494903564453, 180.85324096679688, 249.9212646484375, 66.57737731933594, 41.290313720703125, 8.625672340393066, -1.8891576528549194, -23.439178466796875, -24.329832077026367], [139.0714874267578, 5.7768049240112305, 7.088499069213867, -46.368133544921875, -5.691300392150879, -22.899961471557617, 66.57737731933594, 228.0211944580078, 92.83458709716797, 2.149132251739502, -17.906187057495117, -23.59342384338379, 16.348983764648438], [-102.89314270019531, 56.29058837890625, 56.45832061767578, 42.90536117553711, 57.89529037475586, 22.808395385742188, 41.290313720703125, 92.83458709716797, 127.29413604736328, 33.12619400024414, -3.8729848861694336, -17.806961059570312, -2.5057363510131836], [-11.017921447753906, -75.5124740600586, 4.732539653778076, 13.668865203857422, 10.883054733276367, 29.610200881958008, 8.625672340393066, 2.149132251739502, 33.12619400024414, 85.8080062866211, 21.312679290771484, -4.671224594116211, -16.66802215576172], [-60.33891677856445, 52.69697570800781, -21.012372970581055, 25.892297744750977, 11.50883960723877, -1.0255054235458374, -1.8891576528549194, -17.906187057495117, -3.8729848861694336, 21.312679290771484, 80.85163116455078, 29.297761917114258, -3.3411850929260254], [-38.110267639160156, -62.132381439208984, -7.24583625793457, 14.89621639251709, 0.7641662955284119, -16.139202117919922, -23.439178466796875, -23.59342384338379, -17.806961059570312, -4.671224594116211, 29.297761917114258, 85.78881072998047, 24.399723052978516], [162.3617706298828, 83.88384246826172, -42.74416732788086, -64.74652862548828, -42.77580261230469, -50.42766571044922, -24.329832077026367, 16.348983764648438, -2.5057363510131836, -16.66802215576172, -3.3411850929260254, 24.399723052978516, 95.60120391845703]], "lowlevel.gfcc.icov": [[0.00021905214816797525, -0.0001262638543266803, 0.00030319616780616343, -0.00016331791994161904, 0.0001671360369073227, -3.366961027495563e-05, 0.00010579746594885364, -0.00031776519608683884, 0.00037744417204521596, -0.0003608654369600117, 0.0004123093094676733, -5.363018863135949e-05, -0.00012291583698242903], [-0.0001262638543266803, 0.002211121143773198, -0.0007019235636107624, 0.0014607729390263557, -0.001470339484512806, 0.002164879348129034, -0.0025461281184107065, 0.0023963211569935083, -0.002384219318628311, 0.002942448714748025, -0.00357594876550138, 0.003096753964200616, -0.002088747452944517], [0.00030319616780616343, -0.0007019235636107624, 0.002634624019265175, -0.001648159697651863, 0.0008811147999949753, -0.0013151253806427121, 0.0011959676630795002, -0.001171683194115758, 0.0004040391359012574, -0.0008420916274189949, 0.002136270049959421, -0.0009644018718972802, 0.0005525579326786101], [-0.00016331791994161904, 0.0014607729390263557, -0.001648159697651863, 0.0045623392798006535, -0.003207557601854205, 0.002551884623244405, -0.0018832014175131917, 0.002559093991294503, -0.0022622121032327414, 0.0020321919582784176, -0.003096566069871187, 0.0014017155626788735, 0.0001716230035526678], [0.0001671360369073227, -0.001470339484512806, 0.0008811147999949753, -0.003207557601854205, 0.006693539209663868, -0.004609427880495787, 0.002671241294592619, -0.0018375238869339228, -0.0003624147502705455, -0.0004994393675588071, 0.001951675396412611, -0.00220598210580647, 0.0013201750116422772], [-3.366961027495563e-05, 0.002164879348129034, -0.0013151253806427121, 0.002551884623244405, -0.004609427880495787, 0.011248908005654812, -0.00870586559176445, 0.004942280240356922, -0.0017160101560875773, 0.0002083261642837897, -0.0020382811781018972, 0.0026739342138171196, -0.0006540751201100647], [0.00010579746594885364, -0.0025461281184107065, 0.0011959676630795002, -0.0018832014175131917, 0.002671241294592619, -0.00870586559176445, 0.012048565782606602, -0.0058698090724647045, 0.0022064736112952232, -0.0015697857597842813, 0.002721196971833706, -0.002631593029946089, 0.0025377317797392607], [-0.00031776519608683884, 0.0023963211569935083, -0.001171683194115758, 0.002559093991294503, -0.0018375238869339228, 0.004942280240356922, -0.0058698090724647045, 0.011005822569131851, -0.008619399741292, 0.004445669706910849, -0.00332903815433383, 0.0037094091530889273, -0.0024587365332990885], [0.00037744417204521596, -0.002384219318628311, 0.0004040391359012574, -0.0022622121032327414, -0.0003624147502705455, -0.0017160101560875773, 0.0022064736112952232, -0.008619399741292, 0.01816779375076294, -0.009277968667447567, 0.0048100887797772884, -0.0017501401016488671, 0.0005411244346760213], [-0.0003608654369600117, 0.002942448714748025, -0.0008420916274189949, 0.0020321919582784176, -0.0004994393675588071, 0.0002083261642837897, -0.0015697857597842813, 0.004445669706910849, -0.009277968667447567, 0.02008306048810482, -0.00961153395473957, 0.005004186183214188, -0.0005972887738607824], [0.0004123093094676733, -0.00357594876550138, 0.002136270049959421, -0.003096566069871187, 0.001951675396412611, -0.0020382811781018972, 0.002721196971833706, -0.00332903815433383, 0.0048100887797772884, -0.00961153395473957, 0.022378891706466675, -0.010654015466570854, 0.004306935239583254], [-5.363018863135949e-05, 0.003096753964200616, -0.0009644018718972802, 0.0014017155626788735, -0.00220598210580647, 0.0026739342138171196, -0.002631593029946089, 0.0037094091530889273, -0.0017501401016488671, 0.005004186183214188, -0.010654015466570854, 0.020102227106690407, -0.007664981298148632], [-0.00012291583698242903, -0.002088747452944517, 0.0005525579326786101, 0.0001716230035526678, 0.0013201750116422772, -0.0006540751201100647, 0.0025377317797392607, -0.0024587365332990885, 0.0005411244346760213, -0.0005972887738607824, 0.004306935239583254, -0.007664981298148632, 0.016193751245737076]], "lowlevel.mfcc.cov": [[6970.962890625, 161.2061004638672, -752.6842041015625, -316.3590087890625, -438.2585144042969, -486.5193176269531, -104.3604507446289, -195.00755310058594, 33.74577331542969, -54.108333587646484, -141.97520446777344, -88.79444122314453, -49.423099517822266], [161.2061004638672, 1098.2242431640625, -30.97303009033203, -132.76687622070312, -74.41451263427734, -79.88336181640625, 40.97099685668945, 40.995277404785156, 55.50527572631836, 53.773094177246094, -23.41497039794922, -42.397647857666016, -19.266637802124023], [-752.6842041015625, -30.97303009033203, 502.1761474609375, 155.07797241210938, 74.34583282470703, 68.8763198852539, 4.588598728179932, 29.3771915435791, 33.958648681640625, 7.249159812927246, 21.593873977661133, 34.83640670776367, 9.664612770080566], [-316.3590087890625, -132.76687622070312, 155.07797241210938, 432.5345764160156, 212.6663360595703, 74.89771270751953, -7.047564506530762, 34.57501220703125, -5.528813362121582, -20.49701499938965, 18.5982608795166, 71.22607421875, 19.471582412719727], [-438.2585144042969, -74.41451263427734, 74.34583282470703, 212.6663360595703, 314.86749267578125, 119.50691986083984, 13.865476608276367, 40.074283599853516, 19.38595962524414, 10.699722290039062, 25.699148178100586, 51.572628021240234, 7.6349897384643555], [-486.5193176269531, -79.88336181640625, 68.8763198852539, 74.89771270751953, 119.50691986083984, 431.4551086425781, 136.9367218017578, 57.100868225097656, -14.83934211730957, 17.03643798828125, 65.25000762939453, 25.580413818359375, 23.939987182617188], [-104.3604507446289, 40.97099685668945, 4.588598728179932, -7.047564506530762, 13.865476608276367, 136.9367218017578, 168.25823974609375, 85.90076446533203, 26.63962173461914, 35.32353973388672, 45.6871223449707, 19.090789794921875, 13.428293228149414], [-195.00755310058594, 40.995277404785156, 29.3771915435791, 34.57501220703125, 40.074283599853516, 57.100868225097656, 85.90076446533203, 162.8387908935547, 81.68461608886719, 38.30363845825195, 45.927940368652344, 22.9759578704834, 21.891250610351562], [33.74577331542969, 55.50527572631836, 33.958648681640625, -5.528813362121582, 19.38595962524414, -14.83934211730957, 26.63962173461914, 81.68461608886719, 166.0360107421875, 85.98076629638672, 31.0225830078125, -4.452383995056152, 14.680471420288086], [-54.108333587646484, 53.773094177246094, 7.249159812927246, -20.49701499938965, 10.699722290039062, 17.03643798828125, 35.32353973388672, 38.30363845825195, 85.98076629638672, 141.27496337890625, 62.74369430541992, -0.12295977771282196, 9.787137985229492], [-141.97520446777344, -23.41497039794922, 21.593873977661133, 18.5982608795166, 25.699148178100586, 65.25000762939453, 45.6871223449707, 45.927940368652344, 31.0225830078125, 62.74369430541992, 121.86847686767578, 41.769325256347656, 10.87592601776123], [-88.79444122314453, -42.397647857666016, 34.83640670776367, 71.22607421875, 51.572628021240234, 25.580413818359375, 19.090789794921875, 22.9759578704834, -4.452383995056152, -0.12295977771282196, 41.769325256347656, 116.10133361816406, 25.729726791381836], [-49.423099517822266, -19.266637802124023, 9.664612770080566, 19.471582412719727, 7.6349897384643555, 23.939987182617188, 13.428293228149414, 21.891250610351562, 14.680471420288086, 9.787137985229492, 10.87592601776123, 25.729726791381836, 61.09490966796875]], "lowlevel.mfcc.icov": [[0.00020342050993349403, -7.602775895065861e-06, 0.00029473405447788537, -0.00011101739073637873, 0.00023305389913730323, 0.00011408812133595347, -0.00015104749763850123, 0.0003253576287534088, -0.0003547683882061392, 0.00015152501873672009, 5.94190823903773e-05, -8.860351954353973e-05, 8.141850412357599e-05], [-7.602775895065861e-06, 0.0010172338224947453, -5.826709821121767e-05, 0.00023661919112782925, 1.07099513115827e-05, 0.0002192866668337956, -0.00033573483233340085, -0.0002887443988583982, 2.066030901914928e-05, -0.0004521720693446696, 0.00045332967420108616, 6.882729940116405e-05, 0.00029621802968904376], [0.00029473405447788537, -5.826709821121767e-05, 0.0027645521331578493, -0.00101446732878685, 0.0005879784002900124, -0.0002666829386726022, 0.00011585640459088609, 0.0005233812844380736, -0.0012609612895175815, 0.00039719586493447423, 1.814237293729093e-05, -0.0004610647156368941, 0.00035438008490018547], [-0.00011101739073637873, 0.00023661919112782925, -0.00101446732878685, 0.0041802204214036465, -0.002511337399482727, 5.7578810810809955e-05, 0.0006461002049036324, -0.0009165555238723755, 0.0007750049699097872, 0.00033270876156166196, 6.709497392876074e-05, -0.0009504443150945008, -0.0005604995531029999], [0.00023305389913730323, 1.07099513115827e-05, 0.0005879784002900124, -0.002511337399482727, 0.0058068279176950455, -0.001387192402034998, 0.0009255284094251692, -0.0002301536442246288, -0.0011476181680336595, -0.00047057290794327855, 0.0007152908365242183, -0.0014532387722283602, 0.0014320542104542255], [0.00011408812133595347, 0.0002192866668337956, -0.0002666829386726022, 5.7578810810809955e-05, -0.001387192402034998, 0.004138890188187361, -0.0034589008428156376, 0.0006875445251353085, 0.0008870011661201715, 0.00044549230369739234, -0.0014167034532874823, 0.0011761578498408198, -0.0012769321911036968], [-0.00015104749763850123, -0.00033573483233340085, 0.00011585640459088609, 0.0006461002049036324, 0.0009255284094251692, -0.0034589008428156376, 0.011892042122781277, -0.005783746484667063, 0.0015426154714077711, -0.0018583722412586212, -6.731896428391337e-05, -0.001200807630084455, 0.000690723187290132], [0.0003253576287534088, -0.0002887443988583982, 0.0005233812844380736, -0.0009165555238723755, -0.0002301536442246288, 0.0006875445251353085, -0.005783746484667063, 0.013036118820309639, -0.00649181567132473, 0.0030669241677969694, -0.0024249893613159657, -0.00012451563088689, -0.0017062610713765025], [-0.0003547683882061392, 2.066030901914928e-05, -0.0012609612895175815, 0.0007750049699097872, -0.0011476181680336595, 0.0008870011661201715, 0.0015426154714077711, -0.00649181567132473, 0.013104068115353584, -0.0070751928724348545, 0.0013103787787258625, 0.0013059003977105021, -0.001343697658739984], [0.00015152501873672009, -0.0004521720693446696, 0.00039719586493447423, 0.00033270876156166196, -0.00047057290794327855, 0.00044549230369739234, -0.0018583722412586212, 0.0030669241677969694, -0.0070751928724348545, 0.014336456544697285, -0.006745308171957731, 0.0018686068942770362, -0.0011778295738622546], [5.94190823903773e-05, 0.00045332967420108616, 1.814237293729093e-05, 6.709497392876074e-05, 0.0007152908365242183, -0.0014167034532874823, -6.731896428391337e-05, -0.0024249893613159657, 0.0013103787787258625, -0.006745308171957731, 0.014570100232958794, -0.004941019229590893, 0.0017690788954496384], [-8.860351954353973e-05, 6.882729940116405e-05, -0.0004610647156368941, -0.0009504443150945008, -0.0014532387722283602, 0.0011761578498408198, -0.001200807630084455, -0.00012451563088689, 0.0013059003977105021, 0.0018686068942770362, -0.004941019229590893, 0.012785661965608597, -0.0047629899345338345], [8.141850412357599e-05, 0.00029621802968904376, 0.00035438008490018547, -0.00056049955