{"song_id": "1182272259872804904", "download": "https://cdn.discordapp.com/attachments/1135903449314238464/1182272259872804904/chirp.mp4?ex=658417d8&amp", "lyrics": "\u05d2 \u05d0\u05d7\u05ea \u05d4\u05d0\u05dc\u05d5\u05e4\u05d4 \n\u05de\u05e0\u05e6\u05d7\u05ea \u05db\u05dc \u05db\u05d9\u05ea\u05d4\n\u05e7\u05d5\u05e8\u05e2\u05ea \u05d0\u05ea \u05db\u05d5\u05dc\u05dd \n\u05e9\u05e8\u05d4 \u05d4\u05db\u05d9 \u05de\u05d5\u05e9\u05dc\u05dd.\n\u05e2\u05d5\u05e9\u05d9\u05dd \u05e4\u05d4 \u05de\u05e1\u05d9\u05d1\u05d4 \n\u05d9\u05d0\u05d0\u05dc\u05d4 \u05d2\u05de\u05d1\u05d4", "style": ["BITBOX"], "essentia_features": {"lowlevel.average_loudness": 0.8703196048736572, "lowlevel.barkbands_crest.mean": 16.670055389404297, "lowlevel.barkbands_crest.stdev": 6.776760578155518, "lowlevel.barkbands_flatness_db.mean": 0.3986753523349762, "lowlevel.barkbands_flatness_db.stdev": 0.14191029965877533, "lowlevel.barkbands_kurtosis.mean": 599.8042602539062, "lowlevel.barkbands_kurtosis.stdev": 3490.271484375, "lowlevel.barkbands_skewness.mean": 3.6774327754974365, "lowlevel.barkbands_skewness.stdev": 11.538493156433105, "lowlevel.barkbands_spread.mean": 4.99994421005249, "lowlevel.barkbands_spread.stdev": 6.191579341888428, "lowlevel.dissonance.mean": 0.41499826312065125, "lowlevel.dissonance.stdev": 0.08631812781095505, "lowlevel.dynamic_complexity": 5.5255632400512695, "lowlevel.erbbands_crest.mean": 20.77703857421875, "lowlevel.erbbands_crest.stdev": 9.075461387634277, "lowlevel.erbbands_flatness_db.mean": 0.46535560488700867, "lowlevel.erbbands_flatness_db.stdev": 0.13150836527347565, "lowlevel.erbbands_kurtosis.mean": 19.379512786865234, "lowlevel.erbbands_kurtosis.stdev": 46.163368225097656, "lowlevel.erbbands_skewness.mean": 1.5105907917022705, "lowlevel.erbbands_skewness.stdev": 2.488696575164795, "lowlevel.erbbands_spread.mean": 7.64190149307251, "lowlevel.erbbands_spread.stdev": 8.664750099182129, "lowlevel.hfc.mean": 20.066150665283203, "lowlevel.hfc.stdev": 28.613454818725586, "lowlevel.loudness_ebu128.integrated": -15.050017356872559, "lowlevel.loudness_ebu128.loudness_range": 4.730547904968262, "lowlevel.loudness_ebu128.momentary.mean": -16.96870231628418, "lowlevel.loudness_ebu128.momentary.stdev": 4.601139068603516, "lowlevel.loudness_ebu128.short_term.mean": -15.774136543273926, "lowlevel.loudness_ebu128.short_term.stdev": 1.5342906713485718, "lowlevel.melbands_crest.mean": 18.71137046813965, "lowlevel.melbands_crest.stdev": 7.674221038818359, "lowlevel.melbands_flatness_db.mean": 0.37259989976882935, "lowlevel.melbands_flatness_db.stdev": 0.15354005992412567, "lowlevel.melbands_kurtosis.mean": 24.706939697265625, "lowlevel.melbands_kurtosis.stdev": 60.67863464355469, "lowlevel.melbands_skewness.mean": 1.6988967657089233, "lowlevel.melbands_skewness.stdev": 2.6880576610565186, "lowlevel.melbands_spread.mean": 10.041520118713379, "lowlevel.melbands_spread.stdev": 15.051553726196289, "lowlevel.pitch_salience.mean": 0.44207561016082764, "lowlevel.pitch_salience.stdev": 0.21636733412742615, "lowlevel.silence_rate_20dB.mean": 1.0, "lowlevel.silence_rate_20dB.stdev": 0.0, "lowlevel.silence_rate_30dB.mean": 0.9899598360061646, "lowlevel.silence_rate_30dB.stdev": 0.09969580173492432, "lowlevel.silence_rate_60dB.mean": 0.32931727170944214, "lowlevel.silence_rate_60dB.stdev": 0.4699638783931732, "lowlevel.spectral_centroid.mean": 1552.8582763671875, "lowlevel.spectral_centroid.stdev": 735.7578125, "lowlevel.spectral_complexity.mean": 5.522088527679443, "lowlevel.spectral_complexity.stdev": 4.427289962768555, "lowlevel.spectral_decrease.mean": -3.5028084877097854e-09, "lowlevel.spectral_decrease.stdev": 5.157096083507895e-09, "lowlevel.spectral_energy.mean": 0.015040449798107147, "lowlevel.spectral_energy.stdev": 0.021929271519184113, "lowlevel.spectral_energyband_high.mean": 0.00019932731811422855, "lowlevel.spectral_energyband_high.stdev": 0.0005444829002954066, "lowlevel.spectral_energyband_low.mean": 1.5446161683030368e-07, "lowlevel.spectral_energyband_low.stdev": 5.333023409548332e-07, "lowlevel.spectral_energyband_middle_high.mean": 0.012817750684916973, "lowlevel.spectral_energyband_middle_high.stdev": 0.020749224349856377, "lowlevel.spectral_energyband_middle_low.mean": 0.002126226667314768, "lowlevel.spectral_energyband_middle_low.stdev": 0.004830142483115196, "lowlevel.spectral_entropy.mean": 6.111363410949707, "lowlevel.spectral_entropy.stdev": 1.370146632194519, "lowlevel.spectral_flux.mean": 0.0471743643283844, "lowlevel.spectral_flux.stdev": 0.0443907156586647, "lowlevel.spectral_kurtosis.mean": 29.829740524291992, "lowlevel.spectral_kurtosis.stdev": 57.456809997558594, "lowlevel.spectral_rms.mean": 0.00308263604529202, "lowlevel.spectral_rms.stdev": 0.0022739777341485023, "lowlevel.spectral_rolloff.mean": 1957.7227783203125, "lowlevel.spectral_rolloff.stdev": 2140.571044921875, "lowlevel.spectral_skewness.mean": 3.206541061401367, "lowlevel.spectral_skewness.stdev": 2.6762256622314453, "lowlevel.spectral_spread.mean": 2620472.25, "lowlevel.spectral_spread.stdev": 2336667.75, "lowlevel.spectral_strongpeak.mean": 3.3457415103912354, "lowlevel.spectral_strongpeak.stdev": 3.3144147396087646, "lowlevel.zerocrossingrate.mean": 0.0750541239976883, "lowlevel.zerocrossingrate.stdev": 0.06280280649662018, "metadata.audio_properties.analysis.equal_loudness": 0.0, "metadata.audio_properties.analysis.length": 23.082653045654297, "metadata.audio_properties.analysis.sample_rate": 44100.0, "metadata.audio_properties.analysis.start_time": 0.0, "metadata.audio_properties.bit_rate": 117250.0, "metadata.audio_properties.length": 23.082666397094727, "metadata.audio_properties.lossless": 0.0, "metadata.audio_properties.number_channels": 1.0, "metadata.audio_properties.replay_gain": -13.183996200561523, "metadata.audio_properties.sample_rate": 48000.0, "rhythm.beats_count": 39.0, "rhythm.beats_loudness.mean": 0.032104142010211945, "rhythm.beats_loudness.stdev": 0.03400763124227524, "rhythm.bpm": 100.86869049072266, "rhythm.bpm_histogram_first_peak_bpm": 101.0, "rhythm.bpm_histogram_first_peak_weight": 0.5789473652839661, "rhythm.bpm_histogram_second_peak_bpm": 108.0, "rhythm.bpm_histogram_second_peak_spread": 0.46666663885116577, "rhythm.bpm_histogram_second_peak_weight": 0.21052631735801697, "rhythm.danceability": 1.3295199871063232, "rhythm.onset_rate": 3.5924739837646484, "tonal.chords_changes_rate": 0.05410821735858917, "tonal.chords_number_rate": 0.016032064333558083, "tonal.chords_strength.mean": 0.4891441762447357, "tonal.chords_strength.stdev": 0.11445276439189911, "tonal.hpcp_crest.mean": 13.799643516540527, "tonal.hpcp_crest.stdev": 6.0568156242370605, "tonal.hpcp_entropy.mean": 1.8075686693191528, "tonal.hpcp_entropy.stdev": 0.6655900478363037, "tonal.key_edma.strength": 0.5624828934669495, "tonal.key_krumhansl.strength": 0.5719382166862488, "tonal.key_temperley.strength": 0.568853497505188, "tonal.tuning_diatonic_strength": 0.5262525081634521, "tonal.tuning_equal_tempered_deviation": 0.17229898273944855, "tonal.tuning_frequency": 436.20416259765625, "tonal.tuning_nontempered_energy_ratio": 0.8251849412918091, "lowlevel.barkbands.mean": [2.3696840401044028e-07, 3.466690046138865e-08, 2.0787888743711846e-08, 1.2925812598041375e-07, 1.9281562799733365e-06, 7.654742512386292e-05, 7.176878716563806e-05, 0.0002837112406268716, 0.0014824934769421816, 0.0004010894917882979, 0.0007386274519376457, 0.007242053747177124, 0.0015664554666727781, 0.0004988269065506756, 0.0015742465620860457, 0.0004689478955697268, 0.00018747833382803947, 0.0001357720757368952, 8.82031672517769e-05, 4.8368150601163507e-05, 6.248459249036387e-05, 4.244795491104014e-05, 1.1796466424129903e-05, 1.687329131527804e-05, 2.452005173836369e-05, 1.5007306501502171e-05, 4.011492933386762e-07], "lowlevel.barkbands.stdev": [7.312463594644214e-07, 1.1630249474592347e-07, 6.344263425717145e-08, 2.1717085019190563e-06, 8.79430263012182e-06, 0.0011508617317304015, 0.00028858176665380597, 0.0009685231489129364, 0.00424590241163969, 0.0013318313285708427, 0.0021785676945000887, 0.018388399854302406, 0.003991179168224335, 0.00237817014567554, 0.006707038264721632, 0.0033316556364297867, 0.000704414036590606, 0.0006100501632317901, 0.0002772472216747701, 0.0001330085942754522, 0.00015565851936116815, 0.00015479886496905237, 4.349491428001784e-05, 8.445009007118642e-05, 0.00013515021419152617, 8.097689715214074e-05, 3.1786396448296728e-06], "lowlevel.erbbands.mean": [2.051547653536545e-06, 6.432772352127358e-06, 2.49289605562808e-05, 0.00024056181428022683, 0.002813576953485608, 0.010792325250804424, 0.10945503413677216, 0.9665156006813049, 0.9459128379821777, 1.4906961917877197, 11.909051895141602, 41.65965270996094, 15.494604110717773, 21.551332473754883, 70.00495910644531, 330.2337646484375, 93.49293518066406, 36.97823715209961, 69.14124298095703, 65.84937286376953, 16.516502380371094, 9.875275611877441, 11.347535133361816, 4.609153747558594, 3.449082612991333, 2.349877119064331, 2.617936611175537, 2.209181070327759, 1.7393689155578613, 0.671626627445221, 0.3164783716201782, 0.268436998128891, 0.3410568833351135, 0.2995116710662842, 0.15458402037620544, 0.08960513025522232, 0.020997339859604836, 0.0026810772251337767, 7.090787403285503e-05, 2.1217429093667306e-05], "lowlevel.erbbands.stdev": [5.902124485146487e-06, 2.14791016333038e-05, 0.00010694569209590554, 0.0029096577782183886, 0.014954364858567715, 0.05503876134753227, 1.5371589660644531, 14.676262855529785, 4.539796829223633, 3.668351173400879, 34.42015075683594, 117.6704330444336, 43.6201057434082, 57.49278259277344, 132.4838409423828, 875.5521240234375, 203.27542114257812, 116.72403717041016, 313.8410949707031, 441.3960876464844, 132.4773712158203, 30.887908935546875, 44.75689697265625, 18.635122299194336, 8.703733444213867, 6.403204441070557, 6.336550712585449, 6.048198223114014, 6.420328617095947, 2.397038459777832, 1.1508169174194336, 1.0623953342437744, 2.010396957397461, 1.7550201416015625, 0.8114656209945679, 0.4869481027126312, 0.1208529844880104, 0.017367158085107803, 0.0003971087571699172, 2.9221351724117994e-05], "lowlevel.gfcc.mean": [-250.38739013671875, 7.473062038421631, -258.35137939453125, -51.145668029785156, -70.43729400634766, 19.03221893310547, -8.60588264465332, -8.369489669799805, -17.28235626220703, -3.2686305046081543, 4.0918474197387695, -5.80449104309082, -7.273276329040527], "lowlevel.melbands.mean": [2.2682078437696873e-08, 1.1324527982026211e-08, 9.250720012232705e-08, 4.723137578821479e-07, 3.5214209219702752e-06, 1.875018460850697e-05, 1.4974407349654939e-05, 1.9288980183773674e-05, 0.00012549763778224587, 0.0002511445200070739, 6.592306453967467e-05, 7.742847810732201e-05, 0.00012705025437753648, 0.000880372419487685, 0.00039206870133057237, 0.0001519573270343244, 5.674981730408035e-05, 0.0001001477794488892, 9.017265256261453e-05, 5.962936847936362e-05, 1.3892878996557556e-05, 7.697462024225388e-06, 1.4900406313245185e-05, 5.532372597372159e-06, 3.5919972560805036e-06, 2.8552722142194398e-06, 1.6013224239941337e-06, 1.5371366544059129e-06, 1.4697286587761482e-06, 1.7468572650614078e-06, 1.1623883438005578e-06, 1.038783466356108e-06, 6.687989184683829e-07, 2.754544539129711e-07, 1.874725654715803e-07, 1.4479778087661543e-07, 1.695332372264602e-07, 2.189699443988502e-07, 2.5768162004169426e-07, 2.6098456373802037e-07], "lowlevel.melbands.stdev": [6.085208781314577e-08, 4.533823627639322e-08, 8.946032608037058e-07, 2.242250729977968e-06, 4.912053918815218e-05, 0.0002812235616147518, 6.809271144447848e-05, 4.650487608159892e-05, 0.0003771635820157826, 0.0007051369757391512, 0.00020807492546737194, 0.0002228384546469897, 0.00031241486431099474, 0.0022340489085763693, 0.001020254916511476, 0.0003914056869689375, 0.00026056350907310843, 0.0004570809833239764, 0.00040985996020026505, 0.0004499041533563286, 0.00015921369777061045, 2.2976488253334537e-05, 5.6292035878868774e-05, 2.478151691320818e-05, 1.8112252291757613e-05, 7.913145964266732e-06, 4.5135711843613535e-06, 4.590217486111214e-06, 3.7577258353849174e-06, 4.652116331271827e-06, 3.6783351333724568e-06, 4.049645667691948e-06, 2.7620005766948452e-06, 1.0827723144757329e-06, 6.572674919880228e-07, 6.693744012409297e-07, 6.494292961178871e-07, 1.2372418041195488e-06, 1.6848310906425468e-06, 1.5240232187352376e-06], "lowlevel.melbands128.mean": [6.708744848538117e-08, 2.2042499381313974e-08, 1.148986239485339e-08, 9.539470546826578e-09, 9.591913041617772e-09, 1.0651795889771165e-08, 2.6415733600515523e-08, 8.353794100912637e-08, 1.9413195673223527e-07, 6.483811034740938e-07, 5.997903258503356e-07, 1.634418111962077e-07, 2.4253034780485905e-07, 1.00753832157352e-05, 3.314380955998786e-05, 1.4049925994186196e-05, 7.020601515250746e-06, 2.0845040126005188e-05, 1.754303593770601e-05, 1.0171487701882143e-05, 1.2658821106015239e-05, 6.180825585033745e-05, 0.00010536977788433433, 0.00020907008729409426, 0.0003811042115557939, 0.00024000502889975905, 4.524128598859534e-05, 8.620216249255463e-05, 2.2284839360509068e-05, 5.187488204683177e-05, 8.259669994004071e-05, 0.00015767001605127007, 0.00010343819303670898, 7.605685823364183e-05, 0.0003815130621660501, 0.0016528441337868571, 0.0009690878796391189, 0.00011050586181227118, 0.0002062558924080804, 0.00021047618065495044, 0.00016091829456854612, 1.1803354937001131e-05, 4.8161255108425394e-05, 0.0001096116830012761, 1.1649090083665214e-05, 0.0001127867799368687, 0.0002049564354820177, 1.4065541108720936e-05, 6.104879139456898e-05, 0.00018826362793333828, 1.1493651072669309e-05, 5.317340310284635e-06, 2.7810727260657586e-05, 8.723629434825853e-06, 5.348974355001701e-06, 3.879576070175972e-06, 1.1231976714043412e-05, 2.1446356186061166e-05, 1.1379720490367617e-05, 1.5364117643912323e-05, 1.972083282453241e-06, 1.3966647429697332e-06, 5.585678081843071e-06, 3.650399776233826e-06, 1.4059919521969277e-06, 3.4455867989890976e-06, 3.5811585803458e-06, 1.2911224303024937e-06, 1.2014011190331075e-06, 1.8251485016662627e-06, 1.142605469794944e-06, 2.070536993414862e-06, 1.252211745850218e-06, 9.692342928246944e-07, 2.0885786398139317e-06, 2.2325814370560693e-06, 1.3359391459744074e-06, 1.1594628404054674e-06, 1.1867317653013743e-06, 1.1173310667800251e-06, 1.023791355692083e-06, 9.209981612912088e-07, 1.2268470754861482e-06, 5.63486707960692e-07, 3.505383006086049e-07, 2.782888088859181e-07, 2.822661713253183e-07, 2.0040448589497828e-07, 2.1013508444411855e-07, 1.3539975896037504e-07, 1.5202063252672815e-07, 1.3633693640713318e-07, 1.5357692007000878e-07, 1.7275694119689433e-07, 1.7638214444559708e-07, 1.8066877771616419e-07, 1.9855760058362648e-07, 3.366036480656476e-07, 2.363115356729395e-07, 2.3576465935093438e-07, 2.569721573308925e-07, 2.8605899160538684e-07, 2.4824234401421563e-07, 1.8943784141356446e-07, 1.3477327343025536e-07, 1.5074593306962925e-07, 1.8603545015594136e-07, 1.9265102935150935e-07, 1.738601724809996e-07, 1.4037780715625559e-07, 8.684395425007096e-08, 5.976593087098081e-08, 6.290592580171506e-08, 5.983955020383291e-08, 3.947510762714046e-08, 2.6968278277195168e-08, 1.3294996215051924e-08, 4.213158266708206e-09, 2.5982899859444686e-11, 1.9958984551898817e-12, 1.8024619340487047e-12, 1.700332149384698e-12, 1.6626801931790558e-12, 1.629954526384536e-12, 1.5816242629820843e-12, 1.5220869269833015e-12, 1.4873734839257469e-12, 1.4759612802783817e-12], "lowlevel.melbands128.stdev": [2.04771424705541e-07, 6.44707753849616e-08, 4.270405895567819e-08, 3.329359543613464e-08, 3.1836830061138244e-08, 3.165918727177086e-08, 2.935575480478292e-07, 1.4881296692692558e-06, 1.4667285768155125e-06, 2.970183231809642e-06, 3.4972290450241417e-06, 7.543943070231762e-07, 1.7195751524923253e-06, 0.00014304419164545834, 0.0005266032530926168, 0.00020884510013274848, 3.0546518246410415e-05, 9.32447801460512e-05, 9.021987352753058e-05, 3.4253538615303114e-05, 4.195054862066172e-05, 0.00021861231653019786, 0.00045291532296687365, 0.0008644255576655269, 0.001212621689774096, 0.0008708534296602011, 0.00016355013940483332, 0.0003846006584353745, 8.574684761697426e-05, 0.00028385984478518367, 0.00030681490898132324, 0.0005511891795322299, 0.00038160631083883345, 0.0002903723216149956, 0.0012602809583768249, 0.00483124703168869, 0.002834242768585682, 0.0011288406094536185, 0.0008115686941891909, 0.0005707629607059062, 0.0005675354041159153, 3.648369965958409e-05, 0.0002446900471113622, 0.0005959171103313565, 5.6633769418112934e-05, 0.0005979894776828587, 0.0010859977919608355, 8.112526847980917e-05, 0.00042278936598449945, 0.00153695500921458, 8.303013601107523e-05, 6.082481922931038e-05, 0.00040133847505785525, 5.73529141547624e-05, 1.7879043298307806e-05, 1.349348258372629e-05, 4.944160536979325e-05, 0.00012652647274080664, 4.747654020320624e-05, 9.316192881669849e-05, 7.534191354352515e-06, 5.800340204586973e-06, 3.422249210416339e-05, 1.8654813175089657e-05, 4.860545232077129e-06, 1.060999056790024e-05, 1.130438431573566e-05, 4.560583420243347e-06, 4.720608558272943e-06, 7.128730430849828e-06, 4.2176461647613905e-06, 9.510728887107689e-06, 4.018187155452324e-06, 3.3725498269632226e-06, 5.688321380148409e-06, 6.8241351982578635e-06, 4.177418759354623e-06, 3.4167362628068076e-06, 3.676777851069346e-06, 5.442377187137026e-06, 4.790117600350641e-06, 3.946509423258249e-06, 6.69877908876515e-06, 2.463684950271272e-06, 1.6356435708075878e-06, 1.2068994692526758e-06, 1.3209895541876904e-06, 8.677880032337271e-07, 7.185917638707906e-07, 5.469989901030203e-07, 8.763286132307258e-07, 6.734640010108706e-07, 7.275216376001481e-07, 6.046948897164839e-07, 8.367792929675488e-07, 9.964519449567888e-07, 1.2360208074824186e-06, 2.374899622736848e-06, 1.5269530422301614e-06, 1.7399258922523586e-06, 1.5061157228046795e-06, 1.818111172724457e-06, 1.5335006082750624e-06, 1.2278918575248099e-06, 7.01141857462062e-07, 8.643108913020114e-07, 1.2498932164817234e-06, 1.0690513363442733e-06, 1.0217995622952003e-06, 8.244313676186721e-07, 5.206341029406758e-07, 3.6893794685965986e-07, 3.922198459349602e-07, 4.126830219775002e-07, 2.540146226692741e-07, 1.9817292695734068e-07, 1.0248413673252799e-07, 4.079972626414019e-08, 5.225281318743669e-10, 6.3711913349251414e-12, 3.6104856084018255e-12, 3.2259232177894726e-12, 3.1549251058859973e-12, 3.0984670124772906e-12, 3.051310289506337e-12, 3.0148550756586845e-12, 2.987853020552933e-12, 2.9715097570048865e-12], "lowlevel.mfcc.mean": [-869.372802734375, 57.48286819458008, -109.50566101074219, -58.43461227416992, -48.07245635986328, 1.6751670837402344, 7.098707675933838, 1.0950793027877808, -4.537259101867676, -12.036285400390625, 10.083867073059082, 17.965530395507812, 1.162891149520874], "lowlevel.spectral_contrast_coeffs.mean": [-0.7941535711288452, -0.7179868221282959, -0.6439967751502991, -0.7055496573448181, -0.7602461576461792, -0.7284364700317383], "lowlevel.spectral_contrast_coeffs.stdev": [0.08710029721260071, 0.13209141790866852, 0.13026854395866394, 0.10636573284864426, 0.06915944814682007, 0.06788545101881027], "lowlevel.spectral_contrast_valleys.mean": [-12.218764305114746, -9.655492782592773, -8.834637641906738, -9.165574073791504, -9.630447387695312, -12.932652473449707], "lowlevel.spectral_contrast_valleys.stdev": [1.2384380102157593, 1.8298532962799072, 1.6755859851837158, 1.538309931755066, 1.9264817237854004, 1.9369187355041504], "rhythm.beats_loudness_band_ratio.mean": [8.370310388272628e-05, 0.0004216970701236278, 0.17429804801940918, 0.6236366629600525, 0.15234915912151337, 0.0652582198381424], "rhythm.beats_loudness_band_ratio.stdev": [0.0001956033956957981, 0.0008545967284590006, 0.22670862078666687, 0.2964106500148773, 0.2378263920545578, 0.1871257871389389], "tonal.hpcp.mean": [0.09933222830295563, 0.10047155618667603, 0.03498757258057594, 0.07295101881027222, 0.07069602608680725, 0.05839717015624046, 0.12296241521835327, 0.10036996006965637, 0.02490588277578354, 0.049223028123378754, 0.05447885021567345, 0.07019992917776108, 0.1409291923046112, 0.09642619639635086, 0.17560693621635437, 0.4092058837413788, 0.28166693449020386, 0.07451439648866653, 0.054803065955638885, 0.03169543668627739, 0.05646224319934845, 0.25066784024238586, 0.2608456611633301, 0.1113860011100769, 0.24682265520095825, 0.23052331805229187, 0.05700415372848511, 0.02517174370586872, 0.023667244240641594, 0.022783011198043823, 0.09070270508527756, 0.11369673907756805, 0.05059482902288437, 0.02743125520646572, 0.021167023107409477, 0.022521214559674263], "tonal.hpcp.stdev": [0.22506006062030792, 0.2456970065832138, 0.09573622792959213, 0.1944746971130371, 0.1792300045490265, 0.1384657472372055, 0.2661679983139038, 0.22753024101257324, 0.07142689824104309, 0.17328669130802155, 0.1835062950849533, 0.14913055300712585, 0.2885420024394989, 0.1975264549255371, 0.23029783368110657, 0.4196440279483795, 0.30046334862709045, 0.1839466243982315, 0.17094871401786804, 0.09189964830875397, 0.11743704229593277, 0.3625331521034241, 0.36934298276901245, 0.19505630433559418, 0.3370959162712097, 0.3435335159301758, 0.14750923216342926, 0.12282810360193253, 0.11328165978193283, 0.08118611574172974, 0.18638628721237183, 0.2566535472869873, 0.1381416916847229, 0.11155150830745697, 0.10225878655910492, 0.07950719445943832], "rhythm.beats_position": [0.5340589284896851, 1.09133780002594, 1.6602267026901245, 2.240725517272949, 2.8444442749023438, 3.4133331775665283, 3.9590022563934326, 4.504671096801758, 5.038730144500732, 5.584399223327637, 6.130067825317383, 6.687346935272217, 7.244625568389893, 7.801904678344727, 8.359183311462402, 8.904852867126465, 9.4853515625, 10.042630195617676, 10.588298797607422, 11.145578384399414, 11.70285701751709, 12.294965744018555, 12.88707447052002, 13.479183197021484, 14.07129192352295, 14.663400650024414, 15.255510330200195, 15.84761905670166, 16.462947845458984, 17.089885711669922, 17.716825485229492, 18.34376335144043, 18.93587303161621, 19.53959083557129, 20.15492057800293, 20.770248413085938, 21.385578155517578, 22.012516021728516, 22.616235733032227], "rhythm.bpm_histogram": [0.0, 0.0, 0.0, 0.0, 0.0, 0.0, 0.0, 0.0, 0.0, 0.0, 0.0, 0.0, 0.0, 0.0, 0.0, 0.0, 0.0, 0.0, 0.0, 0.0, 0.0, 0.0, 0.0, 0.0, 0.0, 0.0, 0.0, 0.0, 0.0, 0.0, 0.0, 0.0, 0.0, 0.0, 0.0, 0.0, 0.0, 0.0, 0.0, 0.0, 0.0, 0.0, 0.0, 0.0, 0.0, 0.0, 0.0, 0.0, 0.0, 0.0, 0.0, 0.0, 0.0, 0.0, 0.0, 0.0, 0.0, 0.0, 0.0, 0.0, 0.0, 0.0, 0.0, 0.0, 0.0, 0.0, 0.0, 0.0, 0.0, 0.0, 0.0, 0.0, 0.0, 0.0, 0.0, 0.0, 0.0, 0.0, 0.0, 0.0, 0.0, 0.0, 0.0, 0.0, 0.0, 0.0, 0.0, 0.0, 0.0, 0.0, 0.0, 0.0, 0.0, 0.0, 0.0, 0.0, 0.10526315867900848, 0.0, 0.10526315867900848, 0.07894736528396606, 0.0, 0.21052631735801697, 0.0, 0.05263157933950424, 0.0, 0.05263157933950424, 0.0, 0.0, 0.21052631735801697, 0.0, 0.15789473056793213, 0.0, 0.02631578966975212, 0.0, 0.0, 0.0, 0.0, 0.0, 0.0, 0.0, 0.0, 0.0, 0.0, 0.0, 0.0, 0.0, 0.0, 0.0, 0.0, 0.0, 0.0, 0.0, 0.0, 0.0, 0.0, 0.0, 0.0, 0.0, 0.0, 0.0, 0.0, 0.0, 0.0, 0.0, 0.0, 0.0, 0.0, 0.0, 0.0, 0.0, 0.0, 0.0, 0.0, 0.0, 0.0, 0.0, 0.0, 0.0, 0.0, 0.0, 0.0, 0.0, 0.0, 0.0, 0.0, 0.0, 0.0, 0.0, 0.0, 0.0, 0.0, 0.0, 0.0, 0.0, 0.0, 0.0, 0.0, 0.0, 0.0, 0.0, 0.0, 0.0, 0.0, 0.0, 0.0, 0.0, 0.0, 0.0, 0.0, 0.0, 0.0, 0.0, 0.0, 0.0, 0.0, 0.0, 0.0, 0.0, 0.0, 0.0, 0.0, 0.0, 0.0, 0.0, 0.0, 0.0, 0.0, 0.0, 0.0, 0.0, 0.0, 0.0, 0.0, 0.0, 0.0, 0.0, 0.0, 0.0, 0.0, 0.0, 0.0, 0.0, 0.0, 0.0, 0.0, 0.0, 0.0, 0.0, 0.0, 0.0, 0.0, 0.0, 0.0, 0.0, 0.0, 0.0, 0.0, 0.0, 0.0, 0.0, 0.0, 0.0, 0.0, 0.0, 0.0, 0.0, 0.0, 0.0, 0.0, 0.0], "tonal.chords_histogram": [14.629258155822754, 6.01202392578125, 1.6032063961029053, 0.0, 4.609218597412109, 18.63727378845215, 0.0, 0.0, 0.0, 18.837675094604492, 0.8016031980514526, 0.8016031980514526, 0.0, 0.0, 0.0, 0.0, 0.0, 0.0, 0.0, 0.0, 0.0, 0.0, 6.01202392578125, 28.05611228942871], "tonal.thpcp": [1.0, 0.6883257031440735, 0.18209512531757355, 0.1339254081249237, 0.07745596766471863, 0.13798004388809204, 0.6125714182853699, 0.6374436020851135, 0.2722003757953644, 0.6031747460365295, 0.5633431077003479, 0.13930433988571167, 0.061513639986515045, 0.05783700942993164, 0.055676158517599106, 0.22165542840957642, 0.2778472602367401, 0.1236414983868599, 0.06703533977270126, 0.05172707512974739, 0.05503638833761215, 0.24274389445781708, 0.24552813172340393, 0.08550114929676056, 0.17827460169792175, 0.17276395857334137, 0.14270852506160736, 0.3004903495311737, 0.24527984857559204, 0.06086394190788269, 0.120289146900177, 0.13313309848308563, 0.17155161499977112, 0.34439679980278015, 0.23564225435256958, 0.42914077639579773], "lowlevel.gfcc.cov": [[17797.78125, -1250.3480224609375, -397.7832336425781, 1190.388671875, -3114.206298828125, -689.5905151367188, -511.97149658203125, 1206.1280517578125, -633.0492553710938, 369.24896240234375, -645.3824462890625, -76.59645080566406, 151.2663116455078], [-1250.3480224609375, 4129.56640625, -168.9259033203125, -1574.286376953125, -832.0281982421875, -1114.4310302734375, 255.88780212402344, -84.84390258789062, 464.3149719238281, -547.025146484375, -68.35076141357422, -275.2799072265625, 60.22506332397461], [-397.7832336425781, -168.9259033203125, 1051.304931640625, -92.90560913085938, -274.6105651855469, 72.71553039550781, -193.12240600585938, 179.7600555419922, -262.7910461425781, 61.54793167114258, -139.0467987060547, 194.73318481445312, -34.77521514892578], [1190.388671875, -1574.286376953125, -92.90560913085938, 1245.1116943359375, 195.64755249023438, 207.02381896972656, -256.8858947753906, 3.6086032390594482, -119.72967529296875, 311.742919921875, 26.823827743530273, -58.31428527832031, -8.86719036102295], [-3114.206298828125, -832.0281982421875, -274.6105651855469, 195.64755249023438, 1711.1119384765625, 665.1823120117188, 183.49822998046875, -500.64361572265625, 92.44331359863281, -10.65125560760498, 198.22915649414062, 8.216967582702637, -13.737507820129395], [-689.5905151367188, -1114.4310302734375, 72.71553039550781, 207.02381896972656, 665.1823120117188, 872.2053833007812, 170.53802490234375, -269.005615234375, -287.00775146484375, -58.04605484008789, 119.59741973876953, 183.0430145263672, 60.047637939453125], [-511.97149658203125, 255.88780212402344, -193.12240600585938, -256.8858947753906, 183.49822998046875, 170.53802490234375, 496.2224426269531, -125.28459167480469, -36.79155731201172, -196.54188537597656, 135.21820068359375, 37.24051284790039, -21.491050720214844], [1206.1280517578125, -84.84390258789062, 179.7600555419922, 3.6086032390594482, -500.64361572265625, -269.005615234375, -125.28459167480469, 488.8822326660156, 66.67730712890625, 100.30793762207031, -179.68612670898438, 7.242242813110352, -28.936132431030273], [-633.0492553710938, 464.3149719238281, -262.7910461425781, -119.72967529296875, 92.44331359863281, -287.00775146484375, -36.79155731201172, 66.67730712890625, 520.0873413085938, 78.70323944091797, -62.157630920410156, -175.6935272216797, 2.893665075302124], [369.24896240234375, -547.025146484375, 61.54793167114258, 311.742919921875, -10.65125560760498, -58.04605484008789, -196.54188537597656, 100.30793762207031, 78.70323944091797, 338.64178466796875, -16.764328002929688, -93.57440185546875, -50.628456115722656], [-645.3824462890625, -68.35076141357422, -139.0467987060547, 26.823827743530273, 198.22915649414062, 119.59741973876953, 135.21820068359375, -179.68612670898438, -62.157630920410156, -16.764328002929688, 303.0389404296875, 63.6153450012207, -68.60452270507812], [-76.59645080566406, -275.2799072265625, 194.73318481445312, -58.31428527832031, 8.216967582702637, 183.0430145263672, 37.24051284790039, 7.242242813110352, -175.6935272216797, -93.57440185546875, 63.6153450012207, 332.76849365234375, 28.10568618774414], [151.2663116455078, 60.22506332397461, -34.77521514892578, -8.86719036102295, -13.737507820129395, 60.047637939453125, -21.491050720214844, -28.936132431030273, 2.893665075302124, -50.628456115722656, -68.60452270507812, 28.10568618774414, 201.71163940429688]], "lowlevel.gfcc.icov": [[0.00013708992628380656, 5.233948286331724e-06, 0.00024339974333997816, -9.054279507836327e-05, 0.0002530590572860092, -6.718297663610429e-05, -1.7792855942388996e-05, -0.00010990664304699749, 0.00022842785983812064, -0.00013660428521689028, 0.0002718311734497547, -5.847279680892825e-05, 1.6222385966102593e-05], [5.233948286331724e-06, 0.001775034237653017, -0.0005046252626925707, 0.0012948671355843544, 0.00039572539390064776, 0.001904450124129653, -0.00013396231224760413, 0.0012702425010502338, -0.0006511348183266819, 0.002012514043599367, -0.0006189449341036379, 0.0013313222443684936, -0.0008175528491847217], [0.00024339974333997816, -0.0005046252626925707, 0.00226664450019598, -7.761400047456846e-05, 0.00040370033821091056, -0.0008877613581717014, 0.0005488768802024424, -0.0006756209186278284, 0.001399634755216539, -0.0015192503342404962, 0.0015882148873060942, -0.0013405876234173775, 0.0009343888959847391], [-9.054279507836327e-05, 0.0012948671355843544, -7.761400047456846e-05, 0.00240925420075655, -1.0995816410286352e-05, 0.0011054914211854339, 0.0005276455776765943, 0.0007701600552536547, 5.014921407564543e-05, 0.0004281207802705467, -0.0007283086306415498, 0.0011790760327130556, -0.0006945817731320858], [0.0002530590572860092, 0.00039572539390064776, 0.00040370033821091056, -1.0995816410286352e-05, 0.0019133951282128692, -0.0007590791210532188, -8.725824591238052e-05, 0.0011071489425376058, -0.0007000846089795232, 0.00011952265776926652, 0.0005242747720330954, 2.6478553991182707e-05, 0.00048166466876864433], [-6.718297663610429e-05, 0.001904450124129653, -0.0008877613581717014, 0.0011054914211854339, -0.0007590791210532188, 0.005047352518886328, -0.0010990211740136147, 0.0018063426250591874, 0.0005353580345399678, 0.0017024497501552105, -0.0005014138296246529, 0.0006145855877548456, -0.0018714435864239931], [-1.7792855942388996e-05, -0.00013396231224760413, 0.0005488768802024424, 0.0005276455776765943, -8.725824591238052e-05, -0.0010990211740136147, 0.003772767260670662, -0.0007035476737655699, 3.450354779488407e-05, 0.0015939886216074228, -0.0013362999306991696, 0.0005218039732426405, 0.0006658146157860756], [-0.00010990664304699749, 0.0012702425010502338, -0.0006756209186278284, 0.0007701600552536547, 0.0011071489425376058, 0.0018063426250591874, -0.0007035476737655699, 0.005623592529445887, -0.001421889290213585, 0.00021244000527076423, 0.0018929695943370461, -0.000620236445683986, 0.0006939379381947219], [0.00022842785983812064, -0.0006511348183266819, 0.001399634755216539, 5.014921407564543e-05, -0.0007000846089795232, 0.0005353580345399678, 3.450354779488407e-05, -0.001421889290213585, 0.004595513455569744, -0.0021339943632483482, 0.0010794979752972722, 0.00010636594379320741, -0.0003899534058291465], [-0.00013660428521689028, 0.002012514043599367, -0.0015192503342404962, 0.0004281207802705467, 0.00011952265776926652, 0.0017024497501552105, 0.0015939886216074228, 0.00021244000527076423, -0.0021339943632483482, 0.008641901426017284, -0.0025991732254624367, 0.0032907784916460514, -0.00018274644389748573], [0.0002718311734497547, -0.0006189449341036379, 0.0015882148873060942, -0.0007283086306415498, 0.0005242747720330954, -0.0005014138296246529, -0.0013362999306991696, 0.0018929695943370461, 0.0010794979752972722, -0.0025991732254624367, 0.007440782617777586, -0.0029561363626271486, 0.0028116225730627775], [-5.847279680892825e-05, 0.0013313222443684936, -0.0013405876234173775, 0.0011790760327130556, 2.6478553991182707e-05, 0.0006145855877548456, 0.0005218039732426405, -0.000620236445683986, 0.00010636594379320741, 0.0032907784916460514, -0.0029561363626271486, 0.00640086131170392, -0.001820309436880052], [1.6222385966102593e-05, -0.0008175528491847217, 0.0009343888959847391, -0.0006945817731320858, 0.00048166466876864433, -0.0018714435864239931, 0.0006658146157860756, 0.0006939379381947219, -0.0003899534058291465, -0.00018274644389748573, 0.0028116225730627775, -0.001820309436880052, 0.007250085938721895]], "lowlevel.mfcc.cov": [[17229.232421875, -874.6723022460938, -302.47515869140625, 617.4104614257812, -2168.222900390625, -1734.781494140625, -772.1897583007812, -466.59234619140625, 389.1175231933594, 52.5693244934082, -94.55806732177734, -504.63482666015625, -643.3115234375], [-874.6723022460938, 3963.851806640625, -110.11273193359375, -682.6630249023438, -1039.98388671875, -973.7627563476562, -554.49072265625, 70.13088989257812, 172.57992553710938, -272.1161804199219, -12.86192798614502, 46.81379699707031, -260.42193603515625], [-302.47515869140625, -110.11273193359375, 787.7498779296875, -95.44932556152344, -29.51407241821289, -143.75111389160156, 41.841453552246094, 53.84520721435547, -55.579505920410156, -246.4569549560547, -85.64814758300781, 135.30458068847656, 82.31098937988281], [617.4104614257812, -682.6630249023438, -95.44932556152344, 503.850341796875, 178.60279846191406, 131.1170196533203, 6.855482578277588, -142.65786743164062, -84.59912109375, 169.92233276367188, 105.64006042480469, -82.98661804199219, -92.71994018554688], [-2168.222900390625, -1039.98388671875, -29.51407241821289, 178.60279846191406, 1010.2716064453125, 696.2882690429688, 207.59539794921875, -78.20783233642578, -82.56520080566406, 196.86146545410156, -47.99553680419922, -60.000755310058594, 212.77671813964844], [-1734.781494140625, -973.7627563476562, -143.75111389160156, 131.1170196533203, 696.2882690429688, 929.93896484375, 405.36566162109375, 79.58942413330078, -126.8704833984375, 38.83293151855469, -122.70912170410156, -25.389204025268555, 288.8151550292969], [-772.1897583007812, -554.49072265625, 41.841453552246094, 6.855482578277588, 207.59539794921875, 405.36566162109375, 550.14599609375, 219.87228393554688, -154.68460083007812, -189.6038818359375, -65.09813690185547, 140.21047973632812, 109.66654205322266], [-466.59234619140625, 70.13088989257812, 53.84520721435547, -142.65786743164062, -78.20783233642578, 79.58942413330078, 219.87228393554688, 411.83563232421875, 7.14930534362793, -258.7593994140625, -67.06542205810547, 182.84774780273438, 144.96804809570312], [389.1175231933594, 172.57992553710938, -55.579505920410156, -84.59912109375, -82.56520080566406, -126.8704833984375, -154.68460083007812, 7.14930534362793, 336.6942138671875, 157.51824951171875, -95.31330108642578, -140.72946166992188, 39.53116989135742], [52.5693244934082, -272.1161804199219, -246.4569549560547, 169.92233276367188, 196.86146545410156, 38.83293151855469, -189.6038818359375, -258.7593994140625, 157.51824951171875, 649.696533203125, 170.62229919433594, -300.1136474609375, -129.43128967285156], [-94.55806732177734, -12.86192798614502, -85.64814758300781, 105.64006042480469, -47.99553680419922, -122.70912170410156, -65.09813690185547, -67.06542205810547, -95.31330108642578, 170.62229919433594, 387.8017883300781, 121.70320892333984, -220.98394775390625], [-504.63482666015625, 46.81379699707031, 135.30458068847656, -82.98661804199219, -60.000755310058594, -25.389204025268555, 140.21047973632812, 182.84774780273438, -140.72946166992188, -300.1136474609375, 121.70320892333984, 475.2786560058594, 50.59910583496094], [-643.3115234375, -260.42193603515625, 82.31098937988281, -92.71994018554688, 212.77671813964844, 288.8151550292969, 109.66654205322266, 144.96804809570312, 39.53116989135742, -129.43128967285156, -220.98394775390625, 50.59910583496094, 484.3655700683594]], "lowlevel.mfcc.icov": [[0.0001567235594848171, 0.00018549396190792322, 0.00013964260870125145, -0.0001361509639536962, 0.000409176223911345, 0.00019361898011993617, 6.822084105806425e-05, 0.0001358335866825655, -4.1367358790012076e-05, 7.552877650596201e-05, 0.0002109668421326205, 5.340555071597919e-05, 2.1024394300184213e-05], [0.00018549396190792322, 0.0007474608137272298, 0.0003715265484061092, 0.00045230460818856955, 0.0006835147505626082, 0.00037040634197182953, 0.0005160678410902619, 5.079697075416334e-05, 0.0001288757484871894, 0.00022955890744924545, 0.00034923909697681665, 0.00010129271686309949, 0.00021809281315654516], [0.00013964260870125145, 0.0003715265484061092, 0.001869045663625002, 0.0001835379225667566, -3.183221269864589e-05, 0.0010983663378283381, -0.00011478097439976409, 0.00032185245072469115, 0.000202821014681831, 0.0005775227909907699, 0.00047572486801072955, -9.48017550399527e-05, -0.00024383275012951344], [-0.0001361509639536962, 0.00045230460818856955, 0.0001835379225667566, 0.003483939217403531, -0.00031272953492589295, -0.00028415510314516723, 0.00037238586810417473, 0.00025000155437737703, 0.000805820629466325, -0.00010497906623641029, -0.0005628987564705312, 0.000374162889784202, 0.00045603743637911975], [0.000409176223911345, 0.0006835147505626082, -3.183221269864589e-05, -0.00031272953492589295, 0.0037263501435518265, -0.00144862977322191, 0.0006252106977626681, 0.0008066599839366972, 0.0001285786129301414, -0.000646064174361527, 0.0008413346949964762, -0.0003589325933717191, -6.145297084003687e-05], [0.00019361898011993617, 0.00037040634197182953, 0.0010983663378283381, -0.00028415510314516723, -0.00144862977322191, 0.004552226979285479, -0.001830898690968752, -5.227978545008227e-05, 0.0008682873449288309, -0.00016358304128516465, 0.0007142320391722023, 0.0005342047661542892, -0.001277091447263956], [6.822084105806425e-05, 0.0005160678410902619, -0.00011478097439976409, 0.00037238586810417473, 0.0006252106977626681, -0.001830898690968752, 0.0047410232946276665, -0.0019834700506180525, 0.0013700620038434863, -6.619652413064614e-05, 0.0011120353592559695, -0.000587538059335202, 0.0012353685451671481], [0.0001358335866825655, 5.079697075416334e-05, 0.00032185245072469115, 0.00025000155437737703, 0.0008066599839366972, -5.227978545008227e-05, -0.0019834700506180525, 0.005376182962208986, -0.0020857490599155426, 0.0017699194140732288, -0.0010624048300087452, -0.00040568161057308316, -0.0010814267443493009], [-4.1367358790012076e-05, 0.0001288757484871894, 0.000202821014681831, 0.000805820629466325, 0.0001285786129301414, 0.0008682873449288309, 0.0013700620038434863, -0.0020857490599155426, 0.006376572418957949, -0.003085140837356448, 0.0029527086298912764, -0.0003192732692696154, -9.037772542797029e-05], [7.552877650596201e-05, 0.00022955890744924545, 0.0005775227909907699, -0.00010497906623641029, -0.000646064174361527, -0.00016358304128516465, -6.619652413064614e-05, 0.0017699194140732288, -0.003085140837356448, 0.006020637694746256, -0.0043249838054180145, 0.0031690492760390043, -0.00047153214109130204], [0.0002109668421326205, 0.00034923909697681665, 0.00047572486801072955, -0.0005628987564705312, 0.0008413346949964762, 0.0007142320391722023, 0.0011120353592559695, -0.0010624048300087452, 0.0029527086298912764, -0.0043249838054180145, 0.008588655851781368, -0.004141698125749826, 0.00250449450686574], [5.340555071597919e-05, 0.00010129271686309949, -9.48017550399527e-05, 0.000374162889784202, -0.0003589325933717191, 0.0005342047661542892, -0.000587538059335202, -0.00040568161057308316, -0.0003192732692696154, 0.0031690492760390043, -0.004141698125749826, 0.00566135486587882, -0.001301396987400949], [2.1024394300184213e-05, 0.00021809281315654516, -0.00024383275012951344, 0.00045603743637911975, -6.145297084003687e-05, -0.001277091447263956, 0.0012353685451671481, -0.0010814267443493009, -9.037772542797029e-05, -0.00047153214109130204, 0.00250449450686574, -0.001301396987400949, 0.004330886993557215]], "metadata.audio_properties.analysis.downmix": "mix", "metadata.audio_properties.codec": "mp3", "metadata.audio_properties.md5_encoded": "fad48ee13ef4042bc13faea635b423ae", "metadata.tags.file_name": "1182272259872804904.mp3", "metadata.version.essentia": "2.1-beta6-dev", "metadata.version.essentia_git_sha": "v2.1_beta5-1110-g77a6a954", "metadata.version.extractor": "music 2.0", "tonal.chords_key": "Bb", "tonal.chords_scale": "major", "tonal.key_edma.key": "D", "tonal.key_edma.scale": "minor", "tonal.key_krumhansl.key": "D", "tonal.key_krumhansl.scale": "minor", "tonal.key_temperley.key": "D", "tonal.key_temperley.scale": "minor", "metadata.tags.encoding": ["Lavf58.45.100"]}, "essentia_models": [{"model_name": "genre_dortmund", "act