{"song_id": "1182282674317045820", "download": "https://cdn.discordapp.com/attachments/1128313332273782784/1182282674317045820/chirp.mp4?ex=6584218b&amp", "lyrics": "[Verse]\nClocking systems, the workplace scene\nWhere characters emerge, all unique and mean\nDave Dempster loved the kids, didn't do his job\nTim Cotter knocked back Artna, a lowly engineer mob\n\nWaldemar, lost in time, didn't know what day\nChris always moody, his vibes in disarray\nIsaac's laughter echoed, heard from miles away\nIn this workplace circus, we all had our own say\n\n[Chorus]\nClocking systems, where we unite and clash\nDifferent personalities, a whirlwind clash\nOh, the workplace tales, the highs and lows we endure\nClocking systems, where we find our cure", "style": ["random"], "essentia_features": {"lowlevel.average_loudness": 0.9154061675071716, "lowlevel.barkbands_crest.mean": 18.494874954223633, "lowlevel.barkbands_crest.stdev": 6.943853378295898, "lowlevel.barkbands_flatness_db.mean": 0.3004108667373657, "lowlevel.barkbands_flatness_db.stdev": 0.15297681093215942, "lowlevel.barkbands_kurtosis.mean": 118.82890319824219, "lowlevel.barkbands_kurtosis.stdev": 365.0441589355469, "lowlevel.barkbands_skewness.mean": 5.54859733581543, "lowlevel.barkbands_skewness.stdev": 6.441138744354248, "lowlevel.barkbands_spread.mean": 15.86069107055664, "lowlevel.barkbands_spread.stdev": 21.086891174316406, "lowlevel.dissonance.mean": 0.4278184473514557, "lowlevel.dissonance.stdev": 0.0682167038321495, "lowlevel.dynamic_complexity": 3.582998752593994, "lowlevel.erbbands_crest.mean": 12.24351978302002, "lowlevel.erbbands_crest.stdev": 5.853459358215332, "lowlevel.erbbands_flatness_db.mean": 0.1908852756023407, "lowlevel.erbbands_flatness_db.stdev": 0.07353386282920837, "lowlevel.erbbands_kurtosis.mean": 6.646689414978027, "lowlevel.erbbands_kurtosis.stdev": 19.82221031188965, "lowlevel.erbbands_skewness.mean": 0.7541885375976562, "lowlevel.erbbands_skewness.stdev": 2.042809009552002, "lowlevel.erbbands_spread.mean": 45.972225189208984, "lowlevel.erbbands_spread.stdev": 37.32242965698242, "lowlevel.hfc.mean": 19.976177215576172, "lowlevel.hfc.stdev": 24.052104949951172, "lowlevel.loudness_ebu128.integrated": -13.078944206237793, "lowlevel.loudness_ebu128.loudness_range": 1.4606761932373047, "lowlevel.loudness_ebu128.momentary.mean": -13.522404670715332, "lowlevel.loudness_ebu128.momentary.stdev": 2.1451919078826904, "lowlevel.loudness_ebu128.short_term.mean": -13.074992179870605, "lowlevel.loudness_ebu128.short_term.stdev": 0.5064905285835266, "lowlevel.melbands_crest.mean": 24.836008071899414, "lowlevel.melbands_crest.stdev": 8.554983139038086, "lowlevel.melbands_flatness_db.mean": 0.3772651255130768, "lowlevel.melbands_flatness_db.stdev": 0.1901203691959381, "lowlevel.melbands_kurtosis.mean": 133.560546875, "lowlevel.melbands_kurtosis.stdev": 265.5531311035156, "lowlevel.melbands_skewness.mean": 6.6045756340026855, "lowlevel.melbands_skewness.stdev": 6.086090564727783, "lowlevel.melbands_spread.mean": 17.82410430908203, "lowlevel.melbands_spread.stdev": 34.2919807434082, "lowlevel.pitch_salience.mean": 0.32425519824028015, "lowlevel.pitch_salience.stdev": 0.23419350385665894, "lowlevel.silence_rate_20dB.mean": 1.0, "lowlevel.silence_rate_20dB.stdev": 0.0, "lowlevel.silence_rate_30dB.mean": 0.7164821624755859, "lowlevel.silence_rate_30dB.stdev": 0.45070594549179077, "lowlevel.silence_rate_60dB.mean": 0.0676506757736206, "lowlevel.silence_rate_60dB.stdev": 0.251146525144577, "lowlevel.spectral_centroid.mean": 1283.4454345703125, "lowlevel.spectral_centroid.stdev": 1310.963623046875, "lowlevel.spectral_complexity.mean": 9.531365394592285, "lowlevel.spectral_complexity.stdev": 11.788236618041992, "lowlevel.spectral_decrease.mean": -1.8736674434194356e-08, "lowlevel.spectral_decrease.stdev": 1.938482796504104e-08, "lowlevel.spectral_energy.mean": 0.07252837717533112, "lowlevel.spectral_energy.stdev": 0.07342296093702316, "lowlevel.spectral_energyband_high.mean": 0.0011862119426950812, "lowlevel.spectral_energyband_high.stdev": 0.002066069981083274, "lowlevel.spectral_energyband_low.mean": 0.062189675867557526, "lowlevel.spectral_energyband_low.stdev": 0.07405745983123779, "lowlevel.spectral_energyband_middle_high.mean": 0.002789570949971676, "lowlevel.spectral_energyband_middle_high.stdev": 0.005959550384432077, "lowlevel.spectral_energyband_middle_low.mean": 0.0075511811301112175, "lowlevel.spectral_energyband_middle_low.stdev": 0.014520679600536823, "lowlevel.spectral_entropy.mean": 7.146892070770264, "lowlevel.spectral_entropy.stdev": 1.061639428138733, "lowlevel.spectral_flux.mean": 0.10933299362659454, "lowlevel.spectral_flux.stdev": 0.0983259379863739, "lowlevel.spectral_kurtosis.mean": 11.893263816833496, "lowlevel.spectral_kurtosis.stdev": 51.89412307739258, "lowlevel.spectral_rms.mean": 0.0072350273840129375, "lowlevel.spectral_rms.stdev": 0.004291119985282421, "lowlevel.spectral_rolloff.mean": 1244.4044189453125, "lowlevel.spectral_rolloff.stdev": 2393.509033203125, "lowlevel.spectral_skewness.mean": 2.0245959758758545, "lowlevel.spectral_skewness.stdev": 2.299771785736084, "lowlevel.spectral_spread.mean": 6043267.5, "lowlevel.spectral_spread.stdev": 2620689.0, "lowlevel.spectral_strongpeak.mean": 0.7219588160514832, "lowlevel.spectral_strongpeak.stdev": 0.6746416091918945, "lowlevel.zerocrossingrate.mean": 0.04805876687169075, "lowlevel.zerocrossingrate.stdev": 0.06488581001758575, "metadata.audio_properties.analysis.equal_loudness": 0.0, "metadata.audio_properties.analysis.length": 37.71628189086914, "metadata.audio_properties.analysis.sample_rate": 44100.0, "metadata.audio_properties.analysis.start_time": 0.0, "metadata.audio_properties.bit_rate": 127776.0, "metadata.audio_properties.length": 37.71733474731445, "metadata.audio_properties.lossless": 0.0, "metadata.audio_properties.number_channels": 1.0, "metadata.audio_properties.replay_gain": -12.237321853637695, "metadata.audio_properties.sample_rate": 48000.0, "rhythm.beats_count": 61.0, "rhythm.beats_loudness.mean": 0.11847887933254242, "rhythm.beats_loudness.stdev": 0.08789544552564621, "rhythm.bpm": 98.05386352539062, "rhythm.bpm_histogram_first_peak_bpm": 98.0, "rhythm.bpm_histogram_first_peak_weight": 0.06779664754867554, "rhythm.bpm_histogram_second_peak_bpm": 103.0, "rhythm.bpm_histogram_second_peak_spread": 0.0, "rhythm.bpm_histogram_second_peak_weight": 0.01666666753590107, "rhythm.danceability": 1.451465368270874, "rhythm.onset_rate": 5.300480842590332, "tonal.chords_changes_rate": 0.13882063329219818, "tonal.chords_number_rate": 0.015970515087246895, "tonal.chords_strength.mean": 0.5406010150909424, "tonal.chords_strength.stdev": 0.09572569280862808, "tonal.hpcp_crest.mean": 13.175952911376953, "tonal.hpcp_crest.stdev": 5.320720672607422, "tonal.hpcp_entropy.mean": 1.9685744047164917, "tonal.hpcp_entropy.stdev": 0.7014083862304688, "tonal.key_edma.strength": 0.39041867852211, "tonal.key_krumhansl.strength": 0.40180081129074097, "tonal.key_temperley.strength": 0.41642457246780396, "tonal.tuning_diatonic_strength": 0.5300795435905457, "tonal.tuning_equal_tempered_deviation": 0.20960545539855957, "tonal.tuning_frequency": 448.4675598144531, "tonal.tuning_nontempered_energy_ratio": 0.8726345896720886, "lowlevel.barkbands.mean": [0.0017213331302627921, 0.05524693429470062, 0.004054815508425236, 0.002025085734203458, 0.0010275185341015458, 0.0025063292123377323, 0.0005597253912128508, 0.0008957455866038799, 0.0004948085988871753, 0.00029791606357321143, 0.00021159018797334284, 0.0003459242871031165, 0.00029656285187229514, 0.00033392827026546, 0.0002900710969697684, 0.00023202839656732976, 0.00028147822013124824, 0.0002503024588804692, 0.0001935211184900254, 0.00016172390314750373, 0.0002276601444464177, 0.00020011162268929183, 0.0002357110643060878, 0.0002618000144138932, 0.00014152744552120566, 3.390687925275415e-05, 3.742589740340918e-07], "lowlevel.barkbands.stdev": [0.002306900219991803, 0.07031472027301788, 0.015127422288060188, 0.0071656787768006325, 0.004260832443833351, 0.004556887783110142, 0.0017939433455467224, 0.0019784444011747837, 0.0012708243448287249, 0.0008786537800915539, 0.0006482850876636803, 0.0014250775566324592, 0.000994267058558762, 0.0009554449352435768, 0.0009181969217024744, 0.0006989963003434241, 0.0008230108651332557, 0.0008116188109852374, 0.0006245916010811925, 0.0004768341896124184, 0.00047316474956460297, 0.0004153053741902113, 0.0005102632567286491, 0.0005388235440477729, 0.00026211721706204116, 6.810039485571906e-05, 1.6935766780079575e-06], "lowlevel.erbbands.mean": [2.157172918319702, 10.063424110412598, 6.487998008728027, 6.343739032745361, 4.7812957763671875, 3.0887110233306885, 8.54254150390625, 25.247661590576172, 9.897503852844238, 15.945303916931152, 14.854820251464844, 12.389287948608398, 7.428347587585449, 11.057844161987305, 10.690407752990723, 14.466316223144531, 13.647540092468262, 16.695966720581055, 17.04264259338379, 13.275321006774902, 13.528185844421387, 16.33260154724121, 14.555526733398438, 9.800004005432129, 9.601907730102539, 7.57572603225708, 8.93120288848877, 8.400935173034668, 7.704057693481445, 7.1747212409973145, 6.291555404663086, 4.865518569946289, 4.704317569732666, 2.3338382244110107, 0.5842083096504211, 0.18406331539154053, 0.06015172228217125, 0.005724736023694277, 0.00015790095494594425, 8.846120908856392e-05], "lowlevel.erbbands.stdev": [2.7441065311431885, 14.135798454284668, 16.927181243896484, 22.92194938659668, 16.040973663330078, 14.539021492004395, 20.879247665405273, 49.31559753417969, 25.870485305786133, 34.391502380371094, 35.12150955200195, 33.98894500732422, 16.784759521484375, 31.99509620666504, 35.3393440246582, 63.6817512512207, 43.124732971191406, 45.2426643371582, 49.4256706237793, 39.319007873535156, 41.15819549560547, 46.8153076171875, 44.19855880737305, 32.759483337402344, 30.830263137817383, 22.0581111907959, 20.300662994384766, 17.05756950378418, 16.408124923706055, 14.860214233398438, 13.801813125610352, 9.971155166625977, 10.222272872924805, 4.570712089538574, 1.0836437940597534, 0.37483564019203186, 0.12484246492385864, 0.013055222108960152, 0.00026863167295232415, 7.909067062428221e-05], "lowlevel.gfcc.mean": [-81.79802703857422, 75.1566162109375, -54.01017761230469, 47.22254180908203, -62.833709716796875, 23.27836799621582, -29.359798431396484, 25.273513793945312, -2.802699565887451, 15.74596881866455, -7.589746475219727, 0.961331844329834, -3.3723227977752686], "lowlevel.melbands.mean": [0.01716448739171028, 0.006388918962329626, 0.0010425375076010823, 0.00025046843802556396, 0.00026472038007341325, 0.000525107781868428, 0.00014707207446917892, 0.00019093352602794766, 0.00010903071233769879, 7.643346907570958e-05, 3.604316952987574e-05, 4.568632721202448e-05, 3.154460500809364e-05, 3.4938231692649424e-05, 3.562493293429725e-05, 3.0677663744427264e-05, 3.147431925754063e-05, 2.8473434213083237e-05, 2.023784509219695e-05, 1.628750942472834e-05, 1.550323941046372e-05, 1.6578926079091616e-05, 1.7031628885888495e-05, 9.990239959734026e-06, 7.602651294291718e-06, 7.487442417186685e-06, 6.0004654187650885e-06, 4.758235718327342e-06, 5.269035227684071e-06, 5.978405170026235e-06, 4.384702151583042e-06, 4.363397692941362e-06, 3.767013367905747e-06, 4.362794697954087e-06, 3.904583081748569e-06, 2.8527410904644057e-06, 3.0357768991962075e-06, 3.435878170421347e-06, 2.862515202650684e-06, 1.6577922679061885e-06], "lowlevel.melbands.stdev": [0.021646790206432343, 0.010219413787126541, 0.003563901409506798, 0.0009993029525503516, 0.0006892743404023349, 0.0009985007345676422, 0.000391618930734694, 0.0004050004354212433, 0.0002678273885976523, 0.00021062199084553868, 8.458246884401888e-05, 0.00013755973486695439, 0.00010038703476311639, 0.00013346265768632293, 0.00013521770597435534, 0.00010360566375311464, 8.858783257892355e-05, 8.33704398246482e-05, 6.428850610973313e-05, 4.813012492377311e-05, 4.938074926030822e-05, 5.0464710511732846e-05, 4.739925861940719e-05, 3.605911479098722e-05, 2.5868812372209504e-05, 2.5110255592153408e-05, 1.901787254610099e-05, 1.4165653738018591e-05, 1.3080310964141972e-05, 1.2852823601861019e-05, 9.1479996626731e-06, 9.658126145950519e-06, 8.075287041720003e-06, 9.607281754142605e-06, 9.06375589693198e-06, 6.216975634742994e-06, 6.3407856032426935e-06, 7.669488695682958e-06, 5.968528057564981e-06, 3.351863142597722e-06], "lowlevel.melbands128.mean": [0.0016787329223006964, 0.017660178244113922, 0.02549288235604763, 0.013351143337786198, 0.004073668271303177, 0.0018878988921642303, 0.001335436012595892, 0.0008988553308881819, 0.0004368548688944429, 0.00018331734463572502, 0.00015024944150354713, 0.0001530937006464228, 0.00024226079403888434, 0.0004501675721257925, 0.000717023154720664, 0.0005065849982202053, 0.00014610833022743464, 9.092112304642797e-05, 0.00011972870561294258, 0.0001774178381310776, 0.00025956076569855213, 0.00015074921248015016, 8.584996248828247e-05, 6.164102524053305e-05, 8.495785004924983e-05, 8.993761730380356e-05, 4.026299575343728e-05, 2.1705394829041325e-05, 3.400971399969421e-05, 6.459442374762148e-05, 4.3463533074827865e-05, 2.3145959858084098e-05, 2.6192841687588952e-05, 4.543695831671357e-05, 3.0067601983319037e-05, 2.6759897082229145e-05, 5.1018960220972076e-05, 4.0296588849741966e-05, 2.222160946985241e-05, 2.7710653739632107e-05, 3.7666668504243717e-05, 2.719469557632692e-05, 2.645165477588307e-05, 4.040532439830713e-05, 3.0411742045544088e-05, 2.383082392043434e-05, 2.9912112950114533e-05, 1.8921244191005826e-05, 1.7282101907767355e-05, 1.7988977560889907e-05, 1.4287697922554798e-05, 1.756683923304081e-05, 1.5340032405219972e-05, 1.4641345842392184e-05, 1.5654652088414878e-05, 1.7972904970520176e-05, 1.550612250866834e-05, 1.818659256969113e-05, 1.9094830349786207e-05, 1.1927998457395006e-05, 9.277043318434153e-06, 8.651356438349467e-06, 7.37938898964785e-06, 7.2637908488104586e-06, 7.967200872371905e-06, 7.5689881668949965e-06, 7.3190085458918475e-06, 6.6129227889177855e-06, 5.838260221935343e-06, 5.04409354107338e-06, 4.265340976417065e-06, 5.051422249380266e-06, 4.847207492275629e-06, 5.476430487760808e-06, 5.339310519048013e-06, 6.475784175563604e-06, 6.24559334028163e-06, 4.750639618578134e-06, 4.301477019907907e-06, 3.572017021724605e-06, 4.317920684115961e-06, 4.828501914744265e-06, 4.366556368040619e-06, 3.6523083508654963e-06, 3.2299737995344913e-06, 3.568333340808749e-06, 4.920798801322235e-06, 5.60065700483392e-06, 3.5135321923007723e-06, 3.0847675134282326e-06, 3.1930053410178516e-06, 2.566932835179614e-06, 2.677303200471215e-06, 3.128909384031431e-06, 3.0807379971520277e-06, 3.497487341519445e-06, 3.5840632790495874e-06, 3.310311058157822e-06, 2.9280165563250193e-06, 2.726688762777485e-06, 2.1023749923188007e-06, 1.556351321596594e-06, 9.996211929319543e-07, 7.284694447662332e-07, 5.7049697943512e-07, 4.80945459457871e-07, 3.994414896624221e-07, 3.8063228657847503e-07, 3.1400563216266164e-07, 2.189492818160943e-07, 2.2134346977509267e-07, 2.1857717058537673e-07, 2.2024208590210037e-07, 1.5690390853251301e-07, 9.807041578824283e-08, 5.2283262164110056e-08, 1.5709355594140106e-08, 4.4003364840783377e-10, 1.3510839669272912e-10, 1.0275998107989182e-10, 8.440034088286197e-11, 4.242032766721415e-11, 1.712819990007386e-11, 1.621968878651181e-11, 1.47051711085755e-11, 1.2857870150539963e-11, 1.1952465926723388e-11, 1.1780228702240603e-11], "lowlevel.melbands128.stdev": [0.0022764357272535563, 0.023182623088359833, 0.034136492758989334, 0.021154331043362617, 0.010476955212652683, 0.0072828312404453754, 0.00528352614492178, 0.0029792801942676306, 0.0015330585883930326, 0.0009441171423532069, 0.0008276855223812163, 0.0007146421703509986, 0.0007518766797147691, 0.0009850991191342473, 0.0014351718127727509, 0.0012835250236093998, 0.0005286066443659365, 0.00038785746437497437, 0.0004297037376090884, 0.0004440354823600501, 0.0006517329602502286, 0.0004145757993683219, 0.0003180784115102142, 0.00021935721451882273, 0.0003229909052606672, 0.0002897295926231891, 0.0001227900938829407, 6.738123192917556e-05, 0.00012623914517462254, 0.0002507929166313261, 0.00013355725968722254, 9.487707575317472e-05, 0.00010680335253709927, 0.0001931164733832702, 0.00014928760356269777, 0.00014164537424221635, 0.00032857031328603625, 0.00017254117119591683, 0.0001011083586490713, 0.00012524137855507433, 0.0001414183498127386, 0.00010176573414355516, 9.378861432196572e-05, 0.00014350874698720872, 0.00010931247379630804, 8.863497350830585e-05, 0.00011261748295510188, 7.138624641811475e-05, 6.219746137503535e-05, 6.397842662408948e-05, 4.879700281890109e-05, 6.250462320167571e-05, 5.5898064601933584e-05, 5.09377678099554e-05, 5.990794306853786e-05, 6.186236714711413e-05, 5.0874295993708074e-05, 5.2417970437090844e-05, 6.228061829460785e-05, 4.148088555666618e-05, 3.938880036002956e-05, 3.6586854548659176e-05, 2.8659998861257918e-05, 2.5504921723040752e-05, 3.07015870930627e-05, 2.8352078516036272e-05, 2.6033882022602484e-05, 2.419135853415355e-05, 1.9793505998677574e-05, 1.6707910617697053e-05, 1.4079930224397685e-05, 1.6465246517327614e-05, 1.3916538591729477e-05, 1.4571077372238506e-05, 1.2955534657521639e-05, 1.5694819012423977e-05, 1.4221908713807352e-05, 1.0736542208178435e-05, 1.0081122127303388e-05, 7.933712367957924e-06, 1.0568077414063737e-05, 1.1829585673694964e-05, 1.0457557436893694e-05, 8.698967576492578e-06, 7.731082405371126e-06, 8.067203452810645e-06, 1.1882779290317558e-05, 1.537640673632268e-05, 9.180274901154917e-06, 7.562061909993645e-06, 7.902410288807005e-06, 5.915343535889406e-06, 6.423558261303697e-06, 7.388135600194801e-06, 6.680315436824458e-06, 7.767520401102956e-06, 9.076468813873362e-06, 8.439637895207852e-06, 6.539050900755683e-06, 5.605123533314327e-06, 4.4494017856777646e-06, 3.588429535739124e-06, 2.171291271224618e-06, 1.6138410501298495e-06, 1.2668132285398315e-06, 1.0050467835753807e-06, 8.898562668946397e-07, 8.977991114988981e-07, 7.353838782364619e-07, 5.713559971809445e-07, 5.431483600659703e-07, 5.275810508464929e-07, 5.356884571483533e-07, 3.479187853372423e-07, 2.3511366009643098e-07, 1.6263388147308433e-07, 6.581402800520664e-08, 3.6872915831764885e-09, 2.7638762389869953e-09, 1.944003624743118e-09, 1.6161016969107322e-09, 5.997369822985377e-10, 1.090539741843699e-10, 9.103357651030208e-11, 6.06346153841919e-11, 2.746065874692505e-11, 1.919063172262092e-11, 1.8984839741942316e-11], "lowlevel.mfcc.mean": [-742.1567993164062, 105.67724609375, 61.61752700805664, 30.6993465423584, 11.51961898803711, 4.389833450317383, 0.1794099658727646, 4.361098289489746, 16.53335189819336, 10.158044815063477, 13.452510833740234, 12.260321617126465, 3.4395225048065186], "lowlevel.spectral_contrast_coeffs.mean": [-0.6796053051948547, -0.7352283000946045, -0.7784637808799744, -0.811976969242096, -0.8056507706642151, -0.7804409265518188], "lowlevel.spectral_contrast_coeffs.stdev": [0.08905947208404541, 0.10036680102348328, 0.07668022066354752, 0.07046133279800415, 0.05494261905550957, 0.058772407472133636], "lowlevel.spectral_contrast_valleys.mean": [-7.529283046722412, -7.529733657836914, -8.998954772949219, -9.251701354980469, -8.908221244812012, -10.52076244354248], "lowlevel.spectral_contrast_valleys.stdev": [1.33247971534729, 1.1119250059127808, 1.8330519199371338, 1.9100526571273804, 1.8360530138015747, 1.61130952835083], "rhythm.beats_loudness_band_ratio.mean": [0.6087883710861206, 0.03649026155471802, 0.05239582061767578, 0.07962694019079208, 0.13024744391441345, 0.10082077234983444], "rhythm.beats_loudness_band_ratio.stdev": [0.33959338068962097, 0.048637181520462036, 0.05536160618066788, 0.08910078555345535, 0.125960111618042, 0.09529110044240952], "tonal.hpcp.mean": [0.0886850506067276, 0.13472212851047516, 0.12540127336978912, 0.06574207544326782, 0.04925049841403961, 0.04523420333862305, 0.04890153557062149, 0.05103151127696037, 0.05874162167310715, 0.0622706413269043, 0.04443613067269325, 0.0325009860098362, 0.03173177316784859, 0.04227724298834801, 0.05780407786369324, 0.06747306883335114, 0.07645262777805328, 0.0795314684510231, 0.06758574396371841, 0.049140606075525284, 0.04558979347348213, 0.06127886474132538, 0.0876280888915062, 0.1086835265159607, 0.1114349439740181, 0.09265457838773727, 0.06727141886949539, 0.05435457080602646, 0.05847686156630516, 0.07130736857652664, 0.07757861167192459, 0.11294086277484894, 0.2012569159269333, 0.26077985763549805, 0.19313587248325348, 0.09943953156471252], "tonal.hpcp.stdev": [0.2160126119852066, 0.28935590386390686, 0.2833709120750427, 0.18363778293132782, 0.16411015391349792, 0.14707671105861664, 0.1681140661239624, 0.1622593104839325, 0.1780853122472763, 0.17185547947883606, 0.14445625245571136, 0.11602234095335007, 0.12016379088163376, 0.14741729199886322, 0.17939823865890503, 0.19541381299495697, 0.20761479437351227, 0.21557091176509857, 0.1834336221218109, 0.15966202318668365, 0.14305740594863892, 0.1736038774251938, 0.21258345246315002, 0.23601296544075012, 0.2459333837032318, 0.22368362545967102, 0.19189250469207764, 0.168533056974411, 0.18296918272972107, 0.2082950323820114, 0.21490973234176636, 0.25094783306121826, 0.3349112272262573, 0.3859217166900635, 0.3242516815662384, 0.2391497939825058], "rhythm.beats_position": [0.5572788715362549, 1.1377778053283691, 1.7414965629577637, 2.345215320587158, 2.9605441093444824, 3.5758728981018066, 4.191201686859131, 4.806530475616455, 5.41024923324585, 6.025578022003174, 6.640906810760498, 7.244625568389893, 7.8715643882751465, 8.4752836227417, 9.090612411499023, 9.705941200256348, 10.309659957885742, 10.913378715515137, 11.528707504272461, 12.144036293029785, 12.74775505065918, 13.363083839416504, 13.978412628173828, 14.593741416931152, 15.209070205688477, 15.812788963317871, 16.428117752075195, 17.043445587158203, 17.647165298461914, 18.27410316467285, 18.877822875976562, 19.48154067993164, 20.09687042236328, 20.71219825744629, 21.32752799987793, 21.942855834960938, 22.54657554626465, 23.16190528869629, 23.777233123779297, 24.380952835083008, 24.996280670166016, 25.611610412597656, 26.215328216552734, 26.830657958984375, 27.445985794067383, 28.049705505371094, 28.6650333404541, 29.280363082885742, 29.89569091796875, 30.51102066040039, 31.11473846435547, 31.73006820678711, 32.34539794921875, 32.94911575317383, 33.56444549560547, 34.179771423339844, 34.78349304199219, 35.410430908203125, 36.0141487121582, 36.61786651611328, 37.244808197021484], "rhythm.bpm_histogram": [0.0, 0.0, 0.0, 0.0, 0.0, 0.0, 0.0, 0.0, 0.0, 0.0, 0.0, 0.0, 0.0, 0.0, 0.0, 0.0, 0.0, 0.0, 0.0, 0.0, 0.0, 0.0, 0.0, 0.0, 0.0, 0.0, 0.0, 0.0, 0.0, 0.0, 0.0, 0.0, 0.0, 0.0, 0.0, 0.0, 0.0, 0.0, 0.0, 0.0, 0.0, 0.0, 0.0, 0.0, 0.0, 0.0, 0.0, 0.0, 0.0, 0.0, 0.0, 0.0, 0.0, 0.0, 0.0, 0.0, 0.0, 0.0, 0.0, 0.0, 0.0, 0.0, 0.0, 0.0, 0.0, 0.0, 0.0, 0.0, 0.0, 0.0, 0.0, 0.0, 0.0, 0.0, 0.0, 0.0, 0.0, 0.0, 0.0, 0.0, 0.0, 0.0, 0.0, 0.0, 0.0, 0.0, 0.0, 0.0, 0.0, 0.0, 0.0, 0.0, 0.0, 0.0, 0.0, 0.0, 0.06666667014360428, 0.0, 0.5666666626930237, 0.3499999940395355, 0.0, 0.0, 0.0, 0.01666666753590107, 0.0, 0.0, 0.0, 0.0, 0.0, 0.0, 0.0, 0.0, 0.0, 0.0, 0.0, 0.0, 0.0, 0.0, 0.0, 0.0, 0.0, 0.0, 0.0, 0.0, 0.0, 0.0, 0.0, 0.0, 0.0, 0.0, 0.0, 0.0, 0.0, 0.0, 0.0, 0.0, 0.0, 0.0, 0.0, 0.0, 0.0, 0.0, 0.0, 0.0, 0.0, 0.0, 0.0, 0.0, 0.0, 0.0, 0.0, 0.0, 0.0, 0.0, 0.0, 0.0, 0.0, 0.0, 0.0, 0.0, 0.0, 0.0, 0.0, 0.0, 0.0, 0.0, 0.0, 0.0, 0.0, 0.0, 0.0, 0.0, 0.0, 0.0, 0.0, 0.0, 0.0, 0.0, 0.0, 0.0, 0.0, 0.0, 0.0, 0.0, 0.0, 0.0, 0.0, 0.0, 0.0, 0.0, 0.0, 0.0, 0.0, 0.0, 0.0, 0.0, 0.0, 0.0, 0.0, 0.0, 0.0, 0.0, 0.0, 0.0, 0.0, 0.0, 0.0, 0.0, 0.0, 0.0, 0.0, 0.0, 0.0, 0.0, 0.0, 0.0, 0.0, 0.0, 0.0, 0.0, 0.0, 0.0, 0.0, 0.0, 0.0, 0.0, 0.0, 0.0, 0.0, 0.0, 0.0, 0.0, 0.0, 0.0, 0.0, 0.0, 0.0, 0.0, 0.0, 0.0, 0.0, 0.0, 0.0, 0.0, 0.0, 0.0, 0.0, 0.0, 0.0, 0.0], "tonal.chords_histogram": [12.653562545776367, 2.088452100753784, 0.3685503602027893, 0.0, 0.3685503602027893, 3.931203842163086, 8.722358703613281, 1.4742014408111572, 0.0, 0.0, 0.0, 0.0, 0.49140048027038574, 15.60196590423584, 22.972972869873047, 2.57985258102417, 0.0, 0.0, 0.0, 5.651105880737305, 5.036855220794678, 4.791154861450195, 1.71990168094635, 11.547911643981934], "tonal.thpcp": [1.0, 0.7406088709831238, 0.38131600618362427, 0.3400762975215912, 0.5166124701499939, 0.48087024688720703, 0.2520979940891266, 0.1888585239648819, 0.17345742881298065, 0.187520369887352, 0.19568808376789093, 0.22525367140769958, 0.2387862354516983, 0.1703971028327942, 0.12462997436523438, 0.12168030440807343, 0.16211850941181183, 0.22165852785110474, 0.2587357461452484, 0.293169230222702, 0.3049755096435547, 0.2591678202152252, 0.18843711912631989, 0.17482098937034607, 0.23498311638832092, 0.336023211479187, 0.4167635142803192, 0.42731422185897827, 0.35529807209968567, 0.25796249508857727, 0.20843085646629333, 0.22423841059207916, 0.2734389305114746, 0.2974869906902313, 0.43308889865875244, 0.7717502117156982], "lowlevel.gfcc.cov": [[15626.3359375, -1843.1138916015625, -4421.08984375, 441.7076416015625, 69.62971496582031, 789.1895141601562, -1068.5814208984375, -261.3991394042969, -1094.679443359375, 193.15878295898438, -129.69361877441406, 490.20269775390625, 1.9777809381484985], [-1843.1138916015625, 3725.95654296875, 1161.726806640625, -948.0195922851562, 833.0629272460938, -18.359485626220703, 593.1702880859375, -117.55027770996094, 195.38145446777344, -284.0294494628906, 280.20556640625, -62.79725646972656, 285.37042236328125], [-4421.08984375, 1161.726806640625, 3219.996337890625, 374.69744873046875, 229.53228759765625, 74.66963195800781, 716.506591796875, 138.8251190185547, 563.785400390625, -47.45400619506836, 160.12901306152344, -72.77679443359375, 66.75749206542969], [441.7076416015625, -948.0195922851562, 374.69744873046875, 1203.0391845703125, 167.87396240234375, 72.9112319946289, 25.319324493408203, 143.77455139160156, 230.877197265625, 122.22724151611328, 16.477455139160156, -0.733596920967102, 60.76615905761719], [69.62971496582031, 833.0629272460938, 229.53228759765625, 167.87396240234375, 891.2845458984375, 305.223388671875, 358.1719970703125, 115.22494506835938, 250.37147521972656, 84.28034973144531, 185.9322052001953, -2.067002296447754, 159.43226623535156], [789.1895141601562, -18.359485626220703, 74.66963195800781, 72.9112319946289, 305.223388671875, 670.0512084960938, 415.95037841796875, 112.6641616821289, 100.59246826171875, 128.8797149658203, 112.83548736572266, 16.04957389831543, -5.75244665145874], [-1068.5814208984375, 593.1702880859375, 716.506591796875, 25.319324493408203, 358.1719970703125, 415.95037841796875, 841.9010620117188, 317.45538330078125, 298.5779113769531, 24.336694717407227, 177.92955017089844, -20.455947875976562, 56.0834846496582], [-261.3991394042969, -117.55027770996094, 138.8251190185547, 143.77455139160156, 115.22494506835938, 112.6641616821289, 317.45538330078125, 372.9783020019531, 212.21681213378906, 58.23385238647461, 47.876304626464844, 15.618712425231934, 33.11424255371094], [-1094.679443359375, 195.38145446777344, 563.785400390625, 230.877197265625, 250.37147521972656, 100.59246826171875, 298.5779113769531, 212.21681213378906, 456.977783203125, 103.57131958007812, 65.685302734375, -71.41751098632812, 66.36405181884766], [193.15878295898438, -284.0294494628906, -47.45400619506836, 122.22724151611328, 84.28034973144531, 128.8797149658203, 24.336694717407227, 58.23385238647461, 103.57131958007812, 253.435791015625, 75.35032653808594, 1.655502200126648, 4.379941940307617], [-129.69361877441406, 280.20556640625, 160.12901306152344, 16.477455139160156, 185.9322052001953, 112.83548736572266, 177.92955017089844, 47.876304626464844, 65.685302734375, 75.35032653808594, 225.16482543945312, 54.928375244140625, 42.50442123413086], [490.20269775390625, -62.79725646972656, -72.77679443359375, -0.733596920967102, -2.067002296447754, 16.04957389831543, -20.455947875976562, 15.618712425231934, -71.41751098632812, 1.655502200126648, 54.928375244140625, 196.5902099609375, 40.66086959838867], [1.9777809381484985, 285.37042236328125, 66.75749206542969, 60.76615905761719, 159.43226623535156, -5.75244665145874, 56.0834846496582, 33.11424255371094, 66.36405181884766, 4.379941940307617, 42.50442123413086, 40.66086959838867, 185.51292419433594]], "lowlevel.gfcc.icov": [[0.00019175016495864838, -0.00018144398927688599, 0.00024827319430187345, -0.00030990541563369334, 0.00010054576705442742, -0.00045225434587337077, 0.0002752641448751092, -0.0001771531970007345, 0.0002709504042286426, -0.00010223116987617686, 0.00016683636931702495, -0.0003277491487096995, 7.63050265959464e-05], [-0.00018144398927688599, 0.001369452802464366, -0.0005602358723990619, 0.0013684919103980064, -0.0011291838018223643, 0.000898353464435786, -0.0006285934359766543, 0.0008406294509768486, -0.0004085876571480185, 0.001161568216048181, -0.0009618512121960521, 0.0008192975074052811, -0.001153504941612482], [0.00024827319430187345, -0.0005602358723990619, 0.0009698780486360192, -0.0008653375552967191, 0.0005636615678668022, -0.00043286371510475874, -0.00022215406352188438, 0.0002692066482268274, -0.0003150881384499371, -0.00019890317344106734, 0.0003282104735262692, -0.0007581732352264225, 0.0005232430994510651], [-0.00030990541563369334, 0.0013684919103980064, -0.0008653375552967191, 0.002517292508855462, -0.001222994178533554, 0.0009133105049841106, -0.0002023547567659989, 0.0003654852043837309, -0.0008453003829345107, 0.0008879322558641434, -0.0008583885501138866, 0.0009493122342973948, -0.0012696378398686647], [0.00010054576705442742, -0.0011291838018223643, 0.0005636615678668022, -0.001222994178533554, 0.0029619524721056223, -0.0012781533878296614, 0.00024109637888614088, -0.00028016589931212366, -0.0005277969175949693, -0.0006306345458142459, -0.00029106222791597247, -0.00025770580396056175, -0.00034748882171697915], [-0.00045225434587337077, 0.000898353464435786, -0.00043286371510475874, 0.0009133105049841106, -0.0012781533878296614, 0.004405164625495672, -0.0030348498839884996, 0.0016712079523131251, -0.0002493848151061684, -0.0009899389697238803, 1.9372066162759438e-05, 0.0002693389542400837, 0.00038285268237814307], [0.0002752641448751092, -0.0006285934359766543, -0.00022215406352188438, -0.0002023547567659989, 0.00024109637888614088, -0.0030348498839884996, 0.005129524506628513, -0.0034553874284029007, 8.393314783461392e-05, 0.0013073502341285348, -0.0014780248748138547, 0.0005124947056174278, 4.0410970541415736e-05], [-0.0001771531970007345, 0.0008406294509768486, 0.0002692066482268274, 0.0003654852043837309, -0.00028016589931212366, 0.0016712079523131251, -0.0034553874284029007, 0.0065478552132844925, -0.0024861562997102737, -8.716477896086872e-05, 0.00046357669634744525, -0.0011786350514739752, -0.0002958485565613955], [0.0002709504042286426, -0.0004085876571480185, -0.0003150881384499371, -0.0008453003829345107, -0.0005277969175949693, -0.0002493848151061684, 8.393314783461392e-05, -0.0024861562997102737, 0.005964669864624739, -0.0020987377502024174, 0.0007178704836405814, 0.0014196534175425768, -0.0006796722882427275], [-0.00010223116987617686, 0.001161568216048181, -0.00019890317344106734, 0.0008879322558641434, -0.0006306345458142459, -0.0009899389697238803, 0.0013073502341285348, -8.716477896086872e-05, -0.0020987377502024174, 0.007337241433560848, -0.0033829808235168457, 0.0010490507120266557, -0.0007506649126298726], [0.00016683636931702495, -0.0009618512121960521, 0.0003282104735262692, -0.0008583885501138866, -0.00029106222791597247, 1.9372066162759438e-05, -0.0014780248748138547, 0.00046357669634744525, 0.0007178704836405814, -0.0033829808235168457, 0.008367468602955341, -0.0030191619880497456, 0.0008233720436692238], [-0.0003277491487096995, 0.0008192975074052811, -0.0007581732352264225, 0.0009493122342973948, -0.00025770580396056175, 0.0002693389542400837, 0.0005124947056174278, -0.0011786350514739752, 0.0014196534175425768, 0.0010490507120266557, -0.0030191619880497456, 0.007895121350884438, -0.00258099427446723], [7.63050265959464e-05, -0.001153504941612482, 0.0005232430994510651, -0.0012696378398686647, -0.00034748882171697915, 0.00038285268237814307, 4.0410970541415736e-05, -0.0002958485565613955, -0.0006796722882427275, -0.0007506649126298726, 0.0008233720436692238, -0.00258099427446723, 0.008380665443837643]], "lowlevel.mfcc.cov": [[18245.384765625, -3042.28857421875, -4354.1435546875, -972.3447875976562, 150.30206298828125, 315.8345642089844, 193.03201293945312, -459.72979736328125, -523.8001708984375, -966.35302734375, -586.2828979492188, -225.48153686523438, -218.49237060546875], [-3042.28857421875, 4558.86083984375, 470.9259948730469, -445.0906066894531, 186.33067321777344, 117.36766052246094, 471.1163024902344, 220.10565185546875, 211.4994659423828, -247.38720703125, 50.690277099609375, 184.7928466796875, 126.41255950927734], [-4354.1435546875, 470.9259948730469, 2498.564697265625, 613.1666259765625, 4.750609397888184, 143.25946044921875, -6.385133266448975, 276.6129455566406, 159.2256622314453, 353.8166198730469, 158.36160278320312, 72.6086196899414, 127.5334243774414], [-972.3447875976562, -445.0906066894531, 613.1666259765625, 944.6620483398438, 295.4624938964844, -12.513435363769531, -94.75465393066406, 81.84835815429688, 161.76243591308594, 181.09413146972656, 52.15990447998047, 57.65770721435547, 48.24412155151367], [150.30206298828125, 186.33067321777344, 4.750609397888184, 295.4624938964844, 522.1199951171875, 216.70420837402344, 41.08434295654297, -10.549386978149414, 116.80230712890625, 62.41447067260742, 44.622833251953125, 63.18829345703125, 47.81621170043945], [315.8345642089844, 117.36766052246094, 143.25946044921875, -12.513435363769531, 216.70420837402344, 561.0523681640625, 277.8651428222656, 139.03639221191406, 87.72684478759766, 175.52117919921875, 127.90337371826172, 66.33784484863281, 88.2170181274414], [193.03201293945312, 471.1163024902344, -6.385133266448975, -94.75465393066406, 41.08434295654297, 277.8651428222656, 549.33447265625, 259.0662841796875, 118.87602996826172, 81.27250671386719, 156.3231964111328, 106.99173736572266, 91.07587432861328], [-459.72979736328125, 220.10565185546875, 276.6129455566406, 81.84835815429688, -10.549386978149414, 139.03639221191406, 259.0662841796875, 479.1022033691406, 176.82093811035156, 195.72195434570312, 132.7997589111328, 81.2343978881836, 110.08529663085938], [-523.8001708984375, 211.4994659423828, 159.2256622314453, 161.76243591308594, 116.80230712890625, 87.72684478759766, 118.87602996826172, 176.82093811035156, 396.6091003417969, 184.6484375, 125.91072845458984, 95.49029541015625, 46.6944580078125], [-966.35302734375, -247.38720703125, 353.8166198730469, 181.09413146972656, 62.41447067260742, 175.52117919921875, 81.27250671386719, 195.72195434570312, 184.6484375, 538.3067016601562, 262.9298400878906, 41.13005828857422, 65.98411560058594], [-586.2828979492188, 50.690277099609375, 158.36160278320312, 52.15990447998047, 44.622833251953125, 127.90337371826172, 156.3231964111328, 132.7997589111328, 125.91072845458984, 262.9298400878906, 290.5008239746094, 92.47440338134766, 62.94867706298828], [-225.48153686523438, 184.7928466796875, 72.6086196899414, 57.65770721435547, 63.18829345703125, 66.33784484863281, 106.99173736572266, 81.2343978881836, 95.49029541015625, 41.13005828857422, 92.47440338134766, 173.47195434570312, 90.12957763671875], [-218.49237060546875, 126.41255950927734, 127.5334243774414, 48.24412155151367, 47.81621170043945, 88.2170181274414, 91.07587432861328, 110.08529663085938, 46.6944580078125, 65.98411560058594, 62.94867706298828, 90.12957763671875, 165.73214721679688]], "lowlevel.mfcc.icov": [[0.00013416109140962362, 9.749684249982238e-05, 0.0001886249810922891, 3.1356452382169664e-05, -6.161807687021792e-05, -0.00015166048251558095, -8.244605123763904e-05, -5.6318651331821457e-05, 1.1433302461227868e-05, 0.00017787552496884018, 0.00011711052502505481, 3.100249887211248e-05, -5.933374723099405e-06], [9.749684249982238e-05, 0.00041434611193835735, -4.627880116458982e-05, 0.0003973479906562716, -0.00043409131467342377, 0.00014185106556396931, -0.0003269677981734276, -9.814499935600907e-05, -0.00017601661966182292, 0.0003976790467277169, 5.589815555140376e-05, -6.910545926075429e-05, -6.534333078889176e-05], [0.0001886249810922891, -4.627880116458982e-05, 0.0009271023445762694, -0.0005718949832953513, 0.0004784554475918412, -0.0006135627045296133, 0.00021381332771852612, -0.000216876229387708, 0.00012122741463826969, 7.1732229116605595e-06, 0.0001184310094686225, 8.705089567229152e-05, -0.00017719634342938662], [3.1356452382169664e-05, 0.0003973479906562716, -0.0005718949832953513, 0.0023268249351531267, -0.0017459455411881208, 0.0009700804948806763, -8.822279050946236e-05, -0.0003212310839444399, -0.00035717504215426743, -0.00017829169519245625, 0.0003679619694594294, -0.0004052371368743479, 2.4726846277189907e-06], [-6.161807687021792e-05, -0.00043409131467342377, 0.0004784554475918412, -0.0017459455411881208, 0.004011140204966068, -0.0019226378062739968, 0.0006444118916988373, 0.0007810982060618699, -0.0005141159053891897, 5.2580111514544114e-05, -0.0001595503999851644, -0.00020413115271367133, -0.0003213815507479012], [-0.00015166048251558095, 0.00014185106556396931, -0.0006135627045296133, 0.0009700804948806763, -0.0019226378062739968, 0.003885912010446191, -0.0016669699689373374, 0.00012862982111983, 0.00020398918422870338, -0.0011046543950214982, 0.00026265179621987045, 6.629392737522721e-05, -0.0005549515481106937], [-8.244605123763904e-05, -0.0003269677981734276, 0.00021381332771852612, -8.822279050946236e-05, 0.0006444118916988373, -0.0016669699689373374, 0.004100029356777668, -0.001541327335871756, -0.00011363570229150355, 0.0008977656252682209, -0.0016936665633693337, -0.0005053261411376297, 6.660861254204065e-05], [-5.6318651331821457e-05, -9.814499935600907e-05, -0.000216876229387708, -0.0003212310839444399, 0.0007810982060618699, 0.00012862982111983, -0.001541327335871756, 0.0039998567663133144, -0.0009610072593204677, -0.0009688461432233453, 0.00043324806028977036, 0.000281948916381225, -0.0015040432335808873], [1.1433302461227868e-05, -0.00017601661966182292, 0.00012122741463826969, -0.00035717504215426743, -0.0005141159053891897, 0.00020398918422870338, -0.00011363570229150355, -0.0009610072593204677, 0.004057144280523062, -0.001088624238036573, 6.697357457596809e-05, -0.001668627024628222, 0.0010728900087997317], [0.00017787552496884018, 0.0003976790467277169, 7.1732229116605595e-06, -0.00017829169519245625, 5.2580111514544114e-05, -0.0011046543950214982, 0.0008977656252682209, -0.0009688461432233453, -0.001088624238036573, 0.005248856730759144, -0.004020094871520996, 0.001998706255108118, -0.0006425172905437648], [0.00011711052502505481, 5.589815555140376e-05, 0.0001184310094686225, 0.0003679619694594294, -0.0001595503999851644, 0.00026265179621987045, -0.0016936665633693337, 0.00043324806028977036, 6.697357457596809e-05, -0.004020094871520996, 0.00869856309145689, -0.0032701087184250355, 0.0005188362556509674], [3.100249887211248e-05, -6.910545926075429e-05, 8.705089567229152e-05, -0.0004052371368743479, -0.00020413115271367133, 6.629392737522721e-05, -0.0005053261411376297, 0.000281948916381225, -0.001668627024628222, 0.001998706255108118, -0.0032701087184250355, 0.010847890749573708, -0.0047243633307516575], [-5.933374723099405e-06, -6.534333078889176e-05, -0.00017719634342938662, 2.4726846277189907e-06, -0.0003213815507479012, -0.0005549515481106937, 6.660861254204065e-05, -0.0015040432335808873, 0.0010728900087997317, -0.0006425172905437648, 0.0005188362556509674, -0.0047243633307516575, 0.009887736290693283]], "metadata.audio_properties.analysis.downmix": "mix", "metadata.audio_properties.codec": "mp3", "metadata.audio_properties.md5_encoded": "e5d572e2e83dbe5c685d7118fa65b336", "metadata.tags.file_name": "1182282674317045820.mp3", "metadata.version.essentia": "2.1-beta6-dev", "metadata.version.essentia_git_sha": "v2.1_beta5-1110-g77a6a954", "metadata.version.extractor": 