{"song_id": "1182271967370412123", "download": "https://cdn.discordapp.com/attachments/1128313332273782784/1182271967370412123/chirp.mp4?ex=65841792&amp", "lyrics": "-", "style": ["Rap"], "essentia_features": {"lowlevel.average_loudness": 0.979307234287262, "lowlevel.barkbands_crest.mean": 13.137842178344727, "lowlevel.barkbands_crest.stdev": 8.24072265625, "lowlevel.barkbands_flatness_db.mean": 0.19188141822814941, "lowlevel.barkbands_flatness_db.stdev": 0.1361609846353531, "lowlevel.barkbands_kurtosis.mean": 161.59133911132812, "lowlevel.barkbands_kurtosis.stdev": 580.0310668945312, "lowlevel.barkbands_skewness.mean": 5.122268199920654, "lowlevel.barkbands_skewness.stdev": 10.114522933959961, "lowlevel.barkbands_spread.mean": 27.48094940185547, "lowlevel.barkbands_spread.stdev": 24.43660545349121, "lowlevel.dissonance.mean": 0.473389208316803, "lowlevel.dissonance.stdev": 0.021598689258098602, "lowlevel.dynamic_complexity": 4.629093170166016, "lowlevel.erbbands_crest.mean": 10.142104148864746, "lowlevel.erbbands_crest.stdev": 5.413220405578613, "lowlevel.erbbands_flatness_db.mean": 0.1552582085132599, "lowlevel.erbbands_flatness_db.stdev": 0.05272189900279045, "lowlevel.erbbands_kurtosis.mean": 2.1816961765289307, "lowlevel.erbbands_kurtosis.stdev": 9.076926231384277, "lowlevel.erbbands_skewness.mean": 0.1206795796751976, "lowlevel.erbbands_skewness.stdev": 1.5399187803268433, "lowlevel.erbbands_spread.mean": 50.04848098754883, "lowlevel.erbbands_spread.stdev": 32.714046478271484, "lowlevel.hfc.mean": 20.83308982849121, "lowlevel.hfc.stdev": 23.124378204345703, "lowlevel.loudness_ebu128.integrated": -15.505414009094238, "lowlevel.loudness_ebu128.loudness_range": 1.6240043640136719, "lowlevel.loudness_ebu128.momentary.mean": -16.644298553466797, "lowlevel.loudness_ebu128.momentary.stdev": 3.4748613834381104, "lowlevel.loudness_ebu128.short_term.mean": -15.622721672058105, "lowlevel.loudness_ebu128.short_term.stdev": 0.5808027982711792, "lowlevel.melbands_crest.mean": 17.067672729492188, "lowlevel.melbands_crest.stdev": 7.655604839324951, "lowlevel.melbands_flatness_db.mean": 0.2498447746038437, "lowlevel.melbands_flatness_db.stdev": 0.16982418298721313, "lowlevel.melbands_kurtosis.mean": 112.50068664550781, "lowlevel.melbands_kurtosis.stdev": 216.21755981445312, "lowlevel.melbands_skewness.mean": 5.194987773895264, "lowlevel.melbands_skewness.stdev": 5.8359880447387695, "lowlevel.melbands_spread.mean": 41.77431869506836, "lowlevel.melbands_spread.stdev": 51.70281982421875, "lowlevel.pitch_salience.mean": 0.41735514998435974, "lowlevel.pitch_salience.stdev": 0.23956231772899628, "lowlevel.silence_rate_20dB.mean": 0.9936268925666809, "lowlevel.silence_rate_20dB.stdev": 0.07957690209150314, "lowlevel.silence_rate_30dB.mean": 0.7132097482681274, "lowlevel.silence_rate_30dB.stdev": 0.45226001739501953, "lowlevel.silence_rate_60dB.mean": 0.22074159979820251, "lowlevel.silence_rate_60dB.stdev": 0.4147452116012573, "lowlevel.spectral_centroid.mean": 1732.198486328125, "lowlevel.spectral_centroid.stdev": 1285.268310546875, "lowlevel.spectral_complexity.mean": 10.477983474731445, "lowlevel.spectral_complexity.stdev": 11.245369911193848, "lowlevel.spectral_decrease.mean": -1.867864085625115e-08, "lowlevel.spectral_decrease.stdev": 2.790302922051069e-08, "lowlevel.spectral_energy.mean": 0.07238706201314926, "lowlevel.spectral_energy.stdev": 0.10592614114284515, "lowlevel.spectral_energyband_high.mean": 0.0011497375089675188, "lowlevel.spectral_energyband_high.stdev": 0.002016306621953845, "lowlevel.spectral_energyband_low.mean": 0.06465519964694977, "lowlevel.spectral_energyband_low.stdev": 0.10525759309530258, "lowlevel.spectral_energyband_middle_high.mean": 0.00279598799534142, "lowlevel.spectral_energyband_middle_high.stdev": 0.004149203188717365, "lowlevel.spectral_energyband_middle_low.mean": 0.005303989630192518, "lowlevel.spectral_energyband_middle_low.stdev": 0.012981012463569641, "lowlevel.spectral_entropy.mean": 7.622361660003662, "lowlevel.spectral_entropy.stdev": 0.7197655439376831, "lowlevel.spectral_flux.mean": 0.1214560866355896, "lowlevel.spectral_flux.stdev": 0.12632940709590912, "lowlevel.spectral_kurtosis.mean": 3.4863009452819824, "lowlevel.spectral_kurtosis.stdev": 3.14918851852417, "lowlevel.spectral_rms.mean": 0.006121458951383829, "lowlevel.spectral_rms.stdev": 0.005757549311965704, "lowlevel.spectral_rolloff.mean": 3105.19091796875, "lowlevel.spectral_rolloff.stdev": 3609.364990234375, "lowlevel.spectral_skewness.mean": 1.3557578325271606, "lowlevel.spectral_skewness.stdev": 0.5429899096488953, "lowlevel.spectral_spread.mean": 6074841.5, "lowlevel.spectral_spread.stdev": 2674348.25, "lowlevel.spectral_strongpeak.mean": 0.8238746523857117, "lowlevel.spectral_strongpeak.stdev": 0.8634085655212402, "lowlevel.zerocrossingrate.mean": 0.10057971626520157, "lowlevel.zerocrossingrate.stdev": 0.09714842587709427, "metadata.audio_properties.analysis.equal_loudness": 0.0, "metadata.audio_properties.analysis.length": 40.04265213012695, "metadata.audio_properties.analysis.sample_rate": 44100.0, "metadata.audio_properties.analysis.start_time": 0.0, "metadata.audio_properties.bit_rate": 128153.0, "metadata.audio_properties.length": 40.042667388916016, "metadata.audio_properties.lossless": 0.0, "metadata.audio_properties.number_channels": 1.0, "metadata.audio_properties.replay_gain": -9.112955093383789, "metadata.audio_properties.sample_rate": 48000.0, "rhythm.beats_count": 85.0, "rhythm.beats_loudness.mean": 0.10626175999641418, "rhythm.beats_loudness.stdev": 0.09470175951719284, "rhythm.bpm": 128.06016540527344, "rhythm.bpm_histogram_first_peak_bpm": 129.0, "rhythm.bpm_histogram_first_peak_weight": 0.3614457845687866, "rhythm.bpm_histogram_second_peak_bpm": 123.0, "rhythm.bpm_histogram_second_peak_spread": 0.0, "rhythm.bpm_histogram_second_peak_weight": 0.011904762126505375, "rhythm.danceability": 2.051198959350586, "rhythm.onset_rate": 5.0431389808654785, "tonal.chords_changes_rate": 0.0902777761220932, "tonal.chords_number_rate": 0.018518518656492233, "tonal.chords_strength.mean": 0.47080472111701965, "tonal.chords_strength.stdev": 0.1183694377541542, "tonal.hpcp_crest.mean": 14.369604110717773, "tonal.hpcp_crest.stdev": 7.539866924285889, "tonal.hpcp_entropy.mean": 1.9910402297973633, "tonal.hpcp_entropy.stdev": 0.9141138792037964, "tonal.key_edma.strength": 0.42321106791496277, "tonal.key_krumhansl.strength": 0.4336351156234741, "tonal.key_temperley.strength": 0.4385583698749542, "tonal.tuning_diatonic_strength": 0.38064682483673096, "tonal.tuning_equal_tempered_deviation": 0.14251992106437683, "tonal.tuning_frequency": 442.5489196777344, "tonal.tuning_nontempered_energy_ratio": 0.7860015630722046, "lowlevel.barkbands.mean": [0.00018676600302569568, 0.05369958281517029, 0.009266733191907406, 0.0024150290992110968, 0.0010866530938073993, 0.0005964355077594519, 0.0002446460130158812, 0.00029462165548466146, 0.0006337127415463328, 0.00011305752559565008, 9.065583435585722e-05, 0.00045708686229772866, 0.0004903757944703102, 0.0002477513626217842, 0.00011884437844855711, 0.0002696792362257838, 0.00024726559058763087, 0.00044688451453112066, 0.00020029499137308449, 0.00021586939692497253, 0.0001839416945585981, 0.00019930767302867025, 0.0001921612274600193, 0.00024845468578860164, 0.00011028571316273883, 0.00011916165385628119, 1.1959074072365183e-05], "lowlevel.barkbands.stdev": [0.0003584262158256024, 0.09523748606443405, 0.031173359602689743, 0.009478255175054073, 0.0030596188735216856, 0.0012153327697888017, 0.0006545549258589745, 0.0007642651908099651, 0.0014655875274911523, 0.0002458084200043231, 0.00028408432262949646, 0.0009592932765372097, 0.0008849172154441476, 0.00040168612031266093, 0.00028341650613583624, 0.0005568969063460827, 0.0005816994234919548, 0.0009964616037905216, 0.000626139051746577, 0.000698579999152571, 0.0005391060840338469, 0.00044539960799738765, 0.00033199077006429434, 0.00039692266727797687, 0.0001929000864038244, 0.00019635845092125237, 2.194313310610596e-05], "lowlevel.erbbands.mean": [1.2087898254394531, 13.112546920776367, 14.841880798339844, 9.215587615966797, 5.428807735443115, 2.8071200847625732, 5.666879177093506, 3.861607313156128, 3.4713971614837646, 3.5661864280700684, 8.275668144226074, 13.821672439575195, 8.079129219055176, 3.5372676849365234, 6.413199424743652, 21.953529357910156, 22.244638442993164, 17.460866928100586, 6.269965648651123, 11.848834991455078, 11.575662612915039, 13.475214004516602, 23.044477462768555, 16.52390480041504, 11.785401344299316, 8.38418197631836, 7.55140495300293, 7.14282751083374, 7.5107622146606445, 6.147039890289307, 5.2871527671813965, 6.126554012298584, 3.2892067432403564, 1.3869974613189697, 0.6764810085296631, 0.44626691937446594, 0.2258104383945465, 0.0548674538731575, 0.001266680657863617, 0.00011353435547789559], "lowlevel.erbbands.stdev": [2.360673427581787, 22.842435836791992, 35.8663330078125, 32.96574783325195, 20.100261688232422, 7.569910526275635, 9.409417152404785, 9.260711669921875, 9.215052604675293, 9.139652252197266, 17.672636032104492, 34.9141731262207, 19.470205307006836, 8.704357147216797, 12.362568855285645, 46.89381408691406, 41.610748291015625, 26.74698257446289, 12.205259323120117, 24.77332878112793, 20.922386169433594, 29.448820114135742, 47.19669723510742, 41.3021240234375, 40.17976760864258, 26.002485275268555, 24.209768295288086, 19.370222091674805, 17.508272171020508, 12.313655853271484, 8.838813781738281, 9.885002136230469, 5.463375091552734, 2.510169506072998, 1.2121021747589111, 0.7907345294952393, 0.3700694441795349, 0.091727115213871, 0.002025628462433815, 0.00012140403123339638], "lowlevel.gfcc.mean": [-52.0616455078125, 49.198524475097656, -94.5403060913086, 39.28455352783203, -42.3953971862793, 31.91454315185547, -30.208606719970703, 12.16120719909668, -15.434151649475098, 4.357220649719238, -9.801812171936035, 4.1274871826171875, -16.800928115844727], "lowlevel.melbands.mean": [0.013720537535846233, 0.010999435558915138, 0.0014909353340044618, 0.00026490248274058104, 0.00017889226728584617, 9.081864118343219e-05, 5.188137583900243e-05, 4.416664160089567e-05, 7.533069583587348e-05, 8.592972153564915e-05, 3.8796657463535666e-05, 1.3670064618054312e-05, 1.509087178419577e-05, 5.3694599046139047e-05, 4.403811908559874e-05, 5.317891191225499e-05, 2.785893411783036e-05, 9.241711268259678e-06, 9.191175195155665e-06, 2.2242853447096422e-05, 1.1113686014141422e-05, 1.2321436770434957e-05, 1.55425750563154e-05, 2.786139702948276e-05, 1.1411387276893947e-05, 7.291276233445387e-06, 9.386108104081359e-06, 4.696612450061366e-06, 4.849071501666913e-06, 4.281968813302228e-06, 4.040247858938528e-06, 4.516552053246414e-06, 3.4609247450134717e-06, 3.3999506285908865e-06, 2.823562908815802e-06, 3.419888798816828e-06, 3.95477945858147e-06, 2.5828326215560082e-06, 1.5647323152734316e-06, 1.0135448746950715e-06], "lowlevel.melbands.stdev": [0.025437965989112854, 0.019073043018579483, 0.005266624502837658, 0.000890652067027986, 0.00028903482598252594, 0.00021040812134742737, 0.0001412960991729051, 0.00011373505549272522, 0.00015431156498380005, 0.00020397234766278416, 9.836347453529015e-05, 3.530356480041519e-05, 3.921121606254019e-05, 0.00011077855015173554, 7.650908810319379e-05, 9.384356235386804e-05, 4.477772017708048e-05, 1.9518422050168738e-05, 2.1932541130809113e-05, 5.3848438255954534e-05, 2.356742334086448e-05, 2.750015482888557e-05, 3.720135282492265e-05, 6.509436207124963e-05, 3.208362977602519e-05, 2.5446428480790928e-05, 3.512195689836517e-05, 1.5389548934763297e-05, 1.6878937458386645e-05, 1.2463184248190373e-05, 1.1087750863225665e-05, 1.1023057595593855e-05, 7.421813734254101e-06, 7.001996436883928e-06, 5.016631803300697e-06, 5.819053512823302e-06, 6.534537078550784e-06, 4.426179657457396e-06, 2.82141490970389e-06, 1.9705037175299367e-06], "lowlevel.melbands128.mean": [0.00016614988271612674, 0.00615285150706768, 0.023314351215958595, 0.02121475338935852, 0.01007266528904438, 0.003897437360137701, 0.0018712044693529606, 0.0010252564679831266, 0.00048062705900520086, 0.00021975689742248505, 0.00011366874241502956, 0.00014726519293617457, 0.00021811803162563592, 0.00019307134789414704, 9.711797611089423e-05, 2.720547308854293e-05, 3.624561941251159e-05, 7.689796620979905e-05, 4.1674520616652444e-05, 2.9343946152948774e-05, 4.601200998877175e-05, 8.318223262904212e-05, 5.292596688377671e-05, 9.835704986471683e-05, 0.00011771808203775436, 5.409095319919288e-05, 9.27975561353378e-05, 2.0083663912373595e-05, 1.7656426280154847e-05, 1.5765932403155603e-05, 1.031570354825817e-05, 1.2886251170129981e-05, 1.4691079741169233e-05, 1.3819547348248307e-05, 3.0972911190474406e-05, 8.2890794146806e-05, 7.186648872448131e-05, 1.278760282730218e-05, 5.9554844483500347e-05, 4.8103262088261545e-05, 4.3336855014786124e-05, 7.337721763178706e-05, 2.591445081634447e-05, 8.133487426675856e-06, 1.1942453966184985e-05, 8.743902981223073e-06, 8.298668944917154e-06, 6.599343578272965e-06, 1.042330313794082e-05, 1.6309462807839736e-05, 3.632400694186799e-05, 8.958837497630157e-06, 1.4658516192866955e-05, 1.0050373930425849e-05, 7.835301403247286e-06, 1.118588352255756e-05, 1.5120627722353674e-05, 2.294540172442794e-05, 1.0465441846463364e-05, 1.2499672266130801e-05, 4.345105480751954e-05, 2.47264324571006e-05, 1.159929161076434e-05, 9.067453902389389e-06, 8.16060128272511e-06, 6.107144599809544e-06, 5.797313406219473e-06, 1.370049449178623e-05, 9.948136721504852e-06, 4.485378667595796e-06, 4.34572939411737e-06, 4.87388842884684e-06, 4.963784249412129e-06, 5.3121357268537395e-06, 4.006805284006987e-06, 4.309205451136222e-06, 4.528968474915018e-06, 3.8082564515207196e-06, 4.177784376224736e-06, 3.703061338455882e-06, 5.025409791414859e-06, 4.922979314869735e-06, 3.359265747349127e-06, 3.3572964639461134e-06, 3.3755327422113623e-06, 3.5751183986576507e-06, 3.4370111734460806e-06, 2.9830121093255e-06, 2.5427975742786657e-06, 2.8453457616706146e-06, 3.3685241760395e-06, 3.4667543786781607e-06, 3.6994833862991072e-06, 4.5637661969522014e-06, 3.5123682664561784e-06, 3.5118757750751683e-06, 2.2419221750169527e-06, 1.4090686590861878e-06, 1.8657709688341129e-06, 1.5545224414381664e-06, 9.240485496775364e-07, 1.070584971785138e-06, 8.411790872742131e-07, 7.952942269184859e-07, 6.02186162268481e-07, 6.685067432954384e-07, 1.0134003787243273e-06, 8.258047046183492e-07, 7.32741625597555e-07, 7.304660698537191e-07, 7.18809246791352e-07, 7.334081715271168e-07, 7.417169740620011e-07, 7.681277907067852e-07, 5.977000228085672e-07, 6.997677246545209e-07, 4.791355650013429e-07, 6.683212205871314e-08, 2.0529697386528767e-10, 8.379206356545765e-11, 4.443528878184111e-11, 1.5953564858062208e-11, 7.164581428131811e-12, 7.023657263433014e-12, 6.860098860500541e-12, 6.663496143755054e-12, 6.548388133825744e-12, 6.502868989816113e-12], "lowlevel.melbands128.stdev": [0.00033186146174557507, 0.012663373723626137, 0.04596983641386032, 0.036536481231451035, 0.021793853491544724, 0.0135795334354043, 0.0072486512362957, 0.0039862459525465965, 0.0018605809891596437, 0.0007616871153004467, 0.0003413976519368589, 0.0002695719012990594, 0.0004062547523062676, 0.00046629211283288896, 0.0002724727673921734, 9.93733701761812e-05, 9.935590060194954e-05, 0.00024103483883664012, 0.00012253721070010215, 0.00010879815818043426, 0.0001528939901618287, 0.00023581754066981375, 0.00014392075536306947, 0.00031317133107222617, 0.00039641448529437184, 0.00014907358854543418, 0.0003085658245254308, 4.490314677241258e-05, 4.508878555498086e-05, 4.2469906475162134e-05, 3.003394158440642e-05, 5.9753288951469585e-05, 4.431538764038123e-05, 3.660784204839729e-05, 8.824912220006809e-05, 0.00019577363855205476, 0.0001916383916977793, 2.9420536520774476e-05, 0.00017000839579850435, 0.00011976181849604473, 0.0001188788446597755, 0.00013807523646391928, 5.234424679656513e-05, 2.0561023120535538e-05, 2.6813144359039143e-05, 2.473249151080381e-05, 2.125552600773517e-05, 2.2464168068836443e-05, 3.638795169536024e-05, 3.603941513574682e-05, 0.00011105028534075245, 2.1819283574586734e-05, 4.056903344462626e-05, 2.5715849915286526e-05, 2.3537739252788015e-05, 3.127212403342128e-05, 4.745595288113691e-05, 7.57793677621521e-05, 2.976351424877066e-05, 3.0223807698348537e-05, 0.00011924877617275342, 7.063512748572975e-05, 4.88716977997683e-05, 2.520706402719952e-05, 2.9795861337333918e-05, 2.9687305868719704e-05, 2.1173347704461776e-05, 5.787430563941598e-05, 4.180428004474379e-05, 1.4846174053673167e-05, 1.628791324037593e-05, 1.707180308585521e-05, 1.857233110058587e-05, 2.1851808924111538e-05, 1.378108026983682e-05, 1.3445734111883212e-05, 1.3851808034814894e-05, 1.280075048271101e-05, 1.2489112123148516e-05, 1.0659107829269487e-05, 1.37334127430222e-05, 1.222664832312148e-05, 8.642507054901216e-06, 8.033699486986734e-06, 7.466624992957804e-06, 8.000228262972087e-06, 7.831751645426266e-06, 6.297839263424976e-06, 5.116854481457267e-06, 5.14704561282997e-06, 6.461467364715645e-06, 6.585276878467994e-06, 6.5110152718261816e-06, 8.331610843015369e-06, 6.162469617265742e-06, 6.551339083671337e-06, 4.350759809312876e-06, 2.8522167667688336e-06, 3.725546321220463e-06, 2.9752736736554652e-06, 2.1058508536953013e-06, 2.3055051769915735e-06, 1.9176306977897184e-06, 1.7886289924717858e-06, 1.2514414038378163e-06, 1.3055343970336253e-06, 1.9919079932151362e-06, 1.7349473182548536e-06, 1.5276186786650214e-06, 1.4436494666369981e-06, 1.4910150412106304e-06, 1.3374796026255353e-06, 1.3099771649649483e-06, 1.3416149613476591e-06, 1.0851669003386633e-06, 1.2682875194514054e-06, 8.831765967443062e-07, 1.2657088177547848e-07, 3.7177398937160433e-09, 1.8705785809203235e-09, 1.0817772233551182e-09, 2.407248567148912e-10, 1.6842230735059083e-11, 1.6561802276826576e-11, 1.6322341048202738e-11, 1.612435879261298e-11, 1.5984812432034978e-11, 1.5898211566667264e-11], "lowlevel.mfcc.mean": [-704.4324340820312, 85.50872802734375, 13.802849769592285, 18.67906951904297, 17.505390167236328, 19.814111709594727, 6.97709846496582, 14.537127494812012, -1.206957221031189, 6.763710975646973, 7.364372253417969, 11.277494430541992, -3.9240429401397705], "lowlevel.spectral_contrast_coeffs.mean": [-0.672127902507782, -0.7836827039718628, -0.8034252524375916, -0.8010909557342529, -0.7984585762023926, -0.7578828930854797], "lowlevel.spectral_contrast_coeffs.stdev": [0.09487466514110565, 0.08587830513715744, 0.07550085335969925, 0.06456554681062698, 0.05912862345576286, 0.05394141748547554], "lowlevel.spectral_contrast_valleys.mean": [-7.662901878356934, -7.948918342590332, -8.150096893310547, -8.236220359802246, -8.183605194091797, -10.467731475830078], "lowlevel.spectral_contrast_valleys.stdev": [1.2697503566741943, 1.144899845123291, 1.1306331157684326, 1.067291498184204, 1.0903016328811646, 1.1951677799224854], "rhythm.beats_loudness_band_ratio.mean": [0.576042115688324, 0.06294447928667068, 0.05134971812367439, 0.06527072936296463, 0.07862652838230133, 0.1764499545097351], "rhythm.beats_loudness_band_ratio.stdev": [0.39776456356048584, 0.08511684089899063, 0.06635486334562302, 0.09584829211235046, 0.08020608127117157, 0.20556403696537018], "tonal.hpcp.mean": [0.11534281820058823, 0.051571186631917953, 0.037235673516988754, 0.03501453995704651, 0.03214843571186066, 0.06401294469833374, 0.07722979784011841, 0.07445810735225677, 0.1469319462776184, 0.1957649290561676, 0.14091916382312775, 0.15516051650047302, 0.177597776055336, 0.1116727739572525, 0.16288188099861145, 0.16582591831684113, 0.07054663449525833, 0.055312324315309525, 0.06015520915389061, 0.06862079352140427, 0.17708104848861694, 0.2087840735912323, 0.10539890080690384, 0.09684450179338455, 0.10202498733997345, 0.08649174124002457, 0.19487762451171875, 0.22827714681625366, 0.11482802778482437, 0.068723164498806, 0.06227622926235199, 0.05700592324137688, 0.0703049749135971, 0.06772655993700027, 0.05921405181288719, 0.11572813987731934], "tonal.hpcp.stdev": [0.2553325295448303, 0.14029501378536224, 0.1217268779873848, 0.12085962295532227, 0.10810237377882004, 0.1582985520362854, 0.1989908516407013, 0.15863142907619476, 0.2667942941188812, 0.3367629647254944, 0.27445366978645325, 0.2549697458744049, 0.3013535439968109, 0.2036822885274887, 0.2914908826351166, 0.3123420178890228, 0.16629469394683838, 0.14042848348617554, 0.1572461575269699, 0.17042569816112518, 0.293397456407547, 0.3453654646873474, 0.19795352220535278, 0.1982528567314148, 0.2088443636894226, 0.18745771050453186, 0.2867915630340576, 0.34421223402023315, 0.20573697984218597, 0.16713406145572662, 0.1642889827489853, 0.15135259926319122, 0.15338827669620514, 0.14009150862693787, 0.12127889692783356, 0.2488539069890976], "rhythm.beats_position": [0.4876190423965454, 0.9636281132698059, 1.4280271530151367, 1.904036283493042, 2.3684353828430176, 2.8444442749023438, 3.3088433742523193, 3.7848525047302246, 4.249251842498779, 4.713650703430176, 5.189659595489502, 5.665668964385986, 6.130067825317383, 6.5944671630859375, 7.058866024017334, 7.523265361785889, 7.987664222717285, 8.46367359161377, 8.928071975708008, 9.404081344604492, 9.868480682373047, 10.332880020141602, 10.80888843536377, 11.284897804260254, 11.749297142028809, 12.213695526123047, 12.689704895019531, 13.165714263916016, 13.63011360168457, 14.094511985778809, 14.558911323547363, 15.023310661315918, 15.499319076538086, 15.97532844543457, 16.439727783203125, 16.90412712097168, 17.368526458740234, 17.832923889160156, 18.30893325805664, 18.784942626953125, 19.24934196472168, 19.713741302490234, 20.18975067138672, 20.665760040283203, 21.130157470703125, 21.59455680847168, 22.058956146240234, 22.52335548400879, 22.987754821777344, 23.463764190673828, 23.939773559570312, 24.404170989990234, 24.86857032775879, 25.344579696655273, 25.820589065551758, 26.284988403320312, 26.749387741088867, 27.213787078857422, 27.689794540405273, 28.165803909301758, 28.630203247070312, 29.094602584838867, 29.559001922607422, 30.023401260375977, 30.48780059814453, 30.963808059692383, 31.439817428588867, 31.904216766357422, 32.36861801147461, 32.85623550415039, 33.32063293457031, 33.7850341796875, 34.24943161010742, 34.71383285522461, 35.17823028564453, 35.654239654541016, 36.1302490234375, 36.59464645385742, 37.05904769897461, 37.52344512939453, 37.999454498291016, 38.4754638671875, 38.93986511230469, 39.40426254272461, 39.86865997314453], "rhythm.bpm_histogram": [0.0, 0.0, 0.0, 0.0, 0.0, 0.0, 0.0, 0.0, 0.0, 0.0, 0.0, 0.0, 0.0, 0.0, 0.0, 0.0, 0.0, 0.0, 0.0, 0.0, 0.0, 0.0, 0.0, 0.0, 0.0, 0.0, 0.0, 0.0, 0.0, 0.0, 0.0, 0.0, 0.0, 0.0, 0.0, 0.0, 0.0, 0.0, 0.0, 0.0, 0.0, 0.0, 0.0, 0.0, 0.0, 0.0, 0.0, 0.0, 0.0, 0.0, 0.0, 0.0, 0.0, 0.0, 0.0, 0.0, 0.0, 0.0, 0.0, 0.0, 0.0, 0.0, 0.0, 0.0, 0.0, 0.0, 0.0, 0.0, 0.0, 0.0, 0.0, 0.0, 0.0, 0.0, 0.0, 0.0, 0.0, 0.0, 0.0, 0.0, 0.0, 0.0, 0.0, 0.0, 0.0, 0.0, 0.0, 0.0, 0.0, 0.0, 0.0, 0.0, 0.0, 0.0, 0.0, 0.0, 0.0, 0.0, 0.0, 0.0, 0.0, 0.0, 0.0, 0.0, 0.0, 0.0, 0.0, 0.0, 0.0, 0.0, 0.0, 0.0, 0.0, 0.0, 0.0, 0.0, 0.0, 0.0, 0.0, 0.0, 0.0, 0.0, 0.0, 0.011904762126505375, 0.0, 0.0, 0.3571428656578064, 0.0, 0.0, 0.6309523582458496, 0.0, 0.0, 0.0, 0.0, 0.0, 0.0, 0.0, 0.0, 0.0, 0.0, 0.0, 0.0, 0.0, 0.0, 0.0, 0.0, 0.0, 0.0, 0.0, 0.0, 0.0, 0.0, 0.0, 0.0, 0.0, 0.0, 0.0, 0.0, 0.0, 0.0, 0.0, 0.0, 0.0, 0.0, 0.0, 0.0, 0.0, 0.0, 0.0, 0.0, 0.0, 0.0, 0.0, 0.0, 0.0, 0.0, 0.0, 0.0, 0.0, 0.0, 0.0, 0.0, 0.0, 0.0, 0.0, 0.0, 0.0, 0.0, 0.0, 0.0, 0.0, 0.0, 0.0, 0.0, 0.0, 0.0, 0.0, 0.0, 0.0, 0.0, 0.0, 0.0, 0.0, 0.0, 0.0, 0.0, 0.0, 0.0, 0.0, 0.0, 0.0, 0.0, 0.0, 0.0, 0.0, 0.0, 0.0, 0.0, 0.0, 0.0, 0.0, 0.0, 0.0, 0.0, 0.0, 0.0, 0.0, 0.0, 0.0, 0.0, 0.0, 0.0, 0.0, 0.0, 0.0, 0.0, 0.0, 0.0, 0.0, 0.0, 0.0, 0.0, 0.0, 0.0, 0.0, 0.0, 0.0, 0.0, 0.0, 0.0], "tonal.chords_histogram": [1.5046296119689941, 9.143518447875977, 2.5462963581085205, 3.0092592239379883, 1.0416666269302368, 3.5879628658294678, 0.0, 5.55555534362793, 0.3472222089767456, 9.953703880310059, 13.078703880310059, 0.0, 3.125, 0.0, 0.0, 0.0, 0.5787037014961243, 1.6203703880310059, 8.796296119689941, 13.19444465637207, 1.6203703880310059, 1.9675925970077515, 18.865739822387695, 0.46296295523643494], "tonal.thpcp": [1.0, 0.5030202269554138, 0.30105143785476685, 0.2728097438812256, 0.249722421169281, 0.3079807758331299, 0.29668566584587097, 0.25939545035362244, 0.506963312625885, 0.5052753686904907, 0.22591480612754822, 0.16311608254909515, 0.15338610112667084, 0.14083072543144226, 0.28041768074035645, 0.3383159339427948, 0.32617416977882385, 0.6436559557914734, 0.8575756549835205, 0.6173161268234253, 0.6797023415565491, 0.7779919505119324, 0.4891982078552246, 0.7135269045829773, 0.7264236211776733, 0.3090394139289856, 0.24230338633060455, 0.2635183036327362, 0.3006030023097992, 0.7757283449172974, 0.9146078824996948, 0.46171465516090393, 0.4242408871650696, 0.4469347298145294, 0.37888917326927185, 0.8536887168884277], "lowlevel.gfcc.cov": [[9910.5185546875, 18.608240127563477, -884.8898315429688, -861.2059326171875, -296.85888671875, -901.3494262695312, -490.5069885253906, -410.32470703125, -597.9111328125, -191.64796447753906, -379.0411682128906, 169.0437469482422, -440.24298095703125], [18.608240127563477, 4011.46875, -601.656005859375, 257.88006591796875, 977.0086059570312, 44.307403564453125, 432.9435729980469, -12.871172904968262, 540.6758422851562, -219.78810119628906, 537.9365234375, -233.118408203125, 399.3427429199219], [-884.8898315429688, -601.656005859375, 2343.271484375, 816.7677001953125, 297.1346435546875, 651.4729614257812, 334.42364501953125, 174.8991241455078, 163.57102966308594, 135.9154052734375, -142.09817504882812, -60.02813720703125, -56.616973876953125], [-861.2059326171875, 257.88006591796875, 816.7677001953125, 855.028564453125, 453.13507080078125, 270.3205871582031, 379.2236633300781, 84.27151489257812, 169.60104370117188, -30.07470703125, 59.98018264770508, -118.94640350341797, 92.91204071044922], [-296.85888671875, 977.0086059570312, 297.1346435546875, 453.13507080078125, 745.6114501953125, 294.80133056640625, 373.18499755859375, 126.54109954833984, 262.86279296875, -50.37234115600586, 182.23736572265625, -75.14443969726562, 147.66734313964844], [-901.3494262695312, 44.307403564453125, 651.4729614257812, 270.3205871582031, 294.80133056640625, 495.44879150390625, 240.67559814453125, 152.19476318359375, 184.88262939453125, 67.9708251953125, 25.886962890625, -37.61994171142578, 61.013587951660156], [-490.5069885253906, 432.9435729980469, 334.42364501953125, 379.2236633300781, 373.18499755859375, 240.67559814453125, 400.72064208984375, 129.66783142089844, 213.3812255859375, 7.50828218460083, 96.5528335571289, -91.72040557861328, 93.41985321044922], [-410.32470703125, -12.871172904968262, 174.8991241455078, 84.27151489257812, 126.54109954833984, 152.19476318359375, 129.66783142089844, 175.98597717285156, 102.08213806152344, 54.00959396362305, 39.467124938964844, -6.557155132293701, 17.170543670654297], [-597.9111328125, 540.6758422851562, 163.57102966308594, 169.60104370117188, 262.86279296875, 184.88262939453125, 213.3812255859375, 102.08213806152344, 273.4383239746094, 40.66484069824219, 156.8263397216797, -45.19377899169922, 114.33600616455078], [-191.64796447753906, -219.78810119628906, 135.9154052734375, -30.07470703125, -50.37234115600586, 67.9708251953125, 7.50828218460083, 54.00959396362305, 40.66484069824219, 122.23271179199219, 12.86744499206543, 30.662189483642578, -18.123416900634766], [-379.0411682128906, 537.9365234375, -142.09817504882812, 59.98018264770508, 182.23736572265625, 25.886962890625, 96.5528335571289, 39.467124938964844, 156.8263397216797, 12.86744499206543, 209.16378784179688, 2.4265034198760986, 101.50672912597656], [169.0437469482422, -233.118408203125, -60.02813720703125, -118.94640350341797, -75.14443969726562, -37.61994171142578, -91.72040557861328, -6.557155132293701, -45.19377899169922, 30.662189483642578, 2.4265034198760986, 105.95606994628906, -9.079076766967773], [-440.24298095703125, 399.3427429199219, -56.616973876953125, 92.91204071044922, 147.66734313964844, 61.013587951660156, 93.41985321044922, 17.170543670654297, 114.33600616455078, -18.123416900634766, 101.50672912597656, -9.079076766967773, 145.5063018798828]], "lowlevel.gfcc.icov": [[0.00018646297394298017, -6.89481821609661e-05, -4.957291093887761e-05, 0.00021405090228654444, -0.00026441755471751094, 0.00036529003409668803, -0.0002486945886630565, 0.0002633154799696058, 1.7279418898397125e-05, 2.8563194973685313e-06, 0.00041497149504721165, -0.00045302833314053714, 0.0005102112772874534], [-6.89481821609661e-05, 0.0008496328955516219, -7.562328391941264e-05, 0.0005145531613379717, -0.000831762736197561, 0.00030346898711286485, 0.00022085453383624554, 0.0004813811101485044, -0.0006320195971056819, 0.0006603963556699455, -0.0011797163169831038, 0.0017447705613449216, -0.0008694225107319653], [-4.957291093887761e-05, -7.562328391941264e-05, 0.001340821385383606, -0.0014714995631948113, 0.0004186615697108209, -0.00138216617051512, 0.00042270534322597086, 0.00015324476407840848, -0.0009449395001865923, -0.0006279124063439667, 0.001228547771461308, -0.0009504726622253656, 0.0011320614721626043], [0.00021405090228654444, 0.0005145531613379717, -0.0014714995631948113, 0.004403282422572374, -0.0019518797053024173, 0.0016397270374000072, -0.0022741341963410378, 0.0010245834710076451, 0.0013751351507380605, 0.0007874214788898826, -0.001229459303431213, 0.0024520941078662872, -0.0014881426468491554], [-0.00026441755471751094, -0.000831762736197561, 0.0004186615697108209, -0.0019518797053024173, 0.00541129382327199, -0.0024733650498092175, -0.0013491250574588776, -0.0013749755453318357, -0.00019405521743465215, 0.002329164184629917, -0.0013278564438223839, -0.0023228279314935207, 0.0006899061845615506], [0.00036529003409668803, 0.00030346898711286485, -0.00138216617051512, 0.0016397270374000072, -0.0024733650498092175, 0.00658920593559742, -0.000996488961391151, -0.000869370938744396, -0.0014181080041453242, -0.0012547768419608474, 0.0022588057909160852, 0.0003967649245169014, -0.0014159827260300517], [-0.0002486945886630565, 0.00022085453383624554, 0.00042270534322597086, -0.0022741341963410378, -0.0013491250574588776, -0.000996488961391151, 0.00913990382105112, -0.0027495422400534153, -0.002854399150237441, -0.0006037840503267944, 0.00027426728047430515, 0.0038414180744439363, -0.0012825406156480312], [0.0002633154799696058, 0.0004813811101485044, 0.00015324476407840848, 0.0010245834710076451, -0.0013749755453318357, -0.000869370938744396, -0.0027495422400534153, 0.011009320616722107, -0.0020907744765281677, -0.002091832458972931, 0.0001288555358769372, -0.0011967787286266685, 0.0023247746285051107], [1.7279418898397125e-05, -0.0006320195971056819, -0.0009449395001865923, 0.0013751351507380605, -0.00019405521743465215, -0.0014181080041453242, -0.002854399150237441, -0.0020907744765281677, 0.016008377075195312, -0.004252183251082897, -0.00685253506526351, 0.0041654338128864765, -0.004656369797885418], [2.8563194973685313e-06, 0.0006603963556699455, -0.0006279124063439667, 0.0007874214788898826, 0.002329164184629917, -0.0012547768419608474, -0.0006037840503267944, -0.002091832458972931, -0.004252183251082897, 0.016010794788599014, -0.002965628169476986, -0.003554443595930934, 0.0034285106230527163], [0.00041497149504721165, -0.0011797163169831038, 0.001228547771461308, -0.001229459303431213, -0.0013278564438223839, 0.0022588057909160852, 0.00027426728047430515, 0.0001288555358769372, -0.00685253506526351, -0.002965628169476986, 0.01623307354748249, -0.00633580144494772, -0.000738998525775969], [-0.00045302833314053714, 0.0017447705613449216, -0.0009504726622253656, 0.0024520941078662872, -0.0023228279314935207, 0.0003967649245169014, 0.0038414180744439363, -0.0011967787286266685, 0.0041654338128864765, -0.003554443595930934, -0.00633580144494772, 0.020372925326228142, -0.0062536634504795074], [0.0005102112772874534, -0.0008694225107319653, 0.0011320614721626043, -0.0014881426468491554, 0.0006899061845615506, -0.0014159827260300517, -0.0012825406156480312, 0.0023247746285051107, -0.004656369797885418, 0.0034285106230527163, -0.000738998525775969, -0.0062536634504795074, 0.016847051680088043]], "lowlevel.mfcc.cov": [[10192.1171875, 547.7545166015625, -1443.316650390625, -285.78900146484375, -595.3947143554688, -679.0515747070312, -498.8226318359375, -442.0263366699219, -628.4880981445312, -632.4790649414062, -124.22862243652344, -271.7467346191406, -430.4178771972656], [547.7545166015625, 2955.153076171875, -674.6165161132812, 250.74166870117188, 405.61279296875, 177.32542419433594, 132.1220703125, 193.79031372070312, 97.64226531982422, 61.5003776550293, 183.5919952392578, 210.52105712890625, 23.07865333557129], [-1443.316650390625, -674.6165161132812, 1745.9488525390625, 304.782958984375, 294.1739807128906, 414.10546875, 221.1314239501953, 163.1281280517578, 290.05389404296875, 259.3995361328125, -21.314926147460938, 15.718755722045898, 145.39317321777344], [-285.78900146484375, 250.74166870117188, 304.782958984375, 718.9161376953125, 241.4387664794922, 248.5146026611328, 222.751953125, 184.33114624023438, 133.4507293701172, 135.7203826904297, 40.69221496582031, 53.84309005737305, 13.061639785766602], [-595.3947143554688, 405.61279296875, 294.1739807128906, 241.4387664794922, 427.0795593261719, 265.87677001953125, 209.35501098632812, 198.07431030273438, 172.22483825683594, 128.19532775878906, 82.06965637207031, 99.4917221069336, 61.62764358520508], [-679.0515747070312, 177.32542419433594, 414.10546875, 248.5146026611328, 265.87677001953125, 374.26239013671875, 214.8244171142578, 184.55682373046875, 206.33636474609375, 174.3990020751953, 29.712505340576172, 72.30363464355469, 84.66069030761719], [-498.8226318359375, 132.1220703125, 221.1314239501953, 222.751953125, 209.35501098632812, 214.8244171142578, 244.38909912109375, 175.0263214111328, 169.9629364013672, 139.42398071289062, 66.36769104003906, 59.875308990478516, 57.20960998535156], [-442.0263366699219, 193.79031372070312, 163.1281280517578, 184.33114624023438, 198.07431030273438, 184.55682373046875, 175.0263214111328, 214.18617248535156, 154.26690673828125, 132.81982421875, 59.33949279785156, 70.06599426269531, 40.888938903808594], [-628.4880981445312, 97.64226531982422, 290.05389404296875, 133.4507293701172, 172.22483825683594, 206.33636474609375, 169.9629364013672, 154.26690673828125, 234.08544921875, 172.5954132080078, 46.90252685546875, 54.03248977661133, 85.21702575683594], [-632.4790649414062, 61.5003776550293, 259.3995361328125, 135.7203826904297, 128.19532775878906, 174.3990020751953, 139.42398071289062, 132.81982421875, 172.5954132080078, 214.0500030517578, 61.395751953125, 60.8919563293457, 69.74495697021484], [-124.22862243652344, 183.5919952392578, -21.314926147460938, 40.69221496582031, 82.06965637207031, 29.712505340576172, 66.36769104003906, 59.33949279785156, 46.90252685546875, 61.395751953125, 136.39849853515625, 84.74211120605469, 17.437347412109375], [-271.7467346191406, 210.52105712890625, 15.718755722045898, 53.84309005737305, 99.4917221069336, 72.30363464355469, 59.875308990478516, 70.06599426269531, 54.03248977661133, 60.8919563293457, 84.74211120605469, 127.49609375, 40.57912063598633], [-430.4178771972656, 23.07865333557129, 145.39317321777344, 13.061639785766602, 61.62764358520508, 84.66069030761719, 57.20960998535156, 40.888938903808594, 85.21702575683594, 69.74495697021484, 17.437347412109375, 40.57912063598633, 113.70158386230469]], "lowlevel.mfcc.icov": [[0.00013899007171858102, -4.310258009354584e-05, 2.726684761000797e-05, -3.7250960303936154e-05, 0.00010647593444446102, -3.64555926353205e-05, 3.410106728551909e-05, 8.895749488146976e-06, 1.600420000613667e-05, 0.00024609785759821534, -0.00014089344767853618, 0.00018781494873110205, 0.0002450105093885213], [-4.310258009354584e-05, 0.0005631569074466825, 0.00035593469510786235, -0.00013952104200143367, -0.0006086572539061308, -0.00026076496578752995, 0.0004971448797732592, -2.0547176973195747e-05, -0.0002277349994983524, 1.3504520211427007e-05, -0.0002138790296157822, -0.00033552481909282506, -0.00012033229722874239], [2.726684761000797e-05, 0.00035593469510786235, 0.00114685227163136, -0.00024249037960544229, -0.0006476655253209174, -0.0008428962319158018, 0.0005758051411248744, 0.0005137778352946043, -0.0005159555585123599, -0.00046492903493344784, 6.671345909126103e-05, 0.00037839513970538974, -0.00037690112367272377], [-3.7250960303936154e-05, -0.00013952104200143367, -0.00024249037960544229, 0.002262991387397051, -0.0001583135308464989, -0.0004248690092936158, -0.0017232403624802828, -0.0004288270720280707, 0.0010613411432132125, -0.0006592624704353511, 0.0005813717725686729, -0.0001884228113340214, 0.0009478784631937742], [0.00010647593444446102, -0.0006086572539061308, -0.0006476655253209174, -0.0001583135308464989, 0.006478437688201666, -0.002072980860248208, -0.0014065374853089452, -0.0022792783565819263, -0.00031726411543786526, 0.002304540481418371, -0.0014579693088307977, -0.0006530889659188688, 0.00021332275355234742], [-3.64555926353205e-05, -0.00026076496578752995, -0.0008428962319158018, -0.0004248690092936158, -0.002072980860248208, 0.009578186087310314, -0.0034501864574849606, -0.0002551186189521104, -0.0015954748960211873, -0.0019759926944971085, 0.004328325390815735, -0.0025163458194583654, -0.0004967916756868362], [3.410106728551909e-05, 0.0004971448797732592, 0.0005758051411248744, -0.0017232403624802828, -0.0014065374853089452, -0.0034501864574849606, 0.01604493334889412, -0.005518506281077862, -0.0036913619842380285, 0.0008869111188687384, -0.004816391505300999, 0.0032715355046093464, -0.001473760581575334], [8.895749488146976e-06, -2.0547176973195747e-05, 0.0005137778352946043, -0.0004288270720280707, -0.0022792783565819263, -0.0002551186189521104, -0.005518506281077862, 0.015791140496730804, -0.0037512246053665876, -0.0024788181763142347, 0.0014880385715514421, -0.0032294979318976402, 0.0032097548246383667], [1.600420000613667e-05, -0.0002277349994983524, -0.0005159555585123599, 0.0010613411432132125, -0.00031726411543786526, -0.0015954748960211873, -0.0036913619842380285, -0.0037512246053665876, 0.017507994547486305, -0.007101551629602909, 0.00029739903402514756, 0.00213569775223732, -0.004362677223980427], [0.00024609785759821534, 1.3504520211427007e-05, -0.00046492903493344784, -0.0006592624704353511, 0.002304540481418371, -0.0019759926944971085, 0.0008869111188687384, -0.0024788181763142347, -0.007101551629602909, 0.01472164411097765, -0.004107477609068155, 8.221696043619886e-05, -0.0008407657733187079], [-0.00014089344767853618, -0.0002138790296157822, 6.671345909126103e-05, 0.0005813717725686729, -0.0014579693088307977, 0.004328325390815735, -0.004816391505300999, 0.0014880385715514421, 0.00029739903402514756, -0.004107477609068155, 0.016622422263026237, -0.009959625080227852, 0.0021155874710530043], [0.00018781494873110205, -0.00033552481909282506, 0.00037839513970538974, -0.0001884228113340214, -0.0006530889659188688, -0.0025163458194583654, 0.0032715355046093464, -0.0032294979318976402, 0.00213569775223732, 8.221696043619886e-05, -0.009959625080227852, 0.018123578280210495, -0.004532062914222479], [0.0002450105093885213, -0.00012033229722874239, -0.00037690112367272377, 0.0009478784631937742, 0.00021332275355234742, -0.0004967916756868362, -0.001473760581575334, 0.0032097548246383667, -0.004362677223980427, -0.0008407657733187079, 0.0021155874710530043, -0.004532062914222479, 0.015039934776723385]], "metadata.audio_properties.analysis.downmix": "mix", "metadata.audio_properties.codec": "mp3", "metadata.audio_properties.md5_encoded": "89d8d49ab2258ae6e5f3a9898883dfd5", "metadata.tags.file_name": "1182271967370412123.mp3", "metadata.version.essentia": "2.1-beta6-dev", "metadata.version.essentia_git_sha": "v2.1_beta5-1110-g77a6a954", "metadata.version.extractor": "music 2.0", "tonal.chords_key": "B", "tonal.chords_scale": "minor", "tonal.key_edma.key": "F#", "tonal.key_edma.scale": "mino