{"song_id": "1182270742654615552", "download": "https://cdn.discordapp.com/attachments/1135903449314238464/1182270742654615552/chirp.mp4?ex=6584166e&amp", "lyrics": "\"Les accords rugissent comme des vagues d\u00e9cha\u00een\u00e9es sur le rivage de l'\u00e2me.\"\n\"La m\u00e9lodie rebelle danse avec la puissance du feu dans nos veines.\"\n\"Les paroles poignantes r\u00e9sonnent comme un cri de libert\u00e9 dans l'obscurit\u00e9.\"\n\"Le battement de la batterie r\u00e9veille l'esprit rebelle qui sommeille en nous.\"", "style": ["Rock"], "essentia_features": {"lowlevel.average_loudness": 0.981927752494812, "lowlevel.barkbands_crest.mean": 12.102091789245605, "lowlevel.barkbands_crest.stdev": 3.7612555027008057, "lowlevel.barkbands_flatness_db.mean": 0.17518606781959534, "lowlevel.barkbands_flatness_db.stdev": 0.03841269761323929, "lowlevel.barkbands_kurtosis.mean": 9.567349433898926, "lowlevel.barkbands_kurtosis.stdev": 9.528837203979492, "lowlevel.barkbands_skewness.mean": 2.7597320079803467, "lowlevel.barkbands_skewness.stdev": 1.215466022491455, "lowlevel.barkbands_spread.mean": 17.696069717407227, "lowlevel.barkbands_spread.stdev": 10.838457107543945, "lowlevel.dissonance.mean": 0.4785565137863159, "lowlevel.dissonance.stdev": 0.023301536217331886, "lowlevel.dynamic_complexity": 0.9436822533607483, "lowlevel.erbbands_crest.mean": 7.8806233406066895, "lowlevel.erbbands_crest.stdev": 3.9970364570617676, "lowlevel.erbbands_flatness_db.mean": 0.13744960725307465, "lowlevel.erbbands_flatness_db.stdev": 0.030450912192463875, "lowlevel.erbbands_kurtosis.mean": -0.4273243248462677, "lowlevel.erbbands_kurtosis.stdev": 1.1613998413085938, "lowlevel.erbbands_skewness.mean": -0.025594236329197884, "lowlevel.erbbands_skewness.stdev": 0.6163581609725952, "lowlevel.erbbands_spread.mean": 58.03392028808594, "lowlevel.erbbands_spread.stdev": 20.33782386779785, "lowlevel.hfc.mean": 25.643007278442383, "lowlevel.hfc.stdev": 14.616575241088867, "lowlevel.loudness_ebu128.integrated": -16.863115310668945, "lowlevel.loudness_ebu128.loudness_range": 0.9220333099365234, "lowlevel.loudness_ebu128.momentary.mean": -16.90390968322754, "lowlevel.loudness_ebu128.momentary.stdev": 0.6041529774665833, "lowlevel.loudness_ebu128.short_term.mean": -16.861652374267578, "lowlevel.loudness_ebu128.short_term.stdev": 0.2979338765144348, "lowlevel.melbands_crest.mean": 17.254253387451172, "lowlevel.melbands_crest.stdev": 4.28164529800415, "lowlevel.melbands_flatness_db.mean": 0.24281270802021027, "lowlevel.melbands_flatness_db.stdev": 0.0471951887011528, "lowlevel.melbands_kurtosis.mean": 36.65604019165039, "lowlevel.melbands_kurtosis.stdev": 29.97314453125, "lowlevel.melbands_skewness.mean": 4.953014373779297, "lowlevel.melbands_skewness.stdev": 2.0540030002593994, "lowlevel.melbands_spread.mean": 12.251311302185059, "lowlevel.melbands_spread.stdev": 9.748059272766113, "lowlevel.pitch_salience.mean": 0.4739675223827362, "lowlevel.pitch_salience.stdev": 0.11597241461277008, "lowlevel.silence_rate_20dB.mean": 1.0, "lowlevel.silence_rate_20dB.stdev": 0.0, "lowlevel.silence_rate_30dB.mean": 0.9127907156944275, "lowlevel.silence_rate_30dB.stdev": 0.28214189410209656, "lowlevel.silence_rate_60dB.mean": 0.003488372080028057, "lowlevel.silence_rate_60dB.stdev": 0.05895925685763359, "lowlevel.spectral_centroid.mean": 1182.2579345703125, "lowlevel.spectral_centroid.stdev": 495.4528503417969, "lowlevel.spectral_complexity.mean": 25.061628341674805, "lowlevel.spectral_complexity.stdev": 8.642094612121582, "lowlevel.spectral_decrease.mean": -1.699087270878863e-08, "lowlevel.spectral_decrease.stdev": 8.062806422515223e-09, "lowlevel.spectral_energy.mean": 0.06645336002111435, "lowlevel.spectral_energy.stdev": 0.030915388837456703, "lowlevel.spectral_energyband_high.mean": 0.0012687185080721974, "lowlevel.spectral_energyband_high.stdev": 0.0017126341117545962, "lowlevel.spectral_energyband_low.mean": 0.04544934630393982, "lowlevel.spectral_energyband_low.stdev": 0.029232081025838852, "lowlevel.spectral_energyband_middle_high.mean": 0.004623405169695616, "lowlevel.spectral_energyband_middle_high.stdev": 0.0034333886578679085, "lowlevel.spectral_energyband_middle_low.mean": 0.018603796139359474, "lowlevel.spectral_energyband_middle_low.stdev": 0.015219520777463913, "lowlevel.spectral_entropy.mean": 7.7384185791015625, "lowlevel.spectral_entropy.stdev": 0.2790714502334595, "lowlevel.spectral_flux.mean": 0.13690483570098877, "lowlevel.spectral_flux.stdev": 0.05630270391702652, "lowlevel.spectral_kurtosis.mean": 2.507669687271118, "lowlevel.spectral_kurtosis.stdev": 1.4553782939910889, "lowlevel.spectral_rms.mean": 0.007853556424379349, "lowlevel.spectral_rms.stdev": 0.0017760093323886395, "lowlevel.spectral_rolloff.mean": 604.106201171875, "lowlevel.spectral_rolloff.stdev": 922.1597900390625, "lowlevel.spectral_skewness.mean": 1.1280173063278198, "lowlevel.spectral_skewness.stdev": 0.2798627018928528, "lowlevel.spectral_spread.mean": 4536297.5, "lowlevel.spectral_spread.stdev": 1212712.625, "lowlevel.spectral_strongpeak.mean": 0.600697934627533, "lowlevel.spectral_strongpeak.stdev": 0.47557228803634644, "lowlevel.zerocrossingrate.mean": 0.0399152897298336, "lowlevel.zerocrossingrate.stdev": 0.020027851685881615, "metadata.audio_properties.analysis.equal_loudness": 0.0, "metadata.audio_properties.analysis.length": 19.925329208374023, "metadata.audio_properties.analysis.sample_rate": 44100.0, "metadata.audio_properties.analysis.start_time": 0.0, "metadata.audio_properties.bit_rate": 118923.0, "metadata.audio_properties.length": 19.92533302307129, "metadata.audio_properties.lossless": 0.0, "metadata.audio_properties.number_channels": 1.0, "metadata.audio_properties.replay_gain": -7.333581924438477, "metadata.audio_properties.sample_rate": 48000.0, "rhythm.beats_count": 52.0, "rhythm.beats_loudness.mean": 0.07891779392957687, "rhythm.beats_loudness.stdev": 0.03199023753404617, "rhythm.bpm": 161.4989776611328, "rhythm.bpm_histogram_first_peak_bpm": 161.0, "rhythm.bpm_histogram_first_peak_weight": 0.29787230491638184, "rhythm.bpm_histogram_second_peak_bpm": 144.0, "rhythm.bpm_histogram_second_peak_spread": 0.3333333730697632, "rhythm.bpm_histogram_second_peak_weight": 0.03921568766236305, "rhythm.danceability": 1.557312250137329, "rhythm.onset_rate": 4.512196063995361, "tonal.chords_changes_rate": 0.05104408413171768, "tonal.chords_number_rate": 0.011600928381085396, "tonal.chords_strength.mean": 0.5887986421585083, "tonal.chords_strength.stdev": 0.08038710802793503, "tonal.hpcp_crest.mean": 10.629802703857422, "tonal.hpcp_crest.stdev": 5.350711822509766, "tonal.hpcp_entropy.mean": 2.541398525238037, "tonal.hpcp_entropy.stdev": 0.7822872996330261, "tonal.key_edma.strength": 0.7969130277633667, "tonal.key_krumhansl.strength": 0.7887372374534607, "tonal.key_temperley.strength": 0.762101948261261, "tonal.tuning_diatonic_strength": 0.746592104434967, "tonal.tuning_equal_tempered_deviation": 0.1579200029373169, "tonal.tuning_frequency": 440.2542419433594, "tonal.tuning_nontempered_energy_ratio": 0.8696109056472778, "lowlevel.barkbands.mean": [0.00017869946896098554, 0.02515745908021927, 0.016756756231188774, 0.005962293595075607, 0.0062984926626086235, 0.0026662389282137156, 0.000946606567595154, 0.001238562515936792, 0.0011741890339180827, 0.0005382418166846037, 0.00043233652831986547, 0.0007234532968141139, 0.0005059217801317573, 0.00033096366678364575, 0.0003835270181298256, 0.0005723217618651688, 0.0004332749522291124, 0.0003509468224365264, 0.0003802766150329262, 0.0003318750823382288, 0.0003253792820032686, 0.0002791158913169056, 0.0002715903683565557, 0.00013601119280792773, 6.234212196432054e-05, 1.650188642088324e-05, 4.0287112312853424e-08], "lowlevel.barkbands.stdev": [0.00022468373936135322, 0.022142920643091202, 0.014608468860387802, 0.006683696527034044, 0.008786405436694622, 0.0048025124706327915, 0.0020211555529385805, 0.0036950591020286083, 0.0030017837416380644, 0.0011913732159882784, 0.0012456809636205435, 0.00172717054374516, 0.0010404743952676654, 0.0003822579456027597, 0.0006082419422455132, 0.0005913900677114725, 0.00042247053352184594, 0.0004144470440223813, 0.00043746852315962315, 0.00042142454185523093, 0.00044628450996242464, 0.00040572715806774795, 0.0006183606456033885, 0.0003198434424120933, 0.00012213365698698908, 3.872801607940346e-05, 1.8163989068398223e-07], "lowlevel.erbbands.mean": [0.441287100315094, 6.706969738006592, 19.330570220947266, 20.801694869995117, 27.97995948791504, 13.257204055786133, 9.639513969421387, 24.834836959838867, 19.898828506469727, 17.42677116394043, 27.664897918701172, 26.91510581970215, 25.477476119995117, 13.231796264648438, 21.319332122802734, 30.345678329467773, 23.109079360961914, 18.77924919128418, 18.257410049438477, 22.01517677307129, 34.31135940551758, 25.34402084350586, 19.488996505737305, 19.79737663269043, 17.65814208984375, 15.688446044921875, 14.975162506103516, 11.376863479614258, 10.4889497756958, 9.126721382141113, 7.0602946281433105, 3.653641939163208, 1.9479416608810425, 0.9011248350143433, 0.34489715099334717, 0.12263526767492294, 0.01982206292450428, 0.0009646552498452365, 6.22715670033358e-05, 7.83912037150003e-05], "lowlevel.erbbands.stdev": [0.4052181839942932, 5.852085113525391, 16.08251953125, 17.446548461914062, 40.1467170715332, 18.59733009338379, 15.029908180236816, 51.05965805053711, 43.43708038330078, 44.34496307373047, 83.49259185791016, 73.3407974243164, 52.839054107666016, 37.77519607543945, 53.691383361816406, 62.96451950073242, 42.15779495239258, 24.756011962890625, 23.546977996826172, 30.459644317626953, 35.266334533691406, 24.2905216217041, 22.01650047302246, 21.895170211791992, 20.646875381469727, 18.562965393066406, 21.666501998901367, 15.385114669799805, 15.400506973266602, 16.269136428833008, 16.403919219970703, 8.822572708129883, 4.709690570831299, 1.8305251598358154, 0.7001731395721436, 0.27549079060554504, 0.05384077876806259, 0.0028026564978063107, 7.214608194772154e-05, 3.491252209641971e-05], "lowlevel.gfcc.mean": [32.934146881103516, 107.45941162109375, -112.49260711669922, 70.89392852783203, -47.49178695678711, 27.183094024658203, -31.45196533203125, 7.961005687713623, -18.665325164794922, -1.806445598602295, -13.510856628417969, -7.139856338500977, -8.608537673950195], "lowlevel.melbands.mean": [0.005701850168406963, 0.009668068960309029, 0.003858753480017185, 0.001524869934655726, 0.0003342884301673621, 0.0005551382782869041, 0.00028864367050118744, 0.00020339303591754287, 0.00021775340428575873, 0.00017398623458575457, 0.0001227349421242252, 4.8605674237478524e-05, 6.340418622130528e-05, 8.499187242705375e-05, 6.316829967545345e-05, 4.683698352891952e-05, 3.3233227441087365e-05, 2.858261541405227e-05, 2.860697168216575e-05, 3.199778439011425e-05, 4.1711271478561684e-05, 2.651203249115497e-05, 1.9542614609235898e-05, 1.6342135495506227e-05, 1.6052490536822006e-05, 1.3850048162566964e-05, 1.136342962126946e-05, 1.0116218618350103e-05, 9.460197361477185e-06, 8.365061148651876e-06, 5.990966201352421e-06, 6.309290711214999e-06, 4.75398746857536e-06, 5.338959908840479e-06, 4.409193479659734e-06, 2.901439302149811e-06, 1.9926580989704235e-06, 1.4281304174801335e-06, 9.887245369100128e-07, 6.805047974012268e-07], "lowlevel.melbands.stdev": [0.004975943826138973, 0.007195485755801201, 0.003166318405419588, 0.002172027947381139, 0.0004700734280049801, 0.0010897228494286537, 0.0006070290692150593, 0.0005554112722165883, 0.0006477446877397597, 0.0004885299713350832, 0.00026214594254270196, 0.00015047240594867617, 0.00016183557454496622, 0.0002233954583061859, 0.0001280405413126573, 8.985783642856404e-05, 4.344911212683655e-05, 3.684259718284011e-05, 4.806063589057885e-05, 3.529207606334239e-05, 4.456277019926347e-05, 2.6496685677557252e-05, 2.18409149965737e-05, 2.2105768948676996e-05, 1.8887345504481345e-05, 1.67926300491672e-05, 1.3329082321433816e-05, 1.2682058695645537e-05, 1.5158158021222334e-05, 1.2446723303582985e-05, 8.441682439297438e-06, 9.599013537808787e-06, 7.232722509797895e-06, 1.0913853657257278e-05, 1.0643260793585796e-05, 7.111867944331607e-06, 4.902283762930892e-06, 3.4564750421850476e-06, 2.3937707283039344e-06, 1.3555811619880842e-06], "lowlevel.melbands128.mean": [0.00012210950080771, 0.0020025584381073713, 0.008501769974827766, 0.011926070787012577, 0.010923451744019985, 0.007618654519319534, 0.0042346566915512085, 0.002731485990807414, 0.0033107162453234196, 0.001493974355980754, 0.00047041833749972284, 0.00032752170227468014, 0.00030325583065859973, 0.0003126992378383875, 0.0005073813372291625, 0.0008241852628998458, 0.00048173568211495876, 0.00011579505371628329, 0.00013764080358669162, 0.00019788985082414, 0.00022952910512685776, 0.00024321096134372056, 0.0002520013367757201, 0.00014139768609311432, 0.00015110585081856698, 0.00020635317196138203, 0.00017543647845741361, 0.00013781066809315234, 4.804849959327839e-05, 4.308642746764235e-05, 4.891091157332994e-05, 5.763102672062814e-05, 5.992056321701966e-05, 7.340974116232246e-05, 7.537316560046747e-05, 9.777864761417732e-05, 8.567857003072277e-05, 5.910281834076159e-05, 5.303019133862108e-05, 4.7093821194721386e-05, 5.098459587316029e-05, 3.887596176355146e-05, 2.90463740384439e-05, 3.5688171919900924e-05, 2.7154674171470106e-05, 2.5939103579730727e-05, 3.1701911211712286e-05, 2.5867509975796565e-05, 3.0625473300460726e-05, 2.8641996323131025e-05, 2.558116648287978e-05, 4.3314950744388625e-05, 4.857069507124834e-05, 3.8868613046361133e-05, 2.959913035738282e-05, 2.504313124518376e-05, 2.580001273599919e-05, 1.9620854800450616e-05, 1.8585651559988037e-05, 1.627441633900162e-05, 1.675664861977566e-05, 1.579982381372247e-05, 1.5062136299093254e-05, 1.7649243091000244e-05, 1.4995201127021573e-05, 1.3993860193295404e-05, 1.3102368939144071e-05, 1.1319889381411485e-05, 1.1006487511622254e-05, 1.159842486231355e-05, 9.91026172414422e-06, 8.967834219220094e-06, 1.062091178027913e-05, 9.033245078171603e-06, 9.073919500224292e-06, 9.331283763458487e-06, 7.902873221610207e-06, 5.8633236221794505e-06, 5.625604899250902e-06, 5.855565632373327e-06, 7.156291758292355e-06, 6.439289336412912e-06, 4.871615146839758e-06, 4.471389729587827e-06, 4.53995744464919e-06, 5.28882583239465e-06, 5.549688466999214e-06, 5.658489499182906e-06, 4.295447979529854e-06, 3.698752834679908e-06, 3.2910274967434816e-06, 2.748137831076747e-06, 2.0556603885779623e-06, 2.146621000065352e-06, 1.8298719623999204e-06, 1.4647845318904729e-06, 1.3596609278465621e-06, 1.3735930224356707e-06, 9.254598012375936e-07, 8.571318517169857e-07, 8.214538524953241e-07, 6.470569360317313e-07, 5.195148560233065e-07, 4.7284888182730356e-07, 3.5484495697346574e-07, 3.0890385005477583e-07, 2.9765894282718364e-07, 2.801473613089911e-07, 1.9743902157642879e-07, 1.7248612493858673e-07, 1.0848283693576377e-07, 7.652516842426849e-08, 5.521481938330908e-08, 2.2161092516626013e-08, 1.0349573642542964e-08, 5.352078780163083e-09, 1.5371034445266218e-09, 1.3626119677034865e-10, 1.5187901283852945e-11, 1.0563800702245718e-11, 1.035742411975571e-11, 9.190425330485308e-12, 8.651687873062475e-12, 8.496349457320918e-12, 8.297321163475146e-12, 8.040017436539149e-12, 7.89005666357312e-12, 7.835689562474268e-12], "lowlevel.melbands128.stdev": [0.000201286151423119, 0.0023889041040092707, 0.00808402244001627, 0.011407840065658092, 0.009762412868440151, 0.006669680122286081, 0.004024449270218611, 0.003658158704638481, 0.0052454727701842785, 0.002362686675041914, 0.0009321557590737939, 0.000497993896715343, 0.0006483016186393797, 0.0006505183991976082, 0.0013455381849780679, 0.0019542297814041376, 0.00127969472669065, 0.00037218883517198265, 0.00036954786628484726, 0.0006141972844488919, 0.0008895421051420271, 0.000936320167966187, 0.0009462247835472226, 0.00047896415344439447, 0.000620654842350632, 0.0007535895565524697, 0.0005443590343929827, 0.00033754255855455995, 0.00014748601824976504, 0.0001885171514004469, 0.00020547570602502674, 0.00022546468244399875, 0.0001685351162450388, 0.00028249440947547555, 0.00033406660077162087, 0.0003017911803908646, 0.00020845668041147292, 0.00014955789083614945, 0.0001768201618688181, 9.8847558547277e-05, 0.00013650573964696378, 8.916757360566407e-05, 5.254351708572358e-05, 4.89444391860161e-05, 3.619794006226584e-05, 4.391640322864987e-05, 5.778511331300251e-05, 5.403038449003361e-05, 7.870238914620131e-05, 4.462900687940419e-05, 3.249396468163468e-05, 6.278892396949232e-05, 6.5522690420039e-05, 5.5224551033461466e-05, 3.260286393924616e-05, 3.129581455141306e-05, 3.492091491352767e-05, 2.515379856049549e-05, 2.59013340837555e-05, 2.466637124598492e-05, 2.8090722480555996e-05, 2.8501310225692578e-05, 1.8199742044089362e-05, 2.9215641916380264e-05, 1.727147537167184e-05, 1.98234774870798e-05, 2.186777965107467e-05, 1.456608333683107e-05, 1.5388015526696108e-05, 1.489023088652175e-05, 1.3401350770436693e-05, 1.3409057828539517e-05, 2.2906049707671627e-05, 1.548118598293513e-05, 1.4416503290703986e-05, 1.6539066564291716e-05, 1.3077494259050582e-05, 7.946362529764883e-06, 8.99968836165499e-06, 1.0058022780867759e-05, 1.2201004210510291e-05, 1.1531656127772294e-05, 7.844518222555052e-06, 7.670067134313285e-06, 7.718036613368895e-06, 1.0369403753429651e-05, 1.3334662071429193e-05, 1.5036778677313123e-05, 1.123029778682394e-05, 8.697663361090235e-06, 8.342427463503554e-06, 7.291298516065581e-06, 5.266683729132637e-06, 5.942068582953652e-06, 4.496515884966357e-06, 3.357388095537317e-06, 3.6040325994690647e-06, 4.146990249864757e-06, 2.5771728360268753e-06, 1.8052827499559498e-06, 1.640057689655805e-06, 1.3874825981474714e-06, 1.2859422895417083e-06, 1.0497485618543578e-06, 7.219455824269971e-07, 7.027539936643734e-07, 6.886353958179825e-07, 5.936352636126685e-07, 5.13879399477446e-07, 4.71251922817828e-07, 3.467957867542282e-07, 2.3187755004983046e-07, 2.0266921296752116e-07, 7.714542960002291e-08, 3.228183231840376e-08, 3.544989723991421e-08, 6.826294196571325e-09, 7.782988697968563e-10, 1.2877557353796476e-10, 3.3996166992622534e-11, 3.4137581650384163e-11, 1.3159834333364984e-11, 1.0614354881144372e-11, 1.0432347694044886e-11, 1.0281340882822843e-11, 1.0159441864165952e-11, 1.007237002137451e-11, 1.0018430529612488e-11], "lowlevel.mfcc.mean": [-601.4389038085938, 115.1430892944336, 8.07909107208252, 45.84145736694336, 15.810774803161621, 22.441333770751953, 6.029702186584473, 10.976171493530273, 3.803560256958008, 4.285254955291748, 0.6483771800994873, 4.1045756340026855, 1.9368735551834106], "lowlevel.spectral_contrast_coeffs.mean": [-0.6844720840454102, -0.7685261368751526, -0.8016838431358337, -0.8096502423286438, -0.8145892024040222, -0.7231688499450684], "lowlevel.spectral_contrast_coeffs.stdev": [0.06466866284608841, 0.08641587197780609, 0.05818123742938042, 0.036444731056690216, 0.023335902020335197, 0.03646489232778549], "lowlevel.spectral_contrast_valleys.mean": [-5.876289367675781, -6.5856614112854, -7.051119804382324, -7.035587310791016, -6.867093086242676, -9.967903137207031], "lowlevel.spectral_contrast_valleys.stdev": [0.5895265936851501, 0.6093212366104126, 0.5956665277481079, 0.48928648233413696, 0.5174165368080139, 0.8439144492149353], "rhythm.beats_loudness_band_ratio.mean": [0.7901224493980408, 0.11542558670043945, 0.06003808230161667, 0.03719867020845413, 0.039488229900598526, 0.02650846727192402], "rhythm.beats_loudness_band_ratio.stdev": [0.1201532855629921, 0.09066711366176605, 0.0729021206498146, 0.04351676255464554, 0.03457798436284065, 0.0183248333632946], "tonal.hpcp.mean": [0.12962348759174347, 0.11417850852012634, 0.07586729526519775, 0.06421485543251038, 0.04660804569721222, 0.03414012864232063, 0.04364422708749771, 0.09397012740373611, 0.23574839532375336, 0.29340189695358276, 0.1807892769575119, 0.09283231198787689, 0.06177376210689545, 0.06111226975917816, 0.10178788751363754, 0.19324080646038055, 0.24635136127471924, 0.18204902112483978, 0.0935952365398407, 0.058960579335689545, 0.05796240270137787, 0.052611518651247025, 0.0520455576479435, 0.07013028860092163, 0.07410140335559845, 0.06543267518281937, 0.06595242768526077, 0.07687696814537048, 0.12893211841583252, 0.3145770728588104, 0.37266626954078674, 0.1838494837284088, 0.054500218480825424, 0.030539698898792267, 0.04309264197945595, 0.08292406052350998], "tonal.hpcp.stdev": [0.2669655680656433, 0.22625568509101868, 0.1681215465068817, 0.17034362256526947, 0.13210666179656982, 0.10002228617668152, 0.12555034458637238, 0.199814110994339, 0.32039013504981995, 0.37921467423439026, 0.27550703287124634, 0.1954413503408432, 0.16375046968460083, 0.14956308901309967, 0.21842268109321594, 0.3081889748573303, 0.36238276958465576, 0.30572497844696045, 0.2238525152206421, 0.1451820433139801, 0.1488354653120041, 0.14384739100933075, 0.14544613659381866, 0.1934121996164322, 0.1853065937757492, 0.17149366438388824, 0.17194898426532745, 0.19638828933238983, 0.22523708641529083, 0.342051237821579, 0.37233343720436096, 0.2681768834590912, 0.135877326130867, 0.10768535733222961, 0.1394045501947403, 0.18893972039222717], "rhythm.beats_position": [0.40634921193122864, 0.8359183669090271, 1.2538775205612183, 1.6718367338180542, 2.0549659729003906, 2.4380950927734375, 2.809614419937134, 3.18113374710083, 3.5526530742645264, 3.9241721630096436, 4.3073015213012695, 4.690430641174316, 5.061950206756592, 5.433469295501709, 5.804988384246826, 6.176507949829102, 6.559637069702148, 6.942766189575195, 7.314285755157471, 7.685804843902588, 8.057324409484863, 8.44045352935791, 8.823582649230957, 9.195101737976074, 9.566620826721191, 9.938140869140625, 10.309659957885742, 10.68117904663086, 11.064308166503906, 11.435827255249023, 11.81895637512207, 12.190476417541504, 12.561995506286621, 12.933514595031738, 13.305033683776855, 13.676552772521973, 14.05968189239502, 14.442811965942383, 14.8143310546875, 15.185850143432617, 15.557369232177734, 15.928888320922852, 16.323627471923828, 16.695146560668945, 17.066665649414062, 17.43818473815918, 17.80970573425293, 18.181224822998047, 18.564353942871094, 18.94748306274414, 19.319002151489258, 19.690521240234375], "rhythm.bpm_histogram": [0.0, 0.0, 0.0, 0.0, 0.0, 0.0, 0.0, 0.0, 0.0, 0.0, 0.0, 0.0, 0.0, 0.0, 0.0, 0.0, 0.0, 0.0, 0.0, 0.0, 0.0, 0.0, 0.0, 0.0, 0.0, 0.0, 0.0, 0.0, 0.0, 0.0, 0.0, 0.0, 0.0, 0.0, 0.0, 0.0, 0.0, 0.0, 0.0, 0.0, 0.0, 0.0, 0.0, 0.0, 0.0, 0.0, 0.0, 0.0, 0.0, 0.0, 0.0, 0.0, 0.0, 0.0, 0.0, 0.0, 0.0, 0.0, 0.0, 0.0, 0.0, 0.0, 0.0, 0.0, 0.0, 0.0, 0.0, 0.0, 0.0, 0.0, 0.0, 0.0, 0.0, 0.0, 0.0, 0.0, 0.0, 0.0, 0.0, 0.0, 0.0, 0.0, 0.0, 0.0, 0.0, 0.0, 0.0, 0.0, 0.0, 0.0, 0.0, 0.0, 0.0, 0.0, 0.0, 0.0, 0.0, 0.0, 0.0, 0.0, 0.0, 0.0, 0.0, 0.0, 0.0, 0.0, 0.0, 0.0, 0.0, 0.0, 0.0, 0.0, 0.0, 0.0, 0.0, 0.0, 0.0, 0.0, 0.0, 0.0, 0.0, 0.0, 0.0, 0.0, 0.0, 0.0, 0.0, 0.0, 0.0, 0.0, 0.0, 0.0, 0.0, 0.0, 0.0, 0.0, 0.0, 0.0, 0.0, 0.0, 0.019607843831181526, 0.0, 0.0, 0.0, 0.03921568766236305, 0.0, 0.0, 0.0, 0.0, 0.0, 0.0, 0.0, 0.019607843831181526, 0.0, 0.0, 0.0, 0.0, 0.27450981736183167, 0.0, 0.0, 0.0, 0.6470588445663452, 0.0, 0.0, 0.0, 0.0, 0.0, 0.0, 0.0, 0.0, 0.0, 0.0, 0.0, 0.0, 0.0, 0.0, 0.0, 0.0, 0.0, 0.0, 0.0, 0.0, 0.0, 0.0, 0.0, 0.0, 0.0, 0.0, 0.0, 0.0, 0.0, 0.0, 0.0, 0.0, 0.0, 0.0, 0.0, 0.0, 0.0, 0.0, 0.0, 0.0, 0.0, 0.0, 0.0, 0.0, 0.0, 0.0, 0.0, 0.0, 0.0, 0.0, 0.0, 0.0, 0.0, 0.0, 0.0, 0.0, 0.0, 0.0, 0.0, 0.0, 0.0, 0.0, 0.0, 0.0, 0.0, 0.0, 0.0, 0.0, 0.0, 0.0, 0.0, 0.0, 0.0, 0.0, 0.0, 0.0, 0.0, 0.0, 0.0, 0.0, 0.0, 0.0, 0.0, 0.0, 0.0, 0.0, 0.0, 0.0], "tonal.chords_histogram": [67.74942016601562, 0.0, 0.0, 0.0, 0.0, 0.0, 0.0, 3.712296962738037, 0.0, 2.7842228412628174, 20.18561553955078, 5.568445682525635, 0.0, 0.0, 0.0, 0.0, 0.0, 0.0, 0.0, 0.0, 0.0, 0.0, 0.0, 0.0], "tonal.thpcp": [1.0, 0.49333545565605164, 0.14624403417110443, 0.08194918930530548, 0.11563333123922348, 0.22251559793949127, 0.3478272557258606, 0.3063827157020569, 0.20357972383499146, 0.1723119616508484, 0.12506644427776337, 0.09161046147346497, 0.11711343377828598, 0.25215625762939453, 0.6325992345809937, 0.787304699420929, 0.48512381315231323, 0.24910306930541992, 0.16576161980628967, 0.16398659348487854, 0.27313417196273804, 0.5185357928276062, 0.6610508561134338, 0.4885041415691376, 0.2511502802371979, 0.158212810754776, 0.15553434193134308, 0.14117595553398132, 0.13965727388858795, 0.18818522989749908, 0.1988411843776703, 0.17557981610298157, 0.17697450518608093, 0.20628903806209564, 0.34597206115722656, 0.8441254496574402], "lowlevel.gfcc.cov": [[2815.434814453125, -213.0887451171875, 109.60494232177734, 65.5788345336914, -218.7334442138672, 66.9371566772461, -124.88168334960938, 93.16671752929688, -100.04458618164062, 96.14082336425781, -109.44229125976562, 91.28943634033203, -120.81653594970703], [-213.0887451171875, 858.0685424804688, -312.6612243652344, -118.85391235351562, 112.48524475097656, -183.5872802734375, 174.2917938232422, -103.8034896850586, 116.88148498535156, -93.67912292480469, 137.53248596191406, -107.25105285644531, 102.3364486694336], [109.60494232177734, -312.6612243652344, 304.0497741699219, 63.099342346191406, -22.99247932434082, 63.05732345581055, -111.64143371582031, 19.766618728637695, -69.05891418457031, 38.084510803222656, -54.44597244262695, 55.2552604675293, -40.60371780395508], [65.5788345336914, -118.85391235351562, 63.099342346191406, 190.05593872070312, 46.568660736083984, -12.053174018859863, -76.9914321899414, -42.54867172241211, -7.0609564781188965, -0.4915750026702881, 18.19032859802246, 11.124824523925781, 12.037934303283691], [-218.7334442138672, 112.48524475097656, -22.99247932434082, 46.568660736083984, 175.8531951904297, -10.81860637664795, 30.74353790283203, -38.01166915893555, 14.92370891571045, -13.67700481414795, 24.810909271240234, -24.52684783935547, 11.653639793395996], [66.9371566772461, -183.5872802734375, 63.05732345581055, -12.053174018859863, -10.81860637664795, 156.5387420654297, 44.8438720703125, 35.223541259765625, -33.21709442138672, -1.7498940229415894, -41.07612991333008, 5.501981735229492, -28.395965576171875], [-124.88168334960938, 174.2917938232422, -111.64143371582031, -76.9914321899414, 30.74353790283203, 44.8438720703125, 210.3819122314453, 28.60602569580078, 27.111515045166016, -44.79695129394531, 2.239135265350342, -44.09275436401367, 11.641240119934082], [93.16671752929688, -103.8034896850586, 19.766618728637695, -42.54867172241211, -38.01166915893555, 35.223541259765625, 28.60602569580078, 105.0288314819336, 17.337234497070312, 19.902931213378906, -37.25532531738281, 7.798407077789307, -14.000229835510254], [-100.04458618164062, 116.88148498535156, -69.05891418457031, -7.0609564781188965, 14.92370891571045, -33.21709442138672, 27.111515045166016, 17.337234497070312, 102.78504943847656, 16.4907283782959, 34.299556732177734, -27.19048309326172, 17.700986862182617], [96.14082336425781, -93.67912292480469, 38.084510803222656, -0.4915750026702881, -13.67700481414795, -1.7498940229415894, -44.79695129394531, 19.902931213378906, 16.4907283782959, 87.8119125366211, 14.162443161010742, 24.623008728027344, -22.796628952026367], [-109.44229125976562, 137.53248596191406, -54.44597244262695, 18.19032859802246, 24.810909271240234, -41.07612991333008, 2.239135265350342, -37.25532531738281, 34.299556732177734, 14.162443161010742, 96.50629425048828, 11.58479118347168, 29.42681884765625], [91.28943634033203, -107.25105285644531, 55.2552604675293, 11.124824523925781, -24.52684783935547, 5.501981735229492, -44.09275436401367, 7.798407077789307, -27.19048309326172, 24.623008728027344, 11.58479118347168, 82.74440002441406, 9.451594352722168], [-120.81653594970703, 102.3364486694336, -40.60371780395508, 12.037934303283691, 11.653639793395996, -28.395965576171875, 11.641240119934082, -14.000229835510254, 17.700986862182617, -22.796628952026367, 29.42681884765625, 9.451594352722168, 77.14799499511719]], "lowlevel.gfcc.icov": [[0.0009058911236934364, -0.002498376416042447, 0.0005771276191808283, -0.002847794909030199, 0.0016740432474762201, -0.001991480588912964, 0.000969722808804363, -0.0018497543642297387, 0.0014787035761401057, -0.002280288841575384, 0.0028619333170354366, -0.00240845768712461, 0.0022033103741705418], [-0.002498376416042447, 0.014715426601469517, -0.0014416937483474612, 0.01379323098808527, -0.006824275478720665, 0.011836153455078602, -0.005897912662476301, 0.009591947309672832, -0.006653767544776201, 0.010913312435150146, -0.014319835230708122, 0.011743400245904922, -0.009550686925649643], [0.0005771276191808283, -0.0014416937483474612, 0.0068247937597334385, -0.0031503094360232353, 0.000548937707208097, -0.0031580806244164705, 0.0030346116982400417, -0.002057604491710663, 0.002791311591863632, -0.002659936435520649, 0.003915717825293541, -0.0035622974392026663, 0.002339501865208149], [-0.002847794909030199, 0.01379323098808527, -0.0031503094360232353, 0.02131904475390911, -0.008971255272626877, 0.010210872627794743, -0.002506330143660307, 0.010698961094021797, -0.007639081217348576, 0.01223793812096119, -0.015094134025275707, 0.01175006665289402, -0.010620936751365662], [0.0016740432474762201, -0.006824275478720665, 0.000548937707208097, -0.008971255272626877, 0.011068576015532017, -0.005176236853003502, 0.0005378760397434235, -0.0024087494239211082, 0.0029099187813699245, -0.00605947757139802, 0.006538448855280876, -0.0044248756021261215, 0.004857193678617477], [-0.001991480588912964, 0.011836153455078602, -0.0031580806244164705, 0.010210872627794743, -0.005176236853003502, 0.019332244992256165, -0.008696730248630047, 0.006193588022142649, -0.0032046663109213114, 0.008204693906009197, -0.010023660026490688, 0.008812649175524712, -0.005837523378431797], [0.000969722808804363, -0.005897912662476301, 0.0030346116982400417, -0.002506330143660307, 0.0005378760397434235, -0.008696730248630047, 0.01263573206961155, -0.007177688647061586, 0.002256691223010421, -0.00014428680879063904, 0.00327129103243351, -0.0023085586726665497, 0.0033135446719825268], [-0.0018497543642297387, 0.009591947309672832, -0.002057604491710663, 0.010698961094021797, -0.0024087494239211082, 0.006193588022142649, -0.007177688647061586, 0.024058673530817032, -0.01133685652166605, 0.0034894587006419897, -0.0010942413937300444, 0.003338904120028019, -0.0066396440379321575], [0.0014787035761401057, -0.006653767544776201, 0.002791311591863632, -0.007639081217348576, 0.0029099187813699245, -0.0032046663109213114, 0.002256691223010421, -0.01133685652166605, 0.021743444725871086, -0.010413950309157372, 0.0008176196715794504, 0.0022541589569300413, 0.0011318816104903817], [-0.002280288841575384, 0.010913312435150146, -0.002659936435520649, 0.01223793812096119, -0.00605947757139802, 0.008204693906009197, -0.00014428680879063904, 0.0034894587006419897, -0.010413950309157372, 0.028384089469909668, -0.016472158953547478, 0.004512029234319925, -0.0002598227292764932], [0.0028619333170354366, -0.014319835230708122, 0.003915717825293541, -0.015094134025275707, 0.006538448855280876, -0.010023660026490688, 0.00327129103243351, -0.0010942413937300444, 0.0008176196715794504, -0.016472158953547478, 0.03500940650701523, -0.01831040345132351, 0.006358425132930279], [-0.00240845768712461, 0.011743400245904922, -0.0035622974392026663, 0.01175006665289402, -0.0044248756021261215, 0.008812649175524712, -0.0023085586726665497, 0.003338904120028019, 0.0022541589569300413, 0.004512029234319925, -0.01831040345132351, 0.030901677906513214, -0.014176829718053341], [0.0022033103741705418, -0.009550686925649643, 0.002339501865208149, -0.010620936751365662, 0.004857193678617477, -0.005837523378431797, 0.0033135446719825268, -0.0066396440379321575, 0.0011318816104903817, -0.0002598227292764932, 0.006358425132930279, -0.014176829718053341, 0.026357870548963547]], "lowlevel.mfcc.cov": [[1785.3460693359375, -290.4354553222656, 172.8207550048828, -20.50792121887207, -41.18109893798828, -29.8204345703125, -57.885963439941406, 3.003661870956421, -1.9763596057891846, -6.331817626953125, 25.421588897705078, -13.513829231262207, -0.26531320810317993], [-290.4354553222656, 743.1058349609375, -298.5779113769531, 29.1165714263916, -101.63099670410156, -27.11096954345703, 23.911149978637695, 0.2512833774089813, 13.951984405517578, 3.0274603366851807, 12.299538612365723, 32.65064239501953, 21.38667106628418], [172.8207550048828, -298.5779113769531, 295.752197265625, -33.59769821166992, 50.689186096191406, -1.3964438438415527, -22.16423797607422, -12.740155220031738, -19.89197540283203, -20.610504150390625, -21.606103897094727, -19.69579315185547, -6.794868469238281], [-20.50792121887207, 29.1165714263916, -33.59769821166992, 176.53533935546875, 77.34147644042969, 3.2627499103546143, -28.99652862548828, -42.205169677734375, -28.653160095214844, -27.4379940032959, -14.598471641540527, 2.5254251956939697, 12.57331371307373], [-41.18109893798828, -101.63099670410156, 50.689186096191406, 77.34147644042969, 171.6269989013672, 26.45059585571289, -30.49338722229004, -43.854347229003906, -33.37960433959961, -16.246671676635742, -12.764738082885742, -1.0285054445266724, 5.566773414611816], [-29.8204345703125, -27.11096954345703, -1.3964438438415527, 3.2627499103546143, 26.45059585571289, 104.71686553955078, 48.08545684814453, 14.207880020141602, -7.744431018829346, 1.6898207664489746, 0.354784220457077, 1.073324203491211, -9.029808044433594], [-57.885963439941406, 23.911149978637695, -22.16423797607422, -28.99652862548828, -30.49338722229004, 48.08545684814453, 111.58755493164062, 51.85956954956055, 23.291147232055664, 3.19836688041687, -1.4117101430892944, -0.8972800970077515, -13.136669158935547], [3.003661870956421, 0.2512833774089813, -12.740155220031738, -42.205169677734375, -43.854347229003906, 14.207880020141602, 51.85956954956055, 98.3353042602539, 43.4873046875, 18.06606674194336, -3.9913132190704346, -13.602212905883789, -8.921156883239746], [-1.9763596057891846, 13.951984405517578, -19.89197540283203, -28.653160095214844, -33.37960433959961, -7.744431018829346, 23.291147232055664, 43.4873046875, 82.39205169677734, 44.064292907714844, 7.311006546020508, -9.545435905456543, -15.151878356933594], [-6.331817626953125, 3.0274603366851807, -20.610504150390625, -27.4379940032959, -16.246671676635742, 1.6898207664489746, 3.19836688041687, 18.06606674194336, 44.064292907714844, 81.15843963623047, 31.774879455566406, 2.1696012020111084, -11.6979398727417], [25.421588897705078, 12.299538612365723, -21.606103897094727, -14.598471641540527, -12.764738082885742, 0.354784220457077, -1.4117101430892944, -3.9913132190704346, 7.311006546020508, 31.774879455566406, 60.073570251464844, 29.502063751220703, 0.17055262625217438], [-13.513829231262207, 32.65064239501953, -19.69579315185547, 2.5254251956939697, -1.0285054445266724, 1.073324203491211, -0.8972800970077515, -13.602212905883789, -9.545435905456543, 2.1696012020111084, 29.502063751220703, 62.246971130371094, 27.78285789489746], [-0.26531320810317993, 21.38667106628418, -6.794868469238281, 12.57331371307373, 5.566773414611816, -9.029808044433594, -13.136669158935547, -8.921156883239746, -15.151878356933594, -11.6979398727417, 0.17055262625217438, 27.78285789489746, 61.27788162231445]], "lowlevel.mfcc.icov": [[0.0006522325566038489, 0.00020436043269000947, -0.0002691348490770906, -0.00019415834685787559, 0.00045369143481366336, -6.350347393890843e-05, 0.0004017202591057867, -0.0001474754826631397, -0.00010691680654417723, 0.00030409079045057297, -0.0006521714967675507, 0.000283704895991832, -0.00013962836237624288], [0.00020436043269000947, 0.002539620967581868, 0.0022481095511466265, -0.0002446919970680028, 0.0010960910003632307, 0.0004987416323274374, -0.00029418437043204904, 0.0006297346553765237, -3.6530553188640624e-05, 0.00026763929054141045, 0.0005535573000088334, -0.0005749154952354729, -0.00028226670110598207], [-0.0002691348490770906, 0.0022481095511466265, 0.006460745353251696, 0.001810951274819672, -0.0010641388362273574, 0.0006616734899580479, 0.00015693229215685278, 0.000698306190315634, 0.0004287539341021329, 0.0008773592417128384, 0.001713416539132595, 1.4946676856197882e-05, 0.0001504845859017223], [-0.00019415834685787559, -0.0002446919970680028, 0.001810951274819672, 0.008584005758166313, -0.0038120506796985865, -6.790360930608585e-05, 0.0007049122359603643, 0.0017102076672017574, -0.0003613002481870353, 0.00184177840128541, 0.001148689305409789, 0.00022997678024694324, -0.0005847521824762225], [0.00045369143481366336, 0.0010960910003632307, -0.0010641388362273574, -0.0038120506796985865, 0.01007823646068573, -0.00307813030667603, 0.00178254465572536, 0.0020225581247359514, 0.0007594068301841617, -0.0008774407324381173, 0.0010831441031768918, -0.0002040031540673226, -0.0002992045774590224], [-6.350347393890843e-05, 0.0004987416323274374, 0.0006616734899580479, -6.790360930608585e-05, -0.00307813030667603, 0.014398845843970776, -0.007268767803907394, -0.000909387250430882, 0.004170221742242575, -0.002467745216563344, 0.0003637516056187451, -0.000803265837021172, 0.0015469612553715706], [0.0004017202591057867, -0.00029418437043204904, 0.00015693229215685278, 0.0007049122359603643, 0.00178254465572536, -0.007268767803907394, 0.016677046194672585, -0.006150863599032164, -0.0027173247653990984, 0.003323215991258621, 0.00031049526296555996, -0.0024878480471670628, 0.0025134626775979996], [-0.0001474754826631397, 0.0006297346553765237, 0.000698306190315634, 0.0017102076672017574, 0.0020225581247359514, -0.000909387250430882, -0.006150863599032164, 0.01860378310084343, -0.006917607504874468, 8.384569696318067e-07, 0.001366680022329092, 0.0032764433417469263, -0.002621458610519767], [-0.00010691680654417723, -3.6530553188640624e-05, 0.0004287539341021329, -0.0003613002481870353, 0.0007594068301841617, 0.004170221742242575, -0.0027173247653990984, -0.006917607504874468, 0.02396979369223118, -0.012241932563483715, 0.003377472748979926, -0.00019321890431456268, 0.0027579660527408123], [0.00030409079045057297, 0.00026763929054141045, 0.0008773592417128384, 0.00184177840128541, -0.0008774407324381173, -0.002467745216563344, 0.003323215991258621, 8.384569696318067e-07, -0.012241932563483715, 0.024446958675980568, -0.01260325126349926, 0.003354995511472225, 0.00020977733947802335], [-0.0006521714967675507, 0.0005535573000088334, 0.001713416539132595, 0.001148689305409789, 0.0010831441031768918, 0.0003637516056187451, 0.00031049526296555996, 0.001366680022329092, 0.003377472748979926, -0.01260325126349926, 0.03245505690574646, -0.01666896790266037, 0.00587542075663805], [0.000283704895991832, -0.0005749154952354729, 1.4946676856197882e-05, 0.00022997678024694324, -0.0002040031540673226, -0.000803265837021172, -0.0024878480471670628, 0.0032764433417469263, -0.00019321890431456268, 0.003354995511472225, -0.01666896790266037, 0.03081926703453064, -0.013333925977349281], [-0.00013962836237624288, -0.00028226670110598207, 0.0001504845859017223, -0.0005847521824762225, -0.0002992045774590224, 0.0015469612553715706, 0.0025134626775979996, -0.002621458610519767, 0.0027579660527408123, 0.00020977733947802335, 0.00587542075663805, -0.013333925977349281, 0.023717135190963745]], "metadata.audio_properties.analysis.downmix": "mix", "metadata.audio_properties.codec": "mp3", "metadata.audio_properties.md5_encoded": "b1c771df13487b864021709a16cb1272", "metadata.tags.file_name": "1182270742654615552.mp3", "metadata.version.essentia": "2.1-beta6-dev", "metadata.version.essentia_git_sha": "v2.1_beta5-1110-g77a6a954", "metadata.version.extractor": "music 2.0", "tonal.chords_key": "C", "tonal.chords_scale": "minor", "tonal.key_edma.key": "C", "tonal.key_edma.scale": "minor", "tonal.key_krumhansl.key": "C", "tonal.key_krumhansl.scale": "minor", "tonal.key_temperley.key": "C", "tonal.key_temperley.scale": "minor", "metadata.tags.encoding": ["Lavf58.45.100"]}, "essentia_models": [{"model_name": "genre_dortmund", "activations": {"alternative": "0.0025584053", "blues": "0.0003855816", "electronic": "0.013623483", "folkcountry": "0.00096708763", "funksoulrnb": "0.0027376115", "jazz": "0.00031216204", "p