{"song_id": "1182270228797849651", "download": "https://cdn.discordapp.com/attachments/1135911532732108921/1182270228797849651/chirp.mp4?ex=658415f4&amp", "lyrics": "(Verse 1)\nFireflies dance in the summer air\nHeartbeat slows, worries don't compare\nStars peek through the twilight haze\nLove whispers promises in a sweet, melodious daze\n\n(Chorus)\nSmall town dreams, hearts beat as one\nTwo souls entwined, beneath the setting sun\nHope blooms bright, like wildflowers in the field\nIn this haven of love, our future is revealed", "style": ["Beautiful Country Music"], "essentia_features": {"lowlevel.average_loudness": 0.8987082242965698, "lowlevel.barkbands_crest.mean": 11.625568389892578, "lowlevel.barkbands_crest.stdev": 3.698138475418091, "lowlevel.barkbands_flatness_db.mean": 0.25088128447532654, "lowlevel.barkbands_flatness_db.stdev": 0.07043136656284332, "lowlevel.barkbands_kurtosis.mean": 15.934542655944824, "lowlevel.barkbands_kurtosis.stdev": 16.417984008789062, "lowlevel.barkbands_skewness.mean": 2.6900057792663574, "lowlevel.barkbands_skewness.stdev": 1.6984537839889526, "lowlevel.barkbands_spread.mean": 9.697230339050293, "lowlevel.barkbands_spread.stdev": 13.755002975463867, "lowlevel.dissonance.mean": 0.4187043011188507, "lowlevel.dissonance.stdev": 0.05332217738032341, "lowlevel.dynamic_complexity": 3.818413019180298, "lowlevel.erbbands_crest.mean": 11.941207885742188, "lowlevel.erbbands_crest.stdev": 3.951082944869995, "lowlevel.erbbands_flatness_db.mean": 0.20915748178958893, "lowlevel.erbbands_flatness_db.stdev": 0.06181620806455612, "lowlevel.erbbands_kurtosis.mean": 2.3231937885284424, "lowlevel.erbbands_kurtosis.stdev": 3.559915781021118, "lowlevel.erbbands_skewness.mean": 1.0970743894577026, "lowlevel.erbbands_skewness.stdev": 1.0165443420410156, "lowlevel.erbbands_spread.mean": 32.0305290222168, "lowlevel.erbbands_spread.stdev": 23.51432228088379, "lowlevel.hfc.mean": 11.41218090057373, "lowlevel.hfc.stdev": 13.42426586151123, "lowlevel.loudness_ebu128.integrated": -19.0767765045166, "lowlevel.loudness_ebu128.loudness_range": 6.838733673095703, "lowlevel.loudness_ebu128.momentary.mean": -19.928003311157227, "lowlevel.loudness_ebu128.momentary.stdev": 2.9094879627227783, "lowlevel.loudness_ebu128.short_term.mean": -19.454259872436523, "lowlevel.loudness_ebu128.short_term.stdev": 2.2306392192840576, "lowlevel.melbands_crest.mean": 16.23480796813965, "lowlevel.melbands_crest.stdev": 5.127126693725586, "lowlevel.melbands_flatness_db.mean": 0.34255844354629517, "lowlevel.melbands_flatness_db.stdev": 0.08416765183210373, "lowlevel.melbands_kurtosis.mean": 29.758291244506836, "lowlevel.melbands_kurtosis.stdev": 30.207435607910156, "lowlevel.melbands_skewness.mean": 3.5033199787139893, "lowlevel.melbands_skewness.stdev": 2.104013204574585, "lowlevel.melbands_spread.mean": 9.33307933807373, "lowlevel.melbands_spread.stdev": 16.24562644958496, "lowlevel.pitch_salience.mean": 0.5118262767791748, "lowlevel.pitch_salience.stdev": 0.12326154112815857, "lowlevel.silence_rate_20dB.mean": 1.0, "lowlevel.silence_rate_20dB.stdev": 0.0, "lowlevel.silence_rate_30dB.mean": 0.9692575335502625, "lowlevel.silence_rate_30dB.stdev": 0.17262008786201477, "lowlevel.silence_rate_60dB.mean": 0.04350348189473152, "lowlevel.silence_rate_60dB.stdev": 0.20398655533790588, "lowlevel.spectral_centroid.mean": 611.5704956054688, "lowlevel.spectral_centroid.stdev": 720.9560546875, "lowlevel.spectral_complexity.mean": 8.135150909423828, "lowlevel.spectral_complexity.stdev": 4.696318626403809, "lowlevel.spectral_decrease.mean": -7.541545166134256e-09, "lowlevel.spectral_decrease.stdev": 7.846493232932517e-09, "lowlevel.spectral_energy.mean": 0.02949865348637104, "lowlevel.spectral_energy.stdev": 0.030401790514588356, "lowlevel.spectral_energyband_high.mean": 0.00019098789198324084, "lowlevel.spectral_energyband_high.stdev": 0.0006849228520877659, "lowlevel.spectral_energyband_low.mean": 0.012947496958076954, "lowlevel.spectral_energyband_low.stdev": 0.021104708313941956, "lowlevel.spectral_energyband_middle_high.mean": 0.002890802687034011, "lowlevel.spectral_energyband_middle_high.stdev": 0.006212998181581497, "lowlevel.spectral_energyband_middle_low.mean": 0.01607454940676689, "lowlevel.spectral_energyband_middle_low.stdev": 0.01631470024585724, "lowlevel.spectral_entropy.mean": 6.526761054992676, "lowlevel.spectral_entropy.stdev": 0.7036839127540588, "lowlevel.spectral_flux.mean": 0.06893374025821686, "lowlevel.spectral_flux.stdev": 0.06471846997737885, "lowlevel.spectral_kurtosis.mean": 13.51501750946045, "lowlevel.spectral_kurtosis.stdev": 11.862311363220215, "lowlevel.spectral_rms.mean": 0.004803766030818224, "lowlevel.spectral_rms.stdev": 0.002388093387708068, "lowlevel.spectral_rolloff.mean": 798.9127807617188, "lowlevel.spectral_rolloff.stdev": 1930.208984375, "lowlevel.spectral_skewness.mean": 2.6427459716796875, "lowlevel.spectral_skewness.stdev": 1.0787534713745117, "lowlevel.spectral_spread.mean": 3814355.25, "lowlevel.spectral_spread.stdev": 2613317.0, "lowlevel.spectral_strongpeak.mean": 0.8311967849731445, "lowlevel.spectral_strongpeak.stdev": 0.9892518520355225, "lowlevel.zerocrossingrate.mean": 0.035032764077186584, "lowlevel.zerocrossingrate.stdev": 0.05810887739062309, "metadata.audio_properties.analysis.equal_loudness": 0.0, "metadata.audio_properties.analysis.length": 39.999977111816406, "metadata.audio_properties.analysis.sample_rate": 44100.0, "metadata.audio_properties.analysis.start_time": 0.0, "metadata.audio_properties.bit_rate": 118034.0, "metadata.audio_properties.length": 40.0, "metadata.audio_properties.lossless": 0.0, "metadata.audio_properties.number_channels": 1.0, "metadata.audio_properties.replay_gain": -8.444660186767578, "metadata.audio_properties.sample_rate": 48000.0, "rhythm.beats_count": 70.0, "rhythm.beats_loudness.mean": 0.05913378670811653, "rhythm.beats_loudness.stdev": 0.04035121574997902, "rhythm.bpm": 98.67989349365234, "rhythm.bpm_histogram_first_peak_bpm": 99.0, "rhythm.bpm_histogram_first_peak_weight": 0.12000006437301636, "rhythm.bpm_histogram_second_peak_bpm": 136.0, "rhythm.bpm_histogram_second_peak_spread": 0.3999999761581421, "rhythm.bpm_histogram_second_peak_weight": 0.08695652335882187, "rhythm.danceability": 1.1898828744888306, "rhythm.onset_rate": 4.2978949546813965, "tonal.chords_changes_rate": 0.044032443314790726, "tonal.chords_number_rate": 0.009269988164305687, "tonal.chords_strength.mean": 0.5335866212844849, "tonal.chords_strength.stdev": 0.07463172823190689, "tonal.hpcp_crest.mean": 18.26920509338379, "tonal.hpcp_crest.stdev": 9.205241203308105, "tonal.hpcp_entropy.mean": 1.5024973154067993, "tonal.hpcp_entropy.stdev": 0.8205636143684387, "tonal.key_edma.strength": 0.8511162400245667, "tonal.key_krumhansl.strength": 0.8536415100097656, "tonal.key_temperley.strength": 0.8524794578552246, "tonal.tuning_diatonic_strength": 0.6540054082870483, "tonal.tuning_equal_tempered_deviation": 0.04580484330654144, "tonal.tuning_frequency": 441.0177917480469, "tonal.tuning_nontempered_energy_ratio": 0.6677303910255432, "lowlevel.barkbands.mean": [0.00018099202134180814, 0.005939699709415436, 0.004303981550037861, 0.004093778785318136, 0.0051559265702962875, 0.002593816490843892, 0.0017722672782838345, 0.0010526758851483464, 0.001154269790276885, 0.0007464009686373174, 0.0004488312406465411, 0.0006567417294718325, 0.0004257502732798457, 0.0002831157762557268, 0.00018787148292176425, 8.146621257765219e-05, 0.00010604720591800287, 5.2062725444557145e-05, 4.831984915654175e-05, 4.089727735845372e-05, 4.4061340304324403e-05, 2.4349732484552078e-05, 1.2197127034596633e-05, 1.403713395120576e-05, 3.7844598409719765e-05, 3.993759673903696e-05, 1.33728576656722e-06], "lowlevel.barkbands.stdev": [0.0006635120371356606, 0.015016790479421616, 0.0067792898043990135, 0.006254707928746939, 0.007660232950001955, 0.0039051861967891455, 0.004989922977983952, 0.0038420213386416435, 0.004151167348027229, 0.0028079207986593246, 0.002098536118865013, 0.0023588412441313267, 0.0015051766531541944, 0.0009657298214733601, 0.0006516780122183263, 0.0002713996509555727, 0.0002962535072583705, 0.00014286396617535502, 0.00015206578245852143, 0.0001810536050470546, 0.00019141932716593146, 7.944662502268329e-05, 5.265389700070955e-05, 6.141378253232688e-05, 0.00016652401245664805, 0.00016624468844383955, 7.822610314178746e-06], "lowlevel.erbbands.mean": [0.17138740420341492, 1.3445665836334229, 4.403750419616699, 11.159546852111816, 15.60844898223877, 15.139272689819336, 23.135778427124023, 17.402755737304688, 26.72719383239746, 19.048660278320312, 28.26089096069336, 23.809144973754883, 26.952056884765625, 22.0072078704834, 20.846965789794922, 26.335552215576172, 20.722431182861328, 16.393388748168945, 12.108983039855957, 6.485055923461914, 4.608877182006836, 5.923393726348877, 3.6817660331726074, 1.8891009092330933, 2.623095989227295, 1.9375866651535034, 1.8227607011795044, 1.5034687519073486, 0.993211567401886, 0.5319923162460327, 0.3179834187030792, 0.25162357091903687, 0.27995312213897705, 0.32178688049316406, 0.30937761068344116, 0.19930578768253326, 0.0693737044930458, 0.009683622978627682, 0.0002219556481577456, 4.005917799076997e-05], "lowlevel.erbbands.stdev": [0.5264122486114502, 3.2134034633636475, 7.444107532501221, 14.93885326385498, 27.501142501831055, 24.3625545501709, 40.31232452392578, 28.443387985229492, 65.70061492919922, 65.47984313964844, 95.02019500732422, 88.95488739013672, 99.69424438476562, 86.10018920898438, 76.01628112792969, 90.56398010253906, 68.25886535644531, 54.51901626586914, 41.62775802612305, 19.834583282470703, 14.791687965393066, 16.020767211914062, 9.2632474899292, 5.902637958526611, 8.38719654083252, 9.021063804626465, 7.096600532531738, 6.912520885467529, 3.2193284034729004, 2.2005574703216553, 1.3376916646957397, 1.1143189668655396, 1.261358380317688, 1.528515100479126, 1.3578383922576904, 0.9078418016433716, 0.2791334092617035, 0.03753598406910896, 0.0008400896331295371, 4.292477751732804e-05], "lowlevel.gfcc.mean": [-91.84432220458984, 132.91688537597656, -82.20865631103516, 26.962501525878906, -43.37430191040039, 0.7158196568489075, -43.70368957519531, -11.509016036987305, -33.29879379272461, 3.8879120349884033, -12.715718269348145, -3.9351682662963867, -14.304107666015625], "lowlevel.melbands.mean": [0.0015830480260774493, 0.0021799991372972727, 0.001996014267206192, 0.0011077268281951547, 0.0007671542116440833, 0.0004197699890937656, 0.000402709876652807, 0.00019980255456175655, 0.0002269380638608709, 0.00015211298887152225, 0.00013539074279833585, 9.058332943823189e-05, 6.639341881964356e-05, 7.862952043069527e-05, 5.5223241361090913e-05, 3.743882916751318e-05, 2.899949140555691e-05, 1.998057632590644e-05, 1.02357944342657e-05, 6.845551070000511e-06, 4.993386937712785e-06, 5.935939498158405e-06, 5.674550266121514e-06, 1.7403151559847174e-06, 1.4208519587555202e-06, 2.0593663521140115e-06, 1.6708140719856601e-06, 1.1514234756759834e-06, 1.0754117738542845e-06, 1.1634633665380534e-06, 7.727558681835944e-07, 6.068738684916752e-07, 3.6920920365446364e-07, 2.6368667249698774e-07, 1.7774321747765498e-07, 1.710816661670833e-07, 1.4205203058281768e-07, 1.7766889470749447e-07, 2.336313684736524e-07, 2.823175009325496e-07], "lowlevel.melbands.stdev": [0.004367215558886528, 0.003699589753523469, 0.0024807825684547424, 0.001830106950365007, 0.0012319887755438685, 0.0006517230649478734, 0.0010032077552750707, 0.0006597904721274972, 0.0007533809985034168, 0.0005950583727099001, 0.0004988457076251507, 0.0003699192311614752, 0.0002789825666695833, 0.0002890363393817097, 0.0001842055207816884, 0.0001339536247542128, 0.00010522297088755295, 7.197281229309738e-05, 3.3232277928618714e-05, 2.1597814338747412e-05, 1.6761452570790425e-05, 1.7177677364088595e-05, 1.5393687135656364e-05, 4.395096766529605e-06, 5.118912213220028e-06, 7.043985078780679e-06, 7.031423137959791e-06, 5.426064490166027e-06, 4.13976886193268e-06, 5.242819042905467e-06, 3.859066509903641e-06, 1.942403287102934e-06, 1.2980772226001136e-06, 1.213651103171287e-06, 7.800229013810167e-07, 6.800418077546055e-07, 6.660576445938204e-07, 8.431021569776931e-07, 1.0865181820918224e-06, 1.4018067986398819e-06], "lowlevel.melbands128.mean": [0.00016921976930461824, 0.0012874625390395522, 0.0021716866176575422, 0.002177346497774124, 0.002104296814650297, 0.0021707669366151094, 0.002445850521326065, 0.0017649555811658502, 0.0016577524365857244, 0.0011279740137979388, 0.0007221239502541721, 0.0007575806230306625, 0.0009180503548122942, 0.0006148171960376203, 0.0003196455945726484, 0.00037826443440280855, 0.000411378889111802, 0.0004771789244841784, 0.00029070276650600135, 0.00019122936646454036, 0.00012710872397292405, 0.00027509915526024997, 0.00024946837220340967, 0.00018252637528348714, 0.00013057749310974032, 0.00013472385762725025, 0.0002100931160384789, 0.00011299973266432062, 9.54659772105515e-05, 0.00012421977589838207, 6.177373870741576e-05, 8.506539597874507e-05, 6.136130832601339e-05, 5.568928099819459e-05, 8.397838973905891e-05, 9.050234802998602e-05, 6.740804383298382e-05, 3.97258008888457e-05, 6.674043106613681e-05, 4.2827799916267395e-05, 2.6861735022976063e-05, 3.2395673770224676e-05, 3.765806104638614e-05, 2.2863665435579605e-05, 1.3514788406610023e-05, 2.8178108550491743e-05, 1.602372867637314e-05, 7.127106528059812e-06, 9.817295904213097e-06, 8.985270142147783e-06, 4.992924459656933e-06, 6.940661478438415e-06, 4.406537755130557e-06, 4.67667950942996e-06, 5.22434265803895e-06, 5.2349932957440615e-06, 7.577029464300722e-06, 6.975649739615619e-06, 5.1977199291286524e-06, 2.8082038170396117e-06, 1.3251590189611306e-06, 1.0781825494632358e-06, 1.1962599728576606e-06, 1.5877576515777037e-06, 1.5707942111475859e-06, 2.426810169708915e-06, 2.1229072899586754e-06, 1.6139497347467113e-06, 1.620316083972284e-06, 1.7221564121427946e-06, 9.570682095727534e-07, 1.0695736136767664e-06, 9.93959929473931e-07, 1.0472692792973248e-06, 1.144504039984895e-06, 1.3761978152615484e-06, 1.1009376521542436e-06, 7.99830502273835e-07, 8.160145625879522e-07, 5.859530460838869e-07, 6.658654001512332e-07, 6.467973889812129e-07, 4.2581538650665607e-07, 3.301410913536529e-07, 3.2046463616097753e-07, 3.0133796258269285e-07, 2.3153374684170558e-07, 2.144232524869949e-07, 1.5777000328398572e-07, 1.6768602506544994e-07, 1.8257873080074205e-07, 1.659634278894373e-07, 1.6377919109800132e-07, 1.3962653611088172e-07, 1.2146348637998017e-07, 1.6345654785254737e-07, 1.838700285361483e-07, 2.120792430559959e-07, 2.2946989020056208e-07, 2.4150122612809355e-07, 2.67583544655281e-07, 3.0360851610566897e-07, 2.850607643267722e-07, 2.942030619124125e-07, 3.5586978697210725e-07, 3.6323706353869056e-07, 4.815031502403144e-07, 3.378362976036442e-07, 3.7470536540240573e-07, 3.2823510309754056e-07, 2.6253670171172416e-07, 2.2052324766264064e-07, 2.2550726441750157e-07, 2.1668311944722518e-07, 1.503390620882783e-07, 1.0241834758062396e-07, 5.006569381293957e-08, 9.730530159401951e-09, 3.18312376457186e-10, 4.4719033163997945e-12, 4.3256856430140544e-12, 4.222861643699005e-12, 4.1212649612432095e-12, 4.044429288002638e-12, 3.923228929225697e-12, 3.756296489132449e-12, 3.661779646862984e-12, 3.632589888613591e-12], "lowlevel.melbands128.stdev": [0.0006337115191854537, 0.004368185065686703, 0.006551612634211779, 0.005179339554160833, 0.004288569558411837, 0.0033117651473730803, 0.0035694988910108805, 0.0031549257691949606, 0.0035727566573768854, 0.002685441169887781, 0.0013629968743771315, 0.0014776813331991434, 0.0018684009555727243, 0.001269291271455586, 0.0007266842876560986, 0.0009257656638510525, 0.001007587998174131, 0.001596958958543837, 0.0012134491698816419, 0.0009944611229002476, 0.0006304443813860416, 0.0011421921662986279, 0.0010414256248623133, 0.0008137361728586257, 0.0007108153658919036, 0.0008799218921922147, 0.0010858201421797276, 0.0005806316621601582, 0.00048193742986768484, 0.0006462777964770794, 0.00038874425808899105, 0.0005265058134682477, 0.00035822606878355145, 0.0003157966129947454, 0.00044701440492644906, 0.000424027384724468, 0.0003663618117570877, 0.00017654236580710858, 0.00032504930277355015, 0.00019079673802480102, 0.0001787432556739077, 0.00017583837325219065, 0.00016094671445898712, 0.00013253635552246124, 7.004337385296822e-05, 0.00012709629663731903, 8.286492811748758e-05, 2.7317744752508588e-05, 4.7318008000729606e-05, 3.383151488378644e-05, 2.020530155277811e-05, 3.309685780550353e-05, 1.797997538233176e-05, 1.8653892766451463e-05, 2.2497841200674884e-05, 1.8768358131637797e-05, 2.9682885724469088e-05, 2.288831637997646e-05, 1.9070817870669998e-05, 9.545216926198918e-06, 3.892549557349412e-06, 3.213416448488715e-06, 4.929145234200405e-06, 6.628341907344293e-06, 5.580961442319676e-06, 1.0014225154009182e-05, 8.428093678958248e-06, 5.665100616170093e-06, 7.850690053601284e-06, 1.2575277651194483e-05, 5.099856480228482e-06, 4.179021289019147e-06, 4.159685886406805e-06, 4.552303380478406e-06, 5.263789716991596e-06, 7.424871455441462e-06, 4.863861249759793e-06, 4.024772351840511e-06, 5.31097657585633e-06, 2.2742076453141635e-06, 2.3206573587231105e-06, 2.078750867440249e-06, 1.5395120271932683e-06, 1.1965292969762231e-06, 1.3164869869797258e-06, 1.7562911125423852e-06, 9.67442929322715e-07, 1.045937437993416e-06, 7.217355459943064e-07, 7.988802508407389e-07, 7.458420441253111e-07, 6.169493644847535e-07, 8.710384236110258e-07, 8.218825655603723e-07, 5.15947021995089e-07, 7.752180408715503e-07, 1.0845334372788784e-06, 1.049513684847625e-06, 1.1091764235970913e-06, 1.228089104188257e-06, 1.5173877727647778e-06, 1.5205829413389438e-06, 1.5016469205875183e-06, 1.4154047676129267e-06, 1.718666226224741e-06, 1.8045132037514122e-06, 2.197645699197892e-06, 1.5909503190414398e-06, 2.0402687823661836e-06, 1.5886399751252611e-06, 1.168132143902767e-06, 9.749891205501626e-07, 9.464721415497479e-07, 9.480486369284336e-07, 6.238960281734762e-07, 4.079610107510234e-07, 2.6002788899859297e-07, 8.832964937255383e-08, 5.864105201425218e-09, 7.823250727789777e-12, 7.625011733125575e-12, 7.399601764657149e-12, 7.233462526873291e-12, 7.1078455621265135e-12, 7.004162874690856e-12, 6.9192178028809614e-12, 6.85904718439323e-12, 6.822195152550448e-12], "lowlevel.mfcc.mean": [-749.9494018554688, 169.78807067871094, 18.18662452697754, 33.8693733215332, 12.458701133728027, 12.905362129211426, 0.16015839576721191, -13.177338600158691, -13.59500503540039, -8.751655578613281, -2.4519870281219482, -4.66710901260376, -0.19833527505397797], "lowlevel.spectral_contrast_coeffs.mean": [-0.6355748176574707, -0.6698442101478577, -0.7365077137947083, -0.7806468605995178, -0.7776191234588623, -0.7622954249382019], "lowlevel.spectral_contrast_coeffs.stdev": [0.09432950615882874, 0.08184797316789627, 0.07982881367206573, 0.06073653697967529, 0.05954247713088989, 0.04718848690390587], "lowlevel.spectral_contrast_valleys.mean": [-6.893949031829834, -7.944210529327393, -8.723575592041016, -8.88025951385498, -9.193209648132324, -12.031399726867676], "lowlevel.spectral_contrast_valleys.stdev": [1.5182188749313354, 1.4167550802230835, 1.4252009391784668, 1.3114277124404907, 1.2791944742202759, 1.3593254089355469], "rhythm.beats_loudness_band_ratio.mean": [0.6140576004981995, 0.2233266830444336, 0.13885998725891113, 0.06814251840114594, 0.013907136395573616, 0.0036911184433847666], "rhythm.beats_loudness_band_ratio.stdev": [0.27783167362213135, 0.19347138702869415, 0.1860893964767456, 0.10600399971008301, 0.02324920892715454, 0.0053801024332642555], "tonal.hpcp.mean": [0.1608707308769226, 0.07438911497592926, 0.019483789801597595, 0.015644095838069916, 0.024992745369672775, 0.09518531709909439, 0.1382613480091095, 0.08779602497816086, 0.10540353506803513, 0.13378216326236725, 0.07378946989774704, 0.060301292687654495, 0.09511049836874008, 0.09939166158437729, 0.22467578947544098, 0.32999029755592346, 0.1792268007993698, 0.04212414100766182, 0.02781711518764496, 0.03663875535130501, 0.07225065678358078, 0.08936957269906998, 0.05214935168623924, 0.0239365603774786, 0.028152786195278168, 0.028772495687007904, 0.041434336453676224, 0.06309036910533905, 0.09014218300580978, 0.21154646575450897, 0.22429241240024567, 0.0866125226020813, 0.03374676778912544, 0.03966505452990532, 0.06105324253439903, 0.13461816310882568], "tonal.hpcp.stdev": [0.28700369596481323, 0.15305842459201813, 0.10163179039955139, 0.08022519201040268, 0.10314769297838211, 0.1980329304933548, 0.26194703578948975, 0.18764524161815643, 0.23318372666835785, 0.29454153776168823, 0.1710604876279831, 0.16679887473583221, 0.25262272357940674, 0.2256871461868286, 0.2942509353160858, 0.4063057601451874, 0.26062071323394775, 0.15086276829242706, 0.12041064351797104, 0.14605140686035156, 0.19151127338409424, 0.21535007655620575, 0.14299653470516205, 0.10358282923698425, 0.12013626843690872, 0.11897585541009903, 0.14198684692382812, 0.18237316608428955, 0.21759144961833954, 0.33133184909820557, 0.3573768138885498, 0.18026258051395416, 0.1273525059223175, 0.14818859100341797, 0.18250656127929688, 0.25198495388031006], "rhythm.beats_position": [0.6269387602806091, 1.2538775205612183, 1.8692063093185425, 2.4845352172851562, 3.088253974914551, 3.6919727325439453, 4.3073015213012695, 4.922630310058594, 5.526349067687988, 6.130067825317383, 6.733786582946777, 7.337505340576172, 7.952834129333496, 8.57977294921875, 9.079002380371094, 9.578230857849121, 10.077460289001465, 10.565078735351562, 11.029478073120117, 11.528707504272461, 12.004715919494629, 12.469115257263184, 12.921904563903809, 13.363083839416504, 13.815873146057129, 14.257051467895508, 14.698230743408203, 15.139410018920898, 15.603809356689453, 16.04498863220215, 16.486167907714844, 16.93895721435547, 17.391746520996094, 17.995464324951172, 18.599184036254883, 19.22612190246582, 19.85306167602539, 20.45677947998047, 21.06049919128418, 21.664216995239258, 22.26793670654297, 22.871654510498047, 23.475374221801758, 24.079092025756836, 24.682811737060547, 25.286529541015625, 25.890249252319336, 26.505577087402344, 27.120906829833984, 27.724624633789062, 28.328344345092773, 28.93206214904785, 29.535781860351562, 30.13949966430664, 30.74321937561035, 31.358549118041992, 31.973876953125, 32.57759475708008, 33.18131637573242, 33.7850341796875, 34.38875198364258, 34.992469787597656, 35.61941146850586, 36.22312927246094, 36.826847076416016, 37.430564880371094, 38.022674560546875, 38.62639236450195, 39.241722106933594, 39.84543991088867], "rhythm.bpm_histogram": [0.0, 0.0, 0.0, 0.0, 0.0, 0.0, 0.0, 0.0, 0.0, 0.0, 0.0, 0.0, 0.0, 0.0, 0.0, 0.0, 0.0, 0.0, 0.0, 0.0, 0.0, 0.0, 0.0, 0.0, 0.0, 0.0, 0.0, 0.0, 0.0, 0.0, 0.0, 0.0, 0.0, 0.0, 0.0, 0.0, 0.0, 0.0, 0.0, 0.0, 0.0, 0.0, 0.0, 0.0, 0.0, 0.0, 0.0, 0.0, 0.0, 0.0, 0.0, 0.0, 0.0, 0.0, 0.0, 0.0, 0.0, 0.0, 0.0, 0.0, 0.0, 0.0, 0.0, 0.0, 0.0, 0.0, 0.0, 0.0, 0.0, 0.0, 0.0, 0.0, 0.0, 0.0, 0.0, 0.0, 0.0, 0.0, 0.0, 0.0, 0.0, 0.0, 0.0, 0.0, 0.0, 0.0, 0.0, 0.0, 0.0, 0.0, 0.0, 0.0, 0.0, 0.0, 0.0, 0.0, 0.07246376574039459, 0.0, 0.14492753148078918, 0.49275362491607666, 0.0, 0.014492753893136978, 0.0, 0.0, 0.0, 0.0, 0.0, 0.0, 0.0, 0.0, 0.0, 0.0, 0.0, 0.0, 0.0, 0.0, 0.0, 0.0, 0.0, 0.0, 0.05797101557254791, 0.0, 0.0, 0.014492753893136978, 0.0, 0.0, 0.014492753893136978, 0.0, 0.0, 0.043478261679410934, 0.0, 0.0, 0.0, 0.05797101557254791, 0.0, 0.0, 0.08695652335882187, 0.0, 0.0, 0.0, 0.0, 0.0, 0.0, 0.0, 0.0, 0.0, 0.0, 0.0, 0.0, 0.0, 0.0, 0.0, 0.0, 0.0, 0.0, 0.0, 0.0, 0.0, 0.0, 0.0, 0.0, 0.0, 0.0, 0.0, 0.0, 0.0, 0.0, 0.0, 0.0, 0.0, 0.0, 0.0, 0.0, 0.0, 0.0, 0.0, 0.0, 0.0, 0.0, 0.0, 0.0, 0.0, 0.0, 0.0, 0.0, 0.0, 0.0, 0.0, 0.0, 0.0, 0.0, 0.0, 0.0, 0.0, 0.0, 0.0, 0.0, 0.0, 0.0, 0.0, 0.0, 0.0, 0.0, 0.0, 0.0, 0.0, 0.0, 0.0, 0.0, 0.0, 0.0, 0.0, 0.0, 0.0, 0.0, 0.0, 0.0, 0.0, 0.0, 0.0, 0.0, 0.0, 0.0, 0.0, 0.0, 0.0, 0.0, 0.0, 0.0, 0.0, 0.0, 0.0, 0.0, 0.0, 0.0, 0.0, 0.0, 0.0, 0.0, 0.0, 0.0, 0.0, 0.0, 0.0, 0.0, 0.0, 0.0, 0.0, 0.0, 0.0], "tonal.chords_histogram": [32.4449577331543, 7.763615131378174, 20.509849548339844, 8.2271146774292, 0.0, 0.0, 0.0, 1.3904982805252075, 0.0, 0.0, 6.7207417488098145, 0.0, 0.0, 0.0, 0.0, 0.0, 0.0, 0.0, 0.0, 0.6952491402626038, 0.0, 5.2143683433532715, 17.03360366821289, 0.0], "tonal.thpcp": [1.0, 0.5431274771690369, 0.12765266001224518, 0.08429677039384842, 0.11102979630231857, 0.21894782781600952, 0.2708248496055603, 0.15803298354148865, 0.07253716140985489, 0.08531398326158524, 0.08719194680452347, 0.12556228041648865, 0.19118855893611908, 0.27316614985466003, 0.6410687565803528, 0.6796939373016357, 0.26246991753578186, 0.10226593911647797, 0.12020067125558853, 0.1850152611732483, 0.40794581174850464, 0.4875013828277588, 0.22542819380760193, 0.0590435229241848, 0.04740774631500244, 0.07573781907558441, 0.28844884037971497, 0.41898611187934875, 0.2660563886165619, 0.31941404938697815, 0.4054124057292938, 0.2236110270023346, 0.1827365607023239, 0.2882221043109894, 0.3011957108974457, 0.6808557510375977], "lowlevel.gfcc.cov": [[12377.115234375, -275.6473388671875, -401.4671630859375, -261.92218017578125, -319.952880859375, 272.63897705078125, -110.24128723144531, 808.2783203125, -42.37113571166992, 133.3159637451172, -330.5511474609375, 470.2071838378906, -215.9971160888672], [-275.6473388671875, 2435.179931640625, -504.7109375, -333.9241943359375, 280.81427001953125, -181.73899841308594, 136.77346801757812, -252.5345001220703, 276.58026123046875, -317.6655578613281, 332.5821838378906, -205.7661590576172, 106.2989730834961], [-401.4671630859375, -504.7109375, 1058.60107421875, 545.5540161132812, 223.9657440185547, 106.77754211425781, 44.723575592041016, 4.880293846130371, -55.231056213378906, 311.57763671875, 31.839107513427734, 168.242919921875, 54.14326095581055], [-261.92218017578125, -333.9241943359375, 545.5540161132812, 897.6030883789062, 189.72804260253906, 17.41570281982422, 20.361494064331055, -174.87193298339844, -28.199247360229492, 232.7215118408203, 66.402587890625, 60.9691047668457, 121.89746856689453], [-319.952880859375, 280.81427001953125, 223.9657440185547, 189.72804260253906, 418.1781921386719, 30.9072208404541, -28.887426376342773, -27.077966690063477, 119.85328674316406, 86.27232360839844, 67.07884216308594, 48.54182052612305, 61.32160186767578], [272.63897705078125, -181.73899841308594, 106.77754211425781, 17.41570281982422, 30.9072208404541, 197.81893920898438, 99.70268249511719, 58.27418518066406, -17.145204544067383, 49.689632415771484, 11.836438179016113, 65.6809310913086, -1.9236260652542114], [-110.24128723144531, 136.77346801757812, 44.723575592041016, 20.361494064331055, -28.887426376342773, 99.70268249511719, 304.90911865234375, 43.2188720703125, -28.078847885131836, -25.181577682495117, 102.57994842529297, 18.216331481933594, 11.27279281616211], [808.2783203125, -252.5345001220703, 4.880293846130371, -174.87193298339844, -27.077966690063477, 58.27418518066406, 43.2188720703125, 330.9598083496094, 41.29231262207031, -2.9845798015594482, -55.76331329345703, 116.15796661376953, -22.305898666381836], [-42.37113571166992, 276.58026123046875, -55.231056213378906, -28.199247360229492, 119.85328674316406, -17.145204544067383, -28.078847885131836, 41.29231262207031, 202.2520294189453, 17.99676513671875, 21.196434020996094, 12.9504976272583, 38.91048049926758], [133.3159637451172, -317.6655578613281, 311.57763671875, 232.7215118408203, 86.27232360839844, 49.689632415771484, -25.181577682495117, -2.9845798015594482, 17.99676513671875, 274.5902099609375, 11.876206398010254, 58.802886962890625, 5.174022674560547], [-330.5511474609375, 332.5821838378906, 31.839107513427734, 66.402587890625, 67.07884216308594, 11.836438179016113, 102.57994842529297, -55.76331329345703, 21.196434020996094, 11.876206398010254, 191.20260620117188, 11.03096866607666, 33.39463424682617], [470.2071838378906, -205.7661590576172, 168.242919921875, 60.9691047668457, 48.54182052612305, 65.6809310913086, 18.216331481933594, 116.15796661376953, 12.9504976272583, 58.802886962890625, 11.03096866607666, 191.31185913085938, 29.921552658081055], [-215.9971160888672, 106.2989730834961, 54.14326095581055, 121.89746856689453, 61.32160186767578, -1.9236260652542114, 11.27279281616211, -22.305898666381836, 38.91048049926758, 5.174022674560547, 33.39463424682617, 29.921552658081055, 120.60263061523438]], "lowlevel.gfcc.icov": [[0.00018054789688903838, -0.0003689840086735785, 0.00023382835206575692, -0.00034606881672516465, 0.0003021685697603971, -0.00041128991870209575, 0.00030315251206047833, -0.0005986239993944764, 0.0004365597269497812, -0.0004317937418818474, 0.0005476272781379521, -0.0005361134535633028, 0.00045318392221815884], [-0.0003689840086735785, 0.002213000552728772, -0.0004758798750117421, 0.0014547137543559074, -0.0015403524739667773, 0.0018068277277052402, -0.0013490314595401287, 0.002224874682724476, -0.002312569646164775, 0.002037706086412072, -0.002818396547809243, 0.0017183072632178664, -0.0015056614065542817], [0.00023382835206575692, -0.0004758798750117421, 0.0024304715916514397, -0.0011185398325324059, -0.00045033261994831264, -0.000437517068348825, -5.8638073824113235e-05, -0.0009363340795971453, 0.0016842791810631752, -0.0020826507825404406, 0.0010951325530186296, -0.0016575601184740663, 0.0005858814110979438], [-0.00034606881672516465, 0.0014547137543559074, -0.0011185398325324059, 0.0034768395125865936, -0.0014514521462842822, 0.0018561825854703784, -0.001507517066784203, 0.002879600739106536, -0.0010063665686175227, 0.00016359986329916865, -0.0015433114022016525, 0.0009888284839689732, -0.002973204245790839], [0.0003021685697603971, -0.0015403524739667773, -0.00045033261994831264, -0.0014514521462842822, 0.005135521292686462, -0.0023728366941213608, 0.0020763850770890713, -0.0014007312711328268, -0.0009123804629780352, -0.0009233063901774585, 0.000672224850859493, -0.0012126897927373648, 0.0009145521325990558], [-0.00041128991870209575, 0.0018068277277052402, -0.000437517068348825, 0.0018561825854703784, -0.0023728366941213608, 0.009359725750982761, -0.0043022786267101765, 0.0021434344816952944, -0.0009073974215425551, 0.00012047607015119866, -0.0009094634442590177, -0.0004922336083836854, -0.001192946801893413], [0.00030315251206047833, -0.0013490314595401287, -5.8638073824113235e-05, -0.001507517066784203, 0.0020763850770890713, -0.0043022786267101765, 0.006999139674007893, -0.003186524845659733, 0.0017229371005669236, 0.00025788950733840466, -0.0021176012232899666, 0.0003481813473626971, 0.0008470831671729684], [-0.0005986239993944764, 0.002224874682724476, -0.0009363340795971453, 0.002879600739106536, -0.0014007312711328268, 0.0021434344816952944, -0.003186524845659733, 0.008559582754969597, -0.0039962478913366795, 0.0019983528181910515, -0.0005741551867686212, -0.001638504327274859, -0.001126821618527174], [0.0004365597269497812, -0.002312569646164775, 0.0016842791810631752, -0.0010063665686175227, -0.0009123804629780352, -0.0009073974215425551, 0.0017229371005669236, -0.0039962478913366795, 0.010382067412137985, -0.003841495607048273, 0.0024567164946347475, -0.0014419411309063435, -0.0008768446277827024], [-0.0004317937418818474, 0.002037706086412072, -0.0020826507825404406, 0.00016359986329916865, -0.0009233063901774585, 0.00012047607015119866, 0.00025788950733840466, 0.0019983528181910515, -0.003841495607048273, 0.008782962337136269, -0.0035337493754923344, 0.0016826009377837181, 0.0004407742526382208], [0.0005476272781379521, -0.002818396547809243, 0.0010951325530186296, -0.0015433114022016525, 0.000672224850859493, -0.0009094634442590177, -0.0021176012232899666, -0.0005741551867686212, 0.0024567164946347475, -0.0035337493754923344, 0.012184159830212593, -0.004139633383601904, 0.0012808468891307712], [-0.0005361134535633028, 0.0017183072632178664, -0.0016575601184740663, 0.0009888284839689732, -0.0012126897927373648, -0.0004922336083836854, 0.0003481813473626971, -0.001638504327274859, -0.0014419411309063435, 0.0016826009377837181, -0.004139633383601904, 0.011377928778529167, -0.0037404014728963375], [0.00045318392221815884, -0.0015056614065542817, 0.0005858814110979438, -0.002973204245790839, 0.0009145521325990558, -0.001192946801893413, 0.0008470831671729684, -0.001126821618527174, -0.0008768446277827024, 0.0004407742526382208, 0.0012808468891307712, -0.0037404014728963375, 0.013238218612968922]], "lowlevel.mfcc.cov": [[7931.13720703125, -140.34950256347656, -293.93408203125, -515.3809814453125, -174.78707885742188, -451.7890930175781, -59.49760437011719, 615.1099243164062, 364.4167175292969, -103.95459747314453, 370.793212890625, 74.07525634765625, -201.82496643066406], [-140.34950256347656, 2279.666259765625, -494.5730895996094, -277.26495361328125, 65.56719970703125, -97.21905517578125, -91.30297088623047, 155.37747192382812, -135.04248046875, -2.396205425262451, 129.7857666015625, -52.74716567993164, -1.445347547531128], [-293.93408203125, -494.5730895996094, 735.2650756835938, 431.83013916015625, 77.48960876464844, 236.76690673828125, 173.69798278808594, -107.15841674804688, 18.93813705444336, 38.88934326171875, -43.893287658691406, 72.10651397705078, 157.7291717529297], [-515.3809814453125, -277.26495361328125, 431.83013916015625, 815.3853759765625, 253.9737548828125, 337.4042053222656, 76.40769958496094, -205.00025939941406, -14.331933975219727, 73.05508422851562, -76.7536849975586, 46.91881561279297, 204.6016387939453], [-174.78707885742188, 65.56719970703125, 77.48960876464844, 253.9737548828125, 439.4468078613281, 137.632568359375, -82.88423919677734, -65.55941772460938, 50.96670150756836, 32.35248565673828, -5.556396007537842, 36.10807418823242, 80.93827056884766], [-451.7890930175781, -97.21905517578125, 236.76690673828125, 337.4042053222656, 137.632568359375, 389.8423156738281, 105.1104507446289, -134.75717163085938, -34.57297134399414, 64.47398376464844, -8.404984474182129, 38.78981399536133, 101.11763000488281], [-59.49760437011719, -91.30297088623047, 173.69798278808594, 76.40769958496094, -82.88423919677734, 105.1104507446289, 288.8867492675781, 68.52838134765625, -36.77448654174805, 28.626752853393555, 23.45854949951172, 17.21249008178711, 41.60581588745117], [615.1099243164062, 155.37747192382812, -107.15841674804688, -205.00025939941406, -65.55941772460938, -134.75717163085938, 68.52838134765625, 334.28436279296875, 69.76173400878906, -43.45905303955078, 63.93903732299805, 0.9077858924865723, -44.133750915527344], [364.4167175292969, -135.04248046875, 18.93813705444336, -14.331933975219727, 50.96670150756836, -34.57297134399414, -36.77448654174805, 69.76173400878906, 182.83473205566406, 11.642521858215332, 14.998468399047852, 7.636857986450195, -12.94064712524414], [-103.95459747314453, -2.396205425262451, 38.88934326171875, 73.05508422851562, 32.35248565673828, 64.47398376464844, 28.626752853393555, -43.45905303955078, 11.642521858215332, 156.93797302246094, 40.085975646972656, -3.6319515705108643, 38.50429916381836], [370.793212890625, 129.7857666015625, -43.893287658691406, -76.7536849975586, -5.556396007537842, -8.404984474182129, 23.45854949951172, 63.93903732299805, 14.998468399047852, 40.085975646972656, 166.7916717529297, 35.45382308959961, -9.25568962097168], [74.07525634765625, -52.74716567993164, 72.10651397705078, 46.91881561279297, 36.10807418823242, 38.78981399536133, 17.21249008178711, 0.9077858924865723, 7.636857986450195, -3.6319515705108643, 35.45382308959961, 101.06733703613281, 34.39081954956055], [-201.82496643066406, -1.445347547531128, 157.7291717529297, 204.6016387939453, 80.93827056884766, 101.11763000488281, 41.60581588745117, -44.133750915527344, -12.94064712524414, 38.50429916381836, -9.25568962097168, 34.39081954956055, 157.42208862304688]], "lowlevel.mfcc.icov": [[0.00017598409613128752, 3.2844949600985274e-05, 1.334316584689077e-05, -5.84788249398116e-05, 5.312914072419517e-05, 8.715078001841903e-05, 6.79314907756634e-05, -0.000200330134248361, -0.0002118749835062772, 0.00011729976540664211, -0.0003651806036941707, -3.210284558008425e-05, 7.058151095407084e-05], [3.2844949600985274e-05, 0.0006393225048668683, 0.0003559462202247232, 0.00010385071072960272, -0.00021471262152772397, -9.22328545129858e-05, 0.00019252982747275382, -0.0003890518855769187, 0.0005920835537835956, 5.2778890676563606e-05, -0.000497597677167505, 0.00039691157871857285, -0.0005141590372659266], [1.334316584689077e-05, 0.0003559462202247232, 0.002837754087522626, -0.0007541966624557972, 0.00014032027684152126, -0.00022215752687770873, -0.001296720001846552, 0.00046967132948338985, -0.0007328298524953425, 0.0003983448841609061, 0.00015858210099395365, -0.0008000753005035222, -0.00127130385953933], [-5.84788249398116e-05, 0.00010385071072960272, -0.0007541966624557972, 0.003143534529954195, -0.0009348789462819695, -0.0011967680184170604, -0.00013387536455411464, 0.0006607346003875136, 6.592812133021653e-05, -0.00016022007912397385, 0.0008261193870566785, 0.0003368897014297545, -0.0019144114339724183], [5.312914072419517e-05, -0.00021471262152772397, 0.00014032027684152126, -0.0009348789462819695, 0.003710172837600112, -0.001013841130770743, 0.001629556412808597, -0.00037182040978223085, -0.0011046957224607468, -7.872088463045657e-05, -0.00012137717567384243, -0.0007090044091455638, -0.0005744655500166118], [8.715078001841903e-05, -9.22328545129858e-05, -0.00022215752687770873, -0.0011967680184170604, -0.001013841130770743, 0.005323927849531174, -0.0020232805982232094, 0.0014819649513810873, 0.00011645774793578312, -0.0004597597580868751, -0.0005336276371963322, -0.0006444760947488248, 0.00017210132500622422], [6.79314907756634e-05, 0.00019252982747275382, -0.001296720001846552, -0.00013387536455411464, 0.001629556412808597, -0.0020232805982232094, 0.006693235598504543, -0.003058090340346098, 0.0018902372103184462, -0.0010919076157733798, -0.000482764357002452, 0.00019238369714003056, -0.0002503901196178049], [-0.000200330134248361, -0.0003890518855769187, 0.00046967132948338985, 0.0006607346003875136, -0.00037182040978223085, 0.0014819649513810873, -0.003058090340346098, 0.006095746532082558, -0.0025168959982693195, 0.0016969135031104088, -0.0008953574579209089, 7.578720396850258e-05, -0.0005244513158686459], [-0.0002118749835062772, 0.0005920835537835956, -0.0007328298524953425, 6.592812133021653e-05, -0.0011046957224607468, 0.00011645774793578312, 0.0018902372103184462, -0.0025168959982693195, 0.008226355537772179, -0.001705046626739204, 0.00023447776038665324, -2.4273327653645538e-05, 0.0007827114313840866], [0.00011729976540664211, 5.2778890676563606e-05, 0.0003983448841609061, -0.00016022007912397385, -7.872088463045657e-05, -0.0004597597580868751, -0.0010919076157733798, 0.0016969135031104088, -0.001705046626739204, 0.008828838355839252, -0.003382977331057191, 0.002408389002084732, -0.0019645763095468283], [-0.0003651806036941707, -0.000497597677167505, 0.00015858210099395365, 0.0008261193870566785, -0.00012137717567384243, -0.0005336276371963322, -0.000482764357002452, -0.0008953574579209089, 0.00023447776038665324, -0.003382977331057191, 0.0096822464838624, -0.0039792489260435104, 0.0008617109851911664], [-3.210284558008425e-05, 0.00039691157871857285, -0.0008000753005035222, 0.0003368897014297545, -0.0007090044091455638, -0.0006444760947488248, 0.00019238369714003056, 7.578720396850258e-05, -2.4273327653645538e-05, 0.002408389002084732, -0.0039792489260435104, 0.013402145355939865, -0.002677727025002241], [7.058151095407084e-05, -0.0005141590372659266, -0.00127130385953933, -0.0019144114339724183, -0.0005744655500166118, 0.00017210132500622422, -0.0002503901196178049, -0.0005244513158686459, 0.0007827114313840866, -0.0019645763095468283, 0.0008617109851911664, -0.002677727025002241, 0.011484533548355103]], "metadata.audio_properties.analysis.downmix": "mix", "metadata.audio_properties.codec": "mp3", "metadata.audio_properties.md5_encoded": "afb758df5b8b5bb82c291d010582e634", "metadata.tags.file_name": "1182270228797849651.mp3", "metadata.version.essentia": "2.1-beta6-dev", "metadata.version.essentia_git_sha": 