{"song_id": "1182284088539893851", "download": "https://cdn.discordapp.com/attachments/1135911532732108921/1182284088539893851/chirp.mp4?ex=658422dc&amp", "lyrics": "[verse]\nIn the neon night, shadows start to fade\nEmbracing darkness, where secrets are made\nRacing through the streets, a thrill I can't deny\nAs I ride the wave, I feel so alive\n\n[chorus]\nTonight we'll dance with destiny\nUnveil the dreams we long to see\nIn this synthwave fantasy, we'll touch the sky\nUntil the night's end, we'll live before we die", "style": ["synthwave"], "essentia_features": {"lowlevel.average_loudness": 0.9606282711029053, "lowlevel.barkbands_crest.mean": 19.01368522644043, "lowlevel.barkbands_crest.stdev": 5.792610168457031, "lowlevel.barkbands_flatness_db.mean": 0.2929149568080902, "lowlevel.barkbands_flatness_db.stdev": 0.06938514858484268, "lowlevel.barkbands_kurtosis.mean": 62.11370849609375, "lowlevel.barkbands_kurtosis.stdev": 71.3846206665039, "lowlevel.barkbands_skewness.mean": 5.601622581481934, "lowlevel.barkbands_skewness.stdev": 3.3855929374694824, "lowlevel.barkbands_spread.mean": 6.539752960205078, "lowlevel.barkbands_spread.stdev": 13.637687683105469, "lowlevel.dissonance.mean": 0.3894695043563843, "lowlevel.dissonance.stdev": 0.054563820362091064, "lowlevel.dynamic_complexity": 2.0440263748168945, "lowlevel.erbbands_crest.mean": 14.255645751953125, "lowlevel.erbbands_crest.stdev": 4.405766487121582, "lowlevel.erbbands_flatness_db.mean": 0.25101998448371887, "lowlevel.erbbands_flatness_db.stdev": 0.05509296804666519, "lowlevel.erbbands_kurtosis.mean": 10.852737426757812, "lowlevel.erbbands_kurtosis.stdev": 12.305329322814941, "lowlevel.erbbands_skewness.mean": 2.5015363693237305, "lowlevel.erbbands_skewness.stdev": 1.6314232349395752, "lowlevel.erbbands_spread.mean": 23.888145446777344, "lowlevel.erbbands_spread.stdev": 27.846704483032227, "lowlevel.hfc.mean": 11.77768325805664, "lowlevel.hfc.stdev": 9.014130592346191, "lowlevel.loudness_ebu128.integrated": -14.249107360839844, "lowlevel.loudness_ebu128.loudness_range": 2.139695167541504, "lowlevel.loudness_ebu128.momentary.mean": -14.616142272949219, "lowlevel.loudness_ebu128.momentary.stdev": 1.910355567932129, "lowlevel.loudness_ebu128.short_term.mean": -14.243459701538086, "lowlevel.loudness_ebu128.short_term.stdev": 0.772841215133667, "lowlevel.melbands_crest.mean": 18.521032333374023, "lowlevel.melbands_crest.stdev": 4.521448135375977, "lowlevel.melbands_flatness_db.mean": 0.373851478099823, "lowlevel.melbands_flatness_db.stdev": 0.07703573256731033, "lowlevel.melbands_kurtosis.mean": 60.93280792236328, "lowlevel.melbands_kurtosis.stdev": 56.07032775878906, "lowlevel.melbands_skewness.mean": 4.945027828216553, "lowlevel.melbands_skewness.stdev": 2.4712774753570557, "lowlevel.melbands_spread.mean": 5.797618865966797, "lowlevel.melbands_spread.stdev": 14.821142196655273, "lowlevel.pitch_salience.mean": 0.4071042537689209, "lowlevel.pitch_salience.stdev": 0.15660466253757477, "lowlevel.silence_rate_20dB.mean": 1.0, "lowlevel.silence_rate_20dB.stdev": 0.0, "lowlevel.silence_rate_30dB.mean": 1.0, "lowlevel.silence_rate_30dB.stdev": 0.0, "lowlevel.silence_rate_60dB.mean": 0.005793742835521698, "lowlevel.silence_rate_60dB.stdev": 0.07589458674192429, "lowlevel.spectral_centroid.mean": 427.1524963378906, "lowlevel.spectral_centroid.stdev": 477.5467224121094, "lowlevel.spectral_complexity.mean": 6.860949993133545, "lowlevel.spectral_complexity.stdev": 3.8237972259521484, "lowlevel.spectral_decrease.mean": -8.120639272135577e-09, "lowlevel.spectral_decrease.stdev": 4.428749367235696e-09, "lowlevel.spectral_energy.mean": 0.03171739727258682, "lowlevel.spectral_energy.stdev": 0.017128391191363335, "lowlevel.spectral_energyband_high.mean": 0.00026596689713187516, "lowlevel.spectral_energyband_high.stdev": 0.0008859366062097251, "lowlevel.spectral_energyband_low.mean": 0.0031628874130547047, "lowlevel.spectral_energyband_low.stdev": 0.004280672874301672, "lowlevel.spectral_energyband_middle_high.mean": 0.0010776853887364268, "lowlevel.spectral_energyband_middle_high.stdev": 0.0018799509853124619, "lowlevel.spectral_energyband_middle_low.mean": 0.029072217643260956, "lowlevel.spectral_energyband_middle_low.stdev": 0.015871349722146988, "lowlevel.spectral_entropy.mean": 6.021707534790039, "lowlevel.spectral_entropy.stdev": 0.8275396823883057, "lowlevel.spectral_flux.mean": 0.049379825592041016, "lowlevel.spectral_flux.stdev": 0.03450634330511093, "lowlevel.spectral_kurtosis.mean": 15.17402458190918, "lowlevel.spectral_kurtosis.stdev": 12.279966354370117, "lowlevel.spectral_rms.mean": 0.005332120694220066, "lowlevel.spectral_rms.stdev": 0.001585007761605084, "lowlevel.spectral_rolloff.mean": 672.9263305664062, "lowlevel.spectral_rolloff.stdev": 1647.1986083984375, "lowlevel.spectral_skewness.mean": 2.9939162731170654, "lowlevel.spectral_skewness.stdev": 1.2143527269363403, "lowlevel.spectral_spread.mean": 3929524.25, "lowlevel.spectral_spread.stdev": 2428363.5, "lowlevel.spectral_strongpeak.mean": 1.1925015449523926, "lowlevel.spectral_strongpeak.stdev": 0.5659800171852112, "lowlevel.zerocrossingrate.mean": 0.0276560690253973, "lowlevel.zerocrossingrate.stdev": 0.0418393611907959, "metadata.audio_properties.analysis.equal_loudness": 0.0, "metadata.audio_properties.analysis.length": 40.04265213012695, "metadata.audio_properties.analysis.sample_rate": 44100.0, "metadata.audio_properties.analysis.start_time": 0.0, "metadata.audio_properties.bit_rate": 118932.0, "metadata.audio_properties.length": 40.042667388916016, "metadata.audio_properties.lossless": 0.0, "metadata.audio_properties.number_channels": 1.0, "metadata.audio_properties.replay_gain": -12.571077346801758, "metadata.audio_properties.sample_rate": 48000.0, "rhythm.beats_count": 76.0, "rhythm.beats_loudness.mean": 0.03318163380026817, "rhythm.beats_loudness.stdev": 0.014574886299669743, "rhythm.bpm": 113.68302154541016, "rhythm.bpm_histogram_first_peak_bpm": 115.0, "rhythm.bpm_histogram_first_peak_weight": 0.4736841917037964, "rhythm.bpm_histogram_second_peak_bpm": 101.0, "rhythm.bpm_histogram_second_peak_spread": 0.47058820724487305, "rhythm.bpm_histogram_second_peak_weight": 0.11999999731779099, "rhythm.danceability": 1.2201136350631714, "rhythm.onset_rate": 3.3953804969787598, "tonal.chords_changes_rate": 0.06018518656492233, "tonal.chords_number_rate": 0.005787036847323179, "tonal.chords_strength.mean": 0.47326716780662537, "tonal.chords_strength.stdev": 0.06589869409799576, "tonal.hpcp_crest.mean": 25.04701042175293, "tonal.hpcp_crest.stdev": 10.116427421569824, "tonal.hpcp_entropy.mean": 0.9031434655189514, "tonal.hpcp_entropy.stdev": 0.8022423982620239, "tonal.key_edma.strength": 0.6212618350982666, "tonal.key_krumhansl.strength": 0.6044855713844299, "tonal.key_temperley.strength": 0.5767310261726379, "tonal.tuning_diatonic_strength": 0.45434820652008057, "tonal.tuning_equal_tempered_deviation": 0.029864443466067314, "tonal.tuning_frequency": 440.2542419433594, "tonal.tuning_nontempered_energy_ratio": 0.6184180378913879, "lowlevel.barkbands.mean": [4.525675649347249e-06, 0.00010513389861444011, 0.0012318941298872232, 0.0037688424345105886, 0.01974804513156414, 0.0031451217364519835, 0.0010500509524717927, 0.0009348394814878702, 0.00031473461422137916, 0.00020469843002501875, 0.00015067413914948702, 0.00016063344082795084, 0.0001411187695339322, 0.00018077781714964658, 0.00013681697600986809, 9.78273237706162e-05, 3.3133292163256556e-05, 1.5389998225145973e-05, 1.787453584256582e-05, 2.7622587367659435e-05, 3.466204725555144e-05, 3.7891670217504725e-05, 2.4453889636788517e-05, 7.638442912138999e-05, 5.359491115086712e-05, 1.963553404493723e-05, 1.0680785180738894e-06], "lowlevel.barkbands.stdev": [1.2527097169368062e-05, 0.000497015134897083, 0.0026901219971477985, 0.005425912793725729, 0.011187638156116009, 0.006158594973385334, 0.002844856586307287, 0.0017863051034510136, 0.001394891645759344, 0.0008008673321455717, 0.0006260732770897448, 0.000643308914732188, 0.00046498910523951054, 0.0005638280417770147, 0.0004613340424839407, 0.00020370379206724465, 7.414033461827785e-05, 5.1193197577958927e-05, 0.0001507898123236373, 0.00012105934729333967, 0.00011409432045184076, 0.00011195683327969164, 8.438152144663036e-05, 0.0003529023961164057, 0.00023972296912688762, 7.486527465516701e-05, 4.409530447446741e-06], "lowlevel.erbbands.mean": [0.0010609566234052181, 0.05050453916192055, 1.0559635162353516, 7.784785747528076, 16.628707885742188, 82.05058288574219, 78.06595611572266, 24.362327575683594, 9.325169563293457, 29.901323318481445, 11.455245971679688, 7.847681045532227, 7.455429553985596, 5.178414821624756, 6.8867645263671875, 6.459788799285889, 5.979422092437744, 9.714547157287598, 7.892650127410889, 6.073057174682617, 4.939781188964844, 1.7798690795898438, 0.8011649250984192, 1.148341417312622, 0.7319976091384888, 1.3336806297302246, 1.4160186052322388, 1.4293060302734375, 1.443792462348938, 0.863950788974762, 0.6964471340179443, 1.3322954177856445, 1.3487483263015747, 0.813981831073761, 0.23636530339717865, 0.1007419228553772, 0.034170594066381454, 0.005760589148849249, 0.00014535711670760065, 4.003951471531764e-05], "lowlevel.erbbands.stdev": [0.0026469966396689415, 0.17315688729286194, 2.1712746620178223, 10.094132423400879, 16.392595291137695, 50.14561462402344, 55.06739807128906, 45.434932708740234, 24.655223846435547, 59.32136917114258, 28.235252380371094, 36.19869613647461, 38.64772033691406, 23.893850326538086, 24.54136085510254, 25.98700523376465, 18.163475036621094, 28.98752784729004, 24.951047897338867, 15.81887149810791, 9.86199951171875, 3.6065242290496826, 2.1644396781921387, 9.956122398376465, 4.387298583984375, 5.993173122406006, 4.5862812995910645, 4.693234920501709, 4.222186088562012, 2.7180488109588623, 2.4528822898864746, 5.619671821594238, 6.653374195098877, 3.8997957706451416, 0.9791969656944275, 0.38870149850845337, 0.13318733870983124, 0.021769503131508827, 0.0004743263416457921, 2.3596190658281557e-05], "lowlevel.gfcc.mean": [-89.05418395996094, 112.7789306640625, -79.83898162841797, 8.734609603881836, -71.6340103149414, -14.512744903564453, -69.10984802246094, -29.2534122467041, -36.28640365600586, -7.999856948852539, -32.862342834472656, -6.6599531173706055, -6.675029754638672], "lowlevel.melbands.mean": [1.6378782675019465e-05, 0.0004526678239926696, 0.0015237695770338178, 0.0032604935113340616, 0.0035684541799128056, 0.0005144442548044026, 0.00015759532107040286, 0.000317394791636616, 7.641562115168199e-05, 4.710178836830892e-05, 3.543954881024547e-05, 1.98239395103883e-05, 2.116344330715947e-05, 2.1439380361698568e-05, 1.1792711120506283e-05, 1.473407701269025e-05, 1.886927566374652e-05, 1.2677451195486356e-05, 9.9625249276869e-06, 7.199540959845763e-06, 5.507023161044344e-06, 2.085386540784384e-06, 6.43455564386386e-07, 7.991887969183153e-07, 9.838818186835852e-07, 5.05589241583948e-07, 5.884805887035327e-07, 9.711791335575981e-07, 9.258327509087394e-07, 8.013158776520868e-07, 8.419809773840825e-07, 8.791382128947589e-07, 6.305955366769922e-07, 4.2217757822982094e-07, 3.486265995888971e-07, 5.194903565097775e-07, 9.554015605317545e-07, 9.773223155207234e-07, 9.54823121901427e-07, 5.781934646620357e-07], "lowlevel.melbands.stdev": [7.270033529493958e-05, 0.000815637584310025, 0.0017563177971169353, 0.0022171533200889826, 0.0021408693864941597, 0.0010234455112367868, 0.00043821462895721197, 0.0005871999310329556, 0.00022072458523325622, 0.00022329656349029392, 0.00018555157294031233, 9.341935947304592e-05, 7.930114952614531e-05, 8.53654055390507e-05, 4.3308456952217966e-05, 4.64137046947144e-05, 5.991676516714506e-05, 4.129014632781036e-05, 3.3549844374647364e-05, 1.656100357649848e-05, 1.1392291526135523e-05, 4.5476567720470484e-06, 1.7015363482641988e-06, 2.918442987720482e-06, 9.588025932316668e-06, 3.4799202239810256e-06, 3.4086890536855208e-06, 4.460161107999738e-06, 3.033255779882893e-06, 2.9209850254119374e-06, 2.770822447928367e-06, 2.5302026642748388e-06, 2.0876261714875e-06, 1.3558820910475333e-06, 1.3154572116036434e-06, 1.8402570276521146e-06, 4.558140517474385e-06, 5.111776772537269e-06, 4.811991857422981e-06, 2.787156972772209e-06], "lowlevel.melbands128.mean": [2.0898717139061773e-06, 2.318480937901768e-06, 6.981772003200604e-06, 7.041146454866976e-05, 0.00030599598539993167, 0.0007061273790895939, 0.0015633837319910526, 0.001919484231621027, 0.0011654054978862405, 0.0023633777163922787, 0.004906569607555866, 0.006907125003635883, 0.002234713640064001, 0.001089388388209045, 0.0006003219168633223, 0.00016948123811744153, 7.76086380938068e-05, 0.00012662586232181638, 0.0002750635612756014, 0.0004268636694177985, 0.00031279335962608457, 8.104632433969527e-05, 5.122864604345523e-05, 5.264269930194132e-05, 5.779804632766172e-05, 3.625524914241396e-05, 4.146100764046423e-05, 4.64064723928459e-05, 1.7005497284117155e-05, 2.1882475266465917e-05, 1.8802080376190133e-05, 1.9968258129665628e-05, 1.899775816127658e-05, 2.646634675329551e-05, 2.0960847905371338e-05, 2.4067598133115098e-05, 1.4440505765378475e-05, 9.30260921450099e-06, 1.1938603165617678e-05, 1.1696573892550077e-05, 1.6155699995579198e-05, 1.819232784328051e-05, 1.8893351807491854e-05, 2.013422636082396e-05, 1.4456497410719749e-05, 9.02900592336664e-06, 1.4298555470304564e-05, 1.1180104593222495e-05, 7.446368272212567e-06, 7.542361345258541e-06, 7.328201263590017e-06, 7.074710993038025e-06, 5.600591066468041e-06, 5.576871899393154e-06, 3.234796849937993e-06, 1.905802491819486e-06, 8.210648729800596e-07, 7.139649937926151e-07, 5.513164751391741e-07, 5.483838094733073e-07, 8.20379455035436e-07, 9.447899174119812e-07, 1.1052043191739358e-06, 1.114119640988065e-06, 5.398642315412872e-07, 5.305260515342525e-07, 4.10380835091928e-07, 4.6600914060945797e-07, 6.117842303865473e-07, 7.844426477277011e-07, 8.786399234850251e-07, 1.2573481171784806e-06, 9.311559665547975e-07, 9.401020406585303e-07, 7.711661282883142e-07, 7.446698191415635e-07, 8.960347486208775e-07, 7.606283816130599e-07, 8.312561590173573e-07, 8.543732405996707e-07, 1.0573079407549812e-06, 7.839320232960745e-07, 7.41243695756566e-07, 6.682174102934368e-07, 4.903422450297512e-07, 4.279125676021067e-07, 4.105769448869978e-07, 3.7153117204979935e-07, 3.09398529907412e-07, 3.560200525498658e-07, 4.454940096820792e-07, 5.059090426584589e-07, 7.198880780379113e-07, 9.855589269136544e-07, 1.0471624136698665e-06, 1.2398469380059396e-06, 8.391213555114518e-07, 7.757573143862828e-07, 1.0467397260072175e-06, 1.0492864248590195e-06, 7.565590749436524e-07, 4.900391559203854e-07, 3.793441010202514e-07, 2.443386790673685e-07, 2.1915445813647239e-07, 2.3784185998465546e-07, 2.472339417636249e-07, 1.9332073009081796e-07, 1.9223269021040323e-07, 1.2733934795505775e-07, 1.0507645953339306e-07, 1.1658173093564983e-07, 1.2302028551403055e-07, 9.751910567956656e-08, 6.943576380535887e-08, 6.563983845353505e-08, 4.404005338187744e-08, 5.649384959838244e-09, 5.250659716043993e-12, 3.936427139111798e-12, 3.8281452660604565e-12, 3.742321123129111e-12, 3.664952889781414e-12, 3.5981417498276436e-12, 3.524522687592402e-12, 3.4292787793460677e-12, 3.3740757583722303e-12, 3.3515338941636497e-12], "lowlevel.melbands128.stdev": [5.9400213103799615e-06, 6.313162430160446e-06, 3.35538643412292e-05, 0.00034226535353809595, 0.0009530224488116801, 0.0015017623081803322, 0.002217757748439908, 0.0028684218414127827, 0.0014399419305846095, 0.0034027472138404846, 0.0032578958198428154, 0.004255861043930054, 0.0019823615439236164, 0.002554447390139103, 0.001453980221413076, 0.0005564592429436743, 0.0002524208975955844, 0.0006544034695252776, 0.0008801556541584432, 0.001000788644887507, 0.0006231317529454827, 0.00031050413963384926, 0.00030757224885746837, 0.00027508396306075156, 0.00036172629916109145, 0.00026212146622128785, 0.0003545453364495188, 0.00026083324337378144, 6.044487236067653e-05, 0.00011349893611622974, 0.00016335300460923463, 0.00010949371790047735, 0.00010009005200117826, 0.00012992849224247038, 0.00010258629481540993, 0.00013420313189271837, 8.296164742205292e-05, 4.8463472921866924e-05, 6.004865645081736e-05, 5.0342750910203904e-05, 6.761468102922663e-05, 7.273870869539678e-05, 8.58581333886832e-05, 8.158265700330958e-05, 6.736352952430025e-05, 3.742964327102527e-05, 7.911366992630064e-05, 4.842082125833258e-05, 2.312002470716834e-05, 2.937399040092714e-05, 1.825749313866254e-05, 1.6535972463316284e-05, 1.5583955246256664e-05, 1.4311879567685537e-05, 7.72102521295892e-06, 5.186775524634868e-06, 2.1783912416140083e-06, 2.2970191366766812e-06, 1.7929008890860132e-06, 1.487323061155621e-06, 3.4280549243703717e-06, 4.491995696298545e-06, 9.827198482526e-06, 1.5037427147035487e-05, 4.060574156028451e-06, 4.2668198148021474e-06, 3.083937144765514e-06, 2.6984755550074624e-06, 4.099695161130512e-06, 4.440572411112953e-06, 5.280789082462434e-06, 5.872021120012505e-06, 3.3695216643536696e-06, 3.196979605490924e-06, 2.836302428477211e-06, 3.121889676549472e-06, 3.7797833556396654e-06, 2.889914640036295e-06, 3.0789901757088955e-06, 2.735294629019336e-06, 3.1697027225163765e-06, 2.3905051875772187e-06, 2.4832177132338984e-06, 2.57203510045656e-06, 1.7202893332068925e-06, 1.407377908435592e-06, 1.3805816934109316e-06, 1.4590845012207865e-06, 1.308125661125814e-06, 1.494720891059842e-06, 1.8347075183555717e-06, 1.924861635416164e-06, 2.8648166789935203e-06, 4.8419474296679255e-06, 6.013538495608373e-06, 8.303728463943116e-06, 4.259692559571704e-06, 5.269071152724791e-06, 5.403712293627905e-06, 5.429942575574387e-06, 4.0370828173763584e-06, 2.4235882847278845e-06, 1.858498876572412e-06, 1.1782068440879812e-06, 1.028654764922976e-06, 1.1200522749277297e-06, 1.0862203225769917e-06, 8.106767950266658e-07, 8.023554869396321e-07, 5.396142341851373e-07, 5.910150093768607e-07, 5.514862095878925e-07, 5.012275892113394e-07, 3.4315274888285785e-07, 3.084002457853785e-07, 2.727407490965561e-07, 1.8880747632010753e-07, 2.2009858824389994e-08, 3.29780681929126e-11, 5.9642213043331616e-12, 5.814455254077311e-12, 5.682519125388419e-12, 5.567449713056449e-12, 5.470379791511215e-12, 5.3920405466978405e-12, 5.326382997855594e-12, 5.27973107941615e-12, 5.250986711419214e-12], "lowlevel.mfcc.mean": [-751.4996337890625, 154.3771209716797, 28.630043029785156, 16.578655242919922, 2.9556076526641846, 3.983731746673584, -27.334060668945312, -25.961151123046875, -11.8165283203125, -19.5056209564209, -24.424423217773438, -16.24107551574707, -13.438599586486816], "lowlevel.spectral_contrast_coeffs.mean": [-0.44897180795669556, -0.6767668128013611, -0.753848135471344, -0.7798622250556946, -0.8059672713279724, -0.7622587084770203], "lowlevel.spectral_contrast_coeffs.stdev": [0.0736360251903534, 0.07121972739696503, 0.0639662817120552, 0.05292893946170807, 0.04868406429886818, 0.04358741268515587], "lowlevel.spectral_contrast_valleys.mean": [-7.734578609466553, -7.831587791442871, -8.835436820983887, -8.80754566192627, -9.313465118408203, -11.6482572555542], "lowlevel.spectral_contrast_valleys.stdev": [1.066124439239502, 1.0558990240097046, 1.0484681129455566, 1.0243264436721802, 0.8929857611656189, 1.1795728206634521], "rhythm.beats_loudness_band_ratio.mean": [0.17548315227031708, 0.7133087515830994, 0.07443320751190186, 0.020530518144369125, 0.011811790056526661, 0.042342688888311386], "rhythm.beats_loudness_band_ratio.stdev": [0.13971289992332458, 0.19975225627422333, 0.10131318122148514, 0.039391763508319855, 0.02142854779958725, 0.11924219876527786], "tonal.hpcp.mean": [0.2245984971523285, 0.14298219978809357, 0.01719094254076481, 0.01648261398077011, 0.020743301138281822, 0.03230932727456093, 0.041425544768571854, 0.037223752588033676, 0.39377328753471375, 0.8196675777435303, 0.45790746808052063, 0.02149190753698349, 0.014629576355218887, 0.014614765532314777, 0.019382301717996597, 0.026181690394878387, 0.029101600870490074, 0.02841634675860405, 0.036672260612249374, 0.07952315360307693, 0.15263305604457855, 0.12934888899326324, 0.04976525530219078, 0.04520639777183533, 0.04513130336999893, 0.020566783845424652, 0.007757266517728567, 0.010228023864328861, 0.01279979757964611, 0.03239281848073006, 0.043180521577596664, 0.021732879802584648, 0.007846553809940815, 0.008745952509343624, 0.010437257587909698, 0.09786095470190048], "tonal.hpcp.stdev": [0.3395354747772217, 0.22740435600280762, 0.07521869987249374, 0.08229038119316101, 0.09583500772714615, 0.12245440483093262, 0.14585067331790924, 0.13182954490184784, 0.20595961809158325, 0.2787763774394989, 0.21041157841682434, 0.0937279686331749, 0.09056546539068222, 0.0786464512348175, 0.10327176749706268, 0.12028725445270538, 0.13040505349636078, 0.13136717677116394, 0.15291893482208252, 0.2102675884962082, 0.2964995801448822, 0.2633988559246063, 0.1541394740343094, 0.16312174499034882, 0.17439712584018707, 0.09544060379266739, 0.04787537455558777, 0.0620729960501194, 0.07489606738090515, 0.10842350125312805, 0.12852570414543152, 0.06894677132368088, 0.04447278007864952, 0.057495296001434326, 0.06904730945825577, 0.1726435124874115], "rhythm.beats_position": [0.6617686748504639, 1.3119274377822876, 1.9736961126327515, 2.623854875564575, 3.285623550415039, 3.9357821941375732, 4.527891159057617, 5.119999885559082, 5.712108612060547, 6.315827369689941, 6.884716510772705, 7.4536051750183105, 8.034104347229004, 8.59138298034668, 9.148661613464355, 9.717551231384277, 10.309659957885742, 10.890158653259277, 11.482267379760742, 12.027935981750488, 12.561995506286621, 13.096054077148438, 13.61850357055664, 14.140952110290527, 14.663400650024414, 15.162630081176758, 15.650249481201172, 16.161088943481445, 16.695146560668945, 17.229206085205078, 17.75165557861328, 18.29732322692871, 18.831382751464844, 19.342222213745117, 19.86467170715332, 20.38711929321289, 20.909568786621094, 21.432018280029297, 21.966075897216797, 22.52335548400879, 23.06902503967285, 23.61469268798828, 24.230022430419922, 24.84535026550293, 25.43745994567871, 26.029569625854492, 26.62167739868164, 27.213787078857422, 27.77106475830078, 28.281904220581055, 28.804353713989258, 29.326801300048828, 29.767980575561523, 30.22076988220215, 30.673559188842773, 31.11473846435547, 31.555917739868164, 32.02031707763672, 32.48471450805664, 32.92589569091797, 33.36707305908203, 33.80825424194336, 34.191383361816406, 34.57451248168945, 34.9576416015625, 35.34077072143555, 35.73550796508789, 36.1302490234375, 36.536598205566406, 36.94294738769531, 37.34929656982422, 37.755645751953125, 38.13877487182617, 38.52190399169922, 38.91664505004883, 39.299774169921875], "rhythm.bpm_histogram": [0.0, 0.0, 0.0, 0.0, 0.0, 0.0, 0.0, 0.0, 0.0, 0.0, 0.0, 0.0, 0.0, 0.0, 0.0, 0.0, 0.0, 0.0, 0.0, 0.0, 0.0, 0.0, 0.0, 0.0, 0.0, 0.0, 0.0, 0.0, 0.0, 0.0, 0.0, 0.0, 0.0, 0.0, 0.0, 0.0, 0.0, 0.0, 0.0, 0.0, 0.0, 0.0, 0.0, 0.0, 0.0, 0.0, 0.0, 0.0, 0.0, 0.0, 0.0, 0.0, 0.0, 0.0, 0.0, 0.0, 0.0, 0.0, 0.0, 0.0, 0.0, 0.0, 0.0, 0.0, 0.0, 0.0, 0.0, 0.0, 0.0, 0.0, 0.0, 0.0, 0.0, 0.0, 0.0, 0.0, 0.0, 0.0, 0.0, 0.0, 0.0, 0.0, 0.0, 0.0, 0.0, 0.0, 0.0, 0.0, 0.0, 0.0, 0.0, 0.02666666731238365, 0.03999999910593033, 0.0, 0.0, 0.0, 0.0, 0.0, 0.02666666731238365, 0.013333333656191826, 0.0, 0.11999999731779099, 0.0, 0.02666666731238365, 0.0, 0.03999999910593033, 0.0, 0.0, 0.0533333346247673, 0.0, 0.0533333346247673, 0.0, 0.07999999821186066, 0.0, 0.0, 0.13333334028720856, 0.0, 0.03999999910593033, 0.0, 0.0, 0.013333333656191826, 0.0, 0.0, 0.013333333656191826, 0.0, 0.0, 0.0, 0.0, 0.0, 0.02666666731238365, 0.0, 0.0, 0.0, 0.02666666731238365, 0.0, 0.0, 0.07999999821186066, 0.0, 0.0, 0.0, 0.0, 0.0, 0.0, 0.0, 0.0, 0.0, 0.0, 0.0, 0.0533333346247673, 0.0, 0.0, 0.0, 0.03999999910593033, 0.0, 0.0, 0.0, 0.0, 0.09333333373069763, 0.0, 0.0, 0.0, 0.0, 0.0, 0.0, 0.0, 0.0, 0.0, 0.0, 0.0, 0.0, 0.0, 0.0, 0.0, 0.0, 0.0, 0.0, 0.0, 0.0, 0.0, 0.0, 0.0, 0.0, 0.0, 0.0, 0.0, 0.0, 0.0, 0.0, 0.0, 0.0, 0.0, 0.0, 0.0, 0.0, 0.0, 0.0, 0.0, 0.0, 0.0, 0.0, 0.0, 0.0, 0.0, 0.0, 0.0, 0.0, 0.0, 0.0, 0.0, 0.0, 0.0, 0.0, 0.0, 0.0, 0.0, 0.0, 0.0, 0.0, 0.0, 0.0, 0.0, 0.0, 0.0, 0.0, 0.0, 0.0, 0.0, 0.0, 0.0, 0.0, 0.0, 0.0, 0.0, 0.0, 0.0, 0.0, 0.0, 0.0, 0.0, 0.0, 0.0, 0.0, 0.0, 0.0, 0.0, 0.0, 0.0, 0.0, 0.0, 0.0], "tonal.chords_histogram": [25.231481552124023, 42.70833206176758, 19.328702926635742, 0.0, 0.0, 0.0, 0.0, 0.0, 0.0, 0.0, 0.0, 0.0, 0.0, 0.0, 0.0, 0.0, 0.0, 0.0, 2.0833332538604736, 10.648148536682129, 0.0, 0.0, 0.0, 0.0], "tonal.thpcp": [1.0, 0.5586501955986023, 0.026220273226499557, 0.0178481824696064, 0.01783011294901371, 0.023646539077162743, 0.031941838562488556, 0.03550415113568306, 0.03466813638806343, 0.044740404933691025, 0.0970187857747078, 0.18621335923671722, 0.15780651569366455, 0.06071395054459572, 0.05515211075544357, 0.0550604946911335, 0.025091616436839104, 0.009463917464017868, 0.012478258460760117, 0.015615839511156082, 0.03951945900917053, 0.05268052965402603, 0.026514260098338127, 0.009572848677635193, 0.010670121759176254, 0.012733524665236473, 0.11939103156328201, 0.2740117013454437, 0.17443925142288208, 0.020973065868020058, 0.0201089009642601, 0.02530696801841259, 0.03941759839653969, 0.050539445132017136, 0.04541322961449623, 0.4804060757160187], "lowlevel.gfcc.cov": [[5394.04833984375, -696.876953125, -80.48003387451172, 291.22467041015625, -184.73153686523438, 420.63751220703125, -230.76271057128906, 272.51556396484375, 110.0799331665039, 150.13238525390625, -53.187435150146484, 102.84373474121094, -361.0068359375], [-696.876953125, 1853.1927490234375, -274.9787292480469, -486.9766540527344, 424.36651611328125, -147.71017456054688, 118.9576187133789, -157.92628479003906, 226.87213134765625, -176.09481811523438, 10.441174507141113, -29.812213897705078, 38.27753448486328], [-80.48003387451172, -274.9787292480469, 489.3335876464844, 156.51075744628906, -18.420013427734375, 109.08100891113281, 12.146270751953125, 52.63129425048828, -78.0931167602539, 23.75311279296875, 0.93577641248703, -7.023130893707275, 3.9250404834747314], [291.22467041015625, -486.9766540527344, 156.51075744628906, 461.2010498046875, -1.9832721948623657, 34.149871826171875, -85.35704040527344, 21.957361221313477, 1.7032121419906616, 67.6686019897461, 15.319832801818848, -32.80524444580078, 35.22130584716797], [-184.73153686523438, 424.36651611328125, -18.420013427734375, -1.9832721948623657, 325.17266845703125, 19.2420654296875, -64.57295989990234, -42.72957992553711, 91.92865753173828, -13.525202751159668, -4.741938591003418, -18.053295135498047, -16.263057708740234], [420.63751220703125, -147.71017456054688, 109.08100891113281, 34.149871826171875, 19.2420654296875, 212.92250061035156, 14.763879776000977, 57.64766311645508, -3.3399887084960938, 41.02324295043945, 3.4383575916290283, 7.239395618438721, -85.54855346679688], [-230.76271057128906, 118.9576187133789, 12.146270751953125, -85.35704040527344, -64.57295989990234, 14.763879776000977, 224.31114196777344, 21.317808151245117, -51.99177551269531, -18.174272537231445, 8.017078399658203, 20.17295265197754, -8.811796188354492], [272.51556396484375, -157.92628479003906, 52.63129425048828, 21.957361221313477, -42.72957992553711, 57.64766311645508, 21.317808151245117, 133.18075561523438, 2.0029094219207764, 7.13453483581543, 5.706456184387207, 21.002338409423828, -32.732852935791016], [110.0799331665039, 226.87213134765625, -78.0931167602539, 1.7032121419906616, 91.92865753173828, -3.3399887084960938, -51.99177551269531, 2.0029094219207764, 145.32652282714844, 16.613889694213867, -9.092958450317383, -6.8713836669921875, -13.926924705505371], [150.13238525390625, -176.09481811523438, 23.75311279296875, 67.6686019897461, -13.525202751159668, 41.02324295043945, -18.174272537231445, 7.13453483581543, 16.613889694213867, 115.96629333496094, 5.261270523071289, -19.15021324157715, -35.37785720825195], [-53.187435150146484, 10.441174507141113, 0.93577641248703, 15.319832801818848, -4.741938591003418, 3.4383575916290283, 8.017078399658203, 5.706456184387207, -9.092958450317383, 5.261270523071289, 71.95044708251953, 5.698752403259277, -8.959802627563477], [102.84373474121094, -29.812213897705078, -7.023130893707275, -32.80524444580078, -18.053295135498047, 7.239395618438721, 20.17295265197754, 21.002338409423828, -6.8713836669921875, -19.15021324157715, 5.698752403259277, 84.05714416503906, -9.863494873046875], [-361.0068359375, 38.27753448486328, 3.9250404834747314, 35.22130584716797, -16.263057708740234, -85.54855346679688, -8.811796188354492, -32.732852935791016, -13.926924705505371, -35.37785720825195, -8.959802627563477, -9.863494873046875, 143.1887969970703]], "lowlevel.gfcc.icov": [[0.0004084657412022352, -0.000530033023096621, 0.00037052115658298135, -0.0007663979777134955, 0.000897156773135066, -0.000749265484046191, 0.0009520823950879276, -0.0007204994326457381, 0.0006380630657076836, -0.0003870700893457979, 0.0008587329066358507, -0.0007396226865239441, 0.0008672141702845693], [-0.000530033023096621, 0.00407715979963541, -0.000914432224817574, 0.0038038769271224737, -0.004314885940402746, 0.001940178102813661, -0.004178796894848347, 0.0032068691216409206, -0.005943565163761377, 0.003738885745406151, -0.0034398611169308424, 0.0029919082298874855, -0.0018552825786173344], [0.00037052115658298135, -0.000914432224817574, 0.003388320794329047, -0.0018697561463341117, 0.00080427824286744, -0.0022191612515598536, 0.0011664503253996372, -0.0017607971094548702, 0.0030383903067559004, -0.0008964391890913248, 0.0014494967181235552, -0.000743490585591644, 9.393582149641588e-05], [-0.0007663979777134955, 0.0038038769271224737, -0.0018697561463341117, 0.006865146104246378, -0.004257237073034048, 0.001952988444827497, -0.0031492894049733877, 0.002694366965442896, -0.0055189188569784164, 0.001790691982023418, -0.0043573398143053055, 0.003639994654804468, -0.0035973764024674892], [0.000897156773135066, -0.004314885940402746, 0.00080427824286744, -0.004257237073034048, 0.009338642470538616, -0.003435001242905855, 0.005440349690616131, -0.0018071390222758055, 0.0031781017314642668, -0.0022691201884299517, 0.003692585276439786, -0.0029128023888915777, 0.0031494954600930214], [-0.000749265484046191, 0.001940178102813661, -0.0022191612515598536, 0.001952988444827497, -0.003435001242905855, 0.009645294398069382, -0.0030474720988422632, -1.862224962678738e-05, -0.0022240562830120325, 0.0002778684429358691, -0.0017222737660631537, 0.0016066241078078747, 0.002208651974797249], [0.0009520823950879276, -0.004178796894848347, 0.0011664503253996372, -0.0031492894049733877, 0.005440349690616131, -0.0030474720988422632, 0.010317960754036903, -0.004272757563740015, 0.007377166301012039, -0.0034720932599157095, 0.003467123955488205, -0.0038830700796097517, 0.002524682553485036], [-0.0007204994326457381, 0.0032068691216409206, -0.0017607971094548702, 0.002694366965442896, -0.0018071390222758055, -1.862224962678738e-05, -0.004272757563740015, 0.01289144903421402, -0.0066978964023292065, 0.003987735137343407, -0.0035002746153622866, 0.0008636194979771972, -0.0006463545141741633], [0.0006380630657076836, -0.005943565163761377, 0.0030383903067559004, -0.0055189188569784164, 0.0031781017314642668, -0.0022240562830120325, 0.007377166301012039, -0.0066978964023292065, 0.019328147172927856, -0.007502402178943157, 0.006140048615634441, -0.004258455242961645, 0.002543960465118289], [-0.0003870700893457979, 0.003738885745406151, -0.0008964391890913248, 0.001790691982023418, -0.0022691201884299517, 0.0002778684429358691, -0.0034720932599157095, 0.003987735137343407, -0.007502402178943157, 0.01527593657374382, -0.003581391414627433, 0.0050210305489599705, 0.0013812644174322486], [0.0008587329066358507, -0.0034398611169308424, 0.0014494967181235552, -0.0043573398143053055, 0.003692585276439786, -0.0017222737660631537, 0.003467123955488205, -0.0035002746153622866, 0.006140048615634441, -0.003581391414627433, 0.017945503816008568, -0.003988398239016533, 0.0034807941410690546], [-0.0007396226865239441, 0.0029919082298874855, -0.000743490585591644, 0.003639994654804468, -0.0029128023888915777, 0.0016066241078078747, -0.0038830700796097517, 0.0008636194979771972, -0.004258455242961645, 0.0050210305489599705, -0.003988398239016533, 0.016090895980596542, -0.0012667912524193525], [0.0008672141702845693, -0.0018552825786173344, 9.393582149641588e-05, -0.0035973764024674892, 0.0031494954600930214, 0.002208651974797249, 0.002524682553485036, -0.0006463545141741633, 0.002543960465118289, 0.0013812644174322486, 0.0034807941410690546, -0.0012667912524193525, 0.012952596880495548]], "lowlevel.mfcc.cov": [[5295.36865234375, -882.624267578125, 203.8428192138672, -140.47317504882812, 168.07359313964844, 47.10206604003906, -198.42617797851562, 130.63735961914062, -34.275543212890625, 62.29835891723633, 237.7404327392578, 291.8821105957031, -206.8212890625], [-882.624267578125, 2105.155029296875, -538.1796264648438, -201.59518432617188, 49.256378173828125, 63.81254577636719, -153.17385864257812, 150.146240234375, 8.964455604553223, -85.84761810302734, 24.990026473999023, 7.550273895263672, 40.15650177001953], [203.8428192138672, -538.1796264648438, 552.9891967773438, 67.52668762207031, 6.531533241271973, 0.6450781226158142, 144.6156768798828, -10.389289855957031, 30.689327239990234, 29.411800384521484, -27.164501190185547, 2.5771751403808594, 29.24370765686035], [-140.47317504882812, -201.59518432617188, 67.52668762207031, 296.66766357421875, 91.8532943725586, 25.772493362426758, 2.6303889751434326, -53.3238525390625, 18.69923210144043, 41.43162155151367, -45.89236831665039, -35.908660888671875, 31.083545684814453], [168.07359313964844, 49.256378173828125, 6.531533241271973, 91.8532943725586, 392.2169494628906, 76.20111083984375, -91.54703521728516, -30.959474563598633, -2.8391101360321045, 56.72643280029297, 14.91209888458252, -9.150327682495117, -47.9347038269043], [47.10206604003906, 63.81254577636719, 0.6450781226158142, 25.772493362426758, 76.20111083984375, 172.6334991455078, 11.2103271484375, -11.558037757873535, -3.9477522373199463, 34.939964294433594, 31.18890380859375, 37.351680755615234, -23.98430061340332], [-198.42617797851562, -153.17385864257812, 144.6156768798828, 2.6303889751434326, -91.54703521728516, 11.2103271484375, 231.37440490722656, 29.874820709228516, 7.202703475952148, 8.633771896362305, -6.093404293060303, 13.53931999206543, 36.2818603515625], [130.63735961914062, 150.146240234375, -10.389289855957031, -53.3238525390625, -30.959474563598633, -11.558037757873535, 29.874820709228516, 171.81094360351562, 6.451718807220459, -23.178102493286133, 18.393369674682617, 32.69638442993164, 16.57900047302246], [-34.275543212890625, 8.964455604553223, 30.689327239990234, 18.69923210144043, -2.8391101360321045, -3.9477522373199463, 7.202703475952148, 6.451718807220459, 115.16490936279297, 10.552720069885254, -26.137069702148438, -4.712149143218994, 5.051328659057617], [62.29835891723633, -85.84761810302734, 29.411800384521484, 41.43162155151367, 56.72643280029297, 34.939964294433594, 8.633771896362305, -23.178102493286133, 10.552720069885254, 121.03926086425781, 43.425113677978516, 9.462953567504883, -31.595117568969727], [237.7404327392578, 24.990026473999023, -27.164501190185547, -45.89236831665039, 14.91209888458252, 31.18890380859375, -6.093404293060303, 18.393369674682617, -26.137069702148438, 43.425113677978516, 141.59884643554688, 56.34682846069336, -34.22941970825195], [291.8821105957031, 7.550273895263672, 2.5771751403808594, -35.908660888671875, -9.150327682495117, 37.351680755615234, 13.53931999206543, 32.69638442993164, -4.712149143218994, 9.462953567504883, 56.34682846069336, 117.66259002685547, 5.327909469604492], [-206.8212890625, 40.15650177001953, 29.24370765686035, 31.083545684814453, -47.9347038269043, -23.98430061340332, 36.2818603515625, 16.57900047302246, 5.051328659057617, -31.595117568969727, -34.22941970825195, 5.327909469604492, 123.8035659790039]], "lowlevel.mfcc.icov": [[0.00030509792850352824, 0.00016417363076470792, -0.00010553338506724685, 8.634539699414745e-05, -8.368761336896569e-05, 3.5320554161444306e-05, 0.0004159393429290503, -0.0003194375312887132, -2.539596607675776e-06, 9.506154310656711e-05, -0.00014755483425687999, -0.0006692560855299234, 0.0003673739265650511], [0.00016417363076470792, 0.0008895067148841918, 0.0006451577646657825, 0.0005480129038915038, -0.00027765004779212177, -0.0005254389252513647, 0.00040309393079951406, -0.0007475554593838751, -0.0003244953404646367, 0.00026164212613366544, -0.0001552224566694349, 5.81291169510223e-05, -0.0004969617002643645], [-0.00010553338506724685, 0.0006451577646657825, 0.002983360318467021, 0.00011898148659383878, -0.0005578896380029619, -0.00010740295692812651, -0.001584188430570066, -0.00010022596688941121, -0.0006739380187354982, -0.00015820823318790644, 0.00032614654628559947, 0.00025857737637124956, -0.000813096237834543], [8.634539699414745e-05, 0.0005480129038915038, 0.00011898148659383878, 0.00501538161188364, -0.0010707186302170157, -0.0009003335726447403, 0.0002551363140810281, 0.000414516543969512, -0.0004099411889910698, -0.0016041630879044533, 0.0011815645266324282, 0.000980681274086237, -0.0021482801530510187], [-8.368761336896569e-05, -0.00027765004779212177, -0.0005578896380029619, -0.0010707186302170157, 0.0037370852660387754, -0.0012435322860255837, 0.0015246205730363727, -7.037036994006485e-05, 0.00037988554686307907, -0.0010530714644119143, 0.00010923098307102919, 0.00044965435517951846, 0.0008461092365905643], [3.5320554161444306e-05, -0.0005254389252513647, -0.00010740295692812651, -0.0009003335726447403, -0.0012435322860255837, 0.007876966148614883, -0.0013136084889993072, 0.000991043634712696, 0.00032256139093078673, -0.0007596572977490723, -0.00020534255600068718, -0.0029497304931282997, 0.0016407635994255543], [0.0004159393429290503, 0.00040309393079951406, -0.001584188430570066, 0.0002551363140810281, 0.0015246205730363727, -0.0013136084889993072, 0.007016314659267664, -0.0016624528216198087, 0.0002356482727918774, -0.000996213755570352, 6.316584040177986e-05, -0.0006575224688276649, -0.0008415920892730355], [-0.0003194375312887132, -0.0007475554593838751, -0.00010022596688941121, 0.000414516543969512, -7.037036994006485e-05, 0.000991043634712696, -0.0016624528216198087, 0.007681109476834536, -0.0006387469475157559, 0.0010772007517516613, -0.0006639333441853523, -0.0010619097156450152, -0.0005851233727298677], [-2.539596607675776e-06, -0.0003244953404646367, -0.0006739380187354982, -0.0004099411889910698, 0.00037988554686307907, 0.00032256139093078673, 0.0002356482727918774, -0.0006387469475157559, 0.0097022270783782, -0.0019262304995208979, 0.0025479739997535944, -0.0007021732744760811, 0.0004364214837551117], [9.506154310656711e-05, 0.00026164212613366544, -0.00015820823318790644, -0.0016041630879044533, -0.0010530714644119143, -0.0007596572977490723, -0.000996213755570352, 0.0010772007517516613, -0.0019262304995208979, 0.012231153436005116, -0.004316080827265978, 0.00014650991943199188, 0.0021072744857519865], [-0.00014755483425687999, -0.0001552224566694349, 0.00032614654628559947, 0.0011815645266324282, 0.00010923098307102919, -0.00020534255600068718, 6.316584040177986e-05, -0.0006639333441853523, 0.0025479739997535944, -0.004316080827265978, 0.01184456143528223, -0.004322292283177376, 0.0017584372544661164], [-0.0006692560855299234, 5.81291169510223e-05, 0.00025857737637124956, 0.000980681274086237, 0.00044965435517951846, -0.0029497304931282997, -0.0006575224688276649, -0.0010619097156450152, -0.0007021732744760811, 0.00014650991943199188, -0.004322292283177376, 0.013967614620923996, -0.003236731979995966], [0.0003673739265650511, -0.0004969617002643645, -0.000813096237834543, -0.0021482801530510187, 0.0008461092365905643, 0.0016407635994255543, -0.0008415920892730355, -0.0005851233727298677, 0.0004364214837551117, 0.0021072744857519865, 0.0017584372544661164, -0.003236731979995966, 0.011699561029672623]], "metadata.audio_properties.analysis.downmix": "mix", "metadata.audio_properties.codec": "mp3",