{"song_id": "1182257145547329617", "download": "https://cdn.discordapp.com/attachments/1135911532732108921/1182257145547329617/chirp.mp4?ex=658409c4&amp", "lyrics": "\u043b\u0438\u0448 \u0442\u0443\u043f\u043e\u0439 \u0437\u0432\u0435\u0440\u044c\n\u0438 \u043f\u0440\u0438\u0437\u043d\u0430\u0442\u044c \u044d\u0442\u043e \u043d\u0435 \u0431\u043e\u044e\u0441\u044c\n\u0443\u043b\u044b\u0431\u0430\u0439\u0441\u044f \u0441\u043a\u0432\u043e\u0437\u044c \u0441\u043b\u0435\u0437\u044b\n\u0442\u0430\u043a \u0443\u0447\u0438\u043b \u043d\u0430\u0448 \u043c\u0438\u0440\n\u0436\u0438\u0442\u044c \u0445\u043e\u0440\u043e\u0448\u043e \u043f\u043e\u0437\u0434\u043d\u043e\n\u043b\u044e\u0431\u043e\u0432\u044c \u043a\u0430\u043a \u043a\u0438\u0441\u043b\u044b\u0439 \u043a\u0435\u0444\u0438\u0440\n\u043a\u0442\u043e \u0442\u043e \u0437\u0430\u0434\u044b\u0445\u0430\u0435\u0442\u0441\u044f \u043a\u0442\u043e \u0442\u043e \u0443\u043c\u0438\u0440\u0430\u0435\u0442\n\u0441\u043d\u043e\u0432\u0430 \u043d\u0430\u0447\u0438\u043d\u0430\u0435\u0442\u0441\u044f \u043d\u0438\u043a\u0442\u043e \u043d\u0435 \u0437\u0430\u043c\u0435\u0447\u0430\u0435\u0442\n\u0432 \u043c\u043e\u0435\u0439 \u0434\u0443\u0448\u0435 \u0437\u043b\u043e\u0441\u0442\u044c \u0441\u043e\u0436\u0440\u0430\u043b\u0430 \u0432\u0441\u044e \u0440\u0430\u0434\u043e\u0441\u0442\u044c\n\u0438 \u0442\u0443\u043f\u043e \u0433\u043e\u0432\u043e\u0440\u044e \u043f\u0440\u0438\u0448\u043b\u043e\u0441\u044c \u0438 \u0447\u0443\u0441\u0442\u0432\u0443\u044e \u0441\u043a\u043e\u0440\u043e \u0441\u0442\u0430\u0440\u043e\u0441\u0442\u044c\n\u0434\u043e\u0448\u043b\u0438 \u043c\u044b \u0432\u0441\u0435 \u0434\u043e \u0440\u0443\u0447\u044c\u043a\u0438\n\u043d\u0430\u0447\u0430\u043b\u0438 \u043a\u0440\u0430\u0441\u0442\u044c \u0441\u0430\u043c\u0438 \u0432 \u0441\u0435\u0431\u044f\n\u0438 \u043d\u0430\u0434 \u0441\u0442\u0440\u0430\u043d\u043e\u0439 \u0447\u043e\u0440\u043d\u044b\u0435 \u0442\u0443\u0447\u044c\u043a\u0438\n\u043f\u043b\u044b\u0432\u0443\u0442 \u0432\u0440\u043e\u0434\u0435 \u0432\u0435\u0441\u043d\u0430", "style": ["Female Vocal</span><span>, punk</span><span>, Haunted house </span><span>, Techno"], "essentia_features": {"lowlevel.average_loudness": 0.9855377674102783, "lowlevel.barkbands_crest.mean": 17.048967361450195, "lowlevel.barkbands_crest.stdev": 6.270981311798096, "lowlevel.barkbands_flatness_db.mean": 0.18983551859855652, "lowlevel.barkbands_flatness_db.stdev": 0.06929375976324081, "lowlevel.barkbands_kurtosis.mean": 21.07316017150879, "lowlevel.barkbands_kurtosis.stdev": 41.373695373535156, "lowlevel.barkbands_skewness.mean": 3.156874179840088, "lowlevel.barkbands_skewness.stdev": 3.2433111667633057, "lowlevel.barkbands_spread.mean": 26.55402946472168, "lowlevel.barkbands_spread.stdev": 21.27490234375, "lowlevel.dissonance.mean": 0.48312339186668396, "lowlevel.dissonance.stdev": 0.018477076664566994, "lowlevel.dynamic_complexity": 1.8976328372955322, "lowlevel.erbbands_crest.mean": 8.655826568603516, "lowlevel.erbbands_crest.stdev": 4.553772926330566, "lowlevel.erbbands_flatness_db.mean": 0.13253885507583618, "lowlevel.erbbands_flatness_db.stdev": 0.04695754498243332, "lowlevel.erbbands_kurtosis.mean": 0.868984043598175, "lowlevel.erbbands_kurtosis.stdev": 3.2986598014831543, "lowlevel.erbbands_skewness.mean": -0.5380175709724426, "lowlevel.erbbands_skewness.stdev": 0.9532693028450012, "lowlevel.erbbands_spread.mean": 71.19208526611328, "lowlevel.erbbands_spread.stdev": 37.963096618652344, "lowlevel.hfc.mean": 43.56251525878906, "lowlevel.hfc.stdev": 29.36933708190918, "lowlevel.loudness_ebu128.integrated": -12.370706558227539, "lowlevel.loudness_ebu128.loudness_range": 0.6596889495849609, "lowlevel.loudness_ebu128.momentary.mean": -12.42276382446289, "lowlevel.loudness_ebu128.momentary.stdev": 0.6758723258972168, "lowlevel.loudness_ebu128.short_term.mean": -12.36861515045166, "lowlevel.loudness_ebu128.short_term.stdev": 0.202278733253479, "lowlevel.melbands_crest.mean": 20.094676971435547, "lowlevel.melbands_crest.stdev": 6.3673176765441895, "lowlevel.melbands_flatness_db.mean": 0.24994751811027527, "lowlevel.melbands_flatness_db.stdev": 0.10318943858146667, "lowlevel.melbands_kurtosis.mean": 101.98072052001953, "lowlevel.melbands_kurtosis.stdev": 128.97894287109375, "lowlevel.melbands_skewness.mean": 7.3896565437316895, "lowlevel.melbands_skewness.stdev": 5.1689372062683105, "lowlevel.melbands_spread.mean": 29.367694854736328, "lowlevel.melbands_spread.stdev": 46.25331115722656, "lowlevel.pitch_salience.mean": 0.32688236236572266, "lowlevel.pitch_salience.stdev": 0.21429651975631714, "lowlevel.silence_rate_20dB.mean": 1.0, "lowlevel.silence_rate_20dB.stdev": 0.0, "lowlevel.silence_rate_30dB.mean": 0.599227786064148, "lowlevel.silence_rate_30dB.stdev": 0.49005305767059326, "lowlevel.silence_rate_60dB.mean": 0.03861003741621971, "lowlevel.silence_rate_60dB.stdev": 0.19266486167907715, "lowlevel.spectral_centroid.mean": 2034.27587890625, "lowlevel.spectral_centroid.stdev": 1117.0831298828125, "lowlevel.spectral_complexity.mean": 15.23629379272461, "lowlevel.spectral_complexity.stdev": 10.797037124633789, "lowlevel.spectral_decrease.mean": -2.219604944286857e-08, "lowlevel.spectral_decrease.stdev": 1.7372673966065122e-08, "lowlevel.spectral_energy.mean": 0.08772433549165726, "lowlevel.spectral_energy.stdev": 0.06601282209157944, "lowlevel.spectral_energyband_high.mean": 0.003628501435741782, "lowlevel.spectral_energyband_high.stdev": 0.003413880243897438, "lowlevel.spectral_energyband_low.mean": 0.07404118031263351, "lowlevel.spectral_energyband_low.stdev": 0.06579968333244324, "lowlevel.spectral_energyband_middle_high.mean": 0.003941734787076712, "lowlevel.spectral_energyband_middle_high.stdev": 0.004081666469573975, "lowlevel.spectral_energyband_middle_low.mean": 0.006215032190084457, "lowlevel.spectral_energyband_middle_low.stdev": 0.016553161665797234, "lowlevel.spectral_entropy.mean": 8.0433988571167, "lowlevel.spectral_entropy.stdev": 0.3888348639011383, "lowlevel.spectral_flux.mean": 0.14437498152256012, "lowlevel.spectral_flux.stdev": 0.09695274382829666, "lowlevel.spectral_kurtosis.mean": 1.099887728691101, "lowlevel.spectral_kurtosis.stdev": 1.0852091312408447, "lowlevel.spectral_rms.mean": 0.008410253562033176, "lowlevel.spectral_rms.stdev": 0.003853871952742338, "lowlevel.spectral_rolloff.mean": 1958.475830078125, "lowlevel.spectral_rolloff.stdev": 3262.159912109375, "lowlevel.spectral_skewness.mean": 0.9380298256874084, "lowlevel.spectral_skewness.stdev": 0.34992891550064087, "lowlevel.spectral_spread.mean": 7099098.5, "lowlevel.spectral_spread.stdev": 1745882.125, "lowlevel.spectral_strongpeak.mean": 1.0476665496826172, "lowlevel.spectral_strongpeak.stdev": 1.1236858367919922, "lowlevel.zerocrossingrate.mean": 0.0896080955862999, "lowlevel.zerocrossingrate.stdev": 0.08533395826816559, "metadata.audio_properties.analysis.equal_loudness": 0.0, "metadata.audio_properties.analysis.length": 30.03628158569336, "metadata.audio_properties.analysis.sample_rate": 44100.0, "metadata.audio_properties.analysis.start_time": 0.0, "metadata.audio_properties.bit_rate": 124208.0, "metadata.audio_properties.length": 30.03733253479004, "metadata.audio_properties.lossless": 0.0, "metadata.audio_properties.number_channels": 1.0, "metadata.audio_properties.replay_gain": -11.201448440551758, "metadata.audio_properties.sample_rate": 48000.0, "rhythm.beats_count": 43.0, "rhythm.beats_loudness.mean": 0.11589224636554718, "rhythm.beats_loudness.stdev": 0.032035935670137405, "rhythm.bpm": 87.86681365966797, "rhythm.bpm_histogram_first_peak_bpm": 88.0, "rhythm.bpm_histogram_first_peak_weight": 0.05128210783004761, "rhythm.bpm_histogram_second_peak_bpm": 81.0, "rhythm.bpm_histogram_second_peak_spread": 0.3333333730697632, "rhythm.bpm_histogram_second_peak_weight": 0.0476190485060215, "rhythm.danceability": 2.7677104473114014, "rhythm.onset_rate": 4.59108829498291, "tonal.chords_changes_rate": 0.1358024626970291, "tonal.chords_number_rate": 0.020061727613210678, "tonal.chords_strength.mean": 0.4361326992511749, "tonal.chords_strength.stdev": 0.09286896139383316, "tonal.hpcp_crest.mean": 11.93415355682373, "tonal.hpcp_crest.stdev": 5.592077255249023, "tonal.hpcp_entropy.mean": 2.342942714691162, "tonal.hpcp_entropy.stdev": 0.8382237553596497, "tonal.key_edma.strength": 0.3238692879676819, "tonal.key_krumhansl.strength": 0.3133302628993988, "tonal.key_temperley.strength": 0.31031861901283264, "tonal.tuning_diatonic_strength": 0.4783876836299896, "tonal.tuning_equal_tempered_deviation": 0.2518094778060913, "tonal.tuning_frequency": 434.193115234375, "tonal.tuning_nontempered_energy_ratio": 0.9043929576873779, "lowlevel.barkbands.mean": [0.0017647144850343466, 0.06227957084774971, 0.009920066222548485, 0.000864344765432179, 0.004039729945361614, 0.00045634189154952765, 0.0001276948896702379, 0.0003493948606774211, 0.00034455282730050385, 0.0002982875448651612, 0.00022940049530006945, 0.0003438973508309573, 0.00023770902771502733, 0.0003040638694074005, 0.000545630871783942, 0.000570077623706311, 0.0004536632914096117, 0.0004912656731903553, 0.00032671575900167227, 0.0003736779617611319, 0.00037915908615104854, 0.0005166143528185785, 0.0006571432459168136, 0.0011055455543100834, 0.0005763842491433024, 0.00015282855019904673, 1.5870451534283347e-05], "lowlevel.barkbands.stdev": [0.002594290766865015, 0.058089256286621094, 0.014020116068422794, 0.0024266778491437435, 0.013304391875863075, 0.001150078373029828, 0.00042303220834583044, 0.0008704821229912341, 0.0011637212010100484, 0.0008528181351721287, 0.0010326217161491513, 0.0010473895817995071, 0.0006645701359957457, 0.0008643473265692592, 0.0013619513483718038, 0.0012095996644347906, 0.0009514057310298085, 0.0008499252726323903, 0.0005361653747968376, 0.00042144610779359937, 0.00039325535180978477, 0.0005939785623922944, 0.0008064268622547388, 0.001400844077579677, 0.0007850899128243327, 0.00017904846754390746, 2.6396523026051e-05], "lowlevel.erbbands.mean": [1.2311828136444092, 15.297072410583496, 20.155128479003906, 4.009929180145264, 12.189501762390137, 10.987728118896484, 6.5526838302612305, 2.8650336265563965, 1.6533812284469604, 3.121340751647949, 9.139406204223633, 7.410800933837891, 7.429717540740967, 11.775126457214355, 10.673051834106445, 13.651293754577637, 10.215428352355957, 14.95079517364502, 25.244638442993164, 29.048643112182617, 31.065523147583008, 28.050548553466797, 25.152423858642578, 22.917055130004883, 13.903319358825684, 17.580101013183594, 18.817729949951172, 12.676338195800781, 18.28789520263672, 20.651412963867188, 17.900630950927734, 20.790964126586914, 19.00904083251953, 9.480368614196777, 2.267446756362915, 0.7465938329696655, 0.26375535130500793, 0.06061602383852005, 0.0016273325309157372, 0.00015036507102195174], "lowlevel.erbbands.stdev": [1.3382986783981323, 14.663758277893066, 21.95145034790039, 6.526940822601318, 40.57652282714844, 39.378326416015625, 17.963712692260742, 7.8418779373168945, 5.047264575958252, 8.381064414978027, 22.56831932067871, 25.582870483398438, 20.80143928527832, 32.566532135009766, 43.73871612548828, 43.78953552246094, 26.157190322875977, 36.4091682434082, 65.67581939697266, 60.32168960571289, 64.25724029541016, 60.69154357910156, 44.544795989990234, 35.91069030761719, 18.03026580810547, 20.4315242767334, 19.181964874267578, 14.129337310791016, 21.256319046020508, 25.1174373626709, 21.932523727416992, 25.06289291381836, 26.515331268310547, 13.546407699584961, 3.0173232555389404, 0.9229593276977539, 0.31225693225860596, 0.08200852572917938, 0.0022792534437030554, 9.434971434529871e-05], "lowlevel.gfcc.mean": [20.92179298400879, 20.46661949157715, -89.77677917480469, 64.35992431640625, -41.12771987915039, 47.48309326171875, -29.068370819091797, 25.168333053588867, -13.645223617553711, 5.102553844451904, -9.972835540771484, 1.519731044769287, -7.81285285949707], "lowlevel.melbands.mean": [0.014641248621046543, 0.014131619594991207, 0.000985077815130353, 0.0009284474072046578, 0.00025755216483958066, 6.635083991568536e-05, 2.54346159636043e-05, 4.134692790103145e-05, 7.283563900273293e-05, 4.705458923126571e-05, 3.773766366066411e-05, 4.874108708463609e-05, 3.291635584901087e-05, 4.189613537164405e-05, 2.21286500163842e-05, 2.72319794021314e-05, 2.6682631869334728e-05, 3.848671622108668e-05, 3.914867920684628e-05, 3.9648908568779007e-05, 3.451299562584609e-05, 2.9073871701257303e-05, 2.5042876586667262e-05, 2.1093284885864705e-05, 1.88185294973664e-05, 1.0371560165367555e-05, 1.0070667485706508e-05, 1.1929360880458262e-05, 1.3120219591655768e-05, 8.54108566272771e-06, 6.75617775414139e-06, 1.0053264304588083e-05, 1.0853837920876686e-05, 1.1900081517524086e-05, 9.784776921151206e-06, 1.0799074516398832e-05, 1.3566920642915647e-05, 1.4280328286986332e-05, 1.1577393706829753e-05, 6.691774160572095e-06], "lowlevel.melbands.stdev": [0.014145353808999062, 0.013334772549569607, 0.0019349753856658936, 0.0031710045877844095, 0.0007886056555435061, 0.0001772037212504074, 7.810076931491494e-05, 9.966443030862138e-05, 0.00017673728871159256, 0.00017576773825567216, 0.00010917462350334972, 0.00013866691733710468, 0.00015090116357896477, 0.00013218782260082662, 7.514643220929429e-05, 7.91983402450569e-05, 7.559292862424627e-05, 0.000104306593129877, 9.624896483728662e-05, 8.676534343976527e-05, 7.649954204680398e-05, 6.931097595952451e-05, 5.084768054075539e-05, 3.3943400921998546e-05, 3.159919288009405e-05, 1.6238032912951894e-05, 1.3098809176881332e-05, 1.4887501492921729e-05, 1.4329402802104596e-05, 9.578161552781239e-06, 8.067310773185454e-06, 1.1925088074349333e-05, 1.3287263755046297e-05, 1.5231839824991766e-05, 1.2370061995170545e-05, 1.3705931451113429e-05, 1.6734311429900117e-05, 2.043248423433397e-05, 1.7457779904361814e-05, 9.803618922887836e-06], "lowlevel.melbands128.mean": [0.0015964865451678634, 0.007127921562641859, 0.020358169451355934, 0.028550902381539345, 0.015462426468729973, 0.0032660639844834805, 0.00040319436811842024, 0.0005403148825280368, 0.0014732141280546784, 0.001137617859058082, 0.00048364599933847785, 0.0003199177444912493, 0.0002350185386603698, 0.00012223479279782623, 6.198191840667278e-05, 3.891620508511551e-05, 2.3742119083181024e-05, 2.1868658222956583e-05, 2.8121379727963358e-05, 2.925306762335822e-05, 4.302125671529211e-05, 9.082962787942961e-05, 8.491742482874542e-05, 4.700810313806869e-05, 4.082934174221009e-05, 5.0238253606949e-05, 5.1325943786650896e-05, 2.0086485164938495e-05, 4.191486004856415e-05, 6.287676660576835e-05, 4.589945456245914e-05, 3.353561260155402e-05, 3.235970507375896e-05, 2.95101162919309e-05, 4.1927702113753185e-05, 4.950728907715529e-05, 3.677636050269939e-05, 1.9255297956988215e-05, 1.3844985005562194e-05, 1.9496363165671937e-05, 3.2868902053451166e-05, 3.512410694384016e-05, 2.3496688299928792e-05, 2.298650360899046e-05, 3.129899414489046e-05, 3.8001286156941205e-05, 5.475052603287622e-05, 3.300896059954539e-05, 3.7586749385809526e-05, 4.175441790721379e-05, 3.7942179915262386e-05, 3.811038550338708e-05, 4.3359232222428545e-05, 2.8218011721037328e-05, 2.555499304435216e-05, 3.4083153877872974e-05, 2.7830985345644876e-05, 2.103234874084592e-05, 3.0465527743217535e-05, 1.974302540475037e-05, 1.8341337636229582e-05, 2.4113114704960026e-05, 2.1093977920827456e-05, 1.82641924766358e-05, 1.328417693002848e-05, 9.952949767466635e-06, 8.314980732393451e-06, 9.172338650387246e-06, 1.0458163160365075e-05, 1.1519668078108225e-05, 1.1682594958983827e-05, 1.1669927516777534e-05, 1.4335154446598608e-05, 1.4891797945892904e-05, 9.600105840945616e-06, 9.23931656870991e-06, 7.986165655893274e-06, 6.067273716325872e-06, 6.592762019863585e-06, 6.723098977090558e-06, 1.0017444765253458e-05, 1.1684410310408566e-05, 1.0282342373102438e-05, 1.0958016900985967e-05, 1.0602750990074128e-05, 1.2499321201175917e-05, 1.2601860362337902e-05, 1.04487880889792e-05, 8.596625775680877e-06, 1.0188880878558848e-05, 1.0731798283813987e-05, 1.0183240192418452e-05, 1.2213321497256402e-05, 1.3824505003867671e-05, 1.3812797078571748e-05, 1.6440268154838122e-05, 1.422335935785668e-05, 1.1053253729187418e-05, 1.2920168046548497e-05, 1.1590518624871038e-05, 8.134340532706119e-06, 6.1775444919476286e-06, 4.39772065874422e-06, 3.0231367418309674e-06, 1.7376182768202852e-06, 1.752009779920627e-06, 2.0450370357139036e-06, 1.6789820165286073e-06, 1.1165579962835182e-06, 8.8310804358116e-07, 8.299115279442049e-07, 8.540749263374892e-07, 8.29507996513712e-07, 8.993490041575569e-07, 6.506563750008354e-07, 6.478468321802211e-07, 5.393443416323862e-07, 1.7190187406868063e-07, 2.7979638606012713e-09, 1.9721443228482016e-11, 1.870705847173415e-11, 1.7859269618725193e-11, 1.7245848846214606e-11, 1.6603477273613443e-11, 1.532269103265982e-11, 1.3596590867082092e-11, 1.2703420780579844e-11, 1.251954095948804e-11], "lowlevel.melbands128.stdev": [0.002402470214292407, 0.010175637900829315, 0.022763269022107124, 0.0271501112729311, 0.0159147996455431, 0.004883848130702972, 0.0010455105220898986, 0.0016491790302097797, 0.0050133392214775085, 0.004139120224863291, 0.001985351787880063, 0.0011097542010247707, 0.0006120420293882489, 0.00033600511960685253, 0.00019123638048768044, 0.00012449965288396925, 8.68330171215348e-05, 8.310766861541197e-05, 0.00010981709056068212, 0.00012524181511253119, 0.0001295481197303161, 0.0002700626209843904, 0.00025415801792405546, 0.00018780223035719246, 0.00021825451403856277, 0.0002525660383980721, 0.0002744501398410648, 6.84554033796303e-05, 0.0001622344134375453, 0.00022926510428078473, 0.00017242025933228433, 0.0001776737190084532, 0.00023226338089443743, 0.00021692513837479055, 0.00014222007303033024, 0.00020678249711636454, 0.00017811795987654477, 0.00010384128836449236, 6.681559898424894e-05, 7.50875478843227e-05, 0.00013399704766925424, 0.00010697318793972954, 0.00010124821710633114, 0.00011383934179320931, 0.00013030384434387088, 0.00014352846483234316, 0.00023604613670613617, 0.00012157238234067336, 0.00013497838517650962, 0.00012599120964296162, 0.0001288409112021327, 0.00011602188169490546, 0.0001453058939659968, 7.357024878729135e-05, 7.268551416927949e-05, 0.00010802149336086586, 9.881592995952815e-05, 4.416532829054631e-05, 9.098480950342491e-05, 4.884653026238084e-05, 4.014276419184171e-05, 4.665198139264248e-05, 4.1928778955480084e-05, 4.055240788147785e-05, 2.948020483017899e-05, 1.8379658285994083e-05, 1.2004981726931874e-05, 1.346366752841277e-05, 1.744412111293059e-05, 1.6557170965825208e-05, 2.0852703528362326e-05, 1.6539954231120646e-05, 1.8624043150339276e-05, 1.9473227439448237e-05, 1.182561300083762e-05, 1.1824777175206691e-05, 1.0638163075782359e-05, 8.654375960759353e-06, 8.741140845813788e-06, 9.308248081651982e-06, 1.2616583262570202e-05, 1.5703641111031175e-05, 1.387832708132919e-05, 1.4975062185840216e-05, 1.4210046174412128e-05, 1.69658142112894e-05, 1.863667057477869e-05, 1.4668094081571326e-05, 1.187942052638391e-05, 1.445410725864349e-05, 1.626885205041617e-05, 1.395155686623184e-05, 1.6090189092210494e-05, 2.0157842300250195e-05, 1.7705566278891638e-05, 2.470854451530613e-05, 2.3339118342846632e-05, 2.0171601136098616e-05, 2.0454863260965794e-05, 1.810730100260116e-05, 1.3482100257533602e-05, 9.074004083231557e-06, 7.497265414713183e-06, 5.6993776524905115e-06, 2.7209173367737094e-06, 2.5638028091634624e-06, 2.8240074243512936e-06, 2.384465915383771e-06, 1.6283395325444872e-06, 1.3055812360107666e-06, 1.3183954479245585e-06, 1.2515124581113923e-06, 1.0698603318815003e-06, 1.1548537486305577e-06, 9.190534342451429e-07, 9.681817800810677e-07, 8.551141945645213e-07, 3.8116635892038175e-07, 5.326581131726016e-08, 1.1716128067718046e-10, 1.1275843453395495e-10, 1.0788638038494724e-10, 1.0309899461935501e-10, 9.457883087815588e-11, 6.790649986765374e-11, 2.97440405638838e-11, 1.7713802646923682e-11, 1.739973096159808e-11], "lowlevel.mfcc.mean": [-625.743896484375, 44.87009048461914, 25.176015853881836, 25.51177215576172, 30.477869033813477, 20.646709442138672, 17.02032470703125, 18.68256950378418, 12.592401504516602, 12.274981498718262, 4.6578216552734375, 9.228487968444824, 2.7453455924987793], "lowlevel.spectral_contrast_coeffs.mean": [-0.6578674912452698, -0.7995545268058777, -0.7956964373588562, -0.787696897983551, -0.7907809019088745, -0.7755997180938721], "lowlevel.spectral_contrast_coeffs.stdev": [0.09164495021104813, 0.08147937804460526, 0.078052818775177, 0.07150660455226898, 0.046078093349933624, 0.031979236751794815], "lowlevel.spectral_contrast_valleys.mean": [-7.16860818862915, -7.682526111602783, -7.828110694885254, -7.670191287994385, -7.179941654205322, -8.93923282623291], "lowlevel.spectral_contrast_valleys.stdev": [1.1541824340820312, 0.7085128426551819, 0.6223867535591125, 0.574910581111908, 0.643930971622467, 0.7198290228843689], "rhythm.beats_loudness_band_ratio.mean": [0.8688778281211853, 0.04854701831936836, 0.005811431910842657, 0.012243185192346573, 0.02078838460147381, 0.07969672232866287], "rhythm.beats_loudness_band_ratio.stdev": [0.0759398490190506, 0.04689875245094299, 0.005612577777355909, 0.010845808312296867, 0.012487474828958511, 0.0696365237236023], "tonal.hpcp.mean": [0.04939209297299385, 0.038419026881456375, 0.03953903540968895, 0.03685563802719116, 0.032311536371707916, 0.037811752408742905, 0.0417637974023819, 0.038801465183496475, 0.03924951329827309, 0.046216703951358795, 0.04653942212462425, 0.0496475026011467, 0.07167951762676239, 0.08043669164180756, 0.076397605240345, 0.1174599677324295, 0.2218543142080307, 0.25572097301483154, 0.1725296676158905, 0.09041538089513779, 0.06503445655107498, 0.08007530122995377, 0.10441238433122635, 0.10790477693080902, 0.09962066262960434, 0.10962875932455063, 0.15215501189231873, 0.21865962445735931, 0.1857411116361618, 0.09905492514371872, 0.07826054841279984, 0.08134692162275314, 0.07368990033864975, 0.056596074253320694, 0.052238963544368744, 0.05735813081264496], "tonal.hpcp.stdev": [0.1554967612028122, 0.1313619315624237, 0.14130808413028717, 0.13778269290924072, 0.12215397506952286, 0.1459559053182602, 0.14461825788021088, 0.1279388964176178, 0.12833797931671143, 0.15627627074718475, 0.15494273602962494, 0.150476336479187, 0.2001761943101883, 0.2116117775440216, 0.19453778862953186, 0.24844588339328766, 0.3542798161506653, 0.37273886799812317, 0.3097044825553894, 0.21115528047084808, 0.18286582827568054, 0.20463813841342926, 0.2598470151424408, 0.24727465212345123, 0.22576852142810822, 0.22894124686717987, 0.27947497367858887, 0.3601251542568207, 0.31224846839904785, 0.21082089841365814, 0.18052668869495392, 0.19725370407104492, 0.19027471542358398, 0.1638007014989853, 0.15151403844356537, 0.17578819394111633], "rhythm.beats_position": [0.6965986490249634, 1.4164172410964966, 2.1594557762145996, 2.902494192123413, 3.5874829292297363, 4.2724714279174805, 4.945850372314453, 5.642448902130127, 6.315827369689941, 7.000816345214844, 7.685804843902588, 8.359183311462402, 9.044172286987305, 9.729161262512207, 10.402539253234863, 11.087528228759766, 11.772517204284668, 12.445895195007324, 13.130884170532227, 13.815873146057129, 14.500861167907715, 15.185850143432617, 15.85922908782959, 16.555828094482422, 17.229206085205078, 17.902584075927734, 18.587574005126953, 19.27256202697754, 19.957550048828125, 20.642539978027344, 21.31591796875, 22.000905990600586, 22.685895919799805, 23.35927391052246, 24.044261932373047, 24.729251861572266, 25.41423988342285, 26.099227905273438, 26.772607803344727, 27.457595825195312, 28.1425838470459, 28.815963745117188, 29.500951766967773], "rhythm.bpm_histogram": [0.0, 0.0, 0.0, 0.0, 0.0, 0.0, 0.0, 0.0, 0.0, 0.0, 0.0, 0.0, 0.0, 0.0, 0.0, 0.0, 0.0, 0.0, 0.0, 0.0, 0.0, 0.0, 0.0, 0.0, 0.0, 0.0, 0.0, 0.0, 0.0, 0.0, 0.0, 0.0, 0.0, 0.0, 0.0, 0.0, 0.0, 0.0, 0.0, 0.0, 0.0, 0.0, 0.0, 0.0, 0.0, 0.0, 0.0, 0.0, 0.0, 0.0, 0.0, 0.0, 0.0, 0.0, 0.0, 0.0, 0.0, 0.0, 0.0, 0.0, 0.0, 0.0, 0.0, 0.0, 0.0, 0.0, 0.0, 0.0, 0.0, 0.0, 0.0, 0.0, 0.0, 0.0, 0.0, 0.0, 0.0, 0.0, 0.0, 0.0, 0.0, 0.0476190485060215, 0.0, 0.02380952425301075, 0.0, 0.0, 0.0476190485060215, 0.0, 0.5952380895614624, 0.2857142984867096, 0.0, 0.0, 0.0, 0.0, 0.0, 0.0, 0.0, 0.0, 0.0, 0.0, 0.0, 0.0, 0.0, 0.0, 0.0, 0.0, 0.0, 0.0, 0.0, 0.0, 0.0, 0.0, 0.0, 0.0, 0.0, 0.0, 0.0, 0.0, 0.0, 0.0, 0.0, 0.0, 0.0, 0.0, 0.0, 0.0, 0.0, 0.0, 0.0, 0.0, 0.0, 0.0, 0.0, 0.0, 0.0, 0.0, 0.0, 0.0, 0.0, 0.0, 0.0, 0.0, 0.0, 0.0, 0.0, 0.0, 0.0, 0.0, 0.0, 0.0, 0.0, 0.0, 0.0, 0.0, 0.0, 0.0, 0.0, 0.0, 0.0, 0.0, 0.0, 0.0, 0.0, 0.0, 0.0, 0.0, 0.0, 0.0, 0.0, 0.0, 0.0, 0.0, 0.0, 0.0, 0.0, 0.0, 0.0, 0.0, 0.0, 0.0, 0.0, 0.0, 0.0, 0.0, 0.0, 0.0, 0.0, 0.0, 0.0, 0.0, 0.0, 0.0, 0.0, 0.0, 0.0, 0.0, 0.0, 0.0, 0.0, 0.0, 0.0, 0.0, 0.0, 0.0, 0.0, 0.0, 0.0, 0.0, 0.0, 0.0, 0.0, 0.0, 0.0, 0.0, 0.0, 0.0, 0.0, 0.0, 0.0, 0.0, 0.0, 0.0, 0.0, 0.0, 0.0, 0.0, 0.0, 0.0, 0.0, 0.0, 0.0, 0.0, 0.0, 0.0, 0.0, 0.0, 0.0, 0.0, 0.0, 0.0, 0.0, 0.0, 0.0, 0.0, 0.0, 0.0, 0.0, 0.0, 0.0, 0.0], "tonal.chords_histogram": [0.6172839403152466, 0.7716049551963806, 24.074073791503906, 0.0, 0.0, 2.0061728954315186, 0.0, 5.709876537322998, 15.895061492919922, 4.475308418273926, 15.740740776062012, 2.6234567165374756, 3.8580245971679688, 0.0, 0.0, 1.8518518209457397, 0.0, 14.969136238098145, 0.0, 2.314814805984497, 1.080246925354004, 0.0, 4.012345790863037, 0.0], "tonal.thpcp": [1.0, 0.6746793985366821, 0.35357046127319336, 0.2543180286884308, 0.31313544511795044, 0.40830591320991516, 0.4219629466533661, 0.3895678222179413, 0.4287046194076538, 0.5950040221214294, 0.8550711274147034, 0.7263429164886475, 0.3873555064201355, 0.30603882670402527, 0.31810814142227173, 0.28816527128219604, 0.22131964564323425, 0.20428110659122467, 0.22429966926574707, 0.1931483894586563, 0.15023808181285858, 0.15461787581443787, 0.14412441849708557, 0.1263546645641327, 0.14786332845687866, 0.16331784427165985, 0.1517336070537567, 0.15348570048809052, 0.18073098361492157, 0.18199297785758972, 0.19414716958999634, 0.28030362725257874, 0.31454867124557495, 0.2987537682056427, 0.45932865142822266, 0.8675640225410461], "lowlevel.gfcc.cov": [[3565.21630859375, 725.0966186523438, 679.6492309570312, 569.6199340820312, 384.52410888671875, 83.65003204345703, 133.4456024169922, -113.89818572998047, -196.5421142578125, -122.31718444824219, -331.6210021972656, -0.16195957362651825, -130.4427947998047], [725.0966186523438, 1724.8800048828125, 241.0790252685547, 360.156494140625, 313.75006103515625, -3.617140769958496, 151.04454040527344, -57.033199310302734, 117.93074035644531, -135.11868286132812, 62.24422836303711, -198.66989135742188, 40.871917724609375], [679.6492309570312, 241.0790252685547, 1187.8878173828125, 534.165283203125, 354.8440246582031, 306.8107604980469, 222.0469512939453, 16.080196380615234, -36.681915283203125, 54.299339294433594, -120.19384002685547, 89.34741973876953, -148.5966796875], [569.6199340820312, 360.156494140625, 534.165283203125, 683.5128173828125, 339.2147521972656, 166.12603759765625, 138.8071746826172, 56.94294738769531, 87.39203643798828, -46.43400192260742, -25.008615493774414, -9.171093940734863, -29.273639678955078], [384.52410888671875, 313.75006103515625, 354.8440246582031, 339.2147521972656, 537.2797241210938, 285.28759765625, 280.13604736328125, 148.2832489013672, 108.06842803955078, 21.407114028930664, -25.873109817504883, -3.366258144378662, -7.306992530822754], [83.65003204345703, -3.617140769958496, 306.8107604980469, 166.12603759765625, 285.28759765625, 441.1221923828125, 330.8391418457031, 116.95552825927734, 70.54000091552734, 83.0090103149414, 13.722589492797852, -31.207704544067383, -40.55868911743164], [133.4456024169922, 151.04454040527344, 222.0469512939453, 138.8071746826172, 280.13604736328125, 330.8391418457031, 421.0518798828125, 148.668701171875, 58.41494369506836, 62.33354187011719, 35.57978057861328, -27.65079116821289, -50.72275924682617], [-113.89818572998047, -57.033199310302734, 16.080196380615234, 56.94294738769531, 148.2832489013672, 116.95552825927734, 148.668701171875, 205.1195831298828, 119.62328338623047, 24.769418716430664, 35.869140625, 3.571000337600708, 11.210471153259277], [-196.5421142578125, 117.93074035644531, -36.681915283203125, 87.39203643798828, 108.06842803955078, 70.54000091552734, 58.41494369506836, 119.62328338623047, 205.069580078125, 30.511743545532227, 61.00165939331055, -38.30314636230469, 41.864200592041016], [-122.31718444824219, -135.11868286132812, 54.299339294433594, -46.43400192260742, 21.407114028930664, 83.0090103149414, 62.33354187011719, 24.769418716430664, 30.511743545532227, 129.71014404296875, 23.92127799987793, 11.943490982055664, -25.895349502563477], [-331.6210021972656, 62.24422836303711, -120.19384002685547, -25.008615493774414, -25.873109817504883, 13.722589492797852, 35.57978057861328, 35.869140625, 61.00165939331055, 23.92127799987793, 154.6757354736328, -10.572243690490723, 25.285982131958008], [-0.16195957362651825, -198.66989135742188, 89.34741973876953, -9.171093940734863, -3.366258144378662, -31.207704544067383, -27.65079116821289, 3.571000337600708, -38.30314636230469, 11.943490982055664, -10.572243690490723, 121.3045425415039, 1.0606545209884644], [-130.4427947998047, 40.871917724609375, -148.5966796875, -29.273639678955078, -7.306992530822754, -40.55868911743164, -50.72275924682617, 11.210471153259277, 41.864200592041016, -25.895349502563477, 25.285982131958008, 1.0606545209884644, 102.12317657470703]], "lowlevel.gfcc.icov": [[0.0005059090908616781, -0.00031710637267678976, 0.00021618146274704486, -0.00040970524423755705, -2.434527459627134e-06, -0.00016313967353198677, 3.211544390069321e-05, -0.00013924967788625509, 0.0005506317247636616, -0.00017695662972982973, 0.0010653015924617648, -0.0004589187738019973, 0.0004069026617798954], [-0.00031710637267678976, 0.001970453653484583, -0.00118912139441818, 0.0006569299730472267, -0.0013580431696027517, 0.0023382960353046656, -0.0017615851247683167, 0.0022873240523040295, -0.0015706033445894718, 0.0017591320211067796, -0.0020288717932999134, 0.003414183622226119, -0.0014733433490619063], [0.00021618146274704486, -0.00118912139441818, 0.0031343044247478247, -0.0019596880301833153, 0.0005987259792163968, -0.0025155998300760984, 0.0011764784576371312, -0.0006950171082280576, 0.0010794959962368011, -0.0016695696394890547, 0.0023298996966332197, -0.0040643117390573025, 0.0030547704081982374], [-0.00040970524423755705, 0.0006569299730472267, -0.0019596880301833153, 0.004014092031866312, -0.001781543716788292, 0.0009249690338037908, -0.0002485316654201597, 0.0012826350284740329, -0.0023151577915996313, 0.002804961521178484, -0.001976603642106056, 0.0017402151133865118, -0.00037977867759764194], [-2.434527459627134e-06, -0.0013580431696027517, 0.0005987259792163968, -0.001781543716788292, 0.005920039489865303, -0.0026400613132864237, -0.0005217310390435159, -0.002596478443592787, 4.387039734865539e-05, -0.0012231284053996205, 0.002743712393566966, -0.0029779640026390553, -0.0006746730650775135], [-0.00016313967353198677, 0.0023382960353046656, -0.0025155998300760984, 0.0009249690338037908, -0.0026400613132864237, 0.010006084106862545, -0.006427154876291752, 0.0028960779309272766, -0.0019142251694574952, -0.00012775276263710111, -0.0019295355305075645, 0.005969930440187454, -0.0030964843463152647], [3.211544390069321e-05, -0.0017615851247683167, 0.0011764784576371312, -0.0002485316654201597, -0.0005217310390435159, -0.006427154876291752, 0.009997759014368057, -0.005714064463973045, 0.0037606405094265938, -0.0017664172919467092, -0.0007574406336061656, -0.0017273564590141177, 0.003605670528486371], [-0.00013924967788625509, 0.0022873240523040295, -0.0006950171082280576, 0.0012826350284740329, -0.002596478443592787, 0.0028960779309272766, -0.005714064463973045, 0.0142451087012887, -0.008461620658636093, 0.0037558150943368673, -0.0013989746803417802, 0.0001460078201489523, -0.00040836320840753615], [0.0005506317247636616, -0.0015706033445894718, 0.0010794959962368011, -0.0023151577915996313, 4.387039734865539e-05, -0.0019142251694574952, 0.0037606405094265938, -0.008461620658636093, 0.01381063275039196, -0.005216474644839764, -0.0005329812411218882, 0.0019240407273173332, -0.0025936372112482786], [-0.00017695662972982973, 0.0017591320211067796, -0.0016695696394890547, 0.002804961521178484, -0.0012231284053996205, -0.00012775276263710111, -0.0017664172919467092, 0.0037558150943368673, -0.005216474644839764, 0.013705658726394176, -0.0030072322115302086, 0.00046319011016748846, 0.0023702955804765224], [0.0010653015924617648, -0.0020288717932999134, 0.0023298996966332197, -0.001976603642106056, 0.002743712393566966, -0.0019295355305075645, -0.0007574406336061656, -0.0013989746803417802, -0.0005329812411218882, -0.0030072322115302086, 0.012448764406144619, -0.00453139329329133, 0.0006243129610083997], [-0.0004589187738019973, 0.003414183622226119, -0.0040643117390573025, 0.0017402151133865118, -0.0029779640026390553, 0.005969930440187454, -0.0017273564590141177, 0.0001460078201489523, 0.0019240407273173332, 0.00046319011016748846, -0.00453139329329133, 0.018233025446534157, -0.005822383798658848], [0.0004069026617798954, -0.0014733433490619063, 0.0030547704081982374, -0.00037977867759764194, -0.0006746730650775135, -0.0030964843463152647, 0.003605670528486371, -0.00040836320840753615, -0.0025936372112482786, 0.0023702955804765224, 0.0006243129610083997, -0.005822383798658848, 0.01736535131931305]], "lowlevel.mfcc.cov": [[3258.438232421875, 488.44537353515625, 231.29661560058594, 569.7906494140625, 161.51321411132812, 254.1962890625, 67.51342010498047, 115.05889129638672, 41.699161529541016, -37.538902282714844, -140.25701904296875, -194.41697692871094, -74.77928161621094], [488.44537353515625, 1197.390869140625, 133.61883544921875, 264.53704833984375, 152.13267517089844, 121.66227722167969, 99.59972381591797, 35.93488693237305, 41.51491165161133, 64.38570404052734, -5.2854485511779785, -0.6738383173942566, -61.82927703857422], [231.29661560058594, 133.61883544921875, 767.1085205078125, 317.49981689453125, 139.95010375976562, 283.5096130371094, 110.2509994506836, 119.79991912841797, 43.62546157836914, -46.459564208984375, 74.65277862548828, 51.167388916015625, 56.30088806152344], [569.7906494140625, 264.53704833984375, 317.49981689453125, 554.3353881835938, 247.54168701171875, 159.67420959472656, 61.63054275512695, 149.62533569335938, 76.60253143310547, -20.97955322265625, 9.52444076538086, 21.060537338256836, 26.29175567626953], [161.51321411132812, 152.13267517089844, 139.95010375976562, 247.54168701171875, 332.7974853515625, 134.56039428710938, 59.580116271972656, 128.3561248779297, 138.96762084960938, 52.17649459838867, 19.452716827392578, 48.973854064941406, 33.34226608276367], [254.1962890625, 121.66227722167969, 283.5096130371094, 159.67420959472656, 134.56039428710938, 408.5056457519531, 246.67088317871094, 144.51602172851562, 130.1687774658203, 96.30174255371094, 88.82131958007812, 19.08408546447754, 63.79781723022461], [67.51342010498047, 99.59972381591797, 110.2509994506836, 61.63054275512695, 59.580116271972656, 246.67088317871094, 337.3764953613281, 177.3819580078125, 110.5959701538086, 115.51862335205078, 94.98297119140625, 52.413448333740234, 61.401527404785156], [115.05889129638672, 35.93488693237305, 119.79991912841797, 149.62533569335938, 128.3561248779297, 144.51602172851562, 177.3819580078125, 240.95394897460938, 143.79759216308594, 64.67363739013672, 59.91945266723633, 64.59674835205078, 67.96591186523438], [41.699161529541016, 41.51491165161133, 43.62546157836914, 76.60253143310547, 138.96762084960938, 130.1687774658203, 110.5959701538086, 143.79759216308594, 213.50381469726562, 110.35897827148438, 49.96574401855469, 43.390804290771484, 60.46567153930664], [-37.538902282714844, 64.38570404052734, -46.459564208984375, -20.97955322265625, 52.17649459838867, 96.30174255371094, 115.51862335205078, 64.67363739013672, 110.35897827148438, 181.74609375, 81.50328063964844, 33.28769302368164, 16.886037826538086], [-140.25701904296875, -5.2854485511779785, 74.65277862548828, 9.52444076538086, 19.452716827392578, 88.82131958007812, 94.98297119140625, 59.91945266723633, 49.96574401855469, 81.50328063964844, 137.7385711669922, 73.90606689453125, 32.11480712890625], [-194.41697692871094, -0.6738383173942566, 51.167388916015625, 21.060537338256836, 48.973854064941406, 19.08408546447754, 52.413448333740234, 64.59674835205078, 43.390804290771484, 33.28769302368164, 73.90606689453125, 139.2930908203125, 54.44535446166992], [-74.77928161621094, -61.82927703857422, 56.30088806152344, 26.29175567626953, 33.34226608276367, 63.79781723022461, 61.401527404785156, 67.96591186523438, 60.46567153930664, 16.886037826538086, 32.11480712890625, 54.44535446166992, 98.43994140625]], "lowlevel.mfcc.icov": [[0.00046561568160541356, -6.689700967399403e-05, 7.742102025076747e-05, -0.0004959733341820538, 0.00023805518867447972, -0.00032945163547992706, 0.00010322811431251466, -0.00022692966740578413, 2.743031654972583e-05, -0.0001128154035541229, 0.0004511305596679449, 0.00040217398782260716, 0.0002579379652161151], [-6.689700967399403e-05, 0.001117512583732605, -8.494760550092906e-05, -0.0005027275765314698, -0.0001452025317121297, 2.7280459107714705e-05, -0.0005741819622926414, 0.0006040995358489454, -0.00010253280197503045, -0.0005081449635326862, 0.0005877825897186995, -0.0005804809625260532, 0.001085934811271727], [7.742102025076747e-05, -8.494760550092906e-05, 0.0025934174191206694, -0.0009474853286519647, 0.00019059787155129015, -0.0020177343394607306, 0.0006507953512482345, -0.00028790193027816713, 0.0002169860090361908, 0.0017975528025999665, -0.0012107352958992124, -0.0004675110976677388, 2.315064011781942e-05], [-0.0004959733341820538, -0.0005027275765314698, -0.0009474853286519647, 0.0045248898677527905, -0.0024550026282668114, 0.00012137372686993331, 0.0006620609783567488, -0.001917240209877491, 0.0009395701345056295, 0.0009800815023481846, -0.0007676357636228204, 0.0005237473524175584, -0.00048000860260799527], [0.00023805518867447972, -0.0001452025317121297, 0.00019059787155129015, -0.0024550026282668114, 0.006801540032029152, -0.0016239214455708861, 0.0015020309947431087, -0.0008106380118988454, -0.002875707345083356, -0.0008182045421563089, 0.0021509667858481407, -0.0023710806854069233, 0.0015242412919178605], [-0.00032945163547992706, 2.7280459107714705e-05, -0.0020177343394607306, 0.00012137372686993331, -0.0016239214455708861, 0.00789389107376337, -0.004640359431505203, 0.001948010642081499, -0.0014591412618756294, -0.0006102017941884696, -0.0020375491585582495, 0.0031352087389677763, -0.002196379704400897], [0.00010322811431251466, -0.0005741819622926414, 0.0006507953512482345, 0.0006620609783567488, 0.0015020309947431087, -0.004640359431505203, 0.009448186494410038, -0.005999229848384857, 0.0024157764855772257, -0.0025077657774090767, -0.00037878830335102975, -0.0005347903934307396, -0.0007181948167271912], [-0.00022692966740578413, 0.0006040995358489454, -0.00028790193027816713, -0.001917240209877491, -0.0008106380118988454, 0.001948010642081499, -0.005999229848384857, 0.013067800551652908, -0.006041800137609243, 0.00211923336610198, -0.0005599056603386998, -0.0016653417842462659, -0.0009332374902442098], [2.743031654972583e-05, -0.00010253280197503045, 0.0002169860090361908, 0.0009395701345056295, -0.002875707345083356, -0.0014591412618756294, 0.0024157764855772257, -0.006041800137609243, 0.013899466954171658, -0.0064120846800506115, 0.0013118908973410726, 0.001113216858357191, -0.004315703175961971], [-0.0001128154035541229, -0.0005081449635326862, 0.0017975528025999665, 0.0009800815023481846, -0.0008182045421563089, -0.0006102017941884696, -0.0025077657774090767, 0.00211923336610198, -0.0064120846800506115, 0.014269809238612652, -0.006900426931679249, 0.0006501646712422371, 0.0024612657725811005], [0.0004511305596679449, 0.0005877825897186995, -0.0012107352958992124, -0.0007676357636228204, 0.0021509667858481407, -0.0020375491585582495, -0.00037