{"song_id": "1182276689309474876", "download": "https://cdn.discordapp.com/attachments/1135911532732108921/1182276689309474876/chirp.mp4?ex=65841bf8&amp", "lyrics": "In the gentle embrace of chillout melodies, time slows to a tranquil dance. Soft rhythms cradle the soul, weaving a tapestry of serenity. Each note is a whisper, carrying you to a realm where worries gently fade away. Close your eyes, let the soothing harmonies paint your imagination, and surrender to the calming breeze of sound. As melodies caress the air, find solace in the quiet echoes of peace. Feel the heartbeat of tranquility in every chord, creating a sanctuary where stress is but a distant memory. With each tune, rediscover the art of relaxation, as the music becomes a lullaby for your mind. Allow yourself to be carried away on a blissful journey through the melodies of serenity.", "style": ["Dance"], "essentia_features": {"lowlevel.average_loudness": 0.929482638835907, "lowlevel.barkbands_crest.mean": 17.03900909423828, "lowlevel.barkbands_crest.stdev": 4.271912574768066, "lowlevel.barkbands_flatness_db.mean": 0.34720703959465027, "lowlevel.barkbands_flatness_db.stdev": 0.10761643201112747, "lowlevel.barkbands_kurtosis.mean": 59.86335372924805, "lowlevel.barkbands_kurtosis.stdev": 57.61069107055664, "lowlevel.barkbands_skewness.mean": 5.031043529510498, "lowlevel.barkbands_skewness.stdev": 2.7156317234039307, "lowlevel.barkbands_spread.mean": 6.207617282867432, "lowlevel.barkbands_spread.stdev": 14.57325553894043, "lowlevel.dissonance.mean": 0.3974270224571228, "lowlevel.dissonance.stdev": 0.0612630732357502, "lowlevel.dynamic_complexity": 2.9553515911102295, "lowlevel.erbbands_crest.mean": 15.926556587219238, "lowlevel.erbbands_crest.stdev": 5.19172477722168, "lowlevel.erbbands_flatness_db.mean": 0.24306760728359222, "lowlevel.erbbands_flatness_db.stdev": 0.07559238374233246, "lowlevel.erbbands_kurtosis.mean": 9.453156471252441, "lowlevel.erbbands_kurtosis.stdev": 9.755494117736816, "lowlevel.erbbands_skewness.mean": 2.2722814083099365, "lowlevel.erbbands_skewness.stdev": 1.5150967836380005, "lowlevel.erbbands_spread.mean": 30.105588912963867, "lowlevel.erbbands_spread.stdev": 34.17535400390625, "lowlevel.hfc.mean": 10.150676727294922, "lowlevel.hfc.stdev": 9.95640754699707, "lowlevel.loudness_ebu128.integrated": -12.835151672363281, "lowlevel.loudness_ebu128.loudness_range": 2.7862720489501953, "lowlevel.loudness_ebu128.momentary.mean": -13.415724754333496, "lowlevel.loudness_ebu128.momentary.stdev": 2.4053144454956055, "lowlevel.loudness_ebu128.short_term.mean": -13.00034236907959, "lowlevel.loudness_ebu128.short_term.stdev": 1.2301723957061768, "lowlevel.melbands_crest.mean": 23.569412231445312, "lowlevel.melbands_crest.stdev": 5.867976665496826, "lowlevel.melbands_flatness_db.mean": 0.46336522698402405, "lowlevel.melbands_flatness_db.stdev": 0.12095900624990463, "lowlevel.melbands_kurtosis.mean": 93.88199615478516, "lowlevel.melbands_kurtosis.stdev": 109.22058868408203, "lowlevel.melbands_skewness.mean": 5.773161888122559, "lowlevel.melbands_skewness.stdev": 3.663159132003784, "lowlevel.melbands_spread.mean": 4.149381637573242, "lowlevel.melbands_spread.stdev": 12.989300727844238, "lowlevel.pitch_salience.mean": 0.30754613876342773, "lowlevel.pitch_salience.stdev": 0.14490604400634766, "lowlevel.silence_rate_20dB.mean": 1.0, "lowlevel.silence_rate_20dB.stdev": 0.0, "lowlevel.silence_rate_30dB.mean": 0.9808806777000427, "lowlevel.silence_rate_30dB.stdev": 0.13694581389427185, "lowlevel.silence_rate_60dB.mean": 0.017381228506565094, "lowlevel.silence_rate_60dB.stdev": 0.13068673014640808, "lowlevel.spectral_centroid.mean": 356.1783447265625, "lowlevel.spectral_centroid.stdev": 515.569091796875, "lowlevel.spectral_complexity.mean": 4.9837775230407715, "lowlevel.spectral_complexity.stdev": 2.6994621753692627, "lowlevel.spectral_decrease.mean": -1.044463093791137e-08, "lowlevel.spectral_decrease.stdev": 7.071383478773896e-09, "lowlevel.spectral_energy.mean": 0.04034112021327019, "lowlevel.spectral_energy.stdev": 0.02708250656723976, "lowlevel.spectral_energyband_high.mean": 0.00027017263346351683, "lowlevel.spectral_energyband_high.stdev": 0.0008806679979898036, "lowlevel.spectral_energyband_low.mean": 0.028302349150180817, "lowlevel.spectral_energyband_low.stdev": 0.02188630774617195, "lowlevel.spectral_energyband_middle_high.mean": 0.00045841882820241153, "lowlevel.spectral_energyband_middle_high.stdev": 0.0009380708797834814, "lowlevel.spectral_energyband_middle_low.mean": 0.017680995166301727, "lowlevel.spectral_energyband_middle_low.stdev": 0.020551536232233047, "lowlevel.spectral_entropy.mean": 5.82830810546875, "lowlevel.spectral_entropy.stdev": 0.9955623149871826, "lowlevel.spectral_flux.mean": 0.052563536912202835, "lowlevel.spectral_flux.stdev": 0.04446534439921379, "lowlevel.spectral_kurtosis.mean": 26.598691940307617, "lowlevel.spectral_kurtosis.stdev": 37.66130447387695, "lowlevel.spectral_rms.mean": 0.005903097800910473, "lowlevel.spectral_rms.stdev": 0.002123821759596467, "lowlevel.spectral_rolloff.mean": 501.4259033203125, "lowlevel.spectral_rolloff.stdev": 1658.2203369140625, "lowlevel.spectral_skewness.mean": 3.5268208980560303, "lowlevel.spectral_skewness.stdev": 2.216273307800293, "lowlevel.spectral_spread.mean": 4006428.75, "lowlevel.spectral_spread.stdev": 2974162.0, "lowlevel.spectral_strongpeak.mean": 0.9523455500602722, "lowlevel.spectral_strongpeak.stdev": 0.6417680382728577, "lowlevel.zerocrossingrate.mean": 0.022585412487387657, "lowlevel.zerocrossingrate.stdev": 0.04608120396733284, "metadata.audio_properties.analysis.equal_loudness": 0.0, "metadata.audio_properties.analysis.length": 40.04265213012695, "metadata.audio_properties.analysis.sample_rate": 44100.0, "metadata.audio_properties.analysis.start_time": 0.0, "metadata.audio_properties.bit_rate": 119320.0, "metadata.audio_properties.length": 40.042667388916016, "metadata.audio_properties.lossless": 0.0, "metadata.audio_properties.number_channels": 1.0, "metadata.audio_properties.replay_gain": -13.467508316040039, "metadata.audio_properties.sample_rate": 48000.0, "rhythm.beats_count": 74.0, "rhythm.beats_loudness.mean": 0.04402976855635643, "rhythm.beats_loudness.stdev": 0.025836177170276642, "rhythm.bpm": 88.57291412353516, "rhythm.bpm_histogram_first_peak_bpm": 88.0, "rhythm.bpm_histogram_first_peak_weight": 0.27272725105285645, "rhythm.bpm_histogram_second_peak_bpm": 172.0, "rhythm.bpm_histogram_second_peak_spread": 0.0, "rhythm.bpm_histogram_second_peak_weight": 0.09589041024446487, "rhythm.danceability": 1.0651838779449463, "rhythm.onset_rate": 3.22061824798584, "tonal.chords_changes_rate": 0.0381944440305233, "tonal.chords_number_rate": 0.010416666977107525, "tonal.chords_strength.mean": 0.5541827082633972, "tonal.chords_strength.stdev": 0.0940793827176094, "tonal.hpcp_crest.mean": 16.767433166503906, "tonal.hpcp_crest.stdev": 7.205837249755859, "tonal.hpcp_entropy.mean": 1.5548059940338135, "tonal.hpcp_entropy.stdev": 0.6942338943481445, "tonal.key_edma.strength": 0.5743306279182434, "tonal.key_krumhansl.strength": 0.5711705684661865, "tonal.key_temperley.strength": 0.5464756488800049, "tonal.tuning_diatonic_strength": 0.49269142746925354, "tonal.tuning_equal_tempered_deviation": 0.051570504903793335, "tonal.tuning_frequency": 438.47772216796875, "tonal.tuning_nontempered_energy_ratio": 0.6810348033905029, "lowlevel.barkbands.mean": [1.062257888406748e-05, 0.0025937240570783615, 0.019344313070178032, 0.009157784283161163, 0.0028722051065415144, 0.0030556286219507456, 0.0010894419392570853, 0.00119977246504277, 0.00027390752802602947, 6.392747309291735e-05, 8.090823394013569e-05, 7.849453686503693e-05, 0.0001002779754344374, 2.3811362552805804e-05, 1.7752907297108322e-05, 2.109529850713443e-05, 3.384886076673865e-05, 2.247905285912566e-05, 1.8585906218504533e-05, 1.9437613445916213e-05, 2.430053245916497e-05, 4.313189856475219e-05, 6.609605043195188e-05, 2.699450487853028e-05, 2.584084177215118e-05, 6.995221338002011e-05, 6.824971933383495e-06], "lowlevel.barkbands.stdev": [2.1634647055179812e-05, 0.005093742627650499, 0.0177537240087986, 0.01301820483058691, 0.0059601785615086555, 0.0063384538516402245, 0.00383968697860837, 0.004503490403294563, 0.001371408230625093, 0.0003009406791534275, 0.000510837126057595, 0.0003091474063694477, 0.0003388103796169162, 7.974632899276912e-05, 7.425288640661165e-05, 7.433070277329534e-05, 0.00011157341214129701, 5.9455636801430956e-05, 6.033997124177404e-05, 7.59222311899066e-05, 0.00010207337618339807, 0.00015787156007718295, 0.0002577294362708926, 9.317389049101621e-05, 9.470922668697312e-05, 0.00025768409250304103, 3.2273954275297e-05], "lowlevel.erbbands.mean": [0.015072439797222614, 1.147545337677002, 17.66200828552246, 31.37846565246582, 15.79008960723877, 8.986069679260254, 13.667839050292969, 27.451519012451172, 18.65620231628418, 24.37331199645996, 18.808313369750977, 7.931230068206787, 3.0487587451934814, 2.2477569580078125, 2.706303358078003, 3.9792840480804443, 5.045904159545898, 1.673222541809082, 1.121081829071045, 0.8144939541816711, 1.256250023841858, 1.817283272743225, 1.617612361907959, 0.6752157211303711, 1.1923668384552002, 0.8812025189399719, 0.8970472812652588, 0.9967017769813538, 1.4574999809265137, 1.956300973892212, 1.793578863143921, 0.8525041937828064, 0.3329268991947174, 0.18613848090171814, 0.2371930629014969, 0.26966890692710876, 0.13644836843013763, 0.02689039707183838, 0.0007307979976758361, 6.182080687722191e-05], "lowlevel.erbbands.stdev": [0.023827852681279182, 1.8121702671051025, 18.372751235961914, 30.72452735900879, 29.578441619873047, 17.470388412475586, 28.137813568115234, 61.35914993286133, 71.108154296875, 82.5406723022461, 93.3470687866211, 35.33346176147461, 14.158809661865234, 14.78593921661377, 10.034239768981934, 14.391585350036621, 16.688644409179688, 4.374569416046143, 4.991664886474609, 3.12471866607666, 3.722604990005493, 5.382570266723633, 4.234638690948486, 1.9209002256393433, 3.5542593002319336, 3.4496450424194336, 3.8004424571990967, 3.943326234817505, 5.201401233673096, 7.867466449737549, 6.963028430938721, 2.904576063156128, 1.2731785774230957, 0.8534496426582336, 0.8629436492919922, 1.0771753787994385, 0.4974313974380493, 0.09928255528211594, 0.002898434642702341, 6.881432636873797e-05], "lowlevel.gfcc.mean": [-127.2320327758789, 130.17538452148438, -41.22529983520508, 30.73148536682129, -31.590503692626953, 4.532878875732422, -37.44794845581055, -14.904733657836914, -30.32063102722168, -6.697543621063232, -13.685386657714844, -6.156583309173584, -33.41526794433594], "lowlevel.melbands.mean": [0.00036079369601793587, 0.006552251987159252, 0.004869956057518721, 0.0007560751982964575, 0.0004732409433927387, 0.0006171315908432007, 0.00026182510191574693, 0.00026777313905768096, 0.00013388598745223135, 4.280133725842461e-05, 1.3570584087574389e-05, 8.51903769216733e-06, 1.0101204679813236e-05, 8.809422070044093e-06, 1.2056831110385247e-05, 7.929937964945566e-06, 2.6554264422884444e-06, 1.7675274648354389e-06, 1.0854898846446304e-06, 1.2216024742883747e-06, 1.485359916841844e-06, 1.6585407820457476e-06, 2.4025978291319916e-06, 7.996677027222177e-07, 4.6893748617549136e-07, 7.935606731734879e-07, 9.2223507408562e-07, 4.837940537072427e-07, 4.846152705795248e-07, 6.476769272012461e-07, 5.571773726842366e-07, 7.82928395892668e-07, 9.38395942284842e-07, 1.1722141834979993e-06, 1.0940633501377306e-06, 7.988297738847905e-07, 4.0996627603817615e-07, 2.3532088277988805e-07, 1.7951171571439772e-07, 1.4114411328591814e-07], "lowlevel.melbands.stdev": [0.0007227198802866042, 0.006383614148944616, 0.004652250092476606, 0.0013978935312479734, 0.0008796852780506015, 0.0013532205484807491, 0.0009504685294814408, 0.0009241484804078937, 0.0007395798456855118, 0.00020974743529222906, 6.701393431285396e-05, 5.4986743634799495e-05, 5.019343370804563e-05, 3.215728065697476e-05, 3.9593371184309945e-05, 2.386262349318713e-05, 8.18346961750649e-06, 8.511092346452642e-06, 4.0224590520665515e-06, 5.23945573149831e-06, 4.597522092808504e-06, 4.890127911494346e-06, 8.213813998736441e-06, 1.7221319694726844e-06, 1.5040084235806717e-06, 2.8835095235990593e-06, 3.2429234124720097e-06, 2.044856046268251e-06, 2.0529478206299245e-06, 2.9272860047058202e-06, 2.2702508886141004e-06, 2.847730456778663e-06, 3.635419034253573e-06, 4.905500190943712e-06, 4.399468707561027e-06, 2.9217428618721897e-06, 1.3831745491188485e-06, 8.943545140027709e-07, 8.137527061080618e-07, 7.005406814641901e-07], "lowlevel.melbands128.mean": [4.90629417981836e-06, 7.472606284864014e-06, 6.0425587435020134e-05, 0.0018306121928617358, 0.007768380455672741, 0.009525693953037262, 0.007138093467801809, 0.0035496128257364035, 0.0012577958405017853, 0.000559432664886117, 0.00044731784146279097, 0.0004292356316000223, 0.000364917068509385, 0.0006833493825979531, 0.0006930858944542706, 0.0005644576158374548, 0.0004467106773518026, 0.00012434885138645768, 0.0001286444894503802, 0.0003496082208584994, 0.0002965554886031896, 0.00014137251127976924, 0.0001638987014302984, 4.783777694683522e-05, 4.913264274364337e-05, 4.285967588657513e-05, 1.2774216884281486e-05, 1.4909921446815133e-05, 8.249688107753173e-06, 5.748015155404573e-06, 7.119972906366456e-06, 1.6821697499835864e-05, 1.0174238013860304e-05, 6.946362191229127e-06, 4.718608579423744e-06, 1.0927122275461443e-05, 1.3215947546996176e-05, 5.6192993724835105e-06, 2.0634963220800273e-05, 1.1078176612500101e-05, 4.3550526243052445e-06, 3.2800244298414327e-06, 2.772496827674331e-06, 2.4958840185718145e-06, 1.303926751461404e-06, 1.9265992250439012e-06, 2.0601526102836942e-06, 7.592519182253454e-07, 8.215213824769307e-07, 1.1529792800502037e-06, 1.248513058271783e-06, 1.2468426575651392e-06, 1.7359294588459306e-06, 1.5138934941205662e-06, 1.1463757800811436e-06, 1.6377341580664506e-06, 1.584499841555953e-06, 3.6374419778439915e-06, 2.276865643580095e-06, 1.1844707614727668e-06, 7.131097845558543e-07, 4.537694451300922e-07, 4.764045513638848e-07, 4.3613286493382475e-07, 5.03593071243813e-07, 8.782823215369717e-07, 8.202482604247052e-07, 1.0845354836419574e-06, 9.511416578789067e-07, 7.770622119096515e-07, 4.087599734248215e-07, 3.702396043081535e-07, 4.285390673430811e-07, 4.6986369284240936e-07, 5.794942694592464e-07, 7.907439112386783e-07, 6.096390734455781e-07, 4.550594780994288e-07, 5.644446900987532e-07, 5.779166940556024e-07, 8.345739388460061e-07, 8.227251555581461e-07, 8.305524374918605e-07, 9.792227047000779e-07, 9.576300499247736e-07, 1.1375810800018371e-06, 1.2850485973103787e-06, 1.1846112784041907e-06, 1.0772405403258745e-06, 1.0481045364940655e-06, 9.290708931075642e-07, 7.364961902567302e-07, 5.750031846218917e-07, 3.9948227481545473e-07, 3.132364554403466e-07, 2.7105738809041213e-07, 2.0157325764103007e-07, 2.1133377003934584e-07, 1.8544648128226981e-07, 1.7040957800418255e-07, 1.3462741321745852e-07, 1.510803713244968e-07, 1.2402900040342502e-07, 1.512077858478733e-07, 2.605220572604594e-07, 3.604438347792893e-07, 4.020626533929317e-07, 2.8460800649554585e-07, 4.864032803197915e-07, 6.214974064278067e-07, 6.25257257524936e-07, 4.7174927431115066e-07, 4.093969607765757e-07, 4.0837647929947707e-07, 3.144938602872571e-07, 2.6519657581047795e-07, 2.2622714368480956e-07, 8.913057314430262e-08, 3.2500011570846254e-09, 4.4200684778950006e-12, 3.4164559202520817e-12, 3.273445967413857e-12, 3.1873119595016153e-12, 3.1248235336095442e-12, 3.0582222951963667e-12, 2.978887535948216e-12, 2.93164776309085e-12, 2.9119029236468474e-12], "lowlevel.melbands128.stdev": [9.909652362694032e-06, 1.705724025669042e-05, 0.00023364460503216833, 0.0035587770398706198, 0.0103496965020895, 0.007969356141984463, 0.007567426655441523, 0.005701318848878145, 0.003528255969285965, 0.0013830933021381497, 0.0011690715327858925, 0.0011863084509968758, 0.001096639083698392, 0.001772531890310347, 0.0018360280664637685, 0.0020130036864429712, 0.0021736668422818184, 0.0006250042351894081, 0.000677133968565613, 0.0013269333867356181, 0.001271636225283146, 0.0007708810735493898, 0.0012799357064068317, 0.0003752256161533296, 0.00025915581500157714, 0.00030304279061965644, 0.00010443774954183027, 0.00010481420758878812, 3.917651338269934e-05, 2.5662344341981225e-05, 8.957677346188575e-05, 0.00014319864567369223, 4.4045125832781196e-05, 3.222635859856382e-05, 1.7891268726089038e-05, 5.1610426453407854e-05, 7.277036638697609e-05, 2.7915000828215852e-05, 9.235184552380815e-05, 4.0311013435712084e-05, 1.629298276384361e-05, 1.3341613339434844e-05, 9.79226842900971e-06, 9.967649020836689e-06, 7.08000789018115e-06, 1.3466516065818723e-05, 1.23210993479006e-05, 3.913104592356831e-06, 4.440426891960669e-06, 6.9821253418922424e-06, 7.38291828383808e-06, 4.205719960737042e-06, 6.423980266845319e-06, 5.783210326626431e-06, 3.747094297068543e-06, 6.172303983476013e-06, 6.006462172081228e-06, 1.769594382494688e-05, 7.728850505372975e-06, 3.2327470762538724e-06, 1.7374579783790978e-06, 1.033129819916212e-06, 1.7170136743516196e-06, 1.720257273518655e-06, 2.0570994365698425e-06, 4.786648332810728e-06, 2.5053204808500595e-06, 3.6572014323610347e-06, 3.937987912649987e-06, 3.9738665691402275e-06, 1.773080157363438e-06, 1.643986706767464e-06, 2.0257928099454148e-06, 2.13191765396914e-06, 2.7255341592535842e-06, 4.342629836173728e-06, 2.4728005882934667e-06, 1.8596022073325003e-06, 2.7831745228468208e-06, 2.5130882477242267e-06, 3.414152615732746e-06, 3.226592980354326e-06, 3.1480001325689955e-06, 3.957140052079922e-06, 4.973476734448923e-06, 4.820104550162796e-06, 5.644978500640718e-06, 5.317982868291438e-06, 4.4559069465321954e-06, 4.4606372284761164e-06, 3.7550371416728012e-06, 2.8080262381990906e-06, 2.2090121092332993e-06, 1.3491722938852035e-06, 1.13378769128758e-06, 1.0607188869471429e-06, 8.638344297651201e-07, 9.921479886543239e-07, 8.318488653458189e-07, 9.435732977181033e-07, 7.03046964645182e-07, 8.417746926170366e-07, 6.630682491959305e-07, 6.455732091126265e-07, 1.0750532055681106e-06, 1.5109447986105806e-06, 1.6157368918356951e-06, 1.1126888921353384e-06, 2.5192737211909844e-06, 2.719270923989825e-06, 2.634598331496818e-06, 1.8245762021251721e-06, 1.5460745999007486e-06, 1.5624062825736473e-06, 1.233713305737183e-06, 1.0235842182737542e-06, 9.970583505491959e-07, 5.479202513924974e-07, 5.389690826973492e-08, 1.6404362243593873e-11, 6.1353535099617496e-12, 5.810462354316481e-12, 5.693951820456844e-12, 5.596510234406882e-12, 5.516392464349762e-12, 5.4504569260704905e-12, 5.40335918369772e-12, 5.374286952963825e-12], "lowlevel.mfcc.mean": [-801.5015869140625, 172.33509826660156, 47.54822540283203, 40.048431396484375, 21.53456687927246, 21.81575584411621, 0.7899468541145325, 3.628061056137085, -24.06140899658203, -4.4009552001953125, -1.3874131441116333, 1.5436277389526367, -4.8616623878479], "lowlevel.spectral_contrast_coeffs.mean": [-0.5306017994880676, -0.7045800685882568, -0.7922565340995789, -0.7945922017097473, -0.7984650731086731, -0.7690110802650452], "lowlevel.spectral_contrast_coeffs.stdev": [0.06846507638692856, 0.10291266441345215, 0.05938667804002762, 0.05357581004500389, 0.05758864805102348, 0.06650407612323761], "lowlevel.spectral_contrast_valleys.mean": [-7.4077887535095215, -8.177016258239746, -9.246213912963867, -9.559659004211426, -9.77835750579834, -12.444740295410156], "lowlevel.spectral_contrast_valleys.stdev": [0.959631621837616, 1.0981531143188477, 1.067862629890442, 1.0762685537338257, 1.3265637159347534, 1.7112447023391724], "rhythm.beats_loudness_band_ratio.mean": [0.8167898654937744, 0.10293519496917725, 0.06430719792842865, 0.009314607828855515, 0.003586792852729559, 0.022985847666859627], "rhythm.beats_loudness_band_ratio.stdev": [0.1970447152853012, 0.12863866984844208, 0.13553428649902344, 0.02129879593849182, 0.010753987357020378, 0.08256905525922775], "tonal.hpcp.mean": [0.38790032267570496, 0.19313520193099976, 0.02183430641889572, 0.011895543895661831, 0.010691710747778416, 0.017025716602802277, 0.025605523958802223, 0.02960710972547531, 0.14924538135528564, 0.2536633312702179, 0.1243981271982193, 0.007030616048723459, 0.007198418024927378, 0.01652069017291069, 0.08318168669939041, 0.2176773101091385, 0.1661863923072815, 0.02519744448363781, 0.010914099402725697, 0.015468341298401356, 0.05720590800046921, 0.09251190721988678, 0.06596377491950989, 0.05299470201134682, 0.059992894530296326, 0.03152558207511902, 0.007817312143743038, 0.006919573992490768, 0.00892412755638361, 0.0350174605846405, 0.05469736456871033, 0.034745778888463974, 0.015225337818264961, 0.011258965358138084, 0.0233530905097723, 0.2281402200460434], "tonal.hpcp.stdev": [0.47011956572532654, 0.27276673913002014, 0.12338875234127045, 0.08551234006881714, 0.07864173501729965, 0.09621807187795639, 0.11966550350189209, 0.12419525533914566, 0.2508637607097626, 0.404645711183548, 0.22614465653896332, 0.05660856142640114, 0.06574715673923492, 0.09709770977497101, 0.19829268753528595, 0.38734129071235657, 0.3094543218612671, 0.11455792933702469, 0.07540199905633926, 0.08523035049438477, 0.1641618311405182, 0.21414519846439362, 0.1671803593635559, 0.16342978179454803, 0.19549444317817688, 0.12605078518390656, 0.04971929267048836, 0.06042946130037308, 0.06514830142259598, 0.14780914783477783, 0.19478261470794678, 0.13076987862586975, 0.09605471044778824, 0.07870329171419144, 0.11805643886327744, 0.3071361184120178], "rhythm.beats_position": [0.3599092960357666, 0.7314285635948181, 1.1145577430725098, 1.4744670391082764, 1.8111563920974731, 2.1594557762145996, 2.5077550411224365, 2.8560543060302734, 3.2043535709381104, 3.5410430431365967, 3.877732276916504, 4.22603178024292, 4.574330806732178, 4.922630310058594, 5.282539367675781, 5.642448902130127, 6.176507949829102, 6.722176551818848, 7.267845630645752, 7.813514709472656, 8.359183311462402, 8.928071975708008, 9.49696159362793, 10.065850257873535, 10.750839233398438, 11.412607192993164, 12.097596168518066, 12.770975112915039, 13.444353103637695, 14.140952110290527, 14.8143310546875, 15.499319076538086, 16.184309005737305, 16.85768699645996, 17.531064987182617, 18.216054916381836, 18.889432907104492, 19.574420928955078, 20.271020889282227, 20.932788848876953, 21.59455680847168, 22.24471664428711, 22.918094635009766, 23.60308265686035, 24.28807258605957, 24.973060607910156, 25.541950225830078, 26.122447967529297, 26.70294761657715, 27.26022720336914, 27.8175048828125, 28.374784469604492, 28.94367218017578, 29.512561798095703, 30.116281509399414, 30.719999313354492, 31.265668869018555, 31.811336517333984, 32.36861801147461, 32.85623550415039, 33.355464935302734, 33.85469436645508, 34.34231185913086, 34.829933166503906, 35.282718658447266, 35.73550796508789, 36.17668914794922, 36.64108657836914, 37.08226776123047, 37.50022506713867, 37.9530143737793, 38.40580368041992, 38.87020492553711, 39.322994232177734], "rhythm.bpm_histogram": [0.0, 0.0, 0.0, 0.0, 0.0, 0.0, 0.0, 0.0, 0.0, 0.0, 0.0, 0.0, 0.0, 0.0, 0.0, 0.0, 0.0, 0.0, 0.0, 0.0, 0.0, 0.0, 0.0, 0.0, 0.0, 0.0, 0.0, 0.0, 0.0, 0.0, 0.0, 0.0, 0.0, 0.0, 0.0, 0.0, 0.0, 0.0, 0.0, 0.0, 0.0, 0.0, 0.0, 0.0, 0.0, 0.0, 0.0, 0.0, 0.0, 0.0, 0.0, 0.0, 0.0, 0.0, 0.0, 0.0, 0.0, 0.0, 0.0, 0.0, 0.0, 0.0, 0.0, 0.0, 0.0, 0.0, 0.0, 0.0, 0.0, 0.0, 0.0, 0.0, 0.0, 0.0, 0.0, 0.0, 0.0, 0.0, 0.0, 0.0, 0.0, 0.0, 0.0, 0.0, 0.0, 0.0, 0.027397260069847107, 0.0, 0.12328767031431198, 0.09589041024446487, 0.0, 0.04109589010477066, 0.013698630034923553, 0.0, 0.0, 0.0, 0.0, 0.0, 0.0, 0.027397260069847107, 0.0, 0.0, 0.0, 0.027397260069847107, 0.0, 0.08219178020954132, 0.0, 0.0, 0.054794520139694214, 0.0, 0.08219178020954132, 0.0, 0.013698630034923553, 0.0, 0.0, 0.0, 0.0, 0.0, 0.0, 0.0, 0.027397260069847107, 0.0, 0.0, 0.04109589010477066, 0.0, 0.0, 0.0, 0.0, 0.0, 0.027397260069847107, 0.0, 0.0, 0.0, 0.06849315017461777, 0.0, 0.0, 0.027397260069847107, 0.0, 0.0, 0.0, 0.0, 0.0, 0.0, 0.0, 0.013698630034923553, 0.0, 0.0, 0.0, 0.0, 0.0, 0.0, 0.0, 0.0, 0.0, 0.0, 0.0, 0.0, 0.013698630034923553, 0.0, 0.0, 0.0, 0.013698630034923553, 0.0, 0.0, 0.0, 0.0, 0.0, 0.04109589010477066, 0.0, 0.0, 0.0, 0.0, 0.09589041024446487, 0.0, 0.0, 0.0, 0.0, 0.0, 0.04109589010477066, 0.0, 0.0, 0.0, 0.0, 0.0, 0.0, 0.0, 0.0, 0.0, 0.0, 0.0, 0.0, 0.0, 0.0, 0.0, 0.0, 0.0, 0.0, 0.0, 0.0, 0.0, 0.0, 0.0, 0.0, 0.0, 0.0, 0.0, 0.0, 0.0, 0.0, 0.0, 0.0, 0.0, 0.0, 0.0, 0.0, 0.0, 0.0, 0.0, 0.0, 0.0, 0.0, 0.0, 0.0, 0.0, 0.0, 0.0, 0.0, 0.0, 0.0, 0.0, 0.0, 0.0, 0.0, 0.0, 0.0, 0.0, 0.0, 0.0, 0.0, 0.0, 0.0, 0.0, 0.0, 0.0, 0.0, 0.0, 0.0, 0.0, 0.0, 0.0], "tonal.chords_histogram": [12.5, 3.3564815521240234, 13.310185432434082, 18.634260177612305, 0.0, 4.282407283782959, 4.513888835906982, 1.9675925970077515, 0.0, 37.03703689575195, 0.0, 0.0, 0.0, 0.0, 0.0, 0.0, 0.0, 0.0, 0.46296295523643494, 0.0, 0.0, 0.0, 0.0, 3.935185194015503], "tonal.thpcp": [1.0, 0.49789905548095703, 0.056288447231054306, 0.030666496604681015, 0.02756303735077381, 0.043891988694667816, 0.06601057946681976, 0.07632659375667572, 0.3847518861293793, 0.6539394855499268, 0.3206961154937744, 0.01812480017542839, 0.018557392060756683, 0.04259004071354866, 0.21444088220596313, 0.5611681342124939, 0.42842552065849304, 0.06495855748653412, 0.028136350214481354, 0.03987710177898407, 0.14747579395771027, 0.23849402368068695, 0.1700534224510193, 0.13661937415599823, 0.15466059744358063, 0.08127237856388092, 0.02015288919210434, 0.017838535830378532, 0.023006239905953407, 0.090274378657341, 0.14100880920886993, 0.08957398682832718, 0.03925064578652382, 0.029025409370660782, 0.06020384281873703, 0.5881413221359253], "lowlevel.gfcc.cov": [[12547.2705078125, -4189.11572265625, -190.89776611328125, 591.6694946289062, -2284.05908203125, -299.7200012207031, -1219.5396728515625, 645.2113647460938, -157.4120635986328, 346.0116271972656, -652.0757446289062, 996.8029174804688, -932.4032592773438], [-4189.11572265625, 4043.0166015625, -526.0890502929688, -877.80224609375, 1298.4166259765625, -180.6343994140625, 585.6604614257812, -279.5693359375, 240.5113525390625, -428.2280578613281, 495.7441711425781, -575.8977661132812, 428.2626037597656], [-190.89776611328125, -526.0890502929688, 844.84912109375, 54.027870178222656, -44.54068374633789, 173.02867126464844, -17.505966186523438, 38.2156982421875, -98.1673812866211, 90.45303344726562, -98.38685607910156, 79.51981353759766, -54.72828674316406], [591.6694946289062, -877.80224609375, 54.027870178222656, 894.4832153320312, 53.49441909790039, 49.611900329589844, -111.19647979736328, -93.73617553710938, 12.531228065490723, 93.6176528930664, -52.12294387817383, 50.47856903076172, 129.17086791992188], [-2284.05908203125, 1298.4166259765625, -44.54068374633789, 53.49441909790039, 1001.7896118164062, 99.20941925048828, 297.86297607421875, -180.4759063720703, 75.25797271728516, -114.76721954345703, 209.74212646484375, -286.9512023925781, 296.6051940917969], [-299.7200012207031, -180.6343994140625, 173.02867126464844, 49.611900329589844, 99.20941925048828, 325.58642578125, 179.14434814453125, -18.61188316345215, -56.59904861450195, 48.135189056396484, 1.4829834699630737, -70.3155746459961, 0.9291844964027405], [-1219.5396728515625, 585.6604614257812, -17.505966186523438, -111.19647979736328, 297.86297607421875, 179.14434814453125, 438.53466796875, -46.716060638427734, -27.653287887573242, -27.778057098388672, 101.41283416748047, -198.67953491210938, 60.69563674926758], [645.2113647460938, -279.5693359375, 38.2156982421875, -93.73617553710938, -180.4759063720703, -18.61188316345215, -46.716060638427734, 236.1705780029297, 30.72211456298828, 18.039915084838867, -40.465267181396484, 76.97877502441406, -101.81927490234375], [-157.4120635986328, 240.5113525390625, -98.1673812866211, 12.531228065490723, 75.25797271728516, -56.59904861450195, -27.653287887573242, 30.72211456298828, 158.02420043945312, -26.092370986938477, 25.061830520629883, -29.383756637573242, 32.47627258300781], [346.0116271972656, -428.2280578613281, 90.45303344726562, 93.6176528930664, -114.76721954345703, 48.135189056396484, -27.778057098388672, 18.039915084838867, -26.092370986938477, 148.05313110351562, -33.58156204223633, 29.247709274291992, -43.36384963989258], [-652.0757446289062, 495.7441711425781, -98.38685607910156, -52.12294387817383, 209.74212646484375, 1.4829834699630737, 101.41283416748047, -40.465267181396484, 25.061830520629883, -33.58156204223633, 148.71945190429688, -63.79763412475586, 79.45153045654297], [996.8029174804688, -575.8977661132812, 79.51981353759766, 50.47856903076172, -286.9512023925781, -70.3155746459961, -198.67953491210938, 76.97877502441406, -29.383756637573242, 29.247709274291992, -63.79763412475586, 258.4621276855469, -79.50001525878906], [-932.4032592773438, 428.2626037597656, -54.72828674316406, 129.17086791992188, 296.6051940917969, 0.9291844964027405, 60.69563674926758, -101.81927490234375, 32.47627258300781, -43.36384963989258, 79.45153045654297, -79.50001525878906, 226.619384765625]], "lowlevel.gfcc.icov": [[0.0002474397770129144, -0.00018205797823611647, 0.00024593915441073477, -0.00039153077523224056, 0.00021092237147968262, -0.00025009230012074113, 0.00040506781078875065, -0.0003903109463863075, 0.00034910388058051467, -0.0002018037484958768, 0.00038126501021906734, -0.0003846712061204016, 0.0007285304018296301], [-0.00018205797823611647, 0.002352913375943899, -0.00030412012711167336, 0.0022069010883569717, -0.001138976076617837, 0.0017690050881356, -0.0012013842351734638, 0.0015285955742001534, -0.001958675915375352, 0.0023358536418527365, -0.0027035370003432035, 0.0017546368762850761, -0.001743848784826696], [0.00024593915441073477, -0.00030412012711167336, 0.0019237350206822157, -0.0003523796040099114, -0.0002373498136876151, -0.0011458966182544827, 0.0006239333306439221, -0.0007131641614250839, 0.001084274030290544, -0.0009991552215069532, 0.00166647310834378, -0.0011560553684830666, 0.0007434802828356624], [-0.00039153077523224056, 0.0022069010883569717, -0.0003523796040099114, 0.003934334963560104, -0.0013451031409204006, 0.0013084698002785444, -0.001083011506125331, 0.0021800280082970858, -0.0023948936723172665, 0.001008999883197248, -0.0016534925671294332, 0.001269992091692984, -0.003522931132465601], [0.00021092237147968262, -0.001138976076617837, -0.0002373498136876151, -0.0013451031409204006, 0.0033685313537716866, -0.0011820723302662373, 0.00037715621874667704, -0.0004582457186188549, 0.0003438670246396214, -2.589639916550368e-05, -0.0005015238421037793, 0.0005412960890680552, -0.0006697669741697609], [-0.00025009230012074113, 0.0017690050881356, -0.0011458966182544827, 0.0013084698002785444, -0.0011820723302662373, 0.006622156593948603, -0.003237169934436679, 0.0011944667203351855, -0.0007209319155663252, 0.0006023388705216348, -0.001560811186209321, 0.0017804853850975633, -0.0010805206838995218], [0.00040506781078875065, -0.0012013842351734638, 0.0006239333306439221, -0.001083011506125331, 0.00037715621874667704, -0.003237169934436679, 0.006309357471764088, -0.0018475959077477455, 0.0026819242630153894, -0.0007515905890613794, -0.00044221023563295603, 0.0015795687213540077, 0.0018856469541788101], [-0.0003903109463863075, 0.0015285955742001534, -0.0007131641614250839, 0.0021800280082970858, -0.0004582457186188549, 0.0011944667203351855, -0.0018475959077477455, 0.0076650939881801605, -0.004053772427141666, 0.001311492407694459, -0.0016174580669030547, -0.0002056358353001997, -4.900799103779718e-05], [0.00034910388058051467, -0.001958675915375352, 0.001084274030290544, -0.0023948936723172665, 0.0003438670246396214, -0.0007209319155663252, 0.0026819242630153894, -0.004053772427141666, 0.010568485595285892, -0.0014882426476106048, 0.0016968826530501246, 0.00010364878107793629, 0.0014201222220435739], [-0.0002018037484958768, 0.0023358536418527365, -0.0009991552215069532, 0.001008999883197248, -2.589639916550368e-05, 0.0006023388705216348, -0.0007515905890613794, 0.001311492407694459, -0.0014882426476106048, 0.011634561233222485, -0.003762718988582492, 0.0026793417055159807, -0.0005403266986832023], [0.00038126501021906734, -0.0027035370003432035, 0.00166647310834378, -0.0016534925671294332, -0.0005015238421037793, -0.001560811186209321, -0.00044221023563295603, -0.0016174580669030547, 0.0016968826530501246, -0.003762718988582492, 0.015522444620728493, -0.003989800810813904, 0.00027232416323386133], [-0.0003846712061204016, 0.0017546368762850761, -0.0011560553684830666, 0.001269992091692984, 0.0005412960890680552, 0.0017804853850975633, 0.0015795687213540077, -0.0002056358353001997, 0.00010364878107793629, 0.0026793417055159807, -0.003989800810813904, 0.0099135497584939, -0.0017584622837603092], [0.0007285304018296301, -0.001743848784826696, 0.0007434802828356624, -0.003522931132465601, -0.0006697669741697609, -0.0010805206838995218, 0.0018856469541788101, -4.900799103779718e-05, 0.0014201222220435739, -0.0005403266986832023, 0.00027232416323386133, -0.0017584622837603092, 0.012227962724864483]], "lowlevel.mfcc.cov": [[10149.736328125, -3657.97509765625, 273.97235107421875, 194.58612060546875, -890.486572265625, -851.5747680664062, -1413.507568359375, 269.7525939941406, -616.3421020507812, -39.43103790283203, -213.8814239501953, -82.2117691040039, 164.07345581054688], [-3657.97509765625, 3785.509033203125, -750.7886962890625, -451.3094177246094, 308.18328857421875, -13.465624809265137, 459.4324035644531, 103.00030517578125, 42.01109313964844, 76.45978546142578, 146.98875427246094, 44.74296569824219, -65.54315948486328], [273.97235107421875, -750.7886962890625, 762.55419921875, -4.400688648223877, -51.50993728637695, 73.42745208740234, -1.091201901435852, -6.4119343757629395, 36.82394790649414, -29.925434112548828, -6.086889266967773, -19.010160446166992, 53.157623291015625], [194.58612060546875, -451.3094177246094, -4.400688648223877, 529.7388916015625, 208.1494903564453, 120.85690307617188, -20.663530349731445, -83.18704986572266, 69.667236328125, -52.15959548950195, -64.28467559814453, 20.055692672729492, 42.11294937133789], [-890.486572265625, 308.18328857421875, -51.50993728637695, 208.1494903564453, 620.8649291992188, 145.49049377441406, 172.29904174804688, -91.36609649658203, 184.8384552001953, -66.40460205078125, 15.270668983459473, 20.365703582763672, 61.715248107910156], [-851.5747680664062, -13.465624809265137, 73.42745208740234, 120.85690307617188, 145.49049377441406, 426.0187072753906, 306.3652038574219, -84.2662582397461, 134.8140869140625, 16.540672302246094, 27.158388137817383, 55.50177001953125, -36.976261138916016], [-1413.507568359375, 459.4324035644531, -1.091201901435852, -20.663530349731445, 172.29904174804688, 306.3652038574219, 601.37939453125, -41.22126770019531, 180.67457580566406, 63.57889175415039, 104.76258087158203, 78.29851531982422, -31.912662506103516], [269.7525939941406, 103.00030517578125, -6.4119343757629395, -83.18704986572266, -91.36609649658203, -84.2662582397461, -41.22126770019531, 236.38131713867188, -49.50544738769531, 40.93629455566406, 21.706315994262695, -2.914154291152954, 15.141242980957031], [-616.3421020507812, 42.01109313964844, 36.82394790649414, 69.667236328125, 184.8384552001953, 134.8140869140625, 180.67457580566406, -49.50544738769531, 235.6189727783203, 25.258045196533203, 42.13170623779297, 32.35550308227539, -5.973832130432129], [-39.43103790283203, 76.45978546142578, -29.925434112548828, -52.15959548950195, -66.40460205078125, 16.540672302246094, 63.57889175415039, 40.93629455566406, 25.258045196533203, 188.41635131835938, 59.18498229980469, 22.678171157836914, -24.3356876373291], [-213.8814239501953, 146.98875427246094, -6.086889266967773, -64.28467559814453, 15.270668983459473, 27.158388137817383, 104.76258087158203, 21.706315994262695, 42.13170623779297, 59.18498229980469, 143.71652221679688, 34.757137298583984, -22.982582092285156], [-82.2117691040039, 44.74296569824219, -19.010160446166992, 20.055692672729492, 20.365703582763672, 55.50177001953125, 78.29851531982422, -2.914154291152954, 32.35550308227539, 22.678171157836914, 34.757137298583984, 124.67230224609375, 6.552317142486572], [164.07345581054688, -65.54315948486328, 53.157623291015625, 42.11294937133789, 61.715248107910156, -36.976261138916016, -31.912662506103516, 15.141242980957031, -5.973832130432129, -24.3356876373291, -22.982582092285156, 6.552317142486572, 120.22987365722656]], "lowlevel.mfcc.icov": [[0.00026355995214544237, 0.00025160051882267, 0.00012318152585066855, -6.249885700526647e-06, 5.0827984523493797e-05, 0.00021525273041334003, 0.0002453816996421665, -0.000180379647645168, 0.00028438898152671754, -8.1340127508156e-05, -9.059747389983386e-05, -0.00018469567294232547, -0.00015641332720406353], [0.00025160051882267, 0.0007233641808852553, 0.0005441874382086098, 0.0004579409724101424, -0.0003222595842089504, 0.00032212940277531743, -0.0001345318160019815, -0.00034102005884051323, 0.0004542524984572083, -7.2261223976966e-05, -8.814650936983526e-05, -0.0001747154601616785, -7.767300849081948e-05], [0.00012318152585066855, 0.0005441874382086098, 0.0019670238252729177, 0.0005327339749783278, 0.00017068265879061073, -0.0004039774648845196, 2.7845497243106365e-05, -0.00022012862609699368, -0.0002718936593737453, 0.0003421431465540081, -0.000315558078000322, 0.0003851815708912909, -0.0011300365440547466], [-6.249885700526647e-06, 0.0004579409724101424, 0.0005327339749783278, 0.003140178043395281, -0.0010190630564466119, -0.0008785214740782976, 0.00042577990097925067, 0.00018442832515574992, -0.00021794525673612952, 1.3654866961587686e-05, 0.0009773533092811704, -0.0004884973168373108, -0.0005291936104185879], [5.0827984523493797e-05, -0.0003222595842089504, 0.00017068265879061073, -0.0010190630564466119, 0.0031921840272843838, -0.00026613802765496075, -3.3940393677767133e-06, 0.0004613569180946797, -0.0018971991958096623, 0.0011222356697544456, -0.000717857968993485, 0.000530786404851824, -0.0017762565985321999], [0.00021525273041334003, 0.00032212940277531743, -0.0004039774648845196, -0.0008785214740782976, -0.00026613802765496075, 0.005057972855865955, -0.002107303822413087, 0.00046836730325594544, -7.17394141247496e-05, -0.00021401807316578925, 0.0007223238353617489, -0.0009950282983481884, 0.0015874578384682536], [0.0002453816996421665, -0.0001345318160019815, 2.7845497243106365e-05, 0.00042577990097925067, -3.3940393677767133e-06, -0.002107303822413087, 0.00407435605302453, -0.00013257765385787934, -0.0010462712962180376, -0.00035428476985543966, -0.001292715547606349, -0.0007575214258395135, -0.00044737261487171054], [-0.000180379647645168, -0.00034102005884051323, -0.00022012862609699368, 0.00018442832515574992, 0.0004613569180946797, 0.00046836730325594544, -0.00013257765385787934, 0.0053031896241009235, 0.00031081782071851194, -0.0008632285753265023, -0.0006223177188076079, 0.00016544596292078495, -0.000990106724202633], [0.00028438898152671754, 0.0004542524984572083, -0.0002718936593737453, -0.00021794525673612952, -0.0018971991958096623, -7.17394141247496e-05, -0.0010462712962180376, 0.00031081782071851194, 0.007775408215820789, -0.0012556961737573147, -0.0007214175420813262, -0.0006017900886945426, 0.0007180896354839206], [-8.1340127508156e-05, -7.2261223976966e-05, 0.0003421431465540081, 1.3654866961587686e-05, 0.0011222356697544456, -0.00021401807316578925, -0.00035428476985543966, -0.0008632285753265023, -0.0012556961737573147, 0.006997733376920223, -0.0021358239464461803, -0.00022798325517214835, 0.0002465186407789588], [-9.059747389983386e-05, -8.814650936983526e-05, -0.000315558078000322, 0.0009773533092811704, -0.000717857968993485, 0.0007223238353617489, -0.001292715547606349, -0.0006223177188076079, -0.0007214175420813262, -0.0021358239464461803, 0.010171955451369286, -0.001994245918467641, 0.0017835913458839059], [-0.00018469567294232547, -0.0001747154601616785, 0.0003851815708912909, -0.0004884973168373108, 0.000530786404851824, -0.0009950282983481884, -0.0007575214258395135, 0.00016544596292078495, -0.0006017900886945426, -0.00022798325517214835, -0.001994245918467641, 0.0097