{"song_id": "1182271438565146715", "download": "https://cdn.discordapp.com/attachments/1128313332273782784/1182271438565146715/chirp.mp4?ex=65841714&amp", "lyrics": "\u041a\u0430\u0436\u0434\u044b\u0439 \u0434\u0435\u043d\u044c, \u043a\u043e\u0433\u0434\u0430 \u044f \u043f\u0440\u043e\u0441\u044b\u043f\u0430\u044e\u0441\u044c \u0440\u044f\u0434\u043e\u043c \u0441 \u0442\u043e\u0431\u043e\u0439,\n\u041f\u043e\u043d\u0438\u043c\u0430\u044e, \u043d\u0430\u0441\u043a\u043e\u043b\u044c\u043a\u043e \u0441\u0447\u0430\u0441\u0442\u043b\u0438\u0432\u0430 \u044f \u0432 \u044d\u0442\u043e\u043c \u043c\u0438\u0440\u0435.\n\u0422\u044b - \u043c\u043e\u0439 \u043a\u0430\u043c\u0435\u043d\u044c \u043e\u043f\u043e\u0440\u044b, \u043c\u043e\u0439 \u043b\u0443\u0447\u0448\u0438\u0439 \u0434\u0440\u0443\u0433,\n\u0421 \u0442\u043e\u0431\u043e\u0439 \u044f \u0432\u0441\u0435\u0433\u0434\u0430 \u0447\u0443\u0432\u0441\u0442\u0432\u0443\u044e \u0441\u0435\u0431\u044f \u043d\u0430 \u0432\u044b\u0441\u043e\u0442\u0435.\u044d\u044d\u044d\u044d\u044d\u044d\u044d\u044d\u044d\u044d\n\n(Chorus)\n\u0410\u0430\u0430\u0430\u0430\u0430\u0430 \u0410\u043b\u0438\u0447\u043a\u0430, \u043c\u043e\u044f \u043b\u044e\u0431\u043e\u0432\u044c,\n\u0422\u044b - \u043c\u043e\u0435 \u0441\u0447\u0430\u0441\u0442\u044c\u0435 \u0435\u0435\u0435, \u043c\u043e\u0439 \u0443\u044e\u0442.\n\u0417\u0430 \u0442\u0432\u043e\u044e \u043d\u0435\u0436\u043d\u043e\u0441\u0442\u044c \u0438 \u043b\u0430\u0441\u043a\u0443,\n\u042f \u0431\u043b\u0430\u0433\u043e\u0434\u0430\u0440\u044e \u043a\u0430\u0436\u0434\u044b\u0439 \u0434\u0435\u043d\u044c.\u044d\u044d\u044d\u044d\u044d\u044d\u044d", "style": ["rap"], "essentia_features": {"lowlevel.average_loudness": 0.7287571430206299, "lowlevel.barkbands_crest.mean": 13.623200416564941, "lowlevel.barkbands_crest.stdev": 6.111185073852539, "lowlevel.barkbands_flatness_db.mean": 0.22318878769874573, "lowlevel.barkbands_flatness_db.stdev": 0.09376343339681625, "lowlevel.barkbands_kurtosis.mean": 14.543891906738281, "lowlevel.barkbands_kurtosis.stdev": 38.13813400268555, "lowlevel.barkbands_skewness.mean": 1.9689949750900269, "lowlevel.barkbands_skewness.stdev": 2.640049934387207, "lowlevel.barkbands_spread.mean": 16.412105560302734, "lowlevel.barkbands_spread.stdev": 14.998137474060059, "lowlevel.dissonance.mean": 0.42760616540908813, "lowlevel.dissonance.stdev": 0.06377678364515305, "lowlevel.dynamic_complexity": 9.139379501342773, "lowlevel.erbbands_crest.mean": 13.85226821899414, "lowlevel.erbbands_crest.stdev": 7.007324695587158, "lowlevel.erbbands_flatness_db.mean": 0.2282351851463318, "lowlevel.erbbands_flatness_db.stdev": 0.07891537249088287, "lowlevel.erbbands_kurtosis.mean": 3.9947681427001953, "lowlevel.erbbands_kurtosis.stdev": 10.44057559967041, "lowlevel.erbbands_skewness.mean": 0.8881325125694275, "lowlevel.erbbands_skewness.stdev": 1.5520769357681274, "lowlevel.erbbands_spread.mean": 30.418659210205078, "lowlevel.erbbands_spread.stdev": 22.750377655029297, "lowlevel.hfc.mean": 13.002763748168945, "lowlevel.hfc.stdev": 17.451345443725586, "lowlevel.loudness_ebu128.integrated": -20.157812118530273, "lowlevel.loudness_ebu128.loudness_range": 9.913923263549805, "lowlevel.loudness_ebu128.momentary.mean": -25.557226181030273, "lowlevel.loudness_ebu128.momentary.stdev": 10.552427291870117, "lowlevel.loudness_ebu128.short_term.mean": -23.36037254333496, "lowlevel.loudness_ebu128.short_term.stdev": 6.147006034851074, "lowlevel.melbands_crest.mean": 17.230459213256836, "lowlevel.melbands_crest.stdev": 7.192592144012451, "lowlevel.melbands_flatness_db.mean": 0.24778103828430176, "lowlevel.melbands_flatness_db.stdev": 0.10933985561132431, "lowlevel.melbands_kurtosis.mean": 26.52910614013672, "lowlevel.melbands_kurtosis.stdev": 47.84120178222656, "lowlevel.melbands_skewness.mean": 2.935059070587158, "lowlevel.melbands_skewness.stdev": 2.903089761734009, "lowlevel.melbands_spread.mean": 25.13038444519043, "lowlevel.melbands_spread.stdev": 31.969221115112305, "lowlevel.pitch_salience.mean": 0.48275676369667053, "lowlevel.pitch_salience.stdev": 0.18146027624607086, "lowlevel.silence_rate_20dB.mean": 1.0, "lowlevel.silence_rate_20dB.stdev": 0.0, "lowlevel.silence_rate_30dB.mean": 0.9965237379074097, "lowlevel.silence_rate_30dB.stdev": 0.058856673538684845, "lowlevel.silence_rate_60dB.mean": 0.32097333669662476, "lowlevel.silence_rate_60dB.stdev": 0.4668530523777008, "lowlevel.spectral_centroid.mean": 1365.025634765625, "lowlevel.spectral_centroid.stdev": 1102.8328857421875, "lowlevel.spectral_complexity.mean": 6.578794956207275, "lowlevel.spectral_complexity.stdev": 6.192110061645508, "lowlevel.spectral_decrease.mean": -4.351863758245145e-09, "lowlevel.spectral_decrease.stdev": 5.4842170804647594e-09, "lowlevel.spectral_energy.mean": 0.017604324966669083, "lowlevel.spectral_energy.stdev": 0.02195478416979313, "lowlevel.spectral_energyband_high.mean": 0.00020656920969486237, "lowlevel.spectral_energyband_high.stdev": 0.0006157316383905709, "lowlevel.spectral_energyband_low.mean": 0.004422659520059824, "lowlevel.spectral_energyband_low.stdev": 0.011829235590994358, "lowlevel.spectral_energyband_middle_high.mean": 0.005552425514906645, "lowlevel.spectral_energyband_middle_high.stdev": 0.011178909800946712, "lowlevel.spectral_energyband_middle_low.mean": 0.007879460230469704, "lowlevel.spectral_energyband_middle_low.stdev": 0.011187238618731499, "lowlevel.spectral_entropy.mean": 7.06948184967041, "lowlevel.spectral_entropy.stdev": 0.8985553979873657, "lowlevel.spectral_flux.mean": 0.05974835157394409, "lowlevel.spectral_flux.stdev": 0.054582711309194565, "lowlevel.spectral_kurtosis.mean": 6.2570109367370605, "lowlevel.spectral_kurtosis.stdev": 5.030329704284668, "lowlevel.spectral_rms.mean": 0.0032653140369802713, "lowlevel.spectral_rms.stdev": 0.00255199009552598, "lowlevel.spectral_rolloff.mean": 2167.916748046875, "lowlevel.spectral_rolloff.stdev": 2896.192138671875, "lowlevel.spectral_skewness.mean": 1.8964664936065674, "lowlevel.spectral_skewness.stdev": 0.7555994987487793, "lowlevel.spectral_spread.mean": 4972810.0, "lowlevel.spectral_spread.stdev": 2213665.0, "lowlevel.spectral_strongpeak.mean": 1.338282823562622, "lowlevel.spectral_strongpeak.stdev": 1.6804414987564087, "lowlevel.zerocrossingrate.mean": 0.08108580857515335, "lowlevel.zerocrossingrate.stdev": 0.08566554635763168, "metadata.audio_properties.analysis.equal_loudness": 0.0, "metadata.audio_properties.analysis.length": 40.04265213012695, "metadata.audio_properties.analysis.sample_rate": 44100.0, "metadata.audio_properties.analysis.start_time": 0.0, "metadata.audio_properties.bit_rate": 116340.0, "metadata.audio_properties.length": 40.042667388916016, "metadata.audio_properties.lossless": 0.0, "metadata.audio_properties.number_channels": 1.0, "metadata.audio_properties.replay_gain": -8.00314712524414, "metadata.audio_properties.sample_rate": 48000.0, "rhythm.beats_count": 92.0, "rhythm.beats_loudness.mean": 0.02091279812157154, "rhythm.beats_loudness.stdev": 0.01863548718392849, "rhythm.bpm": 142.53622436523438, "rhythm.bpm_histogram_first_peak_bpm": 144.0, "rhythm.bpm_histogram_first_peak_weight": 0.5625, "rhythm.bpm_histogram_second_peak_bpm": 161.0, "rhythm.bpm_histogram_second_peak_spread": 0.2222222089767456, "rhythm.bpm_histogram_second_peak_weight": 0.07692307978868484, "rhythm.danceability": 1.1582090854644775, "rhythm.onset_rate": 4.19429349899292, "tonal.chords_changes_rate": 0.1180555522441864, "tonal.chords_number_rate": 0.0173611119389534, "tonal.chords_strength.mean": 0.5441145300865173, "tonal.chords_strength.stdev": 0.10574907064437866, "tonal.hpcp_crest.mean": 18.375999450683594, "tonal.hpcp_crest.stdev": 9.824043273925781, "tonal.hpcp_entropy.mean": 1.5722661018371582, "tonal.hpcp_entropy.stdev": 1.0121433734893799, "tonal.key_edma.strength": 0.51201331615448, "tonal.key_krumhansl.strength": 0.5084991455078125, "tonal.key_temperley.strength": 0.5040438175201416, "tonal.tuning_diatonic_strength": 0.5131456851959229, "tonal.tuning_equal_tempered_deviation": 0.1484045684337616, "tonal.tuning_frequency": 440.5086364746094, "tonal.tuning_nontempered_energy_ratio": 0.8230090141296387, "lowlevel.barkbands.mean": [8.463129233859945e-06, 0.0017896377248689532, 0.002299580257385969, 0.0005426176940090954, 0.0007894434966146946, 0.002646867884323001, 0.0018419191474094987, 0.00027445267187431455, 0.0015777295920997858, 0.0020082208793610334, 0.0006011687219142914, 0.0006752730114385486, 0.0004625413566827774, 0.0005306000239215791, 0.0004877506580669433, 0.00021992606343701482, 0.00019183022959623486, 0.00011867076682392508, 0.0002859242376871407, 8.410593727603555e-05, 3.180326530127786e-05, 2.0659330402850173e-05, 3.804302104981616e-05, 3.168953480781056e-05, 3.358746107551269e-05, 1.1770785931730643e-05, 5.530903379735719e-08], "lowlevel.barkbands.stdev": [3.5381926863919944e-05, 0.004528774414211512, 0.0077015915885567665, 0.0017055885400623083, 0.002659094985574484, 0.00637198518961668, 0.0066726054064929485, 0.0014092447236180305, 0.00450535211712122, 0.006569540128111839, 0.0025455083232373, 0.002924468368291855, 0.0023012261372059584, 0.002028393791988492, 0.0019391777459532022, 0.0008673080010339618, 0.0008992443326860666, 0.0004395689466036856, 0.0006234936881810427, 0.0002151155931642279, 0.00020293142006266862, 0.00010744133032858372, 0.00013711753126699477, 7.058148185024038e-05, 0.00011669379455270246, 3.913552063750103e-05, 5.54351629489247e-07], "lowlevel.erbbands.mean": [0.01584714464843273, 0.5370090007781982, 2.5382516384124756, 2.302433490753174, 2.152597427368164, 2.032975435256958, 10.409984588623047, 25.738218307495117, 34.41689682006836, 7.752571105957031, 10.000988006591797, 32.892860412597656, 51.85122299194336, 50.212364196777344, 31.005834579467773, 22.81543731689453, 24.060178756713867, 13.87256145477295, 41.574100494384766, 15.197957038879395, 10.481743812561035, 11.923016548156738, 5.867354869842529, 14.477121353149414, 9.72496223449707, 3.9423341751098633, 2.0071723461151123, 0.8487897515296936, 0.7023513317108154, 1.094464898109436, 0.9921447038650513, 0.49847713112831116, 0.6706193089485168, 0.46637555956840515, 0.18402981758117676, 0.06685993820428848, 0.020406946539878845, 0.0017040427774190903, 4.3638945498969406e-05, 2.2658745365333743e-05], "lowlevel.erbbands.stdev": [0.041549693793058395, 1.3682043552398682, 8.047103881835938, 6.551024436950684, 9.191935539245605, 6.994431972503662, 29.080522537231445, 61.87639236450195, 114.2569351196289, 26.462038040161133, 38.35714340209961, 92.61279296875, 147.6052703857422, 170.68038940429688, 102.91731262207031, 84.85063934326172, 116.46525573730469, 38.60888671875, 143.0136260986328, 43.02119445800781, 33.77630615234375, 57.03294372558594, 19.03873062133789, 35.09974670410156, 21.946199417114258, 9.576654434204102, 10.733357429504395, 5.209750175476074, 3.3999269008636475, 4.993534088134766, 3.3424954414367676, 1.0594146251678467, 1.6301535367965698, 1.6365379095077515, 0.6726647615432739, 0.23903563618659973, 0.06962097436189651, 0.005860405042767525, 0.00011612705566221848, 2.7065038011642173e-05], "lowlevel.gfcc.mean": [-155.019775390625, 53.475830078125, -136.46981811523438, 0.07683469355106354, -77.76960754394531, 1.4223737716674805, -59.08395004272461, 12.757411003112793, -31.855905532836914, 0.3772587478160858, -5.697680950164795, -0.11065972596406937, -2.350562334060669], "lowlevel.melbands.mean": [0.00031430364469997585, 0.0011129649356007576, 0.00040315353544428945, 0.00013385835336521268, 0.00031639038934372365, 0.0005820111255161464, 0.00047126092249527574, 6.184362428029999e-05, 0.00010074961028294638, 0.00021952445968054235, 0.0002749001723714173, 0.0002290809206897393, 0.00010013211431214586, 7.681369606871158e-05, 6.740994285792112e-05, 3.290820313850418e-05, 2.5821662347880192e-05, 7.592929614474997e-05, 2.8426895369193517e-05, 1.7480659153079614e-05, 9.966980542230885e-06, 1.3618500815937296e-05, 5.992731985315913e-06, 5.461419277708046e-06, 1.2700754268735182e-05, 1.0425346772535704e-05, 3.910870418621926e-06, 2.333050360903144e-06, 1.4292362493506516e-06, 7.168793558776088e-07, 3.9622088365831587e-07, 3.8060062479416956e-07, 4.196027987291018e-07, 7.190465680650959e-07, 6.336408659990411e-07, 3.7227201232781226e-07, 2.8316867428657133e-07, 4.7650814849475864e-07, 4.5762340050714556e-07, 3.755641273528454e-07], "lowlevel.melbands.stdev": [0.0007908713887445629, 0.0031839367002248764, 0.001116182771511376, 0.0004913683515042067, 0.0008790047722868621, 0.0013473755680024624, 0.0015658914344385266, 0.0002441951946821064, 0.00035680827568285167, 0.0006318363593891263, 0.0008022363763302565, 0.0007872473797760904, 0.00038424835656769574, 0.0003550429246388376, 0.0003179913619533181, 0.0001551982422824949, 8.821646770229563e-05, 0.0002677231386769563, 0.00010774781549116597, 8.065712609095499e-05, 3.567101157386787e-05, 7.137607462937012e-05, 2.780571776384022e-05, 1.7511451005702838e-05, 3.132515848847106e-05, 2.4230859708040953e-05, 9.525771929475013e-06, 6.526939614559524e-06, 7.425496733048931e-06, 5.219290414970601e-06, 2.2732915567758027e-06, 1.8290209027327364e-06, 2.335378439966007e-06, 3.262037580498145e-06, 2.317312464583665e-06, 9.699688234832138e-07, 6.252381581361988e-07, 1.1283367484793416e-06, 1.2803849358533625e-06, 1.4869924598315265e-06], "lowlevel.melbands128.mean": [5.897109531360911e-06, 3.4670702007133514e-05, 0.0003034848195966333, 0.0010937906336039305, 0.0014068533200770617, 0.001037434209138155, 0.00047220964916050434, 0.00023879943182691932, 0.00024748631403781474, 9.131273691309616e-05, 7.813205593265593e-05, 0.00018915980763267726, 0.00028820784064009786, 0.0006000908324494958, 0.0006244294927455485, 0.0004941562656313181, 0.0006818102556280792, 0.0005362159572541714, 0.00013605502317659557, 3.8400274206651375e-05, 4.197824455332011e-05, 5.4243420890998095e-05, 8.199186413548887e-05, 0.00017201606533490121, 0.0002257851156173274, 0.00022568547865375876, 0.00026202722801826894, 0.00016989815048873425, 0.0004398441524244845, 0.0003303432313259691, 0.00011911188630620018, 8.087832247838378e-05, 0.00012794362555723637, 6.716921780025586e-05, 0.00013534727622754872, 5.191612581256777e-05, 2.8647984436247498e-05, 8.063777931965888e-05, 8.887099102139473e-05, 5.094902007840574e-05, 1.2146168046456296e-05, 1.830399014579598e-05, 9.118080015468877e-06, 2.0946235963492654e-05, 0.00010514250607229769, 8.268566307378933e-05, 5.511729614227079e-05, 3.416082836338319e-05, 1.1633132089627907e-05, 1.506074931967305e-05, 2.3898859581095167e-05, 1.1851796443806961e-05, 1.3626791769638658e-05, 6.0360571296769194e-06, 8.057747436396312e-06, 2.1477104382938705e-05, 1.0178528100368567e-05, 7.325565547944279e-06, 4.265270490577677e-06, 3.2437360459880438e-06, 5.1556276048358995e-06, 6.71021871312405e-06, 9.217998012900352e-06, 1.2256164154678117e-05, 2.4668393962201662e-05, 7.036263923509978e-06, 5.943611995462561e-06, 5.024112851970131e-06, 3.480581199255539e-06, 2.1046575966465753e-06, 2.452794660712243e-06, 2.6603547667036764e-06, 1.3872980844098493e-06, 1.519638658464828e-06, 9.51879883359652e-07, 6.690023610644857e-07, 7.328335982492717e-07, 4.011359351352439e-07, 3.5044513424509205e-07, 3.576323308607243e-07, 3.8871786500749295e-07, 3.8552559544768883e-07, 3.7007308151260077e-07, 4.0254238342640747e-07, 4.6946900056354934e-07, 5.968481104901002e-07, 9.063043648893654e-07, 7.957085585985624e-07, 5.977027512926725e-07, 5.358602379601507e-07, 4.693549158218957e-07, 3.30692557781731e-07, 1.9955156460582657e-07, 2.2628387341683265e-07, 3.520767677400727e-07, 4.717629735750961e-07, 4.823481276616803e-07, 5.348135232452478e-07, 4.421750929850532e-07, 4.4153097178423195e-07, 4.229117394061177e-07, 4.225017278258747e-07, 2.263683427372598e-07, 2.6351824544690317e-07, 1.8296300652309583e-07, 1.824867013056064e-07, 1.5041023004869203e-07, 1.3088468620026106e-07, 1.1804306865315084e-07, 9.43114102369691e-08, 6.189420531654832e-08, 7.228307197237882e-08, 7.682189817614926e-08, 5.4266710236561266e-08, 3.593799036138989e-08, 1.160377394171519e-08, 2.100847051877963e-09, 6.170263518873176e-12, 2.68414999428368e-12, 2.7889465910313493e-12, 2.4931996571442294e-12, 2.440964097516485e-12, 2.4070461335928828e-12, 2.3558206167090256e-12, 2.250964605682304e-12, 2.095998721807213e-12, 2.0086343612696345e-12, 1.987813776430092e-12], "lowlevel.melbands128.stdev": [2.9368729883572087e-05, 0.00013559321814682335, 0.0008179422002285719, 0.002810319187119603, 0.004375114571303129, 0.0034623572137206793, 0.0014282106421887875, 0.0009018250275403261, 0.001165521563962102, 0.00042084732558578253, 0.0003498401783872396, 0.0009004073217511177, 0.0010005099466070533, 0.002107162494212389, 0.0019048720132559538, 0.0015462187584489584, 0.002690426539629698, 0.00212551886215806, 0.0008123972220346332, 0.0002160357980756089, 0.00025875173741951585, 0.0003912229440174997, 0.00048066850285977125, 0.0006697979406453669, 0.000892944517545402, 0.0008971195202320814, 0.0012255453038960695, 0.0007680421113036573, 0.0017685370985418558, 0.0014179156860336661, 0.0006874538958072662, 0.00044250889914110303, 0.0006687717395834625, 0.0003425639879424125, 0.000759309739805758, 0.0003079751622863114, 0.0002002559049287811, 0.0005275338771753013, 0.0005753186997026205, 0.0003293855697847903, 5.2292027248768136e-05, 8.996684482553974e-05, 5.590762521023862e-05, 0.0001231496426044032, 0.0004768714716192335, 0.00039892311906442046, 0.000332865456584841, 0.00018916127737611532, 5.390152728068642e-05, 7.501828804379329e-05, 0.00016554670582991093, 5.4011867177905515e-05, 7.116196502465755e-05, 2.8293723516981117e-05, 5.774882811238058e-05, 0.00013447290984913707, 6.62771490169689e-05, 5.3801664762431756e-05, 2.816845699271653e-05, 1.514121686341241e-05, 2.193886939494405e-05, 3.453379758866504e-05, 5.610863081528805e-05, 3.580017073545605e-05, 7.146182178985327e-05, 2.5156796255032532e-05, 2.6935364076052792e-05, 1.5105407328519505e-05, 1.1622108104347717e-05, 6.329210464173229e-06, 8.010271812963765e-06, 1.005179547064472e-05, 6.5796948547358625e-06, 1.0522334378038067e-05, 7.500522769987583e-06, 5.230369424680248e-06, 5.916086593060754e-06, 2.4974510779429693e-06, 1.9019161072719726e-06, 2.0053084881510586e-06, 2.086588892780128e-06, 1.6967705960269086e-06, 1.9717747363756644e-06, 2.6027214516943786e-06, 3.062135192521964e-06, 2.5633426048443653e-06, 4.4858143155579455e-06, 4.19739308199496e-06, 1.9095043626293773e-06, 1.803634859243175e-06, 1.3809166148348595e-06, 8.793409165264165e-07, 5.149946105120762e-07, 6.264808689593337e-07, 8.480760129714326e-07, 1.1085487585660303e-06, 1.3089660342302523e-06, 1.6194512681977358e-06, 1.2981789723198744e-06, 1.3021183349337662e-06, 1.668679487920599e-06, 2.0365193904581247e-06, 7.816282163730648e-07, 1.1449014891695697e-06, 6.479732519437675e-07, 9.074470881387242e-07, 6.484220307356736e-07, 5.156036309017509e-07, 4.961687523064029e-07, 3.3923126352419786e-07, 2.3055294207097177e-07, 2.7855716666636e-07, 2.9378063004514843e-07, 2.050266232345166e-07, 1.3543801458126836e-07, 4.658959795733608e-08, 1.6506803035554185e-08, 4.0598018002935277e-11, 6.352071646453794e-12, 9.206690097796066e-12, 5.8626515100912435e-12, 5.733536909136028e-12, 5.6189657961225326e-12, 5.521179867462589e-12, 5.4389418316369564e-12, 5.3750571701871586e-12, 5.328044429264711e-12, 5.299085389237623e-12], "lowlevel.mfcc.mean": [-800.491943359375, 92.33267211914062, -13.516953468322754, -7.005440711975098, 0.8693538308143616, -24.412883758544922, -5.626021862030029, -9.568378448486328, -16.694618225097656, 0.06166139245033264, -11.695475578308105, -11.870244979858398, 3.7169222831726074], "lowlevel.spectral_contrast_coeffs.mean": [-0.6421852707862854, -0.676912784576416, -0.7288174629211426, -0.7750571370124817, -0.7874459624290466, -0.8022845387458801], "lowlevel.spectral_contrast_coeffs.stdev": [0.12959173321723938, 0.1401345580816269, 0.12487516552209854, 0.0907473936676979, 0.07689755409955978, 0.046346768736839294], "lowlevel.spectral_contrast_valleys.mean": [-9.680694580078125, -8.604459762573242, -9.065558433532715, -9.148656845092773, -9.079939842224121, -11.566261291503906], "lowlevel.spectral_contrast_valleys.stdev": [2.6222710609436035, 1.4727450609207153, 1.5816974639892578, 1.426230549812317, 1.334078073501587, 1.280015230178833], "rhythm.beats_loudness_band_ratio.mean": [0.18957984447479248, 0.19592443108558655, 0.25910958647727966, 0.19336402416229248, 0.11073490977287292, 0.09110679477453232], "rhythm.beats_loudness_band_ratio.stdev": [0.276798814535141, 0.2618775963783264, 0.25051799416542053, 0.21172846853733063, 0.11699479818344116, 0.1814453899860382], "tonal.hpcp.mean": [0.1190510094165802, 0.08343429863452911, 0.06154177337884903, 0.055534813553094864, 0.07809241861104965, 0.12147753685712814, 0.12656685709953308, 0.09219379723072052, 0.0831134021282196, 0.07974149286746979, 0.07720272988080978, 0.1219446063041687, 0.14411038160324097, 0.09495405852794647, 0.05546131730079651, 0.05648094788193703, 0.07081815600395203, 0.08297079056501389, 0.09203421324491501, 0.08905711024999619, 0.11409591138362885, 0.15679217875003815, 0.13931713998317719, 0.12317395210266113, 0.12059696763753891, 0.11731597036123276, 0.16840124130249023, 0.19112233817577362, 0.15478484332561493, 0.13149361312389374, 0.10323581099510193, 0.09246835112571716, 0.14426785707473755, 0.1798977106809616, 0.13799265027046204, 0.12063047289848328], "tonal.hpcp.stdev": [0.251620352268219, 0.19498085975646973, 0.15743182599544525, 0.13855654001235962, 0.18871250748634338, 0.25212183594703674, 0.25458693504333496, 0.2006484717130661, 0.1885019987821579, 0.19506099820137024, 0.17467285692691803, 0.23459646105766296, 0.26634547114372253, 0.19965322315692902, 0.14932678639888763, 0.15941481292247772, 0.1890939176082611, 0.1929495483636856, 0.20983225107192993, 0.20247675478458405, 0.22943492233753204, 0.293658584356308, 0.2591637372970581, 0.250449001789093, 0.2512860894203186, 0.23968039453029633, 0.28184351325035095, 0.31250429153442383, 0.26745912432670593, 0.25771045684814453, 0.2177497297525406, 0.20321305096149445, 0.26010793447494507, 0.3040003180503845, 0.2509380877017975, 0.2381967306137085], "rhythm.beats_position": [0.3599092960357666, 0.7314285635948181, 1.1145577430725098, 1.4976871013641357, 1.8692063093185425, 2.2291154861450195, 2.589024782180786, 2.9605441093444824, 3.3320634365081787, 3.703582763671875, 4.075101852416992, 4.446621417999268, 4.806530475616455, 5.166440010070801, 5.526349067687988, 5.874648571014404, 6.2809977531433105, 6.687346935272217, 7.093696117401123, 7.500045299530029, 7.9063944816589355, 8.312743186950684, 8.71909236907959, 9.264761924743652, 9.822040557861328, 10.356099128723145, 10.890158653259277, 11.435827255249023, 11.969886779785156, 12.469115257263184, 12.991564750671387, 13.479183197021484, 13.978412628173828, 14.477641105651855, 14.9768705368042, 15.487709045410156, 15.99854850769043, 16.451337814331055, 16.90412712097168, 17.368526458740234, 17.82131576538086, 18.27410316467285, 18.726892471313477, 19.19129180908203, 19.644081115722656, 20.08526039123535, 20.526439666748047, 20.967618942260742, 21.408798217773438, 21.849977493286133, 22.291156768798828, 22.720726013183594, 23.13868522644043, 23.568254470825195, 23.997821807861328, 24.427391052246094, 24.85696029663086, 25.286529541015625, 25.70448875427246, 26.122447967529297, 26.540407180786133, 26.95836639404297, 27.376325607299805, 27.79428482055664, 28.223854064941406, 28.653423309326172, 29.071382522583008, 29.500951766967773, 29.93052101135254, 30.348480224609375, 30.77804946899414, 31.207618713378906, 31.625577926635742, 32.04353713989258, 32.46149444580078, 32.87945556640625, 33.29741287231445, 33.72698211669922, 34.14494323730469, 34.57451248168945, 34.992469787597656, 35.410430908203125, 35.82838821411133, 36.257957458496094, 36.68752670288086, 37.10548782348633, 37.52344512939453, 37.9530143737793, 38.38258361816406, 38.81215286254883, 39.2301139831543, 39.65968322753906], "rhythm.bpm_histogram": [0.0, 0.0, 0.0, 0.0, 0.0, 0.0, 0.0, 0.0, 0.0, 0.0, 0.0, 0.0, 0.0, 0.0, 0.0, 0.0, 0.0, 0.0, 0.0, 0.0, 0.0, 0.0, 0.0, 0.0, 0.0, 0.0, 0.0, 0.0, 0.0, 0.0, 0.0, 0.0, 0.0, 0.0, 0.0, 0.0, 0.0, 0.0, 0.0, 0.0, 0.0, 0.0, 0.0, 0.0, 0.0, 0.0, 0.0, 0.0, 0.0, 0.0, 0.0, 0.0, 0.0, 0.0, 0.0, 0.0, 0.0, 0.0, 0.0, 0.0, 0.0, 0.0, 0.0, 0.0, 0.0, 0.0, 0.0, 0.0, 0.0, 0.0, 0.0, 0.0, 0.0, 0.0, 0.0, 0.0, 0.0, 0.0, 0.0, 0.0, 0.0, 0.0, 0.0, 0.0, 0.0, 0.0, 0.0, 0.0, 0.0, 0.0, 0.0, 0.0, 0.0, 0.0, 0.0, 0.0, 0.0, 0.0, 0.0, 0.0, 0.0, 0.0, 0.0, 0.0, 0.0, 0.0, 0.0, 0.0, 0.010989011265337467, 0.0, 0.021978022530674934, 0.0, 0.032967034727334976, 0.0, 0.0, 0.010989011265337467, 0.0, 0.021978022530674934, 0.0, 0.0, 0.04395604506134987, 0.0, 0.0, 0.010989011265337467, 0.0, 0.0, 0.0, 0.0, 0.0, 0.021978022530674934, 0.0, 0.0, 0.0, 0.06593406945466995, 0.0, 0.0, 0.06593406945466995, 0.0, 0.0, 0.0, 0.21978022158145905, 0.0, 0.0, 0.0, 0.23076923191547394, 0.0, 0.0, 0.0, 0.07692307978868484, 0.0, 0.0, 0.0, 0.0, 0.0, 0.0, 0.0, 0.0, 0.021978022530674934, 0.0, 0.0, 0.0, 0.07692307978868484, 0.0, 0.0, 0.0, 0.0, 0.0, 0.05494505539536476, 0.0, 0.0, 0.0, 0.0, 0.010989011265337467, 0.0, 0.0, 0.0, 0.0, 0.0, 0.0, 0.0, 0.0, 0.0, 0.0, 0.0, 0.0, 0.0, 0.0, 0.0, 0.0, 0.0, 0.0, 0.0, 0.0, 0.0, 0.0, 0.0, 0.0, 0.0, 0.0, 0.0, 0.0, 0.0, 0.0, 0.0, 0.0, 0.0, 0.0, 0.0, 0.0, 0.0, 0.0, 0.0, 0.0, 0.0, 0.0, 0.0, 0.0, 0.0, 0.0, 0.0, 0.0, 0.0, 0.0, 0.0, 0.0, 0.0, 0.0, 0.0, 0.0, 0.0, 0.0, 0.0, 0.0, 0.0, 0.0, 0.0, 0.0, 0.0, 0.0, 0.0, 0.0, 0.0, 0.0, 0.0, 0.0, 0.0, 0.0, 0.0, 0.0, 0.0], "tonal.chords_histogram": [9.490740776062012, 10.416666984558105, 15.277777671813965, 10.532407760620117, 0.0, 5.902777671813965, 4.166666507720947, 5.55555534362793, 0.0, 10.879630088806152, 10.185185432434082, 1.1574074029922485, 1.2731481790542603, 1.2731481790542603, 0.9259259104728699, 2.314814805984497, 0.0, 0.0, 1.0416666269302368, 0.0, 8.217592239379883, 0.0, 0.5787037014961243, 0.8101851940155029], "tonal.thpcp": [1.0, 0.809873104095459, 0.6880075335502625, 0.5401556491851807, 0.48381760716438293, 0.7548456192016602, 0.9412699341773987, 0.7220121622085571, 0.6311689019203186, 0.6229047179222107, 0.43654918670654297, 0.32200199365615845, 0.29057207703590393, 0.4085991084575653, 0.6356009244918823, 0.6622295379638672, 0.48238107562065125, 0.4348701536655426, 0.41722747683525085, 0.4039440453052521, 0.6380447745323181, 0.7540216445922852, 0.4968234598636627, 0.2901875078678131, 0.2955224812030792, 0.3705383539199829, 0.4341239929199219, 0.4815460741519928, 0.46596914529800415, 0.5969784259796143, 0.8203759789466858, 0.7289422154426575, 0.6444770097732544, 0.6309936046600342, 0.61382657289505, 0.8811175227165222], "lowlevel.gfcc.cov": [[28955.595703125, 6255.669921875, 1089.1741943359375, 1312.912353515625, 2522.405029296875, 1479.085205078125, 1723.2916259765625, 847.563720703125, 3.8599321842193604, -739.4234619140625, 573.685791015625, -727.27783203125, -307.1616516113281], [6255.669921875, 4169.4619140625, 664.3411865234375, 522.2665405273438, 1082.181640625, 459.13006591796875, 770.8995361328125, 15.841927528381348, 32.49325942993164, -543.7348022460938, 185.6992645263672, -501.64208984375, -23.83087730407715], [1089.1741943359375, 664.3411865234375, 1551.28564453125, 909.9677734375, 418.70709228515625, 316.1443176269531, 170.9566192626953, -35.75368118286133, -62.453956604003906, -14.108689308166504, -124.22991943359375, 69.66555786132812, -146.16281127929688], [1312.912353515625, 522.2665405273438, 909.9677734375, 1502.244873046875, 709.06689453125, 422.676513671875, 357.7392883300781, 43.57408905029297, 86.85162353515625, -17.82413101196289, -154.1902313232422, 14.877915382385254, -206.4012451171875], [2522.405029296875, 1082.181640625, 418.70709228515625, 709.06689453125, 893.7953491210938, 559.9183959960938, 456.353271484375, 122.83252716064453, 97.09757232666016, -104.20112609863281, -43.82156753540039, -161.34890747070312, -145.07528686523438], [1479.085205078125, 459.13006591796875, 316.1443176269531, 422.676513671875, 559.9183959960938, 818.8989868164062, 532.2433471679688, 47.180484771728516, 24.88333511352539, 16.260234832763672, -51.28013229370117, -87.19915771484375, -140.12464904785156], [1723.2916259765625, 770.8995361328125, 170.9566192626953, 357.7392883300781, 456.353271484375, 532.2433471679688, 639.9987182617188, 102.15435028076172, 38.54939651489258, -44.81837844848633, 52.57817077636719, -102.52950286865234, -103.95632934570312], [847.563720703125, 15.841927528381348, -35.75368118286133, 43.57408905029297, 122.83252716064453, 47.180484771728516, 102.15435028076172, 283.68560791015625, 97.56745147705078, -8.622564315795898, 20.937894821166992, -22.054929733276367, -28.1955623626709], [3.8599321842193604, 32.49325942993164, -62.453956604003906, 86.85162353515625, 97.09757232666016, 24.88333511352539, 38.54939651489258, 97.56745147705078, 204.9265594482422, 31.713796615600586, -10.444314002990723, -13.198807716369629, 9.9542875289917], [-739.4234619140625, -543.7348022460938, -14.108689308166504, -17.82413101196289, -104.20112609863281, 16.260234832763672, -44.81837844848633, -8.622564315795898, 31.713796615600586, 229.79237365722656, 44.654911041259766, 110.15701293945312, -20.92710304260254], [573.685791015625, 185.6992645263672, -124.22991943359375, -154.1902313232422, -43.82156753540039, -51.28013229370117, 52.57817077636719, 20.937894821166992, -10.444314002990723, 44.654911041259766, 296.3489990234375, 52.15129089355469, 51.381343841552734], [-727.27783203125, -501.64208984375, 69.66555786132812, 14.877915382385254, -161.34890747070312, -87.19915771484375, -102.52950286865234, -22.054929733276367, -13.198807716369629, 110.15701293945312, 52.15129089355469, 203.49378967285156, 34.78446960449219], [-307.1616516113281, -23.83087730407715, -146.16281127929688, -206.4012451171875, -145.07528686523438, -140.12464904785156, -103.95632934570312, -28.1955623626709, 9.9542875289917, -20.92710304260254, 51.381343841552734, 34.78446960449219, 160.87283325195312]], "lowlevel.gfcc.icov": [[6.598629261134192e-05, -9.2958944151178e-05, 2.28606368182227e-05, -1.4705269677506294e-05, -5.559409692068584e-05, -6.441476580221206e-05, 5.998913184157573e-05, -0.00021938676945865154, 0.0001482149091316387, -1.081250866263872e-05, -7.392992847599089e-05, -3.585218655643985e-05, 2.8982620278839022e-05], [-9.2958944151178e-05, 0.0011490179458633065, -0.0006089612143114209, 0.0002999416901730001, -0.0008379808277823031, 0.0007569993031211197, -0.000974963593762368, 0.0010725364554673433, -0.0006353146745823324, 0.001291386317461729, -0.0009323239210061729, 0.0015639766352251172, -0.0005471920594573021], [2.28606368182227e-05, -0.0006089612143114209, 0.00146565493196249, -0.0007636189693585038, 0.00036253282451070845, -0.000621361774392426, 0.0007413227576762438, -0.00048214293201453984, 0.0008614407270215452, -0.0005233268602751195, 0.0006862164009362459, -0.0014375868486240506, 0.0004558864748105407], [-1.4705269677506294e-05, 0.0002999416901730001, -0.0007636189693585038, 0.001973165199160576, -0.0015849737683311105, 0.0008504231809638441, -0.000901867519132793, 0.0007606442086398602, -0.000810727127827704, 0.00042837136425077915, 0.0004999462398700416, -0.001023913617245853, 0.0008836910128593445], [-5.559409692068584e-05, -0.0008379808277823031, 0.00036253282451070845, -0.0015849737683311105, 0.004938805941492319, -0.0024864254519343376, 0.0009858408011496067, -0.0011671633692458272, -0.0007727474439889193, 0.0001569247542647645, -0.00013899819168727845, 0.0007216298836283386, 0.0007427193922922015], [-6.441476580221206e-05, 0.0007569993031211197, -0.000621361774392426, 0.0008504231809638441, -0.0024864254519343376, 0.0047056046314537525, -0.003499757032841444, 0.0013595183845609426, 0.00018843224097508937, -0.0009619894553907216, 0.0008914408390410244, 0.0005527433822862804, -0.00019215335487388074], [5.998913184157573e-05, -0.000974963593762368, 0.0007413227576762438, -0.000901867519132793, 0.0009858408011496067, -0.003499757032841444, 0.005533112678676844, -0.0017033446347340941, 0.00036303576780483127, -3.9677106542512774e-06, -0.0010822239564731717, -0.000360374862793833, 0.001004758756607771], [-0.00021938676945865154, 0.0010725364554673433, -0.00048214293201453984, 0.0007606442086398602, -0.0011671633692458272, 0.0013595183845609426, -0.0017033446347340941, 0.006145499646663666, -0.0031591285951435566, 0.0016110698925331235, -0.0007057799375616014, 0.0003784048021771014, 0.0009345262660644948], [0.0001482149091316387, -0.0006353146745823324, 0.0008614407270215452, -0.000810727127827704, -0.0007727474439889193, 0.00018843224097508937, 0.00036303576780483127, -0.0031591285951435566, 0.008052321150898933, -0.003179046791046858, 0.0012263228418305516, 0.00035881338408216834, -0.00230150343850255], [-1.081250866263872e-05, 0.001291386317461729, -0.0005233268602751195, 0.00042837136425077915, 0.0001569247542647645, -0.0009619894553907216, -3.9677106542512774e-06, 0.0016110698925331235, -0.003179046791046858, 0.009766850620508194, -0.0027136083226650953, -0.002066318178549409, 0.0026088980957865715], [-7.392992847599089e-05, -0.0009323239210061729, 0.0006862164009362459, 0.0004999462398700416, -0.00013899819168727845, 0.0008914408390410244, -0.0010822239564731717, -0.0007057799375616014, 0.0012263228418305516, -0.0027136083226650953, 0.006176290567964315, -0.0030600503087043762, -0.0009261536761187017], [-3.585218655643985e-05, 0.0015639766352251172, -0.0014375868486240506, -0.001023913617245853, 0.0007216298836283386, 0.0005527433822862804, -0.000360374862793833, 0.0003784048021771014, 0.00035881338408216834, -0.002066318178549409, -0.0030600503087043762, 0.012398792430758476, -0.0034854875411838293], [2.8982620278839022e-05, -0.0005471920594573021, 0.0004558864748105407, 0.0008836910128593445, 0.0007427193922922015, -0.00019215335487388074, 0.001004758756607771, 0.0009345262660644948, -0.00230150343850255, 0.0026088980957865715, -0.0009261536761187017, -0.0034854875411838293, 0.010585072450339794]], "lowlevel.mfcc.cov": [[25893.365234375, 4853.90625, 351.930908203125, 1405.7034912109375, 1610.445556640625, 1099.66455078125, 2160.560302734375, 1627.8604736328125, 142.42684936523438, 1240.865478515625, 65.96199798583984, -277.50042724609375, 322.5936279296875], [4853.90625, 3085.9345703125, 199.5637969970703, 293.8807067871094, 430.6166687011719, 336.9423522949219, 650.78466796875, 436.0378723144531, 22.650419235229492, 258.5473327636719, -37.72245788574219, -158.60269165039062, -85.55762481689453], [351.930908203125, 199.5637969970703, 1128.192138671875, 596.7383422851562, 243.48622131347656, 475.6392822265625, 198.93215942382812, 177.70269775390625, 130.87254333496094, -123.67510223388672, 68.15658569335938, 106.6392822265625, 32.080753326416016], [1405.7034912109375, 293.8807067871094, 596.7383422851562, 1109.7008056640625, 431.7908935546875, 454.40313720703125, 220.8468475341797, 328.4995422363281, 208.88128662109375, -18.422779083251953, 105.18738555908203, 171.71446228027344, 61.5492057800293], [1610.445556640625, 430.6166687011719, 243.48622131347656, 431.7908935546875, 566.9095458984375, 282.8257141113281, 210.88949584960938, 261.6935729980469, 147.24310302734375, 154.524169921875, 31.224050521850586, 39.92524337768555, 26.252511978149414], [1099.66455078125, 336.9423522949219, 475.6392822265625, 454.40313720703125, 282.8257141113281, 1015.3323364257812, 468.3841247558594, 370.55572509765625, 277.87738037109375, 146.97210693359375, 178.3157196044922, 90.31865692138672, 7.801023483276367], [2160.560302734375, 650.78466796875, 198.93215942382812, 220.8468475341797, 210.88949584960938, 468.3841247558594, 635.8273315429688, 360.4714050292969, 61.425045013427734, 224.41619873046875, 104.6771469116211, 3.180037260055542, 62.134361267089844], [1627.8604736328125, 436.0378723144531, 177.70269775390625, 328.4995422363281, 261.6935729980469, 370.55572509765625, 360.4714050292969, 450.2793884277344, 198.6374969482422, 201.01576232910156, 86.75919342041016, 55.686973571777344, 43.97978210449219], [142.42684936523438, 22.650419235229492, 130.87254333496094, 208.88128662109375, 147.24310302734375, 277.87738037109375, 61.425045013427734, 198.6374969482422, 319.14605712890625, 99.38200378417969, 63.769657135009766, 65.80985260009766, -4.465658187866211], [1240.865478515625, 258.5473327636719, -123.67510223388672, -18.422779083251953, 154.524169921875, 146.97210693359375, 224.41619873046875, 201.01576232910156, 99.38200378417969, 327.5107116699219, 73.6635971069336, -27.727502822875977, 15.767614364624023], [65.96199798583984, -37.72245788574219, 68.15658569335938, 105.18738555908203, 31.224050521850586, 178.3157196044922, 104.6771469116211, 86.75919342041016, 63.769657135009766, 73.6635971069336, 174.43170166015625, 74.15801239013672, 38.74367904663086], [-277.50042724609375, -158.60269165039062, 106.6392822265625, 171.71446228027344, 39.92524337768555, 90.31865692138672, 3.180037260055542, 55.686973571777344, 65.80985260009766, -27.727502822875977, 74.15801239013672, 176.22836303710938, 86.400146484375], [322.5936279296875, -85.55762481689453, 32.080753326416016, 61.5492057800293, 26.252511978149414, 7.801023483276367, 62.134361267089844, 43.97978210449219, -4.465658187866211, 15.767614364624023, 38.74367904663086, 86.400146484375, 200.38536071777344]], "lowlevel.mfcc.icov": [[8.011164754861966e-05, -6.898934225318953e-05, 2.199147093051579e-05, -8.11533464002423e-05, -5.37699343112763e-05, 1.8211248971056193e-05, -8.939117833506316e-05, -7.528281275881454e-05, 8.330793934874237e-05, -0.00014435469347517937, 7.974288018886e-05, 0.00014475980424322188, -0.00015106183127500117], [-6.898934225318953e-05, 0.0005545004387386143, -3.0040511774132028e-05, 3.952636325266212e-05, -0.00016818275616969913, 9.260536171495914e-05, -0.00039144299807958305, -0.00014291652769315988, 3.0355793569469824e-05, 0.00016567480633966625, 0.00013033578579779714, 0.00017801480134949088, 0.00039734208257868886], [2.199147093051579e-05, -3.0040511774132028e-05, 0.0015754920896142721, -0.0004776380374096334, -0.00030701360083185136, -0.0004280154244042933, -0.0003409402852412313, 6.2568586145062e-05, -0.00016400821914430708, 0.0011416522320359945, -0.00013621491962112486, 0.0001628706231713295, -0.0001422566856490448], [-8.11533464002423e-05, 3.952636325266212e-05, -0.0004776380374096334, 0.002176398178562522, -0.0010870702099055052, -9.039120777742937e-05, 0.00020011542073916644, -0.0008740586345084012, -0.00018088769866153598, 0.0012667126720771194, -0.0006005698814988136, -0.0009667782578617334, 0.0002604797191452235], [-5.37699343112763e-05, -0.00016818275616969913, -0.00030701360083185136, -0.0010870702099055052, 0.0035725224297493696, -0.0002565392933320254, 0.00047739100409671664, -0.0003280836099293083, -5.623518518405035e-05, -0.001805987674742937, 0.001186508685350418, -0.00028667814331129193, -0.00010121195373358205], [1.8211248971056193e-05, 9.260536171495914e-05, -0.0004280154244042933, -9.039120777742937e-05, -0.0002565392933320254, 0.0025679285172373056, -0.0018135062418878078, 0.00020552441128529608, -0.0015773344784975052, 0.00046668495633639395, -0.0011166551848873496, -5.402950046118349e-05, 0.0007246858440339565], [-8.939117833506316e-05, -0.00039144299807958305, -0.0003409402852412313, 0.00020011542073916644, 0.00047739100409671664, -0.0018135062418878078, 0.005659879185259342, -0.0029931708704680204, 0.002593731740489602, -0.001447845483198762, -0.0005999512504786253, 0.0008209452498704195, -0.0011863461695611477], [-7.528281275881454e-05, -0.00014291652769315988, 6.2568586145062e-05, -0.0008740586345084012, -0.0003280836099293083, 0.00020552441128529608, -0.0029931708704680204, 0.007751160766929388, -0.0030512120574712753, -0.001587777747772634, 0.0005935004446655512, -0.0012500506127253175, 6.169413973111659e-05], [8.330793934874237e-05, 3.0355793569469824e-05, -0.00016400821914430708, -0.00018088769866153598, -5.623518518405035e-05, -0