{"song_id": "1182273946998018090", "download": "https://cdn.discordapp.com/attachments/1135903449314238464/1182273946998018090/chirp.mp4?ex=6584196a&amp", "lyrics": "2021\u5e74 \u3057\u3061\u304c\u306421\u65e5 \u30bb\u30d6\u30f3\u30a4\u30ec\u30d6\u30f3\u306e\u65e5\u306b\u5165\u5b66\u3057\u307e\u3057\u305f\n\n\u5927\u962a\u51fa\u8eab \u6c96\u7e04\u5927\u597d\u304d \u57fc\u7389\u3088\u308a\u306e\u6771\u4eac\u306b\u3059\u3093\u3067\u3044\u308b \u307e\u308a\u308a\u3093\u3053\u3068 \u306f\u304e\u306f\u3089\u307e\u308a\u3093", "style": ["J</span><span>-pop"], "essentia_features": {"lowlevel.average_loudness": 0.9809689521789551, "lowlevel.barkbands_crest.mean": 11.074264526367188, "lowlevel.barkbands_crest.stdev": 4.194307327270508, "lowlevel.barkbands_flatness_db.mean": 0.15146379172801971, "lowlevel.barkbands_flatness_db.stdev": 0.04772145301103592, "lowlevel.barkbands_kurtosis.mean": 7.290065288543701, "lowlevel.barkbands_kurtosis.stdev": 14.131857872009277, "lowlevel.barkbands_skewness.mean": 2.0305323600769043, "lowlevel.barkbands_skewness.stdev": 1.8416979312896729, "lowlevel.barkbands_spread.mean": 32.17397689819336, "lowlevel.barkbands_spread.stdev": 16.02286720275879, "lowlevel.dissonance.mean": 0.47203952074050903, "lowlevel.dissonance.stdev": 0.023230256512761116, "lowlevel.dynamic_complexity": 1.7222812175750732, "lowlevel.erbbands_crest.mean": 10.349980354309082, "lowlevel.erbbands_crest.stdev": 5.033912658691406, "lowlevel.erbbands_flatness_db.mean": 0.1325441598892212, "lowlevel.erbbands_flatness_db.stdev": 0.0461072139441967, "lowlevel.erbbands_kurtosis.mean": 1.3883744478225708, "lowlevel.erbbands_kurtosis.stdev": 2.7048707008361816, "lowlevel.erbbands_skewness.mean": 0.10129419714212418, "lowlevel.erbbands_skewness.stdev": 0.8509674072265625, "lowlevel.erbbands_spread.mean": 44.77238845825195, "lowlevel.erbbands_spread.stdev": 28.54096031188965, "lowlevel.hfc.mean": 38.110511779785156, "lowlevel.hfc.stdev": 17.859094619750977, "lowlevel.loudness_ebu128.integrated": -10.768576622009277, "lowlevel.loudness_ebu128.loudness_range": 0.9237937927246094, "lowlevel.loudness_ebu128.momentary.mean": -10.827117919921875, "lowlevel.loudness_ebu128.momentary.stdev": 0.7180150151252747, "lowlevel.loudness_ebu128.short_term.mean": -10.817192077636719, "lowlevel.loudness_ebu128.short_term.stdev": 0.28716808557510376, "lowlevel.melbands_crest.mean": 24.47007942199707, "lowlevel.melbands_crest.stdev": 8.614714622497559, "lowlevel.melbands_flatness_db.mean": 0.2174282819032669, "lowlevel.melbands_flatness_db.stdev": 0.05853913724422455, "lowlevel.melbands_kurtosis.mean": 34.05321502685547, "lowlevel.melbands_kurtosis.stdev": 63.696876525878906, "lowlevel.melbands_skewness.mean": 3.967998743057251, "lowlevel.melbands_skewness.stdev": 3.496370315551758, "lowlevel.melbands_spread.mean": 29.434181213378906, "lowlevel.melbands_spread.stdev": 21.26352882385254, "lowlevel.pitch_salience.mean": 0.39817947149276733, "lowlevel.pitch_salience.stdev": 0.1356056183576584, "lowlevel.silence_rate_20dB.mean": 1.0, "lowlevel.silence_rate_20dB.stdev": 0.0, "lowlevel.silence_rate_30dB.mean": 0.960629940032959, "lowlevel.silence_rate_30dB.stdev": 0.19447408616542816, "lowlevel.silence_rate_60dB.mean": 0.0031496062874794006, "lowlevel.silence_rate_60dB.stdev": 0.05603267252445221, "lowlevel.spectral_centroid.mean": 2010.721435546875, "lowlevel.spectral_centroid.stdev": 639.2011108398438, "lowlevel.spectral_complexity.mean": 15.82677173614502, "lowlevel.spectral_complexity.stdev": 6.574460506439209, "lowlevel.spectral_decrease.mean": -1.4318046304140353e-08, "lowlevel.spectral_decrease.stdev": 7.163030613099863e-09, "lowlevel.spectral_energy.mean": 0.05749635025858879, "lowlevel.spectral_energy.stdev": 0.026835475116968155, "lowlevel.spectral_energyband_high.mean": 0.0019835520070046186, "lowlevel.spectral_energyband_high.stdev": 0.0010452219285070896, "lowlevel.spectral_energyband_low.mean": 0.035072408616542816, "lowlevel.spectral_energyband_low.stdev": 0.02996143512427807, "lowlevel.spectral_energyband_middle_high.mean": 0.010665790177881718, "lowlevel.spectral_energyband_middle_high.stdev": 0.0092868497595191, "lowlevel.spectral_energyband_middle_low.mean": 0.008228974416851997, "lowlevel.spectral_energyband_middle_low.stdev": 0.009650954976677895, "lowlevel.spectral_entropy.mean": 7.851473331451416, "lowlevel.spectral_entropy.stdev": 0.33509165048599243, "lowlevel.spectral_flux.mean": 0.1283399909734726, "lowlevel.spectral_flux.stdev": 0.06377158313989639, "lowlevel.spectral_kurtosis.mean": 2.512768268585205, "lowlevel.spectral_kurtosis.stdev": 1.0525027513504028, "lowlevel.spectral_rms.mean": 0.007277993485331535, "lowlevel.spectral_rms.stdev": 0.001767703564837575, "lowlevel.spectral_rolloff.mean": 1361.8829345703125, "lowlevel.spectral_rolloff.stdev": 1366.2362060546875, "lowlevel.spectral_skewness.mean": 1.328492522239685, "lowlevel.spectral_skewness.stdev": 0.23649962246418, "lowlevel.spectral_spread.mean": 6631249.5, "lowlevel.spectral_spread.stdev": 1131133.375, "lowlevel.spectral_strongpeak.mean": 0.9096088409423828, "lowlevel.spectral_strongpeak.stdev": 1.8160512447357178, "lowlevel.zerocrossingrate.mean": 0.06795952469110489, "lowlevel.zerocrossingrate.stdev": 0.03473745286464691, "metadata.audio_properties.analysis.equal_loudness": 0.0, "metadata.audio_properties.analysis.length": 14.719977378845215, "metadata.audio_properties.analysis.sample_rate": 44100.0, "metadata.audio_properties.analysis.start_time": 0.0, "metadata.audio_properties.bit_rate": 119753.0, "metadata.audio_properties.length": 14.720000267028809, "metadata.audio_properties.lossless": 0.0, "metadata.audio_properties.number_channels": 1.0, "metadata.audio_properties.replay_gain": -14.962221145629883, "metadata.audio_properties.sample_rate": 48000.0, "rhythm.beats_count": 36.0, "rhythm.beats_loudness.mean": 0.056459758430719376, "rhythm.beats_loudness.stdev": 0.019283635541796684, "rhythm.bpm": 150.3699493408203, "rhythm.bpm_histogram_first_peak_bpm": 152.0, "rhythm.bpm_histogram_first_peak_weight": 0.48148149251937866, "rhythm.bpm_histogram_second_peak_bpm": 144.0, "rhythm.bpm_histogram_second_peak_spread": 0.0, "rhythm.bpm_histogram_second_peak_weight": 0.05714285746216774, "rhythm.danceability": 1.6581170558929443, "rhythm.onset_rate": 4.615469932556152, "tonal.chords_changes_rate": 0.08490566164255142, "tonal.chords_number_rate": 0.01886792480945587, "tonal.chords_strength.mean": 0.4678903818130493, "tonal.chords_strength.stdev": 0.06678438931703568, "tonal.hpcp_crest.mean": 13.041178703308105, "tonal.hpcp_crest.stdev": 4.890256881713867, "tonal.hpcp_entropy.mean": 1.9365674257278442, "tonal.hpcp_entropy.stdev": 0.6306943893432617, "tonal.key_edma.strength": 0.401476114988327, "tonal.key_krumhansl.strength": 0.40200871229171753, "tonal.key_temperley.strength": 0.39511799812316895, "tonal.tuning_diatonic_strength": 0.4610274136066437, "tonal.tuning_equal_tempered_deviation": 0.21101917326450348, "tonal.tuning_frequency": 434.193115234375, "tonal.tuning_nontempered_energy_ratio": 0.9281940460205078, "lowlevel.barkbands.mean": [0.013128587044775486, 0.02198614552617073, 0.0015426062745973468, 0.0022231615148484707, 0.003073499072343111, 0.0004179808893240988, 0.001091421116143465, 0.0007859767065383494, 0.0006044090259820223, 0.0005078543326817453, 0.0007301907171495259, 0.002470653969794512, 0.0013749304926022887, 0.0017926114378497005, 0.0010661878623068333, 0.0008294654544442892, 0.0002736699243541807, 0.0005480451509356499, 0.0005670365644618869, 0.0007202328415587544, 0.00035629398189485073, 0.0003689568839035928, 0.0001628435857128352, 0.00017987033061217517, 0.0004417660238686949, 0.000247649586526677, 4.3375493987696245e-06], "lowlevel.barkbands.stdev": [0.010942497290670872, 0.02346128225326538, 0.005025043152272701, 0.0035784756764769554, 0.004710038658231497, 0.0009053844842128456, 0.002944628708064556, 0.002025134628638625, 0.0029918840155005455, 0.001608150778338313, 0.002213062020018697, 0.004752526059746742, 0.003567040665075183, 0.0034748052712529898, 0.002831038786098361, 0.0012436709366738796, 0.0006977329612709582, 0.0012198176700621843, 0.000865848152898252, 0.0009592688293196261, 0.0002567278570495546, 0.00027000904083251953, 0.00012237070768605918, 0.0001398822496412322, 0.0003215530887246132, 0.00017185969045385718, 6.416006272047525e-06], "lowlevel.erbbands.mean": [1.343234658241272, 2.217710018157959, 2.1944897174835205, 3.893738031387329, 15.778226852416992, 4.524324893951416, 3.939903736114502, 3.6578543186187744, 9.987757682800293, 22.489242553710938, 15.287246704101562, 16.379697799682617, 7.168210983276367, 26.699243545532227, 68.22644805908203, 71.73173522949219, 67.51544189453125, 47.55176544189453, 106.32353973388672, 43.528812408447266, 49.744728088378906, 19.400447845458984, 27.882253646850586, 26.753433227539062, 30.431499481201172, 39.387229919433594, 17.796085357666016, 11.833624839782715, 14.069512367248535, 7.9921875, 4.1972975730896, 3.1697466373443604, 3.582512617111206, 4.8622541427612305, 3.18548583984375, 1.5533416271209717, 0.3245289921760559, 0.030023492872714996, 0.0007462800713256001, 0.00010130949522135779], "lowlevel.erbbands.stdev": [1.241256594657898, 4.278172016143799, 6.386175632476807, 6.694545745849609, 26.252328872680664, 6.821694850921631, 6.098701000213623, 8.137887001037598, 28.394624710083008, 52.824283599853516, 35.61223220825195, 87.1477279663086, 14.461617469787598, 64.6203384399414, 110.59442901611328, 127.1968765258789, 173.16995239257812, 90.19508361816406, 203.79225158691406, 99.26759338378906, 78.06320190429688, 44.32795333862305, 58.170570373535156, 40.45800018310547, 49.52313995361328, 55.78900909423828, 15.45857048034668, 8.091909408569336, 11.01155948638916, 5.4773430824279785, 3.1869800090789795, 2.740535259246826, 2.621060848236084, 3.976860761642456, 2.2430732250213623, 1.1154018640518188, 0.2280949056148529, 0.02538321726024151, 0.0006035909755155444, 3.500389721011743e-05], "lowlevel.gfcc.mean": [47.00764465332031, 35.664798736572266, -97.92163848876953, 44.234317779541016, -41.99089431762695, 32.90017318725586, -33.75947570800781, 20.09925651550293, -31.1422061920166, 24.244701385498047, -17.1115779876709, 8.645614624023438, -9.479667663574219], "lowlevel.melbands.mean": [0.009462978690862656, 0.0015796321677044034, 0.0011519314721226692, 0.0007258246187120676, 0.00013440359907690436, 8.018445078050718e-05, 0.00017418454808648676, 0.00023796388995833695, 0.00012113962293369696, 9.12029281607829e-05, 3.318878589197993e-05, 0.00010429131361888722, 0.0001733062817947939, 0.0003362802090123296, 0.00012737885117530823, 0.00010957744962070137, 9.25699932849966e-05, 0.0002062514249701053, 5.783164669992402e-05, 5.127124677528627e-05, 5.5096534197218716e-05, 1.7918204321176745e-05, 1.7735046640154906e-05, 3.07829468511045e-05, 1.922258161357604e-05, 2.5469655156484805e-05, 2.4762221073615365e-05, 2.3959719328559004e-05, 1.2058486390742473e-05, 7.152124908316182e-06, 6.6845618675870355e-06, 8.705285836185794e-06, 6.271224265219644e-06, 3.7738561786682112e-06, 2.4399075755354716e-06, 1.987260702662752e-06, 1.8729964494923479e-06, 2.3477027752960566e-06, 3.0331048037623987e-06, 4.4823736971011385e-06], "lowlevel.melbands.stdev": [0.008495340123772621, 0.003816312411800027, 0.001770203118212521, 0.0011759528424590826, 0.00019714655354619026, 0.0001778078731149435, 0.000504647265188396, 0.0005516077508218586, 0.00033212683047167957, 0.00048740991041995585, 7.32832559151575e-05, 0.00027686607791110873, 0.00034162713564001024, 0.0006508622318506241, 0.0003492026880849153, 0.000252329686190933, 0.0001784160704119131, 0.0003912837419193238, 0.00013365806080400944, 9.658165072323754e-05, 9.339822281617671e-05, 5.6759483413770795e-05, 3.2686544727766886e-05, 8.647766662761569e-05, 3.086824290221557e-05, 4.680818528868258e-05, 3.46616652677767e-05, 3.483889304334298e-05, 1.3295794815348927e-05, 5.669225174642634e-06, 5.09239134771633e-06, 7.881833880674094e-06, 4.977481239620829e-06, 2.9132231702533318e-06, 1.987052428376046e-06, 1.6559619098188705e-06, 1.8180663801103947e-06, 1.843268250922847e-06, 2.4440673769277055e-06, 3.843691956717521e-06], "lowlevel.melbands128.mean": [0.01110057719051838, 0.014534798450767994, 0.007154460065066814, 0.002844111993908882, 0.0013206031871959567, 0.0006774088251404464, 0.0004694422532338649, 0.0014980407431721687, 0.0020422940142452717, 0.00046728350571356714, 0.00011787822586484253, 0.0001638436660869047, 0.00014868642028886825, 8.34891980048269e-05, 7.758751598885283e-05, 7.540479418821633e-05, 9.495291305938736e-05, 0.0001942901435540989, 0.0002571402583271265, 0.000302856438793242, 0.0001962890091817826, 0.0001448125985916704, 8.873074693838134e-05, 0.00011757932225009426, 0.00016176530334632844, 4.509214704739861e-05, 2.24959003389813e-05, 1.7830119759310037e-05, 3.98449701606296e-05, 0.00013856672740075737, 8.28035845188424e-05, 0.00012508858344517648, 0.00015735354099888355, 9.089385275729e-05, 0.0006796868983656168, 0.00027286974363960326, 5.310264168656431e-05, 4.133406400796957e-05, 0.00029320281464606524, 0.00014901073882356286, 3.255856427131221e-05, 0.00010187582665821537, 3.4524608054198325e-05, 3.2390969863627106e-05, 0.00040455666021443903, 0.00017928049783222377, 0.00011580345744732767, 1.909511956910137e-05, 5.483318818733096e-05, 8.002536196727306e-05, 2.0797408069483936e-05, 4.436011295183562e-05, 0.00012151245755376294, 1.9521748981787823e-05, 1.0754302820714656e-05, 2.6087212972925045e-05, 1.3288453374116216e-05, 1.4507594642054755e-05, 2.358886740694288e-05, 1.6938860426307656e-05, 4.560967499855906e-05, 2.534365194151178e-05, 1.2331855941738468e-05, 1.6653431885060854e-05, 3.290924723842181e-05, 2.8033246053382754e-05, 2.1986825231579132e-05, 1.057239842339186e-05, 1.9441609765635803e-05, 5.729953045374714e-05, 2.308850162080489e-05, 9.537714504403993e-06, 1.1021888894902077e-05, 1.6477339158882387e-05, 7.382663625321584e-06, 6.987098004174186e-06, 7.485758942493703e-06, 5.518420039152261e-06, 6.234290140127996e-06, 7.321901193790836e-06, 1.1282745617791079e-05, 7.488669325539377e-06, 7.191558324848302e-06, 7.126085620257072e-06, 4.5957522161188535e-06, 3.6656463180406718e-06, 3.9591750464751385e-06, 2.972478341689566e-06, 2.1787375317217084e-06, 2.2133392576506594e-06, 2.026888751061051e-06, 1.91964500118047e-06, 1.9658245946629904e-06, 1.6599672107986407e-06, 2.034478939094697e-06, 2.0525835680018645e-06, 2.6609027372614946e-06, 2.305272573721595e-06, 2.6160894321947126e-06, 3.276032430221676e-06, 4.971385351382196e-06, 4.373216142994352e-06, 4.657128556573298e-06, 3.9120764085964765e-06, 3.565260385585134e-06, 2.930918299171026e-06, 3.450647227509762e-06, 4.120137873542262e-06, 2.484433707650169e-06, 2.143326582881855e-06, 1.4681155562357162e-06, 1.1690253813867457e-06, 1.0158909162782948e-06, 6.163588182062085e-07, 4.3822504380841565e-07, 2.382667787514947e-07, 1.582943269795578e-07, 3.154325867171792e-08, 8.169198650875842e-11, 1.3459825268236081e-11, 1.3055828120001056e-11, 1.2794498099877316e-11, 1.2490270102916146e-11, 1.2100117782742892e-11, 1.1279303012423636e-11, 1.0121056770451275e-11, 9.478688667297064e-12, 9.341122493566889e-12], "lowlevel.melbands128.stdev": [0.009134402498602867, 0.013264329172670841, 0.009479234926402569, 0.006830986589193344, 0.0040150904096663, 0.0022273941431194544, 0.0012201990466564894, 0.002481844974681735, 0.003451446071267128, 0.0009003507439047098, 0.00023453302856069058, 0.0002302409993717447, 0.00024633327848277986, 0.00021812572958879173, 0.0002102060680044815, 0.0001901946816360578, 0.00022614828776568174, 0.0007581607205793262, 0.0009596198215149343, 0.0007923856610432267, 0.0006879784632474184, 0.0003980269830208272, 0.0003885995829477906, 0.0005987377371639013, 0.001075765467248857, 0.00019991469162050635, 5.488332317327149e-05, 5.9543799579842016e-05, 0.00010661464330041781, 0.0005230408860370517, 0.00027199514443054795, 0.00040708156302571297, 0.0005646435893140733, 0.00025255713262595236, 0.0014058134984225035, 0.000607658177614212, 0.0003622171934694052, 0.00020224264881107956, 0.0009617413161322474, 0.0004377907607704401, 0.00010862684575840831, 0.0004749111249111593, 0.00015959033044055104, 6.486228085123003e-05, 0.0009078054572455585, 0.00047339152661152184, 0.0004730823275167495, 7.935436588013545e-05, 0.0001837223971961066, 0.00028419087175279856, 6.561621557921171e-05, 8.917506056604907e-05, 0.00024294405011460185, 4.688747139880434e-05, 2.4827129891491495e-05, 0.00011669220839394256, 5.443140980787575e-05, 3.708426811499521e-05, 6.865031173219904e-05, 4.225846714689396e-05, 0.00017475546337664127, 7.577083306387067e-05, 3.909045335603878e-05, 3.656877743196674e-05, 7.008776447037235e-05, 7.394898420898244e-05, 7.474579615518451e-05, 3.1343915907200426e-05, 3.4324664738960564e-05, 0.00011609206558205187, 4.540770169114694e-05, 2.052030868071597e-05, 2.0092778868274763e-05, 2.2342137526720762e-05, 8.905367394618224e-06, 7.0115279413585085e-06, 7.911861757747829e-06, 5.420674824563321e-06, 6.974712050578091e-06, 7.45776333133108e-06, 1.6563408280489966e-05, 7.377258043561596e-06, 1.0482104698894545e-05, 6.397723154805135e-06, 4.377418918011244e-06, 3.5606960864242865e-06, 3.6353824270918267e-06, 3.0106084523140453e-06, 2.272569872729946e-06, 2.004860789384111e-06, 1.8768926111079054e-06, 1.921035618579481e-06, 2.049281647487078e-06, 2.0486863832047675e-06, 2.2646556772087933e-06, 2.1940181795798708e-06, 2.2492752123071114e-06, 2.33216087508481e-06, 2.4578821467002854e-06, 3.247431322961347e-06, 5.254117695585592e-06, 4.129838089284021e-06, 4.277164862287464e-06, 3.5166194720659405e-06, 3.3317521683784435e-06, 2.328832124476321e-06, 2.8290232876315713e-06, 3.7391873775050044e-06, 2.1346963876567315e-06, 1.9364365471119527e-06, 1.2812245131499367e-06, 9.862866363619105e-07, 9.077670597434917e-07, 6.106457135501842e-07, 4.795700760951149e-07, 2.8941903451595863e-07, 2.2583358827432676e-07, 7.714575644968136e-08, 1.1817684608672607e-09, 3.290125463739635e-11, 3.2432001528803767e-11, 3.2264815819083026e-11, 3.2053693033162745e-11, 3.036475931805782e-11, 2.314707800432636e-11, 1.329774918651383e-11, 1.0699408373171515e-11, 1.0586484813779329e-11], "lowlevel.mfcc.mean": [-609.1769409179688, 73.36517333984375, 11.306188583374023, 30.099021911621094, 15.568145751953125, 17.581079483032227, 16.276643753051758, -0.2856910526752472, 9.051118850708008, 4.565117835998535, 7.644984722137451, 0.44455811381340027, 13.440228462219238], "lowlevel.spectral_contrast_coeffs.mean": [-0.729563295841217, -0.7509242296218872, -0.7268553972244263, -0.7379488945007324, -0.7709149718284607, -0.745947003364563], "lowlevel.spectral_contrast_coeffs.stdev": [0.09684455394744873, 0.08126913756132126, 0.09967286884784698, 0.08981660008430481, 0.05477464944124222, 0.038780298084020615], "lowlevel.spectral_contrast_valleys.mean": [-6.744701385498047, -7.1522040367126465, -7.712981224060059, -7.609363555908203, -7.17668342590332, -9.40040111541748], "lowlevel.spectral_contrast_valleys.stdev": [0.6034485101699829, 0.5980697870254517, 0.5335108041763306, 0.4839807450771332, 0.411007821559906, 0.5127790570259094], "rhythm.beats_loudness_band_ratio.mean": [0.664342999458313, 0.11721087992191315, 0.03356899321079254, 0.1217033863067627, 0.08003364503383636, 0.07658349722623825], "rhythm.beats_loudness_band_ratio.stdev": [0.18691349029541016, 0.08033491671085358, 0.03802254796028137, 0.12775813043117523, 0.06060773879289627, 0.055673953145742416], "tonal.hpcp.mean": [0.04829724133014679, 0.05334911867976189, 0.032619159668684006, 0.02488253079354763, 0.024969857186079025, 0.028828386217355728, 0.079236701130867, 0.134797602891922, 0.19571411609649658, 0.29339078068733215, 0.31462162733078003, 0.23864927887916565, 0.24029788374900818, 0.20484629273414612, 0.0763118714094162, 0.03651358187198639, 0.0329570397734642, 0.031945306807756424, 0.03242507949471474, 0.03163924440741539, 0.02650502324104309, 0.06314066797494888, 0.08346578478813171, 0.048685625195503235, 0.03348694369196892, 0.02775331772863865, 0.052899833768606186, 0.1767689734697342, 0.20762106776237488, 0.09007453918457031, 0.03391048684716225, 0.02104192040860653, 0.013925842940807343, 0.06300090998411179, 0.09316732734441757, 0.053125105798244476], "tonal.hpcp.stdev": [0.1451159566640854, 0.15786860883235931, 0.12378179281949997, 0.11406390368938446, 0.11533915251493454, 0.11354222148656845, 0.18372006714344025, 0.2691439986228943, 0.3157792389392853, 0.38237616419792175, 0.4010342061519623, 0.3446577489376068, 0.34225860238075256, 0.30358314514160156, 0.16217610239982605, 0.13832642138004303, 0.12821632623672485, 0.13098207116127014, 0.1243184432387352, 0.13060352206230164, 0.12140243500471115, 0.18282100558280945, 0.2226628065109253, 0.13987994194030762, 0.12470211833715439, 0.10599725693464279, 0.1511944979429245, 0.2861771583557129, 0.3129604160785675, 0.18976712226867676, 0.12082773447036743, 0.09938117861747742, 0.050863150507211685, 0.13752585649490356, 0.1915230005979538, 0.14172741770744324], "rhythm.beats_position": [0.3599092960357666, 0.743038535118103, 1.1029478311538696, 1.4628571271896362, 1.834376335144043, 2.2291154861450195, 2.635464906692505, 3.041814088821411, 3.4365532398223877, 3.8312923908233643, 4.22603178024292, 4.632380962371826, 5.038730144500732, 5.433469295501709, 5.8282084465026855, 6.222947597503662, 6.617686748504639, 7.024035930633545, 7.430385589599609, 7.825124740600586, 8.231473922729492, 8.637823104858398, 9.020952224731445, 9.427301406860352, 9.833650588989258, 10.239999771118164, 10.63473892211914, 11.029478073120117, 11.424217224121094, 11.83056640625, 12.236915588378906, 12.631654739379883, 13.02639389038086, 13.397913932800293, 13.815873146057129, 14.233832359313965], "rhythm.bpm_histogram": [0.0, 0.0, 0.0, 0.0, 0.0, 0.0, 0.0, 0.0, 0.0, 0.0, 0.0, 0.0, 0.0, 0.0, 0.0, 0.0, 0.0, 0.0, 0.0, 0.0, 0.0, 0.0, 0.0, 0.0, 0.0, 0.0, 0.0, 0.0, 0.0, 0.0, 0.0, 0.0, 0.0, 0.0, 0.0, 0.0, 0.0, 0.0, 0.0, 0.0, 0.0, 0.0, 0.0, 0.0, 0.0, 0.0, 0.0, 0.0, 0.0, 0.0, 0.0, 0.0, 0.0, 0.0, 0.0, 0.0, 0.0, 0.0, 0.0, 0.0, 0.0, 0.0, 0.0, 0.0, 0.0, 0.0, 0.0, 0.0, 0.0, 0.0, 0.0, 0.0, 0.0, 0.0, 0.0, 0.0, 0.0, 0.0, 0.0, 0.0, 0.0, 0.0, 0.0, 0.0, 0.0, 0.0, 0.0, 0.0, 0.0, 0.0, 0.0, 0.0, 0.0, 0.0, 0.0, 0.0, 0.0, 0.0, 0.0, 0.0, 0.0, 0.0, 0.0, 0.0, 0.0, 0.0, 0.0, 0.0, 0.0, 0.0, 0.0, 0.0, 0.0, 0.0, 0.0, 0.0, 0.0, 0.0, 0.0, 0.0, 0.0, 0.0, 0.0, 0.0, 0.0, 0.0, 0.0, 0.0, 0.0, 0.0, 0.0, 0.0, 0.0, 0.0, 0.0, 0.0, 0.0, 0.0, 0.0, 0.0, 0.0, 0.0, 0.0, 0.0, 0.05714285746216774, 0.0, 0.0, 0.0, 0.37142857909202576, 0.0, 0.0, 0.0, 0.4000000059604645, 0.0, 0.0, 0.0, 0.0, 0.05714285746216774, 0.0, 0.0, 0.0, 0.05714285746216774, 0.0, 0.0, 0.0, 0.0, 0.0, 0.05714285746216774, 0.0, 0.0, 0.0, 0.0, 0.0, 0.0, 0.0, 0.0, 0.0, 0.0, 0.0, 0.0, 0.0, 0.0, 0.0, 0.0, 0.0, 0.0, 0.0, 0.0, 0.0, 0.0, 0.0, 0.0, 0.0, 0.0, 0.0, 0.0, 0.0, 0.0, 0.0, 0.0, 0.0, 0.0, 0.0, 0.0, 0.0, 0.0, 0.0, 0.0, 0.0, 0.0, 0.0, 0.0, 0.0, 0.0, 0.0, 0.0, 0.0, 0.0, 0.0, 0.0, 0.0, 0.0, 0.0, 0.0, 0.0, 0.0, 0.0, 0.0, 0.0, 0.0, 0.0, 0.0, 0.0, 0.0, 0.0, 0.0, 0.0, 0.0, 0.0, 0.0, 0.0, 0.0, 0.0, 0.0, 0.0, 0.0, 0.0, 0.0, 0.0, 0.0], "tonal.chords_histogram": [2.2012579441070557, 0.0, 0.0, 0.0, 0.0, 0.0, 0.0, 2.2012579441070557, 38.050315856933594, 0.31446540355682373, 0.0, 0.0, 0.6289308071136475, 0.0, 36.79245376586914, 0.0, 11.0062894821167, 0.0, 0.0, 0.0, 0.0, 0.0, 0.0, 8.805031776428223], "tonal.thpcp": [1.0, 0.7585278749465942, 0.7637678384780884, 0.651087760925293, 0.24255125224590302, 0.11605553328990936, 0.1047513484954834, 0.10153563320636749, 0.10306055843830109, 0.10056284070014954, 0.08424412459135056, 0.20068763196468353, 0.26528939604759216, 0.15474341809749603, 0.10643560439348221, 0.08821173012256622, 0.16813793778419495, 0.5618461966514587, 0.6599071621894836, 0.2862948179244995, 0.1077818050980568, 0.06688008457422256, 0.04426219314336777, 0.20024341344833374, 0.29612499475479126, 0.16885395348072052, 0.1535089612007141, 0.16956596076488495, 0.1036774218082428, 0.07908716052770615, 0.07936471700668335, 0.09162875264883041, 0.25184759497642517, 0.4284435510635376, 0.6220618486404419, 0.9325194358825684], "lowlevel.gfcc.cov": [[1226.477294921875, 63.321685791015625, -195.24935913085938, -106.76365661621094, 77.69060516357422, 34.291439056396484, -85.11036682128906, -137.23670959472656, -148.21090698242188, -85.58758544921875, -55.93460464477539, -39.188514709472656, -76.51991271972656], [63.321685791015625, 331.21466064453125, 165.25196838378906, 13.049345970153809, -54.17715072631836, -8.065973281860352, 6.39382791519165, -9.908089637756348, 50.42478942871094, -33.62784194946289, -14.127243041992188, -44.03596496582031, -1.2731136083602905], [-195.24935913085938, 165.25196838378906, 566.9844360351562, 238.51661682128906, -142.3572998046875, -88.82080078125, 12.858894348144531, 85.59333801269531, 79.69558715820312, -76.78458404541016, -25.9808406829834, -19.91079330444336, 13.37602424621582], [-106.76365661621094, 13.049345970153809, 238.51661682128906, 324.3805847167969, 2.466233253479004, -105.62792205810547, 20.951879501342773, 118.53488159179688, 28.084489822387695, -57.40443801879883, 10.657273292541504, -8.72208309173584, -11.676872253417969], [77.69060516357422, -54.17715072631836, -142.3572998046875, 2.466233253479004, 345.7792053222656, 223.72372436523438, 39.554569244384766, -55.453147888183594, -32.92216873168945, 85.11600494384766, 40.43848419189453, 32.036659240722656, 13.60537338256836], [34.291439056396484, -8.065973281860352, -88.82080078125, -105.62792205810547, 223.72372436523438, 291.42706298828125, 47.464561462402344, -111.23247528076172, -27.0423526763916, 83.86600494384766, 19.412113189697266, 14.455121040344238, 42.51681900024414], [-85.11036682128906, 6.39382791519165, 12.858894348144531, 20.951879501342773, 39.554569244384766, 47.464561462402344, 167.04150390625, 132.4241180419922, 70.21572875976562, 58.07429885864258, 60.27967834472656, 2.0720374584198, -3.4066989421844482], [-137.23670959472656, -9.908089637756348, 85.59333801269531, 118.53488159179688, -55.453147888183594, -111.23247528076172, 132.4241180419922, 288.3236999511719, 148.44790649414062, 32.801082611083984, 77.88922119140625, 14.592844009399414, -10.695566177368164], [-148.21090698242188, 50.42478942871094, 79.69558715820312, 28.084489822387695, -32.92216873168945, -27.0423526763916, 70.21572875976562, 148.44790649414062, 187.1334991455078, 83.16535949707031, 52.99671173095703, 4.052955150604248, 19.1920166015625], [-85.58758544921875, -33.62784194946289, -76.78458404541016, -57.40443801879883, 85.11600494384766, 83.86600494384766, 58.07429885864258, 32.801082611083984, 83.16535949707031, 160.17901611328125, 89.71761322021484, 26.743473052978516, 26.42097282409668], [-55.93460464477539, -14.127243041992188, -25.9808406829834, 10.657273292541504, 40.43848419189453, 19.412113189697266, 60.27967834472656, 77.88922119140625, 52.99671173095703, 89.71761322021484, 127.35651397705078, 52.5616569519043, 8.483057975769043], [-39.188514709472656, -44.03596496582031, -19.91079330444336, -8.72208309173584, 32.036659240722656, 14.455121040344238, 2.0720374584198, 14.592844009399414, 4.052955150604248, 26.743473052978516, 52.5616569519043, 101.99620056152344, 48.1895637512207], [-76.51991271972656, -1.2731136083602905, 13.37602424621582, -11.676872253417969, 13.60537338256836, 42.51681900024414, -3.4066989421844482, -10.695566177368164, 19.1920166015625, 26.42097282409668, 8.483057975769043, 48.1895637512207, 91.80146789550781]], "lowlevel.gfcc.icov": [[0.0010739265708252788, -0.0004877629689872265, 0.0002988576306961477, 0.0002736552560236305, -0.0003275141934864223, -9.078103175852448e-05, 0.0005367195699363947, -0.0003583586367312819, 0.0005776220350526273, 0.0004197228408884257, -4.0866838389774784e-05, -1.0387443580839317e-05, 0.0007160778623074293], [-0.0004877629689872265, 0.005296752788126469, -0.0018322134856134653, 0.0017376928590238094, -0.0014877128414809704, 0.0017519148532301188, -0.0019132999004796147, 0.003453302662819624, -0.004064823035150766, 0.004586626309901476, -0.004085849970579147, 0.0037392419762909412, -0.0021602327469736338], [0.0002988576306961477, -0.0018322134856134653, 0.004827181342989206, -0.0045648375526070595, 0.0037485810462385416, -0.0035456449259072542, 0.0005244138301350176, -8.446207357337698e-05, -0.0011946253944188356, -0.0001561656390549615, 0.001939820242114365, -0.002367696026340127, 0.001394228427670896], [0.0002736552560236305, 0.0017376928590238094, -0.0045648375526070595, 0.010084075853228569, -0.0071028731763362885, 0.00667642941698432, -0.0005074756918475032, -0.0009606204694136977, 0.00032465069671161473, 0.004931309726089239, -0.0049324422143399715, 0.0052770329639315605, -0.0037716252263635397], [-0.0003275141934864223, -0.0014877128414809704, 0.0037485810462385416, -0.0071028731763362885, 0.012425687164068222, -0.011398174799978733, 0.0027016496751457453, -0.0029940686654299498, 0.00241461512632668, -0.006078874692320824, 0.004840415436774492, -0.006135711912065744, 0.005463821813464165], [-9.078103175852448e-05, 0.0017519148532301188, -0.0035456449259072542, 0.00667642941698432, -0.011398174799978733, 0.018552258610725403, -0.008924947120249271, 0.008918802253901958, -0.002411104505881667, 0.0028076455928385258, -0.004404415842145681, 0.005775401834398508, -0.007809321861714125], [0.0005367195699363947, -0.0019132999004796147, 0.0005244138301350176, -0.0005074756918475032, 0.0027016496751457453, -0.008924947120249271, 0.017702993005514145, -0.0129844406619668, 0.004945750348269939, -0.00407263170927763, 0.0006518575828522444, 0.00047933083260431886, 0.0029834522865712643], [-0.0003583586367312819, 0.003453302662819624, -8.446207357337698e-05, -0.0009606204694136977, -0.0029940686654299498, 0.008918802253901958, -0.0129844406619668, 0.02029106393456459, -0.013076838105916977, 0.008701595477759838, -0.007477096747606993, 0.0012914695544168353, -0.0019229123136028647], [0.0005776220350526273, -0.004064823035150766, -0.0011946253944188356, 0.00032465069671161473, 0.00241461512632668, -0.002411104505881667, 0.004945750348269939, -0.013076838105916977, 0.020478202030062675, -0.014344212599098682, 0.0066976649686694145, -0.0007344077457673848, -0.0003269635490141809], [0.0004197228408884257, 0.004586626309901476, -0.0001561656390549615, 0.004931309726089239, -0.006078874692320824, 0.0028076455928385258, -0.00407263170927763, 0.008701595477759838, -0.014344212599098682, 0.02804175764322281, -0.018594512715935707, 0.008703264407813549, -0.006395423319190741], [-4.0866838389774784e-05, -0.004085849970579147, 0.001939820242114365, -0.0049324422143399715, 0.004840415436774492, -0.004404415842145681, 0.0006518575828522444, -0.007477096747606993, 0.0066976649686694145, -0.018594512715935707, 0.027750521898269653, -0.015639841556549072, 0.009071693755686283], [-1.0387443580839317e-05, 0.0037392419762909412, -0.002367696026340127, 0.0052770329639315605, -0.006135711912065744, 0.005775401834398508, 0.00047933083260431886, 0.0012914695544168353, -0.0007344077457673848, 0.008703264407813549, -0.015639841556549072, 0.025009671226143837, -0.014572286047041416], [0.0007160778623074293, -0.0021602327469736338, 0.001394228427670896, -0.0037716252263635397, 0.005463821813464165, -0.007809321861714125, 0.0029834522865712643, -0.0019229123136028647, -0.0003269635490141809, -0.006395423319190741, 0.009071693755686283, -0.014572286047041416, 0.022190995514392853]], "lowlevel.mfcc.cov": [[1277.3946533203125, 68.05501556396484, -192.70095825195312, -87.85047149658203, 4.7082366943359375, 6.930235862731934, -8.508696556091309, -34.35580062866211, -106.14713287353516, -70.49744415283203, -86.94464111328125, -87.54842376708984, -29.925064086914062], [68.05501556396484, 292.36566162109375, 86.76212310791016, -86.37150573730469, -6.555232048034668, 49.47501754760742, -32.101444244384766, -7.020920753479004, 6.532215595245361, 25.576786041259766, -19.44614028930664, 6.928808212280273, -25.61800765991211], [-192.70095825195312, 86.76212310791016, 511.5206604003906, 150.80035400390625, -41.698394775390625, -101.1651382446289, -80.7318344116211, 68.413818359375, 14.84220027923584, 35.65987014770508, -33.119258880615234, 25.698801040649414, -116.60631561279297], [-87.85047149658203, -86.37150573730469, 150.80035400390625, 317.6625061035156, 31.10225486755371, -144.54527282714844, 10.819549560546875, 84.60470581054688, 15.00466251373291, -4.194215774536133, 49.911495208740234, 38.04270553588867, -4.938530921936035], [4.7082366943359375, -6.555232048034668, -41.698394775390625, 31.10225486755371, 180.37110900878906, 122.00508880615234, 46.87009811401367, -3.4929299354553223, 2.1795058250427246, -19.807239532470703, -8.218704223632812, -6.542931079864502, 37.95856475830078], [6.930235862731934, 49.47501754760742, -101.1651382446289, -144.54527282714844, 122.00508880615234, 305.97247314453125, 80.91537475585938, -71.28148651123047, -6.667378902435303, -11.21986198425293, -46.110443115234375, -48.44584274291992, 24.097360610961914], [-8.508696556091309, -32.101444244384766, -80.7318344116211, 10.819549560546875, 46.87009811401367, 80.91537475585938, 151.484375, 31.078571319580078, 6.643429756164551, 12.329500198364258, 45.930992126464844, 10.753009796142578, 53.51298904418945], [-34.35580062866211, -7.020920753479004, 68.413818359375, 84.60470581054688, -3.4929299354553223, -71.28148651123047, 31.078571319580078, 119.60820770263672, 42.48320007324219, 13.868502616882324, 29.16341209411621, 36.04758834838867, 4.573268413543701], [-106.14713287353516, 6.532215595245361, 14.84220027923584, 15.00466251373291, 2.1795058250427246, -6.667378902435303, 6.643429756164551, 42.48320007324219, 109.36732482910156, 56.901363372802734, 27.780839920043945, 31.016925811767578, 22.791828155517578], [-70.49744415283203, 25.576786041259766, 35.65987014770508, -4.194215774536133, -19.807239532470703, -11.21986198425293, 12.329500198364258, 13.868502616882324, 56.901363372802734, 140.12823486328125, 68.54335021972656, 50.962547302246094, 7.804550647735596], [-86.94464111328125, -19.44614028930664, -33.119258880615234, 49.911495208740234, -8.218704223632812, -46.110443115234375, 45.930992126464844, 29.16341209411621, 27.780839920043945, 68.54335021972656, 147.65005493164062, 82.37425994873047, 48.20863723754883], [-87.54842376708984, 6.928808212280273, 25.698801040649414, 38.04270553588867, -6.542931079864502, -48.44584274291992, 10.753009796142578, 36.04758834838867, 31.016925811767578, 50.962547302246094, 82.37425994873047, 124.9327163696289, 57.21688461303711], [-29.925064086914062, -25.61800765991211, -116.60631561279297, -4.938530921936035, 37.95856475830078, 24.097360610961914, 53.51298904418945, 4.573268413543701, 22.791828155517578, 7.804550647735596, 48.20863723754883, 57.21688461303711, 132.42156982421875]], "lowlevel.mfcc.icov": [[0.001025857636705041, -0.0004613636701833457, 0.000672286085318774, -3.6632376577472314e-05, -0.000201636619749479, 0.0003846572944894433, -7.731329969828948e-05, -0.0004090335569344461, 0.0010310161160305142, -0.0003679685469251126, 0.0007045308011583984, 0.00018455546523910016, 0.0002743734512478113], [-0.0004613636701833457, 0.0047136228531599045, -0.0014250269159674644, 0.0016887923702597618, -8.810040162643418e-05, -0.0010359431616961956, 0.0011195939732715487, -0.0007630084874108434, -0.00014905155694577843, -0.00025479428586550057, -0.0006071029929444194, -0.0004909374983981252, -0.00012273051834199578], [0.000672286085318774, -0.0014250269159674644, 0.004698818549513817, -0.0025833810213953257, 0.0007607425795868039, -0.0007616467773914337, 0.0012036387342959642, -0.0017830767901614308, 0.0011777302715927362, -0.0016767214983701706, 0.002727312268689275, -0.002421037759631872, 0.003362552495673299], [-3.6632376577472314e-05, 0.0016887923702597618, -0.0025833810213953257, 0.007848463952541351, -0.004372698254883289, 0.004621370695531368, -0.0021370851900428534, -0.00045178484288044274, -0.0007225573644973338, 0.0016056317836046219, -0.0021716938354074955, 0.0008110061171464622, 9.789496107259765e-05], [-0.000201636619749479, -8.810040162643418e-05, 0.0007607425795868039, -0.004372698254883289, 0.011233270168304443, -0.00708836829289794, 0.002187913516536355, -0.0020604135934263468, 0.000556095561478287, 0.00046435403055511415, 0.00014817780174780637, -8.52677840157412e-06, -0.0024722495581954718], [0.0003846572944894433, -0.0010359431616961956, -0.0007616467773914337, 0.004621370695531368, -0.00708836829289794, 0.011848476715385914, -0.0074721998535096645, 0.006006473675370216, -0.002251847879961133, 0.00021073268726468086, 0.002424180041998625, 0.0004564097907859832, 0.0013715148670598865], [-7.731329969828948e-05, 0.0011195939732715487, 0.0012036387342959642, -0.0021370851900428534, 0.002187913516536355, -0.0074721998535096645, 0.015327749773859978, -0.00838868971914053, 0.0038156418595463037, -0.0016923383809626102, -0.004638745915144682, 0.0033871298655867577, -0.004324255045503378], [-0.0004090335569344461, -0.0007630084874108434, -0.0017830767901614308, -0.00045178484288044274, -0.0020604135934263468, 0.006006473675370216, -0.00838868971914053, 0.018254011869430542, -0.0077362447045743465, 0.0031324492301791906, 0.0012424903688952327, -0.0034347681794315577, 0.0026087972801178694], [0.0010310161160305142, -0.00014905155694577843, 0.0011777302715927362, -0.0007225573644973338, 0.000556095561478287, -0.002251847879961133, 0.0038156418595463037, -0.0077362447045743465, 0.016349565237760544, -0.0069738817401230335, 0.0013340929290279746, 0.001134835067205131, -0.0031891274265944958], [-0.0003679685469251126, -0.00025479428586550057, -0.0016767214983701706, 0.0016056317836046219, 0.00046435403055511415, 0.00021073268726468086, -0.0016923383809626102, 0.0031324492301791906, -0.0069738817401230335, 0.013695518486201763, -0.005766806658357382, -0.0021319626830518246, 0.0022689723409712315], [0.0007045308011583984, -0.0006071029929444194, 0.002727312268689275, -0.0021716938354074955, 0.00014817780174780637, 0.002424180041998625, -0.004638745915144682, 0.0012424903688952327, 0.0013340929290279746, -0.005766806658357382, 0.01697888784110546, -0.008074302226305008, 0.0011281803017482162], [0.00018455546523910016, -0.0004909374983981252, -0.002421037759631872, 0.0008110061171464622, -8.52677840157412e-06, 0.0004564097907859832, 0.0033871298655867577, -0.0034347681794315577, 0.001134835067205131, -0.0021319626830518246, -0.008074302226305008, 0.01930115930736065, -0.008955536410212517], [0.0002743734512478113, -0.00012273051834199578, 0.003362552495673299, 9.789496107259765e-05, -0.0024722495581954718, 0.0013715148670598865, -0.004324255045503378, 0.0026087972801178694, -0.0031891274265944958, 0.0022689723409712315, 0.0011281803017482162, -0.008955536410212517, 0.016544952988624573]], "metadata.audio_properties.analysis.downmix": "mix", "metadata.audio_properties.codec": "mp3", "metadata.audio_properties.md5_encoded": "fd3880d234acfe4c6c705cd66d3a1455", "metadata.tags.file_name": "1182273946998018090.mp3", "metadata.version.essentia": "2.1-beta6-dev", "metadata.version.essentia_git_sha": "v2.1_beta5-1110-g77a6a954", "metadata.version.extractor": "music 2.0", "tonal.chords_key": "A", "tonal.chords_scale": "minor", "tonal.key_edma.key": "F", "tonal.key_edma.scale": "minor", "tonal.key_krumhansl.key": "F", "tonal.key_krumhansl.scale": "minor", "tonal.key_temperley.key": "F", "tonal.key_temperley.scale": "minor", "metadata.tags.encoding": ["Lavf58.45.100"]}, "essentia_models": [{"model_name": "genre_dortmund", "activations": {"alternative": "0.020140497", "blues": "0.0131564075", "electronic": "0.115453936", "folkcountry": "0.004562837", "funksoulrnb": "0.068767846", "jazz": "0.060444146", "pop": "0.04097643", "raphiphop": "0.590853", "rock": "0.043708142"}}, {"model_name": "genre_rosamerica", "activations": {"classic": "0.053597108", "dance": "0.057735294", "hip hop": "0.52780306", "jazz": "0.1822225", "pop": "0.19999015", "rhythm and blues