{"song_id": "1182268825664753706", "download": "https://cdn.discordapp.com/attachments/1128313332273782784/1182268825664753706/chirp.mp4?ex=658414a5&amp", "lyrics": "[Verse 1]\nHappy birthday, Estelle Aka Buffy from Suresnes\nLet's celebrate you're birthday with a raw energy\nyou're from Amiens, where the music's alive\nWe'll shake it up and make the walls revive\n\n[Chorus]\nYou rock, raise your fists up high\nToday, let's go wild and ride the snow\nHappy birthday, Estelle rock Girl\nOh, let the rock spirit set us free\n\n[Verse 2]\nHappy birthday, Estelle Aka the zumba queen\nLet's celebrate you're birthday with snowboarding day\nyou're from Amiens, But now you'r a parisien girl\nWe'll shake it up and make the walls revive\n\n[Chorus]\nYou rock, raise your fists up high\nToday, let's go wild and ride the snow\nHappy birthday, Estelle rock Girl\nHappy birthday Estelle rock girl", "style": ["Punkaa"], "essentia_features": {"lowlevel.average_loudness": 0.9864973425865173, "lowlevel.barkbands_crest.mean": 11.074211120605469, "lowlevel.barkbands_crest.stdev": 4.2325286865234375, "lowlevel.barkbands_flatness_db.mean": 0.1491910219192505, "lowlevel.barkbands_flatness_db.stdev": 0.038837820291519165, "lowlevel.barkbands_kurtosis.mean": 4.8880934715271, "lowlevel.barkbands_kurtosis.stdev": 7.593142986297607, "lowlevel.barkbands_skewness.mean": 1.8810075521469116, "lowlevel.barkbands_skewness.stdev": 1.2971463203430176, "lowlevel.barkbands_spread.mean": 22.826839447021484, "lowlevel.barkbands_spread.stdev": 11.413397789001465, "lowlevel.dissonance.mean": 0.4745616912841797, "lowlevel.dissonance.stdev": 0.021737737581133842, "lowlevel.dynamic_complexity": 1.759381890296936, "lowlevel.erbbands_crest.mean": 7.90764856338501, "lowlevel.erbbands_crest.stdev": 3.5329971313476562, "lowlevel.erbbands_flatness_db.mean": 0.15202957391738892, "lowlevel.erbbands_flatness_db.stdev": 0.03809837996959686, "lowlevel.erbbands_kurtosis.mean": -0.21040667593479156, "lowlevel.erbbands_kurtosis.stdev": 1.3649215698242188, "lowlevel.erbbands_skewness.mean": -0.09113910794258118, "lowlevel.erbbands_skewness.stdev": 0.6183996200561523, "lowlevel.erbbands_spread.mean": 48.61043930053711, "lowlevel.erbbands_spread.stdev": 21.07775115966797, "lowlevel.hfc.mean": 23.100488662719727, "lowlevel.hfc.stdev": 14.395001411437988, "lowlevel.loudness_ebu128.integrated": -13.485922813415527, "lowlevel.loudness_ebu128.loudness_range": 1.0564661026000977, "lowlevel.loudness_ebu128.momentary.mean": -13.566166877746582, "lowlevel.loudness_ebu128.momentary.stdev": 0.8505367636680603, "lowlevel.loudness_ebu128.short_term.mean": -13.471817016601562, "lowlevel.loudness_ebu128.short_term.stdev": 0.3502386212348938, "lowlevel.melbands_crest.mean": 16.71383285522461, "lowlevel.melbands_crest.stdev": 5.308626174926758, "lowlevel.melbands_flatness_db.mean": 0.20538881421089172, "lowlevel.melbands_flatness_db.stdev": 0.05250149220228195, "lowlevel.melbands_kurtosis.mean": 21.106048583984375, "lowlevel.melbands_kurtosis.stdev": 24.257076263427734, "lowlevel.melbands_skewness.mean": 3.591498851776123, "lowlevel.melbands_skewness.stdev": 2.146373987197876, "lowlevel.melbands_spread.mean": 21.071332931518555, "lowlevel.melbands_spread.stdev": 13.007554054260254, "lowlevel.pitch_salience.mean": 0.4960818290710449, "lowlevel.pitch_salience.stdev": 0.10403259098529816, "lowlevel.silence_rate_20dB.mean": 1.0, "lowlevel.silence_rate_20dB.stdev": 0.0, "lowlevel.silence_rate_30dB.mean": 1.0, "lowlevel.silence_rate_30dB.stdev": 0.0, "lowlevel.silence_rate_60dB.mean": 0.0005813953466713428, "lowlevel.silence_rate_60dB.stdev": 0.024105537682771683, "lowlevel.spectral_centroid.mean": 1377.484619140625, "lowlevel.spectral_centroid.stdev": 488.7412414550781, "lowlevel.spectral_complexity.mean": 22.751163482666016, "lowlevel.spectral_complexity.stdev": 9.658456802368164, "lowlevel.spectral_decrease.mean": -9.437338910345261e-09, "lowlevel.spectral_decrease.stdev": 5.919555068345517e-09, "lowlevel.spectral_energy.mean": 0.037713952362537384, "lowlevel.spectral_energy.stdev": 0.023044874891638756, "lowlevel.spectral_energyband_high.mean": 0.0008419460500590503, "lowlevel.spectral_energyband_high.stdev": 0.0007984391995705664, "lowlevel.spectral_energyband_low.mean": 0.018243098631501198, "lowlevel.spectral_energyband_low.stdev": 0.018681205809116364, "lowlevel.spectral_energyband_middle_high.mean": 0.007021962199360132, "lowlevel.spectral_energyband_middle_high.stdev": 0.007226812187582254, "lowlevel.spectral_energyband_middle_low.mean": 0.015756603330373764, "lowlevel.spectral_energyband_middle_low.stdev": 0.013228867202997208, "lowlevel.spectral_entropy.mean": 7.705050945281982, "lowlevel.spectral_entropy.stdev": 0.28470128774642944, "lowlevel.spectral_flux.mean": 0.11115630716085434, "lowlevel.spectral_flux.stdev": 0.056886352598667145, "lowlevel.spectral_kurtosis.mean": 3.3145265579223633, "lowlevel.spectral_kurtosis.stdev": 1.909347414970398, "lowlevel.spectral_rms.mean": 0.005820701364427805, "lowlevel.spectral_rms.stdev": 0.0017068993765860796, "lowlevel.spectral_rolloff.mean": 1136.302978515625, "lowlevel.spectral_rolloff.stdev": 1004.8837890625, "lowlevel.spectral_skewness.mean": 1.2368381023406982, "lowlevel.spectral_skewness.stdev": 0.2956707179546356, "lowlevel.spectral_spread.mean": 4273087.0, "lowlevel.spectral_spread.stdev": 1189206.25, "lowlevel.spectral_strongpeak.mean": 0.9210190773010254, "lowlevel.spectral_strongpeak.stdev": 1.1126962900161743, "lowlevel.zerocrossingrate.mean": 0.050972871482372284, "lowlevel.zerocrossingrate.stdev": 0.023013219237327576, "metadata.audio_properties.analysis.equal_loudness": 0.0, "metadata.audio_properties.analysis.length": 39.914649963378906, "metadata.audio_properties.analysis.sample_rate": 44100.0, "metadata.audio_properties.analysis.start_time": 0.0, "metadata.audio_properties.bit_rate": 118967.0, "metadata.audio_properties.length": 39.91466522216797, "metadata.audio_properties.lossless": 0.0, "metadata.audio_properties.number_channels": 1.0, "metadata.audio_properties.replay_gain": -12.588272094726562, "metadata.audio_properties.sample_rate": 48000.0, "rhythm.beats_count": 69.0, "rhythm.beats_loudness.mean": 0.04384104162454605, "rhythm.beats_loudness.stdev": 0.011187156662344933, "rhythm.bpm": 104.69573974609375, "rhythm.bpm_histogram_first_peak_bpm": 105.0, "rhythm.bpm_histogram_first_peak_weight": 0.38235294818878174, "rhythm.bpm_histogram_second_peak_bpm": 0.0, "rhythm.bpm_histogram_second_peak_spread": 0.0, "rhythm.bpm_histogram_second_peak_weight": 0.0, "rhythm.danceability": 1.892844319343567, "rhythm.onset_rate": 4.758718967437744, "tonal.chords_changes_rate": 0.10336817800998688, "tonal.chords_number_rate": 0.011614401824772358, "tonal.chords_strength.mean": 0.5088347792625427, "tonal.chords_strength.stdev": 0.10409262031316757, "tonal.hpcp_crest.mean": 11.906490325927734, "tonal.hpcp_crest.stdev": 6.034446716308594, "tonal.hpcp_entropy.mean": 2.345614433288574, "tonal.hpcp_entropy.stdev": 0.802792489528656, "tonal.key_edma.strength": 0.5579612255096436, "tonal.key_krumhansl.strength": 0.5760981440544128, "tonal.key_temperley.strength": 0.6032171845436096, "tonal.tuning_diatonic_strength": 0.6125013828277588, "tonal.tuning_equal_tempered_deviation": 0.12051659822463989, "tonal.tuning_frequency": 441.0177917480469, "tonal.tuning_nontempered_energy_ratio": 0.8035115003585815, "lowlevel.barkbands.mean": [0.0004371626419015229, 0.008928405120968819, 0.004873702302575111, 0.0067383525893092155, 0.003850539680570364, 0.0007262685103341937, 0.0013833121629431844, 0.0011473835911601782, 0.0016702493885532022, 0.0014234037371352315, 0.0005587293417192996, 0.0007168288575485349, 0.0005673074629157782, 0.0007350539090111852, 0.0008366336696781218, 0.0007475105230696499, 0.00045525634777732193, 0.0004945066757500172, 0.00034092331770807505, 0.0004498382331803441, 0.00019520350906532258, 0.0001747558417264372, 0.00010692691284930333, 8.273583080153912e-05, 5.58500578335952e-05, 1.7142105207312852e-05, 2.273783383799355e-09], "lowlevel.barkbands.stdev": [0.0006684134132228792, 0.016892584040760994, 0.004392207134515047, 0.006157515104860067, 0.007625671103596687, 0.0014782322105020285, 0.003097152803093195, 0.0024269376881420612, 0.00343613070435822, 0.004159958101809025, 0.0013602462131530046, 0.0017659346340224147, 0.0012064836919307709, 0.0014547186437994242, 0.0016687938477844, 0.0012538048904389143, 0.0005480946274474263, 0.000574380683247, 0.0003130563418380916, 0.0005026219296269119, 0.00022212772455532104, 0.00020921116811223328, 0.00013148714788258076, 0.00014124698645900935, 0.00011653303954517469, 4.275922765373252e-05, 2.0658818655761024e-08], "lowlevel.erbbands.mean": [0.2948034107685089, 1.85703706741333, 4.835371494293213, 17.103668212890625, 20.320037841796875, 8.298319816589355, 4.040988922119141, 7.392552375793457, 18.967927932739258, 18.767955780029297, 32.14803695678711, 32.62766647338867, 44.90602111816406, 30.98932456970215, 27.393951416015625, 26.170289993286133, 24.822721481323242, 33.01603317260742, 41.740352630615234, 42.76298904418945, 39.62223434448242, 26.70827865600586, 25.512529373168945, 22.243101119995117, 17.998720169067383, 20.639284133911133, 11.193229675292969, 6.68250036239624, 6.653566837310791, 4.256966590881348, 2.9120397567749023, 1.8449655771255493, 1.3636353015899658, 0.7762792110443115, 0.30571478605270386, 0.1298210620880127, 0.020191077142953873, 0.000597519101575017, 4.171644468442537e-05, 4.647732566809282e-05], "lowlevel.erbbands.stdev": [0.6008826494216919, 3.487706422805786, 4.870914459228516, 12.387258529663086, 34.717716217041016, 15.037409782409668, 6.9501447677612305, 15.930489540100098, 41.1483268737793, 43.41315460205078, 61.671226501464844, 73.68348693847656, 105.10035705566406, 76.43517303466797, 61.167137145996094, 55.61995315551758, 50.41252517700195, 64.43991088867188, 69.9347152709961, 73.64158630371094, 55.46063232421875, 29.39577865600586, 28.883861541748047, 21.601076126098633, 16.852558135986328, 24.186864852905273, 12.090180397033691, 7.805065155029297, 8.077424049377441, 5.172369480133057, 3.7218880653381348, 2.919569969177246, 2.4540326595306396, 1.6700162887573242, 0.6226878762245178, 0.30037540197372437, 0.056959595531225204, 0.001975294202566147, 5.5537013395223767e-05, 2.6175113816861995e-05], "lowlevel.gfcc.mean": [17.83492660522461, 99.2914047241211, -128.7456512451172, 57.81543731689453, -52.10585021972656, 23.911602020263672, -36.01445388793945, 13.534995079040527, -23.128164291381836, -3.92806077003479, -20.902252197265625, -14.89100170135498, -12.373151779174805], "lowlevel.melbands.mean": [0.002537141554057598, 0.002635960467159748, 0.0029791081324219704, 0.0010176016949117184, 0.0001529598084744066, 0.00017099888646043837, 0.00028716560336761177, 0.0002094586961902678, 0.0002813056344166398, 0.0002057529636658728, 0.00023473500914406031, 0.00014138015103526413, 8.174932008842006e-05, 8.661487663630396e-05, 6.0553142247954383e-05, 5.5324711865978315e-05, 6.203161319717765e-05, 6.558559107361361e-05, 7.048995757941157e-05, 5.112733197165653e-05, 4.401330079417676e-05, 2.7584499548538588e-05, 2.404480255790986e-05, 2.243679409730248e-05, 1.763877116900403e-05, 1.182177584269084e-05, 1.5525356502621435e-05, 1.325123321294086e-05, 7.773362085572444e-06, 4.682156486524036e-06, 3.5493696941557573e-06, 3.8958787627052516e-06, 3.15534839501197e-06, 2.0707993826363236e-06, 1.7323010297332075e-06, 1.3423808695733896e-06, 1.0561038834566716e-06, 9.78895172920602e-07, 7.949371934046212e-07, 6.256204869714566e-07], "lowlevel.melbands.stdev": [0.0049911979585886, 0.002832957310602069, 0.002484504133462906, 0.001879708026535809, 0.0002667596563696861, 0.0003474234545137733, 0.0006158269243314862, 0.0004680535348597914, 0.0005561411380767822, 0.00048434018390253186, 0.0005739032058045268, 0.0003781306149903685, 0.0001884928933577612, 0.00023226201301440597, 0.00014990491035860032, 0.00011866346903843805, 0.00012684587272815406, 0.00011964825534960255, 0.00015355591312982142, 0.00010291181388311088, 6.001085421303287e-05, 3.428240233915858e-05, 3.069724698434584e-05, 2.816026608343236e-05, 1.7960019249585457e-05, 1.1702722986228764e-05, 1.7693484551273286e-05, 1.6725512978155166e-05, 9.149678589892574e-06, 5.777796559414128e-06, 4.288534910301678e-06, 4.9125287659990136e-06, 3.979725079261698e-06, 2.625080924190115e-06, 2.2246933895075927e-06, 1.9297249309602194e-06, 1.8464772892912151e-06, 1.7963516256713774e-06, 1.499314748798497e-06, 1.486690052843187e-06], "lowlevel.melbands128.mean": [0.0003367247700225562, 0.0023434136528521776, 0.003512199269607663, 0.0028598494827747345, 0.0021270797587931156, 0.0026322416961193085, 0.0037901417817920446, 0.0029442354571074247, 0.0021547190845012665, 0.0009517275029793382, 0.0002916247758548707, 0.00017941673286259174, 0.00012880799476988614, 9.436847176402807e-05, 0.00012894168321508914, 0.00021548522636294365, 0.0003231352020520717, 0.0003085693751927465, 0.00024406108423136175, 0.00017932784976437688, 0.00021037069382146, 0.00024594971910119057, 0.000302923028357327, 0.00032832808210514486, 0.00016108989075291902, 0.00019039912149310112, 0.00020904853590764105, 0.00017687470244709402, 0.00037877188879065216, 0.00014453705807682127, 7.852320413803682e-05, 7.170569733716547e-05, 7.116723281797022e-05, 9.322090045316145e-05, 0.00011787533003371209, 7.505515532102436e-05, 4.9145688535645604e-05, 7.392705447273329e-05, 5.664041236741468e-05, 4.406872903928161e-05, 5.578375203185715e-05, 7.038898911559954e-05, 5.52680176042486e-05, 5.586438055615872e-05, 8.641207386972383e-05, 5.270602196105756e-05, 5.7424585975240916e-05, 0.00010060696513392031, 5.704268187400885e-05, 4.410028122947551e-05, 5.47731870028656e-05, 5.1107235776726156e-05, 5.402332317316905e-05, 3.543511047610082e-05, 3.286185165052302e-05, 2.7980126105831005e-05, 2.22597191168461e-05, 2.3819684429327026e-05, 2.63122383330483e-05, 2.0534314899123274e-05, 2.3271293684956618e-05, 2.232856786577031e-05, 2.152881643269211e-05, 1.582412005518563e-05, 1.2356021215964574e-05, 1.1409713806642685e-05, 1.1285800610494334e-05, 1.2654492820729502e-05, 1.8668812117539346e-05, 1.703869565972127e-05, 1.2286491255508736e-05, 1.2577143934322521e-05, 9.715209671412595e-06, 6.753956768079661e-06, 5.667714049195638e-06, 4.968978373653954e-06, 4.213643478578888e-06, 3.5500704598234734e-06, 3.33217099068861e-06, 3.643382115114946e-06, 3.972289505327353e-06, 4.166209237155272e-06, 3.457200136836036e-06, 3.4620225051185116e-06, 2.3720056105958065e-06, 2.1748528524767607e-06, 1.909801767396857e-06, 1.9441342828940833e-06, 1.7095591147153755e-06, 1.6441707657577354e-06, 1.4859854218229884e-06, 1.2851046449213754e-06, 1.0426589369672001e-06, 1.0704827673180262e-06, 1.0576774229775765e-06, 9.216365697284346e-07, 1.0137981689695152e-06, 9.927168775902828e-07, 7.78268770318391e-07, 7.543699211964849e-07, 5.866430683454382e-07, 7.296696367120603e-07, 4.778551669915032e-07, 3.759446940421185e-07, 2.4040761559263046e-07, 3.6269796055421466e-07, 2.84118698345992e-07, 2.579350848463946e-07, 2.3899752932265983e-07, 1.8689742375954665e-07, 1.4612651000334154e-07, 9.332893569080625e-08, 4.067684855613152e-08, 1.0376193237959797e-08, 3.5267841980157755e-09, 4.267801112511904e-10, 4.0807787704544296e-11, 1.0289191373913376e-11, 1.03870419210228e-11, 8.952031824160933e-12, 7.613336176770513e-12, 6.047788572022261e-12, 5.423485011785134e-12, 5.326408151345996e-12, 5.2286903105824845e-12, 5.117576501456611e-12, 5.047193999546673e-12, 5.013908559170499e-12], "lowlevel.melbands128.stdev": [0.0006382561405189335, 0.004898499231785536, 0.007623812649399042, 0.0054199108853936195, 0.0030710771679878235, 0.0022577897179871798, 0.002823612652719021, 0.0033053825609385967, 0.004500371869653463, 0.002061954466626048, 0.0006312882760539651, 0.0003884188481606543, 0.00026679967413656414, 0.0002193287218688056, 0.00036553991958498955, 0.000584216380957514, 0.0007979794172570109, 0.000877928570844233, 0.00081071094609797, 0.0006083751795813441, 0.000604553148150444, 0.0006708009750582278, 0.0007947233389131725, 0.0008756042225286365, 0.0005850467132404447, 0.0007068024715408683, 0.0007406168151646852, 0.0005099751870147884, 0.0013743876479566097, 0.0005156667320989072, 0.00030762614915147424, 0.00025768938940018415, 0.000243258589762263, 0.0002993183443322778, 0.00043005915358662605, 0.0002667033113539219, 0.00014102454588282853, 0.00024760354426689446, 0.00018905321485362947, 0.00014629826182499528, 0.0001621141709620133, 0.00020423272508196533, 0.00018548611842561513, 0.000163761738804169, 0.00024390587350353599, 0.00011798334890045226, 0.00015725175035186112, 0.00030132324900478125, 0.00015202192298602313, 0.00010808656952576712, 0.00017123146972153336, 0.00012285127013456076, 9.518428123556077e-05, 5.0318281864747405e-05, 6.35914402664639e-05, 4.463544610189274e-05, 2.965441126434598e-05, 3.776953963097185e-05, 4.434168295119889e-05, 3.1523210054729134e-05, 3.924532938981429e-05, 3.7479734601220116e-05, 2.8232772820047103e-05, 1.9009017705684528e-05, 1.4625607036578003e-05, 1.4072138583287597e-05, 1.3121019037498627e-05, 1.6554928151890635e-05, 2.637116085679736e-05, 2.615837729535997e-05, 2.0190751456539147e-05, 1.793129376892466e-05, 1.4533288776874542e-05, 9.483440408075694e-06, 7.250439466588432e-06, 7.402256414934527e-06, 5.769339622929692e-06, 5.079235961602535e-06, 4.561052264762111e-06, 4.816417913389159e-06, 5.795935521746287e-06, 5.82010397920385e-06, 4.857241492572939e-06, 4.764943241752917e-06, 3.559806373232277e-06, 3.2585182907496346e-06, 2.662161250555073e-06, 2.6853158487938344e-06, 2.323961780348327e-06, 2.589534233266022e-06, 2.234877001683344e-06, 1.9594824607338523e-06, 1.8356262216912e-06, 2.104752411469235e-06, 2.0352204046503175e-06, 1.7288670051129884e-06, 2.0846669031016063e-06, 1.8171920146414777e-06, 1.6189123925869353e-06, 1.5298458038159879e-06, 1.3375836260820506e-06, 2.069665924864239e-06, 1.1102843018306885e-06, 8.206699817492336e-07, 5.277909735923458e-07, 7.716025720583275e-07, 6.138748744888289e-07, 6.216429824235092e-07, 6.593962780243601e-07, 4.295314397495531e-07, 4.090674963208585e-07, 3.314655145914003e-07, 1.520146071243289e-07, 6.564583543422486e-08, 4.782125628821632e-08, 5.793752588800771e-09, 5.97212557185145e-10, 9.218307367442335e-11, 1.2988767006394397e-10, 9.239525117221703e-11, 6.422137821537888e-11, 2.1831911278802352e-11, 7.446813998779334e-12, 7.32394613706111e-12, 7.229713789441705e-12, 7.155952913562302e-12, 7.09107859236946e-12, 7.044926274291097e-12], "lowlevel.mfcc.mean": [-613.9995727539062, 111.97821807861328, -6.1881608963012695, 34.42912292480469, 12.072285652160645, 11.67327880859375, 5.590996742248535, 8.677748680114746, 6.110074043273926, 7.513067722320557, 0.16806232929229736, -2.509658098220825, -2.567267656326294], "lowlevel.spectral_contrast_coeffs.mean": [-0.6539267897605896, -0.7564254999160767, -0.7772669792175293, -0.7900694608688354, -0.795682966709137, -0.7440977096557617], "lowlevel.spectral_contrast_coeffs.stdev": [0.07176385074853897, 0.08879534900188446, 0.08419571071863174, 0.05913772061467171, 0.03514843434095383, 0.035298995673656464], "lowlevel.spectral_contrast_valleys.mean": [-6.562924861907959, -6.773442268371582, -7.201078414916992, -7.118074893951416, -6.999090671539307, -10.072427749633789], "lowlevel.spectral_contrast_valleys.stdev": [0.4986552596092224, 0.5332650542259216, 0.4960451126098633, 0.4360542297363281, 0.49554288387298584, 0.7368509769439697], "rhythm.beats_loudness_band_ratio.mean": [0.6119084358215332, 0.2424154132604599, 0.11197052150964737, 0.08681486546993256, 0.09026408940553665, 0.04839786887168884], "rhythm.beats_loudness_band_ratio.stdev": [0.17782287299633026, 0.11666115373373032, 0.10935331881046295, 0.1083841621875763, 0.07137689739465714, 0.024590466171503067], "tonal.hpcp.mean": [0.06269773095846176, 0.05343085527420044, 0.07372995465993881, 0.0822220966219902, 0.06872110068798065, 0.1050848513841629, 0.12567101418972015, 0.08197493851184845, 0.05881955102086067, 0.0564398430287838, 0.06393568217754364, 0.16426564753055573, 0.2767924666404724, 0.18828490376472473, 0.055556729435920715, 0.043956730514764786, 0.09494687616825104, 0.24583092331886292, 0.2884766459465027, 0.15240107476711273, 0.07654552906751633, 0.05579781159758568, 0.03619789332151413, 0.03530154004693031, 0.043581537902355194, 0.06629271060228348, 0.14290401339530945, 0.21283546090126038, 0.18107976019382477, 0.12417075037956238, 0.1015293151140213, 0.10379166901111603, 0.17796093225479126, 0.22800658643245697, 0.15339189767837524, 0.08244988322257996], "tonal.hpcp.stdev": [0.18388772010803223, 0.15340116620063782, 0.17828364670276642, 0.18033823370933533, 0.15377004444599152, 0.230372816324234, 0.2716776728630066, 0.19288647174835205, 0.14686667919158936, 0.14597463607788086, 0.161941796541214, 0.2462760955095291, 0.3658362627029419, 0.27241063117980957, 0.1426665335893631, 0.11511562019586563, 0.18600213527679443, 0.3319375216960907, 0.36475059390068054, 0.24076373875141144, 0.17548638582229614, 0.1533275842666626, 0.09331327676773071, 0.08125469833612442, 0.10862217843532562, 0.1421651542186737, 0.22429385781288147, 0.30237796902656555, 0.27436137199401855, 0.23301319777965546, 0.21355651319026947, 0.2042551189661026, 0.27597248554229736, 0.3306852877140045, 0.25419533252716064, 0.19378520548343658], "rhythm.beats_position": [0.5921088457107544, 1.1842176914215088, 1.7647165060043335, 2.3336052894592285, 2.902494192123413, 3.4829931259155273, 4.051881790161133, 4.6207709312438965, 5.201269626617432, 5.770158767700195, 6.3506574630737305, 6.919546127319336, 7.4884352684021, 8.057324409484863, 8.637823104858398, 9.206711769104004, 9.77560043334961, 10.356099128723145, 10.936598777770996, 11.505487442016602, 12.085986137390137, 12.654874801635742, 13.223763465881348, 13.79265308380127, 14.373151779174805, 14.94204044342041, 15.510929107666016, 16.091428756713867, 16.660316467285156, 17.229206085205078, 17.80970573425293, 18.37859344482422, 18.94748306274414, 19.52798080444336, 20.09687042236328, 20.665760040283203, 21.246257781982422, 21.815147399902344, 22.384035110473633, 22.952924728393555, 23.521814346313477, 24.102312088012695, 24.682811737060547, 25.240089416503906, 25.820589065551758, 26.38947868347168, 26.95836639404297, 27.53886604309082, 28.11936378479004, 28.68825340270996, 29.257143020629883, 29.8376407623291, 30.406530380249023, 30.975418090820312, 31.555917739868164, 32.136417388916016, 32.70530700683594, 33.274192810058594, 33.843082427978516, 34.41197204589844, 34.992469787597656, 35.56135940551758, 36.1302490234375, 36.71074676513672, 37.27963638305664, 37.84852600097656, 38.42902374267578, 38.9979133605957, 39.566802978515625], "rhythm.bpm_histogram": [0.0, 0.0, 0.0, 0.0, 0.0, 0.0, 0.0, 0.0, 0.0, 0.0, 0.0, 0.0, 0.0, 0.0, 0.0, 0.0, 0.0, 0.0, 0.0, 0.0, 0.0, 0.0, 0.0, 0.0, 0.0, 0.0, 0.0, 0.0, 0.0, 0.0, 0.0, 0.0, 0.0, 0.0, 0.0, 0.0, 0.0, 0.0, 0.0, 0.0, 0.0, 0.0, 0.0, 0.0, 0.0, 0.0, 0.0, 0.0, 0.0, 0.0, 0.0, 0.0, 0.0, 0.0, 0.0, 0.0, 0.0, 0.0, 0.0, 0.0, 0.0, 0.0, 0.0, 0.0, 0.0, 0.0, 0.0, 0.0, 0.0, 0.0, 0.0, 0.0, 0.0, 0.0, 0.0, 0.0, 0.0, 0.0, 0.0, 0.0, 0.0, 0.0, 0.0, 0.0, 0.0, 0.0, 0.0, 0.0, 0.0, 0.0, 0.0, 0.0, 0.0, 0.0, 0.0, 0.0, 0.0, 0.0, 0.0, 0.0, 0.0, 0.014705882407724857, 0.0, 0.3529411852359772, 0.0, 0.6176470518112183, 0.0, 0.0, 0.014705882407724857, 0.0, 0.0, 0.0, 0.0, 0.0, 0.0, 0.0, 0.0, 0.0, 0.0, 0.0, 0.0, 0.0, 0.0, 0.0, 0.0, 0.0, 0.0, 0.0, 0.0, 0.0, 0.0, 0.0, 0.0, 0.0, 0.0, 0.0, 0.0, 0.0, 0.0, 0.0, 0.0, 0.0, 0.0, 0.0, 0.0, 0.0, 0.0, 0.0, 0.0, 0.0, 0.0, 0.0, 0.0, 0.0, 0.0, 0.0, 0.0, 0.0, 0.0, 0.0, 0.0, 0.0, 0.0, 0.0, 0.0, 0.0, 0.0, 0.0, 0.0, 0.0, 0.0, 0.0, 0.0, 0.0, 0.0, 0.0, 0.0, 0.0, 0.0, 0.0, 0.0, 0.0, 0.0, 0.0, 0.0, 0.0, 0.0, 0.0, 0.0, 0.0, 0.0, 0.0, 0.0, 0.0, 0.0, 0.0, 0.0, 0.0, 0.0, 0.0, 0.0, 0.0, 0.0, 0.0, 0.0, 0.0, 0.0, 0.0, 0.0, 0.0, 0.0, 0.0, 0.0, 0.0, 0.0, 0.0, 0.0, 0.0, 0.0, 0.0, 0.0, 0.0, 0.0, 0.0, 0.0, 0.0, 0.0, 0.0, 0.0, 0.0, 0.0, 0.0, 0.0, 0.0, 0.0, 0.0, 0.0, 0.0, 0.0, 0.0, 0.0, 0.0, 0.0, 0.0, 0.0, 0.0, 0.0, 0.0, 0.0, 0.0], "tonal.chords_histogram": [13.821138381958008, 0.0, 9.407665252685547, 0.580720067024231, 20.441347122192383, 10.452961921691895, 1.974448323249817, 0.0, 0.0, 0.11614401638507843, 0.0, 0.0, 0.0, 0.0, 0.11614401638507843, 4.181184768676758, 0.580720067024231, 16.027873992919922, 0.0, 4.181184768676758, 0.11614401638507843, 10.917537689208984, 7.084784984588623, 0.0], "tonal.thpcp": [1.0, 0.5282960534095764, 0.26534393429756165, 0.19342228770256042, 0.12547945976257324, 0.12237226217985153, 0.15107475221157074, 0.2298026978969574, 0.4953746497631073, 0.7377909421920776, 0.6277102828025818, 0.43043604493141174, 0.35194987058639526, 0.3597922623157501, 0.6168988943099976, 0.7903814315795898, 0.5317307114601135, 0.28581130504608154, 0.21734075248241425, 0.1852172613143921, 0.255583792924881, 0.28502166271209717, 0.238220676779747, 0.3642750680446625, 0.4356366991996765, 0.2841649055480957, 0.20389710366725922, 0.19564788043498993, 0.22163209319114685, 0.5694244503974915, 0.9594969749450684, 0.6526868343353271, 0.19258657097816467, 0.15237535536289215, 0.32913193106651306, 0.8521692156791687], "lowlevel.gfcc.cov": [[1608.0382080078125, -461.4998474121094, -195.19557189941406, -110.46366119384766, -309.6541442871094, -1.5053832530975342, -88.7624740600586, 70.1822280883789, -60.000221252441406, 95.86632537841797, -103.61544036865234, 32.130767822265625, -58.06179428100586], [-461.4998474121094, 745.9550170898438, -195.19952392578125, -29.565902709960938, 133.70437622070312, -112.57288360595703, 215.00921630859375, -42.97431564331055, 138.7060546875, -47.16144943237305, 198.21571350097656, -68.2569808959961, 149.9378662109375], [-195.19557189941406, -195.19952392578125, 431.1438293457031, 103.44953155517578, 45.01777648925781, 55.14399719238281, -120.86176300048828, -14.206318855285645, -45.71534729003906, 30.38482093811035, -50.62599563598633, 74.3695297241211, -65.26956939697266], [-110.46366119384766, -29.565902709960938, 103.44953155517578, 245.64102172851562, 73.12165069580078, -1.6183228492736816, -35.346214294433594, -39.68915939331055, 42.0745964050293, -17.524166107177734, 26.473527908325195, 20.658985137939453, 37.51041030883789], [-309.6541442871094, 133.70437622070312, 45.01777648925781, 73.12165069580078, 238.51776123046875, 33.70334243774414, 40.05792236328125, 28.453269958496094, 75.64762878417969, 28.4979305267334, 43.125423431396484, 5.1640472412109375, 38.2723274230957], [-1.5053832530975342, -112.57288360595703, 55.14399719238281, -1.6183228492736816, 33.70334243774414, 169.2512969970703, 75.9869613647461, 29.45279312133789, -36.63935852050781, -7.291035175323486, -0.8333472013473511, 23.2053165435791, -11.301878929138184], [-88.7624740600586, 215.00921630859375, -120.86176300048828, -35.346214294433594, 40.05792236328125, 75.9869613647461, 300.1416320800781, 84.36140441894531, 12.984881401062012, -51.37101364135742, 85.0667724609375, -18.174278259277344, 75.2669906616211], [70.1822280883789, -42.97431564331055, -14.206318855285645, -39.68915939331055, 28.453269958496094, 29.45279312133789, 84.36140441894531, 148.06788635253906, 43.46702194213867, 31.283973693847656, -8.505831718444824, 4.545068264007568, 11.562127113342285], [-60.000221252441406, 138.7060546875, -45.71534729003906, 42.0745964050293, 75.64762878417969, -36.63935852050781, 12.984881401062012, 43.46702194213867, 157.15869140625, 60.05550003051758, 50.291263580322266, -16.81576156616211, 38.294490814208984], [95.86632537841797, -47.16144943237305, 30.38482093811035, -17.524166107177734, 28.4979305267334, -7.291035175323486, -51.37101364135742, 31.283973693847656, 60.05550003051758, 125.53290557861328, 18.562122344970703, 20.006731033325195, -25.830965042114258], [-103.61544036865234, 198.21571350097656, -50.62599563598633, 26.473527908325195, 43.125423431396484, -0.8333472013473511, 85.0667724609375, -8.505831718444824, 50.291263580322266, 18.562122344970703, 140.90757751464844, 18.739452362060547, 62.97551345825195], [32.130767822265625, -68.2569808959961, 74.3695297241211, 20.658985137939453, 5.1640472412109375, 23.2053165435791, -18.174278259277344, 4.545068264007568, -16.81576156616211, 20.006731033325195, 18.739452362060547, 83.49385833740234, 14.412887573242188], [-58.06179428100586, 149.9378662109375, -65.26956939697266, 37.51041030883789, 38.2723274230957, -11.301878929138184, 75.2669906616211, 11.562127113342285, 38.294490814208984, -25.830965042114258, 62.97551345825195, 14.412887573242188, 107.94114685058594]], "lowlevel.gfcc.icov": [[0.0012931586243212223, 0.00034526086528785527, 0.0010004938812926412, -0.00048617584980092943, 0.001569788670167327, -0.0002751745341811329, 2.473261338309385e-05, -0.0004555955238174647, 0.0003804505686275661, -0.0017216207925230265, 0.000777097069658339, -0.0005778501508757472, -0.00048711124691180885], [0.00034526086528785527, 0.011193166486918926, -0.002623648149892688, 0.007356820162385702, -0.004641106817871332, 0.008328971453011036, -0.0072260028682649136, 0.009244756773114204, -0.00780047383159399, 0.004800098482519388, -0.007619590498507023, 0.005332384258508682, -0.005289794411510229], [0.0010004938812926412, -0.002623648149892688, 0.005898181814700365, -0.004227828700095415, 0.0015196475433185697, -0.00309056811966002, 0.002892088843509555, -0.003521102014929056, 0.0034352836664766073, -0.0027312557213008404, 0.0030344100669026375, -0.00513489032164216, 0.0037593506276607513], [-0.00048617584980092943, 0.007356820162385702, -0.004227828700095415, 0.011916720308363438, -0.00495101697742939, 0.005289456807076931, -0.0039406814612448215, 0.008305173367261887, -0.008504429832100868, 0.006884503643959761, -0.005994393490254879, 0.0034441836178302765, -0.005308751482516527], [0.001569788670167327, -0.004641106817871332, 0.0015196475433185697, -0.00495101697742939, 0.01031431183218956, -0.00568351848050952, 0.0028973137959837914, -0.0048402841202914715, 0.0017612020019441843, -0.0054300157353281975, 0.004266585689038038, -0.001997873419895768, 2.9890074074501172e-05], [-0.0002751745341811329, 0.008328971453011036, -0.00309056811966002, 0.005289456807076931, -0.00568351848050952, 0.01553216390311718, -0.009278517216444016, 0.007123633753508329, -0.003937084693461657, 0.003549120156094432, -0.004912594798952341, 0.00164983537979424, -0.001184247899800539], [2.473261338309385e-05, -0.0072260028682649136, 0.002892088843509555, -0.0039406814612448215, 0.0028973137959837914, -0.009278517216444016, 0.014851780608296394, -0.01250485423952341, 0.006813248619437218, 0.0012178618926554918, -0.0017739683389663696, 9.24652413232252e-05, 0.00105042674113065], [-0.0004555955238174647, 0.009244756773114204, -0.003521102014929056, 0.008305173367261887, -0.0048402841202914715, 0.007123633753508329, -0.01250485423952341, 0.02178841643035412, -0.011627750471234322, 0.0009572478011250496, 0.0004440413904376328, 0.001479596714489162, -0.00535648362711072], [0.0003804505686275661, -0.00780047383159399, 0.0034352836664766073, -0.008504429832100868, 0.0017612020019441843, -0.003937084693461657, 0.006813248619437218, -0.011627750471234322, 0.021402621641755104, -0.01122995000332594, 0.0024774991907179356, 0.0021510038059204817, -0.0004824817297048867], [-0.0017216207925230265, 0.004800098482519388, -0.0027312557213008404, 0.006884503643959761, -0.0054300157353281975, 0.003549120156094432, 0.0012178618926554918, 0.0009572478011250496, -0.01122995000332594, 0.022672241553664207, -0.010509773157536983, -0.001395410392433405, 0.005435132887214422], [0.000777097069658339, -0.007619590498507023, 0.0030344100669026375, -0.005994393490254879, 0.004266585689038038, -0.004912594798952341, -0.0017739683389663696, 0.0004440413904376328, 0.0024774991907179356, -0.010509773157536983, 0.022646328434348106, -0.008891269564628601, -0.0013368618674576283], [-0.0005778501508757472, 0.005332384258508682, -0.00513489032164216, 0.0034441836178302765, -0.001997873419895768, 0.00164983537979424, 9.24652413232252e-05, 0.001479596714489162, 0.0021510038059204817, -0.001395410392433405, -0.008891269564628601, 0.02446700446307659, -0.010538185946643353], [-0.00048711124691180885, -0.005289794411510229, 0.0037593506276607513, -0.005308751482516527, 2.9890074074501172e-05, -0.001184247899800539, 0.00105042674113065, -0.00535648362711072, -0.0004824817297048867, 0.005435132887214422, -0.0013368618674576283, -0.010538185946643353, 0.023833826184272766]], "lowlevel.mfcc.cov": [[1790.2236328125, -431.310791015625, -114.74150085449219, -168.07994079589844, -263.40411376953125, -108.3746109008789, -92.53292846679688, -63.571102142333984, -8.581441879272461, 15.890836715698242, -4.141337871551514, -28.454837799072266, -42.796295166015625], [-431.310791015625, 637.1918334960938, -202.2882080078125, 35.728240966796875, -46.57073211669922, -24.595439910888672, 68.15999603271484, 9.337281227111816, 12.719017028808594, 62.78379440307617, 19.0573787689209, 36.414615631103516, 50.3883171081543], [-114.74150085449219, -202.2882080078125, 344.8298034667969, 28.880876541137695, 67.02642059326172, 38.71128845214844, -35.19130325317383, -10.231146812438965, -41.14149856567383, -79.89970397949219, -5.946822166442871, 3.0337579250335693, -4.036865234375], [-168.07994079589844, 35.728240966796875, 28.880876541137695, 214.35536193847656, 96.70042419433594, 12.065505981445312, -41.37837219238281, -8.378739356994629, 10.660870552062988, -8.45974349975586, -3.2811622619628906, 15.379775047302246, 29.70796775817871], [-263.40411376953125, -46.57073211669922, 67.02642059326172, 96.70042419433594, 247.4701690673828, 53.20602798461914, -81.13615417480469, -39.663368225097656, 7.121372699737549, 0.32410186529159546, 23.298734664916992, 13.160272598266602, 27.335590362548828], [-108.3746109008789, -24.595439910888672, 38.71128845214844, 12.065505981445312, 53.20602798461914, 126.99756622314453, 40.437686920166016, 12.762046813964844, -16.31696319580078, -23.143224716186523, 14.234625816345215, 12.343815803527832, -5.4450483322143555], [-92.53292846679688, 68.15999603271484, -35.19130325317383, -41.37837219238281, -81.13615417480469, 40.437686920166016, 212.67877197265625, 110.3998794555664, 19.931007385253906, 10.445984840393066, -8.558755874633789, 5.787363529205322, -15.53863525390625], [-63.571102142333984, 9.337281227111816, -10.231146812438965, -8.378739356994629, -39.663368225097656, 12.762046813964844, 110.3998794555664, 129.819580078125, 52.80250930786133, 7.348502159118652, -9.590337753295898, -0.5778993368148804, -8.905719757080078], [-8.581441879272461, 12.719017028808594, -41.14149856567383, 10.660870552062988, 7.121372699737549, -16.31696319580078, 19.931007385253906, 52.80250930786133, 101.00479888916016, 52.94040298461914, 10.68154525756836, 3.5723752975463867, 8.873088836669922], [15.890836715698242, 62.78379440307617, -79.89970397949219, -8.45974349975586, 0.32410186529159546, -23.143224716186523, 10.445984840393066, 7.348502159118652, 52.94040298461914, 113.60223388671875, 42.00797653198242, 5.148447036743164, 4.132525444030762], [-4.141337871551514, 19.0573787689209, -5.946822166442871, -3.2811622619628906, 23.298734664916992, 14.234625816345215, -8.558755874633789, -9.590337753295898, 10.68154525756836, 42.00797653198242, 90.18640899658203, 34.25111389160156, 8.655329704284668], [-28.454837799072266, 36.414615631103516, 3.0337579250335693, 15.379775047302246, 13.160272598266602, 12.343815803527832, 5.787363529205322, -0.5778993368148804, 3.5723752975463867, 5.148447036743164, 34.25111389160156, 76.4178237915039, 46.3474235534668], [-42.796295166015625, 50.3883171081543, -4.036865234375, 29.70796775817871, 27.335590362548828, -5.4450483322143555, -15.53863525390625, -8.905719757080078, 8.873088836669922, 4.132525444030762, 8.655329704284668, 46.3474235534668, 88.16991424560547]], "lowlevel.mfcc.icov": [[0.0011486000148579478, 0.0011072333436459303, 0.0007384982309304178, 0.00010495519381947815, 0.0015021399594843388, 8.940847328631207e-05, 0.0005636595888063312, 0.0005297701572999358, -8.856151544023305e-05, -0.00017257040599361062, -0.0002327027905266732, -0.00019567484559956938, -0.00024145469069480896], [0.0011072333436459303, 0.003313112771138549, 0.0018691795412451029, -0.0006001127185299993, 0.0016299225389957428, 0.0004247294273227453, -0.00044425128726288676, 0.0009153836290352046, 0.0006112526170909405, -0.0007099629146978259, -0.00043487048242241144, -0.00043070557876490057, -0.0012922750320285559], [0.0007384982309304178, 0.0018691795412451029, 0.004887440707534552, -0.0002867374278139323, 0.00013261131243780255, 4.2130097426706925e-05, 0.0004434175498317927, -0.00034211063757538795, 0.0008937348611652851, 0.0022840143647044897, -0.0010948717826977372, -0.0003455845871940255, -0.0002921546110883355], [0.00010495519381947815, -0.0006001127185299993, -0.0002867374278139323, 0.0062214587815105915, -0.002124302089214325, 3.9684960938757285e-05, 0.0010728930355980992, -0.0008463339181616902, -0.0005851248861290514, 0.00047576133511029184, 0.0010893255239352584, -0.0007597331423312426, -0.000621820567175746], [0.0015021399594843388, 0.0016299225389957428, 0.00013261131243780255, -0.002124302089214325, 0.009112737141549587, -0.003670694073662162, 0.0031770975328981876, 0.001414070837199688, -0.0015160703333094716, -0.001208059722557664, -0.0010387474903836846, 0.0007889572880230844, -0.0019332892261445522], [8.940847328631207e-05, 0.0004247294273227453, 4.2130097426706925e-05, 3.9684960938757285e-05, -0.003670694073662162, 0.012052526697516441, -0.004281305707991123, 0.0005387572455219924, 0.0013813729165121913, 0.0029235719703137875, -0.0025949699338525534, -0.0012329842429608107, 0.0015983093762770295], [0.0005636595888063312, -0.00044425128726288676, 0.0004434175498317927, 0.0010728930355980992, 0.0031770975328981876, -0.004281305707991123, 0.012535195797681808, -0.009846605360507965, 0.0033086570911109447, -0.0030112271197140217, 0.0018677925691008568, -0.001973893027752638, 0.0008138558478094637], [0.0005297701572999358, 0.0009153836290352046, -0.00034211063757538795, -0.0008463339181616902, 0.001414070837199688, 0.0005387572455219924, -0.009846605360507965, 0.02100464142858982, -0.011371544562280178, 0.004076698794960976, -0.00014428750728257, 0.0003862819285131991, 0.0007490816060453653], [-8.856151544023305e-05, 0.0006112526170909405, 0.0008937348611652851, -0.0005851248861290514, -0.0015160703333094716, 0.0013813729165121913, 0.0033086570911109447, -0.011371544562280178, 0.020624198019504547, -0.0090215764939785, 0.0012676094193011522, -0.0004221046110615134, -0.001719649531878531], [-0.00017257040599361062, -0.0007099629146978259, 0.0022840143647044897, 0.00047576133511029184, -0.001208059722557664, 0.0029235719703137875, -0.0030112271197140217, 0.004076698794960976, -0.0090215764939785, 0.018678663298487663, -0.008488893508911133, 0.0030818514060229063, -5.183277608011849e-05], [-0.0002327027905266732, -0.00043487048242241144, -0.0010948717826977372, 0.0010893255239352584, -0.0010387474903836846, -0.0025949699338525534, 0.0018677925691008568, -0.00014428750728257, 0.0012676094193011522, -0.008488893508911133, 0.019224483519792557, -0.01004291232675314, 0.0038570628967136145], [-0.00019567484559956938, -0.00043070557876490057, -0.0003455845871940255, -0.0007597331423312426, 0.0007889572880230844, -0.0012329842429608107, -0.001973893027752638, 0.0003862819285131991, -0.0004221046110615134, 0.0030818514060229063, -0.01004291232675314, 0.025723477825522423, -0.012876172550022602], [-0.00024145469069480896, -0.0012922750320285559, -0.0002921546110883355, -0.000621820567175746, -0.0019332892261445522, 0.0015983093762770295, 0.0008138558478094637, 0.0007490816060453653, -0.001719649531878531, -5.183277608011849e-05, 0.0038570628967136145, -0.012876172550022602, 0.019641730934381485]], "metadata.audio_properties.analysis.downmix": "mix", "metadata.audio_properties.codec": "mp3", "metadata.audio_properties.md5_encoded": "e3ff7b9d2262166f338