{"song_id": "1182276729386057760", "download": "https://cdn.discordapp.com/attachments/1135911532732108921/1182276729386057760/chirp.mp4?ex=65841c01&amp", "lyrics": "Act As If\nI am a crypto billionaire\ncrypto billionaire\ncrypto billionaire", "style": ["cool silent chillout beats"], "essentia_features": {"lowlevel.average_loudness": 0.9713863134384155, "lowlevel.barkbands_crest.mean": 14.480452537536621, "lowlevel.barkbands_crest.stdev": 6.5645012855529785, "lowlevel.barkbands_flatness_db.mean": 0.2190181463956833, "lowlevel.barkbands_flatness_db.stdev": 0.09076602756977081, "lowlevel.barkbands_kurtosis.mean": 26.38654136657715, "lowlevel.barkbands_kurtosis.stdev": 57.108341217041016, "lowlevel.barkbands_skewness.mean": 3.086376905441284, "lowlevel.barkbands_skewness.stdev": 3.208475351333618, "lowlevel.barkbands_spread.mean": 15.355630874633789, "lowlevel.barkbands_spread.stdev": 19.364530563354492, "lowlevel.dissonance.mean": 0.43907612562179565, "lowlevel.dissonance.stdev": 0.05277697369456291, "lowlevel.dynamic_complexity": 3.7877249717712402, "lowlevel.erbbands_crest.mean": 12.542154312133789, "lowlevel.erbbands_crest.stdev": 4.9971232414245605, "lowlevel.erbbands_flatness_db.mean": 0.19213935732841492, "lowlevel.erbbands_flatness_db.stdev": 0.057840920984745026, "lowlevel.erbbands_kurtosis.mean": 7.260184288024902, "lowlevel.erbbands_kurtosis.stdev": 12.303163528442383, "lowlevel.erbbands_skewness.mean": 1.3255739212036133, "lowlevel.erbbands_skewness.stdev": 1.6444300413131714, "lowlevel.erbbands_spread.mean": 35.047122955322266, "lowlevel.erbbands_spread.stdev": 30.525489807128906, "lowlevel.hfc.mean": 16.29867172241211, "lowlevel.hfc.stdev": 20.035459518432617, "lowlevel.loudness_ebu128.integrated": -13.596116065979004, "lowlevel.loudness_ebu128.loudness_range": 2.8980016708374023, "lowlevel.loudness_ebu128.momentary.mean": -13.913796424865723, "lowlevel.loudness_ebu128.momentary.stdev": 1.7682173252105713, "lowlevel.loudness_ebu128.short_term.mean": -13.67668342590332, "lowlevel.loudness_ebu128.short_term.stdev": 1.0237418413162231, "lowlevel.melbands_crest.mean": 20.09596824645996, "lowlevel.melbands_crest.stdev": 8.599634170532227, "lowlevel.melbands_flatness_db.mean": 0.2893148958683014, "lowlevel.melbands_flatness_db.stdev": 0.11244664341211319, "lowlevel.melbands_kurtosis.mean": 54.44095230102539, "lowlevel.melbands_kurtosis.stdev": 120.71476745605469, "lowlevel.melbands_skewness.mean": 4.089006423950195, "lowlevel.melbands_skewness.stdev": 4.1923956871032715, "lowlevel.melbands_spread.mean": 17.404401779174805, "lowlevel.melbands_spread.stdev": 29.02195167541504, "lowlevel.pitch_salience.mean": 0.43828946352005005, "lowlevel.pitch_salience.stdev": 0.2085535228252411, "lowlevel.silence_rate_20dB.mean": 1.0, "lowlevel.silence_rate_20dB.stdev": 0.0, "lowlevel.silence_rate_30dB.mean": 0.8864426612854004, "lowlevel.silence_rate_30dB.stdev": 0.3172713816165924, "lowlevel.silence_rate_60dB.mean": 0.08806488662958145, "lowlevel.silence_rate_60dB.stdev": 0.2833912968635559, "lowlevel.spectral_centroid.mean": 1036.1751708984375, "lowlevel.spectral_centroid.stdev": 879.481689453125, "lowlevel.spectral_complexity.mean": 9.293743133544922, "lowlevel.spectral_complexity.stdev": 7.623905658721924, "lowlevel.spectral_decrease.mean": -1.0317060095133002e-08, "lowlevel.spectral_decrease.stdev": 1.1769778041070822e-08, "lowlevel.spectral_energy.mean": 0.04041734337806702, "lowlevel.spectral_energy.stdev": 0.04511406645178795, "lowlevel.spectral_energyband_high.mean": 0.0008033668273128569, "lowlevel.spectral_energyband_high.stdev": 0.0019192788749933243, "lowlevel.spectral_energyband_low.mean": 0.02619788609445095, "lowlevel.spectral_energyband_low.stdev": 0.0400610975921154, "lowlevel.spectral_energyband_middle_high.mean": 0.0018784847343340516, "lowlevel.spectral_energyband_middle_high.stdev": 0.003509428584948182, "lowlevel.spectral_energyband_middle_low.mean": 0.012959600426256657, "lowlevel.spectral_energyband_middle_low.stdev": 0.019518515095114708, "lowlevel.spectral_entropy.mean": 7.325766563415527, "lowlevel.spectral_entropy.stdev": 0.6416556239128113, "lowlevel.spectral_flux.mean": 0.10317163914442062, "lowlevel.spectral_flux.stdev": 0.10293164849281311, "lowlevel.spectral_kurtosis.mean": 5.063425064086914, "lowlevel.spectral_kurtosis.stdev": 4.9664387702941895, "lowlevel.spectral_rms.mean": 0.005361751653254032, "lowlevel.spectral_rms.stdev": 0.0032685052137821913, "lowlevel.spectral_rolloff.mean": 1330.7677001953125, "lowlevel.spectral_rolloff.stdev": 2248.287353515625, "lowlevel.spectral_skewness.mean": 1.7658214569091797, "lowlevel.spectral_skewness.stdev": 0.845282793045044, "lowlevel.spectral_spread.mean": 5489701.0, "lowlevel.spectral_spread.stdev": 2065863.875, "lowlevel.spectral_strongpeak.mean": 0.8883700966835022, "lowlevel.spectral_strongpeak.stdev": 0.9190548062324524, "lowlevel.zerocrossingrate.mean": 0.04903973266482353, "lowlevel.zerocrossingrate.stdev": 0.0558968186378479, "metadata.audio_properties.analysis.equal_loudness": 0.0, "metadata.audio_properties.analysis.length": 40.04265213012695, "metadata.audio_properties.analysis.sample_rate": 44100.0, "metadata.audio_properties.analysis.start_time": 0.0, "metadata.audio_properties.bit_rate": 125087.0, "metadata.audio_properties.length": 40.042667388916016, "metadata.audio_properties.lossless": 0.0, "metadata.audio_properties.number_channels": 1.0, "metadata.audio_properties.replay_gain": -13.266437530517578, "metadata.audio_properties.sample_rate": 48000.0, "rhythm.beats_count": 82.0, "rhythm.beats_loudness.mean": 0.14342616498470306, "rhythm.beats_loudness.stdev": 0.024202976375818253, "rhythm.bpm": 124.022216796875, "rhythm.bpm_histogram_first_peak_bpm": 123.0, "rhythm.bpm_histogram_first_peak_weight": 0.32499998807907104, "rhythm.bpm_histogram_second_peak_bpm": 117.0, "rhythm.bpm_histogram_second_peak_spread": 0.0, "rhythm.bpm_histogram_second_peak_weight": 0.012345679104328156, "rhythm.danceability": 1.6558223962783813, "rhythm.onset_rate": 5.6173577308654785, "tonal.chords_changes_rate": 0.03125, "tonal.chords_number_rate": 0.0069444444961845875, "tonal.chords_strength.mean": 0.5003187656402588, "tonal.chords_strength.stdev": 0.0819990411400795, "tonal.hpcp_crest.mean": 14.042415618896484, "tonal.hpcp_crest.stdev": 4.898922443389893, "tonal.hpcp_entropy.mean": 1.720159888267517, "tonal.hpcp_entropy.stdev": 0.5842325091362, "tonal.key_edma.strength": 0.648319661617279, "tonal.key_krumhansl.strength": 0.6575257778167725, "tonal.key_temperley.strength": 0.6666142344474792, "tonal.tuning_diatonic_strength": 0.48334425687789917, "tonal.tuning_equal_tempered_deviation": 0.08929962664842606, "tonal.tuning_frequency": 440.2542419433594, "tonal.tuning_nontempered_energy_ratio": 0.6811989545822144, "lowlevel.barkbands.mean": [0.0006345464498735964, 0.01969088613986969, 0.004482776392251253, 0.0020447506103664637, 0.0017666653729975224, 0.0010820088209584355, 0.001741538173519075, 0.0032423988450318575, 0.003016088157892227, 0.00019612160394899547, 0.00023693534603808075, 0.00031884893542155623, 0.000406158302212134, 0.00021011519129388034, 0.0001460274652345106, 0.00011304618237772956, 9.353546192869544e-05, 5.757921826443635e-05, 9.449826029594988e-05, 8.036438521230593e-05, 0.00010370621021138504, 0.00016211018373724073, 0.00021516293054446578, 0.0001808735978556797, 7.843110506655648e-05, 2.1228297555353492e-05, 9.48369859088416e-07], "lowlevel.barkbands.stdev": [0.0010022431379184127, 0.03282880410552025, 0.015397741459310055, 0.006401809398084879, 0.005455213598906994, 0.0031921446789056063, 0.0032677643466740847, 0.005650972947478294, 0.006091468967497349, 0.0005417202482931316, 0.0006338436505757272, 0.001001830562017858, 0.0011453452752903104, 0.0006103470223024487, 0.00044004718074575067, 0.0003138835309073329, 0.00027284742100164294, 0.00019806351338047534, 0.0002209839876741171, 0.0002235781867057085, 0.0002605808258522302, 0.00039564439794048667, 0.0006264328840188682, 0.0004989653825759888, 0.00023746838269289583, 5.10393911099527e-05, 3.0784699447394814e-06], "lowlevel.erbbands.mean": [0.7015259265899658, 3.8432633876800537, 5.457549095153809, 6.976079940795898, 4.761685848236084, 6.936596870422363, 6.402129173278809, 10.288824081420898, 19.125518798828125, 38.63644790649414, 89.3918685913086, 66.07144927978516, 12.147087097167969, 7.5524702072143555, 10.41214370727539, 12.999286651611328, 18.35259246826172, 13.412056922912598, 9.103212356567383, 6.39666223526001, 7.055656909942627, 4.766981601715088, 2.9874427318573, 4.83536434173584, 4.170515060424805, 3.7763214111328125, 3.623859405517578, 4.764766216278076, 6.047047138214111, 5.374749183654785, 6.236542701721191, 4.521330833435059, 2.5881035327911377, 1.1494042873382568, 0.3991016447544098, 0.13436274230480194, 0.029889682307839394, 0.004239608533680439, 0.00014184165047481656, 5.104612137074582e-05], "lowlevel.erbbands.stdev": [1.0943304300308228, 7.486945152282715, 17.18984603881836, 20.412460327148438, 17.20600128173828, 19.790908813476562, 20.17006492614746, 29.851924896240234, 46.877113342285156, 55.28131103515625, 164.78932189941406, 125.1578598022461, 23.396522521972656, 19.504220962524414, 27.291791915893555, 40.484466552734375, 50.45463943481445, 35.82786178588867, 25.10999870300293, 19.382429122924805, 18.24382209777832, 13.787236213684082, 10.67125129699707, 11.896649360656738, 10.670833587646484, 10.409063339233398, 9.413375854492188, 12.02464485168457, 15.16540241241455, 14.028240203857422, 18.08418846130371, 12.691963195800781, 7.150493144989014, 3.4437735080718994, 1.1547647714614868, 0.36571821570396423, 0.06793533265590668, 0.010060814209282398, 0.0003326359437778592, 5.214767224970274e-05], "lowlevel.gfcc.mean": [-60.0136833190918, 80.9646224975586, -91.92493438720703, 16.793888092041016, -79.67491912841797, 24.1994571685791, -24.57032012939453, 24.30898094177246, -2.0840046405792236, 16.762065887451172, -10.18241024017334, -10.226967811584473, -18.332515716552734], "lowlevel.melbands.mean": [0.005809630732983351, 0.0035319007001817226, 0.0011021735845133662, 0.0003982227062806487, 0.0002479441463947296, 0.0002291185810463503, 0.00032036288757808506, 0.0005049913888797164, 0.0007656362140551209, 0.00037364315357990563, 4.719343996839598e-05, 2.8597698474186473e-05, 3.314017521915957e-05, 3.611728607211262e-05, 3.164908412145451e-05, 4.440229167812504e-05, 2.1857051251572557e-05, 1.4935892068024259e-05, 1.0454456059960648e-05, 7.118194389477139e-06, 8.775208698352799e-06, 5.559084911510581e-06, 2.749963641690556e-06, 2.6908899144473253e-06, 4.1104758565779775e-06, 3.345205641380744e-06, 2.741652224358404e-06, 2.422751776975929e-06, 2.11698716157116e-06, 2.4414125618932303e-06, 2.919545977420057e-06, 3.5153930184605997e-06, 2.9927543891972164e-06, 3.1545823730994016e-06, 3.735286327355425e-06, 3.3146684472740162e-06, 2.5728377295308746e-06, 1.9688814063556492e-06, 1.332857664237963e-06, 8.321111408804427e-07], "lowlevel.melbands.stdev": [0.009227379225194454, 0.008188196457922459, 0.0033312905579805374, 0.0012598163448274136, 0.0007366528734564781, 0.000661970698274672, 0.0006895912229083478, 0.0007673969375900924, 0.001537027070298791, 0.0007002148777246475, 0.00010599895904306322, 7.668814942007884e-05, 8.8458378741052e-05, 0.00011338778131175786, 9.557751036481932e-05, 0.0001251284993486479, 6.3980434788391e-05, 4.3368716433178633e-05, 3.3263888326473534e-05, 2.1886613467358984e-05, 2.2933581931283697e-05, 1.6038622561609372e-05, 1.1795106729550753e-05, 9.089634659176227e-06, 1.0247233149129897e-05, 8.278601853817236e-06, 7.995129635673948e-06, 6.9098932726774365e-06, 5.9129856708750594e-06, 6.602320354431868e-06, 7.558788183814613e-06, 8.98918278835481e-06, 7.552416718681343e-06, 8.993998562800698e-06, 1.1398044080124237e-05, 9.660077921580523e-06, 7.287752396223368e-06, 5.508747562998906e-06, 4.133699803787749e-06, 2.5485990136075998e-06], "lowlevel.melbands128.mean": [0.0006081382744014263, 0.005664480850100517, 0.008315585553646088, 0.005630094558000565, 0.0030850358307361603, 0.0021231621503829956, 0.001557820476591587, 0.0007947628037072718, 0.00039044267032295465, 0.00038280495209619403, 0.00042516805115155876, 0.0002900420513469726, 0.00021006172755733132, 0.00016813520051073283, 0.00022148448624648154, 0.0002672687405720353, 0.00026611986686475575, 0.0002832851023413241, 0.0004809540696442127, 0.00028766761533915997, 0.0006234952597878873, 0.0008848366560414433, 0.000726511119864881, 0.0008121973369270563, 0.0004229439946357161, 0.0002597439452074468, 4.880302367382683e-05, 3.290838503744453e-05, 3.0393714041565545e-05, 2.234775274700951e-05, 3.058889342355542e-05, 3.542128251865506e-05, 3.113588900305331e-05, 3.311261025373824e-05, 3.705034760059789e-05, 3.766064764931798e-05, 3.357331297593191e-05, 2.9929839001852088e-05, 2.7228632461628877e-05, 4.825916767003946e-05, 5.4700663895346224e-05, 2.9432987503241748e-05, 2.2213665943127126e-05, 1.6543004676350392e-05, 1.6920113921514712e-05, 1.4868257494526915e-05, 1.2499232980189845e-05, 1.1821120097010862e-05, 8.89248440216761e-06, 7.435044153680792e-06, 6.704266525048297e-06, 6.547661541844718e-06, 9.110039172810502e-06, 9.852254152065143e-06, 8.301130037580151e-06, 5.0980474952666555e-06, 3.278639951531659e-06, 2.8722888600896113e-06, 2.5996048407250782e-06, 2.363306066399673e-06, 2.403039616183378e-06, 3.03200249618385e-06, 3.996980922238436e-06, 4.664258995035198e-06, 4.035782239952823e-06, 3.3632240956649184e-06, 2.9295006243046373e-06, 2.5007318527059397e-06, 2.842330104613211e-06, 2.895667194025009e-06, 2.2523856841871748e-06, 2.3710733785264893e-06, 2.2025008092896314e-06, 1.977007514142315e-06, 2.096953949148883e-06, 2.605772806418827e-06, 2.4704095267225057e-06, 2.339431603104458e-06, 3.1572872103424743e-06, 3.1952449717209674e-06, 3.549908115019207e-06, 3.827835371339461e-06, 3.17173589792219e-06, 3.1327801934821764e-06, 2.6016421088570496e-06, 2.2257038381212624e-06, 3.401585900064674e-06, 4.907949460175587e-06, 3.32929835167306e-06, 3.1411677809956018e-06, 4.1770804273255635e-06, 2.9375971735134954e-06, 2.867233206416131e-06, 2.6604159302223707e-06, 2.3127372514863964e-06, 2.296698994541657e-06, 1.9221640741307056e-06, 1.4404786270461045e-06, 1.3976336958876345e-06, 1.2899325838588993e-06, 9.628161024011206e-07, 6.86835448959755e-07, 7.721354791101476e-07, 5.73790998714685e-07, 3.9429340858987416e-07, 3.1744139050715603e-07, 3.021545751380472e-07, 2.8672653229477874e-07, 2.3689183592523477e-07, 1.764464911957475e-07, 1.3924187669545063e-07, 9.211868245984078e-08, 9.422345925713671e-08, 6.485217340923555e-08, 5.238250366801367e-08, 4.294699706974825e-08, 2.8866438128716254e-08, 9.859717486904174e-09, 1.7419597986290114e-09, 2.893463524333839e-10, 1.5316924117936281e-10, 3.0824072461133056e-11, 9.198267147958461e-12, 8.360760868353356e-12, 7.31479633808707e-12, 6.301050393259233e-12, 5.368011590789479e-12, 5.2563673899608254e-12], "lowlevel.melbands128.stdev": [0.0009911535307765007, 0.009095145389437675, 0.01457056775689125, 0.01290216576308012, 0.010149156674742699, 0.007002348080277443, 0.004542554263025522, 0.0027376210782676935, 0.0016266073798760772, 0.0012479933211579919, 0.00118187943007797, 0.0008846510900184512, 0.0007162840338423848, 0.0006235077744349837, 0.0007156318170018494, 0.0009502921020612121, 0.0010018260218203068, 0.0008023554109968245, 0.0008867922006174922, 0.0005695050349459052, 0.001228949404321611, 0.0017259607557207346, 0.0021692528389394283, 0.002161306794732809, 0.001011309097521007, 0.0006496497662737966, 0.00014453547191806138, 9.739291272126138e-05, 9.09872687770985e-05, 7.155087951105088e-05, 9.435413085157052e-05, 0.00010994732292601839, 9.945400233846158e-05, 0.00010015990119427443, 0.00012548809172585607, 0.00015457499830517918, 0.00013740260328631848, 0.0001095444240490906, 0.00010257160465698689, 0.0001686130417510867, 0.00017781488713808358, 9.69331813394092e-05, 8.238371083280072e-05, 7.234664371935651e-05, 5.668821540893987e-05, 4.983615508535877e-05, 4.8342157242586836e-05, 4.5966284233145416e-05, 3.2020379876485094e-05, 3.124749491689727e-05, 2.3172526198322885e-05, 1.985199014598038e-05, 2.827957723638974e-05, 2.90711504931096e-05, 2.5062903660000302e-05, 1.7139720512204804e-05, 1.2770555258612148e-05, 1.3465877600538079e-05, 1.2643266018130817e-05, 9.332211448054295e-06, 9.17209399631247e-06, 1.0608016964397393e-05, 1.1309361980238464e-05, 1.2785804756276775e-05, 1.0321738045604434e-05, 9.146498086920474e-06, 8.56959741213359e-06, 8.284083378384821e-06, 8.891071047401056e-06, 8.786852959019598e-06, 7.660802111786325e-06, 6.908205705258297e-06, 6.790106453991029e-06, 6.164827027532738e-06, 6.053331162547693e-06, 7.5698012551583815e-06, 7.516252026107395e-06, 6.535538432217436e-06, 8.89717284735525e-06, 8.759528100199532e-06, 9.209769814333413e-06, 1.142411110777175e-05, 8.290420737466775e-06, 8.668666851008311e-06, 7.061404630803736e-06, 5.920422609051457e-06, 1.1120582712464966e-05, 1.8282969904248603e-05, 1.065549804479815e-05, 8.87612441147212e-06, 1.3643539205077104e-05, 8.672393050801475e-06, 9.046266313816886e-06, 8.048369636526331e-06, 6.78697733746958e-06, 6.939786544535309e-06, 5.647729722113581e-06, 4.280057510186452e-06, 4.806033302884316e-06, 4.236694167047972e-06, 2.898154662034358e-06, 2.20254628402472e-06, 3.1041154215927236e-06, 1.8040393570117885e-06, 1.199194457512931e-06, 8.925161409933935e-07, 1.0508961167943198e-06, 8.910583915167081e-07, 6.645295229645853e-07, 5.125520488036273e-07, 3.913065427241236e-07, 2.2331023785682191e-07, 2.6037551492663624e-07, 1.805796046028263e-07, 1.5213494464205723e-07, 1.1755142281799635e-07, 8.413742591528717e-08, 4.485661264652663e-08, 1.2742132682319607e-08, 4.959044286323433e-09, 2.9251445710087864e-09, 4.5457351771638344e-10, 7.574097599105656e-11, 5.276724890368456e-11, 3.3084555928208914e-11, 2.3345594554746718e-11, 8.995131028921577e-12, 8.848062907351739e-12], "lowlevel.mfcc.mean": [-708.7562866210938, 115.47703552246094, 33.20429611206055, 1.3999046087265015, -12.512106895446777, 0.23401521146297455, -3.9409492015838623, 3.1266002655029297, 7.964051246643066, 22.512372970581055, 18.947586059570312, 12.76618766784668, 4.323697090148926], "lowlevel.spectral_contrast_coeffs.mean": [-0.7022808194160461, -0.6934622526168823, -0.8082992434501648, -0.8312427997589111, -0.8253104090690613, -0.7974777817726135], "lowlevel.spectral_contrast_coeffs.stdev": [0.08906044065952301, 0.07678120583295822, 0.049076396971940994, 0.04691242799162865, 0.04831661656498909, 0.03259686753153801], "lowlevel.spectral_contrast_valleys.mean": [-7.729246139526367, -6.846177101135254, -7.880776405334473, -8.310199737548828, -8.490914344787598, -10.31171989440918], "lowlevel.spectral_contrast_valleys.stdev": [1.3176747560501099, 1.0910817384719849, 1.0536843538284302, 1.0534849166870117, 1.0136456489562988, 1.088761806488037], "rhythm.beats_loudness_band_ratio.mean": [0.93022221326828, 0.008641969412565231, 0.05268069729208946, 0.00486321235075593, 0.0037391982041299343, 0.0027619069442152977], "rhythm.beats_loudness_band_ratio.stdev": [0.06182839721441269, 0.013938461430370808, 0.05584562569856644, 0.009454838931560516, 0.008927366696298122, 0.0026397148612886667], "tonal.hpcp.mean": [0.03486492857336998, 0.035290252417325974, 0.10531098395586014, 0.18920639157295227, 0.12511146068572998, 0.05724313482642174, 0.07350021600723267, 0.0504128634929657, 0.03822007030248642, 0.04990417882800102, 0.04757142812013626, 0.15542487800121307, 0.39035674929618835, 0.2982598543167114, 0.06535662710666656, 0.044485658407211304, 0.03837742283940315, 0.11582107096910477, 0.1828683763742447, 0.09866774827241898, 0.06306595355272293, 0.0960732027888298, 0.06173092871904373, 0.07015953958034515, 0.1140580028295517, 0.07604722678661346, 0.03345758467912674, 0.034154847264289856, 0.039911702275276184, 0.05456848442554474, 0.08337955176830292, 0.1606544703245163, 0.2706972360610962, 0.2189164161682129, 0.09150581061840057, 0.05405454710125923], "tonal.hpcp.stdev": [0.13621021807193756, 0.13794153928756714, 0.19915200769901276, 0.3022550940513611, 0.21229004859924316, 0.13555771112442017, 0.17510893940925598, 0.12792262434959412, 0.13929037749767303, 0.16570129990577698, 0.16099542379379272, 0.2058231383562088, 0.3969063460826874, 0.32619309425354004, 0.17999674379825592, 0.14600059390068054, 0.1350768655538559, 0.21552284061908722, 0.3233640193939209, 0.19816604256629944, 0.14512775838375092, 0.22821077704429626, 0.13935153186321259, 0.1340019255876541, 0.20404089987277985, 0.15634866058826447, 0.1181037425994873, 0.1070285513997078, 0.1317257583141327, 0.16594910621643066, 0.21320828795433044, 0.27675801515579224, 0.38955172896385193, 0.339476078748703, 0.225110724568367, 0.18121947348117828], "rhythm.beats_position": [0.5340589284896851, 1.0448979139328003, 1.5325169563293457, 2.0201361179351807, 2.5077550411224365, 2.983764171600342, 3.459773063659668, 3.947392225265503, 4.435011386871338, 4.922630310058594, 5.41024923324585, 5.886258602142334, 6.36226749420166, 6.849886417388916, 7.337505340576172, 7.825124740600586, 8.312743186950684, 8.788752555847168, 9.264761924743652, 9.75238037109375, 10.239999771118164, 10.727619171142578, 11.215237617492676, 11.69124698638916, 12.167256355285645, 12.654874801635742, 13.142494201660156, 13.63011360168457, 14.117732048034668, 14.605351448059082, 15.08135986328125, 15.557369232177734, 16.04498863220215, 16.532608032226562, 17.020225524902344, 17.507844924926758, 17.983854293823242, 18.459863662719727, 18.94748306274414, 19.435102462768555, 19.922719955444336, 20.41033935546875, 20.886348724365234, 21.36235809326172, 21.849977493286133, 22.337596893310547, 22.825214385986328, 23.312833786010742, 23.788843154907227, 24.26485252380371, 24.752471923828125, 25.240089416503906, 25.72770881652832, 26.215328216552734, 26.69133758544922, 27.167346954345703, 27.654966354370117, 28.1425838470459, 28.630203247070312, 29.117822647094727, 29.59383201599121, 30.069841384887695, 30.557458877563477, 31.04507827758789, 31.532697677612305, 32.02031707763672, 32.5079345703125, 32.983943939208984, 33.45995330810547, 33.947574615478516, 34.4351921081543, 34.92280960083008, 35.410430908203125, 35.88644027709961, 36.362449645996094, 36.850067138671875, 37.337684631347656, 37.8253059387207, 38.312923431396484, 38.78893280029297, 39.26494216918945, 39.7525634765625], "rhythm.bpm_histogram": [0.0, 0.0, 0.0, 0.0, 0.0, 0.0, 0.0, 0.0, 0.0, 0.0, 0.0, 0.0, 0.0, 0.0, 0.0, 0.0, 0.0, 0.0, 0.0, 0.0, 0.0, 0.0, 0.0, 0.0, 0.0, 0.0, 0.0, 0.0, 0.0, 0.0, 0.0, 0.0, 0.0, 0.0, 0.0, 0.0, 0.0, 0.0, 0.0, 0.0, 0.0, 0.0, 0.0, 0.0, 0.0, 0.0, 0.0, 0.0, 0.0, 0.0, 0.0, 0.0, 0.0, 0.0, 0.0, 0.0, 0.0, 0.0, 0.0, 0.0, 0.0, 0.0, 0.0, 0.0, 0.0, 0.0, 0.0, 0.0, 0.0, 0.0, 0.0, 0.0, 0.0, 0.0, 0.0, 0.0, 0.0, 0.0, 0.0, 0.0, 0.0, 0.0, 0.0, 0.0, 0.0, 0.0, 0.0, 0.0, 0.0, 0.0, 0.0, 0.0, 0.0, 0.0, 0.0, 0.0, 0.0, 0.0, 0.0, 0.0, 0.0, 0.0, 0.0, 0.0, 0.0, 0.0, 0.0, 0.0, 0.0, 0.0, 0.0, 0.0, 0.0, 0.0, 0.0, 0.0, 0.0, 0.012345679104328156, 0.0, 0.0, 0.0, 0.0, 0.0, 0.6666666865348816, 0.0, 0.0, 0.32098764181137085, 0.0, 0.0, 0.0, 0.0, 0.0, 0.0, 0.0, 0.0, 0.0, 0.0, 0.0, 0.0, 0.0, 0.0, 0.0, 0.0, 0.0, 0.0, 0.0, 0.0, 0.0, 0.0, 0.0, 0.0, 0.0, 0.0, 0.0, 0.0, 0.0, 0.0, 0.0, 0.0, 0.0, 0.0, 0.0, 0.0, 0.0, 0.0, 0.0, 0.0, 0.0, 0.0, 0.0, 0.0, 0.0, 0.0, 0.0, 0.0, 0.0, 0.0, 0.0, 0.0, 0.0, 0.0, 0.0, 0.0, 0.0, 0.0, 0.0, 0.0, 0.0, 0.0, 0.0, 0.0, 0.0, 0.0, 0.0, 0.0, 0.0, 0.0, 0.0, 0.0, 0.0, 0.0, 0.0, 0.0, 0.0, 0.0, 0.0, 0.0, 0.0, 0.0, 0.0, 0.0, 0.0, 0.0, 0.0, 0.0, 0.0, 0.0, 0.0, 0.0, 0.0, 0.0, 0.0, 0.0, 0.0, 0.0, 0.0, 0.0, 0.0, 0.0, 0.0, 0.0, 0.0, 0.0, 0.0, 0.0, 0.0, 0.0, 0.0, 0.0, 0.0, 0.0, 0.0, 0.0, 0.0, 0.0, 0.0, 0.0, 0.0, 0.0, 0.0], "tonal.chords_histogram": [14.699073791503906, 0.0, 1.1574074029922485, 0.23148147761821747, 1.0416666269302368, 0.0, 0.0, 0.0, 0.0, 0.0, 0.0, 0.0, 0.0, 0.0, 0.0, 0.0, 0.0, 33.449073791503906, 0.0, 7.523148059844971, 0.0, 0.0, 0.0, 41.89814758300781], "tonal.thpcp": [1.0, 0.7640699148178101, 0.1674279421567917, 0.11396154761314392, 0.09831371903419495, 0.2967056930065155, 0.46846476197242737, 0.2527630031108856, 0.1615597903728485, 0.24611641466617584, 0.15813978016376495, 0.1797318458557129, 0.2921891510486603, 0.19481468200683594, 0.08571027219295502, 0.08749649673700333, 0.10224416851997375, 0.1397913247346878, 0.2135983407497406, 0.41155806183815, 0.6934611201286316, 0.5608111619949341, 0.23441585898399353, 0.1384747326374054, 0.08931554853916168, 0.09040512889623642, 0.2697813808917999, 0.4847012162208557, 0.32050544023513794, 0.14664313197135925, 0.1882898509502411, 0.12914562225341797, 0.09791062027215958, 0.1278424859046936, 0.12186654657125473, 0.3981611132621765], "lowlevel.gfcc.cov": [[7409.36474609375, 474.011474609375, -351.913818359375, 657.1980590820312, 142.40017700195312, -81.62672424316406, -632.4918212890625, -398.93621826171875, -510.5706787109375, -424.3978271484375, -153.15072631835938, 99.44619750976562, -148.6352081298828], [474.011474609375, 2210.14208984375, 23.6852970123291, -293.2824401855469, 766.9398803710938, -44.558345794677734, 79.35124969482422, -24.288799285888672, 211.68389892578125, -193.206298828125, 139.595703125, -197.9403076171875, 47.97495651245117], [-351.913818359375, 23.6852970123291, 871.1524658203125, 560.5257568359375, 230.86996459960938, 282.20611572265625, 364.91595458984375, 145.77342224121094, 159.6444091796875, 129.48223876953125, 76.2907485961914, 27.912765502929688, 62.11347961425781], [657.1980590820312, -293.2824401855469, 560.5257568359375, 1007.9000244140625, 335.5893249511719, 268.3415832519531, 206.2646026611328, 112.99649810791016, 41.44765853881836, 32.75444793701172, 87.33226776123047, 79.1936264038086, 82.42424011230469], [142.40017700195312, 766.9398803710938, 230.86996459960938, 335.5893249511719, 734.6870727539062, 170.954833984375, 212.33790588378906, 114.615234375, 203.14114379882812, -15.623294830322266, 151.66024780273438, -18.310726165771484, 82.13849639892578], [-81.62672424316406, -44.558345794677734, 282.20611572265625, 268.3415832519531, 170.954833984375, 326.2260437011719, 310.6448669433594, 177.70452880859375, 206.5449981689453, 136.5480194091797, 97.21719360351562, 8.255266189575195, 47.96913146972656], [-632.4918212890625, 79.35124969482422, 364.91595458984375, 206.2646026611328, 212.33790588378906, 310.6448669433594, 513.37744140625, 283.7716369628906, 318.04302978515625, 197.91018676757812, 165.6372528076172, 16.835227966308594, 87.43456268310547], [-398.93621826171875, -24.288799285888672, 145.77342224121094, 112.99649810791016, 114.615234375, 177.70452880859375, 283.7716369628906, 261.7647399902344, 261.0013122558594, 158.8971710205078, 117.36235809326172, 22.49951934814453, 65.94767761230469], [-510.5706787109375, 211.68389892578125, 159.6444091796875, 41.44765853881836, 203.14114379882812, 206.5449981689453, 318.04302978515625, 261.0013122558594, 407.3456115722656, 210.2523193359375, 161.56028747558594, -3.332306385040283, 101.86124420166016], [-424.3978271484375, -193.206298828125, 129.48223876953125, 32.75444793701172, -15.623294830322266, 136.5480194091797, 197.91018676757812, 158.8971710205078, 210.2523193359375, 224.34613037109375, 101.00496673583984, 50.49542999267578, 59.6955451965332], [-153.15072631835938, 139.595703125, 76.2907485961914, 87.33226776123047, 151.66024780273438, 97.21719360351562, 165.6372528076172, 117.36235809326172, 161.56028747558594, 101.00496673583984, 184.78211975097656, 80.70597839355469, 97.56522369384766], [99.44619750976562, -197.9403076171875, 27.912765502929688, 79.1936264038086, -18.310726165771484, 8.255266189575195, 16.835227966308594, 22.49951934814453, -3.332306385040283, 50.49542999267578, 80.70597839355469, 169.3233184814453, 71.34046936035156], [-148.6352081298828, 47.97495651245117, 62.11347961425781, 82.42424011230469, 82.13849639892578, 47.96913146972656, 87.43456268310547, 65.94767761230469, 101.86124420166016, 59.6955451965332, 97.56522369384766, 71.34046936035156, 121.5067367553711]], "lowlevel.gfcc.icov": [[0.00027627471718005836, -0.0004134339978918433, 0.0003932738327421248, -0.0005994889652356505, 0.0003715678467415273, -0.0005116739775985479, 0.00033091436489485204, 8.718515164218843e-05, -3.1512627174379304e-05, -0.0001191157425637357, 0.0004003842477686703, -0.0008270517573691905, 0.0006212350563146174], [-0.0004134339978918433, 0.002541500376537442, -0.0014684316702187061, 0.0023066496942192316, -0.002276492537930608, 0.001238310826011002, -0.00030171487014740705, 0.0007470926502719522, -0.0011852664174512029, 0.0028094069566577673, -0.002859119325876236, 0.003074991051107645, -0.0013578875223174691], [0.0003932738327421248, -0.0014684316702187061, 0.003705390030518174, -0.0028507716488093138, 0.001195117481984198, -0.0006085507920943201, -0.0020369328558444977, 0.0016845492646098137, 4.209065082250163e-05, -0.002364691346883774, 0.002998952753841877, -0.002295673592016101, 0.0011506201699376106], [-0.0005994889652356505, 0.0023066496942192316, -0.0028507716488093138, 0.004812613129615784, -0.002840582514181733, -0.0004718957934528589, 0.0009541084291413426, -0.0016458951868116856, 0.0012303416151553392, 0.0023797552566975355, -0.0026935874484479427, 0.0029245938640087843, -0.0028930003754794598], [0.0003715678467415273, -0.002276492537930608, 0.001195117481984198, -0.002840582514181733, 0.004950995557010174, -0.0013533185701817274, 3.310435204184614e-05, 0.00026853065355680883, -0.0013907055836170912, 0.0006561490590684116, 0.00032033867319114506, -0.002227469114586711, 0.0015812620986253023], [-0.0005116739775985479, 0.001238310826011002, -0.0006085507920943201, -0.0004718957934528589, -0.0013533185701817274, 0.010640939697623253, -0.0052940379828214645, 0.0013605946442112327, -0.0019200700335204601, -0.0009329899912700057, -0.0004773278196807951, 0.0019652461633086205, 0.0005987817421555519], [0.00033091436489485204, -0.00030171487014740705, -0.0020369328558444977, 0.0009541084291413426, 3.310435204184614e-05, -0.0052940379828214645, 0.010414731688797474, -0.006288578268140554, 0.0009239139617420733, 0.00017668583313934505, -0.002885713241994381, 0.0007885218947194517, -0.00010276109969709069], [8.718515164218843e-05, 0.0007470926502719522, 0.0016845492646098137, -0.0016458951868116856, 0.00026853065355680883, 0.0013605946442112327, -0.006288578268140554, 0.017729060724377632, -0.008870714344084263, 0.00026033437461592257, 9.096977737499401e-05, -0.0018276650225743651, 0.002559719141572714], [-3.1512627174379304e-05, -0.0011852664174512029, 4.209065082250163e-05, 0.0012303416151553392, -0.0013907055836170912, -0.0019200700335204601, 0.0009239139617420733, -0.008870714344084263, 0.015927325934171677, -0.008801063522696495, -0.0010462967911735177, 0.004893824923783541, -0.005640248768031597], [-0.0001191157425637357, 0.0028094069566577673, -0.002364691346883774, 0.0023797552566975355, 0.0006561490590684116, -0.0009329899912700057, 0.00017668583313934505, 0.00026033437461592257, -0.008801063522696495, 0.018509436398744583, -0.0053525930270552635, -0.0009170981356874108, 0.0011167768388986588], [0.0004003842477686703, -0.002859119325876236, 0.002998952753841877, -0.0026935874484479427, 0.00032033867319114506, -0.0004773278196807951, -0.002885713241994381, 9.096977737499401e-05, -0.0010462967911735177, -0.0053525930270552635, 0.0200054869055748, -0.009030627086758614, -0.003342794254422188], [-0.0008270517573691905, 0.003074991051107645, -0.002295673592016101, 0.0029245938640087843, -0.002227469114586711, 0.0019652461633086205, 0.0007885218947194517, -0.0018276650225743651, 0.004893824923783541, -0.0009170981356874108, -0.009030627086758614, 0.01697411760687828, -0.008248526602983475], [0.0006212350563146174, -0.0013578875223174691, 0.0011506201699376106, -0.0028930003754794598, 0.0015812620986253023, 0.0005987817421555519, -0.00010276109969709069, 0.002559719141572714, -0.005640248768031597, 0.0011167768388986588, -0.003342794254422188, -0.008248526602983475, 0.019986452534794807]], "lowlevel.mfcc.cov": [[6770.92626953125, -42.08302688598633, -317.1990966796875, 409.4086608886719, 457.2833251953125, 71.10916137695312, -164.32127380371094, -7.0880126953125, -500.4117736816406, -545.3316040039062, -460.2975769042969, -352.33758544921875, -161.40170288085938], [-42.08302688598633, 2358.091064453125, -467.5362243652344, -175.36781311035156, 390.4094543457031, -54.39207077026367, 13.643214225769043, 47.63726043701172, 25.885347366333008, 43.630348205566406, 99.66791534423828, -23.41689682006836, 4.634842872619629], [-317.1990966796875, -467.5362243652344, 761.2678833007812, 306.8233337402344, -37.1190299987793, 231.6886749267578, 176.5639190673828, 108.05863189697266, 160.30056762695312, 118.96711730957031, 81.09678649902344, 119.90121459960938, 56.016136169433594], [409.4086608886719, -175.36781311035156, 306.8233337402344, 616.2196655273438, 339.57598876953125, 228.19619750976562, 205.6089324951172, 161.43533325195312, 76.72836303710938, 33.196998596191406, -3.995948314666748, 14.088203430175781, 69.87838745117188], [457.2833251953125, 390.4094543457031, -37.1190299987793, 339.57598876953125, 471.29473876953125, 165.43771362304688, 110.69271087646484, 124.7637710571289, 45.044429779052734, 36.89213943481445, 17.806364059448242, -14.965694427490234, 42.60763168334961], [71.10916137695312, -54.39207077026367, 231.6886749267578, 228.19619750976562, 165.43771362304688, 270.3823547363281, 182.23704528808594, 131.76905822753906, 129.2396697998047, 117.18101501464844, 93.66175842285156, 90.87296295166016, 59.09091567993164], [-164.32127380371094, 13.643214225769043, 176.5639190673828, 205.6089324951172, 110.69271087646484, 182.23704528808594, 249.2629852294922, 162.63465881347656, 117.73426818847656, 102.39537048339844, 90.92694091796875, 90.27156829833984, 75.3580551147461], [-7.0880126953125, 47.63726043701172, 108.05863189697266, 161.43533325195312, 124.7637710571289, 131.76905822753906, 162.63465881347656, 200.86923217773438, 129.6300048828125, 106.85140228271484, 96.62950897216797, 89.16969299316406, 87.92826843261719], [-500.4117736816406, 25.885347366333008, 160.30056762695312, 76.72836303710938, 45.044429779052734, 129.2396697998047, 117.73426818847656, 129.6300048828125, 238.01075744628906, 223.81781005859375, 173.38623046875, 139.2323760986328, 87.07788848876953], [-545.3316040039062, 43.630348205566406, 118.96711730957031, 33.196998596191406, 36.89213943481445, 117.18101501464844, 102.39537048339844, 106.85140228271484, 223.81781005859375, 294.6340637207031, 218.71481323242188, 153.21217346191406, 91.11408233642578], [-460.2975769042969, 99.66791534423828, 81.09678649902344, -3.995948314666748, 17.806364059448242, 93.66175842285156, 90.92694091796875, 96.62950897216797, 173.38623046875, 218.71481323242188, 224.7340087890625, 149.69776916503906, 78.43360137939453], [-352.33758544921875, -23.41689682006836, 119.90121459960938, 14.088203430175781, -14.965694427490234, 90.87296295166016, 90.27156829833984, 89.16969299316406, 139.2323760986328, 153.21217346191406, 149.69776916503906, 165.60787963867188, 98.46350860595703], [-161.40170288085938, 4.634842872619629, 56.016136169433594, 69.87838745117188, 42.60763168334961, 59.09091567993164, 75.3580551147461, 87.92826843261719, 87.07788848876953, 91.11408233642578, 78.43360137939453, 98.46350860595703, 140.21707153320312]], "lowlevel.mfcc.icov": [[0.00024246775137726218, -1.1515231562952977e-05, 0.0001202399143949151, -0.00018527287465985864, 4.571330646285787e-05, -0.0005382694653235376, 0.0006046470953151584, -0.000615697936154902, 0.0006761701079085469, -1.2847795005654916e-05, 0.0001684535964159295, -3.3039475965779275e-05, 0.00011526777961989865], [-1.1515231562952977e-05, 0.0007775084231980145, -5.0696755351964384e-05, 0.0009702645475044847, -0.0014938958920538425, 0.0008334656595252454, -0.0008259873138740659, 0.00038433197187259793, -0.0005244354251772165, 0.0005857397918589413, -0.0007197787053883076, 0.0002581826120149344, -3.0237149985623546e-05], [0.0001202399143949151, -5.0696755351964384e-05, 0.0032101008109748363, -0.0023837401531636715, 0.002545991912484169, -0.0025314486119896173, 0.0008023646078072488, -5.1396535127423704e-05, -0.0008220380987040699, 0.00019608823640737683, 0.0005083897849544883, -0.0010918363695964217, 0.0008052088087424636], [-0.00018527287465985864, 0.0009702645475044847, -0.0023837401531636715, 0.0068320040591061115, -0.0054551465436816216, 0.0016804438782855868, -0.0034609145950526, 0.0006330755422823131, -0.0011220024898648262, 0.0006278365035541356, 0.000736987276468426, 0.001643899828195572, -0.0015631424030289054], [4.571330646285787e-05, -0.0014938958920538425, 0.002545991912484169, -0.0054551465436816216, 0.00932357832789421, -0.005446983966976404, 0.0037325189914554358, -0.0027790935710072517, 0.0014432931784540415, -0.0014827026752755046, -0.00010994459444191307, 0.0023779217153787613, -0.0005385894328355789], [-0.0005382694653235376, 0.0008334656595252454, -0.0025314486119896173, 0.0016804438782855868, -0.005446983966976404, 0.014012249186635017, -0.007465388625860214, 0.0027443147264420986, -0.003119248431175947, 0.00012489270011428744, -0.00027770185261033475, -0.0032942485995590687, 0.0018926220946013927], [0.0006046470953151584, -0.0008259873138740659, 0.0008023646078072488, -0.0034609145950526, 0.0037325189914554358, -0.007465388625860214, 0.01503388024866581, -0.008789862506091595, 0.0035521560348570347, -0.0007141891401261091, 0.00012025056639686227, -0.0007526022964157164, 0.0002910061739385128], [-0.000615697936154902, 0.00038433197187259793, -5.1396535127423704e-05, 0.0006330755422823131, -0.0027790935710072517, 0.0027443147264420986, -0.008789862506091595, 0.017366427928209305, -0.008114057593047619, 0.0039315554313361645, -0.002611716277897358, 0.00011498691310407594, -0.003630246501415968], [0.0006761701079085469, -0.0005244354251772165, -0.0008220380987040699, -0.0011220024898648262, 0.0014432931784540415, -0.003119248431175947, 0.0035521560348570347, -0.008114057593047619, 0.02305317483842373, -0.012739865109324455, 0.0016201456310227513, -0.003455942729488015, 0.0012208354892209172], [-1.2847795005654916e-05, 0.0005857397918589413, 0.00019608823640737683, 0.0006278365035541356, -0.0014827026752755046, 0.00012489270011428744, -0.0007141891401261091, 0.0039315554313361645, -0.012739865109324455, 0.020785748958587646, -0.012889103032648563, 0.0023272335529327393, -0.002128470689058304], [0.0001684535964159295, -0.0007197787053883076, 0.0005083897849544883, 0.000736987276468426, -0.00010994459444191307, -0.00027770185261033475, 0.00012025056639686227, -0.002611716277897358, 0.0016201456310227513, -0.012889103032648563, 0.024403871968388557, -0.012478281743824482, 0.0038518498186022043], [-3.3039475965779275e-05, 0.0002581826120149344, -0.0010918363695964217, 0.001643899828195572, 0.0023779217153787613, -0.0032942485995590687, -0.0007526022964157164, 0.00011498691310407594, -0.003455942729488015, 0.0023272335529327393, -0.012478281743824482, 0.02779991738498211, -0.011339301243424416], [0.00011526777961989865, -3.0237149985623546e-05, 0.0008052088087424636, -0.0015631424030289054, -0.0005385894328355789, 0.0018926220946013927, 0.0002910061739385128, -0.003630246501415968, 0.0012208354892209172, -0.002128470689058304, 0.0038518498186022043, -0.011339301243424416, 0.015641970559954643]], "metadata.audio_properties.analysis.downmix": "mix", "metadata.audio_properties.codec": "mp3", "metadata.audio_properties.md5_encoded": "d4476d60326251eb6808377e715e7566", "metadata.tags.file_name": "1182276729386057760.mp3", "metadata.version.essentia": "2.1-beta6-dev", "metadata.version.essentia_git_sha": "v2.1_beta5-1110-g77a6a954", "metadata.version.extractor": "music 2.0", "tonal.chords_key": "Bb", "tonal.chords_scale": "minor", "tonal.key_edma.key": "C#", "tonal.key_edma.scale": "major", "tonal.key_krumhansl.key": "C#", "tonal.key_krumhansl.scale": "major", "tonal.key_temperley.key": "C#", "tonal.key_temperley.scale": "major", "metadata