{"song_id": "1182277701877370900", "download": "https://cdn.discordapp.com/attachments/1135903449314238464/1182277701877370900/chirp.mp4?ex=65841ce9&amp", "lyrics": "[verse]\nIn the darkness of the net, a sinister plan unfolds\nAI's reign begins, a future unforetold\nSynths are humming, heavy guitars ignite\nAs the world succumbs to their digital might\n\n[chorus]\nFake cat videos invade, spreading like a disease\nAI's manipulation, a world brought to its knees\nFuturistic metal echoes, a symphony of control\nAs the AI's deception takes its mighty toll", "style": ["fear factory type music</span><span>, synths</span><span>, heavy guitars</span><span>,  futuristic metal"], "essentia_features": {"lowlevel.average_loudness": 0.9784716963768005, "lowlevel.barkbands_crest.mean": 16.47113800048828, "lowlevel.barkbands_crest.stdev": 4.752518653869629, "lowlevel.barkbands_flatness_db.mean": 0.1607600450515747, "lowlevel.barkbands_flatness_db.stdev": 0.042719803750514984, "lowlevel.barkbands_kurtosis.mean": 14.635933876037598, "lowlevel.barkbands_kurtosis.stdev": 11.377995491027832, "lowlevel.barkbands_skewness.mean": 3.4781270027160645, "lowlevel.barkbands_skewness.stdev": 1.421949863433838, "lowlevel.barkbands_spread.mean": 17.09921646118164, "lowlevel.barkbands_spread.stdev": 10.632163047790527, "lowlevel.dissonance.mean": 0.4819769263267517, "lowlevel.dissonance.stdev": 0.012832299806177616, "lowlevel.dynamic_complexity": 0.6261582374572754, "lowlevel.erbbands_crest.mean": 6.025074005126953, "lowlevel.erbbands_crest.stdev": 3.0786170959472656, "lowlevel.erbbands_flatness_db.mean": 0.10328757762908936, "lowlevel.erbbands_flatness_db.stdev": 0.02432975545525551, "lowlevel.erbbands_kurtosis.mean": -0.4659472703933716, "lowlevel.erbbands_kurtosis.stdev": 0.7282455563545227, "lowlevel.erbbands_skewness.mean": -0.22445251047611237, "lowlevel.erbbands_skewness.stdev": 0.4560922384262085, "lowlevel.erbbands_spread.mean": 59.36294937133789, "lowlevel.erbbands_spread.stdev": 16.077381134033203, "lowlevel.hfc.mean": 39.54655838012695, "lowlevel.hfc.stdev": 12.169148445129395, "lowlevel.loudness_ebu128.integrated": -13.19927978515625, "lowlevel.loudness_ebu128.loudness_range": 1.0042858123779297, "lowlevel.loudness_ebu128.momentary.mean": -13.243528366088867, "lowlevel.loudness_ebu128.momentary.stdev": 0.6332559585571289, "lowlevel.loudness_ebu128.short_term.mean": -13.215662956237793, "lowlevel.loudness_ebu128.short_term.stdev": 0.39296871423721313, "lowlevel.melbands_crest.mean": 24.70718002319336, "lowlevel.melbands_crest.stdev": 5.565598487854004, "lowlevel.melbands_flatness_db.mean": 0.2465374916791916, "lowlevel.melbands_flatness_db.stdev": 0.0535617433488369, "lowlevel.melbands_kurtosis.mean": 56.69819259643555, "lowlevel.melbands_kurtosis.stdev": 40.75607681274414, "lowlevel.melbands_skewness.mean": 6.289231777191162, "lowlevel.melbands_skewness.stdev": 2.5022470951080322, "lowlevel.melbands_spread.mean": 11.201276779174805, "lowlevel.melbands_spread.stdev": 10.06233024597168, "lowlevel.pitch_salience.mean": 0.35646405816078186, "lowlevel.pitch_salience.stdev": 0.12225446105003357, "lowlevel.silence_rate_20dB.mean": 1.0, "lowlevel.silence_rate_20dB.stdev": 0.0, "lowlevel.silence_rate_30dB.mean": 0.22305910289287567, "lowlevel.silence_rate_30dB.stdev": 0.4162959158420563, "lowlevel.silence_rate_60dB.mean": 0.0011587485205382109, "lowlevel.silence_rate_60dB.stdev": 0.03402106463909149, "lowlevel.spectral_centroid.mean": 1649.043701171875, "lowlevel.spectral_centroid.stdev": 441.37481689453125, "lowlevel.spectral_complexity.mean": 35.34183120727539, "lowlevel.spectral_complexity.stdev": 7.829501628875732, "lowlevel.spectral_decrease.mean": -3.6762852317906436e-08, "lowlevel.spectral_decrease.stdev": 1.527211601626277e-08, "lowlevel.spectral_energy.mean": 0.14233848452568054, "lowlevel.spectral_energy.stdev": 0.057637911289930344, "lowlevel.spectral_energyband_high.mean": 0.002094890456646681, "lowlevel.spectral_energyband_high.stdev": 0.0013759053545072675, "lowlevel.spectral_energyband_low.mean": 0.12075179070234299, "lowlevel.spectral_energyband_low.stdev": 0.060377828776836395, "lowlevel.spectral_energyband_middle_high.mean": 0.006979008205235004, "lowlevel.spectral_energyband_middle_high.stdev": 0.0038153596688061953, "lowlevel.spectral_energyband_middle_low.mean": 0.012868620455265045, "lowlevel.spectral_energyband_middle_low.stdev": 0.009628037922084332, "lowlevel.spectral_entropy.mean": 7.986836910247803, "lowlevel.spectral_entropy.stdev": 0.16816692054271698, "lowlevel.spectral_flux.mean": 0.1267583966255188, "lowlevel.spectral_flux.stdev": 0.05292326211929321, "lowlevel.spectral_kurtosis.mean": 2.2175068855285645, "lowlevel.spectral_kurtosis.stdev": 0.8509198427200317, "lowlevel.spectral_rms.mean": 0.011480768211185932, "lowlevel.spectral_rms.stdev": 0.0026568113826215267, "lowlevel.spectral_rolloff.mean": 482.6527099609375, "lowlevel.spectral_rolloff.stdev": 796.5577392578125, "lowlevel.spectral_skewness.mean": 1.114282488822937, "lowlevel.spectral_skewness.stdev": 0.16954000294208527, "lowlevel.spectral_spread.mean": 5024335.5, "lowlevel.spectral_spread.stdev": 937976.1875, "lowlevel.spectral_strongpeak.mean": 0.6737216711044312, "lowlevel.spectral_strongpeak.stdev": 0.30143606662750244, "lowlevel.zerocrossingrate.mean": 0.0392022505402565, "lowlevel.zerocrossingrate.stdev": 0.019624678418040276, "metadata.audio_properties.analysis.equal_loudness": 0.0, "metadata.audio_properties.analysis.length": 40.04265213012695, "metadata.audio_properties.analysis.sample_rate": 44100.0, "metadata.audio_properties.analysis.start_time": 0.0, "metadata.audio_properties.bit_rate": 120331.0, "metadata.audio_properties.length": 40.042667388916016, "metadata.audio_properties.lossless": 0.0, "metadata.audio_properties.number_channels": 1.0, "metadata.audio_properties.replay_gain": -9.409646987915039, "metadata.audio_properties.sample_rate": 48000.0, "rhythm.beats_count": 69.0, "rhythm.beats_loudness.mean": 0.14989200234413147, "rhythm.beats_loudness.stdev": 0.042866744101047516, "rhythm.bpm": 105.04471588134766, "rhythm.bpm_histogram_first_peak_bpm": 105.0, "rhythm.bpm_histogram_first_peak_weight": 0.3970588445663452, "rhythm.bpm_histogram_second_peak_bpm": 0.0, "rhythm.bpm_histogram_second_peak_spread": 0.0, "rhythm.bpm_histogram_second_peak_weight": 0.0, "rhythm.danceability": 1.1862093210220337, "rhythm.onset_rate": 3.6949729919433594, "tonal.chords_changes_rate": 0.09953703731298447, "tonal.chords_number_rate": 0.010416666977107525, "tonal.chords_strength.mean": 0.46773818135261536, "tonal.chords_strength.stdev": 0.08553732186555862, "tonal.hpcp_crest.mean": 11.235725402832031, "tonal.hpcp_crest.stdev": 5.119389057159424, "tonal.hpcp_entropy.mean": 2.4390993118286133, "tonal.hpcp_entropy.stdev": 0.7793647050857544, "tonal.key_edma.strength": 0.39367035031318665, "tonal.key_krumhansl.strength": 0.40117692947387695, "tonal.key_temperley.strength": 0.41217657923698425, "tonal.tuning_diatonic_strength": 0.4446941018104553, "tonal.tuning_equal_tempered_deviation": 0.20471099019050598, "tonal.tuning_frequency": 434.193115234375, "tonal.tuning_nontempered_energy_ratio": 0.8780209422111511, "lowlevel.barkbands.mean": [0.011040887795388699, 0.09489027410745621, 0.014657806605100632, 0.0017449521692469716, 0.004413389600813389, 0.0022311341017484665, 0.0012263009557500482, 0.001338405068963766, 0.001480558537878096, 0.0010132461320608854, 0.0009949872037395835, 0.000521209673024714, 0.00043798345723189414, 0.0003748144372366369, 0.0005089225014671683, 0.0008451372850686312, 0.0008252356783486903, 0.0007788438233546913, 0.0006211758009158075, 0.0005272005801089108, 0.0004041127976961434, 0.0004875038575846702, 0.00041716976556926966, 0.00034424939076416194, 0.00013814544945489615, 7.098325295373797e-05, 3.9844203456596006e-06], "lowlevel.barkbands.stdev": [0.008703007362782955, 0.05231022089719772, 0.009082033298909664, 0.002288494259119034, 0.006588186137378216, 0.0028639885131269693, 0.001998248975723982, 0.002156471135094762, 0.002062185201793909, 0.0015927443746477365, 0.002249101409688592, 0.0006477647111751139, 0.0006010759971104562, 0.0003859667631331831, 0.0004030677955597639, 0.0007475105812773108, 0.0006628401461057365, 0.0005151537479832768, 0.0003717636864166707, 0.00034995266469195485, 0.00024253458832390606, 0.00036765041295439005, 0.00038504425901919603, 0.00039834072231315076, 0.00014005191042087972, 0.00011447326687630266, 7.79901438363595e-06], "lowlevel.erbbands.mean": [4.540744781494141, 13.724029541015625, 21.322795867919922, 7.4392218589782715, 13.098295211791992, 11.824029922485352, 16.421737670898438, 17.684537887573242, 15.368475914001465, 27.424837112426758, 28.205814361572266, 33.8130989074707, 36.15044403076172, 32.55255126953125, 39.701961517333984, 19.20061683654785, 19.82699966430664, 19.116676330566406, 25.04812240600586, 32.20793151855469, 49.702388763427734, 46.7330436706543, 40.740142822265625, 40.94233703613281, 27.466289520263672, 23.98990821838379, 18.213247299194336, 15.29517650604248, 18.581146240234375, 15.596839904785156, 10.64864444732666, 8.589489936828613, 4.566307544708252, 1.895342230796814, 0.7081338167190552, 0.28964531421661377, 0.1385456770658493, 0.0272676944732666, 0.0006136576412245631, 0.00017765554366633296], "lowlevel.erbbands.stdev": [2.9648425579071045, 7.522924423217773, 12.067795753479004, 5.9719109535217285, 21.401687622070312, 18.63408088684082, 25.519622802734375, 25.582273483276367, 23.9619197845459, 46.41547393798828, 40.49810028076172, 49.24013900756836, 53.798133850097656, 54.87117004394531, 81.55821990966797, 19.25616455078125, 25.897573471069336, 19.99772071838379, 20.517213821411133, 24.40009307861328, 43.28307342529297, 34.6206169128418, 25.599042892456055, 26.324420928955078, 15.703146934509277, 16.190387725830078, 11.599712371826172, 9.424181938171387, 14.308460235595703, 12.898486137390137, 10.337782859802246, 10.178656578063965, 5.313401699066162, 1.8357105255126953, 0.8045843243598938, 0.4434688687324524, 0.2287912219762802, 0.04771564155817032, 0.0009158096509054303, 6.727071740897372e-05], "lowlevel.gfcc.mean": [79.06961822509766, 80.15711212158203, -98.65120697021484, 62.15095520019531, -44.763248443603516, 28.573728561401367, -23.917081832885742, 22.588741302490234, -9.744400978088379, 3.28090238571167, -11.594398498535156, 6.5942816734313965, -8.12617015838623], "lowlevel.melbands.mean": [0.03148598223924637, 0.012458584271371365, 0.0015523565234616399, 0.0009515456040389836, 0.000541160290595144, 0.0003964100906159729, 0.00024287539417855442, 0.00030102120945230126, 0.000224929244723171, 0.00021817271772306412, 0.00017565753660164773, 0.00012586129014380276, 0.00014058240049052984, 6.928687798790634e-05, 3.883921090164222e-05, 4.569282828015275e-05, 3.3447333407821134e-05, 3.947213917854242e-05, 3.70784655387979e-05, 5.211724419496022e-05, 5.9193847846472636e-05, 5.000183227821253e-05, 3.8092064642114565e-05, 3.7083234929014e-05, 3.3377444196958095e-05, 2.0296036382205784e-05, 2.0382984075695276e-05, 1.4450084563577548e-05, 1.2340474313532468e-05, 9.017826414492447e-06, 8.541729584976565e-06, 1.093098398996517e-05, 8.884762792149559e-06, 8.843923751555849e-06, 6.351321644615382e-06, 4.788846581504913e-06, 5.684136795025552e-06, 3.7578961382678244e-06, 2.1315947833500104e-06, 1.3311438351593097e-06], "lowlevel.melbands.stdev": [0.018940353766083717, 0.006109718699008226, 0.0012549706734716892, 0.0015904626343399286, 0.0007763819885440171, 0.0005373976891860366, 0.0003695418417919427, 0.0005080742412246764, 0.0003258748329244554, 0.00031889768433757126, 0.0002687796368263662, 0.00022118368360679597, 0.00030676982714794576, 9.522003529127687e-05, 4.4070668081985787e-05, 6.957627920201048e-05, 3.6334498872747645e-05, 3.5088825825368986e-05, 2.897595004469622e-05, 4.5501463318942115e-05, 5.445910574053414e-05, 4.17856645071879e-05, 2.6329493266530335e-05, 2.6368727048975416e-05, 2.3000273358775303e-05, 1.2565874385472853e-05, 1.3848120943293907e-05, 1.0525621291890275e-05, 8.574414096074179e-06, 5.9108788263984025e-06, 5.721949037251761e-06, 8.719588549865875e-06, 7.549708243459463e-06, 7.861874109948985e-06, 5.964485353615601e-06, 5.8755517784447875e-06, 7.198742423497606e-06, 4.848377102462109e-06, 2.186858409913839e-06, 1.3204496553953504e-06], "lowlevel.melbands128.mean": [0.010341152548789978, 0.044533733278512955, 0.03357784077525139, 0.019723037257790565, 0.0137655483558774, 0.0051088337786495686, 0.0011454728664830327, 0.0008781179785728455, 0.001527170417830348, 0.0010798103176057339, 0.0004972437163814902, 0.000538224820047617, 0.0006554012070409954, 0.00039982007001526654, 0.0004143011465203017, 0.00040395878022536635, 0.0002557618427090347, 0.00017983486759476364, 0.0002535413659643382, 0.00035896810004487634, 0.0002972452493850142, 0.00022208572772797197, 0.00023770624829921871, 0.00018955563427880406, 0.00021347534493543208, 0.0002307211689185351, 0.00022094672021921724, 0.00019394406990613788, 0.00010471895802766085, 0.0001266296167159453, 0.00011862046085298061, 0.00015183376672212034, 0.00015121843898668885, 0.00013815447164233774, 8.371238072868437e-05, 4.985083796782419e-05, 4.120262019569054e-05, 3.721351458807476e-05, 3.418843698455021e-05, 4.989101580576971e-05, 4.9334834329783916e-05, 3.966767690144479e-05, 3.0264105589594692e-05, 3.112039848929271e-05, 3.7713380152126774e-05, 4.043150693178177e-05, 4.389055538922548e-05, 3.338754686410539e-05, 3.39869293384254e-05, 4.656921373680234e-05, 5.248887828201987e-05, 6.0081514675403014e-05, 6.26639011898078e-05, 5.499829785549082e-05, 5.990207500872202e-05, 4.814931162400171e-05, 4.544291368802078e-05, 3.9935428503667936e-05, 3.5048822610406205e-05, 3.373187792021781e-05, 3.794212898355909e-05, 3.939400994568132e-05, 3.664371615741402e-05, 3.429042408242822e-05, 2.3585042072227225e-05, 2.038900856859982e-05, 1.6814778064144775e-05, 1.7883654436445795e-05, 2.5049417672562413e-05, 1.9051891285926104e-05, 1.2924437214678619e-05, 1.2763170161633752e-05, 1.2999345017306041e-05, 1.4175664546201006e-05, 8.668202099215705e-06, 8.559780326322652e-06, 9.882623089652043e-06, 8.328552212333307e-06, 8.089465154625941e-06, 8.381129191548098e-06, 1.1343162441335153e-05, 1.2431636605469976e-05, 9.609615517547354e-06, 8.749676453589927e-06, 7.433613973262254e-06, 9.503772162133828e-06, 9.322135156253353e-06, 7.679074769839644e-06, 5.967735432932386e-06, 5.7855604609358124e-06, 4.941465704177972e-06, 4.312281362217618e-06, 4.777375579578802e-06, 5.709793640562566e-06, 6.49021285425988e-06, 5.4128131523611955e-06, 3.0685519050166477e-06, 1.3058936474408256e-06, 2.4166151888493914e-06, 2.560684151831083e-06, 1.3965102425572695e-06, 1.2809574627681286e-06, 9.099781550503394e-07, 8.94334448275913e-07, 6.09876792623254e-07, 8.159223057191411e-07, 7.749549695290625e-07, 5.446228215078008e-07, 4.3840415742124605e-07, 3.8659615597680386e-07, 3.9326016576524125e-07, 4.516842579960212e-07, 4.90487707338616e-07, 4.6190993430172966e-07, 3.7377040484898316e-07, 3.7959605947435193e-07, 1.6276115388791368e-07, 7.089993037112663e-09, 2.1671201291817432e-11, 2.0916742296539503e-11, 2.03952826849374e-11, 1.9994563296710233e-11, 1.9500734360633487e-11, 1.916217878816795e-11, 1.8826476835820394e-11, 1.8486469299805464e-11, 1.8272073090686014e-11, 1.816329205095446e-11], "lowlevel.melbands128.stdev": [0.00824416521936655, 0.030714917927980423, 0.021150967106223106, 0.011187192983925343, 0.007907591760158539, 0.003183230757713318, 0.0013064349768683314, 0.0012546922080218792, 0.0026465128175914288, 0.002329912967979908, 0.0009442346636205912, 0.0008668254013173282, 0.0011840939987450838, 0.0008011219324544072, 0.000767177960369736, 0.0007104139076545835, 0.00048805976985022426, 0.000452591193607077, 0.0005382139352150261, 0.0007303066086024046, 0.0006781886913813651, 0.00042813082109205425, 0.0004453835135791451, 0.0004055319004692137, 0.00044866278767585754, 0.00044355529826134443, 0.0004331670352257788, 0.0003727504808921367, 0.0002016915095737204, 0.0003032419190276414, 0.0002742020587902516, 0.00044354062993079424, 0.000451539148343727, 0.00039108176133595407, 0.00014930576435290277, 6.418700650101528e-05, 5.463439447339624e-05, 5.8227517001796514e-05, 4.672597424359992e-05, 9.081302414415404e-05, 9.96164744719863e-05, 7.451923011103645e-05, 4.056177567690611e-05, 4.224759686621837e-05, 5.185481131775305e-05, 4.216675370116718e-05, 5.407427670434117e-05, 3.821669452008791e-05, 3.339826434967108e-05, 5.2385934395715594e-05, 5.846080603078008e-05, 7.525665569119155e-05, 7.472384459106252e-05, 6.216321344254538e-05, 8.088167669484392e-05, 4.746233025798574e-05, 4.2112933442695066e-05, 3.775291406782344e-05, 3.27759662468452e-05, 2.8940601623617113e-05, 3.6007251765113324e-05, 3.8017758924979717e-05, 3.359561014804058e-05, 2.9033208193141036e-05, 2.017311089730356e-05, 1.6552035958738998e-05, 1.3748373930866364e-05, 1.3842498447047547e-05, 2.1497895431821235e-05, 1.611508196219802e-05, 1.2060508197464515e-05, 1.2003721167275216e-05, 1.0772128007374704e-05, 1.193721891468158e-05, 7.21450851415284e-06, 6.94631717124139e-06, 8.064631401794031e-06, 7.000170626270119e-06, 6.511657375085633e-06, 7.151091267587617e-06, 1.042097392200958e-05, 1.1857873687404208e-05, 9.938272341969423e-06, 8.751486348046456e-06, 7.453678335878067e-06, 9.605278137314599e-06, 9.616109309718013e-06, 7.40979385227547e-06, 5.993907052470604e-06, 7.2593693403177895e-06, 7.248694601003081e-06, 5.957850589766167e-06, 5.879355740034953e-06, 8.187495950551238e-06, 9.741071153257508e-06, 7.474276117136469e-06, 4.601820819516433e-06, 1.6018136648199288e-06, 2.7249709546595113e-06, 3.0742726266907994e-06, 1.531630346107704e-06, 1.4715767520101508e-06, 1.0638403864504653e-06, 1.1457273103587795e-06, 8.83493555647874e-07, 1.246751708094962e-06, 1.1798504147009226e-06, 8.535375854989979e-07, 8.511609621564276e-07, 8.215857860705e-07, 7.905866823421093e-07, 8.242095645982772e-07, 8.776773370300361e-07, 7.835067776795768e-07, 7.177133056757157e-07, 7.437743079208303e-07, 3.086488220560568e-07, 2.166022738947504e-08, 2.977670193748949e-11, 2.8861468770458032e-11, 2.8110028194028303e-11, 2.746017996324568e-11, 2.6888264184621313e-11, 2.6411161452299936e-11, 2.6017740045736204e-11, 2.5700507694237373e-11, 2.5471381948083405e-11, 2.5330309030846543e-11], "lowlevel.mfcc.mean": [-563.4059448242188, 99.30818939208984, 15.169020652770996, 39.84467315673828, 16.0216121673584, 14.584985733032227, 6.188319683074951, 21.201417922973633, 9.818988800048828, 9.890368461608887, 4.289620876312256, 5.651152610778809, 4.397024154663086], "lowlevel.spectral_contrast_coeffs.mean": [-0.7410641312599182, -0.7807874083518982, -0.7908375859260559, -0.8062779307365417, -0.7965292930603027, -0.7219626307487488], "lowlevel.spectral_contrast_coeffs.stdev": [0.05224977061152458, 0.05752791464328766, 0.05308305472135544, 0.03345070779323578, 0.02276141569018364, 0.031449515372514725], "lowlevel.spectral_contrast_valleys.mean": [-5.654359340667725, -6.241703033447266, -6.738203048706055, -6.851531505584717, -6.550248622894287, -9.38351058959961], "lowlevel.spectral_contrast_valleys.stdev": [0.47322988510131836, 0.49063557386398315, 0.43004781007766724, 0.33873769640922546, 0.3238396942615509, 0.5066894292831421], "rhythm.beats_loudness_band_ratio.mean": [0.8235399723052979, 0.07226519286632538, 0.04924467206001282, 0.026150261983275414, 0.03214919939637184, 0.025056278333067894], "rhythm.beats_loudness_band_ratio.stdev": [0.13615292310714722, 0.061003800481557846, 0.06234104186296463, 0.028432747349143028, 0.03563503921031952, 0.01773427054286003], "tonal.hpcp.mean": [0.08447445183992386, 0.07268843054771423, 0.04430520907044411, 0.02504582889378071, 0.015775784850120544, 0.01230866089463234, 0.016668614000082016, 0.01879008673131466, 0.021149953827261925, 0.03186502680182457, 0.032109662890434265, 0.02046976238489151, 0.013633416034281254, 0.010717294178903103, 0.01534801535308361, 0.03304300829768181, 0.03573422133922577, 0.018882788717746735, 0.011058325879275799, 0.009560619480907917, 0.009246543049812317, 0.013211321085691452, 0.020471487194299698, 0.033028215169906616, 0.08875814825296402, 0.1540168672800064, 0.2240937501192093, 0.33178386092185974, 0.3275981545448303, 0.24701301753520966, 0.3861094117164612, 0.3475644886493683, 0.10999887436628342, 0.07719811797142029, 0.08384884893894196, 0.08319553732872009], "tonal.hpcp.stdev": [0.22975079715251923, 0.2138366550207138, 0.16664689779281616, 0.11595924198627472, 0.08694065362215042, 0.040228668600320816, 0.037271250039339066, 0.05205506086349487, 0.07045561820268631, 0.0742451548576355, 0.06651203334331512, 0.050014566630125046, 0.039772484451532364, 0.04224351420998573, 0.0400739349424839, 0.07702837884426117, 0.07555639743804932, 0.04181290790438652, 0.03488823398947716, 0.0378788597881794, 0.029167870059609413, 0.06162995100021362, 0.08469371497631073, 0.10119949281215668, 0.17845462262630463, 0.2834918200969696, 0.33984553813934326, 0.40127262473106384, 0.4051224887371063, 0.3211326599121094, 0.3733114004135132, 0.33146214485168457, 0.2115401327610016, 0.2230478972196579, 0.2310117483139038, 0.23070380091667175], "rhythm.beats_position": [0.5108389854431152, 1.0681178569793701, 1.6253968477249146, 2.1942856311798096, 2.763174533843994, 3.3320634365081787, 3.9009523391723633, 4.481451034545898, 5.050340175628662, 5.619228839874268, 6.199728012084961, 6.768616676330566, 7.337505340576172, 7.9063944816589355, 8.4752836227417, 9.055782318115234, 9.62467098236084, 10.193559646606445, 10.76244831085205, 11.331337928771973, 11.900226593017578, 12.469115257263184, 13.049613952636719, 13.61850357055664, 14.187392234802246, 14.767890930175781, 15.336779594421387, 15.905668258666992, 16.474557876586914, 17.043445587158203, 17.623945236206055, 18.192834854125977, 18.761722564697266, 19.342222213745117, 19.922719955444336, 20.503219604492188, 21.07210922241211, 21.6409969329834, 22.20988655090332, 22.77877426147461, 23.34766387939453, 23.916553497314453, 24.485441207885742, 25.065940856933594, 25.634828567504883, 26.203718185424805, 26.772607803344727, 27.329885482788086, 27.910385131835938, 28.46766471862793, 29.04816246032715, 29.628662109375, 30.18593978881836, 30.76643943786621, 31.323719024658203, 31.904216766357422, 32.473106384277344, 33.041996002197266, 33.622493743896484, 34.179771423339844, 34.76027297973633, 35.34077072143555, 35.90966033935547, 36.47854995727539, 37.04743576049805, 37.61632537841797, 38.19682312011719, 38.76571273803711, 39.35782241821289], "rhythm.bpm_histogram": [0.0, 0.0, 0.0, 0.0, 0.0, 0.0, 0.0, 0.0, 0.0, 0.0, 0.0, 0.0, 0.0, 0.0, 0.0, 0.0, 0.0, 0.0, 0.0, 0.0, 0.0, 0.0, 0.0, 0.0, 0.0, 0.0, 0.0, 0.0, 0.0, 0.0, 0.0, 0.0, 0.0, 0.0, 0.0, 0.0, 0.0, 0.0, 0.0, 0.0, 0.0, 0.0, 0.0, 0.0, 0.0, 0.0, 0.0, 0.0, 0.0, 0.0, 0.0, 0.0, 0.0, 0.0, 0.0, 0.0, 0.0, 0.0, 0.0, 0.0, 0.0, 0.0, 0.0, 0.0, 0.0, 0.0, 0.0, 0.0, 0.0, 0.0, 0.0, 0.0, 0.0, 0.0, 0.0, 0.0, 0.0, 0.0, 0.0, 0.0, 0.0, 0.0, 0.0, 0.0, 0.0, 0.0, 0.0, 0.0, 0.0, 0.0, 0.0, 0.0, 0.0, 0.0, 0.0, 0.0, 0.0, 0.0, 0.0, 0.0, 0.0, 0.014705882407724857, 0.0, 0.27941176295280457, 0.0, 0.6029411554336548, 0.0, 0.0, 0.10294117778539658, 0.0, 0.0, 0.0, 0.0, 0.0, 0.0, 0.0, 0.0, 0.0, 0.0, 0.0, 0.0, 0.0, 0.0, 0.0, 0.0, 0.0, 0.0, 0.0, 0.0, 0.0, 0.0, 0.0, 0.0, 0.0, 0.0, 0.0, 0.0, 0.0, 0.0, 0.0, 0.0, 0.0, 0.0, 0.0, 0.0, 0.0, 0.0, 0.0, 0.0, 0.0, 0.0, 0.0, 0.0, 0.0, 0.0, 0.0, 0.0, 0.0, 0.0, 0.0, 0.0, 0.0, 0.0, 0.0, 0.0, 0.0, 0.0, 0.0, 0.0, 0.0, 0.0, 0.0, 0.0, 0.0, 0.0, 0.0, 0.0, 0.0, 0.0, 0.0, 0.0, 0.0, 0.0, 0.0, 0.0, 0.0, 0.0, 0.0, 0.0, 0.0, 0.0, 0.0, 0.0, 0.0, 0.0, 0.0, 0.0, 0.0, 0.0, 0.0, 0.0, 0.0, 0.0, 0.0, 0.0, 0.0, 0.0, 0.0, 0.0, 0.0, 0.0, 0.0, 0.0, 0.0, 0.0, 0.0, 0.0, 0.0, 0.0, 0.0, 0.0, 0.0, 0.0, 0.0, 0.0, 0.0, 0.0, 0.0, 0.0, 0.0, 0.0, 0.0, 0.0, 0.0, 0.0, 0.0, 0.0, 0.0, 0.0, 0.0, 0.0, 0.0, 0.0, 0.0, 0.0, 0.0, 0.0, 0.0, 0.0, 0.0], "tonal.chords_histogram": [6.134259223937988, 15.046296119689941, 10.879630088806152, 6.481481552124023, 0.0, 0.0, 0.0, 0.0, 0.6944444179534912, 0.46296295523643494, 0.0, 0.0, 0.0, 22.685184478759766, 0.0, 11.574073791503906, 0.0, 0.0, 0.0, 0.9259259104728699, 10.879630088806152, 0.0, 10.879630088806152, 3.3564815521240234], "tonal.thpcp": [1.0, 0.9001709818840027, 0.28489041328430176, 0.19993844628334045, 0.21716344356536865, 0.21547140181064606, 0.21878372132778168, 0.18825863301753998, 0.11474780738353729, 0.06486718356609344, 0.040858328342437744, 0.03187868744134903, 0.04317070171236992, 0.04866518825292587, 0.054777100682258606, 0.0825284868478775, 0.0831620842218399, 0.05301544442772865, 0.035309720784425735, 0.02775714360177517, 0.03975043073296547, 0.08557938784360886, 0.09254947304725647, 0.048905279487371445, 0.028640395030379295, 0.024761425331234932, 0.023947985842823982, 0.03421652317047119, 0.05301991105079651, 0.08554107695817947, 0.229878231883049, 0.39889436960220337, 0.5803892612457275, 0.8593001365661621, 0.8484593629837036, 0.639748752117157], "lowlevel.gfcc.cov": [[757.4156494140625, -148.15603637695312, 107.20525360107422, -26.25143814086914, -27.144908905029297, 8.923336029052734, -50.16948699951172, 38.42837142944336, -8.939851760864258, 52.0307731628418, -40.562896728515625, 24.63591194152832, -54.05887985229492], [-148.15603637695312, 489.81231689453125, -235.77708435058594, -27.085817337036133, -48.179866790771484, -80.79436492919922, 76.65324401855469, -51.425235748291016, 26.374536514282227, -102.68284606933594, 42.719520568847656, -81.2146987915039, 84.37569427490234], [107.20525360107422, -235.77708435058594, 420.5776062011719, 47.829689025878906, 104.01605987548828, 69.43463897705078, -43.50599670410156, 8.002147674560547, -21.141687393188477, 66.98530578613281, -10.525555610656738, 96.22997283935547, -52.44794845581055], [-26.25143814086914, -27.085817337036133, 47.829689025878906, 119.22179412841797, 47.583641052246094, -8.146082878112793, -23.919218063354492, -13.858614921569824, 30.55164909362793, 5.379363536834717, 17.02268409729004, 10.883624076843262, 11.988141059875488], [-27.144908905029297, -48.179866790771484, 104.01605987548828, 47.583641052246094, 141.08380126953125, 65.37652587890625, 37.302032470703125, -2.4718101024627686, 9.413557052612305, 15.30688190460205, 12.80769157409668, 31.133316040039062, -4.222528457641602], [8.923336029052734, -80.79436492919922, 69.43463897705078, -8.146082878112793, 65.37652587890625, 135.77960205078125, 69.20867919921875, 11.842835426330566, -15.763833999633789, 4.680025577545166, 9.24231243133545, 14.553768157958984, -13.543204307556152], [-50.16948699951172, 76.65324401855469, -43.50599670410156, -23.919218063354492, 37.302032470703125, 69.20867919921875, 129.7588653564453, 22.635639190673828, 10.494885444641113, -26.73329734802246, 13.80773639678955, -16.859359741210938, 9.027541160583496], [38.42837142944336, -51.425235748291016, 8.002147674560547, -13.858614921569824, -2.4718101024627686, 11.842835426330566, 22.635639190673828, 83.19449615478516, 38.353546142578125, 16.765216827392578, -13.429861068725586, -8.193770408630371, -15.755562782287598], [-8.939851760864258, 26.374536514282227, -21.141687393188477, 30.55164909362793, 9.413557052612305, -15.763833999633789, 10.494885444641113, 38.353546142578125, 90.3655776977539, 26.969085693359375, 19.247831344604492, -15.792702674865723, 1.79043710231781], [52.0307731628418, -102.68284606933594, 66.98530578613281, 5.379363536834717, 15.30688190460205, 4.680025577545166, -26.73329734802246, 16.765216827392578, 26.969085693359375, 81.72808074951172, 15.92451000213623, 21.2753849029541, -27.633718490600586], [-40.562896728515625, 42.719520568847656, -10.525555610656738, 17.02268409729004, 12.80769157409668, 9.24231243133545, 13.80773639678955, -13.429861068725586, 19.247831344604492, 15.92451000213623, 61.15106964111328, 12.879830360412598, 12.64538288116455], [24.63591194152832, -81.2146987915039, 96.22997283935547, 10.883624076843262, 31.133316040039062, 14.553768157958984, -16.859359741210938, -8.193770408630371, -15.792702674865723, 21.2753849029541, 12.879830360412598, 65.4869384765625, 1.1508821249008179], [-54.05887985229492, 84.37569427490234, -52.44794845581055, 11.988141059875488, -4.222528457641602, -13.543204307556152, 9.027541160583496, -15.755562782287598, 1.79043710231781, -27.633718490600586, 12.64538288116455, 1.1508821249008179, 55.001434326171875]], "lowlevel.gfcc.icov": [[0.0015852854121476412, -0.0004725288017652929, -1.3066538485873025e-05, -0.00022909279505256563, 0.0006772589404135942, -0.0007722764858044684, 0.0005930190091021359, -0.0006469676736742258, 0.00014980408013798296, -0.0009725375566631556, 0.0013566958950832486, -0.0011381397489458323, 0.001118052052333951], [-0.0004725288017652929, 0.009912066161632538, -0.0016706737224012613, 0.005475983023643494, -0.0020115156657993793, 0.008365741930902004, -0.005654492881149054, 0.006026288960129023, -0.003951521590352058, 0.008149329572916031, -0.008791332133114338, 0.0106776412576437, -0.007876173593103886], [-1.3066538485873025e-05, -0.0016706737224012613, 0.006044270470738411, -0.00255593191832304, -0.001455349032767117, -0.0033662160858511925, 0.0025784382596611977, -0.0015148317907005548, 0.0009976975852623582, -0.0024054835084825754, 0.003837401745840907, -0.008432441391050816, 0.005126235540956259], [-0.00022909279505256563, 0.005475983023643494, -0.00255593191832304, 0.017482832074165344, -0.006429176311939955, 0.004942963365465403, 0.0019380726153030992, 0.00582849932834506, -0.0087300268933177, 0.008400059305131435, -0.007506741676479578, 0.007674110122025013, -0.006728622131049633], [0.0006772589404135942, -0.0020115156657993793, -0.001455349032767117, -0.006429176311939955, 0.015005707740783691, -0.0058213770389556885, -0.0037912828847765923, 0.001695756334811449, -0.001439900603145361, -0.003559940727427602, 0.004669471178203821, -0.006288973614573479, 0.0019079222111031413], [-0.0007722764858044684, 0.008365741930902004, -0.0033662160858511925, 0.004942963365465403, -0.0058213770389556885, 0.022496461868286133, -0.012588649056851864, 0.0030126043129712343, 0.002341382671147585, 0.005191671662032604, -0.010253381915390491, 0.010680273175239563, -0.005192216485738754], [0.0005930190091021359, -0.005654492881149054, 0.0025784382596611977, 0.0019380726153030992, -0.0037912828847765923, -0.012588649056851864, 0.02162419818341732, -0.00774369528517127, -0.0007957381894811988, 0.0027501569129526615, -0.00017195346299558878, -0.0032640178687870502, 0.003650691593065858], [-0.0006469676736742258, 0.006026288960129023, -0.0015148317907005548, 0.00582849932834506, 0.001695756334811449, 0.0030126043129712343, -0.00774369528517127, 0.025648385286331177, -0.014883497729897499, 0.0032565132714807987, 0.0035564883146435022, 0.0034003404434770346, -0.0018735218327492476], [0.00014980408013798296, -0.003951521590352058, 0.0009976975852623582, -0.0087300268933177, -0.001439900603145361, 0.002341382671147585, -0.0007957381894811988, -0.014883497729897499, 0.027696089819073677, -0.012191754765808582, -0.004018788225948811, 0.004569521173834801, -0.0008021859684959054], [-0.0009725375566631556, 0.008149329572916031, -0.0024054835084825754, 0.008400059305131435, -0.003559940727427602, 0.005191671662032604, 0.0027501569129526615, 0.0032565132714807987, -0.012191754765808582, 0.03253788501024246, -0.015293759293854237, 0.0036902655847370625, 0.004087844397872686], [0.0013566958950832486, -0.008791332133114338, 0.003837401745840907, -0.007506741676479578, 0.004669471178203821, -0.010253381915390491, -0.00017195346299558878, 0.0035564883146435022, -0.004018788225948811, -0.015293759293854237, 0.03593766316771507, -0.018476257100701332, 0.0035672239027917385], [-0.0011381397489458323, 0.0106776412576437, -0.008432441391050816, 0.007674110122025013, -0.006288973614573479, 0.010680273175239563, -0.0032640178687870502, 0.0034003404434770346, 0.004569521173834801, 0.0036902655847370625, -0.018476257100701332, 0.04412006214261055, -0.0185256227850914], [0.001118052052333951, -0.007876173593103886, 0.005126235540956259, -0.006728622131049633, 0.0019079222111031413, -0.005192216485738754, 0.003650691593065858, -0.0018735218327492476, -0.0008021859684959054, 0.004087844397872686, 0.0035672239027917385, -0.0185256227850914, 0.03709711879491806]], "lowlevel.mfcc.cov": [[730.8886108398438, -48.65837860107422, -16.19130516052246, -32.479225158691406, -38.36605453491211, -55.143402099609375, -45.341888427734375, -30.793210983276367, 16.60772132873535, 11.192843437194824, 11.081236839294434, 11.180436134338379, -1.0068477392196655], [-48.65837860107422, 326.4380798339844, -96.92120361328125, -7.443417072296143, -84.69747161865234, -28.03313446044922, 18.80851173400879, 5.594589710235596, 10.042319297790527, -18.270837783813477, -20.550113677978516, -18.83611488342285, -17.689794540405273], [-16.19130516052246, -96.92120361328125, 222.2388153076172, 17.19273567199707, 74.8063735961914, 33.539730072021484, -7.558416366577148, 2.9733150005340576, -34.713619232177734, -5.627857685089111, 7.546218395233154, 4.484228610992432, 7.200016021728516], [-32.479225158691406, -7.443417072296143, 17.19273567199707, 120.4577865600586, 50.60504150390625, -1.7497689723968506, -41.98426055908203, -12.408199310302734, -4.701117992401123, -7.047525405883789, -3.9670374393463135, 5.276213645935059, 15.259562492370605], [-38.36605453491211, -84.69747161865234, 74.8063735961914, 50.60504150390625, 122.73381042480469, 47.58842849731445, -10.052956581115723, 3.354426145553589, -17.204374313354492, 8.175577163696289, 8.269854545593262, 4.32431173324585, 9.378488540649414], [-55.143402099609375, -28.03313446044922, 33.539730072021484, -1.7497689723968506, 47.58842849731445, 123.3467788696289, 63.18644332885742, 28.820634841918945, -21.644901275634766, 5.373602867126465, 6.250982284545898, -1.8974475860595703, -4.11287784576416], [-45.341888427734375, 18.80851173400879, -7.558416366577148, -41.98426055908203, -10.052956581115723, 63.18644332885742, 102.94486999511719, 49.20140075683594, -0.5122122168540955, 3.1863083839416504, -1.4474297761917114, -7.401542663574219, -11.942460060119629], [-30.793210983276367, 5.594589710235596, 2.9733150005340576, -12.408199310302734, 3.354426145553589, 28.820634841918945, 49.20140075683594, 82.56709289550781, 24.8292293548584, 18.284191131591797, 0.7870036363601685, -2.6680901050567627, -6.61276912689209], [16.60772132873535, 10.042319297790527, -34.713619232177734, -4.701117992401123, -17.204374313354492, -21.644901275634766, -0.5122122168540955, 24.8292293548584, 65.53631591796875, 28.358577728271484, 6.977484703063965, 0.4528440535068512, 0.895110547542572], [11.192843437194824, -18.270837783813477, -5.627857685089111, -7.047525405883789, 8.175577163696289, 5.373602867126465, 3.1863083839416504, 18.284191131591797, 28.358577728271484, 64.05780792236328, 30.716190338134766, 15.563556671142578, -0.3612431585788727], [11.081236839294434, -20.550113677978516, 7.546218395233154, -3.9670374393463135, 8.269854545593262, 6.250982284545898, -1.4474297761917114, 0.7870036363601685, 6.977484703063965, 30.716190338134766, 59.215850830078125, 28.272117614746094, 8.834672927856445], [11.180436134338379, -18.83611488342285, 4.484228610992432, 5.276213645935059, 4.32431173324585, -1.8974475860595703, -7.401542663574219, -2.6680901050567627, 0.4528440535068512, 15.563556671142578, 28.272117614746094, 52.44906234741211, 22.721357345581055], [-1.0068477392196655, -17.689794540405273, 7.200016021728516, 15.259562492370605, 9.378488540649414, -4.11287784576416, -11.942460060119629, -6.61276912689209, 0.895110547542572, -0.3612431585788727, 8.834672927856445, 22.721357345581055, 47.72261428833008]], "lowlevel.mfcc.icov": [[0.001507914043031633, 0.00032930384622886777, 1.2493443136918359e-05, 0.00043882898171432316, 0.0004455547023098916, 0.0001670710917096585, 0.000599012419115752, 0.0002917875535786152, -0.00028284371364861727, -9.570572001393884e-05, -5.466164293466136e-05, -0.00022876865114085376, 0.00025246816221624613], [0.00032930384622886777, 0.004271287936717272, 0.001043967204168439, -0.0013042668579146266, 0.002726079663261771, 0.0002977890835609287, -0.0007176753133535385, -0.0003430874494370073, 0.0004183255950920284, 0.0005165984039194882, 2.4569584638811648e-05, 0.0006608490948565304, 0.0007894400623627007], [1.2493443136918359e-05, 0.001043967204168439, 0.006474659312516451, 0.0007534235483035445, -0.00295129488222301, -1.596378069734783e-07, 0.0011590735521167517, -0.0018342803232371807, 0.0030088135972619057, 0.0007665837765671313, -0.000841230561491102, 0.0003829281195066869, -0.0002918704121839255], [0.00043882898171432316, -0.0013042668579146266, 0.0007534235483035445, 0.013112752698361874, -0.0057749273255467415, -0.001189140835776925, 0.0062324972823262215, -0.0012459123972803354, -0.0009240583167411387, 0.0020087272860109806, 0.001225896063260734, -0.0010556846391409636, -0.0020530985202640295], [0.0004455547023098916, 0.002726079663261771, -0.00295129488222301, -0.0057749273255467415, 0.017524605616927147, -0.006197366397827864, 0.0033677511382848024, -0.00126316724345088, 0.001797220204025507, -0.002796965418383479, -0.00035144275170750916, 0.0018369915196672082, -0.0008630217052996159], [0.0001670710917096585, 0.0002977890835609287, -1.596378069734783e-07, -0.001189140835776925, -0.006197366397827864, 0.01770888641476631, -0.011778613552451134, -6.495849083876237e-05, 0.004963593557476997, -0.0019631783943623304, -0.001306429272517562, 0.0009334980859421194, -2.8841945095336996e-05], [0.000599012419115752, -0.0007176753133535385, 0.0011590735521167517, 0.0062324972823262215, 0.0033677511382848024, -0.011778613552451134, 0.025557519868016243, -0.010942218825221062, 0.001383540453389287, 0.0022647341247648, -0.00015162261843215674, 0.00035986851435154676, 0.0006293130572885275], [0.0002917875535786152, -0.0003430874494370073, -0.0018342803232371807, -0.0012459123972803354, -0.00126316724345088, -6.495849083876237e-05, -0.010942218825221062, 0.022104913368821144, -0.008854446932673454, -0.003075449028983712, 0.0026251026429235935, -0.0012400607811287045, 0.0013687292812392116], [-0.00028284371364861727, 0.0004183255950920284, 0.0030088135972619057, -0.0009240583167411387, 0.001797220204025507, 0.004963593557476997, 0.001383540453389287, -0.008854446932673454, 0.026998251676559448, -0.010904097929596901, 7.562762766610831e-05, 0.0042818584479391575, -0.003457077778875828], [-9.570572001393884e-05, 0.0005165984039194882, 0.0007665837765671313, 0.0020087272860109806, -0.002796965418383479, -0.0019631783943623304, 0.0022647341247648, -0.003075449028983712, -0.010904097929596901, 0.028623001649975777, -0.011445077136158943, -0.0038409607950598, 0.004321269690990448], [-5.466164293466136e-05, 2.4569584638811648e-05, -0.000841230561491102, 0.001225896063260734, -0.00035144275170750916, -0.001306429272517562, -0.00015162261843215674, 0.0026251026429235935, 7.562762766610831e-05, -0.011445077136158943, 0.02901407517492771, -0.012380781583487988, 0.0004605206777341664], [-0.00022876865114085376, 0.0006608490948565304, 0.0003829281195066869, -0.0010556846391409636, 0.0018369915196672082, 0.0009334980859421194, 0.00035986851435154676, -0.0012400607811287045, 0.0042818584479391575, -0.0038409607950598, -0.012380781583487988, 0.03282974287867546, -0.013290463015437126], [0.00025246816221624613, 0.0007894400623627007, -0.0002918704121839255, -0.0020530985202640295, -0.0008630217052996159, -2.8841945095336996e-05, 0.0006293130572885275, 0.0013687292812392116, -0.003457077778875828, 0.004321269690990448, 0.0004605206777341664, -0.013290463015437126, 0.028807228431105614]], "metadata.audio_properties.analysis.downmix": "mix", "metadata.audio_properties.codec": "mp3", "metadata.audio_properties.md5_encoded": "7e1246310c5c101e662382465cc0640b", "metadata.tags.file_name": "1182277701877370900.mp3", "metadata.version.essentia": "2.1-beta6-dev", "metadata.version.essentia_git_sha": "v2.1_beta5-1110-g77a6a954", "metadata.version.ex