{"song_id": "1182278064147812424", "download": "https://cdn.discordapp.com/attachments/1128313332273782784/1182278064147812424/chirp.mp4?ex=65841d40&amp", "lyrics": "Caught in the red lights,\nI'd never want to kill your vibe.\nOhhh darling I,\nKeep to myself.\nDesperate with hope\nAll threw the night.", "style": ["punkrock"], "essentia_features": {"lowlevel.average_loudness": 0.9868518710136414, "lowlevel.barkbands_crest.mean": 9.434907913208008, "lowlevel.barkbands_crest.stdev": 4.293048858642578, "lowlevel.barkbands_flatness_db.mean": 0.09434808045625687, "lowlevel.barkbands_flatness_db.stdev": 0.03370281308889389, "lowlevel.barkbands_kurtosis.mean": 0.4400857090950012, "lowlevel.barkbands_kurtosis.stdev": 3.3960702419281006, "lowlevel.barkbands_skewness.mean": 0.8069775104522705, "lowlevel.barkbands_skewness.stdev": 0.9143887758255005, "lowlevel.barkbands_spread.mean": 34.680328369140625, "lowlevel.barkbands_spread.stdev": 10.694255828857422, "lowlevel.dissonance.mean": 0.4831332862377167, "lowlevel.dissonance.stdev": 0.015385006554424763, "lowlevel.dynamic_complexity": 0.9243872761726379, "lowlevel.erbbands_crest.mean": 9.046621322631836, "lowlevel.erbbands_crest.stdev": 4.645830154418945, "lowlevel.erbbands_flatness_db.mean": 0.14599092304706573, "lowlevel.erbbands_flatness_db.stdev": 0.028455795720219612, "lowlevel.erbbands_kurtosis.mean": 0.9129616022109985, "lowlevel.erbbands_kurtosis.stdev": 1.492027997970581, "lowlevel.erbbands_skewness.mean": -0.16571778059005737, "lowlevel.erbbands_skewness.stdev": 0.6076938509941101, "lowlevel.erbbands_spread.mean": 32.427364349365234, "lowlevel.erbbands_spread.stdev": 13.304428100585938, "lowlevel.hfc.mean": 39.58699035644531, "lowlevel.hfc.stdev": 11.034448623657227, "lowlevel.loudness_ebu128.integrated": -12.295317649841309, "lowlevel.loudness_ebu128.loudness_range": 0.5896434783935547, "lowlevel.loudness_ebu128.momentary.mean": -12.315720558166504, "lowlevel.loudness_ebu128.momentary.stdev": 0.4241943061351776, "lowlevel.loudness_ebu128.short_term.mean": -12.314207077026367, "lowlevel.loudness_ebu128.short_term.stdev": 0.2175559401512146, "lowlevel.melbands_crest.mean": 14.802375793457031, "lowlevel.melbands_crest.stdev": 5.355515480041504, "lowlevel.melbands_flatness_db.mean": 0.15301258862018585, "lowlevel.melbands_flatness_db.stdev": 0.044277239590883255, "lowlevel.melbands_kurtosis.mean": 6.7785491943359375, "lowlevel.melbands_kurtosis.stdev": 13.549449920654297, "lowlevel.melbands_skewness.mean": 2.0754141807556152, "lowlevel.melbands_skewness.stdev": 1.5430941581726074, "lowlevel.melbands_spread.mean": 39.6767578125, "lowlevel.melbands_spread.stdev": 15.556350708007812, "lowlevel.pitch_salience.mean": 0.528089165687561, "lowlevel.pitch_salience.stdev": 0.10998763144016266, "lowlevel.silence_rate_20dB.mean": 1.0, "lowlevel.silence_rate_20dB.stdev": 0.0, "lowlevel.silence_rate_30dB.mean": 0.998633861541748, "lowlevel.silence_rate_30dB.stdev": 0.03693580627441406, "lowlevel.silence_rate_60dB.mean": 0.0027322403620928526, "lowlevel.silence_rate_60dB.stdev": 0.052199240773916245, "lowlevel.spectral_centroid.mean": 2056.92236328125, "lowlevel.spectral_centroid.stdev": 406.834228515625, "lowlevel.spectral_complexity.mean": 37.38661193847656, "lowlevel.spectral_complexity.stdev": 7.757736682891846, "lowlevel.spectral_decrease.mean": -1.0482743562079122e-08, "lowlevel.spectral_decrease.stdev": 5.219777055032182e-09, "lowlevel.spectral_energy.mean": 0.04315498098731041, "lowlevel.spectral_energy.stdev": 0.01969716139137745, "lowlevel.spectral_energyband_high.mean": 0.0018953533144667745, "lowlevel.spectral_energyband_high.stdev": 0.000871588010340929, "lowlevel.spectral_energyband_low.mean": 0.018350815400481224, "lowlevel.spectral_energyband_low.stdev": 0.021182870492339134, "lowlevel.spectral_energyband_middle_high.mean": 0.014030156657099724, "lowlevel.spectral_energyband_middle_high.stdev": 0.00746368570253253, "lowlevel.spectral_energyband_middle_low.mean": 0.009810494258999825, "lowlevel.spectral_energyband_middle_low.stdev": 0.009921391494572163, "lowlevel.spectral_entropy.mean": 7.917746543884277, "lowlevel.spectral_entropy.stdev": 0.1559959501028061, "lowlevel.spectral_flux.mean": 0.12379348278045654, "lowlevel.spectral_flux.stdev": 0.049939896911382675, "lowlevel.spectral_kurtosis.mean": 3.058368682861328, "lowlevel.spectral_kurtosis.stdev": 0.9864969253540039, "lowlevel.spectral_rms.mean": 0.006347326561808586, "lowlevel.spectral_rms.stdev": 0.0013467917451635003, "lowlevel.spectral_rolloff.mean": 1960.4627685546875, "lowlevel.spectral_rolloff.stdev": 1038.5938720703125, "lowlevel.spectral_skewness.mean": 1.1220670938491821, "lowlevel.spectral_skewness.stdev": 0.17961131036281586, "lowlevel.spectral_spread.mean": 4107257.25, "lowlevel.spectral_spread.stdev": 1091054.5, "lowlevel.spectral_strongpeak.mean": 1.4867385625839233, "lowlevel.spectral_strongpeak.stdev": 2.034994602203369, "lowlevel.zerocrossingrate.mean": 0.07496517896652222, "lowlevel.zerocrossingrate.stdev": 0.026268456131219864, "metadata.audio_properties.analysis.equal_loudness": 0.0, "metadata.audio_properties.analysis.length": 16.959978103637695, "metadata.audio_properties.analysis.sample_rate": 44100.0, "metadata.audio_properties.analysis.start_time": 0.0, "metadata.audio_properties.bit_rate": 119706.0, "metadata.audio_properties.length": 16.959999084472656, "metadata.audio_properties.lossless": 0.0, "metadata.audio_properties.number_channels": 1.0, "metadata.audio_properties.replay_gain": -12.726873397827148, "metadata.audio_properties.sample_rate": 48000.0, "rhythm.beats_count": 33.0, "rhythm.beats_loudness.mean": 0.044311217963695526, "rhythm.beats_loudness.stdev": 0.009304161183536053, "rhythm.bpm": 120.19879150390625, "rhythm.bpm_histogram_first_peak_bpm": 120.0, "rhythm.bpm_histogram_first_peak_weight": 0.20689654350280762, "rhythm.bpm_histogram_second_peak_bpm": 126.0, "rhythm.bpm_histogram_second_peak_spread": 0.3333333134651184, "rhythm.bpm_histogram_second_peak_weight": 0.0625, "rhythm.danceability": 1.4559426307678223, "rhythm.onset_rate": 2.120917320251465, "tonal.chords_changes_rate": 0.08446866273880005, "tonal.chords_number_rate": 0.024523161351680756, "tonal.chords_strength.mean": 0.513965368270874, "tonal.chords_strength.stdev": 0.09083123505115509, "tonal.hpcp_crest.mean": 11.656533241271973, "tonal.hpcp_crest.stdev": 4.669642448425293, "tonal.hpcp_entropy.mean": 2.218641996383667, "tonal.hpcp_entropy.stdev": 0.6997116208076477, "tonal.key_edma.strength": 0.6956896185874939, "tonal.key_krumhansl.strength": 0.6945872902870178, "tonal.key_temperley.strength": 0.682609498500824, "tonal.tuning_diatonic_strength": 0.5895919799804688, "tonal.tuning_equal_tempered_deviation": 0.24222445487976074, "tonal.tuning_frequency": 434.193115234375, "tonal.tuning_nontempered_energy_ratio": 0.9376331567764282, "lowlevel.barkbands.mean": [0.001510369940660894, 0.01133145485073328, 0.004713862203061581, 0.002179826144129038, 0.004299647640436888, 0.0007444728980772197, 0.00055856624385342, 0.00033926317701116204, 0.0014112457865849137, 0.0012229580897837877, 0.0012726682471111417, 0.002989687956869602, 0.0015791389159858227, 0.0019949045963585377, 0.0012567336671054363, 0.0009857842233031988, 0.0009222119115293026, 0.0007777292048558593, 0.0007838840247131884, 0.0007477931794710457, 0.0005904753925278783, 0.00037606051773764193, 0.00030575323035009205, 0.0001562088873470202, 6.484377809101716e-05, 3.672652746899985e-05, 2.7227779355598614e-06], "lowlevel.barkbands.stdev": [0.0020711582619696856, 0.018678192049264908, 0.004292929545044899, 0.0018235378665849566, 0.008192921988666058, 0.0015837053069844842, 0.001755401724949479, 0.0010329252108931541, 0.00242024683393538, 0.0026849526911973953, 0.0027751936577260494, 0.004375265911221504, 0.002586208749562502, 0.0030244847293943167, 0.0020730639807879925, 0.000983653822913766, 0.0007285354076884687, 0.0005126154283061624, 0.0004197669040877372, 0.00038319299346767366, 0.00029888664721511304, 0.00022812931274529546, 0.0002085695741698146, 0.00014398706844076514, 7.265035674208775e-05, 4.357776197139174e-05, 3.87710770155536e-06], "lowlevel.erbbands.mean": [0.36699652671813965, 2.3523972034454346, 5.590698719024658, 6.865122318267822, 14.988080024719238, 11.124686241149902, 5.257869243621826, 6.217475891113281, 7.553091049194336, 8.04955005645752, 8.807718276977539, 22.624359130859375, 41.09071731567383, 57.48699951171875, 87.77362060546875, 88.52765655517578, 62.18324279785156, 126.00098419189453, 61.15104293823242, 56.16173553466797, 60.481971740722656, 53.7646369934082, 44.10044860839844, 39.80377960205078, 40.73356246948242, 35.04025650024414, 29.577537536621094, 17.402463912963867, 14.044600486755371, 11.729382514953613, 7.875926971435547, 4.275852680206299, 2.0776991844177246, 0.9182038307189941, 0.3301873505115509, 0.14689494669437408, 0.0693032369017601, 0.015070072375237942, 0.00033999522565864027, 6.289610610110685e-05], "lowlevel.erbbands.stdev": [0.6215475797653198, 4.171940803527832, 5.929996490478516, 4.6578049659729, 24.493709564208984, 23.15525245666504, 10.97496509552002, 16.644804000854492, 22.60194969177246, 20.572021484375, 30.691219329833984, 37.38072967529297, 59.70635223388672, 132.7400665283203, 116.57855224609375, 127.82076263427734, 90.17668914794922, 179.69866943359375, 90.21271514892578, 94.02838897705078, 56.56321334838867, 37.94234848022461, 27.562297821044922, 20.80625343322754, 22.96060562133789, 18.691835403442383, 15.729499816894531, 8.77906322479248, 8.455364227294922, 7.375107765197754, 5.585765361785889, 3.782411813735962, 2.0747182369232178, 0.9913907051086426, 0.41635337471961975, 0.19804103672504425, 0.08472763746976852, 0.0206831656396389, 0.0004007846873719245, 2.202209725510329e-05], "lowlevel.gfcc.mean": [61.442466735839844, 64.41223907470703, -132.3208465576172, 52.032230377197266, -39.1175422668457, 32.480323791503906, -23.365262985229492, 6.481873035430908, -28.73444366455078, -2.059859275817871, -21.121997833251953, 1.5095086097717285, -16.004169464111328], "lowlevel.melbands.mean": [0.0032296190038323402, 0.002957395277917385, 0.0014057623920962214, 0.0010790748056024313, 0.0001888888655230403, 0.00013896614836994559, 0.00011831803567474708, 8.25400638859719e-05, 7.221462874440476e-05, 0.00017886809655465186, 0.00020420718647073954, 0.00022237129451241344, 0.00023456261260434985, 0.00039666745578870177, 8.772582077654079e-05, 0.00020996308012399822, 0.00022333534434437752, 8.745656668907031e-05, 9.680552466306835e-05, 6.022053275955841e-05, 7.088391430443153e-05, 5.407758726505563e-05, 4.799861926585436e-05, 3.576273229555227e-05, 3.148936229990795e-05, 2.907441921706777e-05, 2.9030930818407796e-05, 2.168752507714089e-05, 2.0227849745424464e-05, 1.3489801858668216e-05, 8.708262612344697e-06, 8.177597919711843e-06, 6.756263701390708e-06, 6.535393822559854e-06, 4.8474466893821955e-06, 3.2091843422676902e-06, 2.4357852907996858e-06, 1.598629069121671e-06, 1.0993568366757245e-06, 6.420663680728467e-07], "lowlevel.melbands.stdev": [0.005241822451353073, 0.003636274952441454, 0.0010169033193960786, 0.002101840917021036, 0.00034518406027927995, 0.0003405989264138043, 0.000353182724211365, 0.0002006406575674191, 0.0002735713787842542, 0.00029941549291834235, 0.0003046298515982926, 0.0005431877798400819, 0.0003653551102615893, 0.0005954275256954134, 0.0001309611980104819, 0.0003275456838309765, 0.0003360935370437801, 0.00014865527919027954, 0.00015457543486263603, 8.941730629885569e-05, 6.967330409679562e-05, 4.585410715662874e-05, 3.486921195872128e-05, 2.346709879930131e-05, 1.8235832612845115e-05, 1.8381446352577768e-05, 1.6113752280944027e-05, 1.3837091501045506e-05, 1.228608289238764e-05, 7.4788608799281064e-06, 4.760684532811865e-06, 5.352659627533285e-06, 4.496237124840263e-06, 4.328574505052529e-06, 3.474154482319136e-06, 2.843757783921319e-06, 2.391133648416144e-06, 1.6864115650605527e-06, 1.1873780749738216e-06, 7.474270660168258e-07], "lowlevel.melbands128.mean": [0.0011036720825359225, 0.0030798071529716253, 0.003915030509233475, 0.00392909673973918, 0.0031864610500633717, 0.00213723536580801, 0.0013654920039698482, 0.0010252125794067979, 0.0016756842378526926, 0.001484255655668676, 0.0004085988039150834, 0.00015477783745154738, 0.00019327117479406297, 0.0001253611990250647, 0.00013107132690493017, 0.0001606050063855946, 0.00011602625454543158, 0.00011494915816001594, 0.00011305404041195288, 9.58560558501631e-05, 5.770638381363824e-05, 6.728530570399016e-05, 7.651003397768363e-05, 7.302904123207554e-05, 7.967103010741994e-05, 0.00022813765099272132, 0.0004072748706676066, 0.00014040697715245187, 9.230027353623882e-05, 0.0002342530933674425, 0.0002786499389912933, 0.00018622633069753647, 0.0001787602377589792, 0.00019964926468674093, 0.0006892762612551451, 0.0003646119439508766, 0.00011678715964080766, 6.0565835156012326e-05, 7.840826583560556e-05, 0.00010442575148772448, 0.0001693674421403557, 0.0005085740122012794, 0.00021148257656022906, 0.00011859402729896829, 8.353729936061427e-05, 6.597874744329602e-05, 0.00011085482401540503, 0.00012433994561433792, 7.065897079883143e-05, 7.295969408005476e-05, 4.520728180068545e-05, 5.705954026780091e-05, 0.00010314073006156832, 5.85655179747846e-05, 4.65639604954049e-05, 5.5176929890876636e-05, 5.853091715835035e-05, 5.44936083315406e-05, 4.602226545102894e-05, 3.2245967304334044e-05, 3.887835191562772e-05, 3.3351312595186755e-05, 3.066519639105536e-05, 3.297846706118435e-05, 3.0176093787304126e-05, 2.6645755497156642e-05, 2.897337981266901e-05, 3.314326022518799e-05, 2.9619284759974107e-05, 2.329458402527962e-05, 2.258018866996281e-05, 2.0080364265595563e-05, 1.8862465367419645e-05, 2.4926703190431e-05, 1.4851323612674605e-05, 1.3729412785323802e-05, 1.4037438631930854e-05, 8.606974915892351e-06, 8.557130968256388e-06, 7.104184078343678e-06, 9.16845692700008e-06, 8.260980393970385e-06, 6.964879958104575e-06, 6.659170139755588e-06, 6.522725016111508e-06, 6.470112111855997e-06, 6.8474823819997255e-06, 6.016532552166609e-06, 4.593658104568021e-06, 4.170768534095259e-06, 3.8103642054920783e-06, 2.7487649276736192e-06, 2.566163857409265e-06, 2.430128233754658e-06, 2.4237513116531773e-06, 2.118952352248016e-06, 1.356693701382028e-06, 8.484836939715024e-07, 1.291164835492964e-06, 1.220551553160476e-06, 6.169127573230071e-07, 6.278398814174579e-07, 5.041612780587457e-07, 4.22834631308433e-07, 2.8566947207764315e-07, 3.2491578849658254e-07, 3.6553845461639867e-07, 3.035070506030024e-07, 2.1533840310894448e-07, 2.118432860243047e-07, 2.1213604384229257e-07, 1.9898925529560074e-07, 2.402799452738691e-07, 2.468732134275342e-07, 1.9406688522849436e-07, 1.9836417664009787e-07, 1.0956354401514545e-07, 7.309743921268819e-09, 6.716825446534402e-12, 6.431362820774611e-12, 6.258253897745147e-12, 6.124102527177433e-12, 5.984485042936916e-12, 5.876086076050946e-12, 5.764607974995117e-12, 5.643964896134834e-12, 5.568971065544881e-12, 5.534128710849018e-12], "lowlevel.melbands128.stdev": [0.0017834427999332547, 0.0054456009529531, 0.0076326485723257065, 0.00715391431003809, 0.004147739615291357, 0.001879222341813147, 0.001118280692026019, 0.0009224949753843248, 0.002886555390432477, 0.0034103181678801775, 0.0009351558401249349, 0.0002931522612925619, 0.0005175747792236507, 0.0002652564144227654, 0.0004505016258917749, 0.0005193723482079804, 0.00036519343848340213, 0.0005096078966744244, 0.00047746486961841583, 0.00028001487953588367, 0.00017336122982669622, 0.00023041359963826835, 0.0004329550720285624, 0.0002967350883409381, 0.0002082554710796103, 0.000472043378977105, 0.0008045999566093087, 0.00032330324756912887, 0.00022360043658409268, 0.0007507222471758723, 0.0008741225465200841, 0.00052374362712726, 0.000547423493117094, 0.0004583792178891599, 0.0011947609018534422, 0.0007301756413653493, 0.0003349310136400163, 0.00010245390149066225, 0.0001586897560628131, 0.00028441441827453673, 0.0004168378945905715, 0.0009475135011598468, 0.0004248803888913244, 0.00039614553679712117, 0.0002826554700732231, 0.00013537316408473998, 0.0003077461733482778, 0.0002636624267324805, 0.00017224176554009318, 0.0002312520082341507, 7.256386015797034e-05, 7.744492177153006e-05, 0.00012233396410010755, 8.554785745218396e-05, 6.093792762840167e-05, 6.958842277526855e-05, 5.101970600662753e-05, 4.8438039812026545e-05, 5.446137583930977e-05, 2.9717008146690205e-05, 3.67255779565312e-05, 2.8981401555938646e-05, 2.8318079785094596e-05, 2.5218514565494843e-05, 2.1522781025851145e-05, 2.4266693799290806e-05, 3.0634881113655865e-05, 2.9498598451027647e-05, 2.1019597625127062e-05, 1.8392776837572455e-05, 2.4974850020953454e-05, 1.6378566215280443e-05, 1.4735321201442275e-05, 2.069377114821691e-05, 1.1639062904578168e-05, 9.43032864597626e-06, 1.1929304491786752e-05, 6.316405688266968e-06, 6.017213763698237e-06, 5.442866950033931e-06, 7.73521423980128e-06, 6.37426683169906e-06, 5.338890787243145e-06, 5.377751676860498e-06, 5.348368176782969e-06, 5.32011290488299e-06, 5.260295893094735e-06, 4.805256594409002e-06, 3.848017968266504e-06, 3.710994178618421e-06, 3.84628219762817e-06, 3.128322077827761e-06, 2.576543693066924e-06, 2.505981456124573e-06, 3.2553268738411134e-06, 2.375994881731458e-06, 1.558553776703775e-06, 1.3218766525824321e-06, 1.4876267186991754e-06, 1.4798523579884204e-06, 8.775062383392651e-07, 8.114249681057117e-07, 6.827665970376984e-07, 6.209111234056763e-07, 3.9831209619478614e-07, 5.686239319402375e-07, 5.156769589120813e-07, 4.950918537360849e-07, 4.060854053022922e-07, 3.3598851700844534e-07, 3.3511730634927517e-07, 2.6700831767811906e-07, 3.2292365403918666e-07, 3.6437273820411065e-07, 2.6513038164921454e-07, 3.4115629432562855e-07, 1.5667937702801282e-07, 9.087540497887403e-09, 9.355165080104921e-12, 9.0823919565719e-12, 8.84698477671142e-12, 8.640929985426204e-12, 8.46380257546464e-12, 8.313356079925338e-12, 8.185692575157777e-12, 8.08578204392063e-12, 8.012541151403152e-12, 7.967663855079632e-12], "lowlevel.mfcc.mean": [-573.2550659179688, 86.94892883300781, -18.407428741455078, 30.01433563232422, 9.49492073059082, 26.132232666015625, 14.242148399353027, 16.019468307495117, 2.232421875, 4.696471214294434, -3.9104163646698, -0.9586681723594666, -3.465191602706909], "lowlevel.spectral_contrast_coeffs.mean": [-0.6949255466461182, -0.8026052117347717, -0.734116792678833, -0.7729502320289612, -0.7961620092391968, -0.6931803822517395], "lowlevel.spectral_contrast_coeffs.stdev": [0.06638999283313751, 0.06389413774013519, 0.0773853063583374, 0.04923825338482857, 0.02289404533803463, 0.03474753722548485], "lowlevel.spectral_contrast_valleys.mean": [-6.445617198944092, -6.918189525604248, -6.789478778839111, -6.712916851043701, -6.426679611206055, -9.789085388183594], "lowlevel.spectral_contrast_valleys.stdev": [0.5708329677581787, 0.6039648056030273, 0.6035212874412537, 0.5205904841423035, 0.5531736612319946, 0.6013936400413513], "rhythm.beats_loudness_band_ratio.mean": [0.4368256628513336, 0.18657712638378143, 0.06770619750022888, 0.2119845449924469, 0.12140029668807983, 0.07440663874149323], "rhythm.beats_loudness_band_ratio.stdev": [0.16280578076839447, 0.15830962359905243, 0.07861828058958054, 0.1311715692281723, 0.07280460000038147, 0.029209289699792862], "tonal.hpcp.mean": [0.12440180778503418, 0.12231992930173874, 0.09802472591400146, 0.09106715768575668, 0.08181066811084747, 0.08909662067890167, 0.1616700142621994, 0.2052799016237259, 0.13330300152301788, 0.05988672003149986, 0.05313645303249359, 0.07828512042760849, 0.17134670913219452, 0.1996142566204071, 0.12736035883426666, 0.1537661999464035, 0.20998536050319672, 0.1434583067893982, 0.08759363740682602, 0.11728688329458237, 0.11548298597335815, 0.10625775158405304, 0.11613065004348755, 0.10546417534351349, 0.08986685425043106, 0.08338236808776855, 0.10238216817378998, 0.2506372034549713, 0.31546396017074585, 0.1892743855714798, 0.1805463582277298, 0.17466284334659576, 0.12479370832443237, 0.1494300812482834, 0.16232596337795258, 0.13645559549331665], "tonal.hpcp.stdev": [0.21421673893928528, 0.22369953989982605, 0.19680187106132507, 0.1795370727777481, 0.1641862839460373, 0.18728013336658478, 0.24627555906772614, 0.31172463297843933, 0.22374695539474487, 0.11603766679763794, 0.12348879873752594, 0.15461379289627075, 0.23827752470970154, 0.25898194313049316, 0.19432032108306885, 0.22045253217220306, 0.3058513402938843, 0.22921234369277954, 0.16445790231227875, 0.23669612407684326, 0.22503036260604858, 0.1839306652545929, 0.2192399948835373, 0.19390098750591278, 0.18534402549266815, 0.17147290706634521, 0.20183758437633514, 0.2689245939254761, 0.3199693262577057, 0.23747476935386658, 0.2957550287246704, 0.2973269820213318, 0.2142811417579651, 0.2610672414302826, 0.27354153990745544, 0.2490522861480713], "rhythm.beats_position": [0.4760090708732605, 0.9752380847930908, 1.4512470960617065, 1.9156461954116821, 2.391655206680298, 2.879274368286133, 3.3668932914733887, 3.8545124530792236, 4.353741645812988, 4.852970600128174, 5.352199554443359, 5.851428508758545, 6.3506574630737305, 6.849886417388916, 7.360725402832031, 7.859954357147217, 8.359183311462402, 8.858412742614746, 9.357641220092773, 9.856870651245117, 10.356099128723145, 10.855328559875488, 11.354557991027832, 11.865396499633789, 12.364625930786133, 12.86385440826416, 13.363083839416504, 13.862312316894531, 14.361541748046875, 14.860771179199219, 15.359999656677246, 15.85922908782959, 16.370067596435547], "rhythm.bpm_histogram": [0.0, 0.0, 0.0, 0.0, 0.0, 0.0, 0.0, 0.0, 0.0, 0.0, 0.0, 0.0, 0.0, 0.0, 0.0, 0.0, 0.0, 0.0, 0.0, 0.0, 0.0, 0.0, 0.0, 0.0, 0.0, 0.0, 0.0, 0.0, 0.0, 0.0, 0.0, 0.0, 0.0, 0.0, 0.0, 0.0, 0.0, 0.0, 0.0, 0.0, 0.0, 0.0, 0.0, 0.0, 0.0, 0.0, 0.0, 0.0, 0.0, 0.0, 0.0, 0.0, 0.0, 0.0, 0.0, 0.0, 0.0, 0.0, 0.0, 0.0, 0.0, 0.0, 0.0, 0.0, 0.0, 0.0, 0.0, 0.0, 0.0, 0.0, 0.0, 0.0, 0.0, 0.0, 0.0, 0.0, 0.0, 0.0, 0.0, 0.0, 0.0, 0.0, 0.0, 0.0, 0.0, 0.0, 0.0, 0.0, 0.0, 0.0, 0.0, 0.0, 0.0, 0.0, 0.0, 0.0, 0.0, 0.0, 0.0, 0.0, 0.0, 0.0, 0.0, 0.0, 0.0, 0.0, 0.0, 0.0, 0.0, 0.0, 0.0, 0.0, 0.0, 0.0, 0.0, 0.0, 0.0, 0.09375, 0.0, 0.0, 0.71875, 0.0, 0.0, 0.09375, 0.0, 0.0, 0.0625, 0.0, 0.0, 0.03125, 0.0, 0.0, 0.0, 0.0, 0.0, 0.0, 0.0, 0.0, 0.0, 0.0, 0.0, 0.0, 0.0, 0.0, 0.0, 0.0, 0.0, 0.0, 0.0, 0.0, 0.0, 0.0, 0.0, 0.0, 0.0, 0.0, 0.0, 0.0, 0.0, 0.0, 0.0, 0.0, 0.0, 0.0, 0.0, 0.0, 0.0, 0.0, 0.0, 0.0, 0.0, 0.0, 0.0, 0.0, 0.0, 0.0, 0.0, 0.0, 0.0, 0.0, 0.0, 0.0, 0.0, 0.0, 0.0, 0.0, 0.0, 0.0, 0.0, 0.0, 0.0, 0.0, 0.0, 0.0, 0.0, 0.0, 0.0, 0.0, 0.0, 0.0, 0.0, 0.0, 0.0, 0.0, 0.0, 0.0, 0.0, 0.0, 0.0, 0.0, 0.0, 0.0, 0.0, 0.0, 0.0, 0.0, 0.0, 0.0, 0.0, 0.0, 0.0, 0.0, 0.0, 0.0, 0.0, 0.0, 0.0, 0.0, 0.0, 0.0, 0.0, 0.0, 0.0, 0.0, 0.0, 0.0, 0.0, 0.0, 0.0, 0.0, 0.0, 0.0, 0.0, 0.0, 0.0, 0.0, 0.0, 0.0, 0.0, 0.0], "tonal.chords_histogram": [18.25613021850586, 13.89645767211914, 13.89645767211914, 0.0, 7.629427909851074, 0.0, 12.534059524536133, 17.438692092895508, 0.0, 11.171662330627441, 0.0, 0.0, 0.0, 0.0, 0.0, 0.0, 0.0, 0.0, 0.0, 0.0, 0.0, 0.0, 1.9073569774627686, 3.2697548866271973], "tonal.thpcp": [1.0, 0.5999873280525208, 0.5723201036453247, 0.5536697506904602, 0.39558783173561096, 0.47368353605270386, 0.5145626068115234, 0.43255525827407837, 0.39434555172920227, 0.387746125459671, 0.3107319176197052, 0.2886768877506256, 0.2593344449996948, 0.2824304401874542, 0.5124832987785339, 0.6507237553596497, 0.42256173491477966, 0.18983696401119232, 0.16843906044960022, 0.24815867841243744, 0.5431578159332275, 0.6327640414237976, 0.40372395515441895, 0.4874287247657776, 0.6656397581100464, 0.45475339889526367, 0.2776660621166229, 0.37179169058799744, 0.36607345938682556, 0.3368300795555115, 0.3681265115737915, 0.3343144953250885, 0.28487202525138855, 0.2643166184425354, 0.3245447278022766, 0.7945034503936768], "lowlevel.gfcc.cov": [[3157.919921875, 111.19229888916016, -205.71002197265625, 65.03351593017578, -153.9036407470703, 10.506529808044434, -124.06089782714844, -24.394792556762695, -109.11042022705078, -45.06438446044922, -59.1820068359375, -16.619115829467773, -59.440181732177734], [111.19229888916016, 250.21783447265625, -40.624267578125, -13.753129005432129, 10.975353240966797, -22.31174087524414, 29.486082077026367, -16.580726623535156, 34.545406341552734, 21.81627082824707, 40.70643997192383, -0.10101917386054993, 23.875293731689453], [-205.71002197265625, -40.624267578125, 225.42010498046875, 70.88904571533203, -16.96615219116211, -60.43412399291992, -54.186771392822266, 26.1789608001709, 22.026268005371094, 14.11535358428955, -7.096960067749023, 17.505172729492188, 14.593026161193848], [65.03351593017578, -13.753129005432129, 70.88904571533203, 154.9449005126953, 71.93789672851562, 11.131855010986328, 1.566841721534729, 27.54496955871582, 48.126670837402344, 21.221214294433594, 18.33131980895996, 9.4032564163208, 13.667229652404785], [-153.9036407470703, 10.975353240966797, -16.96615219116211, 71.93789672851562, 181.55381774902344, 114.95092010498047, 85.47737121582031, 9.120950698852539, 32.0424690246582, 36.67306137084961, 42.52362823486328, 4.159999847412109, 6.318344593048096], [10.506529808044434, -22.31174087524414, -60.43412399291992, 11.131855010986328, 114.95092010498047, 171.85296630859375, 106.46733856201172, 7.136516571044922, -24.410974502563477, 10.660079002380371, 33.4995231628418, 0.2689238488674164, -5.805472373962402], [-124.06089782714844, 29.486082077026367, -54.186771392822266, 1.566841721534729, 85.47737121582031, 106.46733856201172, 156.9193115234375, 36.43547821044922, 11.949745178222656, 5.883013725280762, 35.70732879638672, 17.125547409057617, 8.382195472717285], [-24.394792556762695, -16.580726623535156, 26.1789608001709, 27.54496955871582, 9.120950698852539, 7.136516571044922, 36.43547821044922, 100.649658203125, 62.755985260009766, 20.582536697387695, 2.694760322570801, 7.618295669555664, 15.330824851989746], [-109.11042022705078, 34.545406341552734, 22.026268005371094, 48.126670837402344, 32.0424690246582, -24.410974502563477, 11.949745178222656, 62.755985260009766, 130.2090301513672, 60.46746063232422, 26.009057998657227, -2.7402424812316895, 13.086320877075195], [-45.06438446044922, 21.81627082824707, 14.11535358428955, 21.221214294433594, 36.67306137084961, 10.660079002380371, 5.883013725280762, 20.582536697387695, 60.46746063232422, 91.0144271850586, 50.349082946777344, 10.82701587677002, -1.7183154821395874], [-59.1820068359375, 40.70643997192383, -7.096960067749023, 18.33131980895996, 42.52362823486328, 33.4995231628418, 35.70732879638672, 2.694760322570801, 26.009057998657227, 50.349082946777344, 84.35433959960938, 31.907094955444336, 1.41142737865448], [-16.619115829467773, -0.10101917386054993, 17.505172729492188, 9.4032564163208, 4.159999847412109, 0.2689238488674164, 17.125547409057617, 7.618295669555664, -2.7402424812316895, 10.82701587677002, 31.907094955444336, 60.5819091796875, 29.32569122314453], [-59.440181732177734, 23.875293731689453, 14.593026161193848, 13.667229652404785, 6.318344593048096, -5.805472373962402, 8.382195472717285, 15.330824851989746, 13.086320877075195, -1.7183154821395874, 1.41142737865448, 29.32569122314453, 64.8940200805664]], "lowlevel.gfcc.icov": [[0.000597619276959449, -0.0008978178957477212, 0.0009684358374215662, -0.001441505621187389, 0.0012343210401013494, -0.0012991047697141767, 0.0011186423944309354, -0.0006797940004616976, 0.0006180336349643767, -0.0005081282579340041, 0.001286400598473847, -0.0013331340160220861, 0.0011796170147135854], [-0.0008978178957477212, 0.007623995654284954, -0.0006964081549085677, 0.002715203445404768, -0.0021890541538596153, 0.0056662969291210175, -0.004635462537407875, 0.003305821679532528, -0.0014563438016921282, 0.0007352125248871744, -0.006746978033334017, 0.006907073315232992, -0.00616616802290082], [0.0009684358374215662, -0.0006964081549085677, 0.008306954056024551, -0.005348085891455412, 0.0016752100782468915, 0.00047992606414482, 0.0028900266624987125, -0.0031827641651034355, 0.00298977829515934, -0.002572609344497323, 0.0025462289340794086, -0.0032684600446373224, 0.001410644967108965], [-0.001441505621187389, 0.002715203445404768, -0.005348085891455412, 0.015191098675131798, -0.009039764292538166, 0.003521139733493328, 0.00010403970372863114, 0.00020941055845469236, -0.004625086206942797, 0.004733819514513016, -0.005307743791490793, 0.002635867102071643, -0.003201480954885483], [0.0012343210401013494, -0.0021890541538596153, 0.0016752100782468915, -0.009039764292538166, 0.019119085744023323, -0.012373436242341995, -0.0012767646694555879, 0.004498710855841637, -0.0036774335894733667, -0.0035854566376656294, 0.003842367324978113, -0.002349232556298375, 0.0012214690214022994], [-0.0012991047697141767, 0.0056662969291210175, 0.00047992606414482, 0.003521139733493328, -0.012373436242341995, 0.024922125041484833, -0.011126602999866009, -0.0023812460713088512, 0.009701005183160305, -0.0025160217192023993, -0.009013171307742596, 0.011567836627364159, -0.005744478665292263], [0.0011186423944309354, -0.004635462537407875, 0.0028900266624987125, 0.00010403970372863114, -0.0012767646694555879, -0.011126602999866009, 0.019561905413866043, -0.0076933023519814014, -0.0014234185218811035, 0.005049983039498329, 0.000935817661229521, -0.00878381822258234, 0.004847741685807705], [-0.0006797940004616976, 0.003305821679532528, -0.0031827641651034355, 0.00020941055845469236, 0.004498710855841637, -0.0023812460713088512, -0.0076933023519814014, 0.022100357338786125, -0.012908360920846462, 0.0001802193291950971, 0.003138702129945159, -0.0009836946846917272, -0.0030615911819040775], [0.0006180336349643767, -0.0014563438016921282, 0.00298977829515934, -0.004625086206942797, -0.0036774335894733667, 0.009701005183160305, -0.0014234185218811035, -0.012908360920846462, 0.025433871895074844, -0.012010700069367886, -0.002398514188826084, 0.00843487773090601, -0.0033435591030865908], [-0.0005081282579340041, 0.0007352125248871744, -0.002572609344497323, 0.004733819514513016, -0.0035854566376656294, -0.0025160217192023993, 0.005049983039498329, 0.0001802193291950971, -0.012010700069367886, 0.02669212967157364, -0.01334815751761198, -0.0005450323224067688, 0.0019401892786845565], [0.001286400598473847, -0.006746978033334017, 0.0025462289340794086, -0.005307743791490793, 0.003842367324978113, -0.009013171307742596, 0.000935817661229521, 0.003138702129945159, -0.002398514188826084, -0.01334815751761198, 0.035584233701229095, -0.022596009075641632, 0.0117304977029562], [-0.0013331340160220861, 0.006907073315232992, -0.0032684600446373224, 0.002635867102071643, -0.002349232556298375, 0.011567836627364159, -0.00878381822258234, -0.0009836946846917272, 0.00843487773090601, -0.0005450323224067688, -0.022596009075641632, 0.04203182831406593, -0.02117002010345459], [0.0011796170147135854, -0.00616616802290082, 0.001410644967108965, -0.003201480954885483, 0.0012214690214022994, -0.005744478665292263, 0.004847741685807705, -0.0030615911819040775, -0.0033435591030865908, 0.0019401892786845565, 0.0117304977029562, -0.02117002010345459, 0.02861739695072174]], "lowlevel.mfcc.cov": [[1442.6197509765625, 72.47327423095703, 8.846912384033203, 2.8604090213775635, -32.3615608215332, -21.450807571411133, -30.02495574951172, -3.0398013591766357, -57.46277618408203, -39.11749267578125, -33.57412338256836, -31.979280471801758, -32.04241180419922], [72.47327423095703, 228.5959930419922, -31.004919052124023, -5.435735702514648, -35.97047805786133, 1.981549859046936, -5.599269866943359, -20.34872817993164, -7.427874565124512, -5.679528713226318, 29.179283142089844, 1.6558783054351807, -0.7465895414352417], [8.846912384033203, -31.004919052124023, 184.52316284179688, 54.30452346801758, 12.630475044250488, -74.95730590820312, -60.869850158691406, -30.320680618286133, -4.030072212219238, -23.81009292602539, -10.775423049926758, -11.630935668945312, 3.154661178588867], [2.8604090213775635, -5.435735702514648, 54.30452346801758, 136.19921875, 58.90830612182617, -4.4985222816467285, -35.08921432495117, -3.2761003971099854, 24.685535430908203, 13.26185131072998, 6.31746768951416, 21.93651580810547, 27.905961990356445], [-32.3615608215332, -35.97047805786133, 12.630475044250488, 58.90830612182617, 114.69624328613281, 42.2137451171875, 2.7743284702301025, -4.268696308135986, 15.325352668762207, 29.442331314086914, 13.53384017944336, 16.97309112548828, 14.53693962097168], [-21.450807571411133, 1.981549859046936, -74.95730590820312, -4.4985222816467285, 42.2137451171875, 148.6427001953125, 99.54121398925781, 29.29654884338379, -8.701860427856445, 19.04609489440918, 24.38311767578125, 15.913718223571777, -3.0684635639190674], [-30.02495574951172, -5.599269866943359, -60.869850158691406, -35.08921432495117, 2.7743284702301025, 99.54121398925781, 148.864013671875, 65.34638214111328, 0.016980160027742386, -3.0013949871063232, 17.217069625854492, 11.329604148864746, -2.056088924407959], [-3.0398013591766357, -20.34872817993164, -30.320680618286133, -3.2761003971099854, -4.268696308135986, 29.29654884338379, 65.34638214111328, 90.66515350341797, 36.252323150634766, 11.042633056640625, -4.432048320770264, 10.953376770019531, 6.922245025634766], [-57.46277618408203, -7.427874565124512, -4.030072212219238, 24.685535430908203, 15.325352668762207, -8.701860427856445, 0.016980160027742386, 36.252323150634766, 84.64076232910156, 38.79579162597656, 3.17932391166687, 3.6511213779449463, 13.132686614990234], [-39.11749267578125, -5.679528713226318, -23.81009292602539, 13.26185131072998, 29.442331314086914, 19.04609489440918, -3.0013949871063232, 11.042633056640625, 38.79579162597656, 84.95958709716797, 33.5051155090332, 23.96017074584961, 2.4413833618164062], [-33.57412338256836, 29.179283142089844, -10.775423049926758, 6.31746768951416, 13.53384017944336, 24.38311767578125, 17.217069625854492, -4.432048320770264, 3.17932391166687, 33.5051155090332, 81.75550079345703, 48.46038055419922, 10.307141304016113], [-31.979280471801758, 1.6558783054351807, -11.630935668945312, 21.93651580810547, 16.97309112548828, 15.913718223571777, 11.329604148864746, 10.953376770019531, 3.6511213779449463, 23.96017074584961, 48.46038055419922, 85.7850112915039, 42.51019287109375], [-32.04241180419922, -0.7465895414352417, 3.154661178588867, 27.905961990356445, 14.53693962097168, -3.0684635639190674, -2.056088924407959, 6.922245025634766, 13.132686614990234, 2.4413833618164062, 10.307141304016113, 42.51019287109375, 74.66316223144531]], "lowlevel.mfcc.icov": [[0.0007560494123026729, -0.0002895920188166201, 9.074403351405635e-06, -0.00017290211690124124, 9.898603821056895e-06, 1.3257549653644674e-05, 0.00033304491080343723, -0.0006085091736167669, 0.0007620482938364148, -2.380971454840619e-05, 0.00020836242765653878, 0.00010582862159935758, 0.00022773732780478895], [-0.0002895920188166201, 0.005569854285567999, 0.0013260552659630775, -0.001176192658022046, 0.0024268613196909428, -0.0005141502479091287, 0.00029095905483700335, 0.0016121905064210296, -0.0008617636049166322, 0.0011634955881163478, -0.0033452343195676804, 0.001547646359540522, -0.0006259316578507423], [9.074403351405635e-06, 0.0013260552659630775, 0.009062661789357662, -0.0036541952285915613, -0.001233263872563839, 0.004985266365110874, -0.0007536074263043702, 0.001153586315922439, 0.0007259214762598276, 0.0023430243600159883, -0.002105677267536521, 0.0017008859431371093, 0.0004352895193733275], [-0.00017290211690124124, -0.001176192658022046, -0.0036541952285915613, 0.013311848044395447, -0.005502866581082344, -0.002823496237397194, 0.00467396667227149, -0.002280079759657383, -0.002946744905784726, 0.0015754200285300612, 0.000599645369220525, -0.0023804581724107265, -0.0018721484811976552], [9.898603821056895e-06, 0.0024268613196909428, -0.001233263872563839, -0.005502866581082344, 0.015948006883263588, -0.006033699028193951, 0.0004219435213599354, 0.003403050359338522, -0.0014959895052015781, -0.003305224934592843, 7.860637560952455e-05, 0.0002609382208902389, -0.0013077841140329838], [1.3257549653644674e-05, -0.0005141502479091287, 0.004985266365110874, -0.002823496237397194, -0.006033699028193951, 0.019722945988178253, -0.012925900518894196, 0.002586295362561941, 0.004402851220220327, -0.00343784736469388, -0.00023857287305872887, 0.0006082349573262036, 0.0012594168074429035], [0.00033304491080343723, 0.00029095905483700335, -0.0007536074263043702, 0.00467396667227149, 0.0004219435213599354, -0.012925900518894196, 0.022930296137928963, -0.013860199600458145, 0.0009426115429960191, 0.005904226563870907, -0.005640093702822924, 0.0018076698761433363, -0.0008756128372624516], [-0.0006085091736167669, 0.0016121905064210296, 0.001153586315922439, -0.002280079759657383, 0.003403050359338522, 0.002586295362561941, -0.013860199600458145, 0.026450140401721, -0.01091892272233963, -0.0012235196772962809, 0.006858971435576677, -0.006109283305704594, 0.0016602611867710948], [0.0007620482938364148, -0.0008617636049166322, 0.0007259214762598276, -0.002946744905784726, -0.0014959895052015781, 0.004402851220220327, 0.0009426115429960191, -0.01091892272233963, 0.02368483692407608, -0.010211078450083733, -0.0009390719351358712, 0.0065108309499919415, -0.004509842023253441], [-2.380971454840619e-05, 0.0011634955881163478, 0.0023430243600159883, 0.0015754200285300612, -0.003305224934592843, -0.00343784736469388, 0.005904226563870907, -0.0012235196772962809, -0.010211078450083733, 0.02296856977045536, -0.007690535858273506, -0.0030285236425697803, 0.00392285967245698], [0.00020836242765653878, -0.0033452343195676804, -0.002105677267536521, 0.000599645369220525, 7.860637560952455e-05, -0.00023857287305872887, -0.005640093702822924, 0.006858971435576677, -0.0009390719351358712, -0.007690535858273506, 0.02664880082011223, -0.01560827624052763, 0.004729013890028], [0.00010582862159935758, 0.001547646359540522, 0.0017008859431371093, -0.0023804581724107265, 0.0002609382208902389, 0.0006082349573262036, 0.0018076698761433363, -0.006109283305704594, 0.0065108309499919415, -0.0030285236425697803, -0.01560827624052763, 0.029241792857646942, -0.014071449637413025], [0.00022773732780478895, -0.0006259316578507423, 0.0004352895193733275, -0.0018721484811976552, -0.0013077841140329838, 0.0012594168074429035, -0.0008756128372624516, 0.0016602611867710948, -0.004509842023253441, 0.00392285967245698, 0.004729013890028, -0.014071449637413025, 0.022318502888083458]], "metadata.audio_properties.analysis.downmix": "mix", "metadata.audio_properties.codec": "mp3", "metadata.audio_properties.md5_encoded": "8946daf75e21014bf99683eec575ed54", "metadata.tags.file_name": "1182278064147812424.mp3", "metadata.version.essentia": "2.1-beta6-dev", "metadata.version.essentia_git_sha": "v2.1_beta5-1110-g77a6a954", "metadata.version.extractor": "music 2.0", "tonal.chords_key": "B", "tonal.chords_scale": "minor", "tonal.key_edma.key": "B", "tonal.key_edma.scale": "minor", "tonal.key_krumhansl.key": "B", "tonal.key_krumhansl.scale": "minor", "tonal.key_temperley.key": "B", "tonal.key_temperley.scale": "minor", "metadata.tags.encoding": ["Lavf58.45.100"]}, "essentia_models": [{"model_name": "genre_dortmund", "activations": {"alternative": "0.01459579", "blues": "0.0005839331", "electronic": "0.0012459494", "folkcountry": "0.00032517003", "funksoulrnb": "0.0014515653", "jazz": "0.0020104325", "pop": "0.0007750193", "raphiphop": "0.00022032508", "rock": "0.9607479"}}, {"model_name": "genre_rosamerica", "activations": {"classic": "0.00046855817", "dance": "4.4434022e-05", "hip hop": "0.00032492", "jazz": "0.0009788789", "pop": "0.0009867974", "rhythm and blues": "0.0007254473", "rock": "0.9962617", "speech": "2.9197598e-05"}}, {"model_name": "genre_tzanetakis", "activations": {"blues": "0.00011441492", "classic": "2.2172208e-06", "country": "6.381244e-05", "disco": "0.00025583679", "hip hop": "0.0011797628", "jazz": "3.427152e-05", "metal": "0.9832195", "pop": "0.00016620966", "reggae": "9.1947455e-05", "rock": "0.030312827"}}, {"model_name": "genre_electronic", "activations": {"ambient": "0.509695