{"song_id": "1182285263133745172", "download": "https://cdn.discordapp.com/attachments/1135911532732108921/1182285263133745172/chirp.mp4?ex=658423f4&amp", "lyrics": "[verse]\nIn the depths of darkness I descend\nWhere demons dance and souls never mend\nBlack flames lick the skies, no end in sight\nThis is the black day on hell, eternal night\n\n[chorus]\nLost in shadows, my spirit's demise\nBlack day on hell, where hope slowly dies\nNeon lights flicker, reflecting despair\nIn this synthwave nightmare, no escape, no repair", "style": ["post punk"], "essentia_features": {"lowlevel.average_loudness": 0.6698392033576965, "lowlevel.barkbands_crest.mean": 12.914334297180176, "lowlevel.barkbands_crest.stdev": 4.1345744132995605, "lowlevel.barkbands_flatness_db.mean": 0.29688042402267456, "lowlevel.barkbands_flatness_db.stdev": 0.0799352303147316, "lowlevel.barkbands_kurtosis.mean": 38.38141632080078, "lowlevel.barkbands_kurtosis.stdev": 47.73066711425781, "lowlevel.barkbands_skewness.mean": 3.753044843673706, "lowlevel.barkbands_skewness.stdev": 2.9513473510742188, "lowlevel.barkbands_spread.mean": 11.01236343383789, "lowlevel.barkbands_spread.stdev": 20.592653274536133, "lowlevel.dissonance.mean": 0.4168528914451599, "lowlevel.dissonance.stdev": 0.05697282403707504, "lowlevel.dynamic_complexity": 5.72955322265625, "lowlevel.erbbands_crest.mean": 12.959855079650879, "lowlevel.erbbands_crest.stdev": 4.951137065887451, "lowlevel.erbbands_flatness_db.mean": 0.21894802153110504, "lowlevel.erbbands_flatness_db.stdev": 0.07275547087192535, "lowlevel.erbbands_kurtosis.mean": 10.527047157287598, "lowlevel.erbbands_kurtosis.stdev": 12.0018892288208, "lowlevel.erbbands_skewness.mean": 1.8859459161758423, "lowlevel.erbbands_skewness.stdev": 1.9632283449172974, "lowlevel.erbbands_spread.mean": 32.48354721069336, "lowlevel.erbbands_spread.stdev": 31.578243255615234, "lowlevel.hfc.mean": 11.071557998657227, "lowlevel.hfc.stdev": 17.7766170501709, "lowlevel.loudness_ebu128.integrated": -22.94285011291504, "lowlevel.loudness_ebu128.loudness_range": 6.425790786743164, "lowlevel.loudness_ebu128.momentary.mean": -25.900033950805664, "lowlevel.loudness_ebu128.momentary.stdev": 5.512924671173096, "lowlevel.loudness_ebu128.short_term.mean": -24.124568939208984, "lowlevel.loudness_ebu128.short_term.stdev": 1.7389543056488037, "lowlevel.melbands_crest.mean": 18.479509353637695, "lowlevel.melbands_crest.stdev": 5.155585765838623, "lowlevel.melbands_flatness_db.mean": 0.3911755383014679, "lowlevel.melbands_flatness_db.stdev": 0.1074485033750534, "lowlevel.melbands_kurtosis.mean": 66.56283569335938, "lowlevel.melbands_kurtosis.stdev": 85.06294250488281, "lowlevel.melbands_skewness.mean": 4.592442035675049, "lowlevel.melbands_skewness.stdev": 3.3120999336242676, "lowlevel.melbands_spread.mean": 13.413511276245117, "lowlevel.melbands_spread.stdev": 39.32926559448242, "lowlevel.pitch_salience.mean": 0.4767536222934723, "lowlevel.pitch_salience.stdev": 0.16127640008926392, "lowlevel.silence_rate_20dB.mean": 1.0, "lowlevel.silence_rate_20dB.stdev": 0.0, "lowlevel.silence_rate_30dB.mean": 0.9698925018310547, "lowlevel.silence_rate_30dB.stdev": 0.17088332772254944, "lowlevel.silence_rate_60dB.mean": 0.24587813019752502, "lowlevel.silence_rate_60dB.stdev": 0.43060559034347534, "lowlevel.spectral_centroid.mean": 556.1063842773438, "lowlevel.spectral_centroid.stdev": 872.8213500976562, "lowlevel.spectral_complexity.mean": 5.808602333068848, "lowlevel.spectral_complexity.stdev": 3.629817485809326, "lowlevel.spectral_decrease.mean": -6.554476073006299e-09, "lowlevel.spectral_decrease.stdev": 7.956854730650775e-09, "lowlevel.spectral_energy.mean": 0.0257422998547554, "lowlevel.spectral_energy.stdev": 0.030616937205195427, "lowlevel.spectral_energyband_high.mean": 0.0006389373447746038, "lowlevel.spectral_energyband_high.stdev": 0.002039383864030242, "lowlevel.spectral_energyband_low.mean": 0.01286287885159254, "lowlevel.spectral_energyband_low.stdev": 0.01682049222290516, "lowlevel.spectral_energyband_middle_high.mean": 0.0005167037597857416, "lowlevel.spectral_energyband_middle_high.stdev": 0.001389360404573381, "lowlevel.spectral_energyband_middle_low.mean": 0.015280934982001781, "lowlevel.spectral_energyband_middle_low.stdev": 0.021575594320893288, "lowlevel.spectral_entropy.mean": 6.323409557342529, "lowlevel.spectral_entropy.stdev": 0.9563037753105164, "lowlevel.spectral_flux.mean": 0.054601285606622696, "lowlevel.spectral_flux.stdev": 0.041971802711486816, "lowlevel.spectral_kurtosis.mean": 23.783422470092773, "lowlevel.spectral_kurtosis.stdev": 51.409645080566406, "lowlevel.spectral_rms.mean": 0.0041905720718204975, "lowlevel.spectral_rms.stdev": 0.0027483762241899967, "lowlevel.spectral_rolloff.mean": 1074.7626953125, "lowlevel.spectral_rolloff.stdev": 2509.007568359375, "lowlevel.spectral_skewness.mean": 3.320714235305786, "lowlevel.spectral_skewness.stdev": 2.5385372638702393, "lowlevel.spectral_spread.mean": 5015105.0, "lowlevel.spectral_spread.stdev": 2855515.75, "lowlevel.spectral_strongpeak.mean": 0.5627654194831848, "lowlevel.spectral_strongpeak.stdev": 0.6600178480148315, "lowlevel.zerocrossingrate.mean": 0.04357323795557022, "lowlevel.zerocrossingrate.stdev": 0.06954747438430786, "metadata.audio_properties.analysis.equal_loudness": 0.0, "metadata.audio_properties.analysis.length": 32.36265182495117, "metadata.audio_properties.analysis.sample_rate": 44100.0, "metadata.audio_properties.analysis.start_time": 0.0, "metadata.audio_properties.bit_rate": 115058.0, "metadata.audio_properties.length": 32.362667083740234, "metadata.audio_properties.lossless": 0.0, "metadata.audio_properties.number_channels": 1.0, "metadata.audio_properties.replay_gain": -4.39453125, "metadata.audio_properties.sample_rate": 48000.0, "rhythm.beats_count": 52.0, "rhythm.beats_loudness.mean": 0.027075964957475662, "rhythm.beats_loudness.stdev": 0.0351644866168499, "rhythm.bpm": 116.99031066894531, "rhythm.bpm_histogram_first_peak_bpm": 117.0, "rhythm.bpm_histogram_first_peak_weight": 0.363636314868927, "rhythm.bpm_histogram_second_peak_bpm": 89.0, "rhythm.bpm_histogram_second_peak_spread": 0.46153849363327026, "rhythm.bpm_histogram_second_peak_weight": 0.13725490868091583, "rhythm.danceability": 1.112797737121582, "rhythm.onset_rate": 2.7794740200042725, "tonal.chords_changes_rate": 0.09455587714910507, "tonal.chords_number_rate": 0.015759311616420746, "tonal.chords_strength.mean": 0.4908371567726135, "tonal.chords_strength.stdev": 0.10656317323446274, "tonal.hpcp_crest.mean": 14.674803733825684, "tonal.hpcp_crest.stdev": 7.1879472732543945, "tonal.hpcp_entropy.mean": 1.8919090032577515, "tonal.hpcp_entropy.stdev": 0.7659615278244019, "tonal.key_edma.strength": 0.6493654847145081, "tonal.key_krumhansl.strength": 0.6478512287139893, "tonal.key_temperley.strength": 0.6404033899307251, "tonal.tuning_diatonic_strength": 0.5871166586875916, "tonal.tuning_equal_tempered_deviation": 0.06080900877714157, "tonal.tuning_frequency": 438.47772216796875, "tonal.tuning_nontempered_energy_ratio": 0.682908833026886, "lowlevel.barkbands.mean": [6.359121471177787e-06, 0.001364787807688117, 0.00795065052807331, 0.00539533281698823, 0.005263876635581255, 0.0023420494981110096, 0.0014342691283673048, 0.0005672917468473315, 0.00024397033848799765, 0.00011229941446799785, 0.00014169476344250143, 0.00010376679711043835, 3.502720937831327e-05, 1.8500326405046508e-05, 1.9071749193244614e-05, 2.4227907488238998e-05, 2.6810110284714028e-05, 2.0546309315250255e-05, 1.9853003323078156e-05, 1.781198261596728e-05, 1.2346952644293196e-05, 5.10179961565882e-05, 0.00033883401192724705, 8.265032374765724e-05, 7.19314266461879e-05, 7.734052633168176e-05, 1.1680969969063426e-08], "lowlevel.barkbands.stdev": [1.8681652363738976e-05, 0.002899694489315152, 0.01146364863961935, 0.008325808681547642, 0.010872234590351582, 0.004691656678915024, 0.00373095297254622, 0.00215030275285244, 0.0007548123248852789, 0.0003713480255100876, 0.0006516229477711022, 0.0006583565846085548, 0.00015198788605630398, 6.469742220360786e-05, 9.852289076661691e-05, 0.00010046546231023967, 7.473008736269549e-05, 5.869440428796224e-05, 4.844168506679125e-05, 5.197157952352427e-05, 4.226512464811094e-05, 0.00019863800844177604, 0.001180818653665483, 0.0003083379124291241, 0.00021841491980012506, 0.00024063892487902194, 1.1671604482899056e-07], "lowlevel.erbbands.mean": [0.008334547281265259, 0.521613597869873, 6.708922863006592, 17.150714874267578, 16.306198120117188, 19.143686294555664, 13.532844543457031, 22.737957000732422, 25.859088897705078, 11.245856285095215, 13.285937309265137, 6.534088134765625, 3.897024154663086, 3.9265646934509277, 6.587701797485352, 4.099687576293945, 1.780565857887268, 1.1232059001922607, 0.8363620638847351, 1.3301712274551392, 1.242055058479309, 1.581630825996399, 1.3340462446212769, 0.6228309273719788, 1.3969513177871704, 0.7542038559913635, 0.4493495225906372, 0.5522692203521729, 1.378455638885498, 6.822509765625, 9.31846809387207, 2.9829559326171875, 1.1160427331924438, 0.6343667507171631, 0.6185476183891296, 0.49692606925964355, 0.10877986252307892, 0.005803947802633047, 0.00014223145262803882, 3.8013695302652195e-05], "lowlevel.erbbands.stdev": [0.014438655227422714, 0.9373583197593689, 9.348956108093262, 25.370574951171875, 29.729257583618164, 43.7278938293457, 25.289724349975586, 49.2066764831543, 57.00072479248047, 27.972763061523438, 56.79786682128906, 19.57411766052246, 12.04858684539795, 13.567091941833496, 31.9984188079834, 23.603139877319336, 8.195060729980469, 3.891815423965454, 3.6088974475860596, 7.390787601470947, 4.248240947723389, 4.255780220031738, 3.7025365829467773, 1.5282388925552368, 3.29706072807312, 2.205596446990967, 1.5282257795333862, 1.8868876695632935, 5.11099100112915, 25.234867095947266, 33.20307540893555, 10.909893035888672, 4.063114643096924, 2.065305471420288, 1.908737301826477, 1.5601953268051147, 0.3497956693172455, 0.018130647018551826, 0.00040028279181569815, 4.421103585627861e-05], "lowlevel.gfcc.mean": [-135.75486755371094, 113.69967651367188, -36.415008544921875, 30.293607711791992, -63.102569580078125, 5.203808307647705, -58.1514778137207, 2.1484603881835938, -29.146881103515625, -13.60161018371582, -19.513059616088867, -2.9545443058013916, -29.408235549926758], "lowlevel.melbands.mean": [0.00020169015624560416, 0.002676296979188919, 0.0028462691698223352, 0.0012348206946626306, 0.0005501551204361022, 0.0004890219424851239, 0.0003753666824195534, 0.00011252528929617256, 9.89712352748029e-05, 3.653288513305597e-05, 1.8642233044374734e-05, 1.4922409718565177e-05, 2.161509110010229e-05, 1.418913780071307e-05, 5.8018140407511964e-06, 3.2836592254170682e-06, 1.900382017083757e-06, 1.2832432503273594e-06, 1.545219674881082e-06, 1.8725228301263996e-06, 1.2922370160595165e-06, 1.4765089417778654e-06, 1.8658216731637367e-06, 7.180518650784506e-07, 4.3126311766172876e-07, 8.473894581584318e-07, 1.0788855888677062e-06, 3.621873077008786e-07, 2.434036900922365e-07, 3.2137205607796204e-07, 2.9634978204740037e-07, 5.271837153486558e-07, 1.4191590480550076e-06, 5.11715370521415e-06, 5.9475873968040105e-06, 3.6482265386439394e-06, 1.1994554824923398e-06, 8.300011700157484e-07, 5.542134999814152e-07, 5.014048838347662e-07], "lowlevel.melbands.stdev": [0.00042707441025413573, 0.0035851511638611555, 0.0037971630226820707, 0.0025070433039218187, 0.001032484695315361, 0.0010072289733216166, 0.0008633097168058157, 0.0002812935272231698, 0.0004192469932604581, 0.00011760160850826651, 5.8908481150865555e-05, 5.180500011192635e-05, 0.00010292680963175371, 8.132925722748041e-05, 2.9210601496743038e-05, 1.5781430192873813e-05, 6.551760179718258e-06, 5.835768661199836e-06, 8.711610462341923e-06, 8.990632522909436e-06, 4.415327566675842e-06, 4.115413503313903e-06, 5.8323380471847486e-06, 1.775277269189246e-06, 1.163274873761111e-06, 2.2086351236794144e-06, 2.7864907679031603e-06, 1.1983269132542773e-06, 8.655803753754299e-07, 1.1323473927404848e-06, 1.0723925925049116e-06, 2.075656084343791e-06, 5.812653853354277e-06, 1.9133027308271267e-05, 2.123049125657417e-05, 1.3641414625453763e-05, 4.838122549699619e-06, 3.069018475798657e-06, 2.070274376819725e-06, 1.6364491557396832e-06], "lowlevel.melbands128.mean": [3.4381841942376923e-06, 5.0137996367993765e-06, 8.311366400448605e-05, 0.0009333121706731617, 0.0025889500975608826, 0.0043098777532577515, 0.0038715731352567673, 0.0022084226366132498, 0.001597886672243476, 0.001154934405349195, 0.001177225261926651, 0.0006171551067382097, 0.00044606573646888137, 0.00030610436806455255, 0.0005916279042139649, 0.0005282820202410221, 0.0004327850474510342, 0.00042513347580097616, 0.00020053568005096167, 8.573966624680907e-05, 7.61396877351217e-05, 0.00013403291814029217, 0.00012140077160438523, 3.8791069528087974e-05, 4.085526234121062e-05, 3.5673248930834234e-05, 2.3559707187814638e-05, 1.64432312885765e-05, 1.3460203263093717e-05, 1.7348445908282883e-05, 1.418326974089723e-05, 1.2457861885195598e-05, 2.7796902941190638e-05, 2.3427373889717273e-05, 1.4500322322419379e-05, 1.2965799214725848e-05, 1.1540760169737041e-05, 3.884437774104299e-06, 3.7528129723796155e-06, 4.125859959458467e-06, 2.8752167509082938e-06, 2.768049625956337e-06, 1.8538263475420536e-06, 1.5541681932518259e-06, 1.41883708693058e-06, 1.1887241271324456e-06, 1.172853444586508e-06, 1.2695452369371196e-06, 1.8472424017090816e-06, 2.112799620590522e-06, 1.7374114804624696e-06, 1.8491844002710423e-06, 1.509461412751989e-06, 8.748669984015578e-07, 1.1768905778808403e-06, 1.3450426195049658e-06, 1.942029939527856e-06, 2.1683238173864083e-06, 1.9927185803680914e-06, 1.0115925306308782e-06, 6.601708264497574e-07, 4.370241697415622e-07, 4.1051396237890003e-07, 4.0063031292447704e-07, 5.059001182416978e-07, 6.946696657905704e-07, 1.1329711924190633e-06, 1.4420393199543469e-06, 1.1051569117626059e-06, 5.77526066081191e-07, 3.2231341151600645e-07, 2.6902000627160305e-07, 2.251623527627089e-07, 2.210352931797388e-07, 2.8450591571527184e-07, 3.1882754569778626e-07, 3.613342869357439e-07, 2.9418802682812384e-07, 2.7996924245599075e-07, 2.9021006753282563e-07, 4.006420795121812e-07, 5.830127633998927e-07, 9.251224923900736e-07, 1.2299517493374879e-06, 1.9735477962967707e-06, 3.7149732179386774e-06, 6.560685960721457e-06, 7.271616595971864e-06, 5.579318894888274e-06, 5.463888101076009e-06, 5.111554401082685e-06, 3.0899907415005146e-06, 1.299571749768802e-06, 1.0749716921054642e-06, 1.195420622934762e-06, 9.145703074864286e-07, 7.923154043965042e-07, 6.258986218199425e-07, 4.998476015316555e-07, 5.313310680321592e-07, 6.376203600666486e-07, 5.541101586459263e-07, 2.4771838980086613e-07, 2.9595068440357863e-07, 6.812298920522153e-07, 1.1247710745010409e-06, 8.524297641088197e-07, 8.42867393657798e-07, 1.0473162319613039e-06, 8.971489364739682e-07, 5.726183189835865e-07, 4.211492807826289e-07, 2.8859847134299343e-07, 2.0117116150686343e-07, 1.244022627133745e-07, 1.4611052812085745e-08, 7.473937579938195e-10, 8.192085031166751e-12, 3.6311875815236982e-12, 3.5062998511581345e-12, 3.396116070655819e-12, 3.333524645557362e-12, 3.298693783404527e-12, 3.2106097294648528e-12, 3.00524167183569e-12, 2.6716337475640728e-12, 2.4911669949112536e-12, 2.454343586005825e-12], "lowlevel.melbands128.stdev": [9.7670754257706e-06, 1.1666563295875676e-05, 0.00020155696256551892, 0.0019869054667651653, 0.00415885029360652, 0.006484466139227152, 0.006295268423855305, 0.0031395091209560633, 0.003728771349415183, 0.0028472135309129953, 0.003037309506908059, 0.0014466560678556561, 0.0009431097423657775, 0.0007521582883782685, 0.0015780493849888444, 0.0011496396036818624, 0.0009084018529392779, 0.0014027842553332448, 0.0007855196599848568, 0.0002696285373531282, 0.00022269428882282227, 0.0006637544720433652, 0.000630684313364327, 0.00013972412853036076, 0.0001451960561098531, 0.00017396123439539224, 9.622419747756794e-05, 6.322060653474182e-05, 5.141999645275064e-05, 7.498428749386221e-05, 6.246551492949948e-05, 5.054782741353847e-05, 0.0001618508977117017, 0.0001434648729627952, 0.00011187655036337674, 8.585731848143041e-05, 8.689066453371197e-05, 2.0315746951382607e-05, 1.4943308087822516e-05, 3.3748761779861525e-05, 1.3646535990119446e-05, 1.2289885489735752e-05, 8.048314157349523e-06, 6.388283054548083e-06, 5.9607809816952795e-06, 7.731375262665097e-06, 7.565010037069442e-06, 7.397762146865716e-06, 1.2020931535516866e-05, 1.6881209376151673e-05, 9.325523024017457e-06, 8.464409802400041e-06, 5.517658792086877e-06, 2.520616135370801e-06, 6.139820470707491e-06, 3.857910542137688e-06, 5.805100499856053e-06, 7.71292980061844e-06, 7.208148872450693e-06, 2.8323900096438592e-06, 1.7382812984578777e-06, 1.23095958315389e-06, 1.1105190651505836e-06, 1.1609678267632262e-06, 1.7669872249825858e-06, 2.34697608902934e-06, 3.1177671644400107e-06, 3.4808845157385804e-06, 3.581448936529341e-06, 2.1355365333874943e-06, 1.2482294096116675e-06, 9.986098348235828e-07, 8.263375548267504e-07, 9.001732905744575e-07, 1.1877408496729913e-06, 1.261471766156319e-06, 1.3837205870004254e-06, 1.1244984534641844e-06, 1.112263475988584e-06, 1.4028192936166306e-06, 1.8177074707637075e-06, 2.619244469315163e-06, 3.8704852158844005e-06, 6.0025686252629384e-06, 9.068990038940683e-06, 1.4590748833143152e-05, 2.6819701815838926e-05, 2.7388756279833615e-05, 2.072421193588525e-05, 2.2043317585485056e-05, 2.0512545233941637e-05, 1.233847433468327e-05, 5.784500899608247e-06, 5.250252343103057e-06, 5.0098460633307695e-06, 3.391697873666999e-06, 3.149731128360145e-06, 2.898737420764519e-06, 2.167274487874238e-06, 2.328952632524306e-06, 2.4087914880510652e-06, 1.7901450064528035e-06, 8.166225597960874e-07, 8.264923962997273e-07, 2.303445171492058e-06, 4.126968178752577e-06, 3.2679536161595024e-06, 2.7854591735376744e-06, 3.23188396578189e-06, 3.248271013944759e-06, 2.2446429284173064e-06, 1.574312364027719e-06, 9.076632636606519e-07, 6.598630193366262e-07, 4.4807242716160545e-07, 5.546825576629999e-08, 6.211960279500772e-09, 1.347315037314445e-10, 6.495369780229465e-12, 6.309751332533864e-12, 6.141171772500176e-12, 6.00062664488088e-12, 5.871489058839607e-12, 5.7698381662751874e-12, 5.68515330298669e-12, 5.608905701004474e-12, 5.5601786196068925e-12, 5.529118395769528e-12], "lowlevel.mfcc.mean": [-809.8759765625, 155.76495361328125, 67.78929901123047, 28.14910125732422, 20.977170944213867, -3.3488292694091797, -13.199649810791016, 10.333731651306152, -23.805831909179688, 0.8009715676307678, -7.734848976135254, -10.086335182189941, 1.4562190771102905], "lowlevel.spectral_contrast_coeffs.mean": [-0.6227242350578308, -0.7191051244735718, -0.8110923171043396, -0.8335675597190857, -0.8005569577217102, -0.7771042585372925], "lowlevel.spectral_contrast_coeffs.stdev": [0.08601667732000351, 0.0850529745221138, 0.061325520277023315, 0.053669579327106476, 0.06215739995241165, 0.0682082548737526], "lowlevel.spectral_contrast_valleys.mean": [-7.189520835876465, -7.755245208740234, -9.12292194366455, -9.678201675415039, -9.91295051574707, -11.991912841796875], "lowlevel.spectral_contrast_valleys.stdev": [1.0995267629623413, 1.134668231010437, 1.2286885976791382, 1.0769095420837402, 1.3040269613265991, 1.539892554283142], "rhythm.beats_loudness_band_ratio.mean": [0.6248717904090881, 0.20610278844833374, 0.05297089368104935, 0.010275696404278278, 0.004350451286882162, 0.16738374531269073], "rhythm.beats_loudness_band_ratio.stdev": [0.2894749939441681, 0.18421362340450287, 0.07517112046480179, 0.023473402485251427, 0.005893447436392307, 0.31117719411849976], "tonal.hpcp.mean": [0.09314409643411636, 0.07198943942785263, 0.07385606318712234, 0.16220103204250336, 0.15031976997852325, 0.06618469953536987, 0.04658220335841179, 0.05690617114305496, 0.10182163864374161, 0.1218390017747879, 0.07129859179258347, 0.03169139102101326, 0.03527915105223656, 0.04676266387104988, 0.11039754748344421, 0.21424496173858643, 0.1639908254146576, 0.042011260986328125, 0.009607924148440361, 0.003935324028134346, 0.01039991993457079, 0.014422018080949783, 0.019324645400047302, 0.20658861100673676, 0.39550915360450745, 0.2187063843011856, 0.06409469991922379, 0.1080690398812294, 0.08697719126939774, 0.14560246467590332, 0.22400206327438354, 0.12219376116991043, 0.038102779537439346, 0.03943107649683952, 0.0383242703974247, 0.06025301665067673], "tonal.hpcp.stdev": [0.21116608381271362, 0.17981335520744324, 0.18208548426628113, 0.29954731464385986, 0.2778239846229553, 0.19669541716575623, 0.16617345809936523, 0.18630708754062653, 0.2361767739057541, 0.25757184624671936, 0.18505746126174927, 0.13514409959316254, 0.14639391005039215, 0.1791696846485138, 0.21897739171981812, 0.33179593086242676, 0.27525442838668823, 0.13692542910575867, 0.05216892808675766, 0.024083588272333145, 0.050078824162483215, 0.05591612681746483, 0.06061948835849762, 0.25050947070121765, 0.4069563150405884, 0.2479320913553238, 0.16809938848018646, 0.28440070152282715, 0.2184028923511505, 0.2330111414194107, 0.3566364049911499, 0.20938803255558014, 0.13829758763313293, 0.13568030297756195, 0.13632480800151825, 0.16319869458675385], "rhythm.beats_position": [0.4992290139198303, 1.0100680589675903, 1.5092970132827759, 2.0201361179351807, 2.530975103378296, 3.041814088821411, 3.5526530742645264, 4.075101852416992, 4.585940837860107, 5.096779823303223, 5.619228839874268, 6.153287887573242, 6.687346935272217, 7.233015537261963, 7.7670745849609375, 8.30113410949707, 8.846802711486816, 9.380861282348633, 9.903310775756836, 10.448979377746582, 10.994647979736328, 11.55192756652832, 12.178866386413574, 12.794195175170898, 13.421133995056152, 14.024852752685547, 14.640181541442871, 15.267120361328125, 15.905668258666992, 16.613876342773438, 17.322086334228516, 17.995464324951172, 18.668842315673828, 19.342222213745117, 20.027210235595703, 20.71219825744629, 21.432018280029297, 22.151836395263672, 22.825214385986328, 23.498594284057617, 24.148752212524414, 24.798912048339844, 25.49551010131836, 26.192108154296875, 26.91192626953125, 27.643356323242188, 28.374784469604492, 29.141042709350586, 29.89569091796875, 30.650339126586914, 31.404987335205078, 32.159637451171875], "rhythm.bpm_histogram": [0.0, 0.0, 0.0, 0.0, 0.0, 0.0, 0.0, 0.0, 0.0, 0.0, 0.0, 0.0, 0.0, 0.0, 0.0, 0.0, 0.0, 0.0, 0.0, 0.0, 0.0, 0.0, 0.0, 0.0, 0.0, 0.0, 0.0, 0.0, 0.0, 0.0, 0.0, 0.0, 0.0, 0.0, 0.0, 0.0, 0.0, 0.0, 0.0, 0.0, 0.0, 0.0, 0.0, 0.0, 0.0, 0.0, 0.0, 0.0, 0.0, 0.0, 0.0, 0.0, 0.0, 0.0, 0.0, 0.0, 0.0, 0.0, 0.0, 0.0, 0.0, 0.0, 0.0, 0.0, 0.0, 0.0, 0.0, 0.0, 0.0, 0.0, 0.0, 0.0, 0.0, 0.0, 0.0, 0.0, 0.0, 0.0, 0.019607843831181526, 0.0, 0.0784313753247261, 0.0, 0.03921568766236305, 0.05882352963089943, 0.0, 0.03921568766236305, 0.03921568766236305, 0.0, 0.03921568766236305, 0.09803921729326248, 0.0, 0.0, 0.03921568766236305, 0.0, 0.019607843831181526, 0.0, 0.05882352963089943, 0.0, 0.03921568766236305, 0.019607843831181526, 0.0, 0.0, 0.0, 0.0, 0.0, 0.0, 0.0, 0.0, 0.019607843831181526, 0.0, 0.0784313753247261, 0.0, 0.09803921729326248, 0.0, 0.0, 0.05882352963089943, 0.0, 0.13725490868091583, 0.0, 0.0, 0.019607843831181526, 0.0, 0.0, 0.0, 0.0, 0.0, 0.0, 0.0, 0.0, 0.0, 0.0, 0.0, 0.0, 0.0, 0.0, 0.0, 0.0, 0.0, 0.0, 0.0, 0.0, 0.0, 0.0, 0.0, 0.0, 0.0, 0.0, 0.0, 0.0, 0.0, 0.0, 0.0, 0.0, 0.0, 0.0, 0.0, 0.0, 0.0, 0.0, 0.0, 0.0, 0.0, 0.0, 0.0, 0.0, 0.0, 0.0, 0.0, 0.0, 0.0, 0.0, 0.0, 0.0, 0.0, 0.0, 0.0, 0.0, 0.0, 0.0, 0.0, 0.0, 0.0, 0.0, 0.0, 0.0, 0.0, 0.0, 0.0, 0.0, 0.0, 0.0, 0.0, 0.0, 0.0, 0.0, 0.0, 0.0, 0.0, 0.0, 0.0, 0.0, 0.0, 0.0, 0.0, 0.0, 0.0, 0.0, 0.0, 0.0, 0.0, 0.0, 0.0, 0.0, 0.0, 0.0, 0.0, 0.0, 0.0, 0.0, 0.0, 0.0, 0.0, 0.0, 0.0, 0.0, 0.0, 0.0, 0.0, 0.0, 0.0, 0.0, 0.0, 0.0, 0.0, 0.0, 0.0, 0.0, 0.0, 0.0, 0.0, 0.0, 0.0, 0.0, 0.0, 0.0, 0.0, 0.0, 0.0, 0.0, 0.0], "tonal.chords_histogram": [25.644699096679688, 13.89684772491455, 23.925500869750977, 0.0, 12.320917129516602, 0.0, 0.0, 1.0028653144836426, 2.8653295040130615, 2.8653295040130615, 0.0, 0.0, 0.0, 0.0, 0.0, 0.0, 1.2893983125686646, 2.005730628967285, 0.2865329384803772, 7.736389636993408, 0.0, 0.0, 0.0, 6.160458564758301], "tonal.thpcp": [1.0, 0.552974283695221, 0.16205617785453796, 0.2732402980327606, 0.21991194784641266, 0.3681392967700958, 0.5663638114929199, 0.30895304679870605, 0.09633855521678925, 0.09969700127840042, 0.09689857065677643, 0.15234291553497314, 0.23550426959991455, 0.18201713263988495, 0.18673667311668396, 0.410106897354126, 0.38006648421287537, 0.1673405021429062, 0.11777781695127487, 0.14388079941272736, 0.25744444131851196, 0.3080560863018036, 0.18027038872241974, 0.08012808114290237, 0.08919932693243027, 0.11823409050703049, 0.27912765741348267, 0.5416940450668335, 0.4146322011947632, 0.10622070729732513, 0.02429254539310932, 0.009950020350515842, 0.026295017451047897, 0.03646443411707878, 0.04886017367243767, 0.5223358273506165], "lowlevel.gfcc.cov": [[14217.6474609375, -3930.739501953125, -344.56817626953125, 293.5567932128906, -847.106689453125, 468.0589599609375, -622.096435546875, 853.4696655273438, -472.29083251953125, 574.9481201171875, -438.499267578125, 766.9462280273438, -732.619873046875], [-3930.739501953125, 4330.103515625, 290.1317443847656, -1273.0765380859375, 402.9734191894531, -393.30438232421875, 599.960205078125, -186.52037048339844, 425.97027587890625, -369.17083740234375, 420.9070129394531, -190.79469299316406, 443.91790771484375], [-344.56817626953125, 290.1317443847656, 526.3458862304688, 11.983402252197266, -16.198043823242188, -11.1055908203125, 113.16867065429688, -2.9550745487213135, 42.146366119384766, -15.940013885498047, 20.451513290405273, 30.01030921936035, 90.63518524169922], [293.5567932128906, -1273.0765380859375, 11.983402252197266, 940.4725341796875, 72.42375183105469, -5.315231800079346, -269.3624572753906, -28.20711898803711, -0.447650283575058, 66.50687408447266, -143.77853393554688, -20.835994720458984, -34.139259338378906], [-847.106689453125, 402.9734191894531, -16.198043823242188, 72.42375183105469, 375.7052307128906, 20.61723518371582, 12.17635440826416, -28.151500701904297, 79.75032043457031, -32.49298858642578, 7.2671990394592285, -109.32207489013672, 72.95046997070312], [468.0589599609375, -393.30438232421875, -11.1055908203125, -5.315231800079346, 20.61723518371582, 277.0113220214844, 85.11500549316406, 48.32716751098633, -110.33213806152344, 32.952293395996094, -40.052162170410156, -6.68170166015625, -87.50801849365234], [-622.096435546875, 599.960205078125, 113.16867065429688, -269.3624572753906, 12.17635440826416, 85.11500549316406, 358.06396484375, 9.119914054870605, -15.201717376708984, -42.36930465698242, 71.41382598876953, -34.58095932006836, 42.47550964355469], [853.4696655273438, -186.52037048339844, -2.9550745487213135, -28.20711898803711, -28.151500701904297, 48.32716751098633, 9.119914054870605, 207.90609741210938, -29.594192504882812, 19.178552627563477, -35.50171661376953, 46.51478576660156, -46.95697021484375], [-472.29083251953125, 425.97027587890625, 42.146366119384766, -0.447650283575058, 79.75032043457031, -110.33213806152344, -15.201717376708984, -29.594192504882812, 193.45492553710938, -39.69390869140625, 6.329582691192627, -37.20512008666992, 85.29840850830078], [574.9481201171875, -369.17083740234375, -15.940013885498047, 66.50687408447266, -32.49298858642578, 32.952293395996094, -42.36930465698242, 19.178552627563477, -39.69390869140625, 151.1756591796875, -5.55358362197876, 16.719682693481445, -35.79152297973633], [-438.499267578125, 420.9070129394531, 20.451513290405273, -143.77853393554688, 7.2671990394592285, -40.052162170410156, 71.41382598876953, -35.50171661376953, 6.329582691192627, -5.55358362197876, 133.1078643798828, -1.672777771949768, 28.60062599182129], [766.9462280273438, -190.79469299316406, 30.01030921936035, -20.835994720458984, -109.32207489013672, -6.68170166015625, -34.58095932006836, 46.51478576660156, -37.20512008666992, 16.719682693481445, -1.672777771949768, 163.9304656982422, -27.558557510375977], [-732.619873046875, 443.91790771484375, 90.63518524169922, -34.139259338378906, 72.95046997070312, -87.50801849365234, 42.47550964355469, -46.95697021484375, 85.29840850830078, -35.79152297973633, 28.60062599182129, -27.558557510375977, 156.4087677001953]], "lowlevel.gfcc.icov": [[0.00019134031026624143, -5.3320931328926235e-05, 5.092701758258045e-05, -6.6211937337357085e-06, 0.00018802213890012354, -0.00021113365073688328, 0.00022382773749995977, -0.00045933868386782706, -6.159942859085277e-05, -0.0004953534225933254, 0.00036421333788894117, -0.0005714412545785308, 0.0003650659346021712], [-5.3320931328926235e-05, 0.002345893532037735, -0.0005717649473808706, 0.0022924209479242563, -0.00205452018417418, 0.0022423008922487497, -0.0016317270928993821, 0.0005294923903420568, -0.0018984285416081548, 0.002485919976606965, -0.0028044458013027906, 0.0007185462745837867, -0.0010176952928304672], [5.092701758258045e-05, -0.0005717649473808706, 0.0026095935609191656, -0.0009726817370392382, 0.0009319455130025744, -0.0009328029118478298, -0.00046906620264053345, -0.0003331992484163493, -1.5869096387177706e-05, -0.0007327586063183844, 0.0005795349134132266, -0.0010580660309642553, -0.0012438135454431176], [-6.6211937337357085e-06, 0.0022924209479242563, -0.0009726817370392382, 0.003933032043278217, -0.002428413601592183, 0.0022745346650481224, -0.0005073510692454875, 0.0008214863482862711, -0.0015910587972030044, 0.0018119587330147624, -0.001260037417523563, 0.0008396097691729665, -0.0006649579736404121], [0.00018802213890012354, -0.00205452018417418, 0.0009319455130025744, -0.002428413601592183, 0.006103308871388435, -0.0038638687692582607, 0.0020897698123008013, -0.001289006439037621, 0.00021097357966937125, -0.0018962713656947017, 0.0015195934101939201, 0.001064472016878426, -0.0009604768129065633], [-0.00021113365073688328, 0.0022423008922487497, -0.0009328029118478298, 0.0022745346650481224, -0.0038638687692582607, 0.009565595537424088, -0.004147837869822979, 0.0008258881280198693, 0.0012410975759848952, 0.0016937667969614267, -8.707579399924725e-05, 0.0012317091459408402, 0.0021559596061706543], [0.00022382773749995977, -0.0016317270928993821, -0.00046906620264053345, -0.0005073510692454875, 0.0020897698123008013, -0.004147837869822979, 0.006665976718068123, -0.0014245742931962013, 0.0014858567155897617, -0.0010786571074277163, 0.00014255481073632836, 0.0004413840943016112, -0.0006980912294238806], [-0.00045933868386782706, 0.0005294923903420568, -0.0003331992484163493, 0.0008214863482862711, -0.001289006439037621, 0.0008258881280198693, -0.0014245742931962013, 0.00713996309787035, -0.00035277355345897377, 0.0009773648343980312, 0.0006737930234521627, -0.00030190334655344486, 0.0005513768992386758], [-6.159942859085277e-05, -0.0018984285416081548, -1.5869096387177706e-05, -0.0015910587972030044, 0.00021097357966937125, 0.0012410975759848952, 0.0014858567155897617, -0.00035277355345897377, 0.01037113182246685, -0.0010650033364072442, 0.003356650937348604, 0.000722243741620332, -0.0015381592093035579], [-0.0004953534225933254, 0.002485919976606965, -0.0007327586063183844, 0.0018119587330147624, -0.0018962713656947017, 0.0016937667969614267, -0.0010786571074277163, 0.0009773648343980312, -0.0010650033364072442, 0.011399992741644382, -0.005063822492957115, 0.0021423192229121923, -0.001644287258386612], [0.00036421333788894117, -0.0028044458013027906, 0.0005795349134132266, -0.001260037417523563, 0.0015195934101939201, -8.707579399924725e-05, 0.00014255481073632836, 0.0006737930234521627, 0.003356650937348604, -0.005063822492957115, 0.015242095105350018, -0.002576762344688177, 0.0022302826400846243], [-0.0005714412545785308, 0.0007185462745837867, -0.0010580660309642553, 0.0008396097691729665, 0.001064472016878426, 0.0012317091459408402, 0.0004413840943016112, -0.00030190334655344486, 0.000722243741620332, 0.0021423192229121923, -0.002576762344688177, 0.01051319669932127, -0.001517566735856235], [0.0003650659346021712, -0.0010176952928304672, -0.0012438135454431176, -0.0006649579736404121, -0.0009604768129065633, 0.0021559596061706543, -0.0006980912294238806, 0.0005513768992386758, -0.0015381592093035579, -0.001644287258386612, 0.0022302826400846243, -0.001517566735856235, 0.013364181853830814]], "lowlevel.mfcc.cov": [[13552.16796875, -3476.95947265625, -314.1925964355469, -274.1239318847656, -146.60914611816406, -430.5672607421875, -344.1142272949219, 334.6069641113281, -455.9220275878906, 204.5165252685547, -49.45772171020508, -36.22098159790039, 405.92950439453125], [-3476.95947265625, 4653.89794921875, -33.35227966308594, -698.3287963867188, -283.5575866699219, -214.8555145263672, 178.47894287109375, 209.25674438476562, 141.46319580078125, -63.92070388793945, 8.910260200500488, 138.81488037109375, 223.5268096923828], [-314.1925964355469, -33.35227966308594, 551.5501098632812, 125.73214721679688, -96.4821548461914, 14.554736137390137, 28.655323028564453, 10.209696769714355, 56.87743377685547, -14.544913291931152, -31.995664596557617, 27.201107025146484, -6.595099449157715], [-274.1239318847656, -698.3287963867188, 125.73214721679688, 593.7152099609375, 228.63528442382812, 71.41744232177734, -141.907470703125, -103.66554260253906, 87.0324935913086, -38.255367279052734, 24.431114196777344, -46.81941223144531, -58.49271011352539], [-146.60914611816406, -283.5575866699219, -96.4821548461914, 228.63528442382812, 464.67327880859375, 8.870168685913086, -82.3125991821289, -65.03331756591797, 70.7688217163086, 43.5361213684082, -0.8564716577529907, -38.526065826416016, -44.95693588256836], [-430.5672607421875, -214.8555145263672, 14.554736137390137, 71.41744232177734, 8.870168685913086, 279.5001525878906, 78.69065856933594, -47.311912536621094, 27.50960922241211, 0.35172533988952637, 18.232505798339844, 14.580931663513184, -74.27458953857422], [-344.1142272949219, 178.47894287109375, 28.655323028564453, -141.907470703125, -82.3125991821289, 78.69065856933594, 362.35205078125, 52.69232940673828, 21.212257385253906, 60.610939025878906, 12.079310417175293, 89.0163345336914, -43.88823699951172], [334.6069641113281, 209.25674438476562, 10.209696769714355, -103.66554260253906, -65.03331756591797, -47.311912536621094, 52.69232940673828, 242.6497039794922, -22.98546600341797, 21.634700775146484, -36.76095962524414, 17.08209228515625, 83.63900756835938], [-455.9220275878906, 141.46319580078125, 56.87743377685547, 87.0324935913086, 70.7688217163086, 27.50960922241211, 21.212257385253906, -22.98546600341797, 242.33447265625, 8.526775360107422, 3.0000340938568115, 3.713531970977783, -28.300016403198242], [204.5165252685547, -63.92070388793945, -14.544913291931152, -38.255367279052734, 43.5361213684082, 0.35172533988952637, 60.610939025878906, 21.634700775146484, 8.526775360107422, 185.8675079345703, -17.422914505004883, 28.85737419128418, -39.82406234741211], [-49.45772171020508, 8.910260200500488, -31.995664596557617, 24.431114196777344, -0.8564716577529907, 18.232505798339844, 12.079310417175293, -36.76095962524414, 3.0000340938568115, -17.422914505004883, 127.17049407958984, -16.5277099609375, -3.985473155975342], [-36.22098159790039, 138.81488037109375, 27.201107025146484, -46.81941223144531, -38.526065826416016, 14.580931663513184, 89.0163345336914, 17.08209228515625, 3.713531970977783, 28.85737419128418, -16.5277099609375, 143.8505401611328, -3.1051852703094482], [405.92950439453125, 223.5268096923828, -6.595099449157715, -58.49271011352539, -44.95693588256836, -74.27458953857422, -43.88823699951172, 83.63900756835938, -28.300016403198242, -39.82406234741211, -3.985473155975342, -3.1051852703094482, 159.0479736328125]], "lowlevel.mfcc.icov": [[0.0001474475720897317, 0.00016662162670399994, 4.270115459803492e-05, 0.00017008525901474059, 4.0931310650194064e-05, 0.00015468861965928227, 0.0001262627192772925, -0.000104608028777875, 1.9151295418851078e-05, -0.0001852340210461989, -9.633570880396292e-05, -0.00013028593093622476, -0.0004204411234240979], [0.00016662162670399994, 0.0004995816270820796, 1.5022023035271559e-05, 0.0005759135237894952, 2.3971717382664792e-05, 0.0003014945250470191, 0.0001395167491864413, -0.00017376999312546104, -0.0003323577984701842, -2.6820389393833466e-05, -0.0002507425379008055, -0.00037569989217445254, -0.000716968032065779], [4.270115459803492e-05, 1.5022023035271559e-05, 0.0023164208978414536, -0.0009176118765026331, 0.000935879594180733, 0.00019856012659147382, -0.0002760906354524195, -7.491144788218662e-05, -0.00043991804705001414, -7.64257347327657e-05, 0.0007237241370603442, -0.00022322240693029016, -0.0001346729404758662], [0.00017008525901474059, 0.0005759135237894952, -0.0009176118765026331, 0.00362032069824636, -0.001335464883595705, -0.0003598593466449529, 0.0012114251730963588, -1.3256530110083986e-05, -0.0008010034798644483, 0.0005815253825858235, -0.0009410433121956885, -0.0004384156782180071, -0.00018344412092119455], [4.0931310650194064e-05, 2.3971717382664792e-05, 0.000935879594180733, -0.001335464883595705, 0.0033369569573551416, 0.0002795242180582136, 0.00020033764303661883, 0.00029647117480635643, -0.0006441017612814903, -0.0011026113061234355, 0.00046836616820655763, 0.00037361172144301236, 1.0995252523571253e-05], [0.00015468861965928227, 0.0003014945250470191, 0.00019856012659147382, -0.0003598593466449529, 0.0002795242180582136, 0.0047579482197761536, -0.0009807494934648275, 0.00013513430894818157, -0.00020585091260727495, 0.000355235009919852, -0.000343100109603256, -0.00030582977342419326, 0.00105436856392771], [0.0001262627192772925, 0.0001395167491864413, -0.0002760906354524195, 0.0012114251730963588, 0.00020033764303661883, -0.0009807494934648275, 0.004626618232578039, -0.0013126858975738287, -0.0004828613600693643, -0.000785440148320049, -0.001281965640373528, -0.0021633964497596025, 0.001124412054196], [-0.000104608028777875, -0.00017376999312546104, -7.491144788218662e-05, -1.3256530110083986e-05, 0.00029647117480635643, 0.00013513430894818157, -0.0013126858975738287, 0.006191031541675329, 0.00016557052731513977, -0.0009247605921700597, 0.0017023395048454404, 0.0006036065751686692, -0.0031154409516602755], [1.9151295418851078e-05, -0.0003323577984701842, -0.00043991804705001414, -0.0008010034798644483, -0.0006441017612814903, -0.00020585091260727495, -0.0004828613600693643, 0.00016557052731513977, 0.005074170418083668, -0.00020199942809995264, 8.669451926834881e-05, 0.00020506439614109695, 0.0004653511568903923], [-0.0001852340210461989, -2.6820389393833466e-05, -7.64257347327657e-05, 0.0005815253825858235, -0.0011026113061234355, 0.000355235009919852, -0.000785440148320049, -0.0009247605921700597, -0.00020199942809995264, 0.007047243416309357, 0.0004882110806647688, -0.0008494492503814399, 0.002569216536357999], [-9.633570880396292e-05, -0.0002507425379008055, 0.0007237241370603442, -0.0009410433121956885, 0.00046836616820655763, -0.000343100109603256, -0.001281965640373528, 0.0017023395048454404, 8.669451926834881e-05, 0.0004882110806647688, 0.009108329191803932, 0.0014593011001124978, -0.0006002092268317938], [-0.00013028593093622476, -0.00037569989217445254, -0.00022322240693029016, -0.0004384156782180071, 0.00037361172144301236, -0.00030582977342419326, -0.0021633964497596025, 0.0006036065751686692, 0.00020506439614109695, -0.0008494492503814399, 0.0014593011001124978, 0.00890690740197897, -0.00022731276112608612], [-0.0004204411234240979, -0.000716968032065779, -0.0001346729404758662, -0.00018344412092119455, 1.0995252523571253e-05, 0.00105436856392771, 0.001124412054196, -0.0031154409516602755, 0.0004653511568903923, 0.002569216536357999, -0.0006002092268317938, -0.00022731276112608612, 0.011445784009993076]], "metadata.audio_properties.analysis.downmix": "mix", "metadata.audio_properties.codec": "mp3", "metadata.audio_properties.md5_encoded": "b796d4c24dc0f0b589bd43d4af6687c3", "metadata.tags.file_name": "1182285263133745172.mp3", "metadata.version.essentia": "2.1-beta6-dev", "metadata.version.essentia_git_sha": "v2.1_beta5-1110-g77a6a954", "metadata.version.extractor": "music 2.0", "t