{"song_id": "1182276985989378058", "download": "https://cdn.discordapp.com/attachments/1135903449314238464/1182276985989378058/chirp.mp4?ex=65841c3f&amp", "lyrics": "[Brefrain]\nMaelys et son fr\u00e8re, ils sont toujours en d\u00e9saccord\nSe chamaillant et se battant comme deux pois dans une cosse\nMais au fond d'eux, ils savent qu'ils devraient passer plus de temps\n\u00c0 jouer ensemble, \u00e0 cr\u00e9er des souvenirs sublimes\n\n[Refrain]\nR\u00e9glons les disputes, faisons la paix et amusons-nous\nMaelys et son fr\u00e8re, meilleurs en tant qu'\u00e9quipe, pas juste un\nJouez ensemble, riez et chantez, renforcez votre lien\nEt n'oubliez pas de r\u00e9ussir \u00e0 l'\u00e9cole, faites un effort un peu plus longtemps", "style": ["rock"], "essentia_features": {"lowlevel.average_loudness": 0.9729580283164978, "lowlevel.barkbands_crest.mean": 13.193572044372559, "lowlevel.barkbands_crest.stdev": 4.258086204528809, "lowlevel.barkbands_flatness_db.mean": 0.16314439475536346, "lowlevel.barkbands_flatness_db.stdev": 0.05475575104355812, "lowlevel.barkbands_kurtosis.mean": 5.3700456619262695, "lowlevel.barkbands_kurtosis.stdev": 6.823332786560059, "lowlevel.barkbands_skewness.mean": 1.9891682863235474, "lowlevel.barkbands_skewness.stdev": 1.345033884048462, "lowlevel.barkbands_spread.mean": 25.280107498168945, "lowlevel.barkbands_spread.stdev": 16.620254516601562, "lowlevel.dissonance.mean": 0.47273871302604675, "lowlevel.dissonance.stdev": 0.02317996695637703, "lowlevel.dynamic_complexity": 1.7372323274612427, "lowlevel.erbbands_crest.mean": 9.831635475158691, "lowlevel.erbbands_crest.stdev": 4.940598964691162, "lowlevel.erbbands_flatness_db.mean": 0.15091007947921753, "lowlevel.erbbands_flatness_db.stdev": 0.047264233231544495, "lowlevel.erbbands_kurtosis.mean": 0.8573198318481445, "lowlevel.erbbands_kurtosis.stdev": 2.560795545578003, "lowlevel.erbbands_skewness.mean": -0.2270689755678177, "lowlevel.erbbands_skewness.stdev": 0.5615315437316895, "lowlevel.erbbands_spread.mean": 45.521915435791016, "lowlevel.erbbands_spread.stdev": 20.959848403930664, "lowlevel.hfc.mean": 35.9741325378418, "lowlevel.hfc.stdev": 29.40650177001953, "lowlevel.loudness_ebu128.integrated": -15.004775047302246, "lowlevel.loudness_ebu128.loudness_range": 1.9636306762695312, "lowlevel.loudness_ebu128.momentary.mean": -15.275588989257812, "lowlevel.loudness_ebu128.momentary.stdev": 1.8248283863067627, "lowlevel.loudness_ebu128.short_term.mean": -15.058547973632812, "lowlevel.loudness_ebu128.short_term.stdev": 0.7605111002922058, "lowlevel.melbands_crest.mean": 22.337158203125, "lowlevel.melbands_crest.stdev": 5.5789642333984375, "lowlevel.melbands_flatness_db.mean": 0.2307676523923874, "lowlevel.melbands_flatness_db.stdev": 0.06562133878469467, "lowlevel.melbands_kurtosis.mean": 21.946210861206055, "lowlevel.melbands_kurtosis.stdev": 20.544706344604492, "lowlevel.melbands_skewness.mean": 3.8483994007110596, "lowlevel.melbands_skewness.stdev": 1.978767991065979, "lowlevel.melbands_spread.mean": 22.360511779785156, "lowlevel.melbands_spread.stdev": 24.128101348876953, "lowlevel.pitch_salience.mean": 0.3480222225189209, "lowlevel.pitch_salience.stdev": 0.12282925099134445, "lowlevel.silence_rate_20dB.mean": 1.0, "lowlevel.silence_rate_20dB.stdev": 0.0, "lowlevel.silence_rate_30dB.mean": 0.9959443807601929, "lowlevel.silence_rate_30dB.stdev": 0.0635538399219513, "lowlevel.silence_rate_60dB.mean": 0.020857473835349083, "lowlevel.silence_rate_60dB.stdev": 0.1429065465927124, "lowlevel.spectral_centroid.mean": 1330.18310546875, "lowlevel.spectral_centroid.stdev": 706.8140869140625, "lowlevel.spectral_complexity.mean": 20.245655059814453, "lowlevel.spectral_complexity.stdev": 9.209101676940918, "lowlevel.spectral_decrease.mean": -1.3498528517175146e-08, "lowlevel.spectral_decrease.stdev": 5.4582951491966014e-09, "lowlevel.spectral_energy.mean": 0.054209575057029724, "lowlevel.spectral_energy.stdev": 0.02121969312429428, "lowlevel.spectral_energyband_high.mean": 0.0021069832146167755, "lowlevel.spectral_energyband_high.stdev": 0.0029583449941128492, "lowlevel.spectral_energyband_low.mean": 0.039087116718292236, "lowlevel.spectral_energyband_low.stdev": 0.019296322017908096, "lowlevel.spectral_energyband_middle_high.mean": 0.008871868252754211, "lowlevel.spectral_energyband_middle_high.stdev": 0.007218538783490658, "lowlevel.spectral_energyband_middle_low.mean": 0.0076597146689891815, "lowlevel.spectral_energyband_middle_low.stdev": 0.006185479927808046, "lowlevel.spectral_entropy.mean": 7.698230266571045, "lowlevel.spectral_entropy.stdev": 0.4134998619556427, "lowlevel.spectral_flux.mean": 0.07833027094602585, "lowlevel.spectral_flux.stdev": 0.03756512701511383, "lowlevel.spectral_kurtosis.mean": 2.843052625656128, "lowlevel.spectral_kurtosis.stdev": 2.108048439025879, "lowlevel.spectral_rms.mean": 0.007058640476316214, "lowlevel.spectral_rms.stdev": 0.0017501504626125097, "lowlevel.spectral_rolloff.mean": 1392.4603271484375, "lowlevel.spectral_rolloff.stdev": 1870.574462890625, "lowlevel.spectral_skewness.mean": 1.3340896368026733, "lowlevel.spectral_skewness.stdev": 0.3837047517299652, "lowlevel.spectral_spread.mean": 5496013.5, "lowlevel.spectral_spread.stdev": 1879586.625, "lowlevel.spectral_strongpeak.mean": 0.9589948654174805, "lowlevel.spectral_strongpeak.stdev": 0.9622442722320557, "lowlevel.zerocrossingrate.mean": 0.0591544546186924, "lowlevel.zerocrossingrate.stdev": 0.05132748931646347, "metadata.audio_properties.analysis.equal_loudness": 0.0, "metadata.audio_properties.analysis.length": 40.04265213012695, "metadata.audio_properties.analysis.sample_rate": 44100.0, "metadata.audio_properties.analysis.start_time": 0.0, "metadata.audio_properties.bit_rate": 123032.0, "metadata.audio_properties.length": 40.042667388916016, "metadata.audio_properties.lossless": 0.0, "metadata.audio_properties.number_channels": 1.0, "metadata.audio_properties.replay_gain": -9.449235916137695, "metadata.audio_properties.sample_rate": 48000.0, "rhythm.beats_count": 61.0, "rhythm.beats_loudness.mean": 0.05767932906746864, "rhythm.beats_loudness.stdev": 0.01854412443935871, "rhythm.bpm": 91.93293762207031, "rhythm.bpm_histogram_first_peak_bpm": 92.0, "rhythm.bpm_histogram_first_peak_weight": 0.12068963050842285, "rhythm.bpm_histogram_second_peak_bpm": 86.0, "rhythm.bpm_histogram_second_peak_spread": 0.0, "rhythm.bpm_histogram_second_peak_weight": 0.03333333507180214, "rhythm.danceability": 0.9331289529800415, "rhythm.onset_rate": 3.7449049949645996, "tonal.chords_changes_rate": 0.0590277761220932, "tonal.chords_number_rate": 0.012731481343507767, "tonal.chords_strength.mean": 0.5028825402259827, "tonal.chords_strength.stdev": 0.09216713905334473, "tonal.hpcp_crest.mean": 13.259520530700684, "tonal.hpcp_crest.stdev": 4.471896171569824, "tonal.hpcp_entropy.mean": 1.8899346590042114, "tonal.hpcp_entropy.stdev": 0.6027418971061707, "tonal.key_edma.strength": 0.6304373145103455, "tonal.key_krumhansl.strength": 0.6453618407249451, "tonal.key_temperley.strength": 0.6680002808570862, "tonal.tuning_diatonic_strength": 0.5370987057685852, "tonal.tuning_equal_tempered_deviation": 0.10394833981990814, "tonal.tuning_frequency": 437.4657897949219, "tonal.tuning_nontempered_energy_ratio": 0.7844190001487732, "lowlevel.barkbands.mean": [6.0982998547842726e-05, 0.009664730168879032, 0.02592569775879383, 0.004449314437806606, 0.0006995510775595903, 0.0002870258176699281, 0.000764280091971159, 0.000828786171041429, 0.0004753916582558304, 0.0004893538425676525, 0.002551086014136672, 0.001634768326766789, 0.0008905759896151721, 0.000575393030885607, 0.0005269768298603594, 0.0007519877981394529, 0.0005671088001690805, 0.0004722250159829855, 0.0002843962574843317, 0.0004615559009835124, 0.00024260241480078548, 0.0002857758372556418, 0.00034049470559693873, 0.0005589047214016318, 0.00026405794778838754, 0.00013977676280774176, 1.6753901945776306e-05], "lowlevel.barkbands.stdev": [7.80063564889133e-05, 0.008618908934295177, 0.01670372299849987, 0.004996840376406908, 0.0008193767862394452, 0.0006020924774929881, 0.0015546501381322742, 0.001888430560939014, 0.0010965242981910706, 0.001268120133318007, 0.004317968152463436, 0.0029396002646535635, 0.0016919794725254178, 0.0012929084477946162, 0.0007829600945115089, 0.001548017025925219, 0.00117813132237643, 0.0010067508555948734, 0.0003882781893480569, 0.0007785094203427434, 0.00032119129900820553, 0.0004106585111003369, 0.0005258095334284008, 0.001074190717190504, 0.0005418981309048831, 0.00034115544985979795, 6.067763752071187e-05], "lowlevel.erbbands.mean": [0.056778743863105774, 3.3242595195770264, 27.286531448364258, 22.62969207763672, 5.645207405090332, 2.393874406814575, 1.680740475654602, 2.491142511367798, 6.559091567993164, 20.48497772216797, 14.922724723815918, 10.318674087524414, 13.995661735534668, 34.75025177001953, 113.01952362060547, 67.58623504638672, 44.597930908203125, 30.473173141479492, 30.38599395751953, 29.877300262451172, 42.65411376953125, 35.3217658996582, 27.67147445678711, 16.038732528686523, 15.37205982208252, 22.52881622314453, 13.226510047912598, 8.928717613220215, 10.400293350219727, 9.080561637878418, 9.657475471496582, 11.989171028137207, 8.668478012084961, 3.7424380779266357, 1.4736127853393555, 0.6381842494010925, 0.25025802850723267, 0.05483271926641464, 0.0017617008415982127, 0.00010654002835508436], "lowlevel.erbbands.stdev": [0.05653632804751396, 2.5096683502197266, 17.303791046142578, 16.394214630126953, 5.159404277801514, 3.624502182006836, 2.7503745555877686, 5.867061138153076, 13.524497985839844, 42.377620697021484, 38.54328155517578, 24.26972007751465, 34.522979736328125, 60.053287506103516, 202.11753845214844, 113.1714096069336, 70.81342315673828, 61.027381896972656, 53.39564514160156, 44.387298583984375, 94.52951049804688, 71.46221923828125, 55.185997009277344, 20.613866806030273, 22.02231216430664, 42.494544982910156, 16.980134963989258, 12.494505882263184, 14.77400016784668, 13.815157890319824, 14.887052536010742, 21.694841384887695, 17.388309478759766, 7.432157516479492, 3.277146339416504, 1.4928439855575562, 0.6374109387397766, 0.16466447710990906, 0.00594372721388936, 0.0001269369531655684], "lowlevel.gfcc.mean": [26.930002212524414, 68.3927993774414, -113.08915710449219, 43.86484146118164, -42.631717681884766, 45.61396789550781, -27.475095748901367, 8.580238342285156, -28.574037551879883, -5.522544860839844, -17.767301559448242, -9.283391952514648, -21.815120697021484], "lowlevel.melbands.mean": [0.0014669002266600728, 0.010492275469005108, 0.0034550584387034178, 0.0002114659291692078, 6.729125016136095e-05, 6.073800614103675e-05, 0.00011185248149558902, 0.00021734906476922333, 0.00011176748375874013, 6.37179909972474e-05, 6.683394167339429e-05, 0.00011497829837026075, 0.0003953771956730634, 0.00020381480862852186, 0.0001434887235518545, 7.730295328656211e-05, 5.2827002946287394e-05, 4.930241993861273e-05, 3.590390770114027e-05, 4.4883756345370784e-05, 4.899133637081832e-05, 3.567901876522228e-05, 3.253735849284567e-05, 1.8694292521104217e-05, 1.2282714124012273e-05, 1.0139534424524754e-05, 1.3151652638043743e-05, 1.5409881598316133e-05, 9.174601473205257e-06, 5.700984729628544e-06, 5.03544970342773e-06, 6.1349078350758646e-06, 5.157137366040843e-06, 5.0209850996907335e-06, 5.028797659178963e-06, 6.693544492009096e-06, 7.938591807032935e-06, 6.926436981302686e-06, 4.021755103167379e-06, 2.8248045964573976e-06], "lowlevel.melbands.stdev": [0.0013965647667646408, 0.005932835396379232, 0.0022864111233502626, 0.0002081511920550838, 0.00010313211532775313, 0.000140391755849123, 0.00022189274022821337, 0.0004448028339538723, 0.00029972518677823246, 0.00014948206080589443, 0.00017008566646836698, 0.00023710227105766535, 0.0006515180575661361, 0.0003837391559500247, 0.0002592872770037502, 0.00012599979527294636, 0.00011665869533317164, 0.00010239146649837494, 5.1766037358902395e-05, 8.29905693535693e-05, 0.0001155413847300224, 7.674847438465804e-05, 7.804738561389968e-05, 3.338492751936428e-05, 1.675506246101577e-05, 1.561115641379729e-05, 2.0947165467077866e-05, 3.1315659725805745e-05, 1.2648056326725055e-05, 8.112862815323751e-06, 7.5478283179108985e-06, 8.990124115371145e-06, 7.519232894992456e-06, 8.328077456098981e-06, 8.050652468227781e-06, 1.1085316145909019e-05, 1.5197455468296539e-05, 1.4213127542461734e-05, 8.346869435627013e-06, 5.776651960331947e-06], "lowlevel.melbands128.mean": [2.2251591872191057e-05, 3.672171806101687e-05, 0.0007617076043970883, 0.006509440019726753, 0.014452727511525154, 0.011323508806526661, 0.004924540873616934, 0.0015021777944639325, 0.0003410512872505933, 0.00014981161803007126, 0.00012446266191545874, 8.800475916359574e-05, 5.151462755748071e-05, 4.282191730453633e-05, 3.528579691192135e-05, 8.44798851176165e-05, 0.00011157249537063763, 7.43960335967131e-05, 0.00014802257646806538, 0.0003183291119057685, 0.00018905308388639241, 0.00011242333130212501, 0.00012626640091184527, 7.28523446014151e-05, 6.55285402899608e-05, 4.174147761659697e-05, 9.95358859654516e-05, 6.867902993690223e-05, 3.4569253330118954e-05, 8.740098564885557e-05, 7.698412809986621e-05, 0.0002863790141418576, 0.0005476120277307928, 0.0003802056598942727, 0.00020308663079049438, 0.0001599823881406337, 0.00018820023979060352, 0.0001458793121855706, 0.00012367447197902948, 8.571180660510436e-05, 6.101156395743601e-05, 7.18282608431764e-05, 5.4296484449878335e-05, 3.898636714438908e-05, 5.384697942645289e-05, 4.874233127338812e-05, 5.432809848571196e-05, 2.4273045710287988e-05, 3.156721868435852e-05, 5.026074359193444e-05, 3.8174559449544176e-05, 4.654653821489774e-05, 7.212830678327009e-05, 3.698596992762759e-05, 2.8523209039121866e-05, 4.338854705565609e-05, 3.290674794698134e-05, 3.214649768779054e-05, 3.810930866166018e-05, 2.1203661162871867e-05, 1.894892193377018e-05, 1.507614433648996e-05, 1.1879714293172583e-05, 1.3301318176672794e-05, 9.204240086546633e-06, 9.894210961647332e-06, 1.067236007656902e-05, 1.0551910236245021e-05, 1.3063830010651145e-05, 1.7710048268781975e-05, 1.6908292309381068e-05, 1.3596682947536465e-05, 1.2085306480003055e-05, 8.040378816076554e-06, 6.0842166931251995e-06, 6.722939815517748e-06, 4.8988586058840156e-06, 4.236802851664834e-06, 4.9512764235259965e-06, 5.83902829021099e-06, 6.484848199761473e-06, 6.302369456534507e-06, 5.422821686806856e-06, 5.068168775324011e-06, 4.76942841487471e-06, 5.076010893390048e-06, 5.096499990031589e-06, 5.0028652367473114e-06, 4.617762442649109e-06, 5.105732270749286e-06, 6.977328212087741e-06, 7.225093668239424e-06, 6.1639584600925446e-06, 7.4816443884628825e-06, 9.806620255403686e-06, 8.115342097880784e-06, 6.37333823760855e-06, 5.042261818744009e-06, 3.899563125742134e-06, 3.6108413041802123e-06, 3.326270643810858e-06, 2.6518960112298373e-06, 2.2565311610378558e-06, 2.1718815332860686e-06, 1.5506390127484337e-06, 1.1744774610633613e-06, 1.226930862685549e-06, 1.2470454748836346e-06, 1.0247138106933562e-06, 1.0761372095657862e-06, 9.27119742755167e-07, 7.643794788236846e-07, 8.511412943335017e-07, 7.24615233593795e-07, 6.671399432889302e-07, 5.085194629828038e-07, 4.4347837047098437e-07, 2.528186371364427e-07, 4.223053551299927e-08, 1.0888346647919267e-11, 7.73445630458669e-12, 6.986631325561765e-12, 6.3552605018835084e-12, 6.2091065795855105e-12, 6.046415538391026e-12, 5.866215065791769e-12, 5.755442129828925e-12, 5.711158108934189e-12], "lowlevel.melbands128.stdev": [3.3207059459527954e-05, 6.0233673139009625e-05, 0.001374596729874611, 0.005640036892145872, 0.009885849431157112, 0.007405959069728851, 0.0041432566940784454, 0.0016015502624213696, 0.0004280363500583917, 0.0002040511171799153, 0.00027402755222283304, 0.0001691054494585842, 0.00012223840167280287, 8.654147677589208e-05, 0.00011543872096808627, 0.00026195505051873624, 0.00032899685902521014, 0.00023817158944439143, 0.00043643140816129744, 0.0007281341822817922, 0.0005427119904197752, 0.00036095615359954536, 0.0004807374207302928, 0.0002420437231194228, 0.00025313621154055, 0.00012590820551849902, 0.0003427708288654685, 0.0002373887982685119, 9.427803888684139e-05, 0.0003442614106461406, 0.0002675601572263986, 0.0006235517212189734, 0.0009674685425125062, 0.0012221275828778744, 0.0006232097512111068, 0.0004305822658352554, 0.0004944608081132174, 0.0003860612050630152, 0.0003772824420593679, 0.00018414932128507644, 0.00015796003572177142, 0.00020613647939171642, 0.00020161399152129889, 0.00011225394700886682, 0.00020266544015612453, 0.00011627322965068743, 0.00013267809117678553, 4.997749419999309e-05, 7.801404717611149e-05, 0.00011392055603209883, 0.00011268775415373966, 0.00014100634143687785, 0.00024124594347085804, 9.569265967002138e-05, 7.902461220510304e-05, 0.00012384410365484655, 9.2599744675681e-05, 9.2561480414588e-05, 0.00012986426008865237, 5.3367566579254344e-05, 4.1737741412362084e-05, 3.1373325327876955e-05, 2.2454536519944668e-05, 2.301558924955316e-05, 1.4406724403670523e-05, 1.8852646462619305e-05, 2.2151902157929726e-05, 1.9516988686518744e-05, 2.5101655410253443e-05, 4.0445935155730695e-05, 4.799553789780475e-05, 2.8659793315455317e-05, 1.997453364310786e-05, 1.329308270214824e-05, 9.7208039733232e-06, 1.091192643798422e-05, 7.655320587218739e-06, 6.890556960570393e-06, 8.35485479910858e-06, 1.0762839337985497e-05, 9.710201084089931e-06, 1.0306385775038507e-05, 8.789156709099188e-06, 8.137154509313405e-06, 8.046231414482463e-06, 9.092756044992711e-06, 9.399508599017281e-06, 9.380287337990012e-06, 8.511799933330622e-06, 8.244815035141073e-06, 1.2152615454397164e-05, 1.3436334484140389e-05, 1.256908944924362e-05, 1.5271303709596395e-05, 2.041908010141924e-05, 1.6812635294627398e-05, 1.4974722944316454e-05, 1.0953717719530687e-05, 9.136803782894276e-06, 7.912511136964895e-06, 6.6194234022987075e-06, 6.113440122135216e-06, 5.539887297345558e-06, 5.506019533640938e-06, 4.218814865453169e-06, 2.9268921934999526e-06, 3.0468465865851613e-06, 3.2008406378736254e-06, 2.6047789560834644e-06, 2.811961621773662e-06, 2.5823767373367446e-06, 2.1767236830783077e-06, 2.348131374674267e-06, 2.206277713412419e-06, 2.0994139049435034e-06, 1.6514433127667871e-06, 1.4646885801994358e-06, 1.1502390862005996e-06, 2.725651881974045e-07, 2.643191741869e-11, 3.8130526514024154e-11, 1.830564172466964e-11, 8.896796493962356e-12, 8.707915465089311e-12, 8.557168862388664e-12, 8.440624935102115e-12, 8.355528074988072e-12, 8.303635556927702e-12], "lowlevel.mfcc.mean": [-614.5739135742188, 93.39543151855469, 3.0090150833129883, 13.036783218383789, 17.0561466217041, 27.220176696777344, 19.205373764038086, 15.821913719177246, 2.262298107147217, 4.8958282470703125, -4.611438274383545, 6.63015079498291, 3.3972272872924805], "lowlevel.spectral_contrast_coeffs.mean": [-0.5750970840454102, -0.7519609332084656, -0.7165340185165405, -0.7739852070808411, -0.7901711463928223, -0.7634242177009583], "lowlevel.spectral_contrast_coeffs.stdev": [0.06785569339990616, 0.0791616141796112, 0.06600397825241089, 0.05901863053441048, 0.044577229768037796, 0.04230163246393204], "lowlevel.spectral_contrast_valleys.mean": [-7.191348075866699, -7.3264479637146, -7.2622294425964355, -7.29584264755249, -7.319659233093262, -9.633971214294434], "lowlevel.spectral_contrast_valleys.stdev": [1.0447875261306763, 0.7848879098892212, 0.8154078125953674, 0.7147311568260193, 0.7870762348175049, 1.023361086845398], "rhythm.beats_loudness_band_ratio.mean": [0.634647786617279, 0.027690371498465538, 0.054077573120594025, 0.11215563863515854, 0.07849175482988358, 0.10349101573228836], "rhythm.beats_loudness_band_ratio.stdev": [0.22063489258289337, 0.05835873633623123, 0.0554061196744442, 0.08521206676959991, 0.11846646666526794, 0.07380151748657227], "tonal.hpcp.mean": [0.3420259952545166, 0.19213376939296722, 0.021572187542915344, 0.027067648246884346, 0.04416895657777786, 0.06420169770717621, 0.11760063469409943, 0.1118074283003807, 0.10189865529537201, 0.16214269399642944, 0.1111719086766243, 0.03280074521899223, 0.040257856249809265, 0.03320734202861786, 0.02680337056517601, 0.11556748300790787, 0.13179367780685425, 0.04517810046672821, 0.02535758726298809, 0.02680225856602192, 0.03910040110349655, 0.08546842634677887, 0.08548028022050858, 0.06327011436223984, 0.07864758372306824, 0.05354347825050354, 0.019678685814142227, 0.02061680518090725, 0.022954586893320084, 0.11785878986120224, 0.2838932275772095, 0.20045779645442963, 0.03457305207848549, 0.025179335847496986, 0.036673322319984436, 0.18634814023971558], "tonal.hpcp.stdev": [0.4497735798358917, 0.27902743220329285, 0.08797430992126465, 0.1295318752527237, 0.16915547847747803, 0.17840665578842163, 0.2256554216146469, 0.21163153648376465, 0.1955718994140625, 0.31682509183883667, 0.225924551486969, 0.0958046019077301, 0.12662559747695923, 0.11281267553567886, 0.08791879564523697, 0.21286384761333466, 0.24573886394500732, 0.09641547501087189, 0.06453195214271545, 0.07827357202768326, 0.09996382147073746, 0.18972758948802948, 0.21058402955532074, 0.15555575489997864, 0.23517200350761414, 0.16457192599773407, 0.08307810127735138, 0.06969356536865234, 0.07339642196893692, 0.21684877574443817, 0.4196191132068634, 0.3070886433124542, 0.12195852398872375, 0.10625598579645157, 0.13962188363075256, 0.2738731801509857], "rhythm.beats_position": [0.6617686748504639, 1.3467572927474976, 2.0317459106445312, 2.728344678878784, 3.424943208694458, 4.098321914672852, 4.7600908279418945, 5.41024923324585, 6.072018146514893, 6.733786582946777, 7.383945465087891, 8.034104347229004, 8.684263229370117, 9.334421157836914, 9.984580039978027, 10.63473892211914, 11.284897804260254, 11.935056686401367, 12.58521556854248, 13.235373497009277, 13.88553237915039, 14.535691261291504, 15.185850143432617, 15.83600902557373, 16.486167907714844, 17.13632583618164, 17.78648567199707, 18.425033569335938, 19.075191497802734, 19.736961364746094, 20.38711929321289, 21.03727912902832, 21.699047088623047, 22.360815048217773, 23.010974884033203, 23.6611328125, 24.31129264831543, 24.949840545654297, 25.600000381469727, 26.250158309936523, 26.88870620727539, 27.53886604309082, 28.200634002685547, 28.850793838500977, 29.489341735839844, 30.13949966430664, 30.78965950012207, 31.439817428588867, 32.0899772644043, 32.740135192871094, 33.40190505981445, 34.06367111206055, 34.71383285522461, 35.363990783691406, 36.0141487121582, 36.664306640625, 37.3144645690918, 37.96462631225586, 38.614784240722656, 39.26494216918945, 39.91510009765625], "rhythm.bpm_histogram": [0.0, 0.0, 0.0, 0.0, 0.0, 0.0, 0.0, 0.0, 0.0, 0.0, 0.0, 0.0, 0.0, 0.0, 0.0, 0.0, 0.0, 0.0, 0.0, 0.0, 0.0, 0.0, 0.0, 0.0, 0.0, 0.0, 0.0, 0.0, 0.0, 0.0, 0.0, 0.0, 0.0, 0.0, 0.0, 0.0, 0.0, 0.0, 0.0, 0.0, 0.0, 0.0, 0.0, 0.0, 0.0, 0.0, 0.0, 0.0, 0.0, 0.0, 0.0, 0.0, 0.0, 0.0, 0.0, 0.0, 0.0, 0.0, 0.0, 0.0, 0.0, 0.0, 0.0, 0.0, 0.0, 0.0, 0.0, 0.0, 0.0, 0.0, 0.0, 0.0, 0.0, 0.0, 0.0, 0.0, 0.0, 0.0, 0.0, 0.0, 0.0, 0.0, 0.0, 0.0, 0.0, 0.0, 0.03333333507180214, 0.0, 0.03333333507180214, 0.01666666753590107, 0.0, 0.15000000596046448, 0.699999988079071, 0.0, 0.06666667014360428, 0.0, 0.0, 0.0, 0.0, 0.0, 0.0, 0.0, 0.0, 0.0, 0.0, 0.0, 0.0, 0.0, 0.0, 0.0, 0.0, 0.0, 0.0, 0.0, 0.0, 0.0, 0.0, 0.0, 0.0, 0.0, 0.0, 0.0, 0.0, 0.0, 0.0, 0.0, 0.0, 0.0, 0.0, 0.0, 0.0, 0.0, 0.0, 0.0, 0.0, 0.0, 0.0, 0.0, 0.0, 0.0, 0.0, 0.0, 0.0, 0.0, 0.0, 0.0, 0.0, 0.0, 0.0, 0.0, 0.0, 0.0, 0.0, 0.0, 0.0, 0.0, 0.0, 0.0, 0.0, 0.0, 0.0, 0.0, 0.0, 0.0, 0.0, 0.0, 0.0, 0.0, 0.0, 0.0, 0.0, 0.0, 0.0, 0.0, 0.0, 0.0, 0.0, 0.0, 0.0, 0.0, 0.0, 0.0, 0.0, 0.0, 0.0, 0.0, 0.0, 0.0, 0.0, 0.0, 0.0, 0.0, 0.0, 0.0, 0.0, 0.0, 0.0, 0.0, 0.0, 0.0, 0.0, 0.0, 0.0, 0.0, 0.0, 0.0, 0.0, 0.0, 0.0, 0.0, 0.0, 0.0, 0.0, 0.0, 0.0, 0.0, 0.0, 0.0, 0.0, 0.0, 0.0, 0.0, 0.0, 0.0, 0.0, 0.0, 0.0, 0.0, 0.0, 0.0, 0.0, 0.0, 0.0, 0.0, 0.0, 0.0, 0.0, 0.0, 0.0, 0.0, 0.0, 0.0, 0.0, 0.0, 0.0, 0.0, 0.0, 0.0, 0.0, 0.0], "tonal.chords_histogram": [0.11574073880910873, 4.166666507720947, 32.175926208496094, 2.430555582046509, 3.125, 0.6944444179534912, 15.393518447875977, 0.0, 5.3240742683410645, 5.3240742683410645, 2.5462963581085205, 0.0, 0.0, 0.0, 0.0, 0.9259259104728699, 0.3472222089767456, 7.060184955596924, 0.0, 0.0, 0.0, 0.11574073880910873, 12.037036895751953, 8.217592239379883], "tonal.thpcp": [1.0, 0.5617519617080688, 0.06307177990674973, 0.07913915812969208, 0.12913918495178223, 0.1877099871635437, 0.34383538365364075, 0.3268974721431732, 0.2979266345500946, 0.4740654230117798, 0.3250393569469452, 0.09590132534503937, 0.11770408600568771, 0.09709011018276215, 0.0783664733171463, 0.3378909230232239, 0.3853323459625244, 0.13208967447280884, 0.07413935661315918, 0.07836321741342545, 0.11431996524333954, 0.24988868832588196, 0.24992334842681885, 0.18498627841472626, 0.22994621098041534, 0.15654797852039337, 0.05753564462065697, 0.060278475284576416, 0.06711357086896896, 0.3445901572704315, 0.830034077167511, 0.5860893726348877, 0.10108311474323273, 0.07361819595098495, 0.10722378641366959, 0.544836163520813], "lowlevel.gfcc.cov": [[6045.41455078125, -456.7076721191406, 457.29107666015625, 198.53306579589844, 14.305440902709961, 397.3954772949219, 183.10731506347656, 295.0130310058594, -106.69672393798828, 101.29522705078125, -155.41954040527344, 56.92435836791992, -308.121337890625], [-456.7076721191406, 1837.4835205078125, -159.35049438476562, 17.1738338470459, 243.8844451904297, 190.7670440673828, 459.1484680175781, -125.31161499023438, 161.79074096679688, -129.0152587890625, 186.6973114013672, -178.86834716796875, 126.33531951904297], [457.29107666015625, -159.35049438476562, 757.7088623046875, -46.038970947265625, 233.96463012695312, 384.4950866699219, 170.23744201660156, 81.48199462890625, -84.81327056884766, 96.84835052490234, -0.7590351104736328, 83.95964050292969, -100.4882583618164], [198.53306579589844, 17.1738338470459, -46.038970947265625, 224.59768676757812, 58.33066177368164, 9.511735916137695, -15.714184761047363, 0.8604000210762024, 26.909019470214844, -19.426034927368164, 11.068772315979004, -12.38518238067627, 26.427412033081055], [14.305440902709961, 243.8844451904297, 233.96463012695312, 58.33066177368164, 299.6797790527344, 205.93548583984375, 156.93710327148438, -5.979487895965576, -13.997830390930176, -0.014645961113274097, 15.743162155151367, 9.351472854614258, -0.38204243779182434], [397.3954772949219, 190.7670440673828, 384.4950866699219, 9.511735916137695, 205.93548583984375, 487.3271789550781, 312.9966735839844, 39.84142303466797, -62.75316619873047, 16.125221252441406, 26.69120979309082, -12.668627738952637, -34.43565368652344], [183.10731506347656, 459.1484680175781, 170.23744201660156, -15.714184761047363, 156.93710327148438, 312.9966735839844, 457.8448486328125, 44.0850944519043, -12.64593505859375, -11.796233177185059, 49.751380920410156, -27.546829223632812, -13.444544792175293], [295.0130310058594, -125.31161499023438, 81.48199462890625, 0.8604000210762024, -5.979487895965576, 39.84142303466797, 44.0850944519043, 109.86422729492188, 16.95466423034668, 23.768796920776367, -27.338428497314453, 17.364723205566406, -43.28620910644531], [-106.69672393798828, 161.79074096679688, -84.81327056884766, 26.909019470214844, -13.997830390930176, -62.75316619873047, -12.64593505859375, 16.95466423034668, 127.64208221435547, 9.930097579956055, 16.128305435180664, -28.378463745117188, 12.775859832763672], [101.29522705078125, -129.0152587890625, 96.84835052490234, -19.426034927368164, -0.014645961113274097, 16.125221252441406, -11.796233177185059, 23.768796920776367, 9.930097579956055, 87.15121459960938, 6.848681926727295, 22.789735794067383, -39.39677429199219], [-155.41954040527344, 186.6973114013672, -0.7590351104736328, 11.068772315979004, 15.743162155151367, 26.69120979309082, 49.751380920410156, -27.338428497314453, 16.128305435180664, 6.848681926727295, 94.68522644042969, -6.4662184715271, 12.910680770874023], [56.92435836791992, -178.86834716796875, 83.95964050292969, -12.38518238067627, 9.351472854614258, -12.668627738952637, -27.546829223632812, 17.364723205566406, -28.378463745117188, 22.789735794067383, -6.4662184715271, 86.434326171875, -6.41316032409668], [-308.121337890625, 126.33531951904297, -100.4882583618164, 26.427412033081055, -0.38204243779182434, -34.43565368652344, -13.444544792175293, -43.28620910644531, 12.775859832763672, -39.39677429199219, 12.910680770874023, -6.41316032409668, 101.72711944580078]], "lowlevel.gfcc.icov": [[0.00025772585649974644, -0.00016310282808262855, 2.3317401428357698e-05, -0.0004491059808060527, 0.00030842883279547095, -0.0002554671373218298, 9.182245412375778e-05, -0.0003772560739889741, 0.0003088754019699991, -0.00018037078552879393, 0.0005044221179559827, -0.0003216583572793752, 0.0006962355691939592], [-0.00016310282808262855, 0.0020726036746054888, -6.643996584898559e-06, 0.001051663188263774, -0.0014105590526014566, 0.0005758468178100884, -0.0016993724275380373, 0.001748005161061883, -0.002507604192942381, 0.002090735826641321, -0.002432225737720728, 0.0022624917328357697, -0.0010629852768033743], [2.3317401428357698e-05, -6.643996584898559e-06, 0.004167870618402958, 0.0009756660438142717, -0.00193033239338547, -0.0029295545537024736, 0.0011565457098186016, -0.00139590073376894, 0.0006965499487705529, -0.002074079355224967, -0.00024358081282116473, -0.0026424953248351812, 0.0014760673511773348], [-0.0004491059808060527, 0.001051663188263774, 0.0009756660438142717, 0.0067154946736991405, -0.0030363244004547596, -0.00029691075906157494, 0.0006298235384747386, -0.0006517489091493189, -0.00199308549053967, 0.0017868650611490011, -0.0028801183216273785, 0.001588300452567637, -0.0023451903834939003], [0.00030842883279547095, -0.0014105590526014566, -0.00193033239338547, -0.0030363244004547596, 0.007709103636443615, -0.0013523431262001395, -0.0004654591903090477, 0.001817022101022303, 0.0001981699897442013, -0.0003238203062210232, 0.0031431911047548056, -0.0027585660573095083, 0.0011276516597718], [-0.0002554671373218298, 0.0005758468178100884, -0.0029295545537024736, -0.00029691075906157494, -0.0013523431262001395, 0.007545600179582834, -0.003708398202434182, 0.00015126743528526276, 0.0016425526700913906, 0.00031913697603158653, -0.0012038280256092548, 0.004432149231433868, -0.0018327319994568825], [9.182245412375778e-05, -0.0016993724275380373, 0.0011565457098186016, 0.0006298235384747386, -0.0004654591903090477, -0.003708398202434182, 0.006586157716810703, -0.004197896923869848, 0.0019393933471292257, -0.0005258924211375415, -0.0005995044484734535, -0.0013759402791038156, 0.0007366353529505432], [-0.0003772560739889741, 0.001748005161061883, -0.00139590073376894, -0.0006517489091493189, 0.001817022101022303, 0.00015126743528526276, -0.004197896923869848, 0.01844331994652748, -0.007429013028740883, 0.0017257968429476023, 0.003639903152361512, -0.00242806738242507, 0.003814325900748372], [0.0003088754019699991, -0.002507604192942381, 0.0006965499487705529, -0.00199308549053967, 0.0001981699897442013, 0.0016425526700913906, 0.0019393933471292257, -0.007429013028740883, 0.015342016704380512, -0.006363680120557547, 0.00023912687902338803, 0.0026077828370034695, -0.0013497215695679188], [-0.00018037078552879393, 0.002090735826641321, -0.002074079355224967, 0.0017868650611490011, -0.0003238203062210232, 0.00031913697603158653, -0.0005258924211375415, 0.0017257968429476023, -0.006363680120557547, 0.020259633660316467, -0.004957130178809166, -0.00119820109102875, 0.004314753692597151], [0.0005044221179559827, -0.002432225737720728, -0.00024358081282116473, -0.0028801183216273785, 0.0031431911047548056, -0.0012038280256092548, -0.0005995044484734535, 0.003639903152361512, 0.00023912687902338803, -0.004957130178809166, 0.017504973337054253, -0.004159454256296158, 0.0016962410882115364], [-0.0003216583572793752, 0.0022624917328357697, -0.0026424953248351812, 0.001588300452567637, -0.0027585660573095083, 0.004432149231433868, -0.0013759402791038156, -0.00242806738242507, 0.0026077828370034695, -0.00119820109102875, -0.004159454256296158, 0.020708726719021797, -0.005490174517035484], [0.0006962355691939592, -0.0010629852768033743, 0.0014760673511773348, -0.0023451903834939003, 0.0011276516597718, -0.0018327319994568825, 0.0007366353529505432, 0.003814325900748372, -0.0013497215695679188, 0.004314753692597151, 0.0016962410882115364, -0.005490174517035484, 0.0177098847925663]], "lowlevel.mfcc.cov": [[4598.404296875, -388.3993225097656, 309.7129211425781, 98.47423553466797, 17.23424530029297, 78.0816879272461, 190.1388397216797, 190.19149780273438, 108.88056945800781, 81.73213195800781, 143.01220703125, 99.61978149414062, 19.370573043823242], [-388.3993225097656, 1484.0587158203125, 29.936161041259766, 7.0895209312438965, -23.255373001098633, 347.0448913574219, 306.1398620605469, 182.41358947753906, 103.25646209716797, 121.15336608886719, 108.24658203125, -8.99133014678955, 76.82552337646484], [309.7129211425781, 29.936161041259766, 477.8022766113281, -114.79656982421875, 113.6149673461914, 207.78689575195312, 256.14080810546875, 108.02122497558594, 58.71233367919922, 67.99510192871094, 80.17227935791016, 40.41340637207031, 51.396820068359375], [98.47423553466797, 7.0895209312438965, -114.79656982421875, 211.08575439453125, 31.48931121826172, -33.15364456176758, -67.97779083251953, -3.40863037109375, -2.111166000366211, -16.755945205688477, -24.191822052001953, 19.722824096679688, 13.579436302185059], [17.23424530029297, -23.255373001098633, 113.6149673461914, 31.48931121826172, 247.07046508789062, 93.26656341552734, 36.20478820800781, 7.257249355316162, 7.1090087890625, 16.87220573425293, -33.586761474609375, 35.79286575317383, 15.681577682495117], [78.0816879272461, 347.0448913574219, 207.78689575195312, -33.15364456176758, 93.26656341552734, 363.5118408203125, 326.0268859863281, 145.64846801757812, 86.06511688232422, 89.03428649902344, 73.58281707763672, 1.7184423208236694, 41.41053771972656], [190.1388397216797, 306.1398620605469, 256.14080810546875, -67.97779083251953, 36.20478820800781, 326.0268859863281, 441.3446350097656, 193.7545166015625, 85.0198745727539, 91.64501953125, 104.93380737304688, -15.648624420166016, 42.00679016113281], [190.19149780273438, 182.41358947753906, 108.02122497558594, -3.40863037109375, 7.257249355316162, 145.64846801757812, 193.7545166015625, 174.39224243164062, 88.8538589477539, 46.038795471191406, 64.01371002197266, 13.09746265411377, 21.664804458618164], [108.88056945800781, 103.25646209716797, 58.71233367919922, -2.111166000366211, 7.1090087890625, 86.06511688232422, 85.0198745727539, 88.8538589477539, 123.45712280273438, 48.12543487548828, 35.74742889404297, 15.156499862670898, 10.365042686462402], [81.73213195800781, 121.15336608886719, 67.99510192871094, -16.755945205688477, 16.87220573425293, 89.03428649902344, 91.64501953125, 46.038795471191406, 48.12543487548828, 95.98809814453125, 48.89826965332031, 4.1135735511779785, 8.388195991516113], [143.01220703125, 108.24658203125, 80.17227935791016, -24.191822052001953, -33.586761474609375, 73.58281707763672, 104.93380737304688, 64.01371002197266, 35.74742889404297, 48.89826965332031, 135.90512084960938, 35.08323669433594, 21.724916458129883], [99.61978149414062, -8.99133014678955, 40.41340637207031, 19.722824096679688, 35.79286575317383, 1.7184423208236694, -15.648624420166016, 13.09746265411377, 15.156499862670898, 4.1135735511779785, 35.08323669433594, 118.4818115234375, 34.50746536254883], [19.370573043823242, 76.82552337646484, 51.396820068359375, 13.579436302185059, 15.681577682495117, 41.41053771972656, 42.00679016113281, 21.664804458618164, 10.365042686462402, 8.388195991516113, 21.724916458129883, 34.50746536254883, 77.33916473388672]], "lowlevel.mfcc.icov": [[0.0002630419621709734, 0.0001101535526686348, -0.00018754045595414937, -0.00026962519041262567, 0.00010435059084556997, 6.613090226892382e-05, -2.945327287307009e-05, -0.00024341599782928824, 2.4387938992731506e-06, -0.0001649052428547293, -0.00010637888044584543, -0.00011194551916560158, 0.00012167663953732699], [0.0001101535526686348, 0.0010882600909098983, 0.000445614627096802, -3.8255682738963515e-05, 0.0003585380036383867, -0.001132794190198183, 0.00024912485969252884, -0.0006708042346872389, 0.00022252749477047473, -0.000693834270350635, -0.00014307470701169223, 0.00012521329335868359, -0.0007818482699804008], [-0.00018754045595414937, 0.000445614627096802, 0.0047964295372366905, 0.00242357118986547, -0.0019912582356482744, -0.00021291572193149477, -0.0017831476870924234, -0.00013710376515518874, -0.0002558535779826343, -0.0003074660780839622, -0.0008503778371959925, -0.0006140649202279747, -0.0019035747973248363], [-0.00026962519041262567, -3.8255682738963515e-05, 0.00242357118986547, 0.006910371128469706, -0.0017762586940079927, -0.00027880407287739217, 0.0009870410431176424, -0.001754470868036151, 0.00018756985082291067, 0.0002542389847803861, 0.00018947002536151558, -0.0003332482010591775, -0.0022108673583716154], [0.00010435059084556997, 0.0003585380036383867, -0.0019912582356482744, -0.0017762586940079927, 0.007049033883959055, -0.0032339466270059347, 0.0014203075552359223, 0.00018659321358427405, 0.0010096583282575011, -0.0013736149994656444, 0.003476265585049987, -0.0023500893730670214, 0.0008172342786565423], [6.613090226892382e-05, -0.001132794190198183, -0.00021291572193149477, -0.00027880407287739217, -0.0032339466270059347, 0.011766783893108368, -0.007464701309800148, 0.0014563644072040915, -0.0024534936528652906, -0.0011350972345098853, -0.00011431337770773098, 9.953136759577319e-05, -0.0002594107936602086], [-2.945327287307009e-05, 0.00024912485969252884, -0.0017831476870924234, 0.0009870410431176424, 0.0014203075552359223, -0.007464701309800148, 0.012027247808873653, -0.00721207819879055, 0.0033227449748665094, -0.0011400209041312337, -0.001464464352466166, 0.0029697574209421873, -0.0012671230360865593], [-0.00024341599782928824, -0.0006708042346872389, -0.00013710376515518874, -0.001754470868036151, 0.00018659321358427405, 0.0014563644072040915, -0.00721207819879055, 0.017677798867225647, -0.008589006029069424, 0.0029309941455721855, -0.0015689493156969547, -0.0013673842186108232, 0.001158101949840784], [2.4387938992731506e-06, 0.00022252749477047473, -0.0002558535779826343, 0.00018756985082291067, 0.0010096583282575011, -0.0024534936528652906, 0.0033227449748665094, -0.008589006029069424, 0.015427996404469013, -0.005317592993378639, 0.0011365439277142286, -0.00101372878998518, 0.00026780396001413465], [-0.0001649052428547293, -0.000693834270350635, -0.0003074660780839622, 0.0002542389847803861, -0.0013736149994656444, -0.0011350972345098853, -0.0011400209041312337, 0.0029309941455721855, -0.005317592993378639, 0.017580879852175713, -0.004701379686594009, 0.0012320070527493954, 0.0011514521902427077], [-0.00010637888044584543, -0.00014307470701169223, -0.0008503778371959925, 0.00018947002536151558, 0.003476265585049987, -0.00011431337770773098, -0.001464464352466166, -0.0015689493156969547, 0.0011365439277142286, -0.004701379686594009, 0.013525030575692654, -0.004703511018306017, -5.11131074745208e-05], [-0.00011194551916560158, 0.00012521329335868359, -0.0006140649202279747, -0.0003332482010591775, -0.0023500893730670214, 9.953136759577319e-05, 0.0029697574209421873, -0.0013673842186108232, -0.00101372878998518, 0.0012320070527493954, -0.004703511018306017, 0.012966933660209179, -0.004898666869848967], [0.00012167663953732699, -0.0007818482699804008, -0.0019035747973248363, -0.0022108673583716154, 0.0008172342786565423, -0.0002594107936602086, -0.0012671230360865593, 0.001158101949840784, 0.00026780396001413465, 0.0011514521902427077, -5.11131074745208e-05, -0.004898666869848967, 0.017705777660012245]], "metadata.audio_properties.analysis.downmix": "mix", "metadata.audio_properties.codec": "mp3", "metadata.audio_properties.md5_encoded": "113915ec0dfe8b6444413d6c0249309c", "metadata.tags.file_name": "1182276985989378058.mp3", "metadata.version.essentia": "2.1-beta6-dev", "metadata.version.essentia_git_sha": "v2.1_beta5-1110-g77a6