{"song_id": "1182275922242568273", "download": "https://cdn.discordapp.com/attachments/1135911532732108921/1182275922242568273/chirp.mp4?ex=65841b41&amp", "lyrics": "-", "style": ["Afrikaans style Acoustic guitar </span><span>,piano</span><span>,sad</span><span>,emotional</span><span>, Johny cash"], "essentia_features": {"lowlevel.average_loudness": 0.6265473365783691, "lowlevel.barkbands_crest.mean": 9.808259963989258, "lowlevel.barkbands_crest.stdev": 3.4471025466918945, "lowlevel.barkbands_flatness_db.mean": 0.17843003571033478, "lowlevel.barkbands_flatness_db.stdev": 0.06427828967571259, "lowlevel.barkbands_kurtosis.mean": 4.827630043029785, "lowlevel.barkbands_kurtosis.stdev": 8.378068923950195, "lowlevel.barkbands_skewness.mean": 1.7131600379943848, "lowlevel.barkbands_skewness.stdev": 1.2471681833267212, "lowlevel.barkbands_spread.mean": 19.50440788269043, "lowlevel.barkbands_spread.stdev": 17.39301300048828, "lowlevel.dissonance.mean": 0.45373034477233887, "lowlevel.dissonance.stdev": 0.027719464153051376, "lowlevel.dynamic_complexity": 3.6154379844665527, "lowlevel.erbbands_crest.mean": 8.295742988586426, "lowlevel.erbbands_crest.stdev": 3.239542007446289, "lowlevel.erbbands_flatness_db.mean": 0.1901770830154419, "lowlevel.erbbands_flatness_db.stdev": 0.059666652232408524, "lowlevel.erbbands_kurtosis.mean": 0.15307928621768951, "lowlevel.erbbands_kurtosis.stdev": 2.2998063564300537, "lowlevel.erbbands_skewness.mean": 0.18106630444526672, "lowlevel.erbbands_skewness.stdev": 0.8506333231925964, "lowlevel.erbbands_spread.mean": 38.5734748840332, "lowlevel.erbbands_spread.stdev": 16.987638473510742, "lowlevel.hfc.mean": 19.265310287475586, "lowlevel.hfc.stdev": 28.856393814086914, "lowlevel.loudness_ebu128.integrated": -21.47180938720703, "lowlevel.loudness_ebu128.loudness_range": 6.460124969482422, "lowlevel.loudness_ebu128.momentary.mean": -22.706750869750977, "lowlevel.loudness_ebu128.momentary.stdev": 3.387913942337036, "lowlevel.loudness_ebu128.short_term.mean": -22.056034088134766, "lowlevel.loudness_ebu128.short_term.stdev": 1.9935551881790161, "lowlevel.melbands_crest.mean": 14.665889739990234, "lowlevel.melbands_crest.stdev": 4.6005024909973145, "lowlevel.melbands_flatness_db.mean": 0.24864594638347626, "lowlevel.melbands_flatness_db.stdev": 0.0782192200422287, "lowlevel.melbands_kurtosis.mean": 12.515156745910645, "lowlevel.melbands_kurtosis.stdev": 15.441415786743164, "lowlevel.melbands_skewness.mean": 2.7465734481811523, "lowlevel.melbands_skewness.stdev": 1.3430352210998535, "lowlevel.melbands_spread.mean": 23.474111557006836, "lowlevel.melbands_spread.stdev": 32.83272171020508, "lowlevel.pitch_salience.mean": 0.5573066473007202, "lowlevel.pitch_salience.stdev": 0.10223403573036194, "lowlevel.silence_rate_20dB.mean": 1.0, "lowlevel.silence_rate_20dB.stdev": 0.0, "lowlevel.silence_rate_30dB.mean": 0.9855156540870667, "lowlevel.silence_rate_30dB.stdev": 0.11947619915008545, "lowlevel.silence_rate_60dB.mean": 0.0625724196434021, "lowlevel.silence_rate_60dB.stdev": 0.24219028651714325, "lowlevel.spectral_centroid.mean": 1071.09423828125, "lowlevel.spectral_centroid.stdev": 904.7579956054688, "lowlevel.spectral_complexity.mean": 14.880069732666016, "lowlevel.spectral_complexity.stdev": 6.780453205108643, "lowlevel.spectral_decrease.mean": -5.347313702941392e-09, "lowlevel.spectral_decrease.stdev": 5.977001560353301e-09, "lowlevel.spectral_energy.mean": 0.021929416805505753, "lowlevel.spectral_energy.stdev": 0.0234709270298481, "lowlevel.spectral_energyband_high.mean": 0.0013404679484665394, "lowlevel.spectral_energyband_high.stdev": 0.003652124432846904, "lowlevel.spectral_energyband_low.mean": 0.005492525175213814, "lowlevel.spectral_energyband_low.stdev": 0.007171562407165766, "lowlevel.spectral_energyband_middle_high.mean": 0.0030517932027578354, "lowlevel.spectral_energyband_middle_high.stdev": 0.004034283105283976, "lowlevel.spectral_energyband_middle_low.mean": 0.014036954380571842, "lowlevel.spectral_energyband_middle_low.stdev": 0.01939966529607773, "lowlevel.spectral_entropy.mean": 7.253060817718506, "lowlevel.spectral_entropy.stdev": 0.5055389404296875, "lowlevel.spectral_flux.mean": 0.05760204419493675, "lowlevel.spectral_flux.stdev": 0.04226665198802948, "lowlevel.spectral_kurtosis.mean": 8.007072448730469, "lowlevel.spectral_kurtosis.stdev": 7.306313991546631, "lowlevel.spectral_rms.mean": 0.004155826289206743, "lowlevel.spectral_rms.stdev": 0.002030681585893035, "lowlevel.spectral_rolloff.mean": 1707.7259521484375, "lowlevel.spectral_rolloff.stdev": 2627.603759765625, "lowlevel.spectral_skewness.mean": 1.779367446899414, "lowlevel.spectral_skewness.stdev": 0.708238422870636, "lowlevel.spectral_spread.mean": 3763942.5, "lowlevel.spectral_spread.stdev": 1862857.125, "lowlevel.spectral_strongpeak.mean": 0.715152382850647, "lowlevel.spectral_strongpeak.stdev": 0.8510690331459045, "lowlevel.zerocrossingrate.mean": 0.06386243551969528, "lowlevel.zerocrossingrate.stdev": 0.07083510607481003, "metadata.audio_properties.analysis.equal_loudness": 0.0, "metadata.audio_properties.analysis.length": 40.04265213012695, "metadata.audio_properties.analysis.sample_rate": 44100.0, "metadata.audio_properties.analysis.start_time": 0.0, "metadata.audio_properties.bit_rate": 117092.0, "metadata.audio_properties.length": 40.042667388916016, "metadata.audio_properties.lossless": 0.0, "metadata.audio_properties.number_channels": 1.0, "metadata.audio_properties.replay_gain": -6.423015594482422, "metadata.audio_properties.sample_rate": 48000.0, "rhythm.beats_count": 63.0, "rhythm.beats_loudness.mean": 0.026518862694501877, "rhythm.beats_loudness.stdev": 0.020042337477207184, "rhythm.bpm": 97.71897888183594, "rhythm.bpm_histogram_first_peak_bpm": 98.0, "rhythm.bpm_histogram_first_peak_weight": 0.3095238208770752, "rhythm.bpm_histogram_second_peak_bpm": 78.0, "rhythm.bpm_histogram_second_peak_spread": 0.0, "rhythm.bpm_histogram_second_peak_weight": 0.09677419066429138, "rhythm.danceability": 1.0145626068115234, "rhythm.onset_rate": 2.87109375, "tonal.chords_changes_rate": 0.021990740671753883, "tonal.chords_number_rate": 0.004629629664123058, "tonal.chords_strength.mean": 0.5457465052604675, "tonal.chords_strength.stdev": 0.10363635420799255, "tonal.hpcp_crest.mean": 13.864473342895508, "tonal.hpcp_crest.stdev": 5.472090721130371, "tonal.hpcp_entropy.mean": 1.9195778369903564, "tonal.hpcp_entropy.stdev": 0.5646283030509949, "tonal.key_edma.strength": 0.7282640933990479, "tonal.key_krumhansl.strength": 0.743667721748352, "tonal.key_temperley.strength": 0.7633605599403381, "tonal.tuning_diatonic_strength": 0.6187763214111328, "tonal.tuning_equal_tempered_deviation": 0.050448961555957794, "tonal.tuning_frequency": 440.5086364746094, "tonal.tuning_nontempered_energy_ratio": 0.6290284395217896, "lowlevel.barkbands.mean": [3.844096227112459e-06, 0.0003944074851460755, 0.00316667091101408, 0.0032235875260084867, 0.005084908101707697, 0.002783213509246707, 0.00163994578178972, 0.0006331819458864629, 0.0005396022461354733, 0.0006858405540697277, 0.0003304179117549211, 0.0005037549999542534, 0.0003853052039630711, 0.00029566441662609577, 0.00017833516176324338, 0.00020906253485009074, 0.00015068538777995855, 0.00016832779510878026, 0.0001160651445388794, 0.00019678582611959428, 0.0002514558145776391, 0.00043432231177575886, 0.00023250756203196943, 2.1598796593025327e-05, 7.178296073107049e-05, 0.0002152901142835617, 1.2884623174613807e-05], "lowlevel.barkbands.stdev": [1.973082726181019e-05, 0.0005679178866557777, 0.004511637147516012, 0.005367516074329615, 0.010655519552528858, 0.006186218932271004, 0.0031543606892228127, 0.001959290122613311, 0.002053803065791726, 0.0020910834427922964, 0.0007306526531465352, 0.0010070641292259097, 0.0009924996411427855, 0.0008484955178573728, 0.0004655165539588779, 0.0005871655885130167, 0.00046044602640904486, 0.0003253850154578686, 0.0001950064761331305, 0.000524926814250648, 0.0008083954453468323, 0.0014118084218353033, 0.0008187346393242478, 6.477180431829765e-05, 0.00023755709116812795, 0.0007035935996100307, 4.8486224841326475e-05], "lowlevel.erbbands.mean": [0.002988907042890787, 0.17179431021213531, 2.774789810180664, 8.593201637268066, 9.822903633117676, 17.538795471191406, 37.019065856933594, 13.895441055297852, 25.807954788208008, 12.92899227142334, 15.290313720703125, 11.828293800354004, 16.438945770263672, 23.23711585998535, 18.182697296142578, 17.420045852661133, 18.774755477905273, 16.677453994750977, 11.245418548583984, 9.381614685058594, 11.869142532348633, 9.210490226745605, 10.152437210083008, 5.450033664703369, 7.462618827819824, 8.932808876037598, 9.596683502197266, 10.378897666931152, 15.277628898620605, 14.417040824890137, 4.57135009765625, 0.801927387714386, 0.3509855568408966, 0.43065929412841797, 0.7074075937271118, 0.9049805402755737, 0.39591994881629944, 0.06617256253957748, 0.0014319856418296695, 6.833801307948306e-05], "lowlevel.erbbands.stdev": [0.006491097155958414, 0.2165975570678711, 3.5940139293670654, 13.158733367919922, 18.982601165771484, 40.99824905395508, 98.62802124023438, 27.3230037689209, 48.77568435668945, 29.153099060058594, 46.05297088623047, 37.9925422668457, 56.948463439941406, 71.53935241699219, 38.05112838745117, 36.43283462524414, 41.7000617980957, 46.500099182128906, 32.583255767822266, 18.604555130004883, 38.39176940917969, 24.714054107666016, 21.04282569885254, 7.292023181915283, 16.13876724243164, 22.79025650024414, 28.368175506591797, 34.13148498535156, 50.155921936035156, 47.12005615234375, 16.34042739868164, 2.4822726249694824, 1.030369758605957, 1.6938380002975464, 2.361176013946533, 2.976449489593506, 1.3068956136703491, 0.23065456748008728, 0.004873472265899181, 0.00014484564599115402], "lowlevel.gfcc.mean": [-47.24611282348633, 123.33761596679688, -124.01766967773438, 18.53544044494629, -49.94905471801758, -9.914372444152832, -34.19132995605469, -17.935806274414062, -35.9433479309082, -3.2807133197784424, -23.044841766357422, 6.632514476776123, -18.96947479248047], "lowlevel.melbands.mean": [5.915480141993612e-05, 0.0010799046140164137, 0.0014832010492682457, 0.0008979618432931602, 0.001210530987009406, 0.0003489757073111832, 0.00038813811261206865, 0.0001310596999246627, 0.00011566437751753256, 7.636941882083192e-05, 8.317166793858632e-05, 9.718638466438279e-05, 5.471094118547626e-05, 6.230681174201891e-05, 3.745606227312237e-05, 3.641936564235948e-05, 3.086049764533527e-05, 1.8460654246155173e-05, 1.2167904060333967e-05, 1.2337712178123184e-05, 1.370356676488882e-05, 8.930971489462536e-06, 1.013723431242397e-05, 7.470468517567497e-06, 3.889200797857484e-06, 4.612091288436204e-06, 6.626398317166604e-06, 5.6985486480698455e-06, 5.776189027528744e-06, 6.446904990298208e-06, 5.527786470338469e-06, 8.059400897764135e-06, 9.755633072927594e-06, 7.496337275370024e-06, 2.921649183917907e-06, 1.003366946861206e-06, 2.5449887175454933e-07, 1.975939198928245e-07, 3.2345525369237293e-07, 3.466738291990623e-07], "lowlevel.melbands.stdev": [0.00010034298611572012, 0.0013607912696897984, 0.0020896410569548607, 0.0017377937911078334, 0.00302371964789927, 0.0006858606939204037, 0.0007264311425387859, 0.00032013593590818346, 0.0003522601327858865, 0.0002699582255445421, 0.000284788227872923, 0.0003125185612589121, 0.00011302704660920426, 0.00012388416507747024, 8.91888776095584e-05, 9.393171785632148e-05, 8.996757242130116e-05, 5.9227546444162726e-05, 2.8551565264933743e-05, 2.7938593120779842e-05, 4.8440415412187576e-05, 2.5245108190574683e-05, 2.6062414690386504e-05, 1.412679466739064e-05, 5.37486948815058e-06, 8.503866411047056e-06, 1.9799799702013843e-05, 1.4794077287660912e-05, 1.69916693266714e-05, 2.240081812487915e-05, 1.865873855422251e-05, 2.666244654392358e-05, 3.361271956237033e-05, 2.5388093490619212e-05, 1.1394410648790654e-05, 3.4367690204817336e-06, 8.734683660804876e-07, 6.007600177326822e-07, 1.1643173820630182e-06, 1.5056424444992444e-06], "lowlevel.melbands128.mean": [1.9589906514738686e-06, 4.7287171582865994e-06, 2.40161971305497e-05, 0.00026756172883324325, 0.0010853004641830921, 0.0016600160161033273, 0.001887381891719997, 0.0014281377661973238, 0.0009163225186057389, 0.00070532615063712, 0.0009762959671206772, 0.001274269656278193, 0.0016360509907826781, 0.0006727409781888127, 0.00022369898215401918, 0.00021975084382575005, 0.00028059666510671377, 0.0006103453924879432, 0.00025657916557975113, 8.206324855564162e-05, 9.305545245297253e-05, 0.000157251488417387, 0.000132802888401784, 5.412157406681217e-05, 6.646196561632678e-05, 8.261262701125816e-05, 0.00010506754915695637, 6.735396891599521e-05, 6.888692587381229e-05, 0.00014604335592593998, 8.481210534228012e-05, 4.885658927378245e-05, 5.3872103308094665e-05, 4.335229459684342e-05, 9.968332597054541e-05, 5.3914485761197284e-05, 3.325967918499373e-05, 2.404267252131831e-05, 5.506571687874384e-05, 4.547494972939603e-05, 2.5657680453150533e-05, 3.3742831874405965e-05, 3.4237113140989095e-05, 2.8986642064410262e-05, 1.891345891635865e-05, 1.8288048522663303e-05, 1.7043308616848662e-05, 8.210802661778871e-06, 1.139718915510457e-05, 1.6323974705301225e-05, 9.490536285738926e-06, 9.432379556528758e-06, 2.4111175662255846e-05, 8.23640584712848e-06, 8.443224942311645e-06, 1.0292851584381424e-05, 7.763876965327654e-06, 9.804445653571747e-06, 1.1250525858486071e-05, 1.0170247151108924e-05, 8.535784218111075e-06, 4.1229532143916e-06, 4.146409082750324e-06, 3.696695102917147e-06, 3.6242920486984076e-06, 4.6597974687756505e-06, 5.108469849801622e-06, 5.640722520183772e-06, 8.292199709103443e-06, 6.105309239501366e-06, 5.113843144499697e-06, 5.761772172263591e-06, 5.9327676353859715e-06, 5.8411660575075075e-06, 5.3439816838363186e-06, 6.4776154431456234e-06, 7.238002581289038e-06, 6.04590150032891e-06, 5.080642040411476e-06, 4.738371444545919e-06, 7.216963695100276e-06, 1.081770551536465e-05, 7.961467417771928e-06, 1.1469202036096249e-05, 8.783775228948798e-06, 8.061713742790744e-06, 7.593353529955493e-06, 5.090560989629012e-06, 2.379283614573069e-06, 1.6251865417871159e-06, 1.3435832215691335e-06, 8.785141289990861e-07, 3.385343347872549e-07, 2.197678981019635e-07, 1.8078615937611175e-07, 2.2835386914721312e-07, 1.3592777747817308e-07, 2.5901670142047806e-07, 3.3816326094893157e-07, 3.484364583528077e-07, 3.581077692160761e-07, 3.811356634741969e-07, 2.6204207870250684e-07, 5.173130261937331e-07, 7.977069458320329e-07, 1.0203791589447064e-06, 1.2030851621602778e-06, 9.214896863340982e-07, 1.7413719888281776e-06, 2.1810835733049316e-06, 1.9981969217042206e-06, 1.4214832617653883e-06, 1.0810211961143068e-06, 1.0834992281161249e-06, 8.989998718789138e-07, 7.386622087324213e-07, 5.162071374797961e-07, 4.168022726958043e-08, 8.893699145195999e-12, 4.0674872324453215e-12, 3.647968645908994e-12, 3.524360490947398e-12, 3.4244159157620357e-12, 3.331058302455392e-12, 3.1634421644721744e-12, 2.926968563354837e-12, 2.7947553125906577e-12, 2.7604023667554545e-12], "lowlevel.melbands128.stdev": [1.0994454896717798e-05, 2.7072899683844298e-05, 0.00013478222535923123, 0.0003645600809250027, 0.0014987627509981394, 0.002570232842117548, 0.0032187383621931076, 0.002586604095995426, 0.00234956294298172, 0.0015369333559647202, 0.0027511222288012505, 0.003508615540340543, 0.004838248714804649, 0.0016637126682326198, 0.0006874215905554593, 0.0005014844355173409, 0.0005673842970281839, 0.001285700243897736, 0.0005202143220230937, 0.00037460055318661034, 0.00044107018038630486, 0.0005176594713702798, 0.0005185032496228814, 0.0002177654969273135, 0.000260509317740798, 0.000355739175574854, 0.0006591148558072746, 0.00029662944143638015, 0.00024207755632232875, 0.0005868755397386849, 0.0003099541354458779, 0.00011303506471449509, 0.00014624884352087975, 0.00019746579346247017, 0.00020455334743019193, 0.00016676864470355213, 9.788879833649844e-05, 9.63959246291779e-05, 0.00014976851525716484, 0.000109662207250949, 0.00011668272054521367, 0.00014933591592125595, 0.0001103112954297103, 0.00010986438428517431, 8.536512905266136e-05, 7.724430179223418e-05, 6.0518988902913406e-05, 2.8673939596046694e-05, 3.281516910647042e-05, 3.518800804158673e-05, 3.443792593316175e-05, 2.7211317501496524e-05, 0.0001019930059555918, 3.3338408684358e-05, 2.9233982786536217e-05, 2.9216495022410527e-05, 2.5205612473655492e-05, 3.9538805140182376e-05, 2.9113714845152572e-05, 2.4841248887241818e-05, 1.9383267499506474e-05, 7.338106115639675e-06, 6.86348494127742e-06, 6.018532985763159e-06, 6.0327442952257115e-06, 9.730856618261896e-06, 1.1657622053462546e-05, 1.5539706510026008e-05, 3.1281684641726315e-05, 1.8969933080370538e-05, 1.4240168638934847e-05, 1.688491101958789e-05, 2.0025789126520976e-05, 1.8488244677428156e-05, 1.7457990907132626e-05, 2.3747994418954477e-05, 2.8428665245883167e-05, 2.3416685507982038e-05, 1.926167169585824e-05, 1.6303625670843758e-05, 2.4989958546939306e-05, 3.956523141823709e-05, 2.902452615671791e-05, 4.42210839537438e-05, 3.105392534052953e-05, 2.906050212914124e-05, 2.564168426033575e-05, 2.4353234039153904e-05, 9.525790119369049e-06, 5.982454695185879e-06, 5.224205779086333e-06, 3.053843556699576e-06, 1.2505823860919918e-06, 9.304569061896473e-07, 6.929765845598013e-07, 7.887500714787166e-07, 4.830671400668507e-07, 9.483777603236376e-07, 1.1783056379499612e-06, 1.5283716265912517e-06, 1.9598192011471838e-06, 1.8375641275270027e-06, 9.885424105959828e-07, 2.204288421125966e-06, 3.201475465175463e-06, 3.81369181923219e-06, 4.475502919376595e-06, 3.5497105272952467e-06, 6.21615299678524e-06, 7.744553840893786e-06, 7.624845693499083e-06, 4.5866199798183516e-06, 3.837814347207313e-06, 3.992798156104982e-06, 3.573703224901692e-06, 2.563619545981055e-06, 1.954869048859109e-06, 1.8732676210220234e-07, 1.4454371033423286e-10, 1.0107018520721933e-11, 6.031366812236927e-12, 5.788844664039727e-12, 5.605836107813733e-12, 5.4694577859837334e-12, 5.359680147615231e-12, 5.274144836142636e-12, 5.2160511153365174e-12, 5.1802225703445615e-12], "lowlevel.mfcc.mean": [-695.4356689453125, 165.1241912841797, -21.904638290405273, 34.121734619140625, -12.397782325744629, 14.27570629119873, -7.541765213012695, -2.4605343341827393, -15.0007963180542, -17.262935638427734, -5.252681732177734, -13.182862281799316, 2.982438087463379], "lowlevel.spectral_contrast_coeffs.mean": [-0.6311019062995911, -0.714099645614624, -0.7518820762634277, -0.785910427570343, -0.7870749235153198, -0.6656191945075989], "lowlevel.spectral_contrast_coeffs.stdev": [0.07523532211780548, 0.06288403272628784, 0.055648323148489, 0.04226310923695564, 0.03947348892688751, 0.0841832086443901], "lowlevel.spectral_contrast_valleys.mean": [-6.941558837890625, -7.227102756500244, -7.593277931213379, -7.904071807861328, -8.114673614501953, -12.315139770507812], "lowlevel.spectral_contrast_valleys.stdev": [0.6451765298843384, 0.7226133346557617, 0.6200876235961914, 0.6284568905830383, 0.9667127728462219, 1.5293458700180054], "rhythm.beats_loudness_band_ratio.mean": [0.33038029074668884, 0.29095831513404846, 0.1286308765411377, 0.11032549291849136, 0.04815414920449257, 0.1231442466378212], "rhythm.beats_loudness_band_ratio.stdev": [0.21733000874519348, 0.175670325756073, 0.09442797303199768, 0.08177514374256134, 0.05166779085993767, 0.24288958311080933], "tonal.hpcp.mean": [0.4692108631134033, 0.1800002008676529, 0.02130282111465931, 0.020748721435666084, 0.022334842011332512, 0.1766246110200882, 0.2974706292152405, 0.1469089239835739, 0.029186096042394638, 0.02593662030994892, 0.02637960948050022, 0.07892442494630814, 0.11639206856489182, 0.09339820593595505, 0.25172317028045654, 0.34955087304115295, 0.1652148813009262, 0.049506787210702896, 0.03945372998714447, 0.03697381913661957, 0.07952963560819626, 0.1266317069530487, 0.07965059578418732, 0.0316142700612545, 0.03126780316233635, 0.037194814532995224, 0.0765625387430191, 0.0828389972448349, 0.04718802124261856, 0.11700262874364853, 0.1455128937959671, 0.0543765164911747, 0.023985186591744423, 0.023222219198942184, 0.029232539236545563, 0.32014405727386475], "tonal.hpcp.stdev": [0.3891488015651703, 0.16399528086185455, 0.07622227817773819, 0.08444138616323471, 0.09396681189537048, 0.22448401153087616, 0.35010072588920593, 0.1739591509103775, 0.11060129106044769, 0.10108981281518936, 0.11814627796411514, 0.1650959700345993, 0.21061012148857117, 0.19779568910598755, 0.3117138147354126, 0.41551247239112854, 0.24050043523311615, 0.1541198194026947, 0.1365734487771988, 0.13567699491977692, 0.16937024891376495, 0.19829466938972473, 0.13255394995212555, 0.10443582385778427, 0.10589383542537689, 0.1315973550081253, 0.17288580536842346, 0.1641179323196411, 0.10781030356884003, 0.22160719335079193, 0.2785942256450653, 0.11915648728609085, 0.06757713109254837, 0.05220622196793556, 0.07214707136154175, 0.3029152452945709], "rhythm.beats_position": [0.7546485066413879, 1.5209070444107056, 2.287165403366089, 3.0534238815307617, 3.8196823596954346, 4.585940837860107, 5.363809585571289, 5.990748405456543, 6.640906810760498, 7.244625568389893, 7.848344326019287, 8.44045352935791, 9.055782318115234, 9.671111106872559, 10.286439895629883, 10.901768684387207, 11.517097473144531, 12.120816230773926, 12.71292495727539, 13.305033683776855, 13.943582534790039, 14.582131385803223, 15.232290267944336, 15.88244915008545, 16.544218063354492, 17.229206085205078, 17.856143951416016, 18.471473693847656, 19.086801528930664, 19.702131271362305, 20.317459106445312, 20.932788848876953, 21.54811668395996, 22.151836395263672, 22.743946075439453, 23.35927391052246, 23.9746036529541, 24.57832145690918, 25.18204116821289, 25.7973690032959, 26.41269874572754, 26.95836639404297, 27.469205856323242, 27.980045318603516, 28.49088478088379, 29.01333236694336, 29.535781860351562, 30.069841384887695, 30.615509033203125, 31.230838775634766, 31.846166610717773, 32.473106384277344, 33.111656188964844, 33.76181411743164, 34.38875198364258, 35.00408172607422, 35.631019592285156, 36.257957458496094, 36.873287200927734, 37.488616943359375, 38.09233474731445, 38.707664489746094, 39.31138229370117], "rhythm.bpm_histogram": [0.0, 0.0, 0.0, 0.0, 0.0, 0.0, 0.0, 0.0, 0.0, 0.0, 0.0, 0.0, 0.0, 0.0, 0.0, 0.0, 0.0, 0.0, 0.0, 0.0, 0.0, 0.0, 0.0, 0.0, 0.0, 0.0, 0.0, 0.0, 0.0, 0.0, 0.0, 0.0, 0.0, 0.0, 0.0, 0.0, 0.0, 0.0, 0.0, 0.0, 0.0, 0.0, 0.0, 0.0, 0.0, 0.0, 0.0, 0.0, 0.0, 0.0, 0.0, 0.0, 0.0, 0.0, 0.0, 0.0, 0.0, 0.0, 0.0, 0.0, 0.0, 0.0, 0.0, 0.0, 0.0, 0.0, 0.0, 0.0, 0.0, 0.0, 0.0, 0.0, 0.0, 0.0, 0.0, 0.0, 0.0, 0.016129031777381897, 0.08064515888690948, 0.0, 0.0, 0.0, 0.0, 0.0, 0.0, 0.0, 0.0, 0.0, 0.016129031777381897, 0.0, 0.0, 0.016129031777381897, 0.06451612710952759, 0.0, 0.04838709533214569, 0.0, 0.09677419066429138, 0.0, 0.33870968222618103, 0.12903225421905518, 0.0, 0.06451612710952759, 0.0, 0.0, 0.0, 0.0, 0.0, 0.0, 0.0, 0.0, 0.032258063554763794, 0.0, 0.016129031777381897, 0.0, 0.0, 0.032258063554763794, 0.0, 0.04838709533214569, 0.0, 0.0, 0.0, 0.0, 0.0, 0.0, 0.0, 0.0, 0.0, 0.0, 0.0, 0.0, 0.0, 0.0, 0.0, 0.0, 0.0, 0.0, 0.0, 0.0, 0.0, 0.0, 0.0, 0.0, 0.0, 0.0, 0.0, 0.0, 0.0, 0.0, 0.0, 0.0, 0.0, 0.0, 0.0, 0.0, 0.0, 0.0, 0.0, 0.0, 0.0, 0.0, 0.0, 0.0, 0.0, 0.0, 0.0, 0.0, 0.0, 0.0, 0.0, 0.0, 0.0, 0.0, 0.0, 0.0, 0.0, 0.0, 0.0, 0.0, 0.0, 0.0, 0.0, 0.0, 0.0, 0.0, 0.0, 0.0, 0.0, 0.0, 0.0, 0.0, 0.0, 0.0, 0.0, 0.0, 0.0, 0.0, 0.0, 0.0, 0.0, 0.0, 0.0, 0.0, 0.0, 0.0, 0.0, 0.0, 0.0, 0.0, 0.0, 0.0, 0.0, 0.0, 0.0, 0.0, 0.0, 0.0, 0.0, 0.0, 0.0, 0.0, 0.0, 0.0, 0.0, 0.0, 0.0, 0.0, 0.0, 0.0, 0.0, 0.0, 0.0, 0.0, 0.0, 0.0, 0.0, 0.0, 0.0, 0.0, 0.0, 0.0, 0.0, 0.0, 0.0, 0.0, 0.0, 0.0, 0.0, 0.0, 0.0, 0.0], "tonal.chords_histogram": [26.967592239379883, 0.23148147761821747, 46.64352035522461, 0.0, 0.5787037014961243, 0.0, 0.0, 0.0, 0.0, 0.0, 0.0, 0.0, 0.0, 0.0, 0.0, 0.0, 0.0, 3.935185194015503, 0.0, 0.0, 0.0, 0.8101851940155029, 20.83333396911621, 0.0], "tonal.thpcp": [1.0, 0.38362327218055725, 0.045401379466056824, 0.0442204624414444, 0.04760086163878441, 0.37642908096313477, 0.6339806914329529, 0.31309786438941956, 0.062202516943216324, 0.055277109146118164, 0.05622122436761856, 0.16820673644542694, 0.2480591982603073, 0.1990537941455841, 0.5364819765090942, 0.7449761033058167, 0.3521122336387634, 0.10551074147224426, 0.08408528566360474, 0.0788000077009201, 0.1694965809583664, 0.26988229155540466, 0.16975437104701996, 0.06737753003835678, 0.06663912534713745, 0.07927100360393524, 0.16317299008369446, 0.17654961347579956, 0.10056890547275543, 0.24936044216156006, 0.31012260913848877, 0.1158892959356308, 0.051118139177560806, 0.04949207603931427, 0.06230149790644646, 0.6823031902313232], "lowlevel.gfcc.cov": [[7637.916015625, -4961.09814453125, 1840.4453125, 442.9041748046875, -1315.059814453125, 432.85076904296875, -461.5108337402344, 359.7549743652344, -552.2232055664062, 687.7371215820312, -1077.041748046875, 641.8953857421875, -859.256591796875], [-4961.09814453125, 4977.69580078125, -1824.26611328125, -340.36224365234375, 1199.5364990234375, -516.074951171875, 476.0308837890625, -253.23995971679688, 531.4107666015625, -684.2003173828125, 826.16259765625, -597.4064331054688, 640.68359375], [1840.4453125, -1824.26611328125, 1163.146240234375, 99.5892105102539, -427.5267333984375, 339.8787536621094, -166.30615234375, 196.9410858154297, -210.05958557128906, 305.8272705078125, -393.77008056640625, 238.49554443359375, -306.12689208984375], [442.9041748046875, -340.36224365234375, 99.5892105102539, 328.64666748046875, -53.96307373046875, 47.0865364074707, -23.431344985961914, -42.319461822509766, 22.238567352294922, 16.321155548095703, -46.154991149902344, 45.14152145385742, -10.275859832763672], [-1315.059814453125, 1199.5364990234375, -427.5267333984375, -53.96307373046875, 472.7427062988281, -145.65354919433594, 131.91783142089844, -48.390804290771484, 157.36878967285156, -137.18649291992188, 222.9036102294922, -138.0540313720703, 164.91725158691406], [432.85076904296875, -516.074951171875, 339.8787536621094, 47.0865364074707, -145.65354919433594, 255.7835693359375, -46.25407028198242, 77.3087158203125, -48.427249908447266, 75.3392333984375, -79.2022476196289, 28.586776733398438, -80.72870635986328], [-461.5108337402344, 476.0308837890625, -166.30615234375, -23.431344985961914, 131.91783142089844, -46.25407028198242, 220.78915405273438, -22.494916915893555, 63.00514221191406, -41.883384704589844, 84.72972869873047, -59.78745651245117, 51.886566162109375], [359.7549743652344, -253.23995971679688, 196.9410858154297, -42.319461822509766, -48.390804290771484, 77.3087158203125, -22.494916915893555, 150.19032287597656, -30.79199981689453, 76.5368423461914, -73.68223571777344, 21.788169860839844, -75.02037811279297], [-552.2232055664062, 531.4107666015625, -210.05958557128906, 22.238567352294922, 157.36878967285156, -48.427249908447266, 63.00514221191406, -30.79199981689453, 151.5481414794922, -62.06651306152344, 95.42800903320312, -65.3607177734375, 70.64181518554688], [687.7371215820312, -684.2003173828125, 305.8272705078125, 16.321155548095703, -137.18649291992188, 75.3392333984375, -41.883384704589844, 76.5368423461914, -62.06651306152344, 199.91970825195312, -118.3685531616211, 96.39155578613281, -118.5985336303711], [-1077.041748046875, 826.16259765625, -393.77008056640625, -46.154991149902344, 222.9036102294922, -79.2022476196289, 84.72972869873047, -73.68223571777344, 95.42800903320312, -118.3685531616211, 269.79241943359375, -111.92351531982422, 173.88504028320312], [641.8953857421875, -597.4064331054688, 238.49554443359375, 45.14152145385742, -138.0540313720703, 28.586776733398438, -59.78745651245117, 21.788169860839844, -65.3607177734375, 96.39155578613281, -111.92351531982422, 156.5963592529297, -73.34259033203125], [-859.256591796875, 640.68359375, -306.12689208984375, -10.275859832763672, 164.91725158691406, -80.72870635986328, 51.886566162109375, -75.02037811279297, 70.64181518554688, -118.5985336303711, 173.88504028320312, -73.34259033203125, 215.33636474609375]], "lowlevel.gfcc.icov": [[0.0005554778035730124, 0.0002932845673058182, 0.0002206190547440201, -0.0004476187750697136, 0.00032289433875121176, 0.000244174269028008, -8.129497291520238e-05, -0.0006068600923754275, 0.00022928736871108413, 0.00011583664309000596, 0.0006771296611987054, -0.000263059395365417, 0.000640811282210052], [0.0002932845673058182, 0.0015776620712131262, 0.0005048162420280278, 0.000549874035641551, -0.0012116982834413648, 0.00040527217788621783, -0.0006547707016579807, -0.0005805755499750376, -0.0010984147666022182, 0.001844066777266562, -9.631110879126936e-05, 0.000927148328628391, 2.5182884201058187e-05], [0.0002206190547440201, 0.0005048162420280278, 0.00390768563374877, -0.0001990148884942755, -0.0006723579717800021, -0.002952178008854389, -9.260625665774569e-05, -0.0011058604577556252, 0.0010668429313227534, -0.0010251132771372795, 0.002714520087465644, -0.0016506070969626307, 0.00030059696291573346], [-0.0004476187750697136, 0.000549874035641551, -0.0001990148884942755, 0.004724438302218914, -0.0009232516749761999, -0.0010494471061974764, -0.00011582645674934611, 0.002369757741689682, -0.0026748538948595524, 0.0008296844898723066, 0.00019305894966237247, -0.00016988460265565664, -0.0011917873052880168], [0.00032289433875121176, -0.0012116982834413648, -0.0006723579717800021, -0.0009232516749761999, 0.006761062890291214, 0.0019141861703246832, -0.0003368374891579151, -0.0015019865240901709, -0.0014779678313061595, -0.001010328414849937, -0.0014157355763018131, 6.9033594627399e-05, 8.629748481325805e-05], [0.000244174269028008, 0.00040527217788621783, -0.002952178008854389, -0.0010494471061974764, 0.0019141861703246832, 0.008764354512095451, -5.155601684236899e-05, -0.0024414043873548508, -0.0009480766020715237, 0.0010990352602675557, -0.0028066656086593866, 0.0030056030955165625, 0.0007095804321579635], [-8.129497291520238e-05, -0.0006547707016579807, -9.260625665774569e-05, -0.00011582645674934611, -0.0003368374891579151, -5.155601684236899e-05, 0.006003032438457012, 0.0004933803575113416, -0.00041654895176179707, -0.0013534376630559564, -0.000456109584774822, 0.00044872562284581363, 0.0003629883285611868], [-0.0006068600923754275, -0.0005805755499750376, -0.0011058604577556252, 0.002369757741689682, -0.0015019865240901709, -0.0024414043873548508, 0.0004933803575113416, 0.012008264660835266, -0.0004416433803271502, -0.003097571199759841, 0.0010631231125444174, 0.0015076750423759222, 0.00024035800015553832], [0.00022928736871108413, -0.0010984147666022182, 0.0010668429313227534, -0.0026748538948595524, -0.0014779678313061595, -0.0009480766020715237, -0.00041654895176179707, -0.0004416433803271502, 0.013143758289515972, -0.0018293962348252535, 0.0005426928400993347, 4.777357025886886e-05, 0.0005536331445910037], [0.00011583664309000596, 0.001844066777266562, -0.0010251132771372795, 0.0008296844898723066, -0.001010328414849937, 0.0010990352602675557, -0.0013534376630559564, -0.003097571199759841, -0.0018293962348252535, 0.013165990822017193, -0.0021630118135362864, -0.0024126057978719473, 0.0027670073322951794], [0.0006771296611987054, -9.631110879126936e-05, 0.002714520087465644, 0.00019305894966237247, -0.0014157355763018131, -0.0028066656086593866, -0.000456109584774822, 0.0010631231125444174, 0.0005426928400993347, -0.0021630118135362864, 0.013794176280498505, 0.0007369605591520667, -0.004888120107352734], [-0.000263059395365417, 0.000927148328628391, -0.0016506070969626307, -0.00016988460265565664, 6.9033594627399e-05, 0.0030056030955165625, 0.00044872562284581363, 0.0015076750423759222, 4.777357025886886e-05, -0.0024126057978719473, 0.0007369605591520667, 0.014245426282286644, -0.0017594069940969348], [0.000640811282210052, 2.5182884201058187e-05, 0.00030059696291573346, -0.0011917873052880168, 8.629748481325805e-05, 0.0007095804321579635, 0.0003629883285611868, 0.00024035800015553832, 0.0005536331445910037, 0.0027670073322951794, -0.004888120107352734, -0.0017594069940969348, 0.012382930144667625]], "lowlevel.mfcc.cov": [[6247.46728515625, -3631.633056640625, 1382.8511962890625, 144.9240264892578, -656.1331787109375, 221.80223083496094, -495.7596435546875, 19.456878662109375, -17.288429260253906, 8.335869789123535, 89.2376937866211, -234.24131774902344, -46.68372344970703], [-3631.633056640625, 3732.860107421875, -1542.972900390625, 65.12261962890625, 421.03271484375, -269.5393981933594, 339.9653015136719, 76.00410461425781, 56.627662658691406, -0.5407994389533997, 57.714717864990234, 76.40696716308594, 32.441959381103516], [1382.8511962890625, -1542.972900390625, 1102.803955078125, -153.1262969970703, -123.97279357910156, 144.38833618164062, -91.46401977539062, 17.016809463500977, 47.75108337402344, 25.34633445739746, 28.469295501708984, -29.45147132873535, -23.36391830444336], [144.9240264892578, 65.12261962890625, -153.1262969970703, 324.09234619140625, -28.989233016967773, 80.24616241455078, -62.24990463256836, 20.974639892578125, 22.65399742126465, -29.024057388305664, -8.15536880493164, 34.35861587524414, 15.285710334777832], [-656.1331787109375, 421.03271484375, -123.97279357910156, -28.989233016967773, 309.358154296875, -48.2703742980957, 58.525413513183594, 3.7723464965820312, 14.926864624023438, 26.844562530517578, -36.09672927856445, 71.10832214355469, -15.547465324401855], [221.80223083496094, -269.5393981933594, 144.38833618164062, 80.24616241455078, -48.2703742980957, 177.39793395996094, -34.531925201416016, 29.021499633789062, 4.183427333831787, 16.150962829589844, 12.422098159790039, 20.1600341796875, 0.2209296077489853], [-495.7596435546875, 339.9653015136719, -91.46401977539062, -62.24990463256836, 58.525413513183594, -34.531925201416016, 198.34539794921875, -1.5072572231292725, 21.030683517456055, 27.035842895507812, 14.318530082702637, 16.85296630859375, 23.3962345123291], [19.456878662109375, 76.00410461425781, 17.016809463500977, 20.974639892578125, 3.7723464965820312, 29.021499633789062, -1.5072572231292725, 103.369873046875, 14.490246772766113, 23.210647583007812, 12.743392944335938, 7.990957736968994, -8.306660652160645], [-17.288429260253906, 56.627662658691406, 47.75108337402344, 22.65399742126465, 14.926864624023438, 4.183427333831787, 21.030683517456055, 14.490246772766113, 118.2644271850586, 5.526394844055176, 42.17716979980469, 4.877878189086914, 15.666717529296875], [8.335869789123535, -0.5407994389533997, 25.34633445739746, -29.024057388305664, 26.844562530517578, 16.150962829589844, 27.035842895507812, 23.210647583007812, 5.526394844055176, 135.69241333007812, 18.40662384033203, 18.917739868164062, -22.05539321899414], [89.2376937866211, 57.714717864990234, 28.469295501708984, -8.15536880493164, -36.09672927856445, 12.422098159790039, 14.318530082702637, 12.743392944335938, 42.17716979980469, 18.40662384033203, 155.82943725585938, -19.070903778076172, 17.128929138183594], [-234.24131774902344, 76.40696716308594, -29.45147132873535, 34.35861587524414, 71.10832214355469, 20.1600341796875, 16.85296630859375, 7.990957736968994, 4.877878189086914, 18.917739868164062, -19.070903778076172, 121.52582550048828, 8.203797340393066], [-46.68372344970703, 32.441959381103516, -23.36391830444336, 15.285710334777832, -15.547465324401855, 0.2209296077489853, 23.3962345123291, -8.306660652160645, 15.666717529296875, -22.05539321899414, 17.128929138183594, 8.203797340393066, 86.98553466796875]], "lowlevel.mfcc.icov": [[0.0005224069464020431, 0.0005076147499494255, 3.348111567902379e-05, -0.00040661037201061845, 0.0002659437304828316, 0.00047703913878649473, 0.0003358430112712085, -0.00046519809984602034, -3.590165215427987e-05, -0.0002309513947693631, -0.0003878794377669692, 0.0005327976541593671, 5.709973629564047e-05], [0.0005076147499494255, 0.0015113832196220756, 0.0013913552975282073, -8.86789130163379e-05, -0.0004323577450122684, 0.0005989806377328932, -0.00045572518138214946, -0.0014296139124780893, -0.0006494854460470378, 0.00016776274424046278, -0.0009086935315281153, 0.0005388422287069261, 0.00029292749240994453], [3.348111567902379e-05, 0.0013913552975282073, 0.0032525062561035156, 0.0016904944786801934, -0.00048378913197666407, -0.00127543939743191, -0.0002495099324733019, -0.0012770815519616008, -0.001894426066428423, 0.0005059796385467052, -0.0005273294518701732, -6.731893790856702e-06, 0.0005114855011925101], [-0.00040661037201061845, -8.86789130163379e-05, 0.0016904944786801934, 0.005589935462921858, 0.00016813227557577193, -0.0031098551116883755, 0.0012570719700306654, -0.00036031685885973275, -0.002055905759334564, 0.001204941887408495, 0.000707978499121964, -0.001601452473551035, -0.00036053781514056027], [0.0002659437304828316, -0.0004323577450122684, -0.00048378913197666407, 0.00016813227557577193, 0.005156179890036583, 0.0009737611399032176, 5.6296310503967106e-05, 0.0002413390320725739, -0.000704341393429786, -0.0007018770556896925, 0.0010698847472667694, -0.002346759894862771, 0.0010310616344213486], [0.00047703913878649473, 0.0005989806377328932, -0.00127543939743191, -0.0031098551116883755, 0.0009737611399032176, 0.009273143485188484, 0.00011687767982948571, -0.0020197597332298756, 0.0011470080353319645, -0.0012166439555585384, -0.001053806976415217, -0.0008964167791418731, -6.029753421898931e-05], [0.0003358430112712085, -0.00045572518138214946, -0.0002495099324733019, 0.0012570719700306654, 5.6296310503967106e-05, 0.00011687767982948571, 0.0075301616452634335, 0.000461045274278149, -0.0009192305733449757, -0.0015976829454302788, 1.2395754311000928e-05, -0.0001772772375261411, -0.00213454058393836], [-0.00046519809984602034, -0.0014296139124780893, -0.0012770815519616008, -0.00036031685885973275, 0.0002413390320725739, -0.0020197597332298756, 0.000461045274278149, 0.012150918133556843, -0.00045172119280323386, -0.0016169673763215542, 0.00034880623570643365, -0.0006004305323585868, 0.000747743877582252], [-3.590165215427987e-05, -0.0006494854460470378, -0.001894426066428423, -0.002055905759334564, -0.000704341393429786, 0.0011470080353319645, -0.0009192305733449757, -0.00045172119280323386, 0.011269978247582912, -0.00019859170424751937, -0.0024853351060301065, 0.00012688669085036963, -0.001452011289075017], [-0.0002309513947693631, 0.00016776274424046278, 0.0005059796385467052, 0.001204941887408495, -0.0007018770556896925, -0.0012166439555585384, -0.0015976829454302788, -0.0016169673763215542, -0.00019859170424751937, 0.009274842217564583, -0.0012844614684581757, -0.001647017546929419, 0.0026862905360758305], [-0.0003878794377669692, -0.0009086935315281153, -0.0005273294518701732, 0.000707978499121964, 0.0010698847472667694, -0.001053806976415217, 1.2395754311000928e-05, 0.00034880623570643365, -0.0024853351060301065, -0.0012844614684581757, 0.008497143164277077, 0.0007565791020169854, -0.0015340725658461452], [0.0005327976541593671, 0.0005388422287069261, -6.731893790856702e-06, -0.001601452473551035, -0.002346759894862771, -0.0008964167791418731, -0.0001772772375261411, -0.0006004305323585868, 0.00012688669085036963, -0.001647017546929419, 0.0007565791020169854, 0.011440817266702652, -0.0017306922236457467], [5.709973629564047e-05, 0.00029292749240994453, 0.0005114855011925101, -0.00036053781514056027, 0.0010310616344213486, -6.029753421898931e-05, -0.00213454058393836, 0.000747743877582252, -0.001452011289075017, 0.0026862905360758305, -0.0015340725658461452, -0.0017306922236457467, 0.013856208883225918]], "metadata.audio_properties.analysis.downmix": "mix", "metadata.audio_properties.codec": "mp3", "metadata.audio_properties.md5_encoded": "e225a18e1c291c7b7b56cea70c698b51", "metadata.tags.file_name": "1182275922242568273.mp3", "metadata.version.essentia": "2.1-beta6-dev", "metadata.version.essentia_git_sha": "v2.1_beta5-1110-g77a6a954", "metadata.version.extractor": "music 2.0", "tonal.chords_key": "A", "tonal.chords_scale": "major", "tonal.key_edma.key": "D", "tonal.key_edma.scale": "major", "tonal.key_krumhansl.key": "D", "tonal.key_krumhansl.scale": "major", "tonal.key_temperley.key": "D", "tonal.key_temperley.scale": "major", "metadata.tags.encoding": ["Lavf58.45.