{"song_id": "1182285085878263828", "download": "https://cdn.discordapp.com/attachments/1135911532732108921/1182285085878263828/chirp.mp4?ex=658423ca&amp", "lyrics": "\u0418\u0440\u0438\u043d\u0430 \u042e\u0440\u044c\u0435\u0432\u043d\u0430, \u0442\u0451\u0449\u0430 \u0434\u043e\u0440\u043e\u0433\u0430\u044f!\n\u0421 \u0414\u043d\u0451\u043c \u0420\u043e\u0436\u0434\u0435\u043d\u0438\u044f! \u0412\u0430\u0441 \u044f \u043f\u043e\u0437\u0434\u0440\u0430\u0432\u043b\u044f\u044e!\n\u041f\u0443\u0441\u0442\u044c \u0431\u043b\u0435\u0441\u0442\u044f\u0442 \u043e\u0442 \u0440\u0430\u0434\u043e\u0441\u0442\u0438 \u0433\u043b\u0430\u0437\u0430,\n\u041b\u0443\u0447\u0448\u0435\u0439 \u0442\u0451\u0449\u0438 \u0432 \u043c\u0438\u0440\u0435 \u043d\u0435 \u043d\u0430\u0439\u0442\u0438!\n\n\u0412\u0430\u043c \u0436\u0435\u043b\u0430\u044e \u043a\u0440\u0435\u043f\u043a\u043e\u0433\u043e \u0437\u0434\u043e\u0440\u043e\u0432\u044c\u044f,\n\u0414\u043e\u043b\u0433\u0438\u0445 \u043b\u0435\u0442, \u043d\u0435\u0443\u0442\u043e\u043c\u0438\u043c\u044b\u0445 \u0441\u0438\u043b.\n\u0427\u0442\u043e\u0431\u044b \u0436\u0438\u0437\u043d\u044c \u0431\u044b\u043b\u0430 \u0412\u0430\u0448\u0430 \u0441\u043f\u043e\u043a\u043e\u0439\u043d\u0430,\n\u0422\u043e\u043b\u044c\u043a\u043e \u043f\u0440\u0430\u0437\u0434\u043d\u0438\u043a \u0432 \u0434\u043e\u043c \u0412\u0430\u0448 \u0437\u0430\u0445\u043e\u0434\u0438\u043b.\n\n\u041d\u0430 \u0433\u043e\u0434\u0430 \u0412\u044b, \u0442\u0451\u0449\u0430, \u043d\u0435 \u0440\u043e\u043f\u0449\u0438\u0442\u0435,\n\u041d\u0435 \u0441\u0434\u0430\u0432\u0430\u0439\u0442\u0435\u0441\u044c \u0432 \u0438\u0445 \u0436\u0435\u0441\u0442\u043e\u043a\u0438\u0439 \u043f\u043b\u0435\u043d,\n\u0412 \u043a\u0430\u0436\u0434\u043e\u043c \u0434\u043d\u0435 \u043f\u0440\u0435\u043a\u0440\u0430\u0441\u043d\u043e\u0435 \u0438\u0449\u0438\u0442\u0435,\n\u041f\u0443\u0441\u0442\u044c \u043d\u0435 \u0431\u0443\u0434\u0435\u0442 \u0433\u043e\u0440\u044f \u0438 \u043f\u0440\u043e\u0431\u043b\u0435\u043c!\n\n\u041a\u0430\u0440\u0438\u043d\u0430 \u0438 \u0410\u0440\u0441\u0435\u043d\u0438\u0439 \u0412\u0430\u0441 \u0442\u043e\u0436\u0435 \u043f\u043e\u0437\u0434\u0440\u0430\u0432\u043b\u044f\u044e\u0442,\n\u0421\u0447\u0430\u0441\u0442\u044c\u044f, \u0440\u0430\u0434\u043e\u0441\u0442\u0438 \u0432 \u0436\u0438\u0437\u043d\u0438 \u0412\u0430\u043c \u0436\u0435\u043b\u0430\u044e\u0442.", "style": ["dark synthwave"], "essentia_features": {"lowlevel.average_loudness": 0.9086312055587769, "lowlevel.barkbands_crest.mean": 11.809779167175293, "lowlevel.barkbands_crest.stdev": 6.332147121429443, "lowlevel.barkbands_flatness_db.mean": 0.16901825368404388, "lowlevel.barkbands_flatness_db.stdev": 0.07165246456861496, "lowlevel.barkbands_kurtosis.mean": 6.711589813232422, "lowlevel.barkbands_kurtosis.stdev": 20.214054107666016, "lowlevel.barkbands_skewness.mean": 1.250490665435791, "lowlevel.barkbands_skewness.stdev": 2.2185776233673096, "lowlevel.barkbands_spread.mean": 21.717283248901367, "lowlevel.barkbands_spread.stdev": 17.027751922607422, "lowlevel.dissonance.mean": 0.45385509729385376, "lowlevel.dissonance.stdev": 0.03880034759640694, "lowlevel.dynamic_complexity": 6.989571571350098, "lowlevel.erbbands_crest.mean": 9.376961708068848, "lowlevel.erbbands_crest.stdev": 4.3134870529174805, "lowlevel.erbbands_flatness_db.mean": 0.18981286883354187, "lowlevel.erbbands_flatness_db.stdev": 0.06305796653032303, "lowlevel.erbbands_kurtosis.mean": 0.531780481338501, "lowlevel.erbbands_kurtosis.stdev": 1.7400970458984375, "lowlevel.erbbands_skewness.mean": -0.3249613642692566, "lowlevel.erbbands_skewness.stdev": 0.7278650403022766, "lowlevel.erbbands_spread.mean": 28.918855667114258, "lowlevel.erbbands_spread.stdev": 15.23271656036377, "lowlevel.hfc.mean": 20.187402725219727, "lowlevel.hfc.stdev": 19.40376853942871, "lowlevel.loudness_ebu128.integrated": -17.925031661987305, "lowlevel.loudness_ebu128.loudness_range": 2.4416236877441406, "lowlevel.loudness_ebu128.momentary.mean": -34.304805755615234, "lowlevel.loudness_ebu128.momentary.stdev": 55.542720794677734, "lowlevel.loudness_ebu128.short_term.mean": -21.40325927734375, "lowlevel.loudness_ebu128.short_term.stdev": 11.386734008789062, "lowlevel.melbands_crest.mean": 14.775591850280762, "lowlevel.melbands_crest.stdev": 9.15845012664795, "lowlevel.melbands_flatness_db.mean": 0.21549424529075623, "lowlevel.melbands_flatness_db.stdev": 0.10196111351251602, "lowlevel.melbands_kurtosis.mean": 16.151636123657227, "lowlevel.melbands_kurtosis.stdev": 39.505313873291016, "lowlevel.melbands_skewness.mean": 2.3414666652679443, "lowlevel.melbands_skewness.stdev": 2.691046714782715, "lowlevel.melbands_spread.mean": 33.828369140625, "lowlevel.melbands_spread.stdev": 34.667030334472656, "lowlevel.pitch_salience.mean": 0.4573209285736084, "lowlevel.pitch_salience.stdev": 0.1751803308725357, "lowlevel.silence_rate_20dB.mean": 0.9971731305122375, "lowlevel.silence_rate_20dB.stdev": 0.05309373885393143, "lowlevel.silence_rate_30dB.mean": 0.8989399075508118, "lowlevel.silence_rate_30dB.stdev": 0.30140969157218933, "lowlevel.silence_rate_60dB.mean": 0.1738515943288803, "lowlevel.silence_rate_60dB.stdev": 0.37898173928260803, "lowlevel.spectral_centroid.mean": 1871.0816650390625, "lowlevel.spectral_centroid.stdev": 2145.032958984375, "lowlevel.spectral_complexity.mean": 15.289046287536621, "lowlevel.spectral_complexity.stdev": 9.060032844543457, "lowlevel.spectral_decrease.mean": -1.0640814451789993e-08, "lowlevel.spectral_decrease.stdev": 1.568241891902744e-08, "lowlevel.spectral_energy.mean": 0.04199191927909851, "lowlevel.spectral_energy.stdev": 0.05988650396466255, "lowlevel.spectral_energyband_high.mean": 0.00041877367766574025, "lowlevel.spectral_energyband_high.stdev": 0.0011003095423802733, "lowlevel.spectral_energyband_low.mean": 0.02783706784248352, "lowlevel.spectral_energyband_low.stdev": 0.05753038451075554, "lowlevel.spectral_energyband_middle_high.mean": 0.007075176108628511, "lowlevel.spectral_energyband_middle_high.stdev": 0.007665448822081089, "lowlevel.spectral_energyband_middle_low.mean": 0.007267135661095381, "lowlevel.spectral_energyband_middle_low.stdev": 0.00923945289105177, "lowlevel.spectral_entropy.mean": 7.373551845550537, "lowlevel.spectral_entropy.stdev": 0.751228928565979, "lowlevel.spectral_flux.mean": 0.06813854724168777, "lowlevel.spectral_flux.stdev": 0.06857121735811234, "lowlevel.spectral_kurtosis.mean": 7.584228038787842, "lowlevel.spectral_kurtosis.stdev": 7.116401195526123, "lowlevel.spectral_rms.mean": 0.005128475837409496, "lowlevel.spectral_rms.stdev": 0.0038296759594231844, "lowlevel.spectral_rolloff.mean": 2667.138427734375, "lowlevel.spectral_rolloff.stdev": 4382.81103515625, "lowlevel.spectral_skewness.mean": 1.853796362876892, "lowlevel.spectral_skewness.stdev": 0.756234347820282, "lowlevel.spectral_spread.mean": 5597439.0, "lowlevel.spectral_spread.stdev": 8006746.0, "lowlevel.spectral_strongpeak.mean": 1.3826802968978882, "lowlevel.spectral_strongpeak.stdev": 2.036566734313965, "lowlevel.zerocrossingrate.mean": 0.09145214408636093, "lowlevel.zerocrossingrate.stdev": 0.13529640436172485, "metadata.audio_properties.analysis.equal_loudness": 0.0, "metadata.audio_properties.analysis.length": 32.83199691772461, "metadata.audio_properties.analysis.sample_rate": 44100.0, "metadata.audio_properties.analysis.start_time": 0.0, "metadata.audio_properties.bit_rate": 114641.0, "metadata.audio_properties.length": 32.832000732421875, "metadata.audio_properties.lossless": 0.0, "metadata.audio_properties.number_channels": 1.0, "metadata.audio_properties.replay_gain": -8.011236190795898, "metadata.audio_properties.sample_rate": 48000.0, "rhythm.beats_count": 79.0, "rhythm.beats_loudness.mean": 0.10506215691566467, "rhythm.beats_loudness.stdev": 0.10987166315317154, "rhythm.bpm": 147.69261169433594, "rhythm.bpm_histogram_first_peak_bpm": 148.0, "rhythm.bpm_histogram_first_peak_weight": 0.30136990547180176, "rhythm.bpm_histogram_second_peak_bpm": 140.0, "rhythm.bpm_histogram_second_peak_spread": 0.0, "rhythm.bpm_histogram_second_peak_weight": 0.05128205195069313, "rhythm.danceability": 1.1897270679473877, "rhythm.onset_rate": 2.770620584487915, "tonal.chords_changes_rate": 0.04378531128168106, "tonal.chords_number_rate": 0.008474576286971569, "tonal.chords_strength.mean": 0.5136722326278687, "tonal.chords_strength.stdev": 0.13703864812850952, "tonal.hpcp_crest.mean": 14.247783660888672, "tonal.hpcp_crest.stdev": 7.043335437774658, "tonal.hpcp_entropy.mean": 1.500504493713379, "tonal.hpcp_entropy.stdev": 0.6652002334594727, "tonal.key_edma.strength": 0.7679686546325684, "tonal.key_krumhansl.strength": 0.7560476064682007, "tonal.key_temperley.strength": 0.7353881597518921, "tonal.tuning_diatonic_strength": 0.5203964114189148, "tonal.tuning_equal_tempered_deviation": 0.3149302899837494, "tonal.tuning_frequency": 434.193115234375, "tonal.tuning_nontempered_energy_ratio": 0.9967366456985474, "lowlevel.barkbands.mean": [0.001252933987416327, 0.0252672228962183, 0.0007204078719951212, 0.0013151055900380015, 0.0020384120289236307, 0.0011433608597144485, 0.00032257437123917043, 0.0007628501625731587, 0.0015955314738675952, 0.0002510248450562358, 0.000573089113458991, 0.001237864955328405, 0.00048529659397900105, 0.000995005015283823, 0.0008090640185400844, 0.0015494258841499686, 0.0008270139223895967, 0.00021504338656086475, 0.00014734930300619453, 0.0001086078118532896, 7.175790233304724e-05, 6.446292536566034e-05, 7.487719267373905e-05, 9.22896433621645e-05, 5.172174496692605e-05, 1.80720271600876e-05, 1.582117761245172e-06], "lowlevel.barkbands.stdev": [0.002944478765130043, 0.054686155170202255, 0.0022637161891907454, 0.004176788032054901, 0.00446636276319623, 0.0012408591574057937, 0.0005770896095782518, 0.0013922103680670261, 0.002223083982244134, 0.0004229982732795179, 0.000990835833363235, 0.0016375859268009663, 0.0013205924769863486, 0.001620897208340466, 0.0013877896126359701, 0.0031040599569678307, 0.0013118683127686381, 0.0007949640275910497, 0.0003017046255990863, 0.0002703267673496157, 0.00017500168178230524, 0.0001636555534787476, 0.0002155741531169042, 0.00026625499594956636, 0.00017378112534061074, 5.66383678233251e-05, 4.298917701817118e-06], "lowlevel.erbbands.mean": [1.0662171840667725, 4.275716304779053, 1.736238718032837, 2.8617537021636963, 5.942605018615723, 6.696139335632324, 7.263429164886475, 9.875880241394043, 5.042484760284424, 9.496052742004395, 19.868927001953125, 21.496646881103516, 31.82862663269043, 20.58803939819336, 23.845046997070312, 38.229454040527344, 27.499094009399414, 48.81415557861328, 28.08033561706543, 48.97065353393555, 103.45576477050781, 60.48822784423828, 16.32693862915039, 9.883400917053223, 6.213820934295654, 4.555057525634766, 3.4010417461395264, 2.403320074081421, 2.3263659477233887, 2.292733669281006, 2.029109239578247, 2.103250026702881, 1.3940093517303467, 0.7874696254730225, 0.2343478500843048, 0.08259027451276779, 0.030417202040553093, 0.007417856715619564, 0.00019082218932453543, 5.318150215316564e-05], "lowlevel.erbbands.stdev": [2.552431106567383, 8.694150924682617, 3.264389753341675, 9.206523895263672, 15.711181640625, 14.038206100463867, 10.358250617980957, 11.627202033996582, 6.803732872009277, 14.327291488647461, 29.668277740478516, 25.565242767333984, 52.267513275146484, 34.42445755004883, 29.94981575012207, 48.91741943359375, 52.47962951660156, 74.05000305175781, 59.356414794921875, 89.35216522216797, 205.57424926757812, 89.48233795166016, 56.74351501464844, 18.36642837524414, 12.770442008972168, 10.955198287963867, 8.973175048828125, 5.815607070922852, 6.057929039001465, 6.284379959106445, 5.8245110511779785, 5.964425086975098, 4.17100715637207, 2.6165435314178467, 0.7899290323257446, 0.2991616725921631, 0.08757194131612778, 0.0188530832529068, 0.00043625678517855704, 6.87374486005865e-05], "lowlevel.gfcc.mean": [-131.5928955078125, 104.82392120361328, -130.54429626464844, 16.802473068237305, -42.39504623413086, 18.20339012145996, -38.719234466552734, 8.440046310424805, -9.299396514892578, -7.535481929779053, -7.075177192687988, -0.15590772032737732, -0.7636818885803223], "lowlevel.melbands.mean": [0.008132435381412506, 0.002352520590648055, 0.0005809016292914748, 0.0004543509567156434, 0.00026132911443710327, 0.0002144999452866614, 8.058587263803929e-05, 0.00012750833411701024, 0.00015771180915180594, 0.00017400529759470373, 0.00015708236605860293, 7.455440936610103e-05, 6.901754386490211e-05, 0.00013554925681091845, 7.662962889298797e-05, 8.28113843454048e-05, 8.176582923624665e-05, 3.6677443858934566e-05, 7.962333620525897e-05, 4.489713683142327e-05, 0.00013655460497830063, 6.044429028406739e-05, 2.0803881852771156e-05, 1.0685274901334196e-05, 7.886221283115447e-06, 5.0486219151935074e-06, 4.363301741250325e-06, 2.6350285224907566e-06, 2.2580895802093437e-06, 1.704800070001511e-06, 1.2764697885359055e-06, 1.3271979923956678e-06, 1.2495644341470324e-06, 1.302117993873253e-06, 1.0896956155193038e-06, 1.3409394341579173e-06, 1.2603388768184232e-06, 1.067434709511872e-06, 8.197205829674203e-07, 6.089911153139838e-07], "lowlevel.melbands.stdev": [0.01837274432182312, 0.0042223259806632996, 0.0016914685256779194, 0.0011270311661064625, 0.00036069739144295454, 0.0002444886777084321, 0.00010788650251924992, 0.000200609618332237, 0.00021655358432326466, 0.00023741275072097778, 0.00026012331363745034, 0.00012851270730607212, 8.855097985360771e-05, 0.00021819639368914068, 0.00012849362974520773, 0.00018865367746911943, 0.00012504243932198733, 0.00011472269397927448, 0.00013618552475236356, 9.033311653183773e-05, 0.0002829384175129235, 0.0001004092555376701, 4.149807136855088e-05, 3.701503374031745e-05, 1.5214300219668075e-05, 1.0833821761480067e-05, 1.0779906006064266e-05, 6.835822205175646e-06, 6.65302559355041e-06, 4.26202450398705e-06, 3.0835117286187597e-06, 3.5385580758884316e-06, 3.278239773862879e-06, 3.848233973258175e-06, 3.150009888486238e-06, 3.96753739551059e-06, 3.5636098800750915e-06, 3.3331941722281044e-06, 2.5258498226321535e-06, 2.1896644284424838e-06], "lowlevel.melbands128.mean": [0.0012178312754258513, 0.009153880178928375, 0.011549890041351318, 0.005472901742905378, 0.0011705051874741912, 0.0003483243053779006, 0.0005525348242372274, 0.0006725511630065739, 0.0006270555895753205, 0.00043616327457129955, 0.0003685315605252981, 0.0002912274212576449, 0.00025702454149723053, 0.00019463505304884166, 0.00020057382062077522, 0.0002884820569306612, 8.189051732188091e-05, 3.5634646337712184e-05, 7.346340134972706e-05, 9.160744230030105e-05, 0.00015737795911263674, 0.00024313128960784525, 0.00012498715659603477, 0.00014983976143412292, 4.198226088192314e-05, 0.00018969622033182532, 0.00045153286191634834, 6.229984137462452e-05, 4.6080156607786193e-05, 2.1850288248970173e-05, 0.00011998666741419584, 0.00011958294635405764, 2.7355124984751455e-05, 2.71711887762649e-05, 0.00022682183771394193, 0.00013105150719638914, 3.3056348911486566e-05, 0.00016024583601392806, 2.252584818052128e-05, 2.3514719941886142e-05, 7.84682561061345e-05, 0.00019819679437205195, 9.27328655961901e-05, 1.1239289960940368e-05, 5.9069672715850174e-05, 3.428982381592505e-05, 1.1799109415733255e-05, 0.00011488740710774437, 7.821877079550177e-05, 6.653802847722545e-05, 1.5729188817203976e-05, 1.9472421627142467e-05, 0.00027729765861295164, 9.41947873798199e-05, 1.8175680452259257e-05, 9.2492118710652e-05, 7.078186172293499e-05, 1.4243031728256028e-05, 6.516688699775841e-06, 2.1073596144560724e-05, 5.613762823486468e-06, 1.084795076167211e-05, 8.048118615988642e-06, 6.491137810371583e-06, 8.359619641851168e-06, 5.187861461308785e-06, 2.9246436952234944e-06, 3.881184966303408e-06, 6.019293778081192e-06, 2.883758725147345e-06, 2.389518385825795e-06, 2.6436928237671964e-06, 2.272843403261504e-06, 2.5422393719054526e-06, 1.7521153949928703e-06, 1.5812606761755887e-06, 2.0704280814243248e-06, 9.902604460876319e-07, 1.3428425518213771e-06, 1.1643484185697162e-06, 1.4752120023331372e-06, 1.3251739119368722e-06, 1.163436195383838e-06, 1.3498039379555848e-06, 1.1521300393724232e-06, 1.3197928865338326e-06, 1.4023956964592799e-06, 1.1891626172655378e-06, 1.0153153198189102e-06, 9.64284481597133e-07, 1.4313634437712608e-06, 1.3474651723299758e-06, 1.410275331181765e-06, 1.2052402098561288e-06, 1.2146992958150804e-06, 1.324329446106276e-06, 1.0718282510424615e-06, 5.79953450596804e-07, 9.257406645701849e-07, 9.352875167678576e-07, 6.011219397805689e-07, 6.474992346738873e-07, 4.6944236942181305e-07, 2.7579574179981137e-07, 2.2868798055242223e-07, 1.5871025027536234e-07, 2.2714156955316867e-07, 2.1451441511999292e-07, 1.2305898167142004e-07, 9.271315093428711e-08, 6.430543919577758e-08, 9.023852243217334e-08, 1.0876206602006278e-07, 1.0756166091141495e-07, 8.069392976040035e-08, 9.548005408532845e-08, 6.223017123829777e-08, 9.741894402282014e-09, 2.7855375991925335e-11, 7.54077876530257e-12, 7.347269494195618e-12, 7.209207189551314e-12, 7.056044550729501e-12, 6.9271359481870576e-12, 6.760157537921696e-12, 6.55337459645744e-12, 6.43113904144621e-12, 6.386766549654199e-12], "lowlevel.melbands128.stdev": [0.0028903314378112555, 0.022837400436401367, 0.026135923340916634, 0.010450675152242184, 0.002380123594775796, 0.0012198141776025295, 0.0019783934112638235, 0.0020510023459792137, 0.0016993304016068578, 0.0015913930255919695, 0.0007399282767437398, 0.0004730889922939241, 0.000437905837316066, 0.0002896414662245661, 0.000259834952885285, 0.0004070859286002815, 0.00012963969493284822, 8.991051436169073e-05, 0.00016455135482829064, 0.0002040969702647999, 0.00030429346952587366, 0.000530376099050045, 0.000164015669724904, 0.00022552601876668632, 6.803816359024495e-05, 0.0002887894515879452, 0.0008588777272962034, 0.00010570092126727104, 0.0001299858558923006, 5.5302545661106706e-05, 0.00024572902475483716, 0.00023159000556915998, 6.849917554063722e-05, 8.268476085504517e-05, 0.00038493864121846855, 0.00024645423400215805, 6.455789844039828e-05, 0.0002852007164619863, 4.342631291365251e-05, 9.296872303821146e-05, 0.0003700486267916858, 0.00034478443558327854, 0.0001645884185563773, 2.4987910364870913e-05, 0.00021161175391171128, 0.00014116961392574012, 2.7778511139331385e-05, 0.00022809386427979916, 0.00016799870354589075, 0.0002279665641253814, 4.962055027135648e-05, 4.6319211833179e-05, 0.0006168015534058213, 0.00018840943812392652, 8.106104360194877e-05, 0.00017326987290289253, 0.00012968105147592723, 3.0160903406795114e-05, 2.617863538034726e-05, 0.00014532290515489876, 1.2395144040056039e-05, 2.339867569389753e-05, 1.6897887689992785e-05, 1.9366472770343535e-05, 2.4727592972340062e-05, 1.2554034583445173e-05, 7.760342668916564e-06, 1.075972704711603e-05, 1.6132265955093317e-05, 7.787765753164422e-06, 6.841111371613806e-06, 8.487209015584085e-06, 8.382428859476931e-06, 8.221384632633999e-06, 4.325808276917087e-06, 4.223757969157305e-06, 5.775475528935203e-06, 3.1906902222544886e-06, 3.376789436515537e-06, 3.1033596314955503e-06, 4.107166205358226e-06, 4.28318026024499e-06, 3.4884681099356385e-06, 3.760680328923627e-06, 3.2267087135551265e-06, 4.041517968289554e-06, 4.920944775221869e-06, 3.441797616687836e-06, 3.1944400689098984e-06, 3.6218577861291124e-06, 4.7160360736597795e-06, 3.9302008190134075e-06, 4.412944235809846e-06, 3.4847421375161503e-06, 3.839352757495362e-06, 4.1974153646151535e-06, 3.810464477282949e-06, 1.7692706251182244e-06, 3.029893150596763e-06, 3.0670503292640205e-06, 2.0079266960237874e-06, 2.5507683858450036e-06, 2.1325474790501175e-06, 1.0871416407098877e-06, 6.793297302465362e-07, 6.539411856465449e-07, 9.119008836933062e-07, 8.882828979039914e-07, 4.89830199512653e-07, 3.3190082149303635e-07, 2.504334872810432e-07, 3.031314292911702e-07, 3.4453793773536745e-07, 3.016729408500396e-07, 2.2510788255658554e-07, 2.5719160134940466e-07, 1.714199555635787e-07, 2.8395806594971873e-08, 7.20140225229926e-10, 1.6199831406882303e-11, 1.5812353162947268e-11, 1.5481884871326734e-11, 1.5154731636268792e-11, 1.4897940520119946e-11, 1.467782145825325e-11, 1.449521145474586e-11, 1.4368926187779962e-11, 1.429127562818655e-11], "lowlevel.mfcc.mean": [-726.125244140625, 130.65313720703125, -16.533254623413086, 4.2506585121154785, 14.221709251403809, 2.896833658218384, -4.206916809082031, 9.242729187011719, 1.8202989101409912, -0.363433301448822, -2.257586717605591, 6.387242794036865, -3.0142104625701904], "lowlevel.spectral_contrast_coeffs.mean": [-0.7217848300933838, -0.7421897649765015, -0.7052314281463623, -0.7336136698722839, -0.7701864838600159, -0.7836614847183228], "lowlevel.spectral_contrast_coeffs.stdev": [0.09594160318374634, 0.08107175678014755, 0.09196465462446213, 0.08684151619672775, 0.06983717530965805, 0.061818987131118774], "lowlevel.spectral_contrast_valleys.mean": [-8.497071266174316, -8.519360542297363, -9.091089248657227, -9.252126693725586, -9.56101131439209, -12.162315368652344], "lowlevel.spectral_contrast_valleys.stdev": [4.773603916168213, 4.598803520202637, 4.49140739440918, 4.464079856872559, 4.378570079803467, 3.8234610557556152], "rhythm.beats_loudness_band_ratio.mean": [0.4727265536785126, 0.12260398268699646, 0.11623859405517578, 0.11755192279815674, 0.10695219784975052, 0.05443449690937996], "rhythm.beats_loudness_band_ratio.stdev": [0.37791725993156433, 0.159027099609375, 0.12416303902864456, 0.10508014261722565, 0.12364363670349121, 0.11413691192865372], "tonal.hpcp.mean": [0.05962727591395378, 0.04601237177848816, 0.04480448737740517, 0.09542906284332275, 0.13428989052772522, 0.07849157601594925, 0.11755742132663727, 0.1738455891609192, 0.08258890360593796, 0.020739540457725525, 0.018534088507294655, 0.019087813794612885, 0.13400395214557648, 0.2696687579154968, 0.15371480584144592, 0.018776072189211845, 0.021860964596271515, 0.03709109127521515, 0.2505227327346802, 0.3663240075111389, 0.153011292219162, 0.020363250747323036, 0.0162797924131155, 0.009889749810099602, 0.0375751294195652, 0.0670817568898201, 0.059683896601200104, 0.22857116162776947, 0.37151455879211426, 0.18236494064331055, 0.03182829171419144, 0.03408413380384445, 0.03792780265212059, 0.08065818250179291, 0.12129519879817963, 0.09814184904098511], "tonal.hpcp.stdev": [0.19261373579502106, 0.17725081741809845, 0.17430181801319122, 0.1929878145456314, 0.22765052318572998, 0.15999667346477509, 0.19492259621620178, 0.2895243167877197, 0.1581454575061798, 0.08514885604381561, 0.07567992061376572, 0.08119367063045502, 0.19210122525691986, 0.3432258367538452, 0.20069189369678497, 0.08687800914049149, 0.0960477665066719, 0.11417678743600845, 0.29271432757377625, 0.38606205582618713, 0.18835434317588806, 0.09018241614103317, 0.07162129878997803, 0.0731833279132843, 0.10062248259782791, 0.17895933985710144, 0.16268903017044067, 0.2589757740497589, 0.3798408508300781, 0.21606411039829254, 0.13284935057163239, 0.1390436589717865, 0.1496964395046234, 0.18331223726272583, 0.23945604264736176, 0.22195762395858765], "rhythm.beats_position": [0.4527890980243683, 0.9287981986999512, 1.3351473808288574, 1.7414965629577637, 2.14784574508667, 2.554194927215576, 2.9489340782165527, 3.355283498764038, 3.7616326808929443, 4.179591655731201, 4.574330806732178, 4.980679988861084, 5.38702917098999, 5.7933783531188965, 6.199728012084961, 6.5944671630859375, 7.000816345214844, 7.40716552734375, 7.813514709472656, 8.219863891601562, 8.626213073730469, 9.032562255859375, 9.438911437988281, 9.845260620117188, 10.251609802246094, 10.657958984375, 11.064308166503906, 11.470657348632812, 11.877006530761719, 12.283355712890625, 12.689704895019531, 13.096054077148438, 13.490793228149414, 13.88553237915039, 14.303491592407227, 14.709840774536133, 15.116189956665039, 15.522539138793945, 15.928888320922852, 16.335237503051758, 16.741586685180664, 17.1595458984375, 17.554285049438477, 17.949024200439453, 18.35537338256836, 18.761722564697266, 19.1796817779541, 19.574420928955078, 19.980770111083984, 20.38711929321289, 20.793468475341797, 21.199817657470703, 21.60616683959961, 22.012516021728516, 22.418865203857422, 22.825214385986328, 23.231563568115234, 23.63791275024414, 24.032651901245117, 24.439001083374023, 24.84535026550293, 25.251699447631836, 25.658048629760742, 26.076007843017578, 26.470746994018555, 26.86548614501953, 27.271835327148438, 27.678184509277344, 28.08453369140625, 28.502492904663086, 28.920452117919922, 29.350021362304688, 29.767980575561523, 30.18593978881836, 30.603899002075195, 31.03346824645996, 31.463037490844727, 31.892606735229492, 32.31056594848633], "rhythm.bpm_histogram": [0.0, 0.0, 0.0, 0.0, 0.0, 0.0, 0.0, 0.0, 0.0, 0.0, 0.0, 0.0, 0.0, 0.0, 0.0, 0.0, 0.0, 0.0, 0.0, 0.0, 0.0, 0.0, 0.0, 0.0, 0.0, 0.0, 0.0, 0.0, 0.0, 0.0, 0.0, 0.0, 0.0, 0.0, 0.0, 0.0, 0.0, 0.0, 0.0, 0.0, 0.0, 0.0, 0.0, 0.0, 0.0, 0.0, 0.0, 0.0, 0.0, 0.0, 0.0, 0.0, 0.0, 0.0, 0.0, 0.0, 0.0, 0.0, 0.0, 0.0, 0.0, 0.0, 0.0, 0.0, 0.0, 0.0, 0.0, 0.0, 0.0, 0.0, 0.0, 0.0, 0.0, 0.0, 0.0, 0.0, 0.0, 0.0, 0.0, 0.0, 0.0, 0.0, 0.0, 0.0, 0.0, 0.0, 0.0, 0.0, 0.0, 0.0, 0.0, 0.0, 0.0, 0.0, 0.0, 0.0, 0.0, 0.0, 0.0, 0.0, 0.0, 0.0, 0.0, 0.0, 0.0, 0.0, 0.0, 0.0, 0.0, 0.0, 0.0, 0.0, 0.0, 0.0, 0.0, 0.0, 0.0, 0.0, 0.0, 0.0, 0.0, 0.0, 0.0, 0.0, 0.0, 0.0, 0.012820512987673283, 0.0, 0.0, 0.0, 0.0, 0.0, 0.0, 0.0, 0.0, 0.0, 0.0, 0.0, 0.0, 0.0, 0.05128205195069313, 0.0, 0.0, 0.0, 0.14102564752101898, 0.0, 0.0, 0.0, 0.6538461446762085, 0.0, 0.0, 0.0, 0.14102564752101898, 0.0, 0.0, 0.0, 0.0, 0.0, 0.0, 0.0, 0.0, 0.0, 0.0, 0.0, 0.0, 0.0, 0.0, 0.0, 0.0, 0.0, 0.0, 0.0, 0.0, 0.0, 0.0, 0.0, 0.0, 0.0, 0.0, 0.0, 0.0, 0.0, 0.0, 0.0, 0.0, 0.0, 0.0, 0.0, 0.0, 0.0, 0.0, 0.0, 0.0, 0.0, 0.0, 0.0, 0.0, 0.0, 0.0, 0.0, 0.0, 0.0, 0.0, 0.0, 0.0, 0.0, 0.0, 0.0, 0.0, 0.0, 0.0, 0.0, 0.0, 0.0, 0.0, 0.0, 0.0, 0.0, 0.0, 0.0, 0.0, 0.0, 0.0, 0.0, 0.0, 0.0, 0.0, 0.0, 0.0, 0.0, 0.0, 0.0, 0.0, 0.0, 0.0, 0.0, 0.0, 0.0, 0.0, 0.0, 0.0, 0.0, 0.0, 0.0, 0.0, 0.0, 0.0, 0.0, 0.0, 0.0], "tonal.chords_histogram": [53.53107452392578, 15.395480155944824, 21.610170364379883, 0.0, 0.8474576473236084, 0.0, 0.0, 0.0, 0.9887005686759949, 0.0, 0.0, 0.0, 0.0, 4.943502902984619, 0.0, 0.0, 0.0, 0.0, 0.0, 1.1299434900283813, 0.0, 0.0, 0.0, 1.5536723136901855], "tonal.thpcp": [1.0, 0.4908688962459564, 0.08567172288894653, 0.09174373745918274, 0.10208968073129654, 0.2171063870191574, 0.3264884054660797, 0.2641668915748596, 0.16049781441688538, 0.12385079264640808, 0.12059954553842545, 0.2568649351596832, 0.36146602034568787, 0.21127456426620483, 0.3164274990558624, 0.46793749928474426, 0.22230327129364014, 0.05582430213689804, 0.049887917935848236, 0.05137837305665016, 0.36069637537002563, 0.7258632183074951, 0.4137517809867859, 0.05053926259279251, 0.058842819184064865, 0.0998375192284584, 0.6743281483650208, 0.9860286712646484, 0.41185814142227173, 0.054811447858810425, 0.04382006451487541, 0.026620086282491684, 0.10114039480686188, 0.18056292831897736, 0.16065022349357605, 0.6152414679527283], "lowlevel.gfcc.cov": [[104951.4375, 10082.0625, -8622.2275390625, 3423.1396484375, -2006.529541015625, 2187.78759765625, -2209.1396484375, 1015.8515014648438, -268.56134033203125, -528.9093627929688, -58.263668060302734, 212.87826538085938, 652.2569580078125], [10082.0625, 3615.478759765625, -1581.6746826171875, 243.12924194335938, 228.5276641845703, -7.968189239501953, -88.52375030517578, -97.96268463134766, 405.35736083984375, -373.03985595703125, 317.99273681640625, -277.47174072265625, 390.8487548828125], [-8622.2275390625, -1581.6746826171875, 2116.944580078125, 115.87088775634766, 277.054931640625, 228.99974060058594, 406.90716552734375, 129.4326171875, -1.8776586055755615, 240.64170837402344, -19.5471134185791, 190.4628448486328, -129.09738159179688], [3423.1396484375, 243.12924194335938, 115.87088775634766, 541.3186645507812, 134.8833465576172, 250.09625244140625, 144.5494384765625, 117.71672821044922, 78.5650634765625, 34.55701446533203, 110.7530746459961, 16.768922805786133, 122.62653350830078], [-2006.529541015625, 228.5276641845703, 277.054931640625, 134.8833465576172, 539.4255981445312, 75.85120391845703, 270.9573669433594, 55.12065887451172, 211.82264709472656, 19.726390838623047, 104.38432312011719, -20.422048568725586, 136.9191131591797], [2187.78759765625, -7.968189239501953, 228.99974060058594, 250.09625244140625, 75.85120391845703, 334.06549072265625, 83.90814208984375, 160.81332397460938, 74.45088195800781, 76.96940612792969, 50.43562698364258, 85.84715270996094, 67.46315002441406], [-2209.1396484375, -88.52375030517578, 406.90716552734375, 144.5494384765625, 270.9573669433594, 83.90814208984375, 276.1658630371094, 62.12855911254883, 125.0201187133789, 42.817840576171875, 88.4663314819336, 4.782920837402344, 90.19039916992188], [1015.8515014648438, -97.96268463134766, 129.4326171875, 117.71672821044922, 55.12065887451172, 160.81332397460938, 62.12855911254883, 164.31849670410156, 68.08727264404297, 67.1378402709961, 12.959131240844727, 59.25422668457031, 44.84152603149414], [-268.56134033203125, 405.35736083984375, -1.8776586055755615, 78.5650634765625, 211.82264709472656, 74.45088195800781, 125.0201187133789, 68.08727264404297, 234.56417846679688, 12.79299259185791, 124.83790588378906, -5.203771591186523, 156.79348754882812], [-528.9093627929688, -373.03985595703125, 240.64170837402344, 34.55701446533203, 19.726390838623047, 76.96940612792969, 42.817840576171875, 67.1378402709961, 12.79299259185791, 135.1989288330078, 16.69667625427246, 76.95748138427734, -13.916252136230469], [-58.263668060302734, 317.99273681640625, -19.5471134185791, 110.7530746459961, 104.38432312011719, 50.43562698364258, 88.4663314819336, 12.959131240844727, 124.83790588378906, 16.69667625427246, 197.6334686279297, 19.702375411987305, 100.72599029541016], [212.87826538085938, -277.47174072265625, 190.4628448486328, 16.768922805786133, -20.422048568725586, 85.84715270996094, 4.782920837402344, 59.25422668457031, -5.203771591186523, 76.95748138427734, 19.702375411987305, 153.83360290527344, 12.525461196899414], [652.2569580078125, 390.8487548828125, -129.09738159179688, 122.62653350830078, 136.9191131591797, 67.46315002441406, 90.19039916992188, 44.84152603149414, 156.79348754882812, -13.916252136230469, 100.72599029541016, 12.525461196899414, 216.38748168945312]], "lowlevel.gfcc.icov": [[0.00013426777150016278, -0.0004128399887122214, 0.0004402509657666087, -0.0008577795815654099, 0.00018799830286297947, -0.00044570790487341583, 0.000295958889182657, -0.0003872361849062145, 0.00035643778392113745, -0.00044032157165929675, 0.0008016047650016844, -0.0008759715128690004, 0.000457592832390219], [-0.0004128399887122214, 0.002237267792224884, -0.0009604046936146915, 0.0023154495283961296, -0.0008180407457984984, 0.0008691463153809309, -0.00014778469630982727, 0.00170358014293015, -0.0025744494050741196, 0.0032328683882951736, -0.003228690940886736, 0.003115634899586439, -0.0013306433102115989], [0.0004402509657666087, -0.0009604046936146915, 0.0028574145399034023, -0.002897980622947216, 0.0006944668130017817, -0.0022316090762615204, -0.001278726034797728, -0.00017005385598167777, 0.0001687662588665262, -0.0013763140887022018, 0.0031966387759894133, -0.0040895976126194, 0.0031171629671007395], [-0.0008577795815654099, 0.0023154495283961296, -0.002897980622947216, 0.009558547288179398, -0.001410371158272028, 0.000364956067642197, -0.0030581336468458176, 0.0012463800376281142, 0.0012025900650769472, 0.002110766712576151, -0.006848853547126055, 0.007396356668323278, -0.004923160187900066], [0.00018799830286297947, -0.0008180407457984984, 0.0006944668130017817, -0.001410371158272028, 0.004998408257961273, -0.0006169735570438206, -0.003829928580671549, 0.0006863198359496891, -0.002676364267244935, -0.0008850414305925369, 0.0026630812790244818, -0.0016777862329035997, 0.001348025631159544], [-0.00044570790487341583, 0.0008691463153809309, -0.0022316090762615204, 0.000364956067642197, -0.0006169735570438206, 0.009922457858920097, 8.612169040134177e-05, -0.004343939945101738, -0.0011147568002343178, 0.0008025584975257516, -0.00255506276153028, 0.0009782906854525208, -0.0016113559249788523], [0.000295958889182657, -0.00014778469630982727, -0.001278726034797728, -0.0030581336468458176, -0.003829928580671549, 8.612169040134177e-05, 0.01497860811650753, -0.0034258016385138035, 0.0009431328508071601, -3.6789019759453367e-06, -0.002012171084061265, 0.0020455988124012947, -0.0026570488698780537], [-0.0003872361849062145, 0.00170358014293015, -0.00017005385598167777, 0.0012463800376281142, 0.0006863198359496891, -0.004343939945101738, -0.0034258016385138035, 0.01777617633342743, -0.007967516779899597, -0.0014492761110886931, 0.0024921847507357597, -0.0004457830509636551, 0.0004923288943246007], [0.00035643778392113745, -0.0025744494050741196, 0.0001687662588665262, 0.0012025900650769472, -0.002676364267244935, -0.0011147568002343178, 0.0009431328508071601, -0.007967516779899597, 0.020364437252283096, -0.0050608632154762745, -0.003560659009963274, 0.0020966839510947466, -0.0072515131905674934], [-0.00044032157165929675, 0.0032328683882951736, -0.0013763140887022018, 0.002110766712576151, -0.0008850414305925369, 0.0008025584975257516, -3.6789019759453367e-06, -0.0014492761110886931, -0.0050608632154762745, 0.01883131079375744, -0.005344658624380827, -0.0011231034295633435, 0.001513332943432033], [0.0008016047650016844, -0.003228690940886736, 0.0031966387759894133, -0.006848853547126055, 0.0026630812790244818, -0.00255506276153028, -0.002012171084061265, 0.0024921847507357597, -0.003560659009963274, -0.005344658624380827, 0.01629084162414074, -0.009106148965656757, 0.0038178525865077972], [-0.0008759715128690004, 0.003115634899586439, -0.0040895976126194, 0.007396356668323278, -0.0016777862329035997, 0.0009782906854525208, 0.0020455988124012947, -0.0004457830509636551, 0.0020966839510947466, -0.0011231034295633435, -0.009106148965656757, 0.019387314096093178, -0.00809702929109335], [0.000457592832390219, -0.0013306433102115989, 0.0031171629671007395, -0.004923160187900066, 0.001348025631159544, -0.0016113559249788523, -0.0026570488698780537, 0.0004923288943246007, -0.0072515131905674934, 0.001513332943432033, 0.0038178525865077972, -0.00809702929109335, 0.01499325130134821]], "lowlevel.mfcc.cov": [[40415.515625, 6167.47900390625, -1155.79248046875, 1006.0603637695312, 1368.168212890625, 672.4032592773438, 272.2175598144531, 834.3440551757812, 515.5984497070312, 282.6472473144531, -246.0465850830078, 476.49615478515625, 490.873291015625], [6167.47900390625, 3061.07861328125, -732.29638671875, 182.39971923828125, 385.367431640625, 104.92196655273438, -93.22513580322266, 187.29263305664062, 95.95743560791016, 72.81195068359375, -1.2661828994750977, 162.17681884765625, 18.470916748046875], [-1155.79248046875, -732.29638671875, 1045.90478515625, 11.214655876159668, 4.97719669342041, 132.1045684814453, 159.41845703125, 92.00458526611328, 11.125655174255371, 1.3931244611740112, 89.25119018554688, 70.78877258300781, 1.957690954208374], [1006.0603637695312, 182.39971923828125, 11.214655876159668, 290.07293701171875, 121.4880142211914, 112.82028198242188, 111.41166687011719, 77.86613464355469, 69.31817626953125, 82.96358489990234, -1.4393985271453857, 15.45220947265625, 71.62306213378906], [1368.168212890625, 385.367431640625, 4.97719669342041, 121.4880142211914, 266.8576354980469, 140.91954040527344, 90.61573791503906, 129.46197509765625, 132.7918701171875, 96.61141967773438, 28.88380241394043, 71.96559143066406, 75.77275085449219], [672.4032592773438, 104.92196655273438, 132.1045684814453, 112.82028198242188, 140.91954040527344, 173.9063720703125, 110.0854263305664, 89.8065414428711, 83.79708862304688, 72.36689758300781, 23.704227447509766, 40.25557327270508, 58.016624450683594], [272.2175598144531, -93.22513580322266, 159.41845703125, 111.41166687011719, 90.61573791503906, 110.0854263305664, 160.10220336914062, 88.26258087158203, 58.20045471191406, 62.36354064941406, 31.453807830810547, 24.8742618560791, 49.153961181640625], [834.3440551757812, 187.29263305664062, 92.00458526611328, 77.86613464355469, 129.46197509765625, 89.8065414428711, 88.26258087158203, 150.07717895507812, 93.51806640625, 51.4585075378418, 21.868026733398438, 54.7801628112793, 51.46198272705078], [515.5984497070312, 95.95743560791016, 11.125655174255371, 69.31817626953125, 132.7918701171875, 83.79708862304688, 58.20045471191406, 93.51806640625, 193.7282257080078, 115.84495544433594, -16.852787017822266, 4.680722236633301, 67.75213623046875], [282.6472473144531, 72.81195068359375, 1.3931244611740112, 82.96358489990234, 96.61141967773438, 72.36689758300781, 62.36354064941406, 51.4585075378418, 115.84495544433594, 142.7652130126953, 15.85387897491455, -0.7747499942779541, 45.592281341552734], [-246.0465850830078, -1.2661828994750977, 89.25119018554688, -1.4393985271453857, 28.88380241394043, 23.704227447509766, 31.453807830810547, 21.868026733398438, -16.852787017822266, 15.85387897491455, 99.55020141601562, 64.41551208496094, 0.8591670393943787], [476.49615478515625, 162.17681884765625, 70.78877258300781, 15.45220947265625, 71.96559143066406, 40.25557327270508, 24.8742618560791, 54.7801628112793, 4.680722236633301, -0.7747499942779541, 64.41551208496094, 139.4335174560547, 54.442527770996094], [490.873291015625, 18.470916748046875, 1.957690954208374, 71.62306213378906, 75.77275085449219, 58.016624450683594, 49.153961181640625, 51.46198272705078, 67.75213623046875, 45.592281341552734, 0.8591670393943787, 54.442527770996094, 127.39993286132812]], "lowlevel.mfcc.icov": [[4.229305704939179e-05, -6.994753493927419e-05, -2.7605065042735077e-06, -3.358207322889939e-05, -7.978630310390145e-05, -2.4156856852641795e-06, -4.462176002562046e-05, -6.9267931394279e-05, 7.13139888830483e-05, 9.035041330207605e-06, 0.00020555556693580002, -5.523717118194327e-05, -5.9082154621137306e-05], [-6.994753493927419e-05, 0.0008260441827587783, 0.000491516781039536, -0.00030052216607145965, -0.0005924835568293929, -0.00045652902917936444, 0.0012831415515393019, -0.0009785237489268184, 0.00047767884097993374, -0.00042832293547689915, 0.00016869473620317876, -0.0008434272021986544, 0.001030166633427143], [-2.7605065042735077e-06, 0.000491516781039536, 0.001766231725923717, 0.00011819185601780191, 0.0006805750890634954, -0.001563672674819827, -0.0004709423810709268, -0.0010889339027926326, -0.00015363037528004497, 0.00036621547769755125, -0.00036081275902688503, -0.0011646277271211147, 0.0012254174798727036], [-3.358207322889939e-05, -0.00030052216607145965, 0.00011819185601780191, 0.006235326174646616, -0.0005700113833881915, -0.0011545122833922505, -0.003111089812591672, -9.10590315470472e-05, 0.0019108636770397425, -0.0021383357234299183, 0.0014096221420913935, 0.0009449057979509234, -0.0018966732313856483], [-7.978630310390145e-05, -0.0005924835568293929, 0.0006805750890634954, -0.0005700113833881915, 0.012181693688035011, -0.00503561832010746, -0.00019153331231791526, -0.0026379371993243694, -0.00403808057308197, -0.0004800568276550621, -0.0016715559177100658, -0.0022497151512652636, 0.00018266355618834496], [-2.4156856852641795e-06, -0.00045652902917936444, -0.001563672674819827, -0.0011545122833922505, -0.00503561832010746, 0.016174226999282837, -0.00612120795994997, 0.0013865050859749317, -0.0006941328174434602, -0.0007731938967481256, 0.0004769033403135836, 0.00023555551888421178, -0.001278385054320097], [-4.462176002562046e-05, 0.0012831415515393019, -0.0004709423810709268, -0.003111089812591672, -0.00019153331231791526, -0.00612120795994997, 0.018891602754592896, -0.007943994365632534, 0.0034366287291049957, -0.0029042656533420086, -0.0031187059357762337, 0.002700153971090913, -0.0013574464246630669], [-6.9267931394279e-05, -0.0009785237489268184, -0.0010889339027926326, -9.10590315470472e-05, -0.0026379371993243694, 0.0013865050859749317, -0.007943994365632534, 0.019486743956804276, -0.007957528345286846, 0.004631568677723408, -0.0007989599835127592, -0.0028332476504147053, 0.0003982485504820943],