{"song_id": "1182277319553974333", "download": "https://cdn.discordapp.com/attachments/1128313332273782784/1182277319553974333/chirp.mp4?ex=65841c8e&amp", "lyrics": "[Verse]\nPricilla, she's a Brazilian queen\nWith a smile that's brighter than sunbeams (ooh-yeah)\nShe dances through the streets, so carefree\nHer dog Kobe, always there by her side (by her side)\nThey make a team, a love that's so pure\n\n[Chorus]\nPricilla and Kobe, a bond that can't be broken (can't be broken)\nThrough all the ups and the downs, they're never losin'\nThey're chasin' dreams, catchin' every moment (oh-oh-oh)\nPricilla and Kobe, love in motion (love in motion)\nOh-oh-oh-oh-oh-oh-oh\nOh-oh-oh-oh-oh-oh-oh", "style": ["fast female vocal"], "essentia_features": {"lowlevel.average_loudness": 0.9780614376068115, "lowlevel.barkbands_crest.mean": 13.51942253112793, "lowlevel.barkbands_crest.stdev": 5.72325325012207, "lowlevel.barkbands_flatness_db.mean": 0.1792316883802414, "lowlevel.barkbands_flatness_db.stdev": 0.07417742908000946, "lowlevel.barkbands_kurtosis.mean": 18.200786590576172, "lowlevel.barkbands_kurtosis.stdev": 71.37217712402344, "lowlevel.barkbands_skewness.mean": 2.1749191284179688, "lowlevel.barkbands_skewness.stdev": 2.9530093669891357, "lowlevel.barkbands_spread.mean": 20.1942195892334, "lowlevel.barkbands_spread.stdev": 16.67975425720215, "lowlevel.dissonance.mean": 0.45154061913490295, "lowlevel.dissonance.stdev": 0.03366206958889961, "lowlevel.dynamic_complexity": 2.361961603164673, "lowlevel.erbbands_crest.mean": 12.110142707824707, "lowlevel.erbbands_crest.stdev": 6.161994457244873, "lowlevel.erbbands_flatness_db.mean": 0.1746954619884491, "lowlevel.erbbands_flatness_db.stdev": 0.0530899278819561, "lowlevel.erbbands_kurtosis.mean": 1.9405994415283203, "lowlevel.erbbands_kurtosis.stdev": 4.5929412841796875, "lowlevel.erbbands_skewness.mean": 0.4766464829444885, "lowlevel.erbbands_skewness.stdev": 0.948417067527771, "lowlevel.erbbands_spread.mean": 36.26795959472656, "lowlevel.erbbands_spread.stdev": 22.850671768188477, "lowlevel.hfc.mean": 30.16156005859375, "lowlevel.hfc.stdev": 28.148300170898438, "lowlevel.loudness_ebu128.integrated": -14.485023498535156, "lowlevel.loudness_ebu128.loudness_range": 1.4618988037109375, "lowlevel.loudness_ebu128.momentary.mean": -14.743802070617676, "lowlevel.loudness_ebu128.momentary.stdev": 1.6219381093978882, "lowlevel.loudness_ebu128.short_term.mean": -14.546387672424316, "lowlevel.loudness_ebu128.short_term.stdev": 0.4879676103591919, "lowlevel.melbands_crest.mean": 20.12989616394043, "lowlevel.melbands_crest.stdev": 8.075472831726074, "lowlevel.melbands_flatness_db.mean": 0.23443351686000824, "lowlevel.melbands_flatness_db.stdev": 0.10291804373264313, "lowlevel.melbands_kurtosis.mean": 31.959293365478516, "lowlevel.melbands_kurtosis.stdev": 79.8339614868164, "lowlevel.melbands_skewness.mean": 3.2174103260040283, "lowlevel.melbands_skewness.stdev": 3.189823627471924, "lowlevel.melbands_spread.mean": 25.780742645263672, "lowlevel.melbands_spread.stdev": 33.23368453979492, "lowlevel.pitch_salience.mean": 0.44637832045555115, "lowlevel.pitch_salience.stdev": 0.17969994246959686, "lowlevel.silence_rate_20dB.mean": 1.0, "lowlevel.silence_rate_20dB.stdev": 0.0, "lowlevel.silence_rate_30dB.mean": 0.8226743936538696, "lowlevel.silence_rate_30dB.stdev": 0.3819444477558136, "lowlevel.silence_rate_60dB.mean": 0.051744185388088226, "lowlevel.silence_rate_60dB.stdev": 0.221511110663414, "lowlevel.spectral_centroid.mean": 1457.3848876953125, "lowlevel.spectral_centroid.stdev": 916.4228515625, "lowlevel.spectral_complexity.mean": 14.29651165008545, "lowlevel.spectral_complexity.stdev": 9.682551383972168, "lowlevel.spectral_decrease.mean": -1.3727461833923371e-08, "lowlevel.spectral_decrease.stdev": 1.496077040030741e-08, "lowlevel.spectral_energy.mean": 0.05454634130001068, "lowlevel.spectral_energy.stdev": 0.05672118067741394, "lowlevel.spectral_energyband_high.mean": 0.0014635330298915505, "lowlevel.spectral_energyband_high.stdev": 0.002884617540985346, "lowlevel.spectral_energyband_low.mean": 0.03483840078115463, "lowlevel.spectral_energyband_low.stdev": 0.05610258877277374, "lowlevel.spectral_energyband_middle_high.mean": 0.00784023106098175, "lowlevel.spectral_energyband_middle_high.stdev": 0.009832104668021202, "lowlevel.spectral_energyband_middle_low.mean": 0.010893979109823704, "lowlevel.spectral_energyband_middle_low.stdev": 0.010371784679591656, "lowlevel.spectral_entropy.mean": 7.5153656005859375, "lowlevel.spectral_entropy.stdev": 0.5204311013221741, "lowlevel.spectral_flux.mean": 0.12854304909706116, "lowlevel.spectral_flux.stdev": 0.08886733651161194, "lowlevel.spectral_kurtosis.mean": 3.900965452194214, "lowlevel.spectral_kurtosis.stdev": 2.5867409706115723, "lowlevel.spectral_rms.mean": 0.00640644459053874, "lowlevel.spectral_rms.stdev": 0.0034890463575720787, "lowlevel.spectral_rolloff.mean": 1804.852783203125, "lowlevel.spectral_rolloff.stdev": 2436.136474609375, "lowlevel.spectral_skewness.mean": 1.5906981229782104, "lowlevel.spectral_skewness.stdev": 0.533848762512207, "lowlevel.spectral_spread.mean": 5707319.0, "lowlevel.spectral_spread.stdev": 1960439.625, "lowlevel.spectral_strongpeak.mean": 1.4261080026626587, "lowlevel.spectral_strongpeak.stdev": 1.9244742393493652, "lowlevel.zerocrossingrate.mean": 0.06964338570833206, "lowlevel.zerocrossingrate.stdev": 0.06665536761283875, "metadata.audio_properties.analysis.equal_loudness": 0.0, "metadata.audio_properties.analysis.length": 39.914649963378906, "metadata.audio_properties.analysis.sample_rate": 44100.0, "metadata.audio_properties.analysis.start_time": 0.0, "metadata.audio_properties.bit_rate": 122109.0, "metadata.audio_properties.length": 39.91466522216797, "metadata.audio_properties.lossless": 0.0, "metadata.audio_properties.number_channels": 1.0, "metadata.audio_properties.replay_gain": -11.004507064819336, "metadata.audio_properties.sample_rate": 48000.0, "rhythm.beats_count": 72.0, "rhythm.beats_loudness.mean": 0.0960446372628212, "rhythm.beats_loudness.stdev": 0.06637093424797058, "rhythm.bpm": 109.8101806640625, "rhythm.bpm_histogram_first_peak_bpm": 110.0, "rhythm.bpm_histogram_first_peak_weight": 0.41428571939468384, "rhythm.bpm_histogram_second_peak_bpm": 117.0, "rhythm.bpm_histogram_second_peak_spread": 0.0, "rhythm.bpm_histogram_second_peak_weight": 0.014084506779909134, "rhythm.danceability": 2.2278566360473633, "rhythm.onset_rate": 4.508260250091553, "tonal.chords_changes_rate": 0.0987224131822586, "tonal.chords_number_rate": 0.006968641187995672, "tonal.chords_strength.mean": 0.49035364389419556, "tonal.chords_strength.stdev": 0.09181983768939972, "tonal.hpcp_crest.mean": 16.03363800048828, "tonal.hpcp_crest.stdev": 7.809566020965576, "tonal.hpcp_entropy.mean": 1.6768605709075928, "tonal.hpcp_entropy.stdev": 0.7738027572631836, "tonal.key_edma.strength": 0.7301325798034668, "tonal.key_krumhansl.strength": 0.7470500469207764, "tonal.key_temperley.strength": 0.7682917714118958, "tonal.tuning_diatonic_strength": 0.6051761507987976, "tonal.tuning_equal_tempered_deviation": 0.23723283410072327, "tonal.tuning_frequency": 434.193115234375, "tonal.tuning_nontempered_energy_ratio": 0.9642339944839478, "lowlevel.barkbands.mean": [0.0038440378848463297, 0.027826370671391487, 0.0031213518232107162, 0.0008117310353554785, 0.0010455993469804525, 0.003063366049900651, 0.002487434074282646, 0.001292570261284709, 0.0012821124400943518, 0.001635815599001944, 0.0005791869480162859, 0.0011879787780344486, 0.0016106028342619538, 0.0012123198248445988, 0.0007235389784909785, 0.00029084799461998045, 0.000318901235004887, 0.0002681219484657049, 0.00016819716256577522, 0.00048673994024284184, 0.0001731537631712854, 0.00022197197540663183, 0.0002221827016910538, 0.0003174013108946383, 0.00026033527683466673, 9.229110582964495e-05, 2.185876155635924e-06], "lowlevel.barkbands.stdev": [0.007643789518624544, 0.05016445368528366, 0.011092038825154305, 0.0033627438824623823, 0.002704938640818, 0.004928468726575375, 0.005279275123029947, 0.003364460077136755, 0.002851902274414897, 0.003482501022517681, 0.0020285805221647024, 0.004519719630479813, 0.005172249861061573, 0.003883732482790947, 0.0022373367100954056, 0.0006825457676313818, 0.0007869028486311436, 0.0005749069969169796, 0.00034758285619318485, 0.0008367518894374371, 0.0004244344891048968, 0.0005154170794412494, 0.0005486130248755217, 0.0008977927500382066, 0.0007239663973450661, 0.00022591040760744363, 5.425925792224007e-06], "lowlevel.erbbands.mean": [1.031904697418213, 5.249540328979492, 5.044590950012207, 3.1806819438934326, 2.2069272994995117, 3.8637239933013916, 8.481830596923828, 32.88115310668945, 42.3466796875, 29.765886306762695, 20.562990188598633, 35.7357177734375, 53.28871154785156, 31.3690242767334, 29.917600631713867, 61.048946380615234, 76.24136352539062, 73.8501205444336, 46.84834289550781, 24.40010643005371, 17.13588523864746, 17.11882781982422, 16.203136444091797, 8.413220405578613, 12.773852348327637, 24.273046493530273, 8.859688758850098, 7.139638423919678, 8.048293113708496, 6.9435882568359375, 6.311636447906494, 6.223093032836914, 5.45106840133667, 3.4030895233154297, 1.5711243152618408, 0.6100531816482544, 0.12499944865703583, 0.012875623069703579, 0.000368406850611791, 7.92350692790933e-05], "lowlevel.erbbands.stdev": [1.8081737756729126, 10.724505424499512, 13.551057815551758, 12.12937068939209, 7.710174560546875, 10.74415397644043, 15.746013641357422, 54.41074752807617, 82.45677947998047, 69.32026672363281, 38.881649017333984, 78.9483413696289, 116.03703308105469, 83.3078384399414, 104.54247283935547, 223.46530151367188, 240.408447265625, 204.42137145996094, 132.7511444091797, 66.4956283569336, 37.59162139892578, 39.532222747802734, 34.21127700805664, 17.90851402282715, 21.330223083496094, 44.28789520263672, 18.04412269592285, 17.445960998535156, 17.63910484313965, 18.952272415161133, 15.320125579833984, 17.40743064880371, 15.98215103149414, 9.849037170410156, 4.289670944213867, 1.6174253225326538, 0.29198727011680603, 0.025261614471673965, 0.0006835036328993738, 6.997167656663805e-05], "lowlevel.gfcc.mean": [-2.350395679473877, 55.71058654785156, -116.13316345214844, 10.593113899230957, -67.98497009277344, 21.269031524658203, -35.9655876159668, 19.053911209106445, -18.404531478881836, 22.613292694091797, -1.9268338680267334, 9.132124900817871, -3.5530600547790527], "lowlevel.melbands.mean": [0.008685852400958538, 0.003994789440184832, 0.0005170906079001725, 0.0001961694360943511, 0.00029070815071463585, 0.0007076469482854009, 0.0006175008020363748, 0.0003169261326547712, 0.0001413881400367245, 0.00024004753504414111, 0.00026092081679962575, 0.00012570784019771963, 7.780320447636768e-05, 0.00014081972767598927, 0.00014740503684151918, 0.00016078561020549387, 0.00013969317660667002, 7.598723459523171e-05, 3.79837401851546e-05, 2.809453508234583e-05, 1.843164864112623e-05, 1.8784947314998135e-05, 1.7715665308060125e-05, 1.0102265150635503e-05, 6.241880782908993e-06, 6.606512215512339e-06, 1.591130239830818e-05, 1.5291494491975754e-05, 5.910416803089902e-06, 3.8316375139402226e-06, 4.3056952563347295e-06, 4.748848368762992e-06, 4.048973551107338e-06, 3.7435358990478562e-06, 3.5443952128844103e-06, 3.5911518807552056e-06, 3.985321200161707e-06, 4.109208930458408e-06, 3.1711263090983266e-06, 2.7692774438037304e-06], "lowlevel.melbands.stdev": [0.015033173374831676, 0.008301465772092342, 0.0019318663980811834, 0.000524811097420752, 0.0005684944917447865, 0.0011339571792632341, 0.0012155631557106972, 0.0008066685986705124, 0.0002727995452005416, 0.0005380769143812358, 0.0005774726741947234, 0.0003585430677048862, 0.0002766167453955859, 0.0005043103010393679, 0.0005138751002959907, 0.00046444247709587216, 0.0004551020101644099, 0.0002141612785635516, 0.00011121516581624746, 6.620994827244431e-05, 4.504223761614412e-05, 4.912907752441242e-05, 4.009011900052428e-05, 2.2235071810428053e-05, 1.4129751434666105e-05, 1.4371402357937768e-05, 2.8122587536927313e-05, 2.793675594148226e-05, 1.2311623322602827e-05, 9.93335652310634e-06, 1.0895775631070137e-05, 1.0505681530048605e-05, 1.0375386409577914e-05, 1.0363301953475457e-05, 8.610526492702775e-06, 9.559968930261675e-06, 1.1589354471652769e-05, 1.2457318007363938e-05, 9.112067345995456e-06, 8.210553460230585e-06], "lowlevel.melbands128.mean": [0.003370383521541953, 0.008734305389225483, 0.011377484537661076, 0.007901843637228012, 0.0033869510516524315, 0.0013333807000890374, 0.0006488707731477916, 0.00033972409437410533, 0.0001940259971888736, 0.0001517577184131369, 0.00021825543080922216, 0.000269091862719506, 0.00021927818306721747, 0.0003823949082288891, 0.0008644026820547879, 0.0007832982228137553, 0.000732134678401053, 0.0006683508399873972, 0.0003851317160297185, 0.0002824123075697571, 0.0003522799233905971, 0.00016810002853162587, 0.0001460857893107459, 4.286345938453451e-05, 0.00021909561473876238, 0.00035462959203869104, 0.00019469884864520282, 0.00038192656938917935, 0.00013567545101977885, 0.0001807717198971659, 0.00010764630133053288, 4.7678244300186634e-05, 5.111268546897918e-05, 0.0001480017090216279, 5.691315163858235e-05, 0.00017914088675752282, 0.00022034801077097654, 6.569863762706518e-05, 0.00019655203504953533, 0.0001730717340251431, 0.00019418782903812826, 5.1863633416360244e-05, 0.0001557890063850209, 0.0002038473467109725, 3.503552215988748e-05, 8.166235056705773e-05, 8.325796807184815e-05, 1.7317091987933964e-05, 3.470813680905849e-05, 3.322186239529401e-05, 2.6704698029789142e-05, 2.399271761532873e-05, 1.562304714752827e-05, 1.5976731447153725e-05, 2.490137740096543e-05, 2.0796793251065537e-05, 1.0588501936581451e-05, 1.5966757928254083e-05, 2.3883265384938568e-05, 1.647143653826788e-05, 6.905686404934386e-06, 6.741260222042911e-06, 8.437275027972646e-06, 5.290116405376466e-06, 4.384356543596368e-06, 6.420953013730468e-06, 8.522723874193616e-06, 6.938742899365025e-06, 1.6776972188381478e-05, 3.194142846041359e-05, 1.2762037840730045e-05, 1.0479416232556105e-05, 7.882564204919618e-06, 4.568423719319981e-06, 4.067711870447965e-06, 4.152997462369967e-06, 3.5232176287536277e-06, 3.400069999770494e-06, 4.853062819165643e-06, 4.4620069274969865e-06, 5.279752258502413e-06, 4.5975584725965746e-06, 4.089907179150032e-06, 4.0425620682071894e-06, 3.995750830654288e-06, 3.850622306345031e-06, 3.696191924973391e-06, 3.415018454688834e-06, 3.5602574826043565e-06, 3.4540839806140866e-06, 4.006937615486095e-06, 3.3883661672007293e-06, 3.384879164514132e-06, 3.7734153011115268e-06, 4.630272087524645e-06, 4.511441602517152e-06, 4.026582246297039e-06, 3.4091619909304427e-06, 3.116343350484385e-06, 3.09404367726529e-06, 3.0782211979385465e-06, 2.6489719857636373e-06, 2.5805377390497597e-06, 1.984021082535037e-06, 1.7399405578544247e-06, 1.4714164535689633e-06, 1.3338209328139783e-06, 1.2166442502348218e-06, 1.1083182016591309e-06, 8.982339068097644e-07, 6.523303568428673e-07, 4.105281448119058e-07, 3.545902984569693e-07, 2.60692729625589e-07, 1.53347528453196e-07, 1.208661899454455e-07, 7.139519198062771e-08, 2.266112275606247e-08, 2.6857369661570374e-09, 5.406627923143503e-11, 5.063482619305226e-11, 2.20955840429804e-11, 6.2800814895624946e-12, 6.1584669655556645e-12, 6.027716954043472e-12, 5.882781674987347e-12, 5.793368389184206e-12, 5.7546510959238795e-12], "lowlevel.melbands128.stdev": [0.006517273839563131, 0.015727266669273376, 0.022791175171732903, 0.017132770270109177, 0.008753050118684769, 0.004901906941086054, 0.0026845443062484264, 0.0013927404070273042, 0.0007285794708877802, 0.000472549581900239, 0.0006734717753715813, 0.0009032125817611814, 0.0005576992989517748, 0.0009435125393792987, 0.0018294306937605143, 0.001528591034002602, 0.0016323605086654425, 0.0019200278911739588, 0.0011236758437007666, 0.0009000998688861728, 0.001297840615734458, 0.00038486492121592164, 0.00036319272476248443, 0.00014343376096803695, 0.0005847938591614366, 0.0009347446030005813, 0.0005327416001819074, 0.0010727993212640285, 0.0003962925693485886, 0.0006144338403828442, 0.0004266267060302198, 0.00023251638049259782, 0.00017777174070943147, 0.0007448499673046172, 0.0003179929335601628, 0.0008469944004900753, 0.0010398817248642445, 0.00029625571914948523, 0.0011800695210695267, 0.0006317155202850699, 0.0006888486095704138, 0.0002685042272787541, 0.000607738213147968, 0.0007677677785977721, 0.0001852858258644119, 0.0002998368290718645, 0.00040083631756715477, 8.072343916865066e-05, 0.0001674946688581258, 0.00013901287456974387, 7.482230284949765e-05, 8.228877413785085e-05, 6.742194818798453e-05, 5.825776679557748e-05, 8.902927220333368e-05, 7.771942910039797e-05, 4.276902473066002e-05, 5.896489892620593e-05, 6.532378756674007e-05, 4.624304347089492e-05, 2.1343003027141094e-05, 2.2281719793681987e-05, 1.7080836187233217e-05, 1.4943955648050178e-05, 1.4327261851576623e-05, 1.576119029778056e-05, 1.92115840036422e-05, 1.7149139239336364e-05, 4.054717646795325e-05, 7.806193752912804e-05, 3.191730138496496e-05, 2.2118263586889952e-05, 2.1749148800154217e-05, 1.1081968295911793e-05, 1.2576910194184165e-05, 1.0963513886963483e-05, 1.0206426850345451e-05, 1.0045284398074728e-05, 1.3333153219718952e-05, 1.1441828064562287e-05, 1.3027761269768234e-05, 1.0471943824086338e-05, 9.88522788247792e-06, 1.0734122042777017e-05, 1.282648736378178e-05, 1.4976325473980978e-05, 9.347647392132785e-06, 9.916291674016975e-06, 8.957034879131243e-06, 8.970353519544005e-06, 1.1409072612877935e-05, 9.355949259770568e-06, 1.0246842066408135e-05, 1.309705385210691e-05, 1.3066033716313541e-05, 1.3875363947590813e-05, 1.3912148460804019e-05, 1.0497138646314852e-05, 9.11274128156947e-06, 9.725761628942564e-06, 9.463085007155314e-06, 8.4561806943384e-06, 7.89411296864273e-06, 5.904315003135707e-06, 5.286575287755113e-06, 4.326221642259043e-06, 3.929108061129227e-06, 3.3119185900432058e-06, 3.2601396924292203e-06, 2.66097481471661e-06, 1.9040649021917488e-06, 1.0221550610367558e-06, 9.312343536294065e-07, 6.659586233581649e-07, 3.4995463238374214e-07, 2.85747120187807e-07, 1.5802321229330119e-07, 9.80822179030838e-08, 2.0176074144728773e-08, 1.930450688192309e-09, 1.8257950706868087e-09, 6.486589598786452e-10, 1.1265752219991043e-11, 1.1074412220590801e-11, 1.0912592877942995e-11, 1.0781708859042283e-11, 1.0687694652899982e-11, 1.062961524356254e-11], "lowlevel.mfcc.mean": [-651.2506713867188, 97.27680969238281, 3.6883652210235596, -0.846183180809021, -4.066483020782471, -0.8282746076583862, 1.8519468307495117, -3.871361255645752, -1.0613164901733398, 8.833187103271484, 4.46376371383667, 7.464634418487549, 8.113311767578125], "lowlevel.spectral_contrast_coeffs.mean": [-0.7130119800567627, -0.6955015063285828, -0.7250794768333435, -0.7510334849357605, -0.7778171300888062, -0.7813831567764282], "lowlevel.spectral_contrast_coeffs.stdev": [0.10084672272205353, 0.09707850962877274, 0.08577422052621841, 0.07653135806322098, 0.05924655869603157, 0.039984188973903656], "lowlevel.spectral_contrast_valleys.mean": [-7.655473232269287, -6.941309928894043, -7.593234539031982, -7.92158842086792, -7.846426010131836, -9.945584297180176], "lowlevel.spectral_contrast_valleys.stdev": [1.3378068208694458, 0.7549649477005005, 0.7646693587303162, 0.7747776508331299, 0.7741066813468933, 0.8960340619087219], "rhythm.beats_loudness_band_ratio.mean": [0.47650131583213806, 0.08724425733089447, 0.1076337918639183, 0.1325632929801941, 0.10267987847328186, 0.11350826174020767], "rhythm.beats_loudness_band_ratio.stdev": [0.4085189700126648, 0.10092190653085709, 0.11345651745796204, 0.13157373666763306, 0.10781289637088776, 0.11637202650308609], "tonal.hpcp.mean": [0.12080360949039459, 0.1316300481557846, 0.06837187707424164, 0.0750260055065155, 0.09188786894083023, 0.07563169300556183, 0.0775066390633583, 0.07603342086076736, 0.07344532012939453, 0.1374199241399765, 0.16880078613758087, 0.10700835287570953, 0.06323400884866714, 0.04913003370165825, 0.06209404394030571, 0.16181354224681854, 0.18877950310707092, 0.09720195829868317, 0.05515218526124954, 0.041965071111917496, 0.036132488399744034, 0.058170244097709656, 0.071161650121212, 0.08909391611814499, 0.2575388252735138, 0.30563226342201233, 0.1350717395544052, 0.05442342162132263, 0.04375613108277321, 0.05362566560506821, 0.15959858894348145, 0.20629264414310455, 0.1100907176733017, 0.057660773396492004, 0.0567968487739563, 0.06246363744139671], "tonal.hpcp.stdev": [0.22104844450950623, 0.24598613381385803, 0.1671607345342636, 0.18152286112308502, 0.21801109611988068, 0.19958873093128204, 0.21021459996700287, 0.20448371767997742, 0.19761817157268524, 0.24743539094924927, 0.2870965301990509, 0.22973208129405975, 0.18500229716300964, 0.16672655940055847, 0.1736792027950287, 0.26677560806274414, 0.291403591632843, 0.19999372959136963, 0.1663908213376999, 0.13740088045597076, 0.12757349014282227, 0.1670900136232376, 0.19753459095954895, 0.19480617344379425, 0.3313736915588379, 0.3753468096256256, 0.22562764585018158, 0.16740500926971436, 0.14106754958629608, 0.15145570039749146, 0.26744207739830017, 0.32840582728385925, 0.21513207256793976, 0.17087580263614655, 0.16852381825447083, 0.17715807259082794], "rhythm.beats_position": [0.4876190423965454, 0.9984580278396606, 1.5441269874572754, 2.0897958278656006, 2.635464906692505, 3.18113374710083, 3.7268025875091553, 4.2724714279174805, 4.818140506744385, 5.363809585571289, 5.921088218688965, 6.4551472663879395, 7.000816345214844, 7.54648494720459, 8.092154502868652, 8.637823104858398, 9.183491706848145, 9.729161262512207, 10.286439895629883, 10.8204984664917, 11.377777099609375, 11.911836624145508, 12.469115257263184, 13.014784812927246, 13.560453414916992, 14.106122016906738, 14.6517915725708, 15.197460174560547, 15.743128776550293, 16.28879737854004, 16.8344669342041, 17.391746520996094, 17.925804138183594, 18.483083724975586, 19.01714324951172, 19.574420928955078, 20.10848045349121, 20.642539978027344, 21.199817657470703, 21.757097244262695, 22.302766799926758, 22.848434448242188, 23.39410400390625, 23.939773559570312, 24.485441207885742, 25.031110763549805, 25.576780319213867, 26.122447967529297, 26.66811752319336, 27.213787078857422, 27.77106475830078, 28.305124282836914, 28.850793838500977, 29.396461486816406, 29.9537410736084, 30.48780059814453, 31.03346824645996, 31.579137802124023, 32.113197326660156, 32.670475006103516, 33.227752685546875, 33.76181411743164, 34.319091796875, 34.86476135253906, 35.410430908203125, 35.95610046386719, 36.501766204833984, 37.05904769897461, 37.59310531616211, 38.15038299560547, 38.69605255126953, 39.253334045410156], "rhythm.bpm_histogram": [0.0, 0.0, 0.0, 0.0, 0.0, 0.0, 0.0, 0.0, 0.0, 0.0, 0.0, 0.0, 0.0, 0.0, 0.0, 0.0, 0.0, 0.0, 0.0, 0.0, 0.0, 0.0, 0.0, 0.0, 0.0, 0.0, 0.0, 0.0, 0.0, 0.0, 0.0, 0.0, 0.0, 0.0, 0.0, 0.0, 0.0, 0.0, 0.0, 0.0, 0.0, 0.0, 0.0, 0.0, 0.0, 0.0, 0.0, 0.0, 0.0, 0.0, 0.0, 0.0, 0.0, 0.0, 0.0, 0.0, 0.0, 0.0, 0.0, 0.0, 0.0, 0.0, 0.0, 0.0, 0.0, 0.0, 0.0, 0.0, 0.0, 0.0, 0.0, 0.0, 0.0, 0.0, 0.0, 0.0, 0.0, 0.0, 0.0, 0.0, 0.0, 0.0, 0.0, 0.0, 0.0, 0.0, 0.0, 0.0, 0.0, 0.0, 0.0, 0.0, 0.0, 0.0, 0.0, 0.0, 0.0, 0.0, 0.0, 0.0, 0.0, 0.0, 0.0, 0.0, 0.0, 0.0, 0.0, 0.0, 0.23943662643432617, 0.0, 0.577464759349823, 0.0, 0.1690140813589096, 0.0, 0.0, 0.0, 0.0, 0.014084506779909134, 0.0, 0.0, 0.0, 0.0, 0.0, 0.0, 0.0, 0.0, 0.0, 0.0, 0.0, 0.0, 0.0, 0.0, 0.0, 0.0, 0.0, 0.0, 0.0, 0.0, 0.0, 0.0, 0.0, 0.0, 0.0, 0.0, 0.0, 0.0, 0.0, 0.0, 0.0, 0.0, 0.0, 0.0, 0.0, 0.0, 0.0, 0.0, 0.0, 0.0, 0.0, 0.0, 0.0, 0.0, 0.0, 0.0, 0.0, 0.0, 0.0, 0.0, 0.0, 0.0, 0.0, 0.0, 0.0, 0.0, 0.0, 0.0, 0.0, 0.0, 0.0, 0.0, 0.0, 0.0, 0.0, 0.0, 0.0, 0.0, 0.0, 0.0, 0.0, 0.0, 0.0, 0.0, 0.0, 0.0, 0.0, 0.0, 0.0, 0.0, 0.0, 0.0, 0.0, 0.0, 0.0, 0.0, 0.0, 0.0, 0.0, 0.0, 0.0, 0.0, 0.0, 0.0, 0.0, 0.0, 0.0, 0.0, 0.0, 0.0, 0.0, 0.0, 0.0, 0.0, 0.0, 0.0, 0.0, 0.0, 0.0, 0.0, 0.0, 0.0, 0.0, 0.0, 0.0, 0.0, 0.0, 0.0, 0.0, 0.0, 0.0, 0.0, 0.0, 0.0, 0.0, 0.0, 0.0, 0.0, 0.0, 0.0, 0.0, 0.0], "tonal.chords_histogram": [27.17770004272461, 0.0, 1.161440134048462, 0.0, 0.3484320640563965, 0.0, 0.0, 0.0, 0.0, 0.0, 0.0, 0.0, 0.0, 0.0, 0.0, 0.0, 0.0, 4.761904716491699, 0.0, 0.0, 0.0, 3.019744396209717, 18.931474685668945, 44.59930419921875], "tonal.thpcp": [1.0, 0.4419420063495636, 0.17806831002235413, 0.1431659460067749, 0.1754581332206726, 0.52219158411026, 0.6749700903892517, 0.3602064549922943, 0.1886606216430664, 0.18583394587039948, 0.20437514781951904, 0.3952580392360687, 0.43068113923072815, 0.22370634973049164, 0.24547803401947021, 0.30064845085144043, 0.2474597841501236, 0.25359442830085754, 0.2487742006778717, 0.24030616879463196, 0.44962504506111145, 0.5523002743721008, 0.35012125968933105, 0.20689572393894196, 0.16074883937835693, 0.20316587388515472, 0.5294386744499207, 0.6176687479019165, 0.31803566217422485, 0.18045276403427124, 0.13730576634407043, 0.11822210252285004, 0.19032756984233856, 0.23283421993255615, 0.29150691628456116, 0.8426427841186523], "lowlevel.gfcc.cov": [[3947.668701171875, -66.54297637939453, -163.0760955810547, 431.7314453125, 109.13457489013672, 287.2145080566406, -14.495059967041016, 90.7454833984375, -58.09218978881836, 84.9056396484375, -77.4732894897461, -114.75592041015625, -69.55377960205078], [-66.54297637939453, 2169.638916015625, 841.5599365234375, 478.0884704589844, 851.402099609375, 254.73318481445312, 566.5762939453125, 205.87374877929688, 277.7205810546875, -123.26224517822266, 94.61092376708984, -128.21192932128906, 45.445621490478516], [-163.0760955810547, 841.5599365234375, 1640.4605712890625, 719.79638671875, 605.2542114257812, 469.9997863769531, 350.43914794921875, 259.6371765136719, 239.31655883789062, -63.73712921142578, -24.839832305908203, 13.584662437438965, -13.418950080871582], [431.7314453125, 478.0884704589844, 719.79638671875, 729.817626953125, 442.89208984375, 212.50665283203125, 180.8256072998047, 182.82562255859375, 167.966552734375, -38.6329345703125, -26.033676147460938, -7.245480060577393, 42.09686279296875], [109.13457489013672, 851.402099609375, 605.2542114257812, 442.89208984375, 706.1527099609375, 287.0315246582031, 340.7493591308594, 226.3649444580078, 199.2444610595703, -2.0405502319335938, 39.37214660644531, -37.75315475463867, 34.35581588745117], [287.2145080566406, 254.73318481445312, 469.9997863769531, 212.50665283203125, 287.0315246582031, 531.4658203125, 312.1136779785156, 112.80709075927734, 119.13397216796875, 63.925079345703125, 54.48545837402344, -48.38167953491211, -35.96369552612305], [-14.495059967041016, 566.5762939453125, 350.43914794921875, 180.8256072998047, 340.7493591308594, 312.1136779785156, 436.2674255371094, 160.50621032714844, 148.49929809570312, 23.01456642150879, 74.14097595214844, -42.37763214111328, -4.598118782043457], [90.7454833984375, 205.87374877929688, 259.6371765136719, 182.82562255859375, 226.3649444580078, 112.80709075927734, 160.50621032714844, 295.5860290527344, 179.7437286376953, 52.98314666748047, 44.66962432861328, 44.971126556396484, 61.72431564331055], [-58.09218978881836, 277.7205810546875, 239.31655883789062, 167.966552734375, 199.2444610595703, 119.13397216796875, 148.49929809570312, 179.7437286376953, 236.9181365966797, 65.02922821044922, 38.02626419067383, 12.709728240966797, 53.37701416015625], [84.9056396484375, -123.26224517822266, -63.73712921142578, -38.6329345703125, -2.0405502319335938, 63.925079345703125, 23.01456642150879, 52.98314666748047, 65.02922821044922, 177.50697326660156, 82.18518829345703, 9.74307918548584, 24.733741760253906], [-77.4732894897461, 94.61092376708984, -24.839832305908203, -26.033676147460938, 39.37214660644531, 54.48545837402344, 74.14097595214844, 44.66962432861328, 38.02626419067383, 82.18518829345703, 164.6558837890625, 47.666969299316406, 31.211990356445312], [-114.75592041015625, -128.21192932128906, 13.584662437438965, -7.245480060577393, -37.75315475463867, -48.38167953491211, -42.37763214111328, 44.971126556396484, 12.709728240966797, 9.74307918548584, 47.666969299316406, 152.74659729003906, 41.7271842956543], [-69.55377960205078, 45.445621490478516, -13.418950080871582, 42.09686279296875, 34.35581588745117, -35.96369552612305, -4.598118782043457, 61.72431564331055, 53.37701416015625, 24.733741760253906, 31.211990356445312, 41.7271842956543, 131.70834350585938]], "lowlevel.gfcc.icov": [[0.00041913348832167685, -0.00023501274699810892, 0.00040708525921218097, -0.0006146859377622604, 0.0002498766698408872, -0.0006012694793753326, 0.0004131021269131452, -0.0005718757747672498, 0.0006664990214630961, -0.000514729879796505, 0.00046006785123609006, -4.881938002654351e-05, 0.00032643412123434246], [-0.00023501274699810892, 0.0017396147595718503, -0.0006956571014598012, 0.0006913634715601802, -0.0015513307880610228, 0.0014072628691792488, -0.0013763486640527844, 0.0011984303127974272, -0.0015077716670930386, 0.0019165021367371082, -0.0018159253522753716, 0.0014432023745030165, -0.0006127209635451436], [0.00040708525921218097, -0.0006956571014598012, 0.001986398594453931, -0.0015921498415991664, 0.00034328465699218214, -0.0017074471106752753, 0.000799336179625243, -0.0009350556065328419, 0.0005565309547819197, -0.0003578864852897823, 0.0012135847937315702, -0.0011644538026303053, 0.0009996091248467565], [-0.0006146859377622604, 0.0006913634715601802, -0.0015921498415991664, 0.004100779537111521, -0.0018699588254094124, 0.000953450333327055, -0.0002109330816892907, 0.0007738854619674385, -0.001694315578788519, 0.0015624542720615864, -0.0005707447417080402, 0.0005868588923476636, -0.0013154346961528063], [0.0002498766698408872, -0.0015513307880610228, 0.00034328465699218214, -0.0018699588254094124, 0.005007090978324413, -0.0013139582006260753, -0.00024942265008576214, -0.0019133050227537751, 0.001063153031282127, -0.0012335943756625056, 0.0010604311246424913, -0.00030507371411658823, 0.00016912540013436228], [-0.0006012694793753326, 0.0014072628691792488, -0.0017074471106752753, 0.000953450333327055, -0.0013139582006260753, 0.005862705875188112, -0.0037855326663702726, 0.001805639360100031, -0.00140924914740026, -0.00012893312668893486, -0.001685593044385314, 0.0014704318018630147, 0.0002123542653862387], [0.0004131021269131452, -0.0013763486640527844, 0.000799336179625243, -0.0002109330816892907, -0.00024942265008576214, -0.0037855326663702726, 0.00756413210183382, -0.002543241949751973, 7.848373934393749e-05, 0.00044356670696288347, -0.0009796874364838004, 0.000587259593885392, 0.0012602751376107335], [-0.0005718757747672498, 0.0011984303127974272, -0.0009350556065328419, 0.0007738854619674385, -0.0019133050227537751, 0.001805639360100031, -0.002543241949751973, 0.009017383679747581, -0.005247871857136488, 0.000463530799606815, -0.0006850745412521064, -0.0014770496636629105, -0.001710703712888062], [0.0006664990214630961, -0.0015077716670930386, 0.0005565309547819197, -0.001694315578788519, 0.001063153031282127, -0.00140924914740026, 7.848373934393749e-05, -0.005247871857136488, 0.011682230979204178, -0.00481463922187686, 0.0027030780911445618, -0.0007576295174658298, -0.0009603475918993354], [-0.000514729879796505, 0.0019165021367371082, -0.0003578864852897823, 0.0015624542720615864, -0.0012335943756625056, -0.00012893312668893486, 0.00044356670696288347, 0.000463530799606815, -0.00481463922187686, 0.012128775008022785, -0.006744917947798967, 0.0029900167137384415, -0.0010594911873340607], [0.00046006785123609006, -0.0018159253522753716, 0.0012135847937315702, -0.0005707447417080402, 0.0010604311246424913, -0.001685593044385314, -0.0009796874364838004, -0.0006850745412521064, 0.0027030780911445618, -0.006744917947798967, 0.012716598808765411, -0.00529896467924118, -0.0004380045284051448], [-4.881938002654351e-05, 0.0014432023745030165, -0.0011644538026303053, 0.0005868588923476636, -0.00030507371411658823, 0.0014704318018630147, 0.000587259593885392, -0.0014770496636629105, -0.0007576295174658298, 0.0029900167137384415, -0.00529896467924118, 0.010940983891487122, -0.002101154765114188], [0.00032643412123434246, -0.0006127209635451436, 0.0009996091248467565, -0.0013154346961528063, 0.00016912540013436228, 0.0002123542653862387, 0.0012602751376107335, -0.001710703712888062, -0.0009603475918993354, -0.0010594911873340607, -0.0004380045284051448, -0.002101154765114188, 0.010715835727751255]], "lowlevel.mfcc.cov": [[4302.0283203125, -555.3757934570312, -353.739501953125, 38.61277770996094, 11.634286880493164, 83.74791717529297, 25.321269989013672, -89.3309097290039, -16.870874404907227, 74.91641998291016, -55.831787109375, -38.27352523803711, -1.3968955278396606], [-555.3757934570312, 1820.4375, 339.4117126464844, 461.0058898925781, 397.1884765625, 272.8664855957031, 369.9250183105469, 367.9797058105469, 259.8860168457031, 216.9219512939453, 152.1824493408203, 92.06312561035156, 55.362159729003906], [-353.739501953125, 339.4117126464844, 1086.3507080078125, 335.7291259765625, 380.97332763671875, 340.5775146484375, 212.61204528808594, 297.60406494140625, 221.9530029296875, 91.25337219238281, 136.27593994140625, 89.29154968261719, 26.256046295166016], [38.61277770996094, 461.0058898925781, 335.7291259765625, 634.7008666992188, 381.5932312011719, 120.60696411132812, 124.2768325805664, 221.24781799316406, 209.25172424316406, 66.73812103271484, 11.839486122131348, 68.4438247680664, 65.04833984375], [11.634286880493164, 397.1884765625, 380.97332763671875, 381.5932312011719, 494.52874755859375, 197.41725158691406, 173.29318237304688, 216.58441162109375, 221.55014038085938, 116.49329376220703, 62.99579620361328, 68.31934356689453, 72.96380615234375], [83.74791717529297, 272.8664855957031, 340.5775146484375, 120.60696411132812, 197.41725158691406, 406.5491943359375, 238.6268768310547, 161.22227478027344, 117.54592895507812, 135.09669494628906, 127.96147155761719, 19.488195419311523, -14.488203048706055], [25.321269989013672, 369.9250183105469, 212.61204528808594, 124.2768325805664, 173.29318237304688, 238.6268768310547, 334.2437744140625, 179.01675415039062, 112.11235046386719, 142.8477020263672, 117.16816711425781, 63.24101638793945, 36.13030242919922], [-89.3309097290039, 367.9797058105469, 297.60406494140625, 221.24781799316406, 216.58441162109375, 161.22227478027344, 179.01675415039062, 326.21575927734375, 185.87527465820312, 83.71984100341797, 92.92826843261719, 90.4290771484375, 40.66840362548828], [-16.870874404907227, 259.8860168457031, 221.9530029296875, 209.25172424316406, 221.55014038085938, 117.54592895507812, 112.11235046386719, 185.87527465820312, 275.54412841796875, 159.81631469726562, 66.04234313964844, 67.37284851074219, 66.90027618408203], [74.91641998291016, 216.9219512939453, 91.25337219238281, 66.73812103271484, 116.49329376220703, 135.09669494628906, 142.8477020263672, 83.71984100341797, 159.81631469726562, 246.39996337890625, 95.72180938720703, 31.96782684326172, 42.182071685791016], [-55.831787109375, 152.1824493408203, 136.27593994140625, 11.839486122131348, 62.99579620361328, 127.96147155761719, 117.16816711425781, 92.92826843261719, 66.04234313964844, 95.72180938720703, 173.36984252929688, 74.34754180908203, 14.45388412475586], [-38.27352523803711, 92.06312561035156, 89.29154968261719, 68.4438247680664, 68.31934356689453, 19.488195419311523, 63.24101638793945, 90.4290771484375, 67.37284851074219, 31.96782684326172, 74.34754180908203, 162.55506896972656, 87.76799011230469], [-1.3968955278396606, 55.362159729003906, 26.256046295166016, 65.04833984375, 72.96380615234375, -14.488203048706055, 36.13030242919922, 40.66840362548828, 66.90027618408203, 42.182071685791016, 14.45388412475586, 87.76799011230469, 151.13648986816406]], "lowlevel.mfcc.icov": [[0.00027321925153955817, 0.00013854169810656458, 0.00016293699445668608, -0.00012776338553521782, -5.369957216316834e-05, -0.0001896557951113209, -5.6209737522294745e-05, -1.0212948836851865e-05, 7.372468098765239e-05, -0.00016355744446627796, 0.00013280018174555153, -5.4735814046580344e-05, 3.448897768976167e-05], [0.00013854169810656458, 0.0009382040007039905, 0.00017975452647078782, -0.0004647588648367673, -0.0001536584459245205, 5.6247263273689896e-05, -0.0005732553545385599, -0.0005074332584626973, 0.0001859980693552643, -0.0003582903591450304, -0.00017070904141291976, 0.0001711668010102585, 0.0001141620086855255], [0.00016293699445668608, 0.00017975452647078782, 0.0017497483640909195, -0.00028442099574021995, -0.0006020170985721052, -0.001086220727302134, 0.0001914739841595292, -0.0005358702619560063, -0.00033901658025570214, 0.0005340677453204989, -0.0003839884593617171, -0.00018691486911848187, 0.0001853038847912103], [-0.00012776338553521782, -0.0004647588648367673, -0.00028442099574021995, 0.003590428503230214, -0.0019874488934874535, 0.000277537910733372, 0.00014745620137546211, -0.00046144553925842047, -0.0008706034859642386, 0.0005608653300441802, 0.0012453895760700107, -0.0005293510039336979, 0.0001653071230975911], [-5.369957216316834e-05, -0.0001536584459245205, -0.0006020170985721052, -0.0019874488934874535, 0.005440053530037403, -0.0008617771090939641, -0.0004558564396575093, 1.2529290870588738e-05, -0.0017135516973212361, 0.00030624077771790326, 5.275408329907805e-05, 0.0005121176363900304, -0.0012169401161372662], [-0.0001896557951113209, 5.6247263273689896e-05, -0.001086220727302134, 0.000277537910733372, -0.0008617771090939641, 0.006235785782337189, -0.002863900037482381, -0.00014097598614171147, 6.955111894058064e-05, -0.0006495848065242171, -0.0019943478982895613, 0.0015652774600312114, 0.0012155300937592983], [-5.6209737522294745e-05, -0.0005732553545385599, 0.0001914739841595292, 0.00014745620137546211, -0.0004558564396575093, -0.002863900037482381, 0.007711024489253759, -0.0023855394683778286, 0.0023285227362066507, -0.0025470429100096226, -0.0004135168856009841, -0.0007287203916348517, -0.0010003033094108105], [-1.0212948836851865e-05, -0.0005074332584626973, -0.0005358702619560063, -0.00046144553925842047, 1.2529290870588738e-05, -0.00014097598614171147, -0.0023855394683778286, 0.00830590259283781, -0.004542293958365917, 0.002771584317088127, -0.0010023898212239146, -0.001717998064123094, 0.0011238415027037263], [7.372468098765239e-05, 0.0001859980693552643, -0.00033901658025570214, -0.0008706034859642386, -0.0017135516973212361, 6.955111894058064e-05, 0.0023285227362066507, -0.004542293958365917, 0.011988244950771332, -0.006803811527788639, 0.0012218873016536236, -0.0007228896138258278, -0.0012390237534418702], [-0.00016355744446627796, -0.0003582903591450304, 0.0005340677453204989, 0.0005608653300441802, 0.00030624077771790326, -0.0006495848065242171, -0.0025470429100096226, 0.002771584317088127, -0.006803811527788639, 0.010634000413119793, -0.0037141614593565464, 0.0022476057056337595, -0.0014577284455299377], [0.00013280018174555153, -0.00017070904141291976, -0.0003839884593617171, 0.0012453895760700107, 5.275408329907805e-05, -0.0019943478982895613, -0.0004135168856009841, -0.0010023898212239146, 0.0012218873016536236, -0.0037141614593565464, 0.012441419996321201, -0.00612525874748826, 0.0026093728374689817], [-5.4735814046580344e-05, 0.0001711668010102585, -0.00018691486911848187, -0.0005293510039336979, 0.0005121176363900304, 0.0015652774600312114, -0.0007287203916348517, -0.001717998064123094, -0.0007228896138258278, 0.0022476057056337595, -0.00612525874748826, 0.013569698669016361, -0.006865324452519417], [3.448897768976167e-05, 0.0001141620086855255, 0.0001853038847912103, 0.0001653071230975911, -0.0012169401161372662, 0.0012155300937592983, -0.0010003033094108105, 0.0011238415027037263, -0.0012390237534418702, -0.0014577284455299377, 0.0026093728374689817, -0.006865324452519417, 0.011805028654634953]], "metadata.audio_properties.analysis.downmix": "mix", "metadata.audio_properties.codec": "mp3", "metadata.audio_properties.md5_encoded": "550c0b3d1696b9023929bb4245897738", "metadata.tags.file_name": "1182277319553974333.mp3", "metadata.version.essentia": "2.1-beta6-dev", "metadata.version.essentia_git_sha": "v2.1_beta5-1110-g77a6a954", "metadata.version.extractor": "music 2.0", 