{"song_id": "1182272040099655750", "download": "https://cdn.discordapp.com/attachments/1135911532732108921/1182272040099655750/chirp.mp4?ex=658417a3&amp", "lyrics": "(Verse 1) \nEmpty rooms, echoing your name\nA love unspoken, burning all the same\nHaunted by memories, whispers in the air\nOf promises unkept, a love I can't repair\n\n(Chorus)\nLost in the darkness, searching for your light\nA one-sided story, fading from sight\nI build castles in the air, hoping you'll appear\nBut the only answer is the silence, loud and clear", "style": ["Alternative rock</span><span>, Alternative metal</span><span>, Nu metal</span><span>, Rap metal</span><span>, Pop rock</span><span>, Electronic rock</span><span>, Rapcore</span><span>,"], "essentia_features": {"lowlevel.average_loudness": 0.9763104319572449, "lowlevel.barkbands_crest.mean": 14.425907135009766, "lowlevel.barkbands_crest.stdev": 4.383362770080566, "lowlevel.barkbands_flatness_db.mean": 0.15062616765499115, "lowlevel.barkbands_flatness_db.stdev": 0.047812554985284805, "lowlevel.barkbands_kurtosis.mean": 7.395758152008057, "lowlevel.barkbands_kurtosis.stdev": 12.954021453857422, "lowlevel.barkbands_skewness.mean": 2.302673816680908, "lowlevel.barkbands_skewness.stdev": 1.348187804222107, "lowlevel.barkbands_spread.mean": 22.70428466796875, "lowlevel.barkbands_spread.stdev": 11.814949989318848, "lowlevel.dissonance.mean": 0.4707464873790741, "lowlevel.dissonance.stdev": 0.024133479222655296, "lowlevel.dynamic_complexity": 1.8678696155548096, "lowlevel.erbbands_crest.mean": 9.641255378723145, "lowlevel.erbbands_crest.stdev": 5.3182196617126465, "lowlevel.erbbands_flatness_db.mean": 0.125901997089386, "lowlevel.erbbands_flatness_db.stdev": 0.03510104492306709, "lowlevel.erbbands_kurtosis.mean": 0.4719110131263733, "lowlevel.erbbands_kurtosis.stdev": 1.735662817955017, "lowlevel.erbbands_skewness.mean": 0.13588036596775055, "lowlevel.erbbands_skewness.stdev": 0.7122410535812378, "lowlevel.erbbands_spread.mean": 43.36735153198242, "lowlevel.erbbands_spread.stdev": 21.375852584838867, "lowlevel.hfc.mean": 26.662242889404297, "lowlevel.hfc.stdev": 15.9641695022583, "lowlevel.loudness_ebu128.integrated": -14.02465534210205, "lowlevel.loudness_ebu128.loudness_range": 2.3047637939453125, "lowlevel.loudness_ebu128.momentary.mean": -14.21622371673584, "lowlevel.loudness_ebu128.momentary.stdev": 1.3263206481933594, "lowlevel.loudness_ebu128.short_term.mean": -14.138209342956543, "lowlevel.loudness_ebu128.short_term.stdev": 0.9074156880378723, "lowlevel.melbands_crest.mean": 23.492712020874023, "lowlevel.melbands_crest.stdev": 6.1358184814453125, "lowlevel.melbands_flatness_db.mean": 0.22931139171123505, "lowlevel.melbands_flatness_db.stdev": 0.05800715833902359, "lowlevel.melbands_kurtosis.mean": 26.874408721923828, "lowlevel.melbands_kurtosis.stdev": 41.15818405151367, "lowlevel.melbands_skewness.mean": 3.9963321685791016, "lowlevel.melbands_skewness.stdev": 2.3655624389648438, "lowlevel.melbands_spread.mean": 17.222305297851562, "lowlevel.melbands_spread.stdev": 10.513168334960938, "lowlevel.pitch_salience.mean": 0.4217124283313751, "lowlevel.pitch_salience.stdev": 0.12226147204637527, "lowlevel.silence_rate_20dB.mean": 1.0, "lowlevel.silence_rate_20dB.stdev": 0.0, "lowlevel.silence_rate_30dB.mean": 0.902155876159668, "lowlevel.silence_rate_30dB.stdev": 0.2971051037311554, "lowlevel.silence_rate_60dB.mean": 0.0016583747928962111, "lowlevel.silence_rate_60dB.stdev": 0.04068926349282265, "lowlevel.spectral_centroid.mean": 1450.0035400390625, "lowlevel.spectral_centroid.stdev": 533.7313232421875, "lowlevel.spectral_complexity.mean": 23.645936965942383, "lowlevel.spectral_complexity.stdev": 10.647441864013672, "lowlevel.spectral_decrease.mean": -1.551537565092076e-08, "lowlevel.spectral_decrease.stdev": 1.1125737664485769e-08, "lowlevel.spectral_energy.mean": 0.06097698584198952, "lowlevel.spectral_energy.stdev": 0.04259471222758293, "lowlevel.spectral_energyband_high.mean": 0.0011761001078411937, "lowlevel.spectral_energyband_high.stdev": 0.0011550382478162646, "lowlevel.spectral_energyband_low.mean": 0.04051980748772621, "lowlevel.spectral_energyband_low.stdev": 0.03993042930960655, "lowlevel.spectral_energyband_middle_high.mean": 0.006105991080403328, "lowlevel.spectral_energyband_middle_high.stdev": 0.00529845617711544, "lowlevel.spectral_energyband_middle_low.mean": 0.013820561580359936, "lowlevel.spectral_energyband_middle_low.stdev": 0.0182459969073534, "lowlevel.spectral_entropy.mean": 7.840408802032471, "lowlevel.spectral_entropy.stdev": 0.36259061098098755, "lowlevel.spectral_flux.mean": 0.10701855272054672, "lowlevel.spectral_flux.stdev": 0.07019101828336716, "lowlevel.spectral_kurtosis.mean": 3.650192975997925, "lowlevel.spectral_kurtosis.stdev": 2.165010690689087, "lowlevel.spectral_rms.mean": 0.007388874888420105, "lowlevel.spectral_rms.stdev": 0.0022123355884104967, "lowlevel.spectral_rolloff.mean": 778.0877685546875, "lowlevel.spectral_rolloff.stdev": 812.0472412109375, "lowlevel.spectral_skewness.mean": 1.5056767463684082, "lowlevel.spectral_skewness.stdev": 0.3465246558189392, "lowlevel.spectral_spread.mean": 5287519.5, "lowlevel.spectral_spread.stdev": 1565808.875, "lowlevel.spectral_strongpeak.mean": 0.49844905734062195, "lowlevel.spectral_strongpeak.stdev": 0.582148551940918, "lowlevel.zerocrossingrate.mean": 0.045222699642181396, "lowlevel.zerocrossingrate.stdev": 0.022076759487390518, "metadata.audio_properties.analysis.equal_loudness": 0.0, "metadata.audio_properties.analysis.length": 27.967981338500977, "metadata.audio_properties.analysis.sample_rate": 44100.0, "metadata.audio_properties.analysis.start_time": 0.0, "metadata.audio_properties.bit_rate": 118081.0, "metadata.audio_properties.length": 27.968000411987305, "metadata.audio_properties.lossless": 0.0, "metadata.audio_properties.number_channels": 1.0, "metadata.audio_properties.replay_gain": -11.493524551391602, "metadata.audio_properties.sample_rate": 48000.0, "rhythm.beats_count": 49.0, "rhythm.beats_loudness.mean": 0.06941819936037064, "rhythm.beats_loudness.stdev": 0.04830068349838257, "rhythm.bpm": 106.65890502929688, "rhythm.bpm_histogram_first_peak_bpm": 108.0, "rhythm.bpm_histogram_first_peak_weight": 0.4583333134651184, "rhythm.bpm_histogram_second_peak_bpm": 0.0, "rhythm.bpm_histogram_second_peak_spread": 0.0, "rhythm.bpm_histogram_second_peak_weight": 0.0, "rhythm.danceability": 1.582553505897522, "rhythm.onset_rate": 4.360250473022461, "tonal.chords_changes_rate": 0.06456953287124634, "tonal.chords_number_rate": 0.011589404195547104, "tonal.chords_strength.mean": 0.5366816520690918, "tonal.chords_strength.stdev": 0.0838158130645752, "tonal.hpcp_crest.mean": 12.929012298583984, "tonal.hpcp_crest.stdev": 5.4851813316345215, "tonal.hpcp_entropy.mean": 2.0764102935791016, "tonal.hpcp_entropy.stdev": 0.7553812861442566, "tonal.key_edma.strength": 0.6051228642463684, "tonal.key_krumhansl.strength": 0.5893917679786682, "tonal.key_temperley.strength": 0.5632259845733643, "tonal.tuning_diatonic_strength": 0.6458054780960083, "tonal.tuning_equal_tempered_deviation": 0.2797067165374756, "tonal.tuning_frequency": 434.193115234375, "tonal.tuning_nontempered_energy_ratio": 0.9536297917366028, "lowlevel.barkbands.mean": [0.004638643469661474, 0.032488107681274414, 0.002904128283262253, 0.0018827600870281458, 0.005102354101836681, 0.0015721619129180908, 0.0019146502017974854, 0.0014231693930923939, 0.001560657168738544, 0.0006629644194617867, 0.000775444321334362, 0.0007565367850475013, 0.0004721616569440812, 0.0008180902223102748, 0.0007030769484117627, 0.0006825836608186364, 0.0005568914348259568, 0.00046413938980549574, 0.0003123888454865664, 0.00022867626103106886, 0.0002035775250988081, 0.00017794512677937746, 0.00021736620692536235, 0.0002207732031820342, 0.0001675933162914589, 6.921507156221196e-05, 9.674438388174167e-07], "lowlevel.barkbands.stdev": [0.004617379046976566, 0.037010543048381805, 0.005798130761831999, 0.0029850739520043135, 0.014225675724446774, 0.0027735328767448664, 0.003334030043333769, 0.003392338752746582, 0.0035610732156783342, 0.0017865383997559547, 0.0022048503160476685, 0.002046066801995039, 0.0009354723151773214, 0.0014287286903709173, 0.0010235777590423822, 0.0009915911359712481, 0.0009173155413009226, 0.000553942343685776, 0.0002952088543679565, 0.00024076226691249758, 0.00025301374262198806, 0.0002292451390530914, 0.00023562091519124806, 0.00029505250859074295, 0.00023575357045046985, 8.320606866618618e-05, 2.2259466732066358e-06], "lowlevel.erbbands.mean": [1.638274073600769, 4.472626686096191, 3.7245583534240723, 5.372377395629883, 14.592655181884766, 15.965078353881836, 9.484986305236816, 14.145268440246582, 22.63213539123535, 31.03975486755371, 35.011539459228516, 33.95289993286133, 33.611568450927734, 18.894939422607422, 31.326955795288086, 33.96061325073242, 22.409757614135742, 40.370086669921875, 39.461429595947266, 33.866722106933594, 43.42856216430664, 29.298465728759766, 23.97003936767578, 21.083303451538086, 12.94251823425293, 11.011693954467773, 9.395200729370117, 7.058406829833984, 6.530109882354736, 5.963661193847656, 6.2447404861450195, 5.089334964752197, 3.4158265590667725, 2.142446517944336, 1.040102243423462, 0.4255404472351074, 0.10186342895030975, 0.00936210248619318, 0.00024272946757264435, 8.076981612248346e-05], "lowlevel.erbbands.stdev": [1.780274748802185, 5.919598579406738, 6.307686805725098, 8.370698928833008, 42.13114929199219, 42.37971496582031, 19.142107009887695, 27.278820037841797, 43.112972259521484, 56.02050018310547, 85.17916107177734, 71.78743743896484, 83.80908966064453, 33.67141342163086, 76.48052978515625, 99.07696533203125, 37.55106735229492, 74.18921661376953, 54.902870178222656, 49.453792572021484, 65.84498596191406, 36.907379150390625, 29.914024353027344, 20.01884651184082, 12.253715515136719, 11.782360076904297, 11.237407684326172, 9.022796630859375, 8.646573066711426, 7.216001510620117, 6.753213405609131, 6.27719259262085, 4.931453227996826, 3.131739616394043, 1.454511284828186, 0.5519260168075562, 0.12233951687812805, 0.012076951563358307, 0.0002684039354790002, 4.959876969223842e-05], "lowlevel.gfcc.mean": [42.19728088378906, 81.45448303222656, -102.04347229003906, 44.805503845214844, -43.36146545410156, 31.604206085205078, -36.22959518432617, 25.374710083007812, -15.060124397277832, 11.663999557495117, -12.131278038024902, 3.7826054096221924, -9.479619026184082], "lowlevel.melbands.mean": [0.011391699314117432, 0.0030003581196069717, 0.0011645490303635597, 0.0012218761257827282, 0.0003725276328623295, 0.00031105722882784903, 0.00036670739063993096, 0.00032231942168436944, 0.0002765154931694269, 0.0002167992206523195, 0.0001635149965295568, 6.865024624858052e-05, 0.00011714059655787423, 8.484689897159114e-05, 6.148902321001515e-05, 5.2894138207193464e-05, 7.77913664933294e-05, 6.488192593678832e-05, 4.67006721009966e-05, 4.166736107436009e-05, 5.4794381867395714e-05, 3.269672015449032e-05, 2.1800462491228245e-05, 2.1820811525685713e-05, 1.6780555597506464e-05, 1.0179836863244418e-05, 8.067697308433708e-06, 7.052753062453121e-06, 6.048835075489478e-06, 4.936552159051644e-06, 3.815773197857197e-06, 3.7188058286119485e-06, 3.366716782693402e-06, 3.340938974361052e-06, 3.6038709367858246e-06, 3.3907547276612604e-06, 3.0947842333262088e-06, 2.5201786684192484e-06, 1.9422034256422194e-06, 1.7589990193300764e-06], "lowlevel.melbands.stdev": [0.012552764266729355, 0.0037355516105890274, 0.001975451596081257, 0.003484242595732212, 0.0007669943734072149, 0.0005793469026684761, 0.0006659331847913563, 0.000567006878554821, 0.0006583451759070158, 0.0004818085581064224, 0.000421954202465713, 0.00012766435975208879, 0.00032898245262913406, 0.0002290741540491581, 0.00013631464389618486, 0.00010574708721833304, 0.0001563017867738381, 9.530394891044125e-05, 7.267155888257548e-05, 5.82594184379559e-05, 9.458639397053048e-05, 4.8689907998777926e-05, 3.4115575545001775e-05, 2.4130580641212873e-05, 1.702977533568628e-05, 1.0139879123016726e-05, 8.321389941556845e-06, 8.02315025794087e-06, 7.351496151386527e-06, 6.5615904532023706e-06, 5.08763605466811e-06, 4.952663857693551e-06, 4.678422556025907e-06, 4.09860149375163e-06, 3.899453076883219e-06, 4.035055098938756e-06, 4.146837454754859e-06, 3.7410818549687974e-06, 2.821385123752407e-06, 2.705386350498884e-06], "lowlevel.melbands128.mean": [0.004139188677072525, 0.015777980908751488, 0.01328769326210022, 0.0054227374494075775, 0.002040696097537875, 0.0013551940210163593, 0.0010485004168003798, 0.0009142289636656642, 0.0016081933863461018, 0.0015701954253017902, 0.0007828789530321956, 0.0003894680121447891, 0.00029106103465892375, 0.00029011876904405653, 0.000310377508867532, 0.00034964404767379165, 0.0002796004118863493, 0.0004168362356722355, 0.0003777065721806139, 0.00041279534343630075, 0.0002019448293140158, 0.00031312232022173703, 0.0003108687815256417, 0.0002039126120507717, 0.00022266925952862948, 0.00019032506679650396, 0.0002858988009393215, 0.0001632977946428582, 6.394310184987262e-05, 6.403867882909253e-05, 4.48405698989518e-05, 0.00012016170512652025, 0.00017935401410795748, 5.97237994952593e-05, 5.585396138485521e-05, 0.00011002544488292187, 0.00011302918574074283, 4.673530929721892e-05, 4.272178193787113e-05, 4.137033465667628e-05, 4.7217410610755906e-05, 8.447431173408404e-05, 7.781707972753793e-05, 7.669597107451409e-05, 6.835975364083424e-05, 6.44355604890734e-05, 6.297673098742962e-05, 3.9954255043994635e-05, 4.061879008077085e-05, 5.531099304789677e-05, 3.3589509257581085e-05, 3.5037177440244704e-05, 6.0282269259914756e-05, 6.444359314627945e-05, 4.6946464863140136e-05, 2.8193237085361034e-05, 2.1202633433858864e-05, 2.014961683016736e-05, 2.6040819648187608e-05, 1.6801579477032647e-05, 2.4424993171123788e-05, 2.1641064449795522e-05, 1.9039722246816382e-05, 1.6019992472138256e-05, 1.2192076610517688e-05, 9.729445082484744e-06, 9.422991752217058e-06, 7.932882908789907e-06, 7.797033504175488e-06, 8.223745680879802e-06, 7.178144642239204e-06, 6.314281108643627e-06, 6.338597813737579e-06, 6.241124538064469e-06, 5.347802471078467e-06, 5.533063358598156e-06, 4.461851403902983e-06, 3.7527329368458595e-06, 3.874217327393126e-06, 3.6171577448840253e-06, 3.850065240840195e-06, 3.684906687340117e-06, 3.6271540011512116e-06, 3.409274995647138e-06, 3.051697831324418e-06, 3.1544896046398208e-06, 3.4828615298465593e-06, 3.6088965771341464e-06, 3.560690174708725e-06, 3.6545229704643134e-06, 3.6829251257586293e-06, 3.396758074813988e-06, 2.7566625249164645e-06, 3.2520551940251607e-06, 3.1919894354359712e-06, 2.712768718993175e-06, 2.4468242827424547e-06, 2.1216869754425716e-06, 1.8638452274899464e-06, 1.881065600173315e-06, 1.9641665858216584e-06, 1.712868424874614e-06, 1.581414153406513e-06, 1.392414787915186e-06, 1.161966793006286e-06, 9.054580232259468e-07, 9.477750495534565e-07, 9.337533697362232e-07, 7.248211204569088e-07, 5.910493428018526e-07, 5.058578267380653e-07, 3.6621253229895956e-07, 3.0373178105946863e-07, 2.2577074787477613e-07, 1.4260484704209375e-07, 8.399791084912067e-08, 3.710152540747913e-08, 5.007808834278649e-09, 2.2785191788887715e-10, 1.2248893739574829e-11, 1.0446094510230264e-11, 9.154175681369559e-12, 8.480292856827276e-12, 8.309365348568853e-12, 8.056271795509051e-12, 7.736056586993278e-12, 7.553509900892763e-12, 7.494498945048722e-12], "lowlevel.melbands128.stdev": [0.004117767326533794, 0.016603954136371613, 0.017178457230329514, 0.007589761633425951, 0.0036761111114174128, 0.002711463952437043, 0.001843168050982058, 0.0016033544670790434, 0.0050873770378530025, 0.0050223106518387794, 0.0020839236676692963, 0.0010013132123276591, 0.0007287844200618565, 0.0006398032419383526, 0.0007184874848462641, 0.0008667127694934607, 0.0005825849948450923, 0.0011829667491838336, 0.0007560513913631439, 0.0009807953611016273, 0.0005781911895610392, 0.0009263079846277833, 0.0009707134449854493, 0.0006610142881982028, 0.0006804983131587505, 0.0006287031574174762, 0.000913390249479562, 0.0006104857893660665, 0.00022193253971636295, 0.0001577690854901448, 0.00011972342326771468, 0.00038004465750418603, 0.0005953790387138724, 0.00023098046949598938, 0.00013965457037556916, 0.00040080936742015183, 0.00042990685324184597, 0.00013002731429878622, 0.00010912301513599232, 9.81996490736492e-05, 0.00015658210031688213, 0.00021524052135646343, 0.00021173758432269096, 0.00021714404283557087, 0.00014524425205308944, 0.00011677884322125465, 0.00013581948587670922, 0.00011019589146599174, 7.524542161263525e-05, 0.00013064153608866036, 6.723626574967057e-05, 5.1272167183924466e-05, 0.0001323992182733491, 0.00017705539357848465, 0.00012507046631071717, 4.142725083511323e-05, 2.6581756173982285e-05, 2.904987741203513e-05, 6.559587200172246e-05, 2.8589649446075782e-05, 3.537112570484169e-05, 2.7922707886318676e-05, 2.7253307052887976e-05, 1.8389118849881925e-05, 1.4569070117431693e-05, 1.148541832662886e-05, 1.1666456884995569e-05, 9.543839951220434e-06, 9.486659109825268e-06, 9.749096534505952e-06, 1.066727600118611e-05, 7.763960638840217e-06, 8.339986379723996e-06, 9.035004040924832e-06, 7.270551122928737e-06, 8.14624218037352e-06, 6.855955689388793e-06, 5.535631771635963e-06, 5.8813234318222385e-06, 5.082196366856806e-06, 5.6989092627190985e-06, 5.396276264946209e-06, 5.757123290095478e-06, 5.504706223291578e-06, 4.202980562695302e-06, 4.4987473302171566e-06, 4.872032604907872e-06, 4.32856450061081e-06, 4.159850050200475e-06, 4.644900400307961e-06, 4.758248906000517e-06, 4.433449248608667e-06, 3.8118905649753287e-06, 4.921002528135432e-06, 4.80795370094711e-06, 4.148513198742876e-06, 4.119443474337459e-06, 3.572311015886953e-06, 2.897289732572972e-06, 2.791852466543787e-06, 2.9810034902766347e-06, 2.973016307805665e-06, 2.800499942168244e-06, 2.3482925826101564e-06, 1.8211727592643001e-06, 1.2821727750633727e-06, 1.3080493772577029e-06, 1.3800389524476486e-06, 1.0870875257751322e-06, 8.587222168898734e-07, 6.804347094657714e-07, 4.957784653925046e-07, 4.3524067905309494e-07, 3.375199639776838e-07, 2.1377485381890438e-07, 1.4279740412348474e-07, 8.296683517983183e-08, 1.8665968326558868e-08, 5.838366234911518e-09, 1.0346532658411789e-10, 5.5303137069806496e-11, 2.335131567277049e-11, 1.733828011718508e-11, 1.653093287257157e-11, 1.4111364854407782e-11, 1.163148570515471e-11, 1.1137805955296898e-11, 1.1076113116958997e-11], "lowlevel.mfcc.mean": [-604.0394897460938, 109.40751647949219, 8.89553165435791, 24.50933074951172, 22.282651901245117, 10.943997383117676, 5.815881729125977, 11.29224681854248, 7.146442413330078, 11.53780460357666, 6.328319549560547, 7.515897274017334, 2.8376195430755615], "lowlevel.spectral_contrast_coeffs.mean": [-0.7565279006958008, -0.7361263036727905, -0.7794075012207031, -0.7953646183013916, -0.8021301627159119, -0.7791997194290161], "lowlevel.spectral_contrast_coeffs.stdev": [0.07145519554615021, 0.08419054001569748, 0.0696292370557785, 0.044761352241039276, 0.03215663880109787, 0.032006800174713135], "lowlevel.spectral_contrast_valleys.mean": [-6.122466087341309, -6.674932479858398, -7.135688781738281, -7.0777506828308105, -7.095566272735596, -9.584044456481934], "lowlevel.spectral_contrast_valleys.stdev": [0.4797651767730713, 0.5934600234031677, 0.5805464386940002, 0.5720522999763489, 0.5983205437660217, 0.8180906176567078], "rhythm.beats_loudness_band_ratio.mean": [0.7157223224639893, 0.08448000252246857, 0.10206203162670135, 0.04626748338341713, 0.05555440112948418, 0.03230861574411392], "rhythm.beats_loudness_band_ratio.stdev": [0.15520256757736206, 0.11071861535310745, 0.10868297517299652, 0.05812684819102287, 0.05641810595989227, 0.034395940601825714], "tonal.hpcp.mean": [0.15144842863082886, 0.15490378439426422, 0.05135839805006981, 0.02524106577038765, 0.0232174601405859, 0.03065258078277111, 0.10648540407419205, 0.16488386690616608, 0.11084293574094772, 0.04698467627167702, 0.02409490756690502, 0.019693486392498016, 0.023900700733065605, 0.024706346914172173, 0.022069578990340233, 0.057198699563741684, 0.07540926337242126, 0.036490753293037415, 0.014937268570065498, 0.017640702426433563, 0.0318610817193985, 0.12927891314029694, 0.2779128849506378, 0.2046850174665451, 0.050723034888505936, 0.03607623279094696, 0.035569656640291214, 0.05528439208865166, 0.07269512116909027, 0.07920006662607193, 0.176803320646286, 0.339613139629364, 0.29098373651504517, 0.12048768997192383, 0.06164536997675896, 0.05893759801983833], "tonal.hpcp.stdev": [0.3031134009361267, 0.3119088411331177, 0.12657307088375092, 0.09788791835308075, 0.09752475470304489, 0.09631992876529694, 0.19397945702075958, 0.2835298776626587, 0.2271929234266281, 0.145162433385849, 0.08602645993232727, 0.08455631136894226, 0.08276629447937012, 0.08068829774856567, 0.05440877750515938, 0.10633067786693573, 0.14088758826255798, 0.0691574215888977, 0.039826761931180954, 0.07139115035533905, 0.10296095162630081, 0.2255396991968155, 0.39743947982788086, 0.3308270573616028, 0.13009442389011383, 0.134849414229393, 0.1277533769607544, 0.12462427467107773, 0.16363157331943512, 0.18255217373371124, 0.2759249210357666, 0.42065900564193726, 0.38214215636253357, 0.25455302000045776, 0.1723174899816513, 0.17620304226875305], "rhythm.beats_position": [0.5340589284896851, 1.09133780002594, 1.6486167907714844, 2.2058956623077393, 2.774784564971924, 3.3436734676361084, 3.912562370300293, 4.481451034545898, 5.038730144500732, 5.607618808746338, 6.164897918701172, 6.722176551818848, 7.291065692901611, 7.848344326019287, 8.405623435974121, 8.974512100219727, 9.543400764465332, 10.100680351257324, 10.66956901550293, 11.238457679748535, 11.795736312866211, 12.353015899658203, 12.910294532775879, 13.467573165893555, 14.036462783813477, 14.605351448059082, 15.162630081176758, 15.719908714294434, 16.27718734741211, 16.84607696533203, 17.414966583251953, 17.983854293823242, 18.552743911743164, 19.110021591186523, 19.667301177978516, 20.224580764770508, 20.781858444213867, 21.33913803100586, 21.89641761779785, 22.45369529724121, 23.022584915161133, 23.591472625732422, 24.160362243652344, 24.729251861572266, 25.286529541015625, 25.843809127807617, 26.41269874572754, 26.981586456298828, 27.53886604309082], "rhythm.bpm_histogram": [0.0, 0.0, 0.0, 0.0, 0.0, 0.0, 0.0, 0.0, 0.0, 0.0, 0.0, 0.0, 0.0, 0.0, 0.0, 0.0, 0.0, 0.0, 0.0, 0.0, 0.0, 0.0, 0.0, 0.0, 0.0, 0.0, 0.0, 0.0, 0.0, 0.0, 0.0, 0.0, 0.0, 0.0, 0.0, 0.0, 0.0, 0.0, 0.0, 0.0, 0.0, 0.0, 0.0, 0.0, 0.0, 0.0, 0.0, 0.0, 0.0, 0.0, 0.0, 0.0, 0.0, 0.0, 0.0, 0.0, 0.0, 0.0, 0.0, 0.0, 0.0, 0.0, 0.0, 0.0, 0.0, 0.0, 0.0, 0.0, 0.0, 0.0, 0.0, 0.0, 0.0, 0.0, 0.0, 0.0, 0.0, 0.0, 0.0, 0.0, 0.0, 0.0, 0.0, 0.0, 0.0, 0.0, 0.0, 0.0, 0.0, 0.0, 0.0, 0.0, 0.0, 0.0, 0.0, 0.0, 0.0, 0.0, 0.0, 0.0, 0.0, 0.0, 0.0, 0.0, 0.0, 0.4583333432674408, 0.0, 0.0, 0.5416666865348816, 0.0, 0.0, 0.0, 0.0, 0.0, 0.0, 0.0, 0.0, 0.0, 0.0, 0.0, 0.0, 0.0, 0.0, 0.0, 0.0, 0.0, 0.0, 0.0, 0.0, 0.0, 0.0, 0.0, 0.0, 0.0, 0.0, 0.0, 0.0, 0.0, 0.0, 0.0, 0.0, 0.0, 0.0, 0.0, 0.0, 0.0, 0.0, 0.0, 0.0, 0.0, 0.0, 0.0, 0.0, 0.0, 0.0, 0.0, 0.0, 0.0, 0.0, 0.0, 0.0, 0.0, 0.0, 0.0, 0.0, 0.0, 0.0, 0.0, 0.0, 0.0, 0.0, 0.0, 0.0, 0.0, 0.0, 0.0, 0.0, 0.0, 0.0, 0.0, 0.0, 0.0, 0.0, 0.0, 0.0, 0.0, 0.0, 0.0, 0.0, 0.0, 0.0, 0.0, 0.0, 0.0, 0.0, 0.0, 0.0, 0.0, 0.0, 0.0, 0.0, 0.0, 0.0, 0.0, 0.0, 0.0, 0.0, 0.0, 0.0, 0.0, 0.0, 0.0, 0.0, 0.0, 0.0, 0.0, 0.0, 0.0, 0.0, 0.0, 0.0, 0.0, 0.0, 0.0, 0.0, 0.0, 0.0, 0.0, 0.0, 0.0, 0.0, 0.0, 0.0, 0.0, 0.0, 0.0, 0.0, 0.0, 0.0, 0.0, 0.0, 0.0, 0.0, 0.0, 0.0, 0.0, 0.0, 0.0, 0.0, 0.0], "tonal.chords_histogram": [9.10595989227295, 20.695363998413086, 33.27814483642578, 7.284768104553223, 0.9933775067329407, 0.0, 23.01324462890625, 0.0, 3.6423840522766113, 0.0, 0.8278145790100098, 0.0, 0.0, 0.0, 0.0, 0.0, 0.0, 0.0, 0.0, 0.0, 0.0, 1.1589404344558716, 0.0, 0.0], "tonal.thpcp": [1.0, 0.8568094372749329, 0.3547792434692383, 0.18151643872261047, 0.17354333400726318, 0.4459439516067505, 0.4561183452606201, 0.15122617781162262, 0.07432299852371216, 0.06836443394422531, 0.09025734663009644, 0.31354913115501404, 0.48550495505332947, 0.3263799846172333, 0.13834764063358307, 0.07094810158014297, 0.0579879991710186, 0.07037625461816788, 0.07274850457906723, 0.06498447060585022, 0.1684231013059616, 0.22204460203647614, 0.10744800418615341, 0.04398318752646446, 0.051943521946668625, 0.09381581097841263, 0.38066521286964417, 0.818321943283081, 0.6027005314826965, 0.14935533702373505, 0.10622743517160416, 0.10473580658435822, 0.16278637945652008, 0.2140527367591858, 0.23320671916007996, 0.5206021070480347], "lowlevel.gfcc.cov": [[2476.95361328125, -636.8474731445312, -115.88231658935547, 75.34437561035156, -215.96731567382812, 115.36185455322266, -96.02458190917969, -18.337636947631836, -91.04396057128906, 45.63040542602539, -114.17768096923828, 167.98764038085938, 7.767597675323486], [-636.8474731445312, 749.1193237304688, -98.20004272460938, -111.6572494506836, 59.00662612915039, -176.33258056640625, 64.51046752929688, -100.63692474365234, 21.81320571899414, -91.13067626953125, 38.46048355102539, -110.56706237792969, 16.148067474365234], [-115.88231658935547, -98.20004272460938, 347.9033508300781, 45.412410736083984, 4.301058769226074, -13.04378890991211, -63.614723205566406, 2.388422727584839, -43.720703125, 32.49065017700195, 8.924417495727539, 41.888484954833984, -35.9335823059082], [75.34437561035156, -111.6572494506836, 45.412410736083984, 189.2700653076172, -2.1902339458465576, 0.8581900596618652, -75.84536743164062, -24.927825927734375, -4.021207332611084, -17.197406768798828, 0.08769142627716064, -5.663815498352051, 25.0577449798584], [-215.96731567382812, 59.00662612915039, 4.301058769226074, -2.1902339458465576, 189.72897338867188, 22.277738571166992, 48.734500885009766, 24.585538864135742, 21.19648551940918, 6.7702956199646, 13.265433311462402, 2.9211654663085938, 2.737602472305298], [115.36185455322266, -176.33258056640625, -13.04378890991211, 0.8581900596618652, 22.277738571166992, 186.17710876464844, 57.53372573852539, 20.762975692749023, -15.086271286010742, 3.232820987701416, 5.305148124694824, 9.034008979797363, 5.098577499389648], [-96.02458190917969, 64.51046752929688, -63.614723205566406, -75.84536743164062, 48.734500885009766, 57.53372573852539, 168.34385681152344, 51.93263626098633, 32.118247985839844, -9.495643615722656, -1.345565676689148, -0.2621210813522339, -7.3574934005737305], [-18.337636947631836, -100.63692474365234, 2.388422727584839, -24.927825927734375, 24.585538864135742, 20.762975692749023, 51.93263626098633, 162.69728088378906, 88.72721099853516, 9.436376571655273, -13.7185640335083, 4.620868682861328, -13.714879035949707], [-91.04396057128906, 21.81320571899414, -43.720703125, -4.021207332611084, 21.19648551940918, -15.086271286010742, 32.118247985839844, 88.72721099853516, 142.8455047607422, 31.079051971435547, 1.490391492843628, -22.296207427978516, -4.533041477203369], [45.63040542602539, -91.13067626953125, 32.49065017700195, -17.197406768798828, 6.7702956199646, 3.232820987701416, -9.495643615722656, 9.436376571655273, 31.079051971435547, 107.96283721923828, 37.79328155517578, 28.314224243164062, -19.769115447998047], [-114.17768096923828, 38.46048355102539, 8.924417495727539, 0.08769142627716064, 13.265433311462402, 5.305148124694824, -1.345565676689148, -13.7185640335083, 1.490391492843628, 37.79328155517578, 88.88516235351562, 24.176088333129883, 3.1970911026000977], [167.98764038085938, -110.56706237792969, 41.888484954833984, -5.663815498352051, 2.9211654663085938, 9.034008979797363, -0.2621210813522339, 4.620868682861328, -22.296207427978516, 28.314224243164062, 24.176088333129883, 110.00094604492188, 19.915239334106445], [7.767597675323486, 16.148067474365234, -35.9335823059082, 25.0577449798584, 2.737602472305298, 5.098577499389648, -7.3574934005737305, -13.714879035949707, -4.533041477203369, -19.769115447998047, 3.1970911026000977, 19.915239334106445, 76.01875305175781]], "lowlevel.gfcc.icov": [[0.000760961789637804, -2.1592046323348768e-05, 0.0007106238044798374, -0.000516161962877959, 0.0007124955300241709, -0.0005774024757556617, 0.0004304605827201158, -0.0001470687857363373, 0.0004283241287339479, -0.0007307315245270729, 0.0015512710670009255, -0.0016305361641570926, 0.0006585096125490963], [-2.1592046323348768e-05, 0.008284790441393852, -0.001429292606189847, 0.005942297633737326, -0.0026386245153844357, 0.007826484739780426, -0.0040994673036038876, 0.007887708954513073, -0.005156399216502905, 0.009025760926306248, -0.008007504977285862, 0.007291092537343502, -0.003329245373606682], [0.0007106238044798374, -0.001429292606189847, 0.004874901846051216, -0.0025589000433683395, 0.000649457739200443, -0.0015662977239117026, 0.0022289035841822624, -0.0027694671880453825, 0.0031779748387634754, -0.0031632750760763884, 0.002926891203969717, -0.004094243980944157, 0.0034929360263049603], [-0.000516161962877959, 0.005942297633737326, -0.0025589000433683395, 0.012250194326043129, -0.002981367986649275, 0.004454050213098526, 0.0006476749549619853, 0.006869982462376356, -0.0062096575275063515, 0.009149261750280857, -0.007153884042054415, 0.006614740006625652, -0.004769344348460436], [0.0007124955300241709, -0.0026386245153844357, 0.000649457739200443, -0.002981367986649275, 0.007449896074831486, -0.003080458613112569, -0.0003683351387735456, -0.0028859050944447517, 0.001700526219792664, -0.0038241681177169085, 0.003131571691483259, -0.003515987191349268, 0.0010557551868259907], [-0.0005774024757556617, 0.007826484739780426, -0.0015662977239117026, 0.004454050213098526, -0.003080458613112569, 0.01462327316403389, -0.007230423390865326, 0.005779630970209837, -0.002167013706639409, 0.007287781219929457, -0.008856179192662239, 0.008634384721517563, -0.004462535493075848], [0.0004304605827201158, -0.0040994673036038876, 0.0022289035841822624, 0.0006476749549619853, -0.0003683351387735456, -0.007230423390865326, 0.012945369817316532, -0.005072716157883406, 0.0007563810213468969, -0.002017413266003132, 0.004253150429576635, -0.005607914179563522, 0.003313610563054681], [-0.0001470687857363373, 0.007887708954513073, -0.0027694671880453825, 0.006869982462376356, -0.0028859050944447517, 0.005779630970209837, -0.005072716157883406, 0.019466973841190338, -0.013610918074846268, 0.01116394717246294, -0.005942406132817268, 0.004235988948494196, -0.0012648795964196324], [0.0004283241287339479, -0.005156399216502905, 0.0031779748387634754, -0.0062096575275063515, 0.001700526219792664, -0.002167013706639409, 0.0007563810213468969, -0.013610918074846268, 0.019196204841136932, -0.012450829148292542, 0.005435916595160961, -0.0007936629117466509, 0.00018841863493435085], [-0.0007307315245270729, 0.009025760926306248, -0.0031632750760763884, 0.009149261750280857, -0.0038241681177169085, 0.007287781219929457, -0.002017413266003132, 0.01116394717246294, -0.012450829148292542, 0.026106106117367744, -0.014933058992028236, 0.004837273620069027, 0.0005214761476963758], [0.0015512710670009255, -0.008007504977285862, 0.002926891203969717, -0.007153884042054415, 0.003131571691483259, -0.008856179192662239, 0.004253150429576635, -0.005942406132817268, 0.005435916595160961, -0.014933058992028236, 0.025082210078835487, -0.012232761830091476, 0.0036954062525182962], [-0.0016305361641570926, 0.007291092537343502, -0.004094243980944157, 0.006614740006625652, -0.003515987191349268, 0.008634384721517563, -0.005607914179563522, 0.004235988948494196, -0.0007936629117466509, 0.004837273620069027, -0.012232761830091476, 0.023105455562472343, -0.010056930594146252], [0.0006585096125490963, -0.003329245373606682, 0.0034929360263049603, -0.004769344348460436, 0.0010557551868259907, -0.004462535493075848, 0.003313610563054681, -0.0012648795964196324, 0.00018841863493435085, 0.0005214761476963758, 0.0036954062525182962, -0.010056930594146252, 0.019997671246528625]], "lowlevel.mfcc.cov": [[2656.10986328125, -688.0826416015625, -38.70723342895508, -93.46621704101562, -136.66180419921875, 77.02188873291016, -103.14329528808594, 11.480428695678711, -41.99573516845703, -6.762701034545898, -78.99227142333984, -127.24760437011719, -38.275081634521484], [-688.0826416015625, 740.7039184570312, -134.36053466796875, 30.038469314575195, -59.13737869262695, -50.95569610595703, 15.23469066619873, -26.696550369262695, -8.913121223449707, -33.14146423339844, 7.919070720672607, 16.383686065673828, 2.137889862060547], [-38.70723342895508, -134.36053466796875, 300.9111633300781, 28.84560775756836, 29.098249435424805, -13.145737648010254, -17.68409538269043, -36.30100631713867, -43.527565002441406, -57.50020217895508, -8.071305274963379, 16.400320053100586, 4.349084854125977], [-93.46621704101562, 30.038469314575195, 28.84560775756836, 159.94801330566406, 50.9529914855957, -30.081790924072266, -43.01441955566406, -31.81875228881836, -4.933311939239502, -42.34838104248047, -15.050638198852539, 12.860391616821289, 6.376220226287842], [-136.66180419921875, -59.13737869262695, 29.098249435424805, 50.9529914855957, 158.3185577392578, 1.6487287282943726, -1.0996558666229248, -8.12978458404541, 7.1888508796691895, 1.1422213315963745, -8.763529777526855, 19.015857696533203, 5.9020609855651855], [77.02188873291016, -50.95569610595703, -13.145737648010254, -30.081790924072266, 1.6487287282943726, 136.69293212890625, 55.409725189208984, -5.68235969543457, -23.538339614868164, -5.513759136199951, -4.2645745277404785, -25.36732292175293, -8.857841491699219], [-103.14329528808594, 15.23469066619873, -17.68409538269043, -43.01441955566406, -1.0996558666229248, 55.409725189208984, 125.73228454589844, 37.325660705566406, -11.663991928100586, -3.346176862716675, 0.32470619678497314, -5.209880828857422, -6.265283584594727], [11.480428695678711, -26.696550369262695, -36.30100631713867, -31.81875228881836, -8.12978458404541, -5.68235969543457, 37.325660705566406, 130.97628784179688, 61.21108627319336, 33.87773132324219, 0.07264535874128342, 8.406034469604492, 9.085756301879883], [-41.99573516845703, -8.913121223449707, -43.527565002441406, -4.933311939239502, 7.1888508796691895, -23.538339614868164, -11.663991928100586, 61.21108627319336, 108.11652374267578, 62.3587646484375, 9.148019790649414, 4.0959930419921875, 1.3229056596755981], [-6.762701034545898, -33.14146423339844, -57.50020217895508, -42.34838104248047, 1.1422213315963745, -5.513759136199951, -3.346176862716675, 33.87773132324219, 62.3587646484375, 120.72280883789062, 42.591094970703125, 7.218814849853516, -3.950380563735962], [-78.99227142333984, 7.919070720672607, -8.071305274963379, -15.050638198852539, -8.763529777526855, -4.2645745277404785, 0.32470619678497314, 0.07264535874128342, 9.148019790649414, 42.591094970703125, 82.0859375, 48.37959671020508, 9.876739501953125], [-127.24760437011719, 16.383686065673828, 16.400320053100586, 12.860391616821289, 19.015857696533203, -25.36732292175293, -5.209880828857422, 8.406034469604492, 4.0959930419921875, 7.218814849853516, 48.37959671020508, 94.28717803955078, 42.6755256652832], [-38.275081634521484, 2.137889862060547, 4.349084854125977, 6.376220226287842, 5.9020609855651855, -8.857841491699219, -6.265283584594727, 9.085756301879883, 1.3229056596755981, -3.950380563735962, 9.876739501953125, 42.6755256652832, 79.91414642333984]], "lowlevel.mfcc.icov": [[0.000689478765707463, 0.0007265720050781965, 0.00043801951687783003, 0.00017182026931550354, 0.000683128833770752, -0.00023508493904955685, 0.0008568652556277812, -0.00027281991788186133, 0.0005199589650146663, 0.00016729481285437942, 0.0003946151991840452, 0.0002982155710924417, 8.656849968247116e-05], [0.0007265720050781965, 0.0025216229259967804, 0.001439156592823565, -0.00020160686108283699, 0.0013934931484982371, 0.0006957996520213783, 1.8991930119227618e-05, 0.0005433402839116752, 0.0001903248339658603, 0.0010510062566027045, 0.0002261646877741441, -0.00012623978545889258, 0.0002204857737524435], [0.00043801951687783003, 0.001439156592823565, 0.004716848023235798, 0.0001805930951377377, 1.6542990124435164e-05, 0.0007004003273323178, 0.0005858589429408312, 0.0004994748160243034, 0.0008254677522927523, 0.002312276279553771, -0.0001305136684095487, -0.0006782796117477119, 0.00044471732689999044], [0.00017182026931550354, -0.00020160686108283699, 0.0001805930951377377, 0.009408470243215561, -0.0027832468040287495, 0.0006637518526986241, 0.0026500613894313574, 0.0012205683160573244, -0.0018846162129193544, 0.004119283519685268, 8.615564729552716e-05, -0.0006626351969316602, 0.00025333097437396646], [0.000683128833770752, 0.0013934931484982371, 1.6542990124435164e-05, -0.0027832468040287495, 0.00897030159831047, -0.0008588741766288877, -0.0005792106385342777, 0.0010054920567199588, -0.00022454839199781418, -0.0019737547263503075, 0.003792271250858903, -0.003233240218833089, 0.0007577086216770113], [-0.00023508493904955685, 0.0006957996520213783, 0.0007004003273323178, 0.0006637518526986241, -0.0008588741766288877, 0.010681192390620708, -0.004959394223988056, 0.0016244878061115742, 0.0008999252459034324, 0.0006099335150793195, -0.001881759730167687, 0.003350577550008893, -0.001089883386157453], [0.0008568652556277812, 1.8991930119227618e-05, 0.0005858589429408312, 0.0026500613894313574, -0.0005792106385342777, -0.004959394223988056, 0.013915169052779675, -0.005578034091740847, 0.003584578400477767, 0.0012578322784975171, -0.00018603025819174945, -7.459855260094628e-05, 0.001450438634492457], [-0.00027281991788186133, 0.0005433402839116752, 0.0004994748160243034, 0.0012205683160573244, 0.0010054920567199588, 0.0016244878061115742, -0.005578034091740847, 0.013961929827928543, -0.008304229937493801, 0.0002996750990860164, 0.0025596146006137133, -0.0025654062628746033, -0.0009827722096815705], [0.0005199589650146663, 0.0001903248339658603, 0.0008254677522927523, -0.0018846162129193544, -0.00022454839199781418, 0.0008999252459034324, 0.003584578400477767, -0.008304229937493801, 0.019864093512296677, -0.008780870586633682, 0.0022386042401194572, 0.0004930163850076497, 0.00038804931682534516], [0.00016729481285437942, 0.0010510062566027045, 0.002312276279553771, 0.004119283519685268, -0.0019737547263503075, 0.0006099335150793195, 0.0012578322784975171, 0.0002996750990860164, -0.008780870586633682, 0.01908789575099945, -0.010342729277908802, 0.003819089848548174, 0.00020316627342253923], [0.0003946151991840452, 0.0002261646877741441, -0.0001305136684095487, 8.615564729552716e-05, 0.003792271250858903, -0.001881759730167687, -0.00018603025819174945, 0.0025596146006137133, 0.0022386042401194572, -0.010342729277908802, 0.02686021476984024, -0.015911532565951347, 0.004017925355583429], [0.0002982155710924417, -0.00012623978545889258, -0.0006782796117477119, -0.0006626351969316602, -0.003233240218833089, 0.003350577550008893, -7.459855260094628e-05, -0.0025654062628746033, 0.0004930163850076497, 0.003819089848548174, -0.015911532565951347, 0.025561386719346046, -0.010371065698564053], [8.656849968247116e-05, 0.0002204857737524435, 0.00044471732689999044, 0.00025333097437396646, 0.0007577086216770113, -0.001089883386157453, 0.001450438634492457, -0.0009827722096815705, 0.00038804931682534516, 0.00020316627342253923, 0.004017925355583429, -0.010371065698564053, 0.017598625272512436]], "metadata.audio_properties.analysis.downmix": "mix", "metadata.audio_properties.codec": "mp3", "metadata.audio_properties.md5_encoded": "89b85a16aad048adca8143366dba78c0", "metadata.tags.file_name": "1182272040099655750.mp3", "metadata.version.essentia": "2.1-beta6-dev", "metadata.version.essentia_git_sha": "v2.1_beta5-1110-g77a6a954", "metadata.version.extractor": "music 2.0", "tonal.chords_key": "G", "tonal.chords_scale": "major", "tonal.key_edma.key": "C", "tonal.key_edma.scale": "major", "tonal.key_krumhansl.key": "C", "tonal.key_krumhansl.scale": "major", "tonal.key_temperley.key": "C", "tonal.key_temperley.scale": "major", "metadata.tags.encoding": ["Lavf58.45.100"]}, "essentia_models": [{"model_name": "genre_dortmund", "activations": {"alternative": "0.08366795", "blues": "0.