{"song_id": "1182264833576546304", "download": "https://cdn.discordapp.com/attachments/1135911532732108921/1182264833576546304/chirp.mp4?ex=658410ed&amp", "lyrics": "[Verse]\nNos lagos calmos, \u00e1gua repousa,\nNutre a terra, em cada vala e fossa.\n[Chorus]\nEssa viagem, ciclo sem fim,\nDa nascente ao mar, segue assim.", "style": ["andina electronica"], "essentia_features": {"lowlevel.average_loudness": 0.979311466217041, "lowlevel.barkbands_crest.mean": 12.845934867858887, "lowlevel.barkbands_crest.stdev": 3.7243409156799316, "lowlevel.barkbands_flatness_db.mean": 0.22893360257148743, "lowlevel.barkbands_flatness_db.stdev": 0.05039301514625549, "lowlevel.barkbands_kurtosis.mean": 9.839557647705078, "lowlevel.barkbands_kurtosis.stdev": 14.647956848144531, "lowlevel.barkbands_skewness.mean": 2.43521785736084, "lowlevel.barkbands_skewness.stdev": 1.6724512577056885, "lowlevel.barkbands_spread.mean": 18.32463264465332, "lowlevel.barkbands_spread.stdev": 13.488064765930176, "lowlevel.dissonance.mean": 0.46311455965042114, "lowlevel.dissonance.stdev": 0.026498759165406227, "lowlevel.dynamic_complexity": 1.8291611671447754, "lowlevel.erbbands_crest.mean": 11.156594276428223, "lowlevel.erbbands_crest.stdev": 4.3488030433654785, "lowlevel.erbbands_flatness_db.mean": 0.2016456425189972, "lowlevel.erbbands_flatness_db.stdev": 0.04422488436102867, "lowlevel.erbbands_kurtosis.mean": 0.47113925218582153, "lowlevel.erbbands_kurtosis.stdev": 2.180018663406372, "lowlevel.erbbands_skewness.mean": -0.045069172978401184, "lowlevel.erbbands_skewness.stdev": 0.8256312012672424, "lowlevel.erbbands_spread.mean": 45.63615036010742, "lowlevel.erbbands_spread.stdev": 24.854883193969727, "lowlevel.hfc.mean": 20.074460983276367, "lowlevel.hfc.stdev": 13.201984405517578, "lowlevel.loudness_ebu128.integrated": -13.991472244262695, "lowlevel.loudness_ebu128.loudness_range": 1.5578022003173828, "lowlevel.loudness_ebu128.momentary.mean": -14.167132377624512, "lowlevel.loudness_ebu128.momentary.stdev": 1.3056025505065918, "lowlevel.loudness_ebu128.short_term.mean": -14.02248764038086, "lowlevel.loudness_ebu128.short_term.stdev": 0.5539062023162842, "lowlevel.melbands_crest.mean": 19.75737190246582, "lowlevel.melbands_crest.stdev": 4.919887542724609, "lowlevel.melbands_flatness_db.mean": 0.29829663038253784, "lowlevel.melbands_flatness_db.stdev": 0.05791444331407547, "lowlevel.melbands_kurtosis.mean": 32.88983917236328, "lowlevel.melbands_kurtosis.stdev": 39.38399124145508, "lowlevel.melbands_skewness.mean": 4.332120895385742, "lowlevel.melbands_skewness.stdev": 2.4686830043792725, "lowlevel.melbands_spread.mean": 15.684568405151367, "lowlevel.melbands_spread.stdev": 12.964515686035156, "lowlevel.pitch_salience.mean": 0.4109466075897217, "lowlevel.pitch_salience.stdev": 0.09518467634916306, "lowlevel.silence_rate_20dB.mean": 1.0, "lowlevel.silence_rate_20dB.stdev": 0.0, "lowlevel.silence_rate_30dB.mean": 0.9988479018211365, "lowlevel.silence_rate_30dB.stdev": 0.03392253816127777, "lowlevel.silence_rate_60dB.mean": 0.0023041474632918835, "lowlevel.silence_rate_60dB.stdev": 0.04794615879654884, "lowlevel.spectral_centroid.mean": 1112.708740234375, "lowlevel.spectral_centroid.stdev": 617.0903930664062, "lowlevel.spectral_complexity.mean": 13.806451797485352, "lowlevel.spectral_complexity.stdev": 6.613548755645752, "lowlevel.spectral_decrease.mean": -1.0483296897234595e-08, "lowlevel.spectral_decrease.stdev": 4.090074945395372e-09, "lowlevel.spectral_energy.mean": 0.04138719663023949, "lowlevel.spectral_energy.stdev": 0.016017267480492592, "lowlevel.spectral_energyband_high.mean": 0.0007609918247908354, "lowlevel.spectral_energyband_high.stdev": 0.0010635036742314696, "lowlevel.spectral_energyband_low.mean": 0.023854535073041916, "lowlevel.spectral_energyband_low.stdev": 0.011277437210083008, "lowlevel.spectral_energyband_middle_high.mean": 0.006618078798055649, "lowlevel.spectral_energyband_middle_high.stdev": 0.007776570972055197, "lowlevel.spectral_energyband_middle_low.mean": 0.011531577445566654, "lowlevel.spectral_energyband_middle_low.stdev": 0.010721471160650253, "lowlevel.spectral_entropy.mean": 7.046600818634033, "lowlevel.spectral_entropy.stdev": 0.43014949560165405, "lowlevel.spectral_flux.mean": 0.06569228321313858, "lowlevel.spectral_flux.stdev": 0.033652301877737045, "lowlevel.spectral_kurtosis.mean": 5.136209487915039, "lowlevel.spectral_kurtosis.stdev": 3.3307437896728516, "lowlevel.spectral_rms.mean": 0.006215056404471397, "lowlevel.spectral_rms.stdev": 0.0013231701450422406, "lowlevel.spectral_rolloff.mean": 870.7308349609375, "lowlevel.spectral_rolloff.stdev": 1086.728271484375, "lowlevel.spectral_skewness.mean": 1.5187925100326538, "lowlevel.spectral_skewness.stdev": 0.4802740216255188, "lowlevel.spectral_spread.mean": 3843660.5, "lowlevel.spectral_spread.stdev": 1575417.125, "lowlevel.spectral_strongpeak.mean": 0.9219394326210022, "lowlevel.spectral_strongpeak.stdev": 1.144349217414856, "lowlevel.zerocrossingrate.mean": 0.036756664514541626, "lowlevel.zerocrossingrate.stdev": 0.024224771186709404, "metadata.audio_properties.analysis.equal_loudness": 0.0, "metadata.audio_properties.analysis.length": 20.117324829101562, "metadata.audio_properties.analysis.sample_rate": 44100.0, "metadata.audio_properties.analysis.start_time": 0.0, "metadata.audio_properties.bit_rate": 121067.0, "metadata.audio_properties.length": 20.117332458496094, "metadata.audio_properties.lossless": 0.0, "metadata.audio_properties.number_channels": 1.0, "metadata.audio_properties.replay_gain": -11.754035949707031, "metadata.audio_properties.sample_rate": 48000.0, "rhythm.beats_count": 33.0, "rhythm.beats_loudness.mean": 0.0509689636528492, "rhythm.beats_loudness.stdev": 0.018117185682058334, "rhythm.bpm": 99.58064270019531, "rhythm.bpm_histogram_first_peak_bpm": 99.0, "rhythm.bpm_histogram_first_peak_weight": 0.21875, "rhythm.bpm_histogram_second_peak_bpm": 0.0, "rhythm.bpm_histogram_second_peak_spread": 0.0, "rhythm.bpm_histogram_second_peak_weight": 0.0, "rhythm.danceability": 1.1646723747253418, "rhythm.onset_rate": 3.0797200202941895, "tonal.chords_changes_rate": 0.050574712455272675, "tonal.chords_number_rate": 0.016091953963041306, "tonal.chords_strength.mean": 0.46378403902053833, "tonal.chords_strength.stdev": 0.08796975016593933, "tonal.hpcp_crest.mean": 14.164371490478516, "tonal.hpcp_crest.stdev": 4.884417533874512, "tonal.hpcp_entropy.mean": 1.818401575088501, "tonal.hpcp_entropy.stdev": 0.6220977306365967, "tonal.key_edma.strength": 0.696988046169281, "tonal.key_krumhansl.strength": 0.7075269222259521, "tonal.key_temperley.strength": 0.7145929336547852, "tonal.tuning_diatonic_strength": 0.5672110915184021, "tonal.tuning_equal_tempered_deviation": 0.06760486215353012, "tonal.tuning_frequency": 438.47772216796875, "tonal.tuning_nontempered_energy_ratio": 0.699087381362915, "lowlevel.barkbands.mean": [2.9552091291407123e-05, 0.009668208658695221, 0.01286331657320261, 0.0023510551545768976, 0.005136717110872269, 0.0028345307800918818, 0.00022972995066083968, 0.00030280734063126147, 0.0004786078934557736, 0.0008566647884435952, 0.001315732253715396, 0.0005854659248143435, 0.0008691292023286223, 0.0011987105244770646, 0.0004689177148975432, 0.0002921955310739577, 0.000491975573822856, 0.0005510860937647521, 4.7075373004190624e-05, 0.0004354364355094731, 0.00010797321010613814, 8.673375123180449e-05, 3.746936999959871e-05, 9.417245746590197e-05, 5.028495434089564e-05, 3.5939399367634906e-06, 4.5826830330497614e-08], "lowlevel.barkbands.stdev": [3.721615576068871e-05, 0.010120317339897156, 0.008565990254282951, 0.002453942084684968, 0.006189251318573952, 0.006304015405476093, 0.0006013441015966237, 0.0012876932742074132, 0.0019445894286036491, 0.002103399485349655, 0.003164454596117139, 0.0011803263332694769, 0.002172638662159443, 0.0032580464612692595, 0.0013475855812430382, 0.0007728937198407948, 0.000867273542098701, 0.0008830467704683542, 6.361689884215593e-05, 0.0006437008851207793, 0.00022738015104550868, 0.00026864101528190076, 0.00013244648289401084, 0.00027220952324569225, 0.000148237420944497, 1.7500824469607323e-05, 2.2178791425631061e-07], "lowlevel.erbbands.mean": [0.06990453600883484, 2.9822232723236084, 14.864748001098633, 10.453063011169434, 13.444879531860352, 15.17054271697998, 28.632747650146484, 16.323118209838867, 4.89174222946167, 4.722952365875244, 6.688870429992676, 9.147253036499023, 20.144271850585938, 40.477962493896484, 47.3001823425293, 25.512266159057617, 32.700679779052734, 67.49993896484375, 36.19548034667969, 20.488664627075195, 16.975879669189453, 29.029279708862305, 34.714271545410156, 7.411520481109619, 2.5508036613464355, 19.82190704345703, 13.409632682800293, 1.8478176593780518, 3.1201531887054443, 2.8026833534240723, 0.622965395450592, 0.46584460139274597, 2.423551082611084, 1.0221238136291504, 0.12693823873996735, 0.016197066754102707, 0.008126314729452133, 0.0011282042833045125, 4.4235337554709986e-05, 4.903470107819885e-05], "lowlevel.erbbands.stdev": [0.09184172004461288, 2.7507529258728027, 9.270476341247559, 6.969114780426025, 19.424978256225586, 21.408906936645508, 71.8756103515625, 30.119836807250977, 10.730271339416504, 17.970129013061523, 30.91499900817871, 32.30807113647461, 62.15914535522461, 83.07776641845703, 97.1303939819336, 54.14111328125, 57.92020034790039, 184.92613220214844, 78.89523315429688, 60.66891860961914, 40.632362365722656, 47.63396453857422, 53.25594711303711, 10.61814022064209, 3.3512730598449707, 30.90677261352539, 19.84066390991211, 4.725445747375488, 9.647350311279297, 9.99989128112793, 1.948943018913269, 1.2832690477371216, 7.053987503051758, 2.955789566040039, 0.46495726704597473, 0.08721385151147842, 0.03500103950500488, 0.004868378397077322, 9.139538451563567e-05, 1.8231385183753446e-05], "lowlevel.gfcc.mean": [-30.079172134399414, 123.89547729492188, -119.03800964355469, 58.19007110595703, -31.675067901611328, 21.425682067871094, -32.06134796142578, -4.423659801483154, -37.632049560546875, -15.937187194824219, -3.376593589782715, -12.47757625579834, 5.544622421264648], "lowlevel.melbands.mean": [0.0016153667820617557, 0.0063329352997243404, 0.0019580950029194355, 0.001036826753988862, 0.000919252575840801, 0.0003953538544010371, 6.676173507003114e-05, 5.289384353091009e-05, 5.1840928790625185e-05, 6.586535891983658e-05, 0.00010183545236941427, 0.00015863063163124025, 0.00018911156803369522, 7.369275408564135e-05, 5.48190510016866e-05, 9.424544259672984e-05, 0.0001293740642722696, 6.335272337310016e-05, 3.091025791945867e-05, 2.2204394554137252e-05, 1.9387984139029868e-05, 2.5970555725507438e-05, 4.367600195109844e-05, 1.993285695789382e-05, 4.396986696519889e-06, 1.0252060747006908e-06, 2.953788452941808e-06, 1.717407394608017e-05, 1.2637589861697052e-05, 1.4678668094347813e-06, 7.039348588477878e-07, 1.667279207140382e-06, 1.936286935233511e-06, 1.437524588254746e-06, 3.7174899603087397e-07, 8.663218409310502e-08, 3.2240893688140204e-07, 1.6640291278235964e-06, 1.7421980373910628e-06, 5.94959033151099e-07], "lowlevel.melbands.stdev": [0.0018689896678552032, 0.0033985122572630644, 0.001273736939765513, 0.0012668755371123552, 0.0019974890165030956, 0.0007442380301654339, 0.000153828295879066, 0.0002034972421824932, 0.00023949641035869718, 0.00024837866658344865, 0.0003119259490631521, 0.0003475845733191818, 0.0004365324566606432, 0.0001352180406684056, 9.628324914956465e-05, 0.0002458532981108874, 0.00037452945252880454, 0.0001461440697312355, 9.331673936685547e-05, 6.527980440296233e-05, 5.027829683967866e-05, 5.02412804053165e-05, 6.957478035474196e-05, 3.4497352316975594e-05, 6.738699539710069e-06, 1.2086907190678176e-06, 6.117159500718117e-06, 2.7640686312224716e-05, 1.9327233530930243e-05, 3.981050213042181e-06, 2.299827656315756e-06, 5.284157850837801e-06, 6.503361873910762e-06, 5.410262929217424e-06, 1.169992742688919e-06, 2.8177058197798033e-07, 9.512385759080644e-07, 4.8474907998752315e-06, 5.099281679576961e-06, 1.9504318515828345e-06], "lowlevel.melbands128.mean": [1.1187454219907522e-05, 5.0059694331139326e-05, 0.0014186607440933585, 0.006127035710960627, 0.008564403280615807, 0.005417756736278534, 0.0020115578081458807, 0.0010967317502945662, 0.0015050878282636404, 0.0010635799262672663, 0.0007199387764558196, 0.0008426762069575489, 0.0011797042097896338, 0.000769699108786881, 0.000370967696653679, 0.0002114662347594276, 0.00010287364420946687, 2.491514533176087e-05, 3.6453348002396524e-05, 6.092898911447264e-05, 5.1277973398100585e-05, 5.796631012344733e-05, 6.053145625628531e-05, 3.0208031603251584e-05, 4.6089811803540215e-05, 6.929894152563065e-05, 0.00013946513354312629, 8.76605772646144e-05, 6.799359834985808e-05, 0.00019371899543330073, 0.00011649922817014158, 0.00024022540310397744, 0.00026317196898162365, 9.48940942180343e-05, 7.479105988750234e-05, 7.423477654810995e-05, 6.833825318608433e-05, 3.181319698342122e-05, 7.421585905831307e-05, 5.007817890145816e-05, 8.537963003618643e-05, 0.00018713445751927793, 0.00012217566836625338, 0.00012043420429108664, 8.219126902986318e-05, 4.950501897837967e-05, 4.7134752094279975e-05, 2.6797031750902534e-05, 2.6152305508730933e-05, 3.13257951347623e-05, 1.8432045180816203e-05, 1.7333424693788402e-05, 1.9562754459911957e-05, 1.8541113604442216e-05, 2.271143785037566e-05, 2.445672362227924e-05, 2.7921101718675345e-05, 4.828289456781931e-05, 5.302132194628939e-05, 2.9499940865207464e-05, 2.0675039195339195e-05, 9.549560672894586e-06, 5.7692827795108315e-06, 3.1846086585574085e-06, 1.3661726825375808e-06, 8.505534765390621e-07, 8.256468504441727e-07, 1.0427754659758648e-06, 2.76680452770961e-06, 6.316091912594857e-06, 1.3863858839613385e-05, 2.7240763301961124e-05, 2.1325924535631202e-05, 9.586835403752048e-06, 2.697251829886227e-06, 1.2700111255981028e-06, 1.0491498869669158e-06, 6.451398348872317e-07, 5.585665689977759e-07, 7.176637950578879e-07, 1.6170051821973175e-06, 2.0218935787852388e-06, 2.0354862044769106e-06, 2.0755926470883423e-06, 1.6442520518467063e-06, 1.7705258414935088e-06, 1.396508423567866e-06, 7.058912956381391e-07, 2.66374115653889e-07, 1.7009466546369367e-07, 1.2371688740131503e-07, 5.928293944634788e-08, 2.6080925863425364e-08, 8.463428002869477e-08, 5.065071491117124e-07, 1.4661959539807867e-06, 1.7759977026798879e-06, 2.247938255095505e-06, 2.1357830064516747e-06, 1.3495157418219605e-06, 7.086680398060707e-07, 5.867055961061851e-07, 2.2314216607810522e-07, 1.898794863564035e-07, 8.950610919100654e-08, 6.041213396201783e-08, 4.1805698458574625e-08, 2.391678322055668e-08, 1.951971384528406e-08, 1.619319078827175e-08, 1.3819062338882304e-08, 1.936481019981784e-08, 3.2664868143683634e-08, 3.472995757647368e-08, 2.474218874226608e-08, 1.071857003154264e-08, 2.1525541349376454e-09, 1.514438401073459e-11, 4.900883518454968e-12, 4.722013145080917e-12, 4.603358059324103e-12, 4.514722796999937e-12, 4.41337678208642e-12, 4.334327168009633e-12, 4.241824339695777e-12, 4.130890508130536e-12, 4.064579835899584e-12, 4.0374942972265515e-12], "lowlevel.melbands128.stdev": [1.604214048711583e-05, 9.440704161534086e-05, 0.002457869239151478, 0.006036559119820595, 0.005828273016959429, 0.0036492166109383106, 0.0017462486866861582, 0.0014551604399457574, 0.002653965726494789, 0.001563396886922419, 0.0014656491111963987, 0.0018116873688995838, 0.003528161207213998, 0.0019084400264546275, 0.0008476873626932502, 0.000609550450462848, 0.0003221984952688217, 6.008595664752647e-05, 0.00017383306112606078, 0.00027345772832632065, 0.00026449174038134515, 0.0003095833526458591, 0.00038353438139893115, 0.00016125405090861022, 0.0002795754699036479, 0.000341094215400517, 0.0007243469590321183, 0.00037500023609027267, 0.0002540993154980242, 0.0006104579661041498, 0.00037263554986566305, 0.0007358436123467982, 0.0007427003583870828, 0.0003087670775130391, 0.00016706819587852806, 0.0001996469945879653, 0.0002589901559986174, 6.924814078956842e-05, 0.000178738177055493, 0.00010544071847107261, 0.00033645000075921416, 0.0006816882523708045, 0.000534083868842572, 0.0005369052523747087, 0.00024801408289931715, 0.0001814964198274538, 0.00019405261264182627, 0.00012524574412964284, 0.00012646816321648657, 0.0001288398780161515, 6.201729411259294e-05, 6.142960774013773e-05, 7.153177284635603e-05, 5.7243643823312595e-05, 6.93558031343855e-05, 6.673475581919774e-05, 6.254118488868698e-05, 9.681820665718988e-05, 0.00010545658005867153, 6.209262937773019e-05, 4.983633698429912e-05, 2.075434531434439e-05, 1.0031192687165458e-05, 5.992741535010282e-06, 2.0663717350544175e-06, 1.1625211300270166e-06, 1.1741963135136757e-06, 1.7592869880900253e-06, 7.813038791937288e-06, 1.651378806855064e-05, 2.99965340673225e-05, 5.4320076742442325e-05, 3.547571395756677e-05, 2.070510709017981e-05, 7.26344796930789e-06, 3.945503976865439e-06, 3.88907074011513e-06, 2.654604031704366e-06, 2.101898189721396e-06, 2.213531388406409e-06, 5.625793164654169e-06, 7.077233021846041e-06, 6.975514224905055e-06, 7.390094197035069e-06, 6.304894668573979e-06, 7.578971235489007e-06, 5.3913245210424066e-06, 2.4602895791758783e-06, 8.984106329990027e-07, 6.079521881474648e-07, 4.592086781940452e-07, 2.116372712634984e-07, 1.0946865813821205e-07, 3.87183348493636e-07, 1.5316863937187009e-06, 4.702058959082933e-06, 5.3670964916818775e-06, 7.346755865000887e-06, 6.6276506913709454e-06, 3.990922323282575e-06, 2.3224188225867692e-06, 2.365211912547238e-06, 8.322544999828096e-07, 8.562832931602316e-07, 4.997593805455836e-07, 3.6596844665837125e-07, 2.1868021349291666e-07, 1.3937368237293413e-07, 1.4731304531778733e-07, 1.5275675480097561e-07, 8.318642841231849e-08, 9.964621483504743e-08, 1.3917794206008693e-07, 1.5131936947909708e-07, 9.37173538773095e-08, 7.535341950415386e-08, 1.2281713424044938e-08, 9.791369104394931e-11, 7.307528714084466e-12, 7.036982108132861e-12, 6.859573672968189e-12, 6.705760512842884e-12, 6.57163082631862e-12, 6.454852711362813e-12, 6.360531892846133e-12, 6.282829291548442e-12, 6.226504121326082e-12, 6.192301445911985e-12], "lowlevel.mfcc.mean": [-671.989013671875, 139.487060546875, -4.468391418457031, 37.10704040527344, 29.436365127563477, 15.638002395629883, 28.802204132080078, -0.6144734025001526, 2.9619686603546143, -20.61811637878418, -8.996162414550781, 0.4241843521595001, -3.80442476272583], "lowlevel.spectral_contrast_coeffs.mean": [-0.6255422830581665, -0.7370880842208862, -0.7349912524223328, -0.7703777551651001, -0.7433856129646301, -0.7360050678253174], "lowlevel.spectral_contrast_coeffs.stdev": [0.07912350445985794, 0.0899411216378212, 0.08426079899072647, 0.06932497769594193, 0.06220858171582222, 0.04147319495677948], "lowlevel.spectral_contrast_valleys.mean": [-6.568342685699463, -7.795437812805176, -7.728294372558594, -7.879169940948486, -7.892527103424072, -11.427619934082031], "lowlevel.spectral_contrast_valleys.stdev": [0.6167086958885193, 0.6169691681861877, 0.6163024306297302, 0.6291834712028503, 0.5337860584259033, 0.919791042804718], "rhythm.beats_loudness_band_ratio.mean": [0.6615017652511597, 0.20773319900035858, 0.030113238841295242, 0.1054801195859909, 0.0449761301279068, 0.015601590275764465], "rhythm.beats_loudness_band_ratio.stdev": [0.18113580346107483, 0.17549629509449005, 0.04021494835615158, 0.1216067224740982, 0.04859164357185364, 0.015234189108014107], "tonal.hpcp.mean": [0.25843846797943115, 0.12341132014989853, 0.012579875998198986, 0.009391223080456257, 0.015005853027105331, 0.03291132301092148, 0.048307865858078, 0.0382765531539917, 0.10683830827474594, 0.20360814034938812, 0.11371359974145889, 0.009380526840686798, 0.012187476269900799, 0.01781611703336239, 0.037503037601709366, 0.06963517516851425, 0.06187070161104202, 0.0296708345413208, 0.015027103014290333, 0.013194396160542965, 0.06948702037334442, 0.2035025954246521, 0.1601991206407547, 0.06803219765424728, 0.0892932265996933, 0.04998195543885231, 0.03263017535209656, 0.04364059865474701, 0.038582075387239456, 0.20270892977714539, 0.34131723642349243, 0.16505861282348633, 0.015605887398123741, 0.011613971553742886, 0.01640552654862404, 0.15315841138362885], "tonal.hpcp.stdev": [0.41724517941474915, 0.2053007185459137, 0.051023729145526886, 0.041180968284606934, 0.08047185093164444, 0.10633545368909836, 0.11989016830921173, 0.11144736409187317, 0.19607384502887726, 0.36710816621780396, 0.21120712161064148, 0.02558862790465355, 0.04977437108755112, 0.09768430143594742, 0.11361587047576904, 0.16272445023059845, 0.16292649507522583, 0.12251266837120056, 0.07136062532663345, 0.06928766518831253, 0.1373242437839508, 0.35768893361091614, 0.2903769016265869, 0.18178927898406982, 0.25202786922454834, 0.14144939184188843, 0.11554744839668274, 0.14988188445568085, 0.12771546840667725, 0.2725788950920105, 0.4305289089679718, 0.2231631875038147, 0.06588104367256165, 0.04164257273077965, 0.07880404591560364, 0.25010398030281067], "rhythm.beats_position": [0.6153287887573242, 1.2306575775146484, 1.834376335144043, 2.4380950927734375, 3.041814088821411, 3.6455328464508057, 4.23764181137085, 4.8297505378723145, 5.433469295501709, 6.0371880531311035, 6.640906810760498, 7.244625568389893, 7.848344326019287, 8.45206356048584, 9.055782318115234, 9.659501075744629, 10.251609802246094, 10.843718528747559, 11.447437286376953, 12.051156044006348, 12.654874801635742, 13.270203590393066, 13.88553237915039, 14.466031074523926, 15.058140754699707, 15.650249481201172, 16.25396728515625, 16.85768699645996, 17.46140480041504, 18.06512451171875, 18.680452346801758, 19.2957820892334, 19.899499893188477], "rhythm.bpm_histogram": [0.0, 0.0, 0.0, 0.0, 0.0, 0.0, 0.0, 0.0, 0.0, 0.0, 0.0, 0.0, 0.0, 0.0, 0.0, 0.0, 0.0, 0.0, 0.0, 0.0, 0.0, 0.0, 0.0, 0.0, 0.0, 0.0, 0.0, 0.0, 0.0, 0.0, 0.0, 0.0, 0.0, 0.0, 0.0, 0.0, 0.0, 0.0, 0.0, 0.0, 0.0, 0.0, 0.0, 0.0, 0.0, 0.0, 0.0, 0.0, 0.0, 0.0, 0.0, 0.0, 0.0, 0.0, 0.0, 0.0, 0.0, 0.0, 0.0, 0.0, 0.0, 0.0, 0.0, 0.0, 0.0, 0.0, 0.0, 0.0, 0.0, 0.0, 0.0, 0.0, 0.0, 0.0, 0.0, 0.0, 0.0, 0.0, 0.0, 0.0, 0.0, 0.0, 0.0, 0.0, 0.0, 0.0, 0.0, 0.0, 0.0, 0.0, 0.0, 0.0, 0.0, 0.0, 0.0, 0.0, 0.0, 0.0, 0.15625, 0.625, 0.0, 0.1875, 0.0, 0.03125, 0.0, 0.0, 0.0, 0.0, 0.0, 0.0, 0.0, 0.0, 0.0, 0.0, 0.0, 0.0, 0.0, 0.0, 0.0, 0.0, 0.0, 0.0, 0.0, 0.0, 0.0, 0.0, 0.0, 0.0, 0.0, 0.0, 0.0, 0.0, 0.0, 0.0, 0.0, 0.0, 0.0, 0.0, 0.0, 0.0, 0.0, 0.0, 0.0, 0.0, 0.0, 0.0, 0.0, 0.0, 0.0, 0.0, 0.0, 0.0, 0.0, 0.0, 0.0, 0.0, 0.0, 0.0, 0.0, 0.0, 0.0, 0.0, 0.0, 0.0, 0.0, 0.0, 0.0, 0.0, 0.0, 0.0, 0.0, 0.0, 0.0, 0.0, 0.0, 0.0, 0.0, 0.0, 0.0, 0.0, 0.0, 0.0, 0.0, 0.0, 0.0, 0.0, 0.0, 0.0, 0.0, 0.0, 0.0, 0.0, 0.0, 0.0, 0.0, 0.0, 0.0, 0.0, 0.0, 0.0, 0.0, 0.0, 0.0, 0.0, 0.0, 0.0, 0.0, 0.0, 0.0, 0.0, 0.0, 0.0, 0.0, 0.0, 0.0, 0.0, 0.0, 0.0, 0.0, 0.0, 0.0, 0.0, 0.0, 0.0, 0.0, 0.0, 0.0, 0.0, 0.0, 0.0, 0.0, 0.0, 0.0, 0.0, 0.0, 0.0, 0.0, 0.0, 0.0, 0.0, 0.0, 0.0, 0.0, 0.0, 0.0, 0.0, 0.0, 0.0, 0.0, 0.0], "tonal.chords_histogram": [31.954023361206055, 16.32183837890625, 2.9885058403015137, 0.0, 0.0, 0.0, 19.080459594726562, 0.6896551847457886, 5.05747127532959, 0.0, 0.0, 0.0, 0.0, 0.0, 0.0, 0.0, 0.0, 0.0, 0.0, 0.0, 0.0, 6.666666507720947, 0.2298850566148758, 17.011493682861328], "tonal.thpcp": [1.0, 0.4835929572582245, 0.04572252929210663, 0.03402691334486008, 0.04806533455848694, 0.44872745871543884, 0.7571796774864197, 0.3615736663341522, 0.036856845021247864, 0.02751464582979679, 0.043964534997940063, 0.09642443805932999, 0.14153362810611725, 0.1121436282992363, 0.3130176067352295, 0.5965363383293152, 0.33316102623939514, 0.02748330868780613, 0.035707179456949234, 0.05219811573624611, 0.10987736284732819, 0.20401892066001892, 0.18127037584781647, 0.08693037182092667, 0.04402679204940796, 0.038657281547784805, 0.20358484983444214, 0.5962271094322205, 0.4693554937839508, 0.19932247698307037, 0.2616135776042938, 0.14643841981887817, 0.09560072422027588, 0.12785933911800385, 0.11303875595331192, 0.5939018130302429], "lowlevel.gfcc.cov": [[2602.513916015625, -591.9166259765625, -278.8643798828125, -62.43270492553711, -179.55581665039062, 190.4302215576172, -75.5929946899414, 262.5237121582031, -18.157323837280273, 154.9683380126953, -111.90560150146484, -102.59461212158203, 23.60810661315918], [-591.9166259765625, 1360.7584228515625, -404.2206726074219, -267.17681884765625, 245.13882446289062, -195.7040557861328, 295.6413879394531, -114.39864349365234, 75.79235076904297, -179.09906005859375, 189.9534149169922, -207.81834411621094, 179.95518493652344], [-278.8643798828125, -404.2206726074219, 809.9083251953125, 331.0683898925781, -161.95668029785156, -104.97986602783203, -242.391357421875, -15.148967742919922, -40.07063674926758, 49.347564697265625, -11.822627067565918, 296.42181396484375, -126.34429931640625], [-62.43270492553711, -267.17681884765625, 331.0683898925781, 426.7821044921875, -15.390799522399902, -129.46749877929688, -167.2449951171875, 9.522872924804688, 20.70486831665039, -12.00827407836914, 75.8090591430664, 185.9280242919922, 16.328784942626953], [-179.55581665039062, 245.13882446289062, -161.95668029785156, -15.390799522399902, 268.1962890625, 51.896270751953125, 114.10297393798828, 13.288232803344727, 51.0485725402832, -28.277990341186523, 27.567617416381836, -24.67881965637207, 78.54700469970703], [190.4302215576172, -195.7040557861328, -104.97986602783203, -129.46749877929688, 51.896270751953125, 470.3505554199219, 231.47802734375, -33.195613861083984, 6.147923469543457, 43.30535125732422, -112.69636535644531, -100.06564331054688, -30.450000762939453], [-75.5929946899414, 295.6413879394531, -242.391357421875, -167.2449951171875, 114.10297393798828, 231.47802734375, 357.1573791503906, 1.6512476205825806, 31.224821090698242, -18.952524185180664, -13.124049186706543, -148.9627685546875, 38.355224609375], [262.5237121582031, -114.39864349365234, -15.148967742919922, 9.522872924804688, 13.288232803344727, -33.195613861083984, 1.6512476205825806, 265.9146423339844, 102.67420196533203, 47.27278137207031, -4.608481407165527, -0.11621759086847305, 44.87403106689453], [-18.157323837280273, 75.79235076904297, -40.07063674926758, 20.70486831665039, 51.0485725402832, 6.147923469543457, 31.224821090698242, 102.67420196533203, 165.38583374023438, 12.842665672302246, -11.955446243286133, -14.356111526489258, 41.64561080932617], [154.9683380126953, -179.09906005859375, 49.347564697265625, -12.00827407836914, -28.277990341186523, 43.30535125732422, -18.952524185180664, 47.27278137207031, 12.842665672302246, 99.36725616455078, -26.41501235961914, 22.97928237915039, -33.18592834472656], [-111.90560150146484, 189.9534149169922, -11.822627067565918, 75.8090591430664, 27.567617416381836, -112.69636535644531, -13.124049186706543, -4.608481407165527, -11.955446243286133, -26.41501235961914, 198.4213409423828, 59.967586517333984, 61.61509323120117], [-102.59461212158203, -207.81834411621094, 296.42181396484375, 185.9280242919922, -24.67881965637207, -100.06564331054688, -148.9627685546875, -0.11621759086847305, -14.356111526489258, 22.97928237915039, 59.967586517333984, 254.40887451171875, -19.553192138671875], [23.60810661315918, 179.95518493652344, -126.34429931640625, 16.328784942626953, 78.54700469970703, -30.450000762939453, 38.355224609375, 44.87403106689453, 41.64561080932617, -33.18592834472656, 61.61509323120117, -19.553192138671875, 132.3331756591797]], "lowlevel.gfcc.icov": [[0.0007184057612903416, -0.0006442376761697233, 0.0009123004274442792, -0.0009531998075544834, 0.0009659508941695094, -0.0011183811584487557, 0.0009828888578340411, -0.0013544443063437939, 0.0012169182300567627, -0.0011245274217799306, 0.0007367838406935334, -0.00037633240572176874, 1.6641042748233303e-05], [-0.0006442376761697233, 0.007352580316364765, -0.0038697419222444296, 0.006703850347548723, -0.004226086661219597, 0.007212373893707991, -0.006177334580570459, 0.006682494189590216, -0.00655438331887126, 0.005305359605699778, -0.005462112836539745, 0.004288686905056238, -0.0041429875418543816], [0.0009123004274442792, -0.0038697419222444296, 0.00605087261646986, -0.005617520771920681, 0.0038354077842086554, -0.004203214775770903, 0.0034300328698009253, -0.004388946574181318, 0.004186136648058891, -0.0033575461711734533, 0.004030329175293446, -0.005113554187119007, 0.004028713330626488], [-0.0009531998075544834, 0.006703850347548723, -0.005617520771920681, 0.011175166815519333, -0.004697434604167938, 0.0065376185812056065, -0.004535809624940157, 0.006652540061622858, -0.00743019999936223, 0.0064049940556287766, -0.006294175051152706, 0.0030332941096276045, -0.005013895686715841], [0.0009659508941695094, -0.004226086661219597, 0.0038354077842086554, -0.004697434604167938, 0.00863432977348566, -0.004714236129075289, 0.002364351414144039, -0.0040940698236227036, 0.0032932902686297894, -0.0031023176852613688, 0.00380513328127563, -0.00415501743555069, 0.00010933260637102649], [-0.0011183811584487557, 0.007212373893707991, -0.004203214775770903, 0.0065376185812056065, -0.004714236129075289, 0.011752823367714882, -0.009413305670022964, 0.00808097142726183, -0.006662942003458738, 0.0032571200281381607, -0.0033844592981040478, 0.004049092996865511, -0.0038496709894388914], [0.0009828888578340411, -0.006177334580570459, 0.0034300328698009253, -0.004535809624940157, 0.002364351414144039, -0.009413305670022964, 0.012214294634759426, -0.006597586907446384, 0.005245396867394447, -0.0032094235066324472, 0.002702272729948163, -0.001456334488466382, 0.003258191281929612], [-0.0013544443063437939, 0.006682494189590216, -0.004388946574181318, 0.006652540061622858, -0.0040940698236227036, 0.00808097142726183, -0.006597586907446384, 0.012960836291313171, -0.009676424786448479, 0.0022124084644019604, -0.004677477292716503, 0.00400872528553009, -0.005679924041032791], [0.0012169182300567627, -0.00655438331887126, 0.004186136648058891, -0.00743019999936223, 0.0032932902686297894, -0.006662942003458738, 0.005245396867394447, -0.009676424786448479, 0.015531071461737156, -0.006063980516046286, 0.006523610092699528, -0.0035111038014292717, 0.0019179470837116241], [-0.0011245274217799306, 0.005305359605699778, -0.0033575461711734533, 0.0064049940556287766, -0.0031023176852613688, 0.0032571200281381607, -0.0032094235066324472, 0.0022124084644019604, -0.006063980516046286, 0.01939346082508564, -0.0046992520801723, 0.001297281007282436, 0.0009124166099354625], [0.0007367838406935334, -0.005462112836539745, 0.004030329175293446, -0.006294175051152706, 0.00380513328127563, -0.0033844592981040478, 0.002702272729948163, -0.004677477292716503, 0.006523610092699528, -0.0046992520801723, 0.0125559251755476, -0.0058290548622608185, -0.00025239886599592865], [-0.00037633240572176874, 0.004288686905056238, -0.005113554187119007, 0.0030332941096276045, -0.00415501743555069, 0.004049092996865511, -0.001456334488466382, 0.00400872528553009, -0.0035111038014292717, 0.001297281007282436, -0.0058290548622608185, 0.012220107018947601, -0.002610702533274889], [1.6641042748233303e-05, -0.0041429875418543816, 0.004028713330626488, -0.005013895686715841, 0.00010933260637102649, -0.0038496709894388914, 0.003258191281929612, -0.005679924041032791, 0.0019179470837116241, 0.0009124166099354625, -0.00025239886599592865, -0.002610702533274889, 0.0170406736433506]], "lowlevel.mfcc.cov": [[2680.06591796875, -430.81988525390625, -247.09793090820312, -340.83673095703125, 17.550329208374023, -130.72557067871094, 86.18805694580078, -97.74954223632812, 202.30145263671875, 241.3554229736328, 39.02241516113281, -21.566757202148438, 33.98783874511719], [-430.81988525390625, 1321.7421875, -533.5527954101562, -56.1840705871582, -126.61998748779297, -47.572696685791016, 174.0790252685547, 16.227205276489258, 24.44336700439453, 133.65542602539062, -23.699602127075195, -50.416656494140625, -31.68559455871582], [-247.09793090820312, -533.5527954101562, 792.6217041015625, 256.0103759765625, 41.96195602416992, 9.005215644836426, -185.23062133789062, 40.26532745361328, -116.67605590820312, -236.3289337158203, 9.927605628967285, 121.73477935791016, 56.55354309082031], [-340.83673095703125, -56.1840705871582, 256.0103759765625, 476.1024475097656, 156.408447265625, -154.2572479248047, -125.1245346069336, 29.796741485595703, -110.58374786376953, -199.7228240966797, -86.92245483398438, 147.27783203125, 63.27253341674805], [17.550329208374023, -126.61998748779297, 41.96195602416992, 156.408447265625, 262.9430847167969, -86.26991271972656, -64.80000305175781, 34.84535217285156, 15.872936248779297, -29.869091033935547, -44.184139251708984, 69.55289459228516, 47.06006622314453], [-130.72557067871094, -47.572696685791016, 9.005215644836426, -154.2572479248047, -86.26991271972656, 436.62945556640625, 110.97547912597656, 56.01803970336914, 26.78563117980957, 38.11871337890625, 70.91637420654297, -106.29299926757812, -33.66608428955078], [86.18805694580078, 174.0790252685547, -185.23062133789062, -125.1245346069336, -64.80000305175781, 110.97547912597656, 278.78350830078125, 35.43360137939453, 47.389183044433594, 104.9896011352539, 45.920875549316406, -47.406829833984375, -13.542274475097656], [-97.74954223632812, 16.227205276489258, 40.26532745361328, 29.796741485595703, 34.84535217285156, 56.01803970336914, 35.43360137939453, 138.8820037841797, 54.226043701171875, 41.074684143066406, 17.676481246948242, 20.925212860107422, 33.25907516479492], [202.30145263671875, 24.44336700439453, -116.67605590820312, -110.58374786376953, 15.872936248779297, 26.78563117980957, 47.389183044433594, 54.226043701171875, 287.15557861328125, 165.42425537109375, 49.68806457519531, -44.93587875366211, 11.474483489990234], [241.3554229736328, 133.65542602539062, -236.3289337158203, -199.7228240966797, -29.869091033935547, 38.11871337890625, 104.9896011352539, 41.074684143066406, 165.42425537109375, 306.11358642578125, 65.69110107421875, -68.87179565429688, -12.772089004516602], [39.02241516113281, -23.699602127075195, 9.927605628967285, -86.92245483398438, -44.184139251708984, 70.91637420654297, 45.920875549316406, 17.676481246948242, 49.68806457519531, 65.69110107421875, 107.09774017333984, -25.342737197875977, -0.9077736735343933], [-21.566757202148438, -50.416656494140625, 121.73477935791016, 147.27783203125, 69.55289459228516, -106.29299926757812, -47.406829833984375, 20.925212860107422, -44.93587875366211, -68.87179565429688, -25.342737197875977, 155.23507690429688, 58.769527435302734], [33.98783874511719, -31.68559455871582, 56.55354309082031, 63.27253341674805, 47.06006622314453, -33.66608428955078, -13.542274475097656, 33.25907516479492, 11.474483489990234, -12.772089004516602, -0.9077736735343933, 58.769527435302734, 103.28831481933594]], "lowlevel.mfcc.icov": [[0.0005495553486980498, 0.0002907685120590031, 0.00013348959328141063, 0.0003602917422540486, -3.080302485614084e-05, 0.00023382737708743662, -0.0002218470472143963, 0.00045079190749675035, -0.00020832070731557906, -0.00023132462229114026, 0.0001771575043676421, -0.00023597246035933495, -0.00033906850148923695], [0.0002907685120590031, 0.0014128201873973012, 0.001039084978401661, -0.0004110512090846896, 0.000880933366715908, 0.0003144560323562473, -0.00033522528246976435, -0.0003612944856286049, 5.624545519822277e-05, -0.00021571300749201328, 0.0002056343073491007, -0.00014632169040851295, -0.00015374897338915616], [0.00013348959328141063, 0.001039084978401661, 0.003132706740871072, -0.0009798160754144192, 0.0010503337252885103, -0.00027797353686764836, 0.0010736651020124555, -0.001166082569397986, 0.00019271799828857183, 0.001158459228463471, -0.0015794520732015371, -0.000940329919103533, -0.00025011543766595423], [0.0003602917422540486, -0.0004110512090846896, -0.0009798160754144192, 0.005390632431954145, -0.0019231659825891256, 0.0008751972927711904, 2.2233614799915813e-05, -0.0008470446919091046, 0.00018721853848546743, 0.0016516393516212702, 0.0015073370886966586, -0.0016483791405335069, -0.000438632327131927], [-3.080302485614084e-05, 0.000880933366715908, 0.0010503337252885103, -0.0019231659825891256, 0.0061856526881456375, 0.00020455848425626755, 0.0006987357046455145, -0.0012712342431768775, -0.0006688834400847554, -0.00041915939073078334, 0.00124297384172678, -0.000810101511888206, -0.0008729496621526778], [0.00023382737708743662, 0.0003144560323562473, -0.00027797353686764836, 0.0008751972927711904, 0.00020455848425626755, 0.003920165356248617, -0.0011146265314891934, -0.001887065009213984, 0.0002768832491710782, 0.0007966917473822832, -0.0010818354785442352, 0.002266853116452694, 5.008119114791043e-05], [-0.0002218470472143963, -0.00033522528246976435, 0.0010736651020124555, 2.2233614799915813e-05, 0.0006987357046455145, -0.0011146265314891934, 0.0055885519832372665, -0.001401895540766418, 0.0004233291547279805, -0.000417568749981001, -0.0012625647941604257, -0.0004612476041074842, 2.3838243578211404e-05], [0.00045079190749675035, -0.0003612944856286049, -0.001166082569397986, -0.0008470446919091046, -0.0012712342431768775, -0.001887065009213984, -0.001401895540766418, 0.01158291008323431, -0.0017610000213608146, -0.002198227681219578, 0.00034735939698293805, -0.0016494387527927756, -0.002185855060815811], [-0.00020832070731557906, 5.624545519822277e-05, 0.00019271799828857183, 0.00018721853848546743, -0.0006688834400847554, 0.0002768832491710782, 0.0004233291547279805, -0.0017610000213608146, 0.005749079864472151, -0.0021959058940410614, -0.0011429365258663893, 0.0013177779037505388, -0.0007868995307944715], [-0.00023132462229114026, -0.00021571300749201328, 0.001158459228463471, 0.0016516393516212702, -0.00041915939073078334, 0.0007966917473822832, -0.000417568749981001, -0.002198227681219578, -0.0021959058940410614, 0.007664273492991924, -0.0024327135179191828, 0.0005742032080888748, 0.0003112052218057215], [0.0001771575043676421, 0.0002056343073491007, -0.0015794520732015371, 0.0015073370886966586, 0.00124297384172678, -0.0010818354785442352, -0.0012625647941604257, 0.00034735939698293805, -0.0011429365258663893, -0.0024327135179191828, 0.014289743266999722, -0.0005300702759996057, -0.0009967614896595478], [-0.00023597246035933495, -0.00014632169040851295, -0.000940329919103533, -0.0016483791405335069, -0.000810101511888206, 0.002266853116452694, -0.0004612476041074842, -0.0016494387527927756, 0.0013177779037505388, 0.0005742032080888748, -0.0005300702759996057, 0.012811990454792976, -0.004233885556459427], [-0.00033906850148923695, -0.00015374897338915616, -0.00025011543766595423, -0.000438632327131927, -0.0008729496621526778, 5.008119114791043e-05, 2.3838243578211404e-05, -0.002185855060815811, -0.0007868995307944715, 0.0003112052218057215, -0.0009967614896595478, -0.004233885556459427, 0.013798878528177738]], "metadata.audio_properties.analysis.downmix": "mix", "metadata.audio_properties.codec": "mp3", "metadata.audio_properties.md5_encoded": "221fcd40e6155a0db7e01346f170019c", "metadata.tags.file_name": "1182264833576546304.mp3", "metadata.version.essentia": "2.1-beta6-dev", "metadata.version.essentia_git_sha": "v2.1_beta5-1110-g77a6a954", "metadata.version.extractor": "music 2.0", "tonal.chords_key": "C", "tonal.chords_scale": "major", "tonal.key_edma.key": "C", "tonal.key_edma.scale": "major", "tonal.key_krumhansl.key": "C", "tonal.key_krumhansl.scale": "major", "tonal.key_temperley.key": "C", "tonal.key_temperley.scale": "major", "metadata.tags.encoding": ["Lavf58.45.100"]}, "essentia_models": [{"model_name": "genre_dortmund", "activations": {"alternative": "0.17099597", "blues": "0.012794216", "electronic": "0.005249147", "folkcountry": "0.6275993", "funksoulrnb": "0.0037212959", "jazz": "0.011399691", "pop": "0.16134939", "raphiphop": "0.003533066", "rock": "0.19399343"}}, {"model_name": "genre_rosamerica", "activations": {"classic": "0.016977245", "dance": "0.0034249248", "hip hop": "0.0035988467", "jazz": "0.02562877", "pop": "0.1001679", "rhythm and blues": "0.07424401", "rock": "0.2068491", "speech": "0.025154186"}}, {"model_name": "genre_tzanetakis", "activations": {"blues": "0.2030992", "classic": "0.00034796065", "country": "0.55545384", "disco": "0.041901488", "hip hop": "0.00049