{"song_id": "1182270742172282930", "download": "https://cdn.discordapp.com/attachments/1135903449314238464/1182270742172282930/chirp.mp4?ex=6584166e&amp", "lyrics": "\"Les accords rugissent comme des vagues d\u00e9cha\u00een\u00e9es sur le rivage de l'\u00e2me.\"\n\"La m\u00e9lodie rebelle danse avec la puissance du feu dans nos veines.\"\n\"Les paroles poignantes r\u00e9sonnent comme un cri de libert\u00e9 dans l'obscurit\u00e9.\"\n\"Le battement de la batterie r\u00e9veille l'esprit rebelle qui sommeille en nous.\"", "style": ["Rock"], "essentia_features": {"lowlevel.average_loudness": 0.9849215149879456, "lowlevel.barkbands_crest.mean": 14.357942581176758, "lowlevel.barkbands_crest.stdev": 3.7601025104522705, "lowlevel.barkbands_flatness_db.mean": 0.14227624237537384, "lowlevel.barkbands_flatness_db.stdev": 0.02767021581530571, "lowlevel.barkbands_kurtosis.mean": 3.946521520614624, "lowlevel.barkbands_kurtosis.stdev": 5.64847469329834, "lowlevel.barkbands_skewness.mean": 1.8898704051971436, "lowlevel.barkbands_skewness.stdev": 1.1561354398727417, "lowlevel.barkbands_spread.mean": 26.13603401184082, "lowlevel.barkbands_spread.stdev": 9.878067016601562, "lowlevel.dissonance.mean": 0.4878793954849243, "lowlevel.dissonance.stdev": 0.010115633718669415, "lowlevel.dynamic_complexity": 1.8943016529083252, "lowlevel.erbbands_crest.mean": 8.889801979064941, "lowlevel.erbbands_crest.stdev": 5.421197414398193, "lowlevel.erbbands_flatness_db.mean": 0.13349200785160065, "lowlevel.erbbands_flatness_db.stdev": 0.036753520369529724, "lowlevel.erbbands_kurtosis.mean": 1.9749680757522583, "lowlevel.erbbands_kurtosis.stdev": 3.9646999835968018, "lowlevel.erbbands_skewness.mean": -0.585942268371582, "lowlevel.erbbands_skewness.stdev": 0.6579969525337219, "lowlevel.erbbands_spread.mean": 37.23120880126953, "lowlevel.erbbands_spread.stdev": 17.555349349975586, "lowlevel.hfc.mean": 27.107078552246094, "lowlevel.hfc.stdev": 17.759490966796875, "lowlevel.loudness_ebu128.integrated": -17.820907592773438, "lowlevel.loudness_ebu128.loudness_range": 1.2480239868164062, "lowlevel.loudness_ebu128.momentary.mean": -17.91758155822754, "lowlevel.loudness_ebu128.momentary.stdev": 0.921795666217804, "lowlevel.loudness_ebu128.short_term.mean": -17.740510940551758, "lowlevel.loudness_ebu128.short_term.stdev": 0.4091954231262207, "lowlevel.melbands_crest.mean": 19.670934677124023, "lowlevel.melbands_crest.stdev": 4.1562819480896, "lowlevel.melbands_flatness_db.mean": 0.2133643478155136, "lowlevel.melbands_flatness_db.stdev": 0.03810105472803116, "lowlevel.melbands_kurtosis.mean": 20.229032516479492, "lowlevel.melbands_kurtosis.stdev": 20.541889190673828, "lowlevel.melbands_skewness.mean": 3.82246994972229, "lowlevel.melbands_skewness.stdev": 1.8736059665679932, "lowlevel.melbands_spread.mean": 21.775224685668945, "lowlevel.melbands_spread.stdev": 16.067564010620117, "lowlevel.pitch_salience.mean": 0.38953566551208496, "lowlevel.pitch_salience.stdev": 0.11424681544303894, "lowlevel.silence_rate_20dB.mean": 1.0, "lowlevel.silence_rate_20dB.stdev": 0.0, "lowlevel.silence_rate_30dB.mean": 0.9715489745140076, "lowlevel.silence_rate_30dB.stdev": 0.16625656187534332, "lowlevel.silence_rate_60dB.mean": 0.011591148562729359, "lowlevel.silence_rate_60dB.stdev": 0.10703693330287933, "lowlevel.spectral_centroid.mean": 1738.1002197265625, "lowlevel.spectral_centroid.stdev": 395.26788330078125, "lowlevel.spectral_complexity.mean": 29.258167266845703, "lowlevel.spectral_complexity.stdev": 6.466555595397949, "lowlevel.spectral_decrease.mean": -1.2792686021612099e-08, "lowlevel.spectral_decrease.stdev": 6.4913132646893246e-09, "lowlevel.spectral_energy.mean": 0.050741277635097504, "lowlevel.spectral_energy.stdev": 0.025307821109890938, "lowlevel.spectral_energyband_high.mean": 0.0009076032438315451, "lowlevel.spectral_energyband_high.stdev": 0.0006371142226271331, "lowlevel.spectral_energyband_low.mean": 0.035268064588308334, "lowlevel.spectral_energyband_low.stdev": 0.02088887430727482, "lowlevel.spectral_energyband_middle_high.mean": 0.009532738476991653, "lowlevel.spectral_energyband_middle_high.stdev": 0.009842484258115292, "lowlevel.spectral_energyband_middle_low.mean": 0.006022162269800901, "lowlevel.spectral_energyband_middle_low.stdev": 0.011377629823982716, "lowlevel.spectral_entropy.mean": 7.910636901855469, "lowlevel.spectral_entropy.stdev": 0.16521289944648743, "lowlevel.spectral_flux.mean": 0.09162230044603348, "lowlevel.spectral_flux.stdev": 0.06036048382520676, "lowlevel.spectral_kurtosis.mean": 3.840453624725342, "lowlevel.spectral_kurtosis.stdev": 1.3027786016464233, "lowlevel.spectral_rms.mean": 0.00684118689969182, "lowlevel.spectral_rms.stdev": 0.0016437363810837269, "lowlevel.spectral_rolloff.mean": 1048.8634033203125, "lowlevel.spectral_rolloff.stdev": 1193.2161865234375, "lowlevel.spectral_skewness.mean": 1.4120309352874756, "lowlevel.spectral_skewness.stdev": 0.22589832544326782, "lowlevel.spectral_spread.mean": 4378060.0, "lowlevel.spectral_spread.stdev": 840136.25, "lowlevel.spectral_strongpeak.mean": 0.6076538562774658, "lowlevel.spectral_strongpeak.stdev": 1.0827499628067017, "lowlevel.zerocrossingrate.mean": 0.0477399118244648, "lowlevel.zerocrossingrate.stdev": 0.026506641879677773, "metadata.audio_properties.analysis.equal_loudness": 0.0, "metadata.audio_properties.analysis.length": 21.994647979736328, "metadata.audio_properties.analysis.sample_rate": 44100.0, "metadata.audio_properties.analysis.start_time": 0.0, "metadata.audio_properties.bit_rate": 116950.0, "metadata.audio_properties.length": 21.994667053222656, "metadata.audio_properties.lossless": 0.0, "metadata.audio_properties.number_channels": 1.0, "metadata.audio_properties.replay_gain": -7.294713973999023, "metadata.audio_properties.sample_rate": 48000.0, "rhythm.beats_count": 54.0, "rhythm.beats_loudness.mean": 0.06159729138016701, "rhythm.beats_loudness.stdev": 0.022767771035432816, "rhythm.bpm": 148.051513671875, "rhythm.bpm_histogram_first_peak_bpm": 148.0, "rhythm.bpm_histogram_first_peak_weight": 0.29787230491638184, "rhythm.bpm_histogram_second_peak_bpm": 157.0, "rhythm.bpm_histogram_second_peak_spread": 0.0, "rhythm.bpm_histogram_second_peak_weight": 0.11320754885673523, "rhythm.danceability": 1.512015461921692, "rhythm.onset_rate": 2.680293083190918, "tonal.chords_changes_rate": 0.08421052992343903, "tonal.chords_number_rate": 0.010526316240429878, "tonal.chords_strength.mean": 0.41136646270751953, "tonal.chords_strength.stdev": 0.048813074827194214, "tonal.hpcp_crest.mean": 11.882411003112793, "tonal.hpcp_crest.stdev": 5.200979709625244, "tonal.hpcp_entropy.mean": 2.4029006958007812, "tonal.hpcp_entropy.stdev": 0.7630063891410828, "tonal.key_edma.strength": 0.643517255783081, "tonal.key_krumhansl.strength": 0.6282318234443665, "tonal.key_temperley.strength": 0.6025393009185791, "tonal.tuning_diatonic_strength": 0.4388943314552307, "tonal.tuning_equal_tempered_deviation": 0.295092910528183, "tonal.tuning_frequency": 434.193115234375, "tonal.tuning_nontempered_energy_ratio": 0.9821966290473938, "lowlevel.barkbands.mean": [0.0008726452942937613, 0.025355257093906403, 0.008091018535196781, 0.0019679975230246782, 0.0015236235922202468, 0.000528266653418541, 0.0008957037352956831, 0.0004933109739795327, 0.0005423806724138558, 0.0003903860051650554, 0.000831164070405066, 0.0012918658321723342, 0.0013998004142194986, 0.001093525206670165, 0.0016835517017170787, 0.001249656779691577, 0.0008243475458584726, 0.0003396567772142589, 0.00032813515281304717, 0.0003178509941790253, 0.0002725757076404989, 0.00013595673954114318, 0.00012278658687137067, 8.379234350286424e-05, 7.26965008652769e-05, 3.278455187682994e-05, 5.446142949949717e-07], "lowlevel.barkbands.stdev": [0.002304111374542117, 0.014095223508775234, 0.010275037959218025, 0.004681084770709276, 0.006889532320201397, 0.0006290781311690807, 0.0014966928865760565, 0.0011102025164291263, 0.0013964665122330189, 0.0010914851445704699, 0.0023287441581487656, 0.0032452689483761787, 0.0038696201518177986, 0.002925375010818243, 0.0052142683416605, 0.002298336010426283, 0.0007309607462957501, 0.0002170673687942326, 0.0002310115669388324, 0.0001925018586916849, 0.00022055517183616757, 0.00014669517986476421, 0.0001210871123475954, 6.976511212997139e-05, 6.557851884281263e-05, 3.1161849619820714e-05, 1.2807774965040153e-06], "lowlevel.erbbands.mean": [0.4495152235031128, 6.348669052124023, 11.707011222839355, 8.039977073669434, 7.464653968811035, 3.7405240535736084, 2.467064619064331, 5.091927528381348, 6.7493205070495605, 20.303991317749023, 9.615669250488281, 11.699323654174805, 11.164324760437012, 19.10012435913086, 47.7862434387207, 49.82162857055664, 66.37046813964844, 57.27170181274414, 81.6985855102539, 74.90006256103516, 68.13774871826172, 45.97055435180664, 20.747920989990234, 17.73544692993164, 14.761791229248047, 15.329176902770996, 13.249872207641602, 8.728635787963867, 5.029348373413086, 4.171652793884277, 3.270578145980835, 1.9890282154083252, 1.3483062982559204, 0.8705444931983948, 0.4707135558128357, 0.2023923546075821, 0.04902711138129234, 0.004758757539093494, 0.00013380027667153627, 6.388939073076472e-05], "lowlevel.erbbands.stdev": [0.6890355348587036, 3.230457305908203, 10.639324188232422, 13.092652320861816, 32.6469841003418, 12.48474407196045, 4.013883113861084, 5.809304237365723, 13.41677474975586, 33.3681526184082, 18.449392318725586, 31.62474250793457, 20.33970069885254, 51.0084114074707, 133.04171752929688, 114.84093475341797, 168.983642578125, 149.809814453125, 256.55975341796875, 192.1800994873047, 101.9260482788086, 40.844181060791016, 13.081968307495117, 12.254956245422363, 10.165175437927246, 9.200138092041016, 9.575042724609375, 7.893095016479492, 5.494470119476318, 4.5371904373168945, 3.118915557861328, 1.7224485874176025, 1.1538890600204468, 0.8497375249862671, 0.4080820083618164, 0.17657922208309174, 0.05378355458378792, 0.006651663687080145, 0.00015180346963461488, 3.1147912523010746e-05], "lowlevel.gfcc.mean": [39.43290328979492, 77.06509399414062, -117.65563201904297, 52.9943733215332, -32.745849609375, 35.462642669677734, -30.43315315246582, 21.537220001220703, -18.69364356994629, 14.267053604125977, -15.857057571411133, 1.0089174509048462, -14.120755195617676], "lowlevel.melbands.mean": [0.005604902748018503, 0.0071982103399932384, 0.0014195744879543781, 0.0003904991317540407, 9.657558985054493e-05, 0.00011263572378084064, 0.00012047315249219537, 0.00020029426377732307, 7.183157140389085e-05, 7.499148341594264e-05, 5.428358053904958e-05, 7.074169116094708e-05, 0.00013454708096105605, 0.00014990892668720335, 0.00013180088717490435, 0.00014219936565496027, 0.00010138464858755469, 0.00012565727229230106, 0.00012124461500206962, 8.622933819424361e-05, 7.913453737273812e-05, 5.286458690534346e-05, 2.3941431209095754e-05, 1.4574215128959622e-05, 1.4517000636260491e-05, 1.1235069905524142e-05, 9.738175322127063e-06, 1.0503020348551217e-05, 8.437992619292345e-06, 6.861249403300462e-06, 4.533998890110524e-06, 2.9373745746852364e-06, 2.2943734165892238e-06, 2.347515192013816e-06, 1.987207269849023e-06, 1.4839013147138758e-06, 1.1343371397742885e-06, 1.0051387562270975e-06, 7.787891149746429e-07, 7.076104111547465e-07], "lowlevel.melbands.stdev": [0.004506296012550592, 0.004621679428964853, 0.002583386842161417, 0.0017307935049757361, 0.0001570400345372036, 0.00012715318007394671, 0.0002324228989891708, 0.0003436951374169439, 0.0001498454948887229, 0.0002093945222441107, 0.00010349412332288921, 0.00020750351541209966, 0.0003675087937153876, 0.00038424774538725615, 0.000344974483596161, 0.00041505240369588137, 0.0002938212710432708, 0.0003976105072069913, 0.0003756241640076041, 0.00019380435696803033, 0.00010774940892588347, 5.127133408677764e-05, 1.686996256466955e-05, 9.415257409273181e-06, 1.0857675079023466e-05, 8.318087566294707e-06, 7.350123723881552e-06, 6.607185241591651e-06, 6.381338153005345e-06, 5.957227585895453e-06, 4.663898380385945e-06, 3.328995035190019e-06, 2.6123977932002163e-06, 2.655761136338697e-06, 2.0001016309834085e-06, 1.385768769068818e-06, 9.941257985701668e-07, 8.751295581532759e-07, 7.378257009804656e-07, 7.397491117444588e-07], "lowlevel.melbands128.mean": [0.0008087233291007578, 0.0027212933637201786, 0.006759375799447298, 0.012634068727493286, 0.00784110277891159, 0.0036585736088454723, 0.0015641262289136648, 0.0009672035812400281, 0.0008108876063488424, 0.00032737001311033964, 0.00016981370572466403, 0.00010208768071606755, 5.209742084844038e-05, 0.00012329321180004627, 0.00012318763765506446, 0.00010148207366000861, 9.897445124806836e-05, 7.79455149313435e-05, 0.00017670691886451095, 0.00034348154440522194, 0.00011765884846681729, 7.719376299064606e-05, 6.0843773098895326e-05, 7.211709453258663e-05, 8.284122304758057e-05, 6.703397957608104e-05, 8.354407327715307e-05, 3.88900916732382e-05, 4.4001830246998e-05, 7.080007344484329e-05, 8.20098357507959e-05, 6.769785250071436e-05, 0.00011666107457131147, 0.00021311470482032746, 0.00016715146193746477, 0.0001325776829617098, 0.0001107952994061634, 0.00013807174400426447, 0.00012473018432501704, 0.00017410820873919874, 0.00015484598407056183, 8.540063572581857e-05, 8.78084683790803e-05, 0.0001264136517420411, 9.958511509466916e-05, 0.00012622971553355455, 0.00015991751570254564, 0.00011782969522755593, 0.00011511099000927061, 8.79533399711363e-05, 8.048664312809706e-05, 8.674620039528236e-05, 8.191823872039095e-05, 7.317354902625084e-05, 7.523888780269772e-05, 5.1206123316660523e-05, 3.873825698974542e-05, 2.3199638235382736e-05, 2.1378291421569884e-05, 1.783123479981441e-05, 1.2911980775243137e-05, 1.3272212527226657e-05, 1.5240703760355245e-05, 1.552523099235259e-05, 1.197287656395929e-05, 1.1565974091354292e-05, 1.0298695997335017e-05, 9.927161954692565e-06, 9.75703096628422e-06, 9.252327799913473e-06, 1.2213989066367503e-05, 8.886803698260337e-06, 9.760639841260854e-06, 8.21806588646723e-06, 7.673666914342903e-06, 7.89239948062459e-06, 6.148947704787133e-06, 4.461145181267057e-06, 4.8197980504482985e-06, 4.057824753544992e-06, 3.0167238946887664e-06, 2.52782047027722e-06, 2.3792126739863306e-06, 2.207853640356916e-06, 2.3052136839396553e-06, 2.3188181330624502e-06, 2.359363634241163e-06, 2.406976364000002e-06, 1.950935939021292e-06, 1.7345086007480859e-06, 1.6520258441232727e-06, 1.4898777180860634e-06, 1.0554058462730609e-06, 1.1256822745053796e-06, 1.1147592431370867e-06, 1.230084421877109e-06, 9.238177653969615e-07, 8.235497830355598e-07, 7.061216251713631e-07, 8.172569891939929e-07, 8.077769280134817e-07, 6.87757164996583e-07, 5.8706461913971e-07, 5.907288596063154e-07, 5.287566864353721e-07, 4.731188880668924e-07, 4.941324505125522e-07, 4.311942518597789e-07, 3.2659332305229327e-07, 2.9562818326667184e-07, 2.3968706841515086e-07, 1.74338126157636e-07, 1.498000585797854e-07, 1.0248968607129427e-07, 8.105716631234827e-08, 4.026828293035578e-08, 2.051124603497101e-08, 3.0543811924133024e-09, 1.7630751025787816e-10, 1.1125193648264808e-11, 7.127854730060168e-12, 5.966565349430075e-12, 5.554808783087006e-12, 5.44587812345565e-12, 5.282576025916752e-12, 5.059862685091732e-12, 4.9317455501352025e-12, 4.892065485345709e-12], "lowlevel.melbands128.stdev": [0.0022044205106794834, 0.007203085348010063, 0.005714510101824999, 0.006351829972118139, 0.005934638902544975, 0.004811004735529423, 0.0028128493577241898, 0.002709397114813328, 0.004186810459941626, 0.0017808309057727456, 0.0004228036559652537, 0.00019145953410770744, 0.00012790277833119035, 0.00017146750178653747, 0.0001575275819050148, 0.00014213408576324582, 0.00018220777565147728, 0.0002976364048663527, 0.00039803431718610227, 0.0005583061720244586, 0.0003484038170427084, 0.0002251689729746431, 0.00013174435298424214, 0.00022903297212906182, 0.00027741564554162323, 0.0003164200170431286, 0.00023682873870711774, 6.35387041256763e-05, 9.071999375009909e-05, 0.00032581452978774905, 0.00025600119261071086, 0.000214135114219971, 0.00036754863685928285, 0.0007739061838947237, 0.0006822683499194682, 0.00039223520434461534, 0.0003478073049336672, 0.00043785589514300227, 0.0004430277622304857, 0.0005341140786185861, 0.0006427582702599466, 0.00031080341432243586, 0.0004380884056445211, 0.0003419885761104524, 0.0003131249104626477, 0.0005523195723071694, 0.0007159604574553668, 0.000480382121168077, 0.00047046173131093383, 0.0002609103103168309, 0.0002309439587406814, 0.00023105970467440784, 0.0001457939069950953, 9.25298299989663e-05, 8.154616807587445e-05, 6.885259790578857e-05, 3.648237543529831e-05, 2.3436705305357464e-05, 1.8590140825835988e-05, 1.6431466065114364e-05, 1.1301286576781422e-05, 1.0144732186745387e-05, 1.3422477422864176e-05, 1.4817856026638765e-05, 1.154177516582422e-05, 1.0419755199109204e-05, 8.979473932413384e-06, 9.035699804371689e-06, 1.0290867976436857e-05, 7.869585715525318e-06, 8.953306860348675e-06, 7.685473974561319e-06, 8.768025509198196e-06, 7.4876202234008815e-06, 6.935673354746541e-06, 7.964126780279912e-06, 6.711971309414366e-06, 4.2529213715170044e-06, 5.9482881624717265e-06, 5.148803211341146e-06, 3.5974446745967725e-06, 3.2249051855615107e-06, 3.326613295939751e-06, 2.818915618263418e-06, 2.759715698630316e-06, 2.896994828915922e-06, 3.0889816571288975e-06, 3.049236511287745e-06, 2.155900574507541e-06, 1.7697069552014e-06, 1.7181498606078094e-06, 1.587811425451946e-06, 1.0854333822862827e-06, 1.1280235412414186e-06, 1.0636676961439662e-06, 1.1823763088614214e-06, 9.070412829714769e-07, 8.162753601936856e-07, 8.323092970385915e-07, 8.50561264087446e-07, 9.236781579602393e-07, 8.655707688376424e-07, 6.549765316776757e-07, 6.536555474667693e-07, 5.34044033884129e-07, 4.50046314881547e-07, 4.7448881446143787e-07, 4.201697549888195e-07, 3.181850161126931e-07, 3.829444779057667e-07, 2.638466867210809e-07, 2.2099489171978348e-07, 2.0036877401707898e-07, 1.6307672012771945e-07, 1.2959650064203743e-07, 7.430070780856113e-08, 4.40319993799676e-08, 1.3578474344910774e-08, 2.837371892994156e-09, 1.562211054961793e-10, 4.173190265577276e-11, 1.1538963361201748e-11, 7.7110991203444e-12, 7.562921643111675e-12, 7.448273768584368e-12, 7.348022364184192e-12, 7.277756522428014e-12, 7.235113116260683e-12], "lowlevel.mfcc.mean": [-600.536376953125, 102.95089721679688, -9.228386878967285, 31.065237045288086, 23.021865844726562, 21.648178100585938, 12.139840126037598, 10.146615028381348, 11.029626846313477, 9.30544376373291, 4.28411340713501, 13.049652099609375, 8.108631134033203], "lowlevel.spectral_contrast_coeffs.mean": [-0.6886311173439026, -0.7879491448402405, -0.803766131401062, -0.7937899827957153, -0.8096874952316284, -0.750751793384552], "lowlevel.spectral_contrast_coeffs.stdev": [0.05704368278384209, 0.051299162209033966, 0.05478159710764885, 0.05256403237581253, 0.02116497792303562, 0.028516296297311783], "lowlevel.spectral_contrast_valleys.mean": [-6.551290512084961, -6.74862003326416, -6.915173053741455, -6.752804756164551, -6.782817840576172, -9.771730422973633], "lowlevel.spectral_contrast_valleys.stdev": [0.6815957427024841, 0.663436233997345, 0.6247453093528748, 0.5805791616439819, 0.4886487126350403, 0.5134097337722778], "rhythm.beats_loudness_band_ratio.mean": [0.7747132182121277, 0.05122550204396248, 0.032040443271398544, 0.0727502703666687, 0.07526299357414246, 0.02863350696861744], "rhythm.beats_loudness_band_ratio.stdev": [0.1391964852809906, 0.07524511218070984, 0.03605327010154724, 0.09340596944093704, 0.09909739345312119, 0.016808481886982918], "tonal.hpcp.mean": [0.02952827699482441, 0.02785206027328968, 0.026712926104664803, 0.035177700221538544, 0.039256222546100616, 0.04559067264199257, 0.17175929248332977, 0.21414083242416382, 0.08456794172525406, 0.02688756212592125, 0.02778790146112442, 0.030760761350393295, 0.02489299699664116, 0.022217262536287308, 0.025964396074414253, 0.026072803884744644, 0.024363666772842407, 0.02396410144865513, 0.02573009952902794, 0.033657364547252655, 0.04401621222496033, 0.4251773953437805, 0.8664994239807129, 0.5058395266532898, 0.07313072681427002, 0.05095136910676956, 0.033054664731025696, 0.029923029243946075, 0.03308302164077759, 0.046288229525089264, 0.046272654086351395, 0.03223129361867905, 0.0273590050637722, 0.027206726372241974, 0.022792993113398552, 0.022833626717329025], "tonal.hpcp.stdev": [0.11051143705844879, 0.09098175168037415, 0.08574997633695602, 0.12325979769229889, 0.1452658772468567, 0.1238519623875618, 0.1633128821849823, 0.1963554322719574, 0.11523217707872391, 0.07141796499490738, 0.07584813237190247, 0.08778829872608185, 0.06438418477773666, 0.05694131553173065, 0.047973256558179855, 0.05162821337580681, 0.055356208235025406, 0.06337106972932816, 0.06354251503944397, 0.07824896275997162, 0.11904346942901611, 0.22847330570220947, 0.3005182445049286, 0.24122296273708344, 0.19866901636123657, 0.15674833953380585, 0.1267527937889099, 0.11007014662027359, 0.08397237956523895, 0.14922493696212769, 0.15001343190670013, 0.10746226459741592, 0.07505809515714645, 0.06840229779481888, 0.06706423312425613, 0.07619763910770416], "rhythm.beats_position": [0.3715192675590515, 0.7546485066413879, 1.1377778053283691, 1.5209070444107056, 1.904036283493042, 2.287165403366089, 2.670294761657715, 3.076643943786621, 3.4829931259155273, 3.8893423080444336, 4.29569149017334, 4.702040672302246, 5.108389854431152, 5.514739036560059, 5.921088218688965, 6.327437400817871, 6.733786582946777, 7.128525733947754, 7.523265361785889, 7.918004512786865, 8.335963249206543, 8.74231243133545, 9.148661613464355, 9.566620826721191, 9.961359977722168, 10.367709159851074, 10.77405834197998, 11.180407524108887, 11.586756706237793, 12.004715919494629, 12.399456024169922, 12.805805206298828, 13.212154388427734, 13.63011360168457, 14.024852752685547, 14.431201934814453, 14.83755111694336, 15.243900299072266, 15.650249481201172, 16.056598663330078, 16.462947845458984, 16.86929702758789, 17.275646209716797, 17.670385360717773, 18.07673454284668, 18.483083724975586, 18.877822875976562, 19.2957820892334, 19.702131271362305, 20.10848045349121, 20.503219604492188, 20.909568786621094, 21.31591796875, 21.722267150878906], "rhythm.bpm_histogram": [0.0, 0.0, 0.0, 0.0, 0.0, 0.0, 0.0, 0.0, 0.0, 0.0, 0.0, 0.0, 0.0, 0.0, 0.0, 0.0, 0.0, 0.0, 0.0, 0.0, 0.0, 0.0, 0.0, 0.0, 0.0, 0.0, 0.0, 0.0, 0.0, 0.0, 0.0, 0.0, 0.0, 0.0, 0.0, 0.0, 0.0, 0.0, 0.0, 0.0, 0.0, 0.0, 0.0, 0.0, 0.0, 0.0, 0.0, 0.0, 0.0, 0.0, 0.0, 0.0, 0.0, 0.0, 0.0, 0.0, 0.0, 0.0, 0.0, 0.0, 0.0, 0.0, 0.0, 0.0, 0.0, 0.0, 0.0, 0.0, 0.0, 0.0, 0.0, 0.0, 0.0, 0.0, 0.0, 0.0, 0.0, 0.0, 0.0, 0.0, 0.0, 0.0, 0.0, 0.0, 0.0, 0.0, 0.0, 0.0, 0.0, 0.0, 0.0, 0.0, 0.0, 0.0, 0.0, 0.0, 0.0, 0.0, 0.0, 0.0, 0.0, 0.0, 0.0, 0.0, 0.0, 0.0, 0.0, 0.0, 0.0, 0.0, 0.0, 0.0, 0.0, 0.0, 0.0, 0.0, 0.0, 0.0, 0.0, 0.0, 0.0, 0.0, 0.0, 0.0, 0.0, 0.0, 0.0, 0.0, 0.0, 0.0, 0.0, 0.0, 0.0, 0.0, 0.0, 0.0, 0.0, 0.0, 0.0, 0.0, 0.0, 0.0, 0.0, 0.0, 0.09433962404727936, 0.0, 0.0, 0.0, 0.6226415038108826, 0.0, 0.0, 0.0, 0.16981132328510284, 0.0, 0.0, 0.0, 0.0, 0.11320754885673523, 0.0, 0.0, 0.0, 0.0, 0.0, 0.0, 0.0, 0.0, 0.0, 0.0, 0.0, 0.0, 0.0, 0.0, 0.0, 0.0, 0.0, 0.0, 0.0, 0.0, 0.0, 0.0, 0.0, 0.0, 0.0, 0.0, 0.0, 0.0, 0.0, 0.0, 0.0, 0.0, 0.0, 0.0, 0.0, 0.0, 0.0, 0.0, 0.0, 0.0, 0.0, 0.0, 0.0, 0.0, 0.0, 0.0, 0.0, 0.0, 0.0, 0.0, 0.0, 0.0, 0.0, 0.0, 0.0, 0.0, 0.0, 0.0, 0.0, 0.0, 0.0, 0.0, 0.0, 0.0, 0.0, 0.0, 0.0, 0.0, 0.0, 0.0, 0.0, 0.0, 0.0, 0.0, 0.0, 0.0, 0.0, 0.0, 0.0, 0.0, 0.0, 0.0, 0.0, 0.0, 0.0, 0.0, 0.0, 0.0, 0.0, 0.0, 0.0, 0.0], "tonal.chords_histogram": [13.894737243652344, 18.3157901763916, 32.421051025390625, 0.0, 0.0, 0.0, 0.0, 26.3157901763916, 0.21052631735801697, 8.8421049118042, 0.0, 0.0, 0.0, 0.0, 0.0, 0.0, 0.0, 0.0, 0.0, 0.0, 0.0, 0.0, 0.0, 0.0], "tonal.thpcp": [1.0, 0.583773672580719, 0.08439789712429047, 0.05880138650536537, 0.03814736008644104, 0.03453323617577553, 0.03818008676171303, 0.0534198023378849, 0.053401827812194824, 0.03719713166356087, 0.031574174761772156, 0.031398434191942215, 0.026304682716727257, 0.026351576671004295, 0.03407766669988632, 0.03214319422841072, 0.030828556045889854, 0.04059748724102974, 0.04530438408255577, 0.05261477455496788, 0.1982220560312271, 0.247133269906044, 0.09759722650051117, 0.031030097976326942, 0.03206915035843849, 0.03550003841519356, 0.02872823178768158, 0.025640251114964485, 0.02996470034122467, 0.030089810490608215, 0.02811734937131405, 0.027656223624944687, 0.02969430573284626, 0.03884291648864746, 0.05079773813486099, 0.49068400263786316], "lowlevel.gfcc.cov": [[2937.22998046875, 494.5852966308594, -4.281532287597656, 116.35985565185547, 97.22756958007812, 154.59620666503906, 81.94434356689453, 19.60434341430664, 106.73945617675781, 40.59251403808594, 30.681028366088867, -2.614346981048584, 15.133492469787598], [494.5852966308594, 348.55157470703125, -55.08540725708008, -45.88783645629883, -5.910017490386963, -7.7596611976623535, 51.5914421081543, 15.9426908493042, 33.10441589355469, 12.379188537597656, 61.9820556640625, -4.192159175872803, 24.96550178527832], [-4.281532287597656, -55.08540725708008, 214.5074920654297, 59.503597259521484, -20.998022079467773, -28.5776424407959, -18.223873138427734, 0.9462118148803711, -35.827125549316406, -11.853641510009766, -12.333837509155273, 24.365903854370117, -12.966031074523926], [116.35985565185547, -45.88783645629883, 59.503597259521484, 161.04335021972656, 40.84516906738281, -16.133102416992188, -52.95632553100586, -8.545291900634766, 20.184032440185547, -6.3033061027526855, -29.451013565063477, -15.464739799499512, 19.08864974975586], [97.22756958007812, -5.910017490386963, -20.998022079467773, 40.84516906738281, 149.4093475341797, 30.600914001464844, -19.30268669128418, -8.37954330444336, 36.232994079589844, 27.293344497680664, -12.010029792785645, -19.00167465209961, 11.268754959106445], [154.59620666503906, -7.7596611976623535, -28.5776424407959, -16.133102416992188, 30.600914001464844, 90.28523254394531, 44.66460418701172, 2.6465697288513184, -7.600400447845459, -2.507037878036499, 9.23824405670166, -2.7348854541778564, -3.091590404510498], [81.94434356689453, 51.5914421081543, -18.223873138427734, -52.95632553100586, -19.30268669128418, 44.66460418701172, 117.71514129638672, 47.46059036254883, -13.897322654724121, -13.796533584594727, 25.70075035095215, 14.769824028015137, -10.33784294128418], [19.60434341430664, 15.9426908493042, 0.9462118148803711, -8.545291900634766, -8.37954330444336, 2.6465697288513184, 47.46059036254883, 80.7226791381836, 32.53471374511719, 8.005867958068848, 7.332681179046631, 8.82065486907959, 11.378657341003418], [106.73945617675781, 33.10441589355469, -35.827125549316406, 20.184032440185547, 36.232994079589844, -7.600400447845459, -13.897322654724121, 32.53471374511719, 87.36756896972656, 48.31352996826172, 2.1837430000305176, -15.344606399536133, 14.582869529724121], [40.59251403808594, 12.379188537597656, -11.853641510009766, -6.3033061027526855, 27.293344497680664, -2.507037878036499, -13.796533584594727, 8.005867958068848, 48.31352996826172, 76.4811782836914, 31.13178253173828, -1.3142799139022827, -2.725762128829956], [30.681028366088867, 61.9820556640625, -12.333837509155273, -29.451013565063477, -12.010029792785645, 9.23824405670166, 25.70075035095215, 7.332681179046631, 2.1837430000305176, 31.13178253173828, 68.52975463867188, 26.665111541748047, -3.263767957687378], [-2.614346981048584, -4.192159175872803, 24.365903854370117, -15.464739799499512, -19.00167465209961, -2.7348854541778564, 14.769824028015137, 8.82065486907959, -15.344606399536133, -1.3142799139022827, 26.665111541748047, 55.22852325439453, 14.40330982208252], [15.133492469787598, 24.96550178527832, -12.966031074523926, 19.08864974975586, 11.268754959106445, -3.091590404510498, -10.33784294128418, 11.378657341003418, 14.582869529724121, -2.725762128829956, -3.263767957687378, 14.40330982208252, 52.65475845336914]], "lowlevel.gfcc.icov": [[0.0008756634197197855, -0.0022372957319021225, 0.00011769199772970751, -0.0015159526374191046, 0.0004323663888499141, -0.0027467007748782635, 0.0005690324469469488, -0.00015969359083101153, -0.00030011043418198824, -0.0013983554672449827, 0.0031559192575514317, -0.0029577487148344517, 0.0022955010645091534], [-0.0022372957319021225, 0.011526145040988922, -0.0015159609029069543, 0.005803464446216822, -0.0016697172541171312, 0.01019293162971735, -0.005526929162442684, 0.004204561002552509, -0.004394351039081812, 0.008585905656218529, -0.017008304595947266, 0.014010300859808922, -0.011562211439013481], [0.00011769199772970751, -0.0015159609029069543, 0.00817360170185566, -0.004656625911593437, 0.0005917184753343463, 0.0003126637311652303, 0.0017669941298663616, -0.004130971617996693, 0.006890837103128433, -0.004961416125297546, 0.005661266855895519, -0.007016254588961601, 0.005622028838843107], [-0.0015159526374191046, 0.005803464446216822, -0.004656625911593437, 0.013813907280564308, -0.0030677826143801212, 0.005357671994715929, 0.0010170863242819905, 0.0020144989248365164, -0.005503170192241669, 0.008840233087539673, -0.0097914794459939, 0.010741150937974453, -0.009298350661993027], [0.0004323663888499141, -0.0016697172541171312, 0.0005917184753343463, -0.0030677826143801212, 0.010249744169414043, -0.005989923607558012, 0.0006729095475748181, 0.0017306876834481955, -0.001999187981709838, -0.004932990297675133, 0.00525819044560194, -0.001725548761896789, 0.00023436309129465371], [-0.0027467007748782635, 0.01019293162971735, 0.0003126637311652303, 0.005357671994715929, -0.005989923607558012, 0.027582738548517227, -0.01246853917837143, 0.005590368527919054, 0.000589504954405129, 0.006211055908352137, -0.015321020968258381, 0.014435352757573128, -0.011403419077396393], [0.0005690324469469488, -0.005526929162442684, 0.0017669941298663616, 0.0010170863242819905, 0.0006729095475748181, -0.01246853917837143, 0.025612439960241318, -0.017451662570238113, 0.007034551817923784, 0.0018832057248800993, 0.0016710910713300109, -0.006904608570039272, 0.01058865524828434], [-0.00015969359083101153, 0.004204561002552509, -0.004130971617996693, 0.0020144989248365164, 0.0017306876834481955, 0.005590368527919054, -0.017451662570238113, 0.030558984726667404, -0.018846042454242706, 0.005453796591609716, -0.004136951640248299, 0.002660260535776615, -0.00924977008253336], [-0.00030011043418198824, -0.004394351039081812, 0.006890837103128433, -0.005503170192241669, -0.001999187981709838, 0.000589504954405129, 0.007034551817923784, -0.018846042454242706, 0.03988545760512352, -0.024453239515423775, 0.01161177083849907, 0.0004160011885687709, 7.155336061259732e-05], [-0.0013983554672449827, 0.008585905656218529, -0.004961416125297546, 0.008840233087539673, -0.004932990297675133, 0.006211055908352137, 0.0018832057248800993, 0.005453796591609716, -0.024453239515423775, 0.04210437834262848, -0.030609557405114174, 0.012473948299884796, -0.003841419704258442], [0.0031559192575514317, -0.017008304595947266, 0.005661266855895519, -0.0097914794459939, 0.00525819044560194, -0.015321020968258381, 0.0016710910713300109, -0.004136951640248299, 0.01161177083849907, -0.030609557405114174, 0.056197360157966614, -0.034840356558561325, 0.019511327147483826], [-0.0029577487148344517, 0.014010300859808922, -0.007016254588961601, 0.010741150937974453, -0.001725548761896789, 0.014435352757573128, -0.006904608570039272, 0.002660260535776615, 0.0004160011885687709, 0.012473948299884796, -0.034840356558561325, 0.05114622786641121, -0.027747681364417076], [0.0022955010645091534, -0.011562211439013481, 0.005622028838843107, -0.009298350661993027, 0.00023436309129465371, -0.011403419077396393, 0.01058865524828434, -0.00924977008253336, 7.155336061259732e-05, -0.003841419704258442, 0.019511327147483826, -0.027747681364417076, 0.04050818458199501]], "lowlevel.mfcc.cov": [[2654.794921875, 350.0570983886719, -22.055965423583984, 28.997251510620117, 65.40859985351562, 149.83335876464844, 4.376642227172852, 27.775901794433594, 49.900577545166016, 39.89885330200195, 34.502830505371094, 71.79598236083984, 56.64862823486328], [350.0570983886719, 317.5210876464844, -44.643951416015625, -45.42305374145508, -45.97188186645508, -21.712900161743164, 31.510467529296875, -1.6289894580841064, 0.280768483877182, -8.884371757507324, 17.39653778076172, 67.10704803466797, 43.574153900146484], [-22.055965423583984, -44.643951416015625, 199.50369262695312, 46.06212615966797, -32.04872512817383, -27.799999237060547, 5.459657192230225, 15.102910041809082, -28.167217254638672, -35.21095275878906, -8.362228393554688, -13.400733947753906, -10.161333084106445], [28.997251510620117, -45.42305374145508, 46.06212615966797, 136.84007263183594, 68.85502624511719, -5.690539836883545, -43.28257369995117, -19.25196075439453, 12.14696979522705, 13.534093856811523, -19.282886505126953, -21.44529151916504, -8.555042266845703], [65.40859985351562, -45.97188186645508, -32.04872512817383, 68.85502624511719, 151.34017944335938, 47.09909439086914, -46.890167236328125, -42.066837310791016, 19.14219856262207, 38.80052185058594, -9.779924392700195, -30.671838760375977, -11.16849422454834], [149.83335876464844, -21.712900161743164, -27.799999237060547, -5.690539836883545, 47.09909439086914, 84.50077819824219, 15.779237747192383, -12.386990547180176, -8.474588394165039, 8.362564086914062, 4.286133766174316, -5.2676191329956055, -13.825712203979492], [4.376642227172852, 31.510467529296875, 5.459657192230225, -43.28257369995117, -46.890167236328125, 15.779237747192383, 97.90581512451172, 48.72494125366211, -12.173874855041504, -23.64032745361328, 8.823850631713867, 23.099756240844727, 4.5543646812438965], [27.775901794433594, -1.6289894580841064, 15.102910041809082, -19.25196075439453, -42.066837310791016, -12.386990547180176, 48.72494125366211, 77.93772888183594, 18.9050350189209, -17.39926528930664, -11.600955963134766, 2.9082350730895996, 7.264807224273682], [49.900577545166016, 0.280768483877182, -28.167217254638672, 12.14696979522705, 19.14219856262207, -8.474588394165039, -12.173874855041504, 18.9050350189209, 73.50445556640625, 35.69268035888672, -6.563417911529541, -5.016646385192871, 5.470792293548584], [39.89885330200195, -8.884371757507324, -35.21095275878906, 13.534093856811523, 38.80052185058594, 8.362564086914062, -23.64032745361328, -17.39926528930664, 35.69268035888672, 70.72753143310547, 19.084117889404297, -8.694503784179688, -11.036046028137207], [34.502830505371094, 17.39653778076172, -8.362228393554688, -19.282886505126953, -9.779924392700195, 4.286133766174316, 8.823850631713867, -11.600955963134766, -6.563417911529541, 19.084117889404297, 59.112342834472656, 38.978416442871094, 2.8079545497894287], [71.79598236083984, 67.10704803466797, -13.400733947753906, -21.44529151916504, -30.671838760375977, -5.2676191329956055, 23.099756240844727, 2.9082350730895996, -5.016646385192871, -8.694503784179688, 38.978416442871094, 91.54793548583984, 40.98729705810547], [56.64862823486328, 43.574153900146484, -10.161333084106445, -8.555042266845703, -11.16849422454834, -13.825712203979492, 4.5543646812438965, 7.264807224273682, 5.470792293548584, -11.036046028137207, 2.8079545497894287, 40.98729705810547, 60.17495346069336]], "lowlevel.mfcc.icov": [[0.0006625104579143226, -0.0010310319485142827, -0.0003527055960148573, -0.00043298688251525164, 0.00026295409770682454, -0.0021920395083725452, 0.001204845029860735, -0.001296583446674049, -0.00020646571647375822, -0.0001794341515051201, -0.0006205248646438122, 0.0002662899496499449, -0.0005542594590224326], [-0.0010310319485142827, 0.0058609056286513805, 0.0012408632319420576, 0.0012229002313688397, 3.189741255482659e-05, 0.004792089574038982, -0.0037753828801214695, 0.004191115964204073, -0.00014464293781202286, -7.030519191175699e-05, 0.0024150798562914133, -0.0028907889500260353, -0.00014673778787255287], [-0.0003527055960148573, 0.0012408632319420576, 0.007701564580202103, -0.003801529761403799, 0.0019122714875265956, 0.002497584791854024, -0.0010376080172136426, -0.0004508834972511977, 0.0020448099821805954, 0.0028784784954041243, -0.0018786812433972955, 0.0015758998924866319, 0.0006115436553955078], [-0.00043298688251525164, 0.0012229002313688397, -0.003801529761403799, 0.01391863077878952, -0.007291733752936125, 0.0047329142689704895, 0.0012815298978239298, 0.0008187438361346722, -0.0003496239078231156, -0.0013737481785938144, 0.005145137198269367, -0.0038629432674497366, 0.0025681292172521353], [0.00026295409770682454, 3.189741255482659e-05, 0.0019122714875265956, -0.007291733752936125, 0.016675300896167755, -0.009929187595844269, 0.0027996946591883898, 0.0034656457137316465, -0.002219704445451498, -0.002893744967877865, -0.0002842096146196127, 0.003979165107011795, -0.003827058244496584], [-0.0021920395083725452, 0.004792089574038982, 0.002497584791854024, 0.0047329142689704895, -0.009929187595844269, 0.027797861024737358, -0.011743172071874142, 0.007343107834458351, 0.003104929579421878, 0.0002568718045949936, 0.003473873483017087, -0.003336655907332897, 0.0061097824946045876], [0.001204845029860735, -0.0037753828801214695, -0.0010376080172136426, 0.0012815298978239298, 0.0027996946591883898, -0.011743172071874142, 0.025674695149064064, -0.017851807177066803, 0.004407057538628578, 0.0007696409011259675, -0.00361687527038157, -0.0023333218414336443, 0.0011387013364583254], [-0.001296583446674049, 0.004191115964204073, -0.0004508834972511977, 0.0008187438361346722, 0.0034656457137316465, 0.007343107834458351, -0.017851807177066803, 0.03304063528776169, -0.013049070723354816, 0.005541295278817415, 0.004881490953266621, 0.0012796943774446845, -0.000978277064859867], [-0.00020646571647375822, -0.00014464293781202286, 0.0020448099821805954, -0.0003496239078231156, -0.002219704445451498, 0.003104929579421878, 0.004407057538628578, -0.013049070723354816, 0.028141262009739876, -0.016442935913801193, 0.007042208220809698, -0.003035050816833973, -0.0016974715981632471], [-0.0001794341515051201, -7.030519191175699e-05, 0.0028784784954041243, -0.0013737481785938144, -0.002893744967877865, 0.0002568718045949936, 0.0007696409011259675, 0.005541295278817415, -0.016442935913801193, 0.03326402232050896, -0.01683858036994934, 0.007126087788492441, 0.0028327060863375664], [-0.0006205248646438122, 0.0024150798562914133, -0.0018786812433972955, 0.005145137198269367, -0.0002842096146196127, 0.003473873483017087, -0.00361687527038157, 0.004881490953266621, 0.007042208220809698, -0.01683858036994934, 0.038877278566360474, -0.02105223760008812, 0.008476262912154198], [0.0002662899496499449, -0.0028907889500260353, 0.0015758998924866319, -0.0038629432674497366, 0.003979165107011795, -0.003336655907332897, -0.0023333218414336443, 0.0012796943774446845, -0.003035050816833973, 0.007126087788492441, -0.02105223760008812, 0.030902042984962463, -0.01692972704768181], [-0.0005542594590224326, -0.00014673778787255287, 0.0006115436553955078, 0.0025681292172521353, -0.003827058244496584, 0.0061097824946045876, 0.0011387013364583254, -0.000978277064859867, -0.0016974715981632471, 0.0028327060863375664, 0.008476262912154198, -0.01692972704768181, 0.030249767005443573]], "metadata.audio_properties.analysis.downmix": "mix", "metadata.audio_properties.codec": "mp3", "metadata.audio_properties.md5_encoded": "61faea4b8ad8ad52400b957bc8df445c", "metadata.tags.file_name": "1182270742172282930.mp3", "metadata.version.essentia": "2.1-beta6-dev", "metadata.version.essentia_git_sha": "v2.1_beta5-1110-g77a6a954", "metadata.version.extractor": "music 2.0", "tonal.chords_key": "E", "tonal.chords_scale": "minor", "tonal.key_edma.key": "A", "tonal.key_edma.scale": "minor", "tonal.key_krumhansl.key": "A", "tonal.key_krumhansl.scale": "minor", "tonal.key_temperley.key": "A", "tonal.key_temperley.scale": "minor", "metadata.tags.encoding": ["Lavf58.45.100"]}, "essentia_models": [{"model_name": "genre_dortmund", "activations": {"alternative": "0.025410771", "blues": "0.0016458436", "electronic": "0.03006913", "folkcountry": "0.0024353578", "funksoulrnb": "0.013788646", "jazz": "0.0026374941", "