{"song_id": "1182269527304708146", "download": "https://cdn.discordapp.com/attachments/1128313332273782784/1182269527304708146/chirp.mp4?ex=6584154c&amp", "lyrics": "[verse]\nKurwa, ta Ewa Mewa, mnie tak wkurwia\nNie ma ju\u017c si\u0142y, to jest ju\u017c koniec\nPatrzy na mnie krzywo, wzdycha ci\u0105gle\nAle nie licz\u0119 ju\u017c na \u017cadne zmiany\n\n[chorus]\nKurwa, ta Ewa Mewa, mnie tak wkurwia\nTo ju\u017c koniec, nie ma sensu d\u0142u\u017cej si\u0119 k\u0142\u00f3ci\u0107", "style": ["rap"], "essentia_features": {"lowlevel.average_loudness": 0.9750050902366638, "lowlevel.barkbands_crest.mean": 18.22733497619629, "lowlevel.barkbands_crest.stdev": 5.129800796508789, "lowlevel.barkbands_flatness_db.mean": 0.2982174754142761, "lowlevel.barkbands_flatness_db.stdev": 0.1348501592874527, "lowlevel.barkbands_kurtosis.mean": 30.560930252075195, "lowlevel.barkbands_kurtosis.stdev": 65.86534118652344, "lowlevel.barkbands_skewness.mean": 3.753838539123535, "lowlevel.barkbands_skewness.stdev": 3.573429822921753, "lowlevel.barkbands_spread.mean": 16.011335372924805, "lowlevel.barkbands_spread.stdev": 16.322540283203125, "lowlevel.dissonance.mean": 0.4434075355529785, "lowlevel.dissonance.stdev": 0.056748662143945694, "lowlevel.dynamic_complexity": 3.04876446723938, "lowlevel.erbbands_crest.mean": 14.333616256713867, "lowlevel.erbbands_crest.stdev": 5.8161187171936035, "lowlevel.erbbands_flatness_db.mean": 0.2249511033296585, "lowlevel.erbbands_flatness_db.stdev": 0.07919211685657501, "lowlevel.erbbands_kurtosis.mean": 2.1089255809783936, "lowlevel.erbbands_kurtosis.stdev": 3.873947858810425, "lowlevel.erbbands_skewness.mean": -0.4664379358291626, "lowlevel.erbbands_skewness.stdev": 1.139695167541504, "lowlevel.erbbands_spread.mean": 33.46733474731445, "lowlevel.erbbands_spread.stdev": 21.518619537353516, "lowlevel.hfc.mean": 15.795198440551758, "lowlevel.hfc.stdev": 17.253402709960938, "lowlevel.loudness_ebu128.integrated": -15.449172019958496, "lowlevel.loudness_ebu128.loudness_range": 1.2305908203125, "lowlevel.loudness_ebu128.momentary.mean": -16.037113189697266, "lowlevel.loudness_ebu128.momentary.stdev": 2.331153154373169, "lowlevel.loudness_ebu128.short_term.mean": -15.39666748046875, "lowlevel.loudness_ebu128.short_term.stdev": 0.42357632517814636, "lowlevel.melbands_crest.mean": 27.39044952392578, "lowlevel.melbands_crest.stdev": 6.2729716300964355, "lowlevel.melbands_flatness_db.mean": 0.38373762369155884, "lowlevel.melbands_flatness_db.stdev": 0.1649397760629654, "lowlevel.melbands_kurtosis.mean": 60.12098693847656, "lowlevel.melbands_kurtosis.stdev": 108.30941009521484, "lowlevel.melbands_skewness.mean": 5.478507995605469, "lowlevel.melbands_skewness.stdev": 3.959627389907837, "lowlevel.melbands_spread.mean": 13.51567554473877, "lowlevel.melbands_spread.stdev": 14.785598754882812, "lowlevel.pitch_salience.mean": 0.3118921220302582, "lowlevel.pitch_salience.stdev": 0.14749126136302948, "lowlevel.silence_rate_20dB.mean": 0.9798578023910522, "lowlevel.silence_rate_20dB.stdev": 0.14048616588115692, "lowlevel.silence_rate_30dB.mean": 0.8364928960800171, "lowlevel.silence_rate_30dB.stdev": 0.36982715129852295, "lowlevel.silence_rate_60dB.mean": 0.014218009077012539, "lowlevel.silence_rate_60dB.stdev": 0.11838870495557785, "lowlevel.spectral_centroid.mean": 1250.8472900390625, "lowlevel.spectral_centroid.stdev": 928.7559814453125, "lowlevel.spectral_complexity.mean": 9.510663032531738, "lowlevel.spectral_complexity.stdev": 7.80440616607666, "lowlevel.spectral_decrease.mean": -1.8086433684061376e-08, "lowlevel.spectral_decrease.stdev": 2.3962499540175486e-08, "lowlevel.spectral_energy.mean": 0.06969504803419113, "lowlevel.spectral_energy.stdev": 0.09093369543552399, "lowlevel.spectral_energyband_high.mean": 0.0006295511266216636, "lowlevel.spectral_energyband_high.stdev": 0.001204650616273284, "lowlevel.spectral_energyband_low.mean": 0.06020311266183853, "lowlevel.spectral_energyband_low.stdev": 0.0899607390165329, "lowlevel.spectral_energyband_middle_high.mean": 0.004249718971550465, "lowlevel.spectral_energyband_middle_high.stdev": 0.00652222940698266, "lowlevel.spectral_energyband_middle_low.mean": 0.005756813567131758, "lowlevel.spectral_energyband_middle_low.stdev": 0.01633063517510891, "lowlevel.spectral_entropy.mean": 7.069280624389648, "lowlevel.spectral_entropy.stdev": 0.9039275646209717, "lowlevel.spectral_flux.mean": 0.10014857351779938, "lowlevel.spectral_flux.stdev": 0.09894102811813354, "lowlevel.spectral_kurtosis.mean": 18.40625, "lowlevel.spectral_kurtosis.stdev": 33.552764892578125, "lowlevel.spectral_rms.mean": 0.007122524548321962, "lowlevel.spectral_rms.stdev": 0.0041550928726792336, "lowlevel.spectral_rolloff.mean": 747.7156982421875, "lowlevel.spectral_rolloff.stdev": 1190.1190185546875, "lowlevel.spectral_skewness.mean": 2.3554840087890625, "lowlevel.spectral_skewness.stdev": 2.052060127258301, "lowlevel.spectral_spread.mean": 3944340.0, "lowlevel.spectral_spread.stdev": 2204484.0, "lowlevel.spectral_strongpeak.mean": 0.6145098805427551, "lowlevel.spectral_strongpeak.stdev": 0.5496601462364197, "lowlevel.zerocrossingrate.mean": 0.02980019897222519, "lowlevel.zerocrossingrate.stdev": 0.027546009048819542, "metadata.audio_properties.analysis.equal_loudness": 0.0, "metadata.audio_properties.analysis.length": 19.562652587890625, "metadata.audio_properties.analysis.sample_rate": 44100.0, "metadata.audio_properties.analysis.start_time": 0.0, "metadata.audio_properties.bit_rate": 123907.0, "metadata.audio_properties.length": 19.562665939331055, "metadata.audio_properties.lossless": 0.0, "metadata.audio_properties.number_channels": 1.0, "metadata.audio_properties.replay_gain": -10.236478805541992, "metadata.audio_properties.sample_rate": 48000.0, "rhythm.beats_count": 46.0, "rhythm.beats_loudness.mean": 0.13813349604606628, "rhythm.beats_loudness.stdev": 0.1303441822528839, "rhythm.bpm": 144.85972595214844, "rhythm.bpm_histogram_first_peak_bpm": 144.0, "rhythm.bpm_histogram_first_peak_weight": 0.3181818127632141, "rhythm.bpm_histogram_second_peak_bpm": 152.0, "rhythm.bpm_histogram_second_peak_spread": 0.0, "rhythm.bpm_histogram_second_peak_weight": 0.02222222276031971, "rhythm.danceability": 1.8978168964385986, "rhythm.onset_rate": 6.028275489807129, "tonal.chords_changes_rate": 0.06382978707551956, "tonal.chords_number_rate": 0.009456264786422253, "tonal.chords_strength.mean": 0.5463789105415344, "tonal.chords_strength.stdev": 0.06647946685552597, "tonal.hpcp_crest.mean": 14.704222679138184, "tonal.hpcp_crest.stdev": 5.340544700622559, "tonal.hpcp_entropy.mean": 1.6587402820587158, "tonal.hpcp_entropy.stdev": 0.6552730202674866, "tonal.key_edma.strength": 0.6631139516830444, "tonal.key_krumhansl.strength": 0.6737613081932068, "tonal.key_temperley.strength": 0.6798593997955322, "tonal.tuning_diatonic_strength": 0.6743180751800537, "tonal.tuning_equal_tempered_deviation": 0.2745489776134491, "tonal.tuning_frequency": 434.193115234375, "tonal.tuning_nontempered_energy_ratio": 0.9610779285430908, "lowlevel.barkbands.mean": [0.003312145359814167, 0.052554789930582047, 0.0032322786282747984, 0.002095626899972558, 0.0018381227273494005, 0.0005925127770751715, 0.0004701468569692224, 0.00031085748923942447, 0.00037752045318484306, 0.000372037902707234, 0.0003163993824273348, 0.001472298288717866, 0.0005739553598687053, 0.0003839355777017772, 0.0003665256954263896, 0.00023723606136627495, 0.00019266600429546088, 0.00012784922728314996, 0.0001634525542613119, 0.0001416909508407116, 0.00011519483086885884, 0.00020996730017941445, 0.00010308999480912462, 7.508755516028032e-05, 4.0686019929125905e-05, 1.8839082258637063e-05, 2.08403051260575e-07], "lowlevel.barkbands.stdev": [0.004491765052080154, 0.0833578109741211, 0.015324631705880165, 0.008444003760814667, 0.006144053302705288, 0.0018055784748867154, 0.001464906265027821, 0.0010196801740676165, 0.0011058736126869917, 0.0011513660429045558, 0.001189606380648911, 0.001971748424693942, 0.0018013338558375835, 0.001081500668078661, 0.001306896680034697, 0.0008217523572966456, 0.0005851458990946412, 0.0006219294155016541, 0.0005509076290763915, 0.0003857914707623422, 0.00026656576665118337, 0.0004952997551299632, 0.00022063289361540228, 0.00017496581131126732, 0.0001052044826792553, 8.129019988700747e-05, 1.274160581488104e-06], "lowlevel.erbbands.mean": [2.1563189029693604, 9.10857105255127, 5.699482440948486, 5.9270405769348145, 7.690750598907471, 4.67362642288208, 3.5003368854522705, 5.700974464416504, 7.588454246520996, 5.3742356300354, 7.689357757568359, 8.647852897644043, 9.498737335205078, 13.444714546203613, 28.954111099243164, 52.85734939575195, 25.49852752685547, 21.355785369873047, 22.32205581665039, 14.84113597869873, 12.629680633544922, 11.382421493530273, 7.49038028717041, 7.510639667510986, 8.09733772277832, 6.631286144256592, 4.76822566986084, 5.462738990783691, 8.91879940032959, 3.978431224822998, 2.6074297428131104, 1.6959986686706543, 1.192328691482544, 0.5909656286239624, 0.2183220088481903, 0.10526148974895477, 0.030107611790299416, 0.0030091353692114353, 9.423642768524587e-05, 8.03546208771877e-05], "lowlevel.erbbands.stdev": [3.11967396736145, 17.76678466796875, 20.811676025390625, 22.23211669921875, 27.8167781829834, 17.438940048217773, 10.386817932128906, 17.45603370666504, 22.380531311035156, 15.824129104614258, 24.541601181030273, 26.177473068237305, 27.587316513061523, 43.62877655029297, 64.17961883544922, 70.80008697509766, 73.94458770751953, 59.36124038696289, 72.73995208740234, 44.53971481323242, 40.89799499511719, 34.127113342285156, 32.937232971191406, 26.840192794799805, 26.205827713012695, 17.503135681152344, 10.97588062286377, 12.05733871459961, 21.707918167114258, 8.72912883758545, 5.617001533508301, 3.769296169281006, 3.0013225078582764, 1.4517310857772827, 0.6339713931083679, 0.41367417573928833, 0.14338858425617218, 0.013938715681433678, 0.00027285877149552107, 9.857638360699639e-05], "lowlevel.gfcc.mean": [-83.28242492675781, 122.17171478271484, -96.77342987060547, 38.04869079589844, -29.56109619140625, 49.26755142211914, -8.59627914428711, -4.299927234649658, -18.826000213623047, 3.7653415203094482, 4.625157356262207, 3.686077117919922, 0.7955499887466431], "lowlevel.melbands.mean": [0.01671605370938778, 0.005745851434767246, 0.0010594379855319858, 0.0004548679862637073, 0.00012591910490300506, 0.0001258518168469891, 0.00011221930617466569, 5.881612378288992e-05, 6.37039847788401e-05, 5.388174395193346e-05, 4.773747059516609e-05, 5.403192335506901e-05, 5.858874283148907e-05, 0.00020411409786902368, 5.963844159850851e-05, 5.702351700165309e-05, 3.666357952170074e-05, 3.7038680602563545e-05, 2.4998729713843204e-05, 1.6839287127368152e-05, 1.389005956298206e-05, 1.2111187970731407e-05, 8.980734492070042e-06, 5.124218660057522e-06, 6.097654022596544e-06, 6.417504209821345e-06, 5.447972398542333e-06, 4.116584477742435e-06, 2.950772568510729e-06, 2.7936594051425345e-06, 3.2875559554668143e-06, 5.842883183504455e-06, 2.8683339223789517e-06, 2.1271257537591737e-06, 1.631043119232345e-06, 1.1482763966341736e-06, 9.8268651527178e-07, 9.23189872992225e-07, 5.803245812785462e-07, 4.7080689569156675e-07], "lowlevel.melbands.stdev": [0.024900849908590317, 0.013505585491657257, 0.003951814956963062, 0.0016225447179749608, 0.000385021761758253, 0.0003766437584999949, 0.00033132280805148184, 0.00017431867308914661, 0.00020393206796143204, 0.0001600077230250463, 0.0001428363611921668, 0.00017944283899851143, 0.00017291001859121025, 0.0002686996303964406, 0.00014383044617716223, 0.00018701329827308655, 0.00010726204345701262, 0.00012151011469541118, 8.881719986675307e-05, 6.085636778152548e-05, 4.4970154704060405e-05, 3.760531035368331e-05, 3.3820801036199555e-05, 2.5295295927207917e-05, 2.2291163986665197e-05, 2.3393748051603325e-05, 1.852435525506735e-05, 1.0480989658390172e-05, 6.9017746682220604e-06, 7.628492767253192e-06, 7.366631052718731e-06, 1.4576455214410089e-05, 6.8230538090574555e-06, 4.71764724352397e-06, 3.618190248744213e-06, 2.563434236435569e-06, 2.2650265236734413e-06, 2.436182967358036e-06, 1.4319643923954573e-06, 1.2021507700410439e-06], "lowlevel.melbands128.mean": [0.0032081541139632463, 0.01855257898569107, 0.023126496002078056, 0.012290696613490582, 0.0037400920409709215, 0.001468576374463737, 0.0012210040586069226, 0.0009552815463393927, 0.0008169912034645677, 0.0004774689150508493, 0.00019689989858306944, 0.00013285460590850562, 0.00012555687862914056, 8.032950427150354e-05, 0.0001238662371179089, 0.00015499393339268863, 0.00013626330473925918, 0.00011086723679909483, 7.808844384271652e-05, 4.732143133878708e-05, 5.631332896882668e-05, 6.697007484035566e-05, 6.719052908010781e-05, 5.729660188080743e-05, 5.5948312365217134e-05, 5.436086212284863e-05, 4.429739055922255e-05, 4.041773718199693e-05, 5.709139441023581e-05, 6.157928874017671e-05, 5.5801632697694004e-05, 3.470150113571435e-05, 3.3296324545517564e-05, 7.499477214878425e-05, 0.0002245262439828366, 0.0003007863706443459, 6.493130058515817e-05, 4.839425309910439e-05, 4.9531790864421055e-05, 5.1948380132671446e-05, 6.895208935020491e-05, 4.8697402235120535e-05, 3.0212193451006897e-05, 3.407269105082378e-05, 3.8173046050360426e-05, 3.740319880307652e-05, 3.670220394269563e-05, 2.799296817102004e-05, 1.7626573026063852e-05, 1.8933360479422845e-05, 1.544194128655363e-05, 1.6846328435349278e-05, 1.548346335766837e-05, 1.2347276424407028e-05, 1.055084794643335e-05, 1.4241053577279672e-05, 1.096294818125898e-05, 9.812694770516828e-06, 8.837505447445437e-06, 6.124788797023939e-06, 4.319888830650598e-06, 4.739800260722404e-06, 5.381129994930234e-06, 6.761563327017939e-06, 7.030184406175977e-06, 6.980453690630384e-06, 5.385085387388244e-06, 5.444901944429148e-06, 5.804107331641717e-06, 5.182505901757395e-06, 4.000285116489977e-06, 3.609628947742749e-06, 3.5060918435192434e-06, 2.637099214553018e-06, 2.6102629817614798e-06, 2.936685405074968e-06, 2.8998156267334707e-06, 2.341797426197445e-06, 3.0687533580930904e-06, 4.103213996131672e-06, 6.581543857464567e-06, 7.046963673928985e-06, 3.6963999718864216e-06, 2.5347962946398184e-06, 1.8900691429735161e-06, 1.6436173382317065e-06, 2.2927076770429267e-06, 2.9384457320702495e-06, 1.1685770004987717e-06, 1.2010605132672936e-06, 1.2364751000859542e-06, 1.114830183723825e-06, 1.0362582543166354e-06, 1.018069497149554e-06, 8.613287718617357e-07, 1.0416549685032805e-06, 9.653851975599537e-07, 7.557488856946293e-07, 5.125875759404153e-07, 5.430355258795316e-07, 5.516002943295462e-07, 4.878307322542241e-07, 3.2901593272072205e-07, 2.704158816868585e-07, 2.1332581923161342e-07, 1.9531597672539647e-07, 2.232365545751236e-07, 1.9314410337756271e-07, 1.8957233294258913e-07, 1.7186273737479496e-07, 1.4482955634775863e-07, 9.814615964387485e-08, 1.0311460130196792e-07, 6.236889049660022e-08, 5.628101362731286e-08, 3.106904244987163e-08, 8.354448688407956e-09, 1.302416507975579e-10, 1.8232899565151506e-11, 9.334242580261165e-12, 9.042286017169054e-12, 8.862292844025177e-12, 8.641257848163164e-12, 8.496094452969949e-12, 8.3304040748855e-12, 8.143894413004116e-12, 8.030749676368742e-12, 7.981146993296662e-12], "lowlevel.melbands128.stdev": [0.004398708697408438, 0.02728024683892727, 0.03909588232636452, 0.027895113453269005, 0.014104735106229782, 0.006548094097524881, 0.004708535969257355, 0.004036587662994862, 0.0028993957675993443, 0.0017600150313228369, 0.0008611118537373841, 0.00041184041765518486, 0.00037344227894209325, 0.0003152993449475616, 0.0004271131183486432, 0.0005021999822929502, 0.00043964601354673505, 0.0004032142460346222, 0.00030879044788889587, 0.0001824383216444403, 0.00022580416407436132, 0.00028269103495404124, 0.000273543584626168, 0.000264044851064682, 0.0002410279994364828, 0.00018356171494815499, 0.00018700765212997794, 0.0001673923252383247, 0.00023065489949658513, 0.0002539169217925519, 0.00025594301405362785, 0.00016598767251707613, 0.00014021070091985166, 0.00036033272044733167, 0.00037754024378955364, 0.0004062389489263296, 0.00017176466644741595, 0.0001682398869888857, 0.0001977673382498324, 0.00020689517259597778, 0.00026589183835312724, 0.0001964388502528891, 0.0001210952177643776, 0.0001343504263786599, 0.00012749929737765342, 0.00019024749053642154, 0.00018987662042491138, 0.00013301294529810548, 7.04217964084819e-05, 7.497121987398714e-05, 7.261948485393077e-05, 9.379843686474487e-05, 5.273815258988179e-05, 4.8270532715832815e-05, 3.501924584270455e-05, 5.645392229780555e-05, 3.7387570046121255e-05, 3.647508128779009e-05, 4.308355710236356e-05, 3.98296833736822e-05, 2.2607637220062315e-05, 2.6200010324828327e-05, 2.429611049592495e-05, 2.627823232614901e-05, 3.145200025755912e-05, 3.156981256324798e-05, 1.8341021132073365e-05, 2.2162910681799985e-05, 2.60703127423767e-05, 1.5701665688538924e-05, 1.136951323132962e-05, 9.034021786646917e-06, 9.380335541209206e-06, 6.39599193164031e-06, 7.486456979677314e-06, 9.71410463534994e-06, 8.735477422305848e-06, 6.008631316944957e-06, 7.38763264962472e-06, 1.0286533324688207e-05, 1.783104926289525e-05, 1.8756363715510815e-05, 9.932373359333724e-06, 6.318226951407269e-06, 5.017738203605404e-06, 4.230625108903041e-06, 5.26688518220908e-06, 7.248127531056525e-06, 2.9001566872466356e-06, 3.2583418487774907e-06, 2.911572437369614e-06, 2.705368842725875e-06, 2.5768129034986487e-06, 2.552103978814557e-06, 2.1284517970343586e-06, 2.9505913516914006e-06, 2.765916633507004e-06, 2.084733523588511e-06, 1.3520823358703637e-06, 1.466909679948003e-06, 1.4183768826114829e-06, 1.3448099025481497e-06, 9.32737407310924e-07, 7.762550922052469e-07, 7.570708930870751e-07, 6.724051218043314e-07, 8.206605457417027e-07, 7.469560046047263e-07, 8.133453093250864e-07, 7.777813948450785e-07, 9.185981753034866e-07, 5.618869636236923e-07, 5.202385864322423e-07, 2.847440896402986e-07, 2.993808152496058e-07, 1.579652746386273e-07, 5.319560969496706e-08, 1.1368165298009103e-09, 2.502647533653146e-10, 1.9477239265874857e-11, 1.8987665606484683e-11, 1.8612068483636612e-11, 1.819582852446988e-11, 1.7898118750969694e-11, 1.7642845517862327e-11, 1.742421831818497e-11, 1.7273396255013118e-11, 1.7180451505893757e-11], "lowlevel.mfcc.mean": [-732.1530151367188, 146.57147216796875, 14.466537475585938, 16.25312614440918, 14.378467559814453, 45.20146942138672, 27.8528995513916, 13.336288452148438, 2.9911048412323, -2.1351983547210693, 4.659122943878174, 10.960100173950195, 12.341824531555176], "lowlevel.spectral_contrast_coeffs.mean": [-0.7042344808578491, -0.7844485640525818, -0.7139312028884888, -0.7906292080879211, -0.8089109063148499, -0.7574627995491028], "lowlevel.spectral_contrast_coeffs.stdev": [0.0760834589600563, 0.08501436561346054, 0.06218613684177399, 0.05900978669524193, 0.047095589339733124, 0.06558452546596527], "lowlevel.spectral_contrast_valleys.mean": [-7.027167320251465, -7.851668834686279, -7.914951801300049, -8.399734497070312, -8.845638275146484, -11.440192222595215], "lowlevel.spectral_contrast_valleys.stdev": [0.9366703629493713, 0.9229559302330017, 0.9187714457511902, 1.0679051876068115, 1.6202704906463623, 1.9055365324020386], "rhythm.beats_loudness_band_ratio.mean": [0.7527173757553101, 0.03595837205648422, 0.04496143013238907, 0.11500705033540726, 0.049359045922756195, 0.01992078125476837], "rhythm.beats_loudness_band_ratio.stdev": [0.24911630153656006, 0.049384381622076035, 0.06276895105838776, 0.1309560388326645, 0.07522100955247879, 0.025970667600631714], "tonal.hpcp.mean": [0.0508422814309597, 0.04570455476641655, 0.035408325493335724, 0.030588427558541298, 0.02636062726378441, 0.028546379879117012, 0.038131654262542725, 0.04385282099246979, 0.05269220098853111, 0.05649665370583534, 0.05301109701395035, 0.05772719904780388, 0.1025380939245224, 0.17510800063610077, 0.15408611297607422, 0.06306831538677216, 0.025247979909181595, 0.027292979881167412, 0.027007903903722763, 0.024498404935002327, 0.025466855615377426, 0.022365666925907135, 0.022128039970993996, 0.02399907074868679, 0.030974820256233215, 0.040854014456272125, 0.09345956891775131, 0.33293718099594116, 0.36313530802726746, 0.15494216978549957, 0.09659399837255478, 0.07355237007141113, 0.0547967366874218, 0.06446254998445511, 0.06433721631765366, 0.05022234842181206], "tonal.hpcp.stdev": [0.17648698389530182, 0.16792446374893188, 0.1428501009941101, 0.12681107223033905, 0.12441423535346985, 0.12663385272026062, 0.16241277754306793, 0.16979841887950897, 0.18698593974113464, 0.19110094010829926, 0.1779848337173462, 0.18668688833713531, 0.22727815806865692, 0.29148226976394653, 0.2632841169834137, 0.15049384534358978, 0.09816882759332657, 0.11277540773153305, 0.11286038905382156, 0.11443138867616653, 0.11084896326065063, 0.10840766131877899, 0.1032995730638504, 0.10767502337694168, 0.12046545743942261, 0.14545731246471405, 0.20189251005649567, 0.42296871542930603, 0.4320107400417328, 0.2786311209201813, 0.25398653745651245, 0.21487361192703247, 0.17576496303081512, 0.19075070321559906, 0.20119726657867432, 0.1636536419391632], "rhythm.beats_position": [0.4411791265010834, 0.847528338432312, 1.2538775205612183, 1.6718367338180542, 2.0897958278656006, 2.5077550411224365, 2.9257142543792725, 3.3320634365081787, 3.738412618637085, 4.156371593475342, 4.574330806732178, 4.992290019989014, 5.41024923324585, 5.804988384246826, 6.222947597503662, 6.640906810760498, 7.058866024017334, 7.47682523727417, 7.894784450531006, 8.312743186950684, 8.71909236907959, 9.125441551208496, 9.543400764465332, 9.961359977722168, 10.379319190979004, 10.79727840423584, 11.203627586364746, 11.609976768493652, 12.027935981750488, 12.434285163879395, 12.85224437713623, 13.258593559265137, 13.676552772521973, 14.094511985778809, 14.512471199035645, 14.93043041229248, 15.336779594421387, 15.743128776550293, 16.161088943481445, 16.57904815673828, 16.997007369995117, 17.414966583251953, 17.82131576538086, 18.227664947509766, 18.6456241607666, 19.063581466674805], "rhythm.bpm_histogram": [0.0, 0.0, 0.0, 0.0, 0.0, 0.0, 0.0, 0.0, 0.0, 0.0, 0.0, 0.0, 0.0, 0.0, 0.0, 0.0, 0.0, 0.0, 0.0, 0.0, 0.0, 0.0, 0.0, 0.0, 0.0, 0.0, 0.0, 0.0, 0.0, 0.0, 0.0, 0.0, 0.0, 0.0, 0.0, 0.0, 0.0, 0.0, 0.0, 0.0, 0.0, 0.0, 0.0, 0.0, 0.0, 0.0, 0.0, 0.0, 0.0, 0.0, 0.0, 0.0, 0.0, 0.0, 0.0, 0.0, 0.0, 0.0, 0.0, 0.0, 0.0, 0.0, 0.0, 0.0, 0.0, 0.0, 0.0, 0.0, 0.0, 0.0, 0.0, 0.0, 0.0, 0.0, 0.0, 0.0, 0.0, 0.0, 0.0, 0.0, 0.0, 0.0, 0.0, 0.0, 0.0, 0.0, 0.0, 0.0, 0.0, 0.0, 0.0, 0.0, 0.0, 0.0, 0.0, 0.0, 0.0, 0.0, 0.0, 0.0, 0.0, 0.0, 0.0, 0.0, 0.0, 0.0, 0.0, 0.0, 0.0, 0.0, 0.0, 0.0, 0.0, 0.0, 0.0, 0.0, 0.0, 0.0, 0.0, 0.0, 0.0, 0.0, 0.0, 0.0, 0.0, 0.0, 0.0, 0.0, 0.0, 0.0, 0.0, 0.0, 0.0, 0.0, 0.0, 0.0, 0.0, 0.0, 0.0, 0.0, 0.0, 0.0, 0.0, 0.0, 0.6666666865348816, 0.0, 0.0, 0.0, 0.31111112236976624, 0.0, 0.0, 0.0, 0.02222222276031971, 0.0, 0.0, 0.0, 0.0, 0.0, 0.0, 0.0, 0.0, 0.0, 0.0, 0.0, 0.0, 0.0, 0.0, 0.0, 0.0, 0.0, 0.0, 0.0, 0.0, 0.0, 0.0, 0.0, 0.0, 0.0, 0.0, 0.0, 0.0, 0.0, 0.0, 0.0, 0.0, 0.0, 0.0, 0.0, 0.0, 0.0, 0.0, 0.0, 0.0, 0.0, 0.0, 0.0, 0.0, 0.0, 0.0, 0.0, 0.0, 0.0, 0.0, 0.0, 0.0, 0.0, 0.0, 0.0, 0.0, 0.0, 0.0, 0.0, 0.0, 0.0, 0.0, 0.0, 0.0, 0.0, 0.0, 0.0, 0.0, 0.0, 0.0, 0.0, 0.0, 0.0, 0.0, 0.0, 0.0, 0.0, 0.0, 0.0, 0.0, 0.0, 0.0, 0.0, 0.0, 0.0, 0.0, 0.0, 0.0, 0.0, 0.0, 0.0, 0.0, 0.0, 0.0, 0.0, 0.0, 0.0], "tonal.chords_histogram": [18.203310012817383, 0.0, 14.420804023742676, 0.0, 0.0, 0.0, 0.0, 0.0, 0.0, 0.0, 0.0, 0.0, 0.0, 0.0, 0.0, 0.4728132486343384, 0.0, 65.48463439941406, 0.0, 0.2364066243171692, 0.0, 0.0, 1.1820330619812012, 0.0], "tonal.thpcp": [1.0, 0.4266788959503174, 0.26600003242492676, 0.20254811644554138, 0.15089894831180573, 0.1775166094303131, 0.1771714687347412, 0.1383020281791687, 0.14000919461250305, 0.12586094439029694, 0.09750725328922272, 0.08423424512147903, 0.07259175181388855, 0.078610859811306, 0.10500673949718475, 0.12076165527105331, 0.14510348439216614, 0.15558017790317535, 0.14598166942596436, 0.15896883606910706, 0.28236883878707886, 0.4822114408016205, 0.4243214726448059, 0.17367717623710632, 0.06952774524688721, 0.07515925914049149, 0.07437421381473541, 0.06746356934309006, 0.07013048231601715, 0.06159044802188873, 0.06093607470393181, 0.06608850508928299, 0.08529828488826752, 0.11250355839729309, 0.25736844539642334, 0.9168405532836914], "lowlevel.gfcc.cov": [[9948.7451171875, -4045.29833984375, -1569.8736572265625, 2429.079833984375, -1946.1856689453125, -292.1052551269531, -782.8936767578125, 1063.01025390625, -110.4255142211914, 281.6918029785156, -690.0382690429688, 134.02259826660156, -317.01763916015625], [-4045.29833984375, 4614.89453125, 667.2286376953125, -1773.7279052734375, 1493.3135986328125, -371.544189453125, 547.6276245117188, -614.7135009765625, 611.3030395507812, -324.7346496582031, 445.5782470703125, -300.0452575683594, 345.7084045410156], [-1569.8736572265625, 667.2286376953125, 1573.5848388671875, -72.99834442138672, 526.4853515625, 504.02362060546875, 466.12359619140625, -205.7659149169922, -97.27532196044922, 8.564269065856934, 228.48072814941406, 89.18429565429688, -83.65141296386719], [2429.079833984375, -1773.7279052734375, -72.99834442138672, 1693.8150634765625, -555.6762084960938, 166.4967041015625, -45.58518600463867, 319.70159912109375, -58.99016189575195, 91.9205093383789, -69.06591796875, 89.49107360839844, -99.64288330078125], [-1946.1856689453125, 1493.3135986328125, 526.4853515625, -555.6762084960938, 1189.3582763671875, 84.32984161376953, 298.01873779296875, -115.65172576904297, 195.7906494140625, -25.941320419311523, 226.0751190185547, -60.68974304199219, 62.8426513671875], [-292.1052551269531, -371.544189453125, 504.02362060546875, 166.4967041015625, 84.32984161376953, 524.8012084960938, 270.4124450683594, 1.5393611192703247, -123.1241226196289, 70.29804229736328, 47.7442741394043, 32.83483123779297, -63.03265380859375], [-782.8936767578125, 547.6276245117188, 466.12359619140625, -45.58518600463867, 298.01873779296875, 270.4124450683594, 545.9586181640625, -27.243928909301758, 35.124080657958984, -55.79650115966797, 115.85785675048828, -43.1649169921875, 9.667594909667969], [1063.01025390625, -614.7135009765625, -205.7659149169922, 319.70159912109375, -115.65172576904297, 1.5393611192703247, -27.243928909301758, 330.60601806640625, 11.703374862670898, 47.8328857421875, -97.40486907958984, 18.134218215942383, -58.78434371948242], [-110.4255142211914, 611.3030395507812, -97.27532196044922, -58.99016189575195, 195.7906494140625, -123.1241226196289, 35.124080657958984, 11.703374862670898, 307.70257568359375, 0.6741809844970703, 54.34115982055664, -101.7545394897461, 71.13668823242188], [281.6918029785156, -324.7346496582031, 8.564269065856934, 91.9205093383789, -25.941320419311523, 70.29804229736328, -55.79650115966797, 47.8328857421875, 0.6741809844970703, 151.30618286132812, -10.378448486328125, 4.978426456451416, -42.510616302490234], [-690.0382690429688, 445.5782470703125, 228.48072814941406, -69.06591796875, 226.0751190185547, 47.7442741394043, 115.85785675048828, -97.40486907958984, 54.34115982055664, -10.378448486328125, 192.52064514160156, 8.474634170532227, 53.13962936401367], [134.02259826660156, -300.0452575683594, 89.18429565429688, 89.49107360839844, -60.68974304199219, 32.83483123779297, -43.1649169921875, 18.134218215942383, -101.7545394897461, 4.978426456451416, 8.474634170532227, 153.8336639404297, -8.261638641357422], [-317.01763916015625, 345.7084045410156, -83.65141296386719, -99.64288330078125, 62.8426513671875, -63.03265380859375, 9.667594909667969, -58.78434371948242, 71.13668823242188, -42.510616302490234, 53.13962936401367, -8.261638641357422, 131.82723999023438]], "lowlevel.gfcc.icov": [[0.0003271204768680036, -0.00019207342120353132, 0.00014258341980166733, -0.00036988218198530376, 0.0003179380437359214, -4.5164757466409355e-05, 0.0001693057274678722, -0.0005778311751782894, 9.152458915195893e-06, -0.0003483765758574009, 0.00045503274304792285, -0.00026586122112348676, 0.0003406497125979513], [-0.00019207342120353132, 0.002295425161719322, -0.0009107754449360073, 0.001376096741296351, -0.001071403967216611, 0.001781497965566814, -0.001205123495310545, 0.0016511649591848254, -0.002159173833206296, 0.0019820930901914835, -0.0009748819866217673, 0.001514874049462378, -0.0015398598043248057], [0.00014258341980166733, -0.0009107754449360073, 0.001971624558791518, -0.0006736231734976172, 6.741748075000942e-05, -0.001573672634549439, -0.00010746791667770594, 0.00025591219309717417, 0.0006083855987526476, -0.0006257097702473402, -0.00020502660481724888, -0.0017948024906218052, 0.0022507784888148308], [-0.00036988218198530376, 0.001376096741296351, -0.0006736231734976172, 0.001991961384192109, -0.0002955638919956982, 0.0006234374595806003, -0.0006711854366585612, 0.0004772140528075397, -0.0015139533206820488, 0.0013830537209287286, -0.001462731626816094, 0.0007340720621868968, -0.0008204219629988074], [0.0003179380437359214, -0.001071403967216611, 6.741748075000942e-05, -0.0002955638919956982, 0.002295512706041336, -0.000767428136896342, 0.0004050300922244787, -0.0016281064599752426, 9.586655505700037e-05, -0.0010504669044166803, -0.0004479387716855854, -0.0006871750811114907, 0.0009237282793037593], [-4.5164757466409355e-05, 0.001781497965566814, -0.001573672634549439, 0.0006234374595806003, -0.000767428136896342, 0.0059956456534564495, -0.0028822077438235283, 0.0010408294619992375, 0.00024280024808831513, -0.0012499811127781868, -0.0002509928890503943, 0.001671891426667571, -0.001727850642055273], [0.0001693057274678722, -0.001205123495310545, -0.00010746791667770594, -0.0006711854366585612, 0.0004050300922244787, -0.0028822077438235283, 0.004704243969172239, -0.002000457840040326, 0.0006306672585196793, 0.0013829171657562256, -0.0006175850867293775, 0.000723278324585408, 0.000583670218475163], [-0.0005778311751782894, 0.0016511649591848254, 0.00025591219309717417, 0.0004772140528075397, -0.0016281064599752426, 0.0010408294619992375, -0.002000457840040326, 0.007380379363894463, -0.0024944995529949665, 0.0007616229704581201, 0.0011809339048340917, -0.0007060648058541119, 0.0005864125560037792], [9.152458915195893e-06, -0.002159173833206296, 0.0006083855987526476, -0.0015139533206820488, 9.586655505700037e-05, 0.00024280024808831513, 0.0006306672585196793, -0.0024944995529949665, 0.00886519905179739, -0.003486270783469081, -0.0003734744095709175, 0.0026689351070672274, -0.0017524404684081674], [-0.0003483765758574009, 0.0019820930901914835, -0.0006257097702473402, 0.0013830537209287286, -0.0010504669044166803, -0.0012499811127781868, 0.0013829171657562256, 0.0007616229704581201, -0.003486270783469081, 0.011579077690839767, -0.0023407433182001114, 0.0014017168432474136, 0.0014005518751218915], [0.00045503274304792285, -0.0009748819866217673, -0.00020502660481724888, -0.001462731626816094, -0.0004479387716855854, -0.0002509928890503943, -0.0006175850867293775, 0.0011809339048340917, -0.0003734744095709175, -0.0023407433182001114, 0.011029050685465336, -0.0026545936707407236, -0.002084948355332017], [-0.00026586122112348676, 0.001514874049462378, -0.0017948024906218052, 0.0007340720621868968, -0.0006871750811114907, 0.001671891426667571, 0.000723278324585408, -0.0007060648058541119, 0.0026689351070672274, 0.0014017168432474136, -0.0026545936707407236, 0.011630075052380562, -0.003626216435804963], [0.0003406497125979513, -0.0015398598043248057, 0.0022507784888148308, -0.0008204219629988074, 0.0009237282793037593, -0.001727850642055273, 0.000583670218475163, 0.0005864125560037792, -0.0017524404684081674, 0.0014005518751218915, -0.002084948355332017, -0.003626216435804963, 0.014213835820555687]], "lowlevel.mfcc.cov": [[11720.0771484375, -5794.69287109375, -659.5639038085938, 1438.814208984375, -856.0943603515625, -1141.9912109375, -936.9904174804688, -3.9028782844543457, 306.3707275390625, 142.65936279296875, -33.87638473510742, -102.91694641113281, -326.88763427734375], [-5794.69287109375, 5949.212890625, -353.19573974609375, -986.1083374023438, 581.9954833984375, 288.4857482910156, 154.55923461914062, -73.88825988769531, 42.375999450683594, 4.438480854034424, 51.92677307128906, 85.84493255615234, 50.884239196777344], [-659.5639038085938, -353.19573974609375, 1220.1400146484375, 141.3062286376953, -64.11734771728516, 455.37445068359375, 336.7791442871094, 184.09898376464844, -113.48946380615234, -22.278785705566406, 64.66935729980469, 15.574600219726562, 141.82205200195312], [1438.814208984375, -986.1083374023438, 141.3062286376953, 812.45654296875, 56.669498443603516, -22.357343673706055, -13.651261329650879, 140.78346252441406, 52.20117950439453, 47.7867546081543, 28.909862518310547, 45.59498596191406, 79.01704406738281], [-856.0943603515625, 581.9954833984375, -64.11734771728516, 56.669498443603516, 539.8336181640625, 125.79373168945312, 65.88519287109375, 9.578652381896973, -10.0465087890625, 81.7640151977539, 31.12165641784668, 53.80911636352539, 100.76905059814453], [-1141.9912109375, 288.4857482910156, 455.37445068359375, -22.357343673706055, 125.79373168945312, 508.1610412597656, 321.7701416015625, 92.0039291381836, -23.59451675415039, 40.4248046875, 90.1137466430664, 46.844844818115234, 70.64704132080078], [-936.9904174804688, 154.55923461914062, 336.7791442871094, -13.651261329650879, 65.88519287109375, 321.7701416015625, 477.4836120605469, 187.41226196289062, 10.712908744812012, 37.55823516845703, 85.83209228515625, 42.501712799072266, 51.17969512939453], [-3.9028782844543457, -73.88825988769531, 184.09898376464844, 140.78346252441406, 9.578652381896973, 92.0039291381836, 187.41226196289062, 253.8502197265625, 67.23074340820312, 18.596752166748047, 48.48597717285156, 20.977664947509766, 34.66926574707031], [306.3707275390625, 42.375999450683594, -113.48946380615234, 52.20117950439453, -10.0465087890625, -23.59451675415039, 10.712908744812012, 67.23074340820312, 202.6261749267578, 75.77696990966797, 38.38552474975586, 43.9193000793457, -30.066909790039062], [142.65936279296875, 4.438480854034424, -22.278785705566406, 47.7867546081543, 81.7640151977539, 40.4248046875, 37.55823516845703, 18.596752166748047, 75.77696990966797, 188.6546173095703, 97.08624267578125, 25.752233505249023, -8.555397987365723], [-33.87638473510742, 51.92677307128906, 64.66935729980469, 28.909862518310547, 31.12165641784668, 90.1137466430664, 85.83209228515625, 48.48597717285156, 38.38552474975586, 97.08624267578125, 127.10474395751953, 36.468421936035156, -4.592274188995361], [-102.91694641113281, 85.84493255615234, 15.574600219726562, 45.59498596191406, 53.80911636352539, 46.844844818115234, 42.501712799072266, 20.977664947509766, 43.9193000793457, 25.752233505249023, 36.468421936035156, 102.10921478271484, 38.75897216796875], [-326.88763427734375, 50.884239196777344, 141.82205200195312, 79.01704406738281, 100.76905059814453, 70.64704132080078, 51.17969512939453, 34.66926574707031, -30.066909790039062, -8.555397987365723, -4.592274188995361, 38.75897216796875, 137.52130126953125]], "lowlevel.mfcc.icov": [[0.0003196524630766362, 0.00022972629813011736, 2.9615353923873045e-05, -0.000271846103714779, 0.000141102253110148, 0.00028530150302685797, 0.00037653176696039736, -0.00012573871936183423, -0.0002276118320878595, -0.00014033031766302884, -0.00020681225578300655, -2.9169985282351263e-05, 0.000384901009965688], [0.00022972629813011736, 0.00043583501246757805, 9.786907321540639e-05, 0.0001735114201437682, -0.0001938976492965594, 7.342786557273939e-05, 0.0003441815497353673, -0.0001820797479012981, -0.00032636240939609706, 0.00012718388461507857, -0.00033913241350091994, -9.536226571071893e-05, 0.0001584499259479344], [2.9615353923873045e-05, 9.786907321540639e-05, 0.0018157768063247204, -0.00013993147877044976, 0.0007801206083968282, -0.0014986037276685238, 8.965095912571996e-05, -0.0008369797724299133, 0.0009511219104751945, -0.00016172118193935603, -8.607551717432216e-05, 0.00028798828134313226, -0.0012682686792686582], [-0.000271846103714779, 0.0001735114201437682, -0.00013993147877044976, 0.0023295870050787926, -0.0006067677168175578, -0.0001669680350460112, 0.0003915468114428222, -0.00114363559987396, -2.7475791284814477e-05, -2.6236693884129636e-05, -2.2183372493600473e-05, -0.0005301001365296543, -0.001090603182092309], [0.000141102253110148, -0.0001938976492965594, 0.0007801206083968282, -0.0006067677168175578, 0.0032613794319331646, -0.000859816384036094, 0.0001971076853806153, -0.00024705668329261243, 0.000960261095315218, -0.001975324237719178, 0.0009220174397341907, -0.00047594995703548193, -0.001755900913849473], [0.00028530150302685797, 7.342786557273939e-05, -0.0014986037276685238, -0.0001669680350460112, -0.000859816384036094, 0.00553153408691287, -0.002263118512928486, 0.0013736286200582981, -0.0006744572310708463, 0.0004673800722230226, -0.0019395267590880394, -0.0002019264065893367, 0.00045049298205412924], [0.00037653176696039736, 0.0003441815497353673, 8.965095912571996e-05, 0.0003915468114428222, 0.0001971076853806153, -0.002263118512928486, 0.005732865072786808, -0.0035835516173392534, 0.0005289174732752144, -0.0005231400718912482, -0.0006033320678398013, -0.0009052667883224785, 0.0005563768791034818], [-0.00012573871936183423, -0.0001820797479012981, -0.0008369797724299133, -0.00114363559987396, -0.00024705668329261243, 0.0013736286200582981, -0.0035835516173392534, 0.008496547117829323, -0.0034987570252269506, 0.002219337271526456, -0.0023294875863939524, 0.002208402846008539, -0.00137129460927099], [-0.0002276118320878595, -0.00032636240939609706, 0.0009511219104751945, -2.7475791284814477e-05, 0.000960261095315218, -0.0006744572310708463, 0.0005289174732752144, -0.0034987570252269506, 0.009292705915868282, -0.00401277793571353, 0.0024136111605912447, -0.004410308785736561, 0.002048355992883444], [-0.00014033031766302884, 0.00012718388461507857, -0.00016172118193935603, -2.6236693884129636e-05, -0.001975324237719178, 0.0004673800722230226, -0.0005231400718912482, 0.002219337271526456, -0.00401277793571353, 0.011882144957780838, -0.008936895057559013, 0.0024845993611961603, -0.0004930712748318911], [-0.00020681225578300655, -0.00033913241350091994, -8.607551717432216e-05, -2.2183372493600473e-05, 0.0009220174397341907, -0.0019395267590880394, -0.0006033320678398013, -0.0023294875863939524, 0.0024136111605912447, -0.008936895057559013, 0.018114736303687096, -0.0051162997260689735, 0.002886570058763027], [-2.9169985282351263e-05, -9.536226571071893e-05, 0.00028798828134313226, -0.0005301001365296543, -0.00047594995703548193, -0.0002019264065893367, -0.0009052667883224785, 0.002208402846008539, -0.004410308785736561, 0.0024845993611961603, -0.0051162997260689735, 0.015335749834775925, -0.005096562206745148], [0.000384901009965688, 0.0001584499259479344, -0.0012682686792686582, -0.001090603182092309, -0.001755900913849473, 0.00045049298205412924, 0.0005563768791034818, -0.00137129460927099, 0.002048355992883444, -0.0004930712748318911, 0.002886570058763027, -0.005096562206745148, 0.013206283561885357]], "metadata.audio_properties.analysis.downmix": "mix", "metadata.audio_properties.codec": "mp3", "metadata.audio_properties.md5_encoded": "a2c830a4880289123bcad1298aff1fe2", "metadata.tags.file_name": "1182269527304708146.mp3", "metadata.version.essentia": "2.1-beta6-dev", "metadata.version.essentia_git_sha": "v2.1_beta5-1110-g77a6a954", "metadata.version.extractor": "music 2.0", "tonal.chords_key": "F#", "tonal.chords_scale": "minor", "tonal.key_edma.key": "F#", "tonal.key_edma.scale": "major", "tonal.key_krumhansl.key": "F#", "tonal.key_krumhansl.scale": "major", "tonal.key_temperley.key": "F#", "tonal.key_temperley.scale": "major", "metadata.tags.encoding": ["Lavf58.45.100"]}, "essentia_models": [{"model_name": "genre_dortmund", "activations": {"alternative": "0.0067581013", "blues": "0.00031276376", "electronic": "0.031174883", "folkcountry": "0.00031895938", "funksoulrnb": "0.004034133", "jazz": "0.0012998579", "pop": "0.002148269", "raphiphop": "0.97058916", "rock": "0.005367253"}}, {"model_name": "genre_rosamerica", "activ