{"song_id": "1182267419801178192", "download": "https://cdn.discordapp.com/attachments/1135911532732108921/1182267419801178192/chirp.mp4?ex=65841356&amp", "lyrics": "[Verse]\nElisa's feeling dizzy, spinning round and round\nHer head is in a whirlwind, dizzy feelings confound\nBut we'll dance through the chaos, together by her side\nSending love and healing vibes, in this wild dance ride\n\n[Chorus]\nElisa, get better quick, we're supporting you\nWe'll dance our way to healing, with every move we groove\nThe beat will lift your spirits, make those dizziness fade away\nElisa, we're here for you, dancing through the pain", "style": ["dance"], "essentia_features": {"lowlevel.average_loudness": 0.9840223789215088, "lowlevel.barkbands_crest.mean": 17.00244140625, "lowlevel.barkbands_crest.stdev": 5.448896884918213, "lowlevel.barkbands_flatness_db.mean": 0.19380152225494385, "lowlevel.barkbands_flatness_db.stdev": 0.07797625660896301, "lowlevel.barkbands_kurtosis.mean": 26.569923400878906, "lowlevel.barkbands_kurtosis.stdev": 55.123233795166016, "lowlevel.barkbands_skewness.mean": 3.5854244232177734, "lowlevel.barkbands_skewness.stdev": 3.00154709815979, "lowlevel.barkbands_spread.mean": 24.995922088623047, "lowlevel.barkbands_spread.stdev": 25.132410049438477, "lowlevel.dissonance.mean": 0.459491491317749, "lowlevel.dissonance.stdev": 0.027422817423939705, "lowlevel.dynamic_complexity": 1.7886146306991577, "lowlevel.erbbands_crest.mean": 9.548779487609863, "lowlevel.erbbands_crest.stdev": 4.354797840118408, "lowlevel.erbbands_flatness_db.mean": 0.12583665549755096, "lowlevel.erbbands_flatness_db.stdev": 0.03600141778588295, "lowlevel.erbbands_kurtosis.mean": 0.6029937267303467, "lowlevel.erbbands_kurtosis.stdev": 2.5782158374786377, "lowlevel.erbbands_skewness.mean": 0.3671453595161438, "lowlevel.erbbands_skewness.stdev": 0.9942671060562134, "lowlevel.erbbands_spread.mean": 59.672420501708984, "lowlevel.erbbands_spread.stdev": 27.985397338867188, "lowlevel.hfc.mean": 26.815725326538086, "lowlevel.hfc.stdev": 25.422170639038086, "lowlevel.loudness_ebu128.integrated": -14.026826858520508, "lowlevel.loudness_ebu128.loudness_range": 0.9950084686279297, "lowlevel.loudness_ebu128.momentary.mean": -14.090864181518555, "lowlevel.loudness_ebu128.momentary.stdev": 0.7637751698493958, "lowlevel.loudness_ebu128.short_term.mean": -14.067317008972168, "lowlevel.loudness_ebu128.short_term.stdev": 0.3172462582588196, "lowlevel.melbands_crest.mean": 22.28708839416504, "lowlevel.melbands_crest.stdev": 6.259520530700684, "lowlevel.melbands_flatness_db.mean": 0.26984429359436035, "lowlevel.melbands_flatness_db.stdev": 0.0938648208975792, "lowlevel.melbands_kurtosis.mean": 67.70819091796875, "lowlevel.melbands_kurtosis.stdev": 95.43345642089844, "lowlevel.melbands_skewness.mean": 5.71506404876709, "lowlevel.melbands_skewness.stdev": 3.4668757915496826, "lowlevel.melbands_spread.mean": 16.47517204284668, "lowlevel.melbands_spread.stdev": 19.98086166381836, "lowlevel.pitch_salience.mean": 0.36863216757774353, "lowlevel.pitch_salience.stdev": 0.16548581421375275, "lowlevel.silence_rate_20dB.mean": 1.0, "lowlevel.silence_rate_20dB.stdev": 0.0, "lowlevel.silence_rate_30dB.mean": 0.8756789565086365, "lowlevel.silence_rate_30dB.stdev": 0.3299490809440613, "lowlevel.silence_rate_60dB.mean": 0.0012070005759596825, "lowlevel.silence_rate_60dB.stdev": 0.034720562398433685, "lowlevel.spectral_centroid.mean": 1306.4822998046875, "lowlevel.spectral_centroid.stdev": 835.4219970703125, "lowlevel.spectral_complexity.mean": 12.787568092346191, "lowlevel.spectral_complexity.stdev": 7.016366481781006, "lowlevel.spectral_decrease.mean": -1.377861824636284e-08, "lowlevel.spectral_decrease.stdev": 9.28066068439648e-09, "lowlevel.spectral_energy.mean": 0.05443594232201576, "lowlevel.spectral_energy.stdev": 0.03482355177402496, "lowlevel.spectral_energyband_high.mean": 0.001837635994888842, "lowlevel.spectral_energyband_high.stdev": 0.002824239432811737, "lowlevel.spectral_energyband_low.mean": 0.03865087032318115, "lowlevel.spectral_energyband_low.stdev": 0.035562530159950256, "lowlevel.spectral_energyband_middle_high.mean": 0.0030085714533925056, "lowlevel.spectral_energyband_middle_high.stdev": 0.0034662862308323383, "lowlevel.spectral_energyband_middle_low.mean": 0.01319601759314537, "lowlevel.spectral_energyband_middle_low.stdev": 0.019508935511112213, "lowlevel.spectral_entropy.mean": 7.689114093780518, "lowlevel.spectral_entropy.stdev": 0.5545639395713806, "lowlevel.spectral_flux.mean": 0.12165367603302002, "lowlevel.spectral_flux.stdev": 0.08419793844223022, "lowlevel.spectral_kurtosis.mean": 2.6520090103149414, "lowlevel.spectral_kurtosis.stdev": 2.3931961059570312, "lowlevel.spectral_rms.mean": 0.006919542793184519, "lowlevel.spectral_rms.stdev": 0.0022865168284624815, "lowlevel.spectral_rolloff.mean": 1383.46728515625, "lowlevel.spectral_rolloff.stdev": 2394.3359375, "lowlevel.spectral_skewness.mean": 1.370108962059021, "lowlevel.spectral_skewness.stdev": 0.5398415327072144, "lowlevel.spectral_spread.mean": 6847772.5, "lowlevel.spectral_spread.stdev": 2469973.75, "lowlevel.spectral_strongpeak.mean": 0.6042014956474304, "lowlevel.spectral_strongpeak.stdev": 0.5394086837768555, "lowlevel.zerocrossingrate.mean": 0.05797433853149414, "lowlevel.zerocrossingrate.stdev": 0.05707048624753952, "metadata.audio_properties.analysis.equal_loudness": 0.0, "metadata.audio_properties.analysis.length": 38.44265365600586, "metadata.audio_properties.analysis.sample_rate": 44100.0, "metadata.audio_properties.analysis.start_time": 0.0, "metadata.audio_properties.bit_rate": 120374.0, "metadata.audio_properties.length": 38.442665100097656, "metadata.audio_properties.lossless": 0.0, "metadata.audio_properties.number_channels": 1.0, "metadata.audio_properties.replay_gain": -11.480993270874023, "metadata.audio_properties.sample_rate": 48000.0, "rhythm.beats_count": 82.0, "rhythm.beats_loudness.mean": 0.03599031642079353, "rhythm.beats_loudness.stdev": 0.021585620939731598, "rhythm.bpm": 129.77987670898438, "rhythm.bpm_histogram_first_peak_bpm": 129.0, "rhythm.bpm_histogram_first_peak_weight": 0.25333333015441895, "rhythm.bpm_histogram_second_peak_bpm": 117.0, "rhythm.bpm_histogram_second_peak_spread": 0.5, "rhythm.bpm_histogram_second_peak_weight": 0.02469135820865631, "rhythm.danceability": 2.4625062942504883, "rhythm.onset_rate": 4.8097100257873535, "tonal.chords_changes_rate": 0.08202654123306274, "tonal.chords_number_rate": 0.009650181047618389, "tonal.chords_strength.mean": 0.5627802610397339, "tonal.chords_strength.stdev": 0.06385866552591324, "tonal.hpcp_crest.mean": 14.411337852478027, "tonal.hpcp_crest.stdev": 6.3419189453125, "tonal.hpcp_entropy.mean": 1.8429579734802246, "tonal.hpcp_entropy.stdev": 0.7155506610870361, "tonal.key_edma.strength": 0.6309386491775513, "tonal.key_krumhansl.strength": 0.6066346168518066, "tonal.key_temperley.strength": 0.6044734120368958, "tonal.tuning_diatonic_strength": 0.6717292666435242, "tonal.tuning_equal_tempered_deviation": 0.13553772866725922, "tonal.tuning_frequency": 440.5086364746094, "tonal.tuning_nontempered_energy_ratio": 0.7786362171173096, "lowlevel.barkbands.mean": [0.0005455310456454754, 0.029587123543024063, 0.006512547377496958, 0.0036259437911212444, 0.004868534859269857, 0.0020958755630999804, 0.0010097564663738012, 0.00042634716373868287, 0.000656606222037226, 0.0009630543645471334, 0.0002482261916156858, 0.00043558923061937094, 0.00012771374895237386, 0.00016452193085569888, 0.0003345870936755091, 0.0002696964656934142, 0.0002732762659434229, 0.00016742917068768293, 0.00018522983009461313, 0.00020184185996185988, 0.00016238808166235685, 0.00021422815916594118, 0.00021904533787164837, 0.0005830812733620405, 0.00042247274541296065, 0.00013200478861108422, 3.3246969906031154e-06], "lowlevel.barkbands.stdev": [0.0007515005418099463, 0.02882426232099533, 0.018970515578985214, 0.011900515295565128, 0.010791133157908916, 0.003119831904768944, 0.0017478879308328032, 0.000859400606714189, 0.001812018803320825, 0.002071194816380739, 0.0005429324228316545, 0.0010295916581526399, 0.0004199901595711708, 0.00038641405990347266, 0.0010026278905570507, 0.0006580917979590595, 0.0006086223875172436, 0.0002866215945687145, 0.00024441181449219584, 0.0002576152910478413, 0.00022718764375895262, 0.00035622730501927435, 0.0003890669613610953, 0.0011754923034459352, 0.0008697424200363457, 0.00026205668109469116, 1.0452751666889526e-05], "lowlevel.erbbands.mean": [0.909467875957489, 6.355910778045654, 8.41012191772461, 10.734116554260254, 14.73426628112793, 16.121580123901367, 12.035996437072754, 18.31046485900879, 21.759639739990234, 9.714699745178223, 7.779857158660889, 15.888568878173828, 35.16780471801758, 12.036593437194824, 13.318470001220703, 18.698047637939453, 7.006071090698242, 8.126198768615723, 10.678384780883789, 22.288593292236328, 14.319668769836426, 14.777393341064453, 9.353096961975098, 9.408696174621582, 9.282391548156738, 9.574135780334473, 7.561485290527344, 6.214759349822998, 8.361846923828125, 6.261244773864746, 6.346688747406006, 9.98156452178955, 10.56307601928711, 6.184745788574219, 2.1250081062316895, 0.7221794724464417, 0.20601175725460052, 0.029878202825784683, 0.0006324900314211845, 8.986808825284243e-05], "lowlevel.erbbands.stdev": [0.9603113532066345, 6.75330114364624, 19.372465133666992, 31.970062255859375, 34.32060623168945, 37.83477020263672, 28.963180541992188, 27.0682373046875, 33.789825439453125, 17.353755950927734, 18.058881759643555, 43.273338317871094, 69.79773712158203, 24.895414352416992, 27.840049743652344, 46.69593811035156, 17.502788543701172, 15.565725326538086, 28.179723739624023, 63.18385696411133, 26.60977554321289, 32.203983306884766, 16.068593978881836, 12.062121391296387, 13.202826499938965, 12.264284133911133, 10.505980491638184, 8.919903755187988, 14.203871726989746, 10.832509994506836, 11.36574935913086, 18.71872901916504, 22.742162704467773, 12.886298179626465, 4.506511211395264, 1.4883484840393066, 0.41438889503479004, 0.06472508609294891, 0.0012793752830475569, 5.982111906632781e-05], "lowlevel.gfcc.mean": [13.319901466369629, 71.38286590576172, -77.34010314941406, 44.255008697509766, -54.10869598388672, 28.3425235748291, -36.85124969482422, 26.19737434387207, -20.58629035949707, 10.976399421691895, -6.82399320602417, 6.583572864532471, 1.9416146278381348], "lowlevel.melbands.mean": [0.008333440870046616, 0.005664031021296978, 0.001957677071914077, 0.0011221016757190228, 0.00048140279250219464, 0.00042970714275725186, 0.00030313810566440225, 9.94720685412176e-05, 5.846872227266431e-05, 0.00010913715959759429, 0.00017776315507944673, 5.1501923735486344e-05, 3.633709638961591e-05, 4.974964031134732e-05, 3.371240381966345e-05, 1.11385552372667e-05, 1.5758972949697636e-05, 1.5995216017472558e-05, 2.2897980670677498e-05, 2.9864973839721642e-05, 1.4644417206000071e-05, 1.7433783796150237e-05, 9.824077096709516e-06, 6.841150479885982e-06, 7.706807991780806e-06, 6.685057542199502e-06, 6.756178663636092e-06, 6.153151389298728e-06, 5.091613729746314e-06, 3.7499441987165483e-06, 3.4471179333195323e-06, 4.928899670630926e-06, 3.882929377141409e-06, 3.3899852951435605e-06, 3.256261834394536e-06, 4.380172867968213e-06, 6.959501661185641e-06, 8.099959813989699e-06, 6.367205060087144e-06, 4.806048309546895e-06], "lowlevel.melbands.stdev": [0.008059807121753693, 0.008208046667277813, 0.0050244079902768135, 0.0025737322866916656, 0.001047495985403657, 0.0006062506581656635, 0.00046151733840815723, 0.00018588572856970131, 0.00014447186549659818, 0.00030823121778666973, 0.0003567543171811849, 0.0001288647181354463, 7.75576991145499e-05, 0.00010318237036699429, 0.00010308548371540383, 4.034721860080026e-05, 3.296923387097195e-05, 4.5821954699931666e-05, 6.76091221976094e-05, 7.345268386416137e-05, 3.060619201278314e-05, 4.190282561467029e-05, 1.946892916748766e-05, 1.0481641766091343e-05, 1.058642828866141e-05, 1.0172386282647494e-05, 9.033580681716558e-06, 8.221911230066326e-06, 7.47791364119621e-06, 5.4964084483799525e-06, 5.160087766853394e-06, 8.577435437473468e-06, 6.701351594529115e-06, 6.266116997721838e-06, 6.185785423440393e-06, 7.925780664663762e-06, 1.3865170330973342e-05, 1.827213418437168e-05, 1.3399392628343776e-05, 1.0255117558699567e-05], "lowlevel.melbands128.mean": [0.000504214025568217, 0.006477333605289459, 0.01300019957125187, 0.009525737725198269, 0.004949066787958145, 0.0030193927232176065, 0.002213899977505207, 0.001677715452387929, 0.0015145214274525642, 0.0011500747641548514, 0.0008758526528254151, 0.0006361386622302234, 0.00039699985063634813, 0.000251696037594229, 0.00031050710822455585, 0.0006459155702032149, 0.0005564226303249598, 0.00016984851390589029, 9.261081868316978e-05, 0.00010556076449574903, 0.00010834663407877088, 5.90230047237128e-05, 5.898301242268644e-05, 4.189389437669888e-05, 8.53232922963798e-05, 0.00014771065616514534, 0.0001385357609251514, 0.00023789869737811387, 0.00015934885595925152, 5.129410055815242e-05, 2.336402212677058e-05, 1.986306051549036e-05, 2.9813305445713922e-05, 6.336924707284197e-05, 3.154251680825837e-05, 5.617768329102546e-05, 6.121887417975813e-05, 3.750302494154312e-05, 1.2915999832330272e-05, 9.199955457006581e-06, 1.2948310541105457e-05, 1.0051448953163344e-05, 1.577085095050279e-05, 1.926736149471253e-05, 1.445238922315184e-05, 1.5589135728077963e-05, 1.8975462808157317e-05, 9.625405255064834e-06, 3.495245618978515e-05, 3.74915762222372e-05, 3.145473965560086e-05, 2.0677045540651307e-05, 8.001837159099523e-06, 1.4830491636530496e-05, 2.2131442165118642e-05, 2.0208319256198592e-05, 1.1220659871469252e-05, 8.33094964036718e-06, 1.169748338725185e-05, 8.0192667155643e-06, 5.685285486833891e-06, 5.669352049153531e-06, 9.522688742436003e-06, 8.15973362477962e-06, 5.500825409399113e-06, 6.468619631050387e-06, 8.05225772637641e-06, 5.1555880418163724e-06, 6.874003702250775e-06, 8.549583071726374e-06, 5.368536676542135e-06, 5.521980710909702e-06, 6.035615115251858e-06, 4.959057150699664e-06, 4.132203230255982e-06, 3.6853978144790744e-06, 3.832783932011807e-06, 3.2412192467745626e-06, 3.391972313693259e-06, 3.249042492825538e-06, 5.021500328439288e-06, 6.045913323760033e-06, 4.2376768760732375e-06, 3.815525815298315e-06, 3.3325416097795824e-06, 3.14186445393716e-06, 3.791041308431886e-06, 3.045261792067322e-06, 2.7714443149307044e-06, 3.6555388760461938e-06, 4.4910934775543865e-06, 4.007618372270372e-06, 5.199643510422902e-06, 6.845034477009904e-06, 7.870960871514399e-06, 9.667701306170784e-06, 8.028437150642276e-06, 5.915278052270878e-06, 6.678624231426511e-06, 6.785161986044841e-06, 5.156795850780327e-06, 4.805293883691775e-06, 3.7746945054095704e-06, 3.2137993457581615e-06, 1.932075747390627e-06, 1.7287831042267499e-06, 1.5626566209903103e-06, 1.7285840385738993e-06, 1.267856873710116e-06, 8.006405209926015e-07, 6.950501756364247e-07, 6.832025860603608e-07, 6.872191988804843e-07, 5.87195700063603e-07, 4.672486966228462e-07, 3.7653686035810097e-07, 1.3644961427417002e-07, 1.8968522308426827e-09, 9.455882257758397e-12, 1.2820048841954979e-11, 1.1153507804839702e-11, 7.338447557958538e-12, 7.122424611899492e-12, 6.975723818025692e-12, 6.825537531007786e-12, 6.6661038668203165e-12, 6.567807495777567e-12, 6.52215260965594e-12], "lowlevel.melbands128.stdev": [0.0007376765715889633, 0.007988701574504375, 0.013324146158993244, 0.012184067629277706, 0.011043417267501354, 0.00914742611348629, 0.007478255312889814, 0.005358885508030653, 0.003690372221171856, 0.0031005316413939, 0.002227372257038951, 0.001400270382873714, 0.0012489205691963434, 0.0007055222522467375, 0.0006944301421754062, 0.0010307379998266697, 0.0009741654503159225, 0.00040647853165864944, 0.00035076990025117993, 0.00021452076907735318, 0.0002328798291273415, 0.00017052545445039868, 0.00021501131413970143, 0.00012239594070706517, 0.0002964406739920378, 0.0005946873570792377, 0.00037427188362926245, 0.0005646711797453463, 0.0005355605971999466, 0.00016079426859505475, 8.095754310488701e-05, 5.77767459617462e-05, 7.300487050088122e-05, 0.00018569342500995845, 8.774214802542701e-05, 0.00017226343334186822, 0.0002017911901930347, 0.000168885278981179, 5.388857607613318e-05, 3.227942215744406e-05, 7.339409057749435e-05, 3.3469183108536527e-05, 3.8435209717135876e-05, 5.431918543763459e-05, 6.609947013203055e-05, 6.790459883632138e-05, 8.603966853115708e-05, 3.3568670914974064e-05, 0.00015116794384084642, 0.00013430956460069865, 0.0001114936894737184, 7.029117841739208e-05, 2.3870676159276627e-05, 5.374611646402627e-05, 6.819679401814938e-05, 6.699244113406166e-05, 4.181173426331952e-05, 1.989397242141422e-05, 3.3406038710381836e-05, 1.7265865608351305e-05, 1.2378902283671778e-05, 1.0066782124340534e-05, 1.6401789252995513e-05, 1.520218029327225e-05, 9.654275345383212e-06, 1.116002840717556e-05, 1.8414850273984484e-05, 8.938620339904446e-06, 1.0816291251103394e-05, 1.3898861652705818e-05, 9.063694960786961e-06, 9.708324796520174e-06, 1.0641912012943067e-05, 8.458416232315358e-06, 6.751013643224724e-06, 6.127898359409301e-06, 6.471502729255008e-06, 5.143534053786425e-06, 5.501278337760596e-06, 5.8087912293558475e-06, 9.425324606127106e-06, 1.236624757439131e-05, 7.661812560399994e-06, 7.24796564099961e-06, 6.317507541098166e-06, 6.2160561355995014e-06, 7.845961590646766e-06, 6.689861947961617e-06, 5.80215964873787e-06, 7.6112241913506296e-06, 8.989083653432317e-06, 7.81286507844925e-06, 1.0242091775580775e-05, 1.4441089660977013e-05, 1.8583568817120977e-05, 2.1483456293935888e-05, 2.1212452338659205e-05, 1.4469664165517315e-05, 1.4258426745072939e-05, 1.525487004983006e-05, 1.1601824553508777e-05, 1.0918252883129753e-05, 9.079872143047396e-06, 7.421625014103483e-06, 4.735783932119375e-06, 4.237032953824382e-06, 3.3642843391135102e-06, 3.7314448491088115e-06, 2.897628974096733e-06, 1.8839715494323173e-06, 1.7946775869859266e-06, 1.56294504449761e-06, 1.4761075135538704e-06, 1.2254040484549478e-06, 1.0377262924521347e-06, 9.333804200650775e-07, 4.043235719564109e-07, 8.090669467719636e-09, 3.265561432375108e-11, 1.876847982584806e-10, 1.3958145750336826e-10, 1.0791695662093481e-11, 1.0538951655814088e-11, 1.0336677694344765e-11, 1.0169398309556321e-11, 1.0036440428740079e-11, 9.941534574731126e-12, 9.883209702021833e-12], "lowlevel.mfcc.mean": [-640.6007080078125, 101.89628601074219, 36.590450286865234, 25.252197265625, 20.158294677734375, 2.5490477085113525, 12.766557693481445, 5.1167755126953125, 9.919168472290039, 4.746269702911377, -1.231803297996521, 6.280863285064697, 5.376319408416748], "lowlevel.spectral_contrast_coeffs.mean": [-0.6863605380058289, -0.7236959338188171, -0.760762095451355, -0.8055459856987, -0.8032572269439697, -0.7833124995231628], "lowlevel.spectral_contrast_coeffs.stdev": [0.09589381515979767, 0.0776941105723381, 0.07898960262537003, 0.06114226207137108, 0.040862392634153366, 0.035777561366558075], "lowlevel.spectral_contrast_valleys.mean": [-6.653345108032227, -7.0771918296813965, -7.627694606781006, -7.934610843658447, -7.614080429077148, -9.665743827819824], "lowlevel.spectral_contrast_valleys.stdev": [0.5891256332397461, 0.6801775693893433, 0.6706343293190002, 0.6184250712394714, 0.7255247831344604, 0.9601632356643677], "rhythm.beats_loudness_band_ratio.mean": [0.4508433938026428, 0.20890747010707855, 0.13456010818481445, 0.06571504473686218, 0.05002116411924362, 0.1748148798942566], "rhythm.beats_loudness_band_ratio.stdev": [0.1998574137687683, 0.1242692619562149, 0.11002880334854126, 0.09892984479665756, 0.05378984287381172, 0.10586556792259216], "tonal.hpcp.mean": [0.09825830906629562, 0.07058676332235336, 0.051793236285448074, 0.04635058715939522, 0.04976502060890198, 0.05365689843893051, 0.06398674845695496, 0.08758282661437988, 0.3024400472640991, 0.40086767077445984, 0.17796854674816132, 0.044373754411935806, 0.029971342533826828, 0.03285713493824005, 0.05074362829327583, 0.05827122554183006, 0.05381346121430397, 0.0507526658475399, 0.041316986083984375, 0.03179498761892319, 0.02337142452597618, 0.01793769747018814, 0.021057773381471634, 0.03396337106823921, 0.04755638912320137, 0.048479605466127396, 0.03929781913757324, 0.03410636633634567, 0.04939008504152298, 0.12983523309230804, 0.15661175549030304, 0.09628112614154816, 0.09087568521499634, 0.12132780253887177, 0.1446564644575119, 0.13384905457496643], "tonal.hpcp.stdev": [0.24642819166183472, 0.20491214096546173, 0.17253929376602173, 0.1594051718711853, 0.17667217552661896, 0.1694187968969345, 0.1930616796016693, 0.2100762575864792, 0.35758256912231445, 0.44524452090263367, 0.258229523897171, 0.1522568315267563, 0.1343003213405609, 0.13506284356117249, 0.16359920799732208, 0.16898153722286224, 0.1732165515422821, 0.1745273917913437, 0.14943525195121765, 0.12949971854686737, 0.10482615977525711, 0.08095661550760269, 0.09123267978429794, 0.12439751625061035, 0.15080873668193817, 0.15912863612174988, 0.1456042379140854, 0.12736229598522186, 0.13959014415740967, 0.21410153806209564, 0.24424618482589722, 0.20159001648426056, 0.2287851870059967, 0.26585492491722107, 0.304198682308197, 0.28381872177124023], "rhythm.beats_position": [0.4760090708732605, 0.952018141746521, 1.4164172410964966, 1.8575963973999023, 2.345215320587158, 2.8212244510650635, 3.320453405380249, 3.8196823596954346, 4.330521583557129, 4.841360569000244, 5.31736946105957, 5.781768798828125, 6.2461676597595215, 6.710566997528076, 7.174965858459473, 7.639364719390869, 8.103763580322266, 8.56816291809082, 9.032562255859375, 9.4853515625, 9.938140869140625, 10.402539253234863, 10.866938591003418, 11.331337928771973, 11.795736312866211, 12.248525619506836, 12.701314926147461, 13.165714263916016, 13.63011360168457, 14.094511985778809, 14.558911323547363, 15.023310661315918, 15.476099014282227, 15.928888320922852, 16.393287658691406, 16.85768699645996, 17.322086334228516, 17.78648567199707, 18.250883102416992, 18.715282440185547, 19.1796817779541, 19.644081115722656, 20.09687042236328, 20.549659729003906, 21.01405906677246, 21.478458404541016, 21.942855834960938, 22.407255172729492, 22.871654510498047, 23.3360538482666, 23.788843154907227, 24.24163246154785, 24.706031799316406, 25.17043113708496, 25.634828567504883, 26.099227905273438, 26.563627243041992, 27.028026580810547, 27.480815887451172, 27.945215225219727, 28.39800453186035, 28.862403869628906, 29.326801300048828, 29.791200637817383, 30.255599975585938, 30.719999313354492, 31.184398651123047, 31.637187957763672, 32.0899772644043, 32.55437469482422, 33.018775939941406, 33.48317337036133, 33.947574615478516, 34.41197204589844, 34.86476135253906, 35.31755065917969, 35.78194808959961, 36.2463493347168, 36.71074676513672, 37.175148010253906, 37.63954544067383, 38.103946685791016], "rhythm.bpm_histogram": [0.0, 0.0, 0.0, 0.0, 0.0, 0.0, 0.0, 0.0, 0.0, 0.0, 0.0, 0.0, 0.0, 0.0, 0.0, 0.0, 0.0, 0.0, 0.0, 0.0, 0.0, 0.0, 0.0, 0.0, 0.0, 0.0, 0.0, 0.0, 0.0, 0.0, 0.0, 0.0, 0.0, 0.0, 0.0, 0.0, 0.0, 0.0, 0.0, 0.0, 0.0, 0.0, 0.0, 0.0, 0.0, 0.0, 0.0, 0.0, 0.0, 0.0, 0.0, 0.0, 0.0, 0.0, 0.0, 0.0, 0.0, 0.0, 0.0, 0.0, 0.0, 0.0, 0.0, 0.0, 0.0, 0.0, 0.0, 0.0, 0.0, 0.0, 0.0, 0.0, 0.0, 0.0, 0.0, 0.0, 0.0, 0.0, 0.0, 0.0, 0.0, 0.0, 0.0, 0.0, 0.0, 0.0, 0.0, 0.0, 0.0, 0.0, 0.0, 0.0, 0.0, 0.0, 0.0, 0.0, 0.0, 0.0, 0.0, 0.0, 0.0, 0.0, 0.0, 0.0, 0.0, 0.0, 0.0, 0.0, 0.0, 0.0, 0.0, 0.0, 0.0, 0.0, 0.0, 0.0, 0.0, 0.02469135820865631, 0.0, 0.0, 0.02469135820865631, 0.0, 0.0, 0.012345679104328156, 0.0, 0.0, 0.03703703731298447, 0.0, 0.0, 0.6913580298423767, 0.0, 0.0, 0.0, 0.1975308656692505, 0.0, 0.0, 0.012345679104328156, 0.0, 0.0, 0.0, 0.0, 0.0, 0.0, 0.0, 0.0, 0.0, 0.0, 0.0, 0.0, 0.0, 0.0, 0.0, 0.0, 0.0, 0.0, 0.0, 0.0, 0.0, 0.0, 0.0, 0.0, 0.0, 0.0, 0.0, 0.0, 0.0, 0.0, 0.0, 0.0, 0.0, 0.0, 0.0, 0.0, 0.0, 0.0, 0.0, 0.0, 0.0, 0.0, 0.0, 0.0, 0.0, 0.0, 0.0, 0.0, 0.0, 0.0, 0.0, 0.0, 0.0, 0.0, 0.0, 0.0, 0.0, 0.0, 0.0, 0.0, 0.0, 0.0, 0.0, 0.0, 0.0, 0.0, 0.0, 0.0, 0.0, 0.0, 0.0, 0.0, 0.0, 0.0, 0.0, 0.0, 0.0, 0.0, 0.0, 0.0, 0.0, 0.0, 0.0, 0.0, 0.0, 0.0, 0.0, 0.0, 0.0, 0.0, 0.0, 0.0, 0.0, 0.0, 0.0, 0.0, 0.0, 0.0, 0.0, 0.0, 0.0, 0.0, 0.0, 0.0, 0.0, 0.0, 0.0, 0.0, 0.0, 0.0, 0.0, 0.0, 0.0], "tonal.chords_histogram": [53.19662094116211, 0.0, 0.8443908095359802, 0.0, 0.0, 7.117008209228516, 1.5681544542312622, 6.9963812828063965, 0.241254523396492, 10.73582649230957, 1.5681544542312622, 0.0, 0.0, 0.0, 0.0, 1.2062726020812988, 0.120627261698246, 0.0, 0.0, 0.0, 0.0, 0.0, 16.284679412841797, 0.120627261698246], "tonal.thpcp": [1.0, 0.4439583420753479, 0.1106942668557167, 0.07476617395877838, 0.08196504414081573, 0.1265844851732254, 0.1453627496957779, 0.1342424601316452, 0.1266070306301117, 0.10306888818740845, 0.0793154165148735, 0.05830209329724312, 0.04474717751145363, 0.05253048613667488, 0.08472464233636856, 0.11863363534212112, 0.12093668431043625, 0.0980319008231163, 0.08508136123418808, 0.1232079491019249, 0.3238855302333832, 0.3906819224357605, 0.2401818186044693, 0.22669745981693268, 0.3026629686355591, 0.36085838079452515, 0.3338983654975891, 0.24511407315731049, 0.1760849505662918, 0.12920282781124115, 0.11562565714120865, 0.12414326518774033, 0.13385190069675446, 0.15962062776088715, 0.21848313510417938, 0.7544635534286499], "lowlevel.gfcc.cov": [[3427.281494140625, -916.2034912109375, -426.12322998046875, -14.921711921691895, -452.0888366699219, 13.022695541381836, -154.3894805908203, -43.595184326171875, -195.27320861816406, 14.919806480407715, -228.0810089111328, 98.47551727294922, -117.44022369384766], [-916.2034912109375, 1317.2105712890625, -171.5572967529297, -37.3467903137207, 306.74591064453125, -158.33291625976562, 105.8887939453125, -99.91349792480469, -0.5102028846740723, -173.16781616210938, 50.69721984863281, -200.81048583984375, 80.47260284423828], [-426.12322998046875, -171.5572967529297, 771.11279296875, 112.61193084716797, -63.43290328979492, 38.44626235961914, -99.80747985839844, -11.953991889953613, 32.79946517944336, 40.13600540161133, 11.016572952270508, 18.541414260864258, -122.18922424316406], [-14.921711921691895, -37.3467903137207, 112.61193084716797, 296.0020446777344, 25.762378692626953, -60.76894760131836, -17.754722595214844, 3.5507400035858154, 38.68131637573242, -35.15754699707031, -26.547868728637695, -1.641027808189392, -27.89232635498047], [-452.0888366699219, 306.74591064453125, -63.43290328979492, 25.762378692626953, 371.55169677734375, 62.92520523071289, 131.14773559570312, 137.46678161621094, 71.74815368652344, 4.222835063934326, 56.295166015625, -53.84249496459961, 88.4302749633789], [13.022695541381836, -158.33291625976562, 38.44626235961914, -60.76894760131836, 62.92520523071289, 266.2462463378906, 114.37229919433594, 55.84568786621094, 40.17387390136719, 90.0674819946289, 45.68952560424805, -0.1485583782196045, 36.25321578979492], [-154.3894805908203, 105.8887939453125, -99.80747985839844, -17.754722595214844, 131.14773559570312, 114.37229919433594, 221.42874145507812, 78.13475036621094, 52.66781234741211, 46.14907455444336, 65.3101577758789, -3.736095666885376, 56.504920959472656], [-43.595184326171875, -99.91349792480469, -11.953991889953613, 3.5507400035858154, 137.46678161621094, 55.84568786621094, 78.13475036621094, 270.37957763671875, 107.53197479248047, 66.56137084960938, 80.2647933959961, 55.747005462646484, 87.33162689208984], [-195.27320861816406, -0.5102028846740723, 32.79946517944336, 38.68131637573242, 71.74815368652344, 40.17387390136719, 52.66781234741211, 107.53197479248047, 167.88482666015625, 76.38121032714844, 65.84400939941406, 51.24711227416992, 53.26028060913086], [14.919806480407715, -173.16781616210938, 40.13600540161133, -35.15754699707031, 4.222835063934326, 90.0674819946289, 46.14907455444336, 66.56137084960938, 76.38121032714844, 167.44448852539062, 94.474609375, 67.55641174316406, 31.471529006958008], [-228.0810089111328, 50.69721984863281, 11.016572952270508, -26.547868728637695, 56.295166015625, 45.68952560424805, 65.3101577758789, 80.2647933959961, 65.84400939941406, 94.474609375, 175.16842651367188, 64.37837219238281, 59.98006820678711], [98.47551727294922, -200.81048583984375, 18.541414260864258, -1.641027808189392, -53.84249496459961, -0.1485583782196045, -3.736095666885376, 55.747005462646484, 51.24711227416992, 67.55641174316406, 64.37837219238281, 150.78904724121094, 28.295143127441406], [-117.44022369384766, 80.47260284423828, -122.18922424316406, -27.89232635498047, 88.4302749633789, 36.25321578979492, 56.504920959472656, 87.33162689208984, 53.26028060913086, 31.471529006958008, 59.98006820678711, 28.295143127441406, 127.92733764648438]], "lowlevel.gfcc.icov": [[0.0005634893896058202, -4.346302830526838e-06, 0.0005498868995346129, -0.000330582755850628, 0.00056407880038023, -0.0004488043487071991, 0.00030564196640625596, -0.0006340132676996291, 0.0006943061598576605, -0.0005373601452447474, 0.0007439194596372545, -0.0004269151540938765, 0.0005970231723040342], [-4.346302830526838e-06, 0.0028037247247993946, -0.0003655898035503924, 0.0012182336067780852, -0.001743337488733232, 0.0025474424473941326, -0.0014389649732038379, 0.002583692781627178, -0.0018253172747790813, 0.002718026051297784, -0.002631851937621832, 0.0030569147784262896, -0.0018471782095730305], [0.0005498868995346129, -0.0003655898035503924, 0.0026154383085668087, -0.0011338898912072182, 0.0006234262837097049, -0.0017889444716274738, 0.0018399669788777828, -0.0012431913055479527, 0.00031745131127536297, -0.0008736905292607844, 0.00017893120821099728, -0.0008636351558379829, 0.003287581028416753], [-0.000330582755850628, 0.0012182336067780852, -0.0011338898912072182, 0.005041640717536211, -0.0015978829469531775, 0.0024382486008107662, -0.0012497642310336232, 0.0016628275625407696, -0.0028712372295558453, 0.002458034548908472, -0.0008734189905226231, 0.0011559625854715705, -0.0004786507342942059], [0.00056407880038023, -0.001743337488733232, 0.0006234262837097049, -0.0015978829469531775, 0.006817590445280075, -0.0020124120637774467, -0.0005339632625691593, -0.004004985559731722, 0.0010583215625956655, -0.0012131169205531478, 0.0013997458154335618, 0.0007537347264587879, -0.0002760905190370977], [-0.0004488043487071991, 0.0025474424473941326, -0.0017889444716274738, 0.0024382486008107662, -0.0020124120637774467, 0.009206781163811684, -0.004752653650939465, 0.002795992186293006, -0.0016919539775699377, -0.0004698430420830846, -0.0015130301471799612, 0.004180911462754011, -0.003614419139921665], [0.00030564196640625596, -0.0014389649732038379, 0.0018399669788777828, -0.0012497642310336232, -0.0005339632625691593, -0.004752653650939465, 0.009285258129239082, -0.0020158495754003525, 0.00045634128036908805, -0.001258207019418478, -0.0003578112809918821, -0.00143987569026649, 0.0022673436906188726], [-0.0006340132676996291, 0.002583692781627178, -0.0012431913055479527, 0.0016628275625407696, -0.004004985559731722, 0.002795992186293006, -0.0020158495754003525, 0.009682584553956985, -0.004430148284882307, 0.0027619272004812956, -0.0032078330405056477, 0.001436911174096167, -0.004424499347805977], [0.0006943061598576605, -0.0018253172747790813, 0.00031745131127536297, -0.0028712372295558453, 0.0010583215625956655, -0.0016919539775699377, 0.00045634128036908805, -0.004430148284882307, 0.012883894145488739, -0.00600275956094265, 0.002836216241121292, -0.0037635471671819687, -0.00035114720230922103], [-0.0005373601452447474, 0.002718026051297784, -0.0008736905292607844, 0.002458034548908472, -0.0012131169205531478, -0.0004698430420830846, -0.001258207019418478, 0.0027619272004812956, -0.00600275956094265, 0.015976455062627792, -0.007766663562506437, 0.0009796802187338471, -0.0008661062456667423], [0.0007439194596372545, -0.002631851937621832, 0.00017893120821099728, -0.0008734189905226231, 0.0013997458154335618, -0.0015130301471799612, -0.0003578112809918821, -0.0032078330405056477, 0.002836216241121292, -0.007766663562506437, 0.014300502836704254, -0.005832142662256956, -0.000557013088837266], [-0.0004269151540938765, 0.0030569147784262896, -0.0008636351558379829, 0.0011559625854715705, 0.0007537347264587879, 0.004180911462754011, -0.00143987569026649, 0.001436911174096167, -0.0037635471671819687, 0.0009796802187338471, -0.005832142662256956, 0.014920925721526146, -0.00417841412127018], [0.0005970231723040342, -0.0018471782095730305, 0.003287581028416753, -0.0004786507342942059, -0.0002760905190370977, -0.003614419139921665, 0.0022673436906188726, -0.004424499347805977, -0.00035114720230922103, -0.0008661062456667423, -0.000557013088837266, -0.00417841412127018, 0.01734147034585476]], "lowlevel.mfcc.cov": [[3057.804443359375, -942.7266845703125, -259.598876953125, -153.59677124023438, -383.71881103515625, -34.12080001831055, -184.21669006347656, -39.14814376831055, -109.15454864501953, -64.53012084960938, -131.3642578125, -199.48789978027344, -61.430118560791016], [-942.7266845703125, 1179.2291259765625, -248.3042755126953, 82.14434051513672, 125.98218536376953, -27.762176513671875, 142.6923828125, -34.08412170410156, 52.6370849609375, -31.288211822509766, -29.252347946166992, 17.55422592163086, -64.98033142089844], [-259.598876953125, -248.3042755126953, 706.0736083984375, 20.444433212280273, 18.171022415161133, 66.03575134277344, -132.20103454589844, -15.506800651550293, -125.01785278320312, -20.947595596313477, 63.774539947509766, 26.148178100585938, -3.782033681869507], [-153.59677124023438, 82.14434051513672, 20.444433212280273, 346.1882019042969, 73.12423706054688, -44.87986755371094, -51.438743591308594, 40.725364685058594, 6.856496810913086, -45.86470031738281, -1.0682612657546997, 23.671253204345703, -24.366621017456055], [-383.71881103515625, 125.98218536376953, 18.171022415161133, 73.12423706054688, 247.50279235839844, -40.811241149902344, 67.6529769897461, 29.2999324798584, 100.29913330078125, 25.124862670898438, 23.571290969848633, 63.094573974609375, 7.3370184898376465], [-34.12080001831055, -27.762176513671875, 66.03575134277344, -44.87986755371094, -40.811241149902344, 219.40003967285156, 20.519981384277344, -9.254897117614746, -17.95001220703125, 50.104549407958984, 12.187864303588867, -39.770042419433594, 23.60527801513672], [-184.21669006347656, 142.6923828125, -132.20103454589844, -51.438743591308594, 67.6529769897461, 20.519981384277344, 259.28759765625, 22.362253189086914, 90.16252136230469, 58.54560470581055, 14.255023002624512, 43.964691162109375, 23.851791381835938], [-39.14814376831055, -34.08412170410156, -15.506800651550293, 40.725364685058594, 29.2999324798584, -9.254897117614746, 22.362253189086914, 126.82698059082031, 55.46046447753906, 16.175981521606445, 12.283924102783203, 30.495010375976562, 32.09819793701172], [-109.15454864501953, 52.6370849609375, -125.01785278320312, 6.856496810913086, 100.29913330078125, -17.95001220703125, 90.16252136230469, 55.46046447753906, 189.36534118652344, 74.2641830444336, 8.427132606506348, 35.450984954833984, 35.12629699707031], [-64.53012084960938, -31.288211822509766, -20.947595596313477, -45.86470031738281, 25.124862670898438, 50.104549407958984, 58.54560470581055, 16.175981521606445, 74.2641830444336, 121.87596130371094, 39.136322021484375, 20.87596321105957, 47.30033493041992], [-131.3642578125, -29.252347946166992, 63.774539947509766, -1.0682612657546997, 23.571290969848633, 12.187864303588867, 14.255023002624512, 12.283924102783203, 8.427132606506348, 39.136322021484375, 95.08370208740234, 59.6195068359375, 30.390295028686523], [-199.48789978027344, 17.55422592163086, 26.148178100585938, 23.671253204345703, 63.094573974609375, -39.770042419433594, 43.964691162109375, 30.495010375976562, 35.450984954833984, 20.87596321105957, 59.6195068359375, 130.3992156982422, 54.6434326171875], [-61.430118560791016, -64.98033142089844, -3.782033681869507, -24.366621017456055, 7.3370184898376465, 23.60527801513672, 23.851791381835938, 32.09819793701172, 35.12629699707031, 47.30033493041992, 30.390295028686523, 54.6434326171875, 117.11898040771484]], "lowlevel.mfcc.icov": [[0.0006533529958687723, 0.0005593039677478373, 0.0003855427203234285, 5.9587782743619755e-05, 0.000573158438783139, 0.00013225123984739184, 0.00010249920160276815, 6.790924817323685e-05, -4.840937617700547e-05, 9.124173084273934e-05, 0.00033259435440413654, 0.0002478413807693869, 0.0003515389107633382], [0.0005593039677478373, 0.001588071114383638, 0.0007251256029121578, -0.00016263368888758123, -2.7831738407257944e-05, -0.0001619807881070301, -0.0003646195400506258, 0.00048348898417316377, 6.0146685427753255e-05, 0.0004592259065248072, 0.0004067729751113802, -0.0001544225960969925, 0.0009031720110215247], [0.0003855427203234285, 0.0007251256029121578, 0.00245536956936121, 0.00014222673780750483, -0.0008175952243618667, -0.0008311808342114091, 0.0009687970741651952, -0.00014177199045661837, 0.0015687912236899137, 1.0721176295191981e-05, -0.0007211734773591161, -0.0005960449925623834, 0.000764098484069109], [5.9587782743619755e-05, -0.00016263368888758123, 0.00014222673780750483, 0.003740980289876461, -0.0010601566173136234, -0.00013149289588909596, 0.001146539580076933, -0.0013448838144540787, -4.033317600260489e-05, 0.0011560170678421855, -4.0008882933761925e-05, -0.0006988847744651139, 0.0008336068713106215], [0.000573158438783139, -2.7831738407257944e-05, -0.0008175952243618667, -0.0010601566173136234, 0.007494851481169462, 0.0007990639423951507, -0.000848828349262476, 0.0006176327588036656, -0.00388769106939435, 0.0003364890580996871, 0.0002482856798451394, -0.0015816462691873312, 0.001114853541366756], [0.00013225123984739184, -0.0001619807881070301, -0.0008311808342114091, -0.00013149289588909596, 0.0007990639423951507, 0.006761049386113882, -0.0012029611971229315, -2.8839867809438147e-05, 0.0011659625452011824, -0.002817346714437008, -0.0009437023545615375, 0.003918482922017574, -0.002029766095802188], [0.00010249920160276815, -0.0003646195400506258, 0.0009687970741651952, 0.001146539580076933, -0.000848828349262476, -0.0012029611971229315, 0.006097093690186739, -0.0004588751180563122, -0.0009538735612295568, -0.0012677661143243313, 0.0006692152237519622, -0.002378490986302495, 0.0010351386154070497], [6.790924817323685e-05, 0.00048348898417316377, -0.00014177199045661837, -0.0013448838144540787, 0.0006176327588036656, -2.8839867809438147e-05, -0.0004588751180563122, 0.010334291495382786, -0.0033250257838517427, 0.0013582009123638272, -0.0003675297775771469, -0.0005947404424659908, -0.0019306433387100697], [-4.840937617700547e-05, 6.0146685427753255e-05, 0.0015687912236899137, -4.033317600260489e-05, -0.00388769106939435, 0.0011659625452011824, -0.0009538735612295568, -0.0033250257838517427, 0.01250182930380106, -0.006680027116090059, 0.002186813158914447, -0.00023885551490820944, -0.00034338023397140205], [9.124173084273934e-05, 0.0004592259065248072, 1.0721176295191981e-05, 0.0011560170678421855, 0.0003364890580996871, -0.002817346714437008, -0.0012677661143243313, 0.0013582009123638272, -0.006680027116090059, 0.01739121787250042, -0.006362981628626585, 0.002358425874263048, -0.0034933099523186684], [0.00033259435440413654, 0.0004067729751113802, -0.0007211734773591161, -4.0008882933761925e-05, 0.0002482856798451394, -0.0009437023545615375, 0.0006692152237519622, -0.0003675297775771469, 0.002186813158914447, -0.006362981628626585, 0.019095538184046745, -0.008933082222938538, 0.0016344287432730198], [0.0002478413807693869, -0.0001544225960969925, -0.0005960449925623834, -0.0006988847744651139, -0.0015816462691873312, 0.003918482922017574, -0.002378490986302495, -0.0005947404424659908, -0.00023885551490820944, 0.002358425874263048, -0.008933082222938538, 0.017967278137803078, -0.00710937799885869], [0.0003515389107633382, 0.0009031720110215247, 0.000764098484069109, 0.0008336068713106215, 0.001114853541366756, -0.002029766095802188, 0.0010351386154070497, -0.0019306433387100697, -0.00034338023397140205, -0.0034933099523186684, 0.0016344287432730198, -0.00710937799885869, 0.01448617223650217]], "metadata.audio_properties.analysis.downmix": "mix", "metadata.audio_properties.co