{"song_id": "1182276054354755654", "download": "https://cdn.discordapp.com/attachments/1128313332273782784/1182276054354755654/chirp.mp4?ex=65841b60&amp", "lyrics": "Lucie est rentr\u00e9e du coll\u00e8ge\nAm\u00e9lie est rentr\u00e9e du coll\u00e8ge\nElle a deux heures pour manger, tranquille.\nAlors elles ont les tablettes.\nC'est cool. Elles adorent.\nGenshin impact et Roblox, la vie est belle.", "style": ["rap"], "essentia_features": {"lowlevel.average_loudness": 0.9635605216026306, "lowlevel.barkbands_crest.mean": 18.413911819458008, "lowlevel.barkbands_crest.stdev": 4.64280891418457, "lowlevel.barkbands_flatness_db.mean": 0.26964589953422546, "lowlevel.barkbands_flatness_db.stdev": 0.09893923252820969, "lowlevel.barkbands_kurtosis.mean": 57.20913314819336, "lowlevel.barkbands_kurtosis.stdev": 80.07926177978516, "lowlevel.barkbands_skewness.mean": 5.675422668457031, "lowlevel.barkbands_skewness.stdev": 3.400071144104004, "lowlevel.barkbands_spread.mean": 10.389981269836426, "lowlevel.barkbands_spread.stdev": 14.810601234436035, "lowlevel.dissonance.mean": 0.4818783104419708, "lowlevel.dissonance.stdev": 0.026412906125187874, "lowlevel.dynamic_complexity": 3.8709425926208496, "lowlevel.erbbands_crest.mean": 8.098764419555664, "lowlevel.erbbands_crest.stdev": 4.238286972045898, "lowlevel.erbbands_flatness_db.mean": 0.16146358847618103, "lowlevel.erbbands_flatness_db.stdev": 0.06407933682203293, "lowlevel.erbbands_kurtosis.mean": 1.911536455154419, "lowlevel.erbbands_kurtosis.stdev": 18.748598098754883, "lowlevel.erbbands_skewness.mean": 0.04314301908016205, "lowlevel.erbbands_skewness.stdev": 1.487220287322998, "lowlevel.erbbands_spread.mean": 60.042625427246094, "lowlevel.erbbands_spread.stdev": 23.98529624938965, "lowlevel.hfc.mean": 17.029993057250977, "lowlevel.hfc.stdev": 18.266279220581055, "lowlevel.loudness_ebu128.integrated": -12.774401664733887, "lowlevel.loudness_ebu128.loudness_range": 2.3083057403564453, "lowlevel.loudness_ebu128.momentary.mean": -14.54356861114502, "lowlevel.loudness_ebu128.momentary.stdev": 5.636999130249023, "lowlevel.loudness_ebu128.short_term.mean": -13.452604293823242, "lowlevel.loudness_ebu128.short_term.stdev": 2.7697956562042236, "lowlevel.melbands_crest.mean": 21.860549926757812, "lowlevel.melbands_crest.stdev": 5.48723840713501, "lowlevel.melbands_flatness_db.mean": 0.3549615144729614, "lowlevel.melbands_flatness_db.stdev": 0.11891639232635498, "lowlevel.melbands_kurtosis.mean": 124.40715789794922, "lowlevel.melbands_kurtosis.stdev": 123.92191314697266, "lowlevel.melbands_skewness.mean": 8.294692993164062, "lowlevel.melbands_skewness.stdev": 3.769627571105957, "lowlevel.melbands_spread.mean": 7.403560161590576, "lowlevel.melbands_spread.stdev": 17.26372718811035, "lowlevel.pitch_salience.mean": 0.3457041382789612, "lowlevel.pitch_salience.stdev": 0.16254109144210815, "lowlevel.silence_rate_20dB.mean": 0.9942062497138977, "lowlevel.silence_rate_20dB.stdev": 0.07589579373598099, "lowlevel.silence_rate_30dB.mean": 0.7630358934402466, "lowlevel.silence_rate_30dB.stdev": 0.42522042989730835, "lowlevel.silence_rate_60dB.mean": 0.07705678045749664, "lowlevel.silence_rate_60dB.stdev": 0.2666778862476349, "lowlevel.spectral_centroid.mean": 1076.729248046875, "lowlevel.spectral_centroid.stdev": 807.9973754882812, "lowlevel.spectral_complexity.mean": 15.450753211975098, "lowlevel.spectral_complexity.stdev": 12.565235137939453, "lowlevel.spectral_decrease.mean": -2.293052325796907e-08, "lowlevel.spectral_decrease.stdev": 1.8483047981021627e-08, "lowlevel.spectral_energy.mean": 0.08808969706296921, "lowlevel.spectral_energy.stdev": 0.07050386816263199, "lowlevel.spectral_energyband_high.mean": 0.0007345390040427446, "lowlevel.spectral_energyband_high.stdev": 0.0015242901863530278, "lowlevel.spectral_energyband_low.mean": 0.08087892830371857, "lowlevel.spectral_energyband_low.stdev": 0.06873100996017456, "lowlevel.spectral_energyband_middle_high.mean": 0.002495907247066498, "lowlevel.spectral_energyband_middle_high.stdev": 0.003076323540881276, "lowlevel.spectral_energyband_middle_low.mean": 0.005959804635494947, "lowlevel.spectral_energyband_middle_low.stdev": 0.009000585414469242, "lowlevel.spectral_entropy.mean": 7.409822463989258, "lowlevel.spectral_entropy.stdev": 0.7421411871910095, "lowlevel.spectral_flux.mean": 0.08640940487384796, "lowlevel.spectral_flux.stdev": 0.09811580926179886, "lowlevel.spectral_kurtosis.mean": 8.570880889892578, "lowlevel.spectral_kurtosis.stdev": 32.38693618774414, "lowlevel.spectral_rms.mean": 0.008483282290399075, "lowlevel.spectral_rms.stdev": 0.0037383325397968292, "lowlevel.spectral_rolloff.mean": 518.4848022460938, "lowlevel.spectral_rolloff.stdev": 1779.7476806640625, "lowlevel.spectral_skewness.mean": 1.6020691394805908, "lowlevel.spectral_skewness.stdev": 1.607157588005066, "lowlevel.spectral_spread.mean": 4052064.5, "lowlevel.spectral_spread.stdev": 1727291.875, "lowlevel.spectral_strongpeak.mean": 0.6098408102989197, "lowlevel.spectral_strongpeak.stdev": 0.37124693393707275, "lowlevel.zerocrossingrate.mean": 0.02998516522347927, "lowlevel.zerocrossingrate.stdev": 0.05051083117723465, "metadata.audio_properties.analysis.equal_loudness": 0.0, "metadata.audio_properties.analysis.length": 40.04265213012695, "metadata.audio_properties.analysis.sample_rate": 44100.0, "metadata.audio_properties.analysis.start_time": 0.0, "metadata.audio_properties.bit_rate": 119923.0, "metadata.audio_properties.length": 40.042667388916016, "metadata.audio_properties.lossless": 0.0, "metadata.audio_properties.number_channels": 1.0, "metadata.audio_properties.replay_gain": -11.274301528930664, "metadata.audio_properties.sample_rate": 48000.0, "rhythm.beats_count": 85.0, "rhythm.beats_loudness.mean": 0.1607886552810669, "rhythm.beats_loudness.stdev": 0.11111871153116226, "rhythm.bpm": 129.3227996826172, "rhythm.bpm_histogram_first_peak_bpm": 129.0, "rhythm.bpm_histogram_first_peak_weight": 0.08433741331100464, "rhythm.bpm_histogram_second_peak_bpm": 123.0, "rhythm.bpm_histogram_second_peak_spread": 0.0, "rhythm.bpm_histogram_second_peak_weight": 0.011904762126505375, "rhythm.danceability": 1.1016343832015991, "rhythm.onset_rate": 4.14436149597168, "tonal.chords_changes_rate": 0.0729166641831398, "tonal.chords_number_rate": 0.012731481343507767, "tonal.chords_strength.mean": 0.53004390001297, "tonal.chords_strength.stdev": 0.08294959366321564, "tonal.hpcp_crest.mean": 10.683728218078613, "tonal.hpcp_crest.stdev": 6.078888416290283, "tonal.hpcp_entropy.mean": 2.6918468475341797, "tonal.hpcp_entropy.stdev": 0.877464234828949, "tonal.key_edma.strength": 0.633258581161499, "tonal.key_krumhansl.strength": 0.6447977423667908, "tonal.key_temperley.strength": 0.6495863795280457, "tonal.tuning_diatonic_strength": 0.5099413394927979, "tonal.tuning_equal_tempered_deviation": 0.29879656434059143, "tonal.tuning_frequency": 434.193115234375, "tonal.tuning_nontempered_energy_ratio": 0.9499727487564087, "lowlevel.barkbands.mean": [0.004008606541901827, 0.061821214854717255, 0.013086850754916668, 0.0034739384427666664, 0.0014890130842104554, 0.0003146827220916748, 0.00034781498834490776, 0.00016897830937523395, 0.00014089296746533364, 9.882004087558016e-05, 0.0001400347100570798, 0.0001296232658205554, 0.00017915408534463495, 0.00024400551046710461, 0.0002445463615003973, 0.0003371161292307079, 0.00044298599823378026, 0.0003299962554592639, 0.00025741750141605735, 0.00020723235502373427, 0.00016556090849917382, 0.00018489484500605613, 0.00014180880680214614, 8.48531344672665e-05, 4.1276533011114225e-05, 8.381634870602284e-06, 8.025217823615094e-08], "lowlevel.barkbands.stdev": [0.006845930591225624, 0.05705074593424797, 0.022253600880503654, 0.006564028561115265, 0.0035318350419402122, 0.0005527674802578986, 0.000742207863368094, 0.0004429896071087569, 0.0003377689281478524, 0.0001849286927608773, 0.0003086381475441158, 0.00022238747624214739, 0.0004130531451664865, 0.0004289245407562703, 0.0003782502608373761, 0.0005352090229280293, 0.000678539858199656, 0.0005844231927767396, 0.0005276949959807098, 0.0004187249287497252, 0.0003540105826687068, 0.0004308750503696501, 0.0003302117402199656, 0.0001940612419275567, 8.583282033214346e-05, 1.9204593627364375e-05, 5.89886099078285e-07], "lowlevel.erbbands.mean": [1.986979365348816, 12.5224027633667, 18.764060974121094, 13.546930313110352, 7.056718349456787, 5.500775337219238, 2.979832172393799, 2.861388683319092, 4.007451057434082, 5.762758731842041, 3.330357551574707, 3.16747784614563, 2.936616897583008, 4.282531261444092, 6.2412896156311035, 5.081387519836426, 8.199387550354004, 11.341279029846191, 12.617365837097168, 14.734013557434082, 20.62083625793457, 25.754972457885742, 19.151857376098633, 15.385152816772461, 10.8722505569458, 9.958796501159668, 7.609704971313477, 6.214104175567627, 6.782705307006836, 5.5394206047058105, 3.651423931121826, 2.195988416671753, 1.2316330671310425, 0.6219283938407898, 0.20195405185222626, 0.06211321800947189, 0.010112292133271694, 0.0007989714504219592, 6.281880632741377e-05, 9.891716035781428e-05], "lowlevel.erbbands.stdev": [2.8472983837127686, 10.514044761657715, 24.637235641479492, 23.813207626342773, 12.526006698608398, 16.119728088378906, 7.677619934082031, 4.974847316741943, 9.762324333190918, 11.91205883026123, 8.538519859313965, 8.969063758850098, 4.654844760894775, 9.157148361206055, 12.474528312683105, 8.78023910522461, 18.255970001220703, 19.879005432128906, 19.484830856323242, 21.335163116455078, 31.86957550048828, 39.464908599853516, 32.899688720703125, 31.77869987487793, 22.47524642944336, 19.88059425354004, 15.76488208770752, 13.60745906829834, 15.954991340637207, 13.067139625549316, 8.489971160888672, 5.324366569519043, 2.7249858379364014, 1.3257602453231812, 0.4211120307445526, 0.13499635457992554, 0.026226764544844627, 0.002851367462426424, 8.179982978617772e-05, 7.776594429742545e-05], "lowlevel.gfcc.mean": [-71.56297302246094, 113.12255859375, -101.49378967285156, 72.0771255493164, -21.23487663269043, 29.26313591003418, -21.58403778076172, 11.57314682006836, -6.396911144256592, -3.54783034324646, -5.24423360824585, -7.631593704223633, -4.17425012588501], "lowlevel.melbands.mean": [0.01727231964468956, 0.012119637802243233, 0.0021713098976761103, 0.00039897768874652684, 0.0001393437123624608, 6.447245687013492e-05, 6.232090527191758e-05, 5.7231773098465055e-05, 2.5303663278464228e-05, 1.967043681361247e-05, 1.4312970961327665e-05, 1.6497195247211494e-05, 2.0600418793037534e-05, 1.6024479918996803e-05, 1.2821092241210863e-05, 1.9645820430014282e-05, 2.1649557311320677e-05, 2.069550464511849e-05, 1.854120273492299e-05, 2.0981595298508182e-05, 2.4863926228135824e-05, 2.730611595325172e-05, 2.1847801690455526e-05, 1.380680623697117e-05, 1.257683015865041e-05, 8.495771908201277e-06, 7.086839559633518e-06, 6.469745130743831e-06, 4.822684331884375e-06, 4.067087957082549e-06, 3.4461249924788717e-06, 3.904838649759768e-06, 3.465549070824636e-06, 2.962755615953938e-06, 2.172271706513129e-06, 1.702092049526982e-06, 1.2070057664459455e-06, 9.257768738279992e-07, 6.524928153339715e-07, 4.756684575113468e-07], "lowlevel.melbands.stdev": [0.019143426790833473, 0.011494080536067486, 0.0036630360409617424, 0.0008026371942833066, 0.00039682863280177116, 0.00011142865696456283, 0.00014663883484899998, 0.00012002721632597968, 6.871252116980031e-05, 5.442131441668607e-05, 2.2928959879209287e-05, 3.601933713071048e-05, 4.260044079273939e-05, 2.8518441467895173e-05, 2.5140629077213816e-05, 4.547347271000035e-05, 3.8806629163445905e-05, 3.3395157515769824e-05, 2.8223781555425376e-05, 3.154090154566802e-05, 3.938890586141497e-05, 4.238946348777972e-05, 3.765069413930178e-05, 2.552253681642469e-05, 2.7780439268099144e-05, 1.842663186835125e-05, 1.5755136701045558e-05, 1.2850872735725716e-05, 1.0026855306932703e-05, 9.159522960544564e-06, 7.695097338000778e-06, 9.309459528594743e-06, 8.400851584156044e-06, 7.097109119058587e-06, 4.997215910407249e-06, 4.381419330456993e-06, 2.8828401354985544e-06, 2.0919555936416145e-06, 1.4489207842416363e-06, 1.0152257345907856e-06], "lowlevel.melbands128.mean": [0.0037875028792768717, 0.016487905755639076, 0.021704699844121933, 0.02124827355146408, 0.012205827981233597, 0.005716048646718264, 0.002802354283630848, 0.0014788929838687181, 0.0005567634361796081, 0.0003107280354015529, 0.0003267755964770913, 0.0002072298084385693, 7.439543696818873e-05, 7.492872100556269e-05, 6.452407251344994e-05, 5.4534368246095255e-05, 7.076885958667845e-05, 5.435049024526961e-05, 6.11757131991908e-05, 8.456243813270703e-05, 3.9233487768797204e-05, 2.5716357413330115e-05, 2.545701318013016e-05, 2.236882210127078e-05, 2.038045749941375e-05, 1.8863151126424782e-05, 1.7296664736932144e-05, 1.2568913916766178e-05, 1.3336944903130643e-05, 1.4240547898225486e-05, 1.8750002709566616e-05, 1.8431026546750218e-05, 2.209369449701626e-05, 2.106193278450519e-05, 1.829222856031265e-05, 1.573141162225511e-05, 1.0191712135565467e-05, 1.0862988347071223e-05, 1.3849090464645997e-05, 2.1917720005149022e-05, 2.0779354599653743e-05, 1.7286909496760927e-05, 1.836213232309092e-05, 2.8164709874545224e-05, 2.3025899281492457e-05, 1.7434480469091795e-05, 2.028180824709125e-05, 1.7290751202381216e-05, 1.734497163852211e-05, 2.2649177481071092e-05, 1.856315429904498e-05, 2.3628519556950778e-05, 2.468801903887652e-05, 2.35230090765981e-05, 2.9228596758912317e-05, 2.7617821615422145e-05, 2.7950669391429983e-05, 2.1481937437783927e-05, 2.223360388597939e-05, 1.6434976714663208e-05, 1.256162067875266e-05, 1.2309494195505977e-05, 1.3653320820594672e-05, 1.3462783499562647e-05, 9.078738912648987e-06, 9.171523743134458e-06, 7.272484253917355e-06, 6.800979463150725e-06, 7.149040357035119e-06, 7.473489858966786e-06, 7.166562681959476e-06, 5.069699909654446e-06, 5.512018560693832e-06, 4.764275217894465e-06, 4.285081104171695e-06, 4.3058234950876795e-06, 3.982755970355356e-06, 3.1896656764729414e-06, 3.3260041618632386e-06, 3.6856913538940717e-06, 3.885739715769887e-06, 4.173965407971991e-06, 3.7025065466878004e-06, 3.4913532545033377e-06, 3.011855824297527e-06, 3.290425411250908e-06, 2.7250121092947666e-06, 2.8074887268303428e-06, 2.011874585150508e-06, 1.9233091279602377e-06, 1.8036882920569042e-06, 1.7521422250865726e-06, 1.3289675280248048e-06, 1.1725768445103313e-06, 1.1291624559817137e-06, 1.0894632396230008e-06, 8.56005840432772e-07, 7.472756919923995e-07, 6.299839583334688e-07, 6.24976678409439e-07, 6.016951488163613e-07, 4.273356637440884e-07, 3.683213094518578e-07, 2.83980881476964e-07, 1.9233696946230339e-07, 1.5936477382183512e-07, 1.6443001982224814e-07, 1.532852849095434e-07, 9.778838716556493e-08, 6.792330964344728e-08, 5.4953389394540864e-08, 3.699504347309812e-08, 2.6310722489597538e-08, 1.5531348651620647e-08, 1.2110183966740351e-08, 6.575464173153023e-09, 2.906675788949542e-09, 3.4810210269853314e-10, 7.053484185615133e-11, 2.0596933880678847e-11, 1.4213646752636588e-11, 1.1237283673026788e-11, 9.474971154888046e-12, 9.266067947655277e-12, 9.01480019105394e-12, 8.714441494805936e-12, 8.544276397515205e-12, 8.48514227630437e-12], "lowlevel.melbands128.stdev": [0.006670302711427212, 0.028249764814972878, 0.02485099993646145, 0.01837035082280636, 0.014709992334246635, 0.010040157474577427, 0.005383295472711325, 0.00272281002253294, 0.001151195028796792, 0.000736183428671211, 0.0011900521349161863, 0.0007376990979537368, 0.0002520718553569168, 0.00014999302220530808, 0.00012623488146346062, 0.00013723790470976382, 0.00018031032232102007, 0.00020673342805821449, 0.00015585972869303077, 0.00019136439368594438, 0.0001237629767274484, 6.653637683484703e-05, 0.0001009315819828771, 6.038748688297346e-05, 8.434352639596909e-05, 5.490239345817827e-05, 3.236426709918305e-05, 2.2978840206633322e-05, 2.6592313588480465e-05, 3.758656021091156e-05, 5.2341099944896996e-05, 4.4439333578338847e-05, 5.3170111641520634e-05, 5.40376640856266e-05, 3.568345709936693e-05, 3.664779069367796e-05, 2.390919871686492e-05, 2.2710419216309674e-05, 3.582416320568882e-05, 5.801311635877937e-05, 5.8120538596995175e-05, 4.416613592184149e-05, 4.2690615373430774e-05, 5.549103661905974e-05, 5.08746161358431e-05, 3.435773032833822e-05, 4.265864481567405e-05, 3.15166762447916e-05, 3.105897849309258e-05, 3.8634178054053336e-05, 3.172393189743161e-05, 4.280432767700404e-05, 4.838405584450811e-05, 4.285000613890588e-05, 4.7791610995773226e-05, 5.1040864491369575e-05, 5.1446280849631876e-05, 4.1203678847523406e-05, 4.565633207676001e-05, 3.250804002163932e-05, 2.683453021745663e-05, 2.609085277072154e-05, 3.580957854865119e-05, 3.287653817096725e-05, 2.240850699308794e-05, 2.290766133228317e-05, 1.7047654182533734e-05, 1.760039958753623e-05, 1.749021976138465e-05, 1.7334861695417203e-05, 1.5677856936235912e-05, 1.103555132431211e-05, 1.2152005183452275e-05, 1.0632033990987111e-05, 1.0701285646064207e-05, 1.0148494766326621e-05, 9.93503363133641e-06, 7.940773684822489e-06, 7.717438165855128e-06, 9.060378033609595e-06, 9.973093256121501e-06, 1.0989943802997004e-05, 9.611324458091985e-06, 9.245071851182729e-06, 7.3539908953534905e-06, 9.082868928089738e-06, 6.80931816532393e-06, 6.743970061506843e-06, 4.941541192238219e-06, 5.0727094276226126e-06, 4.714312126452569e-06, 5.089851129014278e-06, 3.712059651661548e-06, 2.8796036986022955e-06, 2.7326072995492723e-06, 2.679853878362337e-06, 2.0318709630373633e-06, 1.7325533008261118e-06, 1.5186111568255e-06, 1.446849978492537e-06, 1.4123179425951093e-06, 9.374390401717392e-07, 8.543311764697137e-07, 6.507371494990366e-07, 4.999358225177275e-07, 3.6913576195729547e-07, 3.6975194461774663e-07, 3.536048325258889e-07, 2.464124406742485e-07, 1.845422303858868e-07, 1.735930936774821e-07, 1.0758711965763723e-07, 8.552196817390723e-08, 6.243610783940312e-08, 4.9268894741771874e-08, 3.367309631130411e-08, 2.0545943613115014e-08, 4.919110896395296e-09, 1.239453761847642e-09, 3.342150722840387e-10, 1.6411226544388313e-10, 6.51122211703381e-11, 2.0197142569511328e-11, 1.8982808380751948e-11, 1.701157791023089e-11, 1.5395011654373292e-11, 1.4963691744029894e-11, 1.4865705888489344e-11], "lowlevel.mfcc.mean": [-706.7920532226562, 124.65359497070312, 4.775946617126465, 50.6297492980957, 32.099674224853516, 26.446979522705078, 11.797819137573242, 18.52489471435547, 9.831623077392578, 8.908502578735352, 5.802603244781494, 6.52606725692749, 4.7949676513671875], "lowlevel.spectral_contrast_coeffs.mean": [-0.686008632183075, -0.8208281993865967, -0.8414583206176758, -0.8252164125442505, -0.8100914359092712, -0.75764000415802], "lowlevel.spectral_contrast_coeffs.stdev": [0.06649415194988251, 0.05685316398739815, 0.03655640780925751, 0.04480068385601044, 0.04043695330619812, 0.049488261342048645], "lowlevel.spectral_contrast_valleys.mean": [-6.754879474639893, -7.636857986450195, -8.04214859008789, -7.917715072631836, -7.963286876678467, -11.143773078918457], "lowlevel.spectral_contrast_valleys.stdev": [1.8841432332992554, 1.628051996231079, 1.626807451248169, 1.7227072715759277, 1.8085739612579346, 1.8619686365127563], "rhythm.beats_loudness_band_ratio.mean": [0.8586859107017517, 0.04127499461174011, 0.014863352291285992, 0.017969118431210518, 0.03629903122782707, 0.04095146059989929], "rhythm.beats_loudness_band_ratio.stdev": [0.20424233376979828, 0.1232139989733696, 0.03205695003271103, 0.050899405032396317, 0.06485918909311295, 0.0676293596625328], "tonal.hpcp.mean": [0.05760068818926811, 0.06292423605918884, 0.04687280207872391, 0.04220307618379593, 0.04282484948635101, 0.06281841546297073, 0.15353359282016754, 0.1714504212141037, 0.0770234763622284, 0.030122654512524605, 0.02709256485104561, 0.028858842328190804, 0.03550951927900314, 0.03227410465478897, 0.024533681571483612, 0.02316679246723652, 0.021310867741703987, 0.02178259752690792, 0.03348849341273308, 0.04218543320894241, 0.06297668814659119, 0.3657425343990326, 0.48309195041656494, 0.18341438472270966, 0.049162667244672775, 0.04613659530878067, 0.04199647530913353, 0.04115290939807892, 0.03575426712632179, 0.030573008581995964, 0.031708620488643646, 0.03639683499932289, 0.04476824775338173, 0.10231312364339828, 0.11847992986440659, 0.06421306729316711], "tonal.hpcp.stdev": [0.19589228928089142, 0.21311356127262115, 0.17527468502521515, 0.16045908629894257, 0.16134525835514069, 0.17585837841033936, 0.25908640027046204, 0.3156811594963074, 0.19079138338565826, 0.12906284630298615, 0.1253027617931366, 0.12743625044822693, 0.15121379494667053, 0.13150164484977722, 0.10741683840751648, 0.1140875443816185, 0.10494332760572433, 0.09642583876848221, 0.12716327607631683, 0.1331549435853958, 0.15999998152256012, 0.37176868319511414, 0.47492632269859314, 0.23294377326965332, 0.16874819993972778, 0.1711965948343277, 0.1627754271030426, 0.15596699714660645, 0.1363571286201477, 0.13359121978282928, 0.1400357037782669, 0.14961454272270203, 0.15206106007099152, 0.25035011768341064, 0.29544946551322937, 0.17933830618858337], "rhythm.beats_position": [0.5224489569664001, 1.0100680589675903, 1.486077070236206, 1.9504761695861816, 2.4148752689361572, 2.879274368286133, 3.3436734676361084, 3.808072566986084, 4.2724714279174805, 4.736870765686035, 5.201269626617432, 5.665668964385986, 6.130067825317383, 6.5944671630859375, 7.058866024017334, 7.523265361785889, 7.987664222717285, 8.45206356048584, 8.916461944580078, 9.380861282348633, 9.845260620117188, 10.309659957885742, 10.77405834197998, 11.238457679748535, 11.70285701751709, 12.167256355285645, 12.631654739379883, 13.096054077148438, 13.560453414916992, 14.024852752685547, 14.489251136779785, 14.95365047454834, 15.418049812316895, 15.88244915008545, 16.346847534179688, 16.799636840820312, 17.275646209716797, 17.74004554748535, 18.204444885253906, 18.6572322845459, 19.110021591186523, 19.574420928955078, 20.038820266723633, 20.503219604492188, 20.967618942260742, 21.432018280029297, 21.89641761779785, 22.360815048217773, 22.825214385986328, 23.289613723754883, 23.754013061523438, 24.218412399291992, 24.682811737060547, 25.1472110748291, 25.611610412597656, 26.076007843017578, 26.540407180786133, 27.004806518554688, 27.469205856323242, 27.933605194091797, 28.39800453186035, 28.862403869628906, 29.326801300048828, 29.791200637817383, 30.255599975585938, 30.719999313354492, 31.184398651123047, 31.6487979888916, 32.113197326660156, 32.57759475708008, 33.041996002197266, 33.50639343261719, 33.970794677734375, 34.4351921081543, 34.89958953857422, 35.363990783691406, 35.82838821411133, 36.292789459228516, 36.74557876586914, 37.198368072509766, 37.66276550292969, 38.12716293334961, 38.5915641784668, 39.05596160888672, 39.520362854003906], "rhythm.bpm_histogram": [0.0, 0.0, 0.0, 0.0, 0.0, 0.0, 0.0, 0.0, 0.0, 0.0, 0.0, 0.0, 0.0, 0.0, 0.0, 0.0, 0.0, 0.0, 0.0, 0.0, 0.0, 0.0, 0.0, 0.0, 0.0, 0.0, 0.0, 0.0, 0.0, 0.0, 0.0, 0.0, 0.0, 0.0, 0.0, 0.0, 0.0, 0.0, 0.0, 0.0, 0.0, 0.0, 0.0, 0.0, 0.0, 0.0, 0.0, 0.0, 0.0, 0.0, 0.0, 0.0, 0.0, 0.0, 0.0, 0.0, 0.0, 0.0, 0.0, 0.0, 0.0, 0.0, 0.0, 0.0, 0.0, 0.0, 0.0, 0.0, 0.0, 0.0, 0.0, 0.0, 0.0, 0.0, 0.0, 0.0, 0.0, 0.0, 0.0, 0.0, 0.0, 0.0, 0.0, 0.0, 0.0, 0.0, 0.0, 0.0, 0.0, 0.0, 0.0, 0.0, 0.0, 0.0, 0.0, 0.0, 0.0, 0.0, 0.0, 0.0, 0.0, 0.0, 0.0, 0.0, 0.0, 0.0, 0.0, 0.0, 0.0, 0.0, 0.0, 0.0, 0.0, 0.0, 0.0, 0.0, 0.0, 0.0, 0.0, 0.0, 0.0, 0.0, 0.0, 0.011904762126505375, 0.0, 0.0, 0.02380952425301075, 0.0, 0.0, 0.9047619104385376, 0.0, 0.0, 0.0, 0.0595238097012043, 0.0, 0.0, 0.0, 0.0, 0.0, 0.0, 0.0, 0.0, 0.0, 0.0, 0.0, 0.0, 0.0, 0.0, 0.0, 0.0, 0.0, 0.0, 0.0, 0.0, 0.0, 0.0, 0.0, 0.0, 0.0, 0.0, 0.0, 0.0, 0.0, 0.0, 0.0, 0.0, 0.0, 0.0, 0.0, 0.0, 0.0, 0.0, 0.0, 0.0, 0.0, 0.0, 0.0, 0.0, 0.0, 0.0, 0.0, 0.0, 0.0, 0.0, 0.0, 0.0, 0.0, 0.0, 0.0, 0.0, 0.0, 0.0, 0.0, 0.0, 0.0, 0.0, 0.0, 0.0, 0.0, 0.0, 0.0, 0.0, 0.0, 0.0, 0.0, 0.0, 0.0, 0.0, 0.0, 0.0, 0.0, 0.0, 0.0, 0.0, 0.0, 0.0, 0.0, 0.0, 0.0, 0.0, 0.0, 0.0, 0.0, 0.0, 0.0, 0.0, 0.0, 0.0, 0.0, 0.0, 0.0, 0.0, 0.0, 0.0, 0.0, 0.0, 0.0, 0.0, 0.0, 0.0, 0.0, 0.0, 0.0, 0.0, 0.0, 0.0, 0.0, 0.0, 0.0, 0.0], "tonal.chords_histogram": [19.44444465637207, 1.5046296119689941, 1.0416666269302368, 0.0, 0.0, 0.6944444179534912, 1.1574074029922485, 0.0, 1.0416666269302368, 0.6944444179534912, 0.0, 0.0, 0.0, 0.0, 0.11574073880910873, 7.986111164093018, 14.814814567565918, 18.75, 0.0, 0.0, 0.0, 1.5046296119689941, 8.564814567565918, 22.685184478759766], "tonal.thpcp": [1.0, 0.37966763973236084, 0.1017666831612587, 0.09550271928310394, 0.08693267405033112, 0.08518649637699127, 0.07401131093502045, 0.06328610330820084, 0.06563682109117508, 0.07534142583608627, 0.09267023950815201, 0.2117880880832672, 0.24525336921215057, 0.1329210102558136, 0.1192333847284317, 0.1302531212568283, 0.09702666848897934, 0.08736033737659454, 0.08864741027355194, 0.13003407418727875, 0.317814439535141, 0.3549022376537323, 0.15943853557109833, 0.06235387548804283, 0.05608158931136131, 0.059737782925367355, 0.07350467890501022, 0.06680737435817719, 0.050784703344106674, 0.04795524477958679, 0.04411347955465317, 0.0450899600982666, 0.0693211555480957, 0.08732381463050842, 0.13036170601844788, 0.7570868134498596], "lowlevel.gfcc.cov": [[28516.5078125, 781.3517456054688, -1633.3189697265625, 2445.526123046875, -11.31960391998291, 1051.330322265625, -393.85369873046875, 713.0333251953125, 258.426025390625, 197.11935424804688, 143.86415100097656, 178.5323944091797, 274.1532287597656], [781.3517456054688, 2725.536865234375, 454.5382385253906, -173.2203826904297, 543.2754516601562, -452.27398681640625, 323.1555480957031, -322.4900817871094, 319.91619873046875, -242.57989501953125, 324.8713684082031, -239.23829650878906, 194.7133331298828], [-1633.3189697265625, 454.5382385253906, 1284.63525390625, 47.100914001464844, 128.27023315429688, -46.955474853515625, 39.93342208862305, -49.03439712524414, -65.01766204833984, 2.893871545791626, -70.30243682861328, 4.242746829986572, -73.672119140625], [2445.526123046875, -173.2203826904297, 47.100914001464844, 717.013916015625, 135.022216796875, 168.1696319580078, 13.102378845214844, 80.95330810546875, 12.492185592651367, -33.732975006103516, -3.009829521179199, -7.833619594573975, 49.805946350097656], [-11.31960391998291, 543.2754516601562, 128.27023315429688, 135.022216796875, 510.33953857421875, -29.90937042236328, 214.9959259033203, -43.133628845214844, 135.59817504882812, -56.98638916015625, 120.69905090332031, -62.78550720214844, 52.44066619873047], [1051.330322265625, -452.27398681640625, -46.955474853515625, 168.1696319580078, -29.90937042236328, 277.48638916015625, 10.670416831970215, 110.79630279541016, -27.19341468811035, 62.8961067199707, -25.673437118530273, 31.200088500976562, -27.962881088256836], [-393.85369873046875, 323.1555480957031, 39.93342208862305, 13.102378845214844, 214.9959259033203, 10.670416831970215, 240.9393768310547, -22.824005126953125, 79.26789093017578, -52.141300201416016, 83.16732025146484, -55.628231048583984, 26.6441593170166], [713.0333251953125, -322.4900817871094, -49.03439712524414, 80.95330810546875, -43.133628845214844, 110.79630279541016, -22.824005126953125, 136.7161407470703, -11.799720764160156, 52.14290237426758, -44.75556182861328, 40.536930084228516, -30.049232482910156], [258.426025390625, 319.91619873046875, -65.01766204833984, 12.492185592651367, 135.59817504882812, -27.19341468811035, 79.26789093017578, -11.799720764160156, 137.666015625, -3.0912513732910156, 85.62222290039062, -48.67552185058594, 41.56539535522461], [197.11935424804688, -242.57989501953125, 2.893871545791626, -33.732975006103516, -56.98638916015625, 62.8961067199707, -52.141300201416016, 52.14290237426758, -3.0912513732910156, 136.0735321044922, -0.33662477135658264, 32.75632858276367, -45.00483322143555], [143.86415100097656, 324.8713684082031, -70.30243682861328, -3.009829521179199, 120.69905090332031, -25.673437118530273, 83.16732025146484, -44.75556182861328, 85.62222290039062, -0.33662477135658264, 136.91697692871094, -32.00589370727539, 51.50495910644531], [178.5323944091797, -239.23829650878906, 4.242746829986572, -7.833619594573975, -62.78550720214844, 31.200088500976562, -55.628231048583984, 40.536930084228516, -48.67552185058594, 32.75632858276367, -32.00589370727539, 83.045654296875, -12.633639335632324], [274.1532287597656, 194.7133331298828, -73.672119140625, 49.805946350097656, 52.44066619873047, -27.962881088256836, 26.6441593170166, -30.049232482910156, 41.56539535522461, -45.00483322143555, 51.50495910644531, -12.633639335632324, 87.03341674804688]], "lowlevel.gfcc.icov": [[0.00021681247744709253, -0.0008017633226700127, 0.0005684702773578465, -0.0007903824443928897, 0.00016054071602411568, -0.0009347398299723864, 0.0005017530056647956, -0.0005919901304878294, 0.0002352553856326267, -0.0006554962019436061, 0.0006078272126615047, -0.001102707115933299, 0.00031814799876883626], [-0.0008017633226700127, 0.004337731283158064, -0.0027607837691903114, 0.00321494834497571, -0.0007644190336577594, 0.00447036512196064, -0.0016978082712739706, 0.0023540863767266273, -0.002228780183941126, 0.0038247862830758095, -0.004108536522835493, 0.005438406951725483, -0.0018632784485816956], [0.0005684702773578465, -0.0027607837691903114, 0.0027963449247181416, -0.0024327754508703947, 9.629170381231233e-05, -0.0026438026688992977, 0.0008309262339025736, -0.0008283746428787708, 0.001673774910159409, -0.0029318074230104685, 0.0033365378621965647, -0.0038153640925884247, 0.0018535031704232097], [-0.0007903824443928897, 0.00321494834497571, -0.0024327754508703947, 0.005184166599065065, -0.001561263925395906, 0.002145712962374091, -0.0005535160889849067, 0.0007748159114271402, -0.0006080648163333535, 0.0037151318974792957, -0.002753559499979019, 0.005495710298418999, -0.00302305375225842], [0.00016054071602411568, -0.0007644190336577594, 9.629170381231233e-05, -0.001561263925395906, 0.004456188064068556, -0.00025510205887258053, -0.0023920463863760233, 0.00018252036534249783, -0.0023051975294947624, -0.00016945933748502284, -0.00026598761905916035, -0.002150595188140869, 0.0010662992717698216], [-0.0009347398299723864, 0.00447036512196064, -0.0026438026688992977, 0.002145712962374091, -0.00025510205887258053, 0.011833054013550282, -0.0044141970574855804, -0.0011780766071751714, 0.00035143725108355284, 0.0010262145660817623, -0.0043052746914327145, 0.006068311166018248, -0.0018310265149921179], [0.0005017530056647956, -0.0016978082712739706, 0.0008309262339025736, -0.0005535160889849067, -0.0023920463863760233, -0.0044141970574855804, 0.010829893872141838, -0.0032251349184662104, -0.00014118956460151821, 0.00324251689016819, -0.0031949770636856556, 0.00040541222551837564, 0.002525815274566412], [-0.0005919901304878294, 0.0023540863767266273, -0.0008283746428787708, 0.0007748159114271402, 0.00018252036534249783, -0.0011780766071751714, -0.0032251349184662104, 0.018685683608055115, -0.006750141736119986, -0.0012807406019419432, 0.005123884417116642, -0.0037973576691001654, 0.0013818356674164534], [0.0002352553856326267, -0.002228780183941126, 0.001673774910159409, -0.0006080648163333535, -0.0023051975294947624, 0.00035143725108355284, -0.00014118956460151821, -0.006750141736119986, 0.020500248298048973, -0.0055503384210169315, -0.003911362495273352, 0.006314161699265242, -0.004204775672405958], [-0.0006554962019436061, 0.0038247862830758095, -0.0029318074230104685, 0.0037151318974792957, -0.00016945933748502284, 0.0010262145660817623, 0.00324251689016819, -0.0012807406019419432, -0.0055503384210169315, 0.01908046007156372, -0.010606217198073864, 0.0013931143330410123, 0.0068931253626942635], [0.0006078272126615047, -0.004108536522835493, 0.0033365378621965647, -0.002753559499979019, -0.00026598761905916035, -0.0043052746914327145, -0.0031949770636856556, 0.005123884417116642, -0.003911362495273352, -0.010606217198073864, 0.024139750748872757, -0.00646105594933033, -0.005638497415930033], [-0.001102707115933299, 0.005438406951725483, -0.0038153640925884247, 0.005495710298418999, -0.002150595188140869, 0.006068311166018248, 0.00040541222551837564, -0.0037973576691001654, 0.006314161699265242, 0.0013931143330410123, -0.00646105594933033, 0.02851860038936138, -0.007589633110910654], [0.00031814799876883626, -0.0018632784485816956, 0.0018535031704232097, -0.00302305375225842, 0.0010662992717698216, -0.0018310265149921179, 0.002525815274566412, 0.0013818356674164534, -0.004204775672405958, 0.0068931253626942635, -0.005638497415930033, -0.007589633110910654, 0.02423587627708912]], "lowlevel.mfcc.cov": [[23857.33984375, -698.5769653320312, -790.2193603515625, 1249.6019287109375, 783.7086181640625, 550.770751953125, 44.30943298339844, 569.3038330078125, 322.2222595214844, 189.5459442138672, 163.80772399902344, 227.78387451171875, 218.615234375], [-698.5769653320312, 2634.94677734375, 92.05226135253906, 343.24517822265625, 163.44256591796875, 61.87980651855469, 57.8538818359375, -8.609004974365234, -33.035457611083984, 20.33601188659668, 62.45696258544922, 60.991085052490234, 45.521793365478516], [-790.2193603515625, 92.05226135253906, 967.0027465820312, 103.70317077636719, 36.96228790283203, 0.7948358654975891, 11.887228012084961, -40.853294372558594, -10.078579902648926, -37.515071868896484, -34.49455261230469, -39.36201095581055, -32.766441345214844], [1249.6019287109375, 343.24517822265625, 103.70317077636719, 536.2676391601562, 236.30479431152344, 129.50579833984375, 82.19529724121094, 95.43927764892578, 52.13164520263672, 26.428638458251953, -12.320173263549805, 12.48829174041748, 13.429729461669922], [783.7086181640625, 163.44256591796875, 36.96228790283203, 236.30479431152344, 248.67762756347656, 109.42914581298828, 58.49521255493164, 59.6713981628418, 41.73836898803711, 32.6343879699707, 17.274600982666016, 26.078556060791016, 18.709980010986328], [550.770751953125, 61.87980651855469, 0.7948358654975891, 129.50579833984375, 109.42914581298828, 170.7939453125, 104.40631866455078, 62.42274475097656, 34.76918411254883, 40.6599235534668, 34.33527755737305, 37.8819465637207, 16.716211318969727], [44.30943298339844, 57.8538818359375, 11.887228012084961, 82.19529724121094, 58.49521255493164, 104.40631866455078, 147.02627563476562, 75.55651092529297, 31.343029022216797, 32.27329635620117, 28.082433700561523, 28.492740631103516, 9.94409465789795], [569.3038330078125, -8.609004974365234, -40.853294372558594, 95.43927764892578, 59.6713981628418, 62.42274475097656, 75.55651092529297, 134.43682861328125, 57.312347412109375, 16.579944610595703, 1.9628840684890747, 8.757821083068848, 4.391189098358154], [322.2222595214844, -33.035457611083984, -10.078579902648926, 52.13164520263672, 41.73836898803711, 34.76918411254883, 31.343029022216797, 57.312347412109375, 73.04806518554688, 33.37445831298828, 10.367242813110352, 10.03203010559082, 3.8621764183044434], [189.5459442138672, 20.33601188659668, -37.515071868896484, 26.428638458251953, 32.6343879699707, 40.6599235534668, 32.27329635620117, 16.579944610595703, 33.37445831298828, 70.84139251708984, 47.27569580078125, 26.001985549926758, 13.428194046020508], [163.80772399902344, 62.45696258544922, -34.49455261230469, -12.320173263549805, 17.274600982666016, 34.33527755737305, 28.082433700561523, 1.9628840684890747, 10.367242813110352, 47.27569580078125, 94.18077087402344, 44.006874084472656, 18.234434127807617], [227.78387451171875, 60.991085052490234, -39.36201095581055, 12.48829174041748, 26.078556060791016, 37.8819465637207, 28.492740631103516, 8.757821083068848, 10.03203010559082, 26.001985549926758, 44.006874084472656, 63.397586822509766, 26.113018035888672], [218.615234375, 45.521793365478516, -32.766441345214844, 13.429729461669922, 18.709980010986328, 16.716211318969727, 9.94409465789795, 4.391189098358154, 3.8621764183044434, 13.428194046020508, 18.234434127807617, 26.113018035888672, 48.05327606201172]], "lowlevel.mfcc.icov": [[6.444410246331245e-05, 3.8067370041972026e-05, 3.752448537852615e-05, -0.00013521955406758934, -2.568295894889161e-05, -0.00016751476505305618, 0.0003432236844673753, -0.0002614406985230744, 6.591066266992129e-06, 4.078717029187828e-05, -0.00011786082177422941, -9.582519123796374e-05, -0.0001598614762770012], [3.8067370041972026e-05, 0.0004711298970505595, 8.35468563309405e-06, -0.000424048223067075, -9.576073352945969e-05, 0.0001403341011609882, 2.26308166020317e-05, -1.1515687219798565e-05, 0.0003950719255954027, 0.00010654593643266708, -0.00038357567973434925, -0.0002817210042849183, -0.0002733323199208826], [3.752448537852615e-05, 8.35468563309405e-06, 0.0012105850037187338, -0.0003621209762059152, -0.00015009385242592543, -1.2535680070868693e-05, -0.0004687892214860767, 0.0009214860619977117, -0.0006647984264418483, 0.000958282093051821, -0.00027384774875827134, 0.0005684406496584415, 0.0004043095977976918], [-0.00013521955406758934, -0.000424048223067075, -0.0003621209762059152, 0.004127332009375095, -0.002739093964919448, -0.000526823045220226, -0.0005635142442770302, -0.000699470576364547, 1.387044267175952e-05, -0.0007762556779198349, 0.0018813168862834573, 0.0005560985882766545, 0.0002464790013618767], [-2.568295894889161e-05, -9.576073352945969e-05, -0.00015009385242592543, -0.002739093964919448, 0.008386802859604359, -0.0032578613609075546, 0.0012578635942190886, -0.00027336468338035047, -0.0012682657688856125, -0.00029201156576164067, -0.0003453946264926344, -0.0004546534619294107, -0.0009351014741696417], [-0.00016751476505305618, 0.0001403341011609882, -1.2535680070868693e-05, -0.000526823045220226, -0.0032578613609075546, 0.014570946805179119, -0.008264616131782532, 0.0006533266277983785, 0.00034198947832919657, -0.0018819465767592192, -0.00012200703349662945, -0.002618274185806513, 0.0005856456700712442], [0.0003432236844673753, 2.26308166020317e-05, -0.0004687892214860767, -0.0005635142442770302, 0.0012578635942190886, -0.008264616131782532, 0.017306150868535042, -0.008352315053343773, 0.0027836994268000126, -0.002496874425560236, -0.0010168139124289155, -0.002326653338968754, -5.371995212044567e-05], [-0.0002614406985230744, -1.1515687219798565e-05, 0.0009214860619977117, -0.000699470576364547, -0.00027336468338035047, 0.0006533266277983785, -0.008352315053343773, 0.01802035979926586, -0.01170791033655405, 0.005354208406060934, 0.00023644491739105433, 0.0020451757591217756, 0.00022868539963383228], [6.591066266992129e-06, 0.0003950719255954027, -0.0006647984264418483, 1.387044267175952e-05, -0.0012682657688856125, 0.00034198947832919657, 0.0027836994268000126, -0.01170791033655405, 0.02830815315246582, -0.013830255717039108, 0.0034596137702465057, -0.0018825659062713385, 0.00130704406183213], [4.078717029187828e-05, 0.00010654593643266708, 0.000958282093051821, -0.0007762556779198349, -0.00029201156576164067, -0.0018819465767592192, -0.002496874425560236, 0.005354208406060934, -0.013830255717039108, 0.030725227668881416, -0.012647954747080803, 0.0013216190272942185, -0.0020134879741817713], [-0.00011786082177422941, -0.00038357567973434925, -0.00027384774875827134, 0.0018813168862834573, -0.0003453946264926344, -0.00012200703349662945, -0.0010168139124289155, 0.00023644491739105433, 0.0034596137702465057, -0.012647954747080803, 0.022217771038413048, -0.010290853679180145, 0.0009705434204079211], [-9.582519123796374e-05, -0.0002817210042849183, 0.0005684406496584415, 0.0005560985882766545, -0.0004546534619294107, -0.002618274185806513, -0.002326653338968754, 0.0020451757591217756, -0.0018825659062713385, 0.0013216190272942185, -0.010290853679180145, 0.0303706843405962, -0.01049955002963543], [-0.0001598614762770012, -0.0002733323199208826, 0.0004043095977976918, 0.0002464790013618767, -0.0009351014741696417, 0.0005856456700712442, -5.371995212044567e-05, 0.00022868539963383228, 0.00130704406183213, -0.0020134879741817713, 0.0009705434204079211, -0.01049955002963543, 0.02794880047440529]], "metadata.audio_properties.analysis.downmix": "mix", "metadata.audio_properties.codec": "mp3", "metadata.audio_properties.md5_encoded": "79b096e6dc46a96f005d766d0870a715", "metadata.tags.file_name": "1182276054354755654.mp3", "metadata.ver