{"song_id": "1182274133531299880", "download": "https://cdn.discordapp.com/attachments/1135903449314238464/1182274133531299880/chirp.mp4?ex=65841997&amp", "lyrics": "Wave goodbye to tooth decay,\nSmile bright, hip hip hooray!\n\nOutro:\nGululu, gululu, what a wonderful feat,\nOur teeth are clean, oh so neat!\nTogether we've brushed, and had some fun,\nHealthy teeth for everyone!", "style": ["happy song for kids"], "essentia_features": {"lowlevel.average_loudness": 0.9798147082328796, "lowlevel.barkbands_crest.mean": 10.675955772399902, "lowlevel.barkbands_crest.stdev": 3.718742609024048, "lowlevel.barkbands_flatness_db.mean": 0.1391047239303589, "lowlevel.barkbands_flatness_db.stdev": 0.03965403884649277, "lowlevel.barkbands_kurtosis.mean": 5.634884357452393, "lowlevel.barkbands_kurtosis.stdev": 9.267035484313965, "lowlevel.barkbands_skewness.mean": 1.7632222175598145, "lowlevel.barkbands_skewness.stdev": 1.4998852014541626, "lowlevel.barkbands_spread.mean": 26.296613693237305, "lowlevel.barkbands_spread.stdev": 16.877609252929688, "lowlevel.dissonance.mean": 0.46204179525375366, "lowlevel.dissonance.stdev": 0.023937074467539787, "lowlevel.dynamic_complexity": 2.025594711303711, "lowlevel.erbbands_crest.mean": 10.630990028381348, "lowlevel.erbbands_crest.stdev": 5.862491607666016, "lowlevel.erbbands_flatness_db.mean": 0.14456257224082947, "lowlevel.erbbands_flatness_db.stdev": 0.04784661903977394, "lowlevel.erbbands_kurtosis.mean": 0.4285188615322113, "lowlevel.erbbands_kurtosis.stdev": 3.1888229846954346, "lowlevel.erbbands_skewness.mean": 0.3659874498844147, "lowlevel.erbbands_skewness.stdev": 0.8592143654823303, "lowlevel.erbbands_spread.mean": 52.741886138916016, "lowlevel.erbbands_spread.stdev": 26.19590950012207, "lowlevel.hfc.mean": 28.42557144165039, "lowlevel.hfc.stdev": 17.359495162963867, "lowlevel.loudness_ebu128.integrated": -11.561120986938477, "lowlevel.loudness_ebu128.loudness_range": 2.0195846557617188, "lowlevel.loudness_ebu128.momentary.mean": -11.7804536819458, "lowlevel.loudness_ebu128.momentary.stdev": 1.45976984500885, "lowlevel.loudness_ebu128.short_term.mean": -11.693102836608887, "lowlevel.loudness_ebu128.short_term.stdev": 0.8358829617500305, "lowlevel.melbands_crest.mean": 14.84660816192627, "lowlevel.melbands_crest.stdev": 4.601158618927002, "lowlevel.melbands_flatness_db.mean": 0.19323235750198364, "lowlevel.melbands_flatness_db.stdev": 0.048314474523067474, "lowlevel.melbands_kurtosis.mean": 21.66356658935547, "lowlevel.melbands_kurtosis.stdev": 25.523977279663086, "lowlevel.melbands_skewness.mean": 3.3499889373779297, "lowlevel.melbands_skewness.stdev": 2.216010332107544, "lowlevel.melbands_spread.mean": 25.002599716186523, "lowlevel.melbands_spread.stdev": 19.5639705657959, "lowlevel.pitch_salience.mean": 0.5060663819313049, "lowlevel.pitch_salience.stdev": 0.0994734987616539, "lowlevel.silence_rate_20dB.mean": 1.0, "lowlevel.silence_rate_20dB.stdev": 0.0, "lowlevel.silence_rate_30dB.mean": 1.0, "lowlevel.silence_rate_30dB.stdev": 0.0, "lowlevel.silence_rate_60dB.mean": 0.00865460280328989, "lowlevel.silence_rate_60dB.stdev": 0.09262683987617493, "lowlevel.spectral_centroid.mean": 1485.1212158203125, "lowlevel.spectral_centroid.stdev": 782.9818115234375, "lowlevel.spectral_complexity.mean": 16.86073875427246, "lowlevel.spectral_complexity.stdev": 6.461918354034424, "lowlevel.spectral_decrease.mean": -7.366826260124526e-09, "lowlevel.spectral_decrease.stdev": 3.926476921378708e-09, "lowlevel.spectral_energy.mean": 0.03038238361477852, "lowlevel.spectral_energy.stdev": 0.015567312017083168, "lowlevel.spectral_energyband_high.mean": 0.0018309467704966664, "lowlevel.spectral_energyband_high.stdev": 0.001668849727138877, "lowlevel.spectral_energyband_low.mean": 0.00846398901194334, "lowlevel.spectral_energyband_low.stdev": 0.01124885119497776, "lowlevel.spectral_energyband_middle_high.mean": 0.007145547773689032, "lowlevel.spectral_energyband_middle_high.stdev": 0.008706376887857914, "lowlevel.spectral_energyband_middle_low.mean": 0.014270768500864506, "lowlevel.spectral_energyband_middle_low.stdev": 0.011156872846186161, "lowlevel.spectral_entropy.mean": 7.605276107788086, "lowlevel.spectral_entropy.stdev": 0.3810407221317291, "lowlevel.spectral_flux.mean": 0.08460678905248642, "lowlevel.spectral_flux.stdev": 0.05201520025730133, "lowlevel.spectral_kurtosis.mean": 2.5539002418518066, "lowlevel.spectral_kurtosis.stdev": 1.4173954725265503, "lowlevel.spectral_rms.mean": 0.005262073595076799, "lowlevel.spectral_rms.stdev": 0.0013971141306683421, "lowlevel.spectral_rolloff.mean": 1680.04833984375, "lowlevel.spectral_rolloff.stdev": 1946.1016845703125, "lowlevel.spectral_skewness.mean": 1.2432425022125244, "lowlevel.spectral_skewness.stdev": 0.35222160816192627, "lowlevel.spectral_spread.mean": 5890642.0, "lowlevel.spectral_spread.stdev": 1802299.25, "lowlevel.spectral_strongpeak.mean": 1.5572870969772339, "lowlevel.spectral_strongpeak.stdev": 1.7381592988967896, "lowlevel.zerocrossingrate.mean": 0.07583150267601013, "lowlevel.zerocrossingrate.stdev": 0.04480390250682831, "metadata.audio_properties.analysis.equal_loudness": 0.0, "metadata.audio_properties.analysis.length": 29.48265266418457, "metadata.audio_properties.analysis.sample_rate": 44100.0, "metadata.audio_properties.analysis.start_time": 0.0, "metadata.audio_properties.bit_rate": 117945.0, "metadata.audio_properties.length": 29.482666015625, "metadata.audio_properties.lossless": 0.0, "metadata.audio_properties.number_channels": 1.0, "metadata.audio_properties.replay_gain": -14.828346252441406, "metadata.audio_properties.sample_rate": 48000.0, "rhythm.beats_count": 57.0, "rhythm.beats_loudness.mean": 0.03229033201932907, "rhythm.beats_loudness.stdev": 0.009760408662259579, "rhythm.bpm": 117.51109313964844, "rhythm.bpm_histogram_first_peak_bpm": 117.0, "rhythm.bpm_histogram_first_peak_weight": 0.12962961196899414, "rhythm.bpm_histogram_second_peak_bpm": 112.0, "rhythm.bpm_histogram_second_peak_spread": 0.0, "rhythm.bpm_histogram_second_peak_weight": 0.0357142873108387, "rhythm.danceability": 1.320875883102417, "rhythm.onset_rate": 4.203254222869873, "tonal.chords_changes_rate": 0.028301887214183807, "tonal.chords_number_rate": 0.007861635647714138, "tonal.chords_strength.mean": 0.5522836446762085, "tonal.chords_strength.stdev": 0.07173019647598267, "tonal.hpcp_crest.mean": 18.399402618408203, "tonal.hpcp_crest.stdev": 7.693655967712402, "tonal.hpcp_entropy.mean": 1.432909369468689, "tonal.hpcp_entropy.stdev": 0.6536164283752441, "tonal.key_edma.strength": 0.7789155840873718, "tonal.key_krumhansl.strength": 0.7867581844329834, "tonal.key_temperley.strength": 0.7894564270973206, "tonal.tuning_diatonic_strength": 0.7089036703109741, "tonal.tuning_equal_tempered_deviation": 0.06098378449678421, "tonal.tuning_frequency": 438.7310485839844, "tonal.tuning_nontempered_energy_ratio": 0.6599029898643494, "lowlevel.barkbands.mean": [0.00014444105909205973, 0.002645015250891447, 0.004567290190607309, 0.0031159897334873676, 0.003126311581581831, 0.004898552782833576, 0.0011003438849002123, 0.0006813376094214618, 0.0009512436226941645, 0.0009073883993551135, 0.0017057909863069654, 0.0012378868414089084, 0.0009806678863242269, 0.0004908453556708992, 0.0005166702903807163, 0.00023276610590983182, 0.0002117836702382192, 0.0004013385623693466, 0.00033848569728434086, 0.0009170319535769522, 0.00035096018109470606, 0.00013992784079164267, 0.0001715852558845654, 0.0002507426543161273, 0.00021400395780801773, 8.317174797412008e-05, 8.268760325336189e-07], "lowlevel.barkbands.stdev": [0.00014102173736318946, 0.006644891574978828, 0.005385241936892271, 0.0029292732942849398, 0.005217873025685549, 0.008066147565841675, 0.003607633989304304, 0.001503370120190084, 0.0027789119631052017, 0.0027081023436039686, 0.004244132433086634, 0.0034663609694689512, 0.0028725373558700085, 0.0016084712697193027, 0.0015983582707121968, 0.000623818370513618, 0.00046780300908721983, 0.0010330696823075414, 0.00042200242751277983, 0.0011166369076818228, 0.0003992191923316568, 0.0003064992488361895, 0.0003852018853649497, 0.0005894484929740429, 0.0003066171775572002, 0.00010901647328864783, 2.621040039230138e-06], "lowlevel.erbbands.mean": [0.03524650260806084, 0.7689098119735718, 4.286901950836182, 8.289556503295898, 13.754117012023926, 7.930208206176758, 11.658062934875488, 55.81670379638672, 24.785207748413086, 16.010046005249023, 8.729998588562012, 25.29218101501465, 27.424524307250977, 28.606342315673828, 89.54682159423828, 54.104068756103516, 47.72794723510742, 30.347265243530273, 32.60981369018555, 15.290661811828613, 12.065999031066895, 12.985749244689941, 23.44046401977539, 15.847917556762695, 19.82318687438965, 40.55837631225586, 29.551198959350586, 8.119901657104492, 5.34879207611084, 4.678943634033203, 4.827351093292236, 4.150726795196533, 4.831381320953369, 3.0379579067230225, 1.1452463865280151, 0.4459556043148041, 0.14011698961257935, 0.015203713439404964, 0.00031438434962183237, 5.2035131375305355e-05], "lowlevel.erbbands.stdev": [0.09252028912305832, 1.854832410812378, 6.082040309906006, 5.8553080558776855, 16.942768096923828, 17.129974365234375, 16.739126205444336, 95.87442779541016, 58.756107330322266, 33.1806640625, 26.97125816345215, 73.67329406738281, 69.46550750732422, 89.33723449707031, 217.17434692382812, 153.90203857421875, 130.35487365722656, 78.71829223632812, 97.10698699951172, 31.17326545715332, 24.10839080810547, 24.045459747314453, 60.525596618652344, 22.837671279907227, 24.120407104492188, 50.1744270324707, 33.202388763427734, 10.096254348754883, 11.179675102233887, 12.682808876037598, 10.322983741760254, 9.434808731079102, 11.331381797790527, 5.102159023284912, 1.4986724853515625, 0.5706868171691895, 0.19008298218250275, 0.022737132385373116, 0.0004270309582352638, 2.8713793653878383e-05], "lowlevel.gfcc.mean": [24.878990173339844, 69.42679595947266, -103.9584732055664, 39.42961502075195, -65.93336486816406, 16.67066764831543, -43.09181213378906, 5.909334182739258, -44.14997482299805, 5.358520030975342, -18.288097381591797, -7.27396297454834, -10.335201263427734], "lowlevel.melbands.mean": [0.0005225068889558315, 0.0018729673465713859, 0.0016903140349313617, 0.0007655419176444411, 0.0004163181292824447, 0.0011361539363861084, 0.00033848738530650735, 0.00017513663624413311, 5.98445585637819e-05, 0.00017185034812428057, 0.00013314388343133032, 0.0001024265366140753, 0.00024987541837617755, 0.00019361849990673363, 0.00010212582856183872, 9.539167513139546e-05, 5.277035234030336e-05, 5.2727842557942495e-05, 2.751095780695323e-05, 2.0465353372856043e-05, 1.2384903129714075e-05, 1.2330766367085744e-05, 2.3321195840253495e-05, 1.4078883395995945e-05, 1.2675250218308065e-05, 1.2531451830000151e-05, 1.7438787835999392e-05, 3.068740261369385e-05, 2.4122480681398883e-05, 8.496308510075323e-06, 3.314443574709003e-06, 3.023990075234906e-06, 2.58479053627525e-06, 2.6867687665799167e-06, 2.7928940653509926e-06, 2.565186150604859e-06, 2.590722715467564e-06, 3.5491066228132695e-06, 3.1817723993299296e-06, 2.382506181675126e-06], "lowlevel.melbands.stdev": [0.0013185546267777681, 0.002809686353430152, 0.0012029788922518492, 0.0013421684270724654, 0.0005632559768855572, 0.0018886571051552892, 0.000851297052577138, 0.0003579593321774155, 0.00022533212904818356, 0.0005088691832497716, 0.00034780503483489156, 0.0003837089170701802, 0.0006055344711057842, 0.00045873154886066914, 0.00029823879594914615, 0.0002829446457326412, 0.00017355244199279696, 0.00015865413297433406, 8.501869888277724e-05, 5.781329673482105e-05, 2.7215253794565797e-05, 2.6562087441561744e-05, 6.42258019070141e-05, 3.2044208637671545e-05, 1.9329148926772177e-05, 1.805063038773369e-05, 2.3127722670324147e-05, 3.990226105088368e-05, 2.983877857332118e-05, 1.0905675480898935e-05, 5.891314685868565e-06, 6.325195045064902e-06, 6.6135994529759046e-06, 8.079495273705106e-06, 6.359132385114208e-06, 5.605305432254681e-06, 6.1311911849770695e-06, 9.193929145112634e-06, 6.261346243263688e-06, 3.857117917505093e-06], "lowlevel.melbands128.mean": [5.0413887947797775e-05, 0.00016307091573253274, 0.0005690404213964939, 0.0014751455746591091, 0.001976107247173786, 0.002375948242843151, 0.0015453585656359792, 0.001764205051586032, 0.0015164508949965239, 0.0006332291522994637, 0.0003512280236463994, 0.000329211528878659, 0.00018457362602930516, 0.0007209006580524147, 0.0017828033305704594, 0.0009867860935628414, 0.00047001460916362703, 0.00023965266882441938, 0.0001434189616702497, 0.00016572989989072084, 0.0002362365776207298, 5.906128717469983e-05, 3.885863407049328e-05, 3.7476809666259214e-05, 0.00015632454596925527, 0.00027463329024612904, 0.00010009503603214398, 0.00017069431487470865, 7.10088133928366e-05, 0.00013353503891266882, 9.843250882113352e-05, 7.353766704909503e-05, 0.00019336324476171285, 0.0005388775025494397, 0.000142710268846713, 0.00014036534412298352, 0.00016222936392296106, 5.040422183810733e-05, 0.00012009091733489186, 0.0001147288567153737, 0.00011320272460579872, 1.977555439225398e-05, 4.626419104170054e-05, 8.753570728003979e-05, 2.3668022549827583e-05, 6.346774898702279e-05, 6.339950778055936e-05, 2.1851863493793644e-05, 1.702093140920624e-05, 1.2497143870859873e-05, 2.780589238682296e-05, 2.1952235329081304e-05, 6.513027528853854e-06, 1.1720509064616635e-05, 1.5874848031671718e-05, 1.3423157724901102e-05, 7.262023245857563e-06, 1.2670527212321758e-05, 3.9004760765237734e-05, 2.842510184564162e-05, 5.983737082715379e-06, 6.7824121288140304e-06, 1.8548649677541107e-05, 1.2733699804812204e-05, 6.63054106553318e-06, 1.344478368991986e-05, 1.6233969290624373e-05, 1.0877974091272335e-05, 1.7035123164532706e-05, 2.867821058316622e-05, 1.889185659820214e-05, 4.428240208653733e-05, 3.8932772440603e-05, 1.547926149214618e-05, 1.3397337170317769e-05, 1.0313297934771981e-05, 5.963742751191603e-06, 3.302977347630076e-06, 3.167197519360343e-06, 2.812773118421319e-06, 3.078417421420454e-06, 3.122427870039246e-06, 2.8898921300424263e-06, 2.677209295143257e-06, 2.104860186591395e-06, 2.468866568960948e-06, 3.0150365546433022e-06, 2.836013209162047e-06, 2.8143826966697816e-06, 2.64170421360177e-06, 2.959644234579173e-06, 2.500372829672415e-06, 2.0355860215204302e-06, 1.989153133763466e-06, 3.4229321954626357e-06, 3.857277079077903e-06, 3.46137790074863e-06, 3.1907075026538223e-06, 3.472539447102463e-06, 3.093690565947327e-06, 2.5249676127714338e-06, 2.572285893620574e-06, 1.749550847307546e-06, 1.3130093066138215e-06, 1.0693559033825295e-06, 1.3194040775488247e-06, 9.49824084273132e-07, 9.238336247108236e-07, 7.650691031813039e-07, 6.07506535743596e-07, 4.767259156324144e-07, 5.120626269672357e-07, 4.844532099923526e-07, 3.557114780505799e-07, 3.2434127206215635e-07, 1.4762848365990067e-07, 3.468239029302822e-08, 1.0540666256497744e-10, 3.652089915207046e-12, 3.5115361139703705e-12, 3.4075468141603338e-12, 3.3188076852680437e-12, 3.2417859629346735e-12, 3.1751487290093694e-12, 3.097813238567282e-12, 3.0075219658448615e-12, 2.9528064021677736e-12, 2.931238151510085e-12], "lowlevel.melbands128.stdev": [9.017864795168862e-05, 0.000551220029592514, 0.001650508726015687, 0.0037187489215284586, 0.0037323436699807644, 0.002571678487583995, 0.0013216453371569514, 0.0020428081043064594, 0.0019003255292773247, 0.0020510482136160135, 0.0008672054391354322, 0.0005019399104639888, 0.00032408436527475715, 0.0014974770601838827, 0.003425895469263196, 0.001781536964699626, 0.0013799131847918034, 0.001170585979707539, 0.0007820978062227368, 0.0003551808767952025, 0.0005406583659350872, 0.0002452124026603997, 0.0003119925095234066, 0.0002666385844349861, 0.000500161899253726, 0.0009486250928603113, 0.0003231284790672362, 0.0006273717735894024, 0.0002663728373590857, 0.0006783357821404934, 0.0004353512485977262, 0.0003517440636642277, 0.0005718885222449899, 0.0015273613389581442, 0.00046884434414096177, 0.0006691550952382386, 0.0006709209410473704, 0.00023083708947524428, 0.0006183090154081583, 0.00038199807750061154, 0.0004387899243738502, 6.844426388852298e-05, 0.00019606773275882006, 0.0003622234216891229, 0.0001147135699284263, 0.00027157398290000856, 0.00027070665964856744, 0.00013538722123485059, 6.239466165425256e-05, 2.4649105398566462e-05, 0.00011375919712008908, 6.537071021739393e-05, 1.6382758985855617e-05, 4.5941556891193613e-05, 6.307364674285054e-05, 3.618716073106043e-05, 1.79832277353853e-05, 3.538142846082337e-05, 0.00014563255535904318, 9.138974564848468e-05, 1.8968721633427776e-05, 1.6664804206811823e-05, 3.8839065382489935e-05, 2.6581776182865724e-05, 1.2998842976230662e-05, 2.6900113880401477e-05, 3.35813601850532e-05, 1.917916779348161e-05, 2.9581156923086382e-05, 6.140553159639239e-05, 4.000634726253338e-05, 8.075802179519087e-05, 6.674654287053272e-05, 2.4259245037683286e-05, 1.943641109392047e-05, 1.981801506190095e-05, 9.206199138134252e-06, 4.60061846752069e-06, 7.976932465680875e-06, 6.451585250033531e-06, 6.627426955674309e-06, 6.4770465542096645e-06, 8.24553171696607e-06, 7.457248557329876e-06, 5.533522653422551e-06, 7.641956472070888e-06, 1.1284207175776828e-05, 6.673092229902977e-06, 7.597555850225035e-06, 5.876285285921767e-06, 6.761823442502646e-06, 5.74337582293083e-06, 5.380762104323367e-06, 5.107717242935905e-06, 8.857533430273179e-06, 9.94821766653331e-06, 1.1003388863173313e-05, 7.181374257925199e-06, 7.731769983365666e-06, 5.8019300013256725e-06, 4.6007230594113935e-06, 4.297869963920675e-06, 2.8125498374720337e-06, 2.2433691810874734e-06, 1.6810790839372203e-06, 1.8705296724874643e-06, 1.327352720181807e-06, 1.3035414667683654e-06, 1.1136955890833633e-06, 9.204118782690784e-07, 8.092737857623433e-07, 8.031923357521009e-07, 6.921397357473325e-07, 5.436850756268541e-07, 5.137377456776449e-07, 2.8689407827187097e-07, 9.349336949071585e-08, 6.976690336557567e-10, 5.681261450868336e-12, 5.521682503589753e-12, 5.399020640284302e-12, 5.278567513644639e-12, 5.174417751913074e-12, 5.066780328633058e-12, 4.87984956262788e-12, 4.710329782470213e-12, 4.646602980856729e-12, 4.619797600025066e-12], "lowlevel.mfcc.mean": [-621.9563598632812, 97.09183502197266, 16.896791458129883, 25.063337326049805, 3.344550132751465, 3.8012607097625732, 13.006521224975586, -10.336630821228027, -4.2237348556518555, -2.032958745956421, -11.922901153564453, -3.6060702800750732, -1.7718431949615479], "lowlevel.spectral_contrast_coeffs.mean": [-0.6605845093727112, -0.6719017624855042, -0.7242435216903687, -0.776250422000885, -0.7718271613121033, -0.7718615531921387], "lowlevel.spectral_contrast_coeffs.stdev": [0.067493736743927, 0.08584572374820709, 0.08204212784767151, 0.06030415743589401, 0.05742583051323891, 0.03342432528734207], "lowlevel.spectral_contrast_valleys.mean": [-6.706393718719482, -7.210155487060547, -7.597812175750732, -7.776633262634277, -7.325538158416748, -9.701281547546387], "lowlevel.spectral_contrast_valleys.stdev": [0.6487407684326172, 0.5492099523544312, 0.5447527170181274, 0.48210886120796204, 0.5327581167221069, 0.7244110703468323], "rhythm.beats_loudness_band_ratio.mean": [0.3652104139328003, 0.2239234447479248, 0.1333865374326706, 0.1728615015745163, 0.07033395022153854, 0.09958226978778839], "rhythm.beats_loudness_band_ratio.stdev": [0.2226630300283432, 0.17112679779529572, 0.13953857123851776, 0.18816730380058289, 0.06439881771802902, 0.04970976337790489], "tonal.hpcp.mean": [0.08032071590423584, 0.053673628717660904, 0.04043805971741676, 0.09301448613405228, 0.07886888086795807, 0.02210170216858387, 0.019000113010406494, 0.024206697940826416, 0.20161698758602142, 0.4010850489139557, 0.2485744059085846, 0.04165853187441826, 0.012422236613929272, 0.010286710225045681, 0.030777661129832268, 0.07101534307003021, 0.05968999117612839, 0.023764632642269135, 0.017711473628878593, 0.0125968586653471, 0.025556666776537895, 0.05289896950125694, 0.06960061192512512, 0.27992701530456543, 0.5112960338592529, 0.32416313886642456, 0.0740668922662735, 0.03564409166574478, 0.035393476486206055, 0.11838674545288086, 0.2211093008518219, 0.15489371120929718, 0.04712291061878204, 0.029118331149220467, 0.032287850975990295, 0.05741839110851288], "tonal.hpcp.stdev": [0.21402309834957123, 0.1629059612751007, 0.11998304724693298, 0.24059277772903442, 0.2133893370628357, 0.09069935977458954, 0.08261791616678238, 0.08870627731084824, 0.23674257099628448, 0.38887110352516174, 0.2595990300178528, 0.13087159395217896, 0.05858037248253822, 0.0547768697142601, 0.08926408737897873, 0.17915573716163635, 0.15779174864292145, 0.08388606458902359, 0.07133156806230545, 0.06481683999300003, 0.08992735296487808, 0.1499730348587036, 0.1701662242412567, 0.2847481966018677, 0.41987866163253784, 0.31411212682724, 0.1907946914434433, 0.13814735412597656, 0.14090211689472198, 0.20252572000026703, 0.30660557746887207, 0.23151683807373047, 0.14796511828899384, 0.11096850782632828, 0.11880902945995331, 0.17018800973892212], "rhythm.beats_position": [0.5340589284896851, 1.0681178569793701, 1.590566873550415, 2.11301589012146, 2.623854875564575, 3.1346938610076904, 3.633922815322876, 4.133152008056641, 4.643990993499756, 5.178049564361572, 5.6888885498046875, 6.199728012084961, 6.710566997528076, 7.221405982971191, 7.732244968414307, 8.231473922729492, 8.74231243133545, 9.264761924743652, 9.77560043334961, 10.286439895629883, 10.79727840423584, 11.308117866516113, 11.81895637512207, 12.329795837402344, 12.8406343460083, 13.351473808288574, 13.862312316894531, 14.373151779174805, 14.883990287780762, 15.394829750061035, 15.905668258666992, 16.416507720947266, 16.92734718322754, 17.43818473815918, 17.949024200439453, 18.459863662719727, 18.970703125, 19.48154067993164, 19.992380142211914, 20.503219604492188, 21.01405906677246, 21.5248966217041, 22.035736083984375, 22.54657554626465, 23.057415008544922, 23.568254470825195, 24.079092025756836, 24.58993148803711, 25.100770950317383, 25.611610412597656, 26.122447967529297, 26.63328742980957, 27.144126892089844, 27.654966354370117, 28.165803909301758, 28.67664337158203, 29.175872802734375], "rhythm.bpm_histogram": [0.0, 0.0, 0.0, 0.0, 0.0, 0.0, 0.0, 0.0, 0.0, 0.0, 0.0, 0.0, 0.0, 0.0, 0.0, 0.0, 0.0, 0.0, 0.0, 0.0, 0.0, 0.0, 0.0, 0.0, 0.0, 0.0, 0.0, 0.0, 0.0, 0.0, 0.0, 0.0, 0.0, 0.0, 0.0, 0.0, 0.0, 0.0, 0.0, 0.0, 0.0, 0.0, 0.0, 0.0, 0.0, 0.0, 0.0, 0.0, 0.0, 0.0, 0.0, 0.0, 0.0, 0.0, 0.0, 0.0, 0.0, 0.0, 0.0, 0.0, 0.0, 0.0, 0.0, 0.0, 0.0, 0.0, 0.0, 0.0, 0.0, 0.0, 0.0, 0.0, 0.0, 0.0, 0.0, 0.0, 0.0, 0.0, 0.0, 0.0, 0.0, 0.0, 0.0, 0.0, 0.0, 0.0, 0.0, 0.0, 0.0, 0.0, 0.0, 0.0, 0.0, 0.0, 0.0, 0.0, 0.0, 0.0, 0.0, 0.0, 0.0, 0.0, 0.0, 0.0, 0.0, 0.0, 0.0, 0.0, 0.0, 0.0, 0.0, 0.0, 0.0357142873108387, 0.0, 0.0, 0.0535714291036129, 0.0, 0.8392857313156128, 0.0, 0.0, 0.0714285746216774, 0.0, 0.0, 0.0, 0.0, 0.0, 0.0, 0.0, 0.0, 0.0, 0.0, 0.0, 0.0, 0.0, 0.0, 0.0, 0.0, 0.0, 0.0, 0.0, 0.0, 0.0, 0.0, 0.0, 0.0, 0.0, 0.0, 0.0, 0.0, 0.0, 0.0, 0.0, 0.0, 0.0, 0.0, 0.0, 0.0, 0.0, 0.0, 0.0, 0.0, 0.0, 0.0, 0.0, 0.0, 0.0, 0.0, 0.0, 0.0, 0.0, 0.0, 0.0, 0.0, 0.0, 0.0, 0.0, 0.0, 0.0, 0.0, 0.0, 0.0, 0.0, 0.0, 0.0, 0.0, 0.0, 0.0, 0.0, 0.0, 0.0, 0.0, 0.0, 0.0, 0.0, 0.0, 0.0, 0.0, 0.0, 0.0, 0.0, 0.0, 0.0, 0.0, 0.0, 0.0, 0.0, 0.0, 0.0, 0.0, 0.0, 0.0, 0.0, 0.0, 0.0, 0.0, 0.0, 0.0, 0.0, 0.0, 0.0, 0.0, 0.0, 0.0, 0.0, 0.0, 0.0, 0.0, 0.0, 0.0, 0.0, 0.0, 0.0, 0.0, 0.0, 0.0, 0.0, 0.0, 0.0, 0.0, 0.0, 0.0, 0.0, 0.0, 0.0, 0.0, 0.0, 0.0, 0.0, 0.0, 0.0], "tonal.chords_histogram": [23.11320686340332, 0.0, 0.0, 0.0, 0.0, 12.264150619506836, 2.6729559898376465, 52.515724182128906, 0.0, 9.433961868286133, 0.0, 0.0, 0.0, 0.0, 0.0, 0.0, 0.0, 0.0, 0.0, 0.0, 0.0, 0.0, 0.0, 0.0], "tonal.thpcp": [1.0, 0.6340028643608093, 0.14486107230186462, 0.06971322000026703, 0.0692230612039566, 0.2315424680709839, 0.43244868516921997, 0.30294331908226013, 0.09216365218162537, 0.05695004388689995, 0.06314903497695923, 0.11229970306158066, 0.1570923924446106, 0.1049756407737732, 0.07908932864665985, 0.18191903829574585, 0.15425287187099457, 0.04322681948542595, 0.03716069087386131, 0.04734380170702934, 0.3943253457546234, 0.7844477891921997, 0.4861653447151184, 0.08147634565830231, 0.024295585229992867, 0.020118892192840576, 0.06019538268446922, 0.13889281451702118, 0.11674252897500992, 0.046479202806949615, 0.0346403494477272, 0.024637114256620407, 0.04998409003019333, 0.10346055030822754, 0.1361258625984192, 0.5474852323532104], "lowlevel.gfcc.cov": [[2301.0556640625, -364.0809631347656, -62.21724319458008, -67.70824432373047, 18.48923110961914, 59.0944709777832, 84.93560028076172, 180.28501892089844, -130.80316162109375, 233.7714080810547, 71.78845977783203, 109.53514099121094, -34.97570037841797], [-364.0809631347656, 910.22412109375, -227.90386962890625, 14.477513313293457, 43.158992767333984, -123.15560913085938, 110.30368041992188, -113.71202087402344, -4.165311336517334, -61.091670989990234, 55.61365509033203, -147.03131103515625, 76.77621459960938], [-62.21724319458008, -227.90386962890625, 709.0081787109375, 83.22187805175781, 95.81535339355469, 92.5934829711914, -105.16217041015625, 78.25886535644531, 52.20164108276367, -37.533687591552734, -188.939208984375, 92.72785186767578, -156.48472595214844], [-67.70824432373047, 14.477513313293457, 83.22187805175781, 332.3728942871094, -3.1051855087280273, -75.57911682128906, -50.15483093261719, 28.544700622558594, 86.50315856933594, -59.18710708618164, 12.1272611618042, 15.664338111877441, 26.239465713500977], [18.48923110961914, 43.158992767333984, 95.81535339355469, -3.1051855087280273, 259.58154296875, 58.34481430053711, 36.24652099609375, 42.82989501953125, -11.552016258239746, 36.147708892822266, -51.55013656616211, 19.995731353759766, -66.29670715332031], [59.0944709777832, -123.15560913085938, 92.5934829711914, -75.57911682128906, 58.34481430053711, 350.6817626953125, 102.06141662597656, -40.939517974853516, -39.82980728149414, 19.625919342041016, -17.9547119140625, -31.961078643798828, -67.03750610351562], [84.93560028076172, 110.30368041992188, -105.16217041015625, -50.15483093261719, 36.24652099609375, 102.06141662597656, 205.3307647705078, 18.007888793945312, -51.33362579345703, 40.951045989990234, 43.80289077758789, -37.96943283081055, -11.031756401062012], [180.28501892089844, -113.71202087402344, 78.25886535644531, 28.544700622558594, 42.82989501953125, -40.939517974853516, 18.007888793945312, 170.09535217285156, 53.995704650878906, 37.11212921142578, -7.292076587677002, 50.633056640625, -18.839126586914062], [-130.80316162109375, -4.165311336517334, 52.20164108276367, 86.50315856933594, -11.552016258239746, -39.82980728149414, -51.33362579345703, 53.995704650878906, 142.7647705078125, 12.943334579467773, 2.636937379837036, 17.943035125732422, 16.7657470703125], [233.7714080810547, -61.091670989990234, -37.533687591552734, -59.18710708618164, 36.147708892822266, 19.625919342041016, 40.951045989990234, 37.11212921142578, 12.943334579467773, 137.2141876220703, 48.00210952758789, 15.918413162231445, -8.985997200012207], [71.78845977783203, 55.61365509033203, -188.939208984375, 12.1272611618042, -51.55013656616211, -17.9547119140625, 43.80289077758789, -7.292076587677002, 2.636937379837036, 48.00210952758789, 160.94410705566406, 7.706964492797852, 70.61752319335938], [109.53514099121094, -147.03131103515625, 92.72785186767578, 15.664338111877441, 19.995731353759766, -31.961078643798828, -37.96943283081055, 50.633056640625, 17.943035125732422, 15.918413162231445, 7.706964492797852, 111.65803527832031, -1.614881992340088], [-34.97570037841797, 76.77621459960938, -156.48472595214844, 26.239465713500977, -66.29670715332031, -67.03750610351562, -11.031756401062012, -18.839126586914062, 16.7657470703125, -8.985997200012207, 70.61752319335938, -1.614881992340088, 129.42828369140625]], "lowlevel.gfcc.icov": [[0.0008014285704120994, -0.0002713615831453353, 0.0003964558127336204, -0.0006624193047173321, 0.0006872466183267534, -0.0006805252633057535, 0.000752845371607691, -0.001410148455761373, 0.0019111706642434, -0.0018919326830655336, 0.0006581914494745433, -0.0008836116758175194, 0.00010056747123599052], [-0.0002713615831453353, 0.0029825889505445957, -0.001010783133096993, 0.0011452519102022052, -0.0022896439768373966, 0.0028239814564585686, -0.0031444465275853872, 0.0030583578627556562, -0.002736201975494623, 0.002799101173877716, -0.002101768972352147, 0.0038046622648835182, -0.001086841570213437], [0.0003964558127336204, -0.001010783133096993, 0.0041070254519581795, -0.001689471653662622, 0.0012909156503155828, -0.0024536699056625366, 0.0024294841568917036, -0.002169705228880048, 0.0012490166118368506, -0.0016868003876879811, 0.003953570034354925, -0.004209631122648716, 0.0028079026378691196], [-0.0006624193047173321, 0.0011452519102022052, -0.001689471653662622, 0.005575220566242933, -0.00209186808206141, 0.0023541513364762068, -0.0019099223427474499, 0.0020510568283498287, -0.004938096739351749, 0.005166643299162388, -0.0035333591513335705, 0.002537124790251255, -0.0007898479234427214], [0.0006872466183267534, -0.0022896439768373966, 0.0012909156503155828, -0.00209186808206141, 0.0072648730129003525, -0.002987681655213237, 0.0020071868784725666, -0.0036727553233504295, 0.0039005286525934935, -0.004979162011295557, 0.00411219522356987, -0.004445081576704979, 0.0021889929194003344], [-0.0006805252633057535, 0.0028239814564585686, -0.0024536699056625366, 0.0023541513364762068, -0.002987681655213237, 0.007538292091339827, -0.005882025696337223, 0.005560535006225109, -0.004294471815228462, 0.0037367362529039383, -0.0032783185597509146, 0.0046489909291267395, 4.159848685958423e-05], [0.000752845371607691, -0.0031444465275853872, 0.0024294841568917036, -0.0019099223427474499, 0.0020071868784725666, -0.005882025696337223, 0.01277076080441475, -0.0075748818926513195, 0.007243363652378321, -0.0048904092982411385, 0.0005439968663267791, -0.0013730101054534316, 0.0017689892556518316], [-0.001410148455761373, 0.0030583578627556562, -0.002169705228880048, 0.0020510568283498287, -0.0036727553233504295, 0.005560535006225109, -0.0075748818926513195, 0.014804222621023655, -0.009129289537668228, 0.0038930305745452642, -0.0019134217873215675, 0.0009259787620976567, -0.00021794845815747976], [0.0019111706642434, -0.002736201975494623, 0.0012490166118368506, -0.004938096739351749, 0.0039005286525934935, -0.004294471815228462, 0.007243363652378321, -0.009129289537668228, 0.017620911821722984, -0.008895759470760822, 0.0032630825880914927, -0.002950353315100074, -0.0010043770307675004], [-0.0018919326830655336, 0.002799101173877716, -0.0016868003876879811, 0.005166643299162388, -0.004979162011295557, 0.0037367362529039383, -0.0048904092982411385, 0.0038930305745452642, -0.008895759470760822, 0.017958758398890495, -0.008071220479905605, 0.004193462431430817, 0.0011315096635371447], [0.0006581914494745433, -0.002101768972352147, 0.003953570034354925, -0.0035333591513335705, 0.00411219522356987, -0.0032783185597509146, 0.0005439968663267791, -0.0019134217873215675, 0.0032630825880914927, -0.008071220479905605, 0.01621588133275509, -0.0073568616062402725, -0.002825191942974925], [-0.0008836116758175194, 0.0038046622648835182, -0.004209631122648716, 0.002537124790251255, -0.004445081576704979, 0.0046489909291267395, -0.0013730101054534316, 0.0009259787620976567, -0.002950353315100074, 0.004193462431430817, -0.0073568616062402725, 0.019553078338503838, -0.0030195971485227346], [0.00010056747123599052, -0.001086841570213437, 0.0028079026378691196, -0.0007898479234427214, 0.0021889929194003344, 4.159848685958423e-05, 0.0017689892556518316, -0.00021794845815747976, -0.0010043770307675004, 0.0011315096635371447, -0.002825191942974925, -0.0030195971485227346, 0.01492749061435461]], "lowlevel.mfcc.cov": [[2272.59716796875, -264.6433410644531, -183.75, 7.690962791442871, -133.1055908203125, -86.74058532714844, 190.88084411621094, -81.17666625976562, -27.2171630859375, 47.141597747802734, 11.520852088928223, 125.01885986328125, 151.20175170898438], [-264.6433410644531, 763.1145629882812, -170.10076904296875, 38.29145812988281, -50.89811325073242, 17.96957778930664, 74.71483612060547, -54.9329833984375, 10.708593368530273, 27.385814666748047, -20.395002365112305, -34.8814811706543, -5.984326362609863], [-183.75, -170.10076904296875, 468.8796691894531, -6.805778503417969, 101.47005462646484, 67.73430633544922, -110.28742980957031, 107.01446533203125, 21.098434448242188, -19.32712745666504, 39.70508575439453, -35.37449645996094, -68.2025146484375], [7.690962791442871, 38.29145812988281, -6.805778503417969, 345.83544921875, 61.07382583618164, -125.28108978271484, -80.61698150634766, 22.745506286621094, 25.970863342285156, -51.999298095703125, 5.1638031005859375, 47.287044525146484, -14.238070487976074], [-133.1055908203125, -50.89811325073242, 101.47005462646484, 61.07382583618164, 224.01698303222656, 25.925615310668945, -69.6783447265625, 64.91919708251953, 34.92628860473633, -10.72050666809082, 32.749061584472656, -8.331689834594727, -27.481107711791992], [-86.74058532714844, 17.96957778930664, 67.73430633544922, -125.28108978271484, 25.925615310668945, 254.158447265625, 91.60649871826172, 25.82242774963379, -4.772853374481201, 44.27228927612305, 23.93609046936035, -44.649593353271484, 7.156699180603027], [190.88084411621094, 74.71483612060547, -110.28742980957031, -80.61698150634766, -69.6783447265625, 91.60649871826172, 243.33607482910156, 2.1198649406433105, -12.845547676086426, 53.996944427490234, 15.694150924682617, 13.473163604736328, 45.74079132080078], [-81.17666625976562, -54.9329833984375, 107.01446533203125, 22.745506286621094, 64.91919708251953, 25.82242774963379, 2.1198649406433105, 147.84556579589844, 40.23527526855469, 1.288006067276001, 38.15925598144531, -6.285379886627197, -9.671257972717285], [-27.2171630859375, 10.708593368530273, 21.098434448242188, 25.970863342285156, 34.92628860473633, -4.772853374481201, -12.845547676086426, 40.23527526855469, 93.32633209228516, 35.15491485595703, 13.974172592163086, 3.907118558883667, 1.8564437627792358], [47.141597747802734, 27.385814666748047, -19.32712745666504, -51.999298095703125, -10.72050666809082, 44.27228927612305, 53.996944427490234, 1.288006067276001, 35.15491485595703, 113.2364273071289, 40.11103057861328, -1.1250331401824951, 12.724556922912598], [11.520852088928223, -20.395002365112305, 39.70508575439453, 5.1638031005859375, 32.749061584472656, 23.93609046936035, 15.694150924682617, 38.15925598144531, 13.974172592163086, 40.11103057861328, 108.47196197509766, 26.964235305786133, -1.076154351234436], [125.01885986328125, -34.8814811706543, -35.37449645996094, 47.287044525146484, -8.331689834594727, -44.649593353271484, 13.473163604736328, -6.285379886627197, 3.907118558883667, -1.1250331401824951, 26.964235305786133, 114.54666900634766, 43.493194580078125], [151.20175170898438, -5.984326362609863, -68.2025146484375, -14.238070487976074, -27.481107711791992, 7.156699180603027, 45.74079132080078, -9.671257972717285, 1.8564437627792358, 12.724556922912598, -1.076154351234436, 43.493194580078125, 98.1983413696289]], "lowlevel.mfcc.icov": [[0.0005942861898802221, 0.00027871024212799966, -4.2661718907766044e-05, -0.0001373867562506348, 7.520341023337096e-05, 0.0003258247161284089, -0.0005632094689644873, 0.00037054269341751933, 2.41896905208705e-05, -0.00015638017794117332, -6.927816139068455e-05, -5.658475492964499e-05, -0.0006073769764043391], [0.00027871024212799966, 0.0017099576070904732, 0.0004848004027735442, -0.0005380917573347688, 0.0002352012088522315, -0.00014824388199485838, -0.0006299216183833778, 0.000642869679722935, -0.0004976894124411047, -0.00014463902334682643, -7.620021642651409e-05, 0.0006501269526779652, 0.00010647816088749096], [-4.2661718907766044e-05, 0.0004848004027735442, 0.003732888260856271, 0.00020957502420060337, -5.877031412637734e-07, -0.0014896520879119635, 0.0018661036156117916, -0.0021161262411624193, 5.5989181419136e-05, 0.0003177585604134947, -0.0005318880430422723, -0.00021070276852697134, 0.0017942736158147454], [-0.0001373867562506348, -0.0005380917573347688, 0.00020957502420060337, 0.004417328163981438, -0.0010274654487147927, 0.001542986836284399, 0.000512436090502888, -0.0005958371912129223, -0.000984518206678331, 0.0016589888837188482, -0.0003819292178377509, -0.0014721981715410948, 0.0007189312600530684], [7.520341023337096e-05, 0.0002352012088522315, -5.877031412637734e-07, -0.0010274654487147927, 0.006579728331416845, -0.001688086660578847, 0.001787381712347269, -0.0015558558516204357, -0.0014460470993071795, 0.0007453753496520221, -0.0013431989355012774, 8.040481770876795e-05, 0.0006081652827560902], [0.0003258247161284089, -0.00014824388199485838, -0.0014896520879119635, 0.001542986836284399, -0.001688086660578847, 0.007151313591748476, -0.003057781606912613, 0.0004778750007972121, 0.0007766851340420544, -0.0008917435188777745, -0.0007656365050934255, 0.0023840817157179117, -0.00180730817373842], [-0.0005632094689644873, -0.0006299216183833778, 0.0018661036156117916, 0.000512436090502888, 0.001787381712347269, -0.003057781606912613, 0.00812860019505024, -0.0028943894430994987, 0.001719860709272325, -0.0020877288188785315, 0.00010131422459380701, -0.0013785166665911674, -0.0002994220703840256], [0.00037054269341751933, 0.000642869679722935, -0.0021161262411624193, -0.0005958371912129223, -0.0015558558516204357, 0.0004778750007972121, -0.0028943894430994987, 0.01157340221107006, -0.004698089323937893, 0.002743383636698127, -0.0032832627184689045, 0.0018439729465171695, -0.0011890634195879102], [2.41896905208705e-05, -0.0004976894124411047, 5.5989181419136e-05, -0.000984518206678331, -0.0014460470993071795, 0.0007766851340420544, 0.001719860709272325, -0.004698089323937893, 0.01636032573878765, -0.007403586525470018, 0.002448663115501404, -0.0009146526572294533, -0.0008145245374180377], [-0.00015638017794117332, -0.00014463902334682643, 0.0003177585604134947, 0.0016589888837188482, 0.0007453753496520221, -0.0008917435188777745, -0.0020877288188785315, 0.002743383636698127, -0.007403586525470018, 0.01568780466914177, -0.006169912870973349, 0.0016915648011490703, -0.0005002449033781886], [-6.927816139068455e-05, -7.620021642651409e-05, -0.0005318880430422723, -0.0003819292178377509, -0.0013431989355012774, -0.0007656365050934255, 0.00010131422459380701, -0.0032832627184689045, 0.002448663115501404, -0.006169912870973349, 0.014327323995530605, -0.004832712933421135, 0.002037269063293934], [-5.658475492964499e-05, 0.0006501269526779652, -0.00021070276852697134, -0.0014721981715410948, 8.040481770876795e-05, 0.0023840817157179117, -0.0013785166665911674, 0.0018439729465171695, -0.0009146526572294533, 0.0016915648011490703, -0.004832712933421135, 0.014241314493119717, -0.006123091094195843], [-0.0006073769764043391, 0.00010647816088749096, 0.0017942736158147454, 0.0007189312600530684, 0.0006081652827560902, -0.00180730817373842, -0.0002994220703840256, -0.0011890634195879102, -0.0008145245374180377, -0.0005002449033781886, 0.002037269063293934, -0.006123091094195843, 0.015614419244229794]], "metadata.audio_properties.analysis.downmix": "mix", "metadata.audio_properties.codec": "mp3", "metadata.audio_properties.md5_encoded": "6b98f93e5d9d77b181aa0428df2b4c6e", "metadata.tags.file_name": "1182274133531299880.mp3", "metadata.version.essentia": "2.1-beta6-dev", "metadata.version.essentia_git_sha": "v2.1_beta5-1110-g77a6a954", "metadata.version.extractor": "music 2.0", "tonal.chords_key": "F", "tonal.chords_scale": "major", "tonal.key_edma.key": "F", "tonal.key_edma.scale": "minor", "tonal.key_krumhansl.key": "F", "tonal.key_krumhansl.scale": "minor", "tonal.key_temperley.key": "F", "tonal.key_temperley.scale": "minor", "metadata.tags.encoding": ["Lavf58.45.100"]}, "essentia_models": [{"model_name": "genre_dortmund", "activations": {"alternative": "0.044955947", "blues": "0.023777882", "electronic": "0.015509652", "folkcountry": "0.2535164", "funksoulrnb": "0.0088486755", "jazz": "0.017412042", "pop": "0.22569793", "raphiphop": "0.0035650353", "rock": "0.3202310