{"song_id": "1182270644524699759", "download": "https://cdn.discordapp.com/attachments/1128313332273782784/1182270644524699759/chirp.mp4?ex=65841657&amp", "lyrics": "[Verse]\nIn a world of darkness, we sought the light\nThrough the age of enlightenment, we'd fight\nQuestioning beliefs that were long held tight\nA revolution of the mind, shining bright\n\n[Chorus]\nOh, the age of enlightenment, set us free\nWith reason as our guide, we'd find our decree\nOh, the age of enlightenment, let knowledge be\nIlluminate our souls, for all the world to see", "style": ["rock</span><span>, female vocal</span><span>, piano"], "essentia_features": {"lowlevel.average_loudness": 0.9759629368782043, "lowlevel.barkbands_crest.mean": 10.851766586303711, "lowlevel.barkbands_crest.stdev": 3.1535556316375732, "lowlevel.barkbands_flatness_db.mean": 0.1638769954442978, "lowlevel.barkbands_flatness_db.stdev": 0.04084504395723343, "lowlevel.barkbands_kurtosis.mean": 5.006471633911133, "lowlevel.barkbands_kurtosis.stdev": 5.7757344245910645, "lowlevel.barkbands_skewness.mean": 1.9843835830688477, "lowlevel.barkbands_skewness.stdev": 0.9710761904716492, "lowlevel.barkbands_spread.mean": 19.85947608947754, "lowlevel.barkbands_spread.stdev": 13.540623664855957, "lowlevel.dissonance.mean": 0.4643803834915161, "lowlevel.dissonance.stdev": 0.02803707681596279, "lowlevel.dynamic_complexity": 1.0836724042892456, "lowlevel.erbbands_crest.mean": 10.178884506225586, "lowlevel.erbbands_crest.stdev": 5.006335258483887, "lowlevel.erbbands_flatness_db.mean": 0.16350744664669037, "lowlevel.erbbands_flatness_db.stdev": 0.04204086586833, "lowlevel.erbbands_kurtosis.mean": 0.21096350252628326, "lowlevel.erbbands_kurtosis.stdev": 1.6994367837905884, "lowlevel.erbbands_skewness.mean": 0.09500057995319366, "lowlevel.erbbands_skewness.stdev": 0.7510943412780762, "lowlevel.erbbands_spread.mean": 45.20403289794922, "lowlevel.erbbands_spread.stdev": 23.220918655395508, "lowlevel.hfc.mean": 28.035470962524414, "lowlevel.hfc.stdev": 16.716522216796875, "lowlevel.loudness_ebu128.integrated": -13.526726722717285, "lowlevel.loudness_ebu128.loudness_range": 1.1814289093017578, "lowlevel.loudness_ebu128.momentary.mean": -13.582406997680664, "lowlevel.loudness_ebu128.momentary.stdev": 0.705527126789093, "lowlevel.loudness_ebu128.short_term.mean": -13.538137435913086, "lowlevel.loudness_ebu128.short_term.stdev": 0.4074797034263611, "lowlevel.melbands_crest.mean": 16.478700637817383, "lowlevel.melbands_crest.stdev": 4.58782434463501, "lowlevel.melbands_flatness_db.mean": 0.23589766025543213, "lowlevel.melbands_flatness_db.stdev": 0.04454468935728073, "lowlevel.melbands_kurtosis.mean": 18.7414493560791, "lowlevel.melbands_kurtosis.stdev": 18.342449188232422, "lowlevel.melbands_skewness.mean": 3.477674722671509, "lowlevel.melbands_skewness.stdev": 1.6864221096038818, "lowlevel.melbands_spread.mean": 16.243616104125977, "lowlevel.melbands_spread.stdev": 9.501347541809082, "lowlevel.pitch_salience.mean": 0.5123189687728882, "lowlevel.pitch_salience.stdev": 0.1080474853515625, "lowlevel.silence_rate_20dB.mean": 1.0, "lowlevel.silence_rate_20dB.stdev": 0.0, "lowlevel.silence_rate_30dB.mean": 1.0, "lowlevel.silence_rate_30dB.stdev": 0.0, "lowlevel.silence_rate_60dB.mean": 0.0019011406693607569, "lowlevel.silence_rate_60dB.stdev": 0.043560851365327835, "lowlevel.spectral_centroid.mean": 1030.123779296875, "lowlevel.spectral_centroid.stdev": 442.5940856933594, "lowlevel.spectral_complexity.mean": 21.632129669189453, "lowlevel.spectral_complexity.stdev": 6.218810081481934, "lowlevel.spectral_decrease.mean": -1.2806704141610226e-08, "lowlevel.spectral_decrease.stdev": 4.467914038741583e-09, "lowlevel.spectral_energy.mean": 0.05087826028466225, "lowlevel.spectral_energy.stdev": 0.017232133075594902, "lowlevel.spectral_energyband_high.mean": 0.0009494416299276054, "lowlevel.spectral_energyband_high.stdev": 0.0019864647183567286, "lowlevel.spectral_energyband_low.mean": 0.022934043779969215, "lowlevel.spectral_energyband_low.stdev": 0.016239313408732414, "lowlevel.spectral_energyband_middle_high.mean": 0.007143593858927488, "lowlevel.spectral_energyband_middle_high.stdev": 0.006543234456330538, "lowlevel.spectral_energyband_middle_low.mean": 0.023716943338513374, "lowlevel.spectral_energyband_middle_low.stdev": 0.012996942736208439, "lowlevel.spectral_entropy.mean": 7.436544418334961, "lowlevel.spectral_entropy.stdev": 0.36503276228904724, "lowlevel.spectral_flux.mean": 0.09542972594499588, "lowlevel.spectral_flux.stdev": 0.038278985768556595, "lowlevel.spectral_kurtosis.mean": 4.687541484832764, "lowlevel.spectral_kurtosis.stdev": 2.7802984714508057, "lowlevel.spectral_rms.mean": 0.006936344783753157, "lowlevel.spectral_rms.stdev": 0.0012346705188974738, "lowlevel.spectral_rolloff.mean": 1055.5985107421875, "lowlevel.spectral_rolloff.stdev": 1304.5894775390625, "lowlevel.spectral_skewness.mean": 1.5338928699493408, "lowlevel.spectral_skewness.stdev": 0.4213525056838989, "lowlevel.spectral_spread.mean": 4369828.5, "lowlevel.spectral_spread.stdev": 1893012.375, "lowlevel.spectral_strongpeak.mean": 1.0578866004943848, "lowlevel.spectral_strongpeak.stdev": 0.8362809419631958, "lowlevel.zerocrossingrate.mean": 0.04661600664258003, "lowlevel.zerocrossingrate.stdev": 0.028300533071160316, "metadata.audio_properties.analysis.equal_loudness": 0.0, "metadata.audio_properties.analysis.length": 24.383991241455078, "metadata.audio_properties.analysis.sample_rate": 44100.0, "metadata.audio_properties.analysis.start_time": 0.0, "metadata.audio_properties.bit_rate": 124901.0, "metadata.audio_properties.length": 24.384000778198242, "metadata.audio_properties.lossless": 0.0, "metadata.audio_properties.number_channels": 1.0, "metadata.audio_properties.replay_gain": -11.221961975097656, "metadata.audio_properties.sample_rate": 48000.0, "rhythm.beats_count": 64.0, "rhythm.beats_loudness.mean": 0.05572754889726639, "rhythm.beats_loudness.stdev": 0.01574535109102726, "rhythm.bpm": 156.4515838623047, "rhythm.bpm_histogram_first_peak_bpm": 157.0, "rhythm.bpm_histogram_first_peak_weight": 0.4821428656578064, "rhythm.bpm_histogram_second_peak_bpm": 167.0, "rhythm.bpm_histogram_second_peak_spread": 0.0, "rhythm.bpm_histogram_second_peak_weight": 0.0634920671582222, "rhythm.danceability": 1.259647011756897, "rhythm.onset_rate": 4.138636589050293, "tonal.chords_changes_rate": 0.0759013295173645, "tonal.chords_number_rate": 0.02277039922773838, "tonal.chords_strength.mean": 0.45026183128356934, "tonal.chords_strength.stdev": 0.09831512719392776, "tonal.hpcp_crest.mean": 13.457269668579102, "tonal.hpcp_crest.stdev": 4.923192024230957, "tonal.hpcp_entropy.mean": 1.9121352434158325, "tonal.hpcp_entropy.stdev": 0.6078039407730103, "tonal.key_edma.strength": 0.5891621708869934, "tonal.key_krumhansl.strength": 0.5985132455825806, "tonal.key_temperley.strength": 0.613317608833313, "tonal.tuning_diatonic_strength": 0.628655195236206, "tonal.tuning_equal_tempered_deviation": 0.10346931964159012, "tonal.tuning_frequency": 439.74591064453125, "tonal.tuning_nontempered_energy_ratio": 0.7896350622177124, "lowlevel.barkbands.mean": [0.00030546917696483433, 0.007494176272302866, 0.011739516630768776, 0.006510742008686066, 0.009744931943714619, 0.001131806755438447, 0.0009516288409940898, 0.0028056814335286617, 0.0018265784019604325, 0.0018429902847856283, 0.0008784247911535203, 0.0006016879342496395, 0.0005882580881007016, 0.0006238308851607144, 0.0006507590878754854, 0.0006210632272996008, 0.000700131116900593, 0.00045372472959570587, 0.00027776617207564414, 0.00029725569766014814, 8.549004269298166e-05, 0.0001023158838506788, 0.00022997405903879553, 0.00023964310821611434, 0.00012148427776992321, 4.598237865138799e-05, 7.043516234261915e-06], "lowlevel.barkbands.stdev": [0.000615227734670043, 0.008687925525009632, 0.011588526889681816, 0.006233209278434515, 0.007334488444030285, 0.0014432143652811646, 0.0031480041798204184, 0.0060194507241249084, 0.004715385381132364, 0.004738721996545792, 0.002608254784718156, 0.0012600074987858534, 0.0013007307425141335, 0.0013302877778187394, 0.001392785576172173, 0.0010290488135069609, 0.0009335834183730185, 0.00048240876640193164, 0.0002841531822923571, 0.00030000554397702217, 0.00014453816402237862, 0.0003305318532511592, 0.0007036869064904749, 0.0006893781828694046, 0.0003147816169075668, 0.00010903568909270689, 2.3749151296215132e-05], "lowlevel.erbbands.mean": [0.10417620092630386, 2.1673057079315186, 12.606609344482422, 18.655202865600586, 31.001785278320312, 28.535207748413086, 18.821035385131836, 8.64731502532959, 8.369206428527832, 48.3301887512207, 40.51832580566406, 47.7186279296875, 60.294681549072266, 35.059547424316406, 45.08346176147461, 23.080015182495117, 25.81688690185547, 32.010650634765625, 42.58945846557617, 23.425918579101562, 39.76644515991211, 37.80698776245117, 26.91415023803711, 17.388456344604492, 14.16524600982666, 13.815130233764648, 5.697196006774902, 2.8453025817871094, 3.457015037536621, 5.475240230560303, 6.5182294845581055, 5.013460636138916, 3.996460437774658, 1.9603482484817505, 0.543729841709137, 0.20426045358181, 0.08457833528518677, 0.020343169569969177, 0.0007409953395836055, 7.538904173998162e-05], "lowlevel.erbbands.stdev": [0.1605714112520218, 2.452040433883667, 12.580733299255371, 13.553354263305664, 26.690704345703125, 27.6224308013916, 26.31557273864746, 13.311053276062012, 20.94122886657715, 105.25054168701172, 83.28768157958984, 129.3218994140625, 134.00823974609375, 101.65485382080078, 123.55116271972656, 43.83466339111328, 50.03647994995117, 67.46760559082031, 87.98762512207031, 31.878509521484375, 59.00973129272461, 52.44051742553711, 29.328048706054688, 17.618122100830078, 14.633618354797363, 14.191214561462402, 6.7008056640625, 6.6990275382995605, 11.62741470336914, 17.014564514160156, 20.093769073486328, 14.023392677307129, 11.890456199645996, 5.763572692871094, 1.2546824216842651, 0.5044582486152649, 0.20261602103710175, 0.058984171599149704, 0.0023243024479597807, 4.7492911107838154e-05], "lowlevel.gfcc.mean": [27.11565399169922, 107.69327545166016, -115.44549560546875, 44.30148696899414, -43.19314193725586, 18.118871688842773, -42.600494384765625, 8.037353515625, -27.280189514160156, -15.817859649658203, -17.049814224243164, -15.081459045410156, -12.017159461975098], "lowlevel.melbands.mean": [0.0014473915798589587, 0.0052977753803133965, 0.0036081320140510798, 0.002224830910563469, 0.0007877046009525657, 0.0001853288704296574, 0.00014163251034915447, 0.0006045692716725171, 0.0002874824858736247, 0.00030534970574080944, 0.00030193146085366607, 0.00014615269901696593, 0.00013618356024380773, 8.514383080182597e-05, 4.8787467676447704e-05, 6.075857891119085e-05, 5.9122972743352875e-05, 6.997457967372611e-05, 3.777546953642741e-05, 3.732231562025845e-05, 4.813916893908754e-05, 4.382750194054097e-05, 2.625238266773522e-05, 2.0389790734043345e-05, 1.3534084246202838e-05, 9.171614692604635e-06, 1.1545283086888958e-05, 8.43021825858159e-06, 4.161312972428277e-06, 1.9226292806706624e-06, 1.5204387864287128e-06, 1.8435002857586369e-06, 2.1977414235152537e-06, 3.4707504710240755e-06, 3.908489361492684e-06, 3.2895136428123806e-06, 3.0515175239997916e-06, 3.0205410439521074e-06, 2.257688038298511e-06, 1.4148087075227522e-06], "lowlevel.melbands.stdev": [0.0016835384303703904, 0.00483587384223938, 0.0021638390608131886, 0.0015617277240380645, 0.001101081375963986, 0.00027401273837313056, 0.00040969729889184237, 0.0012827159371227026, 0.000601662031840533, 0.0008333366131410003, 0.0006973467534407973, 0.00046013545943424106, 0.00040540314512327313, 0.00017818367632571608, 0.00013779642176814377, 0.00014481540711130947, 0.00014074836508370936, 0.00014837337948847562, 7.474242738680914e-05, 6.442464655265212e-05, 6.838005356257781e-05, 6.703815597575158e-05, 2.6910915039479733e-05, 2.3715998395346105e-05, 1.5011046343715861e-05, 9.752456207934301e-06, 1.269144286197843e-05, 9.079064511752222e-06, 5.213541953708045e-06, 3.6171993542666314e-06, 4.2493843466218095e-06, 6.54362020213739e-06, 7.115753760444932e-06, 1.105732826545136e-05, 1.2450397662178148e-05, 9.656005204305984e-06, 8.688946763868444e-06, 9.032470188685693e-06, 7.0962846621114295e-06, 4.053218162880512e-06], "lowlevel.melbands128.mean": [0.00022677803644910455, 0.0006393216317519546, 0.0012316170614212751, 0.004283118061721325, 0.006651732604950666, 0.005327281542122364, 0.003757591126486659, 0.0031292284838855267, 0.0033525056205689907, 0.00238878489471972, 0.0013594194315373898, 0.0012228311970829964, 0.0006576332380063832, 0.00021314785408321768, 0.00019982938829343766, 0.0001654604566283524, 8.916370279621333e-05, 0.00010049084812635556, 0.00023340799089055508, 0.000559173699002713, 0.0009283983381465077, 0.0004250248603057116, 0.00016369087097700685, 0.00014933792408555746, 0.0003272078465670347, 0.0003975259605795145, 0.00019871736003551632, 0.00037451955722644925, 0.00029812208958901465, 0.00017595016106497496, 9.710843005450442e-05, 5.720621265936643e-05, 0.0001408200041623786, 0.00021487954654730856, 9.34872732614167e-05, 5.100089401821606e-05, 5.539089397643693e-05, 4.409167013363913e-05, 4.6601580834249035e-05, 5.8413323131389916e-05, 7.38523667678237e-05, 4.977100616088137e-05, 5.307013270794414e-05, 7.270944479387254e-05, 5.2064988267375156e-05, 7.665459270356223e-05, 8.625593909528106e-05, 3.259145523770712e-05, 2.094390401907731e-05, 2.2556445401278324e-05, 3.6920821003150195e-05, 5.833430259372108e-05, 4.387346780276857e-05, 4.060854917042889e-05, 6.269032746786252e-05, 4.725205508293584e-05, 2.6751073164632544e-05, 2.5193758119712584e-05, 2.5191562599502504e-05, 2.9226526748971082e-05, 1.9793489627772942e-05, 1.417843668605201e-05, 1.787173459888436e-05, 1.2746795619023032e-05, 7.699195521126967e-06, 8.34053207654506e-06, 1.095178504328942e-05, 9.901729754346889e-06, 1.1661951248242985e-05, 1.4504033970297314e-05, 7.401825769193238e-06, 6.343341283354675e-06, 6.1169203036115505e-06, 3.5190480502933497e-06, 2.3286615942197386e-06, 2.157999688279233e-06, 1.5949905218803906e-06, 1.3995957033330342e-06, 1.522371121609467e-06, 1.6037307659644284e-06, 1.7704629726722487e-06, 1.993457090065931e-06, 1.9691124180098996e-06, 2.0936561213602545e-06, 2.3487225462304195e-06, 3.2743855626904406e-06, 3.6807307424169267e-06, 4.319085746828932e-06, 3.9142273635661695e-06, 3.704147957250825e-06, 3.583779971449985e-06, 3.178090764777153e-06, 2.763287056950503e-06, 2.833682174241403e-06, 3.3941250876523554e-06, 3.4457077617844334e-06, 2.831340225384338e-06, 2.640077582327649e-06, 2.2101535250840243e-06, 2.112532911269227e-06, 2.023595698119607e-06, 1.1639898502835422e-06, 9.087881380764884e-07, 7.575506515422603e-07, 5.587400551121391e-07, 4.1788749172155804e-07, 3.563098402992182e-07, 3.717013612458686e-07, 3.2644643965795694e-07, 3.512274986405828e-07, 3.1346121431852225e-07, 2.632529572110798e-07, 2.950106932075869e-07, 2.4041816004682914e-07, 2.1038017905539164e-07, 1.8189940931279125e-07, 1.7388892104008846e-07, 1.227541019943601e-07, 1.974602525933733e-08, 1.799915945455144e-11, 6.863521469918643e-12, 6.650713833822319e-12, 6.498823180989266e-12, 6.37572807049569e-12, 6.250142764452349e-12, 6.100185027252403e-12, 6.000209443884907e-12, 5.953017159082696e-12], "lowlevel.melbands128.stdev": [0.0005502051790244877, 0.0014845806872472167, 0.0017582053551450372, 0.005397540517151356, 0.00768114672973752, 0.005261476617306471, 0.0035319433081895113, 0.0036269514821469784, 0.0037118704058229923, 0.002275120234116912, 0.0017880307277664542, 0.0022116100881248713, 0.0010255157249048352, 0.00031442244653590024, 0.0004153150075580925, 0.0003431311633903533, 0.0002694192808121443, 0.00044449084089137614, 0.0010243091965094209, 0.001448204042389989, 0.002251352882012725, 0.0011682288022711873, 0.000617254467215389, 0.0006754792993888259, 0.0012499066069722176, 0.0011916373623535037, 0.0005193431279622018, 0.0011384034296497703, 0.001069830497726798, 0.000755569722969085, 0.00047530519077554345, 0.0002318509650649503, 0.0006297057261690497, 0.0006738915108144283, 0.00028134777676314116, 0.0001682670699665323, 0.00014766960521228611, 0.00023808417608961463, 0.00013958003546576947, 0.00015601531777065247, 0.0002673581475391984, 0.00019953842274844646, 0.00021275684412103146, 0.00021561553876381367, 0.00013515159662347287, 0.0002453509659972042, 0.00026609704946167767, 8.375746983801946e-05, 5.3049312555231154e-05, 5.6881959608290344e-05, 8.033589256228879e-05, 0.00014841303345747292, 0.0001191344199469313, 5.936155503150076e-05, 0.00010869865218410268, 0.00010825142089743167, 5.58980209461879e-05, 3.322813427075744e-05, 3.257992284488864e-05, 5.379864887800068e-05, 3.159232437610626e-05, 2.2417842046706937e-05, 2.621543171699159e-05, 1.79049966391176e-05, 8.769240594119765e-06, 1.0014573490479961e-05, 1.8195194570580497e-05, 1.3937488802184816e-05, 1.734025681798812e-05, 2.1640469640260562e-05, 9.885156941891182e-06, 9.013173439598177e-06, 1.0052101970359217e-05, 5.048049843026092e-06, 3.913143245881656e-06, 4.96468283017748e-06, 3.276209554314846e-06, 3.6582705433829688e-06, 4.421527137310477e-06, 5.890113243367523e-06, 6.740985554642975e-06, 7.814961463736836e-06, 7.2911075221782085e-06, 7.161358098528581e-06, 7.700446076341905e-06, 1.1090422958659474e-05, 1.3035660231253132e-05, 1.4779577213630546e-05, 1.2812194654543418e-05, 1.368781340715941e-05, 1.1114528206235263e-05, 9.463151400268544e-06, 8.452672773273662e-06, 8.285311196232215e-06, 1.052516199706588e-05, 1.0935023965430446e-05, 8.932479431678075e-06, 8.22520723886555e-06, 7.596935120091075e-06, 6.8415461100812536e-06, 6.854301318526268e-06, 3.2059881505119847e-06, 2.316787686140742e-06, 1.8728372879195376e-06, 1.3498705584424897e-06, 1.1667394801406772e-06, 1.0275567774442607e-06, 1.1026054380636197e-06, 9.056052476807963e-07, 9.274719445784285e-07, 8.362186463273247e-07, 6.517236101899471e-07, 7.855444437154802e-07, 7.086396180966403e-07, 6.709405511173827e-07, 5.793970672129944e-07, 5.498556561178702e-07, 5.048173079558183e-07, 1.077605418231542e-07, 1.3804826726193653e-10, 9.327015722260246e-12, 9.113017632178533e-12, 8.964328411520395e-12, 8.838667645005849e-12, 8.74280682572337e-12, 8.60787309486799e-12, 8.419022423655775e-12, 8.290344105654768e-12], "lowlevel.mfcc.mean": [-613.6102294921875, 128.44137573242188, -0.7322476506233215, 28.302433013916016, 25.3193302154541, 5.207082271575928, 7.155315399169922, 10.053206443786621, -2.949885845184326, 5.637437343597412, -9.123330116271973, -4.168648719787598, -6.922207355499268], "lowlevel.spectral_contrast_coeffs.mean": [-0.6141744256019592, -0.7205663919448853, -0.7486956715583801, -0.7825299501419067, -0.7747616171836853, -0.7858570218086243], "lowlevel.spectral_contrast_coeffs.stdev": [0.06366309523582458, 0.08354818820953369, 0.08097881823778152, 0.04712790250778198, 0.037083446979522705, 0.035864975303411484], "lowlevel.spectral_contrast_valleys.mean": [-6.2850799560546875, -6.925042629241943, -7.216485023498535, -7.183106899261475, -7.227208614349365, -10.0941162109375], "lowlevel.spectral_contrast_valleys.stdev": [0.46799787878990173, 0.4770439565181732, 0.4254401922225952, 0.3813783824443817, 0.443764865398407, 0.9022560715675354], "rhythm.beats_loudness_band_ratio.mean": [0.5330604910850525, 0.15675418078899384, 0.17699624598026276, 0.1157524511218071, 0.06234878674149513, 0.031145107001066208], "rhythm.beats_loudness_band_ratio.stdev": [0.1944379359483719, 0.12144076079130173, 0.16661055386066437, 0.13978248834609985, 0.05459457263350487, 0.02455716021358967], "tonal.hpcp.mean": [0.17458948493003845, 0.15556715428829193, 0.043366022408008575, 0.11701047420501709, 0.1332932859659195, 0.04628631845116615, 0.032131485641002655, 0.03561306372284889, 0.10597410053014755, 0.21748994290828705, 0.1875583380460739, 0.07559164613485336, 0.03376170992851257, 0.028965245932340622, 0.0701325535774231, 0.2565937638282776, 0.2405894696712494, 0.05220084637403488, 0.02337106131017208, 0.026144366711378098, 0.0370664969086647, 0.04876336082816124, 0.053909510374069214, 0.1123160719871521, 0.17655913531780243, 0.11758236587047577, 0.04266168549656868, 0.027411969378590584, 0.03013509325683117, 0.19418853521347046, 0.3517758548259735, 0.20959056913852692, 0.049659524112939835, 0.03080044873058796, 0.02381322719156742, 0.05823148041963577], "tonal.hpcp.stdev": [0.284086674451828, 0.25537747144699097, 0.1340021938085556, 0.2795144319534302, 0.32229581475257874, 0.1356143355369568, 0.11465827375650406, 0.11137039959430695, 0.19436824321746826, 0.32676658034324646, 0.28348585963249207, 0.18368728458881378, 0.10311640799045563, 0.0949300080537796, 0.14738178253173828, 0.3695789873600006, 0.36030879616737366, 0.11028438061475754, 0.08730974793434143, 0.10834281891584396, 0.12275511771440506, 0.14590521156787872, 0.13665348291397095, 0.21180127561092377, 0.31760457158088684, 0.2123447060585022, 0.10057034343481064, 0.07669927179813385, 0.09936930239200592, 0.2812090814113617, 0.43135830760002136, 0.27280348539352417, 0.1419423371553421, 0.11061285436153412, 0.0826343223452568, 0.13427922129631042], "rhythm.beats_position": [0.3366893231868744, 0.6849886775016785, 1.0448979139328003, 1.4164172410964966, 1.7879364490509033, 2.1594557762145996, 2.5425848960876465, 2.9257142543792725, 3.3088433742523193, 3.6919727325439453, 4.0634918212890625, 4.435011386871338, 4.806530475616455, 5.178049564361572, 5.549569129943848, 5.921088218688965, 6.29260778427124, 6.675736904144287, 7.047255992889404, 7.430385589599609, 7.801904678344727, 8.173423767089844, 8.544942855834961, 8.928071975708008, 9.311202049255371, 9.682721138000488, 10.054240226745605, 10.437369346618652, 10.80888843536377, 11.168798446655273, 11.517097473144531, 11.911836624145508, 12.283355712890625, 12.643264770507812, 13.02639389038086, 13.409523963928223, 13.78104305267334, 14.164172172546387, 14.535691261291504, 14.91882038116455, 15.301949501037598, 15.673469543457031, 16.04498863220215, 16.428117752075195, 16.811246871948242, 17.19437599182129, 17.577505111694336, 17.960634231567383, 18.34376335144043, 18.715282440185547, 19.086801528930664, 19.469932556152344, 19.85306167602539, 20.236190795898438, 20.619319915771484, 20.9908390045166, 21.37396812438965, 21.733877182006836, 22.105396270751953, 22.47691535949707, 22.860044479370117, 23.243173599243164, 23.62630271911621, 24.009431838989258], "rhythm.bpm_histogram": [0.0, 0.0, 0.0, 0.0, 0.0, 0.0, 0.0, 0.0, 0.0, 0.0, 0.0, 0.0, 0.0, 0.0, 0.0, 0.0, 0.0, 0.0, 0.0, 0.0, 0.0, 0.0, 0.0, 0.0, 0.0, 0.0, 0.0, 0.0, 0.0, 0.0, 0.0, 0.0, 0.0, 0.0, 0.0, 0.0, 0.0, 0.0, 0.0, 0.0, 0.0, 0.0, 0.0, 0.0, 0.0, 0.0, 0.0, 0.0, 0.0, 0.0, 0.0, 0.0, 0.0, 0.0, 0.0, 0.0, 0.0, 0.0, 0.0, 0.0, 0.0, 0.0, 0.0, 0.0, 0.0, 0.0, 0.0, 0.0, 0.0, 0.0, 0.0, 0.0, 0.0, 0.0, 0.0, 0.0, 0.0, 0.0, 0.0, 0.0, 0.0, 0.0, 0.0, 0.0, 0.0, 0.0, 0.0, 0.0, 0.0, 0.0, 0.0, 0.0, 0.0, 0.0, 0.0, 0.0, 0.0, 0.0, 0.0, 0.0, 0.0, 0.0, 0.0, 0.0, 0.0, 0.0, 0.0, 0.0, 0.0, 0.0, 0.0, 0.0, 0.0, 0.0, 0.0, 0.0, 0.0, 0.0, 0.0, 0.0, 0.0, 0.0, 0.0, 0.0, 0.0, 0.0, 0.0, 0.0, 0.0, 0.0, 0.0, 0.0, 0.0, 0.0, 0.0, 0.0, 0.0, 0.0, 0.0, 0.0, 0.0, 0.0, 0.0, 0.0, 0.0, 0.0, 0.0, 0.0, 0.0, 0.0, 0.0, 0.0, 0.01587301678955555, 0.0, 0.0, 0.0, 0.0, 0.460317462682724, 0.0, 0.0, 0.0, 0.4285714328289032, 0.0, 0.0, 0.0, 0.0, 0.0, 0.0634920671582222, 0.0, 0.0, 0.0, 0.0, 0.0317460335791111, 0.0, 0.0, 0.0, 0.0, 0.0, 0.0, 0.0, 0.0, 0.0, 0.0, 0.0, 0.0, 0.0, 0.0, 0.0, 0.0, 0.0, 0.0, 0.0, 0.0, 0.0, 0.0, 0.0, 0.0, 0.0, 0.0, 0.0, 0.0, 0.0, 0.0, 0.0, 0.0, 0.0, 0.0, 0.0, 0.0, 0.0, 0.0, 0.0, 0.0, 0.0, 0.0, 0.0, 0.0, 0.0, 0.0, 0.0, 0.0, 0.0, 0.0, 0.0, 0.0, 0.0, 0.0, 0.0, 0.0, 0.0, 0.0, 0.0, 0.0, 0.0, 0.0, 0.0, 0.0, 0.0, 0.0, 0.0, 0.0, 0.0, 0.0, 0.0, 0.0, 0.0, 0.0, 0.0, 0.0, 0.0], "tonal.chords_histogram": [16.5085391998291, 0.0, 4.933586120605469, 0.0, 7.969639301300049, 0.0, 0.0, 0.0, 0.0, 0.0, 0.0, 0.0, 0.0, 8.159392356872559, 0.0, 2.2770397663116455, 0.0, 12.333966255187988, 3.225806474685669, 2.4667930603027344, 3.7950663566589355, 14.990511894226074, 20.493358612060547, 2.846299886703491], "tonal.thpcp": [1.0, 0.5958071351051331, 0.14116808772087097, 0.08755703270435333, 0.06769432127475739, 0.16553574800491333, 0.4963088929653168, 0.44223374128341675, 0.12327742576599121, 0.33262792229652405, 0.378915399312973, 0.13157901167869568, 0.0913407951593399, 0.1012379452586174, 0.30125463008880615, 0.6182628273963928, 0.5331757068634033, 0.21488583087921143, 0.09597506374120712, 0.0823400616645813, 0.19936716556549072, 0.7294240593910217, 0.6839283108711243, 0.14839234948158264, 0.06643736362457275, 0.07432109862565994, 0.10536964237689972, 0.1386205404996872, 0.1532496064901352, 0.31928306818008423, 0.5019080638885498, 0.3342536687850952, 0.12127519398927689, 0.07792453467845917, 0.08566561341285706, 0.5520234704017639], "lowlevel.gfcc.cov": [[1579.5054931640625, -921.15478515625, 381.9736633300781, -28.527555465698242, -61.620697021484375, 202.73316955566406, -38.331085205078125, 149.76669311523438, -69.23731994628906, 140.32473754882812, -183.27874755859375, 150.15594482421875, -166.57940673828125], [-921.15478515625, 1474.804443359375, -699.34228515625, -24.301776885986328, 101.58827209472656, -272.90228271484375, 255.1127166748047, -73.19180297851562, 141.4163818359375, -185.43743896484375, 264.37530517578125, -256.23321533203125, 229.19735717773438], [381.9736633300781, -699.34228515625, 677.5576171875, -72.05953216552734, -54.59197235107422, 125.26615905761719, -166.5513916015625, 37.81832504272461, -70.33458709716797, 148.9307098388672, -142.16648864746094, 180.56436157226562, -144.38645935058594], [-28.527555465698242, -24.301776885986328, -72.05953216552734, 386.35968017578125, 116.18553161621094, 76.20087432861328, -31.96608543395996, -2.430016040802002, 60.85148620605469, -33.809425354003906, 60.454139709472656, -6.248336315155029, 80.71436309814453], [-61.620697021484375, 101.58827209472656, -54.59197235107422, 116.18553161621094, 269.2351989746094, 54.07994079589844, 55.934173583984375, 18.62076187133789, 12.845648765563965, -14.707711219787598, 20.246030807495117, 19.748884201049805, 30.59624481201172], [202.73316955566406, -272.90228271484375, 125.26615905761719, 76.20087432861328, 54.07994079589844, 273.2734069824219, 46.391395568847656, 15.386056900024414, -41.11347579956055, -8.338743209838867, -23.379419326782227, 46.14960479736328, -10.545211791992188], [-38.331085205078125, 255.1127166748047, -166.5513916015625, -31.96608543395996, 55.934173583984375, 46.391395568847656, 272.3580627441406, 28.979511260986328, 25.849815368652344, -44.48851776123047, 31.730531692504883, -46.10577392578125, 34.82529067993164], [149.76669311523438, -73.19180297851562, 37.81832504272461, -2.430016040802002, 18.62076187133789, 15.386056900024414, 28.979511260986328, 130.41116333007812, 38.52895736694336, 27.55657196044922, -23.14743423461914, 11.55636215209961, -13.083111763000488], [-69.23731994628906, 141.4163818359375, -70.33458709716797, 60.85148620605469, 12.845648765563965, -41.11347579956055, 25.849815368652344, 38.52895736694336, 133.68292236328125, 12.373676300048828, 30.379493713378906, -38.88853454589844, 21.973735809326172], [140.32473754882812, -185.43743896484375, 148.9307098388672, -33.809425354003906, -14.707711219787598, -8.338743209838867, -44.48851776123047, 27.55657196044922, 12.373676300048828, 130.0232391357422, -21.898225784301758, 46.89307403564453, -56.451839447021484], [-183.27874755859375, 264.37530517578125, -142.16648864746094, 60.454139709472656, 20.246030807495117, -23.379419326782227, 31.730531692504883, -23.14743423461914, 30.379493713378906, -21.898225784301758, 122.84478759765625, -38.99596405029297, 52.322242736816406], [150.15594482421875, -256.23321533203125, 180.56436157226562, -6.248336315155029, 19.748884201049805, 46.14960479736328, -46.10577392578125, 11.55636215209961, -38.88853454589844, 46.89307403564453, -38.99596405029297, 133.9413299560547, -27.971261978149414], [-166.57940673828125, 229.19735717773438, -144.38645935058594, 80.71436309814453, 30.59624481201172, -10.545211791992188, 34.82529067993164, -13.083111763000488, 21.973735809326172, -56.451839447021484, 52.322242736816406, -27.971261978149414, 119.16759490966797]], "lowlevel.gfcc.icov": [[0.0011671851389110088, 0.0006161905475892127, 0.00027584400959312916, -8.929253090173006e-05, 0.00021717579511459917, -0.00019312233780510724, -0.00036839122185483575, -0.0008894761558622122, 0.0002533981460146606, -0.000404990540118888, 0.000292609998723492, -0.00014178783749230206, 0.00037795069511048496], [0.0006161905475892127, 0.005013498477637768, 0.00010022038622992113, 0.0026183193549513817, -0.0022500536870211363, 0.0030425989534705877, -0.002057817066088319, 0.0009687152341939509, -0.0021051985677331686, 0.002293058205395937, -0.005584577564150095, 0.0034749426413327456, -0.004136467818170786], [0.00027584400959312916, 0.00010022038622992113, 0.004399631172418594, 0.00014949552132748067, 0.0006773540517315269, -0.001805596868507564, 0.0014719536993652582, -0.0004236304375808686, 1.0681345884222537e-05, -0.002299016807228327, 0.0020870002917945385, -0.0031721103005111217, 0.0018599770264700055], [-8.929253090173006e-05, 0.0026183193549513817, 0.00014949552132748067, 0.006192931439727545, -0.0028999571222811937, -0.0001371882826788351, 0.0009423765004612505, 0.0011377683840692043, -0.0036985811311751604, 0.0019344862084835768, -0.004388256464153528, 0.0019038901664316654, -0.0046201893128454685], [0.00021717579511459917, -0.0022500536870211363, 0.0006773540517315269, -0.0028999571222811937, 0.006114562973380089, -0.0018918580608442426, -0.00020892721659038216, -0.0014004955301061273, 0.0014876113273203373, -0.0014959259424358606, 0.0030196993611752987, -0.0034468560479581356, 0.002468172926455736], [-0.00019312233780510724, 0.0030425989534705877, -0.001805596868507564, -0.0001371882826788351, -0.0018918580608442426, 0.008015272207558155, -0.0034667274449020624, 0.0006095321732573211, 0.0005779137136414647, 0.003018382005393505, -0.0038954338524490595, 0.0022143181413412094, -0.002388201653957367], [-0.00036839122185483575, -0.002057817066088319, 0.0014719536993652582, 0.0009423765004612505, -0.00020892721659038216, -0.0034667274449020624, 0.006816177628934383, -0.001506281434558332, -0.00041993980994448066, -0.0004117339267395437, 0.001697241561487317, -0.0010216537630185485, 0.0010749867651611567], [-0.0008894761558622122, 0.0009687152341939509, -0.0004236304375808686, 0.0011377683840692043, -0.0014004955301061273, 0.0006095321732573211, -0.001506281434558332, 0.011033270508050919, -0.0043892511166632175, -0.000306603848002851, 0.0002638956066220999, 0.0005670002428814769, -0.0016440743347629905], [0.0002533981460146606, -0.0021051985677331686, 1.0681345884222537e-05, -0.0036985811311751604, 0.0014876113273203373, 0.0005779137136414647, -0.00041993980994448066, -0.0043892511166632175, 0.013036562129855156, -0.004054527264088392, 0.0017448842991143465, 0.001333476509898901, 0.0014535946538671851], [-0.000404990540118888, 0.002293058205395937, -0.002299016807228327, 0.0019344862084835768, -0.0014959259424358606, 0.003018382005393505, -0.0004117339267395437, -0.000306603848002851, -0.004054527264088392, 0.014904934912919998, -0.005555952899158001, -0.0005446014693006873, 0.0017855840269476175], [0.000292609998723492, -0.005584577564150095, 0.0020870002917945385, -0.004388256464153528, 0.0030196993611752987, -0.0038954338524490595, 0.001697241561487317, 0.0002638956066220999, 0.0017448842991143465, -0.005555952899158001, 0.01984272710978985, -0.003820092184469104, 0.002501225331798196], [-0.00014178783749230206, 0.0034749426413327456, -0.0031721103005111217, 0.0019038901664316654, -0.0034468560479581356, 0.0022143181413412094, -0.0010216537630185485, 0.0005670002428814769, 0.001333476509898901, -0.0005446014693006873, -0.003820092184469104, 0.016283227130770683, -0.005577404052019119], [0.00037795069511048496, -0.004136467818170786, 0.0018599770264700055, -0.0046201893128454685, 0.002468172926455736, -0.002388201653957367, 0.0010749867651611567, -0.0016440743347629905, 0.0014535946538671851, 0.0017855840269476175, 0.002501225331798196, -0.005577404052019119, 0.019089350476861]], "lowlevel.mfcc.cov": [[1351.983154296875, -608.013916015625, 145.71182250976562, -55.91300964355469, 9.309028625488281, 45.79301452636719, 23.135147094726562, 75.16197967529297, 57.445064544677734, 54.44954299926758, 27.585573196411133, -23.99568748474121, 9.377046585083008], [-608.013916015625, 1092.857421875, -459.0204162597656, 60.9465446472168, -173.04469299316406, -143.029541015625, 61.1814079284668, -35.55121994018555, -14.165486335754395, 35.790462493896484, -1.2097563743591309, 32.619564056396484, -7.431369304656982], [145.71182250976562, -459.0204162597656, 527.3167114257812, -134.70774841308594, 46.473663330078125, 46.638572692871094, -71.45816040039062, -33.496185302734375, -10.341551780700684, -48.09154510498047, 12.094212532043457, 19.25567626953125, 12.807825088500977], [-55.91300964355469, 60.9465446472168, -134.70774841308594, 255.8480682373047, 83.12588500976562, 0.791161835193634, -19.68124771118164, 7.635458946228027, 15.158759117126465, 19.430633544921875, -0.86256343126297, 10.927101135253906, 29.32720184326172], [9.309028625488281, -173.04469299316406, 46.473663330078125, 83.12588500976562, 261.97991943359375, 56.311214447021484, -12.721900939941406, 19.4724063873291, 2.2873406410217285, -11.088888168334961, -6.537950038909912, -4.9493184089660645, 16.432483673095703], [45.79301452636719, -143.029541015625, 46.638572692871094, 0.791161835193634, 56.311214447021484, 190.01748657226562, 71.29999542236328, 48.93205642700195, 5.3401947021484375, -4.4693169593811035, 3.710585832595825, -23.05239486694336, -16.635204315185547], [23.135147094726562, 61.1814079284668, -71.45816040039062, -19.68124771118164, -12.721900939941406, 71.29999542236328, 175.51129150390625, 70.87979125976562, 14.710747718811035, 13.290149688720703, -11.969354629516602, -9.014507293701172, -0.6349914073944092], [75.16197967529297, -35.55121994018555, -33.496185302734375, 7.635458946228027, 19.4724063873291, 48.93205642700195, 70.87979125976562, 129.39129638671875, 48.293487548828125, 12.197033882141113, -1.9469921588897705, -14.3323974609375, 1.8997828960418701], [57.445064544677734, -14.165486335754395, -10.341551780700684, 15.158759117126465, 2.2873406410217285, 5.3401947021484375, 14.710747718811035, 48.293487548828125, 103.71833801269531, 37.9443244934082, 16.50255012512207, -10.49002742767334, -4.893110275268555], [54.44954299926758, 35.790462493896484, -48.09154510498047, 19.430633544921875, -11.088888168334961, -4.4693169593811035, 13.290149688720703, 12.197033882141113, 37.9443244934082, 100.41696166992188, 25.051616668701172, 11.546701431274414, 2.4153692722320557], [27.585573196411133, -1.2097563743591309, 12.094212532043457, -0.86256343126297, -6.537950038909912, 3.710585832595825, -11.969354629516602, -1.9469921588897705, 16.50255012512207, 25.051616668701172, 77.5841293334961, 25.68817901611328, 1.7696549892425537], [-23.99568748474121, 32.619564056396484, 19.25567626953125, 10.927101135253906, -4.9493184089660645, -23.05239486694336, -9.014507293701172, -14.3323974609375, -10.49002742767334, 11.546701431274414, 25.68817901611328, 80.3285140991211, 40.735198974609375], [9.377046585083008, -7.431369304656982, 12.807825088500977, 29.32720184326172, 16.432483673095703, -16.635204315185547, -0.6349914073944092, 1.8997828960418701, -4.893110275268555, 2.4153692722320557, 1.7696549892425537, 40.735198974609375, 74.3468246459961]], "lowlevel.mfcc.icov": [[0.001160988351330161, 0.000897743389941752, 0.00032147805904969573, 0.00014589233614969999, 0.0003575891605578363, 0.0003998005122411996, -0.0003027981147170067, -0.0002793562307488173, -7.363208715105429e-05, -0.0005982246366329491, -0.00036562554305419326, 0.0002744640805758536, -0.00028174405451864004], [0.000897743389941752, 0.0025226774159818888, 0.0017285288777202368, 0.00014395485050044954, 0.0009100346942432225, 0.0011236619902774692, -0.0009171668207272887, 0.0005213464028201997, -0.00016739533748477697, -0.00014895600907038897, -0.0002842984104063362, -0.0008817819762043655, 0.0002972155052702874], [0.00032147805904969573, 0.0017285288777202368, 0.004333706106990576, 0.002174318302422762, -0.00012267001147847623, -0.0007281610742211342, 0.0011215921258553863, 0.0010709278285503387, -0.0010778242722153664, 0.0011840530205518007, -7.758069114061072e-05, -0.0017272046534344554, -0.0007868445245549083], [0.00014589233614969999, 0.00014395485050044954, 0.002174318302422762, 0.006172449328005314, -0.0018435177626088262, -0.0009257309138774872, 0.0017634143587201834, 0.0002528250333853066, -0.0011330792913213372, -0.0003534564166329801, 0.00043588969856500626, -0.0005407799617387354, -0.0023816360626369715], [0.0003575891605578363, 0.0009100346942432225, -0.00012267001147847623, -0.0018435177626088262, 0.005351879633963108, -0.0009835197124630213, 0.00039902428397908807, -0.0005829398287460208, 0.00022259978868532926, 0.0001836458977777511, 0.00023549975594505668, 0.00031980942003428936, -0.0007626079604960978], [0.0003998005122411996, 0.0011236619902774692, -0.0007281610742211342, -0.0009257309138774872, -0.0009835197124630213, 0.00872860848903656, -0.004067163448780775, -0.001384396804496646, 0.001368856057524681, -3.88099615520332e-05, -0.0020034208428114653, 0.0014925606083124876, 0.0020448118448257446], [-0.0003027981147170067, -0.0009171668207272887, 0.0011215921258553863, 0.0017634143587201834, 0.00039902428397908807, -0.004067163448780775, 0.010174332186579704, -0.0040874299593269825, 0.00038965619751252234, -0.0008529223850928247, 0.002119681565091014, -0.0007971578743308783, -0.0013095219619572163], [-0.0002793562307488173, 0.0005213464028201997, 0.0010709278285503387, 0.0002528250333853066, -0.0005829398287460208, -0.001384396804496646, -0.0040874299593269825, 0.01326586864888668, -0.005745655857026577, 0.0012955175479874015, 0.00029195609386079013, 0.0006323783309198916, -0.0015253560850396752], [-7.363208715105429e-05, -0.00016739533748477697, -0.0010778242722153664, -0.0011330792913213372, 0.00022259978868532926, 0.001368856057524681, 0.00038965619751252234, -0.005745655857026577, 0.014744498766958714, -0.004758331924676895, -0.002568046562373638, 0.00303155486471951, 0.0005575290997512639], [-0.0005982246366329491, -0.00014895600907038897, 0.0011840530205518007, -0.0003534564166329801, 0.0001836458977777511, -3.88099615520332e-05, -0.0008529223850928247, 0.0012955175479874015, -0.004758331924676895, 0.01366838626563549, -0.00277282134629786, -0.00210446841083467, 0.0003681776870507747], [-0.00036562554305419326, -0.0002842984104063362, -7.758069114061072e-05, 0.00043588969856500626, 0.00023549975594505668, -0.0020034208428114653, 0.002119681565091014, 0.00029195609386079013, -0.002568046562373638, -0.00277282134629786, 0.0172368623316288, -0.0071813566610217094, 0.002814948558807373], [0.0002744640805758536, -0.0008817819762043655, -0.0017272046534344554, -0.0005407799617387354, 0.00031980942003428936, 0.0014925606083124876, -0.0007971578743308783, 0.0006323783309198916, 0.00303155486471951, -0.00210446841083467, -0.0071813566610217094, 0.02257370389997959, -0.011301061138510704], [-0.00028174405451864004, 0.0002972155052702874, -0.0007868445245549083, -0.0023816360626369715, -0.0007626079604960978, 0.0020448118448257446, -0.0013095219619572163, -0.0015253560850396752, 0.0005575290997512639, 0.0003681776870507747, 0.002814948558807373, -0.011301061138510704, 0.021394284442067146]], "metadata.audio_properties.analysis.downmix": "mix", "metadata.audio_properties.codec": "mp3", "metadata.audio_properties.md5_encoded": "1ed82d5de485864c44a11e0f974bb6d5", "metadata.tags.file_name": "1182270644524699759.mp3", "metadata.version.essentia": "2.1-beta6-dev", "metadata.version.essentia_git_sha": "v2.1_beta5-1110-g77a6a954", "metadata.version.extractor": "music 2.0", "tonal.chords_key": "F", "tonal.ch