{"song_id": "1182254691992735794", "download": "https://cdn.discordapp.com/attachments/1135911532732108921/1182254691992735794/chirp.mp4?ex=6584077b&amp", "lyrics": "Guclu olmayi istedik rabbim sorunlari cozmem icin beni yasama bagladi\n\n[Verse]\nAllah, the One who guides us on our way\nIn every moment, in every part of the day\nHis love and mercy, forever shining bright\nHe listens to our prayers, both day and night\n\n[Chorus]\nAllah, oh Allah, we seek Your love\nYou're the One we adore, the Mighty above\nGuide us through darkness, and show us the light\nAllah, oh Allah, be with us day and night", "style": ["pop"], "essentia_features": {"lowlevel.average_loudness": 0.9714334607124329, "lowlevel.barkbands_crest.mean": 14.168931007385254, "lowlevel.barkbands_crest.stdev": 4.953704833984375, "lowlevel.barkbands_flatness_db.mean": 0.20361384749412537, "lowlevel.barkbands_flatness_db.stdev": 0.058788057416677475, "lowlevel.barkbands_kurtosis.mean": 8.80686092376709, "lowlevel.barkbands_kurtosis.stdev": 13.977302551269531, "lowlevel.barkbands_skewness.mean": 2.377446413040161, "lowlevel.barkbands_skewness.stdev": 1.4965425729751587, "lowlevel.barkbands_spread.mean": 16.72100257873535, "lowlevel.barkbands_spread.stdev": 9.325756072998047, "lowlevel.dissonance.mean": 0.4607261121273041, "lowlevel.dissonance.stdev": 0.03646019846200943, "lowlevel.dynamic_complexity": 2.005016565322876, "lowlevel.erbbands_crest.mean": 9.140995025634766, "lowlevel.erbbands_crest.stdev": 4.120898723602295, "lowlevel.erbbands_flatness_db.mean": 0.17815983295440674, "lowlevel.erbbands_flatness_db.stdev": 0.044904787093400955, "lowlevel.erbbands_kurtosis.mean": 0.3992043137550354, "lowlevel.erbbands_kurtosis.stdev": 1.6303750276565552, "lowlevel.erbbands_skewness.mean": 0.025354929268360138, "lowlevel.erbbands_skewness.stdev": 0.7833268046379089, "lowlevel.erbbands_spread.mean": 41.69773864746094, "lowlevel.erbbands_spread.stdev": 25.12296485900879, "lowlevel.hfc.mean": 26.95493507385254, "lowlevel.hfc.stdev": 15.692526817321777, "lowlevel.loudness_ebu128.integrated": -11.48078441619873, "lowlevel.loudness_ebu128.loudness_range": 2.0345659255981445, "lowlevel.loudness_ebu128.momentary.mean": -12.22878360748291, "lowlevel.loudness_ebu128.momentary.stdev": 3.6204445362091064, "lowlevel.loudness_ebu128.short_term.mean": -11.782242774963379, "lowlevel.loudness_ebu128.short_term.stdev": 0.9286787509918213, "lowlevel.melbands_crest.mean": 18.295583724975586, "lowlevel.melbands_crest.stdev": 5.322235107421875, "lowlevel.melbands_flatness_db.mean": 0.2715052664279938, "lowlevel.melbands_flatness_db.stdev": 0.0757724866271019, "lowlevel.melbands_kurtosis.mean": 31.364065170288086, "lowlevel.melbands_kurtosis.stdev": 39.081764221191406, "lowlevel.melbands_skewness.mean": 4.197513580322266, "lowlevel.melbands_skewness.stdev": 2.574434518814087, "lowlevel.melbands_spread.mean": 13.704957008361816, "lowlevel.melbands_spread.stdev": 8.887222290039062, "lowlevel.pitch_salience.mean": 0.4167596399784088, "lowlevel.pitch_salience.stdev": 0.13128654658794403, "lowlevel.silence_rate_20dB.mean": 1.0, "lowlevel.silence_rate_20dB.stdev": 0.0, "lowlevel.silence_rate_30dB.mean": 0.9003860950469971, "lowlevel.silence_rate_30dB.stdev": 0.2994878590106964, "lowlevel.silence_rate_60dB.mean": 0.044015444815158844, "lowlevel.silence_rate_60dB.stdev": 0.20513026416301727, "lowlevel.spectral_centroid.mean": 1226.3753662109375, "lowlevel.spectral_centroid.stdev": 598.0125732421875, "lowlevel.spectral_complexity.mean": 21.98918914794922, "lowlevel.spectral_complexity.stdev": 11.334492683410645, "lowlevel.spectral_decrease.mean": -1.788614589770532e-08, "lowlevel.spectral_decrease.stdev": 8.047357447082959e-09, "lowlevel.spectral_energy.mean": 0.06995126605033875, "lowlevel.spectral_energy.stdev": 0.031137358397245407, "lowlevel.spectral_energyband_high.mean": 0.0008160825818777084, "lowlevel.spectral_energyband_high.stdev": 0.0013657556846737862, "lowlevel.spectral_energyband_low.mean": 0.04824107140302658, "lowlevel.spectral_energyband_low.stdev": 0.028818923979997635, "lowlevel.spectral_energyband_middle_high.mean": 0.006676969118416309, "lowlevel.spectral_energyband_middle_high.stdev": 0.005542181897908449, "lowlevel.spectral_energyband_middle_low.mean": 0.016022516414523125, "lowlevel.spectral_energyband_middle_low.stdev": 0.012640024535357952, "lowlevel.spectral_entropy.mean": 7.406744480133057, "lowlevel.spectral_entropy.stdev": 0.5608493089675903, "lowlevel.spectral_flux.mean": 0.10407380014657974, "lowlevel.spectral_flux.stdev": 0.06367693096399307, "lowlevel.spectral_kurtosis.mean": 5.212971210479736, "lowlevel.spectral_kurtosis.stdev": 4.435256481170654, "lowlevel.spectral_rms.mean": 0.007964336313307285, "lowlevel.spectral_rms.stdev": 0.0021942052990198135, "lowlevel.spectral_rolloff.mean": 669.2925415039062, "lowlevel.spectral_rolloff.stdev": 712.6776123046875, "lowlevel.spectral_skewness.mean": 1.5657753944396973, "lowlevel.spectral_skewness.stdev": 0.5863860845565796, "lowlevel.spectral_spread.mean": 3887741.25, "lowlevel.spectral_spread.stdev": 1682391.375, "lowlevel.spectral_strongpeak.mean": 0.7615881562232971, "lowlevel.spectral_strongpeak.stdev": 0.5467976927757263, "lowlevel.zerocrossingrate.mean": 0.03419477120041847, "lowlevel.zerocrossingrate.stdev": 0.02056117169559002, "metadata.audio_properties.analysis.equal_loudness": 0.0, "metadata.audio_properties.analysis.length": 30.03628158569336, "metadata.audio_properties.analysis.sample_rate": 44100.0, "metadata.audio_properties.analysis.start_time": 0.0, "metadata.audio_properties.bit_rate": 120045.0, "metadata.audio_properties.length": 30.03733253479004, "metadata.audio_properties.lossless": 0.0, "metadata.audio_properties.number_channels": 1.0, "metadata.audio_properties.replay_gain": -12.553552627563477, "metadata.audio_properties.sample_rate": 48000.0, "rhythm.beats_count": 61.0, "rhythm.beats_loudness.mean": 0.0750609040260315, "rhythm.beats_loudness.stdev": 0.028312942013144493, "rhythm.bpm": 123.22444915771484, "rhythm.bpm_histogram_first_peak_bpm": 123.0, "rhythm.bpm_histogram_first_peak_weight": 0.3333333134651184, "rhythm.bpm_histogram_second_peak_bpm": 129.0, "rhythm.bpm_histogram_second_peak_spread": 0.0, "rhythm.bpm_histogram_second_peak_weight": 0.03333333507180214, "rhythm.danceability": 0.8369888663291931, "rhythm.onset_rate": 3.925713300704956, "tonal.chords_changes_rate": 0.07098765671253204, "tonal.chords_number_rate": 0.01697530783712864, "tonal.chords_strength.mean": 0.5245310664176941, "tonal.chords_strength.stdev": 0.09159813076257706, "tonal.hpcp_crest.mean": 12.996145248413086, "tonal.hpcp_crest.stdev": 5.736782550811768, "tonal.hpcp_entropy.mean": 2.1122469902038574, "tonal.hpcp_entropy.stdev": 0.8093817234039307, "tonal.key_edma.strength": 0.5953265428543091, "tonal.key_krumhansl.strength": 0.6046377420425415, "tonal.key_temperley.strength": 0.6155070662498474, "tonal.tuning_diatonic_strength": 0.5879426002502441, "tonal.tuning_equal_tempered_deviation": 0.15195560455322266, "tonal.tuning_frequency": 438.47772216796875, "tonal.tuning_nontempered_energy_ratio": 0.818897008895874, "lowlevel.barkbands.mean": [0.0006132851121947169, 0.0365508608520031, 0.009463779628276825, 0.0034518735483288765, 0.004270944278687239, 0.000622505322098732, 0.0017286819638684392, 0.002835639985278249, 0.0026537617668509483, 0.001069132937118411, 0.0007106950506567955, 0.001038472168147564, 0.0007301323348656297, 0.0004578400694299489, 0.0005966676981188357, 0.000900226878002286, 0.000503583112731576, 0.0003476919373497367, 0.0004914113087579608, 0.00016937588225118816, 0.00015084812184795737, 0.0002223017072537914, 0.00013547044363804162, 0.00018126926443073899, 4.554785482469015e-05, 9.30702117329929e-06, 9.148562440941532e-08], "lowlevel.barkbands.stdev": [0.0011004807893186808, 0.027838759124279022, 0.010210887528955936, 0.004342382773756981, 0.007302421145141125, 0.0013813027180731297, 0.003517177887260914, 0.005449812859296799, 0.005759996362030506, 0.0029540937393903732, 0.001613415195606649, 0.0021316749043762684, 0.0012831881176680326, 0.000770734332036227, 0.000954590504989028, 0.0011886231368407607, 0.0005278888856992126, 0.00033331941813230515, 0.0004662500286940485, 0.00026150286430492997, 0.0002898668753914535, 0.0003975996805820614, 0.00026551447808742523, 0.0005065451259724796, 9.893217793432996e-05, 2.085416235786397e-05, 3.145289895201131e-07], "lowlevel.erbbands.mean": [0.6488739848136902, 9.321249008178711, 15.580492973327637, 10.024677276611328, 15.88956356048584, 12.043990135192871, 5.322662353515625, 5.361264705657959, 14.276280403137207, 47.94738006591797, 61.9994010925293, 49.55390167236328, 57.81835174560547, 30.62325668334961, 32.767112731933594, 43.50019454956055, 34.13234329223633, 29.2578125, 29.008573532104492, 36.70610046386719, 47.34364318847656, 29.10836410522461, 18.874208450317383, 28.090740203857422, 16.747005462646484, 8.11150074005127, 6.045088291168213, 6.512333869934082, 8.704898834228516, 4.852808475494385, 3.8539340496063232, 4.3730363845825195, 2.469538688659668, 0.7478116154670715, 0.21087735891342163, 0.0684102326631546, 0.011304505169391632, 0.0008124789455905557, 5.8134624850936234e-05, 8.132262155413628e-05], "lowlevel.erbbands.stdev": [0.8891347050666809, 6.271607398986816, 12.387328147888184, 10.423874855041504, 22.495267868041992, 22.988876342773438, 10.130324363708496, 14.33095932006836, 34.4735221862793, 90.76325988769531, 128.19322204589844, 102.72710418701172, 128.42227172851562, 85.7430191040039, 59.286373138427734, 93.44647979736328, 54.55316925048828, 47.47216796875, 52.36343002319336, 49.416542053222656, 60.04433059692383, 29.470983505249023, 17.384719848632812, 26.33600616455078, 17.230539321899414, 12.449681282043457, 11.182043075561523, 12.577031135559082, 15.467297554016113, 9.011529922485352, 7.678225040435791, 11.493857383728027, 7.3575358390808105, 1.7638074159622192, 0.425907701253891, 0.145182266831398, 0.027494831010699272, 0.0019638240337371826, 5.6511918955948204e-05, 3.622837903094478e-05], "lowlevel.gfcc.mean": [4.2812933921813965, 117.34163665771484, -126.2562255859375, 53.417903900146484, -41.462669372558594, 31.822542190551758, -27.59110450744629, 16.24972915649414, -4.903569221496582, -10.539847373962402, -7.469385623931885, -10.376315116882324, -10.849565505981445], "lowlevel.melbands.mean": [0.008257619105279446, 0.009737707674503326, 0.001924412790685892, 0.0010715812677517533, 0.00022343754244502634, 0.00012402591528370976, 0.0002500714035704732, 0.000543835514690727, 0.0004749821964651346, 0.0003413301019463688, 0.00028696583467535675, 0.00011823794920928776, 0.00010809633386088535, 0.00011044766870327294, 9.530228999210522e-05, 7.371906394837424e-05, 4.8952737415675074e-05, 4.377643927000463e-05, 4.151678513153456e-05, 5.762482760474086e-05, 5.422909453045577e-05, 3.0847761081531644e-05, 2.0836168914684094e-05, 1.5255424841598142e-05, 2.445647078275215e-05, 1.518443605164066e-05, 7.959921276778914e-06, 4.642383373720804e-06, 3.6613525935536018e-06, 3.5021153053094167e-06, 3.902718617609935e-06, 5.360232989914948e-06, 3.6621017898141872e-06, 2.3321617845795117e-06, 2.0948666588083142e-06, 2.4360622319363756e-06, 2.848406438715756e-06, 2.018826080529834e-06, 9.103758316086896e-07, 5.228847044236318e-07], "lowlevel.melbands.stdev": [0.007827484980225563, 0.005549618974328041, 0.0017387227853760123, 0.001796669908799231, 0.0004037202161271125, 0.00031713314820080996, 0.0005605992628261447, 0.0009904373437166214, 0.0010328724747523665, 0.000741384516004473, 0.0006474687834270298, 0.0003710852179210633, 0.00022455977159552276, 0.00024446810130029917, 0.00016442083870060742, 0.0001252491056220606, 8.478741074213758e-05, 8.246943616541103e-05, 5.91374009673018e-05, 8.196978888008744e-05, 7.237694080686197e-05, 3.347305755596608e-05, 2.3459237127099186e-05, 1.4310243386717048e-05, 2.4241171558969654e-05, 1.546799103380181e-05, 1.0450728950672783e-05, 8.181703378795646e-06, 6.7286846388014965e-06, 7.243475465656957e-06, 7.83670930104563e-06, 9.918154319166206e-06, 6.549096724484116e-06, 4.610587438946823e-06, 4.245202035235707e-06, 5.5917225836310536e-06, 8.109269401757047e-06, 6.252857929212041e-06, 2.465305442456156e-06, 1.2009155625491985e-06], "lowlevel.melbands128.mean": [0.0003498688747640699, 0.0032581081613898277, 0.011770333163440228, 0.01743634045124054, 0.010921881534159184, 0.0035632431972771883, 0.0018809804460033774, 0.0016388465883210301, 0.001700547174550593, 0.0012486499035730958, 0.0005474031786434352, 0.0002757566107902676, 0.00017606090113986284, 9.07673456822522e-05, 8.91411182237789e-05, 0.00015909341163933277, 0.0001924091629916802, 0.0001987516152439639, 0.00037039167364127934, 0.0006711293826811016, 0.0005007300060242414, 0.0005652848049066961, 0.0005546175525523722, 0.00028034631395712495, 0.0002157834533136338, 0.0003754989884328097, 0.0006065735360607505, 0.0002179574075853452, 8.852624159771949e-05, 0.00015845242887735367, 9.606141975382343e-05, 0.0001035811728797853, 0.00013469651457853615, 8.49445495987311e-05, 9.426556789549068e-05, 0.00012460591096896678, 0.00013081160432193428, 9.988500096369535e-05, 6.82160971336998e-05, 6.909050716785714e-05, 7.345116318902001e-05, 8.671132673043758e-05, 4.872416684520431e-05, 3.2146606827154756e-05, 2.896383921324741e-05, 5.133219747222029e-05, 5.689905447070487e-05, 3.048641883651726e-05, 3.702776666614227e-05, 6.042226232239045e-05, 5.863941623829305e-05, 5.508918548002839e-05, 6.861398287583143e-05, 4.877389801549725e-05, 3.4024909837171435e-05, 3.193920201738365e-05, 2.4668581318110228e-05, 2.394615876255557e-05, 2.0379837224027142e-05, 1.2032721315335948e-05, 1.4274256500357296e-05, 1.6240952390944585e-05, 2.4872268113540486e-05, 2.9837867259630002e-05, 1.892176442197524e-05, 1.6237065210589208e-05, 1.1450564670667518e-05, 8.956594683695585e-06, 7.427836408169242e-06, 6.318946816463722e-06, 4.6486825340252835e-06, 3.6240130611986388e-06, 3.731164042619639e-06, 3.674769459394156e-06, 3.6268677376938285e-06, 3.665691110654734e-06, 3.375383812453947e-06, 3.218787924197386e-06, 3.853047473967308e-06, 4.5272972784005105e-06, 5.7501733863318805e-06, 5.751618118665647e-06, 4.564998107525753e-06, 3.5241300793131813e-06, 2.860714175767498e-06, 2.3289821911021136e-06, 2.1544115043070633e-06, 2.267059471705579e-06, 1.9702220015460625e-06, 2.0686325115093496e-06, 2.319567556696711e-06, 2.58340287473402e-06, 2.5667786758276634e-06, 3.026834292541025e-06, 2.931189783339505e-06, 2.4470502921758452e-06, 1.8893023252530838e-06, 1.3290575680002803e-06, 8.533830282431154e-07, 7.314638992284017e-07, 6.535820489261823e-07, 4.7368411060233484e-07, 4.0685159774511703e-07, 2.797423235278984e-07, 1.9074572321642336e-07, 1.6148553072525829e-07, 1.7702397769880918e-07, 1.6913656963879475e-07, 1.0854055432218956e-07, 7.7685172072961e-08, 6.228269455732516e-08, 4.689081478659318e-08, 2.715288260901616e-08, 1.5780655004959954e-08, 1.0172185760382035e-08, 6.1917067029071404e-09, 3.5386646946022893e-09, 3.278115279226057e-10, 1.9203885009977384e-11, 1.2049132525060458e-11, 1.14806280801516e-11, 1.0466332661662747e-11, 9.909861993506741e-12, 9.734998397681327e-12, 9.551453378220387e-12, 9.358308399043391e-12, 9.238297626890102e-12, 9.182298151000357e-12], "lowlevel.melbands128.stdev": [0.0008501395932398736, 0.006941325031220913, 0.012957127764821053, 0.011041155084967613, 0.008061115629971027, 0.0038887772243469954, 0.0025385047774761915, 0.002083545783534646, 0.0028802792076021433, 0.002677576383575797, 0.0012409099144861102, 0.0005977320834062994, 0.000440283736679703, 0.0002135180839104578, 0.00035016651963815093, 0.0005188872455619276, 0.0006507639773190022, 0.0007541223894804716, 0.0009436325635761023, 0.0015191752463579178, 0.0013107435079291463, 0.0013472118880599737, 0.0016163819236680865, 0.0010089424904435873, 0.00081797712482512, 0.0010611041216179729, 0.0017078672535717487, 0.000774179759901017, 0.0003096201689913869, 0.0007020727498456836, 0.0003823675506282598, 0.0003240528458263725, 0.00035238536656834185, 0.00022123569215182215, 0.0002942064602393657, 0.0003906906640622765, 0.00039730797288939357, 0.00020602521544788033, 0.00017713685519993305, 0.00016837060684338212, 0.00016385332855861634, 0.0002032122720265761, 0.000131131979287602, 6.699687946820632e-05, 6.344332359731197e-05, 0.0001366321521345526, 0.0001456664176657796, 7.810025999788195e-05, 7.731781079201028e-05, 0.00012296247587073594, 0.00012909637007396668, 8.230483945226297e-05, 0.00014192388334777206, 7.396208093268797e-05, 5.219789454713464e-05, 4.9512102123117074e-05, 3.9253875002032146e-05, 3.422293229959905e-05, 3.3182805054821074e-05, 1.6582454918534495e-05, 1.573927147546783e-05, 2.0417306586750783e-05, 3.051472049264703e-05, 3.728122828761116e-05, 2.2725051167071797e-05, 2.092551949317567e-05, 1.6568672435823828e-05, 1.356024768028874e-05, 1.209549191116821e-05, 9.941644748323597e-06, 1.0654344805516303e-05, 7.176360213634325e-06, 7.024362275842577e-06, 7.486563845304772e-06, 7.865622137614992e-06, 8.349757081305142e-06, 8.194147994800005e-06, 6.441754976549419e-06, 8.844328476698138e-06, 1.0326923074899241e-05, 1.192699983221246e-05, 1.1462207112344913e-05, 8.203811376006342e-06, 6.798351023462601e-06, 6.64827030050219e-06, 4.748144874611171e-06, 4.8709780458011664e-06, 5.031588898418704e-06, 4.226038527122e-06, 4.610637006408069e-06, 5.538249297387665e-06, 6.463866156991571e-06, 6.99832435202552e-06, 9.31765498535242e-06, 9.117478839471005e-06, 7.461042059730971e-06, 6.9304082899179775e-06, 4.562046342471149e-06, 2.4017338091653073e-06, 1.7790966921893414e-06, 1.594182549524703e-06, 1.2062107543897582e-06, 9.423970368516166e-07, 6.159684744488914e-07, 5.081504355075595e-07, 3.391982943412586e-07, 3.7894974980190455e-07, 4.0428784586765687e-07, 2.5900033051584614e-07, 1.9846942223011865e-07, 1.7640896032844466e-07, 1.7093269377710385e-07, 7.122343959053978e-08, 4.773356110376881e-08, 3.001711235128823e-08, 2.2108638475515363e-08, 1.270504323969135e-08, 1.7742625146865976e-09, 1.6798284985242162e-10, 3.2362720142620205e-11, 2.4755506672358152e-11, 1.4414410637320074e-11, 1.270162447442047e-11, 1.2465940606165571e-11, 1.2252938247359069e-11, 1.2084990994032374e-11, 1.1979007195905833e-11, 1.19144824214934e-11], "lowlevel.mfcc.mean": [-630.1776733398438, 130.4420928955078, -5.381791114807129, 26.856121063232422, 22.063554763793945, 15.555761337280273, 3.347022533416748, 24.620880126953125, 6.228703498840332, 8.960485458374023, 11.237201690673828, 3.261643648147583, 0.43968087434768677], "lowlevel.spectral_contrast_coeffs.mean": [-0.668036162853241, -0.7277481555938721, -0.7530316114425659, -0.7796522974967957, -0.7466354370117188, -0.737250566482544], "lowlevel.spectral_contrast_coeffs.stdev": [0.0823569968342781, 0.1028519943356514, 0.09243415296077728, 0.06122220680117607, 0.06771153211593628, 0.04419081658124924], "lowlevel.spectral_contrast_valleys.mean": [-6.539239883422852, -6.976449489593506, -7.2758870124816895, -7.27646541595459, -7.72215461730957, -10.485527992248535], "lowlevel.spectral_contrast_valleys.stdev": [1.053946852684021, 0.6833553314208984, 0.692933201789856, 0.7436031699180603, 1.0359739065170288, 1.0901049375534058], "rhythm.beats_loudness_band_ratio.mean": [0.6669617295265198, 0.05834931880235672, 0.14760428667068481, 0.08391095697879791, 0.05222589150071144, 0.022748535498976707], "rhythm.beats_loudness_band_ratio.stdev": [0.21835491061210632, 0.06470037996768951, 0.12478689849376678, 0.11523716896772385, 0.047775983810424805, 0.02280472032725811], "tonal.hpcp.mean": [0.08902259171009064, 0.07995876669883728, 0.06850878149271011, 0.05563338100910187, 0.04429927095770836, 0.0738411620259285, 0.10889649391174316, 0.08485778421163559, 0.05853087082505226, 0.05738091096282005, 0.05349155142903328, 0.053501423448324203, 0.052095334976911545, 0.047493256628513336, 0.08345918357372284, 0.29750174283981323, 0.28206169605255127, 0.0776243507862091, 0.053834863007068634, 0.06073565036058426, 0.12184581160545349, 0.2717649042606354, 0.26564425230026245, 0.10853521525859833, 0.05139170214533806, 0.038794804364442825, 0.04655648395419121, 0.0623701810836792, 0.05483148247003555, 0.12043685466051102, 0.19714833796024323, 0.11429977416992188, 0.03071499988436699, 0.03400012478232384, 0.04868199676275253, 0.07228517532348633], "tonal.hpcp.stdev": [0.17503443360328674, 0.16957329213619232, 0.1840829849243164, 0.17086069285869598, 0.14118710160255432, 0.18480512499809265, 0.21705612540245056, 0.1880750060081482, 0.16522550582885742, 0.1652146279811859, 0.161950021982193, 0.16567692160606384, 0.15362884104251862, 0.13409225642681122, 0.1525866538286209, 0.415775328874588, 0.39175179600715637, 0.1951228231191635, 0.1545485407114029, 0.18051399290561676, 0.23262345790863037, 0.39573046565055847, 0.38318729400634766, 0.22808419167995453, 0.15198101103305817, 0.12246336042881012, 0.12549786269664764, 0.15229307115077972, 0.1421171873807907, 0.22007142007350922, 0.3701208233833313, 0.20737262070178986, 0.09848687052726746, 0.10727360099554062, 0.13871808350086212, 0.1719694584608078], "rhythm.beats_position": [0.4527890980243683, 0.9171881675720215, 1.381587266921997, 1.8575963973999023, 2.3336052894592285, 2.809614419937134, 3.3088433742523193, 3.808072566986084, 4.28408145904541, 4.7600908279418945, 5.24770975112915, 5.735328674316406, 6.222947597503662, 6.722176551818848, 7.221405982971191, 7.709024906158447, 8.196643829345703, 8.684263229370117, 9.171881675720215, 9.659501075744629, 10.158729553222656, 10.64634895324707, 11.122358322143555, 11.609976768493652, 12.097596168518066, 12.58521556854248, 13.072834014892578, 13.560453414916992, 14.04807186126709, 14.535691261291504, 15.023310661315918, 15.522539138793945, 16.01015853881836, 16.497777938842773, 16.973787307739258, 17.46140480041504, 17.949024200439453, 18.436643600463867, 18.92426300048828, 19.423492431640625, 19.934329986572266, 20.43355941772461, 20.921178817749023, 21.408798217773438, 21.89641761779785, 22.384035110473633, 22.860044479370117, 23.3360538482666, 23.812063217163086, 24.28807258605957, 24.775691986083984, 25.263309478759766, 25.75092887878418, 26.238548278808594, 26.726167678833008, 27.213787078857422, 27.701404571533203, 28.189023971557617, 28.67664337158203, 29.164262771606445, 29.65188217163086], "rhythm.bpm_histogram": [0.0, 0.0, 0.0, 0.0, 0.0, 0.0, 0.0, 0.0, 0.0, 0.0, 0.0, 0.0, 0.0, 0.0, 0.0, 0.0, 0.0, 0.0, 0.0, 0.0, 0.0, 0.0, 0.0, 0.0, 0.0, 0.0, 0.0, 0.0, 0.0, 0.0, 0.0, 0.0, 0.0, 0.0, 0.0, 0.0, 0.0, 0.0, 0.0, 0.0, 0.0, 0.0, 0.0, 0.0, 0.0, 0.0, 0.0, 0.0, 0.0, 0.0, 0.0, 0.0, 0.0, 0.0, 0.0, 0.0, 0.0, 0.0, 0.0, 0.0, 0.0, 0.0, 0.0, 0.0, 0.0, 0.0, 0.0, 0.0, 0.0, 0.0, 0.0, 0.0, 0.0, 0.0, 0.0, 0.0, 0.0, 0.0, 0.0, 0.0, 0.0, 0.0, 0.0, 0.0, 0.0, 0.0, 0.0, 0.0, 0.0, 0.0, 0.0, 0.0, 0.0, 0.0, 0.0, 0.0, 0.0, 0.0, 0.0, 0.0, 0.0, 0.0, 0.0, 0.0, 0.0, 0.0, 0.0, 0.0, 0.0, 0.0, 0.0, 0.0, 0.0, 0.0, 0.0, 0.0, 0.0, 0.01666666753590107, 0.0, 0.0, 0.13333334028720856, 0.0, 0.0, 0.6333333253860474, 0.0, 0.0, 0.18333333730697632, 0.0, 0.0, 0.03333333507180214, 0.0, 0.0, 0.0, 0.0, 0.0, 0.0, 0.0, 0.0, 0.0, 0.0, 0.0, 0.0, 0.0, 0.0, 0.0, 0.0, 0.0, 0.0, 0.0, 0.0, 0.0, 0.0, 0.0, 0.0, 0.0, 0.0, 0.0, 0.0, 0.0, 0.0, 0.0, 0.0, 0.0, 0.0, 0.0, 0.0, 0.0, 0.0, 0.0, 0.0, 0.0, 0.0, 0.0, 0.0, 0.0, 0.0, 0.0, 0.0, 0.0, 0.0, 0.0, 0.0, 0.0, 0.0, 0.0, 0.0, 0.0, 0.0, 0.0, 0.0, 0.0, 0.0, 0.0, 0.0, 0.0, 0.0, 0.0, 0.0, 0.0, 0.0, 0.0, 0.0, 0.0, 0.0, 0.0, 0.0, 0.0, 0.0, 0.0, 0.0, 0.0, 0.0, 0.0, 0.0, 0.0, 0.0, 0.0, 0.0, 0.0, 0.0, 0.0, 0.0, 0.0, 0.0, 0.0, 0.0, 0.0, 0.0, 0.0, 0.0, 0.0, 0.0, 0.0, 0.0, 0.0, 0.0, 0.0, 0.0, 0.0, 0.0, 0.0, 0.0, 0.0, 0.0, 0.0, 0.0, 0.0, 0.0, 0.0, 0.0], "tonal.chords_histogram": [23.456790924072266, 20.370370864868164, 3.0864198207855225, 0.0, 18.36419677734375, 0.3086419701576233, 12.808642387390137, 0.0, 0.0, 0.0, 0.0, 0.7716049551963806, 0.0, 0.0, 0.0, 2.314814805984497, 0.0, 1.6975308656692505, 0.7716049551963806, 1.2345678806304932, 0.0, 9.876543045043945, 1.3888888359069824, 3.5493826866149902], "tonal.thpcp": [1.0, 0.9481009840965271, 0.2609206736087799, 0.18095646798610687, 0.20415225625038147, 0.4095633625984192, 0.9134901165962219, 0.8929166197776794, 0.364822119474411, 0.17274419963359833, 0.13040193915367126, 0.1564914733171463, 0.20964643359184265, 0.18430642783641815, 0.40482738614082336, 0.6626796126365662, 0.3841986656188965, 0.10324309021234512, 0.11428546160459518, 0.1636359989643097, 0.2429739534854889, 0.2992338538169861, 0.268767386674881, 0.23028026521205902, 0.18700186908245087, 0.1489042341709137, 0.24820412695407867, 0.3660365045070648, 0.28523457050323486, 0.1967412680387497, 0.19287587702274323, 0.17980247735977173, 0.17983566224575043, 0.17510934174060822, 0.15964026749134064, 0.28053343296051025], "lowlevel.gfcc.cov": [[4614.42138671875, -284.4745178222656, 382.3060302734375, 690.3093872070312, -6.5369553565979, 363.7705993652344, 318.96124267578125, 262.3321228027344, 14.035534858703613, 283.17291259765625, -38.364479064941406, 129.53289794921875, -74.267578125], [-284.4745178222656, 2204.2587890625, 223.22914123535156, -69.09581756591797, 280.0111389160156, -394.2393493652344, 164.25668334960938, -255.05148315429688, 315.1748046875, -631.1846313476562, 115.37242889404297, -203.0463409423828, 125.3078384399414], [382.3060302734375, 223.22914123535156, 1021.6843872070312, 423.6152038574219, 216.2653045654297, 150.48727416992188, -24.516510009765625, -51.49583435058594, -70.80036926269531, -116.31968688964844, -69.95077514648438, 60.50083923339844, 23.0251407623291], [690.3093872070312, -69.09581756591797, 423.6152038574219, 640.1983642578125, 247.53929138183594, 121.33451080322266, 17.45357322692871, -40.918121337890625, -9.919145584106445, -18.346277236938477, -11.612853050231934, 21.98183250427246, 69.67454528808594], [-6.5369553565979, 280.0111389160156, 216.2653045654297, 247.53929138183594, 391.9720458984375, 29.9583797454834, 52.35102462768555, -45.43059539794922, 33.37685012817383, -44.339866638183594, -4.427964687347412, 7.119462013244629, 51.845462799072266], [363.7705993652344, -394.2393493652344, 150.48727416992188, 121.33451080322266, 29.9583797454834, 291.99359130859375, 91.9127197265625, 82.23229217529297, -86.50807189941406, 97.37566375732422, -24.972675323486328, 41.78041458129883, -14.669879913330078], [318.96124267578125, 164.25668334960938, -24.516510009765625, 17.45357322692871, 52.35102462768555, 91.9127197265625, 280.4456481933594, 62.90196990966797, -11.491533279418945, -27.782575607299805, 15.579570770263672, 6.916693210601807, 13.326254844665527], [262.3321228027344, -255.05148315429688, -51.49583435058594, -40.918121337890625, -45.43059539794922, 82.23229217529297, 62.90196990966797, 178.04428100585938, 6.488452434539795, 101.37411499023438, -9.565508842468262, 29.985795974731445, -26.10153579711914], [14.035534858703613, 315.1748046875, -70.80036926269531, -9.919145584106445, 33.37685012817383, -86.50807189941406, -11.491533279418945, 6.488452434539795, 232.70147705078125, -40.62678527832031, 49.612239837646484, -52.306541442871094, -0.6357393860816956], [283.17291259765625, -631.1846313476562, -116.31968688964844, -18.346277236938477, -44.339866638183594, 97.37566375732422, -27.782575607299805, 101.37411499023438, -40.62678527832031, 340.035400390625, 9.442044258117676, 87.03328704833984, -52.59025955200195], [-38.364479064941406, 115.37242889404297, -69.95077514648438, -11.612853050231934, -4.427964687347412, -24.972675323486328, 15.579570770263672, -9.565508842468262, 49.612239837646484, 9.442044258117676, 93.5892562866211, 4.548038005828857, 7.387338161468506], [129.53289794921875, -203.0463409423828, 60.50083923339844, 21.98183250427246, 7.119462013244629, 41.78041458129883, 6.916693210601807, 29.985795974731445, -52.306541442871094, 87.03328704833984, 4.548038005828857, 114.89019012451172, -0.7578985691070557], [-74.267578125, 125.3078384399414, 23.0251407623291, 69.67454528808594, 51.845462799072266, -14.669879913330078, 13.326254844665527, -26.10153579711914, -0.6357393860816956, -52.59025955200195, 7.387338161468506, -0.7578985691070557, 88.13282012939453]], "lowlevel.gfcc.icov": [[0.0005601674201898277, -0.001018998445942998, 0.00046212179586291313, -0.0014066931325942278, 0.0010602184338495135, -0.0008629881194792688, 0.00013213188503868878, -0.0007673525251448154, 0.0002733740257099271, -0.0012558330781757832, 0.0013219703687354922, -0.0009359341929666698, 0.0010313719976693392], [-0.001018998445942998, 0.00579109089449048, -0.00275483843870461, 0.004627843387424946, -0.003843409940600395, 0.005050963722169399, -0.0035853739827871323, 0.0032655035611242056, -0.0030871746130287647, 0.005932318978011608, -0.005835709162056446, 0.004022958688437939, -0.0033790639135986567], [0.00046212179586291313, -0.00275483843870461, 0.003191703697666526, -0.003105329582467675, 0.0014096671948209405, -0.0032738118898123503, 0.002380200196057558, -0.0014587562764063478, 0.0014949794858694077, -0.0014554151566699147, 0.003553461516276002, -0.0034761717543005943, 0.0025758263655006886], [-0.0014066931325942278, 0.004627843387424946, -0.003105329582467675, 0.0075533087365329266, -0.004712997004389763, 0.0031304112635552883, -0.0019729917403310537, 0.003405288327485323, -0.0023317888844758272, 0.004436792805790901, -0.005375956650823355, 0.00409439392387867, -0.005208462476730347], [0.0010602184338495135, -0.003843409940600395, 0.0014096671948209405, -0.004712997004389763, 0.0068542188964784145, -0.0032161290291696787, 0.0008144861203618348, -0.0011976995738223195, 0.00068095134338364, -0.004538396839052439, 0.004984725266695023, -0.003259320044890046, 0.0015212780563160777], [-0.0008629881194792688, 0.005050963722169399, -0.0032738118898123503, 0.0031304112635552883, -0.0032161290291696787, 0.010768810287117958, -0.005011708475649357, 0.000934644544031471, -0.0007753970567137003, 0.0034768611658364534, -0.004968750756233931, 0.004560329485684633, -0.002284363145008683], [0.00013213188503868878, -0.0035853739827871323, 0.002380200196057558, -0.0019729917403310537, 0.0008144861203618348, -0.005011708475649357, 0.008098314516246319, -0.003943835385143757, 0.0028063319623470306, -0.0014765372034162283, 0.0016390952514484525, -0.0027068450581282377, 0.0014196194242686033], [-0.0007673525251448154, 0.0032655035611242056, -0.0014587562764063478, 0.003405288327485323, -0.0011976995738223195, 0.000934644544031471, -0.003943835385143757, 0.011387872509658337, -0.004051145166158676, 0.0012183429207652807, -0.0008616924751549959, 0.0010061727371066809, -0.0019927516113966703], [0.0002733740257099271, -0.0030871746130287647, 0.0014949794858694077, -0.0023317888844758272, 0.00068095134338364, -0.0007753970567137003, 0.0028063319623470306, -0.004051145166158676, 0.008640983141958714, -0.002641852479428053, -0.0008694592979736626, 0.0010089759016409516, 0.0024862634018063545], [-0.0012558330781757832, 0.005932318978011608, -0.0014554151566699147, 0.004436792805790901, -0.004538396839052439, 0.0034768611658364534, -0.0014765372034162283, 0.0012183429207652807, -0.002641852479428053, 0.012331822887063026, -0.007074523251503706, 0.0003352972853463143, -0.0008521919371560216], [0.0013219703687354922, -0.005835709162056446, 0.003553461516276002, -0.005375956650823355, 0.004984725266695023, -0.004968750756233931, 0.0016390952514484525, -0.0008616924751549959, -0.0008694592979736626, -0.007074523251503706, 0.020269988104701042, -0.0068450369872152805, 0.0024848212487995625], [-0.0009359341929666698, 0.004022958688437939, -0.0034761717543005943, 0.00409439392387867, -0.003259320044890046, 0.004560329485684633, -0.0027068450581282377, 0.0010061727371066809, 0.0010089759016409516, 0.0003352972853463143, -0.0068450369872152805, 0.016806550323963165, -0.004527930170297623], [0.0010313719976693392, -0.0033790639135986567, 0.0025758263655006886, -0.005208462476730347, 0.0015212780563160777, -0.002284363145008683, 0.0014196194242686033, -0.0019927516113966703, 0.0024862634018063545, -0.0008521919371560216, 0.0024848212487995625, -0.004527930170297623, 0.01764688827097416]], "lowlevel.mfcc.cov": [[4660.02783203125, -741.1515502929688, 228.7415771484375, 381.9459228515625, -138.9749298095703, 278.7430419921875, 255.7859344482422, 96.22382354736328, 167.38775634765625, 238.3166046142578, 78.1039810180664, 176.65643310546875, 171.10137939453125], [-741.1515502929688, 2021.2381591796875, 42.4401969909668, 140.9822235107422, 123.89458465576172, -134.31182861328125, -215.8284912109375, 291.8835754394531, -56.30533981323242, -131.93260192871094, 89.61829376220703, -264.09637451171875, -154.60865783691406], [228.7415771484375, 42.4401969909668, 812.42724609375, 234.45523071289062, 229.35826110839844, 149.75010681152344, 62.04216766357422, 132.1162872314453, 1.9269691705703735, -39.224273681640625, -46.56076431274414, -80.65209197998047, -55.47737121582031], [381.9459228515625, 140.9822235107422, 234.45523071289062, 513.3065185546875, 260.4787292480469, 170.1811065673828, 37.79129409790039, 78.62987518310547, 25.989702224731445, -4.237144470214844, -56.580745697021484, -69.9935302734375, 12.456392288208008], [-138.9749298095703, 123.89458465576172, 229.35826110839844, 260.4787292480469, 395.137939453125, 124.87216186523438, -50.51332473754883, 50.95994567871094, 8.00670337677002, 8.039739608764648, -30.544353485107422, -71.03277587890625, -21.337282180786133], [278.7430419921875, -134.31182861328125, 149.75010681152344, 170.1811065673828, 124.87216186523438, 249.83428955078125, 133.80691528320312, 28.315773010253906, 34.126155853271484, 10.691112518310547, -28.912227630615234, 16.83262825012207, 13.678252220153809], [255.7859344482422, -215.8284912109375, 62.04216766357422, 37.79129409790039, -50.51332473754883, 133.80691528320312, 315.94537353515625, 39.32715606689453, 66.43990325927734, -2.4726991653442383, -43.858726501464844, 48.92448806762695, 25.946544647216797], [96.22382354736328, 291.8835754394531, 132.1162872314453, 78.62987518310547, 50.95994567871094, 28.315773010253906, 39.32715606689453, 228.83766174316406, 35.424949645996094, -10.599607467651367, 27.259502410888672, -77.59398651123047, -36.053321838378906], [167.38775634765625, -56.30533981323242, 1.9269691705703735, 25.989702224731445, 8.00670337677002, 34.126155853271484, 66.43990325927734, 35.424949645996094, 104.06587219238281, 47.59459686279297, 1.2382078170776367, 9.564754486083984, 14.707989692687988], [238.3166046142578, -131.93260192871094, -39.224273681640625, -4.237144470214844, 8.039739608764648, 10.691112518310547, -2.4726991653442383, -10.599607467651367, 47.59459686279297, 127.12560272216797, 35.935325622558594, 36.93575668334961, 12.204373359680176], [78.1039810180664, 89.61829376220703, -46.56076431274414, -56.580745697021484, -30.544353485107422, -28.912227630615234, -43.858726501464844, 27.259502410888672, 1.2382078170776367, 35.935325622558594, 121.89793395996094, 27.552261352539062, 3.5543389320373535], [176.65643310546875, -264.09637451171875, -80.65209197998047, -69.9935302734375, -71.03277587890625, 16.83262825012207, 48.92448806762695, -77.59398651123047, 9.564754486083984, 36.93575668334961, 27.552261352539062, 167.49093627929688, 72.91435241699219], [171.10137939453125, -154.60865783691406, -55.47737121582031, 12.456392288208008, -21.337282180786133, 13.678252220153809, 25.946544647216797, -36.053321838378906, 14.707989692687988, 12.204373359680176, 3.5543389320373535, 72.91435241699219, 112.75828552246094]], "lowlevel.mfcc.icov": [[0.0003396346583031118, 9.533886623103172e-05, -0.00011450004967628047, -0.00040667355642654, 0.0005018206429667771, -0.00022579343931283802, 7.181477849371731e-05, -0.00019999330106656998, -6.653082527918741e-05, -0.0004895125166513026, -0.00021262142399791628, -5.558973134611733e-05, -0.0002498645044397563], [9.533886623103172e-05, 0.0009313425980508327, 0.00018183124484494328, -0.00044185982551425695, 2.3365057131741196e-05, 0.00030662489007227123, 0.0003428465570323169, -0.0009029877255670726, -2.3369126211036928e-05, 0.0007908249390311539, -0.0008325458038598299, 0.000474678905447945, 0.0005069784238003194], [-0.00011450004967628047, 0.00018183124484494328, 0.0018431475618854165, -0.0001602809497853741, -0.0008520139381289482, -0.00026647423510439694, -0.00014995492529124022, -0.0008847570861689746, 0.0004026107781101018, 0.0006885706097818911, 0.000218750792555511, -6.616330938413739e-05, 0.0008791593136265874], [-0.00040667355642654, -0.00044185982551425695, -0.0001602809497853741, 0.004334826022386551, -0.002103036968037486, -0.0013817140134051442, -7.404163625324145e-05, -6.082465552026406e-05, 0.00011686405196087435, 5.285977294988697e-06, 0.0014520694967359304, 0.0011500201653689146, -0.0015844878507778049], [0.0005018206429667771, 2.3365057131741196e-05, -0.0008520139381289482, -0.002103036968037486, 0.005826218985021114, -0.002472951775416732, 0.002108922228217125, -0.00024064788885880262, -0.0005174224497750401, -0.0014469011221081018, 0.00034589081769809127, 0.0006157032330520451, -0.00026099474052898586], [-0.00022579343931283802, 0.00030662489007227123, -0.00026647423510439694, -0.0013817140134051442, -0.002472951775416732, 0.008483936078846455, -0.0034260752145200968, 0.00021285825641825795, 0.000245247851125896, 0.0003301649703644216, -0.0005780214560218155, -0.001139807514846325, 0.0008314434089697897], [7.181477849371731e-05, 0.0003428465570323169, -0.00014995492529124022, -7.404163625324145e-05, 0.002108922228217125, -0.0034260752145200968, 0.006588689982891083, -0.0017992416396737099, -0.0030640780460089445, 0.0013343030586838722, 0.0021296374034136534, -0.0017843482783064246, 0.0003607617982197553], [-0.00019999330106656998, -0.0009029877255670726, -0.0008847570861689746, -6.082465552026406e-05, -0.00024064788885880262, 0.00021285825641825795, -0.0017992416396737099, 0.008252446539700031, -0.002388654975220561, 0.0006539789028465748, -0.0029325601644814014, 0.003042542142793536, -1.615651126485318e-05], [-6.653082527918741e-05, -2.3369126211036928e-05, 0.0004026107781101018, 0.00011686405196087435, -0.0005174224497750401, 0.000245247851125896, -0.0030640780460089445, -0.002388654975220561, 0.015401937998831272, -0.006200113799422979, 0.001138712977990508, 0.0009594514267519116, -0.0019265043083578348], [-0.0004895125166513026, 0.0007908249390311539, 0.0006885706097818911, 5.285977294988697e-06, -0.0014469011221081018, 0.0003301649703644216, 0.0013343030586838722, 0.0006539789028465748, -0.006200113799422979, 0.013562138192355633, -0.003573888447135687, -0.0016852335538715124, 0.0022967869881540537], [-0.00021262142399791628, -0.0008325458038598299, 0.000218750792555511, 0.0014520694967359304, 0.00034589081769809127, -0.0005780214560218155, 0.0021296374034136534, -0.0029325601644814014, 0.001138712977990508, -0.003573888447135687, 0.01292331237345934, -0.003534328192472458, -4.745607657241635e-05], [-5.558973134611733e-05, 0.000474678905447945, -6.616330938413739e-05, 0.0011500201653689146, 0.0006157032330520451, -0.001139807514846325, -0.0017843482783064246, 0.003042542142793536, 0.0009594514267519116, -0.0016852335538715124, -0.003534328192472458, 0.013074245303869247, -0.006071905139833689], [-0.0002498645044397563, 0.0005069784238003194, 0.0008791593136265874, -0.0015844878507778049, -0.00026099474052898586, 0.0008314434089697897, 0.0003607617982197553, -1.615651126485318e-05, -0.0019265043083578348, 0.0022967869881540537, -4.745607657241635e-05, -0.006071905139833689, 0.014242528937757015]], "metadata.audio_properties.analysis.downmix": "mix", "metadata.audio_properties.codec": "mp3", "metadata.audio_properties.md5_encoded": "0ebd263472255d1b18c936d04456a2ce", "metadata.tags.file_name": "1182254691992735794.mp3", "metadata.version.essentia": "2.1-beta6-dev", "metadata.version.essentia_git_sha": "v2.1_beta5-1110-g77a6a954", "metadata.version.extractor": "music 2.0", "tonal.chords_key": "G", "tonal.chords_scale": "major", "tonal.key_edma.key": "G", "tonal.key_edma.scale": "major", "tonal.key_krumhansl.key"