{"song_id": "1182265542229377054", "download": "https://cdn.discordapp.com/attachments/1135911532732108921/1182265542229377054/chirp.mp4?ex=65841196&amp", "lyrics": "[Verse]\nRic walked in that office, with a heart full of hope\nMet his client at FWD insurance, it was hard to cope\nThe lack of organization, got him feeling low\nNow he's frustrated, lost in the unknown\n\n[Chorus]\nOh Ric, don't let it bring you down\nKeep fighting, turn that frown around\nHold on tight, don't let them steal your glow\nRic, show 'em what you know", "style": ["country"], "essentia_features": {"lowlevel.average_loudness": 0.9768639206886292, "lowlevel.barkbands_crest.mean": 11.985857009887695, "lowlevel.barkbands_crest.stdev": 4.995359897613525, "lowlevel.barkbands_flatness_db.mean": 0.2124888300895691, "lowlevel.barkbands_flatness_db.stdev": 0.06265982985496521, "lowlevel.barkbands_kurtosis.mean": 7.617255687713623, "lowlevel.barkbands_kurtosis.stdev": 16.090593338012695, "lowlevel.barkbands_skewness.mean": 1.7202911376953125, "lowlevel.barkbands_skewness.stdev": 1.597546100616455, "lowlevel.barkbands_spread.mean": 17.41176986694336, "lowlevel.barkbands_spread.stdev": 14.065821647644043, "lowlevel.dissonance.mean": 0.43369391560554504, "lowlevel.dissonance.stdev": 0.044158514589071274, "lowlevel.dynamic_complexity": 2.8260960578918457, "lowlevel.erbbands_crest.mean": 11.859359741210938, "lowlevel.erbbands_crest.stdev": 5.672668933868408, "lowlevel.erbbands_flatness_db.mean": 0.20715849101543427, "lowlevel.erbbands_flatness_db.stdev": 0.052060939371585846, "lowlevel.erbbands_kurtosis.mean": 1.7074625492095947, "lowlevel.erbbands_kurtosis.stdev": 3.9284632205963135, "lowlevel.erbbands_skewness.mean": 0.718573272228241, "lowlevel.erbbands_skewness.stdev": 0.913591206073761, "lowlevel.erbbands_spread.mean": 32.525917053222656, "lowlevel.erbbands_spread.stdev": 20.59552001953125, "lowlevel.hfc.mean": 22.00368309020996, "lowlevel.hfc.stdev": 16.730104446411133, "lowlevel.loudness_ebu128.integrated": -12.707193374633789, "lowlevel.loudness_ebu128.loudness_range": 1.5748138427734375, "lowlevel.loudness_ebu128.momentary.mean": -13.041295051574707, "lowlevel.loudness_ebu128.momentary.stdev": 1.8139946460723877, "lowlevel.loudness_ebu128.short_term.mean": -12.768155097961426, "lowlevel.loudness_ebu128.short_term.stdev": 0.5545453429222107, "lowlevel.melbands_crest.mean": 15.067228317260742, "lowlevel.melbands_crest.stdev": 5.981953144073486, "lowlevel.melbands_flatness_db.mean": 0.24568024277687073, "lowlevel.melbands_flatness_db.stdev": 0.0856504887342453, "lowlevel.melbands_kurtosis.mean": 17.306955337524414, "lowlevel.melbands_kurtosis.stdev": 30.779682159423828, "lowlevel.melbands_skewness.mean": 2.56846284866333, "lowlevel.melbands_skewness.stdev": 2.082343339920044, "lowlevel.melbands_spread.mean": 21.081157684326172, "lowlevel.melbands_spread.stdev": 23.95278549194336, "lowlevel.pitch_salience.mean": 0.49766501784324646, "lowlevel.pitch_salience.stdev": 0.11886702477931976, "lowlevel.silence_rate_20dB.mean": 1.0, "lowlevel.silence_rate_20dB.stdev": 0.0, "lowlevel.silence_rate_30dB.mean": 0.9971850514411926, "lowlevel.silence_rate_30dB.stdev": 0.05298067629337311, "lowlevel.silence_rate_60dB.mean": 0.0288529209792614, "lowlevel.silence_rate_60dB.stdev": 0.16739122569561005, "lowlevel.spectral_centroid.mean": 1152.465087890625, "lowlevel.spectral_centroid.stdev": 678.5443725585938, "lowlevel.spectral_complexity.mean": 14.278676986694336, "lowlevel.spectral_complexity.stdev": 6.673949241638184, "lowlevel.spectral_decrease.mean": -8.951293040126984e-09, "lowlevel.spectral_decrease.stdev": 5.80207837330704e-09, "lowlevel.spectral_energy.mean": 0.03578002005815506, "lowlevel.spectral_energy.stdev": 0.022638900205492973, "lowlevel.spectral_energyband_high.mean": 0.0006068467046134174, "lowlevel.spectral_energyband_high.stdev": 0.001125578535720706, "lowlevel.spectral_energyband_low.mean": 0.012950386852025986, "lowlevel.spectral_energyband_low.stdev": 0.016722099855542183, "lowlevel.spectral_energyband_middle_high.mean": 0.0077102831564843655, "lowlevel.spectral_energyband_middle_high.stdev": 0.00994932185858488, "lowlevel.spectral_energyband_middle_low.mean": 0.015392441302537918, "lowlevel.spectral_energyband_middle_low.stdev": 0.013201748952269554, "lowlevel.spectral_entropy.mean": 7.156033515930176, "lowlevel.spectral_entropy.stdev": 0.5749437212944031, "lowlevel.spectral_flux.mean": 0.0893675684928894, "lowlevel.spectral_flux.stdev": 0.052940305322408676, "lowlevel.spectral_kurtosis.mean": 5.253551006317139, "lowlevel.spectral_kurtosis.stdev": 4.347958087921143, "lowlevel.spectral_rms.mean": 0.005566035863012075, "lowlevel.spectral_rms.stdev": 0.001981558743864298, "lowlevel.spectral_rolloff.mean": 1286.796142578125, "lowlevel.spectral_rolloff.stdev": 1778.6435546875, "lowlevel.spectral_skewness.mean": 1.6842896938323975, "lowlevel.spectral_skewness.stdev": 0.6326081156730652, "lowlevel.spectral_spread.mean": 4264806.0, "lowlevel.spectral_spread.stdev": 1733450.875, "lowlevel.spectral_strongpeak.mean": 1.4633978605270386, "lowlevel.spectral_strongpeak.stdev": 1.6405154466629028, "lowlevel.zerocrossingrate.mean": 0.049601610749959946, "lowlevel.zerocrossingrate.stdev": 0.04436786100268364, "metadata.audio_properties.analysis.equal_loudness": 0.0, "metadata.audio_properties.analysis.length": 32.95997619628906, "metadata.audio_properties.analysis.sample_rate": 44100.0, "metadata.audio_properties.analysis.start_time": 0.0, "metadata.audio_properties.bit_rate": 121379.0, "metadata.audio_properties.length": 32.959999084472656, "metadata.audio_properties.lossless": 0.0, "metadata.audio_properties.number_channels": 1.0, "metadata.audio_properties.replay_gain": -13.720527648925781, "metadata.audio_properties.sample_rate": 48000.0, "rhythm.beats_count": 60.0, "rhythm.beats_loudness.mean": 0.058618221431970596, "rhythm.beats_loudness.stdev": 0.015969259664416313, "rhythm.bpm": 111.92577362060547, "rhythm.bpm_histogram_first_peak_bpm": 112.0, "rhythm.bpm_histogram_first_peak_weight": 0.17857146263122559, "rhythm.bpm_histogram_second_peak_bpm": 103.0, "rhythm.bpm_histogram_second_peak_spread": 0.3333333134651184, "rhythm.bpm_histogram_second_peak_weight": 0.033898305147886276, "rhythm.danceability": 1.539766550064087, "rhythm.onset_rate": 4.124670028686523, "tonal.chords_changes_rate": 0.09142053127288818, "tonal.chords_number_rate": 0.009845288470387459, "tonal.chords_strength.mean": 0.5327091217041016, "tonal.chords_strength.stdev": 0.08095905929803848, "tonal.hpcp_crest.mean": 16.40987777709961, "tonal.hpcp_crest.stdev": 7.4969635009765625, "tonal.hpcp_entropy.mean": 1.6354129314422607, "tonal.hpcp_entropy.stdev": 0.6875933408737183, "tonal.key_edma.strength": 0.906444787979126, "tonal.key_krumhansl.strength": 0.905205488204956, "tonal.key_temperley.strength": 0.8991597890853882, "tonal.tuning_diatonic_strength": 0.727703332901001, "tonal.tuning_equal_tempered_deviation": 0.26006191968917847, "tonal.tuning_frequency": 434.193115234375, "tonal.tuning_nontempered_energy_ratio": 0.9720273613929749, "lowlevel.barkbands.mean": [0.0007712755468674004, 0.009898150339722633, 0.0018607504898682237, 0.001142186694778502, 0.003680261317640543, 0.003524473635479808, 0.002145730424672365, 0.001201067352667451, 0.002827244345098734, 0.0023220956791192293, 0.0018675429746508598, 0.0007972466410137713, 0.00104377674870193, 0.000224117495235987, 0.0006434625247493386, 0.0002893986238632351, 0.0002220439782831818, 0.00017741351621225476, 0.00029545449069701135, 0.0004278245323803276, 6.41254591755569e-05, 5.376064291340299e-05, 9.89035252132453e-05, 0.00012280396185815334, 7.884871592978016e-05, 9.714603521615572e-08, 2.4178510305006284e-09], "lowlevel.barkbands.stdev": [0.0017977315001189709, 0.014633717946708202, 0.0027080534491688013, 0.0016353519167751074, 0.007283683400601149, 0.0065375869162380695, 0.004632278811186552, 0.0036108733620494604, 0.005970518104732037, 0.004886648617684841, 0.004111526999622583, 0.00207221950404346, 0.002672050381079316, 0.000753524829633534, 0.0017022117972373962, 0.0006473074317909777, 0.0005352424923330545, 0.00033583896583877504, 0.0004896385944448411, 0.0006443090969696641, 0.0001488356210757047, 0.0001706532493699342, 0.0003018812567461282, 0.00032311902032233775, 0.00018590140098240227, 5.654014216815995e-07, 2.973766832781166e-08], "lowlevel.erbbands.mean": [0.3204435706138611, 2.0248663425445557, 2.649564743041992, 2.977417469024658, 6.003530979156494, 14.985544204711914, 21.421546936035156, 33.45212936401367, 27.279254913330078, 30.565616607666016, 29.019184112548828, 75.6960678100586, 65.73641967773438, 81.0500259399414, 70.28968048095703, 35.481170654296875, 47.817718505859375, 20.734249114990234, 27.91168785095215, 21.545543670654297, 16.8382625579834, 10.860404014587402, 9.574020385742188, 13.228499412536621, 18.150821685791016, 20.001075744628906, 5.8273024559021, 1.9182252883911133, 1.8162567615509033, 2.5732626914978027, 2.7656657695770264, 2.7096505165100098, 1.9406708478927612, 1.3618544340133667, 0.28291383385658264, 0.01232093758881092, 0.0004521076916716993, 4.5016564399702474e-05, 2.527790275053121e-05, 4.3108200770802796e-05], "lowlevel.erbbands.stdev": [0.6481349468231201, 2.627728223800659, 2.8494699001312256, 3.4442272186279297, 9.676167488098145, 37.5396728515625, 47.98785400390625, 68.56918334960938, 55.26691818237305, 66.57465362548828, 82.62518310546875, 161.6993865966797, 154.50668334960938, 145.7595672607422, 180.59178161621094, 89.92829895019531, 118.02070617675781, 58.451332092285156, 70.60713958740234, 52.314552307128906, 36.32924270629883, 24.600711822509766, 18.85518455505371, 22.375938415527344, 30.439537048339844, 29.32158660888672, 9.707694053649902, 5.446109294891357, 5.4995598793029785, 8.464194297790527, 8.169625282287598, 7.29981803894043, 5.207870960235596, 3.1995787620544434, 0.7576764822006226, 0.03480740636587143, 0.0011189666111022234, 9.70736364251934e-05, 1.898743721540086e-05, 2.5278408429585397e-05], "lowlevel.gfcc.mean": [-26.555871963500977, 126.68879699707031, -130.43746948242188, 38.92255783081055, -69.65499877929688, 21.862335205078125, -34.62044143676758, 13.946677207946777, -22.786149978637695, -12.70615291595459, 8.530983924865723, -19.676898956298828, 14.707121849060059], "lowlevel.melbands.mean": [0.0028428835794329643, 0.0018196372548118234, 0.0006055524572730064, 0.0007313619717024267, 0.000765794946346432, 0.0006989733665250242, 0.0004428796237334609, 0.00031751111964695156, 0.00023297968436963856, 0.0004960529040545225, 0.0003127737727481872, 0.0003202382358722389, 0.0002203550102422014, 0.0001290952059207484, 7.606275175930932e-05, 0.0001108288488467224, 2.756001049419865e-05, 3.755205398192629e-05, 4.895220263279043e-05, 2.1153913621674292e-05, 1.858442738011945e-05, 1.2285439879633486e-05, 8.980693564808462e-06, 7.868825377954636e-06, 1.0746853149612434e-05, 1.162699300039094e-05, 1.5042403902043588e-05, 1.3043078070040792e-05, 4.550609901343705e-06, 1.3333407196114422e-06, 1.0087480859510833e-06, 9.45826059250976e-07, 1.1978569318671362e-06, 1.5556665857729968e-06, 1.6066777561718482e-06, 1.6141677861014614e-06, 1.6832872233862872e-06, 1.3919649290983216e-06, 1.234077558365243e-06, 1.1407462352508446e-06], "lowlevel.melbands.stdev": [0.004768273327499628, 0.0018202512292191386, 0.0007253760122694075, 0.0015447561163455248, 0.0015252676093950868, 0.001377540873363614, 0.0008914883946999907, 0.0006999801262281835, 0.0006703553954139352, 0.0010777846910059452, 0.0007766491617076099, 0.0006063421606086195, 0.0005342889344319701, 0.0002948169130831957, 0.00020664373005274683, 0.0002927614259533584, 9.855969256022945e-05, 0.0001025711972033605, 0.00015113383415155113, 4.7085977712413296e-05, 4.4526233978103846e-05, 3.113990533165634e-05, 2.1957679564366117e-05, 1.3541003681893926e-05, 1.9825352865154855e-05, 2.142607445421163e-05, 2.6610099666868336e-05, 1.97973149624886e-05, 8.044723472266924e-06, 3.6082949463889236e-06, 3.4218962809973164e-06, 2.8971383017051267e-06, 4.0263244045490865e-06, 5.178719675313914e-06, 4.95286849400145e-06, 5.150479410076514e-06, 4.399750650918577e-06, 3.976540938310791e-06, 2.8630977340071695e-06, 2.866860313588404e-06], "lowlevel.melbands128.mean": [0.0007063296507112682, 0.0025600669905543327, 0.0038280889857560396, 0.003264525905251503, 0.0016824865015223622, 0.0008424644474871457, 0.0005461855907924473, 0.0006207602564245462, 0.0005425962735898793, 0.0006830874481238425, 0.0009341089753434062, 0.0007716550608165562, 0.0007267562323249876, 0.0006855629617348313, 0.0010063184890896082, 0.0005104196607135236, 0.0002786033146549016, 0.0004959028447046876, 0.0005966460448689759, 0.00027414740179665387, 0.0002433084009680897, 0.00020841082732658833, 0.0002492953499313444, 0.00020010105799883604, 0.0005238400772213936, 0.0006991539266891778, 0.00022759319108445197, 0.000383702659746632, 0.00018919649301096797, 0.0003635446773841977, 0.00040001003071665764, 0.0001919720962177962, 0.00012490399240050465, 0.00039024034049361944, 9.52926857280545e-05, 9.048173524206504e-05, 9.05440901988186e-05, 4.658563921111636e-05, 9.063041215995327e-05, 0.00012408895418047905, 0.00014760330668650568, 3.241386730223894e-05, 2.2459838874056004e-05, 2.873559969884809e-05, 1.3687887985724956e-05, 4.2422208935022354e-05, 5.753093137172982e-05, 7.617202936671674e-05, 2.778105772449635e-05, 9.744497219799086e-06, 2.6617966796038672e-05, 2.6764031645143405e-05, 1.590094507264439e-05, 1.835085276979953e-05, 1.775824057403952e-05, 1.155622157966718e-05, 6.558333097927971e-06, 9.445520845474675e-06, 9.450916877540294e-06, 9.918302566802595e-06, 5.031141881772783e-06, 7.084331173246028e-06, 1.6400264939875342e-05, 1.0278052286594175e-05, 5.033055003877962e-06, 1.229449571837904e-05, 1.5632900613127276e-05, 1.142647579399636e-05, 1.6682888599461876e-05, 1.7685983038973063e-05, 1.1308184184599668e-05, 1.462079308112152e-05, 6.109133209974971e-06, 2.7246626359556103e-06, 1.8841471955965972e-06, 1.501123051639297e-06, 1.0401728331999038e-06, 7.522856435571157e-07, 1.2825764770241221e-06, 8.570395380047557e-07, 9.690089655123302e-07, 1.0010598998633213e-06, 8.244426794590254e-07, 1.4426437928705127e-06, 1.220889316755347e-06, 1.371787448078976e-06, 1.7520889059596811e-06, 1.6858904245964368e-06, 1.7965454617296928e-06, 1.2427618685251218e-06, 1.6549361134821083e-06, 1.6632893675705418e-06, 1.7109913414969924e-06, 1.6109730722746463e-06, 1.8615252201925614e-06, 1.422166633346933e-06, 1.3025531870880513e-06, 1.2669105444729212e-06, 1.1667848411889281e-06, 1.27107159642037e-06, 1.322650973634154e-06, 1.3546322179536219e-06, 5.451921083476918e-07, 5.353199981072976e-07, 2.3808819094028877e-07, 1.3634448237098695e-07, 2.992770475884754e-08, 4.4388475117784765e-09, 5.583111195583967e-10, 1.9223250768973799e-10, 6.720610179478115e-11, 4.909087372717558e-11, 4.4935326293238376e-11, 3.4721631819722987e-11, 2.533121108705405e-11, 1.769816931895818e-11, 1.4642169421374973e-11, 1.1978380093369267e-11, 1.2158831233510803e-11, 1.0511176130878486e-11, 9.779607679227809e-12, 9.373925247135872e-12, 9.069710260600772e-12, 9.122380802140118e-12, 8.884857259638945e-12, 9.133079709178205e-12, 9.235757124359534e-12, 9.170009369896537e-12], "lowlevel.melbands128.stdev": [0.0016922809882089496, 0.0060715447179973125, 0.006380320526659489, 0.0040247468277812, 0.0017517049564048648, 0.0012771687470376492, 0.0007069794228300452, 0.0009792568162083626, 0.0010788755025714636, 0.0017221550224348903, 0.002791466424241662, 0.002065349370241165, 0.0022556213662028313, 0.0014720701146870852, 0.0023695884738117456, 0.0013219901593402028, 0.0009973581181839108, 0.0012660359498113394, 0.001555932336486876, 0.0008313568541780114, 0.0009228857816196978, 0.000885022571310401, 0.0010177030926570296, 0.0007575945346616209, 0.001386098563671112, 0.0017680696910247207, 0.0009063707548193634, 0.0013616435462608933, 0.0007070438005030155, 0.0009778838139027357, 0.000883990025613457, 0.0005690131220035255, 0.0005575499963015318, 0.001192950177937746, 0.0003177461039740592, 0.0003753283526748419, 0.0003578494652174413, 0.000230235411436297, 0.00043333828216418624, 0.0003612307773437351, 0.00047298689605668187, 0.0002569198841229081, 0.00010401243343949318, 0.00011842644744319841, 5.538803816307336e-05, 0.00016689473704900593, 0.00021540613670367748, 0.0003009981010109186, 0.00011026261927327141, 3.2272822863887995e-05, 7.743896276224405e-05, 7.142983668018132e-05, 6.93744295858778e-05, 7.064390229061246e-05, 5.698131280951202e-05, 4.726117549580522e-05, 2.219313864770811e-05, 3.713832484208979e-05, 2.982346632052213e-05, 2.693166425160598e-05, 1.2652532859647181e-05, 1.7659380318946205e-05, 4.0350154449697584e-05, 2.3551861886517145e-05, 1.1594996067287866e-05, 2.9186365281930193e-05, 3.53179348167032e-05, 3.496299177641049e-05, 3.693664257298224e-05, 3.470401497907005e-05, 2.320004023204092e-05, 2.9918213840574026e-05, 1.3262761058285832e-05, 5.422620233730413e-06, 4.9853379096020944e-06, 4.8255456022161525e-06, 3.375443839104264e-06, 2.5533531697874423e-06, 4.652809366234578e-06, 3.6137198549113236e-06, 3.262402287873556e-06, 3.1808679068490164e-06, 2.708498641368351e-06, 5.06633159602643e-06, 4.619203082256718e-06, 4.907043603452621e-06, 6.029790711181704e-06, 5.608113497146405e-06, 6.1383489082800224e-06, 3.6175370041746646e-06, 4.936403456667904e-06, 7.291539532161551e-06, 4.796380380867049e-06, 4.598313807946397e-06, 4.949619324179366e-06, 4.023585461254697e-06, 4.257901764503913e-06, 3.884519628627459e-06, 2.9682546482945327e-06, 2.69163865596056e-06, 3.0019170935702277e-06, 4.05482796850265e-06, 1.4389868283615215e-06, 1.567404183333565e-06, 8.229623631450522e-07, 4.6340082349161094e-07, 1.0681038986604108e-07, 2.1252127169191226e-08, 7.926945322367374e-09, 3.4836251661118922e-09, 1.0241809622613118e-09, 6.687112530379125e-10, 6.095087212720784e-10, 4.2342371275871926e-10, 2.6439841982472956e-10, 1.6321137497055105e-10, 1.2578718622258123e-10, 1.408275163150563e-10, 1.8366629050969863e-10, 1.424899503943422e-10, 1.2606797550329674e-10, 1.1803726052139751e-10, 1.1265256089076914e-10, 1.167013985448051e-10, 1.1273033895253803e-10, 1.2279255390268418e-10, 1.277578459690787e-10, 1.2688863848531184e-10], "lowlevel.mfcc.mean": [-658.2078857421875, 136.0975341796875, 6.89723539352417, 13.248984336853027, 6.958825588226318, -7.973930835723877, 17.022981643676758, 3.0141210556030273, -3.260331630706787, 8.804607391357422, -13.829277992248535, -2.64925479888916, 5.352724075317383], "lowlevel.spectral_contrast_coeffs.mean": [-0.6874999403953552, -0.6820078492164612, -0.688239574432373, -0.7581967711448669, -0.7655128836631775, -0.8111595511436462], "lowlevel.spectral_contrast_coeffs.stdev": [0.08880139142274857, 0.09920989722013474, 0.08706866204738617, 0.0693584606051445, 0.0575149767100811, 0.03581943362951279], "lowlevel.spectral_contrast_valleys.mean": [-6.793270587921143, -7.113555431365967, -7.642872333526611, -8.086284637451172, -7.924172401428223, -10.422958374023438], "lowlevel.spectral_contrast_valleys.stdev": [0.8406394720077515, 0.6650704145431519, 0.6747458577156067, 0.6212157011032104, 0.7117791771888733, 1.1001672744750977], "rhythm.beats_loudness_band_ratio.mean": [0.5686641335487366, 0.11155185848474503, 0.15612778067588806, 0.12379366904497147, 0.04570570960640907, 0.020804261788725853], "rhythm.beats_loudness_band_ratio.stdev": [0.22454258799552917, 0.1508811116218567, 0.15415187180042267, 0.14639462530612946, 0.051682598888874054, 0.036067213863134384], "tonal.hpcp.mean": [0.11083279550075531, 0.1527000516653061, 0.11786637455224991, 0.24629397690296173, 0.3028692603111267, 0.12741310894489288, 0.025724954903125763, 0.017064446583390236, 0.037680454552173615, 0.14022593200206757, 0.1858532726764679, 0.09743046015501022, 0.035860802978277206, 0.02701331488788128, 0.03665837273001671, 0.14128072559833527, 0.20388102531433105, 0.12255037575960159, 0.11436299234628677, 0.11053761839866638, 0.05253257602453232, 0.05821280553936958, 0.0742359459400177, 0.1013595461845398, 0.28076520562171936, 0.32834169268608093, 0.14037542045116425, 0.05629308521747589, 0.04302877187728882, 0.032294027507305145, 0.07633078098297119, 0.09302379190921783, 0.05600977689027786, 0.041971709579229355, 0.036570508033037186, 0.03743206709623337], "tonal.hpcp.stdev": [0.20334309339523315, 0.26828962564468384, 0.21829281747341156, 0.3200284540653229, 0.39294806122779846, 0.20698636770248413, 0.09963927417993546, 0.0779285728931427, 0.11679741740226746, 0.24534182250499725, 0.2858676016330719, 0.20526181161403656, 0.12232464551925659, 0.10761027038097382, 0.11532486230134964, 0.2362488955259323, 0.3321395218372345, 0.21854911744594574, 0.2598089575767517, 0.2505801320075989, 0.14497071504592896, 0.16645367443561554, 0.18940912187099457, 0.21431972086429596, 0.3349563777446747, 0.36057189106941223, 0.22542476654052734, 0.16708065569400787, 0.1545054018497467, 0.11573760211467743, 0.17752043902873993, 0.20895938575267792, 0.14398632943630219, 0.1458788514137268, 0.13361306488513947, 0.12732824683189392], "rhythm.beats_position": [0.5921088457107544, 1.172607660293579, 1.7531065940856934, 2.3103854656219482, 2.879274368286133, 3.4365532398223877, 3.9706122875213623, 4.504671096801758, 5.038730144500732, 5.572789192199707, 6.106847763061523, 6.640906810760498, 7.174965858459473, 7.709024906158447, 8.243083953857422, 8.777142524719238, 9.3228120803833, 9.868480682373047, 10.402539253234863, 10.936598777770996, 11.470657348632812, 12.004715919494629, 12.538775444030762, 13.072834014892578, 13.61850357055664, 14.164172172546387, 14.698230743408203, 15.232290267944336, 15.766348838806152, 16.30040740966797, 16.8344669342041, 17.368526458740234, 17.902584075927734, 18.436643600463867, 18.970703125, 19.5047607421875, 20.050430297851562, 20.596099853515625, 21.130157470703125, 21.664216995239258, 22.19827651977539, 22.732336044311523, 23.266393661499023, 23.800453186035156, 24.33451271057129, 24.86857032775879, 25.402629852294922, 25.936689376831055, 26.470746994018555, 27.004806518554688, 27.53886604309082, 28.072925567626953, 28.606983184814453, 29.141042709350586, 29.67510223388672, 30.20915985107422, 30.74321937561035, 31.288888931274414, 31.811336517333984, 32.34539794921875], "rhythm.bpm_histogram": [0.0, 0.0, 0.0, 0.0, 0.0, 0.0, 0.0, 0.0, 0.0, 0.0, 0.0, 0.0, 0.0, 0.0, 0.0, 0.0, 0.0, 0.0, 0.0, 0.0, 0.0, 0.0, 0.0, 0.0, 0.0, 0.0, 0.0, 0.0, 0.0, 0.0, 0.0, 0.0, 0.0, 0.0, 0.0, 0.0, 0.0, 0.0, 0.0, 0.0, 0.0, 0.0, 0.0, 0.0, 0.0, 0.0, 0.0, 0.0, 0.0, 0.0, 0.0, 0.0, 0.0, 0.0, 0.0, 0.0, 0.0, 0.0, 0.0, 0.0, 0.0, 0.0, 0.0, 0.0, 0.0, 0.0, 0.0, 0.0, 0.0, 0.0, 0.0, 0.0, 0.0, 0.0, 0.0, 0.0, 0.0, 0.0, 0.0, 0.0, 0.0, 0.0, 0.0, 0.0, 0.0, 0.0, 0.0, 0.0, 0.0, 0.0, 0.0, 0.0, 0.0, 0.0, 0.0, 0.0, 0.0, 0.0, 0.0, 0.0, 0.0, 0.0, 0.0, 0.033898305147886276, 0.0, 0.016949152573943138, 0.0, 0.0, 0.033898305147886276, 0.0, 0.11864406615495682, 0.0, 0.7796609997749329, 0.0, 0.0, 0.016949152573943138, 0.0, 0.0, 0.0, 0.0, 0.0, 0.0, 0.0, 0.0, 0.0, 0.0, 0.0, 0.0, 0.0, 0.0, 0.0, 0.0, 0.0, 0.0, 0.0, 0.0, 0.0, 0.0, 0.0, 0.0, 0.0, 0.0, 0.0, 0.0, 0.0, 0.0, 0.0, 0.0, 0.0, 0.0, 0.0, 0.0, 0.0, 0.0, 0.0, 0.0, 0.0, 0.0, 0.0, 0.0, 0.0, 0.0, 0.0, 0.0, 0.0, 0.0, 0.0, 0.0, 0.0, 0.0, 0.0, 0.0, 0.0, 0.0, 0.0, 0.0, 0.0, 0.0, 0.0, 0.0, 0.0, 0.0, 0.0, 0.0, 0.0, 0.0, 0.0, 0.0, 0.0, 0.0, 0.0, 0.0, 0.0, 0.0, 0.0, 0.0, 0.0, 0.0, 0.0, 0.0, 0.0, 0.0, 0.0, 0.0, 0.0, 0.0, 0.0, 0.0, 0.0, 0.0, 0.0, 0.0, 0.0, 0.0, 0.0, 0.0, 0.0, 0.0, 0.0, 0.0, 0.0, 0.0, 0.0, 0.0, 0.0, 0.0, 0.0, 0.0, 0.0, 0.0, 0.0, 0.0, 0.0, 0.0, 0.0, 0.0, 0.0, 0.0, 0.0, 0.0, 0.0, 0.0, 0.0, 0.0, 0.0, 0.0, 0.0, 0.0, 0.0, 0.0], "tonal.chords_histogram": [54.99296951293945, 11.533052444458008, 18.284107208251953, 0.0, 0.4219409227371216, 0.0, 0.0, 0.0, 0.0, 0.0, 0.0, 0.0, 0.0, 0.0, 0.0, 0.28129395842552185, 0.0, 5.344584941864014, 0.0, 0.0, 0.0, 1.406469702720642, 3.938115358352661, 3.797468423843384], "tonal.thpcp": [1.0, 0.4275284707546234, 0.17144665122032166, 0.1310487538576126, 0.09835494309663773, 0.23247361183166504, 0.2833139896392822, 0.1705838143825531, 0.12782935798168182, 0.11137942224740982, 0.11400339007377625, 0.3375532329082489, 0.46506446599960327, 0.35897475481033325, 0.7501148581504822, 0.9224209785461426, 0.3880503475666046, 0.07834812253713608, 0.05197161063551903, 0.1147598847746849, 0.4270731806755066, 0.5660361647605896, 0.2967349588871002, 0.10921794176101685, 0.08227196335792542, 0.11164702475070953, 0.43028566241264343, 0.6209416389465332, 0.3732403814792633, 0.348304808139801, 0.3366542160511017, 0.15999361872673035, 0.17729337513446808, 0.2260935753583908, 0.30870142579078674, 0.855100691318512], "lowlevel.gfcc.cov": [[3042.11083984375, -841.01220703125, -399.8702392578125, 14.546028137207031, -364.5156555175781, 292.8772277832031, -93.77577209472656, 445.3639221191406, -136.07467651367188, 257.7220764160156, 211.66903686523438, -70.57365417480469, -19.109609603881836], [-841.01220703125, 1415.347900390625, 117.45895385742188, -89.65339660644531, 551.0224609375, -196.74896240234375, 354.1928405761719, -89.65008544921875, 184.4798126220703, -108.35678100585938, 70.84557342529297, -192.0682373046875, 55.60396194458008], [-399.8702392578125, 117.45895385742188, 1008.615478515625, 414.7938232421875, 193.8535919189453, 138.72923278808594, -17.582265853881836, 26.34385108947754, 73.1863021850586, 30.719160079956055, -127.68031311035156, 98.99310302734375, -47.961605072021484], [14.546028137207031, -89.65339660644531, 414.7938232421875, 640.4520874023438, 223.39559936523438, 31.82175636291504, -11.305489540100098, 48.93638229370117, 124.3462142944336, -26.616140365600586, -148.28810119628906, 116.9260025024414, -0.49309036135673523], [-364.5156555175781, 551.0224609375, 193.8535919189453, 223.39559936523438, 577.8746337890625, 59.49297332763672, 193.46725463867188, 48.152870178222656, 126.2306900024414, -44.47758865356445, -47.23897933959961, -70.2721176147461, 27.658260345458984], [292.8772277832031, -196.74896240234375, 138.72923278808594, 31.82175636291504, 59.49297332763672, 393.759033203125, 96.66737365722656, 42.18911361694336, -37.79104995727539, 70.12252807617188, -30.166372299194336, -12.041327476501465, -63.39788055419922], [-93.77577209472656, 354.1928405761719, -17.582265853881836, -11.305489540100098, 193.46725463867188, 96.66737365722656, 338.4385986328125, 35.137611389160156, 25.588184356689453, 4.644306182861328, 73.0916519165039, -103.78968811035156, 6.589310169219971], [445.3639221191406, -89.65008544921875, 26.34385108947754, 48.93638229370117, 48.152870178222656, 42.18911361694336, 35.137611389160156, 258.14324951171875, 3.40545392036438, 43.41799545288086, 40.04602813720703, -40.25345993041992, 27.54942512512207], [-136.07467651367188, 184.4798126220703, 73.1863021850586, 124.3462142944336, 126.2306900024414, -37.79104995727539, 25.588184356689453, 3.40545392036438, 208.306884765625, 2.8606882095336914, -44.476768493652344, 26.769840240478516, 17.292137145996094], [257.7220764160156, -108.35678100585938, 30.719160079956055, -26.616140365600586, -44.47758865356445, 70.12252807617188, 4.644306182861328, 43.41799545288086, 2.8606882095336914, 138.25070190429688, 60.262996673583984, -3.3573832511901855, 0.29653018712997437], [211.66903686523438, 70.84557342529297, -127.68031311035156, -148.28810119628906, -47.23897933959961, -30.166372299194336, 73.0916519165039, 40.04602813720703, -44.476768493652344, 60.262996673583984, 250.7098846435547, -44.668304443359375, 27.271329879760742], [-70.57365417480469, -192.0682373046875, 98.99310302734375, 116.9260025024414, -70.2721176147461, -12.041327476501465, -103.78968811035156, -40.25345993041992, 26.769840240478516, -3.3573832511901855, -44.668304443359375, 183.69232177734375, 14.687116622924805], [-19.109609603881836, 55.60396194458008, -47.961605072021484, -0.49309036135673523, 27.658260345458984, -63.39788055419922, 6.589310169219971, 27.54942512512207, 17.292137145996094, 0.29653018712997437, 27.271329879760742, 14.687116622924805, 108.61473083496094]], "lowlevel.gfcc.icov": [[0.0008952009957283735, -0.0004703416198026389, 0.0007628918974660337, -0.0010033174185082316, 0.0009388086036778986, -0.0010881751077249646, 0.0008635010453872383, -0.0014556575333699584, 0.00033237558091059327, -0.0009052266250364482, -0.00048610364319756627, 0.0003372643841430545, 0.00019921451166737825], [-0.0004703416198026389, 0.003944030497223139, -0.0017160570714622736, 0.002580821979790926, -0.00327713368460536, 0.0030775421764701605, -0.0028717638924717903, 0.0024036148097366095, -0.0021288867574185133, 0.0018193632131442428, -0.00038755129207856953, 0.0013589996378868818, -0.0004049825365655124], [0.0007628918974660337, -0.0017160570714622736, 0.0026364843361079693, -0.0023468630388379097, 0.0014031531754881144, -0.0020471063908189535, 0.0017380783101543784, -0.0018101136665791273, 0.0011347350664436817, -0.0018571008695289493, 2.212118124589324e-05, -0.0007046397076919675, 0.0008819185895845294], [-0.0010033174185082316, 0.002580821979790926, -0.0023468630388379097, 0.0053579420782625675, -0.003467913018539548, 0.0029085080605000257, -0.0025062549393624067, 0.0016655431827530265, -0.0019969590939581394, 0.0019048404647037387, 0.0011898765806108713, -0.0014050244353711605, 4.586975592246745e-06], [0.0009388086036778986, -0.00327713368460536, 0.0014031531754881144, -0.003467913018539548, 0.0064164805226027966, -0.003565525636076927, 0.0015427819453179836, -0.0027455929666757584, 0.0003852156223729253, -0.0006133544957265258, 3.1817769922781736e-05, 0.0008849373552948236, -0.0008528922335244715], [-0.0010881751077249646, 0.0030775421764701605, -0.0020471063908189535, 0.0029085080605000257, -0.003565525636076927, 0.007236798759549856, -0.004319225437939167, 0.0022531570866703987, -0.00021237089822534472, -0.0006570278783328831, 0.0016523220110684633, -0.0005122481379657984, 0.001854854985140264], [0.0008635010453872383, -0.0028717638924717903, 0.0017380783101543784, -0.0025062549393624067, 0.0015427819453179836, -0.004319225437939167, 0.007647535298019648, -0.0021120081655681133, 0.000773476785980165, -0.0007361597381532192, -0.002012068871408701, 0.0015607643872499466, -0.0002910106850322336], [-0.0014556575333699584, 0.0024036148097366095, -0.0018101136665791273, 0.0016655431827530265, -0.0027455929666757584, 0.0022531570866703987, -0.0021120081655681133, 0.007908192463219166, -0.0013557890197262168, 0.0010526838013902307, -0.00021524920884985477, 0.0018405449809506536, -0.0021236331667751074], [0.00033237558091059327, -0.0021288867574185133, 0.0011347350664436817, -0.0019969590939581394, 0.0003852156223729253, -0.00021237089822534472, 0.000773476785980165, -0.0013557890197262168, 0.00795470830053091, -0.0031745724845677614, 0.001528833992779255, -0.0020387182012200356, 0.0003492935502436012], [-0.0009052266250364482, 0.0018193632131442428, -0.0018571008695289493, 0.0019048404647037387, -0.0006133544957265258, -0.0006570278783328831, -0.0007361597381532192, 0.0010526838013902307, -0.0031745724845677614, 0.012326924130320549, -0.002934585092589259, 0.0009559509344398975, -0.001272413064725697], [-0.00048610364319756627, -0.00038755129207856953, 2.212118124589324e-05, 0.0011898765806108713, 3.1817769922781736e-05, 0.0016523220110684633, -0.002012068871408701, -0.00021524920884985477, 0.001528833992779255, -0.002934585092589259, 0.006915614474564791, -0.0009733078768476844, -0.0005791099974885583], [0.0003372643841430545, 0.0013589996378868818, -0.0007046397076919675, -0.0014050244353711605, 0.0008849373552948236, -0.0005122481379657984, 0.0015607643872499466, 0.0018405449809506536, -0.0020387182012200356, 0.0009559509344398975, -0.0009733078768476844, 0.01016425434499979, -0.002847870346158743], [0.00019921451166737825, -0.0004049825365655124, 0.0008819185895845294, 4.586975592246745e-06, -0.0008528922335244715, 0.001854854985140264, -0.0002910106850322336, -0.0021236331667751074, 0.0003492935502436012, -0.001272413064725697, -0.0005791099974885583, -0.002847870346158743, 0.012173203751444817]], "lowlevel.mfcc.cov": [[3494.067138671875, -1099.8291015625, -230.34410095214844, -410.50714111328125, -185.49313354492188, -352.46435546875, 184.93850708007812, -68.00099182128906, -135.7670440673828, 265.59844970703125, 38.36106872558594, 18.823598861694336, 174.8109588623047], [-1099.8291015625, 1529.66845703125, -240.83544921875, 137.21095275878906, 122.21297454833984, 42.53138732910156, 188.8389129638672, 19.428159713745117, 62.543128967285156, 184.630126953125, 7.107569694519043, 13.461138725280762, -17.979251861572266], [-230.34410095214844, -240.83544921875, 755.8097534179688, 174.97879028320312, 118.76769256591797, 174.740234375, -71.17959594726562, 52.76100540161133, 53.30040740966797, -92.4403305053711, 80.45390319824219, 69.76834106445312, -19.375133514404297], [-410.50714111328125, 137.21095275878906, 174.97879028320312, 665.1058349609375, 265.1256103515625, 99.39910125732422, -101.11609649658203, 127.0914306640625, 190.2178497314453, -57.732933044433594, 1.3959176540374756, 40.81770324707031, -3.023623466491699], [-185.49313354492188, 122.21297454833984, 118.76769256591797, 265.1256103515625, 386.50994873046875, 66.31640625, 13.733470916748047, 86.10973358154297, 137.60948181152344, 26.71072006225586, 17.088293075561523, 30.541717529296875, 3.7217605113983154], [-352.46435546875, 42.53138732910156, 174.740234375, 99.39910125732422, 66.31640625, 448.3173522949219, -29.0607852935791, 92.15013122558594, 113.51707458496094, -55.97662353515625, 86.10944366455078, -28.641239166259766, -12.23412036895752], [184.93850708007812, 188.8389129638672, -71.17959594726562, -101.11609649658203, 13.733470916748047, -29.0607852935791, 440.080810546875, 22.71705436706543, -60.2513542175293, 219.56748962402344, 17.14815330505371, -11.088029861450195, 17.123577117919922], [-68.00099182128906, 19.428159713745117, 52.76100540161133, 127.0914306640625, 86.10973358154297, 92.15013122558594, 22.71705436706543, 178.23321533203125, 94.95272827148438, -1.2473726272583008, 25.720169067382812, -1.2311217784881592, -1.501726508140564], [-135.7670440673828, 62.543128967285156, 53.30040740966797, 190.2178497314453, 137.60948181152344, 113.51707458496094, -60.2513542175293, 94.95272827148438, 241.93902587890625, 17.131526947021484, 19.365522384643555, -6.959924697875977, 0.1608126312494278], [265.59844970703125, 184.630126953125, -92.4403305053711, -57.732933044433594, 26.71072006225586, -55.97662353515625, 219.56748962402344, -1.2473726272583008, 17.131526947021484, 270.9628601074219, 35.98820877075195, -9.906222343444824, 29.2111873626709], [38.36106872558594, 7.107569694519043, 80.45390319824219, 1.3959176540374756, 17.088293075561523, 86.10944366455078, 17.14815330505371, 25.720169067382812, 19.365522384643555, 35.98820877075195, 129.37783813476562, 13.1013765335083, -8.103653907775879], [18.823598861694336, 13.461138725280762, 69.76834106445312, 40.81770324707031, 30.541717529296875, -28.641239166259766, -11.088029861450195, -1.2311217784881592, -6.959924697875977, -9.906222343444824, 13.1013765335083, 105.31851959228516, 38.923912048339844], [174.8109588623047, -17.979251861572266, -19.375133514404297, -3.023623466491699, 3.7217605113983154, -12.23412036895752, 17.123577117919922, -1.501726508140564, 0.1608126312494278, 29.2111873626709, -8.103653907775879, 38.923912048339844, 115.84685516357422]], "lowlevel.mfcc.icov": [[0.0005847805878147483, 0.0005104637239128351, 0.00020044823759235442, 0.00010551178274909034, 2.1281410226947628e-05, 0.0002808216377161443, -2.0373667211970314e-05, -9.620487253414467e-05, 2.9867582270526327e-05, -0.0006563854985870421, -0.00034396490082144737, -8.411677117692307e-05, -0.0005665150238201022], [0.0005104637239128351, 0.001291986438445747, 0.0005541966529563069, -0.00015172045095823705, -0.00010993408795911819, -8.489791071042418e-05, -0.0001849707041401416, 0.00010719356214394793, 3.168663533870131e-05, -0.0010947240516543388, -0.00012088801304344088, -0.0006732701440341771, 3.6011202610097826e-05], [0.00020044823759235442, 0.0005541966529563069, 0.002020130632445216, -0.00028795842081308365, -0.00033662072382867336, -0.0005566582549363375, -0.00013862320338375866, 0.00012967779184691608, 0.0001334955741185695, 7.318897405639291e-05, -0.0007946729892864823, -0.0014736972516402602, 0.0005090088816359639], [0.00010551178274909034, -0.00015172045095823705, -0.00028795842081308365, 0.002668333938345313, -0.0011299267644062638, 0.00017540325643494725, 0.00034805663744919, -0.0008655324345454574, -0.001018810784444213, 0.00033117845305241644, 0.0003940641472581774, -0.0005063827848061919, -5.35076942469459e-05], [2.1281410226947628e-05, -0.00010993408795911819, -0.00033662072382867336, -0.0011299267644062638, 0.004157667979598045, 8.19386841612868e-05, -0.0004483124357648194, -0.0003561210469342768, -0.0013823152985423803, -0.0003047062491532415, 0.00012442388106137514, -0.0007514782482758164, 0.00014171387010719627], [0.0002808216377161443, -8.489791071042418e-05, -0.0005566582549363375, 0.00017540325643494725, 8.19386841612868e-05, 0.0038890342693775892, -0.0006318541709333658, -0.000644223706331104, -0.001451984979212284, 0.0015961285680532455, -0.0026429907884448767, 0.0020922988187521696, -0.0013206712901592255], [-2.0373667211970314e-05, -0.0001849707041401416, -0.00013862320338375866, 0.00034805663744919, -0.0004483124357648194, -0.0006318541709333658, 0.004851247183978558, -0.0017631059745326638, 0.002450453583151102, -0.0041961329989135265, 0.0011153225786983967, -6.887603376526386e-05, 0.00035151111660525203], [-9.620487253414467e-05, 0.00010719356214394793, 0.00012967779184691608, -0.0008655324345454574, -0.0003561210469342768, -0.000644223706331104, -0.0017631059745326638, 0.008484962396323681, -0.0027125298511236906, 0.0015829310286790133, -0.00108775042463094, 0.00022647585137747228, -7.264847226906568e-05], [2.9867582270526327e-05, 3.168663533870131e-05, 0.0001334955741185695, -0.001018810784444213, -0.0013823152985423803, -0.001451984979212284, 0.002450453583151102, -0.0027125298511236906, 0.008221946656703949, -0.0029891885351389647, 0.0008136078831739724, 0.0006832776125520468, 1.8941480448120274e-05], [-0.0006563854985870421, -0.0010947240516543388, 7.318897405639291e-05, 0.00033117845305241644, -0.0003047062491532415, 0.0015961285680532455, -0.0041961329989135265, 0.0015829310286790133, -0.0029891885351389647, 0.009800221771001816, -0.0031518598552793264, 0.0019129912834614515, -0.0016696734819561243], [-0.00034396490082144737, -0.00012088801304344088, -0.0007946729892864823, 0.0003940641472581774, 0.00012442388106137514, -0.0026429907884448767, 0.0011153225786983967, -0.00108775042463094, 0.0008136078831739724, -0.0031518598552793264, 0.011323858052492142, -0.0027468129992485046, 0.0024242389481514692], [-8.411677117692307e-05, -0.0006732701440341771, -0.0014736972516402602, -0.0005063827848061919, -0.0007514782482758164, 0.0020922988187521696, -6.887603376526386e-05, 0.00022647585137747228, 0.0006832776125520468, 0.0019129912834614515, -0.0027468129992485046, 0.014111990109086037, -0.0053960420191287994], [-0.0005665150238201022, 3.6011202610097826e-05, 0.0005090088816359639, -5.35076942469459e-05, 0.00014171387010719627, -0.0013206712901592255, 0.00035151111660525203, -7.264847226906568e-05, 1.8941480448120274e-05, -0.0016696734819561243, 0.0024242389481514692, -0.0053960420191287994, 0.011782954446971416]], "metadata.audio_properties.analysis.downmix": "mix", "metadata.audio_properties.codec": "mp3", "metadata.audio_properties.md5_encoded": "45bac6188abe825255c06905b949fa87", "metadata.tags.file_name": "1182265542229377054.mp3", "metadata.version.essentia": "2.1-beta6-dev", "metadata.version.essentia_git_sha": "v2.1_beta5-1110-g77a6a954", "metadata.version.extractor": "music 2.0", "tonal.chords_key": "Bb", "tonal.chords_scale": "major", "tonal.key_edma.key": "Bb", "tonal.key_edma.scale": "major", "tonal.key_krumhansl.key": "Bb", "tonal.key_krumhansl.scale": "ma