{"song_id": "1182285589924561036", "download": "https://cdn.discordapp.com/attachments/1135911532732108921/1182285589924561036/chirp.mp4?ex=65842442&amp", "lyrics": "FATTO E DIRETTO DA ZAC\nFATTO E DIRETTO DA ZAC\nFATTO E DIRETTO DA ZAC\nFATTO E DIRETTO DA ZAC\nFATTO E DIRETTO DA ZAC\nFATTO E DIRETTO DA ZAC\nFATTO E DIRETTO DA ZAC\nFATTO E DIRETTO DA ZAC", "style": ["techno"], "essentia_features": {"lowlevel.average_loudness": 0.955040454864502, "lowlevel.barkbands_crest.mean": 12.16241455078125, "lowlevel.barkbands_crest.stdev": 3.8404109477996826, "lowlevel.barkbands_flatness_db.mean": 0.2608689069747925, "lowlevel.barkbands_flatness_db.stdev": 0.09162064641714096, "lowlevel.barkbands_kurtosis.mean": 13.177600860595703, "lowlevel.barkbands_kurtosis.stdev": 12.67704963684082, "lowlevel.barkbands_skewness.mean": 2.599872589111328, "lowlevel.barkbands_skewness.stdev": 1.2498986721038818, "lowlevel.barkbands_spread.mean": 9.859312057495117, "lowlevel.barkbands_spread.stdev": 14.262255668640137, "lowlevel.dissonance.mean": 0.4210644066333771, "lowlevel.dissonance.stdev": 0.043038416653871536, "lowlevel.dynamic_complexity": 2.696481704711914, "lowlevel.erbbands_crest.mean": 10.750951766967773, "lowlevel.erbbands_crest.stdev": 4.362266540527344, "lowlevel.erbbands_flatness_db.mean": 0.2124386727809906, "lowlevel.erbbands_flatness_db.stdev": 0.06957882642745972, "lowlevel.erbbands_kurtosis.mean": 1.852522850036621, "lowlevel.erbbands_kurtosis.stdev": 2.960984945297241, "lowlevel.erbbands_skewness.mean": 1.0423309803009033, "lowlevel.erbbands_skewness.stdev": 0.911135733127594, "lowlevel.erbbands_spread.mean": 33.26951217651367, "lowlevel.erbbands_spread.stdev": 25.218036651611328, "lowlevel.hfc.mean": 14.231637954711914, "lowlevel.hfc.stdev": 12.203207969665527, "lowlevel.loudness_ebu128.integrated": -13.387123107910156, "lowlevel.loudness_ebu128.loudness_range": 2.745577812194824, "lowlevel.loudness_ebu128.momentary.mean": -13.883050918579102, "lowlevel.loudness_ebu128.momentary.stdev": 2.2883517742156982, "lowlevel.loudness_ebu128.short_term.mean": -13.44731330871582, "lowlevel.loudness_ebu128.short_term.stdev": 1.094264268875122, "lowlevel.melbands_crest.mean": 16.584474563598633, "lowlevel.melbands_crest.stdev": 4.707131862640381, "lowlevel.melbands_flatness_db.mean": 0.36236047744750977, "lowlevel.melbands_flatness_db.stdev": 0.10909280925989151, "lowlevel.melbands_kurtosis.mean": 27.57796859741211, "lowlevel.melbands_kurtosis.stdev": 28.115917205810547, "lowlevel.melbands_skewness.mean": 3.548783302307129, "lowlevel.melbands_skewness.stdev": 1.8417861461639404, "lowlevel.melbands_spread.mean": 7.740367889404297, "lowlevel.melbands_spread.stdev": 9.807039260864258, "lowlevel.pitch_salience.mean": 0.4961576461791992, "lowlevel.pitch_salience.stdev": 0.10253150761127472, "lowlevel.silence_rate_20dB.mean": 1.0, "lowlevel.silence_rate_20dB.stdev": 0.0, "lowlevel.silence_rate_30dB.mean": 0.9988073706626892, "lowlevel.silence_rate_30dB.stdev": 0.03451360762119293, "lowlevel.silence_rate_60dB.mean": 0.003577817464247346, "lowlevel.silence_rate_60dB.stdev": 0.0597083754837513, "lowlevel.spectral_centroid.mean": 560.9058837890625, "lowlevel.spectral_centroid.stdev": 608.6048583984375, "lowlevel.spectral_complexity.mean": 10.843769073486328, "lowlevel.spectral_complexity.stdev": 4.688058853149414, "lowlevel.spectral_decrease.mean": -1.0335051925380867e-08, "lowlevel.spectral_decrease.stdev": 5.4248232572717825e-09, "lowlevel.spectral_energy.mean": 0.04029763489961624, "lowlevel.spectral_energy.stdev": 0.021125363186001778, "lowlevel.spectral_energyband_high.mean": 0.0004398154851514846, "lowlevel.spectral_energyband_high.stdev": 0.0012504130136221647, "lowlevel.spectral_energyband_low.mean": 0.01924033835530281, "lowlevel.spectral_energyband_low.stdev": 0.011834993958473206, "lowlevel.spectral_energyband_middle_high.mean": 0.0017610009526833892, "lowlevel.spectral_energyband_middle_high.stdev": 0.002561646280810237, "lowlevel.spectral_energyband_middle_low.mean": 0.022341275587677956, "lowlevel.spectral_energyband_middle_low.stdev": 0.017328258603811264, "lowlevel.spectral_entropy.mean": 6.531154632568359, "lowlevel.spectral_entropy.stdev": 0.7534887790679932, "lowlevel.spectral_flux.mean": 0.05648749694228172, "lowlevel.spectral_flux.stdev": 0.04111364856362343, "lowlevel.spectral_kurtosis.mean": 21.75172996520996, "lowlevel.spectral_kurtosis.stdev": 27.383899688720703, "lowlevel.spectral_rms.mean": 0.00603040587157011, "lowlevel.spectral_rms.stdev": 0.001717275707051158, "lowlevel.spectral_rolloff.mean": 583.7574462890625, "lowlevel.spectral_rolloff.stdev": 1145.0506591796875, "lowlevel.spectral_skewness.mean": 3.010056734085083, "lowlevel.spectral_skewness.stdev": 1.7383344173431396, "lowlevel.spectral_spread.mean": 3296020.25, "lowlevel.spectral_spread.stdev": 2278844.75, "lowlevel.spectral_strongpeak.mean": 0.8981506824493408, "lowlevel.spectral_strongpeak.stdev": 0.8936904668807983, "lowlevel.zerocrossingrate.mean": 0.028369227424263954, "lowlevel.zerocrossingrate.stdev": 0.035958431661129, "metadata.audio_properties.analysis.equal_loudness": 0.0, "metadata.audio_properties.analysis.length": 38.910953521728516, "metadata.audio_properties.analysis.sample_rate": 44100.0, "metadata.audio_properties.analysis.start_time": 0.0, "metadata.audio_properties.bit_rate": 117240.0, "metadata.audio_properties.length": 38.9119987487793, "metadata.audio_properties.lossless": 0.0, "metadata.audio_properties.number_channels": 1.0, "metadata.audio_properties.replay_gain": -12.767675399780273, "metadata.audio_properties.sample_rate": 48000.0, "rhythm.beats_count": 88.0, "rhythm.beats_loudness.mean": 0.045853372663259506, "rhythm.beats_loudness.stdev": 0.020118266344070435, "rhythm.bpm": 143.51776123046875, "rhythm.bpm_histogram_first_peak_bpm": 144.0, "rhythm.bpm_histogram_first_peak_weight": 0.46666669845581055, "rhythm.bpm_histogram_second_peak_bpm": 136.0, "rhythm.bpm_histogram_second_peak_spread": 0.1666666865348816, "rhythm.bpm_histogram_second_peak_weight": 0.1149425283074379, "rhythm.danceability": 1.019326090812683, "rhythm.onset_rate": 2.8513994216918945, "tonal.chords_changes_rate": 0.03337306156754494, "tonal.chords_number_rate": 0.005959475412964821, "tonal.chords_strength.mean": 0.5255290269851685, "tonal.chords_strength.stdev": 0.07410816848278046, "tonal.hpcp_crest.mean": 16.302841186523438, "tonal.hpcp_crest.stdev": 6.138745307922363, "tonal.hpcp_entropy.mean": 1.577815294265747, "tonal.hpcp_entropy.stdev": 0.5906541347503662, "tonal.key_edma.strength": 0.7082087993621826, "tonal.key_krumhansl.strength": 0.7001630067825317, "tonal.key_temperley.strength": 0.7254458069801331, "tonal.tuning_diatonic_strength": 0.6215726137161255, "tonal.tuning_equal_tempered_deviation": 0.06656379997730255, "tonal.tuning_frequency": 438.98455810546875, "tonal.tuning_nontempered_energy_ratio": 0.6380060911178589, "lowlevel.barkbands.mean": [3.4095872251782566e-05, 0.008243498392403126, 0.007530192378908396, 0.007916485890746117, 0.0047552213072776794, 0.0034298391547054052, 0.0028462547343224287, 0.002194005995988846, 0.001099571119993925, 0.00023482357210014015, 0.0001965309784281999, 0.00033365635317750275, 0.00022085747332312167, 0.0001996545324800536, 0.00019970673019997776, 0.00016907666577026248, 0.0001314202236244455, 3.695721534313634e-05, 3.0245779271353967e-05, 0.00010988904978148639, 9.137213783105835e-05, 3.4352309739915654e-05, 0.00010924254456767812, 0.0001032205400406383, 2.6051302484120242e-05, 1.9899840481230058e-05, 1.5858055348871858e-06], "lowlevel.barkbands.stdev": [5.0927519623655826e-05, 0.00844073947519064, 0.008281013928353786, 0.007589319720864296, 0.005932230968028307, 0.005041723605245352, 0.007657536305487156, 0.006091238930821419, 0.0034607164561748505, 0.0006573958089575171, 0.0005140309222042561, 0.001164899324066937, 0.0007835461874492466, 0.0006181143689900637, 0.0005570008070208132, 0.0004910223069600761, 0.0003292724140919745, 6.0667523939628154e-05, 7.146799907786772e-05, 0.0002484987780917436, 0.0003033884859178215, 0.00011572727817110717, 0.0003681587986648083, 0.000347068184055388, 7.85512020229362e-05, 5.8363249991089106e-05, 5.286975920171244e-06], "lowlevel.erbbands.mean": [0.11177514493465424, 2.308847427368164, 7.84375, 18.413137435913086, 21.25647735595703, 15.373425483703613, 17.097074508666992, 38.68595886230469, 44.00507354736328, 46.94306182861328, 33.492977142333984, 28.055908203125, 8.402339935302734, 6.546469688415527, 10.22470760345459, 13.909425735473633, 10.996172904968262, 11.487250328063965, 10.284539222717285, 9.02709674835205, 9.518497467041016, 6.731880187988281, 2.7549889087677, 1.1412668228149414, 2.9282033443450928, 5.229332447052002, 4.234132289886475, 2.7600185871124268, 1.322936773300171, 1.695447564125061, 3.3844752311706543, 2.9980275630950928, 1.2029563188552856, 0.40595534443855286, 0.1212136372923851, 0.06785210967063904, 0.041636284440755844, 0.008508033119142056, 0.00020398975175339729, 5.071319537819363e-05], "lowlevel.erbbands.stdev": [0.13593146204948425, 2.2065296173095703, 6.9266438484191895, 13.487687110900879, 20.010269165039062, 24.15886688232422, 31.6407413482666, 56.80947494506836, 111.651123046875, 118.27792358398438, 86.75762939453125, 87.40670776367188, 26.154420852661133, 16.64496612548828, 21.84914207458496, 53.671390533447266, 34.27215576171875, 30.45262336730957, 23.845163345336914, 26.31070899963379, 25.979042053222656, 15.72488021850586, 4.863305568695068, 1.6524995565414429, 6.696294784545898, 12.401579856872559, 13.016324996948242, 9.29060173034668, 4.493405818939209, 5.842336177825928, 11.524578094482422, 10.304718017578125, 3.956322431564331, 1.2322129011154175, 0.418364554643631, 0.20962956547737122, 0.12482620775699615, 0.026607295498251915, 0.0005643494660034776, 2.8524551453301683e-05], "lowlevel.gfcc.mean": [-64.79621124267578, 157.52359008789062, -80.68695831298828, 25.107465744018555, -33.888145446777344, 6.836574554443359, -42.77138900756836, -4.3769025802612305, -15.172000885009766, -2.692969560623169, -8.678825378417969, -11.368977546691895, -10.727824211120605], "lowlevel.melbands.mean": [0.0017173276282846928, 0.003913423046469688, 0.0034357968252152205, 0.0011984697775915265, 0.0006708536529913545, 0.0007844720385037363, 0.0006443238817155361, 0.0005260661127977073, 0.00026607117615640163, 0.0001553024776512757, 3.63519684469793e-05, 2.5668732632766478e-05, 2.885877802327741e-05, 3.595879388740286e-05, 3.127832314930856e-05, 2.2354790417011827e-05, 2.156407936126925e-05, 1.558430267323274e-05, 1.4589635611628182e-05, 1.1879771591338795e-05, 1.086289466911694e-05, 7.811649084032979e-06, 3.837616986857029e-06, 1.4664170748801553e-06, 7.796974728080386e-07, 1.2755753004967119e-06, 3.4484917250665603e-06, 3.442419711063849e-06, 2.5826063847489422e-06, 2.461027179379016e-06, 1.2613899116331595e-06, 7.368980732280761e-07, 6.267084700084524e-07, 1.0771270808618283e-06, 1.855933419392386e-06, 2.2425147108151577e-06, 1.6689128869984415e-06, 9.301807040174026e-07, 5.638985953737574e-07, 2.4094239847727295e-07], "lowlevel.melbands.stdev": [0.0019110842840746045, 0.002659489633515477, 0.0025293026119470596, 0.0011442601680755615, 0.001212617615237832, 0.0011347465915605426, 0.001686822040937841, 0.001392791629768908, 0.0007105324766598642, 0.000489034631755203, 0.0001259142445633188, 6.86772182234563e-05, 6.888103962410241e-05, 0.00012582172348629683, 0.00010848198871826753, 8.564172458136454e-05, 6.144322833279148e-05, 4.0456416172673926e-05, 5.150162542122416e-05, 3.629150887718424e-05, 2.981011857627891e-05, 1.909603815875016e-05, 8.94413187779719e-06, 2.378907538513886e-06, 1.236657681147335e-06, 3.3389842428732663e-06, 7.647086022188887e-06, 8.890400749805849e-06, 7.813743650331162e-06, 8.795202120381873e-06, 4.293666734156432e-06, 2.5504375571472337e-06, 2.2152239580464084e-06, 3.848225333058508e-06, 6.374536496878136e-06, 7.9808442023932e-06, 5.886696726520313e-06, 3.1675774607720086e-06, 1.8610314782563364e-06, 7.361747975664912e-07], "lowlevel.melbands128.mean": [1.852785499067977e-05, 0.000341192411724478, 0.0024328874424099922, 0.004322838969528675, 0.003927570767700672, 0.0038568514864891768, 0.0035902909003198147, 0.004253131337463856, 0.001867420505732298, 0.0008261127513833344, 0.0008142743026837707, 0.0008757049217820168, 0.000458486465504393, 0.0005673900013789535, 0.001235641655512154, 0.0005545791937038302, 0.000527981377672404, 0.0009160824702121317, 0.00042887619929388165, 0.0004900534986518323, 0.0006924206390976906, 0.00024386210134252906, 0.0002062925777863711, 0.0002650641545187682, 0.00023883854737505317, 8.465263817925006e-05, 2.9670331059605815e-05, 4.349547816673294e-05, 2.3210061044665053e-05, 3.453534736763686e-05, 2.122284786310047e-05, 1.9835832063108683e-05, 2.2316475224215537e-05, 4.656676537706517e-05, 3.1360992579720914e-05, 3.045454104722012e-05, 4.705190076492727e-05, 3.382245631655678e-05, 1.9914084987249225e-05, 2.3092345145414583e-05, 2.6323541533201933e-05, 1.5105365491763223e-05, 2.2499581973534077e-05, 2.7216334274271503e-05, 1.1349372471158858e-05, 1.4235935850592796e-05, 1.838553544075694e-05, 1.7646125343162566e-05, 1.157539645646466e-05, 9.18637579161441e-06, 1.2525255442596972e-05, 1.4365938113769516e-05, 9.951543688657694e-06, 1.0177818694501184e-05, 1.0717926670622546e-05, 7.817003279342316e-06, 4.956320481142029e-06, 5.174879788683029e-06, 2.977155645567109e-06, 2.25900339501095e-06, 1.43016393394646e-06, 8.291742119581613e-07, 8.824894166536978e-07, 7.411222782138793e-07, 6.330618589345249e-07, 9.329592103313189e-07, 1.7002807908284012e-06, 2.9681843898288207e-06, 3.934370852221036e-06, 4.191971129330341e-06, 3.6061592254554853e-06, 3.1151200801105006e-06, 2.2897681901667966e-06, 2.738791181400302e-06, 2.528896175135742e-06, 2.5447011466894764e-06, 2.7534440505405655e-06, 1.4266023526943172e-06, 1.1929373613384087e-06, 7.812162152731617e-07, 8.162003837242082e-07, 7.049698638184054e-07, 5.789435704173229e-07, 6.300450650087441e-07, 6.026167511663516e-07, 8.839355132295168e-07, 1.168644644167216e-06, 1.605145143912523e-06, 1.8265003518536105e-06, 2.131513610947877e-06, 2.2403230559575604e-06, 2.335681983822724e-06, 2.1184705474297516e-06, 1.7318162690571626e-06, 1.355731910734903e-06, 1.220467879647913e-06, 8.058620437623176e-07, 5.162661409485736e-07, 6.407252044482448e-07, 5.797269295726437e-07, 3.462695872258337e-07, 1.7965479059967038e-07, 1.0515714876646598e-07, 1.0252617244077555e-07, 1.5080770765507623e-07, 1.3852880442755122e-07, 1.188590132983336e-07, 8.862892997285599e-08, 1.1702763913490344e-07, 1.240305635974437e-07, 1.3303058210567542e-07, 1.2475864252792235e-07, 1.4674571957584703e-07, 1.4914189705450553e-07, 1.1464111082659656e-07, 9.984080406866269e-08, 6.328816937184456e-08, 8.608713741864449e-09, 8.714984463253916e-12, 5.635161174494252e-12, 5.482969980818986e-12, 5.363707308164711e-12, 5.2470905224921705e-12, 5.1535243086875404e-12, 5.0567271724089036e-12, 4.946283833906495e-12, 4.878977430400333e-12, 4.848553850078652e-12], "lowlevel.melbands128.stdev": [2.7414391297497787e-05, 0.0005072770291008055, 0.0033624032512307167, 0.0042483010329306126, 0.0032630679197609425, 0.00426649022847414, 0.002869154093787074, 0.004391633905470371, 0.0020163755398243666, 0.0013163022231310606, 0.0015475500840693712, 0.002314907731488347, 0.0012640788918361068, 0.0012071536621078849, 0.00206147413700819, 0.0008869740413501859, 0.0014452527975663543, 0.002988348715007305, 0.0015131491236388683, 0.0016488339751958847, 0.0022607375867664814, 0.0009606134262867272, 0.0009656152105890214, 0.0010189483873546124, 0.0009599094628356397, 0.00036789465229958296, 0.00018536114657763392, 0.0002043591666733846, 7.730863580945879e-05, 0.0001196669036289677, 7.71235499996692e-05, 0.00010689372720662504, 8.480628457618877e-05, 0.00010917369945673272, 0.0001422693458152935, 0.00022103128139860928, 0.0002238975721411407, 0.00017243351612705737, 7.72468265495263e-05, 0.00011920108954655007, 0.00013408168160822242, 8.907856681616977e-05, 7.272133370861411e-05, 9.260280057787895e-05, 7.541892409790307e-05, 3.752776319743134e-05, 5.172628880245611e-05, 0.00010780449520098045, 5.0654773076530546e-05, 4.796156645170413e-05, 4.544849070953205e-05, 5.8353194617666304e-05, 3.461084270384163e-05, 3.076895882259123e-05, 3.6634428397519514e-05, 2.177202986786142e-05, 1.963909380719997e-05, 1.5532063116552308e-05, 7.049132364045363e-06, 4.937044650432654e-06, 3.1805898288439494e-06, 1.6441058505733963e-06, 1.5161117516981903e-06, 1.4011690154802636e-06, 1.3405730214799405e-06, 2.3778936792950844e-06, 6.740729986631777e-06, 8.528761100023985e-06, 9.999874237109907e-06, 1.0883687536988873e-05, 1.084847917809384e-05, 9.301089448854327e-06, 7.180166903708596e-06, 9.499991392658558e-06, 9.205096830555703e-06, 1.0321431545889936e-05, 1.0746098269009963e-05, 5.0720450417429674e-06, 4.521032224147348e-06, 2.772243760773563e-06, 2.9435034321068088e-06, 2.7667088033922482e-06, 2.2083370367909083e-06, 2.4189230316551402e-06, 2.2620308754994767e-06, 3.5525222301657777e-06, 4.397744305606466e-06, 6.127222604845883e-06, 6.4798941821209155e-06, 8.265677934105042e-06, 8.430396519543137e-06, 9.140066140389536e-06, 7.601878678542562e-06, 6.461180873884587e-06, 5.594365120487055e-06, 4.123484359297436e-06, 2.9961913696752163e-06, 2.128594132955186e-06, 2.2619979063165374e-06, 1.9062606497755041e-06, 1.1662369843179476e-06, 6.487388759524038e-07, 4.0999890416060225e-07, 4.806228162124171e-07, 7.473631740140263e-07, 4.6357854444067925e-07, 5.282003030515625e-07, 3.234929124573682e-07, 4.1739664879969496e-07, 4.4424581346902414e-07, 5.237395157564606e-07, 4.1339990275446326e-07, 4.6489887495226867e-07, 4.824088364330237e-07, 4.002366438271565e-07, 3.552110854343482e-07, 2.11092455515427e-07, 3.663815562049422e-08, 6.726157825154289e-11, 9.273462206471628e-12, 8.974950990725539e-12, 8.767444235890931e-12, 8.582819351066195e-12, 8.439026387419002e-12, 8.307024339238023e-12, 8.201414374020555e-12, 8.132251816395097e-12, 8.087661616806852e-12], "lowlevel.mfcc.mean": [-722.3760375976562, 190.91737365722656, 20.525604248046875, 27.07752799987793, 27.777877807617188, 10.89558219909668, -2.911177158355713, -4.254252910614014, -5.169824600219727, 6.362502574920654, -10.015299797058105, 9.1557035446167, -0.24935580790042877], "lowlevel.spectral_contrast_coeffs.mean": [-0.6576664447784424, -0.671051561832428, -0.7725062966346741, -0.785344660282135, -0.7849755883216858, -0.7783446907997131], "lowlevel.spectral_contrast_coeffs.stdev": [0.062407102435827255, 0.07693649083375931, 0.06453006714582443, 0.04862001910805702, 0.044126883149147034, 0.053411658853292465], "lowlevel.spectral_contrast_valleys.mean": [-6.27107572555542, -7.099462985992432, -8.150446891784668, -8.310465812683105, -8.978504180908203, -11.951859474182129], "lowlevel.spectral_contrast_valleys.stdev": [0.8201118111610413, 0.9399529099464417, 0.8539918661117554, 0.8973997831344604, 1.3741648197174072, 1.7239688634872437], "rhythm.beats_loudness_band_ratio.mean": [0.6476489305496216, 0.18744206428527832, 0.13434816896915436, 0.029431020841002464, 0.013649252243340015, 0.015834245830774307], "rhythm.beats_loudness_band_ratio.stdev": [0.20805779099464417, 0.13666823506355286, 0.16521994769573212, 0.044598501175642014, 0.0217096246778965, 0.053260546177625656], "tonal.hpcp.mean": [0.09934771806001663, 0.06950099766254425, 0.059465955942869186, 0.17390815913677216, 0.14203515648841858, 0.02006891928613186, 0.0120400907471776, 0.015076820738613605, 0.1321260631084442, 0.27202433347702026, 0.1667473316192627, 0.02445957250893116, 0.011609388515353203, 0.009326429106295109, 0.04420202970504761, 0.1509600430727005, 0.12225794792175293, 0.033160462975502014, 0.036759380251169205, 0.021884413436055183, 0.0678933635354042, 0.17374075949192047, 0.1322169303894043, 0.2943711578845978, 0.5346038341522217, 0.26721107959747314, 0.01287525612860918, 0.008289235644042492, 0.007229251321405172, 0.016213351860642433, 0.027717769145965576, 0.021474096924066544, 0.01615498773753643, 0.018470223993062973, 0.020262882113456726, 0.055405884981155396], "tonal.hpcp.stdev": [0.19362415373325348, 0.14947934448719025, 0.1304403394460678, 0.3356184661388397, 0.2882423400878906, 0.09217290580272675, 0.06204071640968323, 0.08035240322351456, 0.1959998458623886, 0.34000104665756226, 0.23131747543811798, 0.10785122960805893, 0.063267283141613, 0.058963485062122345, 0.10802894085645676, 0.3316934406757355, 0.2749559283256531, 0.12479785084724426, 0.15702031552791595, 0.1134662926197052, 0.15716832876205444, 0.3580513596534729, 0.26906949281692505, 0.250756174325943, 0.4142184853553772, 0.22357302904129028, 0.06888936460018158, 0.06317474693059921, 0.047921184450387955, 0.07184398919343948, 0.09096664935350418, 0.06507908552885056, 0.08327899873256683, 0.0946207270026207, 0.09582040458917618, 0.14323118329048157], "rhythm.beats_position": [0.5921088457107544, 1.2074376344680786, 1.8227664232254028, 2.4032652378082275, 2.972154140472412, 3.529433012008667, 4.098321914672852, 4.6556010246276855, 5.212879657745361, 5.758548736572266, 6.257777690887451, 6.768616676330566, 7.279455661773682, 7.732244968414307, 8.173423767089844, 8.614603042602539, 8.997732162475586, 9.380861282348633, 9.798820495605469, 10.216779708862305, 10.611518859863281, 11.017868041992188, 11.435827255249023, 11.84217643737793, 12.236915588378906, 12.631654739379883, 13.049613952636719, 13.479183197021484, 13.88553237915039, 14.303491592407227, 14.721450805664062, 15.139410018920898, 15.568979263305664, 15.99854850769043, 16.416507720947266, 16.84607696533203, 17.298866271972656, 17.74004554748535, 18.146394729614258, 18.552743911743164, 18.95909309387207, 19.342222213745117, 19.713741302490234, 20.08526039123535, 20.45677947998047, 20.828298568725586, 21.223037719726562, 21.61777687072754, 22.012516021728516, 22.418865203857422, 22.825214385986328, 23.231563568115234, 23.62630271911621, 24.021041870117188, 24.415781021118164, 24.81052017211914, 25.19365119934082, 25.611610412597656, 26.029569625854492, 26.447526931762695, 26.88870620727539, 27.318275451660156, 27.75945472717285, 28.200634002685547, 28.641813278198242, 29.082992553710938, 29.524171829223633, 29.965351104736328, 30.394920349121094, 30.81287956237793, 31.230838775634766, 31.66040802001953, 32.0899772644043, 32.51954650878906, 32.937503814697266, 33.34385299682617, 33.76181411743164, 34.179771423339844, 34.59773254394531, 35.015689849853516, 35.433650970458984, 35.86322021484375, 36.292789459228516, 36.71074676513672, 37.12870788574219, 37.54666519165039, 37.96462631225586, 38.38258361816406], "rhythm.bpm_histogram": [0.0, 0.0, 0.0, 0.0, 0.0, 0.0, 0.0, 0.0, 0.0, 0.0, 0.0, 0.0, 0.0, 0.0, 0.0, 0.0, 0.0, 0.0, 0.0, 0.0, 0.0, 0.0, 0.0, 0.0, 0.0, 0.0, 0.0, 0.0, 0.0, 0.0, 0.0, 0.0, 0.0, 0.0, 0.0, 0.0, 0.0, 0.0, 0.0, 0.0, 0.0, 0.0, 0.0, 0.0, 0.0, 0.0, 0.0, 0.0, 0.0, 0.0, 0.0, 0.0, 0.0, 0.0, 0.0, 0.0, 0.0, 0.0, 0.0, 0.0, 0.0, 0.0, 0.0, 0.0, 0.0, 0.0, 0.0, 0.0, 0.0, 0.0, 0.0, 0.0, 0.0, 0.0, 0.0, 0.0, 0.0, 0.0, 0.0, 0.0, 0.0, 0.0, 0.0, 0.0, 0.0, 0.0, 0.0, 0.0, 0.0, 0.0, 0.0, 0.0, 0.0, 0.0, 0.0, 0.0, 0.0, 0.0, 0.02298850566148758, 0.0, 0.0, 0.0, 0.0, 0.01149425283074379, 0.0, 0.02298850566148758, 0.0, 0.0, 0.03448275849223137, 0.0, 0.01149425283074379, 0.0, 0.0, 0.0, 0.0, 0.0, 0.0, 0.02298850566148758, 0.0, 0.0, 0.01149425283074379, 0.0, 0.0, 0.0, 0.0, 0.0, 0.0, 0.0, 0.0, 0.0, 0.0, 0.0, 0.0, 0.02298850566148758, 0.0, 0.0, 0.1149425283074379, 0.0, 0.0, 0.0, 0.12643678486347198, 0.0, 0.0, 0.0, 0.27586206793785095, 0.0, 0.0, 0.0, 0.1149425283074379, 0.0, 0.0, 0.0, 0.1149425283074379, 0.0, 0.0, 0.0, 0.0, 0.04597701132297516, 0.0, 0.0, 0.0, 0.04597701132297516, 0.0, 0.0, 0.0, 0.0, 0.0, 0.0, 0.0, 0.0, 0.0, 0.0, 0.0, 0.0, 0.0, 0.0, 0.0, 0.0, 0.0, 0.0, 0.0, 0.0, 0.0, 0.0, 0.0, 0.0, 0.0, 0.0, 0.0, 0.0, 0.0, 0.0, 0.0, 0.0, 0.0, 0.0, 0.0, 0.0, 0.0, 0.0, 0.0, 0.0, 0.0, 0.0, 0.0, 0.0, 0.0, 0.0, 0.0, 0.0, 0.0, 0.0, 0.0, 0.0, 0.0, 0.0, 0.0, 0.0, 0.0, 0.0, 0.0, 0.0, 0.0, 0.0, 0.0, 0.0, 0.0, 0.0, 0.0, 0.0, 0.0, 0.0, 0.0, 0.0, 0.0, 0.0, 0.0, 0.0, 0.0, 0.0, 0.0, 0.0, 0.0, 0.0, 0.0, 0.0, 0.0, 0.0, 0.0, 0.0], "tonal.chords_histogram": [36.35280227661133, 18.83194351196289, 0.0, 0.0, 0.0, 0.0, 0.0, 0.0, 0.0, 0.0, 0.0, 0.0, 0.0, 0.0, 0.0, 0.0, 0.0, 18.116806030273438, 0.0, 0.0, 0.0, 0.0, 11.918951034545898, 14.779499053955078], "tonal.thpcp": [1.0, 0.49983009696006775, 0.024083733558654785, 0.015505379997193813, 0.013522632420063019, 0.03032778762280941, 0.05184730887413025, 0.040168244391679764, 0.030218616127967834, 0.03454936668276787, 0.03790261223912239, 0.1036391481757164, 0.18583427369594574, 0.1300046741962433, 0.11123368889093399, 0.3253028690814972, 0.26568302512168884, 0.03753979504108429, 0.022521520033478737, 0.028201857581734657, 0.24714761972427368, 0.5088334679603577, 0.31190821528434753, 0.04575270786881447, 0.02171587198972702, 0.01744549535214901, 0.08268184214830399, 0.2823773920536041, 0.22868886590003967, 0.062028106302022934, 0.06876003742218018, 0.040935758501291275, 0.12699753046035767, 0.3249897360801697, 0.2473175823688507, 0.5506342053413391], "lowlevel.gfcc.cov": [[10193.1455078125, -4334.455078125, -475.18768310546875, 1298.5528564453125, -2156.428466796875, 433.4452819824219, -337.7803649902344, 625.8583984375, -382.5682373046875, 543.9722290039062, -277.90380859375, 208.1779022216797, -509.0811462402344], [-4334.455078125, 4075.654296875, -618.8853149414062, -1265.818603515625, 1324.03515625, -630.890869140625, 219.7625274658203, -365.29290771484375, 395.0146484375, -469.9208984375, 364.117919921875, -253.13687133789062, 330.1334228515625], [-475.18768310546875, -618.8853149414062, 753.381591796875, 238.1573944091797, 24.97081184387207, 258.525146484375, -29.303672790527344, 12.903322219848633, -88.52159118652344, 103.37482452392578, -111.09757232666016, 94.1879653930664, 22.413516998291016], [1298.5528564453125, -1265.818603515625, 238.1573944091797, 625.16015625, -344.34844970703125, 162.5582733154297, -70.5805892944336, 48.619815826416016, -108.08602905273438, 144.56402587890625, -116.87165069580078, 114.84623718261719, -25.927209854125977], [-2156.428466796875, 1324.03515625, 24.97081184387207, -344.34844970703125, 716.4630737304688, -167.7686309814453, 64.39239501953125, -181.6193389892578, 104.05624389648438, -136.9414825439453, 68.17507934570312, -42.893333435058594, 155.8762969970703], [433.4452819824219, -630.890869140625, 258.525146484375, 162.5582733154297, -167.7686309814453, 295.9092102050781, 11.506356239318848, 67.18057250976562, -66.96186828613281, 80.09236145019531, -64.26414489746094, 38.5781364440918, -36.30202102661133], [-337.7803649902344, 219.7625274658203, -29.303672790527344, -70.5805892944336, 64.39239501953125, 11.506356239318848, 218.42623901367188, -1.887440800666809, -22.10361099243164, -30.671804428100586, 46.49010467529297, -3.1379587650299072, -9.264884948730469], [625.8583984375, -365.29290771484375, 12.903322219848633, 48.619815826416016, -181.6193389892578, 67.18057250976562, -1.887440800666809, 157.80873107910156, -19.743083953857422, 40.17564010620117, -19.69583511352539, 19.9683837890625, -52.41377258300781], [-382.5682373046875, 395.0146484375, -88.52159118652344, -108.08602905273438, 104.05624389648438, -66.96186828613281, -22.10361099243164, -19.743083953857422, 132.8068084716797, -36.872440338134766, 35.624351501464844, -34.90549850463867, 29.23257827758789], [543.9722290039062, -469.9208984375, 103.37482452392578, 144.56402587890625, -136.9414825439453, 80.09236145019531, -30.671804428100586, 40.17564010620117, -36.872440338134766, 133.585693359375, -37.434566497802734, 38.76948165893555, -35.38833236694336], [-277.90380859375, 364.117919921875, -111.09757232666016, -116.87165069580078, 68.17507934570312, -64.26414489746094, 46.49010467529297, -19.69583511352539, 35.624351501464844, -37.434566497802734, 111.3188705444336, -20.27614974975586, 11.01655101776123], [208.1779022216797, -253.13687133789062, 94.1879653930664, 114.84623718261719, -42.893333435058594, 38.5781364440918, -3.1379587650299072, 19.9683837890625, -34.90549850463867, 38.76948165893555, -20.27614974975586, 122.65449523925781, 24.188169479370117], [-509.0811462402344, 330.1334228515625, 22.413516998291016, -25.927209854125977, 155.8762969970703, -36.30202102661133, -9.264884948730469, -52.41377258300781, 29.23257827758789, -35.38833236694336, 11.01655101776123, 24.188169479370117, 123.00933837890625]], "lowlevel.gfcc.icov": [[0.0004504774115048349, -0.0003860059368889779, 0.0006165916565805674, -0.0007630664040334523, 0.000885629968252033, -0.00035474254400469363, 0.0005796067416667938, -0.0006585525115951896, 0.0007476343889720738, -0.0007167423609644175, 0.0004568127333186567, -0.00042413253686390817, 0.0008218230796046555], [-0.0003860059368889779, 0.005020412616431713, -0.00020841411605942994, 0.005232553463429213, -0.0034935849253088236, 0.002593343611806631, -0.002563875401392579, 0.0023309907410293818, -0.004211174324154854, 0.0027750199660658836, -0.003649271558970213, 0.0023530591279268265, -0.00627474207431078], [0.0006165916565805674, -0.00020841411605942994, 0.003570834407582879, -0.001273813541047275, -0.0003118758904747665, -0.002471568062901497, 0.0011260167229920626, -0.0009350983309559524, 0.0015027812914922833, -0.001581067917868495, 0.001257913070730865, -0.0012104145716875792, 0.0008575618267059326], [-0.0007630664040334523, 0.005232553463429213, -0.001273813541047275, 0.0093668382614851, -0.0023718064185231924, 0.0029285999480634928, -0.003010120475664735, 0.0042296056635677814, -0.004317561164498329, 0.001934620551764965, -0.0022776636760681868, 0.0011441672686487436, -0.007987849414348602], [0.000885629968252033, -0.0034935849253088236, -0.0003118758904747665, -0.0023718064185231924, 0.007644361816346645, -0.0006622226210311055, 0.0011378441704437137, 0.0003514196432661265, 0.0023307069204747677, -0.002059010323137045, 0.0033911550417542458, -0.0018943424802273512, 0.0018739495426416397], [-0.00035474254400469363, 0.002593343611806631, -0.002471568062901497, 0.0029285999480634928, -0.0006622226210311055, 0.008074968121945858, -0.002852893201634288, 0.0004312081728130579, -0.0020526291336864233, 0.0006011674413457513, -0.0008142290753312409, 0.0020435424521565437, -0.0038376334123313427], [0.0005796067416667938, -0.002563875401392579, 0.0011260167229920626, -0.003010120475664735, 0.0011378441704437137, -0.002852893201634288, 0.007733181584626436, -0.002210979349911213, 0.004597668536007404, -0.0007062289514578879, -0.000739662442356348, -0.0020386253017932177, 0.004967944230884314], [-0.0006585525115951896, 0.0023309907410293818, -0.0009350983309559524, 0.0042296056635677814, 0.0003514196432661265, 0.0004312081728130579, -0.002210979349911213, 0.011819783598184586, -0.0037849736399948597, 0.001455235411413014, -0.0009464487084187567, -0.0006382170831784606, -0.0018393434584140778], [0.0007476343889720738, -0.004211174324154854, 0.0015027812914922833, -0.004317561164498329, 0.0023307069204747677, -0.0020526291336864233, 0.004597668536007404, -0.0037849736399948597, 0.014966889284551144, -0.0029560248367488384, 0.0011859487276524305, -0.00026102588162757456, 0.003924463875591755], [-0.0007167423609644175, 0.0027750199660658836, -0.001581067917868495, 0.001934620551764965, -0.002059010323137045, 0.0006011674413457513, -0.0007062289514578879, 0.001455235411413014, -0.0029560248367488384, 0.014553268440067768, -0.002371974289417267, -0.00041843822691589594, -0.0011805949034169316], [0.0004568127333186567, -0.003649271558970213, 0.001257913070730865, -0.0022776636760681868, 0.0033911550417542458, -0.0008142290753312409, -0.000739662442356348, -0.0009464487084187567, 0.0011859487276524305, -0.002371974289417267, 0.016477715224027634, -0.002548385178670287, 0.0040398514829576015], [-0.00042413253686390817, 0.0023530591279268265, -0.0012104145716875792, 0.0011441672686487436, -0.0018943424802273512, 0.0020435424521565437, -0.0020386253017932177, -0.0006382170831784606, -0.00026102588162757456, -0.00041843822691589594, -0.002548385178670287, 0.013450702652335167, -0.007505679503083229], [0.0008218230796046555, -0.00627474207431078, 0.0008575618267059326, -0.007987849414348602, 0.0018739495426416397, -0.0038376334123313427, 0.004967944230884314, -0.0018393434584140778, 0.003924463875591755, -0.0011805949034169316, 0.0040398514829576015, -0.007505679503083229, 0.02245599776506424]], "lowlevel.mfcc.cov": [[10193.7900390625, -4788.5947265625, 644.8028564453125, 144.34381103515625, -1093.711181640625, -470.9645080566406, -140.51141357421875, -65.53318786621094, -299.8156433105469, 528.1185302734375, -332.01800537109375, 445.4312438964844, -34.9359016418457], [-4788.5947265625, 4610.01171875, -1351.6676025390625, -297.8775634765625, 529.016357421875, -130.68910217285156, -50.16286087036133, 49.931678771972656, 31.144433975219727, -279.2669677734375, 258.13189697265625, -218.3061981201172, 35.99495315551758], [644.8028564453125, -1351.6676025390625, 861.1510009765625, 49.24549865722656, -33.386741638183594, 178.4431915283203, 71.31208801269531, 0.3966410160064697, 68.74380493164062, 51.60897445678711, -53.554988861083984, 45.496700286865234, -10.278367042541504], [144.34381103515625, -297.8775634765625, 49.24549865722656, 289.892333984375, 10.364437103271484, 59.96107864379883, -18.736289978027344, -25.521209716796875, 9.118208885192871, -38.13554763793945, -62.25282669067383, -14.904716491699219, 40.17531967163086], [-1093.711181640625, 529.016357421875, -33.386741638183594, 10.364437103271484, 340.982177734375, 59.50686264038086, -47.700504302978516, -48.8753776550293, 63.6204719543457, -66.70842742919922, -18.092981338500977, -51.579654693603516, 23.443681716918945], [-470.9645080566406, -130.68910217285156, 178.4431915283203, 59.96107864379883, 59.50686264038086, 259.3218078613281, 57.75675964355469, -6.401173114776611, 69.30744934082031, -64.2712173461914, 32.981868743896484, -38.984432220458984, -22.61049461364746], [-140.51141357421875, -50.16286087036133, 71.31208801269531, -18.736289978027344, -47.700504302978516, 57.75675964355469, 184.69261169433594, 34.15068435668945, 8.478681564331055, -14.634369850158691, 35.89997100830078, -2.5879695415496826, -16.818552017211914], [-65.53318786621094, 49.931678771972656, 0.3966410160064697, -25.521209716796875, -48.8753776550293, -6.401173114776611, 34.15068435668945, 130.83981323242188, 4.393782138824463, 1.645444393157959, 13.821614265441895, -5.9726033210754395, 10.39995288848877], [-299.8156433105469, 31.144433975219727, 68.74380493164062, 9.118208885192871, 63.6204719543457, 69.30744934082031, 8.478681564331055, 4.393782138824463, 107.34150695800781, -28.949447631835938, 12.380456924438477, -28.379243850708008, -8.347804069519043], [528.1185302734375, -279.2669677734375, 51.60897445678711, -38.13554763793945, -66.70842742919922, -64.2712173461914, -14.634369850158691, 1.645444393157959, -28.949447631835938, 141.49078369140625, -10.530600547790527, 40.659385681152344, -13.8443021774292], [-332.01800537109375, 258.13189697265625, -53.554988861083984, -62.25282669067383, -18.092981338500977, 32.981868743896484, 35.89997100830078, 13.821614265441895, 12.380456924438477, -10.530600547790527, 148.4185333251953, -23.618637084960938, -27.167062759399414], [445.4312438964844, -218.3061981201172, 45.496700286865234, -14.904716491699219, -51.579654693603516, -38.984432220458984, -2.5879695415496826, -5.9726033210754395, -28.379243850708008, 40.659385681152344, -23.618637084960938, 97.747314453125, 7.578639984130859], [-34.9359016418457, 35.99495315551758, -10.278367042541504, 40.17531967163086, 23.443681716918945, -22.61049461364746, -16.818552017211914, 10.39995288848877, -8.347804069519043, -13.8443021774292, -27.167062759399414, 7.578639984130859, 95.36666870117188]], "lowlevel.mfcc.icov": [[0.00036594292032532394, 0.00039544899482280016, 0.00030170727404765785, 9.440818394068629e-05, 0.0004988001892343163, 0.000371019501471892, 0.00022456474835053086, 0.00016542020603083074, -6.1104874475859106e-06, -0.00011899443779839203, 0.00011737304885173216, -0.00040809024358168244, 1.2512931789387949e-05], [0.00039544899482280016, 0.0012342731934040785, 0.0013926387764513493, 0.0006909326766617596, -0.0005689046811312437, 0.0005274943541735411, 5.412905738921836e-05, -0.0002621944295242429, -1.2075822269252967e-05, 0.0005609217332676053, -0.0006631561554968357, -6.947560177650303e-05, -0.00026193668600171804], [0.00030170727404765785, 0.0013926387764513493, 0.003408687189221382, 0.000909084512386471, -0.0007705556345172226, -0.0009994612773880363, -0.0004749732033815235, -0.0003705781709868461, -0.0009700292721390724, -0.00030538756982423365, -1.5066339983604848e-05, -0.0006645339890383184, -0.0006023187306709588], [9.440818394068629e-05, 0.0006909326766617596, 0.000909084512386471, 0.005154360551387072, 0.00018224080849904567, -0.001328759011812508, 0.00037006757338531315, 0.0007414919673465192, 5.395090283855097e-06, 0.0011517188977450132, 0.0015275946352630854, 0.0011564253363758326, -0.0021641093771904707], [0.0004988001892343163, -0.0005689046811312437, -0.0007705556345172226, 0.00018224080849904567, 0.006601441651582718, -0.00047556214849464595, 0.00148707814514637, 0.0024978078436106443, -0.002056086901575327, -0.00011054197966586798, 0.00224957219325006, 0.00040618766797706485, -0.001095535233616829], [0.000371019501471892, 0.0005274943541735411, -0.0009994612773880363, -0.001328759011812508, -0.00047556214849464595, 0.007687538396567106, -0.0011251595569774508, 0.000332263414748013, -0.0018760416423901916, 0.0023225925397127867, -0.001821021782234311, 0.0004721151781268418, 0.001710431883111596], [0.00022456474835053086, 5.412905738921836e-05, -0.0004749732033815235, 0.00037006757338531315, 0.00148707814514637, -0.0011251595569774508, 0.006998266559094191, -0.0011767479591071606, 0.00039271029527299106, 0.0007166188443079591, -0.0007312941597774625, -0.0005798692000098526, 0.0005610992084257305], [0.00016542020603083074, -0.0002621944295242429, -0.0003705781709868461, 0.0007414919673465192, 0.0024978078436106443, 0.000332263414748013, -0.0011767479591071606, 0.009437779895961285, -0.0013448524987325072, -0.0004365439817775041, 0.0005012233159504831, 0.0010160478996112943, -0.002083792816847563], [-6.1104874475859106e-06, -1.2075822269252967e-05, -0.0009700292721390724, 5.395090283855097e-06, -0.002056086901575327, -0.0018760416423901916, 0.00039271029527299106, -0.0013448524987325072, 0.013244184665381908, 0.000841608562041074, -0.0007009774562902749, 0.00178780488204211, 0.0011117937974631786], [-0.00011899443779839203, 0.0005609217332676053, -0.00030538756982423365, 0.0011517188977450132, -0.00011054197966586798, 0.0023225925397127867, 0.0007166188443079591, -0.0004365439817775041, 0.000841608562041074, 0.010845883749425411, -0.000808721175417304, -0.00160767522174865, 0.0015239559579640627], [0.00011737304885173216, -0.0006631561554968357, -1.5066339983604848e-05, 0.0015275946352630854, 0.00224957219325006, -0.001821021782234311, -0.0007312941597774625, 0.0005012233159504831, -0.0007009774562902749, -0.000808721175417304, 0.009975751861929893, 0.0011579033453017473, 0.001050771912559867], [-0.00040809024358168244, -6.947560177650303e-05, -0.0006645339890383184, 0.0011564253363758326, 0.00040618766797706485, 0.0004721151781268418, -0.0005798692000098526, 0.0010160478996112943, 0.00178780488204211, -0.00160767522174865, 0.0011579033453017473, 0.014475573785603046, -0.0017804410308599472], [1.2512931789387949e-05, -0.00026193668600171804, -0.0006023187306709588, -0.0021641093771904707, -0.001095535233616829, 0.001710431883111596, 0.0005610992084257305, -0.002083792816847563, 0.0011117937974631786, 0.0015239559579640627, 0.001050771912559867, -0.0017804410308599472, 0.013196461834013462]], "metadata.audio_properties.analysis.downmix": "mix", "metadata.audio_properties.codec": "mp3", "metadata.audio_properties.md5_encoded": "ce08902fd89f65e0e2bb4fd