{"song_id": "1182284150821109781", "download": "https://cdn.discordapp.com/attachments/1135911532732108921/1182284150821109781/chirp.mp4?ex=658422eb&amp", "lyrics": "[Verse]\nHaunted whispers in the night\nSilent specters bathed in moonlight\nPhantoms dance in ethereal glow\nLost souls yearning to let go\n\n[Chorus]\nGho-sts, in the neon haze we glide\nGho-sts, shadows caught in time's tide\nGho-sts, drifting through the synthwave\nForever bound, yet longing to stray", "style": ["synthwave"], "essentia_features": {"lowlevel.average_loudness": 0.9863510131835938, "lowlevel.barkbands_crest.mean": 12.90128231048584, "lowlevel.barkbands_crest.stdev": 5.357939720153809, "lowlevel.barkbands_flatness_db.mean": 0.117816261947155, "lowlevel.barkbands_flatness_db.stdev": 0.03584031015634537, "lowlevel.barkbands_kurtosis.mean": 1.1826201677322388, "lowlevel.barkbands_kurtosis.stdev": 3.4423024654388428, "lowlevel.barkbands_skewness.mean": 1.3388854265213013, "lowlevel.barkbands_skewness.stdev": 0.8683907985687256, "lowlevel.barkbands_spread.mean": 39.0368766784668, "lowlevel.barkbands_spread.stdev": 13.153926849365234, "lowlevel.dissonance.mean": 0.4909636676311493, "lowlevel.dissonance.stdev": 0.008424843661487103, "lowlevel.dynamic_complexity": 1.0454471111297607, "lowlevel.erbbands_crest.mean": 7.135128498077393, "lowlevel.erbbands_crest.stdev": 2.548175573348999, "lowlevel.erbbands_flatness_db.mean": 0.13920359313488007, "lowlevel.erbbands_flatness_db.stdev": 0.020229876041412354, "lowlevel.erbbands_kurtosis.mean": 1.1004178524017334, "lowlevel.erbbands_kurtosis.stdev": 1.5298113822937012, "lowlevel.erbbands_skewness.mean": -0.7340593338012695, "lowlevel.erbbands_skewness.stdev": 0.6667208075523376, "lowlevel.erbbands_spread.mean": 35.50094223022461, "lowlevel.erbbands_spread.stdev": 11.220163345336914, "lowlevel.hfc.mean": 44.439857482910156, "lowlevel.hfc.stdev": 17.410003662109375, "lowlevel.loudness_ebu128.integrated": -11.247861862182617, "lowlevel.loudness_ebu128.loudness_range": 0.4568815231323242, "lowlevel.loudness_ebu128.momentary.mean": -11.267600059509277, "lowlevel.loudness_ebu128.momentary.stdev": 0.41861239075660706, "lowlevel.loudness_ebu128.short_term.mean": -11.243725776672363, "lowlevel.loudness_ebu128.short_term.stdev": 0.15714354813098907, "lowlevel.melbands_crest.mean": 19.32050132751465, "lowlevel.melbands_crest.stdev": 5.985282897949219, "lowlevel.melbands_flatness_db.mean": 0.1729755401611328, "lowlevel.melbands_flatness_db.stdev": 0.04629691690206528, "lowlevel.melbands_kurtosis.mean": 13.367523193359375, "lowlevel.melbands_kurtosis.stdev": 15.348240852355957, "lowlevel.melbands_skewness.mean": 3.223634719848633, "lowlevel.melbands_skewness.stdev": 1.6227223873138428, "lowlevel.melbands_spread.mean": 32.663063049316406, "lowlevel.melbands_spread.stdev": 16.39791488647461, "lowlevel.pitch_salience.mean": 0.47775766253471375, "lowlevel.pitch_salience.stdev": 0.13920369744300842, "lowlevel.silence_rate_20dB.mean": 1.0, "lowlevel.silence_rate_20dB.stdev": 0.0, "lowlevel.silence_rate_30dB.mean": 0.9959040284156799, "lowlevel.silence_rate_30dB.stdev": 0.06386809796094894, "lowlevel.silence_rate_60dB.mean": 0.0011702750343829393, "lowlevel.silence_rate_60dB.stdev": 0.03418928012251854, "lowlevel.spectral_centroid.mean": 2486.60888671875, "lowlevel.spectral_centroid.stdev": 437.98388671875, "lowlevel.spectral_complexity.mean": 44.46342849731445, "lowlevel.spectral_complexity.stdev": 6.7630205154418945, "lowlevel.spectral_decrease.mean": -1.4352659505334486e-08, "lowlevel.spectral_decrease.stdev": 6.451326584056005e-09, "lowlevel.spectral_energy.mean": 0.05820106714963913, "lowlevel.spectral_energy.stdev": 0.024661032482981682, "lowlevel.spectral_energyband_high.mean": 0.0031396669801324606, "lowlevel.spectral_energyband_high.stdev": 0.0021691485308110714, "lowlevel.spectral_energyband_low.mean": 0.0367375873029232, "lowlevel.spectral_energyband_low.stdev": 0.02551964670419693, "lowlevel.spectral_energyband_middle_high.mean": 0.010361594147980213, "lowlevel.spectral_energyband_middle_high.stdev": 0.005144276190549135, "lowlevel.spectral_energyband_middle_low.mean": 0.007127895951271057, "lowlevel.spectral_energyband_middle_low.stdev": 0.007323900703340769, "lowlevel.spectral_entropy.mean": 8.029431343078613, "lowlevel.spectral_entropy.stdev": 0.12696929275989532, "lowlevel.spectral_flux.mean": 0.16189438104629517, "lowlevel.spectral_flux.stdev": 0.04016118496656418, "lowlevel.spectral_kurtosis.mean": 2.7240774631500244, "lowlevel.spectral_kurtosis.stdev": 1.0732516050338745, "lowlevel.spectral_rms.mean": 0.00736061530187726, "lowlevel.spectral_rms.stdev": 0.0016134112374857068, "lowlevel.spectral_rolloff.mean": 1924.1934814453125, "lowlevel.spectral_rolloff.stdev": 1354.936279296875, "lowlevel.spectral_skewness.mean": 0.994672954082489, "lowlevel.spectral_skewness.stdev": 0.19403775036334991, "lowlevel.spectral_spread.mean": 4049759.0, "lowlevel.spectral_spread.stdev": 888686.0625, "lowlevel.spectral_strongpeak.mean": 0.4700825810432434, "lowlevel.spectral_strongpeak.stdev": 0.48790955543518066, "lowlevel.zerocrossingrate.mean": 0.0676468089222908, "lowlevel.zerocrossingrate.stdev": 0.024324584752321243, "metadata.audio_properties.analysis.equal_loudness": 0.0, "metadata.audio_properties.analysis.length": 39.637325286865234, "metadata.audio_properties.analysis.sample_rate": 44100.0, "metadata.audio_properties.analysis.start_time": 0.0, "metadata.audio_properties.bit_rate": 123064.0, "metadata.audio_properties.length": 39.637332916259766, "metadata.audio_properties.lossless": 0.0, "metadata.audio_properties.number_channels": 1.0, "metadata.audio_properties.replay_gain": -13.250804901123047, "metadata.audio_properties.sample_rate": 48000.0, "rhythm.beats_count": 86.0, "rhythm.beats_loudness.mean": 0.047796882688999176, "rhythm.beats_loudness.stdev": 0.01551299449056387, "rhythm.bpm": 146.06788635253906, "rhythm.bpm_histogram_first_peak_bpm": 148.0, "rhythm.bpm_histogram_first_peak_weight": 0.444444477558136, "rhythm.bpm_histogram_second_peak_bpm": 110.0, "rhythm.bpm_histogram_second_peak_spread": 0.3333333134651184, "rhythm.bpm_histogram_second_peak_weight": 0.07058823853731155, "rhythm.danceability": 1.6780636310577393, "rhythm.onset_rate": 1.5885149240493774, "tonal.chords_changes_rate": 0.11812865734100342, "tonal.chords_number_rate": 0.011695906519889832, "tonal.chords_strength.mean": 0.4102846682071686, "tonal.chords_strength.stdev": 0.07215843349695206, "tonal.hpcp_crest.mean": 9.587285041809082, "tonal.hpcp_crest.stdev": 4.719112396240234, "tonal.hpcp_entropy.mean": 2.8182332515716553, "tonal.hpcp_entropy.stdev": 0.7052876949310303, "tonal.key_edma.strength": 0.3737412393093109, "tonal.key_krumhansl.strength": 0.36738187074661255, "tonal.key_temperley.strength": 0.35496920347213745, "tonal.tuning_diatonic_strength": 0.4562225639820099, "tonal.tuning_equal_tempered_deviation": 0.29520806670188904, "tonal.tuning_frequency": 434.193115234375, "tonal.tuning_nontempered_energy_ratio": 0.903562068939209, "lowlevel.barkbands.mean": [0.002809311030432582, 0.030319375917315483, 0.004552595783025026, 0.0007909886771813035, 0.0012585989898070693, 0.0008399290381930768, 0.0015099189477041364, 0.0015165453078225255, 0.0010595564963296056, 0.0004953045281581581, 0.0009838830446824431, 0.0009395790984854102, 0.0009551994735375047, 0.0010623036650940776, 0.0006653646705672145, 0.001809615409001708, 0.0012406769674271345, 0.0008192988461814821, 0.0010499923955649137, 0.0011565354652702808, 0.0010306303156539798, 0.000497617234941572, 0.0004447539977263659, 0.0002311617718078196, 0.00012431514915078878, 3.763237691600807e-05, 4.4717702962771e-07], "lowlevel.barkbands.stdev": [0.001890087267383933, 0.024768944829702377, 0.004404004663228989, 0.0010142199462279677, 0.0035426816903054714, 0.0017763685900717974, 0.0026502558030188084, 0.002605022396892309, 0.0018938444554805756, 0.0010531399166211486, 0.0024173131678253412, 0.0018836281960830092, 0.0017235121922567487, 0.001397090614773333, 0.0008184841135516763, 0.0011271052062511444, 0.0007654714281670749, 0.0004134770715609193, 0.0004922731895931065, 0.0006407519103959203, 0.0005808848654851317, 0.00047861901111900806, 0.0006725642597302794, 0.0003934368141926825, 0.000194295120309107, 8.078017708612606e-05, 1.5112424307517358e-06], "lowlevel.erbbands.mean": [0.9552638530731201, 6.389297008514404, 6.814364910125732, 3.870068073272705, 3.678309917449951, 4.041268348693848, 3.752265691757202, 8.30851936340332, 17.717214584350586, 30.575592041015625, 31.892547607421875, 24.375036239624023, 16.226131439208984, 22.435970306396484, 45.15451431274414, 38.47227478027344, 43.43136215209961, 51.0126953125, 46.630531311035156, 38.304534912109375, 118.17193603515625, 70.10009765625, 40.4360237121582, 62.079734802246094, 42.08443069458008, 55.314231872558594, 59.18330001831055, 26.545085906982422, 18.158103942871094, 16.804000854492188, 11.3717622756958, 5.722019672393799, 3.48763108253479, 1.7551292181015015, 0.6894063353538513, 0.25123733282089233, 0.05176103860139847, 0.004176864866167307, 0.00013770097575616091, 7.740792352706194e-05], "lowlevel.erbbands.stdev": [0.8700287938117981, 5.309642791748047, 5.434864044189453, 3.660973072052002, 9.038567543029785, 12.106331825256348, 6.409257411956787, 19.9561710357666, 35.98524856567383, 50.43877410888672, 57.52505111694336, 44.909027099609375, 30.75170135498047, 55.23653793334961, 104.26387023925781, 68.96060943603516, 73.6510009765625, 70.82633209228516, 55.224178314208984, 28.65845489501953, 69.44532012939453, 38.086673736572266, 18.743450164794922, 29.16956901550293, 19.468791961669922, 31.1907901763916, 33.6591796875, 16.571897506713867, 16.09634780883789, 20.883228302001953, 17.718027114868164, 9.450851440429688, 6.283435344696045, 2.6795835494995117, 1.1421366930007935, 0.5063048005104065, 0.1266944855451584, 0.010165834799408913, 0.00023222876188810915, 3.0996652640169486e-05], "lowlevel.gfcc.mean": [64.18721008300781, 69.50825500488281, -132.45362854003906, 68.4366455078125, -47.129215240478516, 29.376108169555664, -25.96944236755371, 23.835765838623047, -10.648425102233887, 15.824914932250977, -10.223531723022461, 0.43179288506507874, -9.370006561279297], "lowlevel.melbands.mean": [0.008722075261175632, 0.0050983307883143425, 0.0006681658560410142, 0.00029244954930618405, 0.000135927606606856, 0.00019040370534639806, 0.00027760659577324986, 0.00033671065466478467, 0.0002555148384999484, 0.00014307683159131557, 7.697846740484238e-05, 8.280031761387363e-05, 0.00014510232722386718, 0.00011154912499478087, 0.00010203955025644973, 9.133582352660596e-05, 9.698243957245722e-05, 8.075359801296145e-05, 4.630933472071774e-05, 6.846664473414421e-05, 0.00015701932716183364, 7.905115489847958e-05, 3.833368100458756e-05, 3.713312617037445e-05, 5.315413363859989e-05, 3.514120544423349e-05, 2.647338442329783e-05, 3.9210495742736384e-05, 4.219085167278536e-05, 2.3953261916176416e-05, 1.2427432920958381e-05, 1.0210126674792264e-05, 9.41570851864526e-06, 9.522231266601011e-06, 7.0723849603382405e-06, 4.554050519800512e-06, 3.0956432510720333e-06, 2.5873746380966622e-06, 1.9036615412915125e-06, 1.3258953686090535e-06], "lowlevel.melbands.stdev": [0.007396540604531765, 0.003583243116736412, 0.0006506500067189336, 0.0008613787358626723, 0.0002548490883782506, 0.0004265493480488658, 0.0005244188942015171, 0.000545335584320128, 0.0004668146721087396, 0.0002639341400936246, 0.0001524551771581173, 0.0002125343307852745, 0.0003497628786135465, 0.00023223049356602132, 0.00019000576867256314, 0.00017601340368855745, 0.00013937345647718757, 9.869707719190046e-05, 5.2444520406425e-05, 4.5808534196112305e-05, 9.828770998865366e-05, 5.110643178340979e-05, 2.1632729840348475e-05, 1.9384155166335404e-05, 2.6633533707354218e-05, 1.848418833105825e-05, 1.4320434274850413e-05, 2.41177185671404e-05, 2.5667761292424984e-05, 1.4557229405909311e-05, 9.337668416264933e-06, 8.921304470277391e-06, 1.0527400263526943e-05, 1.3082748409942724e-05, 1.1271201401541475e-05, 7.846757398510817e-06, 5.2664067879959475e-06, 4.957066721544834e-06, 3.191885753039969e-06, 2.0036684418300865e-06], "lowlevel.melbands128.mean": [0.0013867754023522139, 0.0070282877422869205, 0.013136169873178005, 0.00968036986887455, 0.004439236130565405, 0.0019719426054507494, 0.0007574998890049756, 0.00034731815685518086, 0.0003676135966088623, 0.00035431215655989945, 0.00019975936447735876, 0.0001406860101269558, 0.000116645336674992, 0.00012596171291079372, 0.00016427409718744457, 0.00022841370082460344, 0.00029879133217036724, 0.0002580659056548029, 0.000278732884908095, 0.0003938527952414006, 0.0003371785278432071, 0.0002628483925946057, 0.00026709988014772534, 0.00022211320174392313, 0.00015768708544783294, 0.00011463589908089489, 9.079919254872948e-05, 7.458146137651056e-05, 6.374260556185618e-05, 6.473621760960668e-05, 9.081441385205835e-05, 0.00011421317321946844, 0.0001536449562991038, 0.0001748973154462874, 0.00011657983850454912, 9.719246736494824e-05, 8.807217818684876e-05, 0.00011740920308511704, 9.45975334616378e-05, 9.276331547880545e-05, 9.823738218983635e-05, 7.472128345398232e-05, 9.446534386370331e-05, 0.00011431648454163224, 9.616049646865577e-05, 7.205698784673586e-05, 6.694134935969487e-05, 4.6448305511148646e-05, 3.6096302210353315e-05, 4.2375948396511376e-05, 5.562969090533443e-05, 0.0001085174735635519, 0.0001797759614419192, 0.00017670159286353737, 0.00010950706200674176, 7.20911702956073e-05, 5.193070319364779e-05, 3.783563442993909e-05, 3.6873698263661936e-05, 3.0437551686191e-05, 2.8901296900585294e-05, 4.838618770008907e-05, 5.865314233233221e-05, 5.470987889566459e-05, 4.484316741582006e-05, 3.801361526711844e-05, 2.6563231585896574e-05, 2.253846832900308e-05, 2.489216967660468e-05, 3.3437063393648714e-05, 3.996111627202481e-05, 3.940197348129004e-05, 4.931276271236129e-05, 4.3459542212076485e-05, 3.370860213181004e-05, 2.7603806302067824e-05, 1.8030897990684025e-05, 1.3983090866531711e-05, 1.1813416676886845e-05, 1.073072235158179e-05, 1.054871336236829e-05, 9.771022632776294e-06, 9.756786312209442e-06, 9.538398444419727e-06, 8.751371751714032e-06, 9.808468348637689e-06, 9.660833711677697e-06, 9.453914572077338e-06, 6.511793344543548e-06, 6.026082246535225e-06, 5.059294835518813e-06, 4.357058969617356e-06, 3.3681221793813165e-06, 2.927146397269098e-06, 3.0209976102923974e-06, 2.822695478243986e-06, 2.51420829044946e-06, 2.2425524548452813e-06, 1.9193564639863325e-06, 1.7252565385206253e-06, 1.6011861134757055e-06, 1.2252819487912348e-06, 1.0736337117123185e-06, 9.062928256753366e-07, 7.295738555512798e-07, 6.254056756915816e-07, 5.986836981719534e-07, 5.535460445571516e-07, 4.1230356373489485e-07, 3.274189737112465e-07, 2.9771055665150925e-07, 1.9028000508569676e-07, 1.4158902672534168e-07, 9.284320867664064e-08, 6.425618437333469e-08, 3.173539298018113e-08, 1.6770901112295178e-08, 2.797834186551995e-09, 3.3248438724431395e-11, 8.553400175637105e-12, 8.34632363222454e-12, 8.185263231097473e-12, 7.879635312291189e-12, 7.736478992159679e-12, 7.591582744381764e-12, 7.4438016514633e-12, 7.349568002801288e-12, 7.303872784358845e-12], "lowlevel.melbands128.stdev": [0.0014070641482248902, 0.006929619703441858, 0.012210439890623093, 0.008068651892244816, 0.0036459816619753838, 0.0019286336610093713, 0.0008155062096193433, 0.0005002364632673562, 0.0010056734317913651, 0.0012404188746586442, 0.000640086131170392, 0.0003384045558050275, 0.00023063155822455883, 0.00022393037215806544, 0.0005238302401266992, 0.0006086822832003236, 0.0007592395995743573, 0.0006324921851046383, 0.0005746872629970312, 0.0007856853189878166, 0.000667929241899401, 0.0005926007870584726, 0.0006397711695171893, 0.0004999577067792416, 0.0003951795515604317, 0.00024495957768522203, 0.00020263675833120942, 0.0001871958957053721, 0.00015667613479308784, 0.00017650757217779756, 0.00031204146216623485, 0.0003827549226116389, 0.0004514282918535173, 0.0004995968192815781, 0.00032261823071166873, 0.0002698572352528572, 0.00019767144112847745, 0.0002862817782443017, 0.00019626390712801367, 0.0002060742408502847, 0.00025310475029982626, 0.00013978613424114883, 0.0001939011854119599, 0.00016994826728478074, 0.000140419666422531, 0.00010978309001075104, 0.00012154575233580545, 6.098435551393777e-05, 4.4963151594856754e-05, 4.398818055051379e-05, 4.8899961257120594e-05, 9.3337323050946e-05, 0.00014623372408095747, 0.00014999376435298473, 9.768200834514573e-05, 6.574238068424165e-05, 4.315564365242608e-05, 2.8763179216184653e-05, 2.82970995613141e-05, 2.1554176782956347e-05, 2.1185418518143706e-05, 3.527723310980946e-05, 3.950004611397162e-05, 3.83519109163899e-05, 3.1001094612292945e-05, 2.699663491512183e-05, 1.8635993910720572e-05, 1.666948628553655e-05, 1.8175782315665856e-05, 2.4897883122321218e-05, 3.2454641768708825e-05, 3.159456537105143e-05, 3.567883686628193e-05, 3.275994458817877e-05, 2.6875284675043076e-05, 2.0996880266466178e-05, 1.359455654892372e-05, 1.1954948604397941e-05, 1.0831749932549428e-05, 1.0555622793617658e-05, 9.829824193730019e-06, 1.0161172212974634e-05, 1.0968121387122665e-05, 1.1430181075411383e-05, 1.198660447698785e-05, 1.4100833141128533e-05, 1.5582509149680845e-05, 1.6374662664020434e-05, 1.0992715942848008e-05, 1.1011494279955514e-05, 9.58214786805911e-06, 8.115956006804481e-06, 5.982141829008469e-06, 5.4665924835717306e-06, 5.58003466721857e-06, 5.654342658090172e-06, 5.5410273489542305e-06, 4.204663127893582e-06, 3.673061200970551e-06, 2.977319809360779e-06, 2.2973715658736182e-06, 2.151297394448193e-06, 1.7142187971330713e-06, 1.6673754998919321e-06, 1.2423753332768683e-06, 1.4251985476221307e-06, 1.3205436744101462e-06, 1.0299822861270513e-06, 8.909332223083766e-07, 8.541939564565837e-07, 8.501277761752135e-07, 4.591875608639384e-07, 4.292234336844558e-07, 3.008606199728092e-07, 1.768689088521569e-07, 9.288363145287803e-08, 5.0178321941984905e-08, 1.3283849575884688e-08, 9.371092790644298e-10, 1.1095798758964381e-11, 1.0958786829384781e-11, 1.0811708299474088e-11, 1.0134510418369214e-11, 9.9483494359065e-12, 9.794440432309148e-12, 9.674724563146775e-12, 9.588200892973742e-12, 9.53403675452158e-12], "lowlevel.mfcc.mean": [-565.11181640625, 82.37461853027344, -11.521739959716797, 41.20815658569336, 10.726385116577148, 16.622600555419922, 6.8290276527404785, 9.963088035583496, 11.480659484863281, 12.77163028717041, 7.692533493041992, 14.620051383972168, 10.376543998718262], "lowlevel.spectral_contrast_coeffs.mean": [-0.7542654871940613, -0.7961437106132507, -0.8109537363052368, -0.7875789403915405, -0.8003424406051636, -0.7113279104232788], "lowlevel.spectral_contrast_coeffs.stdev": [0.0547439306974411, 0.06394410133361816, 0.050830211490392685, 0.03355482220649719, 0.019146272912621498, 0.02891646698117256], "lowlevel.spectral_contrast_valleys.mean": [-6.277838706970215, -6.268075466156006, -6.810754776000977, -6.569046974182129, -6.186117172241211, -9.397595405578613], "lowlevel.spectral_contrast_valleys.stdev": [0.49709805846214294, 0.5655754208564758, 0.5718954801559448, 0.5058369636535645, 0.46916332840919495, 0.6072521209716797], "rhythm.beats_loudness_band_ratio.mean": [0.5385911464691162, 0.03796394169330597, 0.11503270268440247, 0.10541968792676926, 0.11981164664030075, 0.10188782215118408], "rhythm.beats_loudness_band_ratio.stdev": [0.20167942345142365, 0.044252026826143265, 0.10849113017320633, 0.10223846137523651, 0.054813578724861145, 0.07065132260322571], "tonal.hpcp.mean": [0.19152356684207916, 0.16019518673419952, 0.13287478685379028, 0.12141275405883789, 0.1198144480586052, 0.11693180352449417, 0.1271706372499466, 0.1475491225719452, 0.1578870564699173, 0.15429843962192535, 0.15781742334365845, 0.15377925336360931, 0.13290494680404663, 0.128777876496315, 0.1403975784778595, 0.1343919187784195, 0.13346442580223083, 0.14169007539749146, 0.11436141282320023, 0.0785355493426323, 0.06320098042488098, 0.07174362987279892, 0.10061776638031006, 0.09807445853948593, 0.07477495819330215, 0.06474758684635162, 0.05380434915423393, 0.053706537932157516, 0.058574121445417404, 0.06474605202674866, 0.07300040125846863, 0.08021681010723114, 0.09233690053224564, 0.11367767304182053, 0.13822665810585022, 0.17827771604061127], "tonal.hpcp.stdev": [0.3038736879825592, 0.2732914984226227, 0.24953067302703857, 0.23134790360927582, 0.23773610591888428, 0.22696226835250854, 0.24188606441020966, 0.27065932750701904, 0.28404849767684937, 0.2687273621559143, 0.2759734094142914, 0.2654295563697815, 0.24520359933376312, 0.21520082652568817, 0.2308976799249649, 0.2242954969406128, 0.2345384657382965, 0.2531086206436157, 0.22422321140766144, 0.16487717628479004, 0.1356322467327118, 0.1586054116487503, 0.22811304032802582, 0.22636698186397552, 0.1673777848482132, 0.1484874188899994, 0.12828145921230316, 0.1322547197341919, 0.12715448439121246, 0.13051611185073853, 0.1387496292591095, 0.16309460997581482, 0.17577551305294037, 0.2166142463684082, 0.24524584412574768, 0.2836187779903412], "rhythm.beats_position": [0.4876190423965454, 0.9868480563163757, 1.4976871013641357, 1.9969160556793213, 2.496145009994507, 2.9953742027282715, 3.4829931259155273, 3.9590022563934326, 4.446621417999268, 4.980679988861084, 5.526349067687988, 6.060408115386963, 6.606077194213867, 7.151745796203613, 7.709024906158447, 8.277914047241211, 8.916461944580078, 9.543400764465332, 10.158729553222656, 10.77405834197998, 11.389387130737305, 11.935056686401367, 12.480725288391113, 13.02639389038086, 13.548843383789062, 14.05968189239502, 14.582131385803223, 15.06974983215332, 15.580589294433594, 16.091428756713867, 16.60226821899414, 17.11310577392578, 17.635555267333984, 18.06512451171875, 18.494693756103516, 18.91265296936035, 19.342222213745117, 19.760181427001953, 20.18975067138672, 20.619319915771484, 21.03727912902832, 21.455238342285156, 21.873197555541992, 22.314376831054688, 22.75555419921875, 23.173513412475586, 23.591472625732422, 23.9862117767334, 24.392560958862305, 24.798912048339844, 25.20526123046875, 25.611610412597656, 26.017959594726562, 26.42430877685547, 26.830657958984375, 27.23700714111328, 27.643356323242188, 28.061315536499023, 28.46766471862793, 28.874013900756836, 29.280363082885742, 29.698322296142578, 30.104671478271484, 30.51102066040039, 30.928979873657227, 31.335329055786133, 31.74167823791504, 32.14802551269531, 32.55437469482422, 32.97233581542969, 33.39029312133789, 33.7966423034668, 34.2029914855957, 34.62095260620117, 35.038909912109375, 35.456871032714844, 35.82838821411133, 36.19990921020508, 36.57142639160156, 36.93133544921875, 37.3028564453125, 37.66276550292969, 38.03428649902344, 38.40580368041992, 38.78893280029297, 39.148841857910156], "rhythm.bpm_histogram": [0.0, 0.0, 0.0, 0.0, 0.0, 0.0, 0.0, 0.0, 0.0, 0.0, 0.0, 0.0, 0.0, 0.0, 0.0, 0.0, 0.0, 0.0, 0.0, 0.0, 0.0, 0.0, 0.0, 0.0, 0.0, 0.0, 0.0, 0.0, 0.0, 0.0, 0.0, 0.0, 0.0, 0.0, 0.0, 0.0, 0.0, 0.0, 0.0, 0.0, 0.0, 0.0, 0.0, 0.0, 0.0, 0.0, 0.0, 0.0, 0.0, 0.0, 0.0, 0.0, 0.0, 0.0, 0.0, 0.0, 0.0, 0.0, 0.0, 0.0, 0.0, 0.0, 0.0, 0.0, 0.0, 0.0, 0.0, 0.0, 0.0, 0.0, 0.0, 0.0, 0.0, 0.0, 0.0, 0.0, 0.0, 0.0, 0.0, 0.0, 0.0, 0.0, 0.0, 0.0, 0.0, 0.0, 0.0, 0.0, 0.0, 0.0, 0.0, 0.0, 0.0, 0.0, 0.0117647061124444, 0.0, 0.0117647061124444, 0.0, 0.03529411926865578, 0.0, 0.0, 0.0, 0.0, 0.0, 0.0, 0.0117647061124444, 0.0, 0.0, 0.0117647061124444, 0.0, 0.07058823853731155, 0.0, 0.0235294122248888, 0.0, 0.0, 0.03529411926865578, 0.0, 0.07058823853731155, 0.0, 0.0, 0.0470588244497776, 0.0, 0.0, 0.03529411926865578, 0.0, 0.0, 0.0117647061124444, 0.0, 0.0, 0.0, 0.0, 0.0, 0.0, 0.0, 0.0, 0.0, 0.0235294122248888, 0.0, 0.0, 0.0, 0.05882352963089943, 0.0, 0.0, 0.0, 0.1764705926179886, 0.0, 0.0, 0.0, 0.23529411852359772, 0.0, 0.0, 0.0, 0.0117647061124444, 0.0, 0.0, 0.0, 0.0, 0.0117647061124444, 0.0, 0.0, 0.0, 0.07058823853731155, 0.0, 0.0, 0.0, 0.0, 0.0, 0.03529411926865578, 0.0, 0.0, 0.0, 0.0, 0.0, 0.0, 0.0, 0.0, 0.0, 0.0, 0.0, 0.0, 0.0, 0.0, 0.0, 0.0, 0.0, 0.0, 0.0, 0.0, 0.0, 0.0, 0.0, 0.0, 0.0, 0.0, 0.0, 0.0, 0.0, 0.0, 0.0, 0.0, 0.0, 0.0, 0.0, 0.0, 0.0, 0.0, 0.0, 0.0, 0.0, 0.0, 0.0, 0.0, 0.0, 0.0, 0.0, 0.0, 0.0, 0.0, 0.0, 0.0, 0.0, 0.0, 0.0, 0.0, 0.0, 0.0, 0.0, 0.0, 0.0, 0.0, 0.0, 0.0, 0.0, 0.0, 0.0, 0.0, 0.0, 0.0, 0.0, 0.0, 0.0, 0.0, 0.0, 0.0, 0.0, 0.0, 0.0, 0.0, 0.0, 0.0], "tonal.chords_histogram": [2.690058469772339, 0.0, 0.8187134265899658, 3.6257309913635254, 0.0, 10.994152069091797, 0.0, 0.7017543911933899, 5.8479533195495605, 1.4035087823867798, 32.6315803527832, 0.0, 0.8187134265899658, 0.0, 0.0, 0.46783626079559326, 0.0, 10.994152069091797, 1.9883041381835938, 13.450292587280273, 12.74853801727295, 0.0, 0.8187134265899658, 0.0], "tonal.thpcp": [1.0, 0.8364254832267761, 0.6937777400016785, 0.6339311599731445, 0.6255859136581421, 0.6105347871780396, 0.6639947295188904, 0.7703967094421387, 0.8243740200996399, 0.8056368231773376, 0.8240104913711548, 0.8029260039329529, 0.693935215473175, 0.6723865866661072, 0.7330564260482788, 0.7016991376876831, 0.6968564391136169, 0.7398049235343933, 0.5971140265464783, 0.41005682945251465, 0.3299906253814697, 0.3745942711830139, 0.5253545045852661, 0.5120751261711121, 0.39042171835899353, 0.33806589245796204, 0.2809280753135681, 0.28041738271713257, 0.3058324456214905, 0.33805787563323975, 0.38115623593330383, 0.41883519291877747, 0.4821176826953888, 0.593544065952301, 0.7217214107513428, 0.9308395981788635], "lowlevel.gfcc.cov": [[1647.3331298828125, -57.767513275146484, -67.81737518310547, -48.903141021728516, -158.6929168701172, 40.67272186279297, -62.45930099487305, 20.857650756835938, -24.244646072387695, 36.73194885253906, -21.23902702331543, 36.43498611450195, -60.779903411865234], [-57.767513275146484, 395.6439514160156, -177.2533721923828, -51.52431106567383, -4.738746166229248, -78.45780181884766, 51.575714111328125, -28.20656967163086, 42.68921661376953, -18.984895706176758, 56.637359619140625, -31.499256134033203, 63.616790771484375], [-67.81737518310547, -177.2533721923828, 238.86602783203125, 87.51195526123047, 20.186595916748047, 16.012746810913086, -50.740562438964844, -13.985610008239746, -38.500030517578125, -8.146567344665527, -33.879981994628906, 29.062732696533203, -19.703166961669922], [-48.903141021728516, -51.52431106567383, 87.51195526123047, 225.808349609375, 114.60192108154297, 25.480894088745117, -20.4793758392334, -26.538053512573242, -0.07078084349632263, -3.2052104473114014, 7.860447406768799, -24.558826446533203, 21.56810188293457], [-158.6929168701172, -4.738746166229248, 20.186595916748047, 114.60192108154297, 192.96270751953125, 30.930456161499023, 22.909194946289062, -3.4152331352233887, 26.725093841552734, 49.60895538330078, 32.833946228027344, -12.917104721069336, 11.510190963745117], [40.67272186279297, -78.45780181884766, 16.012746810913086, 25.480894088745117, 30.930456161499023, 88.70640563964844, 39.23111343383789, 28.3946533203125, 7.850638389587402, 1.2550783157348633, 0.849033534526825, -0.6987791657447815, -6.370103359222412], [-62.45930099487305, 51.575714111328125, -50.740562438964844, -20.4793758392334, 22.909194946289062, 39.23111343383789, 144.4920196533203, 73.05938720703125, 30.795787811279297, -26.7873592376709, 7.63165807723999, 5.449404716491699, 25.62347412109375], [20.857650756835938, -28.20656967163086, -13.985610008239746, -26.538053512573242, -3.4152331352233887, 28.3946533203125, 73.05938720703125, 89.79222106933594, 26.32522964477539, -4.963528156280518, -6.307872772216797, 9.238718032836914, 7.3305864334106445], [-24.244646072387695, 42.68921661376953, -38.500030517578125, -0.07078084349632263, 26.725093841552734, 7.850638389587402, 30.795787811279297, 26.32522964477539, 69.51984405517578, 42.6619873046875, 34.80576705932617, -6.846741199493408, 11.255547523498535], [36.73194885253906, -18.984895706176758, -8.146567344665527, -3.2052104473114014, 49.60895538330078, 1.2550783157348633, -26.7873592376709, -4.963528156280518, 42.6619873046875, 102.043212890625, 47.38177490234375, 6.541558265686035, -14.112942695617676], [-21.23902702331543, 56.637359619140625, -33.879981994628906, 7.860447406768799, 32.833946228027344, 0.849033534526825, 7.63165807723999, -6.307872772216797, 34.80576705932617, 47.38177490234375, 72.01671600341797, 14.400638580322266, 19.087566375732422], [36.43498611450195, -31.499256134033203, 29.062732696533203, -24.558826446533203, -12.917104721069336, -0.6987791657447815, 5.449404716491699, 9.238718032836914, -6.846741199493408, 6.541558265686035, 14.400638580322266, 56.9747428894043, 16.400054931640625], [-60.779903411865234, 63.616790771484375, -19.703166961669922, 21.56810188293457, 11.510190963745117, -6.370103359222412, 25.62347412109375, 7.3305864334106445, 11.255547523498535, -14.112942695617676, 19.087566375732422, 16.400054931640625, 63.4793701171875]], "lowlevel.gfcc.icov": [[0.0009972330881282687, -0.0010261458810418844, 0.0009658032795414329, -0.0015992135740816593, 0.0015762709081172943, -0.0015973957488313317, 0.0008041897090151906, -0.0010992392199113965, 0.0009133139974437654, -0.001866380451247096, 0.001679492648690939, -0.002555232495069504, 0.0017608075868338346], [-0.0010261458810418844, 0.010393346659839153, 0.0013157082721590996, 0.004596299026161432, -0.0028674546629190445, 0.008972768671810627, -0.004774207714945078, 0.006616376806050539, -0.004087172448635101, 0.006911061704158783, -0.008548108860850334, 0.009626510553061962, -0.007623766083270311], [0.0009658032795414329, 0.0013157082721590996, 0.009959914721548557, -0.005452125333249569, 0.0013239970430731773, -0.0005281923804432154, 0.001931551261804998, -0.00041349255479872227, 0.0003584306105040014, -0.0008172548841685057, 0.004814621061086655, -0.009455425664782524, 0.0042749326676130295], [-0.0015992135740816593, 0.004596299026161432, -0.005452125333249569, 0.014792926609516144, -0.008798856288194656, 0.002671761903911829, 0.0006901575834490359, 0.004015544429421425, -0.0036563046742230654, 0.009249089285731316, -0.00838023517280817, 0.01353983674198389, -0.010008229874074459], [0.0015762709081172943, -0.0028674546629190445, 0.0013239970430731773, -0.008798856288194656, 0.014126498252153397, -0.004232251085340977, -0.003912832587957382, -0.0002621389867272228, 0.004812752828001976, -0.012626531533896923, 0.004324943758547306, -0.0032141883857548237, 0.002276351908221841], [-0.0015973957488313317, 0.008972768671810627, -0.0005281923804432154, 0.002671761903911829, -0.004232251085340977, 0.023650996387004852, -0.00856930110603571, 0.0029935163911432028, -0.002576490631327033, 0.006231415085494518, -0.00911782681941986, 0.009253155440092087, -0.003146023489534855], [0.0008041897090151906, -0.004774207714945078, 0.001931551261804998, 0.0006901575834490359, -0.003912832587957382, -0.00856930110603571, 0.022356586530804634, -0.014681768603622913, -0.004047917202115059, 0.008777567185461521, -0.00016484341176692396, -0.006889952812343836, 0.0029391308780759573], [-0.0010992392199113965, 0.006616376806050539, -0.00041349255479872227, 0.004015544429421425, -0.0002621389867272228, 0.0029935163911432028, -0.014681768603622913, 0.029390009120106697, -0.011067686602473259, 0.0014819661155343056, 0.0034837268758565187, 0.0021518405992537737, -0.005607164464890957], [0.0009133139974437654, -0.004087172448635101, 0.0003584306105040014, -0.0036563046742230654, 0.004812752828001976, -0.002576490631327033, -0.004047917202115059, -0.011067686602473259, 0.037387967109680176, -0.019664080813527107, -0.004350883420556784, 0.0075043486431241035, -0.0035266925115138292], [-0.001866380451247096, 0.006911061704158783, -0.0008172548841685057, 0.009249089285731316, -0.012626531533896923, 0.006231415085494518, 0.008777567185461521, 0.0014819661155343056, -0.019664080813527107, 0.038325536996126175, -0.019888991490006447, 0.0025427534710615873, 0.004422138910740614], [0.001679492648690939, -0.008548108860850334, 0.004814621061086655, -0.00838023517280817, 0.004324943758547306, -0.00911782681941986, -0.00016484341176692396, 0.0034837268758565187, -0.004350883420556784, -0.019888991490006447, 0.041642628610134125, -0.020797651261091232, 0.0016827669460326433], [-0.002555232495069504, 0.009626510553061962, -0.009455425664782524, 0.01353983674198389, -0.0032141883857548237, 0.009253155440092087, -0.006889952812343836, 0.0021518405992537737, 0.0075043486431241035, 0.0025427534710615873, -0.020797651261091232, 0.047140784561634064, -0.022275738418102264], [0.0017608075868338346, -0.007623766083270311, 0.0042749326676130295, -0.010008229874074459, 0.002276351908221841, -0.003146023489534855, 0.0029391308780759573, -0.005607164464890957, -0.0035266925115138292, 0.004422138910740614, 0.0016827669460326433, -0.022275738418102264, 0.03539682924747467]], "lowlevel.mfcc.cov": [[894.5013427734375, -0.7593745589256287, 28.623159408569336, -106.21733856201172, -84.36360168457031, -25.195768356323242, -44.24538040161133, -4.611399173736572, -30.078250885009766, -4.263489246368408, 14.663756370544434, 16.79814338684082, 12.788253784179688], [-0.7593745589256287, 334.79901123046875, -141.95751953125, -30.918447494506836, -85.71387481689453, -51.55531311035156, -14.385098457336426, -25.282514572143555, 9.297106742858887, -15.908753395080566, 5.069366931915283, 19.727800369262695, 22.77533721923828], [28.623159408569336, -141.95751953125, 208.64993286132812, 18.277658462524414, 17.17317008972168, 2.734659194946289, -21.385921478271484, 18.252920150756836, -23.323162078857422, -26.30193328857422, -33.825279235839844, -40.956642150878906, -17.797008514404297], [-106.21733856201172, -30.918447494506836, 18.277658462524414, 174.123046875, 104.87814331054688, 48.16331100463867, 19.479625701904297, -18.467144012451172, 0.02212592400610447, 8.431113243103027, -5.719134330749512, -13.660420417785645, -9.928922653198242], [-84.36360168457031, -85.71387481689453, 17.17317008972168, 104.87814331054688, 163.12503051757812, 76.58686065673828, 10.454689025878906, -50.08699417114258, -23.035249710083008, 21.343965530395508, 16.979427337646484, 4.630242824554443, -4.5039801597595215], [-25.195768356323242, -51.55531311035156, 2.734659194946289, 48.16331100463867, 76.58686065673828, 88.52875518798828, 23.855512619018555, -16.292226791381836, -9.232287406921387, 14.693814277648926, 17.32708168029785, 12.2459077835083, 2.1480581760406494], [-44.24538040161133, -14.385098457336426, -21.385921478271484, 19.479625701904297, 10.454689025878906, 23.855512619018555, 77.85672760009766, 54.25914764404297, 34.09434509277344, 8.903605461120605, 1.2596477270126343, 12.722265243530273, 4.478540420532227], [-4.611399173736572, -25.282514572143555, 18.252920150756836, -18.467144012451172, -50.08699417114258, -16.292226791381836, 54.25914764404297, 116.4422836303711, 59.00200653076172, 0.3377416133880615, -18.326414108276367, -5.921643257141113, -2.1295018196105957], [-30.078250885009766, 9.297106742858887, -23.323162078857422, 0.02212592400610447, -23.035249710083008, -9.232287406921387, 34.09434509277344, 59.00200653076172, 73.29179382324219, 24.826828002929688, 2.3985235691070557, 1.6860966682434082, 1.0146063566207886], [-4.263489246368408, -15.908753395080566, -26.30193328857422, 8.431113243103027, 21.343965530395508, 14.693814277648926, 8.903605461120605, 0.3377416133880615, 24.826828002929688, 58.51350402832031, 32.65620040893555, 17.41598892211914, 3.0535223484039307], [14.663756370544434, 5.069366931915283, -33.825279235839844, -5.719134330749512, 16.979427337646484, 17.32708168029785, 1.2596477270126343, -18.326414108276367, 2.3985235691070557, 32.65620040893555, 61.27977752685547, 36.747013092041016, 12.061251640319824], [16.79814338684082, 19.727800369262695, -40.956642150878906, -13.660420417785645, 4.630242824554443, 12.2459077835083, 12.722265243530273, -5.921643257141113, 1.6860966682434082, 17.41598892211914, 36.747013092041016, 63.364356994628906, 31.77707862854004], [12.788253784179688, 22.77533721923828, -17.797008514404297, -9.928922653198242, -4.5039801597595215, 2.1480581760406494, 4.478540420532227, -2.1295018196105957, 1.0146063566207886, 3.0535223484039307, 12.061251640319824, 31.77707862854004, 52.075321197509766]], "lowlevel.mfcc.icov": [[0.001287309918552637, 6.961224426049739e-05, -0.0001915718603413552, 0.000383651175070554, 0.0007254886440932751, -0.0004193985369056463, 0.0006052192766219378, -0.0002885095018427819, 0.0007301548030227423, -0.00038831745041534305, -0.00020737423619721085, -0.0002643803891260177, -0.00010479257616680115], [6.961224426049739e-05, 0.005985180847346783, 0.0037255624774843454, -0.001741947722621262, 0.003614290151745081, 0.0010796110145747662, 0.0003561735211405903, 0.0026547140441834927, -0.001478110090829432, 0.002748464699834585, -0.000269811978796497, 8.282579074148089e-06, -0.0014225654304027557], [-0.0001915718603413552, 0.0037255624774843454, 0.009511811658740044, -0.0013967381091788411, 0.00013653501810040325, -0.00013470651174429804, 0.004545294214040041, -0.0042770239524543285, 0.0029423933010548353, 0.002420104341581464, 0.0004953253665007651, 0.003084043273702264, -0.001342260162346065], [0.000383651175070554, -0.001741947722621262, -0.0013967381091788411, 0.011092761531472206, -0.007720013614743948, -0.00042118123383261263, -0.0019163888646289706, 0.0006500687450170517, -0.0022732277866452932, -3.4766155295073986e-05, 0.001678301952779293, 0.0019637683872133493, 0.00030565063934773207], [0.0007254886440932751, 0.003614290151745081, 0.00013653501810040325, -0.007720013614743948, 0.020376447588205338, -0.008214874193072319, -0.0026585841551423073, 0.007684261538088322, 0.0013914132723584771, -0.003156594466418028, -3.987085074186325e-05, -0.0007239696569740772, 6.891902012284845e-05], [-0.0004193985369056463, 0.0010796110145747662, -0.00013470651174429804, -0.00042118123383261263, -0.008214874193072319, 0.02256704494357109, -0.007865183055400848, 0.0017055986681953073, 0.0024418404791504145, -0.00038457781192846596, -0.003139772219583392, -0.0003147386887576431, -0.0004964895197190344], [0.0006052192766219378, 0.0003561735211405903, 0.004545294214040041, -0.0019163888646289706, -0.0026585841551423073, -0.007865183055400848, 0.030661677941679955, -0.01653628796339035, -0.0018639921909198165, 0.002376965247094631, 0.0015447656624019146, -0.005520757753401995, 0.0005729236290790141], [-0.0002885095018427819, 0.0026547140441834927, -0.0042770239524543285, 0.0006500687450170517, 0.007684261538088322, 0.0017055986681953073, -0.01653628796339035, 0.030461469665169716, -0.01722664199769497, 0.003245317842811346, 0.003888158593326807, -0.0011912418995052576, 0.0008058084640651941], [0.0007301548030227423, -0.001478110090829432, 0.0029423933010548353, -0.0022732277866452932, 0.0013914132723584771, 0.0024418404791504145, -0.0018639921909198165, -0.01722664199769497, 0.035833217203617096, -0.015816181898117065, 8.319422340719029e-05, 0.004108354449272156, -0.0017822039080783725], [-0.00038831745041534305, 0.002748464699834585, 0.002420104341581464, -3.4766155295073986e-05, -0.003156594466418028, -0.00038457781192846596, 0.002376965247094631, 0.003245317842811346, -0.015816181898117065, 0.03482475131750107, -0.015002117492258549, -0.00011552237992873415, 0.00119620724581182], [-0.00020737423619721085, -0.000269811978796497, 0.0004953253665007651, 0.001678301952779293, -3.987085074186325e-05, -0.003139772219583392, 0.0015447656624019146, 0.003888158593326807, 8.319422340719029e-05, -0.015002117492258549, 0.036630865186452866, -0.017623484134674072, 0.003958421293646097], [-0.0002643803891260177, 8.282579074148089e-06, 0.003084043273702264, 0.0019637683872133493, -0.0007239696569740772, -0.0003147386887576431, -0.005520757753401995, -0.0011912418995052576, 0.004108354449272156, -0.00011552237992873415, -0.017623484134674072, 0.03829164057970047, -0.017491398379206657], [-0.00010479257616680115, -0.0014225654304027557, -0.001342260162346065, 0.00030565063934773207, 6.891902012284845e-05, -0.0004964895197190344, 0.0005729236290790141, 0.0008058084640651941, -0.0017822039080783725, 0.00119620724581182, 0