{"song_id": "1182272050694455326", "download": "https://cdn.discordapp.com/attachments/1135903449314238464/1182272050694455326/chirp.mp4?ex=658417a6&amp", "lyrics": "Mr. Globe shill (Mr. Globe shill)\nYou looove begging the question\nMr. Globe shill (Mr. Globe shill)\nYou dooon't have good intentions\nMr. Globeshill likes to lie\nAnd in hell he's gonna die\nBecause the Earth is not a ball!\nIt has no curve, no movement at all", "style": ["metal"], "essentia_features": {"lowlevel.average_loudness": 0.9855898022651672, "lowlevel.barkbands_crest.mean": 9.883943557739258, "lowlevel.barkbands_crest.stdev": 5.555741310119629, "lowlevel.barkbands_flatness_db.mean": 0.08007697016000748, "lowlevel.barkbands_flatness_db.stdev": 0.037622321397066116, "lowlevel.barkbands_kurtosis.mean": 1.5768427848815918, "lowlevel.barkbands_kurtosis.stdev": 4.333172798156738, "lowlevel.barkbands_skewness.mean": 1.3331537246704102, "lowlevel.barkbands_skewness.stdev": 0.9773940443992615, "lowlevel.barkbands_spread.mean": 39.971717834472656, "lowlevel.barkbands_spread.stdev": 13.477335929870605, "lowlevel.dissonance.mean": 0.4887114465236664, "lowlevel.dissonance.stdev": 0.007332648616284132, "lowlevel.dynamic_complexity": 0.8762685656547546, "lowlevel.erbbands_crest.mean": 6.505020618438721, "lowlevel.erbbands_crest.stdev": 2.224458932876587, "lowlevel.erbbands_flatness_db.mean": 0.10340160876512527, "lowlevel.erbbands_flatness_db.stdev": 0.01680898293852806, "lowlevel.erbbands_kurtosis.mean": 0.2155841886997223, "lowlevel.erbbands_kurtosis.stdev": 0.9786346554756165, "lowlevel.erbbands_skewness.mean": -0.5407617092132568, "lowlevel.erbbands_skewness.stdev": 0.45019829273223877, "lowlevel.erbbands_spread.mean": 44.408416748046875, "lowlevel.erbbands_spread.stdev": 11.91275691986084, "lowlevel.hfc.mean": 44.59257507324219, "lowlevel.hfc.stdev": 16.432743072509766, "lowlevel.loudness_ebu128.integrated": -12.711416244506836, "lowlevel.loudness_ebu128.loudness_range": 0.7629938125610352, "lowlevel.loudness_ebu128.momentary.mean": -12.745677947998047, "lowlevel.loudness_ebu128.momentary.stdev": 0.5529996156692505, "lowlevel.loudness_ebu128.short_term.mean": -12.728425025939941, "lowlevel.loudness_ebu128.short_term.stdev": 0.2665916085243225, "lowlevel.melbands_crest.mean": 15.463942527770996, "lowlevel.melbands_crest.stdev": 6.983729362487793, "lowlevel.melbands_flatness_db.mean": 0.15234674513339996, "lowlevel.melbands_flatness_db.stdev": 0.05069895461201668, "lowlevel.melbands_kurtosis.mean": 13.317973136901855, "lowlevel.melbands_kurtosis.stdev": 17.878829956054688, "lowlevel.melbands_skewness.mean": 3.0643393993377686, "lowlevel.melbands_skewness.stdev": 1.7214981317520142, "lowlevel.melbands_spread.mean": 34.289207458496094, "lowlevel.melbands_spread.stdev": 17.00555419921875, "lowlevel.pitch_salience.mean": 0.5732052326202393, "lowlevel.pitch_salience.stdev": 0.1538398265838623, "lowlevel.silence_rate_20dB.mean": 1.0, "lowlevel.silence_rate_20dB.stdev": 0.0, "lowlevel.silence_rate_30dB.mean": 0.9133105874061584, "lowlevel.silence_rate_30dB.stdev": 0.2813793122768402, "lowlevel.silence_rate_60dB.mean": 0.0006825938471592963, "lowlevel.silence_rate_60dB.stdev": 0.02611778862774372, "lowlevel.spectral_centroid.mean": 2139.138671875, "lowlevel.spectral_centroid.stdev": 360.4862976074219, "lowlevel.spectral_complexity.mean": 42.00955581665039, "lowlevel.spectral_complexity.stdev": 6.1956658363342285, "lowlevel.spectral_decrease.mean": -1.3491572303792054e-08, "lowlevel.spectral_decrease.stdev": 1.0047099152643568e-08, "lowlevel.spectral_energy.mean": 0.05496501550078392, "lowlevel.spectral_energy.stdev": 0.03825879469513893, "lowlevel.spectral_energyband_high.mean": 0.002845202339813113, "lowlevel.spectral_energyband_high.stdev": 0.0018145791254937649, "lowlevel.spectral_energyband_low.mean": 0.030746152624487877, "lowlevel.spectral_energyband_low.stdev": 0.03868365287780762, "lowlevel.spectral_energyband_middle_high.mean": 0.009080901741981506, "lowlevel.spectral_energyband_middle_high.stdev": 0.004222112242132425, "lowlevel.spectral_energyband_middle_low.mean": 0.012040715664625168, "lowlevel.spectral_energyband_middle_low.stdev": 0.008048190735280514, "lowlevel.spectral_entropy.mean": 8.079888343811035, "lowlevel.spectral_entropy.stdev": 0.11976570636034012, "lowlevel.spectral_flux.mean": 0.1518811732530594, "lowlevel.spectral_flux.stdev": 0.07173105329275131, "lowlevel.spectral_kurtosis.mean": 3.3928768634796143, "lowlevel.spectral_kurtosis.stdev": 1.0414519309997559, "lowlevel.spectral_rms.mean": 0.006979497615247965, "lowlevel.spectral_rms.stdev": 0.002216080902144313, "lowlevel.spectral_rolloff.mean": 2125.103271484375, "lowlevel.spectral_rolloff.stdev": 1313.9921875, "lowlevel.spectral_skewness.mean": 1.3270080089569092, "lowlevel.spectral_skewness.stdev": 0.20431680977344513, "lowlevel.spectral_spread.mean": 5057538.5, "lowlevel.spectral_spread.stdev": 730390.3125, "lowlevel.spectral_strongpeak.mean": 0.48051488399505615, "lowlevel.spectral_strongpeak.stdev": 0.4836660921573639, "lowlevel.zerocrossingrate.mean": 0.0872676894068718, "lowlevel.zerocrossingrate.stdev": 0.02631988562643528, "metadata.audio_properties.analysis.equal_loudness": 0.0, "metadata.audio_properties.analysis.length": 33.98398971557617, "metadata.audio_properties.analysis.sample_rate": 44100.0, "metadata.audio_properties.analysis.start_time": 0.0, "metadata.audio_properties.bit_rate": 122625.0, "metadata.audio_properties.length": 33.98400115966797, "metadata.audio_properties.lossless": 0.0, "metadata.audio_properties.number_channels": 1.0, "metadata.audio_properties.replay_gain": -12.030153274536133, "metadata.audio_properties.sample_rate": 48000.0, "rhythm.beats_count": 64.0, "rhythm.beats_loudness.mean": 0.06496953219175339, "rhythm.beats_loudness.stdev": 0.029181987047195435, "rhythm.bpm": 113.5455551147461, "rhythm.bpm_histogram_first_peak_bpm": 112.0, "rhythm.bpm_histogram_first_peak_weight": 0.48000001907348633, "rhythm.bpm_histogram_second_peak_bpm": 117.0, "rhythm.bpm_histogram_second_peak_spread": 0.3333333730697632, "rhythm.bpm_histogram_second_peak_weight": 0.1269841343164444, "rhythm.danceability": 1.626806616783142, "rhythm.onset_rate": 2.705435037612915, "tonal.chords_changes_rate": 0.10368349403142929, "tonal.chords_number_rate": 0.013642564415931702, "tonal.chords_strength.mean": 0.46150118112564087, "tonal.chords_strength.stdev": 0.1004427894949913, "tonal.hpcp_crest.mean": 9.461553573608398, "tonal.hpcp_crest.stdev": 4.710630893707275, "tonal.hpcp_entropy.mean": 2.8342580795288086, "tonal.hpcp_entropy.stdev": 0.7177469730377197, "tonal.key_edma.strength": 0.8138535022735596, "tonal.key_krumhansl.strength": 0.8105013966560364, "tonal.key_temperley.strength": 0.7844370603561401, "tonal.tuning_diatonic_strength": 0.4554530084133148, "tonal.tuning_equal_tempered_deviation": 0.24119976162910461, "tonal.tuning_frequency": 434.193115234375, "tonal.tuning_nontempered_energy_ratio": 0.924491286277771, "lowlevel.barkbands.mean": [0.0033364270348101854, 0.024743979796767235, 0.0029986074659973383, 0.0019088201224803925, 0.005322725977748632, 0.0017485966673120856, 0.0011690860847011209, 0.0008439724915660918, 0.0009083891636691988, 0.0003975655126851052, 0.0004921696963720024, 0.0008581834263168275, 0.000943270861171186, 0.0008738092728890479, 0.0005867791478522122, 0.0010911610443145037, 0.0018449684139341116, 0.0008937198435887694, 0.0007759263389743865, 0.0008147035259753466, 0.0007114778272807598, 0.0004962268867529929, 0.0003532976843416691, 0.0003376124950591475, 0.00026140917907468975, 0.00022888623061589897, 2.3263715775101446e-05], "lowlevel.barkbands.stdev": [0.0028004550840705633, 0.03596608713269234, 0.0035319975577294827, 0.0022906139492988586, 0.005302214063704014, 0.0022266115993261337, 0.0023603516165167093, 0.0017246606294065714, 0.0012609438272193074, 0.0007009975961409509, 0.0008843091200105846, 0.0014180120779201388, 0.001315743662416935, 0.0010943489614874125, 0.0006351053598336875, 0.0007434076396748424, 0.001078629749827087, 0.0005585041944868863, 0.0004047199327033013, 0.00047543219989165664, 0.0004357401339802891, 0.0004943382809869945, 0.00041964786942116916, 0.00043325370643287897, 0.0001996806968236342, 0.00013886370288673788, 2.3717895601294003e-05], "lowlevel.erbbands.mean": [0.9417751431465149, 4.55192232131958, 4.697261333465576, 4.7314019203186035, 9.5158052444458, 24.484453201293945, 15.211403846740723, 14.638821601867676, 13.409244537353516, 21.117454528808594, 18.85432243347168, 20.484745025634766, 16.378131866455078, 13.317678451538086, 26.850221633911133, 33.73906326293945, 43.02843475341797, 46.66242599487305, 37.538970947265625, 32.750572204589844, 77.35799407958984, 105.45823669433594, 52.69457244873047, 43.754398345947266, 36.9098014831543, 38.06781768798828, 35.15357971191406, 23.000072479248047, 18.879892349243164, 12.5183744430542, 9.715476036071777, 7.799294948577881, 5.144174098968506, 3.0371973514556885, 1.7951089143753052, 0.9415854811668396, 0.44390153884887695, 0.08907104283571243, 0.002508582081645727, 0.00012847188918385655], "lowlevel.erbbands.stdev": [1.3933643102645874, 6.89013147354126, 5.603245735168457, 4.901498794555664, 14.234848976135254, 23.420434951782227, 14.83681869506836, 19.56283187866211, 33.28529357910156, 30.244810104370117, 34.06183624267578, 27.92477798461914, 27.311508178710938, 21.2996768951416, 48.09626388549805, 50.44358825683594, 58.7762565612793, 58.24563217163086, 40.3943977355957, 30.656803131103516, 47.22523880004883, 61.2043571472168, 31.061912536621094, 23.105955123901367, 19.78065299987793, 21.355241775512695, 21.642818450927734, 16.0598201751709, 18.6385555267334, 13.415035247802734, 12.039203643798828, 10.580673217773438, 6.193332672119141, 2.8402669429779053, 1.2314696311950684, 0.6276829838752747, 0.2847074568271637, 0.0649973526597023, 0.0021893277298659086, 5.8325440477347e-05], "lowlevel.gfcc.mean": [87.16734313964844, 48.92332458496094, -102.59134674072266, 49.0907096862793, -39.339149475097656, 15.730156898498535, -39.77043151855469, 14.946163177490234, -26.275405883789062, 12.18307876586914, -19.470500946044922, 10.222997665405273, -13.370820045471191], "lowlevel.melbands.mean": [0.007640190422534943, 0.0035594578366726637, 0.0009684321703389287, 0.0011430518934503198, 0.0007283716113306582, 0.00032952355104498565, 0.00021164232748560607, 0.00022358477872330695, 0.00015023640298750252, 0.0001270066131837666, 7.927746628411114e-05, 5.059770046500489e-05, 7.867444219300523e-05, 9.619266347726807e-05, 8.619780419394374e-05, 0.00010136244964087382, 8.329310367116705e-05, 6.301790563156828e-05, 4.132284811930731e-05, 4.975395859219134e-05, 0.0001012716893455945, 0.00011961289419559762, 6.499057781184092e-05, 3.73050024791155e-05, 3.5440480132820085e-05, 2.7028774638893083e-05, 2.6563415303826332e-05, 2.4777724320301786e-05, 2.3398268240271136e-05, 1.7416346963727847e-05, 1.1995748536719475e-05, 1.1258428457949776e-05, 8.460625394945964e-06, 6.420744284696411e-06, 5.591876288235653e-06, 5.181120286579244e-06, 4.694617928180378e-06, 3.784936552619911e-06, 2.951469241452287e-06, 2.3913103177619632e-06], "lowlevel.melbands.stdev": [0.011105368845164776, 0.004534960724413395, 0.0009909875225275755, 0.0012103909393772483, 0.000627489120233804, 0.00043396372348070145, 0.0005053863278590143, 0.00033689013798721135, 0.0002525376621633768, 0.00017775161541067064, 0.00013743712042924017, 8.453706686850637e-05, 0.00014074785576667637, 0.0001686005125520751, 0.00012754680938087404, 0.0001401120243826881, 0.00010950674914056435, 7.300873403437436e-05, 4.600565807777457e-05, 4.184867793810554e-05, 6.680333171971142e-05, 7.362581527559087e-05, 4.269653436494991e-05, 2.369018693570979e-05, 1.9996185073978268e-05, 1.6133784811245278e-05, 1.5617028111591935e-05, 1.543839789519552e-05, 1.6562720702495426e-05, 1.1255639037699439e-05, 9.557589692121837e-06, 1.1213050129299518e-05, 9.600931662134826e-06, 7.158398148021661e-06, 6.875739018141758e-06, 7.394523436232703e-06, 6.567668151546968e-06, 4.776826244778931e-06, 3.2621467198623577e-06, 2.206024873885326e-06], "lowlevel.melbands128.mean": [0.002174766967073083, 0.00807764008641243, 0.010026756674051285, 0.006789501756429672, 0.003074413863942027, 0.0012657736660912633, 0.0008560026763007045, 0.0010270163184031844, 0.0009408775949850678, 0.0008278391323983669, 0.0017191451042890549, 0.0010648787720128894, 0.00032394641311839223, 0.0005254106945358217, 0.0003594971785787493, 0.0002113673253916204, 0.00020594570378307253, 0.00019270897610113025, 0.00023055195924825966, 0.0002830254379659891, 0.00017855610349215567, 0.0001812726113712415, 0.00013021142513025552, 0.00014088624448049814, 0.00014983947039581835, 0.00010561483213678002, 0.00011835938494186848, 7.083575474098325e-05, 5.852607500855811e-05, 4.444539445103146e-05, 4.881956192548387e-05, 5.754461381002329e-05, 7.669044134672731e-05, 9.55774521571584e-05, 0.00010624773130984977, 9.593015420250595e-05, 7.885435479693115e-05, 9.036035771714523e-05, 8.243515185313299e-05, 9.801117266761139e-05, 0.00010466911044204608, 0.00010996611672453582, 8.099911792669445e-05, 7.414649735437706e-05, 7.027635729173198e-05, 6.365152512444183e-05, 5.1966817409265786e-05, 3.95053721149452e-05, 3.604807716328651e-05, 4.2507643229328096e-05, 4.5439606765285134e-05, 6.0874583141412586e-05, 9.607837273506448e-05, 0.00011661199096124619, 0.00012048366625094786, 0.0001372765691485256, 0.0001066855838871561, 6.688127905363217e-05, 5.820810474688187e-05, 3.885137630277313e-05, 3.368877514731139e-05, 3.804431253229268e-05, 3.851628571283072e-05, 3.621170253609307e-05, 2.741883508861065e-05, 2.747675716818776e-05, 2.611650779726915e-05, 2.4279583158204332e-05, 2.8212465622345917e-05, 2.8091450076317415e-05, 2.33501832553884e-05, 2.313621916982811e-05, 2.6347284801886417e-05, 2.3786586098140106e-05, 1.9612016330938786e-05, 1.9951565263909288e-05, 1.533988324808888e-05, 1.197040910483338e-05, 1.1587131666601636e-05, 1.179544415208511e-05, 1.222708397108363e-05, 1.0665371519280598e-05, 9.816688361752313e-06, 8.63683544594096e-06, 6.957770892768167e-06, 6.468041647167411e-06, 6.267227490752703e-06, 6.132091129984474e-06, 5.464185051096138e-06, 5.246065029496094e-06, 5.548196440940956e-06, 5.224801498115994e-06, 4.52160793429357e-06, 4.750600055558607e-06, 4.809790880244691e-06, 4.2342162487329915e-06, 3.4637225780898007e-06, 3.282306352048181e-06, 2.995163640662213e-06, 2.7461924219096545e-06, 2.690409701244789e-06, 2.322095042472938e-06, 2.0869949821644695e-06, 2.0513975869107526e-06, 2.278726242366247e-06, 1.8274203057444538e-06, 1.796718947844056e-06, 1.4796484038015478e-06, 1.5286337884390377e-06, 1.7067577573470771e-06, 1.7535996903461637e-06, 1.4419940725929337e-06, 1.423921389687166e-06, 1.4306517641671235e-06, 1.0886436712098657e-06, 9.042034321282699e-07, 6.708882551720308e-07, 3.200867411123909e-07, 3.290792705001877e-08, 1.993275856870813e-11, 1.5291410498941005e-11, 1.471310920320157e-11, 1.4271866674575584e-11, 1.3652651925655235e-11, 1.1877589189968063e-11, 9.209666883280843e-12, 7.792138462248133e-12, 7.548993548323057e-12], "lowlevel.melbands128.stdev": [0.002259007887914777, 0.011737401597201824, 0.01644357293844223, 0.010067918337881565, 0.004037430975586176, 0.001458913553506136, 0.0010306027252227068, 0.0012596313608810306, 0.0017677551368251443, 0.0014030461898073554, 0.0017066725995391607, 0.0010388953378424048, 0.0005138691631145775, 0.0007836473523639143, 0.0005451695178635418, 0.0004954382311552763, 0.000545106886420399, 0.0007890213746577501, 0.0005277576274238527, 0.00043253853800706565, 0.0004578106745611876, 0.00052018859423697, 0.0002839045482687652, 0.0002389604051131755, 0.0002516654785722494, 0.00019092093862127513, 0.0002529509365558624, 0.00015313115727622062, 0.00013833818957209587, 8.833607716951519e-05, 9.702113311504945e-05, 0.00013215553190093488, 0.0001606179866939783, 0.00022400563466362655, 0.0002542553993407637, 0.0001901517534861341, 0.0001491978473495692, 0.00017296343867201358, 0.00015512524987570941, 0.00018048452329821885, 0.00017326069064438343, 0.00019165084813721478, 0.0001347908837487921, 0.00012047121708747, 0.00010079202183987945, 9.241432417184114e-05, 7.483956142095849e-05, 5.583803431363776e-05, 5.148626587470062e-05, 5.9889862313866615e-05, 5.060213879914954e-05, 5.5339187383651733e-05, 8.244172931881621e-05, 0.00010539504728512838, 0.00010418262536404654, 0.00011074314534198493, 9.355916699860245e-05, 5.3275387472240254e-05, 5.249227615422569e-05, 3.2632819056743756e-05, 2.919864527939353e-05, 3.016801565536298e-05, 3.0429986509261653e-05, 2.5253537387470715e-05, 2.036132173088845e-05, 2.2383814211934805e-05, 2.0185132598271593e-05, 1.7932228729478084e-05, 2.2670647013001144e-05, 2.0704572307295166e-05, 1.8695152903092094e-05, 1.9668881577672437e-05, 2.5638906663516536e-05, 1.9532559235813096e-05, 1.3968237908557057e-05, 1.526804771856405e-05, 1.2682340639003087e-05, 1.0200507858826313e-05, 1.1660944437608123e-05, 1.1442594768595882e-05, 1.3629864952235948e-05, 1.2090699783584569e-05, 1.2853744010499213e-05, 1.0894014849327505e-05, 8.988809895527083e-06, 7.947909580252599e-06, 7.662045391043648e-06, 7.574512892460916e-06, 7.437348358507734e-06, 7.733671736787073e-06, 9.040780241775792e-06, 8.160618563124444e-06, 6.6135676206613425e-06, 7.405509222735418e-06, 7.684553565923125e-06, 5.607053026324138e-06, 4.590985554386862e-06, 4.559816261462402e-06, 3.7108084143255837e-06, 2.984843831654871e-06, 2.814781510096509e-06, 2.3983154733286938e-06, 1.9755464109039167e-06, 1.948576027643867e-06, 1.7782124359655427e-06, 1.4612020322601893e-06, 1.467508013774932e-06, 1.3835945082973922e-06, 1.3544280363930739e-06, 1.456127620258485e-06, 1.4297639836513554e-06, 1.1686497600749135e-06, 1.145586224993167e-06, 1.2219595646456582e-06, 9.658559747549589e-07, 8.735947290006152e-07, 6.289425868999388e-07, 5.383723760132852e-07, 9.876970352706849e-08, 1.1383220754890289e-10, 1.1175273206820435e-10, 1.1027438684418911e-10, 1.0849071641061414e-10, 1.0168013653277796e-10, 7.378707367333703e-11, 2.966321979713804e-11, 1.1353036566408292e-11, 1.0705743583305782e-11], "lowlevel.mfcc.mean": [-560.8261108398438, 84.28008270263672, -0.011943824589252472, 38.144718170166016, 18.816761016845703, 10.678067207336426, 3.7832987308502197, 3.610402822494507, 2.929699420928955, -0.85804682970047, 0.6364254951477051, 7.977452278137207, -0.17762665450572968], "lowlevel.spectral_contrast_coeffs.mean": [-0.7294908761978149, -0.7855597734451294, -0.815640389919281, -0.8016479015350342, -0.7986555695533752, -0.7428445816040039], "lowlevel.spectral_contrast_coeffs.stdev": [0.057192038744688034, 0.05436752736568451, 0.03889353200793266, 0.03051699511706829, 0.020640108734369278, 0.027569668367505074], "lowlevel.spectral_contrast_valleys.mean": [-5.95285701751709, -6.399885177612305, -6.847990036010742, -6.622341632843018, -6.257202625274658, -9.069294929504395], "lowlevel.spectral_contrast_valleys.stdev": [0.4026605188846588, 0.46244165301322937, 0.47314944863319397, 0.301547110080719, 0.2578660845756531, 0.3828611373901367], "rhythm.beats_loudness_band_ratio.mean": [0.6360445618629456, 0.11461671441793442, 0.0639379471540451, 0.060480713844299316, 0.08769065886735916, 0.07369455695152283], "rhythm.beats_loudness_band_ratio.stdev": [0.170558899641037, 0.09994267672300339, 0.06600341200828552, 0.051755402237176895, 0.04354725033044815, 0.042952075600624084], "tonal.hpcp.mean": [0.10234545171260834, 0.0925184115767479, 0.08531822264194489, 0.09274672716856003, 0.07921364903450012, 0.08004596084356308, 0.31611502170562744, 0.39974725246429443, 0.1788434088230133, 0.09994348883628845, 0.09693276137113571, 0.08978378772735596, 0.08606679737567902, 0.09052006900310516, 0.1040164902806282, 0.12427843362092972, 0.12233424186706543, 0.1126779243350029, 0.12611806392669678, 0.12938933074474335, 0.1270478367805481, 0.2434496283531189, 0.28562647104263306, 0.1830093413591385, 0.1390259563922882, 0.11238906532526016, 0.09838686883449554, 0.13417403399944305, 0.16939681768417358, 0.15922340750694275, 0.17190878093242645, 0.1664082109928131, 0.12595224380493164, 0.13271507620811462, 0.13201341032981873, 0.10364224016666412], "tonal.hpcp.stdev": [0.21588803827762604, 0.21328331530094147, 0.2038060873746872, 0.2221735715866089, 0.19469475746154785, 0.17553052306175232, 0.2966648042201996, 0.3568885326385498, 0.21804022789001465, 0.19467812776565552, 0.18843090534210205, 0.18226934969425201, 0.1538994312286377, 0.14497120678424835, 0.16179096698760986, 0.19461780786514282, 0.2002466917037964, 0.17656320333480835, 0.1853427141904831, 0.1976919174194336, 0.1815783977508545, 0.29787692427635193, 0.3532222807407379, 0.25075671076774597, 0.23269827663898468, 0.2107325941324234, 0.18503959476947784, 0.21940302848815918, 0.25162333250045776, 0.24511148035526276, 0.27596259117126465, 0.2734989821910858, 0.22176510095596313, 0.2288111001253128, 0.24291014671325684, 0.2057536095380783], "rhythm.beats_position": [0.4643990993499756, 0.952018141746521, 1.4512470960617065, 1.9504761695861816, 2.449705123901367, 2.9489340782165527, 3.459773063659668, 3.982222080230713, 4.504671096801758, 5.027120113372803, 5.549569129943848, 6.083628177642822, 6.617686748504639, 7.140135765075684, 7.6625847816467285, 8.185033798217773, 8.707483291625977, 9.241541862487793, 9.77560043334961, 10.298049926757812, 10.8204984664917, 11.342947959899902, 11.865396499633789, 12.399456024169922, 12.933514595031738, 13.455963134765625, 13.978412628173828, 14.489251136779785, 15.023310661315918, 15.557369232177734, 16.091428756713867, 16.625486373901367, 17.1595458984375, 17.681995391845703, 18.204444885253906, 18.715282440185547, 19.22612190246582, 19.760181427001953, 20.294239044189453, 20.805078506469727, 21.32752799987793, 21.849977493286133, 22.384035110473633, 22.918094635009766, 23.4521541595459, 23.9746036529541, 24.497051239013672, 25.031110763549805, 25.541950225830078, 26.076007843017578, 26.61006736755371, 27.132516860961914, 27.654966354370117, 28.189023971557617, 28.71147346496582, 29.233922958374023, 29.767980575561523, 30.278820037841797, 30.81287956237793, 31.346939086914062, 31.857776641845703, 32.3918342590332, 32.92589569091797, 33.45995330810547], "rhythm.bpm_histogram": [0.0, 0.0, 0.0, 0.0, 0.0, 0.0, 0.0, 0.0, 0.0, 0.0, 0.0, 0.0, 0.0, 0.0, 0.0, 0.0, 0.0, 0.0, 0.0, 0.0, 0.0, 0.0, 0.0, 0.0, 0.0, 0.0, 0.0, 0.0, 0.0, 0.0, 0.0, 0.0, 0.0, 0.0, 0.0, 0.0, 0.0, 0.0, 0.0, 0.0, 0.0, 0.0, 0.0, 0.0, 0.0, 0.0, 0.0, 0.0, 0.0, 0.0, 0.0, 0.0, 0.0, 0.0, 0.0, 0.0, 0.0, 0.0, 0.0, 0.0, 0.0, 0.0, 0.0, 0.0, 0.0, 0.0, 0.0, 0.0, 0.0, 0.0, 0.0, 0.0, 0.0, 0.0, 0.0, 0.0, 0.0, 0.0, 0.0, 0.0, 0.0, 0.0, 0.0, 0.0, 0.0, 0.0, 0.0, 0.0, 0.0, 0.0, 0.0, 0.0, 0.0, 0.0, 0.0, 0.0, 0.0, 0.0, 0.0, 0.0, 0.0, 0.0, 0.0, 0.0, 0.0, 0.0, 0.0, 0.0, 0.0, 0.0, 0.0, 0.0, 0.4126984179019928, 0.0, 0.0, 0.380952388048172, 0.0, 0.1269841343164444, 0.0, 0.0, 0.0634920671582222, 0.0, 0.0, 0.01587301678955555, 0.0, 0.0, 0.0, 0.0, 0.0, 0.0, 0.0, 0.0, 0.0, 0.0, 0.0, 0.0, 0.0, 0.0, 0.0, 0.0, 0.0, 0.0, 0.0, 0.0, 0.0, 0.0, 0.0, 0.0, 0.0, 0.0, 0.0, 0.0, 0.0, 0.0, 0.0, 0.0, 0.0, 0.0, 0.0, 0.0, 0.0, 0.0, 0.0, 0.0, 0.0, 0.0, 0.0, 0.0, 0.0, 0.0, 0.0, 0.0, 0.0, 0.0, 0.0, 0.0, 0.0, 0.0, 0.0, 0.0, 0.0, 0.0, 0.0, 0.0, 0.0, 0.0, 0.0, 0.0, 0.0, 0.0, 0.0, 0.0, 0.0, 0.0, 0.0, 0.0, 0.0, 0.0, 0.0, 0.0, 0.0, 0.0, 0.0, 0.0, 0.0, 0.0, 0.0, 0.0, 0.0, 0.0, 0.0, 0.0, 0.0, 0.0, 0.0, 0.0, 0.0, 0.0, 0.0, 0.0, 0.0, 0.0, 0.0, 0.0, 0.0, 0.0, 0.0, 0.0, 0.0, 0.0, 0.0, 0.0, 0.0, 0.0, 0.0, 0.0, 0.0, 0.0, 0.0, 0.0, 0.0, 0.0, 0.0, 0.0, 0.0, 0.0, 0.0, 0.0, 0.0, 0.0], "tonal.chords_histogram": [11.869030952453613, 16.916780471801758, 4.092769622802734, 0.0, 0.0, 0.40927693247795105, 11.18690299987793, 20.327421188354492, 1.0914051532745361, 23.192359924316406, 0.0, 0.0, 0.0, 0.0, 0.5457025766372681, 0.13642564415931702, 4.2291951179504395, 0.0, 0.0, 0.0, 1.7735334634780884, 0.9549795389175415, 0.5457025766372681, 2.72851300239563], "tonal.thpcp": [1.0, 0.44739121198654175, 0.2500166893005371, 0.24248512089252472, 0.2246013879776001, 0.21530303359031677, 0.22644326090812683, 0.2602056562900543, 0.3108925223350525, 0.30602896213531494, 0.2818729281425476, 0.31549450755119324, 0.32367783784866333, 0.31782039999961853, 0.6090089082717896, 0.7145176529884338, 0.457812637090683, 0.3477846384048462, 0.28115031123161316, 0.24612268805503845, 0.3356471657752991, 0.4237598180770874, 0.39831018447875977, 0.43004369735717773, 0.41628357768058777, 0.3150796890258789, 0.33199748396873474, 0.33024218678474426, 0.2592694163322449, 0.25602540373802185, 0.23144227266311646, 0.21343041956424713, 0.23201341927051544, 0.1981593370437622, 0.20024143159389496, 0.7907872200012207], "lowlevel.gfcc.cov": [[541.236328125, -13.169673919677734, 13.412113189697266, -22.247182846069336, -41.59267044067383, 46.13262176513672, 38.32416915893555, 21.308408737182617, 10.167373657226562, -9.954421997070312, 0.06398902088403702, 2.4162757396698, -28.63373374938965], [-13.169673919677734, 245.79563903808594, -59.72653579711914, -6.521113395690918, -11.767032623291016, -9.827919960021973, 27.761865615844727, 7.4839558601379395, 15.977943420410156, 11.8344087600708, 35.96540832519531, -6.514939308166504, 18.315073013305664], [13.412113189697266, -59.72653579711914, 192.48574829101562, 76.66950988769531, 71.12532043457031, -2.338042974472046, 6.773823261260986, 13.758143424987793, 21.348308563232422, 23.681936264038086, -1.0813236236572266, 17.03539276123047, 1.2853963375091553], [-22.247182846069336, -6.521113395690918, 76.66950988769531, 198.5443115234375, 60.398033142089844, 30.195131301879883, -7.518596649169922, 4.757114887237549, 49.069339752197266, 15.777912139892578, 19.479949951171875, -7.487961769104004, 14.200078964233398], [-41.59267044067383, -11.767032623291016, 71.12532043457031, 60.398033142089844, 185.08132934570312, 33.6445198059082, 50.62763214111328, 10.407434463500977, 19.290616989135742, 39.797882080078125, 11.204804420471191, 12.525647163391113, 13.440552711486816], [46.13262176513672, -9.827919960021973, -2.338042974472046, 30.195131301879883, 33.6445198059082, 123.16735076904297, 72.45043182373047, 31.5588321685791, 1.2912781238555908, -17.528873443603516, 12.049763679504395, -0.15512120723724365, 8.328402519226074], [38.32416915893555, 27.761865615844727, 6.773823261260986, -7.518596649169922, 50.62763214111328, 72.45043182373047, 132.73130798339844, 43.64402389526367, -1.6411681175231934, -8.70467758178711, -0.017118675634264946, 9.163308143615723, 4.873212814331055], [21.308408737182617, 7.4839558601379395, 13.758143424987793, 4.757114887237549, 10.407434463500977, 31.5588321685791, 43.64402389526367, 71.38511657714844, 37.87679672241211, 12.616693496704102, 6.890096187591553, -3.610863208770752, 1.0422673225402832], [10.167373657226562, 15.977943420410156, 21.348308563232422, 49.069339752197266, 19.290616989135742, 1.2912781238555908, -1.6411681175231934, 37.87679672241211, 93.59081268310547, 51.47480773925781, 27.1561222076416, -10.468937873840332, -3.523024320602417], [-9.954421997070312, 11.8344087600708, 23.681936264038086, 15.777912139892578, 39.797882080078125, -17.528873443603516, -8.70467758178711, 12.616693496704102, 51.47480773925781, 71.96418762207031, 33.4951286315918, 1.1955780982971191, -6.558105945587158], [0.06398902088403702, 35.96540832519531, -1.0813236236572266, 19.479949951171875, 11.204804420471191, 12.049763679504395, -0.017118675634264946, 6.890096187591553, 27.1561222076416, 33.4951286315918, 59.96600341796875, 17.4017333984375, 9.260482788085938], [2.4162757396698, -6.514939308166504, 17.03539276123047, -7.487961769104004, 12.525647163391113, -0.15512120723724365, 9.163308143615723, -3.610863208770752, -10.468937873840332, 1.1955780982971191, 17.4017333984375, 46.37689971923828, 26.903358459472656], [-28.63373374938965, 18.315073013305664, 1.2853963375091553, 14.200078964233398, 13.440552711486816, 8.328402519226074, 4.873212814331055, 1.0422673225402832, -3.523024320602417, -6.558105945587158, 9.260482788085938, 26.903358459472656, 50.42510223388672]], "lowlevel.gfcc.icov": [[0.002167995786294341, -0.00019337191770318896, -0.0004327040514908731, 0.0002675516007002443, 0.0008150220382958651, -0.0012020919239148498, -0.0002513998479116708, 0.00027300152578391135, -0.0008724056533537805, 0.00016903893265407532, 0.0005496175144799054, -0.0016439220635220408, 0.0019741454161703587], [-0.00019337191770318896, 0.00639156810939312, 0.0013398638693615794, -1.9056380551774055e-05, 0.00027102913009002805, 0.0038162781856954098, -0.003936106339097023, 0.0006429142085835338, -4.023197470814921e-05, 0.0011385726975277066, -0.006410202011466026, 0.006374230608344078, -0.004873902536928654], [-0.0004327040514908731, 0.0013398638693615794, 0.008697855286300182, -0.003753373399376869, -0.001984014641493559, 0.0018578245071694255, 1.7323018255410716e-05, -0.0027981000021100044, 0.0011195065453648567, -0.0019980729557573795, 0.0026912917383015156, -0.0055090319365262985, 0.0026443800888955593], [0.0002675516007002443, -1.9056380551774055e-05, -0.003753373399376869, 0.009506306611001492, -0.002169237472116947, -0.0023347351234406233, 0.00163137202616781, 0.0035373507998883724, -0.006484440062195063, 0.00534919835627079, -0.0037117276806384325, 0.0053049540147185326, -0.0035955337807536125], [0.0008150220382958651, 0.00027102913009002805, -0.001984014641493559, -0.002169237472116947, 0.01034696213901043, -0.002307319547981024, -0.004298994317650795, 0.0025029226671904325, 0.0023682848550379276, -0.009620441123843193, 0.0035780896432697773, -0.0005214159609749913, -0.0024519525468349457], [-0.0012020919239148498, 0.0038162781856954098, 0.0018578245071694255, -0.0023347351234406233, -0.002307319547981024, 0.01877688430249691, -0.008819511160254478, -0.003326884936541319, 0.0011779408669099212, 0.008472117595374584, -0.01155078411102295, 0.008583827875554562, -0.004298064392060041], [-0.0002513998479116708, -0.003936106339097023, 1.7323018255410716e-05, 0.00163137202616781, -0.004298994317650795, -0.008819511160254478, 0.018155870959162712, -0.008272364735603333, 0.0015997503651306033, 0.000984554528258741, 0.005665932781994343, -0.008369590155780315, 0.0055106510408222675], [0.00027300152578391135, 0.0006429142085835338, -0.0027981000021100044, 0.0035373507998883724, 0.0025029226671904325, -0.003326884936541319, -0.008272364735603333, 0.027549991384148598, -0.01365052629262209, 0.0011919655371457338, 0.00048418878577649593, 0.003628313774242997, -0.0037143840454518795], [-0.0008724056533537805, -4.023197470814921e-05, 0.0011195065453648567, -0.006484440062195063, 0.0023682848550379276, 0.0011779408669099212, 0.0015997503651306033, -0.01365052629262209, 0.03035483881831169, -0.01884452812373638, -0.0015137983718886971, 0.0060020857490599155, -0.0026358698960393667], [0.00016903893265407532, 0.0011385726975277066, -0.0019980729557573795, 0.00534919835627079, -0.009620441123843193, 0.008472117595374584, 0.000984554528258741, 0.0011919655371457338, -0.01884452812373638, 0.04389968141913414, -0.02029331773519516, 0.003207231406122446, 0.005680715199559927], [0.0005496175144799054, -0.006410202011466026, 0.0026912917383015156, -0.0037117276806384325, 0.0035780896432697773, -0.01155078411102295, 0.005665932781994343, 0.00048418878577649593, -0.0015137983718886971, -0.02029331773519516, 0.041256099939346313, -0.02352403663098812, 0.006242640782147646], [-0.0016439220635220408, 0.006374230608344078, -0.0055090319365262985, 0.0053049540147185326, -0.0005214159609749913, 0.008583827875554562, -0.008369590155780315, 0.003628313774242997, 0.0060020857490599155, 0.003207231406122446, -0.02352403663098812, 0.05448663607239723, -0.02906077727675438], [0.0019741454161703587, -0.004873902536928654, 0.0026443800888955593, -0.0035955337807536125, -0.0024519525468349457, -0.004298064392060041, 0.0055106510408222675, -0.0037143840454518795, -0.0026358698960393667, 0.005680715199559927, 0.006242640782147646, -0.02906077727675438, 0.039488475769758224]], "lowlevel.mfcc.cov": [[583.5093383789062, -23.084272384643555, 20.040849685668945, -69.494140625, -62.958675384521484, 1.5455297231674194, -0.12320113182067871, 48.351402282714844, -8.45247745513916, 11.911314010620117, 19.197126388549805, 8.049861907958984, -9.725279808044434], [-23.084272384643555, 227.57337951660156, -63.25699996948242, -20.91722869873047, -41.968650817871094, -21.898984909057617, 22.059959411621094, -14.131268501281738, 2.531874418258667, -10.990184783935547, 11.607659339904785, 14.552245140075684, 10.82426643371582], [20.040849685668945, -63.25699996948242, 145.43087768554688, 43.21333694458008, 22.046539306640625, 0.18634794652462006, -19.593204498291016, 13.12580680847168, 0.1667460799217224, 11.654902458190918, -0.2050768882036209, -1.4247411489486694, 13.565750122070312], [-69.494140625, -20.91722869873047, 43.21333694458008, 157.97483825683594, 80.8171157836914, 30.79694938659668, -18.067790985107422, -22.146244049072266, 13.413493156433105, 19.024381637573242, 12.401972770690918, 5.899714946746826, 20.825366973876953], [-62.958675384521484, -41.968650817871094, 22.046539306640625, 80.8171157836914, 130.02149963378906, 40.68952178955078, -5.539639949798584, -20.003108978271484, 9.235982894897461, 28.400115966796875, 13.591229438781738, 13.470669746398926, 11.437308311462402], [1.5455297231674194, -21.898984909057617, 0.18634794652462006, 30.79694938659668, 40.68952178955078, 89.33539581298828, 51.66143035888672, 26.192712783813477, 12.533329963684082, 11.47851276397705, 7.1016459465026855, -0.4109514653682709, 0.001603142125532031], [-0.12320113182067871, 22.059959411621094, -19.593204498291016, -18.067790985107422, -5.539639949798584, 51.66143035888672, 116.79708862304688, 63.3416862487793, 26.739578247070312, -5.16779899597168, -3.3739113807678223, 1.4494036436080933, 1.4595139026641846], [48.351402282714844, -14.131268501281738, 13.12580680847168, -22.146244049072266, -20.003108978271484, 26.192712783813477, 63.3416862487793, 88.37554931640625, 36.6944465637207, 5.671154022216797, -6.105036735534668, -4.0280442237854, -0.44120705127716064], [-8.45247745513916, 2.531874418258667, 0.1667460799217224, 13.413493156433105, 9.235982894897461, 12.533329963684082, 26.739578247070312, 36.6944465637207, 62.98765182495117, 28.13712501525879, 10.390093803405762, 2.473668336868286, 3.1469666957855225], [11.911314010620117, -10.990184783935547, 11.654902458190918, 19.024381637573242, 28.400115966796875, 11.47851276397705, -5.16779899597168, 5.671154022216797, 28.13712501525879, 67.09828186035156, 40.76034927368164, 20.066999435424805, 3.443446159362793], [19.197126388549805, 11.607659339904785, -0.2050768882036209, 12.401972770690918, 13.591229438781738, 7.1016459465026855, -3.3739113807678223, -6.105036735534668, 10.390093803405762, 40.76034927368164, 65.54502868652344, 35.24358367919922, 8.90579605102539], [8.049861907958984, 14.552245140075684, -1.4247411489486694, 5.899714946746826, 13.470669746398926, -0.4109514653682709, 1.4494036436080933, -4.0280442237854, 2.473668336868286, 20.066999435424805, 35.24358367919922, 57.27896499633789, 26.559295654296875], [-9.725279808044434, 10.82426643371582, 13.565750122070312, 20.825366973876953, 11.437308311462402, 0.001603142125532031, 1.4595139026641846, -0.44120705127716064, 3.1469666957855225, 3.443446159362793, 8.90579605102539, 26.559295654296875, 49.73720169067383]], "lowlevel.mfcc.icov": [[0.0020909993909299374, 7.134299085009843e-05, -0.0002329767739865929, 0.0005957907414995134, 0.0007962149102240801, -0.0007389725069515407, 0.0011195067781955004, -0.0018342656549066305, 0.0010667056776583195, -0.0003757671220228076, -0.000749118800740689, -0.0002844113332685083, 0.00021975452546030283], [7.134299085009843e-05, 0.0061002979055047035, 0.001993792364373803, -0.000749189464841038, 0.0021063643507659435, 0.0018127631628885865, -0.002857060870155692, 0.002751573920249939, -0.0011254486162215471, 0.0006493202527053654, -0.0013264078879728913, -0.0003249166766181588, -0.0014826839324086905], [-0.0002329767739865929, 0.001993792364373803, 0.009753480553627014, -0.0028705222066491842, -0.0002562493027653545, 0.0016934038139879704, 0.0018520596204325557, -0.004675540141761303, 0.0029578437097370625, -0.001682282891124487, -7.825200009392574e-05, 0.0016120891086757183, -0.0028922625351697206], [0.0005957907414995134, -0.000749189464841038, -0.0028705222066491842, 0.011867146007716656, -0.00504293804988265, -0.003667667042464018, 0.002367825945839286, 0.0026926309801638126, -0.003949781414121389, 0.001837323885411024, -0.0018094684928655624, 0.0024320047814399004, -0.003644194919615984], [0.0007962149102240801, 0.0021063643507659435, -0.0002562493027653545, -0.00504293804988265, 0.015593674033880234, -0.0054804980754852295, -0.0006783543503843248, 0.005109012126922607, -0.0009782641427591443, -0.005028458312153816, 0.0035124938003718853, -0.003932364750653505, 0.00023920155945234], [-0.0007389725069515407, 0.0018127631628885865, 0.0016934038139879704, -0.003667667042464018, -0.0054804980754852295, 0.022130580618977547, -0.010595881380140781, -0.0022412457037717104, 0.00399277126416564, -0.0019740744028240442, -0.0028650015592575073, 0.0036580234300345182, 0.000529089302290231], [0.0011195067781955004, -0.002857060870155692, 0.0018520596204325557, 0.002367825945839286, -0.0006783543503843248, -0.010595881380140781, 0.022468959912657738, -0.013649185188114643, -0.001726760994642973, 0.005242476239800453, -0.0008574174134992063, -0.0022178993094712496, -0.00019580830121412873], [-0.0018342656549066305, 0.002751573920249939, -0.004675540141761303, 0.0026926309801638126, 0.005109012126922607, -0.0022412457037717104, -0.013649185188114643, 0.03197483718395233, -0.014192827977240086, -0.0012328022858127952, 0.004597697872668505, -0.0009489738731645048, -0.0006334097124636173], [0.0010667056776583195, -0.0011254486162215471, 0.0029578437097370625, -0.003949781414121389, -0.0009782641427591443, 0.00399277126416564, -0.001726760994642973, -0.014192827977240086, 0.03106742911040783, -0.013423066586256027, 0.0007100413786247373, 0.003604294965043664, -0.001638020621612668], [-0.0003757671220228076, 0.0006493202527053654, -0.001682282891124487, 0.001837323885411024, -0.005028458312153816, -0.0019740744028240442, 0.005242476239800453, -0.0012328022858127952, -0.013423066586256027, 0.03467303514480591, -0.018198413774371147, -0.00102638965472579, 0.002721789525821805], [-0.000749118800740689, -0.0013264078879728913, -7.825200009392574e-05, -0.0018094684928655624, 0.0035124938003718853, -0.0028650015592575073, -0.0008574174134992063, 0.004597697872668505, 0.0007100413786247373, -0.018198413774371147, 0.03624146059155464, -0.017898619174957275, 0.004462935030460358], [-0.0002844113332685083, -0.0003249166766181588, 0.0016120891086757183, 0.0024320047814399004, -0.003932364750653505, 0.0036580234300345182, -0.0022178993094712496, -0.0009489738731645048, 0.003604294965043664, -0.00102638965472579, -0.017898619174957275, 0.03766384348273277, -0.017546411603689194], [0.00021975452546030283, -0.0014826839324086905, -0.0028922625351697206, -0.003644194919615984, 0.00023920155945234, 0.000529089302290231, -0.00019580830121412873, -0.0006334097124636173, -0.001638020621612668, 0.002721789525821805, 0.004462935030460358, -0.017546411603689194, 0.031216874718666077]], "metadata.audio_properties.analysis.downmix": "mix", "metadata.audio_properties.codec": "mp3", "metadata.audio_properties.md5_encoded": "1d4c3531d858e60c200e9d081d4e1ac8", "metadata.tags.file_name": "1182272050694455326.mp3", "metadata.version.essentia": "2.1-beta6-dev", "metadata.version.essentia_git_sha": "v2.1_beta5-1110-g77a6a954", "metadata.version.extractor": "music 2.0", "tonal.chords_key": "B", "tonal.chords_scale": "major", "tonal.key_edma.key": "E", "tonal.key_edma.scale": "minor", "tonal.key_krumhansl.key": "E", "tonal.key_krumhansl.scale": "minor", "tonal.key_temperley.key": "E", "tonal.key_temperley.scale": "minor", "meta