{"song_id": "1182276226472222811", "download": "https://cdn.discordapp.com/attachments/1135903449314238464/1182276226472222811/chirp.mp4?ex=65841b8a&amp", "lyrics": "[verse]\n\u0428\u0451\u043b \u043d\u0430\u0451\u043c\u043d\u0438\u043a \u043f\u043e \u0443\u0442\u0440\u0443 \u0432 \u0441\u0435\u043b\u044c\u0441\u043a\u0443\u044e \u0442\u0430\u0432\u0435\u0440\u043d\u0443,\n\u041f\u0440\u043e\u0445\u0443\u0434\u0438\u043b\u0438\u0441\u044c \u0441\u0430\u043f\u043e\u0433\u0438, \u0434\u0435\u043d\u0435\u0433 \u0431\u043e\u043b\u044c\u0448\u0435 \u043d\u0435\u0442\u0443.\n\u0422\u0430\u043c \u043f\u043e\u0434\u0441\u0435\u043b \u043a \u043d\u0435\u043c\u0443 \u043a\u0443\u043f\u0435\u0446, \u043f\u0438\u0432\u043e\u043c \u0443\u0433\u043e\u0449\u0430\u0435\u0442.\n\"\u0425\u043e\u0447\u0435\u0448\u044c, \u043f\u0430\u0440\u0435\u043d\u044c, \u0440\u0430\u0431\u043e\u0442\u0451\u043d\u043a\u0443?\" - \u0434\u0435\u043d\u0435\u0433 \u043f\u0440\u0435\u0434\u043b\u0430\u0433\u0430\u0435\u0442.\n\n[chorus]\n\u0422\u0430\u043c, \u0437\u0430 \u0440\u0435\u043a\u043e\u0439, \u0441\u0442\u0430\u0440\u044b\u0439 \u0441\u043a\u043b\u0435\u043f,\n\u0411\u044b\u043b \u043e\u043d \u0437\u0430\u0431\u0440\u043e\u0448\u0435\u043d \u0441\u043e\u0442\u043d\u044e \u043b\u0435\u0442.\n\u041e\u0442\u044b\u0449\u0438 \u043f\u0440\u0438\u044f\u0442\u0435\u043b\u044f \u043c\u043e\u0435\u0433\u043e,\n\u042f \u043d\u0435 \u043f\u043e\u0441\u043a\u0443\u043f\u043b\u044e\u0441\u044c \u0437\u0430 \u043d\u0435\u0433\u043e!", "style": ["violin rock"], "essentia_features": {"lowlevel.average_loudness": 0.9660588502883911, "lowlevel.barkbands_crest.mean": 12.798261642456055, "lowlevel.barkbands_crest.stdev": 4.215826034545898, "lowlevel.barkbands_flatness_db.mean": 0.17373861372470856, "lowlevel.barkbands_flatness_db.stdev": 0.06501571089029312, "lowlevel.barkbands_kurtosis.mean": 12.688190460205078, "lowlevel.barkbands_kurtosis.stdev": 15.697227478027344, "lowlevel.barkbands_skewness.mean": 2.737043619155884, "lowlevel.barkbands_skewness.stdev": 1.68656587600708, "lowlevel.barkbands_spread.mean": 20.66322135925293, "lowlevel.barkbands_spread.stdev": 19.717449188232422, "lowlevel.dissonance.mean": 0.46256163716316223, "lowlevel.dissonance.stdev": 0.025620795786380768, "lowlevel.dynamic_complexity": 3.0224385261535645, "lowlevel.erbbands_crest.mean": 9.256402969360352, "lowlevel.erbbands_crest.stdev": 4.267057418823242, "lowlevel.erbbands_flatness_db.mean": 0.15845221281051636, "lowlevel.erbbands_flatness_db.stdev": 0.05473647266626358, "lowlevel.erbbands_kurtosis.mean": 0.5146612524986267, "lowlevel.erbbands_kurtosis.stdev": 3.6770102977752686, "lowlevel.erbbands_skewness.mean": 0.4952636957168579, "lowlevel.erbbands_skewness.stdev": 1.120006799697876, "lowlevel.erbbands_spread.mean": 57.0349235534668, "lowlevel.erbbands_spread.stdev": 25.48047637939453, "lowlevel.hfc.mean": 16.5247802734375, "lowlevel.hfc.stdev": 19.965696334838867, "lowlevel.loudness_ebu128.integrated": -14.701566696166992, "lowlevel.loudness_ebu128.loudness_range": 2.950410842895508, "lowlevel.loudness_ebu128.momentary.mean": -15.150832176208496, "lowlevel.loudness_ebu128.momentary.stdev": 2.305091142654419, "lowlevel.loudness_ebu128.short_term.mean": -14.803448677062988, "lowlevel.loudness_ebu128.short_term.stdev": 1.0545639991760254, "lowlevel.melbands_crest.mean": 17.826305389404297, "lowlevel.melbands_crest.stdev": 5.407917499542236, "lowlevel.melbands_flatness_db.mean": 0.24797368049621582, "lowlevel.melbands_flatness_db.stdev": 0.0819486528635025, "lowlevel.melbands_kurtosis.mean": 37.914676666259766, "lowlevel.melbands_kurtosis.stdev": 35.68606948852539, "lowlevel.melbands_skewness.mean": 4.601102828979492, "lowlevel.melbands_skewness.stdev": 2.2570254802703857, "lowlevel.melbands_spread.mean": 18.16282081604004, "lowlevel.melbands_spread.stdev": 27.5867862701416, "lowlevel.pitch_salience.mean": 0.5677090883255005, "lowlevel.pitch_salience.stdev": 0.11496703326702118, "lowlevel.silence_rate_20dB.mean": 1.0, "lowlevel.silence_rate_20dB.stdev": 0.0, "lowlevel.silence_rate_30dB.mean": 1.0, "lowlevel.silence_rate_30dB.stdev": 0.0, "lowlevel.silence_rate_60dB.mean": 0.07325581461191177, "lowlevel.silence_rate_60dB.stdev": 0.2605524957180023, "lowlevel.spectral_centroid.mean": 1116.27978515625, "lowlevel.spectral_centroid.stdev": 786.9507446289062, "lowlevel.spectral_complexity.mean": 12.158720970153809, "lowlevel.spectral_complexity.stdev": 8.008774757385254, "lowlevel.spectral_decrease.mean": -6.000041796738742e-09, "lowlevel.spectral_decrease.stdev": 5.828229010518271e-09, "lowlevel.spectral_energy.mean": 0.024144371971488, "lowlevel.spectral_energy.stdev": 0.022809244692325592, "lowlevel.spectral_energyband_high.mean": 0.0009829889750108123, "lowlevel.spectral_energyband_high.stdev": 0.0022122561931610107, "lowlevel.spectral_energyband_low.mean": 0.0067464192397892475, "lowlevel.spectral_energyband_low.stdev": 0.01558418944478035, "lowlevel.spectral_energyband_middle_high.mean": 0.002119692275300622, "lowlevel.spectral_energyband_middle_high.stdev": 0.003525246400386095, "lowlevel.spectral_energyband_middle_low.mean": 0.01642628014087677, "lowlevel.spectral_energyband_middle_low.stdev": 0.015915367752313614, "lowlevel.spectral_entropy.mean": 7.411683082580566, "lowlevel.spectral_entropy.stdev": 0.5749323964118958, "lowlevel.spectral_flux.mean": 0.07386413961648941, "lowlevel.spectral_flux.stdev": 0.06545188277959824, "lowlevel.spectral_kurtosis.mean": 4.496293544769287, "lowlevel.spectral_kurtosis.stdev": 4.076358795166016, "lowlevel.spectral_rms.mean": 0.004414054565131664, "lowlevel.spectral_rms.stdev": 0.0020178246777504683, "lowlevel.spectral_rolloff.mean": 1408.5081787109375, "lowlevel.spectral_rolloff.stdev": 2437.747314453125, "lowlevel.spectral_skewness.mean": 1.4252320528030396, "lowlevel.spectral_skewness.stdev": 0.5942044258117676, "lowlevel.spectral_spread.mean": 5021390.5, "lowlevel.spectral_spread.stdev": 2200161.5, "lowlevel.spectral_strongpeak.mean": 0.8049410581588745, "lowlevel.spectral_strongpeak.stdev": 0.7819027900695801, "lowlevel.zerocrossingrate.mean": 0.06388478726148605, "lowlevel.zerocrossingrate.stdev": 0.06820423156023026, "metadata.audio_properties.analysis.equal_loudness": 0.0, "metadata.audio_properties.analysis.length": 39.914649963378906, "metadata.audio_properties.analysis.sample_rate": 44100.0, "metadata.audio_properties.analysis.start_time": 0.0, "metadata.audio_properties.bit_rate": 124834.0, "metadata.audio_properties.length": 39.91466522216797, "metadata.audio_properties.lossless": 0.0, "metadata.audio_properties.number_channels": 1.0, "metadata.audio_properties.replay_gain": -13.059564590454102, "metadata.audio_properties.sample_rate": 48000.0, "rhythm.beats_count": 71.0, "rhythm.beats_loudness.mean": 0.038818567991256714, "rhythm.beats_loudness.stdev": 0.017169972881674767, "rhythm.bpm": 108.84271240234375, "rhythm.bpm_histogram_first_peak_bpm": 108.0, "rhythm.bpm_histogram_first_peak_weight": 0.5223881006240845, "rhythm.bpm_histogram_second_peak_bpm": 101.0, "rhythm.bpm_histogram_second_peak_spread": 0.3333333730697632, "rhythm.bpm_histogram_second_peak_weight": 0.02857142873108387, "rhythm.danceability": 1.497742772102356, "rhythm.onset_rate": 4.282846927642822, "tonal.chords_changes_rate": 0.05342624709010124, "tonal.chords_number_rate": 0.009291521273553371, "tonal.chords_strength.mean": 0.45900991559028625, "tonal.chords_strength.stdev": 0.08988159894943237, "tonal.hpcp_crest.mean": 14.651900291442871, "tonal.hpcp_crest.stdev": 7.42778205871582, "tonal.hpcp_entropy.mean": 1.9865309000015259, "tonal.hpcp_entropy.stdev": 0.8309416770935059, "tonal.key_edma.strength": 0.5942554473876953, "tonal.key_krumhansl.strength": 0.5954431891441345, "tonal.key_temperley.strength": 0.5874519348144531, "tonal.tuning_diatonic_strength": 0.3990614414215088, "tonal.tuning_equal_tempered_deviation": 0.08684740215539932, "tonal.tuning_frequency": 438.7310485839844, "tonal.tuning_nontempered_energy_ratio": 0.7329695224761963, "lowlevel.barkbands.mean": [0.00016197671357076615, 0.002394517185166478, 0.0021126442588865757, 0.005438472144305706, 0.005765127949416637, 0.0017304521752521396, 0.0018170868279412389, 0.0007603357662446797, 0.0008061716216616333, 0.0004346313944552094, 0.00014667751383967698, 0.00019206573779229075, 0.00011802622611867264, 0.00013082993973512203, 0.00014660782471764833, 0.0001959681831067428, 0.0003040380834136158, 0.00014856383495498449, 0.0002585349138826132, 0.0002024642744800076, 0.00013796149869449437, 0.0001528319698991254, 0.00019405854982323945, 0.00019752389925997704, 0.00012216705363243818, 7.022575300652534e-05, 4.444473233888857e-06], "lowlevel.barkbands.stdev": [0.0005480851395986974, 0.00784379057586193, 0.006721679586917162, 0.005754729732871056, 0.01157265342772007, 0.0039042013231664896, 0.005326529964804649, 0.0027689924463629723, 0.0029458252247422934, 0.0019986883271485567, 0.000537436455488205, 0.0008193671237677336, 0.0004385869251564145, 0.00047753177932463586, 0.0004824241914320737, 0.00036480356357060373, 0.0005424055852927268, 0.0002610178489703685, 0.0005144341266714036, 0.00035306939389556646, 0.00028466369258239865, 0.0003896074485965073, 0.0006375816883519292, 0.0007030723500065506, 0.00029556109802797437, 0.00012640924251172692, 1.2357015293673612e-05], "lowlevel.erbbands.mean": [0.06341039389371872, 0.5654287934303284, 2.291782855987549, 10.224674224853516, 22.512378692626953, 18.373836517333984, 11.633294105529785, 14.915926933288574, 22.010400772094727, 27.109371185302734, 14.610909461975098, 19.171951293945312, 11.92254638671875, 13.465152740478516, 7.8907012939453125, 6.8529253005981445, 5.733785152435303, 6.355601787567139, 7.309431552886963, 7.784467697143555, 13.603537559509277, 16.986045837402344, 8.684821128845215, 12.572773933410645, 11.187352180480957, 9.660658836364746, 6.864924907684326, 5.022463321685791, 5.507900714874268, 5.20200252532959, 5.6387858390808105, 4.643756866455078, 2.973391532897949, 1.5618765354156494, 0.7573164701461792, 0.35437098145484924, 0.12235856801271439, 0.019511785358190536, 0.0005330732674337924, 4.44756296928972e-05], "lowlevel.erbbands.stdev": [0.24764391779899597, 1.8149250745773315, 6.5477423667907715, 12.819926261901855, 24.365402221679688, 48.6517448425293, 24.860830307006836, 33.68347930908203, 66.23905944824219, 79.53588104248047, 51.51192092895508, 75.42536926269531, 30.074281692504883, 75.31729888916016, 30.049619674682617, 23.990535736083984, 19.652658462524414, 23.647024154663086, 24.448593139648438, 21.183666229248047, 22.125991821289062, 30.745885848999023, 15.637683868408203, 22.88655662536621, 20.5762996673584, 17.982933044433594, 12.866622924804688, 10.876574516296387, 14.043432235717773, 14.483491897583008, 19.484582901000977, 17.535442352294922, 9.993208885192871, 4.464709758758545, 1.5698800086975098, 0.6852303743362427, 0.22431214153766632, 0.04029013216495514, 0.001230948488228023, 4.456420356291346e-05], "lowlevel.gfcc.mean": [-42.268131256103516, 87.61581420898438, -96.6727523803711, 45.8338737487793, -54.095298767089844, -10.659542083740234, -44.149269104003906, 7.770557880401611, -38.19549560546875, -8.458589553833008, -28.8565673828125, -3.9086525440216064, -13.529706001281738], "lowlevel.melbands.mean": [0.0006111236289143562, 0.0010970240691676736, 0.0022315029054880142, 0.001513164141215384, 0.00046423295862041414, 0.0003334412176627666, 0.00035068189026787877, 0.0002718213654588908, 0.00011861399980261922, 0.00011582946899579838, 5.674875865224749e-05, 5.634445551550016e-05, 2.3691574824624695e-05, 2.3275581042980775e-05, 1.4479548553936183e-05, 1.1203618669242132e-05, 1.1769612683565356e-05, 1.1440894922998268e-05, 1.0625695722410455e-05, 1.0318323802493978e-05, 1.742911263136193e-05, 1.9391487512621097e-05, 1.0199266398558393e-05, 6.544618827319937e-06, 1.0654019206413068e-05, 9.448644050280564e-06, 6.8742619987460785e-06, 6.258655957935844e-06, 4.573654223349877e-06, 3.278391204730724e-06, 2.80743347502721e-06, 3.2180191738007125e-06, 2.8292399747442687e-06, 2.94088772534451e-06, 3.2697969345463207e-06, 3.06426454699249e-06, 2.8151609967608238e-06, 2.22874473365664e-06, 1.5498345646847156e-06, 1.2312843864492606e-06], "lowlevel.melbands.stdev": [0.0021432372741401196, 0.0030303047969937325, 0.0021522182505577803, 0.002963458187878132, 0.0008727076346985996, 0.000744334829505533, 0.0010468920227140188, 0.0008166618645191193, 0.0004504551470745355, 0.00045301401405595243, 0.00014800015196669847, 0.00032911146990954876, 8.83271059137769e-05, 0.00010376937279943377, 5.418171713245101e-05, 3.9562171878060326e-05, 4.490600258577615e-05, 4.0076705772662535e-05, 3.507464862195775e-05, 2.4305003535118885e-05, 2.989972745126579e-05, 3.436719998717308e-05, 2.4565151761635207e-05, 1.0415748874947894e-05, 2.015817881328985e-05, 2.0526591470115818e-05, 1.2118039194319863e-05, 1.261937268282054e-05, 8.0181898738374e-06, 7.39702545615728e-06, 6.293707883742172e-06, 8.268552846857347e-06, 7.76158140070038e-06, 8.629606782051269e-06, 1.1496826118673198e-05, 1.0877953172894195e-05, 1.1502210327307694e-05, 7.911260581749957e-06, 4.727654868474929e-06, 3.483030241113738e-06], "lowlevel.melbands128.mean": [0.00012775238428730518, 0.00048742463695816696, 0.0007428013486787677, 0.0009805839508771896, 0.0010774587281048298, 0.0010427923407405615, 0.0018249715212732553, 0.0030705551616847515, 0.0022354868706315756, 0.0015774681232869625, 0.0009507863433100283, 0.0004810442042071372, 0.00031992836738936603, 0.00044769467785954475, 0.0003696029889397323, 0.00024112430401146412, 0.00027614040300250053, 0.0004132397298235446, 0.0003858993004541844, 0.0003334654029458761, 0.00020288782252464443, 0.0001052881998475641, 9.50219327933155e-05, 0.00014224133337847888, 0.00015640859783161432, 8.426229760516435e-05, 7.656933303223923e-05, 4.9987444072030485e-05, 3.529271634761244e-05, 8.979804260889068e-05, 5.057104135630652e-05, 1.895329842227511e-05, 2.2390740923583508e-05, 2.413532456557732e-05, 3.3102369343396276e-05, 1.936149965331424e-05, 1.4802692930970807e-05, 1.4048468074179254e-05, 1.5056642041599844e-05, 1.2455746400519274e-05, 8.217552021960728e-06, 1.2629354387172498e-05, 1.2849534869019408e-05, 1.0415173164801672e-05, 1.1248794180573896e-05, 1.0765214028651826e-05, 1.3577112440543715e-05, 9.629484338802285e-06, 1.0037398169515654e-05, 1.1095747140643653e-05, 8.381921361433342e-06, 1.1177197848155629e-05, 1.818535201891791e-05, 1.82132534973789e-05, 2.0309158571762964e-05, 2.2639216695097275e-05, 1.5793171769473702e-05, 1.1597667253226973e-05, 8.78701303008711e-06, 6.048212071618764e-06, 5.585296548815677e-06, 6.7009677877649665e-06, 1.0815546374942642e-05, 1.1701235052896664e-05, 1.0889844816119876e-05, 1.0727148946898524e-05, 7.553414434369188e-06, 6.215812391019426e-06, 7.005143288552063e-06, 7.460262168024201e-06, 6.2252242969407234e-06, 5.7773454500420485e-06, 5.320423952070996e-06, 4.330425326770637e-06, 3.772557647607755e-06, 3.5792095331999008e-06, 2.91966807708377e-06, 2.5344320420117583e-06, 2.7690675779012963e-06, 2.959649918921059e-06, 3.6173928492644336e-06, 3.1651759400119772e-06, 2.782656565614161e-06, 2.9184313916630344e-06, 2.697075842661434e-06, 2.7222229164181044e-06, 3.0493763460981427e-06, 3.338397618790623e-06, 3.199532784492476e-06, 3.3384876587660983e-06, 3.251973794249352e-06, 3.0326323212648276e-06, 2.6364909899712075e-06, 3.0746502943657106e-06, 2.656275682966225e-06, 2.4930698145908536e-06, 2.120507360814372e-06, 1.9369674646441126e-06, 1.4851785863356781e-06, 1.3682927146874135e-06, 1.4543451243298477e-06, 1.1231288681301521e-06, 1.1225926073166193e-06, 1.0096626965605537e-06, 7.887513220339315e-07, 6.97881375799625e-07, 7.920073699096974e-07, 6.715747531416127e-07, 5.871984285477083e-07, 5.829228939546738e-07, 4.776491664415516e-07, 3.9751193980919197e-07, 3.9863161305220274e-07, 3.61716899988096e-07, 2.605960105483973e-07, 1.852378233024865e-07, 1.3298424050844915e-07, 5.397958346975429e-08, 6.6158345468636526e-09, 1.4279747523326947e-11, 9.774635094383921e-12, 5.107466966719487e-12, 3.415804748427287e-12, 3.333983913597627e-12, 3.2203445639311656e-12, 3.074429382951549e-12, 2.990498257013363e-12, 2.9638652643271257e-12], "lowlevel.melbands128.stdev": [0.0004864849615842104, 0.0020718069281429052, 0.0029729939997196198, 0.0030676438473165035, 0.003209782764315605, 0.0034103565849363804, 0.0028637833893299103, 0.0031382334418594837, 0.002533683553338051, 0.004770714323967695, 0.002912567462772131, 0.0009305095882155001, 0.0009858569828793406, 0.0013341420562937856, 0.001011280226521194, 0.0008098855032585561, 0.0010450795525684953, 0.0016158323269337416, 0.0015007570618763566, 0.0011638725409284234, 0.0008827106794342399, 0.0005254973657429218, 0.0005727424286305904, 0.0007415715372189879, 0.0007611142937093973, 0.0004476264875847846, 0.00030519033316522837, 0.00015246692055370659, 0.0001239064586116001, 0.0006158273899927735, 0.00033144274493679404, 8.105482993414626e-05, 0.00011016547068720683, 0.00011935467045987025, 0.00021318328799679875, 8.723260543774813e-05, 6.136714364401996e-05, 6.719183147652075e-05, 8.000643720151857e-05, 5.8607274695532396e-05, 3.2218034903053194e-05, 7.796953286742792e-05, 6.735280476277694e-05, 4.206183803034946e-05, 5.240261816652492e-05, 4.755296322400682e-05, 7.746768824290484e-05, 4.2442734411451966e-05, 3.981902409577742e-05, 4.273713057045825e-05, 2.6350720872869715e-05, 2.8705566364806145e-05, 3.480468149064109e-05, 4.363173866295256e-05, 4.306023402023129e-05, 4.492176594794728e-05, 5.050762774772011e-05, 3.716364153660834e-05, 2.491600753273815e-05, 1.1995235581707675e-05, 9.383627002534922e-06, 1.2909980796393938e-05, 1.970589073607698e-05, 2.6125713702640496e-05, 2.9834633096470498e-05, 2.805601980071515e-05, 1.583083940204233e-05, 1.490092199674109e-05, 1.3471865713654552e-05, 1.2670731848629657e-05, 2.071190465358086e-05, 1.0565778211457655e-05, 9.57990141614573e-06, 8.25378538138466e-06, 9.296547432313673e-06, 8.939688086684328e-06, 7.2535617618996184e-06, 6.329532425297657e-06, 6.47909610052011e-06, 7.033323072391795e-06, 9.707115168566816e-06, 9.506499736744445e-06, 8.062410415732302e-06, 8.608079042460304e-06, 7.82318693381967e-06, 7.785139132465702e-06, 9.803304237721022e-06, 1.2135185897932388e-05, 1.147942111856537e-05, 1.3197215594118461e-05, 1.1780055501731113e-05, 1.1203866961295716e-05, 1.0392060175945517e-05, 1.5219567103486042e-05, 1.0370589734520763e-05, 9.791734555619769e-06, 8.093858014035504e-06, 6.3721909100422636e-06, 4.816428827325581e-06, 4.196361260255799e-06, 4.781502411788097e-06, 3.241498461648007e-06, 3.02513353744871e-06, 2.350030399611569e-06, 1.7322315670753596e-06, 1.4063816706766374e-06, 1.719303668323846e-06, 1.4848490081931232e-06, 1.2602721426446806e-06, 1.2058198990416713e-06, 9.971605550163076e-07, 8.409016345467535e-07, 7.794059797561204e-07, 7.775191761538736e-07, 5.515440761882928e-07, 4.07229578058832e-07, 3.33295588461624e-07, 2.3514934355262085e-07, 5.093937716083019e-08, 2.0978946357885775e-10, 1.5238363348935025e-10, 4.051853297326602e-11, 6.632032163028656e-12, 6.404658921266293e-12, 5.882332381607069e-12, 5.4168032906365404e-12, 5.297704115669877e-12, 5.265328537756853e-12], "lowlevel.mfcc.mean": [-690.1799926757812, 119.7972412109375, 10.137972831726074, 51.360595703125, 6.748751640319824, -7.871442794799805, -0.6863035559654236, 1.1847517490386963, -0.8556976914405823, -8.049535751342773, -11.824636459350586, -7.628900051116943, -3.610775947570801], "lowlevel.spectral_contrast_coeffs.mean": [-0.6250966191291809, -0.7421859502792358, -0.7853070497512817, -0.8044719099998474, -0.8011401295661926, -0.7552089691162109], "lowlevel.spectral_contrast_coeffs.stdev": [0.07873617112636566, 0.08739014714956284, 0.06175818666815758, 0.048791248351335526, 0.04013162851333618, 0.051986213773489], "lowlevel.spectral_contrast_valleys.mean": [-7.010989189147949, -7.361728191375732, -8.12166976928711, -8.350095748901367, -7.653537750244141, -10.897795677185059], "lowlevel.spectral_contrast_valleys.stdev": [1.260331392288208, 1.2103779315948486, 1.1264009475708008, 1.1205295324325562, 1.0986770391464233, 1.7282006740570068], "rhythm.beats_loudness_band_ratio.mean": [0.5661789178848267, 0.30422836542129517, 0.08837337791919708, 0.022371163591742516, 0.024719808250665665, 0.08259110152721405], "rhythm.beats_loudness_band_ratio.stdev": [0.2689879536628723, 0.25884896516799927, 0.1277838945388794, 0.03773493692278862, 0.020680472254753113, 0.09973751753568649], "tonal.hpcp.mean": [0.15203556418418884, 0.11081517487764359, 0.04404039680957794, 0.030519019812345505, 0.03821638226509094, 0.07448010891675949, 0.11171816289424896, 0.09055683016777039, 0.0704844668507576, 0.09416773170232773, 0.06318464130163193, 0.026846012100577354, 0.03261217102408409, 0.02902575209736824, 0.0348401740193367, 0.06859955936670303, 0.0656493529677391, 0.03419065102934837, 0.03129543736577034, 0.041689712554216385, 0.1814132034778595, 0.3601963520050049, 0.2442062497138977, 0.13113649189472198, 0.1916343718767166, 0.12005604058504105, 0.04024752974510193, 0.0482332706451416, 0.042698442935943604, 0.12027017772197723, 0.23621706664562225, 0.15846487879753113, 0.05166064202785492, 0.04122249409556389, 0.04317176342010498, 0.09485527873039246], "tonal.hpcp.stdev": [0.305927574634552, 0.2430267035961151, 0.16181416809558868, 0.13698862493038177, 0.13622568547725677, 0.18168120086193085, 0.17146533727645874, 0.15578974783420563, 0.1787688434123993, 0.21240152418613434, 0.15327078104019165, 0.09191117435693741, 0.11200538277626038, 0.09339364618062973, 0.09490066766738892, 0.15663933753967285, 0.1508328765630722, 0.11318165808916092, 0.11141999810934067, 0.13067544996738434, 0.25774115324020386, 0.4301103353500366, 0.3066357374191284, 0.22334890067577362, 0.3646862506866455, 0.23568609356880188, 0.1335860937833786, 0.14749214053153992, 0.11850657314062119, 0.20680280029773712, 0.3813420236110687, 0.25267523527145386, 0.16330267488956451, 0.13349463045597076, 0.13866513967514038, 0.20818306505680084], "rhythm.beats_position": [0.5804988741874695, 1.172607660293579, 1.7647165060043335, 2.345215320587158, 2.902494192123413, 3.4481632709503174, 3.9938321113586426, 4.539501190185547, 5.085169792175293, 5.654058933258057, 6.211337566375732, 6.757006645202637, 7.314285755157471, 7.8715643882751465, 8.41723346710205, 8.986122131347656, 9.543400764465332, 10.100680351257324, 10.657958984375, 11.192017555236816, 11.72607707977295, 12.283355712890625, 12.829024314880371, 13.386303901672363, 13.955192565917969, 14.512471199035645, 15.046530723571777, 15.592199325561523, 16.137868881225586, 16.695146560668945, 17.252426147460938, 17.80970573425293, 18.34376335144043, 18.889432907104492, 19.435102462768555, 19.980770111083984, 20.538049697875977, 21.08371925354004, 21.61777687072754, 22.17505645751953, 22.732336044311523, 23.266393661499023, 23.812063217163086, 24.380952835083008, 24.915010452270508, 25.4722900390625, 26.029569625854492, 26.575237274169922, 27.144126892089844, 27.701404571533203, 28.235464096069336, 28.792743682861328, 29.350021362304688, 29.89569091796875, 30.452970504760742, 31.02185821533203, 31.555917739868164, 32.0899772644043, 32.647254943847656, 33.18131637573242, 33.73859405517578, 34.29587173461914, 34.8531494140625, 35.410430908203125, 35.967708587646484, 36.524986267089844, 37.08226776123047, 37.63954544067383, 38.17360305786133, 38.73088455200195, 39.26494216918945], "rhythm.bpm_histogram": [0.0, 0.0, 0.0, 0.0, 0.0, 0.0, 0.0, 0.0, 0.0, 0.0, 0.0, 0.0, 0.0, 0.0, 0.0, 0.0, 0.0, 0.0, 0.0, 0.0, 0.0, 0.0, 0.0, 0.0, 0.0, 0.0, 0.0, 0.0, 0.0, 0.0, 0.0, 0.0, 0.0, 0.0, 0.0, 0.0, 0.0, 0.0, 0.0, 0.0, 0.0, 0.0, 0.0, 0.0, 0.0, 0.0, 0.0, 0.0, 0.0, 0.0, 0.0, 0.0, 0.0, 0.0, 0.0, 0.0, 0.0, 0.0, 0.0, 0.0, 0.0, 0.0, 0.0, 0.0, 0.0, 0.0, 0.0, 0.0, 0.0, 0.0, 0.0, 0.0, 0.0, 0.0, 0.0, 0.0, 0.0, 0.0, 0.0, 0.0, 0.0, 0.0, 0.0, 0.0, 0.0, 0.0, 0.0, 0.0, 0.0, 0.0, 0.0, 0.0, 0.0, 0.0, 0.0, 0.0, 0.0, 0.0, 0.0, 0.0, 0.0, 0.02857142873108387, 0.0, 0.014285714365541935, 0.0, 0.08571428805589676, 0.0, 0.0, 0.4571428596973419, 0.0, 0.22857142984867096, 0.0, 0.18571428954601288, 0.0, 0.0, 0.0, 0.0, 0.0, 0.0, 0.0, 0.0, 0.0, 0.0, 0.0, 0.0, 0.0, 0.0, 0.0, 0.0, 0.0, 0.0, 0.0, 0.0, 0.0, 0.0, 0.0, 0.0, 0.0, 0.0, 0.0, 0.0, 0.0, 0.0, 0.0, 0.0, 0.0, 0.0, 0.0, 0.0, 0.0, 0.0, 0.0, 0.0, 0.0, 0.0, 0.0, 0.0, 0.0, 0.0, 0.0, 0.0, 0.0, 0.0, 0.0, 0.0, 0.0, 0.0, 0.0, 0.0, 0.0, 0.0, 0.0, 0.0, 0.0, 0.0, 0.0, 0.0, 0.0, 0.0, 0.0, 0.0, 0.0, 0.0, 0.0, 0.0, 0.0, 0.0, 0.0, 0.0, 0.0, 0.0, 0.0, 0.0, 0.0, 0.0, 0.0, 0.0, 0.0, 0.0, 0.0, 0.0, 0.0, 0.0, 0.0, 0.0, 0.0, 0.0, 0.0, 0.0, 0.0, 0.0, 0.0, 0.0, 0.0, 0.0, 0.0, 0.0, 0.0, 0.0, 0.0, 0.0, 0.0, 0.0, 0.0, 0.0, 0.0, 0.0, 0.0, 0.0, 0.0, 0.0, 0.0, 0.0, 0.0, 0.0, 0.0, 0.0, 0.0, 0.0, 0.0, 0.0, 0.0, 0.0, 0.0, 0.0, 0.0, 0.0, 0.0, 0.0, 0.0], "tonal.chords_histogram": [3.6004645824432373, 40.99884033203125, 30.313589096069336, 3.7166085243225098, 0.0, 0.0, 0.580720067024231, 12.659698486328125, 1.7421603202819824, 1.277584195137024, 0.0, 0.0, 0.0, 0.0, 0.0, 0.0, 3.7166085243225098, 0.0, 0.8130081295967102, 0.0, 0.580720067024231, 0.0, 0.0, 0.0], "tonal.thpcp": [1.0, 0.677980899810791, 0.36406946182250977, 0.532027542591095, 0.3333072066307068, 0.11173775047063828, 0.13390827178955078, 0.1185421273112297, 0.33390170335769653, 0.6558008193969727, 0.43994027376174927, 0.14342355728149414, 0.11444450914859772, 0.11985619366168976, 0.2633432447910309, 0.4220907986164093, 0.3076521158218384, 0.12226774543523788, 0.08472884446382523, 0.10609874874353409, 0.20677641034126282, 0.3101590573787689, 0.2514096200466156, 0.19568344950675964, 0.2614344358444214, 0.1754172146320343, 0.07453160732984543, 0.09053998440504074, 0.08058314025402069, 0.09672550857067108, 0.19045045971870422, 0.18225990235805511, 0.0949222594499588, 0.08688437938690186, 0.11574162542819977, 0.5036508440971375], "lowlevel.gfcc.cov": [[12302.802734375, -1329.927001953125, 304.48712158203125, -103.60597229003906, -897.7400512695312, 607.3244018554688, -651.5638427734375, 432.0611877441406, -83.05989074707031, 286.2468566894531, -158.7888641357422, 159.2769775390625, -407.2906799316406], [-1329.927001953125, 3029.70703125, -922.5429077148438, -0.42494282126426697, 542.0518188476562, -779.2808837890625, 520.6511840820312, -259.9447937011719, 204.82211303710938, -169.87196350097656, 194.0640106201172, -271.731689453125, 318.8288269042969], [304.48712158203125, -922.5429077148438, 1093.248779296875, 111.24214935302734, 60.71516418457031, 329.59002685546875, -126.27648162841797, 123.8053207397461, -119.11083221435547, 63.37089538574219, -97.99846649169922, 179.9936981201172, -96.35651397705078], [-103.60597229003906, -0.42494282126426697, 111.24214935302734, 533.546875, 85.1441879272461, 95.08687591552734, 70.0728988647461, -79.14539337158203, 14.933720588684082, -65.81242370605469, 18.958648681640625, -36.98817825317383, 71.96695709228516], [-897.7400512695312, 542.0518188476562, 60.71516418457031, 85.1441879272461, 471.54364013671875, -125.63137817382812, 163.08242797851562, -40.09413528442383, 17.99591827392578, 6.698511600494385, -4.764413833618164, -27.25953483581543, 53.57320022583008], [607.3244018554688, -779.2808837890625, 329.59002685546875, 95.08687591552734, -125.63137817382812, 456.77789306640625, -64.37351989746094, 103.9967041015625, -43.072471618652344, 34.32530212402344, -24.89698028564453, 59.24224090576172, -85.26537322998047], [-651.5638427734375, 520.6511840820312, -126.27648162841797, 70.0728988647461, 163.08242797851562, -64.37351989746094, 395.9409484863281, -7.2590107917785645, 19.500228881835938, -59.13298797607422, 9.372557640075684, -15.40662956237793, 59.2701301574707], [432.0611877441406, -259.9447937011719, 123.8053207397461, -79.14539337158203, -40.09413528442383, 103.9967041015625, -7.2590107917785645, 191.2422332763672, 12.033981323242188, 57.090084075927734, -19.731693267822266, 46.52794647216797, -56.35968017578125], [-83.05989074707031, 204.82211303710938, -119.11083221435547, 14.933720588684082, 17.99591827392578, -43.072471618652344, 19.500228881835938, 12.033981323242188, 138.32579040527344, 40.303611755371094, 51.1088981628418, -36.539066314697266, 24.204668045043945], [286.2468566894531, -169.87196350097656, 63.37089538574219, -65.81242370605469, 6.698511600494385, 34.32530212402344, -59.13298797607422, 57.090084075927734, 40.303611755371094, 130.29476928710938, 12.347710609436035, 25.062667846679688, -39.666770935058594], [-158.7888641357422, 194.0640106201172, -97.99846649169922, 18.958648681640625, -4.764413833618164, -24.89698028564453, 9.372557640075684, -19.731693267822266, 51.1088981628418, 12.347710609436035, 105.86328887939453, -13.656820297241211, 29.348299026489258], [159.2769775390625, -271.731689453125, 179.9936981201172, -36.98817825317383, -27.25953483581543, 59.24224090576172, -15.40662956237793, 46.52794647216797, -36.539066314697266, 25.062667846679688, -13.656820297241211, 117.44365692138672, -20.693206787109375], [-407.2906799316406, 318.8288269042969, -96.35651397705078, 71.96695709228516, 53.57320022583008, -85.26537322998047, 59.2701301574707, -56.35968017578125, 24.204668045043945, -39.666770935058594, 29.348299026489258, -20.693206787109375, 104.21550750732422]], "lowlevel.gfcc.icov": [[0.0001503204694017768, -0.00026618060655891895, 5.992272053845227e-05, -0.00024591179681010544, 0.00037033649277873337, -0.0002291963464813307, 0.00028406878118403256, -0.00020753507851623, 0.00017328148533124477, -0.00042425619903951883, 0.00047288520727306604, -0.00036857472150586545, 0.0005672587431035936], [-0.00026618060655891895, 0.002070593647658825, -8.350296411663294e-06, 0.0010097953490912914, -0.0016181350219994783, 0.001774941454641521, -0.0015165782533586025, 0.0003480259038042277, -0.0008531244820915163, 0.001805133419111371, -0.0025887410156428814, 0.002457491122186184, -0.002642987295985222], [5.992272053845227e-05, -8.350296411663294e-06, 0.002006684662774205, -0.0006254682666622102, -0.0007657757378183305, -0.0008637864957563579, 0.0007585997809655964, -0.0004877717583440244, 0.0006115416181273758, -0.00026432948652654886, 0.0009549374808557332, -0.002366367494687438, 0.0005572941154241562], [-0.00024591179681010544, 0.0010097953490912914, -0.0006254682666622102, 0.0035323805641382933, -0.0012789415195584297, -0.000344057974871248, -0.0010592577746137977, 0.0014334736624732614, -0.0013192581245675683, 0.002110324800014496, -0.001609553350135684, 0.0022816972341388464, -0.003298392053693533], [0.00037033649277873337, -0.0016181350219994783, -0.0007657757378183305, -0.0012789415195584297, 0.004828370176255703, -0.00024610027321614325, -0.00018624562653712928, -0.00011386636469978839, 0.0010330767836421728, -0.0033918130211532116, 0.00258561410009861, -0.00058945850469172, 0.0015576787991449237], [-0.0002291963464813307, 0.001774941454641521, -0.0008637864957563579, -0.000344057974871248, -0.00024610027321614325, 0.005590519867837429, -0.0015853873919695616, -0.0010556286433711648, 4.3474828999023885e-06, 0.0011155984830111265, -0.0028725264128297567, 0.0023684336338192225, -0.0001528379216324538], [0.00028406878118403256, -0.0015165782533586025, 0.0007585997809655964, -0.0010592577746137977, -0.00018624562653712928, -0.0015853873919695616, 0.004903976805508137, -0.0014406484551727772, 0.00019613379845395684, 0.0005143003072589636, 0.0020916529465466738, -0.0029818073380738497, 0.0013823661720380187], [-0.00020753507851623, 0.0003480259038042277, -0.0004877717583440244, 0.0014334736624732614, -0.00011386636469978839, -0.0010556286433711648, -0.0014406484551727772, 0.008752044290304184, -0.0025743884034454823, -0.0010168264852836728, 0.0007258463301695883, -0.0011511415941640735, 0.0012085125781595707], [0.00017328148533124477, -0.0008531244820915163, 0.0006115416181273758, -0.0013192581245675683, 0.0010330767836421728, 4.3474828999023885e-06, 0.00019613379845395684, -0.0025743884034454823, 0.01291398610919714, -0.00588837917894125, -0.0027052522636950016, 0.0024597453884780407, -0.0012579957256093621], [-0.00042425619903951883, 0.001805133419111371, -0.00026432948652654886, 0.002110324800014496, -0.0033918130211532116, 0.0011155984830111265, 0.0005143003072589636, -0.0010168264852836728, -0.00588837917894125, 0.015364171005785465, -0.004029612988233566, -0.00042634207056835294, 0.0011973943328484893], [0.00047288520727306604, -0.0025887410156428814, 0.0009549374808557332, -0.001609553350135684, 0.00258561410009861, -0.0028725264128297567, 0.0020916529465466738, 0.0007258463301695883, -0.0027052522636950016, -0.004029612988233566, 0.01642172411084175, -0.004485115874558687, 0.0008653440745547414], [-0.00036857472150586545, 0.002457491122186184, -0.002366367494687438, 0.0022816972341388464, -0.00058945850469172, 0.0023684336338192225, -0.0029818073380738497, -0.0011511415941640735, 0.0024597453884780407, -0.00042634207056835294, -0.004485115874558687, 0.017149481922388077, -0.0054734633304178715], [0.0005672587431035936, -0.002642987295985222, 0.0005572941154241562, -0.003298392053693533, 0.0015576787991449237, -0.0001528379216324538, 0.0013823661720380187, 0.0012085125781595707, -0.0012579957256093621, 0.0011973943328484893, 0.0008653440745547414, -0.0054734633304178715, 0.021050196141004562]], "lowlevel.mfcc.cov": [[8674.490234375, -1342.6302490234375, 609.163818359375, -768.72705078125, -122.40258026123047, -145.09542846679688, -302.7267761230469, 23.60219955444336, -159.37416076660156, 176.74014282226562, 156.95700073242188, 129.27125549316406, 79.73416900634766], [-1342.6302490234375, 2667.004638671875, -1042.6685791015625, 596.01220703125, -181.9672393798828, -165.35365295410156, 81.90213775634766, -117.22844696044922, 144.31594848632812, -54.76128005981445, -5.778355598449707, 4.060389995574951, 114.8165283203125], [609.163818359375, -1042.6685791015625, 974.05712890625, -215.57449340820312, 204.24374389648438, 114.68867492675781, 28.65328025817871, 113.48457336425781, -37.040740966796875, -9.730486869812012, -25.12706756591797, 11.968011856079102, -28.629106521606445], [-768.72705078125, 596.01220703125, -215.57449340820312, 603.4136962890625, 29.448545455932617, 92.17843627929688, 87.57576751708984, 4.778129577636719, 80.56999969482422, -17.706247329711914, -55.47514724731445, -32.673377990722656, 2.7396323680877686], [-122.40258026123047, -181.9672393798828, 204.24374389648438, 29.448545455932617, 331.99737548828125, 72.86066436767578, -8.294710159301758, -25.955047607421875, -21.679553985595703, 42.73759841918945, -1.288601040840149, -20.7430419921875, -0.11941328644752502], [-145.09542846679688, -165.35365295410156, 114.68867492675781, 92.17843627929688, 72.86066436767578, 231.884765625, 97.26461791992188, 48.84177017211914, 23.544082641601562, 8.767560958862305, -4.46187162399292, 0.8657976984977722, -24.7972412109375], [-302.7267761230469, 81.90213775634766, 28.65328025817871, 87.57576751708984, -8.294710159301758, 97.26461791992188, 201.9716796875, 101.16523742675781, 55.716583251953125, -5.467051029205322, 5.100847244262695, 13.226314544677734, -10.502313613891602], [23.60219955444336, -117.22844696044922, 113.48457336425781, 4.778129577636719, -25.955047607421875, 48.84177017211914, 101.16523742675781, 165.47628784179688, 48.19866180419922, -3.5954506397247314, 8.451790809631348, 13.166450500488281, -6.7701802253723145], [-159.37416076660156, 144.31594848632812, -37.040740966796875, 80.56999969482422, -21.679553985595703, 23.544082641601562, 55.716583251953125, 48.19866180419922, 116.30551147460938, 22.98344612121582, 7.121394634246826, 16.911958694458008, 6.1153244972229], [176.74014282226562, -54.76128005981445, -9.730486869812012, -17.706247329711914, 42.73759841918945, 8.767560958862305, -5.467051029205322, -3.5954506397247314, 22.98344612121582, 114.23272705078125, 47.24033737182617, 20.779327392578125, 11.83531379699707], [156.95700073242188, -5.778355598449707, -25.12706756591797, -55.47514724731445, -1.288601040840149, -4.46187162399292, 5.100847244262695, 8.451790809631348, 7.121394634246826, 47.24033737182617, 101.09858703613281, 31.56586456298828, 13.582620620727539], [129.27125549316406, 4.060389995574951, 11.968011856079102, -32.673377990722656, -20.7430419921875, 0.8657976984977722, 13.226314544677734, 13.166450500488281, 16.911958694458008, 20.779327392578125, 31.56586456298828, 77.3719253540039, 32.68314743041992], [79.73416900634766, 114.8165283203125, -28.629106521606445, 2.7396323680877686, -0.11941328644752502, -24.7972412109375, -10.502313613891602, -6.7701802253723145, 6.1153244972229, 11.83531379699707, 13.582620620727539, 32.68314743041992, 84.91506958007812]], "lowlevel.mfcc.icov": [[0.00015122414333745837, 1.589120802236721e-05, -8.596066618338227e-05, 7.326872582780197e-05, 0.00014759987243451178, -1.7049607777153142e-05, 0.0002202203613705933, -0.00010280294372932985, 0.0001471558352932334, -0.00024181265325751156, -7.394675048999488e-05, -7.784416811773553e-05, -0.00011566538159968331], [1.589120802236721e-05, 0.0009893031092360616, 0.000761370756663382, -0.0005974682862870395, -0.00014841202937532216, 0.0007362287724390626, -0.0007003341452218592, 0.0005851722089573741, -0.0007140886737033725, 0.0007573635084554553, -0.00026079619419761, -3.722144174389541e-05, -0.0008998854900710285], [-8.596066618338227e-05, 0.000761370756663382, 0.0023825124371796846, 0.00020895733905490488, -0.0013878485187888145, -3.1382493034470826e-05, -0.0002721344935707748, -0.0010041700443252921, -0.00029911717865616083, 0.0011348356492817402, 0.0007240682025440037, -0.0007667261525057256, -0.00023441358644049615], [7.326872582780197e-05, -0.0005974682862870395, 0.00020895733905490488, 0.0029584148433059454, -0.00038829114055261016, -0.001358323497697711, -8.454997441731393e-05, -0.0001258524280274287, -0.001007106271572411, -0.00019407470244914293, 0.0013972626766189933, 0.0008386047556996346, -0.00015033336239866912], [0.00014759987243451178, -0.00014841202937532216, -0.0013878485187888145, -0.00038829114055261016, 0.004713667090982199, -0.0011572189396247268, 0.00028456206200644374, 0.0012454161187633872, 0.0009567207307554781, -0.0024020751006901264, -0.0002777146000880748, 0.00178579764906317, -0.000967144500464201], [-1.7049607777153142e-05, 0.0007362287724390626, -3.1382493034470826e-05, -0.001358323497697711, -0.0011572189396247268, 0.007166624069213867, -0.0032887388952076435, 0.0004930254071950912, -0.00023587695613969117, 5.673653868143447e-05, -0.0001479252241551876, -0.0008796695619821548, 0.0011488471645861864], [0.0002202203613705933, -0.0007003341452218592, -0.0002721344935707748, -8.454997441731393e-05, 0.00028456206200644374, -0.0032887388952076435, 0.010189644992351532, -0.005147609394043684, -0.0007837520097382367, 0.00025114711024798453, -0.0005524990847334266, -0.0012219017371535301, 0.0011211074888706207], [-0.00010280294372932985, 0.0005851722089573741, -0.0010041700443252921, -0.0001258524280274287, 0.0012454161187633872, 0.0004930254071950912, -0.005147609394043684, 0.011356876231729984, -0.0034149528946727514, 0.0010439614998176694, -0.001167480950243771, 0.0007160830427892506, -0.0006030969088897109], [0.0001471558352932334, -0.0007140886737033725, -0.00029911717865616083, -0.001007106271572411, 0.0009567207307554781, -0.00023587695613969117, -0.0007837520097382367, -0.0034149528946727514, 0.013305400498211384, -0.003976899199187756, 0.0009214000310748816, -0.002068962436169386, 0.0005672932602465153], [-0.00024181265325751156, 0.0007573635084554553, 0.0011348356492817402, -0.00019407470244914293, -0.0024020751006901264, 5.673653868143447e-05, 0.00025114711024798453, 0.0010439614998176694, -0.003976899199187756, 0.013735035434365273, -0.005217623431235552, -0.0011888382723554969, -0.000616439909208566], [-7.394675048999488e-05, -0.00026079619419761, 0.0007240682025440037, 0.0013972626766189933, -0.0002777146000880748, -0.0001479252241551876, -0.0005524990847334266, -0.001167480950243771, 0.0009214000310748816, -0.005217623431235552, 