{"song_id": "1182284420007350312", "download": "https://cdn.discordapp.com/attachments/1135911532732108921/1182284420007350312/chirp.mp4?ex=6584232b&amp", "lyrics": "[verse]\nIn neon streets, the battle cries ignite\nAmidst the smoke, we're soldiers of the night\nSynths pulsate, echoing the fight\nOur hearts beat loud, daring dreams take flight\n\n[chorus]\nWar of stars, on an electric tide we glide\nBlade of hope, cutting through the darkest side\nAs we dance with shadows, guided by our pride\nIn this synthwave war, we won't be denied", "style": ["synthwave"], "essentia_features": {"lowlevel.average_loudness": 0.9878091812133789, "lowlevel.barkbands_crest.mean": 10.644695281982422, "lowlevel.barkbands_crest.stdev": 5.78328800201416, "lowlevel.barkbands_flatness_db.mean": 0.08599092811346054, "lowlevel.barkbands_flatness_db.stdev": 0.04060765355825424, "lowlevel.barkbands_kurtosis.mean": 1.1230731010437012, "lowlevel.barkbands_kurtosis.stdev": 4.042801380157471, "lowlevel.barkbands_skewness.mean": 1.1498446464538574, "lowlevel.barkbands_skewness.stdev": 1.0146631002426147, "lowlevel.barkbands_spread.mean": 40.39591598510742, "lowlevel.barkbands_spread.stdev": 13.506610870361328, "lowlevel.dissonance.mean": 0.49033403396606445, "lowlevel.dissonance.stdev": 0.0071625174023211, "lowlevel.dynamic_complexity": 0.8912710547447205, "lowlevel.erbbands_crest.mean": 7.701762676239014, "lowlevel.erbbands_crest.stdev": 3.570692539215088, "lowlevel.erbbands_flatness_db.mean": 0.11636612564325333, "lowlevel.erbbands_flatness_db.stdev": 0.023050008341670036, "lowlevel.erbbands_kurtosis.mean": 0.9563256502151489, "lowlevel.erbbands_kurtosis.stdev": 1.7356802225112915, "lowlevel.erbbands_skewness.mean": -0.47646036744117737, "lowlevel.erbbands_skewness.stdev": 0.4302636981010437, "lowlevel.erbbands_spread.mean": 37.24110412597656, "lowlevel.erbbands_spread.stdev": 14.565892219543457, "lowlevel.hfc.mean": 43.60273742675781, "lowlevel.hfc.stdev": 14.271421432495117, "lowlevel.loudness_ebu128.integrated": -10.220174789428711, "lowlevel.loudness_ebu128.loudness_range": 0.2825584411621094, "lowlevel.loudness_ebu128.momentary.mean": -10.2409029006958, "lowlevel.loudness_ebu128.momentary.stdev": 0.4325665831565857, "lowlevel.loudness_ebu128.short_term.mean": -10.192501068115234, "lowlevel.loudness_ebu128.short_term.stdev": 0.1068025752902031, "lowlevel.melbands_crest.mean": 17.88045310974121, "lowlevel.melbands_crest.stdev": 8.364625930786133, "lowlevel.melbands_flatness_db.mean": 0.14795050024986267, "lowlevel.melbands_flatness_db.stdev": 0.05388238653540611, "lowlevel.melbands_kurtosis.mean": 11.095787048339844, "lowlevel.melbands_kurtosis.stdev": 16.705080032348633, "lowlevel.melbands_skewness.mean": 2.784179449081421, "lowlevel.melbands_skewness.stdev": 1.7257664203643799, "lowlevel.melbands_spread.mean": 39.11339569091797, "lowlevel.melbands_spread.stdev": 19.689607620239258, "lowlevel.pitch_salience.mean": 0.5380825996398926, "lowlevel.pitch_salience.stdev": 0.17593537271022797, "lowlevel.silence_rate_20dB.mean": 1.0, "lowlevel.silence_rate_20dB.stdev": 0.0, "lowlevel.silence_rate_30dB.mean": 1.0, "lowlevel.silence_rate_30dB.stdev": 0.0, "lowlevel.silence_rate_60dB.mean": 0.0022421525791287422, "lowlevel.silence_rate_60dB.stdev": 0.047298043966293335, "lowlevel.spectral_centroid.mean": 2166.100830078125, "lowlevel.spectral_centroid.stdev": 421.9748840332031, "lowlevel.spectral_complexity.mean": 38.958518981933594, "lowlevel.spectral_complexity.stdev": 5.839737415313721, "lowlevel.spectral_decrease.mean": -1.189113163491129e-08, "lowlevel.spectral_decrease.stdev": 6.1335243550786345e-09, "lowlevel.spectral_energy.mean": 0.04883477836847305, "lowlevel.spectral_energy.stdev": 0.023075707256793976, "lowlevel.spectral_energyband_high.mean": 0.00241543329320848, "lowlevel.spectral_energyband_high.stdev": 0.0013892855495214462, "lowlevel.spectral_energyband_low.mean": 0.023968636989593506, "lowlevel.spectral_energyband_low.stdev": 0.025706524029374123, "lowlevel.spectral_energyband_middle_high.mean": 0.011242046020925045, "lowlevel.spectral_energyband_middle_high.stdev": 0.005670822225511074, "lowlevel.spectral_energyband_middle_low.mean": 0.010119768790900707, "lowlevel.spectral_energyband_middle_low.stdev": 0.011788670904934406, "lowlevel.spectral_entropy.mean": 8.098997116088867, "lowlevel.spectral_entropy.stdev": 0.15612253546714783, "lowlevel.spectral_flux.mean": 0.14285242557525635, "lowlevel.spectral_flux.stdev": 0.04436381161212921, "lowlevel.spectral_kurtosis.mean": 3.271509885787964, "lowlevel.spectral_kurtosis.stdev": 1.2210007905960083, "lowlevel.spectral_rms.mean": 0.006717033218592405, "lowlevel.spectral_rms.stdev": 0.0015890584327280521, "lowlevel.spectral_rolloff.mean": 2167.34619140625, "lowlevel.spectral_rolloff.stdev": 1326.4515380859375, "lowlevel.spectral_skewness.mean": 1.3722515106201172, "lowlevel.spectral_skewness.stdev": 0.23889809846878052, "lowlevel.spectral_spread.mean": 5018000.0, "lowlevel.spectral_spread.stdev": 845235.3125, "lowlevel.spectral_strongpeak.mean": 0.5159772634506226, "lowlevel.spectral_strongpeak.stdev": 0.7334416508674622, "lowlevel.zerocrossingrate.mean": 0.08287424594163895, "lowlevel.zerocrossingrate.stdev": 0.029518717899918556, "metadata.audio_properties.analysis.equal_loudness": 0.0, "metadata.audio_properties.analysis.length": 20.671995162963867, "metadata.audio_properties.analysis.sample_rate": 44100.0, "metadata.audio_properties.analysis.start_time": 0.0, "metadata.audio_properties.bit_rate": 120269.0, "metadata.audio_properties.length": 20.672000885009766, "metadata.audio_properties.lossless": 0.0, "metadata.audio_properties.number_channels": 1.0, "metadata.audio_properties.replay_gain": -14.822854995727539, "metadata.audio_properties.sample_rate": 48000.0, "rhythm.beats_count": 44.0, "rhythm.beats_loudness.mean": 0.05321608483791351, "rhythm.beats_loudness.stdev": 0.02013871818780899, "rhythm.bpm": 130.12374877929688, "rhythm.bpm_histogram_first_peak_bpm": 129.0, "rhythm.bpm_histogram_first_peak_weight": 0.27906978130340576, "rhythm.bpm_histogram_second_peak_bpm": 0.0, "rhythm.bpm_histogram_second_peak_spread": 0.0, "rhythm.bpm_histogram_second_peak_weight": 0.0, "rhythm.danceability": 2.4111340045928955, "rhythm.onset_rate": 2.465080499649048, "tonal.chords_changes_rate": 0.08948545902967453, "tonal.chords_number_rate": 0.015659954398870468, "tonal.chords_strength.mean": 0.4911448359489441, "tonal.chords_strength.stdev": 0.0641636848449707, "tonal.hpcp_crest.mean": 9.14474105834961, "tonal.hpcp_crest.stdev": 4.354892253875732, "tonal.hpcp_entropy.mean": 2.9044034481048584, "tonal.hpcp_entropy.stdev": 0.680234968662262, "tonal.key_edma.strength": 0.5256209373474121, "tonal.key_krumhansl.strength": 0.5299006104469299, "tonal.key_temperley.strength": 0.539784848690033, "tonal.tuning_diatonic_strength": 0.6255380511283875, "tonal.tuning_equal_tempered_deviation": 0.25222155451774597, "tonal.tuning_frequency": 434.193115234375, "tonal.tuning_nontempered_energy_ratio": 0.9046640992164612, "lowlevel.barkbands.mean": [0.003912681248039007, 0.018998194485902786, 0.002244814531877637, 0.0015585672808811069, 0.00526328245177865, 0.0011738974135369062, 0.0008448479929938912, 0.0005197785212658346, 0.0005742121720686555, 0.0005472998600453138, 0.0007379889721050858, 0.0013163803378120065, 0.0010311900405213237, 0.0013489220291376114, 0.0006994842551648617, 0.0010479259071871638, 0.0028521062340587378, 0.0009082194301299751, 0.0006428970373235643, 0.00044030463322997093, 0.0005312854773364961, 0.0005022750119678676, 0.00038984077400527894, 0.0003491241077426821, 0.0002421516546746716, 0.00015298377547878772, 4.137193172937259e-06], "lowlevel.barkbands.stdev": [0.0033723926171660423, 0.024026015773415565, 0.0026251438539475203, 0.0017696557333692908, 0.009270927868783474, 0.0014553287765011191, 0.001220571342855692, 0.0006566368392668664, 0.0006007565534673631, 0.0007164745475165546, 0.0007074139430187643, 0.0019434234127402306, 0.0012348138261586428, 0.001560042961500585, 0.000966850493568927, 0.0011337432079017162, 0.0024979454465210438, 0.0007298694690689445, 0.00030762224923819304, 0.00024854575167410076, 0.00028950200066901743, 0.0003830360365100205, 0.0003172223223373294, 0.00026929235900752246, 0.00018074351828545332, 0.00011293094576103613, 5.5396099014615174e-06], "lowlevel.erbbands.mean": [0.8424103260040283, 3.087486743927002, 3.109748601913452, 3.7494945526123047, 17.286237716674805, 12.936052322387695, 11.164684295654297, 8.376468658447266, 11.444869041442871, 12.647831916809082, 10.829840660095215, 12.624067306518555, 17.00050163269043, 20.099946975708008, 38.38174819946289, 53.83226013183594, 48.09421920776367, 63.24875259399414, 55.247798919677734, 32.57732009887695, 85.82486724853516, 159.97036743164062, 59.164207458496094, 40.443233489990234, 26.542091369628906, 20.732994079589844, 22.897104263305664, 19.1751651763916, 18.404582977294922, 14.905461311340332, 10.337111473083496, 7.541262149810791, 5.673292636871338, 3.193032741546631, 1.4478600025177002, 0.6840671896934509, 0.28100043535232544, 0.040462542325258255, 0.0008382759988307953, 9.008220513351262e-05], "lowlevel.erbbands.stdev": [1.1624680757522583, 3.8325390815734863, 3.324070930480957, 3.432861089706421, 31.39556312561035, 24.694534301757812, 15.811464309692383, 10.12106990814209, 17.399803161621094, 16.60657501220703, 12.788272857666016, 12.626953125, 22.647205352783203, 19.794172286987305, 40.744590759277344, 80.3331069946289, 56.0309944152832, 70.36988067626953, 67.4049072265625, 32.3555793762207, 84.88040161132812, 139.43450927734375, 45.10540008544922, 19.47920036315918, 12.396416664123535, 11.55955696105957, 12.565972328186035, 11.562368392944336, 13.650309562683105, 12.64609146118164, 8.077937126159668, 5.8937482833862305, 4.485716819763184, 2.506509304046631, 1.0914065837860107, 0.5705230236053467, 0.20739205181598663, 0.030189979821443558, 0.0005982663133181632, 2.8815413315896876e-05], "lowlevel.gfcc.mean": [78.7813491821289, 47.793148040771484, -114.83605194091797, 45.65433883666992, -41.949493408203125, 28.554224014282227, -38.913726806640625, 16.955305099487305, -24.44063377380371, 7.649184703826904, -17.638240814208984, 13.087634086608887, -14.056336402893066], "lowlevel.melbands.mean": [0.006334390956908464, 0.0022919964976608753, 0.0010700701968744397, 0.0012037575943395495, 0.0003891473461408168, 0.0002010146272368729, 0.0001721094158710912, 0.00013336361735127866, 8.707177039468661e-05, 8.084941509878263e-05, 8.419618097832426e-05, 7.684502634219825e-05, 0.0001117350475396961, 0.00015031968359835446, 0.0001233581715496257, 0.00010080582433147356, 0.00012243606033734977, 9.826276800595224e-05, 4.68837606604211e-05, 4.586271825246513e-05, 0.00011470481695141643, 0.00018685015675146133, 8.39687418192625e-05, 3.699461740325205e-05, 3.247202403144911e-05, 2.1989446395309642e-05, 1.500399685028242e-05, 1.3304702406458091e-05, 1.4586399629479274e-05, 1.3203030903241597e-05, 1.0148137334908824e-05, 1.0373310942668468e-05, 9.743702321429737e-06, 7.875913979660254e-06, 6.112256414780859e-06, 5.003427759220358e-06, 4.519017693382921e-06, 4.153631380177103e-06, 3.366134478710592e-06, 2.4386456516367616e-06], "lowlevel.melbands.stdev": [0.008183297701179981, 0.0022989269345998764, 0.00129901641048491, 0.002255649771541357, 0.0005805505206808448, 0.00023934035561978817, 0.00025623064721003175, 0.00017243187176063657, 0.00010438853496452793, 8.085577428573743e-05, 0.00011462433030828834, 8.120046550175175e-05, 0.00011022535181837156, 0.0002245661016786471, 0.00017407184350304306, 0.00011825662659248337, 0.0001459846826037392, 0.00012054843682562932, 5.7584453315939754e-05, 4.763198739965446e-05, 0.00012234757014084607, 0.00017405484686605632, 7.026613457128406e-05, 2.954569754365366e-05, 1.638522371649742e-05, 1.1746386007871479e-05, 7.654422006453387e-06, 8.438832082902081e-06, 8.955883458838798e-06, 7.676484528928995e-06, 6.798142749175895e-06, 7.709470992267597e-06, 8.466139661322813e-06, 7.236184046632843e-06, 4.9890227273863275e-06, 4.0029212868830655e-06, 3.7078877994645154e-06, 3.4602833238750463e-06, 2.6206523671135074e-06, 2.0873094399576075e-06], "lowlevel.melbands128.mean": [0.0022210029419511557, 0.007661119103431702, 0.007976489141583443, 0.004106476437300444, 0.0018596415175125003, 0.0009619056945666671, 0.0005646258941851556, 0.0009380764095112681, 0.002130592940375209, 0.0014198172139003873, 0.0005066440789960325, 0.00040186248952522874, 0.0004142113320995122, 0.00029929447919130325, 0.00016134711040649563, 0.000159982024342753, 0.0002066107845166698, 0.00016265182057395577, 0.0001503157545812428, 0.00015007211186457425, 0.00012318008521106094, 8.704900392331183e-05, 8.426318527199328e-05, 8.421599341090769e-05, 7.75116277509369e-05, 7.900300988694653e-05, 8.870961028151214e-05, 8.99960650713183e-05, 7.683424337301403e-05, 6.729979941155761e-05, 7.936326437629759e-05, 8.908342715585604e-05, 0.00010463946819072589, 0.0001377818116452545, 0.00014348306285683066, 0.00016681311535649002, 0.00013713771477341652, 0.00013447813398670405, 9.995805157814175e-05, 0.0001012573266052641, 0.00010183843551203609, 9.855758980847895e-05, 0.00011570034257601947, 0.00014468526933342218, 0.00012663230882026255, 8.4329629316926e-05, 7.58447204134427e-05, 4.557006468530744e-05, 3.508239387883805e-05, 3.726402064785361e-05, 4.1204919398296624e-05, 5.804501415695995e-05, 9.23856277950108e-05, 0.00013134017353877425, 0.00018741459643933922, 0.00022218949743546546, 0.00016739152488298714, 9.379949187859893e-05, 6.2537808844354e-05, 3.8771740946685895e-05, 3.2981784897856414e-05, 3.7434703699545935e-05, 3.7762889405712485e-05, 3.0076163966441527e-05, 2.5533772713970393e-05, 2.3360076738754287e-05, 1.8828392057912424e-05, 1.6097868865472265e-05, 1.3874046999262646e-05, 1.3939790733275004e-05, 1.2839954251830932e-05, 1.2532464097603224e-05, 1.5687757695559412e-05, 1.4950168406357989e-05, 1.321975105383899e-05, 1.4253444533096626e-05, 1.2586259799718391e-05, 1.1759474546124693e-05, 9.140013389696833e-06, 9.272975148633122e-06, 1.0618628039082978e-05, 1.0494278285477776e-05, 1.0742864105850458e-05, 1.0379972081864253e-05, 8.163410711858887e-06, 7.8910707088653e-06, 7.998395631148014e-06, 7.307433406822383e-06, 5.872060683032032e-06, 5.373836302169366e-06, 5.3449753067980055e-06, 5.038857125327922e-06, 4.276957497495459e-06, 4.457799605006585e-06, 4.614328645402566e-06, 4.556787189358147e-06, 4.022565008199308e-06, 3.7050303944852203e-06, 3.4354843592154793e-06, 3.1571410090691643e-06, 2.946136646642117e-06, 2.2222839106689207e-06, 2.0311015305196634e-06, 1.7038397572832764e-06, 1.5954047967170482e-06, 1.442067400603264e-06, 1.4534430192725267e-06, 1.3282831332617206e-06, 1.0566169521553093e-06, 1.0812851769514964e-06, 1.1198172842341592e-06, 9.274477292819938e-07, 9.327332008979283e-07, 8.62949548263714e-07, 6.361068471960607e-07, 5.138775804880424e-07, 1.6221358123402752e-07, 2.013071132012101e-08, 8.025728692739875e-11, 1.2324446151124047e-11, 1.200582775556791e-11, 1.1646754741190257e-11, 1.1325115324700707e-11, 1.0816332204899304e-11, 9.313299263735697e-12, 7.093059646579025e-12, 5.913257297013308e-12, 5.715215627144499e-12], "lowlevel.melbands128.stdev": [0.0028074034489691257, 0.010935318656265736, 0.010902824811637402, 0.005077811423689127, 0.002183110686019063, 0.0011226662900298834, 0.0006527404766529799, 0.0012340957764536142, 0.004015329293906689, 0.003081375965848565, 0.0011497081723064184, 0.0008248274680227041, 0.000625280779786408, 0.0004578431253321469, 0.0002330052957404405, 0.00024512610980309546, 0.00035962273250333965, 0.00031613826286047697, 0.0002730023697949946, 0.00022784856264479458, 0.00018950575031340122, 0.00013731415674556047, 0.00013082010264042765, 0.00013733250671066344, 0.00010699877748265862, 8.88526119524613e-05, 0.00015310246089939028, 0.00016066347598098218, 0.00012976903235539794, 9.922692697728053e-05, 9.370521729579195e-05, 0.0001049637357937172, 0.00012469050125218928, 0.0001925457763718441, 0.00023601464636158198, 0.000338635960360989, 0.0002741504868026823, 0.0002310613781446591, 0.00016362578026019037, 0.00016543037781957537, 0.00013935226888861507, 0.00014464851119555533, 0.00016562224482186139, 0.000217218796024099, 0.00017992315406445414, 0.00013167985889595002, 0.00015415959933307022, 5.897135997656733e-05, 4.877022365690209e-05, 4.627855742000975e-05, 4.9839985877042636e-05, 7.037113391561434e-05, 0.00011868097499245778, 0.00018611074483487755, 0.00022437133884523064, 0.0002569926728028804, 0.00018740403174888343, 0.00010011518315877765, 7.148400618461892e-05, 4.787856960319914e-05, 3.45578882843256e-05, 2.922968087659683e-05, 2.5653158445493318e-05, 2.0482355466810986e-05, 1.7374424714944325e-05, 1.8044271200778894e-05, 1.2692598829744384e-05, 1.0850538274098653e-05, 9.691777449916117e-06, 9.600336852599867e-06, 1.116034673032118e-05, 1.0029298209701665e-05, 1.2714717740891501e-05, 1.1277985322522e-05, 9.207905350194778e-06, 1.007903028948931e-05, 9.085436431632843e-06, 1.0094000572280493e-05, 6.960808150324738e-06, 8.515442459611222e-06, 8.632144272269215e-06, 9.534880518913269e-06, 1.0483087862667162e-05, 1.0441676749906037e-05, 7.701679351157509e-06, 7.681936040171422e-06, 8.833871106617153e-06, 7.636777809238993e-06, 5.056771442468744e-06, 4.863995400228305e-06, 5.041593340138206e-06, 4.443844318302581e-06, 4.020241249236278e-06, 4.2733640839287546e-06, 4.023697783850366e-06, 4.579464530252153e-06, 3.805222377195605e-06, 3.2411944630439393e-06, 3.059261871385388e-06, 2.8883998766104924e-06, 2.518666633477551e-06, 2.584805542937829e-06, 1.8782720871968195e-06, 1.484534209339472e-06, 1.4893828392814612e-06, 1.3822058235746226e-06, 1.3178027984395158e-06, 1.3419794413493946e-06, 1.1423272781030391e-06, 1.17431136459345e-06, 1.0660801308404189e-06, 8.383352678720257e-07, 8.190034463950724e-07, 7.30075271349051e-07, 5.251021661933919e-07, 4.88373530060926e-07, 1.9170528275935794e-07, 3.6642372691630953e-08, 1.4257196534472882e-09, 5.968938537881385e-11, 5.892645399407925e-11, 5.807049979766887e-11, 5.6969932243911003e-11, 5.333342795177387e-11, 3.859739264311379e-11, 1.5908083877969048e-11, 7.218430280592214e-12, 6.9785956527401716e-12], "lowlevel.mfcc.mean": [-563.3510131835938, 79.9720458984375, -5.189411640167236, 24.378238677978516, 19.201799392700195, 14.67020034790039, 5.226076602935791, 12.247989654541016, 3.520211935043335, -3.2080979347229004, 2.6404387950897217, 8.033470153808594, 0.6933324337005615], "lowlevel.spectral_contrast_coeffs.mean": [-0.7362661361694336, -0.8139336705207825, -0.8144403696060181, -0.8050795197486877, -0.7824257612228394, -0.7473057508468628], "lowlevel.spectral_contrast_coeffs.stdev": [0.08787775784730911, 0.046889323741197586, 0.03767295926809311, 0.03614066168665886, 0.030089441686868668, 0.0243209358304739], "lowlevel.spectral_contrast_valleys.mean": [-6.217752456665039, -6.432485103607178, -6.582028388977051, -6.565384387969971, -6.4318928718566895, -9.024653434753418], "lowlevel.spectral_contrast_valleys.stdev": [0.4355364143848419, 0.498334139585495, 0.4715241491794586, 0.38246819376945496, 0.32437586784362793, 0.4086405038833618], "rhythm.beats_loudness_band_ratio.mean": [0.6190118193626404, 0.13666461408138275, 0.047549132257699966, 0.10236864537000656, 0.1257161647081375, 0.056240521371364594], "rhythm.beats_loudness_band_ratio.stdev": [0.19521649181842804, 0.15399770438671112, 0.044151220470666885, 0.08433156460523605, 0.06452995538711548, 0.037058841437101364], "tonal.hpcp.mean": [0.13289134204387665, 0.09078488498926163, 0.07334444671869278, 0.07630597800016403, 0.06871331483125687, 0.06085801497101784, 0.06101185083389282, 0.060175471007823944, 0.0690351128578186, 0.08090070635080338, 0.09012288600206375, 0.11406385898590088, 0.16145537793636322, 0.20271216332912445, 0.18914887309074402, 0.15155450999736786, 0.13150626420974731, 0.13629943132400513, 0.17039088904857635, 0.17492064833641052, 0.1349421590566635, 0.09694414585828781, 0.0794309675693512, 0.07684245705604553, 0.08808456361293793, 0.09538149833679199, 0.09967512637376785, 0.15667985379695892, 0.2060907930135727, 0.20812779664993286, 0.2161182463169098, 0.2367195039987564, 0.238225519657135, 0.2503485381603241, 0.2785889506340027, 0.21915745735168457], "tonal.hpcp.stdev": [0.22826363146305084, 0.18738290667533875, 0.1608542501926422, 0.17237117886543274, 0.1470685750246048, 0.13770022988319397, 0.12966740131378174, 0.12168467044830322, 0.14317263662815094, 0.15482638776302338, 0.14974793791770935, 0.20270340144634247, 0.23764953017234802, 0.27639099955558777, 0.25565582513809204, 0.22422809898853302, 0.18643465638160706, 0.17622791230678558, 0.21300463378429413, 0.22086495161056519, 0.18708708882331848, 0.1614847332239151, 0.1384107917547226, 0.12346858531236649, 0.15767572820186615, 0.1843881607055664, 0.17055992782115936, 0.2579810321331024, 0.29896166920661926, 0.2938573658466339, 0.3135888874530792, 0.30951642990112305, 0.32220104336738586, 0.3022114932537079, 0.32090893387794495, 0.294581800699234], "rhythm.beats_position": [0.41795918345451355, 0.8707482814788818, 1.3235373497009277, 1.7763265371322632, 2.240725517272949, 2.705124616622925, 3.1579136848449707, 3.6223127841949463, 4.086711883544922, 4.551111221313477, 5.015510082244873, 5.479909420013428, 5.944308280944824, 6.408707141876221, 6.861496448516846, 7.3258957862854, 7.778684616088867, 8.243083953857422, 8.707483291625977, 9.160271644592285, 9.61306095123291, 10.077460289001465, 10.54185962677002, 11.006258010864258, 11.470657348632812, 11.935056686401367, 12.399456024169922, 12.85224437713623, 13.316643714904785, 13.78104305267334, 14.233832359313965, 14.698230743408203, 15.162630081176758, 15.627029418945312, 16.091428756713867, 16.555828094482422, 17.020225524902344, 17.47301483154297, 17.937414169311523, 18.39020347595215, 18.854602813720703, 19.319002151489258, 19.783401489257812, 20.247800827026367], "rhythm.bpm_histogram": [0.0, 0.0, 0.0, 0.0, 0.0, 0.0, 0.0, 0.0, 0.0, 0.0, 0.0, 0.0, 0.0, 0.0, 0.0, 0.0, 0.0, 0.0, 0.0, 0.0, 0.0, 0.0, 0.0, 0.0, 0.0, 0.0, 0.0, 0.0, 0.0, 0.0, 0.0, 0.0, 0.0, 0.0, 0.0, 0.0, 0.0, 0.0, 0.0, 0.0, 0.0, 0.0, 0.0, 0.0, 0.0, 0.0, 0.0, 0.0, 0.0, 0.0, 0.0, 0.0, 0.0, 0.0, 0.0, 0.0, 0.0, 0.0, 0.0, 0.0, 0.0, 0.0, 0.0, 0.0, 0.0, 0.0, 0.0, 0.0, 0.0, 0.0, 0.0, 0.0, 0.0, 0.0, 0.0, 0.0, 0.0, 0.0, 0.0, 0.0, 0.0, 0.0, 0.0, 0.0, 0.0, 0.0, 0.0, 0.0, 0.0, 0.0, 0.0, 0.0, 0.0, 0.0, 0.0, 0.0, 0.0, 0.0, 0.0, 0.0, 0.0, 0.0, 0.0, 0.0, 0.0, 0.0, 0.0, 0.0, 0.0, 0.0, 0.0, 0.0, 0.0, 0.0, 0.0, 0.0, 0.0, 0.0, 0.0, 0.0, 0.0, 0.0, 0.0, 0.0, 0.0, 0.0, 0.0, 0.0, 0.0, 0.7209302186965942, 0.0, 0.0, 0.0, 0.27906978130340576, 0.0, 0.0, 0.0, 0.0, 0.0, 0.0, 0.0, 0.0, 0.0, 0.0, 0.0, 0.0, 0.0, 0.0, 0.0, 0.0, 0.0, 0.0, 0.0, 0.0, 0.0, 0.0, 0.0, 0.0, 0.0, 0.0, 0.0, 0.0, 0.0, 0.0, 0.0, 0.0, 0.0, 0.0, 0.0, 0.0, 0.0, 0.0, 0.0, 0.0, 0.0, 0.0, 0.0, 0.0, 0.0, 0.0, 0.0, 0.0, 0.0, 0.0, 0.0, 0.0, 0.0, 0.0, 0.0, 0.0, 0.0, 0.0, 0.0, 0.0, 0.0, 0.0, 0.0, 0.0, 0.0, 0.0, 0.0, 0.0, 0.0, 0.0, 0.0, 0.0, 0.0, 0.0, 0.0, 0.0, 0.0, 0.0, 0.0, 0.0, 0.0, 0.0, 0.0, 0.0, 0.0, 0.0, 0.0, 0.0, 0.0, 0.0, 0.0, 0.0, 0.0, 0.0, 0.0, 0.0, 0.0, 0.0, 0.0, 0.0, 0.0, 0.0, 0.0, 0.0, 0.0, 0.0, 0.0, 0.0, 0.0, 0.0, 0.0, 0.0, 0.0, 0.0, 0.0, 0.0], "tonal.chords_histogram": [25.27964210510254, 4.026845455169678, 2.6845638751983643, 0.0, 0.0, 0.0, 0.0, 0.0, 0.0, 9.172259330749512, 0.0, 0.0, 0.0, 0.0, 2.9082775115966797, 0.0, 0.0, 0.0, 0.0, 0.0, 0.0, 4.697986602783203, 0.0, 51.23042678833008], "tonal.thpcp": [1.0, 0.7866696119308472, 0.4770158529281616, 0.3258739709854126, 0.2632712125778198, 0.27390167117118835, 0.2466476708650589, 0.21845093369483948, 0.2190031260251999, 0.21600092947483063, 0.2478027641773224, 0.29039451479911804, 0.3234977126121521, 0.4094342589378357, 0.5795469284057617, 0.7276389002799988, 0.678953230381012, 0.5440075993537903, 0.47204408049583435, 0.48924922943115234, 0.6116211414337158, 0.6278808116912842, 0.48437729477882385, 0.3479827344417572, 0.28511887788772583, 0.2758273780345917, 0.31618112325668335, 0.3423735797405243, 0.3577856421470642, 0.5624051094055176, 0.7397665977478027, 0.7470784187316895, 0.775760293006897, 0.8497088551521301, 0.855114758014679, 0.8986305594444275], "lowlevel.gfcc.cov": [[1109.8370361328125, 73.24016571044922, 4.008971691131592, -46.675254821777344, -74.17089080810547, -73.92280578613281, -98.86196899414062, -64.75898742675781, -44.73097229003906, -29.354684829711914, -26.891992568969727, -0.5097042322158813, -42.24628829956055], [73.24016571044922, 209.86065673828125, -36.15599060058594, -17.377307891845703, -2.9683167934417725, -39.48551559448242, 4.421290397644043, -16.260986328125, -8.141425132751465, -21.677560806274414, 7.454196929931641, -8.69459056854248, 11.955113410949707], [4.008971691131592, -36.15599060058594, 155.60903930664062, 75.13516998291016, -12.119792938232422, 0.8478748798370361, -3.693781852722168, 1.8294103145599365, -0.5737289786338806, 16.311431884765625, 8.728968620300293, 16.789867401123047, 7.486053466796875], [-46.675254821777344, -17.377307891845703, 75.13516998291016, 139.37506103515625, 32.200313568115234, 30.350080490112305, 15.08574104309082, 12.8514986038208, 36.93587875366211, 27.527536392211914, 12.270881652832031, -2.275298833847046, 26.54483413696289], [-74.17089080810547, -2.9683167934417725, -12.119792938232422, 32.200313568115234, 189.55023193359375, 93.85991668701172, 99.91921997070312, 95.91410064697266, 107.55022430419922, 66.10459899902344, 39.348365783691406, 28.545686721801758, 22.04813575744629], [-73.92280578613281, -39.48551559448242, 0.8478748798370361, 30.350080490112305, 93.85991668701172, 136.42640686035156, 128.52621459960938, 80.3598861694336, 51.562923431396484, 31.486234664916992, 38.60887145996094, 19.813215255737305, 14.736319541931152], [-98.86196899414062, 4.421290397644043, -3.693781852722168, 15.08574104309082, 99.91921997070312, 128.52621459960938, 194.65121459960938, 123.9387435913086, 71.43209075927734, 39.31407928466797, 63.77888870239258, 44.49921417236328, 22.352149963378906], [-64.75898742675781, -16.260986328125, 1.8294103145599365, 12.8514986038208, 95.91410064697266, 80.3598861694336, 123.9387435913086, 135.74928283691406, 103.76531219482422, 64.11468505859375, 59.01359176635742, 47.289737701416016, 21.27096939086914], [-44.73097229003906, -8.141425132751465, -0.5737289786338806, 36.93587875366211, 107.55022430419922, 51.562923431396484, 71.43209075927734, 103.76531219482422, 152.02244567871094, 100.36589813232422, 55.38542938232422, 33.82927322387695, 25.485849380493164], [-29.354684829711914, -21.677560806274414, 16.311431884765625, 27.527536392211914, 66.10459899902344, 31.486234664916992, 39.31407928466797, 64.11468505859375, 100.36589813232422, 102.63545989990234, 55.681190490722656, 31.55275535583496, 19.98296546936035], [-26.891992568969727, 7.454196929931641, 8.728968620300293, 12.270881652832031, 39.348365783691406, 38.60887145996094, 63.77888870239258, 59.01359176635742, 55.38542938232422, 55.681190490722656, 81.46634674072266, 53.9870719909668, 23.739591598510742], [-0.5097042322158813, -8.69459056854248, 16.789867401123047, -2.275298833847046, 28.545686721801758, 19.813215255737305, 44.49921417236328, 47.289737701416016, 33.82927322387695, 31.55275535583496, 53.9870719909668, 68.55634307861328, 29.252197265625], [-42.24628829956055, 11.955113410949707, 7.486053466796875, 26.54483413696289, 22.04813575744629, 14.736319541931152, 22.352149963378906, 21.27096939086914, 25.485849380493164, 19.98296546936035, 23.739591598510742, 29.252197265625, 54.16323471069336]], "lowlevel.gfcc.icov": [[0.0010739668505266309, -0.0008109447080641985, -4.600338434102014e-05, 2.8805854412894405e-07, 0.00046804657904431224, -0.0009524989873170853, 0.0010046071838587523, 9.393343134433962e-06, -0.0002005070709856227, -0.0003322047123219818, 0.0010213361820206046, -0.0018231450812891126, 0.00142713135574013], [-0.0008109447080641985, 0.00859393272548914, 0.0002399220538791269, 0.0010896854801103473, -0.002855527214705944, 0.008738728240132332, -0.006235798355191946, 0.003479941748082638, -0.002139492193236947, 0.0054801711812615395, -0.008007987402379513, 0.008410005830228329, -0.005152321420609951], [-4.600338434102014e-05, 0.0002399220538791269, 0.011512136086821556, -0.008112745359539986, 0.0016472021816298366, 0.000718470080755651, -0.00017856292834039778, -0.0019870325922966003, 0.004901003558188677, -0.005329575389623642, 0.0047690607607364655, -0.007958181202411652, 0.0041519771330058575], [2.8805854412894405e-07, 0.0010896854801103473, -0.008112745359539986, 0.015270275063812733, -0.001427811454050243, -0.0021222569048404694, 0.0003431776713114232, 0.0037678033113479614, -0.006225774064660072, 0.004311470780521631, -0.005995131563395262, 0.010589423589408398, -0.008818143047392368], [0.00046804657904431224, -0.002855527214705944, 0.0016472021816298366, -0.001427811454050243, 0.013347127474844456, -0.009029039181768894, 0.0019798141438513994, -0.00141649111174047, -0.005696944426745176, -0.002868520561605692, 0.007387569639831781, -0.006770494859665632, 0.0023876139894127846], [-0.0009524989873170853, 0.008738728240132332, 0.000718470080755651, -0.0021222569048404694, -0.009029039181768894, 0.033461347222328186, -0.0210869237780571, 0.003441738663241267, 0.0027954401448369026, 0.002840395551174879, -0.009445284493267536, 0.013213814236223698, -0.005168816540390253], [0.0010046071838587523, -0.006235798355191946, -0.00017856292834039778, 0.0003431776713114232, 0.0019798141438513994, -0.0210869237780571, 0.030217742547392845, -0.01905048079788685, 0.0042768619023263454, 0.002348007634282112, -0.0022773912642151117, -0.004369542468339205, 0.0024382653646171093], [9.393343134433962e-06, 0.003479941748082638, -0.0019870325922966003, 0.0037678033113479614, -0.00141649111174047, 0.003441738663241267, -0.01905048079788685, 0.0398101843893528, -0.020817376673221588, 0.004874677397310734, -0.0009990088874474168, -0.006192313041538, 0.001314107677899301], [-0.0002005070709856227, -0.002139492193236947, 0.004901003558188677, -0.006225774064660072, -0.005696944426745176, 0.0027954401448369026, 0.0042768619023263454, -0.020817376673221588, 0.03831063210964203, -0.025669744238257408, 0.0048149568028748035, 0.000766243610996753, -0.00042167658102698624], [-0.0003322047123219818, 0.0054801711812615395, -0.005329575389623642, 0.004311470780521631, -0.002868520561605692, 0.002840395551174879, 0.002348007634282112, 0.004874677397310734, -0.025669744238257408, 0.043254606425762177, -0.024510754272341728, 0.011741843074560165, -0.004811812192201614], [0.0010213361820206046, -0.008007987402379513, 0.0047690607607364655, -0.005995131563395262, 0.007387569639831781, -0.009445284493267536, -0.0022773912642151117, -0.0009990088874474168, 0.0048149568028748035, -0.024510754272341728, 0.05231625214219093, -0.036908648908138275, 0.009518641978502274], [-0.0018231450812891126, 0.008410005830228329, -0.007958181202411652, 0.010589423589408398, -0.006770494859665632, 0.013213814236223698, -0.004369542468339205, -0.006192313041538, 0.000766243610996753, 0.011741843074560165, -0.036908648908138275, 0.057338617742061615, -0.023454900830984116], [0.00142713135574013, -0.005152321420609951, 0.0041519771330058575, -0.008818143047392368, 0.0023876139894127846, -0.005168816540390253, 0.0024382653646171093, 0.001314107677899301, -0.00042167658102698624, -0.004811812192201614, 0.009518641978502274, -0.023454900830984116, 0.0338420644402504]], "lowlevel.mfcc.cov": [[1095.134521484375, 74.94755554199219, 2.809758186340332, -17.763086318969727, -32.82429885864258, -42.30555725097656, -69.99956512451172, -57.89038848876953, -71.57315063476562, -57.6075439453125, -33.717464447021484, -35.64809036254883, -29.691020965576172], [74.94755554199219, 199.638671875, -63.8040657043457, -14.111512184143066, -17.980195999145508, -30.185197830200195, -0.9312100410461426, 1.1037988662719727, -3.9626426696777344, -20.616775512695312, 0.3507697582244873, 14.174488067626953, -2.41072154045105], [2.809758186340332, -63.8040657043457, 179.66917419433594, 54.926273345947266, -24.322406768798828, -5.375184059143066, -15.072153091430664, -28.88755226135254, -41.43875503540039, -23.43557357788086, -39.66375732421875, -36.25114059448242, 3.595410108566284], [-17.763086318969727, -14.111512184143066, 54.926273345947266, 101.45721435546875, 38.26248550415039, 12.944815635681152, -22.64144515991211, -16.525272369384766, 10.658968925476074, 17.947084426879883, -1.07064950466156, -5.460402488708496, 17.12340545654297], [-32.82429885864258, -17.980195999145508, -24.322406768798828, 38.26248550415039, 98.65264129638672, 33.181453704833984, -14.486589431762695, -1.3821358680725098, 38.339881896972656, 39.449256896972656, 26.5766544342041, 17.897478103637695, 16.784208297729492], [-42.30555725097656, -30.185197830200195, -5.375184059143066, 12.944815635681152, 33.181453704833984, 74.91122436523438, 45.766807556152344, 27.560073852539062, 32.71342468261719, 35.80561828613281, 22.847259521484375, 11.167173385620117, 8.877193450927734], [-69.99956512451172, -0.9312100410461426, -15.072153091430664, -22.64144515991211, -14.486589431762695, 45.766807556152344, 127.38697052001953, 92.34297943115234, 35.04656982421875, 15.52324390411377, 27.7480525970459, 38.27470397949219, 15.567689895629883], [-57.89038848876953, 1.1037988662719727, -28.88755226135254, -16.525272369384766, -1.3821358680725098, 27.560073852539062, 92.34297943115234, 116.07560729980469, 58.82169723510742, 25.281675338745117, 39.840538024902344, 54.55322265625, 29.94146156311035], [-71.57315063476562, -3.9626426696777344, -41.43875503540039, 10.658968925476074, 38.339881896972656, 32.71342468261719, 35.04656982421875, 58.82169723510742, 94.63797760009766, 64.98971557617188, 45.17115020751953, 41.86487579345703, 32.58366394042969], [-57.6075439453125, -20.616775512695312, -23.43557357788086, 17.947084426879883, 39.449256896972656, 35.80561828613281, 15.52324390411377, 25.281675338745117, 64.98971557617188, 89.71304321289062, 56.494266510009766, 33.416831970214844, 26.685134887695312], [-33.717464447021484, 0.3507697582244873, -39.66375732421875, -1.07064950466156, 26.5766544342041, 22.847259521484375, 27.7480525970459, 39.840538024902344, 45.17115020751953, 56.494266510009766, 84.16553497314453, 64.5156478881836, 32.34889602661133], [-35.64809036254883, 14.174488067626953, -36.25114059448242, -5.460402488708496, 17.897478103637695, 11.167173385620117, 38.27470397949219, 54.55322265625, 41.86487579345703, 33.416831970214844, 64.5156478881836, 100.78911590576172, 57.15272903442383], [-29.691020965576172, -2.41072154045105, 3.595410108566284, 17.12340545654297, 16.784208297729492, 8.877193450927734, 15.567689895629883, 29.94146156311035, 32.58366394042969, 26.685134887695312, 32.34889602661133, 57.15272903442383, 75.90719604492188]], "lowlevel.mfcc.icov": [[0.0010138526558876038, -0.00039412546902894974, -3.943706178688444e-05, 0.00016064541705418378, 0.0001348323276033625, -0.00035322667099535465, 0.0008123298757709563, -0.00039322953671216965, 0.000634463329333812, 0.00019373955728951842, -0.00021233881125226617, 0.00013905981904827058, -4.983227881893981e-06], [-0.00039412546902894974, 0.006822564639151096, 0.0033041576389223337, -0.0022221298422664404, 0.0014699758030474186, 0.00270813493989408, -0.0018126913346350193, 0.0016429456882178783, -0.0010445229709148407, 0.001828767592087388, 7.537190685980022e-05, -0.0010390023235231638, 4.488696504267864e-05], [-3.943706178688444e-05, 0.0033041576389223337, 0.011249817907810211, -0.007086524739861488, 0.0040843249298632145, 0.00019963749218732119, -0.0011267234804108739, -0.00031908092205412686, 0.004692253656685352, -0.0011632231762632728, 0.00259002554230392, 0.0017793653532862663, -0.0034630189184099436], [0.00016064541705418378, -0.0022221298422664404, -0.007086524739861488, 0.017711328342556953, -0.006746053230017424, -0.0014843207318335772, 0.0023669118527323008, 0.0003433066012803465, -0.0019356682896614075, -0.0013025290099903941, 0.0002004301204578951, 0.001693342113867402, -0.0026946417056024075], [0.0001348323276033625, 0.0014699758030474186, 0.0040843249298632145, -0.006746053230017424, 0.019864073023200035, -0.00852341577410698, 0.005874409805983305, 0.0011511415941640735, -0.004328920505940914, 0.0007256518001668155, -0.0008944737492129207, -0.002497235545888543, 0.00023802828218322247], [-0.00035322667099535465, 0.00270813493989408, 0.00019963749218732119, -0.0014843207318335772, -0.00852341577410698, 0.02890024520456791, -0.015793180093169212, 0.005811465438455343, -0.0015659184427931905, -0.0054355463944375515, -0.001321215182542801, 0.004047491122037172, -0.0001766451314324513], [0.0008123298757709563, -0.0018126913346350193, -0.0011267234804108739, 0.0023669118527323008, 0.005874409805983305, -0.015793180093169212, 0.029153328388929367, -0.02123362384736538, 0.00533803878352046, -0.0003207638510502875, 0.0013865433866158128, -0.0027552496176213026, 0.002029209863394499], [-0.00039322953671216965, 0.0016429456882178783, -0.00031908092205412686, 0.0003433066012803465, 0.0011511415941640735, 0.005811465438455343, -0.02123362384736538, 0.03523080796003342, -0.01904890313744545, 0.009204617701470852, -0.004305798560380936, -0.004384112544357777, -0.0005632085376419127], [0.000634463329333812, -0.0010445229709148407, 0.004692253656685352, -0.0019356682896614075, -0.004328920505940914, -0.0015659184427931905, 0.00533803878352046, -0.01904890313744545, 0.039057657122612, -0.023162536323070526, 0.0075911046005785465, -5.102115392219275e-05, -0.003830863395705819], [0.00019373955728951842, 0.001828767592087388, -0.0011632231762632728, -0.0013025290099903941, 0.0007256518001668155, -0.0054355463944375515, -0.0003207638510502875, 0.009204617701470852, -0.023162536323070526, 0.039864812046289444, -0.022206874564290047, 0.006936137564480305, -0.0024373873602598906], [-0.00021233881125226617, 7.537190685980022e-05, 0.00259002554230392, 0.0002004301204578951, -0.0008944737492129207, -0.001321215182542801, 0.0013865433866158128, -0.004305798560380936, 0.0075911046005785465, -0.022206874564290047, 0.04089878126978874, -0.02191826142370701, 0.005139389541000128], [0.00013905981904827058, -0.0010390023235231638, 0.0017793653532862663, 0.001693342113867402, -0.002497235545888543, 0.004047491122037172, -0.0027552496176213026, -0.004384112544357777, -5.102115392219275e-05, 0.006936137564480305, -0.02191826142370701, 0.0366366021335125, -0.018732156604528427], [-4.983227881893981e-06, 4.488696504267864e-05, -0.0034630189184099436, -0.0026946417056024075, 0.00023802828218322247, -0.0001766451314324513, 0.002029209863394499, -0.0005632085376419127, -0.003830863395705819, -0.0024373873602598906, 0.005139389541000128, -0.018732156604528427, 0.028134416788816452]], "metadata.audio_properties.analysis.downmix": "mix", "metadata.audio_properties.codec": "mp3", "metadata.audio_properties.md5_encoded": "30a44eefdb3b1719ec4b130bb8a2c311", "metadata.tags.file_name": "1182284420007350312.mp3", "metadata.version.essentia": "2.1-beta6-dev", "metadata.version.essentia_git_sha": "v2.1_beta5-1110-g77a6a954", "metadata.version.extractor": "music 2.0", "tonal.chords_key": "Ab", "tonal.chords_scale": "major", "tonal.key_edma.key": "C", "tonal.key_edma.scale": "minor", "tonal.key_krumhansl.key": "C", "tonal.key_krumhansl.scale": "minor", "tonal.key_temperley.key": "C", "tonal.key_temperley.scale": "minor", "metadata.tags.encoding": ["Lavf58.45.100"]}, "essentia_models": [{"model_name": "genre_dortmund", "activations": {"alternative": "0.0009231675", "blues": "0.00011856414", "electronic": "0.008645588", "folkcountry": "0.00012357315", "funksoulrnb": "0.0016639094", "jazz": "0.000676085", "pop": "5.546182e-05", "raphiphop": "0.00019063007", "rock": "0.9330173"}}, {"model_name": "genre_rosamerica", "activations": {"classic": "0.0019257119", "dance": "0.00033739", "hip hop": "0.00037574218", "jazz": "0.0010985184", "pop": "0.0004035935", "rhythm and 