{"song_id": "1182273696640016465", "download": "https://cdn.discordapp.com/attachments/1128313332273782784/1182273696640016465/chirp.mp4?ex=6584192e&amp", "lyrics": "Ey\u00fcpten ba\u015fkas\u0131na basmam da basmam basmam da basmam", "style": ["synthpop synthwave"], "essentia_features": {"lowlevel.average_loudness": 0.9616038203239441, "lowlevel.barkbands_crest.mean": 10.83722972869873, "lowlevel.barkbands_crest.stdev": 3.7736446857452393, "lowlevel.barkbands_flatness_db.mean": 0.1899784952402115, "lowlevel.barkbands_flatness_db.stdev": 0.047827403992414474, "lowlevel.barkbands_kurtosis.mean": 3.323831081390381, "lowlevel.barkbands_kurtosis.stdev": 4.551466464996338, "lowlevel.barkbands_skewness.mean": 1.6906503438949585, "lowlevel.barkbands_skewness.stdev": 1.0628215074539185, "lowlevel.barkbands_spread.mean": 20.198749542236328, "lowlevel.barkbands_spread.stdev": 9.213449478149414, "lowlevel.dissonance.mean": 0.4749854803085327, "lowlevel.dissonance.stdev": 0.01599101349711418, "lowlevel.dynamic_complexity": 2.3920514583587646, "lowlevel.erbbands_crest.mean": 8.565422058105469, "lowlevel.erbbands_crest.stdev": 3.352562665939331, "lowlevel.erbbands_flatness_db.mean": 0.2005491405725479, "lowlevel.erbbands_flatness_db.stdev": 0.06342751532793045, "lowlevel.erbbands_kurtosis.mean": -0.26005229353904724, "lowlevel.erbbands_kurtosis.stdev": 0.8211665153503418, "lowlevel.erbbands_skewness.mean": -0.26638010144233704, "lowlevel.erbbands_skewness.stdev": 0.4216298460960388, "lowlevel.erbbands_spread.mean": 39.7179069519043, "lowlevel.erbbands_spread.stdev": 14.941813468933105, "lowlevel.hfc.mean": 23.000080108642578, "lowlevel.hfc.stdev": 16.931133270263672, "lowlevel.loudness_ebu128.integrated": -17.44467544555664, "lowlevel.loudness_ebu128.loudness_range": 4.269748687744141, "lowlevel.loudness_ebu128.momentary.mean": -18.780223846435547, "lowlevel.loudness_ebu128.momentary.stdev": 4.521934509277344, "lowlevel.loudness_ebu128.short_term.mean": -18.039649963378906, "lowlevel.loudness_ebu128.short_term.stdev": 2.559570789337158, "lowlevel.melbands_crest.mean": 17.37700653076172, "lowlevel.melbands_crest.stdev": 6.048628330230713, "lowlevel.melbands_flatness_db.mean": 0.24545630812644958, "lowlevel.melbands_flatness_db.stdev": 0.05593298003077507, "lowlevel.melbands_kurtosis.mean": 14.466741561889648, "lowlevel.melbands_kurtosis.stdev": 15.310946464538574, "lowlevel.melbands_skewness.mean": 3.1265246868133545, "lowlevel.melbands_skewness.stdev": 1.7220087051391602, "lowlevel.melbands_spread.mean": 20.010713577270508, "lowlevel.melbands_spread.stdev": 12.409579277038574, "lowlevel.pitch_salience.mean": 0.476247102022171, "lowlevel.pitch_salience.stdev": 0.1258603036403656, "lowlevel.silence_rate_20dB.mean": 1.0, "lowlevel.silence_rate_20dB.stdev": 0.0, "lowlevel.silence_rate_30dB.mean": 0.9038944840431213, "lowlevel.silence_rate_30dB.stdev": 0.2947365343570709, "lowlevel.silence_rate_60dB.mean": 0.06532663106918335, "lowlevel.silence_rate_60dB.stdev": 0.24709610641002655, "lowlevel.spectral_centroid.mean": 1415.0477294921875, "lowlevel.spectral_centroid.stdev": 469.7786560058594, "lowlevel.spectral_complexity.mean": 25.533920288085938, "lowlevel.spectral_complexity.stdev": 9.982715606689453, "lowlevel.spectral_decrease.mean": -1.2449778097334274e-08, "lowlevel.spectral_decrease.stdev": 1.0042128906206926e-08, "lowlevel.spectral_energy.mean": 0.04907456040382385, "lowlevel.spectral_energy.stdev": 0.038944970816373825, "lowlevel.spectral_energyband_high.mean": 0.0008340257336385548, "lowlevel.spectral_energyband_high.stdev": 0.001534120412543416, "lowlevel.spectral_energyband_low.mean": 0.03172178193926811, "lowlevel.spectral_energyband_low.stdev": 0.03341761231422424, "lowlevel.spectral_energyband_middle_high.mean": 0.006934760138392448, "lowlevel.spectral_energyband_middle_high.stdev": 0.003905514720827341, "lowlevel.spectral_energyband_middle_low.mean": 0.013284215703606606, "lowlevel.spectral_energyband_middle_low.stdev": 0.013348542153835297, "lowlevel.spectral_entropy.mean": 7.554539680480957, "lowlevel.spectral_entropy.stdev": 0.28286561369895935, "lowlevel.spectral_flux.mean": 0.08532452583312988, "lowlevel.spectral_flux.stdev": 0.06712432205677032, "lowlevel.spectral_kurtosis.mean": 4.295581817626953, "lowlevel.spectral_kurtosis.stdev": 2.8503177165985107, "lowlevel.spectral_rms.mean": 0.0063377381302416325, "lowlevel.spectral_rms.stdev": 0.002776811132207513, "lowlevel.spectral_rolloff.mean": 1122.326416015625, "lowlevel.spectral_rolloff.stdev": 1059.978759765625, "lowlevel.spectral_skewness.mean": 1.100374698638916, "lowlevel.spectral_skewness.stdev": 0.3893231153488159, "lowlevel.spectral_spread.mean": 3265584.25, "lowlevel.spectral_spread.stdev": 1283716.0, "lowlevel.spectral_strongpeak.mean": 0.6893777251243591, "lowlevel.spectral_strongpeak.stdev": 0.5020219683647156, "lowlevel.zerocrossingrate.mean": 0.046564918011426926, "lowlevel.zerocrossingrate.stdev": 0.033720921725034714, "metadata.audio_properties.analysis.equal_loudness": 0.0, "metadata.audio_properties.analysis.length": 36.927982330322266, "metadata.audio_properties.analysis.sample_rate": 44100.0, "metadata.audio_properties.analysis.start_time": 0.0, "metadata.audio_properties.bit_rate": 119896.0, "metadata.audio_properties.length": 36.928001403808594, "metadata.audio_properties.lossless": 0.0, "metadata.audio_properties.number_channels": 1.0, "metadata.audio_properties.replay_gain": -7.6671600341796875, "metadata.audio_properties.sample_rate": 48000.0, "rhythm.beats_count": 64.0, "rhythm.beats_loudness.mean": 0.07246316224336624, "rhythm.beats_loudness.stdev": 0.036012113094329834, "rhythm.bpm": 104.83056640625, "rhythm.bpm_histogram_first_peak_bpm": 105.0, "rhythm.bpm_histogram_first_peak_weight": 0.35483866930007935, "rhythm.bpm_histogram_second_peak_bpm": 99.0, "rhythm.bpm_histogram_second_peak_spread": 0.0, "rhythm.bpm_histogram_second_peak_weight": 0.01587301678955555, "rhythm.danceability": 1.2364253997802734, "rhythm.onset_rate": 3.4377331733703613, "tonal.chords_changes_rate": 0.04391467943787575, "tonal.chords_number_rate": 0.015056462027132511, "tonal.chords_strength.mean": 0.4782842695713043, "tonal.chords_strength.stdev": 0.07760829478502274, "tonal.hpcp_crest.mean": 13.5234375, "tonal.hpcp_crest.stdev": 5.844870567321777, "tonal.hpcp_entropy.mean": 1.9572640657424927, "tonal.hpcp_entropy.stdev": 0.6881406903266907, "tonal.key_edma.strength": 0.5547884702682495, "tonal.key_krumhansl.strength": 0.5447564721107483, "tonal.key_temperley.strength": 0.5333915948867798, "tonal.tuning_diatonic_strength": 0.47532182931900024, "tonal.tuning_equal_tempered_deviation": 0.21871250867843628, "tonal.tuning_frequency": 434.193115234375, "tonal.tuning_nontempered_energy_ratio": 0.9602566361427307, "lowlevel.barkbands.mean": [0.0009266401757486165, 0.013889199122786522, 0.013249554671347141, 0.0059706601314246655, 0.003994686529040337, 0.0005709393881261349, 0.0005134131642989814, 0.0017073138151317835, 0.00045588368084281683, 0.0017384289531037211, 0.0007190643809735775, 0.00035576598020270467, 0.0005189615767449141, 0.0013571040472015738, 0.00022527686087414622, 0.00023909540323074907, 0.0005093083018437028, 0.0006952997064217925, 0.0005088347825221717, 0.00018249364802613854, 0.0003247667336836457, 0.00012392019561957568, 0.00013869861140847206, 6.780579133192077e-05, 6.67898784740828e-05, 2.465778925397899e-05, 1.2771729451799274e-08], "lowlevel.barkbands.stdev": [0.0020180868450552225, 0.02226063422858715, 0.015953807160258293, 0.009341513738036156, 0.0059187342412769794, 0.0008041518158279359, 0.0010944632813334465, 0.002633822150528431, 0.0009223743691109121, 0.00243875989690423, 0.0012495816918089986, 0.00037889901432208717, 0.00045460512046702206, 0.0009677329217083752, 0.00020612053049262613, 0.00020288566884119064, 0.00046666624257341027, 0.0005163776222616434, 0.00039399610250256956, 0.00023276869615074247, 0.0005571205983869731, 0.00026897882344201207, 0.0003542543563526124, 0.00015884650929365307, 0.00014559371629729867, 5.860091187059879e-05, 7.12162133709171e-08], "lowlevel.erbbands.mean": [0.45441529154777527, 2.9568634033203125, 13.754918098449707, 19.524452209472656, 17.55133056640625, 10.532251358032227, 6.544893741607666, 4.7558465003967285, 8.795585632324219, 14.028587341308594, 33.52704620361328, 9.749053001403809, 22.304609298706055, 58.98906326293945, 35.18696212768555, 14.5068359375, 20.85566520690918, 65.8921127319336, 33.340065002441406, 9.630352020263672, 15.90942668914795, 32.15103530883789, 39.772605895996094, 30.621713638305664, 18.606220245361328, 8.938098907470703, 12.332193374633789, 10.632307052612305, 4.835112571716309, 3.998885154724121, 3.8826067447662354, 1.8051661252975464, 1.0451405048370361, 0.75715172290802, 0.47157958149909973, 0.18887923657894135, 0.026057053357362747, 0.0012056438717991114, 5.925167351961136e-05, 5.9400161262601614e-05], "lowlevel.erbbands.stdev": [0.9926058650016785, 4.41346549987793, 16.930822372436523, 26.002723693847656, 29.056535720825195, 13.748992919921875, 9.385917663574219, 7.326090335845947, 19.835922241210938, 19.47377586364746, 47.366302490234375, 13.91122817993164, 28.658390045166016, 85.88194274902344, 63.59680938720703, 13.636088371276855, 15.559945106506348, 45.73750686645508, 25.938941955566406, 7.6072916984558105, 12.788185119628906, 27.6158390045166, 29.430227279663086, 24.808631896972656, 14.291357040405273, 10.889164924621582, 19.82434844970703, 19.350845336914062, 10.274085998535156, 9.629891395568848, 10.085272789001465, 4.43571662902832, 2.4710752964019775, 1.688616156578064, 1.0440553426742554, 0.4327269196510315, 0.06798849254846573, 0.003438676940277219, 9.576015145285055e-05, 4.746955892187543e-05], "lowlevel.gfcc.mean": [-20.892507553100586, 133.91615295410156, -158.06809997558594, 50.10158157348633, -36.74737548828125, 2.5875229835510254, -16.827999114990234, -2.753615140914917, -24.361068725585938, -10.339818954467773, -15.474708557128906, -14.847311973571777, -11.791666030883789], "lowlevel.melbands.mean": [0.0037552756257355213, 0.005996054038405418, 0.003304572543129325, 0.0010336292907595634, 0.0002499217807780951, 0.00011636553244898096, 0.00011477108637336642, 0.00023754773428663611, 0.00023770667030476034, 5.400728332460858e-05, 0.00012171827984275296, 0.00025898407329805195, 9.941939788404852e-05, 6.0221689636819065e-05, 2.9587195967906155e-05, 6.620521162403747e-05, 0.00013254366058390588, 6.465543992817402e-05, 1.3724047676078044e-05, 1.2937925021105912e-05, 1.8849990738090128e-05, 3.0423800126300193e-05, 4.173385968897492e-05, 2.856345963664353e-05, 2.496232627891004e-05, 1.7018046492012218e-05, 8.131998583849054e-06, 5.215326382312924e-06, 6.192130513227312e-06, 1.0015929547080304e-05, 4.794189408130478e-06, 2.7670023428072454e-06, 2.0665211195591837e-06, 2.327328957107966e-06, 2.413570427961531e-06, 1.648906049922516e-06, 9.14631016257772e-07, 7.09369544438232e-07, 6.514090955533902e-07, 6.489755151051213e-07], "lowlevel.melbands.stdev": [0.00695452094078064, 0.007029020227491856, 0.004118575248867273, 0.0015587530797347426, 0.0003408949705772102, 0.0001698958221822977, 0.00025500793708488345, 0.0003639373753685504, 0.0003168305556755513, 0.0001008896651910618, 0.00015843303117435426, 0.0003858543641399592, 0.00017044438573066145, 9.119007881963626e-05, 3.0251640055212192e-05, 5.228777081356384e-05, 9.519360173726454e-05, 5.640838935505599e-05, 1.1747690223273821e-05, 1.2066761883033905e-05, 1.594641071278602e-05, 2.9824017474311404e-05, 3.4226606658194214e-05, 2.1722104065702297e-05, 2.184121149184648e-05, 1.3173931620258372e-05, 8.190124390239362e-06, 7.242257197503932e-06, 9.799215149541851e-06, 1.840101322159171e-05, 9.213171324518044e-06, 6.078539627196733e-06, 4.762242951983353e-06, 5.929612598265521e-06, 6.401917289622361e-06, 4.475919922697358e-06, 2.1903751985519193e-06, 1.7077144320865045e-06, 1.545776740385918e-06, 1.450221589038847e-06], "lowlevel.melbands128.mean": [0.0008747848914936185, 0.004062799736857414, 0.003949194680899382, 0.005059505812823772, 0.007019358221441507, 0.006203847471624613, 0.004207061603665352, 0.002567415591329336, 0.0016808100044727325, 0.0011845685075968504, 0.00040385950705967844, 0.00031156273325905204, 0.00022085383534431458, 0.0001534116017865017, 8.824285032460466e-05, 7.865196675993502e-05, 0.00020647779456339777, 0.00010837641457328573, 2.6857389457290992e-05, 4.772020474774763e-05, 0.000445619341917336, 0.0005647179204970598, 9.568048699293286e-05, 9.254761971533298e-05, 4.8801990487845615e-05, 3.870613727485761e-05, 6.426707113860175e-05, 5.98697442910634e-05, 0.00019491504644975066, 0.00047194823855534196, 0.00018590553372632712, 4.773379987454973e-05, 7.46223668102175e-05, 0.00019287440227344632, 5.628577127936296e-05, 3.3450032788095996e-05, 2.5723353246576153e-05, 3.549475877662189e-05, 2.356521690671798e-05, 3.330918843857944e-05, 6.712618051096797e-05, 0.0001276313269045204, 0.00014846240810584277, 0.00012077605788363144, 0.0001206581000587903, 4.3312247726134956e-05, 2.172478343709372e-05, 1.2833595064876135e-05, 1.0980866136378609e-05, 9.4453280325979e-06, 1.1879090379807167e-05, 1.7953278074855916e-05, 1.953041646629572e-05, 1.760204031597823e-05, 2.0773926735273562e-05, 3.400332934688777e-05, 3.6070894566364586e-05, 3.80743331334088e-05, 4.778322181664407e-05, 4.074335083714686e-05, 2.4508004571544006e-05, 2.1880565327592194e-05, 2.689703796932008e-05, 2.73941350314999e-05, 1.953795799636282e-05, 1.8466153051122092e-05, 1.4645142982772086e-05, 8.727512977202423e-06, 7.219693543447647e-06, 6.300449058471713e-06, 4.847796844842378e-06, 4.864518359681824e-06, 4.8745587264420465e-06, 5.6263734222739e-06, 8.509661711286753e-06, 1.2489542314142454e-05, 9.798832252272405e-06, 5.727833467972232e-06, 4.598552550305612e-06, 3.1403012599184876e-06, 2.962346798085491e-06, 2.5988940706156427e-06, 2.2905812784301816e-06, 1.8266540564582101e-06, 2.1027565253461944e-06, 2.100863866871805e-06, 2.3343663997366093e-06, 2.942847459053155e-06, 2.271468019898748e-06, 2.2985475425230106e-06, 1.980239858312416e-06, 1.5474466863452108e-06, 9.417007049705717e-07, 9.565499112795806e-07, 8.247849905274052e-07, 6.889890755701344e-07, 6.534442604788637e-07, 8.126706916300463e-07, 6.328526751531172e-07, 6.013170832375181e-07, 5.819466650791583e-07, 6.921968633832876e-07, 6.668404921583715e-07, 6.675318218185566e-07, 5.085615839561797e-07, 4.5167851681071625e-07, 4.4624786710301123e-07, 4.471282579743274e-07, 3.3435503610235173e-07, 2.556678282417124e-07, 1.40648083402084e-07, 9.066871342611194e-08, 5.774737843466937e-08, 4.2347004125531384e-08, 1.8355024167249212e-08, 2.6057054292039084e-09, 4.677090936766604e-10, 3.9188454564742514e-11, 6.956799285945392e-12, 6.760637188962804e-12, 6.5836841187105755e-12, 6.4576525550530395e-12, 6.3209264211661065e-12, 6.201956483098403e-12, 6.038745892222863e-12, 5.821450960175056e-12, 5.69648451673177e-12, 5.654309052222084e-12], "lowlevel.melbands128.stdev": [0.0019578258506953716, 0.009609674103558064, 0.008544855751097202, 0.008127637207508087, 0.009757543914020061, 0.0075920578092336655, 0.006168678868561983, 0.0046644071117043495, 0.0033271426800638437, 0.0020999410189688206, 0.0005759936757385731, 0.0005621668533422053, 0.0003964304632972926, 0.00026995805092155933, 0.00018090409866999835, 0.00019951167632825673, 0.0005267574451863766, 0.0002525196468923241, 4.7715482651256025e-05, 8.753944712225348e-05, 0.0007224686560221016, 0.0009218425257131457, 0.00018487972556613386, 0.0002287990937475115, 0.00010983660467900336, 0.00012277255882509053, 0.00026399747002869844, 0.00010320234287064523, 0.00035151655902154744, 0.0008210787200368941, 0.0002855020575225353, 5.786458496004343e-05, 0.00011938923125853762, 0.0004793986154254526, 9.200807835441083e-05, 4.7912410082062706e-05, 2.7584081180975772e-05, 5.342407894204371e-05, 3.21700208587572e-05, 4.303686728235334e-05, 7.129330333555117e-05, 0.00012504834739957005, 0.00015020162391010672, 0.00013372855028137565, 0.00013550672156270593, 4.9653554015094414e-05, 2.497968489478808e-05, 1.4215790542948525e-05, 1.2730037269648165e-05, 1.0678906619432382e-05, 1.5532974430243485e-05, 1.8448421542416327e-05, 2.0184661480016075e-05, 1.88454614544753e-05, 2.5891804398270324e-05, 4.282057852833532e-05, 3.874129834002815e-05, 4.1230076021747664e-05, 4.818167144549079e-05, 3.822885264526121e-05, 2.3882326786406338e-05, 2.2945883756619878e-05, 2.7994570700684562e-05, 2.920913539128378e-05, 2.037700505752582e-05, 1.679104389040731e-05, 1.3622557162307203e-05, 1.0261524948873557e-05, 9.336293260275852e-06, 8.399062608077656e-06, 7.561142410850152e-06, 8.01934402261395e-06, 8.682422958372626e-06, 9.821754247241188e-06, 1.5025036191218533e-05, 2.557003426773008e-05, 1.9737426555366255e-05, 1.1948116480198223e-05, 9.855088137555867e-06, 6.834292435087264e-06, 7.1166718953463715e-06, 6.290419605647912e-06, 5.5215214160853066e-06, 4.633889602700947e-06, 5.505362423718907e-06, 5.726665676775156e-06, 6.688007488264702e-06, 8.67812559590675e-06, 6.431400379369734e-06, 6.5633971644274425e-06, 5.820571914227912e-06, 4.55045847047586e-06, 2.547095618865569e-06, 2.44561897488893e-06, 2.0169934487057617e-06, 1.8176416460846667e-06, 1.6974086065602023e-06, 2.0945235519320704e-06, 1.6444214452349115e-06, 1.4729127997270552e-06, 1.3894200492359232e-06, 1.6165914757948485e-06, 1.6073392998805502e-06, 1.6473807136208052e-06, 1.2747711934935069e-06, 1.0192393347097095e-06, 1.0479362799742376e-06, 1.0624518154145335e-06, 8.402127491535794e-07, 6.523273441416677e-07, 3.963217807267938e-07, 3.00190549751278e-07, 1.9567181652746513e-07, 1.5045959855797264e-07, 7.355662745567315e-08, 1.5524337371175534e-08, 2.722021053003232e-09, 3.135463000347727e-10, 1.1404425147298891e-11, 1.1088974356809889e-11, 1.0808962232211616e-11, 1.0558652910330757e-11, 1.0340618118720446e-11, 1.0157642088559626e-11, 1.000532989792191e-11, 9.879575456339662e-12, 9.790470517634375e-12, 9.735668000943054e-12], "lowlevel.mfcc.mean": [-648.3246459960938, 148.29542541503906, -45.32382583618164, 48.81291198730469, -1.8309918642044067, 14.999439239501953, 10.285924911499023, 7.6467180252075195, -0.22938187420368195, -1.489314079284668, 5.343912124633789, -3.6338706016540527, -15.631646156311035], "lowlevel.spectral_contrast_coeffs.mean": [-0.6361544132232666, -0.7364526987075806, -0.7616258263587952, -0.7920297384262085, -0.7832607626914978, -0.6642067432403564], "lowlevel.spectral_contrast_coeffs.stdev": [0.08247513324022293, 0.07034904509782791, 0.05642805993556976, 0.03196397051215172, 0.027190249413251877, 0.07148504257202148], "lowlevel.spectral_contrast_valleys.mean": [-6.8510918617248535, -7.137546062469482, -7.164786338806152, -7.143252372741699, -7.048564434051514, -11.692537307739258], "lowlevel.spectral_contrast_valleys.stdev": [1.4276808500289917, 0.7260101437568665, 0.6942434906959534, 0.6607624292373657, 0.7522376179695129, 1.8999605178833008], "rhythm.beats_loudness_band_ratio.mean": [0.6892087459564209, 0.10032230615615845, 0.05969904363155365, 0.08663088083267212, 0.06475647538900375, 0.04771124944090843], "rhythm.beats_loudness_band_ratio.stdev": [0.23975993692874908, 0.11743398755788803, 0.08936002850532532, 0.10953384637832642, 0.051651448011398315, 0.0394597202539444], "tonal.hpcp.mean": [0.1395270675420761, 0.1300341635942459, 0.04362590238451958, 0.02330782450735569, 0.037132974714040756, 0.10955468565225601, 0.16283729672431946, 0.10570720583200455, 0.04159924387931824, 0.039659272879362106, 0.04485723003745079, 0.05016377568244934, 0.2381383329629898, 0.26573702692985535, 0.07464607059955597, 0.04947851970791817, 0.0539090633392334, 0.03287147358059883, 0.04244140163064003, 0.051009681075811386, 0.06484504789113998, 0.1719549149274826, 0.184768408536911, 0.09398982673883438, 0.10549642145633698, 0.14181631803512573, 0.12780742347240448, 0.14847837388515472, 0.15982815623283386, 0.11692331731319427, 0.14202991127967834, 0.1548900455236435, 0.13008277118206024, 0.27064430713653564, 0.31589454412460327, 0.15324650704860687], "tonal.hpcp.stdev": [0.24391885101795197, 0.24120180308818817, 0.10653077811002731, 0.08646964281797409, 0.12570029497146606, 0.24059931933879852, 0.29659420251846313, 0.20453156530857086, 0.1242593377828598, 0.09989824891090393, 0.10390982031822205, 0.11954864114522934, 0.30481016635894775, 0.3312024474143982, 0.13961409032344818, 0.13777439296245575, 0.1615680754184723, 0.08539856225252151, 0.09287063032388687, 0.10371928662061691, 0.12427940219640732, 0.2774175703525543, 0.29947012662887573, 0.16227732598781586, 0.19766002893447876, 0.27444881200790405, 0.2304612547159195, 0.24191705882549286, 0.26987361907958984, 0.22105549275875092, 0.2563187777996063, 0.29110604524612427, 0.2200353741645813, 0.3281187415122986, 0.38998422026634216, 0.24035026133060455], "rhythm.beats_position": [0.5688889026641846, 1.160997748374939, 1.7531065940856934, 2.356825351715088, 2.9489340782165527, 3.529433012008667, 4.109931945800781, 4.690430641174316, 5.27092981338501, 5.851428508758545, 6.42031717300415, 6.989206314086914, 7.5580949783325195, 8.126983642578125, 8.695873260498047, 9.264761924743652, 9.833650588989258, 10.402539253234863, 10.971427917480469, 11.54031753540039, 12.109206199645996, 12.678094863891602, 13.258593559265137, 13.827483177185059, 14.396371841430664, 14.9768705368042, 15.545759201049805, 16.114648818969727, 16.683536529541016, 17.252426147460938, 17.82131576538086, 18.39020347595215, 18.970703125, 19.55120086669922, 20.12009048461914, 20.688980102539062, 21.25786781311035, 21.826757431030273, 22.395645141601562, 22.964534759521484, 23.545034408569336, 24.113922119140625, 24.694421768188477, 25.263309478759766, 25.832199096679688, 26.40108871459961, 26.9699764251709, 27.53886604309082, 28.09614372253418, 28.67664337158203, 29.245532989501953, 29.814420700073242, 30.394920349121094, 30.952198028564453, 31.532697677612305, 32.101585388183594, 32.670475006103516, 33.23936462402344, 33.80825424194336, 34.38875198364258, 34.94602966308594, 35.52653121948242, 36.09541702270508, 36.664306640625], "rhythm.bpm_histogram": [0.0, 0.0, 0.0, 0.0, 0.0, 0.0, 0.0, 0.0, 0.0, 0.0, 0.0, 0.0, 0.0, 0.0, 0.0, 0.0, 0.0, 0.0, 0.0, 0.0, 0.0, 0.0, 0.0, 0.0, 0.0, 0.0, 0.0, 0.0, 0.0, 0.0, 0.0, 0.0, 0.0, 0.0, 0.0, 0.0, 0.0, 0.0, 0.0, 0.0, 0.0, 0.0, 0.0, 0.0, 0.0, 0.0, 0.0, 0.0, 0.0, 0.0, 0.0, 0.0, 0.0, 0.0, 0.0, 0.0, 0.0, 0.0, 0.0, 0.0, 0.0, 0.0, 0.0, 0.0, 0.0, 0.0, 0.0, 0.0, 0.0, 0.0, 0.0, 0.0, 0.0, 0.0, 0.0, 0.0, 0.0, 0.0, 0.0, 0.0, 0.0, 0.0, 0.0, 0.0, 0.0, 0.0, 0.0, 0.0, 0.0, 0.0, 0.0, 0.0, 0.0, 0.0, 0.0, 0.0, 0.0, 0.0, 0.0, 0.01587301678955555, 0.0, 0.0476190485060215, 0.0, 0.2539682686328888, 0.0, 0.6349206566810608, 0.0, 0.0, 0.0476190485060215, 0.0, 0.0, 0.0, 0.0, 0.0, 0.0, 0.0, 0.0, 0.0, 0.0, 0.0, 0.0, 0.0, 0.0, 0.0, 0.0, 0.0, 0.0, 0.0, 0.0, 0.0, 0.0, 0.0, 0.0, 0.0, 0.0, 0.0, 0.0, 0.0, 0.0, 0.0, 0.0, 0.0, 0.0, 0.0, 0.0, 0.0, 0.0, 0.0, 0.0, 0.0, 0.0, 0.0, 0.0, 0.0, 0.0, 0.0, 0.0, 0.0, 0.0, 0.0, 0.0, 0.0, 0.0, 0.0, 0.0, 0.0, 0.0, 0.0, 0.0, 0.0, 0.0, 0.0, 0.0, 0.0, 0.0, 0.0, 0.0, 0.0, 0.0, 0.0, 0.0, 0.0, 0.0, 0.0, 0.0, 0.0, 0.0, 0.0, 0.0, 0.0, 0.0, 0.0, 0.0, 0.0, 0.0, 0.0, 0.0, 0.0, 0.0, 0.0, 0.0, 0.0, 0.0, 0.0, 0.0, 0.0, 0.0, 0.0, 0.0, 0.0, 0.0, 0.0, 0.0, 0.0, 0.0, 0.0, 0.0, 0.0, 0.0, 0.0, 0.0, 0.0, 0.0, 0.0, 0.0, 0.0, 0.0, 0.0, 0.0, 0.0, 0.0, 0.0, 0.0, 0.0, 0.0, 0.0, 0.0, 0.0, 0.0, 0.0, 0.0, 0.0, 0.0, 0.0, 0.0, 0.0, 0.0, 0.0, 0.0, 0.0], "tonal.chords_histogram": [0.0, 5.395232200622559, 0.0, 0.0, 0.0, 0.0, 3.3877038955688477, 7.02634859085083, 0.0, 5.646173000335693, 4.015056610107422, 7.02634859085083, 0.0, 0.0, 8.406524658203125, 11.919698715209961, 22.584692001342773, 0.0, 1.8820576667785645, 0.0, 0.0, 1.3801757097244263, 0.0, 21.329986572265625], "tonal.thpcp": [1.0, 0.48511919379234314, 0.44168874621391296, 0.41163790225982666, 0.13810274004936218, 0.07378356158733368, 0.11754864454269409, 0.3468077778816223, 0.5154799222946167, 0.3346281349658966, 0.13168711960315704, 0.1255459189414978, 0.14200064539909363, 0.15879912674427032, 0.7538539171218872, 0.8412206768989563, 0.23630060255527496, 0.15662986040115356, 0.1706552505493164, 0.10405837744474411, 0.13435307145118713, 0.16147692501544952, 0.20527435839176178, 0.5443427562713623, 0.5849053263664246, 0.2975354492664337, 0.3339608907699585, 0.4489356279373169, 0.40458887815475464, 0.47002512216567993, 0.5059541463851929, 0.37013402581214905, 0.4496117830276489, 0.4903219938278198, 0.41179177165031433, 0.856755256652832], "lowlevel.gfcc.cov": [[10095.7666015625, -1853.91650390625, 3163.86083984375, 1146.703125, 150.11041259765625, 2327.5908203125, -406.7784423828125, 1660.353515625, -537.4482421875, 726.3859252929688, -233.142822265625, 456.0489196777344, -208.66200256347656], [-1853.91650390625, 1910.0386962890625, -971.9683227539062, -25.42127799987793, 412.0015563964844, -841.6361083984375, 513.4019775390625, -603.6070556640625, 226.4875030517578, -376.7499694824219, 182.875732421875, -280.4974365234375, 180.6002960205078], [3163.86083984375, -971.9683227539062, 1877.2509765625, 513.7734985351562, 122.64995574951172, 1178.77587890625, -245.85374450683594, 887.168212890625, -260.3114929199219, 378.7000732421875, -104.86856079101562, 240.7580108642578, -67.08489990234375], [1146.703125, -25.42127799987793, 513.7734985351562, 399.5672607421875, 231.66603088378906, 298.13958740234375, 71.6957015991211, 147.18197631835938, -42.25907516479492, 48.691001892089844, 0.08696313947439194, 44.680389404296875, -6.707922458648682], [150.11041259765625, 412.0015563964844, 122.64995574951172, 231.66603088378906, 354.31170654296875, 17.825223922729492, 185.05764770507812, -18.33555030822754, 17.041040420532227, -34.855506896972656, 36.52539825439453, -23.759952545166016, 36.45024490356445], [2327.5908203125, -841.6361083984375, 1178.77587890625, 298.13958740234375, 17.825223922729492, 911.4172973632812, -179.83151245117188, 668.7578735351562, -172.49806213378906, 284.744140625, -71.33940124511719, 166.9842987060547, -35.7889518737793], [-406.7784423828125, 513.4019775390625, -245.85374450683594, 71.6957015991211, 185.05764770507812, -179.83151245117188, 259.6468811035156, -143.57229614257812, 103.33000183105469, -96.53984069824219, 47.62295913696289, -79.93714141845703, 39.920162200927734], [1660.353515625, -603.6070556640625, 887.168212890625, 147.18197631835938, -18.33555030822754, 668.7578735351562, -143.57229614257812, 601.7359619140625, -110.86200714111328, 250.764892578125, -36.31291961669922, 120.70559692382812, -16.700963973999023], [-537.4482421875, 226.4875030517578, -260.3114929199219, -42.25907516479492, 17.041040420532227, -172.49806213378906, 103.33000183105469, -110.86200714111328, 123.57037353515625, -34.40432357788086, 45.18230438232422, -42.05024719238281, 12.711809158325195], [726.3859252929688, -376.7499694824219, 378.7000732421875, 48.691001892089844, -34.855506896972656, 284.744140625, -96.53984069824219, 250.764892578125, -34.40432357788086, 180.60853576660156, 9.074790000915527, 86.41458129882812, -24.102821350097656], [-233.142822265625, 182.875732421875, -104.86856079101562, 0.08696313947439194, 36.52539825439453, -71.33940124511719, 47.62295913696289, -36.31291961669922, 45.18230438232422, 9.074790000915527, 98.07910919189453, 7.009945392608643, 49.758209228515625], [456.0489196777344, -280.4974365234375, 240.7580108642578, 44.680389404296875, -23.759952545166016, 166.9842987060547, -79.93714141845703, 120.70559692382812, -42.05024719238281, 86.41458129882812, 7.009945392608643, 114.55952453613281, 8.91698169708252], [-208.66200256347656, 180.6002960205078, -67.08489990234375, -6.707922458648682, 36.45024490356445, -35.7889518737793, 39.920162200927734, -16.700963973999023, 12.711809158325195, -24.102821350097656, 49.758209228515625, 8.91698169708252, 103.04426574707031]], "lowlevel.gfcc.icov": [[0.00046432591625489295, -0.0009152686106972396, 0.0007407849188894033, -0.001481753308326006, 0.001031339168548584, -0.001167318900115788, 0.00014112847566138953, -0.0005071160267107189, 0.0010074739111587405, -0.0011304444633424282, 0.0012794085778295994, -0.001464925822801888, 0.0011433531763032079], [-0.0009152686106972396, 0.006513474974781275, -0.003702876390889287, 0.004257608205080032, -0.004687123000621796, 0.0063350317068398, -0.0032106840517371893, 0.0003992753045167774, -0.0017370367422699928, 0.00585269695147872, -0.007701725699007511, 0.008707447908818722, -0.005687139928340912], [0.0007407849188894033, -0.003702876390889287, 0.007176598999649286, -0.006162828765809536, 0.0018477302510291338, -0.005398900713771582, 0.0033341997768729925, -0.0040319752879440784, 0.0028831157833337784, -0.0038909472059458494, 0.00598886888474226, -0.006566421128809452, 0.004197514615952969], [-0.001481753308326006, 0.004257608205080032, -0.006162828765809536, 0.015177051536738873, -0.0076774656772613525, 0.00043943754280917346, -0.003304396290332079, 0.006948492489755154, -0.004230299964547157, 0.00668233260512352, -0.008508170954883099, 0.005618165247142315, -0.00250488449819386], [0.001031339168548584, -0.004687123000621796, 0.0018477302510291338, -0.0076774656772613525, 0.01236400194466114, -0.0027281157672405243, -0.004123578313738108, -0.0008356744656339288, 0.005691375117748976, -0.006063994485884905, 0.0050684260204434395, -0.005813586991280317, 0.003082547802478075], [-0.001167318900115788, 0.0063350317068398, -0.005398900713771582, 0.00043943754280917346, -0.0027281157672405243, 0.018887847661972046, -0.003718222491443157, -0.00782968569546938, 0.0006747600273229182, 0.0036548785865306854, -0.004293634090572596, 0.007192214950919151, -0.007033958099782467], [0.00014112847566138953, -0.0032106840517371893, 0.0033341997768729925, -0.003304396290332079, -0.004123578313738108, -0.003718222491443157, 0.017277123406529427, -0.0017031742027029395, -0.009281518869102001, 0.0019544765818864107, 0.0032678968273103237, -0.0008989223279058933, 0.001168387709185481], [-0.0005071160267107189, 0.0003992753045167774, -0.0040319752879440784, 0.006948492489755154, -0.0008356744656339288, -0.00782968569546938, -0.0017031742027029395, 0.016786837950348854, -0.002400889527052641, -0.005903874523937702, -0.001395162777043879, 0.005076180677860975, -0.0037928547244518995], [0.0010074739111587405, -0.0017370367422699928, 0.0028831157833337784, -0.004230299964547157, 0.005691375117748976, 0.0006747600273229182, -0.009281518869102001, -0.002400889527052641, 0.02304140292108059, -0.008238771930336952, -0.0010390961542725563, -0.001999886939302087, 0.004019130486994982], [-0.0011304444633424282, 0.00585269695147872, -0.0038909472059458494, 0.00668233260512352, -0.006063994485884905, 0.0036548785865306854, 0.0019544765818864107, -0.005903874523937702, -0.008238771930336952, 0.030666254460811615, -0.01670707017183304, 8.925837391871028e-06, 0.0033116184640675783], [0.0012794085778295994, -0.007701725699007511, 0.00598886888474226, -0.008508170954883099, 0.0050684260204434395, -0.004293634090572596, 0.0032678968273103237, -0.001395162777043879, -0.0010390961542725563, -0.01670707017183304, 0.03141671419143677, -0.01160401664674282, -0.00328812631778419], [-0.001464925822801888, 0.008707447908818722, -0.006566421128809452, 0.005618165247142315, -0.005813586991280317, 0.007192214950919151, -0.0008989223279058933, 0.005076180677860975, -0.001999886939302087, 8.925837391871028e-06, -0.01160401664674282, 0.0308233629912138, -0.013226469047367573], [0.0011433531763032079, -0.005687139928340912, 0.004197514615952969, -0.00250488449819386, 0.003082547802478075, -0.007033958099782467, 0.001168387709185481, -0.0037928547244518995, 0.004019130486994982, 0.0033116184640675783, -0.00328812631778419, -0.013226469047367573, 0.02296738140285015]], "lowlevel.mfcc.cov": [[7007.22314453125, -1540.2073974609375, 2458.467041015625, -85.40017700195312, 1130.1005859375, 530.6149291992188, 784.9937744140625, 704.8917236328125, 426.6781921386719, 327.9000244140625, 302.4082336425781, 368.99945068359375, 211.64306640625], [-1540.2073974609375, 1546.7281494140625, -1034.681884765625, 533.6404418945312, -330.34930419921875, -19.20360565185547, -62.561214447021484, -109.59135437011719, -72.84548950195312, -96.48241424560547, -56.7372932434082, -114.8701171875, -81.05303955078125], [2458.467041015625, -1034.681884765625, 1695.7960205078125, -317.89227294921875, 715.4124755859375, 144.27679443359375, 427.0467834472656, 329.47003173828125, 270.7274169921875, 173.10853576660156, 134.6584930419922, 198.9342803955078, 169.711181640625], [-85.40017700195312, 533.6404418945312, -317.89227294921875, 481.5309143066406, -32.458370208740234, 173.75367736816406, 47.1627082824707, 43.500946044921875, -26.666168212890625, -25.144685745239258, 2.567551851272583, -39.56509017944336, -47.736026763916016], [1130.1005859375, -330.34930419921875, 715.4124755859375, -32.458370208740234, 435.3361511230469, 126.34840393066406, 269.77398681640625, 182.43975830078125, 138.85382080078125, 78.51048278808594, 80.04259490966797, 83.28993225097656, 72.33418273925781], [530.6149291992188, -19.20360565185547, 144.27679443359375, 173.75367736816406, 126.34840393066406, 190.7803192138672, 115.35591888427734, 104.55924987792969, 40.310638427734375, 31.371570587158203, 31.186630249023438, 16.520498275756836, 3.813072681427002], [784.9937744140625, -62.561214447021484, 427.0467834472656, 47.1627082824707, 269.77398681640625, 115.35591888427734, 267.12615966796875, 160.88328552246094, 128.41836547851562, 64.32449340820312, 71.80529022216797, 66.45904541015625, 51.6042594909668], [704.8917236328125, -109.59135437011719, 329.47003173828125, 43.500946044921875, 182.43975830078125, 104.55924987792969, 160.88328552246094, 168.42137145996094, 104.77603149414062, 68.0103988647461, 50.26273727416992, 47.74617004394531, 30.305736541748047], [426.6781921386719, -72.84548950195312, 270.7274169921875, -26.666168212890625, 138.85382080078125, 40.310638427734375, 128.41836547851562, 104.77603149414062, 135.13648986816406, 72.23368072509766, 52.37089920043945, 46.581703186035156, 33.94569396972656], [327.9000244140625, -96.48241424560547, 173.10853576660156, -25.144685745239258, 78.51048278808594, 31.371570587158203, 64.32449340820312, 68.0103988647461, 72.23368072509766, 86.84630584716797, 51.67737579345703, 43.2869987487793, 22.116985321044922], [302.4082336425781, -56.7372932434082, 134.6584930419922, 2.567551851272583, 80.04259490966797, 31.186630249023438, 71.80529022216797, 50.26273727416992, 52.37089920043945, 51.67737579345703, 89.58910369873047, 58.74754333496094, 34.405059814453125], [368.99945068359375, -114.8701171875, 198.9342803955078, -39.56509017944336, 83.28993225097656, 16.520498275756836, 66.45904541015625, 47.74617004394531, 46.581703186035156, 43.2869987487793, 58.74754333496094, 111.03242492675781, 66.76801300048828], [211.64306640625, -81.05303955078125, 169.711181640625, -47.736026763916016, 72.33418273925781, 3.813072681427002, 51.6042594909668, 30.305736541748047, 33.94569396972656, 22.116985321044922, 34.405059814453125, 66.76801300048828, 87.75728607177734]], "lowlevel.mfcc.icov": [[0.000400423479732126, 0.00013295879762154073, -0.0004259666311554611, -0.00013504941307473928, 0.00015074352268129587, -0.00032314565032720566, -0.00013089267304167151, -0.0006522507756017148, 0.00034894453710876405, 9.947563739842735e-06, -0.00024641284835524857, -0.00044127434375695884, 0.00039426874718628824], [0.00013295879762154073, 0.0026375488378107548, 0.001162259140983224, -0.003172792261466384, 0.00035126248258166015, 0.003015851369127631, -0.002489140024408698, 0.0005920417024753988, -0.0014957085950300097, -7.261121936608106e-05, 0.0009245378314517438, 0.0004343789187259972, -0.001115530147217214], [-0.0004259666311554611, 0.001162259140983224, 0.004376636818051338, 0.0006395013770088553, -0.004216538276523352, 0.0011789281852543354, -0.0006518671871162951, -0.0008529139449819922, -0.001306968042626977, -0.0004944161628372967, 0.0019938359037041664, -0.0005961238057352602, -0.001611065585166216], [-0.00013504941307473928, -0.003172792261466384, 0.0006395013770088553, 0.009527797810733318, -0.0009500507730990648, -0.008735674433410168, 0.0016659764805808663, -0.0023143442813307047, 0.002540251472964883, 0.0018439734121784568, -0.0018788655288517475, -0.0006159258191473782, 0.002081385115161538], [0.00015074352268129587, 0.00035126248258166015, -0.004216538276523352, -0.0009500507730990648, 0.013137685135006905, -0.00129977916367352, -0.006933846510946751, 0.0005942484713159502, 0.0007064276142045856, 0.0009877518750727177, -0.002120458986610174, 0.0021131751127541065, -0.0006004725000821054], [-0.00032314565032720566, 0.003015851369127631, 0.0011789281852543354, -0.008735674433410168, -0.00129977916367352, 0.01837577298283577, -0.0036130063235759735, -0.0036927054170519114, 0.001365235191769898, -0.0025914928410202265, 0.0014971268828958273, 0.0014005148550495505, -0.0013216843362897635], [-0.00013089267304167151, -0.002489140024408698, -0.0006518671871162951, 0.0016659764805808663, -0.006933846510946751, -0.0036130063235759735, 0.01912016235291958, -0.0058465320616960526, -0.005510046146810055, 0.004819671623408794, -0.0035133592318743467, -0.0013872890267521143, 0.00018105011258739978], [-0.0006522507756017148, 0.0005920417024753988, -0.0008529139449819922, -0.0023143442813307047, 0.0005942484713159502, -0.0036927054170519114, -0.0058465320616960526, 0.024594416841864586, -0.007748064585030079, -0.00550919258967042, 0.0030994571279734373, 0.00016795752162579447, 0.00016820991004351526], [0.00034894453710876405, -0.0014957085950300097, -0.001306968042626977, 0.002540251472964883, 0.0007064276142045856, 0.001365235191769898, -0.005510046146810055, -0.007748064585030079, 0.024740533903241158, -0.010863895528018475, -0.001479952479712665, 0.001197143690660596, -0.00020212342496961355], [9.947563739842735e-06, -7.261121936608106e-05, -0.0004944161628372967, 0.0018439734121784568, 0.0009877518750727177, -0.0025914928410202265, 0.004819671623408794, -0.00550919258967042, -0.010863895528018475, 0.029356909915804863, -0.010022398084402084, -0.002954622032120824, 0.0032158091198652983], [-0.00024641284835524857, 0.0009245378314517438, 0.0019938359037041664, -0.0018788655288517475, -0.002120458986610174, 0.0014971268828958273, -0.0035133592318743467, 0.0030994571279734373, -0.001479952479712665, -0.010022398084402084, 0.02445136569440365, -0.008081994019448757, -0.0010900568449869752], [-0.00044127434375695884, 0.0004343789187259972, -0.0005961238057352602, -0.0006159258191473782, 0.0021131751127541065, 0.0014005148550495505, -0.0013872890267521143, 0.00016795752162579447, 0.001197143690660596, -0.002954622032120824, -0.008081994019448757, 0.023672420531511307, -0.013322167098522186], [0.00039426874718628824, -0.001115530147217214, -0.001611065585166216, 0.002081385115161538, -0.0006004725000821054, -0.0013216843362897635, 0.00018105011258739978, 0.00016820991004351526, -0.00020212342496961355, 0.0032158091198652983, -0.0010900568449869752, -0.013322167098522186, 0.02388041652739048]], "metadata.audio_properties.analysis.downmix": "mix", "metadata.audio_properties.codec": "mp3", "metadata.audio_properties.md5_encoded": "0a1986cc9fbc41ff9deffa11ac6ce7ef", "metadata.tags.file_name": "1182273696640016465.mp3", "metadata.version.essentia": "2.1-beta6-dev", "metadata.version.essentia_git_sha": "v2.1_beta5-1110-g77a6a954", "metadata.version.extractor": "music 2.0", "tonal.chords_key": "C#", "tonal.chords_scale": "minor", "tonal.key_edma.key": "F", "tonal.key_edma.scale": "minor", "tonal.key_krumhansl.key": "F", "tonal.key_krumhansl.scale": "minor", "tonal.key_temperley.key": "F", "tonal.key_temperley.scale": "minor", "metadata.tags.encoding": ["Lavf58.45.100"]}, "essentia_models": [{"model_name": "genre_dortmund", "activations": {"alternative": "0.17737348", "blues": "0.022458838", "electronic": "0.04961172", "folkcountry": "0.022683159", "funksoulrnb": "0.017118767", "jazz": "0.041845407", "pop": "0.014647737", "raphiphop": "0.00