{"song_id": "1182279416919883816", "download": "https://cdn.discordapp.com/attachments/1128313332273782784/1182279416919883816/chirp.mp4?ex=65841e82&amp", "lyrics": "For the second year we are on twich our live show is called it's not TV\nwith Mario Daniel and Pendola\nbut Kike isn't there?\nYou can find him hiding behind a tree\n\n[chorus]\n you can watch us on TV but it's not TV \nwe are live connect twitch to your tv \nbut remember it's not a TV\n\nI'll tell you what I think\n you tell me what you think\n Strange things happen out there\n Even stranger things happen in here\n\n[chorus]\n you can watch us on TV but it's not TV we are live connect twitch to your tv\nbut remember it's not a TV \n\nOne couch, four assholes. It's not the start of a gangbang, it's not TV. \nlike Baldo dog or wolf no one knows what he is. \nbut sure it's not TV.", "style": ["rock</span><span>, female voice"], "essentia_features": {"lowlevel.average_loudness": 0.9763641357421875, "lowlevel.barkbands_crest.mean": 12.937448501586914, "lowlevel.barkbands_crest.stdev": 5.396224021911621, "lowlevel.barkbands_flatness_db.mean": 0.2178497016429901, "lowlevel.barkbands_flatness_db.stdev": 0.0820489227771759, "lowlevel.barkbands_kurtosis.mean": 23.525394439697266, "lowlevel.barkbands_kurtosis.stdev": 54.20613479614258, "lowlevel.barkbands_skewness.mean": 2.1075360774993896, "lowlevel.barkbands_skewness.stdev": 3.710663318634033, "lowlevel.barkbands_spread.mean": 18.62180519104004, "lowlevel.barkbands_spread.stdev": 18.915597915649414, "lowlevel.dissonance.mean": 0.44776806235313416, "lowlevel.dissonance.stdev": 0.05719544366002083, "lowlevel.dynamic_complexity": 3.0119071006774902, "lowlevel.erbbands_crest.mean": 12.345101356506348, "lowlevel.erbbands_crest.stdev": 5.233946800231934, "lowlevel.erbbands_flatness_db.mean": 0.20565375685691833, "lowlevel.erbbands_flatness_db.stdev": 0.057651910930871964, "lowlevel.erbbands_kurtosis.mean": 3.736910104751587, "lowlevel.erbbands_kurtosis.stdev": 7.548910140991211, "lowlevel.erbbands_skewness.mean": 0.37255096435546875, "lowlevel.erbbands_skewness.stdev": 1.5871553421020508, "lowlevel.erbbands_spread.mean": 41.54195022583008, "lowlevel.erbbands_spread.stdev": 32.905364990234375, "lowlevel.hfc.mean": 32.981685638427734, "lowlevel.hfc.stdev": 64.28694915771484, "lowlevel.loudness_ebu128.integrated": -14.93454360961914, "lowlevel.loudness_ebu128.loudness_range": 0.9473609924316406, "lowlevel.loudness_ebu128.momentary.mean": -15.16461181640625, "lowlevel.loudness_ebu128.momentary.stdev": 1.5312343835830688, "lowlevel.loudness_ebu128.short_term.mean": -14.96877384185791, "lowlevel.loudness_ebu128.short_term.stdev": 0.33836573362350464, "lowlevel.melbands_crest.mean": 18.100399017333984, "lowlevel.melbands_crest.stdev": 7.876816272735596, "lowlevel.melbands_flatness_db.mean": 0.24785155057907104, "lowlevel.melbands_flatness_db.stdev": 0.11539599299430847, "lowlevel.melbands_kurtosis.mean": 52.5300407409668, "lowlevel.melbands_kurtosis.stdev": 96.22830200195312, "lowlevel.melbands_skewness.mean": 3.9501500129699707, "lowlevel.melbands_skewness.stdev": 4.548664569854736, "lowlevel.melbands_spread.mean": 32.06843948364258, "lowlevel.melbands_spread.stdev": 45.50846481323242, "lowlevel.pitch_salience.mean": 0.46674156188964844, "lowlevel.pitch_salience.stdev": 0.22732707858085632, "lowlevel.silence_rate_20dB.mean": 1.0, "lowlevel.silence_rate_20dB.stdev": 0.0, "lowlevel.silence_rate_30dB.mean": 0.9984543919563293, "lowlevel.silence_rate_30dB.stdev": 0.039283640682697296, "lowlevel.silence_rate_60dB.mean": 0.16615146398544312, "lowlevel.silence_rate_60dB.stdev": 0.3722144067287445, "lowlevel.spectral_centroid.mean": 1567.1395263671875, "lowlevel.spectral_centroid.stdev": 1627.3365478515625, "lowlevel.spectral_complexity.mean": 7.938949108123779, "lowlevel.spectral_complexity.stdev": 6.4597249031066895, "lowlevel.spectral_decrease.mean": -5.660854007771832e-09, "lowlevel.spectral_decrease.stdev": 5.509237066547712e-09, "lowlevel.spectral_energy.mean": 0.024356933310627937, "lowlevel.spectral_energy.stdev": 0.021599099040031433, "lowlevel.spectral_energyband_high.mean": 0.0025867498479783535, "lowlevel.spectral_energyband_high.stdev": 0.007673216052353382, "lowlevel.spectral_energyband_low.mean": 0.002220190828666091, "lowlevel.spectral_energyband_low.stdev": 0.004226126242429018, "lowlevel.spectral_energyband_middle_high.mean": 0.004578117746859789, "lowlevel.spectral_energyband_middle_high.stdev": 0.009055698290467262, "lowlevel.spectral_energyband_middle_low.mean": 0.01703459583222866, "lowlevel.spectral_energyband_middle_low.stdev": 0.019177271053195, "lowlevel.spectral_entropy.mean": 7.317699909210205, "lowlevel.spectral_entropy.stdev": 0.8458942174911499, "lowlevel.spectral_flux.mean": 0.09400738030672073, "lowlevel.spectral_flux.stdev": 0.053964678198099136, "lowlevel.spectral_kurtosis.mean": 4.980511665344238, "lowlevel.spectral_kurtosis.stdev": 4.732930660247803, "lowlevel.spectral_rms.mean": 0.004228861536830664, "lowlevel.spectral_rms.stdev": 0.002424779115244746, "lowlevel.spectral_rolloff.mean": 2979.62890625, "lowlevel.spectral_rolloff.stdev": 3768.578125, "lowlevel.spectral_skewness.mean": 1.8088443279266357, "lowlevel.spectral_skewness.stdev": 0.9206944108009338, "lowlevel.spectral_spread.mean": 6462471.5, "lowlevel.spectral_spread.stdev": 2716416.25, "lowlevel.spectral_strongpeak.mean": 1.4961506128311157, "lowlevel.spectral_strongpeak.stdev": 2.270503520965576, "lowlevel.zerocrossingrate.mean": 0.10693434625864029, "lowlevel.zerocrossingrate.stdev": 0.10511812567710876, "metadata.audio_properties.analysis.equal_loudness": 0.0, "metadata.audio_properties.analysis.length": 30.0159854888916, "metadata.audio_properties.analysis.sample_rate": 44100.0, "metadata.audio_properties.analysis.start_time": 0.0, "metadata.audio_properties.bit_rate": 127732.0, "metadata.audio_properties.length": 30.016000747680664, "metadata.audio_properties.lossless": 0.0, "metadata.audio_properties.number_channels": 1.0, "metadata.audio_properties.replay_gain": -12.072778701782227, "metadata.audio_properties.sample_rate": 48000.0, "rhythm.beats_count": 55.0, "rhythm.beats_loudness.mean": 0.033342353999614716, "rhythm.beats_loudness.stdev": 0.02466057799756527, "rhythm.bpm": 100.78253173828125, "rhythm.bpm_histogram_first_peak_bpm": 101.0, "rhythm.bpm_histogram_first_peak_weight": 0.5294117331504822, "rhythm.bpm_histogram_second_peak_bpm": 112.0, "rhythm.bpm_histogram_second_peak_spread": 0.6666666269302368, "rhythm.bpm_histogram_second_peak_weight": 0.14814814925193787, "rhythm.danceability": 1.849944829940796, "rhythm.onset_rate": 5.793239116668701, "tonal.chords_changes_rate": 0.18672838807106018, "tonal.chords_number_rate": 0.026234567165374756, "tonal.chords_strength.mean": 0.4254576563835144, "tonal.chords_strength.stdev": 0.09930691123008728, "tonal.hpcp_crest.mean": 13.673680305480957, "tonal.hpcp_crest.stdev": 6.485457420349121, "tonal.hpcp_entropy.mean": 2.057927370071411, "tonal.hpcp_entropy.stdev": 0.8390504121780396, "tonal.key_edma.strength": 0.372537761926651, "tonal.key_krumhansl.strength": 0.3750249147415161, "tonal.key_temperley.strength": 0.37173599004745483, "tonal.tuning_diatonic_strength": 0.382070392370224, "tonal.tuning_equal_tempered_deviation": 0.27675697207450867, "tonal.tuning_frequency": 455.2535400390625, "tonal.tuning_nontempered_energy_ratio": 0.9037650227546692, "lowlevel.barkbands.mean": [1.4369906011779676e-06, 4.587963758240221e-06, 0.00020973921346012503, 0.007768379058688879, 0.005477685481309891, 0.0009804683504626155, 0.00044591500773094594, 0.001160900923423469, 0.0010634679347276688, 0.0007703574956394732, 0.0008436479256488383, 0.0008129682973958552, 0.0005214124685153365, 0.0004318694700486958, 0.00023721467005088925, 0.000263557187281549, 0.00032490011653862894, 0.00017211626982316375, 0.00020176100952085108, 0.00015827154857106507, 0.00018235089373774827, 0.00022382552560884506, 0.0004088103014510125, 0.0009801079286262393, 0.0006118849269114435, 9.856726683210582e-05, 7.319655992432672e-07], "lowlevel.barkbands.stdev": [3.458157834757003e-06, 1.0099116479977965e-05, 0.000537823187187314, 0.011575181037187576, 0.009575332514941692, 0.002539683599025011, 0.002110474742949009, 0.0039048735052347183, 0.003986943978816271, 0.002620493993163109, 0.0035993484780192375, 0.0031591367442160845, 0.0017969851614907384, 0.0014298204332590103, 0.0007131920428946614, 0.0007951044826768339, 0.000625625136308372, 0.00047416199231520295, 0.001060945331119001, 0.0008597836713306606, 0.0007471762946806848, 0.0007827148074284196, 0.0014476317446678877, 0.003343036398291588, 0.001889608334749937, 0.0002624577609822154, 2.98082659355714e-06], "lowlevel.erbbands.mean": [0.00034959070035256445, 0.006585427559912205, 0.32180124521255493, 11.348761558532715, 36.87877655029297, 6.972766399383545, 2.5452489852905273, 10.703665733337402, 6.932962894439697, 15.559857368469238, 23.10814094543457, 24.869606018066406, 18.078968048095703, 32.33719253540039, 39.852630615234375, 30.945152282714844, 24.4420166015625, 25.863100051879883, 15.141655921936035, 13.48120403289795, 14.525028228759766, 18.288373947143555, 11.42689037322998, 8.046086311340332, 10.273411750793457, 7.509645462036133, 7.97076416015625, 6.389044761657715, 7.70648717880249, 9.994104385375977, 11.864602088928223, 15.7349271774292, 18.99301528930664, 9.864867210388184, 2.469329833984375, 0.6080797910690308, 0.15452136099338531, 0.015340529382228851, 0.00035732873948290944, 5.5610591516597196e-05], "lowlevel.erbbands.stdev": [0.0004636818775907159, 0.00933088269084692, 0.5410972237586975, 17.012496948242188, 53.517818450927734, 13.918402671813965, 5.597604751586914, 30.072418212890625, 29.779464721679688, 55.15367889404297, 79.12271118164062, 93.69401550292969, 70.08002471923828, 111.09520721435547, 164.47332763671875, 115.47937774658203, 76.63478088378906, 81.61723327636719, 43.18708038330078, 40.55327224731445, 37.39073944091797, 34.605289459228516, 27.15530776977539, 39.29309844970703, 55.145259857177734, 40.075439453125, 36.06100082397461, 24.22614288330078, 28.30976676940918, 33.580780029296875, 42.44756317138672, 58.70099639892578, 63.71556854248047, 31.715627670288086, 6.742659568786621, 1.6135557889938354, 0.42368921637535095, 0.048387110233306885, 0.0009830071358010173, 7.96681924839504e-05], "lowlevel.gfcc.mean": [-75.33705139160156, 29.856998443603516, -100.51019287109375, 19.313465118408203, -60.293312072753906, 10.891314506530762, -72.47342681884766, 6.270944595336914, -50.41438293457031, -13.969229698181152, -29.942302703857422, -11.044435501098633, -17.79905891418457], "lowlevel.melbands.mean": [1.1889846973645035e-06, 0.00017037815996445715, 0.003072139574214816, 0.0015492846723645926, 7.646580343134701e-05, 0.00022251346672419459, 0.00010160864621866494, 0.00019748865452129394, 0.0001840235199779272, 0.0001579943927936256, 8.71452284627594e-05, 0.00012900384899694473, 0.00012157019227743149, 9.71303743426688e-05, 6.496949208667502e-05, 5.447352668852545e-05, 4.769195584231056e-05, 2.5501552954665385e-05, 1.6726549802115187e-05, 1.9115990653517656e-05, 1.6354244507965632e-05, 1.9271757992100902e-05, 1.6508367480128072e-05, 5.824810159538174e-06, 6.351846877805656e-06, 8.15338353277184e-06, 6.146144642116269e-06, 4.677935976360459e-06, 4.765705398313003e-06, 4.762358003063127e-06, 3.3545836686244e-06, 4.210298357065767e-06, 4.616477781382855e-06, 5.977582532068482e-06, 6.305016995611368e-06, 7.845880645618308e-06, 1.0455685696797445e-05, 1.3995592780702282e-05, 1.192329636978684e-05, 7.122392162273172e-06], "lowlevel.melbands.stdev": [2.4044636575126788e-06, 0.0003270612214691937, 0.004188877996057272, 0.0024201038759201765, 0.00016988173592835665, 0.0006015872349962592, 0.0004393180424813181, 0.0007021726341918111, 0.0006798289250582457, 0.0006054701516404748, 0.0003453267563600093, 0.00045101018622517586, 0.0005050463369116187, 0.0003896524722222239, 0.0002473465574439615, 0.0001905337267089635, 0.0001612428604857996, 7.765773625578731e-05, 4.989484295947477e-05, 6.250017759157345e-05, 4.2006558942375705e-05, 3.8479920476675034e-05, 3.537577504175715e-05, 2.120684257533867e-05, 3.32246272591874e-05, 4.3935910071013495e-05, 3.491941242828034e-05, 2.615219636936672e-05, 2.324475281056948e-05, 2.0471421521506272e-05, 1.2791615517926402e-05, 1.6112495359266177e-05, 1.5885236280155368e-05, 2.0879066141787916e-05, 2.2368491045199335e-05, 3.134122380288318e-05, 3.913805267075077e-05, 4.730085493065417e-05, 4.146686114836484e-05, 2.222831426479388e-05], "lowlevel.melbands128.mean": [7.197255627033883e-07, 8.660162507112545e-07, 1.2315068715906818e-06, 2.078495981550077e-06, 8.178009011317044e-06, 0.00014364907110575587, 0.0015295246848836541, 0.004970430862158537, 0.004312810953706503, 0.001011368352919817, 7.966206612763926e-05, 3.767628004425205e-05, 5.1310846174601465e-05, 0.00013686966849491, 0.00029667039052583277, 0.00024196330923587084, 0.0001224222214659676, 6.9264649937395e-05, 7.571496098535135e-05, 0.00016719971608836204, 0.0002934313379228115, 0.0002063520805677399, 0.00017720968753565103, 0.00014458769874181598, 0.00015248720592353493, 0.00019036175217479467, 0.00010482598736416548, 6.321717228274792e-05, 6.395066156983376e-05, 0.00016280505224131048, 0.00013918164768256247, 9.20583916013129e-05, 9.970323299057782e-05, 0.00018595829897094518, 9.804349247133359e-05, 6.71398447593674e-05, 8.972895739134401e-05, 7.927301339805126e-05, 3.476220808806829e-05, 5.0335755076957867e-05, 7.006453233771026e-05, 4.307568815420382e-05, 4.81201168440748e-05, 5.6423927162541077e-05, 2.4757677238085307e-05, 2.3499696908402257e-05, 1.9767379853874445e-05, 1.3254130863060709e-05, 1.7586577087058686e-05, 1.8964223272632807e-05, 1.994321428355761e-05, 1.936348417075351e-05, 1.4094930520514026e-05, 1.6441888874396682e-05, 1.7878448488772847e-05, 2.1568523152382113e-05, 1.7335118172923103e-05, 2.0114031940465793e-05, 1.6977668565232307e-05, 8.073185199464206e-06, 4.668932888307609e-06, 3.9142314562923275e-06, 5.951071216259152e-06, 6.797837158956099e-06, 7.554667718068231e-06, 8.606099981989246e-06, 8.803035598248243e-06, 6.397477136488305e-06, 5.840425728820264e-06, 5.0669423217186704e-06, 4.359306785772787e-06, 4.953278221364599e-06, 4.207551683066413e-06, 4.6019208639336284e-06, 5.49567357666092e-06, 5.503921329363948e-06, 4.261494268575916e-06, 3.0509120279020863e-06, 3.3138728667836403e-06, 3.389334096937091e-06, 3.957674834964564e-06, 4.829565114050638e-06, 4.3849322537425905e-06, 4.0748204810370225e-06, 5.1995662033732515e-06, 5.9385311033111066e-06, 5.981416961731156e-06, 6.821784609201131e-06, 5.244256044534268e-06, 6.5214853748329915e-06, 9.127627890848089e-06, 6.825403943366837e-06, 8.338710358657409e-06, 1.0015295629273169e-05, 1.140676158684073e-05, 1.554435584694147e-05, 1.3862693776900414e-05, 1.3419805327430367e-05, 1.2211891771585215e-05, 1.182043160952162e-05, 8.357188562513329e-06, 6.420300906029297e-06, 5.532189788937103e-06, 3.520854988892097e-06, 2.242438995381235e-06, 1.6907355302464566e-06, 1.3493637425199267e-06, 1.290347654503421e-06, 1.015523253045103e-06, 6.770006848455523e-07, 6.622989872084872e-07, 4.71008121394334e-07, 5.223143375587824e-07, 4.0823502445164195e-07, 2.833540975188953e-07, 1.4790032309974777e-07, 3.144048932313126e-08, 3.456649189104155e-09, 2.5041413387327793e-10, 6.235061078552206e-11, 4.076794110630111e-11, 1.6505645808462255e-11, 3.1960859740026715e-12, 3.097509228278117e-12, 3.012883128747368e-12, 2.9111530894243565e-12, 2.8510171654061445e-12, 2.827078198278099e-12], "lowlevel.melbands128.stdev": [1.6510891782672843e-06, 2.096534217344015e-06, 2.85223541141022e-06, 5.412417522165924e-06, 2.269772085128352e-05, 0.00037153236917220056, 0.0029233128298074007, 0.007407768629491329, 0.0067969090305268764, 0.002484896220266819, 0.0003138247993774712, 0.00013351505913306028, 0.00018095244013238698, 0.0004081012448295951, 0.0009424049057997763, 0.0007760642911307514, 0.000608984671998769, 0.0005895259673707187, 0.0005253555136732757, 0.0007156968931667507, 0.001258146483451128, 0.0008408304420299828, 0.0009660958894528449, 0.0009838220430538058, 0.0007415734580717981, 0.0009296604548580945, 0.0005881490651518106, 0.0004608489980455488, 0.0002926562156062573, 0.0006336326478049159, 0.0006269539007917047, 0.0006280564120970666, 0.0005622187745757401, 0.001047266647219658, 0.0005009901942685246, 0.0004385604406706989, 0.0004614835197571665, 0.0003638236958067864, 0.00017184055468533188, 0.0002284802176291123, 0.00031035204301588237, 0.00017427938291803002, 0.0002171660162275657, 0.00024013030633796006, 9.40542304306291e-05, 9.844423038884997e-05, 8.884118142304942e-05, 4.518059722613543e-05, 7.663958240300417e-05, 7.716193067608401e-05, 8.122671715682372e-05, 8.337554027093574e-05, 4.5373919419944286e-05, 4.7104844270506874e-05, 4.485907993512228e-05, 5.1166331104468554e-05, 4.444477963261306e-05, 5.304320075083524e-05, 3.9983136957744136e-05, 2.445229620207101e-05, 2.1025471141911112e-05, 1.9926801542169414e-05, 3.919133450835943e-05, 3.761321204365231e-05, 4.327721762820147e-05, 4.8106525355251506e-05, 5.230161696090363e-05, 3.946469951188192e-05, 3.586810271372087e-05, 2.8098653274355456e-05, 2.376326301600784e-05, 3.912940519512631e-05, 2.1008489056839608e-05, 2.397578464297112e-05, 2.899906030506827e-05, 2.3927104848553427e-05, 1.798171069822274e-05, 1.3029264664510265e-05, 1.3171833415981382e-05, 1.410151435266016e-05, 1.6928886907408014e-05, 1.9497567336657085e-05, 1.8553533664089628e-05, 1.442051689082291e-05, 1.7917414879775606e-05, 2.191622661484871e-05, 2.3101552869775333e-05, 2.8444699637475424e-05, 1.83961856237147e-05, 2.46412764681736e-05, 3.7962032365612686e-05, 2.9568291211035103e-05, 3.624977762228809e-05, 4.06622129958123e-05, 4.326192720327526e-05, 5.7480403484078124e-05, 4.75480810564477e-05, 4.762154640047811e-05, 4.5053238864056766e-05, 4.41792763012927e-05, 2.8296821255935356e-05, 2.0603240045602433e-05, 1.640343361941632e-05, 1.0171298526984174e-05, 6.928581569809467e-06, 5.204545686865458e-06, 3.389516223251121e-06, 3.62365722139657e-06, 3.1957097235135734e-06, 2.200549715780653e-06, 2.102028929584776e-06, 1.3268368093122263e-06, 1.7031312609105953e-06, 1.2538545206552953e-06, 8.972922955763352e-07, 7.331929623433098e-07, 1.212318636589771e-07, 2.0098473996199573e-08, 3.4822471572937275e-09, 1.6415825365712067e-09, 9.533122069527167e-10, 3.351996458178519e-10, 5.006851704070225e-12, 4.854943270321543e-12, 4.770959668998209e-12, 4.701328302353369e-12, 4.652674946703517e-12, 4.623040665563405e-12], "lowlevel.mfcc.mean": [-730.0792846679688, 74.45369720458984, 8.943731307983398, 2.0089213848114014, 22.999330520629883, -15.055721282958984, -0.09466639161109924, -10.521929740905762, -7.595640659332275, -21.095491409301758, -15.467290878295898, -12.09084415435791, -13.54436206817627], "lowlevel.spectral_contrast_coeffs.mean": [-0.5378726720809937, -0.7406758666038513, -0.7928162217140198, -0.780176043510437, -0.7810322046279907, -0.7914328575134277], "lowlevel.spectral_contrast_coeffs.stdev": [0.14204175770282745, 0.11225732415914536, 0.08679841458797455, 0.06916853040456772, 0.056454338133335114, 0.045218490064144135], "lowlevel.spectral_contrast_valleys.mean": [-8.926466941833496, -8.218690872192383, -8.435851097106934, -8.492548942565918, -8.351285934448242, -10.338515281677246], "lowlevel.spectral_contrast_valleys.stdev": [1.003319263458252, 1.1984058618545532, 1.2097070217132568, 1.0287235975265503, 0.9910993576049805, 1.3001803159713745], "rhythm.beats_loudness_band_ratio.mean": [0.3455965518951416, 0.12245436012744904, 0.10195224732160568, 0.08976522833108902, 0.07238765060901642, 0.3456874489784241], "rhythm.beats_loudness_band_ratio.stdev": [0.35724592208862305, 0.17443527281284332, 0.17831666767597198, 0.1883043646812439, 0.0838778167963028, 0.431135356426239], "tonal.hpcp.mean": [0.07325446605682373, 0.05823497474193573, 0.05889957398176193, 0.0642276406288147, 0.06575480103492737, 0.058178868144750595, 0.06228302791714668, 0.08873549848794937, 0.09710119664669037, 0.07910486310720444, 0.08842308074235916, 0.08824139833450317, 0.06479407846927643, 0.06825215369462967, 0.09016036242246628, 0.12656182050704956, 0.13330698013305664, 0.1170424222946167, 0.14666631817817688, 0.16642063856124878, 0.16937106847763062, 0.2067054957151413, 0.2400861233472824, 0.24552147090435028, 0.22155863046646118, 0.1724749356508255, 0.13200119137763977, 0.13078495860099792, 0.13457563519477844, 0.12778322398662567, 0.13214850425720215, 0.1251128762960434, 0.11329969763755798, 0.10960203409194946, 0.09673137217760086, 0.08743060380220413], "tonal.hpcp.stdev": [0.18613369762897491, 0.15025800466537476, 0.14786866307258606, 0.15190286934375763, 0.15340857207775116, 0.1341923177242279, 0.12928448617458344, 0.18543320894241333, 0.20044603943824768, 0.15813523530960083, 0.19932855665683746, 0.19163858890533447, 0.1541154533624649, 0.15360033512115479, 0.2055729180574417, 0.240148663520813, 0.2598097026348114, 0.22486229240894318, 0.27942419052124023, 0.28454259037971497, 0.2826845347881317, 0.3117114007472992, 0.3356707990169525, 0.33295923471450806, 0.33268705010414124, 0.28897902369499207, 0.25001275539398193, 0.2509985566139221, 0.2541692852973938, 0.23416626453399658, 0.2567112147808075, 0.244456946849823, 0.23467668890953064, 0.22993451356887817, 0.19637970626354218, 0.19828273355960846], "rhythm.beats_position": [0.5108389854431152, 1.05650794506073, 1.6021767854690552, 2.1246259212493896, 2.6470746994018555, 3.14630389213562, 3.6455328464508057, 4.156371593475342, 4.702040672302246, 5.236099720001221, 5.781768798828125, 6.304217338562012, 6.838276386260986, 7.430385589599609, 8.034104347229004, 8.626213073730469, 9.241541862487793, 9.845260620117188, 10.437369346618652, 11.029478073120117, 11.633196830749512, 12.236915588378906, 12.8406343460083, 13.397913932800293, 13.955192565917969, 14.547301292419434, 15.139410018920898, 15.743128776550293, 16.335237503051758, 16.88090705871582, 17.44979476928711, 18.04190444946289, 18.622404098510742, 19.133241653442383, 19.644081115722656, 20.18975067138672, 20.71219825744629, 21.26947784423828, 21.791927337646484, 22.291156768798828, 22.825214385986328, 23.35927391052246, 23.893333435058594, 24.450611114501953, 24.984670639038086, 25.51873016357422, 26.05278778076172, 26.61006736755371, 27.051246643066406, 27.4924259185791, 27.933605194091797, 28.374784469604492, 28.815963745117188, 29.257143020629883, 29.709932327270508], "rhythm.bpm_histogram": [0.0, 0.0, 0.0, 0.0, 0.0, 0.0, 0.0, 0.0, 0.0, 0.0, 0.0, 0.0, 0.0, 0.0, 0.0, 0.0, 0.0, 0.0, 0.0, 0.0, 0.0, 0.0, 0.0, 0.0, 0.0, 0.0, 0.0, 0.0, 0.0, 0.0, 0.0, 0.0, 0.0, 0.0, 0.0, 0.0, 0.0, 0.0, 0.0, 0.0, 0.0, 0.0, 0.0, 0.0, 0.0, 0.0, 0.0, 0.0, 0.0, 0.0, 0.0, 0.0, 0.0, 0.0, 0.0, 0.0, 0.0, 0.0, 0.0, 0.0, 0.0, 0.0, 0.0, 0.0, 0.0, 0.0, 0.0, 0.0, 0.0, 0.0, 0.0, 0.0, 0.0, 0.0, 0.0, 0.0, 0.0, 0.0, 0.0, 0.0, 0.0, 0.0, 0.0, 0.0, 0.0, 0.0, 0.0, 0.0, 0.0, 0.0, 0.0, 0.0, 0.0, 0.0, 0.0, 0.0, 0.0, 0.0, 0.018518518656492233, 0.1111111119389534, 0.0, 0.14814814925193787, 0.0, 0.018518518656492233, 0.0, 0.018518518656492233, 0.0, 0.0, 0.09259258955717087, 0.0, 0.1111111119389534, 0.0, 0.14814814925193787, 0.0, 0.0, 0.09259258955717087, 0.0, 0.0555555559694767, 0.0, 0.0, 0.0555555559694767, 0.0, 0.0, 0.0, 0.0, 0.0, 0.0, 0.0, 0.0, 0.0, 0.0, 0.0, 0.0, 0.018518518656492233, 0.0, 0.0, 0.1111111119389534, 0.0, 0.0, 0.0, 0.0, 0.0, 0.0, 0.0, 0.0, 0.0, 0.0, 0.0, 0.0, 0.0, 0.0, 0.0, 0.0, 0.0, 0.0, 0.0, 0.0, 0.0, 0.0, 0.0, 0.0, 0.0, 0.0, 0.0, 0.0, 0.0, 0.0, 0.0, 0.0, 0.0, 0.0, 0.0, 0.0, 0.0, 0.0, 0.0, 0.0, 0.0, 0.0, 0.0, 0.0, 0.0, 0.0, 0.0, 0.0, 0.0, 0.0, 0.0, 0.0, 0.0, 0.0, 0.0, 0.0, 0.0, 0.0, 0.0, 0.0, 0.0, 0.0, 0.0, 0.0, 0.0, 0.0, 0.0, 0.0, 0.0, 0.0, 0.0, 0.0, 0.0, 0.0, 0.0, 0.0, 0.0, 0.0, 0.0, 0.0, 0.0, 0.0, 0.0, 0.0, 0.0, 0.0, 0.0, 0.0, 0.0, 0.0, 0.0, 0.0, 0.0, 0.0, 0.0, 0.0, 0.0, 0.0, 0.0, 0.0, 0.0, 0.0, 0.0, 0.0, 0.0, 0.0, 0.0, 0.0, 0.0, 0.0, 0.0, 0.0, 0.0], "tonal.chords_histogram": [3.2407407760620117, 0.6172839403152466, 5.55555534362793, 0.0, 3.395061731338501, 4.012345790863037, 2.160493850708008, 0.46296295523643494, 0.46296295523643494, 12.191357612609863, 23.765432357788086, 2.4691357612609863, 2.0061728954315186, 6.635802268981934, 3.7037036418914795, 0.15432098507881165, 8.796296119689941, 12.34567928314209, 0.15432098507881165, 1.3888888359069824, 1.6975308656692505, 2.160493850708008, 0.0, 2.6234567165374756], "tonal.thpcp": [1.0, 0.9024001955986023, 0.702484130859375, 0.5376360416412354, 0.5326823592185974, 0.5481216311454773, 0.5204564332962036, 0.5382360219955444, 0.5095801949501038, 0.4614655375480652, 0.4464050829410553, 0.3939833641052246, 0.3561016619205475, 0.29836276173591614, 0.2371889352798462, 0.23989582061767578, 0.26159682869911194, 0.2678169012069702, 0.23696041107177734, 0.25367650389671326, 0.36141645908355713, 0.3954896330833435, 0.3221912384033203, 0.3601439893245697, 0.3594039976596832, 0.2639039158821106, 0.2779885232448578, 0.36721986532211304, 0.51548171043396, 0.5429544448852539, 0.4767095148563385, 0.5973665714263916, 0.6778252124786377, 0.689842164516449, 0.8419039249420166, 0.9778620004653931], "lowlevel.gfcc.cov": [[7963.06103515625, 628.6076049804688, -300.9500427246094, -711.3300170898438, -357.7634582519531, -197.18301391601562, -290.9020690917969, 118.23296356201172, -97.98562622070312, -147.37278747558594, -144.68072509765625, -262.66534423828125, -39.147499084472656], [628.6076049804688, 4901.61328125, 636.742919921875, -1338.0831298828125, 662.6314086914062, -363.7916259765625, -159.93154907226562, -64.43324279785156, -353.3611145019531, -382.64532470703125, -141.1256866455078, -288.2701416015625, -108.22081756591797], [-300.9500427246094, 636.742919921875, 1692.4232177734375, 664.8857421875, 259.9212951660156, -134.83367919921875, -223.1072540283203, -177.5240020751953, -107.18367767333984, -160.96258544921875, -51.62278366088867, 93.6667251586914, -14.895061492919922], [-711.3300170898438, -1338.0831298828125, 664.8857421875, 1877.6429443359375, 157.8588409423828, -218.49549865722656, -306.638916015625, -224.95997619628906, 142.11204528808594, -153.53115844726562, -18.554439544677734, 226.2383270263672, 114.51851654052734], [-357.7634582519531, 662.6314086914062, 259.9212951660156, 157.8588409423828, 590.4559936523438, -0.62013840675354, -103.18416595458984, -54.16264724731445, -87.52339172363281, -133.16537475585938, -102.36731719970703, -31.6480712890625, 8.564448356628418], [-197.18301391601562, -363.7916259765625, -134.83367919921875, -218.49549865722656, -0.62013840675354, 397.1967468261719, 240.7025604248047, 12.546747207641602, -53.44340896606445, 79.69755554199219, 22.85366439819336, -58.71196365356445, -38.28704071044922], [-290.9020690917969, -159.93154907226562, -223.1072540283203, -306.638916015625, -103.18416595458984, 240.7025604248047, 429.55999755859375, 57.84735107421875, -100.603759765625, 42.16273880004883, 27.819473266601562, -8.954557418823242, -56.692665100097656], [118.23296356201172, -64.43324279785156, -177.5240020751953, -224.95997619628906, -54.16264724731445, 12.546747207641602, 57.84735107421875, 223.3807830810547, 47.045475006103516, -7.593679904937744, -13.270020484924316, -38.529632568359375, -21.588708877563477], [-97.98562622070312, -353.3611145019531, -107.18367767333984, 142.11204528808594, -87.52339172363281, -53.44340896606445, -100.603759765625, 47.045475006103516, 217.34487915039062, 56.05256652832031, -0.12027183175086975, -1.8884098529815674, 16.19831657409668], [-147.37278747558594, -382.64532470703125, -160.96258544921875, -153.53115844726562, -133.16537475585938, 79.69755554199219, 42.16273880004883, -7.593679904937744, 56.05256652832031, 237.1245574951172, 67.63555145263672, -23.593326568603516, -25.13437843322754], [-144.68072509765625, -141.1256866455078, -51.62278366088867, -18.554439544677734, -102.36731719970703, 22.85366439819336, 27.819473266601562, -13.270020484924316, -0.12027183175086975, 67.63555145263672, 142.41000366210938, 25.362281799316406, -23.188365936279297], [-262.66534423828125, -288.2701416015625, 93.6667251586914, 226.2383270263672, -31.6480712890625, -58.71196365356445, -8.954557418823242, -38.529632568359375, -1.8884098529815674, -23.593326568603516, 25.362281799316406, 172.720458984375, 36.86872482299805], [-39.147499084472656, -108.22081756591797, -14.895061492919922, 114.51851654052734, 8.564448356628418, -38.28704071044922, -56.692665100097656, -21.588708877563477, 16.19831657409668, -25.13437843322754, -23.188365936279297, 36.86872482299805, 96.6612548828125]], "lowlevel.gfcc.icov": [[0.00017036814824678004, 3.896624912158586e-05, 2.4175309590646066e-05, 7.98039764049463e-05, 0.00021091643429826945, 3.250564986956306e-05, 0.00027866417076438665, 2.154771937057376e-05, 0.00025141023797914386, 0.00021912308875471354, 0.00020231124653946608, 0.000245538423769176, 0.00015396808157674968], [3.896624912158586e-05, 0.0009518898441456258, -0.0004218739632051438, 0.001137080485932529, -0.000820280343759805, 0.0013969637220725417, -0.00023925681307446212, 0.0011158830020576715, -0.00011609132343437523, 0.0014891235623508692, -0.0005674231797456741, 0.0011864349944517016, 0.00022227161389309913], [2.4175309590646066e-05, -0.0004218739632051438, 0.0010662568965926766, -0.000746904406696558, 0.00036640019970946014, -0.0006997224409133196, 0.0006626091781072319, -0.00027190311811864376, 0.0007287173066288233, -0.0004460366617422551, 0.0005988992052152753, -0.0007774329860694706, 0.0008070404292084277], [7.98039764049463e-05, 0.001137080485932529, -0.000746904406696558, 0.0023657067213207483, -0.001113808830268681, 0.0016403589397668839, -0.00016469771799165756, 0.0021414635702967644, -0.0012274198234081268, 0.0024166221264749765, -0.000858158920891583, 0.0006093241972848773, -8.655442798044533e-05], [0.00021091643429826945, -0.000820280343759805, 0.00036640019970946014, -0.001113808830268681, 0.003611682914197445, -0.001941100344993174, 0.0016297383699566126, -0.0008445506682619452, 0.001616551191546023, -0.0002843125257641077, 0.002184330951422453, -0.00034558676998130977, 0.0005324376979842782], [3.250564986956306e-05, 0.0013969637220725417, -0.0006997224409133196, 0.0016403589397668839, -0.001941100344993174, 0.006600667722523212, -0.0031524074729532003, 0.0020036683417856693, -0.0003722765250131488, 0.0009272224269807339, -0.001330468337982893, 0.0031681645195931196, -0.00031305471202358603], [0.00027866417076438665, -0.00023925681307446212, 0.0006626091781072319, -0.00016469771799165756, 0.0016297383699566126, -0.0031524074729532003, 0.005844155326485634, -0.0013589037116616964, 0.002847854280844331, 7.324192847590894e-05, 0.0012907016789540648, -0.0015336727956309915, 0.0023097244556993246], [2.154771937057376e-05, 0.0011158830020576715, -0.00027190311811864376, 0.0021414635702967644, -0.0008445506682619452, 0.0020036683417856693, -0.0013589037116616964, 0.007857680320739746, -0.0028420225717127323, 0.0034281869884580374, -0.00036997190909460187, 0.001695017097517848, 0.0011379137868061662], [0.00025141023797914386, -0.00011609132343437523, 0.0007287173066288233, -0.0012274198234081268, 0.001616551191546023, -0.0003722765250131488, 0.002847854280844331, -0.0028420225717127323, 0.008766228333115578, -0.0023740020114928484, 0.0017591338837519288, 0.0005068694008514285, 0.0004255106905475259], [0.00021912308875471354, 0.0014891235623508692, -0.0004460366617422551, 0.0024166221264749765, -0.0002843125257641077, 0.0009272224269807339, 7.324192847590894e-05, 0.0034281869884580374, -0.0023740020114928484, 0.009389854967594147, -0.00286278803832829, 0.0023284140042960644, 0.0012897882843390107], [0.00020231124653946608, -0.0005674231797456741, 0.0005988992052152753, -0.000858158920891583, 0.002184330951422453, -0.001330468337982893, 0.0012907016789540648, -0.00036997190909460187, 0.0017591338837519288, -0.00286278803832829, 0.010543840005993843, -0.0024544873740524054, 0.002935885451734066], [0.000245538423769176, 0.0011864349944517016, -0.0007774329860694706, 0.0006093241972848773, -0.00034558676998130977, 0.0031681645195931196, -0.0015336727956309915, 0.001695017097517848, 0.0005068694008514285, 0.0023284140042960644, -0.0024544873740524054, 0.010330324992537498, -0.0026578763499855995], [0.00015396808157674968, 0.00022227161389309913, 0.0008070404292084277, -8.655442798044533e-05, 0.0005324376979842782, -0.00031305471202358603, 0.0023097244556993246, 0.0011379137868061662, 0.0004255106905475259, 0.0012897882843390107, 0.002935885451734066, -0.0026578763499855995, 0.01430330891162157]], "lowlevel.mfcc.cov": [[7834.92041015625, 75.1694107055664, -530.7582397460938, -673.2103271484375, -365.8435363769531, -573.1281127929688, -218.58621215820312, -250.0048828125, 36.45884323120117, -81.41279602050781, 22.09113121032715, -86.92501831054688, -158.52227783203125], [75.1694107055664, 5792.0380859375, -248.17214965820312, -947.1637573242188, 187.63034057617188, -507.6199645996094, 375.2284851074219, -254.7354736328125, 116.65377044677734, -504.5933532714844, 104.10890197753906, -108.13919067382812, -227.57960510253906], [-530.7582397460938, -248.17214965820312, 1367.268798828125, 678.5357666015625, 271.0736999511719, 140.8824005126953, -110.58090209960938, 29.71965980529785, -141.67041015625, -137.09849548339844, -147.99302673339844, 48.678306579589844, 20.52688980102539], [-673.2103271484375, -947.1637573242188, 678.5357666015625, 1361.8631591796875, 555.5543823242188, 146.25677490234375, -311.2832946777344, 112.2667236328125, -128.85226440429688, -176.13363647460938, -317.5171203613281, 33.9191780090332, 4.759942054748535], [-365.8435363769531, 187.63034057617188, 271.0736999511719, 555.5543823242188, 730.847900390625, 50.69746780395508, -161.9943389892578, -6.717352867126465, -6.632156848907471, -91.11274719238281, -194.80975341796875, -11.073859214782715, -49.348716735839844], [-573.1281127929688, -507.6199645996094, 140.8824005126953, 146.25677490234375, 50.69746780395508, 450.0419006347656, 135.83116149902344, 27.85474395751953, -25.7380313873291, 43.64644241333008, -14.199262619018555, 13.382864952087402, 8.434189796447754], [-218.58621215820312, 375.2284851074219, -110.58090209960938, -311.2832946777344, -161.9943389892578, 135.83116149902344, 454.0748291015625, 74.10511779785156, 31.980039596557617, 1.5958774089813232, 113.88623809814453, -7.216987133026123, -25.417875289916992], [-250.0048828125, -254.7354736328125, 29.71965980529785, 112.2667236328125, -6.717352867126465, 27.85474395751953, 74.10511779785156, 267.3570556640625, 41.31102752685547, -24.711048126220703, -29.05857276916504, 7.449883937835693, 1.625959038734436], [36.45884323120117, 116.65377044677734, -141.67041015625, -128.85226440429688, -6.632156848907471, -25.7380313873291, 31.980039596557617, 41.31102752685547, 199.9804229736328, 47.59323501586914, 24.101167678833008, -28.964906692504883, -5.940890789031982], [-81.41279602050781, -504.5933532714844, -137.09849548339844, -176.13363647460938, -91.11274719238281, 43.64644241333008, 1.5958774089813232, -24.711048126220703, 47.59323501586914, 293.9041442871094, 105.4708251953125, 3.2708821296691895, 17.63840675354004], [22.09113121032715, 104.10890197753906, -147.99302673339844, -317.5171203613281, -194.80975341796875, -14.199262619018555, 113.88623809814453, -29.05857276916504, 24.101167678833008, 105.4708251953125, 215.6902313232422, 26.622133255004883, 27.05732536315918], [-86.92501831054688, -108.13919067382812, 48.678306579589844, 33.9191780090332, -11.073859214782715, 13.382864952087402, -7.216987133026123, 7.449883937835693, -28.964906692504883, 3.2708821296691895, 26.622133255004883, 119.09101867675781, 39.279850006103516], [-158.52227783203125, -227.57960510253906, 20.52688980102539, 4.759942054748535, -49.348716735839844, 8.434189796447754, -25.417875289916992, 1.625959038734436, -5.940890789031982, 17.63840675354004, 27.05732536315918, 39.279850006103516, 134.05494689941406]], "lowlevel.mfcc.icov": [[0.00016786885680630803, 6.948773079784587e-05, 7.742204616079107e-06, 0.00012349276221357286, 2.024268906097859e-05, 0.0001976195489987731, 3.932227264158428e-05, 0.0001686692121438682, -4.749557774630375e-05, 0.0002125417086062953, 3.635860048234463e-05, 3.2426539746666094e-06, 0.0002729733823798597], [6.948773079784587e-05, 0.0004372572002466768, -6.914459663676098e-05, 0.0004136170609854162, -0.0003787372843362391, 0.00045326619874686003, -0.000297722639515996, 0.0004293905512895435, -0.0002164959441870451, 0.0009345621219836175, -0.00025424439809285104, 4.1639457776909694e-05, 0.0004973418544977903], [7.742204616079107e-06, -6.914459663676098e-05, 0.0010421129409223795, -0.0005095059750601649, 2.991741530422587e-05, -0.00021179186296649277, 4.850181085203076e-06, 1.1351668035786133e-05, 0.0003786116139963269, 6.472708628280088e-05, -2.3754442736390047e-05, -0.0001620942202862352, -0.0001640359259909019], [0.00012349276221357286, 0.0004136170609854162, -0.0005095059750601649, 0.002434589434415102, -0.0011307336390018463, -0.00012701393279712647, 0.0007381067262031138, -0.0005376065382733941, 0.0004688258050009608, 0.00117000681348145, 0.0008954134536907077, -0.00026271684328094125, 0.00034108132240362465], [2.024268906097859e-05, -0.0003787372843362391, 2.991741530422587e-05, -0.0011307336390018463, 0.002669517882168293, -0.0003815706295426935, 0.0003306361613795161, 0.0002941419661510736, -0.0005501371924765408, -0.0007645310834050179, 0.0012038551503792405, -0.00023532472550868988, 0.00038456401671282947], [0.0001976195489987731, 0.00045326619874686003, -0.00021179186296649277, -0.00012701393279712647, -0.0003815706295426935, 0.0036850047763437033, -0.0019113299204036593, 0.0008729455294087529, 1.1698774869728368e-05, -0.00011624363105511293, 0.0004935773904435337, -0.00012768358283210546, 0.00024842232232913375], [3.932227264158428e-05, -0.000297722639515996, 4.850181085203076e-06, 0.0007381067262031138, 0.0003306361613795161, -0.0019113299204036593, 0.004385402426123619, -0.0017187786288559437, 0.0001665586605668068, 0.000668474764097482, -0.001623218646273017, 0.00029645374161191285, 0.0007686265162192285], [0.0001686692121438682, 0.0004293905512895435, 1.1351668035786133e-05, -0.0005376065382733941, 0.0002941419661510736, 0.0008729455294087529, -0.0017187786288559437, 0.005361123476177454, -0.001700428663752973, 0.0008858710643835366, 0.0007190968608483672, -0.0005943031865172088, 0.000445283658336848], [-4.749557774630375e-05, -0.0002164959441870451, 0.0003786116139963269, 0.0004688258050009608, -0.0005501371924765408, 1.1698774869728368e-05, 0.0001665586605668068, -0.001700428663752973, 0.006491022650152445, -0.0012967155780643225, 6.42779705231078e-05, 0.0013413686538115144, -0.0005971044301986694], [0.0002125417086062953, 0.0009345621219836175, 6.472708628280088e-05, 0.00117000681348145, -0.0007645310834050179, -0.00011624363105511293, 0.000668474764097482, 0.0008858710643835366, -0.0012967155780643225, 0.006877567619085312, -0.0030480066780000925, 0.00036049191839993, 0.0011755070881918073], [3.635860048234463e-05, -0.00025424439809285104, -2.3754442736390047e-05, 0.0008954134536907077, 0.0012038551503792405, 0.0004935773904435337, -0.001623218646273017, 0.0007190968608483672, 6.42779705231078e-05, -0.0030480066780000925, 0.010054313577711582, -0.0022612432949244976, -0.0012840377166867256], [3.2426539746666094e-06, 4.1639457776909694e-05, -0.0001620942202862352, -0.00026271684328094125, -0.00023532472550868988, -0.00012768358283210546, 0.00029645374161191285, -0.0005943031865172088, 0.0013413686538115144, 0.00036049191839993, -0.0022612432949244976, 0.010253219865262508, -0.0024424144066870213], [0.0002729733823798597, 0.0004973418544977903, -0.0001640359259909019, 0.00034108132240362465, 0.00038456401671282947, 0.00024842232232913375, 0.0007686265162192285, 0.000445283658336848, -0.0005971044301986694, 0.0011755070881918073, -0.0012840377166867256, -0.0024424144066870213, 0.009699717164039612]], "meta