{"song_id": "1182255421055049809", "download": "https://cdn.discordapp.com/attachments/1135911532732108921/1182255421055049809/chirp.mp4?ex=65840829&amp", "lyrics": "ruh ate\u015f su ask\n\n[Verse]\n\u00d6zg\u00fcne bir m\u00fczik rahat slot\nKalbimizde hissederiz her not\nS\u00f6zlerinle t\u0131n\u0131lan\u0131r bir umut\nRuhumuzda titrer, bitmez bu s\u0131cak\n\n[Chorus]\nRuhumuzun bitmeyen ate\u015fi\nY\u00fcre\u011fimizde yanar en derinde\n\u00d6zg\u00fcrce dans ederiz hissiyatla\nSonsuz bir m\u00fczi\u011fe e\u015flik ederiz biz", "style": ["ruhumuzun bitmeyen atesi"], "essentia_features": {"lowlevel.average_loudness": 0.9550687670707703, "lowlevel.barkbands_crest.mean": 14.939760208129883, "lowlevel.barkbands_crest.stdev": 4.462375164031982, "lowlevel.barkbands_flatness_db.mean": 0.3125340938568115, "lowlevel.barkbands_flatness_db.stdev": 0.08099652826786041, "lowlevel.barkbands_kurtosis.mean": 22.500749588012695, "lowlevel.barkbands_kurtosis.stdev": 40.44570541381836, "lowlevel.barkbands_skewness.mean": 2.9381539821624756, "lowlevel.barkbands_skewness.stdev": 2.281719446182251, "lowlevel.barkbands_spread.mean": 7.376789569854736, "lowlevel.barkbands_spread.stdev": 9.453543663024902, "lowlevel.dissonance.mean": 0.40600472688674927, "lowlevel.dissonance.stdev": 0.055432796478271484, "lowlevel.dynamic_complexity": 3.8222975730895996, "lowlevel.erbbands_crest.mean": 13.106578826904297, "lowlevel.erbbands_crest.stdev": 5.524483680725098, "lowlevel.erbbands_flatness_db.mean": 0.2304893285036087, "lowlevel.erbbands_flatness_db.stdev": 0.05908464640378952, "lowlevel.erbbands_kurtosis.mean": 4.816042900085449, "lowlevel.erbbands_kurtosis.stdev": 7.96522331237793, "lowlevel.erbbands_skewness.mean": 1.2244025468826294, "lowlevel.erbbands_skewness.stdev": 1.3201841115951538, "lowlevel.erbbands_spread.mean": 28.999364852905273, "lowlevel.erbbands_spread.stdev": 28.137113571166992, "lowlevel.hfc.mean": 11.203878402709961, "lowlevel.hfc.stdev": 9.560117721557617, "lowlevel.loudness_ebu128.integrated": -15.511691093444824, "lowlevel.loudness_ebu128.loudness_range": 6.134954452514648, "lowlevel.loudness_ebu128.momentary.mean": -16.510583877563477, "lowlevel.loudness_ebu128.momentary.stdev": 3.4064793586730957, "lowlevel.loudness_ebu128.short_term.mean": -16.10146713256836, "lowlevel.loudness_ebu128.short_term.stdev": 2.373025894165039, "lowlevel.melbands_crest.mean": 17.836669921875, "lowlevel.melbands_crest.stdev": 4.879064559936523, "lowlevel.melbands_flatness_db.mean": 0.3933470547199249, "lowlevel.melbands_flatness_db.stdev": 0.10677433013916016, "lowlevel.melbands_kurtosis.mean": 41.52755355834961, "lowlevel.melbands_kurtosis.stdev": 64.50911712646484, "lowlevel.melbands_skewness.mean": 3.7271316051483154, "lowlevel.melbands_skewness.stdev": 2.8651630878448486, "lowlevel.melbands_spread.mean": 7.8983683586120605, "lowlevel.melbands_spread.stdev": 14.534478187561035, "lowlevel.pitch_salience.mean": 0.4378293752670288, "lowlevel.pitch_salience.stdev": 0.11757079511880875, "lowlevel.silence_rate_20dB.mean": 1.0, "lowlevel.silence_rate_20dB.stdev": 0.0, "lowlevel.silence_rate_30dB.mean": 0.943800687789917, "lowlevel.silence_rate_30dB.stdev": 0.23030652105808258, "lowlevel.silence_rate_60dB.mean": 0.08458864688873291, "lowlevel.silence_rate_60dB.stdev": 0.2782702147960663, "lowlevel.spectral_centroid.mean": 524.7000122070312, "lowlevel.spectral_centroid.stdev": 557.9691162109375, "lowlevel.spectral_complexity.mean": 7.860949993133545, "lowlevel.spectral_complexity.stdev": 4.289808750152588, "lowlevel.spectral_decrease.mean": -1.2530860793447118e-08, "lowlevel.spectral_decrease.stdev": 8.75389716270547e-09, "lowlevel.spectral_energy.mean": 0.04831058159470558, "lowlevel.spectral_energy.stdev": 0.03372059017419815, "lowlevel.spectral_energyband_high.mean": 0.00012734979100059718, "lowlevel.spectral_energyband_high.stdev": 0.0003654810425359756, "lowlevel.spectral_energyband_low.mean": 0.03206878900527954, "lowlevel.spectral_energyband_low.stdev": 0.024294305592775345, "lowlevel.spectral_energyband_middle_high.mean": 0.0021934511605650187, "lowlevel.spectral_energyband_middle_high.stdev": 0.0038250202778726816, "lowlevel.spectral_energyband_middle_low.mean": 0.01609916239976883, "lowlevel.spectral_energyband_middle_low.stdev": 0.01596352644264698, "lowlevel.spectral_entropy.mean": 6.450761795043945, "lowlevel.spectral_entropy.stdev": 0.7660627961158752, "lowlevel.spectral_flux.mean": 0.06453095376491547, "lowlevel.spectral_flux.stdev": 0.05115882679820061, "lowlevel.spectral_kurtosis.mean": 13.372662544250488, "lowlevel.spectral_kurtosis.stdev": 13.762293815612793, "lowlevel.spectral_rms.mean": 0.0062756952829658985, "lowlevel.spectral_rms.stdev": 0.0027835166547447443, "lowlevel.spectral_rolloff.mean": 633.7551879882812, "lowlevel.spectral_rolloff.stdev": 1537.421142578125, "lowlevel.spectral_skewness.mean": 2.8041765689849854, "lowlevel.spectral_skewness.stdev": 1.231268048286438, "lowlevel.spectral_spread.mean": 3935868.0, "lowlevel.spectral_spread.stdev": 2242400.5, "lowlevel.spectral_strongpeak.mean": 0.8091840744018555, "lowlevel.spectral_strongpeak.stdev": 0.7948904037475586, "lowlevel.zerocrossingrate.mean": 0.026495058089494705, "lowlevel.zerocrossingrate.stdev": 0.05049951374530792, "metadata.audio_properties.analysis.equal_loudness": 0.0, "metadata.audio_properties.analysis.length": 40.04265213012695, "metadata.audio_properties.analysis.sample_rate": 44100.0, "metadata.audio_properties.analysis.start_time": 0.0, "metadata.audio_properties.bit_rate": 102539.0, "metadata.audio_properties.length": 40.042667388916016, "metadata.audio_properties.lossless": 0.0, "metadata.audio_properties.number_channels": 1.0, "metadata.audio_properties.replay_gain": -10.28697395324707, "metadata.audio_properties.sample_rate": 48000.0, "rhythm.beats_count": 78.0, "rhythm.beats_loudness.mean": 0.06315083056688309, "rhythm.beats_loudness.stdev": 0.03108099102973938, "rhythm.bpm": 117.83381652832031, "rhythm.bpm_histogram_first_peak_bpm": 117.0, "rhythm.bpm_histogram_first_peak_weight": 0.52173912525177, "rhythm.bpm_histogram_second_peak_bpm": 123.0, "rhythm.bpm_histogram_second_peak_spread": 0.12499994039535522, "rhythm.bpm_histogram_second_peak_weight": 0.27272728085517883, "rhythm.danceability": 1.2794002294540405, "rhythm.onset_rate": 4.119395732879639, "tonal.chords_changes_rate": 0.10995370149612427, "tonal.chords_number_rate": 0.015046296641230583, "tonal.chords_strength.mean": 0.43080469965934753, "tonal.chords_strength.stdev": 0.07503172755241394, "tonal.hpcp_crest.mean": 14.443174362182617, "tonal.hpcp_crest.stdev": 5.5184783935546875, "tonal.hpcp_entropy.mean": 1.739202857017517, "tonal.hpcp_entropy.stdev": 0.6577817797660828, "tonal.key_edma.strength": 0.5361632704734802, "tonal.key_krumhansl.strength": 0.5336952805519104, "tonal.key_temperley.strength": 0.5312515497207642, "tonal.tuning_diatonic_strength": 0.6394466161727905, "tonal.tuning_equal_tempered_deviation": 0.09707823395729065, "tonal.tuning_frequency": 440.5086364746094, "tonal.tuning_nontempered_energy_ratio": 0.7558183670043945, "lowlevel.barkbands.mean": [1.7781416318030097e-05, 0.023675283417105675, 0.006231668405234814, 0.004592040088027716, 0.0027626692317426205, 0.0032392165157943964, 0.0037111337296664715, 0.0012733505573123693, 0.0004624621942639351, 0.00037388858618214726, 0.0011531388154253364, 0.0003314295900054276, 0.00012198630429338664, 8.896124199964106e-05, 3.71287387679331e-05, 1.704717033135239e-05, 4.809968959307298e-05, 8.716683623788413e-06, 3.2611242204438895e-05, 7.517714948335197e-06, 1.0113716598425526e-05, 3.1445291824638844e-05, 3.91361718357075e-05, 1.55805882968707e-05, 2.738094553933479e-05, 8.129719617500086e-07, 1.552704187446352e-09], "lowlevel.barkbands.stdev": [4.336517667979933e-05, 0.0188852921128273, 0.0075191715732216835, 0.005080300383269787, 0.004003528971225023, 0.006338067352771759, 0.008799397386610508, 0.0044089918956160545, 0.002488618018105626, 0.0007128232391551137, 0.003159899264574051, 0.0009697797358967364, 0.00044448551489040256, 0.0002191762177972123, 0.0001158291197498329, 3.399742126930505e-05, 9.633861918700859e-05, 1.3137039786670357e-05, 5.915375368203968e-05, 1.8906222976511344e-05, 3.52190800185781e-05, 7.819472375558689e-05, 0.00012629661068785936, 5.984353629173711e-05, 8.754117880016565e-05, 3.439238753344398e-06, 2.956505706919188e-09], "lowlevel.erbbands.mean": [0.23644420504570007, 6.564053535461426, 11.66311264038086, 9.738351821899414, 11.658689498901367, 8.221781730651855, 22.118574142456055, 26.1920223236084, 45.91843032836914, 45.284000396728516, 25.874967575073242, 11.703889846801758, 7.3820295333862305, 35.506587982177734, 32.47314453125, 14.515396118164062, 6.062166213989258, 4.327960014343262, 3.560281276702881, 1.114808201789856, 1.4815267324447632, 2.6601102352142334, 0.5812248587608337, 0.9885090589523315, 1.6447854042053223, 0.397656112909317, 0.304605633020401, 0.49518898129463196, 0.9663913249969482, 1.5716384649276733, 0.9483275413513184, 0.43623942136764526, 0.2181268334388733, 0.23937900364398956, 0.23193871974945068, 0.02279193513095379, 0.0006102059269323945, 3.5645825846586376e-05, 2.5543478841427714e-05, 5.3733405366074294e-05], "lowlevel.erbbands.stdev": [0.21687926352024078, 5.182497501373291, 11.183591842651367, 10.275745391845703, 12.86293888092041, 12.267273902893066, 58.9193229675293, 54.36473083496094, 105.0300521850586, 112.2222900390625, 89.15553283691406, 56.38492202758789, 14.242401123046875, 115.40308380126953, 73.2107925415039, 39.30597686767578, 19.419889450073242, 10.847445487976074, 8.18918228149414, 2.6125147342681885, 2.7702243328094482, 5.319701194763184, 0.8441249132156372, 1.8378161191940308, 3.2259490489959717, 0.9450891613960266, 0.9149653911590576, 1.7385605573654175, 2.4411447048187256, 4.324800491333008, 3.3350815773010254, 1.611108422279358, 0.8355042934417725, 0.8146814107894897, 0.7285975813865662, 0.07458724081516266, 0.0018698133062571287, 0.00010928311530733481, 1.9018236343981698e-05, 3.7157842598389834e-05], "lowlevel.gfcc.mean": [-105.34483337402344, 148.80320739746094, -74.20240020751953, 35.890628814697266, -59.99424362182617, 30.62103271484375, -27.698455810546875, -2.517700672149658, -16.26456642150879, -10.808868408203125, -0.3776571452617645, 0.5769060254096985, -3.366109848022461], "lowlevel.melbands.mean": [0.004509713035076857, 0.007294844835996628, 0.0018258419586345553, 0.00062142702518031, 0.0006878313724882901, 0.000588820141274482, 0.0007481432985514402, 0.00045027275336906314, 0.00019082590006291866, 6.106351065682247e-05, 3.2617248507449403e-05, 0.0001332932588411495, 0.00011766520037781447, 5.675361899193376e-05, 2.0834389943047427e-05, 1.0358578037994448e-05, 7.885860213718843e-06, 6.6634861468628515e-06, 2.174078872485552e-06, 9.972401358027128e-07, 1.906124339257076e-06, 3.4393005989841186e-06, 7.055635933284066e-07, 3.9985221178540087e-07, 7.835460564820096e-07, 1.4220166804079781e-06, 6.433120915971813e-07, 1.853091475823021e-07, 1.5065336356201442e-07, 2.6258595653416705e-07, 2.877119698041497e-07, 4.5510748236665677e-07, 8.25059487397084e-07, 9.170328212348977e-07, 6.178652256494388e-07, 3.1083862950254115e-07, 2.420156874904933e-07, 1.4305732065622578e-07, 1.477133082516957e-07, 2.1563161567428324e-07], "lowlevel.melbands.stdev": [0.0037111069541424513, 0.005845940671861172, 0.001761167193762958, 0.0006547312950715423, 0.0016718285623937845, 0.0011547679314389825, 0.0017102202400565147, 0.0011290505062788725, 0.0006973959971219301, 0.000305706838844344, 6.908965588081628e-05, 0.00042961316648870707, 0.0002676268632058054, 0.00014692067634314299, 6.747214501956478e-05, 3.0382527256733738e-05, 2.1407506210380234e-05, 1.5414057997986674e-05, 7.229358288896037e-06, 2.080081685562618e-06, 3.9076589928299654e-06, 7.186214588728035e-06, 1.3677206425199984e-06, 5.985972393318661e-07, 1.6353362752852263e-06, 2.7880494144483237e-06, 1.3550587709687534e-06, 5.683709787263069e-07, 4.445027741439844e-07, 9.077903655452246e-07, 1.065970650415693e-06, 1.2230148058733903e-06, 2.0711850083898753e-06, 2.7300081910652807e-06, 2.2917231490282575e-06, 1.090610339815612e-06, 9.52351967953291e-07, 5.595618404186098e-07, 5.617512215394527e-07, 7.311933813980431e-07], "lowlevel.melbands128.mean": [1.137090839620214e-05, 0.00034007636713795364, 0.005751642398536205, 0.01355411671102047, 0.0086338110268116, 0.0021420468110591173, 0.001781777828000486, 0.002380181336775422, 0.001050650142133236, 0.0003597739851102233, 0.00041213014628738165, 0.0005628495709970593, 0.000885701272636652, 0.0006700434605590999, 0.000622407766059041, 0.0005020641256123781, 0.0005215085693635046, 0.0009091902757063508, 0.0009351756307296455, 0.00042513044900260866, 0.0002812858729157597, 0.00023219491413328797, 0.00019934291776735336, 0.00012382313434500247, 7.471044227713719e-05, 3.519643723848276e-05, 2.3232863895827904e-05, 3.0127661375445314e-05, 3.854606256936677e-05, 6.705838313791901e-05, 0.0002306525711901486, 0.0001580151147209108, 6.67569984216243e-05, 0.0001533223403384909, 4.4093059841543436e-05, 4.5720535126747563e-05, 3.570590342860669e-05, 1.570230415381957e-05, 1.688960583123844e-05, 1.065559536073124e-05, 9.733103070175275e-06, 8.04525552666746e-06, 6.127568212832557e-06, 9.324025995738339e-06, 9.059494004759472e-06, 6.3166576182993595e-06, 3.775850473175524e-06, 2.317958660569275e-06, 1.3999086831972818e-06, 1.090562136596418e-06, 6.594056003450532e-07, 1.2589403013407718e-06, 1.424837023478176e-06, 1.805927126952156e-06, 3.912590273102978e-06, 4.835405434278073e-06, 1.889894406303938e-06, 6.671905339317163e-07, 4.2635016939129855e-07, 3.4765392342706036e-07, 3.4979788665623346e-07, 4.396771373649244e-07, 6.940771868357842e-07, 8.439727139375464e-07, 9.755485734785907e-07, 1.487042482040124e-06, 1.912132802317501e-06, 8.37281106669252e-07, 3.7240812389427447e-07, 2.584608296274382e-07, 1.62713135409831e-07, 1.626904975182697e-07, 1.5209643322577904e-07, 1.3648524088694103e-07, 1.4981935692048864e-07, 3.0384006777239847e-07, 3.0145929486025125e-07, 2.1183876697250525e-07, 3.2017510420701e-07, 2.825920546456473e-07, 4.6909519824112067e-07, 5.082308689452475e-07, 4.7446494022551633e-07, 1.1327849733788753e-06, 7.251565534716065e-07, 9.887729675028822e-07, 9.434076559955429e-07, 8.435626455138845e-07, 6.571207222805242e-07, 4.1117704085991136e-07, 3.568878241821949e-07, 2.4178280000342056e-07, 3.084295769895107e-07, 2.810025137023331e-07, 1.724316831541728e-07, 1.4750263233054284e-07, 1.3359895945086464e-07, 1.52310647649756e-07, 1.0554455798228446e-07, 1.721874269833279e-07, 2.133387937419684e-07, 2.1819063533712324e-07, 2.0927991783992184e-07, 2.9840370530109794e-07, 3.6378168033479596e-07, 2.950925761524559e-07, 1.0663217864248509e-07, 3.642190549157931e-08, 6.2069482886784044e-09, 4.840429723707018e-10, 3.263078973692046e-10, 2.6683655285353325e-10, 1.5217692383995285e-10, 1.2114567682353083e-10, 1.2991092923630987e-10, 4.112389248578374e-11, 1.4105869250435887e-11, 6.9111387619724685e-12, 6.71551139350135e-12, 6.53634698449812e-12, 6.386845045891487e-12, 6.273081880336928e-12, 6.128492244933392e-12, 6.0236060930862756e-12, 5.898453600550191e-12, 5.748374432706926e-12, 5.657999242736356e-12, 5.621788191217947e-12], "lowlevel.melbands128.stdev": [3.2172087230719626e-05, 0.0005490520852617919, 0.0054974062368273735, 0.010832412168383598, 0.007886816747486591, 0.0025077173486351967, 0.002385130152106285, 0.0026791549753397703, 0.0014079621760174632, 0.0005706246593035758, 0.0007543219835497439, 0.001546439714729786, 0.0028432882390916348, 0.0017696392023935914, 0.0017997260438278317, 0.001332297339104116, 0.0015514383558183908, 0.0026477929204702377, 0.0027253443840891123, 0.0014726752415299416, 0.0012960382737219334, 0.0009997341549023986, 0.0009457181440666318, 0.0008924661669880152, 0.00048662666813470423, 0.00016440542822238058, 9.523936023470014e-05, 8.652659016661346e-05, 9.296122880186886e-05, 0.0001553017063997686, 0.000902520609088242, 0.0006244537653401494, 0.00016476841119583696, 0.00048337888438254595, 0.00014830348663963377, 0.00021314737387001514, 0.00012791415792889893, 6.504196062451228e-05, 0.00010966167610604316, 3.863828533212654e-05, 3.302489494672045e-05, 3.443148307269439e-05, 2.2440754037234e-05, 3.127666059299372e-05, 2.666186264832504e-05, 1.957636050065048e-05, 1.7774771549738944e-05, 1.0289769306837115e-05, 4.322016138758045e-06, 3.326716978335753e-06, 1.8404513184577809e-06, 2.682511649254593e-06, 3.3290855299128452e-06, 5.02629291077028e-06, 1.0625006325426511e-05, 1.1476286090328358e-05, 4.967935637978371e-06, 1.865148533397587e-06, 8.910894280234061e-07, 6.530326572828926e-07, 6.181837761687348e-07, 8.142910701280925e-07, 1.5714306300651515e-06, 2.3534660158475162e-06, 2.5101924165937817e-06, 3.3054136565624503e-06, 4.774312401423231e-06, 2.1145692699064966e-06, 9.690802471595816e-07, 9.012481427816965e-07, 6.762711564078927e-07, 4.999245106773742e-07, 4.814056637769681e-07, 4.544480987078714e-07, 5.165265974937938e-07, 1.09401946701837e-06, 1.2103213293812587e-06, 1.0480977152838022e-06, 1.32343507175392e-06, 1.0205269518337445e-06, 1.4624907862526015e-06, 1.4627547670897911e-06, 1.1493863212308497e-06, 2.9982822979945922e-06, 2.1254959392535966e-06, 2.9242892196634784e-06, 3.1144111289904686e-06, 2.9359355266933562e-06, 2.873176754292217e-06, 1.6809209455459495e-06, 1.3374925629250356e-06, 8.282893304567551e-07, 1.2906549500257825e-06, 1.2288884363442776e-06, 7.035064299998339e-07, 5.841927759320242e-07, 5.438372454591445e-07, 6.679983926005661e-07, 4.571100191697042e-07, 6.712362505822966e-07, 7.848793188713898e-07, 7.91452578141616e-07, 7.091079510246345e-07, 9.574779369359021e-07, 1.2116967127440148e-06, 9.626697874409729e-07, 3.8163167914717633e-07, 1.4925332436632743e-07, 3.5418306509882314e-08, 5.751175091717187e-09, 3.6622755938964247e-09, 3.05820924140221e-09, 1.7655800155225165e-09, 1.3423812061930107e-09, 1.732527565856401e-09, 6.313532474599981e-10, 1.4425718952715272e-10, 1.1310959113774999e-11, 1.0991063961740544e-11, 1.07065294130404e-11, 1.0454600726794716e-11, 1.0229828269203711e-11, 1.0026977512178625e-11, 9.856873130209554e-12, 9.713098381158858e-12, 9.599566801188342e-12, 9.516738959380877e-12, 9.465713803058495e-12], "lowlevel.mfcc.mean": [-761.0924072265625, 173.0563201904297, 44.88092041015625, 21.218727111816406, 5.342824935913086, 25.1401309967041, 1.6164512634277344, 19.57691192626953, -9.759575843811035, -4.7056660652160645, 3.5363194942474365, -8.176156044006348, 14.717377662658691], "lowlevel.spectral_contrast_coeffs.mean": [-0.6584991812705994, -0.7002255320549011, -0.7585271596908569, -0.8152871131896973, -0.8014883399009705, -0.7648214101791382], "lowlevel.spectral_contrast_coeffs.stdev": [0.08218855410814285, 0.10322555154561996, 0.07507433742284775, 0.048714302480220795, 0.06390287727117538, 0.05271533876657486], "lowlevel.spectral_contrast_valleys.mean": [-6.8794846534729, -7.607612609863281, -8.106550216674805, -9.029031753540039, -9.535040855407715, -11.776314735412598], "lowlevel.spectral_contrast_valleys.stdev": [1.5263733863830566, 1.2385985851287842, 1.1123003959655762, 1.0263792276382446, 1.0106146335601807, 1.1891103982925415], "rhythm.beats_loudness_band_ratio.mean": [0.730424165725708, 0.10882402211427689, 0.11264034360647202, 0.05624277889728546, 0.005531809292733669, 0.004481114447116852], "rhythm.beats_loudness_band_ratio.stdev": [0.26671138405799866, 0.146531343460083, 0.16728447377681732, 0.10119909048080444, 0.023000674322247505, 0.01106004323810339], "tonal.hpcp.mean": [0.04169238358736038, 0.05243891850113869, 0.06078257039189339, 0.060308150947093964, 0.03704018518328667, 0.019724540412425995, 0.018776418641209602, 0.015389339067041874, 0.02145579271018505, 0.03199625387787819, 0.028423119336366653, 0.017835548147559166, 0.01856106147170067, 0.03359776362776756, 0.07292791455984116, 0.12127658724784851, 0.14159958064556122, 0.25694596767425537, 0.27906492352485657, 0.11786879599094391, 0.05373067781329155, 0.12433120608329773, 0.149069681763649, 0.19979429244995117, 0.258842408657074, 0.1279098391532898, 0.025697335600852966, 0.018240366131067276, 0.023764990270137787, 0.08638498187065125, 0.12345781177282333, 0.0638216957449913, 0.02221550978720188, 0.022901730611920357, 0.026964912191033363, 0.03330118581652641], "tonal.hpcp.stdev": [0.12491552531719208, 0.1640109419822693, 0.15655872225761414, 0.14552868902683258, 0.09133295714855194, 0.09530170261859894, 0.07901015132665634, 0.06559935957193375, 0.06267397850751877, 0.0817912295460701, 0.08937894552946091, 0.07921617478132248, 0.08578571677207947, 0.12161271274089813, 0.19476218521595, 0.2722892165184021, 0.2801256775856018, 0.3644809126853943, 0.41741761565208435, 0.22020423412322998, 0.16476893424987793, 0.2889229655265808, 0.32239586114883423, 0.2919403910636902, 0.40931469202041626, 0.22343415021896362, 0.10497341305017471, 0.08527809381484985, 0.1102432906627655, 0.21612605452537537, 0.30516043305397034, 0.1643487811088562, 0.10095839947462082, 0.10750731825828552, 0.10108805447816849, 0.11325147747993469], "rhythm.beats_position": [0.5572788715362549, 1.1377778053283691, 1.7182766199111938, 2.321995496749878, 2.9257142543792725, 3.459773063659668, 3.9938321113586426, 4.539501190185547, 5.061950206756592, 5.584399223327637, 6.106847763061523, 6.617686748504639, 7.128525733947754, 7.650974750518799, 8.173423767089844, 8.684263229370117, 9.195101737976074, 9.705941200256348, 10.216779708862305, 10.727619171142578, 11.238457679748535, 11.749297142028809, 12.271745681762695, 12.782585144042969, 13.305033683776855, 13.827483177185059, 14.349931716918945, 14.860771179199219, 15.371609687805176, 15.88244915008545, 16.393287658691406, 16.90412712097168, 17.403356552124023, 17.902584075927734, 18.413423538208008, 18.92426300048828, 19.423492431640625, 19.922719955444336, 20.41033935546875, 20.921178817749023, 21.432018280029297, 21.942855834960938, 22.45369529724121, 22.952924728393555, 23.463764190673828, 23.962993621826172, 24.462221145629883, 24.961450576782227, 25.46068000793457, 25.959909439086914, 26.447526931762695, 26.93514633178711, 27.422765731811523, 27.921995162963867, 28.40961456298828, 28.908842086791992, 29.396461486816406, 29.89569091796875, 30.383310317993164, 30.882539749145508, 31.37015724182129, 31.846166610717773, 32.33378601074219, 32.82140350341797, 33.32063293457031, 33.80825424194336, 34.29587173461914, 34.78349304199219, 35.27111053466797, 35.75872802734375, 36.2463493347168, 36.72235870361328, 37.198368072509766, 37.68598556518555, 38.17360305786133, 38.661224365234375, 39.148841857910156, 39.6364631652832], "rhythm.bpm_histogram": [0.0, 0.0, 0.0, 0.0, 0.0, 0.0, 0.0, 0.0, 0.0, 0.0, 0.0, 0.0, 0.0, 0.0, 0.0, 0.0, 0.0, 0.0, 0.0, 0.0, 0.0, 0.0, 0.0, 0.0, 0.0, 0.0, 0.0, 0.0, 0.0, 0.0, 0.0, 0.0, 0.0, 0.0, 0.0, 0.0, 0.0, 0.0, 0.0, 0.0, 0.0, 0.0, 0.0, 0.0, 0.0, 0.0, 0.0, 0.0, 0.0, 0.0, 0.0, 0.0, 0.0, 0.0, 0.0, 0.0, 0.0, 0.0, 0.0, 0.0, 0.0, 0.0, 0.0, 0.0, 0.0, 0.0, 0.0, 0.0, 0.0, 0.0, 0.0, 0.0, 0.0, 0.0, 0.0, 0.0, 0.0, 0.0, 0.0, 0.0, 0.0, 0.0, 0.0, 0.0, 0.0, 0.0, 0.0, 0.0, 0.0, 0.0, 0.0, 0.0, 0.0, 0.0, 0.0, 0.0, 0.0, 0.0, 0.0, 0.025974025949835777, 0.0, 0.0, 0.0, 0.025974025949835777, 0.0, 0.0, 0.0, 0.0, 0.0, 0.0, 0.012987012974917889, 0.0, 0.025974025949835777, 0.0, 0.0, 0.11688311398029327, 0.0, 0.2857142984867096, 0.0, 0.0, 0.19480518996715546, 0.0, 0.0, 0.27272728085517883, 0.0, 0.0, 0.03896103799343109, 0.0, 0.0, 0.0, 0.0, 0.0, 0.0, 0.0, 0.0, 0.0, 0.0, 0.0, 0.0, 0.0, 0.0, 0.0, 0.0, 0.0, 0.0, 0.0, 0.0, 0.0, 0.0, 0.0, 0.0, 0.0, 0.0, 0.0, 0.0, 0.0, 0.0, 0.0, 0.0, 0.0, 0.0, 0.0, 0.0, 0.0, 0.0, 0.0, 0.0, 0.0, 0.0, 0.0, 0.0, 0.0, 0.0, 0.0, 0.0, 0.0, 0.0, 0.0, 0.0, 0.0, 0.0, 0.0, 0.0, 0.0, 0.0, 0.0, 0.0, 0.0, 0.0, 0.0, 0.0, 0.0, 0.0, 0.0, 0.0, 0.0, 0.0, 0.0, 0.0, 0.0, 0.0, 0.0, 0.0, 0.0, 0.0, 0.0, 0.0, 0.0, 0.0, 0.0, 0.0, 0.0, 0.0, 0.0, 0.0, 0.0, 0.0, 0.0, 0.0, 0.0, 0.0, 0.0, 0.0, 0.0, 0.0, 0.0, 0.0, 0.0, 0.0, 0.0, 0.0, 0.0, 0.0, 0.0, 0.0, 0.0, 0.0, 0.0, 0.0, 0.0, 0.0, 0.0, 0.0, 0.0, 0.0, 0.0, 0.0, 0.0, 0.0, 0.0], "tonal.chords_histogram": [4.166666507720947, 12.962963104248047, 17.939815521240234, 12.731481552124023, 1.1574074029922485, 6.25, 0.3472222089767456, 0.0, 2.314814805984497, 0.0, 0.0, 0.0, 1.1574074029922485, 6.597222328186035, 0.0, 1.1574074029922485, 0.0, 0.0, 0.11574073880910873, 0.0, 0.0, 1.7361111640930176, 24.65277862548828, 6.712963104248047], "tonal.thpcp": [1.0, 0.4223705232143402, 0.1925382763147354, 0.4455278813838959, 0.5341756343841553, 0.7159419655799866, 0.9275347590446472, 0.4583515524864197, 0.09208371490240097, 0.06536244601011276, 0.08515936136245728, 0.30955156683921814, 0.44239816069602966, 0.22869837284088135, 0.07960695773363113, 0.08206596225500107, 0.09662594646215439, 0.11933132261037827, 0.14940029382705688, 0.18790937960147858, 0.21780799329280853, 0.21610796451568604, 0.132729634642601, 0.07068082690238953, 0.06728333234786987, 0.05514609068632126, 0.07688459008932114, 0.11465523391962051, 0.10185127705335617, 0.06391182541847229, 0.0665116235613823, 0.12039407342672348, 0.2613295614719391, 0.434581995010376, 0.5074073076248169, 0.9207390546798706], "lowlevel.gfcc.cov": [[10612.9599609375, 1569.2012939453125, -333.3995666503906, 303.0678405761719, -195.09884643554688, -188.16456604003906, -73.9856185913086, 398.50445556640625, 185.70510864257812, -2.5679497718811035, 283.9820251464844, 147.83175659179688, -161.38906860351562], [1569.2012939453125, 2587.4384765625, 490.7160949707031, -168.17373657226562, 667.634033203125, -242.50254821777344, 311.25323486328125, -269.7669677734375, 275.6512451171875, -278.7486267089844, 221.47952270507812, -54.092437744140625, 36.48991012573242], [-333.3995666503906, 490.7160949707031, 1720.3753662109375, 529.43603515625, 549.8056030273438, 641.5944213867188, 219.61422729492188, -169.5090789794922, -175.9248504638672, 40.19819641113281, -146.6935272216797, -1.9756684303283691, 264.7867736816406], [303.0678405761719, -168.17373657226562, 529.43603515625, 559.3844604492188, 244.11773681640625, 239.89266967773438, -59.036930084228516, -37.24989318847656, -61.5987663269043, 58.33277130126953, -80.86739349365234, -16.24869155883789, 144.51870727539062], [-195.09884643554688, 667.634033203125, 549.8056030273438, 244.11773681640625, 706.8532104492188, 232.2712860107422, 46.25581359863281, -161.6272430419922, 51.62500762939453, 28.040245056152344, -32.6552619934082, -106.4541015625, 136.2247772216797], [-188.16456604003906, -242.50254821777344, 641.5944213867188, 239.89266967773438, 232.2712860107422, 654.9559936523438, 191.63876342773438, 38.089599609375, -144.21998596191406, 90.98486328125, -152.6758270263672, -25.881332397460938, 86.9342269897461], [-73.9856185913086, 311.25323486328125, 219.61422729492188, -59.036930084228516, 46.25581359863281, 191.63876342773438, 422.5884094238281, 75.30042266845703, -12.027356147766113, -92.9510269165039, 16.237451553344727, -3.971773147583008, -78.2652816772461], [398.50445556640625, -269.7669677734375, -169.5090789794922, -37.24989318847656, -161.6272430419922, 38.089599609375, 75.30042266845703, 254.0923309326172, 4.5909423828125, 38.4238395690918, -5.563506603240967, 31.518613815307617, -71.53611755371094], [185.70510864257812, 275.6512451171875, -175.9248504638672, -61.5987663269043, 51.62500762939453, -144.21998596191406, -12.027356147766113, 4.5909423828125, 179.26393127441406, -7.647531032562256, 39.167720794677734, -16.925098419189453, -20.83429527282715], [-2.5679497718811035, -278.7486267089844, 40.19819641113281, 58.33277130126953, 28.040245056152344, 90.98486328125, -92.9510269165039, 38.4238395690918, -7.647531032562256, 195.9916229248047, -11.228368759155273, -34.455360412597656, 1.5233559608459473], [283.9820251464844, 221.47952270507812, -146.6935272216797, -80.86739349365234, -32.6552619934082, -152.6758270263672, 16.237451553344727, -5.563506603240967, 39.167720794677734, -11.228368759155273, 148.03594970703125, 21.048038482666016, -64.8093032836914], [147.83175659179688, -54.092437744140625, -1.9756684303283691, -16.24869155883789, -106.4541015625, -25.881332397460938, -3.971773147583008, 31.518613815307617, -16.925098419189453, -34.455360412597656, 21.048038482666016, 156.26231384277344, 39.802978515625], [-161.38906860351562, 36.48991012573242, 264.7867736816406, 144.51870727539062, 136.2247772216797, 86.9342269897461, -78.2652816772461, -71.53611755371094, -20.83429527282715, 1.5233559608459473, -64.8093032836914, 39.802978515625, 198.45657348632812]], "lowlevel.gfcc.icov": [[0.0002294288424309343, -0.0005757334874942899, 0.0002763609227258712, -0.0005986452451907098, 0.0005064347642473876, -0.00042030183249153197, 0.0004501709481701255, -0.0004761171294376254, 0.00026376740424893796, -0.0002906752342823893, 4.234007792547345e-05, -0.00020662251336034387, 0.000287235394353047], [-0.0005757334874942899, 0.0030187072698026896, -0.0015362591948360205, 0.0024722020607441664, -0.002534696366637945, 0.0017132929060608149, -0.001540165045298636, 0.0012696335325017571, -0.0022330060601234436, 0.002420036355033517, -0.001953012659214437, 0.0008999785641208291, -0.0010054834419861436], [0.0002763609227258712, -0.0015362591948360205, 0.0024513823445886374, -0.0020644492469727993, 0.0008123321458697319, -0.0013144699623808265, -0.00044463088852353394, 0.00038392830174416304, 0.0019439359894022346, -0.0018846106249839067, 0.0012385393492877483, -0.0009850587230175734, -0.0004583151894621551], [-0.0005986452451907098, 0.0024722020607441664, -0.0020644492469727993, 0.005336323752999306, -0.002536108484491706, 0.0010152407921850681, -0.0001312050299020484, 0.0002764096425380558, -0.00148827547673136, 0.0022123404778540134, -0.0015136775327846408, 0.0012840647250413895, -0.0016539950156584382], [0.0005064347642473876, -0.002534696366637945, 0.0008123321458697319, -0.002536108484491706, 0.005439587868750095, -0.0026318964082747698, 0.0012550840619951487, 5.001937097404152e-05, -0.00032879275386221707, -0.0017326085362583399, 1.9033152057090774e-05, 0.0014480206882581115, -0.0007324811886064708], [-0.00042030183249153197, 0.0017132929060608149, -0.0013144699623808265, 0.0010152407921850681, -0.0026318964082747698, 0.006445618811994791, -0.0038601108826696873, 0.00040478675509802997, 0.0016518606571480632, -0.0019300001440569758, 0.0031234112102538347, -0.0002973047085106373, -0.0007677904795855284], [0.0004501709481701255, -0.001540165045298636, -0.00044463088852353394, -0.0001312050299020484, 0.0012550840619951487, -0.0038601108826696873, 0.007415462285280228, -0.0031958117615431547, -0.00049288832815364, 0.0035921912640333176, -0.0019572139717638493, 0.00026580120902508497, 0.0031681496184319258], [-0.0004761171294376254, 0.0012696335325017571, 0.00038392830174416304, 0.0002764096425380558, 5.001937097404152e-05, 0.00040478675509802997, -0.0031958117615431547, 0.008004746399819851, -0.001563664642162621, -0.001914357882924378, 0.0014481267426162958, -0.0016442749183624983, 0.0007324866601265967], [0.00026376740424893796, -0.0022330060601234436, 0.0019439359894022346, -0.00148827547673136, -0.00032879275386221707, 0.0016518606571480632, -0.00049288832815364, -0.001563664642162621, 0.01079564169049263, -0.003331907093524933, 0.002566044917330146, -0.0007109309080988169, -1.2373336630844278e-06], [-0.0002906752342823893, 0.002420036355033517, -0.0018846106249839067, 0.0022123404778540134, -0.0017326085362583399, -0.0019300001440569758, 0.0035921912640333176, -0.001914357882924378, -0.003331907093524933, 0.011614815331995487, -0.005138099659234285, 0.0031276587396860123, 0.00023926576250232756], [4.234007792547345e-05, -0.001953012659214437, 0.0012385393492877483, -0.0015136775327846408, 1.9033152057090774e-05, 0.0031234112102538347, -0.0019572139717638493, 0.0014481267426162958, 0.002566044917330146, -0.005138099659234285, 0.014986981637775898, -0.004650620277971029, 0.004347979091107845], [-0.00020662251336034387, 0.0008999785641208291, -0.0009850587230175734, 0.0012840647250413895, 0.0014480206882581115, -0.0002973047085106373, 0.00026580120902508497, -0.0016442749183624983, -0.0007109309080988169, 0.0031276587396860123, -0.004650620277971029, 0.01084070559591055, -0.005097498651593924], [0.000287235394353047, -0.0010054834419861436, -0.0004583151894621551, -0.0016539950156584382, -0.0007324811886064708, -0.0007677904795855284, 0.0031681496184319258, 0.0007324866601265967, -1.2373336630844278e-06, 0.00023926576250232756, 0.004347979091107845, -0.005097498651593924, 0.012066192924976349]], "lowlevel.mfcc.cov": [[9366.5927734375, 772.7001953125, -464.29754638671875, 301.607666015625, -196.8390350341797, -614.7913208007812, -338.92364501953125, 260.8843688964844, -207.89927673339844, -22.921886444091797, 349.1504821777344, 109.63684844970703, 541.0241088867188], [772.7001953125, 2727.51513671875, 7.491943359375, 290.3451843261719, 208.5275115966797, 203.57510375976562, 0.4885628819465637, 249.58514404296875, -100.72697448730469, -11.039438247680664, 135.91905212402344, -88.19297790527344, 169.09068298339844], [-464.29754638671875, 7.491943359375, 1143.5703125, 220.68653869628906, 266.3709411621094, 534.5107421875, 379.3119812011719, 74.39247131347656, 211.58958435058594, 2.7723493576049805, -168.14697265625, -31.166364669799805, -76.58226776123047], [301.607666015625, 290.3451843261719, 220.68653869628906, 411.663818359375, 264.4102783203125, 153.55291748046875, 22.988483428955078, -4.8771891593933105, 20.411701202392578, 16.09600067138672, -46.855186462402344, -82.3823013305664, 25.014345169067383], [-196.8390350341797, 208.5275115966797, 266.3709411621094, 264.4102783203125, 647.8754272460938, 415.78973388671875, 95.67890167236328, -160.0518341064453, 129.1864013671875, 104.45274353027344, -107.79000091552734, -89.94745635986328, -78.29570007324219], [-614.7913208007812, 203.57510375976562, 534.5107421875, 153.55291748046875, 415.78973388671875, 667.2181396484375, 319.3001403808594, 7.303003311157227, 197.64231872558594, 109.74504852294922, -102.81947326660156, -28.377674102783203, -97.47740173339844], [-338.92364501953125, 0.4885628819465637, 379.3119812011719, 22.988483428955078, 95.67890167236328, 319.3001403808594, 400.6309814453125, 115.728515625, 115.95451354980469, 87.76807403564453, -10.847200393676758, 40.978240966796875, -53.48442840576172], [260.8843688964844, 249.58514404296875, 74.39247131347656, -4.8771891593933105, -160.0518341064453, 7.303003311157227, 115.728515625, 336.87921142578125, 40.234310150146484, -13.493356704711914, 52.919410705566406, 8.77040958404541, 67.2679672241211], [-207.89927673339844, -100.72697448730469, 211.58958435058594, 20.411701202392578, 129.1864013671875, 197.64231872558594, 115.95451354980469, 40.234310150146484, 228.7305145263672, 72.61875915527344, -57.53164291381836, -18.01092529296875, -53.89836120605469], [-22.921886444091797, -11.039438247680664, 2.7723493576049805, 16.09600067138672, 104.45274353027344, 109.74504852294922, 87.76807403564453, -13.493356704711914, 72.61875915527344, 187.12648010253906, 63.610321044921875, 18.356971740722656, -44.13772964477539], [349.1504821777344, 135.91905212402344, -168.14697265625, -46.855186462402344, -107.79000091552734, -102.81947326660156, -10.847200393676758, 52.919410705566406, -57.53164291381836, 63.610321044921875, 203.40560913085938, 66.30149841308594, 41.19186782836914], [109.63684844970703, -88.19297790527344, -31.166364669799805, -82.3823013305664, -89.94745635986328, -28.377674102783203, 40.978240966796875, 8.77040958404541, -18.01092529296875, 18.356971740722656, 66.30149841308594, 135.83172607421875, 18.997451782226562], [541.0241088867188, 169.09068298339844, -76.58226776123047, 25.014345169067383, -78.29570007324219, -97.47740173339844, -53.48442840576172, 67.2679672241211, -53.89836120605469, -44.13772964477539, 41.19186782836914, 18.997451782226562, 150.39447021484375]], "lowlevel.mfcc.icov": [[0.0001499861100455746, -3.891114829457365e-06, -2.3758755560265854e-05, -0.00010346320777898654, -8.880133827915415e-05, 0.00015419066767208278, 5.487072849064134e-05, -6.642487278440967e-05, -4.646212255465798e-05, -7.47961166780442e-05, -0.00011557534890016541, -0.00011154339154018089, -0.00041999551467597485], [-3.891114829457365e-06, 0.0005493249045684934, 5.665019853040576e-05, -0.00012545951176434755, -0.00023092626361176372, -0.0004107301065232605, 0.00022243778221309185, -0.000501151371281594, 0.0004260301648173481, 0.00016248857718892395, -0.0005061081028543413, 0.00035273112007416785, -0.0003426465264055878], [-2.3758755560265854e-05, 5.665019853040576e-05, 0.0020365898963063955, -0.0009595610899850726, 0.00046710617607459426, -0.0010089169954881072, -0.001230138004757464, 0.0002095602103509009, -0.0008192264358513057, 0.0011973307700827718, 0.00047646171879023314, -0.00013652810594066978, 0.0002210201637353748], [-0.00010346320777898654, -0.00012545951176434755, -0.0009595610899850726, 0.004524413496255875, -0.001888434519059956, 0.0003638947382569313, 0.0004134840564802289, -0.0005846829735673964, 0.0010714599629864097, -0.0006461201119236648, 6.87133870087564e-05, 0.0016134477918967605, -0.001094854436814785], [-8.880133827915415e-05, -0.00023092626361176372, 0.00046710617607459426, -0.001888434519059956, 0.005031204782426357, -0.0025674309581518173, 0.00014405754336621612, 0.0024370774626731873, -0.0009849740890786052, -0.0009920416632667184, 0.0006370305200107396, 0.001159026985988021, 8.238279406214133e-05], [0.00015419066767208278, -0.0004107301065232605, -0.0010089169954881072, 0.0003638947382569313, -0.0025674309581518173, 0.005709461867809296, -0.002227544318884611, -0.00024157795996870846, -0.0010255613597109914, -0.000638008292298764, 0.0008035583887249231, -0.000709434156306088, 0.0003274009213782847], [5.487072849064134e-05, 0.00022243778221309185, -0.001230138004757464, 0.0004134840564802289, 0.00014405754336621612, -0.002227544318884611, 0.006628166418522596, -0.002415781607851386, 0.0008845800766721368, -0.0020451562013477087, 0.00011198956053704023, -0.0019255917286500335, 0.0008556237444281578], [-6.642487278440967e-05, -0.000501151371281594, 0.0002095602103509009, -0.0005846829735673964, 0.0024370774626731873, -0.00024157795996870846, -0.002415781607851386, 0.006221494171768427, -0.002482204930856824, 0.001164406305179, -0.0013364101760089397, 0.0017473202897235751, -0.0019258423708379269], [-4.646212255465798e-05, 0.0004260301648173481, -0.0008192264358513057, 0.0010714599629864097, -0.0009849740890786052, -0.0010255613597109914, 0.0008845800766721368, -0.002482204930856824, 0.00844183936715126, -0.0033935457468032837, 0.002261719200760126, 0.00017508391465526074, 0.000727968814317137], [-7.47961166780442e-05, 0.00016248857718892395, 0.0011973307700827718, -0.0006461201119236648, -0.0009920416632667184, -0.000638008292298764, -0.0020451562013477087, 0.001164406305179, -0.0033935457468032837, 0.010911313816905022, -0.005228901281952858, 0.0001447647373424843, 0.002025371417403221], [-0.00011557534890016541, -0.0005061081028543413, 0.00047646171879023314, 6.87133870087564e-05, 0.0006370305200107396, 0.0008035583887249231, 0.00011198956053704023, -0.0013364101760089397, 0.002261719200760126, -0.005228901281952858, 0.010458501987159252, -0.0034785198513418436, -0.00044311053352430463], [-0.00011154339154018089, 0.00035273112007416785, -0.00013652810594066978, 0.0016134477918967605, 0.001159026985988021, -0.000709434156306088, -0.0019255917286500335, 0.0017473202897235751, 0.00017508391465526074, 0.0001447647373424843, -0.0034785198513418436, 0.011707769706845284, -0.0020768744871020317], [-0.00041999551467597485, -0.0003426465264055878, 0.0002210201637353748, -0.001094854436814785, 8.238279406214133e-05, 0.0003274009213782847, 0.0008556237444281578, -0.0019258423708379269, 0.000727968814317137, 0.002025371417403221, -0.00044311053352430463, -0.0020768744871020317, 0.01149971317499876]], "metadata.audio_properties.analysis.downmix": "mix", "metadata.audio_properties.codec": "mp3", "m