{"song_id": "1182286870537842699", "download": "https://cdn.discordapp.com/attachments/1135911532732108921/1182286870537842699/chirp.mp4?ex=65842573&amp", "lyrics": "[verse]\nEce, bir liseli k\u0131z, y\u0131ld\u0131z gibi parlar\nOkul koridorunda ad\u0131 hep an\u0131l\u0131r\nBak\u0131\u015flar\u0131 sarsar, herkes onun pe\u015finde\nBa\u015ftan \u00e7\u0131kar\u0131r, dillerde hep \u015fark\u0131s\u0131\n\n[chorus]\nEce, bir liseli k\u0131z, hepimizin hayali\nKafalar\u0131 kar\u0131\u015ft\u0131r\u0131r, g\u00f6zlerde b\u00fcy\u00fclenir\nEce, bir liseli k\u0131z, herkesin derdi a\u015fk\nHaydi hep birlikte \u015fark\u0131s\u0131n\u0131 s\u00f6yleyelim", "style": ["Rap"], "essentia_features": {"lowlevel.average_loudness": 0.983537495136261, "lowlevel.barkbands_crest.mean": 13.156360626220703, "lowlevel.barkbands_crest.stdev": 5.368428707122803, "lowlevel.barkbands_flatness_db.mean": 0.15762859582901, "lowlevel.barkbands_flatness_db.stdev": 0.07338529080152512, "lowlevel.barkbands_kurtosis.mean": 10.948265075683594, "lowlevel.barkbands_kurtosis.stdev": 26.598791122436523, "lowlevel.barkbands_skewness.mean": 2.062570095062256, "lowlevel.barkbands_skewness.stdev": 2.7461533546447754, "lowlevel.barkbands_spread.mean": 52.19159698486328, "lowlevel.barkbands_spread.stdev": 29.329280853271484, "lowlevel.dissonance.mean": 0.4746040999889374, "lowlevel.dissonance.stdev": 0.02573724277317524, "lowlevel.dynamic_complexity": 4.133285045623779, "lowlevel.erbbands_crest.mean": 6.922245502471924, "lowlevel.erbbands_crest.stdev": 3.369452476501465, "lowlevel.erbbands_flatness_db.mean": 0.11451788246631622, "lowlevel.erbbands_flatness_db.stdev": 0.03365505859255791, "lowlevel.erbbands_kurtosis.mean": 1.3123383522033691, "lowlevel.erbbands_kurtosis.stdev": 3.7968122959136963, "lowlevel.erbbands_skewness.mean": -0.8367708921432495, "lowlevel.erbbands_skewness.stdev": 1.1785345077514648, "lowlevel.erbbands_spread.mean": 81.6727523803711, "lowlevel.erbbands_spread.stdev": 35.67185592651367, "lowlevel.hfc.mean": 48.9254264831543, "lowlevel.hfc.stdev": 75.97026062011719, "lowlevel.loudness_ebu128.integrated": -20.450565338134766, "lowlevel.loudness_ebu128.loudness_range": 0.5680694580078125, "lowlevel.loudness_ebu128.momentary.mean": -20.570741653442383, "lowlevel.loudness_ebu128.momentary.stdev": 1.0402387380599976, "lowlevel.loudness_ebu128.short_term.mean": -20.465307235717773, "lowlevel.loudness_ebu128.short_term.stdev": 0.20074401795864105, "lowlevel.melbands_crest.mean": 23.7072696685791, "lowlevel.melbands_crest.stdev": 9.247718811035156, "lowlevel.melbands_flatness_db.mean": 0.20165638625621796, "lowlevel.melbands_flatness_db.stdev": 0.0950889065861702, "lowlevel.melbands_kurtosis.mean": 78.25545501708984, "lowlevel.melbands_kurtosis.stdev": 162.52444458007812, "lowlevel.melbands_skewness.mean": 6.165900707244873, "lowlevel.melbands_skewness.stdev": 5.663964748382568, "lowlevel.melbands_spread.mean": 53.143943786621094, "lowlevel.melbands_spread.stdev": 55.45920944213867, "lowlevel.pitch_salience.mean": 0.4407559335231781, "lowlevel.pitch_salience.stdev": 0.1929224133491516, "lowlevel.silence_rate_20dB.mean": 0.9994206428527832, "lowlevel.silence_rate_20dB.stdev": 0.024063672870397568, "lowlevel.silence_rate_30dB.mean": 0.8522595763206482, "lowlevel.silence_rate_30dB.stdev": 0.35483959317207336, "lowlevel.silence_rate_60dB.mean": 0.20162224769592285, "lowlevel.silence_rate_60dB.stdev": 0.4012099802494049, "lowlevel.spectral_centroid.mean": 2456.03564453125, "lowlevel.spectral_centroid.stdev": 1185.506591796875, "lowlevel.spectral_complexity.mean": 8.480300903320312, "lowlevel.spectral_complexity.stdev": 10.149646759033203, "lowlevel.spectral_decrease.mean": -1.0469013211888978e-08, "lowlevel.spectral_decrease.stdev": 1.8534208834353194e-08, "lowlevel.spectral_energy.mean": 0.043950099498033524, "lowlevel.spectral_energy.stdev": 0.07337437570095062, "lowlevel.spectral_energyband_high.mean": 0.004973555915057659, "lowlevel.spectral_energyband_high.stdev": 0.008002904243767262, "lowlevel.spectral_energyband_low.mean": 0.026816168799996376, "lowlevel.spectral_energyband_low.stdev": 0.06328017264604568, "lowlevel.spectral_energyband_middle_high.mean": 0.0007119553629308939, "lowlevel.spectral_energyband_middle_high.stdev": 0.0011302698403596878, "lowlevel.spectral_energyband_middle_low.mean": 0.009338012896478176, "lowlevel.spectral_energyband_middle_low.stdev": 0.017726533114910126, "lowlevel.spectral_entropy.mean": 8.32752513885498, "lowlevel.spectral_entropy.stdev": 0.3013867139816284, "lowlevel.spectral_flux.mean": 0.1262066811323166, "lowlevel.spectral_flux.stdev": 0.11359346657991409, "lowlevel.spectral_kurtosis.mean": 0.3446786403656006, "lowlevel.spectral_kurtosis.stdev": 0.4246426224708557, "lowlevel.spectral_rms.mean": 0.004904559813439846, "lowlevel.spectral_rms.stdev": 0.0043386053293943405, "lowlevel.spectral_rolloff.mean": 4645.38720703125, "lowlevel.spectral_rolloff.stdev": 4133.955078125, "lowlevel.spectral_skewness.mean": 0.6857568025588989, "lowlevel.spectral_skewness.stdev": 0.20458945631980896, "lowlevel.spectral_spread.mean": 9060350.0, "lowlevel.spectral_spread.stdev": 1480685.625, "lowlevel.spectral_strongpeak.mean": 0.3714520335197449, "lowlevel.spectral_strongpeak.stdev": 0.489428848028183, "lowlevel.zerocrossingrate.mean": 0.1571337729692459, "lowlevel.zerocrossingrate.stdev": 0.08360303193330765, "metadata.audio_properties.analysis.equal_loudness": 0.0, "metadata.audio_properties.analysis.length": 40.04265213012695, "metadata.audio_properties.analysis.sample_rate": 44100.0, "metadata.audio_properties.analysis.start_time": 0.0, "metadata.audio_properties.bit_rate": 125389.0, "metadata.audio_properties.length": 40.042667388916016, "metadata.audio_properties.lossless": 0.0, "metadata.audio_properties.number_channels": 1.0, "metadata.audio_properties.replay_gain": -6.340950012207031, "metadata.audio_properties.sample_rate": 48000.0, "rhythm.beats_count": 74.0, "rhythm.beats_loudness.mean": 0.17087675631046295, "rhythm.beats_loudness.stdev": 0.03990301489830017, "rhythm.bpm": 112.11943817138672, "rhythm.bpm_histogram_first_peak_bpm": 112.0, "rhythm.bpm_histogram_first_peak_weight": 0.12328767776489258, "rhythm.bpm_histogram_second_peak_bpm": 0.0, "rhythm.bpm_histogram_second_peak_spread": 0.0, "rhythm.bpm_histogram_second_peak_weight": 0.0, "rhythm.danceability": 5.465383052825928, "rhythm.onset_rate": 6.44123649597168, "tonal.chords_changes_rate": 0.06712962687015533, "tonal.chords_number_rate": 0.004629629664123058, "tonal.chords_strength.mean": 0.5152463316917419, "tonal.chords_strength.stdev": 0.0654006376862526, "tonal.hpcp_crest.mean": 11.853348731994629, "tonal.hpcp_crest.stdev": 5.53218412399292, "tonal.hpcp_entropy.mean": 2.364902973175049, "tonal.hpcp_entropy.stdev": 0.8707740306854248, "tonal.key_edma.strength": 0.6159265041351318, "tonal.key_krumhansl.strength": 0.6016023755073547, "tonal.key_temperley.strength": 0.6189702153205872, "tonal.tuning_diatonic_strength": 0.375202476978302, "tonal.tuning_equal_tempered_deviation": 0.1797713339328766, "tonal.tuning_frequency": 434.193115234375, "tonal.tuning_nontempered_energy_ratio": 0.8299123048782349, "lowlevel.barkbands.mean": [0.009723076596856117, 0.017416629940271378, 0.0018109552329406142, 0.0006593928555957973, 0.006852827034890652, 0.0011668597580865026, 0.00021407980239018798, 0.00023477223294321448, 0.00017699284944683313, 6.756121001672e-05, 3.3900334528880194e-05, 4.466212703846395e-05, 3.601039497880265e-05, 3.123730857623741e-05, 3.372305945958942e-05, 5.077433888800442e-05, 7.586796709802002e-05, 8.406663255300373e-05, 0.00015206655371002853, 0.00027841259725391865, 0.0004427584935911, 0.0005949919577687979, 0.000997435301542282, 0.000983112957328558, 0.0009259621147066355, 0.0007951378356665373, 6.688579742331058e-05], "lowlevel.barkbands.stdev": [0.023550884798169136, 0.046752024441957474, 0.007990450598299503, 0.001924486248753965, 0.014540369622409344, 0.004296721424907446, 0.00051402288954705, 0.0004337686696089804, 0.0003446612099651247, 0.00016316425171680748, 8.868915756465867e-05, 0.00011697895388351753, 7.298483251361176e-05, 6.0168251366121694e-05, 6.231521547306329e-05, 8.957883983384818e-05, 0.00014368919073604047, 0.00015695177717134356, 0.00026114488719031215, 0.0005003095720894635, 0.0008557474357075989, 0.0010441528866067529, 0.0016941073117777705, 0.001545444712974131, 0.0015546379145234823, 0.0014404369285330176, 0.00013991263404022902], "lowlevel.erbbands.mean": [0.9210182428359985, 2.3109142780303955, 2.6503794193267822, 2.1618282794952393, 12.796537399291992, 27.4664306640625, 12.392767906188965, 7.9358930587768555, 3.549166679382324, 3.619683265686035, 5.782925128936768, 3.6060633659362793, 4.094912052154541, 1.584930658340454, 1.5048145055770874, 1.8069891929626465, 1.6617623567581177, 1.6171823740005493, 1.7709113359451294, 1.9762670993804932, 3.2568864822387695, 4.307751178741455, 4.313839912414551, 6.499788284301758, 8.94225788116455, 13.479530334472656, 17.531190872192383, 17.28978729248047, 21.079193115234375, 26.707555770874023, 27.631244659423828, 21.562484741210938, 15.962462425231934, 11.421643257141113, 5.79241418838501, 3.052839994430542, 1.5179415941238403, 0.3282669186592102, 0.007233872544020414, 0.0002566346083767712], "lowlevel.erbbands.stdev": [2.259795904159546, 8.329358100891113, 11.490788459777832, 6.756999969482422, 26.913082122802734, 60.97806930541992, 50.47921371459961, 23.356781005859375, 10.662386894226074, 6.98944091796875, 11.221991539001465, 6.738505840301514, 8.323838233947754, 3.9635021686553955, 3.5559945106506348, 4.754263877868652, 3.366795301437378, 3.0987188816070557, 3.2346596717834473, 3.5224039554595947, 5.9003214836120605, 7.919872760772705, 7.722896099090576, 11.074188232421875, 15.7886381149292, 24.665246963500977, 36.13467788696289, 30.916475296020508, 38.044677734375, 45.61882400512695, 46.5406608581543, 34.42207336425781, 25.624082565307617, 19.156131744384766, 10.251121520996094, 5.734187126159668, 2.7699358463287354, 0.6117792725563049, 0.013463100418448448, 0.00041952988249249756], "lowlevel.gfcc.mean": [-30.804054260253906, -7.114089012145996, -51.3917236328125, 53.442405700683594, -76.7409896850586, 16.68122100830078, -42.42003631591797, 13.784071922302246, -25.732521057128906, 7.743976593017578, -21.460952758789062, 7.242544651031494, -12.774672508239746], "lowlevel.melbands.mean": [0.006908827926963568, 0.001824868842959404, 0.0006031309603713453, 0.001694958657026291, 0.0005304741789586842, 0.0001825605722842738, 5.245125794317573e-05, 3.873939567711204e-05, 4.371420800453052e-05, 2.377283999521751e-05, 2.0224422769388184e-05, 6.1127188928367104e-06, 4.795151653524954e-06, 5.314560894476017e-06, 3.7778390833409503e-06, 3.655655973489047e-06, 2.865961050702026e-06, 2.8067838684364688e-06, 2.5383953925484093e-06, 2.960925712613971e-06, 4.025752787129022e-06, 4.546701347862836e-06, 3.955608917749487e-06, 3.958330580644542e-06, 5.310647793521639e-06, 5.964423053228529e-06, 7.462430403393228e-06, 9.093528205994517e-06, 1.099833389162086e-05, 1.0404777640360408e-05, 9.704694093670696e-06, 1.188683290820336e-05, 1.1864262887684163e-05, 1.6450256225652993e-05, 1.6292513464577496e-05, 1.4139543964120094e-05, 1.2882543160230853e-05, 1.117394094762858e-05, 1.1449707017163746e-05, 8.90445244294824e-06], "lowlevel.melbands.stdev": [0.01650839112699032, 0.007375242188572884, 0.0013573623728007078, 0.003632016247138381, 0.0017704544588923454, 0.000572563090827316, 0.00014734953583683819, 7.035843009361997e-05, 8.524233271600679e-05, 4.638731115846895e-05, 4.118170545552857e-05, 1.59462470037397e-05, 1.1833078133349773e-05, 1.3473421859089285e-05, 9.690406841400545e-06, 7.217318852781318e-06, 5.634460649162065e-06, 5.27272823092062e-06, 4.833363163925242e-06, 5.404717285273364e-06, 7.609789918205934e-06, 8.630399861431215e-06, 7.393179203063482e-06, 7.488705250580097e-06, 9.157743079413194e-06, 1.0914259291894268e-05, 1.3428691090666689e-05, 1.70214225363452e-05, 2.2675076252198778e-05, 2.068724097625818e-05, 1.7447335267206654e-05, 2.241347829112783e-05, 2.1165329599170946e-05, 2.8388200007611886e-05, 2.8225362257217057e-05, 2.371141454204917e-05, 2.0811883587157354e-05, 1.8465898392605595e-05, 1.9441960830590688e-05, 1.5368821550509892e-05], "lowlevel.melbands128.mean": [0.007288755849003792, 0.009488281793892384, 0.006089571863412857, 0.003259805263951421, 0.0016840319149196148, 0.0007445588707923889, 0.00035637637483887374, 0.00034697234514169395, 0.0010982091771438718, 0.0025786596816033125, 0.0015357150696218014, 0.0005140300490893424, 0.0004123560502193868, 0.00029154395451769233, 0.0001747128408169374, 0.00014157575787976384, 6.440310971811414e-05, 3.126142837572843e-05, 3.9065504097379744e-05, 4.7709640057291836e-05, 2.460204814269673e-05, 5.197738573770039e-05, 6.035989281372167e-05, 1.6381012756028213e-05, 1.6031217455747537e-05, 2.6242945750709623e-05, 4.1141011024592444e-05, 1.6083973605418578e-05, 8.269722457043827e-06, 6.296840183495078e-06, 5.507121841219487e-06, 5.201976819080301e-06, 4.704958882939536e-06, 4.353906660981011e-06, 5.376275566959521e-06, 6.091222985560307e-06, 4.54374867331353e-06, 3.3433580028940924e-06, 3.5330306218384067e-06, 3.7823940601811046e-06, 3.582919589462108e-06, 3.713343858180451e-06, 2.7015146315534366e-06, 2.5093247586482903e-06, 2.895008037739899e-06, 2.729813331825426e-06, 2.965304020108306e-06, 2.5575509425834753e-06, 2.2709402855980443e-06, 2.58133809438732e-06, 3.079751650147955e-06, 3.276029929111246e-06, 3.6928731788066216e-06, 4.518552032095613e-06, 4.5034457798465155e-06, 4.8221841097984e-06, 4.2633387238311116e-06, 4.066879228048492e-06, 3.9828182707424276e-06, 3.4116919778170995e-06, 3.7900647384958575e-06, 4.330821411713259e-06, 5.189743205846753e-06, 5.79728111915756e-06, 5.096165750728687e-06, 6.179024694574764e-06, 6.017317446094239e-06, 6.76317495162948e-06, 7.498607828893e-06, 9.059523108589929e-06, 8.850672202243004e-06, 9.432879778614733e-06, 9.721077731228434e-06, 1.258643897017464e-05, 1.0570267477305606e-05, 9.706039236334618e-06, 1.1639237527560908e-05, 9.189636330120265e-06, 9.554651114740409e-06, 8.758000149100553e-06, 1.326440633420134e-05, 1.2839842383982614e-05, 1.0423814273963217e-05, 1.1739616638806183e-05, 1.245591829501791e-05, 1.530781082692556e-05, 1.8413307770970277e-05, 1.7996671886066906e-05, 1.5112566870811861e-05, 1.6448375390609726e-05, 1.5149546015891246e-05, 1.27295425045304e-05, 1.3388423212745693e-05, 1.385673022014089e-05, 1.0845582437468693e-05, 1.4227587598725222e-05, 9.88115425570868e-06, 8.72858345246641e-06, 1.292406341235619e-05, 1.300546409765957e-05, 8.7353500930476e-06, 9.105460776481777e-06, 6.796317848056788e-06, 8.647158210806083e-06, 5.561546004173579e-06, 5.526539553102339e-06, 6.246737939363811e-06, 6.110426511440892e-06, 5.008012976759346e-06, 4.847091986448504e-06, 4.363681000540964e-06, 4.27963550464483e-06, 5.436826540972106e-06, 5.425702056527371e-06, 4.437623829289805e-06, 3.5750804272538517e-06, 2.831744495779276e-06, 2.839868784576538e-07, 8.170456533562742e-10, 8.341344975848486e-12, 7.472684797338314e-12, 7.065704792086347e-12, 6.739914182318785e-12, 6.4563068433165505e-12, 5.9723714689041696e-12, 5.2880746656547295e-12, 4.910856877399228e-12, 4.8197066997157645e-12], "lowlevel.melbands128.stdev": [0.018153388053178787, 0.023372087627649307, 0.017814667895436287, 0.013109806925058365, 0.007522208616137505, 0.0032657801639288664, 0.0013408521190285683, 0.0009953629923984408, 0.002492337254807353, 0.005879584234207869, 0.00360319297760725, 0.0020699251908808947, 0.0020649051293730736, 0.0012847061734646559, 0.0005050523905083537, 0.00046980942715890706, 0.0002689940738491714, 8.78795181051828e-05, 9.194745507556945e-05, 0.0001056666296790354, 5.203003456699662e-05, 0.00010338293213862926, 0.0001346506760455668, 4.277863263268955e-05, 4.4036169128958136e-05, 5.558070552069694e-05, 9.207903349306434e-05, 4.106343840248883e-05, 2.215715176134836e-05, 1.8173059288528748e-05, 1.6956033505266532e-05, 1.6493486327817664e-05, 1.2879604582849424e-05, 1.1898740012838971e-05, 1.5079754120961297e-05, 1.645721022214275e-05, 1.6933048755163327e-05, 9.715832675283309e-06, 9.941245480149519e-06, 8.142398655763827e-06, 7.946647201606538e-06, 8.56612950883573e-06, 6.118687451817095e-06, 5.53737982045277e-06, 6.474597739725141e-06, 5.793227501271758e-06, 6.309246145974612e-06, 6.120086709415773e-06, 4.877465471508913e-06, 5.4355923566618e-06, 6.255228527152212e-06, 7.166767773014726e-06, 7.74922409618739e-06, 9.5187888291548e-06, 9.964773198589683e-06, 1.0305768228136003e-05, 8.83397206052905e-06, 8.628973773738835e-06, 8.449380402453244e-06, 6.750021384505089e-06, 8.08497588877799e-06, 1.0093534001498483e-05, 1.0453560207679402e-05, 1.0661500709829852e-05, 9.815526027523447e-06, 1.2646646609937306e-05, 1.2690616131294519e-05, 1.3257676982902922e-05, 1.453681215934921e-05, 1.8495598851586692e-05, 1.9018943930859677e-05, 1.875426823971793e-05, 1.9320401406730525e-05, 2.8348731575533748e-05, 3.1409301300300285e-05, 2.147681516362354e-05, 2.3412037990055978e-05, 1.891853753477335e-05, 1.8598542737890966e-05, 1.775962664396502e-05, 2.8420052331057377e-05, 2.6854502721107565e-05, 1.9548082491382957e-05, 2.445987774990499e-05, 2.3343050997937098e-05, 2.896655678341631e-05, 3.3727021218510345e-05, 3.521026883390732e-05, 2.8773645681212656e-05, 2.9131342671462335e-05, 2.881108048313763e-05, 2.3290851459023543e-05, 2.3073389456840232e-05, 2.496750676073134e-05, 1.792092007235624e-05, 2.6481506210984662e-05, 1.7850583390099928e-05, 1.5616100426996127e-05, 2.3627553673577495e-05, 2.399945333309006e-05, 1.674186387390364e-05, 1.676054671406746e-05, 1.3122099517204333e-05, 1.7627704437472858e-05, 1.1218875442864373e-05, 1.102701025956776e-05, 1.2933443031215575e-05, 1.278277068195166e-05, 1.031580632115947e-05, 1.0638241292326711e-05, 9.21217906579841e-06, 8.218350558308885e-06, 1.0672444659576286e-05, 1.036885896610329e-05, 8.75296063895803e-06, 7.0787855293019675e-06, 6.0323682191665284e-06, 6.961201961530605e-07, 1.6527089030660136e-08, 3.955108462960766e-11, 3.883532731507877e-11, 3.883713489694074e-11, 3.7700099986270885e-11, 3.551440738713829e-11, 2.6716722584252395e-11, 1.4076130018525479e-11, 1.0540707195971777e-11, 1.0388005559913704e-11], "lowlevel.mfcc.mean": [-690.2822875976562, 31.407621383666992, 65.25382232666016, 33.117759704589844, 4.761090278625488, 4.2388224601745605, -2.726839780807495, 3.1362409591674805, 0.36974379420280457, 4.005068778991699, -1.5086861848831177, -0.13134023547172546, -2.7478373050689697], "lowlevel.spectral_contrast_coeffs.mean": [-0.6996036171913147, -0.8037348389625549, -0.8201050758361816, -0.8555209636688232, -0.8219725489616394, -0.7815255522727966], "lowlevel.spectral_contrast_coeffs.stdev": [0.13971182703971863, 0.06835392117500305, 0.05876712128520012, 0.027693375945091248, 0.02751539647579193, 0.03272088244557381], "lowlevel.spectral_contrast_valleys.mean": [-7.599343299865723, -7.6835455894470215, -8.65874195098877, -8.713847160339355, -7.77186393737793, -9.033422470092773], "lowlevel.spectral_contrast_valleys.stdev": [1.10906183719635, 0.9817085266113281, 1.0163562297821045, 0.9438676834106445, 0.8781489133834839, 0.7654234766960144], "rhythm.beats_loudness_band_ratio.mean": [0.8498921394348145, 0.07288646697998047, 0.006367238704115152, 0.0021600781474262476, 0.00368966325186193, 0.08109014481306076], "rhythm.beats_loudness_band_ratio.stdev": [0.08814489096403122, 0.08791784197092056, 0.004626148846000433, 0.001216279692016542, 0.0019897918682545424, 0.040011413395404816], "tonal.hpcp.mean": [0.2564225196838379, 0.27077871561050415, 0.13872148096561432, 0.06481746584177017, 0.044705312699079514, 0.03893660008907318, 0.05289626121520996, 0.05880141258239746, 0.05422040447592735, 0.05275662615895271, 0.03527643904089928, 0.02666259929537773, 0.03525263071060181, 0.03745700791478157, 0.032709017395973206, 0.0733940377831459, 0.09640846401453018, 0.066412054002285, 0.05053811892867088, 0.040974680334329605, 0.03578540310263634, 0.039641864597797394, 0.06537197530269623, 0.26037728786468506, 0.40099605917930603, 0.20642992854118347, 0.04206986352801323, 0.09519802033901215, 0.10380296409130096, 0.053549107164144516, 0.05291896313428879, 0.042880650609731674, 0.0272106621414423, 0.0263822078704834, 0.03598761558532715, 0.10584411025047302], "tonal.hpcp.stdev": [0.3724110722541809, 0.37581995129585266, 0.28112027049064636, 0.19481046497821808, 0.1643936187028885, 0.15174536406993866, 0.1557110846042633, 0.16056495904922485, 0.15934079885482788, 0.16371601819992065, 0.12498273700475693, 0.10463225841522217, 0.1447400450706482, 0.1426684707403183, 0.1110086441040039, 0.18122261762619019, 0.21773004531860352, 0.17009389400482178, 0.15879961848258972, 0.1318027824163437, 0.11860598623752594, 0.12769924104213715, 0.162479430437088, 0.28612130880355835, 0.4507601857185364, 0.24890264868736267, 0.11632680892944336, 0.2160329967737198, 0.2354847490787506, 0.13738112151622772, 0.15491680800914764, 0.13878118991851807, 0.08550436049699783, 0.09537571668624878, 0.12171094119548798, 0.22274672985076904], "rhythm.beats_position": [0.4760090708732605, 0.9984580278396606, 1.5325169563293457, 2.0665760040283203, 2.600634813308716, 3.1346938610076904, 3.668752670288086, 4.2028117179870605, 4.736870765686035, 5.27092981338501, 5.804988384246826, 6.339047431945801, 6.873106479644775, 7.40716552734375, 7.941224575042725, 8.4752836227417, 9.009342193603516, 9.543400764465332, 10.077460289001465, 10.623128890991211, 11.168798446655273, 11.70285701751709, 12.236915588378906, 12.770975112915039, 13.305033683776855, 13.839092254638672, 14.373151779174805, 14.907210350036621, 15.441269874572754, 15.97532844543457, 16.509387969970703, 17.043445587158203, 17.577505111694336, 18.1231746673584, 18.668842315673828, 19.20290184020996, 19.736961364746094, 20.271020889282227, 20.805078506469727, 21.33913803100586, 21.873197555541992, 22.407255172729492, 22.941314697265625, 23.475374221801758, 24.009431838989258, 24.54349136352539, 25.077550888061523, 25.611610412597656, 26.157278060913086, 26.70294761657715, 27.23700714111328, 27.77106475830078, 28.305124282836914, 28.839183807373047, 29.373241424560547, 29.90730094909668, 30.441360473632812, 30.975418090820312, 31.509477615356445, 32.04353713989258, 32.58920669555664, 33.12326431274414, 33.6689338684082, 34.2029914855957, 34.73705291748047, 35.27111053466797, 35.80516815185547, 36.339229583740234, 36.873287200927734, 37.407344818115234, 37.94140625, 38.4754638671875, 39.009521484375, 39.543582916259766], "rhythm.bpm_histogram": [0.0, 0.0, 0.0, 0.0, 0.0, 0.0, 0.0, 0.0, 0.0, 0.0, 0.0, 0.0, 0.0, 0.0, 0.0, 0.0, 0.0, 0.0, 0.0, 0.0, 0.0, 0.0, 0.0, 0.0, 0.0, 0.0, 0.0, 0.0, 0.0, 0.0, 0.0, 0.0, 0.0, 0.0, 0.0, 0.0, 0.0, 0.0, 0.0, 0.0, 0.0, 0.0, 0.0, 0.0, 0.0, 0.0, 0.0, 0.0, 0.0, 0.0, 0.0, 0.0, 0.0, 0.0, 0.0, 0.0, 0.0, 0.0, 0.0, 0.0, 0.0, 0.0, 0.0, 0.0, 0.0, 0.0, 0.0, 0.0, 0.0, 0.0, 0.0, 0.0, 0.0, 0.0, 0.0, 0.0, 0.0, 0.0, 0.0, 0.0, 0.0, 0.0, 0.0, 0.0, 0.0, 0.0, 0.0, 0.0, 0.0, 0.0, 0.0, 0.0, 0.0, 0.0, 0.0, 0.0, 0.0, 0.0, 0.0, 0.0, 0.0, 0.0, 0.0, 0.0, 0.0, 0.0, 0.0, 0.0, 0.0, 0.0, 0.10958904027938843, 0.0, 0.8767123222351074, 0.0, 0.0, 0.013698630034923553, 0.0, 0.0, 0.0, 0.0, 0.0, 0.0, 0.0, 0.0, 0.0, 0.0, 0.0, 0.0, 0.0, 0.0, 0.0, 0.0, 0.0, 0.0, 0.0, 0.0, 0.0, 0.0, 0.0, 0.0, 0.0, 0.0, 0.0, 0.0, 0.0, 0.0, 0.0, 0.0, 0.0, 0.0, 0.0, 0.0, 0.0, 0.0, 0.0, 0.0, 0.0, 0.0, 0.0, 0.0, 0.0, 0.0, 0.0, 0.0, 0.0, 0.0, 0.0, 0.0, 0.0, 0.0, 0.0, 0.0, 0.0, 0.0, 0.0, 0.0, 0.0, 0.0, 0.0, 0.0, 0.0, 0.0, 0.0, 0.0, 0.0, 0.0, 0.0, 0.0, 0.0, 0.0, 0.0, 0.0, 0.0, 0.0, 0.0, 0.0, 0.0, 0.0, 0.0, 0.0, 0.0, 0.0, 0.0, 0.0, 0.0, 0.0, 0.0, 0.0, 0.0, 0.0, 0.0, 0.0, 0.0, 0.0, 0.0, 0.0, 0.0, 0.0, 0.0, 0.0, 0.0, 0.0, 0.0, 0.0, 0.0, 0.0, 0.0, 0.0, 0.0, 0.0, 0.0, 0.0, 0.0, 0.0, 0.0, 0.0, 0.0, 0.0, 0.0, 0.0, 0.0, 0.0, 0.0, 0.0, 0.0, 0.0, 0.0, 0.0, 0.0, 0.0], "tonal.chords_histogram": [0.0, 0.11574073880910873, 0.0, 0.0, 0.0, 26.157407760620117, 0.0, 0.0, 0.0, 0.0, 0.0, 0.0, 0.0, 0.0, 0.0, 1.2731481790542603, 0.0, 0.0, 0.0, 0.0, 0.0, 0.0, 51.85185241699219, 20.601852416992188], "tonal.thpcp": [1.0, 0.5147929191589355, 0.10491340607404709, 0.23740388453006744, 0.25886279344558716, 0.13354022800922394, 0.13196878135204315, 0.10693534463644028, 0.06785768270492554, 0.06579168885946274, 0.08974555879831314, 0.26395300030708313, 0.6394639611244202, 0.6752652525901794, 0.34594225883483887, 0.16164115071296692, 0.11148566752672195, 0.09709970653057098, 0.13191217184066772, 0.14663837850093842, 0.13521431386470795, 0.1315639466047287, 0.08797203749418259, 0.06649092584848404, 0.0879126638174057, 0.09340991824865341, 0.08156942576169968, 0.18302932381629944, 0.24042247235774994, 0.16561771929264069, 0.12603145837783813, 0.10218225419521332, 0.08924128115177155, 0.09885849058628082, 0.16302397847175598, 0.6493263244628906], "lowlevel.gfcc.cov": [[8534.1220703125, 292.7987976074219, 216.75387573242188, -458.4389953613281, 368.5483703613281, -313.8303527832031, -353.84185791015625, -478.5284423828125, -583.5971069335938, -282.4960632324219, -253.44859313964844, -45.13315963745117, -201.16946411132812], [292.7987976074219, 785.9154052734375, 213.11582946777344, -168.31175231933594, -81.11292266845703, -2.956357002258301, 61.631561279296875, 70.61636352539062, 60.48689651489258, 7.177927494049072, 26.133909225463867, 19.806673049926758, 35.23784255981445], [216.75387573242188, 213.11582946777344, 491.3216552734375, 130.7412567138672, 260.9542541503906, 162.6439971923828, 185.14376831054688, 123.98189544677734, 49.628150939941406, 53.25563430786133, 31.677555084228516, 52.6399040222168, 25.01083755493164], [-458.4389953613281, -168.31175231933594, 130.7412567138672, 432.7527160644531, 231.0481719970703, 124.8996810913086, 35.78367233276367, -46.63816452026367, -16.563133239746094, -20.533061981201172, 18.210494995117188, 7.320889949798584, 17.634489059448242], [368.5483703613281, -81.11292266845703, 260.9542541503906, 231.0481719970703, 465.5845031738281, 269.67230224609375, 206.97544860839844, 109.26917266845703, 37.723785400390625, 62.804996490478516, 60.73394775390625, 77.37385559082031, 25.165790557861328], [-313.8303527832031, -2.956357002258301, 162.6439971923828, 124.8996810913086, 269.67230224609375, 304.4696960449219, 276.72613525390625, 229.69680786132812, 149.16363525390625, 114.04231262207031, 80.95580291748047, 58.364013671875, 35.09617614746094], [-353.84185791015625, 61.631561279296875, 185.14376831054688, 35.78367233276367, 206.97544860839844, 276.72613525390625, 363.72698974609375, 323.0685729980469, 222.39337158203125, 152.70094299316406, 92.95633697509766, 56.862911224365234, 34.985469818115234], [-478.5284423828125, 70.61636352539062, 123.98189544677734, -46.63816452026367, 109.26917266845703, 229.69680786132812, 323.0685729980469, 369.57659912109375, 260.49664306640625, 178.80517578125, 97.70973205566406, 49.98444366455078, 34.20322799682617], [-583.5971069335938, 60.48689651489258, 49.628150939941406, -16.563133239746094, 37.723785400390625, 149.16363525390625, 222.39337158203125, 260.49664306640625, 242.75413513183594, 157.956298828125, 102.0236587524414, 43.67290496826172, 31.91904067993164], [-282.4960632324219, 7.177927494049072, 53.25563430786133, -20.533061981201172, 62.804996490478516, 114.04231262207031, 152.70094299316406, 178.80517578125, 157.956298828125, 146.777099609375, 92.83800506591797, 46.845699310302734, 20.718870162963867], [-253.44859313964844, 26.133909225463867, 31.677555084228516, 18.210494995117188, 60.73394775390625, 80.95580291748047, 92.95633697509766, 97.70973205566406, 102.0236587524414, 92.83800506591797, 106.61258697509766, 62.31111526489258, 34.2269401550293], [-45.13315963745117, 19.806673049926758, 52.6399040222168, 7.320889949798584, 77.37385559082031, 58.364013671875, 56.862911224365234, 49.98444366455078, 43.67290496826172, 46.845699310302734, 62.31111526489258, 70.62922668457031, 38.60801315307617], [-201.16946411132812, 35.23784255981445, 25.01083755493164, 17.634489059448242, 25.165790557861328, 35.09617614746094, 34.985469818115234, 34.20322799682617, 31.91904067993164, 20.718870162963867, 34.2269401550293, 38.60801315307617, 55.212608337402344]], "lowlevel.gfcc.icov": [[0.0002437085349811241, -0.00015019973216112703, 5.242642873781733e-05, 0.00045430497266352177, -0.0008414211333729327, 0.0005806232802569866, -8.5107320046518e-05, 2.2964708477957174e-05, 0.00041965811396948993, -0.00013389177911449224, 0.00015334879572037607, -2.9150098271202296e-05, 0.0006020718137733638], [-0.00015019973216112703, 0.002512046368792653, -0.002125553088262677, 0.0015712662134319544, 0.0011957576498389244, -0.0014556236565113068, 0.00037604692624881864, 0.0013172198086977005, -0.002731177257373929, 0.0034955276641994715, -0.002804726827889681, 0.0021352283656597137, -0.0018507103668525815], [5.242642873781733e-05, -0.002125553088262677, 0.005275612697005272, -0.002351454459130764, -0.002051789779216051, 0.003003552556037903, -0.0025754489470273256, -0.0020946383010596037, 0.003933451604098082, -0.004083063453435898, 0.004145011771470308, -0.003766723209992051, 0.0011869239388033748], [0.00045430497266352177, 0.0015712662134319544, -0.002351454459130764, 0.007481679320335388, -0.003748650662600994, -0.0023686178028583527, 0.0013949456624686718, 0.005304868333041668, -0.0057272654958069324, 0.005417982116341591, -0.0049706120043993, 0.007856324315071106, -0.002762279473245144], [-0.0008414211333729327, 0.0011957576498389244, -0.002051789779216051, -0.003748650662600994, 0.012654795311391354, -0.00857898872345686, -0.0019790593069046736, 0.0011910564498975873, 0.0036883854772895575, -0.002049435628578067, 0.001230875845067203, -0.008099459111690521, 0.0020366304088383913], [0.0005806232802569866, -0.0014556236565113068, 0.003003552556037903, -0.0023686178028583527, -0.00857898872345686, 0.02224539965391159, -0.009928780607879162, -0.004959551151841879, 0.004803258925676346, -0.0029121683910489082, 0.00047686006291769445, 0.00011006320710293949, -0.0004825053329113871], [-8.5107320046518e-05, 0.00037604692624881864, -0.0025754489470273256, 0.0013949456624686718, -0.0019790593069046736, -0.009928780607879162, 0.02516292966902256, -0.012832187116146088, -0.006029600743204355, 0.006127410102635622, -0.0023199962452054024, 0.0022999742068350315, 0.00040552328573539853], [2.2964708477957174e-05, 0.0013172198086977005, -0.0020946383010596037, 0.005304868333041668, 0.0011910564498975873, -0.004959551151841879, -0.012832187116146088, 0.030367134138941765, -0.016802247613668442, -0.004574671853333712, 0.0054114339873194695, 0.0028468219097703695, -0.0034886228386312723], [0.00041965811396948993, -0.002731177257373929, 0.003933451604098082, -0.0057272654958069324, 0.0036883854772895575, 0.004803258925676346, -0.006029600743204355, -0.016802247613668442, 0.0384281687438488, -0.01852678507566452, -0.003912525717169046, -0.0009344029822386801, 0.0006298745865933597], [-0.00013389177911449224, 0.0034955276641994715, -0.004083063453435898, 0.005417982116341591, -0.002049435628578067, -0.0029121683910489082, 0.006127410102635622, -0.004574671853333712, -0.01852678507566452, 0.043082285672426224, -0.022712884470820427, 0.004934718832373619, 0.004309909883886576], [0.00015334879572037607, -0.002804726827889681, 0.004145011771470308, -0.0049706120043993, 0.001230875845067203, 0.00047686006291769445, -0.0023199962452054024, 0.0054114339873194695, -0.003912525717169046, -0.022712884470820427, 0.04645570367574692, -0.030225133523344994, 0.002434161026030779], [-2.9150098271202296e-05, 0.0021352283656597137, -0.003766723209992051, 0.007856324315071106, -0.008099459111690521, 0.00011006320710293949, 0.0022999742068350315, 0.0028468219097703695, -0.0009344029822386801, 0.004934718832373619, -0.030225133523344994, 0.05814110487699509, -0.025101570412516594], [0.0006020718137733638, -0.0018507103668525815, 0.0011869239388033748, -0.002762279473245144, 0.0020366304088383913, -0.0004825053329113871, 0.00040552328573539853, -0.0034886228386312723, 0.0006298745865933597, 0.004309909883886576, 0.002434161026030779, -0.025101570412516594, 0.037175942212343216]], "lowlevel.mfcc.cov": [[7957.8583984375, 528.2698974609375, -314.810302734375, -105.99674987792969, 149.2683563232422, -49.2320671081543, -35.339664459228516, -300.80426025390625, -416.4808654785156, -479.5832824707031, -355.19970703125, -316.4623107910156, -228.4210662841797], [528.2698974609375, 846.4383544921875, 206.2333221435547, -150.5633544921875, -82.6723403930664, -95.68621063232422, 11.980405807495117, 47.98286819458008, 56.33076095581055, 42.691097259521484, 66.59175109863281, 14.794656753540039, 33.69389343261719], [-314.810302734375, 206.2333221435547, 282.1238098144531, 91.79454803466797, 34.43806457519531, 33.90553283691406, 53.42952346801758, 62.217403411865234, 63.58945083618164, 49.67243194580078, 52.9355354309082, 23.4119930267334, 16.561506271362305], [-105.99674987792969, -150.5633544921875, 91.79454803466797, 246.60594177246094, 158.6730194091797, 131.72471618652344, 63.042327880859375, 16.814109802246094, -16.808801651000977, -39.501129150390625, -38.3617057800293, -22.219280242919922, -15.695552825927734], [149.2683563232422, -82.6723403930664, 34.43806457519531, 158.6730194091797, 243.61607360839844, 184.23782348632812, 148.3323974609375, 74.59955596923828, 27.238277435302734, -16.342906951904297, -1.0462682247161865, 6.097433567047119, 21.432546615600586], [-49.2320671081543, -95.68621063232422, 33.90553283691406, 131.72471618652344, 184.23782348632812, 205.38970947265625, 159.2642822265625, 94.8910140991211, 52.5133171081543, 15.270577430725098, 20.529706954956055, 21.106525421142578, 28.012767791748047], [-35.339664459228516, 11.980405807495117, 53.42952346801758, 63.042327880859375, 148.3323974609375, 159.2642822265625, 228.49234008789062, 167.5880126953125, 135.1881866455078, 95.99724578857422, 93.07380676269531, 65.3089370727539, 65.09871673583984], [-300.80426025390625, 47.98286819458008, 62.217403411865234, 16.814109802246094, 74.59955596923828, 94.8910140991211, 167.5880126953125, 192.61058044433594, 168.8148193359375, 138.03289794921875, 121.62022399902344, 84.4837417602539, 73.68036651611328], [-416.4808654785156, 56.33076095581055, 63.58945083618164, -16.808801651000977, 27.238277435302734, 52.5133171081543, 135.1881866455078, 168.8148193359375, 209.6927032470703, 179.44020080566406, 153.97335815429688, 104.55975341796875, 81.09516143798828], [-479.5832824707031, 42.691097259521484, 49.67243194580078, -39.501129150390625, -16.342906951904297, 15.270577430725098, 95.99724578857422, 138.03289794921875, 179.44020080566406, 206.98980712890625, 169.4962921142578, 118.37358093261719, 84.8198013305664], [-355.19970703125, 66.59175109863281, 52.9355354309082, -38.3617057800293, -1.0462682247161865, 20.529706954956055, 93.07380676269531, 121.62022399902344, 153.97335815429688, 169.4962921142578, 180.49461364746094, 124.88983154296875, 92.66767120361328], [-316.4623107910156, 14.794656753540039, 23.4119930267334, -22.219280242919922, 6.097433567047119, 21.106525421142578, 65.3089370727539, 84.4837417602539, 104.55975341796875, 118.37358093261719, 124.88983154296875, 127.94464874267578, 90.25962829589844], [-228.4210662841797, 33.69389343261719, 16.561506271362305, -15.695552825927734, 21.432546615600586, 28.012767791748047, 65.09871673583984, 73.68036651611328, 81.09516143798828, 84.8198013305664, 92.66767120361328, 90.25962829589844, 98.12330627441406]], "lowlevel.mfcc.icov": [[0.0002021316613536328, -0.00024371348263230175, 0.00037078597233630717, -2.4598301024525426e-05, -0.00028925310471095145, 0.00034871770185418427, -0.0005836889613419771, 0.0003479407459963113, 0.00014484992425423115, 0.00029307467048056424, -0.00022249529138207436, 4.499290662351996e-05, 0.0003729972813744098], [-0.00024371348263230175, 0.002663328777998686, -0.0030249503906816244, 0.0026467768475413322, -0.0005081039853394032, 0.0008243836346082389, 0.000110233886516653, -0.0009181802743114531, 8.272059494629502e-05, 0.000732665415853262, -0.0003836985561065376, 0.0012777651427313685, -0.0015706901904195547], [0.00037078597233630717, -0.0030249503906816244, 0.008522754535079002, -0.006238879635930061, 0.0016037918394431472, 0.0006878839922137558, -0.0009483384201303124, 0.00014527872554026544, -0.0010159820085391402, 0.0009345670696347952, -0.002714392263442278, 6.783132448617835e-06, 0.002027851762250066], [-2.4598301024525426e-05, 0.0026467768475413322, -0.006238879635930061, 0.013479041866958141, -0.0064934659749269485, -0.0032124260906130075, 0.0027144686318933964, -7.623925193911418e-05, 0.0013797857100144029, -0.0017811359139159322, 0.002947952365502715, -0.00015682249795645475, 0.0005942844436503947], [-0.00028925310471095145, -0.0005081039853394032, 0.0016037918394431472, -0.0064934659749269485, 0.0182868130505085, -0.009056097827851772, -0.004517922643572092, 0.000357425567926839, -0.0011805938556790352, 0.0049078743904829025, -0.0015123513294383883, 0.0004456344177015126, -0.0027365905698388815], [0.00034871770185418427, 0.0008243836346082389, 0.0006878839922137558, -0.0032124260906130075, -0.009056097827851772, 0.02384105697274208, -0.011099535971879959, -0.0007940654759295285, 0.0013363937614485621, 0.001747935893945396, 0.0004400851030368358, -0.0010439158650115132, 0.0009598692413419485], [-0.0005836889613419771, 0.000110233886516653, -0.0009483384201303124, 0.0027144686318933964, -0.004517922643572092, -0.011099535971879959, 0.026492459699511528, -0.013729059137403965, -0.0015825736336410046, -0.0008314113947562873, -0.0016051999991759658, 0.0019044942455366254, -0.0021230774000287056], [0.0003479407459963113, -0.0009181802743114531, 0.00014527872554026544, -7.623925193911418e-05, 0.000357425567926839, -0.0007940654759295285, -0.013729059137403965, 0.03223739191889763, -0.015497277490794659, -0.0016612650360912085, 0.0017559685511514544, 0.0004266378527972847, -0.0016682188725098968], [0.00014484992425423115, 8.272059494629502e-05, -0.0010159820085391402, 0.0013797857100144029, -0.0011805938556790352, 0.0013363937614485621, -0.0015825736336410046, -0.015497277490794659, 0.034120939671993256, -0.016535205766558647, -0.003122007241472602, 0.001381971756927669, 0.001035030116327107], [0.00029307467048056424, 0.000732665415853262, 0.0009345670696347952, -0.0017811359139159322, 0.0049078743904829025, 0.001747935893945396, -0.0008314113947562873, -0.0016612650360912085, -0.016535205766558647, 0.03689219057559967, -0.018783457577228546, -0.00266420841217041, 0.0021811809856444597], [-0.00022249529138207436, -0.0003836985561065376, -0.002714392263442278, 0.002947952365502715, -0.0015123513294383883, 0.0004400851030368358, -0.0016051999991759658, 0.0017559685511514544, -0.003122007241472602, -0.018783457577228546, 0.0392000786960125, -0.01617719978094101, -0.002828193362802267], [4.499290662351996e-05, 0.0012777651427313685, 6.783132448617835e-06, -0.00015682249795645475, 0.0004456344177015126, -0.0010439158650115132, 0.0019044942455366254, 0.0004266378527972847, 0.001381971756927669, -0.00266420841217041, -0.01617719978094101, 0.03819015622138977, -0.020434411242604256], [0.0003729972813744098, -0.0015706901904195547, 0.002027851762250066, 0.0005942844436503947, -0.0027365905698388815, 0.0009598692413419485, -0.0021230774000287056, -0.0016682188725098968, 0.001035030116327107, 0.0021811809856444597, -0.002828193362802267, -0.020434411242604256, 0.033063456416130066]], "metadata.audio_properties.analysis.downmix": "mix", "metadata.audio_properties.codec": "mp3", "metadata.audio_properties.md5_encoded": "7a391658e3623c7ac2de89dc4ee37764", "metadata.tags.file_name": "1182286870537842699.mp3", "metadata.version.essentia": "2.1-beta6-dev", "metadata.version.essentia_git_sha": "v2.1_beta5-1110-g77a6a954", "metadata.version.extractor": "music 2.0", "tonal.chords_key": "D", "tonal.chords_scale": "minor", "tonal.key_edma.key": "Bb", "tonal.key_ed