{"song_id": "1182272413224943676", "download": "https://cdn.discordapp.com/attachments/1128313332273782784/1182272413224943676/chirp.mp4?ex=658417fc&amp", "lyrics": "verso]Car, aircraft and boat customization company, bring your project to the best company in Brazil.\nThe best products, best professionals.\nOversign, working for you\n[chorus] Oh Oh Oh Oh OVERSign\nOh Oh Oh Oh OVERSign", "style": ["darkwave coldwave"], "essentia_features": {"lowlevel.average_loudness": 0.2701939046382904, "lowlevel.barkbands_crest.mean": 15.79167366027832, "lowlevel.barkbands_crest.stdev": 5.42656946182251, "lowlevel.barkbands_flatness_db.mean": 0.38125163316726685, "lowlevel.barkbands_flatness_db.stdev": 0.11285831034183502, "lowlevel.barkbands_kurtosis.mean": 7.23354434967041, "lowlevel.barkbands_kurtosis.stdev": 19.931903839111328, "lowlevel.barkbands_skewness.mean": 0.28536903858184814, "lowlevel.barkbands_skewness.stdev": 1.5441619157791138, "lowlevel.barkbands_spread.mean": 6.805004596710205, "lowlevel.barkbands_spread.stdev": 7.73062801361084, "lowlevel.dissonance.mean": 0.4057278037071228, "lowlevel.dissonance.stdev": 0.07412194460630417, "lowlevel.dynamic_complexity": 8.609079360961914, "lowlevel.erbbands_crest.mean": 18.815692901611328, "lowlevel.erbbands_crest.stdev": 6.455245494842529, "lowlevel.erbbands_flatness_db.mean": 0.4372738003730774, "lowlevel.erbbands_flatness_db.stdev": 0.10263378173112869, "lowlevel.erbbands_kurtosis.mean": 6.578412055969238, "lowlevel.erbbands_kurtosis.stdev": 10.691263198852539, "lowlevel.erbbands_skewness.mean": 0.35074540972709656, "lowlevel.erbbands_skewness.stdev": 1.3855254650115967, "lowlevel.erbbands_spread.mean": 9.630356788635254, "lowlevel.erbbands_spread.stdev": 10.418806076049805, "lowlevel.hfc.mean": 21.11417579650879, "lowlevel.hfc.stdev": 30.965473175048828, "lowlevel.loudness_ebu128.integrated": -21.039833068847656, "lowlevel.loudness_ebu128.loudness_range": 12.401792526245117, "lowlevel.loudness_ebu128.momentary.mean": -26.63081932067871, "lowlevel.loudness_ebu128.momentary.stdev": 9.421464920043945, "lowlevel.loudness_ebu128.short_term.mean": -23.290973663330078, "lowlevel.loudness_ebu128.short_term.stdev": 3.936748743057251, "lowlevel.melbands_crest.mean": 20.269058227539062, "lowlevel.melbands_crest.stdev": 7.526501655578613, "lowlevel.melbands_flatness_db.mean": 0.3684875965118408, "lowlevel.melbands_flatness_db.stdev": 0.11437954008579254, "lowlevel.melbands_kurtosis.mean": 6.693446636199951, "lowlevel.melbands_kurtosis.stdev": 14.1297607421875, "lowlevel.melbands_skewness.mean": 0.3867548108100891, "lowlevel.melbands_skewness.stdev": 1.5505543947219849, "lowlevel.melbands_spread.mean": 13.201723098754883, "lowlevel.melbands_spread.stdev": 14.45528793334961, "lowlevel.pitch_salience.mean": 0.4938769042491913, "lowlevel.pitch_salience.stdev": 0.15174056589603424, "lowlevel.silence_rate_20dB.mean": 1.0, "lowlevel.silence_rate_20dB.stdev": 0.0, "lowlevel.silence_rate_30dB.mean": 0.9873417615890503, "lowlevel.silence_rate_30dB.stdev": 0.11179439723491669, "lowlevel.silence_rate_60dB.mean": 0.3731163442134857, "lowlevel.silence_rate_60dB.stdev": 0.4836350083351135, "lowlevel.spectral_centroid.mean": 1510.947265625, "lowlevel.spectral_centroid.stdev": 522.7214965820312, "lowlevel.spectral_complexity.mean": 3.3990354537963867, "lowlevel.spectral_complexity.stdev": 2.070174217224121, "lowlevel.spectral_decrease.mean": -3.971561746141106e-09, "lowlevel.spectral_decrease.stdev": 5.6384066304815406e-09, "lowlevel.spectral_energy.mean": 0.01690470054745674, "lowlevel.spectral_energy.stdev": 0.02405676245689392, "lowlevel.spectral_energyband_high.mean": 1.855062691902276e-05, "lowlevel.spectral_energyband_high.stdev": 3.2409559935331345e-05, "lowlevel.spectral_energyband_low.mean": 7.403654223026024e-08, "lowlevel.spectral_energyband_low.stdev": 1.7278377129059663e-07, "lowlevel.spectral_energyband_middle_high.mean": 0.015066121704876423, "lowlevel.spectral_energyband_middle_high.stdev": 0.022200506180524826, "lowlevel.spectral_energyband_middle_low.mean": 0.0021581880282610655, "lowlevel.spectral_energyband_middle_low.stdev": 0.004419555421918631, "lowlevel.spectral_entropy.mean": 5.95327615737915, "lowlevel.spectral_entropy.stdev": 0.9653977155685425, "lowlevel.spectral_flux.mean": 0.049726277589797974, "lowlevel.spectral_flux.stdev": 0.04526813328266144, "lowlevel.spectral_kurtosis.mean": 18.59446144104004, "lowlevel.spectral_kurtosis.stdev": 13.466545104980469, "lowlevel.spectral_rms.mean": 0.0031383284367620945, "lowlevel.spectral_rms.stdev": 0.0025774578098207712, "lowlevel.spectral_rolloff.mean": 1893.3455810546875, "lowlevel.spectral_rolloff.stdev": 1390.6483154296875, "lowlevel.spectral_skewness.mean": 2.767685651779175, "lowlevel.spectral_skewness.stdev": 1.1437177658081055, "lowlevel.spectral_spread.mean": 2611236.5, "lowlevel.spectral_spread.stdev": 1644797.25, "lowlevel.spectral_strongpeak.mean": 3.6443066596984863, "lowlevel.spectral_strongpeak.stdev": 3.6741607189178467, "lowlevel.zerocrossingrate.mean": 0.07086082547903061, "lowlevel.zerocrossingrate.stdev": 0.03516153246164322, "metadata.audio_properties.analysis.equal_loudness": 0.0, "metadata.audio_properties.analysis.length": 38.48428726196289, "metadata.audio_properties.analysis.sample_rate": 44100.0, "metadata.audio_properties.analysis.start_time": 0.0, "metadata.audio_properties.bit_rate": 111013.0, "metadata.audio_properties.length": 38.48533248901367, "metadata.audio_properties.lossless": 0.0, "metadata.audio_properties.number_channels": 1.0, "metadata.audio_properties.replay_gain": -6.031087875366211, "metadata.audio_properties.sample_rate": 48000.0, "rhythm.beats_count": 91.0, "rhythm.beats_loudness.mean": 0.017892418429255486, "rhythm.beats_loudness.stdev": 0.021319696679711342, "rhythm.bpm": 152.73806762695312, "rhythm.bpm_histogram_first_peak_bpm": 152.0, "rhythm.bpm_histogram_first_peak_weight": 0.15789473056793213, "rhythm.bpm_histogram_second_peak_bpm": 144.0, "rhythm.bpm_histogram_second_peak_spread": 0.4642857313156128, "rhythm.bpm_histogram_second_peak_weight": 0.1666666716337204, "rhythm.danceability": 0.8889604806900024, "rhythm.onset_rate": 3.3507637977600098, "tonal.chords_changes_rate": 0.08674699068069458, "tonal.chords_number_rate": 0.01807228848338127, "tonal.chords_strength.mean": 0.5273273587226868, "tonal.chords_strength.stdev": 0.10570593923330307, "tonal.hpcp_crest.mean": 16.690719604492188, "tonal.hpcp_crest.stdev": 8.321382522583008, "tonal.hpcp_entropy.mean": 1.557877540588379, "tonal.hpcp_entropy.stdev": 0.7469742894172668, "tonal.key_edma.strength": 0.6460415124893188, "tonal.key_krumhansl.strength": 0.6300803422927856, "tonal.key_temperley.strength": 0.6112315654754639, "tonal.tuning_diatonic_strength": 0.5641316175460815, "tonal.tuning_equal_tempered_deviation": 0.18274088203907013, "tonal.tuning_frequency": 446.6578369140625, "tonal.tuning_nontempered_energy_ratio": 0.8364182710647583, "lowlevel.barkbands.mean": [1.5585949597607396e-07, 1.8349822994423448e-08, 8.262044381979194e-09, 1.2063809506912548e-08, 4.014643764094217e-07, 2.405376835667994e-05, 0.00016555924958083779, 0.00027924595633521676, 0.0011036302894353867, 0.0013437579618766904, 0.0014854572946205735, 0.0033383548725396395, 0.005258486606180668, 0.003310469212010503, 0.0003394106461200863, 7.289417408173904e-05, 3.892178938258439e-05, 2.7915777536691166e-05, 7.99967601778917e-05, 2.48815613304032e-05, 5.01508884553914e-06, 1.641928065510001e-06, 1.2022350119877956e-06, 2.123312924595666e-06, 9.113816190620128e-07, 1.7793828988033056e-07, 4.464954184157932e-09], "lowlevel.barkbands.stdev": [5.391040076574427e-07, 3.380747060077738e-08, 1.9922092420188164e-08, 2.5786254909121453e-08, 5.425639756140299e-06, 0.00010699560516513884, 0.0005982585134916008, 0.0006137672462500632, 0.0033209319226443768, 0.0072767906822264194, 0.005070053040981293, 0.008001490496098995, 0.01579085923731327, 0.010514866560697556, 0.0012475462863221765, 0.00034319740370847285, 0.0001365868520224467, 8.343273657374084e-05, 0.00017100201512221247, 4.8868449084693566e-05, 1.2665866051975172e-05, 6.3278685047407635e-06, 3.7698180221923394e-06, 8.147948392434046e-06, 6.0830952861579135e-06, 1.431915052307886e-06, 4.062736991272686e-08], "lowlevel.erbbands.mean": [1.1412525964260567e-06, 3.4825861803255975e-06, 9.430261343368329e-06, 2.954962656076532e-05, 0.00011519099643919617, 0.001163313863798976, 0.018087878823280334, 0.2713460326194763, 1.7842841148376465, 4.528275966644287, 12.917558670043945, 22.416845321655273, 43.83501052856445, 24.33182716369629, 94.75386810302734, 165.90916442871094, 196.38848876953125, 184.11236572265625, 59.657432556152344, 14.72537612915039, 3.8530662059783936, 1.8046414852142334, 1.7095314264297485, 5.008246421813965, 1.9717531204223633, 0.9169008135795593, 0.40863996744155884, 0.10729239881038666, 0.07636301219463348, 0.03411276265978813, 0.03364918753504753, 0.04258452728390694, 0.03321491554379463, 0.015826791524887085, 0.003998133819550276, 0.0009569754474796355, 0.0003204207750968635, 4.322842869441956e-05, 1.0706245120672975e-05, 2.0860659788013436e-05], "lowlevel.erbbands.stdev": [2.466749037921545e-06, 6.624575689784251e-06, 1.929154313984327e-05, 5.467477240017615e-05, 0.0002975095412693918, 0.012526149861514568, 0.20749036967754364, 1.131585955619812, 7.14382791519165, 10.591964721679688, 32.11305236816406, 72.52745056152344, 204.5360565185547, 96.0461196899414, 284.1350402832031, 348.807861328125, 545.6636352539062, 549.4019165039062, 202.16647338867188, 45.49720001220703, 14.328758239746094, 4.622304439544678, 4.851833343505859, 10.373665809631348, 3.8720250129699707, 1.421273946762085, 0.8007232546806335, 0.3041526973247528, 0.2744925916194916, 0.15417301654815674, 0.10621119290590286, 0.13292106986045837, 0.15688471496105194, 0.1041344627737999, 0.027175012975931168, 0.007055191323161125, 0.0028995380271226168, 0.0003386610478628427, 1.522197726444574e-05, 2.9663062377949245e-05], "lowlevel.gfcc.mean": [-261.81622314453125, 14.343667984008789, -254.873046875, -55.737613677978516, -67.15611267089844, 9.0912504196167, -20.8201904296875, 8.98519515991211, -8.150344848632812, 11.437841415405273, 17.975439071655273, -21.699222564697266, -7.362980365753174], "lowlevel.melbands.mean": [1.324311771355724e-08, 4.601038661178336e-09, 6.3111214032574026e-09, 2.38123494256115e-08, 3.5920666618949326e-07, 7.3398277891101316e-06, 2.9119570172042586e-05, 5.213832264416851e-05, 0.00014222762547433376, 0.00013523238885682076, 0.00022470105614047498, 9.510286326985806e-05, 0.00023639027494937181, 0.000337594305165112, 0.0007123671821318567, 0.0003095337888225913, 0.0003626891120802611, 0.00011938202806049958, 2.8593411116162315e-05, 8.116128810797818e-06, 3.4591353141877335e-06, 1.942861899806303e-06, 1.5060043097037124e-06, 1.415945348526293e-06, 4.704877937911078e-06, 1.6530145785509376e-06, 1.2248148095750366e-06, 4.4614421312871855e-07, 3.2991388820846623e-07, 1.1960237600305845e-07, 3.4383493385803376e-08, 5.0086619296507706e-08, 2.1289505269805886e-08, 1.7733922774709754e-08, 1.6024793936253445e-08, 3.026159944852225e-08, 2.3930340375954984e-08, 2.68295128336149e-08, 1.6709680750182088e-08, 1.200442234505772e-08], "lowlevel.melbands.stdev": [3.3504992558164304e-08, 8.86493634055796e-09, 1.1384114984025473e-08, 2.1357878665639873e-07, 5.382567451306386e-06, 3.333772110636346e-05, 0.00010754117829492316, 0.0001226744061568752, 0.000391686538932845, 0.0004776103887706995, 0.0010915027232840657, 0.0004989682347513735, 0.0007597875082865357, 0.0010532345622777939, 0.0017875612247735262, 0.0016217348165810108, 0.001150472555309534, 0.0004656911769416183, 0.00011720424663508311, 3.213896707165986e-05, 1.5995641660992987e-05, 6.286920324782841e-06, 4.298532530810917e-06, 3.9025680962367915e-06, 1.0020656191045418e-05, 5.152736321178963e-06, 2.9957789138279622e-06, 7.600258982165542e-07, 7.397614467663516e-07, 3.6319272567197913e-07, 1.294100684390287e-07, 1.7835881749306282e-07, 1.0796645000255012e-07, 7.97337449398583e-08, 5.781011580552331e-08, 1.0608222567043413e-07, 7.54212692299916e-08, 1.1954405465530726e-07, 1.0464840016766175e-07, 8.383602079220509e-08], "lowlevel.melbands128.mean": [4.225860905648915e-08, 1.2178156261200002e-08, 6.3047567167018315e-09, 5.195329944029936e-09, 4.358796878989324e-09, 4.132924225075385e-09, 4.894748162342921e-09, 6.53240617154438e-09, 9.101396081234725e-09, 9.754040242171413e-09, 1.57389354882298e-08, 1.712845971724164e-07, 6.338182743093057e-07, 3.7370693917182507e-07, 9.316186151409056e-07, 1.1992136933258735e-05, 2.792739905999042e-05, 2.5706103770062327e-05, 4.256473039276898e-05, 4.354209886514582e-05, 7.391114195343107e-05, 3.4514050639700145e-05, 0.00012505905760917813, 0.00032100261887535453, 0.00010367130016675219, 0.00010386400390416384, 9.312661131843925e-05, 0.0003044148033950478, 0.0002966233005281538, 5.436138962977566e-05, 5.220202001510188e-05, 9.365325968246907e-05, 0.00014193035895004869, 0.0005004826234653592, 0.0003320053801871836, 0.0003293291956651956, 0.0001837868767324835, 0.0011589055648073554, 0.0007048989064060152, 0.00011680227908072993, 0.00043636615737341344, 0.00020367624529171735, 0.0003423042653594166, 0.0005348048289306462, 0.00017413622117601335, 5.514950680662878e-05, 7.101085884642089e-06, 4.102923776372336e-05, 3.406375617487356e-05, 3.034437668247847e-06, 1.0259798727929592e-05, 5.269920166028896e-06, 2.736679789450136e-06, 3.348485051901662e-06, 3.424163423915161e-06, 9.642822078603785e-07, 1.5984729770934791e-06, 1.6080857676570304e-06, 1.2125549346819753e-06, 2.013978246395709e-06, 6.540060439874651e-07, 6.707045940856915e-07, 6.270735866564792e-06, 5.289608907332877e-06, 3.562643087207107e-06, 1.2623758038898814e-06, 6.830748020547617e-07, 1.3416220099315979e-06, 1.679050342318078e-06, 5.8312616602052e-07, 2.0709330783574842e-07, 5.568870733441145e-07, 4.957798296345572e-07, 2.75036711627763e-07, 1.2087110690117697e-07, 1.7313814737462963e-07, 8.092349190746972e-08, 5.686999315912544e-08, 2.318536473921995e-08, 1.6107954081689968e-08, 5.678667847064389e-08, 6.999322010869946e-08, 2.265264953393853e-08, 1.657250692232992e-08, 1.84235346978312e-08, 1.5910348594161405e-08, 2.049575620333144e-08, 1.5955198051642583e-08, 1.681354611093866e-08, 1.3362810413752868e-08, 1.973757868256598e-08, 5.048742579560894e-08, 2.2759282458650887e-08, 1.4733283926204876e-08, 3.13253849526518e-08, 2.947759192295507e-08, 2.921974129321825e-08, 1.5427414012947338e-08, 1.948117400729643e-08, 1.3594350534162913e-08, 1.605507726765154e-08, 1.230545887409562e-08, 6.866972768193591e-09, 5.593995044961275e-09, 4.299939515561846e-09, 2.714938496239938e-09, 1.7661409001945572e-09, 1.7927883622093077e-09, 1.538388194610718e-09, 1.2254072201400845e-09, 1.1324493565112448e-09, 1.0464594746295575e-09, 1.1410943301370935e-09, 7.51651962893618e-10, 7.622962261422117e-10, 4.141242349042784e-10, 1.4950773952193686e-10, 3.427249456455783e-11, 4.964683612135312e-12, 2.783086911969934e-12, 2.706560236348521e-12, 2.660294077042047e-12, 2.6267993856465832e-12, 2.562780716808266e-12, 2.4187709127265755e-12, 2.189862874368842e-12, 2.063080609127077e-12, 2.036301682828423e-12], "lowlevel.melbands128.stdev": [1.4702756345741363e-07, 3.144181803804713e-08, 1.2146078809394112e-08, 1.159814555506955e-08, 9.66910373989549e-09, 1.0258862204182151e-08, 1.08072502058576e-08, 1.4881919696563273e-08, 2.0303932757315124e-08, 2.158428813459068e-08, 7.27371300968116e-08, 2.473031145200366e-06, 9.975694410968572e-06, 5.534405318030622e-06, 4.7081216507649515e-06, 5.394974505179562e-05, 0.0001548153959447518, 0.00013013258285354823, 0.0001929825230035931, 0.00012934915139339864, 0.00021534875850193202, 0.00011176927364431322, 0.0004073715244885534, 0.001006243284791708, 0.0004481831274461001, 0.000854691315907985, 0.00046747963642701507, 0.0014628274366259575, 0.002286365255713463, 0.0004677096731029451, 0.0003578754258342087, 0.0005321119097061455, 0.0006942630279809237, 0.0019547143019735813, 0.001222470193170011, 0.001834972994402051, 0.0006639211787842214, 0.0030800949316471815, 0.0021659941412508488, 0.0009100610041059554, 0.0034551452845335007, 0.0011149023193866014, 0.001653267303481698, 0.0019840116146951914, 0.0012175941374152899, 0.0003699749067891389, 4.732665911433287e-05, 0.00020008746651001275, 0.00013928998669143766, 1.6706433598301373e-05, 6.629118433920667e-05, 2.122052501363214e-05, 3.516013020998798e-05, 1.85217650141567e-05, 1.8621620256453753e-05, 4.420612640387844e-06, 5.912982032896252e-06, 6.878798558318522e-06, 6.287040832830826e-06, 9.416540706297383e-06, 5.80803862249013e-06, 2.933625864898204e-06, 1.6662574125803076e-05, 1.3347087588044815e-05, 1.7672660760581493e-05, 5.99542863710667e-06, 2.6140053250856e-06, 4.876365892414469e-06, 4.723070560430642e-06, 1.6184549167519435e-06, 6.850146405668056e-07, 1.5709017588960705e-06, 1.4230216720534372e-06, 1.1978571592408116e-06, 3.840887643491442e-07, 7.252255613821035e-07, 3.732563698122249e-07, 3.0778443260714994e-07, 1.3582270241840888e-07, 6.010289865798768e-08, 2.1178323095227825e-07, 3.107439852101379e-07, 1.0459309152111018e-07, 1.4919548618763656e-07, 1.1037909075639618e-07, 7.431327730955672e-08, 1.1279591660695587e-07, 7.387555456261907e-08, 7.542099211832465e-08, 4.713336920758593e-08, 5.5155979339360783e-08, 2.4810589138724026e-07, 8.918392069290348e-08, 5.120854851270451e-08, 1.1354450890621592e-07, 1.0738281730482413e-07, 1.7143194952495833e-07, 9.400717715379869e-08, 1.3446152991036797e-07, 9.215770546688873e-08, 1.2445734398625063e-07, 9.330118189154746e-08, 5.09259017178465e-08, 4.076504467320774e-08, 2.8378421390584663e-08, 2.4692187849950642e-08, 1.272440997013291e-08, 1.4607612008887827e-08, 1.3981331647983097e-08, 9.993567751109822e-09, 8.029719111846134e-09, 1.041649344557527e-08, 1.4460122876869264e-08, 7.785930122850004e-09, 6.799401042201225e-09, 3.646979163107744e-09, 1.614143152472991e-09, 3.3243585662035e-10, 1.3940502398279708e-11, 5.587046016802821e-12, 5.450915326749017e-12, 5.332781959077604e-12, 5.225274206377417e-12, 5.137981620023657e-12, 5.0625636495438275e-12, 4.999050652598758e-12, 4.954839056409144e-12, 4.927913112295901e-12], "lowlevel.mfcc.mean": [-899.8052368164062, 58.78390884399414, -113.88263702392578, -46.55973434448242, -26.305206298828125, -19.65718650817871, 6.0516276359558105, -12.40750503540039, -13.849010467529297, 22.069650650024414, 10.042804718017578, 18.422739028930664, 5.282583236694336], "lowlevel.spectral_contrast_coeffs.mean": [-0.8408972024917603, -0.6251707077026367, -0.5860075354576111, -0.6349316835403442, -0.7376173138618469, -0.7818590998649597], "lowlevel.spectral_contrast_coeffs.stdev": [0.054657403379678726, 0.13175737857818604, 0.12200631201267242, 0.11035596579313278, 0.07428543269634247, 0.048117414116859436], "lowlevel.spectral_contrast_valleys.mean": [-12.2271146774292, -10.093352317810059, -9.886046409606934, -9.72574520111084, -9.970999717712402, -13.205493927001953], "lowlevel.spectral_contrast_valleys.stdev": [0.9209721088409424, 0.9875718951225281, 0.9558079838752747, 0.8411177396774292, 0.7380589246749878, 0.7341995239257812], "rhythm.beats_loudness_band_ratio.mean": [0.00028608267894014716, 0.0186097901314497, 0.15656334161758423, 0.667069137096405, 0.18516796827316284, 0.03909079730510712], "rhythm.beats_loudness_band_ratio.stdev": [0.0009764867136254907, 0.08731731027364731, 0.15934202075004578, 0.29251670837402344, 0.2097899317741394, 0.0949423611164093], "tonal.hpcp.mean": [0.021628104150295258, 0.06320972740650177, 0.14072129130363464, 0.1448839157819748, 0.08002684265375137, 0.04897322878241539, 0.03662344813346863, 0.05057013779878616, 0.11863847076892853, 0.14750449359416962, 0.08928199112415314, 0.061574287712574005, 0.10892603546380997, 0.11030296236276627, 0.08008318394422531, 0.07014723867177963, 0.054126154631376266, 0.12921801209449768, 0.25055941939353943, 0.17339740693569183, 0.038126468658447266, 0.01853814348578453, 0.02108941413462162, 0.04341864213347435, 0.05628494173288345, 0.04713776707649231, 0.04012581333518028, 0.055162783712148666, 0.07929272949695587, 0.1522677093744278, 0.19058725237846375, 0.11982209235429764, 0.07478979974985123, 0.06709485501050949, 0.0449107401072979, 0.02259906567633152], "tonal.hpcp.stdev": [0.09311407059431076, 0.18114250898361206, 0.30208688974380493, 0.29540225863456726, 0.20031046867370605, 0.16855911910533905, 0.14290651679039001, 0.1629028171300888, 0.27663421630859375, 0.3134087920188904, 0.22371181845664978, 0.18140994012355804, 0.2764589190483093, 0.2665514349937439, 0.19896624982357025, 0.19481536746025085, 0.14996285736560822, 0.25341638922691345, 0.40356338024139404, 0.3141638934612274, 0.1161046251654625, 0.08481243997812271, 0.08174765110015869, 0.13347887992858887, 0.17428681254386902, 0.15765973925590515, 0.14307498931884766, 0.18005476891994476, 0.20369520783424377, 0.27616238594055176, 0.32562586665153503, 0.2180638313293457, 0.19436156749725342, 0.18899254500865936, 0.1487487107515335, 0.08490612357854843], "rhythm.beats_position": [0.42956915497779846, 0.8591383099555969, 1.277097463607788, 1.695056676864624, 2.11301589012146, 2.519365072250366, 2.9257142543792725, 3.3436734676361084, 3.773242473602295, 4.191201686859131, 4.643990993499756, 5.096779823303223, 5.549569129943848, 5.990748405456543, 6.42031717300415, 6.849886417388916, 7.279455661773682, 7.720634937286377, 8.161813735961914, 8.614603042602539, 9.055782318115234, 9.47374153137207, 9.903310775756836, 10.332880020141602, 10.76244831085205, 11.192017555236816, 11.633196830749512, 12.074376106262207, 12.515555381774902, 12.933514595031738, 13.351473808288574, 13.74621295928955, 14.140952110290527, 14.535691261291504, 14.93043041229248, 15.313559532165527, 15.708298683166504, 16.103038787841797, 16.56743812561035, 17.031835556030273, 17.496234893798828, 17.960634231567383, 18.436643600463867, 18.92426300048828, 19.388662338256836, 19.85306167602539, 20.329069137573242, 20.805078506469727, 21.28108787536621, 21.780317306518555, 22.25632667541504, 22.639455795288086, 23.022584915161133, 23.40571403503418, 23.800453186035156, 24.183582305908203, 24.57832145690918, 24.973060607910156, 25.367799758911133, 25.77414894104004, 26.168888092041016, 26.563627243041992, 26.95836639404297, 27.341495513916016, 27.724624633789062, 28.11936378479004, 28.514102935791016, 28.885623931884766, 29.257143020629883, 29.65188217163086, 29.988571166992188, 30.325260162353516, 30.650339126586914, 30.975418090820312, 31.335329055786133, 31.69523811340332, 32.06675720214844, 32.43827438354492, 32.87945556640625, 33.309024810791016, 33.73859405517578, 34.179771423339844, 34.60934066772461, 35.038909912109375, 35.456871032714844, 35.87482833862305, 36.292789459228516, 36.71074676513672, 37.12870788574219, 37.54666519165039, 37.96462631225586], "rhythm.bpm_histogram": [0.0, 0.0, 0.0, 0.0, 0.0, 0.0, 0.0, 0.0, 0.0, 0.0, 0.0, 0.0, 0.0, 0.0, 0.0, 0.0, 0.0, 0.0, 0.0, 0.0, 0.0, 0.0, 0.0, 0.0, 0.0, 0.0, 0.0, 0.0, 0.0, 0.0, 0.0, 0.0, 0.0, 0.0, 0.0, 0.0, 0.0, 0.0, 0.0, 0.0, 0.0, 0.0, 0.0, 0.0, 0.0, 0.0, 0.0, 0.0, 0.0, 0.0, 0.0, 0.0, 0.0, 0.0, 0.0, 0.0, 0.0, 0.0, 0.0, 0.0, 0.0, 0.0, 0.0, 0.0, 0.0, 0.0, 0.0, 0.0, 0.0, 0.0, 0.0, 0.0, 0.0, 0.0, 0.0, 0.0, 0.0, 0.0, 0.0, 0.0, 0.0, 0.0, 0.0, 0.0, 0.0, 0.0, 0.0, 0.0, 0.0, 0.0, 0.0, 0.0, 0.0, 0.0, 0.0, 0.0, 0.0, 0.0, 0.0, 0.0, 0.0, 0.0, 0.0, 0.0, 0.0, 0.0, 0.0, 0.0, 0.0, 0.0, 0.0, 0.0, 0.0, 0.0, 0.0, 0.0, 0.0, 0.0, 0.0, 0.0, 0.011111111380159855, 0.0, 0.0, 0.011111111380159855, 0.0, 0.0, 0.0555555559694767, 0.0, 0.0, 0.06666667014360428, 0.0, 0.0, 0.0, 0.04444444552063942, 0.0, 0.0, 0.10000000149011612, 0.0, 0.0, 0.0, 0.14444445073604584, 0.0, 0.0, 0.0, 0.1666666716337204, 0.0, 0.0, 0.0, 0.03333333507180214, 0.0, 0.0, 0.0, 0.17777778208255768, 0.0, 0.0, 0.0, 0.0, 0.07777778059244156, 0.0, 0.0, 0.0, 0.04444444552063942, 0.0, 0.0, 0.0, 0.0, 0.0, 0.02222222276031971, 0.0, 0.0, 0.0, 0.0, 0.0, 0.0, 0.0, 0.0, 0.0, 0.0, 0.02222222276031971, 0.0, 0.0, 0.0, 0.0, 0.0, 0.0, 0.02222222276031971, 0.0, 0.0, 0.0, 0.0, 0.0, 0.0, 0.0, 0.0, 0.0, 0.0, 0.0, 0.0, 0.0, 0.0, 0.0, 0.0, 0.0, 0.0, 0.0, 0.0, 0.0, 0.0, 0.0, 0.0, 0.0, 0.0, 0.0, 0.0, 0.0, 0.0, 0.0, 0.0, 0.0, 0.0, 0.0, 0.0, 0.0, 0.0, 0.0, 0.0, 0.0, 0.0, 0.0, 0.0, 0.0, 0.0, 0.0, 0.0, 0.0, 0.0, 0.0, 0.0, 0.0, 0.0, 0.0, 0.0, 0.0, 0.0, 0.0, 0.0, 0.0, 0.0, 0.0, 0.0], "tonal.chords_histogram": [0.0, 1.4457831382751465, 27.22891616821289, 6.746987819671631, 3.0120482444763184, 0.0, 6.987951755523682, 0.8433734774589539, 3.614457845687866, 0.0, 0.0, 0.0, 2.1686747074127197, 11.08433723449707, 0.0, 3.1325302124023438, 0.1204819306731224, 1.2048193216323853, 6.385542392730713, 14.096385955810547, 6.144578456878662, 4.57831335067749, 1.2048193216323853, 0.0], "tonal.thpcp": [1.0, 0.6920410394668579, 0.15216538310050964, 0.07398701459169388, 0.08416931331157684, 0.1732868105173111, 0.22463710606098175, 0.18813009560108185, 0.1601448953151703, 0.22015848755836487, 0.31646278500556946, 0.6077109575271606, 0.7606469392776489, 0.4782182574272156, 0.2984912693500519, 0.26778021454811096, 0.17924188077449799, 0.09019443392753601, 0.08631926029920578, 0.25227439403533936, 0.5616284012794495, 0.578241765499115, 0.31939268112182617, 0.19545555114746094, 0.14616671204566956, 0.20182892680168152, 0.47349435091018677, 0.5887006521224976, 0.35633060336112976, 0.24574725329875946, 0.4347313642501831, 0.4402267634868622, 0.31961753964424133, 0.2799624800682068, 0.21602123975753784, 0.5157180428504944], "lowlevel.gfcc.cov": [[8918.970703125, 1673.76904296875, -2444.06689453125, -1436.33251953125, -59.60205078125, -480.986572265625, 778.17626953125, -185.70443725585938, 406.5192565917969, -306.3145751953125, 888.8096313476562, -1024.8209228515625, -25.506277084350586], [1673.76904296875, 1487.8994140625, -584.3814086914062, -503.8685607910156, -57.20404052734375, -590.6869506835938, -2.514230489730835, -138.111328125, 31.38258171081543, -192.9148406982422, 514.2376098632812, -263.17425537109375, 139.6594696044922], [-2444.06689453125, -584.3814086914062, 1250.36083984375, 537.2216796875, -173.75706481933594, 186.12454223632812, -336.002197265625, 32.17333984375, -172.66172790527344, 117.46479797363281, -371.93218994140625, 412.4977111816406, 0.4662075936794281], [-1436.33251953125, -503.8685607910156, 537.2216796875, 804.9617919921875, -96.15621185302734, -104.07075500488281, -350.62371826171875, 100.04916381835938, -46.06644821166992, 43.10430908203125, -225.56631469726562, 341.2180480957031, 144.584716796875], [-59.60205078125, -57.20404052734375, -173.75706481933594, -96.15621185302734, 369.1874694824219, 134.1597900390625, 165.21595764160156, -45.294918060302734, -32.79093933105469, -7.450747966766357, -47.236297607421875, -101.8056411743164, -56.72880172729492], [-480.986572265625, -590.6869506835938, 186.12454223632812, -104.07075500488281, 134.1597900390625, 677.5226440429688, 324.1957092285156, -75.24796295166016, -8.65359878540039, 75.01447296142578, -320.4593505859375, -102.5805435180664, -178.09225463867188], [778.17626953125, -2.514230489730835, -336.002197265625, -350.62371826171875, 165.21595764160156, 324.1957092285156, 595.9855346679688, -93.89544677734375, 12.928893089294434, -23.12557029724121, -101.311767578125, -317.3117980957031, -208.3810272216797], [-185.70443725585938, -138.111328125, 32.17333984375, 100.04916381835938, -45.294918060302734, -75.24796295166016, -93.89544677734375, 223.33534240722656, 69.54756927490234, 27.021652221679688, 6.894270896911621, 78.20614624023438, -10.031961441040039], [406.5192565917969, 31.38258171081543, -172.66172790527344, -46.06644821166992, -32.79093933105469, -8.65359878540039, 12.928893089294434, 69.54756927490234, 219.41893005371094, 7.003710746765137, -30.900251388549805, -102.83377838134766, -2.1903841495513916], [-306.3145751953125, -192.9148406982422, 117.46479797363281, 43.10430908203125, -7.450747966766357, 75.01447296142578, -23.12557029724121, 27.021652221679688, 7.003710746765137, 182.07533264160156, -16.194313049316406, 44.57185745239258, -80.75672912597656], [888.8096313476562, 514.2376098632812, -371.93218994140625, -225.56631469726562, -47.236297607421875, -320.4593505859375, -101.311767578125, 6.894270896911621, -30.900251388549805, -16.194313049316406, 560.2640380859375, 10.43726634979248, 14.049405097961426], [-1024.8209228515625, -263.17425537109375, 412.4977111816406, 341.2180480957031, -101.8056411743164, -102.5805435180664, -317.3117980957031, 78.20614624023438, -102.83377838134766, 44.57185745239258, 10.43726634979248, 404.8491516113281, 129.0532989501953], [-25.506277084350586, 139.6594696044922, 0.4662075936794281, 144.584716796875, -56.72880172729492, -178.09225463867188, -208.3810272216797, -10.031961441040039, -2.1903841495513916, -80.75672912597656, 14.049405097961426, 129.0532989501953, 342.45654296875]], "lowlevel.gfcc.icov": [[0.00032089976593852043, 7.87283424870111e-05, 0.0004016313177999109, 0.00016852581757120788, 0.0003611401771195233, 0.00016442716878373176, -0.00016839035379234701, 0.00017855614714790136, -0.00014239373558666557, 0.00010353685502195731, -0.00016229190805461258, 0.00026751382392831147, -0.00010245261364616454], [7.87283424870111e-05, 0.0032598990947008133, -0.0010745171457529068, 0.0015305449487641454, -3.8353053241735324e-05, 0.00302335899323225, -0.0006853295490145683, 0.0016160289524123073, -0.0007685383898206055, 0.0011457341024652123, -0.0016498413169756532, 0.002149723470211029, -0.0012492216192185879], [0.0004016313177999109, -0.0010745171457529068, 0.0037759202532470226, -0.0005161569570191205, 0.0015573365380987525, -0.0015427242033183575, 0.001566288759931922, -1.796321157598868e-05, 0.0018188258400186896, -0.0005741246859543025, 0.0022595722693949938, -0.0019019425380975008, 0.0015894212992861867], [0.00016852581757120788, 0.0015305449487641454, -0.0005161569570191205, 0.0036188766825944185, -1.325702942267526e-05, 0.0021813716739416122, 0.00020961379050277174, 0.0005500003462657332, -0.00040273304330185056, 0.00032830197596922517, 0.0007317713461816311, -0.00044521247036755085, -0.0006503428448922932], [0.0003611401771195233, -3.8353053241735324e-05, 0.0015573365380987525, -1.325702942267526e-05, 0.004073015414178371, -0.0005739884218201041, -4.4158008677186444e-05, 8.805269317235798e-05, 0.0014007982099428773, -6.490866508102044e-05, 0.0005590675864368677, 0.00042262562783434987, 0.00020938469970133156], [0.00016442716878373176, 0.00302335899323225, -0.0015427242033183575, 0.0021813716739416122, -0.0005739884218201041, 0.0063972207717597485, -0.0023551133926957846, 0.0022870986722409725, -0.0013948726700618863, 0.00011712309060385451, -0.00010295710671925917, 0.0011584424646571279, -0.0006875465041957796], [-0.00016839035379234701, -0.0006853295490145683, 0.001566288759931922, 0.00020961379050277174, -4.4158008677186444e-05, -0.0023551133926957846, 0.00569140026345849, -0.00034357336699031293, 0.00212458916939795, 0.00037795017124153674, 0.0017602082807570696, 0.0010839775204658508, 0.002019339706748724], [0.00017855614714790136, 0.0016160289524123073, -1.796321157598868e-05, 0.0005500003462657332, 8.805269317235798e-05, 0.0022870986722409725, -0.00034357336699031293, 0.0075335088185966015, -0.003425027709454298, 0.0006271179881878197, -0.000567294773645699, -0.0013016375014558434, 0.0009774417849257588], [-0.00014239373558666557, -0.0007685383898206055, 0.0018188258400186896, -0.00040273304330185056, 0.0014007982099428773, -0.0013948726700618863, 0.00212458916939795, -0.003425027709454298, 0.008831582963466644, -0.00148317392449826, 0.002126205712556839, 0.0023322603665292263, -8.991744107333943e-05], [0.00010353685502195731, 0.0011457341024652123, -0.0005741246859543025, 0.00032830197596922517, -6.490866508102044e-05, 0.00011712309060385451, 0.00037795017124153674, 0.0006271179881878197, -0.00148317392449826, 0.007826398126780987, -0.0012358922977000475, -0.0002376674528932199, 0.0016775113763287663], [-0.00016229190805461258, -0.0016498413169756532, 0.0022595722693949938, 0.0007317713461816311, 0.0005590675864368677, -0.00010295710671925917, 0.0017602082807570696, -0.000567294773645699, 0.002126205712556839, -0.0012358922977000475, 0.005749836098402739, -0.0029171323403716087, 0.002027809852734208], [0.00026751382392831147, 0.002149723470211029, -0.0019019425380975008, -0.00044521247036755085, 0.00042262562783434987, 0.0011584424646571279, 0.0010839775204658508, -0.0013016375014558434, 0.0023322603665292263, -0.0002376674528932199, -0.0029171323403716087, 0.010032434947788715, -0.0030744364485144615], [-0.00010245261364616454, -0.0012492216192185879, 0.0015894212992861867, -0.0006503428448922932, 0.00020938469970133156, -0.0006875465041957796, 0.002019339706748724, 0.0009774417849257588, -8.991744107333943e-05, 0.0016775113763287663, 0.002027809852734208, -0.0030744364485144615, 0.006099227350205183]], "lowlevel.mfcc.cov": [[8063.478515625, 1040.7099609375, -1870.62451171875, -559.6294555664062, -686.5595092773438, -656.052490234375, 226.05023193359375, -131.63058471679688, -468.78955078125, 608.2816772460938, 148.98484802246094, 371.83087158203125, -140.92581176757812], [1040.7099609375, 1208.8697509765625, -539.3519287109375, -202.0535888671875, -118.57096099853516, -355.6268615722656, 133.52584838867188, -184.1141815185547, -337.8913879394531, 99.89041137695312, -108.01167297363281, 154.8798370361328, 25.74147605895996], [-1870.62451171875, -539.3519287109375, 1068.0113525390625, 119.00794219970703, 74.57290649414062, 277.61700439453125, -185.1085205078125, 62.31779098510742, 200.92613220214844, -173.32630920410156, -48.41920852661133, -234.67037963867188, -104.33418273925781], [-559.6294555664062, -202.0535888671875, 119.00794219970703, 523.79248046875, 173.76319885253906, -202.532470703125, -178.09310913085938, -28.286808013916016, 15.125774383544922, -150.64071655273438, -205.4100341796875, -58.265445709228516, 147.8663330078125], [-686.5595092773438, -118.57096099853516, 74.57290649414062, 173.76319885253906, 379.080810546875, -176.6627197265625, -135.50234985351562, -36.82422637939453, -37.25381851196289, -115.82720947265625, -187.1732635498047, 28.515066146850586, 213.66671752929688], [-656.052490234375, -355.6268615722656, 277.61700439453125, -202.532470703125, -176.6627197265625, 738.4553833007812, 184.67889404296875, 129.9763946533203, 270.3391418457031, 72.95208740234375, 300.1990051269531, -202.5848388671875, -374.9154052734375], [226.05023193359375, 133.52584838867188, -185.1085205078125, -178.09310913085938, -135.50234985351562, 184.67889404296875, 346.6345520019531, 40.134300231933594, -55.20559310913086, 68.43414306640625, 147.44041442871094, 46.15089797973633, -81.03851318359375], [-131.63058471679688, -184.1141815185547, 62.31779098510742, -28.286808013916016, -36.82422637939453, 129.9763946533203, 40.134300231933594, 193.49725341796875, 118.08585357666016, 11.80959701538086, 93.31893920898438, -53.514888763427734, -103.2019271850586], [-468.78955078125, -337.8913879394531, 200.92613220214844, 15.125774383544922, -37.25381851196289, 270.3391418457031, -55.20559310913086, 118.08585357666016, 396.09808349609375, 72.2584228515625, 61.86344528198242, -214.5951690673828, -273.9604797363281], [608.2816772460938, 99.89041137695312, -173.32630920410156, -150.64071655273438, -115.82720947265625, 72.95208740234375, 68.43414306640625, 11.80959701538086, 72.2584228515625, 264.8512268066406, 134.60679626464844, -14.160490989685059, -203.43304443359375], [148.98484802246094, -108.01167297363281, -48.41920852661133, -205.4100341796875, -187.1732635498047, 300.1990051269531, 147.44041442871094, 93.31893920898438, 61.86344528198242, 134.60679626464844, 476.1621398925781, 109.74085235595703, -110.31177520751953], [371.83087158203125, 154.8798370361328, -234.67037963867188, -58.265445709228516, 28.515066146850586, -202.5848388671875, 46.15089797973633, -53.514888763427734, -214.5951690673828, -14.160490989685059, 109.74085235595703, 454.08538818359375, 329.6219177246094], [-140.92581176757812, 25.74147605895996, -104.33418273925781, 147.8663330078125, 213.66671752929688, -374.9154052734375, -81.03851318359375, -103.2019271850586, -273.9604797363281, -203.43304443359375, -110.31177520751953, 329.6219177246094, 720.1900634765625]], "lowlevel.mfcc.icov": [[0.0003580945485737175, 0.0002461167750880122, 0.000546703056897968, 0.0002568066120147705, 0.0006804319564253092, 0.00026996000087819993, 0.00030558096477761865, -2.6763753339764662e-05, 0.00041909614810720086, -0.000381649995688349, 0.00019286450697109103, 3.159071275149472e-05, 0.00012366482405923307], [0.0002461167750880122, 0.0020251150708645582, 0.0008008717559278011, 0.0008309350814670324, 0.0009107125224545598, 0.0009917359566316009, -0.00019053286814596504, 0.0009715647902339697, 0.0011594390962272882, -0.0002107385080307722, 0.00048776264884509146, 4.9041813326766714e-05, 0.0007188529707491398], [0.000546703056897968, 0.0008008717559278011, 0.0025290511548519135, 0.0005607717321254313, 0.0010582362301647663, -0.00022814515978097916, 0.001402844674885273, 8.925625297706574e-05, 0.000764274678658694, 0.0004913006559945643, 0.0003894211258739233, 0.00035362018388696015, 0.0003948286466766149], [0.0002568066120147705, 0.0008309350814670324, 0.0005607717321254313, 0.0034458606969565153, 0.00018278126663062721, 0.001226298976689577, 0.0005478364182636142, 0.0004733581736218184, -0.00011624404578469694, 0.0010064243106171489, 0.00031566317193210125, 0.0005786930560134351, 0.00013149119331501424], [0.0006804319564253092, 0.0009107125224545598, 0.0010582362301647663, 0.00018278126663062721, 0.005591619294136763, 0.00045560227590613067, 0.0012259064242243767, -0.00013931751891504973, 0.000775319873355329, -0.0006851752987131476, 0.0017339055193588138, -0.00020573956135194749, -0.000626260123681277], [0.00026996000087819993, 0.0009917359566316009, -0.00022814515978097916, 0.001226298976689577, 0.00045560227590613067, 0.005027373321354389, -0.0021222864743322134, 0.0011798297055065632, -0.0012723838444799185, 0.001230106339789927, -0.0020970115438103676, 0.0011506759328767657, 0.0011603862512856722], [0.00030558096477761865, -0.00019053286814596504, 0.001402844674885273, 0.0005478364182636142, 0.0012259064242243767, -0.0021222864743322134, 0.005866350140422583, -0.0015080207958817482, 0.002165271434932947, -0.0005790172726847231, 0.0004954159958288074, -0.000310019328026101, 1.0733625458669849e-05], [-2.6763753339764662e-05, 0.0009715647902339697, 8.925625297706574e-05, 0.0004733581736218184, -0.00013931751891504973, 0.0011798297055065632, -0.0015080207958817482, 0.008002515882253647, -0.001998195657506585, 0.0016649813624098897, -0.0015397496754303575, 0.00029240440926514566, 0.0008488853927701712], [0.00041909614810720086, 0.0011594390962272882, 0.000764274678658694, -0.00011624404578469694, 0.000775319873355329, -0.0012723838444799185, 0.002165271434932947, -0.001998195657506585, 0.006891918368637562, -0.002238519722595811, 0.0007299240678548813, 0.000908600864931941, 0.0009253800963051617], [-0.000381649995688349, -0.0002107385080307722, 0.0004913006559945643, 0.0010064243106171489, -0.0006851752987131476, 0.001230106339789927, -0.0005790172726847231, 0.0016649813624098897, -0.002238519722595811, 0.008360179141163826, -0.0022011708933860064, -0.00013998062058817595, 0.002051363233476877], [0.00019286450697109103, 0.00048776264884509146, 0.0003894211258739233, 0.00031566317193210125, 0.0017339055193588138, -0.0020970115438103676, 0.0004954159958288074, -0.0015397496754303575, 0.0007299240678548813, -0.0022011708933860064, 0.0054589225910604, -0.002219395013526082, -0.00025123252999037504], [3.159071275149472e-05, 4.9041813326766714e-05, 0.00035362018388696015, 0.0005786930560134351, -0.00020573956135194749, 0.0011506759328767657, -0.000310019328026101, 0.00029240440926514566, 0.000908600864931941, -0.00013998062058817595, -0.002219395013526082, 0.005325954873114824, -0.001867561019025743], [0.00012366482405923307, 0.0007188529707491398, 0