{"song_id": "1182282487532097557", "download": "https://cdn.discordapp.com/attachments/1128313332273782784/1182282487532097557/chirp.mp4?ex=6584215e&amp", "lyrics": "[Verse]\nSitting alone, feeling quite low\nCards in my hand, ready to go\nBut my friends, they've turned away\nNo interest in this game I play\n\n[Chorus]\nMy friends don't want to play Magic the Gathering\nThey think it's dull, not captivating\nBut I'll keep shuffling, battling with glee\nIn this world of fantasy, it's just me", "style": ["80</span><span>'s pop"], "essentia_features": {"lowlevel.average_loudness": 0.9703530669212341, "lowlevel.barkbands_crest.mean": 16.41883659362793, "lowlevel.barkbands_crest.stdev": 5.4398369789123535, "lowlevel.barkbands_flatness_db.mean": 0.2864953279495239, "lowlevel.barkbands_flatness_db.stdev": 0.09838907420635223, "lowlevel.barkbands_kurtosis.mean": 48.3122444152832, "lowlevel.barkbands_kurtosis.stdev": 98.45569610595703, "lowlevel.barkbands_skewness.mean": 4.331859111785889, "lowlevel.barkbands_skewness.stdev": 3.6079659461975098, "lowlevel.barkbands_spread.mean": 12.930351257324219, "lowlevel.barkbands_spread.stdev": 18.577360153198242, "lowlevel.dissonance.mean": 0.3982062339782715, "lowlevel.dissonance.stdev": 0.06192055717110634, "lowlevel.dynamic_complexity": 3.202059268951416, "lowlevel.erbbands_crest.mean": 16.754350662231445, "lowlevel.erbbands_crest.stdev": 6.20502233505249, "lowlevel.erbbands_flatness_db.mean": 0.21915239095687866, "lowlevel.erbbands_flatness_db.stdev": 0.0802387148141861, "lowlevel.erbbands_kurtosis.mean": 10.161395072937012, "lowlevel.erbbands_kurtosis.stdev": 16.590322494506836, "lowlevel.erbbands_skewness.mean": 2.0319766998291016, "lowlevel.erbbands_skewness.stdev": 1.7718485593795776, "lowlevel.erbbands_spread.mean": 36.838043212890625, "lowlevel.erbbands_spread.stdev": 40.729576110839844, "lowlevel.hfc.mean": 16.600053787231445, "lowlevel.hfc.stdev": 13.552315711975098, "lowlevel.loudness_ebu128.integrated": -15.931544303894043, "lowlevel.loudness_ebu128.loudness_range": 2.2997608184814453, "lowlevel.loudness_ebu128.momentary.mean": -16.29723358154297, "lowlevel.loudness_ebu128.momentary.stdev": 1.9270226955413818, "lowlevel.loudness_ebu128.short_term.mean": -16.001306533813477, "lowlevel.loudness_ebu128.short_term.stdev": 0.8765984177589417, "lowlevel.melbands_crest.mean": 19.78708267211914, "lowlevel.melbands_crest.stdev": 5.943421840667725, "lowlevel.melbands_flatness_db.mean": 0.40247222781181335, "lowlevel.melbands_flatness_db.stdev": 0.11150133609771729, "lowlevel.melbands_kurtosis.mean": 58.520965576171875, "lowlevel.melbands_kurtosis.stdev": 79.00692749023438, "lowlevel.melbands_skewness.mean": 4.3411736488342285, "lowlevel.melbands_skewness.stdev": 3.2224512100219727, "lowlevel.melbands_spread.mean": 6.6029157638549805, "lowlevel.melbands_spread.stdev": 8.033424377441406, "lowlevel.pitch_salience.mean": 0.41374313831329346, "lowlevel.pitch_salience.stdev": 0.13763569295406342, "lowlevel.silence_rate_20dB.mean": 1.0, "lowlevel.silence_rate_20dB.stdev": 0.0, "lowlevel.silence_rate_30dB.mean": 0.8441308736801147, "lowlevel.silence_rate_30dB.stdev": 0.3627287745475769, "lowlevel.silence_rate_60dB.mean": 0.007697241846472025, "lowlevel.silence_rate_60dB.stdev": 0.08739510178565979, "lowlevel.spectral_centroid.mean": 453.5841369628906, "lowlevel.spectral_centroid.stdev": 284.25152587890625, "lowlevel.spectral_complexity.mean": 6.191789627075195, "lowlevel.spectral_complexity.stdev": 2.863769769668579, "lowlevel.spectral_decrease.mean": -1.256586568132434e-08, "lowlevel.spectral_decrease.stdev": 1.577417485520982e-08, "lowlevel.spectral_energy.mean": 0.04893212392926216, "lowlevel.spectral_energy.stdev": 0.060058411210775375, "lowlevel.spectral_energyband_high.mean": 0.000524176808539778, "lowlevel.spectral_energyband_high.stdev": 0.0009430985082872212, "lowlevel.spectral_energyband_low.mean": 0.027210794389247894, "lowlevel.spectral_energyband_low.stdev": 0.056509386748075485, "lowlevel.spectral_energyband_middle_high.mean": 0.0027280140202492476, "lowlevel.spectral_energyband_middle_high.stdev": 0.005994930397719145, "lowlevel.spectral_energyband_middle_low.mean": 0.021107502281665802, "lowlevel.spectral_energyband_middle_low.stdev": 0.01680181920528412, "lowlevel.spectral_entropy.mean": 6.30746603012085, "lowlevel.spectral_entropy.stdev": 0.8849167227745056, "lowlevel.spectral_flux.mean": 0.10541719943284988, "lowlevel.spectral_flux.stdev": 0.10775464028120041, "lowlevel.spectral_kurtosis.mean": 24.879512786865234, "lowlevel.spectral_kurtosis.stdev": 60.01608657836914, "lowlevel.spectral_rms.mean": 0.005989269819110632, "lowlevel.spectral_rms.stdev": 0.0034448925871402025, "lowlevel.spectral_rolloff.mean": 907.2130126953125, "lowlevel.spectral_rolloff.stdev": 2159.084716796875, "lowlevel.spectral_skewness.mean": 3.3542048931121826, "lowlevel.spectral_skewness.stdev": 2.6849234104156494, "lowlevel.spectral_spread.mean": 6668824.0, "lowlevel.spectral_spread.stdev": 3971255.5, "lowlevel.spectral_strongpeak.mean": 1.1807132959365845, "lowlevel.spectral_strongpeak.stdev": 1.1277884244918823, "lowlevel.zerocrossingrate.mean": 0.04897532984614372, "lowlevel.zerocrossingrate.stdev": 0.04804329201579094, "metadata.audio_properties.analysis.equal_loudness": 0.0, "metadata.audio_properties.analysis.length": 36.159976959228516, "metadata.audio_properties.analysis.sample_rate": 44100.0, "metadata.audio_properties.analysis.start_time": 0.0, "metadata.audio_properties.bit_rate": 130981.0, "metadata.audio_properties.length": 36.15999984741211, "metadata.audio_properties.lossless": 0.0, "metadata.audio_properties.number_channels": 1.0, "metadata.audio_properties.replay_gain": -9.88385009765625, "metadata.audio_properties.sample_rate": 48000.0, "rhythm.beats_count": 71.0, "rhythm.beats_loudness.mean": 0.08815264701843262, "rhythm.beats_loudness.stdev": 0.06393091380596161, "rhythm.bpm": 119.92513275146484, "rhythm.bpm_histogram_first_peak_bpm": 120.0, "rhythm.bpm_histogram_first_peak_weight": 0.36231881380081177, "rhythm.bpm_histogram_second_peak_bpm": 115.0, "rhythm.bpm_histogram_second_peak_spread": 0.0, "rhythm.bpm_histogram_second_peak_weight": 0.014285714365541935, "rhythm.danceability": 1.7934534549713135, "rhythm.onset_rate": 3.6487584114074707, "tonal.chords_changes_rate": 0.06666667014360428, "tonal.chords_number_rate": 0.011538461782038212, "tonal.chords_strength.mean": 0.47671738266944885, "tonal.chords_strength.stdev": 0.09733015298843384, "tonal.hpcp_crest.mean": 15.431588172912598, "tonal.hpcp_crest.stdev": 6.850343704223633, "tonal.hpcp_entropy.mean": 1.7182458639144897, "tonal.hpcp_entropy.stdev": 0.7047252058982849, "tonal.key_edma.strength": 0.5599946975708008, "tonal.key_krumhansl.strength": 0.5721381902694702, "tonal.key_temperley.strength": 0.5811185240745544, "tonal.tuning_diatonic_strength": 0.4614696502685547, "tonal.tuning_equal_tempered_deviation": 0.04335445165634155, "tonal.tuning_frequency": 440.0, "tonal.tuning_nontempered_energy_ratio": 0.6546711325645447, "lowlevel.barkbands.mean": [0.00023865971888881177, 0.01873372308909893, 0.006364441942423582, 0.0033670670818537474, 0.012670353055000305, 0.0009771637851372361, 0.0014374158345162868, 0.0004664673178922385, 0.0006119595491327345, 0.0025591570883989334, 0.00021997412841301411, 0.000407052953960374, 1.775207965692971e-05, 5.3430434491019696e-05, 0.0001160484753199853, 3.999224281869829e-05, 3.352078783791512e-05, 3.1860050512477756e-05, 5.02553339174483e-05, 1.6794308976386674e-05, 5.890246484341333e-06, 6.037761704646982e-05, 4.076039476785809e-05, 1.9957755284849554e-05, 0.00015116186114028096, 0.00023411157599184662, 6.807304544054205e-06], "lowlevel.barkbands.stdev": [0.0005248861853033304, 0.047064658254384995, 0.018647728487849236, 0.007724848110228777, 0.01157340593636036, 0.002762693213298917, 0.004217313602566719, 0.0022324882447719574, 0.0018947622738778591, 0.006488928105682135, 0.0008889251621440053, 0.0015124398050829768, 6.509751983685419e-05, 0.00018468528287485242, 0.0004451982385944575, 0.00011102254939032719, 0.00010258964903187007, 9.453740494791418e-05, 8.529195474693552e-05, 5.640503150061704e-05, 1.4595535503758583e-05, 0.00019716651877388358, 0.00016908992256503552, 7.152200123528019e-05, 0.00027810860774479806, 0.0004247423494234681, 1.877686554507818e-05], "lowlevel.erbbands.mean": [0.4654427170753479, 4.44450044631958, 7.857929229736328, 10.180319786071777, 18.897315979003906, 62.0860710144043, 16.00290870666504, 9.826399803161621, 14.937088966369629, 28.081016540527344, 5.96607780456543, 13.679927825927734, 81.09139251708984, 37.078216552734375, 10.693429946899414, 18.658843994140625, 2.1814887523651123, 2.7018308639526367, 4.380509376525879, 5.33360481262207, 2.3233728408813477, 1.9157869815826416, 1.709535002708435, 1.8164042234420776, 2.6109914779663086, 0.8849208950996399, 0.3372105360031128, 0.2669464349746704, 1.7335546016693115, 2.4634320735931396, 0.9596051573753357, 0.37217190861701965, 0.45030513405799866, 1.0474088191986084, 1.416784405708313, 1.123164176940918, 0.40693747997283936, 0.0575234480202198, 0.0013149002334102988, 9.507181675871834e-05], "lowlevel.erbbands.stdev": [1.1653666496276855, 11.30233097076416, 20.95918846130371, 23.98495101928711, 19.170564651489258, 64.76899719238281, 22.231456756591797, 28.33064079284668, 35.66804885864258, 120.14073944091797, 23.12828254699707, 45.416446685791016, 211.3600616455078, 141.82427978515625, 30.00510597229004, 74.81151580810547, 6.587945461273193, 8.61959457397461, 25.153560638427734, 15.102045059204102, 5.704185485839844, 6.0896100997924805, 4.652851581573486, 3.30810546875, 5.373920440673828, 2.7000434398651123, 0.8388200998306274, 0.6168429851531982, 5.3365678787231445, 8.800044059753418, 4.16387414932251, 1.4061036109924316, 1.525327444076538, 2.407334089279175, 2.5359785556793213, 1.9164016246795654, 0.7981773018836975, 0.12677431106567383, 0.00293037504889071, 0.0001015693269437179], "lowlevel.gfcc.mean": [-73.52623748779297, 99.5640869140625, -33.387481689453125, 3.259381055831909, -42.4232063293457, -4.223106861114502, -40.9366569519043, 7.926831245422363, -54.208473205566406, -1.555611252784729, -38.03868103027344, 13.321589469909668, -9.861659049987793], "lowlevel.melbands.mean": [0.004866530653089285, 0.004706279840320349, 0.0018949605291709304, 0.0029806115198880434, 0.00110453215893358, 0.00021011159697081894, 0.0002462220436427742, 0.00026513327611610293, 3.5314940760144964e-05, 0.00010091721196658909, 0.00040720103424973786, 0.00015298985817935318, 3.358800313435495e-05, 4.74010084872134e-05, 2.10849211725872e-05, 1.6397895024056197e-06, 5.424613391369348e-06, 6.599826065212255e-06, 7.290520898095565e-06, 4.671098849939881e-06, 2.435181613691384e-06, 1.998050493057235e-06, 1.7753930023900466e-06, 1.4118425042397575e-06, 1.359204020445759e-06, 2.28536850954697e-06, 1.0804574230860453e-06, 4.5284627958608326e-07, 2.1698595276120614e-07, 1.4250787216951721e-07, 1.2407930682911683e-07, 7.143024731703917e-07, 1.6956475974438945e-06, 1.2290919357837993e-06, 6.092007538427424e-07, 2.9921818622824503e-07, 1.8318345951229276e-07, 2.279433886087645e-07, 5.374245120037813e-07, 9.582013262843248e-07], "lowlevel.melbands.stdev": [0.012309392914175987, 0.010796611197292805, 0.0038292722310870886, 0.002513246377930045, 0.001493898220360279, 0.000617960118688643, 0.0005680567701347172, 0.0011583322193473577, 0.00015579820319544524, 0.0003062360920011997, 0.0010583789553493261, 0.0006361444829963148, 0.00012917708954773843, 0.00016861804760992527, 9.015743125928566e-05, 5.202752618060913e-06, 1.93133091670461e-05, 4.05104728997685e-05, 2.115123970725108e-05, 1.2831787898903713e-05, 6.749686690454837e-06, 7.509989245590987e-06, 5.347656497178832e-06, 4.47454112872947e-06, 2.684237870198558e-06, 4.538012035482097e-06, 3.1170088732324075e-06, 1.4694437595608179e-06, 5.525413939722057e-07, 3.940020576465031e-07, 3.0731519018445397e-07, 2.000868789764354e-06, 6.042309905751608e-06, 4.728950443677604e-06, 2.7998828500130912e-06, 1.2833505707021686e-06, 6.918337476236047e-07, 8.401457307627425e-07, 1.6741154240662581e-06, 2.1599530555249657e-06], "lowlevel.melbands128.mean": [0.00022479220933746547, 0.0028427147772163153, 0.007692864164710045, 0.007191278971731663, 0.004563500639051199, 0.002955412957817316, 0.0020836058538407087, 0.0015654455637559295, 0.001399574219249189, 0.0032877004705369473, 0.004247159697115421, 0.001928462996147573, 0.0001869416591944173, 0.00013561369269154966, 0.00018622918287292123, 0.00029356792219914496, 0.00023644333123229444, 0.00020495138596743345, 0.0002517504326533526, 0.0004840120382141322, 0.00013433861022349447, 2.6239313228870742e-05, 2.46941654040711e-05, 3.839831697405316e-05, 6.597626634174958e-05, 5.622181197395548e-05, 0.0003370240447111428, 0.000665303145069629, 0.00019186716235708445, 0.0002581125299911946, 9.292091999668628e-05, 3.6282861401559785e-05, 4.766234997077845e-05, 1.3527694136428181e-05, 2.2054142391425557e-05, 7.43321652407758e-05, 6.956778815947473e-05, 6.862419013486942e-06, 2.9605710096802795e-06, 1.7447814570914488e-06, 1.0769047094072448e-06, 1.6088484926513047e-06, 5.726670678996015e-06, 8.730859008210246e-06, 2.4362818749068538e-06, 8.998819794214796e-06, 7.95625146565726e-06, 2.5871715934044914e-06, 1.1091770829807501e-05, 9.38346693146741e-06, 1.711202230580966e-06, 2.1644252683472587e-06, 3.2953771551547106e-06, 2.0811935428355355e-06, 1.8935621710625128e-06, 2.3967975266714348e-06, 1.4772352869840688e-06, 1.8545946431913762e-06, 2.212141225754749e-06, 1.0704155783969327e-06, 1.3362665640670457e-06, 1.7103772051996202e-06, 1.1921558780159103e-06, 1.441219637854374e-06, 1.1705898259606329e-06, 2.6571851776679978e-06, 3.093589157288079e-06, 9.464801564718073e-07, 7.173422318373923e-07, 9.719676654640352e-07, 4.1400883787900966e-07, 2.3378807156859693e-07, 2.654909678767581e-07, 2.0058989491644752e-07, 1.846978676667277e-07, 1.6088432630567695e-07, 1.20018498250829e-07, 8.535590723113273e-08, 9.381334109548334e-08, 1.5996306501619983e-07, 4.5632316414412344e-07, 9.125721476266335e-07, 1.4567151538358303e-06, 1.9274602891528048e-06, 1.813324502109026e-06, 1.3121182291797595e-06, 1.069474933501624e-06, 9.545495913698687e-07, 5.434175136542763e-07, 4.196154463897983e-07, 3.173707909809309e-07, 2.806736745242233e-07, 2.3501961265992577e-07, 1.7975077071241685e-07, 1.3728281089697703e-07, 1.888325158461157e-07, 2.0279645696064108e-07, 3.6062073149878415e-07, 4.1526686800352763e-07, 6.26177325102617e-07, 1.0663683269740432e-06, 9.9932151442772e-07, 8.463652534373978e-07, 1.1869120726260007e-06, 1.689007945060439e-06, 1.9331871499161934e-06, 2.1038647446403047e-06, 1.8760001694317907e-06, 2.5137237571470905e-06, 1.7367580085192458e-06, 1.3338991493583308e-06, 1.4156270253806724e-06, 1.4801562429056503e-06, 1.047032355927513e-06, 9.408929599885596e-07, 6.963244914004463e-07, 2.2315379055726225e-07, 7.977204319331577e-08, 1.5852027246410216e-08, 1.1262451908577997e-11, 8.830221276401318e-12, 8.457626959890163e-12, 8.265816850427932e-12, 7.740839219616547e-12, 7.45109703104152e-12, 7.2628244564276745e-12, 7.134194710683994e-12, 7.069160794931362e-12], "lowlevel.melbands128.stdev": [0.0005045495927333832, 0.007013194262981415, 0.020981915295124054, 0.018623491749167442, 0.012345235794782639, 0.0084378095343709, 0.005327441263943911, 0.00339094502851367, 0.001832759939134121, 0.003439197549596429, 0.0049974056892097, 0.003149254946038127, 0.00038251429214142263, 0.0005478079547174275, 0.0007238129619508982, 0.001071469858288765, 0.0008190466905944049, 0.0007038441835902631, 0.0009188083931803703, 0.002294000703841448, 0.0007230415940284729, 0.00020966549345757812, 0.00020066273282282054, 0.00020594893430825323, 0.0004796385474037379, 0.00029292231192812324, 0.0009466622141189873, 0.001998376566916704, 0.0006319764070212841, 0.0013519591884687543, 0.0004698229022324085, 0.0001769939553923905, 0.00023862853413447738, 5.969627818558365e-05, 8.293817518278956e-05, 0.0003059666196350008, 0.00034012345713563263, 4.684641680796631e-05, 1.5329900634242222e-05, 7.608167379657971e-06, 6.103637588239508e-06, 6.418651082640281e-06, 1.9023600543732755e-05, 4.549563891487196e-05, 1.0572997780400328e-05, 7.875495793996379e-05, 5.923484422964975e-05, 1.070163125405088e-05, 4.0329938201466575e-05, 3.240053774788976e-05, 9.150527148449328e-06, 8.581338079238776e-06, 1.3096539078105707e-05, 8.043922207434662e-06, 7.430709501932142e-06, 1.4803196791035589e-05, 6.531935923703713e-06, 8.68063943926245e-06, 8.536490895494353e-06, 3.8070124901423696e-06, 5.570442226598971e-06, 7.010883564362302e-06, 2.7277826575300423e-06, 3.414246293687029e-06, 2.57221472566016e-06, 6.274333827605005e-06, 7.6046917456551455e-06, 3.572782816263498e-06, 3.511329168759403e-06, 4.252207418176113e-06, 1.5712950016677496e-06, 7.352768989221659e-07, 7.653468401258579e-07, 5.332187811291078e-07, 5.502969315784867e-07, 4.575749414925667e-07, 4.2490654550420004e-07, 2.1988898879499175e-07, 2.916472965353023e-07, 4.326701059653715e-07, 1.266815047529235e-06, 2.6808268103195587e-06, 5.1691295084310696e-06, 7.920007192296907e-06, 6.764733825548319e-06, 5.278115622786572e-06, 5.01641761729843e-06, 4.397935754241189e-06, 2.8516990369098494e-06, 2.4075445708149346e-06, 1.6383319234591909e-06, 1.1737121212718193e-06, 9.060034926733351e-07, 7.673375534977822e-07, 5.357633767744119e-07, 7.095877663232386e-07, 7.58487601615343e-07, 1.615476435290475e-06, 1.5285173731172108e-06, 2.1483392629306763e-06, 2.713375124585582e-06, 2.286148856001091e-06, 2.0740951640618732e-06, 2.509423666197108e-06, 3.2881050628930097e-06, 3.902244770870311e-06, 4.294973678042879e-06, 3.4626530123205157e-06, 4.704363163909875e-06, 3.4178212899860227e-06, 3.088738822043524e-06, 2.6899190288531827e-06, 3.091705366387032e-06, 2.5843717139650835e-06, 2.3048971797834383e-06, 1.5994472732927534e-06, 5.990750651108101e-07, 2.8714609356939036e-07, 8.330265899303413e-08, 5.5049551722641255e-11, 2.957465175534857e-11, 2.9717745625434944e-11, 2.985453204096267e-11, 1.977985310264163e-11, 1.8219245556672092e-11, 1.905573789040549e-11, 1.9258364000740436e-11, 1.8983680946660364e-11], "lowlevel.mfcc.mean": [-765.2738037109375, 168.00991821289062, 45.155704498291016, 31.378204345703125, 10.019685745239258, -2.429328441619873, 10.172343254089355, 0.36546453833580017, 4.362624168395996, -23.298702239990234, -4.56331205368042, -35.49140548706055, 7.228486061096191], "lowlevel.spectral_contrast_coeffs.mean": [-0.5651770234107971, -0.7199177145957947, -0.7352051138877869, -0.811412513256073, -0.7910560369491577, -0.7604354619979858], "lowlevel.spectral_contrast_coeffs.stdev": [0.08627800643444061, 0.10012157261371613, 0.10616129636764526, 0.05776751786470413, 0.054188597947359085, 0.06004977971315384], "lowlevel.spectral_contrast_valleys.mean": [-7.005630016326904, -7.80985164642334, -8.35406494140625, -9.28791332244873, -9.37683391571045, -11.869744300842285], "lowlevel.spectral_contrast_valleys.stdev": [0.9480723738670349, 0.724785327911377, 0.8414245843887329, 0.9589939117431641, 1.1249663829803467, 1.2913594245910645], "rhythm.beats_loudness_band_ratio.mean": [0.7285927534103394, 0.2069949507713318, 0.05429547652602196, 0.030830537900328636, 0.003069696482270956, 0.008299852721393108], "rhythm.beats_loudness_band_ratio.stdev": [0.1942724734544754, 0.1638050526380539, 0.09499453008174896, 0.06280866265296936, 0.0047081224620342255, 0.014206662774085999], "tonal.hpcp.mean": [0.3760662376880646, 0.2069946676492691, 0.055013950914144516, 0.044779617339372635, 0.046399567276239395, 0.2706814706325531, 0.48140954971313477, 0.26816806197166443, 0.05343302711844444, 0.036373112350702286, 0.02773778885602951, 0.02728402055799961, 0.02659781090915203, 0.03294818848371506, 0.0646786019206047, 0.08283955603837967, 0.05151873826980591, 0.024249522015452385, 0.02262883633375168, 0.033437371253967285, 0.13811857998371124, 0.1605331301689148, 0.05122414231300354, 0.014002267271280289, 0.012065168470144272, 0.009823903441429138, 0.01354881189763546, 0.021061263978481293, 0.030460849404335022, 0.11570752412080765, 0.16687420010566711, 0.08731014281511307, 0.029045425355434418, 0.029032569378614426, 0.04964109882712364, 0.23123592138290405], "tonal.hpcp.stdev": [0.4348205327987671, 0.2672993540763855, 0.1791381984949112, 0.1524033546447754, 0.14178891479969025, 0.26147666573524475, 0.4140375852584839, 0.2616943418979645, 0.17892222106456757, 0.14941103756427765, 0.13920627534389496, 0.1263979971408844, 0.13456931710243225, 0.1403072476387024, 0.17539039254188538, 0.1913289576768875, 0.1362585425376892, 0.11715920269489288, 0.11014731973409653, 0.13808313012123108, 0.26188862323760986, 0.297128826379776, 0.1255781501531601, 0.0762556940317154, 0.08104214817285538, 0.07049641013145447, 0.0619363859295845, 0.07828425616025925, 0.10100298374891281, 0.21223382651805878, 0.2966541349887848, 0.19023165106773376, 0.1204269528388977, 0.13211554288864136, 0.1676790863275528, 0.2877291142940521], "rhythm.beats_position": [0.5224489569664001, 1.0448979139328003, 1.5557368993759155, 2.0665760040283203, 2.554194927215576, 3.0650339126586914, 3.564262866973877, 4.0634918212890625, 4.562720775604248, 5.061950206756592, 5.561179161071777, 6.060408115386963, 6.559637069702148, 7.058866024017334, 7.5580949783325195, 8.057324409484863, 8.55655288696289, 9.055782318115234, 9.566620826721191, 10.065850257873535, 10.565078735351562, 11.052698135375977, 11.56353759765625, 12.062766075134277, 12.561995506286621, 13.072834014892578, 13.560453414916992, 14.07129192352295, 14.558911323547363, 15.058140754699707, 15.557369232177734, 16.068208694458008, 16.555828094482422, 17.066665649414062, 17.565895080566406, 18.06512451171875, 18.564353942871094, 19.063581466674805, 19.56281089782715, 20.062040328979492, 20.561269760131836, 21.06049919128418, 21.55972671508789, 22.058956146240234, 22.569795608520508, 23.057415008544922, 23.568254470825195, 24.067481994628906, 24.56671142578125, 25.065940856933594, 25.565170288085938, 26.06439781188965, 26.563627243041992, 27.062856674194336, 27.56208610534668, 28.061315536499023, 28.560543060302734, 29.059772491455078, 29.559001922607422, 30.069841384887695, 30.557458877563477, 31.06829833984375, 31.555917739868164, 32.06675720214844, 32.56598663330078, 33.065216064453125, 33.576053619384766, 34.06367111206055, 34.56290054321289, 35.062129974365234, 35.57297134399414], "rhythm.bpm_histogram": [0.0, 0.0, 0.0, 0.0, 0.0, 0.0, 0.0, 0.0, 0.0, 0.0, 0.0, 0.0, 0.0, 0.0, 0.0, 0.0, 0.0, 0.0, 0.0, 0.0, 0.0, 0.0, 0.0, 0.0, 0.0, 0.0, 0.0, 0.0, 0.0, 0.0, 0.0, 0.0, 0.0, 0.0, 0.0, 0.0, 0.0, 0.0, 0.0, 0.0, 0.0, 0.0, 0.0, 0.0, 0.0, 0.0, 0.0, 0.0, 0.0, 0.0, 0.0, 0.0, 0.0, 0.0, 0.0, 0.0, 0.0, 0.0, 0.0, 0.0, 0.0, 0.0, 0.0, 0.0, 0.0, 0.0, 0.0, 0.0, 0.0, 0.0, 0.0, 0.0, 0.0, 0.0, 0.0, 0.0, 0.0, 0.0, 0.0, 0.0, 0.0, 0.0, 0.0, 0.0, 0.0, 0.0, 0.0, 0.0, 0.0, 0.0, 0.0, 0.0, 0.0, 0.0, 0.0, 0.0, 0.0, 0.0, 0.0, 0.0, 0.0, 0.0, 0.0, 0.0, 0.0, 0.0, 0.0, 0.0, 0.0, 0.0, 0.0, 0.0, 0.0, 0.0, 0.0, 0.014285714365541935, 0.0, 0.22857142984867096, 0.0, 0.0, 0.6285714507102966, 0.0, 0.0, 0.12857143580913544, 0.0, 0.0, 0.0, 0.0, 0.0, 0.0, 0.0, 0.0, 0.0, 0.0, 0.0, 0.0, 0.0, 0.0, 0.0, 0.0, 0.0, 0.0, 0.0, 0.0, 0.0, 0.0, 0.0, 0.0, 0.0, 0.0, 0.0, 0.0, 0.0, 0.0, 0.0, 0.0, 0.0, 0.0, 0.0, 0.0, 0.0, 0.0, 0.0, 0.0, 0.0, 0.0, 0.0, 0.0, 0.0, 0.0, 0.0, 0.0, 0.0, 0.0, 0.0, 0.0, 0.0, 0.0, 0.0, 0.0, 0.0, 0.0, 0.0, 0.0, 0.0, 0.0, 0.0, 0.0, 0.0, 0.0, 0.0, 0.0, 0.0, 0.0, 0.0, 0.0, 0.0, 0.0, 0.0, 0.0, 0.0, 0.0, 0.0, 0.0, 0.0, 0.0, 0.0, 0.0, 0.0, 0.0, 0.0, 0.0, 0.0, 0.0, 0.0, 0.0, 0.0, 0.0, 0.0, 0.0, 0.0, 0.0, 0.0, 0.0, 0.0, 0.0, 0.0, 0.0, 0.0, 0.0, 0.0, 0.0, 0.0, 0.0, 0.0, 0.0, 0.0, 0.0, 0.0, 0.0, 0.0, 0.0, 0.0, 0.0, 0.0, 0.0, 0.0, 0.0, 0.0, 0.0], "tonal.chords_histogram": [37.17948532104492, 17.94871711730957, 2.9487178325653076, 9.35897445678711, 4.102564334869385, 13.84615421295166, 0.0, 5.128205299377441, 2.9487178325653076, 0.0, 0.0, 0.0, 0.0, 0.0, 0.0, 0.0, 0.0, 0.0, 0.0, 0.0, 0.25641027092933655, 0.0, 6.282051086425781, 0.0], "tonal.thpcp": [1.0, 0.5570476651191711, 0.11099287122488022, 0.07555544376373291, 0.05761786177754402, 0.05667527765035629, 0.055249862372875214, 0.06844107806682587, 0.13435254991054535, 0.17207708954811096, 0.10701644420623779, 0.0503719188272953, 0.04700537398457527, 0.06945722550153732, 0.286904513835907, 0.33346477150917053, 0.10640449821949005, 0.029085977002978325, 0.02506217174232006, 0.020406540483236313, 0.028144044801592827, 0.043749161064624786, 0.06327429413795471, 0.24035152792930603, 0.34663665294647217, 0.1813635528087616, 0.06033412739634514, 0.060307424515485764, 0.10311614722013474, 0.4803309738636017, 0.7811773419380188, 0.429976224899292, 0.11427681893110275, 0.09301771968603134, 0.09638272970914841, 0.5622686147689819], "lowlevel.gfcc.cov": [[7990.74267578125, -3082.066650390625, -922.9332275390625, -58.990352630615234, -100.65225219726562, 782.2255249023438, -47.89968490600586, 894.197509765625, -374.13275146484375, 806.4136962890625, -687.0902099609375, 591.7606201171875, -25.87371826171875], [-3082.066650390625, 3332.90283203125, 23.630380630493164, -401.3258056640625, 696.0258178710938, -304.15380859375, 559.0390014648438, -136.31924438476562, 348.44122314453125, -175.17408752441406, 504.69232177734375, -367.00457763671875, 206.06614685058594], [-922.9332275390625, 23.630380630493164, 1146.486328125, 467.5089416503906, -140.32398986816406, 169.6520538330078, 2.4237451553344727, -53.34853744506836, 339.6433410644531, -117.27910614013672, 210.4371795654297, 43.99526596069336, -18.234590530395508], [-58.990352630615234, -401.3258056640625, 467.5089416503906, 779.0703125, -38.72837448120117, 6.683589458465576, -23.041183471679688, 107.09246826171875, 202.4716796875, -49.90766906738281, 77.10606384277344, 110.35892486572266, -5.760562896728516], [-100.65225219726562, 696.0258178710938, -140.32398986816406, -38.72837448120117, 533.4542846679688, 25.60849952697754, 216.06735229492188, 123.27363586425781, 56.266658782958984, 80.69087219238281, 73.9179916381836, -31.884963989257812, 84.5422134399414], [782.2255249023438, -304.15380859375, 169.6520538330078, 6.683589458465576, 25.60849952697754, 569.0111083984375, 159.75607299804688, -88.50482177734375, 52.71184539794922, 126.2350845336914, -63.9687385559082, 57.86402893066406, 56.51277542114258], [-47.89968490600586, 559.0390014648438, 2.4237451553344727, -23.041183471679688, 216.06735229492188, 159.75607299804688, 347.4818420410156, 44.29572677612305, 91.04060363769531, 44.65262985229492, 87.44876098632812, -9.073479652404785, 76.05704498291016], [894.197509765625, -136.31924438476562, -53.34853744506836, 107.09246826171875, 123.27363586425781, -88.50482177734375, 44.29572677612305, 440.45928955078125, 46.13137435913086, 92.15953063964844, 19.746986389160156, 117.96338653564453, -7.879665851593018], [-374.13275146484375, 348.44122314453125, 339.6433410644531, 202.4716796875, 56.266658782958984, 52.71184539794922, 91.04060363769531, 46.13137435913086, 296.398193359375, -43.79668426513672, 132.56204223632812, 12.761499404907227, 25.55423927307129], [806.4136962890625, -175.17408752441406, -117.27910614013672, -49.90766906738281, 80.69087219238281, 126.2350845336914, 44.65262985229492, 92.15953063964844, -43.79668426513672, 223.8693084716797, -32.41141128540039, 39.15768814086914, 13.764455795288086], [-687.0902099609375, 504.69232177734375, 210.4371795654297, 77.10606384277344, 73.9179916381836, -63.9687385559082, 87.44876098632812, 19.746986389160156, 132.56204223632812, -32.41141128540039, 236.79708862304688, -19.861553192138672, 4.584710121154785], [591.7606201171875, -367.00457763671875, 43.99526596069336, 110.35892486572266, -31.884963989257812, 57.86402893066406, -9.073479652404785, 117.96338653564453, 12.761499404907227, 39.15768814086914, -19.861553192138672, 188.47889709472656, 21.05349349975586], [-25.87371826171875, 206.06614685058594, -18.234590530395508, -5.760562896728516, 84.5422134399414, 56.51277542114258, 76.05704498291016, -7.879665851593018, 25.55423927307129, 13.764455795288086, 4.584710121154785, 21.05349349975586, 146.3144989013672]], "lowlevel.gfcc.icov": [[0.0006681777304038405, 0.00030294485623016953, 0.00041074989712797105, 0.00011518491373863071, 0.00021496946283150464, -0.0006593202124349773, -8.84836699697189e-05, -0.0010934390593320131, -0.00025274133076891303, -0.0010350651573389769, 0.0007304790779016912, -0.00044863822404295206, 4.795786298927851e-05], [0.00030294485623016953, 0.0022472520358860493, 9.76788141997531e-05, 0.0013368286890909076, -0.0012971656396985054, 0.0013530428986996412, -0.0020530936308205128, 0.0003404296876396984, -0.0018552658148109913, 0.0001738845749059692, -0.0016904633957892656, 0.0017655558185651898, -0.0016275272937491536], [0.00041074989712797105, 9.76788141997531e-05, 0.002372361021116376, -0.0006769139436073601, 0.0006553239072673023, -0.001565753249451518, 0.0007703814189881086, -0.0006758947856724262, -0.001385002862662077, 7.198372622951865e-05, -0.0010027135722339153, -0.00026530155446380377, 0.0002980379795189947], [0.00011518491373863071, 0.0013368286890909076, -0.0006769139436073601, 0.002822652691975236, -0.0009358932147733867, 0.0011932398192584515, -0.0010983371175825596, 0.00012564421922434121, -0.001868701889179647, 0.0002927351160906255, -0.0007044867379590869, 0.00018064453615806997, -0.0008831111481413245], [0.00021496946283150464, -0.0012971656396985054, 0.0006553239072673023, -0.0009358932147733867, 0.004157334566116333, -0.0012197974137961864, -1.1392950000299606e-05, -0.0016799824079498649, 0.000745336408726871, -0.0014211551751941442, 0.0009911080123856664, -0.0003180427593179047, -8.760688797337934e-05], [-0.0006593202124349773, 0.0013530428986996412, -0.001565753249451518, 0.0011932398192584515, -0.0012197974137961864, 0.006006909068673849, -0.003770811017602682, 0.003453280543908477, -0.0018474806565791368, -0.001067404868081212, 0.0002691462868824601, 0.0004981897654943168, -0.0012965715723112226], [-8.84836699697189e-05, -0.0020530936308205128, 0.0007703814189881086, -0.0010983371175825596, -1.1392950000299606e-05, -0.003770811017602682, 0.007784838322550058, -0.0015137987211346626, 0.0010254961671307683, 0.00035037982161156833, -0.0005864191334694624, -0.0010067365365102887, 0.00021461797587107867], [-0.0010934390593320131, 0.0003404296876396984, -0.0006758947856724262, 0.00012564421922434121, -0.0016799824079498649, 0.003453280543908477, -0.0015137987211346626, 0.0063574044033885, -0.0013567333808168769, -2.0846982806688175e-05, -0.0012141038896515965, -0.001301222131587565, 0.00047828350216150284], [-0.00025274133076891303, -0.0018552658148109913, -0.001385002862662077, -0.001868701889179647, 0.000745336408726871, -0.0018474806565791368, 0.0010254961671307683, -0.0013567333808168769, 0.008651917800307274, 0.0011369577841833234, -0.0006989025278016925, -0.0007626921869814396, 0.0005124186282046139], [-0.0010350651573389769, 0.0001738845749059692, 7.198372622951865e-05, 0.0002927351160906255, -0.0014211551751941442, -0.001067404868081212, 0.00035037982161156833, -2.0846982806688175e-05, 0.0011369577841833234, 0.009109897539019585, -0.00277511915192008, 0.0013127808924764395, -0.0005147793563082814], [0.0007304790779016912, -0.0016904633957892656, -0.0010027135722339153, -0.0007044867379590869, 0.0009911080123856664, 0.0002691462868824601, -0.0005864191334694624, -0.0012141038896515965, -0.0006989025278016925, -0.00277511915192008, 0.010894283652305603, -0.0026111130136996508, 0.002337587298825383], [-0.00044863822404295206, 0.0017655558185651898, -0.00026530155446380377, 0.00018064453615806997, -0.0003180427593179047, 0.0004981897654943168, -0.0010067365365102887, -0.001301222131587565, -0.0007626921869814396, 0.0013127808924764395, -0.0026111130136996508, 0.010570702143013477, -0.003576780203729868], [4.795786298927851e-05, -0.0016275272937491536, 0.0002980379795189947, -0.0008831111481413245, -8.760688797337934e-05, -0.0012965715723112226, 0.00021461797587107867, 0.00047828350216150284, 0.0005124186282046139, -0.0005147793563082814, 0.002337587298825383, -0.003576780203729868, 0.010003581643104553]], "lowlevel.mfcc.cov": [[7048.7626953125, -1924.1126708984375, -1310.677734375, -220.84828186035156, -146.357421875, 55.225032806396484, 194.7194366455078, -8.196399688720703, 529.1246337890625, 102.74945831298828, 228.81982421875, -404.793212890625, 309.98089599609375], [-1924.1126708984375, 2667.66015625, -466.4822998046875, -42.251041412353516, 32.978424072265625, 4.097607612609863, 327.7565002441406, -71.90664672851562, 81.6212387084961, 154.70126342773438, 124.90448760986328, 136.23123168945312, -25.572010040283203], [-1310.677734375, -466.4822998046875, 1589.767822265625, 52.433494567871094, 148.64695739746094, 186.74508666992188, -240.4884490966797, 245.73507690429688, -122.60069274902344, 33.20570373535156, -22.011520385742188, 298.2070617675781, -14.853323936462402], [-220.84828186035156, -42.251041412353516, 52.433494567871094, 630.8411254882812, 170.41880798339844, -246.13970947265625, 2.4782347679138184, 126.79171752929688, 69.46127319335938, -67.12430572509766, 116.63394927978516, 154.07192993164062, 80.6899642944336], [-146.357421875, 32.978424072265625, 148.64695739746094, 170.41880798339844, 270.9588928222656, -25.88100242614746, -9.56967544555664, 93.05657958984375, 45.110389709472656, 30.808177947998047, 55.540767669677734, 96.77952575683594, 28.275297164916992], [55.225032806396484, 4.097607612609863, 186.74508666992188, -246.13970947265625, -25.88100242614746, 597.6253051757812, 90.01976776123047, 22.090606689453125, 29.386186599731445, 208.28482055664062, -91.42414093017578, -113.14643096923828, 7.012483596801758], [194.7194366455078, 327.7565002441406, -240.4884490966797, 2.4782347679138184, -9.56967544555664, 90.01976776123047, 256.8750305175781, -0.7720474600791931, 67.05875396728516, 77.74452209472656, 63.130001068115234, -23.665687561035156, 40.07143783569336], [-8.196399688720703, -71.90664672851562, 245.73507690429688, 126.79171752929688, 93.05657958984375, 22.090606689453125, -0.7720474600791931, 284.1432189941406, 55.29867172241211, 29.999998092651367, 53.15815734863281, 104.07412719726562, 43.86736297607422], [529.1246337890625, 81.6212387084961, -122.60069274902344, 69.46127319335938, 45.110389709472656, 29.386186599731445, 67.05875396728516, 55.29867172241211, 215.31365966796875, 47.865421295166016, 50.66636276245117, -30.019052505493164, 62.35245132446289], [102.74945831298828, 154.70126342773438, 33.20570373535156, -67.12430572509766, 30.808177947998047, 208.28482055664062, 77.74452209472656, 29.999998092651367, 47.865421295166016, 224.14080810546875, -5.094810962677002, -11.726455688476562, 16.569141387939453], [228.81982421875, 124.90448760986328, -22.011520385742188, 116.63394927978516, 55.540767669677734, -91.42414093017578, 63.130001068115234, 53.15815734863281, 50.66636276245117, -5.094810962677002, 240.25103759765625, 86.8026351928711, 57.38125228881836], [-404.793212890625, 136.23123168945312, 298.2070617675781, 154.07192993164062, 96.77952575683594, -113.14643096923828, -23.665687561035156, 104.07412719726562, -30.019052505493164, -11.726455688476562, 86.8026351928711, 273.6874084472656, 30.907472610473633], [309.98089599609375, -25.572010040283203, -14.853323936462402, 80.6899642944336, 28.275297164916992, 7.012483596801758, 40.07143783569336, 43.86736297607422, 62.35245132446289, 16.569141387939453, 57.38125228881836, 30.907472610473633, 134.15711975097656]], "lowlevel.mfcc.icov": [[0.0005181920132599771, 0.0005665647913701832, 0.0005193844554014504, 0.0004748981154989451, 0.00010660296538844705, 5.284376675263047e-05, -8.98567377589643e-05, -3.124023351119831e-05, -0.0010296887485310435, -0.0003608092665672302, -0.0005197262507863343, -0.0002678579476196319, -0.0004984958213753998], [0.0005665647913701832, 0.0011584160383790731, 0.0007339505827985704, 0.0006348436581902206, 6.081059109419584e-05, 7.506067777285352e-05, -0.0006439484423026443, 0.00017098929674830288, -0.0013103390811011195, -0.0006328460876829922, -0.0005967366741970181, -0.0009770062752068043, -0.00010167923755943775], [0.0005193844554014504, 0.0007339505827985704, 0.001907319063320756, 0.00048390691517852247, -6.332401972031221e-05, -0.000889392162207514, 0.00100145791657269, -0.0005990041536279023, -0.0006725991843268275, -0.0002678101882338524, -0.0005352442967705429, -0.0018741649109870195, -0.00017709498933982104], [0.0004748981154989451, 0.0006348436581902206, 0.00048390691517852247, 0.0031438684090971947, -0.001049670041538775, 0.0009899947326630354, -0.0005381162627600133, -0.000520172412507236, -0.0014028092846274376, 3.2845098758116364e-05, -0.0004886765964329243, -0.0008336693863384426, -0.0012643022928386927], [0.00010660296538844705, 6.081059109419584e-05, -6.332401972031221e-05, -0.001049670041538775, 0.005299966782331467, -0.0001087978744180873, 0.0005896719521842897, -0.000494190666358918, -0.001001148484647274, -0.0010275436798110604, -0.00048422274994663894, -0.0009243241511285305, 0.0002759860653895885], [5.284376675263047e-05, 7.506067777285352e-05, -0.000889392162207514, 0.0009899947326630354, -0.0001087978744180873, 0.003974666818976402, -0.0014832227025181055, -0.00034576287725940347, -7.345918129431084e-05, -0.0025695941876620054, 0.000853962148539722, 0.0018466496840119362, -0.0008696367731317878], [-8.98567377589643e-05, -0.0006439484423026443, 0.00100145791657269, -0.0005381162627600133, 0.0005896719521842897, -0.0014832227025181055, 0.007012408226728439, -0.00027235341258347034, -0.00011500502296257764, -0.0008913524798117578, -0.0014582491712644696, -0.00022228203306440264, -0.0006943606422282755], [-3.124023351119831e-05, 0.00017098929674830288, -0.0005990041536279023, -0.000520172412507236, -0.000494190666358918, -0.00034576287725940347, -0.00027235341258347034, 0.005303297191858292, -0.0013303578598424792, -0.00017183546151500195, -0.00020938925445079803, -0.0012631291756406426, -0.0001591024483786896], [-0.0010296887485310435, -0.0013103390811011195, -0.0006725991843268275, -0.0014028092846274376, -0.001001148484647274, -7.345918129431084e-05, -0.00011500502296257764, -0.0013303578598424792, 0.009040354751050472, -0.0002168696082662791, 0.0003037740243598819, 0.002504077972844243, -0.001298863789997995], [-0.0003608092665672302, -0.0006328460876829922, -0.0002678101882338524, 3.2845098758116364e-05, -0.0010275436798110604, -0.0025695941876620054, -0.0008913524798117578, -0.00017183546151500195, -0.0002168696082662791, 0.007976577617228031, 0.000483577634440735, -0.0005330308340489864, 0.0003685635747388005], [-0.0005197262507863343, -0.0005967366741970181, -0.0005352442967705429, -0.0004886765964329243, -0.00048422274994663894, 0.000853962148539722, -0.0014582491712644696, -0.00020938925445079803, 0.0003037740243598819, 0.000483577634440735, 0.006562728900462389, -0.0010636253282427788, -0.0008796248002909124], [-0.0002678579476196319, -0.0009770062752068043, -0.0018741649109870195, -0.0008336693863384426, -0.0009243241511285305, 0.0018466496840119362, -0.00022228203306440264, -0.0012631291756406426, 0.002504077972844243, -0.0005330308340489864, -0.0010636253282427788, 0.008543483912944794, -0.0013070318382233381], [-0.0004984958213753998, -0.00010167923755943775, -0.00017709498933982104, -0.0012643022928386927, 0.0002759860653895885, -0.0008696367731317878, -0.0006943606422282755, -0.0001591024483786896, -0.001298863789997995, 0.0003685635747388005, -0.0008796248002909124, -0.0013070318382233381, 0.010809414088726044]], "metadata.audio_properties.analysis.downmix": "mix", "metadata.audio_properties.codec": "mp3", "metadata.audio_properties.md5_encoded": "b2c7e5c82e51c23a18435ecefc96eead", "metadata.tags.file_name": "1182282487532097557.mp3", "metadata.version.essentia": "2.1-beta6-dev", "metadata.version.essentia_git_sha": "v2.1_beta5-1110-g77a6a954", "metadata.version.extractor": "music 2.0", "tonal.chords_key": "E", "tonal.