{"song_id": "1182280578406551562", "download": "https://cdn.discordapp.com/attachments/1128313332273782784/1182280578406551562/chirp.mp4?ex=65841f97&amp", "lyrics": "Ez m\u00e9g csak a ny\u00e1r eleje,\nM\u00e9gis legy\u0151z a ny\u00e1l ereje.\n------\nA sz\u00edvem komor, gyere s\u00fcn,\nOsztozzunk a gyomorkeser\u0171n!\n------\n\u00c1tv\u00e1ltozott Ben Hur-r\u00e1\nA nagy Jedi, Ben. Hurr\u00e1!", "style": ["rock</span><span>, female vocal</span><span>, piano"], "essentia_features": {"lowlevel.average_loudness": 0.973944902420044, "lowlevel.barkbands_crest.mean": 8.668473243713379, "lowlevel.barkbands_crest.stdev": 4.738549709320068, "lowlevel.barkbands_flatness_db.mean": 0.09468218684196472, "lowlevel.barkbands_flatness_db.stdev": 0.028251664713025093, "lowlevel.barkbands_kurtosis.mean": 0.08479271829128265, "lowlevel.barkbands_kurtosis.stdev": 2.453315019607544, "lowlevel.barkbands_skewness.mean": 0.8535759449005127, "lowlevel.barkbands_skewness.stdev": 0.8179771900177002, "lowlevel.barkbands_spread.mean": 44.33251953125, "lowlevel.barkbands_spread.stdev": 13.35677719116211, "lowlevel.dissonance.mean": 0.4866184890270233, "lowlevel.dissonance.stdev": 0.011708674021065235, "lowlevel.dynamic_complexity": 1.2359178066253662, "lowlevel.erbbands_crest.mean": 5.933379173278809, "lowlevel.erbbands_crest.stdev": 2.8512659072875977, "lowlevel.erbbands_flatness_db.mean": 0.12772226333618164, "lowlevel.erbbands_flatness_db.stdev": 0.019480647519230843, "lowlevel.erbbands_kurtosis.mean": 0.12244125455617905, "lowlevel.erbbands_kurtosis.stdev": 1.058390498161316, "lowlevel.erbbands_skewness.mean": -0.5453904271125793, "lowlevel.erbbands_skewness.stdev": 0.5235076546669006, "lowlevel.erbbands_spread.mean": 44.162986755371094, "lowlevel.erbbands_spread.stdev": 14.975655555725098, "lowlevel.hfc.mean": 37.23933792114258, "lowlevel.hfc.stdev": 16.123422622680664, "lowlevel.loudness_ebu128.integrated": -13.271757125854492, "lowlevel.loudness_ebu128.loudness_range": 1.792388916015625, "lowlevel.loudness_ebu128.momentary.mean": -13.36697006225586, "lowlevel.loudness_ebu128.momentary.stdev": 0.9380378127098083, "lowlevel.loudness_ebu128.short_term.mean": -13.362598419189453, "lowlevel.loudness_ebu128.short_term.stdev": 0.6330314874649048, "lowlevel.melbands_crest.mean": 15.082744598388672, "lowlevel.melbands_crest.stdev": 5.51913595199585, "lowlevel.melbands_flatness_db.mean": 0.1292240023612976, "lowlevel.melbands_flatness_db.stdev": 0.041772786527872086, "lowlevel.melbands_kurtosis.mean": 8.603939056396484, "lowlevel.melbands_kurtosis.stdev": 11.970884323120117, "lowlevel.melbands_skewness.mean": 2.5172600746154785, "lowlevel.melbands_skewness.stdev": 1.432019591331482, "lowlevel.melbands_spread.mean": 45.28824234008789, "lowlevel.melbands_spread.stdev": 21.526277542114258, "lowlevel.pitch_salience.mean": 0.5742992758750916, "lowlevel.pitch_salience.stdev": 0.11034736037254333, "lowlevel.silence_rate_20dB.mean": 1.0, "lowlevel.silence_rate_20dB.stdev": 0.0, "lowlevel.silence_rate_30dB.mean": 0.9984883069992065, "lowlevel.silence_rate_30dB.stdev": 0.03885113075375557, "lowlevel.silence_rate_60dB.mean": 0.0015117158181965351, "lowlevel.silence_rate_60dB.stdev": 0.03885113075375557, "lowlevel.spectral_centroid.mean": 2448.684814453125, "lowlevel.spectral_centroid.stdev": 493.80126953125, "lowlevel.spectral_complexity.mean": 38.501888275146484, "lowlevel.spectral_complexity.stdev": 10.417441368103027, "lowlevel.spectral_decrease.mean": -7.68965335851135e-09, "lowlevel.spectral_decrease.stdev": 5.516090695323328e-09, "lowlevel.spectral_energy.mean": 0.03240024670958519, "lowlevel.spectral_energy.stdev": 0.021396968513727188, "lowlevel.spectral_energyband_high.mean": 0.002919502556324005, "lowlevel.spectral_energyband_high.stdev": 0.0018739025108516216, "lowlevel.spectral_energyband_low.mean": 0.013912447728216648, "lowlevel.spectral_energyband_low.stdev": 0.016690174117684364, "lowlevel.spectral_energyband_middle_high.mean": 0.007466690149158239, "lowlevel.spectral_energyband_middle_high.stdev": 0.0041332971304655075, "lowlevel.spectral_energyband_middle_low.mean": 0.009266571141779423, "lowlevel.spectral_energyband_middle_low.stdev": 0.01089724712073803, "lowlevel.spectral_entropy.mean": 8.079071044921875, "lowlevel.spectral_entropy.stdev": 0.13428810238838196, "lowlevel.spectral_flux.mean": 0.09738537669181824, "lowlevel.spectral_flux.stdev": 0.04668273404240608, "lowlevel.spectral_kurtosis.mean": 2.4486308097839355, "lowlevel.spectral_kurtosis.stdev": 0.9747365117073059, "lowlevel.spectral_rms.mean": 0.005386521574109793, "lowlevel.spectral_rms.stdev": 0.0016110124997794628, "lowlevel.spectral_rolloff.mean": 2961.165771484375, "lowlevel.spectral_rolloff.stdev": 1596.9571533203125, "lowlevel.spectral_skewness.mean": 1.0195735692977905, "lowlevel.spectral_skewness.stdev": 0.1864127516746521, "lowlevel.spectral_spread.mean": 4700964.0, "lowlevel.spectral_spread.stdev": 929563.25, "lowlevel.spectral_strongpeak.mean": 0.6073451638221741, "lowlevel.spectral_strongpeak.stdev": 0.7889916896820068, "lowlevel.zerocrossingrate.mean": 0.09824492037296295, "lowlevel.zerocrossingrate.stdev": 0.03347213193774223, "metadata.audio_properties.analysis.equal_loudness": 0.0, "metadata.audio_properties.analysis.length": 30.677324295043945, "metadata.audio_properties.analysis.sample_rate": 44100.0, "metadata.audio_properties.analysis.start_time": 0.0, "metadata.audio_properties.bit_rate": 108188.0, "metadata.audio_properties.length": 30.67733383178711, "metadata.audio_properties.lossless": 0.0, "metadata.audio_properties.number_channels": 1.0, "metadata.audio_properties.replay_gain": -12.773813247680664, "metadata.audio_properties.sample_rate": 48000.0, "rhythm.beats_count": 65.0, "rhythm.beats_loudness.mean": 0.06616520881652832, "rhythm.beats_loudness.stdev": 0.014068770222365856, "rhythm.bpm": 127.3985366821289, "rhythm.bpm_histogram_first_peak_bpm": 126.0, "rhythm.bpm_histogram_first_peak_weight": 0.5245901346206665, "rhythm.bpm_histogram_second_peak_bpm": 144.0, "rhythm.bpm_histogram_second_peak_spread": 0.0, "rhythm.bpm_histogram_second_peak_weight": 0.03125, "rhythm.danceability": 1.5930542945861816, "rhythm.onset_rate": 2.475829839706421, "tonal.chords_changes_rate": 0.04531722143292427, "tonal.chords_number_rate": 0.010574018582701683, "tonal.chords_strength.mean": 0.5248304605484009, "tonal.chords_strength.stdev": 0.08322843164205551, "tonal.hpcp_crest.mean": 12.237329483032227, "tonal.hpcp_crest.stdev": 5.571239471435547, "tonal.hpcp_entropy.mean": 2.272808790206909, "tonal.hpcp_entropy.stdev": 0.823334813117981, "tonal.key_edma.strength": 0.6780164837837219, "tonal.key_krumhansl.strength": 0.6899089813232422, "tonal.key_temperley.strength": 0.7128781080245972, "tonal.tuning_diatonic_strength": 0.634412944316864, "tonal.tuning_equal_tempered_deviation": 0.09615439921617508, "tonal.tuning_frequency": 444.3418884277344, "tonal.tuning_nontempered_energy_ratio": 0.7253583669662476, "lowlevel.barkbands.mean": [0.0004828247765544802, 0.009225614368915558, 0.003160195890814066, 0.0021695296745747328, 0.0036630735266953707, 0.0007802305044606328, 0.0007173129706643522, 0.0004653079085983336, 0.0012856260873377323, 0.0007713534869253635, 0.00048305364907719195, 0.0009178268956020474, 0.0005478280363604426, 0.0005249801906757057, 0.0005644088960252702, 0.0007034880109131336, 0.0008890631725080311, 0.0006766497972421348, 0.0010273162042722106, 0.000978980679064989, 0.0008844135445542634, 0.0005949644837528467, 0.0003107221273239702, 0.00030773557955399156, 0.00019521269132383168, 7.253491639858112e-05, 3.1004914191612443e-09], "lowlevel.barkbands.stdev": [0.0004015325685031712, 0.015484372153878212, 0.0035154796205461025, 0.002704015001654625, 0.008080408908426762, 0.0022833601105958223, 0.0009385680314153433, 0.0013514916645362973, 0.002401614561676979, 0.0020019744988530874, 0.0006778999813832343, 0.0015168386744335294, 0.0006890992517583072, 0.0005721557536162436, 0.0007129696314223111, 0.0005351524450816214, 0.0006850175559520721, 0.0004370310343801975, 0.0005984557210467756, 0.0005693850107491016, 0.0005918465321883559, 0.0005554567323997617, 0.0004202631243970245, 0.0005359011702239513, 0.0002490213664714247, 8.200063894037157e-05, 3.7959342336080226e-08], "lowlevel.erbbands.mean": [0.29447034001350403, 1.9594577550888062, 3.6523072719573975, 6.233659744262695, 12.970722198486328, 8.889228820800781, 6.6571269035339355, 6.450793743133545, 10.137267112731934, 9.162006378173828, 16.86767578125, 23.802568435668945, 27.898923873901367, 19.350475311279297, 23.37457275390625, 36.972198486328125, 26.546401977539062, 24.429786682128906, 28.789804458618164, 32.014957427978516, 44.29728698730469, 51.96339416503906, 36.8729362487793, 52.58932113647461, 45.207210540771484, 46.30082321166992, 38.86345291137695, 32.22441482543945, 23.093780517578125, 12.892475128173828, 8.683023452758789, 7.211660861968994, 4.649473190307617, 2.1218667030334473, 1.4102553129196167, 0.6698078513145447, 0.04041533172130585, 0.0011648588115349412, 8.439969678875059e-05, 5.0276950787520036e-05], "lowlevel.erbbands.stdev": [0.46473613381385803, 3.5552406311035156, 4.624890327453613, 5.829958915710449, 32.251800537109375, 18.27397346496582, 11.285679817199707, 23.602970123291016, 17.348491668701172, 11.125779151916504, 39.049705505371094, 51.08790969848633, 59.63624572753906, 39.360679626464844, 31.264760971069336, 57.71431350708008, 29.35944938659668, 25.195688247680664, 33.41746139526367, 30.185651779174805, 32.40895462036133, 40.43577194213867, 22.90927505493164, 31.3996524810791, 25.99964714050293, 27.09103775024414, 23.445289611816406, 22.749984741210938, 21.016197204589844, 16.888221740722656, 11.049697875976562, 11.542410850524902, 8.24610710144043, 3.552319288253784, 1.5018105506896973, 0.6772994995117188, 0.0775604099035263, 0.0030875897500663996, 9.664012031862512e-05, 2.7680411221808754e-05], "lowlevel.gfcc.mean": [55.923736572265625, 59.805206298828125, -129.08074951171875, 63.767154693603516, -61.3678092956543, 27.78898048400879, -38.23982620239258, 19.359508514404297, -32.66410827636719, 6.263174533843994, -22.1744327545166, -3.0724070072174072, -10.97301959991455], "lowlevel.melbands.mean": [0.002625133376568556, 0.002111534820869565, 0.0012502138270065188, 0.0008546934695914388, 0.0002383387618465349, 0.0001500421785749495, 0.00015029833593871444, 9.346804290544242e-05, 0.00016085032257251441, 0.00015490040823351592, 0.00014272918633650988, 8.22712027002126e-05, 7.10324602550827e-05, 9.326294821221381e-05, 9.769161988515407e-05, 4.708755295723677e-05, 4.3380787246860564e-05, 4.647211972041987e-05, 4.3450723751448095e-05, 4.3045005440944806e-05, 5.2687526476802304e-05, 5.584721657214686e-05, 3.8897043850738555e-05, 3.052043030038476e-05, 4.459291085368022e-05, 3.5794400901068e-05, 2.993551970575936e-05, 3.1465002393815666e-05, 2.4593893613200635e-05, 2.2532381990458816e-05, 1.729693394736387e-05, 1.379916830046568e-05, 9.705638149171136e-06, 6.100461177993566e-06, 5.066736321168719e-06, 4.448654635780258e-06, 4.393115887069143e-06, 3.4516733649070375e-06, 2.2297770101431524e-06, 1.6660596884321421e-06], "lowlevel.melbands.stdev": [0.0042952620424330235, 0.0028458565939217806, 0.0016331096412613988, 0.001971503486856818, 0.0003791731724049896, 0.0004921258660033345, 0.00024564279010519385, 0.00013308404595591128, 0.0003470272058621049, 0.0003404290764592588, 0.0003141887718811631, 0.00018763197294902056, 9.702795796329156e-05, 0.00019318267004564404, 0.00014537024253513664, 5.297827738104388e-05, 4.787645593751222e-05, 6.0014903283445165e-05, 6.336675869533792e-05, 3.426578768994659e-05, 4.100865771761164e-05, 4.602948320098221e-05, 2.879253588616848e-05, 2.0305506041040644e-05, 2.8516422389657237e-05, 2.2708994947606698e-05, 1.8918834030046128e-05, 1.967786010936834e-05, 1.5043074199638795e-05, 1.656533459026832e-05, 1.2944411537318956e-05, 1.2446511391317472e-05, 1.093091213988373e-05, 9.42826591199264e-06, 6.578021839231951e-06, 6.779312116123037e-06, 7.691920473007485e-06, 6.498696166090667e-06, 3.625356612246833e-06, 3.1306778964790283e-06], "lowlevel.melbands128.mean": [0.0002680004690773785, 0.002201732946559787, 0.003916299901902676, 0.0029342107009142637, 0.0019736476242542267, 0.0014925271971151233, 0.0012872806983068585, 0.0009842495201155543, 0.0015260541113093495, 0.0010038242908194661, 0.00033642156631685793, 0.00026915769558399916, 0.00024156800645869225, 0.00015888901543803513, 0.00012037034321110696, 0.0001563132827868685, 0.00018780588288791478, 0.00014564997400157154, 0.00010550599836278707, 0.0001110463053919375, 6.896045670146123e-05, 9.64495848165825e-05, 0.0001692012301646173, 0.00025751758948899806, 0.00011342338257236406, 0.0001423644571332261, 0.0001729796058498323, 0.0001123321708291769, 0.00017108254542108625, 8.736532618058845e-05, 5.060035618953407e-05, 6.499942537629977e-05, 7.904401718406007e-05, 6.63239334244281e-05, 8.603886817581952e-05, 0.00011244176130276173, 7.377586007351056e-05, 0.00015302663086913526, 5.983242954243906e-05, 3.773350908886641e-05, 4.5813612814527005e-05, 5.862717080162838e-05, 4.093344614375383e-05, 3.481211024336517e-05, 5.140712528373115e-05, 4.985307532479055e-05, 3.81043428205885e-05, 4.619114406523295e-05, 4.181828262517229e-05, 4.5130131184123456e-05, 3.534624192980118e-05, 5.095675805932842e-05, 5.849312947248109e-05, 4.888258263235912e-05, 5.1285729568917304e-05, 6.358190876198933e-05, 5.47210693184752e-05, 3.988820026279427e-05, 3.6713619920192286e-05, 2.6846819309866987e-05, 3.062877294723876e-05, 2.922708517871797e-05, 4.431461638887413e-05, 5.3377974836621433e-05, 3.803743311436847e-05, 3.9505044696852565e-05, 2.923553438449744e-05, 2.8229685995029286e-05, 3.293239205959253e-05, 2.923293868661858e-05, 2.8731319616781548e-05, 3.7721983972005546e-05, 2.5841902242973447e-05, 2.2358086425811052e-05, 2.1491900042747147e-05, 2.4455503080389462e-05, 2.2444752175942995e-05, 1.832264752010815e-05, 1.7115109585574828e-05, 1.5922734746709466e-05, 1.381747188133886e-05, 1.4184333849698305e-05, 1.0589448720565997e-05, 1.0220660442428198e-05, 7.765025657135993e-06, 6.417549684556434e-06, 5.252185019344324e-06, 5.745754606323317e-06, 5.149213393451646e-06, 4.610280484484974e-06, 4.43709268438397e-06, 4.3074455788882915e-06, 4.630827788787428e-06, 4.7614362301828805e-06, 4.123422513657715e-06, 3.13942791763111e-06, 3.7298709685273934e-06, 3.3772948881960474e-06, 1.92779384633468e-06, 2.0573245365085313e-06, 1.3543681234295946e-06, 1.7274059018745902e-06, 1.7528013813716825e-06, 1.7760550008460996e-06, 1.3798663758279872e-06, 1.6962467270786874e-06, 1.538416086077632e-06, 1.4787655118198018e-06, 1.388850478178938e-06, 1.01606678981625e-06, 1.9401160500365222e-07, 3.953596561245831e-08, 2.154267164655721e-08, 1.0014614026943036e-08, 6.132910623790622e-09, 5.92963123047241e-10, 8.228680931088306e-11, 7.019868193680612e-12, 5.093072664996701e-12, 4.931663584450963e-12, 4.793860187285448e-12, 4.6800588578144176e-12, 4.5679454142855125e-12, 4.476721944535189e-12, 4.378300673402169e-12, 4.2687572227029236e-12, 4.201155048844107e-12, 4.171836053695754e-12], "lowlevel.melbands128.stdev": [0.00034697348019108176, 0.0034216982312500477, 0.00722177280113101, 0.00574797298759222, 0.0031064176000654697, 0.0015649156412109733, 0.0012526242062449455, 0.0017574956873431802, 0.004259697161614895, 0.002402265788987279, 0.0007866793894208968, 0.00044267656630836427, 0.0004781824245583266, 0.0003688838623929769, 0.0005096062668599188, 0.000933191564399749, 0.0003733757184818387, 0.0002814244362525642, 0.00017740843759384006, 0.0001722427987260744, 0.00016300028073601425, 0.00037924418575130403, 0.000502912444062531, 0.0005384132382459939, 0.0004210571642033756, 0.0005221004830673337, 0.0005078540416434407, 0.000349554349668324, 0.0005514143849723041, 0.00029581127455458045, 0.00015510298544541, 0.00013225591101218015, 0.00014598105917684734, 0.00010534330795053393, 0.0002142163139069453, 0.0003206993860658258, 0.00016346103802789003, 0.0002710841072257608, 0.00011741642811102793, 5.398704161052592e-05, 8.234736742451787e-05, 7.741175795672461e-05, 7.366005593212321e-05, 5.179717481951229e-05, 7.781690510455519e-05, 9.332475019618869e-05, 7.220537372631952e-05, 0.00010518664930714294, 7.343599281739444e-05, 4.911607175017707e-05, 3.923581607523374e-05, 5.192238313611597e-05, 5.950254126219079e-05, 5.396701817517169e-05, 4.949140566168353e-05, 6.374454824253917e-05, 6.038533683749847e-05, 3.826200918410905e-05, 3.4728316677501425e-05, 2.303561268490739e-05, 2.7497206247062422e-05, 2.541608591855038e-05, 3.7280631659086794e-05, 4.355093915364705e-05, 2.8886943255201913e-05, 3.3505584724480286e-05, 2.4216378733399324e-05, 2.2527354303747416e-05, 2.6849589630728588e-05, 2.37560598179698e-05, 2.2183929104357958e-05, 3.0381370379473083e-05, 1.9489672922645696e-05, 1.7863345419755206e-05, 1.6951300494838506e-05, 2.2362515665008686e-05, 1.907416844915133e-05, 1.7247530195163563e-05, 1.5759700545459054e-05, 1.3706718164030463e-05, 1.2998355487070512e-05, 1.6448204405605793e-05, 1.2551200597954448e-05, 1.2210143722768407e-05, 1.1146493307023775e-05, 1.0149023182748351e-05, 1.0268479854858015e-05, 9.283196050091647e-06, 6.730678251187783e-06, 6.2196045291784685e-06, 7.590519089717418e-06, 7.618807558174012e-06, 7.922531949589029e-06, 8.216189598897472e-06, 9.627127838029992e-06, 6.379457317962078e-06, 7.159245797083713e-06, 5.9852413869521115e-06, 4.0215099943452515e-06, 2.7388095986680128e-06, 2.4782525542832445e-06, 4.5457177293428686e-06, 2.791897486531525e-06, 2.2992933281784644e-06, 1.343683038612653e-06, 1.8774394447973464e-06, 1.8357424096393515e-06, 1.689805912974407e-06, 1.3799018461213564e-06, 1.1071508652094053e-06, 5.841500865244598e-07, 3.106054577983741e-07, 2.273478258985051e-07, 1.1010970979441481e-07, 6.761043636061004e-08, 6.656931894610807e-09, 1.4464913711265126e-09, 3.462603467840886e-11, 6.918000027000826e-12, 6.720159151374361e-12, 6.54691535359464e-12, 6.393757918943255e-12, 6.256090263889735e-12, 6.139649118969137e-12, 6.041005369550323e-12, 5.960519838116296e-12, 5.906134956101816e-12, 5.872367262599321e-12], "lowlevel.mfcc.mean": [-575.1090087890625, 75.29244995117188, -4.238541126251221, 36.28907012939453, 4.679249286651611, 11.719958305358887, 8.52724838256836, 7.074090480804443, 5.445638656616211, 2.255094289779663, -0.3737280070781708, 2.4198031425476074, -2.6538469791412354], "lowlevel.spectral_contrast_coeffs.mean": [-0.7165424227714539, -0.7809213399887085, -0.7875568866729736, -0.8063173294067383, -0.8007272481918335, -0.7159075736999512], "lowlevel.spectral_contrast_coeffs.stdev": [0.06621192395687103, 0.06294232606887817, 0.05815998464822769, 0.03433317318558693, 0.02042781561613083, 0.03502854332327843], "lowlevel.spectral_contrast_valleys.mean": [-6.4345703125, -6.695070266723633, -6.934219837188721, -6.873661041259766, -6.331726551055908, -9.246678352355957], "lowlevel.spectral_contrast_valleys.stdev": [0.524666428565979, 0.4920401871204376, 0.49248746037483215, 0.4497564136981964, 0.42168864607810974, 0.4783867597579956], "rhythm.beats_loudness_band_ratio.mean": [0.7571031451225281, 0.07781396061182022, 0.04147227481007576, 0.04842710867524147, 0.055738504976034164, 0.06954753398895264], "rhythm.beats_loudness_band_ratio.stdev": [0.09267358481884003, 0.06644205749034882, 0.03442235663533211, 0.04911990463733673, 0.027777696028351784, 0.031169433146715164], "tonal.hpcp.mean": [0.1047728955745697, 0.06318432092666626, 0.05739675462245941, 0.07115750759840012, 0.059187617152929306, 0.08276147395372391, 0.11123684793710709, 0.07340610772371292, 0.05198456346988678, 0.06511993706226349, 0.08515629917383194, 0.21833132207393646, 0.317789763212204, 0.1996254324913025, 0.09533543139696121, 0.08329443633556366, 0.07301381230354309, 0.14244474470615387, 0.22385507822036743, 0.14203880727291107, 0.04579123854637146, 0.04015587642788887, 0.041103411465883255, 0.04465775191783905, 0.052646297961473465, 0.05933351442217827, 0.10789095610380173, 0.1679658442735672, 0.1882075071334839, 0.1738722324371338, 0.13484273850917816, 0.12614129483699799, 0.24759112298488617, 0.36930030584335327, 0.28326714038848877, 0.1582784205675125], "tonal.hpcp.stdev": [0.22818228602409363, 0.17821012437343597, 0.1295379102230072, 0.16101090610027313, 0.14735759794712067, 0.1559053659439087, 0.20857693254947662, 0.15118975937366486, 0.1342809945344925, 0.1471157819032669, 0.17539101839065552, 0.2826214134693146, 0.3742603659629822, 0.2600409984588623, 0.17860855162143707, 0.1762717068195343, 0.14345796406269073, 0.17983660101890564, 0.2781639099121094, 0.1899339109659195, 0.079084612429142, 0.07353821396827698, 0.07803806662559509, 0.09185322374105453, 0.10412643849849701, 0.13050267100334167, 0.18949845433235168, 0.2541157305240631, 0.27280527353286743, 0.2821865379810333, 0.2232360541820526, 0.20358248054981232, 0.28341662883758545, 0.38695040345191956, 0.30642104148864746, 0.2755011022090912], "rhythm.beats_position": [0.39473921060562134, 0.8126984238624573, 1.2306575775146484, 1.6834466457366943, 2.1594557762145996, 2.635464906692505, 3.111473798751831, 3.5874829292297363, 4.0634918212890625, 4.527891159057617, 4.992290019989014, 5.468299388885498, 5.944308280944824, 6.408707141876221, 6.873106479644775, 7.360725402832031, 7.825124740600586, 8.28952407836914, 8.753922462463379, 9.218321800231934, 9.694331169128418, 10.158729553222656, 10.63473892211914, 11.110748291015625, 11.586756706237793, 12.051156044006348, 12.527165412902832, 13.003174781799316, 13.479183197021484, 13.955192565917969, 14.419591903686523, 14.883990287780762, 15.348389625549316, 15.812788963317871, 16.27718734741211, 16.741586685180664, 17.21759605407715, 17.693605422973633, 18.169614791870117, 18.6456241607666, 19.110021591186523, 19.586030960083008, 20.062040328979492, 20.526439666748047, 20.9908390045166, 21.455238342285156, 21.942855834960938, 22.407255172729492, 22.883264541625977, 23.34766387939453, 23.823673248291016, 24.28807258605957, 24.752471923828125, 25.228479385375977, 25.70448875427246, 26.168888092041016, 26.65650749206543, 27.120906829833984, 27.58530616760254, 28.061315536499023, 28.537322998046875, 29.00172233581543, 29.477731704711914, 29.94213104248047, 30.418140411376953], "rhythm.bpm_histogram": [0.0, 0.0, 0.0, 0.0, 0.0, 0.0, 0.0, 0.0, 0.0, 0.0, 0.0, 0.0, 0.0, 0.0, 0.0, 0.0, 0.0, 0.0, 0.0, 0.0, 0.0, 0.0, 0.0, 0.0, 0.0, 0.0, 0.0, 0.0, 0.0, 0.0, 0.0, 0.0, 0.0, 0.0, 0.0, 0.0, 0.0, 0.0, 0.0, 0.0, 0.0, 0.0, 0.0, 0.0, 0.0, 0.0, 0.0, 0.0, 0.0, 0.0, 0.0, 0.0, 0.0, 0.0, 0.0, 0.0, 0.0, 0.0, 0.0, 0.0, 0.0, 0.0, 0.0, 0.0, 0.0, 0.0, 0.0, 0.0, 0.0, 0.0, 0.0, 0.0, 0.0, 0.0, 0.0, 0.0, 0.0, 0.0, 0.0, 0.0, 0.0, 0.0, 0.0, 0.0, 0.0, 0.0, 0.0, 0.0, 0.0, 0.0, 0.0, 0.0, 0.0, 0.0, 0.0, 0.0, 0.0, 0.0, 0.0, 0.0, 0.0, 0.0, 0.0, 0.0, 0.0, 0.0, 0.0, 0.0, 0.0, 0.0, 0.0, 0.0, 0.0, 0.0, 0.0, 0.0, 0.0, 0.0, 0.0, 0.0, 0.0, 0.0, 0.0, 0.046875, 0.0, 0.0, 0.453125, 0.0, 0.0, 0.453125, 0.0, 0.0, 0.0, 0.015625, 0.0, 0.0, 0.0, 0.0, 0.0, 0.0, 0.0, 0.0, 0.0, 0.0, 0.03125, 0.0, 0.0, 0.0, 0.0, 0.0, 0.0, 0.0, 0.0, 0.0, 0.0, 0.0, 0.0, 0.0, 0.0, 0.0, 0.0, 0.0, 0.0, 0.0, 0.0, 0.0, 0.0, 0.0, 0.0, 0.0, 0.0, 0.0, 0.0, 0.0, 0.0, 0.0, 0.0, 0.0, 0.0, 0.0, 0.0, 0.0, 0.0, 0.0, 0.0, 0.0, 0.0, 0.0, 0.0, 0.0, 0.0, 0.0, 0.0, 0.0, 0.0, 0.0, 0.0, 0.0, 0.0, 0.0, 0.0, 0.0, 0.0, 0.0, 0.0, 0.0, 0.0, 0.0, 0.0, 0.0, 0.0, 0.0, 0.0, 0.0, 0.0, 0.0, 0.0, 0.0, 0.0, 0.0, 0.0, 0.0, 0.0, 0.0, 0.0, 0.0, 0.0, 0.0, 0.0, 0.0, 0.0, 0.0, 0.0, 0.0, 0.0, 0.0, 0.0, 0.0, 0.0, 0.0, 0.0, 0.0, 0.0, 0.0, 0.0, 0.0, 0.0, 0.0, 0.0, 0.0], "tonal.chords_histogram": [7.703927516937256, 0.0, 41.69184112548828, 3.776435136795044, 0.1510574072599411, 4.078549861907959, 0.0, 29.15407943725586, 0.0, 6.4954681396484375, 0.1510574072599411, 0.0, 0.0, 0.0, 0.0, 0.0, 0.0, 0.0, 0.0, 0.0, 0.0, 0.0, 6.797583103179932, 0.0], "tonal.thpcp": [1.0, 0.7670373916625977, 0.42858999967575073, 0.2837064862251282, 0.1710919737815857, 0.15542027354240417, 0.19268196821212769, 0.1602696180343628, 0.22410345077514648, 0.3012097477912903, 0.19877077639102936, 0.1407650113105774, 0.17633329331874847, 0.23058821260929108, 0.5912026762962341, 0.8605185747146606, 0.5405504107475281, 0.25815150141716003, 0.22554662823677063, 0.19770850241184235, 0.38571521639823914, 0.6061599850654602, 0.3846159875392914, 0.12399458885192871, 0.10873501747846603, 0.11130078136920929, 0.12092530727386475, 0.14255687594413757, 0.16066467761993408, 0.2921496629714966, 0.4548218250274658, 0.5096327066421509, 0.4708153009414673, 0.36513030529022217, 0.34156835079193115, 0.6704330444335938], "lowlevel.gfcc.cov": [[1537.2666015625, 94.27763366699219, -59.23231887817383, 41.3255500793457, 26.652267456054688, 46.14524841308594, 39.75851058959961, 25.92119026184082, 16.42795181274414, 21.38485336303711, 17.72114372253418, 36.880001068115234, 18.784822463989258], [94.27763366699219, 244.7577362060547, -76.0492172241211, -15.091774940490723, 26.341114044189453, -50.010597229003906, 20.73248291015625, -26.42192840576172, -7.203372478485107, -3.3162100315093994, 2.738124370574951, -14.8236665725708, 18.770465850830078], [-59.23231887817383, -76.0492172241211, 322.5552978515625, 122.83154296875, 13.538037300109863, 69.40055084228516, -30.257043838500977, 27.231027603149414, 41.18688201904297, 5.037206172943115, 35.82438278198242, 28.55459976196289, 11.791959762573242], [41.3255500793457, -15.091774940490723, 122.83154296875, 154.809326171875, 31.469568252563477, 19.944108963012695, -14.054652214050293, -15.576809883117676, 36.492286682128906, 4.780633449554443, 23.573678970336914, 9.828519821166992, 12.8218355178833], [26.652267456054688, 26.341114044189453, 13.538037300109863, 31.469568252563477, 100.83916473388672, 54.131317138671875, 47.387847900390625, 35.92894744873047, 21.650211334228516, 30.897905349731445, 16.87807273864746, 18.83074378967285, 13.169419288635254], [46.14524841308594, -50.010597229003906, 69.40055084228516, 19.944108963012695, 54.131317138671875, 140.0002899169922, 71.73583984375, 50.18082046508789, 30.34699821472168, 5.878725051879883, 30.687009811401367, 24.578100204467773, 22.21677589416504], [39.75851058959961, 20.73248291015625, -30.257043838500977, -14.054652214050293, 47.387847900390625, 71.73583984375, 127.34130096435547, 77.49967956542969, 29.53708267211914, 29.64404296875, 13.76801586151123, 18.698822021484375, 15.92770004272461], [25.92119026184082, -26.42192840576172, 27.231027603149414, -15.576809883117676, 35.92894744873047, 50.18082046508789, 77.49967956542969, 115.63909912109375, 61.025115966796875, 44.733497619628906, 13.877227783203125, 24.657512664794922, 15.009241104125977], [16.42795181274414, -7.203372478485107, 41.18688201904297, 36.492286682128906, 21.650211334228516, 30.34699821472168, 29.53708267211914, 61.025115966796875, 88.58000946044922, 46.80792999267578, 23.143362045288086, 18.71422576904297, 20.93252944946289], [21.38485336303711, -3.3162100315093994, 5.037206172943115, 4.780633449554443, 30.897905349731445, 5.878725051879883, 29.64404296875, 44.733497619628906, 46.80792999267578, 81.89021301269531, 37.63235855102539, 28.71145248413086, 5.146901607513428], [17.72114372253418, 2.738124370574951, 35.82438278198242, 23.573678970336914, 16.87807273864746, 30.687009811401367, 13.76801586151123, 13.877227783203125, 23.143362045288086, 37.63235855102539, 65.95985412597656, 38.941776275634766, 15.177874565124512], [36.880001068115234, -14.8236665725708, 28.55459976196289, 9.828519821166992, 18.83074378967285, 24.578100204467773, 18.698822021484375, 24.657512664794922, 18.71422576904297, 28.71145248413086, 38.941776275634766, 63.493316650390625, 31.55968475341797], [18.784822463989258, 18.770465850830078, 11.791959762573242, 12.8218355178833, 13.169419288635254, 22.21677589416504, 15.92770004272461, 15.009241104125977, 20.93252944946289, 5.146901607513428, 15.177874565124512, 31.55968475341797, 54.41889190673828]], "lowlevel.gfcc.icov": [[0.0008646063506603241, -0.0013257389655336738, 0.0010893610306084156, -0.001839776523411274, 0.0016970225842669606, -0.002448522485792637, 0.0018536410061642528, -0.0019583050161600113, 0.0015975332353264093, -0.0014516308438032866, 0.001645220909267664, -0.0016642994014546275, 0.0009718973888084292], [-0.0013257389655336738, 0.011908494867384434, -0.004277448635548353, 0.008980541490018368, -0.011617845855653286, 0.015939151868224144, -0.012831988744437695, 0.012123256921768188, -0.009448745287954807, 0.009538517333567142, -0.011474217288196087, 0.009874452836811543, -0.007916606031358242], [0.0010893610306084156, -0.004277448635548353, 0.009936069138348103, -0.011173596605658531, 0.007862437516450882, -0.012241724878549576, 0.012222223915159702, -0.012484685517847538, 0.00796449277549982, -0.005145092960447073, 0.00479881651699543, -0.005604649893939495, 0.0038750816602259874], [-0.001839776523411274, 0.008980541490018368, -0.011173596605658531, 0.02490612305700779, -0.017124583944678307, 0.018845802173018456, -0.016386449337005615, 0.02262989804148674, -0.020878644660115242, 0.013910741545259953, -0.012914609163999557, 0.008756504394114017, -0.005665579345077276], [0.0016970225842669606, -0.011617845855653286, 0.007862437516450882, -0.017124583944678307, 0.030309710651636124, -0.02442304603755474, 0.014067765325307846, -0.01749153807759285, 0.017508674412965775, -0.019758502021431923, 0.016246160492300987, -0.010549342259764671, 0.005816045217216015], [-0.002448522485792637, 0.015939151868224144, -0.012241724878549576, 0.018845802173018456, -0.02442304603755474, 0.041856445372104645, -0.02910866215825081, 0.02113397605717182, -0.02079942636191845, 0.024981796741485596, -0.02471374161541462, 0.0144999073818326, -0.010805578902363777], [0.0018536410061642528, -0.012831988744437695, 0.012222223915159702, -0.016386449337005615, 0.014067765325307846, -0.02910866215825081, 0.03858328238129616, -0.030774831771850586, 0.01991231180727482, -0.01600436493754387, 0.014051397331058979, -0.009695618413388729, 0.006231308914721012], [-0.0019583050161600113, 0.012123256921768188, -0.012484685517847538, 0.02262989804148674, -0.01749153807759285, 0.02113397605717182, -0.030774831771850586, 0.047681089490652084, -0.0313555970788002, 0.010381411761045456, -0.0068470630794763565, 0.004517735913395882, -0.0043019140139222145], [0.0015975332353264093, -0.009448745287954807, 0.00796449277549982, -0.020878644660115242, 0.017508674412965775, -0.02079942636191845, 0.01991231180727482, -0.0313555970788002, 0.044669486582279205, -0.02534477412700653, 0.010783785954117775, -0.0003330354520585388, -0.004624234512448311], [-0.0014516308438032866, 0.009538517333567142, -0.005145092960447073, 0.013910741545259953, -0.019758502021431923, 0.024981796741485596, -0.01600436493754387, 0.010381411761045456, -0.02534477412700653, 0.043549392372369766, -0.02539348602294922, 0.0019439616007730365, 0.0030371523462235928], [0.001645220909267664, -0.011474217288196087, 0.00479881651699543, -0.012914609163999557, 0.016246160492300987, -0.02471374161541462, 0.014051397331058979, -0.0068470630794763565, 0.010783785954117775, -0.02539348602294922, 0.04664522409439087, -0.02547227218747139, 0.00934289675205946], [-0.0016642994014546275, 0.009874452836811543, -0.005604649893939495, 0.008756504394114017, -0.010549342259764671, 0.0144999073818326, -0.009695618413388729, 0.004517735913395882, -0.0003330354520585388, 0.0019439616007730365, -0.02547227218747139, 0.04615924507379532, -0.025176016613841057], [0.0009718973888084292, -0.007916606031358242, 0.0038750816602259874, -0.005665579345077276, 0.005816045217216015, -0.010805578902363777, 0.006231308914721012, -0.0043019140139222145, -0.004624234512448311, 0.0030371523462235928, 0.00934289675205946, -0.025176016613841057, 0.03711920231580734]], "lowlevel.mfcc.cov": [[1198.2864990234375, 69.75592041015625, -116.77237701416016, 29.292505264282227, -36.08028030395508, 30.988502502441406, 10.136627197265625, 25.803546905517578, 26.421627044677734, -5.836755752563477, 20.214920043945312, 17.547494888305664, 19.409244537353516], [69.75592041015625, 239.4411163330078, -119.7569351196289, 7.8126397132873535, -39.86674880981445, -21.15059471130371, 15.098149299621582, -21.761510848999023, 12.137967109680176, -17.295562744140625, 4.40882682800293, 0.09074842929840088, 2.512673854827881], [-116.77237701416016, -119.7569351196289, 317.5700378417969, 40.020416259765625, 95.22084045410156, 28.046491622924805, -21.267375946044922, 28.220109939575195, -28.9149227142334, 24.340822219848633, -4.333897590637207, -8.59754467010498, -3.456052780151367], [29.292505264282227, 7.8126397132873535, 40.020416259765625, 124.67723083496094, 30.921804428100586, 9.691222190856934, -27.448843002319336, -20.132244110107422, 0.13498836755752563, -8.238636016845703, 7.911194801330566, 13.71286392211914, 12.671401977539062], [-36.08028030395508, -39.86674880981445, 95.22084045410156, 30.921804428100586, 103.02513885498047, 34.980255126953125, -2.833008289337158, 12.737078666687012, -6.077582359313965, 17.90631866455078, 3.631425142288208, -0.3518277108669281, 0.6627230644226074], [30.988502502441406, -21.15059471130371, 28.046491622924805, 9.691222190856934, 34.980255126953125, 78.73957824707031, 35.23887252807617, 25.495119094848633, -0.6476544737815857, 10.899195671081543, 6.452678680419922, -3.7442803382873535, 5.229629039764404], [10.136627197265625, 15.098149299621582, -21.267375946044922, -27.448843002319336, -2.833008289337158, 35.23887252807617, 92.46580505371094, 48.05042266845703, 20.67909812927246, 16.404386520385742, 13.552664756774902, 11.173331260681152, 8.92379379272461], [25.803546905517578, -21.761510848999023, 28.220109939575195, -20.132244110107422, 12.737078666687012, 25.495119094848633, 48.05042266845703, 84.66481018066406, 39.61286926269531, 33.52583694458008, 10.655720710754395, -3.0678625106811523, 4.457546710968018], [26.421627044677734, 12.137967109680176, -28.9149227142334, 0.13498836755752563, -6.077582359313965, -0.6476544737815857, 20.67909812927246, 39.61286926269531, 80.00213623046875, 42.12813949584961, 21.439205169677734, 8.875965118408203, 10.093674659729004], [-5.836755752563477, -17.295562744140625, 24.340822219848633, -8.238636016845703, 17.90631866455078, 10.899195671081543, 16.404386520385742, 33.52583694458008, 42.12813949584961, 71.60291290283203, 31.171852111816406, 6.653207302093506, 3.3206825256347656], [20.214920043945312, 4.40882682800293, -4.333897590637207, 7.911194801330566, 3.631425142288208, 6.452678680419922, 13.552664756774902, 10.655720710754395, 21.439205169677734, 31.171852111816406, 57.85661697387695, 33.97782897949219, 16.222457885742188], [17.547494888305664, 0.09074842929840088, -8.59754467010498, 13.71286392211914, -0.3518277108669281, -3.7442803382873535, 11.173331260681152, -3.0678625106811523, 8.875965118408203, 6.653207302093506, 33.97782897949219, 69.18778991699219, 38.191463470458984], [19.409244537353516, 2.512673854827881, -3.456052780151367, 12.671401977539062, 0.6627230644226074, 5.229629039764404, 8.92379379272461, 4.457546710968018, 10.093674659729004, 3.3206825256347656, 16.222457885742188, 38.191463470458984, 58.988800048828125]], "lowlevel.mfcc.icov": [[0.0009355779620818794, -0.00018625747179612517, 0.00037857459392398596, -0.000305270281387493, 0.0003399708366487175, -0.000700263015460223, 0.000639250036329031, -0.0008415672346018255, 0.000114434864372015, 0.00016253783542197198, -0.0001591441541677341, -0.0002543391310609877, -7.292811915249331e-06], [-0.00018625747179612517, 0.0057220617309212685, 0.0016695988597348332, -0.001262128702364862, -0.00011035452189389616, 0.001897347392514348, -0.002581679495051503, 0.0018172531854361296, -0.0007385698845610023, 0.0009735283092595637, -0.001310415449552238, 0.0021049175411462784, -0.0006580980261787772], [0.00037857459392398596, 0.0016695988597348332, 0.006137496326118708, -0.0018488706555217505, -0.0034239671658724546, 0.0007538406644016504, 0.0015465402975678444, -0.003823083359748125, 0.004217144567519426, -0.0024668851401656866, 0.000682045123539865, 0.00015111819084268063, -0.0002805095864459872], [-0.000305270281387493, -0.001262128702364862, -0.0018488706555217505, 0.011511341668665409, -0.002567246789112687, -0.0028090504929423332, 0.0034049300011247396, 0.0031144688837230206, -0.004372991155833006, 0.004012035671621561, -0.0018631028942763805, -0.0013843333581462502, -0.0009683819953352213], [0.0003399708366487175, -0.00011035452189389616, -0.0034239671658724546, -0.002567246789112687, 0.016768204048275948, -0.006503465585410595, 0.0020970201585441828, -0.0008251964463852346, 0.0014145890017971396, -0.003865213133394718, 0.0016750586219131947, -0.00189441186375916, 0.001118389656767249], [-0.000700263015460223, 0.001897347392514348, 0.0007538406644016504, -0.0028090504929423332, -0.006503465585410595, 0.022027863189578056, -0.00963632296770811, -0.001172589953057468, 0.00376682891510427, -0.0005149189964868128, -0.0029524804558604956, 0.006443325895816088, -0.00351149495691061], [0.000639250036329031, -0.002581679495051503, 0.0015465402975678444, 0.0034049300011247396, 0.0020970201585441828, -0.00963632296770811, 0.02273985557258129, -0.011884363368153572, 0.0010933591984212399, 0.00040569971315562725, 0.00016339620924554765, -0.006406034808605909, 0.001440191175788641], [-0.0008415672346018255, 0.0018172531854361296, -0.003823083359748125, 0.0031144688837230206, -0.0008251964463852346, -0.001172589953057468, -0.011884363368153572, 0.02819325029850006, -0.011883757077157497, -0.0014652160461992025, 5.474654244608246e-05, 0.004984602797776461, -0.00203921040520072], [0.000114434864372015, -0.0007385698845610023, 0.004217144567519426, -0.004372991155833006, 0.0014145890017971396, 0.00376682891510427, 0.0010933591984212399, -0.011883757077157497, 0.027347497642040253, -0.013905609957873821, 0.0005283508216962218, -0.00029880637885071337, -0.002285514259710908], [0.00016253783542197198, 0.0009735283092595637, -0.0024668851401656866, 0.004012035671621561, -0.003865213133394718, -0.0005149189964868128, 0.00040569971315562725, -0.0014652160461992025, -0.013905609957873821, 0.031380489468574524, -0.014892593026161194, 0.004186347126960754, 0.0010352203389629722], [-0.0001591441541677341, -0.001310415449552238, 0.000682045123539865, -0.0018631028942763805, 0.0016750586219131947, -0.0029524804558604956, 0.00016339620924554765, 5.474654244608246e-05, 0.0005283508216962218, -0.014892593026161194, 0.034978609532117844, -0.017143147066235542, 0.0029900313820689917], [-0.0002543391310609877, 0.0021049175411462784, 0.00015111819084268063, -0.0013843333581462502, -0.00189441186375916, 0.006443325895816088, -0.006406034808605909, 0.004984602797776461, -0.00029880637885071337, 0.004186347126960754, -0.017143147066235542, 0.03387380763888359, -0.017058394849300385], [-7.292811915249331e-06, -0.0006580980261787772, -0.0002805095864459872, -0.0009683819953352213, 0.001118389656767249, -0.00351149495691061, 0.001440191175788641, -0.00203921040520072, -0.002285514259710908, 0.0010352203389629722, 0.0029900313820689917, -0.017058394849300385, 0.027964087203145027]], "metadata.audio_properties.analysis.downmix": "mix", "metadata.audio_properties.codec": "mp3", "metadata.audio_properties.md5_encoded": "1d264064d9a889893aec23add0a0b81c", "metadata.tags.file_name": "1182280578406551562.mp3", "metadata.version.essentia": "2.1-beta6-dev", "metadata.version.essentia_git_sha": "v2.1_beta5-1110-g77a6a954", "metadata.version.extractor": "music 2.0", "tonal.chords_key": "Ab", "tonal.chords_scale": "minor", "tonal.key_edma.key": "C#", "tonal.key_edma.scale": "minor", "tonal.key_krumhansl.key": "C#", "tonal.key_krumhansl.scale": "minor", "tonal.key_temperley.key": "C#", "tonal.key_temperley.scale": "minor", "metadata.tags.encoding": ["Lavf58.45.100"]}, "essentia_models": [{"model_name": "genre_dortmund", "activations": {"alternative": "0.025716413", "blues": "0.0014200828", "electronic": "0.007969072", "folkcountry": "0.0015454686", "funksoulrnb": "0.0017598188", "ja