{"song_id": "1182269944562450442", "download": "https://cdn.discordapp.com/attachments/1135903449314238464/1182269944562450442/chirp.mp4?ex=658415b0&amp", "lyrics": "\u039d\u03b1 \u03c0\u03ac\u03c1\u03c9 \u03b8\u03ad\u03bb\u03c9 \u03c4\u03b7\u03bd \u03b1\u03c0\u03cc\u03c6\u03b1\u03c3\u03b7\n\u03ba\u03b1\u03b9 \u03b8\u03b1 \u03c0\u03ac\u03c9 \u03c3\u03c4' \u03cc\u03bc\u03bf\u03c1\u03c6\u03bf \u03bd\u03b7\u03c3\u03af\n\u03b8\u03ad\u03bb\u03c9 \u03bd\u03b1 \u03c4\u03b7\u03c2 \u03c0\u03c9 \u03c0\u03c9\u03c2 \u03c4\u03b7\u03bd \u03b1\u03b3\u03b1\u03c0\u03ce\n\u03ba\u03b1\u03b9 \u03bc\u03b9\u03b1 \u03bc\u03ad\u03c1\u03b1 \u03b8\u03b1 \u03c4\u03b7\u03bd \u03c0\u03b1\u03bd\u03c4\u03c1\u03b5\u03c5\u03c4\u03ce\n\u03bc\u03b5\u03c2 \u03c4\u03b7\u03bd \u0399\u03ba\u03b1\u03c1\u03b9\u03ac \u03bc\u03b9\u03b1 \u03b3\u03bb\u03c5\u03ba\u03b9\u03ac \u03b2\u03c1\u03b1\u03b4\u03b9\u03ac\n\u03b8\u03b1 \u03c4\u03bf \u03ba\u03ac\u03c8\u03bf\u03c5\u03bc\u03b5 \u03bc\u03b5 \u03c4\u03b1 \u03b2\u03b9\u03bf\u03bb\u03b9\u03ac\n\u039a\u03b1\u03b9 \u03b8\u03b1 \u03c7\u03bf\u03c1\u03ad\u03c8\u03bf\u03c5\u03bc\u03b5 \u03bc\u03b1\u03b6\u03af \u03ba\u03b9 \u03bf\u03b9 \u03b4\u03c5\u03bf\n\u03c4\u03bf \u03c3\u03ba\u03bf\u03c0\u03cc \u03c4\u03bf\u03bd \u0399\u03ba\u03b1\u03c1\u03b9\u03ce\u03c4\u03b9\u03ba\u03bf\n\u03b8\u03b1 \u03b3\u03bb\u03b5\u03bd\u03c4\u03ae\u03c3\u03bf\u03c5\u03bc\u03b5, \u03b8\u03b1 \u03bc\u03b5\u03b8\u03cd\u03c3\u03bf\u03c5\u03bc\u03b5\n\u03c4\u03bf\u03c5\u03c2 \u03ba\u03b1\u03b7\u03bc\u03bf\u03cd\u03c2 \u03b8\u03b1 \u03bb\u03b7\u03c3\u03bc\u03bf\u03bd\u03ae\u03c3\u03bf\u03c5\u03bc\u03b5\n\u03bc\u03b5\u03c2 \u03c4\u03b7\u03bd \u0399\u03ba\u03b1\u03c1\u03b9\u03ac \u03ba\u03b1\u03b9 \u03c3\u03b1\u03bd \u03c4\u03b1 \u03c0\u03bf\u03c5\u03bb\u03b9\u03ac\n\u03b8\u03b1 '\u03c7\u03bf\u03c5\u03bc\u03b5 \u03ba\u03b9 \u03bf\u03b9 \u03b4\u03c5\u03bf \u03b6\u03b5\u03c3\u03c4\u03ae \u03c6\u03c9\u03bb\u03b9\u03ac", "style": ["Low bap"], "essentia_features": {"lowlevel.average_loudness": 0.7909221053123474, "lowlevel.barkbands_crest.mean": 12.52217960357666, "lowlevel.barkbands_crest.stdev": 3.8257577419281006, "lowlevel.barkbands_flatness_db.mean": 0.32225853204727173, "lowlevel.barkbands_flatness_db.stdev": 0.06289704144001007, "lowlevel.barkbands_kurtosis.mean": 7.8767194747924805, "lowlevel.barkbands_kurtosis.stdev": 8.636143684387207, "lowlevel.barkbands_skewness.mean": 1.8822754621505737, "lowlevel.barkbands_skewness.stdev": 1.2855252027511597, "lowlevel.barkbands_spread.mean": 5.201183795928955, "lowlevel.barkbands_spread.stdev": 4.618569374084473, "lowlevel.dissonance.mean": 0.37395045161247253, "lowlevel.dissonance.stdev": 0.06021759659051895, "lowlevel.dynamic_complexity": 3.879493474960327, "lowlevel.erbbands_crest.mean": 12.98955249786377, "lowlevel.erbbands_crest.stdev": 4.695067405700684, "lowlevel.erbbands_flatness_db.mean": 0.3365078568458557, "lowlevel.erbbands_flatness_db.stdev": 0.061552174389362335, "lowlevel.erbbands_kurtosis.mean": 2.3015828132629395, "lowlevel.erbbands_kurtosis.stdev": 3.2234034538269043, "lowlevel.erbbands_skewness.mean": 0.9695864319801331, "lowlevel.erbbands_skewness.stdev": 0.9236642122268677, "lowlevel.erbbands_spread.mean": 14.671907424926758, "lowlevel.erbbands_spread.stdev": 11.557955741882324, "lowlevel.hfc.mean": 9.741048812866211, "lowlevel.hfc.stdev": 13.547377586364746, "lowlevel.loudness_ebu128.integrated": -18.270769119262695, "lowlevel.loudness_ebu128.loudness_range": 4.985467910766602, "lowlevel.loudness_ebu128.momentary.mean": -19.214662551879883, "lowlevel.loudness_ebu128.momentary.stdev": 2.938218116760254, "lowlevel.loudness_ebu128.short_term.mean": -18.55840492248535, "lowlevel.loudness_ebu128.short_term.stdev": 1.7206125259399414, "lowlevel.melbands_crest.mean": 14.96954345703125, "lowlevel.melbands_crest.stdev": 4.826513767242432, "lowlevel.melbands_flatness_db.mean": 0.3801422417163849, "lowlevel.melbands_flatness_db.stdev": 0.08534859865903854, "lowlevel.melbands_kurtosis.mean": 10.956012725830078, "lowlevel.melbands_kurtosis.stdev": 12.697402000427246, "lowlevel.melbands_skewness.mean": 2.0940563678741455, "lowlevel.melbands_skewness.stdev": 1.4184263944625854, "lowlevel.melbands_spread.mean": 7.221346378326416, "lowlevel.melbands_spread.stdev": 6.515853404998779, "lowlevel.pitch_salience.mean": 0.5293782949447632, "lowlevel.pitch_salience.stdev": 0.10636578500270844, "lowlevel.silence_rate_20dB.mean": 1.0, "lowlevel.silence_rate_20dB.stdev": 0.0, "lowlevel.silence_rate_30dB.mean": 0.9971031546592712, "lowlevel.silence_rate_30dB.stdev": 0.05374550074338913, "lowlevel.silence_rate_60dB.mean": 0.09791425615549088, "lowlevel.silence_rate_60dB.stdev": 0.2971983850002289, "lowlevel.spectral_centroid.mean": 523.3525390625, "lowlevel.spectral_centroid.stdev": 319.4817199707031, "lowlevel.spectral_complexity.mean": 8.172074317932129, "lowlevel.spectral_complexity.stdev": 3.0418038368225098, "lowlevel.spectral_decrease.mean": -4.272539655403307e-09, "lowlevel.spectral_decrease.stdev": 4.614524762303063e-09, "lowlevel.spectral_energy.mean": 0.017009073868393898, "lowlevel.spectral_energy.stdev": 0.01856720820069313, "lowlevel.spectral_energyband_high.mean": 1.4515349903376773e-05, "lowlevel.spectral_energyband_high.stdev": 4.69032529508695e-05, "lowlevel.spectral_energyband_low.mean": 0.00020985072478652, "lowlevel.spectral_energyband_low.stdev": 0.00033037643879652023, "lowlevel.spectral_energyband_middle_high.mean": 0.003703575348481536, "lowlevel.spectral_energyband_middle_high.stdev": 0.008365471847355366, "lowlevel.spectral_energyband_middle_low.mean": 0.013515794649720192, "lowlevel.spectral_energyband_middle_low.stdev": 0.013917231932282448, "lowlevel.spectral_entropy.mean": 6.047070026397705, "lowlevel.spectral_entropy.stdev": 0.5506044030189514, "lowlevel.spectral_flux.mean": 0.04213609918951988, "lowlevel.spectral_flux.stdev": 0.03324595093727112, "lowlevel.spectral_kurtosis.mean": 41.22676086425781, "lowlevel.spectral_kurtosis.stdev": 39.664306640625, "lowlevel.spectral_rms.mean": 0.0036167860962450504, "lowlevel.spectral_rms.stdev": 0.0018743167165666819, "lowlevel.spectral_rolloff.mean": 707.1631469726562, "lowlevel.spectral_rolloff.stdev": 658.5164184570312, "lowlevel.spectral_skewness.mean": 4.288034915924072, "lowlevel.spectral_skewness.stdev": 2.0318315029144287, "lowlevel.spectral_spread.mean": 1940414.75, "lowlevel.spectral_spread.stdev": 1572401.5, "lowlevel.spectral_strongpeak.mean": 1.282859206199646, "lowlevel.spectral_strongpeak.stdev": 1.3153952360153198, "lowlevel.zerocrossingrate.mean": 0.027113471180200577, "lowlevel.zerocrossingrate.stdev": 0.02479594014585018, "metadata.audio_properties.analysis.equal_loudness": 0.0, "metadata.audio_properties.analysis.length": 40.04265213012695, "metadata.audio_properties.analysis.sample_rate": 44100.0, "metadata.audio_properties.analysis.start_time": 0.0, "metadata.audio_properties.bit_rate": 107641.0, "metadata.audio_properties.length": 40.042667388916016, "metadata.audio_properties.lossless": 0.0, "metadata.audio_properties.number_channels": 1.0, "metadata.audio_properties.replay_gain": -10.94644546508789, "metadata.audio_properties.sample_rate": 48000.0, "rhythm.beats_count": 61.0, "rhythm.beats_loudness.mean": 0.0393529012799263, "rhythm.beats_loudness.stdev": 0.02571243979036808, "rhythm.bpm": 91.6815414428711, "rhythm.bpm_histogram_first_peak_bpm": 94.0, "rhythm.bpm_histogram_first_peak_weight": 0.7450980544090271, "rhythm.bpm_histogram_second_peak_bpm": 89.0, "rhythm.bpm_histogram_second_peak_spread": 0.0, "rhythm.bpm_histogram_second_peak_weight": 0.15000000596046448, "rhythm.danceability": 1.1379234790802002, "rhythm.onset_rate": 3.3953804969787598, "tonal.chords_changes_rate": 0.06365741044282913, "tonal.chords_number_rate": 0.008101851679384708, "tonal.chords_strength.mean": 0.4853050112724304, "tonal.chords_strength.stdev": 0.07078847289085388, "tonal.hpcp_crest.mean": 18.51173210144043, "tonal.hpcp_crest.stdev": 7.724992752075195, "tonal.hpcp_entropy.mean": 1.366367220878601, "tonal.hpcp_entropy.stdev": 0.623113751411438, "tonal.key_edma.strength": 0.7340778708457947, "tonal.key_krumhansl.strength": 0.7324512004852295, "tonal.key_temperley.strength": 0.7351359128952026, "tonal.tuning_diatonic_strength": 0.5794342756271362, "tonal.tuning_equal_tempered_deviation": 0.026514053344726562, "tonal.tuning_frequency": 438.47772216796875, "tonal.tuning_nontempered_energy_ratio": 0.6229177117347717, "lowlevel.barkbands.mean": [4.4006296207044215e-07, 3.0105136374913855e-06, 8.605272887507454e-05, 0.0004292667144909501, 0.0030976023990660906, 0.004469532053917646, 0.0005578333511948586, 0.002997393487021327, 0.0011379523202776909, 0.0020309763494879007, 0.00040868984069675207, 0.0006598573527298868, 0.0006597274914383888, 0.00016471781418658793, 0.00015449244529008865, 9.122004121309146e-05, 3.209917122148909e-05, 5.547628916247049e-06, 4.161810466030147e-06, 4.784147222380852e-06, 1.7965567167266272e-06, 5.0982193897652905e-06, 4.402779268275481e-06, 2.092476051984704e-06, 2.489792336746177e-07, 8.440462551106975e-08, 1.6470999009143839e-09], "lowlevel.barkbands.stdev": [7.37970538011723e-07, 7.218447990453569e-06, 0.00019721729040611535, 0.0005796203622594476, 0.00363491871394217, 0.006504733581095934, 0.0010498752817511559, 0.006437607575207949, 0.00399640342220664, 0.006128794513642788, 0.001878223498351872, 0.002354292431846261, 0.0026177421677857637, 0.0006788031314499676, 0.0007148052100092173, 0.0003308131417725235, 7.782487955410033e-05, 1.858606810856145e-05, 1.1297240234853234e-05, 9.908249012369197e-06, 4.170497959421482e-06, 1.5195957530522719e-05, 2.0201794541208073e-05, 8.368837370653637e-06, 1.1541586673047277e-06, 4.811826670447772e-07, 1.5228456717863992e-08], "lowlevel.erbbands.mean": [7.517174526583403e-05, 0.002149832434952259, 0.06899145990610123, 0.7213477492332458, 2.8060615062713623, 11.003159523010254, 37.43543243408203, 29.55547332763672, 9.607710838317871, 28.30443000793457, 63.916996002197266, 31.880098342895508, 50.087894439697266, 44.45110321044922, 24.75070571899414, 32.59199523925781, 31.221664428710938, 10.901448249816895, 10.781641960144043, 4.8833818435668945, 3.6598920822143555, 1.5681123733520508, 0.5388770699501038, 0.16904209554195404, 0.30313512682914734, 0.19543308019638062, 0.062790147960186, 0.09270324558019638, 0.19389434158802032, 0.16220822930335999, 0.11291219294071198, 0.07421185076236725, 0.01799894869327545, 0.004218006040900946, 0.0012428974732756615, 0.0005388910067267716, 0.00013246675371192396, 1.2019273526675534e-05, 8.696534678165335e-06, 1.939750109158922e-05], "lowlevel.erbbands.stdev": [0.00010627287701936439, 0.0038641353603452444, 0.13530932366847992, 0.9173659086227417, 3.3710973262786865, 11.7861328125, 67.01515197753906, 44.084407806396484, 15.542947769165039, 43.68379211425781, 171.70355224609375, 102.86380767822266, 164.8916015625, 176.89315795898438, 89.6633071899414, 106.78860473632812, 121.44617462158203, 37.74280548095703, 55.09132766723633, 13.657221794128418, 11.473129272460938, 3.805070638656616, 1.392106294631958, 0.5612048506736755, 0.6878926157951355, 0.41158196330070496, 0.15236897766590118, 0.20931237936019897, 0.5252819061279297, 0.6950915455818176, 0.4995732307434082, 0.31755849719047546, 0.07197243720293045, 0.01885928027331829, 0.005840187426656485, 0.0029134529177099466, 0.0007747493800707161, 9.002504521049559e-05, 9.473174031882081e-06, 2.1394111172412522e-05], "lowlevel.gfcc.mean": [-169.4861602783203, 184.40122985839844, -147.32640075683594, -28.021730422973633, -79.25859832763672, -27.939348220825195, -48.721012115478516, -36.185020446777344, -11.384774208068848, -29.66205596923828, -7.289098739624023, -14.637197494506836, -3.8129515647888184], "lowlevel.melbands.mean": [5.993068725729245e-07, 2.88531300611794e-05, 0.00018781152903102338, 0.0004444108053576201, 0.0011940374970436096, 0.0006985319778323174, 0.00012542904005385935, 0.0003776135272346437, 0.0004879098560195416, 0.0001718210696708411, 0.000249014439759776, 0.00018808567256201059, 6.647430564044043e-05, 8.577250991947949e-05, 8.774646266829222e-05, 4.297681516618468e-05, 1.796134347387124e-05, 1.793335104594007e-05, 6.4239720813930035e-06, 7.731148798484355e-06, 3.501390665405779e-06, 1.7202132767124567e-06, 9.610633924239664e-07, 2.0900475306007138e-07, 1.1567323809913432e-07, 1.656581218867359e-07, 2.8630111614802445e-07, 8.683477403792494e-08, 3.4525609038382754e-08, 3.8681527314565756e-08, 5.6702230466498804e-08, 1.1167738023232232e-07, 1.0193192423457731e-07, 8.712520127573953e-08, 6.600559743219492e-08, 5.94851776725136e-08, 3.872168363727724e-08, 1.4111944501848939e-08, 4.6366679384846066e-09, 2.9484188424078184e-09], "lowlevel.melbands.stdev": [1.2776431503880303e-06, 5.434493505163118e-05, 0.0002265841467306018, 0.0004547710996121168, 0.0019103222293779254, 0.0010122638195753098, 0.00022613767941948026, 0.0005719245527870953, 0.0012708097929134965, 0.0005927665624767542, 0.0008224450284615159, 0.0007957686902955174, 0.0002941992715932429, 0.00030757352942600846, 0.00029776350129395723, 0.00016370427329093218, 7.637199450982735e-05, 0.00010127906716661528, 2.1689447748940438e-05, 3.0200670153135434e-05, 1.1216209713893477e-05, 4.436217750480864e-06, 2.830416406141012e-06, 5.946989745098108e-07, 4.853910127167183e-07, 4.328881004767027e-07, 5.897131813981105e-07, 2.079924854569981e-07, 9.392994826384893e-08, 9.243913012824123e-08, 1.3366992845931236e-07, 2.9658048106284696e-07, 3.5866364100911596e-07, 4.191710445411445e-07, 3.0125281114123936e-07, 2.6099911565324874e-07, 1.7000742502659705e-07, 5.799215330171137e-08, 1.9710014953489008e-08, 1.4425446615007331e-08], "lowlevel.melbands128.mean": [1.684528996293011e-07, 2.3790613568053232e-07, 5.379923777582007e-07, 1.7160050447273534e-06, 1.4546070815413259e-05, 5.255672658677213e-05, 0.00010628189193084836, 0.00026898097712546587, 0.00024268976994790137, 0.00034229946322739124, 0.0005655452259816229, 0.0010395864956080914, 0.0013408336089923978, 0.0014920213725417852, 0.0007734906976111233, 0.00022744876332581043, 0.00016872260312084109, 9.31654722080566e-05, 7.574124174425378e-05, 0.00033531885128468275, 0.0004708830965682864, 0.0006199102499522269, 0.0005749810952693224, 0.0002359523787163198, 0.0002378537319600582, 5.21369329362642e-05, 0.00022279602126218379, 0.00033932531368918717, 0.0001551915192976594, 0.00034519293694756925, 0.00013523746747523546, 1.9833698388538323e-05, 7.308186468435451e-05, 9.597092139301822e-05, 5.906113074161112e-05, 0.0001131118624471128, 8.136130782077089e-05, 5.49624310224317e-05, 0.00013742491137236357, 6.296831998042762e-05, 1.6271702406811528e-05, 1.642495408304967e-05, 2.3653288735658862e-05, 1.573743429617025e-05, 6.739766376995249e-06, 3.077636210946366e-05, 1.4453669791691937e-05, 4.131621608394198e-06, 2.8010808819090016e-06, 6.8112981352896895e-06, 1.1464471754152328e-05, 5.00201304021175e-06, 2.766005309240427e-06, 4.044457000418333e-06, 2.2921412892173976e-06, 1.1936489272557083e-06, 1.2426102102836012e-06, 1.7000592151816818e-06, 4.882850248577597e-07, 3.4453475450391124e-07, 2.1077858036733232e-07, 1.0055644139583819e-07, 1.2375627989058557e-07, 1.2229752144321537e-07, 9.651711252445239e-08, 1.4271512327468372e-07, 2.1628493129810522e-07, 2.6980512757290853e-07, 3.9218963365783566e-07, 1.9221373293021315e-07, 5.7531245545305865e-08, 4.52077912882487e-08, 3.3229508034082755e-08, 3.274029225508457e-08, 3.420011296384473e-08, 3.826003691642654e-08, 3.891606326078545e-08, 4.701264444406661e-08, 5.842439421144263e-08, 5.748070108779757e-08, 1.1662829990655155e-07, 1.3264306630844658e-07, 1.145279497904994e-07, 9.865905070682857e-08, 8.798780015695229e-08, 9.909938825103382e-08, 7.325777318101245e-08, 8.860408229338645e-08, 6.482382275407872e-08, 5.435907013406904e-08, 5.5947847243942306e-08, 6.639275795805588e-08, 5.378768364039388e-08, 4.269002928936061e-08, 2.6330514657502135e-08, 1.9344389201592094e-08, 1.1803824584433187e-08, 5.969100769220859e-09, 4.6418424659577795e-09, 3.7167420252615102e-09, 3.523234148872234e-09, 2.9147460001155423e-09, 2.2791903919738843e-09, 1.171676755618023e-09, 1.0887480916821346e-09, 1.2122207682097041e-09, 1.2463270415707939e-09, 1.0490208701696702e-09, 8.618960545270227e-10, 8.014873209560847e-10, 7.188256656576186e-10, 5.10717468316102e-10, 3.475429666277563e-10, 2.2370154340034532e-10, 1.516941294799068e-10, 9.236775927456975e-11, 4.4835447854385535e-11, 6.210264073824856e-12, 2.7032584070524335e-12, 2.6261948345152053e-12, 2.56448009529342e-12, 2.5149552579373236e-12, 2.4645136192241734e-12, 2.4199871707236698e-12, 2.3492922017476214e-12, 2.2559567061652963e-12, 2.2017214440506194e-12, 2.1848044207128936e-12], "lowlevel.melbands128.stdev": [2.9546208679676056e-07, 5.908713092139806e-07, 1.3424299822872854e-06, 4.600596639647847e-06, 3.4035667340504006e-05, 0.00012076132406946272, 0.00016014724678825587, 0.000370288296835497, 0.0003483288746792823, 0.0006118864985182881, 0.0006748455343768001, 0.0015161674236878753, 0.003294010180979967, 0.002481118543073535, 0.0013919947668910027, 0.00035155718796886504, 0.0003072128747589886, 0.0003478832950349897, 0.0002139857824658975, 0.0006645090179517865, 0.0007596569485031068, 0.0020397689659148455, 0.0018372726626694202, 0.0009913960238918662, 0.0011642781319096684, 0.00031039092573337257, 0.0011357114417478442, 0.0013388588558882475, 0.0006860027206130326, 0.0016383733600378036, 0.0006787639576941729, 7.869570981711149e-05, 0.0004932759329676628, 0.00041832937858998775, 0.0002999677381012589, 0.0005925822770223022, 0.0003397731634322554, 0.00028264019056223333, 0.0006660005892626941, 0.00034987195977009833, 8.497951057506725e-05, 8.760747732594609e-05, 0.0001325605990132317, 7.636503869434819e-05, 4.41922529716976e-05, 0.00022225957945920527, 6.948802911210805e-05, 2.6904772312263958e-05, 9.190865966957062e-06, 2.7196809242013842e-05, 6.11468349234201e-05, 2.006477734539658e-05, 1.2406424502842128e-05, 1.941768277902156e-05, 6.372424650180619e-06, 4.182441443845164e-06, 4.797111159859924e-06, 5.568192136706784e-06, 2.362143050049781e-06, 1.3270599765746738e-06, 6.63356786390068e-07, 4.250626091106824e-07, 7.21631181477278e-07, 5.205581032896589e-07, 3.0972427111919387e-07, 4.116949696708616e-07, 7.856469892431051e-07, 7.277697022800567e-07, 9.350038681077422e-07, 5.569698942053947e-07, 1.7160269294436148e-07, 1.5911463435713813e-07, 1.1236586061613707e-07, 1.0080151469082921e-07, 9.665046718509984e-08, 1.0166931474486773e-07, 1.0266523986501852e-07, 1.1271826139136465e-07, 1.710349977201986e-07, 1.4005480863943376e-07, 3.426199555178755e-07, 4.339867984981538e-07, 2.887559560349473e-07, 4.306036487378151e-07, 3.664127063984779e-07, 5.863268484063155e-07, 3.315148831006809e-07, 5.449756486086699e-07, 3.0125141847747727e-07, 2.845676476681547e-07, 2.7184506734556635e-07, 2.788289066302241e-07, 2.197454591623682e-07, 2.1840440922460402e-07, 1.2319628694967832e-07, 8.47257766167786e-08, 5.056424257077197e-08, 2.6061382385478282e-08, 2.345059080255396e-08, 1.7285891829033062e-08, 1.8136647739197542e-08, 1.4537577364137633e-08, 1.2136152527375543e-08, 6.368415572666208e-09, 5.509266820524772e-09, 6.444095479452017e-09, 7.363193166298743e-09, 6.029882371194617e-09, 5.018939486234331e-09, 5.230525790267393e-09, 4.561393485147391e-09, 2.9800713008398816e-09, 2.6716475698407294e-09, 1.8186150363419529e-09, 1.5105450223984462e-09, 1.0375660330907976e-09, 5.478667519653868e-10, 4.530669589497549e-11, 5.738660848603194e-12, 5.580395086995926e-12, 5.4543509465931894e-12, 5.34161864046423e-12, 5.22348787487803e-12, 5.135281956614168e-12, 5.059902583731679e-12, 5.000973159891009e-12, 4.956916387771626e-12, 4.9301795285172645e-12], "lowlevel.mfcc.mean": [-803.8172607421875, 213.02500915527344, -16.662199020385742, -14.408597946166992, -21.351171493530273, -10.60910701751709, -39.75059127807617, -11.351500511169434, -26.890357971191406, -12.80873966217041, -22.192304611206055, -10.866029739379883, -7.432684421539307], "lowlevel.spectral_contrast_coeffs.mean": [-0.506835401058197, -0.6639763116836548, -0.7224739789962769, -0.7680462002754211, -0.7843964099884033, -0.7619458436965942], "lowlevel.spectral_contrast_coeffs.stdev": [0.08910981565713882, 0.07715418189764023, 0.08725274354219437, 0.06353999674320221, 0.04632067307829857, 0.07594311982393265], "lowlevel.spectral_contrast_valleys.mean": [-8.503704071044922, -7.223804473876953, -8.240663528442383, -8.94265079498291, -10.15942668914795, -13.412635803222656], "lowlevel.spectral_contrast_valleys.stdev": [0.9639183878898621, 0.855180025100708, 0.9003131985664368, 0.9103972911834717, 1.0536116361618042, 1.2148834466934204], "rhythm.beats_loudness_band_ratio.mean": [0.028989087790250778, 0.5134026408195496, 0.2942260801792145, 0.17188315093517303, 0.0177959892898798, 0.0007411146652884781], "rhythm.beats_loudness_band_ratio.stdev": [0.054337337613105774, 0.26629921793937683, 0.1676771193742752, 0.20811820030212402, 0.027061758562922478, 0.0007256123935803771], "tonal.hpcp.mean": [0.14451465010643005, 0.08942675590515137, 0.04069092869758606, 0.05411270260810852, 0.04073576256632805, 0.017450997605919838, 0.02235456556081772, 0.030123472213745117, 0.23091356456279755, 0.4583737552165985, 0.2552097737789154, 0.016490856185555458, 0.009766161441802979, 0.018187152221798897, 0.15150320529937744, 0.2942284047603607, 0.1694776862859726, 0.01970006711781025, 0.014242131263017654, 0.019598349928855896, 0.15531474351882935, 0.42162877321243286, 0.2953825294971466, 0.12533535063266754, 0.20831845700740814, 0.10702954977750778, 0.013396080583333969, 0.011701750569045544, 0.02304346300661564, 0.1038629338145256, 0.16800184547901154, 0.09429506957530975, 0.02007652260363102, 0.011502559296786785, 0.020022781565785408, 0.08991657942533493], "tonal.hpcp.stdev": [0.27806851267814636, 0.18773016333580017, 0.12387096881866455, 0.15764467418193817, 0.13208913803100586, 0.07531110942363739, 0.09824590384960175, 0.10919361561536789, 0.23623988032341003, 0.3825163245201111, 0.2430398166179657, 0.07192634791135788, 0.04851237311959267, 0.0807252749800682, 0.23782244324684143, 0.405171662569046, 0.25279566645622253, 0.08362764120101929, 0.07090073078870773, 0.08009734749794006, 0.19580447673797607, 0.42892447113990784, 0.32008370757102966, 0.18759644031524658, 0.29780152440071106, 0.16303019225597382, 0.06467801332473755, 0.056915443390607834, 0.09625601768493652, 0.20670542120933533, 0.274275541305542, 0.16999898850917816, 0.0977775976061821, 0.0616479329764843, 0.08630714565515518, 0.18517735600471497], "rhythm.beats_position": [0.7082086205482483, 1.3931972980499268, 2.0665760040283203, 2.739954710006714, 3.4017233848571777, 4.0634918212890625, 4.736870765686035, 5.39863920211792, 6.048798084259033, 6.710566997528076, 7.372335433959961, 8.010884284973145, 8.661043167114258, 9.299592018127441, 9.938140869140625, 10.599908828735352, 11.261677742004395, 11.923446655273438, 12.59682559967041, 13.258593559265137, 13.93197250366211, 14.593741416931152, 15.255510330200195, 15.905668258666992, 16.555828094482422, 17.20598602294922, 17.879364013671875, 18.552743911743164, 19.22612190246582, 19.85306167602539, 20.503219604492188, 21.153377532958984, 21.803537368774414, 22.45369529724121, 23.11546516418457, 23.754013061523438, 24.392560958862305, 25.031110763549805, 25.6812686920166, 26.308208465576172, 26.95836639404297, 27.59691619873047, 28.235464096069336, 28.885623931884766, 29.512561798095703, 30.13949966430664, 30.77804946899414, 31.416597366333008, 32.04353713989258, 32.670475006103516, 33.29741287231445, 33.924354553222656, 34.53968048095703, 35.166622161865234, 35.80516815185547, 36.43210983276367, 37.05904769897461, 37.68598556518555, 38.32453536987305, 38.96308135986328, 39.590023040771484], "rhythm.bpm_histogram": [0.0, 0.0, 0.0, 0.0, 0.0, 0.0, 0.0, 0.0, 0.0, 0.0, 0.0, 0.0, 0.0, 0.0, 0.0, 0.0, 0.0, 0.0, 0.0, 0.0, 0.0, 0.0, 0.0, 0.0, 0.0, 0.0, 0.0, 0.0, 0.0, 0.0, 0.0, 0.0, 0.0, 0.0, 0.0, 0.0, 0.0, 0.0, 0.0, 0.0, 0.0, 0.0, 0.0, 0.0, 0.0, 0.0, 0.0, 0.0, 0.0, 0.0, 0.0, 0.0, 0.0, 0.0, 0.0, 0.0, 0.0, 0.0, 0.0, 0.0, 0.0, 0.0, 0.0, 0.0, 0.0, 0.0, 0.0, 0.0, 0.0, 0.0, 0.0, 0.0, 0.0, 0.0, 0.0, 0.0, 0.0, 0.0, 0.0, 0.0, 0.0, 0.0, 0.0, 0.0, 0.0, 0.0, 0.0, 0.0, 0.01666666753590107, 0.13333334028720856, 0.0, 0.20000000298023224, 0.20000000298023224, 0.0, 0.21666666865348816, 0.0, 0.21666666865348816, 0.0, 0.01666666753590107, 0.0, 0.0, 0.0, 0.0, 0.0, 0.0, 0.0, 0.0, 0.0, 0.0, 0.0, 0.0, 0.0, 0.0, 0.0, 0.0, 0.0, 0.0, 0.0, 0.0, 0.0, 0.0, 0.0, 0.0, 0.0, 0.0, 0.0, 0.0, 0.0, 0.0, 0.0, 0.0, 0.0, 0.0, 0.0, 0.0, 0.0, 0.0, 0.0, 0.0, 0.0, 0.0, 0.0, 0.0, 0.0, 0.0, 0.0, 0.0, 0.0, 0.0, 0.0, 0.0, 0.0, 0.0, 0.0, 0.0, 0.0, 0.0, 0.0, 0.0, 0.0, 0.0, 0.0, 0.0, 0.0, 0.0, 0.0, 0.0, 0.0, 0.0, 0.0, 0.0, 0.0, 0.0, 0.0, 0.0, 0.0, 0.0, 0.0, 0.0, 0.0, 0.0, 0.0, 0.0, 0.0, 0.0, 0.0, 0.0, 0.0, 0.0, 0.0, 0.0, 0.0, 0.0, 0.0, 0.0, 0.0, 0.0, 0.0, 0.0, 0.0, 0.0, 0.0, 0.0, 0.0, 0.0, 0.0, 0.0, 0.0, 0.0, 0.0, 0.0, 0.0, 0.0, 0.0, 0.0, 0.0, 0.0, 0.0, 0.0, 0.0, 0.0, 0.0, 0.0, 0.0, 0.0, 0.0, 0.0, 0.0, 0.0, 0.0, 0.0, 0.0, 0.0, 0.0, 0.0, 0.0, 0.0, 0.0, 0.0, 0.0, 0.0, 0.0, 0.0, 0.0, 0.0, 0.0, 0.0, 0.0, 0.0, 0.0], "tonal.chords_histogram": [12.5, 28.703702926635742, 34.02777862548828, 0.0, 3.125, 0.0, 0.0, 0.0, 0.0, 0.0, 0.0, 0.0, 0.0, 0.0, 0.0, 0.0, 0.0, 0.0, 0.0, 0.0, 0.0, 15.162036895751953, 4.0509257316589355, 2.430555582046509], "tonal.thpcp": [1.0, 0.5567722320556641, 0.03597687557339668, 0.021306108683347702, 0.039677560329437256, 0.3305233120918274, 0.6418962478637695, 0.3697368800640106, 0.04297817498445511, 0.031070999801158905, 0.04275626689195633, 0.3388386368751526, 0.9198362231254578, 0.6444141268730164, 0.2734348177909851, 0.45447292923927307, 0.23349842429161072, 0.02922523394227028, 0.025528840720653534, 0.05027221143245697, 0.22659005224704742, 0.36651715636253357, 0.2057165503501892, 0.04379945993423462, 0.025094280019402504, 0.043682217597961426, 0.1961643248796463, 0.3152768909931183, 0.1950957179069519, 0.08877237886190414, 0.11805366724729538, 0.08887019008398056, 0.03807154670357704, 0.04876929521560669, 0.0657181441783905, 0.5037670135498047], "lowlevel.gfcc.cov": [[5573.7060546875, -1709.1785888671875, -1091.259765625, 532.9815063476562, -1422.42724609375, 791.3921508789062, 22.337356567382812, -275.0020751953125, 228.96157836914062, -157.45423889160156, 68.70661926269531, 29.793302536010742, 43.51963806152344], [-1709.1785888671875, 2132.7548828125, 238.88308715820312, -702.191650390625, 1196.7474365234375, -668.5224609375, 274.3680725097656, 43.888893127441406, -61.294593811035156, -78.11563110351562, 11.771742820739746, -154.577880859375, 13.028665542602539], [-1091.259765625, 238.88308715820312, 658.702880859375, 50.13544464111328, 239.09059143066406, -88.68965911865234, -121.16893768310547, 137.96820068359375, -172.4903106689453, 84.75831604003906, -88.49950408935547, 5.138649940490723, -57.40267562866211], [532.9815063476562, -702.191650390625, 50.13544464111328, 739.1577758789062, -340.1756286621094, 228.6610870361328, -226.544677734375, -73.2760009765625, 97.31610870361328, -16.036964416503906, -76.82902526855469, -20.768905639648438, -21.68755340576172], [-1422.42724609375, 1196.7474365234375, 239.09059143066406, -340.1756286621094, 957.2266845703125, -452.15496826171875, 56.86495590209961, 104.56192779541016, -99.1916732788086, 55.70182800292969, -55.268714904785156, -110.24285125732422, -16.837739944458008], [791.3921508789062, -668.5224609375, -88.68965911865234, 228.6610870361328, -452.15496826171875, 495.7453308105469, 13.667461395263672, -53.649261474609375, -8.784773826599121, -43.371986389160156, -20.560684204101562, 0.9518287777900696, -38.89238739013672], [22.337356567382812, 274.3680725097656, -121.16893768310547, -226.544677734375, 56.86495590209961, 13.667461395263672, 293.01226806640625, 23.887786865234375, -41.68788146972656, -65.64458465576172, 52.513954162597656, 4.25880765914917, -13.947234153747559], [-275.0020751953125, 43.888893127441406, 137.96820068359375, -73.2760009765625, 104.56192779541016, -53.649261474609375, 23.887786865234375, 185.65768432617188, -79.1791000366211, 48.062686920166016, -2.234957218170166, 8.672998428344727, -30.94930648803711], [228.96157836914062, -61.294593811035156, -172.4903106689453, 97.31610870361328, -99.1916732788086, -8.784773826599121, -41.68788146972656, -79.1791000366211, 209.10252380371094, -29.90078353881836, 9.167243957519531, -19.884260177612305, 40.96388626098633], [-157.45423889160156, -78.11563110351562, 84.75831604003906, -16.036964416503906, 55.70182800292969, -43.371986389160156, -65.64458465576172, 48.062686920166016, -29.90078353881836, 163.91705322265625, -15.524490356445312, -16.491065979003906, -11.086116790771484], [68.70661926269531, 11.771742820739746, -88.49950408935547, -76.82902526855469, -55.268714904785156, -20.560684204101562, 52.513954162597656, -2.234957218170166, 9.167243957519531, -15.524490356445312, 117.30644226074219, 40.72439193725586, 17.647809982299805], [29.793302536010742, -154.577880859375, 5.138649940490723, -20.768905639648438, -110.24285125732422, 0.9518287777900696, 4.25880765914917, 8.672998428344727, -19.884260177612305, -16.491065979003906, 40.72439193725586, 114.12020874023438, 21.63847541809082], [43.51963806152344, 13.028665542602539, -57.40267562866211, -21.68755340576172, -16.837739944458008, -38.89238739013672, -13.947234153747559, -30.94930648803711, 40.96388626098633, -11.086116790771484, 17.647809982299805, 21.63847541809082, 75.49552917480469]], "lowlevel.gfcc.icov": [[0.0005002212128601968, -0.0006320025422610343, 0.0011550564086064696, -0.00037890454404987395, 0.001072103506885469, -0.00035233283415436745, 0.0004955415497533977, -0.00045648959348909557, 0.0007068839040584862, -0.0004158004594501108, 0.0005591811495833099, -0.00019549229182302952, 3.28252135659568e-05], [-0.0006320025422610343, 0.007185814902186394, -0.004879981279373169, 0.0030081826262176037, -0.006431386340409517, 0.0033231270499527454, -0.004386247601360083, 0.004099557641893625, -0.003199342405423522, 0.005363388452678919, -0.0034119333140552044, 0.005890731234103441, -0.0009415231761522591], [0.0011550564086064696, -0.004879981279373169, 0.007493490818887949, -0.0026163661386817694, 0.004606720991432667, -0.0021867866162210703, 0.004359964281320572, -0.004065399989485741, 0.004718192387372255, -0.0036707802210003138, 0.004011692479252815, -0.004519773181527853, 0.0014206751948222518], [-0.00037890454404987395, 0.0030081826262176037, -0.0026163661386817694, 0.003942737355828285, -0.002225002273917198, 0.0007781065651215613, -0.00012181869533378631, 0.0018736516358330846, -0.002412747358903289, 0.0029878211207687855, -0.0008062860579229891, 0.002900929655879736, 0.0005976912216283381], [0.001072103506885469, -0.006431386340409517, 0.004606720991432667, -0.002225002273917198, 0.00950093474239111, -0.00043815106619149446, 0.0035447750706225634, -0.003867268329486251, 0.004357267636805773, -0.0043466966599226, 0.004376379773020744, -0.001846775645390153, 0.0008219220908358693], [-0.00035233283415436745, 0.0033231270499527454, -0.0021867866162210703, 0.0007781065651215613, -0.00043815106619149446, 0.006575771141797304, -0.0030825373250991106, 0.0024558345321565866, 0.00027558833244256675, 0.0029429313726723194, -0.0002924382279161364, 0.004685736261308193, 0.0009255384211428463], [0.0004955415497533977, -0.004386247601360083, 0.004359964281320572, -0.00012181869533378631, 0.0035447750706225634, -0.0030825373250991106, 0.009227889589965343, -0.003615019377321005, 0.0029850259888917208, -0.0007018885225988925, 0.0007331435335800052, -0.0031669640447944403, 0.002190370811149478], [-0.00045648959348909557, 0.004099557641893625, -0.004065399989485741, 0.0018736516358330846, -0.003867268329486251, 0.0024558345321565866, -0.003615019377321005, 0.010262313298881054, -0.0008645334164611995, 0.0012652698205783963, -0.00238010729663074, 0.0023978683166205883, 0.0014686007052659988], [0.0007068839040584862, -0.003199342405423522, 0.004718192387372255, -0.002412747358903289, 0.004357267636805773, 0.00027558833244256675, 0.0029850259888917208, -0.0008645334164611995, 0.010599473491311073, -0.001482641906477511, 0.0017984509468078613, 0.00039032017230056226, -0.002151464344933629], [-0.0004158004594501108, 0.005363388452678919, -0.0036707802210003138, 0.0029878211207687855, -0.0043466966599226, 0.0029429313726723194, -0.0007018885225988925, 0.0012652698205783963, -0.001482641906477511, 0.012139104306697845, -0.002728792605921626, 0.006309006363153458, -0.00026633680681698024], [0.0005591811495833099, -0.0034119333140552044, 0.004011692479252815, -0.0008062860579229891, 0.004376379773020744, -0.0002924382279161364, 0.0007331435335800052, -0.00238010729663074, 0.0017984509468078613, -0.002728792605921626, 0.014203319326043129, -0.005871424917131662, 5.640627568936907e-05], [-0.00019549229182302952, 0.005890731234103441, -0.004519773181527853, 0.002900929655879736, -0.001846775645390153, 0.004685736261308193, -0.0031669640447944403, 0.0023978683166205883, 0.00039032017230056226, 0.006309006363153458, -0.005871424917131662, 0.019590960815548897, -0.004635176155716181], [3.28252135659568e-05, -0.0009415231761522591, 0.0014206751948222518, 0.0005976912216283381, 0.0008219220908358693, 0.0009255384211428463, 0.002190370811149478, 0.0014686007052659988, -0.002151464344933629, -0.00026633680681698024, 5.640627568936907e-05, -0.004635176155716181, 0.01875172182917595]], "lowlevel.mfcc.cov": [[5075.41064453125, -1788.0894775390625, -469.4232177734375, -154.8949432373047, -1094.16455078125, 601.19775390625, -383.5367126464844, 269.76885986328125, -217.67356872558594, 218.28424072265625, -112.204833984375, 118.81299591064453, -170.27627563476562], [-1788.0894775390625, 2265.15673828125, -314.0789489746094, -89.39512634277344, 518.580322265625, -349.3485107421875, 325.1534423828125, -35.6660270690918, 128.948486328125, -73.53795623779297, 80.37388610839844, -56.293155670166016, 56.52853775024414], [-469.4232177734375, -314.0789489746094, 512.2938842773438, 62.82121658325195, 64.43727111816406, -19.48931312561035, 54.48887252807617, -19.530532836914062, 11.628777503967285, -47.62205123901367, 8.697750091552734, -24.30857276916504, 1.6015639305114746], [-154.8949432373047, -89.39512634277344, 62.82121658325195, 371.5876159667969, 181.66671752929688, -11.857039451599121, -101.10742950439453, -54.602149963378906, 19.8250732421875, 9.072556495666504, -48.3582649230957, 0.04467318207025528, 18.59138298034668], [-1094.16455078125, 518.580322265625, 64.43727111816406, 181.66671752929688, 556.7192993164062, -131.96971130371094, 47.693782806396484, -132.69656372070312, 84.30339050292969, -5.753779888153076, 15.228737831115723, -35.3604850769043, 19.639944076538086], [601.19775390625, -349.3485107421875, -19.48931312561035, -11.857039451599121, -131.96971130371094, 286.4390869140625, -64.63632202148438, 16.346450805664062, -4.510261058807373, 50.53668975830078, -41.96527099609375, 6.668120384216309, -64.98247528076172], [-383.5367126464844, 325.1534423828125, 54.48887252807617, -101.10742950439453, 47.693782806396484, -64.63632202148438, 363.1459655761719, 57.4158821105957, 31.400842666625977, -59.623069763183594, 90.2806625366211, 8.251581192016602, -16.50314712524414], [269.76885986328125, -35.6660270690918, -19.530532836914062, -54.602149963378906, -132.69656372070312, 16.346450805664062, 57.4158821105957, 199.07835388183594, -5.480191230773926, -33.533447265625, -10.277579307556152, 16.80982208251953, 15.014747619628906], [-217.67356872558594, 128.948486328125, 11.628777503967285, 19.8250732421875, 84.30339050292969, -4.510261058807373, 31.400842666625977, -5.480191230773926, 114.73400115966797, 15.056570053100586, 0.1488589197397232, 1.211444616317749, 6.21830940246582], [218.28424072265625, -73.53795623779297, -47.62205123901367, 9.072556495666504, -5.753779888153076, 50.53668975830078, -59.623069763183594, -33.533447265625, 15.056570053100586, 148.23977661132812, 10.901773452758789, 0.3321446180343628, -19.674535751342773], [-112.204833984375, 80.37388610839844, 8.697750091552734, -48.3582649230957, 15.228737831115723, -41.96527099609375, 90.2806625366211, -10.277579307556152, 0.1488589197397232, 10.901773452758789, 116.04532623291016, 12.544047355651855, -13.463281631469727], [118.81299591064453, -56.293155670166016, -24.30857276916504, 0.04467318207025528, -35.3604850769043, 6.668120384216309, 8.251581192016602, 16.80982208251953, 1.211444616317749, 0.3321446180343628, 12.544047355651855, 100.00779724121094, 23.708690643310547], [-170.27627563476562, 56.52853775024414, 1.6015639305114746, 18.59138298034668, 19.639944076538086, -64.98247528076172, -16.50314712524414, 15.014747619628906, 6.21830940246582, -19.674535751342773, -13.463281631469727, 23.708690643310547, 99.75]], "lowlevel.mfcc.icov": [[0.0006147111998870969, 0.00027728345594368875, 0.0005645075580105186, -0.00015953558613546193, 0.0006564937648363411, -0.00031770640634931624, 9.810035408008844e-05, -0.00042116432450711727, 0.00031138851772993803, -0.0004547714488580823, 0.00012584522482939065, -0.00028900385950692, 0.0006328265881165862], [0.00027728345594368875, 0.0011410152073949575, 0.00108087039552629, 0.0003398959233891219, -0.0005634547560475767, 0.0005643818876706064, -0.0006174551672302186, -0.00025425347848795354, -0.0003421716683078557, -3.699658691402874e-06, 0.00024915102403610945, 0.00037533207796514034, 0.00012575539585668594], [0.0005645075580105186, 0.00108087039552629, 0.0033437733072787523, -0.0003006071492563933, -3.974588980781846e-05, 0.00010291620128555223, -0.0008180944132618606, -0.00013798118743579835, -0.00026115842047147453, 0.000457597867352888, -1.016149326460436e-05, 0.000767269404605031, 0.00023652992967981845], [-0.00015953558613546193, 0.0003398959233891219, -0.0003006071492563933, 0.004104638006538153, -0.0019986757542937994, 0.0002728966355789453, 0.0007876133895479143, -7.61393821449019e-05, -9.916244016494602e-05, 8.691496623214334e-05, 0.0011136737884953618, -0.0005612826207652688, -0.0002050335460808128], [0.0006564937648363411, -0.0005634547560475767, -3.974588980781846e-05, -0.0019986757542937994, 0.004855030681937933, 0.0001685152528807521, -0.0001560964883537963, 0.0015377227682620287, -0.0011849063448607922, -0.000515950785484165, -2.528416007407941e-05, 0.0002250304096378386, 0.0006248945137485862], [-0.00031770640634931624, 0.0005643818876706064, 0.00010291620128555223, 0.0002728966355789453, 0.0001685152528807521, 0.006196878384798765, -0.0001679678534856066, -1.2257375601620879e-05, -0.0011780307395383716, -0.0010082877706736326, 0.0023250833619385958, -0.0007020736229605973, 0.003418418811634183], [9.810035408008844e-05, -0.0006174551672302186, -0.0008180944132618606, 0.0007876133895479143, -0.0001560964883537963, -0.0001679678534856066, 0.005222821142524481, -0.0016821547178551555, -0.0008471639011986554, 0.0015380585100501776, -0.0032178533729165792, -0.000811080273706466, 0.0015369582688435912], [-0.00042116432450711727, -0.00025425347848795354, -0.00013798118743579835, -7.61393821449019e-05, 0.0015377227682620287, -1.2257375601620879e-05, -0.0016821547178551555, 0.007409322075545788, -0.0008741774363443255, 0.0012800766853615642, 0.0011716613080352545, 5.002016041544266e-05, -0.0018095552222803235], [0.00031138851772993803, -0.0003421716683078557, -0.00026115842047147453, -9.916244016494602e-05, -0.0011849063448607922, -0.0011780307395383716, -0.0008471639011986554, -0.0008741774363443255, 0.011071392334997654, -0.0021630669943988323, 0.0010457270545884967, -0.0008743124199099839, -0.0005624438053928316], [-0.0004547714488580823, -3.699658691402874e-06, 0.000457597867352888, 8.691496623214334e-05, -0.000515950785484165, -0.0010082877706736326, 0.0015380585100501776, 0.0012800766853615642, -0.0021630669943988323, 0.009229487739503384, -0.002710755215957761, 0.0004842952766921371, 0.0001830319524742663], [0.00012584522482939065, 0.00024915102403610945, -1.0161