{"song_id": "1182277060807372810", "download": "https://cdn.discordapp.com/attachments/1128313332273782784/1182277060807372810/chirp.mp4?ex=65841c50&amp", "lyrics": "[Instrumental introduction]\n[verse 1]\n\u042f \u043d\u0430\u0432\u0441\u0435\u0433\u0434\u0430 \u0437\u0430\u043f\u043e\u043c\u043d\u044e \u043d\u043e\u0447\u044c,\n\u041a\u043e\u0433\u0434\u0430 \u0432\u0441\u0451 \u044d\u0442\u043e \u043d\u0430\u0447\u0430\u043b\u043e\u0441\u044c\n\u041f\u043e\u0434 \u0443\u0442\u0440\u043e \u044f \u0441 \u0443\u043c\u0430 \u0441\u043e\u0448\u043b\u0430\n\u0417\u0430\u0447\u0435\u043c \u0436\u0435 \u044f \u0442\u0435\u0431\u044f \u043d\u0430\u0448\u043b\u0430!?", "style": ["Joyful positive instrumental pop electronica"], "essentia_features": {"lowlevel.average_loudness": 0.9604015350341797, "lowlevel.barkbands_crest.mean": 11.822802543640137, "lowlevel.barkbands_crest.stdev": 4.041094779968262, "lowlevel.barkbands_flatness_db.mean": 0.22146965563297272, "lowlevel.barkbands_flatness_db.stdev": 0.053917959332466125, "lowlevel.barkbands_kurtosis.mean": 7.485164165496826, "lowlevel.barkbands_kurtosis.stdev": 7.157777786254883, "lowlevel.barkbands_skewness.mean": 2.085721254348755, "lowlevel.barkbands_skewness.stdev": 1.0462242364883423, "lowlevel.barkbands_spread.mean": 13.779818534851074, "lowlevel.barkbands_spread.stdev": 16.318401336669922, "lowlevel.dissonance.mean": 0.4043930470943451, "lowlevel.dissonance.stdev": 0.03983880579471588, "lowlevel.dynamic_complexity": 2.504091501235962, "lowlevel.erbbands_crest.mean": 11.957376480102539, "lowlevel.erbbands_crest.stdev": 5.526434421539307, "lowlevel.erbbands_flatness_db.mean": 0.2505074143409729, "lowlevel.erbbands_flatness_db.stdev": 0.05946030467748642, "lowlevel.erbbands_kurtosis.mean": 2.897148609161377, "lowlevel.erbbands_kurtosis.stdev": 5.27965784072876, "lowlevel.erbbands_skewness.mean": 1.2004703283309937, "lowlevel.erbbands_skewness.stdev": 0.934512197971344, "lowlevel.erbbands_spread.mean": 28.003910064697266, "lowlevel.erbbands_spread.stdev": 23.968618392944336, "lowlevel.hfc.mean": 19.487308502197266, "lowlevel.hfc.stdev": 18.977785110473633, "lowlevel.loudness_ebu128.integrated": -18.601688385009766, "lowlevel.loudness_ebu128.loudness_range": 1.276632308959961, "lowlevel.loudness_ebu128.momentary.mean": -19.0379638671875, "lowlevel.loudness_ebu128.momentary.stdev": 1.9548779726028442, "lowlevel.loudness_ebu128.short_term.mean": -18.438936233520508, "lowlevel.loudness_ebu128.short_term.stdev": 0.4101931154727936, "lowlevel.melbands_crest.mean": 15.629340171813965, "lowlevel.melbands_crest.stdev": 4.836643218994141, "lowlevel.melbands_flatness_db.mean": 0.26326829195022583, "lowlevel.melbands_flatness_db.stdev": 0.06861624866724014, "lowlevel.melbands_kurtosis.mean": 13.412559509277344, "lowlevel.melbands_kurtosis.stdev": 10.764567375183105, "lowlevel.melbands_skewness.mean": 2.5572378635406494, "lowlevel.melbands_skewness.stdev": 0.915306568145752, "lowlevel.melbands_spread.mean": 16.405742645263672, "lowlevel.melbands_spread.stdev": 24.237529754638672, "lowlevel.pitch_salience.mean": 0.5747995376586914, "lowlevel.pitch_salience.stdev": 0.09414364397525787, "lowlevel.silence_rate_20dB.mean": 1.0, "lowlevel.silence_rate_20dB.stdev": 0.0, "lowlevel.silence_rate_30dB.mean": 0.9969651103019714, "lowlevel.silence_rate_30dB.stdev": 0.05500604584813118, "lowlevel.silence_rate_60dB.mean": 0.003034901339560747, "lowlevel.silence_rate_60dB.stdev": 0.05500653386116028, "lowlevel.spectral_centroid.mean": 812.2424926757812, "lowlevel.spectral_centroid.stdev": 472.2314147949219, "lowlevel.spectral_complexity.mean": 12.67223072052002, "lowlevel.spectral_complexity.stdev": 3.2078239917755127, "lowlevel.spectral_decrease.mean": -5.571167971396562e-09, "lowlevel.spectral_decrease.stdev": 4.344229420638612e-09, "lowlevel.spectral_energy.mean": 0.022794438526034355, "lowlevel.spectral_energy.stdev": 0.017246171832084656, "lowlevel.spectral_energyband_high.mean": 0.0007273042574524879, "lowlevel.spectral_energyband_high.stdev": 0.0017229527002200484, "lowlevel.spectral_energyband_low.mean": 0.00015590708062518388, "lowlevel.spectral_energyband_low.stdev": 0.00019260114640928805, "lowlevel.spectral_energyband_middle_high.mean": 0.003488027723506093, "lowlevel.spectral_energyband_middle_high.stdev": 0.006213952787220478, "lowlevel.spectral_energyband_middle_low.mean": 0.018558934330940247, "lowlevel.spectral_energyband_middle_low.stdev": 0.01535826362669468, "lowlevel.spectral_entropy.mean": 6.911009311676025, "lowlevel.spectral_entropy.stdev": 0.5771365761756897, "lowlevel.spectral_flux.mean": 0.05069442093372345, "lowlevel.spectral_flux.stdev": 0.032439813017845154, "lowlevel.spectral_kurtosis.mean": 10.23492431640625, "lowlevel.spectral_kurtosis.stdev": 10.890584945678711, "lowlevel.spectral_rms.mean": 0.004432180430740118, "lowlevel.spectral_rms.stdev": 0.0016106643015518785, "lowlevel.spectral_rolloff.mean": 1668.67626953125, "lowlevel.spectral_rolloff.stdev": 2467.124267578125, "lowlevel.spectral_skewness.mean": 2.353410005569458, "lowlevel.spectral_skewness.stdev": 0.9473693370819092, "lowlevel.spectral_spread.mean": 5039402.0, "lowlevel.spectral_spread.stdev": 3486449.5, "lowlevel.spectral_strongpeak.mean": 1.7255818843841553, "lowlevel.spectral_strongpeak.stdev": 1.4096161127090454, "lowlevel.zerocrossingrate.mean": 0.06168200075626373, "lowlevel.zerocrossingrate.stdev": 0.0654730275273323, "metadata.audio_properties.analysis.equal_loudness": 0.0, "metadata.audio_properties.analysis.length": 15.273605346679688, "metadata.audio_properties.analysis.sample_rate": 44100.0, "metadata.audio_properties.analysis.start_time": 0.0, "metadata.audio_properties.bit_rate": 114984.0, "metadata.audio_properties.length": 15.274666786193848, "metadata.audio_properties.lossless": 0.0, "metadata.audio_properties.number_channels": 1.0, "metadata.audio_properties.replay_gain": -9.083087921142578, "metadata.audio_properties.sample_rate": 48000.0, "rhythm.beats_count": 39.0, "rhythm.beats_loudness.mean": 0.026760783046483994, "rhythm.beats_loudness.stdev": 0.021045561879873276, "rhythm.bpm": 154.70851135253906, "rhythm.bpm_histogram_first_peak_bpm": 157.0, "rhythm.bpm_histogram_first_peak_weight": 0.0, "rhythm.bpm_histogram_second_peak_bpm": 172.0, "rhythm.bpm_histogram_second_peak_spread": 0.0, "rhythm.bpm_histogram_second_peak_weight": 0.21052631735801697, "rhythm.danceability": 1.340525507926941, "rhythm.onset_rate": 3.5316414833068848, "tonal.chords_changes_rate": 0.03030303120613098, "tonal.chords_number_rate": 0.00909090880304575, "tonal.chords_strength.mean": 0.5613523721694946, "tonal.chords_strength.stdev": 0.04936095327138901, "tonal.hpcp_crest.mean": 18.17705535888672, "tonal.hpcp_crest.stdev": 6.466579437255859, "tonal.hpcp_entropy.mean": 1.3321329355239868, "tonal.hpcp_entropy.stdev": 0.4809694290161133, "tonal.key_edma.strength": 0.7143780589103699, "tonal.key_krumhansl.strength": 0.6959697008132935, "tonal.key_temperley.strength": 0.6657437086105347, "tonal.tuning_diatonic_strength": 0.5003278255462646, "tonal.tuning_equal_tempered_deviation": 0.010777108371257782, "tonal.tuning_frequency": 441.0177917480469, "tonal.tuning_nontempered_energy_ratio": 0.5939277410507202, "lowlevel.barkbands.mean": [1.163966658168647e-06, 3.376595032023033e-06, 9.950993990059942e-05, 0.00015343670384027064, 0.0031298070680350065, 0.003629602724686265, 0.003717530984431505, 0.0036876732483506203, 0.004006459377706051, 0.0012177340686321259, 0.0006658027996309102, 0.00036039308179169893, 0.0004481624055188149, 0.0002382175443926826, 0.0004224003932904452, 0.00013766560005024076, 5.117124965181574e-05, 2.2927190002519637e-05, 5.630650048260577e-05, 4.921418440062553e-05, 4.0836916014086455e-05, 2.3625061658094637e-05, 8.426040585618466e-05, 0.00023649359354749322, 0.00027509653591550887, 3.5355995350982994e-05, 2.285549385305785e-07], "lowlevel.barkbands.stdev": [1.6235833300015656e-06, 4.698253633250715e-06, 0.0001532500609755516, 0.00020702146866824478, 0.00485574034973979, 0.0043245647102594376, 0.003509730799123645, 0.005209391470998526, 0.012180677615106106, 0.00588116142898798, 0.0008807966369204223, 0.0003657213819678873, 0.0005219107260927558, 0.00028430475504137576, 0.00047084837569855154, 0.00021676105097867548, 9.701857925392687e-05, 6.008897616993636e-05, 9.249732102034613e-05, 9.618064359528944e-05, 7.870549598010257e-05, 9.24663690966554e-05, 0.0002485348377376795, 0.0006444428581744432, 0.0008201026357710361, 0.00012882812006864697, 1.1739593901438639e-06], "lowlevel.erbbands.mean": [9.005120227811858e-05, 0.002244919538497925, 0.07048440724611282, 0.37076911330223083, 2.6813769340515137, 12.616813659667969, 23.267620086669922, 30.14206886291504, 57.78516387939453, 80.04073333740234, 49.47616958618164, 110.65791320800781, 35.49991989135742, 38.13337707519531, 34.24412536621094, 19.619123458862305, 22.88912010192871, 13.585413932800293, 22.818729400634766, 13.141407012939453, 5.57131814956665, 2.50801944732666, 1.4556924104690552, 2.447636604309082, 2.527374029159546, 2.225803852081299, 2.4518299102783203, 1.028184175491333, 0.8388559818267822, 1.2094786167144775, 2.6036880016326904, 3.796663761138916, 4.770044326782227, 4.165571689605713, 1.2228769063949585, 0.2706087529659271, 0.040258679538965225, 0.0034102604258805513, 0.00010106020636158064, 3.489074151730165e-05], "lowlevel.erbbands.stdev": [8.03138391347602e-05, 0.002704939804971218, 0.10080750286579132, 0.3420841693878174, 5.543936252593994, 22.69940757751465, 43.34757995605469, 34.06937026977539, 37.60529708862305, 107.42545318603516, 80.901611328125, 337.5802917480469, 101.6793441772461, 211.0505828857422, 41.829383850097656, 18.021961212158203, 25.134864807128906, 14.789307594299316, 27.968935012817383, 17.598421096801758, 7.179369926452637, 4.012411594390869, 3.21663236618042, 4.619390964508057, 4.5840253829956055, 4.447404384613037, 4.490682125091553, 2.618126630783081, 3.4165971279144287, 4.570201396942139, 7.43509578704834, 9.594498634338379, 13.600691795349121, 11.634356498718262, 4.514247894287109, 1.0292810201644897, 0.13065360486507416, 0.011350292712450027, 0.00028313390794210136, 3.135468432446942e-05], "lowlevel.gfcc.mean": [-58.60095977783203, 102.23265838623047, -143.555908203125, -28.643291473388672, -89.39191436767578, -7.514960289001465, -75.1220703125, -7.517178058624268, -33.43920135498047, 5.636106967926025, -0.30908435583114624, -21.74104881286621, -4.000314712524414], "lowlevel.melbands.mean": [7.608870191688766e-07, 2.7824582502944395e-05, 0.00011060137330787256, 0.000540831359103322, 0.0008036951767280698, 0.0006847520126029849, 0.0008558109984733164, 0.0009155902080237865, 0.0003962627670262009, 0.0006786399753764272, 0.00015534313570242375, 0.00015984168567229062, 9.475949627812952e-05, 6.4171887061093e-05, 5.0234684749739245e-05, 3.575491427909583e-05, 2.4925629986682907e-05, 3.524711792124435e-05, 2.3800224880687892e-05, 1.4153073607303668e-05, 4.92540812047082e-06, 2.805687245199806e-06, 1.7095263729061116e-06, 1.1004109410350793e-06, 2.0777640656888252e-06, 2.0742559172504116e-06, 1.4218657042874838e-06, 1.5247961755449069e-06, 1.7897771158459364e-06, 9.623180403650622e-07, 4.561294133509364e-07, 4.68694850042084e-07, 4.520821335063374e-07, 7.584950481032138e-07, 1.2922859013997368e-06, 2.1499372451216914e-06, 2.326854428247316e-06, 3.177687176503241e-06, 3.960485173593042e-06, 3.402679567443556e-06], "lowlevel.melbands.stdev": [8.623005101071612e-07, 3.923816257156432e-05, 0.00014360269415192306, 0.0009910064982250333, 0.0012855539098381996, 0.0007221624837256968, 0.0005949611077085137, 0.0012277575442567468, 0.0008515079971402884, 0.00209033559076488, 0.0004922280786558986, 0.0009406890021637082, 0.00012343261914793402, 5.9175825299462304e-05, 4.390844333101995e-05, 4.3095067667309195e-05, 3.139538239338435e-05, 4.431521301739849e-05, 2.3697662982158363e-05, 2.284109541506041e-05, 7.163861482695211e-06, 4.850086497754091e-06, 3.879021733155241e-06, 3.1127294732868904e-06, 4.077902758581331e-06, 3.730098569576512e-06, 3.1021609174786136e-06, 3.123356464129756e-06, 3.452501005085651e-06, 1.9642707229650114e-06, 1.4727212374054943e-06, 2.0740251329698367e-06, 1.7737758071234566e-06, 3.006159658980323e-06, 4.3555655793170445e-06, 5.18293927598279e-06, 6.348388069454813e-06, 9.347191735287197e-06, 1.1170322977704927e-05, 9.813710676098708e-06], "lowlevel.melbands128.mean": [4.3938513272223645e-07, 4.1945190787373576e-07, 6.726717742822075e-07, 1.8038207372228499e-06, 1.6415035133832134e-05, 6.096835568314418e-05, 5.900958785787225e-05, 9.067168139154091e-05, 0.00019985857943538576, 0.0005610599764622748, 0.0007239897386170924, 0.0008676946745254099, 0.0008152654627338052, 0.0007478279294446111, 0.0006667317938990891, 0.0006723095430061221, 0.0007549048168584704, 0.0011880396632477641, 0.0005291893612593412, 0.0009335607173852623, 0.0012615108862519264, 0.0003423834568820894, 0.0001699719432508573, 0.0004819797177333385, 0.0009919643634930253, 0.0007023783982731402, 0.00015860379789955914, 9.916579438140616e-05, 7.732677477179095e-05, 0.0003194405871909112, 0.0001092511520255357, 2.2073445506975986e-05, 8.1727841461543e-05, 0.0002031702606473118, 3.197790283593349e-05, 4.726569022750482e-05, 6.040662628947757e-05, 1.392664580635028e-05, 9.056318958755583e-05, 5.39380416739732e-05, 1.9508986952132545e-05, 1.1316422387608327e-05, 2.1836029191035777e-05, 4.102928505744785e-05, 1.317642363574123e-05, 4.253056977177039e-05, 5.062439595349133e-05, 2.2099633497418836e-05, 1.0775026566989254e-05, 2.074064286716748e-05, 1.479352795286104e-05, 9.348454113933258e-06, 3.784967475439771e-06, 4.079332484252518e-06, 4.3445588744361885e-06, 2.533563474571565e-06, 1.2239022453286452e-06, 2.8686129098787205e-06, 1.2773599564752658e-06, 9.15984799121361e-07, 1.0173639566346537e-06, 1.1041265679523349e-06, 2.146634415112203e-06, 2.4232149371528067e-06, 1.8108996755472617e-06, 2.4425489755230956e-06, 1.895692207654065e-06, 1.5723251181043452e-06, 1.3815717920806492e-06, 1.1317589496684377e-06, 1.1765240515160258e-06, 2.041370862571057e-06, 2.0004606540169334e-06, 1.8535324670665432e-06, 1.388028408655373e-06, 9.414250712325156e-07, 9.54653614826384e-07, 4.459462559225358e-07, 3.837203905732167e-07, 3.993679342784162e-07, 4.974095304532966e-07, 5.052509095548885e-07, 4.1205950651601597e-07, 4.5103922730049817e-07, 4.404604112551169e-07, 6.443636948461062e-07, 8.40462007545284e-07, 1.0382726713942247e-06, 1.298529127780057e-06, 1.3866157360098441e-06, 2.0252800823072903e-06, 2.3071770556271076e-06, 2.5366473437316017e-06, 1.797356844690512e-06, 2.734686859184876e-06, 2.9808622912241844e-06, 3.430229526202311e-06, 3.0406010864680866e-06, 4.185802481515566e-06, 4.25419148086803e-06, 3.919471510016592e-06, 3.3294872991973534e-06, 2.875954123737756e-06, 1.69211205047759e-06, 1.1681330533974688e-06, 8.053670512708777e-07, 7.160574568843003e-07, 7.554767194051237e-07, 4.229620458318095e-07, 2.0053754212767672e-07, 1.2468301235912804e-07, 1.1344471317897842e-07, 1.3927080999565078e-07, 9.733651040733093e-08, 5.293169280662369e-08, 2.486783401423054e-08, 1.036581842583928e-08, 5.559311344605078e-10, 4.756439166142545e-12, 4.050682098771796e-12, 3.8891828126053074e-12, 3.790236787620804e-12, 3.712770976077584e-12, 3.635016983596917e-12, 3.5192567176406397e-12, 3.376297288623653e-12, 3.2896474173177426e-12, 3.2620340890271438e-12], "lowlevel.melbands128.stdev": [6.090033934924577e-07, 5.456337248688214e-07, 8.846517971505818e-07, 2.9335051294765435e-06, 2.5651845135143958e-05, 9.391622006660327e-05, 6.507310172310099e-05, 0.0001420111075276509, 0.00045009321183897555, 0.0014776447787880898, 0.0015485563781112432, 0.0016766986809670925, 0.0021249367855489254, 0.0013523006346076727, 0.0012062381720170379, 0.0007731227669864893, 0.0005515897064469755, 0.0012909980723634362, 0.0007581632235087454, 0.0017718911403790116, 0.001891421852633357, 0.0008870995370671153, 0.0006666635163128376, 0.002319095190614462, 0.003328434657305479, 0.0029318209271878004, 0.0009649449493736029, 0.0004956680932082236, 0.00034913644776679575, 0.0019465802470222116, 0.0007384975324384868, 8.293879363918677e-05, 0.00014948187163099647, 0.00028285422013141215, 4.5231579861138016e-05, 7.207607995951548e-05, 8.080367842921987e-05, 2.4088381906040013e-05, 0.000116420240374282, 7.375658606179059e-05, 4.7928799176588655e-05, 4.72251522296574e-05, 3.854457463603467e-05, 5.7912337069865316e-05, 2.7827662052004598e-05, 8.457666262984276e-05, 7.601443940075114e-05, 3.771786214201711e-05, 1.975939449039288e-05, 5.252884147921577e-05, 3.022824603249319e-05, 1.5318446457968093e-05, 1.0051984645542689e-05, 8.744084880163427e-06, 1.1793988051067572e-05, 4.881502718490083e-06, 1.8606076537253102e-06, 8.264570169558283e-06, 3.0605692700191867e-06, 1.6220427596636e-06, 3.906134679709794e-06, 5.3026028581371065e-06, 4.395931682665832e-06, 5.382878498494392e-06, 4.219949914840981e-06, 5.111407062940998e-06, 4.426501163834473e-06, 4.039266968902666e-06, 3.4239888009324204e-06, 3.212950559827732e-06, 3.253794830015977e-06, 4.4302605601842515e-06, 4.93633979203878e-06, 4.0299933061760385e-06, 3.264725137341884e-06, 1.9359167708898894e-06, 2.9149302918085596e-06, 1.2691828032984631e-06, 1.5274927136488259e-06, 1.674693294262397e-06, 2.3289414912142092e-06, 2.600284460640978e-06, 1.7716515685606282e-06, 1.8706916762312176e-06, 1.911342224047985e-06, 2.610672027003602e-06, 3.702819867612561e-06, 4.174790319666499e-06, 5.4993361118249595e-06, 4.076188361068489e-06, 5.461266027850797e-06, 5.899641564610647e-06, 6.799656603106996e-06, 5.727163625124376e-06, 8.307708412758075e-06, 9.127556040766649e-06, 1.1277557860012166e-05, 9.759128261066508e-06, 1.3577994650404435e-05, 1.1258429367444478e-05, 1.1414156688260846e-05, 1.0230189218418673e-05, 9.957426300388761e-06, 6.815180768171558e-06, 5.508511094376445e-06, 3.4478803172532935e-06, 2.806129941745894e-06, 3.032934728253167e-06, 1.809453465284605e-06, 8.114272418424662e-07, 4.782984319717798e-07, 3.8576044403271226e-07, 4.885063731308037e-07, 3.680864040234155e-07, 2.0065088790488517e-07, 9.75984519868689e-08, 4.8898748161718686e-08, 5.078729437002494e-09, 1.5432271779913798e-11, 5.475079591088505e-12, 5.308366159834099e-12, 5.186636710396986e-12, 5.076083650634722e-12, 4.981870818654421e-12, 4.9060261061995014e-12, 4.8465606528047545e-12, 4.8019045337244215e-12, 4.7746021546168915e-12], "lowlevel.mfcc.mean": [-699.1631469726562, 147.77899169921875, -13.505455017089844, -32.6259651184082, -1.828218698501587, -31.986007690429688, -12.408476829528809, -45.93933868408203, -23.39082908630371, -2.811314582824707, -19.775297164916992, 6.254223346710205, -2.4051835536956787], "lowlevel.spectral_contrast_coeffs.mean": [-0.5360593795776367, -0.6317484378814697, -0.6922302842140198, -0.743041455745697, -0.7992766499519348, -0.7697936296463013], "lowlevel.spectral_contrast_coeffs.stdev": [0.08773557841777802, 0.0574253685772419, 0.0660032331943512, 0.04302971065044403, 0.03797105327248573, 0.058545324951410294], "lowlevel.spectral_contrast_valleys.mean": [-8.653364181518555, -6.653448581695557, -8.01891040802002, -7.994792461395264, -8.589066505432129, -11.29642391204834], "lowlevel.spectral_contrast_valleys.stdev": [0.693854570388794, 0.569293200969696, 0.5901034474372864, 0.4861117899417877, 0.8025532960891724, 1.6406536102294922], "rhythm.beats_loudness_band_ratio.mean": [0.024634385481476784, 0.29861387610435486, 0.4914112687110901, 0.11841342598199844, 0.03273152559995651, 0.08799169957637787], "rhythm.beats_loudness_band_ratio.stdev": [0.028860192745923996, 0.19654592871665955, 0.20244844257831573, 0.11918090283870697, 0.02303829975426197, 0.17047277092933655], "tonal.hpcp.mean": [0.43346789479255676, 0.19822025299072266, 0.021944083273410797, 0.013582884334027767, 0.011548353359103203, 0.029894594103097916, 0.05117329582571983, 0.04128973186016083, 0.2745071053504944, 0.5237222909927368, 0.2693096101284027, 0.011813477613031864, 0.011018100194633007, 0.03614352270960808, 0.09018772095441818, 0.1119195744395256, 0.06469253450632095, 0.023095836862921715, 0.01320897601544857, 0.006498453672975302, 0.09694484621286392, 0.18458817899227142, 0.11015251278877258, 0.09810569882392883, 0.1270819753408432, 0.057485613971948624, 0.011726349592208862, 0.012227223254740238, 0.019694248214364052, 0.15436670184135437, 0.25160518288612366, 0.11204513907432556, 0.016506263986229897, 0.022268002852797508, 0.02893882431089878, 0.2664410471916199], "tonal.hpcp.stdev": [0.42925044894218445, 0.2160269320011139, 0.08310317248106003, 0.05928358435630798, 0.09131378680467606, 0.11559970676898956, 0.17487990856170654, 0.13068348169326782, 0.22155927121639252, 0.3583555221557617, 0.22005939483642578, 0.05487535148859024, 0.06812863051891327, 0.15044060349464417, 0.23776660859584808, 0.23950767517089844, 0.17407351732254028, 0.1050846055150032, 0.06738615036010742, 0.056340571492910385, 0.14174968004226685, 0.2295105904340744, 0.16435357928276062, 0.20107148587703705, 0.23785212635993958, 0.13272924721240997, 0.06527433544397354, 0.07797573506832123, 0.11689846962690353, 0.22571605443954468, 0.35503268241882324, 0.16207566857337952, 0.08997461199760437, 0.10305485129356384, 0.10363385081291199, 0.2770274877548218], "rhythm.beats_position": [0.3715192675590515, 0.7546485066413879, 1.1377778053283691, 1.5209070444107056, 1.9156461954116821, 2.2987754344940186, 2.6819047927856445, 3.0650339126586914, 3.4481632709503174, 3.8312923908233643, 4.21442174911499, 4.597550868988037, 4.992290019989014, 5.38702917098999, 5.7933783531188965, 6.199728012084961, 6.5944671630859375, 6.989206314086914, 7.40716552734375, 7.825124740600586, 8.231473922729492, 8.661043167114258, 9.067392349243164, 9.47374153137207, 9.868480682373047, 10.263219833374023, 10.611518859863281, 10.971427917480469, 11.308117866516113, 11.656416893005371, 12.004715919494629, 12.341405868530273, 12.689704895019531, 13.038003921508789, 13.386303901672363, 13.722992897033691, 14.082901954650879, 14.431201934814453, 14.779500961303711], "rhythm.bpm_histogram": [0.0, 0.0, 0.0, 0.0, 0.0, 0.0, 0.0, 0.0, 0.0, 0.0, 0.0, 0.0, 0.0, 0.0, 0.0, 0.0, 0.0, 0.0, 0.0, 0.0, 0.0, 0.0, 0.0, 0.0, 0.0, 0.0, 0.0, 0.0, 0.0, 0.0, 0.0, 0.0, 0.0, 0.0, 0.0, 0.0, 0.0, 0.0, 0.0, 0.0, 0.0, 0.0, 0.0, 0.0, 0.0, 0.0, 0.0, 0.0, 0.0, 0.0, 0.0, 0.0, 0.0, 0.0, 0.0, 0.0, 0.0, 0.0, 0.0, 0.0, 0.0, 0.0, 0.0, 0.0, 0.0, 0.0, 0.0, 0.0, 0.0, 0.0, 0.0, 0.0, 0.0, 0.0, 0.0, 0.0, 0.0, 0.0, 0.0, 0.0, 0.0, 0.0, 0.0, 0.0, 0.0, 0.0, 0.0, 0.0, 0.0, 0.0, 0.0, 0.0, 0.0, 0.0, 0.0, 0.0, 0.0, 0.0, 0.0, 0.0, 0.0, 0.0, 0.0, 0.0, 0.0, 0.0, 0.0, 0.0, 0.0, 0.0, 0.0, 0.0, 0.0, 0.0, 0.0, 0.0, 0.0, 0.0, 0.0, 0.0, 0.0, 0.0, 0.0, 0.0, 0.0, 0.0, 0.0, 0.0, 0.0, 0.0, 0.0, 0.0, 0.0, 0.0, 0.0, 0.0, 0.0, 0.0, 0.0, 0.0, 0.02631578966975212, 0.0, 0.0, 0.0, 0.05263157933950424, 0.0, 0.0, 0.0, 0.1315789520740509, 0.0, 0.0, 0.0, 0.18421052396297455, 0.0, 0.0, 0.0, 0.0, 0.2631579041481018, 0.0, 0.0, 0.0, 0.0, 0.0, 0.0, 0.0, 0.0, 0.0, 0.05263157933950424, 0.0, 0.0, 0.0, 0.0, 0.21052631735801697, 0.0, 0.0, 0.0, 0.0, 0.0, 0.07894736528396606, 0.0, 0.0, 0.0, 0.0, 0.0, 0.0, 0.0, 0.0, 0.0, 0.0, 0.0, 0.0, 0.0, 0.0, 0.0, 0.0, 0.0, 0.0, 0.0, 0.0, 0.0, 0.0, 0.0, 0.0, 0.0, 0.0, 0.0, 0.0, 0.0, 0.0, 0.0, 0.0, 0.0, 0.0, 0.0, 0.0, 0.0, 0.0, 0.0, 0.0, 0.0, 0.0, 0.0, 0.0, 0.0, 0.0, 0.0, 0.0, 0.0, 0.0, 0.0, 0.0, 0.0, 0.0, 0.0, 0.0, 0.0, 0.0, 0.0, 0.0, 0.0, 0.0, 0.0, 0.0, 0.0, 0.0, 0.0, 0.0, 0.0, 0.0, 0.0], "tonal.chords_histogram": [48.48484802246094, 14.545454978942871, 36.66666793823242, 0.0, 0.0, 0.0, 0.0, 0.0, 0.0, 0.0, 0.0, 0.0, 0.0, 0.0, 0.0, 0.0, 0.0, 0.0, 0.0, 0.3030303120613098, 0.0, 0.0, 0.0, 0.0], "tonal.thpcp": [1.0, 0.5142221450805664, 0.022556759417057037, 0.021038059145212173, 0.06901276111602783, 0.17220523953437805, 0.21370023488998413, 0.1235245019197464, 0.04409939795732498, 0.025221336632966995, 0.012408205308020115, 0.18510735034942627, 0.3524543046951294, 0.2103261947631836, 0.1873238980770111, 0.24265144765377045, 0.10976354032754898, 0.022390395402908325, 0.02334676869213581, 0.03760437294840813, 0.2947491407394409, 0.4804171621799469, 0.21393997967243195, 0.031517207622528076, 0.042518723756074905, 0.05525605008006096, 0.5087448954582214, 0.8276674747467041, 0.37848350405693054, 0.04190022870898247, 0.025935281068086624, 0.0220505278557539, 0.05708100274205208, 0.0977107435464859, 0.07883898168802261, 0.524146318435669], "lowlevel.gfcc.cov": [[4101.5009765625, -2834.574951171875, 1006.199951171875, 143.1652374267578, -1360.4171142578125, 947.8153686523438, -769.981689453125, 762.2198486328125, -504.4928894042969, -30.130800247192383, -197.95375061035156, -89.96258544921875, 167.11158752441406], [-2834.574951171875, 3664.10595703125, -1329.7698974609375, -113.21495056152344, 1372.096435546875, -1112.9088134765625, 936.161376953125, -613.1681518554688, 394.9654846191406, -178.2673797607422, 251.6319122314453, -224.43447875976562, 102.73345947265625], [1006.199951171875, -1329.7698974609375, 886.7781372070312, 30.236526489257812, -449.02862548828125, 557.0638427734375, -497.09906005859375, 230.94509887695312, -182.9852294921875, 29.311573028564453, -97.004638671875, 58.56634521484375, -95.99134063720703], [143.1652374267578, -113.21495056152344, 30.236526489257812, 301.6461486816406, -19.706329345703125, -18.86362075805664, -12.601651191711426, -73.67255401611328, -12.71627140045166, -2.339317560195923, 16.331411361694336, 37.651100158691406, -98.64064025878906], [-1360.4171142578125, 1372.096435546875, -449.02862548828125, -19.706329345703125, 729.7764282226562, -470.5576171875, 390.8368225097656, -297.6416931152344, 196.961669921875, 13.500288009643555, 55.50867462158203, 42.151546478271484, -80.96317291259766], [947.8153686523438, -1112.9088134765625, 557.0638427734375, -18.86362075805664, -470.5576171875, 528.9522705078125, -370.5085144042969, 229.9090576171875, -138.0379180908203, 16.823139190673828, -53.83446502685547, -5.428434371948242, -3.613554000854492], [-769.981689453125, 936.161376953125, -497.09906005859375, -12.601651191711426, 390.8368225097656, -370.5085144042969, 497.1510314941406, -183.40098571777344, 173.1071014404297, 26.8700008392334, -0.3126225471496582, 12.575407981872559, 20.524860382080078], [762.2198486328125, -613.1681518554688, 230.94509887695312, -73.67255401611328, -297.6416931152344, 229.9090576171875, -183.40098571777344, 344.010498046875, -121.43161010742188, -22.631542205810547, -41.14036560058594, -70.6136703491211, 108.50757598876953], [-504.4928894042969, 394.9654846191406, -182.9852294921875, -12.71627140045166, 196.961669921875, -138.0379180908203, 173.1071014404297, -121.43161010742188, 166.24285888671875, 22.41704559326172, 13.508232116699219, 48.2142448425293, -37.58638000488281], [-30.130800247192383, -178.2673797607422, 29.311573028564453, -2.339317560195923, 13.500288009643555, 16.823139190673828, 26.8700008392334, -22.631542205810547, 22.41704559326172, 122.20399475097656, -22.411584854125977, 81.81964874267578, -45.287933349609375], [-197.95375061035156, 251.6319122314453, -97.004638671875, 16.331411361694336, 55.50867462158203, -53.83446502685547, -0.3126225471496582, -41.14036560058594, 13.508232116699219, -22.411584854125977, 126.70831298828125, -47.29973220825195, 18.329317092895508], [-89.96258544921875, -224.43447875976562, 58.56634521484375, 37.651100158691406, 42.151546478271484, -5.428434371948242, 12.575407981872559, -70.6136703491211, 48.2142448425293, 81.81964874267578, -47.29973220825195, 185.7776641845703, -103.59435272216797], [167.11158752441406, 102.73345947265625, -95.99134063720703, -98.64064025878906, -80.96317291259766, -3.613554000854492, 20.524860382080078, 108.50757598876953, -37.58638000488281, -45.287933349609375, 18.329317092895508, -103.59435272216797, 196.58641052246094]], "lowlevel.gfcc.icov": [[0.0009131515398621559, 0.00015898910351097584, 2.146128099411726e-05, -0.0006058948929421604, 0.0007765815244056284, -0.00022279701079241931, -0.00020670243247877806, -0.0007233523647300899, 0.0008278831373900175, 0.0001287401537410915, 0.0005146880284883082, 1.703088855720125e-05, -0.00026735503342933953], [0.00015898910351097584, 0.005238065961748362, 0.0005413013277575374, 0.0008447215659543872, -0.006267750635743141, 0.0013891361886635423, -0.0019717898685485125, 0.002825020579621196, -0.0010163018014281988, 0.004484254401177168, -0.00245995563454926, 0.005088544450700283, -0.002343981061130762], [2.146128099411726e-05, 0.0005413013277575374, 0.005730336997658014, -0.0003689452132675797, -0.0021103210747241974, -0.004451843909919262, 0.0024684108793735504, -0.0003084765048697591, 0.0012190833222121, 0.0004842091875616461, 0.001984418136999011, -0.0003232999879401177, 0.0012626572279259562], [-0.0006058948929421604, 0.0008447215659543872, -0.0003689452132675797, 0.005421921610832214, -0.00015732896281406283, 0.0015685601392760873, -0.0013079724740236998, 0.0016740632709115744, 0.0006488440558314323, 0.0017895667115226388, -0.00226763216778636, 0.0006124344654381275, 0.0028610683511942625], [0.0007765815244056284, -0.006267750635743141, -0.0021103210747241974, -0.00015732896281406283, 0.013592075556516647, 0.002081704791635275, 0.0004705777100753039, -0.0033188650850206614, 0.000833238591440022, -0.005257267504930496, 0.0021539151202887297, -0.005508017260581255, 0.004769567400217056], [-0.00022279701079241931, 0.0013891361886635423, -0.004451843909919262, 0.0015685601392760873, 0.002081704791635275, 0.011018732562661171, 0.0002315840683877468, 0.0002645285567268729, -0.002847712254151702, -0.0005749727133661509, -0.001448954688385129, 0.0033069972414523363, 0.00016724552551750094], [-0.00020670243247877806, -0.0019717898685485125, 0.0024684108793735504, -0.0013079724740236998, 0.0004705777100753039, 0.0002315840683877468, 0.00877849105745554, -0.0007329839863814414, -0.0032409215345978737, -0.004170722793787718, 0.0048594227991998196, -0.0005426269490271807, -0.0008782377117313445], [-0.0007233523647300899, 0.002825020579621196, -0.0003084765048697591, 0.0016740632709115744, -0.0033188650850206614, 0.0002645285567268729, -0.0007329839863814414, 0.00869658961892128, -5.029758540331386e-05, 0.0021433457732200623, -0.000457538990303874, 0.0038141747936606407, -0.0037209331057965755], [0.0008278831373900175, -0.0010163018014281988, 0.0012190833222121, 0.0006488440558314323, 0.000833238591440022, -0.002847712254151702, -0.0032409215345978737, -5.029758540331386e-05, 0.01402907632291317, 0.00034173252061009407, -0.0007640053518116474, -0.004301855340600014, 0.00197046110406518], [0.0001287401537410915, 0.004484254401177168, 0.0004842091875616461, 0.0017895667115226388, -0.005257267504930496, -0.0005749727133661509, -0.004170722793787718, 0.0021433457732200623, 0.00034173252061009407, 0.016675420105457306, -0.0033497209660708904, -0.0015023720916360617, -0.0008143027080222964], [0.0005146880284883082, -0.00245995563454926, 0.001984418136999011, -0.00226763216778636, 0.0021539151202887297, -0.001448954688385129, 0.0048594227991998196, -0.000457538990303874, -0.0007640053518116474, -0.0033497209660708904, 0.01361745037138462, 0.0010122451931238174, -0.0003691950987558812], [1.703088855720125e-05, 0.005088544450700283, -0.0003232999879401177, 0.0006124344654381275, -0.005508017260581255, 0.0033069972414523363, -0.0005426269490271807, 0.0038141747936606407, -0.004301855340600014, -0.0015023720916360617, 0.0010122451931238174, 0.016851402819156647, 0.0008366138790734112], [-0.00026735503342933953, -0.002343981061130762, 0.0012626572279259562, 0.0028610683511942625, 0.004769567400217056, 0.00016724552551750094, -0.0008782377117313445, -0.0037209331057965755, 0.00197046110406518, -0.0008143027080222964, -0.0003691950987558812, 0.0008366138790734112, 0.013368492014706135]], "lowlevel.mfcc.cov": [[3610.64013671875, -2272.845703125, 1255.5567626953125, -625.7554931640625, -89.41681671142578, -494.4525146484375, 226.4964599609375, 2.7814948558807373, 112.09424591064453, 171.09434509277344, -296.85791015625, -157.2563934326172, -269.4942932128906], [-2272.845703125, 2986.806884765625, -1618.2451171875, 721.80810546875, 23.40878677368164, 85.94979095458984, 120.13947296142578, -103.15369415283203, 71.37627410888672, -31.669282913208008, 62.353675842285156, 124.08075714111328, 45.155887603759766], [1255.5567626953125, -1618.2451171875, 1282.304931640625, -616.0687255859375, 164.1931915283203, -86.62263488769531, -18.100988388061523, 49.85474395751953, -57.98807907104492, 57.801029205322266, -108.44241333007812, -77.28715515136719, -75.57274627685547], [-625.7554931640625, 721.80810546875, -616.0687255859375, 622.9188232421875, -86.93767547607422, 175.4342498779297, -63.367271423339844, 26.976953506469727, -68.48896789550781, -68.92102813720703, 114.1740493774414, 24.518959045410156, 122.79489135742188], [-89.41681671142578, 23.40878677368164, 164.1931915283203, -86.93767547607422, 246.17922973632812, -53.86164855957031, 8.143632888793945, 1.5975075960159302, -74.70356750488281, 7.008001804351807, -30.499744415283203, 22.39437484741211, 6.652551651000977], [-494.4525146484375, 85.94979095458984, -86.62263488769531, 175.4342498779297, -53.86164855957031, 412.7507019042969, -200.8575897216797, 59.139705657958984, -92.05341339111328, -97.83281707763672, 159.3148651123047, 15.318705558776855, 157.58419799804688], [226.4964599609375, 120.13947296142578, -18.100988388061523, -63.367271423339844, 8.143632888793945, -200.8575897216797, 234.27395629882812, -69.0299301147461, 91.53450775146484, 80.77580261230469, -101.35660552978516, 6.72371244430542, -106.29302978515625], [2.7814948558807373, -103.15369415283203, 49.85474395751953, 26.976953506469727, 1.5975075960159302, 59.139705657958984, -69.0299301147461, 115.20850372314453, -17.867170333862305, -25.032012939453125, 34.74585723876953, -13.117624282836914, 46.356781005859375], [112.09424591064453, 71.37627410888672, -57.98807907104492, -68.48896789550781, -74.70356750488281, -92.05341339111328, 91.53450775146484, -17.867170333862305, 250.71133422851562, 23.263957977294922, -19.93468475341797, -9.097625732421875, -74.86196899414062], [171.09434509277344, -31.669282913208008, 57.801029205322266, -68.92102813720703, 7.008001804351807, -97.83281707763672, 80.77580261230469, -25.032012939453125, 23.263957977294922, 101.75857543945312, -61.82612991333008, -2.1180925369262695, -40.84107208251953], [-296.85791015625, 62.353675842285156, -108.44241333007812, 114.1740493774414, -30.499744415283203, 159.3148651123047, -101.35660552978516, 34.74585723876953, -19.93468475341797, -61.82612991333008, 170.68638610839844, 16.008922576904297, 88.24972534179688], [-157.2563934326172, 124.08075714111328, -77.28715515136719, 24.518959045410156, 22.39437484741211, 15.318705558776855, 6.72371244430542, -13.117624282836914, -9.097625732421875, -2.1180925369262695, 16.008922576904297, 81.24637603759766, 23.173837661743164], [-269.4942932128906, 45.155887603759766, -75.57274627685547, 122.79489135742188, 6.652551651000977, 157.58419799804688, -106.29302978515625, 46.356781005859375, -74.86196899414062, -40.84107208251953, 88.24972534179688, 23.173837661743164, 155.43736267089844]], "lowlevel.mfcc.icov": [[0.0008429125882685184, 0.0006219857605174184, -0.00011540516425156966, -0.00030098913703113794, 0.00033705742680467665, 0.0004384877684060484, -0.00045157354907132685, -0.00014241290045902133, -8.515772788086906e-05, -0.00017583271255716681, 0.0005152181256562471, 0.00029647682094946504, 0.00031317610410042107], [0.0006219857605174184, 0.002199754351750016, 0.002458109287545085, -0.00012496474664658308, -0.0018988307565450668, -0.0009510418749414384, -0.001042872783727944, -8.84280598256737e-05, -0.00042811749153770506, -0.0006868985365144908, 0.000966800726018846, 0.000427164020948112, 0.0010925873648375273], [-0.00011540516425156966, 0.002458109287545085, 0.005680304020643234, 0.00212505622766912, -0.0037669131997972727, -0.0024045496247708797, -0.0010338284773752093, -0.0009576086304150522, 0.00019067537505179644, -0.0011638602009043097, 0.0010079130297526717, 0.0016238198149949312, 0.0013180575333535671], [-0.00030098913703113794, -0.00012496474664658308, 0.00212505622766912, 0.004318926949054003, 0.00012525702186394483, -0.0009111347608268261, -0.0010740442667156458, -0.0010022653732448816, 0.0013818744337186217, 0.0007332517416216433, -0.0005390719161368906, 0.00106318190228194, -0.0013757356209680438], [0.00033705742680467665, -0.0018988307565450668, -0.0037669131997972727, 0.00012525702186394483, 0.008427235297858715, 0.003033839398995042, 0.00020265867351554334, -0.00030109990620985627, 0.002219834830611944, 0.0016570832813158631, -0.0002196875138906762, -0.0021067108027637005, -0.002059098333120346], [0.0004384877684060484, -0.0009510418749414384, -0.0024045496247708797, -0.0009111347608268261, 0.003033839398995042, 0.007296496070921421, 0.0027813641354441643, 0.0005891838809475303, 0.0005801539518870413, 0.0017342454520985484, -0.0021557153668254614, -0.0006214331951923668, -0.0031619600486010313], [-0.00045157354907132685, -0.001042872783727944, -0.0010338284773752093, -0.0010740442667156458, 0.00020265867351554334, 0.0027813641354441643, 0.011474812403321266, 0.0028316813986748457, -0.0020498523954302073, -0.0036869461182504892, 0.0010148892179131508, -0.002056458033621311, 0.0018141610780730844], [-0.00014241290045902133, -8.84280598256737e-05, -0.0009576086304150522, -0.0010022653732448816, -0.00030109990620985627, 0.0005891838809475303, 0.0028316813986748457, 0.011883903294801712, -0.001269573695026338, 0.00043665507109835744, -0.00024831126211211085, 0.001589772291481495, -0.0026800117921084166], [-8.515772788086906e-05, -0.00042811749153770506, 0.00019067537505179644, 0.0013818744337186217, 0.002219834830611944, 0.0005801539518870413, -0.0020498523954302073, -0.001269573695026338, 0.00633846502751112, 0.0006711384048685431, -0.0016652328195050359, 0.00014590544742532074, 0.001424226677045226], [-0.00017583271255716681, -0.0006868985365144908, -0.0011638602009043097, 0.0007332517416216433, 0.0016570832813158631, 0.0017342454520985484, -0.0036869461182504892, 0.00043665507109835744, 0.0006711384048685431, 0.015866044908761978, 0.0022435146383941174, -0.00027615242288447917, -0.0024715885519981384], [0.0005152181256562471, 0.000966800726018846, 0.0010079130297526717, -0.0005390719161368906, -0.0002196875138906762, -0.0021557153668254614, 0.0010148892179131508, -0.00024831126211211085, -0.0016652328195050359, 0.0022435146383941174, 0.01195851806551218, -0.0008178301504813135, -0.0023887846618890762], [0.00029647682094946504, 0.000427164020948112, 0.0016238198149949312, 0.00106318190228194, -0.0021067108027637005, -0.0006214331951923668, -0.002056458033621311, 0.001589772291481495, 0.00014590544742532074, -0.00027615242288447917, -0.0008178301504813135, 0.01551042404025793, -0.002671083202585578], [0.00031317610410042107, 0.0010925873648375273, 0.0013180575333535671, -0.0013757356209680438, -0.002059098333120346, -0.0031619600486010313, 0.0018141610780730844, -0.0026800117921084166, 0.001424226677045226, -0.0024715885519981384, -0.0023887846618890762, -0.002671083202585578, 0.015511292964220047]], "metadata.audio_properties.analysis.downmix": "mix", "metadata.audio_properties.codec": "mp3", "metadata.audio_properties.md5_encoded": "3cede5f9a2d15ad19d55811820a70733", "metadata.tags.file_name": "1182277060807372810.mp3", "metadata.version.essentia": "2.1-beta6-dev", "metadata.version.essentia_git_sha": "v2.1_beta5-1110-g77a6a954", "metadata.version.extractor": "music 2.0", "tonal.chords_key": "F", "tonal.chords_scale": "major", "tonal.key_edma.key": "F", "tonal.key_edma.scale": "major", "tonal.key_krumhansl.key": "F", "tonal.key_krumhansl.scale": "major", "tonal.key_temperley.key": "F", "tonal.key_temperley.scale": "major", "metadata.tags.encoding": ["Lavf58.45.100"]}, "essentia_models": [{"model_name": "genre_dortmund", "activations": {"alternative": "0.20265873", "blues": "0.0038053398", "electronic": "0.048088785"