{"song_id": "1182280044941410365", "download": "https://cdn.discordapp.com/attachments/1128313332273782784/1182280044941410365/chirp.mp4?ex=65841f18&amp", "lyrics": "[Verse]\nIn North Macedonia, a land so grand\nWhere history and culture firmly stand\nFrom Ohrid's lakes to Skopje's heart\nThis is the place where life's a work of art\n\n[Chorus]\nNorth Macedonia, where dreams are born\nA tapestry of colors, forever worn\nTogether we thrive, hand in hand\nIn this land we call our homeland", "style": ["lyric"], "essentia_features": {"lowlevel.average_loudness": 0.9858911633491516, "lowlevel.barkbands_crest.mean": 10.808379173278809, "lowlevel.barkbands_crest.stdev": 4.044397354125977, "lowlevel.barkbands_flatness_db.mean": 0.15509101748466492, "lowlevel.barkbands_flatness_db.stdev": 0.057582415640354156, "lowlevel.barkbands_kurtosis.mean": 10.76321792602539, "lowlevel.barkbands_kurtosis.stdev": 17.12739372253418, "lowlevel.barkbands_skewness.mean": 2.3350841999053955, "lowlevel.barkbands_skewness.stdev": 1.5140271186828613, "lowlevel.barkbands_spread.mean": 19.836299896240234, "lowlevel.barkbands_spread.stdev": 17.40424919128418, "lowlevel.dissonance.mean": 0.43054768443107605, "lowlevel.dissonance.stdev": 0.050565578043460846, "lowlevel.dynamic_complexity": 1.6573238372802734, "lowlevel.erbbands_crest.mean": 10.551024436950684, "lowlevel.erbbands_crest.stdev": 5.300714015960693, "lowlevel.erbbands_flatness_db.mean": 0.14275088906288147, "lowlevel.erbbands_flatness_db.stdev": 0.051847171038389206, "lowlevel.erbbands_kurtosis.mean": 2.7168233394622803, "lowlevel.erbbands_kurtosis.stdev": 5.1254353523254395, "lowlevel.erbbands_skewness.mean": 1.086055040359497, "lowlevel.erbbands_skewness.stdev": 1.126796841621399, "lowlevel.erbbands_spread.mean": 46.75640869140625, "lowlevel.erbbands_spread.stdev": 29.659072875976562, "lowlevel.hfc.mean": 26.395584106445312, "lowlevel.hfc.stdev": 15.934836387634277, "lowlevel.loudness_ebu128.integrated": -11.646398544311523, "lowlevel.loudness_ebu128.loudness_range": 0.46129512786865234, "lowlevel.loudness_ebu128.momentary.mean": -11.694852828979492, "lowlevel.loudness_ebu128.momentary.stdev": 0.659382700920105, "lowlevel.loudness_ebu128.short_term.mean": -11.640815734863281, "lowlevel.loudness_ebu128.short_term.stdev": 0.18090708553791046, "lowlevel.melbands_crest.mean": 15.71114444732666, "lowlevel.melbands_crest.stdev": 6.053633689880371, "lowlevel.melbands_flatness_db.mean": 0.24145881831645966, "lowlevel.melbands_flatness_db.stdev": 0.0711730569601059, "lowlevel.melbands_kurtosis.mean": 27.189895629882812, "lowlevel.melbands_kurtosis.stdev": 36.67835235595703, "lowlevel.melbands_skewness.mean": 3.4109315872192383, "lowlevel.melbands_skewness.stdev": 2.131986379623413, "lowlevel.melbands_spread.mean": 14.382174491882324, "lowlevel.melbands_spread.stdev": 13.593016624450684, "lowlevel.pitch_salience.mean": 0.5726206302642822, "lowlevel.pitch_salience.stdev": 0.12384745478630066, "lowlevel.silence_rate_20dB.mean": 1.0, "lowlevel.silence_rate_20dB.stdev": 0.0, "lowlevel.silence_rate_30dB.mean": 0.9966386556625366, "lowlevel.silence_rate_30dB.stdev": 0.05787944421172142, "lowlevel.silence_rate_60dB.mean": 0.0016806722851470113, "lowlevel.silence_rate_60dB.stdev": 0.04096125438809395, "lowlevel.spectral_centroid.mean": 870.23095703125, "lowlevel.spectral_centroid.stdev": 584.3739624023438, "lowlevel.spectral_complexity.mean": 14.725210189819336, "lowlevel.spectral_complexity.stdev": 7.335141658782959, "lowlevel.spectral_decrease.mean": -1.1789674125850524e-08, "lowlevel.spectral_decrease.stdev": 5.927329738142362e-09, "lowlevel.spectral_energy.mean": 0.04689110442996025, "lowlevel.spectral_energy.stdev": 0.022452019155025482, "lowlevel.spectral_energyband_high.mean": 0.0014352333964779973, "lowlevel.spectral_energyband_high.stdev": 0.001803998602554202, "lowlevel.spectral_energyband_low.mean": 0.016915148124098778, "lowlevel.spectral_energyband_low.stdev": 0.021376704797148705, "lowlevel.spectral_energyband_middle_high.mean": 0.003437818493694067, "lowlevel.spectral_energyband_middle_high.stdev": 0.004889285191893578, "lowlevel.spectral_energyband_middle_low.mean": 0.02628890797495842, "lowlevel.spectral_energyband_middle_low.stdev": 0.01619734615087509, "lowlevel.spectral_entropy.mean": 7.422528266906738, "lowlevel.spectral_entropy.stdev": 0.597049355506897, "lowlevel.spectral_flux.mean": 0.11927345395088196, "lowlevel.spectral_flux.stdev": 0.05239618197083473, "lowlevel.spectral_kurtosis.mean": 4.331377983093262, "lowlevel.spectral_kurtosis.stdev": 3.7061896324157715, "lowlevel.spectral_rms.mean": 0.006569362245500088, "lowlevel.spectral_rms.stdev": 0.0016095920000225306, "lowlevel.spectral_rolloff.mean": 1046.9649658203125, "lowlevel.spectral_rolloff.stdev": 1609.148193359375, "lowlevel.spectral_skewness.mean": 1.7173662185668945, "lowlevel.spectral_skewness.stdev": 0.6866379380226135, "lowlevel.spectral_spread.mean": 6282862.0, "lowlevel.spectral_spread.stdev": 2110527.0, "lowlevel.spectral_strongpeak.mean": 1.1188251972198486, "lowlevel.spectral_strongpeak.stdev": 1.089341402053833, "lowlevel.zerocrossingrate.mean": 0.05989528447389603, "lowlevel.zerocrossingrate.stdev": 0.03962061181664467, "metadata.audio_properties.analysis.equal_loudness": 0.0, "metadata.audio_properties.analysis.length": 27.605329513549805, "metadata.audio_properties.analysis.sample_rate": 44100.0, "metadata.audio_properties.analysis.start_time": 0.0, "metadata.audio_properties.bit_rate": 121375.0, "metadata.audio_properties.length": 27.60533332824707, "metadata.audio_properties.lossless": 0.0, "metadata.audio_properties.number_channels": 1.0, "metadata.audio_properties.replay_gain": -14.083333969116211, "metadata.audio_properties.sample_rate": 48000.0, "rhythm.beats_count": 64.0, "rhythm.beats_loudness.mean": 0.043939195573329926, "rhythm.beats_loudness.stdev": 0.015789475291967392, "rhythm.bpm": 142.3505859375, "rhythm.bpm_histogram_first_peak_bpm": 144.0, "rhythm.bpm_histogram_first_peak_weight": 0.3103448748588562, "rhythm.bpm_histogram_second_peak_bpm": 136.0, "rhythm.bpm_histogram_second_peak_spread": 0.0, "rhythm.bpm_histogram_second_peak_weight": 0.0793650820851326, "rhythm.danceability": 1.713367223739624, "rhythm.onset_rate": 4.96014928817749, "tonal.chords_changes_rate": 0.04194631054997444, "tonal.chords_number_rate": 0.010067113675177097, "tonal.chords_strength.mean": 0.6102283596992493, "tonal.chords_strength.stdev": 0.08768291771411896, "tonal.hpcp_crest.mean": 14.916850090026855, "tonal.hpcp_crest.stdev": 7.6014556884765625, "tonal.hpcp_entropy.mean": 1.8770557641983032, "tonal.hpcp_entropy.stdev": 0.8003121018409729, "tonal.key_edma.strength": 0.6914837956428528, "tonal.key_krumhansl.strength": 0.6881018280982971, "tonal.key_temperley.strength": 0.669333815574646, "tonal.tuning_diatonic_strength": 0.5976367592811584, "tonal.tuning_equal_tempered_deviation": 0.1997370421886444, "tonal.tuning_frequency": 434.193115234375, "tonal.tuning_nontempered_energy_ratio": 0.9234840273857117, "lowlevel.barkbands.mean": [0.003840108634904027, 0.0095503069460392, 0.002416417235508561, 0.0036994614638388157, 0.00802153255790472, 0.007634776644408703, 0.002940710633993149, 0.0024645531084388494, 0.0013883219799026847, 0.0008275366271845996, 0.0003424373280722648, 0.0006230103899724782, 0.0004048790142405778, 0.0005080283153802156, 0.0002466226287651807, 0.00013863254571333528, 0.00013649879838339984, 9.32695038500242e-05, 9.759647218743339e-05, 0.0001544239785289392, 0.00022212076873984188, 0.00025995163014158607, 0.00021637260215356946, 0.000234067760175094, 0.00019825749041046947, 0.00022252432245295495, 8.701498700247612e-06], "lowlevel.barkbands.stdev": [0.004456222523003817, 0.01830965466797352, 0.004728085361421108, 0.004301061853766441, 0.008898838423192501, 0.009699155576527119, 0.004933235235512257, 0.004726756364107132, 0.0029609284829348326, 0.002315587131306529, 0.0007946759578771889, 0.0017949765315279365, 0.0008171733352355659, 0.0013505300739780068, 0.0004924012464471161, 0.00031912385020405054, 0.00026078871451318264, 0.0002167301718145609, 0.00016179207887034863, 0.00020919012604281306, 0.0003349398903083056, 0.0004077044141013175, 0.0003739817766472697, 0.00042365098488517106, 0.0002755416207946837, 0.0003576854942366481, 1.9569910364225507e-05], "lowlevel.erbbands.mean": [0.4982491731643677, 1.3259644508361816, 2.371123790740967, 8.67304801940918, 14.428733825683594, 26.891845703125, 67.45892333984375, 51.4134635925293, 33.85969924926758, 67.29238891601562, 40.25011444091797, 37.01057434082031, 23.610435485839844, 19.466672897338867, 16.115365982055664, 29.04305648803711, 19.546154022216797, 27.27654457092285, 15.917449951171875, 11.101729393005371, 7.306963920593262, 7.677899360656738, 5.5190935134887695, 4.624460220336914, 5.782682418823242, 7.411330699920654, 7.227669715881348, 10.162398338317871, 10.206683158874512, 6.69523286819458, 6.030663013458252, 5.1797404289245605, 3.630220890045166, 2.202059507369995, 1.4229320287704468, 0.8899035453796387, 0.4244249761104584, 0.06930691003799438, 0.0013655772199854255, 9.848507033893839e-05], "lowlevel.erbbands.stdev": [0.9105919599533081, 2.71590518951416, 4.427174091339111, 9.893579483032227, 13.16049861907959, 36.34373092651367, 91.0427474975586, 72.19308471679688, 62.296852111816406, 116.29158020019531, 76.2538833618164, 79.85323333740234, 52.33710861206055, 54.51679992675781, 32.461395263671875, 83.95885467529297, 36.3298454284668, 74.10962677001953, 27.199440002441406, 24.509483337402344, 14.743165969848633, 15.168062210083008, 12.270398139953613, 7.672964572906494, 8.912206649780273, 10.151941299438477, 11.513047218322754, 14.8929443359375, 16.06382942199707, 10.76400375366211, 10.568303108215332, 10.408364295959473, 6.1534743309021, 3.1389095783233643, 2.167597770690918, 1.4413517713546753, 0.7019781470298767, 0.11543051898479462, 0.002260008594021201, 7.526802073698491e-05], "lowlevel.gfcc.mean": [28.415056228637695, 79.98639678955078, -71.4698257446289, 22.975683212280273, -69.9283218383789, 10.883983612060547, -46.4757194519043, -0.547980785369873, -27.22199058532715, 15.59070873260498, -18.87438201904297, 6.068357944488525, -13.545686721801758], "lowlevel.melbands.mean": [0.0036736764013767242, 0.001391942729242146, 0.0016490294365212321, 0.0013718820409849286, 0.0022259254474192858, 0.001214747317135334, 0.0005244927597232163, 0.0007148931617848575, 0.00030135788256302476, 0.00020978148677386343, 0.00011817503400379792, 8.719525067135692e-05, 4.9620841309661046e-05, 7.273754454217851e-05, 5.2801507990807295e-05, 4.431578781805001e-05, 5.136352774570696e-05, 2.6802255888469517e-05, 1.6989595678751357e-05, 1.2000527931377292e-05, 7.835494216124061e-06, 8.260994945885614e-06, 6.480348474724451e-06, 3.9530509639007505e-06, 3.6504682157101342e-06, 3.7042748317617225e-06, 5.210633389651775e-06, 4.689748493547086e-06, 4.224066287861206e-06, 5.080537448520772e-06, 6.096639936004067e-06, 6.195885816850932e-06, 4.289945991331479e-06, 3.579979647838627e-06, 3.418230789975496e-06, 3.3555015761521645e-06, 3.160566166116041e-06, 2.6109919417649508e-06, 2.3254117422766285e-06, 1.6859847846717457e-06], "lowlevel.melbands.stdev": [0.006497991271317005, 0.0020280221942812204, 0.001575362985022366, 0.0014366472605615854, 0.0026525380089879036, 0.0016007137019187212, 0.0009130952530540526, 0.0012306724674999714, 0.000562429369892925, 0.00047265508328564465, 0.00028377037961035967, 0.0002536350511945784, 0.0001123975234804675, 0.00021258022752590477, 0.00012682564556598663, 0.00010969920549541712, 0.00013677366951014847, 5.060326657257974e-05, 3.595589805627242e-05, 2.8906428269692697e-05, 1.5959063603077084e-05, 1.621836236154195e-05, 1.792280818335712e-05, 6.812110768805724e-06, 6.3620377659390215e-06, 6.487237897090381e-06, 7.501127129216911e-06, 6.5616827669146005e-06, 7.290604571608128e-06, 7.916483809822239e-06, 9.070908163266722e-06, 1.0031684723799117e-05, 7.005797215242637e-06, 6.007964202581206e-06, 5.9790691011585295e-06, 6.753944944648538e-06, 6.613754976569908e-06, 4.643517968361266e-06, 3.834438757621683e-06, 2.4288710847031325e-06], "lowlevel.melbands128.mean": [0.003014751011505723, 0.004938978236168623, 0.0037837529089301825, 0.0016238760435953736, 0.0009886721381917596, 0.001292050932534039, 0.0017962577985599637, 0.001801205682568252, 0.0014247698709368706, 0.0010876305168494582, 0.001376958331093192, 0.0022384673357009888, 0.002451743697747588, 0.002351755276322365, 0.0012618277687579393, 0.0005623563774861395, 0.0005345601821318269, 0.00044181541306898, 0.0005541542777791619, 0.0009740930399857461, 0.0006686520646326244, 0.000338753336109221, 0.0002378455246798694, 0.0002552861697040498, 0.00032897305209189653, 0.00013843175838701427, 8.465941209578887e-05, 9.04603220988065e-05, 0.00019269569020252675, 0.00010724359162850305, 4.929956412524916e-05, 3.9234011637745425e-05, 6.574978033313528e-05, 4.229273326927796e-05, 3.489361552055925e-05, 0.0001080909205484204, 9.606518142390996e-05, 3.225258114980534e-05, 4.5169548684498295e-05, 3.8740832678740844e-05, 3.3714411983964965e-05, 7.10699096089229e-05, 4.854150029132143e-05, 5.058550232206471e-05, 3.28500427713152e-05, 1.9218694433220662e-05, 2.4805096472846344e-05, 1.5366935258498415e-05, 1.444870576960966e-05, 1.7286014553974383e-05, 1.018637885863427e-05, 9.36160358833149e-06, 7.102747076714877e-06, 7.987876415427309e-06, 7.648563041584566e-06, 9.828656402532943e-06, 6.351216143229976e-06, 7.917476068541873e-06, 6.3859092733764555e-06, 4.142821580899181e-06, 3.875586571666645e-06, 3.589997731978656e-06, 3.7952033835608745e-06, 3.7354436699388316e-06, 3.2410318908659974e-06, 3.8131097426230554e-06, 3.71157352674345e-06, 4.259282377461204e-06, 5.906325895921327e-06, 6.297032086877152e-06, 4.495234406931559e-06, 4.1063708522415254e-06, 3.860074684780557e-06, 4.615840680344263e-06, 4.037145572510781e-06, 4.3879163058591075e-06, 6.031536941009108e-06, 6.187562576087657e-06, 6.130884685262572e-06, 5.56962095288327e-06, 6.966797627683263e-06, 6.319168278423604e-06, 5.028744453738909e-06, 4.294238351576496e-06, 3.3512883419462014e-06, 3.4458062145859003e-06, 3.673321771202609e-06, 3.7753363812953467e-06, 3.0955206966609694e-06, 3.515367097861599e-06, 3.565782208170276e-06, 3.3177307159348857e-06, 2.940402055173763e-06, 3.3677906685625203e-06, 3.017693643414532e-06, 3.1912211397866486e-06, 2.276018221891718e-06, 2.0429890810191864e-06, 2.873706080208649e-06, 2.207566467404831e-06, 1.5513890048168832e-06, 1.8293769699084805e-06, 1.4193519746186212e-06, 1.6132414657477057e-06, 1.445656721443811e-06, 1.8185237422585487e-06, 1.6246247014350956e-06, 1.4790238083151053e-06, 1.583659013704164e-06, 1.414750840922352e-06, 1.6423849729108042e-06, 1.6980881127892644e-06, 1.294082721869927e-06, 1.2045032917740173e-06, 1.0512375183679978e-06, 9.293880225413886e-07, 3.6591339380720456e-07, 4.011056375929911e-09, 1.3976235099799617e-11, 1.0583573080424902e-11, 1.2251632867943396e-11, 8.64187627708235e-12, 7.758858659723256e-12, 7.40651723979413e-12, 6.8415008901145935e-12, 6.21835569147855e-12, 5.923511247479807e-12, 5.854997042753496e-12], "lowlevel.melbands128.stdev": [0.00360258505679667, 0.008665479719638824, 0.008089426904916763, 0.003347602440044284, 0.002227538963779807, 0.0023624328896403313, 0.002336291130632162, 0.002100661164149642, 0.0015705825062468648, 0.0015650265850126743, 0.0024624899961054325, 0.003387709613889456, 0.004434848669916391, 0.0035680599976330996, 0.002459328155964613, 0.0012319368543103337, 0.001463268999941647, 0.0011780273634940386, 0.0012353399069979787, 0.001976393861696124, 0.001604072516784072, 0.0009503972833044827, 0.000745678145904094, 0.0006535520078614354, 0.0008625508635304868, 0.0005734735750593245, 0.00025139644276350737, 0.00021836110681761056, 0.0007406332879327238, 0.00035283371107652783, 0.00028786982875317335, 0.00011879480734933168, 0.00019848499505314976, 9.175083687296137e-05, 9.616241732146591e-05, 0.00042217111331410706, 0.0003482396714389324, 0.00012022835289826617, 0.00013658440730068833, 9.087925718631595e-05, 8.934920333558694e-05, 0.0003670300939120352, 0.00013604013656731695, 0.00014955154620110989, 0.00010558956273598596, 4.574628110276535e-05, 5.6036198657238856e-05, 3.7719208194175735e-05, 4.0512008126825094e-05, 5.3572584874928e-05, 2.7256934117758647e-05, 2.672397567948792e-05, 1.8228112821816467e-05, 1.701350265648216e-05, 2.0166282411082648e-05, 2.2520080165122636e-05, 1.1372592780389823e-05, 2.1384505089372396e-05, 2.572984703874681e-05, 8.02960403234465e-06, 7.275984444277128e-06, 6.8901149461453315e-06, 6.99256361258449e-06, 7.606087365275016e-06, 6.3162769947666675e-06, 7.935886060295161e-06, 6.978781584621174e-06, 7.750712939014193e-06, 9.479556865699124e-06, 9.549767128191888e-06, 7.647715392522514e-06, 6.369448328769067e-06, 6.495417892438127e-06, 1.064090793079231e-05, 6.824408046668395e-06, 7.488123173970962e-06, 1.0696041499613784e-05, 1.0271690371155273e-05, 9.605757441022433e-06, 9.316617251897696e-06, 1.2948686162417289e-05, 1.052415154845221e-05, 9.297315955336671e-06, 7.484963589377003e-06, 6.103760370024247e-06, 6.155582923383918e-06, 6.879015018057544e-06, 6.972338724153815e-06, 5.744158897869056e-06, 6.928258244442986e-06, 7.457090305251768e-06, 7.83537052484462e-06, 6.01707688474562e-06, 8.191639608412515e-06, 6.48771447231411e-06, 6.403121005860157e-06, 4.191548214294016e-06, 3.961506990890484e-06, 5.359563601814443e-06, 3.517341610859148e-06, 2.6535747110756347e-06, 2.7879077606485225e-06, 2.5776457732717972e-06, 2.595254045445472e-06, 2.5396830096724443e-06, 3.3880369301186875e-06, 2.814231038428261e-06, 2.5881540750560816e-06, 2.888272547352244e-06, 2.5215570076397853e-06, 3.0679027531732572e-06, 3.4304289329156745e-06, 2.2690633159072604e-06, 1.9401131794438697e-06, 1.7700576790957712e-06, 1.645302518227254e-06, 8.012459034034691e-07, 1.9122429861795354e-08, 1.2730418108564123e-10, 7.695325626722038e-11, 1.382769593272215e-10, 3.800512335394579e-11, 3.0168475356751046e-11, 2.500674320393692e-11, 1.6596887059128207e-11, 9.795594023420673e-12, 8.564877973515905e-12, 8.497542079710652e-12], "lowlevel.mfcc.mean": [-630.457275390625, 121.93119812011719, 41.28694534301758, 18.314836502075195, 0.39100202918052673, 9.571335792541504, -7.391305923461914, -11.811676979064941, -4.876098155975342, -3.9206743240356445, 0.20362204313278198, 2.404435157775879, -1.9078174829483032], "lowlevel.spectral_contrast_coeffs.mean": [-0.629317045211792, -0.6941621899604797, -0.7843648195266724, -0.8053479194641113, -0.8215253949165344, -0.7545671463012695], "lowlevel.spectral_contrast_coeffs.stdev": [0.09094280749559402, 0.07761429250240326, 0.07199384272098541, 0.04955466091632843, 0.03141305595636368, 0.03943565487861633], "lowlevel.spectral_contrast_valleys.mean": [-6.397842884063721, -6.506660461425781, -7.446449279785156, -7.712674617767334, -7.747531414031982, -9.833916664123535], "lowlevel.spectral_contrast_valleys.stdev": [0.6230950951576233, 0.5304965972900391, 0.5716761350631714, 0.593078076839447, 0.7139075398445129, 0.8898362517356873], "rhythm.beats_loudness_band_ratio.mean": [0.34322500228881836, 0.39344748854637146, 0.15715184807777405, 0.06395730376243591, 0.031112615019083023, 0.07356759905815125], "rhythm.beats_loudness_band_ratio.stdev": [0.17952097952365875, 0.21056972444057465, 0.13524284958839417, 0.080867700278759, 0.0317167267203331, 0.08165726810693741], "tonal.hpcp.mean": [0.17832182347774506, 0.17501859366893768, 0.0919056087732315, 0.05701833590865135, 0.05074909329414368, 0.07322265207767487, 0.13494612276554108, 0.1554863005876541, 0.1336359977722168, 0.21154417097568512, 0.20529578626155853, 0.09540007263422012, 0.06639691442251205, 0.06779651343822479, 0.08953315764665604, 0.14941470324993134, 0.15793253481388092, 0.10141309350728989, 0.06606708467006683, 0.05402578413486481, 0.09949927777051926, 0.2470920979976654, 0.26638901233673096, 0.16184121370315552, 0.13258744776248932, 0.0855194479227066, 0.045095909386873245, 0.05498824641108513, 0.05649631842970848, 0.05453546345233917, 0.1766851395368576, 0.20249970257282257, 0.08912220597267151, 0.07526944577693939, 0.07584086060523987, 0.09441447257995605], "tonal.hpcp.stdev": [0.28451812267303467, 0.2769581079483032, 0.1921623796224594, 0.14930512011051178, 0.14353744685649872, 0.1868990808725357, 0.2486618459224701, 0.26023390889167786, 0.22384226322174072, 0.3052494525909424, 0.2995806932449341, 0.20391763746738434, 0.18048334121704102, 0.18751491606235504, 0.19735993444919586, 0.2826095521450043, 0.28815698623657227, 0.22938278317451477, 0.18649713695049286, 0.16007670760154724, 0.21896150708198547, 0.32920485734939575, 0.3344772458076477, 0.2531956732273102, 0.2662436068058014, 0.1952502578496933, 0.14538231492042542, 0.16778330504894257, 0.17219065129756927, 0.14951558411121368, 0.26926666498184204, 0.2952437698841095, 0.17564870417118073, 0.19594506919384003, 0.18715354800224304, 0.2019708901643753], "rhythm.beats_position": [0.4411791265010834, 0.8823582530021667, 1.3119274377822876, 1.7414965629577637, 2.1594557762145996, 2.5774149894714355, 2.9953742027282715, 3.4133331775665283, 3.8312923908233643, 4.260861396789551, 4.690430641174316, 5.108389854431152, 5.526349067687988, 5.944308280944824, 6.3854875564575195, 6.8034467697143555, 7.233015537261963, 7.6625847816467285, 8.080544471740723, 8.498503684997559, 8.916461944580078, 9.346031188964844, 9.76399040222168, 10.181949615478516, 10.611518859863281, 11.029478073120117, 11.447437286376953, 11.865396499633789, 12.306575775146484, 12.72453498840332, 13.142494201660156, 13.560453414916992, 13.990022659301758, 14.419591903686523, 14.83755111694336, 15.255510330200195, 15.673469543457031, 16.103038787841797, 16.532608032226562, 16.9505672454834, 17.368526458740234, 17.78648567199707, 18.204444885253906, 18.622404098510742, 19.063581466674805, 19.48154067993164, 19.899499893188477, 20.329069137573242, 20.758638381958008, 21.176597595214844, 21.59455680847168, 22.012516021728516, 22.44208526611328, 22.860044479370117, 23.289613723754883, 23.70757293701172, 24.125532150268555, 24.54349136352539, 24.961450576782227, 25.379409790039062, 25.820589065551758, 26.250158309936523, 26.67972755432129, 27.097686767578125], "rhythm.bpm_histogram": [0.0, 0.0, 0.0, 0.0, 0.0, 0.0, 0.0, 0.0, 0.0, 0.0, 0.0, 0.0, 0.0, 0.0, 0.0, 0.0, 0.0, 0.0, 0.0, 0.0, 0.0, 0.0, 0.0, 0.0, 0.0, 0.0, 0.0, 0.0, 0.0, 0.0, 0.0, 0.0, 0.0, 0.0, 0.0, 0.0, 0.0, 0.0, 0.0, 0.0, 0.0, 0.0, 0.0, 0.0, 0.0, 0.0, 0.0, 0.0, 0.0, 0.0, 0.0, 0.0, 0.0, 0.0, 0.0, 0.0, 0.0, 0.0, 0.0, 0.0, 0.0, 0.0, 0.0, 0.0, 0.0, 0.0, 0.0, 0.0, 0.0, 0.0, 0.0, 0.0, 0.0, 0.0, 0.0, 0.0, 0.0, 0.0, 0.0, 0.0, 0.0, 0.0, 0.0, 0.0, 0.0, 0.0, 0.0, 0.0, 0.0, 0.0, 0.0, 0.0, 0.0, 0.0, 0.0, 0.0, 0.0, 0.0, 0.0, 0.0, 0.0, 0.0, 0.0, 0.0, 0.0, 0.0, 0.0, 0.0, 0.0, 0.0, 0.0, 0.0, 0.0, 0.0, 0.0, 0.0, 0.0, 0.0, 0.0, 0.0, 0.0, 0.0, 0.0, 0.0, 0.0, 0.0, 0.0, 0.0, 0.0, 0.0, 0.0, 0.0, 0.0, 0.0, 0.0, 0.0, 0.0793650820851326, 0.0, 0.0, 0.0, 0.2857142984867096, 0.0, 0.0, 0.0, 0.6349206566810608, 0.0, 0.0, 0.0, 0.0, 0.0, 0.0, 0.0, 0.0, 0.0, 0.0, 0.0, 0.0, 0.0, 0.0, 0.0, 0.0, 0.0, 0.0, 0.0, 0.0, 0.0, 0.0, 0.0, 0.0, 0.0, 0.0, 0.0, 0.0, 0.0, 0.0, 0.0, 0.0, 0.0, 0.0, 0.0, 0.0, 0.0, 0.0, 0.0, 0.0, 0.0, 0.0, 0.0, 0.0, 0.0, 0.0, 0.0, 0.0, 0.0, 0.0, 0.0, 0.0, 0.0, 0.0, 0.0, 0.0, 0.0, 0.0, 0.0, 0.0, 0.0, 0.0, 0.0, 0.0, 0.0, 0.0, 0.0, 0.0, 0.0, 0.0, 0.0, 0.0, 0.0, 0.0, 0.0, 0.0, 0.0, 0.0, 0.0, 0.0, 0.0, 0.0, 0.0, 0.0, 0.0, 0.0, 0.0, 0.0, 0.0, 0.0, 0.0, 0.0, 0.0, 0.0, 0.0, 0.0, 0.0, 0.0, 0.0, 0.0, 0.0, 0.0, 0.0, 0.0, 0.0], "tonal.chords_histogram": [41.275169372558594, 3.020134210586548, 15.604026794433594, 0.6711409687995911, 0.0, 0.0, 0.0, 0.0, 1.1744966506958008, 0.0, 0.0, 0.0, 0.0, 0.0, 0.0, 0.0, 0.0, 0.16778524219989777, 0.0, 0.0, 0.5033556818962097, 0.0, 7.718120574951172, 29.865772247314453], "tonal.thpcp": [1.0, 0.6075371503829956, 0.4977211654186249, 0.32103219628334045, 0.16928592324256897, 0.20642085373401642, 0.21208201348781586, 0.204721137881279, 0.6632598638534546, 0.7601653933525085, 0.33455660939216614, 0.28255462646484375, 0.2846996486186981, 0.35442328453063965, 0.6694038510322571, 0.6570038199424744, 0.34500524401664734, 0.21404162049293518, 0.1905074566602707, 0.2748711407184601, 0.5065754055976868, 0.5836813449859619, 0.5016573071479797, 0.7941174507141113, 0.7706615924835205, 0.35812315344810486, 0.2492479532957077, 0.25450190901756287, 0.3360992968082428, 0.5608891248703003, 0.5928642749786377, 0.38069549202919006, 0.2480098009109497, 0.20280785858631134, 0.3735111951828003, 0.9275611639022827], "lowlevel.gfcc.cov": [[2197.767333984375, -911.3309326171875, -176.18711853027344, 38.4257926940918, -25.984670639038086, 49.18764114379883, -108.55411529541016, 107.69206237792969, -113.90907287597656, 62.23552322387695, -106.78276062011719, 50.73399353027344, -105.83830261230469], [-911.3309326171875, 1416.8056640625, -126.27664947509766, -334.4696960449219, 150.4348602294922, -31.779685974121094, 209.09280395507812, -37.751060485839844, 157.42300415039062, -24.190847396850586, 65.50386047363281, -81.78077697753906, 120.501708984375], [-176.18711853027344, -126.27664947509766, 675.08203125, 113.9131851196289, 45.59659194946289, 96.67179870605469, 9.89223861694336, 39.448848724365234, 20.544208526611328, 80.03715515136719, 62.152774810791016, 90.25613403320312, -18.45193099975586], [38.4257926940918, -334.4696960449219, 113.9131851196289, 600.1663208007812, 56.96248245239258, -8.865926742553711, -75.15779876708984, -0.4423932731151581, 48.15013122558594, 17.080663681030273, 75.28794860839844, 34.1528434753418, 56.0672721862793], [-25.984670639038086, 150.4348602294922, 45.59659194946289, 56.96248245239258, 277.2151184082031, 81.44477081298828, 41.05274963378906, 56.61015701293945, 86.89864349365234, 69.97265625, 26.798320770263672, 28.83234405517578, 40.460243225097656], [49.18764114379883, -31.779685974121094, 96.67179870605469, -8.865926742553711, 81.44477081298828, 221.21812438964844, 125.77996063232422, 65.94945526123047, 21.203245162963867, 41.60416793823242, 20.02461814880371, 21.550716400146484, -8.244468688964844], [-108.55411529541016, 209.09280395507812, 9.89223861694336, -75.15779876708984, 41.05274963378906, 125.77996063232422, 225.4807891845703, 89.03738403320312, 22.452804565429688, -6.737398147583008, 13.172475814819336, 11.574784278869629, 18.524717330932617], [107.69206237792969, -37.751060485839844, 39.448848724365234, -0.4423932731151581, 56.61015701293945, 65.94945526123047, 89.03738403320312, 136.67141723632812, 51.44860076904297, 16.33364486694336, -16.307022094726562, 18.323015213012695, 8.768168449401855], [-113.90907287597656, 157.42300415039062, 20.544208526611328, 48.15013122558594, 86.89864349365234, 21.203245162963867, 22.452804565429688, 51.44860076904297, 163.3871307373047, 80.98709106445312, 31.683353424072266, -1.0614622831344604, 40.253108978271484], [62.23552322387695, -24.190847396850586, 80.03715515136719, 17.080663681030273, 69.97265625, 41.60416793823242, -6.737398147583008, 16.33364486694336, 80.98709106445312, 144.3684539794922, 54.89923095703125, 18.04462242126465, -0.04283595085144043], [-106.78276062011719, 65.50386047363281, 62.152774810791016, 75.28794860839844, 26.798320770263672, 20.02461814880371, 13.172475814819336, -16.307022094726562, 31.683353424072266, 54.89923095703125, 109.59944152832031, 41.09456253051758, 20.269027709960938], [50.73399353027344, -81.78077697753906, 90.25613403320312, 34.1528434753418, 28.83234405517578, 21.550716400146484, 11.574784278869629, 18.323015213012695, -1.0614622831344604, 18.04462242126465, 41.09456253051758, 99.8498306274414, 32.856903076171875], [-105.83830261230469, 120.501708984375, -18.45193099975586, 56.0672721862793, 40.460243225097656, -8.244468688964844, 18.524717330932617, 8.768168449401855, 40.253108978271484, -0.04283595085144043, 20.269027709960938, 32.856903076171875, 98.62185668945312]], "lowlevel.gfcc.icov": [[0.0008114525699056685, 0.0001659949339227751, 0.0005047638551332057, -0.00014842201198916882, 6.970630784053355e-05, -0.00025426107458770275, 0.0005190938827581704, -0.0010031420970335603, 0.0008794747409410775, -0.0011170514626428485, 0.0008446121355518699, -0.0008352643926627934, 0.0005338972550816834], [0.0001659949339227751, 0.003668423742055893, -0.0007497550104744732, 0.0027546596247702837, -0.002649144269526005, 0.0025100824423134327, -0.0039362832903862, 0.003599252551794052, -0.003776300698518753, 0.0037295049987733364, -0.004252731334418058, 0.004861697554588318, -0.003497180063277483], [0.0005047638551332057, -0.0007497550104744732, 0.002492580795660615, -0.0010883418144658208, 0.0008318783366121352, -0.0014147754991427064, 0.001478508347645402, -0.0017124505247920752, 0.001417265273630619, -0.002264297567307949, 0.0015120438765734434, -0.0034735563676804304, 0.0022248998284339905], [-0.00014842201198916882, 0.0027546596247702837, -0.0010883418144658208, 0.004468624945729971, -0.0022995262406766415, 0.001508017536252737, -0.001403558300808072, 0.002019858220592141, -0.0034105624072253704, 0.004500709008425474, -0.00579640781506896, 0.004813838750123978, -0.004134124610573053], [6.970630784053355e-05, -0.002649144269526005, 0.0008318783366121352, -0.0022995262406766415, 0.007175195496529341, -0.003562068333849311, 0.0034037551376968622, -0.0035994374193251133, 0.0015461008297279477, -0.004329195711761713, 0.0038527906872332096, -0.004408487118780613, 0.0012578084133565426], [-0.00025426107458770275, 0.0025100824423134327, -0.0014147754991427064, 0.001508017536252737, -0.003562068333849311, 0.010575404390692711, -0.007984897121787071, 0.002752097323536873, -0.0017568699549883604, 0.0007018902688287199, -0.0026165114250034094, 0.0032755788415670395, -0.0006974051939323545], [0.0005190938827581704, -0.0039362832903862, 0.001478508347645402, -0.001403558300808072, 0.0034037551376968622, -0.007984897121787071, 0.01535507757216692, -0.010749651119112968, 0.005175245460122824, -0.0016220384277403355, 0.0006383736035786569, -0.003810582449659705, 0.0014740920159965754], [-0.0010031420970335603, 0.003599252551794052, -0.0017124505247920752, 0.002019858220592141, -0.0035994374193251133, 0.002752097323536873, -0.010749651119112968, 0.02010658197104931, -0.01017152238637209, 0.004936885088682175, 0.0014020700473338366, 0.001251146662980318, -0.0015559775056317449], [0.0008794747409410775, -0.003776300698518753, 0.001417265273630619, -0.0034105624072253704, 0.0015461008297279477, -0.0017568699549883604, 0.005175245460122824, -0.01017152238637209, 0.01848079450428486, -0.011868071742355824, 0.003741927444934845, -0.001338470377959311, -0.000958250486291945], [-0.0011170514626428485, 0.0037295049987733364, -0.002264297567307949, 0.004500709008425474, -0.004329195711761713, 0.0007018902688287199, -0.0016220384277403355, 0.004936885088682175, -0.011868071742355824, 0.020502295345067978, -0.012119540944695473, 0.0062514194287359715, -0.0017764850053936243], [0.0008446121355518699, -0.004252731334418058, 0.0015120438765734434, -0.00579640781506896, 0.0038527906872332096, -0.0026165114250034094, 0.0006383736035786569, 0.0014020700473338366, 0.003741927444934845, -0.012119540944695473, 0.02441589906811714, -0.013872570358216763, 0.0057081314735114574], [-0.0008352643926627934, 0.004861697554588318, -0.0034735563676804304, 0.004813838750123978, -0.004408487118780613, 0.0032755788415670395, -0.003810582449659705, 0.001251146662980318, -0.001338470377959311, 0.0062514194287359715, -0.013872570358216763, 0.025404419749975204, -0.01259990967810154], [0.0005338972550816834, -0.003497180063277483, 0.0022248998284339905, -0.004134124610573053, 0.0012578084133565426, -0.0006974051939323545, 0.0014740920159965754, -0.0015559775056317449, -0.000958250486291945, -0.0017764850053936243, 0.0057081314735114574, -0.01259990967810154, 0.020454419776797295]], "lowlevel.mfcc.cov": [[2387.455810546875, -918.83935546875, -323.5163269042969, -18.833389282226562, -12.559937477111816, -72.09918975830078, -22.034120559692383, -7.42023229598999, -25.93219757080078, 14.075056076049805, -12.242462158203125, -68.43441009521484, -70.91970825195312], [-918.83935546875, 1540.8289794921875, -193.68087768554688, -286.9498596191406, -119.52265930175781, 5.070199966430664, 33.404022216796875, 12.985869407653809, 134.20040893554688, 19.701984405517578, 59.653377532958984, 48.910797119140625, -5.957450866699219], [-323.5163269042969, -193.68087768554688, 544.895751953125, 97.20435333251953, 45.208126068115234, 50.979488372802734, 29.861553192138672, 21.844512939453125, -58.32573318481445, 2.7153539657592773, 15.46573543548584, 23.481441497802734, 54.785648345947266], [-18.833389282226562, -286.9498596191406, 97.20435333251953, 381.1355895996094, 154.9691162109375, 18.1084041595459, -46.33407211303711, -19.311887741088867, -26.550561904907227, 12.246957778930664, -34.22129440307617, 11.112091064453125, 42.387752532958984], [-12.559937477111816, -119.52265930175781, 45.208126068115234, 154.9691162109375, 261.05584716796875, 70.5714111328125, -31.684816360473633, -25.969810485839844, 12.32275390625, 38.989501953125, 20.3521671295166, 23.505943298339844, 40.439666748046875], [-72.09918975830078, 5.070199966430664, 50.979488372802734, 18.1084041595459, 70.5714111328125, 148.2810821533203, 58.925437927246094, 12.81417179107666, 7.560077667236328, 33.486114501953125, 47.943668365478516, 37.146484375, 11.899788856506348], [-22.034120559692383, 33.404022216796875, 29.861553192138672, -46.33407211303711, -31.684816360473633, 58.925437927246094, 168.60606384277344, 95.03693389892578, 20.63067626953125, 7.3112969398498535, 31.833377838134766, 5.400221824645996, -4.762815952301025], [-7.42023229598999, 12.985869407653809, 21.844512939453125, -19.311887741088867, -25.969810485839844, 12.81417179107666, 95.03693389892578, 160.87356567382812, 65.86292266845703, 5.858589172363281, 6.14948844909668, -2.1146345138549805, 9.372775077819824], [-25.93219757080078, 134.20040893554688, -58.32573318481445, -26.550561904907227, 12.32275390625, 7.560077667236328, 20.63067626953125, 65.86292266845703, 150.51939392089844, 59.0350227355957, 19.79163932800293, -1.7034144401550293, -7.44863748550415], [14.075056076049805, 19.701984405517578, 2.7153539657592773, 12.246957778930664, 38.989501953125, 33.486114501953125, 7.3112969398498535, 5.858589172363281, 59.0350227355957, 119.65555572509766, 60.61488723754883, 17.939939498901367, -4.402074337005615], [-12.242462158203125, 59.653377532958984, 15.46573543548584, -34.22129440307617, 20.3521671295166, 47.943668365478516, 31.833377838134766, 6.14948844909668, 19.79163932800293, 60.61488723754883, 102.19524383544922, 43.38577651977539, 7.13498067855835], [-68.43441009521484, 48.910797119140625, 23.481441497802734, 11.112091064453125, 23.505943298339844, 37.146484375, 5.400221824645996, -2.1146345138549805, -1.7034144401550293, 17.939939498901367, 43.38577651977539, 84.32066345214844, 40.036468505859375], [-70.91970825195312, -5.957450866699219, 54.785648345947266, 42.387752532958984, 40.439666748046875, 11.899788856506348, -4.762815952301025, 9.372775077819824, -7.44863748550415, -4.402074337005615, 7.13498067855835, 40.036468505859375, 88.31346130371094]], "lowlevel.mfcc.icov": [[0.0007248219917528331, 0.0005621850723400712, 0.0005616958369500935, 0.00026816976605914533, -1.3770279110758565e-05, 0.00022386845375876874, -4.000583794550039e-05, -3.86328756576404e-05, -1.7029126411216566e-06, -0.00013309340283740312, -0.0003020619915332645, 0.00012123487977078184, 8.357303158845752e-05], [0.0005621850723400712, 0.0013154062908142805, 0.0005767521215602756, 0.000700084725394845, 0.00021341221872717142, 0.00010784853657241911, -0.0001631344057386741, 0.0004668153414968401, -0.0010026628151535988, 0.0002738547627814114, -0.00039199204184114933, -0.0004443690413609147, -0.00016200740355998278], [0.0005616958369500935, 0.0005767521215602756, 0.0026911920867860317, -0.00015033912495709956, 0.00016204375424422324, -0.0004474712477531284, -7.184318383224308e-05, -0.0006409737397916615, 0.0011087683960795403, -0.0004883555229753256, -0.000540170120075345, 0.000490323465783149, -0.001166585716418922], [0.00026816976605914533, 0.000700084725394845, -0.00015033912495709956, 0.0045449137687683105, -0.0022609818261116743, 0.000335821503540501, 0.00034934122231788933, -0.00036838254891335964, 0.0006413113442249596, -0.001466511283069849, 0.002607266651466489, -0.0010616222862154245, -0.0005259360768832266], [-1.3770279110758565e-05, 0.00021341221872717142, 0.00016204375424422324, -0.0022609818261116743, 0.006886254530400038, -0.0034159121569246054, 0.0015784186543896794, 0.0009264245163649321, -0.0013975105248391628, -0.00020353133731987327, -0.0012734009651467204, 0.0014313086867332458, -0.002392205409705639], [0.00022386845375876874, 0.00010784853657241911, -0.0004474712477531284, 0.000335821503540501, -0.0034159121569246054, 0.011829188093543053, -0.004966309759765863, 0.0014570753555744886, 7.933616143418476e-05, -0.0007570009329356253, -0.0014405897818505764, -0.0035309107042849064, 0.0015373066999018192], [-4.000583794550039e-05, -0.0001631344057386741, -7.184318383224308e-05, 0.00034934122231788933, 0.0015784186543896794, -0.004966309759765863, 0.012524672783911228, -0.00745389936491847, 0.0020028119906783104, 0.0006782420678064227, -0.0027935304678976536, 0.0016986926784738898, 0.0009050589287653565], [-3.86328756576404e-05, 0.0004668153414968401, -0.0006409737397916615, -0.00036838254891335964, 0.0009264245163649321, 0.0014570753555744886, -0.00745389936491847, 0.013461573980748653, -0.006726287305355072, 0.0019805515184998512, 0.000573750352486968, 0.00015630228153895587, -0.0024621321354061365], [-1.7029126411216566e-06, -0.0010026628151535988, 0.0011087683960795403, 0.0006413113442249596, -0.0013975105248391628, 7.933616143418476e-05, 0.0020028119906783104, -0.006726287305355072, 0.013358993455767632, -0.006860737223178148, 0.0017783985240384936, 0.000727912993170321, 0.0006975638098083436], [-0.00013309340283740312, 0.0002738547627814114, -0.0004883555229753256, -0.001466511283069849, -0.00020353133731987327, -0.0007570009329356253, 0.0006782420678064227, 0.0019805515184998512, -0.006860737223178148, 0.016846047714352608, -0.009729583747684956, 0.0010178941302001476, 0.001525672385469079], [-0.0003020619915332645, -0.00039199204184114933, -0.000540170120075345, 0.002607266651466489, -0.0012734009651467204, -0.0014405897818505764, -0.0027935304678976536, 0.000573750352486968, 0.0017783985240384936, -0.009729583747684956, 0.021724551916122437, -0.008682303130626678, 0.0012262759264558554], [0.00012123487977078184, -0.0004443690413609147, 0.000490323465783149, -0.0010616222862154245, 0.0014313086867332458, -0.0035309107042849064, 0.0016986926784738898, 0.00015630228153895587, 0.000727912993170321, 0.0010178941302001476, -0.008682303130626678, 0.021752210333943367, -0.008879530243575573], [8.357303158845752e-05, -0.00016200740355998278, -0.001166585716418922, -0.0005259360768832266, -0.002392205409705639, 0.0015373066999018192, 0.0009050589287653565, -0.0024621321354061365, 0.0006975638098083436, 0.001525672385469079, 0.0012262759264558554, -0.008879530243575573, 0.01761530712246895]], "metadata.audio_properties.analysis.downmix": "mix", "metadata.audio_properties.codec": "mp3", "metadata.audio_properties.md5_encoded": "d344b4b9be0c60ab36f7f94edfd3da67", "metadata.tags.file_name": "1182280044941410365.mp3", "metadata.version.essentia": "2.1-beta6-dev", "metadata.version.essentia_git_sha": "v2.1_beta5-1110-g77a6a954", "metadata.version.extractor": "music 2.0", "tonal.chords_key": "C", "tonal.chords_scale": "major", "tonal.key_edma.key": "A", "tonal.key_edma.scale": "minor", "tonal.key_krumhansl.key": "A", "tonal.key_krumhansl.scale": "minor", "tonal.key_temperley.key": "C", "tonal.key_temperley.scale": "major", "metadata.tags.encoding": ["Lavf58.45.100"]}, "essentia_models": [{"model_name": "genre_dortmund", "activations": {"alternative": "0.23964733"