{"song_id": "1182273022346940446", "download": "https://cdn.discordapp.com/attachments/1128313332273782784/1182273022346940446/chirp.mp4?ex=6584188e&amp", "lyrics": "Eddy, der Barketing-Star,\nmit einem Bellen, leuchtet der Raum.\nIn Meetings und Pausen, er ist immer da,\nsein fr\u00f6hliches Wesen, wie ein lebendiger Traum.\n\nEddy, der s\u00fc\u00dfeste Hund der Welt,\nmit seinen Augen, so rein und so hell.\nEr ist mehr als nur ein Haustier, er ist ein Freund,\nEddy, der Barketing-Star, ein Wunder, das sich lohnt.", "style": ["rap"], "essentia_features": {"lowlevel.average_loudness": 0.9642331004142761, "lowlevel.barkbands_crest.mean": 14.158616065979004, "lowlevel.barkbands_crest.stdev": 3.2352445125579834, "lowlevel.barkbands_flatness_db.mean": 0.3054954707622528, "lowlevel.barkbands_flatness_db.stdev": 0.09599070996046066, "lowlevel.barkbands_kurtosis.mean": 52.63029098510742, "lowlevel.barkbands_kurtosis.stdev": 53.720359802246094, "lowlevel.barkbands_skewness.mean": 4.4795050621032715, "lowlevel.barkbands_skewness.stdev": 2.74737286567688, "lowlevel.barkbands_spread.mean": 10.911219596862793, "lowlevel.barkbands_spread.stdev": 15.200693130493164, "lowlevel.dissonance.mean": 0.46528953313827515, "lowlevel.dissonance.stdev": 0.02401321567595005, "lowlevel.dynamic_complexity": 2.71525502204895, "lowlevel.erbbands_crest.mean": 13.56273078918457, "lowlevel.erbbands_crest.stdev": 4.846651077270508, "lowlevel.erbbands_flatness_db.mean": 0.2388058304786682, "lowlevel.erbbands_flatness_db.stdev": 0.05278439074754715, "lowlevel.erbbands_kurtosis.mean": 12.474534034729004, "lowlevel.erbbands_kurtosis.stdev": 22.019237518310547, "lowlevel.erbbands_skewness.mean": 1.9635604619979858, "lowlevel.erbbands_skewness.stdev": 2.6457619667053223, "lowlevel.erbbands_spread.mean": 39.10334777832031, "lowlevel.erbbands_spread.stdev": 31.200279235839844, "lowlevel.hfc.mean": 15.527015686035156, "lowlevel.hfc.stdev": 20.257938385009766, "lowlevel.loudness_ebu128.integrated": -18.237537384033203, "lowlevel.loudness_ebu128.loudness_range": 1.7919158935546875, "lowlevel.loudness_ebu128.momentary.mean": -19.10428810119629, "lowlevel.loudness_ebu128.momentary.stdev": 3.94429087638855, "lowlevel.loudness_ebu128.short_term.mean": -18.306537628173828, "lowlevel.loudness_ebu128.short_term.stdev": 0.608262836933136, "lowlevel.melbands_crest.mean": 22.49666404724121, "lowlevel.melbands_crest.stdev": 3.932992935180664, "lowlevel.melbands_flatness_db.mean": 0.37454143166542053, "lowlevel.melbands_flatness_db.stdev": 0.12336892634630203, "lowlevel.melbands_kurtosis.mean": 99.47513580322266, "lowlevel.melbands_kurtosis.stdev": 97.2949447631836, "lowlevel.melbands_skewness.mean": 6.10830545425415, "lowlevel.melbands_skewness.stdev": 3.476590871810913, "lowlevel.melbands_spread.mean": 8.566256523132324, "lowlevel.melbands_spread.stdev": 11.900123596191406, "lowlevel.pitch_salience.mean": 0.2625221908092499, "lowlevel.pitch_salience.stdev": 0.14096544682979584, "lowlevel.silence_rate_20dB.mean": 1.0, "lowlevel.silence_rate_20dB.stdev": 0.0, "lowlevel.silence_rate_30dB.mean": 0.9992389678955078, "lowlevel.silence_rate_30dB.stdev": 0.027576548978686333, "lowlevel.silence_rate_60dB.mean": 0.030441399663686752, "lowlevel.silence_rate_60dB.stdev": 0.17179933190345764, "lowlevel.spectral_centroid.mean": 627.270751953125, "lowlevel.spectral_centroid.stdev": 616.7066040039062, "lowlevel.spectral_complexity.mean": 8.90943717956543, "lowlevel.spectral_complexity.stdev": 9.326271057128906, "lowlevel.spectral_decrease.mean": -8.761915637478523e-09, "lowlevel.spectral_decrease.stdev": 4.528499797373797e-09, "lowlevel.spectral_energy.mean": 0.0344778336584568, "lowlevel.spectral_energy.stdev": 0.01824505254626274, "lowlevel.spectral_energyband_high.mean": 0.0007974134641699493, "lowlevel.spectral_energyband_high.stdev": 0.0023788847029209137, "lowlevel.spectral_energyband_low.mean": 0.017156312242150307, "lowlevel.spectral_energyband_low.stdev": 0.008440619334578514, "lowlevel.spectral_energyband_middle_high.mean": 0.002993035363033414, "lowlevel.spectral_energyband_middle_high.stdev": 0.006561705842614174, "lowlevel.spectral_energyband_middle_low.mean": 0.021125484257936478, "lowlevel.spectral_energyband_middle_low.stdev": 0.011460687965154648, "lowlevel.spectral_entropy.mean": 6.468231201171875, "lowlevel.spectral_entropy.stdev": 1.0847584009170532, "lowlevel.spectral_flux.mean": 0.04638206958770752, "lowlevel.spectral_flux.stdev": 0.03967662900686264, "lowlevel.spectral_kurtosis.mean": 9.440502166748047, "lowlevel.spectral_kurtosis.stdev": 10.39944839477539, "lowlevel.spectral_rms.mean": 0.005560251884162426, "lowlevel.spectral_rms.stdev": 0.0016493962612003088, "lowlevel.spectral_rolloff.mean": 683.3697509765625, "lowlevel.spectral_rolloff.stdev": 1212.9974365234375, "lowlevel.spectral_skewness.mean": 2.0576512813568115, "lowlevel.spectral_skewness.stdev": 1.2991467714309692, "lowlevel.spectral_spread.mean": 3987027.5, "lowlevel.spectral_spread.stdev": 1426015.125, "lowlevel.spectral_strongpeak.mean": 0.5527169704437256, "lowlevel.spectral_strongpeak.stdev": 0.4944172501564026, "lowlevel.zerocrossingrate.mean": 0.028694141656160355, "lowlevel.zerocrossingrate.stdev": 0.028025813400745392, "metadata.audio_properties.analysis.equal_loudness": 0.0, "metadata.audio_properties.analysis.length": 30.485328674316406, "metadata.audio_properties.analysis.sample_rate": 44100.0, "metadata.audio_properties.analysis.start_time": 0.0, "metadata.audio_properties.bit_rate": 116088.0, "metadata.audio_properties.length": 30.485332489013672, "metadata.audio_properties.lossless": 0.0, "metadata.audio_properties.number_channels": 1.0, "metadata.audio_properties.replay_gain": -8.08936882019043, "metadata.audio_properties.sample_rate": 48000.0, "rhythm.beats_count": 66.0, "rhythm.beats_loudness.mean": 0.04576585814356804, "rhythm.beats_loudness.stdev": 0.02050921507179737, "rhythm.bpm": 122.58158111572266, "rhythm.bpm_histogram_first_peak_bpm": 123.0, "rhythm.bpm_histogram_first_peak_weight": 0.3333333730697632, "rhythm.bpm_histogram_second_peak_bpm": 148.0, "rhythm.bpm_histogram_second_peak_spread": 0.125, "rhythm.bpm_histogram_second_peak_weight": 0.10769230872392654, "rhythm.danceability": 1.0720142126083374, "rhythm.onset_rate": 4.2623772621154785, "tonal.chords_changes_rate": 0.08206687122583389, "tonal.chords_number_rate": 0.007598784286528826, "tonal.chords_strength.mean": 0.48300352692604065, "tonal.chords_strength.stdev": 0.06034490466117859, "tonal.hpcp_crest.mean": 9.960578918457031, "tonal.hpcp_crest.stdev": 4.15281343460083, "tonal.hpcp_entropy.mean": 2.6249606609344482, "tonal.hpcp_entropy.stdev": 0.6597954630851746, "tonal.key_edma.strength": 0.6611008048057556, "tonal.key_krumhansl.strength": 0.6663239002227783, "tonal.key_temperley.strength": 0.6726692914962769, "tonal.tuning_diatonic_strength": 0.5070686936378479, "tonal.tuning_equal_tempered_deviation": 0.14887937903404236, "tonal.tuning_frequency": 437.9714660644531, "tonal.tuning_nontempered_energy_ratio": 0.6975317597389221, "lowlevel.barkbands.mean": [4.83392159367213e-06, 0.0001642642164370045, 0.00941254198551178, 0.017127154394984245, 0.00144509831443429, 0.000535690865945071, 0.0014477834338322282, 0.0003934522101189941, 0.00015247664123307914, 0.0001403078786097467, 0.0003621468786150217, 0.00037174957105889916, 0.000418271025409922, 0.0004775308188982308, 0.00042138289427384734, 0.0003759067039936781, 0.00014020792150404304, 2.9366778107942082e-05, 0.00014543556608259678, 0.0002207893703598529, 0.00021819525863975286, 0.00015692411398049444, 0.00012105017231078818, 0.00017170177306979895, 2.316200152563397e-05, 4.318809487813269e-07, 2.763008710715553e-09], "lowlevel.barkbands.stdev": [9.328780834039208e-06, 0.00012593930296134204, 0.004520037677139044, 0.008177407085895538, 0.001002769684419036, 0.0012816839152947068, 0.003786377375945449, 0.0013602047692984343, 0.000624621519818902, 0.0005253855488263071, 0.002045127796009183, 0.0017664413899183273, 0.0020558119285851717, 0.0018085240153595805, 0.0017593845259398222, 0.0009383461438119411, 0.0004067612171638757, 0.00012546248035505414, 0.0004042035434395075, 0.0004979668883606791, 0.0007792907417751849, 0.0006020121509209275, 0.0004596926155500114, 0.0005703189526684582, 8.977596735348925e-05, 3.366086275491398e-06, 2.2920238151868944e-08], "lowlevel.erbbands.mean": [0.0037611504085361958, 0.2133689671754837, 7.54485559463501, 36.110511779785156, 31.65869140625, 2.6161484718322754, 1.2395341396331787, 5.836602687835693, 23.418777465820312, 11.365303039550781, 7.390938758850098, 3.332552909851074, 2.798774003982544, 9.719287872314453, 14.968500137329102, 15.176254272460938, 19.12447166442871, 22.339460372924805, 26.94761085510254, 17.077966690063477, 21.20943832397461, 7.7459635734558105, 1.9388999938964844, 3.3125486373901367, 10.583477973937988, 9.988320350646973, 10.17600154876709, 6.800923824310303, 5.625903129577637, 5.402083396911621, 2.8647499084472656, 3.2682242393493652, 2.8797378540039062, 0.5169532299041748, 0.062244437634944916, 0.007560966070741415, 0.0003726809227373451, 3.187581023667008e-05, 2.210168167948723e-05, 4.060823266627267e-05], "lowlevel.erbbands.stdev": [0.0018162834458053112, 0.09302467107772827, 3.3528339862823486, 18.201379776000977, 14.387726783752441, 2.62939190864563, 2.523561716079712, 13.827826499938965, 63.403560638427734, 33.077613830566406, 24.592226028442383, 12.475509643554688, 8.453646659851074, 49.58731460571289, 87.01023864746094, 67.24017333984375, 86.58295440673828, 90.92343139648438, 96.86955261230469, 61.358951568603516, 50.80044174194336, 21.650169372558594, 7.799844741821289, 8.884906768798828, 27.380220413208008, 22.640127182006836, 31.931947708129883, 27.9962158203125, 22.21154022216797, 19.587980270385742, 11.1474027633667, 11.245834350585938, 10.034821510314941, 1.8823425769805908, 0.28734004497528076, 0.044162143021821976, 0.001904770266264677, 0.00010822567128343508, 2.189930819440633e-05, 2.3357639292953536e-05], "lowlevel.gfcc.mean": [-105.618896484375, 122.90685272216797, -99.57221221923828, 69.01331329345703, -44.18144226074219, 23.061561584472656, -34.733642578125, -21.431278228759766, -26.82451820373535, -24.115745544433594, -15.149065017700195, -37.79106521606445, -10.113088607788086], "lowlevel.melbands.mean": [2.589370524219703e-05, 0.002940269187092781, 0.006485047750174999, 0.0009369857143610716, 3.9864051359472796e-05, 0.00015843764413148165, 0.0003263726248405874, 0.00010942793596768752, 5.614096880890429e-05, 1.8170052499044687e-05, 1.313194206886692e-05, 3.6276880564400926e-05, 4.922963853459805e-05, 4.363371408544481e-05, 3.9714181184535846e-05, 4.2719482735265046e-05, 4.124530460103415e-05, 4.581746179610491e-05, 2.803836832754314e-05, 2.171662708860822e-05, 2.505934753571637e-05, 9.117304216488265e-06, 2.19831144931959e-06, 1.2821618611269514e-06, 2.4434102670056745e-06, 6.615297024836764e-06, 8.661930223752279e-06, 6.081863375584362e-06, 6.219515853445046e-06, 6.044974725227803e-06, 3.120361952824169e-06, 3.1094812129595084e-06, 3.144626361972769e-06, 2.994648639287334e-06, 1.6613134903309401e-06, 1.492108481215837e-06, 2.2102449293015525e-06, 2.4062758257059613e-06, 9.71405825112015e-07, 2.464437329763314e-07], "lowlevel.melbands.stdev": [2.10732760024257e-05, 0.0013357147108763456, 0.002952226670458913, 0.0004589922318700701, 8.288890239782631e-05, 0.00038857656181789935, 0.0008594410610385239, 0.00034301626146771014, 0.0002001501270569861, 7.119783549569547e-05, 3.999333057436161e-05, 0.00018634590378496796, 0.00026651800726540387, 0.00023465701087843627, 0.00016783417959231883, 0.00022238495876081288, 0.00017290463438257575, 0.00016537844203412533, 0.00012510723900049925, 6.402668805094436e-05, 5.9748312196461484e-05, 2.617561403894797e-05, 1.0798973562486935e-05, 4.9976219997915905e-06, 6.8013650889042765e-06, 1.910077298816759e-05, 2.0465378838707693e-05, 1.534202601760626e-05, 1.9950173737015575e-05, 2.2789765353081748e-05, 1.4234528862289153e-05, 1.2481040357670281e-05, 1.3008028872718569e-05, 1.0707111869123764e-05, 7.014778020675294e-06, 5.893809884582879e-06, 7.369709692284232e-06, 8.347556104126852e-06, 3.6233875562174944e-06, 9.676251693235827e-07], "lowlevel.melbands128.mean": [2.5144959181488957e-06, 3.933734660677146e-06, 1.2495923328970093e-05, 0.0001088250064640306, 0.0023348864633589983, 0.005295183509588242, 0.007197711616754532, 0.009133902378380299, 0.002272045472636819, 0.0001258683914784342, 5.756439350079745e-05, 3.8973586924839765e-05, 2.9258035283419304e-05, 5.020279422751628e-05, 5.108202458359301e-05, 0.00021090304653625935, 0.0005392634775489569, 0.00031294827931560576, 0.0001387502416037023, 0.00012072580284439027, 9.860791033133864e-05, 5.686324948328547e-05, 6.208592822076753e-05, 4.0766477468423545e-05, 1.5790577890584245e-05, 1.28190595205524e-05, 1.011781205306761e-05, 1.2568913007271476e-05, 1.4955337064748164e-05, 2.3941182007547468e-05, 5.003237311029807e-05, 4.980361700290814e-05, 4.771904059452936e-05, 5.114165833219886e-05, 4.686605097958818e-05, 4.182232078164816e-05, 3.488244328764267e-05, 4.244459341862239e-05, 3.841286161332391e-05, 4.493114829529077e-05, 4.28403691330459e-05, 4.0898285078583285e-05, 3.553471469786018e-05, 4.7065615945030004e-05, 4.7513360186712816e-05, 4.782040196005255e-05, 4.1714196413522586e-05, 2.942570426966995e-05, 2.1694166207453236e-05, 1.8645081581780687e-05, 1.9395441995584406e-05, 2.6438461645739153e-05, 3.206236942787655e-05, 2.251505975436885e-05, 1.4721367733727675e-05, 8.161173354892526e-06, 4.0970144254970364e-06, 2.313692220923258e-06, 1.705423187559063e-06, 1.4030363217898412e-06, 1.0863093393709278e-06, 1.3288406535139075e-06, 1.6391893495892873e-06, 2.4198920982598793e-06, 4.195521341898711e-06, 6.3098641476244666e-06, 8.42097961140098e-06, 9.123199561145157e-06, 9.465778930461966e-06, 7.054567049635807e-06, 5.7066436056629755e-06, 5.581324330705684e-06, 6.249848411243875e-06, 6.1139439821999986e-06, 6.5235199144808576e-06, 6.947826022951631e-06, 5.620913270831807e-06, 3.7533998238359345e-06, 2.6459622404217953e-06, 2.537822183512617e-06, 3.139983391520218e-06, 3.385581976544927e-06, 3.0674766549054766e-06, 3.0647486255475087e-06, 3.2694283618184272e-06, 3.1375116122944746e-06, 2.9291534247022355e-06, 2.702330903048278e-06, 1.3856036957804463e-06, 1.0971037909257575e-06, 1.3583127156380215e-06, 1.4979133311499027e-06, 1.8375128547631903e-06, 2.283315097884042e-06, 2.2867025109007955e-06, 2.7390869945520535e-06, 2.564989699749276e-06, 1.9620883904281072e-06, 7.673336313018808e-07, 6.825237051089061e-07, 3.495178475532157e-07, 1.444196158217892e-07, 1.4620438548718084e-07, 7.18906250085638e-08, 4.200573044954581e-08, 3.9091030856752695e-08, 3.5954066390786465e-08, 1.26022383639679e-08, 6.201048563525546e-09, 4.84087570029601e-09, 7.304168381239151e-10, 2.302444901403078e-10, 1.4291694216961304e-10, 9.478680340624379e-11, 6.461720741812726e-11, 4.330474520641836e-11, 2.8359826639845487e-11, 2.5733006003836323e-11, 1.4403481012059682e-11, 1.0854016470329686e-11, 1.004922881020498e-11, 7.011427896608247e-12, 6.319188228243178e-12, 6.203617480826651e-12, 6.05005715664797e-12, 5.847365126820936e-12, 5.7289212436473225e-12, 5.688108838108885e-12], "lowlevel.melbands128.stdev": [4.705702849605586e-06, 6.548438250320032e-06, 2.0617742848116904e-05, 8.20961722638458e-05, 0.0010301576694473624, 0.002682195510715246, 0.004172299522906542, 0.0040848394855856895, 0.0011122882133349776, 0.00024495055549778044, 0.00014397362247109413, 9.041487646754831e-05, 7.63037460274063e-05, 0.00015179169713519514, 0.00013671460328623652, 0.0005986352334730327, 0.0015815456863492727, 0.000983603298664093, 0.000534449121914804, 0.0004530379083007574, 0.0004022593784611672, 0.00021578143059741706, 0.0002757225593086332, 0.00018974072008859366, 5.9011941630160436e-05, 6.67725398670882e-05, 3.606565951486118e-05, 4.756894486490637e-05, 4.757414717460051e-05, 0.00011388973507564515, 0.0003244886174798012, 0.00027467202744446695, 0.00024326298444066197, 0.0005034765927121043, 0.00026495492784306407, 0.00028481200570240617, 0.0001795893767848611, 0.00022273090144153684, 0.0001738005958031863, 0.00023137801326811314, 0.0002713774738367647, 0.00024365440185647458, 0.00017686116916593164, 0.00019844934286084026, 0.00020141268032602966, 0.0001986716379178688, 0.0002087688772007823, 0.00016811778186820447, 0.00010445095540490001, 6.954328273423016e-05, 7.036999886622652e-05, 6.51192240184173e-05, 8.288741810247302e-05, 5.959648478892632e-05, 4.502768933889456e-05, 2.6797279133461416e-05, 2.3880145818111487e-05, 1.0507450497243553e-05, 9.690444130683318e-06, 6.436715921154246e-06, 3.880089479935123e-06, 5.945295924902894e-06, 5.092665560368914e-06, 7.2020811785478145e-06, 1.25220376503421e-05, 1.9900817278539762e-05, 2.7014955776394345e-05, 2.5162562451441772e-05, 2.3912278265925124e-05, 1.754592994984705e-05, 1.7025095075950958e-05, 1.680939385551028e-05, 2.33192495215917e-05, 2.1889085473958403e-05, 2.4689597921678796e-05, 2.727530591073446e-05, 2.532813959987834e-05, 1.8241336874780245e-05, 1.3833191587764304e-05, 1.1849298971355893e-05, 1.1996426110272296e-05, 1.5224434719129931e-05, 1.3571913768828381e-05, 1.6236752344411798e-05, 1.2783898455381859e-05, 1.0778437172120903e-05, 1.1625738807197195e-05, 1.3314360330696218e-05, 6.108747129474068e-06, 4.259974957676604e-06, 5.569808763539186e-06, 6.599102562176995e-06, 7.048623956507072e-06, 8.551795872335788e-06, 7.059915787976934e-06, 9.971839972422458e-06, 9.741294888954144e-06, 7.761418601148762e-06, 3.1995884910429595e-06, 2.6133932351513067e-06, 1.4309763400888187e-06, 6.649979127359984e-07, 7.545508537987189e-07, 3.6492764365902985e-07, 2.786558184197929e-07, 2.813785897615162e-07, 2.069969013973605e-07, 9.960072588910407e-08, 4.905680128786116e-08, 5.899561728028857e-08, 6.452503420462108e-09, 1.7076520197889522e-09, 1.4370059586710227e-09, 9.049166416197352e-10, 5.766510602356334e-10, 4.638959494318584e-10, 3.4113606384167383e-10, 4.5990339314627704e-10, 1.3812091748111044e-10, 9.479246554366938e-11, 8.21266873951565e-11, 1.4805021791852724e-11, 9.25669263462936e-12, 9.09255049724722e-12, 8.960670747071298e-12, 8.853221974969294e-12, 8.775543659800267e-12, 8.72738773610715e-12], "lowlevel.mfcc.mean": [-746.1732177734375, 127.28868103027344, 20.03200912475586, 41.09339141845703, 20.00935173034668, 30.70317840576172, 10.817357063293457, -3.2653322219848633, -4.545181751251221, 3.1393251419067383, -19.504899978637695, -4.902822971343994, -7.043018341064453], "lowlevel.spectral_contrast_coeffs.mean": [-0.48789605498313904, -0.7892438173294067, -0.8406087160110474, -0.8157536387443542, -0.8140129446983337, -0.7581712603569031], "lowlevel.spectral_contrast_coeffs.stdev": [0.08025426417589188, 0.09576357156038284, 0.05271647125482559, 0.058911364525556564, 0.06095808371901512, 0.052710071206092834], "lowlevel.spectral_contrast_valleys.mean": [-7.74798059463501, -7.952504634857178, -8.283464431762695, -8.315398216247559, -8.515616416931152, -11.413299560546875], "lowlevel.spectral_contrast_valleys.stdev": [0.8376805186271667, 1.0687538385391235, 0.9239128232002258, 1.1334712505340576, 1.1368409395217896, 1.2819433212280273], "rhythm.beats_loudness_band_ratio.mean": [0.7962715029716492, 0.03461970388889313, 0.06634937971830368, 0.0555419959127903, 0.045981720089912415, 0.023278845474123955], "rhythm.beats_loudness_band_ratio.stdev": [0.21301577985286713, 0.04639061912894249, 0.08613820374011993, 0.10345768928527832, 0.07837945222854614, 0.038049206137657166], "tonal.hpcp.mean": [0.01774115301668644, 0.022134248167276382, 0.019666824489831924, 0.017650865018367767, 0.03143380954861641, 0.18187648057937622, 0.5442358255386353, 0.4062657654285431, 0.02911078743636608, 0.01345021277666092, 0.013363845646381378, 0.01183936558663845, 0.011594915762543678, 0.011766856536269188, 0.010072460398077965, 0.009032867848873138, 0.011088479310274124, 0.015486943535506725, 0.014249926432967186, 0.010693075135350227, 0.4363992214202881, 0.956800103187561, 0.5332801342010498, 0.01232120394706726, 0.008408076129853725, 0.006200749892741442, 0.006651232019066811, 0.007481003180146217, 0.007440665736794472, 0.011191265657544136, 0.017032727599143982, 0.029615532606840134, 0.04615100845694542, 0.03840445354580879, 0.023334447294473648, 0.019044924527406693], "tonal.hpcp.stdev": [0.06844230741262436, 0.08919531106948853, 0.08115236461162567, 0.0728779286146164, 0.13428707420825958, 0.18251968920230865, 0.2402447611093521, 0.2063426822423935, 0.07877928018569946, 0.0657971128821373, 0.052107784897089005, 0.03394218534231186, 0.03761947900056839, 0.04831662401556969, 0.03475074842572212, 0.026057500392198563, 0.0392470583319664, 0.06502651423215866, 0.06053623929619789, 0.03762739896774292, 0.12658996880054474, 0.17127008736133575, 0.1359398365020752, 0.057046420872211456, 0.03901851549744606, 0.024891577661037445, 0.02401641197502613, 0.02878252975642681, 0.0264040008187294, 0.04464563727378845, 0.07189851999282837, 0.08322900533676147, 0.11873367428779602, 0.11222580820322037, 0.0800197497010231, 0.06724067777395248], "rhythm.beats_position": [0.5921088457107544, 1.1842176914215088, 1.7647165060043335, 2.356825351715088, 2.9489340782165527, 3.5062131881713867, 4.075101852416992, 4.643990993499756, 5.166440010070801, 5.712108612060547, 6.2461676597595215, 6.780226707458496, 7.314285755157471, 7.836734771728516, 8.359183311462402, 8.846802711486816, 9.357641220092773, 9.856870651245117, 10.356099128723145, 10.76244831085205, 11.168798446655273, 11.57514762878418, 11.981496810913086, 12.387845993041992, 12.794195175170898, 13.200544357299805, 13.583673477172852, 13.966802597045898, 14.338321685791016, 14.733060836791992, 15.10457992553711, 15.476099014282227, 15.84761905670166, 16.23074722290039, 16.613876342773438, 16.997007369995117, 17.368526458740234, 17.74004554748535, 18.07673454284668, 18.425033569335938, 18.773332595825195, 19.110021591186523, 19.435102462768555, 19.771791458129883, 20.12009048461914, 20.4683895111084, 20.816688537597656, 21.141767501831055, 21.478458404541016, 21.826757431030273, 22.314376831054688, 22.79038429260254, 23.278003692626953, 23.777233123779297, 24.26485252380371, 24.752471923828125, 25.240089416503906, 25.72770881652832, 26.238548278808594, 26.760997772216797, 27.283445358276367, 27.79428482055664, 28.305124282836914, 28.815963745117188, 29.3035831451416, 29.814420700073242], "rhythm.bpm_histogram": [0.0, 0.0, 0.0, 0.0, 0.0, 0.0, 0.0, 0.0, 0.0, 0.0, 0.0, 0.0, 0.0, 0.0, 0.0, 0.0, 0.0, 0.0, 0.0, 0.0, 0.0, 0.0, 0.0, 0.0, 0.0, 0.0, 0.0, 0.0, 0.0, 0.0, 0.0, 0.0, 0.0, 0.0, 0.0, 0.0, 0.0, 0.0, 0.0, 0.0, 0.0, 0.0, 0.0, 0.0, 0.0, 0.0, 0.0, 0.0, 0.0, 0.0, 0.0, 0.0, 0.0, 0.0, 0.0, 0.0, 0.0, 0.0, 0.0, 0.0, 0.0, 0.0, 0.0, 0.0, 0.0, 0.0, 0.0, 0.0, 0.0, 0.0, 0.0, 0.0, 0.0, 0.0, 0.0, 0.0, 0.0, 0.0, 0.0, 0.0, 0.0, 0.0, 0.0, 0.0, 0.0, 0.0, 0.0, 0.0, 0.0, 0.0, 0.0, 0.0, 0.0, 0.0, 0.0, 0.0, 0.0, 0.0, 0.0, 0.0, 0.0, 0.04615384712815285, 0.0, 0.015384615398943424, 0.0, 0.03076923079788685, 0.0, 0.0, 0.015384615398943424, 0.0, 0.015384615398943424, 0.0, 0.04615384712815285, 0.0, 0.0, 0.07692307978868484, 0.0, 0.0923076942563057, 0.0, 0.0, 0.04615384712815285, 0.0, 0.0, 0.1230769231915474, 0.0, 0.0, 0.015384615398943424, 0.0, 0.0, 0.0, 0.0, 0.0, 0.0, 0.0, 0.0, 0.0, 0.0, 0.0, 0.0, 0.0, 0.0, 0.0, 0.0, 0.0, 0.0, 0.0, 0.0, 0.0, 0.10769230872392654, 0.0, 0.0, 0.0, 0.015384615398943424, 0.0, 0.0, 0.0, 0.0, 0.07692307978868484, 0.0, 0.0, 0.0, 0.0923076942563057, 0.0, 0.0, 0.0, 0.0, 0.0, 0.0, 0.0, 0.0, 0.0, 0.0, 0.0923076942563057, 0.0, 0.0, 0.0, 0.0, 0.0, 0.0615384615957737, 0.0, 0.0, 0.0, 0.0, 0.0, 0.0, 0.03076923079788685, 0.0, 0.0, 0.0, 0.0, 0.0, 0.0, 0.0, 0.0, 0.0, 0.0, 0.0, 0.0, 0.0, 0.0, 0.0, 0.0, 0.0, 0.0, 0.0, 0.0, 0.0, 0.0, 0.0, 0.0, 0.0, 0.0, 0.0, 0.0, 0.0, 0.0, 0.0, 0.0, 0.0, 0.0, 0.0, 0.0, 0.0, 0.0, 0.0, 0.0, 0.0, 0.0, 0.0, 0.0, 0.0, 0.0, 0.0, 0.0, 0.0, 0.0, 0.0, 0.0, 0.0, 0.0, 0.0, 0.0, 0.0, 0.0, 0.0, 0.0, 0.0, 0.0, 0.0, 0.0], "tonal.chords_histogram": [50.9118537902832, 0.0, 0.0, 0.0, 0.0, 0.0, 0.0, 0.0, 0.0, 0.0, 3.3434650897979736, 0.15197569131851196, 0.0, 0.0, 0.0, 0.15197569131851196, 0.0, 8.814589500427246, 0.0, 0.0, 0.0, 0.0, 25.53191566467285, 11.09422492980957], "tonal.thpcp": [1.0, 0.5573579668998718, 0.012877510860562325, 0.008787703700363636, 0.006480716168880463, 0.006951537914574146, 0.00781877338886261, 0.007776614744216204, 0.011696555651724339, 0.017801761627197266, 0.030952684581279755, 0.04823474586009979, 0.04013843089342117, 0.024388005957007408, 0.019904810935258865, 0.018542172387242317, 0.023133618757128716, 0.020554788410663605, 0.018447808921337128, 0.032853059470653534, 0.19008827209472656, 0.5688082575798035, 0.42460882663726807, 0.03042514994740486, 0.014057494699954987, 0.01396722812205553, 0.012373917736113071, 0.012118430808186531, 0.012298135086894035, 0.010527235455811024, 0.009440705180168152, 0.011589128524065018, 0.0161861851811409, 0.014893315732479095, 0.011175871826708317, 0.45610281825065613], "lowlevel.gfcc.cov": [[9036.4482421875, -1080.47705078125, -2554.390625, 958.1974487304688, -1518.844482421875, -71.03634643554688, -937.927734375, -7.474195957183838, 756.2935791015625, 258.16412353515625, 822.8551025390625, -433.9326477050781, 234.73895263671875], [-1080.47705078125, 1413.476806640625, 59.34436798095703, -627.7334594726562, 412.45245361328125, -331.9565124511719, 243.1392364501953, -49.30643081665039, 63.83034896850586, -133.25747680664062, 119.63982391357422, -44.0563850402832, -1.240979790687561], [-2554.390625, 59.34436798095703, 1283.094970703125, 1.3787733316421509, 514.7940673828125, 196.78370666503906, 289.72906494140625, -60.60896301269531, -323.5755310058594, -124.82611083984375, -381.00115966796875, 127.66123962402344, -52.45516586303711], [958.1974487304688, -627.7334594726562, 1.3787733316421509, 690.7410888671875, -48.93531036376953, 141.79815673828125, -161.3791961669922, -121.90534210205078, 34.813629150390625, -20.598257064819336, -14.686647415161133, -69.98174285888672, 70.49866485595703], [-1518.844482421875, 412.45245361328125, 514.7940673828125, -48.93531036376953, 619.3622436523438, -1.8307474851608276, 146.8668212890625, -80.29235076904297, -130.45838928222656, -109.64961242675781, -161.0454864501953, -14.249765396118164, -30.37788200378418], [-71.03634643554688, -331.9565124511719, 196.78370666503906, 141.79815673828125, -1.8307474851608276, 235.053955078125, 71.9356460571289, -9.070274353027344, -116.43295288085938, -35.93506622314453, -99.73128509521484, -2.439189910888672, -23.649417877197266], [-937.927734375, 243.1392364501953, 289.72906494140625, -161.3791961669922, 146.8668212890625, 71.9356460571289, 339.2388000488281, 23.636188507080078, -172.9703369140625, -135.83628845214844, -93.96054077148438, 22.538759231567383, -40.30178451538086], [-7.474195957183838, -49.30643081665039, -60.60896301269531, -121.90534210205078, -80.29235076904297, -9.070274353027344, 23.636188507080078, 143.7541961669922, -22.557058334350586, -16.019418716430664, -21.39533233642578, 23.761789321899414, -9.62238597869873], [756.2935791015625, 63.83034896850586, -323.5755310058594, 34.813629150390625, -130.45838928222656, -116.43295288085938, -172.9703369140625, -22.557058334350586, 224.2855987548828, 62.437530517578125, 102.57146453857422, -58.161895751953125, 30.658748626708984], [258.16412353515625, -133.25747680664062, -124.82611083984375, -20.598257064819336, -109.64961242675781, -35.93506622314453, -135.83628845214844, -16.019418716430664, 62.437530517578125, 162.4286651611328, 33.66667938232422, 4.8586602210998535, -22.334930419921875], [822.8551025390625, 119.63982391357422, -381.00115966796875, -14.686647415161133, -161.0454864501953, -99.73128509521484, -93.96054077148438, -21.39533233642578, 102.57146453857422, 33.66667938232422, 210.44935607910156, -42.406768798828125, 19.266443252563477], [-433.9326477050781, -44.0563850402832, 127.66123962402344, -69.98174285888672, -14.249765396118164, -2.439189910888672, 22.538759231567383, 23.761789321899414, -58.161895751953125, 4.8586602210998535, -42.406768798828125, 116.67935943603516, -2.2223377227783203], [234.73895263671875, -1.240979790687561, -52.45516586303711, 70.49866485595703, -30.37788200378418, -23.649417877197266, -40.30178451538086, -9.62238597869873, 30.658748626708984, -22.334930419921875, 19.266443252563477, -2.2223377227783203, 70.66709899902344]], "lowlevel.gfcc.icov": [[0.0007468962576240301, -0.0013801006134599447, 0.0010454836301505566, -0.001624438213184476, 0.0016914412844926119, -0.0013021595077589154, 0.0016656547086313367, -0.0006468778010457754, 0.0010601485846564174, -4.5414311898639426e-05, 0.000630773778539151, 0.0008954877266660333, 0.00042643636697903275], [-0.0013801006134599447, 0.014770404435694218, -0.004398115444928408, 0.013512645848095417, -0.008816287852823734, 0.010593581013381481, -0.009037133306264877, 0.008529423736035824, -0.008953658863902092, 0.006762034259736538, -0.010178761556744576, 0.00393285509198904, -0.007218003738671541], [0.0010454836301505566, -0.004398115444928408, 0.004876414779573679, -0.004244435112923384, 0.0029027198906987906, -0.0032361517660319805, 0.003703867783769965, -0.00015772909682709724, 0.004763545002788305, -0.0005470444448292255, 0.006561616435647011, -0.0012205209350213408, 0.002492710715159774], [-0.001624438213184476, 0.013512645848095417, -0.004244435112923384, 0.016176778823137283, -0.007248552981764078, 0.008893749676644802, -0.005254798103123903, 0.011459112167358398, -0.006470512133091688, 0.009012790396809578, -0.006968892645090818, 0.00511268712580204, -0.007515063509345055], [0.0016914412844926119, -0.008816287852823734, 0.0029027198906987906, -0.007248552981764078, 0.012009144760668278, -0.0023585883900523186, 0.009825103916227818, 0.0003079461748711765, 0.010145905427634716, 0.0020142975263297558, 0.010487185791134834, 0.0038157696835696697, 0.007126528304070234], [-0.0013021595077589154, 0.010593581013381481, -0.0032361517660319805, 0.008893749676644802, -0.0023585883900523186, 0.020046928897500038, -0.0042493343353271484, 0.010451152920722961, 0.001466131885536015, 0.009004740044474602, -4.734084359370172e-05, 0.007201641332358122, 0.00038078875513747334], [0.0016656547086313367, -0.009037133306264877, 0.003703867783769965, -0.005254798103123903, 0.009825103916227818, -0.0042493343353271484, 0.01880749687552452, 0.0008460108656436205, 0.013891645707190037, 0.007194767706096172, 0.0109119126573205, 0.0036525612231343985, 0.009329657070338726], [-0.0006468778010457754, 0.008529423736035824, -0.00015772909682709724, 0.011459112167358398, 0.0003079461748711765, 0.010451152920722961, 0.0008460108656436205, 0.02164595201611519, 0.0022369478829205036, 0.012882075272500515, 0.003927447367459536, 0.005551130510866642, 1.4336127605929505e-05], [0.0010601485846564174, -0.008953658863902092, 0.004763545002788305, -0.006470512133091688, 0.010145905427634716, 0.001466131885536015, 0.013891645707190037, 0.0022369478829205036, 0.0229774359613657, 0.0020298552699387074, 0.01304611936211586, 0.0058381385169923306, 0.006690977606922388], [-4.5414311898639426e-05, 0.006762034259736538, -0.0005470444448292255, 0.009012790396809578, 0.0020142975263297558, 0.009004740044474602, 0.007194767706096172, 0.012882075272500515, 0.0020298552699387074, 0.022593718022108078, 0.002285827649757266, 0.00583380414173007, 0.006429491564631462], [0.000630773778539151, -0.010178761556744576, 0.006561616435647011, -0.006968892645090818, 0.010487185791134834, -4.734084359370172e-05, 0.0109119126573205, 0.003927447367459536, 0.01304611936211586, 0.002285827649757266, 0.025466380640864372, 0.0013499975902959704, 0.008960874751210213], [0.0008954877266660333, 0.00393285509198904, -0.0012205209350213408, 0.00511268712580204, 0.0038157696835696697, 0.007201641332358122, 0.0036525612231343985, 0.005551130510866642, 0.0058381385169923306, 0.00583380414173007, 0.0013499975902959704, 0.01967923529446125, -0.0024608930107206106], [0.00042643636697903275, -0.007218003738671541, 0.002492710715159774, -0.007515063509345055, 0.007126528304070234, 0.00038078875513747334, 0.009329657070338726, 1.4336127605929505e-05, 0.006690977606922388, 0.006429491564631462, 0.008960874751210213, -0.0024608930107206106, 0.027077453210949898]], "lowlevel.mfcc.cov": [[11873.224609375, -2669.07568359375, -939.5386352539062, -264.08868408203125, -373.7282409667969, -717.8228759765625, -1147.57421875, -885.38232421875, -645.3551635742188, 586.5172119140625, -404.9761962890625, 443.653564453125, 632.7044677734375], [-2669.07568359375, 2230.100830078125, -306.95111083984375, -140.14578247070312, -26.601987838745117, -160.71678161621094, 232.75335693359375, 157.6291046142578, 15.616003036499023, -44.52350997924805, 38.053466796875, 32.36330795288086, 42.38518524169922], [-939.5386352539062, -306.95111083984375, 571.76708984375, 99.5340805053711, 34.76323699951172, 229.37954711914062, 139.14463806152344, 118.32313537597656, 135.45590209960938, -145.12107849121094, 29.90375328063965, -78.19813537597656, -123.12240600585938], [-264.08868408203125, -140.14578247070312, 99.5340805053711, 320.75885009765625, 199.11119079589844, 156.29969787597656, 9.792365074157715, 11.80208683013916, 33.56142044067383, -39.16095733642578, -34.77880859375, -56.04609680175781, -44.089962005615234], [-373.7282409667969, -26.601987838745117, 34.76323699951172, 199.11119079589844, 347.5467224121094, 139.64248657226562, -29.205793380737305, -29.327608108520508, 27.433361053466797, 11.634392738342285, -9.218414306640625, -74.09770965576172, -55.20254898071289], [-717.8228759765625, -160.71678161621094, 229.37954711914062, 156.29969787597656, 139.64248657226562, 342.65771484375, 128.0470733642578, 51.023460388183594, 71.37628173828125, -69.08036804199219, 41.74057388305664, -61.342411041259766, -114.73222351074219], [-1147.57421875, 232.75335693359375, 139.14463806152344, 9.792365074157715, -29.205793380737305, 128.0470733642578, 387.2410888671875, 208.79995727539062, 83.34758758544922, -104.88301086425781, 26.75668716430664, -28.16078758239746, -101.37053680419922], [-885.38232421875, 157.6291046142578, 118.32313537597656, 11.80208683013916, -29.327608108520508, 51.023460388183594, 208.79995727539062, 249.30262756347656, 99.64775085449219, -81.57093048095703, 9.761334419250488, -55.77293014526367, -72.59396362304688], [-645.3551635742188, 15.616003036499023, 135.45590209960938, 33.56142044067383, 27.433361053466797, 71.37628173828125, 83.34758758544922, 99.64775085449219, 158.2045440673828, -40.28208541870117, 15.980953216552734, -66.3419418334961, -79.10908508300781], [586.5172119140625, -44.52350997924805, -145.12107849121094, -39.16095733642578, 11.634392738342285, -69.08036804199219, -104.88301086425781, -81.57093048095703, -40.28208541870117, 149.74856567382812, -3.2316763401031494, 10.535751342773438, 25.90387535095215], [-404.9761962890625, 38.053466796875, 29.90375328063965, -34.77880859375, -9.218414306640625, 41.74057388305664, 26.75668716430664, 9.761334419250488, 15.980953216552734, -3.2316763401031494, 126.71284484863281, -13.394451141357422, -64.82560729980469], [443.653564453125, 32.36330795288086, -78.19813537597656, -56.04609680175781, -74.09770965576172, -61.342411041259766, -28.16078758239746, -55.77293014526367, -66.3419418334961, 10.535751342773438, -13.394451141357422, 113.1701889038086, 48.63641357421875], [632.7044677734375, 42.38518524169922, -123.12240600585938, -44.089962005615234, -55.20254898071289, -114.73222351074219, -101.37053680419922, -72.59396362304688, -79.10908508300781, 25.90387535095215, -64.82560729980469, 48.63641357421875, 145.68942260742188]], "lowlevel.mfcc.icov": [[0.00033593017724342644, 0.00041652072104625404, 0.00028742587892338634, 3.465360350674018e-05, 0.0001740931038511917, 9.969103848561645e-05, 0.00020602552103810012, 0.0001226027961820364, 0.00023782985226716846, -0.00048824941040948033, 0.0005444112466648221, -0.0005463453126139939, -0.00033717593760229647], [0.00041652072104625404, 0.0011543204309418797, 0.0007981011876836419, 0.00024292228044942021, -0.00019909262482542545, 0.0004099581856280565, -0.0002385107072768733, -9.499018779024482e-05, -4.712857844424434e-05, -0.0002445090503897518, 0.00018054471001960337, -0.000870497606229037, -0.0009737664368003607], [0.00028742587892338634, 0.0007981011876836419, 0.0039811693131923676, 0.00020734719873871654, 0.0006055443082004786, -0.001320855226367712, 0.000388993852538988, 4.7419292968697846e-05, -0.001203984022140503, 0.0022322041913866997, 0.0007508841226808727, 0.0001958670763997361, 0.0006484275218099356], [3.465360350674018e-05, 0.00024292228044942021, 0.00020734719873871654, 0.0061705512925982475, -0.0026619811542332172, -0.001668941811658442, 0.0006395920063368976, -0.0004545296833384782, 0.0003577063325792551, 0.0014144066954031587, 0.0022391704842448235, 0.00039986640331335366, 0.0005226427456364036], [0.0001740931038511917, -0.00019909262482542545, 0.0006055443082004786, -0.0026619811542332172, 0.006061639171093702, -0.0013481085188686848, 0.000839035667013377, 0.001345946453511715, 0.000575818179640919, -0.0009183391812257469, 0.001429780968464911, 0.0023997467942535877, 0.0018086308846250176], [9.969103848561645e-05, 0.0004099581856280565, -0.001320855226367712, -0.001668941811658442, -0.0013481085188686848, 0.006725886836647987, -0.002058990066871047, 0.0015295568155124784, 8.753523434279487e-05, 0.00037322903517633677, -0.001253562862984836, 4.5144857722334564e-05, 0.0013501947978511453], [0.00020602552103810012, -0.0002385107072768733, 0.000388993852538988, 0.0006395920063368976, 0.000839035667013377, -0.002058990066871047, 0.006644810549914837, -0.004101576749235392, 0.0009931089589372277, 0.0010457071475684643, 0.001480362843722105, -0.0014962852001190186, 0.0024846529122442007], [0.0001226027961820364, -9.499018779024482e-05, 4.7419292968697846e-05, -0.0004545296833384782, 0.001345946453511715, 0.0015295568155124784, -0.004101576749235392, 0.01035837922245264, -0.0024363533593714237, 0.001711842487566173, 0.0013073222944512963, 0.0031471026595681906, 0.001323514268733561], [0.00023782985226716846, -4.712857844424434e-05, -0.001203984022140503, 0.0003577063325792551, 0.000575818179640919, 8.753523434279487e-05, 0.0009931089589372277, -0.0024363533593714237, 0.012617114000022411, -0.0002493276842869818, 0.0022442315239459276, 0.0036425685975700617, 0.0045137228444218636], [-0.00048824941040948033, -0.0002445090503897518, 0.0022322041913866997, 0.0014144066954031587, -0.0009183391812257469, 0.00037322903517633677, 0.0010457071475684643, 0.001711842487566173, -0.0002493276842869818, 0.012222952209413052, -9.819779370445758e-05, 0.002398525830358267, 0.002879476873204112], [0.0005444112466648221, 0.00018054471001960337, 0.0007508841226808727, 0.0022391704842448235, 0.001429780968464911, -0.001253562862984836, 0.001480362843722105, 0.0013073222944512963, 0.0022442315239459276, -9.819779370445758e-05, 0.013591909781098366, 0.0005345272948034108, 0.00723685510456562], [-0.0005463453126139939, -0.000870497606229037, 0.0001958670763997361, 0.00039986640331335366, 0.0023997467942535877, 4.5144857722334564e-05, -0.0014962852001190186, 0.0031471026595681906, 0.0036425685975700617, 0.002398525830358267, 0.0005345272948034108, 0.015944331884384155, 0.0008508189930580556], [-0.00033717593760229647, -0.0009737664368003607, 0.0006484275218099356, 0.0005226427456364036, 0.0018086308846250176, 0.0013501947978511453, 0.0024846529122442007, 0.001323514268733561, 0.0045137228444218636, 0.002879476873204112, 0.00723685510456562, 0.0008508189930580556, 0.01832958310842514]], "metadata.audio_properties.analysis.downmix": "mix", "metadata.audio_properties.codec": "mp3", "metadata.audio_properties.md5_encoded": "b7cb0b362339267edd6e8b4d40832f71", "metadata.tags.file_name": "1182273022346940446.mp3", "metadata.version.essentia": "2.1-beta6-dev", "metadata.version.essentia_git_sha": "v2.1_beta5-1110-g77a6a954", "metadata.