{"song_id": "1182286871183761470", "download": "https://cdn.discordapp.com/attachments/1135911532732108921/1182286871183761470/chirp.mp4?ex=65842573&amp", "lyrics": "[verse]\nEce, bir liseli k\u0131z, y\u0131ld\u0131z gibi parlar\nOkul koridorunda ad\u0131 hep an\u0131l\u0131r\nBak\u0131\u015flar\u0131 sarsar, herkes onun pe\u015finde\nBa\u015ftan \u00e7\u0131kar\u0131r, dillerde hep \u015fark\u0131s\u0131\n\n[chorus]\nEce, bir liseli k\u0131z, hepimizin hayali\nKafalar\u0131 kar\u0131\u015ft\u0131r\u0131r, g\u00f6zlerde b\u00fcy\u00fclenir\nEce, bir liseli k\u0131z, herkesin derdi a\u015fk\nHaydi hep birlikte \u015fark\u0131s\u0131n\u0131 s\u00f6yleyelim", "style": ["Rap"], "essentia_features": {"lowlevel.average_loudness": 0.9839105010032654, "lowlevel.barkbands_crest.mean": 10.817140579223633, "lowlevel.barkbands_crest.stdev": 4.354891777038574, "lowlevel.barkbands_flatness_db.mean": 0.16173869371414185, "lowlevel.barkbands_flatness_db.stdev": 0.05979984253644943, "lowlevel.barkbands_kurtosis.mean": 10.65595817565918, "lowlevel.barkbands_kurtosis.stdev": 18.66527557373047, "lowlevel.barkbands_skewness.mean": 2.3602988719940186, "lowlevel.barkbands_skewness.stdev": 1.702346682548523, "lowlevel.barkbands_spread.mean": 30.593475341796875, "lowlevel.barkbands_spread.stdev": 26.557954788208008, "lowlevel.dissonance.mean": 0.434420645236969, "lowlevel.dissonance.stdev": 0.03865223750472069, "lowlevel.dynamic_complexity": 2.1349167823791504, "lowlevel.erbbands_crest.mean": 9.373619079589844, "lowlevel.erbbands_crest.stdev": 3.522961139678955, "lowlevel.erbbands_flatness_db.mean": 0.13734623789787292, "lowlevel.erbbands_flatness_db.stdev": 0.044990237802267075, "lowlevel.erbbands_kurtosis.mean": 3.8169288635253906, "lowlevel.erbbands_kurtosis.stdev": 5.192307949066162, "lowlevel.erbbands_skewness.mean": 1.258057951927185, "lowlevel.erbbands_skewness.stdev": 0.9634767770767212, "lowlevel.erbbands_spread.mean": 45.23019790649414, "lowlevel.erbbands_spread.stdev": 38.93921661376953, "lowlevel.hfc.mean": 58.50674819946289, "lowlevel.hfc.stdev": 62.39671325683594, "lowlevel.loudness_ebu128.integrated": -15.74502944946289, "lowlevel.loudness_ebu128.loudness_range": 0.9348011016845703, "lowlevel.loudness_ebu128.momentary.mean": -15.880817413330078, "lowlevel.loudness_ebu128.momentary.stdev": 1.1216474771499634, "lowlevel.loudness_ebu128.short_term.mean": -15.764728546142578, "lowlevel.loudness_ebu128.short_term.stdev": 0.313024640083313, "lowlevel.melbands_crest.mean": 14.250133514404297, "lowlevel.melbands_crest.stdev": 5.270357608795166, "lowlevel.melbands_flatness_db.mean": 0.2728803753852844, "lowlevel.melbands_flatness_db.stdev": 0.08000925183296204, "lowlevel.melbands_kurtosis.mean": 26.838871002197266, "lowlevel.melbands_kurtosis.stdev": 52.545467376708984, "lowlevel.melbands_skewness.mean": 2.9093551635742188, "lowlevel.melbands_skewness.stdev": 2.415863037109375, "lowlevel.melbands_spread.mean": 11.99905776977539, "lowlevel.melbands_spread.stdev": 8.998778343200684, "lowlevel.pitch_salience.mean": 0.5379250049591064, "lowlevel.pitch_salience.stdev": 0.141412615776062, "lowlevel.silence_rate_20dB.mean": 0.9988412261009216, "lowlevel.silence_rate_20dB.stdev": 0.03402085602283478, "lowlevel.silence_rate_30dB.mean": 0.876593291759491, "lowlevel.silence_rate_30dB.stdev": 0.32890257239341736, "lowlevel.silence_rate_60dB.mean": 0.008111239410936832, "lowlevel.silence_rate_60dB.stdev": 0.0896964818239212, "lowlevel.spectral_centroid.mean": 664.0870361328125, "lowlevel.spectral_centroid.stdev": 349.5777282714844, "lowlevel.spectral_complexity.mean": 13.814599990844727, "lowlevel.spectral_complexity.stdev": 5.520139694213867, "lowlevel.spectral_decrease.mean": -1.3727484926562283e-08, "lowlevel.spectral_decrease.stdev": 1.7640244820427142e-08, "lowlevel.spectral_energy.mean": 0.057117439806461334, "lowlevel.spectral_energy.stdev": 0.06837104260921478, "lowlevel.spectral_energyband_high.mean": 0.0031655309721827507, "lowlevel.spectral_energyband_high.stdev": 0.0044657462276518345, "lowlevel.spectral_energyband_low.mean": 0.03337441384792328, "lowlevel.spectral_energyband_low.stdev": 0.06623291224241257, "lowlevel.spectral_energyband_middle_high.mean": 0.005318710580468178, "lowlevel.spectral_energyband_middle_high.stdev": 0.00708233006298542, "lowlevel.spectral_energyband_middle_low.mean": 0.01667501963675022, "lowlevel.spectral_energyband_middle_low.stdev": 0.01217956654727459, "lowlevel.spectral_entropy.mean": 7.110373497009277, "lowlevel.spectral_entropy.stdev": 0.5455736517906189, "lowlevel.spectral_flux.mean": 0.1226559653878212, "lowlevel.spectral_flux.stdev": 0.10393507778644562, "lowlevel.spectral_kurtosis.mean": 9.245243072509766, "lowlevel.spectral_kurtosis.stdev": 6.576503276824951, "lowlevel.spectral_rms.mean": 0.006643624976277351, "lowlevel.spectral_rms.stdev": 0.003403889015316963, "lowlevel.spectral_rolloff.mean": 2757.14697265625, "lowlevel.spectral_rolloff.stdev": 4607.03076171875, "lowlevel.spectral_skewness.mean": 2.616105079650879, "lowlevel.spectral_skewness.stdev": 0.8013688921928406, "lowlevel.spectral_spread.mean": 7584300.0, "lowlevel.spectral_spread.stdev": 4191857.75, "lowlevel.spectral_strongpeak.mean": 0.9981746673583984, "lowlevel.spectral_strongpeak.stdev": 0.9393703937530518, "lowlevel.zerocrossingrate.mean": 0.11502502858638763, "lowlevel.zerocrossingrate.stdev": 0.08993610739707947, "metadata.audio_properties.analysis.equal_loudness": 0.0, "metadata.audio_properties.analysis.length": 40.04265213012695, "metadata.audio_properties.analysis.sample_rate": 44100.0, "metadata.audio_properties.analysis.start_time": 0.0, "metadata.audio_properties.bit_rate": 128709.0, "metadata.audio_properties.length": 40.042667388916016, "metadata.audio_properties.lossless": 0.0, "metadata.audio_properties.number_channels": 1.0, "metadata.audio_properties.replay_gain": -8.710134506225586, "metadata.audio_properties.sample_rate": 48000.0, "rhythm.beats_count": 80.0, "rhythm.beats_loudness.mean": 0.11980189383029938, "rhythm.beats_loudness.stdev": 0.04021455720067024, "rhythm.bpm": 120.85398864746094, "rhythm.bpm_histogram_first_peak_bpm": 120.0, "rhythm.bpm_histogram_first_peak_weight": 0.3589743375778198, "rhythm.bpm_histogram_second_peak_bpm": 129.0, "rhythm.bpm_histogram_second_peak_spread": 0.0, "rhythm.bpm_histogram_second_peak_weight": 0.012658228166401386, "rhythm.danceability": 1.9578903913497925, "rhythm.onset_rate": 5.91694974899292, "tonal.chords_changes_rate": 0.03356481343507767, "tonal.chords_number_rate": 0.004629629664123058, "tonal.chords_strength.mean": 0.487571656703949, "tonal.chords_strength.stdev": 0.09560975432395935, "tonal.hpcp_crest.mean": 14.496955871582031, "tonal.hpcp_crest.stdev": 5.941389083862305, "tonal.hpcp_entropy.mean": 1.7616196870803833, "tonal.hpcp_entropy.stdev": 0.5707417726516724, "tonal.key_edma.strength": 0.6760470867156982, "tonal.key_krumhansl.strength": 0.6667065024375916, "tonal.key_temperley.strength": 0.6499820351600647, "tonal.tuning_diatonic_strength": 0.5334349870681763, "tonal.tuning_equal_tempered_deviation": 0.01590857468545437, "tonal.tuning_frequency": 440.2542419433594, "tonal.tuning_nontempered_energy_ratio": 0.621454119682312, "lowlevel.barkbands.mean": [0.00020000553922727704, 0.017238140106201172, 0.014555400237441063, 0.002947495086118579, 0.005286510102450848, 0.0021347589790821075, 0.0026610950008034706, 0.0015405903104692698, 0.001995229860767722, 0.001660920912399888, 0.0005101888673380017, 0.0007395832217298448, 0.0008444184786640108, 0.0003576201561372727, 0.000562493281904608, 0.0003227702109143138, 0.00018500085570849478, 9.075224807020277e-05, 7.805373024893925e-05, 6.542953633470461e-05, 4.245958189130761e-05, 3.9707563701085746e-05, 3.9978447603061795e-05, 0.00010424810170661658, 0.00028592062881216407, 0.002333815908059478, 0.00029481766978278756], "lowlevel.barkbands.stdev": [0.0005310742999427021, 0.05021924152970314, 0.022841451689600945, 0.004124677740037441, 0.00632551871240139, 0.002655862597748637, 0.0027361689135432243, 0.0017267331713810563, 0.0034517678432166576, 0.003299949923530221, 0.0012860759161412716, 0.0013335165567696095, 0.0018193350406363606, 0.0006380996201187372, 0.0010083102388307452, 0.0005960338748991489, 0.0002910554176196456, 0.00017437250062357634, 0.000146807316923514, 0.00013827573275193572, 9.787872841116041e-05, 7.54474604036659e-05, 7.709847704973072e-05, 0.00017363164806738496, 0.0006194896996021271, 0.0034157074987888336, 0.00043318935786373913], "lowlevel.erbbands.mean": [0.288747102022171, 4.696846008300781, 15.487039566040039, 14.078818321228027, 16.433652877807617, 16.352304458618164, 14.043435096740723, 19.812740325927734, 25.2827205657959, 49.774696350097656, 38.67439270019531, 39.62567901611328, 38.91875457763672, 62.640357971191406, 30.135595321655273, 26.215787887573242, 38.15351486206055, 22.56172752380371, 29.864299774169922, 16.914684295654297, 19.54386329650879, 9.895471572875977, 5.6564249992370605, 4.523073196411133, 4.345982551574707, 3.3407304286956787, 1.950903296470642, 1.406548023223877, 1.4071491956710815, 1.4704196453094482, 1.0387388467788696, 1.2129634618759155, 2.2571463584899902, 1.546095609664917, 3.023144245147705, 5.513701438903809, 4.851484298706055, 1.3985294103622437, 0.029196547344326973, 0.0007738593849353492], "lowlevel.erbbands.stdev": [0.7875524163246155, 13.362361907958984, 27.924169540405273, 18.682268142700195, 22.047847747802734, 20.59287452697754, 25.48894500732422, 27.814302444458008, 32.48150634765625, 47.53327560424805, 42.45610046386719, 62.53110885620117, 66.5403060913086, 118.65894317626953, 50.57250213623047, 36.365352630615234, 83.34601593017578, 36.619930267333984, 60.5030517578125, 25.67058563232422, 37.46413803100586, 15.88742733001709, 9.34277629852295, 8.35568904876709, 8.911996841430664, 7.442540168762207, 4.056076526641846, 3.283182382583618, 2.689436435699463, 2.762099266052246, 2.052335500717163, 2.0930514335632324, 3.850743532180786, 3.192608118057251, 6.5539679527282715, 9.902334213256836, 6.904266357421875, 1.8725159168243408, 0.038842685520648956, 0.0009711974416859448], "lowlevel.gfcc.mean": [22.17154312133789, 74.51163482666016, -49.156253814697266, -22.58698081970215, -38.61913299560547, 3.7614219188690186, -39.958953857421875, 12.123479843139648, -29.28995132446289, 8.871252059936523, -31.093717575073242, 4.837765216827393, -26.188764572143555], "lowlevel.melbands.mean": [0.003866740269586444, 0.00741815147921443, 0.002604477107524872, 0.0011401548981666565, 0.0005539240664802492, 0.00042125131585635245, 0.0004391399270389229, 0.0004823819035664201, 0.00030030758352950215, 0.0002613314427435398, 0.00019977206829935312, 0.00026818588958121836, 9.196570317726582e-05, 9.427149780094624e-05, 8.050198084674776e-05, 6.544093776028603e-05, 3.696651037898846e-05, 4.5355343900155276e-05, 3.143845606246032e-05, 1.9842449546558782e-05, 2.1533916878979653e-05, 9.074645276996307e-06, 8.420873200520873e-06, 4.492888820095686e-06, 3.3789426652219845e-06, 3.4014906304946635e-06, 2.7044043235946447e-06, 1.9915289612981724e-06, 1.2579014310176717e-06, 1.0533257182032685e-06, 7.041695084808453e-07, 7.790082463543513e-07, 7.942065280985844e-07, 8.425510600318376e-07, 5.810589982502279e-07, 5.822442403768946e-07, 7.871558409533463e-07, 1.5171723362072953e-06, 1.7233305698027834e-06, 1.0519693205424119e-06], "lowlevel.melbands.stdev": [0.011006529442965984, 0.01488945260643959, 0.0030136574059724808, 0.001248787040822208, 0.0009761070250533521, 0.0005671218386851251, 0.0005075290682725608, 0.00045129325008019805, 0.00034209442674182355, 0.000443235068814829, 0.00034519872860983014, 0.0005295765004120767, 0.0001880181225715205, 0.00017955369548872113, 0.00019262454588897526, 0.00011461177928140387, 6.458099960582331e-05, 9.723705443320796e-05, 5.049996616435237e-05, 3.2802716305013746e-05, 4.1857438191073015e-05, 1.502144368714653e-05, 1.5529054508078843e-05, 9.267740097129717e-06, 6.3958623286453076e-06, 7.286567779374309e-06, 5.6201765801233705e-06, 4.520473794400459e-06, 2.6029163109342335e-06, 2.8373806344461627e-06, 1.6105552731460193e-06, 1.5620088333889726e-06, 1.6232378357017296e-06, 1.5961524013619055e-06, 1.1727125865945709e-06, 1.1983390777459135e-06, 1.3734179447055794e-06, 2.6329703359806444e-06, 3.111239948339062e-06, 2.5503809411020484e-06], "lowlevel.melbands128.mean": [0.00013649642642121762, 0.0012082357425242662, 0.005767818074673414, 0.008321854285895824, 0.008300966583192348, 0.006947413086891174, 0.002769256941974163, 0.0014907373115420341, 0.001930295373313129, 0.0009011811343953013, 0.0009395070374011993, 0.0007348001818172634, 0.00046750364708714187, 0.0003041927993763238, 0.00042253106948919594, 0.00056312361266464, 0.00027580896858125925, 0.0004198113165330142, 0.0005269762477837503, 0.0008132457151077688, 0.00018922766321338713, 0.0003303040866740048, 0.00034080425393767655, 0.00023426578263752162, 0.00024209429102484137, 0.0002449998282827437, 0.0004017676692456007, 6.497390131698921e-05, 0.00011414215987315401, 0.0004904446541331708, 0.0002055380173260346, 8.90071241883561e-05, 0.00010050014680018649, 4.903017179458402e-05, 0.00017788077821023762, 7.246519817272201e-05, 3.389301855349913e-05, 3.989993274444714e-05, 0.0001780723105184734, 6.815391679992899e-05, 2.2283051293925382e-05, 8.23505106382072e-05, 3.708885924424976e-05, 1.476977649872424e-05, 2.4468818082823418e-05, 6.011544610373676e-05, 6.282418326009065e-05, 2.9585027732537128e-05, 1.8200538761448115e-05, 2.2117115804576315e-05, 1.0941668733721599e-05, 2.579944339231588e-05, 3.895206828019582e-05, 1.0012938219006173e-05, 8.45514932734659e-06, 5.978791250527138e-06, 1.1598461242101621e-05, 1.6198011508095078e-05, 3.3240075936191715e-06, 2.354289790673647e-06, 5.029918156651547e-06, 5.720966782973846e-06, 4.175542017037515e-06, 2.365038881180226e-06, 2.7447556476545287e-06, 3.6137053029960953e-06, 3.860805463773431e-06, 2.5505119083391037e-06, 2.092405111397966e-06, 3.561094445103663e-06, 2.093699549732264e-06, 1.164546119980514e-06, 1.3489391221810365e-06, 1.474764530939865e-06, 8.200285606108082e-07, 1.1197483900104999e-06, 1.2524678822956048e-06, 6.257760674088786e-07, 6.969662535993848e-07, 6.41653343791404e-07, 7.255688956320228e-07, 9.308400308327691e-07, 7.237949262162147e-07, 7.869227260925982e-07, 8.378472671211057e-07, 8.262434221251169e-07, 9.280589665650041e-07, 6.889225119266484e-07, 5.279912898004113e-07, 5.152994049240078e-07, 5.716386226595205e-07, 5.929947519689449e-07, 6.256012170524627e-07, 5.829517704114551e-07, 9.921272976498585e-07, 1.467582706027315e-06, 1.437943978999101e-06, 1.8462031903254683e-06, 2.12570284929825e-06, 1.544473207104602e-06, 8.21707487830281e-07, 1.0056778592115734e-06, 1.1275386668785359e-06, 2.23285633182968e-06, 2.9930597520433366e-06, 3.66765630133159e-06, 6.3115985540207475e-06, 6.4339610617025755e-06, 8.769101441430394e-06, 1.1776973224186804e-05, 1.6775276890257373e-05, 1.5522131434408948e-05, 1.475405315431999e-05, 1.707248156890273e-05, 1.7667802239884622e-05, 1.888244332803879e-05, 1.2148798305133823e-05, 7.414978995257115e-07, 6.60686838571678e-09, 4.2144444184488705e-11, 3.94446073026522e-11, 2.7335638960734876e-11, 2.8374540564368722e-11, 2.6460790156224157e-11, 2.0543355211399827e-11, 1.2852208013114375e-11, 8.34128686261204e-12, 7.582530089922379e-12], "lowlevel.melbands128.stdev": [0.000386875297408551, 0.0032804878428578377, 0.016884006559848785, 0.025315672159194946, 0.01791091449558735, 0.010315299965441227, 0.004122249782085419, 0.0022640330716967583, 0.00288486760109663, 0.0010749073699116707, 0.0013261163840070367, 0.0016295381356030703, 0.0010332767851650715, 0.000514392158947885, 0.0006630204734392464, 0.0009664687095209956, 0.00034917989978566766, 0.0008964976295828819, 0.0005453182384371758, 0.0008761945064179599, 0.0002863646950572729, 0.00046609132550656796, 0.0004925561370328069, 0.0005498494720086455, 0.0006001289584673941, 0.0006306822178885341, 0.0010545637924224138, 0.000172082131030038, 0.00032415633904747665, 0.0010765078477561474, 0.0004712629015557468, 0.00024686125107109547, 0.00031510545522905886, 0.00017466783174313605, 0.00041318099829368293, 0.00014966809249017388, 8.004811388673261e-05, 0.00015770997561048716, 0.000494705862365663, 0.00018192475545220077, 6.737913645338267e-05, 0.00020644521282520145, 8.40863649500534e-05, 4.5364238758338615e-05, 9.032869274960831e-05, 0.0001735066471155733, 0.0001589417806826532, 8.513050124747679e-05, 4.9996364396065474e-05, 5.2611958381021395e-05, 3.597787144826725e-05, 7.1792870585341e-05, 9.805958688957617e-05, 2.5231354811694473e-05, 1.8523942344472744e-05, 1.5926520063658245e-05, 3.071396713494323e-05, 3.6502118746284395e-05, 8.080840416369028e-06, 5.234211585047888e-06, 1.3942833902547136e-05, 1.5252134289767127e-05, 1.1708587408065796e-05, 5.1199044719396625e-06, 6.1859195739089046e-06, 1.0067671610158868e-05, 1.1967382306465879e-05, 6.0834477153548505e-06, 6.380751528922701e-06, 1.11373747131438e-05, 5.774195415142458e-06, 2.5733818347362103e-06, 3.3251703825953882e-06, 3.645528067863779e-06, 1.9920178147003753e-06, 3.393311772015295e-06, 4.3055792957602534e-06, 1.8258874661114533e-06, 1.698541609584936e-06, 1.4804602415097179e-06, 1.694930233497871e-06, 2.1055734578112606e-06, 1.477315663578338e-06, 1.9976212115579983e-06, 1.894265324153821e-06, 1.62576964157779e-06, 1.910836544993799e-06, 1.5424819821419078e-06, 1.114055862672103e-06, 1.2929478998557897e-06, 1.367682443742524e-06, 1.3465595429806854e-06, 1.2836841278840438e-06, 1.336824311692908e-06, 1.9142664768878603e-06, 2.6581653855828336e-06, 3.0651501674583415e-06, 3.6804542560275877e-06, 4.060330866195727e-06, 3.3796732168411836e-06, 2.4146618216036586e-06, 2.746931841102196e-06, 3.6079363781027496e-06, 7.222990006994223e-06, 7.298041964531876e-06, 8.910008546081372e-06, 1.6018355381675065e-05, 1.6102589142974466e-05, 1.9936824173782952e-05, 2.325323839613702e-05, 3.264809856773354e-05, 2.6419311325298622e-05, 2.2684345822199248e-05, 2.4488395865773782e-05, 2.5716874006320722e-05, 2.722401768551208e-05, 1.744583460094873e-05, 1.6828746538521955e-06, 1.7644691752138897e-07, 4.945874265693817e-10, 5.220447962805963e-10, 3.1299643432625146e-10, 3.731479014668082e-10, 3.4572472662475207e-10, 2.2640722630029586e-10, 9.628170483111376e-11, 1.8963565093232937e-11, 1.2608703144068034e-11], "lowlevel.mfcc.mean": [-663.6680297851562, 154.8557586669922, 27.334989547729492, 1.1802315711975098, 11.427451133728027, -3.5146563053131104, -3.0779671669006348, -0.7799548506736755, 1.3017146587371826, 2.277139186859131, -1.7658597230911255, -1.2680325508117676, -2.590886116027832], "lowlevel.spectral_contrast_coeffs.mean": [-0.6597018241882324, -0.7293737530708313, -0.7206364274024963, -0.7787505984306335, -0.7989912629127502, -0.7626145482063293], "lowlevel.spectral_contrast_coeffs.stdev": [0.07171424478292465, 0.06101824343204498, 0.08414869755506516, 0.07882530242204666, 0.051553551107645035, 0.05438796430826187], "lowlevel.spectral_contrast_valleys.mean": [-6.445842742919922, -6.336432933807373, -7.601721286773682, -8.035052299499512, -8.453783988952637, -10.924468994140625], "lowlevel.spectral_contrast_valleys.stdev": [0.848881185054779, 0.5775465965270996, 0.7479889988899231, 0.848404049873352, 0.8818469643592834, 0.9521514177322388], "rhythm.beats_loudness_band_ratio.mean": [0.8195271492004395, 0.04561217501759529, 0.05222092196345329, 0.03110656701028347, 0.011433218605816364, 0.051876503974199295], "rhythm.beats_loudness_band_ratio.stdev": [0.12351790070533752, 0.029832899570465088, 0.04725831747055054, 0.0378507561981678, 0.014538336545228958, 0.05254479870200157], "tonal.hpcp.mean": [0.24143582582473755, 0.10595250129699707, 0.038068193942308426, 0.04469851031899452, 0.07444527745246887, 0.34365013241767883, 0.5389096736907959, 0.28352752327919006, 0.051904600113630295, 0.0333704873919487, 0.03892194479703903, 0.08551574498414993, 0.10593818128108978, 0.06004660949110985, 0.09975142031908035, 0.1734352707862854, 0.11031041294336319, 0.036257099360227585, 0.02894439361989498, 0.03755820542573929, 0.10842405259609222, 0.1458338499069214, 0.07657209783792496, 0.02930515632033348, 0.027747418731451035, 0.03119589202105999, 0.16820232570171356, 0.256430983543396, 0.13525740802288055, 0.12799181044101715, 0.14852187037467957, 0.057340461760759354, 0.016698114573955536, 0.01690426841378212, 0.04327418655157089, 0.18431299924850464], "tonal.hpcp.stdev": [0.34871333837509155, 0.18176989257335663, 0.11739056557416916, 0.14690494537353516, 0.19219808280467987, 0.29869550466537476, 0.3932980000972748, 0.26141655445098877, 0.14826078712940216, 0.1201568990945816, 0.13327711820602417, 0.17938268184661865, 0.19966672360897064, 0.15235403180122375, 0.16777478158473969, 0.2590731382369995, 0.19117529690265656, 0.1470571756362915, 0.11930625140666962, 0.1426820307970047, 0.1883339285850525, 0.2339961677789688, 0.14242273569107056, 0.12033212184906006, 0.11159490793943405, 0.12712088227272034, 0.254104346036911, 0.3605254292488098, 0.2056085616350174, 0.2273578643798828, 0.2700285017490387, 0.12531150877475739, 0.06396815925836563, 0.057856976985931396, 0.12970247864723206, 0.2878566086292267], "rhythm.beats_position": [0.4411791265010834, 0.9055781960487366, 1.3931972980499268, 1.8808163404464722, 2.3800454139709473, 2.879274368286133, 3.3668932914733887, 3.8545124530792236, 4.353741645812988, 4.852970600128174, 5.352199554443359, 5.851428508758545, 6.3506574630737305, 6.849886417388916, 7.349115371704102, 7.848344326019287, 8.335963249206543, 8.846802711486816, 9.334421157836914, 9.833650588989258, 10.332880020141602, 10.832108497619629, 11.319727897644043, 11.81895637512207, 12.306575775146484, 12.805805206298828, 13.305033683776855, 13.8042631149292, 14.303491592407227, 14.8143310546875, 15.301949501037598, 15.789568901062012, 16.28879737854004, 16.788026809692383, 17.275646209716797, 17.77487564086914, 18.27410316467285, 18.773332595825195, 19.27256202697754, 19.760181427001953, 20.259410858154297, 20.758638381958008, 21.26947784423828, 21.757097244262695, 22.24471664428711, 22.743946075439453, 23.243173599243164, 23.742403030395508, 24.24163246154785, 24.740861892700195, 25.240089416503906, 25.72770881652832, 26.215328216552734, 26.726167678833008, 27.22539710998535, 27.724624633789062, 28.212244033813477, 28.71147346496582, 29.210702896118164, 29.698322296142578, 30.19754981994629, 30.696779251098633, 31.196008682250977, 31.69523811340332, 32.182857513427734, 32.68208694458008, 33.18131637573242, 33.6805419921875, 34.179771423339844, 34.67900085449219, 35.17823028564453, 35.66584777832031, 36.165077209472656, 36.664306640625, 37.15192794799805, 37.66276550292969, 38.15038299560547, 38.64961242675781, 39.148841857910156, 39.6364631652832], "rhythm.bpm_histogram": [0.0, 0.0, 0.0, 0.0, 0.0, 0.0, 0.0, 0.0, 0.0, 0.0, 0.0, 0.0, 0.0, 0.0, 0.0, 0.0, 0.0, 0.0, 0.0, 0.0, 0.0, 0.0, 0.0, 0.0, 0.0, 0.0, 0.0, 0.0, 0.0, 0.0, 0.0, 0.0, 0.0, 0.0, 0.0, 0.0, 0.0, 0.0, 0.0, 0.0, 0.0, 0.0, 0.0, 0.0, 0.0, 0.0, 0.0, 0.0, 0.0, 0.0, 0.0, 0.0, 0.0, 0.0, 0.0, 0.0, 0.0, 0.0, 0.0, 0.0, 0.0, 0.0, 0.0, 0.0, 0.0, 0.0, 0.0, 0.0, 0.0, 0.0, 0.0, 0.0, 0.0, 0.0, 0.0, 0.0, 0.0, 0.0, 0.0, 0.0, 0.0, 0.0, 0.0, 0.0, 0.0, 0.0, 0.0, 0.0, 0.0, 0.0, 0.0, 0.0, 0.0, 0.0, 0.0, 0.0, 0.0, 0.0, 0.0, 0.0, 0.0, 0.0, 0.0, 0.0, 0.0, 0.0, 0.0, 0.0, 0.0, 0.0, 0.0, 0.0, 0.0, 0.0, 0.0, 0.0, 0.0, 0.06329113990068436, 0.0, 0.0, 0.6329113841056824, 0.0, 0.0, 0.29113924503326416, 0.0, 0.0, 0.0, 0.0, 0.0, 0.012658228166401386, 0.0, 0.0, 0.0, 0.0, 0.0, 0.0, 0.0, 0.0, 0.0, 0.0, 0.0, 0.0, 0.0, 0.0, 0.0, 0.0, 0.0, 0.0, 0.0, 0.0, 0.0, 0.0, 0.0, 0.0, 0.0, 0.0, 0.0, 0.0, 0.0, 0.0, 0.0, 0.0, 0.0, 0.0, 0.0, 0.0, 0.0, 0.0, 0.0, 0.0, 0.0, 0.0, 0.0, 0.0, 0.0, 0.0, 0.0, 0.0, 0.0, 0.0, 0.0, 0.0, 0.0, 0.0, 0.0, 0.0, 0.0, 0.0, 0.0, 0.0, 0.0, 0.0, 0.0, 0.0, 0.0, 0.0, 0.0, 0.0, 0.0, 0.0, 0.0, 0.0, 0.0, 0.0, 0.0, 0.0, 0.0, 0.0, 0.0, 0.0, 0.0, 0.0, 0.0, 0.0, 0.0, 0.0, 0.0, 0.0, 0.0, 0.0, 0.0, 0.0, 0.0, 0.0, 0.0, 0.0, 0.0, 0.0, 0.0, 0.0, 0.0, 0.0, 0.0, 0.0, 0.0, 0.0, 0.0, 0.0, 0.0, 0.0, 0.0, 0.0, 0.0, 0.0, 0.0, 0.0, 0.0, 0.0, 0.0, 0.0], "tonal.chords_histogram": [6.25, 5.092592716217041, 66.66666412353516, 21.52777862548828, 0.0, 0.46296295523643494, 0.0, 0.0, 0.0, 0.0, 0.0, 0.0, 0.0, 0.0, 0.0, 0.0, 0.0, 0.0, 0.0, 0.0, 0.0, 0.0, 0.0, 0.0], "tonal.thpcp": [1.0, 0.5261132717132568, 0.09631410241127014, 0.06192222610116005, 0.07222350686788559, 0.1586828976869583, 0.1965787410736084, 0.11142239719629288, 0.1850985884666443, 0.3218262195587158, 0.2046918421983719, 0.06727862358093262, 0.05370917543768883, 0.0696929544210434, 0.2011915147304535, 0.2706090807914734, 0.14208707213401794, 0.054378606379032135, 0.05148806795477867, 0.05788705125451088, 0.31211599707603455, 0.4758329689502716, 0.25098344683647156, 0.23750141263008118, 0.2755969762802124, 0.10640087723731995, 0.030984997749328613, 0.03136753663420677, 0.08029951900243759, 0.3420109450817108, 0.4480079710483551, 0.19660530984401703, 0.07063928246498108, 0.08294249325990677, 0.13814054429531097, 0.6376766562461853], "lowlevel.gfcc.cov": [[4934.6884765625, -940.1091918945312, -731.69384765625, 266.3334045410156, 632.280517578125, 375.31854248046875, 214.52407836914062, 106.10324096679688, -89.1882095336914, 107.51359558105469, -4.768609523773193, 134.21185302734375, 27.57262420654297], [-940.1091918945312, 1325.5201416015625, -299.1943359375, 84.44157409667969, 28.84906005859375, -88.3785400390625, 59.39069366455078, -19.692819595336914, 93.03914642333984, -94.09331512451172, 63.827083587646484, -97.03414916992188, 28.726917266845703], [-731.69384765625, -299.1943359375, 1960.7508544921875, 230.2384490966797, -106.9453353881836, 94.81954956054688, 50.574527740478516, 91.75852966308594, 97.23097229003906, 105.30422973632812, -54.2074089050293, 40.431129455566406, -84.44834899902344], [266.3334045410156, 84.44157409667969, 230.2384490966797, 570.802978515625, 110.84239959716797, 101.26943969726562, 175.36070251464844, 51.17660140991211, 51.25682067871094, 37.488922119140625, 55.333370208740234, 11.625956535339355, 24.889127731323242], [632.280517578125, 28.84906005859375, -106.9453353881836, 110.84239959716797, 287.1308288574219, 135.42547607421875, 96.30815887451172, 60.343353271484375, 9.254777908325195, 20.769611358642578, 12.903180122375488, 20.266765594482422, 8.188490867614746], [375.31854248046875, -88.3785400390625, 94.81954956054688, 101.26943969726562, 135.42547607421875, 190.2820281982422, 79.55060577392578, 74.20382690429688, 24.38892936706543, 32.58192443847656, 18.959007263183594, 18.237403869628906, 18.456764221191406], [214.52407836914062, 59.39069366455078, 50.574527740478516, 175.36070251464844, 96.30815887451172, 79.55060577392578, 152.4451141357422, 52.873146057128906, 52.8056755065918, 26.543569564819336, 26.324581146240234, 19.762651443481445, 6.081621170043945], [106.10324096679688, -19.692819595336914, 91.75852966308594, 51.17660140991211, 60.343353271484375, 74.20382690429688, 52.873146057128906, 109.44404602050781, 41.283443450927734, 36.731021881103516, 17.243629455566406, 9.920093536376953, 8.333751678466797], [-89.1882095336914, 93.03914642333984, 97.23097229003906, 51.25682067871094, 9.254777908325195, 24.38892936706543, 52.8056755065918, 41.283443450927734, 95.33118438720703, 27.63865089416504, 20.756591796875, 12.7266845703125, -2.6711668968200684], [107.51359558105469, -94.09331512451172, 105.30422973632812, 37.488922119140625, 20.769611358642578, 32.58192443847656, 26.543569564819336, 36.731021881103516, 27.63865089416504, 71.42424774169922, 21.29114532470703, 24.9635009765625, 4.5534749031066895], [-4.768609523773193, 63.827083587646484, -54.2074089050293, 55.333370208740234, 12.903180122375488, 18.959007263183594, 26.324581146240234, 17.243629455566406, 20.756591796875, 21.29114532470703, 61.10315704345703, 15.562413215637207, 20.755006790161133], [134.21185302734375, -97.03414916992188, 40.431129455566406, 11.625956535339355, 20.266765594482422, 18.237403869628906, 19.762651443481445, 9.920093536376953, 12.7266845703125, 24.9635009765625, 15.562413215637207, 60.50160598754883, 16.162891387939453], [27.57262420654297, 28.726917266845703, -84.44834899902344, 24.889127731323242, 8.188490867614746, 18.456764221191406, 6.081621170043945, 8.333751678466797, -2.6711668968200684, 4.5534749031066895, 20.755006790161133, 16.162891387939453, 58.51692581176758]], "lowlevel.gfcc.icov": [[0.0004263920127414167, 0.0002855501079466194, 0.00023295033315662295, -0.0001735388650558889, -0.0006595570594072342, -0.00025186670245602727, -0.00011569600610528141, 9.727021824801341e-05, 0.00018107955111190677, -0.0002902672567870468, 0.00039424916030839086, -0.0003734997007995844, 0.00023298907035496086], [0.0002855501079466194, 0.0017751740524545312, 2.0754787328769453e-05, 8.260082540800795e-05, -0.0014906625729054213, 0.0013557033380493522, -0.0007264371961355209, 0.0005023792036809027, -0.0021702940575778484, 0.0021910856012254953, -0.0020613933447748423, 0.0029328863602131605, -0.0015747608849778771], [0.00023295033315662295, 2.0754787328769453e-05, 0.0009954712586477399, -0.0006925243069417775, 0.0005894332425668836, -0.0010224186116829515, 0.0004972058814018965, -0.00043712917249649763, -0.00015008088666945696, -0.0012117699952796102, 0.001868711318820715, -0.001391054829582572, 0.0016706492751836777], [-0.0001735388650558889, 8.260082540800795e-05, -0.0006925243069417775, 0.0034011199604719877, -0.0004228634061291814, 0.0005358263151720166, -0.0037561149802058935, 0.0009841667488217354, 0.0003028045466635376, 0.0003516806464176625, -0.0026900749653577805, 0.0023851683363318443, -0.0019826425705105066], [-0.0006595570594072342, -0.0014906625729054213, 0.0005894332425668836, -0.0004228634061291814, 0.008521339856088161, -0.004597102291882038, -0.0014094279613345861, -0.0016991551965475082, 0.0027243164367973804, -0.0014111617347225547, 0.0025441902689635754, -0.0034151659347116947, 0.0029941585380584], [-0.00025186670245602727, 0.0013557033380493522, -0.0010224186116829515, 0.0005358263151720166, -0.004597102291882038, 0.012464952655136585, -0.0026048445142805576, -0.0032452575396746397, -0.001251300796866417, 0.0020447648130357265, -0.0033257389441132545, 0.004081430844962597, -0.004969606176018715], [-0.00011569600610528141, -0.0007264371961355209, 0.0004972058814018965, -0.0037561149802058935, -0.0014094279613345861, -0.0026048445142805576, 0.015993213281035423, -0.0021230552811175585, -0.00459076976403594, -5.041822078055702e-05, 0.0010480525670573115, -0.004214702174067497, 0.0029720584861934185], [9.727021824801341e-05, 0.0005023792036809027, -0.00043712917249649763, 0.0009841667488217354, -0.0016991551965475082, -0.0032452575396746397, -0.0021230552811175585, 0.01632249355316162, -0.00453215092420578, -0.004064342472702265, -0.0012443966697901487, 0.003934773616492748, -0.0027205515652894974], [0.00018107955111190677, -0.0021702940575778484, -0.00015008088666945696, 0.0003028045466635376, 0.0027243164367973804, -0.001251300796866417, -0.00459076976403594, -0.00453215092420578, 0.01972528174519539, -0.005292859859764576, -0.0001234417431987822, -0.005292581394314766, 0.004588660784065723], [-0.0002902672567870468, 0.0021910856012254953, -0.0012117699952796102, 0.0003516806464176625, -0.0014111617347225547, 0.0020447648130357265, -5.041822078055702e-05, -0.004064342472702265, -0.005292859859764576, 0.025908667594194412, -0.009314792230725288, -0.001402870169840753, -0.0012669990537688136], [0.00039424916030839086, -0.0020613933447748423, 0.001868711318820715, -0.0026900749653577805, 0.0025441902689635754, -0.0033257389441132545, 0.0010480525670573115, -0.0012443966697901487, -0.0001234417431987822, -0.009314792230725288, 0.029016422107815742, -0.007976490072906017, -0.001940836664289236], [-0.0003734997007995844, 0.0029328863602131605, -0.001391054829582572, 0.0023851683363318443, -0.0034151659347116947, 0.004081430844962597, -0.004214702174067497, 0.003934773616492748, -0.005292581394314766, -0.001402870169840753, -0.007976490072906017, 0.02979312837123871, -0.01074998453259468], [0.00023298907035496086, -0.0015747608849778771, 0.0016706492751836777, -0.0019826425705105066, 0.0029941585380584, -0.004969606176018715, 0.0029720584861934185, -0.0027205515652894974, 0.004588660784065723, -0.0012669990537688136, -0.001940836664289236, -0.01074998453259468, 0.026199353858828545]], "lowlevel.mfcc.cov": [[5284.55224609375, -900.2650756835938, -1401.4598388671875, 86.57289123535156, 244.17340087890625, 309.29010009765625, 325.58526611328125, 152.5248260498047, 113.27753448486328, 54.03902053833008, 1.5244519710540771, -42.55165481567383, 101.23571014404297], [-900.2650756835938, 988.713623046875, -51.35414123535156, -55.99528121948242, -19.269657135009766, -77.00615692138672, -63.41053771972656, -4.169020652770996, -14.004539489746094, 15.272478103637695, -15.431930541992188, 19.577104568481445, -21.680145263671875], [-1401.4598388671875, -51.35414123535156, 1548.9439697265625, 220.18341064453125, 60.438968658447266, 64.9502182006836, 1.6779755353927612, 39.52684020996094, 63.35616683959961, 23.746562957763672, 104.73783874511719, 72.00088500976562, 2.8643486499786377], [86.57289123535156, -55.99528121948242, 220.18341064453125, 446.4773864746094, 33.191959381103516, 134.66470336914062, 72.69053649902344, 81.7142562866211, 28.964427947998047, 60.71144485473633, 24.196399688720703, 48.23650360107422, 11.424894332885742], [244.17340087890625, -19.269657135009766, 60.438968658447266, 33.191959381103516, 178.36627197265625, 63.43989562988281, 98.15813446044922, 37.72370147705078, 60.35053253173828, 10.019892692565918, 37.23964309692383, 1.15141761302948, 36.61310958862305], [309.29010009765625, -77.00615692138672, 64.9502182006836, 134.66470336914062, 63.43989562988281, 170.86683654785156, 71.48918914794922, 81.05476379394531, 33.68928146362305, 47.314796447753906, 11.055938720703125, 35.574928283691406, 10.36948299407959], [325.58526611328125, -63.41053771972656, 1.6779755353927612, 72.69053649902344, 98.15813446044922, 71.48918914794922, 154.0889129638672, 50.202274322509766, 60.356056213378906, 22.57128143310547, 37.66981506347656, -0.1825667917728424, 39.23052215576172], [152.5248260498047, -4.169020652770996, 39.52684020996094, 81.7142562866211, 37.72370147705078, 81.05476379394531, 50.202274322509766, 118.50347137451172, 41.9698600769043, 49.97552490234375, 22.86500358581543, 33.562828063964844, 13.0736083984375], [113.27753448486328, -14.004539489746094, 63.35616683959961, 28.964427947998047, 60.35053253173828, 33.68928146362305, 60.356056213378906, 41.9698600769043, 96.55341339111328, 24.959659576416016, 42.024444580078125, 11.816180229187012, 31.304832458496094], [54.03902053833008, 15.272478103637695, 23.746562957763672, 60.71144485473633, 10.019892692565918, 47.314796447753906, 22.57128143310547, 49.97552490234375, 24.959659576416016, 76.85310363769531, 23.018632888793945, 31.373659133911133, 6.418079376220703], [1.5244519710540771, -15.431930541992188, 104.73783874511719, 24.196399688720703, 37.23964309692383, 11.055938720703125, 37.66981506347656, 22.86500358581543, 42.024444580078125, 23.018632888793945, 81.65026092529297, 18.47386932373047, 30.24057960510254], [-42.55165481567383, 19.577104568481445, 72.00088500976562, 48.23650360107422, 1.15141761302948, 35.574928283691406, -0.1825667917728424, 33.562828063964844, 11.816180229187012, 31.373659133911133, 18.47386932373047, 68.91358184814453, 11.0096435546875], [101.23571014404297, -21.680145263671875, 2.8643486499786377, 11.424894332885742, 36.61310958862305, 10.36948299407959, 39.23052215576172, 13.0736083984375, 31.304832458496094, 6.418079376220703, 30.24057960510254, 11.0096435546875, 70.07196044921875]], "lowlevel.mfcc.icov": [[0.0004348063375800848, 0.000349968031514436, 0.00045615111594088376, -3.246376945753582e-05, -0.00030106541817076504, -0.0005259441677480936, -0.00019476165471132845, -9.664813842391595e-05, -0.0001655117521295324, 5.2106406656093895e-05, -0.00011667385115288198, 8.457296644337475e-05, -6.48096320219338e-05], [0.000349968031514436, 0.0014055392239242792, 0.0004040756612084806, -3.255633419030346e-05, -0.0006603135843761265, 0.0004421071498654783, 0.00019977275223936886, -0.000368192617315799, -0.00017310184193775058, -0.0004706620529759675, 0.00024199343170039356, -0.0004801393370144069, 0.00024594017304480076], [0.00045615111594088376, 0.0004040756612084806, 0.0013046461390331388, -0.00045059682452119887, -0.0006128486129455268, -0.0006442054873332381, 0.00038995171780698, 4.2929721530526876e-05, -0.0005619219737127423, 0.0005959176342003047, -0.001248213811777532, -0.00047577047371305525, 0.0004852556448895484], [-3.246376945753582e-05, -3.255633419030346e-05, -0.00045059682452119887, 0.0033408701419830322, 0.0007608347805216908, -0.0018119200831279159, -0.001188171561807394, -0.0003119691973552108, 0.0006017410196363926, -0.0009428277262486517, 0.00022587260173168033, -0.0005267328815534711, -9.264887194149196e-05], [-0.00030106541817076504, -0.0006603135843761265, -0.0006128486129455268, 0.0007608347805216908, 0.010388464666903019, -0.00247845146805048, -0.0042925626039505005, 0.0003344537108205259, -0.002338449005037546, 0.0019150680163875222, -0.001140856882557273, 0.0010996304918080568, -0.001399898435920477], [-0.0005259441677480936, 0.0004421071498654783, -0.0006442054873332381, -0.0018119200831279159, -0.00247845146805048, 0.013678775168955326, -0.002395882736891508, -0.004473013337701559, 0.0009276075288653374, -0.0026431463193148375, 0.0036045152228325605, -0.003516803728416562, 0.0014897413784638047], [-0.00019476165471132845, 0.00019977275223936886, 0.00038995171780698, -0.001188171561807394, -0.0042925626039505005, -0.002395882736891508, 0.01432016771286726, -0.0013661568518728018, -0.003001023316755891, -4.5490778575185686e-05, -0.002285730093717575, 0.003873794572427869, -0.002921311417594552], [-9.664813842391595e-05, -0.000368192617315799, 4.2929721530526876e-05, -0.0003119691973552108, 0.0003344537108205259, -0.004473013337701559, -0.0013661568518728018, 0.01623368076980114, -0.0033222613856196404, -0.004950807895511389, -3.2384326914325356e-05, -0.0026624377351254225, 0.0006680566584691405], [-0.0001655117521295324, -0.00017310184193775058, -0.0005619219737127423, 0.0006017410196363926, -0.002338449005037546, 0.0009276075288653374, -0.003001023316755891, -0.0033222613856196404, 0.018381239846348763, -0.0021273079328238964, -0.004202811513096094, 0.0006762463599443436, -0.0028144768439233303], [5.2106406656093895e-05, -0.0004706620529759675, 0.0005959176342003047, -0.0009428277262486517, 0.0019150680163875222, -0.0026431463193148375, -4.5490778575185686e-05, -0.004950807895511389, -0.0021273079328238964, 0.022074522450566292, -0.004392843693494797, -0.004853750113397837, 0.001835055649280548], [-0.00011667385115288198, 0.00024199343170039356, -0.001248213811777532, 0.00022587260173168033, -0.001140856882557273, 0.0036045152228325605, -0.002285730093717575, -3.2384326914325356e-05, -0.004202811513096094, -0.004392843693494797, 0.020684396848082542, -0.0029191100038588047, -0.004581975284963846], [8.457296644337475e-05, -0.0004801393370144069, -0.00047577047371305525, -0.0005267328815534711, 0.0010996304918080568, -0.003516803728416562, 0.003873794572427869, -0.0026624377351254225, 0.0006762463599443436, -0.004853750113397837, -0.0029191100038588047, 0.022180603817105293, -0.003974348772317171], [-6.48096320219338e-05, 0.00024594017304480076, 0.0004852556448895484, -9.264887194149196e-05, -0.001399898435920477, 0.0014897413784638047, -0.002921311417594552, 0.0006680566584691405, -0.0028144768439233303, 0.001835055649280548, -0.004581975284963846, -0.003974348772317171, 0.02014908753335476]], "metadata.audio_properties.analysis.downmix": "mix", "metadata.audio_properties.codec": "mp3", "metadata.audio_properties.md5_encoded": "d38d1aa69ef8664909876664a3efbd55", "metadata.tags.file_name": "1182286871183761470.mp3", "metadata.versi