{"song_id": "1182275855465062400", "download": "https://cdn.discordapp.com/attachments/1128313332273782784/1182275855465062400/chirp.mp4?ex=65841b31&amp", "lyrics": "mood by beat by keep going relax", "style": ["American rap"], "essentia_features": {"lowlevel.average_loudness": 0.9692702293395996, "lowlevel.barkbands_crest.mean": 18.839176177978516, "lowlevel.barkbands_crest.stdev": 7.143171787261963, "lowlevel.barkbands_flatness_db.mean": 0.413346529006958, "lowlevel.barkbands_flatness_db.stdev": 0.181399866938591, "lowlevel.barkbands_kurtosis.mean": 342.28607177734375, "lowlevel.barkbands_kurtosis.stdev": 729.864013671875, "lowlevel.barkbands_skewness.mean": 6.737461090087891, "lowlevel.barkbands_skewness.stdev": 10.140409469604492, "lowlevel.barkbands_spread.mean": 17.553524017333984, "lowlevel.barkbands_spread.stdev": 29.496196746826172, "lowlevel.dissonance.mean": 0.43365371227264404, "lowlevel.dissonance.stdev": 0.07551570236682892, "lowlevel.dynamic_complexity": 8.091446876525879, "lowlevel.erbbands_crest.mean": 14.542852401733398, "lowlevel.erbbands_crest.stdev": 7.4281816482543945, "lowlevel.erbbands_flatness_db.mean": 0.25645729899406433, "lowlevel.erbbands_flatness_db.stdev": 0.09462976455688477, "lowlevel.erbbands_kurtosis.mean": 52.05614471435547, "lowlevel.erbbands_kurtosis.stdev": 89.94501495361328, "lowlevel.erbbands_skewness.mean": 3.114668846130371, "lowlevel.erbbands_skewness.stdev": 4.927022933959961, "lowlevel.erbbands_spread.mean": 43.092369079589844, "lowlevel.erbbands_spread.stdev": 60.513954162597656, "lowlevel.hfc.mean": 15.383018493652344, "lowlevel.hfc.stdev": 28.585412979125977, "lowlevel.loudness_ebu128.integrated": -21.211687088012695, "lowlevel.loudness_ebu128.loudness_range": 1.652364730834961, "lowlevel.loudness_ebu128.momentary.mean": -22.361093521118164, "lowlevel.loudness_ebu128.momentary.stdev": 3.56262469291687, "lowlevel.loudness_ebu128.short_term.mean": -21.381540298461914, "lowlevel.loudness_ebu128.short_term.stdev": 0.5792449712753296, "lowlevel.melbands_crest.mean": 24.737464904785156, "lowlevel.melbands_crest.stdev": 9.889100074768066, "lowlevel.melbands_flatness_db.mean": 0.4915609657764435, "lowlevel.melbands_flatness_db.stdev": 0.2506032884120941, "lowlevel.melbands_kurtosis.mean": 313.40728759765625, "lowlevel.melbands_kurtosis.stdev": 703.0670776367188, "lowlevel.melbands_skewness.mean": 7.360156059265137, "lowlevel.melbands_skewness.stdev": 9.88403606414795, "lowlevel.melbands_spread.mean": 25.648523330688477, "lowlevel.melbands_spread.stdev": 53.88325500488281, "lowlevel.pitch_salience.mean": 0.31165650486946106, "lowlevel.pitch_salience.stdev": 0.27546679973602295, "lowlevel.silence_rate_20dB.mean": 1.0, "lowlevel.silence_rate_20dB.stdev": 0.0, "lowlevel.silence_rate_30dB.mean": 0.8481806516647339, "lowlevel.silence_rate_30dB.stdev": 0.35884779691696167, "lowlevel.silence_rate_60dB.mean": 0.3739021420478821, "lowlevel.silence_rate_60dB.stdev": 0.4838370084762573, "lowlevel.spectral_centroid.mean": 1665.7913818359375, "lowlevel.spectral_centroid.stdev": 2270.911865234375, "lowlevel.spectral_complexity.mean": 3.642409086227417, "lowlevel.spectral_complexity.stdev": 9.290037155151367, "lowlevel.spectral_decrease.mean": -1.048893949473495e-08, "lowlevel.spectral_decrease.stdev": 1.904668067709281e-08, "lowlevel.spectral_energy.mean": 0.040982894599437714, "lowlevel.spectral_energy.stdev": 0.07285377383232117, "lowlevel.spectral_energyband_high.mean": 0.001058457070030272, "lowlevel.spectral_energyband_high.stdev": 0.002525061136111617, "lowlevel.spectral_energyband_low.mean": 0.03799701854586601, "lowlevel.spectral_energyband_low.stdev": 0.07056685537099838, "lowlevel.spectral_energyband_middle_high.mean": 0.0006389848422259092, "lowlevel.spectral_energyband_middle_high.stdev": 0.0024907139595597982, "lowlevel.spectral_energyband_middle_low.mean": 0.003312521381303668, "lowlevel.spectral_energyband_middle_low.stdev": 0.012017975561320782, "lowlevel.spectral_entropy.mean": 6.541076183319092, "lowlevel.spectral_entropy.stdev": 1.804747223854065, "lowlevel.spectral_flux.mean": 0.08666021376848221, "lowlevel.spectral_flux.stdev": 0.12185952812433243, "lowlevel.spectral_kurtosis.mean": 12.545210838317871, "lowlevel.spectral_kurtosis.stdev": 20.0870418548584, "lowlevel.spectral_rms.mean": 0.004323196597397327, "lowlevel.spectral_rms.stdev": 0.004614465404301882, "lowlevel.spectral_rolloff.mean": 3156.291015625, "lowlevel.spectral_rolloff.stdev": 5113.4296875, "lowlevel.spectral_skewness.mean": 2.4072396755218506, "lowlevel.spectral_skewness.stdev": 2.1282596588134766, "lowlevel.spectral_spread.mean": 8379343.0, "lowlevel.spectral_spread.stdev": 5869257.5, "lowlevel.spectral_strongpeak.mean": 0.5385998487472534, "lowlevel.spectral_strongpeak.stdev": 0.8613232374191284, "lowlevel.zerocrossingrate.mean": 0.11083126813173294, "lowlevel.zerocrossingrate.stdev": 0.1570136994123459, "metadata.audio_properties.analysis.equal_loudness": 0.0, "metadata.audio_properties.analysis.length": 36.97065734863281, "metadata.audio_properties.analysis.sample_rate": 44100.0, "metadata.audio_properties.analysis.start_time": 0.0, "metadata.audio_properties.bit_rate": 139528.0, "metadata.audio_properties.length": 36.970664978027344, "metadata.audio_properties.lossless": 0.0, "metadata.audio_properties.number_channels": 1.0, "metadata.audio_properties.replay_gain": -5.742483139038086, "metadata.audio_properties.sample_rate": 48000.0, "rhythm.beats_count": 59.0, "rhythm.beats_loudness.mean": 0.051136113703250885, "rhythm.beats_loudness.stdev": 0.05011802911758423, "rhythm.bpm": 96.38924407958984, "rhythm.bpm_histogram_first_peak_bpm": 96.0, "rhythm.bpm_histogram_first_peak_weight": 0.36206895112991333, "rhythm.bpm_histogram_second_peak_bpm": 0.0, "rhythm.bpm_histogram_second_peak_spread": 0.0, "rhythm.bpm_histogram_second_peak_weight": 0.0, "rhythm.danceability": 1.9649055004119873, "rhythm.onset_rate": 4.433703899383545, "tonal.chords_changes_rate": 0.0839598998427391, "tonal.chords_number_rate": 0.011278195306658745, "tonal.chords_strength.mean": 0.5743179321289062, "tonal.chords_strength.stdev": 0.08554115891456604, "tonal.hpcp_crest.mean": 12.327239990234375, "tonal.hpcp_crest.stdev": 5.933582782745361, "tonal.hpcp_entropy.mean": 2.1902740001678467, "tonal.hpcp_entropy.stdev": 0.8976244926452637, "tonal.key_edma.strength": 0.5590435862541199, "tonal.key_krumhansl.strength": 0.5675621032714844, "tonal.key_temperley.strength": 0.5930315852165222, "tonal.tuning_diatonic_strength": 0.625947892665863, "tonal.tuning_equal_tempered_deviation": 0.1989707201719284, "tonal.tuning_frequency": 434.9461669921875, "tonal.tuning_nontempered_energy_ratio": 0.8799618482589722, "lowlevel.barkbands.mean": [0.00024496487458236516, 0.022540539503097534, 0.013191912323236465, 0.0025452699046581984, 0.0005192701937630773, 0.00012854786473326385, 4.2517262045294046e-05, 4.8157849960261956e-05, 2.5895093131111935e-05, 8.483285455440637e-06, 1.353077641397249e-05, 3.078197914874181e-05, 4.39208815805614e-05, 5.2719500672537833e-05, 4.109447036171332e-05, 5.0912145525217056e-05, 7.783689216012135e-05, 0.00014526765153277665, 0.00011520124098751694, 0.00011066570732509717, 0.0001316558918915689, 0.00013824645429849625, 0.0001420683547621593, 8.163069287547842e-05, 0.0001069115023710765, 0.0003745674912352115, 3.0397170121432282e-05], "lowlevel.barkbands.stdev": [0.0004069344431627542, 0.03600797802209854, 0.048963937908411026, 0.009932143613696098, 0.0021886068861931562, 0.0004982276004739106, 0.00021567870862782001, 0.00025600771186873317, 0.00011799488856922835, 4.1021823562914506e-05, 7.04578123986721e-05, 0.00020097321248613298, 0.00023102061823010445, 0.0002484576834831387, 0.00017292691336479038, 0.00020589471387211233, 0.0003103994531556964, 0.0006158177857287228, 0.0004658487159758806, 0.00043277774238958955, 0.0005231823306530714, 0.0005109491758048534, 0.0004967494169250131, 0.00021053182717878371, 0.0002856995561160147, 0.000918000063393265, 8.425849227933213e-05], "lowlevel.erbbands.mean": [0.6380850076675415, 5.216421127319336, 13.650546073913574, 13.765264511108398, 3.4968581199645996, 1.7736300230026245, 0.9380564093589783, 1.2279009819030762, 0.6303160190582275, 0.926558256149292, 0.9293290972709656, 0.6307224631309509, 0.3141402304172516, 0.31607547402381897, 0.7759865522384644, 1.3021191358566284, 1.920056939125061, 2.651702880859375, 2.448841094970703, 2.418360710144043, 2.972041130065918, 4.659270286560059, 7.600921154022217, 6.80522346496582, 5.660915851593018, 5.210763454437256, 5.333567142486572, 4.828336238861084, 4.827509880065918, 4.956114292144775, 3.7474801540374756, 2.2999722957611084, 1.0725492238998413, 0.8653373122215271, 0.962313175201416, 1.2885725498199463, 0.7412034869194031, 0.1471569687128067, 0.003263805527240038, 0.00013206742005422711], "lowlevel.erbbands.stdev": [1.0986191034317017, 8.420906066894531, 43.78804397583008, 53.709877014160156, 12.573634147644043, 7.595892906188965, 3.7724568843841553, 4.902486324310303, 3.1685428619384766, 5.31910514831543, 4.817625999450684, 3.044776439666748, 1.3455110788345337, 1.481873869895935, 4.557562351226807, 8.196161270141602, 10.013246536254883, 12.668556213378906, 10.726144790649414, 9.873562812805176, 11.878766059875488, 18.518795013427734, 32.095584869384766, 28.10890007019043, 22.67862892150879, 20.24950408935547, 21.6887149810791, 19.07115936279297, 18.177576065063477, 18.611982345581055, 12.80368423461914, 6.334194183349609, 2.7486414909362793, 2.4049956798553467, 2.5833778381347656, 3.315152168273926, 1.8060907125473022, 0.369887113571167, 0.007980482652783394, 0.0002374199393671006], "lowlevel.gfcc.mean": [-299.42327880859375, 24.225976943969727, -6.894103050231934, 53.9534797668457, -32.75254440307617, 36.41290283203125, -21.099748611450195, 15.154267311096191, -8.817949295043945, 8.439510345458984, -12.4765625, 3.7516775131225586, -12.753057479858398], "lowlevel.melbands.mean": [0.006128824315965176, 0.006882178131490946, 0.002062779851257801, 0.00014820697833783925, 4.027922113891691e-05, 2.570389369793702e-05, 9.309582310379483e-06, 1.0359096449974459e-05, 7.293437647604151e-06, 3.581251348805381e-06, 1.4635904790338827e-06, 1.1787096809712239e-06, 2.15175759876729e-06, 3.248733264626935e-06, 3.516201104503125e-06, 4.866743438469712e-06, 4.962297680322081e-06, 4.089813046448398e-06, 3.0944179343350697e-06, 3.295583610452013e-06, 3.5299624414619757e-06, 4.575939328788081e-06, 5.930173301749164e-06, 7.316744813579135e-06, 5.343487373465905e-06, 4.011356850242009e-06, 4.1580351535230875e-06, 3.2021248443925288e-06, 3.17994113174791e-06, 3.432141966186464e-06, 2.520073394407518e-06, 2.7624696485872846e-06, 2.6650527615856845e-06, 2.8408780963218305e-06, 2.286379640281666e-06, 1.6779284806034411e-06, 1.3287738056533271e-06, 7.514023536714376e-07, 7.071615755194216e-07, 7.027217634458793e-07], "lowlevel.melbands.stdev": [0.010061291977763176, 0.01658218540251255, 0.007851803675293922, 0.0005938237300142646, 0.00015979628369677812, 0.00010276271495968103, 4.76968998555094e-05, 5.9667014284059405e-05, 3.7760637496830896e-05, 1.703114503470715e-05, 6.549215413542697e-06, 5.716120540455449e-06, 1.2027170669171028e-05, 2.250456418551039e-05, 1.9636019715107977e-05, 2.6123194402316585e-05, 2.4016160750761628e-05, 1.8403110516374e-05, 1.309828530793311e-05, 1.3425068573269527e-05, 1.4360002751345746e-05, 1.836464616644662e-05, 2.5842902687145397e-05, 3.203058076906018e-05, 2.224522722826805e-05, 1.6590904124313965e-05, 1.647254430281464e-05, 1.2668464478338137e-05, 1.3371995009947568e-05, 1.3959911484562326e-05, 9.982803021557629e-06, 1.0772845598694403e-05, 9.968312951968983e-06, 1.0983708307321649e-05, 8.142485967255197e-06, 5.250304184301058e-06, 3.506808297970565e-06, 1.9901290215784684e-06, 1.926921186168329e-06, 2.105830162690836e-06], "lowlevel.melbands128.mean": [0.00023463382967747748, 0.004267626907676458, 0.00967791024595499, 0.007828770205378532, 0.0069812326692044735, 0.006365160923451185, 0.0030847196467220783, 0.0008348655537702143, 0.00023080446408130229, 0.00012488100037444383, 9.627695544622838e-05, 4.733715104521252e-05, 2.6260458980686963e-05, 2.5952276700991206e-05, 3.614652814576402e-05, 1.945908479683567e-05, 9.734950253914576e-06, 7.639389878022484e-06, 7.90852755017113e-06, 1.1599847312027123e-05, 1.1251647265453357e-05, 7.613894467795035e-06, 7.819904567440972e-06, 5.3979338190401904e-06, 4.511631686909823e-06, 2.575798362158821e-06, 1.7396013163306634e-06, 1.389979615851189e-06, 1.205400621984154e-06, 1.1023931847375934e-06, 1.1153389323226293e-06, 1.4258055216487264e-06, 1.938732793860254e-06, 2.9554180400737096e-06, 3.072845402130042e-06, 3.2145092063728953e-06, 3.681474709082977e-06, 3.6893129617965315e-06, 3.1035506253829226e-06, 4.144880222156644e-06, 5.835941465193173e-06, 5.066122412245022e-06, 4.289520347811049e-06, 5.7150427892338485e-06, 4.715846898761811e-06, 3.6113990518060746e-06, 3.631708977991366e-06, 2.93865127787285e-06, 2.4895348360587377e-06, 4.060141691297758e-06, 3.1834872515901225e-06, 2.9036941668891814e-06, 3.516160177241545e-06, 3.351412715346669e-06, 4.54873998023686e-06, 4.844136583415093e-06, 4.335880475991871e-06, 5.225191671343055e-06, 6.904624115122715e-06, 6.679533271380933e-06, 8.56775113788899e-06, 6.495136403827928e-06, 5.71211967326235e-06, 5.320229320204817e-06, 4.0346312744077295e-06, 4.004341917607235e-06, 3.7985194012435386e-06, 4.300625278119696e-06, 4.370335773273837e-06, 3.831515641650185e-06, 3.2651926176185952e-06, 2.83452709481935e-06, 2.7891410354641266e-06, 3.562800202416838e-06, 3.0705314202350564e-06, 3.6182786971039604e-06, 3.7790107398905093e-06, 2.564208898547804e-06, 2.2314277430268703e-06, 2.432178689559805e-06, 3.0452872579189716e-06, 2.7933886030950816e-06, 2.388365601291298e-06, 2.741862090260838e-06, 2.879902467611828e-06, 2.545730012570857e-06, 3.1485951694776304e-06, 2.7234577828494366e-06, 2.261196868857951e-06, 1.8864708408727893e-06, 1.940670472322381e-06, 1.5764197769385646e-06, 1.3231103821453871e-06, 1.4796312370890519e-06, 1.2079789257768425e-06, 1.0039010476248222e-06, 5.780511287412082e-07, 4.635400898678199e-07, 7.74371585521294e-07, 8.22077083739714e-07, 6.511357355520886e-07, 6.881875833641971e-07, 7.009186333561956e-07, 9.830456519921427e-07, 9.715868145576678e-07, 1.1012149343514466e-06, 1.4447240346271428e-06, 1.8508389985072426e-06, 2.3829425117583014e-06, 2.5378210466442397e-06, 3.224248757760506e-06, 2.7861203761858633e-06, 2.238605247839587e-06, 2.1490400285983924e-06, 1.8709480400502798e-06, 1.7238174905287451e-06, 1.2115589242966962e-06, 1.5709878198322258e-07, 1.2671177440637393e-09, 5.439670380802397e-10, 3.863510622537092e-10, 8.042477100955736e-11, 6.2619792164098076e-12, 5.889863683578023e-12, 5.55758824377639e-12, 5.206343602764951e-12, 5.018417972846301e-12, 4.965815952884256e-12], "lowlevel.melbands128.stdev": [0.00039529145578853786, 0.007845433428883553, 0.017070621252059937, 0.013659111224114895, 0.020011579617857933, 0.02449244260787964, 0.012478528544306755, 0.0030767691787332296, 0.0009194020531140268, 0.0006145217921584845, 0.0004320133593864739, 0.00021093861141707748, 0.0001241272548213601, 0.00010285079042660072, 0.00014436339552048594, 0.00010076691978611052, 5.8092780818697065e-05, 4.057208570884541e-05, 4.524122050497681e-05, 7.46833102311939e-05, 7.053322769934312e-05, 4.5622062316397205e-05, 4.833361163036898e-05, 2.7290396246826276e-05, 2.8582340746652335e-05, 1.1672605978674255e-05, 8.573360901209526e-06, 6.9663519752793945e-06, 7.083427135512466e-06, 6.52382914267946e-06, 5.654370397678576e-06, 7.203698714874918e-06, 1.1184186405444052e-05, 1.861590862972662e-05, 2.5842300601652823e-05, 2.579403735580854e-05, 2.669370405783411e-05, 2.1947302229818888e-05, 1.9035163859371096e-05, 2.4513168682460673e-05, 3.47929417330306e-05, 2.726197271840647e-05, 2.289800249855034e-05, 3.0256036552600563e-05, 2.487449637555983e-05, 1.79630169441225e-05, 1.7656579075264744e-05, 1.417409748682985e-05, 1.114088354370324e-05, 1.8741051462711766e-05, 1.4175275282468647e-05, 1.3149988262739498e-05, 1.6007443264243193e-05, 1.5073033864609897e-05, 1.936259650392458e-05, 2.1194611690589227e-05, 1.9331990188220516e-05, 2.395563933532685e-05, 3.5573862987803295e-05, 3.0067965781199746e-05, 4.2662468331400305e-05, 3.1049879908096045e-05, 2.627546200528741e-05, 2.312543074367568e-05, 1.8359432942816056e-05, 1.804163184715435e-05, 1.696317849564366e-05, 1.9100769350188784e-05, 1.8935716070700437e-05, 1.5642675862181932e-05, 1.3900682461098768e-05, 1.2413436706992798e-05, 1.2926764611620456e-05, 1.627500751055777e-05, 1.3712254258280154e-05, 1.59013088705251e-05, 1.6644145944155753e-05, 1.1223806723137386e-05, 9.3308290161076e-06, 9.93189405562589e-06, 1.285788221139228e-05, 1.1956229172938038e-05, 9.514974408375565e-06, 1.0951566764560994e-05, 1.1453652405180037e-05, 1.0407201443740632e-05, 1.2955828424310312e-05, 1.083807637769496e-05, 8.530495506420266e-06, 6.876914540043799e-06, 6.787135589547688e-06, 4.988573437003652e-06, 4.068599992024247e-06, 4.172870376351057e-06, 3.285670118202688e-06, 2.735151610977482e-06, 1.8333946627535624e-06, 1.37931635890709e-06, 2.2058704871597e-06, 2.4662685973453335e-06, 2.2344161152432207e-06, 2.2361909941537306e-06, 2.4906244107114617e-06, 3.146874405501876e-06, 2.8001384180242894e-06, 3.1974950616131537e-06, 4.797287147084717e-06, 5.9470385167514905e-06, 6.98548910804675e-06, 6.622308774240082e-06, 8.414502190134954e-06, 7.303981419681804e-06, 5.824322215630673e-06, 5.491316187544726e-06, 4.905753485218156e-06, 4.818084562430158e-06, 3.3103358418884454e-06, 5.058700480731204e-07, 3.2567861296683986e-08, 2.0007799861332387e-08, 1.4563801720157699e-08, 2.874898985538721e-09, 1.2397580358147753e-11, 1.1181577365404483e-11, 1.0462524943632978e-11, 1.0208250911247774e-11, 1.0096657017399924e-11, 1.0032571128026913e-11], "lowlevel.mfcc.mean": [-969.2597045898438, 72.4493179321289, 75.80612182617188, 39.00777816772461, 32.12287139892578, 28.913372039794922, 12.6573486328125, 18.48002815246582, 10.177350044250488, 13.753055572509766, 6.996555805206299, 10.771592140197754, 3.2317891120910645], "lowlevel.spectral_contrast_coeffs.mean": [-0.6870065927505493, -0.8370295763015747, -0.8674018979072571, -0.8829673528671265, -0.8583643436431885, -0.8193351626396179], "lowlevel.spectral_contrast_coeffs.stdev": [0.12065211683511734, 0.08329413086175919, 0.045667439699172974, 0.04135899618268013, 0.05552751198410988, 0.07650001347064972], "lowlevel.spectral_contrast_valleys.mean": [-9.54304313659668, -10.379976272583008, -11.27652359008789, -11.37654972076416, -11.071023941040039, -12.13215446472168], "lowlevel.spectral_contrast_valleys.stdev": [2.4625084400177, 2.1929831504821777, 2.1074304580688477, 2.284672498703003, 2.2973406314849854, 1.8616421222686768], "rhythm.beats_loudness_band_ratio.mean": [0.38428470492362976, 0.008388360030949116, 0.0038110280875116587, 0.022698717191815376, 0.11297983676195145, 0.472262978553772], "rhythm.beats_loudness_band_ratio.stdev": [0.40851113200187683, 0.022415751591324806, 0.008677461184561253, 0.02752593159675598, 0.13396112620830536, 0.3714531362056732], "tonal.hpcp.mean": [0.2922300398349762, 0.19371876120567322, 0.10026195645332336, 0.0907554179430008, 0.09769780933856964, 0.09530488401651382, 0.10003740340471268, 0.09387882798910141, 0.07262510061264038, 0.06343960016965866, 0.05989580601453781, 0.04577888175845146, 0.04125938192009926, 0.05016154423356056, 0.04787411913275719, 0.0421869121491909, 0.05401972308754921, 0.07135811448097229, 0.07551974058151245, 0.0740695595741272, 0.0771884098649025, 0.08508369326591492, 0.1309775710105896, 0.1854032725095749, 0.18299482762813568, 0.1332949995994568, 0.08487971872091293, 0.07574839144945145, 0.07136596739292145, 0.06766894459724426, 0.07307438552379608, 0.08016205579042435, 0.08222026377916336, 0.07147420197725296, 0.10302114486694336, 0.22765541076660156], "tonal.hpcp.stdev": [0.38800713419914246, 0.3108462691307068, 0.23738758265972137, 0.21348907053470612, 0.23220691084861755, 0.22747547924518585, 0.24618156254291534, 0.2311660349369049, 0.19605030119419098, 0.18099595606327057, 0.1722690761089325, 0.13775119185447693, 0.13111351430416107, 0.15219800174236298, 0.14442318677902222, 0.12742052972316742, 0.15805047750473022, 0.19515514373779297, 0.1947513371706009, 0.19073504209518433, 0.20008528232574463, 0.20720237493515015, 0.2558005452156067, 0.32816728949546814, 0.31083470582962036, 0.27800536155700684, 0.2132522165775299, 0.21626311540603638, 0.20697183907032013, 0.1893354207277298, 0.20895643532276154, 0.2201061099767685, 0.2261577844619751, 0.19040760397911072, 0.2215556651353836, 0.3358301818370819], "rhythm.beats_position": [0.650158703327179, 1.277097463607788, 1.904036283493042, 2.530975103378296, 3.1579136848449707, 3.7848525047302246, 4.4117913246154785, 5.038730144500732, 5.665668964385986, 6.29260778427124, 6.919546127319336, 7.53487491607666, 8.150203704833984, 8.777142524719238, 9.392471313476562, 10.007800102233887, 10.63473892211914, 11.261677742004395, 11.888616561889648, 12.503945350646973, 13.119274139404297, 13.74621295928955, 14.373151779174805, 14.988480567932129, 15.603809356689453, 16.23074722290039, 16.85768699645996, 17.47301483154297, 18.08834457397461, 18.715282440185547, 19.342222213745117, 19.969160079956055, 20.584489822387695, 21.199817657470703, 21.826757431030273, 22.45369529724121, 23.08063507080078, 23.69596290588379, 24.31129264831543, 24.938230514526367, 25.565170288085938, 26.180498123168945, 26.795827865600586, 27.422765731811523, 28.049705505371094, 28.6650333404541, 29.280363082885742, 29.90730094909668, 30.53424072265625, 31.149568557739258, 31.7648983001709, 32.3918342590332, 33.018775939941406, 33.645713806152344, 34.27265167236328, 34.87636947631836, 35.50331115722656, 36.1302490234375, 36.75718688964844], "rhythm.bpm_histogram": [0.0, 0.0, 0.0, 0.0, 0.0, 0.0, 0.0, 0.0, 0.0, 0.0, 0.0, 0.0, 0.0, 0.0, 0.0, 0.0, 0.0, 0.0, 0.0, 0.0, 0.0, 0.0, 0.0, 0.0, 0.0, 0.0, 0.0, 0.0, 0.0, 0.0, 0.0, 0.0, 0.0, 0.0, 0.0, 0.0, 0.0, 0.0, 0.0, 0.0, 0.0, 0.0, 0.0, 0.0, 0.0, 0.0, 0.0, 0.0, 0.0, 0.0, 0.0, 0.0, 0.0, 0.0, 0.0, 0.0, 0.0, 0.0, 0.0, 0.0, 0.0, 0.0, 0.0, 0.0, 0.0, 0.0, 0.0, 0.0, 0.0, 0.0, 0.0, 0.0, 0.0, 0.0, 0.0, 0.0, 0.0, 0.0, 0.0, 0.0, 0.0, 0.0, 0.0, 0.0, 0.0, 0.0, 0.0, 0.0, 0.0, 0.0, 0.0, 0.0, 0.0, 0.0, 0.0, 0.0, 0.6379310488700867, 0.0, 0.3448275923728943, 0.017241379246115685, 0.0, 0.0, 0.0, 0.0, 0.0, 0.0, 0.0, 0.0, 0.0, 0.0, 0.0, 0.0, 0.0, 0.0, 0.0, 0.0, 0.0, 0.0, 0.0, 0.0, 0.0, 0.0, 0.0, 0.0, 0.0, 0.0, 0.0, 0.0, 0.0, 0.0, 0.0, 0.0, 0.0, 0.0, 0.0, 0.0, 0.0, 0.0, 0.0, 0.0, 0.0, 0.0, 0.0, 0.0, 0.0, 0.0, 0.0, 0.0, 0.0, 0.0, 0.0, 0.0, 0.0, 0.0, 0.0, 0.0, 0.0, 0.0, 0.0, 0.0, 0.0, 0.0, 0.0, 0.0, 0.0, 0.0, 0.0, 0.0, 0.0, 0.0, 0.0, 0.0, 0.0, 0.0, 0.0, 0.0, 0.0, 0.0, 0.0, 0.0, 0.0, 0.0, 0.0, 0.0, 0.0, 0.0, 0.0, 0.0, 0.0, 0.0, 0.0, 0.0, 0.0, 0.0, 0.0, 0.0, 0.0, 0.0, 0.0, 0.0, 0.0, 0.0, 0.0, 0.0, 0.0, 0.0, 0.0, 0.0, 0.0, 0.0, 0.0, 0.0, 0.0, 0.0, 0.0, 0.0, 0.0, 0.0, 0.0, 0.0, 0.0, 0.0, 0.0, 0.0, 0.0, 0.0, 0.0, 0.0, 0.0, 0.0, 0.0, 0.0, 0.0, 0.0, 0.0, 0.0, 0.0, 0.0, 0.0, 0.0, 0.0, 0.0, 0.0, 0.0, 0.0, 0.0, 0.0, 0.0, 0.0, 0.0], "tonal.chords_histogram": [12.406015396118164, 2.0050125122070312, 3.007518768310547, 0.0, 0.0, 0.0, 0.0, 0.2506265640258789, 2.25563907623291, 8.395990371704102, 0.12531328201293945, 0.0, 0.0, 0.0, 1.378446102142334, 0.2506265640258789, 4.63659143447876, 0.0, 0.0, 0.0, 0.0, 0.0, 2.3809523582458496, 62.90726852416992], "tonal.thpcp": [1.0, 0.6628981828689575, 0.34309256076812744, 0.31056156754493713, 0.3343181610107422, 0.326129674911499, 0.3423241674900055, 0.32124975323677063, 0.24852031469345093, 0.21708787977695465, 0.2049611508846283, 0.15665358304977417, 0.14118802547454834, 0.17165088653564453, 0.16382339596748352, 0.14436200261116028, 0.1848534196615219, 0.2441847324371338, 0.25842565298080444, 0.2534632086753845, 0.26413577795028687, 0.2911531329154968, 0.4482002258300781, 0.6344428658485413, 0.6262012720108032, 0.45613038539886475, 0.2904551327228546, 0.259208083152771, 0.2442115992307663, 0.23156054317951202, 0.25005775690078735, 0.27431148290634155, 0.2813546061515808, 0.24458198249340057, 0.3525344133377075, 0.7790281176567078], "lowlevel.gfcc.cov": [[37768.34765625, -1411.95947265625, -1884.6407470703125, -1508.0423583984375, -175.247802734375, -455.2037048339844, -118.73318481445312, 160.85171508789062, -480.37249755859375, 373.2543640136719, -671.8827514648438, 635.9556884765625, -929.2373657226562], [-1411.95947265625, 11103.67578125, 5290.10986328125, 759.5217895507812, 666.1871337890625, -605.3511962890625, 269.110595703125, -667.6632080078125, 515.4297485351562, -880.7225341796875, 708.1011962890625, -947.7052612304688, 505.9384460449219], [-1884.6407470703125, 5290.10986328125, 8082.92822265625, 461.5196838378906, 486.7384948730469, 117.48374938964844, 399.61151123046875, 204.60418701171875, 116.33737182617188, -116.58073425292969, -134.71939086914062, -467.88623046875, 159.27725219726562], [-1508.0423583984375, 759.5217895507812, 461.5196838378906, 998.6088256835938, 622.6956176757812, 325.5814514160156, 377.2248840332031, 118.07118225097656, 315.4546203613281, 13.507686614990234, 221.54238891601562, -38.44342041015625, 119.97882080078125], [-175.247802734375, 666.1871337890625, 486.7384948730469, 622.6956176757812, 811.2132568359375, 358.87359619140625, 458.2408142089844, 183.14163208007812, 312.2871398925781, 77.31906127929688, 246.3433837890625, 27.403894424438477, 139.1400909423828], [-455.2037048339844, -605.3511962890625, 117.48374938964844, 325.5814514160156, 358.87359619140625, 439.49957275390625, 348.29730224609375, 278.2783203125, 180.7790985107422, 164.79478454589844, 50.22228240966797, 69.99128723144531, 14.479345321655273], [-118.73318481445312, 269.110595703125, 399.61151123046875, 377.2248840332031, 458.2408142089844, 348.29730224609375, 544.3253173828125, 298.7948303222656, 326.955322265625, 100.13949584960938, 137.72984313964844, -32.47640609741211, 55.938987731933594], [160.85171508789062, -667.6632080078125, 204.60418701171875, 118.07118225097656, 183.14163208007812, 278.2783203125, 298.7948303222656, 379.88671875, 163.7374267578125, 170.4897003173828, -52.22787857055664, 32.211483001708984, -58.84685516357422], [-480.37249755859375, 515.4297485351562, 116.33737182617188, 315.4546203613281, 312.2871398925781, 180.7790985107422, 326.955322265625, 163.7374267578125, 338.0040283203125, 43.150516510009766, 177.13665771484375, -53.752830505371094, 82.82185363769531], [373.2543640136719, -880.7225341796875, -116.58073425292969, 13.507686614990234, 77.31906127929688, 164.79478454589844, 100.13949584960938, 170.4897003173828, 43.150516510009766, 247.57119750976562, 24.106616973876953, 180.90158081054688, -9.735658645629883], [-671.8827514648438, 708.1011962890625, -134.71939086914062, 221.54238891601562, 246.3433837890625, 50.22228240966797, 137.72984313964844, -52.22787857055664, 177.13665771484375, 24.106616973876953, 317.9813537597656, 59.55473709106445, 175.0269775390625], [635.9556884765625, -947.7052612304688, -467.88623046875, -38.44342041015625, 27.403894424438477, 69.99128723144531, -32.47640609741211, 32.211483001708984, -53.752830505371094, 180.90158081054688, 59.55473709106445, 285.7572326660156, 32.24705505371094], [-929.2373657226562, 505.9384460449219, 159.27725219726562, 119.97882080078125, 139.1400909423828, 14.479345321655273, 55.938987731933594, -58.84685516357422, 82.82185363769531, -9.735658645629883, 175.0269775390625, 32.24705505371094, 172.2245635986328]], "lowlevel.gfcc.icov": [[4.5570075599243864e-05, -4.3937787268077955e-05, 2.293103352712933e-05, 8.729016553843394e-05, -0.000105210070614703, 0.00010210240725427866, -0.00012647661787923425, 7.537250348832458e-05, -4.6100969484541565e-05, -3.355666922288947e-05, 0.00017611580551601946, -0.00029736236319877207, 0.0003331485204398632], [-4.3937787268077955e-05, 0.0005755928577855229, -0.00036197295412421227, -3.5646091419039294e-05, -0.00010146533895749599, 0.0005404537660069764, 4.594028359861113e-05, 0.0002883302222471684, -0.0003143037611152977, 0.0009809094481170177, -0.0017573939403519034, 0.000903137493878603, 0.000375245203031227], [2.293103352712933e-05, -0.00036197295412421227, 0.0004145313869230449, -6.61704470985569e-05, -6.280033994698897e-05, -0.00012365198927000165, -0.00019940317724831402, -0.0003044457407668233, 0.0005763227818533778, -0.001035455148667097, 0.0014532622881233692, 3.423644011490978e-05, -0.0009473205427639186], [8.729016553843394e-05, -3.5646091419039294e-05, -6.61704470985569e-05, 0.0024856331292539835, -0.0014372310834005475, -0.0010703873122110963, 0.000346844521118328, 0.0009512515971437097, -0.0015284869587048888, 0.0007253281073644757, 3.019171163032297e-05, -0.0006466188933700323, 0.0012352244229987264], [-0.000105210070614703, -0.00010146533895749599, -6.280033994698897e-05, -0.0014372310834005475, 0.004329567309468985, -0.0016010012477636337, -0.0014793631853535771, -0.00010107077105203643, 0.00031866185599938035, 0.0006717344513162971, -0.0010016148444265127, -0.0006095513235777617, -0.001110788551159203], [0.00010210240725427866, 0.0005404537660069764, -0.00012365198927000165, -0.0010703873122110963, -0.0016010012477636337, 0.009098853915929794, -0.003448141273111105, -0.0018175272271037102, 0.0014226088533177972, -0.0015097439754754305, -7.77151362854056e-05, 0.00018195391749031842, 0.00012611955753527582], [-0.00012647661787923425, 4.594028359861113e-05, -0.00019940317724831402, 0.000346844521118328, -0.0014793631853535771, -0.003448141273111105, 0.009987179189920425, -0.0039017298258841038, -0.003786737797781825, 0.0013068183325231075, -0.002178414026275277, 0.001648477278649807, -0.00016643940762151033], [7.537250348832458e-05, 0.0002883302222471684, -0.0003044457407668233, 0.0009512515971437097, -0.00010107077105203643, -0.0018175272271037102, -0.0039017298258841038, 0.012446445412933826, -0.004832540173083544, -0.0042169406078755856, 0.004563679452985525, -0.00044215915841050446, 0.002463481156155467], [-4.6100969484541565e-05, -0.0003143037611152977, 0.0005763227818533778, -0.0015284869587048888, 0.00031866185599938035, 0.0014226088533177972, -0.003786737797781825, -0.004832540173083544, 0.01380973495543003, -0.0026160927955061197, -0.004817435052245855, 0.005066081881523132, -0.0024335808120667934], [-3.355666922288947e-05, 0.0009809094481170177, -0.001035455148667097, 0.0007253281073644757, 0.0006717344513162971, -0.0015097439754754305, 0.0013068183325231075, -0.0042169406078755856, -0.0026160927955061197, 0.01738351210951805, -0.0055640279315412045, -0.008190106600522995, 0.004537384491413832], [0.00017611580551601946, -0.0017573939403519034, 0.0014532622881233692, 3.019171163032297e-05, -0.0010016148444265127, -7.77151362854056e-05, -0.002178414026275277, 0.004563679452985525, -0.004817435052245855, -0.0055640279315412045, 0.01954909786581993, -0.0049131340347230434, -0.009114651009440422], [-0.00029736236319877207, 0.000903137493878603, 3.423644011490978e-05, -0.0006466188933700323, -0.0006095513235777617, 0.00018195391749031842, 0.001648477278649807, -0.00044215915841050446, 0.005066081881523132, -0.008190106600522995, -0.0049131340347230434, 0.015077485702931881, -0.004777320194989443], [0.0003331485204398632, 0.000375245203031227, -0.0009473205427639186, 0.0012352244229987264, -0.001110788551159203, 0.00012611955753527582, -0.00016643940762151033, 0.002463481156155467, -0.0024335808120667934, 0.004537384491413832, -0.009114651009440422, -0.004777320194989443, 0.019883975386619568]], "lowlevel.mfcc.cov": [[32433.37890625, -2239.441650390625, -3163.747314453125, -1275.5311279296875, -1391.7369384765625, -259.0684814453125, -672.6893310546875, 31.877113342285156, -454.6753845214844, -121.93114471435547, -42.70480728149414, 74.32022857666016, -61.78490447998047], [-2239.441650390625, 8111.17529296875, 4479.8037109375, 1470.19189453125, 899.9451293945312, -49.76807403564453, 307.0789794921875, -106.67255401611328, 60.36247634887695, -49.93370819091797, -2.7660510540008545, -78.11946105957031, 12.413979530334473], [-3163.747314453125, 4479.8037109375, 5292.5361328125, 894.76806640625, 791.611572265625, 11.632877349853516, 400.8695373535156, -10.964044570922852, 482.0846252441406, 101.44805145263672, 29.09795379638672, 53.140647888183594, 21.45783042907715], [-1275.5311279296875, 1470.19189453125, 894.76806640625, 866.8156127929688, 500.1940002441406, 318.85015869140625, 243.7484893798828, 200.17498779296875, 140.32861328125, 165.73806762695312, 123.91728210449219, 97.27626037597656, 83.29744720458984], [-1391.7369384765625, 899.9451293945312, 791.611572265625, 500.1940002441406, 490.52886962890625, 255.45933532714844, 256.052734375, 147.79074096679688, 164.79981994628906, 114.27837371826172, 98.40068054199219, 76.81680297851562, 81.0831069946289], [-259.0684814453125, -49.76807403564453, 11.632877349853516, 318.85015869140625, 255.45933532714844, 359.8887023925781, 214.010009765625, 220.89129638671875, 134.64161682128906, 161.29556274414062, 114.6686782836914, 123.71820831298828, 95.99702453613281], [-672.6893310546875, 307.0789794921875, 400.8695373535156, 243.7484893798828, 256.052734375, 214.010009765625, 308.0570373535156, 197.06285095214844, 217.37953186035156, 167.061767578125, 142.4751434326172, 110.68328857421875, 95.327880859375], [31.877113342285156, -106.67255401611328, -10.964044570922852, 200.17498779296875, 147.79074096679688, 220.89129638671875, 197.06285095214844, 296.5231628417969, 221.59957885742188, 238.89892578125, 171.22296142578125, 133.87017822265625, 60.69953536987305], [-454.6753845214844, 60.36247634887695, 482.0846252441406, 140.32861328125, 164.79981994628906, 134.64161682128906, 217.37953186035156, 221.59957885742188, 333.9651184082031, 240.36126708984375, 182.09239196777344, 125.50052642822266, 50.731197357177734], [-121.93114471435547, -49.93370819091797, 101.44805145263672, 165.73806762695312, 114.27837371826172, 161.29556274414062, 167.061767578125, 238.89892578125, 240.36126708984375, 282.9002990722656, 189.91598510742188, 134.87689208984375, 51.41058349609375], [-42.70480728149414, -2.7660510540008545, 29.09795379638672, 123.91728210449219, 98.40068054199219, 114.6686782836914, 142.4751434326172, 171.22296142578125, 182.09239196777344, 189.91598510742188, 190.58621215820312, 110.69454956054688, 65.3298110961914], [74.32022857666016, -78.11946105957031, 53.140647888183594, 97.27626037597656, 76.81680297851562, 123.71820831298828, 110.68328857421875, 133.87017822265625, 125.50052642822266, 134.87689208984375, 110.69454956054688, 138.05824279785156, 78.2036361694336], [-61.78490447998047, 12.413979530334473, 21.45783042907715, 83.29744720458984, 81.0831069946289, 95.99702453613281, 95.327880859375, 60.69953536987305, 50.731197357177734, 51.41058349609375, 65.3298110961914, 78.2036361694336, 118.36427307128906]], "lowlevel.mfcc.icov": [[3.885215483023785e-05, -1.8285089026903734e-05, 3.401215963094728e-06, 4.375801290734671e-05, 0.00012382528802845627, -8.277924644062296e-05, 8.085806621238589e-05, -0.00011681162141030654, 2.8621609089896083e-05, 8.418554352829233e-05, -6.149495311547071e-05, -6.712837057420984e-05, -2.6573943614494056e-06], [-1.8285089026903734e-05, 0.0004106188134755939, -0.00030496675753965974, -0.0005655350396409631, -7.748951611574739e-05, 0.000699922617059201, -0.00041635133675299585, -0.00017269703675992787, 0.0009269904112443328, -6.695768388453871e-05, -0.0004841751360800117, 0.0002681238402146846, 3.1828276405576617e-05], [3.401215963094728e-06, -0.00030496675753965974, 0.0007048609550110996, -8.596553379902616e-05, -0.00040015214472077787, 0.00019718398107215762, -1.6563149983994663e-05, 0.0009660661453381181, -0.001985187642276287, 5.7309040130348876e-05, 0.0013714783126488328, -0.0006798169342800975, 0.00011674108827719465], [4.375801290734671e-05, -0.0005655350396409631, -8.596553379902616e-05, 0.00462764548137784, -0.002891981042921543, -0.0021885123569518328, 0.0015645886305719614, -0.0011772208381444216, 0.001667503733187914, -0.0013198184315115213, -0.0007067305850796402, 0.00019065882952418178, 6.341067637549713e-05], [0.00012382528802845627, -7.748951611574739e-05, -0.00040015214472077787, -0.002891981042921543, 0.008978603407740593, -0.0031931912526488304, -0.00278002442792058, 0.0010336186969652772, -0.0015999639872461557, 0.0022988321725279093, -0.001078205881640315, 0.0014390706783160567, -0.0003398559638299048], [-8.277924644062296e-05, 0.000699922617059201, 0.00019718398107215762, -0.0021885123569518328, -0.0031931912526488304, 0.011532059870660305, -0.0032165145967155695, -0.004553719889372587, 0.002816489664837718, -0.0011898069642484188, 0.0032145488075912, -0.0028017007280141115, -0.001465410809032619], [8.085806621238589e-05, -0.00041635133675299585, -1.6563149983994663e-05, 0.0015645886305719614, -0.00278002442792058, -0.0032165145967155695, 0.012759916484355927, -0.003062517149373889, -0.004676776938140392, 0.0018845946760848165, -0.0013557116035372019, 0.001828137319535017, -0.004478786140680313], [-0.00011681162141030654, -0.00017269703675992787, 0.0009660661453381181, -0.0011772208381444216, 0.0010336186969652772, -0.004553719889372587, -0.003062517149373889, 0.01848858967423439, -0.004618600010871887, -0.0069509344175457954, 0.00017471805040258914, -0.002452980261296034, 0.0031036545988172293], [2.8621609089896083e-05, 0.0009269904112443328, -0.001985187642276287, 0.001667503733187914, -0.0015999639872461557, 0.002816489664837718, -0.004676776938140392, -0.004618600010871887, 0.018220452591776848, -0.006142086815088987, -0.005726054776459932, -0.0007213299395516515, 0.0025464175269007683], [8.418554352829233e-05, -6.695768388453871e-05, 5.7309040130348876e-05, -0.0013198184315115213, 0.0022988321725279093, -0.0011898069642484188, 0.0018845946760848165, -0.0069509344175457954, -0.006142086815088987, 0.02157803438603878, -0.009063374251127243, -0.004424212034791708, 0.0035921314265578985], [-6.149495311547071e-05, -0.0004841751360800117, 0.0013714783126488328, -0.0007067305850796402, -0.001078205881640315, 0.0032145488075912, -0.0013557116035372019, 0.00017471805040258914, -0.005726054776459932, -0.009063374251127243, 0.02303033508360386, -0.0033887044992297888, -0.00468042865395546], [-6.712837057420984e-05, 0.0002681238402146846, -0.0006798169342800975, 0.00019065882952418178, 0.0014390706783160567, -0.0028017007280141115, 0.001828137319535017, -0.002452980261296034, -0.0007213299395516515, -0.004424212034791708, -0.0033887044992297888, 0.023952407762408257, -0.010726326145231724], [-2.6573943614494056e-06, 3.1828276405576617e-05, 0.00011674108827719465, 6.341067637549713e-05, -0.0003398559638299048, -0.001465410809032619, -0.004478786140680313, 0.0031036545988172293, 0.0025464175269007683, 0.0035921314265578985, -0.00468042865395546, -0.010726326145231724, 0.018833395093679428]], "metadata.audio_properties.analysis.downmix": "mix", "metadata.audio_properties.codec": "mp3", "metadata.audio_properties.md5_encoded": "e41b156462599a1d8b22e9c1fa81cd8f", "metadata.tags.file_name": "1182275855465062400.mp3", "metadata.version.essentia": "2.1-beta6-dev", "metadata.version.essentia_git_sha": "v2.1_beta5-1110-g77a6a954", "metadata.version.extractor": "music 2.0", "tonal.chords_key": "F", "tonal.chords_scale": "major", "tonal.key_edma.key": "A", "tonal.key_edma.scale": "minor", "tonal.key_krumhansl.key": "A", "tonal.key_krumhansl.scale": "minor", "tonal.key_temperley.key": "A", "tonal.key_temperley.scale": "minor", "metadata.tags.encoding": ["Lavf58.45.100"]}, "essentia_models": [{"model_name": "genre_dortmund", "activations": {"alternative": "0.023162873", "blues": "0.0022827147", "electronic": "0.7131203", "folkcountry": "0.0027964783", "funksoulrnb": "0.009378771", "jazz": "0.040955354", "pop": "0.020958422", "raphiphop": "0.2234305", "rock": "0.0015791734"}}, {"model_name": "genre_rosamerica", "activations": {"classic": "0.016210929", "dance": "0.02809