{"song_id": "1182276271766515722", "download": "https://cdn.discordapp.com/attachments/1128313332273782784/1182276271766515722/chirp.mp4?ex=65841b94&amp", "lyrics": "\u79c1\u3092\u98df\u3079\u308b \u79c1\u3092\u98df\u3079\u308b \u79c1\u3092\u98df\u3079\u308b \u79c1\u3092\u98df\u3079\u308b \u79c1\u3092\u98df\u3079\u308b \u79c1\u3092\u98df\u3079\u308b \u79c1\u3092\u98df\u3079\u308b \u79c1\u3092\u98df\u3079\u308b \u79c1\u3092\u98df\u3079\u308b \u79c1\u3092\u98df\u3079\u308b \u79c1\u3092\u98df\u3079\u308b \u79c1\u3092\u98df\u3079\u308b", "style": ["freedom melodic muse"], "essentia_features": {"lowlevel.average_loudness": 0.9799876809120178, "lowlevel.barkbands_crest.mean": 13.883091926574707, "lowlevel.barkbands_crest.stdev": 4.501166820526123, "lowlevel.barkbands_flatness_db.mean": 0.3438143730163574, "lowlevel.barkbands_flatness_db.stdev": 0.1611490696668625, "lowlevel.barkbands_kurtosis.mean": 10.267592430114746, "lowlevel.barkbands_kurtosis.stdev": 17.0478572845459, "lowlevel.barkbands_skewness.mean": 1.9122313261032104, "lowlevel.barkbands_skewness.stdev": 1.7798361778259277, "lowlevel.barkbands_spread.mean": 13.034262657165527, "lowlevel.barkbands_spread.stdev": 16.846036911010742, "lowlevel.dissonance.mean": 0.34517714381217957, "lowlevel.dissonance.stdev": 0.08042334020137787, "lowlevel.dynamic_complexity": 1.782478928565979, "lowlevel.erbbands_crest.mean": 13.380509376525879, "lowlevel.erbbands_crest.stdev": 4.521166801452637, "lowlevel.erbbands_flatness_db.mean": 0.3106164336204529, "lowlevel.erbbands_flatness_db.stdev": 0.13896004855632782, "lowlevel.erbbands_kurtosis.mean": 7.0798234939575195, "lowlevel.erbbands_kurtosis.stdev": 10.770763397216797, "lowlevel.erbbands_skewness.mean": 0.7048381567001343, "lowlevel.erbbands_skewness.stdev": 1.7154070138931274, "lowlevel.erbbands_spread.mean": 24.56586456298828, "lowlevel.erbbands_spread.stdev": 31.894691467285156, "lowlevel.hfc.mean": 23.029237747192383, "lowlevel.hfc.stdev": 29.578163146972656, "lowlevel.loudness_ebu128.integrated": -16.8970890045166, "lowlevel.loudness_ebu128.loudness_range": 0.7280731201171875, "lowlevel.loudness_ebu128.momentary.mean": -17.163585662841797, "lowlevel.loudness_ebu128.momentary.stdev": 1.5843108892440796, "lowlevel.loudness_ebu128.short_term.mean": -16.89981460571289, "lowlevel.loudness_ebu128.short_term.stdev": 0.24247494339942932, "lowlevel.melbands_crest.mean": 21.488780975341797, "lowlevel.melbands_crest.stdev": 8.29212474822998, "lowlevel.melbands_flatness_db.mean": 0.4349692463874817, "lowlevel.melbands_flatness_db.stdev": 0.18827702105045319, "lowlevel.melbands_kurtosis.mean": 18.0390625, "lowlevel.melbands_kurtosis.stdev": 35.2748908996582, "lowlevel.melbands_skewness.mean": 2.3778369426727295, "lowlevel.melbands_skewness.stdev": 2.3791496753692627, "lowlevel.melbands_spread.mean": 10.640305519104004, "lowlevel.melbands_spread.stdev": 12.60254955291748, "lowlevel.pitch_salience.mean": 0.46252238750457764, "lowlevel.pitch_salience.stdev": 0.1487693190574646, "lowlevel.silence_rate_20dB.mean": 0.9994206428527832, "lowlevel.silence_rate_20dB.stdev": 0.024063535034656525, "lowlevel.silence_rate_30dB.mean": 0.8151795864105225, "lowlevel.silence_rate_30dB.stdev": 0.3881545066833496, "lowlevel.silence_rate_60dB.mean": 0.0017381227808073163, "lowlevel.silence_rate_60dB.stdev": 0.04165453463792801, "lowlevel.spectral_centroid.mean": 724.8920288085938, "lowlevel.spectral_centroid.stdev": 494.8353576660156, "lowlevel.spectral_complexity.mean": 10.05156421661377, "lowlevel.spectral_complexity.stdev": 10.84955883026123, "lowlevel.spectral_decrease.mean": -1.4448149343593286e-08, "lowlevel.spectral_decrease.stdev": 1.6157304827402186e-08, "lowlevel.spectral_energy.mean": 0.056619446724653244, "lowlevel.spectral_energy.stdev": 0.061448127031326294, "lowlevel.spectral_energyband_high.mean": 0.001222308143042028, "lowlevel.spectral_energyband_high.stdev": 0.0027491371147334576, "lowlevel.spectral_energyband_low.mean": 0.036320194602012634, "lowlevel.spectral_energyband_low.stdev": 0.059995170682668686, "lowlevel.spectral_energyband_middle_high.mean": 0.0024509234353899956, "lowlevel.spectral_energyband_middle_high.stdev": 0.005030636675655842, "lowlevel.spectral_energyband_middle_low.mean": 0.018040210008621216, "lowlevel.spectral_energyband_middle_low.stdev": 0.0102950818836689, "lowlevel.spectral_entropy.mean": 6.13878059387207, "lowlevel.spectral_entropy.stdev": 1.320711612701416, "lowlevel.spectral_flux.mean": 0.0679779052734375, "lowlevel.spectral_flux.stdev": 0.0774763748049736, "lowlevel.spectral_kurtosis.mean": 64.98654174804688, "lowlevel.spectral_kurtosis.stdev": 92.33792114257812, "lowlevel.spectral_rms.mean": 0.006573596503585577, "lowlevel.spectral_rms.stdev": 0.0034679025411605835, "lowlevel.spectral_rolloff.mean": 1040.072998046875, "lowlevel.spectral_rolloff.stdev": 1743.9549560546875, "lowlevel.spectral_skewness.mean": 5.267788410186768, "lowlevel.spectral_skewness.stdev": 4.5247321128845215, "lowlevel.spectral_spread.mean": 4639167.5, "lowlevel.spectral_spread.stdev": 3774184.5, "lowlevel.spectral_strongpeak.mean": 1.0348318815231323, "lowlevel.spectral_strongpeak.stdev": 0.7540231943130493, "lowlevel.zerocrossingrate.mean": 0.041937023401260376, "lowlevel.zerocrossingrate.stdev": 0.038287147879600525, "metadata.audio_properties.analysis.equal_loudness": 0.0, "metadata.audio_properties.analysis.length": 40.04265213012695, "metadata.audio_properties.analysis.sample_rate": 44100.0, "metadata.audio_properties.analysis.start_time": 0.0, "metadata.audio_properties.bit_rate": 138213.0, "metadata.audio_properties.length": 40.042667388916016, "metadata.audio_properties.lossless": 0.0, "metadata.audio_properties.number_channels": 1.0, "metadata.audio_properties.replay_gain": -9.383064270019531, "metadata.audio_properties.sample_rate": 48000.0, "rhythm.beats_count": 86.0, "rhythm.beats_loudness.mean": 0.08425520360469818, "rhythm.beats_loudness.stdev": 0.06323489546775818, "rhythm.bpm": 129.9786376953125, "rhythm.bpm_histogram_first_peak_bpm": 129.0, "rhythm.bpm_histogram_first_peak_weight": 0.23529410362243652, "rhythm.bpm_histogram_second_peak_bpm": 0.0, "rhythm.bpm_histogram_second_peak_spread": 0.0, "rhythm.bpm_histogram_second_peak_weight": 0.0, "rhythm.danceability": 1.891840934753418, "rhythm.onset_rate": 6.44123649597168, "tonal.chords_changes_rate": 0.046296294778585434, "tonal.chords_number_rate": 0.004629629664123058, "tonal.chords_strength.mean": 0.3850530982017517, "tonal.chords_strength.stdev": 0.055796850472688675, "tonal.hpcp_crest.mean": 13.832488059997559, "tonal.hpcp_crest.stdev": 3.8474884033203125, "tonal.hpcp_entropy.mean": 1.7092336416244507, "tonal.hpcp_entropy.stdev": 0.4532843828201294, "tonal.key_edma.strength": 0.6961032748222351, "tonal.key_krumhansl.strength": 0.6838476657867432, "tonal.key_temperley.strength": 0.6586800217628479, "tonal.tuning_diatonic_strength": 0.48094457387924194, "tonal.tuning_equal_tempered_deviation": 0.21921095252037048, "tonal.tuning_frequency": 434.193115234375, "tonal.tuning_nontempered_energy_ratio": 0.9806894659996033, "lowlevel.barkbands.mean": [0.006046787369996309, 0.02818218618631363, 0.0015214093727990985, 0.001100079040043056, 0.003137596882879734, 0.0007278124685399234, 0.006719500757753849, 0.0018521643942222, 0.0027370068710297346, 0.0019324991153553128, 0.00014978372200857848, 0.0003437577106524259, 0.000164852972375229, 0.00011880366218974814, 0.00012133261043345556, 0.00011809336865553632, 0.00010743723396444693, 0.0001352389226667583, 0.00011739259207388386, 0.00013459679030347615, 0.00014145155728328973, 0.0001947086857398972, 0.0002755995374172926, 0.00018235253810416907, 0.00015231080760713667, 0.00019137756316922605, 1.3399090676102787e-05], "lowlevel.barkbands.stdev": [0.010756291449069977, 0.04749498888850212, 0.008919557556509972, 0.0056678843684494495, 0.004312633071094751, 0.0013091621221974492, 0.004222346935421228, 0.00274809286929667, 0.003265627659857273, 0.0018979433225467801, 0.0005514488439075649, 0.0013313168892636895, 0.0006423749146051705, 0.00044398431782610714, 0.0004506661498453468, 0.0004328414797782898, 0.0003815930976998061, 0.0005042965058237314, 0.00038909242721274495, 0.00044913572492077947, 0.0004349376249592751, 0.0005305733648128808, 0.0006384943262673914, 0.00042656424921005964, 0.0003410830395296216, 0.0004129301232751459, 3.4472945117158815e-05], "lowlevel.erbbands.mean": [1.727283000946045, 2.636242151260376, 1.6288976669311523, 3.561105251312256, 6.873225212097168, 12.19943618774414, 2.9930760860443115, 9.543638229370117, 105.19522094726562, 34.9612922668457, 60.77293395996094, 80.5386734008789, 78.74467468261719, 11.317465782165527, 8.920577049255371, 13.84550952911377, 8.259634017944336, 6.378580570220947, 6.370617389678955, 6.019035816192627, 6.631211757659912, 6.312335014343262, 6.993503570556641, 6.499628067016602, 6.317241191864014, 6.273650169372559, 5.557904243469238, 5.846950531005859, 6.849863052368164, 7.661580562591553, 7.95715856552124, 4.508697986602783, 2.7047691345214844, 1.8779635429382324, 1.0090426206588745, 0.7141808271408081, 0.37123459577560425, 0.07043012976646423, 0.0015023957239463925, 0.00010724056483013555], "lowlevel.erbbands.stdev": [2.9912784099578857, 4.612934112548828, 8.422130584716797, 18.548973083496094, 10.822430610656738, 16.310867309570312, 3.9914886951446533, 11.556157112121582, 64.11134338378906, 22.98957633972168, 74.7122802734375, 89.92913818359375, 75.45042419433594, 16.37157440185547, 31.27838134765625, 54.353397369384766, 31.689428329467773, 23.262971878051758, 23.919187545776367, 21.35621452331543, 24.16305923461914, 22.221176147460938, 25.063993453979492, 23.133806228637695, 20.933841705322266, 21.027372360229492, 18.47960662841797, 17.218486785888672, 19.385854721069336, 19.25332260131836, 18.567625045776367, 10.559269905090332, 6.367731094360352, 4.370694637298584, 2.2470180988311768, 1.5619479417800903, 0.8246666789054871, 0.15193058550357819, 0.003177542006596923, 0.0001159944586106576], "lowlevel.gfcc.mean": [-108.15863800048828, 120.97366333007812, -31.182907104492188, -17.67082405090332, -110.02507019042969, -10.079740524291992, -12.264911651611328, 24.04742431640625, -3.7103734016418457, 1.8603228330612183, -15.179914474487305, 4.178231716156006, -5.6387810707092285], "lowlevel.melbands.mean": [0.010915551334619522, 0.0014790503773838282, 0.0006342010456137359, 0.0008386410772800446, 0.00014973334327805787, 0.0001988161966437474, 0.0015976706054061651, 0.00031197501812130213, 0.0005601830198429525, 0.0004335688427090645, 0.0003734823549166322, 3.4585449611768126e-05, 2.438687442918308e-05, 3.9497514080721885e-05, 2.5879789973259903e-05, 1.5177585737546906e-05, 1.1361707947799005e-05, 9.985070391849149e-06, 8.89250441105105e-06, 7.640877811354585e-06, 7.720832400082145e-06, 6.3555812630511355e-06, 6.441087407438317e-06, 6.3596462496207096e-06, 5.129456440045033e-06, 4.3919976633333135e-06, 4.700978934124578e-06, 4.070111572218593e-06, 3.525077318045078e-06, 3.254175453548669e-06, 3.3828132472990546e-06, 3.793058340306743e-06, 3.9709266275167465e-06, 4.4082835302106105e-06, 4.810940026800381e-06, 3.502980916891829e-06, 2.587934204711928e-06, 1.8877356069424422e-06, 1.7512621752757696e-06, 1.5641070376659627e-06], "lowlevel.melbands.stdev": [0.018627915531396866, 0.004186477977782488, 0.002680361969396472, 0.0011575504904612899, 0.00017936635413207114, 0.0002897805243264884, 0.0009778677485883236, 0.00021745776757597923, 0.0005859317607246339, 0.000491874001454562, 0.00036963907768949866, 6.146481609903276e-05, 8.721331687411293e-05, 0.00015385558072011918, 9.931825479725376e-05, 5.92888354731258e-05, 4.230703416396864e-05, 3.8527403376065195e-05, 3.268346699769609e-05, 2.8212296456331387e-05, 2.8257083613425493e-05, 2.2555384930456057e-05, 2.4159811800927855e-05, 2.3748389139655046e-05, 1.8455340978107415e-05, 1.5318779333028942e-05, 1.563781188451685e-05, 1.428024006600026e-05, 1.2065816918038763e-05, 1.044768578140065e-05, 1.0017264685302507e-05, 1.1304668987577315e-05, 1.033847001963295e-05, 1.1247250768064987e-05, 1.1025786989193875e-05, 8.93241485755425e-06, 6.023317382641835e-06, 4.464920039026765e-06, 4.3648497012327425e-06, 3.67580764759623e-06], "lowlevel.melbands128.mean": [0.005836060270667076, 0.018113447353243828, 0.010229780338704586, 0.00262126000598073, 0.0006855021347291768, 0.000808467622846365, 0.0008058735984377563, 0.00041678809793666005, 0.0004968666471540928, 0.001431710901670158, 0.0006046262569725513, 0.0001367264922009781, 5.48451098438818e-05, 9.711142774904147e-05, 9.360246622236446e-05, 0.0002521559945307672, 0.0008845477714203298, 0.0029223214369267225, 0.0010085237445309758, 5.9371024690335616e-05, 6.844777817605063e-05, 0.0004565335111692548, 0.0005931297782808542, 0.0006414362578652799, 0.0008286847150884569, 6.230272992979735e-05, 0.0002807711425703019, 0.0007118283538147807, 0.0001079789872164838, 2.5042354536708444e-05, 1.9683158825500868e-05, 1.899664493976161e-05, 2.233395935036242e-05, 2.746718018897809e-05, 4.057289697811939e-05, 4.349142545834184e-05, 4.107228960492648e-05, 2.2975124011281878e-05, 1.8651409845915623e-05, 1.8338872905587777e-05, 1.3708708138437942e-05, 1.1478325177449733e-05, 1.2959580999449827e-05, 9.574700925440993e-06, 1.0182419828197453e-05, 9.495619451627135e-06, 1.1278953934379388e-05, 8.673266165715177e-06, 8.387135494558606e-06, 7.6125343184685335e-06, 7.111385912139667e-06, 8.180553777492605e-06, 8.486998922307976e-06, 7.0877890721021686e-06, 6.59489842291805e-06, 6.261016551434295e-06, 6.143985956441611e-06, 6.5996091507258825e-06, 6.767516424588393e-06, 5.969955964246765e-06, 5.935324224992655e-06, 7.389275197056122e-06, 5.561040779866744e-06, 4.597353381541325e-06, 3.88719308830332e-06, 4.613681539922254e-06, 4.3876402742171194e-06, 4.695907136920141e-06, 5.2993987083027605e-06, 3.984845534432679e-06, 3.75548029296624e-06, 4.625607289199252e-06, 3.4049071473418735e-06, 3.6877627280773595e-06, 2.9959769562992733e-06, 3.1289025628211675e-06, 3.4911290640593506e-06, 3.305984364487813e-06, 3.4939273518830305e-06, 3.076693246839568e-06, 3.9973297134565655e-06, 3.992340225522639e-06, 3.696388375828974e-06, 4.120689936826238e-06, 3.95653887608205e-06, 4.2732849578897e-06, 4.457016984815709e-06, 4.835246727452613e-06, 4.613189958035946e-06, 5.329007763066329e-06, 4.181439635431161e-06, 2.9378184080997016e-06, 2.2604060632147593e-06, 2.844314394678804e-06, 2.6170846467721276e-06, 2.1497705802175915e-06, 1.562204261063016e-06, 1.6039889487728942e-06, 2.1369662590586813e-06, 1.621820160835341e-06, 1.3391114634941914e-06, 1.8080729660141515e-06, 1.455733922739455e-06, 1.2410314411681611e-06, 9.890143246593652e-07, 9.824368589761434e-07, 1.1089431382060866e-06, 1.1362806162651395e-06, 1.1995152817689814e-06, 1.3176110087442794e-06, 1.531943212285114e-06, 1.5079885997693054e-06, 1.0905989711318398e-06, 1.0419189493404701e-06, 8.728958960091404e-07, 9.127963949140394e-07, 5.356600354389229e-07, 2.716275027125903e-08, 1.801055637962179e-09, 7.131885082500844e-10, 3.906354406613133e-10, 1.3667371401293593e-10, 1.4995409428064654e-11, 1.4371823175984844e-11, 1.1755218326525707e-11, 7.532467705129164e-12, 5.259899720638783e-12, 4.900344453134808e-12], "lowlevel.melbands128.stdev": [0.010418898425996304, 0.03171178326010704, 0.017452813684940338, 0.005239702761173248, 0.0038910331204533577, 0.004703174345195293, 0.004450870677828789, 0.002016142476350069, 0.0009379502153024077, 0.0020790104754269123, 0.0008074513170868158, 0.00026572347269393504, 0.00011928002641070634, 0.00016868200327735394, 0.00015315129712689668, 0.0006354934303089976, 0.0006859935238026083, 0.001875205198302865, 0.0006979018216952682, 9.51304828049615e-05, 0.00010703889711294323, 0.0007206665468402207, 0.0009118003654293716, 0.0008072672062553465, 0.0010762548772618175, 0.00011445186828495935, 0.0003399362904019654, 0.0007211635238490999, 0.0001167634836747311, 6.988996756263077e-05, 6.69522414682433e-05, 7.448668475262821e-05, 8.766754763200879e-05, 0.00011406836711103097, 0.0001708996860543266, 0.0001917448389576748, 0.000180560935405083, 9.737887012306601e-05, 8.453632472082973e-05, 8.380576764466241e-05, 5.755963138653897e-05, 4.686420288635418e-05, 5.344049714040011e-05, 3.691658639581874e-05, 4.528223507804796e-05, 4.1492538002785295e-05, 4.863498543272726e-05, 3.443378227530047e-05, 3.397043838049285e-05, 2.888236122089438e-05, 2.9034465114818886e-05, 3.684018520289101e-05, 3.414208549656905e-05, 2.821398993546609e-05, 2.397358912276104e-05, 2.4549588488298468e-05, 2.4132701582857408e-05, 2.7331354431225918e-05, 2.8107921025366522e-05, 2.3000797227723524e-05, 2.4269913410535082e-05, 3.080396345467307e-05, 2.6024245016742498e-05, 1.609597347851377e-05, 1.4475775060418528e-05, 1.789794805517886e-05, 1.570767017256003e-05, 1.7307398593402468e-05, 1.8908314814325422e-05, 1.4041911526874173e-05, 1.4651289347966667e-05, 1.789403540897183e-05, 1.1842123967653606e-05, 1.4310204278444871e-05, 1.1565652130229864e-05, 1.0802025826706085e-05, 1.1940674085053615e-05, 1.0535055480431765e-05, 1.0784418009279761e-05, 1.0100764484377578e-05, 1.2950637938047294e-05, 1.2780008546542376e-05, 1.2086667084076907e-05, 1.0343458598072175e-05, 1.1738668945326935e-05, 1.3752282939094584e-05, 1.1642935533018317e-05, 1.175615943793673e-05, 1.0914282029261813e-05, 1.4528771316690836e-05, 1.199256530526327e-05, 8.218129551096354e-06, 6.085220775275957e-06, 7.1023168857209384e-06, 6.45437512503122e-06, 5.194322056922829e-06, 4.3110821934533305e-06, 4.461298431124305e-06, 5.740861524827778e-06, 4.295006874599494e-06, 3.653925205071573e-06, 4.500198883761186e-06, 3.7477816476894077e-06, 3.187087258993415e-06, 2.5451822693867143e-06, 2.449995690767537e-06, 2.641799710545456e-06, 2.887285518227145e-06, 2.9036225441814167e-06, 3.1861518436926417e-06, 3.820548954536207e-06, 3.92895026379847e-06, 2.5640772491897224e-06, 2.3912502911116462e-06, 2.0210466118442127e-06, 2.1077905785205076e-06, 1.3093934967400855e-06, 1.3130014053786e-07, 2.4138959275887828e-08, 9.27133125827595e-09, 5.479775744277049e-09, 2.311422386824802e-09, 3.5772404483047637e-10, 3.4086652944687046e-10, 2.4751981020365577e-10, 9.503041409342217e-11, 1.633701333936255e-11, 1.044620379780925e-11], "lowlevel.mfcc.mean": [-786.2174682617188, 173.22991943359375, 90.18839263916016, 5.902139663696289, -44.88517379760742, -28.705251693725586, -17.875574111938477, 9.731793403625488, 9.524214744567871, 15.092437744140625, 6.109757423400879, 0.06834311038255692, -2.3693463802337646], "lowlevel.spectral_contrast_coeffs.mean": [-0.6548886895179749, -0.6532796025276184, -0.6376240253448486, -0.8655681014060974, -0.8459200263023376, -0.8047744631767273], "lowlevel.spectral_contrast_coeffs.stdev": [0.12436261773109436, 0.05828861519694328, 0.08770342916250229, 0.03113195300102234, 0.04557812213897705, 0.051989298313856125], "lowlevel.spectral_contrast_valleys.mean": [-7.666539669036865, -6.477309226989746, -8.804945945739746, -10.053359985351562, -9.76191234588623, -11.349306106567383], "lowlevel.spectral_contrast_valleys.stdev": [1.2062244415283203, 0.6668951511383057, 1.245438575744629, 1.7278903722763062, 1.9201486110687256, 1.9862710237503052], "rhythm.beats_loudness_band_ratio.mean": [0.351604163646698, 0.19381509721279144, 0.3308514356613159, 0.09486706554889679, 0.04704442620277405, 0.06148790940642357], "rhythm.beats_loudness_band_ratio.stdev": [0.31875959038734436, 0.2154572755098343, 0.27306386828422546, 0.08192268759012222, 0.050085071474313736, 0.06631284952163696], "tonal.hpcp.mean": [0.4901329278945923, 0.619138240814209, 0.15111835300922394, 0.009129099547863007, 0.007351488806307316, 0.007203272543847561, 0.006946764420717955, 0.005862926598638296, 0.009067477658390999, 0.02942221239209175, 0.035128142684698105, 0.020682545378804207, 0.01828959584236145, 0.015925118699669838, 0.010848104022443295, 0.1153135597705841, 0.16555741429328918, 0.05796996131539345, 0.005752899218350649, 0.004409751854836941, 0.005714422091841698, 0.14424405992031097, 0.20682556927204132, 0.25259193778038025, 0.31535854935646057, 0.15213912725448608, 0.03985968232154846, 0.03180018067359924, 0.02619101293385029, 0.019408857449889183, 0.14686952531337738, 0.1984616070985794, 0.07329165190458298, 0.02586589939892292, 0.024683309718966484, 0.029418226331472397], "tonal.hpcp.stdev": [0.3234763443470001, 0.39488357305526733, 0.12036511301994324, 0.06779205054044724, 0.061303313821554184, 0.05431792512536049, 0.049976348876953125, 0.03527486324310303, 0.057165082544088364, 0.08209649473428726, 0.09634195268154144, 0.09045898169279099, 0.08774655312299728, 0.08639022707939148, 0.06923840939998627, 0.19667817652225494, 0.2772001624107361, 0.09543510526418686, 0.027412617579102516, 0.013968236744403839, 0.017648745328187943, 0.20242954790592194, 0.2725118398666382, 0.3229638338088989, 0.43685242533683777, 0.2646510601043701, 0.15632838010787964, 0.13722313940525055, 0.11912774294614792, 0.09739186614751816, 0.19770070910453796, 0.25333502888679504, 0.13606475293636322, 0.11890024691820145, 0.11696586012840271, 0.11584113538265228], "rhythm.beats_position": [0.4411791265010834, 0.9055781960487366, 1.369977355003357, 1.834376335144043, 2.2987754344940186, 2.763174533843994, 3.2275736331939697, 3.6919727325439453, 4.14476203918457, 4.597550868988037, 5.061950206756592, 5.526349067687988, 5.990748405456543, 6.4551472663879395, 6.919546127319336, 7.383945465087891, 7.836734771728516, 8.28952407836914, 8.753922462463379, 9.218321800231934, 9.682721138000488, 10.147119522094727, 10.611518859863281, 11.075918197631836, 11.528707504272461, 11.981496810913086, 12.445895195007324, 12.910294532775879, 13.374693870544434, 13.839092254638672, 14.303491592407227, 14.767890930175781, 15.232290267944336, 15.696688652038574, 16.149478912353516, 16.60226821899414, 17.066665649414062, 17.531064987182617, 17.995464324951172, 18.459863662719727, 18.91265296936035, 19.365442276000977, 19.82984161376953, 20.294239044189453, 20.758638381958008, 21.223037719726562, 21.687437057495117, 22.151836395263672, 22.616235733032227, 23.08063507080078, 23.533424377441406, 23.9862117767334, 24.450611114501953, 24.915010452270508, 25.379409790039062, 25.832199096679688, 26.284988403320312, 26.749387741088867, 27.213787078857422, 27.678184509277344, 28.1425838470459, 28.606983184814453, 29.071382522583008, 29.535781860351562, 30.000181198120117, 30.464580535888672, 30.917369842529297, 31.37015724182129, 31.834556579589844, 32.29895782470703, 32.76335525512695, 33.227752685546875, 33.6805419921875, 34.14494323730469, 34.59773254394531, 35.062129974365234, 35.52653121948242, 35.990928649902344, 36.45532989501953, 36.91972732543945, 37.384124755859375, 37.84852600097656, 38.30131530761719, 38.75410461425781, 39.218502044677734, 39.68290328979492], "rhythm.bpm_histogram": [0.0, 0.0, 0.0, 0.0, 0.0, 0.0, 0.0, 0.0, 0.0, 0.0, 0.0, 0.0, 0.0, 0.0, 0.0, 0.0, 0.0, 0.0, 0.0, 0.0, 0.0, 0.0, 0.0, 0.0, 0.0, 0.0, 0.0, 0.0, 0.0, 0.0, 0.0, 0.0, 0.0, 0.0, 0.0, 0.0, 0.0, 0.0, 0.0, 0.0, 0.0, 0.0, 0.0, 0.0, 0.0, 0.0, 0.0, 0.0, 0.0, 0.0, 0.0, 0.0, 0.0, 0.0, 0.0, 0.0, 0.0, 0.0, 0.0, 0.0, 0.0, 0.0, 0.0, 0.0, 0.0, 0.0, 0.0, 0.0, 0.0, 0.0, 0.0, 0.0, 0.0, 0.0, 0.0, 0.0, 0.0, 0.0, 0.0, 0.0, 0.0, 0.0, 0.0, 0.0, 0.0, 0.0, 0.0, 0.0, 0.0, 0.0, 0.0, 0.0, 0.0, 0.0, 0.0, 0.0, 0.0, 0.0, 0.0, 0.0, 0.0, 0.0, 0.0, 0.0, 0.0, 0.0, 0.0, 0.0, 0.0, 0.0, 0.0, 0.0, 0.0, 0.0, 0.0, 0.0, 0.0, 0.0, 0.0, 0.0, 0.0, 0.0, 0.0, 0.0, 0.0, 0.0, 0.0, 0.0, 0.0, 0.7647058963775635, 0.0, 0.0, 0.0, 0.23529411852359772, 0.0, 0.0, 0.0, 0.0, 0.0, 0.0, 0.0, 0.0, 0.0, 0.0, 0.0, 0.0, 0.0, 0.0, 0.0, 0.0, 0.0, 0.0, 0.0, 0.0, 0.0, 0.0, 0.0, 0.0, 0.0, 0.0, 0.0, 0.0, 0.0, 0.0, 0.0, 0.0, 0.0, 0.0, 0.0, 0.0, 0.0, 0.0, 0.0, 0.0, 0.0, 0.0, 0.0, 0.0, 0.0, 0.0, 0.0, 0.0, 0.0, 0.0, 0.0, 0.0, 0.0, 0.0, 0.0, 0.0, 0.0, 0.0, 0.0, 0.0, 0.0, 0.0, 0.0, 0.0, 0.0, 0.0, 0.0, 0.0, 0.0, 0.0, 0.0, 0.0, 0.0, 0.0, 0.0, 0.0, 0.0, 0.0, 0.0, 0.0, 0.0, 0.0, 0.0, 0.0, 0.0, 0.0, 0.0, 0.0, 0.0, 0.0, 0.0, 0.0, 0.0, 0.0, 0.0, 0.0, 0.0, 0.0, 0.0, 0.0, 0.0, 0.0, 0.0, 0.0, 0.0, 0.0, 0.0, 0.0, 0.0, 0.0, 0.0, 0.0, 0.0, 0.0, 0.0, 0.0], "tonal.chords_histogram": [48.95833206176758, 0.0, 35.532405853271484, 1.7361111640930176, 0.0, 0.0, 0.0, 0.3472222089767456, 0.0, 12.731481552124023, 0.0, 0.0, 0.0, 0.0, 0.0, 0.0, 0.0, 0.0, 0.0, 0.0, 0.0, 0.0, 0.6944444179534912, 0.0], "tonal.thpcp": [1.0, 0.24407853186130524, 0.014744848012924194, 0.011873743496835232, 0.01163435261696577, 0.011220053769648075, 0.00946949515491724, 0.014645320363342762, 0.047521233558654785, 0.056737154722213745, 0.033405374735593796, 0.0295404065400362, 0.02572142705321312, 0.017521295696496964, 0.18624848127365112, 0.26739975810050964, 0.09363007545471191, 0.009291784837841988, 0.007122402545064688, 0.009229638613760471, 0.2329755276441574, 0.3340539336204529, 0.40797340869903564, 0.5093507766723633, 0.24572724103927612, 0.06437928974628448, 0.05136200413107872, 0.042302366346120834, 0.031348180025815964, 0.2372160404920578, 0.32054489850997925, 0.11837688088417053, 0.04177726060152054, 0.039867203682661057, 0.04751479625701904, 0.7916373014450073], "lowlevel.gfcc.cov": [[15352.9716796875, -7705.79150390625, -2675.92822265625, 3808.13134765625, 1057.395263671875, 1601.0419921875, -1335.6871337890625, 620.9454345703125, -903.6598510742188, 922.937744140625, -457.03118896484375, 773.7127685546875, -848.5370483398438], [-7705.79150390625, 6707.0732421875, 1017.1083374023438, -2109.77490234375, 683.4562377929688, -401.875732421875, 1272.609375, -347.61566162109375, 975.890869140625, -435.34173583984375, 716.744140625, -529.99755859375, 782.4803466796875], [-2675.92822265625, 1017.1083374023438, 2268.10498046875, -297.9501647949219, -326.07940673828125, -101.8914794921875, 494.5096740722656, 217.3748016357422, 230.7610321044922, -26.726938247680664, 41.89970397949219, 78.3518295288086, 127.77903747558594], [3808.13134765625, -2109.77490234375, -297.9501647949219, 1499.3218994140625, 425.3827209472656, 478.5752258300781, -298.25372314453125, 260.8846130371094, -175.2518768310547, 294.9636535644531, -86.70543670654297, 226.07916259765625, -205.05845642089844], [1057.395263671875, 683.4562377929688, -326.07940673828125, 425.3827209472656, 999.0550537109375, 403.41802978515625, 212.80426025390625, 88.97134399414062, 250.07418823242188, 162.84347534179688, 262.1080017089844, 18.00528907775879, 129.84400939941406], [1601.0419921875, -401.875732421875, -101.8914794921875, 478.5752258300781, 403.41802978515625, 448.7054443359375, 73.22894287109375, 185.56918334960938, 84.7803726196289, 216.07530212402344, 99.85443878173828, 148.0951385498047, 4.618310451507568], [-1335.6871337890625, 1272.609375, 494.5096740722656, -298.25372314453125, 212.80426025390625, 73.22894287109375, 537.5585327148438, 197.78428649902344, 396.0404357910156, 70.74504852294922, 258.4964294433594, -5.718577861785889, 211.8247528076172], [620.9454345703125, -347.61566162109375, 217.3748016357422, 260.8846130371094, 88.97134399414062, 185.56918334960938, 197.78428649902344, 376.4424743652344, 215.23037719726562, 216.60325622558594, 99.5008544921875, 134.205810546875, 35.92384338378906], [-903.6598510742188, 975.890869140625, 230.7610321044922, -175.2518768310547, 250.07418823242188, 84.7803726196289, 396.0404357910156, 215.23037719726562, 429.0717468261719, 120.79292297363281, 239.9571990966797, -3.67783260345459, 184.377685546875], [922.937744140625, -435.34173583984375, -26.726938247680664, 294.9636535644531, 162.84347534179688, 216.07530212402344, 70.74504852294922, 216.60325622558594, 120.79292297363281, 229.50576782226562, 85.05899810791016, 121.5946273803711, 5.954868316650391], [-457.03118896484375, 716.744140625, 41.89970397949219, -86.70543670654297, 262.1080017089844, 99.85443878173828, 258.4964294433594, 99.5008544921875, 239.9571990966797, 85.05899810791016, 223.84027099609375, 15.03788948059082, 142.87464904785156], [773.7127685546875, -529.99755859375, 78.3518295288086, 226.07916259765625, 18.00528907775879, 148.0951385498047, -5.718577861785889, 134.205810546875, -3.67783260345459, 121.5946273803711, 15.03788948059082, 157.44908142089844, -15.053919792175293], [-848.5370483398438, 782.4803466796875, 127.77903747558594, -205.05845642089844, 129.84400939941406, 4.618310451507568, 211.8247528076172, 35.92384338378906, 184.377685546875, 5.954868316650391, 142.87464904785156, -15.053919792175293, 163.65211486816406]], "lowlevel.gfcc.icov": [[0.0005561981233768165, 0.00024315212795045227, 0.00041061031515710056, -0.0003576022863853723, -0.00037960760528221726, -0.0008010933524928987, -0.00019613720360212028, -0.00036089509376324713, 0.0004623048007488251, -4.153453846811317e-05, 0.0004778051225002855, -0.00045052397763356566, 0.000631567498203367], [0.00024315212795045227, 0.00245036487467587, -0.0005313332076184452, 0.0012667328119277954, -0.001482518739067018, -0.000709152314811945, -0.0012469840003177524, 0.001962450798600912, -0.0016647580778226256, 0.0025670023169368505, -0.0020683894399553537, 0.0025787188205868006, -0.002248539589345455], [0.00041061031515710056, -0.0005313332076184452, 0.0013659775722771883, -0.0009790684562176466, 0.00040508253732696176, -0.00017510347242932767, -0.0015221430221572518, -0.0005894741043448448, 0.0007871048874221742, -0.00044236271060071886, 0.002350770402699709, -0.0022810492664575577, 0.001026485813781619], [-0.0003576022863853723, 0.0012667328119277954, -0.0009790684562176466, 0.0034398480784147978, -0.0018649738049134612, -0.00047306905617006123, 0.0011491826735436916, -0.0006787999882362783, -0.00020111443882342428, 0.000934669456910342, -0.001645453623495996, 0.002197163412347436, -0.0008504198049195111], [-0.00037960760528221726, -0.001482518739067018, 0.00040508253732696176, -0.0018649738049134612, 0.004467689897865057, -0.0016904339427128434, 0.0005026973667554557, 0.0007464358932338655, -0.0005269256071187556, -0.0007275061216205359, -0.0014862499665468931, 0.0005154621903784573, 0.00012061736197210848], [-0.0008010933524928987, -0.000709152314811945, -0.00017510347242932767, -0.00047306905617006123, -0.0016904339427128434, 0.009255017153918743, -0.002146900864318013, 0.0011501542758196592, 0.0006992689450271428, -0.0040661548264324665, 0.001149377436377108, -0.0041730948723852634, 0.00036023094435222447], [-0.00019613720360212028, -0.0012469840003177524, -0.0015221430221572518, 0.0011491826735436916, 0.0005026973667554557, -0.002146900864318013, 0.013228584080934525, -0.005491352640092373, -0.002837888430804014, 0.0023996420204639435, -0.006015473045408726, 0.0016355387633666396, -0.00016948262054938823], [-0.00036089509376324713, 0.001962450798600912, -0.0005894741043448448, -0.0006787999882362783, 0.0007464358932338655, 0.0011501542758196592, -0.005491352640092373, 0.014697059988975525, -0.007607069332152605, -0.003169453702867031, 0.0015820198459550738, -0.0022511181887239218, -0.0012902788585051894], [0.0004623048007488251, -0.0016647580778226256, 0.0007871048874221742, -0.00020111443882342428, -0.0005269256071187556, 0.0006992689450271428, -0.002837888430804014, -0.007607069332152605, 0.016785506159067154, -0.007166137918829918, -0.0012097291182726622, 0.0036531342193484306, -0.0020266124047338963], [-4.153453846811317e-05, 0.0025670023169368505, -0.00044236271060071886, 0.000934669456910342, -0.0007275061216205359, -0.0040661548264324665, 0.0023996420204639435, -0.003169453702867031, -0.007166137918829918, 0.022966545075178146, -0.008599517866969109, -0.002488480182364583, 0.0018259192584082484], [0.0004778051225002855, -0.0020683894399553537, 0.002350770402699709, -0.001645453623495996, -0.0014862499665468931, 0.001149377436377108, -0.006015473045408726, 0.0015820198459550738, -0.0012097291182726622, -0.008599517866969109, 0.02701525017619133, -0.007089382968842983, -0.005506063345819712], [-0.00045052397763356566, 0.0025787188205868006, -0.0022810492664575577, 0.002197163412347436, 0.0005154621903784573, -0.0041730948723852634, 0.0016355387633666396, -0.0022511181887239218, 0.0036531342193484306, -0.002488480182364583, -0.007089382968842983, 0.023012027144432068, -0.007764795329421759], [0.000631567498203367, -0.002248539589345455, 0.001026485813781619, -0.0008504198049195111, 0.00012061736197210848, 0.00036023094435222447, -0.00016948262054938823, -0.0012902788585051894, -0.0020266124047338963, 0.0018259192584082484, -0.005506063345819712, -0.007764795329421759, 0.02497554011642933]], "lowlevel.mfcc.cov": [[18396.34375, -9486.9189453125, -3279.8359375, 1282.02294921875, 2094.00341796875, 1487.59765625, 691.4961547851562, 137.34068298339844, -392.88714599609375, -263.2458190917969, 64.68637084960938, 244.01953125, 377.04736328125], [-9486.9189453125, 7459.779296875, 728.9902954101562, -781.4241943359375, -545.5899658203125, -205.89871215820312, 68.1833267211914, 138.3106231689453, 470.5046081542969, 276.74200439453125, 184.35426330566406, 185.82876586914062, 11.703680038452148], [-3279.8359375, 728.9902954101562, 2072.326904296875, 94.0864028930664, -493.69500732421875, -328.3169860839844, -108.87875366210938, 140.97337341308594, 138.0357666015625, 144.4489288330078, 16.29527473449707, -92.72579956054688, -52.040687561035156], [1282.02294921875, -781.4241943359375, 94.0864028930664, 512.3910522460938, 328.373046875, 187.13658142089844, 140.83399963378906, 110.06554412841797, 47.22099685668945, 73.12005615234375, 71.3245620727539, 57.517730712890625, 57.5057487487793], [2094.00341796875, -545.5899658203125, -493.69500732421875, 328.373046875, 648.2848510742188, 424.255859375, 249.1922149658203, 104.29277801513672, 51.498470306396484, 28.00078773498535, 97.73341369628906, 127.61185455322266, 119.02393341064453], [1487.59765625, -205.89871215820312, -328.3169860839844, 187.13658142089844, 424.255859375, 432.2413635253906, 225.75601196289062, 99.00614929199219, 40.28135681152344, 28.418731689453125, 71.96995544433594, 122.71113586425781, 106.9326171875], [691.4961547851562, 68.1833267211914, -108.87875366210938, 140.83399963378906, 249.1922149658203, 225.75601196289062, 235.522216796875, 125.54093170166016, 98.67304229736328, 70.92914581298828, 106.73297119140625, 120.25501251220703, 111.93043518066406], [137.34068298339844, 138.3106231689453, 140.97337341308594, 110.06554412841797, 104.29277801513672, 99.00614929199219, 125.54093170166016, 191.537841796875, 151.01885986328125, 124.80885314941406, 121.44217681884766, 116.52796173095703, 101.86418151855469], [-392.88714599609375, 470.5046081542969, 138.0357666015625, 47.22099685668945, 51.498470306396484, 40.28135681152344, 98.67304229736328, 151.01885986328125, 240.09063720703125, 179.8834228515625, 161.1519012451172, 138.17852783203125, 118.36497497558594], [-263.2458190917969, 276.74200439453125, 144.4489288330078, 73.12005615234375, 28.00078773498535, 28.418731689453125, 70.92914581298828, 124.80885314941406, 179.8834228515625, 205.52980041503906, 155.6528778076172, 120.60572814941406, 95.1297607421875], [64.68637084960938, 184.35426330566406, 16.29527473449707, 71.3245620727539, 97.73341369628906, 71.96995544433594, 106.73297119140625, 121.44217681884766, 161.1519012451172, 155.6528778076172, 189.32371520996094, 143.526123046875, 114.42855072021484], [244.01953125, 185.82876586914062, -92.72579956054688, 57.517730712890625, 127.61185455322266, 122.71113586425781, 120.25501251220703, 116.52796173095703, 138.17852783203125, 120.60572814941406, 143.526123046875, 175.21331787109375, 128.4758758544922], [377.04736328125, 11.703680038452148, -52.040687561035156, 57.5057487487793, 119.02393341064453, 106.9326171875, 111.93043518066406, 101.86418151855469, 118.36497497558594, 95.1297607421875, 114.42855072021484, 128.4758758544922, 146.7987060546875]], "lowlevel.mfcc.icov": [[0.0008053765632212162, 0.0009531760006211698, 0.0007212608470581472, 0.00024411776394117624, -0.0002979242126457393, -0.001041980693116784, -0.0008281489135697484, -0.0008016230422072113, -0.0001725912734400481, 4.534512117970735e-05, 9.373076318297535e-05, 0.00019273447105661035, 7.178138912422583e-05], [0.0009531760006211698, 0.0013721982249990106, 0.0007521045627072453, 0.0007527034031227231, -0.00033441357663832605, -0.00127258466091007, -0.001399258617311716, -0.0006990411784499884, -0.000914165226276964, 9.723832590680104e-06, 0.00032794754952192307, -0.0002653308620210737, 0.000871643191203475], [0.0007212608470581472, 0.0007521045627072453, 0.0016229660250246525, -0.0006617407780140638, 0.0008788497652858496, -0.0010931602446362376, -0.0005627996288239956, -0.0018599566537886858, -0.00042350945295765996, -4.753928806167096e-05, -9.368083556182683e-05, 0.0016960670473054051, -0.0003135099832434207], [0.00024411776394117624, 0.0007527034031227231, -0.0006617407780140638, 0.00508126663044095, -0.0032375867012888193, 0.000689383246935904, -0.001609297003597021, -0.0008874852210283279, 0.0007889069383963943, -0.002511158585548401, 0.0009613183792680502, -0.0006073990953154862, 0.0018270800355821848], [-0.0002979242126457393, -0.00033441357663832605, 0.0008788497652858496, -0.0032375867012888193, 0.007688930723816156, -0.004546075593680143, -0.0003069043450523168, 0.0005651548271998763, -0.0019970114808529615, 0.0027489240746945143, -0.0024708909913897514, 0.0018312353640794754, -0.0005569278146140277], [-0.001041980693116784, -0.00127258466091007, -0.0010931602446362376, 0.000689383246935904, -0.004546075593680143, 0.010690264403820038, -0.0032458503264933825, 0.0002605046902317554, 0.0031734562944620848, -0.0019029014511033893, 0.003289418760687113, -0.003880455158650875, -0.0001805002539185807], [-0.0008281489135697484, -0.001399258617311716, -0.0005627996288239956, -0.001609297003597021, -0.0003069043450523168, -0.0032458503264933825, 0.015062913298606873, -0.00330922519788146, 7.610817556269467e-05, 0.0029487686697393656, -0.0033996999263763428, 0.0008080748375505209, -0.003935505170375109], [-0.0008016230422072113, -0.0006990411784499884, -0.0018599566537886858, -0.0008874852210283279, 0.0005651548271998763, 0.0002605046902317554, -0.00330922519788146, 0.0169198177754879, -0.005539597012102604, -0.0010052683064714074, 0.00041497539496049285, -0.0036112091038376093, -0.00010747418855316937], [-0.0001725912734400481, -0.000914165226276964, -0.00042350945295765996, 0.0007889069383963943, -0.0019970114808529615, 0.0031734562944620848, 7.610817556269467e-05, -0.005539597012102604, 0.02035461738705635, -0.009299424476921558, -0.0021613582503050566, -0.0006139933248050511, -0.0050132302567362785], [4.534512117970735e-05, 9.723832590680104e-06, -4.753928806167096e-05, -0.002511158585548401, 0.0027489240746945143, -0.0019029014511033893, 0.0029487686697393656, -0.0010052683064714074, -0.009299424476921558, 0.021376261487603188, -0.01032678596675396, -0.0009242649539373815, 0.0009604416554793715], [9.373076318297535e-05, 0.00032794754952192307, -9.368083556182683e-05, 0.0009613183792680502, -0.0024708909913897514, 0.003289418760687113, -0.0033996999263763428, 0.00041497539496049285, -0.0021613582503050566, -0.01032678596675396, 0.02478107251226902, -0.010336337611079216, -0.0006008658674545586], [0.00019273447105661035, -0.0002653308620210737, 0.0016960670473054051, -0.0006073990953154862, 0.0018312353640794754, -0.003880455158650875, 0.0008080748375505209, -0.0036112091038376093, -0.0006139933248050511, -0.0009242649539373815, -0.010336337611079216, 0.02871658094227314, -0.012384274043142796], [7.178138912422583e-05, 0.000871643191203475, -0.0003135099832434207, 0.0018270800355821848, -0.0005569278146140277, -0.0001805002539185807, -0.003935505170375109, -0.00010747418855316937, -0.0050132302567362785, 0.0009604416554793715, -0.0006008658674545586, -0.012384274043142796, 0.024116365239024162]], "metadata.audio_properties.analysis.downmix": "mix", "metadata.audio_properties.codec": "mp3", "metadata.audio_properties.md5_encoded": "fb27d518943cca1f1a51953ba4425cde", "metadata.tags.file_name": "1182276271766515722.mp3", "metadata.version.essentia": "2.1-beta6-dev", "metadata.version.essentia_git