{"song_id": "1182282951296286730", "download": "https://cdn.discordapp.com/attachments/1135911532732108921/1182282951296286730/chirp.mp4?ex=658421cd&amp", "lyrics": "\u5728\u7530\u91ce\u95f4\uff0c\u6f2b\u6b65\u7740\u5c0f\u8def\uff0c\n\u4e61\u8ff9\u5370\u8c61\uff0c\u5524\u9192\u5fc3\u4e2d\u7684\u601d\u6545\u4e61\u3002\n\u7eff\u6811\u6210\u836b\uff0c\u9e1f\u8bed\u82b1\u9999\uff0c\n\u513f\u65f6\u7684\u8bb0\u5fc6\uff0c\u5982\u4eca\u4ecd\u5728\u68a6\u4e2d\u8361\u6f3e\u3002", "style": ["Chinese folk singing"], "essentia_features": {"lowlevel.average_loudness": 0.978641927242279, "lowlevel.barkbands_crest.mean": 14.891885757446289, "lowlevel.barkbands_crest.stdev": 5.584054946899414, "lowlevel.barkbands_flatness_db.mean": 0.16180899739265442, "lowlevel.barkbands_flatness_db.stdev": 0.05700226500630379, "lowlevel.barkbands_kurtosis.mean": 15.274093627929688, "lowlevel.barkbands_kurtosis.stdev": 28.348440170288086, "lowlevel.barkbands_skewness.mean": 2.815713405609131, "lowlevel.barkbands_skewness.stdev": 2.3818910121917725, "lowlevel.barkbands_spread.mean": 26.567813873291016, "lowlevel.barkbands_spread.stdev": 23.396299362182617, "lowlevel.dissonance.mean": 0.4648585617542267, "lowlevel.dissonance.stdev": 0.028846634551882744, "lowlevel.dynamic_complexity": 2.0740933418273926, "lowlevel.erbbands_crest.mean": 9.800335884094238, "lowlevel.erbbands_crest.stdev": 5.796799182891846, "lowlevel.erbbands_flatness_db.mean": 0.11372596770524979, "lowlevel.erbbands_flatness_db.stdev": 0.0426022931933403, "lowlevel.erbbands_kurtosis.mean": 1.6165097951889038, "lowlevel.erbbands_kurtosis.stdev": 3.909191608428955, "lowlevel.erbbands_skewness.mean": 0.2547163963317871, "lowlevel.erbbands_skewness.stdev": 1.1529210805892944, "lowlevel.erbbands_spread.mean": 52.93875503540039, "lowlevel.erbbands_spread.stdev": 25.752845764160156, "lowlevel.hfc.mean": 36.948978424072266, "lowlevel.hfc.stdev": 29.862415313720703, "lowlevel.loudness_ebu128.integrated": -17.979345321655273, "lowlevel.loudness_ebu128.loudness_range": 1.5195198059082031, "lowlevel.loudness_ebu128.momentary.mean": -18.108156204223633, "lowlevel.loudness_ebu128.momentary.stdev": 1.1010161638259888, "lowlevel.loudness_ebu128.short_term.mean": -17.971155166625977, "lowlevel.loudness_ebu128.short_term.stdev": 0.5781286358833313, "lowlevel.melbands_crest.mean": 20.8290958404541, "lowlevel.melbands_crest.stdev": 7.281594276428223, "lowlevel.melbands_flatness_db.mean": 0.2404850721359253, "lowlevel.melbands_flatness_db.stdev": 0.06949859857559204, "lowlevel.melbands_kurtosis.mean": 49.502262115478516, "lowlevel.melbands_kurtosis.stdev": 80.69474029541016, "lowlevel.melbands_skewness.mean": 4.814221382141113, "lowlevel.melbands_skewness.stdev": 3.507115602493286, "lowlevel.melbands_spread.mean": 19.035430908203125, "lowlevel.melbands_spread.stdev": 18.640167236328125, "lowlevel.pitch_salience.mean": 0.4126115143299103, "lowlevel.pitch_salience.stdev": 0.14079880714416504, "lowlevel.silence_rate_20dB.mean": 1.0, "lowlevel.silence_rate_20dB.stdev": 0.0, "lowlevel.silence_rate_30dB.mean": 0.8223938345909119, "lowlevel.silence_rate_30dB.stdev": 0.38218221068382263, "lowlevel.silence_rate_60dB.mean": 0.002574002603068948, "lowlevel.silence_rate_60dB.stdev": 0.050669196993112564, "lowlevel.spectral_centroid.mean": 1543.521728515625, "lowlevel.spectral_centroid.stdev": 913.5457153320312, "lowlevel.spectral_complexity.mean": 18.31145477294922, "lowlevel.spectral_complexity.stdev": 9.32197093963623, "lowlevel.spectral_decrease.mean": -1.7171281285754958e-08, "lowlevel.spectral_decrease.stdev": 1.325618015357577e-08, "lowlevel.spectral_energy.mean": 0.06815982609987259, "lowlevel.spectral_energy.stdev": 0.05018145591020584, "lowlevel.spectral_energyband_high.mean": 0.002713949652388692, "lowlevel.spectral_energyband_high.stdev": 0.0036195816937834024, "lowlevel.spectral_energyband_low.mean": 0.048868246376514435, "lowlevel.spectral_energyband_low.stdev": 0.05142093449831009, "lowlevel.spectral_energyband_middle_high.mean": 0.006823732517659664, "lowlevel.spectral_energyband_middle_high.stdev": 0.010918390937149525, "lowlevel.spectral_energyband_middle_low.mean": 0.010781035758554935, "lowlevel.spectral_energyband_middle_low.stdev": 0.010143222287297249, "lowlevel.spectral_entropy.mean": 7.8728485107421875, "lowlevel.spectral_entropy.stdev": 0.4081781506538391, "lowlevel.spectral_flux.mean": 0.11640695482492447, "lowlevel.spectral_flux.stdev": 0.07896628975868225, "lowlevel.spectral_kurtosis.mean": 2.357672929763794, "lowlevel.spectral_kurtosis.stdev": 1.469204068183899, "lowlevel.spectral_rms.mean": 0.0077181849628686905, "lowlevel.spectral_rms.stdev": 0.0026319243479520082, "lowlevel.spectral_rolloff.mean": 1353.5172119140625, "lowlevel.spectral_rolloff.stdev": 2059.718994140625, "lowlevel.spectral_skewness.mean": 1.2954192161560059, "lowlevel.spectral_skewness.stdev": 0.41385364532470703, "lowlevel.spectral_spread.mean": 6732114.0, "lowlevel.spectral_spread.stdev": 1668260.375, "lowlevel.spectral_strongpeak.mean": 1.0992727279663086, "lowlevel.spectral_strongpeak.stdev": 1.7882174253463745, "lowlevel.zerocrossingrate.mean": 0.062400080263614655, "lowlevel.zerocrossingrate.stdev": 0.04450473561882973, "metadata.audio_properties.analysis.equal_loudness": 0.0, "metadata.audio_properties.analysis.length": 18.00428581237793, "metadata.audio_properties.analysis.sample_rate": 44100.0, "metadata.audio_properties.analysis.start_time": 0.0, "metadata.audio_properties.bit_rate": 117979.0, "metadata.audio_properties.length": 18.005332946777344, "metadata.audio_properties.lossless": 0.0, "metadata.audio_properties.number_channels": 1.0, "metadata.audio_properties.replay_gain": -6.750926971435547, "metadata.audio_properties.sample_rate": 48000.0, "rhythm.beats_count": 37.0, "rhythm.beats_loudness.mean": 0.1608317643404007, "rhythm.beats_loudness.stdev": 0.06545554101467133, "rhythm.bpm": 126.59406280517578, "rhythm.bpm_histogram_first_peak_bpm": 126.0, "rhythm.bpm_histogram_first_peak_weight": 0.4444444179534912, "rhythm.bpm_histogram_second_peak_bpm": 0.0, "rhythm.bpm_histogram_second_peak_spread": 0.0, "rhythm.bpm_histogram_second_peak_weight": 0.0, "rhythm.danceability": 1.5957111120224, "rhythm.onset_rate": 4.106848239898682, "tonal.chords_changes_rate": 0.05398457497358322, "tonal.chords_number_rate": 0.012853470630943775, "tonal.chords_strength.mean": 0.5811933875083923, "tonal.chords_strength.stdev": 0.09227486699819565, "tonal.hpcp_crest.mean": 13.093603134155273, "tonal.hpcp_crest.stdev": 5.854902267456055, "tonal.hpcp_entropy.mean": 2.049875259399414, "tonal.hpcp_entropy.stdev": 0.7349128127098083, "tonal.key_edma.strength": 0.41080185770988464, "tonal.key_krumhansl.strength": 0.42348596453666687, "tonal.key_temperley.strength": 0.4457598030567169, "tonal.tuning_diatonic_strength": 0.5486627817153931, "tonal.tuning_equal_tempered_deviation": 0.0931258350610733, "tonal.tuning_frequency": 440.0, "tonal.tuning_nontempered_energy_ratio": 0.7496991157531738, "lowlevel.barkbands.mean": [0.0016155741177499294, 0.03986548259854317, 0.006418690085411072, 0.0015777046792209148, 0.0016053103609010577, 0.0038902757223695517, 0.0023206034675240517, 0.0003725976566784084, 0.0009181472705677152, 0.0007137663196772337, 0.0004816878354176879, 0.0029885335825383663, 0.0006607983377762139, 0.0003315396315883845, 0.0005668129888363183, 0.000276305217994377, 0.00024264826788567007, 0.0001554261107230559, 0.0002417764626443386, 0.00048724032239988446, 0.0006093745469115674, 0.0004017248284071684, 0.0003713996848091483, 0.0004463567747734487, 0.0004092359449714422, 0.00018873925728257746, 2.05196056413115e-06], "lowlevel.barkbands.stdev": [0.0022004174534231424, 0.04765678569674492, 0.010813089087605476, 0.0033824373967945576, 0.0020190251525491476, 0.007038841024041176, 0.005405668634921312, 0.0007474192534573376, 0.0017617420526221395, 0.0023376699537038803, 0.001462085172533989, 0.00864412821829319, 0.0022531889844685793, 0.0011020251549780369, 0.0012550716055557132, 0.00042158743599429727, 0.00044156209332868457, 0.00028996574110351503, 0.0003899357689078897, 0.0007617342052981257, 0.0009989691898226738, 0.000730588159058243, 0.0006314516649581492, 0.0009251070441678166, 0.0009071448002941906, 0.00024316464259754866, 5.445561328087933e-06], "lowlevel.erbbands.mean": [1.6557508707046509, 6.97822904586792, 7.571028232574463, 6.908754348754883, 4.476391315460205, 5.582247257232666, 10.188323020935059, 42.48592758178711, 43.134517669677734, 18.629043579101562, 8.388153076171875, 15.345846176147461, 23.300434112548828, 27.31000328063965, 75.92472076416016, 77.56011199951172, 27.76875877380371, 26.148595809936523, 27.01396369934082, 19.379791259765625, 15.484809875488281, 13.661199569702148, 9.430224418640137, 10.058823585510254, 14.76211166381836, 24.526611328125, 26.230323791503906, 19.824054718017578, 15.698403358459473, 11.731536865234375, 10.123217582702637, 8.804959297180176, 7.828395843505859, 5.085136890411377, 2.6552767753601074, 1.0726613998413086, 0.2936609387397766, 0.03292844817042351, 0.0006902183522470295, 0.00011083300341852009], "lowlevel.erbbands.stdev": [1.928574800491333, 9.084477424621582, 12.053657531738281, 12.962321281433105, 6.120319843292236, 8.923072814941406, 11.26383113861084, 82.02165985107422, 93.85729217529297, 27.606775283813477, 16.18583869934082, 26.993820190429688, 42.761940002441406, 87.76708221435547, 213.90870666503906, 229.67295837402344, 85.65424346923828, 86.80451202392578, 64.08745574951172, 36.2217903137207, 23.114543914794922, 23.84563446044922, 17.503734588623047, 15.624001502990723, 23.018293380737305, 39.642799377441406, 45.58812713623047, 31.018077850341797, 28.977582931518555, 21.148639678955078, 16.60942840576172, 16.058609008789062, 18.034269332885742, 11.87116527557373, 6.001432418823242, 1.6122885942459106, 0.3355170488357544, 0.03963318094611168, 0.0007799463346600533, 6.642701919190586e-05], "lowlevel.gfcc.mean": [47.67683029174805, 62.98280715942383, -75.54131317138672, 44.42627716064453, -52.147151947021484, 33.40875244140625, -30.73558235168457, 18.469663619995117, -22.672351837158203, 21.866838455200195, -13.290032386779785, 10.670653343200684, -5.401731014251709], "lowlevel.melbands.mean": [0.012700093910098076, 0.005342145450413227, 0.001125290640629828, 0.0003390918718650937, 0.00032240565633401275, 0.0008774106972850859, 0.0006399793201126158, 0.0001617890811758116, 5.9473186411196366e-05, 0.00011924216960323974, 0.00012065258488291875, 0.00010944363020826131, 0.00016396530554629862, 0.0003881578450091183, 6.406079774023965e-05, 6.657754420302808e-05, 4.180314499535598e-05, 3.8688529457431287e-05, 3.7541380152106285e-05, 1.8665266907191835e-05, 1.755200355546549e-05, 1.3732726074522361e-05, 1.1617030395427719e-05, 7.178777650551638e-06, 7.888179425208364e-06, 1.0083188499265816e-05, 1.2657552360906266e-05, 1.6798470824141987e-05, 1.535921728645917e-05, 1.681280627963133e-05, 9.698492249299306e-06, 9.027045962284319e-06, 7.282114893314429e-06, 6.420508270821301e-06, 5.798300662718248e-06, 5.54621328774374e-06, 5.3717990340373944e-06, 5.6702192523516715e-06, 4.696596988651436e-06, 4.213840838929173e-06], "lowlevel.melbands.stdev": [0.014975198544561863, 0.006812172941863537, 0.001974375918507576, 0.00047510312288068235, 0.0003505101485643536, 0.0016541967634111643, 0.0013270300114527345, 0.00023815834720153362, 0.00011723988427547738, 0.0002322154468856752, 0.0002254653227282688, 0.00038469841820187867, 0.00044329886441119015, 0.001171388546936214, 0.0002413938636891544, 0.00021991226822137833, 0.00014250562526285648, 9.827855683397502e-05, 8.373654418392107e-05, 3.1393577955896035e-05, 2.7486003091325983e-05, 2.4428141841781326e-05, 2.551457509980537e-05, 1.3204264178057201e-05, 1.2805585356545635e-05, 1.8662994989426807e-05, 1.9084996893070638e-05, 2.960723577416502e-05, 2.9029504730715416e-05, 2.8221815227880143e-05, 1.6020740076783113e-05, 1.735583100526128e-05, 1.442583197786007e-05, 1.2080144188075792e-05, 9.668018719821703e-06, 9.718968613015022e-06, 1.020357376546599e-05, 1.3273002878122497e-05, 1.0977313650073484e-05, 1.019769479171373e-05], "lowlevel.melbands128.mean": [0.0015572402626276016, 0.014051484875380993, 0.01827874220907688, 0.008837110362946987, 0.004090479109436274, 0.002994038164615631, 0.0014638658612966537, 0.0006512760883197188, 0.0004071914008818567, 0.00031502076308242977, 0.00030877289827913046, 0.000285016285488382, 0.0003480676969047636, 0.0002949433692265302, 0.000977406627498567, 0.0013033912982791662, 0.0006035045953467488, 0.0007574177579954267, 0.00029133501811884344, 0.0002027229347731918, 7.286222535185516e-05, 8.142139267874882e-05, 5.361470903153531e-05, 4.365419226814993e-05, 5.239415622781962e-05, 0.00017186763579957187, 0.00024151027901098132, 5.388121280702762e-05, 7.078019552864134e-05, 0.00017604860477149487, 8.461222751066089e-05, 6.274598854361102e-05, 6.734555790899321e-05, 0.00021102312894072384, 0.0007409726385958493, 0.0003205716493539512, 6.718679651385173e-05, 5.23597736901138e-05, 6.89449516357854e-05, 3.828488843282685e-05, 6.409486377378926e-05, 0.00011713021376635879, 3.262729660491459e-05, 1.3422006304608658e-05, 1.7017218851833604e-05, 4.804873242392205e-05, 6.006064359098673e-05, 4.1922561649698764e-05, 2.4300556106027216e-05, 2.403196231171023e-05, 1.5010838978923857e-05, 1.619122485863045e-05, 2.4221264538937248e-05, 1.38770501507679e-05, 1.2583529496623669e-05, 1.3125344594300259e-05, 1.4834832654742058e-05, 1.6697435057722032e-05, 8.310237717523705e-06, 6.670820766885299e-06, 7.334671863645781e-06, 7.290883786481572e-06, 7.0672699621354695e-06, 8.344575689989142e-06, 8.706056178198196e-06, 1.0828217455127742e-05, 1.0329712495149579e-05, 9.638309165893588e-06, 1.207089371746406e-05, 1.845593396865297e-05, 1.916498331411276e-05, 1.4081217159400694e-05, 1.45459380291868e-05, 1.6028003301471472e-05, 1.5492836610064842e-05, 2.0283910998841748e-05, 1.648158286116086e-05, 8.708517270861194e-06, 1.0432652743475046e-05, 8.12035159469815e-06, 8.84781275090063e-06, 9.955159839591943e-06, 8.435929885308724e-06, 7.099517461028881e-06, 6.1899454522063024e-06, 5.86443638894707e-06, 6.895375008753035e-06, 6.663050953648053e-06, 5.39398342880304e-06, 5.349847015168052e-06, 6.188383849803358e-06, 5.393617357185576e-06, 4.861460183747113e-06, 5.540968231798615e-06, 5.430802048067562e-06, 5.678894012817182e-06, 5.80115420234506e-06, 5.654653250530828e-06, 4.689706202043453e-06, 4.3040690798079595e-06, 4.062082552991342e-06, 4.685132807935588e-06, 3.5925347674492514e-06, 3.927007128368132e-06, 2.9191157864261186e-06, 2.2280735265667317e-06, 2.4854093680914957e-06, 2.3323534605879104e-06, 1.8922505660157185e-06, 1.4135642913970514e-06, 1.155964014287747e-06, 1.0244142458759598e-06, 9.662603588367347e-07, 7.403813810924476e-07, 5.551385129365372e-07, 3.990922436969413e-07, 8.68394067765621e-08, 1.7620255254868766e-09, 1.1044149969552386e-11, 1.0636273979625077e-11, 1.0332964518744436e-11, 1.011433731906708e-11, 9.87309973360384e-12, 9.685837201733882e-12, 9.440188214471235e-12, 9.137952547422223e-12, 8.962349092034305e-12, 8.897249256789586e-12], "lowlevel.melbands128.stdev": [0.0021487565245479345, 0.016483400017023087, 0.022873153910040855, 0.012944710440933704, 0.007071038708090782, 0.0050743804313242435, 0.0029276669956743717, 0.0012982742628082633, 0.0005775767494924366, 0.0006138955359347165, 0.0006040265434421599, 0.0004101685481145978, 0.0004797421279363334, 0.00046734450734220445, 0.0020199858117848635, 0.002839265624061227, 0.0015750766033306718, 0.0021912758238613605, 0.0005278788157738745, 0.00043955494766123593, 0.00015770366007927805, 0.00023444235557690263, 0.00012739250087179244, 8.025829447433352e-05, 9.52246118686162e-05, 0.0004666040767915547, 0.0005315939197316766, 0.00016777780547272414, 0.0002789379213936627, 0.0007245152373798192, 0.0003582550270948559, 0.00023313822748605162, 0.00019166308629792184, 0.0009207400726154447, 0.002353823743760586, 0.001478977152146399, 0.0003387038013897836, 0.00032126050791703165, 0.00045447685988619924, 0.00017366488464176655, 0.00032778317108750343, 0.0005050826002843678, 0.0001322497264482081, 3.13681157422252e-05, 3.767081943806261e-05, 0.00017391942674294114, 0.00017639734141994268, 0.00012479354336392134, 7.053977606119588e-05, 5.401840098784305e-05, 2.8827216738136485e-05, 2.845344351953827e-05, 4.569989687297493e-05, 2.630916605994571e-05, 2.287162351422012e-05, 3.0124208933557384e-05, 3.597048271331005e-05, 5.1445680583128706e-05, 1.9391014575376175e-05, 1.7784561350708827e-05, 1.5261284715961665e-05, 1.4071015357330907e-05, 1.3898114048060961e-05, 1.6439145838376135e-05, 1.7058617231668904e-05, 2.4872355425031856e-05, 2.597977982077282e-05, 1.8262435332871974e-05, 2.318229053344112e-05, 3.453182216617279e-05, 4.39466857642401e-05, 3.1272327760234475e-05, 2.807136479532346e-05, 3.619311610236764e-05, 3.523558916640468e-05, 3.7036592402728274e-05, 2.9723456464125775e-05, 1.577616967551876e-05, 1.9279712432762608e-05, 1.521592366771074e-05, 2.0006880731671117e-05, 2.012763980019372e-05, 1.7857137208920904e-05, 1.678872649790719e-05, 1.224636253027711e-05, 1.1617886229942087e-05, 1.541846177133266e-05, 1.2324328054091893e-05, 9.581443009665236e-06, 9.572789167577866e-06, 1.16852997962269e-05, 1.0129004294867627e-05, 1.0186684448854066e-05, 1.1679135241138283e-05, 1.0535761248320341e-05, 1.3042254977335688e-05, 1.5554549463558942e-05, 1.5245303075062111e-05, 1.164517379947938e-05, 1.029599934554426e-05, 9.258484169549774e-06, 1.2290919585211668e-05, 9.398582733410876e-06, 1.2897211490781046e-05, 7.3719829742913134e-06, 3.4774675441440195e-06, 3.612631417126977e-06, 4.242754584993236e-06, 3.373124172867392e-06, 1.9050741002502036e-06, 1.7169840020869742e-06, 1.2904359891763306e-06, 1.2007859595541959e-06, 8.699470299688983e-07, 7.102485710674955e-07, 6.02715431341494e-07, 1.9237340609379316e-07, 7.5823445300216e-09, 1.4938515702223043e-11, 1.4481152388334806e-11, 1.409924087203418e-11, 1.3776165104506521e-11, 1.3471771441453395e-11, 1.3233474212281937e-11, 1.3027909480378685e-11, 1.2863009268837544e-11, 1.2745611857600814e-11, 1.2673613894453872e-11], "lowlevel.mfcc.mean": [-608.9732666015625, 96.71944427490234, 34.12029266357422, 25.746826171875, 11.486942291259766, 18.488327026367188, 10.631207466125488, 2.0976433753967285, 8.949109077453613, 6.804367542266846, -0.3747827708721161, 8.074029922485352, 8.530566215515137], "lowlevel.spectral_contrast_coeffs.mean": [-0.7654441595077515, -0.7154722213745117, -0.7599868178367615, -0.8064125776290894, -0.8049128651618958, -0.7648094892501831], "lowlevel.spectral_contrast_coeffs.stdev": [0.056580398231744766, 0.09718400239944458, 0.09394311904907227, 0.05299908667802811, 0.042856935411691666, 0.04226958006620407], "lowlevel.spectral_contrast_valleys.mean": [-6.045380592346191, -6.874189376831055, -7.327186584472656, -7.4648261070251465, -7.286285400390625, -9.304736137390137], "lowlevel.spectral_contrast_valleys.stdev": [0.5283246040344238, 0.5640553832054138, 0.6030392646789551, 0.5895388722419739, 0.6258004903793335, 0.7149578332901001], "rhythm.beats_loudness_band_ratio.mean": [0.8716249465942383, 0.03254133090376854, 0.025719650089740753, 0.03610525280237198, 0.011451909318566322, 0.02553423121571541], "rhythm.beats_loudness_band_ratio.stdev": [0.1681249886751175, 0.05188138037919998, 0.038353096693754196, 0.08348941057920456, 0.02164076268672943, 0.05106673017144203], "tonal.hpcp.mean": [0.3045092523097992, 0.12523822486400604, 0.058360155671834946, 0.050621990114450455, 0.04992751404643059, 0.12011384963989258, 0.24782845377922058, 0.18451720476150513, 0.04892442747950554, 0.031683195382356644, 0.03624233603477478, 0.06464016437530518, 0.07431132346391678, 0.04556574672460556, 0.04450855404138565, 0.06020248681306839, 0.0375632718205452, 0.014636264182627201, 0.013553205877542496, 0.010396290570497513, 0.02017791010439396, 0.02522066794335842, 0.013313754461705685, 0.010099174454808235, 0.017290767282247543, 0.037652935832738876, 0.1129448413848877, 0.142159104347229, 0.07480815798044205, 0.07685279101133347, 0.1154232993721962, 0.11102570593357086, 0.10736533999443054, 0.12255562096834183, 0.18413473665714264, 0.32800593972206116], "tonal.hpcp.stdev": [0.3925599157810211, 0.23547981679439545, 0.18788005411624908, 0.1846151202917099, 0.1741887927055359, 0.21858547627925873, 0.3795986771583557, 0.31061145663261414, 0.14984573423862457, 0.14414213597774506, 0.13968129456043243, 0.19502843916416168, 0.19445271790027618, 0.1579853892326355, 0.11719416081905365, 0.13507652282714844, 0.089443139731884, 0.06949587911367416, 0.07617564499378204, 0.060874078422784805, 0.05846380814909935, 0.06319452822208405, 0.030508356168866158, 0.04818621277809143, 0.0837378203868866, 0.12246886640787125, 0.21578724682331085, 0.2439827024936676, 0.17687389254570007, 0.19505323469638824, 0.268945574760437, 0.2561831772327423, 0.25495094060897827, 0.2831853926181793, 0.3133660554885864, 0.4068475365638733], "rhythm.beats_position": [0.4876190423965454, 0.9636281132698059, 1.4396371841430664, 1.9156461954116821, 2.391655206680298, 2.8560543060302734, 3.3320634365081787, 3.808072566986084, 4.28408145904541, 4.7600908279418945, 5.224489688873291, 5.712108612060547, 6.176507949829102, 6.640906810760498, 7.128525733947754, 7.604535102844238, 8.080544471740723, 8.544942855834961, 9.020952224731445, 9.49696159362793, 9.961359977722168, 10.448979377746582, 10.913378715515137, 11.389387130737305, 11.865396499633789, 12.329795837402344, 12.794195175170898, 13.281813621520996, 13.74621295928955, 14.222222328186035, 14.698230743408203, 15.185850143432617, 15.650249481201172, 16.126258850097656, 16.60226821899414, 17.078275680541992, 17.554285049438477], "rhythm.bpm_histogram": [0.0, 0.0, 0.0, 0.0, 0.0, 0.0, 0.0, 0.0, 0.0, 0.0, 0.0, 0.0, 0.0, 0.0, 0.0, 0.0, 0.0, 0.0, 0.0, 0.0, 0.0, 0.0, 0.0, 0.0, 0.0, 0.0, 0.0, 0.0, 0.0, 0.0, 0.0, 0.0, 0.0, 0.0, 0.0, 0.0, 0.0, 0.0, 0.0, 0.0, 0.0, 0.0, 0.0, 0.0, 0.0, 0.0, 0.0, 0.0, 0.0, 0.0, 0.0, 0.0, 0.0, 0.0, 0.0, 0.0, 0.0, 0.0, 0.0, 0.0, 0.0, 0.0, 0.0, 0.0, 0.0, 0.0, 0.0, 0.0, 0.0, 0.0, 0.0, 0.0, 0.0, 0.0, 0.0, 0.0, 0.0, 0.0, 0.0, 0.0, 0.0, 0.0, 0.0, 0.0, 0.0, 0.0, 0.0, 0.0, 0.0, 0.0, 0.0, 0.0, 0.0, 0.0, 0.0, 0.0, 0.0, 0.0, 0.0, 0.0, 0.0, 0.0, 0.0, 0.0, 0.0, 0.0, 0.0, 0.0, 0.0, 0.0, 0.0, 0.0, 0.0, 0.0, 0.0, 0.0, 0.0, 0.0, 0.0, 0.0, 0.0, 0.0, 0.0, 0.1388888955116272, 0.0, 0.0, 0.5555555820465088, 0.0, 0.0, 0.3055555522441864, 0.0, 0.0, 0.0, 0.0, 0.0, 0.0, 0.0, 0.0, 0.0, 0.0, 0.0, 0.0, 0.0, 0.0, 0.0, 0.0, 0.0, 0.0, 0.0, 0.0, 0.0, 0.0, 0.0, 0.0, 0.0, 0.0, 0.0, 0.0, 0.0, 0.0, 0.0, 0.0, 0.0, 0.0, 0.0, 0.0, 0.0, 0.0, 0.0, 0.0, 0.0, 0.0, 0.0, 0.0, 0.0, 0.0, 0.0, 0.0, 0.0, 0.0, 0.0, 0.0, 0.0, 0.0, 0.0, 0.0, 0.0, 0.0, 0.0, 0.0, 0.0, 0.0, 0.0, 0.0, 0.0, 0.0, 0.0, 0.0, 0.0, 0.0, 0.0, 0.0, 0.0, 0.0, 0.0, 0.0, 0.0, 0.0, 0.0, 0.0, 0.0, 0.0, 0.0, 0.0, 0.0, 0.0, 0.0, 0.0, 0.0, 0.0, 0.0, 0.0, 0.0, 0.0, 0.0, 0.0, 0.0, 0.0, 0.0, 0.0, 0.0, 0.0, 0.0, 0.0, 0.0, 0.0, 0.0, 0.0, 0.0, 0.0, 0.0, 0.0, 0.0, 0.0, 0.0, 0.0, 0.0, 0.0, 0.0, 0.0], "tonal.chords_histogram": [19.794343948364258, 0.0, 0.5141388177871704, 0.7712082266807556, 0.0, 0.0, 0.0, 0.0, 0.0, 5.912596225738525, 0.0, 0.0, 0.0, 0.0, 0.0, 0.0, 0.0, 0.0, 0.0, 0.0, 0.0, 23.907455444335938, 6.683804512023926, 42.41645431518555], "tonal.thpcp": [1.0, 0.9283650517463684, 0.38181695342063904, 0.17792408168315887, 0.15433253347873688, 0.15221527218818665, 0.36619412899017334, 0.7555608749389648, 0.5625422596931458, 0.14915713667869568, 0.09659335762262344, 0.11049292236566544, 0.19707010686397552, 0.22655481100082397, 0.1389174461364746, 0.13569435477256775, 0.18354083597660065, 0.11452009528875351, 0.04462194815278053, 0.04131999984383583, 0.03169543296098709, 0.0615169033408165, 0.07689088582992554, 0.04058998078107834, 0.030789608135819435, 0.05271479859948158, 0.11479345709085464, 0.3443377912044525, 0.4334040582180023, 0.22806952893733978, 0.2343030422925949, 0.35189393162727356, 0.3384868800640106, 0.3273274302482605, 0.37363842129707336, 0.5613762140274048], "lowlevel.gfcc.cov": [[2296.318359375, -243.96957397460938, -323.3984069824219, 75.59306335449219, -71.51128387451172, 37.89551544189453, -17.60443687438965, -31.972591400146484, -108.61549377441406, -0.9355305433273315, -37.90978240966797, -9.008750915527344, -24.020265579223633], [-243.96957397460938, 798.9276123046875, -44.82379150390625, -386.36859130859375, 33.41865539550781, -105.94126892089844, 49.71147537231445, -76.11882781982422, 0.6524577736854553, 30.05149269104004, 57.15621566772461, 13.37548542022705, 49.696868896484375], [-323.3984069824219, -44.82379150390625, 389.4411315917969, 119.93212127685547, 26.122047424316406, 7.524191856384277, -55.94900131225586, 62.36945343017578, 83.20794677734375, -29.228256225585938, -26.11850929260254, 8.080851554870605, -7.465320587158203], [75.59306335449219, -386.36859130859375, 119.93212127685547, 475.49029541015625, 8.782864570617676, -51.06968688964844, -60.78679275512695, 60.69684600830078, 66.60910034179688, -17.179824829101562, -20.789764404296875, -18.17830467224121, -21.195152282714844], [-71.51128387451172, 33.41865539550781, 26.122047424316406, 8.782864570617676, 186.1046905517578, 32.68363952636719, -23.31907081604004, 16.957059860229492, 39.33954620361328, -18.47480010986328, -41.58810043334961, -9.78242301940918, -30.93480682373047], [37.89551544189453, -105.94126892089844, 7.524191856384277, -51.06968688964844, 32.68363952636719, 220.37379455566406, 89.20301055908203, -4.653649806976318, -33.910064697265625, -12.7930908203125, 9.044881820678711, -5.3543782234191895, -1.8300466537475586], [-17.60443687438965, 49.71147537231445, -55.94900131225586, -60.78679275512695, -23.31907081604004, 89.20301055908203, 176.59637451171875, 10.198691368103027, -32.94461441040039, 19.45160484313965, 40.849857330322266, 13.598810195922852, 30.77407455444336], [-31.972591400146484, -76.11882781982422, 62.36945343017578, 60.69684600830078, 16.957059860229492, -4.653649806976318, 10.198691368103027, 113.01773071289062, 57.88601303100586, -20.462751388549805, -18.710121154785156, 9.868169784545898, 5.978699207305908], [-108.61549377441406, 0.6524577736854553, 83.20794677734375, 66.60910034179688, 39.33954620361328, -33.910064697265625, -32.94461441040039, 57.88601303100586, 146.386962890625, 32.13536071777344, -7.135974407196045, 10.629023551940918, -2.196133613586426], [-0.9355305433273315, 30.05149269104004, -29.228256225585938, -17.179824829101562, -18.47480010986328, -12.7930908203125, 19.45160484313965, -20.462751388549805, 32.13536071777344, 111.85839080810547, 71.71952056884766, 8.383563041687012, 30.92185401916504], [-37.90978240966797, 57.15621566772461, -26.11850929260254, -20.789764404296875, -41.58810043334961, 9.044881820678711, 40.849857330322266, -18.710121154785156, -7.135974407196045, 71.71952056884766, 119.33670043945312, 34.0713996887207, 39.75987243652344], [-9.008750915527344, 13.37548542022705, 8.080851554870605, -18.17830467224121, -9.78242301940918, -5.3543782234191895, 13.598810195922852, 9.868169784545898, 10.629023551940918, 8.383563041687012, 34.0713996887207, 60.63560485839844, 33.07319641113281], [-24.020265579223633, 49.696868896484375, -7.465320587158203, -21.195152282714844, -30.93480682373047, -1.8300466537475586, 30.77407455444336, 5.978699207305908, -2.196133613586426, 30.92185401916504, 39.75987243652344, 33.07319641113281, 89.83052825927734]], "lowlevel.gfcc.icov": [[0.0005957853281870484, -0.0003652098821476102, 0.000681030738633126, -0.0006076697027310729, 0.0005290289409458637, -0.0008198241703212261, 0.0006818071124143898, -0.0006467559142038226, 0.0007870506378822029, -0.0010789597872644663, 0.0011412018211558461, -0.0010539006907492876, 0.0005230824463069439], [-0.0003652098821476102, 0.006100439466536045, -0.0018896822584792972, 0.005743197165429592, -0.0037045106291770935, 0.007015687879174948, -0.004622256383299828, 0.005578099749982357, -0.0050091613084077835, 0.007437940686941147, -0.007139378227293491, 0.006910482421517372, -0.004262185655534267], [0.000681030738633126, -0.0018896822584792972, 0.004596893209964037, -0.0025231160689145327, 0.0017205794574692845, -0.003521986771374941, 0.003008044557645917, -0.0027441978454589844, 0.00025796887348406017, -0.001644003321416676, 0.00255067297257483, -0.0030465302988886833, 0.0012520559830591083], [-0.0006076697027310729, 0.005743197165429592, -0.0025231160689145327, 0.00811381358653307, -0.003488986985757947, 0.007170753087848425, -0.004043924622237682, 0.004388772416859865, -0.005549341440200806, 0.007905339822173119, -0.00785034243017435, 0.008132945746183395, -0.003973769955337048], [0.0005290289409458637, -0.0037045106291770935, 0.0017205794574692845, -0.003488986985757947, 0.009231824427843094, -0.006249700672924519, 0.003954324871301651, -0.0036683727521449327, 0.0013334703398868442, -0.005110525526106358, 0.006743960082530975, -0.005356104113161564, 0.004230787046253681], [-0.0008198241703212261, 0.007015687879174948, -0.003521986771374941, 0.007170753087848425, -0.006249700672924519, 0.015092551708221436, -0.009339887648820877, 0.007325876969844103, -0.005271583795547485, 0.010388084687292576, -0.009890440851449966, 0.009829032234847546, -0.004779828246682882], [0.0006818071124143898, -0.004622256383299828, 0.003008044557645917, -0.004043924622237682, 0.003954324871301651, -0.009339887648820877, 0.013216533698141575, -0.007709089200943708, 0.005788804963231087, -0.007451107259839773, 0.004602966830134392, -0.006111047696322203, 0.002111135283485055], [-0.0006467559142038226, 0.005578099749982357, -0.0027441978454589844, 0.004388772416859865, -0.0036683727521449327, 0.007325876969844103, -0.007709089200943708, 0.019961873069405556, -0.011532736010849476, 0.012571594677865505, -0.006771898828446865, 0.006365287117660046, -0.006208686623722315], [0.0007870506378822029, -0.0050091613084077835, 0.00025796887348406017, -0.005549341440200806, 0.0013334703398868442, -0.005271583795547485, 0.005788804963231087, -0.011532736010849476, 0.018988000229001045, -0.016044391319155693, 0.010586424730718136, -0.010472159832715988, 0.005987006705254316], [-0.0010789597872644663, 0.007437940686941147, -0.001644003321416676, 0.007905339822173119, -0.005110525526106358, 0.010388084687292576, -0.007451107259839773, 0.012571594677865505, -0.016044391319155693, 0.03254678100347519, -0.02296902984380722, 0.017357749864459038, -0.010327154770493507], [0.0011412018211558461, -0.007139378227293491, 0.00255067297257483, -0.00785034243017435, 0.006743960082530975, -0.009890440851449966, 0.004602966830134392, -0.006771898828446865, 0.010586424730718136, -0.02296902984380722, 0.02985631860792637, -0.019188979640603065, 0.005624802783131599], [-0.0010539006907492876, 0.006910482421517372, -0.0030465302988886833, 0.008132945746183395, -0.005356104113161564, 0.009829032234847546, -0.006111047696322203, 0.006365287117660046, -0.010472159832715988, 0.017357749864459038, -0.019188979640603065, 0.03540409356355667, -0.013186080381274223], [0.0005230824463069439, -0.004262185655534267, 0.0012520559830591083, -0.003973769955337048, 0.004230787046253681, -0.004779828246682882, 0.002111135283485055, -0.006208686623722315, 0.005987006705254316, -0.010327154770493507, 0.005624802783131599, -0.013186080381274223, 0.019912322983145714]], "lowlevel.mfcc.cov": [[2362.22607421875, -457.0681457519531, -251.46640014648438, 35.901939392089844, -73.66812896728516, 25.46201515197754, 48.38725280761719, -38.662696838378906, -30.684946060180664, -41.085533142089844, -22.46698760986328, -31.720582962036133, 12.609664916992188], [-457.0681457519531, 1053.811767578125, -138.3938446044922, -256.92138671875, -81.22836303710938, -50.99528503417969, -8.300821304321289, -79.1815185546875, -14.487994194030762, -29.711782455444336, -46.39778137207031, 18.399497985839844, 31.476430892944336], [-251.46640014648438, -138.3938446044922, 344.23583984375, 73.71519470214844, 40.85735321044922, -4.5582380294799805, -18.705036163330078, 39.22654342651367, 19.72140121459961, 6.199981212615967, 28.11289405822754, 6.639252185821533, -3.847407817840576], [35.901939392089844, -256.92138671875, 73.71519470214844, 340.4483642578125, 81.4520492553711, -57.07188415527344, -80.04080200195312, 4.141256332397461, 9.987730979919434, 21.42982292175293, 33.074649810791016, -2.5863678455352783, -19.227548599243164], [-73.66812896728516, -81.22836303710938, 40.85735321044922, 81.4520492553711, 236.935791015625, 3.477497100830078, -77.63907623291016, 47.30169677734375, 23.061410903930664, 23.6313419342041, 43.81560134887695, -29.984642028808594, -25.176240921020508], [25.46201515197754, -50.99528503417969, -4.5582380294799805, -57.07188415527344, 3.477497100830078, 147.25112915039062, 65.22441864013672, 9.297662734985352, -7.278585433959961, 23.361692428588867, 5.508216381072998, 8.656698226928711, 11.168272018432617], [48.38725280761719, -8.300821304321289, -18.705036163330078, -80.04080200195312, -77.63907623291016, 65.22441864013672, 168.3697967529297, 14.550604820251465, -4.939586639404297, -15.699075698852539, -17.32976531982422, 25.90407371520996, 13.605245590209961], [-38.662696838378906, -79.1815185546875, 39.22654342651367, 4.141256332397461, 47.30169677734375, 9.297662734985352, 14.550604820251465, 152.07244873046875, 50.24418640136719, 8.310978889465332, 19.991113662719727, -13.920328140258789, -17.12488555908203], [-30.684946060180664, -14.487994194030762, 19.72140121459961, 9.987730979919434, 23.061410903930664, -7.278585433959961, -4.939586639404297, 50.24418640136719, 91.8247299194336, 27.95071792602539, 6.831686496734619, -4.686839580535889, -5.633893013000488], [-41.085533142089844, -29.711782455444336, 6.199981212615967, 21.42982292175293, 23.6313419342041, 23.361692428588867, -15.699075698852539, 8.310978889465332, 27.95071792602539, 82.89204406738281, 26.676876068115234, -5.715171813964844, 1.2806684970855713], [-22.46698760986328, -46.39778137207031, 28.11289405822754, 33.074649810791016, 43.81560134887695, 5.508216381072998, -17.32976531982422, 19.991113662719727, 6.831686496734619, 26.676876068115234, 80.26421356201172, 19.369552612304688, -6.273752212524414], [-31.720582962036133, 18.399497985839844, 6.639252185821533, -2.5863678455352783, -29.984642028808594, 8.656698226928711, 25.90407371520996, -13.920328140258789, -4.686839580535889, -5.715171813964844, 19.369552612304688, 82.01021575927734, 29.70013999938965], [12.609664916992188, 31.476430892944336, -3.847407817840576, -19.227548599243164, -25.176240921020508, 11.168272018432617, 13.605245590209961, -17.12488555908203, -5.633893013000488, 1.2806684970855713, -6.273752212524414, 29.70013999938965, 71.03551483154297]], "lowlevel.mfcc.icov": [[0.0005649013328365982, 0.0003461271116975695, 0.0005104636074975133, 1.846580380515661e-05, 0.00018567054939921945, -3.140955959679559e-05, -2.268530079163611e-05, 0.0001941859081853181, -0.0001426583039574325, 0.00045106999459676445, -0.0002397663047304377, 0.0004029506235383451, -0.0003081984759774059], [0.0003461271116975695, 0.0015757079236209393, 0.0005872749025002122, 0.001178575912490487, 3.928699516109191e-05, 0.0007449349504895508, 0.0003651482693385333, 0.0006341068656183779, -0.0002752691216301173, 0.00021105111227370799, 0.00014024440315552056, -0.00020733413111884147, -0.00035565972211770713], [0.0005104636074975133, 0.0005872749025002122, 0.0037144795060157776, -0.0003720413660630584, 7.329743675654754e-05, -8.06179887149483e-05, 0.0002188098442275077, -0.0003621587238740176, -0.0005236516008153558, 0.0008226516074500978, -0.0008462575497105718, 6.620611384278163e-05, -0.0004997059586457908], [1.846580380515661e-05, 0.001178575912490487, -0.0003720413660630584, 0.00479575851932168, -0.000968598760664463, 0.0019659828394651413, 0.0010574981570243835, 0.0006348372553475201, 0.00015686069673392922, -0.00104309874586761, -5.139178756508045e-05, -0.0011117513058707118, 0.000542082532774657], [0.00018567054939921945, 3.928699516109191e-05, 7.329743675654754e-05, -0.000968598760664463, 0.006650836206972599, -0.0019683868158608675, 0.002871409524232149, -0.0013591006863862276, -0.0007376165012829006, 0.0010002994677051902, -0.002853921614587307, 0.002136223018169403, 0.00025872423429973423], [-3.140955959679559e-05, 0.0007449349504895508, -8.06179887149483e-05, 0.0019659828394651413, -0.0019683868158608675, 0.010602527298033237, -0.00418307026848197, 6.0579018281714525e-06, 0.0022421579342335463, -0.004398290999233723, 0.00043949298560619354, -0.0006181970820762217, -0.0008042649715207517], [-2.268530079163611e-05, 0.0003651482693385333, 0.0002188098442275077, 0.0010574981570243835, 0.002871409524232149, -0.00418307026848197, 0.010205451399087906, -0.0018035597167909145, -0.0003859288990497589, 0.001909561106003821, 0.0010862087365239859, -0.0024302424862980843, 0.0004732325905933976], [0.0001941859081853181, 0.0006341068656183779, -0.0003621587238740176, 0.0006348372553475201, -0.0013591006863862276, 6.0579018281714525e-06, -0.0018035597167909145, 0.00980220828205347, -0.005210169591009617, 0.0018992022378370166, -0.0024016897659748793, 0.001899452181532979, 0.0006088846712373197], [-0.0001426583039574325, -0.0002752691216301173, -0.0005236516008153558, 0.00015686069673392922, -0.0007376165012829006, 0.0022421579342335463, -0.0003859288990497589, -0.005210169591009617, 0.015809372067451477, -0.0064361486583948135, 0.0026145498268306255, -0.0016087875701487064, 0.0006387721514329314], [0.00045106999459676445, 0.00021105111227370799, 0.0008226516074500978, -0.00104309874586761, 0.0010002994677051902, -0.004398290999233723, 0.001909561106003821, 0.0018992022378370166, -0.0064361486583948135, 0.0182795487344265, -0.006556537933647633, 0.0038678019773215055, -0.0023094424977898598], [-0.0002397663047304377, 0.00014024440315552056, -0.0008462575497105718, -5.139178756508045e-05, -0.002853921614587307, 0.00043949298560619354, 0.0010862087365239859, -0.0024016897659748793, 0.0026145498268306255, -0.006556537933647633, 0.019308488816022873, -0.008008846081793308, 0.0034324536100029945], [0.0004029506235383451, -0.00020733413111884147, 6.620611384278163e-05, -0.0011117513058707118, 0.002136223018169403, -0.0006181970820762217, -0.0024302424862980843, 0.001899452181532979, -0.0016087875701487064, 0.0038678019773215055, -0.008008846081793308, 0.019026070833206177, -0.007358824368566275], [-0.0003081984759774059, -0.00035565972211770713, -0.0004997059586457908, 0.000542082532774657, 0.00025872423429973423, -0.0008042649715207517, 0.0004732325905933976, 0.0006088846712373197, 0.0006387721514329314, -0.0023094424977898598, 0.0034324536100029945, -0.007358824368566275, 0.018155917525291443]], "metadata.audio_properties.analysis.downmix": "mix", "metadata.audio_properties.codec": "mp3", "metadata.audio_properties.md5_encoded": "428e07a67d8708919cad38262aea9687", "metadata.tags.file_name": "1182282951296286730.mp3", "metadata.version.essentia": "2.1-beta6-dev", "metadata.version.essentia_git_sha": "v2.1_beta5-1110-g77a6a954", "metadata.version.extractor": "music 2.0", "tonal.chords_key": "F#", "tonal.chords_scale": "minor", "tonal.key_edma.key": "A", "tonal.key_edma.scale": "major", "tonal.key_krumhansl.key": "A", "tonal.key_krumhansl.scale": "major", "tonal.key_temperley.key": "A", "tonal.key_temperley.scale": "major", "metadata.tags.encoding": ["Lavf58.45.100"]}, "essentia_models": [{"model_name": "genre_dortmund", "activations": {"alternative": "0.030642398", "blues": "0.0018006157", "electronic": "0.52101296", "folkcountry": "0.004943445", "funksoulrnb": "0.036381245", "jazz": "0.005335117", "pop": "0.44968864", "raphiphop": "0.015061391", "rock": "0.024367666"}}, {"model_name": "genre_rosamerica", "activations": {"classic": "0.0094509395", "dance": "0.66476536", "hip hop": "0.091666244", "jazz": "0.010732252", "pop": "0.20060742", "rhythm and blues": "0.01453133", "rock": "0.032459956", "speech": "0.0126336245"}}, {"model_name": "genre_tzanetakis", "activations": {"blues"