{"song_id": "1182280146498109481", "download": "https://cdn.discordapp.com/attachments/1128313332273782784/1182280146498109481/chirp.mp4?ex=65841f30&amp", "lyrics": "[Chorus]\nNari vindzan\u00e9 (ri vindzan\u00e9), rissi soukouman\u00e9 (ch\u00e9riy\u00e9)\nMch\u00e9wangou (waw\u00e9 wangou) nari vindzan\u00e9 (za kw\u00e9li)\nRi vindzan\u00e9, ri paran\u00e9 (mch\u00e9wangou ri vindzan\u00e9 eh-eh-eh)\nZa kw\u00e9li ri paran\u00e9 (ri paran\u00e9), wami na waw\u00e9 (ri vindzan\u00e9)", "style": ["Hard Rock"], "essentia_features": {"lowlevel.average_loudness": 0.9162585735321045, "lowlevel.barkbands_crest.mean": 9.748727798461914, "lowlevel.barkbands_crest.stdev": 3.880133867263794, "lowlevel.barkbands_flatness_db.mean": 0.17324185371398926, "lowlevel.barkbands_flatness_db.stdev": 0.04761575162410736, "lowlevel.barkbands_kurtosis.mean": 1.9606202840805054, "lowlevel.barkbands_kurtosis.stdev": 3.7412333488464355, "lowlevel.barkbands_skewness.mean": 1.0976368188858032, "lowlevel.barkbands_skewness.stdev": 0.8878231644630432, "lowlevel.barkbands_spread.mean": 16.35312271118164, "lowlevel.barkbands_spread.stdev": 9.4549560546875, "lowlevel.dissonance.mean": 0.4514746367931366, "lowlevel.dissonance.stdev": 0.03500533103942871, "lowlevel.dynamic_complexity": 3.9465081691741943, "lowlevel.erbbands_crest.mean": 9.561209678649902, "lowlevel.erbbands_crest.stdev": 3.7422094345092773, "lowlevel.erbbands_flatness_db.mean": 0.22376397252082825, "lowlevel.erbbands_flatness_db.stdev": 0.041636787354946136, "lowlevel.erbbands_kurtosis.mean": 0.4122697710990906, "lowlevel.erbbands_kurtosis.stdev": 1.6679059267044067, "lowlevel.erbbands_skewness.mean": 0.31969285011291504, "lowlevel.erbbands_skewness.stdev": 0.7178502678871155, "lowlevel.erbbands_spread.mean": 26.272993087768555, "lowlevel.erbbands_spread.stdev": 12.040664672851562, "lowlevel.hfc.mean": 18.242815017700195, "lowlevel.hfc.stdev": 16.684589385986328, "lowlevel.loudness_ebu128.integrated": -14.89300537109375, "lowlevel.loudness_ebu128.loudness_range": 6.956560134887695, "lowlevel.loudness_ebu128.momentary.mean": -16.432071685791016, "lowlevel.loudness_ebu128.momentary.stdev": 4.560662269592285, "lowlevel.loudness_ebu128.short_term.mean": -15.675893783569336, "lowlevel.loudness_ebu128.short_term.stdev": 2.5494089126586914, "lowlevel.melbands_crest.mean": 12.702239990234375, "lowlevel.melbands_crest.stdev": 4.691440582275391, "lowlevel.melbands_flatness_db.mean": 0.1959494799375534, "lowlevel.melbands_flatness_db.stdev": 0.05593983083963394, "lowlevel.melbands_kurtosis.mean": 4.615251541137695, "lowlevel.melbands_kurtosis.stdev": 5.7820725440979, "lowlevel.melbands_skewness.mean": 1.6287940740585327, "lowlevel.melbands_skewness.stdev": 0.9330260753631592, "lowlevel.melbands_spread.mean": 23.135446548461914, "lowlevel.melbands_spread.stdev": 13.850202560424805, "lowlevel.pitch_salience.mean": 0.5695213675498962, "lowlevel.pitch_salience.stdev": 0.09980197250843048, "lowlevel.silence_rate_20dB.mean": 1.0, "lowlevel.silence_rate_20dB.stdev": 0.0, "lowlevel.silence_rate_30dB.mean": 1.0, "lowlevel.silence_rate_30dB.stdev": 0.0, "lowlevel.silence_rate_60dB.mean": 0.11066048592329025, "lowlevel.silence_rate_60dB.stdev": 0.31371843814849854, "lowlevel.spectral_centroid.mean": 1348.5980224609375, "lowlevel.spectral_centroid.stdev": 654.59130859375, "lowlevel.spectral_complexity.mean": 18.08053207397461, "lowlevel.spectral_complexity.stdev": 11.30540657043457, "lowlevel.spectral_decrease.mean": -3.894415900873582e-09, "lowlevel.spectral_decrease.stdev": 2.8873925472794326e-09, "lowlevel.spectral_energy.mean": 0.016353091225028038, "lowlevel.spectral_energy.stdev": 0.012260536663234234, "lowlevel.spectral_energyband_high.mean": 0.00026311614783480763, "lowlevel.spectral_energyband_high.stdev": 0.0003988802491221577, "lowlevel.spectral_energyband_low.mean": 0.00018967935466207564, "lowlevel.spectral_energyband_low.stdev": 0.0004465860256459564, "lowlevel.spectral_energyband_middle_high.mean": 0.006393734365701675, "lowlevel.spectral_energyband_middle_high.stdev": 0.006972280330955982, "lowlevel.spectral_energyband_middle_low.mean": 0.009828170761466026, "lowlevel.spectral_energyband_middle_low.stdev": 0.00766871077939868, "lowlevel.spectral_entropy.mean": 7.322026252746582, "lowlevel.spectral_entropy.stdev": 0.41546162962913513, "lowlevel.spectral_flux.mean": 0.05592212826013565, "lowlevel.spectral_flux.stdev": 0.03343439847230911, "lowlevel.spectral_kurtosis.mean": 7.219400882720947, "lowlevel.spectral_kurtosis.stdev": 3.9143729209899902, "lowlevel.spectral_rms.mean": 0.0036611107643693686, "lowlevel.spectral_rms.stdev": 0.0015970309032127261, "lowlevel.spectral_rolloff.mean": 1742.02978515625, "lowlevel.spectral_rolloff.stdev": 1225.262939453125, "lowlevel.spectral_skewness.mean": 1.838461995124817, "lowlevel.spectral_skewness.stdev": 0.49118825793266296, "lowlevel.spectral_spread.mean": 3464516.0, "lowlevel.spectral_spread.stdev": 1578554.5, "lowlevel.spectral_strongpeak.mean": 1.3298633098602295, "lowlevel.spectral_strongpeak.stdev": 1.2489570379257202, "lowlevel.zerocrossingrate.mean": 0.06145384535193443, "lowlevel.zerocrossingrate.stdev": 0.03747795894742012, "metadata.audio_properties.analysis.equal_loudness": 0.0, "metadata.audio_properties.analysis.length": 40.04265213012695, "metadata.audio_properties.analysis.sample_rate": 44100.0, "metadata.audio_properties.analysis.start_time": 0.0, "metadata.audio_properties.bit_rate": 120987.0, "metadata.audio_properties.length": 40.042667388916016, "metadata.audio_properties.lossless": 0.0, "metadata.audio_properties.number_channels": 1.0, "metadata.audio_properties.replay_gain": -13.344118118286133, "metadata.audio_properties.sample_rate": 48000.0, "rhythm.beats_count": 97.0, "rhythm.beats_loudness.mean": 0.019612520933151245, "rhythm.beats_loudness.stdev": 0.011779546737670898, "rhythm.bpm": 146.99676513671875, "rhythm.bpm_histogram_first_peak_bpm": 148.0, "rhythm.bpm_histogram_first_peak_weight": 0.36666667461395264, "rhythm.bpm_histogram_second_peak_bpm": 140.0, "rhythm.bpm_histogram_second_peak_spread": 0.25, "rhythm.bpm_histogram_second_peak_weight": 0.03125, "rhythm.danceability": 1.1477389335632324, "rhythm.onset_rate": 3.3454484939575195, "tonal.chords_changes_rate": 0.0486111119389534, "tonal.chords_number_rate": 0.008101851679384708, "tonal.chords_strength.mean": 0.5295031666755676, "tonal.chords_strength.stdev": 0.09223249554634094, "tonal.hpcp_crest.mean": 19.176626205444336, "tonal.hpcp_crest.stdev": 8.628911972045898, "tonal.hpcp_entropy.mean": 1.38230562210083, "tonal.hpcp_entropy.stdev": 0.727200448513031, "tonal.key_edma.strength": 0.7548341751098633, "tonal.key_krumhansl.strength": 0.756400465965271, "tonal.key_temperley.strength": 0.7358326315879822, "tonal.tuning_diatonic_strength": 0.5629911422729492, "tonal.tuning_equal_tempered_deviation": 0.00818527489900589, "tonal.tuning_frequency": 441.2725830078125, "tonal.tuning_nontempered_energy_ratio": 0.617684006690979, "lowlevel.barkbands.mean": [3.7949823763483437e-06, 5.911974767514039e-06, 0.00010196382208960131, 0.00023715004499536008, 0.0024860103148967028, 0.0017863127868622541, 0.0006416103569790721, 0.0021585181821137667, 0.0019567892886698246, 0.0012316106585785747, 0.00024162711633834988, 0.0007376009598374367, 0.0004515496548265219, 0.0006021808949299157, 0.0012027290649712086, 0.0005655699060298502, 0.0004905009991489351, 0.000520112575031817, 0.0005215214332565665, 0.00020706187933683395, 5.5827174946898594e-05, 3.1880867027211934e-05, 2.8572811061167158e-05, 3.574587753973901e-05, 3.1545438105240464e-05, 1.7635689800954424e-05, 1.7783771681934013e-06], "lowlevel.barkbands.stdev": [4.163109406363219e-05, 4.736970004159957e-05, 0.00028429494705051184, 0.0010392718249931931, 0.0029902749229222536, 0.0024435182567685843, 0.0009369098697789013, 0.0038010445423424244, 0.0036380134988576174, 0.0027148297522217035, 0.00046855720574967563, 0.0016016014851629734, 0.0010895185405388474, 0.001120199915021658, 0.0021431054919958115, 0.0010003014467656612, 0.0007108516874723136, 0.0007533177267760038, 0.0007244023727253079, 0.0002939427795354277, 7.53027998143807e-05, 4.8501922719879076e-05, 5.194084224058315e-05, 8.296580926980823e-05, 9.380032133776695e-05, 7.020827615633607e-05, 1.402141060680151e-05], "lowlevel.erbbands.mean": [0.00019937421893700957, 0.0029490748420357704, 0.07951267808675766, 0.47512346506118774, 1.9392977952957153, 9.832818031311035, 16.483457565307617, 14.539300918579102, 9.10737133026123, 19.189132690429688, 52.44709777832031, 37.499813079833984, 58.13700866699219, 23.891151428222656, 16.1297664642334, 29.308835983276367, 18.8739070892334, 31.6147518157959, 44.37361526489258, 59.95583724975586, 32.60647964477539, 28.706653594970703, 28.584728240966797, 25.863113403320312, 24.480445861816406, 10.040404319763184, 3.0698728561401367, 1.8088165521621704, 1.2338095903396606, 0.8385276198387146, 0.8214074969291687, 0.7721872925758362, 0.5760757327079773, 0.37494438886642456, 0.2091481238603592, 0.09474211186170578, 0.027450822293758392, 0.005529221147298813, 0.00020899229275528342, 2.492912062734831e-05], "lowlevel.erbbands.stdev": [0.0027671349234879017, 0.008554801344871521, 0.2149593085050583, 1.4930627346038818, 5.73142671585083, 13.329119682312012, 20.863496780395508, 24.362070083618164, 12.413238525390625, 27.075626373291016, 92.49382019042969, 67.02818298339844, 120.89984130859375, 43.29219055175781, 28.028892517089844, 68.30613708496094, 41.56622314453125, 64.66712188720703, 74.67115783691406, 121.03884887695312, 52.51515579223633, 40.8329963684082, 40.6408576965332, 36.88227844238281, 35.13008117675781, 13.366829872131348, 3.8608481884002686, 2.485295057296753, 1.8806252479553223, 1.4830092191696167, 1.4718118906021118, 1.5867645740509033, 1.4624630212783813, 1.0450668334960938, 0.686103105545044, 0.35618239641189575, 0.11838244646787643, 0.03223158419132233, 0.0014925252180546522, 3.127424861304462e-05], "lowlevel.gfcc.mean": [-58.982086181640625, 77.22447204589844, -171.36477661132812, -8.365411758422852, -85.55352783203125, -16.079782485961914, -61.37082290649414, 0.8484026789665222, -35.76142883300781, -8.28387451171875, -18.487464904785156, -8.431336402893066, -6.2197465896606445], "lowlevel.melbands.mean": [1.6875623032319709e-06, 3.1458599551115185e-05, 0.00011915586946997792, 0.00038007996045053005, 0.0005893589113838971, 0.00031395122641697526, 0.00014569491031579673, 0.0002656880533322692, 0.00039549058419652283, 0.0002554622187744826, 0.00029148877365514636, 9.867471817415208e-05, 4.299027568777092e-05, 9.073696855921298e-05, 4.123607141082175e-05, 5.4220628953771666e-05, 5.5347103625535965e-05, 6.571850826730952e-05, 8.553252700949088e-05, 5.625250196317211e-05, 3.560268669389188e-05, 2.9413091397145763e-05, 2.7329922886565328e-05, 2.4257706172647886e-05, 2.0443319954210892e-05, 1.884525227069389e-05, 1.3623820450447965e-05, 5.0488902161305305e-06, 1.9220251488150097e-06, 1.3056086345386575e-06, 9.608083928469568e-07, 7.554401122433774e-07, 4.931818580189429e-07, 4.4908182417202624e-07, 4.5862202568969224e-07, 4.975221372660599e-07, 4.700892191067396e-07, 4.276745357856271e-07, 3.29429440171225e-07, 3.152418628360465e-07], "lowlevel.melbands.stdev": [1.8984797861776315e-05, 7.993365579750389e-05, 0.0004137212235946208, 0.0005114440573379397, 0.0007078651105985045, 0.0005032327608205378, 0.00018822515266947448, 0.00039463306893594563, 0.0006933700642548501, 0.0004613062192220241, 0.0006042291643097997, 0.0001901250216178596, 7.724110037088394e-05, 0.00020149993360973895, 8.889982564141974e-05, 0.0001266107428818941, 0.00011290379916317761, 0.00011938454554183409, 0.0001622472918825224, 0.0001121440072893165, 6.0111335187684745e-05, 4.454920781427063e-05, 3.8397534808609635e-05, 3.73724615201354e-05, 3.058606671402231e-05, 2.7854228392243385e-05, 2.0564750229823403e-05, 6.906277121743187e-06, 2.6397890451335115e-06, 1.7571819626027718e-06, 1.4234847185434774e-06, 1.1943507161049638e-06, 8.261674793175189e-07, 8.560119795220089e-07, 8.701831575308461e-07, 9.07015930806665e-07, 1.0663803777788416e-06, 1.0994266403940856e-06, 8.584433430769423e-07, 9.362108812638326e-07], "lowlevel.melbands128.mean": [1.622528316147509e-06, 1.5134294244489865e-06, 1.3986913245389587e-06, 2.577759005362168e-06, 2.195601882704068e-05, 5.9586280258372426e-05, 7.799533341312781e-05, 0.00014077022206038237, 0.00017406609549652785, 0.00025354945682920516, 0.0006104385829530656, 0.0007728413329459727, 0.0006636962061747909, 0.0002581959997769445, 0.00029860372887924314, 0.0004215283552184701, 0.00012667298142332584, 0.00010426985681988299, 0.00012137277371948585, 0.00019590383453760296, 0.00028600424411706626, 0.00063806475372985, 0.000404280232032761, 0.00017027232388500124, 0.00019828158838208765, 0.00023115605290513486, 0.0005377043271437287, 0.00026408303529024124, 0.00014185730833560228, 0.00014922484115231782, 6.232540908968076e-05, 3.622147414716892e-05, 4.8531506763538346e-05, 2.5862540496746078e-05, 9.651446453062817e-05, 0.00011729603284038603, 8.064244320848957e-05, 2.093693910865113e-05, 3.47269706253428e-05, 3.225346154067665e-05, 4.305462061893195e-05, 0.00011723399074980989, 4.3148203985765576e-05, 3.215794640709646e-05, 5.7526387536199763e-05, 7.45668585295789e-05, 7.504160021198913e-05, 6.567675882251933e-05, 0.00011329085828037933, 9.17058132472448e-05, 4.06802209909074e-05, 2.185578523494769e-05, 4.934488970320672e-05, 3.243476021452807e-05, 2.8332027795840986e-05, 3.212345836800523e-05, 2.6591804271447472e-05, 2.5953810109058395e-05, 3.206842302461155e-05, 2.2413809347199276e-05, 2.6301282559870742e-05, 2.1591260519926436e-05, 2.0592846340150572e-05, 2.1471321815624833e-05, 1.8460305000189692e-05, 1.6049923942773603e-05, 2.210039565397892e-05, 1.8315247871214524e-05, 1.0928047231573146e-05, 8.914123100112192e-06, 5.085163138573989e-06, 3.1412662337970687e-06, 2.0010641037515597e-06, 1.9834164959320333e-06, 1.3446947377815377e-06, 1.5862958662182791e-06, 1.0807433454829152e-06, 9.340692486148328e-07, 1.0603504279060871e-06, 8.374570938940451e-07, 8.739385179978854e-07, 6.727685786245274e-07, 5.579056505666813e-07, 4.6726847813260974e-07, 4.427149349339743e-07, 4.6802642827969976e-07, 4.362908896382578e-07, 4.5027110218143207e-07, 4.732111733574129e-07, 4.3335754185136466e-07, 5.106212483951822e-07, 5.482082201524463e-07, 4.297449720525037e-07, 4.681840550802008e-07, 4.891001026408048e-07, 4.595196685386327e-07, 4.30203073165103e-07, 3.6104643186263274e-07, 3.19971320550394e-07, 3.16368982566928e-07, 3.1658774446441384e-07, 2.9629620712512406e-07, 3.5098395301247365e-07, 2.7828502879856387e-07, 2.3818485317406157e-07, 1.7453642442433193e-07, 1.959963640274509e-07, 1.9628177483355103e-07, 1.583229192192448e-07, 1.5839290767871717e-07, 1.1274907052438721e-07, 9.177733772958163e-08, 7.507048849220155e-08, 7.65074190667292e-08, 7.040954841386338e-08, 4.653958285416593e-08, 3.994665931372765e-08, 3.2806088512415954e-08, 6.97753987921601e-09, 4.465212921633821e-11, 3.066896736569902e-11, 1.1645085937206368e-11, 2.9406737461767918e-12, 2.7578037509884412e-12, 2.499032447991767e-12, 2.229675428663813e-12, 2.1099467659158044e-12, 2.086131614675857e-12], "lowlevel.melbands128.stdev": [2.194360422436148e-05, 2.9209551939857192e-05, 1.6724610759411007e-05, 9.246017725672573e-06, 7.31328473193571e-05, 0.00016015493019949645, 0.00022534411982633173, 0.0006879101856611669, 0.0007145219133235514, 0.00045099269482307136, 0.0009666316909715533, 0.0011102139251306653, 0.0009776483057066798, 0.0004980452358722687, 0.0005920903058722615, 0.0008400832884944975, 0.00022633164189755917, 0.000260602158959955, 0.00020278834563214332, 0.0004084463289473206, 0.0006578637403436005, 0.0012001993600279093, 0.0009595743031241, 0.0005554486997425556, 0.0006724415579810739, 0.0005401995731517673, 0.0012482746969908476, 0.000947394932154566, 0.0003203622763976455, 0.0003614331653807312, 0.00016004427743609995, 7.182283297879621e-05, 0.00011219916632398963, 9.034131653606892e-05, 0.00024660537019371986, 0.0003192827571183443, 0.00024651369312778115, 4.2324685637140647e-05, 0.0001552379399072379, 0.00010808759543579072, 0.00012845604214817286, 0.0003542291233316064, 0.00010184686107095331, 9.227434202330187e-05, 0.0001587591104907915, 0.00016626398428343236, 0.00018481689039617777, 0.00019302306463941932, 0.00030830627656541765, 0.0002471385523676872, 0.00011971718777203932, 4.733986861538142e-05, 0.00010297354310750961, 6.210435094544664e-05, 5.7047291193157434e-05, 6.033593672327697e-05, 4.836470543523319e-05, 4.213878128211945e-05, 5.606701961369254e-05, 4.440792326931842e-05, 5.1575898396549746e-05, 3.6489345802692696e-05, 3.833736991509795e-05, 3.556934461812489e-05, 3.359518086654134e-05, 3.328098318888806e-05, 3.855620525428094e-05, 3.626082616392523e-05, 1.9156899725203402e-05, 1.4857881069474388e-05, 8.192218047042843e-06, 4.930669547320576e-06, 3.0784253794990946e-06, 3.3351400361425476e-06, 1.8765904314932413e-06, 2.2807053028373048e-06, 1.757375912347925e-06, 1.4898047311362461e-06, 1.8063524294120725e-06, 1.4004631339048501e-06, 1.5724225477242726e-06, 1.202837211167207e-06, 9.271483918382728e-07, 9.338435233985365e-07, 7.919004474388203e-07, 9.535910407976189e-07, 9.160360718851734e-07, 1.053217260960082e-06, 1.0422883178762277e-06, 7.653578677491168e-07, 1.0539741879256326e-06, 1.0318441354684182e-06, 9.679557706476771e-07, 1.214668827742571e-06, 1.218592160512344e-06, 1.1600762945818133e-06, 1.231525629918906e-06, 1.0493508852960076e-06, 8.600223964094766e-07, 9.394632343173726e-07, 9.452169820178824e-07, 9.300291026193008e-07, 1.3678277355211321e-06, 9.503374940322828e-07, 8.462064897685195e-07, 6.109009405008692e-07, 7.559783625765704e-07, 8.668685609336535e-07, 6.293273600022076e-07, 6.949035196157638e-07, 4.726386748643563e-07, 4.160361015692615e-07, 3.409758164707455e-07, 4.526396537585242e-07, 3.964898667163652e-07, 2.7394230528443586e-07, 2.5134102088486543e-07, 3.51489802596916e-07, 8.011511454242282e-08, 1.6277027503619479e-09, 1.134690674753358e-09, 3.55445978206248e-10, 2.6430154939638406e-11, 2.0875960682342765e-11, 1.2685377921706209e-11, 5.216742402641694e-12, 3.680617442769485e-12, 3.6399503203221606e-12], "lowlevel.mfcc.mean": [-686.63330078125, 115.8395767211914, -42.96875762939453, -6.571465969085693, -18.629364013671875, -29.26613426208496, -19.966829299926758, -15.378568649291992, -17.222736358642578, -7.147115707397461, -13.347976684570312, -14.31302547454834, -13.118271827697754], "lowlevel.spectral_contrast_coeffs.mean": [-0.529809832572937, -0.6873007416725159, -0.7305790781974792, -0.7602689266204834, -0.7762439250946045, -0.7759600281715393], "lowlevel.spectral_contrast_coeffs.stdev": [0.09897328913211823, 0.07587916404008865, 0.0771208107471466, 0.06052713468670845, 0.05189543962478638, 0.03452946990728378], "lowlevel.spectral_contrast_valleys.mean": [-9.071558952331543, -7.200749397277832, -7.5235090255737305, -7.793133735656738, -7.829634189605713, -10.976716041564941], "lowlevel.spectral_contrast_valleys.stdev": [1.115916132926941, 0.9207503199577332, 0.9272468090057373, 1.0745954513549805, 1.2300524711608887, 1.234877586364746], "rhythm.beats_loudness_band_ratio.mean": [0.07817097753286362, 0.30717748403549194, 0.2789965867996216, 0.18327012658119202, 0.14841236174106598, 0.046006444841623306], "rhythm.beats_loudness_band_ratio.stdev": [0.1586521416902542, 0.21429137885570526, 0.1414840966463089, 0.16173595190048218, 0.1305859237909317, 0.04204468056559563], "tonal.hpcp.mean": [0.1935725063085556, 0.10823798924684525, 0.04335690289735794, 0.04263598099350929, 0.048517148941755295, 0.21544989943504333, 0.3284287750720978, 0.16505898535251617, 0.0435701347887516, 0.035018354654312134, 0.03198898211121559, 0.16222159564495087, 0.2918259799480438, 0.18340365588665009, 0.21683500707149506, 0.31018733978271484, 0.1445891261100769, 0.03852687031030655, 0.03570239245891571, 0.032820288091897964, 0.0938592478632927, 0.14687921106815338, 0.08986732363700867, 0.045054275542497635, 0.043270375579595566, 0.046367134898900986, 0.241697758436203, 0.37925955653190613, 0.19752532243728638, 0.0807160958647728, 0.0904933288693428, 0.059941742569208145, 0.06478706002235413, 0.08379244059324265, 0.06025400385260582, 0.12456925958395004], "tonal.hpcp.stdev": [0.2777872085571289, 0.17843250930309296, 0.1156114861369133, 0.11008504033088684, 0.11419959366321564, 0.2409387230873108, 0.38052675127983093, 0.20000582933425903, 0.10694902390241623, 0.10215093940496445, 0.09861375391483307, 0.23538173735141754, 0.38087499141693115, 0.23822078108787537, 0.27591395378112793, 0.37700650095939636, 0.19300277531147003, 0.07716384530067444, 0.06467869132757187, 0.07169154286384583, 0.17612873017787933, 0.26502060890197754, 0.16210506856441498, 0.1018211618065834, 0.09647902101278305, 0.11525638401508331, 0.26313236355781555, 0.3718707859516144, 0.22680163383483887, 0.18410493433475494, 0.22520624101161957, 0.12691204249858856, 0.10303986817598343, 0.14651770889759064, 0.1043848916888237, 0.1690579056739807], "rhythm.beats_position": [0.4411791265010834, 0.8823582530021667, 1.3119274377822876, 1.729886531829834, 2.1362357139587402, 2.554194927215576, 2.972154140472412, 3.3785033226013184, 3.7848525047302246, 4.2028117179870605, 4.609160900115967, 5.015510082244873, 5.421859264373779, 5.8282084465026855, 6.2461676597595215, 6.652516841888428, 7.058866024017334, 7.4536051750183105, 7.836734771728516, 8.219863891601562, 8.614603042602539, 9.009342193603516, 9.415691375732422, 9.822040557861328, 10.239999771118164, 10.64634895324707, 11.064308166503906, 11.470657348632812, 11.877006530761719, 12.283355712890625, 12.701314926147461, 13.107664108276367, 13.525623321533203, 13.93197250366211, 14.349931716918945, 14.756280899047852, 15.162630081176758, 15.568979263305664, 15.97532844543457, 16.393287658691406, 16.799636840820312, 17.21759605407715, 17.623945236206055, 18.03029441833496, 18.436643600463867, 18.842992782592773, 19.24934196472168, 19.655691146850586, 20.062040328979492, 20.479999542236328, 20.897958755493164, 21.30430793762207, 21.710657119750977, 22.117006301879883, 22.52335548400879, 22.929704666137695, 23.3360538482666, 23.754013061523438, 24.160362243652344, 24.56671142578125, 24.973060607910156, 25.379409790039062, 25.78575897216797, 26.192108154296875, 26.61006736755371, 27.028026580810547, 27.422765731811523, 27.82911491394043, 28.247074127197266, 28.67664337158203, 29.094602584838867, 29.512561798095703, 29.91891098022461, 30.313650131225586, 30.708389282226562, 31.11473846435547, 31.532697677612305, 31.93904685974121, 32.34539794921875, 32.740135192871094, 33.146484375, 33.552833557128906, 33.970794677734375, 34.37714385986328, 34.78349304199219, 35.20145034790039, 35.631019592285156, 36.03736877441406, 36.43210983276367, 36.83845901489258, 37.244808197021484, 37.65115737915039, 38.0575065612793, 38.4754638671875, 38.87020492553711, 39.276554107666016, 39.68290328979492], "rhythm.bpm_histogram": [0.0, 0.0, 0.0, 0.0, 0.0, 0.0, 0.0, 0.0, 0.0, 0.0, 0.0, 0.0, 0.0, 0.0, 0.0, 0.0, 0.0, 0.0, 0.0, 0.0, 0.0, 0.0, 0.0, 0.0, 0.0, 0.0, 0.0, 0.0, 0.0, 0.0, 0.0, 0.0, 0.0, 0.0, 0.0, 0.0, 0.0, 0.0, 0.0, 0.0, 0.0, 0.0, 0.0, 0.0, 0.0, 0.0, 0.0, 0.0, 0.0, 0.0, 0.0, 0.0, 0.0, 0.0, 0.0, 0.0, 0.0, 0.0, 0.0, 0.0, 0.0, 0.0, 0.0, 0.0, 0.0, 0.0, 0.0, 0.0, 0.0, 0.0, 0.0, 0.0, 0.0, 0.0, 0.0, 0.0, 0.0, 0.0, 0.0, 0.0, 0.0, 0.0, 0.0, 0.0, 0.0, 0.0, 0.0, 0.0, 0.0, 0.0, 0.0, 0.0, 0.0, 0.0, 0.0, 0.0, 0.0, 0.0, 0.0, 0.0, 0.0, 0.0, 0.0, 0.0, 0.0, 0.0, 0.0, 0.0, 0.0, 0.0, 0.0, 0.0, 0.0, 0.0, 0.0, 0.0, 0.0, 0.0, 0.0, 0.0, 0.0, 0.0, 0.0, 0.0, 0.0, 0.0, 0.0, 0.0, 0.0, 0.0, 0.0, 0.0, 0.0, 0.0, 0.0, 0.0, 0.010416666977107525, 0.0, 0.0, 0.0, 0.03125, 0.0, 0.0, 0.0, 0.25, 0.0, 0.0, 0.0, 0.59375, 0.0, 0.0, 0.0, 0.09375, 0.0, 0.0, 0.0, 0.0, 0.02083333395421505, 0.0, 0.0, 0.0, 0.0, 0.0, 0.0, 0.0, 0.0, 0.0, 0.0, 0.0, 0.0, 0.0, 0.0, 0.0, 0.0, 0.0, 0.0, 0.0, 0.0, 0.0, 0.0, 0.0, 0.0, 0.0, 0.0, 0.0, 0.0, 0.0, 0.0, 0.0, 0.0, 0.0, 0.0, 0.0, 0.0, 0.0, 0.0, 0.0, 0.0, 0.0, 0.0, 0.0, 0.0, 0.0, 0.0, 0.0, 0.0, 0.0, 0.0, 0.0, 0.0, 0.0, 0.0, 0.0, 0.0, 0.0, 0.0, 0.0, 0.0, 0.0, 0.0, 0.0, 0.0, 0.0, 0.0, 0.0, 0.0, 0.0, 0.0, 0.0, 0.0, 0.0, 0.0, 0.0, 0.0, 0.0, 0.0, 0.0, 0.0, 0.0, 0.0, 0.0, 0.0, 0.0, 0.0, 0.0, 0.0, 0.0, 0.0, 0.0, 0.0], "tonal.chords_histogram": [50.23147964477539, 17.01388931274414, 19.675926208496094, 4.513888835906982, 0.0, 1.7361111640930176, 0.0, 0.0, 0.9259259104728699, 4.166666507720947, 0.0, 0.0, 0.0, 0.0, 0.0, 0.0, 0.0, 0.11574073880910873, 0.0, 0.0, 0.0, 0.0, 1.1574074029922485, 0.46296295523643494], "tonal.thpcp": [1.0, 0.520818293094635, 0.2128254771232605, 0.23860527575016022, 0.15804938971996307, 0.17082512378692627, 0.22093692421913147, 0.15887273848056793, 0.32845383882522583, 0.510395884513855, 0.2853929102420807, 0.11431986838579178, 0.1124190017580986, 0.12792597711086273, 0.5680803656578064, 0.8659736514091492, 0.43521377444267273, 0.11488210409879684, 0.09233348071575165, 0.08434588462114334, 0.4277323782444, 0.7694624066352844, 0.4835834801197052, 0.5717324614524841, 0.8178761601448059, 0.3812405467033386, 0.10158444195985794, 0.09413709491491318, 0.08653780072927475, 0.24748024344444275, 0.38727885484695435, 0.2369546741247177, 0.11879535764455795, 0.11409172415733337, 0.12225700169801712, 0.637288510799408], "lowlevel.gfcc.cov": [[9643.84765625, -1412.8267822265625, -530.7244262695312, 461.8379821777344, -76.57389831542969, -374.83575439453125, -588.4537353515625, 325.15966796875, -74.64276123046875, 130.01808166503906, -114.2964096069336, -96.71903228759766, -31.233591079711914], [-1412.8267822265625, 1490.8779296875, 323.89654541015625, 73.80686950683594, 146.12245178222656, 42.602256774902344, 196.8367462158203, -262.5539245605469, 20.28355598449707, -183.94447326660156, 41.00822067260742, -130.96588134765625, -9.18819522857666], [-530.7244262695312, 323.89654541015625, 980.0242309570312, 82.65412139892578, 111.83078002929688, 175.01287841796875, 89.97783660888672, -143.3692169189453, -56.79111862182617, 19.302175521850586, -95.73235321044922, 98.70429992675781, -147.54974365234375], [461.8379821777344, 73.80686950683594, 82.65412139892578, 376.186279296875, 173.88392639160156, -22.223066329956055, -78.93887329101562, 63.73423767089844, 41.31971740722656, -30.610387802124023, -30.30311393737793, -91.70286560058594, -23.265003204345703], [-76.57389831542969, 146.12245178222656, 111.83078002929688, 173.88392639160156, 250.4983673095703, 52.913230895996094, 15.107565879821777, 23.356698989868164, 24.169422149658203, -19.831697463989258, -45.09136962890625, -57.02723693847656, -44.16512680053711], [-374.83575439453125, 42.602256774902344, 175.01287841796875, -22.223066329956055, 52.913230895996094, 208.42723083496094, 107.4174575805664, -31.896560668945312, -41.25990676879883, 5.044200420379639, -18.641399383544922, 42.2080192565918, -50.57478332519531], [-588.4537353515625, 196.8367462158203, 89.97783660888672, -78.93887329101562, 15.107565879821777, 107.4174575805664, 192.57081604003906, -31.250625610351562, -10.623351097106934, -17.418563842773438, 4.209592342376709, 24.563034057617188, -33.40475845336914], [325.15966796875, -262.5539245605469, -143.3692169189453, 63.73423767089844, 23.356698989868164, -31.896560668945312, -31.250625610351562, 179.27699279785156, 66.41641235351562, 30.436649322509766, -13.66012954711914, -32.73017501831055, 5.367281913757324], [-74.64276123046875, 20.28355598449707, -56.79111862182617, 41.31971740722656, 24.169422149658203, -41.25990676879883, -10.623351097106934, 66.41641235351562, 121.53494262695312, 20.11712646484375, -13.578335762023926, -31.169057846069336, 34.93375778198242], [130.01808166503906, -183.94447326660156, 19.302175521850586, -30.610387802124023, -19.831697463989258, 5.044200420379639, -17.418563842773438, 30.436649322509766, 20.11712646484375, 106.68223571777344, 31.1071834564209, 45.19800567626953, -11.015363693237305], [-114.2964096069336, 41.00822067260742, -95.73235321044922, -30.30311393737793, -45.09136962890625, -18.641399383544922, 4.209592342376709, -13.66012954711914, -13.578335762023926, 31.1071834564209, 120.90843963623047, 24.480743408203125, 3.1782405376434326], [-96.71903228759766, -130.96588134765625, 98.70429992675781, -91.70286560058594, -57.02723693847656, 42.2080192565918, 24.563034057617188, -32.73017501831055, -31.169057846069336, 45.19800567626953, 24.480743408203125, 137.85064697265625, 2.435384750366211], [-31.233591079711914, -9.18819522857666, -147.54974365234375, -23.265003204345703, -44.16512680053711, -50.57478332519531, -33.40475845336914, 5.367281913757324, 34.93375778198242, -11.015363693237305, 3.1782405376434326, 2.435384750366211, 107.84909057617188]], "lowlevel.gfcc.icov": [[0.0001615701912669465, 7.217948677862296e-06, 0.0001330076192971319, -0.00027297320775687695, 0.00016874750144779682, 0.00015978779993019998, 0.00022780393192078918, -0.00010573695180937648, 0.0003559052129276097, -0.0003130362892989069, 0.00038772233529016376, -9.129590034717694e-05, 0.00023372704163193703], [7.217948677862296e-06, 0.0028299049008637667, -0.0012819012627005577, 0.00020464540284592658, -0.0011495699873194098, 0.0006406412576325238, -0.002235187217593193, 0.0036483523435890675, -0.002690710360184312, 0.0035754016134887934, -0.0035981505643576384, 0.0032206661999225616, -0.0012406317982822657], [0.0001330076192971319, -0.0012819012627005577, 0.0030898442491889, -0.001539913471788168, 0.0008000551024451852, -0.0006099047022871673, 0.0008019341621547937, 0.0006163148791529238, 0.0005862780380994081, -0.0026797696482390165, 0.004267381504178047, -0.003650036407634616, 0.0035767732188105583], [-0.00027297320775687695, 0.00020464540284592658, -0.001539913471788168, 0.0064235529862344265, -0.003645012155175209, -0.0004247049510013312, 0.0023649027571082115, -0.0016794695984572172, -0.0013700342969968915, 0.0030406287405639887, -0.0030388138256967068, 0.0024289574939757586, -0.0008694310672581196], [0.00016874750144779682, -0.0011495699873194098, 0.0008000551024451852, -0.003645012155175209, 0.008174831978976727, -0.0018185426015406847, 0.00024114472034852952, -0.0009484238689765334, 0.00017744423530530185, -0.0021610239055007696, 0.003475562669336796, -0.00021362959523685277, 0.0025001747999340296], [0.00015978779993019998, 0.0006406412576325238, -0.0006099047022871673, -0.0004247049510013312, -0.0018185426015406847, 0.009420116432011127, -0.004905425012111664, 0.0004716839757747948, 0.0027285185642540455, -0.0012341070687398314, 0.001154355239123106, -0.0009640396456234157, 0.00028262133128009737], [0.00022780393192078918, -0.002235187217593193, 0.0008019341621547937, 0.0023649027571082115, 0.00024114472034852952, -0.004905425012111664, 0.0119921350851655, -0.0032045000698417425, -0.0006731534376740456, 0.0010333480313420296, 0.000924182531889528, -0.0029779633041471243, 0.0035187071189284325], [-0.00010573695180937648, 0.0036483523435890675, 0.0006163148791529238, -0.0016794695984572172, -0.0009484238689765334, 0.0004716839757747948, -0.0032045000698417425, 0.0149730509147048, -0.007972672581672668, 0.0015808577882125974, -0.0017778705805540085, 0.003389602992683649, 0.0015759618254378438], [0.0003559052129276097, -0.002690710360184312, 0.0005862780380994081, -0.0013700342969968915, 0.00017744423530530185, 0.0027285185642540455, -0.0006731534376740456, -0.007972672581672668, 0.018482547253370285, -0.009189513511955738, 0.005529187619686127, 0.00012864104064647108, -0.0051703373901546], [-0.0003130362892989069, 0.0035754016134887934, -0.0026797696482390165, 0.0030406287405639887, -0.0021610239055007696, -0.0012341070687398314, 0.0010333480313420296, 0.0015808577882125974, -0.009189513511955738, 0.021804574877023697, -0.010274614207446575, -0.0006351080373860896, 0.0015021349536255002], [0.00038772233529016376, -0.0035981505643576384, 0.004267381504178047, -0.0030388138256967068, 0.003475562669336796, 0.001154355239123106, 0.000924182531889528, -0.0017778705805540085, 0.005529187619686127, -0.010274614207446575, 0.018169667571783066, -0.006406033411622047, 0.0040966179221868515], [-9.129590034717694e-05, 0.0032206661999225616, -0.003650036407634616, 0.0024289574939757586, -0.00021362959523685277, -0.0009640396456234157, -0.0029779633041471243, 0.003389602992683649, 0.00012864104064647108, -0.0006351080373860896, -0.006406033411622047, 0.01750544272363186, -0.0061654322780668736], [0.00023372704163193703, -0.0012406317982822657, 0.0035767732188105583, -0.0008694310672581196, 0.0025001747999340296, 0.00028262133128009737, 0.0035187071189284325, 0.0015759618254378438, -0.0051703373901546, 0.0015021349536255002, 0.0040966179221868515, -0.0061654322780668736, 0.017954565584659576]], "lowlevel.mfcc.cov": [[8573.8837890625, -1505.5, -745.7638549804688, 368.2918395996094, 308.8649597167969, -667.011962890625, -272.2447509765625, -246.162841796875, -66.76029968261719, 277.0225830078125, -5.14351224899292, -199.78733825683594, -78.39569091796875], [-1505.5, 1271.7630615234375, 313.8692321777344, 52.23888397216797, -79.34176635742188, 281.5951232910156, 81.25914764404297, 53.132598876953125, -49.63388442993164, -130.83248901367188, -36.22406768798828, 18.022600173950195, -19.787736892700195], [-745.7638549804688, 313.8692321777344, 691.0792236328125, 37.21428298950195, 13.382377624511719, 250.5360565185547, 56.439178466796875, 43.74317169189453, -20.13610076904297, -98.04769134521484, -14.351146697998047, 43.356929779052734, 9.910399436950684], [368.2918395996094, 52.23888397216797, 37.21428298950195, 324.525390625, 212.8028564453125, -16.21906280517578, -31.22835350036621, 7.4383063316345215, 34.5035514831543, 60.24012756347656, -16.78055763244629, -21.890941619873047, 32.563411712646484], [308.8649597167969, -79.34176635742188, 13.382377624511719, 212.8028564453125, 306.8971862792969, 11.323065757751465, -13.083703994750977, 8.841063499450684, 54.467857360839844, 80.33343505859375, -12.250153541564941, -24.208139419555664, 29.973419189453125], [-667.011962890625, 281.5951232910156, 250.5360565185547, -16.21906280517578, 11.323065757751465, 286.8857727050781, 110.389892578125, 63.70375061035156, 2.071211099624634, -70.3185043334961, 5.508788108825684, 25.671092987060547, -13.621991157531738], [-272.2447509765625, 81.25914764404297, 56.439178466796875, -31.22835350036621, -13.083703994750977, 110.389892578125, 153.05154418945312, 62.743751525878906, -27.16486167907715, -28.83931541442871, 34.44141387939453, 36.079681396484375, -8.821845054626465], [-246.162841796875, 53.132598876953125, 43.74317169189453, 7.4383063316345215, 8.841063499450684, 63.70375061035156, 62.743751525878906, 116.88640594482422, 47.874752044677734, -2.0257136821746826, 8.435405731201172, 12.945393562316895, 2.0381455421447754], [-66.76029968261719, -49.63388442993164, -20.13610076904297, 34.5035514831543, 54.467857360839844, 2.071211099624634, -27.16486167907715, 47.874752044677734, 150.6909942626953, 72.68472290039062, -23.004886627197266, -23.636789321899414, 9.146203994750977], [277.0225830078125, -130.83248901367188, -98.04769134521484, 60.24012756347656, 80.33343505859375, -70.3185043334961, -28.83931541442871, -2.0257136821746826, 72.68472290039062, 142.86111450195312, 16.653873443603516, -18.169361114501953, 24.751676559448242], [-5.14351224899292, -36.22406768798828, -14.351146697998047, -16.78055763244629, -12.250153541564941, 5.508788108825684, 34.44141387939453, 8.435405731201172, -23.004886627197266, 16.653873443603516, 82.4993667602539, 40.439910888671875, 8.410244941711426], [-199.78733825683594, 18.022600173950195, 43.356929779052734, -21.890941619873047, -24.208139419555664, 25.671092987060547, 36.079681396484375, 12.945393562316895, -23.636789321899414, -18.169361114501953, 40.439910888671875, 81.33218383789062, 35.586456298828125], [-78.39569091796875, -19.787736892700195, 9.910399436950684, 32.563411712646484, 29.973419189453125, -13.621991157531738, -8.821845054626465, 2.0381455421447754, 9.146203994750977, 24.751676559448242, 8.410244941711426, 35.586456298828125, 91.5665283203125]], "lowlevel.mfcc.icov": [[0.00019294797675684094, 0.0001918625202961266, 5.4638367146253586e-05, -0.00027482371660880744, 2.0226136257406324e-05, 0.00012016562686767429, 2.7696087272488512e-05, 9.159187902696431e-05, 0.00027463576407171786, -0.0001450642303097993, 1.8705881075220532e-06, 0.00021107288193888962, 0.00023993993818294257], [0.0001918625202961266, 0.0013916437746956944, 3.4883589250966907e-05, -0.0011053491616621614, 0.0009013025555759668, -0.0011796577600762248, 0.0002919071412179619, -0.0001276207622140646, 0.0007481062784790993, -0.00012381079432088882, 0.0006517298752442002, 0.0001285791804548353, 0.0002636670251376927], [5.4638367146253586e-05, 3.4883589250966907e-05, 0.0024101415183395147, -0.0006173461442813277, 0.00016554331523366272, -0.002220211084932089, 0.001036285888403654, -0.00023133396462071687, 0.0004593722987920046, 0.00043222156818956137, 0.0006403219304047525, -0.0010508033446967602, -7.963234384078532e-05], [-0.00027482371660880744, -0.0011053491616621614, -0.0006173461442813277, 0.007042966317385435, -0.004678281024098396, 0.0014046638971194625, 0.0006893911049701273, -0.0012097811559215188, 0.00026868583518080413, -0.00030149304075166583, -7.386347715510055e-05, 0.00040711587644182146, -0.001175080193206668], [2.0226136257406324e-05, 0.0009013025555759668, 0.00016554331523366272, -0.004678281024098396, 0.0075800674967467785, -0.0022612479515373707, -0.00031352235237136483, 0.0005237978184595704, -4.3465810449561104e-05, -0.0024167366791516542, 0.00097983842715621, 0.000817298365291208, -0.0007516469340771437], [0.00012016562686767429, -0.0011796577600762248, -0.002220211084932089, 0.0014046638971194625, -0.0022612479515373707, 0.0097732525318861, -0.0053329006768763065, 0.0005878718802705407, -0.0031861169263720512, 0.003480322891846299, -0.0016174981137737632, 0.001140056992881, 0.0003389290941413492], [2.7696087272488512e-05, 0.0002919071412179619, 0.001036285888403654, 0.0006893911049701273, -0.00031352235237136483, -0.0053329006768763065, 0.014788107015192509, -0.007462829817086458, 0.005688939709216356, -0.002529847202822566, -0.001067425706423819, -0.003489305730909109, 0.0021993292029947042], [9.159187902696431e-05, -0.0001276207622140646, -0.00023133396462071687, -0.0012097811559215188, 0.0005237978184595704, 0.0005878718802705407, -0.007462829817086458, 0.01616157777607441, -0.008248915895819664, 0.0033709451090544462, -0.001934366300702095, 0.00039137486601248384, -0.0007183272391557693], [0.00027463576407171786, 0.0007481062784790993, 0.0004593722987920046, 0.00026868583518080413, -4.3465810449561104e-05, -0.0031861169263720512, 0.005688939709216356, -0.008248915895819664, 0.015796205028891563, -0.009115476161241531, 0.0055755977518856525, -0.000593307544477284, 0.001128166331909597], [-0.0001450642303097993, -0.00012381079432088882, 0.00043222156818956137, -0.00030149304075166583, -0.0024167366791516542, 0.003480322891846299, -0.002529847202822566, 0.0033709451090544462, -0.009115476161241531, 0.017109224572777748, -0.007982001639902592, 0.005036485381424427, -0.004039029125124216], [1.8705881075220532e-06, 0.0006517298752442002, 0.0006403219304047525, -7.386347715510055e-05, 0.00097983842715621, -0.0016174981137737632, -0.001067425706423819, -0.001934366300702095, 0.0055755977518856525, -0.007982001639902592, 0.02183620259165764, -0.011485190130770206, 0.003536961507052183], [0.00021107288193888962, 0.0001285791804548353, -0.0010508033446967602, 0.00040711587644182146, 0.000817298365291208, 0.001140056992881, -0.003489305730909109, 0.00039137486601248384, -0.000593307544477284, 0.005036485381424427, -0.011485190130770206, 0.026160147041082382, -0.010679530911147594], [0.00023993993818294257, 0.0002636670251376927, -7.963234384078532e-05, -0.001175080193206668, -0.0007516469340771437, 0.0003389290941413492, 0.0021993292029947042, -0.0007183272391557693, 0.001128166331909597, -0.004039029125124216, 0.0035369