{"song_id": "1182282405118234634", "download": "https://cdn.discordapp.com/attachments/1128313332273782784/1182282405118234634/chirp.mp4?ex=6584214b&amp", "lyrics": "[verse]\nOn Christmas night, love is in the air\nUnderneath the sparkling stars so bright\nSnowflakes falling gently everywhere\nA romance blossoms in the silent night\n\n[chorus]\n\u8056\u8a95\u591c\u7684\u6200\u60c5\uff0c\u5982\u5922\u5982\u5e7b\n\u5fc3\u4e2d\u71c3\u71d2\u7684\u611b\uff0c\u6eab\u6696\u7121\u908a\n\u76f8\u64c1\u5728\u5bd2\u51b7\u4e2d\uff0c\u8fce\u63a5\u9ece\u660e\n\u8056\u8a95\u591c\u7684\u6200\u60c5\uff0c\u7f8e\u9e97\u7121\u9650\n\nTranslation of the chorus", "style": ["funk"], "essentia_features": {"lowlevel.average_loudness": 0.8852383494377136, "lowlevel.barkbands_crest.mean": 18.388700485229492, "lowlevel.barkbands_crest.stdev": 6.318270206451416, "lowlevel.barkbands_flatness_db.mean": 0.35224664211273193, "lowlevel.barkbands_flatness_db.stdev": 0.13027773797512054, "lowlevel.barkbands_kurtosis.mean": 464.5178527832031, "lowlevel.barkbands_kurtosis.stdev": 2403.635986328125, "lowlevel.barkbands_skewness.mean": 2.8749313354492188, "lowlevel.barkbands_skewness.stdev": 10.663992881774902, "lowlevel.barkbands_spread.mean": 13.936046600341797, "lowlevel.barkbands_spread.stdev": 13.984676361083984, "lowlevel.dissonance.mean": 0.387503445148468, "lowlevel.dissonance.stdev": 0.0923527181148529, "lowlevel.dynamic_complexity": 5.903381824493408, "lowlevel.erbbands_crest.mean": 20.62773895263672, "lowlevel.erbbands_crest.stdev": 8.15944766998291, "lowlevel.erbbands_flatness_db.mean": 0.35653820633888245, "lowlevel.erbbands_flatness_db.stdev": 0.1367708146572113, "lowlevel.erbbands_kurtosis.mean": 26.848129272460938, "lowlevel.erbbands_kurtosis.stdev": 53.6014518737793, "lowlevel.erbbands_skewness.mean": 1.807765007019043, "lowlevel.erbbands_skewness.stdev": 2.941288471221924, "lowlevel.erbbands_spread.mean": 19.136343002319336, "lowlevel.erbbands_spread.stdev": 20.510536193847656, "lowlevel.hfc.mean": 26.301795959472656, "lowlevel.hfc.stdev": 29.12118911743164, "lowlevel.loudness_ebu128.integrated": -16.35495376586914, "lowlevel.loudness_ebu128.loudness_range": 4.904034614562988, "lowlevel.loudness_ebu128.momentary.mean": -19.533668518066406, "lowlevel.loudness_ebu128.momentary.stdev": 8.408716201782227, "lowlevel.loudness_ebu128.short_term.mean": -17.089006423950195, "lowlevel.loudness_ebu128.short_term.stdev": 2.1803603172302246, "lowlevel.melbands_crest.mean": 20.78887939453125, "lowlevel.melbands_crest.stdev": 6.98797607421875, "lowlevel.melbands_flatness_db.mean": 0.3651304543018341, "lowlevel.melbands_flatness_db.stdev": 0.14726868271827698, "lowlevel.melbands_kurtosis.mean": 35.32991027832031, "lowlevel.melbands_kurtosis.stdev": 67.16199493408203, "lowlevel.melbands_skewness.mean": 2.359819173812866, "lowlevel.melbands_skewness.stdev": 3.125495195388794, "lowlevel.melbands_spread.mean": 17.877164840698242, "lowlevel.melbands_spread.stdev": 24.17247200012207, "lowlevel.pitch_salience.mean": 0.36382123827934265, "lowlevel.pitch_salience.stdev": 0.19065827131271362, "lowlevel.silence_rate_20dB.mean": 0.9971031546592712, "lowlevel.silence_rate_20dB.stdev": 0.05374455451965332, "lowlevel.silence_rate_30dB.mean": 0.9154113531112671, "lowlevel.silence_rate_30dB.stdev": 0.2782692015171051, "lowlevel.silence_rate_60dB.mean": 0.1993047446012497, "lowlevel.silence_rate_60dB.stdev": 0.399475634098053, "lowlevel.spectral_centroid.mean": 1272.7530517578125, "lowlevel.spectral_centroid.stdev": 852.6825561523438, "lowlevel.spectral_complexity.mean": 5.992468357086182, "lowlevel.spectral_complexity.stdev": 7.645413398742676, "lowlevel.spectral_decrease.mean": -8.699049480753729e-09, "lowlevel.spectral_decrease.stdev": 1.5799187735865416e-08, "lowlevel.spectral_energy.mean": 0.035217877477407455, "lowlevel.spectral_energy.stdev": 0.060756780207157135, "lowlevel.spectral_energyband_high.mean": 0.000989750842563808, "lowlevel.spectral_energyband_high.stdev": 0.0017382397782057524, "lowlevel.spectral_energyband_low.mean": 0.017670487985014915, "lowlevel.spectral_energyband_low.stdev": 0.055154986679553986, "lowlevel.spectral_energyband_middle_high.mean": 0.011927214451134205, "lowlevel.spectral_energyband_middle_high.stdev": 0.01582079753279686, "lowlevel.spectral_energyband_middle_low.mean": 0.0050643193535506725, "lowlevel.spectral_energyband_middle_low.stdev": 0.008636456914246082, "lowlevel.spectral_entropy.mean": 6.38189172744751, "lowlevel.spectral_entropy.stdev": 1.374059796333313, "lowlevel.spectral_flux.mean": 0.060581278055906296, "lowlevel.spectral_flux.stdev": 0.08272882550954819, "lowlevel.spectral_kurtosis.mean": 18.70149040222168, "lowlevel.spectral_kurtosis.stdev": 43.48484420776367, "lowlevel.spectral_rms.mean": 0.004523756448179483, "lowlevel.spectral_rms.stdev": 0.0037275312934070826, "lowlevel.spectral_rolloff.mean": 2071.720947265625, "lowlevel.spectral_rolloff.stdev": 2637.05126953125, "lowlevel.spectral_skewness.mean": 2.846367835998535, "lowlevel.spectral_skewness.stdev": 2.6357498168945312, "lowlevel.spectral_spread.mean": 6656572.5, "lowlevel.spectral_spread.stdev": 3284251.25, "lowlevel.spectral_strongpeak.mean": 2.5423498153686523, "lowlevel.spectral_strongpeak.stdev": 2.471057653427124, "lowlevel.zerocrossingrate.mean": 0.08011235296726227, "lowlevel.zerocrossingrate.stdev": 0.06398259848356247, "metadata.audio_properties.analysis.equal_loudness": 0.0, "metadata.audio_properties.analysis.length": 40.04265213012695, "metadata.audio_properties.analysis.sample_rate": 44100.0, "metadata.audio_properties.analysis.start_time": 0.0, "metadata.audio_properties.bit_rate": 122194.0, "metadata.audio_properties.length": 40.042667388916016, "metadata.audio_properties.lossless": 0.0, "metadata.audio_properties.number_channels": 1.0, "metadata.audio_properties.replay_gain": -10.030435562133789, "metadata.audio_properties.sample_rate": 48000.0, "rhythm.beats_count": 56.0, "rhythm.beats_loudness.mean": 0.08917802572250366, "rhythm.beats_loudness.stdev": 0.10098036378622055, "rhythm.bpm": 83.19497680664062, "rhythm.bpm_histogram_first_peak_bpm": 83.0, "rhythm.bpm_histogram_first_peak_weight": 0.061224520206451416, "rhythm.bpm_histogram_second_peak_bpm": 98.0, "rhythm.bpm_histogram_second_peak_spread": 0.19999998807907104, "rhythm.bpm_histogram_second_peak_weight": 0.072727270424366, "rhythm.danceability": 1.2475261688232422, "rhythm.onset_rate": 3.0957882404327393, "tonal.chords_changes_rate": 0.05324074253439903, "tonal.chords_number_rate": 0.009259259328246117, "tonal.chords_strength.mean": 0.5434997081756592, "tonal.chords_strength.stdev": 0.08048005402088165, "tonal.hpcp_crest.mean": 19.611305236816406, "tonal.hpcp_crest.stdev": 8.025349617004395, "tonal.hpcp_entropy.mean": 1.1859124898910522, "tonal.hpcp_entropy.stdev": 0.6279459595680237, "tonal.key_edma.strength": 0.8439987301826477, "tonal.key_krumhansl.strength": 0.8304973244667053, "tonal.key_temperley.strength": 0.8072178363800049, "tonal.tuning_diatonic_strength": 0.6561990976333618, "tonal.tuning_equal_tempered_deviation": 0.05597478151321411, "tonal.tuning_frequency": 442.0379333496094, "tonal.tuning_nontempered_energy_ratio": 0.6596991419792175, "lowlevel.barkbands.mean": [0.0004280309076420963, 0.01598462648689747, 0.0010609235614538193, 0.0003492848190944642, 0.0005302440840750933, 0.0015203452203422785, 0.0005962448194622993, 0.0001134212507167831, 0.0014752106508240104, 0.0030737370252609253, 0.0019871334079653025, 0.0020118397660553455, 0.003960003145039082, 0.00035177936661057174, 0.0002856640494428575, 0.0001351976243313402, 0.0001208516041515395, 0.00010234404180664569, 8.412823808612302e-05, 0.00010745351755758747, 9.391205094289035e-05, 5.471360054798424e-05, 8.649512164993212e-05, 0.00023834792955312878, 0.00042609122465364635, 3.984180875704624e-05, 1.5331943492569167e-09], "lowlevel.barkbands.stdev": [0.0013479022309184074, 0.05051637068390846, 0.008760461583733559, 0.003103771014139056, 0.0027679819613695145, 0.002522289054468274, 0.001992821926251054, 0.0005429954035207629, 0.0031684532295912504, 0.007484843488782644, 0.006850786041468382, 0.006351928226649761, 0.010049252770841122, 0.001221133628860116, 0.0012763036647811532, 0.0005689139943569899, 0.0005093022482469678, 0.0004869579861406237, 0.0003078676527366042, 0.0004120824742130935, 0.0003487121721263975, 0.00018655894382391125, 0.0002895271172747016, 0.0005205884808674455, 0.0006754714995622635, 8.022087422432378e-05, 3.8087444309553575e-09], "lowlevel.erbbands.mean": [0.6304299831390381, 2.8956186771392822, 1.7834659814834595, 1.216111660003662, 1.1776515245437622, 1.6205222606658936, 6.070269584655762, 14.09770393371582, 10.332740783691406, 6.540153503417969, 6.808824062347412, 36.88718795776367, 64.99518585205078, 91.09768676757812, 95.81595611572266, 83.64863586425781, 207.14566040039062, 23.989601135253906, 16.141321182250977, 13.600309371948242, 7.37185525894165, 6.9577178955078125, 5.987508773803711, 4.608621597290039, 4.56055212020874, 5.026120662689209, 4.832544803619385, 2.6136558055877686, 1.9722368717193604, 1.9680814743041992, 2.5862133502960205, 2.9727299213409424, 5.770592212677002, 6.481396675109863, 1.9185413122177124, 0.3801933228969574, 0.02783455327153206, 0.0010761861922219396, 7.591606117784977e-05, 5.0413487770128995e-05], "lowlevel.erbbands.stdev": [1.9266259670257568, 9.979591369628906, 11.486503601074219, 10.033052444458008, 9.356438636779785, 8.598397254943848, 16.42635154724121, 24.054685592651367, 25.839078903198242, 40.461246490478516, 15.39185619354248, 81.88668060302734, 178.26690673828125, 215.50352478027344, 244.47015380859375, 197.7860107421875, 522.1152954101562, 56.67449951171875, 56.53917694091797, 60.23406982421875, 30.4717960357666, 30.56169891357422, 27.225786209106445, 18.41260528564453, 17.523229598999023, 19.211387634277344, 17.53565216064453, 9.668139457702637, 6.934769153594971, 6.67302942276001, 8.576651573181152, 8.679367065429688, 11.8584623336792, 10.873397827148438, 2.9622018337249756, 0.7221782803535461, 0.0521293580532074, 0.0020834547467529774, 9.885901818051934e-05, 7.0210087869782e-05], "lowlevel.gfcc.mean": [-172.20321655273438, 20.355480194091797, -149.4500274658203, -48.5971565246582, -78.79447937011719, 35.45262145996094, -46.58338928222656, 14.945720672607422, -44.53156280517578, 7.879293441772461, 3.457836389541626, 1.6648600101470947, 13.88925838470459], "lowlevel.melbands.mean": [0.004988494794815779, 0.001785476692020893, 0.0002080237027257681, 9.335585491498932e-05, 0.0001904860109789297, 0.00031645255512557924, 0.0001457840990042314, 5.8465186157263815e-05, 9.451233927393332e-05, 0.00021707583800889552, 0.00033955610706470907, 0.0003914177359547466, 0.0003341363917570561, 0.0002777540066745132, 0.0003615201567299664, 0.0002823499380610883, 2.8175205443403684e-05, 2.6794887162395753e-05, 2.243682865810115e-05, 1.1745317351596896e-05, 8.015943421924021e-06, 6.961540293559665e-06, 6.5141716731886845e-06, 4.815822649106849e-06, 3.5662342270370573e-06, 3.1544648209091974e-06, 3.7383420021797065e-06, 3.1294546261051437e-06, 3.0427536330535077e-06, 2.4739931632211665e-06, 1.1999370599369286e-06, 1.1002416613337118e-06, 1.0637913874234073e-06, 1.0984221034959774e-06, 1.414305302205321e-06, 1.644112899157335e-06, 1.7997149370785337e-06, 3.730207708940725e-06, 4.529805664788e-06, 6.067273261578521e-06], "lowlevel.melbands.stdev": [0.015427259728312492, 0.007433234713971615, 0.0017110999906435609, 0.0005935017834417522, 0.0005456796498037875, 0.0005186719936318696, 0.0003560721524991095, 0.00037288127350620925, 0.00022569207067135721, 0.0004689274646807462, 0.0009364483994431794, 0.0009381559211760759, 0.001032516360282898, 0.0008868347504176199, 0.0008626061026006937, 0.0007075901376083493, 9.984057396650314e-05, 0.0001018537805066444, 0.00011224654735997319, 4.601752880262211e-05, 3.6069995985599235e-05, 3.26966073771473e-05, 2.8287231543799862e-05, 2.2336664187605493e-05, 1.4894054402248003e-05, 1.1735148291336372e-05, 1.5946327039273456e-05, 1.2007191799057182e-05, 1.0983300853695255e-05, 1.0200231372436974e-05, 4.5229758143250365e-06, 4.037852704641409e-06, 3.6468250073085073e-06, 3.92702668250422e-06, 4.877819719695253e-06, 5.374268312152708e-06, 5.485873771249317e-06, 8.040230568440165e-06, 8.486533261020668e-06, 1.039269318425795e-05], "lowlevel.melbands128.mean": [0.0004213487554807216, 0.005156634375452995, 0.007475591264665127, 0.0037679036613553762, 0.0011432062601670623, 0.00045699719339609146, 0.00024268064589705318, 0.0001579056988703087, 0.00011281957267783582, 8.385937690036371e-05, 7.213116623461246e-05, 0.000134233821881935, 0.00016211369074881077, 0.00034751504426822066, 0.0003293557674624026, 0.00031601518276147544, 0.00024179552565328777, 8.24694725451991e-05, 6.200399366207421e-05, 0.00010081316577270627, 2.8907947125844657e-05, 2.3457481802324764e-05, 1.1930622349609621e-05, 0.0002586270566098392, 0.00037194803007878363, 8.221501047955826e-05, 0.00019126251572743058, 0.00029374894802458584, 0.0005722545320168138, 0.0005048486636951566, 0.00021988338266965002, 0.00033472321229055524, 0.0005028980085626245, 9.081490861717612e-05, 0.0004705913015641272, 0.00028188194846734405, 7.638672832399607e-05, 4.414473005454056e-05, 0.0009541760082356632, 0.0005634746048599482, 1.8015693058259785e-05, 2.7890762794413604e-05, 2.551917714299634e-05, 2.501914968888741e-05, 4.569467273540795e-05, 1.8699882275541313e-05, 1.8889362763729878e-05, 2.463695636834018e-05, 2.4713774109841324e-05, 1.725209403957706e-05, 8.374581739190035e-06, 7.448112683050567e-06, 9.701810995466076e-06, 7.78307639848208e-06, 5.483821496454766e-06, 7.2828684096748475e-06, 7.280069894477492e-06, 7.942760930745862e-06, 5.958250767434947e-06, 4.6687450776516926e-06, 5.17841499458882e-06, 4.522025847109035e-06, 3.351692839714815e-06, 3.3766659726097714e-06, 3.870251475746045e-06, 2.758148866632837e-06, 3.0798807983956067e-06, 3.3001228985085618e-06, 4.081555744051002e-06, 4.121876827412052e-06, 3.02290209219791e-06, 2.6606001028994797e-06, 2.880396095861215e-06, 3.1094823498278856e-06, 3.3351595902786357e-06, 2.9105938210705062e-06, 1.9434501155046746e-06, 1.3228221860117628e-06, 1.0816023632287397e-06, 1.0849577165572555e-06, 1.1073681207562913e-06, 1.1143472420371836e-06, 1.0595942967484007e-06, 1.1288545920251636e-06, 9.523602670924447e-07, 1.0456610652909148e-06, 1.1858087418659125e-06, 1.1682898275466869e-06, 1.4334179923025658e-06, 1.5217955251500825e-06, 1.7341955071970006e-06, 1.589124394740793e-06, 1.6772029312051018e-06, 1.5479384956051945e-06, 1.968459628187702e-06, 2.6113750664080726e-06, 4.302555680624209e-06, 5.5276259445236064e-06, 3.085932803514879e-06, 5.033790785091696e-06, 6.171655059006298e-06, 7.11229540684144e-06, 4.768661256093765e-06, 3.251750513300067e-06, 1.4072485328142648e-06, 1.0963221939164214e-06, 9.883651728159748e-07, 1.0440579671922023e-06, 6.731675625815114e-07, 2.3847584884606476e-07, 9.698199221475079e-08, 8.237515203290968e-08, 6.177113220928732e-08, 1.624188072923971e-08, 9.948384338542837e-09, 9.715849236258123e-10, 1.1125058339833682e-11, 7.143795104080919e-12, 6.916754929225943e-12, 6.7141296862527344e-12, 6.535316992434259e-12, 6.3941556043001224e-12, 6.246923985042674e-12, 6.1280290737653065e-12, 5.9878655853107254e-12, 5.8277280570728784e-12, 5.729956006200743e-12, 5.6904030099058645e-12], "lowlevel.melbands128.stdev": [0.0013301362050697207, 0.015867363661527634, 0.023846562951803207, 0.014668726362287998, 0.007403137162327766, 0.0037952465936541557, 0.0021061240695416927, 0.0014090555487200618, 0.0009305972489528358, 0.0005962966824881732, 0.0004578751977533102, 0.0007618694799020886, 0.0006676423945464194, 0.0008383654640056193, 0.000652812363114208, 0.0007894173613749444, 0.0007197395898401737, 0.0003025364421773702, 0.00040545794763602316, 0.0007713993545621634, 0.00015420804265886545, 0.00013123691314831376, 7.486864342354238e-05, 0.0006609270931221545, 0.0009724127012304962, 0.0002760371717158705, 0.0007818954763934016, 0.001373029313981533, 0.0017935314681380987, 0.001522536389529705, 0.001012830762192607, 0.0012146234512329102, 0.001938621629960835, 0.00036417250521481037, 0.0016376127023249865, 0.0009606762905605137, 0.0004557821957860142, 0.00015935709234327078, 0.002448986517265439, 0.001493545831181109, 0.00010639411630108953, 0.00014651975652668625, 0.00012495266855694354, 0.00011106915917480364, 0.0002100872661685571, 9.82276615104638e-05, 9.75725197349675e-05, 0.00017096679948735982, 0.000191576880752109, 7.770896627334878e-05, 4.343299588072114e-05, 4.038447514176369e-05, 4.598752275342122e-05, 3.817165270447731e-05, 3.306758662802167e-05, 4.2389619920868427e-05, 3.987319360021502e-05, 3.075441418332048e-05, 3.637375994003378e-05, 3.1122821383178234e-05, 2.64806531049544e-05, 2.4532295356038958e-05, 1.6350084479199722e-05, 1.72756608662894e-05, 1.4526056475006044e-05, 1.1654647096293047e-05, 1.3997694622958079e-05, 1.721044463920407e-05, 1.8949078366858885e-05, 1.9263423382653855e-05, 1.3587102330347989e-05, 1.0270492566633038e-05, 1.147077728091972e-05, 1.2711214367300272e-05, 1.3219208994996734e-05, 1.4550922060152516e-05, 8.916135811887216e-06, 5.57085240870947e-06, 4.683683982875664e-06, 4.192035248706816e-06, 4.255806288711028e-06, 4.71143994218437e-06, 3.902644948539091e-06, 4.1967064134951215e-06, 3.360422397236107e-06, 4.026037458970677e-06, 4.837088454223704e-06, 4.8223014346149284e-06, 5.047399554314325e-06, 5.540426172956359e-06, 6.207264959812164e-06, 5.421383320936002e-06, 5.71089867662522e-06, 5.732275440095691e-06, 6.325534741336014e-06, 6.239732101676054e-06, 1.0079210369440261e-05, 1.3395749192568474e-05, 6.258108896872727e-06, 9.936688911693636e-06, 1.1251308933424298e-05, 1.3411722648015711e-05, 8.589790922997054e-06, 5.932779004069744e-06, 2.601704863991472e-06, 2.056588755294797e-06, 1.909123056975659e-06, 2.2206395442481153e-06, 1.5781218962729326e-06, 6.652487627434311e-07, 3.3850864156192984e-07, 2.3214572308916104e-07, 1.506420232999517e-07, 6.878376268559805e-08, 5.298312544255168e-08, 7.642491084425274e-09, 8.127640227506561e-11, 1.764638782320027e-11, 1.714119124418545e-11, 1.66781675275951e-11, 1.6278202744079984e-11, 1.593675191813304e-11, 1.5587588511611905e-11, 1.5320557322784367e-11, 1.5093424773904296e-11, 1.4907056491986204e-11, 1.47759877250353e-11, 1.469486511640472e-11], "lowlevel.mfcc.mean": [-818.924560546875, 72.8690185546875, -20.390357971191406, -57.209266662597656, -9.941023826599121, -18.410898208618164, 20.31023406982422, -16.374713897705078, -3.1117312908172607, -14.547754287719727, -9.394150733947754, 2.0352511405944824, 0.5151950120925903], "lowlevel.spectral_contrast_coeffs.mean": [-0.6768466234207153, -0.6935971975326538, -0.652385950088501, -0.719576895236969, -0.8064903616905212, -0.7744619250297546], "lowlevel.spectral_contrast_coeffs.stdev": [0.15895013511180878, 0.1368417739868164, 0.13571950793266296, 0.10556462407112122, 0.060463640838861465, 0.0783357247710228], "lowlevel.spectral_contrast_valleys.mean": [-10.592214584350586, -9.138324737548828, -8.991276741027832, -9.359743118286133, -9.604516983032227, -11.604778289794922], "lowlevel.spectral_contrast_valleys.stdev": [2.2180604934692383, 1.9290683269500732, 1.7720627784729004, 1.8256595134735107, 2.010685443878174, 1.9878301620483398], "rhythm.beats_loudness_band_ratio.mean": [0.20833463966846466, 0.08469610661268234, 0.09572891145944595, 0.5022692680358887, 0.06541555374860764, 0.053634051233530045], "rhythm.beats_loudness_band_ratio.stdev": [0.3642367720603943, 0.17580904066562653, 0.16543805599212646, 0.3496253788471222, 0.0955994576215744, 0.06342010200023651], "tonal.hpcp.mean": [0.17507191002368927, 0.0727282240986824, 0.027292918413877487, 0.02447141334414482, 0.02458854950964451, 0.06917542219161987, 0.10290618240833282, 0.05597248300909996, 0.0166766420006752, 0.018000135198235512, 0.018287887796759605, 0.10320676118135452, 0.1738431304693222, 0.08737646788358688, 0.01915978454053402, 0.019378552213311195, 0.013645302504301071, 0.018812689930200577, 0.021937759593129158, 0.03332207724452019, 0.24282234907150269, 0.40445074439048767, 0.1966247260570526, 0.01910633035004139, 0.015841100364923477, 0.019370198249816895, 0.05517303943634033, 0.07282396405935287, 0.044238872826099396, 0.034709807485342026, 0.03566189855337143, 0.03433484584093094, 0.11977680772542953, 0.17668628692626953, 0.14477674663066864, 0.18439985811710358], "tonal.hpcp.stdev": [0.33502066135406494, 0.17988501489162445, 0.12345600128173828, 0.11360277980566025, 0.11200125515460968, 0.1734340637922287, 0.25758811831474304, 0.15091252326965332, 0.08032195270061493, 0.09529213607311249, 0.09567500650882721, 0.2037193328142166, 0.340727835893631, 0.18077822029590607, 0.08581563085317612, 0.0965535044670105, 0.06467847526073456, 0.09644775837659836, 0.11128948628902435, 0.11155366897583008, 0.27766144275665283, 0.430080384016037, 0.2374335527420044, 0.09335324913263321, 0.08598118275403976, 0.09053990244865417, 0.1800958663225174, 0.21424922347068787, 0.1500556915998459, 0.12796758115291595, 0.14128457009792328, 0.12643183767795563, 0.23168440163135529, 0.33221736550331116, 0.2529131770133972, 0.32608720660209656], "rhythm.beats_position": [0.5688889026641846, 1.1493877172470093, 1.7414965629577637, 2.345215320587158, 2.9489340782165527, 3.564262866973877, 4.179591655731201, 4.911020278930664, 5.642448902130127, 6.37387752532959, 7.116916179656982, 7.848344326019287, 8.56816291809082, 9.276371955871582, 9.984580039978027, 10.704399108886719, 11.424217224121094, 12.144036293029785, 12.86385440826416, 13.595283508300781, 14.315101623535156, 15.046530723571777, 15.766348838806152, 16.486167907714844, 17.20598602294922, 17.925804138183594, 18.6456241607666, 19.365442276000977, 20.08526039123535, 20.805078506469727, 21.5248966217041, 22.24471664428711, 22.964534759521484, 23.68435287475586, 24.404170989990234, 25.123991012573242, 25.843809127807617, 26.563627243041992, 27.283445358276367, 28.003265380859375, 28.72308349609375, 29.442901611328125, 30.1627197265625, 30.882539749145508, 31.602357864379883, 32.32217788696289, 33.041996002197266, 33.76181411743164, 34.481632232666016, 35.20145034790039, 35.921268463134766, 36.64108657836914, 37.360904693603516, 38.080726623535156, 38.80054473876953, 39.520362854003906], "rhythm.bpm_histogram": [0.0, 0.0, 0.0, 0.0, 0.0, 0.0, 0.0, 0.0, 0.0, 0.0, 0.0, 0.0, 0.0, 0.0, 0.0, 0.0, 0.0, 0.0, 0.0, 0.0, 0.0, 0.0, 0.0, 0.0, 0.0, 0.0, 0.0, 0.0, 0.0, 0.0, 0.0, 0.0, 0.0, 0.0, 0.0, 0.0, 0.0, 0.0, 0.0, 0.0, 0.0, 0.0, 0.0, 0.0, 0.0, 0.0, 0.0, 0.0, 0.0, 0.0, 0.0, 0.0, 0.0, 0.0, 0.0, 0.0, 0.0, 0.0, 0.0, 0.0, 0.0, 0.0, 0.0, 0.0, 0.0, 0.0, 0.0, 0.0, 0.0, 0.0, 0.0, 0.0, 0.0, 0.0, 0.0, 0.0, 0.0, 0.0, 0.0, 0.0, 0.0, 0.0181818176060915, 0.1090909093618393, 0.7272727489471436, 0.0, 0.036363635212183, 0.0, 0.0, 0.0, 0.0, 0.0, 0.0, 0.0, 0.0, 0.0, 0.0, 0.0, 0.0, 0.036363635212183, 0.036363635212183, 0.0, 0.0181818176060915, 0.0, 0.0181818176060915, 0.0, 0.0, 0.0, 0.0, 0.0, 0.0, 0.0, 0.0, 0.0, 0.0, 0.0, 0.0, 0.0, 0.0, 0.0, 0.0, 0.0, 0.0, 0.0, 0.0, 0.0, 0.0, 0.0, 0.0, 0.0, 0.0, 0.0, 0.0, 0.0, 0.0, 0.0, 0.0, 0.0, 0.0, 0.0, 0.0, 0.0, 0.0, 0.0, 0.0, 0.0, 0.0, 0.0, 0.0, 0.0, 0.0, 0.0, 0.0, 0.0, 0.0, 0.0, 0.0, 0.0, 0.0, 0.0, 0.0, 0.0, 0.0, 0.0, 0.0, 0.0, 0.0, 0.0, 0.0, 0.0, 0.0, 0.0, 0.0, 0.0, 0.0, 0.0, 0.0, 0.0, 0.0, 0.0, 0.0, 0.0, 0.0, 0.0, 0.0, 0.0, 0.0, 0.0, 0.0, 0.0, 0.0, 0.0, 0.0, 0.0, 0.0, 0.0, 0.0, 0.0, 0.0, 0.0, 0.0, 0.0, 0.0, 0.0, 0.0, 0.0, 0.0, 0.0, 0.0, 0.0, 0.0, 0.0, 0.0, 0.0, 0.0, 0.0, 0.0, 0.0, 0.0, 0.0, 0.0, 0.0, 0.0, 0.0, 0.0, 0.0, 0.0, 0.0, 0.0, 0.0, 0.0, 0.0, 0.0, 0.0, 0.0, 0.0, 0.0, 0.0, 0.0, 0.0, 0.0, 0.0, 0.0, 0.0, 0.0, 0.0, 0.0, 0.0, 0.0, 0.0, 0.0], "tonal.chords_histogram": [35.41666793823242, 27.08333396911621, 20.254629135131836, 1.8518518209457397, 0.0, 0.0, 0.0, 1.2731481790542603, 0.3472222089767456, 0.46296295523643494, 0.8101851940155029, 0.0, 0.0, 0.0, 0.0, 0.0, 0.0, 5.3240742683410645, 0.0, 5.671296119689941, 0.0, 0.0, 0.0, 1.5046296119689941], "tonal.thpcp": [1.0, 0.4861524701118469, 0.04724019020795822, 0.03916694596409798, 0.047892600297927856, 0.13641473650932312, 0.18005645275115967, 0.10938012599945068, 0.08581961691379547, 0.08817365020513535, 0.08489252626895905, 0.29614683985710144, 0.43685489892959595, 0.35795891284942627, 0.4559266269207001, 0.43286335468292236, 0.1798197329044342, 0.06748143583536148, 0.060505300760269165, 0.06079491600394249, 0.17103546857833862, 0.25443440675735474, 0.13839134573936462, 0.04123281314969063, 0.04450513422489166, 0.045216601341962814, 0.2551775872707367, 0.42982521653175354, 0.2160373479127884, 0.04737235605716705, 0.04791325703263283, 0.03373786062002182, 0.04651416838169098, 0.054240867495536804, 0.08238846808671951, 0.6003755927085876], "lowlevel.gfcc.cov": [[35878.4609375, 1014.56494140625, 2294.291259765625, 3383.72509765625, -2121.845458984375, -1209.0059814453125, -3063.903076171875, 2286.79345703125, -545.3721313476562, 1591.6461181640625, 287.15289306640625, -288.402099609375, 1045.118896484375], [1014.56494140625, 5424.9013671875, 1779.7593994140625, -247.4726104736328, 1264.0755615234375, 68.49166107177734, 407.07855224609375, 183.58534240722656, 419.12969970703125, -241.47323608398438, 202.63369750976562, -220.4727325439453, 364.3995056152344], [2294.291259765625, 1779.7593994140625, 2471.553955078125, 1187.127685546875, 527.6649169921875, 360.710693359375, 81.01659393310547, 512.9937133789062, 181.9695587158203, 194.1577606201172, 58.34407043457031, -123.18130493164062, 110.56432342529297], [3383.72509765625, -247.4726104736328, 1187.127685546875, 2021.0147705078125, 231.48924255371094, 273.5469055175781, -46.84087371826172, 360.18359375, 179.87338256835938, 321.9392395019531, 62.20051193237305, -53.928123474121094, -125.92234802246094], [-2121.845458984375, 1264.0755615234375, 527.6649169921875, 231.48924255371094, 1728.006103515625, 791.5840454101562, 504.1947326660156, -371.3800354003906, 70.08570098876953, 14.985589981079102, 288.8760070800781, 51.595829010009766, -242.54327392578125], [-1209.0059814453125, 68.49166107177734, 360.710693359375, 273.5469055175781, 791.5840454101562, 1022.0625610351562, 696.5109252929688, -114.39888000488281, 215.48426818847656, 38.96224594116211, 165.50955200195312, 37.984214782714844, -158.29327392578125], [-3063.903076171875, 407.07855224609375, 81.01659393310547, -46.84087371826172, 504.1947326660156, 696.5109252929688, 1365.0689697265625, 310.5757141113281, 563.617919921875, -280.7445068359375, -111.70404815673828, -42.52130126953125, -28.31016731262207], [2286.79345703125, 183.58534240722656, 512.9937133789062, 360.18359375, -371.3800354003906, -114.39888000488281, 310.5757141113281, 1135.6824951171875, 460.6091613769531, -34.74268341064453, -231.09649658203125, -101.62857818603516, 291.9758605957031], [-545.3721313476562, 419.12969970703125, 181.9695587158203, 179.87338256835938, 70.08570098876953, 215.48426818847656, 563.617919921875, 460.6091613769531, 719.241455078125, -27.156850814819336, -54.455108642578125, -95.44255065917969, 74.0291748046875], [1591.6461181640625, -241.47323608398438, 194.1577606201172, 321.9392395019531, 14.985589981079102, 38.96224594116211, -280.7445068359375, -34.74268341064453, -27.156850814819336, 606.2726440429688, 227.51715087890625, -43.00425720214844, -89.05707550048828], [287.15289306640625, 202.63369750976562, 58.34407043457031, 62.20051193237305, 288.8760070800781, 165.50955200195312, -111.70404815673828, -231.09649658203125, -54.455108642578125, 227.51715087890625, 389.2538146972656, 117.4596939086914, -66.62885284423828], [-288.402099609375, -220.4727325439453, -123.18130493164062, -53.928123474121094, 51.595829010009766, 37.984214782714844, -42.52130126953125, -101.62857818603516, -95.44255065917969, -43.00425720214844, 117.4596939086914, 284.0904235839844, 39.66641616821289], [1045.118896484375, 364.3995056152344, 110.56432342529297, -125.92234802246094, -242.54327392578125, -158.29327392578125, -28.31016731262207, 291.9758605957031, 74.0291748046875, -89.05707550048828, -66.62885284423828, 39.66641616821289, 378.14239501953125]], "lowlevel.gfcc.icov": [[9.284281986765563e-05, -0.0001406357914675027, 0.00016765839245636016, -0.0001945967524079606, 0.00015950037050060928, -0.00028198942891322076, 0.0002726552193053067, -0.0002977440017275512, 0.00021097454009577632, -0.00012406514724716544, -5.80355981583125e-06, 2.8853557523689233e-05, -7.489760173484683e-05], [-0.0001406357914675027, 0.0008606185438111424, -0.0008192420355044305, 0.0005984862800687551, -0.0007787077920511365, 0.0011148537741973996, -0.0005944005097262561, 0.0006932694814167917, -0.0006756166112609208, 0.0005620762822218239, -0.0006838903063908219, 0.0006509769591502845, -0.000538539607077837], [0.00016765839245636016, -0.0008192420355044305, 0.0015421586576849222, -0.0009702179813757539, 0.0005000877426937222, -0.0013126685516908765, 0.0008012870675884187, -0.001061935443431139, 0.0008491416228935122, -0.0005131324287503958, 0.0004797896253876388, -0.00014941667905077338, 1.6433768905699253e-05], [-0.0001945967524079606, 0.0005984862800687551, -0.0009702179813757539, 0.0014095648657530546, -0.0005627652863040566, 0.0007027512765489519, -0.0004001289780717343, 0.000479605863802135, -0.0008013587212190032, 0.00018422372522763908, -9.60977777140215e-05, -2.8389164071995765e-05, 0.00043341939453966916], [0.00015950037050060928, -0.0007787077920511365, 0.0005000877426937222, -0.0005627652863040566, 0.0018690245924517512, -0.0015476244734600186, 0.00040222518146038055, -0.00041763216722756624, 0.0006758993258699775, -0.00024463023873977363, -6.512878462672234e-05, -0.00043824431486427784, 0.0007240539416670799], [-0.00028198942891322076, 0.0011148537741973996, -0.0013126685516908765, 0.0007027512765489519, -0.0015476244734600186, 0.004187623970210552, -0.0024299207143485546, 0.0016029977705329657, -0.0009318778174929321, 0.00033136276761069894, -0.0011414277832955122, 0.0003265750128775835, -0.0003113756829407066], [0.0002726552193053067, -0.0005944005097262561, 0.0008012870675884187, -0.0004001289780717343, 0.00040222518146038055, -0.0024299207143485546, 0.0031681805849075317, -0.001449354225769639, -0.00040332615026272833, 0.000288935552816838, 0.0007089560967870057, -0.00013713751104660332, 0.0003350976621732116], [-0.0002977440017275512, 0.0006932694814167917, -0.001061935443431139, 0.000479605863802135, -0.00041763216722756624, 0.0016029977705329657, -0.001449354225769639, 0.003192292992025614, -0.0016647805459797382, 0.0001261054421775043, 0.0005415662308223546, 4.219117545289919e-05, -0.001098566921427846], [0.00021097454009577632, -0.0006756166112609208, 0.0008491416228935122, -0.0008013587212190032, 0.0006758993258699775, -0.0009318778174929321, -0.00040332615026272833, -0.0016647805459797382, 0.0035544123966246843, -0.0006029169308021665, -0.00033238576725125313, 0.0005058213137090206, -9.796661470318213e-05], [-0.00012406514724716544, 0.0005620762822218239, -0.0005131324287503958, 0.00018422372522763908, -0.00024463023873977363, 0.00033136276761069894, 0.000288935552816838, 0.0001261054421775043, -0.0006029169308021665, 0.0034301893319934607, -0.0024560722522437572, 0.001507981913164258, 0.0002536300162319094], [-5.80355981583125e-06, -0.0006838903063908219, 0.0004797896253876388, -9.60977777140215e-05, -6.512878462672234e-05, -0.0011414277832955122, 0.0007089560967870057, 0.0005415662308223546, -0.00033238576725125313, -0.0024560722522437572, 0.006337300408631563, -0.0030619774479418993, 0.0005425895215012133], [2.8853557523689233e-05, 0.0006509769591502845, -0.00014941667905077338, -2.8389164071995765e-05, -0.00043824431486427784, 0.0003265750128775835, -0.00013713751104660332, 4.219117545289919e-05, 0.0005058213137090206, 0.001507981913164258, -0.0030619774479418993, 0.005925469566136599, -0.001765030319802463], [-7.489760173484683e-05, -0.000538539607077837, 1.6433768905699253e-05, 0.00043341939453966916, 0.0007240539416670799, -0.0003113756829407066, 0.0003350976621732116, -0.001098566921427846, -9.796661470318213e-05, 0.0002536300162319094, 0.0005425895215012133, -0.001765030319802463, 0.005077062640339136]], "lowlevel.mfcc.cov": [[26198.80078125, 1183.899658203125, 914.3598022460938, 670.9468994140625, 812.9838256835938, -2214.814453125, -151.4734649658203, -1534.835693359375, 699.5247192382812, 510.3345947265625, 179.63941955566406, -138.84536743164062, 78.27369689941406], [1183.899658203125, 5379.06201171875, 742.908935546875, 149.29354858398438, 1037.353515625, -25.341657638549805, 428.48297119140625, -34.98554992675781, 384.297607421875, 46.686283111572266, 36.016056060791016, 49.912757873535156, 7.411524772644043], [914.3598022460938, 742.908935546875, 1766.240478515625, 747.6533203125, 554.4502563476562, 233.26095581054688, 232.4351806640625, 294.7898864746094, 337.3531799316406, 439.2343444824219, 237.91929626464844, 76.6003189086914, -17.336807250976562], [670.9468994140625, 149.29354858398438, 747.6533203125, 1161.1060791015625, 512.5276489257812, 199.6349334716797, 165.50311279296875, 221.71420288085938, 165.8124237060547, 238.7899932861328, 286.9278869628906, 56.44913101196289, -57.41859436035156], [812.9838256835938, 1037.353515625, 554.4502563476562, 512.5276489257812, 977.370361328125, 326.7472839355469, 331.0687561035156, 10.295425415039062, -25.77793312072754, -45.3426399230957, 196.97091674804688, 217.27389526367188, 21.4473934173584], [-2214.814453125, -25.341657638549805, 233.26095581054688, 199.6349334716797, 326.7472839355469, 1398.283203125, 469.1407165527344, 402.1717529296875, -205.57664489746094, -27.71688461303711, 274.99517822265625, 331.01513671875, 256.08282470703125], [-151.4734649658203, 428.48297119140625, 232.4351806640625, 165.50311279296875, 331.0687561035156, 469.1407165527344, 625.2562255859375, 251.73651123046875, 109.00987243652344, 16.701967239379883, 145.02020263671875, 164.65921020507812, 101.36384582519531], [-1534.835693359375, -34.98554992675781, 294.7898864746094, 221.71420288085938, 10.295425415039062, 402.1717529296875, 251.73651123046875, 1075.8638916015625, 477.0106506347656, 335.603515625, 7.229564189910889, -8.910391807556152, 114.01752471923828], [699.5247192382812, 384.297607421875, 337.3531799316406, 165.8124237060547, -25.77793312072754, -205.57664489746094, 109.00987243652344, 477.0106506347656, 856.0487060546875, 573.3355712890625, 37.23749923706055, -154.97039794921875, 30.71502113342285], [510.3345947265625, 46.686283111572266, 439.2343444824219, 238.7899932861328, -45.3426399230957, -27.71688461303711, 16.701967239379883, 335.603515625, 573.3355712890625, 718.2554931640625, 222.17689514160156, -40.525970458984375, -44.20389175415039], [179.63941955566406, 36.016056060791016, 237.91929626464844, 286.9278869628906, 196.97091674804688, 274.99517822265625, 145.02020263671875, 7.229564189910889, 37.23749923706055, 222.17689514160156, 464.4396057128906, 253.71746826171875, 69.25008392333984], [-138.84536743164062, 49.912757873535156, 76.6003189086914, 56.44913101196289, 217.27389526367188, 331.01513671875, 164.65921020507812, -8.910391807556152, -154.97039794921875, -40.525970458984375, 253.71746826171875, 460.78643798828125, 219.06640625], [78.27369689941406, 7.411524772644043, -17.336807250976562, -57.41859436035156, 21.4473934173584, 256.08282470703125, 101.36384582519531, 114.01752471923828, 30.71502113342285, -44.20389175415039, 69.25008392333984, 219.06640625, 468.4847412109375]], "lowlevel.mfcc.icov": [[5.7924524298869073e-05, 1.0053471669380087e-05, -1.0676605597836897e-05, -1.8881548385252245e-05, -7.144583651097491e-05, 0.00011093598004663363, -6.149513501441106e-05, 0.00010231756459688768, -6.94684058544226e-06, -7.849304529372603e-05, 1.2199848242744338e-05, 3.2607651519356295e-05, -0.00010551297600613907], [1.0053471669380087e-05, 0.000277787126833573, -7.053098670439795e-05, 0.00015624851221218705, -0.0003565825754776597, 4.847619493375532e-05, -6.268325523706153e-05, 8.215718844439834e-05, -0.00021658373589161783, 8.454625640297309e-05, -1.4560800991603173e-06, 6.49308058200404e-05, -1.411003449902637e-05], [-1.0676605597836897e-05, -7.053098670439795e-05, 0.0009969103848561645, -0.00042995219700969756, -0.00029159130644984543, -4.723203892353922e-05, -7.409755198750645e-05, -2.298627805430442e-05, 0.0001905481913127005, -0.0007137367501854897, 0.00030139199225232005, -5.071867781225592e-05, -5.27829906786792e-05], [-1.8881548385252245e-05, 0.00015624851221218705, -0.00042995219700969756, 0.0017156748799607158, -0.0008066003210842609, 7.474285666830838e-05, 0.0001710187061689794, -0.00037405165494419634, -1.6398613297496922e-05, 0.00019946681277360767, -0.001049503916874528, 0.0006263632094487548, 0.00012729113223031163], [-7.144583651097491e-05, -0.0003565825754776597, -0.00029159130644984543, -0.0008066003210842609, 0.0025227225851267576, -0.0003724261769093573, -0.0003940236638300121, 0.00014666830247733742, -0.0002847466676030308, 0.0008052933262661099, 3.423362068133429e-05, -0.0009284169063903391, 0.0005692960694432259], [0.00011093598004663363, 4.847619493375532e-05, -4.723203892353922e-05, 7.474285666830838e-05, -0.0003724261769093573, 0.0018488876521587372, -0.0010070899734273553, -0.0005765180685557425, 0.0013485605595633388, -0.0006995183066464961, -0.00048801329103298485, 0.00029651488875970244, -0.000868201139383018], [-6.149513501441106e-05, -6.268325523706153e-05, -7.409755198750645e-05, 0.0001710187061689794, -0.0003940236638300121, -0.0010070899734273553, 0.00307381059974432, -0.00030354209593497217, -0.0013647086452692747, 0.0013041836209595203, -0.0005427400465123355, -0.0005185226909816265, 0.0005420473753474653], [0.00010231756459688768, 8.215718844439834e-05, -2.298627805430442e-05, -0.00037405165494419634, 0.00014666830247733742, -0.0005765180685557425, -0.00030354209593497217, 0.002070400398224592, -0.0011923832353204489, -0.0002903745335061103, 0.000976808019913733, -0.00033712221193127334, -0.0001308478240389377], [-6.94684058544226e-06, -0.00021658373589161783, 0.0001905481913127005, -1.6398613297496922e-05, -0.0002847466676030308, 0.0013485605595633388, -0.0013647086452692747, -0.0011923832353204489, 0.005207552574574947, -0.003793496172875166, 0.0004992621252313256, 0.001534761511720717, -0.0016198320081457496], [-7.849304529372603e-05, 8.454625640297309e-05, -0.0007137367501854897, 0.00019946681277360767, 0.0008052933262661099, -0.0006995183066464961, 0.0013041836209595203, -0.0002903745335061103, -0.003793496172875166, 0.005848693195730448, -0.0026045700069516897, -0.0003173098957631737, 0.0014777457108721137], [1.2199848242744338e-05, -1.4560800991603173e-06, 0.00030139199225232005, -0.001049503916874528, 3.423362068133429e-05, -0.00048801329103298485, -0.0005427400465123355, 0.000976808019913733, 0.0004992621252313256, -0.0026045700069516897, 0.005694535095244646, -0.0026316377334296703, 0.0001357312430627644], [3.2607651519356295e-05, 6.49308058200404e-05, -5.071867781225592e-05, 0.0006263632094487548, -0.0009284169063903391, 0.00029651488875970244, -0.0005185226909816265, -0.00033712221193127334, 0.001534761511720717, -0.0003173098957631737, -0.0026316377334296703, 0.005470849573612213, -0.0021566885989159346], [-0.00010551297600613907, -1.411003449902637e-05, -5.27829906786792e-05, 0.00012729113223031163, 0.0005692960694432259, -0.000868201139383018, 0.0005420473753474653, -0.0001308478240389377, -0.0016198320081457496, 0.0014777457108721137, 0.0001357312430627644, -0.0021566885989159346, 0.0037631697487086058]], "metadata.audio_properties.analysis.downmix": "mix", "metadata.audio_properties.codec": "mp3", "metadata.audio_properties.md5_encoded": "20d3ae5bc98c7849f1ad83e94674e63f", "metadata.tags.file_name": "1182282405118234634.mp3", "metadata.version.essentia": "2.1-beta6-dev", "metadata.version.essentia_git_sha": "v2.1_beta5-1110-g77a6a954", "metadata.version.extractor": "music 2.0", "tonal.chords_key": "A", "tonal.chords_scale": "major", "tonal.key_edma.key": "A", "tonal.key