{"song_id": "1182261158934233088", "download": "https://cdn.discordapp.com/attachments/1135911532732108921/1182261158934233088/chirp.mp4?ex=65840d81&amp", "lyrics": "\u05e2\u05d5\u05d3 \u05d9\u05d1\u05d5\u05d0\u05d5 \u05d9\u05de\u05d9\u05dd \u05d8\u05d5\u05d1\u05d9\u05dd \u05d0\u05e0\u05d9 \u05de\u05d1\u05d8\u05d9\u05d7\n\u05e2\u05d5\u05d3 \u05d9\u05d1\u05d5\u05d0\u05d5 \u05d9\u05de\u05d9\u05dd \u05d8\u05d5\u05d1\u05d9\u05dd\n\n\n\u05d2\u05dd \u05d1\u05e9\u05e2\u05d5\u05ea \u05d4\u05d7\u05e9\u05d5\u05db\u05d5\u05ea \u05e9\u05dc \u05d4\u05dc\u05d9\u05dc\u05d4\n\u05ea\u05de\u05d9\u05d3 \u05d9\u05d4\u05d9\u05d4 \u05db\u05d5\u05db\u05d1 \u05e7\u05d8\u05df \u05e9\u05d9\u05d0\u05d9\u05e8 \u05dc\u05da\n\u05d0\u05ea \u05e2\u05e6\u05de\u05da \u05d0\u05ea \u05d4\u05d3\u05e8\u05da \u05d4\u05d1\u05d9\u05ea\u05d4\n\u05ea\u05de\u05d9\u05d3 \u05d6\u05d4 \u05d4\u05db\u05d9 \u05d7\u05e9\u05d5\u05da \u05dc\u05e4\u05e0\u05d9 \u05d4\u05d6\u05e8\u05d9\u05d7\u05d4\n\u05de\u05d9\u05dc\u05d9\u05d5\u05df \u05e8\u05db\u05d1\u05d5\u05ea \u05d3\u05d5\u05d4\u05e8\u05d5\u05ea \u05e2\u05d3 \u05d0\u05d5\u05e1\u05d8\u05e8\u05dc\u05d9\u05d4\n\u05de\u05d7\u05e4\u05e9 \u05e8\u05d7\u05d5\u05e7 \u05d0\u05ea \u05de\u05d4 \u05e9\u05e0\u05de\u05e6\u05d0 \u05dc\u05da\n\u05de\u05ea\u05d7\u05ea \u05dc\u05d0\u05e3 \u05db\u05dc \u05de\u05db\u05e9\u05d5\u05dc \u05d6\u05d4 \u05de\u05d3\u05dc\u05d9\u05d4\n\u05e7\u05dd \u05d5\u05e0\u05d5\u05e4\u05dc \u05d0\u05d1\u05dc \u05d1\u05d3\u05e8\u05da \u05e9\u05dc\u05da", "style": ["random"], "essentia_features": {"lowlevel.average_loudness": 0.9810177087783813, "lowlevel.barkbands_crest.mean": 10.6804780960083, "lowlevel.barkbands_crest.stdev": 3.848616361618042, "lowlevel.barkbands_flatness_db.mean": 0.14749132096767426, "lowlevel.barkbands_flatness_db.stdev": 0.03354600444436073, "lowlevel.barkbands_kurtosis.mean": 3.382521867752075, "lowlevel.barkbands_kurtosis.stdev": 4.343223571777344, "lowlevel.barkbands_skewness.mean": 1.6645901203155518, "lowlevel.barkbands_skewness.stdev": 0.9538143277168274, "lowlevel.barkbands_spread.mean": 22.38100814819336, "lowlevel.barkbands_spread.stdev": 9.821822166442871, "lowlevel.dissonance.mean": 0.4662366211414337, "lowlevel.dissonance.stdev": 0.023394349962472916, "lowlevel.dynamic_complexity": 1.7894593477249146, "lowlevel.erbbands_crest.mean": 9.438611030578613, "lowlevel.erbbands_crest.stdev": 3.9465341567993164, "lowlevel.erbbands_flatness_db.mean": 0.15242597460746765, "lowlevel.erbbands_flatness_db.stdev": 0.041771985590457916, "lowlevel.erbbands_kurtosis.mean": 0.2007448375225067, "lowlevel.erbbands_kurtosis.stdev": 1.3406108617782593, "lowlevel.erbbands_skewness.mean": 0.13567352294921875, "lowlevel.erbbands_skewness.stdev": 0.5988523960113525, "lowlevel.erbbands_spread.mean": 40.98164749145508, "lowlevel.erbbands_spread.stdev": 16.31075096130371, "lowlevel.hfc.mean": 24.455032348632812, "lowlevel.hfc.stdev": 10.927827835083008, "lowlevel.loudness_ebu128.integrated": -13.293844223022461, "lowlevel.loudness_ebu128.loudness_range": 0.9308357238769531, "lowlevel.loudness_ebu128.momentary.mean": -13.402334213256836, "lowlevel.loudness_ebu128.momentary.stdev": 1.0179797410964966, "lowlevel.loudness_ebu128.short_term.mean": -13.264753341674805, "lowlevel.loudness_ebu128.short_term.stdev": 0.3082035183906555, "lowlevel.melbands_crest.mean": 15.37646484375, "lowlevel.melbands_crest.stdev": 5.204946517944336, "lowlevel.melbands_flatness_db.mean": 0.19929127395153046, "lowlevel.melbands_flatness_db.stdev": 0.03882327303290367, "lowlevel.melbands_kurtosis.mean": 14.407042503356934, "lowlevel.melbands_kurtosis.stdev": 15.107973098754883, "lowlevel.melbands_skewness.mean": 2.9824326038360596, "lowlevel.melbands_skewness.stdev": 1.6885013580322266, "lowlevel.melbands_spread.mean": 20.135818481445312, "lowlevel.melbands_spread.stdev": 9.413487434387207, "lowlevel.pitch_salience.mean": 0.5047072768211365, "lowlevel.pitch_salience.stdev": 0.09419100731611252, "lowlevel.silence_rate_20dB.mean": 1.0, "lowlevel.silence_rate_20dB.stdev": 0.0, "lowlevel.silence_rate_30dB.mean": 0.9993876218795776, "lowlevel.silence_rate_30dB.stdev": 0.024738481268286705, "lowlevel.silence_rate_60dB.mean": 0.0012247397098690271, "lowlevel.silence_rate_60dB.stdev": 0.03497470170259476, "lowlevel.spectral_centroid.mean": 1339.9892578125, "lowlevel.spectral_centroid.stdev": 384.8572998046875, "lowlevel.spectral_complexity.mean": 21.55174446105957, "lowlevel.spectral_complexity.stdev": 5.5741801261901855, "lowlevel.spectral_decrease.mean": -1.0885805146187977e-08, "lowlevel.spectral_decrease.stdev": 5.268938618741004e-09, "lowlevel.spectral_energy.mean": 0.04330367594957352, "lowlevel.spectral_energy.stdev": 0.02037367783486843, "lowlevel.spectral_energyband_high.mean": 0.0009143738425336778, "lowlevel.spectral_energyband_high.stdev": 0.0007608479354530573, "lowlevel.spectral_energyband_low.mean": 0.020499559119343758, "lowlevel.spectral_energyband_low.stdev": 0.014936680905520916, "lowlevel.spectral_energyband_middle_high.mean": 0.007457188796252012, "lowlevel.spectral_energyband_middle_high.stdev": 0.0060154953971505165, "lowlevel.spectral_energyband_middle_low.mean": 0.016644274815917015, "lowlevel.spectral_energyband_middle_low.stdev": 0.016138145700097084, "lowlevel.spectral_entropy.mean": 7.7415971755981445, "lowlevel.spectral_entropy.stdev": 0.2291313111782074, "lowlevel.spectral_flux.mean": 0.09514418989419937, "lowlevel.spectral_flux.stdev": 0.04811123013496399, "lowlevel.spectral_kurtosis.mean": 2.6457834243774414, "lowlevel.spectral_kurtosis.stdev": 1.5105313062667847, "lowlevel.spectral_rms.mean": 0.006328410468995571, "lowlevel.spectral_rms.stdev": 0.0014827994164079428, "lowlevel.spectral_rolloff.mean": 1022.3690185546875, "lowlevel.spectral_rolloff.stdev": 808.3624877929688, "lowlevel.spectral_skewness.mean": 1.2377967834472656, "lowlevel.spectral_skewness.stdev": 0.24744492769241333, "lowlevel.spectral_spread.mean": 4623204.0, "lowlevel.spectral_spread.stdev": 1116810.5, "lowlevel.spectral_strongpeak.mean": 0.95808345079422, "lowlevel.spectral_strongpeak.stdev": 1.1749807596206665, "lowlevel.zerocrossingrate.mean": 0.0520726703107357, "lowlevel.zerocrossingrate.stdev": 0.02100750431418419, "metadata.audio_properties.analysis.equal_loudness": 0.0, "metadata.audio_properties.analysis.length": 37.886940002441406, "metadata.audio_properties.analysis.sample_rate": 44100.0, "metadata.audio_properties.analysis.start_time": 0.0, "metadata.audio_properties.bit_rate": 117863.0, "metadata.audio_properties.length": 37.88800048828125, "metadata.audio_properties.lossless": 0.0, "metadata.audio_properties.number_channels": 1.0, "metadata.audio_properties.replay_gain": -12.427886962890625, "metadata.audio_properties.sample_rate": 48000.0, "rhythm.beats_count": 55.0, "rhythm.beats_loudness.mean": 0.05331386253237724, "rhythm.beats_loudness.stdev": 0.014975459314882755, "rhythm.bpm": 88.02113342285156, "rhythm.bpm_histogram_first_peak_bpm": 88.0, "rhythm.bpm_histogram_first_peak_weight": 0.018867909908294678, "rhythm.bpm_histogram_second_peak_bpm": 96.0, "rhythm.bpm_histogram_second_peak_spread": 0.0, "rhythm.bpm_histogram_second_peak_weight": 0.018518518656492233, "rhythm.danceability": 1.5566933155059814, "rhythm.onset_rate": 2.769968032836914, "tonal.chords_changes_rate": 0.036719705909490585, "tonal.chords_number_rate": 0.00856793113052845, "tonal.chords_strength.mean": 0.5504201650619507, "tonal.chords_strength.stdev": 0.07521393895149231, "tonal.hpcp_crest.mean": 13.986258506774902, "tonal.hpcp_crest.stdev": 6.109153747558594, "tonal.hpcp_entropy.mean": 1.8663667440414429, "tonal.hpcp_entropy.stdev": 0.643195390701294, "tonal.key_edma.strength": 0.615612804889679, "tonal.key_krumhansl.strength": 0.6222196817398071, "tonal.key_temperley.strength": 0.6155816316604614, "tonal.tuning_diatonic_strength": 0.5826632380485535, "tonal.tuning_equal_tempered_deviation": 0.2559705078601837, "tonal.tuning_frequency": 434.193115234375, "tonal.tuning_nontempered_energy_ratio": 0.971883237361908, "lowlevel.barkbands.mean": [0.0007296741241589189, 0.013093548826873302, 0.004571973346173763, 0.004601780325174332, 0.004156246315687895, 0.0014610245125368237, 0.0030000079423189163, 0.0015091021778061986, 0.0016828464576974511, 0.000992537010461092, 0.002179221948608756, 0.0006213773158378899, 0.0008436961215920746, 0.0006258438224904239, 0.0005385445547290146, 0.0004535322077572346, 0.0008412004681304097, 0.00015810152399353683, 0.00015230831922963262, 0.00034821435110643506, 0.00016817251162137836, 0.00020485642016865313, 0.00015451382205355912, 0.00012473686365410686, 6.633154407609254e-05, 2.425465027044993e-05, 4.266872366542884e-08], "lowlevel.barkbands.stdev": [0.0008517691749148071, 0.011207422241568565, 0.005438301712274551, 0.008507473394274712, 0.006165386643260717, 0.00360451964661479, 0.005963306874036789, 0.0037618279457092285, 0.0033666561357676983, 0.003325333120301366, 0.0030513086821883917, 0.0013490290148183703, 0.0016592623433098197, 0.0008865303825587034, 0.0008458342053927481, 0.00043149813427589834, 0.0005220352904871106, 0.00010831988765858114, 9.726521238917485e-05, 0.0002535854873713106, 0.00012043684546370059, 0.00018927655764855444, 0.00017078199016395956, 0.0002044494030997157, 0.00013775986735709012, 7.818603626219556e-05, 5.659403541358188e-07], "lowlevel.erbbands.mean": [0.4365457594394684, 2.6408472061157227, 5.766520023345947, 10.486833572387695, 15.459959030151367, 14.619370460510254, 8.396154403686523, 13.999686241149902, 28.791248321533203, 53.23390197753906, 32.359169006347656, 35.417537689208984, 35.155826568603516, 53.079200744628906, 71.4329605102539, 28.385089874267578, 36.445621490478516, 39.96071243286133, 29.706945419311523, 26.575572967529297, 31.604631423950195, 48.29244613647461, 11.527682304382324, 7.947694778442383, 9.713125228881836, 16.854936599731445, 8.674174308776855, 6.580807685852051, 7.5710906982421875, 5.6211652755737305, 4.155828475952148, 2.8783700466156006, 1.9668667316436768, 0.8976626396179199, 0.3821125328540802, 0.1606278121471405, 0.03541118651628494, 0.0022821431048214436, 7.46726946090348e-05, 5.4064566938905045e-05], "lowlevel.erbbands.stdev": [0.47275403141975403, 2.2951574325561523, 5.977639675140381, 15.220959663391113, 28.396265029907227, 23.957569122314453, 12.258079528808594, 40.88607406616211, 67.3961410522461, 112.17442321777344, 85.55526733398438, 73.10911560058594, 70.33955383300781, 117.70519256591797, 88.50354766845703, 55.653839111328125, 64.2320785522461, 67.84085845947266, 50.212120056152344, 27.25346565246582, 24.76900291442871, 30.749073028564453, 6.721076965332031, 4.727142810821533, 6.567256927490234, 12.93822193145752, 5.510425090789795, 5.078902244567871, 7.025688171386719, 5.572503089904785, 4.8212056159973145, 4.225433826446533, 3.4255831241607666, 1.7314236164093018, 0.8953210115432739, 0.48077860474586487, 0.1195196583867073, 0.010706747882068157, 0.00020451158343348652, 2.396015406702645e-05], "lowlevel.gfcc.mean": [31.963441848754883, 104.31763458251953, -127.89310455322266, 55.28391647338867, -57.94073486328125, 31.563138961791992, -34.790977478027344, 9.24746036529541, -17.491104125976562, -3.1113481521606445, -12.257390022277832, -3.7826051712036133, -0.7383430004119873], "lowlevel.melbands.mean": [0.003668952500447631, 0.003164520487189293, 0.0020048690494149923, 0.0010558186331763864, 0.000370772642781958, 0.00030484836315736175, 0.0004944265238009393, 0.000524981995113194, 0.00023525976575911045, 0.00023750538821332157, 0.00017525196017231792, 0.00020030734594911337, 0.000318762322422117, 5.7929599279304966e-05, 7.591504254378378e-05, 9.316710929851979e-05, 6.791367195546627e-05, 4.823628478334285e-05, 3.2720447052270174e-05, 3.143651701975614e-05, 3.802053470280953e-05, 5.972031794954091e-05, 1.6231697372859344e-05, 6.839770321676042e-06, 6.23864252702333e-06, 5.651328592648497e-06, 1.037852962326724e-05, 1.1302859093120787e-05, 5.926634003117215e-06, 3.887767888954841e-06, 3.72310796592501e-06, 4.408781478559831e-06, 3.7632973999279784e-06, 2.917195843110676e-06, 2.472350388416089e-06, 1.9903573047486134e-06, 1.7223120494236355e-06, 1.5615319171047304e-06, 8.837861855681695e-07, 7.17130831162649e-07], "lowlevel.melbands.stdev": [0.0034622731618583202, 0.0028102651704102755, 0.003087167162448168, 0.0015653172740712762, 0.000564480316825211, 0.0008383381646126509, 0.0010608842130750418, 0.00106509355828166, 0.0006343522691167891, 0.0004986552521586418, 0.00036310110590420663, 0.000517005508299917, 0.0004229162586852908, 0.00010673771612346172, 0.00016717631660867482, 0.00018225456005893648, 0.00011499860556796193, 7.996251952135935e-05, 4.064306995132938e-05, 3.2789259421406314e-05, 3.200556602678262e-05, 4.0493141568731517e-05, 1.1643615835055243e-05, 4.63513788417913e-06, 4.062169864482712e-06, 4.1468001654720865e-06, 9.006245818454772e-06, 8.683302439749241e-06, 4.032289325550664e-06, 3.0038443128432846e-06, 3.101780521319597e-06, 4.179232746537309e-06, 3.8026146285119466e-06, 3.019811856574961e-06, 2.9516393169615185e-06, 2.561556129876408e-06, 2.7914336442336207e-06, 2.782451247185236e-06, 1.6149397197295912e-06, 1.4695050367663498e-06], "lowlevel.melbands128.mean": [0.000612413277849555, 0.0036779073998332024, 0.00459900451824069, 0.004354490432888269, 0.0033394573256373405, 0.002006249036639929, 0.002059637103229761, 0.0023467126302421093, 0.0014964357251301408, 0.0009459302527830005, 0.0008618711726740003, 0.000467514677438885, 0.00019653476192615926, 0.00029757258016616106, 0.0003099626337643713, 0.00032608440960757434, 0.00030950421933084726, 0.0005377886700443923, 0.0006395544623956084, 0.0007985123083926737, 0.0002695868897717446, 0.0003042398893740028, 0.0002379897196078673, 0.00015260209329426289, 0.00021310252486728132, 0.00027150180540047586, 0.00032320263562723994, 0.00011062420526286587, 8.489845640724525e-05, 0.0002277609019074589, 0.00012071435048710555, 0.0003787011082749814, 0.0005519359838217497, 6.420087447622791e-05, 4.496502879192121e-05, 5.73405486647971e-05, 8.240072202170268e-05, 8.432173490291461e-05, 6.348149327095598e-05, 7.651003397768363e-05, 8.721695485292003e-05, 0.0001487233821535483, 5.862978287041187e-05, 3.454209945630282e-05, 4.861527486355044e-05, 5.493937715073116e-05, 4.962551247444935e-05, 1.489185706304852e-05, 3.0716164474142715e-05, 5.693489947589114e-05, 1.6627835066174157e-05, 2.5287461539846845e-05, 4.034794619656168e-05, 3.6041325074620545e-05, 5.297373718349263e-05, 8.762151992414147e-05, 3.858318450511433e-05, 1.7655993360676803e-05, 1.0354646292398684e-05, 6.667179604846751e-06, 6.895438673382159e-06, 6.656722689513117e-06, 6.30458725936478e-06, 6.532653969770763e-06, 5.263173989078496e-06, 5.821741524414392e-06, 5.381990376918111e-06, 6.430469056795118e-06, 1.2763447557517793e-05, 1.4496438780042809e-05, 1.1527964488777798e-05, 1.0250959348923061e-05, 7.103740244929213e-06, 5.409595360106323e-06, 4.065274424647214e-06, 3.5805715015158057e-06, 4.220560185785871e-06, 3.604685161917587e-06, 3.275771405242267e-06, 4.174179593974259e-06, 4.52476797363488e-06, 4.463254299480468e-06, 4.4135304051451385e-06, 3.7758600228698924e-06, 3.1313670660892967e-06, 3.01069303532131e-06, 2.7579774268815527e-06, 2.8542060590552865e-06, 2.51382857641147e-06, 2.1374582956923405e-06, 2.2455417365563335e-06, 1.9916158180421917e-06, 1.5039590834931005e-06, 1.6147141650435515e-06, 1.9877109025401296e-06, 1.7069510249712039e-06, 1.5804763506821473e-06, 1.1998499758192338e-06, 7.857737500671647e-07, 7.992307473614346e-07, 7.454603974110796e-07, 8.041592423069233e-07, 5.114855525789608e-07, 5.719654723179701e-07, 3.025525927569106e-07, 3.94434977124547e-07, 4.08785695071856e-07, 3.0829232855467126e-07, 2.848333338079101e-07, 2.3605780086199957e-07, 1.6828843740768207e-07, 1.344029527672319e-07, 1.0242933967674617e-07, 7.734647056167887e-08, 3.8167499383234826e-08, 1.4621806876391474e-08, 1.741103705654723e-09, 8.421181287021628e-12, 6.298602264753761e-12, 6.1240678327079134e-12, 5.9743928554345516e-12, 5.851237463300185e-12, 5.723428675441511e-12, 5.619518305549631e-12, 5.512593419937373e-12, 5.394970494648765e-12, 5.32190047239367e-12, 5.288772458172941e-12], "lowlevel.melbands128.stdev": [0.0007882870268076658, 0.004347360692918301, 0.004893177654594183, 0.0040791635401546955, 0.0035374860744923353, 0.002563036512583494, 0.002971705747768283, 0.004796712659299374, 0.0030873194336891174, 0.0015653152950108051, 0.001690894365310669, 0.0010016574524343014, 0.0004486570251174271, 0.0004437789029907435, 0.001005330472253263, 0.001382197835482657, 0.0008722552447579801, 0.0018347068689763546, 0.0014147391775622964, 0.0020351004786789417, 0.0008241834584623575, 0.0010363158071413636, 0.0009195049060508609, 0.00044492504093796015, 0.0006935444544069469, 0.0007739344146102667, 0.0008390485891140997, 0.0004224657022859901, 0.0003256797499489039, 0.001080236630514264, 0.000443811877630651, 0.0006758328527212143, 0.0007589874439872801, 9.924824553309008e-05, 0.00013055489398539066, 0.00016525742830708623, 0.00023480465461034328, 0.0002908536698669195, 0.00017648254288360476, 0.0002181949676014483, 0.00026089270249940455, 0.0003929284866899252, 0.00014243250188883394, 5.7512039347784594e-05, 6.429397035390139e-05, 0.00012587571109179407, 0.00014542545250151306, 2.4368106096517295e-05, 4.093280222150497e-05, 7.431546691805124e-05, 3.668772478704341e-05, 3.148633913951926e-05, 5.567250263993628e-05, 4.493382220971398e-05, 5.4940974223427474e-05, 7.888401160016656e-05, 3.5805016523227096e-05, 2.2356198314810172e-05, 1.1062038538511842e-05, 6.012282483425224e-06, 6.452296929637669e-06, 5.365039214666467e-06, 5.6341273193538655e-06, 5.6403314374620095e-06, 4.393230938148918e-06, 5.8574237300490495e-06, 4.652837105822982e-06, 6.272236987570068e-06, 1.417414296156494e-05, 1.8598861061036587e-05, 1.1895490388269536e-05, 9.537803634884767e-06, 6.528914582304424e-06, 4.607386017596582e-06, 3.773527851080871e-06, 3.2966704566206317e-06, 4.01072111344547e-06, 3.413975036892225e-06, 3.3409403386031045e-06, 4.246528078510892e-06, 5.008806056139292e-06, 5.220991170062916e-06, 4.96106076752767e-06, 4.239396275806939e-06, 3.781671466640546e-06, 3.4421616419422207e-06, 3.12675433633558e-06, 3.549806024238933e-06, 3.4316715300519718e-06, 2.7414107535150833e-06, 3.2273462693410693e-06, 2.6690449885791168e-06, 2.797612296490115e-06, 2.8744477731379448e-06, 3.512169996611192e-06, 3.128017397102667e-06, 3.3435997011110885e-06, 2.0435102214833023e-06, 1.7178859934574575e-06, 1.551237573949038e-06, 1.5328433846661937e-06, 1.752065713844786e-06, 1.2789715810868074e-06, 1.4531128726957832e-06, 7.814267632966221e-07, 1.0149711897611269e-06, 1.135000161411881e-06, 9.765966524355463e-07, 9.984777307181503e-07, 7.854854402467026e-07, 5.200657824389054e-07, 4.817291028302861e-07, 3.8984666161923087e-07, 3.5639749285110156e-07, 2.0838261605149455e-07, 1.2111769365219516e-07, 2.0597363814545133e-08, 2.559833248150234e-11, 8.568659670693535e-12, 8.338081960990174e-12, 8.13401429544669e-12, 7.953990764641983e-12, 7.793011895518287e-12, 7.657725148435546e-12, 7.544958581517935e-12, 7.455267306277769e-12, 7.389643584543304e-12, 7.349210649765237e-12], "lowlevel.mfcc.mean": [-599.3951416015625, 113.39051055908203, 1.6773412227630615, 26.360204696655273, 9.583991050720215, 17.549837112426758, 1.9575501680374146, 9.340134620666504, 6.3279128074646, 2.326648712158203, -7.133662223815918, 4.649752616882324, 4.887517929077148], "lowlevel.spectral_contrast_coeffs.mean": [-0.718349039554596, -0.7236229181289673, -0.7251488566398621, -0.7873837947845459, -0.7944952845573425, -0.7418797612190247], "lowlevel.spectral_contrast_coeffs.stdev": [0.06935343891382217, 0.08688078820705414, 0.0662224069237709, 0.037018537521362305, 0.02255711890757084, 0.03197848051786423], "lowlevel.spectral_contrast_valleys.mean": [-6.1463823318481445, -6.771963596343994, -7.202918529510498, -7.1149678230285645, -7.0513763427734375, -9.845911026000977], "lowlevel.spectral_contrast_valleys.stdev": [0.6967397928237915, 0.514032244682312, 0.4942930042743683, 0.3593515157699585, 0.30869191884994507, 0.7697019577026367], "rhythm.beats_loudness_band_ratio.mean": [0.5841832756996155, 0.10811389237642288, 0.14545847475528717, 0.09352102875709534, 0.05755471810698509, 0.03955456614494324], "rhythm.beats_loudness_band_ratio.stdev": [0.18999765813350677, 0.09432615339756012, 0.12396671622991562, 0.10269580036401749, 0.038439445197582245, 0.022399431094527245], "tonal.hpcp.mean": [0.2408221811056137, 0.23663519322872162, 0.09582117944955826, 0.0445128008723259, 0.04746456816792488, 0.07957623153924942, 0.22204948961734772, 0.2865937650203705, 0.14115789532661438, 0.04599346965551376, 0.03717754781246185, 0.028454309329390526, 0.04812061786651611, 0.06226435676217079, 0.04925369471311569, 0.07780749350786209, 0.09765614569187164, 0.06016051769256592, 0.047307129949331284, 0.04420649632811546, 0.050589803606271744, 0.2109205573797226, 0.29498186707496643, 0.1499677151441574, 0.057468026876449585, 0.05078330263495445, 0.07582167536020279, 0.18618044257164001, 0.22140614688396454, 0.13444887101650238, 0.17502522468566895, 0.1939634382724762, 0.0985051840543747, 0.0734010711312294, 0.08427198231220245, 0.11903081834316254], "tonal.hpcp.stdev": [0.35513004660606384, 0.35828861594200134, 0.1945190131664276, 0.13871705532073975, 0.14304803311824799, 0.18001218140125275, 0.27262330055236816, 0.31419268250465393, 0.20080870389938354, 0.14055326581001282, 0.13130687177181244, 0.10044026374816895, 0.11532597988843918, 0.14401458203792572, 0.09922800958156586, 0.1554325670003891, 0.1952323317527771, 0.11646537482738495, 0.09598087519407272, 0.089704729616642, 0.11656396836042404, 0.2655238211154938, 0.36014777421951294, 0.22993037104606628, 0.15967637300491333, 0.15870720148086548, 0.17533326148986816, 0.29548242688179016, 0.33744025230407715, 0.21808983385562897, 0.2875148057937622, 0.3336017429828644, 0.19827668368816376, 0.1839178204536438, 0.20620830357074738, 0.23984909057617188], "rhythm.beats_position": [0.6269387602806091, 1.2538775205612183, 1.9156461954116821, 2.600634813308716, 3.285623550415039, 3.9706122875213623, 4.6556010246276855, 5.34058952331543, 6.013967990875244, 6.6989569664001465, 7.372335433959961, 8.057324409484863, 8.74231243133545, 9.427301406860352, 10.112290382385254, 10.79727840423584, 11.470657348632812, 12.155646324157715, 12.8406343460083, 13.514013290405273, 14.199002265930176, 14.883990287780762, 15.557369232177734, 16.24235725402832, 16.92734718322754, 17.612335205078125, 18.29732322692871, 18.970703125, 19.655691146850586, 20.340679168701172, 21.01405906677246, 21.699047088623047, 22.372425079345703, 23.057415008544922, 23.742403030395508, 24.427391052246094, 25.112380981445312, 25.7973690032959, 26.482357025146484, 27.167346954345703, 27.84072494506836, 28.514102935791016, 29.199092864990234, 29.88408088684082, 30.569068908691406, 31.254058837890625, 31.92743682861328, 32.6124267578125, 33.29741287231445, 33.970794677734375, 34.64417266845703, 35.329158782958984, 36.0141487121582, 36.69913864135742, 37.384124755859375], "rhythm.bpm_histogram": [0.0, 0.0, 0.0, 0.0, 0.0, 0.0, 0.0, 0.0, 0.0, 0.0, 0.0, 0.0, 0.0, 0.0, 0.0, 0.0, 0.0, 0.0, 0.0, 0.0, 0.0, 0.0, 0.0, 0.0, 0.0, 0.0, 0.0, 0.0, 0.0, 0.0, 0.0, 0.0, 0.0, 0.0, 0.0, 0.0, 0.0, 0.0, 0.0, 0.0, 0.0, 0.0, 0.0, 0.0, 0.0, 0.0, 0.0, 0.0, 0.0, 0.0, 0.0, 0.0, 0.0, 0.0, 0.0, 0.0, 0.0, 0.0, 0.0, 0.0, 0.0, 0.0, 0.0, 0.0, 0.0, 0.0, 0.0, 0.0, 0.0, 0.0, 0.0, 0.0, 0.0, 0.0, 0.0, 0.0, 0.0, 0.0, 0.0, 0.0, 0.0, 0.0, 0.0, 0.0, 0.0, 0.0, 0.0, 0.0, 0.7222222089767456, 0.24074074625968933, 0.0, 0.018518518656492233, 0.0, 0.0, 0.0, 0.0, 0.018518518656492233, 0.0, 0.0, 0.0, 0.0, 0.0, 0.0, 0.0, 0.0, 0.0, 0.0, 0.0, 0.0, 0.0, 0.0, 0.0, 0.0, 0.0, 0.0, 0.0, 0.0, 0.0, 0.0, 0.0, 0.0, 0.0, 0.0, 0.0, 0.0, 0.0, 0.0, 0.0, 0.0, 0.0, 0.0, 0.0, 0.0, 0.0, 0.0, 0.0, 0.0, 0.0, 0.0, 0.0, 0.0, 0.0, 0.0, 0.0, 0.0, 0.0, 0.0, 0.0, 0.0, 0.0, 0.0, 0.0, 0.0, 0.0, 0.0, 0.0, 0.0, 0.0, 0.0, 0.0, 0.0, 0.0, 0.0, 0.0, 0.0, 0.0, 0.0, 0.0, 0.0, 0.0, 0.0, 0.0, 0.0, 0.0, 0.0, 0.0, 0.0, 0.0, 0.0, 0.0, 0.0, 0.0, 0.0, 0.0, 0.0, 0.0, 0.0, 0.0, 0.0, 0.0, 0.0, 0.0, 0.0, 0.0, 0.0, 0.0, 0.0, 0.0, 0.0, 0.0, 0.0, 0.0, 0.0, 0.0, 0.0, 0.0, 0.0, 0.0, 0.0, 0.0, 0.0, 0.0, 0.0, 0.0, 0.0, 0.0, 0.0, 0.0, 0.0, 0.0, 0.0, 0.0, 0.0, 0.0, 0.0, 0.0, 0.0, 0.0, 0.0, 0.0, 0.0, 0.0, 0.0, 0.0, 0.0, 0.0, 0.0, 0.0, 0.0, 0.0, 0.0, 0.0, 0.0, 0.0, 0.0, 0.0, 0.0, 0.0, 0.0, 0.0], "tonal.chords_histogram": [16.89106559753418, 17.74785804748535, 13.83108901977539, 0.0, 0.0, 12.23990249633789, 0.0, 27.66217803955078, 0.0, 9.669522285461426, 0.0, 0.0, 0.0, 0.0, 0.0, 0.0, 0.0, 0.0, 0.0, 0.0, 0.0, 0.0, 1.9583842754364014, 0.0], "tonal.thpcp": [1.0, 0.5083963871002197, 0.19481883943080902, 0.1721573770046234, 0.257038414478302, 0.6311589479446411, 0.7505754232406616, 0.45578691363334656, 0.5933423042297363, 0.6575435996055603, 0.3339363932609558, 0.24883247911930084, 0.28568530082702637, 0.4035190939903259, 0.8163965344429016, 0.8022025227546692, 0.3248375356197357, 0.15090012550354004, 0.16090673208236694, 0.26976650953292847, 0.7527564167976379, 0.971563994884491, 0.47853076457977295, 0.1559196561574936, 0.12603333592414856, 0.0964612141251564, 0.1631307601928711, 0.21107858419418335, 0.16697193682193756, 0.2637704312801361, 0.331058144569397, 0.20394650101661682, 0.1603730171918869, 0.14986173808574677, 0.17150139808654785, 0.7150288820266724], "lowlevel.gfcc.cov": [[1560.4813232421875, -224.14678955078125, 549.4136962890625, 12.703861236572266, -130.46763610839844, 287.6088562011719, -94.95741271972656, 183.9176788330078, -76.29572296142578, 119.42874145507812, -106.36717987060547, 23.270910263061523, -152.1096954345703], [-224.14678955078125, 649.9480590820312, -353.3184509277344, -43.243438720703125, -38.934207916259766, -118.7306137084961, 133.55955505371094, -99.5204086303711, 132.77517700195312, -88.37284851074219, 121.8573226928711, -143.8810577392578, 104.55902099609375], [549.4136962890625, -353.3184509277344, 736.7491455078125, 310.0082702636719, 106.70001220703125, 278.4880065917969, -117.46003723144531, 145.4236297607422, -88.98554992675781, 86.93111419677734, -58.62441635131836, 108.04928588867188, -54.17522048950195], [12.703861236572266, -43.243438720703125, 310.0082702636719, 427.654052734375, 134.1620635986328, 133.0286865234375, -47.50627899169922, 17.570056915283203, 13.878421783447266, -19.676071166992188, 29.321563720703125, 18.92703628540039, 74.16742706298828], [-130.46763610839844, -38.934207916259766, 106.70001220703125, 134.1620635986328, 181.7210693359375, 73.90911865234375, 28.42763900756836, 0.7414140701293945, -13.233263969421387, -1.9028385877609253, 6.214677810668945, 31.06452751159668, 36.311424255371094], [287.6088562011719, -118.7306137084961, 278.4880065917969, 133.0286865234375, 73.90911865234375, 293.3807373046875, 59.34147262573242, 95.83439636230469, -46.3244743347168, 11.351459503173828, -8.98707103729248, 19.08562660217285, -9.318559646606445], [-94.95741271972656, 133.55955505371094, -117.46003723144531, -47.50627899169922, 28.42763900756836, 59.34147262573242, 167.259765625, 16.02215576171875, 13.25553035736084, -40.41097640991211, 24.72655487060547, -33.19156265258789, 17.302719116210938], [183.9176788330078, -99.5204086303711, 145.4236297607422, 17.570056915283203, 0.7414140701293945, 95.83439636230469, 16.02215576171875, 117.00038146972656, 18.6829833984375, 45.17573165893555, -17.106857299804688, 15.377299308776855, -28.024066925048828], [-76.29572296142578, 132.77517700195312, -88.98554992675781, 13.878421783447266, -13.233263969421387, -46.3244743347168, 13.25553035736084, 18.6829833984375, 125.06685638427734, 28.3525333404541, 43.80233383178711, -38.1114387512207, 30.867109298706055], [119.42874145507812, -88.37284851074219, 86.93111419677734, -19.676071166992188, -1.9028385877609253, 11.351459503173828, -40.41097640991211, 45.17573165893555, 28.3525333404541, 102.24530029296875, 5.872849941253662, 25.53641700744629, -33.79861068725586], [-106.36717987060547, 121.8573226928711, -58.62441635131836, 29.321563720703125, 6.214677810668945, -8.98707103729248, 24.72655487060547, -17.106857299804688, 43.80233383178711, 5.872849941253662, 84.60211181640625, -0.8468807339668274, 44.34803771972656], [23.270910263061523, -143.8810577392578, 108.04928588867188, 18.92703628540039, 31.06452751159668, 19.08562660217285, -33.19156265258789, 15.377299308776855, -38.1114387512207, 25.53641700744629, -0.8468807339668274, 98.68392944335938, 6.088438034057617], [-152.1096954345703, 104.55902099609375, -54.17522048950195, 74.16742706298828, 36.311424255371094, -9.318559646606445, 17.302719116210938, -28.024066925048828, 30.867109298706055, -33.79861068725586, 44.34803771972656, 6.088438034057617, 94.15216827392578]], "lowlevel.gfcc.icov": [[0.0016218811506405473, -0.001319611445069313, -0.0005303421639837325, 5.080973096482921e-06, 0.0016667826566845179, -0.0017373791197314858, 0.0010083881206810474, -0.0006251920713111758, 0.000603032298386097, -0.0014386422699317336, 0.002133212983608246, -0.0009127762168645859, 0.0009304839768446982], [-0.001319611445069313, 0.00832902081310749, -0.0029288046061992645, 0.0027658469043672085, -0.0007190032047219574, 0.0036828669253736734, -0.005202884785830975, 0.005333766806870699, -0.005010654684156179, 0.004759225994348526, -0.008458293974399567, 0.009152940474450588, -0.005316692870110273], [-0.0005303421639837325, -0.0029288046061992645, 0.009183659218251705, -0.005683882627636194, -0.001169669907540083, -0.0037095132283866405, 0.005426936782896519, -0.006816689390689135, 0.0054020690731704235, -0.003768172115087509, 0.0034600847866386175, -0.006346612703055143, 0.004871998447924852], [5.080973096482921e-06, 0.0027658469043672085, -0.005683882627636194, 0.009236713871359825, -0.003097287379205227, -0.00015373544010799378, 0.0011215924751013517, 0.0036346479319036007, -0.005641769152134657, 0.0064666904509067535, -0.005184861831367016, 0.0057297805324196815, -0.00531226908788085], [0.0016667826566845179, -0.0007190032047219574, -0.001169669907540083, -0.003097287379205227, 0.011784299276769161, -0.0020640448201447725, -0.004361455794423819, 0.0035988728050142527, 0.0006216248730197549, -0.005472287535667419, 0.00547488359734416, -0.003067928133532405, -0.0021669247653335333], [-0.0017373791197314858, 0.0036828669253736734, -0.0037095132283866405, -0.00015373544010799378, -0.0020640448201447725, 0.012945467606186867, -0.0076752579770982265, -0.003024683566763997, 0.0034210372250527143, 0.0013299718266353011, -0.006303941830992699, 0.007104130927473307, -0.004456851165741682], [0.0010083881206810474, -0.005202884785830975, 0.005426936782896519, 0.0011215924751013517, -0.004361455794423819, -0.0076752579770982265, 0.018802082166075706, -0.009562439285218716, 0.002693049143999815, 0.004310603719204664, -0.0003079507441725582, -0.0037154287565499544, 0.0053169322200119495], [-0.0006251920713111758, 0.005333766806870699, -0.006816689390689135, 0.0036346479319036007, 0.0035988728050142527, -0.003024683566763997, -0.009562439285218716, 0.028270797803997993, -0.015153666026890278, -0.0007553700124844909, 0.002253205282613635, 0.0009862076258286834, -0.0016623790143057704], [0.000603032298386097, -0.005010654684156179, 0.0054020690731704235, -0.005641769152134657, 0.0006216248730197549, 0.0034210372250527143, 0.002693049143999815, -0.015153666026890278, 0.02715308777987957, -0.01341447327286005, -0.000556561688426882, 0.0043631670996546745, -0.00455260556191206], [-0.0014386422699317336, 0.004759225994348526, -0.003768172115087509, 0.0064666904509067535, -0.005472287535667419, 0.0013299718266353011, 0.004310603719204664, -0.0007553700124844909, -0.01341447327286005, 0.028696486726403236, -0.013255761936306953, 2.641173887241166e-05, 0.007294670678675175], [0.002133212983608246, -0.008458293974399567, 0.0034600847866386175, -0.005184861831367016, 0.00547488359734416, -0.006303941830992699, -0.0003079507441725582, 0.002253205282613635, -0.000556561688426882, -0.013255761936306953, 0.03257124125957489, -0.012959317304193974, -0.002173243323341012], [-0.0009127762168645859, 0.009152940474450588, -0.006346612703055143, 0.0057297805324196815, -0.003067928133532405, 0.007104130927473307, -0.0037154287565499544, 0.0009862076258286834, 0.0043631670996546745, 2.641173887241166e-05, -0.012959317304193974, 0.030175741761922836, -0.01421018410474062], [0.0009304839768446982, -0.005316692870110273, 0.004871998447924852, -0.00531226908788085, -0.0021669247653335333, -0.004456851165741682, 0.0053169322200119495, -0.0016623790143057704, -0.00455260556191206, 0.007294670678675175, -0.002173243323341012, -0.01421018410474062, 0.029993189498782158]], "lowlevel.mfcc.cov": [[1302.1873779296875, -72.07135009765625, 402.30712890625, -167.49134826660156, 9.616331100463867, 18.033266067504883, 32.22835159301758, 51.243431091308594, 1.471092939376831, 81.51145935058594, 65.8258056640625, 22.186479568481445, -25.366559982299805], [-72.07135009765625, 480.4866638183594, -305.27178955078125, -72.40837860107422, -195.97280883789062, -67.16775512695312, -37.80157470703125, -44.0446891784668, -16.23688507080078, 22.120445251464844, 32.42946243286133, -3.5356433391571045, -19.56128692626953], [402.30712890625, -305.27178955078125, 623.9818115234375, 91.20294189453125, 262.988037109375, 112.3714828491211, 94.70643615722656, 84.52970886230469, 29.287776947021484, 24.574254989624023, 2.0914762020111084, 40.82483673095703, 21.5654354095459], [-167.49134826660156, -72.40837860107422, 91.20294189453125, 250.49940490722656, 146.3166046142578, 45.079681396484375, -18.168210983276367, -9.256471633911133, 13.954773902893066, -23.68916893005371, -45.942848205566406, 3.093082904815674, 30.460865020751953], [9.616331100463867, -195.97280883789062, 262.988037109375, 146.3166046142578, 260.72686767578125, 100.34770202636719, 45.4615364074707, 26.095502853393555, 29.814193725585938, 3.3517143726348877, -26.409467697143555, 17.539583206176758, 22.072574615478516], [18.033266067504883, -67.16775512695312, 112.3714828491211, 45.079681396484375, 100.34770202636719, 132.964111328125, 100.20196533203125, 51.52060317993164, 19.821470260620117, 2.261399030685425, -8.3344087600708, 6.817675590515137, -9.650788307189941], [32.22835159301758, -37.80157470703125, 94.70643615722656, -18.168210983276367, 45.4615364074707, 100.20196533203125, 171.19366455078125, 92.10765838623047, 24.69893455505371, 2.8593006134033203, 3.910228967666626, 8.221440315246582, -18.04961395263672], [51.243431091308594, -44.0446891784668, 84.52970886230469, -9.256471633911133, 26.095502853393555, 51.52060317993164, 92.10765838623047, 105.11815643310547, 39.978477478027344, 8.970019340515137, -2.646920919418335, 8.180879592895508, -8.224215507507324], [1.471092939376831, -16.23688507080078, 29.287776947021484, 13.954773902893066, 29.814193725585938, 19.821470260620117, 24.69893455505371, 39.978477478027344, 68.80928039550781, 37.559696197509766, 6.605600357055664, 10.108686447143555, 1.8898019790649414], [81.51145935058594, 22.120445251464844, 24.574254989624023, -23.68916893005371, 3.3517143726348877, 2.261399030685425, 2.8593006134033203, 8.970019340515137, 37.559696197509766, 86.78264617919922, 44.04656982421875, 16.245885848999023, -6.341993808746338], [65.8258056640625, 32.42946243286133, 2.0914762020111084, -45.942848205566406, -26.409467697143555, -8.3344087600708, 3.910228967666626, -2.646920919418335, 6.605600357055664, 44.04656982421875, 74.14263916015625, 28.647789001464844, -5.316482067108154], [22.186479568481445, -3.5356433391571045, 40.82483673095703, 3.093082904815674, 17.539583206176758, 6.817675590515137, 8.221440315246582, 8.180879592895508, 10.108686447143555, 16.245885848999023, 28.647789001464844, 59.04957580566406, 27.396738052368164], [-25.366559982299805, -19.56128692626953, 21.5654354095459, 30.460865020751953, 22.072574615478516, -9.650788307189941, -18.04961395263672, -8.224215507507324, 1.8898019790649414, -6.341993808746338, -5.316482067108154, 27.396738052368164, 71.3358154296875]], "lowlevel.mfcc.icov": [[0.0013640534598380327, -0.00026774671277962625, -0.0014401061926037073, 0.001002994948066771, 0.0006433272501453757, -0.00047028009430505335, 0.0007754139951430261, -0.0002386585547355935, 0.0004124366969335824, -0.0007763345493003726, 2.7402162231737748e-05, 0.00026533257914707065, 0.0001448988914489746], [-0.00026774671277962625, 0.0037072685081511736, 0.0013702416326850653, -0.0010606383439153433, 0.002130635781213641, -7.967664714669809e-05, -0.0009637748589739203, 0.0009567703236825764, 0.0003328028251416981, -0.001445024972781539, 2.5063043722184375e-05, -0.0010617623338475823, 0.0004288084164727479], [-0.0014401061926037073, 0.0013702416326850653, 0.005317692179232836, -0.0007153622573241591, -0.004063400439918041, 0.0010337872663512826, -0.000894322816748172, -0.0024322778917849064, 0.0020222810562700033, -0.0006271277088671923, -0.0006372109637595713, -0.0012220186181366444, -0.00023552241327706724], [0.001002994948066771, -0.0010606383439153433, -0.0007153622573241591, 0.008323893882334232, -0.0041739242151379585, -0.001772427000105381, 0.0029948740266263485, 2.2416352294385433e-06, -0.0012858551926910877, 0.001276936149224639, 0.0021874087397009134, -1.534019611426629e-05, -0.0011460470268502831], [0.0006433272501453757, 0.002130635781213641, -0.004063400439918041, -0.0041739242151379585, 0.014507251791656017, -0.006097318604588509, -1.9545921531971544e-05, 0.004336436744779348, -0.003115651896223426, -0.001631670049391687, 0.002376506570726633, -0.0012796293012797832, -0.00038894591853022575], [-0.00047028009430505335, -7.967664714669809e-05, 0.0010337872663512826, -0.001772427000105381, -0.006097318604588509, 0.02009500004351139, -0.01090004201978445, 0.0005010076565667987, 0.0007893110741861165, -0.0007431629346683621, 0.0009929253719747066, -0.0011187371565029025, 0.0025769162457436323], [0.0007754139951430261, -0.0009637748589739203, -0.000894322816748172, 0.0029948740266263485, -1.9545921531971544e-05, -0.01090004201978445, 0.018919488415122032, -0.011984133161604404, 0.0020117873791605234, 0.0018155615543946624, -0.002400630386546254, 0.00038986210711300373, 0.0007193055935204029], [-0.0002386585547355935, 0.0009567703236825764, -0.0024322778917849064, 2.2416352294385433e-06, 0.004336436744779348, 0.0005010076565667987, -0.011984133161604404, 0.0263618566095829, -0.013192919082939625, 0.0025220729876309633, 0.0037514606956392527, -0.00241863913834095, 0.0014270017854869366], [0.0004124366969335824, 0.0003328028251416981, 0.0020222810562700033, -0.0012858551926910877, -0.003115651896223426, 0.0007893110741861165, 0.0020117873791605234, -0.013192919082939625, 0.029886813834309578, -0.014501837082207203, 0.0034532579593360424, -0.0013973790919408202, -0.0010524917161092162], [-0.0007763345493003726, -0.001445024972781539, -0.0006271277088671923, 0.001276936149224639, -0.001631670049391687, -0.0007431629346683621, 0.0018155615543946624, 0.0025220729876309633, -0.014501837082207203, 0.025549063459038734, -0.013042711652815342, 0.0018026219913735986, 0.0011177250416949391], [2.7402162231737748e-05, 2.5063043722184375e-05, -0.0006372109637595713, 0.0021874087397009134, 0.002376506570726633, 0.0009929253719747066, -0.002400630386546254, 0.0037514606956392527, 0.0034532579593360424, -0.013042711652815342, 0.02931167185306549, -0.01417476311326027, 0.004876659717410803], [0.00026533257914707065, -0.0010617623338475823, -0.0012220186181366444, -1.534019611426629e-05, -0.0012796293012797832, -0.0011187371565029025, 0.00038986210711300373, -0.00241863913834095, -0.0013973790919408202, 0.0018026219913735986, -0.01417476311326027, 0.030801506713032722, -0.012444974854588509], [0.0001448988914489746, 0.0004288084164727479, -0.00023552241327706724, -0.0011460470268502831, -0.00038894591853022575, 0.0025769162457436323, 0.0007193055935204029, 0.0014270017854869366, -0.0010524917161092162, 0.0011177250416949391, 0.004876659717410