{"song_id": "1182279768981385227", "download": "https://cdn.discordapp.com/attachments/1128313332273782784/1182279768981385227/chirp.mp4?ex=65841ed6&amp", "lyrics": "[Verse]\nFor God so loved the world, He gave His only Son\nTo save us all, redemption had begun\nThrough faith in Him, eternal life we'd find\nThe greatest love story of all time\n\n[Chorus]\nJohn 3:16, a message loud and clear\nGod's love shining bright, casting out all fear\nHis Son's sacrifice, our sins He did erase\nIn John 3:16, His grace we embrace", "style": ["sertanejo"], "essentia_features": {"lowlevel.average_loudness": 0.9629237651824951, "lowlevel.barkbands_crest.mean": 14.296795845031738, "lowlevel.barkbands_crest.stdev": 5.093597888946533, "lowlevel.barkbands_flatness_db.mean": 0.2187913954257965, "lowlevel.barkbands_flatness_db.stdev": 0.058007676154375076, "lowlevel.barkbands_kurtosis.mean": 20.15789794921875, "lowlevel.barkbands_kurtosis.stdev": 24.444700241088867, "lowlevel.barkbands_skewness.mean": 3.181671142578125, "lowlevel.barkbands_skewness.stdev": 2.1599183082580566, "lowlevel.barkbands_spread.mean": 17.723716735839844, "lowlevel.barkbands_spread.stdev": 22.99142074584961, "lowlevel.dissonance.mean": 0.4431702196598053, "lowlevel.dissonance.stdev": 0.036989081650972366, "lowlevel.dynamic_complexity": 3.3882055282592773, "lowlevel.erbbands_crest.mean": 13.713403701782227, "lowlevel.erbbands_crest.stdev": 5.3553619384765625, "lowlevel.erbbands_flatness_db.mean": 0.1798740029335022, "lowlevel.erbbands_flatness_db.stdev": 0.050171926617622375, "lowlevel.erbbands_kurtosis.mean": 2.880913496017456, "lowlevel.erbbands_kurtosis.stdev": 4.984219074249268, "lowlevel.erbbands_skewness.mean": 1.1213037967681885, "lowlevel.erbbands_skewness.stdev": 1.3709629774093628, "lowlevel.erbbands_spread.mean": 47.51197814941406, "lowlevel.erbbands_spread.stdev": 34.12150955200195, "lowlevel.hfc.mean": 19.472341537475586, "lowlevel.hfc.stdev": 19.957918167114258, "lowlevel.loudness_ebu128.integrated": -16.6630859375, "lowlevel.loudness_ebu128.loudness_range": 2.0611162185668945, "lowlevel.loudness_ebu128.momentary.mean": -17.57899284362793, "lowlevel.loudness_ebu128.momentary.stdev": 3.2978436946868896, "lowlevel.loudness_ebu128.short_term.mean": -16.696683883666992, "lowlevel.loudness_ebu128.short_term.stdev": 0.7633283138275146, "lowlevel.melbands_crest.mean": 17.198951721191406, "lowlevel.melbands_crest.stdev": 5.43053674697876, "lowlevel.melbands_flatness_db.mean": 0.2856886386871338, "lowlevel.melbands_flatness_db.stdev": 0.06845059245824814, "lowlevel.melbands_kurtosis.mean": 47.031925201416016, "lowlevel.melbands_kurtosis.stdev": 46.28868103027344, "lowlevel.melbands_skewness.mean": 4.659403324127197, "lowlevel.melbands_skewness.stdev": 2.6751866340637207, "lowlevel.melbands_spread.mean": 13.833660125732422, "lowlevel.melbands_spread.stdev": 19.613628387451172, "lowlevel.pitch_salience.mean": 0.4618013799190521, "lowlevel.pitch_salience.stdev": 0.11782167106866837, "lowlevel.silence_rate_20dB.mean": 1.0, "lowlevel.silence_rate_20dB.stdev": 0.0, "lowlevel.silence_rate_30dB.mean": 0.9424673914909363, "lowlevel.silence_rate_30dB.stdev": 0.2328583002090454, "lowlevel.silence_rate_60dB.mean": 0.030249109491705894, "lowlevel.silence_rate_60dB.stdev": 0.1712733656167984, "lowlevel.spectral_centroid.mean": 797.0366821289062, "lowlevel.spectral_centroid.stdev": 582.4119873046875, "lowlevel.spectral_complexity.mean": 8.904507637023926, "lowlevel.spectral_complexity.stdev": 4.957329273223877, "lowlevel.spectral_decrease.mean": -8.673914919654635e-09, "lowlevel.spectral_decrease.stdev": 9.078651608263044e-09, "lowlevel.spectral_energy.mean": 0.034503545612096786, "lowlevel.spectral_energy.stdev": 0.03491871431469917, "lowlevel.spectral_energyband_high.mean": 0.0009620098280720413, "lowlevel.spectral_energyband_high.stdev": 0.0020446369890123606, "lowlevel.spectral_energyband_low.mean": 0.013671468012034893, "lowlevel.spectral_energyband_low.stdev": 0.026873083785176277, "lowlevel.spectral_energyband_middle_high.mean": 0.0036727425176650286, "lowlevel.spectral_energyband_middle_high.stdev": 0.00713013019412756, "lowlevel.spectral_energyband_middle_low.mean": 0.01733015663921833, "lowlevel.spectral_energyband_middle_low.stdev": 0.017105834558606148, "lowlevel.spectral_entropy.mean": 6.991396903991699, "lowlevel.spectral_entropy.stdev": 0.6818786859512329, "lowlevel.spectral_flux.mean": 0.07491184026002884, "lowlevel.spectral_flux.stdev": 0.07289592921733856, "lowlevel.spectral_kurtosis.mean": 5.3771843910217285, "lowlevel.spectral_kurtosis.stdev": 5.4210357666015625, "lowlevel.spectral_rms.mean": 0.0052091386169195175, "lowlevel.spectral_rms.stdev": 0.0025547791738063097, "lowlevel.spectral_rolloff.mean": 1325.8856201171875, "lowlevel.spectral_rolloff.stdev": 2485.075439453125, "lowlevel.spectral_skewness.mean": 1.7907209396362305, "lowlevel.spectral_skewness.stdev": 0.7448659539222717, "lowlevel.spectral_spread.mean": 5958692.5, "lowlevel.spectral_spread.stdev": 2810194.75, "lowlevel.spectral_strongpeak.mean": 1.071645975112915, "lowlevel.spectral_strongpeak.stdev": 1.1333004236221313, "lowlevel.zerocrossingrate.mean": 0.053301140666007996, "lowlevel.zerocrossingrate.stdev": 0.058235954493284225, "metadata.audio_properties.analysis.equal_loudness": 0.0, "metadata.audio_properties.analysis.length": 39.125328063964844, "metadata.audio_properties.analysis.sample_rate": 44100.0, "metadata.audio_properties.analysis.start_time": 0.0, "metadata.audio_properties.bit_rate": 116686.0, "metadata.audio_properties.length": 39.12533187866211, "metadata.audio_properties.lossless": 0.0, "metadata.audio_properties.number_channels": 1.0, "metadata.audio_properties.replay_gain": -10.024309158325195, "metadata.audio_properties.sample_rate": 48000.0, "rhythm.beats_count": 66.0, "rhythm.beats_loudness.mean": 0.05621623992919922, "rhythm.beats_loudness.stdev": 0.04270079359412193, "rhythm.bpm": 103.73814392089844, "rhythm.bpm_histogram_first_peak_bpm": 103.0, "rhythm.bpm_histogram_first_peak_weight": 0.674418568611145, "rhythm.bpm_histogram_second_peak_bpm": 108.0, "rhythm.bpm_histogram_second_peak_spread": 0.0, "rhythm.bpm_histogram_second_peak_weight": 0.16923077404499054, "rhythm.danceability": 1.2423691749572754, "rhythm.onset_rate": 3.832667350769043, "tonal.chords_changes_rate": 0.034360188990831375, "tonal.chords_number_rate": 0.004739336669445038, "tonal.chords_strength.mean": 0.4931151866912842, "tonal.chords_strength.stdev": 0.08345873653888702, "tonal.hpcp_crest.mean": 16.324451446533203, "tonal.hpcp_crest.stdev": 7.29922342300415, "tonal.hpcp_entropy.mean": 1.6751898527145386, "tonal.hpcp_entropy.stdev": 0.6801170110702515, "tonal.key_edma.strength": 0.6477429866790771, "tonal.key_krumhansl.strength": 0.6311675310134888, "tonal.key_temperley.strength": 0.6085790991783142, "tonal.tuning_diatonic_strength": 0.5192221403121948, "tonal.tuning_equal_tempered_deviation": 0.03978203237056732, "tonal.tuning_frequency": 441.0177917480469, "tonal.tuning_nontempered_energy_ratio": 0.6215990781784058, "lowlevel.barkbands.mean": [0.00025387678761035204, 0.007863997481763363, 0.00445037055760622, 0.0021934378892183304, 0.008525279350578785, 0.0038026771508157253, 0.0003822266298811883, 0.0019333520904183388, 0.00045613147085532546, 0.0008036067010834813, 0.0005804786924272776, 0.0006367676542140543, 0.00033039378467947245, 0.0006275248597376049, 0.00015866845205891877, 0.00011440407979534939, 0.00010052024299511686, 0.00013584643602371216, 0.00014109422045294195, 0.0001484963286202401, 8.291739504784346e-05, 6.30259164609015e-05, 0.0001482443040004, 0.0002668600936885923, 0.00022188646835274994, 8.098991384031251e-05, 5.154795985617966e-07], "lowlevel.barkbands.stdev": [0.0006958342855796218, 0.02017652802169323, 0.009834307245910168, 0.008281739428639412, 0.008852440863847733, 0.007190022151917219, 0.0015597681049257517, 0.005591638386249542, 0.0017448614817112684, 0.0026794958394020796, 0.002177306916564703, 0.002498995279893279, 0.0014923862181603909, 0.0020842531230300665, 0.0005738720647059381, 0.00034661690006032586, 0.0003533164272084832, 0.00034478248562663794, 0.0003780943516176194, 0.0003672510210890323, 0.000257364270510152, 0.00017223518807440996, 0.0004272905644029379, 0.0006746400613337755, 0.000625281420070678, 0.0002685356594156474, 2.45407818511012e-06], "lowlevel.erbbands.mean": [0.2681008279323578, 1.6310616731643677, 4.716440200805664, 6.570387840270996, 9.250080108642578, 38.9740104675293, 53.114784240722656, 15.43329906463623, 2.6960039138793945, 19.793317794799805, 41.510459899902344, 8.805668830871582, 16.66691780090332, 34.687740325927734, 15.6815824508667, 21.212772369384766, 17.59723663330078, 28.58663558959961, 17.209070205688477, 7.9772820472717285, 7.46403694152832, 7.312400817871094, 6.947924613952637, 7.887928009033203, 6.284880638122559, 6.748421669006348, 5.5385589599609375, 2.1160476207733154, 2.0727124214172363, 2.954401969909668, 4.547207832336426, 4.86738920211792, 4.887676239013672, 3.141395092010498, 1.163709282875061, 0.47099968791007996, 0.1324232965707779, 0.010574458166956902, 0.00024402618873864412, 5.309885455062613e-05], "lowlevel.erbbands.stdev": [0.7589704990386963, 4.087869167327881, 9.500992774963379, 22.423200607299805, 21.10821533203125, 41.818634033203125, 67.31743621826172, 27.862512588500977, 5.7124762535095215, 54.6556510925293, 109.49046325683594, 25.85195541381836, 54.073204040527344, 98.20276641845703, 65.52896881103516, 77.07884216308594, 65.84637451171875, 90.16404724121094, 63.835506439208984, 30.776966094970703, 21.427492141723633, 24.00058937072754, 20.170209884643555, 18.160240173339844, 16.63070297241211, 17.209362030029297, 15.098292350769043, 6.500762462615967, 5.799339771270752, 8.585726737976074, 12.959091186523438, 13.13634967803955, 12.241376876831055, 9.272829055786133, 3.235167980194092, 1.548094630241394, 0.4264710247516632, 0.03421320393681526, 0.0006905598565936089, 5.397661152528599e-05], "lowlevel.gfcc.mean": [-39.296958923339844, 89.55330657958984, -82.32146453857422, 37.18293762207031, -62.5551643371582, 8.306079864501953, -54.471492767333984, 0.5271624326705933, -45.8524169921875, -7.96375036239624, -14.203174591064453, -6.808065414428711, -7.098307132720947], "lowlevel.melbands.mean": [0.0022526690736413, 0.002291468670591712, 0.0012073727557435632, 0.0015238350024446845, 0.001967798685654998, 0.0004259457637090236, 4.498776252148673e-05, 0.00029235612601041794, 0.00029712796094827354, 4.54551845905371e-05, 9.016975673148409e-05, 0.00014767004176974297, 5.947164390818216e-05, 6.210203719092533e-05, 4.737962080980651e-05, 4.001282650278881e-05, 5.6533684983151034e-05, 3.282462421339005e-05, 1.2176801647001412e-05, 7.229512902995339e-06, 8.125151907734107e-06, 7.839908903406467e-06, 5.838890047016321e-06, 5.56126451556338e-06, 6.600868800887838e-06, 5.3359513003670145e-06, 3.7007860100857215e-06, 4.837062988372054e-06, 4.163114226685138e-06, 1.958808752533514e-06, 9.78587650024565e-07, 1.049489128490677e-06, 1.4342430176839116e-06, 1.745682311593555e-06, 2.4574503640906187e-06, 3.0407265967369312e-06, 2.936823875643313e-06, 3.5001298783754464e-06, 3.172813649143791e-06, 2.4899973141145892e-06], "lowlevel.melbands.stdev": [0.006121154874563217, 0.004432999063283205, 0.00367180397734046, 0.0017814410384744406, 0.0020283181220293045, 0.000818068569060415, 0.0001443845103494823, 0.0008011664031073451, 0.0007421385962516069, 0.0001981818350031972, 0.00030564816552214324, 0.00041138657252304256, 0.00023804453667253256, 0.0003052671381738037, 0.00021053329692222178, 0.0001857486495282501, 0.00019182100368198007, 0.0001438050385331735, 4.981194433639757e-05, 2.5341691070934758e-05, 2.521227543184068e-05, 2.8526015739771537e-05, 1.679467641224619e-05, 1.391082059853943e-05, 1.6501335267093964e-05, 1.503446401329711e-05, 1.1303246537863743e-05, 1.3184088857087772e-05, 1.0625529284880031e-05, 6.7792834670399316e-06, 3.1544909688818734e-06, 3.0254277589847334e-06, 4.200318471703213e-06, 5.3952257985656615e-06, 7.4251729529351e-06, 8.653932127344888e-06, 8.029560376598965e-06, 8.903356501832604e-06, 8.562195944250561e-06, 7.725224349997006e-06], "lowlevel.melbands128.mean": [0.00024413905339315534, 0.002161300741136074, 0.0031164789106696844, 0.0024343945551663637, 0.0024250163696706295, 0.0020847483538091183, 0.0013160360977053642, 0.0010873213177546859, 0.0008179970900528133, 0.0008805164834484458, 0.0026722587645053864, 0.002369817579165101, 0.0019548290874809027, 0.0014024984557181597, 0.0001886645914055407, 6.333256169455126e-05, 1.797685763449408e-05, 1.4629590623371769e-05, 9.821741696214303e-05, 0.00017718688468448818, 0.0004109081346541643, 0.0006226879777386785, 0.00020619816496036947, 0.00011915932554984465, 1.5479054127354175e-05, 3.5808956454275176e-05, 5.348804188542999e-05, 4.317982529755682e-05, 0.00019767419144045562, 0.00012929340300615877, 0.000165459219715558, 0.00012070267257513478, 3.1824423786019906e-05, 1.5576108125969768e-05, 9.309355664299801e-05, 5.662048715748824e-05, 4.086594344698824e-05, 8.402509411098436e-05, 1.2130496543250047e-05, 3.584488877095282e-05, 5.1848746807081625e-05, 3.385966192581691e-05, 6.716278585372493e-05, 5.191547825234011e-05, 6.374780787155032e-05, 2.570577089500148e-05, 5.783726919617038e-06, 1.1904222446901258e-05, 1.7491744074504822e-05, 7.729860953986645e-06, 2.9868931505916407e-06, 8.058878847805317e-06, 1.5330913811339997e-05, 3.6675530736829387e-06, 2.8969877803319832e-06, 1.3575205230154097e-05, 6.493453838629648e-06, 2.191026624132064e-06, 7.65689583204221e-06, 8.994400559458882e-06, 2.415509470665711e-06, 5.791327112092404e-06, 8.002278264029883e-06, 5.6884673540480435e-06, 6.56369866192108e-06, 6.442485755542293e-06, 3.2436398669233313e-06, 4.600304237101227e-06, 3.1993026823329274e-06, 3.491988991299877e-06, 4.645908575184876e-06, 5.8631394495023414e-06, 5.491758656717138e-06, 3.749555162357865e-06, 2.6168465865339385e-06, 2.5452368390688207e-06, 1.3550595667766174e-06, 8.870404712979507e-07, 9.87596081358788e-07, 9.850620017459732e-07, 9.98203404378728e-07, 1.03201170986722e-06, 1.2706145753327291e-06, 1.5901423466857523e-06, 1.462533873564098e-06, 1.4605692513214308e-06, 1.793996261767461e-06, 2.350439672227367e-06, 2.2750996322429273e-06, 2.70904456556309e-06, 3.1754589144838974e-06, 3.148476025671698e-06, 2.873663561331341e-06, 2.8926633603987284e-06, 2.8352162644296186e-06, 3.4826393857656512e-06, 3.701388095578295e-06, 3.515877324389294e-06, 3.123297346974141e-06, 3.055577963095857e-06, 2.9498110052372795e-06, 2.3845052510296227e-06, 2.0071393009857275e-06, 1.592742250977608e-06, 1.167695131698565e-06, 9.006408276945876e-07, 1.1228648872929625e-06, 8.387293064515688e-07, 8.054670956880727e-07, 7.504508516831265e-07, 6.532685006277461e-07, 4.4071771299059037e-07, 4.483871123284189e-07, 3.074353571719257e-07, 1.6979979022835323e-07, 9.158258507113715e-08, 2.2142428335314435e-08, 1.4506577050710234e-09, 3.8962864185032586e-11, 6.4424633162973866e-12, 6.490125711161587e-12, 5.518727835829296e-12, 5.2313114777546854e-12, 5.129170959489171e-12, 5.006968364223985e-12, 4.858509428107283e-12, 4.769939651594335e-12, 4.735823712354037e-12], "lowlevel.melbands128.stdev": [0.0006796224042773247, 0.006270668003708124, 0.009523562155663967, 0.006101485341787338, 0.004782209172844887, 0.005052394699305296, 0.0050874981097877026, 0.003690018318593502, 0.002069600159302354, 0.001415939535945654, 0.003095833119004965, 0.002753284526988864, 0.0028951368294656277, 0.0029414405580610037, 0.00038421034696511924, 0.00013347029744181782, 4.138710573897697e-05, 8.251186955021694e-05, 0.0004349861992523074, 0.0007501658401452005, 0.001401626388542354, 0.0020007402636110783, 0.0005647236830554903, 0.0004274984821677208, 6.195771129569039e-05, 0.00034137480542995036, 0.00043054495472460985, 0.0002087380999000743, 0.0007653530337847769, 0.0005187803762964904, 0.00064229522831738, 0.00044095609337091446, 0.00034947850508615375, 0.00019723919103853405, 0.0005776347825303674, 0.0003480173763819039, 0.00020442157983779907, 0.0004470170824788511, 7.561886741314083e-05, 0.0002318281476618722, 0.0002862567489501089, 0.00019961582438554615, 0.0002970741770695895, 0.00023548990429844707, 0.00039752176962792873, 0.0001215148440678604, 3.0168741432134993e-05, 6.104118074290454e-05, 9.472498641116545e-05, 4.338618236943148e-05, 2.4672361178090796e-05, 2.86832801066339e-05, 5.622721801046282e-05, 1.5303934560506605e-05, 1.731887095957063e-05, 5.394526306190528e-05, 2.851353565347381e-05, 8.937543498177547e-06, 2.4963692339952104e-05, 4.070809154654853e-05, 6.293656497291522e-06, 1.6695301383151673e-05, 1.8280843505635858e-05, 2.8422722607501782e-05, 2.6889638320426457e-05, 2.0932600818923675e-05, 1.239801713381894e-05, 2.6588159016682766e-05, 9.06677723833127e-06, 1.0339761502109468e-05, 1.5918885765131563e-05, 1.854667607403826e-05, 1.4674311387352645e-05, 9.636918548494577e-06, 1.1835555596917402e-05, 9.195545317197684e-06, 4.491718755161855e-06, 3.3990288557106396e-06, 3.5521111385605764e-06, 3.0866813176544383e-06, 3.346910261825542e-06, 3.173317963955924e-06, 4.051490577694494e-06, 5.183838766242843e-06, 4.4196663111506496e-06, 4.708508640760556e-06, 5.9768740356958006e-06, 8.648461516713724e-06, 7.352619832090568e-06, 8.240358511102386e-06, 9.859215424512513e-06, 9.578348908689804e-06, 8.81940832186956e-06, 8.613081263320055e-06, 8.122584404191002e-06, 9.39920028031338e-06, 9.82595702225808e-06, 9.700337614049204e-06, 7.973751053214073e-06, 9.736870197230019e-06, 1.058313046087278e-05, 7.149002158257645e-06, 6.741446668456774e-06, 4.94150572194485e-06, 3.675114157886128e-06, 2.6619825348461745e-06, 3.2844636734807864e-06, 2.6546438220975688e-06, 2.9690208975807764e-06, 3.655662567325635e-06, 2.4328858216904337e-06, 1.3543038903662818e-06, 1.5383205891339458e-06, 9.786458576854784e-07, 6.221393391570018e-07, 3.606521943311236e-07, 1.0030167629793141e-07, 9.472741702154508e-09, 6.892558745974497e-10, 3.406877904787997e-11, 4.254758698141181e-11, 1.1382059357523122e-11, 8.895214426152265e-12, 8.736355389116213e-12, 8.604688142566097e-12, 8.497087582159946e-12, 8.420027695910104e-12, 8.372428618452776e-12], "lowlevel.mfcc.mean": [-695.6072998046875, 119.66886138916016, 33.19704818725586, 26.542818069458008, 14.994633674621582, -3.5847437381744385, 9.166250228881836, -7.263282775878906, -15.542427062988281, -7.59460973739624, -16.793827056884766, -9.429855346679688, -11.409482955932617], "lowlevel.spectral_contrast_coeffs.mean": [-0.6116741299629211, -0.7163467407226562, -0.7381957173347473, -0.7747791409492493, -0.7747541069984436, -0.7947080135345459], "lowlevel.spectral_contrast_coeffs.stdev": [0.08386929333209991, 0.08178889006376266, 0.0834583267569542, 0.07149068266153336, 0.05225905403494835, 0.03625694662332535], "lowlevel.spectral_contrast_valleys.mean": [-6.68649959564209, -7.805482387542725, -8.426755905151367, -8.70690631866455, -8.366598129272461, -10.536876678466797], "lowlevel.spectral_contrast_valleys.stdev": [0.81318598985672, 0.7578690648078918, 0.7677595019340515, 0.7554099559783936, 0.7840225696563721, 1.2703810930252075], "rhythm.beats_loudness_band_ratio.mean": [0.4515497088432312, 0.36460793018341064, 0.08006808161735535, 0.05941837280988693, 0.020769676193594933, 0.038721878081560135], "rhythm.beats_loudness_band_ratio.stdev": [0.3253786265850067, 0.30187302827835083, 0.13701960444450378, 0.1180373802781105, 0.030735725536942482, 0.09547489881515503], "tonal.hpcp.mean": [0.02263978123664856, 0.017771735787391663, 0.03448408842086792, 0.05472937226295471, 0.051045652478933334, 0.35533463954925537, 0.5938252210617065, 0.2741290032863617, 0.02349492907524109, 0.021817853674292564, 0.026801660656929016, 0.07824953645467758, 0.14943313598632812, 0.10777736455202103, 0.033673860132694244, 0.024608667939901352, 0.04019314795732498, 0.14683325588703156, 0.2027822732925415, 0.10157689452171326, 0.05008271709084511, 0.07047390192747116, 0.04411638528108597, 0.013445158489048481, 0.012922858819365501, 0.014299944043159485, 0.09149184077978134, 0.12264972180128098, 0.06011904031038284, 0.04228421673178673, 0.03970092535018921, 0.03465377539396286, 0.10430629551410675, 0.17942963540554047, 0.11195500195026398, 0.03300413489341736], "tonal.hpcp.stdev": [0.1156049370765686, 0.10499336570501328, 0.12386932224035263, 0.169949010014534, 0.14443734288215637, 0.2601860761642456, 0.3904763162136078, 0.21885672211647034, 0.12003690749406815, 0.11402647197246552, 0.12265333533287048, 0.19741657376289368, 0.31515729427337646, 0.24380876123905182, 0.13331003487110138, 0.11365259438753128, 0.15559354424476624, 0.25571268796920776, 0.32708021998405457, 0.20441442728042603, 0.1501331329345703, 0.21179603040218353, 0.1402086764574051, 0.05956292152404785, 0.059521276503801346, 0.0665481686592102, 0.14371708035469055, 0.17690405249595642, 0.13748250901699066, 0.13990379869937897, 0.1312294602394104, 0.14394868910312653, 0.21837829053401947, 0.34931084513664246, 0.22866782546043396, 0.1347496062517166], "rhythm.beats_position": [0.6037188172340393, 1.2190475463867188, 1.8111563920974731, 2.4032652378082275, 3.006983995437622, 3.6107029914855957, 4.22603178024292, 4.806530475616455, 5.38702917098999, 6.0023579597473145, 6.629296779632568, 7.244625568389893, 7.825124740600586, 8.42884349822998, 9.032562255859375, 9.62467098236084, 10.216779708862305, 10.79727840423584, 11.366168022155762, 11.969886779785156, 12.58521556854248, 13.200544357299805, 13.815873146057129, 14.419591903686523, 15.034920692443848, 15.650249481201172, 16.26557731628418, 16.84607696533203, 17.43818473815918, 18.03029441833496, 18.622404098510742, 19.22612190246582, 19.806621551513672, 20.36389923095703, 20.921178817749023, 21.478458404541016, 22.035736083984375, 22.604625701904297, 23.173513412475586, 23.730792999267578, 24.2996826171875, 24.86857032775879, 25.43745994567871, 26.017959594726562, 26.61006736755371, 27.202177047729492, 27.79428482055664, 28.374784469604492, 28.95528221130371, 29.547391891479492, 30.116281509399414, 30.696779251098633, 31.254058837890625, 31.811336517333984, 32.36861801147461, 32.92589569091797, 33.48317337036133, 34.04045104980469, 34.60934066772461, 35.17823028564453, 35.75872802734375, 36.32761764526367, 36.90811538696289, 37.488616943359375, 38.069114685058594, 38.638004302978516], "rhythm.bpm_histogram": [0.0, 0.0, 0.0, 0.0, 0.0, 0.0, 0.0, 0.0, 0.0, 0.0, 0.0, 0.0, 0.0, 0.0, 0.0, 0.0, 0.0, 0.0, 0.0, 0.0, 0.0, 0.0, 0.0, 0.0, 0.0, 0.0, 0.0, 0.0, 0.0, 0.0, 0.0, 0.0, 0.0, 0.0, 0.0, 0.0, 0.0, 0.0, 0.0, 0.0, 0.0, 0.0, 0.0, 0.0, 0.0, 0.0, 0.0, 0.0, 0.0, 0.0, 0.0, 0.0, 0.0, 0.0, 0.0, 0.0, 0.0, 0.0, 0.0, 0.0, 0.0, 0.0, 0.0, 0.0, 0.0, 0.0, 0.0, 0.0, 0.0, 0.0, 0.0, 0.0, 0.0, 0.0, 0.0, 0.0, 0.0, 0.0, 0.0, 0.0, 0.0, 0.0, 0.0, 0.0, 0.0, 0.0, 0.0, 0.0, 0.0, 0.0, 0.0, 0.0, 0.0, 0.0, 0.0, 0.0, 0.015384615398943424, 0.0, 0.1538461595773697, 0.10769230872392654, 0.0, 0.16923077404499054, 0.0, 0.2153846174478531, 0.0, 0.16923077404499054, 0.0, 0.0, 0.16923077404499054, 0.0, 0.0, 0.0, 0.0, 0.0, 0.0, 0.0, 0.0, 0.0, 0.0, 0.0, 0.0, 0.0, 0.0, 0.0, 0.0, 0.0, 0.0, 0.0, 0.0, 0.0, 0.0, 0.0, 0.0, 0.0, 0.0, 0.0, 0.0, 0.0, 0.0, 0.0, 0.0, 0.0, 0.0, 0.0, 0.0, 0.0, 0.0, 0.0, 0.0, 0.0, 0.0, 0.0, 0.0, 0.0, 0.0, 0.0, 0.0, 0.0, 0.0, 0.0, 0.0, 0.0, 0.0, 0.0, 0.0, 0.0, 0.0, 0.0, 0.0, 0.0, 0.0, 0.0, 0.0, 0.0, 0.0, 0.0, 0.0, 0.0, 0.0, 0.0, 0.0, 0.0, 0.0, 0.0, 0.0, 0.0, 0.0, 0.0, 0.0, 0.0, 0.0, 0.0, 0.0, 0.0, 0.0, 0.0, 0.0, 0.0, 0.0, 0.0, 0.0, 0.0, 0.0, 0.0, 0.0, 0.0, 0.0, 0.0, 0.0, 0.0, 0.0, 0.0, 0.0, 0.0, 0.0, 0.0, 0.0, 0.0, 0.0, 0.0, 0.0, 0.0, 0.0, 0.0, 0.0, 0.0, 0.0, 0.0, 0.0, 0.0, 0.0, 0.0, 0.0, 0.0, 0.0, 0.0, 0.0, 0.0, 0.0, 0.0, 0.0, 0.0, 0.0, 0.0, 0.0, 0.0, 0.0, 0.0, 0.0, 0.0], "tonal.chords_histogram": [6.27962064743042, 23.93364906311035, 67.18009185791016, 0.0, 1.421800971031189, 0.5924170613288879, 0.0, 0.0, 0.0, 0.0, 0.0, 0.0, 0.0, 0.0, 0.0, 0.0, 0.0, 0.0, 0.0, 0.0, 0.0, 0.0, 0.0, 0.5924170613288879], "tonal.thpcp": [1.0, 0.46163246035575867, 0.039565395563840866, 0.03674120455980301, 0.04513392224907875, 0.1317719966173172, 0.25164496898651123, 0.1814967840909958, 0.056706685572862625, 0.0414409264922142, 0.06768514961004257, 0.24726678431034088, 0.34148478507995605, 0.17105519771575928, 0.08433915674686432, 0.11867785453796387, 0.07429186999797821, 0.022641608491539955, 0.02176205813884735, 0.024081066250801086, 0.15407200157642365, 0.20654179155826569, 0.10124029219150543, 0.07120650261640549, 0.066856250166893, 0.05835685878992081, 0.17565150558948517, 0.30215901136398315, 0.18853190541267395, 0.055578868836164474, 0.038125328719615936, 0.029927553609013557, 0.05807110667228699, 0.09216410666704178, 0.0859607383608818, 0.5983825325965881], "lowlevel.gfcc.cov": [[5980.8544921875, -1540.3663330078125, 364.2361145019531, -222.5052490234375, -88.53766632080078, 827.5613403320312, 38.52104568481445, 849.1842041015625, 50.05841827392578, 584.241455078125, -39.70831298828125, -46.09140396118164, -132.60328674316406], [-1540.3663330078125, 1972.193115234375, -624.5034790039062, -266.0669250488281, 309.32611083984375, -300.792236328125, 395.8716735839844, -166.17840576171875, 156.14479064941406, -95.60262298583984, 282.2159729003906, -191.57211303710938, 171.15882873535156], [364.2361145019531, -624.5034790039062, 830.4386596679688, 349.554931640625, 64.44258880615234, 236.4137725830078, -79.53152465820312, 141.95664978027344, 107.72686767578125, 45.62514877319336, -77.82937622070312, 203.8917236328125, -97.35504150390625], [-222.5052490234375, -266.0669250488281, 349.554931640625, 651.7907104492188, 149.4276580810547, -1.3275972604751587, -89.04434967041016, 74.32122802734375, 168.15066528320312, -77.2453842163086, -43.551536560058594, 167.3282012939453, 31.574522018432617], [-88.53766632080078, 309.32611083984375, 64.44258880615234, 149.4276580810547, 377.9861755371094, 54.84327697753906, 69.35107421875, 80.26244354248047, 107.65104675292969, 24.6355037689209, 29.53806495666504, 43.84870529174805, 77.50546264648438], [827.5613403320312, -300.792236328125, 236.4137725830078, -1.3275972604751587, 54.84327697753906, 400.15185546875, 115.61756134033203, 105.6064453125, 13.083883285522461, 135.41290283203125, -10.961899757385254, -4.541312217712402, -20.947175979614258], [38.52104568481445, 395.8716735839844, -79.53152465820312, -89.04434967041016, 69.35107421875, 115.61756134033203, 348.5721130371094, 10.470946311950684, 18.32930564880371, 90.13489532470703, 81.64067840576172, -65.22058868408203, 28.53005599975586], [849.1842041015625, -166.17840576171875, 141.95664978027344, 74.32122802734375, 80.26244354248047, 105.6064453125, 10.470946311950684, 325.6675109863281, 127.69744873046875, 83.34040832519531, 14.163081169128418, 40.43377685546875, -7.251283645629883], [50.05841827392578, 156.14479064941406, 107.72686767578125, 168.15066528320312, 107.65104675292969, 13.083883285522461, 18.32930564880371, 127.69744873046875, 247.6857452392578, 27.62152671813965, 22.388452529907227, 36.37335205078125, 23.672815322875977], [584.241455078125, -95.60262298583984, 45.62514877319336, -77.2453842163086, 24.6355037689209, 135.41290283203125, 90.13489532470703, 83.34040832519531, 27.62152671813965, 188.6082000732422, 24.962635040283203, -33.82498550415039, -13.076428413391113], [-39.70831298828125, 282.2159729003906, -77.82937622070312, -43.551536560058594, 29.53806495666504, -10.961899757385254, 81.64067840576172, 14.163081169128418, 22.388452529907227, 24.962635040283203, 158.0966033935547, -15.95506763458252, 20.89727783203125], [-46.09140396118164, -191.57211303710938, 203.8917236328125, 167.3282012939453, 43.84870529174805, -4.541312217712402, -65.22058868408203, 40.43377685546875, 36.37335205078125, -33.82498550415039, -15.95506763458252, 161.08314514160156, 7.079230308532715], [-132.60328674316406, 171.15882873535156, -97.35504150390625, 31.574522018432617, 77.50546264648438, -20.947175979614258, 28.53005599975586, -7.251283645629883, 23.672815322875977, -13.076428413391113, 20.89727783203125, 7.079230308532715, 132.1193084716797]], "lowlevel.gfcc.icov": [[0.0005317607428878546, 0.0002492052153684199, 0.00026704921037890017, 9.946633508661762e-05, 0.00011855569755425677, -0.0006076390272937715, 0.00017165832105092704, -0.0011356075992807746, 0.00017236977873835713, -0.0006918671424500644, -0.00011114840890513733, 0.00011577974510146305, 3.060793460463174e-05], [0.0002492052153684199, 0.004046711605042219, 0.00019671354675665498, 0.0021791323088109493, -0.0031577765475958586, 0.002355914795771241, -0.0034350468777120113, 0.0013523859670385718, -0.003729360643774271, 0.0033581764437258244, -0.0036599216982722282, 0.00279123242944479, -0.0008962781284935772], [0.00026704921037890017, 0.00019671354675665498, 0.0035330604296177626, -0.0008482449920848012, -1.064675598172471e-05, -0.002093299524858594, 0.0003669931029435247, -0.0004188797902315855, -0.0005613481625914574, -0.0007940750219859183, 0.00047819767496548593, -0.0031857462599873543, 0.002508489415049553], [9.946633508661762e-05, 0.0021791323088109493, -0.0008482449920848012, 0.004207754973322153, -0.002256405306980014, 0.0014805126702412963, -0.0017499321838840842, 0.000977049465291202, -0.0034884971100836992, 0.0030605373904109, -0.001577420043759048, 0.0003521284961607307, -0.0012053174432367086], [0.00011855569755425677, -0.0031577765475958586, -1.064675598172471e-05, -0.002256405306980014, 0.0063972072675824165, -0.002583939116448164, 0.0023339600302278996, -0.0021259470377117395, 0.002393607050180435, -0.003299959236755967, 0.0027122334577143192, -0.002616842510178685, -0.001086185802705586], [-0.0006076390272937715, 0.002355914795771241, -0.002093299524858594, 0.0014805126702412963, -0.002583939116448164, 0.007309605833142996, -0.0038101032841950655, 0.0017073043854907155, -0.0016473154537379742, 0.001278111943975091, -0.0016269887564703822, 0.003221287624910474, -0.0014606310287490487], [0.00017165832105092704, -0.0034350468777120113, 0.0003669931029435247, -0.0017499321838840842, 0.0023339600302278996, -0.0038101032841950655, 0.00757027929648757, -0.0014695425052195787, 0.003090446814894676, -0.004499237984418869, 0.0014532567001879215, -0.0015111196553334594, 0.00047438766341656446], [-0.0011356075992807746, 0.0013523859670385718, -0.0004188797902315855, 0.000977049465291202, -0.0021259470377117395, 0.0017073043854907155, -0.0014695425052195787, 0.008024453185498714, -0.004345569759607315, 0.0017865854315459728, -0.0017579832347109914, -4.73453974336735e-06, 7.543184619862586e-05], [0.00017236977873835713, -0.003729360643774271, -0.0005613481625914574, -0.0034884971100836992, 0.002393607050180435, -0.0016473154537379742, 0.003090446814894676, -0.004345569759607315, 0.010482232086360455, -0.004555568099021912, 0.0027602429036051035, -0.0014650138327851892, 0.0001660365960560739], [-0.0006918671424500644, 0.0033581764437258244, -0.0007940750219859183, 0.0030605373904109, -0.003299959236755967, 0.001278111943975091, -0.004499237984418869, 0.0017865854315459728, -0.004555568099021912, 0.013271632604300976, -0.003838231088593602, 0.0037483826745301485, -0.0006172432913444936], [-0.00011114840890513733, -0.0036599216982722282, 0.00047819767496548593, -0.001577420043759048, 0.0027122334577143192, -0.0016269887564703822, 0.0014532567001879215, -0.0017579832347109914, 0.0027602429036051035, -0.003838231088593602, 0.011201152577996254, -0.0034535087179392576, 0.0006387344910763204], [0.00011577974510146305, 0.00279123242944479, -0.0031857462599873543, 0.0003521284961607307, -0.002616842510178685, 0.003221287624910474, -0.0015111196553334594, -4.73453974336735e-06, -0.0014650138327851892, 0.0037483826745301485, -0.0034535087179392576, 0.014333928003907204, -0.003147847019135952], [3.060793460463174e-05, -0.0008962781284935772, 0.002508489415049553, -0.0012053174432367086, -0.001086185802705586, -0.0014606310287490487, 0.00047438766341656446, 7.543184619862586e-05, 0.0001660365960560739, -0.0006172432913444936, 0.0006387344910763204, -0.003147847019135952, 0.011181352660059929]], "lowlevel.mfcc.cov": [[5540.82470703125, -1220.75146484375, 324.01617431640625, -609.2318725585938, 248.2617950439453, -113.88151550292969, 472.2669982910156, 17.682180404663086, 326.486328125, 652.603759765625, 185.27975463867188, 176.17538452148438, 286.08734130859375], [-1220.75146484375, 1818.074951171875, -679.312744140625, -12.421995162963867, -200.01219177246094, -30.059057235717773, 186.30628967285156, -58.9135856628418, -48.37994384765625, 77.75138092041016, 78.61454010009766, 23.297109603881836, -9.28854751586914], [324.01617431640625, -679.312744140625, 747.4420776367188, 59.40134048461914, 148.8974151611328, 130.45703125, -70.45909118652344, 168.8325653076172, 58.016075134277344, -17.603315353393555, 82.88516235351562, 81.65135192871094, 79.61788177490234], [-609.2318725585938, -12.421995162963867, 59.40134048461914, 551.2803344726562, 180.18038940429688, 31.750389099121094, -171.9710235595703, 158.6180419921875, 90.65032196044922, -138.56272888183594, 34.71236801147461, 61.81558609008789, 2.180467367172241], [248.2617950439453, -200.01219177246094, 148.8974151611328, 180.18038940429688, 449.8215637207031, 9.788379669189453, -81.4110107421875, 136.3042449951172, 130.7762908935547, 6.627823829650879, 27.592405319213867, 56.368560791015625, 42.053260803222656], [-113.88151550292969, -30.059057235717773, 130.45703125, 31.750389099121094, 9.788379669189453, 321.5427551269531, 78.08067321777344, 29.405597686767578, 49.778926849365234, 40.00120544433594, 53.132080078125, -31.507770538330078, 6.359979629516602], [472.2669982910156, 186.30628967285156, -70.45909118652344, -171.9710235595703, -81.4110107421875, 78.08067321777344, 351.5100402832031, -37.55318069458008, -6.520073890686035, 158.74639892578125, 37.033653259277344, 3.060126304626465, 50.22418212890625], [17.682180404663086, -58.9135856628418, 168.8325653076172, 158.6180419921875, 136.3042449951172, 29.405597686767578, -37.55318069458008, 227.1742706298828, 87.69418334960938, -21.652212142944336, 56.103309631347656, 69.28797149658203, 48.43608474731445], [326.486328125, -48.37994384765625, 58.016075134277344, 90.65032196044922, 130.7762908935547, 49.778926849365234, -6.520073890686035, 87.69418334960938, 225.85037231445312, 65.75989532470703, 56.54498291015625, 37.85456085205078, 47.68241882324219], [652.603759765625, 77.75138092041016, -17.603315353393555, -138.56272888183594, 6.627823829650879, 40.00120544433594, 158.74639892578125, -21.652212142944336, 65.75989532470703, 271.63983154296875, 74.27433776855469, 14.975008964538574, 71.62358856201172], [185.27975463867188, 78.61454010009766, 82.88516235351562, 34.71236801147461, 27.592405319213867, 53.132080078125, 37.033653259277344, 56.103309631347656, 56.54498291015625, 74.27433776855469, 184.37567138671875, 70.5264663696289, 32.55210876464844], [176.17538452148438, 23.297109603881836, 81.65135192871094, 61.81558609008789, 56.368560791015625, -31.507770538330078, 3.060126304626465, 69.28797149658203, 37.85456085205078, 14.975008964538574, 70.5264663696289, 150.44956970214844, 59.50944137573242], [286.08734130859375, -9.28854751586914, 79.61788177490234, 2.180467367172241, 42.053260803222656, 6.359979629516602, 50.22418212890625, 48.43608474731445, 47.68241882324219, 71.62358856201172, 32.55210876464844, 59.50944137573242, 150.85670471191406]], "lowlevel.mfcc.icov": [[0.0005321053322404623, 0.0005381975206546485, 0.0002864298003260046, 0.00045119342394173145, -0.00015416627866216004, 0.0003823421720881015, -0.0004915238823741674, -8.766334212850779e-05, -0.0004932664451189339, -0.0006750831380486488, -0.00031193342874757946, -0.0004439490439835936, -0.00019614011398516595], [0.0005381975206546485, 0.0015923622995615005, 0.0014526484301313758, 0.0004226018500048667, 7.724784518359229e-05, 0.00012456689728423953, -0.0006889970973134041, -0.0005874730995856225, -0.00018865830497816205, -0.0006376097444444895, -0.0009803853463381529, -0.0008267423836514354, -0.00040412135422229767], [0.0002864298003260046, 0.0014526484301313758, 0.0034890971146523952, 0.0008500469266436994, -0.00019584216352086514, -0.0011249337112531066, 0.00028241059044376016, -0.0017714117420837283, 0.00047692249063402414, 2.175591725972481e-05, -0.0012858659029006958, -0.0012277673231437802, -0.0011300118640065193], [0.00045119342394173145, 0.0004226018500048667, 0.0008500469266436994, 0.0036762510426342487, -0.0007784558110870421, -0.0004381854669190943, 0.00060435471823439, -0.0014502423582598567, -0.0009511147509329021, 0.0009416299290023744, -0.0007606821600347757, -0.0010498410556465387, -0.0003996517916675657], [-0.00015416627866216004, 7.724784518359229e-05, -0.00019584216352086514, -0.0007784558110870421, 0.0033890348859131336, 4.936380355502479e-05, 0.000542841968126595, -0.0010051222052425146, -0.0009524116758257151, -0.0004986848798580468, 0.0006005598115734756, -0.00025012739934027195, 0.00011378544877516106], [0.0003823421720881015, 0.00012456689728423953, -0.0011249337112531066, -0.0004381854669190943, 4.936380355502479e-05, 0.004824248142540455, -0.0018094027182087302, 0.0002688943932298571, -0.0012757653603330255, -0.00040782892028801143, -0.001247019274160266, 0.002085574669763446, 0.0002247900702059269], [-0.0004915238823741674, -0.0006889970973134041, 0.00028241059044376016, 0.00060435471823439, 0.000542841968126595, -0.0018094027182087302, 0.0054374984465539455, -0.0004388905072119087, 0.0011571001959964633, -0.0014858763897791505, 0.0005164409521967173, -0.00033799800439737737, -0.0006508608930744231], [-8.766334212850779e-05, -0.0005874730995856225, -0.0017714117420837283, -0.0014502423582598567, -0.0010051222052425146, 0.0002688943932298571, -0.0004388905072119087, 0.008377013728022575, -0.0016218764940276742, 0.0012327362783253193, -0.000524428382050246, -0.00080557243200019, -0.0008304240764118731], [-0.0004932664451189339, -0.00018865830497816205, 0.00047692249063402414, -0.0009511147509329021, -0.0009524116758257151, -0.0012757653603330255, 0.0011571001959964633, -0.0016218764940276742, 0.007434695493429899, -0.0013611390022560954, -0.00040853346581570804, 0.000232273421715945, -0.000566513801459223], [-0.0006750831380486488, -0.0006376097444444895, 2.175591725972481e-05, 0.0009416299290023744, -0.0004986848798580468, -0.00040782892028801143, -0.0014858763897791505, 0.0012327362783253193, -0.0013611390022560954, 0.008466269820928574, -0.002300434047356248, 0.0015098005533218384, -0.0022175852209329605], [-0.00031193342874757946, -0.0009803853463381529, -0.0012858659029006958, -0.0007606821600347757, 0.0006005598115734756, -0.001247019274160266, 0.0005164409521967173, -0.000524428382050246, -0.00040853346581570804, -0.002300434047356248, 0.009258270263671875, -0.0033945117611438036, 0.0016650492325425148], [-0.0004439490439835936, -0.0008267423836514354, -0.0012277673231437802, -0.0010498410556465387, -0.00025012739934027195, 0.002085574669763446, -0.00033799800439737737, -0.00080557243200019, 0.000232273421715945, 0.0015098005533218384, -0.0033945117611438036, 0.011838422156870365, -0.0029206047765910625], [-0.00019614011398516595, -0.00040412135422229767, -0.0011300118640065193, -0.0003996517916675657, 0.00011378544877516106, 0.0002247900702059269, -0.0006508608930744231, -0.0008304240764118731, -0.000566513801459223, -0.0022175852209329605, 0.0016650492325425148, -0.0029206047765910625, 0.010044921189546585]], "metadata.audio_properties.analysis.downmix": "mix", "metadata.audio_properties.codec": "mp3", "metadata.audio_properties.md5_encoded": "ad09d10d805b63346569872aaeb9b330", "metadata.tags.file_name": "1182279768981385227.mp3", "metadata.version.essentia": "2.1-beta6-dev", "metadata.version.essentia_git_sha": "v2.1_beta5-1110-g77a6a954", "metadata.version.extractor": "music 2.0", "tonal.chords_key": "B", "tonal.chords_scale": "major", "tonal.key_edma.key": "E", "tonal.key_edma.scale": "major", "tonal.key_krumhansl.key": "E", "tonal.key_krumhansl.scale": "major", "tonal.key_temperley.key": "E", "ton