{"song_id": "1182272259449176114", "download": "https://cdn.discordapp.com/attachments/1135903449314238464/1182272259449176114/chirp.mp4?ex=658417d8&amp", "lyrics": "\u05d2 \u05d0\u05d7\u05ea \u05d4\u05d0\u05dc\u05d5\u05e4\u05d4 \n\u05de\u05e0\u05e6\u05d7\u05ea \u05db\u05dc \u05db\u05d9\u05ea\u05d4\n\u05e7\u05d5\u05e8\u05e2\u05ea \u05d0\u05ea \u05db\u05d5\u05dc\u05dd \n\u05e9\u05e8\u05d4 \u05d4\u05db\u05d9 \u05de\u05d5\u05e9\u05dc\u05dd.\n\u05e2\u05d5\u05e9\u05d9\u05dd \u05e4\u05d4 \u05de\u05e1\u05d9\u05d1\u05d4 \n\u05d9\u05d0\u05d0\u05dc\u05d4 \u05d2\u05de\u05d1\u05d4", "style": ["BITBOX"], "essentia_features": {"lowlevel.average_loudness": 0.9407890439033508, "lowlevel.barkbands_crest.mean": 17.483016967773438, "lowlevel.barkbands_crest.stdev": 5.635104179382324, "lowlevel.barkbands_flatness_db.mean": 0.400907427072525, "lowlevel.barkbands_flatness_db.stdev": 0.09635763615369797, "lowlevel.barkbands_kurtosis.mean": 117.09381866455078, "lowlevel.barkbands_kurtosis.stdev": 448.6219177246094, "lowlevel.barkbands_skewness.mean": 3.923288583755493, "lowlevel.barkbands_skewness.stdev": 6.195420265197754, "lowlevel.barkbands_spread.mean": 4.400304794311523, "lowlevel.barkbands_spread.stdev": 5.328058242797852, "lowlevel.dissonance.mean": 0.4444177746772766, "lowlevel.dissonance.stdev": 0.06687860935926437, "lowlevel.dynamic_complexity": 5.729265213012695, "lowlevel.erbbands_crest.mean": 20.111173629760742, "lowlevel.erbbands_crest.stdev": 6.46599817276001, "lowlevel.erbbands_flatness_db.mean": 0.47571897506713867, "lowlevel.erbbands_flatness_db.stdev": 0.08821482211351395, "lowlevel.erbbands_kurtosis.mean": 21.929014205932617, "lowlevel.erbbands_kurtosis.stdev": 29.871912002563477, "lowlevel.erbbands_skewness.mean": 2.3380703926086426, "lowlevel.erbbands_skewness.stdev": 2.135690212249756, "lowlevel.erbbands_spread.mean": 6.89115571975708, "lowlevel.erbbands_spread.stdev": 8.113938331604004, "lowlevel.hfc.mean": 21.007518768310547, "lowlevel.hfc.stdev": 38.52695083618164, "lowlevel.loudness_ebu128.integrated": -27.259593963623047, "lowlevel.loudness_ebu128.loudness_range": 2.238037109375, "lowlevel.loudness_ebu128.momentary.mean": -28.908756256103516, "lowlevel.loudness_ebu128.momentary.stdev": 3.8617546558380127, "lowlevel.loudness_ebu128.short_term.mean": -27.324317932128906, "lowlevel.loudness_ebu128.short_term.stdev": 0.8421444296836853, "lowlevel.melbands_crest.mean": 23.61593246459961, "lowlevel.melbands_crest.stdev": 8.193812370300293, "lowlevel.melbands_flatness_db.mean": 0.37267306447029114, "lowlevel.melbands_flatness_db.stdev": 0.10698839277029037, "lowlevel.melbands_kurtosis.mean": 53.50882339477539, "lowlevel.melbands_kurtosis.stdev": 92.54975891113281, "lowlevel.melbands_skewness.mean": 3.1086313724517822, "lowlevel.melbands_skewness.stdev": 2.8807411193847656, "lowlevel.melbands_spread.mean": 9.353182792663574, "lowlevel.melbands_spread.stdev": 15.477832794189453, "lowlevel.pitch_salience.mean": 0.397667795419693, "lowlevel.pitch_salience.stdev": 0.16245996952056885, "lowlevel.silence_rate_20dB.mean": 1.0, "lowlevel.silence_rate_20dB.stdev": 0.0, "lowlevel.silence_rate_30dB.mean": 0.9915662407875061, "lowlevel.silence_rate_30dB.stdev": 0.09144704043865204, "lowlevel.silence_rate_60dB.mean": 0.437349408864975, "lowlevel.silence_rate_60dB.stdev": 0.4960575997829437, "lowlevel.spectral_centroid.mean": 1925.1229248046875, "lowlevel.spectral_centroid.stdev": 778.9277954101562, "lowlevel.spectral_complexity.mean": 5.067470073699951, "lowlevel.spectral_complexity.stdev": 5.352212429046631, "lowlevel.spectral_decrease.mean": -2.5512043588804545e-09, "lowlevel.spectral_decrease.stdev": 4.888409232961521e-09, "lowlevel.spectral_energy.mean": 0.011534283868968487, "lowlevel.spectral_energy.stdev": 0.021669263020157814, "lowlevel.spectral_energyband_high.mean": 0.0006665695691481233, "lowlevel.spectral_energyband_high.stdev": 0.002344552893191576, "lowlevel.spectral_energyband_low.mean": 1.1242343589401571e-07, "lowlevel.spectral_energyband_low.stdev": 2.9055232175778656e-07, "lowlevel.spectral_energyband_middle_high.mean": 0.01085833553224802, "lowlevel.spectral_energyband_middle_high.stdev": 0.021231064572930336, "lowlevel.spectral_energyband_middle_low.mean": 1.3935538845544215e-05, "lowlevel.spectral_energyband_middle_low.stdev": 5.548402259591967e-05, "lowlevel.spectral_entropy.mean": 6.26141357421875, "lowlevel.spectral_entropy.stdev": 1.0860366821289062, "lowlevel.spectral_flux.mean": 0.03961428627371788, "lowlevel.spectral_flux.stdev": 0.046741388738155365, "lowlevel.spectral_kurtosis.mean": 15.332643508911133, "lowlevel.spectral_kurtosis.stdev": 15.714672088623047, "lowlevel.spectral_rms.mean": 0.002604420529678464, "lowlevel.spectral_rms.stdev": 0.0021142277400940657, "lowlevel.spectral_rolloff.mean": 2220.881103515625, "lowlevel.spectral_rolloff.stdev": 1559.0048828125, "lowlevel.spectral_skewness.mean": 2.7825496196746826, "lowlevel.spectral_skewness.stdev": 1.5570183992385864, "lowlevel.spectral_spread.mean": 3287757.0, "lowlevel.spectral_spread.stdev": 1421072.625, "lowlevel.spectral_strongpeak.mean": 3.468247413635254, "lowlevel.spectral_strongpeak.stdev": 3.3421242237091064, "lowlevel.zerocrossingrate.mean": 0.08291133493185043, "lowlevel.zerocrossingrate.stdev": 0.04324917867779732, "metadata.audio_properties.analysis.equal_loudness": 0.0, "metadata.audio_properties.analysis.length": 19.242652893066406, "metadata.audio_properties.analysis.sample_rate": 44100.0, "metadata.audio_properties.analysis.start_time": 0.0, "metadata.audio_properties.bit_rate": 127462.0, "metadata.audio_properties.length": 19.242666244506836, "metadata.audio_properties.lossless": 0.0, "metadata.audio_properties.number_channels": 1.0, "metadata.audio_properties.replay_gain": -1.532480239868164, "metadata.audio_properties.sample_rate": 48000.0, "rhythm.beats_count": 32.0, "rhythm.beats_loudness.mean": 0.041606318205595016, "rhythm.beats_loudness.stdev": 0.044874489307403564, "rhythm.bpm": 100.37459564208984, "rhythm.bpm_histogram_first_peak_bpm": 99.0, "rhythm.bpm_histogram_first_peak_weight": 0.5, "rhythm.bpm_histogram_second_peak_bpm": 105.0, "rhythm.bpm_histogram_second_peak_spread": 0.5, "rhythm.bpm_histogram_second_peak_weight": 0.032258063554763794, "rhythm.danceability": 1.7148185968399048, "rhythm.onset_rate": 3.997725486755371, "tonal.chords_changes_rate": 0.048076923936605453, "tonal.chords_number_rate": 0.02163461595773697, "tonal.chords_strength.mean": 0.461362361907959, "tonal.chords_strength.stdev": 0.0864664763212204, "tonal.hpcp_crest.mean": 17.926164627075195, "tonal.hpcp_crest.stdev": 8.67681884765625, "tonal.hpcp_entropy.mean": 1.4076628684997559, "tonal.hpcp_entropy.stdev": 0.7194476127624512, "tonal.key_edma.strength": 0.7926555275917053, "tonal.key_krumhansl.strength": 0.7918451428413391, "tonal.key_temperley.strength": 0.7909526228904724, "tonal.tuning_diatonic_strength": 0.6083297729492188, "tonal.tuning_equal_tempered_deviation": 0.12964439392089844, "tonal.tuning_frequency": 443.3164367675781, "tonal.tuning_nontempered_energy_ratio": 0.6961838603019714, "lowlevel.barkbands.mean": [2.3741353061268455e-07, 2.8292577169963806e-08, 9.629759212259614e-09, 1.0355101665027178e-08, 4.927026608925189e-08, 1.0842038022929046e-07, 1.7617577441342291e-07, 2.209447075074422e-06, 9.064010555448476e-06, 4.186904334346764e-05, 0.0005855014314875007, 0.002092975191771984, 0.004174860194325447, 0.0008578294073231518, 0.0022841354366391897, 0.0003740914980880916, 0.00015888983034528792, 3.0516705010086298e-05, 0.00016161083476617932, 0.00016376069106627256, 0.0002793837629724294, 3.6810379242524505e-05, 0.00011030760651919991, 0.00010788088547997177, 5.085113298264332e-05, 1.0783713150885887e-05, 3.424475778501801e-07], "lowlevel.barkbands.stdev": [7.224529099403298e-07, 8.918871685636987e-08, 3.6787884738487264e-08, 4.219966243113049e-08, 2.5663567271294596e-07, 3.4656093816920475e-07, 7.998991122804e-07, 1.1037032891181298e-05, 4.92660328745842e-05, 0.00021966389613226056, 0.0018307951977476478, 0.004575992934405804, 0.015609544701874256, 0.003194586606696248, 0.007883336395025253, 0.0020218370482325554, 0.00206225598230958, 9.315729403169826e-05, 0.0005469833849929273, 0.0005658299778588116, 0.0008224904886446893, 0.0002834792830981314, 0.0007294348324649036, 0.0007883566431701183, 0.0003287032595835626, 4.0745188016444445e-05, 1.8831440229405416e-06], "lowlevel.erbbands.mean": [1.9423066532908706e-06, 4.097460077900905e-06, 1.043973406922305e-05, 2.564201167842839e-05, 6.210513674886897e-05, 0.0002040160179603845, 0.000523234426509589, 0.0009363351855427027, 0.00239492766559124, 0.013489244505763054, 0.08468372374773026, 0.2305455207824707, 0.5629233121871948, 11.598631858825684, 21.88131332397461, 91.28319549560547, 180.3753204345703, 96.1921615600586, 53.9866828918457, 105.66826629638672, 15.219629287719727, 8.941805839538574, 1.9431853294372559, 4.784937858581543, 11.086175918579102, 6.672869682312012, 13.78121280670166, 5.294200420379639, 1.2048159837722778, 2.4730958938598633, 3.173464059829712, 2.3426883220672607, 1.8479949235916138, 0.8015105724334717, 0.21577668190002441, 0.050763461738824844, 0.018712807446718216, 0.0033301631920039654, 7.781924068694934e-05, 1.8697795894695446e-05], "lowlevel.erbbands.stdev": [5.5320433602901176e-06, 1.4852908861939795e-05, 3.9454083889722824e-05, 0.00010091711737914011, 0.00024666934041306376, 0.0012640029890462756, 0.0018162605119869113, 0.0031124495435506105, 0.01193956471979618, 0.09257296472787857, 0.34062132239341736, 1.3221999406814575, 1.6305540800094604, 40.64326095581055, 79.94469451904297, 205.80746459960938, 592.7581787109375, 278.5964660644531, 143.6154327392578, 354.4036560058594, 56.59564971923828, 105.15257263183594, 7.200544357299805, 14.29183578491211, 35.736270904541016, 26.581504821777344, 44.342498779296875, 15.317255020141602, 7.6453471183776855, 20.305551528930664, 21.03369140625, 15.751687049865723, 14.803606033325195, 5.490588665008545, 1.2411525249481201, 0.19959884881973267, 0.08033750206232071, 0.014438086189329624, 0.000310962408548221, 3.486889909254387e-05], "lowlevel.gfcc.mean": [-270.5952453613281, -77.76787567138672, -248.62925720214844, -38.3585205078125, -34.70748519897461, 62.43295669555664, -21.40605926513672, -12.034221649169922, -40.52845001220703, 20.71991729736328, 2.0271823406219482, -2.101285457611084, -0.3332460820674896], "lowlevel.melbands.mean": [2.1758209456379518e-08, 5.3755324636028945e-09, 5.173836470362403e-09, 9.152230084907842e-09, 1.6284335657701376e-08, 2.2602600679988427e-08, 3.345760646311646e-08, 1.925574082406456e-07, 8.425804480793886e-07, 1.3943260910309618e-06, 1.3873118405172136e-06, 4.0397226257482544e-05, 6.514639244414866e-05, 0.0001159251551143825, 0.0003228612767998129, 0.0005071851192042232, 0.0001268225023522973, 4.477376933209598e-05, 0.0002422020916128531, 4.9076486902777106e-05, 9.677990419731941e-06, 1.1401050869608298e-05, 1.9742806216527242e-06, 1.4701405461892136e-06, 3.857818228425458e-06, 6.7924734139523935e-06, 8.11736117611872e-06, 3.449509904385195e-06, 7.0946466621535365e-06, 9.5759869509493e-06, 1.1231029475311516e-06, 5.383040502238146e-07, 8.268448254966643e-07, 1.5824105048523052e-06, 1.9909584807464853e-06, 1.6289760651488905e-06, 1.2955032389072585e-06, 1.5345544852607418e-06, 8.337262329405348e-07, 6.07603340085916e-07], "lowlevel.melbands.stdev": [5.9489188686256966e-08, 1.9644982529598565e-08, 1.8856667338695843e-08, 5.284739046373943e-08, 5.766724342493035e-08, 7.677923719029423e-08, 1.6852031592407002e-07, 1.3706085155718029e-06, 3.4598267575347563e-06, 8.614508260507137e-06, 6.001656856824411e-06, 0.00015071975940372795, 0.00022213922056835145, 0.00034980662167072296, 0.0006886077462695539, 0.002126359147951007, 0.0003963625058531761, 0.00010984517575707287, 0.0008574871462769806, 0.00023406748368870467, 6.241598748601973e-05, 0.00015148925012908876, 9.897887139231898e-06, 4.552625796350185e-06, 1.2297110515646636e-05, 2.557316292950418e-05, 2.20873553189449e-05, 1.8068325516651385e-05, 2.8485252187238075e-05, 2.6138686735066585e-05, 5.0726293920888565e-06, 3.454112857070868e-06, 7.139226454455638e-06, 1.3178227163734846e-05, 1.369188612443395e-05, 1.0589934390736744e-05, 9.327943189418875e-06, 1.2883033377875108e-05, 6.121327714936342e-06, 4.164500751357991e-06], "lowlevel.melbands128.mean": [6.917930051031362e-08, 2.2612702821334096e-08, 9.100170395015539e-09, 6.110337569253943e-09, 5.223778742902141e-09, 4.723444746446148e-09, 5.1298574277325315e-09, 5.094133115335353e-09, 5.23095033955201e-09, 9.07901842595038e-09, 1.2027236095946137e-08, 1.155365936256203e-08, 1.8199752815917236e-08, 2.197344173282545e-08, 1.5826531196694305e-08, 2.4448857161019077e-08, 3.9157644238230205e-08, 3.1781517861873e-08, 3.059606967781292e-08, 9.147507284978929e-08, 3.0732348932360765e-07, 4.0712728832659195e-07, 8.707640404281847e-07, 1.2807105349565973e-06, 1.7223644590558251e-06, 1.3804373111270252e-06, 7.420085239573382e-07, 1.2124601198593155e-06, 1.522222873973078e-06, 7.671674211451318e-06, 7.444807124556974e-05, 7.223990542115644e-05, 3.9280559576582164e-05, 0.00010649626347003505, 1.8525919585954398e-05, 0.00010290292993886396, 0.00024952294188551605, 0.0006092165713198483, 8.246796642197296e-05, 0.000300280109513551, 0.001014735084027052, 7.367137004621327e-05, 9.384427539771423e-05, 0.00017910351743921638, 1.617248562979512e-05, 1.5911737136775628e-05, 3.421735527808778e-05, 0.0004023920919280499, 0.0002326438552699983, 6.09050621278584e-05, 4.730003638542257e-05, 1.867907849373296e-05, 8.245968274422921e-06, 4.159063337283442e-06, 1.4893958905304316e-05, 1.6007121303118765e-05, 5.0847856982727535e-06, 1.6352403235941892e-06, 1.2608840052052983e-06, 1.4955469396227272e-06, 7.428050707858347e-07, 1.4649081094830763e-06, 5.0063476919604e-06, 3.885371370415669e-06, 3.2448522233607946e-06, 6.068378752388526e-06, 9.479952495894395e-06, 1.1219824045838322e-05, 8.107164831017144e-06, 2.499318270565709e-06, 3.4290417261217954e-06, 3.7562049328698777e-06, 4.567728410620475e-06, 5.976654392725322e-06, 1.1097186870756559e-05, 1.6641324691590853e-05, 4.760164301842451e-06, 1.484668132434308e-06, 8.076156632341736e-07, 5.14860744260659e-07, 5.381567689255462e-07, 5.797456310574489e-07, 4.829870476896758e-07, 6.855190122223576e-07, 1.2935088307131082e-06, 1.3983552662466536e-06, 1.5674150972699863e-06, 2.1438695512188133e-06, 2.522763452361687e-06, 1.3289023854667903e-06, 1.6480126987516996e-06, 1.6711142052372452e-06, 1.5889967244220315e-06, 1.066332856680674e-06, 1.2648170013562776e-06, 1.847423959588923e-06, 1.7225340798177058e-06, 9.071790714187955e-07, 7.4103991209995e-07, 8.68532083586615e-07, 7.437122917508532e-07, 5.503556508301699e-07, 4.5227241685097397e-07, 3.923662461602362e-07, 2.0314774928920087e-07, 9.451409255234466e-08, 1.1750810813282442e-07, 8.997693612400326e-08, 8.689313091281292e-08, 6.545617736719578e-08, 6.35017158856499e-08, 4.6838824374617616e-08, 6.387603690427568e-08, 6.035538291371267e-08, 6.811120556449168e-08, 3.904872158955186e-08, 1.3405979437663973e-08, 1.7091594806117882e-09, 2.2492374629479173e-10, 6.502809402064713e-11, 3.57451186705493e-11, 4.963113253708684e-12, 2.7485630958723473e-12, 2.6683063310967148e-12, 2.3121493868821785e-12, 1.7194143244608773e-12, 1.405372563115237e-12, 1.3535170163489485e-12], "lowlevel.melbands128.stdev": [2.102716223362222e-07, 6.510542505111516e-08, 2.9548703039949942e-08, 2.527217901615586e-08, 2.1440152764284903e-08, 1.8404247015268993e-08, 2.1682632578290395e-08, 2.038719770780517e-08, 1.904465918300957e-08, 5.4414268646496566e-08, 8.750436109039583e-08, 5.624890064837018e-08, 6.922753215121702e-08, 8.455416633523782e-08, 5.580757189704855e-08, 1.1486556417139582e-07, 2.1647871051300172e-07, 2.1672954630957975e-07, 1.2197732246477244e-07, 8.635203130324953e-07, 2.6273257844877662e-06, 2.7894102458958514e-06, 4.589470336213708e-06, 6.470520474977093e-06, 1.2283207070140634e-05, 1.2724396583507769e-05, 5.451644028653391e-06, 8.064611392910592e-06, 7.406097211060114e-06, 4.863319554715417e-05, 0.0002929457987193018, 0.00028749954071827233, 0.00016118775238282979, 0.000598822021856904, 0.00010659246618160978, 0.0005150878569111228, 0.0008398204226978123, 0.0015028234338387847, 0.00020990538178011775, 0.001203677267767489, 0.004408670589327812, 0.0003504038031678647, 0.0003884424513671547, 0.0007237104582600296, 7.105213444447145e-05, 9.059720468940213e-05, 0.00013021363702137023, 0.001486443798057735, 0.0008960450068116188, 0.0005066965823061764, 0.00030386430444195867, 8.42665322124958e-05, 5.4642521718051285e-05, 4.09974018111825e-05, 0.0002448443556204438, 0.00021798565285280347, 3.822758299065754e-05, 1.1058910786232445e-05, 5.332724867912475e-06, 4.955343229084974e-06, 2.7281355414743302e-06, 5.839636742166476e-06, 1.9807073840638623e-05, 1.4484422536042985e-05, 1.0612212463456672e-05, 2.2769707356928848e-05, 5.68357681913767e-05, 3.198703416273929e-05, 2.379943362029735e-05, 1.3251630662125535e-05, 3.2036416087066755e-05, 1.483789128542412e-05, 2.698855496419128e-05, 3.560130426194519e-05, 3.611558713600971e-05, 5.003349360777065e-05, 1.4324713447422255e-05, 8.106551831588149e-06, 5.312658231559908e-06, 3.0717303616256686e-06, 3.4105187296518125e-06, 4.323917437432101e-06, 3.560955519787967e-06, 5.490781404660083e-06, 1.286569477088051e-05, 1.4393966011994053e-05, 1.3263822438602801e-05, 1.62772794283228e-05, 1.8068201825371943e-05, 1.0927588846243452e-05, 1.0464535989740398e-05, 1.1441889000707306e-05, 1.179959872388281e-05, 8.131255526677705e-06, 1.0938288141915109e-05, 1.6200918253161944e-05, 1.473481097491458e-05, 8.380556209885981e-06, 5.47972467757063e-06, 6.1612549870915245e-06, 5.24461620443617e-06, 4.071778221259592e-06, 3.157338369419449e-06, 2.73424507213349e-06, 1.0095711786561878e-06, 4.297891393889586e-07, 6.312683353826287e-07, 4.536993287729274e-07, 3.721889356711472e-07, 2.3789412750829797e-07, 2.830378775797726e-07, 2.6915890316558944e-07, 3.4341167065576883e-07, 2.986720346598304e-07, 3.1040141834637325e-07, 1.9473834811378765e-07, 6.814579478486849e-08, 1.9776548398908744e-08, 4.858375479699362e-09, 1.6573957761778502e-09, 9.168642511880876e-10, 5.880189390961021e-11, 3.83137748957707e-12, 3.7451166300106475e-12, 3.6739821254738736e-12, 3.6199461397184995e-12, 3.5789192789903446e-12, 3.556347707642238e-12], "lowlevel.mfcc.mean": [-898.10546875, -9.285083770751953, -121.7785415649414, -66.68277740478516, -8.652987480163574, 38.92612075805664, 35.794715881347656, -14.393720626831055, -14.149664878845215, 4.89223051071167, -2.9104816913604736, 8.661158561706543, 9.562460899353027], "lowlevel.spectral_contrast_coeffs.mean": [-0.8474820256233215, -0.8478887677192688, -0.6235748529434204, -0.6606488823890686, -0.7936499118804932, -0.7831137776374817], "lowlevel.spectral_contrast_coeffs.stdev": [0.061984095722436905, 0.07478497177362442, 0.09890724718570709, 0.09002601355314255, 0.06416163593530655, 0.0602746307849884], "lowlevel.spectral_contrast_valleys.mean": [-12.773258209228516, -11.193551063537598, -9.678561210632324, -9.006570816040039, -9.368330001831055, -11.895366668701172], "lowlevel.spectral_contrast_valleys.stdev": [0.9833788871765137, 1.0463060140609741, 1.1180604696273804, 1.2235268354415894, 1.4553132057189941, 1.3302314281463623], "rhythm.beats_loudness_band_ratio.mean": [3.180426574544981e-05, 1.14065405796282e-05, 0.0005876195500604808, 0.7215151786804199, 0.2732585072517395, 0.018812146037817], "rhythm.beats_loudness_band_ratio.stdev": [6.581842171726748e-05, 1.3286850844451692e-05, 0.001362619106657803, 0.2899269759654999, 0.2883938252925873, 0.03304938226938248], "tonal.hpcp.mean": [0.017992939800024033, 0.030468152835965157, 0.13466501235961914, 0.22055578231811523, 0.11564306914806366, 0.02097206376492977, 0.02196616120636463, 0.025632349774241447, 0.07537651807069778, 0.09854546934366226, 0.045902080833911896, 0.010100558400154114, 0.005664718337357044, 0.004016705323010683, 0.07743848115205765, 0.13764940202236176, 0.07244689017534256, 0.22462476789951324, 0.34219881892204285, 0.13189151883125305, 0.007007579784840345, 0.004837686661630869, 0.009109226986765862, 0.173597514629364, 0.3230639696121216, 0.16081354022026062, 0.00639973022043705, 0.005166929680854082, 0.009626873768866062, 0.09007155895233154, 0.15005344152450562, 0.07614775747060776, 0.016085047274827957, 0.01979878731071949, 0.02483298070728779, 0.020583000034093857], "tonal.hpcp.stdev": [0.06989092379808426, 0.12334124743938446, 0.23037122189998627, 0.35315918922424316, 0.19907884299755096, 0.08709432184696198, 0.10089481621980667, 0.12240264564752579, 0.20287826657295227, 0.2680566608905792, 0.12717653810977936, 0.045528750866651535, 0.019579287618398666, 0.01082279160618782, 0.17081058025360107, 0.3084337115287781, 0.15237951278686523, 0.2742246091365814, 0.4312988519668579, 0.17430521547794342, 0.02415902353823185, 0.013711854815483093, 0.03823782876133919, 0.22213657200336456, 0.41898098587989807, 0.2161894142627716, 0.021128907799720764, 0.014690935611724854, 0.028873661532998085, 0.1803254783153534, 0.3165503144264221, 0.166806161403656, 0.061777710914611816, 0.07667476683855057, 0.10623085498809814, 0.07321898639202118], "rhythm.beats_position": [0.5340589284896851, 1.09133780002594, 1.6370067596435547, 2.2058956623077393, 2.7863945960998535, 3.3785033226013184, 3.982222080230713, 4.574330806732178, 5.166440010070801, 5.758548736572266, 6.36226749420166, 6.965986251831055, 7.581315040588379, 8.173423767089844, 8.765532493591309, 9.357641220092773, 9.961359977722168, 10.55346965789795, 11.145578384399414, 11.72607707977295, 12.306575775146484, 12.910294532775879, 13.514013290405273, 14.106122016906738, 14.709840774536133, 15.301949501037598, 15.905668258666992, 16.509387969970703, 17.12471580505371, 17.728435516357422, 18.34376335144043, 18.94748306274414], "rhythm.bpm_histogram": [0.0, 0.0, 0.0, 0.0, 0.0, 0.0, 0.0, 0.0, 0.0, 0.0, 0.0, 0.0, 0.0, 0.0, 0.0, 0.0, 0.0, 0.0, 0.0, 0.0, 0.0, 0.0, 0.0, 0.0, 0.0, 0.0, 0.0, 0.0, 0.0, 0.0, 0.0, 0.0, 0.0, 0.0, 0.0, 0.0, 0.0, 0.0, 0.0, 0.0, 0.0, 0.0, 0.0, 0.0, 0.0, 0.0, 0.0, 0.0, 0.0, 0.0, 0.0, 0.0, 0.0, 0.0, 0.0, 0.0, 0.0, 0.0, 0.0, 0.0, 0.0, 0.0, 0.0, 0.0, 0.0, 0.0, 0.0, 0.0, 0.0, 0.0, 0.0, 0.0, 0.0, 0.0, 0.0, 0.0, 0.0, 0.0, 0.0, 0.0, 0.0, 0.0, 0.0, 0.0, 0.0, 0.0, 0.0, 0.0, 0.0, 0.0, 0.0, 0.0, 0.0, 0.0, 0.0, 0.0, 0.0, 0.0, 0.09677419066429138, 0.35483869910240173, 0.0, 0.35483869910240173, 0.0, 0.09677419066429138, 0.0, 0.032258063554763794, 0.0, 0.0, 0.032258063554763794, 0.0, 0.032258063554763794, 0.0, 0.0, 0.0, 0.0, 0.0, 0.0, 0.0, 0.0, 0.0, 0.0, 0.0, 0.0, 0.0, 0.0, 0.0, 0.0, 0.0, 0.0, 0.0, 0.0, 0.0, 0.0, 0.0, 0.0, 0.0, 0.0, 0.0, 0.0, 0.0, 0.0, 0.0, 0.0, 0.0, 0.0, 0.0, 0.0, 0.0, 0.0, 0.0, 0.0, 0.0, 0.0, 0.0, 0.0, 0.0, 0.0, 0.0, 0.0, 0.0, 0.0, 0.0, 0.0, 0.0, 0.0, 0.0, 0.0, 0.0, 0.0, 0.0, 0.0, 0.0, 0.0, 0.0, 0.0, 0.0, 0.0, 0.0, 0.0, 0.0, 0.0, 0.0, 0.0, 0.0, 0.0, 0.0, 0.0, 0.0, 0.0, 0.0, 0.0, 0.0, 0.0, 0.0, 0.0, 0.0, 0.0, 0.0, 0.0, 0.0, 0.0, 0.0, 0.0, 0.0, 0.0, 0.0, 0.0, 0.0, 0.0, 0.0, 0.0, 0.0, 0.0, 0.0, 0.0, 0.0, 0.0, 0.0, 0.0, 0.0, 0.0, 0.0, 0.0, 0.0, 0.0, 0.0, 0.0, 0.0, 0.0, 0.0, 0.0, 0.0, 0.0, 0.0, 0.0, 0.0, 0.0, 0.0, 0.0, 0.0, 0.0, 0.0, 0.0, 0.0, 0.0, 0.0, 0.0, 0.0, 0.0, 0.0], "tonal.chords_histogram": [34.855770111083984, 3.605769157409668, 34.375, 3.846153736114502, 0.0, 0.0, 0.0, 7.45192289352417, 0.0, 0.0, 0.0, 0.0, 0.0, 0.0, 0.0, 5.04807710647583, 0.0, 0.0, 0.0, 0.0, 0.0, 1.682692289352417, 3.125, 6.009615421295166], "tonal.thpcp": [1.0, 0.3854236602783203, 0.02047809399664402, 0.01413706410676241, 0.026619691401720047, 0.5073001384735107, 0.9440826773643494, 0.4699418246746063, 0.018701789900660515, 0.015099204145371914, 0.028132399544119835, 0.263214111328125, 0.4384978413581848, 0.22252489626407623, 0.047004975378513336, 0.05785755440592766, 0.0725688710808754, 0.06014924496412277, 0.052580367773771286, 0.08903640508651733, 0.3935285806655884, 0.6445252299308777, 0.33794116973876953, 0.06128619611263275, 0.06419122219085693, 0.07490484416484833, 0.22027112543582916, 0.2879772484302521, 0.13413862884044647, 0.029516637325286865, 0.016553880646824837, 0.011737928725779057, 0.22629675269126892, 0.4022497832775116, 0.21170993149280548, 0.6564159393310547], "lowlevel.gfcc.cov": [[11147.0888671875, -2362.304443359375, -1011.61181640625, 920.99609375, -842.2172241210938, -810.434326171875, 474.3396301269531, 1283.876953125, -192.60247802734375, 264.4282531738281, -440.1144714355469, 3.9240031242370605, 325.39569091796875], [-2362.304443359375, 2169.697265625, 314.6240234375, -902.7451171875, 305.3525085449219, -53.25685119628906, -208.369140625, -478.2705078125, -43.539737701416016, -243.9613037109375, -20.626842498779297, -106.08172607421875, 35.6142578125], [-1011.61181640625, 314.6240234375, 1108.30126953125, 1.5497568845748901, 182.80075073242188, 314.42919921875, -137.28163146972656, -243.33612060546875, -76.8119888305664, -30.994489669799805, 64.14445495605469, 141.5044708251953, -362.4461669921875], [920.99609375, -902.7451171875, 1.5497568845748901, 809.421875, -168.0507049560547, -28.495676040649414, 116.32479095458984, 233.02236938476562, -1.3599214553833008, 98.64342498779297, 9.56235408782959, 34.21133041381836, -34.537384033203125], [-842.2172241210938, 305.3525085449219, 182.80075073242188, -168.0507049560547, 614.0263671875, 237.6425323486328, -268.3369445800781, -357.8184814453125, 95.7997055053711, 59.53734588623047, 13.987783432006836, -96.04927062988281, -186.46954345703125], [-810.434326171875, -53.25685119628906, 314.42919921875, -28.495676040649414, 237.6425323486328, 474.9689636230469, -8.426992416381836, -173.66928100585938, 33.147098541259766, -12.982952117919922, 44.692588806152344, 33.230045318603516, -122.31082153320312], [474.3396301269531, -208.369140625, -137.28163146972656, 116.32479095458984, -268.3369445800781, -8.426992416381836, 369.15338134765625, 249.88478088378906, -103.22109985351562, -34.029598236083984, 19.390182495117188, 69.38600158691406, 78.3574447631836], [1283.876953125, -478.2705078125, -243.33612060546875, 233.02236938476562, -357.8184814453125, -173.66928100585938, 249.88478088378906, 571.4362182617188, 30.414682388305664, -60.401668548583984, -88.19254302978516, 90.52262115478516, 175.02818298339844], [-192.60247802734375, -43.539737701416016, -76.8119888305664, -1.3599214553833008, 95.7997055053711, 33.147098541259766, -103.22109985351562, 30.414682388305664, 300.0574035644531, 5.884894847869873, -98.9917221069336, -25.90180206298828, 71.4155502319336], [264.4282531738281, -243.9613037109375, -30.994489669799805, 98.64342498779297, 59.53734588623047, -12.982952117919922, -34.029598236083984, -60.401668548583984, 5.884894847869873, 315.85693359375, 87.77053833007812, -83.66114044189453, -62.950618743896484], [-440.1144714355469, -20.626842498779297, 64.14445495605469, 9.56235408782959, 13.987783432006836, 44.692588806152344, 19.390182495117188, -88.19254302978516, -98.9917221069336, 87.77053833007812, 256.4378356933594, 28.866289138793945, -121.3142318725586], [3.9240031242370605, -106.08172607421875, 141.5044708251953, 34.21133041381836, -96.04927062988281, 33.230045318603516, 69.38600158691406, 90.52262115478516, -25.90180206298828, -83.66114044189453, 28.866289138793945, 196.81649780273438, 1.870609164237976], [325.39569091796875, 35.6142578125, -362.4461669921875, -34.537384033203125, -186.46954345703125, -122.31082153320312, 78.3574447631836, 175.02818298339844, 71.4155502319336, -62.950618743896484, -121.3142318725586, 1.870609164237976, 348.1216735839844]], "lowlevel.gfcc.icov": [[0.00018862905562855303, 0.00018627571989782155, 1.3944137208454777e-05, 7.623876444995403e-05, -8.333768346346915e-05, 0.00022636640642303973, 8.035203791223466e-06, -0.0002694562717806548, 0.00031022101757116616, -0.00016197732475120574, 0.0003949423844460398, 2.9243627068353817e-05, 3.981404734076932e-05], [0.00018627571989782155, 0.0020866866689175367, -0.0015553459525108337, 0.0015793635975569487, -0.0011561152059584856, 0.001999680884182453, -0.001225210726261139, 0.0007600383250974119, 3.2480598747497424e-05, 0.0014400333166122437, -0.0006905539776198566, 0.0018806931329891086, -0.0018703038804233074], [1.3944137208454777e-05, -0.0015553459525108337, 0.003486599773168564, -0.0011962270364165306, 0.0016158624785020947, -0.002593431854620576, 0.0020372874569147825, -0.0005400272202678025, 0.000721255608368665, -0.0014808138366788626, 0.0020088953897356987, -0.0032454123720526695, 0.003726525930687785], [7.623876444995403e-05, 0.0015793635975569487, -0.0011962270364165306, 0.0028332711663097143, -0.0005076445522718132, 0.0012544592609629035, -0.0009203028748743236, -1.0409681635792367e-05, -0.00015030591748654842, 0.0005245546926744282, -0.0004730224027298391, 0.0013677572133019567, -0.0008624833426438272], [-8.333768346346915e-05, -0.0011561152059584856, 0.0016158624785020947, -0.0005076445522718132, 0.005025813356041908, -0.0029375962913036346, 0.002605163725093007, 0.0005236542201600969, -0.0005847910651937127, -0.0011073137866333127, 0.0012447952758520842, -0.0006642984226346016, 0.0029955231584608555], [0.00022636640642303973, 0.001999680884182453, -0.002593431854620576, 0.0012544592609629035, -0.0029375962913036346, 0.005998329259455204, -0.0034264372661709785, 0.0015603802166879177, -0.0010222536511719227, 0.0017416581977158785, -0.0012343216221779585, 0.0015732822939753532, -0.0023851008154451847], [8.035203791223466e-06, -0.001225210726261139, 0.0020372874569147825, -0.0009203028748743236, 0.002605163725093007, -0.0034264372661709785, 0.007213102653622627, -0.0027410283219069242, 0.0023681442253291607, -0.001213839161209762, 0.0007083482923917472, -0.0017214955296367407, 0.0016445729415863752], [-0.0002694562717806548, 0.0007600383250974119, -0.0005400272202678025, -1.0409681635792367e-05, 0.0005236542201600969, 0.0015603802166879177, -0.0027410283219069242, 0.005373337306082249, -0.0018653966253623366, 0.0011985546443611383, -0.00010537563503021374, -0.00041816075099632144, -0.0010801408207044005], [0.00031022101757116616, 3.2480598747497424e-05, 0.000721255608368665, -0.00015030591748654842, -0.0005847910651937127, -0.0010222536511719227, 0.0023681442253291607, -0.0018653966253623366, 0.005841611418873072, -0.001134840538725257, 0.002253861166536808, -0.000610807619523257, -0.00043970870319753885], [-0.00016197732475120574, 0.0014400333166122437, -0.0014808138366788626, 0.0005245546926744282, -0.0011073137866333127, 0.0017416581977158785, -0.001213839161209762, 0.0011985546443611383, -0.001134840538725257, 0.006070035509765148, -0.00325029413215816, 0.003718036925420165, -0.0016184165142476559], [0.0003949423844460398, -0.0006905539776198566, 0.0020088953897356987, -0.0004730224027298391, 0.0012447952758520842, -0.0012343216221779585, 0.0007083482923917472, -0.00010537563503021374, 0.002253861166536808, -0.00325029413215816, 0.008218477480113506, -0.003453137120231986, 0.0037051825784146786], [2.9243627068353817e-05, 0.0018806931329891086, -0.0032454123720526695, 0.0013677572133019567, -0.0006642984226346016, 0.0015732822939753532, -0.0017214955296367407, -0.00041816075099632144, -0.000610807619523257, 0.003718036925420165, -0.003453137120231986, 0.010435221716761589, -0.003130126278847456], [3.981404734076932e-05, -0.0018703038804233074, 0.003726525930687785, -0.0008624833426438272, 0.0029955231584608555, -0.0023851008154451847, 0.0016445729415863752, -0.0010801408207044005, -0.00043970870319753885, -0.0016184165142476559, 0.0037051825784146786, -0.003130126278847456, 0.008865981362760067]], "lowlevel.mfcc.cov": [[12244.9775390625, -3120.165283203125, -1360.5972900390625, 808.7612915039062, -929.7662353515625, -1476.627685546875, 332.412353515625, -36.98973846435547, 994.3096923828125, 498.49066162109375, -597.4830322265625, 206.54566955566406, -101.63481903076172], [-3120.165283203125, 2699.0703125, 164.57774353027344, -661.5042114257812, 116.82599639892578, 172.18211364746094, -141.0056610107422, -173.57705688476562, -255.10018920898438, -219.9492950439453, 45.43672561645508, -244.2705841064453, -8.773811340332031], [-1360.5972900390625, 164.57774353027344, 926.0250244140625, 0.8199302554130554, 125.40509796142578, 263.87823486328125, -8.614684104919434, 205.26979064941406, -221.9387664794922, -165.90866088867188, 170.490966796875, 71.18502044677734, -10.595616340637207], [808.7612915039062, -661.5042114257812, 0.8199302554130554, 509.4402770996094, -71.13141632080078, -156.17889404296875, 39.644874572753906, 21.745386123657227, 29.07533836364746, 32.04902267456055, -2.282954454421997, 124.90937042236328, -66.32490539550781], [-929.7662353515625, 116.82599639892578, 125.40509796142578, -71.13141632080078, 553.350341796875, 386.9997253417969, -209.81744384765625, -86.932861328125, -134.13365173339844, 39.014652252197266, 168.9925994873047, -70.19026947021484, -20.516756057739258], [-1476.627685546875, 172.18211364746094, 263.87823486328125, -156.17889404296875, 386.9997253417969, 721.2720947265625, -50.00462341308594, -76.2255630493164, -255.2716522216797, -14.877042770385742, 189.93450927734375, -51.10812759399414, 29.277572631835938], [332.412353515625, -141.0056610107422, -8.614684104919434, 39.644874572753906, -209.81744384765625, -50.00462341308594, 367.111328125, 52.919185638427734, -81.21390533447266, -66.4955825805664, 4.8841352462768555, 148.64356994628906, 50.58240509033203], [-36.98973846435547, -173.57705688476562, 205.26979064941406, 21.745386123657227, -86.932861328125, -76.2255630493164, 52.919185638427734, 437.1377868652344, 83.05445861816406, -136.5459442138672, -75.23320770263672, -50.1642951965332, 121.72930145263672], [994.3096923828125, -255.10018920898438, -221.9387664794922, 29.07533836364746, -134.13365173339844, -255.2716522216797, -81.21390533447266, 83.05445861816406, 465.8243408203125, 158.7246856689453, -246.4490203857422, -161.92868041992188, 36.09529495239258], [498.49066162109375, -219.9492950439453, -165.90866088867188, 32.04902267456055, 39.014652252197266, -14.877042770385742, -66.4955825805664, -136.5459442138672, 158.7246856689453, 265.75244140625, 0.2806491553783417, -75.57270050048828, -70.7920913696289], [-597.4830322265625, 45.43672561645508, 170.490966796875, -2.282954454421997, 168.9925994873047, 189.93450927734375, 4.8841352462768555, -75.23320770263672, -246.4490203857422, 0.2806491553783417, 347.80487060546875, 164.209228515625, -89.132080078125], [206.54566955566406, -244.2705841064453, 71.18502044677734, 124.90937042236328, -70.19026947021484, -51.10812759399414, 148.64356994628906, -50.1642951965332, -161.92868041992188, -75.57270050048828, 164.209228515625, 379.33013916015625, -42.358089447021484], [-101.63481903076172, -8.773811340332031, -10.595616340637207, -66.32490539550781, -20.516756057739258, 29.277572631835938, 50.58240509033203, 121.72930145263672, 36.09529495239258, -70.7920913696289, -89.132080078125, -42.358089447021484, 235.20578002929688]], "lowlevel.mfcc.icov": [[0.0001872605353128165, 0.00020201450388412923, 0.0001015876914607361, 5.7790275604929775e-05, 1.7229318473255262e-05, 0.00024674247833900154, -0.00011830495350295678, 0.0001242252328665927, -0.00012443552259355783, 2.5084980734391138e-05, 5.364997196011245e-05, 2.8326718165772036e-05, 9.334323112852871e-05], [0.00020201450388412923, 0.0010009774705395103, -7.191971235442907e-05, 0.0009035739931277931, 7.555424235761166e-05, 0.0005582848098129034, -7.791089592501521e-05, 0.0008330183918587863, -2.9067628929624334e-05, 0.0010450377594679594, -0.00023597815015818924, 0.0008089960901997983, 0.0002741791249718517], [0.0001015876914607361, -7.191971235442907e-05, 0.0018347030272707343, -0.00025481192278675735, 0.0001770403905538842, -0.0005915536894463003, 0.00031369473435916007, -0.001189079019241035, 0.0002421458048047498, 0.00023520893591921777, -0.0002536189276725054, -0.0003665256954263896, 0.0005605425103567541], [5.7790275604929775e-05, 0.0009035739931277931, -0.00025481192278675735, 0.003443849505856633, -0.00022187041759025306, 0.0008373890304937959, 2.1945947082713246e-05, 0.0001429401308996603, 0.00047881127102300525, 7.205358997453004e-05, 0.0005592663655988872, -0.00037564150989055634, 0.0009085263009183109], [1.7229318473255262e-05, 7.555424235761166e-05, 0.0001770403905538842, -0.00022187041759025306, 0.004397615324705839, -0.0017855181358754635, 0.002253058133646846, 0.00011000511585734785, 0.00026321556651964784, -0.00013271287025418133, -0.0013741063885390759, 0.00040802278090268373, -0.0005075170192867517], [0.00024674247833900154, 0.0005582848098129034, -0.0005915536894463003, 0.0008373890304937959, -0.0017855181358754635, 0.003672615857794881, -0.0009532826370559633, 0.0008828475838527083, 0.0009916056878864765, -0.0002280096960021183, -0.0002934761287178844, 0.0011471249163150787, -0.0006533059058710933], [-0.00011830495350295678, -7.791089592501521e-05, 0.00031369473435916007, 2.1945947082713246e-05, 0.002253058133646846, -0.0009532826370559633, 0.0051187328062951565, -0.0009875698015093803, 0.001644281786866486, -0.000994569156318903, 0.0005290654953569174, -0.0017335594166070223, -0.0009716025087982416], [0.0001242252328665927, 0.0008330183918587863, -0.001189079019241035, 0.0001429401308996603, 0.00011000511585734785, 0.0008828475838527083, -0.0009875698015093803, 0.005575348623096943, -0.0025261263363063335, 0.00415578531101346, -0.0018583290511742234, 0.0023116020020097494, -0.001351362094283104], [-0.00012443552259355783, -2.9067628929624334e-05, 0.0002421458048047498, 0.00047881127102300525, 0.00026321556651964784, 0.0009916056878864765, 0.001644281786866486, -0.0025261263363063335, 0.007640311494469643, -0.00540632801130414, 0.003999173641204834, -0.0005458774394355714, -0.0004381313920021057], [2.5084980734391138e-05, 0.0010450377594679594, 0.00023520893591921777, 7.205358997453004e-05, -0.00013271287025418133, -0.0002280096960021183, -0.000994569156318903, 0.00415578531101346, -0.00540632801130414, 0.011164442636072636, -0.004178183153271675, 0.0033536802511662245, 0.0013711898354813457], [5.364997196011245e-05, -0.00023597815015818924, -0.0002536189276725054, 0.0005592663655988872, -0.0013741063885390759, -0.0002934761287178844, 0.0005290654953569174, -0.0018583290511742234, 0.003999173641204834, -0.004178183153271675, 0.008549838326871395, -0.003709440818056464, 0.0016260078409686685], [2.8326718165772036e-05, 0.0008089960901997983, -0.0003665256954263896, -0.00037564150989055634, 0.00040802278090268373, 0.0011471249163150787, -0.0017335594166070223, 0.0023116020020097494, -0.0005458774394355714, 0.0033536802511662245, -0.003709440818056464, 0.00657464936375618, -0.00013928131374996156], [9.334323112852871e-05, 0.0002741791249718517, 0.0005605425103567541, 0.0009085263009183109, -0.0005075170192867517, -0.0006533059058710933, -0.0009716025087982416, -0.001351362094283104, -0.0004381313920021057, 0.0013711898354813457, 0.0016260078409686685, -0.00013928131374996156, 0.00660002650693059]], "metadata.audio_properties.analysis.downmix": "mix", "metadata.audio_properties.codec": "mp3", "metadata.audio_properties.md5_encoded": "3cfbdc75fb14cf9639d3fb51228979bc", "metadata.tags.file_name": "1182272259449176114.mp3", "metadata.version.essentia": "2.1-beta6-dev", "metadata.version.essentia_git_sha": "v2.1_beta5-1110-g77a6a954", "metadata.version.extractor": "music 2.0", "tonal.chords_key": "Eb", "tonal.chords_scale": "major", "tonal.key_edma.key": "Eb", "tonal.key_edma.scale": "major", "tonal.key_krumhansl.key": "Eb", "tonal.key_krumhansl.scale": "major", "tonal.key_temperley.key": "Eb", "tonal.key_temperley.scale": "major", "metadata.tags.encoding": ["Lavf58.45.100"]}, "essentia_models": [{"model_name": "genre_dortmund", "activations": {"alternative": "0.24265856", "blues": "0.08497026", "electronic": "0.3429161", "folkcountry": "0.16122626", "funksoulrnb": "0.12895569", "jazz": "0.43769017", "pop": "0.079064734", "raphiphop": "0.13727029", "rock": "0.09837315"}}, {"model_name": "genre_