{"song_id": "1182276728786264184", "download": "https://cdn.discordapp.com/attachments/1135911532732108921/1182276728786264184/chirp.mp4?ex=65841c01&amp", "lyrics": "Act As If\nI am a crypto billionaire\ncrypto billionaire\ncrypto billionaire", "style": ["cool silent chillout beats"], "essentia_features": {"lowlevel.average_loudness": 0.6104822158813477, "lowlevel.barkbands_crest.mean": 14.410040855407715, "lowlevel.barkbands_crest.stdev": 5.294070720672607, "lowlevel.barkbands_flatness_db.mean": 0.24190551042556763, "lowlevel.barkbands_flatness_db.stdev": 0.09208133071660995, "lowlevel.barkbands_kurtosis.mean": 25.32895851135254, "lowlevel.barkbands_kurtosis.stdev": 70.558349609375, "lowlevel.barkbands_skewness.mean": 2.8282527923583984, "lowlevel.barkbands_skewness.stdev": 2.969113349914551, "lowlevel.barkbands_spread.mean": 11.37295150756836, "lowlevel.barkbands_spread.stdev": 13.160709381103516, "lowlevel.dissonance.mean": 0.42264753580093384, "lowlevel.dissonance.stdev": 0.053525183349847794, "lowlevel.dynamic_complexity": 2.6228625774383545, "lowlevel.erbbands_crest.mean": 12.527661323547363, "lowlevel.erbbands_crest.stdev": 5.258971214294434, "lowlevel.erbbands_flatness_db.mean": 0.21662047505378723, "lowlevel.erbbands_flatness_db.stdev": 0.06351003050804138, "lowlevel.erbbands_kurtosis.mean": 3.1713943481445312, "lowlevel.erbbands_kurtosis.stdev": 4.712478160858154, "lowlevel.erbbands_skewness.mean": 0.9550003409385681, "lowlevel.erbbands_skewness.stdev": 0.9150794744491577, "lowlevel.erbbands_spread.mean": 29.31978988647461, "lowlevel.erbbands_spread.stdev": 24.589582443237305, "lowlevel.hfc.mean": 18.354047775268555, "lowlevel.hfc.stdev": 14.599160194396973, "lowlevel.loudness_ebu128.integrated": -13.64189624786377, "lowlevel.loudness_ebu128.loudness_range": 4.073931694030762, "lowlevel.loudness_ebu128.momentary.mean": -14.261514663696289, "lowlevel.loudness_ebu128.momentary.stdev": 2.513568162918091, "lowlevel.loudness_ebu128.short_term.mean": -13.944235801696777, "lowlevel.loudness_ebu128.short_term.stdev": 1.4306206703186035, "lowlevel.melbands_crest.mean": 18.265295028686523, "lowlevel.melbands_crest.stdev": 7.643471717834473, "lowlevel.melbands_flatness_db.mean": 0.30580076575279236, "lowlevel.melbands_flatness_db.stdev": 0.11686314642429352, "lowlevel.melbands_kurtosis.mean": 49.63951110839844, "lowlevel.melbands_kurtosis.stdev": 154.45648193359375, "lowlevel.melbands_skewness.mean": 3.5145881175994873, "lowlevel.melbands_skewness.stdev": 4.369370460510254, "lowlevel.melbands_spread.mean": 12.247559547424316, "lowlevel.melbands_spread.stdev": 14.49100399017334, "lowlevel.pitch_salience.mean": 0.46636417508125305, "lowlevel.pitch_salience.stdev": 0.17186960577964783, "lowlevel.silence_rate_20dB.mean": 1.0, "lowlevel.silence_rate_20dB.stdev": 0.0, "lowlevel.silence_rate_30dB.mean": 0.8539977073669434, "lowlevel.silence_rate_30dB.stdev": 0.35310792922973633, "lowlevel.silence_rate_60dB.mean": 0.01390498224645853, "lowlevel.silence_rate_60dB.stdev": 0.11709699779748917, "lowlevel.spectral_centroid.mean": 792.45263671875, "lowlevel.spectral_centroid.stdev": 594.8073120117188, "lowlevel.spectral_complexity.mean": 11.161066055297852, "lowlevel.spectral_complexity.stdev": 5.261487007141113, "lowlevel.spectral_decrease.mean": -1.2633167401077117e-08, "lowlevel.spectral_decrease.stdev": 1.4138247017569938e-08, "lowlevel.spectral_energy.mean": 0.04934524744749069, "lowlevel.spectral_energy.stdev": 0.05363653972744942, "lowlevel.spectral_energyband_high.mean": 0.0005373541498556733, "lowlevel.spectral_energyband_high.stdev": 0.0011424500262364745, "lowlevel.spectral_energyband_low.mean": 0.024701880291104317, "lowlevel.spectral_energyband_low.stdev": 0.056075360625982285, "lowlevel.spectral_energyband_middle_high.mean": 0.005078993272036314, "lowlevel.spectral_energyband_middle_high.stdev": 0.008011061698198318, "lowlevel.spectral_energyband_middle_low.mean": 0.020567044615745544, "lowlevel.spectral_energyband_middle_low.stdev": 0.01788114197552204, "lowlevel.spectral_entropy.mean": 6.952208042144775, "lowlevel.spectral_entropy.stdev": 0.7147775292396545, "lowlevel.spectral_flux.mean": 0.0893593579530716, "lowlevel.spectral_flux.stdev": 0.069571353495121, "lowlevel.spectral_kurtosis.mean": 12.431838989257812, "lowlevel.spectral_kurtosis.stdev": 17.9632625579834, "lowlevel.spectral_rms.mean": 0.006120278034359217, "lowlevel.spectral_rms.stdev": 0.0032686323393136263, "lowlevel.spectral_rolloff.mean": 1037.1644287109375, "lowlevel.spectral_rolloff.stdev": 1743.908447265625, "lowlevel.spectral_skewness.mean": 2.5213353633880615, "lowlevel.spectral_skewness.stdev": 1.3204137086868286, "lowlevel.spectral_spread.mean": 4612873.5, "lowlevel.spectral_spread.stdev": 2373755.75, "lowlevel.spectral_strongpeak.mean": 1.3459365367889404, "lowlevel.spectral_strongpeak.stdev": 1.2127015590667725, "lowlevel.zerocrossingrate.mean": 0.044415488839149475, "lowlevel.zerocrossingrate.stdev": 0.04990219697356224, "metadata.audio_properties.analysis.equal_loudness": 0.0, "metadata.audio_properties.analysis.length": 40.04265213012695, "metadata.audio_properties.analysis.sample_rate": 44100.0, "metadata.audio_properties.analysis.start_time": 0.0, "metadata.audio_properties.bit_rate": 115919.0, "metadata.audio_properties.length": 40.042667388916016, "metadata.audio_properties.lossless": 0.0, "metadata.audio_properties.number_channels": 1.0, "metadata.audio_properties.replay_gain": -12.474752426147461, "metadata.audio_properties.sample_rate": 48000.0, "rhythm.beats_count": 83.0, "rhythm.beats_loudness.mean": 0.06830146163702011, "rhythm.beats_loudness.stdev": 0.06945386528968811, "rhythm.bpm": 123.45197296142578, "rhythm.bpm_histogram_first_peak_bpm": 123.0, "rhythm.bpm_histogram_first_peak_weight": 0.2950820326805115, "rhythm.bpm_histogram_second_peak_bpm": 133.0, "rhythm.bpm_histogram_second_peak_spread": 0.3333333730697632, "rhythm.bpm_histogram_second_peak_weight": 0.1463414579629898, "rhythm.danceability": 1.2189196348190308, "rhythm.onset_rate": 3.4952447414398193, "tonal.chords_changes_rate": 0.06018518656492233, "tonal.chords_number_rate": 0.008101851679384708, "tonal.chords_strength.mean": 0.5613839626312256, "tonal.chords_strength.stdev": 0.1048593819141388, "tonal.hpcp_crest.mean": 16.56256675720215, "tonal.hpcp_crest.stdev": 7.847599506378174, "tonal.hpcp_entropy.mean": 1.6198804378509521, "tonal.hpcp_entropy.stdev": 0.7437969446182251, "tonal.key_edma.strength": 0.6906368732452393, "tonal.key_krumhansl.strength": 0.6894318461418152, "tonal.key_temperley.strength": 0.6659584641456604, "tonal.tuning_diatonic_strength": 0.6290925145149231, "tonal.tuning_equal_tempered_deviation": 0.21846342086791992, "tonal.tuning_frequency": 434.193115234375, "tonal.tuning_nontempered_energy_ratio": 0.9075239896774292, "lowlevel.barkbands.mean": [0.002440306358039379, 0.01960795931518078, 0.0019366919295862317, 0.001717850100249052, 0.0102350739762187, 0.0016203980194404721, 0.0015709594590589404, 0.0022910027764737606, 0.0015785169089213014, 0.0033546662889420986, 0.0009152214624918997, 0.0004435472365003079, 0.00015479217108804733, 0.00030521347071044147, 0.00016401804168708622, 9.632248111302033e-05, 0.0001589644089108333, 0.00010005138028645888, 8.269745740108192e-05, 0.00010723852756200358, 8.385810360778123e-05, 4.308670395403169e-05, 8.145745960064232e-05, 6.66171545162797e-05, 0.00012970855459570885, 5.862907346454449e-05, 4.5335536924540065e-07], "lowlevel.barkbands.stdev": [0.006565588992089033, 0.0483415462076664, 0.010315575636923313, 0.004828291479498148, 0.01253727450966835, 0.003937534987926483, 0.004324761684983969, 0.004468800034373999, 0.003457265207543969, 0.0065243057906627655, 0.0028557537589222193, 0.0014745882945135236, 0.0005149974022060633, 0.0016224621795117855, 0.0006398636614903808, 0.00026688346406444907, 0.00043396439286880195, 0.00040823061135597527, 0.00016193756891880184, 0.00019220610556658357, 0.00019807717762887478, 0.00014874640328343958, 0.0002991729706991464, 0.00022476344020105898, 0.00030998067813925445, 0.0001441633648937568, 3.839240889647044e-06], "lowlevel.erbbands.mean": [0.9716055393218994, 2.735372304916382, 2.57468581199646, 4.442877769470215, 17.457786560058594, 37.83084487915039, 26.53704833984375, 13.858141899108887, 19.902545928955078, 45.01878356933594, 36.0736083984375, 37.06488037109375, 109.16432189941406, 49.90938186645508, 35.50077438354492, 17.2689151763916, 8.310517311096191, 13.609512329101562, 12.949305534362793, 6.149688243865967, 6.699557781219482, 8.585484504699707, 5.229391098022461, 5.670847415924072, 3.226261854171753, 4.935537815093994, 4.519342422485352, 2.712090492248535, 1.6485918760299683, 1.6709787845611572, 2.4170494079589844, 1.6151403188705444, 1.0470666885375977, 1.1874228715896606, 1.071564793586731, 0.420043021440506, 0.07148752361536026, 0.004704384133219719, 0.00015009335766080767, 6.298490188783035e-05], "lowlevel.erbbands.stdev": [2.391223669052124, 8.124811172485352, 11.389211654663086, 16.48189926147461, 33.448856353759766, 51.852073669433594, 46.2429084777832, 30.628034591674805, 63.04822540283203, 89.82113647460938, 63.863792419433594, 84.79083251953125, 215.0951690673828, 129.8527069091797, 90.78182220458984, 58.10172653198242, 26.312501907348633, 86.30709075927734, 40.45064926147461, 28.38565444946289, 18.21975326538086, 21.86612892150879, 19.449874877929688, 11.200931549072266, 6.8428874015808105, 8.709203720092773, 8.834222793579102, 8.030539512634277, 5.595674991607666, 5.764856338500977, 9.121369361877441, 5.54688835144043, 3.5155725479125977, 3.240055799484253, 2.4524996280670166, 1.0214245319366455, 0.18548280000686646, 0.013616629876196384, 0.0004621845728252083, 5.979001798550598e-05], "lowlevel.gfcc.mean": [-45.61320114135742, 102.17447662353516, -106.3658218383789, -3.8574769496917725, -74.4920425415039, 1.6112548112869263, -45.483524322509766, 10.510797500610352, -43.5847053527832, -7.275202751159668, -24.20322036743164, -9.786277770996094, -1.9126148223876953], "lowlevel.melbands.mean": [0.006752127315849066, 0.001969943754374981, 0.0010809830855578184, 0.0020756700541824102, 0.001187329413369298, 0.0003112180274911225, 0.0003013007517438382, 0.0005266243242658675, 0.00027188073727302253, 0.00023988784232642502, 0.0005575533723458648, 0.00021818713867105544, 0.0001152545228251256, 6.398935511242598e-05, 2.8673828637693077e-05, 1.450555009796517e-05, 2.7935839170822874e-05, 2.31173362408299e-05, 1.0005253898270894e-05, 7.009736236796016e-06, 8.231488209275994e-06, 9.950534149538726e-06, 5.860526925971499e-06, 3.9067936086212285e-06, 4.8289703045156784e-06, 2.450412921461975e-06, 2.2023668861947954e-06, 3.6820854347752174e-06, 3.154643081870745e-06, 2.1954801923129708e-06, 1.3365761333261617e-06, 9.756649888004176e-07, 7.038921125968045e-07, 1.0512264907447388e-06, 1.4197006521499134e-06, 1.2688670949501102e-06, 9.020170637086267e-07, 7.09383414232434e-07, 7.132758810257656e-07, 1.117994315791293e-06], "lowlevel.melbands.stdev": [0.016296686604619026, 0.006837685126811266, 0.0026908291038125753, 0.002928750356659293, 0.0017951756017282605, 0.0007454688893631101, 0.0008952097850851715, 0.0010385956848040223, 0.0004898723564110696, 0.0005845869309268892, 0.0011000036029145122, 0.0005583901074714959, 0.00030840272665955126, 0.00018387194722890854, 0.00010681356070563197, 4.218979302095249e-05, 0.00019516200700309128, 7.178007945185527e-05, 3.356231172801927e-05, 2.9251894375192933e-05, 2.5424356863368303e-05, 2.626573041197844e-05, 2.68832482106518e-05, 9.620143828215078e-06, 9.63249749474926e-06, 5.468252766149817e-06, 4.642156454792712e-06, 6.8106933213130105e-06, 6.212696916918503e-06, 5.622193384624552e-06, 4.396655185701093e-06, 3.542299964465201e-06, 2.47900175054383e-06, 3.839486453216523e-06, 5.606947524938732e-06, 4.531714694167022e-06, 3.3083240396081237e-06, 2.509022351659951e-06, 2.4444614155072486e-06, 2.9376778911682777e-06], "lowlevel.melbands128.mean": [0.002325118985027075, 0.009392905049026012, 0.007718382403254509, 0.0035175965167582035, 0.0014619765570387244, 0.0008964278385974467, 0.000821981462650001, 0.0008744296501390636, 0.0018037236295640469, 0.002305160276591778, 0.002144760685041547, 0.0020035114139318466, 0.0008484830032102764, 0.00029604166047647595, 0.0002850683522410691, 0.0003100484318565577, 0.0003795131342485547, 0.00022831474780105054, 0.0003091248800046742, 0.0005424929549917579, 0.0007066671969369054, 0.00028664895216934383, 0.00023762622731737792, 0.000219216279219836, 0.00017911437316797674, 0.00026193077792413533, 0.00031494165887124836, 0.0007639049435965717, 0.0006360482657328248, 0.0001871067361207679, 0.00013988949649501592, 9.633596346247941e-05, 0.00010102723899763077, 0.00015911980881355703, 6.284367555053905e-05, 4.367637666291557e-05, 4.3074789573438466e-05, 3.26339177263435e-05, 1.6309692000504583e-05, 1.4492557056655642e-05, 1.6175130440387875e-05, 1.0107333764608484e-05, 2.8845612177974544e-05, 3.686312629724853e-05, 2.7652924472931772e-05, 2.332646727154497e-05, 1.46695683724829e-05, 1.0496345566934906e-05, 7.311888566619018e-06, 7.367475063801976e-06, 7.039243428152986e-06, 6.82404606777709e-06, 6.071810275898315e-06, 9.542364750814158e-06, 1.192614308820339e-05, 1.1174423889315221e-05, 7.390231530735036e-06, 5.000975761504378e-06, 7.109881153155584e-06, 3.887493676302256e-06, 2.671198217285564e-06, 3.9264718907361384e-06, 7.148050372052239e-06, 4.1342195800098125e-06, 3.2303546504408587e-06, 2.344952918065246e-06, 2.0821214548050193e-06, 1.8819310980688897e-06, 2.1252594706311356e-06, 2.8671636300714454e-06, 3.071478658966953e-06, 4.857063686358742e-06, 4.050261850352399e-06, 2.631790721352445e-06, 2.329915105292457e-06, 2.4106936962198233e-06, 2.1821094833285315e-06, 1.4279243032433442e-06, 1.2842854175687535e-06, 1.118174054681731e-06, 1.0892604223045055e-06, 8.957991326496995e-07, 7.380973556792014e-07, 6.959741654100071e-07, 6.428219307963445e-07, 8.339274017998832e-07, 1.244504801434232e-06, 1.362495140710962e-06, 1.4046664773559314e-06, 1.4891363662172807e-06, 1.4967491779316333e-06, 1.1968933222306077e-06, 9.049143159245432e-07, 9.482578207098413e-07, 8.522118832843262e-07, 7.558675747532106e-07, 6.263116461013851e-07, 7.218228006422578e-07, 6.85875363615196e-07, 6.946393682483176e-07, 8.903353432287986e-07, 1.1387628546799533e-06, 1.4696029211336281e-06, 1.5075124792929273e-06, 1.262733690055029e-06, 1.1103415999969002e-06, 9.154925919574453e-07, 9.453293614569702e-07, 7.670886930100096e-07, 5.507875471266743e-07, 3.839169551156374e-07, 2.4535998477404064e-07, 1.918381826726545e-07, 1.323176945788873e-07, 6.226559889910277e-08, 2.8246962102684847e-08, 1.4294517569624077e-08, 5.308195660802539e-09, 9.855999349994704e-10, 2.6806386971278684e-11, 1.4118043539790293e-11, 7.542300117791001e-12, 5.639371348370448e-12, 5.537061260885157e-12, 5.432302611213524e-12, 5.311507310368224e-12, 5.238351419301068e-12, 5.2052711099759286e-12], "lowlevel.melbands128.stdev": [0.006255433429032564, 0.023606907576322556, 0.019818391650915146, 0.013203909620642662, 0.007164772599935532, 0.00528764259070158, 0.003863358637318015, 0.0021790280006825924, 0.004158861003816128, 0.0045413849875330925, 0.0036226941738277674, 0.0033633573912084103, 0.0018984561320394278, 0.0011619596043601632, 0.0007449411787092686, 0.001193631673231721, 0.0017404243117198348, 0.0008180513395927846, 0.0012435885146260262, 0.00129408179782331, 0.0016236638184636831, 0.000876538862939924, 0.0006083283806219697, 0.0005928110331296921, 0.0006313847843557596, 0.0009981314651668072, 0.0009325115825049579, 0.0018616352463141084, 0.0015090617816895247, 0.0006654977914877236, 0.0008411213639192283, 0.0005041852709837258, 0.0003454329853411764, 0.0005064048455096781, 0.0002599232248030603, 0.0002047397574642673, 0.00021769058366771787, 0.00014457384531851858, 9.177341416943818e-05, 5.9290243370924145e-05, 4.581668326864019e-05, 3.546728112269193e-05, 0.0002895643701776862, 0.00027789821615442634, 9.427018085261807e-05, 0.00011300142796244472, 6.830943311797455e-05, 3.726734212250449e-05, 4.037716644234024e-05, 8.091168274404481e-05, 2.4527764253434725e-05, 2.4009788830881007e-05, 2.1680167265003547e-05, 4.623669883585535e-05, 4.351447933004238e-05, 3.822401777142659e-05, 2.4915703761507757e-05, 1.8836142771760933e-05, 5.879940727027133e-05, 1.0525245670578443e-05, 6.865261184429983e-06, 1.022548894979991e-05, 1.9545712348190136e-05, 8.76926333148731e-06, 7.124290732463123e-06, 5.689982572221197e-06, 5.882713594473898e-06, 4.764817276736721e-06, 4.902152340946486e-06, 6.0539364312717225e-06, 6.466819741035579e-06, 1.1101519703515805e-05, 9.85052884061588e-06, 5.427864834928187e-06, 7.390736755041871e-06, 5.8417626860318705e-06, 7.3990063356177416e-06, 5.749735009885626e-06, 4.3432810343801975e-06, 3.900087904185057e-06, 4.4434464143705554e-06, 3.533740709826816e-06, 2.512956598366145e-06, 2.806292059176485e-06, 2.5992683276854223e-06, 2.9275399811012903e-06, 4.94465029987623e-06, 6.035068963683443e-06, 6.102864517743001e-06, 5.9754961512226146e-06, 5.879101081518456e-06, 4.271347734174924e-06, 3.2371419820265146e-06, 3.814505362242926e-06, 3.6198525776853785e-06, 2.804996256600134e-06, 2.4037581169977784e-06, 2.609673629194731e-06, 2.346862629565294e-06, 3.016701157321222e-06, 2.871776814572513e-06, 3.1050135476107243e-06, 3.943074261769652e-06, 3.80451956516481e-06, 3.1259851311915554e-06, 2.9270122468005866e-06, 2.0818656594201457e-06, 2.142004632332828e-06, 2.041354036919074e-06, 1.886918539639737e-06, 1.3303762216310133e-06, 6.620955446123844e-07, 5.404334046943404e-07, 4.106369715373148e-07, 1.9128796679979132e-07, 1.2055615172812395e-07, 9.247290222447191e-08, 7.855362582631642e-08, 2.2588725556715872e-08, 5.015660109464193e-10, 1.7836547516747459e-10, 4.613603249437048e-11, 1.193824900047602e-11, 1.1732064104930107e-11, 1.1559284779361079e-11, 1.141681367500258e-11, 1.13160895584552e-11, 1.125417207342716e-11], "lowlevel.mfcc.mean": [-699.2584228515625, 148.20016479492188, 6.396242618560791, 0.2536752223968506, -10.540985107421875, -17.769636154174805, 4.013933181762695, -6.842599868774414, -2.159485101699829, -5.700967788696289, -17.15377426147461, -10.079854965209961, -14.548677444458008], "lowlevel.spectral_contrast_coeffs.mean": [-0.5348758101463318, -0.7127817869186401, -0.7148926854133606, -0.8116596937179565, -0.8157262206077576, -0.7823482155799866], "lowlevel.spectral_contrast_coeffs.stdev": [0.1218685582280159, 0.09078651666641235, 0.08606583625078201, 0.04748491942882538, 0.036070965230464935, 0.04337696731090546], "lowlevel.spectral_contrast_valleys.mean": [-7.853587627410889, -6.98380184173584, -7.461553573608398, -8.189476013183594, -8.246613502502441, -11.079313278198242], "lowlevel.spectral_contrast_valleys.stdev": [1.1282800436019897, 0.8657546639442444, 0.8512505888938904, 0.8632820248603821, 1.1578421592712402, 1.4331576824188232], "rhythm.beats_loudness_band_ratio.mean": [0.33519527316093445, 0.31767046451568604, 0.2519749701023102, 0.13058699667453766, 0.019824104383587837, 0.029851341620087624], "rhythm.beats_loudness_band_ratio.stdev": [0.37794211506843567, 0.24143309891223907, 0.19420059025287628, 0.17266567051410675, 0.025293532758951187, 0.09055746346712112], "tonal.hpcp.mean": [0.03784063830971718, 0.024256812408566475, 0.03405364975333214, 0.11739107221364975, 0.15858285129070282, 0.08216053992509842, 0.02918543666601181, 0.029884185642004013, 0.08940383791923523, 0.2556125521659851, 0.2638370096683502, 0.10690870881080627, 0.07557108998298645, 0.07698846608400345, 0.03887537121772766, 0.019629454240202904, 0.015485703945159912, 0.029709123075008392, 0.12449536472558975, 0.13659876585006714, 0.05148260295391083, 0.03420637547969818, 0.03790375962853432, 0.048653744161129, 0.14251142740249634, 0.15556421875953674, 0.06398914754390717, 0.032307907938957214, 0.023131879046559334, 0.04648907855153084, 0.14355996251106262, 0.1810537725687027, 0.14054444432258606, 0.23266936838626862, 0.25296956300735474, 0.11333921551704407], "tonal.hpcp.stdev": [0.1391085684299469, 0.10820513963699341, 0.12765377759933472, 0.24118682742118835, 0.30804383754730225, 0.1931825429201126, 0.12193645536899567, 0.13316857814788818, 0.19381442666053772, 0.34528812766075134, 0.34557613730430603, 0.2194816917181015, 0.19468103349208832, 0.22191476821899414, 0.12616848945617676, 0.08529011905193329, 0.054956551641225815, 0.09902949631214142, 0.23040515184402466, 0.24551363289356232, 0.13517695665359497, 0.14175432920455933, 0.15711215138435364, 0.16370156407356262, 0.27157893776893616, 0.28000137209892273, 0.16127246618270874, 0.1372215896844864, 0.11018102616071701, 0.14193004369735718, 0.24697789549827576, 0.286115437746048, 0.2344740480184555, 0.3378477990627289, 0.3551902174949646, 0.22054274380207062], "rhythm.beats_position": [0.4760090708732605, 0.9287981986999512, 1.381587266921997, 1.8227664232254028, 2.2755556106567383, 2.7167346477508545, 3.1695237159729004, 3.6223127841949463, 4.075101852416992, 4.551111221313477, 5.027120113372803, 5.514739036560059, 5.990748405456543, 6.478367328643799, 6.965986251831055, 7.441995143890381, 7.918004512786865, 8.405623435974121, 8.881632804870605, 9.369251251220703, 9.845260620117188, 10.321269989013672, 10.79727840423584, 11.273287773132324, 11.749297142028809, 12.236915588378906, 12.72453498840332, 13.212154388427734, 13.664942741394043, 14.129342079162598, 14.582131385803223, 15.034920692443848, 15.487709045410156, 15.940498352050781, 16.404897689819336, 16.85768699645996, 17.322086334228516, 17.78648567199707, 18.29732322692871, 18.796552658081055, 19.319002151489258, 19.82984161376953, 20.329069137573242, 20.816688537597656, 21.31591796875, 21.803537368774414, 22.291156768798828, 22.77877426147461, 23.266393661499023, 23.754013061523438, 24.24163246154785, 24.729251861572266, 25.216869354248047, 25.70448875427246, 26.180498123168945, 26.65650749206543, 27.144126892089844, 27.631746292114258, 28.11936378479004, 28.606983184814453, 29.094602584838867, 29.59383201599121, 30.093061447143555, 30.580678939819336, 31.06829833984375, 31.555917739868164, 32.04353713989258, 32.53115463256836, 33.018775939941406, 33.50639343261719, 33.994014739990234, 34.481632232666016, 34.9692497253418, 35.456871032714844, 35.944488525390625, 36.43210983276367, 36.91972732543945, 37.407344818115234, 37.89496612548828, 38.38258361816406, 38.87020492553711, 39.35782241821289, 39.84543991088867], "rhythm.bpm_histogram": [0.0, 0.0, 0.0, 0.0, 0.0, 0.0, 0.0, 0.0, 0.0, 0.0, 0.0, 0.0, 0.0, 0.0, 0.0, 0.0, 0.0, 0.0, 0.0, 0.0, 0.0, 0.0, 0.0, 0.0, 0.0, 0.0, 0.0, 0.0, 0.0, 0.0, 0.0, 0.0, 0.0, 0.0, 0.0, 0.0, 0.0, 0.0, 0.0, 0.0, 0.0, 0.0, 0.0, 0.0, 0.0, 0.0, 0.0, 0.0, 0.0, 0.0, 0.0, 0.0, 0.0, 0.0, 0.0, 0.0, 0.0, 0.0, 0.0, 0.0, 0.0, 0.0, 0.0, 0.0, 0.0, 0.0, 0.0, 0.0, 0.0, 0.0, 0.0, 0.0, 0.0, 0.0, 0.0, 0.0, 0.0, 0.0, 0.0, 0.0, 0.0, 0.0, 0.0, 0.0, 0.0, 0.0, 0.0, 0.0, 0.0, 0.0, 0.0, 0.0, 0.0, 0.0, 0.0, 0.0, 0.0, 0.0, 0.0, 0.0, 0.0, 0.0, 0.0, 0.0, 0.0, 0.0, 0.0, 0.0, 0.0, 0.0, 0.0, 0.0, 0.0, 0.0, 0.0, 0.012195121496915817, 0.0, 0.024390242993831635, 0.0, 0.0, 0.060975611209869385, 0.0, 0.0, 0.5243902206420898, 0.0, 0.0, 0.15853658318519592, 0.0, 0.0, 0.04878048598766327, 0.0, 0.0, 0.0, 0.1463414579629898, 0.0, 0.0, 0.024390242993831635, 0.0, 0.0, 0.0, 0.0, 0.0, 0.0, 0.0, 0.0, 0.0, 0.0, 0.0, 0.0, 0.0, 0.0, 0.0, 0.0, 0.0, 0.0, 0.0, 0.0, 0.0, 0.0, 0.0, 0.0, 0.0, 0.0, 0.0, 0.0, 0.0, 0.0, 0.0, 0.0, 0.0, 0.0, 0.0, 0.0, 0.0, 0.0, 0.0, 0.0, 0.0, 0.0, 0.0, 0.0, 0.0, 0.0, 0.0, 0.0, 0.0, 0.0, 0.0, 0.0, 0.0, 0.0, 0.0, 0.0, 0.0, 0.0, 0.0, 0.0, 0.0, 0.0, 0.0, 0.0, 0.0, 0.0, 0.0, 0.0, 0.0, 0.0, 0.0, 0.0, 0.0, 0.0, 0.0, 0.0, 0.0, 0.0, 0.0, 0.0, 0.0, 0.0, 0.0, 0.0, 0.0, 0.0, 0.0, 0.0, 0.0, 0.0, 0.0, 0.0, 0.0, 0.0, 0.0, 0.0, 0.0, 0.0, 0.0, 0.0, 0.0, 0.0, 0.0, 0.0, 0.0, 0.0, 0.0, 0.0, 0.0, 0.0, 0.0, 0.0, 0.0], "tonal.chords_histogram": [30.55555534362793, 35.64814758300781, 18.865739822387695, 5.3240742683410645, 0.0, 0.0, 0.0, 0.0, 0.0, 4.629629611968994, 0.0, 0.0, 0.0, 0.0, 0.0, 0.0, 0.0, 0.0, 0.0, 0.0, 0.0, 0.0, 2.314814805984497, 2.6620371341705322], "tonal.thpcp": [1.0, 0.40520739555358887, 0.2864309549331665, 0.29180312156677246, 0.14734616875648499, 0.0743999257683754, 0.058694206178188324, 0.11260407418012619, 0.4718646705150604, 0.5177392363548279, 0.1951303333044052, 0.12964965403079987, 0.14366354048252106, 0.18440833687782288, 0.5401495099067688, 0.589622437953949, 0.2425328642129898, 0.12245403975248337, 0.08767488598823547, 0.17620378732681274, 0.544123649597168, 0.686233401298523, 0.5326942205429077, 0.8818678259849548, 0.9588099718093872, 0.429580420255661, 0.14342430233955383, 0.09193862974643707, 0.12907078862190247, 0.4449378550052643, 0.6010637283325195, 0.3114064335823059, 0.1106191948056221, 0.11326760053634644, 0.33886009454727173, 0.968827486038208], "lowlevel.gfcc.cov": [[6985.58544921875, -2657.177734375, -266.8294677734375, 472.5606384277344, -764.7364501953125, 11.534404754638672, -600.5572509765625, 420.1392517089844, -650.50244140625, 392.424072265625, -567.8001708984375, 321.8150634765625, -289.8022766113281], [-2657.177734375, 2978.057861328125, 200.2120361328125, -418.92523193359375, 717.8233032226562, 9.339922904968262, 451.6338195800781, -266.7717590332031, 375.7510070800781, -315.2707824707031, 429.3500671386719, -321.2135009765625, 206.26551818847656], [-266.8294677734375, 200.2120361328125, 1030.475341796875, 271.77288818359375, 448.15362548828125, 125.28836822509766, 163.24740600585938, 167.3968505859375, 142.95376586914062, 170.53053283691406, 101.41709899902344, 149.98008728027344, -22.328237533569336], [472.5606384277344, -418.92523193359375, 271.77288818359375, 1020.8760986328125, 515.9678955078125, 380.5410461425781, 299.8219909667969, 224.30410766601562, 311.4537353515625, 122.27794647216797, 106.31965637207031, 103.82701110839844, 32.44868850708008], [-764.7364501953125, 717.8233032226562, 448.15362548828125, 515.9678955078125, 1101.7384033203125, 426.414794921875, 566.8369140625, 240.5413055419922, 415.6028137207031, 148.8536376953125, 311.0696716308594, 71.86538696289062, 177.62994384765625], [11.534404754638672, 9.339922904968262, 125.28836822509766, 380.5410461425781, 426.414794921875, 562.7540893554688, 413.5404968261719, 105.91569519042969, 246.1214141845703, 113.47406768798828, 137.531982421875, 37.91733169555664, 83.22305297851562], [-600.5572509765625, 451.6338195800781, 163.24740600585938, 299.8219909667969, 566.8369140625, 413.5404968261719, 568.0473022460938, 138.41091918945312, 307.1921691894531, 78.86823272705078, 226.76974487304688, 26.131290435791016, 145.0438690185547], [420.1392517089844, -266.7717590332031, 167.3968505859375, 224.30410766601562, 240.5413055419922, 105.91569519042969, 138.41091918945312, 333.9494934082031, 80.67833709716797, 151.15074157714844, 59.671409606933594, 106.6468734741211, 62.521400451660156], [-650.50244140625, 375.7510070800781, 142.95376586914062, 311.4537353515625, 415.6028137207031, 246.1214141845703, 307.1921691894531, 80.67833709716797, 407.6830139160156, 35.342315673828125, 194.99363708496094, 20.79837417602539, 94.93033599853516], [392.424072265625, -315.2707824707031, 170.53053283691406, 122.27794647216797, 148.8536376953125, 113.47406768798828, 78.86823272705078, 151.15074157714844, 35.342315673828125, 232.1256103515625, 51.18019104003906, 131.3038330078125, 24.385251998901367], [-567.8001708984375, 429.3500671386719, 101.41709899902344, 106.31965637207031, 311.0696716308594, 137.531982421875, 226.76974487304688, 59.671409606933594, 194.99363708496094, 51.18019104003906, 250.1848907470703, 39.887474060058594, 104.03449249267578], [321.8150634765625, -321.2135009765625, 149.98008728027344, 103.82701110839844, 71.86538696289062, 37.91733169555664, 26.131290435791016, 106.6468734741211, 20.79837417602539, 131.3038330078125, 39.887474060058594, 198.65086364746094, 23.5616455078125], [-289.8022766113281, 206.26551818847656, -22.328237533569336, 32.44868850708008, 177.62994384765625, 83.22305297851562, 145.0438690185547, 62.521400451660156, 94.93033599853516, 24.385251998901367, 104.03449249267578, 23.5616455078125, 149.04449462890625]], "lowlevel.gfcc.icov": [[0.0003578844480216503, -0.00019255898951087147, 0.0002491353661753237, -0.00036356772761791945, 0.0002329743147129193, -0.0004362365580163896, 0.00037070325925014913, -0.0005693468847312033, 0.0005022448021918535, -0.0005025817663408816, 0.0005928631289862096, -0.0005145964096300304, 0.0003526983200572431], [-0.00019255898951087147, 0.0018443787703290582, -0.0007278226548805833, 0.0012699778890237212, -0.0012630248675122857, 0.0010543691460043192, -0.0008278458844870329, 0.0013198992237448692, -0.0007146457792259753, 0.0018329073209315538, -0.0022854472044855356, 0.0022469640243798494, -0.0007485804380849004], [0.0002491353661753237, -0.0007278226548805833, 0.001869173371233046, -0.0005799347418360412, -0.0001825592335080728, -0.00035513026523403823, 0.0004441610653884709, -0.0008573897066526115, 0.00038608547765761614, -0.0012373727513477206, 0.001033468754030764, -0.0017916440265253186, 0.0017596334218978882], [-0.00036356772761791945, 0.0012699778890237212, -0.0005799347418360412, 0.0028944648802280426, -0.0014780606143176556, 6.294058039202355e-06, -0.0002863853587768972, 0.0003931064857169986, -0.001786826062016189, 0.0019642433617264032, -0.001270086271688342, 0.0010443521896377206, 0.00022845889907330275], [0.0002329743147129193, -0.0012630248675122857, -0.0001825592335080728, -0.0014780606143176556, 0.003724074922502041, -0.0007315980619750917, -0.0007504411623813212, -0.001399186090566218, 0.00016234531358350068, -0.00172614015173167, 0.0007117163040675223, -0.000838299049064517, -0.0004024706140626222], [-0.0004362365580163896, 0.0010543691460043192, -0.00035513026523403823, 6.294058039202355e-06, -0.0007315980619750917, 0.005836389027535915, -0.004183185752481222, 0.0021546795032918453, -0.0011732530547305942, -0.0006744925631210208, -0.0007225031149573624, 0.001997879706323147, -0.0005357839399948716], [0.00037070325925014913, -0.0008278458844870329, 0.0004441610653884709, -0.0002863853587768972, -0.0007504411623813212, -0.004183185752481222, 0.007631314918398857, -0.0018536540446802974, -0.000270086427917704, -0.0001486636174377054, -0.0003034094406757504, -0.0007701224531047046, -0.0008935065707191825], [-0.0005693468847312033, 0.0013198992237448692, -0.0008573897066526115, 0.0003931064857169986, -0.001399186090566218, 0.0021546795032918453, -0.0018536540446802974, 0.0069005731493234634, -0.0008364545064978302, -0.000998082454316318, -0.0011024964042007923, 0.0014013141626492143, -0.002529967576265335], [0.0005022448021918535, -0.0007146457792259753, 0.00038608547765761614, -0.001786826062016189, 0.00016234531358350068, -0.0011732530547305942, -0.000270086427917704, -0.0008364545064978302, 0.006650215946137905, -0.0002726392413023859, -0.0012490689987316728, -0.0009806269081309438, 0.0003235733602195978], [-0.0005025817663408816, 0.0018329073209315538, -0.0012373727513477206, 0.0019642433617264032, -0.00172614015173167, -0.0006744925631210208, -0.0001486636174377054, -0.000998082454316318, -0.0002726392413023859, 0.011565234512090683, -0.0035511846654117107, -0.0019004758214578032, -6.899966683704406e-05], [0.0005928631289862096, -0.0022854472044855356, 0.001033468754030764, -0.001270086271688342, 0.0007117163040675223, -0.0007225031149573624, -0.0003034094406757504, -0.0011024964042007923, -0.0012490689987316728, -0.0035511846654117107, 0.01245889626443386, -0.004092467948794365, -0.0016129696741700172], [-0.0005145964096300304, 0.0022469640243798494, -0.0017916440265253186, 0.0010443521896377206, -0.000838299049064517, 0.001997879706323147, -0.0007701224531047046, 0.0014013141626492143, -0.0009806269081309438, -0.0019004758214578032, -0.004092467948794365, 0.012076850980520248, -0.0026778955943882465], [0.0003526983200572431, -0.0007485804380849004, 0.0017596334218978882, 0.00022845889907330275, -0.0004024706140626222, -0.0005357839399948716, -0.0008935065707191825, -0.002529967576265335, 0.0003235733602195978, -6.899966683704406e-05, -0.0016129696741700172, -0.0026778955943882465, 0.012709066271781921]], "lowlevel.mfcc.cov": [[5791.42431640625, -2891.080322265625, -72.37716674804688, 128.81634521484375, -317.26898193359375, -261.9142761230469, -206.55946350097656, -192.83665466308594, -75.56365203857422, -94.4227066040039, -236.08677673339844, -112.24773406982422, -146.85618591308594], [-2891.080322265625, 3132.17236328125, -80.5279769897461, -197.15928649902344, 206.69435119628906, 67.32575225830078, 249.6707000732422, 32.588558197021484, -5.600967884063721, -4.967604160308838, 126.2935562133789, 45.675743103027344, 58.31515884399414], [-72.37716674804688, -80.5279769897461, 592.33935546875, 153.03857421875, 103.61629486083984, 91.15918731689453, -31.408817291259766, 53.74211120605469, 23.79635238647461, -26.74346160888672, 61.24545669555664, 114.2771224975586, 77.56376647949219], [128.81634521484375, -197.15928649902344, 153.03857421875, 628.5648803710938, 406.4205017089844, 208.36184692382812, 184.99278259277344, 234.0565948486328, 185.41831970214844, 149.86587524414062, 128.90225219726562, 169.50543212890625, 161.99160766601562], [-317.26898193359375, 206.69435119628906, 103.61629486083984, 406.4205017089844, 552.8399047851562, 289.65191650390625, 234.67654418945312, 243.53369140625, 200.84584045410156, 196.6392822265625, 163.6861114501953, 165.308349609375, 163.7227783203125], [-261.9142761230469, 67.32575225830078, 91.15918731689453, 208.36184692382812, 289.65191650390625, 649.5448608398438, 267.9400634765625, 294.5840759277344, 188.4495849609375, 247.4722442626953, 190.7498779296875, 70.82395935058594, 155.8693084716797], [-206.55946350097656, 249.6707000732422, -31.408817291259766, 184.99278259277344, 234.67654418945312, 267.9400634765625, 424.58526611328125, 201.67356872558594, 176.9382781982422, 192.79550170898438, 129.6399688720703, 98.00198364257812, 111.07710266113281], [-192.83665466308594, 32.588558197021484, 53.74211120605469, 234.0565948486328, 243.53369140625, 294.5840759277344, 201.67356872558594, 317.67333984375, 185.03150939941406, 176.34173583984375, 147.20431518554688, 101.5284423828125, 144.17269897460938], [-75.56365203857422, -5.600967884063721, 23.79635238647461, 185.41831970214844, 200.84584045410156, 188.4495849609375, 176.9382781982422, 185.03150939941406, 238.2515869140625, 164.24407958984375, 109.49434661865234, 78.56674194335938, 93.6837158203125], [-94.4227066040039, -4.967604160308838, -26.74346160888672, 149.86587524414062, 196.6392822265625, 247.4722442626953, 192.79550170898438, 176.34173583984375, 164.24407958984375, 253.03616333007812, 123.1351547241211, 52.790035247802734, 79.74474334716797], [-236.08677673339844, 126.2935562133789, 61.24545669555664, 128.90225219726562, 163.6861114501953, 190.7498779296875, 129.6399688720703, 147.20431518554688, 109.49434661865234, 123.1351547241211, 187.87782287597656, 97.14938354492188, 98.7030258178711], [-112.24773406982422, 45.675743103027344, 114.2771224975586, 169.50543212890625, 165.308349609375, 70.82395935058594, 98.00198364257812, 101.5284423828125, 78.56674194335938, 52.790035247802734, 97.14938354492188, 205.6329345703125, 129.8712158203125], [-146.85618591308594, 58.31515884399414, 77.56376647949219, 161.99160766601562, 163.7227783203125, 155.8693084716797, 111.07710266113281, 144.17269897460938, 93.6837158203125, 79.74474334716797, 98.7030258178711, 129.8712158203125, 179.6799774169922]], "lowlevel.mfcc.icov": [[0.00034347266773693264, 0.0003180338244419545, 5.323105142451823e-05, -8.542822615709156e-05, 3.9711692807031795e-05, 3.731398828676902e-05, -0.00018738013750407845, 0.00016917423636186868, -5.686300028173719e-06, 8.920596883399412e-05, 9.48941451497376e-05, 3.4603315725689754e-05, 2.9324159186217003e-05], [0.0003180338244419545, 0.00071799720171839, 7.98633336671628e-05, 0.0003535668074619025, -0.0004378394514787942, 0.0001435141748515889, -0.0005470774485729635, 0.00017804391973186284, 0.00016177217185031623, 0.0004714480310212821, -0.00032200440182350576, 0.00019510264974087477, -0.00011424217518651858], [5.323105142451823e-05, 7.98633336671628e-05, 0.002215652959421277, -0.00038601900450885296, -1.6386416973546147e-05, -0.0006179006304591894, 0.0005776676698587835, 0.00014887149154674262, -0.00016921480710152537, 0.0010526037076488137, -0.00039828752051107585, -0.0011309924302622676, 0.00014087182353250682], [-8.542822615709156e-05, 0.0003535668074619025, -0.00038601900450885296, 0.003930185921490192, -0.0024588610976934433, 0.0004742596356663853, -0.0003036484122276306, -0.0010043547954410315, -0.00032143943826667964, 0.0003546071529854089, 0.0001924342504935339, -0.00042094013770110905, -0.0005297879106365144], [3.9711692807031795e-05, -0.0004378394514787942, -1.6386416973546147e-05, -0.0024588610976934433, 0.005211147014051676, -0.0006751695764251053, 3.605257370509207e-05, -6.045602640369907e-05, -0.000693538342602551, -0.001241045887582004, 4.211641862639226e-05, -0.0012684495886787772, 6.809263868490234e-05], [3.731398828676902e-05, 0.0001435141748515889, -0.0006179006304591894, 0.0004742596356663853, -0.0006751695764251053, 0.003710654331371188, -0.0008526216843165457, -0.0016539936186745763, 0.0007504494860768318, -0.0014964936999604106, -0.0012048904318362474, 0.002005656948313117, -0.0014413169119507074], [-0.00018738013750407845, -0.0005470774485729635, 0.0005776676698587835, -0.0003036484122276306, 3.605257370509207e-05, -0.0008526216843165457, 0.0048824334517121315, -0.0005611117812804878, -0.0011831228621304035, -0.0015513927210122347, 0.0002916848461609334, -0.001292933477088809, 0.0002672093396540731], [0.00016917423636186868, 0.00017804391973186284, 0.00014887149154674262, -0.0010043547954410315, -6.045602640369907e-05, -0.0016539936186745763, -0.0005611117812804878, 0.009721270762383938, -0.002929124515503645, -0.0006010143551975489, -0.0014854066539555788, 0.0007266738102771342, -0.0029570322949439287], [-5.686300028173719e-06, 0.00016177217185031623, -0.00016921480710152537, -0.00032143943826667964, -0.000693538342602551, 0.0007504494860768318, -0.0011831228621304035, -0.002929124515503645, 0.010316849686205387, -0.0034691079054027796, -0.0005097275716252625, -0.00011140398419229314, -0.00011062787234550342], [8.920596883399412e-05, 0.0004714480310212821, 0.0010526037076488137, 0.0003546071529854089, -0.001241045887582004, -0.0014964936999604106, -0.0015513927210122347, -0.0006010143551975489, -0.0034691079054027796, 0.011095920577645302, -0.002775890054181218, 0.0009275621850974858, 0.0007547993445768952], [9.48941451497376e-05, -0.00032200440182350576, -0.00039828752051107585, 0.0001924342504935339, 4.211641862639226e-05, -0.0012048904318362474, 0.0002916848461609334, -0.0014854066539555788, -0.0005097275716252625, -0.002775890054181218, 0.011838934384286404, -0.003222736297175288, -0.00047742153401486576], [3.4603315725689754e-05, 0.00019510264974087477, -0.0011309924302622676, -0.00042094013770110905, -0.0012684495886787772, 0.002005656948313117, -0.001292933477088809, 0.0007266738102771342, -0.00011140398419229314, 0.0009275621850974858, -0.003222736297175288, 0.012031255289912224, -0.0068145147524774075], [2.9324159186217003e-05, -0.00011424217518651858, 0.00014087182353250682, -0.0005297879106365144, 6.809263868490234e-05, -0.0014413169119507074, 0.0002672093396540731, -0.0029570322949439287, -0.00011062787234550342, 0.0007547993445768952, -0.00047742153401486576, -0.0068145147524774075, 0.014349508099257946]], "metadata.audio_properties.analysis.downmix": "mix", "metadata.audio_properties.codec": "mp3", "metadata.audio_properties.md5_encoded": "2de8a94de86f24e184fa5ee75340945e", "metadata.tags.file_name": "1182276728786264184.mp3", "metadata.version.essentia": "2.1-beta6-dev", "metadata.version.essentia_git_sha": "v2.1_beta5-1110-g77a6a954", "metadata.version.extractor": "music 2.0", "tonal.chords_key": "Ab", "tonal.chords_scale": "major", "tonal.key_edma.key":