{"song_id": "1182256922888507452", "download": "https://cdn.discordapp.com/attachments/1135911532732108921/1182256922888507452/chirp.mp4?ex=6584098f&amp", "lyrics": "[Verse 1]\nDeeznuts flowin', you know I'm in control\nGot the rhyme schemes that penetrate right to your soul\nSteppin' up, haters wanna bring me down\nBut I'm too real, watch me flip that crown\n\n[Chorus]\nDeeznuts droppin', got the game locked tight\nWe keep it movin', shinin' under the spotlight\nCan't deny, we bringin' that fire, no doubt\nDeeznuts takin' over, we got clout\n\n(Song complete", "style": ["hip hop"], "essentia_features": {"lowlevel.average_loudness": 0.924333930015564, "lowlevel.barkbands_crest.mean": 15.682943344116211, "lowlevel.barkbands_crest.stdev": 6.843605041503906, "lowlevel.barkbands_flatness_db.mean": 0.24322189390659332, "lowlevel.barkbands_flatness_db.stdev": 0.13880015909671783, "lowlevel.barkbands_kurtosis.mean": 145.26510620117188, "lowlevel.barkbands_kurtosis.stdev": 383.47637939453125, "lowlevel.barkbands_skewness.mean": 5.238615989685059, "lowlevel.barkbands_skewness.stdev": 8.208958625793457, "lowlevel.barkbands_spread.mean": 21.613548278808594, "lowlevel.barkbands_spread.stdev": 24.08627700805664, "lowlevel.dissonance.mean": 0.4588342607021332, "lowlevel.dissonance.stdev": 0.04351794347167015, "lowlevel.dynamic_complexity": 4.298958778381348, "lowlevel.erbbands_crest.mean": 11.851400375366211, "lowlevel.erbbands_crest.stdev": 5.84746789932251, "lowlevel.erbbands_flatness_db.mean": 0.17416611313819885, "lowlevel.erbbands_flatness_db.stdev": 0.062020234763622284, "lowlevel.erbbands_kurtosis.mean": 4.770305156707764, "lowlevel.erbbands_kurtosis.stdev": 14.28575325012207, "lowlevel.erbbands_skewness.mean": 0.7622156143188477, "lowlevel.erbbands_skewness.stdev": 1.9978225231170654, "lowlevel.erbbands_spread.mean": 53.249046325683594, "lowlevel.erbbands_spread.stdev": 39.692108154296875, "lowlevel.hfc.mean": 26.81036949157715, "lowlevel.hfc.stdev": 38.67185592651367, "lowlevel.loudness_ebu128.integrated": -15.446548461914062, "lowlevel.loudness_ebu128.loudness_range": 2.8583364486694336, "lowlevel.loudness_ebu128.momentary.mean": -16.54954719543457, "lowlevel.loudness_ebu128.momentary.stdev": 3.4055376052856445, "lowlevel.loudness_ebu128.short_term.mean": -15.675127983093262, "lowlevel.loudness_ebu128.short_term.stdev": 1.1018294095993042, "lowlevel.melbands_crest.mean": 22.145721435546875, "lowlevel.melbands_crest.stdev": 10.237054824829102, "lowlevel.melbands_flatness_db.mean": 0.2947932481765747, "lowlevel.melbands_flatness_db.stdev": 0.18356285989284515, "lowlevel.melbands_kurtosis.mean": 224.55569458007812, "lowlevel.melbands_kurtosis.stdev": 468.02685546875, "lowlevel.melbands_skewness.mean": 7.041370391845703, "lowlevel.melbands_skewness.stdev": 8.225794792175293, "lowlevel.melbands_spread.mean": 27.013891220092773, "lowlevel.melbands_spread.stdev": 40.4915885925293, "lowlevel.pitch_salience.mean": 0.40660661458969116, "lowlevel.pitch_salience.stdev": 0.25288546085357666, "lowlevel.silence_rate_20dB.mean": 0.8785871863365173, "lowlevel.silence_rate_20dB.stdev": 0.32660531997680664, "lowlevel.silence_rate_30dB.mean": 0.6832229495048523, "lowlevel.silence_rate_30dB.stdev": 0.4652196764945984, "lowlevel.silence_rate_60dB.mean": 0.16887417435646057, "lowlevel.silence_rate_60dB.stdev": 0.3746412396430969, "lowlevel.spectral_centroid.mean": 1592.4788818359375, "lowlevel.spectral_centroid.stdev": 1334.03564453125, "lowlevel.spectral_complexity.mean": 7.091611385345459, "lowlevel.spectral_complexity.stdev": 8.580446243286133, "lowlevel.spectral_decrease.mean": -2.7409964076241522e-08, "lowlevel.spectral_decrease.stdev": 4.4168022128587836e-08, "lowlevel.spectral_energy.mean": 0.10588333010673523, "lowlevel.spectral_energy.stdev": 0.16739468276500702, "lowlevel.spectral_energyband_high.mean": 0.0016576866619288921, "lowlevel.spectral_energyband_high.stdev": 0.003384142881259322, "lowlevel.spectral_energyband_low.mean": 0.09570001810789108, "lowlevel.spectral_energyband_low.stdev": 0.1685156524181366, "lowlevel.spectral_energyband_middle_high.mean": 0.0026280854362994432, "lowlevel.spectral_energyband_middle_high.stdev": 0.005255124531686306, "lowlevel.spectral_energyband_middle_low.mean": 0.006899741478264332, "lowlevel.spectral_energyband_middle_low.stdev": 0.015439034439623356, "lowlevel.spectral_entropy.mean": 7.679649353027344, "lowlevel.spectral_entropy.stdev": 0.7024540305137634, "lowlevel.spectral_flux.mean": 0.14285273849964142, "lowlevel.spectral_flux.stdev": 0.15515777468681335, "lowlevel.spectral_kurtosis.mean": 2.3899078369140625, "lowlevel.spectral_kurtosis.stdev": 2.1417489051818848, "lowlevel.spectral_rms.mean": 0.007366351317614317, "lowlevel.spectral_rms.stdev": 0.0070026833564043045, "lowlevel.spectral_rolloff.mean": 3021.84765625, "lowlevel.spectral_rolloff.stdev": 4355.630859375, "lowlevel.spectral_skewness.mean": 1.3196574449539185, "lowlevel.spectral_skewness.stdev": 0.5530925393104553, "lowlevel.spectral_spread.mean": 7608164.0, "lowlevel.spectral_spread.stdev": 2715386.75, "lowlevel.spectral_strongpeak.mean": 0.9999178647994995, "lowlevel.spectral_strongpeak.stdev": 0.7931488752365112, "lowlevel.zerocrossingrate.mean": 0.1096692606806755, "lowlevel.zerocrossingrate.stdev": 0.11962234228849411, "metadata.audio_properties.analysis.equal_loudness": 0.0, "metadata.audio_properties.analysis.length": 21.0133113861084, "metadata.audio_properties.analysis.sample_rate": 44100.0, "metadata.audio_properties.analysis.start_time": 0.0, "metadata.audio_properties.bit_rate": 129861.0, "metadata.audio_properties.length": 21.013334274291992, "metadata.audio_properties.lossless": 0.0, "metadata.audio_properties.number_channels": 1.0, "metadata.audio_properties.replay_gain": -8.812749862670898, "metadata.audio_properties.sample_rate": 48000.0, "rhythm.beats_count": 32.0, "rhythm.beats_loudness.mean": 0.104155033826828, "rhythm.beats_loudness.stdev": 0.07929342240095139, "rhythm.bpm": 94.3014144897461, "rhythm.bpm_histogram_first_peak_bpm": 96.0, "rhythm.bpm_histogram_first_peak_weight": 0.5555555820465088, "rhythm.bpm_histogram_second_peak_bpm": 88.0, "rhythm.bpm_histogram_second_peak_spread": 0.0, "rhythm.bpm_histogram_second_peak_weight": 0.12903225421905518, "rhythm.danceability": 1.472081184387207, "rhythm.onset_rate": 5.4219441413879395, "tonal.chords_changes_rate": 0.23127754032611847, "tonal.chords_number_rate": 0.030837005004286766, "tonal.chords_strength.mean": 0.43009793758392334, "tonal.chords_strength.stdev": 0.09079687297344208, "tonal.hpcp_crest.mean": 12.477680206298828, "tonal.hpcp_crest.stdev": 6.071256160736084, "tonal.hpcp_entropy.mean": 2.235985517501831, "tonal.hpcp_entropy.stdev": 0.8225322365760803, "tonal.key_edma.strength": 0.3324810564517975, "tonal.key_krumhansl.strength": 0.337009459733963, "tonal.key_temperley.strength": 0.3476206064224243, "tonal.tuning_diatonic_strength": 0.45214250683784485, "tonal.tuning_equal_tempered_deviation": 0.22888043522834778, "tonal.tuning_frequency": 434.193115234375, "tonal.tuning_nontempered_energy_ratio": 0.8917974829673767, "lowlevel.barkbands.mean": [0.005078136920928955, 0.0832800567150116, 0.006379174534231424, 0.0016740530263632536, 0.002976579824462533, 0.0002779943752102554, 0.0009999409085139632, 0.0004165753780398518, 0.0004666714812628925, 0.00036489529884420335, 0.000506975338794291, 0.0004155581700615585, 0.00042401839164085686, 0.00022830146190244704, 0.00017621536972001195, 0.00017133908113464713, 0.00014720104809384793, 9.580969344824553e-05, 0.00010148294677492231, 9.706052514957264e-05, 0.00018389303295407444, 0.0002620474260766059, 0.00021160391042940319, 0.00022287525644060224, 0.0003296238137409091, 0.0003462919848971069, 4.890658601652831e-05], "lowlevel.barkbands.stdev": [0.008512084372341633, 0.15571869909763336, 0.028389908373355865, 0.007684597745537758, 0.009331968612968922, 0.0009786623995751143, 0.0023627732880413532, 0.0015630852431058884, 0.0014476547949016094, 0.001230236142873764, 0.0017523509450256824, 0.0012914546532556415, 0.0012105987407267094, 0.0006692046881653368, 0.0006930549279786646, 0.00042110952199436724, 0.0003183148510288447, 0.00032426786492578685, 0.0003165178350172937, 0.0002702091878745705, 0.0004520472721196711, 0.0005495621007867157, 0.0004697635886259377, 0.0005299949552863836, 0.0007416065782308578, 0.0008703162311576307, 0.00017605828179512173], "lowlevel.erbbands.mean": [3.6912553310394287, 13.389649391174316, 9.697036743164062, 6.601017475128174, 6.597304344177246, 13.185884475708008, 3.7178938388824463, 2.7933928966522217, 10.772916793823242, 16.055500030517578, 7.286516189575195, 10.757040023803711, 9.95233154296875, 17.692941665649414, 18.334239959716797, 18.118017196655273, 18.885135650634766, 13.797561645507812, 10.940911293029785, 8.050106048583984, 10.121001243591309, 8.303075790405273, 5.314401149749756, 5.19713020324707, 5.102195739746094, 4.418010711669922, 6.233243942260742, 8.455801010131836, 9.892372131347656, 7.0801239013671875, 5.7847137451171875, 4.348062992095947, 4.048180103302002, 3.2581419944763184, 2.583303213119507, 1.405798316001892, 0.6727926731109619, 0.1492893546819687, 0.004838112276047468, 0.0002225363568868488], "lowlevel.erbbands.stdev": [6.495413780212402, 29.343870162963867, 35.23468780517578, 28.8704833984375, 19.566102981567383, 46.421531677246094, 12.65515422821045, 8.932650566101074, 25.618301391601562, 46.337955474853516, 22.93732452392578, 34.58141326904297, 33.24633026123047, 59.59418869018555, 61.94562911987305, 57.79128646850586, 51.638458251953125, 37.21416091918945, 37.13381576538086, 24.717823028564453, 23.298734664916992, 18.158227920532227, 16.949844360351562, 16.548383712768555, 15.2587890625, 11.794054985046387, 18.118955612182617, 18.784420013427734, 20.959762573242188, 15.255615234375, 13.120118141174316, 10.09987735748291, 9.918778419494629, 7.437644958496094, 5.946035861968994, 3.340975284576416, 1.8006327152252197, 0.4525262117385864, 0.01507867407053709, 0.00034975504968315363], "lowlevel.gfcc.mean": [-68.37623596191406, 15.606081008911133, -78.18544006347656, 32.91267013549805, -57.699771881103516, 22.5111083984375, -38.00336837768555, 11.279936790466309, -21.104232788085938, 9.434151649475098, -21.069860458374023, 10.97189998626709, -11.951420783996582], "lowlevel.melbands.mean": [0.027155520394444466, 0.008641562424600124, 0.0011115479283034801, 0.0007418940658681095, 0.00021739366638939828, 6.225587276276201e-05, 0.0001774700649548322, 0.00016004344797693193, 5.637437425320968e-05, 6.896302511449903e-05, 4.8033987695816904e-05, 6.884329923195764e-05, 6.621213105972856e-05, 4.630517287296243e-05, 4.6859327994752675e-05, 3.93037662433926e-05, 2.3448890715371817e-05, 1.8021757568931207e-05, 1.231909391208319e-05, 1.0322009075025562e-05, 1.2031648111587856e-05, 9.124880307354033e-06, 5.638711627398152e-06, 4.406547759572277e-06, 4.159930085734231e-06, 3.865469807351474e-06, 3.3564551813469734e-06, 2.7969269922323292e-06, 3.5096772990073077e-06, 4.370771421235986e-06, 5.300367320160149e-06, 6.171867426019162e-06, 4.1724460970726795e-06, 3.892023869411787e-06, 3.3732669635355705e-06, 2.9402247037069174e-06, 2.5462791199970525e-06, 2.846273901013774e-06, 2.682372496565222e-06, 2.7759760996559635e-06], "lowlevel.melbands.stdev": [0.04924527928233147, 0.02142266184091568, 0.004593563266098499, 0.0023452460300177336, 0.0007306418847292662, 0.0001962088281288743, 0.0004127218562643975, 0.00048144391621463, 0.00018675053433980793, 0.00022221120889298618, 0.00016490167763549834, 0.00023671718372497708, 0.00023030146257951856, 0.0001416938757756725, 0.00014597612607758492, 0.00011526072194101289, 6.76271301927045e-05, 6.128400127636269e-05, 5.198912913328968e-05, 2.8143558665760793e-05, 2.777725603664294e-05, 1.9078135665040463e-05, 1.76909270521719e-05, 1.5782499758643098e-05, 1.345786040474195e-05, 1.2393722499837168e-05, 9.621039680496324e-06, 7.640471267222892e-06, 1.0908815966104157e-05, 1.167390109912958e-05, 1.2001534742012154e-05, 1.3939968994236551e-05, 8.74241868586978e-06, 8.689203241374344e-06, 7.744695722067263e-06, 6.744463007635204e-06, 6.182970537338406e-06, 7.248696874739835e-06, 6.442814083129633e-06, 6.402356120815966e-06], "lowlevel.melbands128.mean": [0.0049781701527535915, 0.03308954834938049, 0.036103785037994385, 0.01725047454237938, 0.0060117291286587715, 0.0027517767157405615, 0.0013426962541416287, 0.0007066141115501523, 0.000532503065187484, 0.0008940859697759151, 0.0008557880064472556, 0.00028804290923289955, 8.282686758320779e-05, 4.933892341796309e-05, 5.051569314673543e-05, 6.202092481544241e-05, 0.00012819042603950948, 0.00021077197743579745, 0.00022308573534246534, 0.00020529322500806302, 0.00011890217137988657, 4.7341523895738646e-05, 4.769243241753429e-05, 6.241642404347658e-05, 7.41032199584879e-05, 7.251901115523651e-05, 5.654816050082445e-05, 4.207374877296388e-05, 4.1132127080345526e-05, 6.091848626965657e-05, 8.102496212814003e-05, 8.218121365644038e-05, 6.930904055479914e-05, 5.3241838031681255e-05, 4.165225618635304e-05, 4.566364805214107e-05, 5.1393817557254806e-05, 4.734458343591541e-05, 4.5571399823529646e-05, 3.8780148315709084e-05, 4.1796105506364256e-05, 3.464708061073907e-05, 2.2057125534047373e-05, 1.8249333152198233e-05, 1.9298024199088104e-05, 1.847947896749247e-05, 1.6267515093204565e-05, 1.2935542144987267e-05, 1.0350782758905552e-05, 9.772864359547384e-06, 9.372367458126973e-06, 1.1570539754757192e-05, 1.3909293556935154e-05, 1.1390026884328108e-05, 1.0125428161700256e-05, 9.569166650180705e-06, 7.66420635045506e-06, 6.24469566901098e-06, 5.095925189380068e-06, 4.030360742035555e-06, 4.313776116759982e-06, 4.854176040680613e-06, 4.038392944494262e-06, 4.1146736293740105e-06, 3.961444235756062e-06, 3.920502422261052e-06, 3.7275619888532674e-06, 3.6914116208208725e-06, 3.290769654995529e-06, 2.9793668545607943e-06, 2.245890755148139e-06, 3.142101604680647e-06, 3.326503019707161e-06, 3.1132497042563045e-06, 4.280485427443637e-06, 4.887952854915056e-06, 4.1154303289658856e-06, 3.874571120832115e-06, 5.659233465848956e-06, 6.260704594751587e-06, 7.037164778012084e-06, 6.087434940127423e-06, 4.426003670232603e-06, 4.0029813135333825e-06, 3.910407031071372e-06, 3.652108034657431e-06, 4.195222572889179e-06, 3.7531531233980786e-06, 3.127841409877874e-06, 3.2782534162834054e-06, 3.260068297095131e-06, 2.7711735128832515e-06, 2.5567549073457485e-06, 2.4125379241013434e-06, 2.6351833639637334e-06, 2.7751846118917456e-06, 2.9002192150073824e-06, 2.937013277914957e-06, 2.6429536319483304e-06, 2.630292328831274e-06, 2.54627275353414e-06, 2.7396472432883456e-06, 3.1085087357496377e-06, 3.264555289206328e-06, 3.1661575121688657e-06, 2.549234750404139e-06, 2.750215116975596e-06, 2.583867626526626e-06, 2.219153884652769e-06, 2.3967445486050565e-06, 2.3592481284140376e-06, 2.383895889579435e-06, 2.1760151867056265e-06, 2.179364628318581e-06, 1.5397531569760758e-06, 1.3469467603499652e-06, 1.3182279872125946e-06, 7.196155138444738e-07, 1.1098740060333512e-07, 2.3116877301276872e-09, 6.259746609948991e-10, 4.2368988872887314e-10, 1.566109394945947e-11, 1.486538843409324e-11, 1.4395362506192111e-11, 1.390811597834496e-11, 1.3640586056518078e-11, 1.3541705083663924e-11], "lowlevel.melbands128.stdev": [0.00830503273755312, 0.05731241777539253, 0.07298676669597626, 0.04247009754180908, 0.022310975939035416, 0.01227633561939001, 0.006318297237157822, 0.00314598111435771, 0.001686685485765338, 0.0031600550282746553, 0.003211773233488202, 0.001035443739965558, 0.0003442523302510381, 0.00020720377506222576, 0.00022173591423779726, 0.00021712783200200647, 0.00037926898221485317, 0.000575917714741081, 0.0006774374633096159, 0.0006967103108763695, 0.0005333542358130217, 0.00021110600209794939, 0.0002112704241881147, 0.00027000874979421496, 0.0002921473642345518, 0.00028571122675202787, 0.00024205271620303392, 0.0001808053784770891, 0.0001611601037438959, 0.0002542631409596652, 0.0003402997099328786, 0.00031824290635995567, 0.0002942064020317048, 0.0002475202491041273, 0.00015927397180348635, 0.00018666998948901892, 0.0002489325124770403, 0.00019631061877589673, 0.00019082598737441003, 0.00014646501222159714, 0.00016963349480647594, 0.00013798323925584555, 8.816139597911388e-05, 7.024057413218543e-05, 7.777794962748885e-05, 7.367154466919601e-05, 0.00010195554932579398, 8.0328100011684e-05, 4.5081047574058175e-05, 3.5301891330163926e-05, 3.5883949749404564e-05, 3.057484354940243e-05, 3.956428918172605e-05, 3.2112307962961495e-05, 2.1647709218086675e-05, 2.1945765183772892e-05, 2.4786768335616216e-05, 2.2918462491361424e-05, 1.8375838408246636e-05, 1.6144906112458557e-05, 1.655654705245979e-05, 1.9623235857579857e-05, 1.2533404515124857e-05, 1.43925535667222e-05, 1.6812717149150558e-05, 1.3346124433155637e-05, 1.1907774023711681e-05, 1.2407876056386158e-05, 9.978789421438705e-06, 8.362920198123902e-06, 6.264077910600463e-06, 9.98864652501652e-06, 1.189338945550844e-05, 1.0443329301779158e-05, 1.5468203855562024e-05, 1.5185551092145033e-05, 1.0218976967735216e-05, 8.668687769386452e-06, 1.3513277735910378e-05, 1.7462491086916998e-05, 1.7238493455806747e-05, 1.3418672097031958e-05, 9.49931563809514e-06, 9.196924111165572e-06, 9.283146027883049e-06, 8.53832079883432e-06, 1.0156549251405522e-05, 9.084554221772123e-06, 7.367351827269886e-06, 8.794499080977403e-06, 7.967166311573237e-06, 6.59026136418106e-06, 6.325659342110157e-06, 6.4398968788736966e-06, 7.06856280885404e-06, 7.511693183914758e-06, 8.128088666126132e-06, 7.581012596347136e-06, 6.762286375305848e-06, 7.201526841527084e-06, 6.2334347603609785e-06, 6.711402875225758e-06, 7.791686584823765e-06, 8.401940249314066e-06, 8.069557225098833e-06, 6.564571776834782e-06, 6.719141310895793e-06, 6.392739123839419e-06, 5.8121313486481085e-06, 6.574617145815864e-06, 6.885156835778616e-06, 6.4058276620926335e-06, 7.285122137545841e-06, 6.483567631221376e-06, 4.50527431894443e-06, 4.355711098469328e-06, 4.898628503724467e-06, 2.6297327622160083e-06, 5.809865228911804e-07, 6.616723169372563e-08, 1.725275922126457e-08, 1.1968841917564532e-08, 3.542374032994289e-11, 3.198108444735226e-11, 3.030636852585644e-11, 2.9324986883239035e-11, 2.901731979698674e-11, 2.886093447562743e-11], "lowlevel.mfcc.mean": [-728.016845703125, 61.46916580200195, 29.559022903442383, 17.84360694885254, 8.36487102508545, 12.966615676879883, -2.3742082118988037, 6.722786903381348, 6.3537821769714355, -5.412550926208496, 4.393520832061768, 2.836411237716675, 3.138476610183716], "lowlevel.spectral_contrast_coeffs.mean": [-0.6486794352531433, -0.7598844170570374, -0.8000319004058838, -0.8005424737930298, -0.8100292682647705, -0.7688076496124268], "lowlevel.spectral_contrast_coeffs.stdev": [0.10907575488090515, 0.10969707369804382, 0.0848081111907959, 0.07112829387187958, 0.048613227903842926, 0.05262207239866257], "lowlevel.spectral_contrast_valleys.mean": [-8.396236419677734, -8.19416618347168, -8.646018981933594, -8.723511695861816, -8.382073402404785, -10.025839805603027], "lowlevel.spectral_contrast_valleys.stdev": [1.662366509437561, 1.2220094203948975, 1.4190574884414673, 1.237242341041565, 0.9895655512809753, 1.004106044769287], "rhythm.beats_loudness_band_ratio.mean": [0.5042503476142883, 0.28728219866752625, 0.05521247908473015, 0.030571063980460167, 0.025570007041096687, 0.11482950299978256], "rhythm.beats_loudness_band_ratio.stdev": [0.4315435588359833, 0.28980961441993713, 0.11823765188455582, 0.042517516762018204, 0.031000979244709015, 0.11634857207536697], "tonal.hpcp.mean": [0.15212352573871613, 0.14253798127174377, 0.1434755027294159, 0.14220891892910004, 0.11934999376535416, 0.10294567793607712, 0.10254237055778503, 0.10618323087692261, 0.08841393887996674, 0.06691096723079681, 0.06895333528518677, 0.07351576536893845, 0.07138623297214508, 0.06031585857272148, 0.05227050557732582, 0.06008359044790268, 0.0658382996916771, 0.06675399839878082, 0.07191342115402222, 0.07760518789291382, 0.0778263583779335, 0.07448440045118332, 0.06328865140676498, 0.05371090769767761, 0.06440683454275131, 0.07648103684186935, 0.07993414998054504, 0.09004824608564377, 0.15416130423545837, 0.2532116174697876, 0.26302677392959595, 0.20231570303440094, 0.15489958226680756, 0.1301332414150238, 0.1421390324831009, 0.15650339424610138], "tonal.hpcp.stdev": [0.28517159819602966, 0.27169373631477356, 0.28187236189842224, 0.27909138798713684, 0.25213298201560974, 0.22851012647151947, 0.2212839126586914, 0.2399568408727646, 0.19777898490428925, 0.1760071963071823, 0.18383578956127167, 0.18874353170394897, 0.1714591234922409, 0.15590524673461914, 0.12912966310977936, 0.15354971587657928, 0.16121545433998108, 0.15507522225379944, 0.1738259345293045, 0.1867743879556656, 0.18972107768058777, 0.17602190375328064, 0.16336685419082642, 0.12680956721305847, 0.15811678767204285, 0.19136884808540344, 0.18915170431137085, 0.19702069461345673, 0.26537251472473145, 0.35661062598228455, 0.3676562011241913, 0.3212299644947052, 0.2865307033061981, 0.2537747025489807, 0.2796992361545563, 0.2931467592716217], "rhythm.beats_position": [0.650158703327179, 1.3235373497009277, 2.008526086807251, 2.6819047927856445, 3.3668932914733887, 4.017052173614502, 4.667210578918457, 5.294149398803711, 5.921088218688965, 6.559637069702148, 7.198185920715332, 7.848344326019287, 8.4752836227417, 9.113832473754883, 9.74077033996582, 10.379319190979004, 11.006258010864258, 11.656416893005371, 12.283355712890625, 12.910294532775879, 13.537233352661133, 14.164172172546387, 14.8143310546875, 15.452879905700684, 16.091428756713867, 16.729976654052734, 17.368526458740234, 17.995464324951172, 18.622404098510742, 19.27256202697754, 19.899499893188477, 20.549659729003906], "rhythm.bpm_histogram": [0.0, 0.0, 0.0, 0.0, 0.0, 0.0, 0.0, 0.0, 0.0, 0.0, 0.0, 0.0, 0.0, 0.0, 0.0, 0.0, 0.0, 0.0, 0.0, 0.0, 0.0, 0.0, 0.0, 0.0, 0.0, 0.0, 0.0, 0.0, 0.0, 0.0, 0.0, 0.0, 0.0, 0.0, 0.0, 0.0, 0.0, 0.0, 0.0, 0.0, 0.0, 0.0, 0.0, 0.0, 0.0, 0.0, 0.0, 0.0, 0.0, 0.0, 0.0, 0.0, 0.0, 0.0, 0.0, 0.0, 0.0, 0.0, 0.0, 0.0, 0.0, 0.0, 0.0, 0.0, 0.0, 0.0, 0.0, 0.0, 0.0, 0.0, 0.0, 0.0, 0.0, 0.0, 0.0, 0.0, 0.0, 0.0, 0.0, 0.0, 0.0, 0.0, 0.0, 0.0, 0.0, 0.0, 0.0, 0.0, 0.06451612710952759, 0.06451612710952759, 0.0, 0.0, 0.22580644488334656, 0.0, 0.25806450843811035, 0.0, 0.3870967626571655, 0.0, 0.0, 0.0, 0.0, 0.0, 0.0, 0.0, 0.0, 0.0, 0.0, 0.0, 0.0, 0.0, 0.0, 0.0, 0.0, 0.0, 0.0, 0.0, 0.0, 0.0, 0.0, 0.0, 0.0, 0.0, 0.0, 0.0, 0.0, 0.0, 0.0, 0.0, 0.0, 0.0, 0.0, 0.0, 0.0, 0.0, 0.0, 0.0, 0.0, 0.0, 0.0, 0.0, 0.0, 0.0, 0.0, 0.0, 0.0, 0.0, 0.0, 0.0, 0.0, 0.0, 0.0, 0.0, 0.0, 0.0, 0.0, 0.0, 0.0, 0.0, 0.0, 0.0, 0.0, 0.0, 0.0, 0.0, 0.0, 0.0, 0.0, 0.0, 0.0, 0.0, 0.0, 0.0, 0.0, 0.0, 0.0, 0.0, 0.0, 0.0, 0.0, 0.0, 0.0, 0.0, 0.0, 0.0, 0.0, 0.0, 0.0, 0.0, 0.0, 0.0, 0.0, 0.0, 0.0, 0.0, 0.0, 0.0, 0.0, 0.0, 0.0, 0.0, 0.0, 0.0, 0.0, 0.0, 0.0, 0.0, 0.0, 0.0, 0.0, 0.0, 0.0, 0.0, 0.0, 0.0, 0.0, 0.0, 0.0, 0.0, 0.0, 0.0, 0.0, 0.0, 0.0, 0.0, 0.0, 0.0, 0.0, 0.0, 0.0, 0.0, 0.0, 0.0, 0.0, 0.0, 0.0, 0.0, 0.0, 0.0, 0.0, 0.0, 0.0, 0.0, 0.0, 0.0, 0.0, 0.0, 0.0, 0.0, 0.0, 0.0], "tonal.chords_histogram": [10.132158279418945, 0.22026431560516357, 0.8810572624206543, 0.0, 0.6607929468154907, 7.929515361785889, 3.9647576808929443, 3.303964853286743, 15.418501853942871, 4.845815181732178, 7.048458099365234, 0.0, 0.0, 0.44052863121032715, 5.726872444152832, 5.947136402130127, 2.422907590866089, 2.2026431560516357, 0.0, 0.22026431560516357, 0.0, 5.506608009338379, 17.84140968322754, 5.286343574523926], "tonal.thpcp": [1.0, 0.7691829204559326, 0.5889118313789368, 0.49475282430648804, 0.540397584438324, 0.5950093865394592, 0.5783575773239136, 0.5419143438339233, 0.5454787015914917, 0.5406633019447327, 0.45375606417655945, 0.39138859510421753, 0.3898552656173706, 0.4036974310874939, 0.3361404538154602, 0.2543884217739105, 0.262153297662735, 0.2794991731643677, 0.27140292525291443, 0.22931452095508575, 0.19872693717479706, 0.22843146324157715, 0.2503102719783783, 0.2537916600704193, 0.2734072208404541, 0.29504671692848206, 0.2958875894546509, 0.2831818163394928, 0.24061676859855652, 0.20420318841934204, 0.2448679804801941, 0.29077282547950745, 0.30390119552612305, 0.3423539102077484, 0.5861049890518188, 0.9626837968826294], "lowlevel.gfcc.cov": [[8361.544921875, 964.9037475585938, -191.16375732421875, -477.0732116699219, 145.03428649902344, -5.725578308105469, 67.9090576171875, -130.8592529296875, -54.07963562011719, 110.41748809814453, -132.4229736328125, 74.13070678710938, 0.28558969497680664], [964.9037475585938, 3900.2919921875, 550.2664184570312, 95.63846588134766, 743.5338134765625, 473.9379577636719, 574.5052490234375, 46.11949920654297, 540.2323608398438, -40.72072219848633, 277.84466552734375, 45.81251907348633, 258.73809814453125], [-191.16375732421875, 550.2664184570312, 3627.290283203125, 1869.0687255859375, 1462.00439453125, 561.7706298828125, 737.5050659179688, 442.9784851074219, 325.5083312988281, 216.25535583496094, 378.21929931640625, 83.56484985351562, 139.77642822265625], [-477.0732116699219, 95.63846588134766, 1869.0687255859375, 2133.2763671875, 1071.0728759765625, 367.7437438964844, 311.8738708496094, 300.0513916015625, 393.1629638671875, 149.9140167236328, 290.4352111816406, 23.245290756225586, 176.53294372558594], [145.03428649902344, 743.5338134765625, 1462.00439453125, 1071.0728759765625, 1410.6912841796875, 692.4176635742188, 611.7880249023438, 275.2836608886719, 399.8200988769531, 242.88265991210938, 276.2118225097656, 22.45798683166504, 187.45046997070312], [-5.725578308105469, 473.9379577636719, 561.7706298828125, 367.7437438964844, 692.4176635742188, 807.5750732421875, 692.6946411132812, 215.6038055419922, 218.4531707763672, 201.09779357910156, 219.94520568847656, 33.757080078125, 130.2649383544922], [67.9090576171875, 574.5052490234375, 737.5050659179688, 311.8738708496094, 611.7880249023438, 692.6946411132812, 936.40576171875, 323.2332458496094, 206.23435974121094, 155.01806640625, 234.08372497558594, 78.14326477050781, 151.83819580078125], [-130.8592529296875, 46.11949920654297, 442.9784851074219, 300.0513916015625, 275.2836608886719, 215.6038055419922, 323.2332458496094, 307.96661376953125, 206.3122100830078, 110.76484680175781, 117.80365753173828, 59.45661544799805, 69.44226837158203], [-54.07963562011719, 540.2323608398438, 325.5083312988281, 393.1629638671875, 399.8200988769531, 218.4531707763672, 206.23435974121094, 206.3122100830078, 454.82293701171875, 184.14341735839844, 153.82757568359375, 35.37565231323242, 109.4212875366211], [110.41748809814453, -40.72072219848633, 216.25535583496094, 149.9140167236328, 242.88265991210938, 201.09779357910156, 155.01806640625, 110.76484680175781, 184.14341735839844, 242.89100646972656, 134.08558654785156, 21.12596893310547, 15.993480682373047], [-132.4229736328125, 277.84466552734375, 378.21929931640625, 290.4352111816406, 276.2118225097656, 219.94520568847656, 234.08372497558594, 117.80365753173828, 153.82757568359375, 134.08558654785156, 254.26499938964844, 60.723777770996094, 61.973697662353516], [74.13070678710938, 45.81251907348633, 83.56484985351562, 23.245290756225586, 22.45798683166504, 33.757080078125, 78.14326477050781, 59.45661544799805, 35.37565231323242, 21.12596893310547, 60.723777770996094, 142.1891632080078, 62.38495635986328], [0.28558969497680664, 258.73809814453125, 139.77642822265625, 176.53294372558594, 187.45046997070312, 130.2649383544922, 151.83819580078125, 69.44226837158203, 109.4212875366211, 15.993480682373047, 61.973697662353516, 62.38495635986328, 160.2610321044922]], "lowlevel.gfcc.icov": [[0.0001430380652891472, -8.209628140321001e-05, 2.446035432512872e-05, -1.6071193385869265e-05, -6.046502312528901e-05, 0.00010461808415129781, -5.999083805363625e-05, 2.2243661078391597e-05, 0.0001972144964383915, -0.0003814116935245693, 0.00028435097192414105, -0.00017556050443090498, 2.333548582100775e-05], [-8.209628140321001e-05, 0.0006380278500728309, -0.00013862764171790332, 0.0003584314545150846, -0.00016923337534535676, -4.9963728088187054e-05, -0.0002948191831819713, 0.0009166678064502776, -0.0014180666767060757, 0.0015657272888347507, -0.0008591795922257006, 0.00021901658328715712, -0.0001242196885868907], [2.446035432512872e-05, -0.00013862764171790332, 0.0007905217353254557, -0.0005174708203412592, -0.000571495562326163, 0.0005363049567677081, -0.0003961693437304348, -0.0004657744138967246, 0.0007209547329694033, -0.0003987366799265146, 3.449034920777194e-05, -0.00036680695484392345, 0.0005909995525144041], [-1.6071193385869265e-05, 0.0003584314545150846, -0.0005174708203412592, 0.0013976646587252617, -0.000490059144794941, -0.00018446562171448022, 0.0005055220681242645, 2.1291816665325314e-05, -0.001061351620592177, 0.001361783710308373, -0.0010700405109673738, 0.0006151511333882809, -0.0006688513676635921], [-6.046502312528901e-05, -0.00016923337534535676, -0.000571495562326163, -0.000490059144794941, 0.002645287197083235, -0.0014940735418349504, 0.00023594500089529902, 0.00023237516870722175, -0.0004688935005106032, -0.0007031295681372285, 0.00037233857437968254, 0.0006724756094627082, -0.0009077353170141578], [0.00010461808415129781, -4.9963728088187054e-05, 0.0005363049567677081, -0.00018446562171448022, -0.0014940735418349504, 0.005290549714118242, -0.0033736920449882746, 0.0009857576806098223, 0.0005890012253075838, -0.002004796639084816, -0.00011172496306244284, 0.000425585953053087, -0.000292141834506765], [-5.999083805363625e-05, -0.0002948191831819713, -0.0003961693437304348, 0.0005055220681242645, 0.00023594500089529902, -0.0033736920449882746, 0.004916136618703604, -0.00341611634939909, 0.0012083164183422923, 0.0005713807768188417, -0.0007905624806880951, 0.00020220789883751422, -0.0011015234049409628], [2.2243661078391597e-05, 0.0009166678064502776, -0.0004657744138967246, 2.1291816665325314e-05, 0.00023237516870722175, 0.0009857576806098223, -0.00341611634939909, 0.009346156381070614, -0.00455013383179903, 0.001079003093764186, -0.00022478248865809292, -0.001586299273185432, 0.0007200053078122437], [0.0001972144964383915, -0.0014180666767060757, 0.0007209547329694033, -0.001061351620592177, -0.0004688935005106032, 0.0005890012253075838, 0.0012083164183422923, -0.00455013383179903, 0.00843274500221014, -0.006021587643772364, 0.0012641915818676353, 0.00045309445704333484, -0.002096048090606928], [-0.0003814116935245693, 0.0015657272888347507, -0.0003987366799265146, 0.001361783710308373, -0.0007031295681372285, -0.002004796639084816, 0.0005713807768188417, 0.001079003093764186, -0.006021587643772364, 0.01281371433287859, -0.005181591026484966, 0.00023437799245584756, 0.0025087534449994564], [0.00028435097192414105, -0.0008591795922257006, 3.449034920777194e-05, -0.0010700405109673738, 0.00037233857437968254, -0.00011172496306244284, -0.0007905624806880951, -0.00022478248865809292, 0.0012641915818676353, -0.005181591026484966, 0.009310957044363022, -0.002824963303282857, 0.0001899808703456074], [-0.00017556050443090498, 0.00021901658328715712, -0.00036680695484392345, 0.0006151511333882809, 0.0006724756094627082, 0.000425585953053087, 0.00020220789883751422, -0.001586299273185432, 0.00045309445704333484, 0.00023437799245584756, -0.002824963303282857, 0.01064950879663229, -0.004733559675514698], [2.333548582100775e-05, -0.0001242196885868907, 0.0005909995525144041, -0.0006688513676635921, -0.0009077353170141578, -0.000292141834506765, -0.0011015234049409628, 0.0007200053078122437, -0.002096048090606928, 0.0025087534449994564, 0.0001899808703456074, -0.004733559675514698, 0.011642403900623322]], "lowlevel.mfcc.cov": [[8611.380859375, 915.97705078125, -1041.590087890625, -638.4066162109375, -443.2515869140625, -94.5748291015625, -316.1675109863281, -253.34201049804688, -82.78256225585938, -184.62933349609375, -119.03520202636719, -161.4569854736328, -154.24713134765625], [915.97705078125, 3393.061279296875, 122.95132446289062, -269.101318359375, 179.73841857910156, 416.67034912109375, 236.18614196777344, 313.1175842285156, 304.2310485839844, 10.246864318847656, 187.5741729736328, 195.814208984375, 174.8196258544922], [-1041.590087890625, 122.95132446289062, 2075.439208984375, 1362.787109375, 839.2886352539062, 448.0030822753906, 582.5053100585938, 385.0881652832031, 220.76258850097656, 312.6662902832031, 182.06239318847656, 203.8903350830078, 189.9918212890625], [-638.4066162109375, -269.101318359375, 1362.787109375, 1684.30078125, 1040.7830810546875, 414.46356201171875, 320.7844543457031, 304.28802490234375, 223.45013427734375, 311.6928405761719, 133.77027893066406, 158.1434783935547, 147.95977783203125], [-443.2515869140625, 179.73841857910156, 839.2886352539062, 1040.7830810546875, 1113.6104736328125, 535.5073852539062, 289.81585693359375, 206.32473754882812, 228.13677978515625, 332.4053955078125, 173.61158752441406, 174.02528381347656, 138.6688690185547], [-94.5748291015625, 416.67034912109375, 448.0030822753906, 414.46356201171875, 535.5073852539062, 780.77001953125, 570.213623046875, 304.197509765625, 310.1575622558594, 291.38543701171875, 235.97779846191406, 217.72190856933594, 145.61595153808594], [-316.1675109863281, 236.18614196777344, 582.5053100585938, 320.7844543457031, 289.81585693359375, 570.213623046875, 826.5972900390625, 380.9660339355469, 262.1606140136719, 265.6741638183594, 180.75572204589844, 198.7950897216797, 158.57455444335938], [-253.34201049804688, 313.1175842285156, 385.0881652832031, 304.28802490234375, 206.32473754882812, 304.197509765625, 380.9660339355469, 404.08428955078125, 276.5310974121094, 159.09991455078125, 132.58499145507812, 152.4113311767578, 136.9425811767578], [-82.78256225585938, 304.2310485839844, 220.76258850097656, 223.45013427734375, 228.13677978515625, 310.1575622558594, 262.1606140136719, 276.5310974121094, 366.3787536621094, 226.94776916503906, 149.83848571777344, 128.43138122558594, 109.56663513183594], [-184.62933349609375, 10.246864318847656, 312.6662902832031, 311.6928405761719, 332.4053955078125, 291.38543701171875, 265.6741638183594, 159.09991455078125, 226.94776916503906, 340.1861572265625, 205.6962890625, 135.70489501953125, 94.40691375732422], [-119.03520202636719, 187.5741729736328, 182.06239318847656, 133.77027893066406, 173.61158752441406, 235.97779846191406, 180.75572204589844, 132.58499145507812, 149.83848571777344, 205.6962890625, 273.2357177734375, 170.34976196289062, 103.92509460449219], [-161.4569854736328, 195.814208984375, 203.8903350830078, 158.1434783935547, 174.02528381347656, 217.72190856933594, 198.7950897216797, 152.4113311767578, 128.43138122558594, 135.70489501953125, 170.34976196289062, 224.1199951171875, 148.36419677734375], [-154.24713134765625, 174.8196258544922, 189.9918212890625, 147.95977783203125, 138.6688690185547, 145.61595153808594, 158.57455444335938, 136.9425811767578, 109.56663513183594, 94.40691375732422, 103.92509460449219, 148.36419677734375, 195.0748291015625]], "lowlevel.mfcc.icov": [[0.0001334559783572331, -5.594659523922019e-05, 7.843863568268716e-05, -7.925402314867824e-05, 9.10109156393446e-05, -7.093644671840593e-05, 9.44212752074236e-06, 9.637136827223003e-05, -6.453695732488995e-06, -4.833504499401897e-05, 3.847958578262478e-05, 3.7651647289749235e-05, 3.018876122951042e-05], [-5.594659523922019e-05, 0.00044882649672217667, -0.00017128349281847477, 0.00041126797441393137, -0.0003417103143874556, -9.487693750998005e-05, 0.00010980540537275374, -0.00023986549058463424, -0.0003742384142242372, 0.0006553721614181995, -0.00031649944139644504, 1.0759528777271044e-05, -0.000145267418702133], [7.843863568268716e-05, -0.00017128349281847477, 0.0013493895530700684, -0.0010855752043426037, 6.497090362245217e-05, 0.00037194465403445065, -0.0007595544448122382, -2.9693266696995124e-05, 0.00035701956949196756, -9.943012992152944e-05, -0.00021148579253349453, 8.75727491802536e-05, -6.721321551594883e-05], [-7.925402314867824e-05, 0.00041126797441393137, -0.0010855752043426037, 0.002697570715099573, -0.001904922304674983, 0.00021707400446757674, 0.000539656903129071, -0.0011739531764760613, -4.0801627619657665e-05, 0.00017318240134045482, 0.00019580985826905817, 6.124805076979101e-05, -5.427332507679239e-05], [9.10109156393446e-05, -0.0003417103143874556, 6.497090362245217e-05, -0.001904922304674983, 0.0037619606591761112, -0.0020653726533055305, 0.0010421008337289095, 0.0005185759509913623, 0.0008288195822387934, -0.0022765928879380226, 0.0012151766568422318, -0.0003398615517653525, -0.0003365199372638017], [-7.093644671840593e-05, -9.487693750998005e-05, 0.00037194465403445065, 0.00021707400446757674, -0.0020653726533055305, 0.005053660366684198, -0.0029769218526780605, 0.0009753142949193716, -0.0021067478228360415, 0.0014639918226748705, -0.001670369179919362, -0.0007951267762109637, 0.0009024805040098727], [9.44212752074236e-06, 0.00010980540537275374, -0.0007595544448122382, 0.000539656903129071, 0.0010421008337289095, -0.0029769218526780605, 0.004554667975753546, -0.0030694925226271152, 0.0021041003055870533, -0.0025680656544864178, 0.0016803841572254896, -0.00028044116334058344, -0.00044767765211872756], [9.637136827223003e-05, -0.00023986549058463424, -2.9693266696995124e-05, -0.0011739531764760613, 0.0005185759509913623, 0.0009753142949193716, -0.0030694925226271152, 0.009399699047207832, -0.0059656198136508465, 0.0030071025248616934, -0.000937441480346024, -0.0010458098258823156, -0.0007994046318344772], [-6.453695732488995e-06, -0.0003742384142242372, 0.00035701956949196756, -4.0801627619657665e-05, 0.0008288195822387934, -0.0021067478228360415, 0.0021041003055870533, -0.0059656198136508465, 0.010099771432578564, -0.005918755196034908, 0.0016044346848502755, 0.0006473611574620008, -0.000680983008351177], [-4.833504499401897e-05, 0.0006553721614181995, -9.943012992152944e-05, 0.00017318240134045482, -0.0022765928879380226, 0.0014639918226748705, -0.0025680656544864178, 0.0030071025248616934, -0.005918755196034908, 0.011740632355213165, -0.006272769067436457, 0.0008920222753658891, 0.00014782095968257636], [3.847958578262478e-05, -0.00031649944139644504, -0.00021148579253349453, 0.00019580985826905817, 0.0012151766568422318, -0.001670369179919362, 0.0016803841572254896, -0.000937441480346024, 0.0016044346848502755, -0.006272769067436457, 0.01123066246509552, -0.005953643936663866, 0.0007262300350703299], [3.7651647289749235e-05, 1.0759528777271044e-05, 8.75727491802536e-05, 6.124805076979101e-05, -0.0003398615517653525, -0.0007951267762109637, -0.00028044116334058344, -0.0010458098258823156, 0.0006473611574620008, 0.0008920222753658891, -0.005953643936663866, 0.014658065512776375, -0.0070860860869288445], [3.018876122951042e-05, -0.000145267418702133, -6.721321551594883e-05, -5.427332507679239e-05, -0.0003365199372638017, 0.0009024805040098727, -0.00044767765211872756, -0.0007994046318344772, -0.000680983008351177, 0.00014782095968257636, 0.0007262300350703299, -0.0070860860869288445, 0.011190936900675297]], "metadata.audio_properties.analysis.downmix": "mix", "metadata.audio_properties.codec": "mp3", "metadata.audio_properties.md5_encoded": "a071d7007faeac33d7f0245f0a3adc9c", "metadata.tags.file_name": "1182256922888507452.mp3", "metadata.version.essentia": "2.1-beta6-dev", "metadata.version.essentia_git_sha": "v2.1_beta5-1110-g77a6a954", "metadata.version.extractor": "music 2.0", "tonal.chords_key": "C", "tonal.chords_scale": "minor", "tonal.key_edma.key": "G", "tonal.key_edma.scale": "minor", "tonal.key_krumhansl.key": "G", "tonal.key_krumhansl.scale": "minor", "tonal.key_temperley.key": "G", "tonal.key_temperley.scale": "minor", "metadata.tags.encoding": ["Lavf58.45.100"]}, "essentia_models": [{"model_name": "genre_dortmund", "activations": {"alternative": "1.4562632e-05", "blues": "3.8227226e-06", "electronic": "1.5261308e-05", "folkcountry": "1.1835974e-06", "funksoulrnb": "7.852464e-05", "jazz": "2.2168185e-06", "pop": "1.7323724e-05", "raphiphop": "0.9999812", "rock": "5.817421e-05"}}, {"model_name": "genre_rosamerica", "activations": {"classic": "9.681779