{"song_id": "1182281713703981087", "download": "https://cdn.discordapp.com/attachments/1128313332273782784/1182281713703981087/chirp.mp4?ex=658420a6&amp", "lyrics": "won't you Worry about yourself \nIts better for your health \n\nAtleast thats what your \ntherapist says \n\nIts not like you cared anyways \nAbout My mental state \n\nIt goes to show \nNow that youre gone \n\nIm a waste of air \nAtleast thats How I feel \nMost days \nThat im awake", "style": ["christmas song"], "essentia_features": {"lowlevel.average_loudness": 0.9780398607254028, "lowlevel.barkbands_crest.mean": 15.209549903869629, "lowlevel.barkbands_crest.stdev": 5.348718166351318, "lowlevel.barkbands_flatness_db.mean": 0.1666746586561203, "lowlevel.barkbands_flatness_db.stdev": 0.08059058338403702, "lowlevel.barkbands_kurtosis.mean": 35.83799743652344, "lowlevel.barkbands_kurtosis.stdev": 59.29524612426758, "lowlevel.barkbands_skewness.mean": 4.025129318237305, "lowlevel.barkbands_skewness.stdev": 3.545720100402832, "lowlevel.barkbands_spread.mean": 25.152921676635742, "lowlevel.barkbands_spread.stdev": 20.26563262939453, "lowlevel.dissonance.mean": 0.48000404238700867, "lowlevel.dissonance.stdev": 0.023959411308169365, "lowlevel.dynamic_complexity": 1.1155716180801392, "lowlevel.erbbands_crest.mean": 6.715086936950684, "lowlevel.erbbands_crest.stdev": 3.834746837615967, "lowlevel.erbbands_flatness_db.mean": 0.09899643063545227, "lowlevel.erbbands_flatness_db.stdev": 0.036412566900253296, "lowlevel.erbbands_kurtosis.mean": 0.6037208437919617, "lowlevel.erbbands_kurtosis.stdev": 2.325950860977173, "lowlevel.erbbands_skewness.mean": 0.023794138804078102, "lowlevel.erbbands_skewness.stdev": 0.9762120842933655, "lowlevel.erbbands_spread.mean": 65.49555206298828, "lowlevel.erbbands_spread.stdev": 32.31035614013672, "lowlevel.hfc.mean": 49.403175354003906, "lowlevel.hfc.stdev": 37.325294494628906, "lowlevel.loudness_ebu128.integrated": -8.230548858642578, "lowlevel.loudness_ebu128.loudness_range": 1.4183826446533203, "lowlevel.loudness_ebu128.momentary.mean": -8.37253475189209, "lowlevel.loudness_ebu128.momentary.stdev": 1.2421776056289673, "lowlevel.loudness_ebu128.short_term.mean": -8.279706954956055, "lowlevel.loudness_ebu128.short_term.stdev": 0.7086672186851501, "lowlevel.melbands_crest.mean": 24.79731559753418, "lowlevel.melbands_crest.stdev": 9.091330528259277, "lowlevel.melbands_flatness_db.mean": 0.25093936920166016, "lowlevel.melbands_flatness_db.stdev": 0.11147556453943253, "lowlevel.melbands_kurtosis.mean": 122.43817901611328, "lowlevel.melbands_kurtosis.stdev": 169.2716522216797, "lowlevel.melbands_skewness.mean": 7.465175628662109, "lowlevel.melbands_skewness.stdev": 5.353219032287598, "lowlevel.melbands_spread.mean": 18.659820556640625, "lowlevel.melbands_spread.stdev": 26.683334350585938, "lowlevel.pitch_salience.mean": 0.34767061471939087, "lowlevel.pitch_salience.stdev": 0.1740771383047104, "lowlevel.silence_rate_20dB.mean": 1.0, "lowlevel.silence_rate_20dB.stdev": 0.0, "lowlevel.silence_rate_30dB.mean": 0.6023880839347839, "lowlevel.silence_rate_30dB.stdev": 0.48940277099609375, "lowlevel.silence_rate_60dB.mean": 0.007164178881794214, "lowlevel.silence_rate_60dB.stdev": 0.08433821052312851, "lowlevel.spectral_centroid.mean": 1769.081298828125, "lowlevel.spectral_centroid.stdev": 967.7359619140625, "lowlevel.spectral_complexity.mean": 23.539701461791992, "lowlevel.spectral_complexity.stdev": 13.557750701904297, "lowlevel.spectral_decrease.mean": -2.4843238577432203e-08, "lowlevel.spectral_decrease.stdev": 1.642901281684317e-08, "lowlevel.spectral_energy.mean": 0.09824518114328384, "lowlevel.spectral_energy.stdev": 0.06034933030605316, "lowlevel.spectral_energyband_high.mean": 0.003968565724790096, "lowlevel.spectral_energyband_high.stdev": 0.004256004933267832, "lowlevel.spectral_energyband_low.mean": 0.08312375843524933, "lowlevel.spectral_energyband_low.stdev": 0.06612525880336761, "lowlevel.spectral_energyband_middle_high.mean": 0.005350751336663961, "lowlevel.spectral_energyband_middle_high.stdev": 0.007210240699350834, "lowlevel.spectral_energyband_middle_low.mean": 0.005737048573791981, "lowlevel.spectral_energyband_middle_low.stdev": 0.00597814004868269, "lowlevel.spectral_entropy.mean": 8.068575859069824, "lowlevel.spectral_entropy.stdev": 0.37164220213890076, "lowlevel.spectral_flux.mean": 0.1185443326830864, "lowlevel.spectral_flux.stdev": 0.07230613380670547, "lowlevel.spectral_kurtosis.mean": 2.5660336017608643, "lowlevel.spectral_kurtosis.stdev": 1.8296208381652832, "lowlevel.spectral_rms.mean": 0.009270945563912392, "lowlevel.spectral_rms.stdev": 0.003146198345348239, "lowlevel.spectral_rolloff.mean": 1356.77197265625, "lowlevel.spectral_rolloff.stdev": 2247.52294921875, "lowlevel.spectral_skewness.mean": 1.320440649986267, "lowlevel.spectral_skewness.stdev": 0.42191824316978455, "lowlevel.spectral_spread.mean": 6981025.5, "lowlevel.spectral_spread.stdev": 1362926.75, "lowlevel.spectral_strongpeak.mean": 0.9447884559631348, "lowlevel.spectral_strongpeak.stdev": 0.7950735092163086, "lowlevel.zerocrossingrate.mean": 0.06945137679576874, "lowlevel.zerocrossingrate.stdev": 0.058510590344667435, "metadata.audio_properties.analysis.equal_loudness": 0.0, "metadata.audio_properties.analysis.length": 38.84798049926758, "metadata.audio_properties.analysis.sample_rate": 44100.0, "metadata.audio_properties.analysis.start_time": 0.0, "metadata.audio_properties.bit_rate": 128415.0, "metadata.audio_properties.length": 38.847999572753906, "metadata.audio_properties.lossless": 0.0, "metadata.audio_properties.number_channels": 1.0, "metadata.audio_properties.replay_gain": -15.589073181152344, "metadata.audio_properties.sample_rate": 48000.0, "rhythm.beats_count": 52.0, "rhythm.beats_loudness.mean": 0.05573437735438347, "rhythm.beats_loudness.stdev": 0.032287854701280594, "rhythm.bpm": 80.52320098876953, "rhythm.bpm_histogram_first_peak_bpm": 80.0, "rhythm.bpm_histogram_first_peak_weight": 0.15999996662139893, "rhythm.bpm_histogram_second_peak_bpm": 85.0, "rhythm.bpm_histogram_second_peak_spread": 0.0, "rhythm.bpm_histogram_second_peak_weight": 0.019607843831181526, "rhythm.danceability": 1.1707414388656616, "rhythm.onset_rate": 3.9361767768859863, "tonal.chords_changes_rate": 0.03341288864612579, "tonal.chords_number_rate": 0.0035799522884190083, "tonal.chords_strength.mean": 0.5778653621673584, "tonal.chords_strength.stdev": 0.09157003462314606, "tonal.hpcp_crest.mean": 13.045978546142578, "tonal.hpcp_crest.stdev": 6.862534523010254, "tonal.hpcp_entropy.mean": 2.2635881900787354, "tonal.hpcp_entropy.stdev": 0.9425011277198792, "tonal.key_edma.strength": 0.4731428921222687, "tonal.key_krumhansl.strength": 0.4863170087337494, "tonal.key_temperley.strength": 0.5008223652839661, "tonal.tuning_diatonic_strength": 0.602109968662262, "tonal.tuning_equal_tempered_deviation": 0.2295732945203781, "tonal.tuning_frequency": 434.193115234375, "tonal.tuning_nontempered_energy_ratio": 0.9369409084320068, "lowlevel.barkbands.mean": [0.010649247094988823, 0.06056804582476616, 0.012070887722074986, 0.0013386852806434035, 0.0012156147276982665, 0.0010062006767839193, 0.0007079319912008941, 0.0005525354063138366, 0.0007216512458398938, 0.0003360447008162737, 0.0005012443871237338, 0.00042329137795604765, 0.0008263600757345557, 0.0005908178281970322, 0.000565414666198194, 0.0006140342447906733, 0.0005757086910307407, 0.0003845682367682457, 0.0004251397622283548, 0.0004548206343315542, 0.0006342053529806435, 0.0007615192444063723, 0.0006070474628359079, 0.0005588227068074048, 0.0005408544675447047, 0.0005736109451390803, 4.092968083568849e-05], "lowlevel.barkbands.stdev": [0.015376238152384758, 0.053532276302576065, 0.014878164045512676, 0.0029028807766735554, 0.001963562797755003, 0.0017875730991363525, 0.001461417181417346, 0.001445878529921174, 0.0024194715078920126, 0.0008962576976045966, 0.0008216553251259029, 0.0007769451476633549, 0.001634468324482441, 0.0013850850518792868, 0.0013257028767839074, 0.0010886415839195251, 0.0009509105002507567, 0.0006743776611983776, 0.0005963235744275153, 0.0005549898487515748, 0.0007519338978454471, 0.0009641030919738114, 0.0008316345629282296, 0.0007547231507487595, 0.0005720115150325, 0.0004654868389479816, 5.303798388922587e-05], "lowlevel.erbbands.mean": [2.5978240966796875, 9.760442733764648, 17.862810134887695, 6.92554235458374, 4.098989009857178, 3.8294436931610107, 5.551656246185303, 8.29521369934082, 10.678558349609375, 11.875057220458984, 11.708477973937988, 19.959270477294922, 11.605386734008789, 9.423208236694336, 23.12376594543457, 20.910568237304688, 37.80830001831055, 31.995681762695312, 29.47072982788086, 30.595382690429688, 35.55144500732422, 30.817049026489258, 21.490385055541992, 22.61162567138672, 20.70405387878418, 21.05757713317871, 25.520402908325195, 24.892580032348633, 26.47154998779297, 24.35748291015625, 15.95081615447998, 11.42633056640625, 9.701887130737305, 6.341731548309326, 3.7055206298828125, 2.2792129516601562, 1.118009090423584, 0.19206397235393524, 0.00521019147709012, 0.00024945943732745945], "lowlevel.erbbands.stdev": [3.476128101348877, 8.633747100830078, 20.610458374023438, 9.623198509216309, 8.170546531677246, 5.740041732788086, 8.154211044311523, 15.566093444824219, 23.21894645690918, 22.87275505065918, 33.56889343261719, 68.25098419189453, 33.92426300048828, 14.051644325256348, 35.19684982299805, 37.88190841674805, 73.22871398925781, 68.74961853027344, 69.39469146728516, 63.50636291503906, 60.090450286865234, 51.667396545410156, 36.698646545410156, 33.471717834472656, 27.96147918701172, 25.5335750579834, 31.090557098388672, 29.52145004272461, 33.14704895019531, 32.66542434692383, 21.905494689941406, 15.993914604187012, 13.064396858215332, 7.712513446807861, 3.579464912414551, 2.2342922687530518, 0.8668709397315979, 0.15157544612884521, 0.005095129832625389, 8.637556311441585e-05], "lowlevel.gfcc.mean": [54.707740783691406, 27.07552146911621, -76.92913818359375, 41.474891662597656, -36.440528869628906, 30.66073989868164, -28.88294219970703, 19.085693359375, -19.461652755737305, 19.113235473632812, -18.062936782836914, 12.758368492126465, -15.716913223266602], "lowlevel.melbands.mean": [0.019281769171357155, 0.010210027918219566, 0.0011727571254596114, 0.0002731755084823817, 0.00019164149125572294, 0.0001922532101161778, 0.00016074918676167727, 0.000128073021187447, 0.00010863698844332248, 0.00011110594641650096, 5.346864054445177e-05, 3.356315573910251e-05, 7.464319060090929e-05, 5.4548516345676035e-05, 6.798579124733806e-05, 7.715308311162516e-05, 5.9034471632912755e-05, 4.720655851997435e-05, 4.06272301916033e-05, 4.2660667531890795e-05, 4.1652005165815353e-05, 3.408553311601281e-05, 2.3046217393130064e-05, 1.7493470295448788e-05, 1.8399397959001362e-05, 1.5455292668775655e-05, 1.4308773643278982e-05, 1.3790940101898741e-05, 1.5499183064093813e-05, 1.5724008335382678e-05, 1.4326823475130368e-05, 1.5082157915458083e-05, 1.436873026250396e-05, 1.3172727449273225e-05, 9.292090908274986e-06, 7.792220458213706e-06, 6.659419341303874e-06, 7.126977834559511e-06, 5.861684257979505e-06, 5.143249836692121e-06], "lowlevel.melbands.stdev": [0.021128153428435326, 0.009827327914536, 0.0015151889529079199, 0.0004688500484917313, 0.00026388035621494055, 0.0003653648018371314, 0.00034560542553663254, 0.0002533274528104812, 0.0003040523733943701, 0.0003698676882777363, 0.00016671798948664218, 5.565294122789055e-05, 0.00011926415027119219, 9.024670725921169e-05, 0.00012727743887808174, 0.00015802397683728486, 0.00013454614963848144, 0.00011621646262938157, 9.46770524024032e-05, 8.10632118373178e-05, 7.187183655332774e-05, 5.95598976360634e-05, 4.021020868094638e-05, 3.082228431594558e-05, 2.7384057830204256e-05, 2.3129943656385876e-05, 1.8195745724369772e-05, 1.7432075765100308e-05, 1.9298378902021796e-05, 1.9851131582981907e-05, 1.7559101252118126e-05, 1.913189043989405e-05, 1.8771010218188167e-05, 1.8542901671025902e-05, 1.3100458090775646e-05, 1.0935879799944814e-05, 9.553155905450694e-06, 9.962471267499495e-06, 7.999816261872184e-06, 6.210936589923222e-06], "lowlevel.melbands128.mean": [0.00961464736610651, 0.02563096024096012, 0.018361615017056465, 0.01653190888464451, 0.011899126693606377, 0.004510537721216679, 0.0012550008250400424, 0.0005532439681701362, 0.0003885005135089159, 0.00027056175167672336, 0.00019037449965253472, 0.00018347373406868428, 0.0001696053659543395, 0.00023711143876425922, 0.00018013425869867206, 0.00018767020083032548, 0.00017995882080867887, 0.00016425522335339338, 0.00012348058226052672, 0.0001398943568347022, 0.00013342624879442155, 7.523391832364723e-05, 8.259984315373003e-05, 0.00015068684297148138, 0.00020873552421107888, 3.598384137148969e-05, 4.8321820941055194e-05, 8.115758828353137e-05, 2.6542649720795453e-05, 3.477211430436e-05, 2.4566532374592498e-05, 5.142833470017649e-05, 8.860842353897169e-05, 9.29442685446702e-05, 4.492785228649154e-05, 5.0628241297090426e-05, 5.586591214523651e-05, 3.9196111174533144e-05, 0.00011011590686393902, 9.144160867435858e-05, 7.102183008100837e-05, 5.1551982323871925e-05, 5.6410895922454074e-05, 6.715086055919528e-05, 5.056546797277406e-05, 4.081947190570645e-05, 4.881066342932172e-05, 3.817725882981904e-05, 3.884445322910324e-05, 4.130315937800333e-05, 4.419901597429998e-05, 4.3741081753978506e-05, 3.809086774708703e-05, 4.641143823391758e-05, 3.794678195845336e-05, 3.5668494092533365e-05, 2.5271760023315437e-05, 2.780485556286294e-05, 2.1524116164073348e-05, 1.6137528291437775e-05, 1.686974792391993e-05, 1.730448639136739e-05, 2.152683555323165e-05, 1.7388609194313176e-05, 1.6306696124956943e-05, 1.5753017578390427e-05, 1.461527335777646e-05, 1.4546075362886768e-05, 1.4132743672234938e-05, 1.4548745639331173e-05, 1.2101770153094549e-05, 1.4691378055431414e-05, 1.5353760318248533e-05, 1.5107849321793765e-05, 1.617040288692806e-05, 1.7549753465573303e-05, 1.5032600458653178e-05, 1.2151337614341173e-05, 1.4554574590874836e-05, 1.613397034816444e-05, 1.4544307305186521e-05, 1.5354255083366297e-05, 1.4801836186961737e-05, 1.3314175703271758e-05, 1.5361747500719503e-05, 1.3941793440608308e-05, 1.2608898032340221e-05, 1.1173792699992191e-05, 8.535205779480748e-06, 8.388533387915231e-06, 8.679317943460774e-06, 7.5064972406835295e-06, 6.748852683813311e-06, 6.337666036415612e-06, 6.681600552838063e-06, 7.312122761504725e-06, 7.662531061214395e-06, 6.274278348428197e-06, 5.617622264253441e-06, 5.8531381910142954e-06, 5.586480710917385e-06, 4.876599632552825e-06, 4.997983069188194e-06, 4.1232847252103966e-06, 4.244630872562993e-06, 3.7912318475719076e-06, 3.840434601443121e-06, 4.184876615909161e-06, 4.011450528196292e-06, 3.785690296354005e-06, 3.8041714560677065e-06, 3.9045585253916215e-06, 3.901219770341413e-06, 3.4092875011992874e-06, 2.729073685259209e-06, 1.942977405633428e-06, 1.1632130281213904e-06, 6.142353754512442e-07, 8.410781049406069e-08, 3.7441647005032053e-10, 2.7675428615481223e-10, 2.224713607779094e-10, 1.988016140597182e-10, 1.7650626793486168e-10, 1.3266303333647755e-10, 5.788028042963411e-11, 1.506260220718314e-11, 8.977254703501636e-12], "lowlevel.melbands128.stdev": [0.01455466728657484, 0.037495989352464676, 0.02194521389901638, 0.01696331612765789, 0.014199793338775635, 0.005364724900573492, 0.0022234469652175903, 0.0012236821930855513, 0.0009235964971594512, 0.0005258825840428472, 0.0003212778246961534, 0.00030617526499554515, 0.00029948705923743546, 0.0004899196792393923, 0.00038004794623702765, 0.000584289722610265, 0.0005282088532112539, 0.0004948577843606472, 0.00034650758607313037, 0.00033163875923492014, 0.0003732202749233693, 0.0002705272927414626, 0.000417667644796893, 0.0005698595778085291, 0.0008314494043588638, 7.964518590597436e-05, 0.00015265066758729517, 0.0003181127831339836, 5.226777648204006e-05, 9.860779391601682e-05, 4.369381713331677e-05, 0.00012030827929265797, 0.0001750314695527777, 0.00019978993805125356, 8.148326014634222e-05, 0.00011712928244378418, 0.0001432937860954553, 9.491054515819997e-05, 0.0002585585170891136, 0.00021069336798973382, 0.00018981503671966493, 0.00015827851893845946, 0.00014739661128260195, 0.0001908079138956964, 0.0001589151070220396, 0.00010528651182539761, 0.00014366065443027765, 0.00010437594028189778, 0.00010497995390323922, 0.00011677462316583842, 0.00010146285057999194, 9.209318523062393e-05, 7.57832094677724e-05, 0.00010243257565889508, 6.891126395203173e-05, 8.120092388708144e-05, 4.67598219984211e-05, 5.564582170336507e-05, 4.383872146718204e-05, 3.468609065748751e-05, 3.3929718483705074e-05, 3.5371569538256153e-05, 3.761054540518671e-05, 2.6466237613931298e-05, 2.6972653358825482e-05, 2.9506169084925205e-05, 2.375242365815211e-05, 2.12232225749176e-05, 1.9987823179690167e-05, 2.1092757378937677e-05, 1.6747833797126077e-05, 2.3198705093818717e-05, 2.152939123334363e-05, 2.0192564988974482e-05, 2.313531149411574e-05, 2.4582413971074857e-05, 2.0770266928593628e-05, 1.5632858776370995e-05, 2.031228541454766e-05, 2.321907777513843e-05, 1.9036813682760112e-05, 2.2216809156816453e-05, 2.1443354853545316e-05, 1.8506994820199907e-05, 2.2642048861598596e-05, 2.0313980712671764e-05, 1.963919203262776e-05, 1.84459458978381e-05, 1.221238653670298e-05, 1.2644460184674244e-05, 1.33085541165201e-05, 1.1028724657080602e-05, 1.1276507393631618e-05, 1.0182190635532606e-05, 9.73765054368414e-06, 1.1118924703623634e-05, 1.1901119250978809e-05, 8.986306966107804e-06, 8.673433512740303e-06, 9.035298717208207e-06, 7.728934178885538e-06, 6.629367817367893e-06, 6.150698936835397e-06, 5.098288056615274e-06, 4.5847496039641555e-06, 4.409598204802023e-06, 4.703192189481342e-06, 5.106235676066717e-06, 4.864990387432044e-06, 4.367898782220436e-06, 4.160745447734371e-06, 3.751032181753544e-06, 3.389261109987274e-06, 3.087321829298162e-06, 2.5971176000894047e-06, 1.9358915324119153e-06, 1.2872217212134274e-06, 1.1626333389358479e-06, 2.580077875791176e-07, 2.8659812301157217e-09, 1.980333230733322e-09, 1.8064151285912544e-09, 1.606566768508344e-09, 1.3852018421189882e-09, 1.1025125257191348e-09, 4.674568510054655e-10, 5.626911089851028e-11, 1.331144743044188e-11], "lowlevel.mfcc.mean": [-604.1722412109375, 72.8147964477539, 20.11002540588379, 27.499895095825195, 19.76942253112793, 21.421966552734375, 9.612229347229004, 9.250323295593262, 9.969502449035645, 4.759068965911865, 7.648706912994385, 9.052992820739746, 8.952315330505371], "lowlevel.spectral_contrast_coeffs.mean": [-0.6990921497344971, -0.7779784202575684, -0.8066474795341492, -0.813273549079895, -0.8168824315071106, -0.7565076947212219], "lowlevel.spectral_contrast_coeffs.stdev": [0.08684346079826355, 0.08234884589910507, 0.06304004788398743, 0.04100500047206879, 0.02776164934039116, 0.040062204003334045], "lowlevel.spectral_contrast_valleys.mean": [-6.676244258880615, -6.949897289276123, -7.358837604522705, -7.171057224273682, -6.937881946563721, -9.104889869689941], "lowlevel.spectral_contrast_valleys.stdev": [1.0778257846832275, 0.6211218237876892, 0.6794276833534241, 0.7761377096176147, 0.7622711658477783, 0.8202192783355713], "rhythm.beats_loudness_band_ratio.mean": [0.42741265892982483, 0.03084220364689827, 0.04030287638306618, 0.10394150763750076, 0.1407920867204666, 0.27029794454574585], "rhythm.beats_loudness_band_ratio.stdev": [0.34103673696517944, 0.07976084202528, 0.09030632674694061, 0.10851182043552399, 0.14269666373729706, 0.1888420581817627], "tonal.hpcp.mean": [0.05957956984639168, 0.0634666457772255, 0.04290693625807762, 0.030930552631616592, 0.028084848076105118, 0.026568783447146416, 0.04304056987166405, 0.05296090617775917, 0.03924326226115227, 0.053958650678396225, 0.06788206845521927, 0.044286131858825684, 0.033956073224544525, 0.034746963530778885, 0.03233543038368225, 0.053334083408117294, 0.06103440374135971, 0.04358195140957832, 0.04556645080447197, 0.06344666332006454, 0.10094393789768219, 0.21271157264709473, 0.30598437786102295, 0.3126334547996521, 0.23698152601718903, 0.12703104317188263, 0.08391202241182327, 0.08067809045314789, 0.09993533790111542, 0.10459546744823456, 0.14274483919143677, 0.15670306980609894, 0.08750550448894501, 0.05622139945626259, 0.06680352240800858, 0.06058499962091446], "tonal.hpcp.stdev": [0.16275201737880707, 0.1811143308877945, 0.1408078968524933, 0.1143876165151596, 0.10876885801553726, 0.09854598343372345, 0.1203489750623703, 0.1373872309923172, 0.11156375706195831, 0.13054370880126953, 0.17904068529605865, 0.12135105580091476, 0.10655995458364487, 0.11698903888463974, 0.10437643527984619, 0.14311231672763824, 0.1656569093465805, 0.12279260158538818, 0.14429894089698792, 0.17895157635211945, 0.23638920485973358, 0.32572001218795776, 0.3869341313838959, 0.3818364441394806, 0.3543410897254944, 0.26192766427993774, 0.21158117055892944, 0.21798884868621826, 0.24214504659175873, 0.25770631432533264, 0.2735758423805237, 0.31674814224243164, 0.20169071853160858, 0.16237837076187134, 0.19723603129386902, 0.18304316699504852], "rhythm.beats_position": [0.7082086205482483, 1.4164172410964966, 2.1362357139587402, 2.8560543060302734, 3.5758728981018066, 4.29569149017334, 5.027120113372803, 5.770158767700195, 6.51319694519043, 7.267845630645752, 8.010884284973145, 8.765532493591309, 9.50857162475586, 10.263219833374023, 11.006258010864258, 11.749297142028809, 12.492335319519043, 13.246983528137207, 14.001632690429688, 14.756280899047852, 15.510929107666016, 16.26557731628418, 17.020225524902344, 17.77487564086914, 18.541133880615234, 19.2957820892334, 20.038820266723633, 20.781858444213867, 21.5248966217041, 22.26793670654297, 23.010974884033203, 23.742403030395508, 24.485441207885742, 25.216869354248047, 25.959909439086914, 26.70294761657715, 27.457595825195312, 28.212244033813477, 28.95528221130371, 29.698322296142578, 30.452970504760742, 31.207618713378906, 31.96226692199707, 32.70530700683594, 33.45995330810547, 34.2029914855957, 34.94602966308594, 35.700679779052734, 36.45532989501953, 37.20997619628906, 37.96462631225586, 38.71927261352539], "rhythm.bpm_histogram": [0.0, 0.0, 0.0, 0.0, 0.0, 0.0, 0.0, 0.0, 0.0, 0.0, 0.0, 0.0, 0.0, 0.0, 0.0, 0.0, 0.0, 0.0, 0.0, 0.0, 0.0, 0.0, 0.0, 0.0, 0.0, 0.0, 0.0, 0.0, 0.0, 0.0, 0.0, 0.0, 0.0, 0.0, 0.0, 0.0, 0.0, 0.0, 0.0, 0.0, 0.0, 0.0, 0.0, 0.0, 0.0, 0.0, 0.0, 0.0, 0.0, 0.0, 0.0, 0.0, 0.0, 0.0, 0.0, 0.0, 0.0, 0.0, 0.0, 0.0, 0.0, 0.0, 0.0, 0.0, 0.0, 0.0, 0.0, 0.0, 0.0, 0.0, 0.0, 0.0, 0.0, 0.0, 0.0, 0.0, 0.0, 0.0, 0.019607843831181526, 0.0, 0.4313725531101227, 0.3921568691730499, 0.05882352963089943, 0.0784313753247261, 0.0, 0.019607843831181526, 0.0, 0.0, 0.0, 0.0, 0.0, 0.0, 0.0, 0.0, 0.0, 0.0, 0.0, 0.0, 0.0, 0.0, 0.0, 0.0, 0.0, 0.0, 0.0, 0.0, 0.0, 0.0, 0.0, 0.0, 0.0, 0.0, 0.0, 0.0, 0.0, 0.0, 0.0, 0.0, 0.0, 0.0, 0.0, 0.0, 0.0, 0.0, 0.0, 0.0, 0.0, 0.0, 0.0, 0.0, 0.0, 0.0, 0.0, 0.0, 0.0, 0.0, 0.0, 0.0, 0.0, 0.0, 0.0, 0.0, 0.0, 0.0, 0.0, 0.0, 0.0, 0.0, 0.0, 0.0, 0.0, 0.0, 0.0, 0.0, 0.0, 0.0, 0.0, 0.0, 0.0, 0.0, 0.0, 0.0, 0.0, 0.0, 0.0, 0.0, 0.0, 0.0, 0.0, 0.0, 0.0, 0.0, 0.0, 0.0, 0.0, 0.0, 0.0, 0.0, 0.0, 0.0, 0.0, 0.0, 0.0, 0.0, 0.0, 0.0, 0.0, 0.0, 0.0, 0.0, 0.0, 0.0, 0.0, 0.0, 0.0, 0.0, 0.0, 0.0, 0.0, 0.0, 0.0, 0.0, 0.0, 0.0, 0.0, 0.0, 0.0, 0.0, 0.0, 0.0, 0.0, 0.0, 0.0, 0.0, 0.0, 0.0, 0.0, 0.0, 0.0, 0.0, 0.0, 0.0, 0.0, 0.0, 0.0, 0.0, 0.0, 0.0, 0.0, 0.0, 0.0, 0.0, 0.0, 0.0, 0.0, 0.0, 0.0, 0.0, 0.0, 0.0, 0.0, 0.0, 0.0, 0.0, 0.0, 0.0, 0.0, 0.0, 0.0, 0.0], "tonal.chords_histogram": [0.0, 0.0, 0.0, 0.0, 0.0, 0.1193317398428917, 0.0, 0.2386634796857834, 8.591885566711426, 88.1861572265625, 2.3866348266601562, 0.0, 0.0, 0.0, 0.0, 0.0, 0.0, 0.4773269593715668, 0.0, 0.0, 0.0, 0.0, 0.0, 0.0], "tonal.thpcp": [1.0, 0.7580171823501587, 0.4063258171081543, 0.2684038579463959, 0.25805968046188354, 0.3196565806865692, 0.33456262946128845, 0.4565885066986084, 0.5012357831001282, 0.279898077249527, 0.17983168363571167, 0.21368001401424408, 0.19378924369812012, 0.19057324528694153, 0.2030065655708313, 0.1372435837984085, 0.09893551468849182, 0.08983314782381058, 0.08498381078243256, 0.13767102360725403, 0.16940255463123322, 0.1255248337984085, 0.17259398102760315, 0.2171298861503601, 0.14165513217449188, 0.10861305147409439, 0.11114282160997391, 0.10342920571565628, 0.17059621214866638, 0.19522671401500702, 0.13940271735191345, 0.14575040340423584, 0.2029426544904709, 0.3228827118873596, 0.680386483669281, 0.9787320494651794], "lowlevel.gfcc.cov": [[3671.734130859375, -590.84912109375, -639.141845703125, 278.3208923339844, -164.56468200683594, 294.9933166503906, 6.775920391082764, 57.232032775878906, 28.06443977355957, 115.1570816040039, -70.02835083007812, -40.717830657958984, -164.98924255371094], [-590.84912109375, 1164.3406982421875, 880.5958251953125, 265.0436706542969, 307.1964111328125, -20.392498016357422, 56.57095718383789, -1.8666738271713257, 27.359189987182617, -66.40312194824219, -40.66053009033203, -60.37176513671875, 41.71799850463867], [-639.141845703125, 880.5958251953125, 1347.2271728515625, 763.8431396484375, 373.80279541015625, 190.7306671142578, 122.96269989013672, 75.28849029541016, 113.75153350830078, -40.8353271484375, -48.17858123779297, -56.73762130737305, 73.60829162597656], [278.3208923339844, 265.0436706542969, 763.8431396484375, 1115.6749267578125, 390.9755554199219, 450.7162780761719, 155.71864318847656, 99.80091857910156, 153.78160095214844, 18.50031089782715, -60.57221603393555, -91.0777587890625, -1.3045421838760376], [-164.56468200683594, 307.1964111328125, 373.80279541015625, 390.9755554199219, 367.05682373046875, 178.25758361816406, 93.50055694580078, 40.255645751953125, 58.91767883300781, 17.0678768157959, -11.805814743041992, -29.619029998779297, 7.769901752471924], [294.9933166503906, -20.392498016357422, 190.7306671142578, 450.7162780761719, 178.25758361816406, 336.3584899902344, 136.24996948242188, 84.8227767944336, 84.41526794433594, 35.3796272277832, -19.794841766357422, -43.08525085449219, -25.324312210083008], [6.775920391082764, 56.57095718383789, 122.96269989013672, 155.71864318847656, 93.50055694580078, 136.24996948242188, 161.52349853515625, 94.59771728515625, 63.9750862121582, 20.252351760864258, -3.519406318664551, -15.577664375305176, -10.05966567993164], [57.232032775878906, -1.8666738271713257, 75.28849029541016, 99.80091857910156, 40.255645751953125, 84.8227767944336, 94.59771728515625, 120.5911865234375, 74.2330093383789, 29.920761108398438, -2.9613184928894043, -15.369261741638184, -11.085390090942383], [28.06443977355957, 27.359189987182617, 113.75153350830078, 153.78160095214844, 58.91767883300781, 84.41526794433594, 63.9750862121582, 74.2330093383789, 118.47634887695312, 57.00902557373047, 5.132874965667725, -17.626794815063477, -7.201835632324219], [115.1570816040039, -66.40312194824219, -40.8353271484375, 18.50031089782715, 17.0678768157959, 35.3796272277832, 20.252351760864258, 29.920761108398438, 57.00902557373047, 88.06128692626953, 35.73808670043945, 5.1147356033325195, -10.805559158325195], [-70.02835083007812, -40.66053009033203, -48.17858123779297, -60.57221603393555, -11.805814743041992, -19.794841766357422, -3.519406318664551, -2.9613184928894043, 5.132874965667725, 35.73808670043945, 72.27933502197266, 40.66508483886719, 13.060856819152832], [-40.717830657958984, -60.37176513671875, -56.73762130737305, -91.0777587890625, -29.619029998779297, -43.08525085449219, -15.577664375305176, -15.369261741638184, -17.626794815063477, 5.1147356033325195, 40.66508483886719, 75.059814453125, 39.423519134521484], [-164.98924255371094, 41.71799850463867, 73.60829162597656, -1.3045421838760376, 7.769901752471924, -25.324312210083008, -10.05966567993164, -11.085390090942383, -7.201835632324219, -10.805559158325195, 13.060856819152832, 39.423519134521484, 72.8786849975586]], "lowlevel.gfcc.icov": [[0.0004878134932368994, -0.0002841101377271116, 0.00045563510502688587, -0.0005062741111032665, 0.0005685582873411477, -0.00041050207801163197, 0.0003432621306274086, -0.00041594350477680564, 0.000631734961643815, -0.001122560235671699, 0.0011534382356330752, -0.0011171320220455527, 0.0008721689810045063], [-0.0002841101377271116, 0.0028798130806535482, -0.002134258160367608, 0.0012868721969425678, -0.0020190321374684572, 0.0013313156086951494, -0.001039148191921413, 0.0013848490780219436, -0.0008915989310480654, 0.0017646107589825988, -0.0012080192100256681, 0.0027012350037693977, -0.0004391517722979188], [0.00045563510502688587, -0.002134258160367608, 0.0034945113584399223, -0.002448644721880555, 0.0008848754805512726, 0.00036636125878430903, 0.00022407069627661258, -0.0013559450162574649, 0.0001642598072066903, -0.0004836598818656057, 0.0009026038460433483, -0.0014053435297682881, -0.0009194813901558518], [-0.0005062741111032665, 0.0012868721969425678, -0.002448644721880555, 0.004808596335351467, -0.002083336003124714, -0.0036271531134843826, 0.0011789158452302217, 0.0014716264558956027, -0.002837610896676779, 0.002476676367223263, -0.0008823031093925238, 0.0026364040095359087, -0.0011564912274479866], [0.0005685582873411477, -0.0020190321374684572, 0.0008848754805512726, -0.002083336003124714, 0.006830260623246431, -0.0018751316238194704, -0.0008571523358114064, 0.0001443826186005026, 0.0017781158676370978, -0.0033960621803998947, 0.0015014258679002523, -0.002198262605816126, 0.0006279982626438141], [-0.00041050207801163197, 0.0013313156086951494, 0.00036636125878430903, -0.0036271531134843826, -0.0018751316238194704, 0.011584761552512646, -0.006027583032846451, 0.0002731161075644195, 0.0005376524059101939, -0.0006707097054459155, -0.000605923356488347, 0.0017026400892063975, 0.0004498585476540029], [0.0003432621306274086, -0.001039148191921413, 0.00022407069627661258, 0.0011789158452302217, -0.0008571523358114064, -0.006027583032846451, 0.016520272940397263, -0.009945149533450603, -0.0005358518683351576, 0.0015075145056471229, -0.00015632218855898827, -0.0023296154104173183, 0.0013900105841457844], [-0.00041594350477680564, 0.0013848490780219436, -0.0013559450162574649, 0.0014716264558956027, 0.0001443826186005026, 0.0002731161075644195, -0.009945149533450603, 0.02151128649711609, -0.00973945390433073, 0.0016528730047866702, 7.711171201663092e-05, 0.0017940201796591282, -6.140944606158882e-05], [0.000631734961643815, -0.0008915989310480654, 0.0001642598072066903, -0.002837610896676779, 0.0017781158676370978, 0.0005376524059101939, -0.0005358518683351576, -0.00973945390433073, 0.024336829781532288, -0.015245102345943451, 0.0036009764298796654, 0.0002660701284185052, -0.0004789736995007843], [-0.001122560235671699, 0.0017646107589825988, -0.0004836598818656057, 0.002476676367223263, -0.0033960621803998947, -0.0006707097054459155, 0.0015075145056471229, 0.0016528730047866702, -0.015245102345943451, 0.029185641556978226, -0.014995818957686424, 0.004630448296666145, 0.0005732773570343852], [0.0011534382356330752, -0.0012080192100256681, 0.0009026038460433483, -0.0008823031093925238, 0.0015014258679002523, -0.000605923356488347, -0.00015632218855898827, 7.711171201663092e-05, 0.0036009764298796654, -0.014995818957686424, 0.030291706323623657, -0.01713334582746029, 0.00396685628220439], [-0.0011171320220455527, 0.0027012350037693977, -0.0014053435297682881, 0.0026364040095359087, -0.002198262605816126, 0.0017026400892063975, -0.0023296154104173183, 0.0017940201796591282, 0.0002660701284185052, 0.004630448296666145, -0.01713334582746029, 0.03495540842413902, -0.016957059502601624], [0.0008721689810045063, -0.0004391517722979188, -0.0009194813901558518, -0.0011564912274479866, 0.0006279982626438141, 0.0004498585476540029, 0.0013900105841457844, -6.140944606158882e-05, -0.0004789736995007843, 0.0005732773570343852, 0.00396685628220439, -0.016957059502601624, 0.025626813992857933]], "lowlevel.mfcc.cov": [[3573.78857421875, -1044.3658447265625, -572.9966430664062, -210.64064025878906, -167.38929748535156, 172.1503448486328, -25.920467376708984, 25.143938064575195, 22.906030654907227, 112.54971313476562, 50.4932746887207, 104.10002136230469, 82.58868408203125], [-1044.3658447265625, 1207.9986572265625, 381.1792907714844, 163.4513702392578, 134.00897216796875, -84.41364288330078, 13.198853492736816, -32.86429214477539, -5.293255805969238, -58.922752380371094, -31.84016990661621, -64.85685729980469, -44.62013626098633], [-572.9966430664062, 381.1792907714844, 1035.162353515625, 579.5327758789062, 371.94549560546875, 258.34063720703125, 124.96189880371094, 159.1368408203125, 201.6931610107422, 84.37934875488281, 39.771697998046875, -10.292272567749023, 15.519302368164062], [-210.64064025878906, 163.4513702392578, 579.5327758789062, 562.411865234375, 372.67431640625, 278.5583801269531, 126.64705657958984, 134.3566436767578, 165.55548095703125, 88.26348876953125, 50.849178314208984, 6.479086399078369, 24.075305938720703], [-167.38929748535156, 134.00897216796875, 371.94549560546875, 372.67431640625, 369.8206481933594, 251.0055694580078, 110.5013427734375, 92.03065490722656, 118.02277374267578, 63.465599060058594, 44.55093002319336, 7.830905914306641, 17.247255325317383], [172.1503448486328, -84.41364288330078, 258.34063720703125, 278.5583801269531, 251.0055694580078, 308.0210876464844, 130.4314727783203, 111.67250061035156, 123.33767700195312, 85.28792572021484, 53.47699737548828, 33.00630569458008, 23.40188217163086], [-25.920467376708984, 13.198853492736816, 124.96189880371094, 126.64705657958984, 110.5013427734375, 130.4314727783203, 138.71701049804688, 92.41365051269531, 68.22517395019531, 44.76911163330078, 39.77444076538086, 15.499743461608887, 6.298723220825195], [25.143938064575195, -32.86429214477539, 159.1368408203125, 134.3566436767578, 92.03065490722656, 111.67250061035156, 92.41365051269531, 137.68653869628906, 98.45330047607422, 57.4815788269043, 34.948551177978516, 19.543439865112305, 13.643121719360352], [22.906030654907227, -5.293255805969238, 201.6931610107422, 165.55548095703125, 118.02277374267578, 123.33767700195312, 68.22517395019531, 98.45330047607422, 158.22341918945312, 90.3099594116211, 50.34213638305664, 27.231689453125, 27.930864334106445], [112.54971313476562, -58.922752380371094, 84.37934875488281, 88.26348876953125, 63.465599060058594, 85.28792572021484, 44.76911163330078, 57.4815788269043, 90.3099594116211, 114.98229217529297, 66.80545806884766, 38.36210250854492, 21.870256423950195], [50.4932746887207, -31.84016990661621, 39.771697998046875, 50.849178314208984, 44.55093002319336, 53.47699737548828, 39.77444076538086, 34.948551177978516, 50.34213638305664, 66.80545806884766, 92.07707214355469, 46.6217155456543, 20.296497344970703], [104.10002136230469, -64.85685729980469, -10.292272567749023, 6.479086399078369, 7.830905914306641, 33.00630569458008, 15.499743461608887, 19.543439865112305, 27.231689453125, 38.36210250854492, 46.6217155456543, 78.64751434326172, 40.266727447509766], [82.58868408203125, -44.62013626098633, 15.519302368164062, 24.075305938720703, 17.247255325317383, 23.40188217163086, 6.298723220825195, 13.643121719360352, 27.930864334106445, 21.870256423950195, 20.296497344970703, 40.266727447509766, 74.24842071533203]], "lowlevel.mfcc.icov": [[0.00043787455069832504, 0.00019842949404846877, 0.00022285008162725717, -6.02954751229845e-05, 0.0003807394241448492, -0.0007044567028060555, 0.0003918581933248788, -9.759113163454458e-05, 5.7911762269213796e-05, -0.00028669845778495073, 7.708382327109575e-05, 2.40028093685396e-05, -0.000247986929025501], [0.00019842949404846877, 0.0013968567363917828, -0.00046853761887177825, 5.0616083171917126e-05, -0.0008681879262439907, 0.0013813443947583437, -0.0009112082771025598, 0.0008828232530504465, -0.0002880969550460577, 0.00030262948712334037, 7.804014603607357e-05, 3.161659378747572e-06, 0.00037781859282404184], [0.00022285008162725717, -0.00046853761887177825, 0.0028189877048134804, -0.002531308215111494, 0.0006080791936255991, -0.000570013711694628, 0.0008696301374584436, -0.0008955990197136998, -0.0010649403557181358, 0.00027927421615459025, 0.0001332211832050234, 0.00030663199140690267, -5.3051498980494216e-05], [-6.02954751229845e-05, 5.0616083171917126e-05, -0.002531308215111494, 0.008650013245642185, -0.005202397238463163, -0.0009050864027813077, 0.0003983810020145029, -0.0010431741829961538, -0.00042450250475667417, -0.0006424069288186729, -1.1256167454121169e-05, 0.000986577244475484, -0.0007096466142684221], [0.0003807394241448492, -0.0008681879262439907, 0.0006080791936255991, -0.005202397238463163, 0.0120726078748703, -0.006665676832199097, 0.0002936070959549397, 0.0013574672630056739, -0.0004591047763824463, 0.0012534578563645482, -0.0017474208725616336, 0.0015420131385326385, -0.0009183503570966423], [-0.0007044567028060555, 0.0013813443947583437, -0.000570013711694628, -0.0009050864027813077, -0.006665676832199097, 0.014028564095497131, -0.0065452177077531815, 0.0008389691938646138, -0.0014077030355110765, -0.0016263850266113877, 0.0022938293404877186, -0.0029306623619049788, 0.001525175292044878], [0.0003918581933248788, -0.0009112082771025598, 0.0008696301374584436, 0.0003983810020145029, 0.0002936070959549397, -0.0065452177077531815, 0.018591981381177902, -0.010041956789791584, 0.0019391041714698076, 0.001163132837973535, -0.004481751471757889, 0.0016663239803165197, 0.00021769452723674476], [-9.759113163454458e-05, 0.0008828232530504465, -0.0008955990197136998, -0.0010431741829961538, 0.0013574672630056739, 0.0008389691938646138, -0.010041956789791584, 0.020135315135121346, -0.00819072499871254, 0.00020394464081618935, 0.0017449900042265654, -0.001560868346132338, 0.0011274302378296852], [5.7911762269213796e-05, -0.0002880969550460577, -0.0010649403557181358, -0.00042450250475667417, -0.0004591047763824463, -0.0014077030355110765, 0.0019391041714698076, -0.00819072499871254, 0.019754985347390175, -0.010026521980762482, 0.000369106768630445, 0.0014068593736737967, -0.003328402992337942], [-0.00028669845778495073, 0.00030262948712334037, 0.00027927421615459025, -0.0006424069288186729, 0.0012534578563645482, -0.0016263850266113877, 0.001163132837973535, 0.00020394464081618935, -0.010026521980762482, 0.02402075007557869, -0.011399350129067898, -0.0010687292087823153, 0.0011280650505796075], [7.708382327109575e-05, 7.804014603607357e-05, 0.0001332211832050234, -1.1256167454121169e-05, -0.0017474208725616336, 0.0022938293404877186, -0.004481751471757889, 0.0017449900042265654, 0.000369106768630445, -0.011399350129067898, 0.024507660418748856, -0.010393690317869186, 0.0018356936052441597], [2.40028093685396e-05, 3.161659378747572e-06, 0.00030663199140690267, 0.000986577244475484, 0.0015420131385326385, -0.0029306623619049788, 0.0016663239803165197, -0.001560868346132338, 0.0014068593736737967, -0.0010687292087823153, -0.010393690317869186, 0.02557869628071785, -0.010943014174699783], [-0.000247986929025501, 0.00037781859282404184, -5.3051498980494216e-05, -0.0007096466142684221, -0.0009183503570966423, 0.001525175292044878, 0.00021769452723674476, 0.0011274302378296852, -0.003328402992337942, 0.0011280650505796075, 0.0018356936052441597, -0.010943014174699783, 0.02007203735411167]], "metadata.audio_properties.analysis.downmix": "mix", "metadata.audio_properties.codec": "mp3", "metadata.audio_properties.md5_encoded": "b1235ecf89e33645445f265ba12dc9c7", "metadata.tags.file_name": "1182281713703981087.mp3", "metadata.version.essentia": "2.1-beta6-dev", "metadata.version.essentia_git_sha": "v2.1_beta5-1110-g77a6a954", "metadata.version.extractor": "music 2.0", "tonal.chords_key": "C", "tonal.chords_scale": "major", "tonal.key_edma.key": "F", "tonal.key_edma.scale": "minor", "tonal.key_krumhansl.key": "F", "tonal.key_krumhansl.scale": "minor", "tonal.key_temperley.key": "F", "tonal.key_temperley.scale": "minor", "metadata.tags.encoding": ["Lavf58.45.100"]}, "essentia_models": [{"model_name": "genre_dortmund", "activations": {"alternative": "0.010049054", "blues": "0.0001611121", "electronic": "0.13660254", "folkcountry": "4.0108633e-05", "funksoulrnb": "0.000895083", "jazz": "0.0007658503", "pop": "0.0027421827", "raphiphop": "0.32878104"