{"song_id": "1182267464164311060", "download": "https://cdn.discordapp.com/attachments/1135911532732108921/1182267464164311060/chirp.mp4?ex=65841360&amp", "lyrics": "[Verse]\nElisa's feeling dizzy, spinning round and round\nHer head is in a whirlwind, dizzy feelings confound\nBut we'll dance through the chaos, together by her side\nSending love and healing vibes, in this wild dance ride\n\n[Chorus]\nElisa, get better quick, we're supporting you\nWe'll dance our way to healing, with every move we groove\nThe beat will lift your spirits, make those dizziness fade away\nElisa, we're here for you, dancing through the pain", "style": ["dance"], "essentia_features": {"lowlevel.average_loudness": 0.6200470924377441, "lowlevel.barkbands_crest.mean": 10.915133476257324, "lowlevel.barkbands_crest.stdev": 4.385451316833496, "lowlevel.barkbands_flatness_db.mean": 0.18312785029411316, "lowlevel.barkbands_flatness_db.stdev": 0.08291579782962799, "lowlevel.barkbands_kurtosis.mean": 7.93815279006958, "lowlevel.barkbands_kurtosis.stdev": 16.207429885864258, "lowlevel.barkbands_skewness.mean": 1.4604930877685547, "lowlevel.barkbands_skewness.stdev": 1.877581000328064, "lowlevel.barkbands_spread.mean": 21.052154541015625, "lowlevel.barkbands_spread.stdev": 16.678701400756836, "lowlevel.dissonance.mean": 0.46350470185279846, "lowlevel.dissonance.stdev": 0.03210148960351944, "lowlevel.dynamic_complexity": 3.7659173011779785, "lowlevel.erbbands_crest.mean": 12.65182876586914, "lowlevel.erbbands_crest.stdev": 5.9918975830078125, "lowlevel.erbbands_flatness_db.mean": 0.1904441863298416, "lowlevel.erbbands_flatness_db.stdev": 0.0605943463742733, "lowlevel.erbbands_kurtosis.mean": 2.7531752586364746, "lowlevel.erbbands_kurtosis.stdev": 7.58652925491333, "lowlevel.erbbands_skewness.mean": 0.25607240200042725, "lowlevel.erbbands_skewness.stdev": 1.250968337059021, "lowlevel.erbbands_spread.mean": 36.22386932373047, "lowlevel.erbbands_spread.stdev": 20.785123825073242, "lowlevel.hfc.mean": 30.705402374267578, "lowlevel.hfc.stdev": 34.033538818359375, "lowlevel.loudness_ebu128.integrated": -13.572417259216309, "lowlevel.loudness_ebu128.loudness_range": 5.378748893737793, "lowlevel.loudness_ebu128.momentary.mean": -15.42151165008545, "lowlevel.loudness_ebu128.momentary.stdev": 5.250295162200928, "lowlevel.loudness_ebu128.short_term.mean": -14.467806816101074, "lowlevel.loudness_ebu128.short_term.stdev": 2.04229474067688, "lowlevel.melbands_crest.mean": 15.392142295837402, "lowlevel.melbands_crest.stdev": 6.006375789642334, "lowlevel.melbands_flatness_db.mean": 0.2504246234893799, "lowlevel.melbands_flatness_db.stdev": 0.1119796559214592, "lowlevel.melbands_kurtosis.mean": 17.867206573486328, "lowlevel.melbands_kurtosis.stdev": 28.06188201904297, "lowlevel.melbands_skewness.mean": 2.6243441104888916, "lowlevel.melbands_skewness.stdev": 2.198411703109741, "lowlevel.melbands_spread.mean": 26.12944984436035, "lowlevel.melbands_spread.stdev": 27.625932693481445, "lowlevel.pitch_salience.mean": 0.5426599979400635, "lowlevel.pitch_salience.stdev": 0.1431056708097458, "lowlevel.silence_rate_20dB.mean": 1.0, "lowlevel.silence_rate_20dB.stdev": 0.0, "lowlevel.silence_rate_30dB.mean": 0.8923801779747009, "lowlevel.silence_rate_30dB.stdev": 0.30989858508110046, "lowlevel.silence_rate_60dB.mean": 0.12411626428365707, "lowlevel.silence_rate_60dB.stdev": 0.32971814274787903, "lowlevel.spectral_centroid.mean": 1259.8170166015625, "lowlevel.spectral_centroid.stdev": 1061.130126953125, "lowlevel.spectral_complexity.mean": 14.362136840820312, "lowlevel.spectral_complexity.stdev": 9.646949768066406, "lowlevel.spectral_decrease.mean": -1.1662779186849548e-08, "lowlevel.spectral_decrease.stdev": 1.1912627329024872e-08, "lowlevel.spectral_energy.mean": 0.04680304974317551, "lowlevel.spectral_energy.stdev": 0.04535805806517601, "lowlevel.spectral_energyband_high.mean": 0.0022397185675799847, "lowlevel.spectral_energyband_high.stdev": 0.0042991540394723415, "lowlevel.spectral_energyband_low.mean": 0.026183947920799255, "lowlevel.spectral_energyband_low.stdev": 0.042994871735572815, "lowlevel.spectral_energyband_middle_high.mean": 0.004704153165221214, "lowlevel.spectral_energyband_middle_high.stdev": 0.004397253971546888, "lowlevel.spectral_energyband_middle_low.mean": 0.015494192950427532, "lowlevel.spectral_energyband_middle_low.stdev": 0.013964274898171425, "lowlevel.spectral_entropy.mean": 7.326072692871094, "lowlevel.spectral_entropy.stdev": 0.7043173313140869, "lowlevel.spectral_flux.mean": 0.09282403439283371, "lowlevel.spectral_flux.stdev": 0.0522906519472599, "lowlevel.spectral_kurtosis.mean": 7.1579060554504395, "lowlevel.spectral_kurtosis.stdev": 13.388772010803223, "lowlevel.spectral_rms.mean": 0.005910477135330439, "lowlevel.spectral_rms.stdev": 0.0032753306441009045, "lowlevel.spectral_rolloff.mean": 1872.89990234375, "lowlevel.spectral_rolloff.stdev": 2459.251220703125, "lowlevel.spectral_skewness.mean": 1.8960130214691162, "lowlevel.spectral_skewness.stdev": 1.1649163961410522, "lowlevel.spectral_spread.mean": 5441392.0, "lowlevel.spectral_spread.stdev": 2177296.0, "lowlevel.spectral_strongpeak.mean": 1.036527156829834, "lowlevel.spectral_strongpeak.stdev": 1.3069840669631958, "lowlevel.zerocrossingrate.mean": 0.07274699956178665, "lowlevel.zerocrossingrate.stdev": 0.06894517689943314, "metadata.audio_properties.analysis.equal_loudness": 0.0, "metadata.audio_properties.analysis.length": 29.5242862701416, "metadata.audio_properties.analysis.sample_rate": 44100.0, "metadata.audio_properties.analysis.start_time": 0.0, "metadata.audio_properties.bit_rate": 126299.0, "metadata.audio_properties.length": 29.525333404541016, "metadata.audio_properties.lossless": 0.0, "metadata.audio_properties.number_channels": 1.0, "metadata.audio_properties.replay_gain": -11.564199447631836, "metadata.audio_properties.sample_rate": 48000.0, "rhythm.beats_count": 70.0, "rhythm.beats_loudness.mean": 0.05303546413779259, "rhythm.beats_loudness.stdev": 0.04396861046552658, "rhythm.bpm": 150.1493377685547, "rhythm.bpm_histogram_first_peak_bpm": 152.0, "rhythm.bpm_histogram_first_peak_weight": 0.42592597007751465, "rhythm.bpm_histogram_second_peak_bpm": 126.0, "rhythm.bpm_histogram_second_peak_spread": 0.3999999761581421, "rhythm.bpm_histogram_second_peak_weight": 0.08695652335882187, "rhythm.danceability": 0.870962381362915, "rhythm.onset_rate": 4.332023620605469, "tonal.chords_changes_rate": 0.05337519571185112, "tonal.chords_number_rate": 0.0094191525131464, "tonal.chords_strength.mean": 0.4758729934692383, "tonal.chords_strength.stdev": 0.06455998122692108, "tonal.hpcp_crest.mean": 12.410134315490723, "tonal.hpcp_crest.stdev": 4.474742412567139, "tonal.hpcp_entropy.mean": 2.044940710067749, "tonal.hpcp_entropy.stdev": 0.6284754276275635, "tonal.key_edma.strength": 0.5861344337463379, "tonal.key_krumhansl.strength": 0.5844732522964478, "tonal.key_temperley.strength": 0.5943930745124817, "tonal.tuning_diatonic_strength": 0.5459839105606079, "tonal.tuning_equal_tempered_deviation": 0.27972328662872314, "tonal.tuning_frequency": 434.193115234375, "tonal.tuning_nontempered_energy_ratio": 0.9466858506202698, "lowlevel.barkbands.mean": [0.0009151092381216586, 0.014499926939606667, 0.009052969515323639, 0.004121873527765274, 0.0036168566439300776, 0.003448548959568143, 0.0017555552767589688, 0.0012370196636766195, 0.0011056555667892098, 0.0004846797382924706, 0.00036811380414292216, 0.00035930119338445365, 0.0002338729682378471, 0.0022957627661526203, 0.00021457730326801538, 0.0003098878660239279, 0.00030378386145457625, 0.00011329452536301687, 0.00010957640915876254, 3.510907117743045e-05, 0.0003408459306228906, 0.0008038039086386561, 0.00017065336578525603, 0.0005801552324555814, 0.00028815362020395696, 3.6748708225786686e-05, 1.2717629260805552e-06], "lowlevel.barkbands.stdev": [0.0018497391138225794, 0.023900918662548065, 0.0195597093552351, 0.005109366960823536, 0.004785578232258558, 0.005501023959368467, 0.0032424740493297577, 0.002940534148365259, 0.003249501809477806, 0.0012518747244030237, 0.0009582369239069521, 0.0008132020593620837, 0.0004184269637335092, 0.0020494600757956505, 0.00033148800139315426, 0.0005230571841821074, 0.000658139178995043, 0.0003882771707139909, 0.0004331673262640834, 0.00011350689601385966, 0.0010926552349701524, 0.0015829643234610558, 0.00042829287122003734, 0.0015019273851066828, 0.000660215737298131, 9.879268327495083e-05, 4.557670308713568e-06], "lowlevel.erbbands.mean": [0.32415375113487244, 3.472090005874634, 11.724754333496094, 10.707100868225098, 14.617339134216309, 10.40304946899414, 16.842809677124023, 31.062055587768555, 30.806596755981445, 24.953229904174805, 24.603181838989258, 26.851425170898438, 18.565204620361328, 12.960808753967285, 15.912005424499512, 14.299327850341797, 13.530743598937988, 107.4820785522461, 40.11323928833008, 12.928971290588379, 18.467060089111328, 15.842281341552734, 6.577121734619141, 7.951773166656494, 2.9120452404022217, 1.7865290641784668, 5.976180553436279, 23.49533462524414, 34.88534927368164, 7.576057434082031, 5.165792942047119, 8.788867950439453, 11.510849952697754, 4.9414753913879395, 1.036486029624939, 0.22001314163208008, 0.058789610862731934, 0.007423717062920332, 0.00027939333813264966, 6.792986823711544e-05], "lowlevel.erbbands.stdev": [0.6218525767326355, 6.141556739807129, 25.040231704711914, 14.30235481262207, 19.24822425842285, 15.232109069824219, 28.620962142944336, 51.904090881347656, 52.46510314941406, 55.34926223754883, 58.29983901977539, 79.66596984863281, 51.64363098144531, 33.1555061340332, 39.16194534301758, 30.06236457824707, 19.1708927154541, 97.13825988769531, 37.613834381103516, 19.08059310913086, 33.39580535888672, 34.93018341064453, 20.5487060546875, 32.2890739440918, 10.173774719238281, 5.791041851043701, 19.56299591064453, 64.2255859375, 69.63409423828125, 15.585225105285645, 13.18490219116211, 23.55550193786621, 29.62743377685547, 11.441545486450195, 2.397885322570801, 0.5646786093711853, 0.17599841952323914, 0.02103969268500805, 0.0008105894085019827, 5.7915527577279136e-05], "lowlevel.gfcc.mean": [-26.672914505004883, 93.03057098388672, -96.38333129882812, 27.39478874206543, -56.41656494140625, 37.93622589111328, -54.20656204223633, -10.164474487304688, -8.591999053955078, 11.443379402160645, -22.356042861938477, -5.165964603424072, -8.889415740966797], "lowlevel.melbands.mean": [0.003323695855215192, 0.005571212153881788, 0.002092280425131321, 0.0008542340365238488, 0.0005645499331876636, 0.000697193609084934, 0.00043986935634166, 0.00027014914667233825, 0.00019845298083964735, 0.00016464375948999077, 8.882348629413173e-05, 5.107040487928316e-05, 5.137770131113939e-05, 4.337626160122454e-05, 2.7527776182978414e-05, 2.696078081498854e-05, 0.00024000172561500221, 8.380773215321824e-05, 1.475015415053349e-05, 1.9459970644675195e-05, 2.253297316201497e-05, 1.91829585673986e-05, 7.403726158372592e-06, 5.129956662131008e-06, 6.9673296820838004e-06, 2.509648311388446e-06, 1.3560963907366386e-06, 1.0140062158825458e-06, 2.1783205284009455e-06, 7.187198661995353e-06, 1.6443516869912855e-05, 2.433358895359561e-05, 8.065881047514267e-06, 2.6700076887209434e-06, 2.482091986166779e-06, 3.9952510633156635e-06, 5.889234216738259e-06, 8.456097020825837e-06, 6.801134986744728e-06, 3.2921020647336263e-06], "lowlevel.melbands.stdev": [0.005593116395175457, 0.010755311697721481, 0.0024413070641458035, 0.0011202505556866527, 0.0008779731579124928, 0.0011196414707228541, 0.0007446302333846688, 0.000632612849585712, 0.0004935379256494343, 0.0004989933222532272, 0.00025085429660975933, 0.00013350688095670193, 0.00013311138900462538, 0.00010653431672835723, 5.25241375726182e-05, 4.7526096750516444e-05, 0.0002192078100051731, 7.982090028235689e-05, 2.346762630622834e-05, 3.087777804466896e-05, 4.491653453442268e-05, 4.208720929455012e-05, 2.095908894261811e-05, 1.918935049616266e-05, 2.9235388865345158e-05, 9.552586561767384e-06, 4.530064416030655e-06, 3.438590283622034e-06, 8.090987648756709e-06, 2.3375783712253906e-05, 4.418872049427591e-05, 4.893512596026994e-05, 1.7045289496309124e-05, 6.0903248595423065e-06, 6.453292371588759e-06, 1.1159003406646661e-05, 1.5993171473382972e-05, 2.2133404854685068e-05, 1.7123402358265594e-05, 7.459906555595808e-06], "lowlevel.melbands128.mean": [0.0008283857023343444, 0.002666655695065856, 0.00305073126219213, 0.006963579449802637, 0.00723767327144742, 0.0036278879269957542, 0.0019451775588095188, 0.002210234524682164, 0.0014890108723193407, 0.0006766969454474747, 0.0005006943829357624, 0.0005435525090433657, 0.0005699111497960985, 0.0005982915172353387, 0.000740634452085942, 0.0007395038264803588, 0.0006392031209543347, 0.0003568499523680657, 0.00022889526735525578, 0.00028491171542555094, 0.00030403881100937724, 0.00018533172260504216, 0.0002034008502960205, 0.00017863961693365127, 0.000182857082108967, 0.0001702791778370738, 8.959505066741258e-05, 9.777484956430271e-05, 6.626246613450348e-05, 5.000326200388372e-05, 4.7035042371135205e-05, 4.868995165452361e-05, 4.968123903381638e-05, 5.989537385175936e-05, 4.218306639813818e-05, 3.988649768871255e-05, 4.142699617659673e-05, 2.7039239284931682e-05, 1.847755083872471e-05, 2.3165153834270313e-05, 2.626638706715312e-05, 3.503411426208913e-05, 0.00020417394989635795, 0.00048305242671631277, 7.601475226692855e-05, 3.5808618122246116e-05, 1.6916148524614982e-05, 1.4443966392718721e-05, 1.3139005204720888e-05, 1.5070364497660194e-05, 2.268461321364157e-05, 2.1145773644093424e-05, 1.937673005159013e-05, 2.4189668692997657e-05, 2.7313430109643377e-05, 2.005343048949726e-05, 1.1409296348574571e-05, 8.436033567704726e-06, 6.189548003021628e-06, 4.546009677142138e-06, 4.598196483129868e-06, 5.152957328391494e-06, 8.967006579041481e-06, 7.682681825826876e-06, 3.6578667277353816e-06, 2.178832346544368e-06, 1.951787908183178e-06, 1.4866666333546164e-06, 1.2458514220270445e-06, 1.1329258313708124e-06, 9.163607614937064e-07, 9.703483101475285e-07, 1.2210455224703765e-06, 2.1553523765760474e-06, 3.2997400012391154e-06, 6.424079401767813e-06, 9.550864888296928e-06, 9.285346095566638e-06, 1.7094156646635383e-05, 2.3033784600556828e-05, 2.753137050603982e-05, 2.765748286037706e-05, 1.1966301826760173e-05, 6.171622317197034e-06, 3.81700056095724e-06, 2.9060713586659404e-06, 2.2071583316574106e-06, 2.208338855780312e-06, 2.2764415916753933e-06, 2.8112631298427004e-06, 3.4618562949617626e-06, 4.4021112444170285e-06, 4.813696250494104e-06, 5.499072358361445e-06, 6.655047400272451e-06, 7.848085260775406e-06, 9.461277841182891e-06, 8.833648280415218e-06, 6.734114776918432e-06, 6.181877779454226e-06, 4.172808530711336e-06, 2.682777903828537e-06, 2.3854177015891764e-06, 1.659795202613168e-06, 8.74543900408753e-07, 5.767910806753207e-07, 4.815857437279192e-07, 4.859265345658059e-07, 3.044676475383312e-07, 2.628893582823366e-07, 2.6593056645651814e-07, 1.9059865508097573e-07, 1.8319215655537846e-07, 1.562686122724699e-07, 1.1076538442011952e-07, 7.295087556258295e-08, 3.2315099929292046e-08, 1.442207508972615e-08, 6.163463961428306e-09, 2.8492563863835585e-09, 1.728928666899776e-09, 3.665187597867714e-10, 1.0234823405452786e-11, 9.576461151850069e-12, 8.518750808927944e-12, 6.822102778525352e-12, 5.904633986614227e-12, 5.74236231482006e-12], "lowlevel.melbands128.stdev": [0.0016693728975951672, 0.005551477894186974, 0.006418166216462851, 0.01256649475544691, 0.015750955790281296, 0.007364299613982439, 0.0030855850782245398, 0.0028378411661833525, 0.0022747137118130922, 0.0013802899047732353, 0.0008888774318620563, 0.0010064142988994718, 0.0011893148766830564, 0.0011954748770222068, 0.0014870541635900736, 0.0013539069332182407, 0.0012153596617281437, 0.0008282233029603958, 0.0006581180496141315, 0.0007501087966375053, 0.0008976361714303493, 0.0005360781797207892, 0.0006139781908132136, 0.0006371402996592224, 0.0006435885443352163, 0.0005880881217308342, 0.00034829703508876264, 0.0002966960018966347, 0.00019985543622169644, 0.0001467483671149239, 0.000157245944137685, 0.00016048464749474078, 0.00016031133418437093, 0.00015745761629659683, 0.0001339317677775398, 0.00012045424955431372, 9.11537790670991e-05, 6.687764107482508e-05, 3.658517016447149e-05, 4.786328281625174e-05, 5.554846575250849e-05, 7.652200292795897e-05, 0.00020557382958941162, 0.00047649332555010915, 0.00010900236520683393, 6.243802636163309e-05, 3.0400162359001115e-05, 2.4862863938324153e-05, 2.7145382773596793e-05, 2.9184016966610216e-05, 3.8275633414741606e-05, 3.7281806726241484e-05, 4.3251719034742564e-05, 6.538035813719034e-05, 6.161118653835729e-05, 5.275733565213159e-05, 3.608597398851998e-05, 2.6577201424515806e-05, 1.8673172235139646e-05, 1.830786823120434e-05, 1.8736167476163246e-05, 2.2478696337202564e-05, 4.025809175800532e-05, 3.5734530683839694e-05, 1.6806869098218158e-05, 8.077437996689696e-06, 7.753125828457996e-06, 5.435178536572494e-06, 4.258125045453198e-06, 3.899521288985852e-06, 3.5471789487928618e-06, 3.7785553104185965e-06, 4.662571427616058e-06, 9.968324775400106e-06, 1.3129318176652305e-05, 2.1343768821679987e-05, 3.347524398122914e-05, 3.653374005807564e-05, 5.261740807327442e-05, 5.4641684982925653e-05, 5.97588368691504e-05, 5.93732729612384e-05, 2.7194590074941516e-05, 1.4354444829223212e-05, 9.153702194453217e-06, 7.064327292027883e-06, 5.535959189728601e-06, 5.885133305127965e-06, 6.251840659388108e-06, 8.047826668189373e-06, 9.864832463790663e-06, 1.3533816854760516e-05, 1.4724960237799678e-05, 1.6739677448640577e-05, 1.774831980583258e-05, 2.1843219656147994e-05, 2.5493331122561358e-05, 2.3998512915568426e-05, 1.8149532479583286e-05, 1.60359177243663e-05, 9.58984765020432e-06, 6.384413154592039e-06, 5.681363290932495e-06, 3.9331207517534494e-06, 2.4223463697126135e-06, 1.6485170135638327e-06, 1.44784928579611e-06, 1.2843024705944117e-06, 8.571894909437106e-07, 7.893297606642591e-07, 8.477487085656321e-07, 6.330940323096002e-07, 6.382556989592558e-07, 5.058153078607575e-07, 3.285694276655704e-07, 2.174375310914911e-07, 1.0199682520806164e-07, 6.288889409233889e-08, 4.006087195307373e-08, 2.575128554838102e-08, 1.5815004417163436e-08, 3.884480292981607e-09, 6.869256552466396e-11, 6.496141818912449e-11, 4.812265516629388e-11, 2.1423206958415264e-11, 1.2294825747771743e-11, 1.2040629777942957e-11], "lowlevel.mfcc.mean": [-676.4674072265625, 122.90282440185547, 26.505603790283203, -2.7560317516326904, 23.2895450592041, 29.112878799438477, -17.222963333129883, -10.58023738861084, 10.714496612548828, -8.807061195373535, 13.078993797302246, 0.3017538785934448, -14.142553329467773], "lowlevel.spectral_contrast_coeffs.mean": [-0.7139835357666016, -0.7595407962799072, -0.8192776441574097, -0.770541250705719, -0.7811511754989624, -0.7435088157653809], "lowlevel.spectral_contrast_coeffs.stdev": [0.07925311475992203, 0.08446422964334488, 0.0479857362806797, 0.04846113920211792, 0.05136852338910103, 0.05433066934347153], "lowlevel.spectral_contrast_valleys.mean": [-6.660236835479736, -6.827287197113037, -7.598208427429199, -7.58939790725708, -8.880268096923828, -10.213269233703613], "lowlevel.spectral_contrast_valleys.stdev": [1.3255237340927124, 1.0657960176467896, 0.9418030977249146, 0.9203572869300842, 1.2202154397964478, 1.6427066326141357], "rhythm.beats_loudness_band_ratio.mean": [0.4209015965461731, 0.1573205441236496, 0.17146340012550354, 0.15192969143390656, 0.07998485118150711, 0.08207352459430695], "rhythm.beats_loudness_band_ratio.stdev": [0.2843354046344757, 0.16411328315734863, 0.17916877567768097, 0.15693633258342743, 0.08754392713308334, 0.17979058623313904], "tonal.hpcp.mean": [0.08134836703538895, 0.06909704208374023, 0.04819086194038391, 0.039520151913166046, 0.0468318797647953, 0.05171719193458557, 0.04559919610619545, 0.04642916098237038, 0.0679115504026413, 0.13949637115001678, 0.15589192509651184, 0.0862804502248764, 0.052505504339933395, 0.052657824009656906, 0.05560104548931122, 0.06322742253541946, 0.07178721576929092, 0.07908223569393158, 0.0831177681684494, 0.07018785923719406, 0.060312215238809586, 0.07100910693407059, 0.08262408524751663, 0.16400370001792908, 0.4283907115459442, 0.3937675654888153, 0.1365167498588562, 0.09967821091413498, 0.09455463290214539, 0.11299977451562881, 0.2871309220790863, 0.4216657876968384, 0.24494102597236633, 0.0822099819779396, 0.08331254869699478, 0.08353839814662933], "tonal.hpcp.stdev": [0.16107553243637085, 0.16036316752433777, 0.1277204155921936, 0.10611606389284134, 0.12714163959026337, 0.14897269010543823, 0.12146081775426865, 0.13180892169475555, 0.162961944937706, 0.20962011814117432, 0.22169330716133118, 0.16412773728370667, 0.1231820285320282, 0.13446366786956787, 0.13131126761436462, 0.12770894169807434, 0.1406720131635666, 0.14818841218948364, 0.1569681018590927, 0.15525129437446594, 0.15688587725162506, 0.18096569180488586, 0.19154471158981323, 0.2216407060623169, 0.4350598156452179, 0.40339040756225586, 0.21285156905651093, 0.21533901989459991, 0.21114107966423035, 0.20717722177505493, 0.30044490098953247, 0.36940285563468933, 0.26400452852249146, 0.1616082638502121, 0.1665564328432083, 0.16811911761760712], "rhythm.beats_position": [0.4527890980243683, 0.9287981986999512, 1.404807209968567, 1.8808163404464722, 2.356825351715088, 2.832834482192993, 3.2972335815429688, 3.773242473602295, 4.260861396789551, 4.748480796813965, 5.24770975112915, 5.746938705444336, 6.234557628631592, 6.733786582946777, 7.233015537261963, 7.639364719390869, 8.057324409484863, 8.46367359161377, 8.858412742614746, 9.264761924743652, 9.659501075744629, 10.054240226745605, 10.448979377746582, 10.843718528747559, 11.238457679748535, 11.644806861877441, 12.051156044006348, 12.445895195007324, 12.85224437713623, 13.258593559265137, 13.653332710266113, 14.05968189239502, 14.454421043395996, 14.849161148071289, 15.255510330200195, 15.650249481201172, 16.04498863220215, 16.439727783203125, 16.8344669342041, 17.240816116333008, 17.647165298461914, 18.04190444946289, 18.436643600463867, 18.831382751464844, 19.23773193359375, 19.632471084594727, 20.038820266723633, 20.44516944885254, 20.839908599853516, 21.234647750854492, 21.6409969329834, 22.035736083984375, 22.43047523498535, 22.836824417114258, 23.243173599243164, 23.63791275024414, 24.044261932373047, 24.450611114501953, 24.84535026550293, 25.240089416503906, 25.634828567504883, 26.04117774963379, 26.447526931762695, 26.842267990112305, 27.23700714111328, 27.643356323242188, 28.049705505371094, 28.44444465637207, 28.839183807373047, 29.233922958374023], "rhythm.bpm_histogram": [0.0, 0.0, 0.0, 0.0, 0.0, 0.0, 0.0, 0.0, 0.0, 0.0, 0.0, 0.0, 0.0, 0.0, 0.0, 0.0, 0.0, 0.0, 0.0, 0.0, 0.0, 0.0, 0.0, 0.0, 0.0, 0.0, 0.0, 0.0, 0.0, 0.0, 0.0, 0.0, 0.0, 0.0, 0.0, 0.0, 0.0, 0.0, 0.0, 0.0, 0.0, 0.0, 0.0, 0.0, 0.0, 0.0, 0.0, 0.0, 0.0, 0.0, 0.0, 0.0, 0.0, 0.0, 0.0, 0.0, 0.0, 0.0, 0.0, 0.0, 0.0, 0.0, 0.0, 0.0, 0.0, 0.0, 0.0, 0.0, 0.0, 0.0, 0.0, 0.0, 0.0, 0.0, 0.0, 0.0, 0.0, 0.0, 0.0, 0.0, 0.0, 0.0, 0.0, 0.0, 0.0, 0.0, 0.0, 0.0, 0.0, 0.0, 0.0, 0.0, 0.0, 0.0, 0.0, 0.0, 0.0, 0.0, 0.0, 0.0, 0.0, 0.0, 0.0, 0.0, 0.0, 0.0, 0.0, 0.0, 0.0, 0.0, 0.0, 0.0, 0.0, 0.0, 0.0, 0.0, 0.0, 0.0, 0.0, 0.0, 0.05797101557254791, 0.0, 0.0, 0.043478261679410934, 0.0, 0.0, 0.08695652335882187, 0.0, 0.0, 0.014492753893136978, 0.0, 0.0, 0.0, 0.0, 0.0, 0.0, 0.0, 0.0, 0.0, 0.0, 0.0, 0.0, 0.0, 0.0, 0.014492753893136978, 0.0, 0.0, 0.0, 0.3333333432674408, 0.0, 0.0, 0.0, 0.4492753744125366, 0.0, 0.0, 0.0, 0.0, 0.0, 0.0, 0.0, 0.0, 0.0, 0.0, 0.0, 0.0, 0.0, 0.0, 0.0, 0.0, 0.0, 0.0, 0.0, 0.0, 0.0, 0.0, 0.0, 0.0, 0.0, 0.0, 0.0, 0.0, 0.0, 0.0, 0.0, 0.0, 0.0, 0.0, 0.0, 0.0, 0.0, 0.0, 0.0, 0.0, 0.0, 0.0, 0.0, 0.0, 0.0, 0.0, 0.0, 0.0, 0.0, 0.0, 0.0, 0.0, 0.0, 0.0, 0.0, 0.0, 0.0, 0.0, 0.0, 0.0, 0.0, 0.0, 0.0, 0.0, 0.0, 0.0, 0.0, 0.0, 0.0, 0.0, 0.0, 0.0, 0.0, 0.0, 0.0, 0.0, 0.0, 0.0, 0.0, 0.0, 0.0, 0.0, 0.0, 0.0, 0.0, 0.0, 0.0, 0.0, 0.0, 0.0, 0.0, 0.0, 0.0, 0.0, 0.0, 0.0, 0.0], "tonal.chords_histogram": [34.85086441040039, 0.0, 4.081632614135742, 0.0, 5.808477401733398, 0.0, 0.0, 0.0, 0.0, 49.4505500793457, 3.296703338623047, 2.5117738246917725, 0.0, 0.0, 0.0, 0.0, 0.0, 0.0, 0.0, 0.0, 0.0, 0.0, 0.0, 0.0], "tonal.thpcp": [1.0, 0.9191786050796509, 0.3186734616756439, 0.23268060386180878, 0.2207205444574356, 0.26377737522125244, 0.6702547669410706, 0.9843018651008606, 0.5717701315879822, 0.191904217004776, 0.19447796046733856, 0.1950051635503769, 0.1898929327726364, 0.16129444539546967, 0.11249277740716934, 0.09225258976221085, 0.10932048410177231, 0.12072435766458511, 0.10644301027059555, 0.10838040709495544, 0.15852713584899902, 0.3256288468837738, 0.363901287317276, 0.20140597224235535, 0.12256452441215515, 0.12292008846998215, 0.1297904998064041, 0.14759288728237152, 0.16757416725158691, 0.18460306525230408, 0.1940232664346695, 0.16384075582027435, 0.14078786969184875, 0.16575780510902405, 0.1928708553314209, 0.3828367292881012], "lowlevel.gfcc.cov": [[11284.998046875, -1948.9078369140625, 814.4244384765625, 1200.95947265625, -1429.3494873046875, 305.59393310546875, -910.182373046875, 205.09239196777344, -103.20240020751953, 117.14199829101562, -50.311187744140625, 408.0993347167969, 148.70330810546875], [-1948.9078369140625, 3750.62939453125, 769.481201171875, -334.0046081542969, 727.909423828125, -402.3482971191406, 566.610595703125, -41.36503601074219, 356.13177490234375, -274.781005859375, 177.06192016601562, -104.53022003173828, 154.64572143554688], [814.4244384765625, 769.481201171875, 1022.6578369140625, 289.8808898925781, 82.60032653808594, -58.32524490356445, -34.92695236206055, -27.894214630126953, 51.6722297668457, -44.56333923339844, 61.24811553955078, 1.2061688899993896, 74.12764739990234], [1200.95947265625, -334.0046081542969, 289.8808898925781, 719.993408203125, 116.5525131225586, -35.67448043823242, -111.23829650878906, 51.246700286865234, -31.133926391601562, 21.034801483154297, 108.6031494140625, 81.18174743652344, 42.55006408691406], [-1429.3494873046875, 727.909423828125, 82.60032653808594, 116.5525131225586, 673.7064208984375, -155.71405029296875, 184.44674682617188, 44.135292053222656, 68.3891830444336, -30.356666564941406, 168.68446350097656, -21.004981994628906, 9.869292259216309], [305.59393310546875, -402.3482971191406, -58.32524490356445, -35.67448043823242, -155.71405029296875, 305.09161376953125, -52.84251403808594, -8.137974739074707, -13.760553359985352, 55.94646072387695, -53.93074417114258, 5.751607418060303, 10.687664985656738], [-910.182373046875, 566.610595703125, -34.92695236206055, -111.23829650878906, 184.44674682617188, -52.84251403808594, 521.4093627929688, 156.89398193359375, 58.488121032714844, -83.10628509521484, 42.83146286010742, -42.603981018066406, 12.843011856079102], [205.09239196777344, -41.36503601074219, -27.894214630126953, 51.246700286865234, 44.135292053222656, -8.137974739074707, 156.89398193359375, 186.16213989257812, 28.767677307128906, -4.178154468536377, 44.211666107177734, 15.31314468383789, -11.16037654876709], [-103.20240020751953, 356.13177490234375, 51.6722297668457, -31.133926391601562, 68.3891830444336, -13.760553359985352, 58.488121032714844, 28.767677307128906, 170.76699829101562, 43.73033142089844, 51.46147537231445, -21.679336547851562, 27.011789321899414], [117.14199829101562, -274.781005859375, -44.56333923339844, 21.034801483154297, -30.356666564941406, 55.94646072387695, -83.10628509521484, -4.178154468536377, 43.73033142089844, 150.35032653808594, 29.23418426513672, 7.8836894035339355, -8.206879615783691], [-50.311187744140625, 177.06192016601562, 61.24811553955078, 108.6031494140625, 168.68446350097656, -53.93074417114258, 42.83146286010742, 44.211666107177734, 51.46147537231445, 29.23418426513672, 162.09178161621094, 27.78480339050293, 17.97092056274414], [408.0993347167969, -104.53022003173828, 1.2061688899993896, 81.18174743652344, -21.004981994628906, 5.751607418060303, -42.603981018066406, 15.31314468383789, -21.679336547851562, 7.8836894035339355, 27.78480339050293, 93.52307891845703, 30.915390014648438], [148.70330810546875, 154.64572143554688, 74.12764739990234, 42.55006408691406, 9.869292259216309, 10.687664985656738, 12.843011856079102, -11.16037654876709, 27.011789321899414, -8.206879615783691, 17.97092056274414, 30.915390014648438, 81.17207336425781]], "lowlevel.gfcc.icov": [[0.0002715174632612616, -6.671921437373385e-05, -9.707381104817614e-05, -0.0003797694807872176, 0.0006687117856927216, -6.18757912889123e-05, 0.0004210277693346143, -0.0006661367369815707, -8.578884444432333e-05, 0.0001282872399315238, -0.00010849812679225579, -0.0004461237695068121, -7.848254608688876e-05], [-6.671921437373385e-05, 0.0011215853737667203, -0.0007052256842143834, 0.0008529751212336123, -0.0008480531396344304, 0.0006093976553529501, -0.0007229842012748122, 0.0011645093327388167, -0.0018485457403585315, 0.0015590430703014135, -0.00017726238002069294, -0.000237612723140046, -0.0006177895702421665], [-9.707381104817614e-05, -0.0007052256842143834, 0.0017840280197560787, -0.0009091290994547307, 0.00029470250592567027, -0.0002810913429129869, 0.0003733577614184469, -0.00016041452181525528, 0.0008234162232838571, -0.000493203813675791, -9.043820318765938e-05, 0.0010818334994837642, -0.00042707103420980275], [-0.0003797694807872176, 0.0008529751212336123, -0.0009091290994547307, 0.0032322979532182217, -0.0017620014259591699, 0.0005767970578745008, -0.00019935163436457515, 0.00035841105272993445, -0.00013551194570027292, 0.000599447637796402, -0.0007855144795030355, -0.00021140879835002124, -0.0012142263585701585], [0.0006687117856927216, -0.0008480531396344304, 0.00029470250592567027, -0.0017620014259591699, 0.00456746993586421, 7.51744446461089e-05, 0.0006693876930512488, -0.0015278641367331147, 0.0007116183987818658, -0.00020661487360484898, -0.0025278415996581316, 1.774076372385025e-05, 0.0004591185424942523], [-6.18757912889123e-05, 0.0006093976553529501, -0.0002810913429129869, 0.0005767970578745008, 7.51744446461089e-05, 0.004561497829854488, -0.0004461604403331876, 0.00019928514666389674, -0.0003175301826559007, -0.0011534238001331687, 0.001008254592306912, 0.00032788701355457306, -0.0019641018006950617], [0.0004210277693346143, -0.0007229842012748122, 0.0003733577614184469, -0.00019935163436457515, 0.0006693876930512488, -0.0004461604403331876, 0.004968584515154362, -0.005140472203493118, 0.0008152982336468995, 0.001041028881445527, -0.00036317395279183984, 0.0016268888721242547, -0.0018511671805754304], [-0.0006661367369815707, 0.0011645093327388167, -0.00016041452181525528, 0.00035841105272993445, -0.0015278641367331147, 0.00019928514666389674, -0.005140472203493118, 0.012232745997607708, -0.0033667085226625204, 0.0012328079901635647, -0.001127003924921155, -0.0027207820676267147, 0.004145847167819738], [-8.578884444432333e-05, -0.0018485457403585315, 0.0008234162232838571, -0.00013551194570027292, 0.0007116183987818658, -0.0003175301826559007, 0.0008152982336468995, -0.0033667085226625204, 0.012700650840997696, -0.006268993951380253, -0.0016549628926441073, 0.004789385944604874, -0.00395653210580349], [0.0001282872399315238, 0.0015590430703014135, -0.000493203813675791, 0.000599447637796402, -0.00020661487360484898, -0.0011534238001331687, 0.001041028881445527, 0.0012328079901635647, -0.006268993951380253, 0.012711448594927788, -0.0029292821418493986, -0.0012163285864517093, 0.001595818204805255], [-0.00010849812679225579, -0.00017726238002069294, -9.043820318765938e-05, -0.0007855144795030355, -0.0025278415996581316, 0.001008254592306912, -0.00036317395279183984, -0.001127003924921155, -0.0016549628926441073, -0.0029292821418493986, 0.011882186867296696, -0.0033175863791257143, -4.5948954721097834e-06], [-0.0004461237695068121, -0.000237612723140046, 0.0010818334994837642, -0.00021140879835002124, 1.774076372385025e-05, 0.00032788701355457306, 0.0016268888721242547, -0.0027207820676267147, 0.004789385944604874, -0.0012163285864517093, -0.0033175863791257143, 0.018682770431041718, -0.008381801657378674], [-7.848254608688876e-05, -0.0006177895702421665, -0.00042707103420980275, -0.0012142263585701585, 0.0004591185424942523, -0.0019641018006950617, -0.0018511671805754304, 0.004145847167819738, -0.00395653210580349, 0.001595818204805255, -4.5948954721097834e-06, -0.008381801657378674, 0.02040375955402851]], "lowlevel.mfcc.cov": [[11387.2578125, -2710.224365234375, 1369.710693359375, 173.58999633789062, -43.72825241088867, -235.26014709472656, -530.2951049804688, -169.13902282714844, -37.35068130493164, -552.45654296875, 62.719276428222656, -19.22270393371582, -44.83848190307617], [-2710.224365234375, 3780.123046875, 161.96969604492188, 260.2466735839844, 85.96612548828125, -15.680095672607422, 137.29275512695312, 248.00311279296875, 175.02320861816406, 95.44979095458984, 12.542028427124023, 50.48313903808594, 130.31996154785156], [1369.710693359375, 161.96969604492188, 976.7673950195312, 108.8948974609375, 109.17658233642578, 68.25871276855469, -127.0323715209961, -68.68014526367188, 12.464349746704102, -85.66070556640625, -27.962478637695312, -23.462390899658203, -19.10048484802246], [173.58999633789062, 260.2466735839844, 108.8948974609375, 842.5903930664062, 266.87408447265625, -48.55250930786133, 138.0407257080078, 98.88870239257812, -69.46568298339844, 62.44865798950195, -27.530988693237305, 32.08565902709961, 112.50843048095703], [-43.72825241088867, 85.96612548828125, 109.17658233642578, 266.87408447265625, 454.3236999511719, 59.101341247558594, -36.484500885009766, -67.35093688964844, -89.69377899169922, 7.490845680236816, -14.233753204345703, 12.188915252685547, 30.48490333557129], [-235.26014709472656, -15.680095672607422, 68.25871276855469, -48.55250930786133, 59.101341247558594, 152.8944091796875, 12.825304985046387, -23.437219619750977, 24.72371482849121, -17.796892166137695, 3.119689464569092, -5.1614203453063965, -25.4605712890625], [-530.2951049804688, 137.29275512695312, -127.0323715209961, 138.0407257080078, -36.484500885009766, 12.825304985046387, 268.57757568359375, 153.0131072998047, 13.262118339538574, 95.92345428466797, -11.145892143249512, 21.063703536987305, 64.49486541748047], [-169.13902282714844, 248.00311279296875, -68.68014526367188, 98.88870239257812, -67.35093688964844, -23.437219619750977, 153.0131072998047, 212.4225311279297, 46.45436096191406, 62.61103820800781, -4.873902797698975, 6.4962158203125, 60.976783752441406], [-37.35068130493164, 175.02320861816406, 12.464349746704102, -69.46568298339844, -89.69377899169922, 24.72371482849121, 13.262118339538574, 46.45436096191406, 161.35427856445312, 11.395750999450684, 46.313499450683594, 8.616986274719238, -26.87407875061035], [-552.45654296875, 95.44979095458984, -85.66070556640625, 62.44865798950195, 7.490845680236816, -17.796892166137695, 95.92345428466797, 62.61103820800781, 11.395750999450684, 178.48275756835938, 36.98385238647461, 33.380584716796875, 49.67367935180664], [62.719276428222656, 12.542028427124023, -27.962478637695312, -27.530988693237305, -14.233753204345703, 3.119689464569092, -11.145892143249512, -4.873902797698975, 46.313499450683594, 36.98385238647461, 111.61653900146484, 34.12664794921875, -10.586629867553711], [-19.22270393371582, 50.48313903808594, -23.462390899658203, 32.08565902709961, 12.188915252685547, -5.1614203453063965, 21.063703536987305, 6.4962158203125, 8.616986274719238, 33.380584716796875, 34.12664794921875, 73.45528411865234, 34.46562957763672], [-44.83848190307617, 130.31996154785156, -19.10048484802246, 112.50843048095703, 30.48490333557129, -25.4605712890625, 64.49486541748047, 60.976783752441406, -26.87407875061035, 49.67367935180664, -10.586629867553711, 34.46562957763672, 113.78447723388672]], "lowlevel.mfcc.icov": [[0.0002250764227937907, 0.00019883971253875643, -0.00032894278410822153, -5.038389645051211e-05, -3.933770130970515e-05, 0.0005125401658006012, 0.00017759947513695806, -0.00031555877649225295, -0.0001578805095050484, 0.0007240884006023407, -0.00043099690810777247, -0.00010497050971025601, -0.00031247438164427876], [0.00019883971253875643, 0.0004932156298309565, -0.0003446441551204771, -5.0803355406969786e-05, -0.00019211585458833724, 0.0005434267804957926, 0.00020419846987351775, -0.0005648007499985397, -0.0005698951426893473, 0.0006232556770555675, -0.0002821226662490517, -0.00015455421817023307, -0.0005202766042202711], [-0.00032894278410822153, -0.0003446441551204771, 0.0017361720092594624, -0.00026534608332440257, 8.785539102973416e-05, -0.0014583183219656348, 0.0005331123247742653, 0.000517532171215862, -6.300352833932266e-05, -0.0008440057863481343, 0.0009390402701683342, 0.0003556955198291689, 0.0002227500663138926], [-5.038389645051211e-05, -5.0803355406969786e-05, -0.00026534608332440257, 0.00207744468934834, -0.0014023254625499249, 0.0011876642238348722, -0.0012147618690505624, -0.00038203384610824287, 0.00010894649312831461, 0.00013562444655690342, 2.4755845515755937e-05, -0.00011289709800621495, -0.0005225954810157418], [-3.933770130970515e-05, -0.00019211585458833724, 8.785539102973416e-05, -0.0014023254625499249, 0.004015953280031681, -0.002547105308622122, 0.0012442059814929962, 0.0009435566025786102, 0.001842869445681572, -0.0008943442953750491, 1.5094343325472437e-05, -0.0001645703596295789, -0.00037395121762529016], [0.0005125401658006012, 0.0005434267804957926, -0.0014583183219656348, 0.0011876642238348722, -0.002547105308622122, 0.010643931105732918, -0.0029510718304663897, 0.0008203930337913334, -0.0027029074262827635, 0.0029266932979226112, -0.00111770152579993, 2.4913564629969187e-05, 0.00043001555604860187], [0.00017759947513695806, 0.00020419846987351775, 0.0005331123247742653, -0.0012147618690505624, 0.0012442059814929962, -0.0029510718304663897, 0.009189106523990631, -0.005213863216340542, 0.0008911608601920307, -0.0022727034520357847, 0.001432817312888801, -0.0014856868656352162, -0.0004953993484377861], [-0.00031555877649225295, -0.0005648007499985397, 0.000517532171215862, -0.00038203384610824287, 0.0009435566025786102, 0.0008203930337913334, -0.005213863216340542, 0.011469046585261822, -0.002989900764077902, -0.00105675111990422, 0.0006602216162718832, 0.0031431594397872686, -0.003408474614843726], [-0.0001578805095050484, -0.0005698951426893473, -6.300352833932266e-05, 0.00010894649312831461, 0.001842869445681572, -0.0027029074262827635, 0.0008911608601920307, -0.002989900764077902, 0.010612709447741508, -0.0008044674759730697, -0.002972288755699992, -0.0013227129820734262, 0.0034526679664850235], [0.0007240884006023407, 0.0006232556770555675, -0.0008440057863481343, 0.00013562444655690342, -0.0008943442953750491, 0.0029266932979226112, -0.0022727034520357847, -0.00105675111990422, -0.0008044674759730697, 0.010974899865686893, -0.004466210026293993, -0.0008319572662003338, -0.0031000038143247366], [-0.00043099690810777247, -0.0002821226662490517, 0.0009390402701683342, 2.4755845515755937e-05, 1.5094343325472437e-05, -0.00111770152579993, 0.001432817312888801, 0.0006602216162718832, -0.002972288755699992, -0.004466210026293993, 0.01458657905459404, -0.006141794845461845, 0.0033316139597445726], [-0.00010497050971025601, -0.00015455421817023307, 0.0003556955198291689, -0.00011289709800621495, -0.0001645703596295789, 2.4913564629969187e-05, -0.0014856868656352162, 0.0031431594397872686, -0.0013227129820734262, -0.0008319572662003338, -0.006141794845461845, 0.020855369046330452, -0.00732343690469861], [-0.00031247438164427876, -0.0005202766042202711, 0.0002227500663138926, -0.0005225954810157418, -0.00037395121762529016, 0.00043001555604860187, -0.0004953993484377861, -0.003408474614843726, 0.0034526679664850235, -0.0031000038143247366, 0.0033316139597445726, -0.00732343690469861, 0.016816290095448494]], "metadata.audio_properties.analysis.downmix": "mix", "metadata.audio_properties.codec": "mp3", "metadata.audio_properties.md5_encoded": "fe21deda158395b6e8fb9a0511ec1060", "metadata.tags.file_name": "1182267464164311060.mp3", "metadata.version.essentia": "2.1-beta6-dev", "metadata.version.essen