{"song_id": "1182285957051973632", "download": "https://cdn.discordapp.com/attachments/1135911532732108921/1182285957051973632/chirp.mp4?ex=65842499&amp", "lyrics": "FATTO E DIRETTO DA ZAC\nFATTO E DIRETTO DA ZAC\nFATTO E DIRETTO DA ZAC", "style": ["melodic piano"], "essentia_features": {"lowlevel.average_loudness": 0.9775772094726562, "lowlevel.barkbands_crest.mean": 9.926885604858398, "lowlevel.barkbands_crest.stdev": 4.456226348876953, "lowlevel.barkbands_flatness_db.mean": 0.10942253470420837, "lowlevel.barkbands_flatness_db.stdev": 0.0320507287979126, "lowlevel.barkbands_kurtosis.mean": 1.5861141681671143, "lowlevel.barkbands_kurtosis.stdev": 4.694680213928223, "lowlevel.barkbands_skewness.mean": 1.207572340965271, "lowlevel.barkbands_skewness.stdev": 1.1894830465316772, "lowlevel.barkbands_spread.mean": 38.7071533203125, "lowlevel.barkbands_spread.stdev": 14.592225074768066, "lowlevel.dissonance.mean": 0.4885348975658417, "lowlevel.dissonance.stdev": 0.015819434076547623, "lowlevel.dynamic_complexity": 1.5104981660842896, "lowlevel.erbbands_crest.mean": 8.667092323303223, "lowlevel.erbbands_crest.stdev": 4.639984130859375, "lowlevel.erbbands_flatness_db.mean": 0.13468550145626068, "lowlevel.erbbands_flatness_db.stdev": 0.04111091420054436, "lowlevel.erbbands_kurtosis.mean": 2.3187062740325928, "lowlevel.erbbands_kurtosis.stdev": 3.8975939750671387, "lowlevel.erbbands_skewness.mean": -0.9225268959999084, "lowlevel.erbbands_skewness.stdev": 0.7333892583847046, "lowlevel.erbbands_spread.mean": 38.89799880981445, "lowlevel.erbbands_spread.stdev": 22.118005752563477, "lowlevel.hfc.mean": 34.099422454833984, "lowlevel.hfc.stdev": 15.348359107971191, "lowlevel.loudness_ebu128.integrated": -9.967474937438965, "lowlevel.loudness_ebu128.loudness_range": 2.190190315246582, "lowlevel.loudness_ebu128.momentary.mean": -10.097491264343262, "lowlevel.loudness_ebu128.momentary.stdev": 1.067239761352539, "lowlevel.loudness_ebu128.short_term.mean": -10.045947074890137, "lowlevel.loudness_ebu128.short_term.stdev": 0.83608078956604, "lowlevel.melbands_crest.mean": 15.985915184020996, "lowlevel.melbands_crest.stdev": 5.629383563995361, "lowlevel.melbands_flatness_db.mean": 0.17550086975097656, "lowlevel.melbands_flatness_db.stdev": 0.04288048669695854, "lowlevel.melbands_kurtosis.mean": 15.71082878112793, "lowlevel.melbands_kurtosis.stdev": 23.406890869140625, "lowlevel.melbands_skewness.mean": 3.152134418487549, "lowlevel.melbands_skewness.stdev": 2.2039361000061035, "lowlevel.melbands_spread.mean": 36.49678421020508, "lowlevel.melbands_spread.stdev": 21.314966201782227, "lowlevel.pitch_salience.mean": 0.5480550527572632, "lowlevel.pitch_salience.stdev": 0.11441939324140549, "lowlevel.silence_rate_20dB.mean": 1.0, "lowlevel.silence_rate_20dB.stdev": 0.0, "lowlevel.silence_rate_30dB.mean": 1.0, "lowlevel.silence_rate_30dB.stdev": 0.0, "lowlevel.silence_rate_60dB.mean": 0.0012019231216982007, "lowlevel.silence_rate_60dB.stdev": 0.03464771807193756, "lowlevel.spectral_centroid.mean": 2062.687744140625, "lowlevel.spectral_centroid.stdev": 391.268798828125, "lowlevel.spectral_complexity.mean": 28.54387092590332, "lowlevel.spectral_complexity.stdev": 7.5858306884765625, "lowlevel.spectral_decrease.mean": -9.299725434175343e-09, "lowlevel.spectral_decrease.stdev": 4.7720565277131755e-09, "lowlevel.spectral_energy.mean": 0.03819219768047333, "lowlevel.spectral_energy.stdev": 0.01827513612806797, "lowlevel.spectral_energyband_high.mean": 0.0013888616813346744, "lowlevel.spectral_energyband_high.stdev": 0.0011283564381301403, "lowlevel.spectral_energyband_low.mean": 0.02113965153694153, "lowlevel.spectral_energyband_low.stdev": 0.01876579038798809, "lowlevel.spectral_energyband_middle_high.mean": 0.009605173021554947, "lowlevel.spectral_energyband_middle_high.stdev": 0.007243667263537645, "lowlevel.spectral_energyband_middle_low.mean": 0.006876968313008547, "lowlevel.spectral_energyband_middle_low.stdev": 0.005993747152388096, "lowlevel.spectral_entropy.mean": 7.941566467285156, "lowlevel.spectral_entropy.stdev": 0.257992684841156, "lowlevel.spectral_flux.mean": 0.11930759996175766, "lowlevel.spectral_flux.stdev": 0.046096060425043106, "lowlevel.spectral_kurtosis.mean": 3.8935723304748535, "lowlevel.spectral_kurtosis.stdev": 2.0197691917419434, "lowlevel.spectral_rms.mean": 0.0059471651911735535, "lowlevel.spectral_rms.stdev": 0.0013755012769252062, "lowlevel.spectral_rolloff.mean": 2016.4246826171875, "lowlevel.spectral_rolloff.stdev": 1542.881103515625, "lowlevel.spectral_skewness.mean": 1.409799337387085, "lowlevel.spectral_skewness.stdev": 0.3268378674983978, "lowlevel.spectral_spread.mean": 4773410.0, "lowlevel.spectral_spread.stdev": 1541365.625, "lowlevel.spectral_strongpeak.mean": 0.7867062091827393, "lowlevel.spectral_strongpeak.stdev": 1.4081681966781616, "lowlevel.zerocrossingrate.mean": 0.07765168696641922, "lowlevel.zerocrossingrate.stdev": 0.028306100517511368, "metadata.audio_properties.analysis.equal_loudness": 0.0, "metadata.audio_properties.analysis.length": 38.59199523925781, "metadata.audio_properties.analysis.sample_rate": 44100.0, "metadata.audio_properties.analysis.start_time": 0.0, "metadata.audio_properties.bit_rate": 119378.0, "metadata.audio_properties.length": 38.59199905395508, "metadata.audio_properties.lossless": 0.0, "metadata.audio_properties.number_channels": 1.0, "metadata.audio_properties.replay_gain": -15.78634262084961, "metadata.audio_properties.sample_rate": 48000.0, "rhythm.beats_count": 86.0, "rhythm.beats_loudness.mean": 0.04193533584475517, "rhythm.beats_loudness.stdev": 0.011600486002862453, "rhythm.bpm": 135.1089324951172, "rhythm.bpm_histogram_first_peak_bpm": 136.0, "rhythm.bpm_histogram_first_peak_weight": 0.31081080436706543, "rhythm.bpm_histogram_second_peak_bpm": 129.0, "rhythm.bpm_histogram_second_peak_spread": 0.1428571343421936, "rhythm.bpm_histogram_second_peak_weight": 0.07058823853731155, "rhythm.danceability": 1.3827284574508667, "rhythm.onset_rate": 2.8486499786376953, "tonal.chords_changes_rate": 0.09963985532522202, "tonal.chords_number_rate": 0.009603841230273247, "tonal.chords_strength.mean": 0.5434776544570923, "tonal.chords_strength.stdev": 0.09424135833978653, "tonal.hpcp_crest.mean": 10.638262748718262, "tonal.hpcp_crest.stdev": 5.491456508636475, "tonal.hpcp_entropy.mean": 2.62956166267395, "tonal.hpcp_entropy.stdev": 0.82640540599823, "tonal.key_edma.strength": 0.7870855331420898, "tonal.key_krumhansl.strength": 0.7863459587097168, "tonal.key_temperley.strength": 0.790549099445343, "tonal.tuning_diatonic_strength": 0.6983115673065186, "tonal.tuning_equal_tempered_deviation": 0.31319090723991394, "tonal.tuning_frequency": 434.193115234375, "tonal.tuning_nontempered_energy_ratio": 0.9329770803451538, "lowlevel.barkbands.mean": [0.002105096587911248, 0.013034328818321228, 0.005235053598880768, 0.0023783014621585608, 0.001764552784152329, 0.0008083708235062659, 0.000689827895257622, 0.0007260107668116689, 0.00042858580127358437, 0.0004781740717589855, 0.00037415261613205075, 0.0009237511549144983, 0.00040946819353848696, 0.0005385380936786532, 0.0009439221466891468, 0.0021400563418865204, 0.0020394488237798214, 0.001107392250560224, 0.0004739072755910456, 0.0003790195332840085, 0.00023834103194531053, 0.00020051616593264043, 0.00022975020692683756, 0.00027090380899608135, 0.0001606730802450329, 0.00011074428039137274, 3.3664657621557126e-06], "lowlevel.barkbands.stdev": [0.0017551148775964975, 0.016034672036767006, 0.004736935719847679, 0.0021983094047755003, 0.0032874392345547676, 0.0018366354051977396, 0.0024672721046954393, 0.0020020175725221634, 0.0011033532209694386, 0.001512653660029173, 0.0007693013758398592, 0.003575861919671297, 0.000737047172151506, 0.0009379406692460179, 0.0013023989740759134, 0.002876115730032325, 0.00242023216560483, 0.0011902803089469671, 0.00037947893724776804, 0.0002473478962201625, 0.00018263625679537654, 0.00017357018077746034, 0.00020031128951814026, 0.0003107432567048818, 0.00027035322273150086, 0.00023748188687022775, 1.1625790648395196e-05], "lowlevel.erbbands.mean": [0.3982684910297394, 2.793567657470703, 5.821356773376465, 8.819929122924805, 6.280333518981934, 4.477697372436523, 5.212214946746826, 8.069958686828613, 8.062567710876465, 15.673287391662598, 13.886069297790527, 10.091140747070312, 12.528642654418945, 15.999917984008789, 20.846223831176758, 37.896949768066406, 20.716745376586914, 22.302858352661133, 41.68217086791992, 61.604957580566406, 137.61642456054688, 122.12760162353516, 67.2252426147461, 34.8387451171875, 20.934803009033203, 17.7702693939209, 12.190556526184082, 7.930623531341553, 7.283132076263428, 6.88114595413208, 6.424453258514404, 5.8060197830200195, 4.277560234069824, 2.0724117755889893, 1.0170238018035889, 0.5454031229019165, 0.18866445124149323, 0.02569003961980343, 0.0005823139799758792, 6.715418567182496e-05], "lowlevel.erbbands.stdev": [0.5508150458335876, 3.4921867847442627, 5.64246940612793, 8.13150691986084, 10.818997383117676, 9.62276840209961, 8.715806007385254, 20.728130340576172, 22.125591278076172, 60.9798698425293, 38.749412536621094, 28.587139129638672, 29.416980743408203, 41.241905212402344, 38.97359848022461, 167.3188934326172, 36.81735610961914, 34.474666595458984, 53.922611236572266, 84.20943450927734, 181.2763214111328, 142.19381713867188, 70.88809204101562, 28.08173179626465, 16.062870025634766, 11.365968704223633, 8.315139770507812, 6.672514915466309, 6.26693868637085, 6.1020073890686035, 5.731493949890137, 5.9772515296936035, 5.484210968017578, 3.294222116470337, 1.8740123510360718, 1.1594562530517578, 0.40695998072624207, 0.06590882688760757, 0.0015050050569698215, 4.774421176989563e-05], "lowlevel.gfcc.mean": [47.42802047729492, 54.50592803955078, -112.3428955078125, 59.16958236694336, -31.80522346496582, 30.06424903869629, -41.66787338256836, 21.848350524902344, -22.13425064086914, 1.6473623514175415, -19.904619216918945, 4.7797017097473145, -14.75325870513916], "lowlevel.melbands.mean": [0.003659253241494298, 0.0033170904498547316, 0.001379576395265758, 0.00037882683682255447, 0.00018440296116750687, 0.00016896123997867107, 0.00013160383969079703, 0.0001772609684849158, 9.918535215547308e-05, 6.23175801592879e-05, 6.412152288248762e-05, 6.667498382739723e-05, 5.7800341892289e-05, 0.00010863932402571663, 6.311220931820571e-05, 4.121335587115027e-05, 4.110763984499499e-05, 6.466972990892828e-05, 7.175723294494674e-05, 0.00010021671914728358, 0.00017110251064877957, 0.00013170843885745853, 8.575971878599375e-05, 4.327574060880579e-05, 2.680056968529243e-05, 1.5240590983012225e-05, 1.4547456885338761e-05, 1.0982244020851795e-05, 8.28560678201029e-06, 5.6262770158355124e-06, 4.165202426520409e-06, 4.166417511441978e-06, 3.749667030206183e-06, 3.90336253985879e-06, 3.7088457247591577e-06, 3.483608224996715e-06, 3.6723433822771767e-06, 3.282814304839121e-06, 2.183056267313077e-06, 1.5865554132687976e-06], "lowlevel.melbands.stdev": [0.00459333648905158, 0.0032305156346410513, 0.0011388359125703573, 0.0007873475551605225, 0.00031139174825511873, 0.00042099965503439307, 0.00036855318467132747, 0.0006039121653884649, 0.0002727051905822009, 0.00017787593242246658, 0.00016433106793556362, 0.0001871918939286843, 0.00010658593237167224, 0.00040477782022207975, 0.0002160911972168833, 7.242001447593793e-05, 7.06693172105588e-05, 9.337146184407175e-05, 0.00010195975482929498, 0.00013760557339992374, 0.0002300051273778081, 0.00016952762962318957, 0.00010197548544965684, 4.2631920223357156e-05, 2.3608614355907775e-05, 1.1990555321972352e-05, 1.2535244422906544e-05, 7.168095635279315e-06, 6.026090431987541e-06, 4.525913482211763e-06, 3.73407056031283e-06, 3.6307480968389427e-06, 3.5409373140282696e-06, 3.6085987176193157e-06, 3.4158167636633152e-06, 3.3388694191671675e-06, 4.074554453836754e-06, 4.3097647903778125e-06, 3.11591998070071e-06, 2.7342634894012008e-06], "lowlevel.melbands128.mean": [0.001042775111272931, 0.0031291688792407513, 0.004819354973733425, 0.004601369146257639, 0.0031278771348297596, 0.0026259170845150948, 0.0020409056451171637, 0.0008201372693292797, 0.0006454004324041307, 0.000395068374928087, 0.00018108014774043113, 0.0002383813844062388, 0.00019389008230064064, 9.60466277319938e-05, 0.0001831550762290135, 0.00022850712412036955, 0.00010664673027349636, 0.00011737492604879662, 0.00013590531307272613, 0.0002081544225802645, 0.0001718378480290994, 0.00017441959062125534, 6.963439955143258e-05, 5.469171082950197e-05, 6.771688640583307e-05, 6.244245741982013e-05, 5.836295531480573e-05, 4.9124420911539346e-05, 9.089891682378948e-05, 7.301469304366037e-05, 5.75652411498595e-05, 5.3505627874983475e-05, 5.12947044626344e-05, 5.890321699553169e-05, 0.00010081977234221995, 0.00013133428001310676, 0.0001173657801700756, 4.773775799549185e-05, 4.123843609704636e-05, 4.616955266101286e-05, 3.8540412788279355e-05, 3.9327442209469154e-05, 3.207510962965898e-05, 4.276214531273581e-05, 6.9655136030633e-05, 6.0555066738743335e-05, 7.393404666800052e-05, 6.282573303906247e-05, 7.826379442121834e-05, 8.159669960150495e-05, 7.758003630442545e-05, 0.00013528313138522208, 0.00022644634009338915, 0.00015625506057403982, 0.00011977557005593553, 0.00015659924247302115, 0.00011313881987007335, 9.185785165755078e-05, 8.704928768565878e-05, 4.9156355089508e-05, 4.014023215859197e-05, 3.8747348298784345e-05, 3.214569005649537e-05, 2.3603150111739524e-05, 1.7043052139342763e-05, 1.458932183595607e-05, 1.423114190401975e-05, 1.4498475138680078e-05, 1.499192148912698e-05, 1.4640142580901738e-05, 1.0484824088052846e-05, 9.347023478767369e-06, 9.730036254040897e-06, 8.271664228232112e-06, 6.340160325635225e-06, 6.167376341181807e-06, 4.9267518988926895e-06, 4.722470748674823e-06, 3.717310619322234e-06, 4.04153115596273e-06, 4.337510290497448e-06, 4.17952560383128e-06, 3.972791091655381e-06, 3.701552714119316e-06, 3.4310880892007845e-06, 4.004651145805838e-06, 3.969885710830567e-06, 3.970801117247902e-06, 3.6526373605738627e-06, 3.5055397802352672e-06, 3.756125579457148e-06, 3.396721012904891e-06, 3.2291952720697736e-06, 3.6787216686207103e-06, 4.004351467301603e-06, 3.6149863262835424e-06, 3.184622755725286e-06, 2.7143146326125134e-06, 2.1846599338459782e-06, 1.9241981590312207e-06, 1.8124184180123848e-06, 1.5204597048068536e-06, 1.3480907909979578e-06, 1.234227852364711e-06, 1.0650949207047233e-06, 1.0150158686883515e-06, 1.1216549182790914e-06, 1.06763638996199e-06, 9.360858257423388e-07, 8.426943622907856e-07, 8.601172680755553e-07, 6.826492153777508e-07, 5.842031782776758e-07, 4.976624268238083e-07, 3.59592689846977e-07, 3.1297139457819867e-07, 1.2420021278103377e-07, 2.6793266272306937e-08, 1.1063924221232924e-09, 2.135881228826353e-11, 1.4616138160894465e-11, 1.30695810077186e-11, 1.1315411281576093e-11, 1.538054579530712e-11, 8.381234942178573e-12, 6.042861089988749e-12, 4.999859901100301e-12, 4.755037509573956e-12], "lowlevel.melbands128.stdev": [0.0013462458737194538, 0.00474592624232173, 0.006698742508888245, 0.005824188701808453, 0.0037041641771793365, 0.0023949160240590572, 0.002109251916408539, 0.0007992134196683764, 0.0013546185800805688, 0.0010440284386277199, 0.0004997171927243471, 0.0004688760673161596, 0.00037723418790847063, 0.00020107555610593408, 0.00048394122859463096, 0.0007494093151763082, 0.0002512149512767792, 0.0005713919526897371, 0.000557152321562171, 0.0011420485097914934, 0.0005091358325444162, 0.000617159646935761, 0.0002927262394223362, 0.000203224117285572, 0.00027981650782749057, 0.00022226793225854635, 0.00014678160368930548, 0.00012841729039791971, 0.0004023113870061934, 0.0002740061026997864, 0.00019050018454436213, 0.00015646533574908972, 0.00011762687063310295, 0.00012980571773368865, 0.00036519920104183257, 0.0006427383050322533, 0.0007767875213176012, 0.00013507221592590213, 0.00010405154171166942, 0.00012435283861123025, 7.46985970181413e-05, 9.363161370856687e-05, 6.168404797790572e-05, 0.00010956408368656412, 0.0001595320791238919, 0.00010030558769358322, 0.00012502196477726102, 0.00011819982319138944, 0.00017587811453267932, 0.00015624234220013022, 0.00014388766430784017, 0.00025511207059025764, 0.00039702386129647493, 0.0002402209647698328, 0.00019068861729465425, 0.0002715075679589063, 0.00015175758744589984, 0.00013084086822345853, 0.0001421198103344068, 6.537201988976449e-05, 5.367228732211515e-05, 4.213601641822606e-05, 3.4867491194745526e-05, 2.6103634809260257e-05, 1.65722485689912e-05, 1.369199435430346e-05, 1.3792707250104286e-05, 1.6355093976017088e-05, 1.5777246517245658e-05, 1.3118253264110535e-05, 9.033584319695365e-06, 7.984185685927514e-06, 8.45583690534113e-06, 7.722128430032171e-06, 5.4290467232931405e-06, 5.435601451608818e-06, 5.172781584406039e-06, 5.635711204377003e-06, 3.5970795124740107e-06, 4.063229880557628e-06, 4.140986675338354e-06, 4.304264621168841e-06, 4.165807695244439e-06, 4.08931646234123e-06, 3.62939499609638e-06, 4.192841970507288e-06, 4.134476967010414e-06, 4.090346010343637e-06, 4.0103350329445675e-06, 3.4638665056263562e-06, 4.183954843028914e-06, 3.5427613056526752e-06, 3.6529322642309126e-06, 4.478836217458593e-06, 4.893749974144157e-06, 5.2976761253376026e-06, 4.477134552871576e-06, 4.179913503321586e-06, 3.3200087727891514e-06, 3.0562575830117567e-06, 3.244919071221375e-06, 3.0059143227845198e-06, 2.449618250466301e-06, 2.5741016997926636e-06, 2.1591768017970026e-06, 2.0881559521512827e-06, 2.439372337903478e-06, 2.382492311880924e-06, 2.4446692350466037e-06, 1.8584524923426216e-06, 2.1335652036214015e-06, 1.588087911841285e-06, 1.2972142258149688e-06, 1.2003793017356656e-06, 9.660185469329008e-07, 8.954816621553618e-07, 3.8965043813732336e-07, 1.7187602452395367e-07, 2.0483987839270412e-08, 4.835155054117024e-10, 2.205581689507241e-10, 1.8379577026994554e-10, 1.6113671508222183e-10, 3.3919292374839927e-10, 8.6779236574408e-11, 2.890391571919171e-11, 8.590335907887603e-12, 6.451724571254758e-12], "lowlevel.mfcc.mean": [-594.3572998046875, 80.17503356933594, -5.471104621887207, 34.91082000732422, 33.057106018066406, 13.65340518951416, 6.67582893371582, 16.586048126220703, 6.739985942840576, 4.343267440795898, -2.772409677505493, 6.602234363555908, 2.607008218765259], "lowlevel.spectral_contrast_coeffs.mean": [-0.7197601795196533, -0.7824517488479614, -0.809444010257721, -0.7755609750747681, -0.7761684656143188, -0.7692626118659973], "lowlevel.spectral_contrast_coeffs.stdev": [0.05396337807178497, 0.08497120440006256, 0.057038694620132446, 0.06053365021944046, 0.04520402476191521, 0.02792399376630783], "lowlevel.spectral_contrast_valleys.mean": [-6.3912882804870605, -7.046432018280029, -7.131943225860596, -6.880047798156738, -6.670576095581055, -9.340911865234375], "lowlevel.spectral_contrast_valleys.stdev": [0.4970952272415161, 0.5222072601318359, 0.4977705478668213, 0.4464256465435028, 0.355074018239975, 0.4858018159866333], "rhythm.beats_loudness_band_ratio.mean": [0.651327908039093, 0.05124242231249809, 0.050142813473939896, 0.05046463385224342, 0.17375148832798004, 0.0412026047706604], "rhythm.beats_loudness_band_ratio.stdev": [0.18489786982536316, 0.0624687485396862, 0.08163879066705704, 0.061940114945173264, 0.14620806276798248, 0.027771921828389168], "tonal.hpcp.mean": [0.08834405988454819, 0.07399047911167145, 0.058839209377765656, 0.054370563477277756, 0.04843732342123985, 0.05285312980413437, 0.07648832350969315, 0.09239473193883896, 0.09604983776807785, 0.1140860840678215, 0.13044291734695435, 0.18072594702243805, 0.3590281307697296, 0.44563108682632446, 0.27485427260398865, 0.1269529014825821, 0.09377378225326538, 0.07714908570051193, 0.07911582291126251, 0.07934851199388504, 0.0740477591753006, 0.08114147186279297, 0.08807332813739777, 0.10150182247161865, 0.12249131500720978, 0.11544258147478104, 0.11491754651069641, 0.19336865842342377, 0.25411081314086914, 0.19446466863155365, 0.11126784235239029, 0.07739260792732239, 0.07312635332345963, 0.0905521810054779, 0.11176784336566925, 0.10380975157022476], "tonal.hpcp.stdev": [0.1972551792860031, 0.18245099484920502, 0.1515951305627823, 0.15082283318042755, 0.12898869812488556, 0.1321086436510086, 0.1676662564277649, 0.205168679356575, 0.2106408029794693, 0.21904943883419037, 0.22840307652950287, 0.2572668790817261, 0.3434058427810669, 0.3810288906097412, 0.2910495102405548, 0.20280008018016815, 0.18357329070568085, 0.14301107823848724, 0.14282473921775818, 0.14136680960655212, 0.1303815394639969, 0.1619609296321869, 0.16763098537921906, 0.19209569692611694, 0.22251403331756592, 0.22605368494987488, 0.2129793018102646, 0.28726425766944885, 0.35569536685943604, 0.28842830657958984, 0.20425862073898315, 0.16618476808071136, 0.1666775941848755, 0.16828888654708862, 0.19503816962242126, 0.2017219215631485], "rhythm.beats_position": [0.4527890980243683, 0.9171881675720215, 1.404807209968567, 1.8924262523651123, 2.3684353828430176, 2.832834482192993, 3.2740135192871094, 3.7151927947998047, 4.1679816246032715, 4.6207709312438965, 5.061950206756592, 5.514739036560059, 5.955918312072754, 6.408707141876221, 6.861496448516846, 7.302675724029541, 7.755464553833008, 8.196643829345703, 8.649433135986328, 9.102222442626953, 9.543400764465332, 9.984580039978027, 10.437369346618652, 10.890158653259277, 11.331337928771973, 11.772517204284668, 12.236915588378906, 12.678094863891602, 13.130884170532227, 13.583673477172852, 14.024852752685547, 14.466031074523926, 14.907210350036621, 15.348389625549316, 15.801178932189941, 16.25396728515625, 16.706756591796875, 17.1595458984375, 17.612335205078125, 18.06512451171875, 18.529523849487305, 18.99392318725586, 19.435102462768555, 19.87628173828125, 20.317459106445312, 20.758638381958008, 21.199817657470703, 21.6409969329834, 22.058956146240234, 22.50013542175293, 22.941314697265625, 23.38249397277832, 23.823673248291016, 24.26485252380371, 24.717641830444336, 25.15882110595703, 25.600000381469727, 26.05278778076172, 26.517187118530273, 26.95836639404297, 27.399545669555664, 27.84072494506836, 28.281904220581055, 28.72308349609375, 29.164262771606445, 29.59383201599121, 30.023401260375977, 30.464580535888672, 30.905759811401367, 31.346939086914062, 31.788116455078125, 32.22929763793945, 32.670475006103516, 33.111656188964844, 33.52961349487305, 33.970794677734375, 34.41197204589844, 34.8531494140625, 35.29433059692383, 35.73550796508789, 36.17668914794922, 36.61786651611328, 37.05904769897461, 37.50022506713867, 37.94140625, 38.394195556640625], "rhythm.bpm_histogram": [0.0, 0.0, 0.0, 0.0, 0.0, 0.0, 0.0, 0.0, 0.0, 0.0, 0.0, 0.0, 0.0, 0.0, 0.0, 0.0, 0.0, 0.0, 0.0, 0.0, 0.0, 0.0, 0.0, 0.0, 0.0, 0.0, 0.0, 0.0, 0.0, 0.0, 0.0, 0.0, 0.0, 0.0, 0.0, 0.0, 0.0, 0.0, 0.0, 0.0, 0.0, 0.0, 0.0, 0.0, 0.0, 0.0, 0.0, 0.0, 0.0, 0.0, 0.0, 0.0, 0.0, 0.0, 0.0, 0.0, 0.0, 0.0, 0.0, 0.0, 0.0, 0.0, 0.0, 0.0, 0.0, 0.0, 0.0, 0.0, 0.0, 0.0, 0.0, 0.0, 0.0, 0.0, 0.0, 0.0, 0.0, 0.0, 0.0, 0.0, 0.0, 0.0, 0.0, 0.0, 0.0, 0.0, 0.0, 0.0, 0.0, 0.0, 0.0, 0.0, 0.0, 0.0, 0.0, 0.0, 0.0, 0.0, 0.0, 0.0, 0.0, 0.0, 0.0, 0.0, 0.0, 0.0, 0.0, 0.0, 0.0, 0.0, 0.0, 0.0, 0.0, 0.0, 0.0, 0.0, 0.0, 0.0, 0.0, 0.0, 0.0, 0.0, 0.0, 0.0235294122248888, 0.0, 0.0, 0.0117647061124444, 0.0, 0.0, 0.07058823853731155, 0.0, 0.0, 0.0, 0.24705882370471954, 0.0, 0.0, 0.6000000238418579, 0.0, 0.0, 0.0, 0.0235294122248888, 0.0, 0.0, 0.0, 0.0235294122248888, 0.0, 0.0, 0.0, 0.0, 0.0, 0.0, 0.0, 0.0, 0.0, 0.0, 0.0, 0.0, 0.0, 0.0, 0.0, 0.0, 0.0, 0.0, 0.0, 0.0, 0.0, 0.0, 0.0, 0.0, 0.0, 0.0, 0.0, 0.0, 0.0, 0.0, 0.0, 0.0, 0.0, 0.0, 0.0, 0.0, 0.0, 0.0, 0.0, 0.0, 0.0, 0.0, 0.0, 0.0, 0.0, 0.0, 0.0, 0.0, 0.0, 0.0, 0.0, 0.0, 0.0, 0.0, 0.0, 0.0, 0.0, 0.0, 0.0, 0.0, 0.0, 0.0, 0.0, 0.0, 0.0, 0.0, 0.0, 0.0, 0.0, 0.0, 0.0, 0.0, 0.0, 0.0, 0.0, 0.0, 0.0, 0.0, 0.0, 0.0, 0.0, 0.0, 0.0, 0.0, 0.0, 0.0, 0.0, 0.0, 0.0, 0.0, 0.0, 0.0, 0.0, 0.0, 0.0, 0.0, 0.0, 0.0, 0.0, 0.0, 0.0, 0.0, 0.0, 0.0, 0.0], "tonal.chords_histogram": [40.33613586425781, 5.162065029144287, 9.123649597167969, 0.0, 0.0, 0.3601440489292145, 0.0, 6.722689151763916, 0.12004801630973816, 29.41176414489746, 0.6002401113510132, 1.9207682609558105, 3.4813926219940186, 0.0, 0.0, 0.0, 0.0, 0.0, 0.0, 0.0, 0.0, 0.0, 2.7611043453216553, 0.0], "tonal.thpcp": [1.0, 0.6167753338813782, 0.28488340973854065, 0.21042917668819427, 0.17312321066856384, 0.17753659188747406, 0.17805874347686768, 0.16616381704807281, 0.1820821613073349, 0.19763730466365814, 0.22777096927165985, 0.2748715579509735, 0.25905415415763855, 0.2578759789466858, 0.4339209496974945, 0.5702268481254578, 0.43638038635253906, 0.24968600273132324, 0.17366968095302582, 0.1640961617231369, 0.20319987833499908, 0.2508080005645752, 0.23294997215270996, 0.1982448250055313, 0.16603527963161469, 0.13203568756580353, 0.12200801074504852, 0.10869377106428146, 0.11860287934541702, 0.17164045572280884, 0.20733457803726196, 0.2155366688966751, 0.25601014494895935, 0.29271504282951355, 0.4055505692958832, 0.805662214756012], "lowlevel.gfcc.cov": [[1371.545654296875, 76.791015625, -63.39967346191406, -68.0394287109375, -23.684995651245117, -42.119842529296875, -65.29464721679688, -12.400476455688477, 23.694931030273438, 19.76546287536621, -12.978899955749512, 11.943249702453613, -26.336872100830078], [76.791015625, 451.9615783691406, -278.5124816894531, -72.67143249511719, -59.58307647705078, -109.61579132080078, 22.171113967895508, 12.082029342651367, 58.85648727416992, -34.54335021972656, 37.59312057495117, -19.646282196044922, 14.643393516540527], [-63.39967346191406, -278.5124816894531, 439.67724609375, 142.00743103027344, 15.369194984436035, 106.62411499023438, 43.564205169677734, -53.638465881347656, -94.77413177490234, 41.13449478149414, -9.32792854309082, 17.216514587402344, -5.6200385093688965], [-68.0394287109375, -72.67143249511719, 142.00743103027344, 223.70321655273438, 56.03491973876953, 43.618873596191406, 2.828896999359131, -24.344083786010742, 0.8153919577598572, -1.6879534721374512, 5.189040660858154, 11.5589599609375, 32.47136306762695], [-23.684995651245117, -59.58307647705078, 15.369194984436035, 56.03491973876953, 144.09088134765625, 30.956533432006836, -25.791662216186523, 22.587732315063477, 37.928932189941406, 3.6951539516448975, -12.190581321716309, 16.874404907226562, 19.002222061157227], [-42.119842529296875, -109.61579132080078, 106.62411499023438, 43.618873596191406, 30.956533432006836, 193.1724853515625, 138.32107543945312, 13.446817398071289, -60.419071197509766, -3.9616739749908447, 0.2560623288154602, -20.475404739379883, -15.362226486206055], [-65.29464721679688, 22.171113967895508, 43.564205169677734, 2.828896999359131, -25.791662216186523, 138.32107543945312, 236.0985565185547, 51.15188980102539, -51.555694580078125, -11.532907485961914, 21.4813289642334, -26.48377799987793, -29.323646545410156], [-12.400476455688477, 12.082029342651367, -53.638465881347656, -24.344083786010742, 22.587732315063477, 13.446817398071289, 51.15188980102539, 107.39542388916016, 57.10625457763672, 1.1188830137252808, 3.47971510887146, -9.571845054626465, -10.489482879638672], [23.694931030273438, 58.85648727416992, -94.77413177490234, 0.8153919577598572, 37.928932189941406, -60.419071197509766, -51.555694580078125, 57.10625457763672, 148.02235412597656, 39.192073822021484, 2.317201852798462, 3.320296049118042, 17.111724853515625], [19.76546287536621, -34.54335021972656, 41.13449478149414, -1.6879534721374512, 3.6951539516448975, -3.9616739749908447, -11.532907485961914, 1.1188830137252808, 39.192073822021484, 70.27372741699219, 21.880151748657227, 9.233881950378418, -0.971656858921051], [-12.978899955749512, 37.59312057495117, -9.32792854309082, 5.189040660858154, -12.190581321716309, 0.2560623288154602, 21.4813289642334, 3.47971510887146, 2.317201852798462, 21.880151748657227, 67.40956115722656, 29.81552505493164, 6.7521514892578125], [11.943249702453613, -19.646282196044922, 17.216514587402344, 11.5589599609375, 16.874404907226562, -20.475404739379883, -26.48377799987793, -9.571845054626465, 3.320296049118042, 9.233881950378418, 29.81552505493164, 66.72196197509766, 40.30172348022461], [-26.336872100830078, 14.643393516540527, -5.6200385093688965, 32.47136306762695, 19.002222061157227, -15.362226486206055, -29.323646545410156, -10.489482879638672, 17.111724853515625, -0.971656858921051, 6.7521514892578125, 40.30172348022461, 73.6380615234375]], "lowlevel.gfcc.icov": [[0.000815648993011564, -0.00047420780174434185, 4.769974839291535e-05, -2.922739804489538e-05, 0.0002951500646304339, -0.0005826922133564949, 0.0005532533396035433, -0.00019196693028789014, 0.00010788103827508166, -0.0006314628990367055, 0.0010066436370834708, -0.0013241772539913654, 0.0009968027006834745], [-0.00047420780174434185, 0.006652193143963814, 0.0022900484036654234, 0.0006220258073881269, -0.0004317058192100376, 0.004959041718393564, -0.004649550188332796, 0.0039910320192575455, -0.0028091061394661665, 0.004099790006875992, -0.0059940568171441555, 0.006332787219434977, -0.003938418813049793], [4.769974839291535e-05, 0.0022900484036654234, 0.006821789313107729, -0.004015237558633089, 0.0009229030110873282, 0.00031865754863247275, -0.0013661629054695368, 0.00014716725854668766, 0.004401195328682661, -0.006435018498450518, 0.0035996749065816402, -0.002724434481933713, 0.0012114826822653413], [-2.922739804489538e-05, 0.0006220258073881269, -0.004015237558633089, 0.00894833356142044, -0.0029413013253360987, 9.654430323280394e-05, -0.0008556951070204377, 0.0038849676493555307, -0.005182994529604912, 0.00683505879715085, -0.006030126940459013, 0.005387581419199705, -0.004495722241699696], [0.0002951500646304339, -0.0004317058192100376, 0.0009229030110873282, -0.0029413013253360987, 0.011722943745553493, -0.005655020475387573, 0.0038804218638688326, -0.0031994960736483335, -0.002012583427131176, -0.0005932050989940763, 0.004771277774125338, -0.0067979199811816216, 0.0021863020956516266], [-0.0005826922133564949, 0.004959041718393564, 0.00031865754863247275, 9.654430323280394e-05, -0.005655020475387573, 0.017389079555869102, -0.010803818702697754, 0.003004662226885557, 0.0022091898135840893, 0.0007682617870159447, -0.004579892847687006, 0.009344513528048992, -0.005197544582188129], [0.0005532533396035433, -0.004649550188332796, -0.0013661629054695368, -0.0008556951070204377, 0.0038804218638688326, -0.010803818702697754, 0.014625086449086666, -0.008923234418034554, 0.00425795279443264, -0.002071874914690852, 0.0005862603429704905, -0.0028478282038122416, 0.0031811948865652084], [-0.00019196693028789014, 0.0039910320192575455, 0.00014716725854668766, 0.0038849676493555307, -0.0031994960736483335, 0.003004662226885557, -0.008923234418034554, 0.02196233533322811, -0.013527552597224712, 0.009372358210384846, -0.0055875014513731, 0.0035205865278840065, 0.0003160708292853087], [0.00010788103827508166, -0.0028091061394661665, 0.004401195328682661, -0.005182994529604912, -0.002012583427131176, 0.0022091898135840893, 0.00425795279443264, -0.013527552597224712, 0.023850487545132637, -0.018463987857103348, 0.007298368960618973, -0.0008038501255214214, -0.002047767397016287], [-0.0006314628990367055, 0.004099790006875992, -0.006435018498450518, 0.00683505879715085, -0.0005932050989940763, 0.0007682617870159447, -0.002071874914690852, 0.009372358210384846, -0.018463987857103348, 0.034694917500019073, -0.017596174031496048, 0.0076048304326832294, -0.0015230864519253373], [0.0010066436370834708, -0.0059940568171441555, 0.0035996749065816402, -0.006030126940459013, 0.004771277774125338, -0.004579892847687006, 0.0005862603429704905, -0.0055875014513731, 0.007298368960618973, -0.017596174031496048, 0.03589179739356041, -0.025206057354807854, 0.010312555357813835], [-0.0013241772539913654, 0.006332787219434977, -0.002724434481933713, 0.005387581419199705, -0.0067979199811816216, 0.009344513528048992, -0.0028478282038122416, 0.0035205865278840065, -0.0008038501255214214, 0.0076048304326832294, -0.025206057354807854, 0.04519497975707054, -0.023382054641842842], [0.0009968027006834745, -0.003938418813049793, 0.0012114826822653413, -0.004495722241699696, 0.0021863020956516266, -0.005197544582188129, 0.0031811948865652084, 0.0003160708292853087, -0.002047767397016287, -0.0015230864519253373, 0.010312555357813835, -0.023382054641842842, 0.028764886781573296]], "lowlevel.mfcc.cov": [[950.0953369140625, 126.29026794433594, -125.76005554199219, -28.77199935913086, -9.45311450958252, -73.19052124023438, -119.50003051757812, -32.33906555175781, -2.2865259647369385, -3.9131481647491455, 13.286806106567383, 1.258349061012268, -5.486751556396484], [126.29026794433594, 349.1398010253906, -195.62445068359375, -42.37024688720703, -88.32772827148438, -107.13211059570312, -65.3165512084961, -3.8684091567993164, -6.581005573272705, -9.903143882751465, 19.920255661010742, 9.65794563293457, 20.333614349365234], [-125.76005554199219, -195.62445068359375, 362.45245361328125, 60.23788070678711, -28.95514678955078, 122.26228332519531, 121.72085571289062, -17.276601791381836, -35.19538116455078, 1.6169720888137817, -14.96861457824707, -31.604557037353516, -3.9879236221313477], [-28.77199935913086, -42.37024688720703, 60.23788070678711, 157.5259246826172, 64.61149597167969, 13.964427947998047, -37.248626708984375, -10.394915580749512, 0.4314768612384796, -13.629907608032227, -20.97568702697754, 2.9318318367004395, 15.994274139404297], [-9.45311450958252, -88.32772827148438, -28.95514678955078, 64.61149597167969, 205.26466369628906, 5.06125020980835, -93.22259521484375, -27.91940689086914, 28.932811737060547, -17.22722816467285, -21.42710304260254, 17.341997146606445, -9.077534675598145], [-73.19052124023438, -107.13211059570312, 122.26228332519531, 13.964427947998047, 5.06125020980835, 156.08509826660156, 109.28160858154297, 15.710567474365234, -1.779192328453064, 16.40871810913086, -6.385323524475098, -23.362043380737305, -19.60764503479004], [-119.50003051757812, -65.3165512084961, 121.72085571289062, -37.248626708984375, -93.22259521484375, 109.28160858154297, 240.26441955566406, 88.81863403320312, -16.69594955444336, 24.49365234375, 17.605554580688477, -26.682758331298828, -17.291866302490234], [-32.33906555175781, -3.8684091567993164, -17.276601791381836, -10.394915580749512, -27.91940689086914, 15.710567474365234, 88.81863403320312, 112.31758117675781, 32.921142578125, 23.909929275512695, 19.394975662231445, -0.8569470047950745, -6.647823333740234], [-2.2865259647369385, -6.581005573272705, -35.19538116455078, 0.4314768612384796, 28.932811737060547, -1.779192328453064, -16.69594955444336, 32.921142578125, 80.63121795654297, 39.50386047363281, 13.324248313903809, 6.855400562286377, 0.05189023166894913], [-3.9131481647491455, -9.903143882751465, 1.6169720888137817, -13.629907608032227, -17.22722816467285, 16.40871810913086, 24.49365234375, 23.909929275512695, 39.50386047363281, 82.89179992675781, 38.52006149291992, -0.9829142689704895, -5.153470993041992], [13.286806106567383, 19.920255661010742, -14.96861457824707, -20.97568702697754, -21.42710304260254, -6.385323524475098, 17.605554580688477, 19.394975662231445, 13.324248313903809, 38.52006149291992, 71.26087951660156, 27.516010284423828, 9.624228477478027], [1.258349061012268, 9.65794563293457, -31.604557037353516, 2.9318318367004395, 17.341997146606445, -23.362043380737305, -26.682758331298828, -0.8569470047950745, 6.855400562286377, -0.9829142689704895, 27.516010284423828, 78.07442474365234, 42.54646682739258], [-5.486751556396484, 20.333614349365234, -3.9879236221313477, 15.994274139404297, -9.077534675598145, -19.60764503479004, -17.291866302490234, -6.647823333740234, 0.05189023166894913, -5.153470993041992, 9.624228477478027, 42.54646682739258, 72.47714233398438]], "lowlevel.mfcc.icov": [[0.0011906396830454469, -0.0002021245309151709, 9.192299330607057e-05, 0.0001855622831499204, 0.00019751311629079282, -0.00022108660778030753, 0.0008828777354210615, -0.0002670710382517427, 0.00031560417846776545, -4.62458547190181e-06, -0.0003667965647764504, 0.00023129562032409012, 0.00017439338262192905], [-0.0002021245309151709, 0.006032479926943779, 0.0032753522973507643, -0.0010817236034199595, 0.0034150981809943914, 0.0011163880117237568, 0.00015450634236913174, 0.0011331920977681875, -0.0002535404928494245, 0.0014228442450985312, -0.0016277845716103911, 0.0013718565460294485, -0.0009060546290129423], [9.192299330607057e-05, 0.0032753522973507643, 0.006941240280866623, -0.003052846994251013, 0.0024218778125941753, -0.001322856405749917, -0.0029127036686986685, 0.0040261512622237206, -0.00013420342293102294, 0.000678844575304538, -0.0009315975476056337, 0.0014946808805689216, -0.0009418508852832019], [0.0001855622831499204, -0.0010817236034199595, -0.003052846994251013, 0.009716280736029148, -0.0032054614275693893, -0.001220212783664465, 0.0035813134163618088, -0.0039013575296849012, 0.0019864581990987062, -0.0007107380079105496, 0.0016440273029729724, 0.0009670747676864266, -0.003067601239308715], [0.00019751311629079282, 0.0034150981809943914, 0.0024218778125941753, -0.0032054614275693893, 0.010621130466461182, -0.00248649250715971, 0.0036321450024843216, 0.0008897719671949744, -0.0033628589008003473, 0.0029938470106571913, -1.55173365783412e-05, -0.0026116808876395226, 0.003253730246797204], [-0.00022108660778030753, 0.0011163880117237568, -0.001322856405749917, -0.001220212783664465, -0.00248649250715971, 0.014109735377132893, -0.00834945123642683, 0.004525099415332079, -0.0022856860887259245, -0.0017323886277154088, 0.0015205387026071548, 0.00027523530297912657, 0.0013102908851578832], [0.0008828777354210615, 0.00015450634236913174, -0.0029127036686986685, 0.0035813134163618088, 0.0036321450024843216, -0.00834945123642683, 0.017581088468432426, -0.01328817754983902, 0.006878577172756195, -0.000880658975802362, -0.0014112128410488367, 0.0013148616999387741, -0.0004072970477864146], [-0.0002670710382517427, 0.0011331920977681875, 0.0040261512622237206, -0.0039013575296849012, 0.0008897719671949744, 0.004525099415332079, -0.01328817754983902, 0.022369643673300743, -0.011032301932573318, 0.0023888139985501766, -0.0018446979811415076, -0.0008887258591130376, 0.0019058802863582969], [0.00031560417846776545, -0.0002535404928494245, -0.00013420342293102294, 0.0019864581990987062, -0.0033628589008003473, -0.0022856860887259245, 0.006878577172756195, -0.011032301932573318, 0.02485656924545765, -0.012062299065291882, 0.0028189746662974358, -6.170827691676095e-05, -0.001974669052287936], [-4.62458547190181e-06, 0.0014228442450985312, 0.000678844575304538, -0.0007107380079105496, 0.0029938470106571913, -0.0017323886277154088, -0.000880658975802362, 0.0023888139985501766, -0.012062299065291882, 0.02443249523639679, -0.012804407626390457, 0.004156622104346752, 0.0007160861860029399], [-0.0003667965647764504, -0.0016277845716103911, -0.0009315975476056337, 0.0016440273029729724, -1.55173365783412e-05, 0.0015205387026071548, -0.0014112128410488367, -0.0018446979811415076, 0.0028189746662974358, -0.012804407626390457, 0.026200512424111366, -0.010999360121786594, 0.0019837210420519114], [0.00023129562032409012, 0.0013718565460294485, 0.0014946808805689216, 0.0009670747676864266, -0.0026116808876395226, 0.00027523530297912657, 0.0013148616999387741, -0.0008887258591130376, -6.170827691676095e-05, 0.004156622104346752, -0.010999360121786594, 0.025828266516327858, -0.013924834318459034], [0.00017439338262192905, -0.0009060546290129423, -0.0009418508852832019, -0.003067601239308715, 0.003253730246797204, 0.0013102908851578832, -0.0004072970477864146, 0.0019058802863582969, -0.001974669052287936, 0.0007160861860029399, 0.0019837210420519114, -0.013924834318459034, 0.023492874577641487]], "metadata.audio_properties.analysis.downmix": "mix", "metadata.audio_properties.codec": "mp3", "metadata.audio_properties.md5_encoded": "14b87b013da4c92ee61a3f8f405eb5f7", "metadata.tags.file_name": "1182285957051973632.mp3", "metadata.version.essentia": "2.1-beta6-dev", "metadata.version.essentia_git_sha": "v2.1_beta5-1110-g77a6a954", "metadata.version.extractor": "music 2.0", "tonal.chords_ke