{"song_id": "1182274623094665236", "download": "https://cdn.discordapp.com/attachments/1128313332273782784/1182274623094665236/chirp.mp4?ex=65841a0b&amp", "lyrics": "-", "style": ["fast femele rnb"], "essentia_features": {"lowlevel.average_loudness": 0.9736462831497192, "lowlevel.barkbands_crest.mean": 13.974801063537598, "lowlevel.barkbands_crest.stdev": 4.668235778808594, "lowlevel.barkbands_flatness_db.mean": 0.38003599643707275, "lowlevel.barkbands_flatness_db.stdev": 0.08287025988101959, "lowlevel.barkbands_kurtosis.mean": 8.234742164611816, "lowlevel.barkbands_kurtosis.stdev": 15.472453117370605, "lowlevel.barkbands_skewness.mean": 1.7983351945877075, "lowlevel.barkbands_skewness.stdev": 1.8439165353775024, "lowlevel.barkbands_spread.mean": 6.133780002593994, "lowlevel.barkbands_spread.stdev": 4.638001918792725, "lowlevel.dissonance.mean": 0.36920103430747986, "lowlevel.dissonance.stdev": 0.061791978776454926, "lowlevel.dynamic_complexity": 3.580880641937256, "lowlevel.erbbands_crest.mean": 15.412229537963867, "lowlevel.erbbands_crest.stdev": 5.752936363220215, "lowlevel.erbbands_flatness_db.mean": 0.3609462082386017, "lowlevel.erbbands_flatness_db.stdev": 0.0531550869345665, "lowlevel.erbbands_kurtosis.mean": 1.123741626739502, "lowlevel.erbbands_kurtosis.stdev": 3.4722611904144287, "lowlevel.erbbands_skewness.mean": -0.1668420284986496, "lowlevel.erbbands_skewness.stdev": 1.1702980995178223, "lowlevel.erbbands_spread.mean": 15.628602981567383, "lowlevel.erbbands_spread.stdev": 7.3149919509887695, "lowlevel.hfc.mean": 8.999361991882324, "lowlevel.hfc.stdev": 14.162737846374512, "lowlevel.loudness_ebu128.integrated": -18.796096801757812, "lowlevel.loudness_ebu128.loudness_range": 1.40545654296875, "lowlevel.loudness_ebu128.momentary.mean": -19.59931755065918, "lowlevel.loudness_ebu128.momentary.stdev": 2.7453808784484863, "lowlevel.loudness_ebu128.short_term.mean": -18.83664321899414, "lowlevel.loudness_ebu128.short_term.stdev": 0.5336014032363892, "lowlevel.melbands_crest.mean": 20.30316734313965, "lowlevel.melbands_crest.stdev": 7.57181453704834, "lowlevel.melbands_flatness_db.mean": 0.4931974709033966, "lowlevel.melbands_flatness_db.stdev": 0.1035473495721817, "lowlevel.melbands_kurtosis.mean": 16.193653106689453, "lowlevel.melbands_kurtosis.stdev": 29.873680114746094, "lowlevel.melbands_skewness.mean": 2.66819429397583, "lowlevel.melbands_skewness.stdev": 2.4054040908813477, "lowlevel.melbands_spread.mean": 8.98739242553711, "lowlevel.melbands_spread.stdev": 7.572214603424072, "lowlevel.pitch_salience.mean": 0.4057668149471283, "lowlevel.pitch_salience.stdev": 0.15097402036190033, "lowlevel.silence_rate_20dB.mean": 0.9698725342750549, "lowlevel.silence_rate_20dB.stdev": 0.17093850672245026, "lowlevel.silence_rate_30dB.mean": 0.8655851483345032, "lowlevel.silence_rate_30dB.stdev": 0.34109628200531006, "lowlevel.silence_rate_60dB.mean": 0.16628041863441467, "lowlevel.silence_rate_60dB.stdev": 0.37233152985572815, "lowlevel.spectral_centroid.mean": 495.4812927246094, "lowlevel.spectral_centroid.stdev": 257.4319152832031, "lowlevel.spectral_complexity.mean": 7.888760089874268, "lowlevel.spectral_complexity.stdev": 2.8798484802246094, "lowlevel.spectral_decrease.mean": -1.357182277672564e-08, "lowlevel.spectral_decrease.stdev": 2.640182472646302e-08, "lowlevel.spectral_energy.mean": 0.05203939229249954, "lowlevel.spectral_energy.stdev": 0.10056935995817184, "lowlevel.spectral_energyband_high.mean": 4.735251422971487e-06, "lowlevel.spectral_energyband_high.stdev": 3.349893449922092e-05, "lowlevel.spectral_energyband_low.mean": 0.039818283170461655, "lowlevel.spectral_energyband_low.stdev": 0.09707256406545639, "lowlevel.spectral_energyband_middle_high.mean": 0.003158918349072337, "lowlevel.spectral_energyband_middle_high.stdev": 0.007179979234933853, "lowlevel.spectral_energyband_middle_low.mean": 0.011544379405677319, "lowlevel.spectral_energyband_middle_low.stdev": 0.016159355640411377, "lowlevel.spectral_entropy.mean": 5.543320178985596, "lowlevel.spectral_entropy.stdev": 0.582269012928009, "lowlevel.spectral_flux.mean": 0.08682626485824585, "lowlevel.spectral_flux.stdev": 0.12760326266288757, "lowlevel.spectral_kurtosis.mean": 97.37938690185547, "lowlevel.spectral_kurtosis.stdev": 60.1192626953125, "lowlevel.spectral_rms.mean": 0.005300702061504126, "lowlevel.spectral_rms.stdev": 0.004761585965752602, "lowlevel.spectral_rolloff.mean": 576.2673950195312, "lowlevel.spectral_rolloff.stdev": 407.6592102050781, "lowlevel.spectral_skewness.mean": 6.928101062774658, "lowlevel.spectral_skewness.stdev": 2.7675461769104004, "lowlevel.spectral_spread.mean": 1103330.25, "lowlevel.spectral_spread.stdev": 626922.125, "lowlevel.spectral_strongpeak.mean": 0.8937918543815613, "lowlevel.spectral_strongpeak.stdev": 0.9497513175010681, "lowlevel.zerocrossingrate.mean": 0.020661143586039543, "lowlevel.zerocrossingrate.stdev": 0.012137815356254578, "metadata.audio_properties.analysis.equal_loudness": 0.0, "metadata.audio_properties.analysis.length": 40.04265213012695, "metadata.audio_properties.analysis.sample_rate": 44100.0, "metadata.audio_properties.analysis.start_time": 0.0, "metadata.audio_properties.bit_rate": 112953.0, "metadata.audio_properties.length": 40.042667388916016, "metadata.audio_properties.lossless": 0.0, "metadata.audio_properties.number_channels": 1.0, "metadata.audio_properties.replay_gain": -7.843578338623047, "metadata.audio_properties.sample_rate": 48000.0, "rhythm.beats_count": 74.0, "rhythm.beats_loudness.mean": 0.13111500442028046, "rhythm.beats_loudness.stdev": 0.1406320333480835, "rhythm.bpm": 111.9557113647461, "rhythm.bpm_histogram_first_peak_bpm": 112.0, "rhythm.bpm_histogram_first_peak_weight": 0.19178080558776855, "rhythm.bpm_histogram_second_peak_bpm": 0.0, "rhythm.bpm_histogram_second_peak_spread": 0.0, "rhythm.bpm_histogram_second_peak_weight": 0.0, "rhythm.danceability": 2.3227710723876953, "rhythm.onset_rate": 3.7698709964752197, "tonal.chords_changes_rate": 0.0520833320915699, "tonal.chords_number_rate": 0.0069444444961845875, "tonal.chords_strength.mean": 0.44476553797721863, "tonal.chords_strength.stdev": 0.08691053837537766, "tonal.hpcp_crest.mean": 16.259305953979492, "tonal.hpcp_crest.stdev": 6.372683048248291, "tonal.hpcp_entropy.mean": 1.5035698413848877, "tonal.hpcp_entropy.stdev": 0.5423349738121033, "tonal.key_edma.strength": 0.5915111899375916, "tonal.key_krumhansl.strength": 0.595505952835083, "tonal.key_temperley.strength": 0.5993719100952148, "tonal.tuning_diatonic_strength": 0.45289453864097595, "tonal.tuning_equal_tempered_deviation": 0.25837627053260803, "tonal.tuning_frequency": 434.193115234375, "tonal.tuning_nontempered_energy_ratio": 0.9897341728210449, "lowlevel.barkbands.mean": [0.0039637405425310135, 0.02617041766643524, 0.007206982001662254, 0.0043283142149448395, 0.004101010970771313, 0.0014998362166807055, 0.0010754363611340523, 0.00038912997115403414, 0.0001307063503190875, 0.00039188668597489595, 0.0012363905552774668, 0.0012335276696830988, 0.0001544765109429136, 1.9004584828508087e-05, 2.4735154511290602e-05, 2.9662327506230213e-05, 6.795860826969147e-05, 5.040029009251157e-06, 5.465858066600049e-06, 2.079633759421995e-06, 1.0482581274118274e-06, 9.194745302920637e-07, 1.0316243788111024e-06, 5.007321988159674e-07, 1.0266147398851899e-07, 3.893326194770452e-08, 3.154809746774845e-09], "lowlevel.barkbands.stdev": [0.013253476470708847, 0.08250156044960022, 0.02048022486269474, 0.011016064323484898, 0.006623019929975271, 0.0036015971563756466, 0.0019366501364856958, 0.0008364249370060861, 0.0008518809918314219, 0.0011531986529007554, 0.0039271404966712, 0.0047120600938797, 0.000738027913030237, 0.00011921522673219442, 0.0001814321440178901, 0.00022190900926943868, 0.0004089329158887267, 3.7546822568401694e-05, 3.74961418856401e-05, 1.358308145427145e-05, 7.859051947889384e-06, 6.474015208368655e-06, 7.964614269440062e-06, 4.21789718529908e-06, 9.013580211103545e-07, 3.516993842822558e-07, 2.833550816205843e-08], "lowlevel.erbbands.mean": [1.06625497341156, 4.566616535186768, 8.867280006408691, 12.551118850708008, 13.583285331726074, 12.205981254577637, 17.702232360839844, 8.057296752929688, 16.517257690429688, 11.790735244750977, 4.844745635986328, 3.166170120239258, 4.09614896774292, 22.690217971801758, 53.79375076293945, 64.23251342773438, 11.769195556640625, 1.4411070346832275, 1.3093183040618896, 1.3778623342514038, 2.2067291736602783, 2.6869235038757324, 0.847709596157074, 0.34335458278656006, 0.1694745123386383, 0.10041729360818863, 0.04452861472964287, 0.043519966304302216, 0.029437245801091194, 0.038589831441640854, 0.022627556696534157, 0.015458079054951668, 0.0067305415868759155, 0.0017456572968512774, 0.0004859506734646857, 0.00023790838895365596, 7.141907553886995e-05, 1.1922055819013622e-05, 2.376814154558815e-05, 5.6795910495566204e-05], "lowlevel.erbbands.stdev": [3.405858278274536, 16.8439998626709, 25.6826229095459, 30.687984466552734, 22.099010467529297, 23.15097999572754, 47.667137145996094, 18.497060775756836, 29.790538787841797, 18.9746036529541, 19.228994369506836, 18.592395782470703, 15.354662895202637, 58.026371002197266, 141.99090576171875, 239.9229736328125, 40.36142349243164, 6.70470666885376, 10.255963325500488, 9.18159294128418, 15.023697853088379, 16.286514282226562, 4.38621187210083, 2.367366313934326, 1.1100388765335083, 0.6750513315200806, 0.32754209637641907, 0.3068772256374359, 0.20548592507839203, 0.29820555448532104, 0.17911115288734436, 0.12711676955223083, 0.05810638144612312, 0.014866516925394535, 0.003972542472183704, 0.001763730077072978, 0.0005668390076607466, 0.00010662631393643096, 4.495472603593953e-05, 0.00010892745922319591], "lowlevel.gfcc.mean": [-201.13182067871094, 225.03591918945312, -96.65099334716797, -36.381263732910156, -22.527843475341797, 0.9116179943084717, -27.251026153564453, -11.235273361206055, -27.33981704711914, -25.24762725830078, 7.695577144622803, 1.3477638959884644, -8.269841194152832], "lowlevel.melbands.mean": [0.008304541930556297, 0.005025810562074184, 0.0021516205742955208, 0.0009589907131157815, 0.0005651352112181485, 0.0001984085829462856, 0.00024688878329470754, 0.0001206381493830122, 3.423308953642845e-05, 1.811103538784664e-05, 2.0893372493446805e-05, 8.536360110156238e-05, 0.00017842509259935468, 0.00016001499898266047, 8.26664108899422e-05, 1.0396331163065042e-05, 1.8297387214261107e-06, 1.9885501387761906e-06, 1.6581086583755678e-06, 2.3348359263763996e-06, 2.963951374113094e-06, 3.2205882689595455e-06, 1.9255548977525905e-06, 1.6871729258127743e-07, 2.9433618919938453e-07, 1.3888735850287048e-07, 8.643194604474047e-08, 6.329756274681131e-08, 2.6130269503710224e-08, 3.0375989723552266e-08, 2.241351104714795e-08, 1.580699660053142e-08, 1.806379401614322e-08, 2.322119918574117e-08, 1.1540115529840023e-08, 1.4002921489009168e-08, 8.045465627048998e-09, 6.00176619514059e-09, 2.00942507078139e-09, 1.1094742902173493e-09], "lowlevel.melbands.stdev": [0.02557813934981823, 0.014844479970633984, 0.004440575838088989, 0.0016144572291523218, 0.0013658410171046853, 0.00044803161290474236, 0.000448316044639796, 0.00019808372599072754, 0.00017177006520796567, 0.00010857390589080751, 7.90339763625525e-05, 0.00022403484035748988, 0.0005803345702588558, 0.000523556605912745, 0.00028987537370994687, 4.783989061252214e-05, 1.0584912160993554e-05, 1.676613283052575e-05, 1.2061682355124503e-05, 1.6610079910606146e-05, 2.2014539354131557e-05, 2.2798418285674416e-05, 1.0354903679399285e-05, 1.3713568023376865e-06, 2.121808847732609e-06, 1.0847585372175672e-06, 4.972024498783867e-07, 4.6674469444951683e-07, 2.1234572500361537e-07, 2.627337210014957e-07, 1.4818674287653266e-07, 1.0990853382963905e-07, 1.3855083125235979e-07, 1.8896106723786943e-07, 9.139832002347248e-08, 1.2273308414023631e-07, 6.791623974322647e-08, 5.394347013520928e-08, 1.7129472951182834e-08, 1.0244811221582495e-08], "lowlevel.melbands128.mean": [0.003745748894289136, 0.009915156289935112, 0.009236828424036503, 0.007155719678848982, 0.005095221102237701, 0.003244041232392192, 0.0027043926529586315, 0.0018572345143184066, 0.001259865122847259, 0.001159521983936429, 0.0005305777885951102, 0.0004871526616625488, 0.0007668815087527037, 0.0004021835629828274, 0.00015665392857044935, 8.84855180629529e-05, 0.00016212584159802645, 0.00041264883475378156, 0.0001602147676749155, 0.00011029759480152279, 0.00013056564785074443, 3.1675255740992725e-05, 2.551482612034306e-05, 2.6487936338526197e-05, 2.2545063984580338e-05, 1.3311461771081667e-05, 1.1451275895524304e-05, 1.0005680451286025e-05, 2.1885458409087732e-05, 0.00012014867388643324, 5.045167563366704e-05, 0.00012649723794311285, 0.00024030216445680708, 0.00021104238112457097, 3.0045746825635433e-05, 0.0002161000738851726, 0.00026849095593206584, 1.1916408766410314e-05, 3.849346830975264e-05, 1.719742431305349e-05, 1.967157231774763e-06, 1.6575904737692326e-06, 1.684086555542308e-06, 2.2393444396584528e-06, 1.407140189257916e-06, 1.9112881091132294e-06, 2.8131526050856337e-06, 1.4458652231041924e-06, 1.1437416560511338e-06, 1.8994903712155065e-06, 2.7424532618169906e-06, 2.904580014728708e-06, 1.0599915185594e-06, 2.4575620045652613e-06, 8.100450031633954e-06, 1.3667927305505145e-06, 1.0645800330166821e-06, 4.598229679686483e-06, 7.387099003608455e-07, 1.6805937264052773e-07, 1.6301893879244744e-07, 1.6146761083746242e-07, 2.7274089120510325e-07, 4.0119374489222537e-07, 1.8646703381364205e-07, 1.1763435736611427e-07, 1.294455103106884e-07, 9.316718774243782e-08, 8.317486788200767e-08, 5.1278373547347655e-08, 8.877866974899007e-08, 4.9530566315070246e-08, 3.692525751830544e-08, 2.138205346113864e-08, 1.4087678579244312e-08, 2.8431546894580606e-08, 4.494980743174892e-08, 2.1281273632212105e-08, 2.1231809199662166e-08, 1.9484176050355018e-08, 1.623379297654992e-08, 1.3642718954542943e-08, 1.5429565181079852e-08, 1.762274415284537e-08, 2.151568878616672e-08, 2.341957916485171e-08, 2.79003291581148e-08, 1.5079118398375613e-08, 8.24769319507368e-09, 1.0348112589042557e-08, 1.5392837227068412e-08, 1.7046220435190662e-08, 6.244284644907339e-09, 7.49802264721211e-09, 9.777543219513518e-09, 8.17886025572534e-09, 5.7118185736726446e-09, 1.4477219423270071e-09, 2.249780362006959e-09, 2.1262320792914124e-09, 1.400328630829506e-09, 9.96854820911608e-10, 6.432145926993371e-10, 5.409618308860331e-10, 5.756178866889172e-10, 3.176291452078317e-10, 3.0223951119623393e-10, 4.123159869084958e-10, 4.2248440856873515e-10, 3.8839223504005815e-10, 2.46271780746099e-10, 1.7683154940328905e-10, 1.8496046361171636e-10, 1.2404238747265595e-10, 1.1478379358109692e-10, 1.427419293875687e-10, 7.442806093660437e-11, 8.74706296977168e-12, 5.9640703833907516e-12, 5.804549115667745e-12, 5.6593588322606525e-12, 5.564180192985102e-12, 5.436382680829022e-12, 5.340815897175721e-12, 5.1917363637354885e-12, 4.992803479680896e-12, 4.879580246808235e-12, 4.843200059750918e-12], "lowlevel.melbands128.stdev": [0.012595174834132195, 0.03339170664548874, 0.03253169357776642, 0.028746841475367546, 0.016673877835273743, 0.008824133314192295, 0.007549905218183994, 0.004308098461478949, 0.002487544436007738, 0.002604026347398758, 0.0012541837058961391, 0.0012860504211857915, 0.002386319451034069, 0.0009424005402252078, 0.000441599462646991, 0.0003836892719846219, 0.0003694387851282954, 0.0007588186417706311, 0.00030916466494090855, 0.0002043415152002126, 0.00022066474775783718, 0.00013205280993133783, 0.00019551540026441216, 0.00022418718435801566, 0.00012889389472547919, 8.527078898623586e-05, 8.17349209683016e-05, 6.536510773003101e-05, 9.817647514864802e-05, 0.0003646714030764997, 0.00014861767704132944, 0.0006327677983790636, 0.0010268907062709332, 0.0006591512355953455, 0.00010891046258620918, 0.0008645921479910612, 0.001091855694539845, 5.4881529649719596e-05, 0.0001909637649077922, 8.254433487309143e-05, 1.610910658200737e-05, 9.635891728976276e-06, 1.0095217476191465e-05, 1.3159391528461128e-05, 1.2412056094035506e-05, 2.1308680516085587e-05, 2.098041477438528e-05, 1.2713507203443442e-05, 1.0291857506672386e-05, 1.3779375876765698e-05, 2.1100358935655095e-05, 2.3819664420443587e-05, 1.2837092072004452e-05, 2.111017965944484e-05, 7.225463923532516e-05, 1.264837192138657e-05, 9.730880265124142e-06, 2.3593776859343052e-05, 5.089926162327174e-06, 1.6066740045062033e-06, 1.5478370869459468e-06, 1.5330657561207772e-06, 1.9547892406990286e-06, 3.1579936603520764e-06, 1.7641948488744674e-06, 1.1870763501065085e-06, 9.015586215355142e-07, 5.498543487192364e-07, 5.387183250604721e-07, 3.4777673363350914e-07, 6.7116872060069e-07, 4.483256077492115e-07, 3.9072600088729814e-07, 1.5519380269779504e-07, 1.0651687176732594e-07, 2.844542734692368e-07, 4.1179708887284505e-07, 1.6258465507235087e-07, 1.4715516272190143e-07, 1.2767762314069842e-07, 1.2618204436876113e-07, 1.0086581170298814e-07, 1.1927630794161814e-07, 1.5294031641133188e-07, 1.7572764932083373e-07, 1.982606363526429e-07, 2.7611105224423227e-07, 1.1528580756703377e-07, 6.925110085376218e-08, 1.0391450899760457e-07, 1.4308476181668084e-07, 1.5920832652227546e-07, 5.179523299148059e-08, 6.61234125232113e-08, 9.025161062936604e-08, 6.94646686838496e-08, 5.976853856282105e-08, 1.1982019820777623e-08, 2.1172779085532056e-08, 2.0188865690329294e-08, 1.4659042868458982e-08, 1.0952010853770844e-08, 6.836761379247491e-09, 3.97151866948775e-09, 5.91969451235741e-09, 2.820001121506266e-09, 3.0230065117820004e-09, 4.992033009187935e-09, 3.3976728097684372e-09, 2.721241232350735e-09, 1.5605863268319808e-09, 1.2433084561891405e-09, 2.8747044744648065e-09, 1.3938469267671394e-09, 1.5243900586270343e-09, 1.7461393442275153e-09, 8.811307239398047e-10, 4.44678564803791e-11, 1.4903304285107666e-11, 1.4508607856789091e-11, 1.416253832958736e-11, 1.387920074008564e-11, 1.3573182508497261e-11, 1.334637348554546e-11, 1.3157233982874494e-11, 1.2995992303144188e-11, 1.2885218066138737e-11, 1.2816160459283577e-11], "lowlevel.mfcc.mean": [-869.5068359375, 278.6475524902344, -1.4411096572875977, -11.51476764678955, 10.854442596435547, 4.0229620933532715, 9.969512939453125, 11.56312370300293, -15.431906700134277, -23.054641723632812, -13.933242797851562, 7.262447834014893, 13.951172828674316], "lowlevel.spectral_contrast_coeffs.mean": [-0.604457676410675, -0.7067676782608032, -0.6616721749305725, -0.7804417014122009, -0.7618923783302307, -0.8484247922897339], "lowlevel.spectral_contrast_coeffs.stdev": [0.10835665464401245, 0.0643557608127594, 0.06712713837623596, 0.050539448857307434, 0.037070076912641525, 0.04988037794828415], "lowlevel.spectral_contrast_valleys.mean": [-7.569104194641113, -7.653844833374023, -8.412334442138672, -9.808282852172852, -11.279513359069824, -14.03228759765625], "lowlevel.spectral_contrast_valleys.stdev": [1.0672874450683594, 0.7498527765274048, 0.7185990810394287, 0.785724937915802, 1.006174921989441, 0.7177414894104004], "rhythm.beats_loudness_band_ratio.mean": [0.7007722854614258, 0.16516311466693878, 0.021175451576709747, 0.17272953689098358, 0.001191656687296927, 3.110211400780827e-05], "rhythm.beats_loudness_band_ratio.stdev": [0.3035615384578705, 0.1984616070985794, 0.026309553533792496, 0.21425411105155945, 0.0013670417247340083, 4.782323958352208e-05], "tonal.hpcp.mean": [0.33676448464393616, 0.3641141653060913, 0.08133481442928314, 0.012208177708089352, 0.008771948516368866, 0.007556515280157328, 0.06093331053853035, 0.09452299028635025, 0.0536675788462162, 0.1631290316581726, 0.21070317924022675, 0.08277229964733124, 0.03295670077204704, 0.02378397434949875, 0.027521369978785515, 0.23333081603050232, 0.29967498779296875, 0.09359803795814514, 0.017277715727686882, 0.01798793487250805, 0.035555649548769, 0.12561486661434174, 0.1439957320690155, 0.07699957489967346, 0.08978566527366638, 0.0687238946557045, 0.016274863854050636, 0.009973361156880856, 0.010563192889094353, 0.024566855281591415, 0.1334959715604782, 0.13536623120307922, 0.025889502838253975, 0.009102527052164078, 0.01220648642629385, 0.05402185022830963], "tonal.hpcp.stdev": [0.37970563769340515, 0.3930698037147522, 0.1321999430656433, 0.07126928120851517, 0.0660247728228569, 0.05894596129655838, 0.14235509932041168, 0.2197694033384323, 0.1348520815372467, 0.2533324062824249, 0.3059370815753937, 0.15847790241241455, 0.15046578645706177, 0.12088826298713684, 0.1259787678718567, 0.32192206382751465, 0.39538636803627014, 0.1688959002494812, 0.10331583768129349, 0.10067489743232727, 0.1463651955127716, 0.27132534980773926, 0.2932186424732208, 0.19467145204544067, 0.24992676079273224, 0.20999571681022644, 0.08437637984752655, 0.06901559978723526, 0.07018337398767471, 0.09196429699659348, 0.29858407378196716, 0.2996904253959656, 0.0945001021027565, 0.06418652832508087, 0.07654614001512527, 0.1328095942735672], "rhythm.beats_position": [0.5572788715362549, 1.1029478311538696, 1.6370067596435547, 2.18267560005188, 2.7167346477508545, 3.250793695449829, 3.7848525047302246, 4.318911552429199, 4.852970600128174, 5.38702917098999, 5.921088218688965, 6.4551472663879395, 6.989206314086914, 7.523265361785889, 8.057324409484863, 8.59138298034668, 9.137051582336426, 9.682721138000488, 10.216779708862305, 10.750839233398438, 11.284897804260254, 11.81895637512207, 12.353015899658203, 12.88707447052002, 13.421133995056152, 13.955192565917969, 14.489251136779785, 15.034920692443848, 15.568979263305664, 16.114648818969727, 16.648706436157227, 17.18276596069336, 17.705215454101562, 18.250883102416992, 18.784942626953125, 19.319002151489258, 19.85306167602539, 20.38711929321289, 20.921178817749023, 21.455238342285156, 21.989295959472656, 22.52335548400879, 23.057415008544922, 23.60308265686035, 24.137142181396484, 24.682811737060547, 25.216869354248047, 25.75092887878418, 26.284988403320312, 26.819047927856445, 27.353105545043945, 27.887165069580078, 28.42122459411621, 28.95528221130371, 29.489341735839844, 30.035011291503906, 30.569068908691406, 31.11473846435547, 31.6487979888916, 32.182857513427734, 32.716915130615234, 33.250972747802734, 33.7850341796875, 34.319091796875, 34.8531494140625, 35.387210845947266, 35.921268463134766, 36.45532989501953, 36.98938751220703, 37.52344512939453, 38.069114685058594, 38.614784240722656, 39.148841857910156, 39.68290328979492], "rhythm.bpm_histogram": [0.0, 0.0, 0.0, 0.0, 0.0, 0.0, 0.0, 0.0, 0.0, 0.0, 0.0, 0.0, 0.0, 0.0, 0.0, 0.0, 0.0, 0.0, 0.0, 0.0, 0.0, 0.0, 0.0, 0.0, 0.0, 0.0, 0.0, 0.0, 0.0, 0.0, 0.0, 0.0, 0.0, 0.0, 0.0, 0.0, 0.0, 0.0, 0.0, 0.0, 0.0, 0.0, 0.0, 0.0, 0.0, 0.0, 0.0, 0.0, 0.0, 0.0, 0.0, 0.0, 0.0, 0.0, 0.0, 0.0, 0.0, 0.0, 0.0, 0.0, 0.0, 0.0, 0.0, 0.0, 0.0, 0.0, 0.0, 0.0, 0.0, 0.0, 0.0, 0.0, 0.0, 0.0, 0.0, 0.0, 0.0, 0.0, 0.0, 0.0, 0.0, 0.0, 0.0, 0.0, 0.0, 0.0, 0.0, 0.0, 0.0, 0.0, 0.0, 0.0, 0.0, 0.0, 0.0, 0.0, 0.0, 0.0, 0.0, 0.0, 0.0, 0.0, 0.0, 0.0, 0.0, 0.0, 0.0, 0.0, 0.0, 0.0, 0.1780821979045868, 0.0, 0.8082191944122314, 0.0, 0.0, 0.013698630034923553, 0.0, 0.0, 0.0, 0.0, 0.0, 0.0, 0.0, 0.0, 0.0, 0.0, 0.0, 0.0, 0.0, 0.0, 0.0, 0.0, 0.0, 0.0, 0.0, 0.0, 0.0, 0.0, 0.0, 0.0, 0.0, 0.0, 0.0, 0.0, 0.0, 0.0, 0.0, 0.0, 0.0, 0.0, 0.0, 0.0, 0.0, 0.0, 0.0, 0.0, 0.0, 0.0, 0.0, 0.0, 0.0, 0.0, 0.0, 0.0, 0.0, 0.0, 0.0, 0.0, 0.0, 0.0, 0.0, 0.0, 0.0, 0.0, 0.0, 0.0, 0.0, 0.0, 0.0, 0.0, 0.0, 0.0, 0.0, 0.0, 0.0, 0.0, 0.0, 0.0, 0.0, 0.0, 0.0, 0.0, 0.0, 0.0, 0.0, 0.0, 0.0, 0.0, 0.0, 0.0, 0.0, 0.0, 0.0, 0.0, 0.0, 0.0, 0.0, 0.0, 0.0, 0.0, 0.0, 0.0, 0.0, 0.0, 0.0, 0.0, 0.0, 0.0, 0.0, 0.0, 0.0, 0.0, 0.0, 0.0, 0.0, 0.0, 0.0, 0.0, 0.0, 0.0, 0.0, 0.0, 0.0, 0.0, 0.0, 0.0, 0.0, 0.0, 0.0, 0.0, 0.0, 0.0, 0.0, 0.0, 0.0, 0.0, 0.0, 0.0, 0.0, 0.0], "tonal.chords_histogram": [8.333333015441895, 0.0, 0.0, 0.0, 0.0, 0.0, 0.0, 0.0, 0.0, 0.0, 0.0, 0.0, 0.0, 0.0, 0.0, 0.0, 0.0, 18.75, 13.425926208496094, 51.62036895751953, 2.1990740299224854, 0.0, 5.671296119689941, 0.0], "tonal.thpcp": [1.0, 0.22337722778320312, 0.03352843225002289, 0.0240912027657032, 0.020753148943185806, 0.16734671592712402, 0.25959712266921997, 0.1473921686410904, 0.4480161666870117, 0.5786733627319336, 0.22732512652873993, 0.0905120000243187, 0.06532010436058044, 0.07558445632457733, 0.6408177614212036, 0.8230248093605042, 0.2570568323135376, 0.04745136946439743, 0.0494019091129303, 0.09764973074197769, 0.34498757123947144, 0.3954686224460602, 0.21147096157073975, 0.24658657610416412, 0.1887427121400833, 0.044697146862745285, 0.027390753850340843, 0.02901066094636917, 0.06747020035982132, 0.3666321933269501, 0.37176865339279175, 0.07110270857810974, 0.0249991025775671, 0.033523790538311005, 0.14836513996124268, 0.9248870611190796], "lowlevel.gfcc.cov": [[4089.714111328125, -155.51365661621094, 136.14132690429688, 1041.37353515625, 462.6071472167969, 289.78662109375, 610.3264770507812, 53.424949645996094, 381.46771240234375, 32.161014556884766, 40.56296157836914, 89.45230865478516, 116.17487335205078], [-155.51365661621094, 863.5202026367188, 714.2367553710938, -285.69482421875, 243.51576232910156, -149.99807739257812, -54.988746643066406, -165.8246307373047, -52.38703918457031, -98.09003448486328, 3.6439037322998047, -84.47698974609375, 35.88722229003906], [136.14132690429688, 714.2367553710938, 1078.8790283203125, -134.02178955078125, 326.92041015625, -18.705839157104492, 9.758502960205078, -119.16353607177734, 13.160331726074219, -25.126596450805664, -18.386940002441406, -39.94144058227539, 51.33112335205078], [1041.37353515625, -285.69482421875, -134.02178955078125, 664.1062622070312, 235.4020538330078, 236.78936767578125, 356.1654968261719, 156.78489685058594, 197.02615356445312, 22.58631706237793, 62.194740295410156, 68.71438598632812, 16.900388717651367], [462.6071472167969, 243.51576232910156, 326.92041015625, 235.4020538330078, 459.5836486816406, 178.7864990234375, 263.5593566894531, 39.74949645996094, 142.81930541992188, -7.935601234436035, 94.07415771484375, 82.50701141357422, 58.082542419433594], [289.78662109375, -149.99807739257812, -18.705839157104492, 236.78936767578125, 178.7864990234375, 274.2855529785156, 218.38023376464844, 95.8000259399414, 123.56364440917969, 32.8692741394043, 37.45845413208008, 81.25751495361328, 70.30303192138672], [610.3264770507812, -54.988746643066406, 9.758502960205078, 356.1654968261719, 263.5593566894531, 218.38023376464844, 385.462890625, 134.93264770507812, 158.54922485351562, 11.168423652648926, 60.85770034790039, 61.23411178588867, 70.71113586425781], [53.424949645996094, -165.8246307373047, -119.16353607177734, 156.78489685058594, 39.74949645996094, 95.8000259399414, 134.93264770507812, 188.06271362304688, 122.88485717773438, 75.29013061523438, 29.200817108154297, 25.1772518157959, -5.996330261230469], [381.46771240234375, -52.38703918457031, 13.160331726074219, 197.02615356445312, 142.81930541992188, 123.56364440917969, 158.54922485351562, 122.88485717773438, 238.1033172607422, 115.55534362792969, 77.33503723144531, 76.24465942382812, 75.57225799560547], [32.161014556884766, -98.09003448486328, -25.126596450805664, 22.58631706237793, -7.935601234436035, 32.8692741394043, 11.168423652648926, 75.29013061523438, 115.55534362792969, 165.39569091796875, 56.978851318359375, 42.3560676574707, 29.470277786254883], [40.56296157836914, 3.6439037322998047, -18.386940002441406, 62.194740295410156, 94.07415771484375, 37.45845413208008, 60.85770034790039, 29.200817108154297, 77.33503723144531, 56.978851318359375, 119.37059783935547, 77.21329498291016, 27.403457641601562], [89.45230865478516, -84.47698974609375, -39.94144058227539, 68.71438598632812, 82.50701141357422, 81.25751495361328, 61.23411178588867, 25.1772518157959, 76.24465942382812, 42.3560676574707, 77.21329498291016, 144.3333740234375, 78.4571762084961], [116.17487335205078, 35.88722229003906, 51.33112335205078, 16.900388717651367, 58.082542419433594, 70.30303192138672, 70.71113586425781, -5.996330261230469, 75.57225799560547, 29.470277786254883, 27.403457641601562, 78.4571762084961, 186.25540161132812]], "lowlevel.gfcc.icov": [[0.0005870804889127612, 2.5180532247759402e-05, -4.91708233312238e-05, -0.0008574415696784854, 6.8707850005012e-05, 0.0005098502733744681, -0.0007288273191079497, 0.0014000801602378488, -0.0008775090682320297, -0.0003467724018264562, 0.0008983610314317048, -0.00024546548957005143, 0.00021035298414062709], [2.5180532247759402e-05, 0.0074584875255823135, -0.0027630431577563286, 0.0031340818386524916, -0.0038902333471924067, 0.0039558750577270985, -0.0008008261793293059, 0.001377503969706595, -0.002549662021920085, 0.004091270733624697, -0.003816773882135749, 0.005648138467222452, -0.0023377914912998676], [-4.91708233312238e-05, -0.0027630431577563286, 0.002957995980978012, -0.0005498919053934515, -0.0010871448321267962, -0.0009432950173504651, 0.0006814808584749699, 0.00031920429319143295, 0.00080409663496539, -0.002492295578122139, 0.0028909461107105017, -0.001137703424319625, 0.0003663422248791903], [-0.0008574415696784854, 0.0031340818386524916, -0.0005498919053934515, 0.006403408013284206, -0.0018555198330432177, 0.0002217931323684752, -0.0020380846690386534, -0.0007048487896099687, -0.002061503240838647, 0.002946946769952774, -0.002263061236590147, 0.0022500352934002876, 0.0005027769366279244], [6.8707850005012e-05, -0.0038902333471924067, -0.0010871448321267962, -0.0018555198330432177, 0.01050530094653368, -0.004099665675312281, -0.0031230112072080374, 0.001052167033776641, -0.0014606869081035256, 0.0011691467370837927, -0.002256514970213175, -0.004436955787241459, 0.003274298505857587], [0.0005098502733744681, 0.0039558750577270985, -0.0009432950173504651, 0.0002217931323684752, -0.004099665675312281, 0.011247141286730766, -0.0035562117118388414, 0.0008625234477221966, -0.0017143036238849163, 0.00030484405579045415, 0.0024332155007869005, -0.00041466124821454287, -0.001965333241969347], [-0.0007288273191079497, -0.0008008261793293059, 0.0006814808584749699, -0.0020380846690386534, -0.0031230112072080374, -0.0035562117118388414, 0.0117453308776021, -0.0066285873763263226, 0.0019934913143515587, 0.002312660915777087, -0.00274290912784636, 0.002864644629880786, -0.0037281494587659836], [0.0014000801602378488, 0.001377503969706595, 0.00031920429319143295, -0.0007048487896099687, 0.001052167033776641, 0.0008625234477221966, -0.0066285873763263226, 0.017024464905261993, -0.007774390280246735, -0.0033372214529663324, 0.003778171492740512, -0.0002531643840484321, 0.004481435753405094], [-0.0008775090682320297, -0.002549662021920085, 0.00080409663496539, -0.002061503240838647, -0.0014606869081035256, -0.0017143036238849163, 0.0019934913143515587, -0.007774390280246735, 0.016943328082561493, -0.00757264718413353, -0.0015095035778358579, -0.0012805091682821512, -0.0038154907524585724], [-0.0003467724018264562, 0.004091270733624697, -0.002492295578122139, 0.002946946769952774, 0.0011691467370837927, 0.00030484405579045415, 0.002312660915777087, -0.0033372214529663324, -0.00757264718413353, 0.016614539548754692, -0.008380206301808357, 0.0037008277140557766, -0.0014998421538621187], [0.0008983610314317048, -0.003816773882135749, 0.0028909461107105017, -0.002263061236590147, -0.002256514970213175, 0.0024332155007869005, -0.00274290912784636, 0.003778171492740512, -0.0015095035778358579, -0.008380206301808357, 0.022905616089701653, -0.011668315157294273, 0.004015358630567789], [-0.00024546548957005143, 0.005648138467222452, -0.001137703424319625, 0.0022500352934002876, -0.004436955787241459, -0.00041466124821454287, 0.002864644629880786, -0.0002531643840484321, -0.0012805091682821512, 0.0037008277140557766, -0.011668315157294273, 0.020416250452399254, -0.007330618798732758], [0.00021035298414062709, -0.0023377914912998676, 0.0003663422248791903, 0.0005027769366279244, 0.003274298505857587, -0.001965333241969347, -0.0037281494587659836, 0.004481435753405094, -0.0038154907524585724, -0.0014998421538621187, 0.004015358630567789, -0.007330618798732758, 0.011104597710072994]], "lowlevel.mfcc.cov": [[4102.03173828125, -803.0640869140625, -266.7123107910156, 836.8319091796875, 46.25324249267578, 456.31768798828125, 195.03260803222656, 412.28155517578125, 306.9934387207031, 327.70196533203125, 92.59558868408203, 235.29916381835938, 90.04300689697266], [-803.0640869140625, 1346.8900146484375, 529.9692993164062, -75.65741729736328, 226.35923767089844, -52.25673294067383, -26.8564510345459, -185.78944396972656, -86.02040100097656, -107.20246124267578, -50.20269012451172, -186.38157653808594, -119.32115173339844], [-266.7123107910156, 529.9692993164062, 497.0372009277344, 26.263843536376953, 143.743896484375, 60.21145248413086, -15.917401313781738, -65.32279968261719, -12.765755653381348, -30.434520721435547, -18.42369842529297, -103.29645538330078, -70.03396606445312], [836.8319091796875, -75.65741729736328, 26.263843536376953, 398.4173889160156, 105.82032012939453, 183.1350555419922, 154.16285705566406, 186.10345458984375, 113.48636627197266, 93.64557647705078, 44.657798767089844, 120.94307708740234, 72.10050964355469], [46.25324249267578, 226.35923767089844, 143.743896484375, 105.82032012939453, 195.0088653564453, 137.84962463378906, 56.00318908691406, 60.05685806274414, 52.445194244384766, 10.359318733215332, 23.588998794555664, 45.09368133544922, 47.62291717529297], [456.31768798828125, -52.25673294067383, 60.21145248413086, 183.1350555419922, 137.84962463378906, 283.0342712402344, 143.06103515625, 179.38168334960938, 138.42755126953125, 67.06316375732422, 27.39412498474121, 79.51319122314453, 92.21189880371094], [195.03260803222656, -26.8564510345459, -15.917401313781738, 154.16285705566406, 56.00318908691406, 143.06103515625, 195.02642822265625, 167.3671417236328, 77.91516876220703, 49.3155517578125, 5.822083473205566, 46.487850189208984, 56.65579605102539], [412.28155517578125, -185.78944396972656, -65.32279968261719, 186.10345458984375, 60.05685806274414, 179.38168334960938, 167.3671417236328, 257.799560546875, 147.0775604248047, 59.00225067138672, 23.406105041503906, 121.09379577636719, 100.58253479003906], [306.9934387207031, -86.02040100097656, -12.765755653381348, 113.48636627197266, 52.445194244384766, 138.42755126953125, 77.91516876220703, 147.0775604248047, 189.30474853515625, 125.48414611816406, 46.868431091308594, 43.56848907470703, 45.5438232421875], [327.70196533203125, -107.20246124267578, -30.434520721435547, 93.64557647705078, 10.359318733215332, 67.06316375732422, 49.3155517578125, 59.00225067138672, 125.48414611816406, 196.11456298828125, 82.81676483154297, -23.070110321044922, -3.8830199241638184], [92.59558868408203, -50.20269012451172, -18.42369842529297, 44.657798767089844, 23.588998794555664, 27.39412498474121, 5.822083473205566, 23.406105041503906, 46.868431091308594, 82.81676483154297, 126.4286880493164, 87.2778091430664, 22.3237247467041], [235.29916381835938, -186.38157653808594, -103.29645538330078, 120.94307708740234, 45.09368133544922, 79.51319122314453, 46.487850189208984, 121.09379577636719, 43.56848907470703, -23.070110321044922, 87.2778091430664, 309.9403991699219, 158.10069274902344], [90.04300689697266, -119.32115173339844, -70.03396606445312, 72.10050964355469, 47.62291717529297, 92.21189880371094, 56.65579605102539, 100.58253479003906, 45.5438232421875, -3.8830199241638184, 22.3237247467041, 158.10069274902344, 171.5924072265625]], "lowlevel.mfcc.icov": [[0.0007664185832254589, -0.0001330035156570375, 0.0005389138823375106, -0.001598272705450654, 0.000879552389960736, -0.0016933485167101026, 0.002001078799366951, -0.0008922138367779553, 0.0011265985667705536, -0.0013990186853334308, 0.0010063982335850596, -0.0005394972977228463, 0.0009604885708540678], [-0.0001330035156570375, 0.002304754452779889, -0.0015274386387318373, 0.0003459707659203559, -0.002974732778966427, 0.002549982164055109, -0.003069480648264289, 0.002767909085378051, -0.0024740074295550585, 0.0023903786204755306, -0.0009447925258427858, 0.0009330105967819691, -0.0002760532661341131], [0.0005389138823375106, -0.0015274386387318373, 0.0048978435806930065, -0.001886444864794612, -0.0001351169339613989, -0.0033225396182388067, 0.002999718300998211, -0.0004655611119233072, 0.0009737728978507221, -7.54257634980604e-05, 3.1568077247356996e-05, 0.0006157664465717971, 0.0017205660697072744], [-0.001598272705450654, 0.0003459707659203559, -0.001886444864794612, 0.008926876820623875, -0.0032890920992940664, 0.002749428153038025, -0.0052487957291305065, -0.0006029651849530637, 0.0003378460824023932, -0.0018606906523928046, 0.0009655700996518135, -0.0023432790767401457, -1.8165064830100164e-05], [0.000879552389960736, -0.002974732778966427, -0.0001351169339613989, -0.0032890920992940664, 0.015689386054873466, -0.008854075334966183, 0.005094150546938181, -0.0023025795817375183, 0.0024756533093750477, -0.0012661744840443134, -0.0008673996780999005, -0.0007967497804202139, -0.0009705422562547028], [-0.0016933485167101026, 0.002549982164055109, -0.0033225396182388067, 0.002749428153038025, -0.008854075334966183, 0.017245016992092133, -0.010036901570856571, 0.0027208966203033924, -0.008684021420776844, 0.005741138942539692, -0.003009222215041518, 0.002866234863176942, -0.004755045752972364], [0.002001078799366951, -0.003069480648264289, 0.002999718300998211, -0.0052487957291305065, 0.005094150546938181, -0.010036901570856571, 0.024249935522675514, -0.01695752888917923, 0.013019812293350697, -0.010291828773915768, 0.0048337215557694435, -0.0007392049301415682, 0.002522069029510021], [-0.0008922138367779553, 0.002767909085378051, -0.0004655611119233072, -0.0006029651849530637, -0.0023025795817375183, 0.0027208966203033924, -0.01695752888917923, 0.026309775188565254, -0.01778922788798809, 0.010945777408778667, -0.0021545684430748224, -0.00048094146768562496, -0.002497202716767788], [0.0011265985667705536, -0.0024740074295550585, 0.0009737728978507221, 0.0003378460824023932, 0.0024756533093750477, -0.008684021420776844, 0.013019812293350697, -0.01778922788798809, 0.02772524394094944, -0.019654491916298866, 0.007407670374959707, -0.0044655948877334595, 0.0033994459081441164], [-0.0013990186853334308, 0.0023903786204755306, -7.54257634980604e-05, -0.0018606906523928046, -0.0012661744840443134, 0.005741138942539692, -0.010291828773915768, 0.010945777408778667, -0.019654491916298866, 0.029093287885189056, -0.019294703379273415, 0.012437321245670319, -0.005678600165992975], [0.0010063982335850596, -0.0009447925258427858, 3.1568077247356996e-05, 0.0009655700996518135, -0.0008673996780999005, -0.003009222215041518, 0.0048337215557694435, -0.0021545684430748224, 0.007407670374959707, -0.019294703379273415, 0.02579755149781704, -0.014076572842895985, 0.00715772295370698], [-0.0005394972977228463, 0.0009330105967819691, 0.0006157664465717971, -0.0023432790767401457, -0.0007967497804202139, 0.002866234863176942, -0.0007392049301415682, -0.00048094146768562496, -0.0044655948877334595, 0.012437321245670319, -0.014076572842895985, 0.015339238569140434, -0.009460493922233582], [0.0009604885708540678, -0.0002760532661341131, 0.0017205660697072744, -1.8165064830100164e-05, -0.0009705422562547028, -0.004755045752972364, 0.002522069029510021, -0.002497202716767788, 0.0033994459081441164, -0.005678600165992975, 0.00715772295370698, -0.009460493922233582, 0.01605205237865448]], "metadata.audio_properties.analysis.downmix": "mix", "metadata.audio_properties.codec": "mp3", "metadata.audio_properties.md5_encoded": "13bf0d100ab74e3184169413909b977d", "metadata.tags.file_name": "1182274623094665236.mp3", "metadata.version.essentia": "2.1-beta6-dev", "metadata.version.essentia_git_sha": "v2.1_beta5-1110-g77a6a954", "metadata.version.extractor": "music 2.0", "tonal.chords_key": "A", "tonal.chords_scale": "minor", "tonal.key_edma.key": "D", "tonal.key_edma.scale": "major", "tonal.key_krumhansl.key": "D", "tonal.key_krumhansl.scale": "major", "tonal.key_temperley.key": "D", "tonal.key_temperley.scale": "major", "metadata.tags.encoding": ["Lavf58.45.100"]}, "essentia_models": [{"model_name": "genre_dortmund", "activations": {"alternative": "0.013187276", "blues": "0.026406981", "electronic": "0.09762131", 