{"song_id": "1182268376211537940", "download": "https://cdn.discordapp.com/attachments/1135903449314238464/1182268376211537940/chirp.mp4?ex=6584143a&amp", "lyrics": "gululu gululu, let's go brush our teeth\n\nBrush your teeth up and down\n\nClean along gaps with care\nCavities go buzz buzz away\n\nTooth by tooth ding ding hooray\n\nChorus:\nHappily sing tra la la\nBrush diligently everyday\nFight tooth decay\nSmile bright, hip hip hooray\n\nVerse 2:\nCircle round those whites\n\nShoo away tiny bugs\n\nTooth by tooth make bright\nRinse and gargle after right\n\nChorus:\n\nHappily sing tra la la\nBrush diligently everyday\nFight tooth decay\nSmile bright, hip hip hooray", "style": ["happy song for kids"], "essentia_features": {"lowlevel.average_loudness": 0.9656992554664612, "lowlevel.barkbands_crest.mean": 14.85183048248291, "lowlevel.barkbands_crest.stdev": 5.486372947692871, "lowlevel.barkbands_flatness_db.mean": 0.3034506142139435, "lowlevel.barkbands_flatness_db.stdev": 0.0904991403222084, "lowlevel.barkbands_kurtosis.mean": 39.54384994506836, "lowlevel.barkbands_kurtosis.stdev": 93.01448059082031, "lowlevel.barkbands_skewness.mean": 3.362706184387207, "lowlevel.barkbands_skewness.stdev": 4.357077598571777, "lowlevel.barkbands_spread.mean": 11.396458625793457, "lowlevel.barkbands_spread.stdev": 15.993825912475586, "lowlevel.dissonance.mean": 0.3835694193840027, "lowlevel.dissonance.stdev": 0.07138386368751526, "lowlevel.dynamic_complexity": 5.378773212432861, "lowlevel.erbbands_crest.mean": 15.311851501464844, "lowlevel.erbbands_crest.stdev": 6.095258712768555, "lowlevel.erbbands_flatness_db.mean": 0.3002486824989319, "lowlevel.erbbands_flatness_db.stdev": 0.07587892562150955, "lowlevel.erbbands_kurtosis.mean": 14.142158508300781, "lowlevel.erbbands_kurtosis.stdev": 22.93906021118164, "lowlevel.erbbands_skewness.mean": 2.073550224304199, "lowlevel.erbbands_skewness.stdev": 2.471370220184326, "lowlevel.erbbands_spread.mean": 24.19398307800293, "lowlevel.erbbands_spread.stdev": 26.79354476928711, "lowlevel.hfc.mean": 7.45410680770874, "lowlevel.hfc.stdev": 9.829554557800293, "lowlevel.loudness_ebu128.integrated": -15.261388778686523, "lowlevel.loudness_ebu128.loudness_range": 2.100261688232422, "lowlevel.loudness_ebu128.momentary.mean": -15.744329452514648, "lowlevel.loudness_ebu128.momentary.stdev": 2.267148017883301, "lowlevel.loudness_ebu128.short_term.mean": -15.303682327270508, "lowlevel.loudness_ebu128.short_term.stdev": 0.694212794303894, "lowlevel.melbands_crest.mean": 17.718353271484375, "lowlevel.melbands_crest.stdev": 6.27765417098999, "lowlevel.melbands_flatness_db.mean": 0.3259113132953644, "lowlevel.melbands_flatness_db.stdev": 0.10869809240102768, "lowlevel.melbands_kurtosis.mean": 59.32656478881836, "lowlevel.melbands_kurtosis.stdev": 102.68698120117188, "lowlevel.melbands_skewness.mean": 4.195249557495117, "lowlevel.melbands_skewness.stdev": 4.003345489501953, "lowlevel.melbands_spread.mean": 17.7512149810791, "lowlevel.melbands_spread.stdev": 35.49738311767578, "lowlevel.pitch_salience.mean": 0.49218514561653137, "lowlevel.pitch_salience.stdev": 0.16050535440444946, "lowlevel.silence_rate_20dB.mean": 1.0, "lowlevel.silence_rate_20dB.stdev": 0.0, "lowlevel.silence_rate_30dB.mean": 1.0, "lowlevel.silence_rate_30dB.stdev": 0.0, "lowlevel.silence_rate_60dB.mean": 0.33198145031929016, "lowlevel.silence_rate_60dB.stdev": 0.4709225296974182, "lowlevel.spectral_centroid.mean": 1129.578125, "lowlevel.spectral_centroid.stdev": 1325.347412109375, "lowlevel.spectral_complexity.mean": 4.552722930908203, "lowlevel.spectral_complexity.stdev": 3.193342685699463, "lowlevel.spectral_decrease.mean": -2.9430073933411904e-09, "lowlevel.spectral_decrease.stdev": 4.927157348788569e-09, "lowlevel.spectral_energy.mean": 0.011783693917095661, "lowlevel.spectral_energy.stdev": 0.01927966997027397, "lowlevel.spectral_energyband_high.mean": 0.0002439691888866946, "lowlevel.spectral_energyband_high.stdev": 0.0005960162379778922, "lowlevel.spectral_energyband_low.mean": 1.2076960729245911e-06, "lowlevel.spectral_energyband_low.stdev": 5.10282052346156e-06, "lowlevel.spectral_energyband_middle_high.mean": 0.0008989997440949082, "lowlevel.spectral_energyband_middle_high.stdev": 0.0026579545810818672, "lowlevel.spectral_energyband_middle_low.mean": 0.010683269239962101, "lowlevel.spectral_energyband_middle_low.stdev": 0.019033215939998627, "lowlevel.spectral_entropy.mean": 6.422163963317871, "lowlevel.spectral_entropy.stdev": 0.9905811548233032, "lowlevel.spectral_flux.mean": 0.04874012619256973, "lowlevel.spectral_flux.stdev": 0.05502896383404732, "lowlevel.spectral_kurtosis.mean": 12.9730863571167, "lowlevel.spectral_kurtosis.stdev": 21.41451644897461, "lowlevel.spectral_rms.mean": 0.002671223832294345, "lowlevel.spectral_rms.stdev": 0.002088259905576706, "lowlevel.spectral_rolloff.mean": 1896.758056640625, "lowlevel.spectral_rolloff.stdev": 3126.770263671875, "lowlevel.spectral_skewness.mean": 2.3799054622650146, "lowlevel.spectral_skewness.stdev": 1.6640604734420776, "lowlevel.spectral_spread.mean": 4957267.5, "lowlevel.spectral_spread.stdev": 3350077.5, "lowlevel.spectral_strongpeak.mean": 1.0203437805175781, "lowlevel.spectral_strongpeak.stdev": 0.9815363883972168, "lowlevel.zerocrossingrate.mean": 0.07448948174715042, "lowlevel.zerocrossingrate.stdev": 0.09409309923648834, "metadata.audio_properties.analysis.equal_loudness": 0.0, "metadata.audio_properties.analysis.length": 40.04265213012695, "metadata.audio_properties.analysis.sample_rate": 44100.0, "metadata.audio_properties.analysis.start_time": 0.0, "metadata.audio_properties.bit_rate": 124671.0, "metadata.audio_properties.length": 40.042667388916016, "metadata.audio_properties.lossless": 0.0, "metadata.audio_properties.number_channels": 1.0, "metadata.audio_properties.replay_gain": -15.517271995544434, "metadata.audio_properties.sample_rate": 48000.0, "rhythm.beats_count": 73.0, "rhythm.beats_loudness.mean": 0.03260555863380432, "rhythm.beats_loudness.stdev": 0.01636986993253231, "rhythm.bpm": 110.13427734375, "rhythm.bpm_histogram_first_peak_bpm": 110.0, "rhythm.bpm_histogram_first_peak_weight": 0.5714285373687744, "rhythm.bpm_histogram_second_peak_bpm": 103.0, "rhythm.bpm_histogram_second_peak_spread": 0.40000003576278687, "rhythm.bpm_histogram_second_peak_weight": 0.0416666679084301, "rhythm.danceability": 1.826486587524414, "rhythm.onset_rate": 4.169327735900879, "tonal.chords_changes_rate": 0.054398149251937866, "tonal.chords_number_rate": 0.011574073694646358, "tonal.chords_strength.mean": 0.589651346206665, "tonal.chords_strength.stdev": 0.08811645954847336, "tonal.hpcp_crest.mean": 16.581483840942383, "tonal.hpcp_crest.stdev": 7.741534233093262, "tonal.hpcp_entropy.mean": 1.5902633666992188, "tonal.hpcp_entropy.stdev": 0.699018120765686, "tonal.key_edma.strength": 0.6741477847099304, "tonal.key_krumhansl.strength": 0.6650161743164062, "tonal.key_temperley.strength": 0.6501144170761108, "tonal.tuning_diatonic_strength": 0.622153639793396, "tonal.tuning_equal_tempered_deviation": 0.1784602552652359, "tonal.tuning_frequency": 436.960693359375, "tonal.tuning_nontempered_energy_ratio": 0.8939152359962463, "lowlevel.barkbands.mean": [3.0313594834296964e-07, 3.0748859103368886e-07, 4.2435195268808457e-07, 1.499673317084671e-06, 0.0008880243403837085, 0.0065055121667683125, 0.002074665389955044, 0.0005148669588379562, 0.0005944848526269197, 0.00022514784359373152, 0.00019437303126323968, 9.869484347291291e-05, 0.00011443280527601019, 9.873681847238913e-05, 8.697535668034106e-05, 2.1584535716101527e-05, 3.3458327379776165e-05, 2.7110478185932152e-05, 4.4531214371090755e-05, 3.178388942615129e-05, 6.821489660069346e-05, 1.7010079318424687e-05, 3.0373959816643037e-05, 3.643664967967197e-05, 3.925995042663999e-05, 3.5001889045815915e-05, 4.7410591719199147e-07], "lowlevel.barkbands.stdev": [1.009876996249659e-06, 1.1483217576824245e-06, 2.3648831302125473e-06, 7.8308967204066e-06, 0.0015708992723375559, 0.01694677025079727, 0.0035910620354115963, 0.0009662818047218025, 0.0015867679612711072, 0.0009568738751113415, 0.0008847761200740933, 0.0007749893120490015, 0.0010351388482376933, 0.00043292102054692805, 0.0005638878792524338, 8.516124216839671e-05, 0.00015411575441248715, 9.985426731873304e-05, 0.00015665381215512753, 0.00011927741434192285, 0.00016504988889209926, 7.602589903399348e-05, 0.00014155804819893092, 9.647993283579126e-05, 0.00018410470511298627, 0.00021416715753730386, 2.999881189680309e-06], "lowlevel.erbbands.mean": [1.322848675044952e-05, 8.765971870161593e-05, 0.0005326684913598001, 0.00493596913293004, 0.1170867383480072, 3.718008041381836, 13.63754940032959, 70.19963836669922, 47.48793411254883, 17.908546447753906, 9.327034950256348, 15.148724555969238, 8.811960220336914, 7.381579399108887, 6.36582612991333, 4.712514877319336, 5.0762810707092285, 4.724556922912598, 4.855693817138672, 3.0090034008026123, 1.471122145652771, 1.7246953248977661, 1.6310585737228394, 2.236004590988159, 1.828173041343689, 1.5412052869796753, 2.8590505123138428, 1.9159281253814697, 0.6779177784919739, 0.6572163105010986, 0.8928787112236023, 0.815555214881897, 0.5652803778648376, 0.4430304765701294, 0.2924288511276245, 0.16198250651359558, 0.05978822708129883, 0.007063255179673433, 0.00014534463116433471, 1.9158018403686583e-05], "lowlevel.erbbands.stdev": [4.024324152851477e-05, 0.00029246750636957586, 0.0020883067045360804, 0.015231494791805744, 0.23887184262275696, 6.888551235198975, 25.640178680419922, 192.8774871826172, 86.68923950195312, 30.301223754882812, 17.4188232421875, 41.62269592285156, 33.19989776611328, 31.805492401123047, 25.167985916137695, 33.344085693359375, 44.31000518798828, 21.293359756469727, 25.714435577392578, 17.11589813232422, 5.173864841461182, 7.863760471343994, 6.209185600280762, 8.716303825378418, 6.233249187469482, 5.786507606506348, 7.297909736633301, 4.884756088256836, 2.9120800495147705, 3.5255820751190186, 3.9522838592529297, 2.5155632495880127, 1.5544960498809814, 2.109998941421509, 1.5263444185256958, 1.0019352436065674, 0.3624444901943207, 0.041282981634140015, 0.000782147457357496, 3.624091186793521e-05], "lowlevel.gfcc.mean": [-198.95236206054688, 48.254608154296875, -131.35614013671875, -17.21567726135254, -120.33807373046875, -43.978694915771484, -71.20818328857422, -6.071423053741455, -28.06796646118164, 9.163134574890137, -0.6157791614532471, 0.45732375979423523, 6.208480358123779], "lowlevel.melbands.mean": [1.001441134462766e-07, 1.780274061502496e-07, 1.1629279015323846e-06, 0.00010586179996607825, 0.00044504620018415153, 0.0014652492245659232, 0.0006902010063640773, 0.00016923372459132224, 7.696943794144318e-05, 9.20661332202144e-05, 4.096772681805305e-05, 2.8616521376534365e-05, 2.562239569670055e-05, 1.3642455087392591e-05, 1.1425780030549504e-05, 9.572301678417716e-06, 8.830923434288707e-06, 8.037251063797157e-06, 5.848385626450181e-06, 2.167126240237849e-06, 1.658855921959912e-06, 1.6981010730887647e-06, 1.979372882487951e-06, 1.1744468793040141e-06, 1.8889693365053972e-06, 1.6311870467689005e-06, 9.491562877883553e-07, 9.59446765591565e-07, 1.5866248759266455e-06, 2.17961564885627e-06, 6.869964863653877e-07, 3.8140979086165316e-07, 2.8236084403943096e-07, 4.107229472083418e-07, 5.062194077254389e-07, 5.436930337054946e-07, 4.823528456654458e-07, 4.14049338814948e-07, 3.437289990415593e-07, 3.8547710801140056e-07], "lowlevel.melbands.stdev": [3.5255141028756043e-07, 8.332523293574923e-07, 5.842372502229409e-06, 0.0002042183477897197, 0.0007969950675033033, 0.00391269288957119, 0.0012378474930301309, 0.00029574744985438883, 0.00016783140017651021, 0.00024211427080444992, 0.0001657465036259964, 0.00012965500354766846, 0.0001115803315769881, 0.00010773035319289193, 0.0001034778033499606, 8.491078187944368e-05, 4.106408232473768e-05, 4.114285911782645e-05, 4.5830434828531e-05, 9.320145181845874e-06, 6.691046110063326e-06, 9.514374141872395e-06, 9.447952834307216e-06, 4.061858817294706e-06, 8.432740287389606e-06, 6.662266969215125e-06, 3.899725015799049e-06, 3.853932867059484e-06, 4.796469511347823e-06, 5.712897745979717e-06, 1.9262038222223055e-06, 1.7679370785117499e-06, 1.3911943597122445e-06, 2.4027281142480206e-06, 2.4978965029731626e-06, 1.9795866137428675e-06, 1.427547886123648e-06, 1.0850558282982092e-06, 1.3030966101723607e-06, 2.0649322323151864e-06], "lowlevel.melbands128.mean": [1.119769592605735e-07, 8.682910390689358e-08, 1.0049965482039624e-07, 1.1523278686809135e-07, 1.5112446760667808e-07, 2.316190119699968e-07, 3.3636609941822826e-07, 9.729516250445158e-07, 3.019722498720512e-06, 2.004531597776804e-05, 0.0002133440284524113, 0.0003972030826844275, 0.0002830195880960673, 0.0007456690655089915, 0.001759099424816668, 0.0019524176605045795, 0.0008127514156512916, 0.0006101339822635055, 0.0002899899845942855, 0.00015520842862315476, 0.0001450575073249638, 5.635135676129721e-05, 6.209791172295809e-05, 9.401182614965364e-05, 0.00012538256123661995, 7.913825538707897e-05, 5.1143251766916364e-05, 4.4593907659873366e-05, 2.0628896891139448e-05, 2.911824958573561e-05, 2.6854029783862643e-05, 3.717700747074559e-05, 3.338270107633434e-05, 9.904241778713185e-06, 1.183717540698126e-05, 2.0359297195682302e-05, 7.898306648712605e-06, 7.056298272800632e-06, 1.9524375602486543e-05, 8.87841815710999e-06, 7.902070137788542e-06, 7.863628525228705e-06, 8.704084393684752e-06, 9.578599929227494e-06, 9.247569323633797e-06, 7.111729701136937e-06, 7.635354450030718e-06, 6.542375558638014e-06, 5.222062554821605e-06, 3.4050435715471394e-06, 1.024096832225041e-06, 1.7841418866737513e-06, 1.6134525822053547e-06, 1.619078716430522e-06, 1.7962327092391206e-06, 1.5570287814625772e-06, 1.381043375658919e-06, 3.0125552257231902e-06, 1.690909357421333e-06, 1.229738927577273e-06, 9.597243888492812e-07, 1.2160196547483793e-06, 1.819891735976853e-06, 2.5251940769521752e-06, 1.1994609394605504e-06, 2.150579803128494e-06, 1.3878518529963912e-06, 7.793267400302284e-07, 8.001371156751702e-07, 1.2803649269699235e-06, 7.876006407059322e-07, 8.52610128276865e-07, 1.3459867886922439e-06, 1.7718065237204428e-06, 1.826913830882404e-06, 2.3244970179803204e-06, 2.7204291654925328e-06, 8.122919439301768e-07, 4.444256092028809e-07, 4.0682442659090157e-07, 3.734467384219897e-07, 4.021991344416165e-07, 3.2301852570526535e-07, 2.4134874365699943e-07, 2.668036245268013e-07, 3.4968746831509634e-07, 4.669032023230102e-07, 5.293629214975226e-07, 4.858873694502108e-07, 4.908318373963994e-07, 5.860182454853202e-07, 5.313106612447882e-07, 5.500997986018774e-07, 4.3942637262261997e-07, 4.894451990367088e-07, 4.692722654908721e-07, 3.917782862572494e-07, 3.322150519124989e-07, 3.5621528127194324e-07, 3.2433828778266616e-07, 3.871683134093473e-07, 4.3940337945969077e-07, 3.2158817475647083e-07, 3.1278972301151953e-07, 3.5913637930207187e-07, 3.085359026044898e-07, 3.043896867893636e-07, 3.5511027363099856e-07, 2.981819307024125e-07, 1.6290174187361117e-07, 3.1265412303582707e-07, 2.82390232086982e-07, 1.5808299735908804e-07, 1.302801990732405e-07, 1.1939111743686226e-07, 8.885569968697382e-08, 2.44069742194597e-08, 1.5150746213166144e-09, 2.470616766725442e-11, 1.9332664809301736e-12, 1.872240426928351e-12, 1.7704838246521137e-12, 1.7098138226437354e-12, 1.6757712838905148e-12, 1.6362355264101791e-12, 1.5923078827695392e-12, 1.5648381028465774e-12, 1.5538346434182393e-12], "lowlevel.melbands128.stdev": [4.1943002315747435e-07, 3.288373591203708e-07, 3.9603634149898426e-07, 4.70307554678584e-07, 7.446864174198708e-07, 1.3284163742355304e-06, 1.8576092770672403e-06, 5.370726739784004e-06, 1.7239513908862136e-05, 4.177501978119835e-05, 0.00043205596739426255, 0.0007029802654869854, 0.0004957439377903938, 0.0020345146767795086, 0.0053029307164251804, 0.005590916611254215, 0.0019635078497231007, 0.001326305908150971, 0.0005985594470985234, 0.00043089184327982366, 0.0003410429635550827, 0.0001648691250011325, 0.0001822820195229724, 0.0004006796807516366, 0.00045766308903694153, 0.00022129516582936049, 0.0002522554132156074, 0.00027126018540002406, 0.00014083804853726178, 0.00016983355453703552, 0.00021094050316605717, 0.0002141359291272238, 0.00017775998276192695, 6.116077565820888e-05, 0.00010782773460960016, 0.00021340955572668463, 7.283112790901214e-05, 8.869847806636244e-05, 0.00023791963758412749, 0.00011191842349944636, 0.00012023830640828237, 5.510387563845143e-05, 6.748035957571119e-05, 5.4378291679313406e-05, 5.5556265579070896e-05, 6.047972783562727e-05, 6.565158400917426e-05, 9.967165533453226e-05, 4.2505569581408054e-05, 2.0189852875773795e-05, 5.096971563034458e-06, 1.0945745088974945e-05, 7.707414624746889e-06, 1.041578252625186e-05, 1.4309560356196016e-05, 1.7069014575099573e-05, 7.5012753768533e-06, 2.061104532913305e-05, 1.0380744242866058e-05, 8.533186701242812e-06, 5.038329618400894e-06, 5.7077049859799445e-06, 7.974343134264927e-06, 1.6738682461436838e-05, 4.837494543608045e-06, 1.3044541447015945e-05, 6.234457032405771e-06, 4.051849373354344e-06, 5.23102698934963e-06, 7.229263701447053e-06, 4.001306479040068e-06, 3.7755521589133423e-06, 5.471328677231213e-06, 7.508841008529998e-06, 6.359299732139334e-06, 6.891659722896293e-06, 9.347451850771904e-06, 2.6210063879261725e-06, 1.4301089095170028e-06, 1.8530899978941306e-06, 2.0137288174737478e-06, 1.9901551695511444e-06, 1.8560516537036165e-06, 1.273441057492164e-06, 1.3153567124390975e-06, 2.2131398509372957e-06, 2.9699813239858486e-06, 3.0821338441455737e-06, 2.6538978090684395e-06, 2.4146618216036586e-06, 2.4869395929272287e-06, 2.13361067835649e-06, 1.904745204228675e-06, 1.7090252413254348e-06, 1.4574227407138096e-06, 1.3046122830928653e-06, 1.1456660331532476e-06, 1.4534981573888217e-06, 1.4015537317391136e-06, 1.5270101130226976e-06, 2.0978825432393933e-06, 2.6078103019244736e-06, 1.7592867607163498e-06, 1.8542427824286278e-06, 2.1945170374237932e-06, 1.9090971363766585e-06, 1.9352175968379015e-06, 2.521337819416658e-06, 1.8753155472950311e-06, 1.0959042811009567e-06, 2.929544052676647e-06, 1.8898278995038709e-06, 9.31005047277722e-07, 8.01607370704005e-07, 7.771146215418412e-07, 5.94103482853825e-07, 1.4217673083294358e-07, 1.91924307557656e-08, 4.255447105805388e-10, 4.972679386316958e-12, 4.770608821175193e-12, 3.79570593705969e-12, 3.5480212517979837e-12, 3.4860135611491927e-12, 3.434345039257658e-12, 3.392807736146697e-12, 3.362683178784187e-12, 3.3442417671919467e-12], "lowlevel.mfcc.mean": [-848.142822265625, 91.26006317138672, 3.2745449542999268, -4.422082424163818, -36.35926818847656, -52.03947448730469, -37.463470458984375, -44.344303131103516, -27.376008987426758, -12.978968620300293, -16.23241424560547, -0.2793750464916229, -10.168096542358398], "lowlevel.spectral_contrast_coeffs.mean": [-0.5037862062454224, -0.6166481971740723, -0.7183673977851868, -0.7735471129417419, -0.7805348634719849, -0.7663770318031311], "lowlevel.spectral_contrast_coeffs.stdev": [0.12442493438720703, 0.10567321628332138, 0.10496773570775986, 0.07326444983482361, 0.060075972229242325, 0.06072679162025452], "lowlevel.spectral_contrast_valleys.mean": [-10.950093269348145, -8.261528015136719, -10.048930168151855, -10.310629844665527, -9.80009937286377, -12.08175277709961], "lowlevel.spectral_contrast_valleys.stdev": [1.1516549587249756, 1.4265497922897339, 1.2485946416854858, 1.1799582242965698, 1.2119271755218506, 1.3941650390625], "rhythm.beats_loudness_band_ratio.mean": [0.0007021527853794396, 0.6759454011917114, 0.3038504123687744, 0.02907765470445156, 0.021124158054590225, 0.05132216215133667], "rhythm.beats_loudness_band_ratio.stdev": [0.003058574628084898, 0.2395649403333664, 0.1817135363817215, 0.06602489948272705, 0.057685524225234985, 0.19061876833438873], "tonal.hpcp.mean": [0.20386485755443573, 0.21316063404083252, 0.06264353543519974, 0.02929532155394554, 0.02285163849592209, 0.029903260990977287, 0.05366592854261398, 0.045251019299030304, 0.06543107330799103, 0.2751532793045044, 0.2462156116962433, 0.031825121492147446, 0.01328036654740572, 0.011542427353560925, 0.030660590156912804, 0.10771293938159943, 0.09801193326711655, 0.020583342760801315, 0.013866247609257698, 0.02429504320025444, 0.06803829222917557, 0.16949808597564697, 0.18112361431121826, 0.11200810223817825, 0.13540592789649963, 0.14002594351768494, 0.14513520896434784, 0.18257564306259155, 0.1267121136188507, 0.08959245681762695, 0.17426937818527222, 0.16876977682113647, 0.06541875004768372, 0.037070076912641525, 0.04025547578930855, 0.058588311076164246], "tonal.hpcp.stdev": [0.32130688428878784, 0.34821730852127075, 0.14899656176567078, 0.14125603437423706, 0.10567604005336761, 0.12369395792484283, 0.16873884201049805, 0.15161068737506866, 0.11303776502609253, 0.38227006793022156, 0.3431600332260132, 0.09754478186368942, 0.0711631029844284, 0.07485838979482651, 0.08717349916696548, 0.23774559795856476, 0.21778830885887146, 0.07573313266038895, 0.07478464394807816, 0.11493054032325745, 0.18757233023643494, 0.29801034927368164, 0.3091067969799042, 0.2456827312707901, 0.259556382894516, 0.25861749053001404, 0.2714462876319885, 0.32459864020347595, 0.24473591148853302, 0.21793486177921295, 0.3055458962917328, 0.30489951372146606, 0.17066563665866852, 0.12578341364860535, 0.1534455269575119, 0.18252135813236237], "rhythm.beats_position": [0.5804988741874695, 1.160997748374939, 1.7414965629577637, 2.345215320587158, 2.9489340782165527, 3.529433012008667, 4.086711883544922, 4.643990993499756, 5.189659595489502, 5.735328674316406, 6.2809977531433105, 6.826666355133057, 7.383945465087891, 7.929614543914795, 8.486893653869629, 9.032562255859375, 9.58984088897705, 10.147119522094727, 10.704399108886719, 11.261677742004395, 11.81895637512207, 12.364625930786133, 12.910294532775879, 13.467573165893555, 14.013242721557617, 14.558911323547363, 15.116189956665039, 15.661859512329102, 16.20752716064453, 16.764806747436523, 17.322086334228516, 17.856143951416016, 18.401813507080078, 18.94748306274414, 19.48154067993164, 20.015600204467773, 20.572879791259766, 21.1069393157959, 21.652606964111328, 22.18666648864746, 22.662675857543945, 23.13868522644043, 23.64952278137207, 24.171972274780273, 24.706031799316406, 25.240089416503906, 25.77414894104004, 26.3198184967041, 26.86548614501953, 27.399545669555664, 27.945215225219727, 28.49088478088379, 29.02494239807129, 29.57061195373535, 30.116281509399414, 30.650339126586914, 31.184398651123047, 31.71845817565918, 32.26412582397461, 32.80979537963867, 33.34385299682617, 33.87791442871094, 34.423583984375, 34.9692497253418, 35.50331115722656, 36.06058883666992, 36.61786651611328, 37.15192794799805, 37.69759750366211, 38.243263244628906, 38.77732467651367, 39.31138229370117, 39.86865997314453], "rhythm.bpm_histogram": [0.0, 0.0, 0.0, 0.0, 0.0, 0.0, 0.0, 0.0, 0.0, 0.0, 0.0, 0.0, 0.0, 0.0, 0.0, 0.0, 0.0, 0.0, 0.0, 0.0, 0.0, 0.0, 0.0, 0.0, 0.0, 0.0, 0.0, 0.0, 0.0, 0.0, 0.0, 0.0, 0.0, 0.0, 0.0, 0.0, 0.0, 0.0, 0.0, 0.0, 0.0, 0.0, 0.0, 0.0, 0.0, 0.0, 0.0, 0.0, 0.0, 0.0, 0.0, 0.0, 0.0, 0.0, 0.0, 0.0, 0.0, 0.0, 0.0, 0.0, 0.0, 0.0, 0.0, 0.0, 0.0, 0.0, 0.0, 0.0, 0.0, 0.0, 0.0, 0.0, 0.0, 0.0, 0.0, 0.0, 0.0, 0.0, 0.0, 0.0, 0.0, 0.0, 0.0, 0.0, 0.0, 0.0, 0.0, 0.0, 0.0, 0.0, 0.0, 0.0, 0.0, 0.0, 0.0, 0.0, 0.0, 0.0, 0.0, 0.02777777798473835, 0.0, 0.0, 0.0, 0.0416666679084301, 0.0, 0.0, 0.0, 0.0, 0.2361111044883728, 0.0, 0.375, 0.0, 0.2638888955116272, 0.0, 0.0, 0.013888888992369175, 0.0, 0.013888888992369175, 0.0, 0.0, 0.0, 0.0, 0.0, 0.0, 0.0, 0.0, 0.02777777798473835, 0.0, 0.0, 0.0, 0.0, 0.0, 0.0, 0.0, 0.0, 0.0, 0.0, 0.0, 0.0, 0.0, 0.0, 0.0, 0.0, 0.0, 0.0, 0.0, 0.0, 0.0, 0.0, 0.0, 0.0, 0.0, 0.0, 0.0, 0.0, 0.0, 0.0, 0.0, 0.0, 0.0, 0.0, 0.0, 0.0, 0.0, 0.0, 0.0, 0.0, 0.0, 0.0, 0.0, 0.0, 0.0, 0.0, 0.0, 0.0, 0.0, 0.0, 0.0, 0.0, 0.0, 0.0, 0.0, 0.0, 0.0, 0.0, 0.0, 0.0, 0.0, 0.0, 0.0, 0.0, 0.0, 0.0, 0.0, 0.0, 0.0, 0.0, 0.0, 0.0, 0.0, 0.0, 0.0, 0.0, 0.0, 0.0, 0.0, 0.0, 0.0, 0.0, 0.0, 0.0, 0.0, 0.0, 0.0, 0.0, 0.0, 0.0, 0.0, 0.0, 0.0, 0.0, 0.0, 0.0, 0.0, 0.0, 0.0, 0.0, 0.0, 0.0, 0.0, 0.0, 0.0, 0.0, 0.0, 0.0, 0.0, 0.0, 0.0, 0.0, 0.0, 0.0, 0.0, 0.0, 0.0, 0.0, 0.0, 0.0, 0.0, 0.0, 0.0], "tonal.chords_histogram": [41.89814758300781, 4.861111164093018, 19.560184478759766, 1.1574074029922485, 6.25, 3.819444417953491, 10.648148536682129, 0.0, 0.0, 0.0, 0.11574073880910873, 0.0, 0.0, 0.0, 0.0, 0.0, 0.0, 1.6203703880310059, 0.0, 0.0, 0.0, 1.0416666269302368, 0.0, 9.027777671813965], "tonal.thpcp": [1.0, 0.8948307633399963, 0.11566324532032013, 0.04826534166932106, 0.0419490821659565, 0.11143094301223755, 0.3914652168750763, 0.356208473443985, 0.0748068243265152, 0.05039462819695473, 0.08829639852046967, 0.24727414548397064, 0.6160133481025696, 0.6582643985748291, 0.40707528591156006, 0.4921109080314636, 0.5089015960693359, 0.5274704098701477, 0.6635415554046631, 0.460514634847641, 0.3256092667579651, 0.6333538293838501, 0.613366425037384, 0.23775383830070496, 0.1347251832485199, 0.1463019996881485, 0.21292972564697266, 0.7409138083457947, 0.7746977806091309, 0.22766777873039246, 0.10646909475326538, 0.08305057883262634, 0.10867855697870255, 0.19504012167453766, 0.1644574999809265, 0.23779863119125366], "lowlevel.gfcc.cov": [[13381.9775390625, 735.2733764648438, -1111.624267578125, -526.22900390625, -1095.1337890625, 277.8851623535156, 51.57034683227539, -221.98275756835938, 33.60261154174805, -244.65940856933594, 165.9442138671875, -156.1855010986328, 458.64373779296875], [735.2733764648438, 5382.14892578125, -518.1466064453125, -1052.824462890625, 191.3545684814453, -1152.1427001953125, 102.2034683227539, -469.2997131347656, 352.9471740722656, -449.9069519042969, 34.63747024536133, -773.8314208984375, 263.20745849609375], [-1111.624267578125, -518.1466064453125, 1998.5343017578125, 114.6585922241211, -117.58692932128906, -146.67234802246094, -331.3699645996094, -34.542083740234375, 34.19747543334961, 107.8883056640625, -227.50094604492188, 268.5372314453125, -260.5350646972656], [-526.22900390625, -1052.824462890625, 114.6585922241211, 887.3610229492188, -64.76537322998047, -2.8072938919067383, -68.53189849853516, 66.00699615478516, -40.66353988647461, 8.55221939086914, 27.637069702148438, 177.07562255859375, -79.02747344970703], [-1095.1337890625, 191.3545684814453, -117.58692932128906, -64.76537322998047, 453.9650573730469, 5.733723163604736, -39.101951599121094, -5.448919296264648, -63.35828399658203, 34.68870162963867, -18.30322265625, 4.454072952270508, -21.276580810546875], [277.8851623535156, -1152.1427001953125, -146.67234802246094, -2.8072938919067383, 5.733723163604736, 655.2400512695312, 50.989288330078125, 51.55253219604492, -181.5071258544922, 153.3113250732422, 16.018314361572266, 95.48661041259766, 1.1337610483169556], [51.57034683227539, 102.2034683227539, -331.3699645996094, -68.53189849853516, -39.101951599121094, 50.989288330078125, 318.9206848144531, 16.905818939208984, -11.90950870513916, -39.10122299194336, 2.600531578063965, -89.20874786376953, 25.87006187438965], [-221.98275756835938, -469.2997131347656, -34.542083740234375, 66.00699615478516, -5.448919296264648, 51.55253219604492, 16.905818939208984, 262.7135009765625, -5.078445911407471, -58.14689636230469, -30.245162963867188, 51.47899627685547, -35.38657760620117], [33.60261154174805, 352.9471740722656, 34.19747543334961, -40.66353988647461, -63.35828399658203, -181.5071258544922, -11.90950870513916, -5.078445911407471, 219.84500122070312, -11.149096488952637, -16.898910522460938, -37.85356903076172, 4.450093746185303], [-244.65940856933594, -449.9069519042969, 107.8883056640625, 8.55221939086914, 34.68870162963867, 153.3113250732422, -39.10122299194336, -58.14689636230469, -11.149096488952637, 240.06956481933594, 25.063068389892578, 80.7680892944336, -30.646272659301758], [165.9442138671875, 34.63747024536133, -227.50094604492188, 27.637069702148438, -18.30322265625, 16.018314361572266, 2.600531578063965, -30.245162963867188, -16.898910522460938, 25.063068389892578, 204.31289672851562, 9.185317993164062, 47.48460006713867], [-156.1855010986328, -773.8314208984375, 268.5372314453125, 177.07562255859375, 4.454072952270508, 95.48661041259766, -89.20874786376953, 51.47899627685547, -37.85356903076172, 80.7680892944336, 9.185317993164062, 270.9060974121094, -57.23383712768555], [458.64373779296875, 263.20745849609375, -260.5350646972656, -79.02747344970703, -21.276580810546875, 1.1337610483169556, 25.87006187438965, -35.38657760620117, 4.450093746185303, -30.646272659301758, 47.48460006713867, -57.23383712768555, 176.35572814941406]], "lowlevel.gfcc.icov": [[0.00012469562352634966, -3.644105890998617e-05, 0.0001150053576566279, 7.285577885340899e-05, 0.0003726633731275797, -0.00010231970372842625, 0.00015325086133088917, 0.00011614023242145777, 5.242217957857065e-05, 0.0001115449340431951, 9.939360461430624e-05, -0.00018363891285844147, -8.921423432184383e-05], [-3.644105890998617e-05, 0.0011370974825695157, -4.858577449340373e-05, 0.0008326152455992997, -0.0006580808549188077, 0.0012949771480634809, 2.0346776636870345e-06, 0.0013616338837891817, -0.00044786796206608415, 0.0011469586752355099, -0.0004766455676872283, 0.0015833567595109344, -0.00026298497687093914], [0.0001150053576566279, -4.858577449340373e-05, 0.0011713443091139197, 0.00023172293731477112, 0.0008827614365145564, 0.00027336139464750886, 0.0009255150216631591, 0.0004364407213870436, 0.0003493682306725532, -0.0001986977586057037, 0.001168035320006311, -0.000998045550659299, 0.0009825248271226883], [7.285577885340899e-05, 0.0008326152455992997, 0.00023172293731477112, 0.002105960389599204, 0.00014220351295080036, 0.001157982274889946, 0.0003278727817814797, 0.0010216040536761284, 7.962541712913662e-05, 0.0010466091334819794, -0.0003609680279623717, 9.83751961030066e-05, 0.00032949395244941115], [0.0003726633731275797, -0.0006580808549188077, 0.0008827614365145564, 0.00014220351295080036, 0.004123668186366558, -0.00033319040085189044, 0.0011264660861343145, -0.0003671929589472711, 0.0016264163423329592, -0.0010130275040864944, 0.0012928509386256337, -0.0015349495224654675, 0.0005782371154054999], [-0.00010231970372842625, 0.0012949771480634809, 0.00027336139464750886, 0.001157982274889946, -0.00033319040085189044, 0.00443195691332221, -0.00030105377663858235, 0.0006426543113775551, 0.001854794449172914, -0.0009205666719935834, 4.568022268358618e-05, 0.0012721881503239274, -0.00044565534335561097], [0.00015325086133088917, 2.0346776636870345e-06, 0.0009255150216631591, 0.0003278727817814797, 0.0011264660861343145, -0.00030105377663858235, 0.0044773356057703495, 0.00011628113134065643, 0.0003707900468725711, 0.0003513731644488871, 0.000758294714614749, 0.0005601946613751352, 0.0006463328609243035], [0.00011614023242145777, 0.0013616338837891817, 0.0004364407213870436, 0.0010216040536761284, -0.0003671929589472711, 0.0006426543113775551, 0.00011628113134065643, 0.0068714735098183155, -0.001262933248654008, 0.003700423752889037, 0.00020392642181832343, 0.0002465810102876276, 0.0007816361030563712], [5.242217957857065e-05, -0.00044786796206608415, 0.0003493682306725532, 7.962541712913662e-05, 0.0016264163423329592, 0.001854794449172914, 0.0003707900468725711, -0.001262933248654008, 0.007123850751668215, -0.0022874297574162483, 0.0011103099677711725, -0.0003310341271571815, -2.3243846953846514e-05], [0.0001115449340431951, 0.0011469586752355099, -0.0001986977586057037, 0.0010466091334819794, -0.0010130275040864944, -0.0009205666719935834, 0.0003513731644488871, 0.003700423752889037, -0.0022874297574162483, 0.008299346081912518, -0.0014807317638769746, -7.287513881237828e-08, 0.0006468290230259299], [9.939360461430624e-05, -0.0004766455676872283, 0.001168035320006311, -0.0003609680279623717, 0.0012928509386256337, 4.568022268358618e-05, 0.000758294714614749, 0.00020392642181832343, 0.0011103099677711725, -0.0014807317638769746, 0.006877626292407513, -0.0018213726580142975, -0.0006261912058107555], [-0.00018363891285844147, 0.0015833567595109344, -0.000998045550659299, 9.83751961030066e-05, -0.0015349495224654675, 0.0012721881503239274, 0.0005601946613751352, 0.0002465810102876276, -0.0003310341271571815, -7.287513881237828e-08, -0.0018213726580142975, 0.008718022145330906, -0.0002138945710612461], [-8.921423432184383e-05, -0.00026298497687093914, 0.0009825248271226883, 0.00032949395244941115, 0.0005782371154054999, -0.00044565534335561097, 0.0006463328609243035, 0.0007816361030563712, -2.3243846953846514e-05, 0.0006468290230259299, -0.0006261912058107555, -0.0002138945710612461, 0.008240867406129837]], "lowlevel.mfcc.cov": [[13716.5966796875, 223.96438598632812, -614.87451171875, -802.33154296875, -765.6350708007812, -383.7908935546875, 72.944580078125, -343.22308349609375, 85.97238159179688, -57.29377746582031, -610.348388671875, 531.6859741210938, -411.01446533203125], [223.96438598632812, 4781.7705078125, -521.3849487304688, -259.5541076660156, -273.57806396484375, -621.2271118164062, -554.3764038085938, -502.6250305175781, 25.396331787109375, -22.275461196899414, 32.527584075927734, -94.96360778808594, -409.8275146484375], [-614.87451171875, -521.3849487304688, 1457.938720703125, 147.61390686035156, 32.3845100402832, 93.41345977783203, -303.6501770019531, 54.82050323486328, -69.71503448486328, -139.9496612548828, 163.0382080078125, -84.81813049316406, 90.16880798339844], [-802.33154296875, -259.5541076660156, 147.61390686035156, 743.2120971679688, 44.35816955566406, -60.031349182128906, -176.51275634765625, 105.17157745361328, -66.09284210205078, -103.83519744873047, 80.74503326416016, -23.643285751342773, 52.75726318359375], [-765.6350708007812, -273.57806396484375, 32.3845100402832, 44.35816955566406, 415.6451416015625, 47.06132125854492, 29.736793518066406, 25.620264053344727, -27.235881805419922, -28.68523406982422, -40.45479202270508, -16.678361892700195, 84.36073303222656], [-383.7908935546875, -621.2271118164062, 93.41345977783203, -60.031349182128906, 47.06132125854492, 489.35931396484375, 156.23538208007812, -21.560855865478516, -22.77027702331543, 41.47938537597656, 43.91453170776367, -70.77407836914062, 132.94393920898438], [72.944580078125, -554.3764038085938, -303.6501770019531, -176.51275634765625, 29.736793518066406, 156.23538208007812, 489.6074523925781, 53.143943786621094, 4.755327224731445, 97.51862335205078, -98.73908233642578, 22.85456657409668, -6.588502407073975], [-343.22308349609375, -502.6250305175781, 54.82050323486328, 105.17157745361328, 25.620264053344727, -21.560855865478516, 53.143943786621094, 295.65924072265625, 39.98813247680664, -21.012348175048828, 11.611867904663086, 10.491886138916016, 47.74271011352539], [85.97238159179688, 25.396331787109375, -69.71503448486328, -66.09284210205078, -27.235881805419922, -22.77027702331543, 4.755327224731445, 39.98813247680664, 211.4757537841797, 38.04158020019531, -17.224023818969727, 26.423851013183594, -28.107742309570312], [-57.29377746582031, -22.275461196899414, -139.9496612548828, -103.83519744873047, -28.68523406982422, 41.47938537597656, 97.51862335205078, -21.012348175048828, 38.04158020019531, 166.83694458007812, 14.29155158996582, -15.553709030151367, -25.263450622558594], [-610.348388671875, 32.527584075927734, 163.0382080078125, 80.74503326416016, -40.45479202270508, 43.91453170776367, -98.73908233642578, 11.611867904663086, -17.224023818969727, 14.29155158996582, 222.17689514160156, -14.080350875854492, 27.666425704956055], [531.6859741210938, -94.96360778808594, -84.81813049316406, -23.643285751342773, -16.678361892700195, -70.77407836914062, 22.85456657409668, 10.491886138916016, 26.423851013183594, -15.553709030151367, -14.080350875854492, 177.56900024414062, -12.51004409790039], [-411.01446533203125, -409.8275146484375, 90.16880798339844, 52.75726318359375, 84.36073303222656, 132.94393920898438, -6.588502407073975, 47.74271011352539, -28.107742309570312, -25.263450622558594, 27.666425704956055, -12.51004409790039, 229.34759521484375]], "lowlevel.mfcc.icov": [[0.000124620390124619, 4.2843137634918094e-05, 2.0626248442567885e-05, 0.00010450831177877262, 0.00023471986060030758, -9.056339877133723e-06, 0.00013144164404366165, 0.00010440040932735428, 6.216896144906059e-05, 5.682576011167839e-05, 0.0003471664385870099, -0.00029909631120972335, 0.00012438166595529765], [4.2843137634918094e-05, 0.00047560661914758384, 0.00024823856074362993, 0.00024921903968788683, 0.00016146049892995507, 0.00041166163282468915, 0.00046782835852354765, 0.0006026619812473655, -3.313856359454803e-05, 0.0002931731578428298, -0.00014923285925760865, 0.0004103426181245595, 0.0004303176829125732], [2.0626248442567885e-05, 0.00024823856074362993, 0.0010825799545273185, 0.0002474687062203884, 2.3985292500583455e-05, -0.00011456209176685661, 0.0007957762572914362, -5.537958713830449e-06, 0.00016440608305856586, 0.0007640834082849324, -0.0005221712053753436, 0.0004959100624546409, 0.0002739561896305531], [0.00010450831177877262, 0.00024921903968788683, 0.0002474687062203884, 0.0019561867229640484, 9.233145829057321e-05, 0.0002498110698070377, 0.0008316417806781828, -0.00037652687751688063, 0.0005321202916093171, 0.0008729050750844181, -0.0003141202323604375, 0.00021031666256021708, 0.0002195830747950822], [0.00023471986060030758, 0.00016146049892995507, 2.3985292500583455e-05, 9.233145829057321e-05, 0.0031909910030663013, 8.31795550766401e-05, 0.00011844320397358388, 0.00028146253316663206, 0.0002575253020040691, 0.00038199988193809986, 0.0012379206018522382, -0.00024687330005690455, -0.0006878109415993094], [-9.056339877133723e-06, 0.00041166163282468915, -0.00011456209176685661, 0.0002498110698070377, 8.31795550766401e-05, 0.003860324155539274, -0.0012934362748637795, 0.0014566158642992377, -0.0003999310720246285, 0.00020488059089984745, -0.0012160135665908456, 0.0017147723119705915, -0.001687919837422669], [0.00013144164404366165, 0.00046782835852354765, 0.0007957762572914362, 0.0008316417806781828, 0.00011844320397358388, -0.0012934362748637795, 0.004498108755797148, -0.0008935160585679114, 0.0010018192697316408, -0.0013471972197294235, 0.0016833650879561901, -0.0007236427045427263, 0.0013206145958974957], [0.00010440040932735428, 0.0006026619812473655, -5.537958713830449e-06, -0.00037652687751688063, 0.00028146253316663206, 0.0014566158642992377, -0.0008935160585679114, 0.005288113374263048, -0.0014285555807873607, 0.0010840421309694648, -0.0006311986362561584, 0.0005767822731286287, -0.0006696179625578225], [6.216896144906059e-05, -3.313856359454803e-05, 0.00016440608305856586, 0.0005321202916093171, 0.0002575253020040691, -0.0003999310720246285, 0.0010018192697316408, -0.0014285555807873607, 0.005741865839809179, -0.0015187481185421348, 0.0008936531958170235, -0.001101747271604836, 0.0006969146197661757], [5.682576011167839e-05, 0.0002931731578428298, 0.0007640834082849324, 0.0008729050750844181, 0.00038199988193809986, 0.00020488059089984745, -0.0013471972197294235, 0.0010840421309694648, -0.0015187481185421348, 0.008960062637925148, -0.0020762402564287186, 0.0015929937362670898, 0.000739086011890322], [0.0003471664385870099, -0.00014923285925760865, -0.0005221712053753436, -0.0003141202323604375, 0.0012379206018522382, -0.0012160135665908456, 0.0016833650879561901, -0.0006311986362561584, 0.0008936531958170235, -0.0020762402564287186, 0.007320120465010405, -0.0016949990531429648, -3.234564064769074e-05], [-0.00029909631120972335, 0.0004103426181245595, 0.0004959100624546409, 0.00021031666256021708, -0.00024687330005690455, 0.0017147723119705915, -0.0007236427045427263, 0.0005767822731286287, -0.001101747271604836, 0.0015929937362670898, -0.0016949990531429648, 0.007870623841881752, -0.0004159114614594728], [0.00012438166595529765, 0.0004303176829125732, 0.0002739561896305531, 0.0002195830747950822, -0.0006878109415993094, -0.001687919837422669, 0.0013206145958974957, -0.0006696179625578225, 0.0006969146197661757, 0.000739086011890322, -3.234564064769074e-05, -0.0004159114614594728, 0.0067506153136491776]], "metadata.audio_properties.analysis.downmix": "mix", "metadata