{"song_id": "1182276355128315954", "download": "https://cdn.discordapp.com/attachments/1135903449314238464/1182276355128315954/chirp.mp4?ex=65841ba8&amp", "lyrics": "Outro:\nGululu, gululu, what a wonderful feat,\nOur teeth are clean, oh so neat!\nTogether we've brushed, and had some fun,\nHealthy teeth for everyone!", "style": ["happy song for kids"], "essentia_features": {"lowlevel.average_loudness": 0.9817195534706116, "lowlevel.barkbands_crest.mean": 10.454840660095215, "lowlevel.barkbands_crest.stdev": 4.04416561126709, "lowlevel.barkbands_flatness_db.mean": 0.14753137528896332, "lowlevel.barkbands_flatness_db.stdev": 0.046105243265628815, "lowlevel.barkbands_kurtosis.mean": 6.039300441741943, "lowlevel.barkbands_kurtosis.stdev": 10.78007984161377, "lowlevel.barkbands_skewness.mean": 1.764733076095581, "lowlevel.barkbands_skewness.stdev": 1.4833635091781616, "lowlevel.barkbands_spread.mean": 26.761240005493164, "lowlevel.barkbands_spread.stdev": 19.516002655029297, "lowlevel.dissonance.mean": 0.4548724293708801, "lowlevel.dissonance.stdev": 0.029679277911782265, "lowlevel.dynamic_complexity": 1.7569679021835327, "lowlevel.erbbands_crest.mean": 11.253117561340332, "lowlevel.erbbands_crest.stdev": 5.666991233825684, "lowlevel.erbbands_flatness_db.mean": 0.1550072431564331, "lowlevel.erbbands_flatness_db.stdev": 0.05225557088851929, "lowlevel.erbbands_kurtosis.mean": 1.096008062362671, "lowlevel.erbbands_kurtosis.stdev": 4.1546831130981445, "lowlevel.erbbands_skewness.mean": 0.4506792724132538, "lowlevel.erbbands_skewness.stdev": 1.0676343441009521, "lowlevel.erbbands_spread.mean": 49.91486740112305, "lowlevel.erbbands_spread.stdev": 29.45459747314453, "lowlevel.hfc.mean": 29.350736618041992, "lowlevel.hfc.stdev": 15.71768569946289, "lowlevel.loudness_ebu128.integrated": -11.196166038513184, "lowlevel.loudness_ebu128.loudness_range": 1.304779052734375, "lowlevel.loudness_ebu128.momentary.mean": -11.31761646270752, "lowlevel.loudness_ebu128.momentary.stdev": 1.0616176128387451, "lowlevel.loudness_ebu128.short_term.mean": -11.27453899383545, "lowlevel.loudness_ebu128.short_term.stdev": 0.44762054085731506, "lowlevel.melbands_crest.mean": 14.63676643371582, "lowlevel.melbands_crest.stdev": 5.035576343536377, "lowlevel.melbands_flatness_db.mean": 0.20408032834529877, "lowlevel.melbands_flatness_db.stdev": 0.05039758235216141, "lowlevel.melbands_kurtosis.mean": 21.33049774169922, "lowlevel.melbands_kurtosis.stdev": 29.997098922729492, "lowlevel.melbands_skewness.mean": 3.220479965209961, "lowlevel.melbands_skewness.stdev": 2.2293529510498047, "lowlevel.melbands_spread.mean": 24.79619789123535, "lowlevel.melbands_spread.stdev": 20.959562301635742, "lowlevel.pitch_salience.mean": 0.4949951171875, "lowlevel.pitch_salience.stdev": 0.11083140224218369, "lowlevel.silence_rate_20dB.mean": 1.0, "lowlevel.silence_rate_20dB.stdev": 0.0, "lowlevel.silence_rate_30dB.mean": 1.0, "lowlevel.silence_rate_30dB.stdev": 0.0, "lowlevel.silence_rate_60dB.mean": 0.006451612804085016, "lowlevel.silence_rate_60dB.stdev": 0.08006185293197632, "lowlevel.spectral_centroid.mean": 1361.9132080078125, "lowlevel.spectral_centroid.stdev": 739.199462890625, "lowlevel.spectral_complexity.mean": 16.270160675048828, "lowlevel.spectral_complexity.stdev": 6.767951488494873, "lowlevel.spectral_decrease.mean": -7.991842743138022e-09, "lowlevel.spectral_decrease.stdev": 4.027830513564368e-09, "lowlevel.spectral_energy.mean": 0.032825276255607605, "lowlevel.spectral_energy.stdev": 0.01571750082075596, "lowlevel.spectral_energyband_high.mean": 0.0017131288768723607, "lowlevel.spectral_energyband_high.stdev": 0.0016744552413001657, "lowlevel.spectral_energyband_low.mean": 0.009224943816661835, "lowlevel.spectral_energyband_low.stdev": 0.01178519707173109, "lowlevel.spectral_energyband_middle_high.mean": 0.007290015462785959, "lowlevel.spectral_energyband_middle_high.stdev": 0.008431200869381428, "lowlevel.spectral_energyband_middle_low.mean": 0.016627511009573936, "lowlevel.spectral_energyband_middle_low.stdev": 0.011366594582796097, "lowlevel.spectral_entropy.mean": 7.501711368560791, "lowlevel.spectral_entropy.stdev": 0.4789848029613495, "lowlevel.spectral_flux.mean": 0.08907411992549896, "lowlevel.spectral_flux.stdev": 0.05037178844213486, "lowlevel.spectral_kurtosis.mean": 3.153069257736206, "lowlevel.spectral_kurtosis.stdev": 2.1518304347991943, "lowlevel.spectral_rms.mean": 0.005490304436534643, "lowlevel.spectral_rms.stdev": 0.0013715687673538923, "lowlevel.spectral_rolloff.mean": 1888.045166015625, "lowlevel.spectral_rolloff.stdev": 2203.050048828125, "lowlevel.spectral_skewness.mean": 1.40414297580719, "lowlevel.spectral_skewness.stdev": 0.4608958065509796, "lowlevel.spectral_spread.mean": 6082214.0, "lowlevel.spectral_spread.stdev": 2177615.25, "lowlevel.spectral_strongpeak.mean": 1.5569125413894653, "lowlevel.spectral_strongpeak.stdev": 1.7146857976913452, "lowlevel.zerocrossingrate.mean": 0.07588323950767517, "lowlevel.zerocrossingrate.stdev": 0.046830445528030396, "metadata.audio_properties.analysis.equal_loudness": 0.0, "metadata.audio_properties.analysis.length": 28.75628089904785, "metadata.audio_properties.analysis.sample_rate": 44100.0, "metadata.audio_properties.analysis.start_time": 0.0, "metadata.audio_properties.bit_rate": 118493.0, "metadata.audio_properties.length": 28.757333755493164, "metadata.audio_properties.lossless": 0.0, "metadata.audio_properties.number_channels": 1.0, "metadata.audio_properties.replay_gain": -14.922189712524414, "metadata.audio_properties.sample_rate": 48000.0, "rhythm.beats_count": 55.0, "rhythm.beats_loudness.mean": 0.03750040382146835, "rhythm.beats_loudness.stdev": 0.008707634173333645, "rhythm.bpm": 117.27169036865234, "rhythm.bpm_histogram_first_peak_bpm": 117.0, "rhythm.bpm_histogram_first_peak_weight": 0.25925928354263306, "rhythm.bpm_histogram_second_peak_bpm": 0.0, "rhythm.bpm_histogram_second_peak_spread": 0.0, "rhythm.bpm_histogram_second_peak_weight": 0.0, "rhythm.danceability": 1.3236613273620605, "rhythm.onset_rate": 4.518670558929443, "tonal.chords_changes_rate": 0.05797101557254791, "tonal.chords_number_rate": 0.009661835618317127, "tonal.chords_strength.mean": 0.5181195139884949, "tonal.chords_strength.stdev": 0.08019083738327026, "tonal.hpcp_crest.mean": 17.613073348999023, "tonal.hpcp_crest.stdev": 7.750431537628174, "tonal.hpcp_entropy.mean": 1.5340375900268555, "tonal.hpcp_entropy.stdev": 0.6756812930107117, "tonal.key_edma.strength": 0.8197767734527588, "tonal.key_krumhansl.strength": 0.8151565790176392, "tonal.key_temperley.strength": 0.8104517459869385, "tonal.tuning_diatonic_strength": 0.6489306092262268, "tonal.tuning_equal_tempered_deviation": 0.05696925148367882, "tonal.tuning_frequency": 438.47772216796875, "tonal.tuning_nontempered_energy_ratio": 0.6521864533424377, "lowlevel.barkbands.mean": [0.00015651396824978292, 0.002618241822347045, 0.004738977178931236, 0.0038172188214957714, 0.0024947889614850283, 0.004630410578101873, 0.0032739434391260147, 0.000913975527510047, 0.000921639904845506, 0.0019955465104430914, 0.000977622694335878, 0.000660592399071902, 0.0014278385788202286, 0.0003662330855149776, 0.0004942173254676163, 0.0004027342947665602, 0.0003895176632795483, 0.0002730583946686238, 0.0003176951431669295, 0.0007591155008412898, 0.00027361552929505706, 8.152845839504153e-05, 0.00018298131180927157, 0.0003418760315980762, 0.00023002141097094864, 8.424468251178041e-05, 1.1356631830494734e-06], "lowlevel.barkbands.stdev": [0.00018312217434868217, 0.006824581418186426, 0.005651967599987984, 0.0034675942733883858, 0.0023270510137081146, 0.0070825801230967045, 0.006682942621409893, 0.0031507338862866163, 0.0029359522741287947, 0.005018409341573715, 0.0022599801886826754, 0.002057916484773159, 0.004408949986100197, 0.0010610661702230573, 0.000993164605461061, 0.0010189220774918795, 0.0009367999737150967, 0.0005576603580266237, 0.0004545146366581321, 0.001157508697360754, 0.0003783776774071157, 0.00017417185881640762, 0.0003854739770758897, 0.0007429808611050248, 0.00028330206987448037, 0.0001234887749888003, 3.717868821695447e-06], "lowlevel.erbbands.mean": [0.042410317808389664, 0.7474355697631836, 4.448653697967529, 9.964727401733398, 11.833796501159668, 6.9768452644348145, 11.344407081604004, 50.09865951538086, 54.08956527709961, 34.92970657348633, 13.096925735473633, 24.83060646057129, 41.59450912475586, 62.141273498535156, 43.20478057861328, 34.16487503051758, 69.9837417602539, 23.22616958618164, 27.026199340820312, 18.07377815246582, 26.163204193115234, 19.37274932861328, 16.82367515563965, 15.55280876159668, 18.015424728393555, 33.44034957885742, 23.906227111816406, 6.130691051483154, 3.190544605255127, 3.3445541858673096, 5.602248668670654, 6.065374374389648, 6.157131671905518, 3.2874341011047363, 1.226251244544983, 0.4483698606491089, 0.14281703531742096, 0.016618508845567703, 0.0003438607673160732, 5.5831813369877636e-05], "lowlevel.erbbands.stdev": [0.11149787902832031, 1.8834456205368042, 6.423662185668945, 7.46950626373291, 11.430402755737305, 8.212063789367676, 19.09358024597168, 72.86366271972656, 106.99696350097656, 74.27574920654297, 55.82569885253906, 76.34321594238281, 112.03351593017578, 161.22314453125, 98.94781494140625, 86.34107208251953, 216.10411071777344, 51.152740478515625, 52.3388557434082, 32.0814208984375, 64.20502471923828, 44.2978401184082, 36.76844024658203, 24.554689407348633, 27.545734405517578, 51.21226119995117, 32.97193145751953, 10.056063652038574, 6.748523235321045, 6.83326530456543, 12.201353073120117, 14.850386619567871, 12.273268699645996, 4.39914083480835, 1.555370569229126, 0.6432806849479675, 0.2141367793083191, 0.027826961129903793, 0.0005256710574030876, 2.97961596515961e-05], "lowlevel.gfcc.mean": [23.850221633911133, 70.47418975830078, -104.47187805175781, 31.846912384033203, -65.24524688720703, 14.296539306640625, -50.70209503173828, 9.060042381286621, -43.29829406738281, 4.818109512329102, -14.585741996765137, -6.903137683868408, -8.152612686157227], "lowlevel.melbands.mean": [0.000552182667888701, 0.0019245531875640154, 0.0018460704013705254, 0.0006176439928822219, 0.00039860219112597406, 0.0010653252247720957, 0.0008049882599152625, 0.0003430421929806471, 8.884386625140905e-05, 0.00016329105710610747, 0.00020830001449212432, 0.0002581984444987029, 0.00013090859283693135, 9.382515418110415e-05, 0.00013268322800286114, 0.00011495915532577783, 3.718402876984328e-05, 4.20391843363177e-05, 2.9941042157588527e-05, 2.6382173018646426e-05, 3.093040140811354e-05, 2.1546742573264055e-05, 1.785481617844198e-05, 1.1017341421393212e-05, 1.2721140592475422e-05, 1.1562051440705545e-05, 1.5137346053961664e-05, 2.4919934730860405e-05, 1.9808168872259557e-05, 6.3105530898610596e-06, 2.473542963343789e-06, 1.8227198097520159e-06, 1.4224219739844557e-06, 2.079618980133091e-06, 3.1083916383067844e-06, 3.470618366918643e-06, 3.920637936971616e-06, 4.7185671974148136e-06, 3.6077660752198426e-06, 2.500410801076214e-06], "lowlevel.melbands.stdev": [0.001414380967617035, 0.002917949575930834, 0.001267103012651205, 0.0005261023761704564, 0.0006007596966810524, 0.001586344325914979, 0.0015599953476339579, 0.0007761761662550271, 0.0004119047662243247, 0.0005214583361521363, 0.0005758912302553654, 0.0007112534367479384, 0.0003007149207405746, 0.000258201383985579, 0.0004001954512204975, 0.00033961288863793015, 0.00010646273585734889, 8.467600855510682e-05, 6.734766066074371e-05, 5.6427543313475326e-05, 8.110592170851305e-05, 5.675941793015227e-05, 4.386184082250111e-05, 2.1419878976303153e-05, 2.2047723177820444e-05, 1.850019361882005e-05, 2.6594534574542195e-05, 4.142429679632187e-05, 3.1078914616955444e-05, 8.959559636423364e-06, 5.475024863699218e-06, 4.187114427622873e-06, 2.9674299639737e-06, 4.61691115560825e-06, 7.002401162026217e-06, 8.358772902283818e-06, 9.954025699698832e-06, 1.0474702321516816e-05, 5.753227014793083e-06, 3.2274765544570982e-06], "lowlevel.melbands128.mean": [6.440778088290244e-05, 0.00023266978678293526, 0.0006398245459422469, 0.0013691222993656993, 0.002006147289648652, 0.0024487292394042015, 0.002003106288611889, 0.0019694736693054438, 0.001203421619720757, 0.0003986784431617707, 0.00035434257006272674, 0.0003421589208301157, 0.00023054887424223125, 0.0006173218134790659, 0.0013739183777943254, 0.0011444217525422573, 0.0009154065046459436, 0.0008150541107170284, 0.0006008776254020631, 0.00033217479358427227, 0.0002893215569201857, 9.611569839762524e-05, 6.552912236656994e-05, 5.4599589930148795e-05, 0.00016860479081515223, 0.00021510032820515335, 0.00013475985906552523, 0.0002534486120566726, 0.00015595927834510803, 0.0004003357607871294, 0.00024266958644147962, 9.889882494462654e-05, 9.890779620036483e-05, 0.00021231392747722566, 7.388178346445784e-05, 7.97896645963192e-05, 8.147537300828844e-05, 5.186595080886036e-05, 0.0002725085068959743, 0.00017517588275950402, 7.553207251476124e-05, 1.7798456610762514e-05, 3.293744521215558e-05, 5.671907274518162e-05, 2.513953768357169e-05, 4.390843605506234e-05, 5.746072929468937e-05, 2.8357060728012584e-05, 2.0566702005453408e-05, 1.692239493422676e-05, 2.656445576576516e-05, 3.6646171793108806e-05, 3.141112028970383e-05, 3.0311985028674826e-05, 2.8536780519061722e-05, 2.17586821236182e-05, 1.0971332812914625e-05, 1.9704088117578067e-05, 1.9387161955819465e-05, 1.9872410121024586e-05, 5.007899289921625e-06, 8.309942131745629e-06, 1.7233813196071424e-05, 1.3713420230487827e-05, 7.108539648470469e-06, 1.1170352991030086e-05, 1.4773162547498941e-05, 1.1507520866871346e-05, 1.4006358469487168e-05, 2.2000191165716387e-05, 1.8640996131580323e-05, 3.274398113717325e-05, 3.250152076361701e-05, 1.4127757822279818e-05, 9.84311645879643e-06, 6.999192464718362e-06, 5.016810973756947e-06, 2.4701528218429303e-06, 2.448727173032239e-06, 1.8309257256987621e-06, 2.0420566215761937e-06, 1.7287190985371126e-06, 1.5214300219668075e-06, 1.4093145637161797e-06, 1.2941752629558323e-06, 1.6048436464188853e-06, 2.4842202037689276e-06, 2.7306368792778812e-06, 3.076688699366059e-06, 3.2998245842463803e-06, 3.9068854675861076e-06, 3.315287585792248e-06, 3.210037903045304e-06, 3.2393452329415595e-06, 4.955400981998537e-06, 5.441374469228322e-06, 4.563543370750267e-06, 3.7096751839271747e-06, 4.016105322079966e-06, 3.396211695871898e-06, 2.6596771931508556e-06, 2.6352258828410413e-06, 1.853811909313663e-06, 1.5158085489019868e-06, 1.1905386827493203e-06, 1.3046917501924327e-06, 9.995934533435502e-07, 9.69534653449955e-07, 7.466068154826644e-07, 5.802982059321948e-07, 4.5509585788749973e-07, 5.159417924005538e-07, 5.041012514084287e-07, 3.70278002037594e-07, 3.3820492717495654e-07, 1.7190983214732114e-07, 4.5913406410136304e-08, 1.1404189398378506e-10, 4.794437850202948e-12, 4.616061005657812e-12, 4.4769179682879745e-12, 4.361829907678638e-12, 4.259676812667923e-12, 4.167202173610551e-12, 4.051377722885663e-12, 3.910899815801061e-12, 3.8266512354667714e-12, 3.796519088689054e-12], "lowlevel.melbands128.stdev": [0.00013771549856755883, 0.0007482154760509729, 0.0018166291993111372, 0.003702230751514435, 0.003890946041792631, 0.002597779268398881, 0.0018712435849010944, 0.0021266890689730644, 0.0013141212984919548, 0.00048642331967130303, 0.0005515246302820742, 0.0006543595809489489, 0.0005304614896886051, 0.0014354874147102237, 0.0021901563741266727, 0.0026373984292149544, 0.0024256135802716017, 0.002211977494880557, 0.0016275520902127028, 0.0009948313236236572, 0.001008622464723885, 0.0005946904420852661, 0.0005998993874527514, 0.0002167862403439358, 0.000599185295868665, 0.0009162116330116987, 0.0005616311682388186, 0.0009457843261770904, 0.0006722714169882238, 0.0013834513956680894, 0.0007395584252662957, 0.00038135662907734513, 0.00034179925569333136, 0.000638861209154129, 0.0003357181849423796, 0.000400807912228629, 0.00031698428210802376, 0.0001996093924390152, 0.0010952658485621214, 0.0006292087491601706, 0.00034206078271381557, 8.682946645421907e-05, 0.00011486087896628305, 0.0002116764517268166, 0.00012055557454004884, 0.000114866292278748, 0.00016717992548365146, 0.00010542087693465874, 7.690210622968152e-05, 5.2934577979613096e-05, 8.001146488822997e-05, 0.00011487567098811269, 0.00016772669914644212, 0.00010157546785194427, 0.00010051799472421408, 9.971654799301177e-05, 3.2842996006365865e-05, 9.699818474473432e-05, 5.319364572642371e-05, 6.777482485631481e-05, 1.1126194294774905e-05, 2.1000460037612356e-05, 3.622371514211409e-05, 3.667758574010804e-05, 2.0927260266034864e-05, 2.5448185624554753e-05, 3.242332604713738e-05, 4.1797495214268565e-05, 3.8859267078805715e-05, 4.071212242706679e-05, 5.844520273967646e-05, 8.372273441636935e-05, 7.41466210456565e-05, 2.631319875945337e-05, 2.0388260963954963e-05, 1.0939833373413421e-05, 1.004324440145865e-05, 5.913262157264398e-06, 6.373345513566164e-06, 4.231552338751499e-06, 5.912158030696446e-06, 3.582950284908293e-06, 3.82081725547323e-06, 3.154200385324657e-06, 3.0967703423812054e-06, 3.7941290429444052e-06, 6.171287168399431e-06, 6.904522706463467e-06, 7.678159818169661e-06, 7.993306098796893e-06, 9.622876859793905e-06, 8.148321285261773e-06, 9.686527846497484e-06, 9.542082807456609e-06, 1.2813731700589415e-05, 1.3278086953505408e-05, 1.1494654245325364e-05, 7.337551323871594e-06, 7.0060609687061515e-06, 5.2092432270001154e-06, 4.1551875256118365e-06, 3.50152186001651e-06, 2.6226771296933293e-06, 2.3507966488978127e-06, 1.907341697915399e-06, 1.9806402633548714e-06, 1.504618012404535e-06, 1.4693463299408904e-06, 1.284359541386948e-06, 1.0297436574546737e-06, 8.775274409345002e-07, 8.631240007161978e-07, 7.831845323380549e-07, 6.008918944644392e-07, 6.086800112825586e-07, 3.7341459346862393e-07, 1.361131580779329e-07, 8.295528708401889e-10, 8.175441226776492e-12, 8.00912287879374e-12, 7.857835042368588e-12, 7.744456118063958e-12, 7.608995031271881e-12, 7.352659280035478e-12, 6.637925886038287e-12, 5.866527316017445e-12, 5.691011030484194e-12, 5.656422812777562e-12], "lowlevel.mfcc.mean": [-625.273681640625, 101.43555450439453, 15.121330261230469, 18.853023529052734, 10.043497085571289, -4.6228156089782715, 11.108890533447266, -12.543363571166992, -5.998478889465332, -2.970893383026123, -15.679476737976074, 0.09911248087882996, 0.733615517616272], "lowlevel.spectral_contrast_coeffs.mean": [-0.6524018049240112, -0.6511401534080505, -0.7230019569396973, -0.7636988162994385, -0.772783637046814, -0.7839345932006836], "lowlevel.spectral_contrast_coeffs.stdev": [0.06523513048887253, 0.0932537317276001, 0.08479970693588257, 0.068702831864357, 0.06050674244761467, 0.03656355291604996], "lowlevel.spectral_contrast_valleys.mean": [-6.839296340942383, -7.149539947509766, -7.610276699066162, -7.772366523742676, -7.432671546936035, -9.773335456848145], "lowlevel.spectral_contrast_valleys.stdev": [0.99198979139328, 0.5998148918151855, 0.5566777586936951, 0.5026623606681824, 0.5249791145324707, 0.730496883392334], "rhythm.beats_loudness_band_ratio.mean": [0.3652423024177551, 0.15474733710289001, 0.19068804383277893, 0.18818143010139465, 0.07929573953151703, 0.07284428924322128], "rhythm.beats_loudness_band_ratio.stdev": [0.18937796354293823, 0.1166919395327568, 0.16716720163822174, 0.1821725070476532, 0.06480365991592407, 0.04489154741168022], "tonal.hpcp.mean": [0.14644993841648102, 0.10982014983892441, 0.09935874491930008, 0.19784361124038696, 0.1517128050327301, 0.0375446155667305, 0.029895883053541183, 0.028651557862758636, 0.1335768699645996, 0.2733042240142822, 0.1771172434091568, 0.036418285220861435, 0.024429606273770332, 0.016996588557958603, 0.055427275598049164, 0.13607648015022278, 0.09961482137441635, 0.03464793041348457, 0.042802780866622925, 0.025810061022639275, 0.038312576711177826, 0.08328375965356827, 0.07501143962144852, 0.23109807074069977, 0.45032837986946106, 0.26919177174568176, 0.03602397441864014, 0.018636442720890045, 0.023247988894581795, 0.09110104292631149, 0.18110965192317963, 0.13648423552513123, 0.05451580137014389, 0.04343680292367935, 0.039884861558675766, 0.08847542852163315], "tonal.hpcp.stdev": [0.28130409121513367, 0.23154479265213013, 0.19865308701992035, 0.329940527677536, 0.2713300585746765, 0.12502378225326538, 0.10982485115528107, 0.10396217554807663, 0.2055245339870453, 0.3648843765258789, 0.23788142204284668, 0.12905533611774445, 0.09716694802045822, 0.08503949642181396, 0.12588384747505188, 0.277220755815506, 0.21029022336006165, 0.09820368140935898, 0.13409119844436646, 0.08027543127536774, 0.11327502131462097, 0.20429547131061554, 0.1853303611278534, 0.24815532565116882, 0.41603273153305054, 0.27499157190322876, 0.11695060133934021, 0.09382319450378418, 0.09934555739164352, 0.1724085807800293, 0.300648033618927, 0.2431720793247223, 0.1676587015390396, 0.14375624060630798, 0.1424909085035324, 0.20407168567180634], "rhythm.beats_position": [0.5340589284896851, 1.05650794506073, 1.5789568424224854, 2.0897958278656006, 2.600634813308716, 3.1230838298797607, 3.6455328464508057, 4.156371593475342, 4.667210578918457, 5.178049564361572, 5.6888885498046875, 6.199728012084961, 6.710566997528076, 7.209795951843262, 7.709024906158447, 8.219863891601562, 8.73070240020752, 9.241541862487793, 9.75238037109375, 10.251609802246094, 10.77405834197998, 11.284897804260254, 11.795736312866211, 12.318185806274414, 12.8406343460083, 13.351473808288574, 13.862312316894531, 14.373151779174805, 14.883990287780762, 15.394829750061035, 15.905668258666992, 16.416507720947266, 16.92734718322754, 17.43818473815918, 17.949024200439453, 18.448253631591797, 18.95909309387207, 19.48154067993164, 19.992380142211914, 20.503219604492188, 21.01405906677246, 21.5248966217041, 22.035736083984375, 22.54657554626465, 23.057415008544922, 23.568254470825195, 24.079092025756836, 24.58993148803711, 25.100770950317383, 25.611610412597656, 26.122447967529297, 26.62167739868164, 27.132516860961914, 27.643356323242188, 28.165803909301758], "rhythm.bpm_histogram": [0.0, 0.0, 0.0, 0.0, 0.0, 0.0, 0.0, 0.0, 0.0, 0.0, 0.0, 0.0, 0.0, 0.0, 0.0, 0.0, 0.0, 0.0, 0.0, 0.0, 0.0, 0.0, 0.0, 0.0, 0.0, 0.0, 0.0, 0.0, 0.0, 0.0, 0.0, 0.0, 0.0, 0.0, 0.0, 0.0, 0.0, 0.0, 0.0, 0.0, 0.0, 0.0, 0.0, 0.0, 0.0, 0.0, 0.0, 0.0, 0.0, 0.0, 0.0, 0.0, 0.0, 0.0, 0.0, 0.0, 0.0, 0.0, 0.0, 0.0, 0.0, 0.0, 0.0, 0.0, 0.0, 0.0, 0.0, 0.0, 0.0, 0.0, 0.0, 0.0, 0.0, 0.0, 0.0, 0.0, 0.0, 0.0, 0.0, 0.0, 0.0, 0.0, 0.0, 0.0, 0.0, 0.0, 0.0, 0.0, 0.0, 0.0, 0.0, 0.0, 0.0, 0.0, 0.0, 0.0, 0.0, 0.0, 0.0, 0.0, 0.0, 0.0, 0.0, 0.0, 0.0, 0.0, 0.0, 0.0, 0.0, 0.0, 0.0, 0.0, 0.0, 0.0, 0.0, 0.1666666716337204, 0.0, 0.7407407164573669, 0.0, 0.0, 0.09259258955717087, 0.0, 0.0, 0.0, 0.0, 0.0, 0.0, 0.0, 0.0, 0.0, 0.0, 0.0, 0.0, 0.0, 0.0, 0.0, 0.0, 0.0, 0.0, 0.0, 0.0, 0.0, 0.0, 0.0, 0.0, 0.0, 0.0, 0.0, 0.0, 0.0, 0.0, 0.0, 0.0, 0.0, 0.0, 0.0, 0.0, 0.0, 0.0, 0.0, 0.0, 0.0, 0.0, 0.0, 0.0, 0.0, 0.0, 0.0, 0.0, 0.0, 0.0, 0.0, 0.0, 0.0, 0.0, 0.0, 0.0, 0.0, 0.0, 0.0, 0.0, 0.0, 0.0, 0.0, 0.0, 0.0, 0.0, 0.0, 0.0, 0.0, 0.0, 0.0, 0.0, 0.0, 0.0, 0.0, 0.0, 0.0, 0.0, 0.0, 0.0, 0.0, 0.0, 0.0, 0.0, 0.0, 0.0, 0.0, 0.0, 0.0, 0.0, 0.0, 0.0, 0.0, 0.0, 0.0, 0.0, 0.0, 0.0, 0.0, 0.0, 0.0, 0.0, 0.0, 0.0, 0.0, 0.0, 0.0, 0.0, 0.0, 0.0, 0.0, 0.0, 0.0, 0.0, 0.0, 0.0, 0.0, 0.0, 0.0, 0.0, 0.0, 0.0, 0.0, 0.0, 0.0, 0.0, 0.0, 0.0, 0.0], "tonal.chords_histogram": [22.38325309753418, 18.196456909179688, 43.317230224609375, 1.932367205619812, 6.924315452575684, 0.0, 0.0, 0.0, 0.0, 0.0, 0.0, 0.0, 0.0, 0.0, 0.0, 0.0, 0.0, 0.1610305905342102, 0.0, 7.085346221923828, 0.0, 0.0, 0.0, 0.0], "tonal.thpcp": [1.0, 0.59776771068573, 0.07999490201473236, 0.04138411954045296, 0.05162452533841133, 0.20229913294315338, 0.40217241644859314, 0.3030771315097809, 0.12105788290500641, 0.09645584225654602, 0.08856839686632156, 0.19646869599819183, 0.325206995010376, 0.24386681616306305, 0.22063620388507843, 0.43933188915252686, 0.3368937373161316, 0.08337163925170898, 0.06638684868812561, 0.06362369656562805, 0.29662102460861206, 0.6068998575210571, 0.3933068513870239, 0.08087050914764404, 0.05424842610955238, 0.03774265572428703, 0.12308190762996674, 0.3021716773509979, 0.22120484709739685, 0.07693925499916077, 0.09504792839288712, 0.057313866913318634, 0.08507697284221649, 0.18494006991386414, 0.1665705293416977, 0.5131767988204956], "lowlevel.gfcc.cov": [[2315.438232421875, 173.14036560058594, 82.84164428710938, 110.89936065673828, 342.7986145019531, 109.4019775390625, 240.8695068359375, 214.88723754882812, -85.9059066772461, 190.48736572265625, -102.71329498291016, -10.6628999710083, -69.13406372070312], [173.14036560058594, 1303.82763671875, -51.74375534057617, 147.02688598632812, 271.046875, -38.27413558959961, 159.43081665039062, -51.138336181640625, -91.90957641601562, -78.13853454589844, 13.753904342651367, -234.33804321289062, 48.312950134277344], [82.84164428710938, -51.74375534057617, 869.33154296875, 272.2145080566406, 110.45905303955078, 286.90478515625, -77.5837173461914, -39.9463005065918, 47.4907341003418, -95.53209686279297, -148.5371856689453, 73.23089599609375, -180.25271606445312], [110.89936065673828, 147.02688598632812, 272.2145080566406, 506.47381591796875, 113.73991394042969, 102.35252380371094, -25.82338523864746, -12.667322158813477, 33.146575927734375, -101.72660064697266, -46.2177848815918, -56.50262451171875, -14.579290390014648], [342.7986145019531, 271.046875, 110.45905303955078, 113.73991394042969, 341.4074401855469, 62.13581848144531, 79.50689697265625, 49.03976058959961, -60.86566925048828, 13.425650596618652, -79.36891174316406, -28.349308013916016, -45.66318893432617], [109.4019775390625, -38.27413558959961, 286.90478515625, 102.35252380371094, 62.13581848144531, 397.2143249511719, 71.766357421875, -65.77466583251953, -16.956541061401367, -63.27730178833008, -53.29869842529297, -29.863557815551758, -78.46647644042969], [240.8695068359375, 159.43081665039062, -77.5837173461914, -25.82338523864746, 79.50689697265625, 71.766357421875, 223.3682098388672, 31.127954483032227, -67.03233337402344, 50.194454193115234, 5.747023105621338, -31.463176727294922, 5.83687686920166], [214.88723754882812, -51.138336181640625, -39.9463005065918, -12.667322158813477, 49.03976058959961, -65.77466583251953, 31.127954483032227, 165.70262145996094, 49.12224578857422, 18.81009292602539, -15.774917602539062, 37.33251190185547, 15.72010612487793], [-85.9059066772461, -91.90957641601562, 47.4907341003418, 33.146575927734375, -60.86566925048828, -16.956541061401367, -67.03233337402344, 49.12224578857422, 139.8723602294922, 10.539337158203125, 13.690966606140137, 39.75238037109375, -0.7480642199516296], [190.48736572265625, -78.13853454589844, -95.53209686279297, -101.72660064697266, 13.425650596618652, -63.27730178833008, 50.194454193115234, 18.81009292602539, 10.539337158203125, 188.5196533203125, 69.45336151123047, 37.5981330871582, 3.7921836376190186], [-102.71329498291016, 13.753904342651367, -148.5371856689453, -46.2177848815918, -79.36891174316406, -53.29869842529297, 5.747023105621338, -15.774917602539062, 13.690966606140137, 69.45336151123047, 159.96502685546875, 12.694884300231934, 47.45744705200195], [-10.6628999710083, -234.33804321289062, 73.23089599609375, -56.50262451171875, -28.349308013916016, -29.863557815551758, -31.463176727294922, 37.33251190185547, 39.75238037109375, 37.5981330871582, 12.694884300231934, 150.0995635986328, -0.28795018792152405], [-69.13406372070312, 48.312950134277344, -180.25271606445312, -14.579290390014648, -45.66318893432617, -78.46647644042969, 5.83687686920166, 15.72010612487793, -0.7480642199516296, 3.7921836376190186, 47.45744705200195, -0.28795018792152405, 149.5920867919922]], "lowlevel.gfcc.icov": [[0.000808950571808964, -0.000376243784558028, 0.00024292845046147704, -0.0005407720454968512, 0.0004164216807112098, -0.000783971743658185, 0.0004762518801726401, -0.0017368495464324951, 0.0013759495923295617, -0.0017372770234942436, 0.0009376737289130688, -0.00040536807500757277, 0.00036788207944482565], [-0.000376243784558028, 0.0025371818337589502, -0.0012678048806264997, 0.0010917133186012506, -0.002929886570200324, 0.0024888794869184494, -0.002847073134034872, 0.002958411816507578, -0.0028259616810828447, 0.0032887684646993876, -0.0025967461988329887, 0.003714510938152671, -0.0014697490260004997], [0.00024292845046147704, -0.0012678048806264997, 0.003741545369848609, -0.0019071295391768217, 0.001334192231297493, -0.002819201909005642, 0.002398458542302251, -0.0011845545377582312, 0.0013581722741946578, -0.001816754462197423, 0.0028353508096188307, -0.004155714064836502, 0.0029490056913346052], [-0.0005407720454968512, 0.0010917133186012506, -0.0019071295391768217, 0.004100222606211901, -0.00270751491189003, 0.0016665817238390446, -0.0016316268593072891, 0.0025201698299497366, -0.0035406381357461214, 0.0036899386905133724, -0.0024765338748693466, 0.0032103778794407845, -0.001973770558834076], [0.0004164216807112098, -0.002929886570200324, 0.001334192231297493, -0.00270751491189003, 0.008612770587205887, -0.0033863408025354147, 0.0032320646569132805, -0.00600444246083498, 0.006552138365805149, -0.005943408235907555, 0.005010601133108139, -0.0037565187085419893, 0.0024267598055303097], [-0.000783971743658185, 0.0024888794869184494, -0.002819201909005642, 0.0016665817238390446, -0.0033863408025354147, 0.007541425060480833, -0.0058931587263941765, 0.006038442719727755, -0.005079958122223616, 0.0057258522137999535, -0.003297496819868684, 0.004144561011344194, -0.0009997475426644087], [0.0004762518801726401, -0.002847073134034872, 0.002398458542302251, -0.0016316268593072891, 0.0032320646569132805, -0.0058931587263941765, 0.01181019190698862, -0.00729984138160944, 0.008031832985579967, -0.006895216181874275, 0.002957173390313983, -0.0031137969344854355, 0.0013431645929813385], [-0.0017368495464324951, 0.002958411816507578, -0.0011845545377582312, 0.0025201698299497366, -0.00600444246083498, 0.006038442719727755, -0.00729984138160944, 0.01676870509982109, -0.01140939723700285, 0.007768683135509491, -0.0025758054107427597, 0.0016771667869761586, -0.002516291569918394], [0.0013759495923295617, -0.0028259616810828447, 0.0013581722741946578, -0.0035406381357461214, 0.006552138365805149, -0.005079958122223616, 0.008031832985579967, -0.01140939723700285, 0.018230555579066277, -0.008295734412968159, 0.0032226257026195526, -0.004579802043735981, 0.0023313481360673904], [-0.0017372770234942436, 0.0032887684646993876, -0.001816754462197423, 0.0036899386905133724, -0.005943408235907555, 0.0057258522137999535, -0.006895216181874275, 0.007768683135509491, -0.008295734412968159, 0.01582127995789051, -0.008164848200976849, 0.0028483974747359753, -0.0008995048701763153], [0.0009376737289130688, -0.0025967461988329887, 0.0028353508096188307, -0.0024765338748693466, 0.005010601133108139, -0.003297496819868684, 0.002957173390313983, -0.0025758054107427597, 0.0032226257026195526, -0.008164848200976849, 0.013571725226938725, -0.004707772750407457, 0.0003107241354882717], [-0.00040536807500757277, 0.003714510938152671, -0.004155714064836502, 0.0032103778794407845, -0.0037565187085419893, 0.004144561011344194, -0.0031137969344854355, 0.0016771667869761586, -0.004579802043735981, 0.0028483974747359753, -0.004707772750407457, 0.015604392625391483, -0.0036806012503802776], [0.00036788207944482565, -0.0014697490260004997, 0.0029490056913346052, -0.001973770558834076, 0.0024267598055303097, -0.0009997475426644087, 0.0013431645929813385, -0.002516291569918394, 0.0023313481360673904, -0.0008995048701763153, 0.0003107241354882717, -0.0036806012503802776, 0.011047801934182644]], "lowlevel.mfcc.cov": [[2178.53369140625, 234.32440185546875, -151.5012664794922, 242.72561645507812, 49.62775802612305, 51.6263313293457, 263.76214599609375, 22.943561553955078, 195.99371337890625, 137.67721557617188, 53.027191162109375, 51.893409729003906, 53.013431549072266], [234.32440185546875, 1126.689697265625, -172.49557495117188, 183.4503173828125, 66.09233856201172, 30.75217628479004, 227.6236114501953, -48.84574508666992, 67.29845428466797, 25.580442428588867, -1.2174646854400635, -7.259485721588135, -45.52387619018555], [-151.5012664794922, -172.49557495117188, 763.3989868164062, -5.370892524719238, 185.79588317871094, 278.06689453125, -89.40257263183594, 183.677001953125, -24.66364288330078, -29.614484786987305, 64.2566146850586, -28.345054626464844, -112.06684875488281], [242.72561645507812, 183.4503173828125, -5.370892524719238, 399.3899841308594, 118.51065826416016, -25.262706756591797, 54.42836380004883, 4.067672252655029, 73.6659164428711, -24.2852783203125, -11.91765308380127, 45.130699157714844, 21.66080093383789], [49.62775802612305, 66.09233856201172, 185.79588317871094, 118.51065826416016, 280.9071960449219, 90.29566192626953, -11.294896125793457, 89.76128387451172, 35.10002899169922, -2.7499735355377197, 10.156352043151855, -5.138980865478516, -40.01431655883789], [51.6263313293457, 30.75217628479004, 278.06689453125, -25.262706756591797, 90.29566192626953, 350.4497375488281, 91.34355163574219, 78.04436492919922, -0.13245461881160736, 26.467674255371094, 53.73442459106445, -48.91313934326172, -70.82427215576172], [263.76214599609375, 227.6236114501953, -89.40257263183594, 54.42836380004883, -11.294896125793457, 91.34355163574219, 269.76104736328125, -4.762655735015869, 34.4395866394043, 51.64551544189453, -6.6391825675964355, -2.002490520477295, -6.088225841522217], [22.943561553955078, -48.84574508666992, 183.677001953125, 4.067672252655029, 89.76128387451172, 78.04436492919922, -4.762655735015869, 199.2287139892578, 49.76412582397461, -15.073168754577637, 29.12236785888672, -16.483562469482422, -44.125064849853516], [195.99371337890625, 67.29845428466797, -24.66364288330078, 73.6659164428711, 35.10002899169922, -0.13245461881160736, 34.4395866394043, 49.76412582397461, 135.99356079101562, 27.566585540771484, -5.957216262817383, -4.415498733520508, -2.4155585765838623], [137.67721557617188, 25.580442428588867, -29.614484786987305, -24.2852783203125, -2.7499735355377197, 26.467674255371094, 51.64551544189453, -15.073168754577637, 27.566585540771484, 100.76226043701172, 16.36453628540039, -11.548884391784668, -1.7598901987075806], [53.027191162109375, -1.2174646854400635, 64.2566146850586, -11.91765308380127, 10.156352043151855, 53.73442459106445, -6.6391825675964355, 29.12236785888672, -5.957216262817383, 16.36453628540039, 115.48055267333984, 34.481109619140625, 6.493435859680176], [51.893409729003906, -7.259485721588135, -28.345054626464844, 45.130699157714844, -5.138980865478516, -48.91313934326172, -2.002490520477295, -16.483562469482422, -4.415498733520508, -11.548884391784668, 34.481109619140625, 113.28211975097656, 52.63614273071289], [53.013431549072266, -45.52387619018555, -112.06684875488281, 21.66080093383789, -40.01431655883789, -70.82427215576172, -6.088225841522217, -44.125064849853516, -2.4155585765838623, -1.7598901987075806, 6.493435859680176, 52.63614273071289, 118.33136749267578]], "lowlevel.mfcc.icov": [[0.0006378318066708744, 4.2744828533614054e-05, 4.1076214984059334e-05, -0.0002553206286393106, -6.3668840084574185e-06, -4.364990786598355e-07, -0.0004313578247092664, 5.158201929589268e-06, -0.0006003440939821303, -0.0005128845223225653, -0.000287502771243453, -9.477686398895457e-05, -0.00016830286767799407], [4.2744828533614054e-05, 0.0012828183826059103, 0.0002533919468987733, -0.0003135890292469412, -0.0004385383508633822, 0.00017392585868947208, -0.0010719659039750695, 0.0006243406096473336, -0.000423234625486657, 0.00045816905912943184, -0.0006378049147315323, 0.00020974318613298237, 0.0008450908353552222], [4.1076214984059334e-05, 0.0002533919468987733, 0.0030872179195284843, -0.0004147756553720683, -0.0005770761054009199, -0.002214915817603469, 0.0014711373951286077, -0.0016393139958381653, 0.0009948069928213954, -0.00010958493658108637, 6.416339601855725e-05, -0.000925151165574789, 0.001449045492336154], [-0.0002553206286393106, -0.0003135890292469412, -0.0004147756553720683, 0.004136386327445507, -0.0018377178348600864, 0.0007122853421606123, -0.0009233325254172087, 0.0012173422146588564, -0.001994364196434617, 0.00212952122092247, 0.00014175848627928644, -0.000916076940484345, -0.0005542571889236569], [-6.3668840084574185e-06, -0.0004385383508633822, -0.0005770761054009199, -0.0018377178348600864, 0.005831333342939615, -0.0011125295422971249, 0.0013979705981910229, -0.0019764190074056387, 0.00029289635131135583, -0.0013655112124979496, 0.00106933549977839, -0.0005781161016784608, 0.00044910889118909836], [-4.364990786598355e-07, 0.00017392585868947208, -0.002214915817603469, 0.0007122853421606123, -0.0011125295422971249, 0.006530585698783398, -0.0033716890029609203, 0.0007313362439163029, -0.00010330911027267575, 0.0003870004729833454, -0.0029046349227428436, 0.0027099987491965294, 0.0004283887683413923], [-0.0004313578247092664, -0.0010719659039750695, 0.0014711373951286077, -0.0009233325254172087, 0.0013979705981910229, -0.0033716890029609203, 0.007365623023360968, -0.001596469315700233, 0.0009128562523983419, -0.002871960634365678, 0.0025076917372643948, -0.0017402464291080832, 0.00019387340580578893], [5.158201929589268e-06, 0.0006243406096473336, -0.0016393139958381653, 0.0012173422146588564, -0.0019764190074056387, 0.0007313362439163029, -0.001596469315700233, 0.00939388107508421, -0.0045575425028800964, 0.0034625972621142864, -0.0027175869327038527, 0.001124288304708898, 0.0012601721100509167], [-0.0006003440939821303, -0.000423234625486657, 0.0009948069928213954, -0.001994364196434617, 0.00029289635131135583, -0.00010330911027267575, 0.0009128562523983419, -0.0045575425028800964, 0.011928358115255833, -0.0039190747775137424, 0.0018551406683400273, 0.0002127863554051146, -0.00021319354709703475], [-0.0005128845223225653, 0.00045816905912943184, -0.00010958493658108637, 0.00212952122092247, -0.0013655112124979496, 0.0003870004729833454, -0.002871960634365678, 0.0034625972621142864, -0.0039190747775137424, 0.014762557111680508, -0.0035736490972340107, 0.002328331582248211, 0.00012570820399560034], [-0.000287502771243453, -0.0006378049147315323, 6.416339601855725e-05, 0.00014175848627928644, 0.00106933549977839, -0.0029046349227428436, 0.0025076917372643948, -0.0027175869327038527, 0.0018551406683400273, -0.0035736490972340107, 0.01313110627233982, -0.005501813255250454, -0.0006315307691693306], [-9.477686398895457e-05, 0.00020974318613298237, -0.000925151165574789, -0.000916076940484345, -0.0005781161016784608, 0.0027099987491965294, -0.0017402464291080832, 0.001124288304708898, 0.0002127863554051146, 0.002328331582248211, -0.005501813255250454, 0.01451182272285223, -0.004943381529301405], [-0.00016830286767799407, 0.0008450908353552222, 0.001449045492336154, -0.0005542571889236569, 0.00044910889118909836, 0.0004283887683413923, 0.00019387340580578893, 0.0012601721100509167, -0.00021319354709703475, 0.00012570820399560034, -0.0006315307691693306, -0.004943381529301405, 0.01344439759850502]], "metadata.audio_properties.analysis.downmix": "mix", "metadata.audio_properties.codec": "mp3", "metadata.audio_properties.md5_encoded": "54a0ab047a1eac51d47a2ff9f21930c0", "metadata.tags.file_name": "1182276355128315954.mp3", "metadata.version.essentia": "2.1-beta6-dev", "metadata.version.essentia_git_sha": "v2.1_beta5-1110-g77a6a954", "metadata.version.extractor": "music 2.0", "tonal.chords_key": "F", "tonal.chords_scale": "major", "tonal.key_edma.key": "Bb", "tonal.key_edma.scale": "major", "tonal.key_krumhansl.key": "Bb", "tonal.key_krumhansl.scale": "major", "tonal.key_temperley.key": "Bb", "tonal.key_temperley.scale": "major", "metadata.tags.encoding": ["Lavf58.45.100"]}, "essentia_models": [{"model_name": "genre_dortmund", "activations": {"alternative": "0.036390513", "blues": "0.025071582", "electronic": "0.01814057", "folkcountry": "0.32395273", "funksoulrnb": "0.010582905", "jazz": "0.024898581", "pop": "0.36928782", "raphiphop": "0.013280387", "rock": "0.17233232"}}, {"model_name": "genre_rosamerica", "activations": {"classic": "0.0019071432", "dance": "0.0014