{"song_id": "1182275071436390400", "download": "https://cdn.discordapp.com/attachments/1135911532732108921/1182275071436390400/chirp.mp4?ex=65841a76&amp", "lyrics": "-", "style": ["Tense"], "essentia_features": {"lowlevel.average_loudness": 0.9077179431915283, "lowlevel.barkbands_crest.mean": 18.169132232666016, "lowlevel.barkbands_crest.stdev": 5.280523300170898, "lowlevel.barkbands_flatness_db.mean": 0.22383177280426025, "lowlevel.barkbands_flatness_db.stdev": 0.08022203296422958, "lowlevel.barkbands_kurtosis.mean": 66.49149322509766, "lowlevel.barkbands_kurtosis.stdev": 103.06195831298828, "lowlevel.barkbands_skewness.mean": 5.772893905639648, "lowlevel.barkbands_skewness.stdev": 4.1065568923950195, "lowlevel.barkbands_spread.mean": 10.09023666381836, "lowlevel.barkbands_spread.stdev": 11.701556205749512, "lowlevel.dissonance.mean": 0.4463464617729187, "lowlevel.dissonance.stdev": 0.03762451186776161, "lowlevel.dynamic_complexity": 1.7911344766616821, "lowlevel.erbbands_crest.mean": 10.070748329162598, "lowlevel.erbbands_crest.stdev": 4.38585901260376, "lowlevel.erbbands_flatness_db.mean": 0.11286673694849014, "lowlevel.erbbands_flatness_db.stdev": 0.03252821043133736, "lowlevel.erbbands_kurtosis.mean": 2.1147987842559814, "lowlevel.erbbands_kurtosis.stdev": 3.1379709243774414, "lowlevel.erbbands_skewness.mean": 0.7456108331680298, "lowlevel.erbbands_skewness.stdev": 0.679923951625824, "lowlevel.erbbands_spread.mean": 44.52997970581055, "lowlevel.erbbands_spread.stdev": 23.129640579223633, "lowlevel.hfc.mean": 22.608970642089844, "lowlevel.hfc.stdev": 31.528600692749023, "lowlevel.loudness_ebu128.integrated": -19.30642318725586, "lowlevel.loudness_ebu128.loudness_range": 2.9395599365234375, "lowlevel.loudness_ebu128.momentary.mean": -19.60804557800293, "lowlevel.loudness_ebu128.momentary.stdev": 1.642756462097168, "lowlevel.loudness_ebu128.short_term.mean": -19.46778106689453, "lowlevel.loudness_ebu128.short_term.stdev": 1.067803978919983, "lowlevel.melbands_crest.mean": 26.200532913208008, "lowlevel.melbands_crest.stdev": 6.795792102813721, "lowlevel.melbands_flatness_db.mean": 0.34867316484451294, "lowlevel.melbands_flatness_db.stdev": 0.09449844062328339, "lowlevel.melbands_kurtosis.mean": 112.7136459350586, "lowlevel.melbands_kurtosis.stdev": 174.2561798095703, "lowlevel.melbands_skewness.mean": 6.783553123474121, "lowlevel.melbands_skewness.stdev": 4.537849426269531, "lowlevel.melbands_spread.mean": 6.8168158531188965, "lowlevel.melbands_spread.stdev": 9.888959884643555, "lowlevel.pitch_salience.mean": 0.3078610599040985, "lowlevel.pitch_salience.stdev": 0.1424744427204132, "lowlevel.silence_rate_20dB.mean": 0.988991916179657, "lowlevel.silence_rate_20dB.stdev": 0.10434083640575409, "lowlevel.silence_rate_30dB.mean": 0.5527230501174927, "lowlevel.silence_rate_30dB.stdev": 0.49720999598503113, "lowlevel.silence_rate_60dB.mean": 0.0011587485205382109, "lowlevel.silence_rate_60dB.stdev": 0.03402106463909149, "lowlevel.spectral_centroid.mean": 763.2597045898438, "lowlevel.spectral_centroid.stdev": 564.783203125, "lowlevel.spectral_complexity.mean": 13.044032096862793, "lowlevel.spectral_complexity.stdev": 9.498331069946289, "lowlevel.spectral_decrease.mean": -2.8587020750592274e-08, "lowlevel.spectral_decrease.stdev": 2.233662144135451e-08, "lowlevel.spectral_energy.mean": 0.10994470864534378, "lowlevel.spectral_energy.stdev": 0.08519021421670914, "lowlevel.spectral_energyband_high.mean": 0.0010167055297642946, "lowlevel.spectral_energyband_high.stdev": 0.0026811559218913317, "lowlevel.spectral_energyband_low.mean": 0.09652580320835114, "lowlevel.spectral_energyband_low.stdev": 0.08229707181453705, "lowlevel.spectral_energyband_middle_high.mean": 0.0034490751568228006, "lowlevel.spectral_energyband_middle_high.stdev": 0.005406469572335482, "lowlevel.spectral_energyband_middle_low.mean": 0.009988605044782162, "lowlevel.spectral_energyband_middle_low.stdev": 0.013521360233426094, "lowlevel.spectral_entropy.mean": 7.484777450561523, "lowlevel.spectral_entropy.stdev": 0.44859424233436584, "lowlevel.spectral_flux.mean": 0.1314956396818161, "lowlevel.spectral_flux.stdev": 0.09041371941566467, "lowlevel.spectral_kurtosis.mean": 5.407339096069336, "lowlevel.spectral_kurtosis.stdev": 3.127756118774414, "lowlevel.spectral_rms.mean": 0.009687925688922405, "lowlevel.spectral_rms.stdev": 0.003661590162664652, "lowlevel.spectral_rolloff.mean": 345.72900390625, "lowlevel.spectral_rolloff.stdev": 702.0305786132812, "lowlevel.spectral_skewness.mean": 2.0256707668304443, "lowlevel.spectral_skewness.stdev": 0.5684227347373962, "lowlevel.spectral_spread.mean": 6602873.0, "lowlevel.spectral_spread.stdev": 1636010.375, "lowlevel.spectral_strongpeak.mean": 0.6005434393882751, "lowlevel.spectral_strongpeak.stdev": 0.4268375337123871, "lowlevel.zerocrossingrate.mean": 0.0303071029484272, "lowlevel.zerocrossingrate.stdev": 0.02110818400979042, "metadata.audio_properties.analysis.equal_loudness": 0.0, "metadata.audio_properties.analysis.length": 40.04265213012695, "metadata.audio_properties.analysis.sample_rate": 44100.0, "metadata.audio_properties.analysis.start_time": 0.0, "metadata.audio_properties.bit_rate": 122659.0, "metadata.audio_properties.length": 40.042667388916016, "metadata.audio_properties.lossless": 0.0, "metadata.audio_properties.number_channels": 1.0, "metadata.audio_properties.replay_gain": -5.013332366943359, "metadata.audio_properties.sample_rate": 48000.0, "rhythm.beats_count": 79.0, "rhythm.beats_loudness.mean": 0.11474021524190903, "rhythm.beats_loudness.stdev": 0.07715912163257599, "rhythm.bpm": 119.97853088378906, "rhythm.bpm_histogram_first_peak_bpm": 120.0, "rhythm.bpm_histogram_first_peak_weight": 0.12820512056350708, "rhythm.bpm_histogram_second_peak_bpm": 0.0, "rhythm.bpm_histogram_second_peak_spread": 0.0, "rhythm.bpm_histogram_second_peak_weight": 0.0, "rhythm.danceability": 1.190211534500122, "rhythm.onset_rate": 4.968240737915039, "tonal.chords_changes_rate": 0.061342593282461166, "tonal.chords_number_rate": 0.009259259328246117, "tonal.chords_strength.mean": 0.5528771281242371, "tonal.chords_strength.stdev": 0.12116136401891708, "tonal.hpcp_crest.mean": 14.879247665405273, "tonal.hpcp_crest.stdev": 6.010099411010742, "tonal.hpcp_entropy.mean": 1.7178739309310913, "tonal.hpcp_entropy.stdev": 0.6755840182304382, "tonal.key_edma.strength": 0.797774076461792, "tonal.key_krumhansl.strength": 0.7878327965736389, "tonal.key_temperley.strength": 0.7984434962272644, "tonal.tuning_diatonic_strength": 0.607621967792511, "tonal.tuning_equal_tempered_deviation": 0.1986350566148758, "tonal.tuning_frequency": 434.193115234375, "tonal.tuning_nontempered_energy_ratio": 0.9707422852516174, "lowlevel.barkbands.mean": [0.00959665048867464, 0.08075851947069168, 0.005193370394408703, 0.002466923324391246, 0.0017020171508193016, 0.0020681777969002724, 0.0009496623533777893, 0.0016364509938284755, 0.0010504726087674499, 0.000860389438457787, 0.0007808415102772415, 0.000543439295142889, 0.0002504339499864727, 0.00021925348846707493, 0.00018224440282210708, 0.00016779694124124944, 0.0001395501894876361, 0.00012373618665151298, 0.00015816980157978833, 0.00018034179811365902, 0.00015548367809969932, 0.0001350438396912068, 0.00013332063099369407, 0.00012099044397473335, 0.0001208182075060904, 0.00020888155268039554, 4.1743842302821577e-05], "lowlevel.barkbands.stdev": [0.010471411980688572, 0.0742839127779007, 0.009533330798149109, 0.004632214084267616, 0.0044255503453314304, 0.004648796282708645, 0.002446184167638421, 0.0037861044984310865, 0.0018402700079604983, 0.0017500623362138867, 0.00171750970184803, 0.0009706185664981604, 0.0005929636536166072, 0.0005450468161143363, 0.0005799440550617874, 0.0005658153095282614, 0.0004946273402310908, 0.000491056707687676, 0.0006345203728415072, 0.0006876427214592695, 0.000612215546425432, 0.00043339154217392206, 0.0004162475815974176, 0.00033707241527736187, 0.00033395367790944874, 0.0003878457355313003, 8.900579996407032e-05], "lowlevel.erbbands.mean": [3.8938140869140625, 11.860856056213379, 7.432232856750488, 8.281564712524414, 4.275427341461182, 5.2720794677734375, 20.821308135986328, 11.310321807861328, 14.145946502685547, 25.58563804626465, 28.74739646911621, 23.066434860229492, 23.975061416625977, 26.699779510498047, 30.121461868286133, 18.840190887451172, 12.565581321716309, 11.255719184875488, 10.728486061096191, 9.33579158782959, 8.840598106384277, 8.202239036560059, 6.534958362579346, 7.584578990936279, 8.191076278686523, 8.03298568725586, 7.806926727294922, 5.060534954071045, 4.864039421081543, 5.248299598693848, 3.2889840602874756, 2.2275149822235107, 2.1803853511810303, 1.4524424076080322, 0.7900820374488831, 0.5069862008094788, 0.41659680008888245, 0.16144119203090668, 0.0037456993013620377, 0.0002033530327025801], "lowlevel.erbbands.stdev": [3.866368055343628, 10.70065689086914, 10.714648246765137, 13.518702507019043, 13.465056419372559, 13.724512100219727, 38.5572509765625, 29.832942962646484, 42.062591552734375, 63.8845100402832, 53.37690353393555, 36.2303352355957, 41.798091888427734, 46.110374450683594, 65.26941680908203, 33.53379821777344, 27.413747787475586, 25.463706970214844, 30.996427536010742, 31.359821319580078, 29.329614639282227, 28.966400146484375, 26.134445190429688, 28.4689998626709, 35.544586181640625, 29.28636932373047, 34.409915924072266, 17.684223175048828, 16.12176513671875, 18.140857696533203, 9.708462715148926, 6.162142276763916, 6.235809803009033, 4.192798137664795, 2.2335424423217773, 1.2908459901809692, 0.7450094819068909, 0.2787996828556061, 0.006226248107850552, 0.00017941046098712832], "lowlevel.gfcc.mean": [11.537493705749512, 78.46137237548828, -48.51234436035156, 13.418763160705566, -32.813079833984375, 37.875282287597656, -11.13817310333252, 22.2966365814209, -13.962764739990234, 13.72731876373291, -15.35281753540039, 12.182043075561523, -13.452613830566406], "lowlevel.melbands.mean": [0.027841711416840553, 0.007163365837186575, 0.001259509357623756, 0.0002841345267370343, 0.0006296769133768976, 0.0003006291517522186, 0.00019343815802130848, 0.00031862410833127797, 0.00022936041932553053, 0.00013987348938826472, 0.00012325098214205354, 0.00011427149001974612, 9.843472798820585e-05, 7.180625107139349e-05, 3.4476386645110324e-05, 2.4924300305428915e-05, 2.039480023086071e-05, 1.76469638972776e-05, 1.3458638932206668e-05, 1.1992820873274468e-05, 9.7946231107926e-06, 8.833212632453069e-06, 6.39117479295237e-06, 5.729896201955853e-06, 6.129525445430772e-06, 6.067813046684023e-06, 5.813876668980811e-06, 5.236860488366801e-06, 5.446912837214768e-06, 3.548577069523162e-06, 2.745183564911713e-06, 2.770533001239528e-06, 2.5818774247454712e-06, 3.107021711912239e-06, 2.042796040768735e-06, 1.2968935152457561e-06, 1.3877753417546046e-06, 1.5959668644427438e-06, 1.4412922837436781e-06, 1.1425300954215345e-06], "lowlevel.melbands.stdev": [0.026162438094615936, 0.006529401056468487, 0.0021697599440813065, 0.0008615644765086472, 0.0011540675768628716, 0.000730278785340488, 0.0005533804651349783, 0.000812322658021003, 0.00043180317152291536, 0.0002261761255795136, 0.00023139160475693643, 0.00019582733511924744, 0.0002221376053057611, 0.00012615587911568582, 7.388613448711112e-05, 5.869428423466161e-05, 4.754584006150253e-05, 5.265122672426514e-05, 4.7171277401503175e-05, 4.193850691081025e-05, 3.36039847752545e-05, 3.061203096876852e-05, 2.9142296625650488e-05, 2.202007635787595e-05, 2.3548795070382766e-05, 2.6170831915806048e-05, 2.63536876445869e-05, 1.961759880941827e-05, 2.6953513952321373e-05, 1.342298219242366e-05, 1.0308759556210134e-05, 9.656962902226951e-06, 8.524562872480601e-06, 1.1143810297653545e-05, 6.537548415508354e-06, 3.773888920477475e-06, 3.906025995092932e-06, 4.75861452287063e-06, 4.092206836503465e-06, 3.499025751807494e-06], "lowlevel.melbands128.mean": [0.008807814680039883, 0.03632710874080658, 0.034782614558935165, 0.014324032701551914, 0.004262272268533707, 0.002405984327197075, 0.0018627754179760814, 0.0009256070479750633, 0.0003263185790274292, 0.00020589491759892553, 0.00023196215624921024, 0.0005058137467131019, 0.0008434021146968007, 0.0007030980195850134, 0.00018423602159600705, 0.00010721857688622549, 0.0002907778834924102, 0.00018833737703971565, 0.000115745555376634, 0.00027240015333518386, 0.0004971920279785991, 0.00024161877809092402, 0.00019769315258599818, 0.00022420672758016735, 0.00011929810716537759, 0.00015471517690457404, 4.5181408495409414e-05, 9.382230928167701e-05, 0.00025135025498457253, 7.367872603936121e-05, 0.00010230203770333901, 0.0001099493820220232, 7.286430627573282e-05, 0.0001209400943480432, 9.597567986929789e-05, 5.3367082728073e-05, 3.34128417307511e-05, 4.5585587940877303e-05, 2.250838042527903e-05, 2.667328590177931e-05, 2.788037272694055e-05, 1.7421269149053842e-05, 2.227342702099122e-05, 1.9102973965345882e-05, 2.065936496364884e-05, 1.762334613886196e-05, 1.4544295481755398e-05, 1.4310036021925043e-05, 1.2185344530735165e-05, 1.2061967026966158e-05, 1.2398196304275189e-05, 1.1758423170249444e-05, 9.861509170150384e-06, 9.382442840433214e-06, 8.43218822410563e-06, 1.0169505003432278e-05, 7.74670479586348e-06, 6.361728082993068e-06, 6.452828074543504e-06, 4.964652816852322e-06, 5.755513029725989e-06, 6.216617748577846e-06, 5.984111339785159e-06, 6.217688223841833e-06, 5.946600595052587e-06, 6.677543296973454e-06, 5.4147076298249885e-06, 5.942731149843894e-06, 6.418515113182366e-06, 4.974955118086655e-06, 4.829311819776194e-06, 5.227467681834241e-06, 6.530007794935955e-06, 5.751335720560746e-06, 3.9218498386617284e-06, 3.947826826333767e-06, 3.3387902931281133e-06, 2.204366410296643e-06, 3.1386093723995145e-06, 2.5670233299024403e-06, 2.7851956474478357e-06, 2.9432451356115052e-06, 2.4890828171919566e-06, 2.4005846626096172e-06, 2.6824318410945125e-06, 3.4138424780394416e-06, 3.175866595483967e-06, 2.7126186523673823e-06, 1.9722124307008926e-06, 1.633653823773784e-06, 1.3219899983596406e-06, 1.183878111987724e-06, 1.271455516871356e-06, 1.27274267924804e-06, 1.479063939768821e-06, 1.8752664345811354e-06, 1.5447346868313616e-06, 1.322386765423289e-06, 1.4989844885349157e-06, 1.5491963267777464e-06, 1.2050202258251375e-06, 1.0763309319372638e-06, 1.0428816494822968e-06, 9.219330650012125e-07, 7.859412107791286e-07, 8.889141440704407e-07, 8.439922680736345e-07, 9.242366445505468e-07, 8.378446523238381e-07, 8.447863137917011e-07, 8.299737146444386e-07, 1.0128612757398514e-06, 1.4546665170200868e-06, 1.7324496184301097e-06, 1.507736783423752e-06, 2.2361134597304044e-06, 1.587082010701124e-06, 2.430415406706743e-07, 2.2047408343439656e-09, 7.343993468911236e-11, 6.733501256572794e-11, 6.126742169154653e-11, 5.7445700973879354e-11, 5.432298014196313e-11, 5.1412381296689347e-11, 4.956957413981833e-11, 4.8803027591359793e-11, 4.832505229313e-11], "lowlevel.melbands128.stdev": [0.009714573621749878, 0.03739117458462715, 0.03343135118484497, 0.01287129521369934, 0.006254782434552908, 0.004369042813777924, 0.003115707542747259, 0.002098685596138239, 0.0014673762489110231, 0.0007625905564054847, 0.0007539970683865249, 0.0012115343706682324, 0.0015639624325558543, 0.0016074999002739787, 0.0007393083069473505, 0.0004572406178340316, 0.0010472588473930955, 0.0005668677040375769, 0.00033486264874227345, 0.0008444556151516736, 0.0013688808539882302, 0.0007750296499580145, 0.0005018919473513961, 0.0006157460156828165, 0.00021586398361250758, 0.00030339686782099307, 0.000110891334770713, 0.00018055274267680943, 0.0006214931490831077, 0.0001429739932063967, 0.00028527784161269665, 0.0002585527254268527, 0.00025178585201501846, 0.0003154785081278533, 0.00019553679157979786, 0.00012146133667556569, 8.299666660604998e-05, 0.00011091016494901851, 6.979396130191162e-05, 7.082399679347873e-05, 6.512468826258555e-05, 5.615209011011757e-05, 5.356211477192119e-05, 4.924019958707504e-05, 6.422303704312071e-05, 7.308642670977861e-05, 4.220413393341005e-05, 6.183862569741905e-05, 4.8763660743134096e-05, 4.060355058754794e-05, 4.834047285839915e-05, 4.5459481043508276e-05, 3.3568005164852366e-05, 3.996738087153062e-05, 3.3418862585676834e-05, 3.8117155781947076e-05, 2.891344774980098e-05, 3.1478550226893276e-05, 3.5006705729756504e-05, 2.2156442355480976e-05, 2.467096783220768e-05, 2.8673246561083943e-05, 2.5407074645045213e-05, 2.5058097889996134e-05, 2.8756594474543817e-05, 3.0750841688131914e-05, 2.812553611875046e-05, 3.6908986658090726e-05, 2.9747889129794203e-05, 2.0896115529467352e-05, 2.0123799913562834e-05, 2.340921309951227e-05, 3.445281254244037e-05, 3.4453179978299886e-05, 1.821003206714522e-05, 1.715148209768813e-05, 1.3157245120964944e-05, 7.902590368757956e-06, 1.501634505984839e-05, 1.0488425687071867e-05, 1.0929813470283989e-05, 1.1438139154051896e-05, 9.395930646860506e-06, 8.447291293123271e-06, 1.0511755135667045e-05, 1.4336083040689118e-05, 1.12953248390113e-05, 1.0982324965880252e-05, 7.814674063411076e-06, 4.611014901456656e-06, 3.8363041312550195e-06, 4.241695933160372e-06, 4.090431048098253e-06, 3.815883701463463e-06, 4.879908374277875e-06, 5.736590082960902e-06, 5.42651241630665e-06, 4.47428465122357e-06, 4.732574780064169e-06, 4.641596660803771e-06, 4.533605078904657e-06, 3.48860476151458e-06, 3.975564141001087e-06, 2.8485953862400493e-06, 2.252983904327266e-06, 3.0404071367229335e-06, 2.4337866761925397e-06, 2.7301507543597836e-06, 2.4314156235050177e-06, 2.4132509679475334e-06, 2.665306510607479e-06, 1.8307098343939288e-06, 2.904071607190417e-06, 3.121712325082626e-06, 2.8552105959533947e-06, 4.048454229632625e-06, 3.3147798603749834e-06, 3.628238403052819e-07, 3.444923635242958e-08, 7.867129725447342e-10, 7.243671218404302e-10, 6.447337108639317e-10, 5.713967077269899e-10, 5.090725618828174e-10, 4.628074590229403e-10, 4.441733369997536e-10, 4.4769771223585053e-10, 4.5448281249527156e-10], "lowlevel.mfcc.mean": [-662.6741943359375, 134.1743927001953, 40.23066711425781, 8.671018600463867, 13.869673728942871, 22.39296531677246, 19.136022567749023, 19.617856979370117, 14.18069076538086, 12.588139533996582, 5.996996879577637, 7.056463718414307, 8.183571815490723], "lowlevel.spectral_contrast_coeffs.mean": [-0.7099045515060425, -0.7477011680603027, -0.7695858478546143, -0.8361972570419312, -0.8392266631126404, -0.7916789650917053], "lowlevel.spectral_contrast_coeffs.stdev": [0.05749577283859253, 0.08275900036096573, 0.05487750843167305, 0.02982294373214245, 0.031122513115406036, 0.03741135820746422], "lowlevel.spectral_contrast_valleys.mean": [-6.291871547698975, -7.025588512420654, -7.2234721183776855, -7.811635971069336, -8.109381675720215, -10.1655855178833], "lowlevel.spectral_contrast_valleys.stdev": [0.6151928305625916, 0.6480048298835754, 0.6532797813415527, 0.7253929972648621, 0.8357995748519897, 0.6791163682937622], "rhythm.beats_loudness_band_ratio.mean": [0.8057085871696472, 0.04925111308693886, 0.046378593891859055, 0.0457746721804142, 0.031346820294857025, 0.02931363135576248], "rhythm.beats_loudness_band_ratio.stdev": [0.16835825145244598, 0.05763408914208412, 0.05798255652189255, 0.04454344883561134, 0.04388590529561043, 0.038159843534231186], "tonal.hpcp.mean": [0.13117626309394836, 0.08339476585388184, 0.053409282118082047, 0.03921913728117943, 0.032251644879579544, 0.025452613830566406, 0.027247700840234756, 0.02933867834508419, 0.028632130473852158, 0.05231742188334465, 0.06680995225906372, 0.07375634461641312, 0.1525156944990158, 0.1492961049079895, 0.06440600007772446, 0.04067081958055496, 0.04233131185173988, 0.0575985461473465, 0.13012780249118805, 0.14795143902301788, 0.07777152955532074, 0.036069393157958984, 0.017114955931901932, 0.019600164145231247, 0.040242526680231094, 0.0489303320646286, 0.041603945195674896, 0.03486928716301918, 0.0271656084805727, 0.025850212201476097, 0.049281734973192215, 0.07732313126325607, 0.12749458849430084, 0.2629850208759308, 0.32431915402412415, 0.22927837073802948], "tonal.hpcp.stdev": [0.28739944100379944, 0.24342870712280273, 0.18185637891292572, 0.1299232840538025, 0.10426084697246552, 0.10895892232656479, 0.12123079597949982, 0.13811467587947845, 0.12397969514131546, 0.15365956723690033, 0.17815880477428436, 0.1922478824853897, 0.29863440990448, 0.28313449025154114, 0.1643429398536682, 0.1427105963230133, 0.149906188249588, 0.15703807771205902, 0.2666589021682739, 0.30015692114830017, 0.21186144649982452, 0.14299100637435913, 0.09714064747095108, 0.09436200559139252, 0.13103803992271423, 0.14922945201396942, 0.17090991139411926, 0.15199755132198334, 0.13988932967185974, 0.1185113936662674, 0.17868554592132568, 0.22378748655319214, 0.2730814516544342, 0.3564760386943817, 0.4006199836730957, 0.3424251675605774], "rhythm.beats_position": [0.5108389854431152, 1.0216779708862305, 1.5209070444107056, 2.0201361179351807, 2.519365072250366, 3.0185940265655518, 3.5178229808807373, 4.017052173614502, 4.527891159057617, 5.027120113372803, 5.526349067687988, 6.013967990875244, 6.51319694519043, 7.012426376342773, 7.523265361785889, 8.022494316101074, 8.521722793579102, 9.020952224731445, 9.520181655883789, 10.019410133361816, 10.51863956451416, 11.017868041992188, 11.517097473144531, 12.027935981750488, 12.527165412902832, 13.02639389038086, 13.525623321533203, 14.024852752685547, 14.524081230163574, 15.023310661315918, 15.522539138793945, 16.02176856994629, 16.520998001098633, 17.020225524902344, 17.531064987182617, 18.01868438720703, 18.517913818359375, 19.01714324951172, 19.52798080444336, 20.027210235595703, 20.526439666748047, 21.02566909790039, 21.5248966217041, 22.024126052856445, 22.52335548400879, 23.022584915161133, 23.521814346313477, 24.021041870117188, 24.52027130126953, 25.019500732421875, 25.51873016357422, 26.029569625854492, 26.528797149658203, 27.028026580810547, 27.52725601196289, 28.026485443115234, 28.525712966918945, 29.02494239807129, 29.524171829223633, 30.023401260375977, 30.52263069152832, 31.02185821533203, 31.521087646484375, 32.02031707763672, 32.53115463256836, 33.0303840637207, 33.52961349487305, 34.02884292602539, 34.528072357177734, 35.02730178833008, 35.52653121948242, 36.025760650634766, 36.524986267089844, 37.02421569824219, 37.52344512939453, 38.022674560546875, 38.52190399169922, 39.02113342285156, 39.520362854003906], "rhythm.bpm_histogram": [0.0, 0.0, 0.0, 0.0, 0.0, 0.0, 0.0, 0.0, 0.0, 0.0, 0.0, 0.0, 0.0, 0.0, 0.0, 0.0, 0.0, 0.0, 0.0, 0.0, 0.0, 0.0, 0.0, 0.0, 0.0, 0.0, 0.0, 0.0, 0.0, 0.0, 0.0, 0.0, 0.0, 0.0, 0.0, 0.0, 0.0, 0.0, 0.0, 0.0, 0.0, 0.0, 0.0, 0.0, 0.0, 0.0, 0.0, 0.0, 0.0, 0.0, 0.0, 0.0, 0.0, 0.0, 0.0, 0.0, 0.0, 0.0, 0.0, 0.0, 0.0, 0.0, 0.0, 0.0, 0.0, 0.0, 0.0, 0.0, 0.0, 0.0, 0.0, 0.0, 0.0, 0.0, 0.0, 0.0, 0.0, 0.0, 0.0, 0.0, 0.0, 0.0, 0.0, 0.0, 0.0, 0.0, 0.0, 0.0, 0.0, 0.0, 0.0, 0.0, 0.0, 0.0, 0.0, 0.0, 0.0, 0.0, 0.0, 0.0, 0.0, 0.0, 0.0, 0.0, 0.0, 0.0, 0.0, 0.0, 0.0, 0.0, 0.0, 0.0, 0.0, 0.0, 0.0, 0.0, 0.0, 0.10256410390138626, 0.0, 0.0, 0.8717948794364929, 0.0, 0.0, 0.025641025975346565, 0.0, 0.0, 0.0, 0.0, 0.0, 0.0, 0.0, 0.0, 0.0, 0.0, 0.0, 0.0, 0.0, 0.0, 0.0, 0.0, 0.0, 0.0, 0.0, 0.0, 0.0, 0.0, 0.0, 0.0, 0.0, 0.0, 0.0, 0.0, 0.0, 0.0, 0.0, 0.0, 0.0, 0.0, 0.0, 0.0, 0.0, 0.0, 0.0, 0.0, 0.0, 0.0, 0.0, 0.0, 0.0, 0.0, 0.0, 0.0, 0.0, 0.0, 0.0, 0.0, 0.0, 0.0, 0.0, 0.0, 0.0, 0.0, 0.0, 0.0, 0.0, 0.0, 0.0, 0.0, 0.0, 0.0, 0.0, 0.0, 0.0, 0.0, 0.0, 0.0, 0.0, 0.0, 0.0, 0.0, 0.0, 0.0, 0.0, 0.0, 0.0, 0.0, 0.0, 0.0, 0.0, 0.0, 0.0, 0.0, 0.0, 0.0, 0.0, 0.0, 0.0, 0.0, 0.0, 0.0, 0.0, 0.0, 0.0, 0.0, 0.0, 0.0, 0.0, 0.0, 0.0, 0.0, 0.0, 0.0, 0.0, 0.0, 0.0, 0.0, 0.0, 0.0, 0.0, 0.0, 0.0, 0.0, 0.0, 0.0, 0.0, 0.0, 0.0, 0.0, 0.0, 0.0], "tonal.chords_histogram": [0.11574073880910873, 6.365740776062012, 0.0, 0.5787037014961243, 0.9259259104728699, 1.6203703880310059, 0.0, 0.0, 0.0, 0.0, 0.0, 0.0, 0.0, 0.11574073880910873, 3.5879628658294678, 0.0, 0.3472222089767456, 0.0, 1.8518518209457397, 0.0, 6.828703880310059, 13.310185432434082, 39.699073791503906, 24.65277862548828], "tonal.thpcp": [1.0, 0.7069529294967651, 0.4044665992259979, 0.2571379542350769, 0.16468124091625214, 0.1209276020526886, 0.09944415837526321, 0.07848014682531357, 0.08401508629322052, 0.09046236425638199, 0.08828380703926086, 0.16131462156772614, 0.20600064098834991, 0.22741901874542236, 0.4702642261981964, 0.46033698320388794, 0.1985883265733719, 0.12540368735790253, 0.13052362203598022, 0.17759834229946136, 0.4012337923049927, 0.45619088411331177, 0.239799365401268, 0.1112157329916954, 0.052771955728530884, 0.06043480336666107, 0.12408310174942017, 0.1508709341287613, 0.1282808780670166, 0.107515349984169, 0.08376196026802063, 0.0797060951590538, 0.15195444226264954, 0.23841679096221924, 0.3931145668029785, 0.8108834028244019], "lowlevel.gfcc.cov": [[3118.31298828125, -267.4541931152344, -898.7700805664062, 190.44960021972656, -245.9712371826172, -377.9248046875, -304.275390625, -137.16061401367188, -150.38624572753906, 32.89671325683594, 33.85298538208008, 96.24555206298828, 61.708370208740234], [-267.4541931152344, 676.1690063476562, 126.40350341796875, -330.07696533203125, 19.833280563354492, -50.6492919921875, -81.18889617919922, -79.70413208007812, 45.44871520996094, -38.936466217041016, 22.72633171081543, 27.839006423950195, 48.05015563964844], [-898.7700805664062, 126.40350341796875, 568.8125, -62.21255111694336, 71.91758728027344, 140.75521850585938, 99.46788024902344, 41.720523834228516, 32.351219177246094, 4.485251426696777, -16.04486846923828, -32.71323013305664, -27.585878372192383], [190.44960021972656, -330.07696533203125, -62.21255111694336, 366.4205322265625, 42.565696716308594, 24.575069427490234, 57.94654846191406, 18.23874282836914, -25.262069702148438, 9.084465980529785, 10.791337013244629, -37.375282287597656, -20.12592315673828], [-245.9712371826172, 19.833280563354492, 71.91758728027344, 42.565696716308594, 141.9048309326172, 91.94654083251953, 62.17719268798828, 11.81901741027832, 9.285442352294922, -17.310678482055664, 1.5543934106826782, -4.512766361236572, 3.6117541790008545], [-377.9248046875, -50.6492919921875, 140.75521850585938, 24.575069427490234, 91.94654083251953, 181.40521240234375, 118.33671569824219, 39.45627212524414, 4.535305500030518, -17.477298736572266, -11.8983154296875, -20.40686798095703, -1.995750904083252], [-304.275390625, -81.18889617919922, 99.46788024902344, 57.94654846191406, 62.17719268798828, 118.33671569824219, 186.8339080810547, 82.97468566894531, 38.70331954956055, -1.966477632522583, -1.7447822093963623, -26.573848724365234, -11.854470252990723], [-137.16061401367188, -79.70413208007812, 41.720523834228516, 18.23874282836914, 11.81901741027832, 39.45627212524414, 82.97468566894531, 97.78642272949219, 52.66166687011719, 24.91758155822754, 1.1176066398620605, -20.286113739013672, -14.712372779846191], [-150.38624572753906, 45.44871520996094, 32.351219177246094, -25.262069702148438, 9.285442352294922, 4.535305500030518, 38.70331954956055, 52.66166687011719, 119.17316436767578, 51.53247833251953, 29.17499351501465, -9.048454284667969, -10.950943946838379], [32.89671325683594, -38.936466217041016, 4.485251426696777, 9.084465980529785, -17.310678482055664, -17.477298736572266, -1.966477632522583, 24.91758155822754, 51.53247833251953, 88.55374908447266, 53.75263977050781, 7.907052993774414, -16.719449996948242], [33.85298538208008, 22.72633171081543, -16.04486846923828, 10.791337013244629, 1.5543934106826782, -11.8983154296875, -1.7447822093963623, 1.1176066398620605, 29.17499351501465, 53.75263977050781, 95.61280059814453, 37.115318298339844, 8.14148235321045], [96.24555206298828, 27.839006423950195, -32.71323013305664, -37.375282287597656, -4.512766361236572, -20.40686798095703, -26.573848724365234, -20.286113739013672, -9.048454284667969, 7.907052993774414, 37.115318298339844, 70.55435180664062, 39.227230072021484], [61.708370208740234, 48.05015563964844, -27.585878372192383, -20.12592315673828, 3.6117541790008545, -1.995750904083252, -11.854470252990723, -14.712372779846191, -10.950943946838379, -16.719449996948242, 8.14148235321045, 39.227230072021484, 83.30491638183594]], "lowlevel.gfcc.icov": [[0.0007894661976024508, -0.0002584713511168957, 0.0009893706301227212, -0.000607767200563103, 0.0005853124312125146, 0.00032437543268315494, 0.00022217727382667363, -0.00018429577175993472, 0.0008569228230044246, -0.0010013143764808774, 0.0006566659430973232, -0.0007623010315001011, -6.699669756926596e-05], [-0.0002584713511168957, 0.005867914296686649, -0.001643623341806233, 0.005313501693308353, -0.003187928581610322, 0.0034042149782180786, -0.0006304487469606102, 0.005103243514895439, -0.0036930774804204702, 0.005258921999484301, -0.005517350975424051, 0.005573115777224302, -0.0029374705627560616], [0.0009893706301227212, -0.001643623341806233, 0.003924679011106491, -0.0012428031768649817, 0.0010723322629928589, -0.0019566845148801804, 3.5013996239285916e-05, -0.0011213317047804594, 0.0017836453625932336, -0.003138857427984476, 0.0023351379204541445, -0.0015760727692395449, 0.0010465497616678476], [-0.000607767200563103, 0.005313501693308353, -0.0012428031768649817, 0.008786561898887157, -0.004672993905842304, 0.003779214108362794, -0.0023537068627774715, 0.004542184993624687, -0.0011753309518098831, 0.003516653086990118, -0.006480022333562374, 0.00854705460369587, -0.002983097918331623], [0.0005853124312125146, -0.003187928581610322, 0.0010723322629928589, -0.004672993905842304, 0.013873960822820663, -0.007396603934466839, 0.000537266256287694, -0.0010229911422356963, -0.0007139313383959234, 0.00043087019002996385, 0.0019228750606998801, -0.00510095851495862, 0.0019550954457372427], [0.00032437543268315494, 0.0034042149782180786, -0.0019566845148801804, 0.003779214108362794, -0.007396603934466839, 0.016410646960139275, -0.007299188058823347, 0.00326208071783185, 0.0013854344142600894, 0.001517107360996306, -0.0026192355435341597, 0.004987976513803005, -0.003293661866337061], [0.00022217727382667363, -0.0006304487469606102, 3.5013996239285916e-05, -0.0023537068627774715, 0.000537266256287694, -0.007299188058823347, 0.015381819568574429, -0.010118083097040653, -0.0015105922939255834, 0.003880735719576478, -0.0016888685058802366, -0.0007401339244097471, 0.0009396500536240637], [-0.00018429577175993472, 0.005103243514895439, -0.0011213317047804594, 0.004542184993624687, -0.0010229911422356963, 0.00326208071783185, -0.010118083097040653, 0.026927489787340164, -0.00880822166800499, -0.0008773060399107635, -0.0007544691325165331, 0.005750688258558512, -0.002610841765999794], [0.0008569228230044246, -0.0036930774804204702, 0.0017836453625932336, -0.0011753309518098831, -0.0007139313383959234, 0.0013854344142600894, -0.0015105922939255834, -0.00880822166800499, 0.01918790116906166, -0.01162688434123993, 0.0016713978257030249, 0.0007631995249539614, -0.00023823890660423785], [-0.0010013143764808774, 0.005258921999484301, -0.003138857427984476, 0.003516653086990118, 0.00043087019002996385, 0.001517107360996306, 0.003880735719576478, -0.0008773060399107635, -0.01162688434123993, 0.03235551714897156, -0.01809602789580822, 0.004309703130275011, 0.0026380850467830896], [0.0006566659430973232, -0.005517350975424051, 0.0023351379204541445, -0.006480022333562374, 0.0019228750606998801, -0.0026192355435341597, -0.0016888685058802366, -0.0007544691325165331, 0.0016713978257030249, -0.01809602789580822, 0.028253989294171333, -0.016952497884631157, 0.00319324666634202], [-0.0007623010315001011, 0.005573115777224302, -0.0015760727692395449, 0.00854705460369587, -0.00510095851495862, 0.004987976513803005, -0.0007401339244097471, 0.005750688258558512, 0.0007631995249539614, 0.004309703130275011, -0.016952497884631157, 0.03562381863594055, -0.014008655212819576], [-6.699669756926596e-05, -0.0029374705627560616, 0.0010465497616678476, -0.002983097918331623, 0.0019550954457372427, -0.003293661866337061, 0.0009396500536240637, -0.002610841765999794, -0.00023823890660423785, 0.0026380850467830896, 0.00319324666634202, -0.014008655212819576, 0.019665425643324852]], "lowlevel.mfcc.cov": [[3930.10546875, -624.7131958007812, -818.6802368164062, 259.5474548339844, -202.46762084960938, -251.33599853515625, -255.56790161132812, -272.22198486328125, -256.0863342285156, -194.83599853515625, -106.82042694091797, -127.76973724365234, -24.000316619873047], [-624.7131958007812, 937.3145751953125, 121.06769561767578, -281.4910583496094, 32.45517349243164, -39.207820892333984, -113.239013671875, -20.270599365234375, -32.82231521606445, -31.924488067626953, -69.49584197998047, -30.088315963745117, 4.033221244812012], [-818.6802368164062, 121.06769561767578, 392.0555725097656, -26.68353271484375, 37.82057571411133, 56.304443359375, 67.10913848876953, 37.07294845581055, 54.27312469482422, 44.68044662475586, 32.81905746459961, 27.108671188354492, 7.4250593185424805], [259.5474548339844, -281.4910583496094, -26.68353271484375, 219.79147338867188, 10.44249439239502, 11.935393333435059, 27.900291442871094, -6.781128883361816, -5.776101112365723, 8.369258880615234, 25.832115173339844, 16.811851501464844, -0.2882070541381836], [-202.46762084960938, 32.45517349243164, 37.82057571411133, 10.44249439239502, 105.04313659667969, 49.25648498535156, 21.69281768798828, 10.200663566589355, 5.010059356689453, -2.270947217941284, 1.552101969718933, 5.622182846069336, 4.939952850341797], [-251.33599853515625, -39.207820892333984, 56.304443359375, 11.935393333435059, 49.25648498535156, 123.27332305908203, 81.46656799316406, 52.81600570678711, 30.01006317138672, 16.720693588256836, 1.9537076950073242, 15.937687873840332, -0.8761721849441528], [-255.56790161132812, -113.239013671875, 67.10913848876953, 27.900291442871094, 21.69281768798828, 81.46656799316406, 154.79840087890625, 77.99960327148438, 48.07867431640625, 26.75743865966797, 14.423702239990234, 12.238310813903809, 3.0423545837402344], [-272.22198486328125, -20.270599365234375, 37.07294845581055, -6.781128883361816, 10.200663566589355, 52.81600570678711, 77.99960327148438, 111.8245849609375, 67.06145477294922, 36.232177734375, 4.541385173797607, 4.201540946960449, -8.113663673400879], [-256.0863342285156, -32.82231521606445, 54.27312469482422, -5.776101112365723, 5.010059356689453, 30.01006317138672, 48.07867431640625, 67.06145477294922, 107.10540008544922, 59.38337707519531, 24.762842178344727, 1.1987767219543457, -11.227560043334961], [-194.83599853515625, -31.924488067626953, 44.68044662475586, 8.369258880615234, -2.270947217941284, 16.720693588256836, 26.75743865966797, 36.232177734375, 59.38337707519531, 89.76443481445312, 49.200218200683594, 30.08283233642578, 3.5642428398132324], [-106.82042694091797, -69.49584197998047, 32.81905746459961, 25.832115173339844, 1.552101969718933, 1.9537076950073242, 14.423702239990234, 4.541385173797607, 24.762842178344727, 49.200218200683594, 92.16443634033203, 61.24433135986328, 29.56577491760254], [-127.76973724365234, -30.088315963745117, 27.108671188354492, 16.811851501464844, 5.622182846069336, 15.937687873840332, 12.238310813903809, 4.201540946960449, 1.1987767219543457, 30.08283233642578, 61.24433135986328, 109.18177795410156, 56.02760314941406], [-24.000316619873047, 4.033221244812012, 7.4250593185424805, -0.2882070541381836, 4.939952850341797, -0.8761721849441528, 3.0423545837402344, -8.113663673400879, -11.227560043334961, 3.5642428398132324, 29.56577491760254, 56.02760314941406, 77.14968872070312]], "lowlevel.mfcc.icov": [[0.0007343130419030786, 0.00028779395506717265, 0.0010664172004908323, -0.000493104278575629, 0.0007757596904411912, 0.00011522012209752575, 0.00026629926287569106, 0.0007829656824469566, 0.00035640085116028786, 0.0002827067510224879, 0.00017628578643780202, 0.0006362865678966045, -0.00035844341618940234], [0.00028779395506717265, 0.002397746779024601, -0.00043481375905685127, 0.00232149800285697, -0.0008761371718719602, 0.000523184600751847, 0.00173734943382442, -0.0005738554755225778, 0.0011193957179784775, -0.00048026000149548054, 0.001450623502023518, 0.0001076042972272262, -0.0005010896129533648], [0.0010664172004908323, -0.00043481375905685127, 0.004966591950505972, -0.0009812391363084316, 0.0007832931005395949, -0.00045006227446720004, -0.0013248067116364837, 0.002370394766330719, -0.0008626555791124701, 4.150309177930467e-05, -0.0006007912452332675, 0.0005577922565862536, -0.00018321501556783915], [-0.000493104278575629, 0.00232149800285697, -0.0009812391363084316, 0.008269131183624268, -0.0023940089158713818, 0.0004947182023897767, -0.00016660545952618122, -0.00023736008733976632, 0.0014332731952890754, -0.0010718019912019372, -0.00017241366731468588, -0.0010736937401816249, 0.0010949925053864717], [0.0007757596904411912, -0.0008761371718719602, 0.0007832931005395949, -0.0023940089158713818, 0.013825643807649612, -0.006129163317382336, 0.0009239275241270661, 0.001721664099022746, -0.0004728809872176498, 0.0023316005244851112, -0.0015857304679229856, 0.001906807185150683, -0.001561045297421515], [0.00011522012209752575, 0.000523184600751847, -0.00045006227446720004, 0.0004947182023897767, -0.006129163317382336, 0.016626019030809402, -0.0061147273518145084, -0.0022636791691184044, 0.00044678387348540127, -0.0009837569668889046, 0.003702714340761304, -0.00397079810500145, 0.0022131563164293766], [0.00026629926287569106, 0.00173734943382442, -0.0013248067116364837, -0.00016660545952618122, 0.0009239275241270661, -0.0061147273518145084, 0.01514813955873251, -0.007350131869316101, 0.0007406179793179035, 0.0009849886409938335, -0.00116166181396693, 0.0022233384661376476, -0.002487237798050046], [0.0007829656824469566, -0.0005738554755225778, 0.002370394766330719, -0.00023736008733976632, 0.001721664099022746, -0.0022636791691184044, -0.007350131869316101, 0.022131653502583504, -0.009704111143946648, -0.001041670679114759, 0.0038581769913434982, -0.0018937556305900216, 0.0010586075950413942], [0.00035640085116028786, 0.0011193957179784775, -0.0008626555791124701, 0.0014332731952890754, -0.0004728809872176498, 0.00044678387348540127, 0.0007406179793179035, -0.009704111143946648, 0.023027576506137848, -0.010475767776370049, -0.0023208782076835632, 0.004667210858315229, 0.0004614829085767269], [0.0002827067510224879, -0.00048026000149548054, 4.150309177930467e-05, -0.0010718019912019372, 0.0023316005244851112, -0.0009837569668889046, 0.0009849886409938335, -0.001041670679114759, -0.010475767776370049, 0.024907531216740608, -0.00959912408143282, -0.0023386338725686073, 0.0024979542940855026], [0.00017628578643780202, 0.001450623502023518, -0.0006007912452332675, -0.00017241366731468588, -0.0015857304679229856, 0.003702714340761304, -0.00116166181396693, 0.0038581769913434982, -0.0023208782076835632, -0.00959912408143282, 0.025660522282123566, -0.010761280544102192, -0.0012816826347261667], [0.0006362865678966045, 0.0001076042972272262, 0.0005577922565862536, -0.0010736937401816249, 0.001906807185150683, -0.00397079810500145, 0.0022233384661376476, -0.0018937556305900216, 0.004667210858315229, -0.0023386338725686073, -0.010761280544102192, 0.023174945265054703, -0.012238238006830215], [-0.00035844341618940234, -0.0005010896129533648, -0.00018321501556783915, 0.0010949925053864717, -0.001561045297421515, 0.0022131563164293766, -0.002487237798050046, 0.0010586075950413942, 0.0004614829085767269, 0.0024979542940855026, -0.0012816826347261667, -0.012238238006830215, 0.022563308477401733]], "metadata.audio_properties.analysis.downmix": "mix", "metadata.audio_properties.codec": "mp3", "metadata.audio_properties.md5_encoded": "4233caadd0dbe5b420360e727e355f17", "metadata.tags.file_name": "1182275071436390400.mp3", "metadata.version.essentia": "2.1-beta6-dev", "metadata.version.essentia_git_sha": "v2.1_beta5-1110-g77a6a954", "metadata.version.extractor": "music 2.0", "tonal.chords_key": "F", "tonal.chords_scale": "minor", "tonal.key_edma.key": "C#", "tonal.key_edma.scale": "minor", "tonal.key_krumhansl.key": "C#", "tonal.key_krumhansl.scale": "minor", "tonal.key_temperley.key": "C", "tonal.key_temperley.scale": "minor", "metadata.tags.encoding": ["Lavf58.45.100"]}, "essenti