{"song_id": "1182286585241288704", "download": "https://cdn.discordapp.com/attachments/1135911532732108921/1182286585241288704/chirp.mp4?ex=6584252f&amp", "lyrics": "[Intro]\nBotta, Botta, Botta,\nle football au bout des doigts (ah-ah)\n\n[Verse]\nHey t'es pr\u00eat pour la BOTTA ?\ntu connais pas ? c'est un jeu qui rend fada\ninvent\u00e9 pour les fou de la p\u00e9lota\nLa BOTTA le football au bout des doigts\nAvec ceux que tu aime ou que tu n'aime pas\nAucune chance tu vas gagner par tes choix\nDonc viens t'amuser \u00e0 la BOTTA\nLe jeu de l'ann\u00e9e demande \u00e0 Maradonna (ah-ah)\n\n[Chorus]\nViens jouer \u00e0 la BOTTA !!!\nLe football au bout des doigts\nBOTTA ! BOTTA ! BOTTA ! \nLe jeu que tu aimes d\u00e9j\u00e0\nViens jouer \u00e0 la BOTTA !!!\nLe football au bout des doigts\nBOTTA ! BOTTA ! BOTTA !\nLe jeu que tu aimes d\u00e9j\u00e0\n\n[Outro]\nBotta, le football au bout des doigts\nBotta, le football au bout des doigts", "style": ["Rap"], "essentia_features": {"lowlevel.average_loudness": 0.9422276616096497, "lowlevel.barkbands_crest.mean": 11.153855323791504, "lowlevel.barkbands_crest.stdev": 4.517821311950684, "lowlevel.barkbands_flatness_db.mean": 0.14514842629432678, "lowlevel.barkbands_flatness_db.stdev": 0.046300627291202545, "lowlevel.barkbands_kurtosis.mean": 8.510132789611816, "lowlevel.barkbands_kurtosis.stdev": 17.534156799316406, "lowlevel.barkbands_skewness.mean": 2.2123773097991943, "lowlevel.barkbands_skewness.stdev": 1.8754630088806152, "lowlevel.barkbands_spread.mean": 44.32917022705078, "lowlevel.barkbands_spread.stdev": 28.9190616607666, "lowlevel.dissonance.mean": 0.4637092053890228, "lowlevel.dissonance.stdev": 0.025662314146757126, "lowlevel.dynamic_complexity": 1.7410281896591187, "lowlevel.erbbands_crest.mean": 9.494515419006348, "lowlevel.erbbands_crest.stdev": 4.017704486846924, "lowlevel.erbbands_flatness_db.mean": 0.10616512596607208, "lowlevel.erbbands_flatness_db.stdev": 0.03201592341065407, "lowlevel.erbbands_kurtosis.mean": 0.27806755900382996, "lowlevel.erbbands_kurtosis.stdev": 2.458120107650757, "lowlevel.erbbands_skewness.mean": 0.015567215159535408, "lowlevel.erbbands_skewness.stdev": 1.019457221031189, "lowlevel.erbbands_spread.mean": 73.47277069091797, "lowlevel.erbbands_spread.stdev": 32.39348602294922, "lowlevel.hfc.mean": 64.44739532470703, "lowlevel.hfc.stdev": 58.64863967895508, "lowlevel.loudness_ebu128.integrated": -20.576412200927734, "lowlevel.loudness_ebu128.loudness_range": 2.979959487915039, "lowlevel.loudness_ebu128.momentary.mean": -20.820770263671875, "lowlevel.loudness_ebu128.momentary.stdev": 1.4729416370391846, "lowlevel.loudness_ebu128.short_term.mean": -20.65636444091797, "lowlevel.loudness_ebu128.short_term.stdev": 0.8395715951919556, "lowlevel.melbands_crest.mean": 18.032487869262695, "lowlevel.melbands_crest.stdev": 5.611235618591309, "lowlevel.melbands_flatness_db.mean": 0.23794227838516235, "lowlevel.melbands_flatness_db.stdev": 0.06252515316009521, "lowlevel.melbands_kurtosis.mean": 50.28882598876953, "lowlevel.melbands_kurtosis.stdev": 63.96603775024414, "lowlevel.melbands_skewness.mean": 5.208493709564209, "lowlevel.melbands_skewness.stdev": 3.13617205619812, "lowlevel.melbands_spread.mean": 22.373188018798828, "lowlevel.melbands_spread.stdev": 24.62864875793457, "lowlevel.pitch_salience.mean": 0.46011656522750854, "lowlevel.pitch_salience.stdev": 0.11433848738670349, "lowlevel.silence_rate_20dB.mean": 0.9965116381645203, "lowlevel.silence_rate_20dB.stdev": 0.058959539979696274, "lowlevel.silence_rate_30dB.mean": 0.9482558369636536, "lowlevel.silence_rate_30dB.stdev": 0.22151099145412445, "lowlevel.silence_rate_60dB.mean": 0.0023255813866853714, "lowlevel.silence_rate_60dB.stdev": 0.0481681264936924, "lowlevel.spectral_centroid.mean": 1376.8529052734375, "lowlevel.spectral_centroid.stdev": 797.9989013671875, "lowlevel.spectral_complexity.mean": 12.909302711486816, "lowlevel.spectral_complexity.stdev": 6.3101887702941895, "lowlevel.spectral_decrease.mean": -1.0679310769035055e-08, "lowlevel.spectral_decrease.stdev": 1.3749154703646127e-08, "lowlevel.spectral_energy.mean": 0.04615171253681183, "lowlevel.spectral_energy.stdev": 0.05319918692111969, "lowlevel.spectral_energyband_high.mean": 0.004777451977133751, "lowlevel.spectral_energyband_high.stdev": 0.005625665653496981, "lowlevel.spectral_energyband_low.mean": 0.025582265108823776, "lowlevel.spectral_energyband_low.stdev": 0.050966400653123856, "lowlevel.spectral_energyband_middle_high.mean": 0.003919793758541346, "lowlevel.spectral_energyband_middle_high.stdev": 0.004336345009505749, "lowlevel.spectral_energyband_middle_low.mean": 0.013609059154987335, "lowlevel.spectral_energyband_middle_low.stdev": 0.01072047557681799, "lowlevel.spectral_entropy.mean": 7.7400617599487305, "lowlevel.spectral_entropy.stdev": 0.4139673113822937, "lowlevel.spectral_flux.mean": 0.0994194820523262, "lowlevel.spectral_flux.stdev": 0.08236140757799149, "lowlevel.spectral_kurtosis.mean": 2.7953858375549316, "lowlevel.spectral_kurtosis.stdev": 1.6825637817382812, "lowlevel.spectral_rms.mean": 0.0062928833067417145, "lowlevel.spectral_rms.stdev": 0.002329298062250018, "lowlevel.spectral_rolloff.mean": 3195.00439453125, "lowlevel.spectral_rolloff.stdev": 4128.43359375, "lowlevel.spectral_skewness.mean": 1.4649198055267334, "lowlevel.spectral_skewness.stdev": 0.40849924087524414, "lowlevel.spectral_spread.mean": 8551606.0, "lowlevel.spectral_spread.stdev": 2183044.75, "lowlevel.spectral_strongpeak.mean": 0.8509659767150879, "lowlevel.spectral_strongpeak.stdev": 0.9440467357635498, "lowlevel.zerocrossingrate.mean": 0.12710869312286377, "lowlevel.zerocrossingrate.stdev": 0.07310283184051514, "metadata.audio_properties.analysis.equal_loudness": 0.0, "metadata.audio_properties.analysis.length": 39.914649963378906, "metadata.audio_properties.analysis.sample_rate": 44100.0, "metadata.audio_properties.analysis.start_time": 0.0, "metadata.audio_properties.bit_rate": 120956.0, "metadata.audio_properties.length": 39.91466522216797, "metadata.audio_properties.lossless": 0.0, "metadata.audio_properties.number_channels": 1.0, "metadata.audio_properties.replay_gain": -4.345376968383789, "metadata.audio_properties.sample_rate": 48000.0, "rhythm.beats_count": 64.0, "rhythm.beats_loudness.mean": 0.06556839495897293, "rhythm.beats_loudness.stdev": 0.035053800791502, "rhythm.bpm": 97.2591781616211, "rhythm.bpm_histogram_first_peak_bpm": 98.0, "rhythm.bpm_histogram_first_peak_weight": 0.32258063554763794, "rhythm.bpm_histogram_second_peak_bpm": 103.0, "rhythm.bpm_histogram_second_peak_spread": 0.0, "rhythm.bpm_histogram_second_peak_weight": 0.01587301678955555, "rhythm.danceability": 1.330284595489502, "rhythm.onset_rate": 3.3311033248901367, "tonal.chords_changes_rate": 0.06387920677661896, "tonal.chords_number_rate": 0.013937282375991344, "tonal.chords_strength.mean": 0.5273180603981018, "tonal.chords_strength.stdev": 0.09895037859678268, "tonal.hpcp_crest.mean": 13.525996208190918, "tonal.hpcp_crest.stdev": 5.686178684234619, "tonal.hpcp_entropy.mean": 1.9703377485275269, "tonal.hpcp_entropy.stdev": 0.6982097625732422, "tonal.key_edma.strength": 0.6273865103721619, "tonal.key_krumhansl.strength": 0.6339278817176819, "tonal.key_temperley.strength": 0.6472697257995605, "tonal.tuning_diatonic_strength": 0.6731536984443665, "tonal.tuning_equal_tempered_deviation": 0.20572200417518616, "tonal.tuning_frequency": 434.193115234375, "tonal.tuning_nontempered_energy_ratio": 0.9131186604499817, "lowlevel.barkbands.mean": [0.000554647296667099, 0.014068576507270336, 0.009249996393918991, 0.003127488773316145, 0.005150451324880123, 0.0009558529127389193, 0.0021313512697815895, 0.0014464228879660368, 0.0007279007113538682, 0.00021394467330537736, 0.00017615334945730865, 0.00021458638366311789, 0.0003235011827200651, 0.0002651462855283171, 0.0003117008600383997, 0.00037016975693404675, 0.001270688371732831, 0.000652655609883368, 0.00012195799354230985, 0.0001059575515682809, 0.00026302726473659277, 0.0006742982659488916, 0.0006724345730617642, 0.00025262616691179574, 0.0007314726244658232, 0.0019489920232445002, 0.00016974893514998257], "lowlevel.barkbands.stdev": [0.0023121871054172516, 0.0380251519382, 0.01508453581482172, 0.004504091572016478, 0.006853026803582907, 0.001955650048330426, 0.0051267496310174465, 0.0032515430357307196, 0.001988947158679366, 0.0006357195088639855, 0.0006068113725632429, 0.0006138774333521724, 0.001242124941200018, 0.0008178381831385195, 0.000994518748484552, 0.0008399129728786647, 0.0021548429504036903, 0.0010252794018015265, 0.00015171655104495585, 0.00021472136722877622, 0.0005170286749489605, 0.001102267182432115, 0.0012678875355049968, 0.0004819506430067122, 0.0010111938463523984, 0.0024664236698299646, 0.00025344567256979644], "lowlevel.erbbands.mean": [0.28858816623687744, 3.5429840087890625, 11.351888656616211, 10.310977935791016, 15.084156036376953, 17.953489303588867, 7.664760112762451, 9.412673950195312, 27.346097946166992, 31.62409019470215, 30.073659896850586, 14.523965835571289, 7.541521072387695, 8.219840049743652, 6.8359761238098145, 8.656646728515625, 14.910990715026855, 14.997505187988281, 13.712847709655762, 15.898966789245605, 27.117151260375977, 76.19889068603516, 45.704368591308594, 11.524979591369629, 5.096834182739258, 4.758022785186768, 9.862984657287598, 10.892848014831543, 23.526023864746094, 28.509492874145508, 15.108857154846191, 5.934419631958008, 4.610686779022217, 5.941956043243408, 6.630414962768555, 6.664140224456787, 3.891019821166992, 0.817855179309845, 0.017956579104065895, 0.0005283256177790463], "lowlevel.erbbands.stdev": [1.0656014680862427, 8.87261962890625, 18.625614166259766, 14.634283065795898, 19.27549171447754, 30.186323165893555, 14.972393035888672, 18.499414443969727, 65.8794937133789, 75.53785705566406, 67.57050323486328, 34.8477897644043, 24.580249786376953, 29.820449829101562, 17.363595962524414, 24.533470153808594, 62.771419525146484, 47.91631317138672, 38.12915802001953, 39.641231536865234, 50.93130111694336, 123.68428039550781, 66.20699310302734, 13.867615699768066, 6.386909484863281, 8.884505271911621, 23.3708553314209, 18.317434310913086, 40.66349411010742, 43.58399200439453, 31.408288955688477, 13.291845321655273, 7.927883625030518, 9.594192504882812, 8.972260475158691, 8.947086334228516, 4.986602783203125, 1.1026206016540527, 0.02361600659787655, 0.0006170684355311096], "lowlevel.gfcc.mean": [43.92673873901367, 27.203460693359375, -46.77201461791992, 38.938323974609375, -35.01930236816406, 8.18445110321045, -45.01487731933594, 13.926084518432617, -21.809818267822266, 4.5673298835754395, -36.9405517578125, 18.1999568939209, -29.432605743408203], "lowlevel.melbands.mean": [0.0032401070930063725, 0.0054560936987400055, 0.0019244174472987652, 0.00128571642562747, 0.0003396284009795636, 0.00021881470456719398, 0.00042288179975003004, 0.00034075029543600976, 0.00024275208124890924, 8.124275336740538e-05, 3.533676499500871e-05, 3.239079160266556e-05, 2.1661426217178814e-05, 2.3902608518255875e-05, 2.6204950700048357e-05, 3.3061140129575506e-05, 2.7448402761365287e-05, 1.9545655959518626e-05, 2.6005047402577475e-05, 2.079886689898558e-05, 3.154669684590772e-05, 7.496996113331988e-05, 7.162702968344092e-05, 2.2114269086159766e-05, 7.793686563672964e-06, 4.152796918788226e-06, 2.9535153771576006e-06, 3.0422534109675325e-06, 5.684590632881736e-06, 7.033827841951279e-06, 5.685675205313601e-06, 1.2340098692220636e-05, 1.547663487144746e-05, 1.6831130778882653e-05, 9.288448381994385e-06, 5.633315140585182e-06, 2.694317117857281e-06, 2.6834834443434374e-06, 4.559478838928044e-06, 4.965084826835664e-06], "lowlevel.melbands.stdev": [0.009988957084715366, 0.00981456134468317, 0.0023586698807775974, 0.0017554227961227298, 0.0005850818706676364, 0.00042145661427639425, 0.0010142100509256124, 0.0008050008327700198, 0.0005970728816464543, 0.0002025185094680637, 0.00012139265891164541, 0.00011819838255178183, 5.930116822128184e-05, 6.731896428391337e-05, 9.16446588234976e-05, 0.0001277271512662992, 9.61714904406108e-05, 5.320887066773139e-05, 8.304526272695512e-05, 5.5579472245881334e-05, 6.046553608030081e-05, 0.00012617342872545123, 0.00011507180897751823, 3.2619449484627694e-05, 1.041719315253431e-05, 5.598013558483217e-06, 5.3512958402279764e-06, 6.080244475015206e-06, 1.4926919902791269e-05, 1.4666738024970982e-05, 9.43162649491569e-06, 2.231540383945685e-05, 2.632346877362579e-05, 2.765016324701719e-05, 1.979307853616774e-05, 1.3850227333023213e-05, 6.270241556194378e-06, 5.387886176322354e-06, 7.2801967689883895e-06, 8.5253313955036e-06], "lowlevel.melbands128.mean": [0.0005026151775382459, 0.0019555070903152227, 0.0038596424274146557, 0.006647856906056404, 0.006743931211531162, 0.00389315327629447, 0.002047134330496192, 0.001449675066396594, 0.0014712113188579679, 0.0016255867667496204, 0.0009728186996653676, 0.0003824068990070373, 0.0002379905345151201, 0.0001527561980765313, 0.00017305293295066804, 0.00023159982811193913, 0.0004316215345170349, 0.00046583189396187663, 0.0004385019128676504, 0.00032398910843767226, 0.0003416926774661988, 0.00022201373940333724, 0.0002817002241499722, 0.00020753104763571173, 5.9379519370850176e-05, 5.388261706684716e-05, 4.5639550080522895e-05, 3.309844760224223e-05, 2.7834899810841307e-05, 2.6510675525059924e-05, 4.3996991735184565e-05, 2.5447787265875377e-05, 1.3999750990478788e-05, 2.260515611851588e-05, 2.8556465622386895e-05, 2.2223222913453355e-05, 1.9257922758697532e-05, 2.5069733965210617e-05, 2.7069972929893993e-05, 4.3570533307502046e-05, 2.8682372430921532e-05, 2.9288958103279583e-05, 3.219299833290279e-05, 2.2135944163892418e-05, 2.1468686099979095e-05, 1.2461406186048407e-05, 2.477391535649076e-05, 3.8516682252520695e-05, 1.864531986939255e-05, 1.564945159771014e-05, 2.0409284843481146e-05, 2.5482931960141286e-05, 3.120614928775467e-05, 3.340401599416509e-05, 3.641301009338349e-05, 7.37143709557131e-05, 0.00012196244642836973, 7.735082908766344e-05, 6.561829650308937e-05, 3.446613118285313e-05, 1.7538684915052727e-05, 1.4376486433320679e-05, 8.740825251152273e-06, 6.084568667574786e-06, 5.55695532966638e-06, 4.309868018026464e-06, 3.092287670369842e-06, 3.033616849279497e-06, 3.062976475121104e-06, 2.6879715733230114e-06, 2.32172419600829e-06, 3.4503657388995634e-06, 5.004053946322529e-06, 6.189220584928989e-06, 6.247728833841393e-06, 7.346127404161962e-06, 8.271871593024116e-06, 4.448098479770124e-06, 5.292558853398077e-06, 5.641763891617302e-06, 1.1738748980860692e-05, 1.5593968782923184e-05, 1.3865122127754148e-05, 1.7247673895326443e-05, 1.4140599887468852e-05, 1.6426058209617622e-05, 1.967126809176989e-05, 1.405192324455129e-05, 7.293086582649266e-06, 6.962297447898891e-06, 7.298721811821451e-06, 4.648312369681662e-06, 4.124911811231868e-06, 2.355365495532169e-06, 1.9030496787308948e-06, 2.8992385523451958e-06, 2.383279934292659e-06, 2.9520081170630874e-06, 4.9950863285630476e-06, 5.1966158025607e-06, 4.769770384882577e-06, 5.538320692721754e-06, 4.052494659845252e-06, 5.984954896121053e-06, 8.416817763645668e-06, 8.711230293556582e-06, 7.6043875196774025e-06, 8.459768650936894e-06, 1.3372788089327514e-05, 1.347455327049829e-05, 1.3353290341910906e-05, 1.4594837011827622e-05, 1.209391211887123e-05, 1.2385524314595386e-05, 1.0180024219152983e-05, 9.75691364146769e-06, 6.803958058299031e-06, 8.401443096772709e-07, 1.272454697165415e-09, 2.922774869351663e-11, 2.710741353606494e-11, 2.58691314897197e-11, 2.5070697254325758e-11, 2.434168665244041e-11, 2.3522546757637208e-11, 2.2683591116567925e-11, 2.213029759445817e-11, 2.1863478041894702e-11], "lowlevel.melbands128.stdev": [0.0021135073620826006, 0.008333747275173664, 0.014482158236205578, 0.015493818558752537, 0.011548281647264957, 0.0065126740373671055, 0.003275290597230196, 0.0022017485462129116, 0.002285628579556942, 0.0027737165801227093, 0.002111621666699648, 0.0008929157047532499, 0.0006224162643775344, 0.0005149373901076615, 0.00045609151129610837, 0.0006426405743695796, 0.0011975457891821861, 0.0014564467128366232, 0.0015349347377195954, 0.0010927652474492788, 0.0010092894081026316, 0.0007097395719029009, 0.0009385247249156237, 0.000740423914976418, 0.00018898544658441097, 0.00022528997214976698, 0.0002671363763511181, 0.0001487137342337519, 9.314336784882471e-05, 0.0001351269893348217, 0.0002157804847229272, 0.00012334717030171305, 5.4510026529897004e-05, 8.68160423124209e-05, 0.00010058828047476709, 8.931705087888986e-05, 9.085405326914042e-05, 0.00010463761282153428, 0.00015488658391404897, 0.00029710380476899445, 0.00010942308290395886, 0.0001361234753858298, 0.00018969803932122886, 7.108481077011675e-05, 7.34520799596794e-05, 5.368527490645647e-05, 0.00013361514720600098, 0.0001628213212825358, 6.92504909238778e-05, 7.116689084796235e-05, 8.015471394173801e-05, 9.37221193453297e-05, 0.00010176183423027396, 6.989210669416934e-05, 8.867857832228765e-05, 0.00017089798348024487, 0.0002811460290104151, 0.00018848353647626936, 0.00013505719834938645, 7.622160046594217e-05, 3.0398739909287542e-05, 2.922322710219305e-05, 1.5020766113593709e-05, 1.0377239959780127e-05, 9.976481123885605e-06, 7.276179985638009e-06, 4.5339420466916636e-06, 5.4717033890483435e-06, 6.911360742378747e-06, 6.7020332608080935e-06, 4.67694644612493e-06, 7.981340786500368e-06, 1.531949055788573e-05, 1.7130489140981808e-05, 1.999530468310695e-05, 1.4959803593228571e-05, 1.9738081391551532e-05, 7.81169546826277e-06, 1.0079480489366688e-05, 9.869738278212026e-06, 2.50366374530131e-05, 3.05446119455155e-05, 2.6667388738133013e-05, 3.7350931961555034e-05, 2.2886573788127862e-05, 2.5713889044709504e-05, 3.849140557576902e-05, 3.0376642826013267e-05, 1.703234011074528e-05, 1.832388443290256e-05, 2.106834654114209e-05, 1.1534130862855818e-05, 1.127578980231192e-05, 6.041067081241636e-06, 4.944430656905752e-06, 6.667916295555187e-06, 5.487521775648929e-06, 5.911327662033727e-06, 7.96019139670534e-06, 9.56951771513559e-06, 1.0238246431981679e-05, 1.0220322110399138e-05, 7.322257715713931e-06, 1.0099166502186563e-05, 1.1712104424077552e-05, 1.4858705981168896e-05, 1.4073768397793174e-05, 1.4107055903878063e-05, 2.074054464173969e-05, 2.0343755750218406e-05, 2.0088958990527317e-05, 1.9232198610552587e-05, 1.8037668269244023e-05, 1.7132764696725644e-05, 1.5239705135172699e-05, 1.421491560904542e-05, 1.0298362212779466e-05, 1.3564293794843252e-06, 3.33876499780672e-08, 3.6998115682251864e-10, 3.6566716321573267e-10, 3.636030920795008e-10, 3.621784261387262e-10, 3.6056052588051557e-10, 3.576031692986703e-10, 3.5480440807589275e-10, 3.527697856053891e-10, 3.515585045299474e-10], "lowlevel.mfcc.mean": [-633.5720825195312, 84.71324157714844, 37.96931457519531, 41.893226623535156, 26.385276794433594, 11.681832313537598, -12.202651023864746, 16.203205108642578, 7.204473495483398, -12.14016056060791, 8.408853530883789, 0.4038485884666443, 1.1287286281585693], "lowlevel.spectral_contrast_coeffs.mean": [-0.6484253406524658, -0.7009928822517395, -0.7809643149375916, -0.7660630941390991, -0.7498713135719299, -0.7097339630126953], "lowlevel.spectral_contrast_coeffs.stdev": [0.07013605535030365, 0.09608131647109985, 0.06469138711690903, 0.0669911801815033, 0.0691646859049797, 0.06038019806146622], "lowlevel.spectral_contrast_valleys.mean": [-6.532865524291992, -7.390433311462402, -8.19243049621582, -8.133260726928711, -7.6894001960754395, -9.87950611114502], "lowlevel.spectral_contrast_valleys.stdev": [0.548936128616333, 0.6219546794891357, 0.6010666489601135, 0.5978014469146729, 0.5650377869606018, 0.8689513206481934], "rhythm.beats_loudness_band_ratio.mean": [0.5758754014968872, 0.1400901973247528, 0.07434867322444916, 0.025156443938612938, 0.05171719938516617, 0.17839063704013824], "rhythm.beats_loudness_band_ratio.stdev": [0.21176490187644958, 0.15866591036319733, 0.10083095729351044, 0.05130380392074585, 0.05204734206199646, 0.09755624830722809], "tonal.hpcp.mean": [0.033882565796375275, 0.030551310628652573, 0.0647655799984932, 0.1702834963798523, 0.18842852115631104, 0.07595644146203995, 0.021831415593624115, 0.01859470270574093, 0.03770739957690239, 0.0871925950050354, 0.07524273544549942, 0.040059663355350494, 0.09500765055418015, 0.11631113290786743, 0.05729987099766731, 0.026454983279109, 0.03305036947131157, 0.07463463395833969, 0.2153322547674179, 0.20898698270320892, 0.07808186113834381, 0.04885183647274971, 0.035387858748435974, 0.05396386981010437, 0.12373435497283936, 0.1215781569480896, 0.06772919744253159, 0.14370232820510864, 0.16376647353172302, 0.07252096384763718, 0.03882414847612381, 0.03549058362841606, 0.06694768369197845, 0.24311652779579163, 0.28857162594795227, 0.1173415258526802], "tonal.hpcp.stdev": [0.12933854758739471, 0.12077151238918304, 0.19158445298671722, 0.30599698424339294, 0.3375938832759857, 0.17650437355041504, 0.10083762556314468, 0.09579340368509293, 0.12815673649311066, 0.24508769810199738, 0.21413560211658478, 0.12810492515563965, 0.21161721646785736, 0.2516481280326843, 0.13661299645900726, 0.09809549152851105, 0.1116962656378746, 0.1570519655942917, 0.34231624007225037, 0.31917455792427063, 0.15997649729251862, 0.1389124095439911, 0.12044521421194077, 0.12798698246479034, 0.25361645221710205, 0.24152593314647675, 0.17016950249671936, 0.28647705912590027, 0.32744377851486206, 0.1766703575849533, 0.13853688538074493, 0.12571531534194946, 0.1699821799993515, 0.35599657893180847, 0.40226176381111145, 0.23067642748355865], "rhythm.beats_position": [0.5572788715362549, 1.1377778053283691, 1.729886531829834, 2.321995496749878, 2.9257142543792725, 3.5410430431365967, 4.156371593475342, 4.771700382232666, 5.38702917098999, 6.0023579597473145, 6.617686748504639, 7.244625568389893, 7.859954357147217, 8.4752836227417, 9.102222442626953, 9.729161262512207, 10.344490051269531, 10.959818840026855, 11.57514762878418, 12.190476417541504, 12.805805206298828, 13.421133995056152, 14.04807186126709, 14.675010681152344, 15.290339469909668, 15.905668258666992, 16.509387969970703, 17.12471580505371, 17.74004554748535, 18.36698341369629, 18.99392318725586, 19.620861053466797, 20.224580764770508, 20.839908599853516, 21.466848373413086, 22.082176208496094, 22.697505950927734, 23.312833786010742, 23.939773559570312, 24.55510139465332, 25.17043113708496, 25.7973690032959, 26.41269874572754, 27.028026580810547, 27.654966354370117, 28.270294189453125, 28.885623931884766, 29.512561798095703, 30.116281509399414, 30.731609344482422, 31.346939086914062, 31.96226692199707, 32.58920669555664, 33.20453643798828, 33.83147430419922, 34.446800231933594, 35.062129974365234, 35.68906784057617, 36.30439758300781, 36.91972732543945, 37.54666519165039, 38.17360305786133, 38.77732467651367, 39.39265060424805], "rhythm.bpm_histogram": [0.0, 0.0, 0.0, 0.0, 0.0, 0.0, 0.0, 0.0, 0.0, 0.0, 0.0, 0.0, 0.0, 0.0, 0.0, 0.0, 0.0, 0.0, 0.0, 0.0, 0.0, 0.0, 0.0, 0.0, 0.0, 0.0, 0.0, 0.0, 0.0, 0.0, 0.0, 0.0, 0.0, 0.0, 0.0, 0.0, 0.0, 0.0, 0.0, 0.0, 0.0, 0.0, 0.0, 0.0, 0.0, 0.0, 0.0, 0.0, 0.0, 0.0, 0.0, 0.0, 0.0, 0.0, 0.0, 0.0, 0.0, 0.0, 0.0, 0.0, 0.0, 0.0, 0.0, 0.0, 0.0, 0.0, 0.0, 0.0, 0.0, 0.0, 0.0, 0.0, 0.0, 0.0, 0.0, 0.0, 0.0, 0.0, 0.0, 0.0, 0.0, 0.0, 0.0, 0.0, 0.0, 0.0, 0.0, 0.0, 0.0, 0.0, 0.0, 0.0, 0.0, 0.0, 0.0, 0.0, 0.2857142984867096, 0.0, 0.5873016119003296, 0.0793650820851326, 0.0, 0.0317460335791111, 0.0, 0.01587301678955555, 0.0, 0.0, 0.0, 0.0, 0.0, 0.0, 0.0, 0.0, 0.0, 0.0, 0.0, 0.0, 0.0, 0.0, 0.0, 0.0, 0.0, 0.0, 0.0, 0.0, 0.0, 0.0, 0.0, 0.0, 0.0, 0.0, 0.0, 0.0, 0.0, 0.0, 0.0, 0.0, 0.0, 0.0, 0.0, 0.0, 0.0, 0.0, 0.0, 0.0, 0.0, 0.0, 0.0, 0.0, 0.0, 0.0, 0.0, 0.0, 0.0, 0.0, 0.0, 0.0, 0.0, 0.0, 0.0, 0.0, 0.0, 0.0, 0.0, 0.0, 0.0, 0.0, 0.0, 0.0, 0.0, 0.0, 0.0, 0.0, 0.0, 0.0, 0.0, 0.0, 0.0, 0.0, 0.0, 0.0, 0.0, 0.0, 0.0, 0.0, 0.0, 0.0, 0.0, 0.0, 0.0, 0.0, 0.0, 0.0, 0.0, 0.0, 0.0, 0.0, 0.0, 0.0, 0.0, 0.0, 0.0, 0.0, 0.0, 0.0, 0.0, 0.0, 0.0, 0.0, 0.0, 0.0, 0.0, 0.0, 0.0, 0.0, 0.0, 0.0, 0.0, 0.0, 0.0, 0.0, 0.0, 0.0, 0.0, 0.0, 0.0, 0.0, 0.0, 0.0, 0.0, 0.0, 0.0, 0.0, 0.0, 0.0, 0.0, 0.0, 0.0, 0.0, 0.0, 0.0, 0.0, 0.0, 0.0, 0.0, 0.0, 0.0, 0.0, 0.0, 0.0, 0.0], "tonal.chords_histogram": [22.648082733154297, 0.0, 4.413472652435303, 0.0, 13.356561660766602, 0.0, 0.0, 0.0, 0.0, 0.0, 0.0, 0.0, 0.0, 1.277584195137024, 0.0, 9.291521072387695, 0.0, 1.974448323249817, 1.161440134048462, 14.40185832977295, 12.195121765136719, 1.0452961921691895, 14.866434097290039, 3.3681764602661133], "tonal.thpcp": [1.0, 0.4066287577152252, 0.11741475015878677, 0.1058708056807518, 0.22443503141403198, 0.5900909304618835, 0.6529696583747864, 0.26321521401405334, 0.07565336674451828, 0.06443704664707184, 0.13066911697387695, 0.3021523356437683, 0.2607419788837433, 0.13882051408290863, 0.32923421263694763, 0.40305811166763306, 0.19856376945972443, 0.09167562425136566, 0.11453090608119965, 0.25863468647003174, 0.7462003827095032, 0.7242118120193481, 0.270580530166626, 0.16928842663764954, 0.12263111025094986, 0.18700337409973145, 0.4287821352481842, 0.421310156583786, 0.23470498621463776, 0.4979780316352844, 0.5675072073936462, 0.2513101100921631, 0.13453903794288635, 0.12298708409070969, 0.23199675977230072, 0.8424824476242065], "lowlevel.gfcc.cov": [[2207.80224609375, -458.6934509277344, -338.179931640625, -232.72671508789062, -224.83856201171875, -3.2275564670562744, -53.54146194458008, 170.40159606933594, 223.78863525390625, 160.2028045654297, -60.31232833862305, 30.976741790771484, -220.50088500976562], [-458.6934509277344, 924.9962768554688, -229.73439025878906, -250.11895751953125, 84.09457397460938, -87.0809555053711, 16.12125015258789, 30.65087127685547, 98.5343246459961, -14.629968643188477, 53.715904235839844, 25.25785255432129, -55.18043899536133], [-338.179931640625, -229.73439025878906, 539.0540771484375, 281.71417236328125, 54.58408737182617, 101.78501892089844, 104.55345916748047, -39.04656219482422, -164.76597595214844, -47.23420333862305, 20.543230056762695, 10.11114501953125, 131.41368103027344], [-232.72671508789062, -250.11895751953125, 281.71417236328125, 486.05535888671875, 78.4140853881836, 7.067618370056152, -47.66267776489258, -58.504398345947266, -68.26294708251953, -32.68666458129883, 1.9617183208465576, -16.650190353393555, 153.0150909423828], [-224.83856201171875, 84.09457397460938, 54.58408737182617, 78.4140853881836, 305.6715087890625, 17.85946273803711, -17.760366439819336, -6.617461204528809, 9.464903831481934, -0.586905837059021, 6.959179401397705, 9.120201110839844, 46.02091598510742], [-3.2275564670562744, -87.0809555053711, 101.78501892089844, 7.067618370056152, 17.85946273803711, 250.1605224609375, 190.72328186035156, -0.5887864828109741, -83.32583618164062, -9.320098876953125, 41.850128173828125, 11.092839241027832, -3.4696712493896484], [-53.54146194458008, 16.12125015258789, 104.55345916748047, -47.66267776489258, -17.760366439819336, 190.72328186035156, 306.7147216796875, 49.054996490478516, -91.08501434326172, -32.098445892333984, 27.954492568969727, 30.478271484375, -10.950398445129395], [170.40159606933594, 30.65087127685547, -39.04656219482422, -58.504398345947266, -6.617461204528809, -0.5887864828109741, 49.054996490478516, 146.33319091796875, 85.22346496582031, 16.852901458740234, -4.265293121337891, 5.321200847625732, -27.160261154174805], [223.78863525390625, 98.5343246459961, -164.76597595214844, -68.26294708251953, 9.464903831481934, -83.32583618164062, -91.08501434326172, 85.22346496582031, 215.73358154296875, 86.28035736083984, -23.88934326171875, -17.02084732055664, -73.04080963134766], [160.2028045654297, -14.629968643188477, -47.23420333862305, -32.68666458129883, -0.586905837059021, -9.320098876953125, -32.098445892333984, 16.852901458740234, 86.28035736083984, 119.51040649414062, 19.090700149536133, -19.132959365844727, -51.00956344604492], [-60.31232833862305, 53.715904235839844, 20.543230056762695, 1.9617183208465576, 6.959179401397705, 41.850128173828125, 27.954492568969727, -4.265293121337891, -23.88934326171875, 19.090700149536133, 95.51808166503906, 22.36787223815918, 7.1911115646362305], [30.976741790771484, 25.25785255432129, 10.11114501953125, -16.650190353393555, 9.120201110839844, 11.092839241027832, 30.478271484375, 5.321200847625732, -17.02084732055664, -19.132959365844727, 22.36787223815918, 93.66071319580078, 14.436989784240723], [-220.50088500976562, -55.18043899536133, 131.41368103027344, 153.0150909423828, 46.02091598510742, -3.4696712493896484, -10.950398445129395, -27.160261154174805, -73.04080963134766, -51.00956344604492, 7.1911115646362305, 14.436989784240723, 141.7890625]], "lowlevel.gfcc.icov": [[0.0008944965666159987, 0.0005581632722169161, 0.00044374962453730404, 2.3635715479031205e-05, 0.0003389689954929054, -0.0002979810524266213, 0.0003400701389182359, -0.0008804795215837657, 1.677164254942909e-05, -0.0006527418154291809, 0.0004088480200152844, -0.0008928506867960095, 0.0007557763601653278], [0.0005581632722169161, 0.002275730948895216, 0.00047537594218738377, 0.0010026035597547889, -0.000592370517551899, 0.0012872230727225542, -0.0012451332295313478, 0.0007601341931149364, -0.0020084932912141085, 0.0014494159258902073, -0.001967559102922678, -1.748083741404116e-05, 9.26642314880155e-05], [0.00044374962453730404, 0.00047537594218738377, 0.004089344758540392, -0.0017073547933250666, -0.0001446396781830117, -0.0001722459855955094, -0.0007252902141772211, -0.0013410313986241817, 0.0025612208992242813, -0.001701314584352076, 0.0005731600685976446, -0.0005992237129248679, -0.0006033797981217504], [2.3635715479031205e-05, 0.0010026035597547889, -0.0017073547933250666, 0.00477373693138361, -0.000534531194716692, 0.0001816481089917943, 4.569513475871645e-05, 0.0018139557214453816, -0.0026235152035951614, 0.0012485734187066555, -0.0011887623695656657, 0.0012822984717786312, -0.003585953265428543], [0.0003389689954929054, -0.000592370517551899, -0.0001446396781830117, -0.000534531194716692, 0.004137296695262194, -0.0015780552057549357, 0.0011189323849976063, -0.0004783799813594669, -0.0004065165703650564, -0.0008376609184779227, 0.0009782302659004927, -0.000933108211029321, -0.000844545487780124], [-0.0002979810524266213, 0.0012872230727225542, -0.0001722459855955094, 0.0001816481089917943, -0.0015780552057549357, 0.010191340930759907, -0.006724609062075615, 0.002511417493224144, -0.0005206733476370573, 0.000747336947824806, -0.0038741754833608866, 0.0016618198715150356, 0.0007523969979956746], [0.0003400701389182359, -0.0012451332295313478, -0.0007252902141772211, 4.569513475871645e-05, 0.0011189323849976063, -0.006724609062075615, 0.010267474688589573, -0.005991831421852112, 0.005070171318948269, -0.0013873447896912694, 0.002594170393422246, -0.0022932463325560093, 0.0019993127789348364], [-0.0008804795215837657, 0.0007601341931149364, -0.0013410313986241817, 0.0018139557214453816, -0.0004783799813594669, 0.002511417493224144, -0.005991831421852112, 0.014885407872498035, -0.010384047403931618, 0.004780801013112068, -0.0031115985475480556, 0.0016747723566368222, -0.002824775641784072], [1.677164254942909e-05, -0.0020084932912141085, 0.0025612208992242813, -0.0026235152035951614, -0.0004065165703650564, -0.0005206733476370573, 0.005070171318948269, -0.010384047403931618, 0.018645206466317177, -0.010126795619726181, 0.005767012480646372, -0.0018521639285609126, 0.004081282299011946], [-0.0006527418154291809, 0.0014494159258902073, -0.001701314584352076, 0.0012485734187066555, -0.0008376609184779227, 0.000747336947824806, -0.0013873447896912694, 0.004780801013112068, -0.010126795619726181, 0.018199466168880463, -0.007758948020637035, 0.0037925057113170624, 0.0022152208257466555], [0.0004088480200152844, -0.001967559102922678, 0.0005731600685976446, -0.0011887623695656657, 0.0009782302659004927, -0.0038741754833608866, 0.002594170393422246, -0.0031115985475480556, 0.005767012480646372, -0.007758948020637035, 0.016565559431910515, -0.0046166530810296535, -0.00037686422001570463], [-0.0008928506867960095, -1.748083741404116e-05, -0.0005992237129248679, 0.0012822984717786312, -0.000933108211029321, 0.0016618198715150356, -0.0022932463325560093, 0.0016747723566368222, -0.0018521639285609126, 0.0037925057113170624, -0.0046166530810296535, 0.013739285059273243, -0.0024910566862672567], [0.0007557763601653278, 9.26642314880155e-05, -0.0006033797981217504, -0.003585953265428543, -0.000844545487780124, 0.0007523969979956746, 0.0019993127789348364, -0.002824775641784072, 0.004081282299011946, 0.0022152208257466555, -0.00037686422001570463, -0.0024910566862672567, 0.01577117294073105]], "lowlevel.mfcc.cov": [[2334.355224609375, -384.49163818359375, -280.86395263671875, -266.0346374511719, -186.6957244873047, -140.8619842529297, -310.87591552734375, -4.789318084716797, 58.026649475097656, -22.425256729125977, 337.57843017578125, 216.84368896484375, -49.66804885864258], [-384.49163818359375, 1039.046142578125, -359.0169372558594, -207.60267639160156, -51.632930755615234, -68.74015045166016, -71.22889709472656, 66.117919921875, -16.5408878326416, -57.5461540222168, 198.62673950195312, 95.38875579833984, -50.75444793701172], [-280.86395263671875, -359.0169372558594, 537.4503173828125, 152.86968994140625, -26.648771286010742, 70.7181396484375, 220.85337829589844, 9.544857025146484, 3.733703851699829, 2.3320655822753906, -165.44346618652344, -63.84785842895508, 57.18897247314453], [-266.0346374511719, -207.60267639160156, 152.86968994140625, 370.53118896484375, 176.2476043701172, 8.669150352478027, -11.952168464660645, -52.76540756225586, 30.417301177978516, 13.287538528442383, -158.4636993408203, -92.98173522949219, 39.3696403503418], [-186.6957244873047, -51.632930755615234, -26.648771286010742, 176.2476043701172, 350.2322082519531, -12.377196311950684, -62.982479095458984, -84.38170623779297, 32.24693298339844, 10.107518196105957, -62.83202362060547, -49.873069763183594, 31.286972045898438], [-140.8619842529297, -68.74015045166016, 70.7181396484375, 8.669150352478027, -12.377196311950684, 222.51756286621094, 143.61056518554688, 35.04205322265625, -39.48242950439453, 26.883541107177734, -38.8720703125, -10.351035118103027, 1.6598166227340698], [-310.87591552734375, -71.22889709472656, 220.85337829589844, -11.952168464660645, -62.982479095458984, 143.61056518554688, 389.472900390625, 101.73609161376953, -25.728044509887695, 14.015667915344238, -119.04638671875, -24.74818229675293, 34.31284713745117], [-4.789318084716797, 66.117919921875, 9.544857025146484, -52.76540756225586, -84.38170623779297, 35.04205322265625, 101.73609161376953, 189.0066680908203, 28.295778274536133, -13.150788307189941, 1.2628554105758667, 24.73088264465332, 0.9973745346069336], [58.026649475097656, -16.5408878326416, 3.733703851699829, 30.417301177978516, 32.24693298339844, -39.48242950439453, -25.728044509887695, 28.295778274536133, 128.9515380859375, 21.86397361755371, 27.22991371154785, 2.1231613159179688, 6.048135757446289], [-22.425256729125977, -57.5461540222168, 2.3320655822753906, 13.287538528442383, 10.107518196105957, 26.883541107177734, 14.015667915344238, -13.150788307189941, 21.86397361755371, 138.8192138671875, -3.1493191719055176, -5.2249674797058105, -5.944523334503174], [337.57843017578125, 198.62673950195312, -165.44346618652344, -158.4636993408203, -62.83202362060547, -38.8720703125, -119.04638671875, 1.2628554105758667, 27.22991371154785, -3.1493191719055176, 293.6700439453125, 116.9140396118164, -25.536998748779297], [216.84368896484375, 95.38875579833984, -63.84785842895508, -92.98173522949219, -49.873069763183594, -10.351035118103027, -24.74818229675293, 24.73088264465332, 2.1231613159179688, -5.2249674797058105, 116.9140396118164, 149.5093231201172, 5.266441822052002], [-49.66804885864258, -50.75444793701172, 57.18897247314453, 39.3696403503418, 31.286972045898438, 1.6598166227340698, 34.31284713745117, 0.9973745346069336, 6.048135757446289, -5.944523334503174, -25.536998748779297, 5.266441822052002, 93.97608184814453]], "lowlevel.mfcc.icov": [[0.0009247850975953043, 0.000861533684656024, 0.0005302354693412781, 0.00028347765328362584, 0.0003179606283083558, 0.00029090832686051726, 0.00030320347286760807, -0.0001346440549241379, -0.00021738241775892675, 0.0003467188507784158, -0.0005974968080408871, -0.000814561964944005, 0.00021156386355869472], [0.000861533684656024, 0.0022650810424238443, 0.0013763838214799762, 0.00034489319659769535, 0.00017909382586367428, 0.0007234200602397323, -0.00023787724785506725, -0.0005206743953749537, 0.0001255518291145563, 0.0007875890587456524, -0.0011525275185704231, -0.0008261451148428023, 0.000491402461193502], [0.0005302354693412781, 0.0013763838214799762, 0.004188319202512503, -0.0012090244563296437, 0.0012732793111354113, 0.00043165578972548246, -0.0019755642861127853, 0.0007708087214268744, -0.0007363156182691455, 0.0008665990317240357, -9.827545000007376e-05, -0.00047040058416314423, -0.0006352255004458129], [0.00028347765328362584, 0.00034489319659769535, -0.0012090244563296437, 0.0056352089159190655, -0.0018862277502194047, -0.0005410269950516522, 0.0016256568487733603, -2.5770134016056545e-05, -0.0010837129084393382, -5.194004188524559e-05, 0.0017764726653695107, 0.0006139064207673073, -0.0007298999698832631], [0.0003179606283083558, 0.00017909382586367428, 0.0012732793111354113, -0.0018862277502194047, 0.004784276243299246, -0.000347807101206854, -4.487947990128305e-06, 0.0018138228915631771, -0.0014722502091899514, 0.0003628406557254493, 0.00024183967616409063, -4.91052633151412e-05, -0.0011379775824025273], [0.00029090832686051726, 0.0007234200602397323, 0.00043165578972548246, -0.0005410269950516522, -0.000347807101206854, 0.006851181387901306, -0.0024791995529085398, -0.0009164162329398096, 0.002355873119086027, -0.0011106847086921334, -0.001131657394580543, -0.00015503571194130927, 0.0008974461234174669], [0.00030320347286760807, -0.00023787724785506725, -0.0019755642861127853, 0.0016256568487733603, -4.487947990128305e-06, -0.0024791995529085398, 0.006066754925996065, -0.0022184508852660656, 0.0002501844137441367, -0.0005742794019170105, 0.0016671987250447273, -0.00020833249436691403, -0.0011810341384261847], [-0.0001346440549241379, -0.0005206743953749537, 0.0007708087214268744, -2.5770134016056545e-05, 0.0018138228915631771, -0.0009164162329398096, -0.0022184508852660656, 0.008338558487594128, -0.0034499173052608967, 0.0013361804885789752, 0.0010111930314451456, -0.0010580732487142086, -3.61884267476853e-05], [-0.00021738241775892675, 0.0001255518291145563, -0.0007363156182691455, -0.0010837129084393382, -0.0014722502091899514, 0.002355873119086027, 0.0002501844137441367, -0.0034499173052608967, 0.01088791061192751, -0.00230496097356081, -0.0021784359123557806, 0.0010078391060233116, -0.0002461665717419237], [0.0003467188507784158, 0.0007875890587456524, 0.0008665990317240357, -5.194004188524559e-05, 0.0003628406557254493, -0.0011106847086921334, -0.0005742794019170105, 0.0013361804885789752, -0.00230496097356081, 0.008325967937707901, -0.00021174705761950463, -0.00047988787991926074, 0.0008416804485023022], [-0.0005974968080408871, -0.0011525275185704231, -9.827545000007376e-05, 0.0017764726653695107, 0.00024183967616409063, -0.001131657394580543, 0.0016671987250447273, 0.0010111930314451456, -0.0021784359123557806, -0.00021174705761950463, 0.00791384931653738, -0.0033949955832213163, 0.00016491506539750844], [-0.000814561964944005, -0.0008261451148428023, -0.00047040058416314423, 0.0006139064207673073, -4.91052633151412e-05, -0.00015503571194130927, -0.00020833249436691403, -0.0010580732487142086, 0.0010078391060233116, -0.00047988787991926074, -0.0033949955832213163, 0.01139960065484047, -0.0023978431709110737], [0.00021156386355869472, 0.000491402461193502, -0.0006352255004458129, -0.0007298999698832631, -0.0011379775824025273, 0.0008974461234174669, -0.0011810341384261847, -3.61884267476853e-05, -0.0002461665717419237, 0.0008416804485023022, 0.00016491506539750844, -0.0023978431709110737, 0.012753451243042946]], "metadata.audio_properties.analysis.downmix": "