{"song_id": "1182281863188979712", "download": "https://cdn.discordapp.com/attachments/1128313332273782784/1182281863188979712/chirp.mp4?ex=658420c9&amp", "lyrics": "[verse]\nElias and Bobo, friends so true\nEmbark on adventures, away they flew\nExploring the world, with hearts so pure\nTogether they'll conquer, of that they're sure\n\n[chorus]\nElias und Bobo, on Abenteuertour\nWith laughter and joy, their spirits will soar\nHand in hand, they'll face all the unknown\nBound by friendship, forever they'll roam", "style": ["random"], "essentia_features": {"lowlevel.average_loudness": 0.9633642435073853, "lowlevel.barkbands_crest.mean": 10.657477378845215, "lowlevel.barkbands_crest.stdev": 4.0674147605896, "lowlevel.barkbands_flatness_db.mean": 0.24000512063503265, "lowlevel.barkbands_flatness_db.stdev": 0.06761637330055237, "lowlevel.barkbands_kurtosis.mean": 2.0938191413879395, "lowlevel.barkbands_kurtosis.stdev": 4.307796478271484, "lowlevel.barkbands_skewness.mean": 0.8675477504730225, "lowlevel.barkbands_skewness.stdev": 0.8614540696144104, "lowlevel.barkbands_spread.mean": 14.223626136779785, "lowlevel.barkbands_spread.stdev": 12.001202583312988, "lowlevel.dissonance.mean": 0.4097382128238678, "lowlevel.dissonance.stdev": 0.061158087104558945, "lowlevel.dynamic_complexity": 3.2706122398376465, "lowlevel.erbbands_crest.mean": 13.778761863708496, "lowlevel.erbbands_crest.stdev": 5.554680824279785, "lowlevel.erbbands_flatness_db.mean": 0.28797951340675354, "lowlevel.erbbands_flatness_db.stdev": 0.0651383176445961, "lowlevel.erbbands_kurtosis.mean": 1.805249571800232, "lowlevel.erbbands_kurtosis.stdev": 3.722601890563965, "lowlevel.erbbands_skewness.mean": 0.5666536688804626, "lowlevel.erbbands_skewness.stdev": 0.814404308795929, "lowlevel.erbbands_spread.mean": 22.16452407836914, "lowlevel.erbbands_spread.stdev": 18.04649543762207, "lowlevel.hfc.mean": 23.464014053344727, "lowlevel.hfc.stdev": 22.67753791809082, "lowlevel.loudness_ebu128.integrated": -16.90120506286621, "lowlevel.loudness_ebu128.loudness_range": 2.7861976623535156, "lowlevel.loudness_ebu128.momentary.mean": -17.495933532714844, "lowlevel.loudness_ebu128.momentary.stdev": 2.521552801132202, "lowlevel.loudness_ebu128.short_term.mean": -16.87727165222168, "lowlevel.loudness_ebu128.short_term.stdev": 0.9609498381614685, "lowlevel.melbands_crest.mean": 13.250775337219238, "lowlevel.melbands_crest.stdev": 4.7505083084106445, "lowlevel.melbands_flatness_db.mean": 0.2642304599285126, "lowlevel.melbands_flatness_db.stdev": 0.08316070586442947, "lowlevel.melbands_kurtosis.mean": 4.508812427520752, "lowlevel.melbands_kurtosis.stdev": 5.945991516113281, "lowlevel.melbands_skewness.mean": 1.351306676864624, "lowlevel.melbands_skewness.stdev": 0.9938348531723022, "lowlevel.melbands_spread.mean": 20.95320701599121, "lowlevel.melbands_spread.stdev": 17.724170684814453, "lowlevel.pitch_salience.mean": 0.5330431461334229, "lowlevel.pitch_salience.stdev": 0.10921933501958847, "lowlevel.silence_rate_20dB.mean": 1.0, "lowlevel.silence_rate_20dB.stdev": 0.0, "lowlevel.silence_rate_30dB.mean": 0.998769223690033, "lowlevel.silence_rate_30dB.stdev": 0.035061050206422806, "lowlevel.silence_rate_60dB.mean": 0.04676923155784607, "lowlevel.silence_rate_60dB.stdev": 0.21114382147789001, "lowlevel.spectral_centroid.mean": 1187.8226318359375, "lowlevel.spectral_centroid.stdev": 438.69635009765625, "lowlevel.spectral_complexity.mean": 13.349538803100586, "lowlevel.spectral_complexity.stdev": 7.184402942657471, "lowlevel.spectral_decrease.mean": -4.641868667221161e-09, "lowlevel.spectral_decrease.stdev": 4.1539460760020575e-09, "lowlevel.spectral_energy.mean": 0.019647730514407158, "lowlevel.spectral_energy.stdev": 0.017550183460116386, "lowlevel.spectral_energyband_high.mean": 0.0004409508255776018, "lowlevel.spectral_energyband_high.stdev": 0.0008077386883087456, "lowlevel.spectral_energyband_low.mean": 0.00011945594451390207, "lowlevel.spectral_energyband_low.stdev": 0.00017789182311389595, "lowlevel.spectral_energyband_middle_high.mean": 0.0111509645357728, "lowlevel.spectral_energyband_middle_high.stdev": 0.014365234412252903, "lowlevel.spectral_energyband_middle_low.mean": 0.008593125268816948, "lowlevel.spectral_energyband_middle_low.stdev": 0.006896127015352249, "lowlevel.spectral_entropy.mean": 6.769328594207764, "lowlevel.spectral_entropy.stdev": 0.7144545316696167, "lowlevel.spectral_flux.mean": 0.06757372617721558, "lowlevel.spectral_flux.stdev": 0.0499374121427536, "lowlevel.spectral_kurtosis.mean": 15.790104866027832, "lowlevel.spectral_kurtosis.stdev": 24.739988327026367, "lowlevel.spectral_rms.mean": 0.003989345394074917, "lowlevel.spectral_rms.stdev": 0.0018037891713902354, "lowlevel.spectral_rolloff.mean": 1920.15478515625, "lowlevel.spectral_rolloff.stdev": 1922.5078125, "lowlevel.spectral_skewness.mean": 2.7673959732055664, "lowlevel.spectral_skewness.stdev": 1.559870958328247, "lowlevel.spectral_spread.mean": 3908816.0, "lowlevel.spectral_spread.stdev": 2821922.25, "lowlevel.spectral_strongpeak.mean": 2.207610607147217, "lowlevel.spectral_strongpeak.stdev": 2.034214496612549, "lowlevel.zerocrossingrate.mean": 0.0683668851852417, "lowlevel.zerocrossingrate.stdev": 0.04714955389499664, "metadata.audio_properties.analysis.equal_loudness": 0.0, "metadata.audio_properties.analysis.length": 37.695987701416016, "metadata.audio_properties.analysis.sample_rate": 44100.0, "metadata.audio_properties.analysis.start_time": 0.0, "metadata.audio_properties.bit_rate": 119842.0, "metadata.audio_properties.length": 37.69599914550781, "metadata.audio_properties.lossless": 0.0, "metadata.audio_properties.number_channels": 1.0, "metadata.audio_properties.replay_gain": -10.654199600219727, "metadata.audio_properties.sample_rate": 48000.0, "rhythm.beats_count": 66.0, "rhythm.beats_loudness.mean": 0.029975825920701027, "rhythm.beats_loudness.stdev": 0.018508657813072205, "rhythm.bpm": 106.1268310546875, "rhythm.bpm_histogram_first_peak_bpm": 105.0, "rhythm.bpm_histogram_first_peak_weight": 0.5178571939468384, "rhythm.bpm_histogram_second_peak_bpm": 110.0, "rhythm.bpm_histogram_second_peak_spread": 0.11111116409301758, "rhythm.bpm_histogram_second_peak_weight": 0.1230769231915474, "rhythm.danceability": 1.4758937358856201, "rhythm.onset_rate": 2.9966156482696533, "tonal.chords_changes_rate": 0.06273062527179718, "tonal.chords_number_rate": 0.008610086515545845, "tonal.chords_strength.mean": 0.45956578850746155, "tonal.chords_strength.stdev": 0.08429643511772156, "tonal.hpcp_crest.mean": 20.358238220214844, "tonal.hpcp_crest.stdev": 8.0136137008667, "tonal.hpcp_entropy.mean": 1.211277961730957, "tonal.hpcp_entropy.stdev": 0.6430178880691528, "tonal.key_edma.strength": 0.7819643616676331, "tonal.key_krumhansl.strength": 0.7901569604873657, "tonal.key_temperley.strength": 0.7932360172271729, "tonal.tuning_diatonic_strength": 0.5886438488960266, "tonal.tuning_equal_tempered_deviation": 0.028742313385009766, "tonal.tuning_frequency": 440.0, "tonal.tuning_nontempered_energy_ratio": 0.592632532119751, "lowlevel.barkbands.mean": [3.191721305029205e-07, 1.0875942280108575e-06, 9.05906708794646e-05, 3.2285995985148475e-05, 0.0010625754948705435, 0.001406198600307107, 0.001751079224050045, 0.0015449199127033353, 0.0013884692452847958, 0.0022915031295269728, 0.001199866645038128, 0.0025901678018271923, 0.0021873698569834232, 0.001141521381214261, 0.0003303566772956401, 0.0010089264251291752, 0.0008079261751845479, 0.0003229134017601609, 3.650954022305086e-05, 2.26768315769732e-05, 5.046219939686125e-06, 0.00015424760931637138, 9.001190483104438e-05, 9.228383714798838e-05, 7.593586633447558e-05, 1.2915055776829831e-05, 4.784699214610555e-08], "lowlevel.barkbands.stdev": [1.0007253194999066e-06, 2.9310622267075814e-06, 0.00013635962386615574, 4.830644320463762e-05, 0.0027259907219558954, 0.001368598430417478, 0.003021453507244587, 0.0028638553339987993, 0.003672750433906913, 0.0031075088772922754, 0.003410661593079567, 0.008877216838300228, 0.0061098746955394745, 0.00381105812266469, 0.0013213666388764977, 0.001917294692248106, 0.0014046410797163844, 0.0005741585628129542, 7.95409141574055e-05, 5.898916788282804e-05, 3.376419408596121e-05, 0.00026018344215117395, 0.0001435466401744634, 0.0003289028536528349, 0.0002888476010411978, 4.8978017730405554e-05, 2.2223288453915302e-07], "lowlevel.erbbands.mean": [4.253066435921937e-05, 0.0014009398873895407, 0.0593036450445652, 0.16537708044052124, 0.20387086272239685, 4.60351037979126, 5.220809459686279, 14.427634239196777, 28.32779312133789, 35.26009750366211, 23.187732696533203, 36.88884353637695, 71.6897964477539, 45.37052536010742, 72.13348388671875, 104.94535827636719, 98.80218505859375, 84.1776123046875, 23.329946517944336, 31.033967971801758, 48.16023254394531, 47.22517395019531, 24.235925674438477, 5.1953864097595215, 1.2322956323623657, 1.1062681674957275, 0.3598712384700775, 0.2416829764842987, 2.473832607269287, 8.86870288848877, 1.649161458015442, 1.391517162322998, 1.7408726215362549, 1.238534927368164, 0.3298039436340332, 0.09406685084104538, 0.017345773056149483, 0.0011214754777029157, 4.12202462030109e-05, 2.7076812330051325e-05], "lowlevel.erbbands.stdev": [7.987101707840338e-05, 0.0020886168349534273, 0.08898423612117767, 0.24053306877613068, 0.3774210512638092, 11.957295417785645, 10.935785293579102, 14.79432487487793, 43.46739959716797, 63.189186096191406, 48.153419494628906, 100.95670318603516, 87.296630859375, 105.00858306884766, 209.4051513671875, 315.2754211425781, 265.3190612792969, 247.5259246826172, 80.29029846191406, 68.09905242919922, 79.34278106689453, 80.08328247070312, 41.230491638183594, 8.836687088012695, 2.6542975902557373, 2.9910645484924316, 1.6087123155593872, 1.1785852909088135, 4.25472354888916, 14.124807357788086, 3.0036449432373047, 4.5579938888549805, 6.619524002075195, 4.736220359802246, 1.313346028327942, 0.38670408725738525, 0.05608261749148369, 0.0036945396568626165, 9.23390980460681e-05, 2.3044156478135847e-05], "lowlevel.gfcc.mean": [-83.09654998779297, 74.62418365478516, -166.2633514404297, -44.73805236816406, -95.07255554199219, 4.163872241973877, -74.89279174804688, 3.259204387664795, -5.5599541664123535, -17.976896286010742, -17.13433265686035, 15.850379943847656, -13.746790885925293], "lowlevel.melbands.mean": [2.5897995215018454e-07, 2.341218714718707e-05, 2.4564526029280387e-05, 0.00014086582814343274, 0.0002350706490688026, 0.00033345207339152694, 0.0004152287438046187, 0.000390680565033108, 0.00018968665972352028, 0.00022838487348053604, 0.00035071029560640454, 0.00017310181283392012, 0.00019255877123214304, 0.00030485368915833533, 0.0002373351890128106, 0.00021304763504303992, 0.00014442157407756895, 3.458086575847119e-05, 2.0126452000113204e-05, 7.491793803637847e-05, 4.7836958401603624e-05, 4.9129939725389704e-05, 3.734253186848946e-05, 1.1912213267351035e-05, 3.2590419323241804e-06, 8.343172339664306e-07, 8.075474511315406e-07, 7.043950063234661e-07, 2.653140427355538e-07, 1.134069265162907e-07, 1.0708290432148715e-07, 5.246734531283437e-07, 4.598000941768987e-06, 4.522921699390281e-06, 8.270920375252899e-07, 5.260873194856686e-07, 1.0271879773426917e-06, 1.294946855523449e-06, 1.0777877150758286e-06, 1.1000715858244803e-06], "lowlevel.melbands.stdev": [7.311479066629545e-07, 3.5051587474299595e-05, 3.398109402041882e-05, 0.0003573313297238201, 0.0005385431577451527, 0.00033144737244583666, 0.0006390925846062601, 0.000706098391674459, 0.0004294225946068764, 0.0006162648205645382, 0.0004350096278358251, 0.00044061822700314224, 0.0005409927107393742, 0.0011243765475228429, 0.0007130057783797383, 0.0005708201788365841, 0.0004537912900559604, 0.00013270806812215596, 7.200716208899394e-05, 0.00016668500029481947, 8.516591333318502e-05, 9.017552656587213e-05, 6.800609844503924e-05, 2.160631811420899e-05, 6.535264674312202e-06, 2.1546979951381218e-06, 2.0718011910503265e-06, 2.044298980763415e-06, 1.1609763532760553e-06, 7.92138621363847e-07, 6.457417498495488e-07, 1.203744659505901e-06, 7.607275620102882e-06, 7.120432201190852e-06, 1.6757746834628051e-06, 1.716327801659645e-06, 3.6401988836587407e-06, 4.933367563353386e-06, 4.306653409003047e-06, 4.338485268817749e-06], "lowlevel.melbands128.mean": [1.4224011124497338e-07, 1.7123554130193952e-07, 2.430805068343034e-07, 5.412743462329672e-07, 1.3352293535717763e-05, 5.619877629214898e-05, 3.9260343328351155e-05, 9.499533007328864e-06, 8.400860679103062e-06, 3.277245195931755e-05, 0.0002888849703595042, 0.00046650218428112566, 0.00012762180995196104, 8.143649029079825e-05, 0.0002470986801199615, 0.0005488051101565361, 0.0005692642298527062, 0.00037015468114987016, 0.0002435555070405826, 0.00044385643559508026, 0.0004902665386907756, 0.00014150278002489358, 0.00013350551307667047, 0.00023322463675867766, 0.00028777867555618286, 0.00015208027616608888, 0.00026483830879442394, 0.0005772210424765944, 0.00016915507148951292, 0.0002134438545908779, 0.00016206849250011146, 0.00011653814726741984, 0.00015978622832335532, 0.0002739119518082589, 0.00031664076959714293, 0.00032621927675791085, 0.0002686246298253536, 0.00022426834038924426, 0.0002281137858517468, 0.0002127962070517242, 0.0002037049416685477, 0.0002268544922117144, 0.00018980950699187815, 7.95540472608991e-05, 2.4820270482450724e-05, 4.0106140659190714e-05, 2.7834861612063833e-05, 9.051210327015724e-06, 2.4510009097866714e-05, 2.7450119887362234e-05, 0.00011232593533350155, 8.768041152507067e-05, 4.785279088537209e-05, 3.2340383768314496e-05, 3.428019772400148e-05, 5.887327642994933e-05, 5.049357423558831e-05, 5.138359483680688e-05, 2.9093058401485905e-05, 1.825862636906095e-05, 1.1588084817049094e-05, 6.6000579863612074e-06, 4.7641078708693385e-06, 2.09485688174027e-06, 9.457715464122884e-07, 9.015030855152872e-07, 6.778830652365286e-07, 6.313472340480075e-07, 8.74524289429246e-07, 1.008734329843719e-06, 6.83476514495851e-07, 6.595072932213952e-07, 3.897386307016859e-07, 1.6913247691263678e-07, 1.2690102835222206e-07, 1.1187736959072936e-07, 1.2155202000485588e-07, 8.372321502747582e-08, 1.0342115785988426e-07, 1.2110476177440432e-07, 1.6486121978687152e-07, 4.800407396032824e-07, 1.8435931679050555e-06, 3.8125310766190523e-06, 8.792333574092481e-06, 6.447043688240228e-06, 2.60526917372772e-06, 1.4143705584501731e-06, 6.349605428113136e-07, 4.6566165678996185e-07, 5.575044497163617e-07, 4.842065095544967e-07, 5.824417712574359e-07, 7.15711280463438e-07, 1.6627161585347494e-06, 1.5118515648282482e-06, 1.0614753591653425e-06, 1.196455855279055e-06, 1.239136167896504e-06, 8.424748898505641e-07, 1.0697798416003934e-06, 1.4247478929974022e-06, 7.576732627967431e-07, 3.363078064921865e-07, 2.426848482173227e-07, 2.820546285420278e-07, 2.656263689004845e-07, 2.322345977745499e-07, 1.5605216674430267e-07, 8.501302062313698e-08, 6.490081005949833e-08, 6.529882057293435e-08, 6.991408696421786e-08, 2.2023723289521513e-08, 1.4277183879585209e-08, 9.143331425320866e-09, 2.3017177053219484e-09, 6.770193433647265e-11, 3.0622889207049253e-12, 2.9736289385712267e-12, 2.893396893605127e-12, 2.829412702395895e-12, 2.7755929065537144e-12, 2.7209241804104778e-12, 2.6399821998618345e-12, 2.537317795106575e-12, 2.4762624676460954e-12, 2.4567498643074392e-12], "lowlevel.melbands128.stdev": [4.802515150004183e-07, 5.35080914687569e-07, 7.799770855854149e-07, 1.4316614169729291e-06, 2.0365752789075486e-05, 8.457871444988996e-05, 5.8971025282517076e-05, 1.6451416740892455e-05, 2.7953696189797483e-05, 6.84055412421003e-05, 0.0007631850312463939, 0.00122260139323771, 0.0003295219212304801, 0.00016226500156335533, 0.0004657026147469878, 0.0005987199838273227, 0.0008303922950290143, 0.001007384737022221, 0.0006716163479723036, 0.0009906445629894733, 0.0009820533450692892, 0.00040378313860855997, 0.0005615089903585613, 0.000772979692555964, 0.0010209321044385433, 0.0006974529824219644, 0.000423195626353845, 0.0007715187966823578, 0.00042587483767420053, 0.0007324956241063774, 0.0005709138349629939, 0.0005054711946286261, 0.0005633888067677617, 0.0010134440381079912, 0.0018803362036123872, 0.0015902193263173103, 0.0010196036892011762, 0.0009941405151039362, 0.0009752106852829456, 0.0009255572804249823, 0.0007256264798343182, 0.0009426362230442464, 0.0008020795648917556, 0.000274943740805611, 0.00012165206135250628, 0.00022049483959563076, 0.00017472050967626274, 3.450169606367126e-05, 0.0001215352094732225, 0.00011244201596127823, 0.0003236762131564319, 0.00017527212912682444, 0.00012258639617357403, 9.906198101816699e-05, 8.30963472253643e-05, 0.00013807843788526952, 0.00010281678260071203, 0.00012044578761560842, 6.552838021889329e-05, 4.641690247808583e-05, 2.363086969126016e-05, 1.3466075870383065e-05, 1.0968255082843825e-05, 5.522880655917106e-06, 2.5186238872265676e-06, 3.1548038350592833e-06, 2.000195763685042e-06, 1.7490143591203378e-06, 2.603692792035872e-06, 3.065145392611157e-06, 2.7705368665920105e-06, 2.3373524982162053e-06, 1.3460322634273325e-06, 1.4047038803255418e-06, 8.886776754479797e-07, 7.064103328957572e-07, 1.0837776471817051e-06, 5.821833610752947e-07, 5.87523231843079e-07, 8.291281687888841e-07, 8.187411140170298e-07, 1.1551315992619493e-06, 4.287567662686342e-06, 7.744148206256796e-06, 1.658331348153297e-05, 1.1502747838676441e-05, 4.472799446375575e-06, 2.586364416856668e-06, 1.620025727788743e-06, 1.5730723816886893e-06, 1.9300157418911112e-06, 1.6466062788822455e-06, 2.155465608666418e-06, 2.688670520001324e-06, 6.984675565036014e-06, 5.92112701269798e-06, 4.519332378549734e-06, 5.229487214819528e-06, 5.385097665566718e-06, 3.571254183043493e-06, 4.2533815758361015e-06, 5.8051023188454565e-06, 3.6347355489851907e-06, 1.6782728380349e-06, 1.0140297490579542e-06, 1.0978685622831108e-06, 1.1440688467700966e-06, 1.331992280029226e-06, 6.608626677007123e-07, 2.8776699423360697e-07, 1.8616040620145213e-07, 1.747253151052064e-07, 3.5141687249051756e-07, 7.37727532396093e-08, 5.154063131840303e-08, 4.3348276079768766e-08, 1.0521446824895975e-08, 7.144891345234328e-10, 5.0642151062929575e-12, 4.928951777977142e-12, 4.8063900949524285e-12, 4.699947462466492e-12, 4.6058612652999376e-12, 4.525347544609426e-12, 4.457597051893414e-12, 4.404942122865352e-12, 4.365496679425984e-12, 4.34147726449674e-12], "lowlevel.mfcc.mean": [-727.2352294921875, 130.27618408203125, -29.066341400146484, -57.789058685302734, -8.627762794494629, -31.49384117126465, -51.8018798828125, 10.861200332641602, -18.69121551513672, -19.012422561645508, -3.4745376110076904, -13.48801326751709, 13.223442077636719], "lowlevel.spectral_contrast_coeffs.mean": [-0.6193536520004272, -0.6599265336990356, -0.6723476052284241, -0.7149176001548767, -0.6898698210716248, -0.7412680387496948], "lowlevel.spectral_contrast_coeffs.stdev": [0.08350268751382828, 0.06640386581420898, 0.06581249833106995, 0.060235004872083664, 0.09510092437267303, 0.0633254274725914], "lowlevel.spectral_contrast_valleys.mean": [-9.533772468566895, -7.12226676940918, -7.674806594848633, -8.166598320007324, -9.558324813842773, -11.536664962768555], "lowlevel.spectral_contrast_valleys.stdev": [1.0679947137832642, 0.8212554454803467, 1.017580509185791, 1.1422539949417114, 1.3961141109466553, 1.3131823539733887], "rhythm.beats_loudness_band_ratio.mean": [0.006638566497713327, 0.1366342157125473, 0.3397316634654999, 0.38037365674972534, 0.17754048109054565, 0.032498978078365326], "rhythm.beats_loudness_band_ratio.stdev": [0.010009794495999813, 0.14824847877025604, 0.20375411212444305, 0.23656690120697021, 0.14473141729831696, 0.05679429695010185], "tonal.hpcp.mean": [0.13684481382369995, 0.08338139951229095, 0.04097303748130798, 0.03141694515943527, 0.02765355445444584, 0.04812811687588692, 0.059009846299886703, 0.050575606524944305, 0.25405845046043396, 0.451179563999176, 0.24750159680843353, 0.05973181501030922, 0.05974959209561348, 0.05624859407544136, 0.07315120846033096, 0.09143462777137756, 0.07652193307876587, 0.06548026204109192, 0.07004251331090927, 0.068451888859272, 0.10341012477874756, 0.11606720834970474, 0.08376237004995346, 0.13257275521755219, 0.1682417392730713, 0.10916737467050552, 0.063943050801754, 0.05194607377052307, 0.05467985197901726, 0.3153020143508911, 0.5551591515541077, 0.28243017196655273, 0.03189367428421974, 0.040299560874700546, 0.044915348291397095, 0.09769812971353531], "tonal.hpcp.stdev": [0.29535579681396484, 0.18072104454040527, 0.13234008848667145, 0.10404001176357269, 0.099484883248806, 0.13971707224845886, 0.15787231922149658, 0.14224784076213837, 0.25123706459999084, 0.3996671438217163, 0.23440884053707123, 0.14467506110668182, 0.1489238142967224, 0.15318693220615387, 0.1678437739610672, 0.1881408989429474, 0.16338130831718445, 0.1581955999135971, 0.1567465215921402, 0.15414252877235413, 0.18502643704414368, 0.20036597549915314, 0.16565698385238647, 0.22481843829154968, 0.2929005026817322, 0.19579483568668365, 0.17155146598815918, 0.15323351323604584, 0.16478216648101807, 0.2364773005247116, 0.3972651958465576, 0.21453209221363068, 0.10342023521661758, 0.1388329565525055, 0.13937024772167206, 0.21663682162761688], "rhythm.beats_position": [0.5340589284896851, 1.0797278881072998, 1.6253968477249146, 2.1710658073425293, 2.7167346477508545, 3.2624034881591797, 3.8196823596954346, 4.388571262359619, 4.945850372314453, 5.514739036560059, 6.083628177642822, 6.652516841888428, 7.209795951843262, 7.7670745849609375, 8.335963249206543, 8.904852867126465, 9.47374153137207, 10.054240226745605, 10.63473892211914, 11.192017555236816, 11.760907173156738, 12.329795837402344, 12.87546443939209, 13.421133995056152, 14.001632690429688, 14.570521354675293, 15.139410018920898, 15.708298683166504, 16.27718734741211, 16.8344669342041, 17.391746520996094, 17.960634231567383, 18.529523849487305, 19.121631622314453, 19.690521240234375, 20.247800827026367, 20.805078506469727, 21.37396812438965, 21.942855834960938, 22.488525390625, 23.057415008544922, 23.61469268798828, 24.171972274780273, 24.752471923828125, 25.309749603271484, 25.878639221191406, 26.447526931762695, 27.016416549682617, 27.58530616760254, 28.1425838470459, 28.69986343383789, 29.257143020629883, 29.8376407623291, 30.394920349121094, 30.952198028564453, 31.509477615356445, 32.078365325927734, 32.647254943847656, 33.18131637573242, 33.75020217895508, 34.34231185913086, 34.93442153930664, 35.52653121948242, 36.10702896118164, 36.67591857910156, 37.268028259277344], "rhythm.bpm_histogram": [0.0, 0.0, 0.0, 0.0, 0.0, 0.0, 0.0, 0.0, 0.0, 0.0, 0.0, 0.0, 0.0, 0.0, 0.0, 0.0, 0.0, 0.0, 0.0, 0.0, 0.0, 0.0, 0.0, 0.0, 0.0, 0.0, 0.0, 0.0, 0.0, 0.0, 0.0, 0.0, 0.0, 0.0, 0.0, 0.0, 0.0, 0.0, 0.0, 0.0, 0.0, 0.0, 0.0, 0.0, 0.0, 0.0, 0.0, 0.0, 0.0, 0.0, 0.0, 0.0, 0.0, 0.0, 0.0, 0.0, 0.0, 0.0, 0.0, 0.0, 0.0, 0.0, 0.0, 0.0, 0.0, 0.0, 0.0, 0.0, 0.0, 0.0, 0.0, 0.0, 0.0, 0.0, 0.0, 0.0, 0.0, 0.0, 0.0, 0.0, 0.0, 0.0, 0.0, 0.0, 0.0, 0.0, 0.0, 0.0, 0.0, 0.0, 0.0, 0.0, 0.0, 0.0, 0.0, 0.0, 0.0, 0.0, 0.0, 0.0, 0.0, 0.07692307978868484, 0.0, 0.0923076942563057, 0.0, 0.4153846204280853, 0.0, 0.0, 0.2769230902194977, 0.0, 0.1230769231915474, 0.0, 0.015384615398943424, 0.0, 0.0, 0.0, 0.0, 0.0, 0.0, 0.0, 0.0, 0.0, 0.0, 0.0, 0.0, 0.0, 0.0, 0.0, 0.0, 0.0, 0.0, 0.0, 0.0, 0.0, 0.0, 0.0, 0.0, 0.0, 0.0, 0.0, 0.0, 0.0, 0.0, 0.0, 0.0, 0.0, 0.0, 0.0, 0.0, 0.0, 0.0, 0.0, 0.0, 0.0, 0.0, 0.0, 0.0, 0.0, 0.0, 0.0, 0.0, 0.0, 0.0, 0.0, 0.0, 0.0, 0.0, 0.0, 0.0, 0.0, 0.0, 0.0, 0.0, 0.0, 0.0, 0.0, 0.0, 0.0, 0.0, 0.0, 0.0, 0.0, 0.0, 0.0, 0.0, 0.0, 0.0, 0.0, 0.0, 0.0, 0.0, 0.0, 0.0, 0.0, 0.0, 0.0, 0.0, 0.0, 0.0, 0.0, 0.0, 0.0, 0.0, 0.0, 0.0, 0.0, 0.0, 0.0, 0.0, 0.0, 0.0, 0.0, 0.0, 0.0, 0.0, 0.0, 0.0, 0.0, 0.0, 0.0, 0.0, 0.0, 0.0, 0.0, 0.0, 0.0, 0.0, 0.0, 0.0, 0.0, 0.0, 0.0, 0.0, 0.0, 0.0, 0.0, 0.0, 0.0, 0.0, 0.0, 0.0, 0.0, 0.0, 0.0, 0.0, 0.0, 0.0, 0.0, 0.0, 0.0], "tonal.chords_histogram": [42.681427001953125, 3.1980319023132324, 4.182041645050049, 0.0, 0.0, 0.0, 0.12300123274326324, 0.0, 0.0, 0.0, 0.0, 0.0, 0.0, 0.0, 0.0, 0.0, 0.0, 28.413284301757812, 0.0, 0.12300123274326324, 0.0, 8.487085342407227, 11.562115669250488, 1.23001229763031], "tonal.thpcp": [1.0, 0.508737325668335, 0.05744960531592369, 0.07259100675582886, 0.08090535551309586, 0.17598220705986023, 0.2464965432882309, 0.1501936912536621, 0.07380412518978119, 0.05659088119864464, 0.049811940640211105, 0.08669246733188629, 0.10629356652498245, 0.09110109508037567, 0.4576317369937897, 0.8127030730247498, 0.44582098722457886, 0.10759403556585312, 0.1076260581612587, 0.10131976008415222, 0.1317662000656128, 0.16469985246658325, 0.13783782720565796, 0.11794862896203995, 0.12616655230522156, 0.12330137938261032, 0.18627113103866577, 0.2090701460838318, 0.15087991952896118, 0.23880134522914886, 0.3030513525009155, 0.19664157927036285, 0.11517967283725739, 0.09356969594955444, 0.09849400818347931, 0.5679488778114319], "lowlevel.gfcc.cov": [[7009.74365234375, -2144.8662109375, -616.115966796875, 1337.33740234375, -59.713714599609375, 251.46011352539062, -254.0003662109375, 505.1931457519531, -625.050048828125, -70.67415618896484, 70.22876739501953, 46.61758041381836, -655.2481689453125], [-2144.8662109375, 2790.558837890625, 589.3560180664062, -46.48177719116211, 590.1678466796875, -132.69232177734375, 293.11053466796875, -401.06414794921875, 274.08697509765625, -260.1640319824219, -109.67440795898438, -301.0896911621094, 96.4686508178711], [-616.115966796875, 589.3560180664062, 1148.2628173828125, 292.9322204589844, 2.344691753387451, 116.1050033569336, 43.30500030517578, -97.11077117919922, -80.2005615234375, 46.822635650634766, -277.42523193359375, -199.1796875, 191.00633239746094], [1337.33740234375, -46.48177719116211, 292.9322204589844, 884.7537231445312, 69.05293273925781, -1.6971534490585327, -40.41767120361328, 58.21427536010742, -134.14297485351562, -42.064231872558594, -166.77345275878906, -172.76498413085938, -10.78713321685791], [-59.713714599609375, 590.1678466796875, 2.344691753387451, 69.05293273925781, 410.7526550292969, 6.238036632537842, -6.915168285369873, -91.17958068847656, 30.86097526550293, -1.8503923416137695, -26.052255630493164, -143.97035217285156, -97.04035949707031], [251.46011352539062, -132.69232177734375, 116.1050033569336, -1.6971534490585327, 6.238036632537842, 206.02658081054688, 36.8991584777832, -1.981407880783081, -10.852493286132812, 44.86902618408203, -35.979827880859375, -28.05499839782715, -53.34028625488281], [-254.0003662109375, 293.11053466796875, 43.30500030517578, -40.41767120361328, -6.915168285369873, 36.8991584777832, 290.1576232910156, 5.861537456512451, -20.7286434173584, -71.22112274169922, 23.271238327026367, -9.366621017456055, -33.955013275146484], [505.1931457519531, -401.06414794921875, -97.11077117919922, 58.21427536010742, -91.17958068847656, -1.981407880783081, 5.861537456512451, 240.226318359375, -30.904035568237305, -11.637808799743652, 22.13933563232422, 51.70283508300781, -37.89060974121094], [-625.050048828125, 274.08697509765625, -80.2005615234375, -134.14297485351562, 30.86097526550293, -10.852493286132812, -20.7286434173584, -30.904035568237305, 312.63330078125, 16.06513023376465, -72.73052215576172, 9.078384399414062, 66.6031494140625], [-70.67415618896484, -260.1640319824219, 46.822635650634766, -42.064231872558594, -1.8503923416137695, 44.86902618408203, -71.22112274169922, -11.637808799743652, 16.06513023376465, 222.09893798828125, -10.364921569824219, -80.98106384277344, 10.98486042022705], [70.22876739501953, -109.67440795898438, -277.42523193359375, -166.77345275878906, -26.052255630493164, -35.979827880859375, 23.271238327026367, 22.13933563232422, -72.73052215576172, -10.364921569824219, 242.27175903320312, 83.67566680908203, -99.05963134765625], [46.61758041381836, -301.0896911621094, -199.1796875, -172.76498413085938, -143.97035217285156, -28.05499839782715, -9.366621017456055, 51.70283508300781, 9.078384399414062, -80.98106384277344, 83.67566680908203, 284.15435791015625, 6.03320837020874], [-655.2481689453125, 96.4686508178711, 191.00633239746094, -10.78713321685791, -97.04035949707031, -53.34028625488281, -33.955013275146484, -37.89060974121094, 66.6031494140625, 10.98486042022705, -99.05963134765625, 6.03320837020874, 276.89569091796875]], "lowlevel.gfcc.icov": [[0.0006028837524354458, -2.8158974600955844e-05, 0.0005470355390571058, -0.0008878052467480302, 0.00025832405663095415, -0.0008824472315609455, 0.0006093801348470151, -0.0005279668839648366, 0.0008368757553398609, 3.2420975912828e-05, 0.0004387533408589661, -0.0002911527408286929, 0.0009082836331799626], [-2.8158974600955844e-05, 0.0029757271986454725, -0.0021899475250393152, 0.0005352107109501958, -0.003219986567273736, 0.0024038986302912235, -0.0021438291296362877, 0.0023563578724861145, -0.0032325689680874348, 0.0038301979657262564, -0.0024718029890209436, 0.0019874335266649723, -0.00047968816943466663], [0.0005470355390571058, -0.0021899475250393152, 0.003772044088691473, -0.0012846359750255942, 0.0026739088352769613, -0.0032867565751075745, 0.0017511089099571109, -0.0017107236199080944, 0.003982295282185078, -0.002816083375364542, 0.0036078307311981916, -0.0011435499181970954, 0.00015945747145451605], [-0.0008878052467480302, 0.0005352107109501958, -0.0012846359750255942, 0.0032459411304444075, -0.0008874253835529089, 0.0020375759340822697, -0.0007748951902613044, 0.0005445387796498835, -0.0008647720678709447, 0.0013607939472422004, 0.00027348383446224034, 0.0017688815714791417, -0.0010004420764744282], [0.00025832405663095415, -0.003219986567273736, 0.0026739088352769613, -0.0008874253835529089, 0.007482840679585934, -0.002588976640254259, 0.0029674116522073746, -0.0014430847950279713, 0.0032221751753240824, -0.0032664823811501265, 0.0031793215312063694, -0.00024965088232420385, 0.0026415407191962004], [-0.0008824472315609455, 0.0024038986302912235, -0.0032867565751075745, 0.0020375759340822697, -0.002588976640254259, 0.00983316171914339, -0.003513093339279294, 0.002724657766520977, -0.0037165468093007803, 0.001330854371190071, -0.0009710842277854681, 0.0014411837328225374, 0.0008121926803141832], [0.0006093801348470151, -0.0021438291296362877, 0.0017511089099571109, -0.0007748951902613044, 0.0029674116522073746, -0.003513093339279294, 0.006473618093878031, -0.0024329873267561197, 0.003027650760486722, -0.0005705446819774806, 0.0014386986149474978, -0.0005194105324335396, 0.0015953169204294682], [-0.0005279668839648366, 0.0023563578724861145, -0.0017107236199080944, 0.0005445387796498835, -0.0014430847950279713, 0.002724657766520977, -0.0024329873267561197, 0.007532648742198944, -0.003078285837545991, 0.00269930437207222, -0.001876175869256258, 0.001226379768922925, -0.00018205444212071598], [0.0008368757553398609, -0.0032325689680874348, 0.003982295282185078, -0.0008647720678709447, 0.0032221751753240824, -0.0037165468093007803, 0.003027650760486722, -0.003078285837545991, 0.009309136308729649, -0.0043431054800748825, 0.005893463268876076, -0.002658731071278453, 0.0007886419771239161], [3.2420975912828e-05, 0.0038301979657262564, -0.002816083375364542, 0.0013607939472422004, -0.0032664823811501265, 0.001330854371190071, -0.0005705446819774806, 0.00269930437207222, -0.0043431054800748825, 0.01169755682349205, -0.003949316684156656, 0.00552547350525856, -0.0008037474472075701], [0.0004387533408589661, -0.0024718029890209436, 0.0036078307311981916, 0.00027348383446224034, 0.0031793215312063694, -0.0009710842277854681, 0.0014386986149474978, -0.001876175869256258, 0.005893463268876076, -0.003949316684156656, 0.011261274106800556, -0.002787817269563675, 0.003096755361184478], [-0.0002911527408286929, 0.0019874335266649723, -0.0011435499181970954, 0.0017688815714791417, -0.00024965088232420385, 0.0014411837328225374, -0.0005194105324335396, 0.001226379768922925, -0.002658731071278453, 0.00552547350525856, -0.002787817269563675, 0.008223803713917732, -0.0009856057586148381], [0.0009082836331799626, -0.00047968816943466663, 0.00015945747145451605, -0.0010004420764744282, 0.0026415407191962004, 0.0008121926803141832, 0.0015953169204294682, -0.00018205444212071598, 0.0007886419771239161, -0.0008037474472075701, 0.003096755361184478, -0.0009856057586148381, 0.008003443479537964]], "lowlevel.mfcc.cov": [[7898.5048828125, -2609.466796875, -735.2770385742188, 740.322265625, 519.8705444335938, -382.8058166503906, 435.5417175292969, 427.48406982421875, -599.0259399414062, -234.7802734375, 285.1011047363281, 194.85427856445312, -81.35486602783203], [-2609.466796875, 2492.154296875, 145.39004516601562, 30.638813018798828, 84.3438949584961, 385.7711181640625, -76.07374572753906, 52.0069465637207, 122.60081481933594, 36.47028350830078, -49.22091293334961, -57.50853729248047, 25.82973861694336], [-735.2770385742188, 145.39004516601562, 1214.0877685546875, 287.7049865722656, -101.23323822021484, 235.69613647460938, 111.534912109375, -160.29440307617188, 286.5661315917969, 88.34444427490234, -381.4730529785156, -23.44425392150879, -6.497880458831787], [740.322265625, 30.638813018798828, 287.7049865722656, 775.3270263671875, 140.3440704345703, 86.1975326538086, 123.39095306396484, -54.22018051147461, 74.28870391845703, 72.3339614868164, -197.63986206054688, -40.75461196899414, -78.30550384521484], [519.8705444335938, 84.3438949584961, -101.23323822021484, 140.3440704345703, 416.107177734375, 51.71925354003906, -47.56034469604492, -51.3643913269043, -62.605499267578125, 42.54630661010742, 40.9055061340332, -20.078121185302734, -44.11300277709961], [-382.8058166503906, 385.7711181640625, 235.69613647460938, 86.1975326538086, 51.71925354003906, 365.0545959472656, 46.41633224487305, -126.15279388427734, 109.5117416381836, 75.3354263305664, -20.43670082092285, -27.462736129760742, -37.41346740722656], [435.5417175292969, -76.07374572753906, 111.534912109375, 123.39095306396484, -47.56034469604492, 46.41633224487305, 375.5140380859375, -1.4140663146972656, -76.76402282714844, 18.382658004760742, -7.168508052825928, 72.09464263916016, -68.99739837646484], [427.48406982421875, 52.0069465637207, -160.29440307617188, -54.22018051147461, -51.3643913269043, -126.15279388427734, -1.4140663146972656, 417.2382507324219, -74.409423828125, -171.28492736816406, 50.109397888183594, 56.1281623840332, 115.98613739013672], [-599.0259399414062, 122.60081481933594, 286.5661315917969, 74.28870391845703, -62.605499267578125, 109.5117416381836, -76.76402282714844, -74.409423828125, 377.6646423339844, 104.79432678222656, -109.87533569335938, -34.817832946777344, 36.56857681274414], [-234.7802734375, 36.47028350830078, 88.34444427490234, 72.3339614868164, 42.54630661010742, 75.3354263305664, 18.382658004760742, -171.28492736816406, 104.79432678222656, 244.37551879882812, -16.70883560180664, -18.2437744140625, -52.99562072753906], [285.1011047363281, -49.22091293334961, -381.4730529785156, -197.63986206054688, 40.9055061340332, -20.43670082092285, -7.168508052825928, 50.109397888183594, -109.87533569335938, -16.70883560180664, 347.01300048828125, 72.50736999511719, -20.95703125], [194.85427856445312, -57.50853729248047, -23.44425392150879, -40.75461196899414, -20.078121185302734, -27.462736129760742, 72.09464263916016, 56.1281623840332, -34.817832946777344, -18.2437744140625, 72.50736999511719, 195.7757110595703, 0.996324360370636], [-81.35486602783203, 25.82973861694336, -6.497880458831787, -78.30550384521484, -44.11300277709961, -37.41346740722656, -68.99739837646484, 115.98613739013672, 36.56857681274414, -52.99562072753906, -20.95703125, 0.996324360370636, 201.8711700439453]], "lowlevel.mfcc.icov": [[0.00044686035835184157, 0.0005022831610403955, 0.0001630820333957672, -0.0004671997739933431, -0.0004952201852574944, -0.0002508023753762245, -0.0002945623127743602, -0.0005155621911399066, 0.00025850330712273717, 0.00011796266335295513, -0.0001686118048382923, -8.494874055031687e-05, -5.225991480983794e-05], [0.0005022831610403955, 0.0010884266812354326, 0.00024214752193074673, -0.0004694991803262383, -0.0005969359190203249, -0.0009836487006396055, -0.00016101346409413964, -0.0009207637631334364, 0.0003167467948514968, 2.9849031761841616e-06, -3.3882786283356836e-06, -6.696674245176837e-05, -6.532008228532504e-06], [0.0001630820333957672, 0.00024214752193074673, 0.001807388965971768, -0.0002460881951265037, 4.1591698391130194e-05, -0.0009444409515708685, -0.000467170582851395, 5.805872569908388e-05, -0.0005858551594428718, 0.00021148200903553516, 0.0016126855043694377, -0.0005804100073873997, -2.959166704386007e-05], [-0.0004671997739933431, -0.0004694991803262383, -0.0002460881951265037, 0.002452227519825101, -0.00033732422161847353, 0.00014167788322083652, -0.0003499308950267732, 0.00011154674575664103, -0.000610188115388155, -0.0003712684556376189, 0.0012415600940585136, 0.00028363216551952064, 0.0007244963780976832], [-0.0004952201852574944, -0.0005969359190203249, 4.1591698391130194e-05, -0.00033732422161847353, 0.003759251208975911, -0.00033140263985842466, 0.0012751343892887235, 0.0007102586678229272, 0.0006929120281711221, -0.0007142676040530205, -0.0001737297570798546, 3.812725844909437e-05, 0.00020383828086778522], [-0.0002508023753762245, -0.0009836487006396055, -0.0009444409515708685, 0.00014167788322083652, -0.00033140263985842466, 0.005006583873182535, -0.0007416080916300416, 0.0014878843212500215, -0.0011251962278038263, 0.00024946045596152544, -0.0012798255775123835, 0.0006894090329296887, -7.048497354844585e-05], [-0.0002945623127743602, -0.00016101346409413964, -0.000467170582851395, -0.0003499308950267732, 0.0012751343892887235, -0.0007416080916300416, 0.004216833505779505, -0.0002054297219729051, 0.0013182283146306872, -0.0008735305746085942, 0.00012592124403454363, -0.0012488248758018017, 0.0010027349926531315], [-0.0005155621911399066, -0.0009207637631334364, 5.805872569908388e-05, 0.00011154674575664103, 0.0007102586678229272, 0.0014878843212500215, -0.0002054297219729051, 0.0051599303260445595, -0.0005609518266282976, 0.002384434686973691, -0.0003862959856633097, -0.0005738177569583058, -0.001958429580554366], [0.00025850330712273717, 0.0003167467948514968, -0.0005858551594428718, -0.000610188115388155, 0.0006929120281711221, -0.0011251962278038263, 0.0013182283146306872, -0.0005609518266282976, 0.004765904974192381, -0.001891705091111362, 0.00020638520072679967, -0.00017379740893375129, -0.0008138312259688973], [0.00011796266335295513, 2.9849031761841616e-06, 0.00021148200903553516, -0.0003712684556376189, -0.0007142676040530205, 0.00024946045596152544, -0.0008735305746085942, 0.002384434686973691, -0.001891705091111362, 0.006835234351456165, -0.0005852619651705027, -5.2459185098996386e-05, 0.00020812734146602452], [-0.0001686118048382923, -3.3882786283356836e-06, 0.0016126855043694377, 0.0012415600940585136, -0.0001737297570798546, -0.0012798255775123835, 0.00012592124403454363, -0.0003862959856633097, 0.00020638520072679967, -0.0005852619651705027, 0.005958626512438059, -0.001743776025250554, 0.0008919840911403298], [-8.494874055031687e-05, -6.696674245176837e-05, -0.0005804100073873997, 0.00028363216551952064, 3.812725844909437e-05, 0.0006894090329296887, -0.0012488248758018017, -0.0005738177569583058, -0.00017379740893375129, -5.2459185098996386e-05, -0.001743776025250554, 0.006497801747173071, -9.075727575691417e-05], [-5.225991480983794e-05, -6.532008228532504e-06, -2.959166704386007e-05, 0.0007244963780976832, 0.00020383828086778522, -7.048497354844585e-05, 0.0010027349926531315, -0.001958429580554366, -0.0008138312259688973, 0.00020812734146602452, 0.0008919840911403298, -9.075727575691417e-05, 0.007008047308772802]], "metadata.audio_properties.analysis.downmix": "mix", "metadata.audio_properties.codec": "mp3", "metadata.audio_properties.md5_encoded": "8e740305d3abf2e10a34ff09ffa6cd13", "metadata.tags.file_name": "1182281863188979712.mp3", "metadata.version.essentia": "2.1-beta6-dev", "metadata.version.essentia_git_sha": "v2.1_beta5-1110-g77a6a954", "metadata.version.extractor": "music 2.0", "tonal.chords_key": "C", "tonal.chords_scale": "major", "tonal.key_edma.key": "C", "tonal.key_edma.s