{"song_id": "1182279384745381888", "download": "https://cdn.discordapp.com/attachments/1128313332273782784/1182279384745381888/chirp.mp4?ex=65841e7b&amp", "lyrics": "[Verse]\nIn the castle, shadows linger deep\nFiends arise from their timeless sleep\nWhispering secrets, dark and sly\nUnderneath that cold, moonlit sky\n\n[Chorus]\nCastle of shadows, where nightmares dwell\nEchoing screams, a haunting spell\nLost souls trapped in eternal despair\nBeware the darkness, terrors beware", "style": ["Duper"], "essentia_features": {"lowlevel.average_loudness": 0.9794233441352844, "lowlevel.barkbands_crest.mean": 12.77767276763916, "lowlevel.barkbands_crest.stdev": 4.991102695465088, "lowlevel.barkbands_flatness_db.mean": 0.1688929945230484, "lowlevel.barkbands_flatness_db.stdev": 0.05706048011779785, "lowlevel.barkbands_kurtosis.mean": 3.7165961265563965, "lowlevel.barkbands_kurtosis.stdev": 8.599020004272461, "lowlevel.barkbands_skewness.mean": 1.267080307006836, "lowlevel.barkbands_skewness.stdev": 1.496139645576477, "lowlevel.barkbands_spread.mean": 26.29360008239746, "lowlevel.barkbands_spread.stdev": 17.410444259643555, "lowlevel.dissonance.mean": 0.4654732048511505, "lowlevel.dissonance.stdev": 0.03470426797866821, "lowlevel.dynamic_complexity": 3.800029754638672, "lowlevel.erbbands_crest.mean": 10.919580459594727, "lowlevel.erbbands_crest.stdev": 6.185509204864502, "lowlevel.erbbands_flatness_db.mean": 0.18412820994853973, "lowlevel.erbbands_flatness_db.stdev": 0.06624161452054977, "lowlevel.erbbands_kurtosis.mean": 1.3329154253005981, "lowlevel.erbbands_kurtosis.stdev": 3.4891467094421387, "lowlevel.erbbands_skewness.mean": -0.06230118125677109, "lowlevel.erbbands_skewness.stdev": 1.0928839445114136, "lowlevel.erbbands_spread.mean": 35.598365783691406, "lowlevel.erbbands_spread.stdev": 20.115760803222656, "lowlevel.hfc.mean": 18.365232467651367, "lowlevel.hfc.stdev": 17.69510841369629, "lowlevel.loudness_ebu128.integrated": -15.707938194274902, "lowlevel.loudness_ebu128.loudness_range": 1.1634273529052734, "lowlevel.loudness_ebu128.momentary.mean": -16.149065017700195, "lowlevel.loudness_ebu128.momentary.stdev": 2.131462812423706, "lowlevel.loudness_ebu128.short_term.mean": -15.655561447143555, "lowlevel.loudness_ebu128.short_term.stdev": 0.5046603083610535, "lowlevel.melbands_crest.mean": 16.812692642211914, "lowlevel.melbands_crest.stdev": 5.249261856079102, "lowlevel.melbands_flatness_db.mean": 0.22289378941059113, "lowlevel.melbands_flatness_db.stdev": 0.0662955492734909, "lowlevel.melbands_kurtosis.mean": 15.165426254272461, "lowlevel.melbands_kurtosis.stdev": 24.91861343383789, "lowlevel.melbands_skewness.mean": 2.6939210891723633, "lowlevel.melbands_skewness.stdev": 2.332590103149414, "lowlevel.melbands_spread.mean": 25.747760772705078, "lowlevel.melbands_spread.stdev": 15.85725212097168, "lowlevel.pitch_salience.mean": 0.46308663487434387, "lowlevel.pitch_salience.stdev": 0.11239858716726303, "lowlevel.silence_rate_20dB.mean": 1.0, "lowlevel.silence_rate_20dB.stdev": 0.0, "lowlevel.silence_rate_30dB.mean": 0.9982949495315552, "lowlevel.silence_rate_30dB.stdev": 0.04125650227069855, "lowlevel.silence_rate_60dB.mean": 0.01619778387248516, "lowlevel.silence_rate_60dB.stdev": 0.12623639404773712, "lowlevel.spectral_centroid.mean": 1597.08740234375, "lowlevel.spectral_centroid.stdev": 601.1409301757812, "lowlevel.spectral_complexity.mean": 12.51491928100586, "lowlevel.spectral_complexity.stdev": 6.202811241149902, "lowlevel.spectral_decrease.mean": -5.577723172223159e-09, "lowlevel.spectral_decrease.stdev": 4.8444315225992796e-09, "lowlevel.spectral_energy.mean": 0.0227174274623394, "lowlevel.spectral_energy.stdev": 0.019698768854141235, "lowlevel.spectral_energyband_high.mean": 0.00042829368612729013, "lowlevel.spectral_energyband_high.stdev": 0.0006432886002585292, "lowlevel.spectral_energyband_low.mean": 0.007333754561841488, "lowlevel.spectral_energyband_low.stdev": 0.006695929449051619, "lowlevel.spectral_energyband_middle_high.mean": 0.0068535818718373775, "lowlevel.spectral_energyband_middle_high.stdev": 0.010586654767394066, "lowlevel.spectral_energyband_middle_low.mean": 0.00852884165942669, "lowlevel.spectral_energyband_middle_low.stdev": 0.013627462089061737, "lowlevel.spectral_entropy.mean": 7.5632100105285645, "lowlevel.spectral_entropy.stdev": 0.5055485963821411, "lowlevel.spectral_flux.mean": 0.08514925837516785, "lowlevel.spectral_flux.stdev": 0.05352294445037842, "lowlevel.spectral_kurtosis.mean": 4.797531604766846, "lowlevel.spectral_kurtosis.stdev": 3.7179267406463623, "lowlevel.spectral_rms.mean": 0.004334963392466307, "lowlevel.spectral_rms.stdev": 0.001836148789152503, "lowlevel.spectral_rolloff.mean": 1552.8292236328125, "lowlevel.spectral_rolloff.stdev": 1456.55712890625, "lowlevel.spectral_skewness.mean": 1.3367942571640015, "lowlevel.spectral_skewness.stdev": 0.4356074333190918, "lowlevel.spectral_spread.mean": 3917009.5, "lowlevel.spectral_spread.stdev": 1665068.0, "lowlevel.spectral_strongpeak.mean": 1.38185715675354, "lowlevel.spectral_strongpeak.stdev": 1.9532666206359863, "lowlevel.zerocrossingrate.mean": 0.056381288915872574, "lowlevel.zerocrossingrate.stdev": 0.03013705462217331, "metadata.audio_properties.analysis.equal_loudness": 0.0, "metadata.audio_properties.analysis.length": 27.19997787475586, "metadata.audio_properties.analysis.sample_rate": 44100.0, "metadata.audio_properties.analysis.start_time": 0.0, "metadata.audio_properties.bit_rate": 120599.0, "metadata.audio_properties.length": 27.200000762939453, "metadata.audio_properties.lossless": 0.0, "metadata.audio_properties.number_channels": 1.0, "metadata.audio_properties.replay_gain": -12.148843765258789, "metadata.audio_properties.sample_rate": 48000.0, "rhythm.beats_count": 70.0, "rhythm.beats_loudness.mean": 0.03200826421380043, "rhythm.beats_loudness.stdev": 0.01535886526107788, "rhythm.bpm": 154.67352294921875, "rhythm.bpm_histogram_first_peak_bpm": 157.0, "rhythm.bpm_histogram_first_peak_weight": 0.16279065608978271, "rhythm.bpm_histogram_second_peak_bpm": 152.0, "rhythm.bpm_histogram_second_peak_spread": 0.0, "rhythm.bpm_histogram_second_peak_weight": 0.37681159377098083, "rhythm.danceability": 1.7799086570739746, "rhythm.onset_rate": 4.887228488922119, "tonal.chords_changes_rate": 0.08177172392606735, "tonal.chords_number_rate": 0.011925042606890202, "tonal.chords_strength.mean": 0.5590395331382751, "tonal.chords_strength.stdev": 0.08577986061573029, "tonal.hpcp_crest.mean": 13.45037841796875, "tonal.hpcp_crest.stdev": 6.527440547943115, "tonal.hpcp_entropy.mean": 2.0473852157592773, "tonal.hpcp_entropy.stdev": 0.8043702840805054, "tonal.key_edma.strength": 0.5899089574813843, "tonal.key_krumhansl.strength": 0.6113724112510681, "tonal.key_temperley.strength": 0.6030113697052002, "tonal.tuning_diatonic_strength": 0.49323728680610657, "tonal.tuning_equal_tempered_deviation": 0.10929353535175323, "tonal.tuning_frequency": 443.57257080078125, "tonal.tuning_nontempered_energy_ratio": 0.8104962110519409, "lowlevel.barkbands.mean": [8.522286952938884e-05, 0.005291871726512909, 0.0015485900221392512, 0.0008098755497485399, 0.0011899215169250965, 0.0011817802442237735, 6.260129157453775e-05, 0.0006796856760047376, 0.004580916836857796, 0.00011326499952701852, 0.002690603956580162, 0.00025933198048733175, 0.0010892936261370778, 0.0006691281450912356, 0.0004085666441824287, 0.0004301387816667557, 0.000547102652490139, 0.0002633367548696697, 0.0002424665872240439, 0.00020896604110021144, 6.269221194088459e-05, 0.00011884979176102206, 0.00010425199434394017, 3.70621019101236e-05, 3.101229594903998e-05, 1.0813438166223932e-05, 7.686416836349963e-08], "lowlevel.barkbands.stdev": [0.00011926188744837418, 0.005456025246530771, 0.0022976885084062815, 0.0011427596909925342, 0.003672369522973895, 0.00215901923365891, 0.00016941300418693572, 0.0034067651722580194, 0.011729942634701729, 0.0005021613906137645, 0.00777361448854208, 0.0014908462762832642, 0.003222912084311247, 0.0018554774578660727, 0.0013023893116042018, 0.0009140632464550436, 0.0011476344661787152, 0.00048396713100373745, 0.0004466875398065895, 0.00031318425317294896, 0.00011053410707972944, 0.00020969704200979322, 0.00024120233138091862, 7.282868318725377e-05, 6.630958523601294e-05, 2.2656764485873282e-05, 2.6047106871374126e-07], "lowlevel.erbbands.mean": [0.12932176887989044, 1.2380704879760742, 2.166890859603882, 2.267263650894165, 4.277170658111572, 2.984042167663574, 7.16241979598999, 8.996299743652344, 1.3147553205490112, 2.694406509399414, 39.13726806640625, 120.70526885986328, 14.361892700195312, 34.30024337768555, 88.9685287475586, 18.314250946044922, 53.19309616088867, 24.351634979248047, 37.48622512817383, 21.339033126831055, 27.069942474365234, 27.266456604003906, 15.740401268005371, 11.962613105773926, 13.584128379821777, 9.768953323364258, 3.0986616611480713, 2.651871681213379, 4.045228481292725, 4.527680397033691, 2.494203805923462, 0.9328396916389465, 0.5935405492782593, 0.4046905040740967, 0.1889181286096573, 0.07529697567224503, 0.0134384511038661, 0.0009389762999489903, 3.6262732464820147e-05, 2.8755976018146612e-05], "lowlevel.erbbands.stdev": [0.17781972885131836, 1.2460484504699707, 2.589470624923706, 2.7379159927368164, 13.568747520446777, 8.22928237915039, 12.664873123168945, 18.829919815063477, 2.5879969596862793, 8.63408374786377, 123.53681945800781, 308.7477722167969, 41.3067626953125, 95.98676300048828, 266.5593566894531, 60.60567092895508, 161.00564575195312, 62.99835968017578, 109.71475982666016, 56.05522155761719, 51.01510238647461, 55.3227653503418, 27.16837501525879, 21.840532302856445, 21.043182373046875, 14.069517135620117, 4.814854145050049, 4.53887939453125, 7.012113094329834, 9.96523666381836, 5.603603363037109, 1.8579074144363403, 1.1945940256118774, 0.8890304565429688, 0.4057481586933136, 0.15989474952220917, 0.02953970618546009, 0.0019793889950960875, 4.716221883427352e-05, 2.308177136001177e-05], "lowlevel.gfcc.mean": [-32.39950180053711, 101.38532257080078, -134.81695556640625, 50.18378829956055, -37.73874282836914, 27.56583595275879, -25.533466339111328, 14.572895050048828, -18.047327041625977, -2.5738577842712402, -15.152728080749512, -3.353076934814453, -8.219099998474121], "lowlevel.melbands.mean": [0.0013316174736246467, 0.0013090037973597646, 0.0004549806471914053, 0.0002709772961679846, 0.00022157910279929638, 0.00020306148508097976, 1.5140752111619804e-05, 3.6313056625658646e-05, 0.0004657690296880901, 0.0006898287101648748, 3.936171924578957e-05, 0.00010949606075882912, 0.00038836721796542406, 3.994198050349951e-05, 9.015423711389303e-05, 9.275585762225091e-05, 4.171663385932334e-05, 7.188593735918403e-05, 2.438772025925573e-05, 2.5827870558714494e-05, 3.643470336101018e-05, 3.13349773932714e-05, 1.975598388526123e-05, 1.1010613889084198e-05, 9.442656846658792e-06, 8.845836418913677e-06, 1.0822719559655525e-05, 5.323740424501011e-06, 1.8562020613899222e-06, 1.4587270698029897e-06, 1.5707298643974354e-06, 2.2372744297172176e-06, 2.481456476743915e-06, 2.5707245185913052e-06, 1.6264232272078516e-06, 7.570438356196973e-07, 4.951259029439825e-07, 4.3027753804381064e-07, 3.5375694551476045e-07, 3.3792093745432794e-07], "lowlevel.melbands.stdev": [0.0015458168927580118, 0.0012945706257596612, 0.0007064166129566729, 0.0008721803897060454, 0.00037880256422795355, 0.00040468445513397455, 3.619785275077447e-05, 0.00016779726138338447, 0.0013417295413091779, 0.001757848891429603, 0.00018615441513247788, 0.00033108971547335386, 0.0011427664430812001, 0.00018152261327486485, 0.0003131575358565897, 0.00025726796593517065, 0.0001211669878102839, 0.00021549352095462382, 6.343626591842622e-05, 7.086034747771919e-05, 7.860109326429665e-05, 7.374880806310102e-05, 4.177308801445179e-05, 1.8745386114460416e-05, 1.964781949936878e-05, 1.5751380487927236e-05, 1.6773496099631302e-05, 8.357534170500003e-06, 3.0502915251418017e-06, 2.9570560400316026e-06, 2.7318933462083805e-06, 4.0074114622257184e-06, 4.9565155677555595e-06, 6.130875590315554e-06, 3.891478627338074e-06, 1.569168375681329e-06, 9.93058620224474e-07, 8.73288911407144e-07, 7.550281111434742e-07, 7.700884339101322e-07], "lowlevel.melbands128.mean": [7.202808046713471e-05, 0.0008568345219828188, 0.0019217862281948328, 0.00213867099955678, 0.001377158798277378, 0.0006568585522472858, 0.00043911492684856057, 0.0003954990243073553, 0.0004918042686767876, 0.0002907497400883585, 0.00011414207983762026, 0.00011511354387039319, 0.00020974589278921485, 0.00041844818042591214, 0.0002700169861782342, 4.7257090045604855e-05, 1.5224937669700012e-05, 1.0492667570360936e-05, 1.1881119462486822e-05, 1.5452584193553776e-05, 3.1850981031311676e-05, 0.00013977540947962552, 0.0003385866875760257, 0.0009843740845099092, 0.0012174099683761597, 0.00035728805232793093, 6.068314905860461e-05, 1.3136380403011572e-05, 1.4301634109870065e-05, 1.94832628039876e-05, 5.333252556738444e-05, 0.00044696536497212946, 0.0006335912039503455, 0.00015780713874846697, 2.9235976398922503e-05, 2.0513549316092394e-05, 2.9265314879012294e-05, 5.355116445571184e-05, 0.00016243851860053837, 0.00016597659850958735, 5.046573278377764e-05, 3.4555177990114316e-05, 2.6034873371827416e-05, 3.9999249565880746e-05, 0.00010932509758276865, 7.953133172122762e-05, 3.413709782762453e-05, 1.145584974437952e-05, 2.36648502323078e-05, 4.148716470808722e-05, 2.28954686463112e-05, 1.4881108654662967e-05, 2.5346245820401236e-05, 5.4137406550580636e-05, 4.582496330840513e-05, 2.745034362305887e-05, 1.784009327820968e-05, 2.725134982028976e-05, 1.8027081750915386e-05, 1.0364210538682528e-05, 1.0524241588427685e-05, 1.2241156582604162e-05, 8.620777407486457e-06, 9.1546171461232e-06, 9.645925274526235e-06, 7.028035724943038e-06, 9.185841918224469e-06, 1.2775150935340207e-05, 1.1015335985575803e-05, 9.216373655362986e-06, 5.838527613377664e-06, 2.947568418676383e-06, 2.1750988707935903e-06, 1.578006163072132e-06, 1.6143961829584441e-06, 1.6543025367354858e-06, 1.2414424190865248e-06, 1.2609737041202607e-06, 1.6015114852052648e-06, 1.8460013961885124e-06, 2.2504250409838278e-06, 2.4306307295773877e-06, 2.2124245333543513e-06, 2.5326739887532312e-06, 2.6183906811638735e-06, 2.695949888220639e-06, 2.567945557530038e-06, 2.2927326881472254e-06, 1.6181608089027577e-06, 1.14857596145157e-06, 9.100432976083539e-07, 6.394583351720939e-07, 4.915601721222629e-07, 5.039103143644752e-07, 4.7009297077238443e-07, 4.958036470270599e-07, 3.8620709119641106e-07, 4.0559345393376134e-07, 3.26276733630948e-07, 3.4200124332528503e-07, 3.9485800584770914e-07, 3.2142844474947196e-07, 2.981147986247379e-07, 2.6071515435432957e-07, 1.8892686171056994e-07, 1.7556563136622572e-07, 1.7571959176621021e-07, 1.6878489361715765e-07, 1.254036163800265e-07, 1.0803614713950083e-07, 7.909289223562155e-08, 4.8224254811657374e-08, 3.524837310919793e-08, 2.0639157938262542e-08, 1.1898461771409075e-08, 8.031616260950614e-09, 3.137731852120851e-09, 3.561133332663502e-10, 6.189219709656912e-12, 4.716916527508497e-12, 4.613608106662781e-12, 3.5200484020669887e-12, 3.0409591945251835e-12, 2.9840912726952773e-12, 2.912195441392984e-12, 2.826320124119097e-12, 2.7741444124512737e-12, 2.7549453603809004e-12], "lowlevel.melbands128.stdev": [0.0001126359129557386, 0.001381303882226348, 0.002550475299358368, 0.002090141177177429, 0.0015297530917450786, 0.001039160997606814, 0.000564082118216902, 0.0007104576216079295, 0.0017593175871297717, 0.0011011940659955144, 0.0003222357772756368, 0.00033796284697018564, 0.0004909764393232763, 0.0008009972516447306, 0.0006492939428426325, 0.00014007352001499385, 4.036627433379181e-05, 3.376710810698569e-05, 4.113612885703333e-05, 5.7884917623596266e-05, 0.00018151583208236843, 0.0008758240146562457, 0.0014928200980648398, 0.0032340004108846188, 0.0034097733441740274, 0.0012920547742396593, 0.0004498907073866576, 6.32635346846655e-05, 9.083282202482224e-05, 0.00011098361574113369, 0.00021747291611973196, 0.0014999830164015293, 0.002041939180344343, 0.0007381918258033693, 0.0002950860362034291, 0.0001755569683155045, 0.00020306040823925287, 0.00029869843274354935, 0.0006624048110097647, 0.0005711604026146233, 0.00017724078497849405, 0.00022165504924487323, 0.00017721590120345354, 0.00014558977272827178, 0.0003690265875775367, 0.00034381449222564697, 0.00018025947792921215, 3.21482184517663e-05, 9.912649693433195e-05, 0.00016648563905619085, 9.067000792128965e-05, 3.3890326449181885e-05, 6.668954301858321e-05, 0.00017063962877728045, 0.00013209642202127725, 0.00011434291081968695, 4.543732211459428e-05, 7.901050412328914e-05, 4.9193600716535e-05, 2.5924415240297094e-05, 2.2387263015843928e-05, 3.1134579330682755e-05, 1.8422730136080645e-05, 3.376513996045105e-05, 3.0365972634172067e-05, 1.671098289079964e-05, 1.7568469047546387e-05, 2.7197358576813713e-05, 2.411641071375925e-05, 1.747086389514152e-05, 1.1534622899489477e-05, 6.350636795104947e-06, 4.273100785212591e-06, 2.756450385277276e-06, 3.735162863449659e-06, 4.19073421653593e-06, 2.466511887178058e-06, 2.451235559419729e-06, 3.2587568057351746e-06, 3.3365020044584526e-06, 4.567347332340432e-06, 4.975709543941775e-06, 4.27902523369994e-06, 5.477577815327095e-06, 6.48431341687683e-06, 6.9233592512318864e-06, 6.744157872162759e-06, 6.392205250449479e-06, 4.153371264692396e-06, 2.524728643038543e-06, 2.12217355510802e-06, 1.3802456351186265e-06, 1.1511102684380603e-06, 1.1447320957813645e-06, 8.98845030405937e-07, 1.1135909971926594e-06, 8.2376084264979e-07, 9.661710009822855e-07, 7.552691840828629e-07, 7.48295235553087e-07, 9.434743333258666e-07, 7.820435712346807e-07, 7.269278512467281e-07, 6.448195790653699e-07, 4.5110661517355766e-07, 4.0689724301046226e-07, 4.055370652622514e-07, 3.7593511592604045e-07, 2.8090769887967326e-07, 2.656230719821906e-07, 1.9111543281269405e-07, 1.2097962098778225e-07, 9.54584109535972e-08, 5.5543733168406106e-08, 3.075970411714479e-08, 2.422564904236424e-08, 1.0422025020773162e-08, 1.5823634624823057e-09, 4.9485884140443304e-11, 2.890256090015697e-11, 3.105086673893531e-11, 1.1229000368428999e-11, 4.623725447655547e-12, 4.544564811276297e-12, 4.477803110941592e-12, 4.424891009158216e-12, 4.386155067620523e-12, 4.362380248701392e-12], "lowlevel.mfcc.mean": [-668.7830810546875, 119.0575180053711, -20.176435470581055, 32.64035415649414, 15.923808097839355, 18.690073013305664, 8.65178108215332, 17.618812561035156, 4.791312217712402, 7.521902084350586, 4.652035713195801, -3.3140082359313965, 2.299862861633301], "lowlevel.spectral_contrast_coeffs.mean": [-0.731711208820343, -0.7242588996887207, -0.7660343647003174, -0.7805584669113159, -0.7746402621269226, -0.7358232736587524], "lowlevel.spectral_contrast_coeffs.stdev": [0.06054440513253212, 0.114426389336586, 0.09485943615436554, 0.06892943382263184, 0.059094808995723724, 0.04208117350935936], "lowlevel.spectral_contrast_valleys.mean": [-6.875036716461182, -7.50573205947876, -7.784371376037598, -7.5419464111328125, -7.659954071044922, -10.963057518005371], "lowlevel.spectral_contrast_valleys.stdev": [0.5371198058128357, 0.6162340044975281, 0.5753760933876038, 0.4539799094200134, 0.6472862362861633, 1.2754274606704712], "rhythm.beats_loudness_band_ratio.mean": [0.4319289028644562, 0.17210513353347778, 0.1937134712934494, 0.15129056572914124, 0.09428143501281738, 0.03749292716383934], "rhythm.beats_loudness_band_ratio.stdev": [0.25556159019470215, 0.1567775309085846, 0.2104632407426834, 0.22432449460029602, 0.10559061914682388, 0.03284448757767677], "tonal.hpcp.mean": [0.10967139899730682, 0.08142353594303131, 0.07767152786254883, 0.0748855397105217, 0.08839240670204163, 0.13441093266010284, 0.15360458195209503, 0.10548435151576996, 0.05080833286046982, 0.0385298952460289, 0.037496186792850494, 0.0314536951482296, 0.032446447759866714, 0.049334265291690826, 0.11093956977128983, 0.14972147345542908, 0.110846146941185, 0.07043548673391342, 0.06672334671020508, 0.12657047808170319, 0.30390629172325134, 0.40856656432151794, 0.2628173232078552, 0.10015108436346054, 0.055401407182216644, 0.04063598811626434, 0.03179008886218071, 0.035768624395132065, 0.07625182718038559, 0.2162623256444931, 0.21445530652999878, 0.08278146386146545, 0.057805564254522324, 0.05080374330282211, 0.0502353198826313, 0.09404405951499939], "tonal.hpcp.stdev": [0.24946750700473785, 0.20433728396892548, 0.20521031320095062, 0.20040442049503326, 0.2072027027606964, 0.23383884131908417, 0.2566905915737152, 0.22415116429328918, 0.14024445414543152, 0.12608642876148224, 0.1342483013868332, 0.10871627181768417, 0.10023251920938492, 0.11367232352495193, 0.19575771689414978, 0.2430574893951416, 0.21242018043994904, 0.1795421689748764, 0.1632501631975174, 0.23358123004436493, 0.3360775411128998, 0.4126892685890198, 0.31120315194129944, 0.20384137332439423, 0.15174664556980133, 0.13590632379055023, 0.10988987982273102, 0.10856669396162033, 0.16785162687301636, 0.34054017066955566, 0.33252739906311035, 0.17572644352912903, 0.11956051737070084, 0.11450349539518356, 0.11202681809663773, 0.24026574194431305], "rhythm.beats_position": [0.3715192675590515, 0.743038535118103, 1.1145577430725098, 1.4976871013641357, 1.8808163404464722, 2.2755556106567383, 2.658684730529785, 3.041814088821411, 3.4365532398223877, 3.8196823596954346, 4.21442174911499, 4.597550868988037, 4.9690704345703125, 5.363809585571289, 5.746938705444336, 6.130067825317383, 6.524806976318359, 6.919546127319336, 7.314285755157471, 7.709024906158447, 8.080544471740723, 8.46367359161377, 8.858412742614746, 9.241541862487793, 9.62467098236084, 10.007800102233887, 10.379319190979004, 10.77405834197998, 11.168798446655273, 11.56353759765625, 11.958276748657227, 12.341405868530273, 12.72453498840332, 13.119274139404297, 13.502403259277344, 13.88553237915039, 14.268661499023438, 14.6517915725708, 15.034920692443848, 15.418049812316895, 15.812788963317871, 16.20752716064453, 16.60226821899414, 16.985397338867188, 17.368526458740234, 17.76326560974121, 18.158004760742188, 18.529523849487305, 18.91265296936035, 19.2957820892334, 19.690521240234375, 20.073650360107422, 20.45677947998047, 20.851518630981445, 21.246257781982422, 21.62938690185547, 22.012516021728516, 22.407255172729492, 22.80199432373047, 23.185123443603516, 23.568254470825195, 23.939773559570312, 24.33451271057129, 24.717641830444336, 25.100770950317383, 25.48390007019043, 25.867029190063477, 26.250158309936523, 26.63328742980957, 27.028026580810547], "rhythm.bpm_histogram": [0.0, 0.0, 0.0, 0.0, 0.0, 0.0, 0.0, 0.0, 0.0, 0.0, 0.0, 0.0, 0.0, 0.0, 0.0, 0.0, 0.0, 0.0, 0.0, 0.0, 0.0, 0.0, 0.0, 0.0, 0.0, 0.0, 0.0, 0.0, 0.0, 0.0, 0.0, 0.0, 0.0, 0.0, 0.0, 0.0, 0.0, 0.0, 0.0, 0.0, 0.0, 0.0, 0.0, 0.0, 0.0, 0.0, 0.0, 0.0, 0.0, 0.0, 0.0, 0.0, 0.0, 0.0, 0.0, 0.0, 0.0, 0.0, 0.0, 0.0, 0.0, 0.0, 0.0, 0.0, 0.0, 0.0, 0.0, 0.0, 0.0, 0.0, 0.0, 0.0, 0.0, 0.0, 0.0, 0.0, 0.0, 0.0, 0.0, 0.0, 0.0, 0.0, 0.0, 0.0, 0.0, 0.0, 0.0, 0.0, 0.0, 0.0, 0.0, 0.0, 0.0, 0.0, 0.0, 0.0, 0.0, 0.0, 0.0, 0.0, 0.0, 0.0, 0.0, 0.0, 0.0, 0.0, 0.0, 0.0, 0.0, 0.0, 0.0, 0.0, 0.0, 0.0, 0.0, 0.0, 0.0, 0.0, 0.0, 0.0, 0.0, 0.0, 0.0, 0.0, 0.0, 0.0, 0.0, 0.0, 0.0, 0.0, 0.0, 0.0, 0.0, 0.0, 0.0, 0.0, 0.0, 0.0, 0.0, 0.0, 0.0, 0.0, 0.0, 0.0, 0.0, 0.0, 0.0, 0.0, 0.0, 0.0, 0.0, 0.0, 0.37681159377098083, 0.0, 0.0, 0.0, 0.0, 0.52173912525177, 0.0, 0.0, 0.0, 0.10144927352666855, 0.0, 0.0, 0.0, 0.0, 0.0, 0.0, 0.0, 0.0, 0.0, 0.0, 0.0, 0.0, 0.0, 0.0, 0.0, 0.0, 0.0, 0.0, 0.0, 0.0, 0.0, 0.0, 0.0, 0.0, 0.0, 0.0, 0.0, 0.0, 0.0, 0.0, 0.0, 0.0, 0.0, 0.0, 0.0, 0.0, 0.0, 0.0, 0.0, 0.0, 0.0, 0.0, 0.0, 0.0, 0.0, 0.0, 0.0, 0.0, 0.0, 0.0, 0.0, 0.0, 0.0, 0.0, 0.0, 0.0, 0.0, 0.0, 0.0, 0.0, 0.0, 0.0, 0.0, 0.0, 0.0, 0.0, 0.0, 0.0, 0.0, 0.0, 0.0, 0.0, 0.0, 0.0, 0.0, 0.0, 0.0, 0.0, 0.0, 0.0, 0.0, 0.0, 0.0, 0.0, 0.0, 0.0, 0.0, 0.0], "tonal.chords_histogram": [62.35093688964844, 5.792163372039795, 0.0, 0.0, 0.5110732316970825, 3.747870445251465, 8.858603477478027, 8.858603477478027, 0.0, 0.0, 5.962521076202393, 0.0, 0.0, 0.0, 0.0, 0.17035774886608124, 0.0, 0.0, 0.0, 0.0, 0.0, 0.0, 0.0, 3.747870445251465], "tonal.thpcp": [1.0, 0.6432668566703796, 0.24512794613838196, 0.13559946417808533, 0.09945989400148392, 0.07780883461236954, 0.08754662424325943, 0.18663257360458374, 0.529319703578949, 0.5248968601226807, 0.20261438190937042, 0.1414838284254074, 0.1243463084101677, 0.12295504659414291, 0.2301805019378662, 0.268429696559906, 0.19929075241088867, 0.19010740518569946, 0.18328846991062164, 0.2163476198911667, 0.3289817273616791, 0.37595975399017334, 0.25818154215812683, 0.12435753643512726, 0.09430506080389023, 0.09177497774362564, 0.07698548585176468, 0.07941532880067825, 0.12074963748455048, 0.27153363823890686, 0.3664555251598358, 0.27130499482154846, 0.17239660024642944, 0.16331084072589874, 0.30979156494140625, 0.74383544921875], "lowlevel.gfcc.cov": [[3687.6005859375, -1096.5028076171875, 40.80171585083008, -176.068359375, -784.4281005859375, 188.94691467285156, -111.07878112792969, 193.91221618652344, -219.81890869140625, 55.563743591308594, -258.56524658203125, 17.00352668762207, -238.3472900390625], [-1096.5028076171875, 1658.33154296875, -610.7298583984375, -329.6061706542969, 462.3739318847656, -489.6605224609375, 322.8736267089844, -144.74569702148438, 194.57435607910156, -156.86053466796875, 312.1703796386719, -125.57061767578125, 263.6922302246094], [40.80171585083008, -610.7298583984375, 785.10205078125, 302.2764892578125, -172.59251403808594, 142.197265625, -324.1589660644531, -34.75617980957031, -82.86719512939453, 132.6502685546875, -138.9806365966797, 121.7896728515625, -92.87970733642578], [-176.068359375, -329.6061706542969, 302.2764892578125, 489.9443664550781, 4.7212395668029785, 71.54370880126953, -200.2878875732422, -31.258419036865234, 21.565156936645508, 55.536983489990234, -7.087320804595947, 51.259220123291016, 34.59422302246094], [-784.4281005859375, 462.3739318847656, -172.59251403808594, 4.7212395668029785, 445.0616760253906, -95.4190444946289, 94.29717254638672, -43.0015983581543, 84.29192352294922, -36.4254264831543, 98.87776947021484, -4.0180535316467285, 87.0943603515625], [188.94691467285156, -489.6605224609375, 142.197265625, 71.54370880126953, -95.4190444946289, 421.0467834472656, 79.29418182373047, 36.47425842285156, -36.219146728515625, 5.885552883148193, -51.253135681152344, 15.109831809997559, -102.79740905761719], [-111.07878112792969, 322.8736267089844, -324.1589660644531, -200.2878875732422, 94.29717254638672, 79.29418182373047, 379.87451171875, 47.183040618896484, 51.129886627197266, -91.04479217529297, 82.52945709228516, -71.92506408691406, -0.9490867853164673], [193.91221618652344, -144.74569702148438, -34.75617980957031, -31.258419036865234, -43.0015983581543, 36.47425842285156, 47.183040618896484, 145.81004333496094, 25.330949783325195, 17.142602920532227, -31.415332794189453, -16.493635177612305, -31.713043212890625], [-219.81890869140625, 194.57435607910156, -82.86719512939453, 21.565156936645508, 84.29192352294922, -36.219146728515625, 51.129886627197266, 25.330949783325195, 150.290771484375, 12.286520004272461, 46.593650817871094, -44.73632049560547, 42.2823371887207], [55.563743591308594, -156.86053466796875, 132.6502685546875, 55.536983489990234, -36.4254264831543, 5.885552883148193, -91.04479217529297, 17.142602920532227, 12.286520004272461, 99.14044189453125, -28.65937614440918, 15.38443374633789, -24.503557205200195], [-258.56524658203125, 312.1703796386719, -138.9806365966797, -7.087320804595947, 98.87776947021484, -51.253135681152344, 82.52945709228516, -31.415332794189453, 46.593650817871094, -28.65937614440918, 165.71189880371094, 27.858667373657227, 88.41062927246094], [17.00352668762207, -125.57061767578125, 121.7896728515625, 51.259220123291016, -4.0180535316467285, 15.109831809997559, -71.92506408691406, -16.493635177612305, -44.73632049560547, 15.38443374633789, 27.858667373657227, 134.54367065429688, 27.907344818115234], [-238.3472900390625, 263.6922302246094, -92.87970733642578, 34.59422302246094, 87.0943603515625, -102.79740905761719, -0.9490867853164673, -31.713043212890625, 42.2823371887207, -24.503557205200195, 88.41062927246094, 27.907344818115234, 135.33169555664062]], "lowlevel.gfcc.icov": [[0.0005345830577425659, 0.00018596694280859083, 0.00037256168434396386, 7.779883890179917e-05, 0.00076816271757707, 0.00013202204718254507, 2.989002132380847e-05, -0.0001908093981910497, 0.00014327338431030512, -6.516731082228944e-05, 0.00019362887542229146, -0.00029802924836985767, 0.00025478217867203057], [0.00018596694280859083, 0.006476148962974548, -0.001806700020097196, 0.0033005462028086185, -0.0021866168826818466, 0.004983379039913416, -0.0029833107255399227, 0.004069099202752113, -0.0023871618323028088, 0.002866253489628434, -0.005549035035073757, 0.005643522832542658, -0.004523495677858591], [0.00037256168434396386, -0.001806700020097196, 0.004388760309666395, -0.0021615608129650354, 0.0016645122086629272, -0.0019102280493825674, 0.001954600913450122, -0.00021193968132138252, 0.000527733180206269, -0.002767362166196108, 0.003375131171196699, -0.00447737006470561, 0.003235338954254985], [7.779883890179917e-05, 0.0033005462028086185, -0.0021615608129650354, 0.005492974538356066, -0.0016433767741546035, 0.0011377631453797221, 0.0005693690036423504, 0.0017181653529405594, -0.0020358385518193245, 0.00203870702534914, -0.003819243749603629, 0.0040208944119513035, -0.00418212590739131], [0.00076816271757707, -0.0021866168826818466, 0.0016645122086629272, -0.0016433767741546035, 0.005206190515309572, -0.0011071015615016222, 0.00022700006957165897, -0.0007021151832304895, -0.0002763955562841147, -0.0011419901857152581, 0.0024466849863529205, -0.003551997011527419, 0.0018352242186665535], [0.00013202204718254507, 0.004983379039913416, -0.0019102280493825674, 0.0011377631453797221, -0.0011071015615016222, 0.008037285879254341, -0.004875048063695431, 0.003195390570908785, -0.001780782826244831, 0.0023367416579276323, -0.0037538267206400633, 0.0028434412088245153, -0.0007017576135694981], [2.989002132380847e-05, -0.0029833107255399227, 0.001954600913450122, 0.0005693690036423504, 0.00022700006957165897, -0.004875048063695431, 0.009419815614819527, -0.004006662871688604, 3.776416269829497e-05, 0.002682986669242382, -0.0012022015871480107, -0.00048824746045283973, 0.0036995692644268274], [-0.0001908093981910497, 0.004069099202752113, -0.00021193968132138252, 0.0017181653529405594, -0.0007021151832304895, 0.003195390570908785, -0.004006662871688604, 0.012223281897604465, -0.004240619018673897, -0.0007035406888462603, -0.0005085690645501018, 0.001508822781033814, -0.001915364759042859], [0.00014327338431030512, -0.0023871618323028088, 0.000527733180206269, -0.0020358385518193245, -0.0002763955562841147, -0.001780782826244831, 3.776416269829497e-05, -0.004240619018673897, 0.012879478745162487, -0.0052321781404316425, -0.0001747668138705194, 0.0030482772272080183, -0.0018677457701414824], [-6.516731082228944e-05, 0.002866253489628434, -0.002767362166196108, 0.00203870702534914, -0.0011419901857152581, 0.0023367416579276323, 0.002682986669242382, -0.0007035406888462603, -0.0052321781404316425, 0.018719810992479324, -0.00433685164898634, 0.002136445138603449, 0.0016606479184702039], [0.00019362887542229146, -0.005549035035073757, 0.003375131171196699, -0.003819243749603629, 0.0024466849863529205, -0.0037538267206400633, -0.0012022015871480107, -0.0005085690645501018, -0.0001747668138705194, -0.00433685164898634, 0.0189523845911026, -0.010271959006786346, -0.0011014416813850403], [-0.00029802924836985767, 0.005643522832542658, -0.00447737006470561, 0.0040208944119513035, -0.003551997011527419, 0.0028434412088245153, -0.00048824746045283973, 0.001508822781033814, 0.0030482772272080183, 0.002136445138603449, -0.010271959006786346, 0.01945626549422741, -0.008693167008459568], [0.00025478217867203057, -0.004523495677858591, 0.003235338954254985, -0.00418212590739131, 0.0018352242186665535, -0.0007017576135694981, 0.0036995692644268274, -0.001915364759042859, -0.0018677457701414824, 0.0016606479184702039, -0.0011014416813850403, -0.008693167008459568, 0.021200882270932198]], "lowlevel.mfcc.cov": [[3557.650634765625, -1002.79638671875, 313.60516357421875, -349.8858947753906, -464.9000549316406, -133.06192016601562, -66.82841491699219, 54.298770904541016, -51.62846374511719, 63.33200454711914, -2.257438898086548, -88.2314224243164, -106.5572280883789], [-1002.79638671875, 1665.4735107421875, -845.0255737304688, 125.31852722167969, -36.00703811645508, -179.658935546875, 78.43697357177734, -22.271820068359375, -51.27286911010742, 8.904180526733398, 15.302725791931152, -36.96707534790039, 23.866836547851562], [313.60516357421875, -845.0255737304688, 934.3443603515625, -14.133962631225586, 64.01734924316406, 119.758544921875, -127.1038818359375, -95.7917251586914, -2.4393579959869385, -85.408447265625, -31.556093215942383, 59.22072219848633, -14.873128890991211], [-349.8858947753906, 125.31852722167969, -14.133962631225586, 335.5775146484375, 163.3358154296875, -54.70169448852539, -78.88448333740234, -89.45967102050781, 3.0430963039398193, -50.950927734375, -41.120174407958984, 23.638704299926758, 30.222795486450195], [-464.9000549316406, -36.00703811645508, 64.01734924316406, 163.3358154296875, 300.7068176269531, 43.2529296875, -65.54779052734375, -61.80466842651367, 15.26054573059082, -36.19051742553711, -32.41719055175781, 20.96099090576172, 32.51381301879883], [-133.06192016601562, -179.658935546875, 119.758544921875, -54.70169448852539, 43.2529296875, 211.2268829345703, 60.94890594482422, 48.03776550292969, 14.479719161987305, 2.384265899658203, 20.053544998168945, 19.79656410217285, 3.755314826965332], [-66.82841491699219, 78.43697357177734, -127.1038818359375, -78.88448333740234, -65.54779052734375, 60.94890594482422, 176.92958068847656, 111.05204772949219, -0.8855980634689331, 13.179632186889648, 33.33039474487305, -1.8179177045822144, 3.2273268699645996], [54.298770904541016, -22.271820068359375, -95.7917251586914, -89.45967102050781, -61.80466842651367, 48.03776550292969, 111.05204772949219, 170.8405303955078, 24.153146743774414, 27.572017669677734, 37.30248260498047, -0.8134958744049072, 17.7961368560791], [-51.62846374511719, -51.27286911010742, -2.4393579959869385, 3.0430963039398193, 15.26054573059082, 14.479719161987305, -0.8855980634689331, 24.153146743774414, 93.84282684326172, 53.424190521240234, 16.068815231323242, 7.427036762237549, -3.079677104949951], [63.33200454711914, 8.904180526733398, -85.408447265625, -50.950927734375, -36.19051742553711, 2.384265899658203, 13.179632186889648, 27.572017669677734, 53.424190521240234, 136.2328643798828, 56.11396026611328, -10.2344331741333, -17.22632598876953], [-2.257438898086548, 15.302725791931152, -31.556093215942383, -41.120174407958984, -32.41719055175781, 20.053544998168945, 33.33039474487305, 37.30248260498047, 16.068815231323242, 56.11396026611328, 97.92056274414062, 20.919597625732422, -8.454768180847168], [-88.2314224243164, -36.96707534790039, 59.22072219848633, 23.638704299926758, 20.96099090576172, 19.79656410217285, -1.8179177045822144, -0.8134958744049072, 7.427036762237549, -10.2344331741333, 20.919597625732422, 81.28685760498047, 16.8513126373291], [-106.5572280883789, 23.866836547851562, -14.873128890991211, 30.222795486450195, 32.51381301879883, 3.755314826965332, 3.2273268699645996, 17.7961368560791, -3.079677104949951, -17.22632598876953, -8.454768180847168, 16.8513126373291, 80.08016204833984]], "lowlevel.mfcc.icov": [[0.0005476295482367277, 0.00044133493793196976, 0.00013289433263707906, 0.00011082886339863762, 0.0007347665377892554, 0.00037911836989223957, 0.0003965299401897937, -0.00016924658848438412, 0.0004678442783188075, -0.00015240840730257332, 0.00010378107981523499, 0.0002555530518293381, 0.00022792734671384096], [0.00044133493793196976, 0.001668093609623611, 0.00132535002194345, -0.0001615550136193633, 0.0007334348047152162, 0.0005736628081649542, -0.00010123567335540429, 0.000855994934681803, 0.0005840366357006133, 0.0004257521068211645, -0.0004295081307645887, 0.00012192724534543231, -7.056563481455669e-05], [0.00013289433263707906, 0.00132535002194345, 0.0028244720306247473, 0.00024930157815106213, 0.0005196136771701276, -0.0009688849677331746, 0.0012425525346770883, 0.001330954022705555, -0.00022282985446508974, 0.0017257941653952003, -0.00048677995800971985, -0.0009199184714816511, 0.0002057943056570366], [0.00011082886339863762, -0.0001615550136193633, 0.00024930157815106213, 0.005310561507940292, -0.0022089870180934668, 0.0013501245994120836, 0.0003197432088200003, 0.001446541165933013, -0.0011622320162132382, 0.0013453032588586211, 0.00024676896282471716, -0.0010444845538586378, -0.0007725554751232266], [0.0007347665377892554, 0.0007334348047152162, 0.0005196136771701276, -0.0022089870180934668, 0.006708219181746244, -0.0019062325591221452, 0.0019367209170013666, 0.0007170606404542923, -0.000501025642734021, 0.0004995837807655334, 0.00043055281275883317, 0.0004131308232899755, -0.001135627506300807], [0.00037911836989223957, 0.0005736628081649542, -0.0009688849677331746, 0.0013501245994120836, -0.0019062325591221452, 0.007886081002652645, -0.0031318587716668844, -0.0006387836765497923, 8.704102583578788e-06, -0.0003588958934415132, -0.0004211633058730513, -0.0005205395282246172, 0.00030452318605966866], [0.0003965299401897937, -0.00010123567335540429, 0.0012425525346770883, 0.0003197432088200003, 0.0019367209170013666, -0.0031318587716668844, 0.01269411202520132, -0.0062914020381867886, 0.00160110869910568, 0.0012237640330567956, -0.000917572935577482, -0.00012821375275962055, 0.0011699092574417591], [-0.00016924658848438412, 0.000855994934681803, 0.001330954022705555, 0.001446541165933013, 0.0007170606404542923, -0.0006387836765497923, -0.0062914020381867886, 0.013284065760672092, -0.0038027740083634853, 0.0015710059087723494, -0.0024359619710594416, 0.0007726863259449601, -0.003966881427913904], [0.0004678442783188075, 0.0005840366357006133, -0.00022282985446508974, -0.0011622320162132382, -0.000501025642734021, 8.704102583578788e-06, 0.00160110869910568, -0.0038027740083634853, 0.016580067574977875, -0.007809244096279144, 0.002409016015008092, -0.002023685025051236, 0.0014672279357910156], [-0.00015240840730257332, 0.0004257521068211645, 0.0017257941653952003, 0.0013453032588586211, 0.0004995837807655334, -0.0003588958934415132, 0.0012237640330567956, 0.0015710059087723494, -0.007809244096279144, 0.015192546881735325, -0.007732938509434462, 0.0029069120064377785, 0.00043832280789501965], [0.00010378107981523499, -0.0004295081307645887, -0.00048677995800971985, 0.00024676896282471716, 0.00043055281275883317, -0.0004211633058730513, -0.000917572935577482, -0.0024359619710594416, 0.002409016015008092, -0.007732938509434462, 0.017159946262836456, -0.005874138791114092, 0.0019828323274850845], [0.0002555530518293381, 0.00012192724534543231, -0.0009199184714816511, -0.0010444845538586378, 0.0004131308232899755, -0.0005205395282246172, -0.00012821375275962055, 0.0007726863259449601, -0.002023685025051236, 0.0029069120064377785, -0.005874138791114092, 0.016381287947297096, -0.003302641911432147], [0.00022792734671384096, -7.056563481455669e-05, 0.0002057943056570366, -0.0007725554751232266, -0.001135627506300807, 0.00030452318605966866, 0.0011699092574417591, -0.003966881427913904, 0.0014672279357910156, 0.00043832280789501965, 0.0019828323274850845, -0.003302641911432147, 0.015477841719985008]], "metadata.audio_properties.analysis.downmix": "mix", "metadata.audio_properties.codec": "mp3", "metadata.audio_properties.md5_encoded": "fb9b377d115d9bed8a91afd41e40d2e3", "metadata.tags.file_name": "1182279384745381888.mp3", "metadata.version.essentia": "2.1-beta6-dev", "metadata.version.essentia_git_sha": "v2.1_beta5-1110-g77a6a954", "metadata.version.extractor": "music 2.0", "tonal.chords_key": "E", "tonal.chords_scale": "minor", "tonal.key_edma.key": "E", "tonal.key_edma.scale": "minor", "tonal.key_krumhansl.key": "E", "to