{"song_id": "1182275330434670643", "download": "https://cdn.discordapp.com/attachments/1128313332273782784/1182275330434670643/chirp.mp4?ex=65841ab4&amp", "lyrics": "[Verse]\n\u0412 \u0421\u0422\u041e \u043e\u043d - \u043a\u043e\u0440\u043e\u043b\u044c, \u0432\u043b\u0430\u0434\u044b\u043a\u0430 \u0441\u0432\u0430\u0440\u043a\u0438, \u0432\u044b\u0445\u043b\u043e\u043f\u043d\u044b\u0445 \u0438 \u0448\u0438\u043d\n\u041d\u043e \u043f\u043e\u043a\u0430 \u043e\u043d \u043a\u0440\u0443\u0442\u0438\u0442 \u0433\u0430\u0439\u043a\u0438, \u0435\u043c\u0443 \u0442\u043e\u043b\u044c\u043a\u043e \u043f\u0440\u0435\u0434\u0441\u0442\u043e\u0438\u0442 \u0434\u043e\u0441\u0442\u0438\u0447\u044c \u0432\u0435\u0440\u0448\u0438\u043d (brr yeah)\n'\u0421\u0442\u0430\u0440\u044b\u0439 \u0433\u043e\u043b\u044c\u0444 \u0438\u043b\u0438 \u043b\u0443\u043f\u0430\u200c\u0442\u044b\u0439 \u043c\u0435\u0440\u0441', \u2013 \u0432\u0438\u0442\u0430\u0435\u0442 \u0432 \u0443\u043c\u0435 \u043b\u0435\u043f\u043e\u0442\u0430 \n\u041f\u0435\u0440\u0435\u0434 \u0433\u043b\u0430\u0437\u0430\u043c\u0430 \u0435\u0437\u0434\u0438\u0442 \u043c\u0435\u0447\u0442\u0430, \u0430 \u043d\u0430 \u0441\u0442\u0435\u043d\u0430\u0445 \u0433\u0430\u0440\u0430\u0436\u0430 \u0432\u0438\u0441\u0438\u0442 \u0441\u0440\u0430\u043c\u043e\u0442\u0430 (scr)\n\u041d\u043e \u0440\u0435\u0430\u043b\u044c\u043d\u043e\u0441\u0442\u044c \u0431\u043e\u043b\u0435\u0435 \u0441\u0430\u0442\u0438\u0440\u0438\u0441\u0442\u0438\u200c\u0447\u043d\u0430, \u043e\u043d \u0441\u043d\u043e\u0432\u0430 \u0438\u0434\u0451\u0442 \u043d\u0430 \u0440\u0430\u0431\u043e\u0442\u0443 \u0441 \u0443\u0442\u0440\u0430\u200c (nah nah)\n\n[Chorus]\n\u0418 \u0442\u043e\u043b\u044c\u043a\u043e \u043e\u0434\u0438\u043d \u043f\u0440\u0438\u043d\u0446\u0438\u043f \u0437\u043d\u0430\u0435\u0442 \u041c\u0430\u043a\u0441 \u043f\u043e \u0436\u0438\u0437\u043d\u0438\nWork hard, pays off! (yeah)\n\u041f\u043e\u0436\u0435\u043b\u0430\u0435\u043c \u0436\u0435 \u0435\u043c\u0443 \u0443\u0434\u0430\u0447\u0438, \u0447\u0442\u043e\u0431\u044b \u043d\u0435 \u0432\u0441\u0442\u0440\u0435\u0447\u0430\u043b\u0438\u0441\u044c \u043d\u0430 \u043f\u0443\u0442\u0438 \u0440\u0430\u0437\u043d\u044b\u0435 \u0441\u043b\u0438\u0437\u043d\u0438. (scr)\n\u0412\u0435\u0434\u044c \u044d\u0442\u043e \u0436\u0438\u0437\u043d\u044c, \u0439\u043e\u0443 \u0439\u043e\u0443 (brr)", "style": ["slow and soft major melodic electronic"], "essentia_features": {"lowlevel.average_loudness": 0.9660574197769165, "lowlevel.barkbands_crest.mean": 15.719244956970215, "lowlevel.barkbands_crest.stdev": 5.203951835632324, "lowlevel.barkbands_flatness_db.mean": 0.2820287346839905, "lowlevel.barkbands_flatness_db.stdev": 0.11757541447877884, "lowlevel.barkbands_kurtosis.mean": 28.2885799407959, "lowlevel.barkbands_kurtosis.stdev": 40.379493713378906, "lowlevel.barkbands_skewness.mean": 3.724327325820923, "lowlevel.barkbands_skewness.stdev": 2.630290985107422, "lowlevel.barkbands_spread.mean": 10.75969123840332, "lowlevel.barkbands_spread.stdev": 13.91163444519043, "lowlevel.dissonance.mean": 0.4392053484916687, "lowlevel.dissonance.stdev": 0.04743453487753868, "lowlevel.dynamic_complexity": 1.5238157510757446, "lowlevel.erbbands_crest.mean": 10.426957130432129, "lowlevel.erbbands_crest.stdev": 3.675787925720215, "lowlevel.erbbands_flatness_db.mean": 0.2137182354927063, "lowlevel.erbbands_flatness_db.stdev": 0.07850845158100128, "lowlevel.erbbands_kurtosis.mean": 2.0583996772766113, "lowlevel.erbbands_kurtosis.stdev": 4.067501068115234, "lowlevel.erbbands_skewness.mean": 0.6756104826927185, "lowlevel.erbbands_skewness.stdev": 1.0320038795471191, "lowlevel.erbbands_spread.mean": 36.8808479309082, "lowlevel.erbbands_spread.stdev": 29.992046356201172, "lowlevel.hfc.mean": 21.064693450927734, "lowlevel.hfc.stdev": 20.47369384765625, "lowlevel.loudness_ebu128.integrated": -13.797614097595215, "lowlevel.loudness_ebu128.loudness_range": 1.5792322158813477, "lowlevel.loudness_ebu128.momentary.mean": -14.019203186035156, "lowlevel.loudness_ebu128.momentary.stdev": 1.3648496866226196, "lowlevel.loudness_ebu128.short_term.mean": -13.783496856689453, "lowlevel.loudness_ebu128.short_term.stdev": 0.5958558917045593, "lowlevel.melbands_crest.mean": 22.7106876373291, "lowlevel.melbands_crest.stdev": 10.915440559387207, "lowlevel.melbands_flatness_db.mean": 0.3627600073814392, "lowlevel.melbands_flatness_db.stdev": 0.14658381044864655, "lowlevel.melbands_kurtosis.mean": 57.985321044921875, "lowlevel.melbands_kurtosis.stdev": 89.90560913085938, "lowlevel.melbands_skewness.mean": 5.060981273651123, "lowlevel.melbands_skewness.stdev": 3.79130482673645, "lowlevel.melbands_spread.mean": 9.47568130493164, "lowlevel.melbands_spread.stdev": 12.155431747436523, "lowlevel.pitch_salience.mean": 0.418885737657547, "lowlevel.pitch_salience.stdev": 0.2471296489238739, "lowlevel.silence_rate_20dB.mean": 1.0, "lowlevel.silence_rate_20dB.stdev": 0.0, "lowlevel.silence_rate_30dB.mean": 0.576833963394165, "lowlevel.silence_rate_30dB.stdev": 0.4940595328807831, "lowlevel.silence_rate_60dB.mean": 0.00154440151527524, "lowlevel.silence_rate_60dB.stdev": 0.039268504828214645, "lowlevel.spectral_centroid.mean": 892.3326416015625, "lowlevel.spectral_centroid.stdev": 596.6492919921875, "lowlevel.spectral_complexity.mean": 14.136679649353027, "lowlevel.spectral_complexity.stdev": 8.719671249389648, "lowlevel.spectral_decrease.mean": -2.107180030463951e-08, "lowlevel.spectral_decrease.stdev": 1.665962123809095e-08, "lowlevel.spectral_energy.mean": 0.0814405083656311, "lowlevel.spectral_energy.stdev": 0.0627332255244255, "lowlevel.spectral_energyband_high.mean": 0.0008513604989275336, "lowlevel.spectral_energyband_high.stdev": 0.002167356899008155, "lowlevel.spectral_energyband_low.mean": 0.06143544241786003, "lowlevel.spectral_energyband_low.stdev": 0.06953272968530655, "lowlevel.spectral_energyband_middle_high.mean": 0.0031973812729120255, "lowlevel.spectral_energyband_middle_high.stdev": 0.005044344812631607, "lowlevel.spectral_energyband_middle_low.mean": 0.015994615852832794, "lowlevel.spectral_energyband_middle_low.stdev": 0.014794847927987576, "lowlevel.spectral_entropy.mean": 6.920063495635986, "lowlevel.spectral_entropy.stdev": 0.827488899230957, "lowlevel.spectral_flux.mean": 0.08376224339008331, "lowlevel.spectral_flux.stdev": 0.05986761301755905, "lowlevel.spectral_kurtosis.mean": 21.38479232788086, "lowlevel.spectral_kurtosis.stdev": 47.397884368896484, "lowlevel.spectral_rms.mean": 0.008140577003359795, "lowlevel.spectral_rms.stdev": 0.0036311286967247725, "lowlevel.spectral_rolloff.mean": 865.4729614257812, "lowlevel.spectral_rolloff.stdev": 1618.4547119140625, "lowlevel.spectral_skewness.mean": 2.8994855880737305, "lowlevel.spectral_skewness.stdev": 2.423893451690674, "lowlevel.spectral_spread.mean": 4491984.5, "lowlevel.spectral_spread.stdev": 3018505.25, "lowlevel.spectral_strongpeak.mean": 0.8247564435005188, "lowlevel.spectral_strongpeak.stdev": 0.599617600440979, "lowlevel.zerocrossingrate.mean": 0.03560418635606766, "lowlevel.zerocrossingrate.stdev": 0.04014365002512932, "metadata.audio_properties.analysis.equal_loudness": 0.0, "metadata.audio_properties.analysis.length": 30.03628158569336, "metadata.audio_properties.analysis.sample_rate": 44100.0, "metadata.audio_properties.analysis.start_time": 0.0, "metadata.audio_properties.bit_rate": 123646.0, "metadata.audio_properties.length": 30.03733253479004, "metadata.audio_properties.lossless": 0.0, "metadata.audio_properties.number_channels": 1.0, "metadata.audio_properties.replay_gain": -11.76422119140625, "metadata.audio_properties.sample_rate": 48000.0, "rhythm.beats_count": 62.0, "rhythm.beats_loudness.mean": 0.06747826188802719, "rhythm.beats_loudness.stdev": 0.045745402574539185, "rhythm.bpm": 125.82929992675781, "rhythm.bpm_histogram_first_peak_bpm": 126.0, "rhythm.bpm_histogram_first_peak_weight": 0.5593219995498657, "rhythm.bpm_histogram_second_peak_bpm": 120.0, "rhythm.bpm_histogram_second_peak_spread": 0.0, "rhythm.bpm_histogram_second_peak_weight": 0.016393441706895828, "rhythm.danceability": 1.0742530822753906, "rhythm.onset_rate": 5.1566572189331055, "tonal.chords_changes_rate": 0.04938271641731262, "tonal.chords_number_rate": 0.010802469216287136, "tonal.chords_strength.mean": 0.3383772671222687, "tonal.chords_strength.stdev": 0.06993738561868668, "tonal.hpcp_crest.mean": 15.465458869934082, "tonal.hpcp_crest.stdev": 5.957347869873047, "tonal.hpcp_entropy.mean": 1.6939382553100586, "tonal.hpcp_entropy.stdev": 0.6522402763366699, "tonal.key_edma.strength": 0.7110223174095154, "tonal.key_krumhansl.strength": 0.7132230401039124, "tonal.key_temperley.strength": 0.7117826342582703, "tonal.tuning_diatonic_strength": 0.4599792957305908, "tonal.tuning_equal_tempered_deviation": 0.27271944284439087, "tonal.tuning_frequency": 434.193115234375, "tonal.tuning_nontempered_energy_ratio": 0.9894752502441406, "lowlevel.barkbands.mean": [0.013004046864807606, 0.047933172434568405, 0.0005916557856835425, 0.001099271234124899, 0.002285044640302658, 0.007127541117370129, 0.0019321395084261894, 0.0009566053631715477, 0.002299439162015915, 0.0008275453583337367, 0.0004604465211741626, 0.00030734058236703277, 0.00019469486142043024, 0.00027865066658705473, 0.00022182126122061163, 0.00024225591914728284, 0.00036110091605223715, 0.0002005908463615924, 0.000207303834031336, 0.00011160379654029384, 0.00013350135122891515, 0.00012899775174446404, 0.00014134841330815107, 0.0002064786822302267, 0.00011580323189264163, 7.067280967021361e-05, 1.4718635839017224e-06], "lowlevel.barkbands.stdev": [0.019889187067747116, 0.05682669207453728, 0.0029477819334715605, 0.004410239402204752, 0.003758851205930114, 0.006764347665011883, 0.004045517183840275, 0.0022284735459834337, 0.0029462184756994247, 0.002779682632535696, 0.0016524099046364427, 0.0010582896647974849, 0.0005662736366502941, 0.0006945283967070282, 0.000562808127142489, 0.0006132699199952185, 0.0006166378734633327, 0.0003655943146441132, 0.0004284156602807343, 0.0003619544149842113, 0.0005072550848126411, 0.00041729476652108133, 0.00042732327710837126, 0.0005582536105066538, 0.00039326181286014616, 0.00020890655287075788, 7.619334155606339e-06], "lowlevel.erbbands.mean": [2.7686707973480225, 5.28704833984375, 1.3373997211456299, 2.65610933303833, 3.435619592666626, 11.644186973571777, 28.244491577148438, 62.879878997802734, 33.871299743652344, 27.662464141845703, 21.210390090942383, 57.2979736328125, 37.13399887084961, 21.44330596923828, 16.620067596435547, 11.995072364807129, 8.771647453308105, 14.089157104492188, 13.074861526489258, 10.79036808013916, 15.363350868225098, 21.091217041015625, 11.393356323242188, 11.220381736755371, 9.255586624145508, 5.291202545166016, 5.258345127105713, 5.054713249206543, 4.989316463470459, 3.7800586223602295, 4.112063407897949, 4.998775005340576, 2.860940933227539, 1.540619969367981, 0.6697114109992981, 0.34343644976615906, 0.12725849449634552, 0.014180207625031471, 0.0003251725865993649, 0.00010273578664055094], "lowlevel.erbbands.stdev": [3.268908977508545, 8.583365440368652, 3.1234254837036133, 10.464451789855957, 12.70400619506836, 16.21400260925293, 28.158857345581055, 63.49211120605469, 58.401607513427734, 61.70358657836914, 45.80966567993164, 67.13531494140625, 88.84005737304688, 68.10188293457031, 57.010520935058594, 40.619781494140625, 23.949451446533203, 34.0894775390625, 30.199186325073242, 26.917415618896484, 35.32020950317383, 35.90547180175781, 19.630544662475586, 22.056106567382812, 21.19196319580078, 17.764005661010742, 19.788782119750977, 18.741188049316406, 16.489669799804688, 11.621389389038086, 12.35920238494873, 13.045601844787598, 8.619111061096191, 5.506701469421387, 2.097292423248291, 0.9692642092704773, 0.4080697298049927, 0.05324844270944595, 0.0010493239387869835, 7.468886178685352e-05], "lowlevel.gfcc.mean": [-43.9489860534668, 105.95349884033203, -77.8525390625, 7.523754119873047, -69.69513702392578, -7.933356285095215, -53.536216735839844, 22.488285064697266, -11.522729873657227, -5.772670745849609, -8.084043502807617, 3.40163516998291, -6.981276988983154], "lowlevel.melbands.mean": [0.01869393326342106, 0.0023819217458367348, 0.000443516910308972, 0.0005097885150462389, 0.0008763055666349828, 0.001385042443871498, 0.0005042878328822553, 0.0002840308006852865, 0.0001649191981414333, 0.00038720437441952527, 0.00017938396194949746, 8.821042865747586e-05, 5.799751670565456e-05, 3.871051740134135e-05, 2.2715817976859398e-05, 2.0148911062278785e-05, 2.687756386876572e-05, 2.1709782231482677e-05, 1.5079163858899847e-05, 1.4636816558777355e-05, 1.7975960872718133e-05, 2.3355954908765852e-05, 1.3946432773082051e-05, 8.483412784698885e-06, 9.114250133279711e-06, 7.966672455950174e-06, 4.773699401994236e-06, 3.145272330584703e-06, 3.181327883794438e-06, 3.3171991162816994e-06, 2.790965936583234e-06, 2.905203700720449e-06, 2.3131917714636074e-06, 2.0917852907587076e-06, 2.189949782405165e-06, 2.79430082628096e-06, 3.21114134749223e-06, 2.1246976302791154e-06, 1.5904531665000832e-06, 1.1825696901723859e-06], "lowlevel.melbands.stdev": [0.021754547953605652, 0.004124898929148912, 0.001826139516197145, 0.0008979607373476028, 0.000871454831212759, 0.001376323401927948, 0.0008736478630453348, 0.0006295665516518056, 0.0004037071776110679, 0.0004462166107259691, 0.0004527954151853919, 0.00029695109697058797, 0.00020079231762792915, 0.00013552201562561095, 7.92165519669652e-05, 5.579444405157119e-05, 6.792521162424237e-05, 5.3254007070790976e-05, 4.0116410673363134e-05, 3.8085796404629946e-05, 4.149106825934723e-05, 4.23436940764077e-05, 2.4518807549611665e-05, 1.6263447832898237e-05, 1.8664819435798563e-05, 1.7927888620761223e-05, 1.2877922927145846e-05, 1.1777669897128362e-05, 1.2187473657832015e-05, 1.2908390090160538e-05, 1.0587253200355917e-05, 1.0097835911437869e-05, 7.1331655817630235e-06, 6.6070151660824195e-06, 7.008570719335694e-06, 7.786299647705164e-06, 8.464612619718537e-06, 6.282687081693439e-06, 5.743154815718299e-06, 4.386849923321279e-06], "lowlevel.melbands128.mean": [0.012249906547367573, 0.028260594233870506, 0.018801812082529068, 0.005615953356027603, 0.0007232850766740739, 0.00032075366470962763, 0.0005805363762192428, 0.00048544761375524104, 0.00022248673485592008, 0.0005010192398913205, 0.0007850007386878133, 0.0003833782975561917, 0.000884061970282346, 0.0014752495335415006, 0.0016528620617464185, 0.0012862703297287226, 0.0006752019398845732, 0.00026713061379268765, 0.0004282923764549196, 0.00029644303140230477, 0.0002410805318504572, 0.00016447831876575947, 0.00015214720042422414, 0.00015808908210601658, 0.00033105467446148396, 0.0006329430616460741, 0.0001709169300738722, 0.00014754767471458763, 0.00014405279944185168, 8.86492125573568e-05, 7.350133819272742e-05, 7.502506923628971e-05, 5.029802559874952e-05, 5.7084693253273144e-05, 4.09896056225989e-05, 3.557467061909847e-05, 3.0060105927987024e-05, 2.349386522837449e-05, 1.7263890185859054e-05, 1.5112372238945682e-05, 2.2370162696461193e-05, 2.393540671619121e-05, 3.024193756573368e-05, 2.635356031532865e-05, 2.2517459001392126e-05, 2.3126394808059558e-05, 1.826707557484042e-05, 1.361790782539174e-05, 1.522309503343422e-05, 1.345503369520884e-05, 1.2447329936549067e-05, 1.7469250451540574e-05, 2.085701453324873e-05, 1.4980475498305168e-05, 1.9288268958916888e-05, 2.8890210160170682e-05, 2.262727139168419e-05, 1.5428262486238964e-05, 1.186258396046469e-05, 8.392276868107729e-06, 6.794080036343075e-06, 9.672339729149826e-06, 1.0756846677395515e-05, 8.049517418839969e-06, 8.099495971691795e-06, 9.101289833779447e-06, 7.357336926361313e-06, 5.015318947698688e-06, 4.629515842680121e-06, 3.720542053997633e-06, 2.802556537062628e-06, 3.185110699632787e-06, 2.90918501377746e-06, 3.4688118830672465e-06, 2.8976589874218917e-06, 3.713421619977453e-06, 3.3878911835927283e-06, 2.5553129034960875e-06, 3.0329545097629307e-06, 2.4035282422119053e-06, 3.063192934860126e-06, 3.1122071959543973e-06, 2.6906745915766805e-06, 2.3303548459807644e-06, 1.8826536916094483e-06, 1.7667795191300684e-06, 2.3046627575240564e-06, 2.4553680759709096e-06, 1.8068716371999471e-06, 2.2915774025022984e-06, 2.851176532203681e-06, 2.708201236600871e-06, 3.0926444196666125e-06, 3.6713106510433136e-06, 3.0722976589458995e-06, 2.3616094040335156e-06, 1.9747465103137074e-06, 1.5521528666795348e-06, 1.6601763945800485e-06, 1.6369957620554487e-06, 1.3140220289642457e-06, 1.2199665206935606e-06, 8.188258107111324e-07, 7.954199645610061e-07, 6.235331966308877e-07, 8.002622280400828e-07, 6.814425432821736e-07, 5.869890173926251e-07, 6.180146669976239e-07, 5.112986514177464e-07, 5.892366630178003e-07, 5.432040097730351e-07, 3.868030660214572e-07, 2.9554183811342227e-07, 2.2278173616996355e-07, 1.5583567858357128e-07, 6.281339892666438e-08, 8.575224974549656e-10, 1.2229740657676569e-11, 1.0848828779774777e-11, 1.0540229279654145e-11, 1.0006409763285706e-11, 9.684559577893825e-12, 9.513877533007253e-12, 9.341638573800992e-12, 9.162519701289007e-12, 9.050947491484607e-12, 8.996033085129085e-12], "lowlevel.melbands128.stdev": [0.018690362572669983, 0.0348702147603035, 0.025190992280840874, 0.01027426216751337, 0.0017515452345833182, 0.0016303642187267542, 0.002296851482242346, 0.002068266971036792, 0.0012443403247743845, 0.0009275325573980808, 0.0011113559594377875, 0.0007715104147791862, 0.0009686526609584689, 0.0015722366515547037, 0.0017568264156579971, 0.0016677447129040956, 0.0012788728345185518, 0.0008034176426008344, 0.0009437151602469385, 0.0008874974446371198, 0.0006641814834438264, 0.00041444558883085847, 0.0005049525061622262, 0.0006411499925889075, 0.00046820082934573293, 0.0007181484834291041, 0.0005792999872937799, 0.0005979733541607857, 0.0006050193915143609, 0.0004027895047329366, 0.00030478881672024727, 0.000333061208948493, 0.0002209461381426081, 0.0002797246561385691, 0.00016397291619796306, 0.0001536181225674227, 0.00012996411533094943, 9.928095823852345e-05, 6.755218782927841e-05, 5.418235014076345e-05, 7.53721542423591e-05, 7.725920295342803e-05, 8.812330634100363e-05, 7.673916115891188e-05, 6.962273619137704e-05, 7.112746243365109e-05, 5.164049434824847e-05, 4.1527549910824746e-05, 5.85876805416774e-05, 3.9824361010687426e-05, 3.539958197507076e-05, 5.8743313275044784e-05, 6.27019617240876e-05, 3.4304361179238185e-05, 4.276773688616231e-05, 6.041116648702882e-05, 4.522739982348867e-05, 3.086469223489985e-05, 2.5042010747711174e-05, 1.9375984265934676e-05, 1.4035612366569694e-05, 2.230000427516643e-05, 2.581545413704589e-05, 1.839568358263932e-05, 1.7444133845856413e-05, 2.2630480088992044e-05, 2.0552721252897754e-05, 1.4116092643234879e-05, 1.3618155207950622e-05, 1.448897000955185e-05, 1.187103316624416e-05, 1.3347200365387835e-05, 1.0815306268341374e-05, 1.4451966308115516e-05, 1.1529254152264912e-05, 1.7365518942824565e-05, 1.3372598914429545e-05, 1.0251698768115602e-05, 1.392009471601341e-05, 9.07173853192944e-06, 1.201774284709245e-05, 1.1290498150628991e-05, 9.012072951009031e-06, 7.105556505848654e-06, 6.748720807081554e-06, 6.207332717167446e-06, 7.502892003685702e-06, 8.810358849586919e-06, 6.4851210481720045e-06, 7.460663709935034e-06, 9.252452400687616e-06, 7.649153303646017e-06, 8.38994310470298e-06, 1.0643198038451374e-05, 8.775541573413648e-06, 7.050608928693691e-06, 6.292014404607471e-06, 5.70413249079138e-06, 6.268403012654744e-06, 6.611641765630338e-06, 5.430140845419373e-06, 4.774556146003306e-06, 2.987112338814768e-06, 3.1532899811281823e-06, 2.005881697186851e-06, 2.789859991025878e-06, 2.276480017826543e-06, 1.9281137610960286e-06, 1.7793803408494568e-06, 1.5491077647311613e-06, 1.954055278474698e-06, 1.9235624222346814e-06, 1.3746263221037225e-06, 1.101211068998964e-06, 9.048235369846225e-07, 6.28099201094301e-07, 3.3034427815437084e-07, 6.1008167406839675e-09, 3.360099698479502e-11, 1.772782094733305e-11, 1.6665285471062496e-11, 1.3275854374161788e-11, 1.2772784566128514e-11, 1.255282423145987e-11, 1.2366907845007269e-11, 1.221426952635607e-11, 1.210614681418365e-11, 1.2039584607048681e-11], "lowlevel.mfcc.mean": [-705.319580078125, 151.69444274902344, 33.53395462036133, 13.682106971740723, 11.194366455078125, -29.436084747314453, -19.27557373046875, 7.162172794342041, -8.406244277954102, 5.603087902069092, -0.6684536933898926, -1.7964531183242798, -6.069897174835205], "lowlevel.spectral_contrast_coeffs.mean": [-0.6259419918060303, -0.7071298956871033, -0.723717987537384, -0.8096300959587097, -0.7524368166923523, -0.7876858711242676], "lowlevel.spectral_contrast_coeffs.stdev": [0.12446999549865723, 0.06481384485960007, 0.06762656569480896, 0.06536510586738586, 0.07743273675441742, 0.05419810861349106], "lowlevel.spectral_contrast_valleys.mean": [-7.153832912445068, -6.409891605377197, -7.996434688568115, -8.422966003417969, -8.760214805603027, -11.041055679321289], "lowlevel.spectral_contrast_valleys.stdev": [0.8371033072471619, 0.5985298156738281, 1.0237385034561157, 1.147286295890808, 1.3873242139816284, 1.52925443649292], "rhythm.beats_loudness_band_ratio.mean": [0.48629650473594666, 0.2711412012577057, 0.12581969797611237, 0.06518905609846115, 0.033189769834280014, 0.04650464281439781], "rhythm.beats_loudness_band_ratio.stdev": [0.4388849437236786, 0.2800680994987488, 0.13001133501529694, 0.1343579739332199, 0.055304862558841705, 0.10295651108026505], "tonal.hpcp.mean": [0.020889874547719955, 0.01619275100529194, 0.0353257991373539, 0.21463622152805328, 0.298742413520813, 0.13951429724693298, 0.044903215020895004, 0.03683321177959442, 0.030183564871549606, 0.03340057283639908, 0.03881699591875076, 0.03728680685162544, 0.03737417981028557, 0.029431186616420746, 0.019165214151144028, 0.02031771093606949, 0.03078673593699932, 0.048485685139894485, 0.37995097041130066, 0.6492821574211121, 0.32498815655708313, 0.033238936215639114, 0.01971389353275299, 0.021686317399144173, 0.2440793365240097, 0.4246695637702942, 0.20142917335033417, 0.01891223154962063, 0.020739194005727768, 0.06992551684379578, 0.19553764164447784, 0.1540178656578064, 0.029820123687386513, 0.03483859822154045, 0.032179880887269974, 0.02195652388036251], "tonal.hpcp.stdev": [0.0800488144159317, 0.06968430429697037, 0.09965921938419342, 0.3020343482494354, 0.324015349149704, 0.20625454187393188, 0.14737685024738312, 0.13456439971923828, 0.11026676744222641, 0.11514322459697723, 0.13284628093242645, 0.1021614819765091, 0.09436247497797012, 0.08349289000034332, 0.07733434438705444, 0.06343630701303482, 0.11022429913282394, 0.14103426039218903, 0.2854173183441162, 0.38369742035865784, 0.2841072380542755, 0.10729662328958511, 0.08722022920846939, 0.09300032258033752, 0.26571351289749146, 0.4295133650302887, 0.22806838154792786, 0.07550384849309921, 0.08133003860712051, 0.1284063309431076, 0.26541516184806824, 0.21285048127174377, 0.09011087566614151, 0.11682331562042236, 0.11560475826263428, 0.08352503180503845], "rhythm.beats_position": [0.4643990993499756, 0.9404081702232361, 1.4164172410964966, 1.8924262523651123, 2.3800454139709473, 2.8560543060302734, 3.320453405380249, 3.7964625358581543, 4.2724714279174805, 4.748480796813965, 5.224489688873291, 5.6888885498046875, 6.153287887573242, 6.617686748504639, 7.105306148529053, 7.592925071716309, 8.080544471740723, 8.56816291809082, 9.044172286987305, 9.531790733337402, 10.007800102233887, 10.483809471130371, 10.948208808898926, 11.412607192993164, 11.888616561889648, 12.376235961914062, 12.8406343460083, 13.305033683776855, 13.78104305267334, 14.268661499023438, 14.767890930175781, 15.232290267944336, 15.696688652038574, 16.184309005737305, 16.671926498413086, 17.14793586730957, 17.635555267333984, 18.1231746673584, 18.575963973999023, 19.040363311767578, 19.51637077331543, 19.992380142211914, 20.479999542236328, 20.967618942260742, 21.432018280029297, 21.90802764892578, 22.384035110473633, 22.860044479370117, 23.3360538482666, 23.812063217163086, 24.28807258605957, 24.775691986083984, 25.263309478759766, 25.73931884765625, 26.215328216552734, 26.69133758544922, 27.178956985473633, 27.643356323242188, 28.11936378479004, 28.583763122558594, 29.071382522583008, 29.559001922607422], "rhythm.bpm_histogram": [0.0, 0.0, 0.0, 0.0, 0.0, 0.0, 0.0, 0.0, 0.0, 0.0, 0.0, 0.0, 0.0, 0.0, 0.0, 0.0, 0.0, 0.0, 0.0, 0.0, 0.0, 0.0, 0.0, 0.0, 0.0, 0.0, 0.0, 0.0, 0.0, 0.0, 0.0, 0.0, 0.0, 0.0, 0.0, 0.0, 0.0, 0.0, 0.0, 0.0, 0.0, 0.0, 0.0, 0.0, 0.0, 0.0, 0.0, 0.0, 0.0, 0.0, 0.0, 0.0, 0.0, 0.0, 0.0, 0.0, 0.0, 0.0, 0.0, 0.0, 0.0, 0.0, 0.0, 0.0, 0.0, 0.0, 0.0, 0.0, 0.0, 0.0, 0.0, 0.0, 0.0, 0.0, 0.0, 0.0, 0.0, 0.0, 0.0, 0.0, 0.0, 0.0, 0.0, 0.0, 0.0, 0.0, 0.0, 0.0, 0.0, 0.0, 0.0, 0.0, 0.0, 0.0, 0.0, 0.0, 0.0, 0.0, 0.0, 0.0, 0.0, 0.0, 0.0, 0.0, 0.0, 0.0, 0.0, 0.0, 0.0, 0.0, 0.0, 0.0, 0.0, 0.0, 0.0, 0.0, 0.0, 0.0, 0.0, 0.0, 0.016393441706895828, 0.0, 0.0, 0.31147539615631104, 0.0, 0.0, 0.4262295067310333, 0.0, 0.0, 0.2295081913471222, 0.0, 0.0, 0.0, 0.016393441706895828, 0.0, 0.0, 0.0, 0.0, 0.0, 0.0, 0.0, 0.0, 0.0, 0.0, 0.0, 0.0, 0.0, 0.0, 0.0, 0.0, 0.0, 0.0, 0.0, 0.0, 0.0, 0.0, 0.0, 0.0, 0.0, 0.0, 0.0, 0.0, 0.0, 0.0, 0.0, 0.0, 0.0, 0.0, 0.0, 0.0, 0.0, 0.0, 0.0, 0.0, 0.0, 0.0, 0.0, 0.0, 0.0, 0.0, 0.0, 0.0, 0.0, 0.0, 0.0, 0.0, 0.0, 0.0, 0.0, 0.0, 0.0, 0.0, 0.0, 0.0, 0.0, 0.0, 0.0, 0.0, 0.0, 0.0, 0.0, 0.0, 0.0, 0.0, 0.0, 0.0, 0.0, 0.0, 0.0, 0.0, 0.0, 0.0, 0.0, 0.0, 0.0, 0.0, 0.0, 0.0, 0.0, 0.0, 0.0, 0.0, 0.0, 0.0, 0.0, 0.0, 0.0, 0.0, 0.0, 0.0, 0.0, 0.0, 0.0, 0.0, 0.0, 0.0, 0.0, 0.0, 0.0, 0.0, 0.0, 0.0, 0.0, 0.0, 0.0, 0.0, 0.0, 0.0, 0.0, 0.0], "tonal.chords_histogram": [14.197530746459961, 0.0, 21.604938507080078, 0.0, 0.0, 0.0, 0.0, 0.0, 0.0, 0.0, 0.0, 0.0, 0.0, 0.0, 0.0, 0.0, 0.0, 4.938271522521973, 0.0, 52.77777862548828, 0.0, 2.314814805984497, 2.932098865509033, 1.2345678806304932], "tonal.thpcp": [1.0, 0.5005345344543457, 0.05119336023926735, 0.030362598598003387, 0.03340045362710953, 0.3759218156337738, 0.6540601253509521, 0.3102336525917053, 0.029127908870577812, 0.0319417268037796, 0.10769665241241455, 0.30115973949432373, 0.23721253871917725, 0.04592783376574516, 0.05365709960460663, 0.0495622456073761, 0.033816613256931305, 0.032173801213502884, 0.024939466267824173, 0.05440746992826462, 0.3305746614933014, 0.4601118564605713, 0.21487468481063843, 0.06915824860334396, 0.05672913044691086, 0.04648759216070175, 0.051442306488752365, 0.059784479439258575, 0.05742774158716202, 0.05756231024861336, 0.04532880708575249, 0.02951754257082939, 0.03129257634282112, 0.047416575253009796, 0.07467582821846008, 0.585186243057251], "lowlevel.gfcc.cov": [[6952.88037109375, -3514.45703125, -1790.88427734375, 1084.8154296875, -316.0516662597656, 473.3973693847656, -896.6041259765625, 178.13763427734375, -745.322998046875, 348.4984436035156, -289.0284729003906, 192.53492736816406, -440.02685546875], [-3514.45703125, 3197.751953125, 585.7198486328125, -761.4216918945312, 961.8441162109375, -87.86363983154297, 721.3364868164062, 95.63240051269531, 618.773193359375, -288.8404846191406, 498.5709533691406, -137.9180145263672, 303.2933654785156], [-1790.88427734375, 585.7198486328125, 1994.105712890625, 303.8053283691406, 117.01358795166016, 309.0467224121094, 712.4882202148438, 204.1345672607422, 654.3511962890625, 284.88555908203125, 188.08428955078125, 180.89927673339844, 267.8512268066406], [1084.8154296875, -761.4216918945312, 303.8053283691406, 1056.32080078125, 314.46173095703125, 304.67779541015625, 206.56727600097656, 306.5567626953125, 391.5971984863281, 369.2281799316406, 113.55030059814453, 179.401123046875, 134.78199768066406], [-316.0516662597656, 961.8441162109375, 117.01358795166016, 314.46173095703125, 1264.550048828125, 509.7299499511719, 480.51226806640625, 472.12890625, 610.2513427734375, 197.57138061523438, 471.85369873046875, 98.63954162597656, 234.99307250976562], [473.3973693847656, -87.86363983154297, 309.0467224121094, 304.67779541015625, 509.7299499511719, 661.7826538085938, 367.4101867675781, 278.3426513671875, 321.51812744140625, 247.39892578125, 260.8936767578125, 161.47471618652344, 87.78648376464844], [-896.6041259765625, 721.3364868164062, 712.4882202148438, 206.56727600097656, 480.51226806640625, 367.4101867675781, 872.2520141601562, 288.04461669921875, 413.5767822265625, 207.82357788085938, 349.9379577636719, 183.3313751220703, 227.06565856933594], [178.13763427734375, 95.63240051269531, 204.1345672607422, 306.5567626953125, 472.12890625, 278.3426513671875, 288.04461669921875, 400.1656188964844, 286.9939270019531, 155.02207946777344, 225.45437622070312, 113.59455871582031, 123.5567626953125], [-745.322998046875, 618.773193359375, 654.3511962890625, 391.5971984863281, 610.2513427734375, 321.51812744140625, 413.5767822265625, 286.9939270019531, 747.3482666015625, 228.8573760986328, 287.31976318359375, 99.92090606689453, 226.46142578125], [348.4984436035156, -288.8404846191406, 284.88555908203125, 369.2281799316406, 197.57138061523438, 247.39892578125, 207.82357788085938, 155.02207946777344, 228.8573760986328, 314.5642395019531, 104.33821105957031, 91.43012237548828, 86.02793884277344], [-289.0284729003906, 498.5709533691406, 188.08428955078125, 113.55030059814453, 471.85369873046875, 260.8936767578125, 349.9379577636719, 225.45437622070312, 287.31976318359375, 104.33821105957031, 349.1820068359375, 104.4823226928711, 100.4217300415039], [192.53492736816406, -137.9180145263672, 180.89927673339844, 179.401123046875, 98.63954162597656, 161.47471618652344, 183.3313751220703, 113.59455871582031, 99.92090606689453, 91.43012237548828, 104.4823226928711, 184.02664184570312, 45.65901184082031], [-440.02685546875, 303.2933654785156, 267.8512268066406, 134.78199768066406, 234.99307250976562, 87.78648376464844, 227.06565856933594, 123.5567626953125, 226.46142578125, 86.02793884277344, 100.4217300415039, 45.65901184082031, 199.95176696777344]], "lowlevel.gfcc.icov": [[0.0007133770268410444, 8.030828757910058e-05, 0.0005309427506290376, -0.0006562130292877555, 0.0002097673568641767, -0.0007849273970350623, 0.00048028695164248347, -0.0005539943231269717, 0.0005839320365339518, -0.0005199958104640245, 0.00021437396935652941, -0.00046666411799378693, 0.0006354584475047886], [8.030828757910058e-05, 0.004013326019048691, -0.0007531782030127943, 0.0024735978804528713, -0.003121392335742712, 0.0027103470638394356, -0.0024132889229804277, 0.0022569564171135426, -0.0020933032501488924, 0.0036507791373878717, -0.002755447058007121, 0.002740229945629835, -0.0011866542045027018], [0.0005309427506290376, -0.0007531782030127943, 0.0017459819791838527, -0.0007668015314266086, 0.0015948726795613766, -0.0013439327012747526, 0.00012886154581792653, -0.0010693272342905402, -0.0003474630357231945, -0.0013745740288868546, 0.0011541966814547777, -0.001110100420191884, 0.0003777247038669884], [-0.0006562130292877555, 0.0024735978804528713, -0.0007668015314266086, 0.004370731767266989, -0.0020728514064103365, 0.002669562818482518, -0.00176019046921283, 0.0009703004616312683, -0.0027594713028520346, 0.0009115691646002233, -0.0010094392346218228, 0.0009282754035666585, -0.0014236419228836894], [0.0002097673568641767, -0.003121392335742712, 0.0015948726795613766, -0.0020728514064103365, 0.005708592012524605, -0.003484038868919015, 0.0019846190698444843, -0.00345963379368186, 0.0003702678077388555, -0.002635657088831067, 0.0004002886707894504, -0.001047791913151741, -8.541157149011269e-05], [-0.0007849273970350623, 0.0027103470638394356, -0.0013439327012747526, 0.002669562818482518, -0.003484038868919015, 0.006269639823585749, -0.0025575177278369665, 0.0018954738043248653, -0.0020780826453119516, 0.0014569342602044344, -0.0023097225930541754, 0.0010602065594866872, -0.00011796015314757824], [0.00048028695164248347, -0.0024132889229804277, 0.00012886154581792653, -0.00176019046921283, 0.0019846190698444843, -0.0025575177278369665, 0.005012666340917349, -0.0019090106943622231, 0.0022460301406681538, -0.003015947761014104, -0.00016185117419809103, -0.002861411776393652, -0.0005024729180149734], [-0.0005539943231269717, 0.0022569564171135426, -0.0010693272342905402, 0.0009703004616312683, -0.00345963379368186, 0.0018954738043248653, -0.0019090106943622231, 0.00793805718421936, -0.0012237770715728402, 0.0026127523742616177, -0.002925275592133403, 0.00106289132963866, -0.001879394520074129], [0.0005839320365339518, -0.0020933032501488924, -0.0003474630357231945, -0.0027594713028520346, 0.0003702678077388555, -0.0020780826453119516, 0.0022460301406681538, -0.0012237770715728402, 0.006152465473860502, -0.002675354713574052, 0.0002892661723308265, -0.0011219485895708203, -0.00023760447220411152], [-0.0005199958104640245, 0.0036507791373878717, -0.0013745740288868546, 0.0009115691646002233, -0.002635657088831067, 0.0014569342602044344, -0.003015947761014104, 0.0026127523742616177, -0.002675354713574052, 0.011006785556674004, -0.0028613603208214045, 0.003433012403547764, -0.002239168854430318], [0.00021437396935652941, -0.002755447058007121, 0.0011541966814547777, -0.0010094392346218228, 0.0004002886707894504, -0.0023097225930541754, -0.00016185117419809103, -0.002925275592133403, 0.0002892661723308265, -0.0028613603208214045, 0.011069785803556442, -0.004340089857578278, 0.002655603690072894], [-0.00046666411799378693, 0.002740229945629835, -0.001110100420191884, 0.0009282754035666585, -0.001047791913151741, 0.0010602065594866872, -0.002861411776393652, 0.00106289132963866, -0.0011219485895708203, 0.003433012403547764, -0.004340089857578278, 0.011772108264267445, -0.00167829857673496], [0.0006354584475047886, -0.0011866542045027018, 0.0003777247038669884, -0.0014236419228836894, -8.541157149011269e-05, -0.00011796015314757824, -0.0005024729180149734, -0.001879394520074129, -0.00023760447220411152, -0.002239168854430318, 0.002655603690072894, -0.00167829857673496, 0.01081936713308096]], "lowlevel.mfcc.cov": [[8377.32421875, -4245.837890625, -1736.0546875, -4.53390645980835, 162.66542053222656, -25.50588607788086, 22.947032928466797, -340.0654296875, -435.12890625, -272.59710693359375, -297.7164611816406, -78.2681884765625, -150.67726135253906], [-4245.837890625, 3731.895263671875, -62.35254669189453, -300.1056213378906, 317.2771301269531, -57.118896484375, 291.05908203125, 453.0968933105469, 115.41876220703125, 223.58322143554688, 221.8482666015625, 94.93592071533203, 106.17394256591797], [-1736.0546875, -62.35254669189453, 1816.24072265625, 281.5418395996094, -290.42144775390625, 310.2349548339844, -85.42979431152344, 67.41659545898438, 321.9249267578125, 137.36587524414062, 181.0040740966797, 142.23361206054688, 182.775390625], [-4.53390645980835, -300.1056213378906, 281.5418395996094, 729.3475952148438, 150.1911163330078, 163.1479949951172, 21.956817626953125, 111.9658432006836, 290.914306640625, 204.55441284179688, 139.55532836914062, 164.25718688964844, 196.20994567871094], [162.66542053222656, 317.2771301269531, -290.42144775390625, 150.1911163330078, 885.0220336914062, 182.9851531982422, 104.49211883544922, 284.41241455078125, 206.82249450683594, 379.51416015625, 192.7776641845703, 175.1573944091797, 198.29335021972656], [-25.50588607788086, -57.118896484375, 310.2349548339844, 163.1479949951172, 182.9851531982422, 514.4328002929688, 190.4167938232422, 190.97756958007812, 245.90687561035156, 224.4702911376953, 231.49835205078125, 199.66854858398438, 174.8254852294922], [22.947032928466797, 291.05908203125, -85.42979431152344, 21.956817626953125, 104.49211883544922, 190.4167938232422, 534.415283203125, 269.87030029296875, 131.3535614013672, 117.21265411376953, 147.7265625, 184.5746612548828, 154.437255859375], [-340.0654296875, 453.0968933105469, 67.41659545898438, 111.9658432006836, 284.41241455078125, 190.97756958007812, 269.87030029296875, 482.1459655761719, 152.3782501220703, 197.38739013671875, 210.91433715820312, 174.4695281982422, 229.50048828125], [-435.12890625, 115.41876220703125, 321.9249267578125, 290.914306640625, 206.82249450683594, 245.90687561035156, 131.3535614013672, 152.3782501220703, 414.4400634765625, 232.87445068359375, 158.78834533691406, 175.5089569091797, 163.1034393310547], [-272.59710693359375, 223.58322143554688, 137.36587524414062, 204.55441284179688, 379.51416015625, 224.4702911376953, 117.21265411376953, 197.38739013671875, 232.87445068359375, 370.9790954589844, 212.5114288330078, 174.4482421875, 167.01235961914062], [-297.7164611816406, 221.8482666015625, 181.0040740966797, 139.55532836914062, 192.7776641845703, 231.49835205078125, 147.7265625, 210.91433715820312, 158.78834533691406, 212.5114288330078, 281.97589111328125, 164.89364624023438, 149.09156799316406], [-78.2681884765625, 94.93592071533203, 142.23361206054688, 164.25718688964844, 175.1573944091797, 199.66854858398438, 184.5746612548828, 174.4695281982422, 175.5089569091797, 174.4482421875, 164.89364624023438, 246.3971405029297, 174.85086059570312], [-150.67726135253906, 106.17394256591797, 182.775390625, 196.20994567871094, 198.29335021972656, 174.8254852294922, 154.437255859375, 229.50048828125, 163.1034393310547, 167.01235961914062, 149.09156799316406, 174.85086059570312, 273.5252990722656]], "lowlevel.mfcc.icov": [[0.0007023278158158064, 0.0008649509400129318, 0.0006358032114803791, 0.00015280948719009757, -0.00018071822705678642, -0.00015489509678445756, -0.00021588454546872526, -0.0001638891699258238, 0.0003024972975254059, 4.8647776566213e-05, 5.71362252230756e-05, -0.00030856599914841354, -3.78863733203616e-05], [0.0008649509400129318, 0.0014328532852232456, 0.0007692922954447567, 0.0004680581914726645, -0.00021250943245831877, 0.00015442278527189046, -0.0003204978711437434, -0.0005299210315570235, 0.00015237965271808207, -0.00012066597992088646, -0.00018608648679219186, -0.0003187233814969659, 3.9409664168488234e-05], [0.0006358032114803791, 0.0007692922954447567, 0.001590545056387782, 0.0002548770571593195, 0.0007256553508341312, -0.00045552567462436855, 0.0005082595744170249, -0.00026825873646885157, -0.00041891151340678334, -0.00036419203388504684, -0.00019008292292710394, -0.00034261884866282344, -0.000696045346558094], [0.00015280948719009757, 0.0004680581914726645, 0.0002548770571593195, 0.0024889600463211536, 0.000331015617121011, 0.00047049898421391845, 0.0005415697814896703, -8.714111754670739e-05, -0.0013967626728117466, -0.0005843410617671907, -0.00032976470538415015, -0.0004307687049731612, -0.0011818039929494262], [-0.00018071822705678642, -0.00021250943245831877, 0.0007256553508341312, 0.000331015617121011, 0.0030727034900337458, -2.867734474421013e-05, 0.0010235222289338708, -0.0008360765059478581, -0.0006111916736699641, -0.0028442798648029566, 0.00038319581653922796, -0.0001762227329891175, -0.0008201142773032188], [-0.00015489509678445756, 0.00015442278527189046, -0.00045552567462436855, 0.00047049898421391845, -2.867734474421013e-05, 0.004199258517473936, -0.0004903594381175935, 4.903984518023208e-05, -0.0011982157593593001, -0.00042900544940494, -0.002000882988795638, -0.0006052683456800878, -0.0001518672361271456], [-0.00021588454546872526, -0.0003204978711437434, 0.0005082595744170249, 0.0005415697814896703, 0.0010235222289338708, -0.0004903594381175935, 0.0037746967282146215, -0.0014525788137689233, -0.0008381266379728913, -0.00010142684186575934, 5.7028275477932766e-05, -0.00184899871237576, -0.0003511128597892821], [-0.0001638891699258238, -0.0005299210315570235, -0.00026825873646885157, -8.714111754670739e-05, -0.0008360765059478581, 4.903984518023208e-05, -0.0014525788137689233, 0.005274355411529541, 0.0002625376218929887, 0.0005020811222493649, -0.001783111598342657, 0.00084178417455405, -0.0027026229072362185], [0.0003024972975254059, 0.00015237965271808207, -0.00041891151340678334, -0.0013967626728117466, -0.0006111916736699641, -0.0011982157593593001, -0.0008381266379728913, 0.0002625376218929887, 0.005899759009480476, -0.0013754016254097223, 0.0009574922733008862, -0.0010324368486180902, 0.00031109401606954634], [4.8647776566213e-05, -0.00012066597992088646, -0.00036419203388504684, -0.0005843410617671907, -0