{"song_id": "1182270517051396096", "download": "https://cdn.discordapp.com/attachments/1135903449314238464/1182270517051396096/chirp.mp4?ex=65841638&amp", "lyrics": "\u05d9\u05d5\u05dd \u05d4\u05d5\u05dc\u05d3\u05ea \u05e9\u05de\u05d7\n\u05dc\u05d0\u05dc\u05d9\u05df \u05d5\u05d9\u05d5\u05d1\u05dc\n\u05de\u05d6\u05dc \u05d8\u05d5\u05d1 \u05de\u05db\u05dc \u05d4\u05db\u05d9\u05ea\u05d4, \n\u05e1\u05d5\u05e4\u05d2\u05e0\u05d9\u05ea \u05d4\u05e1\u05d5\u05db\u05d4 \n\u05d7\u05e8\u05d8\u05d4 \u05e9\u05de\u05d7 \n\u05de\u05d4 \u05e0\u05e7\u05e0\u05d4 \u05dc\u05d5 \u05de\u05ea\u05e0\u05d4 \n\u05e9\u05d5\u05dd \u05d3\u05d1\u05e8", "style": ["rap"], "essentia_features": {"lowlevel.average_loudness": 0.9766724109649658, "lowlevel.barkbands_crest.mean": 16.82476234436035, "lowlevel.barkbands_crest.stdev": 6.116642951965332, "lowlevel.barkbands_flatness_db.mean": 0.35699012875556946, "lowlevel.barkbands_flatness_db.stdev": 0.13765907287597656, "lowlevel.barkbands_kurtosis.mean": 32.464012145996094, "lowlevel.barkbands_kurtosis.stdev": 58.5189323425293, "lowlevel.barkbands_skewness.mean": 2.260928153991699, "lowlevel.barkbands_skewness.stdev": 3.4566776752471924, "lowlevel.barkbands_spread.mean": 6.421570777893066, "lowlevel.barkbands_spread.stdev": 10.920319557189941, "lowlevel.dissonance.mean": 0.3784036636352539, "lowlevel.dissonance.stdev": 0.07876577973365784, "lowlevel.dynamic_complexity": 2.705857276916504, "lowlevel.erbbands_crest.mean": 18.9843692779541, "lowlevel.erbbands_crest.stdev": 7.288435459136963, "lowlevel.erbbands_flatness_db.mean": 0.3612724542617798, "lowlevel.erbbands_flatness_db.stdev": 0.12307239323854446, "lowlevel.erbbands_kurtosis.mean": 13.21671199798584, "lowlevel.erbbands_kurtosis.stdev": 23.84657096862793, "lowlevel.erbbands_skewness.mean": 1.456650972366333, "lowlevel.erbbands_skewness.stdev": 1.782487392425537, "lowlevel.erbbands_spread.mean": 13.898974418640137, "lowlevel.erbbands_spread.stdev": 17.91497802734375, "lowlevel.hfc.mean": 13.272918701171875, "lowlevel.hfc.stdev": 14.707147598266602, "lowlevel.loudness_ebu128.integrated": -13.126092910766602, "lowlevel.loudness_ebu128.loudness_range": 1.1726102828979492, "lowlevel.loudness_ebu128.momentary.mean": -13.842395782470703, "lowlevel.loudness_ebu128.momentary.stdev": 2.7735891342163086, "lowlevel.loudness_ebu128.short_term.mean": -13.222919464111328, "lowlevel.loudness_ebu128.short_term.stdev": 0.4152756631374359, "lowlevel.melbands_crest.mean": 21.70850372314453, "lowlevel.melbands_crest.stdev": 7.513835906982422, "lowlevel.melbands_flatness_db.mean": 0.4110494554042816, "lowlevel.melbands_flatness_db.stdev": 0.17379429936408997, "lowlevel.melbands_kurtosis.mean": 25.646501541137695, "lowlevel.melbands_kurtosis.stdev": 40.82105255126953, "lowlevel.melbands_skewness.mean": 2.01434326171875, "lowlevel.melbands_skewness.stdev": 2.7933058738708496, "lowlevel.melbands_spread.mean": 9.06947135925293, "lowlevel.melbands_spread.stdev": 16.84554100036621, "lowlevel.pitch_salience.mean": 0.439590185880661, "lowlevel.pitch_salience.stdev": 0.2012791633605957, "lowlevel.silence_rate_20dB.mean": 1.0, "lowlevel.silence_rate_20dB.stdev": 0.0, "lowlevel.silence_rate_30dB.mean": 0.8451817035675049, "lowlevel.silence_rate_30dB.stdev": 0.36173197627067566, "lowlevel.silence_rate_60dB.mean": 0.07424960285425186, "lowlevel.silence_rate_60dB.stdev": 0.2621755599975586, "lowlevel.spectral_centroid.mean": 769.2722778320312, "lowlevel.spectral_centroid.stdev": 708.0684204101562, "lowlevel.spectral_complexity.mean": 7.9826226234436035, "lowlevel.spectral_complexity.stdev": 7.888916969299316, "lowlevel.spectral_decrease.mean": -1.211498545927725e-08, "lowlevel.spectral_decrease.stdev": 2.097541695889049e-08, "lowlevel.spectral_energy.mean": 0.046928588300943375, "lowlevel.spectral_energy.stdev": 0.07964165508747101, "lowlevel.spectral_energyband_high.mean": 0.00040049871313385665, "lowlevel.spectral_energyband_high.stdev": 0.0015302915126085281, "lowlevel.spectral_energyband_low.mean": 0.033002473413944244, "lowlevel.spectral_energyband_low.stdev": 0.07909305393695831, "lowlevel.spectral_energyband_middle_high.mean": 0.0014094848884269595, "lowlevel.spectral_energyband_middle_high.stdev": 0.0027198700699955225, "lowlevel.spectral_energyband_middle_low.mean": 0.01442529447376728, "lowlevel.spectral_energyband_middle_low.stdev": 0.021752305328845978, "lowlevel.spectral_entropy.mean": 6.047547817230225, "lowlevel.spectral_entropy.stdev": 1.1731390953063965, "lowlevel.spectral_flux.mean": 0.10777358710765839, "lowlevel.spectral_flux.stdev": 0.12895157933235168, "lowlevel.spectral_kurtosis.mean": 44.722999572753906, "lowlevel.spectral_kurtosis.stdev": 48.779762268066406, "lowlevel.spectral_rms.mean": 0.005180390551686287, "lowlevel.spectral_rms.stdev": 0.00435287831351161, "lowlevel.spectral_rolloff.mean": 1108.2642822265625, "lowlevel.spectral_rolloff.stdev": 1912.5770263671875, "lowlevel.spectral_skewness.mean": 4.5712199211120605, "lowlevel.spectral_skewness.stdev": 2.9792733192443848, "lowlevel.spectral_spread.mean": 2976654.25, "lowlevel.spectral_spread.stdev": 2845168.25, "lowlevel.spectral_strongpeak.mean": 1.614297866821289, "lowlevel.spectral_strongpeak.stdev": 0.8511175513267517, "lowlevel.zerocrossingrate.mean": 0.04294406622648239, "lowlevel.zerocrossingrate.stdev": 0.06168713793158531, "metadata.audio_properties.analysis.equal_loudness": 0.0, "metadata.audio_properties.analysis.length": 14.655986785888672, "metadata.audio_properties.analysis.sample_rate": 44100.0, "metadata.audio_properties.analysis.start_time": 0.0, "metadata.audio_properties.bit_rate": 109046.0, "metadata.audio_properties.length": 14.656000137329102, "metadata.audio_properties.lossless": 0.0, "metadata.audio_properties.number_channels": 1.0, "metadata.audio_properties.replay_gain": -13.13827133178711, "metadata.audio_properties.sample_rate": 48000.0, "rhythm.beats_count": 27.0, "rhythm.beats_loudness.mean": 0.08028623461723328, "rhythm.beats_loudness.stdev": 0.09923923015594482, "rhythm.bpm": 115.88778686523438, "rhythm.bpm_histogram_first_peak_bpm": 115.0, "rhythm.bpm_histogram_first_peak_weight": 0.3999999761581421, "rhythm.bpm_histogram_second_peak_bpm": 103.0, "rhythm.bpm_histogram_second_peak_spread": 0.0, "rhythm.bpm_histogram_second_peak_weight": 0.03846153989434242, "rhythm.danceability": 2.4104294776916504, "rhythm.onset_rate": 4.838156223297119, "tonal.chords_changes_rate": 0.06309147924184799, "tonal.chords_number_rate": 0.015772869810461998, "tonal.chords_strength.mean": 0.47153717279434204, "tonal.chords_strength.stdev": 0.06198750436306, "tonal.hpcp_crest.mean": 16.163454055786133, "tonal.hpcp_crest.stdev": 7.570589542388916, "tonal.hpcp_entropy.mean": 1.5516903400421143, "tonal.hpcp_entropy.stdev": 0.7101181149482727, "tonal.key_edma.strength": 0.6499782800674438, "tonal.key_krumhansl.strength": 0.6320857405662537, "tonal.key_temperley.strength": 0.6381723880767822, "tonal.tuning_diatonic_strength": 0.5486394762992859, "tonal.tuning_equal_tempered_deviation": 0.10482259839773178, "tonal.tuning_frequency": 437.9714660644531, "tonal.tuning_nontempered_energy_ratio": 0.7029505968093872, "lowlevel.barkbands.mean": [0.00017407273116987199, 0.02452847547829151, 0.006114044692367315, 0.0034534712322056293, 0.0019756807014346123, 0.0010536829940974712, 0.000941192265599966, 0.002111733891069889, 0.004580543842166662, 0.0005257090670056641, 0.00023164492449723184, 0.0002138856943929568, 0.00017557521641720086, 0.00010817822476383299, 7.761706365272403e-05, 6.611665594391525e-05, 6.774090434191748e-05, 4.583372356137261e-05, 5.514836811926216e-05, 7.96323802205734e-05, 9.71343761193566e-05, 7.832568371668458e-05, 8.838176290737465e-05, 5.7459023082628846e-05, 2.2918318791198544e-05, 4.422812253324082e-06, 1.1958514178900259e-08], "lowlevel.barkbands.stdev": [0.0005696422886103392, 0.06834883242845535, 0.024993479251861572, 0.01463099755346775, 0.0049524325877428055, 0.0027329272124916315, 0.0021712437737733126, 0.0042672534473240376, 0.004947499837726355, 0.0010653745848685503, 0.0005038197850808501, 0.0006776739610359073, 0.0005368891288526356, 0.0002947553002741188, 0.0003044932382181287, 0.0003123207134194672, 0.0002468198072165251, 0.00023753703862894326, 0.0003198891645297408, 0.00042058195685967803, 0.0004883850342594087, 0.0003328778257127851, 0.00033965936745516956, 0.0002515725209377706, 0.00011153279046993703, 2.0136818420724012e-05, 9.430862490944492e-08], "lowlevel.erbbands.mean": [0.5611842274665833, 5.9586076736450195, 8.100168228149414, 10.754465103149414, 7.1500244140625, 6.437162399291992, 9.731584548950195, 8.258135795593262, 9.787817001342773, 42.0912971496582, 33.41524887084961, 124.91468048095703, 41.82213592529297, 10.175809860229492, 9.397836685180664, 8.811810493469238, 8.368476867675781, 6.199846267700195, 5.0733642578125, 3.1206624507904053, 4.097662448883057, 3.905738115310669, 2.6984963417053223, 2.5705883502960205, 2.862701654434204, 3.8229174613952637, 4.553260803222656, 3.1537981033325195, 2.9175848960876465, 2.777123212814331, 2.461775541305542, 1.3152716159820557, 0.9179697036743164, 0.3831413984298706, 0.10013723373413086, 0.02558642253279686, 0.008019727654755116, 0.0006482904427684844, 3.66287786164321e-05, 5.327819599187933e-05], "lowlevel.erbbands.stdev": [1.5916858911514282, 16.73123550415039, 25.990507125854492, 45.588016510009766, 27.926862716674805, 15.565753936767578, 22.729904174804688, 22.281190872192383, 24.140445709228516, 91.24813079833984, 63.846248626708984, 137.77426147460938, 48.23457336425781, 20.650609970092773, 18.266231536865234, 29.24688148498535, 26.36050796508789, 15.484589576721191, 16.839920043945312, 11.882201194763184, 20.378292083740234, 14.376466751098633, 13.746413230895996, 13.692121505737305, 16.50238800048828, 20.428428649902344, 23.97321128845215, 14.80382251739502, 12.573396682739258, 10.756453514099121, 9.731917381286621, 5.403916358947754, 4.486581325531006, 1.885870337486267, 0.4894423186779022, 0.11475453525781631, 0.03856717422604561, 0.0031924627255648375, 7.254180673044175e-05, 8.565625466872007e-05], "lowlevel.gfcc.mean": [-176.49815368652344, 134.04742431640625, -121.86285400390625, -29.955596923828125, -99.4083480834961, 3.2789976596832275, -9.33922004699707, -4.501994609832764, 3.1778483390808105, -12.194562911987305, -19.378250122070312, -15.481870651245117, -7.33504056930542], "lowlevel.melbands.mean": [0.006266410928219557, 0.0055645485408604145, 0.0017231212696060538, 0.000422928569605574, 0.0003508214431349188, 0.00018694873142521828, 0.00015662581427022815, 0.0004928649868816137, 0.0002568777126725763, 0.0008307311218231916, 0.0001765499619068578, 3.74366354662925e-05, 2.9968588933115825e-05, 2.5687733796075918e-05, 1.9965784304076806e-05, 1.7534242942929268e-05, 1.0546808880462777e-05, 8.371423064090777e-06, 5.303437774273334e-06, 3.593256906242459e-06, 5.047665581514593e-06, 4.182976681477157e-06, 3.0312789931485895e-06, 1.9919168607884785e-06, 2.077676754197455e-06, 2.081959792121779e-06, 2.021400177909527e-06, 2.684633273020154e-06, 2.9949158033559797e-06, 2.3348266040557064e-06, 1.6607908719379338e-06, 1.643367227188719e-06, 1.4873763802825124e-06, 1.5910505908323103e-06, 1.5488151348108659e-06, 1.0034963224825333e-06, 7.280069667103817e-07, 6.505771352749434e-07, 5.275027206153027e-07, 2.59410597891474e-07], "lowlevel.melbands.stdev": [0.01757218688726425, 0.014546692371368408, 0.007051557302474976, 0.001279541291296482, 0.0007600703975185752, 0.0004898652550764382, 0.00037411367520689964, 0.001062994822859764, 0.0005762896616943181, 0.0009157932945527136, 0.00022568403801415116, 8.660804451210424e-05, 6.098622179706581e-05, 6.664368265774101e-05, 7.093347812769935e-05, 5.3182546253083274e-05, 2.734502595558297e-05, 2.8099128030589782e-05, 2.2047173843020573e-05, 1.4108237337495666e-05, 2.7134887204738334e-05, 1.494297703175107e-05, 1.4835001820756588e-05, 1.0716153155954089e-05, 1.1206153430975974e-05, 1.3020539881836157e-05, 1.063287527358625e-05, 1.4653433026978746e-05, 1.6285557649098337e-05, 1.1913593880308326e-05, 7.899517186160665e-06, 7.098683454387356e-06, 6.289242719503818e-06, 6.1015275605313946e-06, 6.224512617336586e-06, 4.168074610788608e-06, 3.1588970159646124e-06, 3.0378359952010214e-06, 2.894795670727035e-06, 1.2702325875579845e-06], "lowlevel.melbands128.mean": [0.00016390607925131917, 0.0030067742336541414, 0.01039168518036604, 0.009711090475320816, 0.004908798728138208, 0.00295904534868896, 0.0023601027205586433, 0.0014554373919963837, 0.0006123330676928163, 0.00027701284852810204, 0.00034332022187300026, 0.0004523947718553245, 0.0003521977341733873, 0.00023938631056807935, 0.00018247199477627873, 0.00016659102402627468, 0.00013439683243632317, 0.00012322286784183234, 0.00021437203395180404, 0.0005439651431515813, 0.0006923897890374064, 0.00017170145292766392, 0.0002183121396228671, 0.000249486300162971, 0.0008850874728523195, 0.0012827784521505237, 0.00015071847883518785, 0.00013524685346055776, 6.480002775788307e-05, 3.124877912341617e-05, 3.493520125630312e-05, 3.234096220694482e-05, 2.300643245689571e-05, 3.799966361839324e-05, 2.5782928787521087e-05, 2.1076033590361476e-05, 2.632386349432636e-05, 1.8871185602620244e-05, 1.6803098333184607e-05, 2.0121275156270713e-05, 1.875445195764769e-05, 1.2058374522894155e-05, 1.1733309293049388e-05, 8.587612683186308e-06, 8.477119081362616e-06, 8.692770279594697e-06, 7.838794772396795e-06, 5.89418505114736e-06, 3.935110271413578e-06, 3.5603311516752e-06, 3.069899094043649e-06, 3.934575943276286e-06, 6.100802238506731e-06, 4.781593361258274e-06, 4.219005859340541e-06, 4.731550689029973e-06, 3.4783940918714507e-06, 3.4561446682346286e-06, 2.7604464776231907e-06, 2.4128592031047447e-06, 1.701734731796023e-06, 1.982094318009331e-06, 1.8895043467637151e-06, 2.2107471977506066e-06, 2.2667861685476964e-06, 1.8143176703233621e-06, 2.3593013338540914e-06, 1.8724766732702847e-06, 1.8681091660255333e-06, 2.2560689103556797e-06, 2.5252800242014928e-06, 3.125485818600282e-06, 2.963924089272041e-06, 3.1736353776068427e-06, 2.6405953121866332e-06, 2.7389537535782438e-06, 1.9968410924775526e-06, 1.6134869156303466e-06, 1.803611212380929e-06, 1.3776962077827193e-06, 1.626141283850302e-06, 1.8306258198208525e-06, 1.5973653262335574e-06, 1.4031928685653838e-06, 1.383967060064606e-06, 1.6037830619097804e-06, 1.6376021676478558e-06, 1.6337187389581231e-06, 1.6851980717547121e-06, 1.390238935528032e-06, 1.1093354714830639e-06, 9.188201488541381e-07, 7.718142001067463e-07, 7.111667059689353e-07, 7.378714599326486e-07, 6.095476123846311e-07, 6.025377956575539e-07, 7.547899372184474e-07, 5.680685717379674e-07, 4.1526052996232465e-07, 3.0697856345796026e-07, 2.3743720589664008e-07, 1.929849986481713e-07, 1.5118872909170022e-07, 9.172796922030102e-08, 7.031596993556377e-08, 7.139039581716133e-08, 4.5490843092466093e-08, 3.674681181564665e-08, 3.361249767408481e-08, 3.321601127481699e-08, 2.914199193071454e-08, 2.853590608253853e-08, 1.9704783582596974e-08, 1.2357507017668468e-08, 5.239714440108401e-09, 5.453015816669904e-10, 3.228105976971207e-11, 6.477049365599674e-12, 6.297173719971294e-12, 6.15006526608064e-12, 6.0331505416511e-12, 5.887959824563138e-12, 5.787348465041697e-12, 5.683618940072188e-12, 5.5720050969043644e-12, 5.5022635753188e-12, 5.469470362728934e-12], "lowlevel.melbands128.stdev": [0.0005528975161723793, 0.00892888754606247, 0.03062289208173752, 0.028052736073732376, 0.015285777859389782, 0.01263804454356432, 0.01057312823832035, 0.006006351672112942, 0.0025154645554721355, 0.0010039322078227997, 0.0008961057174019516, 0.0011216230923309922, 0.0009360522381030023, 0.0007988495635800064, 0.0006051244563423097, 0.0005877052317373455, 0.0004737241833936423, 0.00038962485268712044, 0.0005739189218729734, 0.0013708946062251925, 0.001568223349750042, 0.0004093593452125788, 0.0008719010511413217, 0.0007491937140002847, 0.0011044908314943314, 0.0014920018147677183, 0.0003253447648603469, 0.0003013806417584419, 0.00022159276704769582, 7.870713307056576e-05, 0.00010223142453469336, 9.525843051960692e-05, 6.168720574351028e-05, 8.918844832805917e-05, 6.014807149767876e-05, 8.191356755560264e-05, 0.0001231007627211511, 7.345787162194028e-05, 6.420617137337103e-05, 8.635294943815097e-05, 6.0520393162732944e-05, 3.9174930861918256e-05, 3.607735925470479e-05, 2.6819932827493176e-05, 3.132511119474657e-05, 3.47115274053067e-05, 3.470316369202919e-05, 3.0367997169378214e-05, 1.758944199536927e-05, 1.6857109585544094e-05, 1.2863008123531472e-05, 1.663736293266993e-05, 3.714183912961744e-05, 2.914827928179875e-05, 1.6505768144270405e-05, 1.837606578192208e-05, 1.355626682197908e-05, 1.9093131413683295e-05, 1.49041588883847e-05, 1.503282692283392e-05, 9.507417416898534e-06, 1.1502005690999795e-05, 1.056637120200321e-05, 1.2755970601574518e-05, 1.4022040886629838e-05, 1.3827807379129808e-05, 1.4885456948832143e-05, 1.0619892236718442e-05, 9.874846909951884e-06, 1.19615451694699e-05, 1.5182919923972804e-05, 1.8007191101787612e-05, 1.6462363419122994e-05, 1.8578677554614842e-05, 1.4227598512661643e-05, 1.6925932868616655e-05, 9.15717191674048e-06, 7.893900146882515e-06, 9.53793824010063e-06, 6.923869932506932e-06, 7.031398126855493e-06, 8.649696610518731e-06, 7.174262464104686e-06, 6.037944331183098e-06, 5.8333675951871555e-06, 6.863452654215507e-06, 6.298716471064836e-06, 6.6781453824660275e-06, 7.441722573275911e-06, 6.272636255744146e-06, 5.10787367602461e-06, 3.888874289259547e-06, 3.286964783910662e-06, 3.2824937079567462e-06, 3.760336767300032e-06, 2.784495563901146e-06, 2.81680831903941e-06, 5.357890131563181e-06, 3.204638687748229e-06, 2.0824570583499735e-06, 1.5322173112508608e-06, 1.2523762507044012e-06, 1.0666684602256282e-06, 8.913631290852209e-07, 4.6946462362029706e-07, 3.293358759037801e-07, 3.9090633663363406e-07, 2.34198878956704e-07, 1.7481734460034204e-07, 1.503518802792314e-07, 1.857757894185852e-07, 1.5641221295936703e-07, 1.5056441782235197e-07, 1.2339316413090273e-07, 8.028409581584128e-08, 2.951274780116364e-08, 3.547157678696067e-09, 3.2558708507046674e-10, 1.3866389807215551e-11, 1.3508459975608567e-11, 1.3201020138131625e-11, 1.2945072964953841e-11, 1.2656660441923151e-11, 1.2447398146930855e-11, 1.2269765932437782e-11, 1.2121225897998578e-11, 1.2017286471488475e-11, 1.195272786996826e-11], "lowlevel.mfcc.mean": [-816.6888427734375, 170.3383026123047, 14.780180931091309, -27.7240047454834, -48.0180549621582, -4.706592559814453, -19.554702758789062, 5.095770835876465, 10.482576370239258, 6.49599027633667, 1.9010748863220215, 0.6302577257156372, -5.737581729888916], "lowlevel.spectral_contrast_coeffs.mean": [-0.6686453223228455, -0.6766663789749146, -0.6978087425231934, -0.8195416331291199, -0.8340816497802734, -0.7617084383964539], "lowlevel.spectral_contrast_coeffs.stdev": [0.11895697563886642, 0.10341284424066544, 0.07629435509443283, 0.04711361601948738, 0.05099782347679138, 0.059959378093481064], "lowlevel.spectral_contrast_valleys.mean": [-8.834545135498047, -7.29356050491333, -8.133249282836914, -9.323521614074707, -10.01711368560791, -12.558694839477539], "lowlevel.spectral_contrast_valleys.stdev": [1.9905927181243896, 1.508053183555603, 1.481646180152893, 1.6888649463653564, 1.8200536966323853, 2.1499602794647217], "rhythm.beats_loudness_band_ratio.mean": [0.28742095828056335, 0.05732722952961922, 0.46745097637176514, 0.05299537628889084, 0.05069129168987274, 0.09648614376783371], "rhythm.beats_loudness_band_ratio.stdev": [0.4342378079891205, 0.1042967215180397, 0.3721221387386322, 0.06371533125638962, 0.08107375353574753, 0.1637825220823288], "tonal.hpcp.mean": [0.02652668207883835, 0.038167860358953476, 0.04224997013807297, 0.0503339059650898, 0.055688243359327316, 0.053382210433483124, 0.04850742220878601, 0.04944436624646187, 0.12359125912189484, 0.26490169763565063, 0.21721011400222778, 0.08212647587060928, 0.08177290111780167, 0.06984058767557144, 0.03998037427663803, 0.03257627412676811, 0.05011166259646416, 0.08699148148298264, 0.11562276631593704, 0.07181059569120407, 0.023042015731334686, 0.031678661704063416, 0.03825363516807556, 0.18734517693519592, 0.5408074855804443, 0.3951885998249054, 0.031164443120360374, 0.023775668814778328, 0.03478313609957695, 0.08588133007287979, 0.10569952428340912, 0.05173562094569206, 0.03362669423222542, 0.04677518829703331, 0.03793118894100189, 0.02461346611380577], "tonal.hpcp.stdev": [0.10801365226507187, 0.15014173090457916, 0.14855243265628815, 0.12899106740951538, 0.15361793339252472, 0.1653284877538681, 0.16502715647220612, 0.16175687313079834, 0.22645719349384308, 0.3625278174877167, 0.29664531350135803, 0.20399709045886993, 0.20743179321289062, 0.1936863213777542, 0.13105235993862152, 0.11470534652471542, 0.15564146637916565, 0.20908670127391815, 0.24506010115146637, 0.16888545453548431, 0.06166831776499748, 0.11539474874734879, 0.13659560680389404, 0.1985083967447281, 0.45375773310661316, 0.33951595425605774, 0.1081833690404892, 0.08765295147895813, 0.11772444099187851, 0.21076638996601105, 0.26315242052078247, 0.11751088500022888, 0.10314420610666275, 0.1371929943561554, 0.11107782274484634, 0.08192240446805954], "rhythm.beats_position": [0.5572788715362549, 1.1377778053283691, 1.6602267026901245, 2.18267560005188, 2.693514585494995, 3.2043535709381104, 3.7268025875091553, 4.249251842498779, 4.7600908279418945, 5.282539367675781, 5.804988384246826, 6.315827369689941, 6.826666355133057, 7.337505340576172, 7.859954357147217, 8.382403373718262, 8.904852867126465, 9.427301406860352, 9.938140869140625, 10.448979377746582, 10.971427917480469, 11.493877410888672, 12.004715919494629, 12.515555381774902, 13.038003921508789, 13.560453414916992, 14.082901954650879], "rhythm.bpm_histogram": [0.0, 0.0, 0.0, 0.0, 0.0, 0.0, 0.0, 0.0, 0.0, 0.0, 0.0, 0.0, 0.0, 0.0, 0.0, 0.0, 0.0, 0.0, 0.0, 0.0, 0.0, 0.0, 0.0, 0.0, 0.0, 0.0, 0.0, 0.0, 0.0, 0.0, 0.0, 0.0, 0.0, 0.0, 0.0, 0.0, 0.0, 0.0, 0.0, 0.0, 0.0, 0.0, 0.0, 0.0, 0.0, 0.0, 0.0, 0.0, 0.0, 0.0, 0.0, 0.0, 0.0, 0.0, 0.0, 0.0, 0.0, 0.0, 0.0, 0.0, 0.0, 0.0, 0.0, 0.0, 0.0, 0.0, 0.0, 0.0, 0.0, 0.0, 0.0, 0.0, 0.0, 0.0, 0.0, 0.0, 0.0, 0.0, 0.0, 0.0, 0.0, 0.0, 0.0, 0.0, 0.0, 0.0, 0.0, 0.0, 0.0, 0.0, 0.0, 0.0, 0.0, 0.0, 0.0, 0.0, 0.0, 0.0, 0.0, 0.0, 0.0, 0.0, 0.0, 0.03846153989434242, 0.0, 0.0, 0.0, 0.0, 0.0, 0.0, 0.0, 0.0, 0.0, 0.0, 0.0, 0.5769230723381042, 0.0, 0.38461539149284363, 0.0, 0.0, 0.0, 0.0, 0.0, 0.0, 0.0, 0.0, 0.0, 0.0, 0.0, 0.0, 0.0, 0.0, 0.0, 0.0, 0.0, 0.0, 0.0, 0.0, 0.0, 0.0, 0.0, 0.0, 0.0, 0.0, 0.0, 0.0, 0.0, 0.0, 0.0, 0.0, 0.0, 0.0, 0.0, 0.0, 0.0, 0.0, 0.0, 0.0, 0.0, 0.0, 0.0, 0.0, 0.0, 0.0, 0.0, 0.0, 0.0, 0.0, 0.0, 0.0, 0.0, 0.0, 0.0, 0.0, 0.0, 0.0, 0.0, 0.0, 0.0, 0.0, 0.0, 0.0, 0.0, 0.0, 0.0, 0.0, 0.0, 0.0, 0.0, 0.0, 0.0, 0.0, 0.0, 0.0, 0.0, 0.0, 0.0, 0.0, 0.0, 0.0, 0.0, 0.0, 0.0, 0.0, 0.0, 0.0, 0.0, 0.0, 0.0, 0.0, 0.0, 0.0, 0.0, 0.0, 0.0, 0.0, 0.0, 0.0, 0.0, 0.0, 0.0, 0.0, 0.0, 0.0, 0.0, 0.0, 0.0, 0.0, 0.0, 0.0, 0.0, 0.0, 0.0, 0.0, 0.0, 0.0, 0.0, 0.0, 0.0, 0.0, 0.0, 0.0, 0.0, 0.0, 0.0, 0.0, 0.0, 0.0, 0.0, 0.0], "tonal.chords_histogram": [42.58675003051758, 0.0, 0.0, 0.0, 0.0, 10.72555160522461, 0.0, 5.678233623504639, 0.0, 4.100946426391602, 0.0, 0.0, 0.0, 0.0, 0.0, 0.0, 0.0, 0.0, 0.0, 0.0, 0.0, 0.0, 36.90851593017578, 0.0], "tonal.thpcp": [1.0, 0.7307380437850952, 0.05762576311826706, 0.04396327584981918, 0.06431704014539719, 0.15880203247070312, 0.19544759392738342, 0.0956636518239975, 0.062178678810596466, 0.08649138361215591, 0.07013805955648422, 0.04551243782043457, 0.049050137400627136, 0.07057568430900574, 0.07812386006116867, 0.09307176619768143, 0.10297239571809769, 0.09870833903551102, 0.08969443291425705, 0.09142692387104034, 0.22853097319602966, 0.4898262321949005, 0.4016403555870056, 0.15185898542404175, 0.15120519697666168, 0.12914131581783295, 0.07392718642950058, 0.060236360877752304, 0.0926608145236969, 0.16085480153560638, 0.21379654109477997, 0.13278402388095856, 0.04260668903589249, 0.05857659503817558, 0.07073429226875305, 0.34641748666763306], "lowlevel.gfcc.cov": [[20218.91796875, -1677.3370361328125, -206.0914764404297, 3712.4541015625, 36.59465408325195, 909.4241333007812, -3259.77685546875, 346.0522766113281, -1351.926025390625, -581.2006225585938, -274.7508544921875, -191.28099060058594, 6.953821182250977], [-1677.3370361328125, 4571.82421875, 1682.26220703125, -428.8729248046875, 1530.321533203125, 28.566390991210938, 1059.5286865234375, -610.953857421875, 521.820556640625, -280.4178161621094, 236.01513671875, -67.25981903076172, 165.28038024902344], [-206.0914764404297, 1682.26220703125, 2827.266357421875, 744.2922973632812, 1381.994384765625, 533.0654907226562, 371.80322265625, 164.47467041015625, 111.38697814941406, 60.968082427978516, 85.41891479492188, 68.50325775146484, 47.79737854003906], [3712.4541015625, -428.8729248046875, 744.2922973632812, 1840.328125, 667.274658203125, 437.06610107421875, -792.5302124023438, 237.5543212890625, -271.3548889160156, -142.81143188476562, 70.30795288085938, -6.142268180847168, 106.45757293701172], [36.59465408325195, 1530.321533203125, 1381.994384765625, 667.274658203125, 1493.710693359375, 510.5412902832031, 294.050048828125, 9.49026107788086, 96.92550659179688, -11.489815711975098, 152.32167053222656, 76.10748291015625, 176.2434844970703], [909.4241333007812, 28.566390991210938, 533.0654907226562, 437.06610107421875, 510.5412902832031, 563.0191650390625, 57.59027099609375, 109.71271514892578, -76.5032730102539, 66.20994567871094, 24.538684844970703, 68.4823989868164, 80.56794738769531], [-3259.77685546875, 1059.5286865234375, 371.80322265625, -792.5302124023438, 294.050048828125, 57.59027099609375, 1347.3153076171875, -69.46115112304688, 482.7230529785156, 257.4232177734375, 130.59786987304688, 39.91044616699219, -0.5139907598495483], [346.0522766113281, -610.953857421875, 164.47467041015625, 237.5543212890625, 9.49026107788086, 109.71271514892578, -69.46115112304688, 371.10302734375, 14.953032493591309, 96.92990112304688, 19.866146087646484, 40.88744354248047, 20.007715225219727], [-1351.926025390625, 521.820556640625, 111.38697814941406, -271.3548889160156, 96.92550659179688, -76.5032730102539, 482.7230529785156, 14.953032493591309, 373.3525390625, 84.17372131347656, 90.03360748291016, -8.497437477111816, 20.197498321533203], [-581.2006225585938, -280.4178161621094, 60.968082427978516, -142.81143188476562, -11.489815711975098, 66.20994567871094, 257.4232177734375, 96.92990112304688, 84.17372131347656, 292.6990051269531, 40.3057975769043, 38.50791549682617, -41.713279724121094], [-274.7508544921875, 236.01513671875, 85.41891479492188, 70.30795288085938, 152.32167053222656, 24.538684844970703, 130.59786987304688, 19.866146087646484, 90.03360748291016, 40.3057975769043, 188.57528686523438, 39.930789947509766, 16.69391632080078], [-191.28099060058594, -67.25981903076172, 68.50325775146484, -6.142268180847168, 76.10748291015625, 68.4823989868164, 39.91044616699219, 40.88744354248047, -8.497437477111816, 38.50791549682617, 39.930789947509766, 112.94367980957031, 23.95663070678711], [6.953821182250977, 165.28038024902344, 47.79737854003906, 106.45757293701172, 176.2434844970703, 80.56794738769531, -0.5139907598495483, 20.007715225219727, 20.197498321533203, -41.713279724121094, 16.69391632080078, 23.95663070678711, 130.4000244140625]], "lowlevel.gfcc.icov": [[0.00017238101281691343, -0.00033520208671689034, 0.00019866395450662822, -0.0003897082060575485, 0.00032785581424832344, -0.00040101539343595505, 0.0002725660742726177, -0.00035726127680391073, 0.00021003677102271467, -0.0002662660554051399, 0.00030104926554486156, -7.435018778778613e-05, 0.0003789604234043509], [-0.00033520208671689034, 0.002036413876339793, -0.0009862134465947747, 0.0014311247505247593, -0.0017382812220603228, 0.001171337440609932, -0.0006525195203721523, 0.0023411649744957685, -0.0012039574794471264, 0.0018624168587848544, -0.0016476657474413514, 0.001309236278757453, -0.0013535786420106888], [0.00019866395450662822, -0.0009862134465947747, 0.0012779246317222714, -0.0008947862079367042, 9.542236512061208e-05, -0.0006442050216719508, 0.00017040327657014132, -0.001480385079048574, 0.000504189170897007, -0.000741676427423954, 0.0012587688397616148, -0.0007800182793289423, 0.0016651737969368696], [-0.0003897082060575485, 0.0014311247505247593, -0.0008947862079367042, 0.0027532808016985655, -0.0017244804184883833, 0.00034959372715093195, 0.0004190612235106528, 0.0010217154631391168, -0.0008958507096394897, 0.0014230073429644108, -0.0021792263723909855, 0.0017912279581651092, -0.0012094334233552217], [0.00032785581424832344, -0.0017382812220603228, 9.542236512061208e-05, -0.0017244804184883833, 0.003726096823811531, -0.0018970422679558396, 0.0002764627861324698, -0.0011182348243892193, 0.0008355185273103416, -0.0014182629529386759, 0.0006340279942378402, -0.0012421546271070838, -0.0005687069497071207], [-0.00040101539343595505, 0.001171337440609932, -0.0006442050216719508, 0.00034959372715093195, -0.0018970422679558396, 0.004955296404659748, -0.001651486032642424, 0.0007410189136862755, 0.001107738702557981, 9.528459486318752e-05, -0.00020841685181949288, -0.0003976205480284989, -0.0021717920899391174], [0.0002725660742726177, -0.0006525195203721523, 0.00017040327657014132, 0.0004190612235106528, 0.0002764627861324698, -0.001651486032642424, 0.0031209432054311037, -0.0001775389100657776, -0.0020108462776988745, -0.00149988429620862, 4.513296516961418e-05, -8.537908433936536e-05, 0.0009357782546430826], [-0.00035726127680391073, 0.0023411649744957685, -0.001480385079048574, 0.0010217154631391168, -0.0011182348243892193, 0.0007410189136862755, -0.0001775389100657776, 0.006789491046220064, -0.0025607577990740538, 0.0006031004013493657, -0.0017144037410616875, 0.0003878447460010648, -0.00249096960760653], [0.00021003677102271467, -0.0012039574794471264, 0.000504189170897007, -0.0008958507096394897, 0.0008355185273103416, 0.001107738702557981, -0.0020108462776988745, -0.0025607577990740538, 0.007581481244415045, -0.0012648702831938863, -0.0007424023351632059, 0.0011777036124840379, -0.0010675570229068398], [-0.0002662660554051399, 0.0018624168587848544, -0.000741676427423954, 0.0014230073429644108, -0.0014182629529386759, 9.528459486318752e-05, -0.00149988429620862, 0.0006031004013493657, -0.0012648702831938863, 0.007347516715526581, -0.0019282704452052712, 0.00020520311954896897, 0.0012787318555638194], [0.00030104926554486156, -0.0016476657474413514, 0.0012587688397616148, -0.0021792263723909855, 0.0006340279942378402, -0.00020841685181949288, 4.513296516961418e-05, -0.0017144037410616875, -0.0007424023351632059, -0.0019282704452052712, 0.009170924313366413, -0.004115633200854063, 0.002005320508033037], [-7.435018778778613e-05, 0.001309236278757453, -0.0007800182793289423, 0.0017912279581651092, -0.0012421546271070838, -0.0003976205480284989, -8.537908433936536e-05, 0.0003878447460010648, 0.0011777036124840379, 0.00020520311954896897, -0.004115633200854063, 0.013150456361472607, -0.0029730761889368296], [0.0003789604234043509, -0.0013535786420106888, 0.0016651737969368696, -0.0012094334233552217, -0.0005687069497071207, -0.0021717920899391174, 0.0009357782546430826, -0.00249096960760653, -0.0010675570229068398, 0.0012787318555638194, 0.002005320508033037, -0.0029730761889368296, 0.013101414777338505]], "lowlevel.mfcc.cov": [[16588.87109375, -3938.40478515625, -374.4081726074219, 1807.50390625, 2343.342041015625, -27.66327476501465, -735.8516845703125, -330.46697998046875, -1224.9019775390625, -770.5486450195312, -956.5404663085938, -488.066650390625, -730.4031372070312], [-3938.40478515625, 5173.8427734375, 879.2431640625, 173.3352813720703, 321.52764892578125, 885.9513549804688, 543.1414794921875, 386.18658447265625, 396.8699645996094, 62.9134521484375, 216.3339080810547, 76.52385711669922, 306.4062805175781], [-374.4081726074219, 879.2431640625, 1243.5201416015625, 480.7672119140625, 515.9546508789062, 344.6703796386719, 256.2736511230469, 213.28811645507812, 131.67210388183594, 109.41460418701172, 87.41223907470703, 58.101661682128906, 49.2475471496582], [1807.50390625, 173.3352813720703, 480.7672119140625, 1156.6832275390625, 943.5143432617188, 342.3892517089844, 114.76478576660156, 204.43048095703125, -96.98698425292969, 30.55799102783203, -80.20838165283203, 4.242427349090576, -18.501953125], [2343.342041015625, 321.52764892578125, 515.9546508789062, 943.5143432617188, 1480.9632568359375, 449.698486328125, 191.1873779296875, 202.9009552001953, -110.54901123046875, -105.3864974975586, -175.2414093017578, -97.97570037841797, -99.91885375976562], [-27.66327476501465, 885.9513549804688, 344.6703796386719, 342.3892517089844, 449.698486328125, 706.9314575195312, 397.9150695800781, 208.98695373535156, 134.71322631835938, 76.85651397705078, 51.97612380981445, 3.37302827835083, 107.59759521484375], [-735.8516845703125, 543.1414794921875, 256.2736511230469, 114.76478576660156, 191.1873779296875, 397.9150695800781, 480.0439147949219, 192.75132751464844, 173.79095458984375, 145.75, 120.5950698852539, 61.6923942565918, 132.63377380371094], [-330.46697998046875, 386.18658447265625, 213.28811645507812, 204.43048095703125, 202.9009552001953, 208.98695373535156, 192.75132751464844, 282.43878173828125, 102.14347839355469, 90.23200988769531, 55.22333526611328, 37.51361083984375, 63.631736755371094], [-1224.9019775390625, 396.8699645996094, 131.67210388183594, -96.98698425292969, -110.54901123046875, 134.71322631835938, 173.79095458984375, 102.14347839355469, 314.8424987792969, 176.45169067382812, 144.30490112304688, 66.51980590820312, 79.58032989501953], [-770.5486450195312, 62.9134521484375, 109.41460418701172, 30.55799102783203, -105.3864974975586, 76.85651397705078, 145.75, 90.23200988769531, 176.45169067382812, 250.90676879882812, 163.9963836669922, 90.70388793945312, 89.16593170166016], [-956.5404663085938, 216.3339080810547, 87.41223907470703, -80.20838165283203, -175.2414093017578, 51.97612380981445, 120.5950698852539, 55.22333526611328, 144.30490112304688, 163.9963836669922, 234.099609375, 119.15274810791016, 113.9581527709961], [-488.066650390625, 76.52385711669922, 58.101661682128906, 4.242427349090576, -97.97570037841797, 3.37302827835083, 61.6923942565918, 37.51361083984375, 66.51980590820312, 90.70388793945312, 119.15274810791016, 156.22877502441406, 101.67183685302734], [-730.4031372070312, 306.4062805175781, 49.2475471496582, -18.501953125, -99.91885375976562, 107.59759521484375, 132.63377380371094, 63.631736755371094, 79.58032989501953, 89.16593170166016, 113.9581527709961, 101.67183685302734, 181.1975555419922]], "lowlevel.mfcc.icov": [[0.00015920014993753284, 0.000105441635241732, 4.461240678210743e-05, -9.651140862843022e-05, -0.00015895572141744196, -0.0001898981281556189, 0.000140923002618365, 7.603978156112134e-05, 0.00025805170298554003, 6.445588223868981e-05, 7.481388456653804e-05, -5.705522926291451e-05, 0.00017661369929555804], [0.000105441635241732, 0.0003856342809740454, -0.00012185006926301867, -4.130339220864698e-05, -6.808642501709983e-05, -0.00041163628338836133, 0.00020090045290999115, -0.00011341539357090369, -0.00016690953634679317, 0.0005863977130502462, -0.00017594678502064198, 0.0001544208062114194, -0.0002897628000937402], [4.461240678210743e-05, -0.00012185006926301867, 0.0012340241810306907, -0.0003373959334567189, -0.0002577005070634186, -1.6234334907494485e-05, -0.00016901938943192363, -9.917943680193275e-05, -0.00012900418369099498, -6.378252146532759e-05, -0.00032489755540154874, -0.00031402442255057395, 0.0005106988246552646], [-9.651140862843022e-05, -4.130339220864698e-05, -0.0003373959334567189, 0.0026114380452781916, -0.001259571174159646, -0.0005544976447708905, 0.0008638050640001893, -0.000738168484531343, 0.0011673885164782405, -0.002005157293751836, 0.0008895968785509467, -0.0010541691444814205, -0.0001931703882291913], [-0.00015895572141744196, -6.808642501709983e-05, -0.0002577005070634186, -0.001259571174159646, 0.002193094464018941, -0.00022324355086311698, -0.0007856409647502005, -0.00033644880750216544, -0.00037257836083881557, 0.0011359452037140727, 0.00014314900909084827, 0.00031437037978321314, 0.0007891769055277109], [-0.0001898981281556189, -0.00041163628338836133, -1.6234334907494485e-05, -0.0005544976447708905, -0.00022324355086311698, 0.004175164271146059, -0.0025960870552808046, -6.993223360041156e-05, -0.0009483438334427774, 0.00046734584611840546, -0.000223182825720869, 0.0016559725627303123, -0.0014014164917171001], [0.000140923002618365, 0.00020090045290999115, -0.00016901938943192363, 0.0008638050640001893, -0.0007856409647502005, -0.0025960870552808046, 0.005841516423970461, -0.0012510601663962007, -0.00010737643606262282, -0.0013736701803281903, -0.00016520684584975243, -0.00014351938443724066, -0.0014581617433577776], [7.603978156112134e-05, -0.00011341539357090369, -9.917943680193275e-05, -0.000738168484531343, -0.00033644880750216544, -6.993223360041156e-05, -0.0012510601663962007, 0.0060792844742536545, -0.000774658692535013, -0.000723965116776526, 0.00042548225610516965, -0.00013281508290674537, -0.00040983431972563267], [0.00025805170298554003, -0.00016690953634679317, -0.00012900418369099498, 0.0011673885164782405, -0.00037257836083881557, -0.0009483438334427774, -0.00010737643606262282, -0.000774658692535013, 0.007696958724409342, -0.004278951324522495, -0.0003386830212548375, -0.0005453546182252467, 0.0014292442938312888], [6.445588223868981e-05, 0.0005863977130502462, -6.378252146532759e-05, -0.002005157293751836, 0.0011359452037140727, 0.00046734584611840546, -0.0013736701803281903, -0.000723965116776526, -0.004278951324522495, 0.012065311893820763, -0.005163146648555994, 0.00038541355752386153, -0.0003376072272658348], [7.481388456653804e-05, -0.00017594678502064198, -0.00032489755540154874, 0.0008895968785509467, 0.00014314900909084827, -0.000223182825720869, -0.00016520684584975243, 0.00042548225610516965, -0.0003386830212548375, -0.005163146648555994, 0.012257097288966179, -0.004869423806667328, -0.0013256989186629653], [-5.705522926291451e-05, 0.0001544208062114194, -0.00031402442255057395, -0.0010541691444814205, 0.00031437037978321314, 0.0016559725627303123, -0.00014351938443724066, -0.00013281508290674537, -0.0005453546182252467, 0.00038541355752386153, -0.004869423806667328, 0.014179546386003494, -0.006015670020133257], [0.00017661369929555804, -0.0002897628000937402, 0.0005106988246552646, -0.0001931703882291913, 0.0007891769055277109, -0.0014014164917171001, -0.0014581617433577776, -0.00040983431972563267, 0.0014292442938312888, -0.0003376072272658348, -0.0013256989186629653, -0.006015670020133257, 0.012788495048880577]], "metadata.audio_properties.analysis.downmix": "mix", "metadata.audio_properties.codec": "mp3", "metadata.audio_properties.md5_encoded": "96a2c533697aea74baf71f59ff5e10de", "metadata.tags.file_name": "1182270517051396096.mp3", "metadata.version.essentia": "2.1-beta6-dev", "metadata.version.essentia_git_sha": "v2.1_beta5-1110-g77a6a954", "metadata.version.extractor": "music 2.0", "tonal.chords_key": "F", "tonal.chords_scale": "minor", "tonal.key_edma.key": "Bb", "tonal.key_edma.scale": "minor", "tonal.key_krumhansl.key": "Bb", "tonal.key_krumhansl.scale": "minor", "tonal.key_temperley.key": "F", "tonal.key_temperley.scale": "minor", "metadata.tags.encoding": ["Lavf58.45.100"]}, "essentia_models": [{"model_name": "genre_dortmund", "activations": {"alternative": "0.0025088412", "blues": "2.532406e-05", "electronic": "0.001303147", "folkcountry": "5.9396683e-05", "funksoulrnb": "0.003626629", "jazz": "0.0002153165", "pop": "0.0015746215", "raphiphop": "0.99499106", "rock": "0.00069723633"}}, {"model_name": "genre_rosamerica", "activations": {"classic": "0.0001893818", "dance": "8.959014e-06", "hip hop": "0.79135364", "jazz": "7.6589815e-05", "pop": "0.0047972165", "rhythm and blues": "0.2049388", "rock": "0.00022521004", "speech": "0.009079386"}}, {"model_name": "genre_tzanetakis", "activations": {"blues": "0.00