{"song_id": "1182267753189613608", "download": "https://cdn.discordapp.com/attachments/1135903449314238464/1182267753189613608/chirp.mp4?ex=658413a5&amp", "lyrics": "Mr. Globe shill (Mr. Globe shill)\nYou looove begging the question\nMr. Globe shill (Mr. Globe shill)\nYou dooon't have good intentions\nMr. Globeshill likes to lie\nAnd in hell he's gonna die\nBecause the Earth is not a ball!\nIt has no curve, no movement at all", "style": ["rock"], "essentia_features": {"lowlevel.average_loudness": 0.9830763936042786, "lowlevel.barkbands_crest.mean": 10.590385437011719, "lowlevel.barkbands_crest.stdev": 3.773017406463623, "lowlevel.barkbands_flatness_db.mean": 0.11258099973201752, "lowlevel.barkbands_flatness_db.stdev": 0.032667383551597595, "lowlevel.barkbands_kurtosis.mean": 6.132391929626465, "lowlevel.barkbands_kurtosis.stdev": 7.613922595977783, "lowlevel.barkbands_skewness.mean": 2.225863218307495, "lowlevel.barkbands_skewness.stdev": 1.2187913656234741, "lowlevel.barkbands_spread.mean": 25.58420181274414, "lowlevel.barkbands_spread.stdev": 12.265002250671387, "lowlevel.dissonance.mean": 0.48183074593544006, "lowlevel.dissonance.stdev": 0.012173710390925407, "lowlevel.dynamic_complexity": 1.410020112991333, "lowlevel.erbbands_crest.mean": 7.5113043785095215, "lowlevel.erbbands_crest.stdev": 3.4074649810791016, "lowlevel.erbbands_flatness_db.mean": 0.10700899362564087, "lowlevel.erbbands_flatness_db.stdev": 0.02514480985701084, "lowlevel.erbbands_kurtosis.mean": -0.18592898547649384, "lowlevel.erbbands_kurtosis.stdev": 1.4374903440475464, "lowlevel.erbbands_skewness.mean": 0.01599537953734398, "lowlevel.erbbands_skewness.stdev": 0.5631017088890076, "lowlevel.erbbands_spread.mean": 62.60287094116211, "lowlevel.erbbands_spread.stdev": 26.800569534301758, "lowlevel.hfc.mean": 27.271366119384766, "lowlevel.hfc.stdev": 14.707033157348633, "lowlevel.loudness_ebu128.integrated": -14.250984191894531, "lowlevel.loudness_ebu128.loudness_range": 0.9765205383300781, "lowlevel.loudness_ebu128.momentary.mean": -14.327129364013672, "lowlevel.loudness_ebu128.momentary.stdev": 0.8225442171096802, "lowlevel.loudness_ebu128.short_term.mean": -14.331604957580566, "lowlevel.loudness_ebu128.short_term.stdev": 0.29978734254837036, "lowlevel.melbands_crest.mean": 16.418109893798828, "lowlevel.melbands_crest.stdev": 4.414231300354004, "lowlevel.melbands_flatness_db.mean": 0.19476689398288727, "lowlevel.melbands_flatness_db.stdev": 0.04321584478020668, "lowlevel.melbands_kurtosis.mean": 30.246417999267578, "lowlevel.melbands_kurtosis.stdev": 29.86135482788086, "lowlevel.melbands_skewness.mean": 4.396017551422119, "lowlevel.melbands_skewness.stdev": 2.197226047515869, "lowlevel.melbands_spread.mean": 19.042070388793945, "lowlevel.melbands_spread.stdev": 12.272497177124023, "lowlevel.pitch_salience.mean": 0.5714237689971924, "lowlevel.pitch_salience.stdev": 0.10576381534337997, "lowlevel.silence_rate_20dB.mean": 1.0, "lowlevel.silence_rate_20dB.stdev": 0.0, "lowlevel.silence_rate_30dB.mean": 0.98221755027771, "lowlevel.silence_rate_30dB.stdev": 0.13216054439544678, "lowlevel.silence_rate_60dB.mean": 0.0020920501556247473, "lowlevel.silence_rate_60dB.stdev": 0.045690786093473434, "lowlevel.spectral_centroid.mean": 1280.6375732421875, "lowlevel.spectral_centroid.stdev": 448.57305908203125, "lowlevel.spectral_complexity.mean": 23.34518814086914, "lowlevel.spectral_complexity.stdev": 9.887447357177734, "lowlevel.spectral_decrease.mean": -1.1303481706192997e-08, "lowlevel.spectral_decrease.stdev": 6.960738208050543e-09, "lowlevel.spectral_energy.mean": 0.04513554647564888, "lowlevel.spectral_energy.stdev": 0.02697247639298439, "lowlevel.spectral_energyband_high.mean": 0.0015502739697694778, "lowlevel.spectral_energyband_high.stdev": 0.0012675920734182, "lowlevel.spectral_energyband_low.mean": 0.02461094781756401, "lowlevel.spectral_energyband_low.stdev": 0.021838637068867683, "lowlevel.spectral_energyband_middle_high.mean": 0.005773755256086588, "lowlevel.spectral_energyband_middle_high.stdev": 0.005271143279969692, "lowlevel.spectral_energyband_middle_low.mean": 0.019132530316710472, "lowlevel.spectral_energyband_middle_low.stdev": 0.01644160784780979, "lowlevel.spectral_entropy.mean": 7.91934871673584, "lowlevel.spectral_entropy.stdev": 0.18603621423244476, "lowlevel.spectral_flux.mean": 0.10451608151197433, "lowlevel.spectral_flux.stdev": 0.0595979206264019, "lowlevel.spectral_kurtosis.mean": 2.323883533477783, "lowlevel.spectral_kurtosis.stdev": 1.1471182107925415, "lowlevel.spectral_rms.mean": 0.006400316953659058, "lowlevel.spectral_rms.stdev": 0.0017523417482152581, "lowlevel.spectral_rolloff.mean": 1086.6375732421875, "lowlevel.spectral_rolloff.stdev": 1200.52197265625, "lowlevel.spectral_skewness.mean": 1.2327276468276978, "lowlevel.spectral_skewness.stdev": 0.25683650374412537, "lowlevel.spectral_spread.mean": 5760385.0, "lowlevel.spectral_spread.stdev": 1088259.125, "lowlevel.spectral_strongpeak.mean": 0.5993596315383911, "lowlevel.spectral_strongpeak.stdev": 0.4380830228328705, "lowlevel.zerocrossingrate.mean": 0.0635281503200531, "lowlevel.zerocrossingrate.stdev": 0.025761345401406288, "metadata.audio_properties.analysis.equal_loudness": 0.0, "metadata.audio_properties.analysis.length": 22.165328979492188, "metadata.audio_properties.analysis.sample_rate": 44100.0, "metadata.audio_properties.analysis.start_time": 0.0, "metadata.audio_properties.bit_rate": 119801.0, "metadata.audio_properties.length": 22.165332794189453, "metadata.audio_properties.lossless": 0.0, "metadata.audio_properties.number_channels": 1.0, "metadata.audio_properties.replay_gain": -11.090337753295898, "metadata.audio_properties.sample_rate": 48000.0, "rhythm.beats_count": 32.0, "rhythm.beats_loudness.mean": 0.05377828702330589, "rhythm.beats_loudness.stdev": 0.017283258959650993, "rhythm.bpm": 89.70703125, "rhythm.bpm_histogram_first_peak_bpm": 89.0, "rhythm.bpm_histogram_first_peak_weight": 0.5806452035903931, "rhythm.bpm_histogram_second_peak_bpm": 0.0, "rhythm.bpm_histogram_second_peak_spread": 0.0, "rhythm.bpm_histogram_second_peak_weight": 0.0, "rhythm.danceability": 1.6156444549560547, "rhythm.onset_rate": 3.245192289352417, "tonal.chords_changes_rate": 0.0897703543305397, "tonal.chords_number_rate": 0.018789144232869148, "tonal.chords_strength.mean": 0.4781091809272766, "tonal.chords_strength.stdev": 0.07031942158937454, "tonal.hpcp_crest.mean": 10.729473114013672, "tonal.hpcp_crest.stdev": 5.41181755065918, "tonal.hpcp_entropy.mean": 2.513031482696533, "tonal.hpcp_entropy.stdev": 0.7596064805984497, "tonal.key_edma.strength": 0.6544737815856934, "tonal.key_krumhansl.strength": 0.6627588272094727, "tonal.key_temperley.strength": 0.6742796301841736, "tonal.tuning_diatonic_strength": 0.5673238039016724, "tonal.tuning_equal_tempered_deviation": 0.2598445415496826, "tonal.tuning_frequency": 434.193115234375, "tonal.tuning_nontempered_energy_ratio": 0.9438148736953735, "lowlevel.barkbands.mean": [0.0006630896241404116, 0.00927048735320568, 0.00885375402867794, 0.010581673122942448, 0.004659370984882116, 0.001101108267903328, 0.0007844042265787721, 0.0005634467815980315, 0.0012149418471381068, 0.0007507730624638498, 0.0006776638329029083, 0.0007854808354750276, 0.0006533987470902503, 0.0004958679201081395, 0.0007467008545063436, 0.0004654180083889514, 0.0003403554728720337, 0.0005622981116175652, 0.00028156989719718695, 0.00030332981259562075, 0.0002899393148254603, 0.00029124305001460016, 0.0003362566640134901, 0.0002578958519734442, 0.00012573268031701446, 6.959374877624214e-05, 9.773152669367846e-06], "lowlevel.barkbands.stdev": [0.000932970258872956, 0.015207944437861443, 0.009129916317760944, 0.010215687565505505, 0.009737246669828892, 0.0014543297002092004, 0.00119574717245996, 0.0012832131469622254, 0.0021768282167613506, 0.001306932419538498, 0.0012403355212882161, 0.0015835099620744586, 0.001372643979266286, 0.0010976199992001057, 0.0014475105563178658, 0.0008072667405940592, 0.0005034469650126994, 0.0006321146502159536, 0.0002644974156282842, 0.000244212249526754, 0.00023626640904694796, 0.00028039488825015724, 0.00040890826494432986, 0.0002946598979178816, 0.0001179413593490608, 5.1830484153470024e-05, 1.2649939890252426e-05], "lowlevel.erbbands.mean": [0.24928812682628632, 2.1796603202819824, 8.435623168945312, 26.65764808654785, 23.895414352416992, 16.56378936767578, 7.952492713928223, 8.698359489440918, 9.870336532592773, 12.678337097167969, 15.474723815917969, 26.321239471435547, 25.808366775512695, 26.359140396118164, 30.198463439941406, 29.727807998657227, 29.418399810791016, 27.015705108642578, 38.708621978759766, 33.1583137512207, 22.518890380859375, 21.080734252929688, 28.644147872924805, 21.664262771606445, 12.501113891601562, 13.80908203125, 13.454630851745605, 10.708113670349121, 10.478992462158203, 10.285517692565918, 9.124922752380371, 6.469224452972412, 3.6496360301971436, 1.720780611038208, 0.73244309425354, 0.3232969343662262, 0.12427675724029541, 0.028886230662465096, 0.0009507642243988812, 7.508099952246994e-05], "lowlevel.erbbands.stdev": [0.47470539808273315, 3.478590488433838, 8.605795860290527, 21.45574951171875, 32.2791748046875, 32.775230407714844, 10.099161148071289, 11.950573921203613, 16.353172302246094, 20.354415893554688, 34.71224594116211, 49.53396987915039, 38.79407501220703, 45.83974075317383, 55.674461364746094, 57.73554992675781, 60.05781173706055, 57.89269256591797, 78.66422271728516, 63.14738464355469, 33.992244720458984, 30.65850067138672, 34.796722412109375, 20.381290435791016, 10.872639656066895, 10.955196380615234, 10.699350357055664, 9.29210376739502, 9.94854736328125, 11.317560195922852, 11.15035343170166, 7.581810474395752, 4.160687446594238, 1.7882945537567139, 0.6162765622138977, 0.2630806267261505, 0.09813940525054932, 0.02715933695435524, 0.0010798027506098151, 3.6003722925670445e-05], "lowlevel.gfcc.mean": [53.84522247314453, 66.67406463623047, -91.79953002929688, 49.5391845703125, -52.146705627441406, 24.962705612182617, -35.14219665527344, 9.995753288269043, -29.515077590942383, -3.4274392127990723, -25.877077102661133, -1.6210908889770508, -20.24443817138672], "lowlevel.melbands.mean": [0.0024181464686989784, 0.004117975942790508, 0.004497996065765619, 0.0013681401032954454, 0.00034170542494393885, 0.00020144751761108637, 0.00015874185191933066, 0.00013229926116764545, 0.0001332602696493268, 0.00017481618851888925, 0.00012801030243281275, 0.00010501257929718122, 9.732778562465683e-05, 9.256939665647224e-05, 6.269027653615922e-05, 6.796463276259601e-05, 4.5549146307166666e-05, 6.121496699051932e-05, 5.160286673344672e-05, 3.660751463030465e-05, 2.385186053288635e-05, 2.0154973753960803e-05, 2.506956116121728e-05, 2.629652590258047e-05, 1.6828722436912358e-05, 9.084315024665557e-06, 8.924774192564655e-06, 9.168664291792084e-06, 8.82932454260299e-06, 7.315181392186787e-06, 5.855083600181388e-06, 5.918401711824117e-06, 5.69459052712773e-06, 5.896941274841083e-06, 5.435477760329377e-06, 4.534618710749783e-06, 3.82594180337037e-06, 2.8317851956671802e-06, 1.7689235392026603e-06, 1.3228487887317897e-06], "lowlevel.melbands.stdev": [0.004164156503975391, 0.004111708141863346, 0.0034865993075072765, 0.002513112034648657, 0.0004284258757252246, 0.0002737288596108556, 0.0002435632486594841, 0.0002126891486113891, 0.0002971607318613678, 0.0003329782630316913, 0.00019709843036253005, 0.00019109895220026374, 0.00017914634372573346, 0.00018770445603877306, 0.00012744023115374148, 0.00014624607865698636, 0.00010784863115986809, 0.00013100792421028018, 9.891482477542013e-05, 7.255558739416301e-05, 3.775990626309067e-05, 2.995818249473814e-05, 4.210055340081453e-05, 2.765199496934656e-05, 1.6758856872911565e-05, 8.401886589126661e-06, 7.984061994648073e-06, 7.448757060046773e-06, 7.707963050052058e-06, 6.127757842477877e-06, 5.5990608416323084e-06, 5.696118932974059e-06, 5.941824838373577e-06, 6.954772288736422e-06, 6.725366802129429e-06, 5.843827693752246e-06, 4.573717887979001e-06, 3.3820540465967497e-06, 2.0035411125718383e-06, 1.3828359897161135e-06], "lowlevel.melbands128.mean": [0.00046782061690464616, 0.0018463259330019355, 0.0031679519452154636, 0.003655140521004796, 0.0036661485210061073, 0.004749395418912172, 0.005805954337120056, 0.004869961645454168, 0.001978696556761861, 0.0012326384894549847, 0.000955505296587944, 0.0003410929930396378, 0.00023245220654644072, 0.00024335012130904943, 0.00017498525267001241, 0.00021120485325809568, 0.00016886890807654709, 0.00012029129720758647, 0.00019152257300447673, 0.00014466304855886847, 9.748501179274172e-05, 0.00010835977445822209, 0.00014440073573496193, 0.00015243653615470976, 0.00015000937855802476, 0.00021479054703377187, 0.00016295294335577637, 0.00011000420636264607, 0.0001025674500851892, 0.00011028806329704821, 0.00010263115109410137, 0.00010350703087169677, 9.038113057613373e-05, 9.666379628470168e-05, 0.0001099509172490798, 8.687568333698437e-05, 7.380490569630638e-05, 6.193591980263591e-05, 5.280854747979902e-05, 6.675788608845323e-05, 7.926801481517032e-05, 5.882984623895027e-05, 4.368416921352036e-05, 3.774040305870585e-05, 4.512050509219989e-05, 7.921218639239669e-05, 6.181452044984326e-05, 5.100972339278087e-05, 4.7105069825192913e-05, 4.583231930155307e-05, 3.5648092307383195e-05, 2.609067269077059e-05, 2.8038257369189523e-05, 2.1001798813813366e-05, 1.8417686078464612e-05, 2.001007851504255e-05, 2.2319964045891538e-05, 2.1588881281786598e-05, 2.938141733466182e-05, 2.4580991521361284e-05, 2.8019452656735666e-05, 2.5528801415930502e-05, 2.1935065888101235e-05, 1.3138880603946745e-05, 1.0501325050427113e-05, 8.81502273841761e-06, 8.594597602495924e-06, 7.817184268787969e-06, 9.203726222040132e-06, 1.0431639566377271e-05, 8.368861927010585e-06, 8.421650818490889e-06, 1.0998335710610263e-05, 8.426003660133574e-06, 7.094713055266766e-06, 8.353402336069848e-06, 6.946410394448321e-06, 5.488220722327242e-06, 5.8121518122788984e-06, 5.948988473392092e-06, 6.365998160617892e-06, 5.6048079386528116e-06, 5.6472608775948174e-06, 6.370267783495365e-06, 4.74389162263833e-06, 5.6975272855197545e-06, 6.362378826452186e-06, 6.2360704760067165e-06, 5.3747749007015955e-06, 4.801376235263888e-06, 5.079790298623266e-06, 4.466526206670096e-06, 3.694701263157185e-06, 3.803969093496562e-06, 4.016796992800664e-06, 3.337178441142896e-06, 2.5886106413963716e-06, 2.025315325226984e-06, 1.7801082776713884e-06, 1.6229739685513778e-06, 1.5531110193478526e-06, 1.2407436997818877e-06, 1.1214242476853542e-06, 9.277588901568379e-07, 8.369727311219322e-07, 6.747280849594972e-07, 5.793989430458168e-07, 5.763706099060073e-07, 5.40089729383908e-07, 5.3226511909088e-07, 5.531445026463189e-07, 4.317936657116661e-07, 3.801123114044458e-07, 3.321409280943044e-07, 2.863212387183012e-07, 2.613301717246941e-07, 2.7496980692376383e-07, 1.4699355688208016e-07, 1.497249968451797e-08, 8.021218238229988e-12, 6.2210002774176765e-12, 6.064347374962198e-12, 5.92255714956802e-12, 5.8037841026148396e-12, 5.653432149504978e-12, 5.468057430457751e-12, 5.359445959945974e-12, 5.319703878792215e-12], "lowlevel.melbands128.stdev": [0.0008272825507447124, 0.003919449169188738, 0.006221371702849865, 0.005928633268922567, 0.004623621702194214, 0.004839583765715361, 0.00507998326793313, 0.0049206288531422615, 0.003468767274171114, 0.0035571837797760963, 0.0017678691074252129, 0.000494590844027698, 0.0003661413793452084, 0.0003738464438356459, 0.00026346099912188947, 0.00038560363464057446, 0.00036568762152455747, 0.00025280704721808434, 0.0003253011091146618, 0.0003050343075301498, 0.0001997532817767933, 0.0003344136639498174, 0.0004149366286583245, 0.0003969021199736744, 0.0003739373933058232, 0.0005368423298932612, 0.00035375755396671593, 0.00020434327598195523, 0.00022332837397698313, 0.00025778147391974926, 0.00021045513858553022, 0.00023779572802595794, 0.00018559016461949795, 0.0002262788766529411, 0.0002694644208531827, 0.00021262207883410156, 0.00017299050523433834, 0.00014413564349524677, 0.00013535385369323194, 0.00015711756714154035, 0.0002043628046521917, 0.00015279983927030116, 0.00013466418022289872, 0.00010943210509140044, 0.0001059031710610725, 0.0002035008219536394, 0.00016309293278027326, 0.00011284810170764104, 0.00011842524691019207, 0.00011423225078033283, 8.327145042130724e-05, 5.137599873705767e-05, 5.207376671023667e-05, 3.955979263992049e-05, 3.2632280635880306e-05, 3.1638417567592114e-05, 3.9126134652178735e-05, 3.954000931116752e-05, 6.436656985897571e-05, 3.286149149062112e-05, 3.76346506527625e-05, 3.0459388653980568e-05, 2.7613794372882694e-05, 1.4819340321992058e-05, 1.0985985682054888e-05, 9.856388714979403e-06, 9.92134755506413e-06, 8.962400897871703e-06, 9.241914085578173e-06, 1.0810448657139204e-05, 8.3012573668384e-06, 7.974210348038469e-06, 1.224886545969639e-05, 8.44052920001559e-06, 6.747063707734924e-06, 7.54561278881738e-06, 6.835475232946919e-06, 5.832589067722438e-06, 6.9045818236190826e-06, 6.396849130396731e-06, 6.65872994431993e-06, 6.23203004579409e-06, 6.062266947992612e-06, 7.508102044084808e-06, 5.879278432985302e-06, 7.4285458140366245e-06, 8.474141395709012e-06, 8.158321179507766e-06, 7.235072189359926e-06, 6.560253495990764e-06, 7.64368633099366e-06, 6.1372234085865784e-06, 4.776438345288625e-06, 4.903131866740296e-06, 5.245701686362736e-06, 4.236233507981524e-06, 3.5748716982197948e-06, 2.49336039814807e-06, 2.3508248432335677e-06, 1.918410134749138e-06, 1.8617986370372819e-06, 1.3689102615899174e-06, 1.3166467169867246e-06, 9.327877137366158e-07, 7.876511745052994e-07, 6.423315994652512e-07, 6.014869313730742e-07, 6.667895604550722e-07, 5.381251639846596e-07, 5.087883891974343e-07, 5.252910000308475e-07, 4.294469135857071e-07, 3.906683900822827e-07, 3.8478935948660364e-07, 3.3463959425716894e-07, 2.9971909043524647e-07, 3.322939505778777e-07, 2.7176196226719185e-07, 4.967337474681699e-08, 1.1122630594329053e-11, 9.70480987239064e-12, 9.449459444088593e-12, 9.25724861350341e-12, 9.06606734130122e-12, 8.764603626199019e-12, 8.500130287136809e-12, 8.403397769307652e-12, 8.355767466827757e-12], "lowlevel.mfcc.mean": [-593.5655517578125, 95.01774597167969, 20.96380043029785, 30.64067268371582, 11.548521995544434, 14.886016845703125, 6.3260369300842285, 12.448920249938965, 1.3477510213851929, 2.3667151927948, -2.8787810802459717, -1.8372663259506226, -7.663559436798096], "lowlevel.spectral_contrast_coeffs.mean": [-0.66634601354599, -0.794087827205658, -0.7970896363258362, -0.8082389235496521, -0.8098278045654297, -0.7576771378517151], "lowlevel.spectral_contrast_coeffs.stdev": [0.06381957978010178, 0.0542113333940506, 0.049656689167022705, 0.047646813094615936, 0.026739876717329025, 0.026793666183948517], "lowlevel.spectral_contrast_valleys.mean": [-6.117004871368408, -6.558164119720459, -6.937229156494141, -7.182512283325195, -6.90364408493042, -9.293152809143066], "lowlevel.spectral_contrast_valleys.stdev": [0.5444031357765198, 0.5801019072532654, 0.6384482979774475, 0.5548399090766907, 0.4299749732017517, 0.4873162806034088], "rhythm.beats_loudness_band_ratio.mean": [0.6109926104545593, 0.13006368279457092, 0.09090443700551987, 0.08774924278259277, 0.06685949862003326, 0.055168796330690384], "rhythm.beats_loudness_band_ratio.stdev": [0.22103822231292725, 0.10540369153022766, 0.08391322195529938, 0.10870273411273956, 0.05643191933631897, 0.03790206089615822], "tonal.hpcp.mean": [0.07226797938346863, 0.05260296165943146, 0.05207635834813118, 0.15632018446922302, 0.2869701683521271, 0.21384058892726898, 0.11357894539833069, 0.09494194388389587, 0.0869702398777008, 0.16071717441082, 0.1790817379951477, 0.08697085082530975, 0.04485202953219414, 0.04432947561144829, 0.03451861813664436, 0.030345512554049492, 0.030412547290325165, 0.060749802738428116, 0.2713373303413391, 0.39747223258018494, 0.22137607634067535, 0.08227869123220444, 0.065941222012043, 0.09717869758605957, 0.23534759879112244, 0.2600688338279724, 0.1231418326497078, 0.07244733721017838, 0.062285661697387695, 0.043895356357097626, 0.04857390373945236, 0.05049169436097145, 0.04403721168637276, 0.043763820081949234, 0.048145830631256104, 0.07249990105628967], "tonal.hpcp.stdev": [0.16432400047779083, 0.1354118436574936, 0.13867025077342987, 0.20969371497631073, 0.3344399034976959, 0.2747234106063843, 0.2393164336681366, 0.2404792755842209, 0.18474334478378296, 0.2788250744342804, 0.3189893066883087, 0.1793554574251175, 0.11331548541784286, 0.11751958727836609, 0.09333597868680954, 0.07382054626941681, 0.07776761800050735, 0.12310024350881577, 0.3282613456249237, 0.43611782789230347, 0.28895363211631775, 0.17133104801177979, 0.15421688556671143, 0.19383877515792847, 0.3315836489200592, 0.357188880443573, 0.1960795670747757, 0.15073853731155396, 0.13377852737903595, 0.09498272836208344, 0.09380963444709778, 0.11308431625366211, 0.12965932488441467, 0.12680190801620483, 0.13455790281295776, 0.17528872191905975], "rhythm.beats_position": [0.6965986490249634, 1.3931972980499268, 2.1014058589935303, 2.809614419937134, 3.5178229808807373, 4.22603178024292, 4.934240341186523, 5.642448902130127, 6.3506574630737305, 7.035645961761475, 7.685804843902588, 8.359183311462402, 9.044172286987305, 9.705941200256348, 10.379319190979004, 11.052698135375977, 11.70285701751709, 12.376235961914062, 13.038003921508789, 13.711382865905762, 14.373151779174805, 15.046530723571777, 15.708298683166504, 16.370067596435547, 17.043445587158203, 17.705215454101562, 18.37859344482422, 19.040363311767578, 19.713741302490234, 20.38711929321289, 21.06049919128418, 21.710657119750977], "rhythm.bpm_histogram": [0.0, 0.0, 0.0, 0.0, 0.0, 0.0, 0.0, 0.0, 0.0, 0.0, 0.0, 0.0, 0.0, 0.0, 0.0, 0.0, 0.0, 0.0, 0.0, 0.0, 0.0, 0.0, 0.0, 0.0, 0.0, 0.0, 0.0, 0.0, 0.0, 0.0, 0.0, 0.0, 0.0, 0.0, 0.0, 0.0, 0.0, 0.0, 0.0, 0.0, 0.0, 0.0, 0.0, 0.0, 0.0, 0.0, 0.0, 0.0, 0.0, 0.0, 0.0, 0.0, 0.0, 0.0, 0.0, 0.0, 0.0, 0.0, 0.0, 0.0, 0.0, 0.0, 0.0, 0.0, 0.0, 0.0, 0.0, 0.0, 0.0, 0.0, 0.0, 0.0, 0.0, 0.0, 0.0, 0.0, 0.0, 0.0, 0.0, 0.0, 0.0, 0.0, 0.0, 0.0, 0.0, 0.22580644488334656, 0.032258063554763794, 0.0, 0.06451612710952759, 0.35483869910240173, 0.0, 0.22580644488334656, 0.09677419066429138, 0.0, 0.0, 0.0, 0.0, 0.0, 0.0, 0.0, 0.0, 0.0, 0.0, 0.0, 0.0, 0.0, 0.0, 0.0, 0.0, 0.0, 0.0, 0.0, 0.0, 0.0, 0.0, 0.0, 0.0, 0.0, 0.0, 0.0, 0.0, 0.0, 0.0, 0.0, 0.0, 0.0, 0.0, 0.0, 0.0, 0.0, 0.0, 0.0, 0.0, 0.0, 0.0, 0.0, 0.0, 0.0, 0.0, 0.0, 0.0, 0.0, 0.0, 0.0, 0.0, 0.0, 0.0, 0.0, 0.0, 0.0, 0.0, 0.0, 0.0, 0.0, 0.0, 0.0, 0.0, 0.0, 0.0, 0.0, 0.0, 0.0, 0.0, 0.0, 0.0, 0.0, 0.0, 0.0, 0.0, 0.0, 0.0, 0.0, 0.0, 0.0, 0.0, 0.0, 0.0, 0.0, 0.0, 0.0, 0.0, 0.0, 0.0, 0.0, 0.0, 0.0, 0.0, 0.0, 0.0, 0.0, 0.0, 0.0, 0.0, 0.0, 0.0, 0.0, 0.0, 0.0, 0.0, 0.0, 0.0, 0.0, 0.0, 0.0, 0.0, 0.0, 0.0, 0.0, 0.0, 0.0, 0.0, 0.0, 0.0, 0.0, 0.0, 0.0, 0.0, 0.0, 0.0, 0.0, 0.0, 0.0, 0.0, 0.0, 0.0, 0.0, 0.0, 0.0, 0.0, 0.0, 0.0, 0.0, 0.0, 0.0, 0.0, 0.0, 0.0, 0.0, 0.0, 0.0, 0.0, 0.0, 0.0, 0.0, 0.0, 0.0, 0.0, 0.0, 0.0, 0.0], "tonal.chords_histogram": [10.438413619995117, 0.0, 7.306889533996582, 0.0, 22.338205337524414, 0.0, 0.0, 0.0, 0.0, 0.0, 0.0, 0.0, 0.0, 0.0, 0.0, 5.010438442230225, 8.55949878692627, 17.536535263061523, 0.0, 9.812108993530273, 0.0, 0.41753652691841125, 13.569937705993652, 5.010438442230225], "tonal.thpcp": [1.0, 0.556959867477417, 0.2070048749446869, 0.16590145230293274, 0.2444917857646942, 0.592110812664032, 0.654306948184967, 0.30981242656707764, 0.18227018415927887, 0.15670444071292877, 0.11043628305196762, 0.12220703810453415, 0.12703201174736023, 0.11079318076372147, 0.11010535061359406, 0.12113004922866821, 0.18240243196487427, 0.18181893229484558, 0.13234373927116394, 0.13101886212825775, 0.3932858109474182, 0.7219879627227783, 0.538001298904419, 0.28575316071510315, 0.23886434733867645, 0.2188083380460739, 0.4043481945991516, 0.4505515694618225, 0.21880987286567688, 0.11284317821264267, 0.11152848601341248, 0.08684536069631577, 0.0763462483882904, 0.07651489973068237, 0.15284037590026855, 0.6826573014259338], "lowlevel.gfcc.cov": [[1837.44287109375, 172.3476104736328, -151.1871337890625, -94.3952407836914, 29.931028366088867, 12.123419761657715, -0.7864508628845215, 26.622961044311523, 29.580795288085938, -15.117836952209473, -28.917362213134766, -10.313621520996094, -17.841312408447266], [172.3476104736328, 356.2068176269531, -113.62602996826172, -33.10182571411133, -5.287446022033691, -15.06545352935791, 72.65852355957031, 9.181741714477539, 14.631850242614746, -13.02097225189209, 36.93854522705078, -20.507057189941406, 20.74178695678711], [-151.1871337890625, -113.62602996826172, 358.38134765625, 106.233154296875, -37.46638488769531, -34.57282257080078, 0.9592921733856201, -0.9121423959732056, 6.959330081939697, 27.635923385620117, -3.5038843154907227, 13.632369995117188, -29.894880294799805], [-94.3952407836914, -33.10182571411133, 106.233154296875, 221.78164672851562, -12.971175193786621, -26.981489181518555, -73.5911865234375, -2.981313467025757, 51.11422348022461, 14.283849716186523, 3.451026201248169, -10.505128860473633, 23.696422576904297], [29.931028366088867, -5.287446022033691, -37.46638488769531, -12.971175193786621, 218.6132049560547, 62.00480270385742, 29.65325927734375, 4.509016036987305, 38.20364761352539, 20.725101470947266, -20.07151222229004, -7.612187385559082, -4.86358642578125], [12.123419761657715, -15.06545352935791, -34.57282257080078, -26.981489181518555, 62.00480270385742, 140.36721801757812, 62.66889953613281, -10.686175346374512, -37.66415786743164, -0.40554097294807434, 29.163352966308594, 6.071303367614746, -4.635857105255127], [-0.7864508628845215, 72.65852355957031, 0.9592921733856201, -73.5911865234375, 29.65325927734375, 62.66889953613281, 167.418212890625, 31.607913970947266, -45.349178314208984, -19.962926864624023, 33.20223617553711, 22.860572814941406, -12.772668838500977], [26.622961044311523, 9.181741714477539, -0.9121423959732056, -2.981313467025757, 4.509016036987305, -10.686175346374512, 31.607913970947266, 90.8606948852539, 41.525146484375, -9.027792930603027, -11.245087623596191, 3.1904854774475098, 7.885621070861816], [29.580795288085938, 14.631850242614746, 6.959330081939697, 51.11422348022461, 38.20364761352539, -37.66415786743164, -45.349178314208984, 41.525146484375, 120.62439727783203, 36.989891052246094, -33.94511032104492, -25.20142364501953, 17.594026565551758], [-15.117836952209473, -13.02097225189209, 27.635923385620117, 14.283849716186523, 20.725101470947266, -0.40554097294807434, -19.962926864624023, -9.027792930603027, 36.989891052246094, 68.60714721679688, 16.63957977294922, -0.459017276763916, -4.154060363769531], [-28.917362213134766, 36.93854522705078, -3.5038843154907227, 3.451026201248169, -20.07151222229004, 29.163352966308594, 33.20223617553711, -11.245087623596191, -33.94511032104492, 16.63957977294922, 88.36032104492188, 37.319828033447266, -9.563632011413574], [-10.313621520996094, -20.507057189941406, 13.632369995117188, -10.505128860473633, -7.612187385559082, 6.071303367614746, 22.860572814941406, 3.1904854774475098, -25.20142364501953, -0.459017276763916, 37.319828033447266, 64.8879165649414, 12.771288871765137], [-17.841312408447266, 20.74178695678711, -29.894880294799805, 23.696422576904297, -4.86358642578125, -4.635857105255127, -12.772668838500977, 7.885621070861816, 17.594026565551758, -4.154060363769531, -9.563632011413574, 12.771288871765137, 63.00379943847656]], "lowlevel.gfcc.icov": [[0.0006339728715829551, -0.000534857448656112, 0.0001423819048795849, 0.00011166049080202356, 8.937064558267593e-05, -0.0004535825573839247, 0.0004629366740118712, -0.0002466629957780242, -9.768492600414902e-05, -7.224426371976733e-05, 0.0008149252971634269, -0.0008420298108831048, 0.000796321895904839], [-0.000534857448656112, 0.005894607864320278, 0.0011058682575821877, 0.00039957251283340156, -0.0001673150109127164, 0.0034345914609730244, -0.004484649747610092, 0.002511623315513134, -0.0029838078189641237, 0.002523927018046379, -0.006355850491672754, 0.006004657596349716, -0.003883647033944726], [0.0001423819048795849, 0.0011058682575821877, 0.005193290766328573, -0.003544730134308338, 0.0012724230764433742, 0.001247149775736034, -0.0031648753210902214, 0.0006487909122370183, 0.0004309996438678354, -0.0031724837608635426, 0.003377322806045413, -0.0026970780454576015, 0.0036706654354929924], [0.00011166049080202356, 0.00039957251283340156, -0.003544730134308338, 0.008962806314229965, -0.000817029329482466, -0.00042218397720716894, 0.003825935535132885, 0.0005837117205373943, -0.004012091085314751, 0.004632240626960993, -0.006793242879211903, 0.004275819752365351, -0.005016556940972805], [8.937064558267593e-05, -0.0001673150109127164, 0.0012724230764433742, -0.000817029329482466, 0.007290545850992203, -0.003832664806395769, -0.002035631099715829, 0.001957053318619728, -0.00397580536082387, -0.0017530745826661587, 0.004710317123681307, -0.0034647907596081495, 0.003026605350896716], [-0.0004535825573839247, 0.0034345914609730244, 0.001247149775736034, -0.00042218397720716894, -0.003832664806395769, 0.013822796754539013, -0.005604502744972706, 0.001518208533525467, 0.002865093993023038, -0.00015830222400836647, -0.006833664141595364, 0.0067333863116800785, -0.004326337482780218], [0.0004629366740118712, -0.004484649747610092, -0.0031648753210902214, 0.003825935535132885, -0.002035631099715829, -0.005604502744972706, 0.01577696204185486, -0.007988089695572853, 0.005179602187126875, 0.0013040816411376, -0.0007461748900823295, -0.0027612915728241205, 0.0013815611600875854], [-0.0002466629957780242, 0.002511623315513134, 0.0006487909122370183, 0.0005837117205373943, 0.001957053318619728, 0.001518208533525467, -0.007988089695572853, 0.020781490951776505, -0.014044249430298805, 0.007818512618541718, -0.001666317810304463, -0.0018056948902085423, -0.00021557293075602502], [-9.768492600414902e-05, -0.0029838078189641237, 0.0004309996438678354, -0.004012091085314751, -0.00397580536082387, 0.002865093993023038, 0.005179602187126875, -0.014044249430298805, 0.02733691781759262, -0.01580093801021576, 0.0076986937783658504, 0.003050605533644557, -0.0027455990202724934], [-7.224426371976733e-05, 0.002523927018046379, -0.0031724837608635426, 0.004632240626960993, -0.0017530745826661587, -0.00015830222400836647, 0.0013040816411376, 0.007818512618541718, -0.01580093801021576, 0.029297154396772385, -0.014688047580420971, 0.004012566991150379, -0.0016589162405580282], [0.0008149252971634269, -0.006355850491672754, 0.003377322806045413, -0.006793242879211903, 0.004710317123681307, -0.006833664141595364, -0.0007461748900823295, -0.001666317810304463, 0.0076986937783658504, -0.014688047580420971, 0.03421246260404587, -0.021466901525855064, 0.012825243175029755], [-0.0008420298108831048, 0.006004657596349716, -0.0026970780454576015, 0.004275819752365351, -0.0034647907596081495, 0.0067333863116800785, -0.0027612915728241205, -0.0018056948902085423, 0.003050605533644557, 0.004012566991150379, -0.021466901525855064, 0.03520556911826134, -0.01619129441678524], [0.000796321895904839, -0.003883647033944726, 0.0036706654354929924, -0.005016556940972805, 0.003026605350896716, -0.004326337482780218, 0.0013815611600875854, -0.00021557293075602502, -0.0027455990202724934, -0.0016589162405580282, 0.012825243175029755, -0.01619129441678524, 0.02711319550871849]], "lowlevel.mfcc.cov": [[1656.390625, 104.99222564697266, -208.2886962890625, -97.80670928955078, -13.539687156677246, -27.609188079833984, -41.723411560058594, 18.10988998413086, -6.812752723693848, 22.213712692260742, 29.51165771484375, -48.05620193481445, -17.61106300354004], [104.99222564697266, 312.9783630371094, -127.62281036376953, -55.546478271484375, -72.6952133178711, -3.683264970779419, 59.19044494628906, 28.508304595947266, 10.75456714630127, 1.757693886756897, 31.105287551879883, 5.851199150085449, -4.135910987854004], [-208.2886962890625, -127.62281036376953, 363.385498046875, 115.37692260742188, -36.639991760253906, -29.032981872558594, -30.32305145263672, -25.830860137939453, -29.06207275390625, -16.975086212158203, -13.714371681213379, 41.03478240966797, 30.259090423583984], [-97.80670928955078, -55.546478271484375, 115.37692260742188, 183.8809051513672, 54.62262725830078, -29.56500244140625, -80.83837890625, -25.65149688720703, 23.898683547973633, 15.094067573547363, -6.070529937744141, 11.669403076171875, 19.805944442749023], [-13.539687156677246, -72.6952133178711, -36.639991760253906, 54.62262725830078, 175.96282958984375, 45.13225555419922, -65.10265350341797, -27.271312713623047, 36.79680633544922, 50.08727264404297, 0.5541362762451172, -4.763797760009766, -8.632015228271484], [-27.609188079833984, -3.683264970779419, -29.032981872558594, -29.56500244140625, 45.13225555419922, 132.78131103515625, 66.06175231933594, -9.521610260009766, -16.97724723815918, 0.23563024401664734, 8.731911659240723, 7.013509750366211, -2.6755359172821045], [-41.723411560058594, 59.19044494628906, -30.32305145263672, -80.83837890625, -65.10265350341797, 66.06175231933594, 195.44091796875, 70.29761505126953, -42.74336624145508, -46.67654800415039, 19.58915901184082, 24.074081420898438, 1.6878772974014282], [18.10988998413086, 28.508304595947266, -25.830860137939453, -25.65149688720703, -27.271312713623047, -9.521610260009766, 70.29761505126953, 97.47360229492188, 18.454936981201172, -11.795259475708008, 2.1945347785949707, 4.988847732543945, 1.8810787200927734], [-6.812752723693848, 10.75456714630127, -29.06207275390625, 23.898683547973633, 36.79680633544922, -16.97724723815918, -42.74336624145508, 18.454936981201172, 105.80311584472656, 55.16798782348633, -13.102530479431152, -23.43487548828125, -8.630938529968262], [22.213712692260742, 1.757693886756897, -16.975086212158203, 15.094067573547363, 50.08727264404297, 0.23563024401664734, -46.67654800415039, -11.795259475708008, 55.16798782348633, 86.15998077392578, 15.913175582885742, -16.222063064575195, -18.777912139892578], [29.51165771484375, 31.105287551879883, -13.714371681213379, -6.070529937744141, 0.5541362762451172, 8.731911659240723, 19.58915901184082, 2.1945347785949707, -13.102530479431152, 15.913175582885742, 62.17828369140625, 27.761009216308594, 0.7301712036132812], [-48.05620193481445, 5.851199150085449, 41.03478240966797, 11.669403076171875, -4.763797760009766, 7.013509750366211, 24.074081420898438, 4.988847732543945, -23.43487548828125, -16.222063064575195, 27.761009216308594, 69.15277099609375, 31.983478546142578], [-17.61106300354004, -4.135910987854004, 30.259090423583984, 19.805944442749023, -8.632015228271484, -2.6755359172821045, 1.6878772974014282, 1.8810787200927734, -8.630938529968262, -18.777912139892578, 0.7301712036132812, 31.983478546142578, 57.854148864746094]], "lowlevel.mfcc.icov": [[0.0007088373531587422, -0.00011322913633193821, 0.00027467109612189233, 0.0002649118541739881, 8.463975973427296e-05, -5.277495438349433e-05, 0.0006188806728459895, -0.0005067142192274332, 0.0004903415683656931, -0.00013376298011280596, -0.0004931869334541261, 0.0006062901229597628, -0.00031727898749522865], [-0.00011322913633193821, 0.004998540971428156, 0.00220669386908412, -0.0009381388081237674, 0.0030990266241133213, -0.00016577428323216736, -0.0009140574256889522, 0.000645090825855732, -0.001290581887587905, -0.0008374567260034382, -0.0012115533463656902, -0.0014342645881697536, 0.0002941372513305396], [0.00027467109612189233, 0.00220669386908412, 0.005652083083987236, -0.0035858650226145983, 0.0036608779337257147, -0.00037731268093921244, -6.107150693424046e-05, 0.0004366035864222795, 0.0015019840793684125, -0.0024382537230849266, 0.002243502764031291, -0.0036322283558547497, 0.0004415051080286503], [0.0002649118541739881, -0.0009381388081237674, -0.0035858650226145983, 0.010232672095298767, -0.004195099696516991, 0.0015426098834723234, 0.0023350270930677652, -3.275531707913615e-05, -0.0019931297283619642, 0.0024845909792929888, -0.0019130007131025195, 0.0011706441873684525, -0.002349589020013809], [8.463975973427296e-05, 0.0030990266241133213, 0.0036608779337257147, -0.004195099696516991, 0.013587587513029575, -0.006845378316938877, 0.004508351907134056, -0.001550791785120964, -0.00024262408260256052, -0.0046770041808485985, 0.001263784128241241, -0.004168129991739988, 0.0021324637345969677], [-5.277495438349433e-05, -0.00016577428323216736, -0.00037731268093921244, 0.0015426098834723234, -0.006845378316938877, 0.01527008693665266, -0.009665017016232014, 0.006754371337592602, 4.427054591360502e-06, -0.0009822964202612638, 0.0007456262828782201, 0.0009460063301958144, -0.0014620372094213963], [0.0006188806728459895, -0.0009140574256889522, -6.107150693424046e-05, 0.0023350270930677652, 0.004508351907134056, -0.009665017016232014, 0.017361203208565712, -0.01158291008323431, 0.0032964295241981745, 0.0031610343139618635, -0.0027386879082769156, -0.0017117090756073594, 0.0019500089110806584], [-0.0005067142192274332, 0.000645090825855732, 0.0004366035864222795, -3.275531707913615e-05, -0.001550791785120964, 0.006754371337592602, -0.01158291008323431, 0.020817067474126816, -0.008333029225468636, 0.0027581413742154837, -8.554597297916189e-05, -0.0008517910027876496, -0.0004591744509525597], [0.0004903415683656931, -0.001290581887587905, 0.0015019840793684125, -0.0019931297283619642, -0.00024262408260256052, 4.427054591360502e-06, 0.0032964295241981745, -0.008333029225468636, 0.02181527204811573, -0.014216243289411068, 0.007450311444699764, 0.0013812867691740394, -0.002124825958162546], [-0.00013376298011280596, -0.0008374567260034382, -0.0024382537230849266, 0.0024845909792929888, -0.0046770041808485985, -0.0009822964202612638, 0.0031610343139618635, 0.0027581413742154837, -0.014216243289411068, 0.028952306136488914, -0.01337702851742506, 0.004920294042676687, 0.004123994614928961], [-0.0004931869334541261, -0.0012115533463656902, 0.002243502764031291, -0.0019130007131025195, 0.001263784128241241, 0.0007456262828782201, -0.0027386879082769156, -8.554597297916189e-05, 0.007450311444699764, -0.01337702851742506, 0.029423274099826813, -0.014548946171998978, 0.0039918627589941025], [0.0006062901229597628, -0.0014342645881697536, -0.0036322283558547497, 0.0011706441873684525, -0.004168129991739988, 0.0009460063301958144, -0.0017117090756073594, -0.0008517910027876496, 0.0013812867691740394, 0.004920294042676687, -0.014548946171998978, 0.0312768816947937, -0.014223609119653702], [-0.00031727898749522865, 0.0002941372513305396, 0.0004415051080286503, -0.002349589020013809, 0.0021324637345969677, -0.0014620372094213963, 0.0019500089110806584, -0.0004591744509525597, -0.002124825958162546, 0.004123994614928961, 0.0039918627589941025, -0.014223609119653702, 0.02682572975754738]], "metadata.audio_properties.analysis.downmix": "mix", "metadata.audio_properties.codec": "mp3", "metadata.audio_properties.md5_encoded": "d5de73578bbcc7b65da28653fe3c6ea4", "metadata.tags.file_name": "1182267753189613608.mp3", "metadata.version.essentia": "2.1-beta6-dev", "metadata.version.essentia_git_sha": "v2.1_beta5-1110-g77a6a954", "metadata.version.extractor": "music 2.0", "tonal.chords_key": "F", "tonal.chords_scale": "major", "tonal.key_edma.key": "Eb", "tonal.key_edma.scale": "major", "tonal.key_krumhansl.key": "Eb", "tonal.key_krumhansl.scale": "major", "tonal.key_temperley.key": "Eb", "tonal.key_temperley.scale": "major", "metadata.tags.encoding": ["Lavf58.45.100"]}, "essentia_models": [{"model_name": "genre_dortmund", "activations": {"alternative": "0.002491601", "blues": "0.0004635464", "electronic": "0.000106388376", "folkcountry": "0.00036536023", "funksoulrnb": "0.0020942946", "jazz": "0.00019069793", "pop": "0.0001004449", "raphiphop": "0.00019981911", "rock": "0.9573756"}}, {"model_name": "genre_rosamerica", "activations": {"classic": "0.0004921517", "dance": "3.420265e-05", "hip hop": "0.00040772758", "jazz": "0.00012002489", "pop": "0.00093319156", "rhythm and blues": "0.00075242005", "rock": "0.9796237", "speech": "2.3979997e-05"}}, {"model_name": "genre_tzanetakis", "activations": {