{"song_id": "1182274148668555274", "download": "https://cdn.discordapp.com/attachments/1135903449314238464/1182274148668555274/chirp.mp4?ex=6584199a&amp", "lyrics": "Wave goodbye to tooth decay,\nSmile bright, hip hip hooray!\n\nOutro:\nGululu, gululu, what a wonderful feat,\nOur teeth are clean, oh so neat!\nTogether we've brushed, and had some fun,\nHealthy teeth for everyone!", "style": ["happy song for kids"], "essentia_features": {"lowlevel.average_loudness": 0.981747567653656, "lowlevel.barkbands_crest.mean": 10.84990406036377, "lowlevel.barkbands_crest.stdev": 3.974191665649414, "lowlevel.barkbands_flatness_db.mean": 0.14048166573047638, "lowlevel.barkbands_flatness_db.stdev": 0.03543701767921448, "lowlevel.barkbands_kurtosis.mean": 5.727760314941406, "lowlevel.barkbands_kurtosis.stdev": 8.026640892028809, "lowlevel.barkbands_skewness.mean": 1.8834575414657593, "lowlevel.barkbands_skewness.stdev": 1.3053330183029175, "lowlevel.barkbands_spread.mean": 24.93244171142578, "lowlevel.barkbands_spread.stdev": 15.930946350097656, "lowlevel.dissonance.mean": 0.4588658809661865, "lowlevel.dissonance.stdev": 0.030299557372927666, "lowlevel.dynamic_complexity": 2.280519962310791, "lowlevel.erbbands_crest.mean": 10.757493019104004, "lowlevel.erbbands_crest.stdev": 5.671278953552246, "lowlevel.erbbands_flatness_db.mean": 0.14556102454662323, "lowlevel.erbbands_flatness_db.stdev": 0.043804313987493515, "lowlevel.erbbands_kurtosis.mean": 0.6490711569786072, "lowlevel.erbbands_kurtosis.stdev": 2.8783061504364014, "lowlevel.erbbands_skewness.mean": 0.4441201984882355, "lowlevel.erbbands_skewness.stdev": 0.883370041847229, "lowlevel.erbbands_spread.mean": 51.902835845947266, "lowlevel.erbbands_spread.stdev": 26.836347579956055, "lowlevel.hfc.mean": 25.926753997802734, "lowlevel.hfc.stdev": 17.03650665283203, "lowlevel.loudness_ebu128.integrated": -11.31294059753418, "lowlevel.loudness_ebu128.loudness_range": 1.350759506225586, "lowlevel.loudness_ebu128.momentary.mean": -11.504382133483887, "lowlevel.loudness_ebu128.momentary.stdev": 1.3125, "lowlevel.loudness_ebu128.short_term.mean": -11.312298774719238, "lowlevel.loudness_ebu128.short_term.stdev": 0.4743010103702545, "lowlevel.melbands_crest.mean": 14.402554512023926, "lowlevel.melbands_crest.stdev": 4.22855806350708, "lowlevel.melbands_flatness_db.mean": 0.20019544661045074, "lowlevel.melbands_flatness_db.stdev": 0.042653124779462814, "lowlevel.melbands_kurtosis.mean": 20.60538673400879, "lowlevel.melbands_kurtosis.stdev": 21.29225730895996, "lowlevel.melbands_skewness.mean": 3.308680295944214, "lowlevel.melbands_skewness.stdev": 1.924333095550537, "lowlevel.melbands_spread.mean": 22.171281814575195, "lowlevel.melbands_spread.stdev": 16.099977493286133, "lowlevel.pitch_salience.mean": 0.49743756651878357, "lowlevel.pitch_salience.stdev": 0.10572085529565811, "lowlevel.silence_rate_20dB.mean": 1.0, "lowlevel.silence_rate_20dB.stdev": 0.0, "lowlevel.silence_rate_30dB.mean": 1.0, "lowlevel.silence_rate_30dB.stdev": 0.0, "lowlevel.silence_rate_60dB.mean": 0.002851711120456457, "lowlevel.silence_rate_60dB.stdev": 0.053324971348047256, "lowlevel.spectral_centroid.mean": 1278.11572265625, "lowlevel.spectral_centroid.stdev": 601.4093017578125, "lowlevel.spectral_complexity.mean": 15.605513572692871, "lowlevel.spectral_complexity.stdev": 6.105960369110107, "lowlevel.spectral_decrease.mean": -6.9649992440190545e-09, "lowlevel.spectral_decrease.stdev": 3.6139626846676265e-09, "lowlevel.spectral_energy.mean": 0.028639163821935654, "lowlevel.spectral_energy.stdev": 0.014623856171965599, "lowlevel.spectral_energyband_high.mean": 0.0013721920549869537, "lowlevel.spectral_energyband_high.stdev": 0.0013661120319738984, "lowlevel.spectral_energyband_low.mean": 0.007355758920311928, "lowlevel.spectral_energyband_low.stdev": 0.007502376101911068, "lowlevel.spectral_energyband_middle_high.mean": 0.006572497542947531, "lowlevel.spectral_energyband_middle_high.stdev": 0.008852765895426273, "lowlevel.spectral_energyband_middle_low.mean": 0.014880780130624771, "lowlevel.spectral_energyband_middle_low.stdev": 0.010917924344539642, "lowlevel.spectral_entropy.mean": 7.542997360229492, "lowlevel.spectral_entropy.stdev": 0.3781108856201172, "lowlevel.spectral_flux.mean": 0.08064088970422745, "lowlevel.spectral_flux.stdev": 0.04706288129091263, "lowlevel.spectral_kurtosis.mean": 3.0379183292388916, "lowlevel.spectral_kurtosis.stdev": 1.6720954179763794, "lowlevel.spectral_rms.mean": 0.0051025100983679295, "lowlevel.spectral_rms.stdev": 0.0013802514877170324, "lowlevel.spectral_rolloff.mean": 1571.575927734375, "lowlevel.spectral_rolloff.stdev": 1730.5654296875, "lowlevel.spectral_skewness.mean": 1.4218324422836304, "lowlevel.spectral_skewness.stdev": 0.37379997968673706, "lowlevel.spectral_spread.mean": 6076035.5, "lowlevel.spectral_spread.stdev": 1821698.5, "lowlevel.spectral_strongpeak.mean": 1.531293272972107, "lowlevel.spectral_strongpeak.stdev": 1.8328680992126465, "lowlevel.zerocrossingrate.mean": 0.070856012403965, "lowlevel.zerocrossingrate.stdev": 0.03443145006895065, "metadata.audio_properties.analysis.equal_loudness": 0.0, "metadata.audio_properties.analysis.length": 24.383991241455078, "metadata.audio_properties.analysis.sample_rate": 44100.0, "metadata.audio_properties.analysis.start_time": 0.0, "metadata.audio_properties.bit_rate": 116846.0, "metadata.audio_properties.length": 24.384000778198242, "metadata.audio_properties.lossless": 0.0, "metadata.audio_properties.number_channels": 1.0, "metadata.audio_properties.replay_gain": -15.274496078491211, "metadata.audio_properties.sample_rate": 48000.0, "rhythm.beats_count": 47.0, "rhythm.beats_loudness.mean": 0.035648372024297714, "rhythm.beats_loudness.stdev": 0.011958736926317215, "rhythm.bpm": 117.47863006591797, "rhythm.bpm_histogram_first_peak_bpm": 117.0, "rhythm.bpm_histogram_first_peak_weight": 0.40909093618392944, "rhythm.bpm_histogram_second_peak_bpm": 112.0, "rhythm.bpm_histogram_second_peak_spread": 0.0, "rhythm.bpm_histogram_second_peak_weight": 0.043478261679410934, "rhythm.danceability": 1.304612159729004, "rhythm.onset_rate": 4.261566162109375, "tonal.chords_changes_rate": 0.0360531322658062, "tonal.chords_number_rate": 0.01138519961386919, "tonal.chords_strength.mean": 0.5360721945762634, "tonal.chords_strength.stdev": 0.06392825394868851, "tonal.hpcp_crest.mean": 18.373584747314453, "tonal.hpcp_crest.stdev": 8.368976593017578, "tonal.hpcp_entropy.mean": 1.4815313816070557, "tonal.hpcp_entropy.stdev": 0.706393301486969, "tonal.key_edma.strength": 0.8384231328964233, "tonal.key_krumhansl.strength": 0.8406946063041687, "tonal.key_temperley.strength": 0.8418764472007751, "tonal.tuning_diatonic_strength": 0.6851776242256165, "tonal.tuning_equal_tempered_deviation": 0.03360849618911743, "tonal.tuning_frequency": 438.98455810546875, "tonal.tuning_nontempered_energy_ratio": 0.6235111951828003, "lowlevel.barkbands.mean": [0.00011009786248905584, 0.0015686750411987305, 0.004257260821759701, 0.002346613211557269, 0.0027937949635088444, 0.005252223927527666, 0.002584354253485799, 0.0010032549034804106, 0.0006850849604234099, 0.0006619705818593502, 0.001466941786929965, 0.0006859922432340682, 0.00098544976208359, 0.0004950705915689468, 0.00044747948413714767, 0.0005247285589575768, 0.0006114639691077173, 0.00041847521788440645, 0.00023509901075158268, 0.0004885511589236557, 0.00032717103022150695, 9.409931226400658e-05, 0.0001131100652855821, 0.00018740986706689, 0.00021261039364617318, 8.138545672409236e-05, 7.945266702336085e-07], "lowlevel.barkbands.stdev": [0.00012997016892768443, 0.004519364796578884, 0.003894973546266556, 0.0015738438814878464, 0.004430711735039949, 0.008110541850328445, 0.005199552513659, 0.0026950144674628973, 0.0038345265202224255, 0.0019820332527160645, 0.004477687645703554, 0.0027595635037869215, 0.003412363352254033, 0.0022538332268595695, 0.0017207502387464046, 0.001629238948225975, 0.0015745229320600629, 0.001011763233691454, 0.0004238950496073812, 0.0006710664601996541, 0.0004734341928269714, 0.0001959812070708722, 0.0002520339039620012, 0.0004128081782255322, 0.00025561597431078553, 0.00012117760343244299, 2.5184872356476262e-06], "lowlevel.erbbands.mean": [0.02879493683576584, 0.4525502324104309, 3.428645133972168, 8.286003112792969, 8.245165824890137, 8.005887985229492, 19.392135620117188, 52.46519088745117, 46.57681655883789, 30.340070724487305, 11.83842658996582, 18.55694580078125, 16.938013076782227, 31.46334457397461, 64.36113739013672, 32.29960632324219, 45.63665008544922, 33.89691925048828, 24.360904693603516, 21.70197296142578, 27.651308059692383, 33.48946762084961, 27.2550048828125, 15.029582977294922, 11.929118156433105, 21.944843292236328, 21.89794158935547, 7.688258647918701, 3.7730565071105957, 2.8333513736724854, 3.186342716217041, 3.1998000144958496, 3.567542791366577, 2.793414354324341, 1.2536470890045166, 0.47072574496269226, 0.12811537086963654, 0.013256365433335304, 0.00027960617444477975, 4.836628431803547e-05], "lowlevel.erbbands.stdev": [0.08505772054195404, 1.2150030136108398, 3.9791858196258545, 5.413293361663818, 5.911556243896484, 17.54084014892578, 35.53350067138672, 82.41547393798828, 85.47456359863281, 60.796142578125, 28.281362533569336, 102.45575714111328, 49.28986740112305, 116.60391235351562, 197.39935302734375, 120.78146362304688, 142.5382080078125, 131.21267700195312, 90.92402648925781, 63.62247848510742, 84.46749877929688, 82.67659759521484, 60.2821159362793, 26.35028839111328, 18.629175186157227, 29.020118713378906, 31.77825927734375, 9.553189277648926, 7.186588287353516, 6.4724884033203125, 7.143037796020508, 7.718124866485596, 7.382668495178223, 3.6442158222198486, 1.6053835153579712, 0.698654055595398, 0.19535191357135773, 0.02247806265950203, 0.00042330959695391357, 2.7847667297464795e-05], "lowlevel.gfcc.mean": [20.63576889038086, 71.71513366699219, -100.20945739746094, 34.86725616455078, -66.35902404785156, 10.885794639587402, -52.513946533203125, 8.173006057739258, -43.45363235473633, 6.653139591217041, -18.29216766357422, -3.1470327377319336, -10.327066421508789], "lowlevel.melbands.mean": [0.00034827846684493124, 0.0014711986295878887, 0.0014088457683101296, 0.0005389455473050475, 0.000655001203995198, 0.001125809852965176, 0.000674513925332576, 0.00031473496346734464, 7.883278885856271e-05, 0.00012046816846122965, 8.003786206245422e-05, 0.00011505078146001324, 0.00019523744413163513, 0.00011833685857709497, 6.977972952881828e-05, 0.00010448154353071004, 5.7889345043804497e-05, 3.6903584259562194e-05, 2.693220267246943e-05, 3.810036287177354e-05, 2.8425602067727596e-05, 2.7781543394667096e-05, 4.6441666199825704e-05, 1.2828613762394525e-05, 1.2124066415708512e-05, 7.605318387504667e-06, 9.173196303891018e-06, 1.660553607507609e-05, 1.636215893086046e-05, 8.458964657620527e-06, 3.0455205433099763e-06, 2.2390540834749117e-06, 1.4850987781755975e-06, 1.6546659935556818e-06, 1.7253205442102626e-06, 1.995603952309466e-06, 1.9913798041670816e-06, 2.533751739974832e-06, 2.535060275477008e-06, 2.343347205169266e-06], "lowlevel.melbands.stdev": [0.0009753460180945694, 0.001811184803955257, 0.0007870720000937581, 0.0006386326858773828, 0.0011811429867520928, 0.0017338430043309927, 0.0012478743446990848, 0.0006845053867436945, 0.00022005688515491784, 0.000697713578119874, 0.00024275094619952142, 0.0004572848556563258, 0.0005916259833611548, 0.00038346147630363703, 0.00023368812981061637, 0.00038279357249848545, 0.0002483175485394895, 0.0001345578202744946, 9.813902579480782e-05, 0.00011734137660823762, 9.243335080100223e-05, 7.234805525513366e-05, 0.0001242460130015388, 2.4103768737404607e-05, 2.34512936003739e-05, 1.8467071640770882e-05, 1.1344898666720837e-05, 2.452907028782647e-05, 2.5923953216988593e-05, 1.4152778931020293e-05, 4.311782959121047e-06, 4.479100880416809e-06, 3.3981059459620155e-06, 4.008062660432188e-06, 3.953232408093754e-06, 5.0422090680513065e-06, 4.823788913199678e-06, 6.007144747854909e-06, 4.11676137446193e-06, 3.0024298212083522e-06], "lowlevel.melbands128.mean": [4.29891370004043e-05, 0.00016370943922083825, 0.00043452956015244126, 0.0007748540956526995, 0.0012539552990347147, 0.0024222552310675383, 0.001843663863837719, 0.0009920629672706127, 0.0009152003331109881, 0.0003958461747970432, 0.0003764053981285542, 0.0006042788154445589, 0.0005038994131609797, 0.0009730985038913786, 0.00145675428211689, 0.001040749135427177, 0.0007766787894070148, 0.000721122371032834, 0.0004015522717963904, 0.00029254835681058466, 0.00035497042699716985, 8.413465548073873e-05, 4.369432645034976e-05, 5.039337702328339e-05, 0.00012628809781745076, 0.0001726820773910731, 5.526615132112056e-05, 9.508547373116016e-05, 5.401487942435779e-05, 0.00010559013753663749, 0.00015805078146513551, 9.851497452473268e-05, 0.00016729693743400276, 0.0003540545585565269, 8.380521467188373e-05, 9.029925422510132e-05, 8.153666567523032e-05, 2.9104943678248674e-05, 9.863310697255656e-05, 0.00011921753321075812, 0.00012325109855737537, 4.7516663471469656e-05, 6.0543268773471937e-05, 7.331262168008834e-05, 1.4663989531982224e-05, 3.6340428778203204e-05, 5.633143155137077e-05, 1.65915880643297e-05, 2.1536103304242715e-05, 2.6648609491530806e-05, 4.2492360080359504e-05, 4.713131784228608e-05, 3.6060675483895466e-05, 1.7280721294810064e-05, 1.8139933672500774e-05, 1.6377787687815726e-05, 4.486403486225754e-05, 7.054980233078822e-05, 4.0348237234866247e-05, 1.584883466421161e-05, 7.073797860357445e-06, 1.2753397641063202e-05, 1.8974558770423755e-05, 1.0128601388714742e-05, 4.589484888128936e-06, 7.73613737692358e-06, 8.972545401775278e-06, 8.72140208230121e-06, 7.983444447745569e-06, 1.1916938092326745e-05, 1.2638073712878395e-05, 2.292981298523955e-05, 2.2558984710485674e-05, 1.329878705291776e-05, 1.1409159014874604e-05, 1.0469910193933174e-05, 6.934010343684349e-06, 3.178549377480522e-06, 2.7258872705715476e-06, 2.256763082186808e-06, 2.487002348061651e-06, 2.285005393787287e-06, 1.5924508716125274e-06, 1.4308096751847188e-06, 1.3317842331161955e-06, 1.3980601352159283e-06, 1.9551421246433165e-06, 1.7911058876052266e-06, 1.5093701222212985e-06, 1.7327009800283122e-06, 2.3572172267449787e-06, 1.966496938621276e-06, 1.6673590153004625e-06, 1.6297859701808193e-06, 2.488062136762892e-06, 2.710812850637012e-06, 2.474787606843165e-06, 2.296213096997235e-06, 2.733859901127289e-06, 2.6015734420070658e-06, 2.268022853968432e-06, 2.6277384677086957e-06, 1.951997774085612e-06, 1.4928497193977819e-06, 1.2210615523144952e-06, 1.404322802045499e-06, 1.064492266777961e-06, 1.0705896329454845e-06, 8.214878448598029e-07, 5.620764227387554e-07, 4.132226933961647e-07, 4.7100283495637996e-07, 4.429058151345089e-07, 3.1801633326722367e-07, 2.7754623488362995e-07, 1.224986192482902e-07, 3.1004525169464614e-08, 9.510739418239211e-11, 8.204209013540353e-12, 3.5087713984305324e-12, 3.389401389761182e-12, 3.2920582492684813e-12, 3.2086510098200405e-12, 3.1393067399104746e-12, 3.0711928226262453e-12, 3.000797527130672e-12, 2.9559722725114312e-12, 2.9350460863802885e-12], "lowlevel.melbands128.stdev": [9.823996515478939e-05, 0.0006210486753843725, 0.001280393567867577, 0.0023850046563893557, 0.0023685689084231853, 0.0020415380131453276, 0.0014074505306780338, 0.0007412183913402259, 0.0008103653672151268, 0.00038333257543854415, 0.0010874363360926509, 0.0018305029952898622, 0.001281729550100863, 0.002310310024768114, 0.0026824334636330605, 0.00225403206422925, 0.0019474842119961977, 0.0018166383961215615, 0.0011716312728822231, 0.0007819876191206276, 0.0010535049950703979, 0.0002695182920433581, 0.00023511734616477042, 0.00035528463195078075, 0.0007209733012132347, 0.0013052010908722878, 0.00022070037084631622, 0.00037008870276622474, 0.0002259617467643693, 0.0004406310908962041, 0.0008640702581033111, 0.0005220421007834375, 0.0006767183658666909, 0.0012459149584174156, 0.00037687920848838985, 0.0006188344559632242, 0.0004166730213910341, 0.00016617724031675607, 0.0005198485450819135, 0.00042927489266730845, 0.0006360179977491498, 0.00045615158160217106, 0.0003626811085268855, 0.0003306698927190155, 5.856662755832076e-05, 0.0001757002028170973, 0.0003452602250035852, 8.441815589321777e-05, 0.00013602888793684542, 0.00013568063150160015, 0.0001754458644427359, 0.00023823100491426885, 0.00019144888210576028, 5.239541860646568e-05, 6.734710768796504e-05, 6.804989970987663e-05, 0.00019223372510168701, 0.00023689311638008803, 0.00014989262854214758, 5.2784318540943787e-05, 2.038818820437882e-05, 3.530351023073308e-05, 4.276774780009873e-05, 3.127510717604309e-05, 1.073950534191681e-05, 3.700303932419047e-05, 1.908300146169495e-05, 1.7738437236403115e-05, 1.256075847777538e-05, 2.0941477487212978e-05, 2.780078830255661e-05, 5.0723549065878615e-05, 5.265784420771524e-05, 2.880807005567476e-05, 2.370037509535905e-05, 2.6440120564075187e-05, 1.2513268302427605e-05, 4.938377969665453e-06, 4.477794846025063e-06, 4.8544357014179695e-06, 5.58190731680952e-06, 4.9889745241671335e-06, 3.170639274685527e-06, 3.5965038023277884e-06, 3.7435072499647504e-06, 3.4193421925010625e-06, 5.128034445078811e-06, 5.469327334139962e-06, 3.3990040719800163e-06, 4.05377113565919e-06, 6.498113634734182e-06, 4.930218437948497e-06, 5.671811777574476e-06, 4.913436896458734e-06, 5.507897185452748e-06, 6.764397767256014e-06, 7.266419743245933e-06, 4.437716597749386e-06, 5.311508175509516e-06, 4.078300662513357e-06, 3.334647317387862e-06, 3.524095518514514e-06, 2.7730386591429124e-06, 2.2548431388713652e-06, 1.9529172732291045e-06, 2.036348632827867e-06, 1.6762992345320527e-06, 1.6883781199794612e-06, 1.5059205225043115e-06, 9.66707830230007e-07, 7.341363925661426e-07, 8.26127802611154e-07, 7.356085234277998e-07, 5.51409243598755e-07, 5.182657218938402e-07, 2.935961447292357e-07, 8.68396412556649e-08, 9.83937820109304e-10, 1.4721221464064627e-10, 5.334563086406563e-12, 5.1815708841662644e-12, 5.050209816309659e-12, 4.9369874507987355e-12, 4.8435682548086945e-12, 4.76546623343066e-12, 4.703215681495232e-12, 4.6583717785986245e-12, 4.630940162592134e-12], "lowlevel.mfcc.mean": [-629.3323364257812, 102.60836791992188, 18.231081008911133, 23.58193588256836, 7.43654727935791, -4.114455223083496, 6.3639116287231445, -13.379888534545898, -4.349260330200195, -9.751091003417969, -12.17162036895752, 1.3733218908309937, -0.9535232782363892], "lowlevel.spectral_contrast_coeffs.mean": [-0.6498799324035645, -0.6611169576644897, -0.7399954199790955, -0.7722796201705933, -0.7789857387542725, -0.7758873701095581], "lowlevel.spectral_contrast_coeffs.stdev": [0.06522786617279053, 0.08261334896087646, 0.07531610876321793, 0.0706275999546051, 0.0567496120929718, 0.03679165989160538], "lowlevel.spectral_contrast_valleys.mean": [-6.755976676940918, -7.055837631225586, -7.647807598114014, -7.841972351074219, -7.445572376251221, -9.782261848449707], "lowlevel.spectral_contrast_valleys.stdev": [0.5565025210380554, 0.4932383596897125, 0.48717233538627625, 0.41776910424232483, 0.5163770318031311, 0.6021034121513367], "rhythm.beats_loudness_band_ratio.mean": [0.3182155191898346, 0.24874013662338257, 0.1475994884967804, 0.1729816496372223, 0.08791348338127136, 0.08030304312705994], "rhythm.beats_loudness_band_ratio.stdev": [0.20530197024345398, 0.20581848919391632, 0.13480472564697266, 0.20790979266166687, 0.0804668441414833, 0.06119488179683685], "tonal.hpcp.mean": [0.13509105145931244, 0.1037454828619957, 0.0690508559346199, 0.11966926604509354, 0.08409784734249115, 0.023067697882652283, 0.024363474920392036, 0.031108714640140533, 0.28116270899772644, 0.48454585671424866, 0.2490384876728058, 0.04003992676734924, 0.024044262245297432, 0.018744712695479393, 0.07565740495920181, 0.18335972726345062, 0.1345219761133194, 0.03095223568379879, 0.02302757278084755, 0.027127357199788094, 0.06034303084015846, 0.10424234718084335, 0.08606629073619843, 0.19607681035995483, 0.3370625674724579, 0.18944329023361206, 0.029045920819044113, 0.022499525919556618, 0.0319526344537735, 0.1290512979030609, 0.2342437505722046, 0.14289447665214539, 0.030558472499251366, 0.015927784144878387, 0.02444278448820114, 0.0712742730975151], "tonal.hpcp.stdev": [0.2546396255493164, 0.2205411046743393, 0.16134576499462128, 0.28125500679016113, 0.2095957249403, 0.09473307430744171, 0.08511783927679062, 0.11043977737426758, 0.2780856788158417, 0.4256993234157562, 0.25751301646232605, 0.13064545392990112, 0.09095048904418945, 0.07286574691534042, 0.15482552349567413, 0.3289301097393036, 0.24942778050899506, 0.1163473054766655, 0.09683961421251297, 0.11343377828598022, 0.14418265223503113, 0.21213580667972565, 0.1720758080482483, 0.2378915399312973, 0.3851225972175598, 0.251855731010437, 0.10910613089799881, 0.10061531513929367, 0.12638552486896515, 0.1872633397579193, 0.29617199301719666, 0.21473859250545502, 0.10995250195264816, 0.07031705230474472, 0.10516258329153061, 0.17379030585289001], "rhythm.beats_position": [0.5340589284896851, 1.0681178569793701, 1.5789568424224854, 2.0897958278656006, 2.600634813308716, 3.111473798751831, 3.633922815322876, 4.156371593475342, 4.6556010246276855, 5.166440010070801, 5.677278995513916, 6.199728012084961, 6.6989569664001465, 7.209795951843262, 7.732244968414307, 8.243083953857422, 8.74231243133545, 9.241541862487793, 9.75238037109375, 10.263219833374023, 10.77405834197998, 11.284897804260254, 11.80734634399414, 12.318185806274414, 12.829024314880371, 13.351473808288574, 13.862312316894531, 14.373151779174805, 14.883990287780762, 15.394829750061035, 15.905668258666992, 16.428117752075195, 16.92734718322754, 17.43818473815918, 17.949024200439453, 18.459863662719727, 18.970703125, 19.469932556152344, 19.969160079956055, 20.479999542236328, 21.00244903564453, 21.5248966217041, 22.024126052856445, 22.52335548400879, 23.034194946289062, 23.545034408569336, 24.079092025756836], "rhythm.bpm_histogram": [0.0, 0.0, 0.0, 0.0, 0.0, 0.0, 0.0, 0.0, 0.0, 0.0, 0.0, 0.0, 0.0, 0.0, 0.0, 0.0, 0.0, 0.0, 0.0, 0.0, 0.0, 0.0, 0.0, 0.0, 0.0, 0.0, 0.0, 0.0, 0.0, 0.0, 0.0, 0.0, 0.0, 0.0, 0.0, 0.0, 0.0, 0.0, 0.0, 0.0, 0.0, 0.0, 0.0, 0.0, 0.0, 0.0, 0.0, 0.0, 0.0, 0.0, 0.0, 0.0, 0.0, 0.0, 0.0, 0.0, 0.0, 0.0, 0.0, 0.0, 0.0, 0.0, 0.0, 0.0, 0.0, 0.0, 0.0, 0.0, 0.0, 0.0, 0.0, 0.0, 0.0, 0.0, 0.0, 0.0, 0.0, 0.0, 0.0, 0.0, 0.0, 0.0, 0.0, 0.0, 0.0, 0.0, 0.0, 0.0, 0.0, 0.0, 0.0, 0.0, 0.0, 0.0, 0.0, 0.0, 0.0, 0.0, 0.0, 0.0, 0.0, 0.0, 0.0, 0.0, 0.0, 0.0, 0.0, 0.0, 0.0, 0.0, 0.0, 0.0, 0.043478261679410934, 0.0, 0.0, 0.19565217196941376, 0.0, 0.5652173757553101, 0.0, 0.0, 0.19565217196941376, 0.0, 0.0, 0.0, 0.0, 0.0, 0.0, 0.0, 0.0, 0.0, 0.0, 0.0, 0.0, 0.0, 0.0, 0.0, 0.0, 0.0, 0.0, 0.0, 0.0, 0.0, 0.0, 0.0, 0.0, 0.0, 0.0, 0.0, 0.0, 0.0, 0.0, 0.0, 0.0, 0.0, 0.0, 0.0, 0.0, 0.0, 0.0, 0.0, 0.0, 0.0, 0.0, 0.0, 0.0, 0.0, 0.0, 0.0, 0.0, 0.0, 0.0, 0.0, 0.0, 0.0, 0.0, 0.0, 0.0, 0.0, 0.0, 0.0, 0.0, 0.0, 0.0, 0.0, 0.0, 0.0, 0.0, 0.0, 0.0, 0.0, 0.0, 0.0, 0.0, 0.0, 0.0, 0.0, 0.0, 0.0, 0.0, 0.0, 0.0, 0.0, 0.0, 0.0, 0.0, 0.0, 0.0, 0.0, 0.0, 0.0, 0.0, 0.0, 0.0, 0.0, 0.0, 0.0, 0.0, 0.0, 0.0, 0.0, 0.0, 0.0, 0.0, 0.0, 0.0, 0.0, 0.0, 0.0, 0.0, 0.0, 0.0, 0.0, 0.0, 0.0, 0.0, 0.0, 0.0, 0.0, 0.0, 0.0, 0.0, 0.0, 0.0, 0.0, 0.0, 0.0, 0.0, 0.0, 0.0, 0.0], "tonal.chords_histogram": [49.715370178222656, 2.2770397663116455, 19.354839324951172, 0.0, 0.0, 0.0, 0.0, 0.0, 0.0, 0.0, 0.0, 0.0, 0.0, 0.0, 0.0, 0.0, 0.0, 4.933586120605469, 0.0, 0.0, 0.0, 0.0, 10.436432838439941, 13.282732009887695], "tonal.thpcp": [1.0, 0.5139626860618591, 0.08263392746448517, 0.04962226375937462, 0.03868511691689491, 0.15614084899425507, 0.37841564416885376, 0.27762487530708313, 0.0638788565993309, 0.04752403125166893, 0.05598511919379234, 0.12453523278236389, 0.21513411402702332, 0.17762258648872375, 0.40466099977493286, 0.6956257224082947, 0.3909708261489868, 0.059944625943899155, 0.046434253454208374, 0.06594347208738327, 0.26633453369140625, 0.483429491519928, 0.2949039340019226, 0.06306621432304382, 0.03287157043814659, 0.05044472962617874, 0.1470949947834015, 0.2787993252277374, 0.21410870552062988, 0.14250633120536804, 0.2469720095396042, 0.17356014251708984, 0.04760684072971344, 0.05028105154633522, 0.06420179456472397, 0.5802602767944336], "lowlevel.gfcc.cov": [[1792.7757568359375, -403.4731750488281, -210.0119171142578, -79.47733306884766, 55.989646911621094, -95.29484558105469, 59.66802215576172, 126.76123809814453, -31.86552619934082, 204.3827667236328, 36.14887237548828, 129.10372924804688, 9.292008399963379], [-403.4731750488281, 627.6734008789062, -163.87283325195312, -69.8806381225586, 13.380331039428711, -10.895751953125, 41.21292495727539, -72.70211029052734, 23.07349395751953, -24.9905948638916, 62.298240661621094, -113.27020263671875, 51.31660079956055], [-210.0119171142578, -163.87283325195312, 584.7180786132812, 63.82933807373047, -25.979490280151367, 120.02155303955078, -48.885623931884766, 15.985350608825684, 7.939215183258057, -3.672705888748169, -52.47066879272461, 56.57408142089844, -58.20914840698242], [-79.47733306884766, -69.8806381225586, 63.82933807373047, 318.4436340332031, 12.104903221130371, -58.931114196777344, -35.31360626220703, 36.06378173828125, 41.173580169677734, -67.76461029052734, 6.203371047973633, 12.093271255493164, 8.227669715881348], [55.989646911621094, 13.380331039428711, -25.979490280151367, 12.104903221130371, 215.14471435546875, 12.94348430633545, 7.414549350738525, 20.648237228393555, -16.50989532470703, 17.12578582763672, -25.748136520385742, 12.962157249450684, -17.907358169555664], [-95.29484558105469, -10.895751953125, 120.02155303955078, -58.931114196777344, 12.94348430633545, 333.4674377441406, 89.34175109863281, -87.98636627197266, 3.4060723781585693, 25.08678436279297, 11.475668907165527, -24.96449851989746, -12.6353120803833], [59.66802215576172, 41.21292495727539, -48.885623931884766, -35.31360626220703, 7.414549350738525, 89.34175109863281, 189.4901885986328, 19.137269973754883, -24.131563186645508, 46.766700744628906, 29.823366165161133, -0.7115105390548706, -8.191370964050293], [126.76123809814453, -72.70211029052734, 15.985350608825684, 36.06378173828125, 20.648237228393555, -87.98636627197266, 19.137269973754883, 148.08058166503906, 25.79185676574707, -10.268065452575684, -15.982267379760742, 38.07822799682617, -7.406627178192139], [-31.86552619934082, 23.07349395751953, 7.939215183258057, 41.173580169677734, -16.50989532470703, 3.4060723781585693, -24.131563186645508, 25.79185676574707, 103.31763458251953, 13.519625663757324, 1.5176336765289307, -6.195242404937744, 12.632628440856934], [204.3827667236328, -24.9905948638916, -3.672705888748169, -67.76461029052734, 17.12578582763672, 25.08678436279297, 46.766700744628906, -10.268065452575684, 13.519625663757324, 168.32489013671875, 62.76819610595703, 13.023717880249023, 8.79842472076416], [36.14887237548828, 62.298240661621094, -52.47066879272461, 6.203371047973633, -25.748136520385742, 11.475668907165527, 29.823366165161133, -15.982267379760742, 1.5176336765289307, 62.76819610595703, 130.89959716796875, 4.787396430969238, 19.742441177368164], [129.10372924804688, -113.27020263671875, 56.57408142089844, 12.093271255493164, 12.962157249450684, -24.96449851989746, -0.7115105390548706, 38.07822799682617, -6.195242404937744, 13.023717880249023, 4.787396430969238, 100.70614624023438, 17.705181121826172], [9.292008399963379, 51.31660079956055, -58.20914840698242, 8.227669715881348, -17.907358169555664, -12.6353120803833, -8.191370964050293, -7.406627178192139, 12.632628440856934, 8.79842472076416, 19.742441177368164, 17.705181121826172, 101.9827880859375]], "lowlevel.gfcc.icov": [[0.0009753605118021369, 0.00038829611730761826, 0.0007014719303697348, -0.0001004151999950409, 0.00017494987696409225, -0.0002880577521864325, 0.0003749752067960799, -0.0009071967797353864, 0.0006644095410592854, -0.00142876454629004, 0.0003727668372448534, -0.000768651079852134, 0.00018573795387055725], [0.00038829611730761826, 0.004010441247373819, -0.0008542718715034425, 0.0021301982924342155, -0.002253660699352622, 0.002637443132698536, -0.0029890367295593023, 0.00265749404206872, -0.0031297386158257723, 0.0030975111294537783, -0.0033092189114540815, 0.0042113070376217365, -0.002798933070152998], [0.0007014719303697348, -0.0008542718715034425, 0.003929527942091227, -0.001904432661831379, 0.0021370509639382362, -0.003377796383574605, 0.0033317783381789923, -0.003009779378771782, 0.002704115118831396, -0.003632361302152276, 0.0028880254831165075, -0.0037912733387202024, 0.00284577626734972], [-0.0001004151999950409, 0.0021301982924342155, -0.001904432661831379, 0.005824398715049028, -0.002616831101477146, 0.0031673272605985403, -0.002817633328959346, 0.0024586713407188654, -0.0046665542759001255, 0.005287199281156063, -0.004110913258045912, 0.002693762071430683, -0.002284410409629345], [0.00017494987696409225, -0.002253660699352622, 0.0021370509639382362, -0.002616831101477146, 0.007361693307757378, -0.003492450574412942, 0.0034370003268122673, -0.0038977637887001038, 0.004470702726393938, -0.004861562047153711, 0.004456376191228628, -0.003807756816968322, 0.0030659125186502934], [-0.0002880577521864325, 0.002637443132698536, -0.003377796383574605, 0.0031673272605985403, -0.003492450574412942, 0.008846800774335861, -0.007127608638256788, 0.00760964909568429, -0.006127979606389999, 0.005120761692523956, -0.003717878833413124, 0.004181957803666592, -0.002710382454097271], [0.0003749752067960799, -0.0029890367295593023, 0.0033317783381789923, -0.002817633328959346, 0.0034370003268122673, -0.007127608638256788, 0.012493794783949852, -0.008092625997960567, 0.0075703756883740425, -0.006849451921880245, 0.0030695300083607435, -0.003839935874566436, 0.003460712730884552], [-0.0009071967797353864, 0.00265749404206872, -0.003009779378771782, 0.0024586713407188654, -0.0038977637887001038, 0.00760964909568429, -0.008092625997960567, 0.016139784827828407, -0.009036365896463394, 0.006738607306033373, -0.002895979443565011, 0.0007357290014624596, -0.0014194060349836946], [0.0006644095410592854, -0.0031297386158257723, 0.002704115118831396, -0.0046665542759001255, 0.004470702726393938, -0.006127979606389999, 0.0075703756883740425, -0.009036365896463394, 0.017910121008753777, -0.008460881188511848, 0.004926063120365143, -0.002231738530099392, 0.0013570584123954177], [-0.00142876454629004, 0.0030975111294537783, -0.003632361302152276, 0.005287199281156063, -0.004861562047153711, 0.005120761692523956, -0.006849451921880245, 0.006738607306033373, -0.008460881188511848, 0.016133174300193787, -0.009070857428014278, 0.004472469445317984, -0.003572518238797784], [0.0003727668372448534, -0.0033092189114540815, 0.0028880254831165075, -0.004110913258045912, 0.004456376191228628, -0.003717878833413124, 0.0030695300083607435, -0.002895979443565011, 0.004926063120365143, -0.009070857428014278, 0.014767776243388653, -0.00532113341614604, 0.002206707838922739], [-0.000768651079852134, 0.0042113070376217365, -0.0037912733387202024, 0.002693762071430683, -0.003807756816968322, 0.004181957803666592, -0.003839935874566436, 0.0007357290014624596, -0.002231738530099392, 0.004472469445317984, -0.00532113341614604, 0.01950060948729515, -0.007300614845007658], [0.00018573795387055725, -0.002798933070152998, 0.00284577626734972, -0.002284410409629345, 0.0030659125186502934, -0.002710382454097271, 0.003460712730884552, -0.0014194060349836946, 0.0013570584123954177, -0.003572518238797784, 0.002206707838922739, -0.007300614845007658, 0.01436344813555479]], "lowlevel.mfcc.cov": [[1760.9769287109375, -287.5909118652344, -311.1929931640625, 81.20663452148438, -97.219970703125, -116.04370880126953, 40.94166946411133, -61.01726531982422, 35.9975471496582, 5.773061275482178, 12.09763240814209, 128.12698364257812, 110.87989807128906], [-287.5909118652344, 567.2152099609375, -127.98027038574219, -102.02796936035156, -35.9570426940918, 7.0928521156311035, 41.44047164916992, -74.62190246582031, -3.868619203567505, 35.09614944458008, 2.632934331893921, -14.848100662231445, -3.2081680297851562], [-311.1929931640625, -127.98027038574219, 504.49810791015625, -68.32960510253906, 39.68290328979492, 110.65234375, -29.58965492248535, 58.263084411621094, -16.66836166381836, 17.049760818481445, 34.38794708251953, -42.527889251708984, -28.04528045654297], [81.20663452148438, -102.02796936035156, -68.32960510253906, 328.1290283203125, 47.61765670776367, -145.33253479003906, -31.623029708862305, 29.486347198486328, 15.680804252624512, -58.762969970703125, -15.63229751586914, 58.0802116394043, 9.352692604064941], [-97.219970703125, -35.9570426940918, 39.68290328979492, 47.61765670776367, 189.64817810058594, 10.166336059570312, -51.32083511352539, 18.294029235839844, 1.8699865341186523, -7.074213027954102, -22.297325134277344, -21.336748123168945, -4.4302754402160645], [-116.04370880126953, 7.0928521156311035, 110.65234375, -145.33253479003906, 10.166336059570312, 287.6362609863281, 74.34957122802734, -2.900447368621826, -12.1912260055542, 68.68366241455078, 32.86007308959961, -53.928436279296875, 9.800405502319336], [40.94166946411133, 41.44047164916992, -29.58965492248535, -31.623029708862305, -51.32083511352539, 74.34957122802734, 172.57081604003906, 9.578721046447754, -20.76885414123535, 35.513545989990234, 33.86151123046875, 9.051250457763672, 31.214855194091797], [-61.01726531982422, -74.62190246582031, 58.263084411621094, 29.486347198486328, 18.294029235839844, -2.900447368621826, 9.578721046447754, 153.04925537109375, 33.216983795166016, -20.125003814697266, 8.968254089355469, -20.1796932220459, -8.430614471435547], [35.9975471496582, -3.868619203567505, -16.66836166381836, 15.680804252624512, 1.8699865341186523, -12.1912260055542, -20.76885414123535, 33.216983795166016, 111.46554565429688, 12.05924129486084, -6.372631072998047, 2.059757709503174, 6.203077793121338], [5.773061275482178, 35.09614944458008, 17.049760818481445, -58.762969970703125, -7.074213027954102, 68.68366241455078, 35.513545989990234, -20.125003814697266, 12.05924129486084, 106.74791717529297, 30.32866668701172, -9.467916488647461, 7.285604000091553], [12.09763240814209, 2.632934331893921, 34.38794708251953, -15.63229751586914, -22.297325134277344, 32.86007308959961, 33.86151123046875, 8.968254089355469, -6.372631072998047, 30.32866668701172, 101.64781188964844, 27.53830337524414, 3.4156761169433594], [128.12698364257812, -14.848100662231445, -42.527889251708984, 58.0802116394043, -21.336748123168945, -53.928436279296875, 9.051250457763672, -20.1796932220459, 2.059757709503174, -9.467916488647461, 27.53830337524414, 126.60150909423828, 33.072410583496094], [110.87989807128906, -3.2081680297851562, -28.04528045654297, 9.352692604064941, -4.4302754402160645, 9.800405502319336, 31.214855194091797, -8.430614471435547, 6.203077793121338, 7.285604000091553, 3.4156761169433594, 33.072410583496094, 97.02904510498047]], "lowlevel.mfcc.icov": [[0.0008886778960004449, 0.00068434834247455, 0.0005631630192510784, 0.00018153052951674908, 0.0002636336430441588, 0.0002695739094633609, -0.0001285933394683525, 0.0003850489156320691, -0.0002630808739922941, -0.00020978428074158728, -0.00016002077609300613, -0.0002899439132306725, -0.0006509643280878663], [0.00068434834247455, 0.002706756116822362, 0.0009236437035724521, 0.0008773357258178294, 7.479915075236931e-05, 0.0006292083417065442, -0.000698600139003247, 0.001218017772771418, -0.0005128451157361269, -0.00033645302755758166, -0.0003635770990513265, 0.0001797438890207559, -0.00023012021847534925], [0.0005631630192510784, 0.0009236437035724521, 0.0030268561094999313, 0.00048379128566011786, -5.6940389185911044e-05, -0.0007553355535492301, 0.0009186698007397354, -0.000739246781449765, 0.0005278394091874361, -0.00030800781678408384, -0.0009231212898157537, 3.5063834502579994e-07, -4.908646587864496e-05], [0.00018153052951674908, 0.0008773357258178294, 0.00048379128566011786, 0.004930990282446146, -0.0014989168848842382, 0.0020843634847551584, -0.0007553044706583023, -0.0002863800327759236, -0.0005451688775792718, 0.0010904731461778283, -0.00015789562894497067, -0.0013734009116888046, -0.00014811352593824267], [0.0002636336430441588, 7.479915075236931e-05, -5.6940389185911044e-05, -0.0014989168848842382, 0.006740245968103409, -0.0012410026974976063, 0.0023864302784204483, -0.0008239352027885616, 0.0007464220398105681, -0.0008364332024939358, 0.001068325829692185, 0.0006206706166267395, -0.000811065430752933], [0.0002695739094633609, 0.0006292083417065442, -0.0007553355535492301, 0.0020843634847551584, -0.0012410026974976063, 0.006513465195894241, -0.002606275724247098, 0.0008464487036690116, -0.0003407546319067478, -0.0016325388569384813, -0.0010574321495369077, 0.0018405425362288952, -0.0009547994704917073], [-0.0001285933394683525, -0.000698600139003247, 0.0009186698007397354, -0.0007553044706583023, 0.0023864302784204483, -0.002606275724247098, 0.009330694563686848, -0.002494929824024439, 0.0027114145923405886, -0.0019943388178944588, -0.0009465258335694671, -0.0004792276013176888, -0.0022110515274107456], [0.0003850489156320691, 0.001218017772771418, -0.000739246781449765, -0.0002863800327759236, -0.0008239352027885616, 0.0008464487036690116, -0.002494929824024439, 0.0094901779666543, -0.00380297121591866, 0.0027244871016591787, -0.001980893313884735, 0.0021705846302211285, 0.0002867263392545283], [-0.0002630808739922941, -0.0005128451157361269, 0.0005278394091874361, -0.0005451688775792718, 0.0007464220398105681, -0.0003407546319067478, 0.0027114145923405886, -0.00380297121591866, 0.011272498406469822, -0.0032056341879069805, 0.001361472299322486, -0.0006571515696123242, -0.0009493042598478496], [-0.00020978428074158728, -0.00033645302755758166, -0.00030800781678408384, 0.0010904731461778283, -0.0008364332024939358, -0.0016325388569384813, -0.0019943388178944588, 0.0027244871016591787, -0.0032056341879069805, 0.013795807957649231, -0.0035625379532575607, 0.001186825567856431, -7.057942275423557e-05], [-0.00016002077609300613, -0.0003635770990513265, -0.0009231212898157537, -0.00015789562894497067, 0.001068325829692185, -0.0010574321495369077, -0.0009465258335694671, -0.001980893313884735, 0.001361472299322486, -0.0035625379532575607, 0.013463112525641918, -0.004205832723528147, 0.0013473007129505277], [-0.0002899439132306725, 0.0001797438890207559, 3.5063834502579994e-07, -0.0013734009116888046, 0.0006206706166267395, 0.0018405425362288952, -0.0004792276013176888, 0.0021705846302211285, -0.0006571515696123242, 0.001186825567856431, -0.004205832723528147, 0.011997465044260025, -0.003333426546305418], [-0.0006509643280878663, -0.00023012021847534925, -4.908646587864496e-05, -0.00014811352593824267, -0.000811065430752933, -0.0009547994704917073, -0.0022110515274107456, 0.0002867263392545283, -0.0009493042598478496, -7.057942275423557e-05, 0.0013473007129505277, -0.003333426546305418, 0.012992951087653637]], "metadata.audio_properties.analysis.downmix": "mix", "metadata.audio_properties.codec": "mp3", "metadata.audio_properties.md5_encoded": "13d3fecfdaa9d218deb833f09314ddb8", "metadata.tags.file_name": "1182274148668555274.mp3", "metadata.version.essentia": "2.1-beta6-dev", "metadata.version.essentia_git_sha": "v2.1_beta5-1110-g77a6a954", "metadata.version.extractor": "music 2.0", "tonal.chords_key": "F", "tonal.chords_scale": "major", "tonal.key_edma.key": "F", "tonal.key_edma.scale": "major", "tonal.key_krumhansl.key": "F", "tonal.key_krumhansl.scale": "major", "tonal.key_temperley.key": "F", "tonal.key_temperley.scale": "major", "metadata.tags.encoding": ["Lavf58.45.100"]}, "essentia_models": [{"model_name": "genre_dortmund", "activations": {"alternative": "0.03810675", "blues": "0.10367886", "electronic": "0.015113811", "folkcountry": "0.30297747", "funksoulrnb": "0.013728756", "jazz": "0.0145824645", "pop": "0.28777024", "raphiphop": "0.009032372", "rock": "0.22462451"}}, {"model_name": "genre_rosamerica", "activations": {"classic": "0.002793058", "dance": "0.0049806954", "hip hop": "0.0049582813", "jazz": "0.005417277", "pop": "0.81945205", "rhythm