{"song_id": "1182267752703078400", "download": "https://cdn.discordapp.com/attachments/1135903449314238464/1182267752703078400/chirp.mp4?ex=658413a5&amp", "lyrics": "Mr. Globe shill (Mr. Globe shill)\nYou looove begging the question\nMr. Globe shill (Mr. Globe shill)\nYou dooon't have good intentions\nMr. Globeshill likes to lie\nAnd in hell he's gonna die\nBecause the Earth is not a ball!\nIt has no curve, no movement at all", "style": ["rock"], "essentia_features": {"lowlevel.average_loudness": 0.9847190976142883, "lowlevel.barkbands_crest.mean": 10.982787132263184, "lowlevel.barkbands_crest.stdev": 3.9517135620117188, "lowlevel.barkbands_flatness_db.mean": 0.1335023194551468, "lowlevel.barkbands_flatness_db.stdev": 0.03948640450835228, "lowlevel.barkbands_kurtosis.mean": 2.988976240158081, "lowlevel.barkbands_kurtosis.stdev": 7.25266170501709, "lowlevel.barkbands_skewness.mean": 1.5453425645828247, "lowlevel.barkbands_skewness.stdev": 1.1059913635253906, "lowlevel.barkbands_spread.mean": 34.555931091308594, "lowlevel.barkbands_spread.stdev": 17.655553817749023, "lowlevel.dissonance.mean": 0.47189876437187195, "lowlevel.dissonance.stdev": 0.02309371903538704, "lowlevel.dynamic_complexity": 1.1138263940811157, "lowlevel.erbbands_crest.mean": 9.554878234863281, "lowlevel.erbbands_crest.stdev": 5.142756462097168, "lowlevel.erbbands_flatness_db.mean": 0.13718323409557343, "lowlevel.erbbands_flatness_db.stdev": 0.028636977076530457, "lowlevel.erbbands_kurtosis.mean": 0.35843077301979065, "lowlevel.erbbands_kurtosis.stdev": 1.5234358310699463, "lowlevel.erbbands_skewness.mean": 0.04813096672296524, "lowlevel.erbbands_skewness.stdev": 0.8423474431037903, "lowlevel.erbbands_spread.mean": 47.32024383544922, "lowlevel.erbbands_spread.stdev": 18.27130699157715, "lowlevel.hfc.mean": 42.16498947143555, "lowlevel.hfc.stdev": 23.120962142944336, "lowlevel.loudness_ebu128.integrated": -20.868724822998047, "lowlevel.loudness_ebu128.loudness_range": 0.8990821838378906, "lowlevel.loudness_ebu128.momentary.mean": -20.910438537597656, "lowlevel.loudness_ebu128.momentary.stdev": 0.6063979268074036, "lowlevel.loudness_ebu128.short_term.mean": -20.876827239990234, "lowlevel.loudness_ebu128.short_term.stdev": 0.31559619307518005, "lowlevel.melbands_crest.mean": 15.66096305847168, "lowlevel.melbands_crest.stdev": 4.5534844398498535, "lowlevel.melbands_flatness_db.mean": 0.18465277552604675, "lowlevel.melbands_flatness_db.stdev": 0.05029739812016487, "lowlevel.melbands_kurtosis.mean": 17.321578979492188, "lowlevel.melbands_kurtosis.stdev": 26.76307487487793, "lowlevel.melbands_skewness.mean": 3.249391555786133, "lowlevel.melbands_skewness.stdev": 1.9529188871383667, "lowlevel.melbands_spread.mean": 28.322092056274414, "lowlevel.melbands_spread.stdev": 16.098190307617188, "lowlevel.pitch_salience.mean": 0.47949516773223877, "lowlevel.pitch_salience.stdev": 0.10912908613681793, "lowlevel.silence_rate_20dB.mean": 1.0, "lowlevel.silence_rate_20dB.stdev": 0.0, "lowlevel.silence_rate_30dB.mean": 0.9194214940071106, "lowlevel.silence_rate_30dB.stdev": 0.27218639850616455, "lowlevel.silence_rate_60dB.mean": 0.00206611561588943, "lowlevel.silence_rate_60dB.stdev": 0.04540781304240227, "lowlevel.spectral_centroid.mean": 1849.326171875, "lowlevel.spectral_centroid.stdev": 610.7500610351562, "lowlevel.spectral_complexity.mean": 28.31818199157715, "lowlevel.spectral_complexity.stdev": 9.839309692382812, "lowlevel.spectral_decrease.mean": -1.3822359257176231e-08, "lowlevel.spectral_decrease.stdev": 8.675371532262943e-09, "lowlevel.spectral_energy.mean": 0.055993225425481796, "lowlevel.spectral_energy.stdev": 0.03279115632176399, "lowlevel.spectral_energyband_high.mean": 0.002983829705044627, "lowlevel.spectral_energyband_high.stdev": 0.0029214213136583567, "lowlevel.spectral_energyband_low.mean": 0.033120397478342056, "lowlevel.spectral_energyband_low.stdev": 0.03307429701089859, "lowlevel.spectral_energyband_middle_high.mean": 0.00781139126047492, "lowlevel.spectral_energyband_middle_high.stdev": 0.005359109956771135, "lowlevel.spectral_energyband_middle_low.mean": 0.01450373325496912, "lowlevel.spectral_energyband_middle_low.stdev": 0.010946989990770817, "lowlevel.spectral_entropy.mean": 7.981943130493164, "lowlevel.spectral_entropy.stdev": 0.22171244025230408, "lowlevel.spectral_flux.mean": 0.12677894532680511, "lowlevel.spectral_flux.stdev": 0.0591806098818779, "lowlevel.spectral_kurtosis.mean": 1.5149341821670532, "lowlevel.spectral_kurtosis.stdev": 0.7785220146179199, "lowlevel.spectral_rms.mean": 0.007168573793023825, "lowlevel.spectral_rms.stdev": 0.001799758174456656, "lowlevel.spectral_rolloff.mean": 1692.02490234375, "lowlevel.spectral_rolloff.stdev": 1668.3536376953125, "lowlevel.spectral_skewness.mean": 0.9501100778579712, "lowlevel.spectral_skewness.stdev": 0.18677829205989838, "lowlevel.spectral_spread.mean": 5299794.0, "lowlevel.spectral_spread.stdev": 860667.0, "lowlevel.spectral_strongpeak.mean": 0.9366744756698608, "lowlevel.spectral_strongpeak.stdev": 1.2216880321502686, "lowlevel.zerocrossingrate.mean": 0.07238063216209412, "lowlevel.zerocrossingrate.stdev": 0.03257611021399498, "metadata.audio_properties.analysis.equal_loudness": 0.0, "metadata.audio_properties.analysis.length": 22.44161033630371, "metadata.audio_properties.analysis.sample_rate": 44100.0, "metadata.audio_properties.analysis.start_time": 0.0, "metadata.audio_properties.bit_rate": 119377.0, "metadata.audio_properties.length": 22.44266700744629, "metadata.audio_properties.lossless": 0.0, "metadata.audio_properties.number_channels": 1.0, "metadata.audio_properties.replay_gain": -3.6344966888427734, "metadata.audio_properties.sample_rate": 48000.0, "rhythm.beats_count": 32.0, "rhythm.beats_loudness.mean": 0.04752429202198982, "rhythm.beats_loudness.stdev": 0.010747009888291359, "rhythm.bpm": 86.6848373413086, "rhythm.bpm_histogram_first_peak_bpm": 88.0, "rhythm.bpm_histogram_first_peak_weight": 0.3076922297477722, "rhythm.bpm_histogram_second_peak_bpm": 83.0, "rhythm.bpm_histogram_second_peak_spread": 0.0, "rhythm.bpm_histogram_second_peak_weight": 0.16129031777381897, "rhythm.danceability": 2.1063919067382812, "rhythm.onset_rate": 2.805774211883545, "tonal.chords_changes_rate": 0.06185567006468773, "tonal.chords_number_rate": 0.020618556067347527, "tonal.chords_strength.mean": 0.5811731815338135, "tonal.chords_strength.stdev": 0.10412033647298813, "tonal.hpcp_crest.mean": 12.766836166381836, "tonal.hpcp_crest.stdev": 5.422328948974609, "tonal.hpcp_entropy.mean": 2.063976287841797, "tonal.hpcp_entropy.stdev": 0.782539963722229, "tonal.key_edma.strength": 0.6388644576072693, "tonal.key_krumhansl.strength": 0.6535396575927734, "tonal.key_temperley.strength": 0.6513983607292175, "tonal.tuning_diatonic_strength": 0.6474220752716064, "tonal.tuning_equal_tempered_deviation": 0.24884091317653656, "tonal.tuning_frequency": 437.4657897949219, "tonal.tuning_nontempered_energy_ratio": 0.8706574440002441, "lowlevel.barkbands.mean": [0.0013862350024282932, 0.021665025502443314, 0.007948240265250206, 0.003301049582660198, 0.0025614132173359394, 0.0012494430411607027, 0.0004530103178694844, 0.0010253057116642594, 0.005288336891680956, 0.0011429579462856054, 0.001152257900685072, 0.0006426192703656852, 0.000948198838159442, 0.00119242281652987, 0.0005518022808246315, 0.0005027113948017359, 0.0006176058668643236, 0.00041235610842704773, 0.0006053204415366054, 0.000727614329662174, 0.0006149747641757131, 0.000583410554099828, 0.0006564791547134519, 0.0005050888867117465, 0.0002207590005127713, 3.852328518405557e-05, 1.4008733728587686e-07], "lowlevel.barkbands.stdev": [0.001769939553923905, 0.024080442264676094, 0.01166917011141777, 0.0036674460861831903, 0.005000625271350145, 0.0027053800877183676, 0.0011649971129372716, 0.002505264477804303, 0.00791206769645214, 0.003128940938040614, 0.002382473321631551, 0.0015282266540452838, 0.0018662363290786743, 0.0020551043562591076, 0.0010165103012695909, 0.000835520913824439, 0.0005117967375554144, 0.0003414464008528739, 0.0005712340935133398, 0.0005695913569070399, 0.0005411680322140455, 0.0005175975384190679, 0.0007634997018612921, 0.0008823246462270617, 0.00047176048974506557, 9.275480260839686e-05, 7.248461315612076e-07], "lowlevel.erbbands.mean": [0.5113478899002075, 5.1708526611328125, 10.039000511169434, 11.535700798034668, 8.867073059082031, 8.323091506958008, 9.536191940307617, 8.954079627990723, 7.410114288330078, 8.46479320526123, 51.48862838745117, 112.16629028320312, 61.8388786315918, 38.57098388671875, 37.0650749206543, 27.063188552856445, 41.20718002319336, 60.820152282714844, 40.43218994140625, 25.610912322998047, 31.109865188598633, 33.969200134277344, 21.71892547607422, 31.22281837463379, 30.310884475708008, 34.58595275878906, 27.528709411621094, 22.52726173400879, 21.252836227416992, 20.413372039794922, 17.805198669433594, 11.540593147277832, 8.05910873413086, 3.54349684715271, 1.0367380380630493, 0.2964412271976471, 0.042016614228487015, 0.0024088560603559017, 0.00010857082816073671, 7.628992898389697e-05], "lowlevel.erbbands.stdev": [0.4006127715110779, 6.6663665771484375, 16.56814193725586, 10.196969032287598, 15.436505317687988, 17.73174285888672, 23.414588928222656, 18.79856300354004, 20.585168838500977, 15.371710777282715, 95.01605224609375, 171.34906005859375, 147.12237548828125, 75.25482940673828, 76.67475891113281, 57.50118637084961, 74.93072509765625, 96.90789031982422, 61.62099838256836, 50.41179656982422, 32.30533218383789, 27.377849578857422, 16.926448822021484, 31.39421272277832, 25.657550811767578, 26.49268913269043, 22.750173568725586, 20.74027442932129, 19.27497100830078, 19.2440242767334, 21.829286575317383, 17.364425659179688, 16.517824172973633, 7.790163040161133, 2.177797794342041, 0.7001619935035706, 0.10575870424509048, 0.005702094174921513, 0.0001573702465975657, 3.9037131500663236e-05], "lowlevel.gfcc.mean": [58.17228698730469, 71.64356231689453, -116.063232421875, 67.63629150390625, -59.684444427490234, 41.48900604248047, -25.701448440551758, 20.2388858795166, -18.7966365814209, -0.04597950726747513, -17.462549209594727, -7.560570240020752, -9.277477264404297], "lowlevel.melbands.mean": [0.005527266766875982, 0.005882007535547018, 0.00186047307215631, 0.0006018091225996614, 0.0003333147324156016, 0.00021318292419891804, 0.00010721402213675901, 9.507765207672492e-05, 0.0005683464114554226, 0.0006991823902353644, 0.00029330039978958666, 0.00014371420547831804, 0.0001379026216454804, 6.835664680693299e-05, 9.169415716314688e-05, 8.965332381194457e-05, 0.0001208779722219333, 7.186726725194603e-05, 3.8503123505506665e-05, 3.271569585194811e-05, 3.803361687459983e-05, 3.905077755916864e-05, 2.1205682060099207e-05, 1.8747714420896955e-05, 2.6518315280554816e-05, 2.028662675002124e-05, 2.4410333935520612e-05, 2.253036291222088e-05, 1.719291140034329e-05, 1.5680412616347894e-05, 1.2197141586511862e-05, 1.2386378330120351e-05, 1.0639915672072675e-05, 1.1825425644929055e-05, 1.0673459655663464e-05, 8.378181519219652e-06, 6.666380613751244e-06, 6.067759386496618e-06, 4.094257747055963e-06, 2.61997411143966e-06], "lowlevel.melbands.stdev": [0.0048918272368609905, 0.00843838881701231, 0.0016143039101734757, 0.0011877735378220677, 0.0007188355666585267, 0.00044182961573824286, 0.00028717663371935487, 0.00019419638556428254, 0.0010250385385006666, 0.0010854299180209637, 0.000739673210773617, 0.0002982185978908092, 0.000271626136964187, 0.00016034299915190786, 0.0002405757550150156, 0.00018628033285494894, 0.00021225232922006398, 0.00011717845336534083, 7.741538865957409e-05, 7.741041190456599e-05, 3.8293361285468563e-05, 3.409605415072292e-05, 1.8294769688509405e-05, 1.5567651644232683e-05, 2.92329477815656e-05, 1.964138209586963e-05, 2.1693595044780523e-05, 1.8153621567762457e-05, 1.4963625289965421e-05, 1.4873357940814458e-05, 1.1935555448872037e-05, 1.1688709491863847e-05, 9.739414053910878e-06, 1.2109185263398103e-05, 1.291308490181109e-05, 1.2309135854593478e-05, 1.0558613212197088e-05, 1.2466560292523354e-05, 8.911155418900307e-06, 6.104983640398132e-06], "lowlevel.melbands128.mean": [0.001213365001603961, 0.003352414583787322, 0.007702656555920839, 0.009041144512593746, 0.006010717246681452, 0.003683285089209676, 0.0025502473581582308, 0.0012786753941327333, 0.0008422922110185027, 0.0006160682532936335, 0.00043549342080950737, 0.0003155390149913728, 0.00032908216235227883, 0.00033518520649522543, 0.00018684919632505625, 0.00017102739366237074, 0.0001523706450825557, 7.893429574323818e-05, 7.898759940871969e-05, 7.443926006089896e-05, 0.00010402440238976851, 0.00014951267803553492, 0.000553129066247493, 0.0011547546600922942, 0.0007089353166520596, 0.0006364020518958569, 0.00043190355063416064, 0.0002839944791048765, 0.00013365586346480995, 7.812231342541054e-05, 0.00018393118807580322, 0.00020222470629960299, 0.00010484712402103469, 0.0001384927163599059, 7.383491174550727e-05, 4.044786328449845e-05, 6.182124343467876e-05, 0.0001171248295577243, 8.963064465206116e-05, 7.733402890153229e-05, 0.00010966364061459899, 7.463977817678824e-05, 0.00010346110502723604, 0.00018741170060820878, 7.612553599756211e-05, 5.386112388805486e-05, 5.292631612974219e-05, 4.046640970045701e-05, 3.03117667499464e-05, 3.128310709143989e-05, 3.497381112538278e-05, 3.16785262839403e-05, 3.4460972528904676e-05, 3.860631841234863e-05, 5.0330680096521974e-05, 4.104562685824931e-05, 3.072646359214559e-05, 1.9718188923434354e-05, 2.0221372324158438e-05, 1.803093073249329e-05, 1.592479384271428e-05, 1.962986061698757e-05, 3.099823516095057e-05, 2.85835540125845e-05, 1.9765404431382194e-05, 1.876414353318978e-05, 2.097540163958911e-05, 2.2820780941401608e-05, 2.515620508347638e-05, 2.8277561796130612e-05, 2.1291221855790354e-05, 2.119691089319531e-05, 1.8544211343396455e-05, 1.629940015845932e-05, 1.5520401575486176e-05, 1.8079703295370564e-05, 1.4483061931969132e-05, 1.1796878425229806e-05, 1.2095728379790671e-05, 1.2026911463181023e-05, 1.34023803184391e-05, 1.2460064681363292e-05, 1.0466364983585663e-05, 1.06974857772002e-05, 1.0086660950037185e-05, 1.182738742500078e-05, 1.2490688277466688e-05, 1.1746811651391909e-05, 1.0687951544241514e-05, 9.91692559182411e-06, 9.34557738219155e-06, 8.173969035851769e-06, 6.255153948586667e-06, 6.609648607991403e-06, 7.092951364029432e-06, 6.003144790156512e-06, 6.178632247610949e-06, 5.707109266950283e-06, 3.872381057590246e-06, 3.4456882076483453e-06, 3.3183810046466533e-06, 2.4088963073154446e-06, 1.965817773452727e-06, 1.4883387393638259e-06, 1.0384278539277148e-06, 7.145418976506335e-07, 6.96060794780351e-07, 7.653747502445185e-07, 4.741374368677498e-07, 3.3475674854344106e-07, 2.3250507297234435e-07, 1.3898446127313946e-07, 1.1310663694530376e-07, 5.8882228870515974e-08, 2.880878469113668e-08, 1.4068946896372836e-08, 5.8426015137058585e-09, 3.864286668431305e-10, 8.473681825660329e-12, 8.2313964672176e-12, 7.99552785091251e-12, 7.844238279763882e-12, 7.697174495002734e-12, 7.537592945638938e-12, 7.222891555691557e-12, 6.778575097066142e-12, 6.529131835880664e-12, 6.464466982547545e-12], "lowlevel.melbands128.stdev": [0.0015291812596842647, 0.0032158188987523317, 0.006808523088693619, 0.013814193196594715, 0.011394042521715164, 0.0045021348632872105, 0.002427501603960991, 0.0015951786190271378, 0.0018478031270205975, 0.0015314365737140179, 0.0011289854301139712, 0.0007329211221076548, 0.0010113397147506475, 0.0009279225487262011, 0.00047556732897646725, 0.0005153660313226283, 0.0005527498433366418, 0.0002378842473262921, 0.0002409524895483628, 0.0001836894516600296, 0.00028336059767752886, 0.0005313350702635944, 0.0013676848029717803, 0.0023277723230421543, 0.00150186603423208, 0.0017645388143137097, 0.0014843536773696542, 0.0010526750702410936, 0.0004966980777680874, 0.00026492675533518195, 0.000492274237331003, 0.000598617538344115, 0.00032011111034080386, 0.0004504708922468126, 0.0002822041278705001, 0.0001308414648519829, 0.00022500734485220164, 0.00043205975089222193, 0.0002814666659105569, 0.00021537313295993954, 0.00034199649235233665, 0.00019475212320685387, 0.00024479092098772526, 0.0004403884522616863, 0.00015754949708934873, 0.00016113180026877671, 0.00012907838390674442, 0.00011539145634742454, 9.250841685570776e-05, 9.91514025372453e-05, 0.0001311642408836633, 5.975700696581043e-05, 4.6859102440066636e-05, 4.874406295130029e-05, 6.527086952701211e-05, 4.9261660024058074e-05, 3.5893619497073814e-05, 2.4181099433917552e-05, 2.1873469449928962e-05, 2.0837034753640182e-05, 1.6355514162569307e-05, 2.058681820926722e-05, 4.229343176120892e-05, 3.7542744394158944e-05, 3.694169208756648e-05, 2.0892250176984817e-05, 2.1782521798741072e-05, 2.802920607791748e-05, 2.6059571609948762e-05, 2.956222124339547e-05, 1.8915225155069493e-05, 2.4688246412551962e-05, 2.0455152480280958e-05, 1.6795489500509575e-05, 1.7455344277550466e-05, 2.0031611711601727e-05, 1.5631412679795176e-05, 1.562039142299909e-05, 1.3332462003745604e-05, 1.294297180720605e-05, 1.469157086830819e-05, 1.3374929039855488e-05, 1.0970466064463835e-05, 1.1471979632915463e-05, 9.92981131275883e-06, 1.2487444109865464e-05, 1.4991005627962295e-05, 1.51780441228766e-05, 1.3352079804462846e-05, 1.4100414773565717e-05, 1.591649925103411e-05, 1.227719803864602e-05, 1.0245073099213187e-05, 1.1304659892630298e-05, 1.2193429029139224e-05, 1.1546129826456308e-05, 1.4518884199787863e-05, 1.469102699047653e-05, 8.845968295645434e-06, 7.569719400635222e-06, 8.12744656286668e-06, 6.295912953646621e-06, 4.655746579373954e-06, 3.2649941203999333e-06, 2.6287455057172338e-06, 1.606854652891343e-06, 1.5552741388091817e-06, 1.8455069721312611e-06, 1.3336428992261062e-06, 9.892523848975543e-07, 6.426748200283328e-07, 3.8476198938042216e-07, 3.7313799339244724e-07, 2.067977078468175e-07, 8.794980033144384e-08, 5.7559439881060825e-08, 2.4941117615639996e-08, 1.4473854337282432e-09, 1.0470907127468898e-11, 1.0156406965444731e-11, 9.895671088111513e-12, 9.666688456644312e-12, 9.448405599576937e-12, 9.28495214741476e-12, 9.139392367907284e-12, 9.021266372810643e-12, 8.93898583625985e-12, 8.888161907860681e-12], "lowlevel.mfcc.mean": [-575.9430541992188, 79.11702728271484, 13.78101921081543, 32.03990173339844, 8.91999626159668, 20.69765853881836, 11.608234405517578, 17.721172332763672, 9.306798934936523, 13.55115032196045, 2.678797721862793, 1.467445731163025, -4.308722496032715], "lowlevel.spectral_contrast_coeffs.mean": [-0.7225911021232605, -0.7340841889381409, -0.7439519166946411, -0.7841677665710449, -0.7994969487190247, -0.7381402254104614], "lowlevel.spectral_contrast_coeffs.stdev": [0.0618075355887413, 0.09492627531290054, 0.08841139078140259, 0.049299824982881546, 0.023643741384148598, 0.02692870795726776], "lowlevel.spectral_contrast_valleys.mean": [-6.12196683883667, -6.843110084533691, -7.22047233581543, -7.135777950286865, -6.623309135437012, -9.063492774963379], "lowlevel.spectral_contrast_valleys.stdev": [0.4928048253059387, 0.5656373500823975, 0.48922380805015564, 0.4822697937488556, 0.4137524366378784, 0.5475260019302368], "rhythm.beats_loudness_band_ratio.mean": [0.515696108341217, 0.08517615497112274, 0.15630970895290375, 0.08607812225818634, 0.07717372477054596, 0.12780553102493286], "rhythm.beats_loudness_band_ratio.stdev": [0.14594291150569916, 0.062317200005054474, 0.13196992874145508, 0.06949834525585175, 0.052613694220781326, 0.09984041750431061], "tonal.hpcp.mean": [0.028942687436938286, 0.031943429261446, 0.04501646012067795, 0.08534181118011475, 0.09024927765130997, 0.05151667073369026, 0.035155393183231354, 0.05258887633681297, 0.1562005579471588, 0.3202797770500183, 0.28132471442222595, 0.12392769008874893, 0.06321819126605988, 0.053474798798561096, 0.07884474843740463, 0.12134861946105957, 0.13744580745697021, 0.16270104050636292, 0.21964888274669647, 0.20667138695716858, 0.1520574539899826, 0.10822004079818726, 0.07105633616447449, 0.06113628298044205, 0.07775664329528809, 0.09885313361883163, 0.09055447578430176, 0.06416498869657516, 0.053489115089178085, 0.06455083936452866, 0.09304173290729523, 0.11120601743459702, 0.09177559614181519, 0.09549979120492935, 0.10102161765098572, 0.053374841809272766], "tonal.hpcp.stdev": [0.09360570460557938, 0.10477162152528763, 0.12388712167739868, 0.21425002813339233, 0.20641210675239563, 0.1402249038219452, 0.1109996885061264, 0.13630734384059906, 0.2426956743001938, 0.40448781847953796, 0.34791430830955505, 0.23868761956691742, 0.1564357429742813, 0.1526399552822113, 0.19071520864963531, 0.26302266120910645, 0.2698778510093689, 0.2699413001537323, 0.3432615101337433, 0.30514228343963623, 0.2666276693344116, 0.22513297200202942, 0.1794348508119583, 0.17304612696170807, 0.19556373357772827, 0.22694483399391174, 0.21945467591285706, 0.17940422892570496, 0.15509730577468872, 0.16108238697052002, 0.1758630871772766, 0.20157818496227264, 0.19896699488162994, 0.2213802933692932, 0.2544858157634735, 0.13922779262065887], "rhythm.beats_position": [0.7082086205482483, 1.4280271530151367, 2.14784574508667, 2.867664337158203, 3.5874829292297363, 4.3073015213012695, 5.015510082244873, 5.712108612060547, 6.408707141876221, 7.105306148529053, 7.801904678344727, 8.4752836227417, 9.148661613464355, 9.833650588989258, 10.51863956451416, 11.226847648620605, 11.900226593017578, 12.58521556854248, 13.258593559265137, 13.955192565917969, 14.640181541442871, 15.325169563293457, 16.02176856994629, 16.695146560668945, 17.380136489868164, 18.06512451171875, 18.750112533569336, 19.435102462768555, 20.12009048461914, 20.805078506469727, 21.490068435668945, 22.17505645751953], "rhythm.bpm_histogram": [0.0, 0.0, 0.0, 0.0, 0.0, 0.0, 0.0, 0.0, 0.0, 0.0, 0.0, 0.0, 0.0, 0.0, 0.0, 0.0, 0.0, 0.0, 0.0, 0.0, 0.0, 0.0, 0.0, 0.0, 0.0, 0.0, 0.0, 0.0, 0.0, 0.0, 0.0, 0.0, 0.0, 0.0, 0.0, 0.0, 0.0, 0.0, 0.0, 0.0, 0.0, 0.0, 0.0, 0.0, 0.0, 0.0, 0.0, 0.0, 0.0, 0.0, 0.0, 0.0, 0.0, 0.0, 0.0, 0.0, 0.0, 0.0, 0.0, 0.0, 0.0, 0.0, 0.0, 0.0, 0.0, 0.0, 0.0, 0.0, 0.0, 0.0, 0.0, 0.0, 0.0, 0.0, 0.0, 0.0, 0.0, 0.0, 0.0, 0.0, 0.0, 0.0, 0.0, 0.16129031777381897, 0.0, 0.06451612710952759, 0.19354838132858276, 0.0, 0.4193548262119293, 0.16129031777381897, 0.0, 0.0, 0.0, 0.0, 0.0, 0.0, 0.0, 0.0, 0.0, 0.0, 0.0, 0.0, 0.0, 0.0, 0.0, 0.0, 0.0, 0.0, 0.0, 0.0, 0.0, 0.0, 0.0, 0.0, 0.0, 0.0, 0.0, 0.0, 0.0, 0.0, 0.0, 0.0, 0.0, 0.0, 0.0, 0.0, 0.0, 0.0, 0.0, 0.0, 0.0, 0.0, 0.0, 0.0, 0.0, 0.0, 0.0, 0.0, 0.0, 0.0, 0.0, 0.0, 0.0, 0.0, 0.0, 0.0, 0.0, 0.0, 0.0, 0.0, 0.0, 0.0, 0.0, 0.0, 0.0, 0.0, 0.0, 0.0, 0.0, 0.0, 0.0, 0.0, 0.0, 0.0, 0.0, 0.0, 0.0, 0.0, 0.0, 0.0, 0.0, 0.0, 0.0, 0.0, 0.0, 0.0, 0.0, 0.0, 0.0, 0.0, 0.0, 0.0, 0.0, 0.0, 0.0, 0.0, 0.0, 0.0, 0.0, 0.0, 0.0, 0.0, 0.0, 0.0, 0.0, 0.0, 0.0, 0.0, 0.0, 0.0, 0.0, 0.0, 0.0, 0.0, 0.0, 0.0, 0.0, 0.0, 0.0, 0.0, 0.0, 0.0, 0.0, 0.0, 0.0, 0.0, 0.0, 0.0, 0.0, 0.0, 0.0, 0.0, 0.0, 0.0, 0.0, 0.0, 0.0, 0.0, 0.0, 0.0, 0.0, 0.0, 0.0, 0.0, 0.0, 0.0, 0.0, 0.0, 0.0, 0.0, 0.0, 0.0, 0.0, 0.0, 0.0, 0.0, 0.0, 0.0, 0.0, 0.0], "tonal.chords_histogram": [34.845359802246094, 1.0309277772903442, 2.6804122924804688, 4.948453426361084, 0.0, 0.0, 2.474226713180542, 13.814433097839355, 0.0, 6.1855669021606445, 0.0, 0.0, 0.0, 0.0, 0.0, 0.0, 0.20618556439876556, 0.0, 0.6185566782951355, 0.0, 1.6494845151901245, 0.0, 2.2680411338806152, 29.278350830078125], "tonal.thpcp": [1.0, 0.8783717751502991, 0.3869357407093048, 0.19738426804542542, 0.16696277260780334, 0.24617460370063782, 0.3788831830024719, 0.42914295196533203, 0.5079966187477112, 0.6858031749725342, 0.6452839374542236, 0.47476446628570557, 0.33789220452308655, 0.22185708582401276, 0.19088399410247803, 0.2427772432565689, 0.30864620208740234, 0.28273552656173706, 0.20034043490886688, 0.1670074760913849, 0.20154516398906708, 0.2905014157295227, 0.3472152352333069, 0.2865481972694397, 0.2981761395931244, 0.31541678309440613, 0.1666506826877594, 0.090366892516613, 0.09973601996898651, 0.1405535489320755, 0.2664601802825928, 0.2817826271057129, 0.1608489602804184, 0.10976463556289673, 0.1641966849565506, 0.48770034313201904], "lowlevel.gfcc.cov": [[1434.994140625, -52.954105377197266, -50.273834228515625, -10.659782409667969, -62.14875030517578, -5.942277908325195, -89.1488037109375, -17.038923263549805, -20.27693748474121, 41.325721740722656, -34.674644470214844, -15.245345115661621, -41.29231262207031], [-52.954105377197266, 512.7630615234375, -150.799560546875, -104.86509704589844, 38.82582473754883, -26.777971267700195, 94.95037078857422, -71.4447250366211, 54.61570739746094, -49.83533477783203, 35.307376861572266, -66.79798889160156, 27.82229995727539], [-50.273834228515625, -150.799560546875, 303.9401550292969, 137.1025390625, -2.664398431777954, -50.73473358154297, -86.82157897949219, 2.642521619796753, -50.51760482788086, 1.0453407764434814, 7.882948875427246, 63.859947204589844, 12.486465454101562], [-10.659782409667969, -104.86509704589844, 137.1025390625, 193.98838806152344, 38.36551284790039, -57.75700378417969, -106.88153076171875, -36.45307540893555, -21.443025588989258, 2.4713218212127686, 21.54494857788086, 36.956363677978516, 28.29248046875], [-62.14875030517578, 38.82582473754883, -2.664398431777954, 38.36551284790039, 163.72238159179688, 46.36137008666992, 17.206865310668945, -24.705238342285156, 11.653510093688965, 11.256694793701172, 13.9881591796875, -4.119562149047852, 8.620050430297852], [-5.942277908325195, -26.777971267700195, -50.73473358154297, -57.75700378417969, 46.36137008666992, 148.1910858154297, 110.64327239990234, 26.668922424316406, -14.320053100585938, -17.33007049560547, 3.750009059906006, -13.134663581848145, -9.1869535446167], [-89.1488037109375, 94.95037078857422, -86.82157897949219, -106.88153076171875, 17.206865310668945, 110.64327239990234, 228.56968688964844, 84.11199188232422, 20.478364944458008, -48.885440826416016, -25.700143814086914, -49.545074462890625, -28.849313735961914], [-17.038923263549805, -71.4447250366211, 2.642521619796753, -36.45307540893555, -24.705238342285156, 26.668922424316406, 84.11199188232422, 125.34735870361328, 49.91725158691406, -0.5385101437568665, -45.295616149902344, -32.577030181884766, -24.946548461914062], [-20.27693748474121, 54.61570739746094, -50.51760482788086, -21.443025588989258, 11.653510093688965, -14.320053100585938, 20.478364944458008, 49.91725158691406, 123.14202880859375, 49.437530517578125, -16.163734436035156, -56.73767852783203, -10.930241584777832], [41.325721740722656, -49.83533477783203, 1.0453407764434814, 2.4713218212127686, 11.256694793701172, -17.33007049560547, -48.885440826416016, -0.5385101437568665, 49.437530517578125, 92.7000732421875, 18.167530059814453, -3.5695316791534424, -16.32311248779297], [-34.674644470214844, 35.307376861572266, 7.882948875427246, 21.54494857788086, 13.9881591796875, 3.750009059906006, -25.700143814086914, -45.295616149902344, -16.163734436035156, 18.167530059814453, 86.9192886352539, 47.39021301269531, 21.63058090209961], [-15.245345115661621, -66.79798889160156, 63.859947204589844, 36.956363677978516, -4.119562149047852, -13.134663581848145, -49.545074462890625, -32.577030181884766, -56.73767852783203, -3.5695316791534424, 47.39021301269531, 118.54090118408203, 47.07819747924805], [-41.29231262207031, 27.82229995727539, 12.486465454101562, 28.29248046875, 8.620050430297852, -9.1869535446167, -28.849313735961914, -24.946548461914062, -10.930241584777832, -16.32311248779297, 21.63058090209961, 47.07819747924805, 78.00348663330078]], "lowlevel.gfcc.icov": [[0.0008412371389567852, -0.0007126184063963592, 0.0004112565948162228, -0.0006684741820208728, 0.0006060099694877863, -0.0011262251064181328, 0.00106128491461277, -0.0007775836274959147, 0.0008179495926015079, -0.0010124403052031994, 0.00109190889634192, -0.0005560963763855398, 0.000755933637265116], [-0.0007126184063963592, 0.010044245980679989, -0.0013400615425780416, 0.007282504346221685, -0.0036647566594183445, 0.00980924442410469, -0.0075652385130524635, 0.010827111080288887, -0.007390673737972975, 0.008760696277022362, -0.008107396773993969, 0.006844090763479471, -0.005246590822935104], [0.0004112565948162228, -0.0013400615425780416, 0.006485526449978352, -0.004961126949638128, 0.0006647896952927113, -0.0007713491795584559, 0.001796154654584825, -0.004474719986319542, 0.0038407074753195047, -0.0023392755538225174, 0.001785386586561799, -0.002851802622899413, 0.0018006007885560393], [-0.0006684741820208728, 0.007282504346221685, -0.004961126949638128, 0.016817348077893257, -0.006520439404994249, 0.008905400522053242, -0.0010900541674345732, 0.006514617241919041, -0.005784018896520138, 0.009872335940599442, -0.008648749440908432, 0.006558995693922043, -0.005112184677273035], [0.0006060099694877863, -0.0036647566594183445, 0.0006647896952927113, -0.006520439404994249, 0.010784901678562164, -0.00783014390617609, 0.0006375669618137181, 0.0006719825323671103, 4.802496550837532e-05, -0.005305237136781216, 0.004807800520211458, -0.0030621748883277178, 0.0016347035998478532], [-0.0011262251064181328, 0.00980924442410469, -0.0007713491795584559, 0.008905400522053242, -0.00783014390617609, 0.02391522005200386, -0.013470708392560482, 0.00786915048956871, -0.0009339827229268849, 0.005512039642781019, -0.01050324086099863, 0.008764945901930332, -0.007339859381318092], [0.00106128491461277, -0.0075652385130524635, 0.001796154654584825, -0.0010900541674345732, 0.0006375669618137181, -0.013470708392560482, 0.02088102325797081, -0.015547530725598335, 0.0034147335682064295, 0.002560732886195183, 0.002628572518005967, -0.003938760608434677, 0.007124149240553379], [-0.0007775836274959147, 0.010827111080288887, -0.004474719986319542, 0.006514617241919041, 0.0006719825323671103, 0.00786915048956871, -0.015547530725598335, 0.032134827226400375, -0.017735732719302177, 0.00847773440182209, 6.755284266546369e-05, 0.0024370059836655855, -0.002741288859397173], [0.0008179495926015079, -0.007390673737972975, 0.0038407074753195047, -0.005784018896520138, 4.802496550837532e-05, -0.0009339827229268849, 0.0034147335682064295, -0.017735732719302177, 0.029275715351104736, -0.019618535414338112, 0.0036835097707808018, 0.005880447570234537, -0.004545967560261488], [-0.0010124403052031994, 0.008760696277022362, -0.0023392755538225174, 0.009872335940599442, -0.005305237136781216, 0.005512039642781019, 0.002560732886195183, 0.00847773440182209, -0.019618535414338112, 0.03268641605973244, -0.013004997745156288, 0.0017563196597620845, 0.004664067644625902], [0.00109190889634192, -0.008107396773993969, 0.001785386586561799, -0.008648749440908432, 0.004807800520211458, -0.01050324086099863, 0.002628572518005967, 6.755284266546369e-05, 0.0036835097707808018, -0.013004997745156288, 0.02766563929617405, -0.013865325599908829, 0.004037601873278618], [-0.0005560963763855398, 0.006844090763479471, -0.002851802622899413, 0.006558995693922043, -0.0030621748883277178, 0.008764945901930332, -0.003938760608434677, 0.0024370059836655855, 0.005880447570234537, 0.0017563196597620845, -0.013865325599908829, 0.025760263204574585, -0.014475597068667412], [0.000755933637265116, -0.005246590822935104, 0.0018006007885560393, -0.005112184677273035, 0.0016347035998478532, -0.007339859381318092, 0.007124149240553379, -0.002741288859397173, -0.004545967560261488, 0.004664067644625902, 0.004037601873278618, -0.014475597068667412, 0.025326451286673546]], "lowlevel.mfcc.cov": [[1466.2728271484375, -31.346553802490234, -63.97480392456055, -43.65400314331055, -22.725751876831055, -14.12220287322998, -75.264892578125, -76.92889404296875, -37.96488952636719, 17.207202911376953, -6.920995712280273, -1.8867621421813965, -23.633546829223633], [-31.346553802490234, 457.05340576171875, -139.4284210205078, -50.16899108886719, -60.395572662353516, 36.88980484008789, 11.227630615234375, 9.673208236694336, 8.004910469055176, 21.21158218383789, 19.18475341796875, 4.756638526916504, -15.396570205688477], [-63.97480392456055, -139.4284210205078, 257.0248107910156, 91.79764556884766, 29.868921279907227, -51.33985137939453, -14.924999237060547, -12.608110427856445, -36.4311408996582, -69.60811614990234, -35.559715270996094, 4.391948223114014, 28.190046310424805], [-43.65400314331055, -50.16899108886719, 91.79764556884766, 177.76124572753906, 83.72366333007812, -25.91902732849121, -53.08833312988281, -43.6301155090332, -26.153928756713867, -36.63753128051758, -34.430335998535156, -11.367779731750488, 23.129499435424805], [-22.725751876831055, -60.395572662353516, 29.868921279907227, 83.72366333007812, 156.4918975830078, 31.33351707458496, -31.686080932617188, -56.94853210449219, -27.239046096801758, -13.456192016601562, -23.71891212463379, -13.728888511657715, 15.278889656066895], [-14.12220287322998, 36.88980484008789, -51.33985137939453, -25.91902732849121, 31.33351707458496, 101.13555145263672, 54.67689895629883, 9.747441291809082, -7.32753324508667, -2.8451526165008545, 1.708646297454834, -3.1436522006988525, 2.5456249713897705], [-75.264892578125, 11.227630615234375, -14.924999237060547, -53.08833312988281, -31.686080932617188, 54.67689895629883, 146.12539672851562, 93.3630142211914, 10.192434310913086, -15.1576566696167, 3.8543174266815186, 9.909550666809082, -6.264577865600586], [-76.92889404296875, 9.673208236694336, -12.608110427856445, -43.6301155090332, -56.94853210449219, 9.747441291809082, 93.3630142211914, 134.20921325683594, 54.27927780151367, 5.78315544128418, 5.63625955581665, 2.8127360343933105, -15.434412956237793], [-37.96488952636719, 8.004910469055176, -36.4311408996582, -26.153928756713867, -27.239046096801758, -7.32753324508667, 10.192434310913086, 54.27927780151367, 105.44065856933594, 78.09042358398438, 31.635404586791992, -7.35237455368042, -26.557300567626953], [17.207202911376953, 21.21158218383789, -69.60811614990234, -36.63753128051758, -13.456192016601562, -2.8451526165008545, -15.1576566696167, 5.78315544128418, 78.09042358398438, 144.2095947265625, 74.69998931884766, -2.2715976238250732, -44.30323028564453], [-6.920995712280273, 19.18475341796875, -35.559715270996094, -34.430335998535156, -23.71891212463379, 1.708646297454834, 3.8543174266815186, 5.63625955581665, 31.635404586791992, 74.69998931884766, 99.29620361328125, 32.15200424194336, -29.421762466430664], [-1.8867621421813965, 4.756638526916504, 4.391948223114014, -11.367779731750488, -13.728888511657715, -3.1436522006988525, 9.909550666809082, 2.8127360343933105, -7.35237455368042, -2.2715976238250732, 32.15200424194336, 68.10285949707031, 27.6043758392334], [-23.633546829223633, -15.396570205688477, 28.190046310424805, 23.129499435424805, 15.278889656066895, 2.5456249713897705, -6.264577865600586, -15.434412956237793, -26.557300567626953, -44.30323028564453, -29.421762466430664, 27.6043758392334, 86.03807067871094]], "lowlevel.mfcc.icov": [[0.0007590837776660919, 0.00017225794726982713, 0.0002050917682936415, 0.0001685261377133429, 0.0002966965548694134, -0.00015256796905305237, 0.0004053064330946654, 0.00022954611631575972, 0.0004217131936457008, -0.0002957407559733838, 0.0005388058489188552, -0.00038709212094545364, 0.00043568003457039595], [0.00017225794726982713, 0.0028877321165055037, 0.0015128608793020248, -0.0006365427398122847, 0.001618571812286973, -0.0012460690923035145, 0.0005662781768478453, 0.00012098430306650698, 0.0003340247494634241, 0.00013366798521019518, 0.00023732772388029844, -0.0004764689365401864, 0.00045784778194501996], [0.0002050917682936415, 0.0015128608793020248, 0.0068474519066512585, -0.002507929690182209, 6.020909859216772e-05, 0.003084958530962467, -0.0013867650413885713, 0.00047800285392440856, 5.092104765935801e-05, 0.0025884611532092094, -0.0006950366077944636, -0.00011827923299279064, -0.00021060967992525548], [0.0001685261377133429, -0.0006365427398122847, -0.002507929690182209, 0.010557243600487709, -0.005429716780781746, 0.002360053826123476, 0.002108297310769558, -0.0006689122528769076, -0.00029508842271752656, 0.0011549663031473756, 0.00012573532876558602, 0.0010375698329880834, -0.0009423431474715471], [0.0002966965548694134, 0.001618571812286973, 6.020909859216772e-05, -0.005429716780781746, 0.012997028417885303, -0.00688295578584075, 0.0009712124592624605, 0.0034962045028805733, 0.0004483887751121074, -0.0019232617923989892, 0.0023868782445788383, -0.00033395973150618374, 0.0004760141600854695], [-0.00015256796905305237, -0.0012460690923035145, 0.003084958530962467, 0.002360053826123476, -0.00688295578584075, 0.02001015655696392, -0.0101561788469553, 0.00358633603900671, -0.00044451162102632225, 0.0017194050597026944, -0.0027457489632070065, 0.0035454242024570704, -0.0027042950969189405], [0.0004053064330946654, 0.0005662781768478453, -0.0013867650413885713, 0.002108297310769558, 0.0009712124592624605, -0.0101561788469553, 0.020738868042826653, -0.014543295837938786, 0.005557727068662643, -0.000361407408490777, 0.00036179061862640083, -0.0025024909991770983, 0.0015854075318202376], [0.00022954611631575972, 0.00012098430306650698, 0.00047800285392440856, -0.0006689122528769076, 0.0034962045028805733, 0.00358633603900671, -0.014543295837938786, 0.024222126230597496, -0.013704869896173477, 0.005378258880227804, 0.0009053944959305227, -0.0005753852892667055, 0.001700582797639072], [0.0004217131936457008, 0.0003340247494634241, 5.092104765935801e-05, -0.00029508842271752656, 0.0004483887751121074, -0.00044451162102632225, 0.005557727068662643, -0.013704869896173477, 0.02617795765399933, -0.014827373437583447, 0.0027412716299295425, 0.0011527384631335735, -0.0008691755356267095], [-0.0002957407559733838, 0.00013366798521019518, 0.0025884611532092094, 0.0011549663031473756, -0.0019232617923989892, 0.0017194050597026944, -0.000361407408490777, 0.005378258880227804, -0.014827373437583447, 0.023734696209430695, -0.013647180050611496, 0.004542606417089701, 0.0015338478842750192], [0.0005388058489188552, 0.00023732772388029844, -0.0006950366077944636, 0.00012573532876558602, 0.0023868782445788383, -0.0027457489632070065, 0.00036179061862640083, 0.0009053944959305227, 0.0027412716299295425, -0.013647180050611496, 0.02778002806007862, -0.016534792259335518, 0.008854115381836891], [-0.00038709212094545364, -0.0004764689365401864, -0.00011827923299279064, 0.0010375698329880834, -0.00033395973150618374, 0.0035454242024570704, -0.0025024909991770983, -0.0005753852892667055, 0.0011527384631335735, 0.004542606417089701, -0.016534792259335518, 0.02869371883571148, -0.012928210198879242], [0.00043568003457039595, 0.00045784778194501996, -0.00021060967992525548, -0.0009423431474715471, 0.0004760141600854695, -0.0027042950969189405, 0.0015854075318202376, 0.001700582797639072, -0.0008691755356267095, 0.0015338478842750192, 0.008854115381836891, -0.012928210198879242, 0.02025986649096012]], "metadata.audio_properties.analysis.downmix": "mix", "metadata.audio_properties.codec": "mp3", "metadata.audio_properties.md5_encoded": "b383e5905e474ca524c90409690d56c9", "metadata.tags.file_name": "1182267752703078400.mp3", "metadata.version.essentia": "2.1-beta6-dev", "metadata.version.essentia_git_sha": "v2.1_beta5-1110-g77a6a954", "metadata.version.extractor": "music 2.0", "tonal.chords_key": "C", "tonal.chords_scale": "minor", "tonal.key_edma.key": "C", "tonal.key_edma.scale": "minor", "tonal.key_krumhansl.key": "C", "tonal.key_krumhansl.scale": "minor", "tonal.key_temperley.key": "C", "tonal.key_temperley.scale": "minor", "metadata.tags.encoding": ["Lavf58.45.100"]}, "essentia_models": [{"model_name": "genre_dortmund", "activations": {"alternative": "0.031627636", "blues": "0.0028206012", "electronic": "0.005464111", "folkcountry": "0.001991556", "funksoulrnb": "0.013471932", "jazz": "0.010847147", "pop": "0.0041663605", "raphiphop": "0.007750113", "rock": "0.9358501"}}, {"model_name": "genre_rosamerica", "activations": {"classic": "0.0025121758", "dance": "0.0013632836", "hip hop": "0.0055409926", "jazz": "0.0028518552", "pop": "0.002190043", "rhythm and blues": "0.010608733", "rock": "0.986262", "speech": "0.00044929268"}}, {"model_name": "genre_tzanetakis", "activations": {"blues": "0.0014041159", "