{"song_id": "1182268988105953291", "download": "https://cdn.discordapp.com/attachments/1135903449314238464/1182268988105953291/chirp.mp4?ex=658414cc&amp", "lyrics": "Bak yine kald\u0131m bir ba\u015f\u0131ma,\nAr\u0131yorum seni ama yoksun\nNeden asla bulam\u0131yorum,\nBu \u00e7ocuk senden yoksun.", "style": ["Rock </span><span>, Upbeat </span><span>, Pop Rock"], "essentia_features": {"lowlevel.average_loudness": 0.9599584937095642, "lowlevel.barkbands_crest.mean": 10.486214637756348, "lowlevel.barkbands_crest.stdev": 5.012833595275879, "lowlevel.barkbands_flatness_db.mean": 0.14509521424770355, "lowlevel.barkbands_flatness_db.stdev": 0.055325575172901154, "lowlevel.barkbands_kurtosis.mean": 7.20331335067749, "lowlevel.barkbands_kurtosis.stdev": 15.852323532104492, "lowlevel.barkbands_skewness.mean": 1.9746514558792114, "lowlevel.barkbands_skewness.stdev": 1.6120808124542236, "lowlevel.barkbands_spread.mean": 24.928627014160156, "lowlevel.barkbands_spread.stdev": 17.082599639892578, "lowlevel.dissonance.mean": 0.4543618857860565, "lowlevel.dissonance.stdev": 0.03904221951961517, "lowlevel.dynamic_complexity": 2.529878616333008, "lowlevel.erbbands_crest.mean": 9.234939575195312, "lowlevel.erbbands_crest.stdev": 4.637053966522217, "lowlevel.erbbands_flatness_db.mean": 0.1456497758626938, "lowlevel.erbbands_flatness_db.stdev": 0.04422237351536751, "lowlevel.erbbands_kurtosis.mean": 1.0342496633529663, "lowlevel.erbbands_kurtosis.stdev": 3.7438840866088867, "lowlevel.erbbands_skewness.mean": 0.16800649464130402, "lowlevel.erbbands_skewness.stdev": 0.9841697216033936, "lowlevel.erbbands_spread.mean": 44.02676010131836, "lowlevel.erbbands_spread.stdev": 19.014474868774414, "lowlevel.hfc.mean": 25.147838592529297, "lowlevel.hfc.stdev": 19.938735961914062, "lowlevel.loudness_ebu128.integrated": -17.472009658813477, "lowlevel.loudness_ebu128.loudness_range": 1.847341537475586, "lowlevel.loudness_ebu128.momentary.mean": -17.6784725189209, "lowlevel.loudness_ebu128.momentary.stdev": 1.4009079933166504, "lowlevel.loudness_ebu128.short_term.mean": -17.6662654876709, "lowlevel.loudness_ebu128.short_term.stdev": 0.5620645880699158, "lowlevel.melbands_crest.mean": 15.178893089294434, "lowlevel.melbands_crest.stdev": 6.23512077331543, "lowlevel.melbands_flatness_db.mean": 0.2300301194190979, "lowlevel.melbands_flatness_db.stdev": 0.07004420459270477, "lowlevel.melbands_kurtosis.mean": 20.763490676879883, "lowlevel.melbands_kurtosis.stdev": 41.401695251464844, "lowlevel.melbands_skewness.mean": 3.277531862258911, "lowlevel.melbands_skewness.stdev": 2.2387735843658447, "lowlevel.melbands_spread.mean": 21.243438720703125, "lowlevel.melbands_spread.stdev": 21.24992561340332, "lowlevel.pitch_salience.mean": 0.5129292607307434, "lowlevel.pitch_salience.stdev": 0.1327904760837555, "lowlevel.silence_rate_20dB.mean": 1.0, "lowlevel.silence_rate_20dB.stdev": 0.0, "lowlevel.silence_rate_30dB.mean": 0.8958333134651184, "lowlevel.silence_rate_30dB.stdev": 0.3054754436016083, "lowlevel.silence_rate_60dB.mean": 0.03333333507180214, "lowlevel.silence_rate_60dB.stdev": 0.1795060932636261, "lowlevel.spectral_centroid.mean": 1412.68408203125, "lowlevel.spectral_centroid.stdev": 707.6828002929688, "lowlevel.spectral_complexity.mean": 19.329166412353516, "lowlevel.spectral_complexity.stdev": 10.429323196411133, "lowlevel.spectral_decrease.mean": -1.1587019344005967e-08, "lowlevel.spectral_decrease.stdev": 1.7395610285575458e-08, "lowlevel.spectral_energy.mean": 0.04601305350661278, "lowlevel.spectral_energy.stdev": 0.06657170504331589, "lowlevel.spectral_energyband_high.mean": 0.0010312404483556747, "lowlevel.spectral_energyband_high.stdev": 0.0012883426388725638, "lowlevel.spectral_energyband_low.mean": 0.0272599458694458, "lowlevel.spectral_energyband_low.stdev": 0.06384792923927307, "lowlevel.spectral_energyband_middle_high.mean": 0.0051869903691112995, "lowlevel.spectral_energyband_middle_high.stdev": 0.0053693028166890144, "lowlevel.spectral_energyband_middle_low.mean": 0.013768554665148258, "lowlevel.spectral_energyband_middle_low.stdev": 0.012898923829197884, "lowlevel.spectral_entropy.mean": 7.475272178649902, "lowlevel.spectral_entropy.stdev": 0.4617414176464081, "lowlevel.spectral_flux.mean": 0.10822612792253494, "lowlevel.spectral_flux.stdev": 0.1013418585062027, "lowlevel.spectral_kurtosis.mean": 5.312757968902588, "lowlevel.spectral_kurtosis.stdev": 2.7138655185699463, "lowlevel.spectral_rms.mean": 0.005797682795673609, "lowlevel.spectral_rms.stdev": 0.0033582241740077734, "lowlevel.spectral_rolloff.mean": 1516.7435302734375, "lowlevel.spectral_rolloff.stdev": 1993.541748046875, "lowlevel.spectral_skewness.mean": 1.6343461275100708, "lowlevel.spectral_skewness.stdev": 0.5794146656990051, "lowlevel.spectral_spread.mean": 5069202.5, "lowlevel.spectral_spread.stdev": 1989516.625, "lowlevel.spectral_strongpeak.mean": 0.9162018895149231, "lowlevel.spectral_strongpeak.stdev": 1.0834897756576538, "lowlevel.zerocrossingrate.mean": 0.07195841521024704, "lowlevel.zerocrossingrate.stdev": 0.05227787792682648, "metadata.audio_properties.analysis.equal_loudness": 0.0, "metadata.audio_properties.analysis.length": 16.682653427124023, "metadata.audio_properties.analysis.sample_rate": 44100.0, "metadata.audio_properties.analysis.start_time": 0.0, "metadata.audio_properties.bit_rate": 121871.0, "metadata.audio_properties.length": 16.682666778564453, "metadata.audio_properties.lossless": 0.0, "metadata.audio_properties.number_channels": 1.0, "metadata.audio_properties.replay_gain": -8.501523971557617, "metadata.audio_properties.sample_rate": 48000.0, "rhythm.beats_count": 34.0, "rhythm.beats_loudness.mean": 0.08258332312107086, "rhythm.beats_loudness.stdev": 0.06824854761362076, "rhythm.bpm": 124.54744720458984, "rhythm.bpm_histogram_first_peak_bpm": 123.0, "rhythm.bpm_histogram_first_peak_weight": 0.5, "rhythm.bpm_histogram_second_peak_bpm": 129.0, "rhythm.bpm_histogram_second_peak_spread": 0.19999998807907104, "rhythm.bpm_histogram_second_peak_weight": 0.12121212482452393, "rhythm.danceability": 1.5801525115966797, "rhythm.onset_rate": 4.073040008544922, "tonal.chords_changes_rate": 0.060941826552152634, "tonal.chords_number_rate": 0.008310249075293541, "tonal.chords_strength.mean": 0.534911036491394, "tonal.chords_strength.stdev": 0.09217297285795212, "tonal.hpcp_crest.mean": 16.786224365234375, "tonal.hpcp_crest.stdev": 7.333935737609863, "tonal.hpcp_entropy.mean": 1.594905972480774, "tonal.hpcp_entropy.stdev": 0.7101456522941589, "tonal.key_edma.strength": 0.7953460812568665, "tonal.key_krumhansl.strength": 0.7925468683242798, "tonal.key_temperley.strength": 0.7827653884887695, "tonal.tuning_diatonic_strength": 0.6640629768371582, "tonal.tuning_equal_tempered_deviation": 0.27858686447143555, "tonal.tuning_frequency": 434.193115234375, "tonal.tuning_nontempered_energy_ratio": 0.9826176762580872, "lowlevel.barkbands.mean": [0.0015787426382303238, 0.01982591673731804, 0.0048798806965351105, 0.0015920636942610145, 0.0046406337060034275, 0.002768880221992731, 0.0016027692472562194, 0.0011790189892053604, 0.0014992156066000462, 0.001070698956027627, 0.0005452109617181122, 0.0007183659472502768, 0.000566870323382318, 0.00038928326102904975, 0.00037542867357842624, 0.00034590784343890846, 0.0004136518109589815, 0.0002341468643862754, 0.0005520679405890405, 0.00035023168311454356, 0.00012279920338187367, 6.914745608810335e-05, 0.00012705787958111614, 0.00010473001020727679, 0.000151006446685642, 0.00029449790599755943, 1.4852750609861687e-05], "lowlevel.barkbands.stdev": [0.004585837014019489, 0.05693574622273445, 0.006078525446355343, 0.00206638197414577, 0.005565874744206667, 0.006847640965133905, 0.00334238656796515, 0.0028552741277962923, 0.004374487791210413, 0.0020600310526788235, 0.0015737500507384539, 0.0021934432443231344, 0.0020527266897261143, 0.0007415539002977312, 0.0011562149738892913, 0.00045105020399205387, 0.000479499896755442, 0.0002538005937822163, 0.0006358731188811362, 0.0003710520686581731, 0.00014204307808540761, 0.00014332248247228563, 0.0003515722637530416, 0.00032314661075361073, 0.0002584626490715891, 0.00047799566527828574, 3.370416379766539e-05], "lowlevel.erbbands.mean": [0.7819864749908447, 3.576469898223877, 5.7028985023498535, 6.441780090332031, 10.957725524902344, 14.48263168334961, 15.6705904006958, 23.89411163330078, 31.65382957458496, 19.933658599853516, 27.036054611206055, 39.02195739746094, 30.066009521484375, 26.23033905029297, 29.104663848876953, 28.9693660736084, 26.8458194732666, 20.664257049560547, 20.749404907226562, 15.662954330444336, 22.605743408203125, 21.203737258911133, 14.775407791137695, 27.090917587280273, 22.54287338256836, 15.697063446044922, 8.10447883605957, 3.3480703830718994, 2.4787001609802246, 3.6408724784851074, 3.1971523761749268, 2.0870563983917236, 1.8526711463928223, 1.339800477027893, 1.2698025703430176, 0.9796208143234253, 0.599949836730957, 0.11219355463981628, 0.0022056763991713524, 0.00011760985944420099], "lowlevel.erbbands.stdev": [2.424025058746338, 10.043971061706543, 8.478413581848145, 7.889059066772461, 11.03341293334961, 26.18781852722168, 35.786399841308594, 59.801753997802734, 59.799808502197266, 47.10723114013672, 57.9799919128418, 118.01139068603516, 45.59151840209961, 61.892127990722656, 72.7819595336914, 72.64437866210938, 87.04096221923828, 38.187374114990234, 69.5205078125, 27.156776428222656, 26.441574096679688, 23.088794708251953, 15.333614349365234, 34.81487274169922, 24.617462158203125, 16.95361328125, 8.684226989746094, 4.634228706359863, 4.733160495758057, 11.272499084472656, 8.681509971618652, 6.427653789520264, 6.017848014831543, 3.0580310821533203, 2.082035541534424, 1.5899556875228882, 0.9951101541519165, 0.19575507938861847, 0.0038320356979966164, 0.00014654063852503896], "lowlevel.gfcc.mean": [12.60393238067627, 81.20842742919922, -95.37081146240234, 24.610082626342773, -41.75331115722656, 0.03970763832330704, -33.65443801879883, 18.133710861206055, -36.410865783691406, 9.011894226074219, -22.62143898010254, 4.951792240142822, -16.40567970275879], "lowlevel.melbands.mean": [0.006132651586085558, 0.0034685588907450438, 0.0012002947041764855, 0.0009463619207963347, 0.0005909003666602075, 0.000561164109967649, 0.00044357238220982254, 0.00021814416686538607, 0.0002494135987944901, 0.00022055576846469194, 0.0001438292529201135, 0.00010594155173748732, 8.773375157034025e-05, 9.070582746062428e-05, 7.7107448305469e-05, 3.618912160163745e-05, 4.0774659282760695e-05, 3.3570544474059716e-05, 2.202505129389465e-05, 2.2535305106430314e-05, 2.780860631901305e-05, 2.3342920030700043e-05, 1.6166337445611134e-05, 1.111807614506688e-05, 2.426895298413001e-05, 1.6754440366639756e-05, 1.502462964708684e-05, 9.191292519972194e-06, 5.866566425538622e-06, 2.7873204544448527e-06, 1.600327095729881e-06, 1.4066033600101946e-06, 1.292242131967214e-06, 2.4589123768237187e-06, 1.9298518054711167e-06, 1.4597991366827046e-06, 1.2169468845968368e-06, 1.319484795203607e-06, 1.179836772280396e-06, 1.0945915391857852e-06], "lowlevel.melbands.stdev": [0.018314560875296593, 0.006679099518805742, 0.0011979243718087673, 0.001135367900133133, 0.0012061819434165955, 0.0013264137087389827, 0.0008417809731326997, 0.0005739653715863824, 0.0005648653605021536, 0.0006773501518182456, 0.0002310936979483813, 0.00027278115157969296, 0.0002331183204660192, 0.00028648963780142367, 0.00025335975806228817, 9.868820779956877e-05, 8.380276995012537e-05, 0.00011238898150622845, 5.232538751442917e-05, 3.668921999633312e-05, 3.3434560464229435e-05, 2.736662827373948e-05, 1.8840222764993086e-05, 1.2476921256165951e-05, 3.389843550394289e-05, 1.951471858774312e-05, 1.6357340427930467e-05, 1.034219440043671e-05, 6.7388341449259315e-06, 3.19104492518818e-06, 2.6141385660594096e-06, 2.7298592613078654e-06, 3.304009851490264e-06, 8.453624104731716e-06, 5.421243258751929e-06, 4.296566658013035e-06, 4.030023774248548e-06, 4.78802940051537e-06, 3.074831511185039e-06, 2.5070933133974904e-06], "lowlevel.melbands128.mean": [0.0014540522824972868, 0.00684316223487258, 0.007926826365292072, 0.005220555700361729, 0.0031644999980926514, 0.0023151251953095198, 0.0013730948558077216, 0.0006202603108249605, 0.001279753167182207, 0.0010074637830257416, 0.0007282054284587502, 0.0007758254068903625, 0.00048800703370943666, 0.00047016938333399594, 0.0004455709713511169, 0.0007210020557977259, 0.0007050649728626013, 0.0003711317549459636, 0.00014928297605365515, 0.00021639902843162417, 0.00026651224470697343, 0.0001633523788768798, 0.00022904880461283028, 0.00033754712785594165, 0.00036208529490977526, 8.769240957917646e-05, 0.00010743771417764947, 0.00020889854931738228, 9.554820280754939e-05, 0.00014948929310776293, 8.35428581922315e-05, 7.235942030092701e-05, 8.638582949060947e-05, 9.558621241012588e-05, 0.00012120838073315099, 7.840745092835277e-05, 6.451313674915582e-05, 5.8287121646571904e-05, 0.0001222994178533554, 4.641528721549548e-05, 1.4469146663032006e-05, 1.7577762264409102e-05, 3.848689084406942e-05, 6.816271343268454e-05, 1.559321208333131e-05, 3.75280505977571e-05, 3.8054848118918017e-05, 1.804874773370102e-05, 1.6449328541057184e-05, 2.2270747649599798e-05, 1.9630344468168914e-05, 2.8665748686762527e-05, 2.672235859790817e-05, 2.418027725070715e-05, 3.6851219192612916e-05, 1.7400790966348723e-05, 2.0666882846853696e-05, 1.877870090538636e-05, 1.4825441212451551e-05, 1.1191589692316484e-05, 9.842701729212422e-06, 9.119012247538194e-06, 2.6680014343583025e-05, 3.042225398530718e-05, 1.4763718354515731e-05, 1.857965071394574e-05, 1.6890842744032852e-05, 1.3553065400628839e-05, 1.7472342733526602e-05, 1.1845754670503084e-05, 9.280736776418053e-06, 7.278101747942856e-06, 7.807163456163835e-06, 5.56436316401232e-06, 3.999207365268376e-06, 2.811210151776322e-06, 2.3938855520100333e-06, 1.7885579381982097e-06, 1.4387502460522228e-06, 1.3878087656848948e-06, 1.6113449419208337e-06, 1.3559009630625951e-06, 1.1316653854009928e-06, 1.231271198776085e-06, 1.3792849813398789e-06, 2.2080710095906397e-06, 3.0319074539875146e-06, 2.5597960302548017e-06, 1.6791101415947196e-06, 1.7192141967825592e-06, 1.5984765013854485e-06, 1.400759288117115e-06, 1.1567369710974162e-06, 1.1517272469063755e-06, 1.2800769582099747e-06, 1.3661890534422128e-06, 1.2560122968352516e-06, 1.3897102917326265e-06, 1.177560875476047e-06, 1.1275362794549437e-06, 1.0436442607897334e-06, 1.1914615924979444e-06, 8.94715071808605e-07, 1.4133727290754905e-06, 1.335015554104757e-06, 1.7141533135145437e-06, 1.6827540321173728e-06, 1.3022337270740536e-06, 1.6560069298066082e-06, 2.008015826504561e-06, 1.8939678056995035e-06, 1.9301221527712187e-06, 2.0204802240186837e-06, 2.0424945432750974e-06, 1.884491098280705e-06, 1.4058872466193861e-06, 6.212050607246056e-07, 3.0968656972163444e-08, 4.820206456201959e-10, 1.3483623939603007e-10, 7.036715654606951e-11, 2.0179318285795667e-11, 6.444123012983027e-12, 6.276380457026498e-12, 6.09367114060011e-12, 5.879992673318846e-12, 5.752915505086165e-12, 5.704555751384621e-12], "lowlevel.melbands128.stdev": [0.004346847999840975, 0.021607711911201477, 0.025391997769474983, 0.014020172879099846, 0.005649951286613941, 0.0029001671355217695, 0.0018884607125073671, 0.0008056951337493956, 0.0014283129712566733, 0.0015143705531954765, 0.0018765430431813002, 0.0017387927509844303, 0.0012435537064448, 0.0019050618866458535, 0.0016597975045442581, 0.0014107723254710436, 0.0013213709462434053, 0.0012176798190921545, 0.0004355200508143753, 0.0006233034655451775, 0.0009812272619456053, 0.0004224696895107627, 0.0007528658024966717, 0.0011524178553372622, 0.00132300506811589, 0.000413265050156042, 0.000242522350163199, 0.0003671776212286204, 0.00024978775763884187, 0.0005454995553009212, 0.00023048142611514777, 0.00024357826623599976, 0.0003308947489131242, 0.0003409088822081685, 0.000542924040928483, 0.0003097332955803722, 0.00023261750175151974, 0.00022900206386111677, 0.0005867657018825412, 0.00014469858433585614, 3.04056957247667e-05, 6.61342273815535e-05, 0.0001009991392493248, 0.0001474574819440022, 3.414108869037591e-05, 0.0002121359430020675, 0.00016312077059410512, 7.27979713701643e-05, 4.3435487896203995e-05, 5.706893352908082e-05, 4.870876728091389e-05, 4.321671076468192e-05, 3.968446981161833e-05, 3.548286986188032e-05, 6.312342884484679e-05, 2.5283397917519324e-05, 3.073535845032893e-05, 2.960695383080747e-05, 2.129116364812944e-05, 1.412316760251997e-05, 1.450111267331522e-05, 1.2757643162331078e-05, 4.100390287931077e-05, 5.028722807765007e-05, 1.8579426978249103e-05, 2.3606209651916288e-05, 2.822550777636934e-05, 1.6750216673244722e-05, 2.1884947273065336e-05, 1.7634796677157283e-05, 1.2459646313800476e-05, 8.793936103757005e-06, 1.096135747502558e-05, 7.800495041010436e-06, 4.6472810026898514e-06, 3.4983170280611375e-06, 3.4803510970959906e-06, 3.2370726330555044e-06, 2.5629321953601902e-06, 2.871704964491073e-06, 3.4559670893941075e-06, 3.0046146548556862e-06, 2.664023895704304e-06, 3.903476226696512e-06, 4.280208031559596e-06, 8.155485375027638e-06, 1.2240792784723453e-05, 8.447750587947667e-06, 4.6938866944401525e-06, 5.58276406081859e-06, 5.06217656948138e-06, 4.3074696804978885e-06, 4.19092930314946e-06, 4.272016667528078e-06, 4.521468781604199e-06, 5.077833520772401e-06, 5.462485205498524e-06, 4.86251565234852e-06, 2.895669695135439e-06, 2.8996551009186078e-06, 2.9421114504657453e-06, 2.9148625344532775e-06, 1.8712389646680094e-06, 3.237631062802393e-06, 2.4073274289548863e-06, 3.1004378797661047e-06, 3.224998181394767e-06, 2.228583980468102e-06, 3.094584371865494e-06, 3.7979139051458333e-06, 3.68642145076592e-06, 3.3841972708614776e-06, 3.6007411381433485e-06, 3.847012521873694e-06, 3.4245176721015014e-06, 2.623111413413426e-06, 1.364283889415674e-06, 1.274040783982855e-07, 8.544344787253522e-09, 2.8035378463187044e-09, 1.5060709346315093e-09, 2.6094498783990616e-10, 1.0655414918459005e-11, 1.04106619158717e-11, 1.0216067575230525e-11, 1.006297475902862e-11, 9.953291663089558e-12, 9.887499673177924e-12], "lowlevel.mfcc.mean": [-647.3875732421875, 129.56472778320312, -1.2052524089813232, 35.66427230834961, 6.146610736846924, -4.731289386749268, 8.882256507873535, 1.7651270627975464, 0.34894683957099915, 1.2345328330993652, -1.7499804496765137, -5.554192543029785, 3.671820640563965], "lowlevel.spectral_contrast_coeffs.mean": [-0.6606004238128662, -0.6987332105636597, -0.7392499446868896, -0.7745925784111023, -0.7810779213905334, -0.7342585325241089], "lowlevel.spectral_contrast_coeffs.stdev": [0.09169628471136093, 0.08095645159482956, 0.0687197595834732, 0.05449998751282692, 0.03680421784520149, 0.061524294316768646], "lowlevel.spectral_contrast_valleys.mean": [-6.769951820373535, -7.035005569458008, -7.629705905914307, -7.8282599449157715, -7.425207614898682, -10.86060905456543], "lowlevel.spectral_contrast_valleys.stdev": [1.0578653812408447, 0.8344473838806152, 0.7856224775314331, 0.8729954361915588, 0.9886647462844849, 1.1596324443817139], "rhythm.beats_loudness_band_ratio.mean": [0.48564809560775757, 0.2044823318719864, 0.14742937684059143, 0.0805385634303093, 0.06357534229755402, 0.10001440346240997], "rhythm.beats_loudness_band_ratio.stdev": [0.31085923314094543, 0.16120438277721405, 0.12304576486349106, 0.10163815319538116, 0.05315667763352394, 0.07747475057840347], "tonal.hpcp.mean": [0.1158374547958374, 0.1046585664153099, 0.0533989742398262, 0.029470473527908325, 0.018399780616164207, 0.016769861802458763, 0.049425266683101654, 0.07143022865056992, 0.06670677661895752, 0.26905712485313416, 0.33935993909835815, 0.13736122846603394, 0.06800926476716995, 0.060565970838069916, 0.04137556254863739, 0.09085585922002792, 0.13753235340118408, 0.08231149613857269, 0.03363562375307083, 0.030380314216017723, 0.04809414595365524, 0.08879697322845459, 0.1054568812251091, 0.07891625165939331, 0.047802865505218506, 0.03012457676231861, 0.024169210344552994, 0.03995296359062195, 0.05559510737657547, 0.08501415699720383, 0.41840043663978577, 0.5240277051925659, 0.20875711739063263, 0.07671964913606644, 0.06389937549829483, 0.07944273948669434], "tonal.hpcp.stdev": [0.24416400492191315, 0.22913017868995667, 0.1439908742904663, 0.11450221389532089, 0.08037369698286057, 0.0722535029053688, 0.14755301177501678, 0.19261133670806885, 0.14647023379802704, 0.3411374092102051, 0.40698954463005066, 0.20157182216644287, 0.17553217709064484, 0.17909778654575348, 0.12095363438129425, 0.19015797972679138, 0.2663581371307373, 0.1791963428258896, 0.10561027377843857, 0.09231250733137131, 0.13753058016300201, 0.19817635416984558, 0.22460828721523285, 0.20204375684261322, 0.13125348091125488, 0.09623820334672928, 0.08984825760126114, 0.1288386732339859, 0.16790790855884552, 0.18211640417575836, 0.3356025218963623, 0.37712955474853516, 0.2263583242893219, 0.1795637160539627, 0.175686314702034, 0.19202889502048492], "rhythm.beats_position": [0.42956915497779846, 0.8823582530021667, 1.369977355003357, 1.834376335144043, 2.321995496749878, 2.809614419937134, 3.2740135192871094, 3.7616326808929443, 4.23764181137085, 4.713650703430176, 5.201269626617432, 5.677278995513916, 6.153287887573242, 6.640906810760498, 7.116916179656982, 7.592925071716309, 8.080544471740723, 8.56816291809082, 9.044172286987305, 9.520181655883789, 10.007800102233887, 10.472199440002441, 10.959818840026855, 11.447437286376953, 11.923446655273438, 12.399456024169922, 12.87546443939209, 13.351473808288574, 13.839092254638672, 14.326711654663086, 14.80272102355957, 15.278729438781738, 15.766348838806152, 16.23074722290039], "rhythm.bpm_histogram": [0.0, 0.0, 0.0, 0.0, 0.0, 0.0, 0.0, 0.0, 0.0, 0.0, 0.0, 0.0, 0.0, 0.0, 0.0, 0.0, 0.0, 0.0, 0.0, 0.0, 0.0, 0.0, 0.0, 0.0, 0.0, 0.0, 0.0, 0.0, 0.0, 0.0, 0.0, 0.0, 0.0, 0.0, 0.0, 0.0, 0.0, 0.0, 0.0, 0.0, 0.0, 0.0, 0.0, 0.0, 0.0, 0.0, 0.0, 0.0, 0.0, 0.0, 0.0, 0.0, 0.0, 0.0, 0.0, 0.0, 0.0, 0.0, 0.0, 0.0, 0.0, 0.0, 0.0, 0.0, 0.0, 0.0, 0.0, 0.0, 0.0, 0.0, 0.0, 0.0, 0.0, 0.0, 0.0, 0.0, 0.0, 0.0, 0.0, 0.0, 0.0, 0.0, 0.0, 0.0, 0.0, 0.0, 0.0, 0.0, 0.0, 0.0, 0.0, 0.0, 0.0, 0.0, 0.0, 0.0, 0.0, 0.0, 0.0, 0.0, 0.0, 0.0, 0.0, 0.0, 0.0, 0.0, 0.0, 0.0, 0.0, 0.0, 0.0, 0.0, 0.0, 0.0, 0.0, 0.0, 0.0, 0.0, 0.0, 0.0, 0.0, 0.0, 0.0, 0.42424243688583374, 0.0, 0.0, 0.42424243688583374, 0.0, 0.0, 0.12121212482452393, 0.0, 0.0, 0.0, 0.03030303120613098, 0.0, 0.0, 0.0, 0.0, 0.0, 0.0, 0.0, 0.0, 0.0, 0.0, 0.0, 0.0, 0.0, 0.0, 0.0, 0.0, 0.0, 0.0, 0.0, 0.0, 0.0, 0.0, 0.0, 0.0, 0.0, 0.0, 0.0, 0.0, 0.0, 0.0, 0.0, 0.0, 0.0, 0.0, 0.0, 0.0, 0.0, 0.0, 0.0, 0.0, 0.0, 0.0, 0.0, 0.0, 0.0, 0.0, 0.0, 0.0, 0.0, 0.0, 0.0, 0.0, 0.0, 0.0, 0.0, 0.0, 0.0, 0.0, 0.0, 0.0, 0.0, 0.0, 0.0, 0.0, 0.0, 0.0, 0.0, 0.0, 0.0, 0.0, 0.0, 0.0, 0.0, 0.0, 0.0, 0.0, 0.0, 0.0, 0.0, 0.0, 0.0, 0.0, 0.0, 0.0, 0.0, 0.0, 0.0, 0.0, 0.0, 0.0, 0.0, 0.0, 0.0, 0.0, 0.0, 0.0, 0.0, 0.0, 0.0, 0.0, 0.0, 0.0, 0.0, 0.0, 0.0, 0.0, 0.0, 0.0, 0.0, 0.0, 0.0, 0.0, 0.0, 0.0, 0.0, 0.0], "tonal.chords_histogram": [84.48753356933594, 0.0, 6.371191024780273, 0.0, 0.0, 0.0, 0.0, 0.0, 0.0, 0.0, 0.0, 0.0, 0.0, 0.0, 0.0, 0.0, 0.0, 9.141274452209473, 0.0, 0.0, 0.0, 0.0, 0.0, 0.0], "tonal.thpcp": [1.0, 0.3983703851699829, 0.14640380442142487, 0.12193892896175385, 0.15160027146339417, 0.2210521548986435, 0.19971953332424164, 0.10190105438232422, 0.056238386780023575, 0.035112228244543076, 0.032001860439777374, 0.09431803971529007, 0.13631002604961395, 0.12729628384113312, 0.5134406685829163, 0.6475992202758789, 0.2621258795261383, 0.1297818124294281, 0.1155778020620346, 0.07895682007074356, 0.17337988317012787, 0.26245245337486267, 0.1570747047662735, 0.06418672949075699, 0.05797463282942772, 0.09177786856889725, 0.16945090889930725, 0.20124295353889465, 0.15059557557106018, 0.09122201800346375, 0.05748661234974861, 0.04612200707197189, 0.07624208182096481, 0.1060919240117073, 0.1622321754693985, 0.7984318733215332], "lowlevel.gfcc.cov": [[5108.798828125, -367.8958740234375, 212.1431884765625, 63.38481140136719, 440.3907470703125, -100.20429992675781, 108.8204116821289, 298.8848571777344, 66.67554473876953, 370.73419189453125, -47.272979736328125, 124.09195709228516, -82.26184844970703], [-367.8958740234375, 1761.8404541015625, -631.2283935546875, 158.50802612304688, 319.4448547363281, -300.46929931640625, 303.8974609375, -51.22511672973633, 41.71463394165039, 39.65077590942383, 59.60344314575195, -224.3418426513672, 86.48760986328125], [212.1431884765625, -631.2283935546875, 928.1910400390625, -41.68485641479492, 17.010522842407227, 324.380615234375, -20.69143295288086, 149.08644104003906, 27.027233123779297, -2.5714075565338135, 11.279047966003418, 187.20265197753906, -72.26864624023438], [63.38481140136719, 158.50802612304688, -41.68485641479492, 726.8475952148438, 329.0325012207031, -85.8863296508789, 21.413646697998047, 106.82113647460938, 98.28834533691406, 54.04547882080078, 4.024106979370117, -113.01011657714844, 136.12283325195312], [440.3907470703125, 319.4448547363281, 17.010522842407227, 329.0325012207031, 694.7844848632812, -147.0272216796875, 191.32093811035156, 183.20860290527344, 25.31468391418457, 222.8936004638672, -54.1713752746582, -52.21651840209961, 34.26593017578125], [-100.20429992675781, -300.46929931640625, 324.380615234375, -85.8863296508789, -147.0272216796875, 519.4664916992188, 104.83518981933594, 95.65955352783203, 37.51428985595703, -63.615379333496094, 113.89301300048828, 54.05231857299805, -49.37096405029297], [108.8204116821289, 303.8974609375, -20.69143295288086, 21.413646697998047, 191.32093811035156, 104.83518981933594, 373.0726623535156, 145.53225708007812, -26.62236785888672, 69.36125183105469, 40.91272735595703, -31.76321792602539, -27.61210823059082], [298.8848571777344, -51.22511672973633, 149.08644104003906, 106.82113647460938, 183.20860290527344, 95.65955352783203, 145.53225708007812, 213.39903259277344, 29.688879013061523, 65.9979248046875, -0.3801751136779785, -7.945547580718994, 2.3543195724487305], [66.67554473876953, 41.71463394165039, 27.027233123779297, 98.28834533691406, 25.31468391418457, 37.51428985595703, -26.62236785888672, 29.688879013061523, 132.1682891845703, 20.98555564880371, 8.481707572937012, -2.5026659965515137, 19.36136245727539], [370.73419189453125, 39.65077590942383, -2.5714075565338135, 54.04547882080078, 222.8936004638672, -63.615379333496094, 69.36125183105469, 65.9979248046875, 20.98555564880371, 185.0216064453125, -0.32452476024627686, -5.174219131469727, -9.478316307067871], [-47.272979736328125, 59.60344314575195, 11.279047966003418, 4.024106979370117, -54.1713752746582, 113.89301300048828, 40.91272735595703, -0.3801751136779785, 8.481707572937012, -0.32452476024627686, 107.66510772705078, 15.884382247924805, -6.204772472381592], [124.09195709228516, -224.3418426513672, 187.20265197753906, -113.01011657714844, -52.21651840209961, 54.05231857299805, -31.76321792602539, -7.945547580718994, -2.5026659965515137, -5.174219131469727, 15.884382247924805, 140.2701873779297, -15.428478240966797], [-82.26184844970703, 86.48760986328125, -72.26864624023438, 136.12283325195312, 34.26593017578125, -49.37096405029297, -27.61210823059082, 2.3543195724487305, 19.36136245727539, -9.478316307067871, -6.204772472381592, -15.428478240966797, 102.71668243408203]], "lowlevel.gfcc.icov": [[0.0002585958573035896, -1.0098329767060932e-05, 9.569315443513915e-05, -7.734709652140737e-05, 7.148055010475218e-05, 3.134696453344077e-05, 0.00012559382594190538, -0.00043394899694249034, 1.9416109353187494e-05, -0.0004567790310829878, 0.00014219680451788008, -0.00041385958320461214, 0.0003209778224118054], [-1.0098329767060932e-05, 0.0020283027552068233, -0.00014850763545837253, 0.0012635407038033009, -0.0015337186632677913, 0.0018656498286873102, -0.0022476024460047483, 0.0017779944464564323, -0.0024350914172828197, 0.0021721485536545515, -0.0033920526038855314, 0.0029907638672739267, -0.001827704138122499], [9.569315443513915e-05, -0.00014850763545837253, 0.002761953743174672, -0.0008480527903884649, -9.29539673961699e-05, -0.0017479294911026955, 0.0013302835868671536, -0.0019135406473651528, 0.0008056366350501776, -0.0002600796869955957, 0.001782782026566565, -0.003812580369412899, 0.0022202751133590937], [-7.734709652140737e-05, 0.0012635407038033009, -0.0008480527903884649, 0.004178795497864485, -0.0025297075044363737, 0.0018746149726212025, -0.0009697897476144135, 0.0007220813422463834, -0.003093831241130829, 0.0026961402036249638, -0.004400439094752073, 0.00479185301810503, -0.004506776574999094], [7.148055010475218e-05, -0.0015337186632677913, -9.29539673961699e-05, -0.0025297075044363737, 0.005429856479167938, -0.0007213882054202259, 0.0002846226852852851, -0.0024558359291404486, 0.002397960750386119, -0.005358043126761913, 0.004647498484700918, -0.0027177552692592144, 0.0015364596620202065], [3.134696453344077e-05, 0.0018656498286873102, -0.0017479294911026955, 0.0018746149726212025, -0.0007213882054202259, 0.006681459955871105, -0.003157195169478655, -1.7342361388728023e-05, -0.003866596147418022, 0.003785680280998349, -0.007494073361158371, 0.004002126399427652, -0.0014294660650193691], [0.00012559382594190538, -0.0022476024460047483, 0.0013302835868671536, -0.0009697897476144135, 0.0002846226852852851, -0.003157195169478655, 0.008010969497263432, -0.005501625128090382, 0.004468985367566347, -0.002356213517487049, 0.0019398514414206147, -0.003285476705059409, 0.003445236012339592], [-0.00043394899694249034, 0.0017779944464564323, -0.0019135406473651528, 0.0007220813422463834, -0.0024558359291404486, -1.7342361388728023e-05, -0.005501625128090382, 0.01296086423099041, -0.003512128721922636, 0.0009779874235391617, -0.0006934636039659381, 0.004587408155202866, -0.0037135123275220394], [1.9416109353187494e-05, -0.0024350914172828197, 0.0008056366350501776, -0.003093831241130829, 0.002397960750386119, -0.003866596147418022, 0.004468985367566347, -0.003512128721922636, 0.012837333604693413, -0.004709489643573761, 0.004738769959658384, -0.004533402621746063, 0.00210715364664793], [-0.0004567790310829878, 0.0021721485536545515, -0.0002600796869955957, 0.0026961402036249638, -0.005358043126761913, 0.003785680280998349, -0.002356213517487049, 0.0009779874235391617, -0.004709489643573761, 0.013940487988293171, -0.007447030860930681, 0.0036596001591533422, -0.0007256207172758877], [0.00014219680451788008, -0.0033920526038855314, 0.001782782026566565, -0.004400439094752073, 0.004647498484700918, -0.007494073361158371, 0.0019398514414206147, -0.0006934636039659381, 0.004738769959658384, -0.007447030860930681, 0.021842723712325096, -0.008695151656866074, 0.0038738080766052008], [-0.00041385958320461214, 0.0029907638672739267, -0.003812580369412899, 0.00479185301810503, -0.0027177552692592144, 0.004002126399427652, -0.003285476705059409, 0.004587408155202866, -0.004533402621746063, 0.0036596001591533422, -0.008695151656866074, 0.018502764403820038, -0.0065943100489676], [0.0003209778224118054, -0.001827704138122499, 0.0022202751133590937, -0.004506776574999094, 0.0015364596620202065, -0.0014294660650193691, 0.003445236012339592, -0.0037135123275220394, 0.00210715364664793, -0.0007256207172758877, 0.0038738080766052008, -0.0065943100489676, 0.017657123506069183]], "lowlevel.mfcc.cov": [[4643.51416015625, -79.3382339477539, -378.2756042480469, 380.2506103515625, 130.52896118164062, -31.97385597229004, 74.58828735351562, -94.17643737792969, 169.00277709960938, 182.0497589111328, 109.02769470214844, 179.81103515625, 84.13836669921875], [-79.3382339477539, 1486.2259521484375, -653.489990234375, 319.3043518066406, -147.54542541503906, -4.366609573364258, 176.8647918701172, -101.83296966552734, 106.40416717529297, 17.398523330688477, 138.03956604003906, 43.74336624145508, -0.47602471709251404], [-378.2756042480469, -653.489990234375, 1024.57177734375, -520.2733154296875, 57.95079040527344, 82.5467529296875, -54.89332580566406, 278.5491027832031, -136.08486938476562, -21.142444610595703, -60.26478958129883, -18.035249710083008, 63.05167770385742], [380.2506103515625, 319.3043518066406, -520.2733154296875, 1004.031005859375, 275.7898254394531, -33.77969741821289, 98.00057220458984, -180.53836059570312, 265.6650390625, 113.03070831298828, 26.727203369140625, 10.008551597595215, -13.010136604309082], [130.52896118164062, -147.54542541503906, 57.95079040527344, 275.7898254394531, 385.6329040527344, 47.00700378417969, 2.1130189895629883, -3.953486680984497, 108.22257232666016, 94.31710815429688, -8.368818283081055, 7.736494064331055, 40.10417938232422], [-31.97385597229004, -4.366609573364258, 82.5467529296875, -33.77969741821289, 47.00700378417969, 158.16751098632812, 78.77503204345703, 70.36629486083984, 2.3707175254821777, 39.2710075378418, 54.0982551574707, 50.16514205932617, 11.445068359375], [74.58828735351562, 176.8647918701172, -54.89332580566406, 98.00057220458984, 2.1130189895629883, 78.77503204345703, 369.617919921875, 107.97669219970703, 102.16893768310547, 89.48937225341797, 103.9572982788086, 91.38639831542969, -7.569803237915039], [-94.17643737792969, -101.83296966552734, 278.5491027832031, -180.53836059570312, -3.953486680984497, 70.36629486083984, 107.97669219970703, 251.2519989013672, 4.854558944702148, 40.94340133666992, 6.119526386260986, 44.62891387939453, 25.654367446899414], [169.00277709960938, 106.40416717529297, -136.08486938476562, 265.6650390625, 108.22257232666016, 2.3707175254821777, 102.16893768310547, 4.854558944702148, 219.2069091796875, 87.02501678466797, 36.08613586425781, 27.288583755493164, 10.833648681640625], [182.0497589111328, 17.398523330688477, -21.142444610595703, 113.03070831298828, 94.31710815429688, 39.2710075378418, 89.48937225341797, 40.94340133666992, 87.02501678466797, 167.72047424316406, 46.594146728515625, 41.14201736450195, -1.2698593139648438], [109.02769470214844, 138.03956604003906, -60.26478958129883, 26.727203369140625, -8.368818283081055, 54.0982551574707, 103.9572982788086, 6.119526386260986, 36.08613586425781, 46.594146728515625, 152.3345184326172, 48.2119255065918, 16.007436752319336], [179.81103515625, 43.74336624145508, -18.035249710083008, 10.008551597595215, 7.736494064331055, 50.16514205932617, 91.38639831542969, 44.62891387939453, 27.288583755493164, 41.14201736450195, 48.2119255065918, 125.9774398803711, 22.50391387939453], [84.13836669921875, -0.47602471709251404, 63.05167770385742, -13.010136604309082, 40.10417938232422, 11.445068359375, -7.569803237915039, 25.654367446899414, 10.833648681640625, -1.2698593139648438, 16.007436752319336, 22.50391387939453, 96.31090545654297]], "lowlevel.mfcc.icov": [[0.00025856844149529934, 9.356102964375168e-05, 0.0001070371363312006, -4.0984508814290166e-05, 3.080453097936697e-05, 0.0001522993843536824, 4.710429857368581e-05, 4.905398600385524e-05, -7.678789188503288e-06, -0.00022568830172531307, -0.00010297336120856926, -0.00033809823798947036, -0.00024732350721023977], [9.356102964375168e-05, 0.0011333992006257176, 0.0007129422156140208, -0.00018840467964764684, 0.00048406142741441727, -0.00010982096137013286, -0.00022238102974370122, -0.0002526280877646059, 8.63488094182685e-06, 3.288227162556723e-05, -0.0005480885156430304, 0.0001690863718977198, -0.0006559762405231595], [0.0001070371363312006, 0.0007129422156140208, 0.002648868365213275, 0.0007024124497547746, -0.0007796732243150473, -0.00024039296840783209, 0.00013645786384586245, -0.0021665948443114758, 0.0006643480737693608, 0.00010299671703251079, -8.761027129366994e-05, 0.0007748646312393248, -0.0010280270362272859], [-4.0984508814290166e-05, -0.00018840467964764684, 0.0007024124497547746, 0.002532928017899394, -0.001533434959128499, 0.00019103441445622593, -0.0005356417968869209, 0.0010722344741225243, -0.001629171660169959, -5.360330396797508e-05, 0.0005240014288574457, 0.00017344164371024817, 0.00026023489772342145], [3.080453097936697e-05, 0.00048406142741441727, -0.0007796732243150473, -0.001533434959128499, 0.005212605930864811, -0.0018912246450781822, 0.000535429222509265, 0.0008016764768399298, -0.0010368243092671037, -0.001970559824258089, 0.0009910388616845012, 0.00040620213258080184, -0.002007480710744858], [0.0001522993843536824, -0.00010982096137013286, -0.00024039296840783209, 0.00019103441445622593, -0.0018912246450781822, 0.009830191731452942, -0.000609014998190105, -0.001717018778435886, 0.001507034758105874, -0.0002119823038810864, -0.002914855722337961, -0.002283879555761814, 0.0009242307278327644], [4.710429857368581e-05, -0.00022238102974370122, 0.00013645786384586245, -0.0005356417968869209, 0.000535429222509265, -0.000609014998190105, 0.005313383415341377, -0.0024261041544377804, -0.0012334384955465794, -0.00035727358772419393, -0.002169965300709009, -0.001788673340342939, 0.0016219718381762505], [4.905398600385524e-05, -0.0002526280877646059, -0.0021665948443114758, 0.0010722344741225243, 0.0008016764768399298, -0.001717018778435886, -0.0024261041544377804, 0.00915516447275877, -0.001571874599903822, -0.0016183080151677132, 0.0024245332460850477, -0.0010641104308888316, -0.0012388450559228659], [-7.678789188503288e-06, 8.63488094182685e-06, 0.0006643480737693608, -0.001629171660169959, -0.0010368243092671037, 0.001507034758105874, -0.0012334384955465794, -0.001571874599903822, 0.009017988108098507, -0.0021350255701690912, -0.000610917923040688, 0.00031995453173294663, -0.0010896199382841587], [-0.00022568830172531307, 3.288227162556723e-05, 0.00010299671703251079, -5.360330396797508e-05, -0.001970559824258089, -0.0002119823038810864, -0.00035727358772419393, -0.0016183080151677132, -0.0021350255701690912, 0.009934714064002037, -0.0019801289308816195, -0.0010713876690715551, 0.00232198229059577], [-0.00010297336120856926, -0.0005480885156430304, -8.761027129366994e-05, 0.0005240014288574457, 0.0009910388616845012, -0.002914855722337961, -0.002169965300709009, 0.0024245332460850477, -0.000610917923040688, -0.0019801289308816195, 0.010727877728641033, -0.0008330653654411435, -0.0022130447905510664], [-0.00033809823798947036, 0.0001690863718977198, 0.0007748646312393248, 0.00017344164371024817, 0.00040620213258080184, -0.002283879555761814, -0.001788673340342939, -0.0010641104308888316, 0.00031995453173294663, -0.0010713876690715551, -0.0008330653654411435, 0.012096216902136803, -0.0026805722154676914], [-0.00024732350721023977, -0.0006559762405231595, -0.0010280270362272859, 0.00026023489772342145, -0.002007480710744858, 0.0009242307278327644, 0.0016219718381762505, -0.0012388450559228659, -0.0010896199382841587, 0.00232198229059577, -0.0022130447905510664, -0.0026805722154676914, 0.013634942471981049]], "metadata.audio_properties.analysis.downmix": "mix", "metadata.audio_properties.codec": "mp3", "metadata.audio_properties.md5_encoded": "75b14484bfb2eb896e6515ab8cfa8788", "metadata.tags.file_name": "1182268988105953291.mp3", "metadata.version.essentia": "2.1-beta6-dev", "metadata.version.essentia_git_sha": "v2.1_beta5-1110-g77a6a954", "metadata.version.extractor": "music 2.0", "tonal.chords_key": "C", "tonal.chords_scale": "major", "tonal.key_edma.key": "C", "tonal.key_edma.scale": "major", "tonal.key_krumhansl.key": "C", "tonal.key_krumhansl.scale": "major", "tonal.key_temperley.key": "C", "tonal.key_temperley.scale": "major", "metadata.tags.encoding": ["Lavf58.45.100"]}, "essentia_models": [{"model_name": "genre_dortmund", "activations": {"alternative": "0.09941606", "blues": "0.01781169", "electronic": "0.0013603569", "folkcountry": "0.03152667", "funksoulrnb": "0.0099970605", "jazz": "0.007268265", "pop": "0.024006533", "raphiphop": "0.00040393797", "rock": "0.71242154"}}, {"model_name": "genre_rosamerica", "activations": {"classic": "0.0014478097", "dance": "0.000120159915", "hip hop": "0.0053834612", "jazz": "0.0013484871", "pop": "0.37210256", "rhythm and blues": "0.0038740213", "rock": "0.8042736", "speech": "0.0029653222"}}, {"model_name": "genre_tzanetakis", "activations": {"blues": "0.07345356", "classic": "4.790351e-06", "country": "0.001514009", "disco": "0.0008704925", "hip hop": "0.00087691116", "jazz": "0.00055740454", "metal": "0.03