{"song_id": "1182269452419612672", "download": "https://cdn.discordapp.com/attachments/1128313332273782784/1182269452419612672/chirp.mp4?ex=6584153a&amp", "lyrics": "Verse 1)\nIn the city of shadows where the neon lights gleam,\nLost souls chasing dreams, in a world so extreme.\nGuitar strings scream, as the night takes hold,\nConcrete jungle stories, in the alleys untold.\n\n(Pre-Chorus)\nWe're dancing on the edge, where the fire burns bright,\nIn the heart of the chaos, we find our own light.\nThrough the thunder and rain, we stand tall,\nRock 'n' roll rebels, breaking down the wall.\n\n(Chorus)\nThis is the anthem of the restless,\nIn the rhythm of rebellion, we confess.\nThrough the highs and the lows,\nIn the language of rock, our story unfolds.", "style": ["female rnb pop"], "essentia_features": {"lowlevel.average_loudness": 0.967210590839386, "lowlevel.barkbands_crest.mean": 12.674882888793945, "lowlevel.barkbands_crest.stdev": 4.042429447174072, "lowlevel.barkbands_flatness_db.mean": 0.14592194557189941, "lowlevel.barkbands_flatness_db.stdev": 0.036443326622247696, "lowlevel.barkbands_kurtosis.mean": 6.552428722381592, "lowlevel.barkbands_kurtosis.stdev": 9.822762489318848, "lowlevel.barkbands_skewness.mean": 2.252061605453491, "lowlevel.barkbands_skewness.stdev": 1.3086817264556885, "lowlevel.barkbands_spread.mean": 23.67152214050293, "lowlevel.barkbands_spread.stdev": 11.781787872314453, "lowlevel.dissonance.mean": 0.47907108068466187, "lowlevel.dissonance.stdev": 0.01821654476225376, "lowlevel.dynamic_complexity": 1.3181413412094116, "lowlevel.erbbands_crest.mean": 8.903724670410156, "lowlevel.erbbands_crest.stdev": 5.109805583953857, "lowlevel.erbbands_flatness_db.mean": 0.1266782283782959, "lowlevel.erbbands_flatness_db.stdev": 0.03238828852772713, "lowlevel.erbbands_kurtosis.mean": 0.4233856797218323, "lowlevel.erbbands_kurtosis.stdev": 1.9481277465820312, "lowlevel.erbbands_skewness.mean": -0.09965240955352783, "lowlevel.erbbands_skewness.stdev": 0.7597713470458984, "lowlevel.erbbands_spread.mean": 50.85569381713867, "lowlevel.erbbands_spread.stdev": 21.875770568847656, "lowlevel.hfc.mean": 25.762908935546875, "lowlevel.hfc.stdev": 10.680419921875, "lowlevel.loudness_ebu128.integrated": -11.832576751708984, "lowlevel.loudness_ebu128.loudness_range": 1.2893028259277344, "lowlevel.loudness_ebu128.momentary.mean": -11.884342193603516, "lowlevel.loudness_ebu128.momentary.stdev": 0.6701273322105408, "lowlevel.loudness_ebu128.short_term.mean": -11.847321510314941, "lowlevel.loudness_ebu128.short_term.stdev": 0.4007357954978943, "lowlevel.melbands_crest.mean": 19.423978805541992, "lowlevel.melbands_crest.stdev": 4.80861759185791, "lowlevel.melbands_flatness_db.mean": 0.2143612653017044, "lowlevel.melbands_flatness_db.stdev": 0.044630806893110275, "lowlevel.melbands_kurtosis.mean": 28.540699005126953, "lowlevel.melbands_kurtosis.stdev": 33.75009536743164, "lowlevel.melbands_skewness.mean": 4.250189781188965, "lowlevel.melbands_skewness.stdev": 2.295722246170044, "lowlevel.melbands_spread.mean": 17.84724235534668, "lowlevel.melbands_spread.stdev": 11.259264945983887, "lowlevel.pitch_salience.mean": 0.463044136762619, "lowlevel.pitch_salience.stdev": 0.11864884197711945, "lowlevel.silence_rate_20dB.mean": 1.0, "lowlevel.silence_rate_20dB.stdev": 0.0, "lowlevel.silence_rate_30dB.mean": 0.978563129901886, "lowlevel.silence_rate_30dB.stdev": 0.14483459293842316, "lowlevel.silence_rate_60dB.mean": 0.0011587485205382109, "lowlevel.silence_rate_60dB.stdev": 0.03402106463909149, "lowlevel.spectral_centroid.mean": 1474.304443359375, "lowlevel.spectral_centroid.stdev": 487.3791809082031, "lowlevel.spectral_complexity.mean": 24.58169174194336, "lowlevel.spectral_complexity.stdev": 7.337177753448486, "lowlevel.spectral_decrease.mean": -1.3099808349181785e-08, "lowlevel.spectral_decrease.stdev": 6.739811375666704e-09, "lowlevel.spectral_energy.mean": 0.05177852138876915, "lowlevel.spectral_energy.stdev": 0.02578704245388508, "lowlevel.spectral_energyband_high.mean": 0.001189977047033608, "lowlevel.spectral_energyband_high.stdev": 0.0009680456132628024, "lowlevel.spectral_energyband_low.mean": 0.03254521265625954, "lowlevel.spectral_energyband_low.stdev": 0.0244294423609972, "lowlevel.spectral_energyband_middle_high.mean": 0.006858950946480036, "lowlevel.spectral_energyband_middle_high.stdev": 0.006537452340126038, "lowlevel.spectral_energyband_middle_low.mean": 0.012228059582412243, "lowlevel.spectral_energyband_middle_low.stdev": 0.016947001218795776, "lowlevel.spectral_entropy.mean": 7.873087406158447, "lowlevel.spectral_entropy.stdev": 0.22802279889583588, "lowlevel.spectral_flux.mean": 0.12410417944192886, "lowlevel.spectral_flux.stdev": 0.06094138324260712, "lowlevel.spectral_kurtosis.mean": 2.806837797164917, "lowlevel.spectral_kurtosis.stdev": 1.268810510635376, "lowlevel.spectral_rms.mean": 0.006914117373526096, "lowlevel.spectral_rms.stdev": 0.0016464156797155738, "lowlevel.spectral_rolloff.mean": 935.8331909179688, "lowlevel.spectral_rolloff.stdev": 948.8007202148438, "lowlevel.spectral_skewness.mean": 1.250830054283142, "lowlevel.spectral_skewness.stdev": 0.26528388261795044, "lowlevel.spectral_spread.mean": 5069862.0, "lowlevel.spectral_spread.stdev": 1040941.125, "lowlevel.spectral_strongpeak.mean": 0.7354905605316162, "lowlevel.spectral_strongpeak.stdev": 0.8655245304107666, "lowlevel.zerocrossingrate.mean": 0.05067233368754387, "lowlevel.zerocrossingrate.stdev": 0.01905774138867855, "metadata.audio_properties.analysis.equal_loudness": 0.0, "metadata.audio_properties.analysis.length": 40.04265213012695, "metadata.audio_properties.analysis.sample_rate": 44100.0, "metadata.audio_properties.analysis.start_time": 0.0, "metadata.audio_properties.bit_rate": 116249.0, "metadata.audio_properties.length": 40.042667388916016, "metadata.audio_properties.lossless": 0.0, "metadata.audio_properties.number_channels": 1.0, "metadata.audio_properties.replay_gain": -13.333524703979492, "metadata.audio_properties.sample_rate": 48000.0, "rhythm.beats_count": 70.0, "rhythm.beats_loudness.mean": 0.04060051217675209, "rhythm.beats_loudness.stdev": 0.010375437326729298, "rhythm.bpm": 105.92466735839844, "rhythm.bpm_histogram_first_peak_bpm": 105.0, "rhythm.bpm_histogram_first_peak_weight": 0.3913043141365051, "rhythm.bpm_histogram_second_peak_bpm": 0.0, "rhythm.bpm_histogram_second_peak_spread": 0.0, "rhythm.bpm_histogram_second_peak_weight": 0.0, "rhythm.danceability": 1.4656448364257812, "rhythm.onset_rate": 3.7449049949645996, "tonal.chords_changes_rate": 0.10300926119089127, "tonal.chords_number_rate": 0.0173611119389534, "tonal.chords_strength.mean": 0.5238226056098938, "tonal.chords_strength.stdev": 0.0789087563753128, "tonal.hpcp_crest.mean": 11.426867485046387, "tonal.hpcp_crest.stdev": 5.302002429962158, "tonal.hpcp_entropy.mean": 2.3796768188476562, "tonal.hpcp_entropy.stdev": 0.8331443071365356, "tonal.key_edma.strength": 0.6114440560340881, "tonal.key_krumhansl.strength": 0.6101926565170288, "tonal.key_temperley.strength": 0.5957390069961548, "tonal.tuning_diatonic_strength": 0.7424203753471375, "tonal.tuning_equal_tempered_deviation": 0.27188336849212646, "tonal.tuning_frequency": 434.193115234375, "tonal.tuning_nontempered_energy_ratio": 0.9061511754989624, "lowlevel.barkbands.mean": [0.0012039440916851163, 0.017450321465730667, 0.013008449226617813, 0.0019641502294689417, 0.004953241441398859, 0.002676011063158512, 0.0006087996298447251, 0.0005411755410023034, 0.0012204466620460153, 0.0015197257744148374, 0.0007425702642649412, 0.0009214470046572387, 0.0006657721824012697, 0.0006182083743624389, 0.0004292668600101024, 0.0005383188254199922, 0.0005388944409787655, 0.0004482621152419597, 0.00038996085640974343, 0.00031610095174983144, 0.00029255106346681714, 0.00020380309433676302, 0.00021916291734669358, 0.00016376089479308575, 9.791382035473362e-05, 4.610631367540918e-05, 1.9170855125594244e-07], "lowlevel.barkbands.stdev": [0.0014665720518678427, 0.021275008097290993, 0.009332479909062386, 0.002289930824190378, 0.013273924589157104, 0.004584331996738911, 0.0015491810627281666, 0.001684127957560122, 0.0032601337879896164, 0.005262448918074369, 0.0016187746077775955, 0.0020149380434304476, 0.0014962118584662676, 0.0014044067356735468, 0.0009814813965931535, 0.0009310385794378817, 0.0009426320320926607, 0.0005292950081638992, 0.0002984740713145584, 0.00021297753846738487, 0.000222513364860788, 0.00020809924171771854, 0.0002986772160511464, 0.0002518541587051004, 0.00011288744281046093, 4.85215314256493e-05, 5.306235379975988e-07], "lowlevel.erbbands.mean": [0.45751872658729553, 4.119904041290283, 14.793816566467285, 10.379252433776855, 11.926816940307617, 17.044092178344727, 20.371231079101562, 19.21953010559082, 10.295708656311035, 9.459283828735352, 15.118728637695312, 25.0914249420166, 44.1341438293457, 38.38062286376953, 31.451366424560547, 36.59571838378906, 31.21648597717285, 33.22566223144531, 25.045957565307617, 21.883695602416992, 32.49948501586914, 32.156837463378906, 24.458576202392578, 23.53864097595215, 16.921043395996094, 14.979872703552246, 13.940019607543945, 9.350513458251953, 7.662631511688232, 7.020516872406006, 5.8962626457214355, 3.944866418838501, 2.434929132461548, 1.2616245746612549, 0.6062759757041931, 0.275363951921463, 0.07242070138454437, 0.005425562616437674, 0.00014302892668638378, 6.674089672742411e-05], "lowlevel.erbbands.stdev": [0.663729727268219, 5.0359625816345215, 10.634291648864746, 8.622293472290039, 28.647825241088867, 49.50091552734375, 39.57655715942383, 35.9599723815918, 23.61642837524414, 28.417644500732422, 42.30409622192383, 67.83908081054688, 124.67891693115234, 97.288330078125, 56.916534423828125, 80.66437530517578, 64.77471160888672, 73.21379089355469, 46.20621109008789, 41.741851806640625, 55.790523529052734, 55.792640686035156, 29.2099666595459, 20.20633316040039, 11.6583833694458, 10.214971542358398, 10.719176292419434, 7.1522603034973145, 7.6650285720825195, 9.257406234741211, 8.014778137207031, 6.049118995666504, 3.782815456390381, 1.6100455522537231, 0.655052125453949, 0.29802635312080383, 0.07986350357532501, 0.007053643465042114, 0.00013489212142303586, 2.8445268981158733e-05], "lowlevel.gfcc.mean": [44.27214431762695, 77.64588165283203, -107.46839904785156, 56.08738708496094, -47.3079948425293, 31.190372467041016, -32.190513610839844, 15.298357009887695, -29.511690139770508, 3.1731674671173096, -17.11911964416504, 1.7268751859664917, -12.873798370361328], "lowlevel.melbands.mean": [0.004429742228239775, 0.006735337898135185, 0.001860769814811647, 0.0011159415589645505, 0.0006943288608454168, 0.0004449255357030779, 0.00014949866454117, 0.0001028083570417948, 0.00013465838856063783, 0.0001650202611926943, 0.00023309285461436957, 0.00017058181401807815, 0.00010196438961429521, 0.00010053694131784141, 8.66315676830709e-05, 6.34072712273337e-05, 6.17899204371497e-05, 4.059643470100127e-05, 3.354123327881098e-05, 3.0078008421696723e-05, 3.851906876661815e-05, 3.3958123822230846e-05, 2.5242958145099692e-05, 2.027148730121553e-05, 1.926064578583464e-05, 1.3189252058509737e-05, 1.0939089406747371e-05, 9.628761290514376e-06, 8.884077942639124e-06, 7.3863056968548335e-06, 4.70365284854779e-06, 4.380521204438992e-06, 3.7736147078248905e-06, 4.073517629876733e-06, 3.584303613024531e-06, 2.715434220590396e-06, 2.3388186036754632e-06, 1.8061440414385288e-06, 1.3011086821279605e-06, 9.766152970769326e-07], "lowlevel.melbands.stdev": [0.005754530429840088, 0.005069639068096876, 0.0015048369532451034, 0.003136005951091647, 0.001377296051941812, 0.0007881138590164483, 0.0003380137786734849, 0.00030775912455283105, 0.00037122995126992464, 0.00046407835907302797, 0.0006925280322320759, 0.0004873204161413014, 0.00020294860587455332, 0.00023674913973081857, 0.0001876593305496499, 0.0001483361702412367, 0.00014372169971466064, 8.331854769494385e-05, 8.993369556264952e-05, 5.39323445991613e-05, 7.167160219978541e-05, 6.4009778725449e-05, 3.6906687455484644e-05, 2.7617297746473923e-05, 1.7561651475261897e-05, 9.905002116283868e-06, 8.007157703104895e-06, 7.081411695253337e-06, 7.179953172453679e-06, 6.134554041636875e-06, 3.8805069380032364e-06, 4.5010629037278704e-06, 4.36053915109369e-06, 6.002575446473202e-06, 4.942450232192641e-06, 4.143131718592485e-06, 3.7572385735984426e-06, 2.9970169634907506e-06, 1.7817797015595715e-06, 1.2536061149148736e-06], "lowlevel.melbands128.mean": [0.000836922088637948, 0.003501947270706296, 0.005422449670732021, 0.007166560739278793, 0.008355055004358292, 0.005621420219540596, 0.0020686413627117872, 0.0008274512947537005, 0.0011984066804870963, 0.0014151406940072775, 0.0008802205557003617, 0.0005988978082314134, 0.0007258235127665102, 0.0007182813715189695, 0.00044274036190472543, 0.0003258438955526799, 0.0001898119953693822, 0.00010910962737398222, 0.00010646835289662704, 0.000105797647847794, 9.730800957186148e-05, 0.0001050153878168203, 0.0001376417640130967, 0.00017290028335992247, 0.00013459667388815433, 0.00018601029296405613, 0.00018674758030101657, 0.00017730296531226486, 0.0003842308360617608, 0.00017084776482079178, 0.0001139966188929975, 0.0001146806898759678, 9.384941949974746e-05, 9.845085151027888e-05, 0.00010592967737466097, 9.778203093446791e-05, 9.699683869257569e-05, 0.0001000599077087827, 6.828576442785561e-05, 6.232914165593684e-05, 6.222136289579794e-05, 6.537266017403454e-05, 6.344209396047518e-05, 6.296074570855126e-05, 4.7180736146401614e-05, 3.332476626383141e-05, 3.539119643392041e-05, 4.167133374721743e-05, 2.7766756829805672e-05, 2.323803346371278e-05, 2.6944144337903708e-05, 4.0598231862531975e-05, 4.527681085164659e-05, 3.428498894209042e-05, 3.110360194114037e-05, 3.6906498280586675e-05, 3.5198467230657116e-05, 2.4243063307949342e-05, 2.430868880765047e-05, 2.071528615488205e-05, 1.9032435375265777e-05, 2.0583916921168566e-05, 2.1311045202310197e-05, 1.9336164768901654e-05, 1.5298799553420395e-05, 1.3202781701693311e-05, 1.1688539416354615e-05, 1.11026965896599e-05, 1.095229799830122e-05, 1.0570083759375848e-05, 9.66584775596857e-06, 9.00788108992856e-06, 9.033066817210056e-06, 8.916468686948065e-06, 8.716411684872583e-06, 8.236605026468169e-06, 6.523166121041868e-06, 5.259887529973639e-06, 4.486144462134689e-06, 3.944994659832446e-06, 4.544599050859688e-06, 4.614281806425424e-06, 4.067846020916477e-06, 3.6415506201592507e-06, 3.440140517341206e-06, 3.999034561275039e-06, 4.197867383481935e-06, 4.451962468010606e-06, 3.4300364859518595e-06, 3.2164637104870053e-06, 2.889165671149385e-06, 2.645415861479705e-06, 2.25741564463533e-06, 2.4123000912368298e-06, 2.3716650048299925e-06, 1.9430590327829123e-06, 1.7008948134389357e-06, 1.590262968420575e-06, 1.2689683899225201e-06, 1.190678858620231e-06, 1.1338271406202693e-06, 9.227812824974535e-07, 8.181759767467156e-07, 7.442349669872783e-07, 6.245096528800786e-07, 6.360504016811319e-07, 6.43640134967427e-07, 5.580828883466893e-07, 4.571608087644563e-07, 4.0954469682219496e-07, 3.6325670293990697e-07, 2.6350215875936556e-07, 2.2844376701414149e-07, 1.593378442521498e-07, 9.691915181520017e-08, 4.198946612632426e-08, 8.244120053291226e-09, 6.659443552159416e-10, 7.48027507990745e-12, 7.2440521463323915e-12, 7.053883085278434e-12, 6.9026793829418676e-12, 6.731305183388381e-12, 6.6005165742788474e-12, 6.464028097508123e-12, 6.317616135093074e-12, 6.2305707468346405e-12, 6.191401124427953e-12], "lowlevel.melbands128.stdev": [0.0013018363388255239, 0.005700187757611275, 0.00904062669724226, 0.009058045223355293, 0.006722284946590662, 0.0042348154820501804, 0.0020343170035630465, 0.0011523570865392685, 0.003107866970822215, 0.004460745025426149, 0.002818136243149638, 0.0016022486379370093, 0.0015739474911242723, 0.0015483282040804625, 0.0010295449756085873, 0.000848417985253036, 0.0005869293818250299, 0.0003172981087118387, 0.0003481901658233255, 0.00044352313852868974, 0.0003714927879627794, 0.000465017044916749, 0.00047427741810679436, 0.000638295488897711, 0.0005511308554559946, 0.0007758726133033633, 0.0006800958071835339, 0.0006598865147680044, 0.0017155837267637253, 0.0006874857353977859, 0.00039570004446431994, 0.00034576523466967046, 0.0002700233308132738, 0.0002498578105587512, 0.00032062496757134795, 0.0003568823740351945, 0.00029349056421779096, 0.00028467553784139454, 0.00021917576668784022, 0.00020825673709623516, 0.00018524406186770648, 0.00022976916807238013, 0.0002215806016465649, 0.00017028991715051234, 0.00015074684051796794, 8.973201329354197e-05, 9.995488653657958e-05, 0.0001469103153795004, 0.00010139647201867774, 4.850146797252819e-05, 7.705492316745222e-05, 9.456390398554504e-05, 0.0001066776821971871, 9.359177784062922e-05, 6.908070645295084e-05, 8.736957533983514e-05, 8.50980868563056e-05, 4.511080987867899e-05, 4.349997834651731e-05, 3.157591345370747e-05, 3.980318797403015e-05, 3.2900174119276926e-05, 2.4122928152792156e-05, 2.4930657673394307e-05, 1.4947319868952036e-05, 1.3083488738629967e-05, 1.1870485650433693e-05, 1.0342704626964405e-05, 9.917285751726013e-06, 9.670896361058112e-06, 9.05243905435782e-06, 8.174653885362204e-06, 8.764799531491008e-06, 8.63910827320069e-06, 8.785908903519157e-06, 8.063036148087122e-06, 6.3071088334254455e-06, 4.857265594182536e-06, 4.378528501547407e-06, 4.1288481043011416e-06, 5.277516720525455e-06, 5.635802608594531e-06, 4.825915311812423e-06, 4.825035375688458e-06, 4.43303997599287e-06, 6.456726168835303e-06, 7.350580744969193e-06, 7.142591130104847e-06, 5.013412646803772e-06, 4.9837476581160445e-06, 4.889056071988307e-06, 4.4197950046509504e-06, 3.8427565414167475e-06, 4.178189101367025e-06, 4.123986400372814e-06, 3.4554104786366224e-06, 3.2091784305521287e-06, 2.6672428248275537e-06, 1.812750383578532e-06, 1.6819692518765805e-06, 1.5527275536442176e-06, 1.3009926078666467e-06, 1.0464564184076153e-06, 9.891941772366408e-07, 7.636400596311432e-07, 7.212864261418872e-07, 7.225417562040093e-07, 6.388244742083771e-07, 6.243027996788442e-07, 4.802305966222775e-07, 4.5923067659714434e-07, 3.327736237679346e-07, 2.991980636579683e-07, 2.1985637488342036e-07, 1.5257354846198723e-07, 9.168336134735e-08, 2.048085789851939e-08, 2.770629503601185e-09, 1.0411117280784143e-11, 9.985816860902386e-12, 9.622795615893409e-12, 9.304882385430258e-12, 8.997616887662652e-12, 8.72324868589347e-12, 8.43607388806289e-12, 8.244131072254746e-12, 8.164575786284711e-12, 8.120140844447565e-12], "lowlevel.mfcc.mean": [-597.4337768554688, 99.20811462402344, 7.45725154876709, 33.616939544677734, 14.296462059020996, 17.91959571838379, 13.533465385437012, 12.426098823547363, 2.3414807319641113, 2.4195969104766846, -0.8243199586868286, 2.2897210121154785, -0.3672180473804474], "lowlevel.spectral_contrast_coeffs.mean": [-0.6796271800994873, -0.7825533747673035, -0.7821556329727173, -0.8075888752937317, -0.8081791400909424, -0.7529218196868896], "lowlevel.spectral_contrast_coeffs.stdev": [0.06647316366434097, 0.07470172643661499, 0.07188018411397934, 0.046332232654094696, 0.02702457457780838, 0.030743246898055077], "lowlevel.spectral_contrast_valleys.mean": [-6.230029106140137, -6.7569355964660645, -6.967830657958984, -7.08392858505249, -6.80964994430542, -9.536866188049316], "lowlevel.spectral_contrast_valleys.stdev": [0.49275097250938416, 0.5176265239715576, 0.43352118134498596, 0.37195900082588196, 0.3265327215194702, 0.5122432708740234], "rhythm.beats_loudness_band_ratio.mean": [0.5915024876594543, 0.3124791383743286, 0.05662126466631889, 0.08202214539051056, 0.05842024087905884, 0.03877228870987892], "rhythm.beats_loudness_band_ratio.stdev": [0.13804218173027039, 0.15298078954219818, 0.05490954965353012, 0.08844608813524246, 0.04840201511979103, 0.017697446048259735], "tonal.hpcp.mean": [0.07723943144083023, 0.06021416187286377, 0.07101604342460632, 0.13239656388759613, 0.1491362601518631, 0.10894501954317093, 0.11188386380672455, 0.10216940939426422, 0.07142509520053864, 0.07449069619178772, 0.06820981949567795, 0.051847126334905624, 0.06193089857697487, 0.06020793691277504, 0.0427255816757679, 0.04285593330860138, 0.060099005699157715, 0.11691917479038239, 0.16977699100971222, 0.13338610529899597, 0.07636656612157822, 0.0689382404088974, 0.0717664510011673, 0.07020792365074158, 0.07780825346708298, 0.09358099848031998, 0.10246627777814865, 0.12260784208774567, 0.1345529854297638, 0.11196441203355789, 0.10242300480604172, 0.10638433694839478, 0.12580148875713348, 0.22061432898044586, 0.2683795392513275, 0.1652773767709732], "tonal.hpcp.stdev": [0.2008715718984604, 0.17505958676338196, 0.187372624874115, 0.2512044608592987, 0.28483349084854126, 0.21073275804519653, 0.2574111521244049, 0.2432384192943573, 0.1854156106710434, 0.19919225573539734, 0.18394187092781067, 0.13759781420230865, 0.15138515830039978, 0.14175230264663696, 0.09958533942699432, 0.12274696677923203, 0.15602469444274902, 0.22057633101940155, 0.2903207540512085, 0.22824309766292572, 0.16045691072940826, 0.1600264310836792, 0.17355135083198547, 0.16704192757606506, 0.18295596539974213, 0.21352697908878326, 0.23084008693695068, 0.2463720589876175, 0.26710671186447144, 0.23018312454223633, 0.22965826094150543, 0.2365609109401703, 0.25467589497566223, 0.33559471368789673, 0.3893996775150299, 0.27989494800567627], "rhythm.beats_position": [0.5688889026641846, 1.160997748374939, 1.7414965629577637, 2.3103854656219482, 2.879274368286133, 3.4365532398223877, 4.005442142486572, 4.574330806732178, 5.131609916687012, 5.712108612060547, 6.269387722015381, 6.826666355133057, 7.40716552734375, 7.964444160461426, 8.533332824707031, 9.102222442626953, 9.671111106872559, 10.228389739990234, 10.78566837310791, 11.354557991027832, 11.923446655273438, 12.492335319519043, 13.061223983764648, 13.61850357055664, 14.187392234802246, 14.756280899047852, 15.325169563293457, 15.894058227539062, 16.462947845458984, 17.020225524902344, 17.600725173950195, 18.158004760742188, 18.715282440185547, 19.28417205810547, 19.85306167602539, 20.42194938659668, 20.9908390045166, 21.55972671508789, 22.128616333007812, 22.685895919799805, 23.254783630371094, 23.812063217163086, 24.380952835083008, 24.949840545654297, 25.51873016357422, 26.076007843017578, 26.6448974609375, 27.213787078857422, 27.77106475830078, 28.328344345092773, 28.897233963012695, 29.466121673583984, 30.035011291503906, 30.603899002075195, 31.172788619995117, 31.74167823791504, 32.29895782470703, 32.86784362792969, 33.43673324584961, 34.00562286376953, 34.57451248168945, 35.13179016113281, 35.700679779052734, 36.269569396972656, 36.826847076416016, 37.384124755859375, 37.9530143737793, 38.52190399169922, 39.10240173339844, 39.65968322753906], "rhythm.bpm_histogram": [0.0, 0.0, 0.0, 0.0, 0.0, 0.0, 0.0, 0.0, 0.0, 0.0, 0.0, 0.0, 0.0, 0.0, 0.0, 0.0, 0.0, 0.0, 0.0, 0.0, 0.0, 0.0, 0.0, 0.0, 0.0, 0.0, 0.0, 0.0, 0.0, 0.0, 0.0, 0.0, 0.0, 0.0, 0.0, 0.0, 0.0, 0.0, 0.0, 0.0, 0.0, 0.0, 0.0, 0.0, 0.0, 0.0, 0.0, 0.0, 0.0, 0.0, 0.0, 0.0, 0.0, 0.0, 0.0, 0.0, 0.0, 0.0, 0.0, 0.0, 0.0, 0.0, 0.0, 0.0, 0.0, 0.0, 0.0, 0.0, 0.0, 0.0, 0.0, 0.0, 0.0, 0.0, 0.0, 0.0, 0.0, 0.0, 0.0, 0.0, 0.0, 0.0, 0.0, 0.0, 0.0, 0.0, 0.0, 0.0, 0.0, 0.0, 0.0, 0.0, 0.0, 0.0, 0.0, 0.0, 0.0, 0.0, 0.0, 0.0, 0.0, 0.014492753893136978, 0.0, 0.07246376574039459, 0.0, 0.6086956262588501, 0.0, 0.0, 0.30434781312942505, 0.0, 0.0, 0.0, 0.0, 0.0, 0.0, 0.0, 0.0, 0.0, 0.0, 0.0, 0.0, 0.0, 0.0, 0.0, 0.0, 0.0, 0.0, 0.0, 0.0, 0.0, 0.0, 0.0, 0.0, 0.0, 0.0, 0.0, 0.0, 0.0, 0.0, 0.0, 0.0, 0.0, 0.0, 0.0, 0.0, 0.0, 0.0, 0.0, 0.0, 0.0, 0.0, 0.0, 0.0, 0.0, 0.0, 0.0, 0.0, 0.0, 0.0, 0.0, 0.0, 0.0, 0.0, 0.0, 0.0, 0.0, 0.0, 0.0, 0.0, 0.0, 0.0, 0.0, 0.0, 0.0, 0.0, 0.0, 0.0, 0.0, 0.0, 0.0, 0.0, 0.0, 0.0, 0.0, 0.0, 0.0, 0.0, 0.0, 0.0, 0.0, 0.0, 0.0, 0.0, 0.0, 0.0, 0.0, 0.0, 0.0, 0.0, 0.0, 0.0, 0.0, 0.0, 0.0, 0.0, 0.0, 0.0, 0.0, 0.0, 0.0, 0.0, 0.0, 0.0, 0.0, 0.0, 0.0, 0.0, 0.0, 0.0, 0.0, 0.0, 0.0, 0.0, 0.0, 0.0, 0.0, 0.0, 0.0, 0.0, 0.0, 0.0, 0.0, 0.0, 0.0, 0.0, 0.0, 0.0, 0.0, 0.0, 0.0, 0.0, 0.0, 0.0, 0.0, 0.0, 0.0, 0.0, 0.0, 0.0, 0.0], "tonal.chords_histogram": [4.513888835906982, 9.143518447875977, 2.6620371341705322, 2.8935184478759766, 2.1990740299224854, 10.532407760620117, 0.6944444179534912, 31.134260177612305, 1.9675925970077515, 12.615740776062012, 3.819444417953491, 2.5462963581085205, 0.0, 0.9259259104728699, 0.0, 2.6620371341705322, 0.9259259104728699, 2.314814805984497, 0.3472222089767456, 0.0, 5.3240742683410645, 0.0, 2.777777671813965, 0.0], "tonal.thpcp": [1.0, 0.6158344745635986, 0.28779926896095276, 0.22436197102069855, 0.26461049914360046, 0.4933184087276459, 0.5556915998458862, 0.4059363901615143, 0.41688671708106995, 0.3806900084018707, 0.266134649515152, 0.27755728363990784, 0.2541543245315552, 0.19318583607673645, 0.2307586371898651, 0.22433876991271973, 0.1591983586549759, 0.15968406200408936, 0.2239328920841217, 0.4356486201286316, 0.6326003670692444, 0.49700549244880676, 0.2845469117164612, 0.256868451833725, 0.26740655303001404, 0.2615993916988373, 0.2899187207221985, 0.3486890196800232, 0.3817961513996124, 0.4568449556827545, 0.50135338306427, 0.41718682646751404, 0.381634920835495, 0.39639511704444885, 0.468744695186615, 0.8220236301422119], "lowlevel.gfcc.cov": [[846.3124389648438, -57.8773078918457, -1.750462532043457, -71.80654907226562, -86.16915130615234, -26.263105392456055, -98.56753540039062, -32.04570388793945, -58.46954345703125, -9.407661437988281, -40.58976364135742, 25.713075637817383, -33.29210662841797], [-57.8773078918457, 453.91583251953125, -134.41204833984375, -25.3160457611084, -51.620208740234375, -113.40304565429688, 73.7025375366211, -51.946189880371094, 28.319698333740234, -54.28801345825195, 58.22182083129883, -39.831298828125, 96.51111602783203], [-1.750462532043457, -134.41204833984375, 310.5962219238281, 38.29402542114258, 2.5304431915283203, -3.106522560119629, -37.72826385498047, -8.864555358886719, -20.07082748413086, 64.28004455566406, 14.702056884765625, 60.45589065551758, -22.047225952148438], [-71.80654907226562, -25.3160457611084, 38.29402542114258, 226.41217041015625, 44.83107376098633, 18.915842056274414, -14.854125022888184, -6.758681297302246, 70.1341552734375, -4.103998184204102, 31.6744384765625, -10.887641906738281, 27.373037338256836], [-86.16915130615234, -51.620208740234375, 2.5304431915283203, 44.83107376098633, 243.03289794921875, 96.20193481445312, 60.77212905883789, 63.08363723754883, 50.95646286010742, 58.13945770263672, 18.329166412353516, 20.961105346679688, -1.5415514707565308], [-26.263105392456055, -113.40304565429688, -3.106522560119629, 18.915842056274414, 96.20193481445312, 210.01840209960938, 107.3846664428711, 49.80061721801758, 8.460615158081055, 15.73344898223877, 15.029181480407715, -6.01563835144043, -12.451074600219727], [-98.56753540039062, 73.7025375366211, -37.72826385498047, -14.854125022888184, 60.77212905883789, 107.3846664428711, 251.04762268066406, 111.37025451660156, 21.050506591796875, -21.945877075195312, 14.839720726013184, -17.94096565246582, 19.576786041259766], [-32.04570388793945, -51.946189880371094, -8.864555358886719, -6.758681297302246, 63.08363723754883, 49.80061721801758, 111.37025451660156, 167.8769073486328, 60.8961296081543, 4.146832466125488, -13.799886703491211, 7.946588516235352, 2.1692583560943604], [-58.46954345703125, 28.319698333740234, -20.07082748413086, 70.1341552734375, 50.95646286010742, 8.460615158081055, 21.050506591796875, 60.8961296081543, 118.33442687988281, 32.316253662109375, 16.065540313720703, -11.755827903747559, 20.607084274291992], [-9.407661437988281, -54.28801345825195, 64.28004455566406, -4.103998184204102, 58.13945770263672, 15.73344898223877, -21.945877075195312, 4.146832466125488, 32.316253662109375, 105.95220947265625, 41.68583297729492, 26.465778350830078, -22.46337127685547], [-40.58976364135742, 58.22182083129883, 14.702056884765625, 31.6744384765625, 18.329166412353516, 15.029181480407715, 14.839720726013184, -13.799886703491211, 16.065540313720703, 41.68583297729492, 99.92201232910156, 39.1817626953125, 18.391820907592773], [25.713075637817383, -39.831298828125, 60.45589065551758, -10.887641906738281, 20.961105346679688, -6.01563835144043, -17.94096565246582, 7.946588516235352, -11.755827903747559, 26.465778350830078, 39.1817626953125, 95.86299896240234, 26.928394317626953], [-33.29210662841797, 96.51111602783203, -22.047225952148438, 27.373037338256836, -1.5415514707565308, -12.451074600219727, 19.576786041259766, 2.1692583560943604, 20.607084274291992, -22.46337127685547, 18.391820907592773, 26.928394317626953, 90.30543518066406]], "lowlevel.gfcc.icov": [[0.001438654726371169, -0.000901251973118633, 0.0002996186085510999, -0.00043228836148045957, 0.0007985926349647343, -0.0010198059026151896, 0.0009678039350546896, -0.0007163858390413225, 0.0007914850139059126, -0.000804158509708941, 0.0016129679279401898, -0.0016640194226056337, 0.0011652240063995123], [-0.000901251973118633, 0.012873886153101921, -0.00021688750712201, 0.006904474459588528, -0.003548926208168268, 0.009816436097025871, -0.006874972488731146, 0.007910583168268204, -0.007036163937300444, 0.007984625175595284, -0.013431542553007603, 0.011393492110073566, -0.010713567025959492], [0.0002996186085510999, -0.00021688750712201, 0.00552792614325881, -0.003160422667860985, 0.0017128392355516553, -5.86962278248393e-06, -0.0007364048506133258, -0.00047881389036774635, 0.003005535574629903, -0.005510383285582066, 0.0034504232462495565, -0.004403175786137581, 0.001403116388246417], [-0.00043228836148045957, 0.006904474459588528, -0.003160422667860985, 0.012476537376642227, -0.004133743699640036, 0.00411884905770421, -0.0017032730393111706, 0.00612151762470603, -0.0106247803196311, 0.011234693229198456, -0.011750910431146622, 0.00893385149538517, -0.006423879414796829], [0.0007985926349647343, -0.003548926208168268, 0.0017128392355516553, -0.004133743699640036, 0.008334781043231487, -0.004961816594004631, 0.0008664336637593806, -0.0030084699392318726, 0.0020824766252189875, -0.007533675525337458, 0.006813251879066229, -0.0063231042586266994, 0.003249685512855649], [-0.0010198059026151896, 0.009816436097025871, -5.86962278248393e-06, 0.00411884905770421, -0.004961816594004631, 0.015063810162246227, -0.008291131816804409, 0.00585546949878335, -0.0035979556851089, 0.005149977281689644, -0.010680265724658966, 0.009273139759898186, -0.0069558387622237206], [0.0009678039350546896, -0.006874972488731146, -0.0007364048506133258, -0.0017032730393111706, 0.0008664336637593806, -0.008291131816804409, 0.01330601703375578, -0.010677804239094257, 0.005845910403877497, -0.0009713034378364682, 0.0019623765256255865, -0.0007041748613119125, 0.0025190101005136967], [-0.0007163858390413225, 0.007910583168268204, -0.00047881389036774635, 0.00612151762470603, -0.0030084699392318726, 0.00585546949878335, -0.010677804239094257, 0.019896164536476135, -0.014712775126099586, 0.007600788492709398, -0.0031051095575094223, -0.0001711377699393779, -0.0021664269734174013], [0.0007914850139059126, -0.007036163937300444, 0.003005535574629903, -0.0106247803196311, 0.0020824766252189875, -0.0035979556851089, 0.005845910403877497, -0.014712775126099586, 0.026948176324367523, -0.015987247228622437, 0.006932585034519434, 0.000656609539873898, -0.0013425227953121066], [-0.000804158509708941, 0.007984625175595284, -0.005510383285582066, 0.011234693229198456, -0.007533675525337458, 0.005149977281689644, -0.0009713034378364682, 0.007600788492709398, -0.015987247228622437, 0.030777176842093468, -0.01883224956691265, 0.006628975737839937, 0.00019161617092322558], [0.0016129679279401898, -0.013431542553007603, 0.0034504232462495565, -0.011750910431146622, 0.006813251879066229, -0.010680265724658966, 0.0019623765256255865, -0.0031051095575094223, 0.006932585034519434, -0.01883224956691265, 0.034821320325136185, -0.02231631614267826, 0.010942668654024601], [-0.0016640194226056337, 0.011393492110073566, -0.004403175786137581, 0.00893385149538517, -0.0063231042586266994, 0.009273139759898186, -0.0007041748613119125, -0.0001711377699393779, 0.000656609539873898, 0.006628975737839937, -0.02231631614267826, 0.034059688448905945, -0.01935773529112339], [0.0011652240063995123, -0.010713567025959492, 0.001403116388246417, -0.006423879414796829, 0.003249685512855649, -0.0069558387622237206, 0.0025190101005136967, -0.0021664269734174013, -0.0013425227953121066, 0.00019161617092322558, 0.010942668654024601, -0.01935773529112339, 0.027742750942707062]], "lowlevel.mfcc.cov": [[879.3861083984375, -33.2829475402832, -17.938100814819336, -54.246009826660156, -38.16842269897461, -40.08159255981445, -81.20471954345703, -31.41537857055664, -52.841636657714844, -44.005374908447266, -46.343589782714844, -30.481496810913086, -38.95307540893555], [-33.2829475402832, 380.475830078125, -88.04962158203125, 4.18925142288208, -102.04190063476562, -55.928001403808594, 11.929296493530273, -31.185176849365234, -4.721490383148193, -23.673500061035156, -4.1930623054504395, -31.633502960205078, -6.372232913970947], [-17.938100814819336, -88.04962158203125, 275.1089172363281, 31.889286041259766, -18.87269401550293, 1.1816283464431763, -32.97739028930664, -41.45035934448242, -56.20532989501953, -23.602006912231445, -13.849760055541992, -3.4163389205932617, 4.608396053314209], [-54.246009826660156, 4.18925142288208, 31.889286041259766, 168.0818634033203, 40.936431884765625, -14.783827781677246, -42.875492095947266, -6.731825351715088, 13.754034042358398, -1.4927163124084473, 3.651365041732788, 16.53885269165039, 18.797149658203125], [-38.16842269897461, -102.04190063476562, -18.87269401550293, 40.936431884765625, 187.65858459472656, 56.71088790893555, -27.486766815185547, -15.064882278442383, 8.58306884765625, 17.417844772338867, 14.433701515197754, 44.25169372558594, 26.639219284057617], [-40.08159255981445, -55.928001403808594, 1.1816283464431763, -14.783827781677246, 56.71088790893555, 143.39903259277344, 64.40764617919922, 5.585464954376221, -4.218445301055908, 23.00634002685547, 23.996688842773438, 11.090683937072754, 8.625076293945312], [-81.20471954345703, 11.929296493530273, -32.97739028930664, -42.875492095947266, -27.486766815185547, 64.40764617919922, 174.879638671875, 92.05757904052734, 34.98465347290039, 35.44321823120117, 30.517688751220703, 7.408727169036865, 3.542081832885742], [-31.41537857055664, -31.185176849365234, -41.45035934448242, -6.731825351715088, -15.064882278442383, 5.585464954376221, 92.05757904052734, 148.3763885498047, 85.66724395751953, 37.98006057739258, 11.077415466308594, 9.085365295410156, 5.313962936401367], [-52.841636657714844, -4.721490383148193, -56.20532989501953, 13.754034042358398, 8.58306884765625, -4.218445301055908, 34.98465347290039, 85.66724395751953, 125.73843383789062, 66.76472473144531, 15.891737937927246, -0.8046523928642273, 1.5818531513214111], [-44.005374908447266, -23.673500061035156, -23.602006912231445, -1.4927163124084473, 17.417844772338867, 23.00634002685547, 35.44321823120117, 37.98006057739258, 66.76472473144531, 98.91149139404297, 48.82152557373047, 8.31004810333252, 1.669359564781189], [-46.343589782714844, -4.1930623054504395, -13.849760055541992, 3.651365041732788, 14.433701515197754, 23.996688842773438, 30.517688751220703, 11.077415466308594, 15.891737937927246, 48.82152557373047, 78.44973754882812, 39.74497604370117, 12.946614265441895], [-30.481496810913086, -31.633502960205078, -3.4163389205932617, 16.53885269165039, 44.25169372558594, 11.090683937072754, 7.408727169036865, 9.085365295410156, -0.8046523928642273, 8.31004810333252, 39.74497604370117, 88.91561889648438, 45.5838737487793], [-38.95307540893555, -6.372232913970947, 4.608396053314209, 18.797149658203125, 26.639219284057617, 8.625076293945312, 3.542081832885742, 5.313962936401367, 1.5818531513214111, 1.669359564781189, 12.946614265441895, 45.5838737487793, 69.81720733642578]], "lowlevel.mfcc.icov": [[0.0013324179453775287, 0.00018368771998211741, 0.00031795023824088275, 0.00036528942291624844, 0.0003626182733569294, -0.0001086423362721689, 0.0009548731613904238, -0.0005900002433918417, 0.0008324469672515988, -0.0002383062819717452, 0.0005001354729756713, -0.00018326866847928613, 0.0005261003971099854], [0.00018368771998211741, 0.004301073029637337, 0.0017701045144349337, -0.0010031041456386447, 0.0022243643179535866, 0.0012486304622143507, -0.0017090284964069724, 0.0029452929738909006, -0.0011509355390444398, 0.0015159446047618985, -0.0010428981622681022, 0.001351163606159389, -0.0011911253677681088], [0.00031795023824088275, 0.0017701045144349337, 0.005126805976033211, -0.0014924232382327318, 0.0019766807090491056, -0.00023276211868505925, 0.0002319393097423017, 0.0006799058755859733, 0.0023628815542906523, -0.0008880019304342568, 0.0008283823262900114, 0.00029674210236407816, -0.0007662768475711346], [0.00036528942291624844, -0.0010031041456386447, -0.0014924232382327318, 0.007708330173045397, -0.001976674422621727, 0.0003159926855005324, 0.00230020540766418, -0.0010839139577001333, -0.0016847645165398717, 0.0013444494688883424, -0.0013160877861082554, 0.00010014040890382603, -0.0009989097015932202], [0.0003626182733569294, 0.0022243643179535866, 0.0019766807090491056, -0.001976674422621727, 0.010014250874519348, -0.0042006587609648705, 0.0024016117677092552, 0.0016400490421801805, -0.0009101490722969174, -0.0012405011802911758, 0.002160989213734865, -0.004120636265724897, -0.00040175297181122005], [-0.0001086423362721689, 0.0012486304622143507, -0.00023276211868505925, 0.0003159926855005324, -0.0042006587609648705, 0.012362032197415829, -0.006828387267887592, 0.0032092889305204153, 0.0008724224171601236, -0.0006425469182431698, -0.0017546750605106354, 0.0026063055265694857, -0.0012192816939204931], [0.0009548731613904238, -0.0017090284964069724, 0.0002319393097423017, 0.00230020540766418, 0.0024016117677092552, -0.006828387267887592, 0.015335728414356709, -0.010718264617025852, 0.004065473563969135, -0.0018573085544630885, -0.001986032584682107, -0.0002132189692929387, 0.00016692702774889767], [-0.0005900002433918417, 0.0029452929738909006, 0.0006799058755859733, -0.0010839139577001333, 0.0016400490421801805, 0.0032092889305204153, -0.010718264617025852, 0.02065213769674301, -0.012945526279509068, 0.0036473346408456564, 0.0015244497917592525, -0.0022622898686677217, -0.0004632961063180119], [0.0008324469672515988, -0.0011509355390444398, 0.0023628815542906523, -0.0016847645165398717, -0.0009101490722969174, 0.0008724224171601236, 0.004065473563969135, -0.012945526279509068, 0.024663634598255157, -0.015052438713610172, 0.004895777907222509, 0.001139691099524498, -0.00017526950978208333], [-0.0002383062819717452, 0.0015159446047618985, -0.0008880019304342568, 0.0013444494688883424, -0.0012405011802911758, -0.0006425469182431698, -0.0018573085544630885, 0.0036473346408456564, -0.015052438713610172, 0.02771610952913761, -0.016664955765008926, 0.005891785491257906, -0.0010067790281027555], [0.0005001354729756713, -0.0010428981622681022, 0.0008283823262900114, -0.0013160877861082554, 0.002160989213734865, -0.0017546750605106354, -0.001986032584682107, 0.0015244497917592525, 0.004895777907222509, -0.016664955765008926, 0.030053457245230675, -0.014761675149202347, 0.004212966654449701], [-0.00018326866847928613, 0.001351163606159389, 0.00029674210236407816, 0.00010014040890382603, -0.004120636265724897, 0.0026063055265694857, -0.0002132189692929387, -0.0022622898686677217, 0.001139691099524498, 0.005891785491257906, -0.014761675149202347, 0.026530709117650986, -0.013343529775738716], [0.0005261003971099854, -0.0011911253677681088, -0.0007662768475711346, -0.0009989097015932202, -0.00040175297181122005, -0.0012192816939204931, 0.00016692702774889767, -0.0004632961063180119, -0.00017526950978208333, -0.0010067790281027555, 0.004212966654449701, -0.013343529775738716, 0.023117002099752426]], "metadata.audio_properties.analysis.downmix": "mix", "metadata.audio_properties.codec": "mp3", "metadata.audio_properties.md5_encoded": "7560f2228823511204b459c1fef32da6", "metadata.tags.file_name": "1182269