{"song_id": "1182278715800035468", "download": "https://cdn.discordapp.com/attachments/1128313332273782784/1182278715800035468/chirp.mp4?ex=65841ddb&amp", "lyrics": "[Chorus]\nNari vindzan\u00e9 (ri vindzan\u00e9), rissi soukouman\u00e9 (ch\u00e9riy\u00e9)\nMch\u00e9wangou (waw\u00e9 wangou) nari vindzan\u00e9 (za kw\u00e9li)\nRi vindzan\u00e9, ri paran\u00e9 (mch\u00e9wangou ri vindzan\u00e9 eh-eh-eh)\nZa kw\u00e9li ri paran\u00e9 (ri paran\u00e9), wami na waw\u00e9 (ri vindzan\u00e9)", "style": ["lyric"], "essentia_features": {"lowlevel.average_loudness": 0.8001772165298462, "lowlevel.barkbands_crest.mean": 13.39625358581543, "lowlevel.barkbands_crest.stdev": 4.970989227294922, "lowlevel.barkbands_flatness_db.mean": 0.2184438854455948, "lowlevel.barkbands_flatness_db.stdev": 0.05347490310668945, "lowlevel.barkbands_kurtosis.mean": 6.6307783126831055, "lowlevel.barkbands_kurtosis.stdev": 11.09184455871582, "lowlevel.barkbands_skewness.mean": 1.9384944438934326, "lowlevel.barkbands_skewness.stdev": 1.5387821197509766, "lowlevel.barkbands_spread.mean": 15.283839225769043, "lowlevel.barkbands_spread.stdev": 8.639801025390625, "lowlevel.dissonance.mean": 0.465279221534729, "lowlevel.dissonance.stdev": 0.026884840801358223, "lowlevel.dynamic_complexity": 3.4242947101593018, "lowlevel.erbbands_crest.mean": 10.539928436279297, "lowlevel.erbbands_crest.stdev": 4.85291051864624, "lowlevel.erbbands_flatness_db.mean": 0.23387707769870758, "lowlevel.erbbands_flatness_db.stdev": 0.06296221911907196, "lowlevel.erbbands_kurtosis.mean": 0.13950331509113312, "lowlevel.erbbands_kurtosis.stdev": 2.277087450027466, "lowlevel.erbbands_skewness.mean": 0.428377628326416, "lowlevel.erbbands_skewness.stdev": 0.7319145202636719, "lowlevel.erbbands_spread.mean": 36.401145935058594, "lowlevel.erbbands_spread.stdev": 17.291730880737305, "lowlevel.hfc.mean": 17.315460205078125, "lowlevel.hfc.stdev": 15.40458869934082, "lowlevel.loudness_ebu128.integrated": -14.289875030517578, "lowlevel.loudness_ebu128.loudness_range": 6.213223457336426, "lowlevel.loudness_ebu128.momentary.mean": -15.89669132232666, "lowlevel.loudness_ebu128.momentary.stdev": 5.095414638519287, "lowlevel.loudness_ebu128.short_term.mean": -14.946393966674805, "lowlevel.loudness_ebu128.short_term.stdev": 2.3872363567352295, "lowlevel.melbands_crest.mean": 18.53226089477539, "lowlevel.melbands_crest.stdev": 6.801185607910156, "lowlevel.melbands_flatness_db.mean": 0.23206378519535065, "lowlevel.melbands_flatness_db.stdev": 0.08053621649742126, "lowlevel.melbands_kurtosis.mean": 19.469778060913086, "lowlevel.melbands_kurtosis.stdev": 26.83979606628418, "lowlevel.melbands_skewness.mean": 3.1105477809906006, "lowlevel.melbands_skewness.stdev": 2.1799018383026123, "lowlevel.melbands_spread.mean": 18.296241760253906, "lowlevel.melbands_spread.stdev": 13.947614669799805, "lowlevel.pitch_salience.mean": 0.47037285566329956, "lowlevel.pitch_salience.stdev": 0.15157322585582733, "lowlevel.silence_rate_20dB.mean": 1.0, "lowlevel.silence_rate_20dB.stdev": 0.0, "lowlevel.silence_rate_30dB.mean": 0.9821200370788574, "lowlevel.silence_rate_30dB.stdev": 0.13251528143882751, "lowlevel.silence_rate_60dB.mean": 0.09833972156047821, "lowlevel.silence_rate_60dB.stdev": 0.29777830839157104, "lowlevel.spectral_centroid.mean": 1403.5003662109375, "lowlevel.spectral_centroid.stdev": 659.9413452148438, "lowlevel.spectral_complexity.mean": 16.52809715270996, "lowlevel.spectral_complexity.stdev": 9.84465217590332, "lowlevel.spectral_decrease.mean": -8.493503678153047e-09, "lowlevel.spectral_decrease.stdev": 7.901729937032087e-09, "lowlevel.spectral_energy.mean": 0.033627014607191086, "lowlevel.spectral_energy.stdev": 0.03057648241519928, "lowlevel.spectral_energyband_high.mean": 0.0005848516011610627, "lowlevel.spectral_energyband_high.stdev": 0.0008359922212548554, "lowlevel.spectral_energyband_low.mean": 0.016712529584765434, "lowlevel.spectral_energyband_low.stdev": 0.025306424126029015, "lowlevel.spectral_energyband_middle_high.mean": 0.004317604470998049, "lowlevel.spectral_energyband_middle_high.stdev": 0.004856272134929895, "lowlevel.spectral_energyband_middle_low.mean": 0.012527862563729286, "lowlevel.spectral_energyband_middle_low.stdev": 0.013216827064752579, "lowlevel.spectral_entropy.mean": 7.411592960357666, "lowlevel.spectral_entropy.stdev": 0.38404950499534607, "lowlevel.spectral_flux.mean": 0.06793434172868729, "lowlevel.spectral_flux.stdev": 0.051659177988767624, "lowlevel.spectral_kurtosis.mean": 3.8683929443359375, "lowlevel.spectral_kurtosis.stdev": 4.064691066741943, "lowlevel.spectral_rms.mean": 0.00505961524322629, "lowlevel.spectral_rms.stdev": 0.0026846053078770638, "lowlevel.spectral_rolloff.mean": 1371.5911865234375, "lowlevel.spectral_rolloff.stdev": 1340.4144287109375, "lowlevel.spectral_skewness.mean": 1.1478151082992554, "lowlevel.spectral_skewness.stdev": 0.45857855677604675, "lowlevel.spectral_spread.mean": 3385905.75, "lowlevel.spectral_spread.stdev": 1257254.875, "lowlevel.spectral_strongpeak.mean": 1.1776598691940308, "lowlevel.spectral_strongpeak.stdev": 1.2073681354522705, "lowlevel.zerocrossingrate.mean": 0.05122993141412735, "lowlevel.zerocrossingrate.stdev": 0.04493838548660278, "metadata.audio_properties.analysis.equal_loudness": 0.0, "metadata.audio_properties.analysis.length": 36.330657958984375, "metadata.audio_properties.analysis.sample_rate": 44100.0, "metadata.audio_properties.analysis.start_time": 0.0, "metadata.audio_properties.bit_rate": 107797.0, "metadata.audio_properties.length": 36.330665588378906, "metadata.audio_properties.lossless": 0.0, "metadata.audio_properties.number_channels": 1.0, "metadata.audio_properties.replay_gain": -12.551839828491211, "metadata.audio_properties.sample_rate": 48000.0, "rhythm.beats_count": 65.0, "rhythm.beats_loudness.mean": 0.043555665761232376, "rhythm.beats_loudness.stdev": 0.04104534909129143, "rhythm.bpm": 108.48626708984375, "rhythm.bpm_histogram_first_peak_bpm": 108.0, "rhythm.bpm_histogram_first_peak_weight": 0.4590163826942444, "rhythm.bpm_histogram_second_peak_bpm": 101.0, "rhythm.bpm_histogram_second_peak_spread": 0.3333333134651184, "rhythm.bpm_histogram_second_peak_weight": 0.03125, "rhythm.danceability": 0.9012701511383057, "rhythm.onset_rate": 5.611975193023682, "tonal.chords_changes_rate": 0.03826530650258064, "tonal.chords_number_rate": 0.008928571827709675, "tonal.chords_strength.mean": 0.5749077200889587, "tonal.chords_strength.stdev": 0.09357906132936478, "tonal.hpcp_crest.mean": 15.377371788024902, "tonal.hpcp_crest.stdev": 7.005322456359863, "tonal.hpcp_entropy.mean": 1.7173577547073364, "tonal.hpcp_entropy.stdev": 0.7553388476371765, "tonal.key_edma.strength": 0.7324491739273071, "tonal.key_krumhansl.strength": 0.7241631150245667, "tonal.key_temperley.strength": 0.7020546793937683, "tonal.tuning_diatonic_strength": 0.607771635055542, "tonal.tuning_equal_tempered_deviation": 0.014569464139640331, "tonal.tuning_frequency": 440.5086364746094, "tonal.tuning_nontempered_energy_ratio": 0.6645745038986206, "lowlevel.barkbands.mean": [0.0003440768050495535, 0.01263486035168171, 0.0033153388649225235, 0.0009465854964219034, 0.003976111765950918, 0.0008020366658456624, 0.0012761442922055721, 0.0015847684117034078, 0.0036491909995675087, 0.000812998681794852, 0.0005951373605057597, 0.0005437795189209282, 0.0004492012376431376, 0.0005380543298088014, 0.00038001147913746536, 0.0003104160132352263, 0.000177113339304924, 0.00022202737454790622, 0.0003393795632291585, 0.0002682573103811592, 0.00020564670558087528, 0.0001384243369102478, 8.2073085650336e-05, 2.9179003831814043e-05, 6.194104116730159e-06, 1.3149537458900795e-08, 1.928670556594625e-09], "lowlevel.barkbands.stdev": [0.000741337426006794, 0.021337071433663368, 0.006541901268064976, 0.002620098413899541, 0.007586830761283636, 0.0017119082622230053, 0.0026461854577064514, 0.0034317555837333202, 0.00890550296753645, 0.002208815421909094, 0.0016009839018806815, 0.0013359379954636097, 0.0008915754733607173, 0.0011501015396788716, 0.0007025860249996185, 0.0003786866436712444, 0.0002553639642428607, 0.0003224741667509079, 0.000441240263171494, 0.0004119522636756301, 0.00032675854163244367, 0.00021240609930828214, 0.00013306585606187582, 5.5243843235075474e-05, 1.3751458936894778e-05, 1.1915692255115573e-07, 8.981578147881919e-09], "lowlevel.erbbands.mean": [0.3994045853614807, 2.6198534965515137, 4.946164608001709, 2.698296070098877, 8.662955284118652, 15.711026191711426, 6.317141056060791, 6.775419235229492, 18.11942481994629, 17.799182891845703, 40.60762405395508, 60.15274429321289, 74.84850311279297, 24.848934173583984, 25.79522705078125, 21.943918228149414, 19.88639259338379, 33.07442092895508, 22.533309936523438, 12.494136810302734, 18.9891300201416, 9.922526359558105, 9.5044584274292, 17.065425872802734, 17.471378326416016, 12.960600852966309, 9.155229568481445, 6.848999500274658, 5.121705055236816, 3.9670979976654053, 1.9675532579421997, 0.8249984979629517, 0.40028801560401917, 0.12872600555419922, 0.011598520912230015, 0.0004724877653643489, 5.5951251852093264e-05, 1.1365293175913393e-05, 1.847269231802784e-05, 3.896743510267697e-05], "lowlevel.erbbands.stdev": [0.8637894988059998, 4.217467308044434, 9.488791465759277, 5.969367027282715, 14.91440200805664, 33.13929748535156, 15.582443237304688, 14.111631393432617, 35.8929328918457, 51.59611892700195, 77.76033782958984, 125.34347534179688, 189.35826110839844, 63.43448257446289, 60.93982696533203, 53.93270492553711, 31.920228958129883, 77.86393737792969, 44.77792739868164, 16.877819061279297, 22.612070083618164, 13.22643756866455, 12.892877578735352, 23.710302352905273, 23.369915008544922, 19.8370418548584, 14.917694091796875, 11.216516494750977, 7.920489311218262, 6.14196252822876, 3.2520763874053955, 1.4527531862258911, 0.8067586421966553, 0.28313347697257996, 0.028793375939130783, 0.0013570955488830805, 0.0001770133530953899, 4.1042691009351984e-05, 1.5686578990425915e-05, 3.4207867429358885e-05], "lowlevel.gfcc.mean": [-69.05805969238281, 118.75531005859375, -180.83261108398438, 44.349632263183594, -72.31266021728516, 5.464797019958496, -20.751209259033203, -10.048332214355469, -4.806956768035889, -20.86672019958496, 1.739067792892456, -23.38970184326172, 1.9421406984329224], "lowlevel.melbands.mean": [0.0034455235581845045, 0.002778411377221346, 0.0006180293275974691, 0.001033960492350161, 0.00026207370683550835, 0.00014887024008203298, 0.0002800234069582075, 0.000216202563024126, 0.00032302652834914625, 0.0004561337409541011, 0.0003747507289517671, 9.387261525262147e-05, 8.972072828328237e-05, 6.48394925519824e-05, 4.2504805605858564e-05, 5.77722821617499e-05, 5.6903125368990004e-05, 3.339215254527517e-05, 2.260888140881434e-05, 1.6525549654033966e-05, 2.2695327061228454e-05, 1.0485106940905098e-05, 6.813816526118899e-06, 1.1484286005725153e-05, 1.4183485291141551e-05, 1.2243003766343463e-05, 1.1828550668724347e-05, 7.850215297366958e-06, 5.287924523145193e-06, 5.314956979418639e-06, 3.6610542792914202e-06, 2.8997098979743896e-06, 2.6139548481296515e-06, 2.0737045360874617e-06, 1.2487953426898457e-06, 6.763650617358508e-07, 4.3113541892125795e-07, 3.0134785333757463e-07, 1.9612949131442292e-07, 7.390715950350568e-08], "lowlevel.melbands.stdev": [0.006567835342139006, 0.004650036338716745, 0.0010626751463860273, 0.0020152912475168705, 0.000568533840123564, 0.00032024329993873835, 0.0005445070564746857, 0.00058355851797387, 0.0005937480018474162, 0.0010547935962677002, 0.0009604787919670343, 0.00028255960205569863, 0.00023875627084635198, 0.00015632108261343092, 9.453788516111672e-05, 0.00012907850032206625, 0.00013347984349820763, 7.102457311702892e-05, 3.6856174119748175e-05, 2.337679143238347e-05, 2.792249506455846e-05, 1.553094625705853e-05, 1.1509093383210711e-05, 1.68320784723619e-05, 2.134749956894666e-05, 1.6959133063210174e-05, 1.843614154495299e-05, 1.3541693988372572e-05, 9.309036613558419e-06, 9.162510650639888e-06, 6.638594186370028e-06, 4.684016403189162e-06, 4.140888904657913e-06, 3.3979367799474858e-06, 2.14675333154446e-06, 1.1858639936690452e-06, 8.062446568146697e-07, 6.109150945121655e-07, 4.269258511158114e-07, 1.848006121463186e-07], "lowlevel.melbands128.mean": [0.00032497593201696873, 0.0032425993122160435, 0.00450208829715848, 0.004350532311946154, 0.00326950429007411, 0.0011588833294808865, 0.0004396557342261076, 0.0004940741928294301, 0.0007057423354126513, 0.0016148342983797193, 0.0008579937857575715, 0.00018714589532464743, 0.00022576066839974374, 0.0001375154679408297, 0.00012893621169496328, 0.00017229763034265488, 0.00018188718240708113, 0.00042672816198319197, 0.00021661410573869944, 0.0001545913692098111, 0.00019807106582447886, 0.0004146104911342263, 0.0003399146080482751, 0.0002251667610835284, 0.0002728401741478592, 0.0005131241632625461, 0.0010129145812243223, 0.0001719999563647434, 9.278423385694623e-05, 0.00012089308438589796, 6.821698480052873e-05, 8.986006287159398e-05, 0.00011557161633390933, 6.556932930834591e-05, 6.928816583240405e-05, 6.482329627033323e-05, 6.185057281982154e-05, 3.3795167837524787e-05, 4.114271359867416e-05, 3.234067844459787e-05, 3.46291417372413e-05, 0.00014665347407571971, 5.107189281261526e-05, 2.576125734776724e-05, 1.8651073332875967e-05, 3.5334276617504656e-05, 5.500058614416048e-05, 1.8290644220542163e-05, 1.110123503167415e-05, 1.5824713045731187e-05, 1.3013435818720609e-05, 1.965590490726754e-05, 3.649409336503595e-05, 1.4368861229741015e-05, 1.5022533261799254e-05, 1.0268535334034823e-05, 6.8733884290850256e-06, 7.963431926327758e-06, 6.374290478561306e-06, 5.3975491027813405e-06, 9.96127346297726e-06, 1.836288720369339e-05, 1.6363459508283995e-05, 1.263464946532622e-05, 1.0162892976950388e-05, 1.1145484677399509e-05, 1.590641841175966e-05, 1.1196070772712119e-05, 1.2990436516702175e-05, 8.710951078683138e-06, 9.282644896302372e-06, 6.128773748059757e-06, 4.887047907686792e-06, 4.8908159442362376e-06, 6.224232038221089e-06, 6.500649305962725e-06, 4.255720341461711e-06, 3.050590294151334e-06, 4.554453880700748e-06, 2.9286441076692427e-06, 3.221335873604403e-06, 2.680237003005459e-06, 2.5471399567322806e-06, 2.963773795272573e-06, 2.280846501889755e-06, 2.106392457790207e-06, 2.1035923509771237e-06, 1.7768901443560026e-06, 1.20733386665961e-06, 8.807147082734446e-07, 7.439407454512548e-07, 6.547306270476838e-07, 4.878692720922118e-07, 4.3389897541601385e-07, 3.87799587997506e-07, 3.4116160918529204e-07, 2.9052381478322786e-07, 2.3686425265623257e-07, 1.9802601514129492e-07, 1.881974043271839e-07, 1.1997084925496893e-07, 3.8642642863351284e-08, 3.9125083617364e-08, 2.0691993896093663e-08, 2.2908264174503756e-09, 7.515747468822553e-10, 4.922097174286932e-10, 2.2770819951833943e-10, 1.3029391454644212e-10, 1.2305910457310887e-10, 9.723968852348719e-11, 4.415035004257106e-11, 3.657682143276553e-11, 3.8845138911058896e-11, 3.414454136096978e-11, 3.236352505431306e-11, 2.620664622809965e-11, 9.785912531701246e-12, 6.5228677494089116e-12, 6.358388208310695e-12, 6.179993149169061e-12, 6.0640728549721246e-12, 5.891190313356276e-12, 5.787866279999276e-12, 5.681149127523266e-12, 5.566025505082672e-12, 5.4927204277965824e-12, 5.459422844356077e-12], "lowlevel.melbands128.stdev": [0.0007230757619254291, 0.0073860641568899155, 0.009798998944461346, 0.007128758355975151, 0.00644453102722764, 0.002275571459904313, 0.0013477628817781806, 0.0013045870000496507, 0.001400498440489173, 0.0034035819116979837, 0.0019472119165584445, 0.0006107318913564086, 0.0006556108710356057, 0.0004158715601079166, 0.00030221775523386896, 0.0004814539279323071, 0.0005128479679115117, 0.0008911880431696773, 0.0004871601995546371, 0.0008549130870960653, 0.0007078637718223035, 0.0010459061013534665, 0.0007125039701350033, 0.0007031409768387675, 0.000821914931293577, 0.001457642880268395, 0.003102207090705633, 0.00039096182445064187, 0.0004758748400490731, 0.0005363158416002989, 0.00019969938148278743, 0.0002991497458424419, 0.0003828140033874661, 0.00020142232824582607, 0.00019553693709895015, 0.00019912535208277404, 0.0002250111137982458, 0.00012481123849283904, 9.845420572673902e-05, 6.587935058632866e-05, 9.465989569434896e-05, 0.00047589163295924664, 0.00011575598182389513, 8.696293662069365e-05, 5.0773636758094653e-05, 8.756390161579475e-05, 0.00013500370550900698, 3.826738611678593e-05, 2.2914011424290948e-05, 3.070576713071205e-05, 2.669485184014775e-05, 3.166941678500734e-05, 5.707839227397926e-05, 2.138055242539849e-05, 2.7845419026562013e-05, 1.8670934878173284e-05, 1.2196681382192764e-05, 1.770300696080085e-05, 1.2533711924334057e-05, 1.1808117960754316e-05, 1.7783879229682498e-05, 3.2341398764401674e-05, 3.658834975794889e-05, 2.2965186872170307e-05, 1.8852600987884216e-05, 1.7592199583305046e-05, 2.561543988122139e-05, 1.927668745338451e-05, 2.864477937691845e-05, 1.509290359535953e-05, 2.2628002625424415e-05, 1.2261460142326541e-05, 1.0900007509917486e-05, 9.58329201239394e-06, 1.3193025552027393e-05, 1.2700291335931979e-05, 8.567985787522048e-06, 6.208605555002578e-06, 9.993295861931983e-06, 5.318924195307773e-06, 6.008823220327031e-06, 4.707417247118428e-06, 4.483674729272025e-06, 5.197862719796831e-06, 4.01726174459327e-06, 3.7696775052609155e-06, 3.861196546495194e-06, 3.4846636935981223e-06, 2.28297540161293e-06, 1.7043926163751166e-06, 1.3838230188412126e-06, 1.2620616871572565e-06, 9.969784287022776e-07, 8.808192433207296e-07, 7.529017125307291e-07, 7.358116818068083e-07, 6.429883114833501e-07, 6.119519753156055e-07, 4.72618779667755e-07, 4.096567920441885e-07, 3.032224924481852e-07, 1.4907463707913848e-07, 1.381348511131364e-07, 6.443594458005464e-08, 1.3081336902587282e-08, 4.399383080055941e-09, 4.762523264645324e-09, 2.543673716104422e-09, 1.1914287334491291e-09, 1.2980327923628465e-09, 9.254486066367917e-10, 4.209944892696882e-10, 3.776413348699492e-10, 4.4574668955910113e-10, 4.155641664116416e-10, 4.891089755432176e-10, 3.3998917570166043e-10, 5.868143471143838e-11, 1.1034790269037753e-11, 1.0787958200364489e-11, 1.0341812475833656e-11, 1.0181034834633174e-11, 9.836260278506259e-12, 9.669632282383045e-12, 9.530278476110876e-12, 9.41710077972946e-12, 9.335329384518865e-12, 9.28506837388765e-12], "lowlevel.mfcc.mean": [-678.01513671875, 118.84873962402344, -34.086910247802734, 23.198997497558594, -17.73331069946289, 6.776071548461914, -5.004336357116699, 5.169074058532715, -5.814080715179443, 8.959595680236816, -4.711183547973633, -4.438699245452881, -2.962416887283325], "lowlevel.spectral_contrast_coeffs.mean": [-0.651405394077301, -0.7452059984207153, -0.760463297367096, -0.775984525680542, -0.7877680063247681, -0.6898000240325928], "lowlevel.spectral_contrast_coeffs.stdev": [0.11622065305709839, 0.08896034955978394, 0.08514005690813065, 0.05029754713177681, 0.03693653270602226, 0.05669145658612251], "lowlevel.spectral_contrast_valleys.mean": [-7.993549346923828, -7.1884284019470215, -7.382656097412109, -7.730163097381592, -7.654416084289551, -11.518692970275879], "lowlevel.spectral_contrast_valleys.stdev": [1.8454504013061523, 1.4423480033874512, 1.0668225288391113, 1.055241584777832, 1.1517878770828247, 1.5581096410751343], "rhythm.beats_loudness_band_ratio.mean": [0.40485092997550964, 0.17102009057998657, 0.19673272967338562, 0.1291981041431427, 0.08363969624042511, 0.05361245572566986], "rhythm.beats_loudness_band_ratio.stdev": [0.3334406614303589, 0.1941670924425125, 0.19824209809303284, 0.16552554070949554, 0.10137038677930832, 0.0638931542634964], "tonal.hpcp.mean": [0.36291325092315674, 0.27830806374549866, 0.08333832770586014, 0.03965234383940697, 0.033327315002679825, 0.04413800314068794, 0.05581313371658325, 0.05089693143963814, 0.05228611081838608, 0.07812882959842682, 0.08632128685712814, 0.08649090677499771, 0.0898488312959671, 0.06364388018846512, 0.10745522379875183, 0.1921175867319107, 0.142043799161911, 0.05452113226056099, 0.0340895913541317, 0.02941182442009449, 0.0812574177980423, 0.1264529675245285, 0.0693596750497818, 0.02332298643887043, 0.026441242545843124, 0.03715427964925766, 0.171818807721138, 0.3320516049861908, 0.2152005285024643, 0.10837391763925552, 0.13442406058311462, 0.07696264982223511, 0.04058161377906799, 0.04433657228946686, 0.05450587347149849, 0.17506134510040283], "tonal.hpcp.stdev": [0.38594818115234375, 0.3244756758213043, 0.18736881017684937, 0.12454570829868317, 0.10982883721590042, 0.12499221414327621, 0.12871770560741425, 0.1286478191614151, 0.12710565328598022, 0.19834566116333008, 0.23108595609664917, 0.1922323852777481, 0.1905987709760666, 0.14586535096168518, 0.17876143753528595, 0.30868256092071533, 0.2445170283317566, 0.13956749439239502, 0.09882614016532898, 0.08716319501399994, 0.17439782619476318, 0.27695631980895996, 0.14179733395576477, 0.07769811153411865, 0.08382486552000046, 0.11519156396389008, 0.23904404044151306, 0.4128568172454834, 0.27831390500068665, 0.2171352058649063, 0.2838847041130066, 0.16398224234580994, 0.11593607068061829, 0.13217301666736603, 0.15207171440124512, 0.24075253307819366], "rhythm.beats_position": [0.5572788715362549, 1.1145577430725098, 1.6834466457366943, 2.252335548400879, 2.809614419937134, 3.3668932914733887, 3.9241721630096436, 4.481451034545898, 5.027120113372803, 5.584399223327637, 6.1416778564453125, 6.687346935272217, 7.244625568389893, 7.790294647216797, 8.335963249206543, 8.893242835998535, 9.450521469116211, 9.996190071105957, 10.54185962677002, 11.099138259887695, 11.644806861877441, 12.190476417541504, 12.74775505065918, 13.293423652648926, 13.850702285766602, 14.407981872558594, 14.95365047454834, 15.499319076538086, 16.04498863220215, 16.60226821899414, 17.1595458984375, 17.716825485229492, 18.262493133544922, 18.808162689208984, 19.365442276000977, 19.945940017700195, 20.538049697875977, 21.130157470703125, 21.687437057495117, 22.24471664428711, 22.80199432373047, 23.34766387939453, 23.893333435058594, 24.450611114501953, 25.007890701293945, 25.565170288085938, 26.110837936401367, 26.65650749206543, 27.213787078857422, 27.75945472717285, 28.316734313964844, 28.862403869628906, 29.419681549072266, 29.965351104736328, 30.51102066040039, 31.06829833984375, 31.625577926635742, 32.17124557495117, 32.716915130615234, 33.274192810058594, 33.819862365722656, 34.36553192138672, 34.92280960083008, 35.4800910949707, 36.03736877441406], "rhythm.bpm_histogram": [0.0, 0.0, 0.0, 0.0, 0.0, 0.0, 0.0, 0.0, 0.0, 0.0, 0.0, 0.0, 0.0, 0.0, 0.0, 0.0, 0.0, 0.0, 0.0, 0.0, 0.0, 0.0, 0.0, 0.0, 0.0, 0.0, 0.0, 0.0, 0.0, 0.0, 0.0, 0.0, 0.0, 0.0, 0.0, 0.0, 0.0, 0.0, 0.0, 0.0, 0.0, 0.0, 0.0, 0.0, 0.0, 0.0, 0.0, 0.0, 0.0, 0.0, 0.0, 0.0, 0.0, 0.0, 0.0, 0.0, 0.0, 0.0, 0.0, 0.0, 0.0, 0.0, 0.0, 0.0, 0.0, 0.0, 0.0, 0.0, 0.0, 0.0, 0.0, 0.0, 0.0, 0.0, 0.0, 0.0, 0.0, 0.0, 0.0, 0.0, 0.0, 0.0, 0.0, 0.0, 0.0, 0.0, 0.0, 0.0, 0.0, 0.0, 0.0, 0.0, 0.0, 0.0, 0.0, 0.0, 0.0, 0.0, 0.0, 0.0, 0.0, 0.03125, 0.0, 0.015625, 0.0, 0.03125, 0.0, 0.0, 0.515625, 0.0, 0.40625, 0.0, 0.0, 0.0, 0.0, 0.0, 0.0, 0.0, 0.0, 0.0, 0.0, 0.0, 0.0, 0.0, 0.0, 0.0, 0.0, 0.0, 0.0, 0.0, 0.0, 0.0, 0.0, 0.0, 0.0, 0.0, 0.0, 0.0, 0.0, 0.0, 0.0, 0.0, 0.0, 0.0, 0.0, 0.0, 0.0, 0.0, 0.0, 0.0, 0.0, 0.0, 0.0, 0.0, 0.0, 0.0, 0.0, 0.0, 0.0, 0.0, 0.0, 0.0, 0.0, 0.0, 0.0, 0.0, 0.0, 0.0, 0.0, 0.0, 0.0, 0.0, 0.0, 0.0, 0.0, 0.0, 0.0, 0.0, 0.0, 0.0, 0.0, 0.0, 0.0, 0.0, 0.0, 0.0, 0.0, 0.0, 0.0, 0.0, 0.0, 0.0, 0.0, 0.0, 0.0, 0.0, 0.0, 0.0, 0.0, 0.0, 0.0, 0.0, 0.0, 0.0, 0.0, 0.0, 0.0, 0.0, 0.0, 0.0, 0.0, 0.0, 0.0, 0.0, 0.0, 0.0, 0.0, 0.0, 0.0, 0.0, 0.0, 0.0, 0.0, 0.0, 0.0, 0.0, 0.0, 0.0, 0.0, 0.0, 0.0, 0.0, 0.0, 0.0, 0.0, 0.0, 0.0, 0.0, 0.0, 0.0, 0.0, 0.0, 0.0, 0.0, 0.0, 0.0, 0.0, 0.0, 0.0, 0.0], "tonal.chords_histogram": [66.32653045654297, 14.795918464660645, 2.040816307067871, 0.0, 0.0, 0.0, 0.0, 0.0, 0.0, 0.0, 0.0, 0.0, 7.397959232330322, 0.2551020383834839, 0.0, 0.0, 0.0, 2.8061225414276123, 2.6785714626312256, 3.5714285373687744, 0.0, 0.0, 0.0, 0.12755101919174194], "tonal.thpcp": [1.0, 0.7668721675872803, 0.2296370416879654, 0.10926121473312378, 0.091832734644413, 0.12162136286497116, 0.15379194915294647, 0.1402454525232315, 0.14407330751419067, 0.2152823805809021, 0.23785653710365295, 0.23832391202449799, 0.24757660925388336, 0.17536939680576324, 0.29609066247940063, 0.5293760299682617, 0.39139875769615173, 0.15023185312747955, 0.09393316507339478, 0.08104367554187775, 0.22390314936637878, 0.348438560962677, 0.19111916422843933, 0.06426601111888885, 0.0728583037853241, 0.10237785428762436, 0.4734431803226471, 0.9149613976478577, 0.5929806232452393, 0.29862210154533386, 0.3704027235507965, 0.21206900477409363, 0.11182180047035217, 0.12216851115226746, 0.1501898169517517, 0.48237794637680054], "lowlevel.gfcc.cov": [[13776.009765625, 1797.8018798828125, 2079.845947265625, 1676.3228759765625, -1422.6640625, 221.76625061035156, -470.1224365234375, -97.24250030517578, 303.25164794921875, 211.65179443359375, 86.2930679321289, -364.0450744628906, -89.709228515625], [1797.8018798828125, 1968.0579833984375, 1273.4971923828125, 658.0365600585938, 837.5740966796875, -32.65064239501953, 152.2401123046875, -133.8558807373047, 191.67010498046875, -12.042858123779297, 176.64999389648438, 19.390268325805664, -54.5814208984375], [2079.845947265625, 1273.4971923828125, 1841.0057373046875, 969.6237182617188, 554.1398315429688, 271.7425231933594, 58.171016693115234, 65.20801544189453, 193.53504943847656, 162.03573608398438, 147.64598083496094, 22.782100677490234, -21.897409439086914], [1676.3228759765625, 658.0365600585938, 969.6237182617188, 812.9493408203125, 357.3624572753906, 206.33486938476562, 59.844417572021484, -1.8819197416305542, 129.5691680908203, 62.55001449584961, 59.69398498535156, -10.92567253112793, -9.803359985351562], [-1422.6640625, 837.5740966796875, 554.1398315429688, 357.3624572753906, 1174.5364990234375, 203.85589599609375, 334.90509033203125, 44.839576721191406, 111.22884368896484, 2.510296106338501, 108.8646469116211, 113.51215362548828, 28.923364639282227], [221.76625061035156, -32.65064239501953, 271.7425231933594, 206.33486938476562, 203.85589599609375, 443.4482421875, 220.66354370117188, 173.16445922851562, 73.17127990722656, 56.60029983520508, 31.95379066467285, 28.30507469177246, 65.22950744628906], [-470.1224365234375, 152.2401123046875, 58.171016693115234, 59.844417572021484, 334.90509033203125, 220.66354370117188, 398.19512939453125, 134.0531463623047, 117.04141998291016, 24.00763511657715, 38.93663787841797, 40.02820587158203, 13.406888961791992], [-97.24250030517578, -133.8558807373047, 65.20801544189453, -1.8819197416305542, 44.839576721191406, 173.16445922851562, 134.0531463623047, 232.27734375, 119.57189178466797, 116.49856567382812, 45.81767654418945, 20.121557235717773, 16.262752532958984], [303.25164794921875, 191.67010498046875, 193.53504943847656, 129.5691680908203, 111.22884368896484, 73.17127990722656, 117.04141998291016, 119.57189178466797, 234.8467254638672, 121.13045501708984, 77.3472900390625, 16.294946670532227, -8.043474197387695], [211.65179443359375, -12.042858123779297, 162.03573608398438, 62.55001449584961, 2.510296106338501, 56.60029983520508, 24.00763511657715, 116.49856567382812, 121.13045501708984, 169.18832397460938, 76.38581085205078, 25.617843627929688, 5.66057014465332], [86.2930679321289, 176.64999389648438, 147.64598083496094, 59.69398498535156, 108.8646469116211, 31.95379066467285, 38.93663787841797, 45.81767654418945, 77.3472900390625, 76.38581085205078, 134.93919372558594, 79.2796401977539, 23.166688919067383], [-364.0450744628906, 19.390268325805664, 22.782100677490234, -10.92567253112793, 113.51215362548828, 28.30507469177246, 40.02820587158203, 20.121557235717773, 16.294946670532227, 25.617843627929688, 79.2796401977539, 145.7609100341797, 64.03349304199219], [-89.709228515625, -54.5814208984375, -21.897409439086914, -9.803359985351562, 28.923364639282227, 65.22950744628906, 13.406888961791992, 16.262752532958984, -8.043474197387695, 5.66057014465332, 23.166688919067383, 64.03349304199219, 113.28302764892578]], "lowlevel.gfcc.icov": [[0.00044533723848871887, -0.0011554545490071177, 0.000611410359852016, -0.001227334956638515, 0.001430422649718821, -0.0007092002779245377, 0.000305305264191702, -0.0005125075695104897, 0.0004407800443004817, -0.0007267410401254892, 0.0003679324872791767, 2.625824163260404e-05, -0.00013396066788118333], [-0.0011554545490071177, 0.005539814941585064, -0.003482741303741932, 0.0038571939803659916, -0.004621102474629879, 0.003182553220540285, -0.0016814547125250101, 0.0031296720262616873, -0.0029927468858659267, 0.0044813030399382114, -0.003998165018856525, 0.0020625870674848557, -0.0002729030093178153], [0.000611410359852016, -0.003482741303741932, 0.003979667089879513, -0.004036668688058853, 0.0023087188601493835, -0.0021321249660104513, 0.0015778390225023031, -0.0023691148962825537, 0.002315215300768614, -0.0036397245712578297, 0.00208573741838336, -0.001530537731014192, 0.0008025470306165516], [-0.001227334956638515, 0.0038571939803659916, -0.004036668688058853, 0.007719532586634159, -0.004431469365954399, 0.0007696572574786842, -0.0007285817409865558, 0.004136531613767147, -0.003438902087509632, 0.0027833366766572, -0.0013475901214405894, 0.0010878840694203973, 0.00023233916726894677], [0.001430422649718821, -0.004621102474629879, 0.0023087188601493835, -0.004431469365954399, 0.006446708459407091, -0.002601914806291461, 5.192991920921486e-06, -0.002055390039458871, 0.002109099645167589, -0.0026108662132173777, 0.0018194110598415136, -0.001431770040653646, -0.00016683677677065134], [-0.0007092002779245377, 0.003182553220540285, -0.0021321249660104513, 0.0007696572574786842, -0.002601914806291461, 0.007546803914010525, -0.0031945682130753994, -0.0022926817182451487, 0.00016863789642229676, 0.0030769018922001123, -0.0021469027269631624, 0.0019419039599597454, -0.003148139687255025], [0.000305305264191702, -0.0016814547125250101, 0.0015778390225023031, -0.0007285817409865558, 5.192991920921486e-06, -0.0031945682130753994, 0.006333956494927406, -0.0023749375250190496, -0.0015590059338137507, 0.0006954288692213595, 0.001467089168727398, -0.0015233067097142339, 0.0015186171513050795], [-0.0005125075695104897, 0.0031296720262616873, -0.0023691148962825537, 0.004136531613767147, -0.002055390039458871, -0.0022926817182451487, -0.0023749375250190496, 0.014222241006791592, -0.004432222340255976, -0.0035238771233707666, -0.0012702225940302014, 0.0013223340502008796, 0.00046005690819583833], [0.0004407800443004817, -0.0029927468858659267, 0.002315215300768614, -0.003438902087509632, 0.002109099645167589, 0.00016863789642229676, -0.0015590059338137507, -0.004432222340255976, 0.011677497066557407, -0.006890544667840004, -8.318394975503907e-06, -3.8773094274802133e-05, 0.0004392958653625101], [-0.0007267410401254892, 0.0044813030399382114, -0.0036397245712578297, 0.0027833366766572, -0.0026108662132173777, 0.0030769018922001123, 0.0006954288692213595, -0.0035238771233707666, -0.006890544667840004, 0.019420042634010315, -0.008640291169285774, 0.0024293658789247274, -0.00062644510762766], [0.0003679324872791767, -0.003998165018856525, 0.00208573741838336, -0.0013475901214405894, 0.0018194110598415136, -0.0021469027269631624, 0.001467089168727398, -0.0012702225940302014, -8.318394975503907e-06, -0.008640291169285774, 0.0206301286816597, -0.010631452314555645, 0.0016536298207938671], [2.625824163260404e-05, 0.0020625870674848557, -0.001530537731014192, 0.0010878840694203973, -0.001431770040653646, 0.0019419039599597454, -0.0015233067097142339, 0.0013223340502008796, -3.8773094274802133e-05, 0.0024293658789247274, -0.010631452314555645, 0.016473954543471336, -0.007211212534457445], [-0.00013396066788118333, -0.0002729030093178153, 0.0008025470306165516, 0.00023233916726894677, -0.00016683677677065134, -0.003148139687255025, 0.0015186171513050795, 0.00046005690819583833, 0.0004392958653625101, -0.00062644510762766, 0.0016536298207938671, -0.007211212534457445, 0.014175144955515862]], "lowlevel.mfcc.cov": [[10796.29296875, 254.22145080566406, 2290.929443359375, 858.3276977539062, -449.4916076660156, 81.83641052246094, -604.1104736328125, -271.719482421875, -107.8270492553711, 89.29198455810547, 534.7182006835938, 38.270973205566406, -484.685546875], [254.22145080566406, 1829.29150390625, 378.96026611328125, 777.7344360351562, 627.5343017578125, 308.2250061035156, 174.4500732421875, 146.95632934570312, -21.677953720092773, 47.836910247802734, 72.43339538574219, 103.03118896484375, 112.61038970947266], [2290.929443359375, 378.96026611328125, 1318.07470703125, 577.9968872070312, 317.22894287109375, 247.54408264160156, 8.422025680541992, 30.709875106811523, 59.10780334472656, 64.78897857666016, 274.8686218261719, 95.36688995361328, -89.85555267333984], [858.3276977539062, 777.7344360351562, 577.9968872070312, 815.4842529296875, 456.159912109375, 310.44683837890625, 54.9054069519043, 71.85555267333984, -2.776721715927124, 82.92731475830078, 94.70108032226562, 76.09934997558594, -10.696335792541504], [-449.4916076660156, 627.5343017578125, 317.22894287109375, 456.159912109375, 693.1883544921875, 307.444091796875, 240.47152709960938, 136.21156311035156, 82.51394653320312, 47.12989044189453, 28.454654693603516, 67.4496841430664, 137.87765502929688], [81.83641052246094, 308.2250061035156, 247.54408264160156, 310.44683837890625, 307.444091796875, 358.9347839355469, 212.69517517089844, 182.4105682373047, 96.7916030883789, 93.49090576171875, 43.6821174621582, 30.699832916259766, 17.62605094909668], [-604.1104736328125, 174.4500732421875, 8.422025680541992, 54.9054069519043, 240.47152709960938, 212.69517517089844, 340.528564453125, 194.0416259765625, 120.19886016845703, 62.891632080078125, 23.8829402923584, 27.52558135986328, 64.14665985107422], [-271.719482421875, 146.95632934570312, 30.709875106811523, 71.85555267333984, 136.21156311035156, 182.4105682373047, 194.0416259765625, 228.72955322265625, 118.17420196533203, 78.66779327392578, 46.939353942871094, 39.633209228515625, 45.852840423583984], [-107.8270492553711, -21.677953720092773, 59.10780334472656, -2.776721715927124, 82.51394653320312, 96.7916030883789, 120.19886016845703, 118.17420196533203, 180.74267578125, 115.19316864013672, 92.63961791992188, 45.0324592590332, 26.38156509399414], [89.29198455810547, 47.836910247802734, 64.78897857666016, 82.92731475830078, 47.12989044189453, 93.49090576171875, 62.891632080078125, 78.66779327392578, 115.19316864013672, 185.12887573242188, 122.36334991455078, 54.79177474975586, -1.5659452676773071], [534.7182006835938, 72.43339538574219, 274.8686218261719, 94.70108032226562, 28.454654693603516, 43.6821174621582, 23.8829402923584, 46.939353942871094, 92.63961791992188, 122.36334991455078, 243.3875732421875, 100.06161499023438, 6.986491680145264], [38.270973205566406, 103.03118896484375, 95.36688995361328, 76.09934997558594, 67.4496841430664, 30.699832916259766, 27.52558135986328, 39.633209228515625, 45.0324592590332, 54.79177474975586, 100.06161499023438, 132.3257598876953, 80.1869888305664], [-484.685546875, 112.61038970947266, -89.85555267333984, -10.696335792541504, 137.87765502929688, 17.62605094909668, 64.14665985107422, 45.852840423583984, 26.38156509399414, -1.5659452676773071, 6.986491680145264, 80.1869888305664, 210.22373962402344]], "lowlevel.mfcc.icov": [[0.00021930136426817626, -5.4120406275615096e-05, -0.00038306371425278485, -0.00010391057003289461, 0.00042088134796358645, -0.00018283895042259246, 0.00020942413539160043, 0.00012135590077377856, -4.591368269757368e-05, -4.174511559540406e-06, -0.00011233521217945963, 0.00019547718693502247, -5.059408795204945e-05], [-5.4120406275615096e-05, 0.0011490649776533246, 0.00029176348471082747, -0.0010026961099356413, -0.0006109160603955388, 0.0005493655917234719, -0.000285792862996459, -0.0006801940035074949, 0.0007546131382696331, 0.00011388804705347866, -0.00037560160853900015, 1.3183836927055381e-05, -0.0001628226600587368], [-0.00038306371425278485, 0.00029176348471082747, 0.0025609792210161686, -0.0007036809111014009, -0.0011905920691788197, -0.0006066379137337208, 0.00010494641173863783, 0.00027160209720022976, -0.0005623585311695933, 0.0020162106957286596, -0.0023141768760979176, -0.0004752668901346624, 0.001103608519770205], [-0.00010391057003289461, -0.0010026961099356413, -0.0007036809111014009, 0.005042684730142355, -0.0019955195020884275, -0.002513417974114418, 0.001893437816761434, -2.566020702943206e-05, 0.0021682067308574915, -0.00177369499579072, 0.0006251488230191171, -0.001803036080673337, 0.0015823662979528308], [0.00042088134796358645, -0.0006109160603955388, -0.0011905920691788197, -0.0019955195020884275, 0.005707642994821072, -0.0016265015583485365, -0.001818844466470182, 0.00223323586396873, -0.0021935009863227606, 0.0007569905137643218, 0.000784727861173451, 0.0012363237328827381, -0.0030687146354466677], [-0.00018283895042259246, 0.0005493655917234719, -0.0006066379137337208, -0.002513417974114418, -0.0016265015583485365, 0.010782210156321526, -0.0030674561858177185, -0.004804769530892372, 0.0005940304836258292, -0.002702372847124934, 0.0021363883279263973, 0.0008867272990755737, 0.0005398007342591882], [0.00020942413539160043, -0.000285792862996459, 0.00010494641173863783, 0.001893437816761434, -0.001818844466470182, -0.0030674561858177185, 0.008594232611358166, -0.0036703485529869795, -0.0010144111001864076, 0.0007821758044883609, -0.0007131426827982068, 0.00021811803162563592, 0.00047901066136546433], [0.00012135590077377856, -0.0006801940035074949, 0.00027160209720022976, -2.566020702943206e-05, 0.00223323586396873, -0.004804769530892372, -0.0036703485529869795, 0.013104353100061417, -0.004782236646860838, 0.0009041394805535674, -0.00021102538448758423, -0.0007724897004663944, -0.0011326592648401856], [-4.591368269757368e-05, 0.0007546131382696331, -0.0005623585311695933, 0.0021682067308574915, -0.0021935009863227606, 0.0005940304836258292, -0.0010144111001864076, -0.004782236646860838, 0.015472632832825184, -0.006874595768749714, -0.001513293944299221, -0.00021220502094365656, 0.00023962858540471643], [-4.174511559540406e-06, 0.00011388804705347866, 0.0020162106957286596, -0.00177369499579072, 0.0007569905137643218, -0.002702372847124934, 0.0007821758044883609, 0.0009041394805535674, -0.006874595768749714, 0.014324008487164974, -0.0057374960742890835, -0.0008661866304464638, 0.0014856134075671434], [-0.00011233521217945963, -0.00037560160853900015, -0.0023141768760979176, 0.0006251488230191171, 0.000784727861173451, 0.0021363883279263973, -0.0007131426827982068, -0.00021102538448758423, -0.001513293944299221, -0.0057374960742890835, 0.012278193607926369, -0.0057367137633264065, 0.00048201309982687235], [0.00019547718693502247, 1.3183836927055381e-05, -0.0004752668901346624, -0.001803036080673337, 0.0012363237328827381, 0.0008867272990755737, 0.00021811803162563592, -0.0007724897004663944, -0.00021220502094365656, -0.0008661866304464638, -0.0057367137633264065, 0.01722743920981884, -0.006994869094341993], [-5.059408795204945e-05, -0.0001628226600587368, 0.001103608519770205, 0.0015823662979528308, -0.0030687146354466677, 0.0005398007342591882, 0.00047901066136546433, -0.0011326592648401856, 0.00023962858540471643, 0.0014856134075671434, 0.00048201309982687235, -0.006994869094341993, 0.009980984963476658]], "metadata.audio_properties.analysis.downmix": "mix", "metadata.audio_properties.codec": "mp3", "metadata.audio_properties.md5_encoded": "7a7634cbea43f53caca71b232235a0ad", "metadata.tags.file_name": "1182278715800035468.mp3", "metadata.version.essentia": "2.1-beta6-dev", "metadata.version.essentia_git_sha": "v2.1_beta5-1110-g77a6a954", "metadata.version.extractor": "music 2.0", "tonal.chords_key": "D", "tonal.chords_scale": "major", "tonal.key_edma.key": "D", "tonal.key_edma.scale": "major", "tonal.key_krumhansl.key": "D", "tonal.key_krumhansl.scale": "major", "tonal.key_temperley.key": "D", "tonal.key_temperley.scale": "major", "metadata.tags.encoding": ["Lavf58.45.100"]}, "essentia_models": [{"model_name"