{"song_id": "1182276290552795166", "download": "https://cdn.discordapp.com/attachments/1135903449314238464/1182276290552795166/chirp.mp4?ex=65841b99&amp", "lyrics": "-", "style": ["Tense"], "essentia_features": {"lowlevel.average_loudness": 0.9784911870956421, "lowlevel.barkbands_crest.mean": 9.150675773620605, "lowlevel.barkbands_crest.stdev": 3.652092456817627, "lowlevel.barkbands_flatness_db.mean": 0.114579938352108, "lowlevel.barkbands_flatness_db.stdev": 0.03520492836833, "lowlevel.barkbands_kurtosis.mean": 2.594015121459961, "lowlevel.barkbands_kurtosis.stdev": 6.246150016784668, "lowlevel.barkbands_skewness.mean": 1.4332914352416992, "lowlevel.barkbands_skewness.stdev": 1.2222522497177124, "lowlevel.barkbands_spread.mean": 38.6009635925293, "lowlevel.barkbands_spread.stdev": 16.512720108032227, "lowlevel.dissonance.mean": 0.48639219999313354, "lowlevel.dissonance.stdev": 0.013033047318458557, "lowlevel.dynamic_complexity": 1.591301441192627, "lowlevel.erbbands_crest.mean": 7.285916805267334, "lowlevel.erbbands_crest.stdev": 3.864973306655884, "lowlevel.erbbands_flatness_db.mean": 0.11657651513814926, "lowlevel.erbbands_flatness_db.stdev": 0.03251058608293533, "lowlevel.erbbands_kurtosis.mean": 0.34798023104667664, "lowlevel.erbbands_kurtosis.stdev": 1.9164109230041504, "lowlevel.erbbands_skewness.mean": -0.5484901070594788, "lowlevel.erbbands_skewness.stdev": 0.7108182311058044, "lowlevel.erbbands_spread.mean": 52.58244705200195, "lowlevel.erbbands_spread.stdev": 20.051280975341797, "lowlevel.hfc.mean": 35.0653076171875, "lowlevel.hfc.stdev": 17.303775787353516, "lowlevel.loudness_ebu128.integrated": -12.432512283325195, "lowlevel.loudness_ebu128.loudness_range": 1.514683723449707, "lowlevel.loudness_ebu128.momentary.mean": -12.584779739379883, "lowlevel.loudness_ebu128.momentary.stdev": 1.2665611505508423, "lowlevel.loudness_ebu128.short_term.mean": -12.47695255279541, "lowlevel.loudness_ebu128.short_term.stdev": 0.6270939707756042, "lowlevel.melbands_crest.mean": 16.437511444091797, "lowlevel.melbands_crest.stdev": 5.551578521728516, "lowlevel.melbands_flatness_db.mean": 0.16401422023773193, "lowlevel.melbands_flatness_db.stdev": 0.053281258791685104, "lowlevel.melbands_kurtosis.mean": 18.49197769165039, "lowlevel.melbands_kurtosis.stdev": 23.698171615600586, "lowlevel.melbands_skewness.mean": 3.496713161468506, "lowlevel.melbands_skewness.stdev": 1.9970483779907227, "lowlevel.melbands_spread.mean": 33.55473327636719, "lowlevel.melbands_spread.stdev": 24.41096305847168, "lowlevel.pitch_salience.mean": 0.5739494562149048, "lowlevel.pitch_salience.stdev": 0.10659588873386383, "lowlevel.silence_rate_20dB.mean": 1.0, "lowlevel.silence_rate_20dB.stdev": 0.0, "lowlevel.silence_rate_30dB.mean": 0.982758641242981, "lowlevel.silence_rate_30dB.stdev": 0.13016986846923828, "lowlevel.silence_rate_60dB.mean": 0.020114943385124207, "lowlevel.silence_rate_60dB.stdev": 0.14039261639118195, "lowlevel.spectral_centroid.mean": 2063.78857421875, "lowlevel.spectral_centroid.stdev": 591.501220703125, "lowlevel.spectral_complexity.mean": 30.462644577026367, "lowlevel.spectral_complexity.stdev": 11.078875541687012, "lowlevel.spectral_decrease.mean": -9.3836716175133e-09, "lowlevel.spectral_decrease.stdev": 6.202046876069289e-09, "lowlevel.spectral_energy.mean": 0.03859669715166092, "lowlevel.spectral_energy.stdev": 0.02389945648610592, "lowlevel.spectral_energyband_high.mean": 0.0023016701452434063, "lowlevel.spectral_energyband_high.stdev": 0.0017238707514479756, "lowlevel.spectral_energyband_low.mean": 0.021569402888417244, "lowlevel.spectral_energyband_low.stdev": 0.02237130142748356, "lowlevel.spectral_energyband_middle_high.mean": 0.006481289863586426, "lowlevel.spectral_energyband_middle_high.stdev": 0.005239537451416254, "lowlevel.spectral_energyband_middle_low.mean": 0.010131043381989002, "lowlevel.spectral_energyband_middle_low.stdev": 0.007597702089697123, "lowlevel.spectral_entropy.mean": 8.018442153930664, "lowlevel.spectral_entropy.stdev": 0.24872896075248718, "lowlevel.spectral_flux.mean": 0.10740119218826294, "lowlevel.spectral_flux.stdev": 0.05037689208984375, "lowlevel.spectral_kurtosis.mean": 2.805028200149536, "lowlevel.spectral_kurtosis.stdev": 1.6650573015213013, "lowlevel.spectral_rms.mean": 0.0058420998975634575, "lowlevel.spectral_rms.stdev": 0.0018775472417473793, "lowlevel.spectral_rolloff.mean": 2375.029541015625, "lowlevel.spectral_rolloff.stdev": 2013.3887939453125, "lowlevel.spectral_skewness.mean": 1.2201716899871826, "lowlevel.spectral_skewness.stdev": 0.3438722789287567, "lowlevel.spectral_spread.mean": 5440070.0, "lowlevel.spectral_spread.stdev": 1062568.625, "lowlevel.spectral_strongpeak.mean": 0.5396474599838257, "lowlevel.spectral_strongpeak.stdev": 0.7170913219451904, "lowlevel.zerocrossingrate.mean": 0.09389381855726242, "lowlevel.zerocrossingrate.stdev": 0.04496566206216812, "metadata.audio_properties.analysis.equal_loudness": 0.0, "metadata.audio_properties.analysis.length": 32.29866027832031, "metadata.audio_properties.analysis.sample_rate": 44100.0, "metadata.audio_properties.analysis.start_time": 0.0, "metadata.audio_properties.bit_rate": 120695.0, "metadata.audio_properties.length": 32.298667907714844, "metadata.audio_properties.lossless": 0.0, "metadata.audio_properties.number_channels": 1.0, "metadata.audio_properties.replay_gain": -13.355823516845703, "metadata.audio_properties.sample_rate": 48000.0, "rhythm.beats_count": 65.0, "rhythm.beats_loudness.mean": 0.05033611133694649, "rhythm.beats_loudness.stdev": 0.026371141895651817, "rhythm.bpm": 122.2195053100586, "rhythm.bpm_histogram_first_peak_bpm": 123.0, "rhythm.bpm_histogram_first_peak_weight": 0.3636363744735718, "rhythm.bpm_histogram_second_peak_bpm": 117.0, "rhythm.bpm_histogram_second_peak_spread": 0.0, "rhythm.bpm_histogram_second_peak_weight": 0.125, "rhythm.danceability": 1.6353689432144165, "rhythm.onset_rate": 2.9711642265319824, "tonal.chords_changes_rate": 0.0731707289814949, "tonal.chords_number_rate": 0.012912482023239136, "tonal.chords_strength.mean": 0.5068310499191284, "tonal.chords_strength.stdev": 0.0810626819729805, "tonal.hpcp_crest.mean": 10.717576026916504, "tonal.hpcp_crest.stdev": 4.972414016723633, "tonal.hpcp_entropy.mean": 2.4990785121917725, "tonal.hpcp_entropy.stdev": 0.7285884618759155, "tonal.key_edma.strength": 0.6925674676895142, "tonal.key_krumhansl.strength": 0.6892009377479553, "tonal.key_temperley.strength": 0.6787320971488953, "tonal.tuning_diatonic_strength": 0.6398378610610962, "tonal.tuning_equal_tempered_deviation": 0.257691890001297, "tonal.tuning_frequency": 434.193115234375, "tonal.tuning_nontempered_energy_ratio": 0.9251366257667542, "lowlevel.barkbands.mean": [0.0017428548308089375, 0.010425746440887451, 0.007597857620567083, 0.0036371767055243254, 0.0027022617869079113, 0.0012791822664439678, 0.0006359933177009225, 0.0008646633359603584, 0.0008616172708570957, 0.0003996904706582427, 0.00029155457741580904, 0.0006206562393344939, 0.0005115129170008004, 0.0003779332328122109, 0.0004108996072318405, 0.0005279760807752609, 0.0014330454869195819, 0.0010639791144058108, 0.0005821537924930453, 0.0006228920537978411, 0.0004894999437965453, 0.00033379645901732147, 0.0004529092402663082, 0.00037077462184242904, 0.00021435435337480158, 0.00014567506150342524, 2.021695699738757e-08], "lowlevel.barkbands.stdev": [0.003621292533352971, 0.016809895634651184, 0.006373359821736813, 0.003424964612349868, 0.004616393707692623, 0.0023672329261898994, 0.0011085127480328083, 0.0015790818724781275, 0.001261566998437047, 0.000679098826367408, 0.0007030490669421852, 0.0016338700661435723, 0.0011137102264910936, 0.0007590306340716779, 0.000896913290489465, 0.0008645735797472298, 0.002065032022073865, 0.0013896985910832882, 0.00039840847603045404, 0.0004263730952516198, 0.0003687374119181186, 0.00034223258262500167, 0.0005484235007315874, 0.00048239005263894796, 0.00017777631001081318, 0.0001390263787470758, 1.0310577636118978e-07], "lowlevel.erbbands.mean": [0.37040942907333374, 2.1053872108459473, 8.211255073547363, 11.272990226745605, 8.43887996673584, 9.944748878479004, 13.134428977966309, 8.230134010314941, 8.462063789367676, 11.657480239868164, 23.23259162902832, 19.014551162719727, 13.46930980682373, 11.5592041015625, 14.807137489318848, 26.8622989654541, 24.88209342956543, 18.76537322998047, 24.112464904785156, 19.371326446533203, 38.316009521484375, 83.8083724975586, 64.33964538574219, 36.270320892333984, 28.998851776123047, 27.500720977783203, 23.272239685058594, 16.157739639282227, 12.668643951416016, 11.658888816833496, 12.998476028442383, 7.604866981506348, 6.529994010925293, 2.577798843383789, 1.412894606590271, 0.8740985989570618, 0.23761394619941711, 0.012045505456626415, 0.00029379199258983135, 6.65470797684975e-05], "lowlevel.erbbands.stdev": [0.8379468321800232, 2.8250041007995605, 6.923218727111816, 9.47673511505127, 8.547877311706543, 20.865509033203125, 24.253541946411133, 16.450265884399414, 14.342792510986328, 23.660587310791016, 38.94471740722656, 28.926849365234375, 20.01822853088379, 22.9902286529541, 31.999948501586914, 71.65484619140625, 51.569122314453125, 38.62143325805664, 49.78834533691406, 34.60107421875, 55.41716003417969, 119.24478912353516, 84.14069366455078, 28.536693572998047, 19.189844131469727, 18.922178268432617, 16.144529342651367, 13.510825157165527, 12.992891311645508, 13.292069435119629, 16.047588348388672, 11.338756561279297, 7.806734085083008, 2.235119581222534, 1.2106399536132812, 0.8125178813934326, 0.24076507985591888, 0.015108986757695675, 0.0002857180661521852, 3.152788485749625e-05], "lowlevel.gfcc.mean": [52.39630889892578, 54.07331466674805, -104.22079467773438, 57.02493667602539, -54.49228286743164, 22.040258407592773, -40.3066291809082, 23.66952133178711, -30.295207977294922, 3.5174143314361572, -23.094379425048828, 0.8301039338111877, -19.70453453063965], "lowlevel.melbands.mean": [0.0030558982398360968, 0.003702439134940505, 0.0018582335906103253, 0.0006248677964322269, 0.00045547171612270176, 0.00019585955305956304, 0.0001305289042647928, 0.00013250969641376287, 0.00020030663290526718, 0.00011234760313527659, 6.516240682685748e-05, 4.6082455810392275e-05, 4.22576122218743e-05, 6.76113340887241e-05, 6.570757977897301e-05, 4.6849083446431905e-05, 3.3321954106213525e-05, 3.956525688408874e-05, 2.7675056117004715e-05, 2.8774276870535687e-05, 4.700976569438353e-05, 8.225520286941901e-05, 8.944781438913196e-05, 3.8574286008952186e-05, 2.839165972545743e-05, 1.9689639884745702e-05, 2.2968375560594723e-05, 1.7144440789707005e-05, 1.5028915186121594e-05, 1.284952577407239e-05, 7.92706214269856e-06, 7.08517882230808e-06, 6.486440270236926e-06, 6.714870778523618e-06, 8.05927538749529e-06, 5.573844191530952e-06, 4.532623734121444e-06, 5.152913217898458e-06, 3.00000488095975e-06, 1.924947355291806e-06], "lowlevel.melbands.stdev": [0.00582525972276926, 0.0031953444704413414, 0.0014598345151171088, 0.0010763012105599046, 0.0007587826112285256, 0.00036823312984779477, 0.00022142124362289906, 0.00027003505965694785, 0.00033756953780539334, 0.00017172869411297143, 0.00010159194789594039, 9.489984950050712e-05, 9.682896052254364e-05, 0.0001884982775663957, 0.00014227887731976807, 0.00010858340829145163, 7.17232032911852e-05, 8.32957957754843e-05, 5.9527716075535864e-05, 5.05385069118347e-05, 6.952988769626245e-05, 0.000122511584777385, 0.00013627985026687384, 4.989971057511866e-05, 2.279933869431261e-05, 1.407749095960753e-05, 1.763018372002989e-05, 1.2455755495466292e-05, 1.0889633813349064e-05, 1.0180107892665546e-05, 7.44252247386612e-06, 7.429101515299408e-06, 7.324259968299884e-06, 8.304924449475948e-06, 9.967903679353185e-06, 8.618632818979677e-06, 6.9396446633618325e-06, 6.772900633222889e-06, 2.829732011377928e-06, 1.752227035467513e-06], "lowlevel.melbands128.mean": [0.0013087132247164845, 0.0033601727336645126, 0.0032567933667451143, 0.003478730795904994, 0.004327141214162111, 0.003455025376752019, 0.0024283905513584614, 0.0015766737051308155, 0.0006637353217229247, 0.0006098398007452488, 0.000554306898266077, 0.00046935788122937083, 0.0005149098578840494, 0.0003297259390819818, 0.00017146689060609788, 0.00013446917000692338, 0.00012365741713438183, 0.00013573773321695626, 0.00013411468535196036, 0.0001217370736412704, 0.00013271972420625389, 0.000153246262925677, 0.0002553767990320921, 0.00019558132044039667, 0.00010516527981963009, 9.731188038131222e-05, 6.514638516819105e-05, 7.034662849036977e-05, 5.431795580079779e-05, 4.8412897740490735e-05, 4.4966051063966006e-05, 3.742399348993786e-05, 3.691359597723931e-05, 5.113332372275181e-05, 5.335043533705175e-05, 8.063681161729619e-05, 7.732446101726964e-05, 6.42610466456972e-05, 5.8452551456866786e-05, 5.986019823467359e-05, 4.192656706436537e-05, 3.291495522717014e-05, 2.878778650483582e-05, 3.7496771255973727e-05, 3.7240290112094954e-05, 4.117159915040247e-05, 4.204173819744028e-05, 2.690129076654557e-05, 2.230431891803164e-05, 2.2637606889475137e-05, 2.452227818139363e-05, 4.184859790257178e-05, 4.164233905612491e-05, 4.658961915993132e-05, 6.570958794327453e-05, 8.052061457419768e-05, 0.0001046909746946767, 0.00010322870366508141, 9.306686115451157e-05, 4.194401117274538e-05, 3.714123886311427e-05, 3.1445102649740875e-05, 3.2154675864148885e-05, 2.8513049983303063e-05, 2.061515078821685e-05, 1.9094732124358416e-05, 1.7951306290342472e-05, 2.2006935978424735e-05, 2.8567685149027966e-05, 1.8972737962030806e-05, 1.4101427950663492e-05, 1.8461983927409165e-05, 1.6505615349160507e-05, 1.4229368389351293e-05, 1.3274278899189085e-05, 1.3786203453491908e-05, 1.3019261132285465e-05, 9.186112038150895e-06, 7.009806267888052e-06, 6.645943813055055e-06, 7.201903372333618e-06, 7.173861376941204e-06, 7.153884325816762e-06, 7.121487669792259e-06, 4.82309224025812e-06, 6.175743237690767e-06, 6.8916851887479424e-06, 8.672135663800873e-06, 8.344183697772678e-06, 7.752646524750162e-06, 6.876145107526099e-06, 5.037605660618283e-06, 3.1617564673069865e-06, 4.035106940136757e-06, 5.8840832934947684e-06, 5.232683179201558e-06, 5.443587269837735e-06, 4.450219876162009e-06, 2.7788048555521527e-06, 2.649615680638817e-06, 1.6660637811583001e-06, 2.238908109575277e-06, 1.4939106449674e-06, 1.3370336091611534e-06, 1.159331532107899e-06, 2.1673126866517123e-06, 1.7943765442396398e-06, 1.2738887562591117e-06, 1.562347620165383e-06, 1.6739053307901486e-06, 1.3725140206588549e-06, 1.0022801006925874e-06, 6.79731272157369e-07, 3.9251270322893106e-07, 2.710119133553235e-07, 1.536363747334235e-08, 7.235079202416728e-10, 6.722888218346768e-11, 1.4777245399555383e-11, 7.87853116079873e-12, 7.510394216259098e-12, 7.044589737936757e-12, 6.3755940631071706e-12, 6.14129927467566e-12, 5.60300894222876e-12, 4.807524604105717e-12, 4.367212320943725e-12, 4.271552295903591e-12], "lowlevel.melbands128.stdev": [0.0032143513672053814, 0.008400914259254932, 0.006695082876831293, 0.004450852517038584, 0.003967666998505592, 0.0030123316682875156, 0.002197439083829522, 0.0014780984492972493, 0.0008218222064897418, 0.0014997149119153619, 0.0013616129290312529, 0.000868658593390137, 0.001117271720431745, 0.0007547784480266273, 0.00047295389231294394, 0.00034255278296768665, 0.00026714918203651905, 0.0002863642876036465, 0.0002760888892225921, 0.00034370337380096316, 0.0003628046833910048, 0.0003046468773391098, 0.000523979018907994, 0.0003870425571221858, 0.0002379991638008505, 0.0001886212994577363, 0.00012977678852621466, 0.00013775186380371451, 0.0001326016354141757, 0.00012131110997870564, 0.00011271484981989488, 0.00012483823229558766, 0.00011168168566655368, 0.0001395802537444979, 0.00014004633703734726, 0.000305243389448151, 0.00028947691316716373, 0.00017601464060135186, 0.00015309700393117964, 0.00016845377103891224, 0.0001092326856451109, 0.00014012660540174693, 7.280446152435616e-05, 9.334786591352895e-05, 8.825487020658329e-05, 0.00010827259393408895, 0.00011611646186793223, 6.875685357954353e-05, 6.493060209322721e-05, 4.9110287363873795e-05, 4.736183473141864e-05, 9.464023605687544e-05, 7.272971561178565e-05, 8.19830092950724e-05, 0.00012169218098279089, 0.00014465088315773755, 0.00018530136730987579, 0.00018001969147007912, 0.00017800903879106045, 6.971998664084822e-05, 7.252508657984436e-05, 4.0982671634992585e-05, 3.102705886703916e-05, 2.6951653126161546e-05, 2.0237832359271124e-05, 1.6856813090271316e-05, 1.5734891348984092e-05, 2.009121817536652e-05, 2.7087950002169237e-05, 1.8819138858816586e-05, 1.2604744370037224e-05, 1.5815088772797026e-05, 1.435621379641816e-05, 1.3115432921040338e-05, 1.1718304449459538e-05, 1.2029760000586975e-05, 1.311103278567316e-05, 9.394836524734274e-06, 7.700852620473597e-06, 8.021985195227899e-06, 8.409255315200426e-06, 8.365675057575572e-06, 9.42842507356545e-06, 9.02497868082719e-06, 5.5990362852753606e-06, 8.210953637899365e-06, 9.989465979742818e-06, 1.230964426213177e-05, 1.0920606655417942e-05, 1.1044183338526636e-05, 1.0695535820559599e-05, 9.618764124752488e-06, 6.329536518023815e-06, 7.089079645083984e-06, 9.16253702598624e-06, 7.936268957564607e-06, 8.493212590110488e-06, 5.232464445725782e-06, 2.7314440558257047e-06, 2.6539048576523783e-06, 1.711882987365243e-06, 2.2673602870781906e-06, 1.4509453194477828e-06, 1.3527594546758337e-06, 1.1515805908857146e-06, 2.0911029423587024e-06, 1.7928174429471255e-06, 1.3145920547685819e-06, 1.6591006897215266e-06, 1.6735618828533916e-06, 1.4792884712733212e-06, 1.3139032262188266e-06, 8.126182819978567e-07, 6.361909754559747e-07, 4.941640554534388e-07, 3.3511327046653605e-08, 3.5297369471720685e-09, 5.730654284441528e-10, 1.0849624670905555e-10, 6.044269251770373e-11, 5.697758584388701e-11, 5.213599690856441e-11, 4.8466852059503296e-11, 4.563314309757871e-11, 3.349794747142809e-11, 1.4298871114926115e-11, 6.908766961299939e-12, 6.594315371533099e-12], "lowlevel.mfcc.mean": [-590.59130859375, 79.26950073242188, 10.811952590942383, 36.58870315551758, 13.317046165466309, 4.090997219085693, 6.6121721267700195, 11.77131462097168, 2.9122390747070312, 3.0951216220855713, 0.5265047550201416, 5.982961177825928, -3.054333448410034], "lowlevel.spectral_contrast_coeffs.mean": [-0.692699134349823, -0.7950785756111145, -0.8113500475883484, -0.813772439956665, -0.7912253141403198, -0.7667638659477234], "lowlevel.spectral_contrast_coeffs.stdev": [0.06687504053115845, 0.05835011228919029, 0.04250219464302063, 0.040880341082811356, 0.036632951349020004, 0.02709876373410225], "lowlevel.spectral_contrast_valleys.mean": [-6.379380702972412, -6.575351238250732, -7.117084980010986, -7.181572437286377, -6.585253715515137, -9.098679542541504], "lowlevel.spectral_contrast_valleys.stdev": [0.6933602094650269, 0.5426784753799438, 0.5282801985740662, 0.5190099477767944, 0.49920913577079773, 0.5824758410453796], "rhythm.beats_loudness_band_ratio.mean": [0.48831287026405334, 0.1744454950094223, 0.07191036641597748, 0.056922707706689835, 0.10550256073474884, 0.12649932503700256], "rhythm.beats_loudness_band_ratio.stdev": [0.2638363540172577, 0.17021486163139343, 0.05846966430544853, 0.07017958164215088, 0.07564859092235565, 0.07453659176826477], "tonal.hpcp.mean": [0.11163134127855301, 0.08359551429748535, 0.11097612977027893, 0.14889340102672577, 0.14054250717163086, 0.09700462967157364, 0.0686187893152237, 0.06213115155696869, 0.0696643814444542, 0.1680280715227127, 0.1710679531097412, 0.071119025349617, 0.05040588974952698, 0.049970876425504684, 0.07179269939661026, 0.11047759652137756, 0.13396799564361572, 0.1580979824066162, 0.2690853476524353, 0.29663071036338806, 0.18342088162899017, 0.11921505630016327, 0.11010481417179108, 0.12632617354393005, 0.20593224465847015, 0.18473178148269653, 0.0827019065618515, 0.07649693638086319, 0.07932139933109283, 0.06866513937711716, 0.08913698047399521, 0.10585710406303406, 0.10306366533041, 0.1931447684764862, 0.2860051095485687, 0.2170541137456894], "tonal.hpcp.stdev": [0.21181151270866394, 0.17347240447998047, 0.23186714947223663, 0.2649073302745819, 0.25822290778160095, 0.1995983123779297, 0.1790010780096054, 0.16839317977428436, 0.15351702272891998, 0.2999476492404938, 0.2978672981262207, 0.1410319209098816, 0.10463226586580276, 0.10027016699314117, 0.15243549644947052, 0.19725941121578217, 0.22144509851932526, 0.2252587527036667, 0.3075299859046936, 0.3315451443195343, 0.2365703135728836, 0.2073477804660797, 0.2043047845363617, 0.21351954340934753, 0.29715487360954285, 0.2901441156864166, 0.15014080703258514, 0.16402991116046906, 0.18656040728092194, 0.15568290650844574, 0.1861482709646225, 0.21768313646316528, 0.195142924785614, 0.28241631388664246, 0.3825509250164032, 0.3125552833080292], "rhythm.beats_position": [0.5108389854431152, 1.0448979139328003, 1.5557368993759155, 2.043355941772461, 2.530975103378296, 3.041814088821411, 3.529433012008667, 4.028662204742432, 4.5162811279296875, 5.015510082244873, 5.503129005432129, 5.990748405456543, 6.478367328643799, 6.989206314086914, 7.47682523727417, 7.9760541915893555, 8.46367359161377, 8.962902069091797, 9.450521469116211, 9.938140869140625, 10.437369346618652, 10.936598777770996, 11.424217224121094, 11.911836624145508, 12.399456024169922, 12.910294532775879, 13.397913932800293, 13.88553237915039, 14.373151779174805, 14.872380256652832, 15.371609687805176, 15.85922908782959, 16.346847534179688, 16.85768699645996, 17.333696365356445, 17.832923889160156, 18.32054328918457, 18.831382751464844, 19.319002151489258, 19.806621551513672, 20.294239044189453, 20.793468475341797, 21.28108787536621, 21.768707275390625, 22.26793670654297, 22.76716423034668, 23.266393661499023, 23.754013061523438, 24.24163246154785, 24.752471923828125, 25.240089416503906, 25.72770881652832, 26.215328216552734, 26.70294761657715, 27.190567016601562, 27.701404571533203, 28.189023971557617, 28.68825340270996, 29.164262771606445, 29.66349220275879, 30.1627197265625, 30.661949157714844, 31.149568557739258, 31.6487979888916, 32.136417388916016], "rhythm.bpm_histogram": [0.0, 0.0, 0.0, 0.0, 0.0, 0.0, 0.0, 0.0, 0.0, 0.0, 0.0, 0.0, 0.0, 0.0, 0.0, 0.0, 0.0, 0.0, 0.0, 0.0, 0.0, 0.0, 0.0, 0.0, 0.0, 0.0, 0.0, 0.0, 0.0, 0.0, 0.0, 0.0, 0.0, 0.0, 0.0, 0.0, 0.0, 0.0, 0.0, 0.0, 0.0, 0.0, 0.0, 0.0, 0.0, 0.0, 0.0, 0.0, 0.0, 0.0, 0.0, 0.0, 0.0, 0.0, 0.0, 0.0, 0.0, 0.0, 0.0, 0.0, 0.0, 0.0, 0.0, 0.0, 0.0, 0.0, 0.0, 0.0, 0.0, 0.0, 0.0, 0.0, 0.0, 0.0, 0.0, 0.0, 0.0, 0.0, 0.0, 0.0, 0.0, 0.0, 0.0, 0.0, 0.0, 0.0, 0.0, 0.0, 0.0, 0.0, 0.0, 0.0, 0.0, 0.0, 0.0, 0.0, 0.0, 0.0, 0.0, 0.0, 0.0, 0.0, 0.0, 0.0, 0.0, 0.0, 0.0, 0.0, 0.0, 0.0, 0.0, 0.0, 0.015625, 0.0, 0.0, 0.0, 0.0, 0.125, 0.0, 0.0, 0.28125, 0.0, 0.0, 0.546875, 0.0, 0.0, 0.03125, 0.0, 0.0, 0.0, 0.0, 0.0, 0.0, 0.0, 0.0, 0.0, 0.0, 0.0, 0.0, 0.0, 0.0, 0.0, 0.0, 0.0, 0.0, 0.0, 0.0, 0.0, 0.0, 0.0, 0.0, 0.0, 0.0, 0.0, 0.0, 0.0, 0.0, 0.0, 0.0, 0.0, 0.0, 0.0, 0.0, 0.0, 0.0, 0.0, 0.0, 0.0, 0.0, 0.0, 0.0, 0.0, 0.0, 0.0, 0.0, 0.0, 0.0, 0.0, 0.0, 0.0, 0.0, 0.0, 0.0, 0.0, 0.0, 0.0, 0.0, 0.0, 0.0, 0.0, 0.0, 0.0, 0.0, 0.0, 0.0, 0.0, 0.0, 0.0, 0.0, 0.0, 0.0, 0.0, 0.0, 0.0, 0.0, 0.0, 0.0, 0.0, 0.0, 0.0, 0.0, 0.0, 0.0, 0.0, 0.0, 0.0, 0.0, 0.0, 0.0, 0.0, 0.0, 0.0, 0.0, 0.0, 0.0, 0.0, 0.0, 0.0, 0.0, 0.0, 0.0, 0.0, 0.0, 0.0, 0.0, 0.0, 0.0, 0.0, 0.0, 0.0, 0.0, 0.0, 0.0, 0.0, 0.0, 0.0, 0.0, 0.0, 0.0, 0.0], "tonal.chords_histogram": [47.632713317871094, 10.760401725769043, 2.1520802974700928, 4.160688877105713, 4.591104507446289, 1.1477761268615723, 0.28694403171539307, 0.0, 0.0, 0.0, 0.0, 0.0, 0.0, 0.0, 0.0, 5.308465003967285, 0.0, 7.7474894523620605, 0.0, 0.0, 0.0, 0.0, 0.0, 16.212339401245117], "tonal.thpcp": [1.0, 0.6183475852012634, 0.40189722180366516, 0.3711848258972168, 0.4258701801300049, 0.6942377686500549, 0.6227668523788452, 0.2788042724132538, 0.2578861117362976, 0.26740792393684387, 0.2314835786819458, 0.3004981577396393, 0.35686495900154114, 0.3474477231502533, 0.6511287093162537, 0.9641790390014648, 0.7317317724227905, 0.37633103132247925, 0.2818167805671692, 0.37412217259407043, 0.5019487142562866, 0.47379621863365173, 0.3270215392112732, 0.23132732510566711, 0.20945623517036438, 0.23485222458839417, 0.5664554238319397, 0.5767034292221069, 0.23975610733032227, 0.16992808878421783, 0.16846157610416412, 0.2420271933078766, 0.37244153022766113, 0.4516322612762451, 0.5329791307449341, 0.9071391820907593], "lowlevel.gfcc.cov": [[1930.1884765625, 48.875282287597656, 40.1519889831543, 226.03842163085938, 118.38679504394531, 12.865139961242676, -34.15370178222656, 60.682186126708984, -20.31106185913086, 12.202301025390625, -35.69319534301758, 58.47929382324219, -16.25157928466797], [48.875282287597656, 550.7827758789062, -48.970680236816406, 38.93344497680664, 138.8151092529297, -24.806167602539062, 76.38420867919922, 11.77673053741455, -0.2202351987361908, -21.08907127380371, 30.30778694152832, -25.243743896484375, 36.42491912841797], [40.1519889831543, -48.970680236816406, 350.45733642578125, 139.71067810058594, 24.058820724487305, 21.969423294067383, 57.851680755615234, -5.253296375274658, -45.731929779052734, 8.632674217224121, -30.513288497924805, 2.706259250640869, -4.668172359466553], [226.03842163085938, 38.93344497680664, 139.71067810058594, 353.0463562011719, 44.12885284423828, 59.19591522216797, 67.44050598144531, 19.587615966796875, 41.09292221069336, -13.370985984802246, 2.963557243347168, -43.70695877075195, 53.27116394042969], [118.38679504394531, 138.8151092529297, 24.058820724487305, 44.12885284423828, 267.15576171875, 30.98468017578125, 58.73455047607422, 51.90432357788086, 3.2511541843414307, 23.978790283203125, -15.893146514892578, 11.038861274719238, -8.871075630187988], [12.865139961242676, -24.806167602539062, 21.969423294067383, 59.19591522216797, 30.98468017578125, 156.9558563232422, 116.58776092529297, 31.69638442993164, 14.071084976196289, 4.549924373626709, 16.13595962524414, -34.59220886230469, -12.090587615966797], [-34.15370178222656, 76.38420867919922, 57.851680755615234, 67.44050598144531, 58.73455047607422, 116.58776092529297, 243.95556640625, 87.43110656738281, -17.568870544433594, 8.65964412689209, 8.124801635742188, -34.716041564941406, -25.344148635864258], [60.682186126708984, 11.77673053741455, -5.253296375274658, 19.587615966796875, 51.90432357788086, 31.69638442993164, 87.43110656738281, 117.61857604980469, 42.58034896850586, 8.304555892944336, -7.61667013168335, -3.9856598377227783, -17.263681411743164], [-20.31106185913086, -0.2202351987361908, -45.731929779052734, 41.09292221069336, 3.2511541843414307, 14.071084976196289, -17.568870544433594, 42.58034896850586, 108.57149505615234, 27.26951789855957, 12.565378189086914, -16.654834747314453, 12.881415367126465], [12.202301025390625, -21.08907127380371, 8.632674217224121, -13.370985984802246, 23.978790283203125, 4.549924373626709, 8.65964412689209, 8.304555892944336, 27.26951789855957, 72.99259948730469, 20.466060638427734, 3.773552894592285, -5.666681289672852], [-35.69319534301758, 30.30778694152832, -30.513288497924805, 2.963557243347168, -15.893146514892578, 16.13595962524414, 8.124801635742188, -7.61667013168335, 12.565378189086914, 20.466060638427734, 66.48365020751953, 19.424171447753906, 19.791521072387695], [58.47929382324219, -25.243743896484375, 2.706259250640869, -43.70695877075195, 11.038861274719238, -34.59220886230469, -34.716041564941406, -3.9856598377227783, -16.654834747314453, 3.773552894592285, 19.424171447753906, 77.56404876708984, 21.959209442138672], [-16.25157928466797, 36.42491912841797, -4.668172359466553, 53.27116394042969, -8.871075630187988, -12.090587615966797, -25.344148635864258, -17.263681411743164, 12.881415367126465, -5.666681289672852, 19.791521072387695, 21.959209442138672, 74.1856689453125]], "lowlevel.gfcc.icov": [[0.0009239139617420733, -0.0007339727599173784, 0.0007088856655173004, -0.0017414443427696824, 0.0006923264008946717, -0.001433739555068314, 0.0017094204667955637, -0.001525582280009985, 0.001854863716289401, -0.0018726817797869444, 0.0017909964080899954, -0.0024372462648898363, 0.0017144792946055532], [-0.0007339727599173784, 0.004305457696318626, -0.0006772518390789628, 0.0024218540638685226, -0.0035562242846935987, 0.004871852230280638, -0.004252901300787926, 0.0029294497799128294, -0.0029517319053411484, 0.004968950524926186, -0.005493601318448782, 0.005854552611708641, -0.0038341961335390806], [0.0007088856655173004, -0.0006772518390789628, 0.005427252035588026, -0.004289168864488602, 0.0013741657603532076, -0.00165208475664258, 0.0007283534505404532, -0.0005474982317537069, 0.003952245693653822, -0.004549876786768436, 0.005190148949623108, -0.005077697802335024, 0.0030103540048003197], [-0.0017414443427696824, 0.0024218540638685226, -0.004289168864488602, 0.009673277847468853, -0.00343362707644701, 0.0036960116121917963, -0.004946681205183268, 0.0036417690571397543, -0.006928218528628349, 0.007515734527260065, -0.006429752334952354, 0.010097987949848175, -0.008933979086577892], [0.0006923264008946717, -0.0035562242846935987, 0.0013741657603532076, -0.00343362707644701, 0.007817208766937256, -0.005075664259493351, 0.0035136674996465445, -0.004220477771013975, 0.0039658136665821075, -0.007008393760770559, 0.0074167619459331036, -0.007414070423692465, 0.003767607035115361], [-0.001433739555068314, 0.004871852230280638, -0.00165208475664258, 0.0036960116121917963, -0.005075664259493351, 0.01786903664469719, -0.011894122697412968, 0.007428560871630907, -0.008476534858345985, 0.008851108141243458, -0.010096470825374126, 0.009843913838267326, -0.0035658618435263634], [0.0017094204667955637, -0.004252901300787926, 0.0007283534505404532, -0.004946681205183268, 0.0035136674996465445, -0.011894122697412968, 0.01876756176352501, -0.015770675614476204, 0.014346756972372532, -0.008989634923636913, 0.0024622755590826273, -0.0019384657498449087, 0.004022960551083088], [-0.001525582280009985, 0.0029294497799128294, -0.0005474982317537069, 0.0036417690571397543, -0.004220477771013975, 0.007428560871630907, -0.015770675614476204, 0.02613268792629242, -0.018301935866475105, 0.008530979044735432, 0.0007077620830386877, -0.002537049585953355, 0.0013691792264580727], [0.001854863716289401, -0.0029517319053411484, 0.003952245693653822, -0.006928218528628349, 0.0039658136665821075, -0.008476534858345985, 0.014346756972372532, -0.018301935866475105, 0.027760924771428108, -0.014436231926083565, 0.00260441773571074, 0.000753577915020287, -2.6575373340165243e-05], [-0.0018726817797869444, 0.004968950524926186, -0.004549876786768436, 0.007515734527260065, -0.007008393760770559, 0.008851108141243458, -0.008989634923636913, 0.008530979044735432, -0.014436231926083565, 0.02814500220119953, -0.01510288380086422, 0.00893778633326292, -0.0029744887724518776], [0.0017909964080899954, -0.005493601318448782, 0.005190148949623108, -0.006429752334952354, 0.0074167619459331036, -0.010096470825374126, 0.0024622755590826273, 0.0007077620830386877, 0.00260441773571074, -0.01510288380086422, 0.03404229134321213, -0.01955043524503708, 0.0033798471558839083], [-0.0024372462648898363, 0.005854552611708641, -0.005077697802335024, 0.010097987949848175, -0.007414070423692465, 0.009843913838267326, -0.0019384657498449087, -0.002537049585953355, 0.000753577915020287, 0.00893778633326292, -0.01955043524503708, 0.03623678535223007, -0.01647263392806053], [0.0017144792946055532, -0.0038341961335390806, 0.0030103540048003197, -0.008933979086577892, 0.003767607035115361, -0.0035658618435263634, 0.004022960551083088, 0.0013691792264580727, -2.6575373340165243e-05, -0.0029744887724518776, 0.0033798471558839083, -0.01647263392806053, 0.02765662409365177]], "lowlevel.mfcc.cov": [[2030.05859375, -62.39448928833008, -40.78065490722656, 174.2740020751953, 103.56989288330078, 18.742355346679688, -24.472150802612305, 33.93307876586914, 21.282733917236328, -34.38697814941406, 34.71746063232422, 21.090103149414062, -6.9412736892700195], [-62.39448928833008, 530.628662109375, -166.6148223876953, 25.812501907348633, 38.7635612487793, -20.540632247924805, 65.21723175048828, 5.398539066314697, 7.060225486755371, -43.535545349121094, 27.02454948425293, -1.2379870414733887, 1.005415916442871], [-40.78065490722656, -166.6148223876953, 343.0888671875, 94.74170684814453, -44.293155670166016, 49.31595993041992, 26.33191680908203, 2.6192173957824707, -6.358343124389648, 29.74036407470703, -47.907691955566406, -25.969114303588867, 10.650508880615234], [174.2740020751953, 25.812501907348633, 94.74170684814453, 257.4485778808594, 69.25653076171875, 37.984291076660156, 46.87965774536133, 22.601106643676758, 52.967430114746094, 26.593463897705078, -20.909067153930664, -10.23666763305664, 18.01206398010254], [103.56989288330078, 38.7635612487793, -44.293155670166016, 69.25653076171875, 168.85739135742188, 22.3349552154541, -41.04172134399414, -8.9964017868042, 17.801374435424805, 7.20961332321167, -11.79921817779541, 4.341808795928955, -7.337787628173828], [18.742355346679688, -20.540632247924805, 49.31595993041992, 37.984291076660156, 22.3349552154541, 124.69257354736328, 83.41748046875, 14.832042694091797, 18.26785659790039, 38.34136199951172, 9.116837501525879, -1.8695123195648193, 2.5235555171966553], [-24.472150802612305, 65.21723175048828, 26.33191680908203, 46.87965774536133, -41.04172134399414, 83.41748046875, 208.85098266601562, 84.83396911621094, 41.0193977355957, 34.27873992919922, 28.623882293701172, 9.535603523254395, 9.48615550994873], [33.93307876586914, 5.398539066314697, 2.6192173957824707, 22.601106643676758, -8.9964017868042, 14.832042694091797, 84.83396911621094, 116.31941986083984, 56.27880096435547, 20.276290893554688, 23.35957908630371, 20.73539161682129, 0.27054861187934875], [21.282733917236328, 7.060225486755371, -6.358343124389648, 52.967430114746094, 17.801374435424805, 18.26785659790039, 41.0193977355957, 56.27880096435547, 96.86563110351562, 50.426143646240234, 25.616064071655273, 11.39049243927002, 8.213311195373535], [-34.38697814941406, -43.535545349121094, 29.74036407470703, 26.593463897705078, 7.20961332321167, 38.34136199951172, 34.27873992919922, 20.276290893554688, 50.426143646240234, 97.98721313476562, 35.64823913574219, 10.709882736206055, 2.2348995208740234], [34.71746063232422, 27.02454948425293, -47.907691955566406, -20.909067153930664, -11.79921817779541, 9.116837501525879, 28.623882293701172, 23.35957908630371, 25.616064071655273, 35.64823913574219, 84.62276458740234, 34.030948638916016, -0.5035200715065002], [21.090103149414062, -1.2379870414733887, -25.969114303588867, -10.23666763305664, 4.341808795928955, -1.8695123195648193, 9.535603523254395, 20.73539161682129, 11.39049243927002, 10.709882736206055, 34.030948638916016, 58.35770797729492, 17.1419620513916], [-6.9412736892700195, 1.005415916442871, 10.650508880615234, 18.01206398010254, -7.337787628173828, 2.5235555171966553, 9.48615550994873, 0.27054861187934875, 8.213311195373535, 2.2348995208740234, -0.5035200715065002, 17.1419620513916, 53.222938537597656]], "lowlevel.mfcc.icov": [[0.0005927526508457959, 0.00022021496261004359, 0.00019580296066123992, -0.0006081981700845063, -0.00012964493362233043, -0.00022229089518077672, 0.00024377139925491065, -0.0002914161595981568, 0.00016343020251952112, 0.0006415317766368389, -0.0006911482778377831, 5.7245782954851165e-05, 0.00011335760791553184], [0.00022021496261004359, 0.0029405998066067696, 0.0011875012423843145, -0.0006970693939365447, -0.0010443867649883032, 0.001274275709874928, -0.002146814251318574, 0.0011564934393391013, -0.00030561158200725913, 0.0019175522029399872, -0.0015907968627288938, 0.0011649475200101733, -0.00027981906896457076], [0.00019580296066123992, 0.0011875012423843145, 0.005412504076957703, -0.002724969759583473, 0.0025446624495089054, -0.001970734214410186, 0.0008975213277153671, -0.0012590419501066208, 0.0022689516190439463, -0.0018829811597242951, 0.0024517716374248266, 0.00048595579573884606, -0.000271488243015483], [-0.0006081981700845063, -0.0006970693939365447, -0.002724969759583473, 0.00751620763912797, -0.003580436110496521, 0.0014211866073310375, -0.0024960897862911224, 0.0016189742600545287, -0.0038829781115055084, -3.286464198026806e-05, 0.001298769610002637, 0.0010214997455477715, -0.0019050162518396974], [-0.00012964493362233043, -0.0010443867649883032, 0.0025446624495089054, -0.003580436110496521, 0.010920246131718159, -0.005435088183730841, 0.00556308776140213, -0.0015632599825039506, -0.0002061980776488781, -0.0015408375766128302, 0.0037195675540715456, -0.003459305502474308, 0.0027308790013194084], [-0.00022229089518077672, 0.001274275709874928, -0.001970734214410186, 0.0014211866073310375, -0.005435088183730841, 0.01621849276125431, -0.009339219890534878, 0.004615995567291975, -0.00025695934891700745, -0.0025278101675212383, -0.0012173074064776301, 0.0016334914835169911, -0.0004087145207449794], [0.00024377139925491065, -0.002146814251318574, 0.0008975213277153671, -0.0024960897862911224, 0.00556308776140213, -0.009339219890534878, 0.014364144764840603, -0.009304270148277283, 0.0024977384600788355, -0.001511653303168714, -0.00028652281616814435, 0.0003227242559660226, -0.0009942322503775358], [-0.0002914161595981568, 0.0011564934393391013, -0.0012590419501066208, 0.0016189742600545287, -0.0015632599825039506, 0.004615995567291975, -0.009304270148277283, 0.019972775131464005, -0.011022922582924366, 0.0038636350072920322, 0.00023489676823373884, -0.0053357635624706745, 0.0040261768735945225], [0.00016343020251952112, -0.00030561158200725913, 0.0022689516190439463, -0.0038829781115055084, -0.0002061980776488781, -0.00025695934891700745, 0.0024977384600788355, -0.011022922582924366, 0.023607581853866577, -0.00999295711517334, -0.0016360993031412363, 0.0030579951126128435, -0.003742120461538434], [0.0006415317766368389, 0.0019175522029399872, -0.0018829811597242951, -3.286464198026806e-05, -0.0015408375766128302, -0.0025278101675212383, -0.001511653303168714, 0.0038636350072920322, -0.00999295711517334, 0.020816925913095474, -0.008443744853138924, 0.0006408508052118123, 0.000974269350990653], [-0.0006911482778377831, -0.0015907968627288938, 0.0024517716374248266, 0.001298769610002637, 0.0037195675540715456, -0.0012173074064776301, -0.00028652281616814435, 0.00023489676823373884, -0.0016360993031412363, -0.008443744853138924, 0.023999439552426338, -0.012237826362252235, 0.004405786283314228], [5.7245782954851165e-05, 0.0011649475200101733, 0.00048595579573884606, 0.0010214997455477715, -0.003459305502474308, 0.0016334914835169911, 0.0003227242559660226, -0.0053357635624706745, 0.0030579951126128435, 0.0006408508052118123, -0.012237826362252235, 0.02937578223645687, -0.011118168942630291], [0.00011335760791553184, -0.00027981906896457076, -0.000271488243015483, -0.0019050162518396974, 0.0027308790013194084, -0.0004087145207449794, -0.0009942322503775358, 0.0040261768735945225, -0.003742120461538434, 0.000974269350990653, 0.004405786283314228, -0.011118168942630291, 0.02421979233622551]], "metadata.audio_properties.analysis.downmix": "mix", "metadata.audio_properties.codec": "mp3", "metadata.audio_properties.md5_encoded": "55e2cc1fd7780a2a6199e8f355318187", "metadata.tags.file_name": "1182276290552795166.mp3", "metadata.version.essentia": "2.1-beta6-dev", "metadata.version.essentia_git_sha": "v2.1_beta5-1110-g77a6a954", "metadata.version.extractor": "music 2.0", "tonal.chords_key": "Ab", "tonal.chords_scale": "major", "tonal.key_edma.key": "Ab", "tonal.key_edma.scale": "major", "tonal.key_krumhansl.key": "Ab", "tonal.key_krumhansl.scale": "major", "tonal.key_temperley.key": "Ab", "tonal.key_temperley.scale": "major", "metadata.tags.encoding": ["Lavf58.45.100"]}, "essentia_models": [{"model_name": "genre_dortmund", "activations": {"alternative": "0.002089596", "blues": "0.0011240953", "electronic": "0.0006462511", "folkcountry": "0.0005679182", "funksoulrnb": "0.0036507566", "jazz": "0.0007208746", "pop": "0.00026122975", "raphiphop": "0.004531883", "rock": "0.9299816"}}, {"model_name": "genre_rosamerica", "activations": {"classic": "0.0012721048", "dance": "0.00041709788", "hip