{"song_id": "1182276225834684476", "download": "https://cdn.discordapp.com/attachments/1135903449314238464/1182276225834684476/chirp.mp4?ex=65841b89&amp", "lyrics": "[verse]\n\u0428\u0451\u043b \u043d\u0430\u0451\u043c\u043d\u0438\u043a \u043f\u043e \u0443\u0442\u0440\u0443 \u0432 \u0441\u0435\u043b\u044c\u0441\u043a\u0443\u044e \u0442\u0430\u0432\u0435\u0440\u043d\u0443,\n\u041f\u0440\u043e\u0445\u0443\u0434\u0438\u043b\u0438\u0441\u044c \u0441\u0430\u043f\u043e\u0433\u0438, \u0434\u0435\u043d\u0435\u0433 \u0431\u043e\u043b\u044c\u0448\u0435 \u043d\u0435\u0442\u0443.\n\u0422\u0430\u043c \u043f\u043e\u0434\u0441\u0435\u043b \u043a \u043d\u0435\u043c\u0443 \u043a\u0443\u043f\u0435\u0446, \u043f\u0438\u0432\u043e\u043c \u0443\u0433\u043e\u0449\u0430\u0435\u0442.\n\"\u0425\u043e\u0447\u0435\u0448\u044c, \u043f\u0430\u0440\u0435\u043d\u044c, \u0440\u0430\u0431\u043e\u0442\u0451\u043d\u043a\u0443?\" - \u0434\u0435\u043d\u0435\u0433 \u043f\u0440\u0435\u0434\u043b\u0430\u0433\u0430\u0435\u0442.\n\n[chorus]\n\u0422\u0430\u043c, \u0437\u0430 \u0440\u0435\u043a\u043e\u0439, \u0441\u0442\u0430\u0440\u044b\u0439 \u0441\u043a\u043b\u0435\u043f,\n\u0411\u044b\u043b \u043e\u043d \u0437\u0430\u0431\u0440\u043e\u0448\u0435\u043d \u0441\u043e\u0442\u043d\u044e \u043b\u0435\u0442.\n\u041e\u0442\u044b\u0449\u0438 \u043f\u0440\u0438\u044f\u0442\u0435\u043b\u044f \u043c\u043e\u0435\u0433\u043e,\n\u042f \u043d\u0435 \u043f\u043e\u0441\u043a\u0443\u043f\u043b\u044e\u0441\u044c \u0437\u0430 \u043d\u0435\u0433\u043e!", "style": ["violin rock"], "essentia_features": {"lowlevel.average_loudness": 0.9664483666419983, "lowlevel.barkbands_crest.mean": 8.57658576965332, "lowlevel.barkbands_crest.stdev": 4.590189456939697, "lowlevel.barkbands_flatness_db.mean": 0.07741272449493408, "lowlevel.barkbands_flatness_db.stdev": 0.03907495737075806, "lowlevel.barkbands_kurtosis.mean": 2.4278297424316406, "lowlevel.barkbands_kurtosis.stdev": 8.44729995727539, "lowlevel.barkbands_skewness.mean": 1.2176769971847534, "lowlevel.barkbands_skewness.stdev": 1.3845839500427246, "lowlevel.barkbands_spread.mean": 40.55461502075195, "lowlevel.barkbands_spread.stdev": 15.623102188110352, "lowlevel.dissonance.mean": 0.48426228761672974, "lowlevel.dissonance.stdev": 0.01344395987689495, "lowlevel.dynamic_complexity": 3.0034103393554688, "lowlevel.erbbands_crest.mean": 7.010956764221191, "lowlevel.erbbands_crest.stdev": 3.425874948501587, "lowlevel.erbbands_flatness_db.mean": 0.10386823862791061, "lowlevel.erbbands_flatness_db.stdev": 0.028637699782848358, "lowlevel.erbbands_kurtosis.mean": 0.20803868770599365, "lowlevel.erbbands_kurtosis.stdev": 1.8070764541625977, "lowlevel.erbbands_skewness.mean": -0.42688611149787903, "lowlevel.erbbands_skewness.stdev": 0.6922388076782227, "lowlevel.erbbands_spread.mean": 49.98712158203125, "lowlevel.erbbands_spread.stdev": 20.981096267700195, "lowlevel.hfc.mean": 26.307003021240234, "lowlevel.hfc.stdev": 18.386478424072266, "lowlevel.loudness_ebu128.integrated": -22.371435165405273, "lowlevel.loudness_ebu128.loudness_range": 2.8299522399902344, "lowlevel.loudness_ebu128.momentary.mean": -22.842771530151367, "lowlevel.loudness_ebu128.momentary.stdev": 3.530726432800293, "lowlevel.loudness_ebu128.short_term.mean": -22.554561614990234, "lowlevel.loudness_ebu128.short_term.stdev": 0.9933421015739441, "lowlevel.melbands_crest.mean": 14.193157196044922, "lowlevel.melbands_crest.stdev": 5.140711784362793, "lowlevel.melbands_flatness_db.mean": 0.1457325667142868, "lowlevel.melbands_flatness_db.stdev": 0.061247989535331726, "lowlevel.melbands_kurtosis.mean": 16.622005462646484, "lowlevel.melbands_kurtosis.stdev": 32.39291763305664, "lowlevel.melbands_skewness.mean": 2.992481231689453, "lowlevel.melbands_skewness.stdev": 2.210827112197876, "lowlevel.melbands_spread.mean": 40.525360107421875, "lowlevel.melbands_spread.stdev": 26.941038131713867, "lowlevel.pitch_salience.mean": 0.5747525691986084, "lowlevel.pitch_salience.stdev": 0.10698486864566803, "lowlevel.silence_rate_20dB.mean": 1.0, "lowlevel.silence_rate_20dB.stdev": 0.0, "lowlevel.silence_rate_30dB.mean": 0.9774044156074524, "lowlevel.silence_rate_30dB.stdev": 0.14861038327217102, "lowlevel.silence_rate_60dB.mean": 0.02780996449291706, "lowlevel.silence_rate_60dB.stdev": 0.16442906856536865, "lowlevel.spectral_centroid.mean": 2086.218017578125, "lowlevel.spectral_centroid.stdev": 647.702880859375, "lowlevel.spectral_complexity.mean": 24.25724220275879, "lowlevel.spectral_complexity.stdev": 11.347297668457031, "lowlevel.spectral_decrease.mean": -6.675073382922392e-09, "lowlevel.spectral_decrease.stdev": 9.478760887304816e-09, "lowlevel.spectral_energy.mean": 0.027579350396990776, "lowlevel.spectral_energy.stdev": 0.036589615046978, "lowlevel.spectral_energyband_high.mean": 0.0015617115423083305, "lowlevel.spectral_energyband_high.stdev": 0.0014995232922956347, "lowlevel.spectral_energyband_low.mean": 0.01356170978397131, "lowlevel.spectral_energyband_low.stdev": 0.031000958755612373, "lowlevel.spectral_energyband_middle_high.mean": 0.0048042419366538525, "lowlevel.spectral_energyband_middle_high.stdev": 0.004684392362833023, "lowlevel.spectral_energyband_middle_low.mean": 0.008863009512424469, "lowlevel.spectral_energyband_middle_low.stdev": 0.01745797134935856, "lowlevel.spectral_entropy.mean": 8.014822006225586, "lowlevel.spectral_entropy.stdev": 0.20976465940475464, "lowlevel.spectral_flux.mean": 0.10391852259635925, "lowlevel.spectral_flux.stdev": 0.08325523883104324, "lowlevel.spectral_kurtosis.mean": 3.6603658199310303, "lowlevel.spectral_kurtosis.stdev": 1.583564281463623, "lowlevel.spectral_rms.mean": 0.004514145199209452, "lowlevel.spectral_rms.stdev": 0.002555231796577573, "lowlevel.spectral_rolloff.mean": 2801.375244140625, "lowlevel.spectral_rolloff.stdev": 2146.216552734375, "lowlevel.spectral_skewness.mean": 1.3581453561782837, "lowlevel.spectral_skewness.stdev": 0.277466744184494, "lowlevel.spectral_spread.mean": 5446651.5, "lowlevel.spectral_spread.stdev": 1393833.5, "lowlevel.spectral_strongpeak.mean": 0.5356268286705017, "lowlevel.spectral_strongpeak.stdev": 0.8889483213424683, "lowlevel.zerocrossingrate.mean": 0.11674024164676666, "lowlevel.zerocrossingrate.stdev": 0.05683038383722305, "metadata.audio_properties.analysis.equal_loudness": 0.0, "metadata.audio_properties.analysis.length": 40.04265213012695, "metadata.audio_properties.analysis.sample_rate": 44100.0, "metadata.audio_properties.analysis.start_time": 0.0, "metadata.audio_properties.bit_rate": 119760.0, "metadata.audio_properties.length": 40.042667388916016, "metadata.audio_properties.lossless": 0.0, "metadata.audio_properties.number_channels": 1.0, "metadata.audio_properties.replay_gain": -4.765714645385742, "metadata.audio_properties.sample_rate": 48000.0, "rhythm.beats_count": 91.0, "rhythm.beats_loudness.mean": 0.03595338016748428, "rhythm.beats_loudness.stdev": 0.013104652985930443, "rhythm.bpm": 137.155029296875, "rhythm.bpm_histogram_first_peak_bpm": 136.0, "rhythm.bpm_histogram_first_peak_weight": 0.4712643623352051, "rhythm.bpm_histogram_second_peak_bpm": 144.0, "rhythm.bpm_histogram_second_peak_spread": 0.0, "rhythm.bpm_histogram_second_peak_weight": 0.02222222276031971, "rhythm.danceability": 1.780007004737854, "rhythm.onset_rate": 4.394021987915039, "tonal.chords_changes_rate": 0.07407407462596893, "tonal.chords_number_rate": 0.011574073694646358, "tonal.chords_strength.mean": 0.4699930250644684, "tonal.chords_strength.stdev": 0.09027433395385742, "tonal.hpcp_crest.mean": 11.377850532531738, "tonal.hpcp_crest.stdev": 5.65122652053833, "tonal.hpcp_entropy.mean": 2.386559009552002, "tonal.hpcp_entropy.stdev": 0.786442220211029, "tonal.key_edma.strength": 0.602406919002533, "tonal.key_krumhansl.strength": 0.6166346073150635, "tonal.key_temperley.strength": 0.6411647200584412, "tonal.tuning_diatonic_strength": 0.5842263102531433, "tonal.tuning_equal_tempered_deviation": 0.3080850839614868, "tonal.tuning_frequency": 434.193115234375, "tonal.tuning_nontempered_energy_ratio": 0.9498342275619507, "lowlevel.barkbands.mean": [0.0005307631217874587, 0.008841576054692268, 0.0030498041305691004, 0.0024384299758821726, 0.003351387334987521, 0.0006564997020177543, 0.0008372148731723428, 0.0006142017082311213, 0.0008178991265594959, 0.00028937673778273165, 0.00026609053020365536, 0.0005162975867278874, 0.0003342436393722892, 0.00035168518661521375, 0.0003254879848100245, 0.00027554191183298826, 0.000996167422272265, 0.0008285634103231132, 0.0005136012332513928, 0.0003653025778476149, 0.0003571913985069841, 0.00025215186178684235, 0.00018673960585147142, 0.0001818628516048193, 0.00012260489165782928, 0.0002227805816801265, 5.5902026360854506e-05], "lowlevel.barkbands.stdev": [0.0011329877888783813, 0.02440468780696392, 0.005765316542237997, 0.004040891770273447, 0.013089079409837723, 0.0010278502013534307, 0.0009395136148668826, 0.0012241782387718558, 0.002021135063841939, 0.0007172145997174084, 0.001040777307935059, 0.00174948840867728, 0.0010153667535632849, 0.0007644648430868983, 0.0005162347224541008, 0.0003468202776275575, 0.0011582893785089254, 0.001209828071296215, 0.0006461513112299144, 0.0003374698862899095, 0.00032395723974332213, 0.0003346024313941598, 0.00039321830263361335, 0.00030099053401499987, 0.00013825175119563937, 0.0002050172333838418, 6.093211777624674e-05], "lowlevel.erbbands.mean": [0.252684623003006, 1.9530363082885742, 3.909485101699829, 6.088114261627197, 14.189574241638184, 7.1906023025512695, 3.900550127029419, 5.818087100982666, 11.986132621765137, 10.410244941711426, 15.563124656677246, 18.110904693603516, 14.872547149658203, 7.565735340118408, 14.055414199829102, 21.557209014892578, 16.089962005615234, 17.3508243560791, 20.375377655029297, 12.867622375488281, 22.869762420654297, 58.83232116699219, 46.351470947265625, 35.66244125366211, 19.366037368774414, 17.418970108032227, 15.387205123901367, 12.985984802246094, 9.763358116149902, 6.275477409362793, 5.139840602874756, 4.211035251617432, 2.7690298557281494, 1.480528712272644, 0.826567530632019, 0.5098915100097656, 0.4897356331348419, 0.16926701366901398, 0.005470586474984884, 0.00013878078607376665], "lowlevel.erbbands.stdev": [0.6395676732063293, 5.5993452072143555, 7.910197734832764, 9.296606063842773, 48.99354934692383, 29.33097267150879, 8.03849983215332, 10.01046085357666, 13.529869079589844, 12.261119842529297, 34.41385269165039, 42.376792907714844, 37.85820770263672, 16.091751098632812, 46.20528030395508, 79.28549194335938, 45.689876556396484, 37.47626876831055, 31.644540786743164, 19.23064613342285, 24.46182632446289, 70.56236267089844, 65.74392700195312, 50.285675048828125, 17.212270736694336, 16.02042007446289, 13.84335994720459, 12.962714195251465, 13.4717435836792, 9.148996353149414, 11.159939765930176, 7.961373329162598, 4.314059734344482, 2.0319783687591553, 0.834659218788147, 0.5078539848327637, 0.46740150451660156, 0.16299426555633545, 0.0056978864595294, 0.00011692151019815356], "lowlevel.gfcc.mean": [30.104328155517578, 34.79887771606445, -95.12810516357422, 35.80373001098633, -45.571502685546875, 2.6133110523223877, -35.02465057373047, 15.027036666870117, -24.118961334228516, 4.613923072814941, -26.812786102294922, 2.3009536266326904, -26.86451530456543], "lowlevel.melbands.mean": [0.0023898326326161623, 0.002227241173386574, 0.0013061081990599632, 0.0008354545570909977, 0.0001349590311292559, 0.00012993611744605005, 0.00018617250316310674, 0.00011378741328371689, 0.00012736454664263874, 0.00011819762585218996, 7.190639735199511e-05, 2.80168023891747e-05, 4.141078170505352e-05, 5.569912900682539e-05, 4.503169475356117e-05, 3.438077692408115e-05, 3.1796978873899207e-05, 3.375227242941037e-05, 2.1873634977964684e-05, 1.5015851204225328e-05, 2.9597254979307763e-05, 6.080624007154256e-05, 5.48244861420244e-05, 3.4457047149771824e-05, 2.8978729460504837e-05, 1.5243356756400317e-05, 1.2383945431793109e-05, 1.1131694009236526e-05, 9.429149940842763e-06, 9.375632544106338e-06, 6.952464900678024e-06, 5.936225988989463e-06, 4.027657269034535e-06, 3.3088724649132928e-06, 2.9339093998714816e-06, 2.8026429390592966e-06, 2.5319563974335324e-06, 2.0654206309700385e-06, 1.5181853996182326e-06, 1.126825964092859e-06], "lowlevel.melbands.stdev": [0.00637306272983551, 0.005183969624340534, 0.002469909144565463, 0.0032561388798058033, 0.00030529964715242386, 0.00021160338656045496, 0.00020869349827989936, 0.00015057146083563566, 0.00032022775849327445, 0.0002878680534195155, 0.00018846603052224964, 6.132687121862546e-05, 0.00015434733359143138, 0.00016654479259159416, 0.00016731407959014177, 0.00010114565520780161, 7.002921483945101e-05, 5.755022357334383e-05, 3.70691814168822e-05, 2.161753764085006e-05, 3.3474414522061124e-05, 7.415163418045267e-05, 8.361622167285532e-05, 5.131904981681146e-05, 4.465382153284736e-05, 1.5780102330609225e-05, 1.1241401807637885e-05, 1.0873482096940279e-05, 8.997855729830917e-06, 9.183280781144276e-06, 7.664187251066323e-06, 8.437034011876676e-06, 5.596828486886807e-06, 5.258988039713586e-06, 5.945125849393662e-06, 7.274021299963351e-06, 4.620841082214611e-06, 3.3986445941991406e-06, 2.2007577626936836e-06, 1.5813552636245731e-06], "lowlevel.melbands128.mean": [0.0004861881025135517, 0.001907200668938458, 0.0032239097636193037, 0.0032740700989961624, 0.0023152779322117567, 0.001350696082226932, 0.0011624532053247094, 0.0012394879013299942, 0.0016747995978221297, 0.0009466091869398952, 0.00023211607185658067, 0.00012007948680547997, 0.00014133562217466533, 9.801414125831798e-05, 0.00011669321975205094, 0.00016212058835662901, 0.00015441098366864026, 0.00023946525470819324, 0.00016010661784093827, 9.399749978911132e-05, 0.00010001982445828617, 0.0001315035333391279, 0.000147581726196222, 0.0001013830114970915, 0.00010231119085801765, 0.0001421324850525707, 0.00011250631359871477, 6.816047243773937e-05, 3.234644827898592e-05, 2.6426152544445358e-05, 2.49931363214273e-05, 3.242840102757327e-05, 4.0690483729122207e-05, 5.1087448809994385e-05, 4.779654409503564e-05, 5.29395547346212e-05, 7.781852036714554e-05, 4.0475293644703925e-05, 3.0607825465267524e-05, 3.371017737663351e-05, 3.680770532810129e-05, 3.430435390328057e-05, 2.6076819267473184e-05, 3.690536686917767e-05, 3.237584314774722e-05, 3.214628668501973e-05, 3.793154610320926e-05, 2.1836920495843515e-05, 1.5731937310192734e-05, 1.4459658814303111e-05, 1.3757788110524416e-05, 1.6342661183443852e-05, 2.2506999812321737e-05, 3.0076071197981946e-05, 5.733504440286197e-05, 6.120609759818763e-05, 7.459017069777474e-05, 5.3581821703119203e-05, 5.695248910342343e-05, 3.36704651999753e-05, 3.4746692108456045e-05, 3.071310857194476e-05, 3.620214920374565e-05, 2.8226042559253983e-05, 1.8145910871680826e-05, 1.5374711438198574e-05, 1.3326100088306703e-05, 1.0766560990305152e-05, 1.222028731717728e-05, 1.5018225894891657e-05, 1.051800609275233e-05, 9.222266271535773e-06, 1.0850062608369626e-05, 8.903217349143233e-06, 8.347619768755976e-06, 1.1388397979317233e-05, 8.723219252715353e-06, 6.842813945695525e-06, 7.049784926493885e-06, 6.579008186236024e-06, 6.526969173137331e-06, 5.677756689692615e-06, 4.536570941127138e-06, 4.074332537129521e-06, 3.2894488413148792e-06, 3.2609548270556843e-06, 3.462975882939645e-06, 3.121136160189053e-06, 2.8134413696534466e-06, 2.815985453707981e-06, 3.077983819821384e-06, 2.7212072382098995e-06, 2.4922771899582585e-06, 2.5506292331556324e-06, 2.585895572337904e-06, 2.3160184809967177e-06, 1.900208872029907e-06, 1.8078950461131171e-06, 1.4748131889064098e-06, 1.4255566611609538e-06, 1.3505231208910118e-06, 1.0595625781206763e-06, 8.684940553393972e-07, 9.578971003065817e-07, 1.1352349247317761e-06, 8.57475185966905e-07, 6.548033297804068e-07, 4.782189080287935e-07, 7.069883736221527e-07, 1.2067530406056903e-06, 1.3089418189338176e-06, 1.2960136928086285e-06, 1.6684548427292611e-06, 1.9056135442951927e-06, 1.9134672584186774e-06, 1.712833295641758e-06, 1.506435296505515e-06, 8.918978551264445e-07, 1.2670676596826524e-07, 1.7389496093089818e-11, 6.1848737936687215e-12, 4.458270558282962e-12, 4.20098157649651e-12, 4.063420173255894e-12, 3.8235946527021e-12, 3.4889151030031984e-12, 3.301808262565209e-12, 3.255794722364924e-12], "lowlevel.melbands128.stdev": [0.0010402337647974491, 0.004536918364465237, 0.009330508299171925, 0.009618174284696579, 0.005133922211825848, 0.0025927857495844364, 0.001899783150292933, 0.002489884849637747, 0.006185431033372879, 0.004251066129654646, 0.0010223088320344687, 0.00033130188239738345, 0.00032678685965947807, 0.00017679433221928775, 0.0002493161300662905, 0.00033120502484962344, 0.00022162226377986372, 0.0003394647501409054, 0.00023087165027391165, 0.00014177174307405949, 0.00024899435811676085, 0.00025887254741974175, 0.0005135305691510439, 0.0004796352004632354, 0.00027332999161444604, 0.0004852359415963292, 0.00040063474443741143, 0.00022140415967442095, 0.00010806368663907051, 7.14171037543565e-05, 5.028618033975363e-05, 0.00017893657786771655, 0.0002134079986717552, 0.0002436913491692394, 0.00015323520347010344, 0.00020178212434984744, 0.000448070524726063, 0.00017643797036726028, 0.00015247870760504156, 0.00013874928117729723, 0.00014737178571522236, 0.0001421263295924291, 6.784323340980336e-05, 0.00011153131345054135, 8.20473869680427e-05, 6.474064866779372e-05, 6.836606917204335e-05, 5.053364293416962e-05, 3.457483762758784e-05, 2.9446704502333887e-05, 2.186161327699665e-05, 2.546654468460474e-05, 3.6817273212363943e-05, 4.084574538865127e-05, 7.579269731650129e-05, 9.579023026162758e-05, 0.00012586328375618905, 8.856150816427544e-05, 0.00012502081517595798, 5.710877667297609e-05, 6.870857032481581e-05, 4.926991095999256e-05, 7.022944919299334e-05, 4.92956860398408e-05, 2.7056506951339543e-05, 1.9649207388283685e-05, 1.4857719179417472e-05, 1.2312390026636422e-05, 1.2794303984264843e-05, 1.6638703527860343e-05, 1.2855031854996923e-05, 1.038318168866681e-05, 1.272361259907484e-05, 9.332306944997981e-06, 8.897980478650425e-06, 1.2791498193109874e-05, 1.01321711554192e-05, 7.47827289160341e-06, 8.96842175279744e-06, 9.033150490722619e-06, 9.06897821550956e-06, 1.1263029591646045e-05, 6.430239409382921e-06, 6.083189873606898e-06, 4.993093625671463e-06, 4.641506620828295e-06, 7.04806370777078e-06, 5.909963874728419e-06, 4.9606287575443275e-06, 6.877944997540908e-06, 1.0878397915803362e-05, 6.643395863648038e-06, 5.014440830564126e-06, 4.780845756613417e-06, 5.4836032177263405e-06, 4.1486705413262825e-06, 3.1282331747206626e-06, 2.95429481411702e-06, 2.3798791062290547e-06, 2.1464488781930413e-06, 2.1917551293881843e-06, 1.660748353060626e-06, 1.2105311952836928e-06, 1.2012859542664955e-06, 1.2666076827372308e-06, 9.80370600700553e-07, 1.092561547011428e-06, 7.478614065803413e-07, 9.582629445503699e-07, 1.4872429119350272e-06, 1.467231527385593e-06, 1.4931957821318065e-06, 1.837984655139735e-06, 2.169072558899643e-06, 2.262318275825237e-06, 1.8371741816736176e-06, 1.6315506172759342e-06, 1.1935127304241178e-06, 2.6532288188718667e-07, 3.007592092041378e-11, 4.7710009554169375e-11, 7.13171709187943e-12, 6.344869074581538e-12, 6.200894398650236e-12, 6.088973943108034e-12, 5.99890623287358e-12, 5.938831891538765e-12, 5.901861464818747e-12], "lowlevel.mfcc.mean": [-621.6800537109375, 79.31525421142578, 4.030318260192871, 35.2482795715332, 8.314072608947754, -0.2361317127943039, -1.6400724649429321, 6.205986022949219, 3.470686197280884, 0.9308577179908752, 3.337118148803711, 5.280527114868164, -5.275913238525391], "lowlevel.spectral_contrast_coeffs.mean": [-0.7002175450325012, -0.7856479287147522, -0.8121854066848755, -0.818273663520813, -0.7967610359191895, -0.7509216070175171], "lowlevel.spectral_contrast_coeffs.stdev": [0.07387948036193848, 0.05641600117087364, 0.05095386505126953, 0.03939097374677658, 0.04325895383954048, 0.03725620359182358], "lowlevel.spectral_contrast_valleys.mean": [-6.9253644943237305, -6.738532543182373, -7.434376239776611, -7.456455230712891, -6.886448860168457, -9.573701858520508], "lowlevel.spectral_contrast_valleys.stdev": [1.0789439678192139, 1.025733470916748, 1.028865098953247, 0.9789918661117554, 0.9714113473892212, 0.8644807934761047], "rhythm.beats_loudness_band_ratio.mean": [0.5011060237884521, 0.16622845828533173, 0.12230395525693893, 0.07063639163970947, 0.1340709775686264, 0.10293494164943695], "rhythm.beats_loudness_band_ratio.stdev": [0.17296822369098663, 0.15098939836025238, 0.08485163748264313, 0.06508037447929382, 0.07360932230949402, 0.0443275049328804], "tonal.hpcp.mean": [0.21887190639972687, 0.27528804540634155, 0.13106252253055573, 0.05530226230621338, 0.05886036530137062, 0.05214523524045944, 0.05314767360687256, 0.0562296062707901, 0.0499621145427227, 0.07128330320119858, 0.09348449856042862, 0.08129729330539703, 0.08697748184204102, 0.10050979256629944, 0.09084033221006393, 0.16488173604011536, 0.2611648738384247, 0.18564783036708832, 0.08611492812633514, 0.09689437597990036, 0.12003609538078308, 0.2113175094127655, 0.22275324165821075, 0.134790301322937, 0.13007991015911102, 0.12409187108278275, 0.10125250369310379, 0.10888375341892242, 0.12175876647233963, 0.169134259223938, 0.3669965863227844, 0.39151328802108765, 0.18913376331329346, 0.0909893587231636, 0.06801503151655197, 0.08031250536441803], "tonal.hpcp.stdev": [0.28706422448158264, 0.34346234798431396, 0.1806023120880127, 0.1361309289932251, 0.16268517076969147, 0.1362508237361908, 0.1170482411980629, 0.10724379867315292, 0.11650962382555008, 0.17634356021881104, 0.21972765028476715, 0.18925990164279938, 0.17602533102035522, 0.1757230907678604, 0.16070084273815155, 0.2188393771648407, 0.31357163190841675, 0.2370305061340332, 0.14947155117988586, 0.17744997143745422, 0.18508382141590118, 0.29414355754852295, 0.3022177815437317, 0.19445514678955078, 0.21327601373195648, 0.2160416543483734, 0.17276254296302795, 0.17957261204719543, 0.2082056701183319, 0.2386086881160736, 0.36677661538124084, 0.38755863904953003, 0.2425232082605362, 0.17640945315361023, 0.14010928571224213, 0.14858774840831757], "rhythm.beats_position": [0.4992290139198303, 0.9752380847930908, 1.4280271530151367, 1.8692063093185425, 2.3103854656219482, 2.7515645027160645, 3.18113374710083, 3.6223127841949463, 4.0634918212890625, 4.504671096801758, 4.945850372314453, 5.38702917098999, 5.8282084465026855, 6.269387722015381, 6.6989569664001465, 7.140135765075684, 7.592925071716309, 8.045714378356934, 8.498503684997559, 8.939682006835938, 9.380861282348633, 9.822040557861328, 10.251609802246094, 10.692789077758789, 11.145578384399414, 11.598366737365723, 12.051156044006348, 12.492335319519043, 12.933514595031738, 13.374693870544434, 13.815873146057129, 14.257051467895508, 14.698230743408203, 15.139410018920898, 15.580589294433594, 16.02176856994629, 16.462947845458984, 16.90412712097168, 17.345306396484375, 17.78648567199707, 18.216054916381836, 18.6456241607666, 19.086801528930664, 19.52798080444336, 19.969160079956055, 20.41033935546875, 20.839908599853516, 21.26947784423828, 21.710657119750977, 22.151836395263672, 22.581405639648438, 23.010974884033203, 23.4521541595459, 23.881723403930664, 24.31129264831543, 24.740861892700195, 25.18204116821289, 25.611610412597656, 26.05278778076172, 26.493967056274414, 26.93514633178711, 27.376325607299805, 27.8175048828125, 28.258684158325195, 28.68825340270996, 29.129432678222656, 29.559001922607422, 30.000181198120117, 30.441360473632812, 30.882539749145508, 31.312108993530273, 31.74167823791504, 32.17124557495117, 32.60081481933594, 33.0303840637207, 33.45995330810547, 33.889522552490234, 34.319091796875, 34.748661041259766, 35.17823028564453, 35.6077995300293, 36.03736877441406, 36.46693801879883, 36.896507263183594, 37.3144645690918, 37.732425689697266, 38.16199493408203, 38.5915641784668, 39.02113342285156, 39.45070266723633, 39.880271911621094], "rhythm.bpm_histogram": [0.0, 0.0, 0.0, 0.0, 0.0, 0.0, 0.0, 0.0, 0.0, 0.0, 0.0, 0.0, 0.0, 0.0, 0.0, 0.0, 0.0, 0.0, 0.0, 0.0, 0.0, 0.0, 0.0, 0.0, 0.0, 0.0, 0.0, 0.0, 0.0, 0.0, 0.0, 0.0, 0.0, 0.0, 0.0, 0.0, 0.0, 0.0, 0.0, 0.0, 0.0, 0.0, 0.0, 0.0, 0.0, 0.0, 0.0, 0.0, 0.0, 0.0, 0.0, 0.0, 0.0, 0.0, 0.0, 0.0, 0.0, 0.0, 0.0, 0.0, 0.0, 0.0, 0.0, 0.0, 0.0, 0.0, 0.0, 0.0, 0.0, 0.0, 0.0, 0.0, 0.0, 0.0, 0.0, 0.0, 0.0, 0.0, 0.0, 0.0, 0.0, 0.0, 0.0, 0.0, 0.0, 0.0, 0.0, 0.0, 0.0, 0.0, 0.0, 0.0, 0.0, 0.0, 0.0, 0.0, 0.0, 0.0, 0.0, 0.0, 0.0, 0.0, 0.0, 0.0, 0.0, 0.0, 0.0, 0.0, 0.0, 0.0, 0.0, 0.0, 0.0, 0.0, 0.0, 0.0, 0.0, 0.0, 0.0, 0.0, 0.0, 0.0, 0.0, 0.0, 0.0, 0.0, 0.011111111380159855, 0.0, 0.0, 0.0, 0.0, 0.0, 0.0, 0.07777778059244156, 0.0, 0.0, 0.5111111402511597, 0.0, 0.0, 0.0, 0.3777777850627899, 0.0, 0.0, 0.0, 0.02222222276031971, 0.0, 0.0, 0.0, 0.0, 0.0, 0.0, 0.0, 0.0, 0.0, 0.0, 0.0, 0.0, 0.0, 0.0, 0.0, 0.0, 0.0, 0.0, 0.0, 0.0, 0.0, 0.0, 0.0, 0.0, 0.0, 0.0, 0.0, 0.0, 0.0, 0.0, 0.0, 0.0, 0.0, 0.0, 0.0, 0.0, 0.0, 0.0, 0.0, 0.0, 0.0, 0.0, 0.0, 0.0, 0.0, 0.0, 0.0, 0.0, 0.0, 0.0, 0.0, 0.0, 0.0, 0.0, 0.0, 0.0, 0.0, 0.0, 0.0, 0.0, 0.0, 0.0, 0.0, 0.0, 0.0, 0.0, 0.0, 0.0, 0.0, 0.0, 0.0, 0.0, 0.0, 0.0, 0.0, 0.0, 0.0, 0.0, 0.0, 0.0, 0.0, 0.0, 0.0, 0.0, 0.0, 0.0, 0.0, 0.0, 0.0, 0.0, 0.0, 0.0, 0.0, 0.0, 0.0, 0.0, 0.0, 0.0, 0.0, 0.0, 0.0, 0.0, 0.0, 0.0, 0.0], "tonal.chords_histogram": [26.157407760620117, 0.0, 4.861111164093018, 1.1574074029922485, 30.092592239379883, 0.0, 0.0, 0.0, 0.0, 0.0, 0.0, 0.3472222089767456, 0.0, 0.9259259104728699, 0.0, 4.976851940155029, 0.0, 9.722222328186035, 6.828703880310059, 2.430555582046509, 0.0, 0.0, 10.879630088806152, 1.6203703880310059], "tonal.thpcp": [1.0, 0.48308390378952026, 0.23240426182746887, 0.17372342944145203, 0.20513354241847992, 0.5590407848358154, 0.7031384706497192, 0.33475881814956665, 0.1412525773048401, 0.15034066140651703, 0.13318893313407898, 0.13574935495853424, 0.14362119138240814, 0.12761281430721283, 0.18207122385501862, 0.23877733945846558, 0.2076488733291626, 0.22215716540813446, 0.25672128796577454, 0.23202362656593323, 0.42113956809043884, 0.6670651435852051, 0.4741801619529724, 0.21995404362678528, 0.24748681485652924, 0.30659520626068115, 0.5397454500198364, 0.5689544677734375, 0.34428027272224426, 0.3322490155696869, 0.31695443391799927, 0.2586182951927185, 0.27810996770858765, 0.3109952211380005, 0.4320013225078583, 0.9373796582221985], "lowlevel.gfcc.cov": [[10149.5029296875, 665.8389892578125, -514.053955078125, 83.37530517578125, 70.24456024169922, 19.312959671020508, 38.211692810058594, 161.2279052734375, 18.53659439086914, 20.88750457763672, -18.919071197509766, 141.28384399414062, -49.20014572143555], [665.8389892578125, 455.6241455078125, -13.212291717529297, 72.00167083740234, 53.89583969116211, 27.079919815063477, 42.22380828857422, 4.579732418060303, -7.338629245758057, -3.9936294555664062, 10.55715560913086, 15.330632209777832, 17.376604080200195], [-514.053955078125, -13.212291717529297, 580.8358154296875, 88.1884765625, 69.701904296875, 57.92571258544922, 41.79153060913086, 44.070125579833984, 45.813907623291016, 67.82103729248047, 24.043365478515625, -2.000551223754883, 14.865464210510254], [83.37530517578125, 72.00167083740234, 88.1884765625, 271.0998840332031, 89.96808624267578, 63.0272331237793, 31.612592697143555, 45.16703796386719, 70.77230834960938, 56.680503845214844, 40.33746337890625, 13.14041519165039, 36.74652099609375], [70.24456024169922, 53.89583969116211, 69.701904296875, 89.96808624267578, 266.15704345703125, 65.74296569824219, 81.1633071899414, 96.26630401611328, 63.59083938598633, 40.95588302612305, 22.690906524658203, 33.52540588378906, 11.767422676086426], [19.312959671020508, 27.079919815063477, 57.92571258544922, 63.0272331237793, 65.74296569824219, 147.24041748046875, 87.60401916503906, 51.271331787109375, 26.78709602355957, 16.162887573242188, 29.435468673706055, 13.515989303588867, 17.019733428955078], [38.211692810058594, 42.22380828857422, 41.79153060913086, 31.612592697143555, 81.1633071899414, 87.60401916503906, 147.88157653808594, 72.42686462402344, 34.10778045654297, 28.016191482543945, 29.85978889465332, 34.496917724609375, 17.821800231933594], [161.2279052734375, 4.579732418060303, 44.070125579833984, 45.16703796386719, 96.26630401611328, 51.271331787109375, 72.42686462402344, 134.14833068847656, 74.66303253173828, 39.82994842529297, 25.339553833007812, 24.850156784057617, 3.1795096397399902], [18.53659439086914, -7.338629245758057, 45.813907623291016, 70.77230834960938, 63.59083938598633, 26.78709602355957, 34.10778045654297, 74.66303253173828, 109.61450958251953, 71.73361206054688, 33.61965560913086, 13.636716842651367, 13.394925117492676], [20.88750457763672, -3.9936294555664062, 67.82103729248047, 56.680503845214844, 40.95588302612305, 16.162887573242188, 28.016191482543945, 39.82994842529297, 71.73361206054688, 100.44477081298828, 41.56093215942383, 17.28791618347168, 11.651588439941406], [-18.919071197509766, 10.55715560913086, 24.043365478515625, 40.33746337890625, 22.690906524658203, 29.435468673706055, 29.85978889465332, 25.339553833007812, 33.61965560913086, 41.56093215942383, 65.80525207519531, 34.14015579223633, 14.707032203674316], [141.28384399414062, 15.330632209777832, -2.000551223754883, 13.14041519165039, 33.52540588378906, 13.515989303588867, 34.496917724609375, 24.850156784057617, 13.636716842651367, 17.28791618347168, 34.14015579223633, 63.34043884277344, 33.38209533691406], [-49.20014572143555, 17.376604080200195, 14.865464210510254, 36.74652099609375, 11.767422676086426, 17.019733428955078, 17.821800231933594, 3.1795096397399902, 13.394925117492676, 11.651588439941406, 14.707032203674316, 33.38209533691406, 62.968475341796875]], "lowlevel.gfcc.icov": [[0.00013505869719665498, -0.0002061079430859536, 0.0001198541431222111, -8.349506242666394e-05, 0.0001147128568845801, -0.0001467699621571228, 0.00019043360953219235, -0.00023749236424919218, 7.98792316345498e-05, -0.00024369113089051098, 0.0005011605680920184, -0.0007327357307076454, 0.00045866225264035165], [-0.0002061079430859536, 0.002766464604064822, -2.3488493752665818e-05, -0.0006470837397500873, -0.0005700953188352287, 0.0005207892972975969, -0.0011373775778338313, 0.0006590799312107265, 0.0006338842213153839, 0.0005956211243756115, -0.000985890394076705, 0.0012024515308439732, -0.000939156103413552], [0.0001198541431222111, -2.3488493752665818e-05, 0.0021190494298934937, -0.000385195977287367, -0.00016870959370862693, -0.0005612393142655492, 0.00013609122834168375, -0.0005963247385807335, 0.0009463549358770251, -0.0017970629269257188, 0.0004705975006800145, 0.00038331703399308026, -0.0001824362698243931], [-8.349506242666394e-05, -0.0006470837397500873, -0.000385195977287367, 0.0059247794561088085, -0.0013565164990723133, -0.0014922302216291428, 0.001245581661351025, 0.0004451099084690213, -0.0022025711368769407, -0.000351638620486483, -0.0024466728791594505, 0.0029940279200673103, -0.003453627461567521], [0.0001147128568845801, -0.0005700953188352287, -0.00016870959370862693, -0.0013565164990723133, 0.006142310332506895, -0.0009478507563471794, -0.0007703898590989411, -0.0024895486421883106, -0.0008643176406621933, -0.0004894524463452399, 0.0029171293135732412, -0.0039024080615490675, 0.00219240365549922], [-0.0001467699621571228, 0.0005207892972975969, -0.0005612393142655492, -0.0014922302216291428, -0.0009478507563471794, 0.012971451506018639, -0.006934028118848801, -0.0011435309424996376, 0.0010887947864830494, 0.0028809444047510624, -0.0058007435873150826, 0.006305781193077564, -0.003316545858979225], [0.00019043360953219235, -0.0011373775778338313, 0.00013609122834168375, 0.001245581661351025, -0.0007703898590989411, -0.006934028118848801, 0.01462770439684391, -0.0049283429980278015, 0.0018880852730944753, -0.002632125746458769, 0.0013379823649302125, -0.0051284534856677055, 0.0003223236126359552], [-0.00023749236424919218, 0.0006590799312107265, -0.0005963247385807335, 0.0004451099084690213, -0.0024895486421883106, -0.0011435309424996376, -0.0049283429980278015, 0.01899220608174801, -0.012675035744905472, 0.004015627317130566, 0.001281608478166163, -0.004520322196185589, 0.004774091765284538], [7.98792316345498e-05, 0.0006338842213153839, 0.0009463549358770251, -0.0022025711368769407, -0.0008643176406621933, 0.0010887947864830494, 0.0018880852730944753, -0.012675035744905472, 0.02866630256175995, -0.014481140300631523, -0.002904269378632307, 0.006423866841942072, -0.005223381798714399], [-0.00024369113089051098, 0.0005956211243756115, -0.0017970629269257188, -0.000351638620486483, -0.0004894524463452399, 0.0028809444047510624, -0.002632125746458769, 0.004015627317130566, -0.014481140300631523, 0.024332847446203232, -0.009517168626189232, 0.0014344415394589305, 0.00017002871027216315], [0.0005011605680920184, -0.000985890394076705, 0.0004705975006800145, -0.0024466728791594505, 0.0029171293135732412, -0.0058007435873150826, 0.0013379823649302125, 0.001281608478166163, -0.002904269378632307, -0.009517168626189232, 0.03406134992837906, -0.021427307277917862, 0.008342575281858444], [-0.0007327357307076454, 0.0012024515308439732, 0.00038331703399308026, 0.0029940279200673103, -0.0039024080615490675, 0.006305781193077564, -0.0051284534856677055, -0.004520322196185589, 0.006423866841942072, 0.0014344415394589305, -0.021427307277917862, 0.04285234957933426, -0.021382510662078857], [0.00045866225264035165, -0.000939156103413552, -0.0001824362698243931, -0.003453627461567521, 0.00219240365549922, -0.003316545858979225, 0.0003223236126359552, 0.004774091765284538, -0.005223381798714399, 0.00017002871027216315, 0.008342575281858444, -0.021382510662078857, 0.029178326949477196]], "lowlevel.mfcc.cov": [[6789.8671875, 482.6219177246094, -483.7984313964844, 129.22183227539062, 6.643555164337158, 0.023845674470067024, 24.957395553588867, 143.70449829101562, 24.345947265625, -31.862024307250977, 58.98822784423828, 71.16090393066406, -54.1630744934082], [482.6219177246094, 385.12701416015625, -11.049263000488281, 30.469350814819336, 17.055200576782227, 12.753639221191406, 42.42000961303711, 27.387653350830078, 14.395984649658203, -27.36241340637207, 17.92235565185547, 10.529634475708008, -7.316995620727539], [-483.7984313964844, -11.049263000488281, 447.0940246582031, 45.226158142089844, 29.620384216308594, 39.73343276977539, 21.199201583862305, -29.808252334594727, 12.87850570678711, 45.417503356933594, -20.107501983642578, 10.445618629455566, 62.39763259887695], [129.22183227539062, 30.469350814819336, 45.226158142089844, 203.54104614257812, 94.5373306274414, 41.021263122558594, 7.934404373168945, 11.034253120422363, 39.32548141479492, 50.454994201660156, 21.692293167114258, 9.250533103942871, 44.318546295166016], [6.643555164337158, 17.055200576782227, 29.620384216308594, 94.5373306274414, 174.1016845703125, 35.42722702026367, 22.703845977783203, 35.425086975097656, 42.59245300292969, 49.203250885009766, 45.69733810424805, 6.063353061676025, 14.165230751037598], [0.023845674470067024, 12.753639221191406, 39.73343276977539, 41.021263122558594, 35.42722702026367, 107.64236450195312, 54.93043518066406, 19.63166618347168, 22.048431396484375, 24.646650314331055, 5.506217956542969, 16.42372703552246, 20.501371383666992], [24.957395553588867, 42.42000961303711, 21.199201583862305, 7.934404373168945, 22.703845977783203, 54.93043518066406, 114.55696868896484, 72.70186614990234, 31.515201568603516, 10.288700103759766, 21.022079467773438, 23.81828498840332, 15.579850196838379], [143.70449829101562, 27.387653350830078, -29.808252334594727, 11.034253120422363, 35.425086975097656, 19.63166618347168, 72.70186614990234, 112.42743682861328, 48.18697738647461, 12.978963851928711, 28.94002914428711, 23.230609893798828, 8.197808265686035], [24.345947265625, 14.395984649658203, 12.87850570678711, 39.32548141479492, 42.59245300292969, 22.048431396484375, 31.515201568603516, 48.18697738647461, 86.4419174194336, 47.47133255004883, 27.609663009643555, 21.925846099853516, 24.398799896240234], [-31.862024307250977, -27.36241340637207, 45.417503356933594, 50.454994201660156, 49.203250885009766, 24.646650314331055, 10.288700103759766, 12.978963851928711, 47.47133255004883, 89.37297058105469, 44.784786224365234, 21.754844665527344, 23.96083641052246], [58.98822784423828, 17.92235565185547, -20.107501983642578, 21.692293167114258, 45.69733810424805, 5.506217956542969, 21.022079467773438, 28.94002914428711, 27.609663009643555, 44.784786224365234, 84.73117065429688, 37.88389587402344, 6.634225368499756], [71.16090393066406, 10.529634475708008, 10.445618629455566, 9.250533103942871, 6.063353061676025, 16.42372703552246, 23.81828498840332, 23.230609893798828, 21.925846099853516, 21.754844665527344, 37.88389587402344, 75.67716217041016, 42.829933166503906], [-54.1630744934082, -7.316995620727539, 62.39763259887695, 44.318546295166016, 14.165230751037598, 20.501371383666992, 15.579850196838379, 8.197808265686035, 24.398799896240234, 23.96083641052246, 6.634225368499756, 42.829933166503906, 89.45364379882812]], "lowlevel.mfcc.icov": [[0.00018803568673320115, -0.00023203475575428456, 0.00018557779549155384, -0.00018426310271024704, 8.314412843901664e-05, -3.6976372939534485e-05, 0.00019897884340025485, -0.0003161268250551075, 0.0001734504767227918, -0.0001595468638697639, 0.00017471979663241655, -0.0003017723502125591, 0.0001732953533064574], [-0.00023203475575428456, 0.0033595028799027205, -0.00038309814408421516, -0.0006886479095555842, -3.470440788078122e-05, 0.00016385370690841228, -0.0014419719809666276, 0.00099938886705786, -0.0014555401867255569, 0.002918708836659789, -0.0015721895033493638, 4.263333903509192e-05, 0.0005816009943373501], [0.00018557779549155384, -0.00038309814408421516, 0.0031447482760995626, 3.6521796573651955e-05, -0.0005579133867286146, 0.00015726310084573925, -0.0014037914806976914, 0.0013522967929020524, 0.0006366735324263573, -0.002380626741796732, 0.0021334432531148195, -0.00021343135449569672, -0.00154980830848217], [-0.00018426310271024704, -0.0006886479095555842, 3.6521796573651955e-05, 0.008412580005824566, -0.0034615385811775923, -0.0017525228904560208, 0.0014058648375794291, 0.0002949045447167009, -0.0005049897008575499, -0.002194924745708704, 0.0002695097937248647, 0.0023154213558882475, -0.004086288157850504], [8.314412843901664e-05, -3.470440788078122e-05, -0.0005579133867286146, -0.0034615385811775923, 0.009959353134036064, -0.0020594431553035975, 0.0015315605560317636, -0.002610567258670926, -0.0009615583112463355, -0.0002720338525250554, -0.004973923787474632, 0.003109174547716975, 0.00023440051882062107], [-3.6976372939534485e-05, 0.00016385370690841228, 0.00015726310084573925, -0.0017525228904560208, -0.0020594431553035975, 0.015656042844057083, -0.009761620312929153, 0.004229117650538683, -4.4590557081392035e-05, -0.003584441263228655, 0.004780401475727558, -0.0031198053620755672, 0.000911654147785157], [0.00019897884340025485, -0.0014419719809666276, -0.0014037914806976914, 0.0014058648375794291, 0.0015315605560317636, -0.009761620312929153, 0.0226316899061203, -0.013667924329638481, 0.0009541608160361648, 0.002091164467856288, -0.0032304723281413317, 0.0005538446712307632, -0.0012551944237202406], [-0.0003161268250551075, 0.00099938886705786, 0.0013522967929020524, 0.0002949045447167009, -0.002610567258670926, 0.004229117650538683, -0.013667924329638481, 0.02235407382249832, -0.009088835678994656, 0.003401349065825343, -0.0009714598418213427, -0.0018029219936579466, 0.0010802026372402906], [0.0001734504767227918, -0.0014555401867255569, 0.0006366735324263573, -0.0005049897008575499, -0.0009615583112463355, -4.4590557081392035e-05, 0.0009541608160361648, -0.009088835678994656, 0.023545673117041588, -0.011840647086501122, 0.0030926966574043036, -0.0010406915098428726, -0.0023603690788149834], [-0.0001595468638697639, 0.002918708836659789, -0.002380626741796732, -0.002194924745708704, -0.0002720338525250554, -0.003584441263228655, 0.002091164467856288, 0.003401349065825343, -0.011840647086501122, 0.027729246765375137, -0.013590659946203232, 0.0024195301812142134, -0.00126961222849786