{"song_id": "1182276270986379264", "download": "https://cdn.discordapp.com/attachments/1128313332273782784/1182276270986379264/chirp.mp4?ex=65841b94&amp", "lyrics": "\u79c1\u3092\u98df\u3079\u308b \u79c1\u3092\u98df\u3079\u308b \u79c1\u3092\u98df\u3079\u308b \u79c1\u3092\u98df\u3079\u308b \u79c1\u3092\u98df\u3079\u308b \u79c1\u3092\u98df\u3079\u308b \u79c1\u3092\u98df\u3079\u308b \u79c1\u3092\u98df\u3079\u308b \u79c1\u3092\u98df\u3079\u308b \u79c1\u3092\u98df\u3079\u308b \u79c1\u3092\u98df\u3079\u308b \u79c1\u3092\u98df\u3079\u308b", "style": ["freedom melodic muse"], "essentia_features": {"lowlevel.average_loudness": 0.9683100581169128, "lowlevel.barkbands_crest.mean": 17.368654251098633, "lowlevel.barkbands_crest.stdev": 6.519883632659912, "lowlevel.barkbands_flatness_db.mean": 0.2991575598716736, "lowlevel.barkbands_flatness_db.stdev": 0.12949204444885254, "lowlevel.barkbands_kurtosis.mean": 159.3489532470703, "lowlevel.barkbands_kurtosis.stdev": 206.7102508544922, "lowlevel.barkbands_skewness.mean": 8.148438453674316, "lowlevel.barkbands_skewness.stdev": 6.060619831085205, "lowlevel.barkbands_spread.mean": 10.757769584655762, "lowlevel.barkbands_spread.stdev": 16.95640754699707, "lowlevel.dissonance.mean": 0.48345354199409485, "lowlevel.dissonance.stdev": 0.018759839236736298, "lowlevel.dynamic_complexity": 7.620138168334961, "lowlevel.erbbands_crest.mean": 10.345019340515137, "lowlevel.erbbands_crest.stdev": 5.15310525894165, "lowlevel.erbbands_flatness_db.mean": 0.14539295434951782, "lowlevel.erbbands_flatness_db.stdev": 0.045358456671237946, "lowlevel.erbbands_kurtosis.mean": 2.4066030979156494, "lowlevel.erbbands_kurtosis.stdev": 6.639887809753418, "lowlevel.erbbands_skewness.mean": 0.35320478677749634, "lowlevel.erbbands_skewness.stdev": 1.619269609451294, "lowlevel.erbbands_spread.mean": 56.255069732666016, "lowlevel.erbbands_spread.stdev": 30.804811477661133, "lowlevel.hfc.mean": 8.633753776550293, "lowlevel.hfc.stdev": 17.71982765197754, "lowlevel.loudness_ebu128.integrated": -17.88066291809082, "lowlevel.loudness_ebu128.loudness_range": 0.9573154449462891, "lowlevel.loudness_ebu128.momentary.mean": -18.39818000793457, "lowlevel.loudness_ebu128.momentary.stdev": 2.478224277496338, "lowlevel.loudness_ebu128.short_term.mean": -17.889049530029297, "lowlevel.loudness_ebu128.short_term.stdev": 0.3412952125072479, "lowlevel.melbands_crest.mean": 29.174970626831055, "lowlevel.melbands_crest.stdev": 8.868351936340332, "lowlevel.melbands_flatness_db.mean": 0.3858669400215149, "lowlevel.melbands_flatness_db.stdev": 0.15858542919158936, "lowlevel.melbands_kurtosis.mean": 362.76458740234375, "lowlevel.melbands_kurtosis.stdev": 514.5640869140625, "lowlevel.melbands_skewness.mean": 12.132143020629883, "lowlevel.melbands_skewness.stdev": 9.455803871154785, "lowlevel.melbands_spread.mean": 12.564896583557129, "lowlevel.melbands_spread.stdev": 25.19771385192871, "lowlevel.pitch_salience.mean": 0.22764471173286438, "lowlevel.pitch_salience.stdev": 0.2121080756187439, "lowlevel.silence_rate_20dB.mean": 0.9930475354194641, "lowlevel.silence_rate_20dB.stdev": 0.08309128135442734, "lowlevel.silence_rate_30dB.mean": 0.8232908248901367, "lowlevel.silence_rate_30dB.stdev": 0.3814195692539215, "lowlevel.silence_rate_60dB.mean": 0.18829664587974548, "lowlevel.silence_rate_60dB.stdev": 0.3909510672092438, "lowlevel.spectral_centroid.mean": 1496.0001220703125, "lowlevel.spectral_centroid.stdev": 1153.302978515625, "lowlevel.spectral_complexity.mean": 4.696407794952393, "lowlevel.spectral_complexity.stdev": 9.089954376220703, "lowlevel.spectral_decrease.mean": -1.2929953108198333e-08, "lowlevel.spectral_decrease.stdev": 2.325137771208574e-08, "lowlevel.spectral_energy.mean": 0.049583643674850464, "lowlevel.spectral_energy.stdev": 0.0886826440691948, "lowlevel.spectral_energyband_high.mean": 0.00033705346868373454, "lowlevel.spectral_energyband_high.stdev": 0.0009532392141409218, "lowlevel.spectral_energyband_low.mean": 0.0453018993139267, "lowlevel.spectral_energyband_low.stdev": 0.08362843096256256, "lowlevel.spectral_energyband_middle_high.mean": 0.0010527396807447076, "lowlevel.spectral_energyband_middle_high.stdev": 0.003844916820526123, "lowlevel.spectral_energyband_middle_low.mean": 0.0047854152508080006, "lowlevel.spectral_energyband_middle_low.stdev": 0.01627018302679062, "lowlevel.spectral_entropy.mean": 7.523733615875244, "lowlevel.spectral_entropy.stdev": 0.6597399711608887, "lowlevel.spectral_flux.mean": 0.11020837724208832, "lowlevel.spectral_flux.stdev": 0.14074164628982544, "lowlevel.spectral_kurtosis.mean": 4.608217716217041, "lowlevel.spectral_kurtosis.stdev": 3.689838171005249, "lowlevel.spectral_rms.mean": 0.0050091929733753204, "lowlevel.spectral_rms.stdev": 0.004825180396437645, "lowlevel.spectral_rolloff.mean": 687.1707153320312, "lowlevel.spectral_rolloff.stdev": 1497.32958984375, "lowlevel.spectral_skewness.mean": 1.4551154375076294, "lowlevel.spectral_skewness.stdev": 0.6840839982032776, "lowlevel.spectral_spread.mean": 4543370.5, "lowlevel.spectral_spread.stdev": 1127443.25, "lowlevel.spectral_strongpeak.mean": 0.3405490219593048, "lowlevel.spectral_strongpeak.stdev": 0.3871009647846222, "lowlevel.zerocrossingrate.mean": 0.031124111264944077, "lowlevel.zerocrossingrate.stdev": 0.04328298568725586, "metadata.audio_properties.analysis.equal_loudness": 0.0, "metadata.audio_properties.analysis.length": 40.04265213012695, "metadata.audio_properties.analysis.sample_rate": 44100.0, "metadata.audio_properties.analysis.start_time": 0.0, "metadata.audio_properties.bit_rate": 120254.0, "metadata.audio_properties.length": 40.042667388916016, "metadata.audio_properties.lossless": 0.0, "metadata.audio_properties.number_channels": 1.0, "metadata.audio_properties.replay_gain": -8.848094940185547, "metadata.audio_properties.sample_rate": 48000.0, "rhythm.beats_count": 42.0, "rhythm.beats_loudness.mean": 0.14849404990673065, "rhythm.beats_loudness.stdev": 0.14225271344184875, "rhythm.bpm": 63.64787673950195, "rhythm.bpm_histogram_first_peak_bpm": 63.0, "rhythm.bpm_histogram_first_peak_weight": 0.07894736528396606, "rhythm.bpm_histogram_second_peak_bpm": 69.0, "rhythm.bpm_histogram_second_peak_spread": 0.0, "rhythm.bpm_histogram_second_peak_weight": 0.0731707289814949, "rhythm.danceability": 2.430006265640259, "rhythm.onset_rate": 3.8947012424468994, "tonal.chords_changes_rate": 0.1597222238779068, "tonal.chords_number_rate": 0.011574073694646358, "tonal.chords_strength.mean": 0.4004015028476715, "tonal.chords_strength.stdev": 0.07568337023258209, "tonal.hpcp_crest.mean": 9.558140754699707, "tonal.hpcp_crest.stdev": 4.800200462341309, "tonal.hpcp_entropy.mean": 2.8343355655670166, "tonal.hpcp_entropy.stdev": 0.7450480461120605, "tonal.key_edma.strength": 0.39530494809150696, "tonal.key_krumhansl.strength": 0.39004358649253845, "tonal.key_temperley.strength": 0.3689897954463959, "tonal.tuning_diatonic_strength": 0.4204248785972595, "tonal.tuning_equal_tempered_deviation": 0.23409032821655273, "tonal.tuning_frequency": 434.193115234375, "tonal.tuning_nontempered_energy_ratio": 0.8931533098220825, "lowlevel.barkbands.mean": [0.0014422409003600478, 0.033245909959077835, 0.008729579858481884, 0.0029208376072347164, 0.001086307573132217, 0.00045607821084558964, 0.00015509582590311766, 8.206963684642687e-05, 7.057271432131529e-05, 4.717265983344987e-05, 7.996703061508015e-05, 8.801578223938122e-05, 7.132724567782134e-05, 7.344810728682205e-05, 0.00014246240607462823, 8.244789933087304e-05, 0.00014805578393861651, 0.00014838921197224408, 0.00011400199582567438, 0.0001243588194483891, 0.00010553138417890295, 7.113323954399675e-05, 4.115877527510747e-05, 3.3945467293960974e-05, 1.0282145922246855e-05, 1.1516065569594502e-05, 1.7936235963134095e-06], "lowlevel.barkbands.stdev": [0.0015645334497094154, 0.060479070991277695, 0.03280098736286163, 0.01132630743086338, 0.0039170412346720695, 0.0017428528517484665, 0.0005475277430377901, 0.0003374074585735798, 0.00030864239670336246, 0.00018284961697645485, 0.00030772850732319057, 0.00037423736648634076, 0.00029981983243487775, 0.00029766649822704494, 0.0006354071665555239, 0.00036174149136058986, 0.0006386308814398944, 0.0006330306059680879, 0.00047893376904539764, 0.00046773211215622723, 0.00030635902658104897, 0.0002058232930721715, 0.00012189575500087813, 9.520801540929824e-05, 3.8856989704072475e-05, 4.391934635350481e-05, 8.206361599150114e-06], "lowlevel.erbbands.mean": [0.8991667628288269, 7.6007466316223145, 11.36083698272705, 10.99220085144043, 5.991759300231934, 3.0064237117767334, 2.6184403896331787, 4.196399688720703, 2.4276392459869385, 2.0851504802703857, 1.804850459098816, 1.5833646059036255, 1.4749172925949097, 1.9206428527832031, 4.022111415863037, 3.312242269515991, 3.1912951469421387, 3.549428701400757, 7.053524971008301, 5.556717395782471, 4.941781520843506, 9.099967956542969, 8.13932991027832, 6.5722575187683105, 6.023036003112793, 5.431828498840332, 4.469696998596191, 4.172108173370361, 2.8882699012756348, 1.4836769104003906, 1.1170328855514526, 0.9232811331748962, 0.4175199270248413, 0.14123688638210297, 0.05864035338163376, 0.035889171063899994, 0.023357097059488297, 0.006972223985940218, 0.0001809489622246474, 5.834690455230884e-05], "lowlevel.erbbands.stdev": [1.4316996335983276, 15.12214183807373, 36.16973114013672, 41.95078659057617, 22.49998664855957, 11.008801460266113, 8.88541316986084, 16.024864196777344, 8.27730941772461, 7.576160430908203, 7.419958591461182, 6.804250240325928, 5.8227152824401855, 7.106110572814941, 16.670276641845703, 13.666324615478516, 13.607694625854492, 13.548072814941406, 30.84672737121582, 24.963415145874023, 20.23526954650879, 39.480987548828125, 34.563114166259766, 25.62095069885254, 26.809616088867188, 19.595945358276367, 13.671053886413574, 12.195903778076172, 8.175739288330078, 4.526983737945557, 3.3240907192230225, 2.5534698963165283, 1.2390743494033813, 0.5190005898475647, 0.23111127316951752, 0.1486876904964447, 0.08743216842412949, 0.02739260531961918, 0.0006202443619258702, 9.793801291380078e-05], "lowlevel.gfcc.mean": [-164.63275146484375, 80.61689758300781, -83.90972900390625, 65.69164276123047, -26.173120498657227, 25.83278465270996, -15.616035461425781, 14.014786720275879, -8.58204174041748, 11.497858047485352, 1.8763768672943115, 3.852703332901001, 0.09880372881889343], "lowlevel.melbands.mean": [0.009032825008034706, 0.0072907754220068455, 0.0017264678608626127, 0.00029267583158798516, 9.470549412071705e-05, 9.004775347420946e-05, 3.5783163184532896e-05, 2.1439420379465446e-05, 1.4383769666892476e-05, 9.678470632934477e-06, 7.2153948167397175e-06, 7.228391041280702e-06, 1.2196519492135849e-05, 1.115314444177784e-05, 7.0777878136141226e-06, 7.0923274506640155e-06, 6.25410893917433e-06, 1.0838649359357078e-05, 9.926352504407987e-06, 5.868207608727971e-06, 5.492243417393183e-06, 9.528015652904287e-06, 7.983133400557563e-06, 6.991149803070584e-06, 5.112704457133077e-06, 4.141095814702567e-06, 4.502519914240111e-06, 3.41654504154576e-06, 3.0170701847964665e-06, 2.479013119227602e-06, 2.3473455712519353e-06, 1.8645157524588285e-06, 9.166382710645848e-07, 7.818335916454089e-07, 6.243398615879414e-07, 6.133997771939903e-07, 5.628331223306304e-07, 3.3927162235158903e-07, 1.7381533723437315e-07, 9.419073876415496e-08], "lowlevel.melbands.stdev": [0.015206907875835896, 0.017734523862600327, 0.0065499828197062016, 0.001090504345484078, 0.0003042470198124647, 0.00034157701884396374, 0.00012229470303282142, 7.996107888175175e-05, 5.984099698252976e-05, 4.268336851964705e-05, 2.871155083994381e-05, 2.7502654120326042e-05, 4.8337868065573275e-05, 4.792648906004615e-05, 3.107760494458489e-05, 2.9420936698443256e-05, 2.4802053303574212e-05, 4.7458761400775984e-05, 4.53645916422829e-05, 2.6892130335909314e-05, 2.2766571419197135e-05, 4.196406007395126e-05, 3.5928056604461744e-05, 2.95381269097561e-05, 2.0016395865241066e-05, 1.822022386477329e-05, 1.9699618860613555e-05, 1.2404297194734681e-05, 9.747204785526264e-06, 8.198260729841422e-06, 6.773505447199568e-06, 5.398243501986144e-06, 2.8438723802537424e-06, 2.418335952825146e-06, 1.8953141989186406e-06, 1.853900471360248e-06, 1.567144067848858e-06, 1.0086670272357878e-06, 6.630508551097591e-07, 3.656512319594185e-07], "lowlevel.melbands128.mean": [0.0012947871582582593, 0.005940276198089123, 0.013912787660956383, 0.012083184905350208, 0.0068663861602544785, 0.0039877924136817455, 0.0024048597551882267, 0.0011302456259727478, 0.0005308096297085285, 0.00025899900356307626, 0.00013934457092545927, 8.648786024423316e-05, 7.678876863792539e-05, 0.00010694585216697305, 0.0001196749581140466, 6.450595537899062e-05, 3.7782705476274714e-05, 3.336516601848416e-05, 2.898585626098793e-05, 2.3321257685893215e-05, 1.761369094310794e-05, 1.5107203580555506e-05, 1.493199852120597e-05, 1.2642127330764197e-05, 9.799397048482206e-06, 8.830210390442517e-06, 8.095641533145681e-06, 7.089598057063995e-06, 6.372167717927368e-06, 6.570917776116403e-06, 7.323122190427966e-06, 8.915320904634427e-06, 1.138512379839085e-05, 1.6482297723996453e-05, 1.3214264981797896e-05, 9.556724762660451e-06, 7.413656931021251e-06, 7.137366083043162e-06, 6.583130016224459e-06, 6.898591436765855e-06, 7.737195119261742e-06, 6.644867880822858e-06, 5.550174591917312e-06, 6.283023139985744e-06, 7.604527127114125e-06, 1.2644883099710569e-05, 1.3482564099831507e-05, 1.1292506314930506e-05, 7.818953235982917e-06, 6.1244058997544926e-06, 5.708024218620267e-06, 5.514477379620075e-06, 5.203497039474314e-06, 5.459831299958751e-06, 6.13631618762156e-06, 1.1869525224028621e-05, 1.0726310392783489e-05, 7.287403605005238e-06, 8.145495485223364e-06, 6.5598164837865625e-06, 7.894479495007545e-06, 6.167864285089308e-06, 5.7089705478574615e-06, 4.958989848091733e-06, 3.802125320362393e-06, 4.138195436098613e-06, 4.084207375854021e-06, 4.842149337491719e-06, 4.8599308684060816e-06, 3.762886308322777e-06, 2.9146019642212195e-06, 3.584947535273386e-06, 3.740159854714875e-06, 2.9929115044069476e-06, 2.0042907635797746e-06, 2.3365626020677155e-06, 2.890051518988912e-06, 2.5095309865719173e-06, 2.3589182092109695e-06, 1.9164847344654845e-06, 2.291901864737156e-06, 1.7914381942318869e-06, 1.0433684565214207e-06, 7.870898457440489e-07, 8.434897722509049e-07, 7.914622415228223e-07, 8.003901257325197e-07, 6.679237571916019e-07, 5.501848363564932e-07, 6.59348131648585e-07, 6.526128686346055e-07, 5.871538064639026e-07, 5.659952648784383e-07, 5.932673161623825e-07, 5.27372321812436e-07, 5.156903171155136e-07, 2.500237883396039e-07, 1.6144744563462154e-07, 2.0950346879544668e-07, 1.6186500317871833e-07, 1.1038559932785574e-07, 8.336336065895011e-08, 7.191420792196368e-08, 6.788516770939168e-08, 5.939073588479005e-08, 6.22139779693498e-08, 6.428454213391888e-08, 5.968559690927577e-08, 6.273280206414711e-08, 5.8547655612528615e-08, 6.604807367693866e-08, 5.76970649035502e-08, 8.747453250634862e-08, 8.664154194093499e-08, 7.013938585487267e-08, 8.720098065850834e-08, 7.017897729610922e-08, 7.620471365044068e-09, 1.88952783974905e-10, 2.4484577559880094e-11, 1.6859045409711726e-11, 7.552281716671772e-12, 5.886350001177432e-12, 5.781920081604497e-12, 5.644297095680484e-12, 5.46584175489806e-12, 5.3621261077163584e-12, 5.325157415719817e-12], "lowlevel.melbands128.stdev": [0.0014327007811516523, 0.009116468951106071, 0.0255306176841259, 0.026813985779881477, 0.02062777243554592, 0.015240201726555824, 0.00938201230019331, 0.004432607442140579, 0.0019988298881798983, 0.000996580463834107, 0.0005366121185943484, 0.0003114203573204577, 0.00027932494413107634, 0.0004598200030159205, 0.0004888310213573277, 0.00023312191478908062, 0.00014522051787935197, 0.0001255400711670518, 0.00010611318430164829, 9.166228119283915e-05, 7.484438538085669e-05, 6.727893924107775e-05, 6.893907993799075e-05, 5.7525459851603955e-05, 4.572339094011113e-05, 4.17923329223413e-05, 3.988628668594174e-05, 2.9834222004865296e-05, 2.6940586394630373e-05, 2.847938594641164e-05, 2.965117892017588e-05, 3.578978794394061e-05, 4.688149783760309e-05, 8.007292490219697e-05, 6.326675065793097e-05, 4.296351471566595e-05, 3.3930304198293015e-05, 3.43819338013418e-05, 3.097627995884977e-05, 3.627390105975792e-05, 3.617174661485478e-05, 2.6224026441923343e-05, 2.213869993283879e-05, 3.351383929839358e-05, 3.530638059601188e-05, 6.184072117321193e-05, 6.833350198576227e-05, 5.6304568715859205e-05, 4.081942097400315e-05, 3.0184732167981565e-05, 2.909616887336597e-05, 2.689122993615456e-05, 2.2970176360104233e-05, 2.8499904146883637e-05, 2.554206184868235e-05, 5.824577601742931e-05, 5.6576587667223066e-05, 3.6575296689989045e-05, 4.343136242823675e-05, 3.0636369046987966e-05, 3.715594357345253e-05, 2.540715468057897e-05, 2.403038706688676e-05, 2.1260546418488957e-05, 1.557603172841482e-05, 1.891611645987723e-05, 2.272835081384983e-05, 2.6031902962131426e-05, 2.192047395510599e-05, 1.5335621355916373e-05, 1.065807282429887e-05, 1.4922261470928788e-05, 1.5066836567712016e-05, 9.177812898997217e-06, 6.227272479009116e-06, 9.146461707132403e-06, 1.049181810230948e-05, 8.675062417751178e-06, 6.9422999331436586e-06, 5.879017862753244e-06, 7.526075023633894e-06, 5.343474185792729e-06, 3.2752807328506606e-06, 2.7912965379073285e-06, 3.0779394819546724e-06, 2.568525815149769e-06, 2.5945437300833873e-06, 2.2319566141959513e-06, 1.8741220628726296e-06, 2.198232550654211e-06, 2.1505093172891065e-06, 2.0408449472597567e-06, 1.6934836821747012e-06, 1.744202336340095e-06, 1.6692525832695537e-06, 1.6465124872411252e-06, 7.655842750864394e-07, 6.320951229099592e-07, 8.891136076272232e-07, 6.107297281232604e-07, 4.821357038053975e-07, 3.4618420841070474e-07, 3.299893194252945e-07, 3.1394637289849925e-07, 2.663166185357113e-07, 2.633307474297908e-07, 2.9103409815434134e-07, 2.535642522616399e-07, 3.2014952466852264e-07, 2.5905643497026176e-07, 3.0941015438656905e-07, 2.2508498886963935e-07, 3.5630773709272034e-07, 3.2277623063237115e-07, 2.952893964902614e-07, 3.6163677918921167e-07, 3.270958188750228e-07, 2.8405953145238527e-08, 4.483653004427879e-09, 3.42979727951942e-10, 1.961459189514514e-10, 4.3038187597099764e-11, 1.2833074880536088e-11, 1.2621275552460176e-11, 1.2441670957374917e-11, 1.2293038982591487e-11, 1.2187278096431609e-11, 1.2122103668077422e-11], "lowlevel.mfcc.mean": [-815.4515380859375, 106.83979034423828, 17.18073844909668, 51.070960998535156, 23.23285675048828, 25.62137222290039, 17.832605361938477, 12.128314018249512, 7.789959907531738, 12.481908798217773, 7.168181419372559, 12.289651870727539, 2.602788209915161], "lowlevel.spectral_contrast_coeffs.mean": [-0.7604805827140808, -0.8391819000244141, -0.8646110892295837, -0.8574213981628418, -0.8360905647277832, -0.7622647285461426], "lowlevel.spectral_contrast_coeffs.stdev": [0.08942030370235443, 0.05845338851213455, 0.03234861046075821, 0.034346792846918106, 0.04132825508713722, 0.05544199049472809], "lowlevel.spectral_contrast_valleys.mean": [-7.832176208496094, -8.562854766845703, -9.048222541809082, -9.067126274108887, -8.84586238861084, -11.829431533813477], "lowlevel.spectral_contrast_valleys.stdev": [1.4849357604980469, 1.2393701076507568, 1.1480731964111328, 1.146025538444519, 1.2284793853759766, 1.3002370595932007], "rhythm.beats_loudness_band_ratio.mean": [0.6352318525314331, 0.049915485084056854, 0.007050882559269667, 0.027113741263747215, 0.16613252460956573, 0.11984667181968689], "rhythm.beats_loudness_band_ratio.stdev": [0.38011035323143005, 0.05432689189910889, 0.009633325971662998, 0.031655967235565186, 0.1788870394229889, 0.12930135428905487], "tonal.hpcp.mean": [0.04787002503871918, 0.043538983911275864, 0.03377663344144821, 0.04799828678369522, 0.11148758232593536, 0.19623170793056488, 0.20112460851669312, 0.14774653315544128, 0.10470131039619446, 0.11471141129732132, 0.17276662588119507, 0.2130388617515564, 0.24240615963935852, 0.2227226197719574, 0.15856464207172394, 0.1067846268415451, 0.06914296746253967, 0.040772076696157455, 0.031092146411538124, 0.03181252256035805, 0.02958410046994686, 0.02912808582186699, 0.03550129383802414, 0.05407015606760979, 0.06378108263015747, 0.05503695085644722, 0.03962148725986481, 0.02941994182765484, 0.03358122706413269, 0.03630705177783966, 0.038248054683208466, 0.04386553540825844, 0.03941996395587921, 0.0329042486846447, 0.03565186634659767, 0.04223239794373512], "tonal.hpcp.stdev": [0.15847373008728027, 0.15242674946784973, 0.11660318076610565, 0.1483677625656128, 0.24785831570625305, 0.3480137884616852, 0.3315463364124298, 0.29576513171195984, 0.2263202965259552, 0.24222108721733093, 0.3020476698875427, 0.334244042634964, 0.3673780560493469, 0.35751986503601074, 0.30392757058143616, 0.2544005513191223, 0.2003907561302185, 0.14478343725204468, 0.11723913997411728, 0.11845646053552628, 0.1183641329407692, 0.11431685835123062, 0.14285725355148315, 0.18599504232406616, 0.2039898931980133, 0.17956490814685822, 0.13640636205673218, 0.10529899597167969, 0.12196042388677597, 0.11458224058151245, 0.11809586733579636, 0.1340080052614212, 0.12511853873729706, 0.10741076618432999, 0.1282958984375, 0.146964892745018], "rhythm.beats_position": [0.9171881675720215, 1.8575963973999023, 2.774784564971924, 3.6455328464508057, 4.527891159057617, 5.39863920211792, 6.29260778427124, 7.221405982971191, 8.173423767089844, 9.125441551208496, 10.077460289001465, 11.029478073120117, 11.981496810913086, 12.933514595031738, 13.88553237915039, 14.83755111694336, 15.789568901062012, 16.741586685180664, 17.693605422973633, 18.6456241607666, 19.597640991210938, 20.549659729003906, 21.501678466796875, 22.45369529724121, 23.40571403503418, 24.35773277282715, 25.309749603271484, 26.261768341064453, 27.213787078857422, 28.165803909301758, 29.117822647094727, 30.069841384887695, 31.02185821533203, 31.973876953125, 32.92589569091797, 33.87791442871094, 34.829933166503906, 35.78194808959961, 36.73396682739258, 37.68598556518555, 38.638004302978516, 39.590023040771484], "rhythm.bpm_histogram": [0.0, 0.0, 0.0, 0.0, 0.0, 0.0, 0.0, 0.0, 0.0, 0.0, 0.0, 0.0, 0.0, 0.0, 0.0, 0.0, 0.0, 0.0, 0.0, 0.0, 0.0, 0.0, 0.0, 0.0, 0.0, 0.0, 0.0, 0.0, 0.0, 0.0, 0.0, 0.0, 0.0, 0.0, 0.0, 0.0, 0.0, 0.0, 0.0, 0.0, 0.0, 0.0, 0.0, 0.0, 0.0, 0.0, 0.0, 0.0, 0.0, 0.0, 0.0, 0.0, 0.0, 0.0, 0.0, 0.0, 0.0, 0.0, 0.0, 0.0, 0.0, 0.0, 0.0, 0.8292682766914368, 0.024390242993831635, 0.04878048598766327, 0.0, 0.024390242993831635, 0.024390242993831635, 0.04878048598766327, 0.0, 0.0, 0.0, 0.0, 0.0, 0.0, 0.0, 0.0, 0.0, 0.0, 0.0, 0.0, 0.0, 0.0, 0.0, 0.0, 0.0, 0.0, 0.0, 0.0, 0.0, 0.0, 0.0, 0.0, 0.0, 0.0, 0.0, 0.0, 0.0, 0.0, 0.0, 0.0, 0.0, 0.0, 0.0, 0.0, 0.0, 0.0, 0.0, 0.0, 0.0, 0.0, 0.0, 0.0, 0.0, 0.0, 0.0, 0.0, 0.0, 0.0, 0.0, 0.0, 0.0, 0.0, 0.0, 0.0, 0.0, 0.0, 0.0, 0.0, 0.0, 0.0, 0.0, 0.0, 0.0, 0.0, 0.0, 0.0, 0.0, 0.0, 0.0, 0.0, 0.0, 0.0, 0.0, 0.0, 0.0, 0.0, 0.0, 0.0, 0.0, 0.0, 0.0, 0.0, 0.0, 0.0, 0.0, 0.0, 0.0, 0.0, 0.0, 0.0, 0.0, 0.0, 0.0, 0.0, 0.0, 0.0, 0.0, 0.0, 0.0, 0.0, 0.0, 0.0, 0.0, 0.0, 0.0, 0.0, 0.0, 0.0, 0.0, 0.0, 0.0, 0.0, 0.0, 0.0, 0.0, 0.0, 0.0, 0.0, 0.0, 0.0, 0.0, 0.0, 0.0, 0.0, 0.0, 0.0, 0.0, 0.0, 0.0, 0.0, 0.0, 0.0, 0.0, 0.0, 0.0, 0.0, 0.0, 0.0, 0.0, 0.0, 0.0, 0.0, 0.0, 0.0, 0.0, 0.0, 0.0, 0.0, 0.0, 0.0, 0.0, 0.0, 0.0, 0.0, 0.0, 0.0, 0.0, 0.0, 0.0, 0.0, 0.0, 0.0, 0.0, 0.0, 0.0, 0.0, 0.0, 0.0, 0.0, 0.0, 0.0, 0.0, 0.0, 0.0, 0.0, 0.0, 0.0, 0.0], "tonal.chords_histogram": [4.282407283782959, 8.217592239379883, 14.814814567565918, 0.0, 0.0, 0.0, 0.0, 2.8935184478759766, 0.0, 7.638888835906982, 0.3472222089767456, 0.3472222089767456, 0.0, 0.0, 4.861111164093018, 0.0, 0.0, 0.0, 0.0, 3.819444417953491, 0.11574073880910873, 43.75, 7.754629611968994, 1.1574074029922485], "tonal.thpcp": [1.0, 0.9187993407249451, 0.6541279554367065, 0.44051945209503174, 0.28523603081703186, 0.168197363615036, 0.1282646656036377, 0.13123644888401031, 0.12204352021217346, 0.12016231566667557, 0.14645376801490784, 0.22305603325366974, 0.26311659812927246, 0.22704435884952545, 0.16345082223415375, 0.12136631458997726, 0.13853289186954498, 0.14977775514125824, 0.15778499841690063, 0.1809588372707367, 0.162619486451149, 0.13574014604091644, 0.14707492291927338, 0.17422163486480713, 0.19747857749462128, 0.1796117126941681, 0.13933899998664856, 0.1980077028274536, 0.45992058515548706, 0.809516191482544, 0.8297008872032166, 0.6094999313354492, 0.43192511796951294, 0.4732198715209961, 0.7127155065536499, 0.8788508772850037], "lowlevel.gfcc.cov": [[14987.9423828125, -723.0054931640625, 269.9953308105469, 206.93829345703125, -901.67236328125, -509.5234069824219, -697.691162109375, -750.9269409179688, -606.071044921875, -297.8331604003906, -652.4677734375, 197.38145446777344, -708.6773681640625], [-723.0054931640625, 2380.58251953125, 1135.3426513671875, 64.60952758789062, 493.05419921875, -3.729332447052002, 431.8128356933594, -43.69791793823242, 184.69573974609375, -280.1639099121094, 123.47039031982422, -482.9237365722656, 40.11111068725586], [269.9953308105469, 1135.3426513671875, 1410.0843505859375, 347.33074951171875, 418.72174072265625, 82.65481567382812, 408.134033203125, -6.440334796905518, 186.0391845703125, -120.83483123779297, 73.37273406982422, -155.4213104248047, -62.07402038574219], [206.93829345703125, 64.60952758789062, 347.33074951171875, 599.913818359375, -2.7522225379943848, 108.70475769042969, 226.3497314453125, 18.5301570892334, 103.86674499511719, -24.534957885742188, 84.43751525878906, -102.38919067382812, 46.47716522216797], [-901.67236328125, 493.05419921875, 418.72174072265625, -2.7522225379943848, 519.7742919921875, 71.80550384521484, 217.67498779296875, 133.25404357910156, 111.86614990234375, 26.616579055786133, 76.08834838867188, -36.89387512207031, 43.13310623168945], [-509.5234069824219, -3.729332447052002, 82.65481567382812, 108.70475769042969, 71.80550384521484, 198.42776489257812, 155.23968505859375, 50.26797866821289, 64.39192962646484, 23.322206497192383, 33.139530181884766, -15.950542449951172, 30.98494529724121], [-697.691162109375, 431.8128356933594, 408.134033203125, 226.3497314453125, 217.67498779296875, 155.23968505859375, 349.373046875, 70.7454605102539, 149.59552001953125, -18.672271728515625, 107.94707489013672, -95.90355682373047, 58.873191833496094], [-750.9269409179688, -43.69791793823242, -6.440334796905518, 18.5301570892334, 133.25404357910156, 50.26797866821289, 70.7454605102539, 169.0232391357422, 59.691017150878906, 75.93132019042969, 44.101158142089844, 14.981940269470215, 48.65666961669922], [-606.071044921875, 184.69573974609375, 186.0391845703125, 103.86674499511719, 111.86614990234375, 64.39192962646484, 149.59552001953125, 59.691017150878906, 150.5222625732422, 27.012104034423828, 92.16132354736328, -6.659379959106445, 53.80425262451172], [-297.8331604003906, -280.1639099121094, -120.83483123779297, -24.534957885742188, 26.616579055786133, 23.322206497192383, -18.672271728515625, 75.93132019042969, 27.012104034423828, 117.83856201171875, 26.982791900634766, 84.28694152832031, 26.537151336669922], [-652.4677734375, 123.47039031982422, 73.37273406982422, 84.43751525878906, 76.08834838867188, 33.139530181884766, 107.94707489013672, 44.101158142089844, 92.16132354736328, 26.982791900634766, 126.55782318115234, -2.446382999420166, 77.26966857910156], [197.38145446777344, -482.9237365722656, -155.4213104248047, -102.38919067382812, -36.89387512207031, -15.950542449951172, -95.90355682373047, 14.981940269470215, -6.659379959106445, 84.28694152832031, -2.446382999420166, 226.35470581054688, -13.673834800720215], [-708.6773681640625, 40.11111068725586, -62.07402038574219, 46.47716522216797, 43.13310623168945, 30.98494529724121, 58.873191833496094, 48.65666961669922, 53.80425262451172, 26.537151336669922, 77.26966857910156, -13.673834800720215, 110.37567901611328]], "lowlevel.gfcc.icov": [[0.0001417079329257831, -9.79265314526856e-05, 1.868504477897659e-05, -0.00028206262504681945, 6.338253297144547e-05, 0.0002222135808551684, -6.362968997564167e-05, 0.00033958646235987544, 0.00025016642757691443, -0.00020476424833759665, 0.00041334069101139903, -0.00035448468406684697, 0.0004658112593460828], [-9.79265314526856e-05, 0.002643238054588437, -0.0013482830254361033, 0.0019730236381292343, -0.0007329829968512058, 0.0007252288633026183, -0.000219548397581093, 0.0001317218120675534, -0.0017714564455673099, 0.0029769509565085173, -0.0018302069511264563, 0.004275779705494642, -0.0010777421994134784], [1.868504477897659e-05, -0.0013482830254361033, 0.002742357086390257, -0.0017389380373060703, -0.001024875440634787, 0.0004285729373805225, -0.0012162880739197135, 0.0007098041824065149, -0.0006327070877887309, -0.0003976454318035394, 0.0009785153670236468, -0.002177373506128788, 0.0029497598297894], [-0.00028206262504681945, 0.0019730236381292343, -0.0017389380373060703, 0.0046754018403589725, 0.0009033909300342202, -0.00029793177964165807, -0.0013001598417758942, -0.0007733404636383057, -0.0013731269864365458, 0.0017203892348334193, -0.002547941403463483, 0.0041641173884272575, -0.0021543866023421288], [6.338253297144547e-05, -0.0007329829968512058, -0.001024875440634787, 0.0009033909300342202, 0.004653106909245253, 0.00013084651436656713, -0.0017304057255387306, -0.0025743627920746803, 0.0012598175089806318, -0.0015347213484346867, 0.0004324998881202191, -0.0011425736593082547, -0.0007701728609390557], [0.0002222135808551684, 0.0007252288633026183, 0.0004285729373805225, -0.00029793177964165807, 0.00013084651436656713, 0.010262581519782543, -0.006535602733492851, 0.0008611781522631645, -0.0006211441359482706, -0.0017299714963883162, 0.003902113065123558, 8.147172775352374e-05, -0.0002989206986967474], [-6.362968997564167e-05, -0.000219548397581093, -0.0012162880739197135, -0.0013001598417758942, -0.0017304057255387306, -0.006535602733492851, 0.013234605081379414, -0.0015866006724536419, -0.00384252006188035, 0.0031927775125950575, -0.004452497698366642, 0.001791405607946217, 0.0001302343007409945], [0.00033958646235987544, 0.0001317218120675534, 0.0007098041824065149, -0.0007733404636383057, -0.0025743627920746803, 0.0008611781522631645, -0.0015866006724536419, 0.013245424255728722, -0.0013634281931445003, -0.007474526297301054, 0.0028892443515360355, 0.0009397481917403638, -0.0008156378753483295], [0.00025016642757691443, -0.0017714564455673099, -0.0006327070877887309, -0.0013731269864365458, 0.0012598175089806318, -0.0006211441359482706, -0.00384252006188035, -0.0013634281931445003, 0.01940981298685074, -0.004472434986382723, -0.005756100174039602, -0.004259868524968624, -7.943083619466051e-05], [-0.00020476424833759665, 0.0029769509565085173, -0.0003976454318035394, 0.0017203892348334193, -0.0015347213484346867, -0.0017299714963883162, 0.0031927775125950575, -0.007474526297301054, -0.004472434986382723, 0.02375423163175583, -0.004947144538164139, -0.0005685790092684329, -0.0008053406490944326], [0.00041334069101139903, -0.0018302069511264563, 0.0009785153670236468, -0.002547941403463483, 0.0004324998881202191, 0.003902113065123558, -0.004452497698366642, 0.0028892443515360355, -0.005756100174039602, -0.004947144538164139, 0.025563828647136688, -0.0051182946190238, -0.009755965322256088], [-0.00035448468406684697, 0.004275779705494642, -0.002177373506128788, 0.0041641173884272575, -0.0011425736593082547, 8.147172775352374e-05, 0.001791405607946217, 0.0009397481917403638, -0.004259868524968624, -0.0005685790092684329, -0.0051182946190238, 0.014777524396777153, -0.00012690141738858074], [0.0004658112593460828, -0.0010777421994134784, 0.0029497598297894, -0.0021543866023421288, -0.0007701728609390557, -0.0002989206986967474, 0.0001302343007409945, -0.0008156378753483295, -7.943083619466051e-05, -0.0008053406490944326, -0.009755965322256088, -0.00012690141738858074, 0.02272985875606537]], "lowlevel.mfcc.cov": [[15174.162109375, -1333.3221435546875, 306.0107116699219, 89.73401641845703, -587.412841796875, -76.41102600097656, -763.1264038085938, -355.6394348144531, -688.0045776367188, -538.1854248046875, -593.1886596679688, -314.9833068847656, -282.9748840332031], [-1333.3221435546875, 2370.422607421875, 602.80615234375, 234.96739196777344, 329.93756103515625, 87.42648315429688, 286.002197265625, 154.53701782226562, 143.88087463378906, 133.93124389648438, 122.88224029541016, 75.10409545898438, -46.721702575683594], [306.0107116699219, 602.80615234375, 973.5399169921875, 438.1358947753906, 62.94754409790039, 254.79989624023438, 138.4837188720703, 177.3467254638672, 68.6204605102539, 78.86804962158203, 66.16259002685547, 112.8154067993164, -11.169054985046387], [89.73401641845703, 234.96739196777344, 438.1358947753906, 461.4206848144531, 99.24996185302734, 131.54684448242188, 130.1929931640625, 105.77274322509766, 66.9667739868164, 112.12225341796875, 37.07121276855469, 80.202880859375, 0.13351304829120636], [-587.412841796875, 329.93756103515625, 62.94754409790039, 99.24996185302734, 218.27137756347656, 35.84370422363281, 94.31507110595703, 61.27266311645508, 66.7723388671875, 61.162418365478516, 54.29460525512695, 28.94698143005371, 22.172332763671875], [-76.41102600097656, 87.42648315429688, 254.79989624023438, 131.54684448242188, 35.84370422363281, 213.7181396484375, 107.40972900390625, 104.50458526611328, 57.95515060424805, 56.26409149169922, 51.16027069091797, 50.47236251831055, 8.395337104797363], [-763.1264038085938, 286.002197265625, 138.4837188720703, 130.1929931640625, 94.31507110595703, 107.40972900390625, 221.3579559326172, 92.66336059570312, 112.32678985595703, 114.07746124267578, 85.51947784423828, 33.663185119628906, -13.150412559509277], [-355.6394348144531, 154.53701782226562, 177.3467254638672, 105.77274322509766, 61.27266311645508, 104.50458526611328, 92.66336059570312, 144.537841796875, 68.22473907470703, 55.173336029052734, 57.102725982666016, 58.93598175048828, 35.169036865234375], [-688.0045776367188, 143.88087463378906, 68.6204605102539, 66.9667739868164, 66.7723388671875, 57.95515060424805, 112.32678985595703, 68.22473907470703, 126.51728820800781, 89.17913055419922, 69.87400817871094, 34.89420700073242, 8.854179382324219], [-538.1854248046875, 133.93124389648438, 78.86804962158203, 112.12225341796875, 61.162418365478516, 56.26409149169922, 114.07746124267578, 55.173336029052734, 89.17913055419922, 126.85453033447266, 62.849342346191406, 35.01447296142578, -1.1730414628982544], [-593.1886596679688, 122.88224029541016, 66.16259002685547, 37.07121276855469, 54.29460525512695, 51.16027069091797, 85.51947784423828, 57.102725982666016, 69.87400817871094, 62.849342346191406, 99.70571899414062, 39.99215316772461, 20.932430267333984], [-314.9833068847656, 75.10409545898438, 112.8154067993164, 80.202880859375, 28.94698143005371, 50.47236251831055, 33.663185119628906, 58.93598175048828, 34.89420700073242, 35.01447296142578, 39.99215316772461, 89.82672882080078, 43.68120193481445], [-282.9748840332031, -46.721702575683594, -11.169054985046387, 0.13351304829120636, 22.172332763671875, 8.395337104797363, -13.150412559509277, 35.169036865234375, 8.854179382324219, -1.1730414628982544, 20.932430267333984, 43.68120193481445, 84.827880859375]], "lowlevel.mfcc.icov": [[0.000117246869194787, 2.4424520233878866e-05, -3.5058055800618604e-05, -0.00014676552382297814, 6.325813592411578e-05, -0.00015514488040935248, 0.0002834066981449723, -8.794142195256427e-05, 0.00029417991754598916, 8.987960609374568e-05, 0.00019003271881956607, 0.00020564510487020016, 0.00029715211712755263], [2.4424520233878866e-05, 0.000788985111285001, -0.0007324375910684466, 0.000560110027436167, -0.0010691516799852252, 0.0007986496784724295, -0.000802821887191385, -0.00010414996359031647, 0.0002534963423386216, -1.1557758625713177e-05, 0.00022443196212407202, -0.00040664305561222136, 0.0006652481970377266], [-3.5058055800618604e-05, -0.0007324375910684466, 0.003253848059102893, -0.0025841277092695236, 0.0013001593761146069, -0.002227327087894082, 0.0013199233217164874, -0.0011655054986476898, -0.00024685179232619703, 0.0016205087304115295, -0.001352365710772574, -0.0007208830211311579, 0.0012336617801338434], [-0.00014676552382297814, 0.000560110027436167, -0.0025841277092695236, 0.00618107570335269, -0.002206242410466075, 0.0010086563415825367, -0.002034951699897647, 0.00011384573735995218, 0.0011732203420251608, -0.004374472890049219, 0.0031952643766999245, -0.002564377384260297, -6.781802221667022e-05], [6.325813592411578e-05, -0.0010691516799852252, 0.0013001593761146069, -0.002206242410466075, 0.008027302101254463, -0.0002678635937627405, -0.00035440214560367167, -0.0008668785449117422, -0.0011904664570465684, 0.000550821190699935, -0.0015160576440393925, 0.001804708386771381, -0.002393726957961917], [-0.00015514488040935248, 0.0007986496784724295, -0.002227327087894082, 0.0010086563415825367, -0.0002678635937627405, 0.010493874549865723, -0.0040479241870343685, -0.003708308096975088, 0.00033436654484830797, -6.561217742273584e-05, -0.00015938273281790316, -0.0013346171472221613, 0.00025960925268009305], [0.0002834066981449723, -0.000802821887191385, 0.0013199233217164874, -0.002034951699897647, -0.00035440214560367167, -0.0040479241870343685, 0.015340622514486313, -0.00295836478471756, -0.0032857961487025023, -0.0039885444566607475, -0.003880289848893881, 0.002714127069339156, 0.004625880159437656], [-8.794142195256427e-05, -0.00010414996359031647, -0.0011655054986476898, 0.00011384573735995218, -0.0008668785449117422, -0.003708308096975088, -0.00295836478471756, 0.01698440872132778, -0.0035899740178138018, 0.00112806202378124, -0.00043211213778704405, -0.0026970147155225277, -0.005525263026356697], [0.00029417991754598916, 0.0002534963423386216, -0.00024685179232619703, 0.0011732203420251608, -0.0011904664570465684, 0.00033436654484830797, -0.0032857961487025023, -0.0035899740178138018, 0.022198466584086418, -0.008683957159519196, -0.003687470220029354, -0.00017198346904478967, 0.0009050624794326723], [8.987960609374568e-05, -1.1557758625713177e-05, 0.0016205087304115295, -0.004374472890049219, 0.000550821190699935, -6.561217742273584e-05, -0.0039885444566607475, 0.00112806202378124, -0.008683957159519196, 0.022915799170732498, -0.004488945938646793, -0.002054007491096854, 0.002678928431123495], [0.00019003271881956607, 0.00022443196212407202, -0.001352365710772574, 0.0031952643766999245, -0.0015160576440393925, -0.00015938273281790316, -0.003880289848893881, -0.00043211213778704405, -0.003687470220029354, -0.004488945938646793, 0.022637590765953064, -0.0039636967703700066, -0.002658155746757984], [0.00020564510487020016, -0.00040664305561222136, -0.0007208830211311579, -0.002564377384260297, 0.001804708386771381, -0.0013346171472221613, 0.002714127069339156, -0.0026970147155225277, -0.00017198346904478967, -0.002054007491096854, -0.0039636967703700066, 0.023622531443834305, -0.00962608028203249], [0.00029715211712755263, 0.0006652481970377266, 0.0012336617801338434, -6.781802221667022e-05, -0.002393726957961917, 0.00025960925268009305, 0.004625880159437656, -0.005525263026356697, 0.0009050624794326723, 0.002678928431123495, -0.002658155746757984, -0.00962608028203249, 0.02247198298573494]], "metadata.audio_properties.analysis.downmix": "mix", "metadata.audio_properties.codec": "mp3", "metadata.audio_properties.md5_encoded": "017905af30e96f010aabe516f84920b5", "metadata.tags.file_name": "1182276270986379264.mp3", "metadata.version.essentia": "2.1-beta6-dev", "metadata.version.essentia_git_sha": "v2.1_beta5-1110-g77a6a954", "metadata.version.extractor": "music 2.0", "tonal.chords_key": "F#", "tonal.chords_scale": "major", "tonal.key_edma.key": "Bb", "tonal.key_edma.scale": "minor", "tonal.key_krumhansl.key": "Bb", "tonal.key_krumhansl.scale": "minor", "tonal.key_temperley.key": "F", "tonal.key_temperley.scale": "minor", "metadata.tags.encoding": ["Lavf58.45.100"]}, "essentia_models": [{"model_name": "genre_dortmund", "activations": {"alternative": "0.04464416", "blues": "0.0043392377", "electronic": "0.43060854", "folkcountry": "0.0029032272", "funksoulrnb": "0.018456914", "jazz": "0.023477916", "pop": 