{"song_id": "1182273608672874506", "download": "https://cdn.discordapp.com/attachments/1128313332273782784/1182273608672874506/chirp.mp4?ex=65841919&amp", "lyrics": "Last night we went to a bar, \nand it felt like we were listening to a rock star. \nWe tried to make Tom sing,\nBut instead, we hear behind us the door going ding ding. \n\nEray was not able to come,\nBecause he was learning how to use .some(), \nWe tried to bring him over,\nBut his government said to him it's a game over. \n\nWe were eating this morning at Billy,\nDoesn't it sound silly?\nThat would be everything from me today,\nBecause I do not know about what is the other way.", "style": ["60s"], "essentia_features": {"lowlevel.average_loudness": 0.9047421216964722, "lowlevel.barkbands_crest.mean": 13.781452178955078, "lowlevel.barkbands_crest.stdev": 5.388603687286377, "lowlevel.barkbands_flatness_db.mean": 0.23920714855194092, "lowlevel.barkbands_flatness_db.stdev": 0.07012800872325897, "lowlevel.barkbands_kurtosis.mean": 9.63780689239502, "lowlevel.barkbands_kurtosis.stdev": 22.18451499938965, "lowlevel.barkbands_skewness.mean": 1.5196101665496826, "lowlevel.barkbands_skewness.stdev": 2.3245136737823486, "lowlevel.barkbands_spread.mean": 13.728919982910156, "lowlevel.barkbands_spread.stdev": 13.534912109375, "lowlevel.dissonance.mean": 0.41455554962158203, "lowlevel.dissonance.stdev": 0.05999116599559784, "lowlevel.dynamic_complexity": 5.767391681671143, "lowlevel.erbbands_crest.mean": 14.331803321838379, "lowlevel.erbbands_crest.stdev": 5.7693657875061035, "lowlevel.erbbands_flatness_db.mean": 0.2533298134803772, "lowlevel.erbbands_flatness_db.stdev": 0.06195628270506859, "lowlevel.erbbands_kurtosis.mean": 3.568741798400879, "lowlevel.erbbands_kurtosis.stdev": 7.5958404541015625, "lowlevel.erbbands_skewness.mean": 0.4127373695373535, "lowlevel.erbbands_skewness.stdev": 1.5585113763809204, "lowlevel.erbbands_spread.mean": 25.55574607849121, "lowlevel.erbbands_spread.stdev": 18.619264602661133, "lowlevel.hfc.mean": 14.238338470458984, "lowlevel.hfc.stdev": 27.98428726196289, "lowlevel.loudness_ebu128.integrated": -26.53779411315918, "lowlevel.loudness_ebu128.loudness_range": 5.116390228271484, "lowlevel.loudness_ebu128.momentary.mean": -28.412296295166016, "lowlevel.loudness_ebu128.momentary.stdev": 5.10472297668457, "lowlevel.loudness_ebu128.short_term.mean": -27.151575088500977, "lowlevel.loudness_ebu128.short_term.stdev": 1.8356245756149292, "lowlevel.melbands_crest.mean": 17.306489944458008, "lowlevel.melbands_crest.stdev": 6.006049156188965, "lowlevel.melbands_flatness_db.mean": 0.27298274636268616, "lowlevel.melbands_flatness_db.stdev": 0.08578897267580032, "lowlevel.melbands_kurtosis.mean": 17.771493911743164, "lowlevel.melbands_kurtosis.stdev": 37.3851318359375, "lowlevel.melbands_skewness.mean": 2.403900146484375, "lowlevel.melbands_skewness.stdev": 2.5384533405303955, "lowlevel.melbands_spread.mean": 24.27315902709961, "lowlevel.melbands_spread.stdev": 41.053340911865234, "lowlevel.pitch_salience.mean": 0.4772367775440216, "lowlevel.pitch_salience.stdev": 0.15826037526130676, "lowlevel.silence_rate_20dB.mean": 1.0, "lowlevel.silence_rate_20dB.stdev": 0.0, "lowlevel.silence_rate_30dB.mean": 0.9910775423049927, "lowlevel.silence_rate_30dB.stdev": 0.0940360501408577, "lowlevel.silence_rate_60dB.mean": 0.2724776864051819, "lowlevel.silence_rate_60dB.stdev": 0.44523584842681885, "lowlevel.spectral_centroid.mean": 1090.0914306640625, "lowlevel.spectral_centroid.stdev": 1116.5147705078125, "lowlevel.spectral_complexity.mean": 6.593685626983643, "lowlevel.spectral_complexity.stdev": 4.65424108505249, "lowlevel.spectral_decrease.mean": -3.966283745882038e-09, "lowlevel.spectral_decrease.stdev": 5.127459790088551e-09, "lowlevel.spectral_energy.mean": 0.01626112498342991, "lowlevel.spectral_energy.stdev": 0.02101445011794567, "lowlevel.spectral_energyband_high.mean": 0.0005006168503314257, "lowlevel.spectral_energyband_high.stdev": 0.002803329611197114, "lowlevel.spectral_energyband_low.mean": 0.0011544331209734082, "lowlevel.spectral_energyband_low.stdev": 0.003411052981391549, "lowlevel.spectral_energyband_middle_high.mean": 0.005750513635575771, "lowlevel.spectral_energyband_middle_high.stdev": 0.015822969377040863, "lowlevel.spectral_energyband_middle_low.mean": 0.009039423428475857, "lowlevel.spectral_energyband_middle_low.stdev": 0.010611404664814472, "lowlevel.spectral_entropy.mean": 6.828155040740967, "lowlevel.spectral_entropy.stdev": 0.746035099029541, "lowlevel.spectral_flux.mean": 0.05716931074857712, "lowlevel.spectral_flux.stdev": 0.04733332619071007, "lowlevel.spectral_kurtosis.mean": 10.489033699035645, "lowlevel.spectral_kurtosis.stdev": 10.412927627563477, "lowlevel.spectral_rms.mean": 0.0032755648717284203, "lowlevel.spectral_rms.stdev": 0.002266097581014037, "lowlevel.spectral_rolloff.mean": 1504.6654052734375, "lowlevel.spectral_rolloff.stdev": 2045.4127197265625, "lowlevel.spectral_skewness.mean": 2.2372052669525146, "lowlevel.spectral_skewness.stdev": 1.1374588012695312, "lowlevel.spectral_spread.mean": 3796260.75, "lowlevel.spectral_spread.stdev": 1744831.375, "lowlevel.spectral_strongpeak.mean": 1.3241708278656006, "lowlevel.spectral_strongpeak.stdev": 1.9081838130950928, "lowlevel.zerocrossingrate.mean": 0.05438555032014847, "lowlevel.zerocrossingrate.stdev": 0.06168056279420853, "metadata.audio_properties.analysis.equal_loudness": 0.0, "metadata.audio_properties.analysis.length": 33.790950775146484, "metadata.audio_properties.analysis.sample_rate": 44100.0, "metadata.audio_properties.analysis.start_time": 0.0, "metadata.audio_properties.bit_rate": 107424.0, "metadata.audio_properties.length": 33.79199981689453, "metadata.audio_properties.lossless": 0.0, "metadata.audio_properties.number_channels": 1.0, "metadata.audio_properties.replay_gain": -2.2811641693115234, "metadata.audio_properties.sample_rate": 48000.0, "rhythm.beats_count": 66.0, "rhythm.beats_loudness.mean": 0.023820899426937103, "rhythm.beats_loudness.stdev": 0.02825898677110672, "rhythm.bpm": 123.87805938720703, "rhythm.bpm_histogram_first_peak_bpm": 123.0, "rhythm.bpm_histogram_first_peak_weight": 0.45454543828964233, "rhythm.bpm_histogram_second_peak_bpm": 161.0, "rhythm.bpm_histogram_second_peak_spread": 0.1428571343421936, "rhythm.bpm_histogram_second_peak_weight": 0.0923076942563057, "rhythm.danceability": 1.292541265487671, "rhythm.onset_rate": 4.229736328125, "tonal.chords_changes_rate": 0.07818929851055145, "tonal.chords_number_rate": 0.021947873756289482, "tonal.chords_strength.mean": 0.4948972761631012, "tonal.chords_strength.stdev": 0.10864072293043137, "tonal.hpcp_crest.mean": 19.30746841430664, "tonal.hpcp_crest.stdev": 9.178118705749512, "tonal.hpcp_entropy.mean": 1.4386425018310547, "tonal.hpcp_entropy.stdev": 0.8347203731536865, "tonal.key_edma.strength": 0.5965895056724548, "tonal.key_krumhansl.strength": 0.5927603840827942, "tonal.key_temperley.strength": 0.5843188762664795, "tonal.tuning_diatonic_strength": 0.48097729682922363, "tonal.tuning_equal_tempered_deviation": 0.09929116070270538, "tonal.tuning_frequency": 441.0177917480469, "tonal.tuning_nontempered_energy_ratio": 0.754885733127594, "lowlevel.barkbands.mean": [1.259586269952706e-06, 0.00040710801840759814, 0.0007163117406889796, 8.769398118602112e-05, 0.00278873392380774, 0.0036648274399340153, 0.0013370695523917675, 0.0003784075961448252, 0.00044071453157812357, 0.0011105538578704, 0.002039792947471142, 0.0012887113261967897, 0.00033692867145873606, 0.00032884336542338133, 0.00023237545974552631, 0.00021525434567593038, 0.00019206188153475523, 0.0001199891630676575, 6.995438889134675e-05, 9.738514563650824e-06, 3.5102075344184414e-05, 6.918946019141003e-05, 0.00021279432985465974, 0.00014729556278325617, 2.9313971026567742e-05, 1.1127528978249757e-06, 1.7887555880946593e-09], "lowlevel.barkbands.stdev": [3.993246536992956e-06, 0.001169166644103825, 0.0024454258382320404, 0.0005911984480917454, 0.004374807234853506, 0.007950969971716404, 0.0030416063964366913, 0.0013238280080258846, 0.0015434576198458672, 0.004085438326001167, 0.009199842810630798, 0.007240117061883211, 0.0015276412013918161, 0.0013762880116701126, 0.0009245804976671934, 0.0008987710461951792, 0.0005721206543967128, 0.00039134666440077126, 0.00025195570196956396, 2.9067025025142357e-05, 9.923406469170004e-05, 0.0003807875036727637, 0.0014552572974935174, 0.0009022247977554798, 0.00017382329679094255, 6.588382802874548e-06, 2.4198820725018777e-08], "lowlevel.erbbands.mean": [0.002576264087110758, 0.1320909559726715, 0.836062490940094, 0.43061286211013794, 1.3737571239471436, 11.41629695892334, 29.329797744750977, 26.160995483398438, 21.835012435913086, 13.64194393157959, 7.399898529052734, 9.918609619140625, 24.874147415161133, 49.48014450073242, 80.18653106689453, 60.99140930175781, 17.392305374145508, 19.119165420532227, 14.437187194824219, 11.958259582519531, 9.637046813964844, 10.638957023620605, 7.534659385681152, 5.922019004821777, 1.2978187799453735, 0.5089724063873291, 1.1033273935317993, 1.4322854280471802, 2.2416393756866455, 4.536370277404785, 6.424008369445801, 3.4935622215270996, 2.326815128326416, 0.620212733745575, 0.08237924426794052, 0.011306085623800755, 0.0011330257402732968, 5.3210700571071357e-05, 1.4514394933939911e-05, 2.0869219952146523e-05], "lowlevel.erbbands.stdev": [0.007100850809365511, 0.37257513403892517, 2.6857759952545166, 1.5481905937194824, 3.359307050704956, 18.979124069213867, 57.44221115112305, 63.641357421875, 51.43953323364258, 33.769569396972656, 21.962472915649414, 35.840633392333984, 86.30902099609375, 197.09861755371094, 346.1849365234375, 337.0971984863281, 63.64076232910156, 81.50132751464844, 56.927982330322266, 50.24127197265625, 33.87744903564453, 32.088645935058594, 22.34798240661621, 19.318992614746094, 3.573934555053711, 1.485307216644287, 2.7959587574005127, 4.371708393096924, 12.175708770751953, 30.540977478027344, 44.09416961669922, 22.619564056396484, 14.3598051071167, 3.686450719833374, 0.4195968210697174, 0.059570398181676865, 0.007596068549901247, 0.0002837729698512703, 3.4670712921069935e-05, 2.7868542019859888e-05], "lowlevel.gfcc.mean": [-136.8529052734375, 114.7219467163086, -136.68328857421875, 15.004312515258789, -76.87401580810547, 9.321843147277832, -52.90345001220703, -5.442099094390869, -24.030357360839844, -13.754642486572266, -0.632262110710144, -3.169337511062622, 8.262139320373535], "lowlevel.melbands.mean": [6.39809513813816e-05, 0.00032986339647322893, 9.528023656457663e-05, 0.0004009846306871623, 0.0009761778637766838, 0.0006109506939537823, 0.000317249505314976, 0.00013181274698581547, 5.9215552028035745e-05, 6.315481005003676e-05, 0.00012442871229723096, 0.00018594479479361326, 0.00027976391720585525, 0.0001785142521839589, 8.686912769917399e-05, 2.688675704121124e-05, 3.640843715402298e-05, 2.281383058289066e-05, 1.4946601368137635e-05, 1.6899713955353945e-05, 1.0418930287414696e-05, 1.080530637409538e-05, 9.619414413464256e-06, 5.377649358706549e-06, 4.9887985369423404e-06, 1.357309542981966e-06, 3.266083865582914e-07, 3.09928196884357e-07, 5.147640536051767e-07, 1.0244116310786922e-06, 7.035422981971351e-07, 1.0984383607137715e-06, 1.6442136256955564e-06, 2.939301111837267e-06, 3.963815288443584e-06, 2.8180788831377868e-06, 1.8938657149192295e-06, 1.758433199938736e-06, 1.0318586873836466e-06, 3.6206947129358014e-07], "lowlevel.melbands.stdev": [0.0001827388914534822, 0.0009995779255405068, 0.0003256581840105355, 0.0006547714001499116, 0.0016518313204869628, 0.0014126545283943415, 0.0007520265644416213, 0.00035153390490449965, 0.00019535096362233162, 0.00021473888773471117, 0.00044831298873759806, 0.0007841482874937356, 0.0012564155040308833, 0.0009135284344665706, 0.0004297943669371307, 0.0001301580632571131, 0.0001619965914869681, 9.505065099801868e-05, 5.454283018480055e-05, 7.812361582182348e-05, 4.313560202717781e-05, 3.327969170641154e-05, 3.187574475305155e-05, 1.734723809931893e-05, 1.732551936584059e-05, 4.376078777568182e-06, 9.812463304115226e-07, 9.77798208623426e-07, 1.324981667494285e-06, 3.035979716514703e-06, 2.2776446257921634e-06, 6.0061011026846245e-06, 9.479997970629483e-06, 2.1478172129718587e-05, 2.7571566533879377e-05, 1.978554792003706e-05, 1.2092250472051091e-05, 1.0900488632614724e-05, 6.655074230366154e-06, 2.0641550690925214e-06], "lowlevel.melbands128.mean": [7.500293008888548e-07, 2.2310662188829156e-06, 4.135106792091392e-05, 0.00026842611259780824, 0.0004857982276007533, 0.0002819295332301408, 6.785329605918378e-05, 5.169936048332602e-05, 9.706013952381909e-05, 0.0002612553653307259, 0.0006781595875509083, 0.0009704487747512758, 0.001044484437443316, 0.0010585408890619874, 0.0006332846824079752, 0.0003541456535458565, 0.0003450093499850482, 0.0003690312441904098, 0.00020069362653885037, 0.0001482696970924735, 9.943280019797385e-05, 5.616058479063213e-05, 4.753755638375878e-05, 6.875328108435497e-05, 6.941335595911369e-05, 3.638485577539541e-05, 0.00010474293230799958, 0.00014912027108948678, 0.0001056843320839107, 0.00020155622041784227, 0.00017746028606779873, 0.00023662210151087493, 0.00036279347841627896, 0.000277637125691399, 8.225577767007053e-05, 0.00023915911151561886, 0.00018020177958533168, 6.429476343328133e-05, 4.6838737034704536e-05, 1.989856355066877e-05, 2.005190253839828e-05, 3.875352558679879e-05, 4.5412572944769636e-05, 3.015685433638282e-05, 1.9104913008050062e-05, 2.3727525331196375e-05, 2.6625577447703108e-05, 1.1347247891535517e-05, 9.95489699562313e-06, 2.0402703739819117e-05, 2.185636549256742e-05, 8.713902388990391e-06, 8.653895747556817e-06, 1.2942322427988984e-05, 9.823524123930838e-06, 9.5757304734434e-06, 1.2390387382765766e-05, 1.2767834050464444e-05, 7.688945515837986e-06, 5.237386631051777e-06, 5.9351268646423705e-06, 4.059858383698156e-06, 6.708542969136033e-06, 5.077245532447705e-06, 2.755853756752913e-06, 1.1866345630551223e-06, 5.846526391906082e-07, 3.3031102475433727e-07, 2.757445543011272e-07, 2.9963811698507925e-07, 2.956750506655226e-07, 3.102365724316769e-07, 3.7107676575942605e-07, 4.745782007375965e-07, 7.347862833739782e-07, 1.2267270221855142e-06, 1.045671638166823e-06, 8.342515229742276e-07, 6.891022508170863e-07, 5.026342932978878e-07, 8.239173894253327e-07, 1.6157744084921433e-06, 1.2212238971187617e-06, 1.5170554661381175e-06, 2.0661275357269915e-06, 2.3061231786414282e-06, 3.463154371274868e-06, 3.896043835993623e-06, 3.714262447829242e-06, 4.634468496078625e-06, 3.166306896673632e-06, 2.2686410829919623e-06, 2.091509941237746e-06, 1.978297177629429e-06, 1.7604617141842027e-06, 1.5160072734943242e-06, 1.9687554413394537e-06, 1.8302697526451084e-06, 9.959436511053354e-07, 7.01375881817512e-07, 4.4818543187830073e-07, 3.5104108064842876e-07, 1.8807948265475716e-07, 1.1209317563043442e-07, 6.204972180512414e-08, 3.270641357744353e-08, 2.5364105482594823e-08, 2.2564247359468936e-08, 1.6238109523669664e-08, 1.1919214948363788e-08, 5.871810149216117e-09, 3.449043273207053e-09, 2.019210798565041e-09, 8.463114098411495e-10, 1.0153223400921618e-10, 3.819173449715052e-11, 2.8500488427618542e-11, 1.1552076135956657e-11, 8.083665681279939e-12, 8.068734048960469e-12, 7.560032461162436e-12, 4.572193318397311e-12, 3.2614022160010192e-12, 3.1699976844878908e-12, 2.8693781291971865e-12, 2.359422986847326e-12, 2.0822579771540006e-12, 2.033661650538421e-12], "lowlevel.melbands128.stdev": [2.4718303848203504e-06, 6.790512543375371e-06, 0.000134298054035753, 0.0007760290754958987, 0.0015055870171636343, 0.0009919320000335574, 0.0002653512347023934, 0.0003541903861332685, 0.0003572122077457607, 0.0005455779028125107, 0.0013265460729599, 0.0018221461214125156, 0.0025457392912358046, 0.0028917815070599318, 0.0020091261249035597, 0.0015261124353855848, 0.0011592378141358495, 0.0011222840985283256, 0.0005653088446706533, 0.0005167897907085717, 0.00046418668352998793, 0.0002519309346098453, 0.000190058839507401, 0.00041849465924315155, 0.0003628297708928585, 0.00016136872000060976, 0.0004336645361036062, 0.0007283837185241282, 0.0006293271435424685, 0.0010900262277573347, 0.0010669477051123977, 0.0016524388920515776, 0.0019537389744073153, 0.0017167468322440982, 0.0005180505686439574, 0.0018208648543804884, 0.001335509354248643, 0.00040771899512037635, 0.0002399221557425335, 0.00012321601388975978, 0.00014980662672314793, 0.000315231503918767, 0.0002530214551370591, 0.00018165854271501303, 0.0001429395197192207, 0.0001392817939631641, 0.00014686293434351683, 6.394603406079113e-05, 5.616449925582856e-05, 0.00014729751273989677, 0.00012215622700750828, 4.9941900215344504e-05, 4.8663965571904555e-05, 7.119373913155869e-05, 3.880618169205263e-05, 4.255861495039426e-05, 6.58893259242177e-05, 5.459381645778194e-05, 3.3720189094310626e-05, 2.1121246390976012e-05, 2.49423501372803e-05, 2.525690069887787e-05, 3.0000830520293675e-05, 2.1166524675209075e-05, 1.2358682397461962e-05, 4.086357421329012e-06, 2.197650701418752e-06, 1.1076223245254369e-06, 8.807744507066673e-07, 1.2561544053824036e-06, 1.0700634902605088e-06, 9.908759466270567e-07, 1.1940769581997301e-06, 1.400152427777357e-06, 2.4528990252292715e-06, 3.8117746044008527e-06, 4.256300144334091e-06, 3.4411607430229196e-06, 2.6422887913213344e-06, 1.7608243751965347e-06, 4.350890776549932e-06, 1.0857727829716168e-05, 6.919264251337154e-06, 8.76554986461997e-06, 1.252455695066601e-05, 1.6494912415510044e-05, 2.8079035473638214e-05, 3.249145083827898e-05, 2.5699388061184436e-05, 3.7730424082838e-05, 2.3887936549726874e-05, 1.567969229654409e-05, 1.5046235603222158e-05, 1.336889727099333e-05, 1.1245134373893961e-05, 9.843828593147919e-06, 1.3121640222379938e-05, 1.2284946933505125e-05, 6.373303676809883e-06, 5.142876489117043e-06, 2.5491995074844453e-06, 2.3993193281057756e-06, 8.486367732984945e-07, 6.633626981056295e-07, 3.796521355070581e-07, 1.874583546168651e-07, 1.1560737789295672e-07, 1.4088853106386523e-07, 8.890044256304463e-08, 9.44048039741574e-08, 5.8160281923846924e-08, 3.375575374775508e-08, 1.7833544418977e-08, 8.94422491626301e-09, 1.3463343773167935e-09, 7.338671337286939e-10, 6.266439034341431e-10, 1.847893088546826e-10, 1.4430710792989743e-10, 1.4174918183673668e-10, 1.4170545292735426e-10, 4.594725294682078e-11, 4.9478277378001145e-12, 4.8208971537011536e-12, 4.7414676351831275e-12, 4.691935642092693e-12, 4.655392824709503e-12, 4.627986795874284e-12], "lowlevel.mfcc.mean": [-773.4004516601562, 136.0149383544922, -3.6005940437316895, -1.5645791292190552, 1.198285460472107, -4.852459907531738, -8.728426933288574, -4.759947776794434, -9.147775650024414, -19.402761459350586, -8.039281845092773, -2.981022834777832, -7.3882551193237305], "lowlevel.spectral_contrast_coeffs.mean": [-0.596523106098175, -0.6958537697792053, -0.7238943576812744, -0.7821761965751648, -0.7851771116256714, -0.7815775275230408], "lowlevel.spectral_contrast_coeffs.stdev": [0.13758622109889984, 0.10893182456493378, 0.11031650006771088, 0.07411447167396545, 0.06395439058542252, 0.053725775331258774], "lowlevel.spectral_contrast_valleys.mean": [-8.638429641723633, -8.127168655395508, -8.535710334777832, -8.887337684631348, -9.239617347717285, -11.6179838180542], "lowlevel.spectral_contrast_valleys.stdev": [1.2235430479049683, 1.061538577079773, 0.9562543630599976, 0.8800954222679138, 0.9340795278549194, 1.222342610359192], "rhythm.beats_loudness_band_ratio.mean": [0.14270952343940735, 0.3729482889175415, 0.17515282332897186, 0.1923518180847168, 0.046703040599823, 0.11201942712068558], "rhythm.beats_loudness_band_ratio.stdev": [0.21971368789672852, 0.2941780686378479, 0.19401809573173523, 0.25474727153778076, 0.056956082582473755, 0.25928795337677], "tonal.hpcp.mean": [0.26592183113098145, 0.1326792687177658, 0.06117672845721245, 0.0643276497721672, 0.06036309897899628, 0.07285981625318527, 0.11311744153499603, 0.1302293837070465, 0.16058601438999176, 0.1520695835351944, 0.07874108850955963, 0.048794060945510864, 0.04953502491116524, 0.061747536063194275, 0.12269328534603119, 0.13327668607234955, 0.07244013249874115, 0.04852895811200142, 0.0610070563852787, 0.08235520869493484, 0.09162114560604095, 0.10181967914104462, 0.08383357524871826, 0.06470371037721634, 0.05502621829509735, 0.03334887698292732, 0.043350763618946075, 0.08518173545598984, 0.1022058054804802, 0.10541927814483643, 0.10232891142368317, 0.06113564223051071, 0.04987601935863495, 0.07031827419996262, 0.07286355644464493, 0.19789230823516846], "tonal.hpcp.stdev": [0.37641042470932007, 0.22019699215888977, 0.19023382663726807, 0.18978646397590637, 0.18848687410354614, 0.18075375258922577, 0.26080557703971863, 0.2670298218727112, 0.309794545173645, 0.3025822341442108, 0.19989646971225739, 0.1639786660671234, 0.15259061753749847, 0.1728472262620926, 0.27456414699554443, 0.2901265323162079, 0.18872973322868347, 0.14654061198234558, 0.1677325814962387, 0.21184617280960083, 0.21227172017097473, 0.22116822004318237, 0.20419833064079285, 0.18733713030815125, 0.15732280910015106, 0.10990148782730103, 0.12373719364404678, 0.2082250863313675, 0.22950758039951324, 0.21999545395374298, 0.2291441559791565, 0.1606023907661438, 0.13642361760139465, 0.1835494041442871, 0.17115528881549835, 0.28759944438934326], "rhythm.beats_position": [0.5921088457107544, 1.195827603340149, 1.7879364490509033, 2.391655206680298, 2.983764171600342, 3.5874829292297363, 4.191201686859131, 4.8297505378723145, 5.479909420013428, 6.130067825317383, 6.768616676330566, 7.383945465087891, 8.010884284973145, 8.637823104858398, 9.287981986999512, 9.938140869140625, 10.623128890991211, 11.308117866516113, 11.981496810913086, 12.654874801635742, 13.328253746032715, 14.024852752685547, 14.721450805664062, 15.394829750061035, 16.068208694458008, 16.637096405029297, 17.20598602294922, 17.77487564086914, 18.250883102416992, 18.738502502441406, 19.23773193359375, 19.713741302490234, 20.20136070251465, 20.688980102539062, 21.176597595214844, 21.664216995239258, 22.151836395263672, 22.627845764160156, 23.09224510192871, 23.568254470825195, 23.9862117767334, 24.415781021118164, 24.84535026550293, 25.251699447631836, 25.623218536376953, 26.006349563598633, 26.40108871459961, 26.772607803344727, 27.132516860961914, 27.50403594970703, 27.87555503845215, 28.235464096069336, 28.606983184814453, 28.96689224243164, 29.326801300048828, 29.698322296142578, 30.046621322631836, 30.394920349121094, 30.74321937561035, 31.09151840209961, 31.439817428588867, 31.776506423950195, 32.113197326660156, 32.46149444580078, 32.79818344116211, 33.1348762512207], "rhythm.bpm_histogram": [0.0, 0.0, 0.0, 0.0, 0.0, 0.0, 0.0, 0.0, 0.0, 0.0, 0.0, 0.0, 0.0, 0.0, 0.0, 0.0, 0.0, 0.0, 0.0, 0.0, 0.0, 0.0, 0.0, 0.0, 0.0, 0.0, 0.0, 0.0, 0.0, 0.0, 0.0, 0.0, 0.0, 0.0, 0.0, 0.0, 0.0, 0.0, 0.0, 0.0, 0.0, 0.0, 0.0, 0.0, 0.0, 0.0, 0.0, 0.0, 0.0, 0.0, 0.0, 0.0, 0.0, 0.0, 0.0, 0.0, 0.0, 0.0, 0.0, 0.0, 0.0, 0.0, 0.0, 0.0, 0.0, 0.0, 0.0, 0.0, 0.0, 0.0, 0.0, 0.0, 0.0, 0.0, 0.0, 0.0, 0.0, 0.0, 0.0, 0.0, 0.0, 0.0, 0.0, 0.0, 0.0, 0.0, 0.03076923079788685, 0.0, 0.03076923079788685, 0.07692307978868484, 0.0, 0.0, 0.0615384615957737, 0.0, 0.03076923079788685, 0.0, 0.03076923079788685, 0.0, 0.015384615398943424, 0.0615384615957737, 0.0, 0.03076923079788685, 0.0, 0.0, 0.0, 0.04615384712815285, 0.0, 0.0, 0.0, 0.0, 0.0, 0.0, 0.0, 0.0, 0.0, 0.0, 0.0, 0.0, 0.0, 0.0, 0.015384615398943424, 0.0, 0.0, 0.0923076942563057, 0.0, 0.0, 0.0615384615957737, 0.0, 0.0, 0.015384615398943424, 0.0, 0.0, 0.0, 0.0, 0.0, 0.0, 0.0, 0.0, 0.0, 0.0, 0.03076923079788685, 0.0, 0.0, 0.0, 0.015384615398943424, 0.0, 0.0, 0.0, 0.015384615398943424, 0.0, 0.0, 0.0, 0.015384615398943424, 0.0, 0.0, 0.0, 0.0, 0.015384615398943424, 0.0, 0.0, 0.0, 0.0923076942563057, 0.0, 0.0, 0.0, 0.0, 0.0, 0.0615384615957737, 0.0, 0.0, 0.0, 0.0, 0.0923076942563057, 0.0, 0.0, 0.0, 0.0, 0.0, 0.0615384615957737, 0.0, 0.0, 0.0, 0.0, 0.0, 0.0, 0.0, 0.0, 0.0, 0.0, 0.0, 0.0, 0.0, 0.0, 0.0, 0.0, 0.0, 0.0, 0.0, 0.0, 0.0, 0.0, 0.0, 0.0, 0.0, 0.0, 0.0, 0.0, 0.0, 0.0, 0.0, 0.0, 0.0, 0.0, 0.0, 0.0, 0.0, 0.0, 0.0, 0.0, 0.0, 0.0, 0.0, 0.0, 0.0, 0.0, 0.0, 0.0, 0.0, 0.0, 0.0, 0.0, 0.0, 0.0, 0.0, 0.0, 0.0, 0.0, 0.0, 0.0, 0.0, 0.0, 0.0, 0.0, 0.0, 0.0, 0.0, 0.0, 0.0, 0.0, 0.0], "tonal.chords_histogram": [3.9780521392822266, 11.796981811523438, 1.0973936319351196, 2.3319616317749023, 1.6460905075073242, 0.0, 2.8806583881378174, 0.0, 0.0, 0.8230452537536621, 0.0, 0.0, 0.0, 4.526749134063721, 5.898490905761719, 23.456790924072266, 2.6063101291656494, 4.938271522521973, 0.2743484079837799, 6.447187900543213, 6.995884895324707, 1.0973936319351196, 14.95198917388916, 4.2524003982543945], "tonal.thpcp": [1.0, 0.4989408552646637, 0.2300553023815155, 0.2419043630361557, 0.22699564695358276, 0.27398958802223206, 0.4253785312175751, 0.48972806334495544, 0.6038842797279358, 0.5718582272529602, 0.29610615968704224, 0.18349024653434753, 0.1862766444683075, 0.23220182955265045, 0.4613885283470154, 0.5011874437332153, 0.27241137623786926, 0.18249331414699554, 0.22941724956035614, 0.30969706177711487, 0.34454163908958435, 0.38289326429367065, 0.3152564465999603, 0.24331852793693542, 0.20692628622055054, 0.1254085749387741, 0.16302070021629333, 0.32032620906829834, 0.38434529304504395, 0.39642956852912903, 0.3848082423210144, 0.2299008071422577, 0.18755894899368286, 0.2644321322441101, 0.27400365471839905, 0.7441747188568115], "lowlevel.gfcc.cov": [[9501.279296875, 59.95601272583008, -834.0006713867188, -434.0775146484375, -603.2324829101562, -264.8145751953125, -259.5545654296875, -42.70358657836914, -158.90464782714844, -279.5312805175781, 223.87364196777344, -154.43882751464844, 546.92626953125], [59.95601272583008, 2920.20947265625, 56.852325439453125, -647.42138671875, 728.9830932617188, -350.34271240234375, 412.6824035644531, -127.63770294189453, 110.93892669677734, -41.240875244140625, 205.79823303222656, -324.38140869140625, 32.74774169921875], [-834.0006713867188, 56.852325439453125, 1163.7352294921875, 440.64959716796875, -43.15797424316406, 252.68118286132812, 63.90306091308594, 88.71577453613281, 184.6267547607422, 125.11546325683594, -42.486446380615234, -37.54920196533203, -243.91407775878906], [-434.0775146484375, -647.42138671875, 440.64959716796875, 960.9354248046875, 55.345821380615234, 58.3545036315918, -59.242164611816406, 203.98411560058594, 177.5496063232422, 94.46183013916016, -62.27338790893555, 33.287681579589844, -109.2024154663086], [-603.2324829101562, 728.9830932617188, -43.15797424316406, 55.345821380615234, 607.1357421875, 8.60216999053955, 170.4229736328125, 41.63078689575195, 45.647037506103516, 70.62947845458984, 16.645496368408203, -87.19402313232422, -31.036727905273438], [-264.8145751953125, -350.34271240234375, 252.68118286132812, 58.3545036315918, 8.60216999053955, 652.6510620117188, 192.7598876953125, -35.985904693603516, 26.95705223083496, 116.22898864746094, -54.31381607055664, 10.184367179870605, -134.4431915283203], [-259.5545654296875, 412.6824035644531, 63.90306091308594, -59.242164611816406, 170.4229736328125, 192.7598876953125, 394.44512939453125, 10.053407669067383, 34.863677978515625, 86.18489074707031, 42.80649185180664, -30.333316802978516, -87.51451110839844], [-42.70358657836914, -127.63770294189453, 88.71577453613281, 203.98411560058594, 41.63078689575195, -35.985904693603516, 10.053407669067383, 284.9581298828125, 78.13607025146484, 50.567832946777344, -40.0047607421875, -1.7764757871627808, -4.49412202835083], [-158.90464782714844, 110.93892669677734, 184.6267547607422, 177.5496063232422, 45.647037506103516, 26.95705223083496, 34.863677978515625, 78.13607025146484, 292.5408935546875, 101.8479995727539, 18.074209213256836, -20.904897689819336, -43.856101989746094], [-279.5312805175781, -41.240875244140625, 125.11546325683594, 94.46183013916016, 70.62947845458984, 116.22898864746094, 86.18489074707031, 50.567832946777344, 101.8479995727539, 242.9130096435547, 21.451824188232422, 17.25833511352539, -52.27461624145508], [223.87364196777344, 205.79823303222656, -42.486446380615234, -62.27338790893555, 16.645496368408203, -54.31381607055664, 42.80649185180664, -40.0047607421875, 18.074209213256836, 21.451824188232422, 190.62742614746094, 20.78150177001953, 29.73268699645996], [-154.43882751464844, -324.38140869140625, -37.54920196533203, 33.287681579589844, -87.19402313232422, 10.184367179870605, -30.333316802978516, -1.7764757871627808, -20.904897689819336, 17.25833511352539, 20.78150177001953, 171.3047332763672, 65.59393310546875], [546.92626953125, 32.74774169921875, -243.91407775878906, -109.2024154663086, -31.036727905273438, -134.4431915283203, -87.51451110839844, -4.49412202835083, -43.856101989746094, -52.27461624145508, 29.73268699645996, 65.59393310546875, 244.3057403564453]], "lowlevel.gfcc.icov": [[0.00016055439482443035, -5.2890820370521396e-05, 0.00010619657405186445, -8.336362225236371e-05, 0.00027394521748647094, -0.0001238290424225852, 3.735257268999703e-05, -8.273117418866605e-05, 5.560816862271167e-05, 2.2960055503062904e-05, -0.00021418942196760327, 0.00041040126234292984, -0.0003742890839930624], [-5.2890820370521396e-05, 0.0020337780006229877, -0.0012170369736850262, 0.0015037552220746875, -0.0020450130105018616, 0.0015530044911429286, -0.0017183679156005383, 0.000798697758000344, -0.0009967810474336147, 0.0006873063393868506, -0.000768687401432544, 0.002188214333727956, -0.0012289929436519742], [0.00010619657405186445, -0.0012170369736850262, 0.0021336660720407963, -0.0013478411128744483, 0.0015752079198136926, -0.0012571098050102592, 0.001058792695403099, -0.0005631336243823171, 0.00019370067457202822, -0.0004945715772919357, 0.0002826616109814495, -0.000948448374401778, 0.0014796014875173569], [-8.336362225236371e-05, 0.0015037552220746875, -0.0013478411128744483, 0.0028038006275892258, -0.0019205479184165597, 0.0011259278981015086, -0.0006749152089469135, -0.00026814761804416776, -0.0012746260035783052, 0.0005396069609560072, -0.0003034110413864255, 0.0006834538071416318, -0.00023835786851122975], [0.00027394521748647094, -0.0020450130105018616, 0.0015752079198136926, -0.0019205479184165597, 0.004559214226901531, -0.0014590620994567871, 0.0007106037810444832, -0.0008849106379784644, 0.0010863643838092685, -0.0011869855225086212, 0.0004601886903401464, -0.0003251995367463678, 0.00036194390850141644], [-0.0001238290424225852, 0.0015530044911429286, -0.0012571098050102592, 0.0011259278981015086, -0.0014590620994567871, 0.0035560219548642635, -0.0023964138235896826, 0.0013028198154643178, -0.0006129463436082006, -0.00027489522472023964, 0.0005307475221343338, 0.000947844993788749, -0.0002336301258765161], [3.735257268999703e-05, -0.0017183679156005383, 0.001058792695403099, -0.0006749152089469135, 0.0007106037810444832, -0.0023964138235896826, 0.005501559004187584, -0.0013014927972108126, 0.0007565641426481307, -0.0009437184780836105, -0.0005124891176819801, -0.001963474787771702, 0.0021438843104988337], [-8.273117418866605e-05, 0.000798697758000344, -0.0005631336243823171, -0.00026814761804416776, -0.0008849106379784644, 0.0013028198154643178, -0.0013014927972108126, 0.005053263623267412, -0.0009962583426386118, -0.0004717479750979692, 0.0010351535165682435, 0.0008459769887849689, -0.0010055702878162265], [5.560816862271167e-05, -0.0009967810474336147, 0.00019370067457202822, -0.0012746260035783052, 0.0010863643838092685, -0.0006129463436082006, 0.0007565641426481307, -0.0009962583426386118, 0.005261676851660013, -0.0019042619969695807, -0.00033203684142790735, -6.789284088881686e-05, 0.0002818778739310801], [2.2960055503062904e-05, 0.0006873063393868506, -0.0004945715772919357, 0.0005396069609560072, -0.0011869855225086212, -0.00027489522472023964, -0.0009437184780836105, -0.0004717479750979692, -0.0019042619969695807, 0.0061778235249221325, -0.0010592639446258545, -0.00044774397974833846, 0.00018425691814627498], [-0.00021418942196760327, -0.000768687401432544, 0.0002826616109814495, -0.0003034110413864255, 0.0004601886903401464, 0.0005307475221343338, -0.0005124891176819801, 0.0010351535165682435, -0.00033203684142790735, -0.0010592639446258545, 0.007079249247908592, -0.0023502237163484097, 0.00039831805042922497], [0.00041040126234292984, 0.002188214333727956, -0.000948448374401778, 0.0006834538071416318, -0.0003251995367463678, 0.000947844993788749, -0.001963474787771702, 0.0008459769887849689, -6.789284088881686e-05, -0.00044774397974833846, -0.0023502237163484097, 0.011694911867380142, -0.005022950936108828], [-0.0003742890839930624, -0.0012289929436519742, 0.0014796014875173569, -0.00023835786851122975, 0.00036194390850141644, -0.0002336301258765161, 0.0021438843104988337, -0.0010055702878162265, 0.0002818778739310801, 0.00018425691814627498, 0.00039831805042922497, -0.005022950936108828, 0.008523635566234589]], "lowlevel.mfcc.cov": [[9793.1650390625, -266.93060302734375, -517.1824951171875, -447.34429931640625, -237.26963806152344, -590.8147583007812, -33.70759963989258, -311.7484436035156, 58.48377990722656, -399.69940185546875, -170.11659240722656, -191.8094940185547, -248.65798950195312], [-266.93060302734375, 3413.996826171875, -543.33837890625, -51.4525146484375, 29.575368881225586, 15.785591125488281, 356.6262512207031, -156.18492126464844, 52.62363052368164, 100.3151626586914, 165.31138610839844, 12.381397247314453, -26.53023338317871], [-517.1824951171875, -543.33837890625, 1341.1368408203125, 160.76707458496094, 58.33610534667969, 238.62020874023438, -113.16490936279297, 184.3872833251953, -8.705726623535156, 243.29974365234375, 89.27841186523438, 73.81346130371094, 130.7529754638672], [-447.34429931640625, -51.4525146484375, 160.76707458496094, 792.4737548828125, 253.8457489013672, -105.96418762207031, -35.912784576416016, 52.93413162231445, 118.33490753173828, 99.10216522216797, 40.53952407836914, 174.7193145751953, 50.52937316894531], [-237.26963806152344, 29.575368881225586, 58.33610534667969, 253.8457489013672, 394.0727233886719, 27.165449142456055, -11.832779884338379, 15.82735538482666, 96.49276733398438, 92.63499450683594, -21.070209503173828, 98.3441390991211, 0.695947527885437], [-590.8147583007812, 15.785591125488281, 238.62020874023438, -105.96418762207031, 27.165449142456055, 617.6246948242188, 149.1842041015625, 93.76593780517578, -1.0521736145019531, 206.245361328125, 150.26580810546875, -61.54789352416992, 162.08145141601562], [-33.70759963989258, 356.6262512207031, -113.16490936279297, -35.912784576416016, -11.832779884338379, 149.1842041015625, 364.1430358886719, 40.68279266357422, 13.208536148071289, 36.20829391479492, 77.86474609375, -4.910396099090576, -1.4858522415161133], [-311.7484436035156, -156.18492126464844, 184.3872833251953, 52.93413162231445, 15.82735538482666, 93.76593780517578, 40.68279266357422, 218.12860107421875, 46.57661056518555, 74.42469024658203, 36.32315444946289, 15.709156036376953, 48.45108413696289], [58.48377990722656, 52.62363052368164, -8.705726623535156, 118.33490753173828, 96.49276733398438, -1.0521736145019531, 13.208536148071289, 46.57661056518555, 245.26112365722656, 87.05941772460938, 18.643091201782227, 24.530292510986328, 23.793827056884766], [-399.69940185546875, 100.3151626586914, 243.29974365234375, 99.10216522216797, 92.63499450683594, 206.245361328125, 36.20829391479492, 74.42469024658203, 87.05941772460938, 347.8882751464844, 104.58484649658203, 40.3216552734375, 110.31777954101562], [-170.11659240722656, 165.31138610839844, 89.27841186523438, 40.53952407836914, -21.070209503173828, 150.26580810546875, 77.86474609375, 36.32315444946289, 18.643091201782227, 104.58484649658203, 192.4328155517578, 38.0933952331543, 69.01493072509766], [-191.8094940185547, 12.381397247314453, 73.81346130371094, 174.7193145751953, 98.3441390991211, -61.54789352416992, -4.910396099090576, 15.709156036376953, 24.530292510986328, 40.3216552734375, 38.0933952331543, 207.37652587890625, 20.59476661682129], [-248.65798950195312, -26.53023338317871, 130.7529754638672, 50.52937316894531, 0.695947527885437, 162.08145141601562, -1.4858522415161133, 48.45108413696289, 23.793827056884766, 110.31777954101562, 69.01493072509766, 20.59476661682129, 184.23031616210938]], "lowlevel.mfcc.icov": [[0.0001216747987200506, 2.487978599674534e-05, -1.3713458429265302e-05, 7.110032311175019e-05, -3.3125786558230175e-06, 0.00013596747885458171, -6.897025741636753e-05, 0.0001517134514870122, -0.00011682663898682222, 5.68576215300709e-05, -6.656519690295681e-05, 0.00010054768063127995, -7.2853476922318805e-06], [2.487978599674534e-05, 0.0003878884599544108, 0.00010958874190691859, 6.345507426885888e-05, -9.457930718781427e-05, 0.00018187842215411365, -0.0003555560833774507, 0.00032690202351659536, -3.553493297658861e-05, -0.00018238442135043442, -0.00035258886055089533, 7.917595939943567e-05, -1.720339605526533e-05], [-1.3713458429265302e-05, 0.00010958874190691859, 0.0011136214016005397, -0.00015484369941987097, 9.003055311040953e-05, -0.000325908389640972, 0.000493593339342624, -0.0006701479433104396, 0.0003929204831365496, -0.0005840907106176019, -9.242590749636292e-05, -0.0002861552929971367, 8.160829747794196e-05], [7.110032311175019e-05, 6.345507426885888e-05, -0.00015484369941987097, 0.0020911141764372587, -0.0011380090145394206, 0.000882839725818485, -0.00013618772209156305, -9.819589467952028e-05, -0.000382439699023962, -8.675692697579507e-06, -0.0006791622727178037, -0.0005945561570115387, -0.000730737519916147], [-3.3125786558230175e-06, -9.457930718781427e-05, 9.003055311040953e-05, -0.0011380090145394206, 0.004310843534767628, -0.0012889702338725328, 0.0003212986048310995, 0.0002914218930527568, -0.0010421895422041416, -0.0007334183319471776, 0.0019411767134442925, -0.0017332254210487008, 0.001314148074015975], [0.00013596747885458171, 0.00018187842215411365, -0.000325908389640972, 0.000882839725818485, -0.0012889702338725328, 0.0039670164696872234, -0.001353832078166306, -0.00011930861364817247, 0.0005797809571959078, -0.0008138582343235612, -0.001887051505036652, 0.0019235508516430855, -0.0023615409154444933], [-6.897025741636753e-05, -0.0003555560833774507, 0.000493593339342624, -0.00013618772209156305, 0.0003212986048310995, -0.001353832078166306, 0.0040619028732180595, -0.0011047181906178594, -2.8563965315697715e-05, 0.00011325641389703378, -0.0007337872521020472, -0.0004929412389174104, 0.0013217536034062505], [0.0001517134514870122, 0.00032690202351659536, -0.0006701479433104396, -9.819589467952028e-05, 0.0002914218930527568, -0.00011930861364817247, -0.0011047181906178594, 0.0063068438321352005, -0.001217573182657361, -0.00018337712390348315, -2.5045766960829496e-05, 1.766065793162852e-06, -0.0005330510903149843], [-0.00011682663898682222, -3.553493297658861e-05, 0.0003929204831365496, -0.000382439699023962, -0.0010421895422041416, 0.0005797809571959078, -2.8563965315697715e-05, -0.001217573182657361, 0.005424813833087683, -0.0013012527488172054, -0.0002815050247590989, 0.0005369385471567512, -0.0003989337128587067], [5.68576215300709e-05, -0.00018238442135043442, -0.0005840907106176019, -8.675692697579507e-06, -0.0007334183319471776, -0.0008138582343235612, 0.00011325641389703378, -0.00018337712390348315, -0.0013012527488172054, 0.005206899251788855, -0.0012102958280593157, -0.00011062876728828996, -0.0012487669009715319], [-6.656519690295681e-05, -0.00035258886055089533, -9.242590749636292e-05, -0.0006791622727178037, 0.0019411767134442925, -0.001887051505036652, -0.0007337872521020472, -2.5045766960829496e-05, -0.0002815050247590989, -0.0012102958280593157, 0.008951366879045963, -0.002249989891424775, -0.0005759099149145186], [0.00010054768063127995, 7.917595939943567e-05, -0.0002861552929971367, -0.0005945561570115387, -0.0017332254210487008, 0.0019235508516430855, -0.0004929412389174104, 1.766065793162852e-06, 0.0005369385471567512, -0.00011062876728828996, -0.002249989891424775, 0.007380962837487459, -0.001162244938313961], [-7.2853476922318805e-06, -1.720339605526533e-05, 8.160829747794196e-05, -0.000730737519916147, 0.001314148074015975, -0.0023615409154444933, 0.00