{"song_id": "1182271966774837288", "download": "https://cdn.discordapp.com/attachments/1128313332273782784/1182271966774837288/chirp.mp4?ex=65841792&amp", "lyrics": "-", "style": ["Rap"], "essentia_features": {"lowlevel.average_loudness": 0.9606031179428101, "lowlevel.barkbands_crest.mean": 13.644309043884277, "lowlevel.barkbands_crest.stdev": 6.27510404586792, "lowlevel.barkbands_flatness_db.mean": 0.13862013816833496, "lowlevel.barkbands_flatness_db.stdev": 0.07567477226257324, "lowlevel.barkbands_kurtosis.mean": 14.961687088012695, "lowlevel.barkbands_kurtosis.stdev": 41.63125228881836, "lowlevel.barkbands_skewness.mean": 2.4072892665863037, "lowlevel.barkbands_skewness.stdev": 2.809980630874634, "lowlevel.barkbands_spread.mean": 31.30442237854004, "lowlevel.barkbands_spread.stdev": 22.035959243774414, "lowlevel.dissonance.mean": 0.47825929522514343, "lowlevel.dissonance.stdev": 0.020142408087849617, "lowlevel.dynamic_complexity": 2.6833181381225586, "lowlevel.erbbands_crest.mean": 9.687728881835938, "lowlevel.erbbands_crest.stdev": 6.050808906555176, "lowlevel.erbbands_flatness_db.mean": 0.12190216779708862, "lowlevel.erbbands_flatness_db.stdev": 0.048072416335344315, "lowlevel.erbbands_kurtosis.mean": 0.19822439551353455, "lowlevel.erbbands_kurtosis.stdev": 1.8586132526397705, "lowlevel.erbbands_skewness.mean": 0.04140796512365341, "lowlevel.erbbands_skewness.stdev": 0.6925160884857178, "lowlevel.erbbands_spread.mean": 54.142574310302734, "lowlevel.erbbands_spread.stdev": 27.034196853637695, "lowlevel.hfc.mean": 23.642574310302734, "lowlevel.hfc.stdev": 26.914012908935547, "lowlevel.loudness_ebu128.integrated": -15.146533012390137, "lowlevel.loudness_ebu128.loudness_range": 1.0222148895263672, "lowlevel.loudness_ebu128.momentary.mean": -16.00653839111328, "lowlevel.loudness_ebu128.momentary.stdev": 5.137535572052002, "lowlevel.loudness_ebu128.short_term.mean": -15.147523880004883, "lowlevel.loudness_ebu128.short_term.stdev": 0.33358585834503174, "lowlevel.melbands_crest.mean": 22.47381019592285, "lowlevel.melbands_crest.stdev": 9.654296875, "lowlevel.melbands_flatness_db.mean": 0.20041052997112274, "lowlevel.melbands_flatness_db.stdev": 0.10667531192302704, "lowlevel.melbands_kurtosis.mean": 66.7762680053711, "lowlevel.melbands_kurtosis.stdev": 180.9040985107422, "lowlevel.melbands_skewness.mean": 5.086140155792236, "lowlevel.melbands_skewness.stdev": 5.094555854797363, "lowlevel.melbands_spread.mean": 33.19557189941406, "lowlevel.melbands_spread.stdev": 36.13591766357422, "lowlevel.pitch_salience.mean": 0.4244386851787567, "lowlevel.pitch_salience.stdev": 0.19988609850406647, "lowlevel.silence_rate_20dB.mean": 1.0, "lowlevel.silence_rate_20dB.stdev": 0.0, "lowlevel.silence_rate_30dB.mean": 0.9588045477867126, "lowlevel.silence_rate_30dB.stdev": 0.19874301552772522, "lowlevel.silence_rate_60dB.mean": 0.09369951486587524, "lowlevel.silence_rate_60dB.stdev": 0.29141196608543396, "lowlevel.spectral_centroid.mean": 2170.028076171875, "lowlevel.spectral_centroid.stdev": 877.1917724609375, "lowlevel.spectral_complexity.mean": 11.42891788482666, "lowlevel.spectral_complexity.stdev": 9.939779281616211, "lowlevel.spectral_decrease.mean": -7.891850728469763e-09, "lowlevel.spectral_decrease.stdev": 9.3858627536747e-09, "lowlevel.spectral_energy.mean": 0.0319301038980484, "lowlevel.spectral_energy.stdev": 0.03606553375720978, "lowlevel.spectral_energyband_high.mean": 0.0019415502902120352, "lowlevel.spectral_energyband_high.stdev": 0.002637792844325304, "lowlevel.spectral_energyband_low.mean": 0.022106461226940155, "lowlevel.spectral_energyband_low.stdev": 0.03131655231118202, "lowlevel.spectral_energyband_middle_high.mean": 0.002614723751321435, "lowlevel.spectral_energyband_middle_high.stdev": 0.002395827556028962, "lowlevel.spectral_energyband_middle_low.mean": 0.006530486047267914, "lowlevel.spectral_energyband_middle_low.stdev": 0.018543368205428123, "lowlevel.spectral_entropy.mean": 8.077807426452637, "lowlevel.spectral_entropy.stdev": 0.35918352007865906, "lowlevel.spectral_flux.mean": 0.10564803332090378, "lowlevel.spectral_flux.stdev": 0.08108077943325043, "lowlevel.spectral_kurtosis.mean": 2.039555072784424, "lowlevel.spectral_kurtosis.stdev": 2.0685365200042725, "lowlevel.spectral_rms.mean": 0.004760144278407097, "lowlevel.spectral_rms.stdev": 0.002914170501753688, "lowlevel.spectral_rolloff.mean": 3030.63623046875, "lowlevel.spectral_rolloff.stdev": 3778.796142578125, "lowlevel.spectral_skewness.mean": 1.120612621307373, "lowlevel.spectral_skewness.stdev": 0.3177691102027893, "lowlevel.spectral_spread.mean": 6629547.0, "lowlevel.spectral_spread.stdev": 1636761.625, "lowlevel.spectral_strongpeak.mean": 0.6262887716293335, "lowlevel.spectral_strongpeak.stdev": 0.8497676849365234, "lowlevel.zerocrossingrate.mean": 0.105213962495327, "lowlevel.zerocrossingrate.stdev": 0.08548131585121155, "metadata.audio_properties.analysis.equal_loudness": 0.0, "metadata.audio_properties.analysis.length": 28.714649200439453, "metadata.audio_properties.analysis.sample_rate": 44100.0, "metadata.audio_properties.analysis.start_time": 0.0, "metadata.audio_properties.bit_rate": 127252.0, "metadata.audio_properties.length": 28.71466636657715, "metadata.audio_properties.lossless": 0.0, "metadata.audio_properties.number_channels": 1.0, "metadata.audio_properties.replay_gain": -12.399543762207031, "metadata.audio_properties.sample_rate": 48000.0, "rhythm.beats_count": 56.0, "rhythm.beats_loudness.mean": 0.06882061809301376, "rhythm.beats_loudness.stdev": 0.023306293413043022, "rhythm.bpm": 119.94477844238281, "rhythm.bpm_histogram_first_peak_bpm": 120.0, "rhythm.bpm_histogram_first_peak_weight": 0.35849058628082275, "rhythm.bpm_histogram_second_peak_bpm": 108.0, "rhythm.bpm_histogram_second_peak_spread": 0.5, "rhythm.bpm_histogram_second_peak_weight": 0.0181818176060915, "rhythm.danceability": 1.6485093832015991, "rhythm.onset_rate": 5.881392002105713, "tonal.chords_changes_rate": 0.08225806802511215, "tonal.chords_number_rate": 0.006451612804085016, "tonal.chords_strength.mean": 0.4923243224620819, "tonal.chords_strength.stdev": 0.042829420417547226, "tonal.hpcp_crest.mean": 13.996777534484863, "tonal.hpcp_crest.stdev": 6.34589147567749, "tonal.hpcp_entropy.mean": 1.8741605281829834, "tonal.hpcp_entropy.stdev": 0.7659111022949219, "tonal.key_edma.strength": 0.5960578322410583, "tonal.key_krumhansl.strength": 0.5990208983421326, "tonal.key_temperley.strength": 0.6046669483184814, "tonal.tuning_diatonic_strength": 0.5851091146469116, "tonal.tuning_equal_tempered_deviation": 0.19992247223854065, "tonal.tuning_frequency": 434.193115234375, "tonal.tuning_nontempered_energy_ratio": 0.9239910244941711, "lowlevel.barkbands.mean": [0.001852448214776814, 0.014597240835428238, 0.004435306414961815, 0.002929908921942115, 0.0014360868372023106, 0.0012024781899526715, 0.0003108144737780094, 0.00035624639713205397, 0.00020602224685717374, 0.00015340547543019056, 0.0002902605920098722, 0.00012964976485818624, 0.0008060007239691913, 0.00040109091787599027, 0.0001053524247254245, 0.00020797095203306526, 0.00013455656880978495, 0.0001246006431756541, 0.0002000772365136072, 0.0002747569524217397, 0.0002642181352712214, 0.00031232519540935755, 0.0002656352298799902, 0.0002998754207510501, 0.00036877344246022403, 0.0002446280268486589, 2.042093183263205e-05], "lowlevel.barkbands.stdev": [0.002904083114117384, 0.021423306316137314, 0.015107902698218822, 0.009624205529689789, 0.005206649657338858, 0.005209123715758324, 0.0010641742264851928, 0.0005656451103277504, 0.0004413600545376539, 0.00025808237842284143, 0.0005406781565397978, 0.00019211856124456972, 0.0014489343157038093, 0.0008888804586604238, 0.00019584133406169713, 0.0002684407227206975, 0.00024911065702326596, 0.0001790424284990877, 0.00034237621002830565, 0.00032892602030187845, 0.0003274108748883009, 0.0003903816977981478, 0.0003658206551335752, 0.0004720100841950625, 0.0007255663513205945, 0.00046524323988705873, 4.031389835290611e-05], "lowlevel.erbbands.mean": [0.589391827583313, 2.5640242099761963, 5.089742660522461, 7.780075550079346, 8.09280776977539, 3.4946529865264893, 8.884332656860352, 8.236202239990234, 4.743137359619141, 6.915211200714111, 6.266386985778809, 4.847569465637207, 5.852119445800781, 4.224626541137695, 13.443573951721191, 6.794475555419922, 37.20552444458008, 30.101505279541016, 7.602312088012695, 8.192471504211426, 10.146235466003418, 7.177476406097412, 6.219705581665039, 9.251070022583008, 10.671199798583984, 12.842652320861816, 11.129145622253418, 10.352436065673828, 11.16894245147705, 10.128365516662598, 7.172024250030518, 5.69622278213501, 5.607606410980225, 4.660950183868408, 2.029116153717041, 0.9174078702926636, 0.4626557528972626, 0.10886763781309128, 0.0022879301104694605, 0.0001026551253744401], "lowlevel.erbbands.stdev": [0.7569761276245117, 4.804747104644775, 13.854089736938477, 25.442663192749023, 28.90869140625, 13.230758666992188, 42.803932189941406, 34.22634506225586, 15.518662452697754, 15.171908378601074, 11.701476097106934, 9.910613059997559, 10.250617027282715, 7.105608940124512, 25.113651275634766, 8.249517440795898, 66.36181640625, 51.40660095214844, 11.979735374450684, 10.706740379333496, 13.267033576965332, 12.438278198242188, 9.154596328735352, 15.281309127807617, 15.406950950622559, 15.59390926361084, 12.881621360778809, 13.287496566772461, 13.817001342773438, 13.601292610168457, 9.986878395080566, 8.698790550231934, 9.304978370666504, 8.810365676879883, 4.21657657623291, 2.0243003368377686, 0.8291664123535156, 0.19354553520679474, 0.003941386006772518, 0.0001234973460668698], "lowlevel.gfcc.mean": [-22.483840942382812, 19.73564910888672, -98.74970245361328, 34.69910430908203, -49.931827545166016, 31.47006607055664, -26.895740509033203, 14.027582168579102, -19.380041122436523, 18.624969482421875, -12.228180885314941, 5.916630268096924, -15.342817306518555], "lowlevel.melbands.mean": [0.0045644319616258144, 0.0028703429270535707, 0.0014163654996082187, 0.0003629523271229118, 0.0002739304327405989, 0.00019441793847363442, 6.918006693013012e-05, 7.776675920467824e-05, 4.803868796443567e-05, 2.9763721613562666e-05, 2.8270515031181276e-05, 1.4447952707996592e-05, 3.92098372685723e-05, 2.3901306121842936e-05, 2.0993051293771714e-05, 0.00010528574057389051, 4.954500400344841e-05, 1.0710862625273876e-05, 7.967212695803028e-06, 1.5862769942032173e-05, 1.0943855158984661e-05, 7.840401849534828e-06, 5.778504146292107e-06, 5.562357728194911e-06, 7.549404472229071e-06, 7.997904504009057e-06, 7.5368138823250774e-06, 9.080798008653801e-06, 6.937198577361414e-06, 7.151602858357364e-06, 5.358073849492939e-06, 6.692339411529247e-06, 5.67576898902189e-06, 5.40131441084668e-06, 4.158436240686569e-06, 3.5837251743942033e-06, 3.5284663226775592e-06, 3.803628942478099e-06, 4.694953076977981e-06, 3.678548182506347e-06], "lowlevel.melbands.stdev": [0.006053936202079058, 0.006234986707568169, 0.004296078346669674, 0.0012658274499699473, 0.0012932044919580221, 0.0008034880156628788, 0.00023111839254852384, 0.00015470318612642586, 9.374896762892604e-05, 6.116285658208653e-05, 5.0311275117564946e-05, 2.6464958864380606e-05, 7.270499190781265e-05, 3.5390330594964325e-05, 3.0293029340100475e-05, 0.00018978996376972646, 0.0001100028894143179, 1.950044315890409e-05, 1.509929006715538e-05, 2.3291946490644477e-05, 1.7955166185856797e-05, 1.4555432244378608e-05, 9.563135790813249e-06, 8.521568815922365e-06, 1.3092968401906546e-05, 1.4193912647897378e-05, 1.1080645890615415e-05, 1.1471666766738053e-05, 8.373088348889723e-06, 9.299159501097165e-06, 7.1859994932310656e-06, 8.296227861137595e-06, 8.031748620851431e-06, 7.444861239491729e-06, 5.8432447076484095e-06, 5.483766017277958e-06, 5.625038284051698e-06, 6.423752438422525e-06, 8.510431143804453e-06, 7.269425623235293e-06], "lowlevel.melbands128.mean": [0.001691893208771944, 0.005420825444161892, 0.00523985642939806, 0.003979573026299477, 0.002785033779218793, 0.002124267630279064, 0.0015423479489982128, 0.0015128962695598602, 0.000796875508967787, 0.00018690586148295552, 0.00015499592700507492, 0.00020147557370364666, 0.0003321165859233588, 0.00034576040343381464, 0.0001939669600687921, 0.00011783860099967569, 8.552227518521249e-05, 5.326962491380982e-05, 5.77916725887917e-05, 8.447901927866042e-05, 9.043378668138757e-05, 4.7858098696451634e-05, 5.112247890792787e-05, 3.435196776990779e-05, 2.9796485250699334e-05, 2.590226176835131e-05, 3.177074540872127e-05, 3.810857015196234e-05, 1.4700415704282932e-05, 1.229438294103602e-05, 1.5467798220925033e-05, 1.622903255338315e-05, 3.2003055821405724e-05, 7.999336958164349e-05, 1.6709474948584102e-05, 1.5819177860976197e-05, 1.3626081454276573e-05, 9.56820986175444e-06, 1.1714500033122022e-05, 0.0001317000132985413, 0.00014486069267150015, 2.8404459953890182e-05, 7.252706564031541e-05, 4.54737019026652e-05, 8.367993359570391e-06, 7.630660547874868e-06, 9.172365025733598e-06, 8.270802936749533e-06, 7.27161977920332e-06, 7.804384949849918e-06, 2.5352806915179826e-05, 1.3442985618894454e-05, 7.949329301482067e-06, 1.3520730135496706e-05, 9.02661577129038e-06, 7.279323199327337e-06, 6.4266432673321106e-06, 5.357931968319463e-06, 6.309113814495504e-06, 5.300648808770347e-06, 4.226852524880087e-06, 6.179384854476666e-06, 9.34254603635054e-06, 6.937368652870646e-06, 6.71389170747716e-06, 9.510313248028979e-06, 7.319839824049268e-06, 6.840227342763683e-06, 8.4065231931163e-06, 7.657376045244746e-06, 6.934154043847229e-06, 1.3409674465947319e-05, 7.061269570840523e-06, 5.58745796297444e-06, 6.1150817600719165e-06, 7.097018169588409e-06, 8.850647645886056e-06, 5.09150413563475e-06, 5.067272923042765e-06, 4.32849265052937e-06, 8.131343747663777e-06, 7.193868896138156e-06, 4.6578188630519435e-06, 5.404478997661499e-06, 6.647417194471927e-06, 6.179822321428219e-06, 4.59613011116744e-06, 4.597203314915532e-06, 4.137317773711402e-06, 3.899365765391849e-06, 3.877423750964226e-06, 3.470452156761894e-06, 3.0408036764129065e-06, 2.8837682748417137e-06, 4.52811764262151e-06, 4.492453172133537e-06, 3.261839992774185e-06, 3.081881004618481e-06, 5.034552941651782e-06, 6.144428425614024e-06, 3.035569307030528e-06, 3.72504200640833e-06, 3.3686967526591616e-06, 3.310532065370353e-06, 1.6609893691565958e-06, 1.6487755374328117e-06, 2.151326270904974e-06, 1.7978409232455306e-06, 1.758812118168862e-06, 9.671679208622663e-07, 1.4035410913493251e-06, 1.3357043826545123e-06, 1.605940724402899e-06, 1.6521256611667923e-06, 1.4481291827905807e-06, 1.4066947642277228e-06, 8.353260341209534e-07, 6.062366253445362e-08, 5.027336880125688e-10, 1.230419377495906e-10, 8.905429171868207e-11, 2.366678901466468e-11, 6.221353293645038e-12, 5.919892614308919e-12, 5.077142265635937e-12, 3.788448287717072e-12, 3.1066336569213204e-12, 2.991207108393734e-12], "lowlevel.melbands128.stdev": [0.0026316873263567686, 0.007082607131451368, 0.008305955678224564, 0.008601379580795765, 0.006922715809196234, 0.007897088304162025, 0.005732902325689793, 0.005382344126701355, 0.003022779943421483, 0.0006813447107560933, 0.0006287377327680588, 0.0009759219828993082, 0.0016750883078202605, 0.0016534646274521947, 0.0008809210848994553, 0.0004053155716974288, 0.0002689222164917737, 0.00022600233205594122, 0.00024055044923443347, 0.00019012113625649363, 0.00015107008221093565, 0.00010668193863239139, 0.00011551463830983266, 9.665718243923038e-05, 7.369643572019413e-05, 6.183673394843936e-05, 6.205524550750852e-05, 7.742296293145046e-05, 3.148520409013145e-05, 2.529230732761789e-05, 3.305318023194559e-05, 3.965902214986272e-05, 6.347769522108138e-05, 0.00016896963643375784, 2.8586766347871162e-05, 2.8519740226329304e-05, 2.307242903043516e-05, 2.0544866856653243e-05, 2.9259934308356605e-05, 0.00027040785062126815, 0.00028111867140978575, 7.754436956020072e-05, 0.0001989362936001271, 0.00010896364983636886, 2.0761674022651277e-05, 1.6794951079646125e-05, 2.1022158762207255e-05, 1.9485405573504977e-05, 1.4923019989510067e-05, 1.2928063370054588e-05, 4.689679917646572e-05, 2.1964553525322117e-05, 1.5480905858566985e-05, 3.562040365068242e-05, 2.2009269741829485e-05, 1.5730947779957205e-05, 1.3945546925242525e-05, 1.1156585060234647e-05, 1.0966264198941644e-05, 8.63417790242238e-06, 8.766587598074693e-06, 1.1472277947177645e-05, 1.643628638703376e-05, 1.3770708392257802e-05, 2.3262544345925562e-05, 1.822752892621793e-05, 1.1470247045508586e-05, 1.1590122085181065e-05, 1.4135333003650885e-05, 1.4764174920856021e-05, 1.0436423508508597e-05, 2.1450607164297253e-05, 1.0732470400398597e-05, 8.78395621839445e-06, 9.05789238458965e-06, 9.904258149617817e-06, 1.4187319720804226e-05, 9.049927029991522e-06, 7.64102424000157e-06, 6.16722900304012e-06, 1.1130720849905629e-05, 1.0334008948120754e-05, 7.655251465621404e-06, 9.027194209920708e-06, 9.78296793618938e-06, 9.341562872577924e-06, 7.183527486631647e-06, 7.136447948141722e-06, 6.030446911609033e-06, 6.207630576682277e-06, 6.633828888880089e-06, 5.844445695402101e-06, 5.280218374537071e-06, 5.297875304677291e-06, 8.5610872702091e-06, 8.026429895835463e-06, 6.394123829522869e-06, 5.953908839728683e-06, 9.107424375542905e-06, 1.2769934073730838e-05, 6.494700755865779e-06, 7.907490726211108e-06, 7.2726707003312185e-06, 8.761792742006946e-06, 3.6853737128694775e-06, 4.011443706986029e-06, 5.448511728900485e-06, 4.227574208925944e-06, 4.68984308099607e-06, 2.3831892121961573e-06, 3.6092069422011264e-06, 2.9585976335511077e-06, 2.8574354473676067e-06, 2.84357111013378e-06, 2.6575307856546715e-06, 2.8311389996815706e-06, 1.5845020016058697e-06, 1.3543115073844092e-07, 7.969950033270834e-09, 2.3532886750388116e-09, 2.131345988587441e-09, 5.030891814250538e-10, 7.676029256664663e-11, 7.240668481456325e-11, 5.2805849970471996e-11, 2.0797282299089836e-11, 6.182646408725567e-12, 5.5398021239772e-12], "lowlevel.mfcc.mean": [-672.61328125, 59.24665069580078, 13.962376594543457, 15.833948135375977, 6.346142292022705, 17.388141632080078, 10.23289680480957, 3.8483386039733887, 4.874295234680176, 8.57820987701416, 9.063028335571289, 7.459834575653076, 5.390562534332275], "lowlevel.spectral_contrast_coeffs.mean": [-0.7295936346054077, -0.8075254559516907, -0.8064358830451965, -0.7955615520477295, -0.8073907494544983, -0.7588128447532654], "lowlevel.spectral_contrast_coeffs.stdev": [0.10644395649433136, 0.061547696590423584, 0.0555405355989933, 0.07429651916027069, 0.041359253227710724, 0.04252352938055992], "lowlevel.spectral_contrast_valleys.mean": [-7.676868438720703, -7.549373149871826, -7.958480358123779, -7.966156959533691, -7.685903549194336, -9.792532920837402], "lowlevel.spectral_contrast_valleys.stdev": [1.506446361541748, 1.1373744010925293, 1.0237702131271362, 0.9773143529891968, 1.1211363077163696, 1.322176218032837], "rhythm.beats_loudness_band_ratio.mean": [0.8263154029846191, 0.08726043254137039, 0.03127844259142876, 0.014146137051284313, 0.02201009728014469, 0.05334174633026123], "rhythm.beats_loudness_band_ratio.stdev": [0.14282919466495514, 0.08663969486951828, 0.02886781468987465, 0.01050480455160141, 0.016982045024633408, 0.04023588448762894], "tonal.hpcp.mean": [0.05370559170842171, 0.048101454973220825, 0.04028943181037903, 0.04283507168292999, 0.04111070930957794, 0.04274787753820419, 0.05695681273937225, 0.06260870397090912, 0.0621967688202858, 0.16376300156116486, 0.20141269266605377, 0.1002526804804802, 0.04833405837416649, 0.03436177223920822, 0.03494584187865257, 0.05652402341365814, 0.07680714875459671, 0.07201343029737473, 0.12450230866670609, 0.13801097869873047, 0.06112378090620041, 0.048428017646074295, 0.06325999647378922, 0.12105292081832886, 0.3119746148586273, 0.31581297516822815, 0.1350153684616089, 0.07347886264324188, 0.08322519809007645, 0.12288807332515717, 0.2117552012205124, 0.2178976982831955, 0.1073291003704071, 0.06359219551086426, 0.05732591077685356, 0.046900440007448196], "tonal.hpcp.stdev": [0.16245418787002563, 0.15439243614673615, 0.14589494466781616, 0.1338111013174057, 0.12233233451843262, 0.13714738190174103, 0.16340678930282593, 0.1762915849685669, 0.16478478908538818, 0.2553349435329437, 0.3161890506744385, 0.19801901280879974, 0.15398114919662476, 0.11609062552452087, 0.11636485904455185, 0.13946253061294556, 0.19297729432582855, 0.18913523852825165, 0.23398610949516296, 0.2627178728580475, 0.1376815289258957, 0.15009254217147827, 0.17750869691371918, 0.22072534263134003, 0.3901931941509247, 0.3803223669528961, 0.25521835684776306, 0.1890156865119934, 0.21338507533073425, 0.25400251150131226, 0.3050536513328552, 0.33096858859062195, 0.20946508646011353, 0.17703662812709808, 0.17708507180213928, 0.1334964483976364], "rhythm.beats_position": [0.5108389854431152, 1.0216779708862305, 1.5325169563293457, 2.0201361179351807, 2.530975103378296, 3.0185940265655518, 3.529433012008667, 4.028662204742432, 4.527891159057617, 5.015510082244873, 5.526349067687988, 6.025578022003174, 6.524806976318359, 7.024035930633545, 7.523265361785889, 8.022494316101074, 8.521722793579102, 9.020952224731445, 9.520181655883789, 10.019410133361816, 10.51863956451416, 11.017868041992188, 11.517097473144531, 12.027935981750488, 12.527165412902832, 13.02639389038086, 13.525623321533203, 14.024852752685547, 14.535691261291504, 15.023310661315918, 15.534149169921875, 16.02176856994629, 16.520998001098633, 17.020225524902344, 17.531064987182617, 18.01868438720703, 18.529523849487305, 19.02875328063965, 19.52798080444336, 20.015600204467773, 20.526439666748047, 21.02566909790039, 21.5248966217041, 22.024126052856445, 22.52335548400879, 23.022584915161133, 23.521814346313477, 24.021041870117188, 24.52027130126953, 25.019500732421875, 25.51873016357422, 26.017959594726562, 26.517187118530273, 27.028026580810547, 27.56208610534668, 28.11936378479004], "rhythm.bpm_histogram": [0.0, 0.0, 0.0, 0.0, 0.0, 0.0, 0.0, 0.0, 0.0, 0.0, 0.0, 0.0, 0.0, 0.0, 0.0, 0.0, 0.0, 0.0, 0.0, 0.0, 0.0, 0.0, 0.0, 0.0, 0.0, 0.0, 0.0, 0.0, 0.0, 0.0, 0.0, 0.0, 0.0, 0.0, 0.0, 0.0, 0.0, 0.0, 0.0, 0.0, 0.0, 0.0, 0.0, 0.0, 0.0, 0.0, 0.0, 0.0, 0.0, 0.0, 0.0, 0.0, 0.0, 0.0, 0.0, 0.0, 0.0, 0.0, 0.0, 0.0, 0.0, 0.0, 0.0, 0.0, 0.0, 0.0, 0.0, 0.0, 0.0, 0.0, 0.0, 0.0, 0.0, 0.0, 0.0, 0.0, 0.0, 0.0, 0.0, 0.0, 0.0, 0.0, 0.0, 0.0, 0.0, 0.0, 0.0, 0.0, 0.0, 0.0, 0.0, 0.0, 0.0, 0.0, 0.0, 0.0, 0.0, 0.0, 0.0, 0.0, 0.0, 0.0, 0.0, 0.0, 0.0, 0.0, 0.0, 0.0, 0.0181818176060915, 0.0, 0.0, 0.0, 0.0181818176060915, 0.0, 0.0, 0.0, 0.0, 0.2181818187236786, 0.0, 0.0, 0.6181818246841431, 0.0, 0.0, 0.12727272510528564, 0.0, 0.0, 0.0, 0.0, 0.0, 0.0, 0.0, 0.0, 0.0, 0.0, 0.0, 0.0, 0.0, 0.0, 0.0, 0.0, 0.0, 0.0, 0.0, 0.0, 0.0, 0.0, 0.0, 0.0, 0.0, 0.0, 0.0, 0.0, 0.0, 0.0, 0.0, 0.0, 0.0, 0.0, 0.0, 0.0, 0.0, 0.0, 0.0, 0.0, 0.0, 0.0, 0.0, 0.0, 0.0, 0.0, 0.0, 0.0, 0.0, 0.0, 0.0, 0.0, 0.0, 0.0, 0.0, 0.0, 0.0, 0.0, 0.0, 0.0, 0.0, 0.0, 0.0, 0.0, 0.0, 0.0, 0.0, 0.0, 0.0, 0.0, 0.0, 0.0, 0.0, 0.0, 0.0, 0.0, 0.0, 0.0, 0.0, 0.0, 0.0, 0.0, 0.0, 0.0, 0.0, 0.0, 0.0, 0.0, 0.0, 0.0, 0.0, 0.0, 0.0, 0.0, 0.0, 0.0, 0.0, 0.0, 0.0, 0.0, 0.0, 0.0, 0.0, 0.0, 0.0, 0.0, 0.0, 0.0, 0.0, 0.0, 0.0, 0.0, 0.0, 0.0, 0.0, 0.0, 0.0, 0.0, 0.0, 0.0, 0.0, 0.0, 0.0, 0.0, 0.0, 0.0], "tonal.chords_histogram": [2.2580645084381104, 0.0, 12.741935729980469, 0.0, 0.0, 0.0, 0.0, 0.0, 0.0, 0.0, 0.0, 0.0, 0.0, 0.0, 0.0, 0.0, 0.0, 37.25806427001953, 0.0, 47.74193572998047, 0.0, 0.0, 0.0, 0.0], "tonal.thpcp": [1.0, 0.4275168478488922, 0.2326657474040985, 0.2635268568992615, 0.3891166150569916, 0.6705082654953003, 0.6899580359458923, 0.33985018730163574, 0.2013603001832962, 0.1815185397863388, 0.1485070139169693, 0.17005504667758942, 0.15230993926525116, 0.12757371366024017, 0.13563430309295654, 0.13017421960830688, 0.13535819947719574, 0.18034981191158295, 0.19824613630771637, 0.1969417780637741, 0.5185442566871643, 0.6377593874931335, 0.31744319200515747, 0.15304645895957947, 0.10880418121814728, 0.1106535941362381, 0.17897942662239075, 0.2432045340538025, 0.22802555561065674, 0.3942279815673828, 0.4370022416114807, 0.19354423880577087, 0.15334397554397583, 0.2003084123134613, 0.38330572843551636, 0.9878460764884949], "lowlevel.gfcc.cov": [[13654.646484375, -350.9869079589844, 1292.060302734375, 936.5042724609375, -505.03277587890625, -114.77934265136719, -339.675048828125, -341.43414306640625, -462.71771240234375, 303.1168518066406, -281.9733581542969, 38.054752349853516, -238.71859741210938], [-350.9869079589844, 1955.1470947265625, 390.6977233886719, 532.9490966796875, 496.8795471191406, 163.16058349609375, 368.6993103027344, 142.7884063720703, 165.93997192382812, -239.41053771972656, 9.348526000976562, -92.94532775878906, 20.585134506225586], [1292.060302734375, 390.6977233886719, 906.7808227539062, 507.2944030761719, 173.83975219726562, 189.35122680664062, 142.6583251953125, 113.96385192871094, 28.034751892089844, 38.997562408447266, 18.73569107055664, 54.72072219848633, -10.189838409423828], [936.5042724609375, 532.9490966796875, 507.2944030761719, 699.330810546875, 462.8857727050781, 294.1110534667969, 267.2253723144531, 125.44175720214844, 129.694580078125, 27.875293731689453, 16.554088592529297, -86.61531066894531, -21.286088943481445], [-505.03277587890625, 496.8795471191406, 173.83975219726562, 462.8857727050781, 648.970703125, 410.4894104003906, 359.7082214355469, 169.53298950195312, 211.2127685546875, 45.302467346191406, 59.46444320678711, -106.9342041015625, 3.6974101066589355], [-114.77934265136719, 163.16058349609375, 189.35122680664062, 294.1110534667969, 410.4894104003906, 459.0994873046875, 342.4625244140625, 174.3401336669922, 170.0025177001953, 101.38623046875, 84.5428695678711, -16.194246292114258, 26.242279052734375], [-339.675048828125, 368.6993103027344, 142.6583251953125, 267.2253723144531, 359.7082214355469, 342.4625244140625, 368.7221984863281, 185.37290954589844, 172.02586364746094, 39.67240524291992, 78.62564086914062, -13.26259994506836, 36.334571838378906], [-341.43414306640625, 142.7884063720703, 113.96385192871094, 125.44175720214844, 169.53298950195312, 174.3401336669922, 185.37290954589844, 168.50840759277344, 120.26327514648438, 47.46828079223633, 57.21137237548828, 19.816293716430664, 31.836299896240234], [-462.71771240234375, 165.93997192382812, 28.034751892089844, 129.694580078125, 211.2127685546875, 170.0025177001953, 172.02586364746094, 120.26327514648438, 174.51324462890625, 74.98858642578125, 75.09413146972656, -5.000915050506592, 36.173641204833984], [303.1168518066406, -239.41053771972656, 38.997562408447266, 27.875293731689453, 45.302467346191406, 101.38623046875, 39.67240524291992, 47.46828079223633, 74.98858642578125, 186.6309814453125, 71.16595458984375, 31.358179092407227, 14.683961868286133], [-281.9733581542969, 9.348526000976562, 18.73569107055664, 16.554088592529297, 59.46444320678711, 84.5428695678711, 78.62564086914062, 57.21137237548828, 75.09413146972656, 71.16595458984375, 105.64067840576172, 48.59144592285156, 37.35468673706055], [38.054752349853516, -92.94532775878906, 54.72072219848633, -86.61531066894531, -106.9342041015625, -16.194246292114258, -13.26259994506836, 19.816293716430664, -5.000915050506592, 31.358179092407227, 48.59144592285156, 117.71903991699219, 49.488433837890625], [-238.71859741210938, 20.585134506225586, -10.189838409423828, -21.286088943481445, 3.6974101066589355, 26.242279052734375, 36.334571838378906, 31.836299896240234, 36.173641204833984, 14.683961868286133, 37.35468673706055, 49.488433837890625, 70.22470092773438]], "lowlevel.gfcc.icov": [[0.00018054258543998003, -9.819061961025e-05, 7.581304816994816e-05, -0.0005949385231360793, 0.0004995507770217955, -0.00020696553110610694, -0.00011823828390333802, 0.00034457971923984587, 0.00047171948244795203, -0.000808901444543153, 0.0006497175199910998, -0.00041442536166869104, 0.00030177814187482], [-9.819061961025e-05, 0.00138222542591393, -0.0006626289687119424, 0.0002690671244636178, -0.0009659840725362301, 0.0016457089222967625, -0.0016423192573711276, 0.0006624581874348223, -0.0015250833239406347, 0.0024459457490593195, -0.0008731547277420759, 0.00048026005970314145, -0.00036810323945246637], [7.581304816994816e-05, -0.0006626289687119424, 0.003475962206721306, -0.003383742645382881, 0.001322363968938589, -0.0016375265549868345, 0.0016839804593473673, -0.0019554528407752514, 0.001976154511794448, -0.001172210555523634, 0.001090498175472021, -0.00404794467613101, 0.00198792084120214], [-0.0005949385231360793, 0.0002690671244636178, -0.003383742645382881, 0.00800382811576128, -0.00450870580971241, 0.0017974996007978916, -0.0011987973703071475, 0.0001950860460055992, -0.00206320290453732, 0.002011440694332123, -0.0018079184228554368, 0.004728847183287144, -0.0017973106587305665], [0.0004995507770217955, -0.0009659840725362301, 0.001322363968938589, -0.00450870580971241, 0.009626800194382668, -0.005374887026846409, 4.32677952630911e-05, 0.0008108887705020607, -0.0013435232685878873, -0.0015829369658604264, 0.0008484884747304022, 0.0028208051808178425, 0.000502071634400636], [-0.00020696553110610694, 0.0016457089222967625, -0.0016375265549868345, 0.0017974996007978916, -0.005374887026846409, 0.013058331795036793, -0.009787235409021378, 0.0008978578262031078, 0.0005735239828936756, -0.001366780954413116, -0.0006147484527900815, -5.247750232229009e-05, -0.0004642336571123451], [-0.00011823828390333802, -0.0016423192573711276, 0.0016839804593473673, -0.0011987973703071475, 4.32677952630911e-05, -0.009787235409021378, 0.01858683116734028, -0.008397091180086136, -0.0012391835916787386, 0.002956988289952278, -0.0025247051380574703, -0.00024362417752854526, -0.0006598495529033244], [0.00034457971923984587, 0.0006624581874348223, -0.0019554528407752514, 0.0001950860460055992, 0.0008108887705020607, 0.0008978578262031078, -0.008397091180086136, 0.020127246156334877, -0.008514873683452606, -0.0005688514211215079, 0.0032176643144339323, -0.004078935366123915, 0.0012623417424038053], [0.00047171948244795203, -0.0015250833239406347, 0.001976154511794448, -0.00206320290453732, -0.0013435232685878873, 0.0005735239828936756, -0.0012391835916787386, -0.008514873683452606, 0.024552837014198303, -0.008875716477632523, -0.004145775455981493, 0.0036029089242219925, -0.005055590532720089], [-0.000808901444543153, 0.0024459457490593195, -0.001172210555523634, 0.002011440694332123, -0.0015829369658604264, -0.001366780954413116, 0.002956988289952278, -0.0005688514211215079, -0.008875716477632523, 0.016860786825418472, -0.008316545747220516, 0.0011977007379755378, 0.0009211006690748036], [0.0006497175199910998, -0.0008731547277420759, 0.001090498175472021, -0.0018079184228554368, 0.0008484884747304022, -0.0006147484527900815, -0.0025247051380574703, 0.0032176643144339323, -0.004145775455981493, -0.008316545747220516, 0.02509959042072296, -0.01150946319103241, 0.0007415974396280944], [-0.00041442536166869104, 0.00048026005970314145, -0.00404794467613101, 0.004728847183287144, 0.0028208051808178425, -5.247750232229009e-05, -0.00024362417752854526, -0.004078935366123915, 0.0036029089242219925, 0.0011977007379755378, -0.01150946319103241, 0.02841881290078163, -0.014868506230413914], [0.00030177814187482, -0.00036810323945246637, 0.00198792084120214, -0.0017973106587305665, 0.000502071634400636, -0.0004642336571123451, -0.0006598495529033244, 0.0012623417424038053, -0.005055590532720089, 0.0009211006690748036, 0.0007415974396280944, -0.014868506230413914, 0.027528779581189156]], "lowlevel.mfcc.cov": [[10708.01171875, 182.83743286132812, 730.1779174804688, 698.30859375, -57.794158935546875, 80.23068237304688, -129.69137573242188, -361.2193908691406, -282.63720703125, -237.68276977539062, -140.16648864746094, -84.08529663085938, -106.45216369628906], [182.83743286132812, 1182.40087890625, 216.8649444580078, 349.2912902832031, 194.5475311279297, 158.1573486328125, 153.7866668701172, 245.64041137695312, 123.60806274414062, 55.11929702758789, -46.35655975341797, 1.3444972038269043, 71.15524291992188], [730.1779174804688, 216.8649444580078, 551.1090698242188, 274.6449279785156, 156.53146362304688, 116.97792053222656, 95.85022735595703, 86.38212585449219, 47.54741668701172, -8.550448417663574, 9.237052917480469, 54.58521270751953, 77.28498840332031], [698.30859375, 349.2912902832031, 274.6449279785156, 479.9967041015625, 279.7320251464844, 200.7979736328125, 152.5357666015625, 119.72067260742188, 112.1016845703125, 96.22005462646484, 56.877811431884766, 35.74957275390625, 1.3077925443649292], [-57.794158935546875, 194.5475311279297, 156.53146362304688, 279.7320251464844, 323.5797424316406, 243.42724609375, 197.91871643066406, 152.8634490966797, 151.3069610595703, 129.6320037841797, 112.82379150390625, 72.21411895751953, 29.007749557495117], [80.23068237304688, 158.1573486328125, 116.97792053222656, 200.7979736328125, 243.42724609375, 323.4498596191406, 256.9693908691406, 185.98428344726562, 173.6768341064453, 152.2246551513672, 126.52000427246094, 103.6106948852539, 52.84961700439453], [-129.69137573242188, 153.7866668701172, 95.85022735595703, 152.5357666015625, 197.91871643066406, 256.9693908691406, 281.5028991699219, 207.3671417236328, 165.04286193847656, 143.75926208496094, 116.7452392578125, 88.18197631835938, 55.565467834472656], [-361.2193908691406, 245.64041137695312, 86.38212585449219, 119.72067260742188, 152.8634490966797, 185.98428344726562, 207.3671417236328, 252.8294219970703, 154.7493133544922, 111.36742401123047, 62.15297317504883, 55.917327880859375, 58.44742965698242], [-282.63720703125, 123.60806274414062, 47.54741668701172, 112.1016845703125, 151.3069610595703, 173.6768341064453, 165.04286193847656, 154.7493133544922, 184.22705078125, 133.4888153076172, 96.99292755126953, 75.28791809082031, 45.1579475402832], [-237.68276977539062, 55.11929702758789, -8.550448417663574, 96.22005462646484, 129.6320037841797, 152.2246551513672, 143.75926208496094, 111.36742401123047, 133.4888153076172, 168.81246948242188, 115.60423278808594, 65.30154418945312, 17.646263122558594], [-140.16648864746094, -46.35655975341797, 9.237052917480469, 56.877811431884766, 112.82379150390625, 126.52000427246094, 116.7452392578125, 62.15297317504883, 96.99292755126953, 115.60423278808594, 152.77821350097656, 89.4743881225586, 42.17409133911133], [-84.08529663085938, 1.3444972038269043, 54.58521270751953, 35.74957275390625, 72.21411895751953, 103.6106948852539, 88.18197631835938, 55.917327880859375, 75.28791809082031, 65.30154418945312, 89.4743881225586, 112.4280014038086, 68.75447845458984], [-106.45216369628906, 71.15524291992188, 77.28498840332031, 1.3077925443649292, 29.007749557495117, 52.84961700439453, 55.565467834472656, 58.44742965698242, 45.1579475402832, 17.646263122558594, 42.17409133911133, 68.75447845458984, 115.11665344238281]], "lowlevel.mfcc.icov": [[0.00015117236762307584, -4.903770786768291e-06, -0.0001273916568607092, -0.0003809618065133691, 0.0004989131120964885, -0.0004546874260995537, -1.725236143101938e-05, 0.0003154761507175863, 0.00014174036914482713, 0.0001902693184092641, -0.00014323656796477735, 0.00012509990483522415, 5.6848934036679566e-05], [-4.903770786768291e-06, 0.0015366008738055825, 0.0002623051404953003, -0.001202740939334035, 1.105970295611769e-05, 5.4929842008277774e-05, 0.00032838588231243193, -0.0013444558717310429, -3.5720393043447984e-06, -0.00030456468812189996, 0.0015141102485358715, 0.00039405812276527286, -0.0013626442523673177], [-0.0001273916568607092, 0.0002623051404953003, 0.003538241144269705, -0.001964738592505455, -0.0006422041333280504, 0.0005191091331653297, -0.0004968939465470612, -0.0006653673481196165, 9.033549576997757e-05, 0.0018445783061906695, 0.0009832784999161959, -0.0011540810810402036, -0.0021210270933806896], [-0.0003809618065133691, -0.001202740939334035, -0.001964738592505455, 0.007749868091195822, -0.005533076357096434, 0.0006506080972030759, 0.00019840741879306734, 0.0006907878560014069, -0.00015696196351200342, -0.0023145698942244053, 0.0008168109343387187, 2.070386653940659e-05, 0.0023759801406413317], [0.0004989131120964885, 1.105970295611769e-05, -0.0006422041333280504, -0.005533076357096434, 0.013698694296181202, -0.006328452378511429, 0.0006620500353164971, -0.0001029510167427361, -0.001674224971793592, 0.0023334240540862083, -0.005029370076954365, 0.002183047588914633, 0.0009725225390866399], [-0.0004546874260995537, 5.4929842008277774e-05, 0.0005191091331653297, 0.0006506080972030759, -0.006328452378511429, 0.017868682742118835, -0.0103136682882905, 0.00038249834324233234, -0.0018676667241379619, -0.002029227325692773, 0.0025924055371433496, -0.0053292326629161835, 0.0006418896955437958], [-1.725236143101938e-05, 0.00032838588231243193, -0.0004968939465470612, 0.00019840741879306734, 0.0006620500353164971, -0.0103136682882905, 0.020794665440917015, -0.009323768317699432, 0.0007140722591429949, -0.0010621092515066266, -0.004290340933948755, 0.0009651395957916975, 0.00025516405003145337], [0.0003154761507175863, -0.0013444558717310429, -0.0006653673481196165, 0.0006907878560014069, -0.0001029510167427361, 0.00038249834324233234, -0.009323768317699432, 0.01650170236825943, -0.006137576419860125, -0.0013844718923792243, 0.004018323961645365, 0.0026736895088106394, -0.002915039425715804], [0.00014174036914482713, -3.5720393043447984e-06, 9.033549576997757e-05, -0.00015696196351200342, -0.001674224971793592, -0.0018676667241379619, 0.0007140722591429949, -0.006137576419860125, 0.021319644525647163, -0.009099812246859074, 0.0005367618869058788, -0.0034003937616944313, -0.00100883434060961], [0.0001902693184092641, -0.00030456468812189996, 0.0018445783061906695, -0.0023145698942244053, 0.0023334240540862083, -0.002029227325692773, -0.0010621092515066266, -0.0013844718923792243, -0.009099812246859074, 0.024311160668730736, -0.012133420445024967, 0.000710782187525183, 0.004575019236654043], [-0.00014323656796477735, 0.0015141102485358715, 0.0009832784999161959, 0.0008168109343387187, -0.005029370076954365, 0.0025924055371433496, -0.004290340933948755, 0.004018323961645365, 0.0005367618869058788, -0.012133420445024967, 0.02546684816479683, -0.010303476825356483, -0.0031567018013447523], [0.00012509990483522415, 0.00039405812276527286, -0.0011540810810402036, 2.070386653940659e-05, 0.002183047588914633, -0.0053292326629161835, 0.0009651395957916975, 0.0026736895088106394, -0.0034003937616944313, 0.000710782187525183, -0.010303476825356483, 0.02761056274175644, -0.010771074332296848], [5.6848934036679566e-05, -0.0013626442523673177, -0.0021210270933806896, 0.0023759801406413317, 0.0009725225390866399, 0.0006418896955437958, 0.00025516405003145337, -0.002915039425715804, -0.00100883434060961, 0.004575019236654043, -0.0031567018013447523, -0.010771074332296848, 0.01907983422279358]], "metadata.audio_properties.analysis.downmix": "mix", "metadata.audio_properties.codec": "mp3", "metadata.audio_properties.md5_encoded": "7f74be10bd74ef84e38ce8040fb07106", "metadata.tags.file_name": "1182271966774837288.mp3", "metadata.version.essentia": "2.1-beta6-dev", "metadata.version.essentia_git_sha": "v2.1_beta5-1110-g77a6a954", "metadata.version.extractor": "music 2.0", "tonal.chords_key": "C", "tonal.chords_scale": "minor", "tonal.key_edma.key": "F", "tonal.key_edma.scale": "major", "tonal.key_krumhansl.key": "F", "tonal.key_krumhansl.scale": "major", "tonal.key_temperley.key": "F", "tonal.key_temperley.scale": "major", "metadata.tags.encoding": ["Lavf58.45.100"]}, "essentia_models": [{"model_name": "genre_dortmund", "activations": {"alternative": "0.0089722695", "blues": "0.00058288896", "electronic": "0.46995762", "folkcountry": "0.0007474718", "funksoulrnb": "0.017132105", "jazz": "0.011001045", "pop": "0.034488223", "raphiphop": "0.1299445", "rock": "0.00097365223"}}, {"model_name": "genre_rosamerica", "activations": {"classic": "0.010059318", "dance": "0.16081227", "hip hop": "0.3235039", "jazz": "0.014837967", "pop": "0.067494996", "rhythm and blues": "0.024584489", "rock": "0.0029144278", "speech": "0.034287702"}}, {"model_name": "genre_tzanetakis", "activations": {"blues": "0.0010691053", "classic": "