{"song_id": "1182273423330791474", "download": "https://cdn.discordapp.com/attachments/1135903449314238464/1182273423330791474/chirp.mp4?ex=658418ed&amp", "lyrics": "Mr. Globe shill (Mr. Globe shill)\nYou looove begging the question\nMr. Globe shill (Mr. Globe shill)\nYou dooon't have good intentions\nMr. Globeshill likes to lie\nAnd in hell he's gonna die\nBecause the Earth is not a ball!\nIt has no curve, no movement at all", "style": ["random"], "essentia_features": {"lowlevel.average_loudness": 0.9679965972900391, "lowlevel.barkbands_crest.mean": 17.90845489501953, "lowlevel.barkbands_crest.stdev": 6.238792419433594, "lowlevel.barkbands_flatness_db.mean": 0.2794399559497833, "lowlevel.barkbands_flatness_db.stdev": 0.10534512996673584, "lowlevel.barkbands_kurtosis.mean": 116.76657104492188, "lowlevel.barkbands_kurtosis.stdev": 154.3410186767578, "lowlevel.barkbands_skewness.mean": 7.485730171203613, "lowlevel.barkbands_skewness.stdev": 5.425098419189453, "lowlevel.barkbands_spread.mean": 9.500589370727539, "lowlevel.barkbands_spread.stdev": 14.363792419433594, "lowlevel.dissonance.mean": 0.46931904554367065, "lowlevel.dissonance.stdev": 0.026866136118769646, "lowlevel.dynamic_complexity": 3.126842975616455, "lowlevel.erbbands_crest.mean": 10.46402645111084, "lowlevel.erbbands_crest.stdev": 5.253839492797852, "lowlevel.erbbands_flatness_db.mean": 0.1396261304616928, "lowlevel.erbbands_flatness_db.stdev": 0.0410979688167572, "lowlevel.erbbands_kurtosis.mean": 1.5919989347457886, "lowlevel.erbbands_kurtosis.stdev": 4.580667972564697, "lowlevel.erbbands_skewness.mean": 0.8188093304634094, "lowlevel.erbbands_skewness.stdev": 1.1237521171569824, "lowlevel.erbbands_spread.mean": 60.70707321166992, "lowlevel.erbbands_spread.stdev": 31.928794860839844, "lowlevel.hfc.mean": 13.472602844238281, "lowlevel.hfc.stdev": 13.823644638061523, "lowlevel.loudness_ebu128.integrated": -21.817031860351562, "lowlevel.loudness_ebu128.loudness_range": 2.1798629760742188, "lowlevel.loudness_ebu128.momentary.mean": -22.08897590637207, "lowlevel.loudness_ebu128.momentary.stdev": 1.5885993242263794, "lowlevel.loudness_ebu128.short_term.mean": -21.91545867919922, "lowlevel.loudness_ebu128.short_term.stdev": 0.7374666929244995, "lowlevel.melbands_crest.mean": 26.135696411132812, "lowlevel.melbands_crest.stdev": 9.396379470825195, "lowlevel.melbands_flatness_db.mean": 0.35436689853668213, "lowlevel.melbands_flatness_db.stdev": 0.12819848954677582, "lowlevel.melbands_kurtosis.mean": 270.9688415527344, "lowlevel.melbands_kurtosis.stdev": 363.8103332519531, "lowlevel.melbands_skewness.mean": 10.42599868774414, "lowlevel.melbands_skewness.stdev": 7.795871257781982, "lowlevel.melbands_spread.mean": 7.873051643371582, "lowlevel.melbands_spread.stdev": 15.876033782958984, "lowlevel.pitch_salience.mean": 0.2774930000305176, "lowlevel.pitch_salience.stdev": 0.2423088550567627, "lowlevel.silence_rate_20dB.mean": 1.0, "lowlevel.silence_rate_20dB.stdev": 0.0, "lowlevel.silence_rate_30dB.mean": 0.5629838109016418, "lowlevel.silence_rate_30dB.stdev": 0.49601802229881287, "lowlevel.silence_rate_60dB.mean": 0.09359605610370636, "lowlevel.silence_rate_60dB.stdev": 0.29126429557800293, "lowlevel.spectral_centroid.mean": 951.1595458984375, "lowlevel.spectral_centroid.stdev": 703.9232177734375, "lowlevel.spectral_complexity.mean": 8.767065048217773, "lowlevel.spectral_complexity.stdev": 7.802540302276611, "lowlevel.spectral_decrease.mean": -2.3607210408727042e-08, "lowlevel.spectral_decrease.stdev": 1.629640777878194e-08, "lowlevel.spectral_energy.mean": 0.09032105654478073, "lowlevel.spectral_energy.stdev": 0.061967432498931885, "lowlevel.spectral_energyband_high.mean": 0.0005697999149560928, "lowlevel.spectral_energyband_high.stdev": 0.0011578042758628726, "lowlevel.spectral_energyband_low.mean": 0.08200918138027191, "lowlevel.spectral_energyband_low.stdev": 0.061743538826704025, "lowlevel.spectral_energyband_middle_high.mean": 0.001050647464580834, "lowlevel.spectral_energyband_middle_high.stdev": 0.001510532689280808, "lowlevel.spectral_energyband_middle_low.mean": 0.0089533980935812, "lowlevel.spectral_energyband_middle_low.stdev": 0.019254986196756363, "lowlevel.spectral_entropy.mean": 7.596810817718506, "lowlevel.spectral_entropy.stdev": 0.5140523910522461, "lowlevel.spectral_flux.mean": 0.11758746951818466, "lowlevel.spectral_flux.stdev": 0.11102285981178284, "lowlevel.spectral_kurtosis.mean": 2.6835970878601074, "lowlevel.spectral_kurtosis.stdev": 1.847042202949524, "lowlevel.spectral_rms.mean": 0.008542570285499096, "lowlevel.spectral_rms.stdev": 0.003891356522217393, "lowlevel.spectral_rolloff.mean": 595.52294921875, "lowlevel.spectral_rolloff.stdev": 1522.646728515625, "lowlevel.spectral_skewness.mean": 1.3886291980743408, "lowlevel.spectral_skewness.stdev": 0.44733160734176636, "lowlevel.spectral_spread.mean": 6024631.0, "lowlevel.spectral_spread.stdev": 1745906.625, "lowlevel.spectral_strongpeak.mean": 0.663855791091919, "lowlevel.spectral_strongpeak.stdev": 0.4834691286087036, "lowlevel.zerocrossingrate.mean": 0.031148632988333702, "lowlevel.zerocrossingrate.stdev": 0.040585510432720184, "metadata.audio_properties.analysis.equal_loudness": 0.0, "metadata.audio_properties.analysis.length": 32.95997619628906, "metadata.audio_properties.analysis.sample_rate": 44100.0, "metadata.audio_properties.analysis.start_time": 0.0, "metadata.audio_properties.bit_rate": 112367.0, "metadata.audio_properties.length": 32.959999084472656, "metadata.audio_properties.lossless": 0.0, "metadata.audio_properties.number_channels": 1.0, "metadata.audio_properties.replay_gain": -3.321439743041992, "metadata.audio_properties.sample_rate": 48000.0, "rhythm.beats_count": 74.0, "rhythm.beats_loudness.mean": 0.11877012252807617, "rhythm.beats_loudness.stdev": 0.0577964261174202, "rhythm.bpm": 135.4179229736328, "rhythm.bpm_histogram_first_peak_bpm": 136.0, "rhythm.bpm_histogram_first_peak_weight": 0.1666666865348816, "rhythm.bpm_histogram_second_peak_bpm": 129.0, "rhythm.bpm_histogram_second_peak_spread": 0.0, "rhythm.bpm_histogram_second_peak_weight": 0.013698630034923553, "rhythm.danceability": 1.329654574394226, "rhythm.onset_rate": 4.913209915161133, "tonal.chords_changes_rate": 0.07735583931207657, "tonal.chords_number_rate": 0.016877636313438416, "tonal.chords_strength.mean": 0.5305685997009277, "tonal.chords_strength.stdev": 0.11883042007684708, "tonal.hpcp_crest.mean": 11.953598976135254, "tonal.hpcp_crest.stdev": 5.728326320648193, "tonal.hpcp_entropy.mean": 2.273836612701416, "tonal.hpcp_entropy.stdev": 0.7775889039039612, "tonal.key_edma.strength": 0.5882229208946228, "tonal.key_krumhansl.strength": 0.5855618119239807, "tonal.key_temperley.strength": 0.565493643283844, "tonal.tuning_diatonic_strength": 0.6164171099662781, "tonal.tuning_equal_tempered_deviation": 0.26924049854278564, "tonal.tuning_frequency": 434.193115234375, "tonal.tuning_nontempered_energy_ratio": 0.8924872279167175, "lowlevel.barkbands.mean": [0.009634556248784065, 0.06046953424811363, 0.009699570946395397, 0.00404090853407979, 0.001953363651409745, 0.0011535121593624353, 0.0004650770570151508, 0.00039812858449295163, 0.0008341676439158618, 0.00023166165919974446, 0.00010907823889283463, 0.00012585661897901446, 0.00011673973494907841, 8.030483149923384e-05, 6.74544571666047e-05, 8.667483052704483e-05, 6.58208955428563e-05, 5.2645933465100825e-05, 0.00010005576041294262, 0.00012626618263311684, 0.00010348994692321867, 0.00010811419633682817, 8.357694605365396e-05, 9.111330291489139e-05, 8.181055454770103e-05, 4.1586456063669175e-05, 7.544127100800324e-09], "lowlevel.barkbands.stdev": [0.0131423594430089, 0.05037298426032066, 0.02769474871456623, 0.013239643536508083, 0.006998266559094191, 0.003410853911191225, 0.0010634299833327532, 0.0009676075424067676, 0.0028132558800280094, 0.0005028904997743666, 0.00024523193133063614, 0.0003760406980291009, 0.00026033222093246877, 0.0001937461638590321, 0.00016129623691085726, 0.00016947585390880704, 0.00013740776921622455, 0.00016596891509834677, 0.00028584670508280396, 0.00031885146745480597, 0.00023553261416964233, 0.00023231802333611995, 0.0002123004524037242, 0.00021396599186118692, 0.0001666231983108446, 8.622225868748501e-05, 7.541299140711999e-08], "lowlevel.erbbands.mean": [2.6472761631011963, 9.852178573608398, 12.268976211547852, 14.346482276916504, 7.167290210723877, 6.602527141571045, 12.089075088500977, 7.185297966003418, 6.266730308532715, 7.291218280792236, 11.392719268798828, 20.888694763183594, 10.134496688842773, 4.753427505493164, 4.990096569061279, 5.366367340087891, 5.506054878234863, 4.051724433898926, 4.165337085723877, 3.4785091876983643, 5.193314552307129, 3.5999720096588135, 2.7344393730163574, 4.607903003692627, 5.352858543395996, 5.777936935424805, 4.399526596069336, 3.9895739555358887, 3.9157555103302, 3.4820125102996826, 2.1169397830963135, 1.4901293516159058, 1.8254021406173706, 0.9792335033416748, 0.5251192450523376, 0.3102862238883972, 0.0482378788292408, 0.0012512992834672332, 8.690922550158575e-05, 0.0001033512016874738], "lowlevel.erbbands.stdev": [2.3199710845947266, 10.950127601623535, 26.55280876159668, 44.14268493652344, 24.01568031311035, 24.676925659179688, 39.13393020629883, 20.82051658630371, 14.654359817504883, 13.9035062789917, 31.808000564575195, 78.31587219238281, 22.069416046142578, 8.895809173583984, 10.517589569091797, 15.729491233825684, 12.083106994628906, 9.002558708190918, 9.689075469970703, 7.817698001861572, 9.82691478729248, 7.549840927124023, 8.247233390808105, 13.821599006652832, 13.945552825927734, 14.766827583312988, 9.897467613220215, 9.133872032165527, 8.361141204833984, 8.749858856201172, 5.225280284881592, 3.5244359970092773, 4.306881427764893, 2.2360892295837402, 0.9912525415420532, 0.6240347027778625, 0.10692469030618668, 0.003401392139494419, 0.00010761424346128479, 6.855946412542835e-05], "lowlevel.gfcc.mean": [-49.129676818847656, 88.40228271484375, -82.37804412841797, 48.46088790893555, -57.75206756591797, 33.92863845825195, -19.390073776245117, 21.947460174560547, -10.418706893920898, 11.95040225982666, -8.984149932861328, -1.7464828491210938, 0.8492042422294617], "lowlevel.melbands.mean": [0.020082959905266762, 0.008390795439481735, 0.0022106096148490906, 0.00042276803287677467, 0.0004068200651090592, 0.00017268616647925228, 9.453266102354974e-05, 7.858973549446091e-05, 0.00010409844981040806, 0.00012771003821399063, 4.636474113794975e-05, 1.904983218992129e-05, 1.580259959155228e-05, 1.4631467820436228e-05, 1.3608639164885972e-05, 1.0425328582641669e-05, 7.250407179526519e-06, 7.015223218331812e-06, 4.75742444905336e-06, 5.0201961130369455e-06, 6.318433861451922e-06, 4.0684162740944885e-06, 2.309179535586736e-06, 2.5886429284582846e-06, 3.868680323648732e-06, 3.665482836368028e-06, 4.485236331674969e-06, 3.679621386254439e-06, 2.7220239644520916e-06, 2.6909715415968094e-06, 2.1295222722983453e-06, 2.258590939163696e-06, 2.048893293249421e-06, 1.878400098576094e-06, 1.2840047247664188e-06, 8.329715228683199e-07, 9.648013019614154e-07, 1.3586193290393567e-06, 9.509203096058627e-07, 8.20021682557126e-07], "lowlevel.melbands.stdev": [0.01622111164033413, 0.011876832693815231, 0.006541842594742775, 0.0015035367105156183, 0.0012893779203295708, 0.00048386215348728, 0.00022474721481557935, 0.00014862882380839437, 0.0003170636482536793, 0.0004784076882060617, 0.00010130284499609843, 3.678025314002298e-05, 3.402690344955772e-05, 4.232720675645396e-05, 3.359343463671394e-05, 2.3507165678893216e-05, 1.7453214240958914e-05, 1.7106714949477464e-05, 1.1444672963989433e-05, 1.0450693480379414e-05, 1.2198767763038632e-05, 8.616005288786255e-06, 6.755543381586904e-06, 8.426787644566502e-06, 1.2059522305207793e-05, 1.0860613656404894e-05, 1.124754999182187e-05, 9.819097613217309e-06, 6.49123376206262e-06, 6.375336852215696e-06, 4.886747319687856e-06, 4.8380138650827575e-06, 4.6885957090125885e-06, 5.038497420173371e-06, 3.196312263753498e-06, 2.1459677554958034e-06, 2.3485049496230204e-06, 3.2815930808283156e-06, 2.2318540686683264e-06, 1.9188089481758652e-06], "lowlevel.melbands128.mean": [0.009019557386636734, 0.02466210164129734, 0.023373959586024284, 0.01420974638313055, 0.007120769936591387, 0.00461554666981101, 0.0032050341833382845, 0.001557989395223558, 0.000557190680410713, 0.0003142228815704584, 0.0003504513297230005, 0.00042717557516880333, 0.00046716019278392196, 0.00034066016087308526, 0.00015876322868280113, 8.268874807981774e-05, 9.135835716733709e-05, 0.00010547156125539914, 8.706405787961558e-05, 8.243565389420837e-05, 7.102195377228782e-05, 7.186552829807624e-05, 0.00010598252265481278, 0.0001367642980767414, 0.0001661606365814805, 0.00011955724767176434, 4.483532393351197e-05, 5.139093264006078e-05, 3.416262552491389e-05, 1.8688740965444595e-05, 1.5614697986165993e-05, 1.38911063913838e-05, 1.5865274690440856e-05, 1.7895094060804695e-05, 1.4004058357386384e-05, 1.4000838746142108e-05, 1.5088806321728043e-05, 1.2662865628954023e-05, 1.3320979633135721e-05, 1.3701095667784102e-05, 9.399778718943708e-06, 6.740794106008252e-06, 6.859682798676658e-06, 7.731442565273028e-06, 7.727193406026345e-06, 7.007776275713695e-06, 6.096697688917629e-06, 4.731145054392982e-06, 4.05365335609531e-06, 4.617212198354537e-06, 4.363565039966488e-06, 6.395756372512551e-06, 6.917069640621776e-06, 5.899716597923543e-06, 5.930179213464726e-06, 3.7720737964264117e-06, 2.8342149107629666e-06, 2.261809413539595e-06, 2.2054962300899206e-06, 2.1861617369722808e-06, 2.6109221380465897e-06, 2.699426886465517e-06, 3.5543489502742887e-06, 4.553293820208637e-06, 3.820191977865761e-06, 3.7260183489706833e-06, 3.3563285342097515e-06, 3.7198308291408466e-06, 5.782203061244218e-06, 4.125618488615146e-06, 3.368355919519672e-06, 3.786560682783602e-06, 2.9514319521695143e-06, 2.4952848889370216e-06, 2.3830409645597683e-06, 2.8309486879152246e-06, 2.8372728593240026e-06, 2.305904445165652e-06, 1.901343011923018e-06, 2.0530492292891722e-06, 2.3931643227115273e-06, 2.4033702175074723e-06, 1.9037634046981111e-06, 2.1205325992923463e-06, 1.9033716398553224e-06, 2.2303536297840765e-06, 1.7493546238256386e-06, 1.4991453554102918e-06, 1.266263325305772e-06, 1.1303275186946848e-06, 1.0056832024929463e-06, 7.14327711648366e-07, 5.954336756985867e-07, 9.95989580587775e-07, 1.1409317721700063e-06, 1.1551800298548187e-06, 1.5385248843813315e-06, 1.5733490954517038e-06, 7.162321367104596e-07, 8.799078727861342e-07, 6.995592229941394e-07, 1.0054053518615547e-06, 6.712000981679012e-07, 4.783486247106339e-07, 3.8415902281485614e-07, 7.984966146068473e-07, 7.003831683505268e-07, 4.7623473165003816e-07, 5.046931050856074e-07, 6.590893235625117e-07, 4.4618056449508003e-07, 2.11976697528371e-07, 5.366136335283045e-08, 1.2088432477241895e-08, 8.564741804661935e-09, 5.977395245437833e-10, 1.2102158164495336e-10, 5.855370355245526e-11, 4.972534189962019e-11, 2.21461095989417e-11, 1.9311574908642548e-11, 1.2826554054989892e-11, 1.1311176821571234e-11, 1.1106166333818557e-11, 1.0740272386733363e-11, 1.0229660001026541e-11, 9.937532567672047e-12, 9.85486518778611e-12], "lowlevel.melbands128.stdev": [0.012132558971643448, 0.02400895580649376, 0.02288747951388359, 0.018925901502370834, 0.014415627345442772, 0.014036177657544613, 0.010524215176701546, 0.005116680171340704, 0.002226082608103752, 0.0014032464241608977, 0.0014277035370469093, 0.00156523403711617, 0.0016794783296063542, 0.0011199078289791942, 0.0006144676590338349, 0.0002337022451683879, 0.0002128628402715549, 0.0003545561048667878, 0.00024444202426820993, 0.00018949962395709008, 0.00016537532792426646, 0.0002340569772059098, 0.0003999891923740506, 0.0005994868697598577, 0.0008076654630713165, 0.0005082204006612301, 0.00011196125706192106, 0.00014951921184547246, 7.680604176130146e-05, 4.100379373994656e-05, 3.549438406480476e-05, 4.19122188759502e-05, 3.678502980619669e-05, 4.143880505580455e-05, 4.8802376113599166e-05, 5.01680260640569e-05, 6.585677328985184e-05, 3.465509507805109e-05, 3.485746492515318e-05, 3.896822454407811e-05, 2.4636483431095257e-05, 1.613274980627466e-05, 2.0651712475228123e-05, 2.242170558020007e-05, 2.269869037263561e-05, 2.007019065786153e-05, 1.6152102034538984e-05, 1.2678648090513889e-05, 1.1982549949607346e-05, 1.3405802747001871e-05, 9.795714504434727e-06, 1.44091745823971e-05, 1.6823170881252736e-05, 1.3182720977056306e-05, 1.3460603440762497e-05, 9.623568985261954e-06, 8.414229341724422e-06, 6.794073215132812e-06, 7.487768925784621e-06, 7.460142114723567e-06, 9.61768273555208e-06, 9.751520337886177e-06, 1.2169086403446272e-05, 1.6212306945817545e-05, 1.2736840290017426e-05, 1.3104265235597268e-05, 1.1512149285408668e-05, 9.792803211894352e-06, 1.578633782628458e-05, 1.146432896348415e-05, 1.0638340427249204e-05, 1.1239011655561626e-05, 8.08422737463843e-06, 6.645047960773809e-06, 5.785938355984399e-06, 7.208002898551058e-06, 7.3036162575590424e-06, 6.602790108445333e-06, 4.688914941652911e-06, 4.698978500528028e-06, 5.605927981378045e-06, 5.519752448890358e-06, 4.742209512187401e-06, 4.993542916054139e-06, 4.992478352505714e-06, 6.69957944410271e-06, 5.315573616826441e-06, 3.939518592233071e-06, 3.4261597647855524e-06, 3.012652996403631e-06, 2.856676474038977e-06, 2.2353112854034407e-06, 1.5062921647768235e-06, 2.5556180389685323e-06, 3.124807562926435e-06, 3.1819333798921434e-06, 3.836319137917599e-06, 3.851122983178357e-06, 1.914561835292261e-06, 2.192723513871897e-06, 1.7711348618831835e-06, 2.5260605980292894e-06, 1.6019372424125322e-06, 1.0383093922428088e-06, 8.328398166668194e-07, 1.5354484048657469e-06, 1.4398162875295384e-06, 1.0579532272458891e-06, 1.077355477718811e-06, 1.5000894109107321e-06, 9.91878437162086e-07, 5.851055107086722e-07, 2.2960493595292064e-07, 1.029211631475846e-07, 7.79151818619539e-08, 5.909531086700781e-09, 1.7982584310516359e-09, 7.282445757539335e-10, 6.207921399159488e-10, 2.5225777022797047e-10, 2.1339435773981563e-10, 4.2140197581419514e-11, 1.5407536357869844e-11, 1.5149749510445787e-11, 1.4933570005593033e-11, 1.4756598720744307e-11, 1.46294296121674e-11, 1.4550412090474918e-11], "lowlevel.mfcc.mean": [-698.5540771484375, 113.57095336914062, 34.74162292480469, 27.14046287536621, 3.6314830780029297, 17.4676456451416, 10.837963104248047, 10.848190307617188, 15.441166877746582, 13.239509582519531, 8.300046920776367, 6.223040580749512, 7.329692363739014], "lowlevel.spectral_contrast_coeffs.mean": [-0.676078200340271, -0.8082026243209839, -0.8111525177955627, -0.8436456322669983, -0.8316571116447449, -0.7702864408493042], "lowlevel.spectral_contrast_coeffs.stdev": [0.09330099821090698, 0.06837981194257736, 0.048686761409044266, 0.03795585036277771, 0.035523224622011185, 0.04210824519395828], "lowlevel.spectral_contrast_valleys.mean": [-7.095125675201416, -7.0430121421813965, -7.798319339752197, -8.188176155090332, -8.143570899963379, -10.401498794555664], "lowlevel.spectral_contrast_valleys.stdev": [0.9989450573921204, 0.6769226789474487, 0.6569921970367432, 0.6646602153778076, 0.6777195334434509, 0.8401439785957336], "rhythm.beats_loudness_band_ratio.mean": [0.8956106901168823, 0.028273917734622955, 0.02976841852068901, 0.0097500029951334, 0.007273733615875244, 0.033308837562799454], "rhythm.beats_loudness_band_ratio.stdev": [0.21646200120449066, 0.07873624563217163, 0.10358324646949768, 0.028797239065170288, 0.011728058569133282, 0.08408710360527039], "tonal.hpcp.mean": [0.10081318765878677, 0.08625707775354385, 0.053300026804208755, 0.04712714999914169, 0.038538310676813126, 0.038695238530635834, 0.05516473948955536, 0.06759057939052582, 0.07691456377506256, 0.12071267515420914, 0.12415576726198196, 0.09803910553455353, 0.0806046724319458, 0.08120902627706528, 0.17226780951023102, 0.18610890209674835, 0.1184462234377861, 0.09438540786504745, 0.06972300261259079, 0.06309758871793747, 0.07638870179653168, 0.13109520077705383, 0.16836398839950562, 0.1293458789587021, 0.11241062730550766, 0.09237531572580338, 0.05042517930269241, 0.037238121032714844, 0.03147585690021515, 0.03856322914361954, 0.06533270329236984, 0.06900651752948761, 0.05818846821784973, 0.06372754275798798, 0.05910291150212288, 0.06704238802194595], "tonal.hpcp.stdev": [0.2621258497238159, 0.22073103487491608, 0.1650630682706833, 0.16566428542137146, 0.13797836005687714, 0.13821394741535187, 0.17884209752082825, 0.19132068753242493, 0.19322888553142548, 0.2745572030544281, 0.26830634474754333, 0.23859529197216034, 0.2139335721731186, 0.20613354444503784, 0.3271509110927582, 0.3361430764198303, 0.2465837597846985, 0.224192276597023, 0.1837770938873291, 0.1799442321062088, 0.20391717553138733, 0.27052003145217896, 0.3337116837501526, 0.24838188290596008, 0.26929643750190735, 0.22781333327293396, 0.15382429957389832, 0.12925022840499878, 0.11807036399841309, 0.12930354475975037, 0.20311228930950165, 0.2023024708032608, 0.17278850078582764, 0.18797051906585693, 0.18411515653133392, 0.17409825325012207], "rhythm.beats_position": [0.4643990993499756, 0.9287981986999512, 1.369977355003357, 1.8111563920974731, 2.252335548400879, 2.693514585494995, 3.1346938610076904, 3.5758728981018066, 4.017052173614502, 4.458230972290039, 4.899410247802734, 5.352199554443359, 5.804988384246826, 6.2461676597595215, 6.687346935272217, 7.128525733947754, 7.569705009460449, 8.010884284973145, 8.45206356048584, 8.893242835998535, 9.334421157836914, 9.77560043334961, 10.228389739990234, 10.68117904663086, 11.122358322143555, 11.56353759765625, 12.004715919494629, 12.445895195007324, 12.88707447052002, 13.328253746032715, 13.76943302154541, 14.210612297058105, 14.6517915725708, 15.10457992553711, 15.545759201049805, 15.99854850769043, 16.439727783203125, 16.88090705871582, 17.322086334228516, 17.76326560974121, 18.204444885253906, 18.6456241607666, 19.086801528930664, 19.53959083557129, 19.992380142211914, 20.43355941772461, 20.874738693237305, 21.31591796875, 21.757097244262695, 22.19827651977539, 22.639455795288086, 23.08063507080078, 23.521814346313477, 23.962993621826172, 24.415781021118164, 24.86857032775879, 25.309749603271484, 25.75092887878418, 26.192108154296875, 26.63328742980957, 27.074466705322266, 27.51564598083496, 27.956825256347656, 28.39800453186035, 28.839183807373047, 29.291973114013672, 29.733150482177734, 30.18593978881836, 30.627119064331055, 31.06829833984375, 31.509477615356445, 31.95065689086914, 32.3918342590332, 32.83301544189453], "rhythm.bpm_histogram": [0.0, 0.0, 0.0, 0.0, 0.0, 0.0, 0.0, 0.0, 0.0, 0.0, 0.0, 0.0, 0.0, 0.0, 0.0, 0.0, 0.0, 0.0, 0.0, 0.0, 0.0, 0.0, 0.0, 0.0, 0.0, 0.0, 0.0, 0.0, 0.0, 0.0, 0.0, 0.0, 0.0, 0.0, 0.0, 0.0, 0.0, 0.0, 0.0, 0.0, 0.0, 0.0, 0.0, 0.0, 0.0, 0.0, 0.0, 0.0, 0.0, 0.0, 0.0, 0.0, 0.0, 0.0, 0.0, 0.0, 0.0, 0.0, 0.0, 0.0, 0.0, 0.0, 0.0, 0.0, 0.0, 0.0, 0.0, 0.0, 0.0, 0.0, 0.0, 0.0, 0.0, 0.0, 0.0, 0.0, 0.0, 0.0, 0.0, 0.0, 0.0, 0.0, 0.0, 0.0, 0.0, 0.0, 0.0, 0.0, 0.0, 0.0, 0.0, 0.0, 0.0, 0.0, 0.0, 0.0, 0.0, 0.0, 0.0, 0.0, 0.0, 0.0, 0.0, 0.0, 0.0, 0.0, 0.0, 0.0, 0.0, 0.0, 0.0, 0.0, 0.0, 0.0, 0.0, 0.0, 0.0, 0.0, 0.0, 0.0, 0.0, 0.0, 0.0, 0.0, 0.0, 0.0, 0.0, 0.0, 0.0, 0.013698630034923553, 0.0, 0.0, 0.0, 0.16438356041908264, 0.0, 0.0, 0.8219178318977356, 0.0, 0.0, 0.0, 0.0, 0.0, 0.0, 0.0, 0.0, 0.0, 0.0, 0.0, 0.0, 0.0, 0.0, 0.0, 0.0, 0.0, 0.0, 0.0, 0.0, 0.0, 0.0, 0.0, 0.0, 0.0, 0.0, 0.0, 0.0, 0.0, 0.0, 0.0, 0.0, 0.0, 0.0, 0.0, 0.0, 0.0, 0.0, 0.0, 0.0, 0.0, 0.0, 0.0, 0.0, 0.0, 0.0, 0.0, 0.0, 0.0, 0.0, 0.0, 0.0, 0.0, 0.0, 0.0, 0.0, 0.0, 0.0, 0.0, 0.0, 0.0, 0.0, 0.0, 0.0, 0.0, 0.0, 0.0, 0.0, 0.0, 0.0, 0.0, 0.0, 0.0, 0.0, 0.0, 0.0, 0.0, 0.0, 0.0, 0.0, 0.0, 0.0, 0.0, 0.0, 0.0, 0.0, 0.0, 0.0, 0.0, 0.0, 0.0, 0.0, 0.0, 0.0, 0.0, 0.0, 0.0, 0.0, 0.0, 0.0, 0.0, 0.0, 0.0, 0.0, 0.0, 0.0, 0.0, 0.0, 0.0, 0.0, 0.0, 0.0, 0.0], "tonal.chords_histogram": [29.535865783691406, 6.047820091247559, 0.5625879168510437, 27.144866943359375, 1.406469702720642, 4.219409465789795, 4.360056400299072, 0.0, 0.0, 0.0, 0.14064697921276093, 0.0, 0.0, 0.0, 0.0, 0.0, 0.5625879168510437, 2.390998601913452, 8.720112800598145, 4.781997203826904, 4.781997203826904, 0.0, 2.250351667404175, 3.094233512878418], "tonal.thpcp": [1.0, 0.6364350318908691, 0.5071514844894409, 0.3746355175971985, 0.33903583884239197, 0.41045162081718445, 0.7044004797935486, 0.9046530723571777, 0.6950010061264038, 0.6040045619010925, 0.49635088443756104, 0.2709444761276245, 0.2000878006219864, 0.1691260188817978, 0.20720787346363068, 0.35104554891586304, 0.3707856833934784, 0.3126581609249115, 0.34242069721221924, 0.31757164001464844, 0.36023202538490295, 0.5416892170906067, 0.46347635984420776, 0.28639161586761475, 0.2532235085964203, 0.20707397162914276, 0.20791718363761902, 0.29641106724739075, 0.3631775677204132, 0.41327717900276184, 0.6486130952835083, 0.6671135425567627, 0.5267835259437561, 0.43310487270355225, 0.4363521933555603, 0.9256290793418884], "lowlevel.gfcc.cov": [[4155.77294921875, -277.9106750488281, 455.84039306640625, 341.8359680175781, 169.83770751953125, -73.28948974609375, -505.6959533691406, -27.41585922241211, -388.4328308105469, 69.8970947265625, -328.41558837890625, 0.708102285861969, -313.90863037109375], [-277.9106750488281, 1132.8184814453125, 1.727555513381958, 20.385650634765625, 263.99090576171875, -29.49420928955078, 325.637939453125, -103.36251068115234, 335.8684997558594, -83.41166687011719, 220.32554626464844, -90.59508514404297, 218.25807189941406], [455.84039306640625, 1.727555513381958, 1068.418701171875, 335.33984375, 534.1490478515625, 331.8119201660156, 175.49887084960938, 216.61495971679688, 91.14159393310547, 121.33743286132812, 32.428688049316406, 41.602867126464844, -27.156082153320312], [341.8359680175781, 20.385650634765625, 335.33984375, 549.1593017578125, 367.83831787109375, 152.2351837158203, 191.7810516357422, 62.1007194519043, 181.1826171875, 61.44859313964844, 83.16505432128906, -57.93067169189453, 16.71605682373047], [169.83770751953125, 263.99090576171875, 534.1490478515625, 367.83831787109375, 657.0380249023438, 327.16046142578125, 374.568359375, 193.80970764160156, 298.95135498046875, 104.21880340576172, 145.7489776611328, -22.379535675048828, 86.11405944824219], [-73.28948974609375, -29.49420928955078, 331.8119201660156, 152.2351837158203, 327.16046142578125, 348.54193115234375, 332.5537109375, 224.87315368652344, 179.65475463867188, 72.38533782958984, 81.91552734375, 17.362455368041992, 37.19752883911133], [-505.6959533691406, 325.637939453125, 175.49887084960938, 191.7810516357422, 374.568359375, 332.5537109375, 662.0239868164062, 273.0445251464844, 405.26007080078125, 28.726675033569336, 219.8743438720703, -14.938921928405762, 155.52272033691406], [-27.41585922241211, -103.36251068115234, 216.61495971679688, 62.1007194519043, 193.80970764160156, 224.87315368652344, 273.0445251464844, 280.44305419921875, 153.1395263671875, 80.52066802978516, 58.794090270996094, 43.71003341674805, 24.186708450317383], [-388.4328308105469, 335.8684997558594, 91.14159393310547, 181.1826171875, 298.95135498046875, 179.65475463867188, 405.26007080078125, 153.1395263671875, 417.59912109375, 96.38719940185547, 229.52210998535156, -17.934541702270508, 162.75987243652344], [69.8970947265625, -83.41166687011719, 121.33743286132812, 61.44859313964844, 104.21880340576172, 72.38533782958984, 28.726675033569336, 80.52066802978516, 96.38719940185547, 160.75894165039062, 74.37023162841797, 40.9168815612793, 19.5947208404541], [-328.41558837890625, 220.32554626464844, 32.428688049316406, 83.16505432128906, 145.7489776611328, 81.91552734375, 219.8743438720703, 58.794090270996094, 229.52210998535156, 74.37023162841797, 239.76426696777344, 48.5046501159668, 125.6600112915039], [0.708102285861969, -90.59508514404297, 41.602867126464844, -57.93067169189453, -22.379535675048828, 17.362455368041992, -14.938921928405762, 43.71003341674805, -17.934541702270508, 40.9168815612793, 48.5046501159668, 107.91390991210938, 33.64934158325195], [-313.90863037109375, 218.25807189941406, -27.156082153320312, 16.71605682373047, 86.11405944824219, 37.19752883911133, 155.52272033691406, 24.186708450317383, 162.75987243652344, 19.5947208404541, 125.6600112915039, 33.64934158325195, 170.10855102539062]], "lowlevel.gfcc.icov": [[0.0004492758307605982, -0.0005605751648545265, 0.00021358884987421334, -0.0007014385773800313, -8.843763498589396e-05, -0.00014902916154824197, 0.000526535848621279, -0.0006711031892336905, 0.0004124761908315122, -0.0004482937802094966, 0.0007128480356186628, -0.000864848552737385, 0.0006442038575187325], [-0.0005605751648545265, 0.004279308952391148, -0.001284455880522728, 0.0031286657322198153, -0.0020394043531268835, 0.003250356297940016, -0.0025248946622014046, 0.0038006885442882776, -0.002395687624812126, 0.0025340751744806767, -0.002219773130491376, 0.003178680781275034, -0.0019365915795788169], [0.00021358884987421334, -0.001284455880522728, 0.0026164185255765915, -0.0014603686286136508, -0.0011199228465557098, -0.0018377626547589898, 0.0013986692065373063, -0.001684790477156639, 0.0012826411984860897, -0.0008110735798254609, 0.0009315363131463528, -0.0021875391248613596, 0.0011437530629336834], [-0.0007014385773800313, 0.0031286657322198153, -0.0014603686286136508, 0.005891269072890282, -0.0026800278574228287, 0.0025713839568197727, -0.002323389984667301, 0.0037329455371946096, -0.0022670377511531115, 0.0014683635672554374, -0.0024161783512681723, 0.003932423889636993, -0.0007259218255057931], [-8.843763498589396e-05, -0.0020394043531268835, -0.0011199228465557098, -0.0026800278574228287, 0.007213296368718147, -0.004512290004640818, 0.0010788494255393744, -0.0012021397706121206, -0.00044222475844435394, -0.0013932619476690888, 0.00045002246042713523, 0.0006476480630226433, -0.0008192051318474114], [-0.00014902916154824197, 0.003250356297940016, -0.0018377626547589898, 0.0025713839568197727, -0.004512290004640818, 0.014272077940404415, -0.00686336075887084, 0.00014269239909481257, 0.000630830239970237, -0.0007225116132758558, -0.00024198219762183726, 0.0011080314870923758, -0.0001342586037935689], [0.000526535848621279, -0.0025248946622014046, 0.0013986692065373063, -0.002323389984667301, 0.0010788494255393744, -0.00686336075887084, 0.012400796636939049, -0.008109970018267632, -0.0033382310066372156, 0.005510262213647366, -0.0026106478180736303, 0.0010380384046584368, -0.0002844679693225771], [-0.0006711031892336905, 0.0038006885442882776, -0.001684790477156639, 0.0037329455371946096, -0.0012021397706121206, 0.00014269239909481257, -0.008109970018267632, 0.017445938661694527, -0.005811501294374466, -0.0018769553862512112, 0.0043741450645029545, -0.005584764294326305, 0.0024109059013426304], [0.0004124761908315122, -0.002395687624812126, 0.0012826411984860897, -0.0022670377511531115, -0.00044222475844435394, 0.000630830239970237, -0.0033382310066372156, -0.005811501294374466, 0.01877884566783905, -0.0078726252540946, -0.006280187517404556, 0.008749604225158691, -0.005925609264522791], [-0.0004482937802094966, 0.0025340751744806767, -0.0008110735798254609, 0.0014683635672554374, -0.0013932619476690888, -0.0007225116132758558, 0.005510262213647366, -0.0018769553862512112, -0.0078726252540946, 0.015940550714731216, -0.0045755221508443356, -0.0010324371978640556, 0.0010205418802797794], [0.0007128480356186628, -0.002219773130491376, 0.0009315363131463528, -0.0024161783512681723, 0.00045002246042713523, -0.00024198219762183726, -0.0026106478180736303, 0.0043741450645029545, -0.006280187517404556, -0.0045755221508443356, 0.018211111426353455, -0.013617182150483131, 0.0019165666308254004], [-0.000864848552737385, 0.003178680781275034, -0.0021875391248613596, 0.003932423889636993, 0.0006476480630226433, 0.0011080314870923758, 0.0010380384046584368, -0.005584764294326305, 0.008749604225158691, -0.0010324371978640556, -0.013617182150483131, 0.02865208126604557, -0.010996434837579727], [0.0006442038575187325, -0.0019365915795788169, 0.0011437530629336834, -0.0007259218255057931, -0.0008192051318474114, -0.0001342586037935689, -0.0002844679693225771, 0.0024109059013426304, -0.005925609264522791, 0.0010205418802797794, 0.0019165666308254004, -0.010996434837579727, 0.016478901728987694]], "lowlevel.mfcc.cov": [[3885.377197265625, -331.68621826171875, 75.78999328613281, 282.3431396484375, 255.85763549804688, -89.10738372802734, -138.82630920410156, -286.2980651855469, -192.51551818847656, -167.40672302246094, -183.72068786621094, -146.67648315429688, -63.028385162353516], [-331.68621826171875, 994.8224487304688, -10.481093406677246, 19.685312271118164, 27.810321807861328, 112.11930847167969, 36.87721633911133, 77.3506088256836, 109.73384857177734, 51.14884948730469, 12.341320991516113, 74.7788314819336, 116.08537292480469], [75.78999328613281, -10.481093406677246, 499.41961669921875, 165.88133239746094, 263.5303039550781, 125.23008728027344, 147.8259735107422, 96.52527618408203, 77.69577026367188, 53.26941680908203, 81.85700225830078, 41.58980178833008, 10.985827445983887], [282.3431396484375, 19.685312271118164, 165.88133239746094, 414.38262939453125, 248.8930206298828, 187.90774536132812, 87.68924713134766, 58.084632873535156, 86.734619140625, 124.93647766113281, 71.91911315917969, 55.5919189453125, 47.57788848876953], [255.85763549804688, 27.810321807861328, 263.5303039550781, 248.8930206298828, 434.3024597167969, 206.1446990966797, 139.36228942871094, 61.557029724121094, 99.43961334228516, 114.67539978027344, 104.36325073242188, 51.71166229248047, 31.51935577392578], [-89.10738372802734, 112.11930847167969, 125.23008728027344, 187.90774536132812, 206.1446990966797, 267.62835693359375, 168.76329040527344, 139.60595703125, 159.62667846679688, 152.33761596679688, 116.91169738769531, 106.16996002197266, 62.86497116088867], [-138.82630920410156, 36.87721633911133, 147.8259735107422, 87.68924713134766, 139.36228942871094, 168.76329040527344, 272.1031799316406, 244.5327911376953, 185.84716796875, 136.3970184326172, 129.82460021972656, 109.55536651611328, 65.18541717529297], [-286.2980651855469, 77.3506088256836, 96.52527618408203, 58.084632873535156, 61.557029724121094, 139.60595703125, 244.5327911376953, 329.2908935546875, 223.35182189941406, 149.55177307128906, 139.85118103027344, 123.57408905029297, 72.99867248535156], [-192.51551818847656, 109.73384857177734, 77.69577026367188, 86.734619140625, 99.43961334228516, 159.62667846679688, 185.84716796875, 223.35182189941406, 285.32720947265625, 190.92422485351562, 129.4632110595703, 122.9281005859375, 89.32011413574219], [-167.40672302246094, 51.14884948730469, 53.26941680908203, 124.93647766113281, 114.67539978027344, 152.33761596679688, 136.3970184326172, 149.55177307128906, 190.92422485351562, 214.6232147216797, 152.2728271484375, 121.49424743652344, 85.97016143798828], [-183.72068786621094, 12.341320991516113, 81.85700225830078, 71.91911315917969, 104.36325073242188, 116.91169738769531, 129.82460021972656, 139.85118103027344, 129.4632110595703, 152.2728271484375, 179.66322326660156, 126.75639343261719, 71.51922607421875], [-146.67648315429688, 74.7788314819336, 41.58980178833008, 55.5919189453125, 51.71166229248047, 106.16996002197266, 109.55536651611328, 123.57408905029297, 122.9281005859375, 121.49424743652344, 126.75639343261719, 154.37347412109375, 97.77458190917969], [-63.028385162353516, 116.08537292480469, 10.985827445983887, 47.57788848876953, 31.51935577392578, 62.86497116088867, 65.18541717529297, 72.99867248535156, 89.32011413574219, 85.97016143798828, 71.51922607421875, 97.77458190917969, 118.23484802246094]], "lowlevel.mfcc.icov": [[0.000342770479619503, 0.00010286487668054178, 9.721668175188825e-05, -0.0003183804510626942, -0.00031864133779890835, 0.0003356704255566001, -0.00019487128884065896, 0.0002700557524804026, -0.0001499154750490561, 0.0003138314641546458, 0.00031862372998148203, -0.00013112049782648683, -0.0001512549351900816], [0.00010286487668054178, 0.0013378362637013197, 7.89193745731609e-06, 0.00023487739963456988, -0.00018753927724901587, -0.0009265533299185336, 0.0008448852458968759, -0.00047224570880644023, -0.0003657092747744173, 0.0005721387569792569, 0.0007237053359858692, 0.00016404628695454448, -0.0016986834816634655], [9.721668175188825e-05, 7.89193745731609e-06, 0.0034676652867347, -0.0008168276399374008, -0.001778806559741497, 0.0007825751090422273, -0.0014619578141719103, 0.00023684490588493645, -0.0007269117631949484, 0.0022414138074964285, -0.0012323136907070875, -0.00019672820053528994, 0.0005959372501820326], [-0.0003183804510626942, 0.00023487739963456988, -0.0008168276399374008, 0.005236989352852106, -0.0013814042322337627, -0.0027725950349122286, 0.001878551091067493, -0.0014284527860581875, 0.001882660435512662, -0.0036366949789226055, 0.0022164187394082546, 0.00039187565562315285, -0.0011858376674354076], [-0.00031864133779890835, -0.00018753927724901587, -0.001778806559741497, -0.0013814042322337627, 0.006468923296779394, -0.0028779879212379456, -0.0018014863599091768, 0.002451714826747775, -0.0005271924310363829, 0.00030664500081911683, -0.0032863139640539885, 0.0029119905084371567, -0.00022427685325965285], [0.0003356704255566001, -0.0009265533299185336, 0.0007825751090422273, -0.0027725950349122286, -0.0028779879212379456, 0.012672597542405128, -0.004898793995380402, 0.0018821308622136712, -0.0012581610353663564, -0.0024928536731749773, 0.0017544538713991642, -0.004879654385149479, 0.0034367095213383436], [-0.00019487128884065896, 0.0008448852458968759, -0.0014619578141719103, 0.001878551091067493, -0.0018014863599091768, -0.004898793995380402, 0.017224907875061035, -0.010373292490839958, -0.00013409910025075078, 0.0005991777870804071, -0.00035397111787460744, 0.00034758332185447216, -0.0019682240672409534], [0.0002700557524804026, -0.00047224570880644023, 0.00023684490588493645, -0.0014284527860581875, 0.002451714826747775, 0.0018821308622136712, -0.010373292490839958, 0.014288637787103653, -0.006015056744217873, 0.002767401747405529, -0.003712897654622793, -0.0007212104392237961, 0.0017774221487343311], [-0.0001499154750490561, -0.0003657092747744173, -0.0007269117631949484, 0.001882660435512662, -0.0005271924310363829, -0.0012581610353663564, -0.00013409910025075078, -0.006015056744217873, 0.015021665021777153, -0.011966357007622719, 0.006025565788149834, -0.001371989375911653, -0.0009711559978313744], [0.0003138314641546458, 0.0005721387569792569, 0.0022414138074964285, -0.0036366949789226055, 0.00030664500081911683, -0.0024928536731749773, 0.0005991777870804071, 0.002767401747405529, -0.011966357007622719, 0.026828788220882416, -0.015042737126350403, 0.0027068329509347677, -0.003541375044733286], [0.00031862372998148203, 0.0007237053359858692, -0.0012323136907070875, 0.0022164187394082546, -0.0032863139640539885, 0.0017544538713991642, -0.00035397111787460744, -0.003712897654622793, 0.006025565788149834, -0.015042737126350403, 0.026588819921016693, -0.014174682088196278, 0.0031368869822472334], [-0.00013112049782648683, 0.00016404628695454448, -0.00019672820053528994, 0.00039187565562315285, 0.0029119905084371567, -0.004879654385149479, 0.00034758332185447216, -0.0007212104392237961, -0.001371989375911653, 0.0027068329509347677, -0.014174682088196278, 0.028514644131064415, -0.01423633936792612], [-0.0001512549351900816, -0.0016986834816634655, 0.0005959372501820326, -0.0011858376674354076, -0.00022427685325965285, 0.0034367095213383436, -0.0019682240672409534, 0.0017774221487343311, -0.0009711559978313744, -0.003541375044733286, 0.0031368869822472334, -0.01423633936792612, 0.02187090367078781]], "metadata.audio_properties.analysis.downmix": "mix", "metadata.audio_properties.codec": "mp3", "metadata.audio_properties.md5_encoded": "52e309a111bcc435a8c0594d688e6996", "metadata.tags.file_name": "1182273423330791474.mp3", "metadata.version.essentia": "2.1-beta6-dev", "metadata.version.essentia_git_sha": "v2.1_beta5-1110-g77a6a954", "metadata.version.extractor": "music 2.0", "tonal.chords_key": "D", "tonal.chords_scale": "minor", "tonal.key_edma.key": "D", "tonal.key_edma.scale": "minor", "tonal.key_krumha