{"song_id": "1182271019541606471", "download": "https://cdn.discordapp.com/attachments/1128313332273782784/1182271019541606471/chirp.mp4?ex=658416b0&amp", "lyrics": "(Verse 1)\nIn the city's heartbeat, where dreams unfold,\nAman strides with purpose, the story yet untold.\nNicknamed Aman, a warrior in the light,\nIn the rhythm of life, he takes his flight.\n\nBorn to conquer, where challenges reside,\nIn the streets, he walks, with a quiet pride.\nFrom dawn to dusk, in the urban maze,\nAmanul Haq, setting hearts ablaze.\n\n(Chorus)\nAman, the echo in the urban breeze,\nIn the concrete jungle, he finds his ease.\nHaq in his steps, a relentless quest,\nRap of resilience, beating in his chest.\n\n(Verse 2)\nFrom the hustle of the day to the calm of night,\nAman's journey, a symphony of might.\nIn the city's skyline, where dreams align,\nAmanul Haq, the name that defines.", "style": ["ELECTRO  TECHNO"], "essentia_features": {"lowlevel.average_loudness": 0.9237000346183777, "lowlevel.barkbands_crest.mean": 17.662582397460938, "lowlevel.barkbands_crest.stdev": 6.394374847412109, "lowlevel.barkbands_flatness_db.mean": 0.29997527599334717, "lowlevel.barkbands_flatness_db.stdev": 0.13078457117080688, "lowlevel.barkbands_kurtosis.mean": 82.18789672851562, "lowlevel.barkbands_kurtosis.stdev": 167.26930236816406, "lowlevel.barkbands_skewness.mean": 4.745943546295166, "lowlevel.barkbands_skewness.stdev": 5.27963924407959, "lowlevel.barkbands_spread.mean": 13.708883285522461, "lowlevel.barkbands_spread.stdev": 19.073551177978516, "lowlevel.dissonance.mean": 0.4455487132072449, "lowlevel.dissonance.stdev": 0.05621467903256416, "lowlevel.dynamic_complexity": 4.246931076049805, "lowlevel.erbbands_crest.mean": 12.297798156738281, "lowlevel.erbbands_crest.stdev": 6.446648597717285, "lowlevel.erbbands_flatness_db.mean": 0.1965552717447281, "lowlevel.erbbands_flatness_db.stdev": 0.07696130871772766, "lowlevel.erbbands_kurtosis.mean": 5.807497978210449, "lowlevel.erbbands_kurtosis.stdev": 12.137944221496582, "lowlevel.erbbands_skewness.mean": 0.5240126252174377, "lowlevel.erbbands_skewness.stdev": 2.0214486122131348, "lowlevel.erbbands_spread.mean": 45.86293411254883, "lowlevel.erbbands_spread.stdev": 40.394371032714844, "lowlevel.hfc.mean": 22.74593734741211, "lowlevel.hfc.stdev": 37.35401916503906, "lowlevel.loudness_ebu128.integrated": -15.553430557250977, "lowlevel.loudness_ebu128.loudness_range": 2.1529407501220703, "lowlevel.loudness_ebu128.momentary.mean": -16.378337860107422, "lowlevel.loudness_ebu128.momentary.stdev": 2.9468698501586914, "lowlevel.loudness_ebu128.short_term.mean": -15.740147590637207, "lowlevel.loudness_ebu128.short_term.stdev": 0.82695472240448, "lowlevel.melbands_crest.mean": 25.03829002380371, "lowlevel.melbands_crest.stdev": 9.826239585876465, "lowlevel.melbands_flatness_db.mean": 0.3696098327636719, "lowlevel.melbands_flatness_db.stdev": 0.17136897146701813, "lowlevel.melbands_kurtosis.mean": 153.1044464111328, "lowlevel.melbands_kurtosis.stdev": 265.14556884765625, "lowlevel.melbands_skewness.mean": 6.952746391296387, "lowlevel.melbands_skewness.stdev": 6.880623817443848, "lowlevel.melbands_spread.mean": 19.20328712463379, "lowlevel.melbands_spread.stdev": 40.4874267578125, "lowlevel.pitch_salience.mean": 0.35517433285713196, "lowlevel.pitch_salience.stdev": 0.23725663125514984, "lowlevel.silence_rate_20dB.mean": 0.9820393919944763, "lowlevel.silence_rate_20dB.stdev": 0.1328083723783493, "lowlevel.silence_rate_30dB.mean": 0.727114737033844, "lowlevel.silence_rate_30dB.stdev": 0.4454399645328522, "lowlevel.silence_rate_60dB.mean": 0.15121668577194214, "lowlevel.silence_rate_60dB.stdev": 0.3582637310028076, "lowlevel.spectral_centroid.mean": 1396.1458740234375, "lowlevel.spectral_centroid.stdev": 1477.57421875, "lowlevel.spectral_complexity.mean": 7.539976596832275, "lowlevel.spectral_complexity.stdev": 10.65105152130127, "lowlevel.spectral_decrease.mean": -2.039211643989347e-08, "lowlevel.spectral_decrease.stdev": 2.5123753744082933e-08, "lowlevel.spectral_energy.mean": 0.07902757823467255, "lowlevel.spectral_energy.stdev": 0.09549587219953537, "lowlevel.spectral_energyband_high.mean": 0.0018104768823832273, "lowlevel.spectral_energyband_high.stdev": 0.004498834256082773, "lowlevel.spectral_energyband_low.mean": 0.0671323835849762, "lowlevel.spectral_energyband_low.stdev": 0.0933234915137291, "lowlevel.spectral_energyband_middle_high.mean": 0.0017356621101498604, "lowlevel.spectral_energyband_middle_high.stdev": 0.004707944113761187, "lowlevel.spectral_energyband_middle_low.mean": 0.009293735958635807, "lowlevel.spectral_energyband_middle_low.stdev": 0.017459753900766373, "lowlevel.spectral_entropy.mean": 7.201488494873047, "lowlevel.spectral_entropy.stdev": 0.9957869052886963, "lowlevel.spectral_flux.mean": 0.11771102994680405, "lowlevel.spectral_flux.stdev": 0.11786913871765137, "lowlevel.spectral_kurtosis.mean": 10.164588928222656, "lowlevel.spectral_kurtosis.stdev": 16.113855361938477, "lowlevel.spectral_rms.mean": 0.007149395998567343, "lowlevel.spectral_rms.stdev": 0.005097668152302504, "lowlevel.spectral_rolloff.mean": 1312.13916015625, "lowlevel.spectral_rolloff.stdev": 2508.771728515625, "lowlevel.spectral_skewness.mean": 2.0283203125, "lowlevel.spectral_skewness.stdev": 1.6018704175949097, "lowlevel.spectral_spread.mean": 5247911.5, "lowlevel.spectral_spread.stdev": 2580298.0, "lowlevel.spectral_strongpeak.mean": 0.6973372101783752, "lowlevel.spectral_strongpeak.stdev": 0.9283386468887329, "lowlevel.zerocrossingrate.mean": 0.0503939613699913, "lowlevel.zerocrossingrate.stdev": 0.07093051075935364, "metadata.audio_properties.analysis.equal_loudness": 0.0, "metadata.audio_properties.analysis.length": 40.04265213012695, "metadata.audio_properties.analysis.sample_rate": 44100.0, "metadata.audio_properties.analysis.start_time": 0.0, "metadata.audio_properties.bit_rate": 122601.0, "metadata.audio_properties.length": 40.042667388916016, "metadata.audio_properties.lossless": 0.0, "metadata.audio_properties.number_channels": 1.0, "metadata.audio_properties.replay_gain": -9.721193313598633, "metadata.audio_properties.sample_rate": 48000.0, "rhythm.beats_count": 104.0, "rhythm.beats_loudness.mean": 0.14697353541851044, "rhythm.beats_loudness.stdev": 0.12815475463867188, "rhythm.bpm": 155.84715270996094, "rhythm.bpm_histogram_first_peak_bpm": 157.0, "rhythm.bpm_histogram_first_peak_weight": 0.2666666507720947, "rhythm.bpm_histogram_second_peak_bpm": 152.0, "rhythm.bpm_histogram_second_peak_spread": 0.0, "rhythm.bpm_histogram_second_peak_weight": 0.12621359527111053, "rhythm.danceability": 1.5548884868621826, "rhythm.onset_rate": 5.2428669929504395, "tonal.chords_changes_rate": 0.0520833320915699, "tonal.chords_number_rate": 0.008101851679384708, "tonal.chords_strength.mean": 0.5997413992881775, "tonal.chords_strength.stdev": 0.0597255565226078, "tonal.hpcp_crest.mean": 12.816582679748535, "tonal.hpcp_crest.stdev": 5.045953273773193, "tonal.hpcp_entropy.mean": 2.066511392593384, "tonal.hpcp_entropy.stdev": 0.7492157220840454, "tonal.key_edma.strength": 0.6141963005065918, "tonal.key_krumhansl.strength": 0.6123790144920349, "tonal.key_temperley.strength": 0.5800007581710815, "tonal.tuning_diatonic_strength": 0.6713674664497375, "tonal.tuning_equal_tempered_deviation": 0.227993905544281, "tonal.tuning_frequency": 434.193115234375, "tonal.tuning_nontempered_energy_ratio": 0.9234961271286011, "lowlevel.barkbands.mean": [0.004788249731063843, 0.05776345357298851, 0.00369063182733953, 0.0016144078690558672, 0.004213350359350443, 0.0013575783232226968, 0.0009358010720461607, 0.0004369309463072568, 0.0006086589419282973, 0.0003032354870811105, 0.00026584274019114673, 0.00023573412909172475, 0.00017121469136327505, 0.0001297320268349722, 0.00010429052781546488, 0.00014710881805513054, 0.00012928660726174712, 0.0001357795699732378, 0.00012706199777312577, 0.0001251522044185549, 0.00021642820502165705, 0.00033864451688714325, 0.0006215361063368618, 0.00035035089240409434, 0.00016002739721443504, 5.702897396986373e-05, 8.86050628423618e-08], "lowlevel.barkbands.stdev": [0.006228307262063026, 0.08568022400140762, 0.013940522447228432, 0.006904302630573511, 0.007819305174052715, 0.003292628563940525, 0.0029214019887149334, 0.001756393350660801, 0.002632885007187724, 0.0013308998895809054, 0.0009033083915710449, 0.0008993109222501516, 0.0005993898375891149, 0.0004334625555202365, 0.00037237931974232197, 0.0005990405916236341, 0.000482956733321771, 0.00047775660641491413, 0.00041605980368331075, 0.0003315278154332191, 0.0005372529849410057, 0.0009000751888379455, 0.00191276497207582, 0.0012489203363656998, 0.0004694551753345877, 0.00016651145415380597, 1.1845834251289489e-06], "lowlevel.erbbands.mean": [2.7890305519104004, 8.411004066467285, 5.213648796081543, 5.434597492218018, 5.78159236907959, 18.62306785583496, 14.223522186279297, 12.12320613861084, 16.12548065185547, 10.649293899536133, 9.055838584899902, 13.431270599365234, 12.194206237792969, 8.377591133117676, 12.23300838470459, 9.34118938446045, 7.759225845336914, 7.162777423858643, 5.8659892082214355, 6.523067474365234, 7.985141277313232, 7.469311714172363, 7.388117790222168, 7.163687229156494, 5.985832691192627, 5.733242511749268, 7.643754959106445, 8.866872787475586, 12.103074073791504, 15.950779914855957, 16.927417755126953, 9.304862022399902, 5.218116283416748, 2.2340340614318848, 0.8988465070724487, 0.3991200923919678, 0.07953370362520218, 0.004255568142980337, 0.00014694662240799516, 9.824410517467186e-05], "lowlevel.erbbands.stdev": [3.916876792907715, 14.455900192260742, 15.767163276672363, 21.201194763183594, 19.488258361816406, 34.207149505615234, 30.638900756835938, 30.094884872436523, 51.24150848388672, 34.473487854003906, 31.987945556640625, 61.31240463256836, 54.020904541015625, 31.300865173339844, 42.294673919677734, 33.48248291015625, 26.087203979492188, 23.836523056030273, 20.0609073638916, 24.964685440063477, 31.773632049560547, 27.7081298828125, 25.839038848876953, 24.14908790588379, 18.137340545654297, 14.972389221191406, 18.23539924621582, 22.59470558166504, 31.981887817382812, 46.40548324584961, 52.99428939819336, 32.00387191772461, 19.97031021118164, 6.921777725219727, 2.5950942039489746, 1.168778896331787, 0.243687704205513, 0.012991154566407204, 0.0003080751921515912, 0.0001094400868169032], "lowlevel.gfcc.mean": [-102.4360122680664, 86.17240905761719, -72.9464340209961, 44.83361053466797, -51.96162414550781, 33.06330490112305, -28.99045181274414, 13.84681510925293, -15.612691879272461, 3.711495876312256, -0.36017853021621704, 7.431293964385986, 3.0986878871917725], "lowlevel.melbands.mean": [0.01964697055518627, 0.0050444938242435455, 0.0009104707278311253, 0.0008267037337645888, 0.0006376560195349157, 0.00027418872923590243, 0.00023057036742102355, 0.00011124664888484403, 7.761266169836745e-05, 8.445532876066864e-05, 5.915844303672202e-05, 3.260444646002725e-05, 3.7478297599591315e-05, 3.124026989098638e-05, 1.920212889672257e-05, 1.6419709936599247e-05, 1.28438368847128e-05, 9.594307812221814e-06, 7.953863132570405e-06, 9.87211024039425e-06, 9.130399121204391e-06, 7.778373401379213e-06, 7.019668373686727e-06, 6.251259947021026e-06, 5.82462325837696e-06, 4.397622433316428e-06, 4.256656666257186e-06, 3.6466415167524246e-06, 4.170344709564233e-06, 5.903093551751226e-06, 4.695948518929072e-06, 6.44390502202441e-06, 7.326849754463183e-06, 1.004300793283619e-05, 1.0118673344550189e-05, 8.121874088828918e-06, 4.950173206452746e-06, 4.030172021884937e-06, 2.335279305043514e-06, 1.7531190223962767e-06], "lowlevel.melbands.stdev": [0.028319543227553368, 0.009725202806293964, 0.0035384579095989466, 0.0016208462184295058, 0.0012440553400665522, 0.0006812712526880205, 0.0007091314764693379, 0.00039156529237516224, 0.0002889346797019243, 0.00037539086770266294, 0.0002674561401363462, 0.0001285260950680822, 0.00012911431258544326, 0.00011470412573544309, 6.903491157572716e-05, 5.657425208482891e-05, 4.3391617509769276e-05, 3.3686956157907844e-05, 2.8793447199859656e-05, 4.0946419176179916e-05, 3.719628875842318e-05, 3.025445948878769e-05, 2.470189065206796e-05, 2.26175816351315e-05, 2.0124211005168036e-05, 1.477366458857432e-05, 1.3042449609201867e-05, 9.550786671752576e-06, 1.0276484317728318e-05, 1.5558027371298522e-05, 1.264602269657189e-05, 1.7275664504268207e-05, 2.0771136405528523e-05, 3.078595545957796e-05, 3.2003430533222854e-05, 2.8310076231718995e-05, 1.7492022379883565e-05, 1.6994379620882683e-05, 7.825914508430287e-06, 5.491451247507939e-06], "lowlevel.melbands128.mean": [0.004667412023991346, 0.02600039169192314, 0.024831466376781464, 0.010110028088092804, 0.0029730903916060925, 0.0017248644726350904, 0.0011535995872691274, 0.0006894458783790469, 0.00046349148033186793, 0.0006954596610739827, 0.001224522478878498, 0.0010277737164869905, 0.0004345816560089588, 0.00022408616496250033, 0.00023835884348955005, 0.0003257053904235363, 0.0003300282114651054, 0.000209565187105909, 0.00011462641123216599, 0.00011574443487916142, 0.00011739067122107372, 7.2325456130784e-05, 5.754005542257801e-05, 0.00010016959276981652, 0.00010087332339026034, 6.348812894430012e-05, 8.508089376846328e-05, 5.973561201244593e-05, 3.9641767216380686e-05, 3.381709393579513e-05, 3.0562154279323295e-05, 2.8921755074406974e-05, 3.285742423031479e-05, 5.415891428128816e-05, 3.2121541153173894e-05, 2.7349957235855982e-05, 2.2287485990091227e-05, 1.893684566312004e-05, 1.7313415810349397e-05, 1.6235477232839912e-05, 1.704409260128159e-05, 1.576516660861671e-05, 1.2076091479684692e-05, 1.2392941243888345e-05, 1.0836140972969588e-05, 9.118409252550919e-06, 7.874327820900362e-06, 8.062895176408347e-06, 7.512524007324828e-06, 8.899084605218377e-06, 1.0942867447738536e-05, 9.919827789417468e-06, 9.53331164055271e-06, 8.621329470770434e-06, 8.401002560276538e-06, 7.978533176355995e-06, 7.019908480287995e-06, 6.8268868744780775e-06, 7.393926352960989e-06, 6.600467258977005e-06, 6.298967491602525e-06, 5.5900964071042836e-06, 6.515607765322784e-06, 5.763012723036809e-06, 5.031087766838027e-06, 4.376935521577252e-06, 3.783932697842829e-06, 4.5387805585050955e-06, 4.563654329103883e-06, 3.7304948818928096e-06, 3.318673861940624e-06, 3.8103746646811487e-06, 3.891774667863501e-06, 4.010764769191155e-06, 4.628291208064184e-06, 6.507633315777639e-06, 6.424318144127028e-06, 4.687254659074824e-06, 4.615559646481415e-06, 4.149353117099963e-06, 5.874283488083165e-06, 7.721057045273483e-06, 7.422006547130877e-06, 7.212150194391143e-06, 7.161772828112589e-06, 8.255682587332558e-06, 1.1350179192959331e-05, 1.3189990568207577e-05, 8.202653589250986e-06, 9.983199561247602e-06, 1.0285328244208358e-05, 7.565414762211731e-06, 4.592715868056985e-06, 5.218294063524809e-06, 4.66314713776228e-06, 4.5459300963557325e-06, 3.850279881589813e-06, 3.5477009987516794e-06, 2.051409637715551e-06, 2.0149029751337366e-06, 1.870165078798891e-06, 2.0038223738083616e-06, 1.20437641726312e-06, 7.747002541691472e-07, 7.765723353259091e-07, 1.2509088946899283e-06, 1.0211502967649722e-06, 7.250690714499797e-07, 6.80937205288501e-07, 5.873005193279823e-07, 4.930496970700915e-07, 3.5311285273564863e-07, 1.8457490114087705e-07, 1.0507386605240754e-07, 7.977182292506768e-08, 2.0141829537578815e-08, 3.614585963873651e-09, 8.517171690147762e-11, 1.891222248251445e-11, 1.526016465969171e-11, 1.3800472049851908e-11, 1.2554604057746221e-11, 1.2203162959301128e-11, 1.18944151403233e-11, 1.131580506380514e-11, 1.0560086659283652e-11, 1.0150842839895535e-11, 1.0049571418091485e-11], "lowlevel.melbands128.stdev": [0.006081939209252596, 0.03570413216948509, 0.039805978536605835, 0.019174981862306595, 0.009241459891200066, 0.00651740375906229, 0.004633721895515919, 0.0030431419145315886, 0.0018768144072964787, 0.0016010872786864638, 0.0023718993179500103, 0.002226201118901372, 0.0011721360497176647, 0.0006781686097383499, 0.0006659624632447958, 0.0010545294499024749, 0.001176383695565164, 0.0008393811294808984, 0.0003900110605172813, 0.0004908272530883551, 0.0005648600636050105, 0.0003704761911649257, 0.0002395964547758922, 0.0005342743243090808, 0.0005663214833475649, 0.0003154381411150098, 0.0004531262384261936, 0.0003463758039288223, 0.00020942810806445777, 0.0001666224852669984, 0.0001304847828578204, 0.00012077399151166901, 0.00012792770576197654, 0.00021025611204095185, 0.0001583782723173499, 0.00012393007637001574, 9.588598186383024e-05, 7.534152246080339e-05, 7.165368151618168e-05, 5.979575144010596e-05, 6.604357622563839e-05, 6.227739504538476e-05, 5.007746221963316e-05, 4.850266850553453e-05, 4.182240445516072e-05, 3.8922498788451776e-05, 3.1354411476058885e-05, 3.170728086843155e-05, 3.048676808248274e-05, 4.3043706682510674e-05, 5.0396236474625766e-05, 4.388644083519466e-05, 4.3439777073217556e-05, 3.902090611518361e-05, 3.7910722312517464e-05, 3.423736052354798e-05, 3.120623296126723e-05, 2.6518484446569346e-05, 2.9629822165588848e-05, 2.6921581593342125e-05, 2.484309698047582e-05, 2.273455356771592e-05, 2.5578834538464434e-05, 2.20157417061273e-05, 2.0439269064809196e-05, 1.6898920875974e-05, 1.2519972187874373e-05, 1.5814279322512448e-05, 1.5287565474864095e-05, 1.1699460628733505e-05, 9.947334547177888e-06, 1.0083638699143194e-05, 1.0869672223634552e-05, 1.1225745765841566e-05, 1.2328736374911387e-05, 1.841324228735175e-05, 1.9101822545053437e-05, 1.3394344932748936e-05, 1.4704021850775462e-05, 1.240011533809593e-05, 1.8078138964483514e-05, 2.4376191504416056e-05, 2.245622090413235e-05, 2.124932325386908e-05, 2.407958709227387e-05, 2.775621396722272e-05, 3.9433929487131536e-05, 4.544098555925302e-05, 2.7023441361961886e-05, 3.5029519494855776e-05, 3.60940357495565e-05, 2.9425318643916398e-05, 1.7668055079411715e-05, 2.0407349438755773e-05, 1.7064650819520466e-05, 2.1109068256919272e-05, 1.8517110220273025e-05, 1.4405458387045655e-05, 6.764169484085869e-06, 6.6231482378498185e-06, 6.295087132457411e-06, 6.8441740950220264e-06, 4.087739853275707e-06, 2.194877652073046e-06, 2.6581683414406143e-06, 4.3801583160529844e-06, 2.961335667350795e-06, 2.046104327746434e-06, 2.1826472220709547e-06, 1.985425114980899e-06, 1.7134329937107395e-06, 1.320692376793886e-06, 6.054805226085591e-07, 4.0388530919699406e-07, 3.1357168950307823e-07, 1.0867481137211144e-07, 4.0171183712800484e-08, 1.7556321951772702e-09, 1.5151545296188118e-10, 7.89716139704133e-11, 5.94422566724262e-11, 4.695197008963703e-11, 4.505295442269741e-11, 4.1810072765047224e-11, 3.2539349686944163e-11, 2.2500570850958468e-11, 2.0346051232689177e-11, 2.020081150966302e-11], "lowlevel.mfcc.mean": [-757.6735229492188, 114.43788146972656, 41.918209075927734, 23.492151260375977, 16.238136291503906, 16.39847183227539, 10.071945190429688, 13.255145072937012, 2.7498178482055664, 3.429716110229492, -0.48060980439186096, 5.312053680419922, 8.63681697845459], "lowlevel.spectral_contrast_coeffs.mean": [-0.6992112994194031, -0.7880367636680603, -0.7999258637428284, -0.8308161497116089, -0.8134203553199768, -0.7878493666648865], "lowlevel.spectral_contrast_coeffs.stdev": [0.09842804819345474, 0.0851639062166214, 0.061047300696372986, 0.04676567390561104, 0.05149608850479126, 0.0559648796916008], "lowlevel.spectral_contrast_valleys.mean": [-7.421504497528076, -7.86807918548584, -8.470147132873535, -8.940814018249512, -8.941784858703613, -10.895968437194824], "lowlevel.spectral_contrast_valleys.stdev": [1.5048813819885254, 1.3686655759811401, 1.1506271362304688, 1.214651107788086, 1.5549615621566772, 1.8894957304000854], "rhythm.beats_loudness_band_ratio.mean": [0.6528768539428711, 0.12046714872121811, 0.05839035287499428, 0.042962875217199326, 0.03338589146733284, 0.10562817007303238], "rhythm.beats_loudness_band_ratio.stdev": [0.3907793164253235, 0.20460261404514313, 0.10894422233104706, 0.07690165191888809, 0.06055375188589096, 0.22685353457927704], "tonal.hpcp.mean": [0.09939306974411011, 0.08503612875938416, 0.05641692131757736, 0.05731917917728424, 0.07055558264255524, 0.06767873466014862, 0.06524266302585602, 0.07306155562400818, 0.0722266212105751, 0.10614702105522156, 0.13364452123641968, 0.08627700060606003, 0.044327642768621445, 0.03695819899439812, 0.030595554038882256, 0.028287505730986595, 0.027639690786600113, 0.029570821672677994, 0.02969460003077984, 0.025680841878056526, 0.025769127532839775, 0.04227675870060921, 0.05575156211853027, 0.06682302802801132, 0.1744074821472168, 0.18849879503250122, 0.08349408209323883, 0.0579841285943985, 0.05602968484163284, 0.056221961975097656, 0.06335651129484177, 0.10774267464876175, 0.27470242977142334, 0.3305269479751587, 0.19062314927577972, 0.10777971148490906], "tonal.hpcp.stdev": [0.23521359264850616, 0.22619210183620453, 0.17226579785346985, 0.16743819415569305, 0.20031091570854187, 0.19065067172050476, 0.18801948428153992, 0.20733541250228882, 0.18873372673988342, 0.223846435546875, 0.2763495147228241, 0.2059028446674347, 0.1477927267551422, 0.13009676337242126, 0.10701778531074524, 0.10745468735694885, 0.09642569720745087, 0.10527121275663376, 0.11383061110973358, 0.08857865631580353, 0.09423752874135971, 0.13790933787822723, 0.1721774935722351, 0.17428815364837646, 0.3201009929180145, 0.3431534171104431, 0.18876111507415771, 0.1800614893436432, 0.1652420461177826, 0.16738881170749664, 0.17383252084255219, 0.22529801726341248, 0.3720032572746277, 0.4147964417934418, 0.3060030937194824, 0.25047582387924194], "rhythm.beats_position": [0.39473921060562134, 0.7778684496879578, 1.160997748374939, 1.5441269874572754, 1.9272562265396118, 2.3103854656219482, 2.693514585494995, 3.0650339126586914, 3.459773063659668, 3.8312923908233643, 4.22603178024292, 4.597550868988037, 4.9690704345703125, 5.363809585571289, 5.746938705444336, 6.130067825317383, 6.51319694519043, 6.896326541900635, 7.279455661773682, 7.6625847816467285, 8.034104347229004, 8.41723346710205, 8.800362586975098, 9.171881675720215, 9.566620826721191, 9.949749946594238, 10.332880020141602, 10.704399108886719, 11.099138259887695, 11.470657348632812, 11.85378646850586, 12.236915588378906, 12.620044708251953, 13.003174781799316, 13.386303901672363, 13.76943302154541, 14.140952110290527, 14.524081230163574, 14.907210350036621, 15.290339469909668, 15.673469543457031, 16.056598663330078, 16.439727783203125, 16.811246871948242, 17.20598602294922, 17.577505111694336, 17.949024200439453, 18.34376335144043, 18.738502502441406, 19.110021591186523, 19.5047607421875, 19.87628173828125, 20.247800827026367, 20.630929946899414, 21.01405906677246, 21.397188186645508, 21.780317306518555, 22.1634464263916, 22.54657554626465, 22.918094635009766, 23.301223754882812, 23.68435287475586, 24.067481994628906, 24.450611114501953, 24.84535026550293, 25.216869354248047, 25.600000381469727, 25.983129501342773, 26.36625862121582, 26.737777709960938, 27.120906829833984, 27.50403594970703, 27.887165069580078, 28.270294189453125, 28.653423309326172, 29.03655242919922, 29.419681549072266, 29.802810668945312, 30.18593978881836, 30.557458877563477, 30.952198028564453, 31.323719024658203, 31.70684814453125, 32.0899772644043, 32.473106384277344, 32.84462356567383, 33.227752685546875, 33.61088562011719, 33.994014739990234, 34.37714385986328, 34.76027297973633, 35.143402099609375, 35.52653121948242, 35.90966033935547, 36.292789459228516, 36.664306640625, 37.05904769897461, 37.442176818847656, 37.8253059387207, 38.19682312011719, 38.5915641784668, 38.96308135986328, 39.346214294433594, 39.72934341430664], "rhythm.bpm_histogram": [0.0, 0.0, 0.0, 0.0, 0.0, 0.0, 0.0, 0.0, 0.0, 0.0, 0.0, 0.0, 0.0, 0.0, 0.0, 0.0, 0.0, 0.0, 0.0, 0.0, 0.0, 0.0, 0.0, 0.0, 0.0, 0.0, 0.0, 0.0, 0.0, 0.0, 0.0, 0.0, 0.0, 0.0, 0.0, 0.0, 0.0, 0.0, 0.0, 0.0, 0.0, 0.0, 0.0, 0.0, 0.0, 0.0, 0.0, 0.0, 0.0, 0.0, 0.0, 0.0, 0.0, 0.0, 0.0, 0.0, 0.0, 0.0, 0.0, 0.0, 0.0, 0.0, 0.0, 0.0, 0.0, 0.0, 0.0, 0.0, 0.0, 0.0, 0.0, 0.0, 0.0, 0.0, 0.0, 0.0, 0.0, 0.0, 0.0, 0.0, 0.0, 0.0, 0.0, 0.0, 0.0, 0.0, 0.0, 0.0, 0.0, 0.0, 0.0, 0.0, 0.0, 0.0, 0.0, 0.0, 0.0, 0.0, 0.0, 0.0, 0.0, 0.0, 0.0, 0.0, 0.0, 0.0, 0.0, 0.0, 0.0, 0.0, 0.0, 0.0, 0.0, 0.0, 0.0, 0.0, 0.0, 0.0, 0.0, 0.0, 0.0, 0.0, 0.0, 0.0, 0.0, 0.0, 0.0, 0.0, 0.0, 0.0, 0.0, 0.0, 0.0, 0.0, 0.0, 0.0, 0.0, 0.0, 0.0, 0.0, 0.0, 0.0, 0.0, 0.0, 0.0, 0.0, 0.0, 0.0, 0.0, 0.0, 0.0, 0.0, 0.12621359527111053, 0.0, 0.0, 0.0, 0.0, 0.6407766938209534, 0.0, 0.0, 0.0, 0.2330097109079361, 0.0, 0.0, 0.0, 0.0, 0.0, 0.0, 0.0, 0.0, 0.0, 0.0, 0.0, 0.0, 0.0, 0.0, 0.0, 0.0, 0.0, 0.0, 0.0, 0.0, 0.0, 0.0, 0.0, 0.0, 0.0, 0.0, 0.0, 0.0, 0.0, 0.0, 0.0, 0.0, 0.0, 0.0, 0.0, 0.0, 0.0, 0.0, 0.0, 0.0, 0.0, 0.0, 0.0, 0.0, 0.0, 0.0, 0.0, 0.0, 0.0, 0.0, 0.0, 0.0, 0.0, 0.0, 0.0, 0.0, 0.0, 0.0, 0.0, 0.0, 0.0, 0.0, 0.0, 0.0, 0.0, 0.0, 0.0, 0.0, 0.0, 0.0, 0.0, 0.0, 0.0, 0.0, 0.0, 0.0, 0.0, 0.0, 0.0, 0.0, 0.0, 0.0, 0.0, 0.0, 0.0, 0.0, 0.0, 0.0], "tonal.chords_histogram": [57.98611068725586, 15.393518447875977, 1.1574074029922485, 0.0, 0.0, 0.0, 0.0, 7.523148059844971, 1.9675925970077515, 13.19444465637207, 0.0, 0.0, 0.0, 0.0, 0.0, 0.0, 0.0, 0.0, 0.0, 0.0, 0.0, 0.0, 0.0, 2.777777671813965], "tonal.thpcp": [1.0, 0.5767250061035156, 0.3260844945907593, 0.3007109463214874, 0.25727441906929016, 0.17068780958652496, 0.1734175682067871, 0.2134639322757721, 0.2047601044178009, 0.19738984107971191, 0.22104568779468536, 0.21851961314678192, 0.32114481925964355, 0.40433773398399353, 0.2610286474227905, 0.13411204516887665, 0.11181599646806717, 0.09256599098443985, 0.08558305352926254, 0.08362311124801636, 0.08946569263935089, 0.08984018117189407, 0.07769666612148285, 0.07796376943588257, 0.1279071420431137, 0.1686747819185257, 0.202171191573143, 0.5276649594306946, 0.5702978372573853, 0.2526090145111084, 0.1754293590784073, 0.16951623558998108, 0.1700979620218277, 0.1916833519935608, 0.32597243785858154, 0.8311045169830322], "lowlevel.gfcc.cov": [[14922.6416015625, -2981.8388671875, 961.20703125, 1953.20263671875, -1913.5989990234375, -170.57147216796875, -766.0467529296875, 243.30894470214844, -408.0524597167969, 759.9712524414062, -476.8048400878906, 183.67359924316406, -665.1969604492188], [-2981.8388671875, 5569.31298828125, 498.0956115722656, -1463.455810546875, 1231.897705078125, -750.9028930664062, 118.4727554321289, -232.16644287109375, 415.0855407714844, -643.0734252929688, 601.9801025390625, -475.97100830078125, 499.79901123046875], [961.20703125, 498.0956115722656, 2224.636474609375, 728.2348022460938, 295.0506591796875, 275.3824157714844, 328.4269714355469, 44.85683059692383, 234.2374267578125, 134.1981201171875, 123.20362091064453, 29.07973289489746, 85.1982192993164], [1953.20263671875, -1463.455810546875, 728.2348022460938, 1295.1805419921875, -95.009033203125, 373.63934326171875, 215.37757873535156, 147.08114624023438, 49.639930725097656, 286.52392578125, -89.46469116210938, 184.98345947265625, -51.151397705078125], [-1913.5989990234375, 1231.897705078125, 295.0506591796875, -95.009033203125, 1286.7188720703125, 231.0110626220703, 535.8209228515625, 142.3909454345703, 344.49114990234375, -57.86553955078125, 233.2552032470703, -25.663183212280273, 208.5771942138672], [-170.57147216796875, -750.9028930664062, 275.3824157714844, 373.63934326171875, 231.0110626220703, 720.3755493164062, 454.4090270996094, 135.36654663085938, 140.65391540527344, 139.71849060058594, -52.279300689697266, 102.76399993896484, 13.035006523132324], [-766.0467529296875, 118.4727554321289, 328.4269714355469, 215.37757873535156, 535.8209228515625, 454.4090270996094, 738.001708984375, 165.3001251220703, 274.58660888671875, 47.64120101928711, 60.845924377441406, 71.71985626220703, 113.1423568725586], [243.30894470214844, -232.16644287109375, 44.85683059692383, 147.08114624023438, 142.3909454345703, 135.36654663085938, 165.3001251220703, 299.6151123046875, 94.69857788085938, 101.79671478271484, 51.70893096923828, 40.44540786743164, 5.37082052230835], [-408.0524597167969, 415.0855407714844, 234.2374267578125, 49.639930725097656, 344.49114990234375, 140.65391540527344, 274.58660888671875, 94.69857788085938, 363.2419128417969, 82.02996063232422, 82.70549774169922, -15.286140441894531, 88.87945556640625], [759.9712524414062, -643.0734252929688, 134.1981201171875, 286.52392578125, -57.86553955078125, 139.71849060058594, 47.64120101928711, 101.79671478271484, 82.02996063232422, 312.42169189453125, -25.633384704589844, 59.93129348754883, -74.85742950439453], [-476.8048400878906, 601.9801025390625, 123.20362091064453, -89.46469116210938, 233.2552032470703, -52.279300689697266, 60.845924377441406, 51.70893096923828, 82.70549774169922, -25.633384704589844, 231.58436584472656, -20.258272171020508, 93.56156158447266], [183.67359924316406, -475.97100830078125, 29.07973289489746, 184.98345947265625, -25.663183212280273, 102.76399993896484, 71.71985626220703, 40.44540786743164, -15.286140441894531, 59.93129348754883, -20.258272171020508, 173.6398162841797, 12.02419376373291], [-665.1969604492188, 499.79901123046875, 85.1982192993164, -51.151397705078125, 208.5771942138672, 13.035006523132324, 113.1423568725586, 5.37082052230835, 88.87945556640625, -74.85742950439453, 93.56156158447266, 12.02419376373291, 177.83885192871094]], "lowlevel.gfcc.icov": [[0.000138969233375974, -0.000129423409816809, 2.7189628326595994e-06, -0.00025414215633645654, 0.0001840744080254808, 3.849619133688975e-06, 7.79039110057056e-05, -0.0001962238020496443, 6.0695041611324996e-05, -0.00017671695968601853, 0.00015940274170134217, -0.0001336952263955027, 0.00036978680873289704], [-0.000129423409816809, 0.001173226279206574, -0.00040873116813600063, 0.0009527469519525766, -0.0006094629061408341, 0.0008189076907001436, -0.00029048105352558196, 0.0005784783861599863, -0.0005884187994524837, 0.0008656589780002832, -0.0009812616044655442, 0.0014496170915663242, -0.0014126849127933383], [2.7189628326595994e-06, -0.00040873116813600063, 0.0008101222338154912, -0.0007223295979201794, 0.00015265241381712258, -0.0003592603316064924, -9.57259089773288e-06, 0.00014369047130458057, -8.75668501976179e-06, -0.00026107236044481397, -0.00010507445404073223, -0.0002328210393898189, 0.0003775492368731648], [-0.00025414215633645654, 0.0009527469519525766, -0.0007223295979201794, 0.0024249088019132614, -0.0005012463661842048, 0.0002900429244618863, -0.00037301116390153766, 0.0002859723463188857, -0.0002074528019875288, 1.2250929103174713e-05, -0.0003625346871558577, 0.00029958863160572946, -0.0015100762248039246], [0.0001840744080254808, -0.0006094629061408341, 0.00015265241381712258, -0.0005012463661842048, 0.0019552414305508137, -0.00042491915519349277, -0.0005559508572332561, -0.0005612947861663997, -0.0002833615290001035, -0.0002213217958342284, -0.00028060394106432796, -0.00047343995538540184, 0.0005207505892030895], [3.849619133688975e-06, 0.0008189076907001436, -0.0003592603316064924, 0.0002900429244618863, -0.00042491915519349277, 0.0034659449011087418, -0.0018104802584275603, 0.00013421368203125894, -0.00016566613339819014, -8.640843589091673e-05, 0.0002634096599649638, 0.0006942336331121624, -0.0007785119232721627], [7.79039110057056e-05, -0.00029048105352558196, -9.57259089773288e-06, -0.00037301116390153766, -0.0005559508572332561, -0.0018104802584275603, 0.003783304011449218, -0.000846003764308989, -0.001240247511304915, 0.0005612531676888466, 0.0005001750541850924, -0.001105761039070785, 7.610502507304773e-05], [-0.0001962238020496443, 0.0005784783861599863, 0.00014369047130458057, 0.0002859723463188857, -0.0005612947861663997, 0.00013421368203125894, -0.000846003764308989, 0.005091564729809761, -0.0006084752385504544, -0.000472905405331403, -0.0019011308904737234, 0.00036961270961910486, -0.00023312661505769938], [6.0695041611324996e-05, -0.0005884187994524837, -8.75668501976179e-06, -0.0002074528019875288, -0.0002833615290001035, -0.00016566613339819014, -0.001240247511304915, -0.0006084752385504544, 0.005850828252732754, -0.0027694955933839083, 0.0005649628583341837, 0.0008941842243075371, -0.0014703862834721804], [-0.00017671695968601853, 0.0008656589780002832, -0.00026107236044481397, 1.2250929103174713e-05, -0.0002213217958342284, -8.640843589091673e-05, 0.0005612531676888466, -0.000472905405331403, -0.0027694955933839083, 0.006726635154336691, -0.0013870105613023043, -0.0003735916980076581, 0.0019283905858173966], [0.00015940274170134217, -0.0009812616044655442, -0.00010507445404073223, -0.0003625346871558577, -0.00028060394106432796, 0.0002634096599649638, 0.0005001750541850924, -0.0019011308904737234, 0.0005649628583341837, -0.0013870105613023043, 0.007991895079612732, -0.0008395504555664957, -0.001664942130446434], [-0.0001336952263955027, 0.0014496170915663242, -0.0002328210393898189, 0.00029958863160572946, -0.00047343995538540184, 0.0006942336331121624, -0.001105761039070785, 0.00036961270961910486, 0.0008941842243075371, -0.0003735916980076581, -0.0008395504555664957, 0.009871060028672218, -0.004009530879557133], [0.00036978680873289704, -0.0014126849127933383, 0.0003775492368731648, -0.0015100762248039246, 0.0005207505892030895, -0.0007785119232721627, 7.610502507304773e-05, -0.00023312661505769938, -0.0014703862834721804, 0.0019283905858173966, -0.001664942130446434, -0.004009530879557133, 0.012459767051041126]], "lowlevel.mfcc.cov": [[15657.556640625, -4058.038330078125, 1264.6531982421875, 1063.230224609375, -900.9954833984375, -285.72943115234375, -678.4182739257812, -529.2062377929688, -520.2469482421875, 61.61565399169922, 206.9575653076172, 110.64502716064453, -471.45843505859375], [-4058.038330078125, 6369.8134765625, -488.6662292480469, -418.7798156738281, 785.5994873046875, -602.4956665039062, 131.31668090820312, -38.56095504760742, -85.62969970703125, 12.68018913269043, -86.04955291748047, -102.92019653320312, -33.91456985473633], [1264.6531982421875, -488.6662292480469, 1875.5400390625, 555.7318115234375, 20.764404296875, 346.8730163574219, 53.80748748779297, 65.7412109375, 32.97944641113281, 95.48945617675781, 65.94742584228516, 28.224990844726562, -1.8818761110305786], [1063.230224609375, -418.7798156738281, 555.7318115234375, 813.6771850585938, 189.26791381835938, 188.31016540527344, 102.79643249511719, 80.96995544433594, 78.10240173339844, 79.17864227294922, 87.54644775390625, 90.80945587158203, 44.82123565673828], [-900.9954833984375, 785.5994873046875, 20.764404296875, 189.26791381835938, 571.0115356445312, 92.71285247802734, 177.1162872314453, 103.6675796508789, 87.60844421386719, 100.16458892822266, 58.55354690551758, 58.93126678466797, 75.51759338378906], [-285.72943115234375, -602.4956665039062, 346.8730163574219, 188.31016540527344, 92.71285247802734, 749.94970703125, 244.59376525878906, 272.2642822265625, 324.30792236328125, 149.54592895507812, 126.46029663085938, 107.25367736816406, 97.85547637939453], [-678.4182739257812, 131.31668090820312, 53.80748748779297, 102.79643249511719, 177.1162872314453, 244.59376525878906, 419.64886474609375, 251.47703552246094, 177.19163513183594, 111.01187133789062, 76.86475372314453, 79.23728942871094, 109.14791870117188], [-529.2062377929688, -38.56095504760742, 65.7412109375, 80.96995544433594, 103.6675796508789, 272.2642822265625, 251.47703552246094, 385.74456787109375, 246.98780822753906, 94.7823715209961, 47.85699462890625, 79.53888702392578, 103.6673812866211], [-520.2469482421875, -85.62969970703125, 32.97944641113281, 78.10240173339844, 87.60844421386719, 324.30792236328125, 177.19163513183594, 246.98780822753906, 362.9837951660156, 160.3711700439453, 112.6202163696289, 91.95417785644531, 98.66463470458984], [61.61565399169922, 12.68018913269043, 95.48945617675781, 79.17864227294922, 100.16458892822266, 149.54592895507812, 111.01187133789062, 94.7823715209961, 160.3711700439453, 244.0203399658203, 146.66685485839844, 88.0641098022461, 41.84017562866211], [206.9575653076172, -86.04955291748047, 65.94742584228516, 87.54644775390625, 58.55354690551758, 126.46029663085938, 76.86475372314453, 47.85699462890625, 112.6202163696289, 146.66685485839844, 219.60125732421875, 97.32117462158203, 44.97365188598633], [110.64502716064453, -102.92019653320312, 28.224990844726562, 90.80945587158203, 58.93126678466797, 107.25367736816406, 79.23728942871094, 79.53888702392578, 91.95417785644531, 88.0641098022461, 97.32117462158203, 131.99945068359375, 60.85942459106445], [-471.45843505859375, -33.91456985473633, -1.8818761110305786, 44.82123565673828, 75.51759338378906, 97.85547637939453, 109.14791870117188, 103.6673812866211, 98.66463470458984, 41.84017562866211, 44.97365188598633, 60.85942459106445, 155.08164978027344]], "lowlevel.mfcc.icov": [[0.00011774998711189255, 5.273322676657699e-05, -2.7012243663193658e-05, -0.00014730625844094902, 0.00011750727571779862, 6.62174861645326e-05, 8.294596773339435e-05, -3.310596366645768e-05, 0.0001544061815366149, -0.00011677458678605035, -9.592391870683059e-05, -0.00018930040823761374, 0.0003118711174465716], [5.273322676657699e-05, 0.00027337370556779206, -4.953981260769069e-05, 0.00012719110236503184, -0.0003793604264501482, 0.0003136562299914658, -7.366183126578107e-05, 3.9503927951045625e-07, -9.957438305718824e-05, -2.568232230260037e-05, -3.6875364457955584e-05, 3.0437071472988464e-05, 0.00029015899053774774], [-2.7012243663193658e-05, -4.953981260769069e-05, 0.0007836134172976017, -0.0005145908216945827, 0.00019447237718850374, -0.00048385426634922624, 0.00011475285282358527, -0.00014015384658705443, 0.0004960770020261407, -0.00039535973337478936, 3.085405478486791e-05, 0.0004335473640821874, -9.921455784933642e-05], [-0.00014730625844094902, 0.00012719110236503184, -0.0005145908216945827, 0.002141642849892378, -0.0009980808245018125, 0.00010320397996110842, -0.00023619586136192083, 0.00011818773782579228, -0.00041791482362896204, 0.0005141959409229457, -5.804366446682252e-05, -0.0006547031807713211, -0.00013617536751553416], [0.00011750727571779862, -0.0003793604264501482, 0.00019447237718850374, -0.0009980808245018125, 0.003126998897641897, -0.0003386769676581025, -0.00045023427810519934, -3.7737349884992e-06, 0.0006246495177038014, -0.0009346517617814243, 0.00012658386549446732, -0.0002720922639127821, -0.0004996847128495574], [6.62174861645326e-05, 0.0003136562299914658, -0.00048385426634922624, 0.00010320397996110842, -0.0003386769676581025, 0.0029987585730850697, -0.0006889654323458672, -0.00020944092830177397, -0.002070794580504298, 0.0004349627997726202, -0.00037010651431046426, -0.00036793696926906705, 0.0005836617783643305], [8.294596773339435e-05, -7.366183126578107e-05, 0.00011475285282358527, -0.00023619586136192083, -0.00045023427810519934, -0.0006889654323458672, 0.004820027854293585, -0.002501728944480419, 0.0009904218604788184, -0.0008271005935966969, -0.00043681482202373445, 6.055098492652178e-05, -0.001064421609044075], [-3.310596366645768e-05, 3.9503927951045625e-07, -0.00014015384658705443, 0.00011818773782579228, -3.7737349884992e-06, -0.00020944092830177397, -0.002501728944480419, 0.006588698830455542, -0.003397013759240508, 0.0005243538762442768, 0.001655123196542263, -0.0012373175704851747, -0.0006206982070580125], [0.0001544061815366149, -9.957438305718824e-05, 0.0004960770020261407, -0.00041791482362896204, 0.0006246495177038014, -0.002070794580504298, 0.0009904218604788184, -0.003397013759240508, 0.008442017249763012, -0.0031251392792910337, -0.0008333629230037332, 0.00021052641386631876, -0.0012180525809526443], [-0.00011677458678605035, -2.568232230260037e-05, -0.00039535973337478936, 0.0005141959409229457, -0.0009346517617814243, 0.0004349627997726202, -0.0008271005935966969, 0.0005243538762442768, -0.0031251392792910337, 0.009147083386778831, -0.003866491373628378, -0.00155136629473418, 0.0011487588053569198], [-9.592391870683059e-05, -3.6875364457955584e-05, 3.085405478486791e-05, -5.804366446682252e-05, 0.00012658386549446732, -0.00037010651431046426, -0.00043681482202373445, 0.001655123196542263, -0.0008333629230037332, -0.003866491373628378, 0.009512735530734062, -0.004021086730062962, -0.0005169252399355173], [-0.00018930040823761374, 3.0437071472988464e-05, 0.0004335473640821874, -0.0006547031