{"song_id": "1182269487106506872", "download": "https://cdn.discordapp.com/attachments/1128313332273782784/1182269487106506872/chirp.mp4?ex=65841543&amp", "lyrics": "[Verse]\nJay-M, you light up the room with your smile\nThe way you move, it drives me wild\nYou're the rhythm to my melody, baby can't you see\nYou make my heart go on, endlessly\n\n[Chorus]\nJay-M, you're my favorite melody\nYour love's got me singing in harmony\nJay-M, you're the beat to my soul\nWith you, I'm feeling whole, oh oh", "style": ["UK drill</span><span>, po polsku"], "essentia_features": {"lowlevel.average_loudness": 0.9522697329521179, "lowlevel.barkbands_crest.mean": 14.49317741394043, "lowlevel.barkbands_crest.stdev": 5.319986820220947, "lowlevel.barkbands_flatness_db.mean": 0.2113581746816635, "lowlevel.barkbands_flatness_db.stdev": 0.07865913957357407, "lowlevel.barkbands_kurtosis.mean": 18.646717071533203, "lowlevel.barkbands_kurtosis.stdev": 65.83256530761719, "lowlevel.barkbands_skewness.mean": 2.4550366401672363, "lowlevel.barkbands_skewness.stdev": 2.845057964324951, "lowlevel.barkbands_spread.mean": 19.375272750854492, "lowlevel.barkbands_spread.stdev": 18.85647964477539, "lowlevel.dissonance.mean": 0.4353957772254944, "lowlevel.dissonance.stdev": 0.049779050052165985, "lowlevel.dynamic_complexity": 2.846848964691162, "lowlevel.erbbands_crest.mean": 13.804668426513672, "lowlevel.erbbands_crest.stdev": 6.525375843048096, "lowlevel.erbbands_flatness_db.mean": 0.17874769866466522, "lowlevel.erbbands_flatness_db.stdev": 0.05923239886760712, "lowlevel.erbbands_kurtosis.mean": 3.4257264137268066, "lowlevel.erbbands_kurtosis.stdev": 10.162056922912598, "lowlevel.erbbands_skewness.mean": 0.8591221570968628, "lowlevel.erbbands_skewness.stdev": 1.3128058910369873, "lowlevel.erbbands_spread.mean": 42.344993591308594, "lowlevel.erbbands_spread.stdev": 29.42658805847168, "lowlevel.hfc.mean": 25.99713897705078, "lowlevel.hfc.stdev": 24.015464782714844, "lowlevel.loudness_ebu128.integrated": -14.854130744934082, "lowlevel.loudness_ebu128.loudness_range": 2.2852344512939453, "lowlevel.loudness_ebu128.momentary.mean": -15.433717727661133, "lowlevel.loudness_ebu128.momentary.stdev": 2.4915611743927, "lowlevel.loudness_ebu128.short_term.mean": -14.910921096801758, "lowlevel.loudness_ebu128.short_term.stdev": 0.77965247631073, "lowlevel.melbands_crest.mean": 18.032642364501953, "lowlevel.melbands_crest.stdev": 5.472321510314941, "lowlevel.melbands_flatness_db.mean": 0.2771049439907074, "lowlevel.melbands_flatness_db.stdev": 0.09553225338459015, "lowlevel.melbands_kurtosis.mean": 39.198768615722656, "lowlevel.melbands_kurtosis.stdev": 86.07772064208984, "lowlevel.melbands_skewness.mean": 3.5908870697021484, "lowlevel.melbands_skewness.stdev": 3.3279848098754883, "lowlevel.melbands_spread.mean": 17.4460391998291, "lowlevel.melbands_spread.stdev": 19.216264724731445, "lowlevel.pitch_salience.mean": 0.413246214389801, "lowlevel.pitch_salience.stdev": 0.13805319368839264, "lowlevel.silence_rate_20dB.mean": 0.997956395149231, "lowlevel.silence_rate_20dB.stdev": 0.04516004025936127, "lowlevel.silence_rate_30dB.mean": 0.8985013365745544, "lowlevel.silence_rate_30dB.stdev": 0.3019866943359375, "lowlevel.silence_rate_60dB.mean": 0.026566756889224052, "lowlevel.silence_rate_60dB.stdev": 0.16081322729587555, "lowlevel.spectral_centroid.mean": 1101.0472412109375, "lowlevel.spectral_centroid.stdev": 763.2119140625, "lowlevel.spectral_complexity.mean": 12.87806510925293, "lowlevel.spectral_complexity.stdev": 9.674514770507812, "lowlevel.spectral_decrease.mean": -1.3332233095297852e-08, "lowlevel.spectral_decrease.stdev": 1.6154869442175368e-08, "lowlevel.spectral_energy.mean": 0.05267699807882309, "lowlevel.spectral_energy.stdev": 0.061545975506305695, "lowlevel.spectral_energyband_high.mean": 0.001426897244527936, "lowlevel.spectral_energyband_high.stdev": 0.002477911999449134, "lowlevel.spectral_energyband_low.mean": 0.031175917014479637, "lowlevel.spectral_energyband_low.stdev": 0.06125786900520325, "lowlevel.spectral_energyband_middle_high.mean": 0.005461183376610279, "lowlevel.spectral_energyband_middle_high.stdev": 0.008012913167476654, "lowlevel.spectral_energyband_middle_low.mean": 0.015617487952113152, "lowlevel.spectral_energyband_middle_low.stdev": 0.01391003280878067, "lowlevel.spectral_entropy.mean": 7.240085124969482, "lowlevel.spectral_entropy.stdev": 0.7473239302635193, "lowlevel.spectral_flux.mean": 0.10542289912700653, "lowlevel.spectral_flux.stdev": 0.08577358722686768, "lowlevel.spectral_kurtosis.mean": 4.75155782699585, "lowlevel.spectral_kurtosis.stdev": 6.611266613006592, "lowlevel.spectral_rms.mean": 0.006407488137483597, "lowlevel.spectral_rms.stdev": 0.0032150093466043472, "lowlevel.spectral_rolloff.mean": 1161.224609375, "lowlevel.spectral_rolloff.stdev": 1734.888916015625, "lowlevel.spectral_skewness.mean": 1.6399375200271606, "lowlevel.spectral_skewness.stdev": 0.8082666993141174, "lowlevel.spectral_spread.mean": 5473950.5, "lowlevel.spectral_spread.stdev": 1950363.625, "lowlevel.spectral_strongpeak.mean": 1.3745782375335693, "lowlevel.spectral_strongpeak.stdev": 1.455671787261963, "lowlevel.zerocrossingrate.mean": 0.04875694587826729, "lowlevel.zerocrossingrate.stdev": 0.04032846540212631, "metadata.audio_properties.analysis.equal_loudness": 0.0, "metadata.audio_properties.analysis.length": 34.046939849853516, "metadata.audio_properties.analysis.sample_rate": 44100.0, "metadata.audio_properties.analysis.start_time": 0.0, "metadata.audio_properties.bit_rate": 121927.0, "metadata.audio_properties.length": 34.04800033569336, "metadata.audio_properties.lossless": 0.0, "metadata.audio_properties.number_channels": 1.0, "metadata.audio_properties.replay_gain": -10.40152359008789, "metadata.audio_properties.sample_rate": 48000.0, "rhythm.beats_count": 64.0, "rhythm.beats_loudness.mean": 0.07799556851387024, "rhythm.beats_loudness.stdev": 0.061931680887937546, "rhythm.bpm": 114.13362121582031, "rhythm.bpm_histogram_first_peak_bpm": 115.0, "rhythm.bpm_histogram_first_peak_weight": 0.5483870506286621, "rhythm.bpm_histogram_second_peak_bpm": 120.0, "rhythm.bpm_histogram_second_peak_spread": 0.0, "rhythm.bpm_histogram_second_peak_weight": 0.01587301678955555, "rhythm.danceability": 1.3867993354797363, "rhythm.onset_rate": 5.842000484466553, "tonal.chords_changes_rate": 0.08163265138864517, "tonal.chords_number_rate": 0.013605441898107529, "tonal.chords_strength.mean": 0.5000743865966797, "tonal.chords_strength.stdev": 0.09332795441150665, "tonal.hpcp_crest.mean": 17.045345306396484, "tonal.hpcp_crest.stdev": 7.740352153778076, "tonal.hpcp_entropy.mean": 1.5884414911270142, "tonal.hpcp_entropy.stdev": 0.7502248287200928, "tonal.key_edma.strength": 0.592761754989624, "tonal.key_krumhansl.strength": 0.5978847742080688, "tonal.key_temperley.strength": 0.6046866774559021, "tonal.tuning_diatonic_strength": 0.617680013179779, "tonal.tuning_equal_tempered_deviation": 0.03717922791838646, "tonal.tuning_frequency": 438.98455810546875, "tonal.tuning_nontempered_energy_ratio": 0.7137107849121094, "lowlevel.barkbands.mean": [0.00038923477404750884, 0.025741910561919212, 0.0045950752682983875, 0.0007774073746986687, 0.0011736339656636119, 0.008709713816642761, 0.0009050318039953709, 0.0002933706855401397, 0.002205162774771452, 0.002398505574092269, 0.0016658463282510638, 0.0005823809187859297, 0.0003033866814803332, 0.0003400144923944026, 0.00029697417630814016, 0.00021030996867921203, 0.00023283615882974118, 0.00020513699564617127, 0.00014500142424367368, 0.0002349339338252321, 0.00030200977926142514, 0.0002068792819045484, 0.00023664612672291696, 0.0003033663670066744, 0.0001629799953661859, 5.8159104810329154e-05, 1.1015225709343213e-06], "lowlevel.barkbands.stdev": [0.0007741203298792243, 0.057076212018728256, 0.010580743663012981, 0.0025429415982216597, 0.0030947630293667316, 0.010524565353989601, 0.003760353196412325, 0.0007877578609623015, 0.004639954771846533, 0.007790716364979744, 0.0035555148497223854, 0.0012859711423516273, 0.0008626883500255644, 0.0009025928447954357, 0.0007464898517355323, 0.0005293543799780309, 0.0005321723292581737, 0.000393848487874493, 0.00022463797358796, 0.0003821619029622525, 0.0006157385068945587, 0.00046135575394146144, 0.0004889765405096114, 0.0005746353999711573, 0.00031271795160137117, 0.00014969597395975143, 5.777363639936084e-06], "lowlevel.erbbands.mean": [0.585443377494812, 6.175508499145508, 7.710458755493164, 3.476452112197876, 2.206874370574951, 3.985041618347168, 38.90571975708008, 74.25088500976562, 24.22280502319336, 6.658693313598633, 13.137083053588867, 49.819366455078125, 93.5240478515625, 60.38743591308594, 50.56909942626953, 23.88005256652832, 14.758820533752441, 19.235319137573242, 14.831872940063477, 13.62228012084961, 12.123971939086914, 14.564757347106934, 11.718932151794434, 8.987836837768555, 6.860841274261475, 10.989359855651855, 13.56043529510498, 10.165589332580566, 7.908085346221924, 6.617785453796387, 6.708340644836426, 6.318911552429199, 4.950932025909424, 2.518730401992798, 0.7764498591423035, 0.27875110507011414, 0.10031905770301819, 0.014669674448668957, 0.00030868840985931456, 7.309295324375853e-05], "lowlevel.erbbands.stdev": [1.3097585439682007, 13.989450454711914, 15.369599342346191, 8.861224174499512, 6.238337993621826, 9.698862075805664, 61.83940505981445, 110.88823699951172, 63.04475021362305, 31.802749633789062, 30.54288101196289, 110.63224792480469, 294.4684143066406, 155.1653289794922, 113.83220672607422, 48.37887191772461, 35.99835205078125, 45.71689987182617, 35.04057312011719, 33.95703125, 25.437917709350586, 34.020408630371094, 23.95595359802246, 13.244658470153809, 11.04503345489502, 18.198137283325195, 25.142982482910156, 22.283119201660156, 17.930316925048828, 14.544914245605469, 13.736705780029297, 12.895215034484863, 9.269548416137695, 4.8165788650512695, 1.6056151390075684, 0.6843916177749634, 0.27089545130729675, 0.04808420687913895, 0.0008923722780309618, 7.491461292374879e-05], "lowlevel.gfcc.mean": [-15.922881126403809, 91.12785339355469, -91.64189910888672, 38.876705169677734, -58.467655181884766, 26.823894500732422, -31.456161499023438, 20.32671546936035, -22.998613357543945, 5.05082893371582, -1.3375108242034912, 4.01882791519165, 8.477839469909668], "lowlevel.melbands.mean": [0.006465858779847622, 0.0054656523279845715, 0.0005726106464862823, 0.00017687262152321637, 0.0010963206877931952, 0.0016284489538520575, 0.0003260418598074466, 5.729589975089766e-05, 0.00012713874457404017, 0.0003527806547936052, 0.00045384641271084547, 0.00022536890173796564, 0.0001803760533221066, 8.873888873495162e-05, 3.75451309082564e-05, 3.3688556868582964e-05, 3.6552355595631525e-05, 2.2233502022572793e-05, 2.2602009266847745e-05, 1.59386545419693e-05, 1.2918658285343554e-05, 1.668486038397532e-05, 1.0851262231881265e-05, 8.293391147162765e-06, 7.3511669143044855e-06, 4.754822384711588e-06, 5.298959877109155e-06, 7.843172170396429e-06, 8.538398105883971e-06, 7.964346877997741e-06, 5.071626674180152e-06, 4.601214186550351e-06, 3.7039110338810133e-06, 3.7503357361856615e-06, 3.818783170572715e-06, 3.8520729503943585e-06, 3.940740953112254e-06, 3.686184982143459e-06, 2.896612159020151e-06, 1.8541419422035688e-06], "lowlevel.melbands.stdev": [0.014591972343623638, 0.010759747587144375, 0.0014367238618433475, 0.0004158373340032995, 0.0016968285199254751, 0.0022109467536211014, 0.0009180099004879594, 0.00028319453122094274, 0.00031798574491403997, 0.0007915963069535792, 0.0014627480413764715, 0.0006421866128221154, 0.0003706486022565514, 0.0001942137605510652, 8.549640187993646e-05, 0.00010600216046441346, 9.597328607924283e-05, 6.217611371539533e-05, 6.341803964460269e-05, 4.401240585139021e-05, 2.8978467526030727e-05, 4.2396852222736925e-05, 2.2817779608885758e-05, 1.5747968063806184e-05, 1.1451131285866722e-05, 8.390253242396284e-06, 8.727982276468538e-06, 1.3692847460333724e-05, 1.5879351849434897e-05, 1.7780985217541456e-05, 1.1583166269701906e-05, 1.0931955330306664e-05, 8.586845979152713e-06, 8.487999366479926e-06, 7.990286576387007e-06, 8.426287422480527e-06, 8.137710210576188e-06, 7.120710051822243e-06, 5.390180376707576e-06, 3.702321691889665e-06], "lowlevel.melbands128.mean": [0.0003518866142258048, 0.0033956626430153847, 0.010048589669167995, 0.010532711632549763, 0.00541745824739337, 0.0018278576899319887, 0.0006633951561525464, 0.000331853108946234, 0.00019561122462619096, 0.0001412602432537824, 0.0001441662316210568, 0.0003517935983836651, 0.0013038254110142589, 0.0020918778609484434, 0.0020774160511791706, 0.0011986425379291177, 0.000490125676151365, 0.00015556791913695633, 0.0001306958292843774, 4.734320827992633e-05, 3.385449599591084e-05, 3.700470915646292e-05, 0.00015241514483932406, 0.0002038717648247257, 0.00024986814241856337, 0.0004543096001725644, 0.0004768122162204236, 0.0006469240179285407, 0.00021978351287543774, 0.00012349305325187743, 0.00032437348272651434, 0.00023843193775974214, 0.00010968046262860298, 0.00023292885452974588, 7.501656364183873e-05, 6.773615314159542e-05, 5.807667184853926e-05, 4.02308396587614e-05, 1.8250615539727733e-05, 3.0455781597993337e-05, 4.612953489413485e-05, 2.0714915081043728e-05, 4.5628166844835505e-05, 3.862179073621519e-05, 2.063187821477186e-05, 2.08948058570968e-05, 2.1310606825863943e-05, 2.840061642928049e-05, 2.0613284505088814e-05, 1.3214902537583839e-05, 1.6104091628221795e-05, 1.8199219994130544e-05, 1.2487604180932976e-05, 1.0944948371616192e-05, 1.2873932064394467e-05, 2.514706466172356e-05, 1.1439696208981331e-05, 5.7245151765528135e-06, 1.3652427696797531e-05, 1.4858199392620008e-05, 5.0345552153885365e-06, 5.396860615292098e-06, 1.103833710658364e-05, 6.531119197461521e-06, 4.3518402890185826e-06, 5.161528861208353e-06, 4.537969743978465e-06, 4.302980869397288e-06, 5.720894932892406e-06, 6.205233148648404e-06, 7.62920490160468e-06, 8.727705790079199e-06, 9.180328561342321e-06, 8.083405191428028e-06, 8.455486749880947e-06, 8.481497388856951e-06, 8.165124199877027e-06, 5.492525815498084e-06, 4.909902600047644e-06, 3.912398369720904e-06, 4.944011379848234e-06, 5.009499545849394e-06, 3.688091283038375e-06, 3.8102323287603213e-06, 3.3780552257667296e-06, 3.317984919704031e-06, 4.068157977599185e-06, 4.210871793475235e-06, 3.613997023421689e-06, 3.6018536775372922e-06, 4.2329343159508426e-06, 3.7262898331391625e-06, 3.6009391806146596e-06, 4.0158183765015565e-06, 4.02626483264612e-06, 4.234163043292938e-06, 3.4831796256185044e-06, 3.0597657314501703e-06, 3.207544750694069e-06, 2.6682369025365915e-06, 2.2159815671329852e-06, 1.8258539284943254e-06, 1.2455410569600645e-06, 1.0862192993954523e-06, 7.497450269511319e-07, 6.407333330571419e-07, 5.990524414301035e-07, 5.943697942711879e-07, 4.7413593051714997e-07, 3.580936436264892e-07, 3.421372980483284e-07, 2.8593737511073414e-07, 3.735233633506141e-07, 2.942350931789406e-07, 2.7175047989658196e-07, 1.871701442723861e-07, 4.6579899048992957e-08, 5.874047914744551e-10, 7.903593578217905e-12, 7.648887599687182e-12, 7.455400879985419e-12, 7.301475396515045e-12, 7.129200441796657e-12, 7.000110994331843e-12, 6.854310088261206e-12, 6.691452513613028e-12, 6.591175088360712e-12, 6.548320045929312e-12], "lowlevel.melbands128.stdev": [0.0007333302637562156, 0.0073652490973472595, 0.02527347207069397, 0.023558447137475014, 0.01096525602042675, 0.004302429035305977, 0.001906370627693832, 0.001108106691390276, 0.0006096408469602466, 0.0003611009451560676, 0.0005108757759444416, 0.0013214064529165626, 0.002642338862642646, 0.0031995377503335476, 0.003932990599423647, 0.0024930378422141075, 0.0015754421474412084, 0.0010475213639438152, 0.000993293710052967, 0.00027600687462836504, 0.00010022034985013306, 0.0001845407095970586, 0.00044760742457583547, 0.000613904558122158, 0.0007444966468028724, 0.0014195875264704227, 0.0017090796027332544, 0.002503121504560113, 0.0013223325368016958, 0.0007775691919960082, 0.001047796569764614, 0.0006842450238764286, 0.00032854676828719676, 0.0007695105159655213, 0.0002805620024446398, 0.00021922870655544102, 0.00017008272698149085, 0.0001300433650612831, 7.609873136971146e-05, 0.00010862747149076313, 0.00018186385568697006, 0.00010023772483691573, 0.00015647223335690796, 0.00010891213605646044, 0.00012765938299708068, 7.739479769952595e-05, 6.759118696209043e-05, 0.00011665950296446681, 9.479620348429307e-05, 4.684235682361759e-05, 7.104623364284635e-05, 5.9938884078292176e-05, 3.868958447128534e-05, 3.6602330510504544e-05, 3.6183075280860066e-05, 8.060663822107017e-05, 3.6074459785595536e-05, 1.4975201338529587e-05, 3.799900150625035e-05, 4.306279879529029e-05, 1.3368978216021787e-05, 1.1749775694624986e-05, 2.0402327209012583e-05, 1.3356645467865746e-05, 9.092454092751723e-06, 1.0903683687502053e-05, 9.652021617512219e-06, 9.219543244398665e-06, 1.0573988220130559e-05, 1.131764474848751e-05, 1.8047461708192714e-05, 1.826219704526011e-05, 1.989546581171453e-05, 1.879531737358775e-05, 2.0043838958372362e-05, 2.0580084310495295e-05, 2.3286873329197988e-05, 1.4075919352762867e-05, 1.2025500836898573e-05, 9.601194506103639e-06, 1.3521857908926904e-05, 1.3177984328649472e-05, 9.092966138268821e-06, 1.0005694093706552e-05, 8.725114639673848e-06, 8.02113936515525e-06, 1.0297903827449773e-05, 1.0141518032469321e-05, 8.157498996297363e-06, 8.11676090961555e-06, 1.0614320672175381e-05, 9.100741408474278e-06, 8.168362001015339e-06, 9.598935321264435e-06, 8.30737735668663e-06, 8.603091373515781e-06, 7.669024853385054e-06, 6.360054157994455e-06, 6.03431817580713e-06, 5.6368908190052025e-06, 4.782734777108999e-06, 3.908517555828439e-06, 2.69146948994603e-06, 2.645415861479705e-06, 1.841684138526034e-06, 1.5579637420159997e-06, 1.4442613291976159e-06, 1.5290312376237125e-06, 1.3380930568018812e-06, 1.1492703606563737e-06, 1.3217373862062232e-06, 8.115208629533299e-07, 1.048948433890473e-06, 9.036253345584555e-07, 8.962544484347745e-07, 7.070262881825329e-07, 2.2741890859379055e-07, 5.132986924394345e-09, 1.3731580109088704e-11, 1.3355461701836102e-11, 1.3032406750990155e-11, 1.276169621367007e-11, 1.2474524017924704e-11, 1.2259664637637169e-11, 1.2076577585173887e-11, 1.1927253455723541e-11, 1.1821352056962109e-11, 1.175607094311415e-11], "lowlevel.mfcc.mean": [-667.028076171875, 115.40380096435547, 28.248260498046875, 20.39617347717285, 13.047491073608398, 2.6915621757507324, 16.92603874206543, 5.203986644744873, 6.002161502838135, 4.106187343597412, -10.457462310791016, 5.048076629638672, 2.420666456222534], "lowlevel.spectral_contrast_coeffs.mean": [-0.6723850965499878, -0.6778330206871033, -0.711210310459137, -0.7853127717971802, -0.786700427532196, -0.7844275832176208], "lowlevel.spectral_contrast_coeffs.stdev": [0.08474385738372803, 0.11260820925235748, 0.10160446912050247, 0.06424508988857269, 0.052055276930332184, 0.03820028901100159], "lowlevel.spectral_contrast_valleys.mean": [-6.894728660583496, -7.449531555175781, -7.8842363357543945, -8.281120300292969, -7.995129108428955, -10.217248916625977], "lowlevel.spectral_contrast_valleys.stdev": [0.8290748000144958, 0.8606243133544922, 1.021997332572937, 0.9577381014823914, 1.0101591348648071, 1.2890502214431763], "rhythm.beats_loudness_band_ratio.mean": [0.4556562602519989, 0.21613208949565887, 0.09897109866142273, 0.14022217690944672, 0.048656072467565536, 0.07280490547418594], "rhythm.beats_loudness_band_ratio.stdev": [0.28617990016937256, 0.18682099878787994, 0.12673616409301758, 0.1434689611196518, 0.042208146303892136, 0.07373873889446259], "tonal.hpcp.mean": [0.031464122235774994, 0.030251026153564453, 0.07002859562635422, 0.14477331936359406, 0.10795674473047256, 0.027657881379127502, 0.019886014983057976, 0.028652336448431015, 0.08015704900026321, 0.129124715924263, 0.08787301182746887, 0.05662667378783226, 0.05821828544139862, 0.03819339722394943, 0.041604649275541306, 0.05015925318002701, 0.05722220987081528, 0.1531546264886856, 0.24078230559825897, 0.1628437042236328, 0.0623144805431366, 0.0416724868118763, 0.05264599248766899, 0.1817770004272461, 0.30242034792900085, 0.19445815682411194, 0.08131306618452072, 0.06634816527366638, 0.05508371442556381, 0.11343502253293991, 0.1465897560119629, 0.07589112967252731, 0.0482463464140892, 0.07251064479351044, 0.054240141063928604, 0.0305173397064209], "tonal.hpcp.stdev": [0.12416496872901917, 0.12199907004833221, 0.15752361714839935, 0.28881239891052246, 0.21638837456703186, 0.09795210510492325, 0.08352799713611603, 0.11816034466028214, 0.200041726231575, 0.273754358291626, 0.19853894412517548, 0.17874866724014282, 0.19262200593948364, 0.14656709134578705, 0.14604805409908295, 0.16991761326789856, 0.1729181706905365, 0.2679869830608368, 0.36652320623397827, 0.2810128629207611, 0.18122953176498413, 0.14843280613422394, 0.17540112137794495, 0.2917444705963135, 0.4105317294597626, 0.29212602972984314, 0.20933178067207336, 0.20097051560878754, 0.1684442162513733, 0.24673788249492645, 0.29836076498031616, 0.17800967395305634, 0.15419457852840424, 0.19971919059753418, 0.16048341989517212, 0.11898811161518097], "rhythm.beats_position": [0.4760090708732605, 0.9868480563163757, 1.486077070236206, 1.9969160556793213, 2.530975103378296, 3.0650339126586914, 3.5758728981018066, 4.109931945800781, 4.6207709312438965, 5.154829978942871, 5.6888885498046875, 6.199728012084961, 6.733786582946777, 7.267845630645752, 7.790294647216797, 8.312743186950684, 8.846802711486816, 9.357641220092773, 9.891700744628906, 10.425759315490723, 10.959818840026855, 11.482267379760742, 12.004715919494629, 12.515555381774902, 13.049613952636719, 13.572063446044922, 14.094511985778809, 14.628571510314941, 15.162630081176758, 15.673469543457031, 16.20752716064453, 16.729976654052734, 17.252426147460938, 17.78648567199707, 18.30893325805664, 18.831382751464844, 19.365442276000977, 19.887889862060547, 20.41033935546875, 20.944398880004883, 21.478458404541016, 22.000905990600586, 22.52335548400879, 23.045804977416992, 23.568254470825195, 24.102312088012695, 24.636371612548828, 25.15882110595703, 25.6812686920166, 26.203718185424805, 26.737777709960938, 27.26022720336914, 27.79428482055664, 28.316734313964844, 28.839183807373047, 29.361631393432617, 29.88408088684082, 30.418140411376953, 30.952198028564453, 31.474647521972656, 31.99709701538086, 32.51954650878906, 33.041996002197266, 33.576053619384766], "rhythm.bpm_histogram": [0.0, 0.0, 0.0, 0.0, 0.0, 0.0, 0.0, 0.0, 0.0, 0.0, 0.0, 0.0, 0.0, 0.0, 0.0, 0.0, 0.0, 0.0, 0.0, 0.0, 0.0, 0.0, 0.0, 0.0, 0.0, 0.0, 0.0, 0.0, 0.0, 0.0, 0.0, 0.0, 0.0, 0.0, 0.0, 0.0, 0.0, 0.0, 0.0, 0.0, 0.0, 0.0, 0.0, 0.0, 0.0, 0.0, 0.0, 0.0, 0.0, 0.0, 0.0, 0.0, 0.0, 0.0, 0.0, 0.0, 0.0, 0.0, 0.0, 0.0, 0.0, 0.0, 0.0, 0.0, 0.0, 0.0, 0.0, 0.0, 0.0, 0.0, 0.0, 0.0, 0.0, 0.0, 0.0, 0.0, 0.0, 0.0, 0.0, 0.0, 0.0, 0.0, 0.0, 0.0, 0.0, 0.0, 0.0, 0.0, 0.0, 0.0, 0.0, 0.0, 0.0, 0.0, 0.0, 0.0, 0.0, 0.0, 0.0, 0.0, 0.0, 0.0, 0.0, 0.0, 0.0, 0.0, 0.0, 0.0, 0.0, 0.0, 0.0, 0.0, 0.4126984179019928, 0.0, 0.0, 0.4444444477558136, 0.0, 0.1269841343164444, 0.0, 0.0, 0.01587301678955555, 0.0, 0.0, 0.0, 0.0, 0.0, 0.0, 0.0, 0.0, 0.0, 0.0, 0.0, 0.0, 0.0, 0.0, 0.0, 0.0, 0.0, 0.0, 0.0, 0.0, 0.0, 0.0, 0.0, 0.0, 0.0, 0.0, 0.0, 0.0, 0.0, 0.0, 0.0, 0.0, 0.0, 0.0, 0.0, 0.0, 0.0, 0.0, 0.0, 0.0, 0.0, 0.0, 0.0, 0.0, 0.0, 0.0, 0.0, 0.0, 0.0, 0.0, 0.0, 0.0, 0.0, 0.0, 0.0, 0.0, 0.0, 0.0, 0.0, 0.0, 0.0, 0.0, 0.0, 0.0, 0.0, 0.0, 0.0, 0.0, 0.0, 0.0, 0.0, 0.0, 0.0, 0.0, 0.0, 0.0, 0.0, 0.0, 0.0, 0.0, 0.0, 0.0, 0.0, 0.0, 0.0, 0.0, 0.0, 0.0, 0.0, 0.0, 0.0, 0.0, 0.0, 0.0, 0.0, 0.0, 0.0, 0.0, 0.0, 0.0, 0.0, 0.0, 0.0, 0.0, 0.0, 0.0, 0.0, 0.0, 0.0, 0.0, 0.0, 0.0, 0.0, 0.0, 0.0, 0.0, 0.0, 0.0, 0.0, 0.0, 0.0, 0.0, 0.0, 0.0, 0.0, 0.0, 0.0, 0.0, 0.0], "tonal.chords_histogram": [17.14285659790039, 2.993197202682495, 16.190475463867188, 3.673469305038452, 5.714285850524902, 0.0, 0.680272102355957, 0.0, 0.0, 0.0, 0.0, 0.0, 0.0, 0.0, 0.0, 0.0, 0.0, 0.40816327929496765, 0.0, 10.748299598693848, 4.897959232330322, 8.163265228271484, 7.61904764175415, 21.768707275390625], "tonal.thpcp": [1.0, 0.6430062055587769, 0.26887431740760803, 0.21939054131507874, 0.18214288353919983, 0.3750905692577362, 0.4847218692302704, 0.2509458363056183, 0.15953406691551208, 0.23976774513721466, 0.1793534755706787, 0.10091033577919006, 0.10404102504253387, 0.10002972930669785, 0.23156046867370605, 0.47871553897857666, 0.356975793838501, 0.09145509451627731, 0.06575620919466019, 0.09474341571331024, 0.26505178213119507, 0.4269709885120392, 0.2905658185482025, 0.18724492192268372, 0.19250783324241638, 0.126292422413826, 0.1375722587108612, 0.1658593863248825, 0.18921415507793427, 0.5064296126365662, 0.7961841821670532, 0.538468062877655, 0.20605254173278809, 0.1377965658903122, 0.1740821748971939, 0.6010739803314209], "lowlevel.gfcc.cov": [[8121.1044921875, -1421.68701171875, -668.0173950195312, -137.72540283203125, -669.2847290039062, 334.29278564453125, 19.9763126373291, 264.8388366699219, -175.76327514648438, 246.76434326171875, -186.376708984375, 270.4710998535156, -129.2762451171875], [-1421.68701171875, 1923.9844970703125, -138.32861328125, -443.0507507324219, 280.9600524902344, -274.7728271484375, 128.35699462890625, -63.224361419677734, 56.033809661865234, -177.86422729492188, 286.8168640136719, -267.42425537109375, 263.9060363769531], [-668.0173950195312, -138.32861328125, 857.188232421875, 404.75689697265625, 39.907920837402344, -3.3469886779785156, -94.79275512695312, -25.63077735900879, 94.17755126953125, 53.27290344238281, -35.884254455566406, 129.61009216308594, -36.404502868652344], [-137.72540283203125, -443.0507507324219, 404.75689697265625, 760.1991577148438, 60.262855529785156, -41.2575798034668, -70.88198852539062, 29.508119583129883, 120.57565307617188, 21.186540603637695, -85.0844497680664, 127.1515884399414, -26.2029972076416], [-669.2847290039062, 280.9600524902344, 39.907920837402344, 60.262855529785156, 396.3056335449219, -7.6436285972595215, 25.220922470092773, 54.91622543334961, 72.71947479248047, -40.772457122802734, 20.629825592041016, -28.186819076538086, 26.595136642456055], [334.29278564453125, -274.7728271484375, -3.3469886779785156, -41.2575798034668, -7.6436285972595215, 406.9980773925781, 193.01522827148438, -23.359806060791016, -45.76078796386719, 68.2535171508789, -63.412628173828125, -89.49960327148438, -84.20833587646484], [19.9763126373291, 128.35699462890625, -94.79275512695312, -70.88198852539062, 25.220922470092773, 193.01522827148438, 324.46429443359375, 26.678728103637695, 12.826558113098145, 27.23210334777832, 5.788778305053711, -90.92768859863281, -21.338523864746094], [264.8388366699219, -63.224361419677734, -25.63077735900879, 29.508119583129883, 54.91622543334961, -23.359806060791016, 26.678728103637695, 249.94261169433594, 88.36127471923828, -1.608742117881775, 22.481855392456055, 29.379640579223633, 35.4104118347168], [-175.76327514648438, 56.033809661865234, 94.17755126953125, 120.57565307617188, 72.71947479248047, -45.76078796386719, 12.826558113098145, 88.36127471923828, 187.9857635498047, 34.939918518066406, 24.234830856323242, 51.50868606567383, 38.8394889831543], [246.76434326171875, -177.86422729492188, 53.27290344238281, 21.186540603637695, -40.772457122802734, 68.2535171508789, 27.23210334777832, -1.608742117881775, 34.939918518066406, 163.4092254638672, 21.464651107788086, 48.61152648925781, -20.078956604003906], [-186.376708984375, 286.8168640136719, -35.884254455566406, -85.0844497680664, 20.629825592041016, -63.412628173828125, 5.788778305053711, 22.481855392456055, 24.234830856323242, 21.464651107788086, 237.0565185546875, 19.073993682861328, 100.64816284179688], [270.4710998535156, -267.42425537109375, 129.61009216308594, 127.1515884399414, -28.186819076538086, -89.49960327148438, -90.92768859863281, 29.379640579223633, 51.50868606567383, 48.61152648925781, 19.073993682861328, 246.6693572998047, 16.911151885986328], [-129.2762451171875, 263.9060363769531, -36.404502868652344, -26.2029972076416, 26.595136642456055, -84.20833587646484, -21.338523864746094, 35.4104118347168, 38.8394889831543, -20.078956604003906, 100.64816284179688, 16.911151885986328, 158.7606658935547]], "lowlevel.gfcc.icov": [[0.00021098385332152247, -9.738536755321547e-05, 0.0002479132090229541, -0.00010384226334281266, 0.0003371021302882582, -0.0003115194558631629, 0.00016946959658525884, -0.0004074194876011461, 0.00025738950353115797, -0.00026141112903133035, 0.00019892971613444388, -0.0004006704257335514, 8.587406773585826e-05], [-9.738536755321547e-05, 0.002377183409407735, -0.000884329725522548, 0.0013409072998911142, -0.0013107787817716599, 0.002287489827722311, -0.0017778550973162055, 0.0016861128387972713, -0.0011250432580709457, 0.0012598542962223291, -0.001247670967131853, 0.0025179532822221518, -0.0022371422965079546], [0.0002479132090229541, -0.000884329725522548, 0.0022736615501344204, -0.0012990606483072042, 0.0006754815112799406, -0.0014299069298431277, 0.001231393893249333, -0.0005494015058502555, 5.075132139609195e-05, -0.0007822122424840927, 0.0004133970069233328, -0.0016483967192471027, 0.0011974566150456667], [-0.00010384226334281266, 0.0013409072998911142, -0.0012990606483072042, 0.002810636768117547, -0.0009509998490102589, 0.001387324882671237, -0.0009597035241313279, 0.0010393589036539197, -0.001545185805298388, 0.0009289003792218864, 2.859587539205677e-06, 0.0009415040840394795, -0.0012197798350825906], [0.0003371021302882582, -0.0013107787817716599, 0.0006754815112799406, -0.0009509998490102589, 0.004085333552211523, -0.0017818296328186989, 0.001072586397640407, -0.0016406336799263954, -0.0003128772950731218, 7.846205699024722e-05, 0.0005175434052944183, -0.0013188261073082685, 0.0012307945871725678], [-0.0003115194558631629, 0.002287489827722311, -0.0014299069298431277, 0.001387324882671237, -0.0017818296328186989, 0.007032444700598717, -0.004200010094791651, 0.001846270402893424, 0.00011708340753102675, -0.0006324007990770042, -0.00046088543604128063, 0.0036632034461945295, -0.0013094258029013872], [0.00016946959658525884, -0.0017778550973162055, 0.001231393893249333, -0.0009597035241313279, 0.001072586397640407, -0.004200010094791651, 0.006429956294596195, -0.0017755305161699653, -0.00034710022737272084, -0.00096912618028, 0.00029490390443243086, -0.000978231430053711, 0.001949705183506012], [-0.0004074194876011461, 0.0016861128387972713, -0.0005494015058502555, 0.0010393589036539197, -0.0016406336799263954, 0.001846270402893424, -0.0017755305161699653, 0.006850716192275286, -0.0035324322525411844, 0.0018595382571220398, -0.00115294533316046, 0.0016332687810063362, -0.001945218537002802], [0.00025738950353115797, -0.0011250432580709457, 5.075132139609195e-05, -0.001545185805298388, -0.0003128772950731218, 0.00011708340753102675, -0.00034710022737272084, -0.0035324322525411844, 0.00980918575078249, -0.0033030833583325148, 0.0011414436157792807, -0.0018736995989456773, -0.0006494441186077893], [-0.00026141112903133035, 0.0012598542962223291, -0.0007822122424840927, 0.0009289003792218864, 7.846205699024722e-05, -0.0006324007990770042, -0.00096912618028, 0.0018595382571220398, -0.0033030833583325148, 0.009657482616603374, -0.0025487947277724743, -0.00026152943610213697, 0.00044643389992415905], [0.00019892971613444388, -0.001247670967131853, 0.0004133970069233328, 2.859587539205677e-06, 0.0005175434052944183, -0.00046088543604128063, 0.00029490390443243086, -0.00115294533316046, 0.0011414436157792807, -0.0025487947277724743, 0.007304332684725523, -0.001764031476341188, -0.002747483551502228], [-0.0004006704257335514, 0.0025179532822221518, -0.0016483967192471027, 0.0009415040840394795, -0.0013188261073082685, 0.0036632034461945295, -0.000978231430053711, 0.0016332687810063362, -0.0018736995989456773, -0.00026152943610213697, -0.001764031476341188, 0.008976415731012821, -0.002478786977007985], [8.587406773585826e-05, -0.0022371422965079546, 0.0011974566150456667, -0.0012197798350825906, 0.0012307945871725678, -0.0013094258029013872, 0.001949705183506012, -0.001945218537002802, -0.0006494441186077893, 0.00044643389992415905, -0.002747483551502228, -0.002478786977007985, 0.012177142314612865]], "lowlevel.mfcc.cov": [[7894.9140625, -1502.8787841796875, -426.144287109375, -424.5408020019531, -629.3659057617188, -11.90703010559082, 4.53031587600708, 74.21708679199219, 3.043055534362793, 68.70532989501953, 14.30773639678955, -52.651668548583984, -37.980506896972656], [-1502.8787841796875, 1932.7147216796875, -314.2454528808594, -195.8788604736328, 111.74209594726562, -284.526611328125, 210.6104278564453, -140.3859100341797, -27.52176284790039, 48.22447967529297, -93.49217224121094, -11.981040954589844, -5.17902135848999], [-426.144287109375, -314.2454528808594, 751.8668823242188, 253.89720153808594, 28.445030212402344, 153.23904418945312, -125.81099700927734, 23.272342681884766, 18.496196746826172, -79.50518798828125, 58.005645751953125, 37.931068420410156, 34.052574157714844], [-424.5408020019531, -195.8788604736328, 253.89720153808594, 638.3894653320312, 205.07632446289062, -4.449588775634766, -188.783447265625, 91.42774200439453, 69.62252807617188, -112.14862060546875, 21.94518280029297, 78.7434310913086, 37.27782440185547], [-629.3659057617188, 111.74209594726562, 28.445030212402344, 205.07632446289062, 415.1542663574219, -93.90999603271484, -50.831180572509766, 43.622379302978516, 19.833959579467773, -1.6922298669815063, -58.26284408569336, 48.81597900390625, 18.816396713256836], [-11.90703010559082, -284.526611328125, 153.23904418945312, -4.449588775634766, -93.90999603271484, 446.0549621582031, 46.6888313293457, 12.193785667419434, 27.66852569580078, 23.87589454650879, 119.29888916015625, -64.87377166748047, 4.343825817108154], [4.53031587600708, 210.6104278564453, -125.81099700927734, -188.783447265625, -50.831180572509766, 46.6888313293457, 312.4430847167969, -4.538809776306152, -11.461162567138672, 126.21886444091797, 4.541816711425781, -16.963125228881836, -28.784503936767578], [74.21708679199219, -140.3859100341797, 23.272342681884766, 91.42774200439453, 43.622379302978516, 12.193785667419434, -4.538809776306152, 181.46661376953125, 83.67462158203125, 0.09198959171772003, 23.860485076904297, 34.09774398803711, 21.86200714111328], [3.043055534362793, -27.52176284790039, 18.496196746826172, 69.62252807617188, 19.833959579467773, 27.66852569580078, -11.461162567138672, 83.67462158203125, 191.23513793945312, 50.26959228515625, 31.728574752807617, 23.30437660217285, 21.598169326782227], [68.70532989501953, 48.22447967529297, -79.50518798828125, -112.14862060546875, -1.6922298669815063, 23.87589454650879, 126.21886444091797, 0.09198959171772003, 50.26959228515625, 199.36447143554688, 33.55878448486328, -11.103635787963867, -15.617378234863281], [14.30773639678955, -93.49217224121094, 58.005645751953125, 21.94518280029297, -58.26284408569336, 119.29888916015625, 4.541816711425781, 23.860485076904297, 31.728574752807617, 33.55878448486328, 142.79827880859375, 20.278993606567383, 10.372625350952148], [-52.651668548583984, -11.981040954589844, 37.931068420410156, 78.7434310913086, 48.81597900390625, -64.87377166748047, -16.963125228881836, 34.09774398803711, 23.30437660217285, -11.103635787963867, 20.278993606567383, 133.66273498535156, 42.897056579589844], [-37.980506896972656, -5.17902135848999, 34.052574157714844, 37.27782440185547, 18.816396713256836, 4.343825817108154, -28.784503936767578, 21.86200714111328, 21.598169326782227, -15.617378234863281, 10.372625350952148, 42.897056579589844, 110.0312728881836]], "lowlevel.mfcc.icov": [[0.00019060551130678505, 0.0001779130834620446, 0.00012392550706863403, 5.155255348654464e-05, 0.0002494727377779782, 0.00011695163993863389, -5.632663487631362e-06, -4.252514190739021e-05, -2.919570033554919e-05, -4.519275535130873e-05, 6.953073898330331e-05, 1.636636284274573e-06, -2.983084777952172e-05], [0.0001779130834620446, 0.0009209474665112793, 0.0002311208372702822, 0.00013437765301205218, -0.00011799538333434612, 0.0006844199378974736, -0.0007624492282047868, 0.0007297258707694709, -0.0004721662262454629, 0.0004432817513588816, -0.0002745701349340379, 0.0003651813603937626, -0.0003244699619244784], [0.00012392550706863403, 0.0002311208372702822, 0.0018693618476390839, -0.0005009671440348029, 0.0001855518639786169, -0.0005710777477361262, 0.00029072383767925203, 0.00023461903037969023, 3.12057527480647e-05, 0.00020976862288080156, -1.8318110960535705e-05, -0.00047963688848540187, -0.00012253310706000775], [5.155255348654464e-05, 0.00013437765301205218, -0.0005009671440348029, 0.0028860399033874273, -0.0011908344458788633, 4.0609014831716195e-05, 0.000741983181796968, -0.0004840456822421402, -0.0007717620464973152, 0.0011851699091494083, -0.0006615380989387631, -0.0006222320371307433, 0.0003183659864589572], [0.0002494727377779782, -0.00011799538333434612, 0.0001855518639786169, -0.0011908344458788633, 0.0039441236294806, -1.5006191460997798e-05, 0.0006406598840840161, -0.0009300368838012218, 0.0006212475127540529, -0.0015980624593794346, 0.002137974835932255, -0.0009317271178588271, -8.199187141144648e-05], [0.00011695163993863389, 0.0006844199378974736, -0.0005710777477361262, 4.0609014831716195e-05, -1.5006191460997798e-05, 0.004433896392583847, -0.0016192225739359856, 0.0005565097671933472, -0.0007751064258627594, 0.0009604954975657165, -0.0035121312830597162, 0.0031498209573328495, -0.0010795113630592823], [-5.632663487631362e-06, -0.0007624492282047868, 0.00029072383767925203, 0.000741983181796968, 0.0006406598840840161, -0.0016192225739359856, 0.006125748157501221, -0.0016843070043250918, 0.001618017558939755, -0.0036361757665872574, 0.001608727267012, -0.0016006077639758587, 0.0011510042240843177], [-4.252514190739021e-05, 0.0007297258707694709, 0.00023461903037969023, -0.0004840456822421402, -0.0009300368838012218, 0.0005565097671933472, -0.0016843070043250918, 0.008431392721831799, -0.003644248703494668, 0.0017045242711901665, -0.0012368711177259684, -0.00030656432500109076, -0.0006743356352671981], [-2.919570033554919e-05, -0.0004721662262454629, 3.12057527480647e-05, -0.0007717620464973152, 0.0006212475127540529, -0.0007751064258627594, 0.001618017558939755, -0.003644248703494668, 0.008160851895809174, -0.0034264433197677135, 0.0003853865200653672, -0.0006568124517798424, -0.00057728320825845], [-4.519275535130873e-05, 0.0004432817513588816, 0.00020976862288080156, 0.0011851699091494083, -0.0015980624593794346, 0.0009604954975657165, -0.0036361757665872574, 0.0017045242711901665, -0.0034264433197677135, 0.009344813413918018, -0.0032217008993029594, 0.0011746257077902555, 0.0003289903106633574], [6.953073898330331e-05, -0.0002745701349340379, -1.8318110960535705e-05, -0.0006615380989387631, 0.002137974835932255, -0.0035121312830597162, 0.001608727267012, -0.0012368711177259684, 0.0003853865200653672, -0.0032217008993029594, 0.0120747284963727, -0.00390555034391582, 0.0005319315241649747], [1.636636284274573e-06, 0.0003651813603937626, -0.00047963688848540187, -0.0006222320371307433, -0.0009317271178588271, 0.0031498209573328495, -0.0016006077639758587, -0.00030656432500109076, -0.0006568124517798424, 0.0011746257077902555, -0.00390555034391582, 0.01181410439312458, -0.0038878791965544224], [-2.983084777952172e-05, -0.0003244699619244784, -0.00012253310706000775, 0.0003183659864589572, -8.199187141144648e-05, -0.0010795113630592823, 0.0011510042240843177, -0.0006743356352671981, -0.00057728320825845, 0.0003289903106633574, 0.0005319315241649747, -0.0038878791965544224, 0.011110149323940277]], "metadata.audio_properties.analysis.downmix": "mix", "metadata.audio_properties.codec": "mp3", "metadata.audio_properties.md5_encoded": "42ba6839e1bc3f464adf7ebc781adc7c", "metadata.tags.file_name": "1182269487106506872.mp3", "metadata.version.essentia": "2.1-beta6-dev", "metadata.version.essentia_git_sha": "v2.1_beta5-1110-g77a6a954", "metadata.version.extractor": "music 2.0", "tonal.chords_key": "C", "tonal.chords_scale": "minor", "tonal.key_edma.key": "Eb", "tonal.key_edma.sca