{"song_id": "1182276958281797652", "download": "https://cdn.discordapp.com/attachments/1128313332273782784/1182276958281797652/chirp.mp4?ex=65841c38&amp", "lyrics": "For the second year we are on twich\nour live show is called it's not TV.\n\nWith Mario Daniel and Pendola but Kike isn't there?\nYou can find him hiding behind a tree.\n\nYou can watch us on TV but it's not TV\nwe are live connect twitch to your tv\nbut remember it's not a TV \n\nI'll tell you what I think\nyou tell me what you think\nStrange things happen out there\nEven stranger things happen in here\n\n you can watch us on TV but it's not TV\nwe are live connect twitch to your tv \nbut remember it's not a TV \n\nOne couch, four assholes. \nIt's not the start of a gangbang, it's not TV. like Baldo dog or wolf no one knows what he is. \nbut sure it's not TV.", "style": ["post hardcore</span><span>, math rock</span><span>, swancore"], "essentia_features": {"lowlevel.average_loudness": 0.9671999216079712, "lowlevel.barkbands_crest.mean": 13.128874778747559, "lowlevel.barkbands_crest.stdev": 5.938714981079102, "lowlevel.barkbands_flatness_db.mean": 0.16127856075763702, "lowlevel.barkbands_flatness_db.stdev": 0.07065708935260773, "lowlevel.barkbands_kurtosis.mean": 16.696937561035156, "lowlevel.barkbands_kurtosis.stdev": 27.01732063293457, "lowlevel.barkbands_skewness.mean": 2.5367813110351562, "lowlevel.barkbands_skewness.stdev": 2.893247127532959, "lowlevel.barkbands_spread.mean": 24.84932518005371, "lowlevel.barkbands_spread.stdev": 21.420251846313477, "lowlevel.dissonance.mean": 0.47456225752830505, "lowlevel.dissonance.stdev": 0.029741879552602768, "lowlevel.dynamic_complexity": 2.7959625720977783, "lowlevel.erbbands_crest.mean": 8.327014923095703, "lowlevel.erbbands_crest.stdev": 4.065286159515381, "lowlevel.erbbands_flatness_db.mean": 0.13248994946479797, "lowlevel.erbbands_flatness_db.stdev": 0.04993515461683273, "lowlevel.erbbands_kurtosis.mean": 0.8840792775154114, "lowlevel.erbbands_kurtosis.stdev": 3.1372156143188477, "lowlevel.erbbands_skewness.mean": -0.04746114835143089, "lowlevel.erbbands_skewness.stdev": 0.9573374390602112, "lowlevel.erbbands_spread.mean": 56.26825714111328, "lowlevel.erbbands_spread.stdev": 30.80187225341797, "lowlevel.hfc.mean": 32.118072509765625, "lowlevel.hfc.stdev": 36.80004119873047, "lowlevel.loudness_ebu128.integrated": -12.467050552368164, "lowlevel.loudness_ebu128.loudness_range": 2.2183380126953125, "lowlevel.loudness_ebu128.momentary.mean": -13.02186393737793, "lowlevel.loudness_ebu128.momentary.stdev": 2.5020461082458496, "lowlevel.loudness_ebu128.short_term.mean": -12.650594711303711, "lowlevel.loudness_ebu128.short_term.stdev": 0.7380921244621277, "lowlevel.melbands_crest.mean": 19.972105026245117, "lowlevel.melbands_crest.stdev": 8.535423278808594, "lowlevel.melbands_flatness_db.mean": 0.21687212586402893, "lowlevel.melbands_flatness_db.stdev": 0.10565890371799469, "lowlevel.melbands_kurtosis.mean": 61.25168991088867, "lowlevel.melbands_kurtosis.stdev": 87.05795288085938, "lowlevel.melbands_skewness.mean": 5.1571807861328125, "lowlevel.melbands_skewness.stdev": 4.467953681945801, "lowlevel.melbands_spread.mean": 30.609432220458984, "lowlevel.melbands_spread.stdev": 40.200252532958984, "lowlevel.pitch_salience.mean": 0.45780372619628906, "lowlevel.pitch_salience.stdev": 0.18630918860435486, "lowlevel.silence_rate_20dB.mean": 1.0, "lowlevel.silence_rate_20dB.stdev": 0.0, "lowlevel.silence_rate_30dB.mean": 0.8648648858070374, "lowlevel.silence_rate_30dB.stdev": 0.34187033772468567, "lowlevel.silence_rate_60dB.mean": 0.10733591020107269, "lowlevel.silence_rate_60dB.stdev": 0.3095395863056183, "lowlevel.spectral_centroid.mean": 1767.70849609375, "lowlevel.spectral_centroid.stdev": 1193.0347900390625, "lowlevel.spectral_complexity.mean": 13.6007719039917, "lowlevel.spectral_complexity.stdev": 11.026839256286621, "lowlevel.spectral_decrease.mean": -1.287685602591182e-08, "lowlevel.spectral_decrease.stdev": 1.500931468001454e-08, "lowlevel.spectral_energy.mean": 0.0515134371817112, "lowlevel.spectral_energy.stdev": 0.057110682129859924, "lowlevel.spectral_energyband_high.mean": 0.002354960422962904, "lowlevel.spectral_energyband_high.stdev": 0.0039993044920265675, "lowlevel.spectral_energyband_low.mean": 0.03524507209658623, "lowlevel.spectral_energyband_low.stdev": 0.05475423485040665, "lowlevel.spectral_energyband_middle_high.mean": 0.004481473006308079, "lowlevel.spectral_energyband_middle_high.stdev": 0.007617640309035778, "lowlevel.spectral_energyband_middle_low.mean": 0.011550619266927242, "lowlevel.spectral_energyband_middle_low.stdev": 0.015621759928762913, "lowlevel.spectral_entropy.mean": 7.900658130645752, "lowlevel.spectral_entropy.stdev": 0.497606486082077, "lowlevel.spectral_flux.mean": 0.12815913558006287, "lowlevel.spectral_flux.stdev": 0.09995681047439575, "lowlevel.spectral_kurtosis.mean": 2.84401798248291, "lowlevel.spectral_kurtosis.stdev": 2.2047290802001953, "lowlevel.spectral_rms.mean": 0.00610091770067811, "lowlevel.spectral_rms.stdev": 0.003610513871535659, "lowlevel.spectral_rolloff.mean": 2604.086181640625, "lowlevel.spectral_rolloff.stdev": 3632.078857421875, "lowlevel.spectral_skewness.mean": 1.4014827013015747, "lowlevel.spectral_skewness.stdev": 0.5011314153671265, "lowlevel.spectral_spread.mean": 6702829.0, "lowlevel.spectral_spread.stdev": 1929737.75, "lowlevel.spectral_strongpeak.mean": 0.8267701864242554, "lowlevel.spectral_strongpeak.stdev": 1.0369662046432495, "lowlevel.zerocrossingrate.mean": 0.09771130234003067, "lowlevel.zerocrossingrate.stdev": 0.09207981079816818, "metadata.audio_properties.analysis.equal_loudness": 0.0, "metadata.audio_properties.analysis.length": 30.03628158569336, "metadata.audio_properties.analysis.sample_rate": 44100.0, "metadata.audio_properties.analysis.start_time": 0.0, "metadata.audio_properties.bit_rate": 120300.0, "metadata.audio_properties.length": 30.03733253479004, "metadata.audio_properties.lossless": 0.0, "metadata.audio_properties.number_channels": 1.0, "metadata.audio_properties.replay_gain": -13.197021484375, "metadata.audio_properties.sample_rate": 48000.0, "rhythm.beats_count": 52.0, "rhythm.beats_loudness.mean": 0.066305972635746, "rhythm.beats_loudness.stdev": 0.049773819744586945, "rhythm.bpm": 104.00325012207031, "rhythm.bpm_histogram_first_peak_bpm": 103.0, "rhythm.bpm_histogram_first_peak_weight": 0.2666666507720947, "rhythm.bpm_histogram_second_peak_bpm": 112.0, "rhythm.bpm_histogram_second_peak_spread": 0.5, "rhythm.bpm_histogram_second_peak_weight": 0.05882352963089943, "rhythm.danceability": 1.3276861906051636, "rhythm.onset_rate": 5.589151382446289, "tonal.chords_changes_rate": 0.1280864179134369, "tonal.chords_number_rate": 0.012345679104328156, "tonal.chords_strength.mean": 0.5289334654808044, "tonal.chords_strength.stdev": 0.09628687798976898, "tonal.hpcp_crest.mean": 12.422154426574707, "tonal.hpcp_crest.stdev": 6.078709125518799, "tonal.hpcp_entropy.mean": 2.282278060913086, "tonal.hpcp_entropy.stdev": 0.8042765259742737, "tonal.key_edma.strength": 0.7899125218391418, "tonal.key_krumhansl.strength": 0.7858672738075256, "tonal.key_temperley.strength": 0.773987889289856, "tonal.tuning_diatonic_strength": 0.5603963136672974, "tonal.tuning_equal_tempered_deviation": 0.1858745664358139, "tonal.tuning_frequency": 434.193115234375, "tonal.tuning_nontempered_energy_ratio": 0.9051170945167542, "lowlevel.barkbands.mean": [0.003436416620388627, 0.022115325555205345, 0.0076317754574120045, 0.005623604170978069, 0.0037015723064541817, 0.0008283522911369801, 0.00034035748103633523, 0.0003777308447752148, 0.0005616070702672005, 0.0005510783521458507, 0.0009398984257131815, 0.0006399928242899477, 0.0004180081596132368, 0.00032415695022791624, 0.00031011554528959095, 0.0003100225003436208, 0.00035895462497137487, 0.0002972327347379178, 0.00025913873105309904, 0.0003108457021880895, 0.00027335871709510684, 0.0002670898975338787, 0.0003463556640781462, 0.0004579091619234532, 0.0005617696442641318, 0.0002648140653036535, 5.938974481978221e-06], "lowlevel.barkbands.stdev": [0.00709027424454689, 0.03540828078985214, 0.02630215883255005, 0.009350484237074852, 0.008057167753577232, 0.0018433008808642626, 0.0010962247615680099, 0.0010231108171865344, 0.0014789149863645434, 0.0016299247508868575, 0.003226112574338913, 0.002106530126184225, 0.001439367770217359, 0.0008455286733806133, 0.0007497170590795577, 0.0006960944156162441, 0.0006606932729482651, 0.0005847300053574145, 0.00048440296086482704, 0.0006937159923836589, 0.0005794640746898949, 0.0005383290117606521, 0.0007842913037165999, 0.0010413896525278687, 0.0010626039002090693, 0.0004934563185088336, 2.0999657863285393e-05], "lowlevel.erbbands.mean": [0.9203106164932251, 3.9002137184143066, 8.535460472106934, 13.891857147216797, 21.812641143798828, 6.5492844581604, 4.481969833374023, 7.489633560180664, 5.186281681060791, 6.3935065269470215, 8.33814525604248, 12.005699157714844, 14.855791091918945, 30.456954956054688, 37.52706527709961, 20.854049682617188, 18.62348175048828, 17.044836044311523, 15.944070816040039, 18.07147789001465, 16.980974197387695, 21.25345802307129, 17.342849731445312, 12.684807777404785, 13.491881370544434, 14.748394966125488, 13.702146530151367, 8.937296867370605, 9.270092010498047, 10.352372169494629, 9.541086196899414, 8.776780128479004, 8.290403366088867, 6.862862586975098, 3.5651333332061768, 1.5673656463623047, 0.4008074998855591, 0.0432470440864563, 0.0009947567014023662, 0.00010363385081291199], "lowlevel.erbbands.stdev": [1.5701289176940918, 7.101710796356201, 28.072555541992188, 27.44938087463379, 37.73623275756836, 16.947994232177734, 11.070514678955078, 17.60038185119629, 15.230365753173828, 17.369813919067383, 20.38717269897461, 32.720970153808594, 37.593772888183594, 93.38775634765625, 121.95178985595703, 58.67521667480469, 65.99029541015625, 45.053775787353516, 34.599727630615234, 43.436363220214844, 35.024436950683594, 38.546897888183594, 32.40934753417969, 23.631458282470703, 26.885696411132812, 34.15593719482422, 30.381147384643555, 18.072723388671875, 18.67498207092285, 22.18636703491211, 21.57252311706543, 21.9014949798584, 18.112613677978516, 13.907286643981934, 6.643492221832275, 2.9620728492736816, 0.7632033824920654, 0.09655191004276276, 0.002081210259348154, 0.00010456296149641275], "lowlevel.gfcc.mean": [-1.2212237119674683, 32.95140075683594, -94.43113708496094, 39.52721405029297, -49.99361038208008, 28.620357513427734, -42.85996627807617, 18.267995834350586, -39.07466125488281, 0.2846491038799286, -25.49831771850586, 0.6066614389419556, -14.044393539428711], "lowlevel.melbands.mean": [0.007177473045885563, 0.00452327448874712, 0.0027732287999242544, 0.0010024633957073092, 0.00014889737940393388, 0.00016298695118166506, 7.835854194127023e-05, 7.57679736125283e-05, 6.5960171923507e-05, 8.057342347456142e-05, 7.193294732132927e-05, 0.00011661351891234517, 0.0001316360430791974, 8.30000062705949e-05, 3.849223139695823e-05, 4.129318767809309e-05, 3.046941310458351e-05, 2.579188185336534e-05, 2.4721402951399796e-05, 2.2727959731128067e-05, 1.9001699911314063e-05, 2.1341298634069972e-05, 2.1490304789040238e-05, 1.1422329407650977e-05, 9.991433216782752e-06, 9.93711637420347e-06, 9.420487003808375e-06, 9.913305802911054e-06, 9.137249435298145e-06, 6.716731604683446e-06, 4.624091616278747e-06, 5.099223017168697e-06, 5.411602160165785e-06, 5.962091563560534e-06, 5.367911853682017e-06, 5.452497589431005e-06, 5.36991410626797e-06, 5.821366812597262e-06, 5.715006864193128e-06, 5.876934210391482e-06], "lowlevel.melbands.stdev": [0.0114408228546381, 0.011603686027228832, 0.004565183538943529, 0.0020177261903882027, 0.00037003125180490315, 0.00037594721652567387, 0.00023285286442842335, 0.00019875701400451362, 0.0001589988241903484, 0.00022012450790498406, 0.00018616665329318494, 0.0003629125712905079, 0.00044983779662288725, 0.0002786214172374457, 0.0001226837921421975, 0.0001486811088398099, 8.453423652099445e-05, 6.132120324764401e-05, 6.327605660771951e-05, 5.531785063794814e-05, 4.1382183553650975e-05, 4.0290924516739324e-05, 4.535031985142268e-05, 2.262544512632303e-05, 1.9111808796878904e-05, 1.995733691728674e-05, 2.0033237888128497e-05, 2.5262959752581082e-05, 2.128993764927145e-05, 1.4612901395594236e-05, 9.421364666195586e-06, 1.0402467523817904e-05, 1.1474695384094957e-05, 1.3341620615392458e-05, 1.1928207641176414e-05, 1.4422749700315762e-05, 1.3291127288539428e-05, 1.3165841664886102e-05, 1.2194343071314506e-05, 1.2061304914823268e-05], "lowlevel.melbands128.mean": [0.0030329630244523287, 0.008344743400812149, 0.008647655136883259, 0.0055776843801140785, 0.004512266255915165, 0.0035178482066839933, 0.0026301094330847263, 0.0030122811440378428, 0.002430044347420335, 0.0007986259297467768, 0.0001795560965547338, 0.00012402264110278338, 0.00014239778101909906, 0.00017015011690091342, 0.0001897434121929109, 0.0001559842494316399, 8.734269067645073e-05, 6.216859037522227e-05, 6.747445149812847e-05, 6.540376489283517e-05, 8.6606276454404e-05, 9.219810453942046e-05, 4.922626612824388e-05, 5.7643243053462356e-05, 7.55294895498082e-05, 8.851800521370023e-05, 9.987260273192078e-05, 5.876734940102324e-05, 5.930838960921392e-05, 9.002491424325854e-05, 0.0001471386494813487, 0.0001505666004959494, 0.00013172996114008129, 0.00011091941996710375, 0.0001291920489165932, 6.114645657362416e-05, 3.238176213926636e-05, 4.1375165892532095e-05, 3.669366196845658e-05, 4.247478864272125e-05, 4.5747776312055066e-05, 3.570145781850442e-05, 2.7582840630202554e-05, 2.8524533263407648e-05, 3.231850132578984e-05, 2.3022974346531555e-05, 2.130406028300058e-05, 2.5065861336770467e-05, 2.7108269932796247e-05, 2.360984763072338e-05, 2.310629679413978e-05, 2.0481158571783453e-05, 1.895465175039135e-05, 1.865831836767029e-05, 1.7882801330415532e-05, 2.2458520106738433e-05, 2.358457822992932e-05, 2.2490130504593253e-05, 2.3709688321105205e-05, 1.3397116163105238e-05, 1.0064562047773506e-05, 9.986552868213039e-06, 1.02761669040774e-05, 1.0087883310916368e-05, 9.40981408348307e-06, 9.979917194868904e-06, 1.0603191185509786e-05, 8.926835107558873e-06, 8.977845027402509e-06, 1.0304087481927127e-05, 9.418548870598897e-06, 1.0399082384537905e-05, 9.808339200390037e-06, 9.136587323155254e-06, 7.97845314082224e-06, 7.536103112215642e-06, 5.738174877478741e-06, 4.77158300782321e-06, 4.382986844575498e-06, 4.512756731855916e-06, 5.084108124719933e-06, 5.382653853303054e-06, 5.251235506875673e-06, 5.252181381365517e-06, 5.702997896150919e-06, 5.860157216375228e-06, 6.188178304000758e-06, 5.900803444092162e-06, 4.94288042318658e-06, 5.112887720315484e-06, 6.211637355590938e-06, 5.157262876309687e-06, 5.04726358485641e-06, 5.323736331774853e-06, 5.5824943956395146e-06, 5.825139396620216e-06, 5.912515916861594e-06, 5.687656084774062e-06, 5.542134658753639e-06, 5.751938715548022e-06, 6.297727850324009e-06, 5.773377779405564e-06, 5.752117886004271e-06, 4.629949216905516e-06, 3.6436194932321087e-06, 3.3716801226546522e-06, 3.5866969483322464e-06, 3.324791123304749e-06, 2.5841643491730792e-06, 2.3319528281717794e-06, 2.0051202227477916e-06, 1.4014315183885628e-06, 1.2532563005152042e-06, 8.459496712021064e-07, 6.188864176692732e-07, 4.4440025703806896e-07, 2.1943310457572807e-07, 2.7249697609477153e-08, 1.7904649984856746e-09, 2.361465537004115e-11, 2.602321830247334e-11, 2.790758596438181e-11, 2.0949455711849474e-11, 2.0103106679325577e-11, 1.6000466576682193e-11, 9.177381944669438e-12, 6.632102419329433e-12, 6.268139219473001e-12], "lowlevel.melbands128.stdev": [0.0063134655356407166, 0.015156224370002747, 0.014805460348725319, 0.0118688540533185, 0.015498730354011059, 0.011781357228755951, 0.006095242686569691, 0.00489491131156683, 0.004779700189828873, 0.002545157913118601, 0.0007033938309177756, 0.0004472856817301363, 0.0004406093794386834, 0.000441753858467564, 0.00047682932927273214, 0.0005234667914919555, 0.00030028977198526263, 0.00026687688659876585, 0.0002823808463290334, 0.000222558926907368, 0.00028822425520047545, 0.0002890218165703118, 0.00015370058827102184, 0.00021624215878546238, 0.00028425364871509373, 0.00030561749008484185, 0.0003692192549351603, 0.0002034680946962908, 0.00021990718960296363, 0.00036026336601935327, 0.0005809240392409265, 0.000595236022491008, 0.0006111307884566486, 0.0004477986367419362, 0.0005453529884107411, 0.0002424843405606225, 0.00010744863539002836, 0.00016537397459615022, 0.00015877452096901834, 0.00025759253185242414, 0.00018660420028027147, 0.00012726733984891325, 0.00010731596557889134, 9.252273594029248e-05, 0.00010576678323559463, 6.483603647211567e-05, 6.344298890326172e-05, 7.626724254805595e-05, 0.00010152705362997949, 6.14277960266918e-05, 7.739453576505184e-05, 5.899453753954731e-05, 4.784457996720448e-05, 4.9815556849353015e-05, 4.260759669705294e-05, 4.9550268158782274e-05, 5.26967050973326e-05, 5.433598562376574e-05, 6.097058212617412e-05, 2.713743924687151e-05, 2.4351991669391282e-05, 2.4461685825372115e-05, 2.2972219085204415e-05, 2.061113264062442e-05, 1.8732771422946826e-05, 2.265649709443096e-05, 2.6949091989081353e-05, 2.4082566596916877e-05, 2.1839732653461397e-05, 2.292353929078672e-05, 2.797023807943333e-05, 3.439523061388172e-05, 2.2241352780838497e-05, 2.4898103220039047e-05, 1.894958950288128e-05, 1.755167613737285e-05, 1.3560202205553651e-05, 1.1285017535556108e-05, 9.627240615373012e-06, 9.446069270779844e-06, 1.123645415646024e-05, 1.2249272003828082e-05, 1.1538692888279911e-05, 1.1978046131844167e-05, 1.3440117072605062e-05, 1.3623955055663828e-05, 1.5137085938476957e-05, 1.5417181202792563e-05, 1.0608965567371342e-05, 1.2259897630428895e-05, 1.7603864762349986e-05, 1.4491275578620844e-05, 1.491260809416417e-05, 1.4260624993767124e-05, 1.3813811165164225e-05, 1.3714241504203528e-05, 1.4890170859871432e-05, 1.3110800864524208e-05, 1.2569047612487338e-05, 1.339457230642438e-05, 1.370554764434928e-05, 1.288116709474707e-05, 1.2366537703201175e-05, 9.02681040315656e-06, 7.909883606771473e-06, 6.902545464981813e-06, 6.919159204699099e-06, 6.184207450132817e-06, 5.431871613836847e-06, 5.326143309503095e-06, 4.436062226886861e-06, 2.8379133709677262e-06, 2.5779531824809965e-06, 1.8403833337288233e-06, 1.5045474128783098e-06, 1.2027303455397487e-06, 7.523833005507186e-07, 1.1580702619085059e-07, 3.082534050236063e-08, 2.3934879078701954e-10, 3.202363929588614e-10, 3.9403674767513053e-10, 2.3153307049383898e-10, 2.3566304463429333e-10, 1.595094056838775e-10, 4.134774814201769e-11, 1.2076522941384393e-11, 1.080586488344526e-11], "lowlevel.mfcc.mean": [-652.0921630859375, 71.65459442138672, 14.108941078186035, 18.80537223815918, 17.478864669799805, 6.778386116027832, 13.550817489624023, 8.012484550476074, 4.5779709815979, -3.052114486694336, -5.848441123962402, -4.180018901824951, -0.17268739640712738], "lowlevel.spectral_contrast_coeffs.mean": [-0.6470603942871094, -0.7863345146179199, -0.7951423525810242, -0.8112661838531494, -0.8075340390205383, -0.7957741022109985], "lowlevel.spectral_contrast_coeffs.stdev": [0.13017018139362335, 0.07246687263250351, 0.06767184287309647, 0.05065730959177017, 0.03674553334712982, 0.02989213727414608], "lowlevel.spectral_contrast_valleys.mean": [-7.4841389656066895, -7.531922817230225, -7.584768772125244, -7.730885982513428, -7.353645324707031, -9.442354202270508], "lowlevel.spectral_contrast_valleys.stdev": [1.4340031147003174, 0.915984034538269, 0.8076514601707458, 0.751042366027832, 0.6936358213424683, 0.8819420337677002], "rhythm.beats_loudness_band_ratio.mean": [0.5409896373748779, 0.0329776331782341, 0.04317264258861542, 0.1200762689113617, 0.08259335160255432, 0.19831228256225586], "rhythm.beats_loudness_band_ratio.stdev": [0.3546721041202545, 0.04238279163837433, 0.05378349870443344, 0.15356217324733734, 0.08597219735383987, 0.20480214059352875], "tonal.hpcp.mean": [0.11037290841341019, 0.09937187284231186, 0.09023962914943695, 0.07854858785867691, 0.07094120234251022, 0.0695299431681633, 0.10258325934410095, 0.1316070407629013, 0.10083318501710892, 0.07716374844312668, 0.08675719052553177, 0.12098968029022217, 0.1969873011112213, 0.20528298616409302, 0.1277884989976883, 0.08138229697942734, 0.07567451894283295, 0.08595394343137741, 0.09189178049564362, 0.08309334516525269, 0.08467023074626923, 0.12342475354671478, 0.13344430923461914, 0.11255180835723877, 0.12459520995616913, 0.13222302496433258, 0.13544264435768127, 0.14548859000205994, 0.12607337534427643, 0.10425354540348053, 0.09628454595804214, 0.07997673004865646, 0.08555051684379578, 0.11694324016571045, 0.13644911348819733, 0.12879467010498047], "tonal.hpcp.stdev": [0.23181116580963135, 0.21624056994915009, 0.21501466631889343, 0.19064150750637054, 0.1768893450498581, 0.16337206959724426, 0.20432116091251373, 0.268230676651001, 0.2125653177499771, 0.18117377161979675, 0.18451082706451416, 0.23662330210208893, 0.30730563402175903, 0.32959434390068054, 0.2257937639951706, 0.18636175990104675, 0.18284748494625092, 0.20444636046886444, 0.2172538936138153, 0.19269603490829468, 0.18850083649158478, 0.2404240518808365, 0.2531487047672272, 0.2147800624370575, 0.24806639552116394, 0.25245150923728943, 0.256320059299469, 0.26736894249916077, 0.24597235023975372, 0.2306848168373108, 0.22448670864105225, 0.1846221685409546, 0.20065937936306, 0.2274918407201767, 0.2613179087638855, 0.24595990777015686], "rhythm.beats_position": [0.5340589284896851, 1.0681178569793701, 1.6021767854690552, 2.1362357139587402, 2.6819047927856445, 3.2275736331939697, 3.7848525047302246, 4.36535120010376, 4.945850372314453, 5.526349067687988, 6.106847763061523, 6.675736904144287, 7.244625568389893, 7.825124740600586, 8.405623435974121, 8.986122131347656, 9.566620826721191, 10.147119522094727, 10.727619171142578, 11.296507835388184, 11.865396499633789, 12.445895195007324, 13.02639389038086, 13.595283508300781, 14.175782203674316, 14.756280899047852, 15.325169563293457, 15.905668258666992, 16.486167907714844, 17.066665649414062, 17.647165298461914, 18.216054916381836, 18.784942626953125, 19.365442276000977, 19.945940017700195, 20.526439666748047, 21.1069393157959, 21.687437057495117, 22.25632667541504, 22.836824417114258, 23.41732406616211, 23.997821807861328, 24.56671142578125, 25.135601043701172, 25.70448875427246, 26.284988403320312, 26.86548614501953, 27.445985794067383, 28.026485443115234, 28.606983184814453, 29.187482833862305, 29.767980575561523], "rhythm.bpm_histogram": [0.0, 0.0, 0.0, 0.0, 0.0, 0.0, 0.0, 0.0, 0.0, 0.0, 0.0, 0.0, 0.0, 0.0, 0.0, 0.0, 0.0, 0.0, 0.0, 0.0, 0.0, 0.0, 0.0, 0.0, 0.0, 0.0, 0.0, 0.0, 0.0, 0.0, 0.0, 0.0, 0.0, 0.0, 0.0, 0.0, 0.0, 0.0, 0.0, 0.0, 0.0, 0.0, 0.0, 0.0, 0.0, 0.0, 0.0, 0.0, 0.0, 0.0, 0.0, 0.0, 0.0, 0.0, 0.0, 0.0, 0.0, 0.0, 0.0, 0.0, 0.0, 0.0, 0.0, 0.0, 0.0, 0.0, 0.0, 0.0, 0.0, 0.0, 0.0, 0.0, 0.0, 0.0, 0.0, 0.0, 0.0, 0.0, 0.0, 0.0, 0.0, 0.0, 0.0, 0.0, 0.0, 0.0, 0.0, 0.0, 0.0, 0.0, 0.0, 0.0, 0.0, 0.0, 0.0, 0.0, 0.0, 0.0, 0.0, 0.0, 0.0, 0.0, 0.0, 0.6470588445663452, 0.0, 0.23529411852359772, 0.0, 0.0, 0.019607843831181526, 0.0, 0.03921568766236305, 0.0, 0.05882352963089943, 0.0, 0.0, 0.0, 0.0, 0.0, 0.0, 0.0, 0.0, 0.0, 0.0, 0.0, 0.0, 0.0, 0.0, 0.0, 0.0, 0.0, 0.0, 0.0, 0.0, 0.0, 0.0, 0.0, 0.0, 0.0, 0.0, 0.0, 0.0, 0.0, 0.0, 0.0, 0.0, 0.0, 0.0, 0.0, 0.0, 0.0, 0.0, 0.0, 0.0, 0.0, 0.0, 0.0, 0.0, 0.0, 0.0, 0.0, 0.0, 0.0, 0.0, 0.0, 0.0, 0.0, 0.0, 0.0, 0.0, 0.0, 0.0, 0.0, 0.0, 0.0, 0.0, 0.0, 0.0, 0.0, 0.0, 0.0, 0.0, 0.0, 0.0, 0.0, 0.0, 0.0, 0.0, 0.0, 0.0, 0.0, 0.0, 0.0, 0.0, 0.0, 0.0, 0.0, 0.0, 0.0, 0.0, 0.0, 0.0, 0.0, 0.0, 0.0, 0.0, 0.0, 0.0, 0.0, 0.0, 0.0, 0.0, 0.0, 0.0, 0.0, 0.0, 0.0, 0.0, 0.0, 0.0, 0.0, 0.0, 0.0, 0.0, 0.0, 0.0, 0.0, 0.0, 0.0, 0.0, 0.0, 0.0, 0.0, 0.0, 0.0, 0.0, 0.0, 0.0, 0.0, 0.0, 0.0, 0.0, 0.0, 0.0, 0.0, 0.0, 0.0, 0.0, 0.0, 0.0, 0.0], "tonal.chords_histogram": [0.46296295523643494, 0.3086419701576233, 0.0, 0.0, 0.0, 0.0, 0.0, 0.15432098507881165, 0.6172839403152466, 1.6975308656692505, 2.314814805984497, 0.0, 0.0, 0.0, 11.882716178894043, 7.561728477478027, 48.61111068725586, 7.407407283782959, 0.3086419701576233, 0.6172839403152466, 0.0, 6.172839641571045, 0.15432098507881165, 11.728395462036133], "tonal.thpcp": [1.0, 0.6224992275238037, 0.3964395523071289, 0.3686351180076599, 0.41870954632759094, 0.44763466715812683, 0.40477463603019714, 0.4124561548233032, 0.6012420058250427, 0.6500505208969116, 0.5482763648033142, 0.606943666934967, 0.6441012620925903, 0.6597850322723389, 0.7087221145629883, 0.6141443252563477, 0.5078528523445129, 0.46903324127197266, 0.38959258794784546, 0.41674432158470154, 0.5696684718132019, 0.6646878719329834, 0.6274006366729736, 0.5376622080802917, 0.48407262563705444, 0.43958649039268494, 0.3826356530189514, 0.345577597618103, 0.33870288729667664, 0.49971631169319153, 0.6411005854606628, 0.49119114875793457, 0.3758896291255951, 0.422622412443161, 0.5893799662590027, 0.9595890045166016], "lowlevel.gfcc.cov": [[5217.6455078125, 692.4403076171875, 880.3194580078125, 302.45672607421875, 248.80361938476562, 159.82061767578125, 130.32754516601562, 147.73175048828125, 218.09437561035156, 167.23046875, 75.30923461914062, 96.97822570800781, 46.705440521240234], [692.4403076171875, 2594.43701171875, 585.3494262695312, 57.711971282958984, 482.54095458984375, -28.858264923095703, 68.849365234375, -32.081512451171875, 88.63636016845703, -48.15623474121094, 142.4914093017578, -81.92903137207031, 98.16022491455078], [880.3194580078125, 585.3494262695312, 1298.165283203125, 726.2416381835938, 372.7091064453125, 128.11505126953125, 126.77738952636719, 44.781105041503906, 139.2310028076172, 112.27252197265625, 93.87654876708984, 90.73516845703125, 17.08501625061035], [302.45672607421875, 57.711971282958984, 726.2416381835938, 890.4608764648438, 300.880859375, 73.74651336669922, 117.75340270996094, 81.97403717041016, 154.43975830078125, 81.05902862548828, 114.25720977783203, 104.87870788574219, 51.069610595703125], [248.80361938476562, 482.54095458984375, 372.7091064453125, 300.880859375, 452.53790283203125, 172.8755645751953, 134.86167907714844, 91.2428970336914, 118.27412414550781, 79.76485443115234, 67.80722045898438, 42.138771057128906, 66.47602081298828], [159.82061767578125, -28.858264923095703, 128.11505126953125, 73.74651336669922, 172.8755645751953, 414.6142272949219, 292.039794921875, 101.30081176757812, 143.5509033203125, 171.70556640625, 90.99468231201172, 49.05159378051758, 63.43990707397461], [130.32754516601562, 68.849365234375, 126.77738952636719, 117.75340270996094, 134.86167907714844, 292.039794921875, 407.7684020996094, 149.3249053955078, 146.99110412597656, 166.81707763671875, 122.72834014892578, 81.51484680175781, 50.35907745361328], [147.73175048828125, -32.081512451171875, 44.781105041503906, 81.97403717041016, 91.2428970336914, 101.30081176757812, 149.3249053955078, 192.7867889404297, 139.77317810058594, 89.99517822265625, 58.665470123291016, 44.10300827026367, 50.32298278808594], [218.09437561035156, 88.63636016845703, 139.2310028076172, 154.43975830078125, 118.27412414550781, 143.5509033203125, 146.99110412597656, 139.77317810058594, 243.0535125732422, 180.78448486328125, 99.5005111694336, 53.69819259643555, 74.77497863769531], [167.23046875, -48.15623474121094, 112.27252197265625, 81.05902862548828, 79.76485443115234, 171.70556640625, 166.81707763671875, 89.99517822265625, 180.78448486328125, 253.1035614013672, 115.03096008300781, 58.034873962402344, 47.343223571777344], [75.30923461914062, 142.4914093017578, 93.87654876708984, 114.25720977783203, 67.80722045898438, 90.99468231201172, 122.72834014892578, 58.665470123291016, 99.5005111694336, 115.03096008300781, 157.02890014648438, 67.63230895996094, 53.00078582763672], [96.97822570800781, -81.92903137207031, 90.73516845703125, 104.87870788574219, 42.138771057128906, 49.05159378051758, 81.51484680175781, 44.10300827026367, 53.69819259643555, 58.034873962402344, 67.63230895996094, 111.71587371826172, 39.25520706176758], [46.705440521240234, 98.16022491455078, 17.08501625061035, 51.069610595703125, 66.47602081298828, 63.43990707397461, 50.35907745361328, 50.32298278808594, 74.77497863769531, 47.343223571777344, 53.00078582763672, 39.25520706176758, 96.2593765258789]], "lowlevel.gfcc.icov": [[0.0002334620658075437, -8.05952658993192e-05, -0.0001587803999427706, 4.280156645108946e-05, 0.00011702212214004248, -0.00011918671225430444, 0.0001429864059900865, -0.0002312621654709801, -2.6093914129887708e-05, -0.0001084696123143658, 0.00019521791546139866, -0.00025869678938761353, 8.984412852441892e-05], [-8.05952658993192e-05, 0.0012368689058348536, -0.0007697521359659731, 0.0011858127545565367, -0.0015621714992448688, 0.001443409244529903, -0.0012101008323952556, 0.0016042533097788692, -0.0015444428427144885, 0.0018056508852168918, -0.0022198392543941736, 0.002256674924865365, -0.0011791224824264646], [-0.0001587803999427706, -0.0007697521359659731, 0.00229834346100688, -0.001950692618265748, 0.0002523375442251563, -0.000977730960585177, 0.0007261440041474998, -0.0003501760947983712, 0.0008911679615266621, -0.0014500663382932544, 0.0015113101107999682, -0.001685243216343224, 0.0016383158508688211], [4.280156645108946e-05, 0.0011858127545565367, -0.001950692618265748, 0.0037177421618252993, -0.002110161818563938, 0.0018518043216317892, -0.0012907377677038312, 0.001651976490393281, -0.0028179369401186705, 0.0027429002802819014, -0.002827741438522935, 0.0011497146915644407, -0.0008796672336757183], [0.00011702212214004248, -0.0015621714992448688, 0.0002523375442251563, -0.002110161818563938, 0.005850411020219326, -0.0030611667316406965, 0.0017232309328392148, -0.0029371639247983694, 0.0020213855896145105, -0.0018749120645225048, 0.0027608764357864857, -0.0020640725269913673, -0.00010431824193801731], [-0.00011918671225430444, 0.001443409244529903, -0.000977730960585177, 0.0018518043216317892, -0.0030611667316406965, 0.0079053845256567, -0.005453119054436684, 0.0031929921824485064, -0.0020941919647157192, 0.00021010608179494739, -0.0014613219536840916, 0.0035448649432510138, -0.003252999624237418], [0.0001429864059900865, -0.0012101008323952556, 0.0007261440041474998, -0.0012907377677038312, 0.0017232309328392148, -0.005453119054436684, 0.008361384272575378, -0.005076117347925901, 0.0025910388212651014, -0.0023237320128828287, -1.4682591427117586e-05, -0.003867772174999118, 0.0031192691531032324], [-0.0002312621654709801, 0.0016042533097788692, -0.0003501760947983712, 0.001651976490393281, -0.0029371639247983694, 0.0031929921824485064, -0.005076117347925901, 0.013591188937425613, -0.008730573579668999, 0.004367338493466377, -0.0018428803887218237, 0.0018972567049786448, -0.0019886577501893044], [-2.6093914129887708e-05, -0.0015444428427144885, 0.0008911679615266621, -0.0028179369401186705, 0.0020213855896145105, -0.0020941919647157192, 0.0025910388212651014, -0.008730573579668999, 0.017828786745667458, -0.010629893280565739, 0.0025573435705155134, -0.000812873593531549, -0.0035806449595838785], [-0.0001084696123143658, 0.0018056508852168918, -0.0014500663382932544, 0.0027429002802819014, -0.0018749120645225048, 0.00021010608179494739, -0.0023237320128828287, 0.004367338493466377, -0.010629893280565739, 0.014719030819833279, -0.00716119771823287, 0.0019620093517005444, 0.0012632881989702582], [0.00019521791546139866, -0.0022198392543941736, 0.0015113101107999682, -0.002827741438522935, 0.0027608764357864857, -0.0014613219536840916, -1.4682591427117586e-05, -0.0018428803887218237, 0.0025573435705155134, -0.00716119771823287, 0.017085764557123184, -0.007380761671811342, -0.0014335333835333586], [-0.00025869678938761353, 0.002256674924865365, -0.001685243216343224, 0.0011497146915644407, -0.0020640725269913673, 0.0035448649432510138, -0.003867772174999118, 0.0018972567049786448, -0.000812873593531549, 0.0019620093517005444, -0.007380761671811342, 0.018414516001939774, -0.006144998129457235], [8.984412852441892e-05, -0.0011791224824264646, 0.0016383158508688211, -0.0008796672336757183, -0.00010431824193801731, -0.003252999624237418, 0.0031192691531032324, -0.0019886577501893044, -0.0035806449595838785, 0.0012632881989702582, -0.0014335333835333586, -0.006144998129457235, 0.018802456557750702]], "lowlevel.mfcc.cov": [[4712.5390625, 439.81463623046875, 437.63287353515625, 165.0624237060547, 165.6051788330078, 116.48873138427734, 27.998714447021484, 64.67646026611328, 113.22500610351562, 160.32888793945312, 114.41577911376953, 106.85489654541016, 59.411888122558594], [439.81463623046875, 2322.615234375, 167.0841522216797, 73.2166519165039, 282.8898620605469, 41.218536376953125, 111.193115234375, -34.36331558227539, 18.610891342163086, -11.444634437561035, 48.999210357666016, -41.688377380371094, -4.882915496826172], [437.63287353515625, 167.0841522216797, 920.871337890625, 549.1798706054688, 261.4809875488281, 233.364501953125, 77.76265716552734, 78.05872344970703, 28.363178253173828, 56.649330139160156, 73.10160827636719, 92.76275634765625, 59.20125961303711], [165.0624237060547, 73.2166519165039, 549.1798706054688, 787.2203369140625, 333.7046203613281, 115.8705062866211, 40.79219055175781, 97.91748046875, 10.618017196655273, 11.022497177124023, 31.9132137298584, 81.96248626708984, 43.73098373413086], [165.6051788330078, 282.8898620605469, 261.4809875488281, 333.7046203613281, 416.2620849609375, 118.27606964111328, 28.37440299987793, 37.19167709350586, 53.51409912109375, 32.81501007080078, 14.316341400146484, 15.534730911254883, 22.171918869018555], [116.48873138427734, 41.218536376953125, 233.364501953125, 115.8705062866211, 118.27606964111328, 386.22894287109375, 186.2772979736328, 87.70106506347656, 108.6170883178711, 128.3806610107422, 132.91842651367188, 83.46605682373047, 80.1651382446289], [27.998714447021484, 111.193115234375, 77.76265716552734, 40.79219055175781, 28.37440299987793, 186.2772979736328, 239.4745635986328, 120.05565643310547, 75.77429962158203, 74.82167053222656, 96.51219940185547, 51.353004455566406, 43.996334075927734], [64.67646026611328, -34.36331558227539, 78.05872344970703, 97.91748046875, 37.19167709350586, 87.70106506347656, 120.05565643310547, 182.08779907226562, 89.80998229980469, 51.51417541503906, 55.85442352294922, 50.7444953918457, 36.02647399902344], [113.22500610351562, 18.610891342163086, 28.363178253173828, 10.618017196655273, 53.51409912109375, 108.6170883178711, 75.77429962158203, 89.80998229980469, 186.05859375, 131.36390686035156, 90.84191131591797, 54.130958557128906, 60.04106140136719], [160.32888793945312, -11.444634437561035, 56.649330139160156, 11.022497177124023, 32.81501007080078, 128.3806610107422, 74.82167053222656, 51.51417541503906, 131.36390686035156, 207.22821044921875, 134.4177703857422, 76.13836669921875, 72.03512573242188], [114.41577911376953, 48.999210357666016, 73.10160827636719, 31.9132137298584, 14.316341400146484, 132.91842651367188, 96.51219940185547, 55.85442352294922, 90.84191131591797, 134.4177703857422, 173.82815551757812, 90.18614959716797, 69.52581787109375], [106.85489654541016, -41.688377380371094, 92.76275634765625, 81.96248626708984, 15.534730911254883, 83.46605682373047, 51.353004455566406, 50.7444953918457, 54.130958557128906, 76.13836669921875, 90.18614959716797, 119.71273803710938, 74.25119018554688], [59.411888122558594, -4.882915496826172, 59.20125961303711, 43.73098373413086, 22.171918869018555, 80.1651382446289, 43.996334075927734, 36.02647399902344, 60.04106140136719, 72.03512573242188, 69.52581787109375, 74.25119018554688, 116.54633331298828]], "lowlevel.mfcc.icov": [[0.00023448048159480095, -4.407366577652283e-05, -0.00012806471204385161, 7.315123366424814e-05, -3.620934876380488e-05, 3.6684239603346214e-05, 0.00010141323582502082, -7.845531945349649e-05, -1.3461019079841208e-05, -0.00016568713181186467, 3.3524989703437313e-05, -0.0001715861144475639, 8.251053077401593e-05], [-4.407366577652283e-05, 0.0005568778142333031, -0.00011954343790421262, 0.0001702515291981399, -0.0005270297406241298, 0.0003644122916739434, -0.0006207202095538378, 0.0004597871738951653, -0.00014106952585279942, 0.0003833099326584488, -0.0005212316755205393, 0.00037423448520712554, -0.00010728407505666837], [-0.00012806471204385161, -0.00011954343790421262, 0.00225484324619174, -0.0014013376785442233, 0.00010823559568962082, -0.001181641360744834, 0.0004292825178708881, -7.67269084462896e-05, 0.00046327937161549926, -0.00014937743253540248, 0.00010581064270809293, -0.0002973357914015651, 7.453484431607649e-05], [7.315123366424814e-05, 0.0001702515291981399, -0.0014013376785442233, 0.00329163228161633, -0.002077308017760515, 0.0006424346938729286, 0.00013722182484343648, -0.0012817645911127329, 0.000982151017524302, 0.00035219264100305736, -0.0001419207692379132, -0.001444879686459899, 2.581560329417698e-05], [-3.620934876380488e-05, -0.0005270297406241298, 0.00010823559568962082, -0.002077308017760515, 0.004827988334000111, -0.0014063944108784199, 0.0008357848855666816, 0.0003039626171812415, -0.0014665031339973211, -0.00039186605135910213, 0.0011109855258837342, 0.0011540560517460108, -4.002671630587429e-05], [3.6684239603346214e-05, 0.0003644122916739434, -0.001181641360744834, 0.0006424346938729286, -0.0014063944108784199, 0.006239565089344978, -0.004157143644988537, 0.0014164173044264317, -0.0008400219376198947, -0.00044770518434233963, -0.0012872895458713174, -0.0002040609688265249, -0.0009296248899772763], [0.00010141323582502082, -0.0006207202095538378, 0.0004292825178708881, 0.00013722182484343648, 0.0008357848855666816, -0.004157143644988537, 0.010607601143419743, -0.005864119157195091, 0.0013882149942219257, 4.22921366407536e-05, -0.00233453675173223, 0.0009788278257474303, 0.00018927262863144279], [-7.845531945349649e-05, 0.0004597871738951653, -7.67269084462896e-05, -0.0012817645911127329, 0.0003039626171812415, 0.0014164173044264317, -0.005864119157195091, 0.011838951148092747, -0.005506920628249645, 0.002028206828981638, 0.0006581705529242754, -0.002015728736296296, 0.0005761522334069014], [-1.3461019079841208e-05, -0.00014106952585279942, 0.00046327937161549926, 0.000982151017524302, -0.0014665031339973211, -0.0008400219376198947, 0.0013882149942219257, -0.005506920628249645, 0.013347715139389038, -0.006600280292332172, -0.0001499347563367337, 0.0008473718771710992, -0.0018151149852201343], [-0.00016568713181186467, 0.0003833099326584488, -0.00014937743253540248, 0.00035219264100305736, -0.00039186605135910213, -0.00044770518434233963, 4.22921366407536e-05, 0.002028206828981638, -0.006600280292332172, 0.014171674847602844, -0.007241712883114815, -0.0002540523128118366, -0.001093254773877561], [3.3524989703437313e-05, -0.0005212316755205393, 0.00010581064270809293, -0.0001419207692379132, 0.0011109855258837342, -0.0012872895458713174, -0.00233453675173223, 0.0006581705529242754, -0.0001499347563367337, -0.007241712883114815, 0.017099613323807716, -0.007010275963693857, 0.0001311456726398319], [-0.0001715861144475639, 0.00037423448520712554, -0.0002973357914015651, -0.001444879686459899, 0.0011540560517460108, -0.0002040609688265249, 0.0009788278257474303, -0.002015728736296296, 0.0008473718771710992, -0.0002540523128118366, -0.007010275963693857, 0.020369840785861015, -0.008104332722723484], [8.251053077401593e-05, -0.00010728407505666837, 7.453484431607649e-05, 2.581560329417698e-05, -4.002671630587429e-05, -0.0009296248899772763, 0.00018927262863144279, 0.0005761522334069014, -0.0018151149852201343, -0.001093254773877561, 0.0001311456726398319, -0.008104332722723484, 0.015579486265778542]], "metadata.audio_properties.analysis.downmix": "mix", "metadata.audio_properties.codec": "mp3", "metadata.audio_properties.md5_encoded": "516a0c444e6d623bb21f1e9e7c9a4dbc", "metadata.tags.file_name": "1182276958281797652.mp3", "metadata.version.essentia": "2.1-beta6-dev", "metadata.version.essentia_git_sha": "v2.1_beta5-1110-g77a6a954", "metadata.version.extractor": "music 2.0", "tonal.chords_key": "C#", "tonal.chords_scale": "minor", "tonal.key_edma.key": "F", "tonal.key_edma.scale": "minor", "t