{"song_id": "1182279226280390728", "download": "https://cdn.discordapp.com/attachments/1128313332273782784/1182279226280390728/chirp.mp4?ex=65841e55&amp", "lyrics": "Act As If\nI am a crypto billionaire\ncrypto billionaire\ncrypto billionaire", "style": ["Duper"], "essentia_features": {"lowlevel.average_loudness": 0.9823846817016602, "lowlevel.barkbands_crest.mean": 14.185225486755371, "lowlevel.barkbands_crest.stdev": 5.217010021209717, "lowlevel.barkbands_flatness_db.mean": 0.239334374666214, "lowlevel.barkbands_flatness_db.stdev": 0.0875755324959755, "lowlevel.barkbands_kurtosis.mean": 40.05559539794922, "lowlevel.barkbands_kurtosis.stdev": 82.86907958984375, "lowlevel.barkbands_skewness.mean": 3.6358940601348877, "lowlevel.barkbands_skewness.stdev": 3.7948577404022217, "lowlevel.barkbands_spread.mean": 16.438093185424805, "lowlevel.barkbands_spread.stdev": 20.323026657104492, "lowlevel.dissonance.mean": 0.42654192447662354, "lowlevel.dissonance.stdev": 0.05198713764548302, "lowlevel.dynamic_complexity": 4.190269470214844, "lowlevel.erbbands_crest.mean": 13.485934257507324, "lowlevel.erbbands_crest.stdev": 5.625336647033691, "lowlevel.erbbands_flatness_db.mean": 0.17868469655513763, "lowlevel.erbbands_flatness_db.stdev": 0.05851829797029495, "lowlevel.erbbands_kurtosis.mean": 7.663745403289795, "lowlevel.erbbands_kurtosis.stdev": 13.288471221923828, "lowlevel.erbbands_skewness.mean": 1.5579121112823486, "lowlevel.erbbands_skewness.stdev": 1.916772484779358, "lowlevel.erbbands_spread.mean": 48.95554733276367, "lowlevel.erbbands_spread.stdev": 41.70777130126953, "lowlevel.hfc.mean": 19.43731689453125, "lowlevel.hfc.stdev": 25.4006290435791, "lowlevel.loudness_ebu128.integrated": -19.004602432250977, "lowlevel.loudness_ebu128.loudness_range": 1.31549072265625, "lowlevel.loudness_ebu128.momentary.mean": -19.48954200744629, "lowlevel.loudness_ebu128.momentary.stdev": 2.3324899673461914, "lowlevel.loudness_ebu128.short_term.mean": -18.969785690307617, "lowlevel.loudness_ebu128.short_term.stdev": 0.4661179482936859, "lowlevel.melbands_crest.mean": 20.589996337890625, "lowlevel.melbands_crest.stdev": 9.618191719055176, "lowlevel.melbands_flatness_db.mean": 0.312508761882782, "lowlevel.melbands_flatness_db.stdev": 0.10464122891426086, "lowlevel.melbands_kurtosis.mean": 198.87696838378906, "lowlevel.melbands_kurtosis.stdev": 805.1002197265625, "lowlevel.melbands_skewness.mean": 6.278418064117432, "lowlevel.melbands_skewness.stdev": 9.331558227539062, "lowlevel.melbands_spread.mean": 16.36937141418457, "lowlevel.melbands_spread.stdev": 34.438255310058594, "lowlevel.pitch_salience.mean": 0.43694233894348145, "lowlevel.pitch_salience.stdev": 0.20700109004974365, "lowlevel.silence_rate_20dB.mean": 0.9250870943069458, "lowlevel.silence_rate_20dB.stdev": 0.2632502317428589, "lowlevel.silence_rate_30dB.mean": 0.8118466734886169, "lowlevel.silence_rate_30dB.stdev": 0.39083391427993774, "lowlevel.silence_rate_60dB.mean": 0.13414634764194489, "lowlevel.silence_rate_60dB.stdev": 0.34080949425697327, "lowlevel.spectral_centroid.mean": 1052.6064453125, "lowlevel.spectral_centroid.stdev": 1292.4727783203125, "lowlevel.spectral_complexity.mean": 7.235191822052002, "lowlevel.spectral_complexity.stdev": 5.472016334533691, "lowlevel.spectral_decrease.mean": -1.9163303832669953e-08, "lowlevel.spectral_decrease.stdev": 3.5808763954037204e-08, "lowlevel.spectral_energy.mean": 0.07408974319696426, "lowlevel.spectral_energy.stdev": 0.13596698641777039, "lowlevel.spectral_energyband_high.mean": 0.0008151985239237547, "lowlevel.spectral_energyband_high.stdev": 0.0017310569528490305, "lowlevel.spectral_energyband_low.mean": 0.0539422370493412, "lowlevel.spectral_energyband_low.stdev": 0.12996689975261688, "lowlevel.spectral_energyband_middle_high.mean": 0.0035975705832242966, "lowlevel.spectral_energyband_middle_high.stdev": 0.011738170869648457, "lowlevel.spectral_energyband_middle_low.mean": 0.013398571871221066, "lowlevel.spectral_energyband_middle_low.stdev": 0.016007056459784508, "lowlevel.spectral_entropy.mean": 7.270870208740234, "lowlevel.spectral_entropy.stdev": 0.7682164907455444, "lowlevel.spectral_flux.mean": 0.13263680040836334, "lowlevel.spectral_flux.stdev": 0.14506661891937256, "lowlevel.spectral_kurtosis.mean": 3.301318645477295, "lowlevel.spectral_kurtosis.stdev": 3.9469127655029297, "lowlevel.spectral_rms.mean": 0.0063069588504731655, "lowlevel.spectral_rms.stdev": 0.005701310001313686, "lowlevel.spectral_rolloff.mean": 1527.583984375, "lowlevel.spectral_rolloff.stdev": 3133.555419921875, "lowlevel.spectral_skewness.mean": 1.6466093063354492, "lowlevel.spectral_skewness.stdev": 0.8414195775985718, "lowlevel.spectral_spread.mean": 8430893.0, "lowlevel.spectral_spread.stdev": 2892309.75, "lowlevel.spectral_strongpeak.mean": 0.8668282628059387, "lowlevel.spectral_strongpeak.stdev": 1.0910577774047852, "lowlevel.zerocrossingrate.mean": 0.07092497497797012, "lowlevel.zerocrossingrate.stdev": 0.08860202878713608, "metadata.audio_properties.analysis.equal_loudness": 0.0, "metadata.audio_properties.analysis.length": 13.290657997131348, "metadata.audio_properties.analysis.sample_rate": 44100.0, "metadata.audio_properties.analysis.start_time": 0.0, "metadata.audio_properties.bit_rate": 125405.0, "metadata.audio_properties.length": 13.290666580200195, "metadata.audio_properties.lossless": 0.0, "metadata.audio_properties.number_channels": 1.0, "metadata.audio_properties.replay_gain": -7.390256881713867, "metadata.audio_properties.sample_rate": 48000.0, "rhythm.beats_count": 24.0, "rhythm.beats_loudness.mean": 0.28073421120643616, "rhythm.beats_loudness.stdev": 0.13419267535209656, "rhythm.bpm": 112.79489135742188, "rhythm.bpm_histogram_first_peak_bpm": 112.0, "rhythm.bpm_histogram_first_peak_weight": 0.30434781312942505, "rhythm.bpm_histogram_second_peak_bpm": 0.0, "rhythm.bpm_histogram_second_peak_spread": 0.0, "rhythm.bpm_histogram_second_peak_weight": 0.0, "rhythm.danceability": 1.9146596193313599, "rhythm.onset_rate": 5.186007022857666, "tonal.chords_changes_rate": 0.0381944440305233, "tonal.chords_number_rate": 0.02083333395421505, "tonal.chords_strength.mean": 0.5847513675689697, "tonal.chords_strength.stdev": 0.0711468756198883, "tonal.hpcp_crest.mean": 13.58077335357666, "tonal.hpcp_crest.stdev": 6.015170097351074, "tonal.hpcp_entropy.mean": 1.9828088283538818, "tonal.hpcp_entropy.stdev": 0.7062088251113892, "tonal.key_edma.strength": 0.5359774827957153, "tonal.key_krumhansl.strength": 0.5530793070793152, "tonal.key_temperley.strength": 0.5539644360542297, "tonal.tuning_diatonic_strength": 0.6029279828071594, "tonal.tuning_equal_tempered_deviation": 0.2029542624950409, "tonal.tuning_frequency": 434.193115234375, "tonal.tuning_nontempered_energy_ratio": 0.8715443015098572, "lowlevel.barkbands.mean": [0.018236473202705383, 0.037555865943431854, 0.000666252279188484, 0.0008728971588425338, 0.0038469405844807625, 0.002517406130209565, 0.003816376207396388, 0.0009124223724938929, 0.0010346748167648911, 0.001123798661865294, 0.0012110273819416761, 0.0005947774625383317, 0.00012659521598834544, 0.00013608917652163655, 0.00012684021203313023, 0.0002658801677171141, 9.538745507597923e-05, 8.169601642293856e-05, 3.396672400413081e-05, 3.787277455558069e-05, 3.385389572940767e-05, 7.894289592513815e-05, 0.00010760713485069573, 0.0001386885269312188, 0.0003115004801657051, 0.00012019427231280133, 5.761805823567556e-06], "lowlevel.barkbands.stdev": [0.044819820672273636, 0.09459814429283142, 0.002397867850959301, 0.0017993849469348788, 0.008338515646755695, 0.005018717143684626, 0.008036253973841667, 0.002982567995786667, 0.002903378801420331, 0.004297955427318811, 0.006087632849812508, 0.0033692370634526014, 0.0005069152684882283, 0.0004474040470086038, 0.00032687323982827365, 0.000938654295168817, 0.00023616317776031792, 0.00019693453214131296, 6.087377914809622e-05, 7.920258940430358e-05, 8.323579095304012e-05, 0.00016204755229409784, 0.00019068609981331974, 0.00030714814784005284, 0.000836170744150877, 0.0003618778137024492, 1.6156749552465044e-05], "lowlevel.erbbands.mean": [2.3781778812408447, 3.379319190979004, 1.2191128730773926, 1.9515948295593262, 5.7025346755981445, 16.53924560546875, 10.569162368774414, 27.16136360168457, 63.7665901184082, 26.43621826171875, 22.71297836303711, 22.315975189208984, 35.06748580932617, 42.710227966308594, 44.72080612182617, 19.70758628845215, 6.720859527587891, 6.027778148651123, 6.980595111846924, 12.174992561340332, 9.351882934570312, 5.924280166625977, 5.403517246246338, 1.8271316289901733, 1.9151662588119507, 1.6892834901809692, 1.512678623199463, 1.3109679222106934, 2.3455801010131836, 3.686591148376465, 2.961970567703247, 2.269962787628174, 2.9857113361358643, 3.8658761978149414, 1.9170002937316895, 0.6811168193817139, 0.18398399651050568, 0.026115356013178825, 0.0007426486117765307, 0.00010587699944153428], "lowlevel.erbbands.stdev": [6.202712535858154, 8.258918762207031, 3.378765344619751, 4.372551441192627, 10.445385932922363, 41.349266052246094, 26.012630462646484, 50.317115783691406, 129.73753356933594, 65.8968505859375, 71.21631622314453, 60.3245964050293, 122.34466552734375, 189.15386962890625, 248.6673583984375, 101.09207153320312, 25.915285110473633, 18.474220275878906, 18.457786560058594, 37.919246673583984, 26.293106079101562, 13.573526382446289, 12.9685640335083, 3.2034599781036377, 3.826508045196533, 3.4793691635131836, 3.7552103996276855, 2.98032283782959, 4.504001617431641, 7.238359451293945, 5.281435966491699, 4.738839626312256, 6.653674125671387, 9.894527435302734, 6.096512794494629, 2.2836947441101074, 0.5134333968162537, 0.05860414728522301, 0.001687225536443293, 0.00016268069157376885], "lowlevel.gfcc.mean": [-71.69971466064453, 52.21201705932617, -48.949520111083984, 20.66016960144043, -76.49848937988281, 13.527036666870117, -56.971397399902344, 15.997461318969727, -20.61113166809082, 8.57384967803955, -12.451431274414062, 11.261670112609863, -5.263235569000244], "lowlevel.melbands.mean": [0.0159276332706213, 0.0015958895673975348, 0.00043229825678281486, 0.0007872768910601735, 0.0005009426968172193, 0.0006478937575593591, 0.0009147728560492396, 0.0002463432610966265, 0.0001754053373588249, 0.0001475517638027668, 0.00017296096484642476, 0.00016614024934824556, 0.00015890419308561832, 8.612783130956814e-05, 2.1886540707782842e-05, 1.1816391634056345e-05, 1.1358982192177791e-05, 1.1610415640461724e-05, 1.0718788871599827e-05, 2.3582877474837005e-05, 7.503885171900038e-06, 5.391590548242675e-06, 6.909473995619919e-06, 2.9295674721652176e-06, 1.2861157756560715e-06, 1.3272948535814066e-06, 1.3927951840742026e-06, 1.0494686648598872e-06, 9.844418400462018e-07, 8.480933502141852e-07, 7.087742801559216e-07, 1.0859769190574298e-06, 2.001298753384617e-06, 2.0525990294117946e-06, 1.775902092049364e-06, 1.4335248579300242e-06, 1.3559476883528987e-06, 1.8311543499294203e-06, 2.8552719868457643e-06, 3.3823257581389043e-06], "lowlevel.melbands.stdev": [0.04002806171774864, 0.0037422562018036842, 0.000898570753633976, 0.001562738325446844, 0.0013212509220466018, 0.0012169767869636416, 0.0018357938388362527, 0.0006441948935389519, 0.0005454475758597255, 0.0004193884669803083, 0.0006139994948171079, 0.0007525017135776579, 0.0008782492368482053, 0.0004922773223370314, 9.589321416569874e-05, 4.1767023503780365e-05, 3.663820825750008e-05, 3.42225466738455e-05, 2.8810580261051655e-05, 9.025546751217917e-05, 1.9689015971380286e-05, 1.3173137631383725e-05, 1.6950336430454627e-05, 7.1599893090024125e-06, 2.3768568553350633e-06, 2.7426867745816708e-06, 2.930824393843068e-06, 2.3116765532904537e-06, 2.541717321946635e-06, 2.4171620225388324e-06, 1.5362821841335972e-06, 2.0902937194478e-06, 4.470055046112975e-06, 3.8559060158149805e-06, 3.198433432771708e-06, 2.785489186862833e-06, 3.0633434562332695e-06, 4.670409452955937e-06, 6.385935193975456e-06, 8.640745363663882e-06], "lowlevel.melbands128.mean": [0.015356975607573986, 0.025542354211211205, 0.013035858049988747, 0.00357164372690022, 0.0006982337217777967, 0.0003241435333620757, 0.0003495032142382115, 0.0004788172082044184, 0.0005197312566451728, 0.0007335232803598046, 0.0010584285482764244, 0.0008576697437092662, 0.00025751395151019096, 0.0001742147869663313, 0.0004443926445674151, 0.0009418577537871897, 0.0014007529243826866, 0.0008181552984751761, 0.0005284429062157869, 0.00020421601948328316, 0.00014677706349175423, 0.00020093368948437274, 0.00020594781381078064, 0.00011946198355872184, 0.00011236247519263998, 0.00016954723105300218, 0.0001916417822940275, 0.00018861751595977694, 0.00014381619985215366, 0.0001337265712209046, 0.0002018014492932707, 0.00017583956650923938, 0.00015769977471791208, 0.0001493408199166879, 0.00011473859194666147, 6.988723180256784e-05, 3.225743057555519e-05, 2.127743573510088e-05, 1.3012000636081211e-05, 1.4190414731274359e-05, 1.077163324225694e-05, 1.0036450476036407e-05, 8.466564395348541e-06, 1.4185872714733705e-05, 1.586172766110394e-05, 9.574122486810666e-06, 8.530332706868649e-06, 1.1202747373317834e-05, 1.0460947123647202e-05, 1.4411378288059495e-05, 3.834025847027078e-05, 1.6474410585942678e-05, 6.33877289146767e-06, 5.465783033287153e-06, 3.8562666304642335e-06, 4.509792688622838e-06, 7.892069334047846e-06, 6.610158379771747e-06, 7.675611414015293e-06, 5.547714863496367e-06, 2.2001586330588907e-06, 1.3381105645748903e-06, 1.409920855621749e-06, 1.2807603297915193e-06, 1.0863420811801916e-06, 1.328480607298843e-06, 1.4212893120202352e-06, 1.5301970961445477e-06, 1.3836197467753664e-06, 1.2468348131733364e-06, 9.68333552009426e-07, 9.345907301394618e-07, 1.2292073279240867e-06, 9.239215046363825e-07, 7.919877589301905e-07, 9.297995688939409e-07, 9.095695645555679e-07, 5.86847363592824e-07, 6.936324439266173e-07, 7.585080652461329e-07, 9.000777367873525e-07, 1.251526100531919e-06, 1.5309724403778091e-06, 2.1249470592010766e-06, 2.3847876491345232e-06, 2.0649608813982923e-06, 1.8939821302410564e-06, 2.078245188386063e-06, 1.7938868950295728e-06, 1.5453192645509262e-06, 1.5481981563425506e-06, 1.4284365761341178e-06, 1.2139739737904165e-06, 1.286925794374838e-06, 1.4201895055521163e-06, 1.6956512354227016e-06, 1.8268225403517135e-06, 2.21752566176292e-06, 2.362937266298104e-06, 3.4586059882713016e-06, 4.023630026495084e-06, 2.9646912480529863e-06, 3.250291683798423e-06, 3.2052400911197765e-06, 2.0848963231401285e-06, 1.3711767223867355e-06, 1.3316063132151612e-06, 1.6103433608805062e-06, 1.2193899010526366e-06, 8.042631520766008e-07, 7.792372684889415e-07, 6.176696274451388e-07, 6.411256094907003e-07, 4.168753662270319e-07, 3.421628491651063e-07, 2.5004027293107356e-07, 1.756474148351117e-07, 6.695005083656724e-08, 1.0606898470655324e-08, 1.1406678553094185e-11, 1.0062960013879074e-11, 9.849036516906828e-12, 9.62529621978403e-12, 9.44495870403017e-12, 9.21598908298904e-12, 8.951809779556008e-12, 8.792803291024498e-12, 8.73146260155222e-12], "lowlevel.melbands128.stdev": [0.03859496861696243, 0.06719452142715454, 0.03335697203874588, 0.008780468255281448, 0.0023401963990181684, 0.0011974475346505642, 0.000881705607753247, 0.0010285056196153164, 0.0011139034759253263, 0.0015948928194120526, 0.0029575100634247065, 0.0028703962452709675, 0.0008091910858638585, 0.0004312433011364192, 0.0009169410914182663, 0.002304007299244404, 0.003104821080341935, 0.002411568770185113, 0.001877895905636251, 0.0006374691729433835, 0.0005943356663919985, 0.000851394550409168, 0.0007238591206260026, 0.0004247374599799514, 0.0003785304434131831, 0.0005659821326844394, 0.0008116262033581734, 0.0008151262300089002, 0.0005688783130608499, 0.0007708690827712417, 0.0011138301342725754, 0.000854735728353262, 0.0011434220941737294, 0.0008550666971132159, 0.0007504302775487304, 0.00045907890307717025, 0.00014841958181932569, 0.00011479718523332849, 7.13257395545952e-05, 6.0598362324526533e-05, 3.614201705204323e-05, 4.236966196913272e-05, 3.28347559843678e-05, 5.962708019069396e-05, 6.655486504314467e-05, 3.607385224313475e-05, 2.7910829885513522e-05, 3.770858165808022e-05, 3.988633761764504e-05, 5.711611083825119e-05, 0.00017849708092398942, 7.833645213395357e-05, 2.0843315724050626e-05, 1.9044398868572898e-05, 1.56509704538621e-05, 1.3869338545191567e-05, 2.759260496532079e-05, 2.2941496354178526e-05, 2.4195196601795033e-05, 1.7939955796464346e-05, 6.940607363503659e-06, 2.9757763968518702e-06, 3.2400207601313014e-06, 2.8023853246850194e-06, 2.3800091639714083e-06, 3.3475021155027207e-06, 3.9908009057398885e-06, 3.7252455058478517e-06, 3.7946595057292143e-06, 2.8556271445268067e-06, 2.48948481385014e-06, 2.0753686840180308e-06, 3.8647058318019845e-06, 2.5810418264882173e-06, 2.0511349703156156e-06, 2.7722103368432727e-06, 3.5882221709471196e-06, 1.3015749118494568e-06, 1.5278068303814507e-06, 1.807679041121446e-06, 2.1625805857183877e-06, 2.5449523946008412e-06, 3.3631067708483897e-06, 4.971441740053706e-06, 6.58905037198565e-06, 4.2644123823265545e-06, 3.532232994984952e-06, 4.519527919910615e-06, 3.433962092458387e-06, 2.8090830710425507e-06, 3.2432044463348575e-06, 3.082288458244875e-06, 2.666118007255136e-06, 3.090148538831272e-06, 4.059661932842573e-06, 5.4673660088155884e-06, 4.5917508941784035e-06, 5.22044911122066e-06, 4.8584329306322616e-06, 8.715988769836258e-06, 1.3346850209927652e-05, 6.99707788953674e-06, 7.714636012678966e-06, 1.2669429452216718e-05, 8.291694939543959e-06, 4.203546723147156e-06, 3.9825990825193e-06, 5.555915777222253e-06, 5.673580744769424e-06, 2.3167888230091194e-06, 2.181945092161186e-06, 1.85178669198649e-06, 2.180762521675206e-06, 1.1920917586394353e-06, 7.196077262960898e-07, 6.534182261930255e-07, 4.857113822254178e-07, 2.2623275697242207e-07, 4.9202665053371675e-08, 2.622606645741321e-11, 2.2497372020868767e-11, 2.2044654296449195e-11, 2.1586713319643458e-11, 2.1228716701182648e-11, 2.092555642652094e-11, 2.0677440662475455e-11, 2.050004610509859e-11, 2.0390002186676526e-11], "lowlevel.mfcc.mean": [-738.7899169921875, 97.86933135986328, 64.68445587158203, 9.69063949584961, 13.596234321594238, -7.257693290710449, -9.915292739868164, -1.0493322610855103, -2.0184972286224365, -2.8977315425872803, -2.312948703765869, -5.625749111175537, 10.164265632629395], "lowlevel.spectral_contrast_coeffs.mean": [-0.6651320457458496, -0.6674646139144897, -0.7804967761039734, -0.8121462464332581, -0.8153623342514038, -0.8167431354522705], "lowlevel.spectral_contrast_coeffs.stdev": [0.12283770740032196, 0.12457331269979477, 0.08599671721458435, 0.07616586238145828, 0.05379880592226982, 0.0443773977458477], "lowlevel.spectral_contrast_valleys.mean": [-7.774524688720703, -7.743549346923828, -8.71540641784668, -9.144353866577148, -8.968644142150879, -10.109014511108398], "lowlevel.spectral_contrast_valleys.stdev": [1.5278972387313843, 1.4053282737731934, 1.5613915920257568, 1.4244039058685303, 1.1626614332199097, 0.9388018250465393], "rhythm.beats_loudness_band_ratio.mean": [0.9335406422615051, 0.028793422505259514, 0.03813885897397995, 0.003540442092344165, 0.0038624212611466646, 0.0020298706367611885], "rhythm.beats_loudness_band_ratio.stdev": [0.07170683890581131, 0.03477922081947327, 0.05303163081407547, 0.006835258565843105, 0.007201944012194872, 0.0032546597067266703], "tonal.hpcp.mean": [0.04630884528160095, 0.04314051568508148, 0.05795068293809891, 0.12400838732719421, 0.12442043423652649, 0.05286383256316185, 0.03410307317972183, 0.03790292888879776, 0.06642812490463257, 0.11164741963148117, 0.09237200766801834, 0.04708617925643921, 0.045362066477537155, 0.045340944081544876, 0.037868235260248184, 0.0388575978577137, 0.037266068160533905, 0.05682249739766121, 0.1418478786945343, 0.138593852519989, 0.058521561324596405, 0.04395320639014244, 0.05100172758102417, 0.19628649950027466, 0.37542927265167236, 0.25865039229393005, 0.07191576808691025, 0.040654346346855164, 0.03791823238134384, 0.060992736369371414, 0.17236343026161194, 0.19604171812534332, 0.09912069141864777, 0.15178026258945465, 0.16620087623596191, 0.07177568972110748], "tonal.hpcp.stdev": [0.15958884358406067, 0.16099897027015686, 0.18036513030529022, 0.25576215982437134, 0.25661471486091614, 0.14049017429351807, 0.1256592571735382, 0.14675359427928925, 0.1870923787355423, 0.23142632842063904, 0.19115786254405975, 0.14294791221618652, 0.1442968100309372, 0.1467517614364624, 0.13065148890018463, 0.14767102897167206, 0.1310616135597229, 0.1554875373840332, 0.29033493995666504, 0.2820296287536621, 0.16600753366947174, 0.1706080287694931, 0.16039343178272247, 0.27429091930389404, 0.41131624579429626, 0.29468631744384766, 0.18020060658454895, 0.15072421729564667, 0.14348088204860687, 0.17655383050441742, 0.30225586891174316, 0.3341507315635681, 0.20377379655838013, 0.28253042697906494, 0.30681249499320984, 0.16520702838897705], "rhythm.beats_position": [0.5572788715362549, 1.1145577430725098, 1.6486167907714844, 2.1710658073425293, 2.693514585494995, 3.2275736331939697, 3.7616326808929443, 4.29569149017334, 4.8297505378723145, 5.363809585571289, 5.8978681564331055, 6.42031717300415, 6.942766189575195, 7.47682523727417, 8.010884284973145, 8.544942855834961, 9.079002380371094, 9.61306095123291, 10.135510444641113, 10.657958984375, 11.192017555236816, 11.72607707977295, 12.260135650634766, 12.794195175170898], "rhythm.bpm_histogram": [0.0, 0.0, 0.0, 0.0, 0.0, 0.0, 0.0, 0.0, 0.0, 0.0, 0.0, 0.0, 0.0, 0.0, 0.0, 0.0, 0.0, 0.0, 0.0, 0.0, 0.0, 0.0, 0.0, 0.0, 0.0, 0.0, 0.0, 0.0, 0.0, 0.0, 0.0, 0.0, 0.0, 0.0, 0.0, 0.0, 0.0, 0.0, 0.0, 0.0, 0.0, 0.0, 0.0, 0.0, 0.0, 0.0, 0.0, 0.0, 0.0, 0.0, 0.0, 0.0, 0.0, 0.0, 0.0, 0.0, 0.0, 0.0, 0.0, 0.0, 0.0, 0.0, 0.0, 0.0, 0.0, 0.0, 0.0, 0.0, 0.0, 0.0, 0.0, 0.0, 0.0, 0.0, 0.0, 0.0, 0.0, 0.0, 0.0, 0.0, 0.0, 0.0, 0.0, 0.0, 0.0, 0.0, 0.0, 0.0, 0.0, 0.0, 0.0, 0.0, 0.0, 0.0, 0.0, 0.0, 0.0, 0.0, 0.0, 0.0, 0.0, 0.0, 0.0, 0.0, 0.0, 0.0, 0.0, 0.0, 0.043478261679410934, 0.0, 0.0, 0.0, 0.695652186870575, 0.0, 0.0, 0.260869562625885, 0.0, 0.0, 0.0, 0.0, 0.0, 0.0, 0.0, 0.0, 0.0, 0.0, 0.0, 0.0, 0.0, 0.0, 0.0, 0.0, 0.0, 0.0, 0.0, 0.0, 0.0, 0.0, 0.0, 0.0, 0.0, 0.0, 0.0, 0.0, 0.0, 0.0, 0.0, 0.0, 0.0, 0.0, 0.0, 0.0, 0.0, 0.0, 0.0, 0.0, 0.0, 0.0, 0.0, 0.0, 0.0, 0.0, 0.0, 0.0, 0.0, 0.0, 0.0, 0.0, 0.0, 0.0, 0.0, 0.0, 0.0, 0.0, 0.0, 0.0, 0.0, 0.0, 0.0, 0.0, 0.0, 0.0, 0.0, 0.0, 0.0, 0.0, 0.0, 0.0, 0.0, 0.0, 0.0, 0.0, 0.0, 0.0, 0.0, 0.0, 0.0, 0.0, 0.0, 0.0, 0.0, 0.0, 0.0, 0.0, 0.0, 0.0, 0.0, 0.0, 0.0, 0.0, 0.0, 0.0, 0.0, 0.0, 0.0, 0.0, 0.0, 0.0, 0.0, 0.0, 0.0, 0.0, 0.0, 0.0, 0.0, 0.0, 0.0, 0.0, 0.0, 0.0, 0.0, 0.0, 0.0, 0.0, 0.0, 0.0, 0.0, 0.0, 0.0, 0.0, 0.0, 0.0, 0.0, 0.0, 0.0, 0.0, 0.0, 0.0, 0.0, 0.0], "tonal.chords_histogram": [24.65277862548828, 0.0, 31.25, 0.0, 0.0, 0.0, 0.0, 10.06944465637207, 0.0, 4.861111164093018, 0.0, 0.0, 0.0, 0.0, 0.0, 0.0, 0.0, 0.0, 0.0, 0.0, 0.0, 0.0, 9.375, 19.79166603088379], "tonal.thpcp": [1.0, 0.6889457106590271, 0.19155609607696533, 0.10828763246536255, 0.10099966824054718, 0.1624613255262375, 0.4591102600097656, 0.5221801400184631, 0.26401960849761963, 0.4042845666408539, 0.4426955580711365, 0.19118298590183258, 0.12334905564785004, 0.1149098351597786, 0.15435846149921417, 0.3303109109401703, 0.33140844106674194, 0.14080902934074402, 0.09083754569292068, 0.10095890611410141, 0.17693911492824554, 0.2973860204219818, 0.24604369699954987, 0.12541957199573517, 0.12082719802856445, 0.12077093124389648, 0.10086649656295776, 0.10350178182125092, 0.0992625504732132, 0.1513534039258957, 0.3778285086154938, 0.3691610097885132, 0.15587905049324036, 0.11707453429698944, 0.13584910333156586, 0.5228321552276611], "lowlevel.gfcc.cov": [[13197.9140625, 2422.2333984375, -1839.34814453125, -836.844970703125, 496.2650451660156, 12.682998657226562, -49.64043426513672, 359.0671691894531, -126.57109069824219, -279.7599182128906, -346.85186767578125, -10.836353302001953, 176.4795379638672], [2422.2333984375, 3072.5458984375, 82.15338134765625, -622.4520874023438, 106.20459747314453, -42.62009048461914, -40.64122009277344, -125.57490539550781, 60.73347473144531, -140.513671875, 139.20362854003906, -69.56458282470703, 30.866809844970703], [-1839.34814453125, 82.15338134765625, 1832.932861328125, 774.12060546875, 21.941055297851562, 315.7962341308594, 299.2713928222656, -177.17630004882812, 116.3384017944336, 241.3880615234375, 308.6389465332031, 140.13978576660156, -14.902737617492676], [-836.844970703125, -622.4520874023438, 774.12060546875, 1003.368896484375, 302.869140625, 194.05601501464844, 194.7015380859375, 74.55879211425781, 196.37806701660156, 136.81239318847656, 172.0549774169922, 126.06153106689453, 73.39328002929688], [496.2650451660156, 106.20459747314453, 21.941055297851562, 302.869140625, 635.6898193359375, 308.5907287597656, 240.54348754882812, 203.71514892578125, 188.90528869628906, 106.75171661376953, 61.04669189453125, 24.121112823486328, 72.72672271728516], [12.682998657226562, -42.62009048461914, 315.7962341308594, 194.05601501464844, 308.5907287597656, 585.5504760742188, 509.40582275390625, 80.67098236083984, 44.547325134277344, 129.75718688964844, 102.11039733886719, 36.623069763183594, 36.21524429321289], [-49.64043426513672, -40.64122009277344, 299.2713928222656, 194.7015380859375, 240.54348754882812, 509.40582275390625, 658.9866333007812, 139.21371459960938, 59.99477005004883, 133.8463592529297, 135.59776306152344, 56.05279541015625, 43.740989685058594], [359.0671691894531, -125.57490539550781, -177.17630004882812, 74.55879211425781, 203.71514892578125, 80.67098236083984, 139.21371459960938, 299.01007080078125, 158.31964111328125, 53.131553649902344, -1.0692838430404663, 10.287930488586426, 81.15303802490234], [-126.57109069824219, 60.73347473144531, 116.3384017944336, 196.37806701660156, 188.90528869628906, 44.547325134277344, 59.99477005004883, 158.31964111328125, 292.98651123046875, 129.42291259765625, 100.16754913330078, 11.38615608215332, 69.05867004394531], [-279.7599182128906, -140.513671875, 241.3880615234375, 136.81239318847656, 106.75171661376953, 129.75718688964844, 133.8463592529297, 53.131553649902344, 129.42291259765625, 212.0604248046875, 120.4748306274414, 30.98726463317871, -3.2385668754577637], [-346.85186767578125, 139.20362854003906, 308.6389465332031, 172.0549774169922, 61.04669189453125, 102.11039733886719, 135.59776306152344, -1.0692838430404663, 100.16754913330078, 120.4748306274414, 235.8507843017578, 89.1449203491211, 16.031614303588867], [-10.836353302001953, -69.56458282470703, 140.13978576660156, 126.06153106689453, 24.121112823486328, 36.623069763183594, 56.05279541015625, 10.287930488586426, 11.38615608215332, 30.98726463317871, 89.1449203491211, 129.48516845703125, 54.85054016113281], [176.4795379638672, 30.866809844970703, -14.902737617492676, 73.39328002929688, 72.72672271728516, 36.21524429321289, 43.740989685058594, 81.15303802490234, 69.05867004394531, -3.2385668754577637, 16.031614303588867, 54.85054016113281, 124.96880340576172]], "lowlevel.gfcc.icov": [[0.00014245904458221048, -0.00022714960505254567, 0.00023495531058870256, -0.00022614818590227515, 8.791047730483115e-05, -0.00014392813318409026, 6.593044963665307e-05, -0.00018609028484206647, 0.00021964097686577588, -0.0003579136682674289, 0.0004405152576509863, -0.00041199769475497305, 9.774661157280207e-05], [-0.00022714960505254567, 0.0011313909199088812, -0.000880757812410593, 0.0014698670711368322, -0.0009933204855769873, 0.0006731327157467604, -0.00030268816044554114, 0.0007624239660799503, -0.0008845438132993877, 0.0019957474432885647, -0.0019037891179323196, 0.001412463840097189, -0.0007683029398322105], [0.00023495531058870256, -0.000880757812410593, 0.002052639378234744, -0.0020263914484530687, 0.0013079824857413769, -0.0010754435788840055, 0.00011225853813812137, 0.0004914469318464398, 0.0002706279046833515, -0.0021014076191931963, 0.0011424811091274023, -0.0013579558581113815, 0.0007580959936603904], [-0.00022614818590227515, 0.0014698670711368322, -0.0020263914484530687, 0.004073651507496834, -0.002292935037985444, 0.0012428718619048595, -0.0005049669998697937, 0.000752522493712604, -0.0017981184646487236, 0.003087983001023531, -0.002103279810398817, 0.00047188272583298385, -0.0008790973806753755], [8.791047730483115e-05, -0.0009933204855769873, 0.0013079824857413769, -0.002292935037985444, 0.00447734585031867, -0.003038646187633276, 0.001164666493423283, -0.0016087413532659411, -0.0005803827662020922, -0.0016558975912630558, 0.0016323140589520335, -0.0012197697069495916, 0.0011395812034606934], [-0.00014392813318409026, 0.0006731327157467604, -0.0010754435788840055, 0.0012428718619048595, -0.003038646187633276, 0.007858401164412498, -0.005122449714690447, 0.0019034122815355659, 0.0010204203426837921, -0.00045984916505403817, -0.0006043617613613605, 0.002073736162856221, -0.0021817218512296677], [6.593044963665307e-05, -0.00030268816044554114, 0.00011225853813812137, -0.0005049669998697937, 0.001164666493423283, -0.005122449714690447, 0.005996033549308777, -0.0029721311293542385, 0.001356438617222011, -0.0004249705234542489, -0.0013729199999943376, -0.00016361965390387923, 0.00041698262793943286], [-0.00018609028484206647, 0.0007624239660799503, 0.0004914469318464398, 0.000752522493712604, -0.0016087413532659411, 0.0019034122815355659, -0.0029721311293542385, 0.008872324600815773, -0.004536871798336506, 0.0005343973753042519, 0.0013173517072573304, -0.00023559643886983395, -0.002190150786191225], [0.00021964097686577588, -0.0008845438132993877, 0.0002706279046833515, -0.0017981184646487236, -0.0005803827662020922, 0.0010204203426837921, 0.001356438617222011, -0.004536871798336506, 0.011695058085024357, -0.005830330308526754, -0.0028331298381090164, 0.005001781042665243, -0.004935715347528458], [-0.0003579136682674289, 0.0019957474432885647, -0.0021014076191931963, 0.003087983001023531, -0.0016558975912630558, -0.00045984916505403817, -0.0004249705234542489, 0.0005343973753042519, -0.005830330308526754, 0.013730822131037712, -0.005263936705887318, 0.0005255366559140384, 0.0028693308122456074], [0.0004405152576509863, -0.0019037891179323196, 0.0011424811091274023, -0.002103279810398817, 0.0016323140589520335, -0.0006043617613613605, -0.0013729199999943376, 0.0013173517072573304, -0.0028331298381090164, -0.005263936705887318, 0.0139202531427145, -0.009546353481709957, 0.0039033563807606697], [-0.00041199769475497305, 0.001412463840097189, -0.0013579558581113815, 0.00047188272583298385, -0.0012197697069495916, 0.002073736162856221, -0.00016361965390387923, -0.00023559643886983395, 0.005001781042665243, 0.0005255366559140384, -0.009546353481709957, 0.019399793818593025, -0.00992755126208067], [9.774661157280207e-05, -0.0007683029398322105, 0.0007580959936603904, -0.0008790973806753755, 0.0011395812034606934, -0.0021817218512296677, 0.00041698262793943286, -0.002190150786191225, -0.004935715347528458, 0.0028693308122456074, 0.0039033563807606697, -0.00992755126208067, 0.016564253717660904]], "lowlevel.mfcc.cov": [[12370.4208984375, 2063.474365234375, -2209.555419921875, -535.042236328125, 24.84923553466797, -365.4725341796875, -17.649343490600586, 309.3299865722656, 345.55084228515625, -97.66996765136719, -100.87273406982422, -385.3528747558594, -19.224584579467773], [2063.474365234375, 2918.999755859375, -114.56475067138672, -466.47125244140625, 1.0395315885543823, -108.2300033569336, -41.40159606933594, -49.62808609008789, -82.80834197998047, -81.99977111816406, -41.0930290222168, -39.9668083190918, 29.525230407714844], [-2209.555419921875, -114.56475067138672, 1807.2415771484375, 495.5477600097656, 19.626737594604492, 454.8611145019531, 173.51991271972656, -43.37732696533203, -159.35824584960938, -21.873563766479492, 22.851089477539062, 276.872802734375, 77.0303955078125], [-535.042236328125, -466.47125244140625, 495.5477600097656, 670.0575561523438, 318.72161865234375, 142.08177185058594, 16.159992218017578, 84.80242919921875, 49.764183044433594, 55.5721321105957, 82.11024475097656, 119.82772827148438, 77.03398132324219], [24.84923553466797, 1.0395315885543823, 19.626737594604492, 318.72161865234375, 504.1093444824219, 86.70811462402344, -53.98469924926758, 62.18213653564453, 84.54373931884766, 110.50321197509766, 93.49989318847656, 11.88155746459961, 42.30022048950195], [-365.4725341796875, -108.2300033569336, 454.8611145019531, 142.08177185058594, 86.70811462402344, 570.7982177734375, 382.2765197753906, 127.40758514404297, 85.38249969482422, 124.15574645996094, 112.93746185302734, 185.7103729248047, 22.71403694152832], [-17.649343490600586, -41.40159606933594, 173.51991271972656, 16.159992218017578, -53.98469924926758, 382.2765197753906, 463.4659729003906, 202.34266662597656, 113.2030258178711, 101.79408264160156, 120.26469421386719, 148.6995849609375, 21.534997940063477], [309.3299865722656, -49.62808609008789, -43.37732696533203, 84.80242919921875, 62.18213653564453, 127.40758514404297, 202.34266662597656, 251.79795837402344, 157.02587890625, 85.51387786865234, 73.41705322265625, 50.652191162109375, 14.817319869995117], [345.55084228515625, -82.80834197998047, -159.35824584960938, 49.764183044433594, 84.54373931884766, 85.38249969482422, 113.2030258178711, 157.02587890625, 277.1846008300781, 169.05984497070312, 97.1350326538086, -0.5375497937202454, 44.52959442138672], [-97.66996765136719, -81.99977111816406, -21.873563766479492, 55.5721321105957, 110.50321197509766, 124.15574645996094, 101.79408264160156, 85.51387786865234, 169.05984497070312, 245.54788208007812, 143.72164916992188, 63.92831802368164, 54.963356018066406], [-100.87273406982422, -41.0930290222168, 22.851089477539062, 82.11024475097656, 93.49989318847656, 112.93746185302734, 120.26469421386719, 73.41705322265625, 97.1350326538086, 143.72164916992188, 188.5885772705078, 99.09502410888672, 51.303199768066406], [-385.3528747558594, -39.9668083190918, 276.872802734375, 119.82772827148438, 11.88155746459961, 185.7103729248047, 148.6995849609375, 50.652191162109375, -0.5375497937202454, 63.92831802368164, 99.09502410888672, 213.3411407470703, 69.58489227294922], [-19.224584579467773, 29.525230407714844, 77.0303955078125, 77.03398132324219, 42.30022048950195, 22.71403694152832, 21.534997940063477, 14.817319869995117, 44.52959442138672, 54.963356018066406, 51.303199768066406, 69.58489227294922, 140.23291015625]], "lowlevel.mfcc.icov": [[0.00013694833614863455, -0.00011558125697774813, 0.00021094782277941704, -0.00015521768364124, 0.00011949962208746001, -0.00016576627967879176, 7.326492050196975e-05, -0.00014117162209004164, -6.605675298487768e-05, 0.00013838923769071698, 2.0661398593802005e-05, 0.00014201672456692904, -0.00010432433191454038], [-0.00011558125697774813, 0.0005558085977099836, -0.00034344970481470227, 0.0008113885414786637, -0.0005948240868747234, 0.00035960087552666664, -0.00017572670185472816, 1.7998712792177685e-05, 2.651079739734996e-05, 0.000193810134078376, -4.59041002613958e-05, -0.00025235553039237857, -0.00018603216449264437], [0.00021094782277941704, -0.00034344970481470227, 0.0015875991666689515, -0.001464627799578011, 0.0010576368076726794, -0.001508148037828505, 0.0006169425323605537, -3.0183906346792355e-05, 0.0007260780548676848, -0.00010180500976275653, 0.0003376009699422866, -8.200948650483042e-05, -0.0004060532373841852], [-0.00015521768364124, 0.0008113885414786637, -0.001464627799578011, 0.004629801958799362, -0.00293009914457798, 0.001016155001707375, 0.0001756431593094021, -0.0008702960330992937, -0.0008936785743571818, 0.0013809718657284975, -0.0002983407466672361, -0.0015752207254990935, -0.0005133324884809554], [0.00011949962208746001, -0.0005948240868747234, 0.0010576368076726794, -0.00293009914457798, 0.005287338048219681, -0.0030404552817344666, 0.0032834550365805626, -0.0017906678840517998, 0.0013414276763796806, -0.0012405625311657786, -0.0019155684858560562, 0.0023427947890013456, -0.000648637069389224], [-0.00016576627967879176, 0.00035960087552666664, -0.001508148037828505, 0.001016155001707375, -0.0030404552817344666, 0.007858364842832088, -0.006689820904284716, 0.0031048597302287817, -0.0017930129542946815, -0.00103521638084203, 0.0023268971126526594, -0.003071919083595276, 0.0021634723525494337], [7.326492050196975e-05, -0.00017572670185472816, 0.0006169425323605537, 0.0001756431593094021, 0.0032834550365805626, -0.006689820904284716, 0.010896754451096058, -0.006320696324110031, 0.0012043614406138659, 0.0009281693492084742, -0.0035555181093513966, 0.0004366905486676842, -0.0009628512780182064], [-0.00014117162209004164, 1.7998712792177685e-05, -3.0183906346792355e-05, -0.0008702960330992937, -0.0017906678840517998, 0.0031048597302287817, -0.006320696324110031, 0.011335944756865501, -0.005477845668792725, 0.000945656152907759, 0.0017352032009512186, -0.002442179247736931, 0.002227428602054715], [-6.605675298487768e-05, 2.651079739734996e-05, 0.0007260780548676848, -0.0008936785743571818, 0.0013414276763796806, -0.0017930129542946815, 0.0012043614406138659, -0.005477845668792725, 0.011436392553150654, -0.005884584039449692, -0.0009849233319982886, 0.004581925924867392, -0.0028812687378376722], [0.00013838923769071698, 0.000193810134078376, -0.00010180500976275653, 0.0013809718657284975, -0.0012405625311657786, -0.00103521638084203, 0.0009281693492084742, 0.000945656152907759, -0.005884584039449692, 0.01196213811635971, -0.005537725053727627, -0.0010594310006126761, -0.0006933422992005944], [2.0661398593802005e-05, -4.59041002613958e-05, 0.0003376009699422866, -0.0002983407466672361, -0.0019155684858560562, 0.0023268971126526594, -0.0035555181093513966, 0.0017352032009512186, -0.0009849233319982886, -0.005537725053727627, 0.013756784610450268, -0.004983246326446533, 0.0004776619898620993], [0.00014201672456692904, -0.00025235553039237857, -8.200948650483042e-05, -0.0015752207254990935, 0.0023427947890013456, -0.003071919083595276, 0.0004366905486676842, -0.002442179247736931, 0.004581925924867392, -0.0010594310006126761, -0.004983246326446533, 0.012861944735050201, -0.0046340106055140495], [-0.00010432433191454038, -0.00018603216449264437, -0.0004060532373841852, -0.0005133324884809554, -0.000648637069389224, 0.0021634723525494337, -0.0009628512780182064, 0.002227428602054715, -0.0028812687378376722, -0.0006933422992005944, 0.0004776619898620993, -0.0046340106055140495, 0.01072999183088541]], "metadata.audio_properties.analysis.downmix": "mix", "metadata.audio_properties.codec": "mp3", "metadata.audio_properties.md5_encoded": "bc78f9c130cdb351aaea75ebb1735781", "metadata.tags.file_name": "1182279226280390728.mp3", "metadata.version.essentia": "2.1-beta6-dev", "metadata.version.essentia_git_sha": "v2.1_beta5-1110-g77a6a954", "metadata.version.extractor": "music 2.0", "tonal.chords_key": "C", "tonal.chords_scale": "minor", "tonal.key_edma.key": "F", "tonal.key_edma.scale": "minor", "tonal.key_krumhansl.key": "F", "tonal.key_krumhansl.scale": "minor", "tonal.key_temperley.key": "F", "tonal.key_temperley.scale": "minor", "metadata.tags.encoding": ["Lavf58.45.100"]}, "essentia_models": [{"model_name": "genre_dortmund", "activations": {"alternative": "0.008562511", "blues": "0.0020302897", "electronic": "0.09699581", "folkcountry": "0.0034613255", "funksoulrnb": "0.067202166", "jazz": "0.03180723", "pop": "0.14761874", "raphiphop": "0.42350483", "rock": "0.0058269436"}}, {"model_name": "genre_rosamerica", "activations": {"classic": "0.00049518177", "dance": "0.0035631768", "hip hop": "0.023485752", "jazz": "0.004760608", "pop": "0.1630842", "rhythm and blues": "0.6419631", "rock": "0.0008477507", "speech": "0.010393698"}}, {"model_name": "genre_tzanetakis", "activations": {"blues": "0.0009856533", "classic": "0.00020469032", "country": "0.0011363364", "disco": "0.007551859", "hip hop": "0.033574205", "jazz": "0.0001093131", "metal": "0.00017131114", "pop": "0.3002848", "reggae": "0.5371039", "rock": "0.009249709"}}, {"model_name": "genre_electronic", "activations": {"ambient": "0.060249265", "dnb": "0.110461965", "house": "0.54530835", "techno": "0.5053683", "trance": "0.004187463"}}, {"model_name": "mood_acoustic", "activatio