{"song_id": "1182276985150504970", "download": "https://cdn.discordapp.com/attachments/1135903449314238464/1182276985150504970/chirp.mp4?ex=65841c3e&amp", "lyrics": "[Brefrain]\nMaelys et son fr\u00e8re, ils sont toujours en d\u00e9saccord\nSe chamaillant et se battant comme deux pois dans une cosse\nMais au fond d'eux, ils savent qu'ils devraient passer plus de temps\n\u00c0 jouer ensemble, \u00e0 cr\u00e9er des souvenirs sublimes\n\n[Refrain]\nR\u00e9glons les disputes, faisons la paix et amusons-nous\nMaelys et son fr\u00e8re, meilleurs en tant qu'\u00e9quipe, pas juste un\nJouez ensemble, riez et chantez, renforcez votre lien\nEt n'oubliez pas de r\u00e9ussir \u00e0 l'\u00e9cole, faites un effort un peu plus longtemps", "style": ["rock"], "essentia_features": {"lowlevel.average_loudness": 0.8797156810760498, "lowlevel.barkbands_crest.mean": 10.924345016479492, "lowlevel.barkbands_crest.stdev": 3.793003797531128, "lowlevel.barkbands_flatness_db.mean": 0.21739493310451508, "lowlevel.barkbands_flatness_db.stdev": 0.08665981888771057, "lowlevel.barkbands_kurtosis.mean": 4.373804569244385, "lowlevel.barkbands_kurtosis.stdev": 3.892167091369629, "lowlevel.barkbands_skewness.mean": 1.7809550762176514, "lowlevel.barkbands_skewness.stdev": 0.6790058016777039, "lowlevel.barkbands_spread.mean": 16.467477798461914, "lowlevel.barkbands_spread.stdev": 11.322310447692871, "lowlevel.dissonance.mean": 0.43057486414909363, "lowlevel.dissonance.stdev": 0.04369858279824257, "lowlevel.dynamic_complexity": 2.8521270751953125, "lowlevel.erbbands_crest.mean": 9.541289329528809, "lowlevel.erbbands_crest.stdev": 3.685748338699341, "lowlevel.erbbands_flatness_db.mean": 0.20722465217113495, "lowlevel.erbbands_flatness_db.stdev": 0.07467225939035416, "lowlevel.erbbands_kurtosis.mean": 0.4880780577659607, "lowlevel.erbbands_kurtosis.stdev": 1.703392505645752, "lowlevel.erbbands_skewness.mean": 0.7547912001609802, "lowlevel.erbbands_skewness.stdev": 0.5722092986106873, "lowlevel.erbbands_spread.mean": 37.82389450073242, "lowlevel.erbbands_spread.stdev": 18.64105987548828, "lowlevel.hfc.mean": 14.71945571899414, "lowlevel.hfc.stdev": 12.98857307434082, "lowlevel.loudness_ebu128.integrated": -15.689788818359375, "lowlevel.loudness_ebu128.loudness_range": 6.732215881347656, "lowlevel.loudness_ebu128.momentary.mean": -16.573091506958008, "lowlevel.loudness_ebu128.momentary.stdev": 3.0162363052368164, "lowlevel.loudness_ebu128.short_term.mean": -16.2850399017334, "lowlevel.loudness_ebu128.short_term.stdev": 2.2715492248535156, "lowlevel.melbands_crest.mean": 14.54809856414795, "lowlevel.melbands_crest.stdev": 4.323217391967773, "lowlevel.melbands_flatness_db.mean": 0.2958914041519165, "lowlevel.melbands_flatness_db.stdev": 0.10971135646104813, "lowlevel.melbands_kurtosis.mean": 12.270133972167969, "lowlevel.melbands_kurtosis.stdev": 10.835699081420898, "lowlevel.melbands_skewness.mean": 2.6423001289367676, "lowlevel.melbands_skewness.stdev": 1.1052052974700928, "lowlevel.melbands_spread.mean": 14.090609550476074, "lowlevel.melbands_spread.stdev": 9.009437561035156, "lowlevel.pitch_salience.mean": 0.5084407925605774, "lowlevel.pitch_salience.stdev": 0.1195579543709755, "lowlevel.silence_rate_20dB.mean": 1.0, "lowlevel.silence_rate_20dB.stdev": 0.0, "lowlevel.silence_rate_30dB.mean": 0.9808806777000427, "lowlevel.silence_rate_30dB.stdev": 0.13694481551647186, "lowlevel.silence_rate_60dB.mean": 0.020278099924325943, "lowlevel.silence_rate_60dB.stdev": 0.14095012843608856, "lowlevel.spectral_centroid.mean": 1063.807861328125, "lowlevel.spectral_centroid.stdev": 556.3709716796875, "lowlevel.spectral_complexity.mean": 16.591541290283203, "lowlevel.spectral_complexity.stdev": 9.432046890258789, "lowlevel.spectral_decrease.mean": -7.334390872415497e-09, "lowlevel.spectral_decrease.stdev": 6.2987055571284145e-09, "lowlevel.spectral_energy.mean": 0.02901679091155529, "lowlevel.spectral_energy.stdev": 0.0245538167655468, "lowlevel.spectral_energyband_high.mean": 0.0007670691702514887, "lowlevel.spectral_energyband_high.stdev": 0.0011011302703991532, "lowlevel.spectral_energyband_low.mean": 0.013918173499405384, "lowlevel.spectral_energyband_low.stdev": 0.019262053072452545, "lowlevel.spectral_energyband_middle_high.mean": 0.0023350706323981285, "lowlevel.spectral_energyband_middle_high.stdev": 0.0023897301871329546, "lowlevel.spectral_energyband_middle_low.mean": 0.013108886778354645, "lowlevel.spectral_energyband_middle_low.stdev": 0.011078712530434132, "lowlevel.spectral_entropy.mean": 7.209927558898926, "lowlevel.spectral_entropy.stdev": 0.5227175951004028, "lowlevel.spectral_flux.mean": 0.059088800102472305, "lowlevel.spectral_flux.stdev": 0.047946780920028687, "lowlevel.spectral_kurtosis.mean": 7.047093391418457, "lowlevel.spectral_kurtosis.stdev": 9.259844779968262, "lowlevel.spectral_rms.mean": 0.004980751778930426, "lowlevel.spectral_rms.stdev": 0.0018711457960307598, "lowlevel.spectral_rolloff.mean": 806.06103515625, "lowlevel.spectral_rolloff.stdev": 1019.242919921875, "lowlevel.spectral_skewness.mean": 1.5800877809524536, "lowlevel.spectral_skewness.stdev": 0.7365274429321289, "lowlevel.spectral_spread.mean": 3622178.5, "lowlevel.spectral_spread.stdev": 2025092.75, "lowlevel.spectral_strongpeak.mean": 0.6578673720359802, "lowlevel.spectral_strongpeak.stdev": 0.6078192591667175, "lowlevel.zerocrossingrate.mean": 0.040847018361091614, "lowlevel.zerocrossingrate.stdev": 0.03897085785865784, "metadata.audio_properties.analysis.equal_loudness": 0.0, "metadata.audio_properties.analysis.length": 40.04265213012695, "metadata.audio_properties.analysis.sample_rate": 44100.0, "metadata.audio_properties.analysis.start_time": 0.0, "metadata.audio_properties.bit_rate": 106941.0, "metadata.audio_properties.length": 40.042667388916016, "metadata.audio_properties.lossless": 0.0, "metadata.audio_properties.number_channels": 1.0, "metadata.audio_properties.replay_gain": -11.76565933227539, "metadata.audio_properties.sample_rate": 48000.0, "rhythm.beats_count": 64.0, "rhythm.beats_loudness.mean": 0.039370909333229065, "rhythm.beats_loudness.stdev": 0.027482865378260612, "rhythm.bpm": 96.7568359375, "rhythm.bpm_histogram_first_peak_bpm": 98.0, "rhythm.bpm_histogram_first_peak_weight": 0.403508722782135, "rhythm.bpm_histogram_second_peak_bpm": 92.0, "rhythm.bpm_histogram_second_peak_spread": 0.0, "rhythm.bpm_histogram_second_peak_weight": 0.095238097012043, "rhythm.danceability": 0.9496992230415344, "rhythm.onset_rate": 3.3204824924468994, "tonal.chords_changes_rate": 0.0416666679084301, "tonal.chords_number_rate": 0.008101851679384708, "tonal.chords_strength.mean": 0.4862195551395416, "tonal.chords_strength.stdev": 0.0815916657447815, "tonal.hpcp_crest.mean": 16.03040885925293, "tonal.hpcp_crest.stdev": 6.706689357757568, "tonal.hpcp_entropy.mean": 1.6166107654571533, "tonal.hpcp_entropy.stdev": 0.6361240744590759, "tonal.key_edma.strength": 0.7312244176864624, "tonal.key_krumhansl.strength": 0.7355119585990906, "tonal.key_temperley.strength": 0.729485273361206, "tonal.tuning_diatonic_strength": 0.48537805676460266, "tonal.tuning_equal_tempered_deviation": 0.07635655999183655, "tonal.tuning_frequency": 443.8288879394531, "tonal.tuning_nontempered_energy_ratio": 0.6619946956634521, "lowlevel.barkbands.mean": [7.349926454480737e-05, 0.009893037378787994, 0.0028620590455830097, 0.0014475311618298292, 0.003345465986058116, 0.0013468480901792645, 0.0041038040071725845, 0.0015352305490523577, 0.0013044500956311822, 0.0004638740501832217, 0.00019941318896599114, 0.00024043071607593447, 0.00030226371018216014, 0.0002156136033590883, 0.00014250649837777019, 0.0001665752351982519, 0.00018695619655773044, 0.0001121995082939975, 0.00015555274148937315, 0.0005274527939036489, 0.0001221951242769137, 7.074982568155974e-05, 3.6440113035496324e-05, 7.430589903378859e-05, 6.83619364281185e-05, 1.9982666344731115e-05, 1.530745308286896e-09], "lowlevel.barkbands.stdev": [0.00014631431258749217, 0.015606842003762722, 0.004999613389372826, 0.0023683267645537853, 0.004452466499060392, 0.0025257631205022335, 0.005949603393673897, 0.0018654707819223404, 0.0014560500858351588, 0.0006733705522492528, 0.00045792179298587143, 0.0003556884767021984, 0.0005278214230202138, 0.00034602059167809784, 0.00031664344714954495, 0.0002205150231020525, 0.00029221599106676877, 0.00017455656779929996, 0.00023195278481580317, 0.0007720519788563251, 0.0002141114673577249, 0.0001935056789079681, 0.00010688044130802155, 0.0002117422263836488, 0.0001873206056188792, 6.915849371580407e-05, 9.624149477360788e-09], "lowlevel.erbbands.mean": [0.1447017639875412, 2.6378390789031982, 4.358082294464111, 4.751895427703857, 3.5919923782348633, 9.40826416015625, 25.13875961303711, 11.01000690460205, 65.75289916992188, 25.984424591064453, 36.4034423828125, 34.804115295410156, 13.727733612060547, 11.715630531311035, 9.117554664611816, 9.078887939453125, 13.598968505859375, 11.97269058227539, 8.640458106994629, 7.921171188354492, 9.9796724319458, 11.12228775024414, 6.192971229553223, 7.787961959838867, 9.48971939086914, 24.394582748413086, 12.417257308959961, 3.0255215167999268, 2.390362024307251, 1.996451735496521, 0.9628685712814331, 0.9392115473747253, 1.6605868339538574, 0.863330602645874, 0.4352501630783081, 0.17458263039588928, 0.0161074697971344, 0.00043531155097298324, 3.527784429024905e-05, 3.59276236849837e-05], "lowlevel.erbbands.stdev": [0.2769908010959625, 4.058444976806641, 6.870354652404785, 7.304339408874512, 10.23874568939209, 13.854791641235352, 30.633825302124023, 21.935596466064453, 94.08578491210938, 39.0263671875, 39.260746002197266, 37.12108612060547, 15.61872673034668, 17.461769104003906, 18.070322036743164, 13.81753921508789, 20.904203414916992, 21.780698776245117, 18.513662338256836, 11.821377754211426, 13.370203018188477, 17.55933380126953, 9.775197982788086, 10.827323913574219, 14.848357200622559, 36.54643249511719, 18.197195053100586, 5.616637706756592, 6.035118103027344, 5.9164628982543945, 2.958400011062622, 2.8560104370117188, 4.806296348571777, 2.3847572803497314, 1.2654669284820557, 0.5821560025215149, 0.06098656728863716, 0.0020205597393214703, 6.986789230722934e-05, 2.952404429379385e-05], "lowlevel.gfcc.mean": [-53.27460861206055, 161.13336181640625, -126.76155090332031, 29.977880477905273, -43.54623794555664, -15.277985572814941, -20.156906127929688, 15.995903968811035, -22.453540802001953, 14.794690132141113, -7.544131278991699, -15.790589332580566, 3.696174144744873], "lowlevel.melbands.mean": [0.002143804682418704, 0.0028056949377059937, 0.0007263015722855926, 0.0004305963811930269, 0.0008398499339818954, 0.0002759487251751125, 0.0009396759560331702, 0.00029162922874093056, 0.00027998859877698123, 0.00020201706502120942, 6.617992767132819e-05, 5.438979860628024e-05, 3.0359760785358958e-05, 2.6049163352581672e-05, 2.8257936719455756e-05, 3.051851308555342e-05, 2.0706709619844332e-05, 1.4315303815237712e-05, 9.828544534684625e-06, 1.1016236385330558e-05, 1.1428059224272147e-05, 1.1831836673081852e-05, 7.761100278003141e-06, 4.620540948963026e-06, 6.458311872847844e-06, 5.767361926700687e-06, 9.146800948656164e-06, 1.933412204380147e-05, 1.0706028660933953e-05, 2.846585402949131e-06, 1.269435188078205e-06, 1.2462378435884602e-06, 1.5461738485100796e-06, 9.082687029149383e-07, 5.661294721903687e-07, 4.376361459890177e-07, 5.934763294135337e-07, 1.21809637221304e-06, 8.857072089085705e-07, 7.03731416251685e-07], "lowlevel.melbands.stdev": [0.0036002369597554207, 0.004009156487882137, 0.0011320274788886309, 0.0008561199065297842, 0.0009710141457617283, 0.00047989844460971653, 0.0013678537216037512, 0.0003903549222741276, 0.00029680351144634187, 0.00021852173085790128, 8.305894152726978e-05, 8.058819366851822e-05, 6.394467345671728e-05, 3.90759450965561e-05, 6.006278999848291e-05, 5.194438199396245e-05, 3.816943717538379e-05, 3.08224989566952e-05, 1.7736210793373175e-05, 1.4569201084668748e-05, 1.607922422408592e-05, 1.951913145603612e-05, 1.3003485946683213e-05, 7.3519840952940285e-06, 9.118966772803105e-06, 9.374747605761513e-06, 1.5745721611892805e-05, 2.942728860944044e-05, 1.6343734387191944e-05, 5.230678652878851e-06, 2.7053472422267077e-06, 3.01526370094507e-06, 5.06772676089895e-06, 2.6149750738113653e-06, 1.8078641232932569e-06, 1.4456988992606057e-06, 1.856922494880564e-06, 3.558363232514239e-06, 2.543411710576038e-06, 1.9994731701444834e-06], "lowlevel.melbands128.mean": [2.7954163670074195e-05, 0.0004687075852416456, 0.0032283924520015717, 0.004971733316779137, 0.002917905803769827, 0.001247942796908319, 0.0010959400096908212, 0.0004859636537730694, 0.0002829960430972278, 0.0004070368595421314, 0.0003861892328131944, 0.0011325457599014044, 0.0011308746179565787, 0.00024105579359456897, 0.00012141956540290266, 0.0001871953863883391, 0.0009834179654717445, 0.0014398415805771947, 0.00041569562745280564, 0.0001050034406944178, 0.0003130455152131617, 0.0005382806994020939, 0.00014237314462661743, 0.0002208833466283977, 0.00030403141863644123, 0.00017062465485651046, 3.86445208278019e-05, 2.8782449589925818e-05, 0.00012912729289382696, 6.835179374320433e-05, 1.9844728740281425e-05, 3.6107823689235374e-05, 3.549995744833723e-05, 1.9037957827094942e-05, 3.888804712914862e-05, 2.2625636120210402e-05, 1.2045466974086594e-05, 3.93389054806903e-05, 2.8096204914618284e-05, 2.8698887035716325e-05, 3.292183100711554e-05, 2.78572624665685e-05, 2.3640368453925475e-05, 1.257226995221572e-05, 1.956613596121315e-05, 1.3271637726575136e-05, 1.2241151125635952e-05, 7.048269708320731e-06, 1.1339172488078475e-05, 1.0739496246969793e-05, 1.0756949450296815e-05, 1.0259329428663477e-05, 1.5529147276538424e-05, 8.719115612620953e-06, 9.247774869436398e-06, 1.4550080777553376e-05, 1.1700843970174901e-05, 9.32868442760082e-06, 6.421629223041236e-06, 4.238320798322093e-06, 3.6536960124067264e-06, 5.168359621166019e-06, 7.373822427325649e-06, 6.364082310028607e-06, 6.367357855197042e-06, 5.171429620531853e-06, 5.861865247425158e-06, 6.2884400904295035e-06, 1.0197820301982574e-05, 1.2971973774256185e-05, 1.3176682841731235e-05, 3.3447606256231666e-05, 1.5328569133998826e-05, 5.916188001720002e-06, 4.053219527122565e-06, 3.3427527341700625e-06, 2.1450771328090923e-06, 1.3258611488708993e-06, 1.1215903441552655e-06, 1.2477937616495183e-06, 1.1796233820859925e-06, 1.2740844113068306e-06, 1.337930143563426e-06, 1.889135205601633e-06, 1.39525877784763e-06, 1.0017009799412335e-06, 7.496622060898517e-07, 6.513718062706175e-07, 6.046977318874269e-07, 4.4813859290115943e-07, 4.415349224018428e-07, 4.1004582840287185e-07, 4.6728186475775146e-07, 6.115084261182346e-07, 6.226795221664361e-07, 7.967228725647146e-07, 1.6087608400994213e-06, 1.5482787603104953e-06, 6.376317287504207e-07, 7.548588882855256e-07, 7.000689379310643e-07, 7.280748377525015e-07, 6.628362143601407e-07, 5.324997118805186e-07, 3.496055285268085e-07, 6.060014356989996e-07, 3.812301372363436e-07, 3.3139517086056003e-07, 3.253830698213278e-07, 2.857378547105327e-07, 1.3659143860422773e-07, 4.364556360769711e-08, 1.0384812121344567e-08, 4.5475050391985405e-09, 2.421723488410521e-09, 1.1449798748008888e-10, 2.6201457670183004e-11, 7.246408768174506e-12, 4.459108429721859e-12, 4.336577971719713e-12, 4.229474409589429e-12, 4.147267598786364e-12, 4.056659522189143e-12, 3.985154220509379e-12, 3.896305587197668e-12, 3.7932881662150475e-12, 3.730551458025477e-12, 3.705809530768489e-12], "lowlevel.melbands128.stdev": [7.443525100825354e-05, 0.0012214273447170854, 0.005916275549679995, 0.007486577611416578, 0.004671239759773016, 0.0021384556312114, 0.001767838024534285, 0.0009198209154419601, 0.0011946872109547257, 0.0011405792320147157, 0.0007840034086257219, 0.0012892421800643206, 0.0014589205384254456, 0.0004760413430631161, 0.0005114757223054767, 0.0007825025822967291, 0.001378685119561851, 0.0023937607184052467, 0.0009269018191844225, 0.0005311280838213861, 0.00042756713810376823, 0.0007018586038611829, 0.0002602274180389941, 0.00041458947816863656, 0.0003785504959523678, 0.00026451965095475316, 0.00012153932766523212, 5.290933768264949e-05, 0.00020003007375635207, 0.0001265408645849675, 6.0914524510735646e-05, 8.926264854380861e-05, 8.675308345118538e-05, 9.369874169351533e-05, 6.575924635399133e-05, 3.82275648007635e-05, 2.652807415870484e-05, 0.00011104614532086998, 6.292541365837678e-05, 5.261641854303889e-05, 6.166852836031467e-05, 0.0001139891755883582, 4.847433228860609e-05, 2.2325077225104906e-05, 4.328292197897099e-05, 4.201529372949153e-05, 4.247655306244269e-05, 1.4132589058135636e-05, 2.5888597519951873e-05, 1.9483490177663043e-05, 1.7834432583185844e-05, 1.6951427824096754e-05, 2.59907992585795e-05, 1.479692309658276e-05, 1.6422618500655517e-05, 2.888362723751925e-05, 2.2021997210686095e-05, 1.8416569218970835e-05, 1.3614637282444164e-05, 8.585801879235078e-06, 7.963109055708628e-06, 8.762868674239144e-06, 1.2379480722302105e-05, 1.0286092219757847e-05, 1.0912038305832539e-05, 9.971339750336483e-06, 1.1834998986159917e-05, 1.1702679330483079e-05, 2.0247360225766897e-05, 2.6440957299200818e-05, 2.490075166861061e-05, 5.6947345001390204e-05, 2.5290935809607618e-05, 1.258999418496387e-05, 7.437000022036955e-06, 7.162956080719596e-06, 4.5849519665353e-06, 3.282410489191534e-06, 2.5995782380050514e-06, 2.9168338642193703e-06, 2.988731239383924e-06, 3.4369311379123246e-06, 4.0332492972083855e-06, 7.561893198726466e-06, 4.653623818740016e-06, 2.9492450721591013e-06, 2.352643150516087e-06, 2.103053930113674e-06, 2.1798989564558724e-06, 1.4480617664958118e-06, 1.5320639477067743e-06, 1.5458246025445987e-06, 1.5892140936557553e-06, 2.1582759472948965e-06, 1.9932997474825243e-06, 2.4928310722316382e-06, 4.979604909749469e-06, 4.8322863221983425e-06, 1.9273227280791616e-06, 2.2596700546273496e-06, 2.2295780581771396e-06, 2.301516360603273e-06, 1.9394472019484965e-06, 1.4934641967556672e-06, 1.0992930583597627e-06, 2.1782029762107413e-06, 1.2460400284908246e-06, 1.1835512623292743e-06, 1.137288336394704e-06, 1.0545518307480961e-06, 5.599682140200457e-07, 2.615809080452891e-07, 1.1237152364174108e-07, 6.906493155156568e-08, 3.9571474985677924e-08, 1.6454840823243444e-09, 3.656034641696948e-10, 5.508500947049022e-11, 7.881068193882346e-12, 7.664615470082126e-12, 7.476142101225935e-12, 7.308105509640228e-12, 7.156871015961963e-12, 7.0330542605023805e-12, 6.928134715228351e-12, 6.844776481718107e-12, 6.783406301946737e-12, 6.745996122825559e-12], "lowlevel.mfcc.mean": [-690.5513916015625, 184.1178436279297, -15.960155487060547, 42.1337890625, -0.7816207408905029, -14.770404815673828, 14.675222396850586, -14.827933311462402, 10.512972831726074, 8.953206062316895, 0.6271080374717712, 6.483835697174072, 5.662813663482666], "lowlevel.spectral_contrast_coeffs.mean": [-0.6891220808029175, -0.6943809390068054, -0.7517034411430359, -0.8040797710418701, -0.7892827987670898, -0.742409884929657], "lowlevel.spectral_contrast_coeffs.stdev": [0.07265885919332504, 0.0670706033706665, 0.05544435977935791, 0.03460800647735596, 0.029614076018333435, 0.06030476838350296], "lowlevel.spectral_contrast_valleys.mean": [-6.672342300415039, -6.6565985679626465, -7.764424800872803, -7.862410068511963, -7.8169169425964355, -12.243330001831055], "lowlevel.spectral_contrast_valleys.stdev": [1.075618863105774, 0.9064298868179321, 0.9024010896682739, 0.9213968515396118, 1.1721807718276978, 2.3104162216186523], "rhythm.beats_loudness_band_ratio.mean": [0.5061729550361633, 0.17995145916938782, 0.23510180413722992, 0.046988021582365036, 0.025867749005556107, 0.03181540593504906], "rhythm.beats_loudness_band_ratio.stdev": [0.22544227540493011, 0.1361006498336792, 0.13913938403129578, 0.04048670455813408, 0.02017977461218834, 0.03005748800933361], "tonal.hpcp.mean": [0.15668518841266632, 0.03696909546852112, 0.010079477913677692, 0.009580149315297604, 0.013541744090616703, 0.027921343222260475, 0.025913497433066368, 0.011412451975047588, 0.012324798852205276, 0.014316493645310402, 0.046778831630945206, 0.3559974730014801, 0.47959399223327637, 0.19044160842895508, 0.18904508650302887, 0.29134055972099304, 0.14033104479312897, 0.03422755375504494, 0.03943910077214241, 0.023502657189965248, 0.10064934939146042, 0.1573188155889511, 0.07411574572324753, 0.06841838359832764, 0.06692025065422058, 0.020099898800253868, 0.13653810322284698, 0.24493038654327393, 0.12716807425022125, 0.015066207386553288, 0.010184448212385178, 0.011869031935930252, 0.09443626552820206, 0.19100646674633026, 0.1365220993757248, 0.15584905445575714], "tonal.hpcp.stdev": [0.23283879458904266, 0.08132465928792953, 0.05901491269469261, 0.07141387462615967, 0.06808796525001526, 0.08957520872354507, 0.09883442521095276, 0.061354558914899826, 0.06112560257315636, 0.07108040153980255, 0.11952567845582962, 0.3221265971660614, 0.37018612027168274, 0.1879090666770935, 0.28896188735961914, 0.42942503094673157, 0.23399800062179565, 0.10617358982563019, 0.11095911264419556, 0.07378235459327698, 0.19250176846981049, 0.3051246106624603, 0.15875330567359924, 0.13103939592838287, 0.13462135195732117, 0.08377423137426376, 0.2409716099500656, 0.4048689603805542, 0.2367856502532959, 0.07151267677545547, 0.05934084951877594, 0.04638679325580597, 0.15198862552642822, 0.25139299035072327, 0.1987541764974594, 0.22721819579601288], "rhythm.beats_position": [0.5921088457107544, 1.2074376344680786, 1.8227664232254028, 2.4380950927734375, 3.0534238815307617, 3.668752670288086, 4.28408145904541, 4.899410247802734, 5.514739036560059, 6.1416778564453125, 6.757006645202637, 7.383945465087891, 8.010884284973145, 8.637823104858398, 9.276371955871582, 9.914920806884766, 10.565078735351562, 11.203627586364746, 11.85378646850586, 12.503945350646973, 13.154104232788086, 13.8042631149292, 14.454421043395996, 15.09296989440918, 15.719908714294434, 16.346847534179688, 16.973787307739258, 17.600725173950195, 18.216054916381836, 18.842992782592773, 19.458322525024414, 20.08526039123535, 20.700590133666992, 21.31591796875, 21.942855834960938, 22.558185577392578, 23.185123443603516, 23.800453186035156, 24.415781021118164, 25.031110763549805, 25.658048629760742, 26.273378372192383, 26.88870620727539, 27.51564598083496, 28.1425838470459, 28.76952362060547, 29.396461486816406, 30.011791229248047, 30.615509033203125, 31.230838775634766, 31.846166610717773, 32.46149444580078, 33.07682418823242, 33.69215393066406, 34.29587173461914, 34.92280960083008, 35.52653121948242, 36.1418571472168, 36.75718688964844, 37.384124755859375, 37.999454498291016, 38.614784240722656, 39.2301139831543, 39.84543991088867], "rhythm.bpm_histogram": [0.0, 0.0, 0.0, 0.0, 0.0, 0.0, 0.0, 0.0, 0.0, 0.0, 0.0, 0.0, 0.0, 0.0, 0.0, 0.0, 0.0, 0.0, 0.0, 0.0, 0.0, 0.0, 0.0, 0.0, 0.0, 0.0, 0.0, 0.0, 0.0, 0.0, 0.0, 0.0, 0.0, 0.0, 0.0, 0.0, 0.0, 0.0, 0.0, 0.0, 0.0, 0.0, 0.0, 0.0, 0.0, 0.0, 0.0, 0.0, 0.0, 0.0, 0.0, 0.0, 0.0, 0.0, 0.0, 0.0, 0.0, 0.0, 0.0, 0.0, 0.0, 0.0, 0.0, 0.0, 0.0, 0.0, 0.0, 0.0, 0.0, 0.0, 0.0, 0.0, 0.0, 0.0, 0.0, 0.0, 0.0, 0.0, 0.0, 0.0, 0.0, 0.0, 0.0, 0.0, 0.0, 0.0, 0.0, 0.0, 0.0, 0.0, 0.0, 0.0, 0.095238097012043, 0.0, 0.0634920671582222, 0.0, 0.30158731341362, 0.0, 0.4920634925365448, 0.0476190485060215, 0.0, 0.0, 0.0, 0.0, 0.0, 0.0, 0.0, 0.0, 0.0, 0.0, 0.0, 0.0, 0.0, 0.0, 0.0, 0.0, 0.0, 0.0, 0.0, 0.0, 0.0, 0.0, 0.0, 0.0, 0.0, 0.0, 0.0, 0.0, 0.0, 0.0, 0.0, 0.0, 0.0, 0.0, 0.0, 0.0, 0.0, 0.0, 0.0, 0.0, 0.0, 0.0, 0.0, 0.0, 0.0, 0.0, 0.0, 0.0, 0.0, 0.0, 0.0, 0.0, 0.0, 0.0, 0.0, 0.0, 0.0, 0.0, 0.0, 0.0, 0.0, 0.0, 0.0, 0.0, 0.0, 0.0, 0.0, 0.0, 0.0, 0.0, 0.0, 0.0, 0.0, 0.0, 0.0, 0.0, 0.0, 0.0, 0.0, 0.0, 0.0, 0.0, 0.0, 0.0, 0.0, 0.0, 0.0, 0.0, 0.0, 0.0, 0.0, 0.0, 0.0, 0.0, 0.0, 0.0, 0.0, 0.0, 0.0, 0.0, 0.0, 0.0, 0.0, 0.0, 0.0, 0.0, 0.0, 0.0, 0.0, 0.0, 0.0, 0.0, 0.0, 0.0, 0.0, 0.0, 0.0, 0.0, 0.0, 0.0, 0.0, 0.0, 0.0, 0.0, 0.0, 0.0, 0.0, 0.0, 0.0, 0.0, 0.0, 0.0, 0.0, 0.0, 0.0, 0.0, 0.0, 0.0, 0.0, 0.0, 0.0, 0.0, 0.0, 0.0, 0.0, 0.0, 0.0, 0.0, 0.0, 0.0], "tonal.chords_histogram": [26.04166603088379, 5.55555534362793, 36.45833206176758, 0.0, 0.0, 3.2407407760620117, 0.0, 0.46296295523643494, 0.0, 18.865739822387695, 0.0, 0.0, 1.7361111640930176, 0.0, 0.0, 0.0, 0.0, 0.0, 0.0, 0.0, 0.0, 0.0, 0.5787037014961243, 7.060184955596924], "tonal.thpcp": [1.0, 0.39708924293518066, 0.3941773474216461, 0.6074733138084412, 0.29260385036468506, 0.0713677704334259, 0.08223435282707214, 0.04900531843304634, 0.20986366271972656, 0.3280249834060669, 0.15453852713108063, 0.14265896379947662, 0.13953521847724915, 0.041910238564014435, 0.28469517827033997, 0.5107036232948303, 0.2651577591896057, 0.03141450509428978, 0.02123556286096573, 0.02474808320403099, 0.19690877199172974, 0.39826700091362, 0.28466182947158813, 0.3249604105949402, 0.326703816652298, 0.07708415389060974, 0.021016689017415047, 0.019975541159510612, 0.028235850855708122, 0.058218710124492645, 0.05403215438127518, 0.023796070367097855, 0.025698401033878326, 0.02985127829015255, 0.09753840416669846, 0.7422892451286316], "lowlevel.gfcc.cov": [[12510.87109375, -5305.70947265625, 1523.1029052734375, 1878.2274169921875, -2602.502685546875, 2884.562255859375, -1742.7779541015625, 951.0645141601562, -595.337158203125, 627.720458984375, -20.986913681030273, 465.3424987792969, -301.1693420410156], [-5305.70947265625, 4320.59765625, -1159.7662353515625, -977.2850952148438, 1866.901123046875, -1941.87841796875, 1325.935302734375, -600.5850219726562, 451.4699401855469, -381.3970642089844, 145.3340301513672, -383.74957275390625, 281.244140625], [1523.1029052734375, -1159.7662353515625, 707.4528198242188, 243.146728515625, -448.18524169921875, 662.8663940429688, -396.408447265625, 294.5680236816406, -95.62825775146484, 129.4913787841797, 8.32610034942627, 153.66070556640625, -86.74138641357422], [1878.2274169921875, -977.2850952148438, 243.146728515625, 552.2232666015625, -399.0335388183594, 544.3063354492188, -253.025634765625, 101.13355255126953, -29.714473724365234, 58.74830627441406, 19.248558044433594, 93.88399505615234, -58.26728439331055], [-2602.502685546875, 1866.901123046875, -448.18524169921875, -399.0335388183594, 1058.25439453125, -818.9505615234375, 628.24560546875, -195.28933715820312, 222.8823699951172, -114.3134536743164, 65.42436981201172, -127.693359375, 96.6729736328125], [2884.562255859375, -1941.87841796875, 662.8663940429688, 544.3063354492188, -818.9505615234375, 1096.658447265625, -561.236572265625, 353.30419921875, -159.73904418945312, 175.1942901611328, -4.046392440795898, 198.4499969482422, -126.62432861328125], [-1742.7779541015625, 1325.935302734375, -396.408447265625, -253.025634765625, 628.24560546875, -561.236572265625, 568.8366088867188, -170.12542724609375, 181.43228149414062, -89.56497192382812, 35.126888275146484, -84.50872039794922, 73.80980682373047], [951.0645141601562, -600.5850219726562, 294.5680236816406, 101.13355255126953, -195.28933715820312, 353.30419921875, -170.12542724609375, 258.4261474609375, -53.13957595825195, 125.68096923828125, 15.420024871826172, 73.12427520751953, -29.056419372558594], [-595.337158203125, 451.4699401855469, -95.62825775146484, -29.714473724365234, 222.8823699951172, -159.73904418945312, 181.43228149414062, -53.13957595825195, 172.20191955566406, -43.10393142700195, 24.389787673950195, -34.00517272949219, 11.755032539367676], [627.720458984375, -381.3970642089844, 129.4913787841797, 58.74830627441406, -114.3134536743164, 175.1942901611328, -89.56497192382812, 125.68096923828125, -43.10393142700195, 159.81263732910156, 6.7045369148254395, 47.837799072265625, -14.604105949401855], [-20.986913681030273, 145.3340301513672, 8.32610034942627, 19.248558044433594, 65.42436981201172, -4.046392440795898, 35.126888275146484, 15.420024871826172, 24.389787673950195, 6.7045369148254395, 91.02278900146484, 5.959924697875977, 23.14386558532715], [465.3424987792969, -383.74957275390625, 153.66070556640625, 93.88399505615234, -127.693359375, 198.4499969482422, -84.50872039794922, 73.12427520751953, -34.00517272949219, 47.837799072265625, 5.959924697875977, 115.98930358886719, -24.146751403808594], [-301.1693420410156, 281.244140625, -86.74138641357422, -58.26728439331055, 96.6729736328125, -126.62432861328125, 73.80980682373047, -29.056419372558594, 11.755032539367676, -14.604105949401855, 23.14386558532715, -24.146751403808594, 79.52570343017578]], "lowlevel.gfcc.icov": [[0.0005777394399046898, -0.0015271626180037856, 0.0005382830277085304, -0.001703430898487568, 0.0012581440387293696, -0.00112352694850415, 0.0012738193618133664, -0.001157015678472817, 0.0008688272209838033, -0.0014773602597415447, 0.0013017739402130246, -0.000733923923689872, 0.0010030473349615932], [-0.0015271626180037856, 0.009602083824574947, -0.0024793290067464113, 0.0061943018808960915, -0.0060008205473423, 0.006366309709846973, -0.007530689239501953, 0.00424761138856411, -0.003337142989039421, 0.006977432407438755, -0.00848286971449852, 0.005851270165294409, -0.005914449226111174], [0.0005382830277085304, -0.0024793290067464113, 0.005569222383201122, -0.0009318992961198092, 0.0008935470832511783, -0.003698138054460287, 0.004107377957552671, -0.003545565763488412, -0.00014173054660204798, -0.0012457151897251606, 0.0017567409668117762, -0.0035846680402755737, 0.0023088036105036736], [-0.001703430898487568, 0.0061943018808960915, -0.0009318992961198092, 0.01028740406036377, -0.004776955582201481, 0.0006194562884047627, -0.004373655188828707, 0.006128131877630949, -0.004611622542142868, 0.004825075156986713, -0.006454350892454386, 0.002939085476100445, -0.0044061578810215], [0.0012581440387293696, -0.0060008205473423, 0.0008935470832511783, -0.004776955582201481, 0.00826766062527895, -0.0013300374848768115, 0.0019240293186157942, -0.004644179251044989, 0.001742766355164349, -0.004366646520793438, 0.0037473039701581, -0.0034302971325814724, 0.004619041457772255], [-0.00112352694850415, 0.006366309709846973, -0.003698138054460287, 0.0006194562884047627, -0.0013300374848768115, 0.012260908260941505, -0.005290461704134941, -0.0016800456214696169, -0.0016476546879857779, 0.005419568158686161, -0.006163953337818384, 0.002068599686026573, -0.0012529682135209441], [0.0012738193618133664, -0.007530689239501953, 0.004107377957552671, -0.004373655188828707, 0.0019240293186157942, -0.005290461704134941, 0.013266034424304962, -0.003264977829530835, -0.0006189651321619749, -0.005707248114049435, 0.006784467492252588, -0.006466405000537634, 0.0035694947000592947], [-0.001157015678472817, 0.00424761138856411, -0.003545565763488412, 0.006128131877630949, -0.004644179251044989, -0.0016800456214696169, -0.003264977829530835, 0.015633266419172287, -0.0022545328829437494, -0.002192592713981867, -0.004377327859401703, 0.0034228661097586155, -0.004824155475944281], [0.0008688272209838033, -0.003337142989039421, -0.00014173054660204798, -0.004611622542142868, 0.001742766355164349, -0.0016476546879857779, -0.0006189651321619749, -0.0022545328829437494, 0.01194971613585949, -0.0015694817993789911, 0.0017038143705576658, 1.4079204220251995e-06, 0.004017466679215431], [-0.0014773602597415447, 0.006977432407438755, -0.0012457151897251606, 0.004825075156986713, -0.004366646520793438, 0.005419568158686161, -0.005707248114049435, -0.002192592713981867, -0.0015694817993789911, 0.016216905787587166, -0.006361969746649265, 0.0022649921011179686, -0.003911504987627268], [0.0013017739402130246, -0.00848286971449852, 0.0017567409668117762, -0.006454350892454386, 0.0037473039701581, -0.006163953337818384, 0.006784467492252588, -0.004377327859401703, 0.0017038143705576658, -0.006361969746649265, 0.021494416519999504, -0.005919233430176973, 0.0003780389961320907], [-0.000733923923689872, 0.005851270165294409, -0.0035846680402755737, 0.002939085476100445, -0.0034302971325814724, 0.002068599686026573, -0.006466405000537634, 0.0034228661097586155, 1.4079204220251995e-06, 0.0022649921011179686, -0.005919233430176973, 0.01786610297858715, -0.002950002672150731], [0.0010030473349615932, -0.005914449226111174, 0.0023088036105036736, -0.0044061578810215, 0.004619041457772255, -0.0012529682135209441, 0.0035694947000592947, -0.004824155475944281, 0.004017466679215431, -0.003911504987627268, 0.0003780389961320907, -0.002950002672150731, 0.021576223894953728]], "lowlevel.mfcc.cov": [[10191.2158203125, -4822.7919921875, 2207.6396484375, -359.8081970214844, -123.41815948486328, 853.0962524414062, -91.3329086303711, 29.681657791137695, -3.596238851547241, -296.9532470703125, 438.0290832519531, 36.51041030883789, 243.93624877929688], [-4822.7919921875, 4026.610107421875, -1773.1351318359375, 594.8323364257812, 80.5521011352539, -556.3058471679688, 271.2192687988281, -54.5752067565918, 102.19519805908203, 239.1548309326172, -189.9559783935547, 55.63251495361328, -72.27745819091797], [2207.6396484375, -1773.1351318359375, 1171.94921875, -371.38372802734375, 49.960655212402344, 257.50384521484375, -136.71995544433594, 122.98726654052734, -64.20038604736328, -81.2857437133789, 130.68682861328125, -24.494874954223633, 72.4704360961914], [-359.8081970214844, 594.8323364257812, -371.38372802734375, 340.9930114746094, 20.972925186157227, 8.685905456542969, 79.79684448242188, 2.3503921031951904, 54.23371887207031, 38.2515983581543, 15.054858207702637, 50.22682189941406, 5.139098167419434], [-123.41815948486328, 80.5521011352539, 49.960655212402344, 20.972925186157227, 225.22210693359375, 4.939218521118164, 19.49593162536621, 59.86265563964844, -10.201837539672852, 64.32181549072266, 21.02237319946289, 45.41532897949219, 7.630306243896484], [853.0962524414062, -556.3058471679688, 257.50384521484375, 8.685905456542969, 4.939218521118164, 249.1640625, -10.910198211669922, 98.33717346191406, 6.866562366485596, -18.030027389526367, 82.34553527832031, 29.308652877807617, 28.38832664489746], [-91.3329086303711, 271.2192687988281, -136.71995544433594, 79.79684448242188, 19.49593162536621, -10.910198211669922, 166.82557678222656, -4.061383247375488, 66.6263198852539, -1.2839423418045044, 61.1705436706543, 25.142993927001953, 44.62649154663086], [29.681657791137695, -54.5752067565918, 122.98726654052734, 2.3503921031951904, 59.86265563964844, 98.33717346191406, -4.061383247375488, 198.2557830810547, -7.979462146759033, 39.6521110534668, 36.9620475769043, 35.048221588134766, 13.60268497467041], [-3.596238851547241, 102.19519805908203, -64.20038604736328, 54.23371887207031, -10.201837539672852, 6.866562366485596, 66.6263198852539, -7.979462146759033, 148.51092529296875, 3.6039252281188965, 79.9755630493164, 17.12580680847168, 33.906272888183594], [-296.9532470703125, 239.1548309326172, -81.2857437133789, 38.2515983581543, 64.32181549072266, -18.030027389526367, -1.2839423418045044, 39.6521110534668, 3.6039252281188965, 126.6705551147461, -3.9123544692993164, 34.94924545288086, -17.763883590698242], [438.0290832519531, -189.9559783935547, 130.68682861328125, 15.054858207702637, 21.02237319946289, 82.34553527832031, 61.1705436706543, 36.9620475769043, 79.9755630493164, -3.9123544692993164, 175.924560546875, 32.730743408203125, 71.08775329589844], [36.51041030883789, 55.63251495361328, -24.494874954223633, 50.22682189941406, 45.41532897949219, 29.308652877807617, 25.142993927001953, 35.048221588134766, 17.12580680847168, 34.94924545288086, 32.730743408203125, 87.76078033447266, 17.66642189025879], [243.93624877929688, -72.27745819091797, 72.4704360961914, 5.139098167419434, 7.630306243896484, 28.38832664489746, 44.62649154663086, 13.60268497467041, 33.906272888183594, -17.763883590698242, 71.08775329589844, 17.66642189025879, 103.5062255859375]], "lowlevel.mfcc.icov": [[0.0003014488029293716, 0.00030742250964976847, -0.0002811904123518616, -0.0004275323881302029, 0.00018853550136554986, -0.0001444420195184648, -0.0003508105000946671, 0.0002955532690975815, 9.02316824067384e-05, -0.00011929675383726135, -2.4103492251015268e-05, -0.00015246360271703452, -0.0001469871640438214], [0.00030742250964976847, 0.0015131476102396846, 0.001040337374433875, -0.0009736773208715022, -3.453059252933599e-05, 0.0015578175662085414, -0.000852885190397501, -0.0008887765579856932, 0.00012867165787611157, -0.000812813057564199, 2.8838816433562897e-05, 0.0002524872252251953, -0.0005326864775270224], [-0.0002811904123518616, 0.001040337374433875, 0.00441367132589221, 0.002306857379153371, -0.001446268754079938, -5.7559722336009145e-05, 0.0013075188035145402, -0.001817194977775216, 0.0004924057284370065, 0.0002764929668046534, -0.0013950032880529761, 0.001075252192094922, -0.0013574486365541816], [-0.0004275323881302029, -0.0009736773208715022, 0.002306857379153371, 0.006957761012017727, -0.0009893396636471152, -0.0030791363678872585, 0.000449154555099085, 0.00027539950679056346, -0.0006390055059455335, 0.00048821375821717083, -0.00034941986086778343, -0.001136941835284233, -0.00021820617257617414], [0.00018853550136554986, -3.453059252933599e-05, -0.001446268754079938, -0.0009893396636471152, 0.00643195491284132, 0.0009429624769836664, -0.0013982438249513507, -0.0006321783876046538, 0.001115208026021719, -0.002499825321137905, -0.00021857672254554927, -0.002076584380120039, 0.0002566563489381224], [-0.0001444420195184648, 0.0015578175662085414, -5.7559722336009145e-05, -0.0030791363678872585, 0.0009429624769836664, 0.010669802315533161, -0.0002106885949615389, -0.004618357867002487, 0.0004725688777398318, 0.0004040180647280067, -0.002075107302516699, -0.0009738884400576353, 0.0008292279089801013], [-0.0003508105000946671, -0.000852885190397501, 0.0013075188035145402, 0.000449154555099085, -0.0013982438249513507, -0.0002106885949615389, 0.010611513629555702, -4.20503674831707e-05, -0.001992342993617058, 0.0020796654280275106, -0.002498887712135911, -0.000477760040666908, -0.0023079742677509785], [0.0002955532690975815, -0.0008887765579856932, -0.001817194977775216, 0.00027539950679056346, -0.0006321783876046538, -0.004618357867002487, -4.20503674831707e-05, 0.008977264165878296, 0.0006480836891569197, -0.0016994535690173507, -1.848361898737494e-05, -0.0013365531340241432, -0.0001700493012322113], [9.02316824067384e-05, 0.00012867165787611157, 0.0004924057284370065, -0.0006390055059455335, 0.001115208026021719, 0.0004725688777398318, -0.001992342993617058, 0.0006480836891569197, 0.01086837612092495, -0.0007340264273807406, -0.005149303004145622, 5.976920510875061e-05, -3.371489583514631e-05], [-0.00011929675383726135, -0.000812813057564199, 0.0002764929668046534, 0.00048821375821717083, -0.002499825321137905, 0.0004040180647280067, 0.0020796654280275106, -0.0016994535690173507, -0.0007340264273807406, 0.012306415475904942, -0.0008191599044948816, -0.003326699836179614, 0.002378805074840784], [-2.4103492251015268e-05, 2.8838816433562897e-05, -0.0013950032880529761, -0.00034941986086778343, -0.00021857672254554927, -0.002075107302516699, -0.002498887712135911, -1.848361898737494e-05, -0.005149303004145622, -0.0008191599044948816, 0.013091403990983963, -0.0013169992016628385, -0.004484065342694521], [-0.00015246360271703452, 0.0002524872252251953, 0.001075252192094922, -0.001136941835284233, -0.002076584380120039, -0.0009738884400576353, -0.000477760040666908, -0.0013365531340241432, 5.976920510875061e-05, -0.003326699836179614, -0.0013169992016628385, 0.016498195007443428, -0.0018608574755489826], [-0.0001469871640438214, -0.0005326864775270224, -0.0013574486365541816, -0.00021820617257617414, 0.0002566563489381224, 0.0008292279089801013, -0.0023079742677509785, -0.0001700493012322113, -3.371489583514631e-05, 0.002378805074840784, -0.004484065342694521, -0.0018608574755489826, 0.01518457941710949]], "metadata.audio_properties.analysis.downmix": "mix", "metadata.audio_properties.codec": "mp3", "metadata.audio_properties.md5_encoded": "da4f7364b0ec9e0b30ca9cb971e68480", "metadata.tags.file_name": "1182276985150504970.mp3", "metadata.version.essentia": "2.1-beta6-dev", "metadata.version.essentia_git_sha": "v2.1_beta5-1110-g77a6a954", "metadata.version.extractor": "music 2.0", "tonal.chords_key": "C#", "tonal.chords_scale": "minor", "tonal.key_edma.key": "F#", "tonal.key_e