{"song_id": "1182274064082022410", "download": "https://cdn.discordapp.com/attachments/1128313332273782784/1182274064082022410/chirp.mp4?ex=65841986&amp", "lyrics": "Ey\u00fcpten ba\u015fkas\u0131na basmam da basmam basmam da basmam", "style": ["American rap"], "essentia_features": {"lowlevel.average_loudness": 0.9828714728355408, "lowlevel.barkbands_crest.mean": 13.367432594299316, "lowlevel.barkbands_crest.stdev": 5.487656116485596, "lowlevel.barkbands_flatness_db.mean": 0.2950851619243622, "lowlevel.barkbands_flatness_db.stdev": 0.08093768358230591, "lowlevel.barkbands_kurtosis.mean": 17.030502319335938, "lowlevel.barkbands_kurtosis.stdev": 36.99603271484375, "lowlevel.barkbands_skewness.mean": 1.9732997417449951, "lowlevel.barkbands_skewness.stdev": 2.6336092948913574, "lowlevel.barkbands_spread.mean": 11.419961929321289, "lowlevel.barkbands_spread.stdev": 17.88764762878418, "lowlevel.dissonance.mean": 0.3560081124305725, "lowlevel.dissonance.stdev": 0.07634244859218597, "lowlevel.dynamic_complexity": 3.725595235824585, "lowlevel.erbbands_crest.mean": 14.136180877685547, "lowlevel.erbbands_crest.stdev": 5.9055914878845215, "lowlevel.erbbands_flatness_db.mean": 0.30791446566581726, "lowlevel.erbbands_flatness_db.stdev": 0.08165287971496582, "lowlevel.erbbands_kurtosis.mean": 7.210208892822266, "lowlevel.erbbands_kurtosis.stdev": 13.920586585998535, "lowlevel.erbbands_skewness.mean": 1.4266273975372314, "lowlevel.erbbands_skewness.stdev": 1.6963326930999756, "lowlevel.erbbands_spread.mean": 21.766206741333008, "lowlevel.erbbands_spread.stdev": 29.32246971130371, "lowlevel.hfc.mean": 17.201616287231445, "lowlevel.hfc.stdev": 17.205162048339844, "lowlevel.loudness_ebu128.integrated": -20.49977684020996, "lowlevel.loudness_ebu128.loudness_range": 1.211151123046875, "lowlevel.loudness_ebu128.momentary.mean": -20.878854751586914, "lowlevel.loudness_ebu128.momentary.stdev": 1.894923448562622, "lowlevel.loudness_ebu128.short_term.mean": -20.28607940673828, "lowlevel.loudness_ebu128.short_term.stdev": 0.4076599180698395, "lowlevel.melbands_crest.mean": 16.016357421875, "lowlevel.melbands_crest.stdev": 5.506628513336182, "lowlevel.melbands_flatness_db.mean": 0.3523324131965637, "lowlevel.melbands_flatness_db.stdev": 0.10744911432266235, "lowlevel.melbands_kurtosis.mean": 20.97137451171875, "lowlevel.melbands_kurtosis.stdev": 38.25849533081055, "lowlevel.melbands_skewness.mean": 2.260111093521118, "lowlevel.melbands_skewness.stdev": 2.4448859691619873, "lowlevel.melbands_spread.mean": 16.70916175842285, "lowlevel.melbands_spread.stdev": 32.76854705810547, "lowlevel.pitch_salience.mean": 0.5304205417633057, "lowlevel.pitch_salience.stdev": 0.15864327549934387, "lowlevel.silence_rate_20dB.mean": 1.0, "lowlevel.silence_rate_20dB.stdev": 0.0, "lowlevel.silence_rate_30dB.mean": 0.9936102032661438, "lowlevel.silence_rate_30dB.stdev": 0.0796804428100586, "lowlevel.silence_rate_60dB.mean": 0.10223641991615295, "lowlevel.silence_rate_60dB.stdev": 0.3029589056968689, "lowlevel.spectral_centroid.mean": 850.0640869140625, "lowlevel.spectral_centroid.stdev": 851.7160034179688, "lowlevel.spectral_complexity.mean": 7.744409084320068, "lowlevel.spectral_complexity.stdev": 4.137243270874023, "lowlevel.spectral_decrease.mean": -5.649060774715053e-09, "lowlevel.spectral_decrease.stdev": 5.254165991175341e-09, "lowlevel.spectral_energy.mean": 0.022881094366312027, "lowlevel.spectral_energy.stdev": 0.02117764763534069, "lowlevel.spectral_energyband_high.mean": 0.0003880804288201034, "lowlevel.spectral_energyband_high.stdev": 0.000932006340008229, "lowlevel.spectral_energyband_low.mean": 0.001067447243258357, "lowlevel.spectral_energyband_low.stdev": 0.0028727154713124037, "lowlevel.spectral_energyband_middle_high.mean": 0.004835884086787701, "lowlevel.spectral_energyband_middle_high.stdev": 0.008195189759135246, "lowlevel.spectral_energyband_middle_low.mean": 0.016878308728337288, "lowlevel.spectral_energyband_middle_low.stdev": 0.015977809205651283, "lowlevel.spectral_entropy.mean": 6.275781631469727, "lowlevel.spectral_entropy.stdev": 0.9558141231536865, "lowlevel.spectral_flux.mean": 0.06375100463628769, "lowlevel.spectral_flux.stdev": 0.044839512556791306, "lowlevel.spectral_kurtosis.mean": 34.51628875732422, "lowlevel.spectral_kurtosis.stdev": 55.63991165161133, "lowlevel.spectral_rms.mean": 0.004194007720798254, "lowlevel.spectral_rms.stdev": 0.0021756221540272236, "lowlevel.spectral_rolloff.mean": 1688.947265625, "lowlevel.spectral_rolloff.stdev": 3111.8994140625, "lowlevel.spectral_skewness.mean": 3.5487043857574463, "lowlevel.spectral_skewness.stdev": 3.0694546699523926, "lowlevel.spectral_spread.mean": 4031625.5, "lowlevel.spectral_spread.stdev": 4333007.0, "lowlevel.spectral_strongpeak.mean": 1.7642030715942383, "lowlevel.spectral_strongpeak.stdev": 1.6214022636413574, "lowlevel.zerocrossingrate.mean": 0.06199143826961517, "lowlevel.zerocrossingrate.stdev": 0.10395610332489014, "metadata.audio_properties.analysis.equal_loudness": 0.0, "metadata.audio_properties.analysis.length": 7.231995582580566, "metadata.audio_properties.analysis.sample_rate": 44100.0, "metadata.audio_properties.analysis.start_time": 0.0, "metadata.audio_properties.bit_rate": 115300.0, "metadata.audio_properties.length": 7.23199987411499, "metadata.audio_properties.lossless": 0.0, "metadata.audio_properties.number_channels": 1.0, "metadata.audio_properties.replay_gain": -7.138418197631836, "metadata.audio_properties.sample_rate": 48000.0, "rhythm.beats_count": 15.0, "rhythm.beats_loudness.mean": 0.03841732069849968, "rhythm.beats_loudness.stdev": 0.025173701345920563, "rhythm.bpm": 129.5444793701172, "rhythm.bpm_histogram_first_peak_bpm": 129.0, "rhythm.bpm_histogram_first_peak_weight": 0.6363636255264282, "rhythm.bpm_histogram_second_peak_bpm": 136.0, "rhythm.bpm_histogram_second_peak_spread": 0.0, "rhythm.bpm_histogram_second_peak_weight": 0.1428571492433548, "rhythm.danceability": 1.3246341943740845, "rhythm.onset_rate": 4.002967357635498, "tonal.chords_changes_rate": 0.03821656107902527, "tonal.chords_number_rate": 0.019108280539512634, "tonal.chords_strength.mean": 0.5949885249137878, "tonal.chords_strength.stdev": 0.11757231503725052, "tonal.hpcp_crest.mean": 18.62557029724121, "tonal.hpcp_crest.stdev": 8.906246185302734, "tonal.hpcp_entropy.mean": 1.3107680082321167, "tonal.hpcp_entropy.stdev": 0.6905017495155334, "tonal.key_edma.strength": 0.6724399328231812, "tonal.key_krumhansl.strength": 0.6754618287086487, "tonal.key_temperley.strength": 0.637812077999115, "tonal.tuning_diatonic_strength": 0.4965578317642212, "tonal.tuning_equal_tempered_deviation": 0.11279212683439255, "tonal.tuning_frequency": 440.2542419433594, "tonal.tuning_nontempered_energy_ratio": 0.69024658203125, "lowlevel.barkbands.mean": [2.448021859891014e-06, 0.00029685921617783606, 0.0006568284006789327, 0.00018502678722143173, 0.0018141011241823435, 0.004992419388145208, 0.001650179736316204, 0.0021821903064846992, 0.0056651863269507885, 0.0007612535846419632, 0.0014930175384506583, 0.0010620879475027323, 0.0010167141444981098, 0.00025768153136596084, 0.00025228335289284587, 2.9813485525664873e-05, 1.7839038264355622e-05, 5.463488196255639e-05, 7.30280444258824e-05, 7.578181975986809e-05, 6.34709867881611e-05, 3.4997308830497786e-05, 4.573936166707426e-05, 9.626973769627512e-05, 8.266190707217902e-05, 1.856172275438439e-05, 4.727671765181185e-08], "lowlevel.barkbands.stdev": [9.73676287685521e-06, 0.0010456738527864218, 0.001809117035008967, 0.000307598733343184, 0.0024349482264369726, 0.0054489788599312305, 0.005817923229187727, 0.003966251853853464, 0.010720637626945972, 0.0019093703012913465, 0.003430345095694065, 0.0027928294148296118, 0.003458315273746848, 0.0005432347534224391, 0.0008437085198238492, 9.61566183832474e-05, 3.588233812479302e-05, 0.0001326492929365486, 0.00016370350203942508, 0.00014236272545531392, 0.00018220185302197933, 0.00011344204540364444, 0.00014810223365202546, 0.0003156916645821184, 0.0002927727182395756, 7.092049054335803e-05, 3.906408778675541e-07], "lowlevel.erbbands.mean": [0.0017605352913960814, 0.0953890010714531, 0.6530924439430237, 0.7795154452323914, 1.0785599946975708, 6.843663215637207, 32.30226135253906, 32.48307800292969, 28.213130950927734, 24.044668197631836, 96.93891906738281, 123.76236724853516, 27.929502487182617, 50.50812530517578, 37.0681037902832, 51.9903450012207, 53.55282974243164, 20.2982177734375, 12.552828788757324, 6.634945869445801, 1.8306695222854614, 1.2742350101470947, 2.4267594814300537, 3.4151415824890137, 3.910578727722168, 3.713186740875244, 3.4964029788970947, 1.7218286991119385, 1.2929128408432007, 1.1104106903076172, 1.336801290512085, 1.5439870357513428, 1.8132177591323853, 1.1439640522003174, 0.47646552324295044, 0.13461701571941376, 0.02402937412261963, 0.0018013536464422941, 5.4389314755098894e-05, 3.013843706867192e-05], "lowlevel.erbbands.stdev": [0.007740164641290903, 0.31862354278564453, 1.8724780082702637, 1.6735239028930664, 1.6941112279891968, 9.289207458496094, 32.350807189941406, 46.75703811645508, 59.43622970581055, 81.55745697021484, 150.67471313476562, 277.6686706542969, 65.06639099121094, 117.07282257080078, 122.29622650146484, 126.85774230957031, 156.23040771484375, 43.34720230102539, 44.914146423339844, 22.15882110595703, 5.357410907745361, 2.7070555686950684, 6.247654438018799, 6.68427848815918, 9.657057762145996, 7.239565849304199, 7.740506172180176, 5.702603816986084, 4.137807846069336, 3.709773302078247, 4.2596116065979, 4.894333839416504, 6.120782375335693, 4.005806922912598, 1.7503836154937744, 0.5165703892707825, 0.09870251268148422, 0.008113292045891285, 0.00016860039613675326, 2.6778569008456543e-05], "lowlevel.gfcc.mean": [-151.50820922851562, 128.99082946777344, -116.39576721191406, -20.633419036865234, -89.81355285644531, -15.63464069366455, -47.45277786254883, -7.916932106018066, -37.20555114746094, 0.3306748569011688, -3.2401468753814697, -21.580827713012695, 5.974910259246826], "lowlevel.melbands.mean": [4.513356543611735e-05, 0.0002691128174774349, 0.0001394534920109436, 0.00022470841940958053, 0.0009649187559261918, 0.0008072021882981062, 0.0004268418997526169, 0.0002398627548245713, 0.0009990899125114083, 0.0007090625003911555, 0.00010124519030796364, 0.00018345136777497828, 0.0001515953044872731, 7.100871880538762e-05, 0.00018377018568571657, 9.07302601262927e-05, 2.9784047001157887e-05, 1.7779801055439748e-05, 1.8379505490884185e-05, 2.5277172426285688e-06, 1.6657835431033163e-06, 1.2948505627718987e-06, 1.751682589201664e-06, 2.229308392998064e-06, 2.8343524718366098e-06, 2.709119826249662e-06, 2.636483486639918e-06, 2.450752845106763e-06, 2.2585650185646955e-06, 1.7257497120226617e-06, 7.836927693460893e-07, 7.810181159584317e-07, 5.75058606955281e-07, 6.465568844760128e-07, 7.451890269294381e-07, 8.317482524944353e-07, 1.0015887710324023e-06, 1.3253321640149807e-06, 1.12854490907921e-06, 9.375876857120602e-07], "lowlevel.melbands.stdev": [0.00016848644008859992, 0.0007623353158123791, 0.0002711733104661107, 0.00031611163285560906, 0.0009291740716435015, 0.001061830436810851, 0.0010485410457476974, 0.0007778415456414223, 0.0015760682290419936, 0.0016844130586832762, 0.00029025424737483263, 0.0004513847816269845, 0.0004148205916862935, 0.00019309442723169923, 0.00041855539893731475, 0.00040201263618655503, 6.623315130127594e-05, 7.674892549403012e-05, 6.305584975052625e-05, 8.255323336925358e-06, 4.859978616877925e-06, 2.8337424282653956e-06, 5.100920134282205e-06, 5.1945394261565525e-06, 5.809458343719598e-06, 6.441484401875641e-06, 6.221509011083981e-06, 5.0622838898561895e-06, 4.878323125012685e-06, 5.593209152721101e-06, 2.863291911125998e-06, 2.61038621829357e-06, 1.8143149418392568e-06, 2.341228537261486e-06, 2.5037102204805706e-06, 2.614595359773375e-06, 3.2735124477767386e-06, 4.617218564817449e-06, 3.834771632682532e-06, 3.3847052236524178e-06], "lowlevel.melbands128.mean": [1.2742922308461857e-06, 2.764979399216827e-06, 2.172032509406563e-05, 0.00019983257516287267, 0.00032772275153547525, 0.0003179009072482586, 0.00016262366261798888, 8.096818055491894e-05, 0.00010597374784993008, 9.460050205234438e-05, 0.00035131341428495944, 0.0007115438929758966, 0.001258440432138741, 0.0012187338434159756, 0.000557481893338263, 0.0008330123382620513, 0.0006262042443268001, 0.00022625658311881125, 0.0003875367692671716, 0.00022213019838090986, 0.00017673283582553267, 0.00022252346388995647, 0.0013082291698083282, 0.0016066599637269974, 0.0008479563402943313, 0.0004028229450341314, 7.548720896011218e-05, 0.00015484383038710803, 2.3106067601474933e-05, 6.491824024124071e-05, 0.0003463623870629817, 0.00022432793048210442, 0.00012350772158242762, 0.00013054956798441708, 8.79421531863045e-06, 2.099579432979226e-05, 0.00020532980852294713, 0.0002792161831166595, 8.16579267848283e-05, 0.00012770142348017544, 0.00010596494394121692, 1.1026309948647395e-05, 4.600641841534525e-05, 2.8363170713419095e-05, 5.091796992928721e-06, 2.7314936232869513e-05, 1.2874127605755348e-05, 3.211341390851885e-05, 1.2046553820255212e-05, 6.626155482081231e-07, 2.0548720840452006e-06, 3.5424316138232825e-06, 2.153277137040277e-06, 5.426501274996554e-07, 1.3019250673096394e-06, 1.9368196717550745e-06, 7.20994535186037e-07, 4.313559998081473e-07, 2.983897502417676e-06, 2.8551955892908154e-06, 9.435989909434284e-07, 2.56114685726061e-06, 4.4421685743145645e-06, 1.6740642649892834e-06, 2.535042312956648e-06, 2.629506298035267e-06, 2.7098958526039496e-06, 3.872421530104475e-06, 1.8900898339779815e-06, 2.1352925614337437e-06, 2.8378083243296714e-06, 2.263946953462437e-06, 2.5149395241896855e-06, 2.022370154008968e-06, 2.2359872673405334e-06, 2.3841753318265546e-06, 1.145808369074075e-06, 7.378914119726687e-07, 7.038791522973042e-07, 8.723803262000729e-07, 8.446399419881345e-07, 7.706192377554544e-07, 5.80522737436695e-07, 5.745905582443811e-07, 5.363399395719171e-07, 5.335010655471706e-07, 7.29875580418593e-07, 8.004872142919339e-07, 7.185345225479978e-07, 7.18066019089747e-07, 8.201992045542283e-07, 9.374633691550116e-07, 7.032448934296553e-07, 9.83555992206675e-07, 1.1439317404438043e-06, 1.3297739087647642e-06, 1.4072174963075668e-06, 1.2197579053463414e-06, 1.32086881876603e-06, 8.82910001109849e-07, 9.745855322762509e-07, 9.761922683537705e-07, 8.918214007280767e-07, 6.615533152398712e-07, 5.114696932650986e-07, 3.678250095617841e-07, 4.025697251108795e-07, 3.129715366867458e-07, 1.8968908932492923e-07, 1.5970086053584964e-07, 1.2347598499218293e-07, 6.978405764357376e-08, 7.48805391026508e-08, 4.759112215424466e-08, 3.491943445510515e-08, 1.412666073008495e-08, 1.7331874824222382e-09, 1.0095962954537185e-10, 3.4390545966545005e-12, 3.347642692566599e-12, 3.2449817572582917e-12, 3.186794144544036e-12, 3.143116843185023e-12, 3.0665864812762234e-12, 2.9380972481340972e-12, 2.7532401272040152e-12, 2.6481124151128688e-12, 2.621647690603801e-12], "lowlevel.melbands128.stdev": [6.789648978156038e-06, 2.424933154543396e-05, 0.00012717090430669487, 0.0006839342531748116, 0.0010095230536535382, 0.0008422083337791264, 0.0003744012792594731, 0.00012450761278159916, 0.00019840308232232928, 0.0001600908872205764, 0.000567314971704036, 0.0010133101604878902, 0.0014351001009345055, 0.0013844661880284548, 0.0012712242314592004, 0.001869115512818098, 0.0013720099814236164, 0.000980266835540533, 0.0023532225750386715, 0.0008912961347959936, 0.0006153591093607247, 0.000987211475148797, 0.0022310768254101276, 0.0032045934349298477, 0.0028934283182024956, 0.001625897828489542, 0.00022160900698509067, 0.0005456748185679317, 6.933421536814421e-05, 0.0002505612501408905, 0.0009124997886829078, 0.0006239367066882551, 0.0005390375736169517, 0.0006899888394400477, 4.428625470609404e-05, 0.00013507853145711124, 0.000674727198202163, 0.0007329192012548447, 0.00033306056866422296, 0.0006288247532211244, 0.0005856347270309925, 3.7891393731115386e-05, 0.0001282978628296405, 6.753719935659319e-05, 2.2045538571546786e-05, 0.00017330708215013146, 5.3392657719086856e-05, 0.0001286348997382447, 6.15545577602461e-05, 1.7479709413237288e-06, 1.1807544069597498e-05, 1.4801111319684424e-05, 9.387113095726818e-06, 1.8746536625258159e-06, 3.7120537399459863e-06, 5.189581315789837e-06, 2.0791821953025647e-06, 1.4774003602724406e-06, 1.1173235179740004e-05, 9.671478437667247e-06, 4.233732852298999e-06, 8.073872777458746e-06, 1.1215993254154455e-05, 4.7641401579312515e-06, 7.930342690087855e-06, 6.142396614450263e-06, 1.3586294699052814e-05, 1.1912421541637741e-05, 4.947269644617336e-06, 5.63724870517035e-06, 6.511005722131813e-06, 7.180603915912798e-06, 6.381588264048332e-06, 6.085830591473496e-06, 5.853134553035488e-06, 8.340310159837827e-06, 4.97709197588847e-06, 2.8951812964805868e-06, 2.912983291025739e-06, 3.5052034945692867e-06, 3.14961062031216e-06, 2.7258122372586513e-06, 1.9016709984498448e-06, 1.9615790733951144e-06, 1.8748143020275165e-06, 1.9498854726407444e-06, 3.070235152335954e-06, 3.285167395006283e-06, 2.5587269192328677e-06, 2.273554855491966e-06, 2.6478367090021493e-06, 3.124060640402604e-06, 2.5179342628689483e-06, 3.4306833640584955e-06, 3.951998223783448e-06, 4.802221610589186e-06, 5.625800440611783e-06, 3.974148967245128e-06, 4.7470612116740085e-06, 3.181984538969118e-06, 3.7641048038494773e-06, 3.62511923412967e-06, 3.3585326946194982e-06, 2.6375846573500894e-06, 2.0664897419919726e-06, 1.416715576851857e-06, 1.6454105207230896e-06, 1.2647352605199558e-06, 7.929231742309639e-07, 6.490411692539055e-07, 5.834558010064939e-07, 3.487630806375819e-07, 3.530751371272345e-07, 2.7206650088373863e-07, 1.737507915322567e-07, 8.077728352873237e-08, 1.133380322926314e-08, 9.54372803008141e-10, 5.381443554663967e-12, 5.235603617315121e-12, 5.110107215849924e-12, 4.994697364035794e-12, 4.890197621842951e-12, 4.813634733868977e-12, 4.743551038077776e-12, 4.686527641656335e-12, 4.641722770037937e-12, 4.615869318713717e-12], "lowlevel.mfcc.mean": [-796.5614624023438, 171.07638549804688, 8.00900936126709, -8.465557098388672, -20.751808166503906, -27.162633895874023, 1.2532700300216675, -33.328487396240234, -15.749850273132324, -5.274082183837891, -13.467395782470703, -3.903379201889038, -15.906315803527832], "lowlevel.spectral_contrast_coeffs.mean": [-0.5592557787895203, -0.6342990398406982, -0.6946511268615723, -0.737836480140686, -0.7816621661186218, -0.8043181896209717], "lowlevel.spectral_contrast_coeffs.stdev": [0.12710580229759216, 0.10938115417957306, 0.10806000977754593, 0.09054198116064072, 0.0782402828335762, 0.05911596119403839], "lowlevel.spectral_contrast_valleys.mean": [-8.540653228759766, -7.615768909454346, -8.931132316589355, -9.807371139526367, -9.810867309570312, -12.319474220275879], "lowlevel.spectral_contrast_valleys.stdev": [2.058044672012329, 1.9287188053131104, 1.8730658292770386, 1.8387755155563354, 2.0420877933502197, 1.9833121299743652], "rhythm.beats_loudness_band_ratio.mean": [0.03821045905351639, 0.28546425700187683, 0.46880385279655457, 0.22030477225780487, 0.024705154821276665, 0.013420552015304565], "rhythm.beats_loudness_band_ratio.stdev": [0.06515564024448395, 0.22385630011558533, 0.16618286073207855, 0.19234083592891693, 0.03534737601876259, 0.01598525606095791], "tonal.hpcp.mean": [0.012416555546224117, 0.02635536901652813, 0.07002606242895126, 0.08857045322656631, 0.05026159808039665, 0.019170202314853668, 0.014791049994528294, 0.02507948875427246, 0.21336376667022705, 0.28336042165756226, 0.09371950477361679, 0.012325705960392952, 0.005201959516853094, 0.015222291462123394, 0.09960795193910599, 0.13863013684749603, 0.1131015345454216, 0.3008692264556885, 0.42748358845710754, 0.24588969349861145, 0.08932722359895706, 0.038258228451013565, 0.04123038798570633, 0.11480840295553207, 0.12605831027030945, 0.05185519531369209, 0.009317797608673573, 0.005908221937716007, 0.01553397998213768, 0.20962724089622498, 0.2877553403377533, 0.09037919342517853, 0.012436145916581154, 0.024834545329213142, 0.01620386354625225, 0.006692873314023018], "tonal.hpcp.stdev": [0.08142923563718796, 0.11028468608856201, 0.1673259288072586, 0.17873704433441162, 0.1282169371843338, 0.09075509011745453, 0.0822574719786644, 0.11170040816068649, 0.23753127455711365, 0.30537229776382446, 0.13635975122451782, 0.09278442710638046, 0.04205816239118576, 0.08388297259807587, 0.24943652749061584, 0.30104875564575195, 0.235195130109787, 0.34333449602127075, 0.41870296001434326, 0.309085875749588, 0.24072971940040588, 0.13492287695407867, 0.1299818456172943, 0.2567974627017975, 0.24790111184120178, 0.14318613708019257, 0.05772627517580986, 0.05010556802153587, 0.08316654711961746, 0.2712269127368927, 0.37335577607154846, 0.12732072174549103, 0.05307363346219063, 0.12000903487205505, 0.06870338320732117, 0.028210652992129326], "rhythm.beats_position": [0.4643990993499756, 0.9404081702232361, 1.4164172410964966, 1.8692063093185425, 2.321995496749878, 2.763174533843994, 3.2043535709381104, 3.6571428775787354, 4.109931945800781, 4.574330806732178, 5.061950206756592, 5.526349067687988, 5.990748405456543, 6.4551472663879395, 6.931156158447266], "rhythm.bpm_histogram": [0.0, 0.0, 0.0, 0.0, 0.0, 0.0, 0.0, 0.0, 0.0, 0.0, 0.0, 0.0, 0.0, 0.0, 0.0, 0.0, 0.0, 0.0, 0.0, 0.0, 0.0, 0.0, 0.0, 0.0, 0.0, 0.0, 0.0, 0.0, 0.0, 0.0, 0.0, 0.0, 0.0, 0.0, 0.0, 0.0, 0.0, 0.0, 0.0, 0.0, 0.0, 0.0, 0.0, 0.0, 0.0, 0.0, 0.0, 0.0, 0.0, 0.0, 0.0, 0.0, 0.0, 0.0, 0.0, 0.0, 0.0, 0.0, 0.0, 0.0, 0.0, 0.0, 0.0, 0.0, 0.0, 0.0, 0.0, 0.0, 0.0, 0.0, 0.0, 0.0, 0.0, 0.0, 0.0, 0.0, 0.0, 0.0, 0.0, 0.0, 0.0, 0.0, 0.0, 0.0, 0.0, 0.0, 0.0, 0.0, 0.0, 0.0, 0.0, 0.0, 0.0, 0.0, 0.0, 0.0, 0.0, 0.0, 0.0, 0.0, 0.0, 0.0, 0.0, 0.0, 0.0, 0.0, 0.0, 0.0, 0.0, 0.0, 0.0, 0.0, 0.0, 0.0, 0.0, 0.0, 0.0, 0.0, 0.0, 0.0, 0.0, 0.0, 0.0, 0.0714285746216774, 0.0, 0.0, 0.2142857164144516, 0.0, 0.0, 0.2857142984867096, 0.0, 0.0, 0.0, 0.2857142984867096, 0.0, 0.0, 0.1428571492433548, 0.0, 0.0, 0.0, 0.0, 0.0, 0.0, 0.0, 0.0, 0.0, 0.0, 0.0, 0.0, 0.0, 0.0, 0.0, 0.0, 0.0, 0.0, 0.0, 0.0, 0.0, 0.0, 0.0, 0.0, 0.0, 0.0, 0.0, 0.0, 0.0, 0.0, 0.0, 0.0, 0.0, 0.0, 0.0, 0.0, 0.0, 0.0, 0.0, 0.0, 0.0, 0.0, 0.0, 0.0, 0.0, 0.0, 0.0, 0.0, 0.0, 0.0, 0.0, 0.0, 0.0, 0.0, 0.0, 0.0, 0.0, 0.0, 0.0, 0.0, 0.0, 0.0, 0.0, 0.0, 0.0, 0.0, 0.0, 0.0, 0.0, 0.0, 0.0, 0.0, 0.0, 0.0, 0.0, 0.0, 0.0, 0.0, 0.0, 0.0, 0.0, 0.0, 0.0, 0.0, 0.0, 0.0, 0.0, 0.0, 0.0, 0.0, 0.0, 0.0, 0.0, 0.0, 0.0, 0.0, 0.0, 0.0, 0.0, 0.0, 0.0, 0.0, 0.0, 0.0, 0.0, 0.0, 0.0, 0.0, 0.0, 0.0, 0.0, 0.0, 0.0], "tonal.chords_histogram": [78.98088836669922, 0.0, 0.0, 17.834394454956055, 0.0, 0.0, 0.0, 0.0, 0.0, 0.0, 0.0, 0.0, 0.0, 0.0, 0.0, 0.0, 0.0, 0.0, 0.0, 0.0, 0.0, 0.0, 0.0, 3.184713363647461], "tonal.thpcp": [1.0, 0.5752026438713074, 0.20896059274673462, 0.08949636667966843, 0.09644905477762222, 0.2685679793357849, 0.2948845624923706, 0.12130335718393326, 0.021796854212880135, 0.013820933178067207, 0.036338191479444504, 0.49037495255470276, 0.6731377243995667, 0.2114214301109314, 0.029091516509652138, 0.05809473246335983, 0.03790523111820221, 0.015656445175409317, 0.02904568985104561, 0.061652351170778275, 0.16380994021892548, 0.20719030499458313, 0.117575503885746, 0.04484429955482483, 0.03460027649998665, 0.05866772308945656, 0.4991157054901123, 0.6628568172454834, 0.21923533082008362, 0.028833167627453804, 0.012168793939054012, 0.03560906648635864, 0.23301000893115997, 0.32429346442222595, 0.26457515358924866, 0.703814685344696], "lowlevel.gfcc.cov": [[28125.201171875, 755.3473510742188, -3744.83203125, -90.79063415527344, -2043.9683837890625, -66.2788314819336, -312.2461853027344, 270.32049560546875, -1388.262939453125, 66.93153381347656, 80.98762512207031, -1014.9032592773438, 339.61297607421875], [755.3473510742188, 4963.2099609375, -268.7260437011719, -1166.077880859375, 1327.298828125, -431.304931640625, 377.4207458496094, 29.343374252319336, 704.1256103515625, -163.2799835205078, 529.1318969726562, -332.5585632324219, -12.17687702178955], [-3744.83203125, -268.7260437011719, 3645.26953125, 535.4205932617188, -374.66943359375, 653.2686767578125, -339.4534606933594, -317.3503723144531, 570.6376342773438, 168.1363983154297, -497.4258728027344, 518.2266845703125, -561.9379272460938], [-90.79063415527344, -1166.077880859375, 535.4205932617188, 902.2273559570312, -263.2206726074219, 43.87544250488281, -304.0718688964844, 0.39607003331184387, -104.75973510742188, 80.64241790771484, -220.13389587402344, 118.00041198730469, -42.80684280395508], [-2043.9683837890625, 1327.298828125, -374.66943359375, -263.2206726074219, 916.6792602539062, -192.91163635253906, 249.582275390625, 131.24932861328125, 236.54086303710938, -22.4017391204834, 247.92816162109375, -90.12638092041016, 33.90944290161133], [-66.2788314819336, -431.304931640625, 653.2686767578125, 43.87544250488281, -192.91163635253906, 614.4615478515625, 181.69403076171875, -41.87056350708008, 14.297560691833496, 44.71500778198242, -65.54341125488281, 42.30549621582031, -222.55140686035156], [-312.2461853027344, 377.4207458496094, -339.4534606933594, -304.0718688964844, 249.582275390625, 181.69403076171875, 486.6078796386719, 159.82711791992188, -18.442399978637695, -25.800552368164062, 177.84579467773438, -119.86710357666016, -65.57389831542969], [270.32049560546875, 29.343374252319336, -317.3503723144531, 0.39607003331184387, 131.24932861328125, -41.87056350708008, 159.82711791992188, 237.29995727539062, -19.990806579589844, 24.955665588378906, 49.96117401123047, -92.78982543945312, -5.984673500061035], [-1388.262939453125, 704.1256103515625, 570.6376342773438, -104.75973510742188, 236.54086303710938, 14.297560691833496, -18.442399978637695, -19.990806579589844, 482.14251708984375, 26.4803409576416, -97.16350555419922, 56.90642547607422, -86.20879364013672], [66.93153381347656, -163.2799835205078, 168.1363983154297, 80.64241790771484, -22.4017391204834, 44.71500778198242, -25.800552368164062, 24.955665588378906, 26.4803409576416, 110.14273071289062, -36.82182693481445, 10.921300888061523, -36.21144104003906], [80.98762512207031, 529.1318969726562, -497.4258728027344, -220.13389587402344, 247.92816162109375, -65.54341125488281, 177.84579467773438, 49.96117401123047, -97.16350555419922, -36.82182693481445, 303.3290100097656, -116.0889663696289, 49.03508377075195], [-1014.9032592773438, -332.5585632324219, 518.2266845703125, 118.00041198730469, -90.12638092041016, 42.30549621582031, -119.86710357666016, -92.78982543945312, 56.90642547607422, 10.921300888061523, -116.0889663696289, 254.96261596679688, -6.609454154968262], [339.61297607421875, -12.17687702178955, -561.9379272460938, -42.80684280395508, 33.90944290161133, -222.55140686035156, -65.57389831542969, -5.984673500061035, -86.20879364013672, -36.21144104003906, 49.03508377075195, -6.609454154968262, 233.6481170654297]], "lowlevel.gfcc.icov": [[0.00018026407633442432, -0.00046500537428073585, 0.000387628999305889, -0.00022879490279592574, 0.0007895029848441482, -0.00044541124952957034, 0.0003300365642644465, -0.00037310452898964286, 0.00045878146192990243, -0.0006528467638418078, 0.0003651308361440897, -0.00010322860907763243, 0.00013687873433809727], [-0.00046500537428073585, 0.0019385081250220537, -0.00129457947332412, 0.0011603952152654529, -0.0025825113989412785, 0.0015691162552684546, -0.0007171561010181904, 0.0011640926823019981, -0.001809925539419055, 0.0023416688200086355, -0.001622929354198277, 0.0012404890730977058, -0.0003552774142008275], [0.000387628999305889, -0.00129457947332412, 0.0021261628717184067, -0.001034580753184855, 0.0020763471256941557, -0.001432411139830947, 0.0009740710956975818, -0.00021693443704862148, 0.0003144207294099033, -0.0021003095898777246, 0.001000089687295258, -0.0020998860709369183, 0.002416416071355343], [-0.00022879490279592574, 0.0011603952152654529, -0.001034580753184855, 0.0029013147577643394, -0.0018859249539673328, 0.00035473244497552514, 0.0014235058333724737, -0.0008781799697317183, 0.00021034471865277737, 0.0010685340967029333, -5.040522228227928e-05, 0.0008636533748358488, -0.00029681241721846163], [0.0007895029848441482, -0.0025825113989412785, 0.0020763471256941557, -0.0018859249539673328, 0.006468384526669979, -0.0012889890931546688, 9.169257100438699e-05, -0.0018834203947335482, 0.0004926315741613507, -0.0035132167395204306, -5.796941877633799e-06, -0.0016573854954913259, 0.0007686390308663249], [-0.00044541124952957034, 0.0015691162552684546, -0.001432411139830947, 0.00035473244497552514, -0.0012889890931546688, 0.005568130407482386, -0.0039629945531487465, 0.003106682328507304, -0.001394174643792212, 0.0008497933740727603, -0.0009462617454119027, 0.0007954618195071816, 0.0016456395387649536], [0.0003300365642644465, -0.0007171561010181904, 0.0009740710956975818, 0.0014235058333724737, 9.169257100438699e-05, -0.0039629945531487465, 0.007868360728025436, -0.004920993000268936, 0.0013813480036333203, 0.0006209113635122776, -0.0007181375985965133, -0.0002947129250969738, 0.0011288324603810906], [-0.00037310452898964286, 0.0011640926823019981, -0.00021693443704862148, -0.0008781799697317183, -0.0018834203947335482, 0.003106682328507304, -0.004920993000268936, 0.009666180238127708, -0.0014797087060287595, -0.001340111717581749, 0.0003009974316228181, 0.0014605961041525006, 0.001243818667717278], [0.00045878146192990243, -0.001809925539419055, 0.0003144207294099033, 0.00021034471865277737, 0.0004926315741613507, -0.001394174643792212, 0.0013813480036333203, -0.0014797087060287595, 0.006517675239592791, -0.002389538800343871, 0.004119838122278452, -0.00022729647753294557, 0.0001473133743274957], [-0.0006528467638418078, 0.0023416688200086355, -0.0021003095898777246, 0.0010685340967029333, -0.0035132167395204306, 0.0008497933740727603, 0.0006209113635122776, -0.001340111717581749, -0.002389538800343871, 0.01433890126645565, -0.0019727887120097876, 0.0016587050631642342, -0.0005238312878645957], [0.0003651308361440897, -0.001622929354198277, 0.001000089687295258, -5.040522228227928e-05, -5.796941877633799e-06, -0.0009462617454119027, -0.0007181375985965133, 0.0003009974316228181, 0.004119838122278452, -0.0019727887120097876, 0.009099912829697132, 0.0005625584744848311, 6.900073003635043e-06], [-0.00010322860907763243, 0.0012404890730977058, -0.0020998860709369183, 0.0008636533748358488, -0.0016573854954913259, 0.0007954618195071816, -0.0002947129250969738, 0.0014605961041525006, -0.00022729647753294557, 0.0016587050631642342, 0.0005625584744848311, 0.008820006623864174, -0.0034198646899312735], [0.00013687873433809727, -0.0003552774142008275, 0.002416416071355343, -0.00029681241721846163, 0.0007686390308663249, 0.0016456395387649536, 0.0011288324603810906, 0.001243818667717278, 0.0001473133743274957, -0.0005238312878645957, 6.900073003635043e-06, -0.0034198646899312735, 0.011499295011162758]], "lowlevel.mfcc.cov": [[15328.837890625, -1068.992919921875, -2031.906494140625, -220.49977111816406, -844.154541015625, -974.9528198242188, 1335.7955322265625, -700.2052001953125, -211.65635681152344, 285.2662658691406, -508.02392578125, 224.98184204101562, -530.11083984375], [-1068.992919921875, 5879.44482421875, -904.2623901367188, -236.3378448486328, 489.451416015625, -290.48626708984375, -6.785567760467529, 201.88829040527344, 74.1102294921875, 367.2168884277344, 330.4859924316406, 291.2464599609375, 367.79718017578125], [-2031.906494140625, -904.2623901367188, 3823.79443359375, -41.595455169677734, -97.94280242919922, 1057.3597412109375, -976.9164428710938, 242.62835693359375, 88.81832122802734, -150.31402587890625, 440.00897216796875, -265.4378967285156, 20.226900100708008], [-220.49977111816406, -236.3378448486328, -41.595455169677734, 627.8497924804688, 275.42047119140625, -173.1409149169922, -172.91802978515625, -128.46156311035156, 92.38307189941406, -136.92581176757812, -63.04323196411133, 63.52735137939453, -18.277307510375977], [-844.154541015625, 489.451416015625, -97.94280242919922, 275.42047119140625, 404.7672119140625, -10.827096939086914, -144.19094848632812, -10.028618812561035, 80.368408203125, -29.3187313079834, 32.94628143310547, 85.32587432861328, 74.42415618896484], [-974.9528198242188, -290.48626708984375, 1057.3597412109375, -173.1409149169922, -10.827096939086914, 599.8253784179688, -227.4278564453125, 200.0775909423828, 37.55257797241211, 16.926246643066406, 194.7203826904297, -78.93336486816406, 33.82643127441406], [1335.7955322265625, -6.785567760467529, -976.9164428710938, -172.91802978515625, -144.19094848632812, -227.4278564453125, 928.2670288085938, 47.9930534362793, -200.4503936767578, 203.31825256347656, -60.443328857421875, 119.02955627441406, 13.466681480407715], [-700.2052001953125, 201.88829040527344, 242.62835693359375, -128.46156311035156, -10.028618812561035, 200.0775909423828, 47.9930534362793, 270.2540588378906, 32.60795593261719, 75.89045715332031, 135.56393432617188, 20.80620002746582, 67.59320831298828], [-211.65635681152344, 74.1102294921875, 88.81832122802734, 92.38307189941406, 80.368408203125, 37.55257797241211, -200.4503936767578, 32.60795593261719, 251.33335876464844, 9.808415412902832, 66.86542510986328, 45.13374328613281, -11.824731826782227], [285.2662658691406, 367.2168884277344, -150.31402587890625, -136.92581176757812, -29.3187313079834, 16.926246643066406, 203.31825256347656, 75.89045715332031, 9.808415412902832, 286.9095153808594, 114.06349182128906, 15.128427505493164, 28.98374366760254], [-508.02392578125, 330.4859924316406, 440.00897216796875, -63.04323196411133, 32.94628143310547, 194.7203826904297, -60.443328857421875, 135.56393432617188, 66.86542510986328, 114.06349182128906, 282.5599670410156, 40.278480529785156, 27.186702728271484], [224.98184204101562, 291.2464599609375, -265.4378967285156, 63.52735137939453, 85.32587432861328, -78.93336486816406, 119.02955627441406, 20.80620002746582, 45.13374328613281, 15.128427505493164, 40.278480529785156, 152.8865203857422, 26.63347625732422], [-530.11083984375, 367.79718017578125, 20.226900100708008, -18.277307510375977, 74.42415618896484, 33.82643127441406, 13.466681480407715, 67.59320831298828, -11.824731826782227, 28.98374366760254, 27.186702728271484, 26.63347625732422, 204.39064025878906]], "lowlevel.mfcc.icov": [[0.00011712622654158622, -7.473002369806636e-06, -2.668553679541219e-05, -1.597967275301926e-05, 0.00025829498190432787, -1.8463893866282888e-05, -8.75252517289482e-05, 0.0003090132959187031, -4.2717969336081296e-05, -0.0001965556584764272, 0.00019890164548996836, -0.0003769486793316901, 0.00017908135487232357], [-7.473002369806636e-06, 0.0003239407087676227, 2.836464045685716e-05, 0.0003919035953003913, -0.0004671021888498217, 0.0004421848279889673, 0.00030510008218698204, -0.0001973110338440165, 0.00023807078832760453, -0.0002829304139595479, -0.00030341671663336456, -0.000353635085048154, -0.0002876819344237447], [-2.668553679541219e-05, 2.836464045685716e-05, 0.0008801488438621163, -0.0005137483822181821, 0.0006209061248227954, -0.0011320936027914286, 0.0005908201565034688, 3.969595127273351e-05, 0.000441538606537506, 0.00030067955958656967, -0.0010190202156081796, 0.0004891784046776593, -0.0002893728669732809], [-1.597967275301926e-05, 0.0003919035953003913, -0.0005137483822181821, 0.003928115591406822, -0.003014012472704053, 0.0020180584397166967, -2.8856378776254132e-05, 0.0002907950838562101, -0.0007106182747520506, 0.0006844071322120726, -6.740353273926303e-05, -0.00042417767690494657, 0.0002507432654965669], [0.00025829498190432787, -0.0004671021888498217, 0.0006209061248227954, -0.003014012472704053, 0.006596246734261513, -0.002185872523114085, 0.0007544423569925129, 0.00114797567948699, 0.0002695369767025113, -0.0007566724088974297, 0.0004268269403837621, -0.002678125398233533, -0.0008748738910071552], [-1.8463893866282888e-05, 0.0004421848279889673, -0.0011320936027914286, 0.0020180584397166967, -0.002185872523114085, 0.005684966687113047, 0.00010684675362426788, -0.0022948505356907845, -0.00017224175098817796, 0.0001616415538592264, -0.0010559795191511512, 0.0010738471755757928, 2.3508073354605585e-05], [-8.75252517289482e-05, 0.00030510008218698204, 0.0005908201565034688, -2.8856378776254132e-05, 0.0007544423569925129, 0.00010684675362426788, 0.0036174652632325888, -0.0014165813336148858, 0.0029681934975087643, -0.002260207664221525, 0.000520857865922153, -0.0031832156237214804, -6.160166230984032e-05], [0.0003090132959187031, -0.0001973110338440165, 3.969595127273351e-05, 0.0002907950838562101, 0.00114797567948699, -0.0022948505356907845, -0.0014165813336148858, 0.00793171301484108, -0.0015387397725135088, -1.66304726008093e-05, -0.0012523354962468147, -0.0009402023279108107, -0.0011869205627590418], [-4.2717969336081296e-05, 0.00023807078832760453, 0.000441538606537506, -0.0007106182747520506, 0.0002695369767025113, -0.00017224175098817796, 0.0029681934975087643, -0.0015387397725135088, 0.007319886237382889, -0.002096280688419938, -0.0001760164595907554, -0.003720660926774144, 0.0008262116461992264], [-0.0001965556584764272, -0.0002829304139595479, 0.00030067955958656967, 0.0006844071322120726, -0.0007566724088974297, 0.0001616415538592264, -0.002260207664221525, -1.66304726008093e-05, -0.002096280688419938, 0.007529549766331911, -0.003927457146346569, 0.004382045939564705, -0.0008036397048272192], [0.00019890164548996836, -0.00030341671663336456, -0.0010190202156081796, -6.740353273926303e-05, 0.0004268269403837621, -0.0010559795191511512, 0.000520857865922153, -0.0012523354962468147, -0.0001760164595907554, -0.003927457146346569, 0.009377377107739449, -0.0047613573260605335, 0.0014757374301552773], [-0.0003769486793316901, -0.000353635085048154, 0.0004891784046776593, -0.00042417767690494657, -0.002678125398233533, 0.0010738471755757928, -0.0031832156237214804, -0.0009402023279108107, -0.003720660926774144, 0.004382045939564705, -0.0047613573260605335, 0.01560369972139597, -0.001346116536296904], [0.00017908135487232357, -0.0002876819344237447, -0.0002893728669732809, 0.0002507432654965669, -0.0008748738910071552, 2.3508073354605585e-05, -6.160166230984032e-05, -0.0011869205627590418, 0.0008262116461992264, -0.0008036397048272192, 0.0014757374301552773, -0.001346116536296904, 0.006777928210794926]], "metadata.audio_properties.analysis.downmix": "mix", "metadata.audio_properties.codec": "mp3", "metadata.audio_properties.md5_encoded": "beedc9f5a4de779a3f8700ea28cdd067", "metadata.tags.file_name": "1182274064082022410.mp3", "metadata.version.essentia": "2.1-beta6-dev", "metadata.version.essentia_git_sha": "v2.1_beta5-1110-g77a6a954", "metadata.version.extractor": "music 2.0", "tonal.chords_key": "C", "tonal.chords_scale": "minor", "tonal.key_edma.key": "C", "tonal.key_edma.scale": "minor", "tonal.key_krumhansl.key": "C", "tonal.key_krumhansl.scale": "minor", "tonal.key_temperley.key": "C", "tonal.key_temperley.scale": "minor", "metadata.tags.encoding": ["Lavf58.45.100"]}, "essentia_models": [{"model_name": "genre_dortmund", "activations": {"alternative": "0.01817858", "blues": "0.02978787", "electronic": "0.008814894", "folkcountry": "0.16730613", "funksoulrnb": "0.010703836", "jazz": "0.6292028", "pop": "0.19842583", "raphiphop": "0.014145326", "rock": "0.007118745"}}, {"model_name": "genre_rosamerica", "activations": {"classic": "0.009856708", "dance": "0.0017216943", "hip hop": "0.00023113612", "jazz": "0.3059295", "pop": "0.026587099", "rhythm and blues": "0.02240751", "rock": "0.0013745148", "speech": "0.20336369"}}, {"model_name": "genre_tzanetakis", "activations": {"blues": "0.11714558", "classic": "0.0029648563", "country": "0.023271069", "disco": "0.025267616", "hip hop": "0.0027510985", "jazz": "0.2084339", "metal": "0.001010192", "pop": "0.09201699", "reggae": "0.0019136667", "rock": "0.021311112"}}, {"model_name": "genre_electronic", "activations": {"ambient": "0.06981677", "dnb": "0.0899276", "house": "0.4013366", "techno": "0.5900328", "trance": "0.005341319"}}, {"model_name": "mood_acoustic", "activations": {"acoustic": "0.9417194", "not acoustic": "0.139061"}}, {"model_name": "mood_electronic", "activat