{"song_id": "1182270349459587143", "download": "https://cdn.discordapp.com/attachments/1128313332273782784/1182270349459587143/chirp.mp4?ex=65841610&amp", "lyrics": "[intro]\n[verse 1]\n\u042f \u043d\u0430\u0432\u0441\u0435\u0433\u0434\u0430 \u0437\u0430\u043f\u043e\u043c\u043d\u044e \u043d\u043e\u0447\u044c, \n\u041a\u043e\u0433\u0434\u0430 \u0432\u0441\u0451 \u044d\u0442\u043e \u043d\u0430\u0447\u0430\u043b\u043e\u0441\u044c \n\u041f\u043e\u0434 \u0443\u0442\u0440\u043e \u044f \u0441 \u0443\u043c\u0430 \u0441\u043e\u0448\u043b\u0430 \n\u0417\u0430\u0447\u0435\u043c \u0436\u0435 \u044f \u0442\u0435\u0431\u044f \u043d\u0430\u0448\u043b\u0430!?", "style": ["60s rock"], "essentia_features": {"lowlevel.average_loudness": 0.9806329607963562, "lowlevel.barkbands_crest.mean": 19.09801483154297, "lowlevel.barkbands_crest.stdev": 4.190016269683838, "lowlevel.barkbands_flatness_db.mean": 0.3509153127670288, "lowlevel.barkbands_flatness_db.stdev": 0.11479971557855606, "lowlevel.barkbands_kurtosis.mean": 146.1331024169922, "lowlevel.barkbands_kurtosis.stdev": 183.2432403564453, "lowlevel.barkbands_skewness.mean": 7.657433986663818, "lowlevel.barkbands_skewness.stdev": 4.668751239776611, "lowlevel.barkbands_spread.mean": 7.072780132293701, "lowlevel.barkbands_spread.stdev": 14.044754981994629, "lowlevel.dissonance.mean": 0.4608554542064667, "lowlevel.dissonance.stdev": 0.03539891913533211, "lowlevel.dynamic_complexity": 1.9790345430374146, "lowlevel.erbbands_crest.mean": 10.6763277053833, "lowlevel.erbbands_crest.stdev": 5.06022834777832, "lowlevel.erbbands_flatness_db.mean": 0.15740345418453217, "lowlevel.erbbands_flatness_db.stdev": 0.04886559396982193, "lowlevel.erbbands_kurtosis.mean": 4.510177135467529, "lowlevel.erbbands_kurtosis.stdev": 12.30225944519043, "lowlevel.erbbands_skewness.mean": 0.9090032577514648, "lowlevel.erbbands_skewness.stdev": 1.9194499254226685, "lowlevel.erbbands_spread.mean": 55.36442184448242, "lowlevel.erbbands_spread.stdev": 31.050800323486328, "lowlevel.hfc.mean": 17.054243087768555, "lowlevel.hfc.stdev": 19.107864379882812, "lowlevel.loudness_ebu128.integrated": -12.742332458496094, "lowlevel.loudness_ebu128.loudness_range": 1.256485939025879, "lowlevel.loudness_ebu128.momentary.mean": -12.897970199584961, "lowlevel.loudness_ebu128.momentary.stdev": 1.2240564823150635, "lowlevel.loudness_ebu128.short_term.mean": -12.824187278747559, "lowlevel.loudness_ebu128.short_term.stdev": 0.40410134196281433, "lowlevel.melbands_crest.mean": 32.765380859375, "lowlevel.melbands_crest.stdev": 5.0643463134765625, "lowlevel.melbands_flatness_db.mean": 0.45134609937667847, "lowlevel.melbands_flatness_db.stdev": 0.1299963891506195, "lowlevel.melbands_kurtosis.mean": 306.6608581542969, "lowlevel.melbands_kurtosis.stdev": 322.0928955078125, "lowlevel.melbands_skewness.mean": 11.367897987365723, "lowlevel.melbands_skewness.stdev": 5.991940975189209, "lowlevel.melbands_spread.mean": 4.076165199279785, "lowlevel.melbands_spread.stdev": 9.972779273986816, "lowlevel.pitch_salience.mean": 0.22468432784080505, "lowlevel.pitch_salience.stdev": 0.13662098348140717, "lowlevel.silence_rate_20dB.mean": 0.998110830783844, "lowlevel.silence_rate_20dB.stdev": 0.04342353343963623, "lowlevel.silence_rate_30dB.mean": 0.26700252294540405, "lowlevel.silence_rate_30dB.stdev": 0.44239386916160583, "lowlevel.silence_rate_60dB.mean": 0.0, "lowlevel.silence_rate_60dB.stdev": 0.0, "lowlevel.spectral_centroid.mean": 1012.0690307617188, "lowlevel.spectral_centroid.stdev": 1085.400146484375, "lowlevel.spectral_complexity.mean": 7.6838788986206055, "lowlevel.spectral_complexity.stdev": 8.25456428527832, "lowlevel.spectral_decrease.mean": -3.510889357016822e-08, "lowlevel.spectral_decrease.stdev": 1.7587247214123636e-08, "lowlevel.spectral_energy.mean": 0.13405567407608032, "lowlevel.spectral_energy.stdev": 0.0664648711681366, "lowlevel.spectral_energyband_high.mean": 0.0010829248931258917, "lowlevel.spectral_energyband_high.stdev": 0.0024817725643515587, "lowlevel.spectral_energyband_low.mean": 0.12629355490207672, "lowlevel.spectral_energyband_low.stdev": 0.06404070556163788, "lowlevel.spectral_energyband_middle_high.mean": 0.000984072801657021, "lowlevel.spectral_energyband_middle_high.stdev": 0.002220285590738058, "lowlevel.spectral_energyband_middle_low.mean": 0.006542480085045099, "lowlevel.spectral_energyband_middle_low.stdev": 0.021548522636294365, "lowlevel.spectral_entropy.mean": 7.29786491394043, "lowlevel.spectral_entropy.stdev": 0.7713333368301392, "lowlevel.spectral_flux.mean": 0.10718392580747604, "lowlevel.spectral_flux.stdev": 0.11267299205064774, "lowlevel.spectral_kurtosis.mean": 4.05320405960083, "lowlevel.spectral_kurtosis.stdev": 5.0775580406188965, "lowlevel.spectral_rms.mean": 0.011082027107477188, "lowlevel.spectral_rms.stdev": 0.002823974471539259, "lowlevel.spectral_rolloff.mean": 233.37698364257812, "lowlevel.spectral_rolloff.stdev": 830.8668212890625, "lowlevel.spectral_skewness.mean": 1.5015077590942383, "lowlevel.spectral_skewness.stdev": 0.8189734220504761, "lowlevel.spectral_spread.mean": 5599918.0, "lowlevel.spectral_spread.stdev": 1658950.75, "lowlevel.spectral_strongpeak.mean": 0.6185266375541687, "lowlevel.spectral_strongpeak.stdev": 0.2840818166732788, "lowlevel.zerocrossingrate.mean": 0.01571263186633587, "lowlevel.zerocrossingrate.stdev": 0.023398490622639656, "metadata.audio_properties.analysis.equal_loudness": 0.0, "metadata.audio_properties.analysis.length": 36.8426513671875, "metadata.audio_properties.analysis.sample_rate": 44100.0, "metadata.audio_properties.analysis.start_time": 0.0, "metadata.audio_properties.bit_rate": 123951.0, "metadata.audio_properties.length": 36.84266662597656, "metadata.audio_properties.lossless": 0.0, "metadata.audio_properties.number_channels": 1.0, "metadata.audio_properties.replay_gain": -11.859518051147461, "metadata.audio_properties.sample_rate": 48000.0, "rhythm.beats_count": 82.0, "rhythm.beats_loudness.mean": 0.11536119133234024, "rhythm.beats_loudness.stdev": 0.050544507801532745, "rhythm.bpm": 134.10916137695312, "rhythm.bpm_histogram_first_peak_bpm": 133.0, "rhythm.bpm_histogram_first_peak_weight": 0.5061728358268738, "rhythm.bpm_histogram_second_peak_bpm": 0.0, "rhythm.bpm_histogram_second_peak_spread": 0.0, "rhythm.bpm_histogram_second_peak_weight": 0.0, "rhythm.danceability": 1.435518503189087, "rhythm.onset_rate": 4.476193428039551, "tonal.chords_changes_rate": 0.0842767283320427, "tonal.chords_number_rate": 0.011320754885673523, "tonal.chords_strength.mean": 0.5348976850509644, "tonal.chords_strength.stdev": 0.11050818860530853, "tonal.hpcp_crest.mean": 12.785715103149414, "tonal.hpcp_crest.stdev": 5.031152248382568, "tonal.hpcp_entropy.mean": 2.1171343326568604, "tonal.hpcp_entropy.stdev": 0.7391509413719177, "tonal.key_edma.strength": 0.6894296407699585, "tonal.key_krumhansl.strength": 0.7024404406547546, "tonal.key_temperley.strength": 0.7151599526405334, "tonal.tuning_diatonic_strength": 0.538705050945282, "tonal.tuning_equal_tempered_deviation": 0.3008108139038086, "tonal.tuning_frequency": 434.193115234375, "tonal.tuning_nontempered_energy_ratio": 0.9418169856071472, "lowlevel.barkbands.mean": [0.022279907017946243, 0.09542199969291687, 0.007758903782814741, 0.002862184774130583, 0.0016732512740418315, 0.0008333236910402775, 0.00047631224151700735, 0.0003257071366533637, 0.0003288318694103509, 0.00011107102909591049, 0.00012634263839572668, 0.0001778709702193737, 8.904584683477879e-05, 0.00010840973845915869, 8.669434464536607e-05, 6.842773291282356e-05, 7.81206545070745e-05, 6.284715345827863e-05, 7.514288881793618e-05, 7.887672836659476e-05, 0.00023682622122578323, 0.0002815348852891475, 0.00024202498025260866, 0.00015470721700694412, 9.383354336023331e-05, 2.3508495360147208e-05, 2.6533297159403446e-07], "lowlevel.barkbands.stdev": [0.014288432896137238, 0.058172620832920074, 0.020328590646386147, 0.013239925727248192, 0.006484791170805693, 0.002068612724542618, 0.0012336443178355694, 0.0008540445123799145, 0.0007874392904341221, 0.0003389136109035462, 0.00031673978082835674, 0.0005359936621971428, 0.00027031038189306855, 0.00033938471460714936, 0.00021806222503073514, 0.00021214509615674615, 0.00022646081924904138, 0.00024569552624598145, 0.00031155033502727747, 0.00027836000663228333, 0.0005694259307347238, 0.0007200399995781481, 0.0007048393599689007, 0.0004714902606792748, 0.0002370882866671309, 7.152379839681089e-05, 1.4670833934360417e-06], "lowlevel.erbbands.mean": [5.58758020401001, 10.175285339355469, 8.180267333984375, 11.31640338897705, 6.267114639282227, 6.229933261871338, 3.948228597640991, 8.383794784545898, 6.465504169464111, 8.887221336364746, 6.989917755126953, 6.10032320022583, 5.959831237792969, 3.532395124435425, 7.630685329437256, 5.408149242401123, 4.15182638168335, 5.259973049163818, 5.060789585113525, 4.340884208679199, 3.7595789432525635, 4.592584133148193, 3.615673780441284, 3.5505948066711426, 3.6086764335632324, 3.7871251106262207, 8.410447120666504, 9.224825859069824, 11.114006996154785, 8.541253089904785, 6.094719886779785, 3.8683416843414307, 2.295055627822876, 1.2829276323318481, 0.5348119735717773, 0.15406663715839386, 0.03562415391206741, 0.0031146742403507233, 0.000137297494802624, 0.00015129543317016214], "lowlevel.erbbands.stdev": [3.189164876937866, 9.145746231079102, 17.492040634155273, 41.14808654785156, 29.184078216552734, 20.816804885864258, 13.998621940612793, 20.060298919677734, 16.566152572631836, 22.686939239501953, 16.472009658813477, 13.9345064163208, 17.69841194152832, 9.395123481750488, 18.8769474029541, 16.56498146057129, 13.173161506652832, 14.854789733886719, 14.605663299560547, 11.396974563598633, 10.752680778503418, 13.525032997131348, 13.554154396057129, 14.306324005126953, 14.931805610656738, 13.56657886505127, 21.632566452026367, 22.148822784423828, 28.43318748474121, 23.83633804321289, 17.919057846069336, 12.120678901672363, 6.859249114990234, 3.2215442657470703, 1.372648000717163, 0.4267018139362335, 0.11849311739206314, 0.012003844603896141, 0.00027662672800943255, 7.120530790416524e-05], "lowlevel.gfcc.mean": [-63.97822952270508, 94.87757110595703, -56.56019592285156, 67.09176635742188, -33.895172119140625, 38.845481872558594, -10.046669960021973, 13.359953880310059, -2.0268359184265137, 14.766295433044434, -2.8848490715026855, 3.778956890106201, 1.2941527366638184], "lowlevel.melbands.mean": [0.03670348599553108, 0.006427641957998276, 0.0017688502557575703, 0.0004194942594040185, 0.00016715489618945867, 0.0001775361888576299, 0.00010225051664747298, 9.184305963572115e-05, 5.5830190831329674e-05, 4.0355731471208856e-05, 2.919663347711321e-05, 1.3189733181206975e-05, 2.2481652194983326e-05, 2.2409078155760653e-05, 8.949036782723852e-06, 9.21400078368606e-06, 9.906802915793378e-06, 8.399630132771563e-06, 6.4680784817028325e-06, 5.041198164690286e-06, 4.216855359118199e-06, 4.747082130052149e-06, 4.0979512050398625e-06, 2.6430948310007807e-06, 2.893550117732957e-06, 2.8541876417875756e-06, 2.199610435127397e-06, 2.5196791284542996e-06, 4.343130513007054e-06, 6.707449756504502e-06, 4.752054337586742e-06, 6.590690190932946e-06, 5.047666945756646e-06, 4.9297395889880136e-06, 3.7153292851144215e-06, 2.7721173410100164e-06, 2.2230055947147775e-06, 1.679095248618978e-06, 1.2298559113332885e-06, 1.0432044064145884e-06], "lowlevel.melbands.stdev": [0.02069484069943428, 0.007687821052968502, 0.0064344205893576145, 0.0016801520250737667, 0.0005596114206127822, 0.0004249701742082834, 0.00025386965717189014, 0.00023815815802663565, 0.0001336823042947799, 9.436461550649256e-05, 8.814938337309286e-05, 3.87291656807065e-05, 5.497799065778963e-05, 6.626640242757276e-05, 3.065870623686351e-05, 2.7372047043172643e-05, 2.9259219445521012e-05, 2.6145182346226647e-05, 1.6276620954158716e-05, 1.530392728454899e-05, 1.218526540469611e-05, 1.378294200549135e-05, 1.3655077964358497e-05, 1.0831179679371417e-05, 1.1913491107407026e-05, 1.2133908057876397e-05, 8.585621799284127e-06, 9.516267709841486e-06, 1.1985363926214632e-05, 1.6592319298069924e-05, 1.1715636901499238e-05, 1.6562069504288957e-05, 1.4389423085958697e-05, 1.4429213479161263e-05, 1.0942723747575656e-05, 8.93748892849544e-06, 7.157909749366809e-06, 5.239376150711905e-06, 3.416889285290381e-06, 2.651316663104808e-06], "lowlevel.melbands128.mean": [0.021131811663508415, 0.05748471990227699, 0.03626834601163864, 0.01070321910083294, 0.0037301569245755672, 0.003959818743169308, 0.0025323079898953438, 0.001113235019147396, 0.0005238400190137327, 0.00039756414480507374, 0.00036967548658140004, 0.000205478398129344, 0.00010498121264390647, 0.00011821019143098965, 0.0002025169669650495, 0.00022108087432570755, 0.000105413215351291, 7.313862442970276e-05, 9.832849900703877e-05, 0.0001200405677082017, 7.49970058677718e-05, 5.313180372468196e-05, 5.998446431476623e-05, 5.1523762522265315e-05, 3.0592113034799695e-05, 3.559550168574788e-05, 5.9943413361907005e-05, 2.1116016796440817e-05, 1.4152707080938853e-05, 1.4513600945065264e-05, 1.0687602298276033e-05, 1.479258844483411e-05, 2.1659379854099825e-05, 2.6940802854369394e-05, 3.6443125281948596e-05, 1.6205280189751647e-05, 9.04162061488023e-06, 9.010672329168301e-06, 7.936025212984532e-06, 9.780814252735581e-06, 8.454861017526127e-06, 1.058358157024486e-05, 9.352571396448184e-06, 1.0078723789774813e-05, 1.0311667210771702e-05, 6.870930064906133e-06, 8.18670196167659e-06, 6.459624273702502e-06, 5.4778674893896095e-06, 6.665163709840272e-06, 4.370996066427324e-06, 4.321200776757905e-06, 4.499382612266345e-06, 3.878718871419551e-06, 4.29507645094418e-06, 4.872040335612837e-06, 5.449947366287233e-06, 3.932194886147045e-06, 4.228158104524482e-06, 3.0815785976301413e-06, 2.282603418279905e-06, 2.535070962039754e-06, 2.6231564334011637e-06, 3.2015714168665e-06, 2.9581301532743964e-06, 2.9584789444925264e-06, 2.8161848604213446e-06, 2.2522547169501195e-06, 2.1477992504514987e-06, 1.9310871266497998e-06, 2.31801527661446e-06, 2.8798981475119945e-06, 3.1349677556136157e-06, 4.2589890654198825e-06, 6.2092867665342055e-06, 7.271730737556936e-06, 7.288504548341734e-06, 4.618371804099297e-06, 4.339300630817888e-06, 4.3381182877055835e-06, 6.875762210256653e-06, 7.980139343999326e-06, 5.513016731129028e-06, 5.029441126680467e-06, 4.1521952880430035e-06, 4.188926141068805e-06, 5.626907750411192e-06, 5.647517809848068e-06, 2.9516706945287297e-06, 2.9682073545700405e-06, 3.235942358514876e-06, 2.551764282543445e-06, 2.3387683540931903e-06, 2.3997979496925836e-06, 2.024639798037242e-06, 1.7148341839856585e-06, 1.6946164578257594e-06, 1.5153716503846226e-06, 1.1692197858792497e-06, 1.1187712516402826e-06, 1.1315402161926613e-06, 1.0577290368019021e-06, 9.185283715851256e-07, 7.468566423085576e-07, 5.746888405155914e-07, 4.679109224525746e-07, 3.991671349012904e-07, 3.1694969493401004e-07, 2.3971713858372823e-07, 1.9073662826940563e-07, 1.6587449636062956e-07, 1.3362598849653295e-07, 1.1034192937131593e-07, 7.547377123273691e-08, 4.657290020304572e-08, 2.942422483442897e-08, 9.094297759304482e-09, 1.9091892511369224e-09, 4.19904777615443e-10, 1.3744375082502813e-10, 3.599079367866409e-11, 1.8627049555575148e-11, 1.6225102858480334e-11, 1.5709150993914456e-11, 1.5147192528042197e-11, 1.461711481021144e-11, 1.427260132996766e-11, 1.411463394079826e-11], "lowlevel.melbands128.stdev": [0.013476766645908356, 0.032893359661102295, 0.026430824771523476, 0.01196039654314518, 0.007720321416854858, 0.010845782235264778, 0.009543820284307003, 0.005397150758653879, 0.002681203419342637, 0.0015999972820281982, 0.001143682049587369, 0.0007187119335867465, 0.00045872581540606916, 0.0004316795093473047, 0.0005182420136407018, 0.0005604884936474264, 0.0003108509408775717, 0.00024372244661208242, 0.00028284909785725176, 0.0003309964668005705, 0.0002494164800737053, 0.00017692755500320345, 0.00017445991397835314, 0.00015161458577495068, 0.00010508733976166695, 9.708696597954258e-05, 0.00022125794203020632, 7.1479327743873e-05, 5.018553929403424e-05, 5.661780232912861e-05, 3.455888872849755e-05, 3.962995106121525e-05, 7.231737254187465e-05, 7.959100912557915e-05, 0.00011777439794968814, 6.105904321884736e-05, 3.794642907450907e-05, 3.554586510290392e-05, 2.7436906748334877e-05, 4.0385166357737035e-05, 2.5353438104502857e-05, 3.0560790037270635e-05, 2.9094690034980886e-05, 3.378426481503993e-05, 4.5355584006756544e-05, 1.9761295334319584e-05, 2.78462339338148e-05, 1.7865408153738827e-05, 1.4660173292213585e-05, 2.2215639546629973e-05, 1.5957477444317192e-05, 1.4972943063185085e-05, 1.4196206393535249e-05, 1.2060628250765149e-05, 1.4109472431300674e-05, 1.4668312360299751e-05, 1.9533015802153386e-05, 1.3295198186824564e-05, 1.650030208111275e-05, 1.5309557056752965e-05, 9.504899026069324e-06, 1.2224928468640428e-05, 1.0277672117808834e-05, 1.5727304344181903e-05, 1.2890062862425111e-05, 1.2903675269626547e-05, 1.3780030712950975e-05, 1.0152004506380763e-05, 8.293457540275995e-06, 7.4057197707588784e-06, 1.0178025149798486e-05, 1.1653942237899173e-05, 9.68453059613239e-06, 1.250934656127356e-05, 1.8803702914738096e-05, 1.866102138592396e-05, 2.1299661966622807e-05, 1.2903842616651673e-05, 1.1657032700895797e-05, 1.134753711085068e-05, 1.7675267372396775e-05, 2.2274973161984235e-05, 1.67139878612943e-05, 1.589841667737346e-05, 1.252257698070025e-05, 1.376734235236654e-05, 1.794774470909033e-05, 1.7198704881593585e-05, 9.319483069702983e-06, 9.914441761793569e-06, 1.1230100426473655e-05, 8.597979103797115e-06, 7.995924534043297e-06, 8.311188139487058e-06, 6.6385650825395714e-06, 5.727585630665999e-06, 5.6253393267979845e-06, 4.78918855151278e-06, 3.4422337193973362e-06, 3.255747287767008e-06, 2.9829348022758495e-06, 2.824604280249332e-06, 2.5261451810365543e-06, 2.039424543909263e-06, 1.6257311017398024e-06, 1.2968266673851758e-06, 1.1055801678594435e-06, 9.052324685399071e-07, 7.482408364012372e-07, 6.07870845215075e-07, 5.655028303408471e-07, 5.366613891055749e-07, 4.0345213392356527e-07, 2.673081667126098e-07, 1.7666361884494108e-07, 1.6110664091684157e-07, 5.1653369581572406e-08, 1.317250575283424e-08, 4.102882478207448e-09, 3.3442018043672306e-09, 3.4094960188468804e-10, 5.4494454088116484e-11, 3.9946768115584064e-11, 3.3982015118505515e-11, 2.7827809501168588e-11, 2.2341982430784668e-11, 1.9786630667262273e-11, 1.9272722306951096e-11], "lowlevel.mfcc.mean": [-722.8421020507812, 118.62247467041016, 48.83310317993164, 45.61100769042969, 20.943891525268555, 36.03788757324219, 15.65579605102539, 14.027164459228516, 20.310684204101562, 4.459348201751709, 15.999217987060547, 16.98896026611328, 6.986131191253662], "lowlevel.spectral_contrast_coeffs.mean": [-0.6952779293060303, -0.7774716019630432, -0.8186325430870056, -0.831456184387207, -0.8232036232948303, -0.75685054063797], "lowlevel.spectral_contrast_coeffs.stdev": [0.06918787956237793, 0.07798595726490021, 0.05645828694105148, 0.04143013060092926, 0.036564748734235764, 0.03914741799235344], "lowlevel.spectral_contrast_valleys.mean": [-6.77161979675293, -7.671207904815674, -8.343559265136719, -8.612482070922852, -8.518638610839844, -10.587979316711426], "lowlevel.spectral_contrast_valleys.stdev": [0.7455987334251404, 1.077500820159912, 0.9930087327957153, 0.9567784667015076, 1.020864486694336, 1.3273183107376099], "rhythm.beats_loudness_band_ratio.mean": [0.9046967625617981, 0.013170752674341202, 0.01673291251063347, 0.013587132096290588, 0.01430098433047533, 0.04048711806535721], "rhythm.beats_loudness_band_ratio.stdev": [0.11864446103572845, 0.02635016478598118, 0.020142152905464172, 0.022655002772808075, 0.024345381185412407, 0.07810074836015701], "tonal.hpcp.mean": [0.030635090544819832, 0.02891124039888382, 0.021927613765001297, 0.029051223769783974, 0.053749579936265945, 0.04851658642292023, 0.037213388830423355, 0.045268893241882324, 0.04094406217336655, 0.03152010589838028, 0.02105589024722576, 0.013620790094137192, 0.016837069764733315, 0.017865577712655067, 0.0186588354408741, 0.022586612030863762, 0.032762497663497925, 0.0660395622253418, 0.15023712813854218, 0.3008928596973419, 0.25222456455230713, 0.11565019935369492, 0.15479527413845062, 0.12504751980304718, 0.05123848468065262, 0.04320523142814636, 0.04226908087730408, 0.03785988315939903, 0.031827621161937714, 0.02697152830660343, 0.021260621026158333, 0.01913781277835369, 0.02375463768839836, 0.08198057860136032, 0.15529699623584747, 0.10256188362836838], "tonal.hpcp.stdev": [0.1451922208070755, 0.14473770558834076, 0.11812252551317215, 0.11154185980558395, 0.12868057191371918, 0.12775640189647675, 0.13752172887325287, 0.16691608726978302, 0.1591905653476715, 0.14238284528255463, 0.11115458607673645, 0.07206780463457108, 0.09252801537513733, 0.09391369670629501, 0.105237677693367, 0.11791254580020905, 0.15335534512996674, 0.20770831406116486, 0.29298800230026245, 0.41945216059684753, 0.38555291295051575, 0.23920348286628723, 0.3451811969280243, 0.28439250588417053, 0.1889837235212326, 0.17746540904045105, 0.17382554709911346, 0.16066592931747437, 0.14012470841407776, 0.13141383230686188, 0.12158212810754776, 0.11715059727430344, 0.1256425678730011, 0.2149859517812729, 0.349453330039978, 0.24652498960494995], "rhythm.beats_position": [0.41795918345451355, 0.8591383099555969, 1.300317406654358, 1.7414965629577637, 2.1942856311798096, 2.6470746994018555, 3.088253974914551, 3.529433012008667, 3.982222080230713, 4.435011386871338, 4.876190185546875, 5.3289794921875, 5.781768798828125, 6.222947597503662, 6.687346935272217, 7.128525733947754, 7.569705009460449, 8.010884284973145, 8.45206356048584, 8.893242835998535, 9.346031188964844, 9.798820495605469, 10.263219833374023, 10.704399108886719, 11.145578384399414, 11.598366737365723, 12.051156044006348, 12.492335319519043, 12.933514595031738, 13.386303901672363, 13.839092254638672, 14.280271530151367, 14.721450805664062, 15.174240112304688, 15.627029418945312, 16.079818725585938, 16.532608032226562, 16.985397338867188, 17.42657470703125, 17.867753982543945, 18.32054328918457, 18.761722564697266, 19.21451187133789, 19.667301177978516, 20.10848045349121, 20.549659729003906, 21.00244903564453, 21.455238342285156, 21.89641761779785, 22.337596893310547, 22.79038429260254, 23.243173599243164, 23.69596290588379, 24.137142181396484, 24.58993148803711, 25.031110763549805, 25.4722900390625, 25.913469314575195, 26.36625862121582, 26.819047927856445, 27.271835327148438, 27.724624633789062, 28.165803909301758, 28.606983184814453, 29.04816246032715, 29.500951766967773, 29.9537410736084, 30.406530380249023, 30.85931968688965, 31.300498962402344, 31.74167823791504, 32.19446563720703, 32.647254943847656, 33.088436126708984, 33.54122543334961, 33.994014739990234, 34.4351921081543, 34.87636947631836, 35.329158782958984, 35.78194808959961, 36.22312927246094, 36.664306640625], "rhythm.bpm_histogram": [0.0, 0.0, 0.0, 0.0, 0.0, 0.0, 0.0, 0.0, 0.0, 0.0, 0.0, 0.0, 0.0, 0.0, 0.0, 0.0, 0.0, 0.0, 0.0, 0.0, 0.0, 0.0, 0.0, 0.0, 0.0, 0.0, 0.0, 0.0, 0.0, 0.0, 0.0, 0.0, 0.0, 0.0, 0.0, 0.0, 0.0, 0.0, 0.0, 0.0, 0.0, 0.0, 0.0, 0.0, 0.0, 0.0, 0.0, 0.0, 0.0, 0.0, 0.0, 0.0, 0.0, 0.0, 0.0, 0.0, 0.0, 0.0, 0.0, 0.0, 0.0, 0.0, 0.0, 0.0, 0.0, 0.0, 0.0, 0.0, 0.0, 0.0, 0.0, 0.0, 0.0, 0.0, 0.0, 0.0, 0.0, 0.0, 0.0, 0.0, 0.0, 0.0, 0.0, 0.0, 0.0, 0.0, 0.0, 0.0, 0.0, 0.0, 0.0, 0.0, 0.0, 0.0, 0.0, 0.0, 0.0, 0.0, 0.0, 0.0, 0.0, 0.0, 0.0, 0.0, 0.0, 0.0, 0.0, 0.0, 0.0, 0.0, 0.0, 0.0, 0.0, 0.0, 0.0, 0.0, 0.0, 0.0, 0.0, 0.0, 0.0, 0.0, 0.0, 0.0, 0.0, 0.0, 0.0, 0.0, 0.0, 0.02469135820865631, 0.0, 0.0, 0.0, 0.4938271641731262, 0.0, 0.0, 0.48148149251937866, 0.0, 0.0, 0.0, 0.0, 0.0, 0.0, 0.0, 0.0, 0.0, 0.0, 0.0, 0.0, 0.0, 0.0, 0.0, 0.0, 0.0, 0.0, 0.0, 0.0, 0.0, 0.0, 0.0, 0.0, 0.0, 0.0, 0.0, 0.0, 0.0, 0.0, 0.0, 0.0, 0.0, 0.0, 0.0, 0.0, 0.0, 0.0, 0.0, 0.0, 0.0, 0.0, 0.0, 0.0, 0.0, 0.0, 0.0, 0.0, 0.0, 0.0, 0.0, 0.0, 0.0, 0.0, 0.0, 0.0, 0.0, 0.0, 0.0, 0.0, 0.0, 0.0, 0.0, 0.0, 0.0, 0.0, 0.0, 0.0, 0.0, 0.0, 0.0, 0.0, 0.0, 0.0, 0.0, 0.0, 0.0, 0.0, 0.0, 0.0, 0.0, 0.0, 0.0, 0.0, 0.0, 0.0, 0.0, 0.0, 0.0, 0.0, 0.0, 0.0, 0.0, 0.0, 0.0, 0.0, 0.0, 0.0, 0.0, 0.0, 0.0, 0.0, 0.0, 0.0, 0.0, 0.0, 0.0, 0.0, 0.0, 0.0, 0.0, 0.0, 0.0], "tonal.chords_histogram": [10.188679695129395, 18.11320686340332, 0.6289308071136475, 0.0, 0.6289308071136475, 0.5031446814537048, 0.37735849618911743, 33.33333206176758, 9.93710708618164, 0.0, 0.0, 0.1257861703634262, 0.0, 0.0, 0.37735849618911743, 2.138364791870117, 1.0062893629074097, 0.0, 0.0, 0.0, 0.0, 2.389937162399292, 15.97484302520752, 4.276729583740234], "tonal.thpcp": [1.0, 0.8382537364959717, 0.3843567371368408, 0.514453113079071, 0.4155882000923157, 0.17028813064098358, 0.14359009265899658, 0.14047884941101074, 0.12582513689994812, 0.10577725619077682, 0.08963831514120102, 0.07065844535827637, 0.06360341608524323, 0.07894716411828995, 0.27245771884918213, 0.5161205530166626, 0.34085848927497864, 0.10181394964456558, 0.0960848331451416, 0.07287515699863434, 0.09655006229877472, 0.17863361537456512, 0.1612420678138733, 0.12367654591798782, 0.15044854581356049, 0.1360752135515213, 0.10475524514913559, 0.06997803598642349, 0.04526790603995323, 0.05595702677965164, 0.05937521159648895, 0.062011558562517166, 0.07506529986858368, 0.10888426750898361, 0.21947866678237915, 0.4993043839931488], "lowlevel.gfcc.cov": [[6349.8759765625, -1440.3260498046875, -1405.4549560546875, -286.73980712890625, -1597.3087158203125, 95.42672729492188, -722.4492797851562, 391.6079406738281, -250.52691650390625, 363.5702209472656, -485.9436950683594, 128.9693145751953, -269.7818908691406], [-1440.3260498046875, 1798.34326171875, 104.88485717773438, -574.1948852539062, 424.5296936035156, -439.2372741699219, 127.50902557373047, -238.39088439941406, 98.02589416503906, -186.20938110351562, 176.308349609375, -105.45228576660156, 147.94276428222656], [-1405.4549560546875, 104.88485717773438, 878.8324584960938, 229.72158813476562, 188.4899444580078, -39.94924545288086, 30.49504852294922, -163.8743438720703, -42.176876068115234, -82.16512298583984, 114.40768432617188, 36.034549713134766, 43.015281677246094], [-286.73980712890625, -574.1948852539062, 229.72158813476562, 502.30303955078125, 97.75006103515625, 68.5090103149414, -78.51978302001953, -13.929800987243652, 11.38586139678955, 10.711442947387695, 3.616158962249756, 8.617987632751465, -2.634204149246216], [-1597.3087158203125, 424.5296936035156, 188.4899444580078, 97.75006103515625, 726.1926879882812, -86.89466857910156, 161.9104766845703, -71.35236358642578, 105.22477722167969, -93.49539947509766, 91.7110595703125, -89.20894622802734, 80.4891586303711], [95.42672729492188, -439.2372741699219, -39.94924545288086, 68.5090103149414, -86.89466857910156, 341.19659423828125, 162.724365234375, 36.64704513549805, -73.42121124267578, -34.85082244873047, -32.491477966308594, 11.738816261291504, -55.38312911987305], [-722.4492797851562, 127.50902557373047, 30.49504852294922, -78.51978302001953, 161.9104766845703, 162.724365234375, 361.69818115234375, 7.397397041320801, -18.860910415649414, -89.32102966308594, 43.12993240356445, -26.905332565307617, -4.814435005187988], [391.6079406738281, -238.39088439941406, -163.8743438720703, -13.929800987243652, -71.35236358642578, 36.64704513549805, 7.397397041320801, 158.15853881835938, 45.095802307128906, 54.89236831665039, -58.01386260986328, -8.88713550567627, -33.58279037475586], [-250.52691650390625, 98.02589416503906, -42.176876068115234, 11.38586139678955, 105.22477722167969, -73.42121124267578, -18.860910415649414, 45.095802307128906, 188.86387634277344, 65.09332275390625, 4.783149719238281, -57.12252426147461, 20.20130729675293], [363.5702209472656, -186.20938110351562, -82.16512298583984, 10.711442947387695, -93.49539947509766, -34.85082244873047, -89.32102966308594, 54.89236831665039, 65.09332275390625, 161.62351989746094, -4.3650593757629395, 1.469849944114685, -20.281848907470703], [-485.9436950683594, 176.308349609375, 114.40768432617188, 3.616158962249756, 91.7110595703125, -32.491477966308594, 43.12993240356445, -58.01386260986328, 4.783149719238281, -4.3650593757629395, 158.9969024658203, 41.90252685546875, 43.951290130615234], [128.9693145751953, -105.45228576660156, 36.034549713134766, 8.617987632751465, -89.20894622802734, 11.738816261291504, -26.905332565307617, -8.88713550567627, -57.12252426147461, 1.469849944114685, 41.90252685546875, 132.93101501464844, 33.279048919677734], [-269.7818908691406, 147.94276428222656, 43.015281677246094, -2.634204149246216, 80.4891586303711, -55.38312911987305, -4.814435005187988, -33.58279037475586, 20.20130729675293, -20.281848907470703, 43.951290130615234, 33.279048919677734, 99.8201675415039]], "lowlevel.gfcc.icov": [[0.0013727404875680804, 0.0009623816004022956, 0.0014225341146811843, 0.0010164353298023343, 0.0014596012188121676, 0.0008913268684409559, 0.0014781550271436572, -1.709394018689636e-05, 0.0013022774364799261, 7.336715498240665e-05, 0.0007720638532191515, 0.0004049866693094373, 0.00035708508221432567], [0.0009623816004022956, 0.011553016491234303, 0.0007565076230093837, 0.0118721267208457, -0.00019124537357129157, 0.010759565979242325, -0.0012514342088252306, 0.010242152959108353, -0.004786534234881401, 0.010274592787027359, -0.005060072522610426, 0.006512573454529047, -0.0019119051285088062], [0.0014225341146811843, 0.0007565076230093837, 0.0032616336829960346, -0.00011423688556533307, 0.0015243523521348834, 0.0012489540968090296, 0.0010800050804391503, 0.0011756089515984058, 0.0014687764924019575, 0.00021224124066065997, 0.0004533946921583265, -0.0001684590824879706, 0.0008287144009955227], [0.0010164353298023343, 0.0118721267208457, -0.00011423688556533307, 0.015367417596280575, -0.0011122330324724317, 0.009142170660197735, 0.0007238436373881996, 0.00994654931128025, -0.005183608271181583, 0.01033171359449625, -0.005152241792529821, 0.0064516193233430386, -0.0017773584695532918], [0.0014596012188121676, -0.00019124537357129157, 0.0015243523521348834, -0.0011122330324724317, 0.004456956870853901, 0.000946911983191967, 0.0002932672796305269, -0.0007885930826887488, 0.0010140124941244721, 6.195032619871199e-05, 0.000657112046610564, 0.001416214625351131, -0.0007316865376196802], [0.0008913268684409559, 0.010759565979242325, 0.0012489540968090296, 0.009142170660197735, 0.000946911983191967, 0.01614474132657051, -0.004981018602848053, 0.009534704498946667, -0.0033148513175547123, 0.00962439551949501, -0.0037055928260087967, 0.005257706623524427, -0.00016797735588625073], [0.0014781550271436572, -0.0012514342088252306, 0.0010800050804391503, 0.0007238436373881996, 0.0002932672796305269, -0.004981018602848053, 0.008658181875944138, -0.004141627345234156, 0.0025030754040926695, 0.00012798182433471084, -0.00036049753543920815, 0.0002800578367896378, 0.001012343680486083], [-1.709394018689636e-05, 0.010242152959108353, 0.0011756089515984058, 0.00994654931128025, -0.0007885930826887488, 0.009534704498946667, -0.004141627345234156, 0.021010873839259148, -0.008544477634131908, 0.007353110238909721, -0.001720904721878469, 0.003094022860750556, 0.0002743071236182004], [0.0013022774364799261, -0.004786534234881401, 0.0014687764924019575, -0.005183608271181583, 0.0010140124941244721, -0.0033148513175547123, 0.0025030754040926695, -0.008544477634131908, 0.01447382289916277, -0.009241277351975441, 0.002729250118136406, 0.0017913285410031676, -0.002172497333958745], [7.336715498240665e-05, 0.010274592787027359, 0.00021224124066065997, 0.01033171359449625, 6.195032619871199e-05, 0.00962439551949501, 0.00012798182433471084, 0.007353110238909721, -0.009241277351975441, 0.020514296367764473, -0.007658584043383598, 0.005121126305311918, 0.0006246910779736936], [0.0007720638532191515, -0.005060072522610426, 0.0004533946921583265, -0.005152241792529821, 0.000657112046610564, -0.0037055928260087967, -0.00036049753543920815, -0.001720904721878469, 0.002729250118136406, -0.007658584043383598, 0.0139169255271554, -0.007156944368034601, 0.0002225373755209148], [0.0004049866693094373, 0.006512573454529047, -0.0001684590824879706, 0.0064516193233430386, 0.001416214625351131, 0.005257706623524427, 0.0002800578367896378, 0.003094022860750556, 0.0017913285410031676, 0.005121126305311918, -0.007156944368034601, 0.01751909777522087, -0.0074966768734157085], [0.00035708508221432567, -0.0019119051285088062, 0.0008287144009955227, -0.0017773584695532918, -0.0007316865376196802, -0.00016797735588625073, 0.001012343680486083, 0.0002743071236182004, -0.002172497333958745, 0.0006246910779736936, 0.0002225373755209148, -0.0074966768734157085, 0.017018530517816544]], "lowlevel.mfcc.cov": [[7854.314453125, -1916.2569580078125, -548.6124267578125, -914.0176391601562, -974.5631713867188, -632.4046020507812, -691.031982421875, -313.9845886230469, -124.08809661865234, 257.7068786621094, -163.56692504882812, -196.9746551513672, -112.98854064941406], [-1916.2569580078125, 2264.369873046875, -286.215576171875, -22.29425048828125, 87.44294738769531, -157.9097442626953, 33.32686996459961, -100.5580825805664, -1.3887385129928589, -204.19358825683594, 1.6132234334945679, 47.28774642944336, -23.737016677856445], [-548.6124267578125, -286.215576171875, 749.3003540039062, 106.35365295410156, -15.805120468139648, 87.99950408935547, 9.31922721862793, 3.8179917335510254, -129.78585815429688, -109.66217041015625, -54.40626525878906, 1.7094377279281616, 35.47893142700195], [-914.0176391601562, -22.29425048828125, 106.35365295410156, 421.5839538574219, 309.6536560058594, 32.24353790283203, -12.845526695251465, -52.7497444152832, 1.3433151245117188, -23.302854537963867, -4.444411754608154, 16.33382225036621, -12.817660331726074], [-974.5631713867188, 87.44294738769531, -15.805120468139648, 309.6536560058594, 428.06060791015625, 55.0421142578125, -5.825638294219971, -43.96467971801758, 27.310407638549805, 7.344720363616943, -2.372159957885742, 6.348301887512207, -20.148618698120117], [-632.4046020507812, -157.9097442626953, 87.99950408935547, 32.24353790283203, 55.0421142578125, 251.04164123535156, 160.90907287597656, 105.46458435058594, 3.09808087348938, -3.7357020378112793, 7.985592842102051, 1.82780122756958, 17.473060607910156], [-691.031982421875, 33.32686996459961, 9.31922721862793, -12.845526695251465, -5.825638294219971, 160.90907287597656, 307.865966796875, 158.92330932617188, -4.394000053405762, -26.768651962280273, 2.7371857166290283, 16.177736282348633, 12.426116943359375], [-313.9845886230469, -100.5580825805664, 3.8179917335510254, -52.7497444152832, -43.96467971801758, 105.46458435058594, 158.92330932617188, 214.82489013671875, 38.25138854980469, -14.940125465393066, 0.726569414138794, -14.627828598022461, 30.59379005432129], [-124.08809661865234, -1.3887385129928589, -129.78585815429688, 1.3433151245117188, 27.310407638549805, 3.09808087348938, -4.394000053405762, 38.25138854980469, 159.61949157714844, 73.4700927734375, 41.612464904785156, 6.050649642944336, -15.19534969329834], [257.7068786621094, -204.19358825683594, -109.66217041015625, -23.302854537963867, 7.344720363616943, -3.7357020378112793, -26.768651962280273, -14.940125465393066, 73.4700927734375, 199.80885314941406, 61.085784912109375, -18.110475540161133, -54.69697952270508], [-163.56692504882812, 1.6132234334945679, -54.40626525878906, -4.444411754608154, -2.372159957885742, 7.985592842102051, 2.7371857166290283, 0.726569414138794, 41.612464904785156, 61.085784912109375, 142.9083709716797, 43.89531707763672, -6.823735237121582], [-196.9746551513672, 47.28774642944336, 1.7094377279281616, 16.33382225036621, 6.348301887512207, 1.82780122756958, 16.177736282348633, -14.627828598022461, 6.050649642944336, -18.110475540161133, 43.89531707763672, 94.76219177246094, 34.49274444580078], [-112.98854064941406, -23.737016677856445, 35.47893142700195, -12.817660331726074, -20.148618698120117, 17.473060607910156, 12.426116943359375, 30.59379005432129, -15.19534969329834, -54.69697952270508, -6.823735237121582, 34.49274444580078, 116.30581665039062]], "lowlevel.mfcc.icov": [[0.0012564159696921706, 0.0013865574728697538, 0.001350398175418377, 0.0015130351530387998, 0.0014202372403815389, 0.0016617248766124249, 0.0012787645682692528, 0.0010642599081620574, 0.0011083174031227827, 0.000514450017362833, 0.0012489091604948044, 0.00048183268518187106, 0.0011553113581612706], [0.0013865574728697538, 0.002189131686463952, 0.0017010578885674477, 0.0020073051564395428, 0.0011974468361586332, 0.0023302962072193623, 0.000866630463860929, 0.0017455324996262789, 0.0008894731872715056, 0.0017151862848550081, 0.001030240091495216, 0.0006203957600519061, 0.001601005787961185], [0.001350398175418377, 0.0017010578885674477, 0.0034277718514204025, 0.0007438212633132935, 0.0022208623122423887, 0.0008994269883260131, 0.0019028852693736553, 0.0009756649960763752, 0.0023965341970324516, 0.0012935203267261386, 0.001522332662716508, 0.00030519405845552683, 0.0014052913757041097], [0.0015130351530387998, 0.0020073051564395428, 0.0007438212633132935, 0.007780475076287985, -0.002656845608726144, 0.0027145540807396173, 0.0009317382937297225, 0.0022287964820861816, 0.0006858307169750333, 0.0018213293515145779, 0.0010523009113967419, 0.00022575247567147017, 0.0018971405224874616], [0.0014202372403815389, 0.0011974468361586332, 0.0022208623122423887, -0.002656845608726144, 0.007514151278883219, 8.736825839150697e-05, 0.0020501872058957815, 0.0015924267936497927, 0.0009559541940689087, -0.0001670544152148068, 0.002110652159899473, 0.0006230369908735156, 0.0012899258872494102], [0.0016617248766124249, 0.0023302962072193623, 0.0008994269883260131, 0.0027145540807396173, 8.736825839150697e-05, 0.00983772799372673, -0.001943054492585361, 0.0006395378150045872, 0.001094567240215838, 0.0007392475381493568, 0.0007337543065659702, 0.0014882305404171348, 0.0007836088771000504], [0.0012787645682692528, 0.000866630463860929, 0.0019028852693736553, 0.0009317382937297225, 0.0020501872058957815, -0.001943054492585361, 0.009300622157752514, -0.004270599223673344, 0.003377198474481702, -0.00013954415044281632, 0.002243185881525278, -0.002698959084227681, 0.0030257864855229855], [0.0010642599081620574, 0.0017455324996262789, 0.0009756649960763752, 0.0022287964820861816, 0.0015924267936497927, 0.0006395378150045872, -0.004270599223673344, 0.012077520601451397, -0.003227445762604475, 0.002655522432178259, -0.00012023897579638287, 0.004845358897000551, -0.0018195792799815536], [0.0011083174031227827, 0.0008894731872715056, 0.0023965341970324516, 0.0006858307169750333, 0.0009559541940689087, 0.001094567240215838, 0.003377198474481702, -0.003227445762604475, 0.011149611324071884, -0.0029263868927955627, 0.000700831413269043, -0.0016804276965558529, 0.001712016761302948], [0.000514450017362833, 0.0017151862848550081, 0.0012935203267261386, 0.0018213293515145779, -0.0001670544152148068, 0.0007392475381493568, -0.00013954415044281632, 0.002655522432178259, -0.0029263868927955627, 0.010453547351062298, -0.003244497114792466, 0.002773900283500552, 0.0033531638327986], [0.0012489091604948044, 0.001030240091495216, 0.001522332662716508, 0.0010523009113967419, 0.002110652159899473, 0.0007337543065659702, 0.002243185881525278, -0.00012023897579638287, 0.000700831413269043, -0.003244497114792466, 0.011999854817986488, -0.005661257542669773, 0.0020712304394692183], [0.00048183268518187106, 0.0006203957600519061, 0.00030519405845552683, 0.00022575247567147017, 0.0006230369908735156, 0.0014882305404171348, -0.002698959084227681, 0.004845358897000551, -0.0016804276965558529, 0.002773900283500552, -0.005661257542669773, 0.017413532361388206, -0.004986848682165146], [0.0011553113581612706, 0.001601005787961185, 0.0014052913757041097, 0.0018971405224874616, 0.0012899258872494102, 0.0007836088771000504, 0.0030257864855229855, -0.0018195792799815536, 0.001712016761302948, 0.0033531638327986, 0.0020712304394692183, -0.004986848682165146, 0.01348971389234066]], "metadata.audio_properties.analysis.downmix": "mix", "metadata.audio_properties.codec": "mp3", "metadata.audio_properties.md5_encoded": "ba38e