{"song_id": "1182271020204294154", "download": "https://cdn.discordapp.com/attachments/1128313332273782784/1182271020204294154/chirp.mp4?ex=658416b0&amp", "lyrics": "(Verse 1)\nIn the city's heartbeat, where dreams unfold,\nAman strides with purpose, the story yet untold.\nNicknamed Aman, a warrior in the light,\nIn the rhythm of life, he takes his flight.\n\nBorn to conquer, where challenges reside,\nIn the streets, he walks, with a quiet pride.\nFrom dawn to dusk, in the urban maze,\nAmanul Haq, setting hearts ablaze.\n\n(Chorus)\nAman, the echo in the urban breeze,\nIn the concrete jungle, he finds his ease.\nHaq in his steps, a relentless quest,\nRap of resilience, beating in his chest.\n\n(Verse 2)\nFrom the hustle of the day to the calm of night,\nAman's journey, a symphony of might.\nIn the city's skyline, where dreams align,\nAmanul Haq, the name that defines.", "style": ["ELECTRO  TECHNO"], "essentia_features": {"lowlevel.average_loudness": 0.9549868106842041, "lowlevel.barkbands_crest.mean": 18.2142333984375, "lowlevel.barkbands_crest.stdev": 4.834911823272705, "lowlevel.barkbands_flatness_db.mean": 0.33396270871162415, "lowlevel.barkbands_flatness_db.stdev": 0.13481922447681427, "lowlevel.barkbands_kurtosis.mean": 104.67268371582031, "lowlevel.barkbands_kurtosis.stdev": 145.4796142578125, "lowlevel.barkbands_skewness.mean": 6.14688777923584, "lowlevel.barkbands_skewness.stdev": 4.6759772300720215, "lowlevel.barkbands_spread.mean": 9.679570198059082, "lowlevel.barkbands_spread.stdev": 16.583112716674805, "lowlevel.dissonance.mean": 0.4490191340446472, "lowlevel.dissonance.stdev": 0.0477675199508667, "lowlevel.dynamic_complexity": 5.338810920715332, "lowlevel.erbbands_crest.mean": 11.917055130004883, "lowlevel.erbbands_crest.stdev": 5.359199523925781, "lowlevel.erbbands_flatness_db.mean": 0.17943060398101807, "lowlevel.erbbands_flatness_db.stdev": 0.07457143068313599, "lowlevel.erbbands_kurtosis.mean": 8.361294746398926, "lowlevel.erbbands_kurtosis.stdev": 23.198833465576172, "lowlevel.erbbands_skewness.mean": 1.256332278251648, "lowlevel.erbbands_skewness.stdev": 2.290508270263672, "lowlevel.erbbands_spread.mean": 57.182945251464844, "lowlevel.erbbands_spread.stdev": 49.97394943237305, "lowlevel.hfc.mean": 12.980856895446777, "lowlevel.hfc.stdev": 15.877058029174805, "lowlevel.loudness_ebu128.integrated": -16.147533416748047, "lowlevel.loudness_ebu128.loudness_range": 2.3296985626220703, "lowlevel.loudness_ebu128.momentary.mean": -17.953516006469727, "lowlevel.loudness_ebu128.momentary.stdev": 6.297360420227051, "lowlevel.loudness_ebu128.short_term.mean": -16.497661590576172, "lowlevel.loudness_ebu128.short_term.stdev": 0.9043482542037964, "lowlevel.melbands_crest.mean": 26.514034271240234, "lowlevel.melbands_crest.stdev": 7.907354831695557, "lowlevel.melbands_flatness_db.mean": 0.4435006380081177, "lowlevel.melbands_flatness_db.stdev": 0.15485352277755737, "lowlevel.melbands_kurtosis.mean": 289.32159423828125, "lowlevel.melbands_kurtosis.stdev": 506.4317321777344, "lowlevel.melbands_skewness.mean": 9.601064682006836, "lowlevel.melbands_skewness.stdev": 8.60118579864502, "lowlevel.melbands_spread.mean": 8.145676612854004, "lowlevel.melbands_spread.stdev": 24.57411003112793, "lowlevel.pitch_salience.mean": 0.2757952809333801, "lowlevel.pitch_salience.stdev": 0.1742713898420334, "lowlevel.silence_rate_20dB.mean": 0.976245641708374, "lowlevel.silence_rate_20dB.stdev": 0.15228375792503357, "lowlevel.silence_rate_30dB.mean": 0.6187717318534851, "lowlevel.silence_rate_30dB.stdev": 0.4856853187084198, "lowlevel.silence_rate_60dB.mean": 0.16048666834831238, "lowlevel.silence_rate_60dB.stdev": 0.367058128118515, "lowlevel.spectral_centroid.mean": 835.34814453125, "lowlevel.spectral_centroid.stdev": 896.7345581054688, "lowlevel.spectral_complexity.mean": 5.490150451660156, "lowlevel.spectral_complexity.stdev": 6.553519248962402, "lowlevel.spectral_decrease.mean": -2.3167686435954238e-08, "lowlevel.spectral_decrease.stdev": 2.26057057517437e-08, "lowlevel.spectral_energy.mean": 0.08861756324768066, "lowlevel.spectral_energy.stdev": 0.08622322976589203, "lowlevel.spectral_energyband_high.mean": 0.0005238916492089629, "lowlevel.spectral_energyband_high.stdev": 0.0012567646335810423, "lowlevel.spectral_energyband_low.mean": 0.08286392688751221, "lowlevel.spectral_energyband_low.stdev": 0.08281619846820831, "lowlevel.spectral_energyband_middle_high.mean": 0.001083716400898993, "lowlevel.spectral_energyband_middle_high.stdev": 0.0027284089010208845, "lowlevel.spectral_energyband_middle_low.mean": 0.0057912045158445835, "lowlevel.spectral_energyband_middle_low.stdev": 0.017679383978247643, "lowlevel.spectral_entropy.mean": 6.938881874084473, "lowlevel.spectral_entropy.stdev": 1.063823938369751, "lowlevel.spectral_flux.mean": 0.09014978259801865, "lowlevel.spectral_flux.stdev": 0.11644687503576279, "lowlevel.spectral_kurtosis.mean": 9.269596099853516, "lowlevel.spectral_kurtosis.stdev": 14.690352439880371, "lowlevel.spectral_rms.mean": 0.008064652793109417, "lowlevel.spectral_rms.stdev": 0.004627906251698732, "lowlevel.spectral_rolloff.mean": 620.4500122070312, "lowlevel.spectral_rolloff.stdev": 2062.59912109375, "lowlevel.spectral_skewness.mean": 2.086627960205078, "lowlevel.spectral_skewness.stdev": 1.3533713817596436, "lowlevel.spectral_spread.mean": 5992241.0, "lowlevel.spectral_spread.stdev": 3707120.0, "lowlevel.spectral_strongpeak.mean": 0.4681853652000427, "lowlevel.spectral_strongpeak.stdev": 0.4458957314491272, "lowlevel.zerocrossingrate.mean": 0.03136259317398071, "lowlevel.zerocrossingrate.stdev": 0.05352099984884262, "metadata.audio_properties.analysis.equal_loudness": 0.0, "metadata.audio_properties.analysis.length": 40.04265213012695, "metadata.audio_properties.analysis.sample_rate": 44100.0, "metadata.audio_properties.analysis.start_time": 0.0, "metadata.audio_properties.bit_rate": 127138.0, "metadata.audio_properties.length": 40.042667388916016, "metadata.audio_properties.lossless": 0.0, "metadata.audio_properties.number_channels": 1.0, "metadata.audio_properties.replay_gain": -8.89224624633789, "metadata.audio_properties.sample_rate": 48000.0, "rhythm.beats_count": 74.0, "rhythm.beats_loudness.mean": 0.13496842980384827, "rhythm.beats_loudness.stdev": 0.11089704930782318, "rhythm.bpm": 112.818359375, "rhythm.bpm_histogram_first_peak_bpm": 112.0, "rhythm.bpm_histogram_first_peak_weight": 0.285714328289032, "rhythm.bpm_histogram_second_peak_bpm": 101.0, "rhythm.bpm_histogram_second_peak_spread": 0.3333333134651184, "rhythm.bpm_histogram_second_peak_weight": 0.027397260069847107, "rhythm.danceability": 1.3998340368270874, "rhythm.onset_rate": 5.29279899597168, "tonal.chords_changes_rate": 0.0659722238779068, "tonal.chords_number_rate": 0.016203703358769417, "tonal.chords_strength.mean": 0.49961915612220764, "tonal.chords_strength.stdev": 0.0744776725769043, "tonal.hpcp_crest.mean": 13.103853225708008, "tonal.hpcp_crest.stdev": 5.60799503326416, "tonal.hpcp_entropy.mean": 2.071110486984253, "tonal.hpcp_entropy.stdev": 0.7239250540733337, "tonal.key_edma.strength": 0.6234327554702759, "tonal.key_krumhansl.strength": 0.6355236172676086, "tonal.key_temperley.strength": 0.646662712097168, "tonal.tuning_diatonic_strength": 0.5941755771636963, "tonal.tuning_equal_tempered_deviation": 0.21749275922775269, "tonal.tuning_frequency": 434.193115234375, "tonal.tuning_nontempered_energy_ratio": 0.9254986047744751, "lowlevel.barkbands.mean": [0.009733745828270912, 0.05647510662674904, 0.01503964327275753, 0.0028028166852891445, 0.001124668400734663, 0.0006299038650467992, 0.0006399813573807478, 0.0003227124398108572, 0.00022516110038850456, 0.00011978945985902101, 9.666605183156207e-05, 0.0002150767104467377, 0.00014890640159137547, 0.00011556504614418373, 8.175787661457434e-05, 6.816772656748071e-05, 7.490375719498843e-05, 5.8818292018258944e-05, 7.269369962159544e-05, 8.036968938540667e-05, 6.339290121104568e-05, 8.487320155836642e-05, 9.086712816497311e-05, 7.369230297626927e-05, 9.58674936555326e-05, 7.637651287950575e-05, 6.144125563878333e-06], "lowlevel.barkbands.stdev": [0.009397991932928562, 0.043602462857961655, 0.05665212497115135, 0.012546639889478683, 0.005863579455763102, 0.0018306809943169355, 0.0019253385253250599, 0.001365498872473836, 0.0009534132550470531, 0.0006749085150659084, 0.0005279295728541911, 0.0011130699422210455, 0.0006947969668544829, 0.0005455348873510957, 0.00033957409323193133, 0.00023329506802838296, 0.00020793153089471161, 0.00020313741697464138, 0.00026510836323723197, 0.0003431602963246405, 0.0002744643425103277, 0.00024257152108475566, 0.00022452477423939854, 0.00017315543664153665, 0.00023340582265518606, 0.00017371391004417092, 1.702204463072121e-05], "lowlevel.erbbands.mean": [2.7199037075042725, 8.170441627502441, 17.154916763305664, 14.41462516784668, 5.705907344818115, 3.2366013526916504, 3.771796941757202, 5.479504585266113, 6.299838066101074, 11.774946212768555, 6.423222064971924, 5.14716911315918, 4.229140758514404, 3.026128053665161, 5.803764820098877, 8.478922843933105, 6.899638652801514, 5.905789852142334, 5.046277046203613, 4.014814853668213, 3.673771381378174, 4.381260871887207, 3.6545097827911377, 2.8772544860839844, 4.335290431976318, 3.6705942153930664, 2.5185248851776123, 2.5652716159820557, 3.0477957725524902, 3.403449296951294, 2.2066328525543213, 1.3978110551834106, 1.3770787715911865, 1.2850492000579834, 0.5457224249839783, 0.28274786472320557, 0.15669569373130798, 0.029051106423139572, 0.000685704464558512, 0.00011525738955242559], "lowlevel.erbbands.stdev": [2.140613555908203, 8.90458869934082, 52.69060516357422, 58.558937072753906, 27.000282287597656, 17.823396682739258, 9.323784828186035, 18.659149169921875, 19.16313362121582, 40.96000671386719, 24.62427520751953, 22.03725814819336, 21.469362258911133, 14.397377967834473, 33.20538330078125, 44.637393951416016, 29.526588439941406, 25.340742111206055, 22.41193389892578, 14.688892364501953, 11.667571067810059, 11.826979637145996, 11.884757995605469, 10.319812774658203, 15.830973625183105, 15.952603340148926, 12.110034942626953, 9.593457221984863, 9.127761840820312, 8.389312744140625, 5.450432777404785, 3.481736183166504, 3.164062023162842, 3.2143633365631104, 1.3899102210998535, 0.7118936777114868, 0.3507365882396698, 0.06599011272192001, 0.0014752072747796774, 0.00010476205352460966], "lowlevel.gfcc.mean": [-126.758056640625, 89.99952697753906, -44.239376068115234, 55.10890579223633, -21.84153938293457, 29.035606384277344, -25.901866912841797, 12.554950714111328, -4.092803001403809, 12.36244010925293, -1.7650166749954224, 5.1250386238098145, -10.040103912353516], "lowlevel.melbands.mean": [0.01912575401365757, 0.00919125135987997, 0.002251342637464404, 0.00028530729468911886, 0.00012999828322790563, 0.00012053569662384689, 0.00010873586143134162, 0.00011811737931566313, 5.0240312702953815e-05, 2.9965147405164316e-05, 2.0639843569369987e-05, 1.1992482541245408e-05, 1.577401599206496e-05, 2.393652539467439e-05, 2.0457187929423526e-05, 1.3129644685250241e-05, 1.0679121260182e-05, 8.513680768373888e-06, 6.083543212298537e-06, 4.993354195903521e-06, 3.963619747082703e-06, 4.28556086262688e-06, 4.607679784385255e-06, 2.3260274701897288e-06, 2.248590135423001e-06, 2.9347515919653233e-06, 3.445868742346647e-06, 2.1562964320764877e-06, 1.5176021861407207e-06, 1.5753423667774769e-06, 1.4106998378338176e-06, 1.7082599015338928e-06, 1.6888260461200844e-06, 2.059183543678955e-06, 1.3659947626365465e-06, 8.99200301773817e-07, 8.244413720603916e-07, 9.060796060111898e-07, 1.1491688383102883e-06, 1.0581843525869772e-06], "lowlevel.melbands.stdev": [0.014325779862701893, 0.02000669203698635, 0.008827529847621918, 0.0015254572499543428, 0.0003701332025229931, 0.0003959618625231087, 0.000320855644531548, 0.0004160323296673596, 0.00020355655578896403, 0.00012912503734696656, 0.00010986199049511924, 6.019409920554608e-05, 8.900868124328554e-05, 0.00012498933938331902, 0.0001148592127719894, 5.7612836826592684e-05, 4.8535359383095056e-05, 4.186057049082592e-05, 2.531428253860213e-05, 1.8228287444799207e-05, 1.2651158613152802e-05, 1.192971376440255e-05, 1.3613056580652483e-05, 9.243966815120075e-06, 8.259788955911063e-06, 1.1188716598553583e-05, 1.3114067769492976e-05, 1.0299606401531491e-05, 7.784305125824176e-06, 7.322445526369847e-06, 4.9787008720159065e-06, 5.4236074902291875e-06, 4.549718596535968e-06, 5.139511813467834e-06, 3.47651098309143e-06, 2.2587937564821914e-06, 2.1714556623919634e-06, 2.178340309910709e-06, 2.742478045547614e-06, 2.7673277145368047e-06], "lowlevel.melbands128.mean": [0.009311947040259838, 0.027193700894713402, 0.018789231777191162, 0.012239977717399597, 0.009552732110023499, 0.006933019496500492, 0.00310564786195755, 0.0010338748106732965, 0.0004895947058685124, 0.00025958463083952665, 0.00015137226728256792, 0.00011719792382791638, 0.0001207580862683244, 0.00014829423162154853, 0.00014081767585594207, 9.602958016330376e-05, 7.347197242779657e-05, 9.855144890025258e-05, 0.00016862928168848157, 0.00015501986490562558, 8.046364382607862e-05, 4.627815360436216e-05, 4.998266740585677e-05, 5.025649443268776e-05, 3.439302963670343e-05, 2.1200130504439585e-05, 1.837863055698108e-05, 2.4038756237132475e-05, 2.0591452994267456e-05, 1.034374326991383e-05, 1.0588771147013176e-05, 1.0709764865168836e-05, 1.2510770829976536e-05, 2.213833613495808e-05, 2.657423283380922e-05, 2.3131533453124575e-05, 2.1745932826888748e-05, 2.3683587642153725e-05, 1.7438798749935813e-05, 1.2983799024368636e-05, 1.238993263541488e-05, 1.2760106983478181e-05, 9.908477295539342e-06, 1.021828120428836e-05, 1.1055326467612758e-05, 7.229037692013662e-06, 7.027619176369626e-06, 6.697708613501163e-06, 5.26700841874117e-06, 5.1001943575101905e-06, 4.681887730839662e-06, 5.485432211571606e-06, 4.217403329676017e-06, 3.1985903206077637e-06, 3.5127732189721428e-06, 4.2001270230684895e-06, 5.177617822482716e-06, 5.212437827140093e-06, 4.648042249755235e-06, 2.987192374348524e-06, 2.150391082977876e-06, 1.791866111489071e-06, 1.9565559341572225e-06, 2.410368779237615e-06, 2.6065056317747803e-06, 2.9878024179197382e-06, 3.033213715752936e-06, 3.4489885365474038e-06, 3.9319788811553735e-06, 2.8970480343559757e-06, 2.1165033103898168e-06, 1.8220580386696383e-06, 1.583563857820991e-06, 1.4690089074065327e-06, 1.3783602526018512e-06, 1.6261692508123815e-06, 1.6798209117041552e-06, 1.44934972468036e-06, 1.3957380815554643e-06, 1.2571113074955065e-06, 1.7087031665141694e-06, 1.9700496523000766e-06, 1.6104731912491843e-06, 1.6257780544037814e-06, 1.7670218994680909e-06, 1.9232320482842624e-06, 2.3299533040699316e-06, 2.009414629355888e-06, 1.1608311751842848e-06, 1.032847194437636e-06, 1.0819437648024177e-06, 7.28303746200254e-07, 8.366191650566179e-07, 8.613267254986567e-07, 7.57518932914536e-07, 9.545473176331143e-07, 8.879331971911597e-07, 8.595553708801162e-07, 1.2247007816768019e-06, 1.253015057045559e-06, 1.2335584642642061e-06, 1.0690129101931234e-06, 7.870678473409498e-07, 7.176753911153355e-07, 5.933287070547522e-07, 4.89354476940207e-07, 4.5361198885984777e-07, 4.6577503098887973e-07, 5.172595365365851e-07, 4.6211042104005173e-07, 4.756051055210264e-07, 5.520363401956274e-07, 5.518539296645031e-07, 5.161771241546376e-07, 3.7358856275204744e-07, 3.131059429506422e-07, 2.312177116436942e-07, 3.391958003362561e-08, 2.1995817667264106e-10, 3.2496057927877686e-11, 1.3693263536951328e-11, 7.296136785017726e-12, 6.342456941588193e-12, 6.225901738599049e-12, 6.074155501495371e-12, 5.8838879948841516e-12, 5.774583068662853e-12, 5.733876914937319e-12], "lowlevel.melbands128.stdev": [0.008848588913679123, 0.02251744270324707, 0.016111157834529877, 0.015950212255120277, 0.02575855888426304, 0.02781231887638569, 0.013439455069601536, 0.004725832957774401, 0.002641516737639904, 0.0016397268045693636, 0.0009303220431320369, 0.0004858130996581167, 0.00033100220025517046, 0.00038259944994933903, 0.0004909131675958633, 0.000611255643889308, 0.0003502148319967091, 0.00036726705729961395, 0.0005951119237579405, 0.0006563171627931297, 0.0004196021181996912, 0.000260567496297881, 0.0002616865385789424, 0.0002787891717161983, 0.00019119054195471108, 0.00011013227776857093, 0.00010120056685991585, 0.00015793403144925833, 0.00015842400898691267, 6.21673752903007e-05, 7.332514360314235e-05, 7.032693974906579e-05, 7.323101453948766e-05, 0.00017343155923299491, 0.00017203271272592247, 0.0001570408057887107, 0.0001675307285040617, 0.00015391840133816004, 0.0001222018909174949, 6.0991831560386345e-05, 7.302631274797022e-05, 8.602200250606984e-05, 5.700950714526698e-05, 5.168690768186934e-05, 8.032123150769621e-05, 4.515098771662451e-05, 3.6702487705042586e-05, 3.499663216643967e-05, 2.5057956008822657e-05, 2.191343992308248e-05, 1.8853737856261432e-05, 2.4038165065576322e-05, 1.6780413716332987e-05, 1.1295737749605905e-05, 1.2112009244447108e-05, 1.3451667655317578e-05, 1.663420334807597e-05, 1.789097223081626e-05, 1.5580868421238847e-05, 1.268933465325972e-05, 1.0831176950887311e-05, 7.962205017975066e-06, 7.685876880714204e-06, 9.383929864270613e-06, 1.072615668817889e-05, 1.2995252291148063e-05, 1.208509365824284e-05, 1.465990408178186e-05, 1.624124161025975e-05, 1.247632553713629e-05, 1.1673139852064196e-05, 1.11121362351696e-05, 8.995383723231498e-06, 8.260270988103002e-06, 7.084717708494281e-06, 9.217827937391121e-06, 7.690259735682048e-06, 5.819807938678423e-06, 5.322451670508599e-06, 4.364559572422877e-06, 5.95830351812765e-06, 6.436427611333784e-06, 5.241768121777568e-06, 4.517931301961653e-06, 5.104772753838915e-06, 5.068591690360336e-06, 6.445359304052545e-06, 5.835354841110529e-06, 3.1541430871584453e-06, 2.8248614398762584e-06, 3.149469648633385e-06, 1.945764324773336e-06, 2.417929863440804e-06, 2.4854898583726026e-06, 2.208817022619769e-06, 2.5612584977352526e-06, 2.3114080249797553e-06, 2.15133195524686e-06, 3.080170699831797e-06, 3.2389302759838756e-06, 3.656562512333039e-06, 2.9149041438358836e-06, 2.237438366137212e-06, 2.182810476369923e-06, 1.6805081486381823e-06, 1.4147608453640714e-06, 1.1767402838813723e-06, 1.4669376469100825e-06, 1.5090602119016694e-06, 1.326260644418653e-06, 1.310898596784682e-06, 1.4457715451499098e-06, 1.3077027460894897e-06, 1.1929888614758966e-06, 8.97503070973471e-07, 7.752396413707174e-07, 6.277967372625426e-07, 1.0719728038566245e-07, 4.438862610811611e-09, 8.007506879792459e-10, 2.5575536133359833e-10, 3.3459769677168794e-11, 1.373885987615564e-11, 1.3492607205123353e-11, 1.3293430592420385e-11, 1.313062332475301e-11, 1.3014742929196021e-11, 1.2943270587262301e-11], "lowlevel.mfcc.mean": [-792.0282592773438, 123.42501831054688, 48.51969528198242, 42.48131561279297, 38.39588928222656, 26.803661346435547, 9.206666946411133, 11.887369155883789, 6.2846245765686035, 9.377913475036621, 13.340372085571289, 7.9751362800598145, 14.29000186920166], "lowlevel.spectral_contrast_coeffs.mean": [-0.6927022933959961, -0.7517087459564209, -0.8223860859870911, -0.8187961578369141, -0.8098214268684387, -0.7961686849594116], "lowlevel.spectral_contrast_coeffs.stdev": [0.08252101391553879, 0.0861847847700119, 0.06076913699507713, 0.054915424436330795, 0.06037766486406326, 0.046396851539611816], "lowlevel.spectral_contrast_valleys.mean": [-7.251318454742432, -8.472790718078613, -9.290691375732422, -9.298240661621094, -9.373510360717773, -11.365626335144043], "lowlevel.spectral_contrast_valleys.stdev": [1.3241788148880005, 1.4151298999786377, 1.4120577573776245, 1.323649525642395, 1.4657139778137207, 1.7713749408721924], "rhythm.beats_loudness_band_ratio.mean": [0.8640289902687073, 0.02101900987327099, 0.024684086441993713, 0.012578273192048073, 0.011075297370553017, 0.07107918709516525], "rhythm.beats_loudness_band_ratio.stdev": [0.2119481861591339, 0.04448557645082474, 0.08484522253274918, 0.029597625136375427, 0.01727178506553173, 0.14995841681957245], "tonal.hpcp.mean": [0.02361825294792652, 0.03584550321102142, 0.02641175501048565, 0.012632225640118122, 0.02066132053732872, 0.048427507281303406, 0.046391841024160385, 0.022161360830068588, 0.023483749479055405, 0.12833358347415924, 0.14252306520938873, 0.035700421780347824, 0.01145881973206997, 0.011338960379362106, 0.037012357264757156, 0.08075008541345596, 0.08098036795854568, 0.04127613082528114, 0.018100328743457794, 0.012836080975830555, 0.015082363039255142, 0.08919945359230042, 0.14429497718811035, 0.12957395613193512, 0.40171629190444946, 0.4242291748523712, 0.14844349026679993, 0.11616414785385132, 0.06797593832015991, 0.024028349667787552, 0.023870799690485, 0.027433978393673897, 0.019269932061433792, 0.009412736631929874, 0.008817063644528389, 0.0107688894495368], "tonal.hpcp.stdev": [0.09351871907711029, 0.1362924575805664, 0.11351535469293594, 0.08254313468933105, 0.10247714072465897, 0.18822896480560303, 0.18001355230808258, 0.1176086962223053, 0.10178440809249878, 0.28163114190101624, 0.30294376611709595, 0.10738862305879593, 0.07401032000780106, 0.07376372069120407, 0.14302490651607513, 0.251158207654953, 0.2454637885093689, 0.1405288726091385, 0.0716542899608612, 0.06532953679561615, 0.07545097172260284, 0.2245389223098755, 0.3298654854297638, 0.22249065339565277, 0.42803311347961426, 0.4501463770866394, 0.2386620193719864, 0.30144810676574707, 0.1987272948026657, 0.10617576539516449, 0.12787961959838867, 0.1254284828901291, 0.10365425050258636, 0.06346588581800461, 0.06546864658594131, 0.07620805501937866], "rhythm.beats_position": [0.5688889026641846, 1.160997748374939, 1.7647165060043335, 2.356825351715088, 2.902494192123413, 3.459773063659668, 3.9938321113586426, 4.527891159057617, 5.061950206756592, 5.584399223327637, 6.106847763061523, 6.640906810760498, 7.174965858459473, 7.709024906158447, 8.243083953857422, 8.777142524719238, 9.311202049255371, 9.845260620117188, 10.367709159851074, 10.890158653259277, 11.424217224121094, 11.958276748657227, 12.492335319519043, 13.02639389038086, 13.548843383789062, 14.07129192352295, 14.605351448059082, 15.139410018920898, 15.673469543457031, 16.20752716064453, 16.741586685180664, 17.264036178588867, 17.78648567199707, 18.32054328918457, 18.854602813720703, 19.388662338256836, 19.922719955444336, 20.45677947998047, 20.9908390045166, 21.5248966217041, 22.047346115112305, 22.569795608520508, 23.10385513305664, 23.63791275024414, 24.160362243652344, 24.682811737060547, 25.228479385375977, 25.76253890991211, 26.284988403320312, 26.819047927856445, 27.353105545043945, 27.887165069580078, 28.42122459411621, 28.95528221130371, 29.477731704711914, 30.000181198120117, 30.53424072265625, 31.06829833984375, 31.602357864379883, 32.136417388916016, 32.670475006103516, 33.20453643798828, 33.73859405517578, 34.261043548583984, 34.78349304199219, 35.31755065917969, 35.85160827636719, 36.38566970825195, 36.91972732543945, 37.45378494262695, 37.98784637451172, 38.52190399169922, 39.05596160888672, 39.590023040771484], "rhythm.bpm_histogram": [0.0, 0.0, 0.0, 0.0, 0.0, 0.0, 0.0, 0.0, 0.0, 0.0, 0.0, 0.0, 0.0, 0.0, 0.0, 0.0, 0.0, 0.0, 0.0, 0.0, 0.0, 0.0, 0.0, 0.0, 0.0, 0.0, 0.0, 0.0, 0.0, 0.0, 0.0, 0.0, 0.0, 0.0, 0.0, 0.0, 0.0, 0.0, 0.0, 0.0, 0.0, 0.0, 0.0, 0.0, 0.0, 0.0, 0.0, 0.0, 0.0, 0.0, 0.0, 0.0, 0.0, 0.0, 0.0, 0.0, 0.0, 0.0, 0.0, 0.0, 0.0, 0.0, 0.0, 0.0, 0.0, 0.0, 0.0, 0.0, 0.0, 0.0, 0.0, 0.0, 0.0, 0.0, 0.0, 0.0, 0.0, 0.0, 0.0, 0.0, 0.0, 0.0, 0.0, 0.0, 0.0, 0.0, 0.0, 0.0, 0.0, 0.0, 0.0, 0.0, 0.0, 0.0, 0.0, 0.0, 0.0, 0.0, 0.0, 0.013698630034923553, 0.0, 0.027397260069847107, 0.0, 0.0, 0.0, 0.0, 0.0, 0.0, 0.013698630034923553, 0.0, 0.027397260069847107, 0.0, 0.6849315166473389, 0.0, 0.0, 0.232876718044281, 0.0, 0.0, 0.0, 0.0, 0.0, 0.0, 0.0, 0.0, 0.0, 0.0, 0.0, 0.0, 0.0, 0.0, 0.0, 0.0, 0.0, 0.0, 0.0, 0.0, 0.0, 0.0, 0.0, 0.0, 0.0, 0.0, 0.0, 0.0, 0.0, 0.0, 0.0, 0.0, 0.0, 0.0, 0.0, 0.0, 0.0, 0.0, 0.0, 0.0, 0.0, 0.0, 0.0, 0.0, 0.0, 0.0, 0.0, 0.0, 0.0, 0.0, 0.0, 0.0, 0.0, 0.0, 0.0, 0.0, 0.0, 0.0, 0.0, 0.0, 0.0, 0.0, 0.0, 0.0, 0.0, 0.0, 0.0, 0.0, 0.0, 0.0, 0.0, 0.0, 0.0, 0.0, 0.0, 0.0, 0.0, 0.0, 0.0, 0.0, 0.0, 0.0, 0.0, 0.0, 0.0, 0.0, 0.0, 0.0, 0.0, 0.0, 0.0, 0.0, 0.0, 0.0, 0.0, 0.0, 0.0, 0.0, 0.0, 0.0, 0.0, 0.0, 0.0, 0.0, 0.0, 0.0, 0.0, 0.0, 0.0, 0.0, 0.0, 0.0, 0.0, 0.0, 0.0, 0.0, 0.0, 0.0, 0.0, 0.0, 0.0, 0.0, 0.0, 0.0, 0.0, 0.0, 0.0, 0.0, 0.0, 0.0, 0.0, 0.0, 0.0, 0.0], "tonal.chords_histogram": [40.50925827026367, 2.0833332538604736, 7.060184955596924, 0.0, 4.166666507720947, 1.3888888359069824, 3.0092592239379883, 4.745370388031006, 0.0, 6.365740776062012, 0.3472222089767456, 0.0, 0.6944444179534912, 0.8101851940155029, 0.8101851940155029, 1.2731481790542603, 1.1574074029922485, 16.087963104248047, 0.23148147761821747, 1.1574074029922485, 0.0, 0.0, 1.6203703880310059, 6.481481552124023], "tonal.thpcp": [1.0, 0.34991344809532166, 0.2738240361213684, 0.1602340042591095, 0.05664002150297165, 0.05626864358782768, 0.06466782838106155, 0.04542339965701103, 0.0221878569573164, 0.02078372798860073, 0.025384603068232536, 0.05567333474755287, 0.08449561148881912, 0.06225822493433952, 0.029776889830827713, 0.04870320484042168, 0.11415411531925201, 0.1093556135892868, 0.05223912373185158, 0.055356282740831375, 0.30251002311706543, 0.33595770597457886, 0.08415362238883972, 0.027010919526219368, 0.02672838419675827, 0.0872461348772049, 0.19034543633460999, 0.19088825583457947, 0.09729677438735962, 0.042666394263505936, 0.030257422477006912, 0.03555239364504814, 0.21026241779327393, 0.34013450145721436, 0.30543386936187744, 0.9469322562217712], "lowlevel.gfcc.cov": [[19355.3203125, -2817.820556640625, 125.1568374633789, 1282.287841796875, -625.5007934570312, 771.5769653320312, 213.57901000976562, 1023.4132080078125, -64.30237579345703, 453.5164794921875, -92.43698120117188, 545.239990234375, -488.6893005371094], [-2817.820556640625, 4239.318359375, -954.9863891601562, -915.5909423828125, 677.9734497070312, -514.7940063476562, 250.2449493408203, -346.1413879394531, 568.012451171875, -509.34130859375, 400.56207275390625, -409.302001953125, 346.828125], [125.1568374633789, -954.9863891601562, 1716.763916015625, 515.595703125, 249.69821166992188, 239.97840881347656, 55.319244384765625, 25.915851593017578, -150.5774383544922, 100.92669677734375, -194.0674285888672, 39.77571105957031, -85.0342025756836], [1282.287841796875, -915.5909423828125, 515.595703125, 863.8104248046875, 254.5459442138672, 108.67472076416016, -74.50083923339844, 43.39817810058594, -80.37449645996094, 69.18751525878906, -29.589832305908203, 65.1893539428711, 40.23120880126953], [-625.5007934570312, 677.9734497070312, 249.69821166992188, 254.5459442138672, 843.2543334960938, 123.76895904541016, 131.56649780273438, -79.19573974609375, 181.7898712158203, -95.7334213256836, 116.74067687988281, -121.72325134277344, 152.65321350097656], [771.5769653320312, -514.7940063476562, 239.97840881347656, 108.67472076416016, 123.76895904541016, 496.0299377441406, 224.6156005859375, 56.5535774230957, -53.69231414794922, 47.66395950317383, -41.026676177978516, 14.965641975402832, -45.34097671508789], [213.57901000976562, 250.2449493408203, 55.319244384765625, -74.50083923339844, 131.56649780273438, 224.6156005859375, 514.2440795898438, 158.8337860107422, 143.9727020263672, -66.91740417480469, 62.73103332519531, -64.18869018554688, -2.9270293712615967], [1023.4132080078125, -346.1413879394531, 25.915851593017578, 43.39817810058594, -79.19573974609375, 56.5535774230957, 158.8337860107422, 345.9919128417969, 122.04122924804688, 68.20681762695312, 8.633036613464355, 26.95379066467285, -61.03581237792969], [-64.30237579345703, 568.012451171875, -150.5774383544922, -80.37449645996094, 181.7898712158203, -53.69231414794922, 143.9727020263672, 122.04122924804688, 328.185791015625, -5.234694957733154, 106.68914794921875, -87.78863525390625, 51.33806610107422], [453.5164794921875, -509.34130859375, 100.92669677734375, 69.18751525878906, -95.7334213256836, 47.66395950317383, -66.91740417480469, 68.20681762695312, -5.234694957733154, 199.51641845703125, -14.536070823669434, 46.30146408081055, -65.36962127685547], [-92.43698120117188, 400.56207275390625, -194.0674285888672, -29.589832305908203, 116.74067687988281, -41.026676177978516, 62.73103332519531, 8.633036613464355, 106.68914794921875, -14.536070823669434, 182.07003784179688, -3.4144043922424316, 47.037010192871094], [545.239990234375, -409.302001953125, 39.77571105957031, 65.1893539428711, -121.72325134277344, 14.965641975402832, -64.18869018554688, 26.95379066467285, -87.78863525390625, 46.30146408081055, -3.4144043922424316, 154.8748779296875, -14.084280967712402], [-488.6893005371094, 346.828125, -85.0342025756836, 40.23120880126953, 152.65321350097656, -45.34097671508789, -2.9270293712615967, -61.03581237792969, 51.33806610107422, -65.36962127685547, 47.037010192871094, -14.084280967712402, 147.12045288085938]], "lowlevel.gfcc.icov": [[0.00010020851186709478, -0.00015180457558017224, 7.518805796280503e-05, -0.0003165775560773909, 0.00010928284609690309, -0.00023235884145833552, 5.264406718197279e-05, -0.0002513241197448224, -2.0715693608508445e-05, -9.270385635318235e-05, 0.00017797706823330373, -0.0004096343764103949, 0.0004024587688036263], [-0.00015180457558017224, 0.001700073480606079, -0.00014513017958961427, 0.0016914083389565349, -0.0007320214062929153, 0.0012218131450936198, -0.00026894715847447515, 0.0013387770159170032, -0.001045450335368514, 0.0019025214714929461, -0.0017571772914379835, 0.001986488001421094, -0.00141019222792238], [7.518805796280503e-05, -0.00014513017958961427, 0.0010581114329397678, -0.0006638760678470135, -0.0004741018055938184, -6.308852107395069e-07, -0.0004397752054501325, -4.194954453851096e-05, 0.00025122176157310605, -0.0006050118245184422, 0.0013709469931200147, -0.0007450595730915666, 0.0009844615124166012], [-0.0003165775560773909, 0.0016914083389565349, -0.0006638760678470135, 0.0038903553504496813, -0.001514761010184884, 0.0013472108403220773, 0.00016440602485090494, 0.0006583522190339863, 6.214611494215205e-05, 0.0012335155624896288, -0.001924804993905127, 0.00211259163916111, -0.0028791732620447874], [0.00010928284609690309, -0.0007320214062929153, -0.0004741018055938184, -0.001514761010184884, 0.003252975642681122, -0.0017631787341088057, 0.0005712263518944383, 0.00011929796892218292, -0.0011232186807319522, 0.0003048956859856844, -0.0008800718351267278, 0.0005661714822053909, -0.0007659461116418242], [-0.00023235884145833552, 0.0012218131450936198, -6.308852107395069e-07, 0.0013472108403220773, -0.0017631787341088057, 0.004913147538900375, -0.0026521494146436453, 0.001341443625278771, 0.0009309084853157401, -0.0006050860392861068, 0.00010779775766422972, 0.000933104834984988, -0.0007123596151359379], [5.264406718197279e-05, -0.00026894715847447515, -0.0004397752054501325, 0.00016440602485090494, 0.0005712263518944383, -0.0026521494146436453, 0.004652614239603281, -0.002086973050609231, -0.0009345078142359853, 0.002271472942084074, -0.001614088541828096, 0.0009242202504538, 0.00026632961817085743], [-0.0002513241197448224, 0.0013387770159170032, -4.194954453851096e-05, 0.0006583522190339863, 0.00011929796892218292, 0.001341443625278771, -0.002086973050609231, 0.00704579334706068, -0.003849739907309413, 0.0005571157671511173, -0.00026645843172445893, -0.0002681093756109476, 0.0006264511030167341], [-2.0715693608508445e-05, -0.001045450335368514, 0.00025122176157310605, 6.214611494215205e-05, -0.0011232186807319522, 0.0009309084853157401, -0.0009345078142359853, -0.003849739907309413, 0.008732365444302559, -0.003471298608928919, -0.0009051680099219084, 0.0023409228306263685, -0.0017154613742604852], [-9.270385635318235e-05, 0.0019025214714929461, -0.0006050118245184422, 0.0012335155624896288, 0.0003048956859856844, -0.0006050860392861068, 0.002271472942084074, 0.0005571157671511173, -0.003471298608928919, 0.010716692544519901, -0.0032736037392169237, 0.001017655129544437, 0.0014105428708717227], [0.00017797706823330373, -0.0017571772914379835, 0.0013709469931200147, -0.001924804993905127, -0.0008800718351267278, 0.00010779775766422972, -0.001614088541828096, -0.00026645843172445893, -0.0009051680099219084, -0.0032736037392169237, 0.011530344374477863, -0.005278497934341431, 0.0015256388578563929], [-0.0004096343764103949, 0.001986488001421094, -0.0007450595730915666, 0.00211259163916111, 0.0005661714822053909, 0.000933104834984988, 0.0009242202504538, -0.0002681093756109476, 0.0023409228306263685, 0.001017655129544437, -0.005278497934341431, 0.013704370707273483, -0.004809897392988205], [0.0004024587688036263, -0.00141019222792238, 0.0009844615124166012, -0.0028791732620447874, -0.0007659461116418242, -0.0007123596151359379, 0.00026632961817085743, 0.0006264511030167341, -0.0017154613742604852, 0.0014105428708717227, 0.0015256388578563929, -0.004809897392988205, 0.013932307250797749]], "lowlevel.mfcc.cov": [[15895.974609375, -2281.814697265625, 470.2540283203125, 202.23898315429688, -564.987548828125, -430.42022705078125, 101.97899627685547, 575.58056640625, 27.560749053955078, 258.4217834472656, 630.4431762695312, 6.6929426193237305, 260.0360107421875], [-2281.814697265625, 4154.8994140625, -897.7301025390625, -283.2764587402344, 175.0585479736328, -64.0344009399414, -158.02806091308594, 80.07855224609375, 72.66876983642578, 7.297314167022705, -13.933913230895996, 69.48651123046875, 53.09226608276367], [470.2540283203125, -897.7301025390625, 1161.96728515625, 278.5077819824219, 95.82424926757812, 192.4098358154297, 156.3387451171875, 17.37482261657715, 65.5561294555664, -6.740670204162598, -9.239177703857422, -5.504910469055176, -43.12696075439453], [202.23898315429688, -283.2764587402344, 278.5077819824219, 684.1317138671875, 377.07757568359375, 68.6819076538086, 13.816902160644531, -13.686640739440918, 13.458528518676758, 14.362600326538086, -50.729557037353516, -25.59566307067871, -0.7880663275718689], [-564.987548828125, 175.0585479736328, 95.82424926757812, 377.07757568359375, 633.6326293945312, 197.07049560546875, 22.104122161865234, -34.727718353271484, 20.98133659362793, 50.19564437866211, -31.198514938354492, -33.11693572998047, -18.191953659057617], [-430.42022705078125, -64.0344009399414, 192.4098358154297, 68.6819076538086, 197.07049560546875, 439.556884765625, 210.66619873046875, 20.495920181274414, 57.45863342285156, 15.637968063354492, -18.639719009399414, -4.3050994873046875, -72.93544006347656], [101.97899627685547, -158.02806091308594, 156.3387451171875, 13.816902160644531, 22.104122161865234, 210.66619873046875, 333.9309997558594, 171.49525451660156, 90.19276428222656, 50.85923385620117, 60.886009216308594, 31.39324951171875, -17.77486801147461], [575.58056640625, 80.07855224609375, 17.37482261657715, -13.686640739440918, -34.727718353271484, 20.495920181274414, 171.49525451660156, 302.90582275390625, 126.886962890625, 86.5250473022461, 102.69062805175781, 37.0843391418457, 33.33030319213867], [27.560749053955078, 72.66876983642578, 65.5561294555664, 13.458528518676758, 20.98133659362793, 57.45863342285156, 90.19276428222656, 126.886962890625, 214.61956787109375, 117.98674011230469, 48.40656280517578, 29.748014450073242, 2.621295690536499], [258.4217834472656, 7.297314167022705, -6.740670204162598, 14.362600326538086, 50.19564437866211, 15.637968063354492, 50.85923385620117, 86.5250473022461, 117.98674011230469, 207.43307495117188, 133.1620330810547, 36.566009521484375, 16.139062881469727], [630.4431762695312, -13.933913230895996, -9.239177703857422, -50.729557037353516, -31.198514938354492, -18.639719009399414, 60.886009216308594, 102.69062805175781, 48.40656280517578, 133.1620330810547, 220.65835571289062, 67.15701293945312, 33.977394104003906], [6.6929426193237305, 69.48651123046875, -5.504910469055176, -25.59566307067871, -33.11693572998047, -4.3050994873046875, 31.39324951171875, 37.0843391418457, 29.748014450073242, 36.566009521484375, 67.15701293945312, 105.51377868652344, 40.6003303527832], [260.0360107421875, 53.09226608276367, -43.12696075439453, -0.7880663275718689, -18.191953659057617, -72.93544006347656, -17.77486801147461, 33.33030319213867, 2.621295690536499, 16.139062881469727, 33.977394104003906, 40.6003303527832, 112.7370834350586]], "lowlevel.mfcc.icov": [[9.280358790419996e-05, 4.1844017687253654e-05, -1.2356355000520125e-05, -7.90846097515896e-05, 9.819081606110558e-05, -1.331808107352117e-05, 9.550621325615793e-05, -0.0001761466555763036, 4.9561338528292254e-05, 5.167714334675111e-05, -0.0003004101454280317, 0.00023407326079905033, -0.00016698820400051773], [4.1844017687253654e-05, 0.0003537290031090379, 0.00022310591884888709, 0.00014323201321531087, -0.0002176757261622697, -4.8251131374854594e-05, 0.00028768632910214365, -0.0002972892252728343, -0.0001982255489565432, 0.00023205933393910527, -5.58330248168204e-05, -0.00021222121722530574, -4.5199019950814545e-05], [-1.2356355000520125e-05, 0.00022310591884888709, 0.0012607913231477141, -0.00044398175668902695, 8.323801739607006e-05, -0.00032637480762787163, -0.0002245577343273908, 0.00021278916392475367, -0.0006326552829705179, 0.000580988300498575, -0.0002572632802184671, -0.0001009696425171569, 0.0001520402729511261], [-7.90846097515896e-05, 0.00014323201321531087, -0.00044398175668902695, 0.002731068292632699, -0.0018353931372985244, 0.0006504416232928634, -0.00013754369865637273, -0.00015454820822924376, 2.7802432668977417e-05, -0.00019420163880567998, 0.0010082899825647473, -0.0004916047910228372, 1.3161538845452014e-05], [9.819081606110558e-05, -0.0002176757261622697, 8.323801739607006e-05, -0.0018353931372985244, 0.003407440148293972, -0.0016615819185972214, 0.0006222137599252164, 7.908237603260204e-05, 0.0004774495610035956, -0.0011345578823238611, -0.00024582172045484185, 0.0011921909172087908, -0.0007592971669510007], [-1.331808107352117e-05, -4.8251131374854594e-05, -0.00032637480762787163, 0.0006504416232928634, -0.0016615819185972214, 0.005093482322990894, -0.0035153154749423265, 0.001423180685378611, -0.0006777832750231028, 0.0002239869354525581, 0.000564224028494209, -0.000618094636593014, 0.0020214852411299944], [9.550621325615793e-05, 0.00028768632910214365, -0.0002245577343273908, -0.00013754369865637273, 0.0006222137599252164, -0.0035153154749423265, 0.007624938152730465, -0.004104139748960733, 0.00016485653759445995, 0.00032298406586050987, -0.0007220794213935733, -0.0008136469405144453, 0.0002596727281343192], [-0.0001761466555763036, -0.0002972892252728343, 0.00021278916392475367, -0.00015454820822924376, 7.908237603260204e-05, 0.001423180685378611, -0.004104139748960733, 0.007702592294663191, -0.0033633194398134947, 0.0008867188007570803, -0.0017824530368670821, 0.0010329043725505471, -0.001247731619514525], [4.9561338528292254e-05, -0.0001982255489565432, -0.0006326552829705179, 2.7802432668977417e-05, 0.0004774495610035956, -0.0006777832750231028, 0.00016485653759445995, -0.0033633194398134947, 0.009926052764058113, -0.0063922288827598095, 0.003443971276283264, -0.001666102558374405, 0.000642455939669162], [5.167714334675111e-05, 0.00023205933393910527, 0.000580988300498575, -0.00019420163880567998, -0.0011345578823238611, 0.0002239869354525581, 0.00032298406586050987, 0.0008867188007570803, -0.0063922288827598095, 0.012826191261410713, -0.007494740188121796, 0.0012524975463747978, -0.000136769114760682], [-0.0003004101454280317, -5.58330248168204e-05, -0.0002572632802184671, 0.0010082899825647473, -0.00024582172045484185, 0.000564224028494209, -0.0007220794213935733, -0.0017824530368670821, 0.003443971276283264, -0.007494740188121796, 0.011871891096234322, -0.005092337261885405, 0.000615070341154933], [0.00023407326079905033, -0.00021222121722530574, -0.0001009696425171569, -0.0004916047910228372, 0.0011921909172087908, -0.000618094636593014, -0.0008136469405144453, 0.0010329043725505471, -0.001666102558374405, 0.0012524975463747978, -0.005092337261885405, 0.014950091019272804, -0.005113006103783846], [-0.00016698820400051773, -4.5199019950814545e-05, 0.0001520402729511261, 1.3161538845452014e-05, -0.000759297166951000