{"song_id": "1182280707062640680", "download": "https://cdn.discordapp.com/attachments/1128313332273782784/1182280707062640680/chirp.mp4?ex=65841fb6&amp", "lyrics": "So Worry about yourself \nIts better for your health \nAtleast thats what your \ntherapist says \n\nIts not like you cared anyways \nAbout My mental state \nIt goes to show \nNow that youre gone \n\nIm a waste of air \nAtleast thats How I feel \nMost days \nThat im awake", "style": ["random"], "essentia_features": {"lowlevel.average_loudness": 0.9766532778739929, "lowlevel.barkbands_crest.mean": 13.492120742797852, "lowlevel.barkbands_crest.stdev": 6.3491106033325195, "lowlevel.barkbands_flatness_db.mean": 0.1400095671415329, "lowlevel.barkbands_flatness_db.stdev": 0.05711161345243454, "lowlevel.barkbands_kurtosis.mean": 7.893538951873779, "lowlevel.barkbands_kurtosis.stdev": 22.829654693603516, "lowlevel.barkbands_skewness.mean": 1.7854710817337036, "lowlevel.barkbands_skewness.stdev": 2.2013537883758545, "lowlevel.barkbands_spread.mean": 26.65346908569336, "lowlevel.barkbands_spread.stdev": 16.67485809326172, "lowlevel.dissonance.mean": 0.483676940202713, "lowlevel.dissonance.stdev": 0.019184285774827003, "lowlevel.dynamic_complexity": 1.9574168920516968, "lowlevel.erbbands_crest.mean": 9.72506046295166, "lowlevel.erbbands_crest.stdev": 4.465827941894531, "lowlevel.erbbands_flatness_db.mean": 0.1505107283592224, "lowlevel.erbbands_flatness_db.stdev": 0.048024244606494904, "lowlevel.erbbands_kurtosis.mean": 0.902275025844574, "lowlevel.erbbands_kurtosis.stdev": 2.1004655361175537, "lowlevel.erbbands_skewness.mean": 0.07065010815858841, "lowlevel.erbbands_skewness.stdev": 0.8149459362030029, "lowlevel.erbbands_spread.mean": 44.71106719970703, "lowlevel.erbbands_spread.stdev": 28.299274444580078, "lowlevel.hfc.mean": 20.54694366455078, "lowlevel.hfc.stdev": 9.914210319519043, "lowlevel.loudness_ebu128.integrated": -11.395355224609375, "lowlevel.loudness_ebu128.loudness_range": 1.340951919555664, "lowlevel.loudness_ebu128.momentary.mean": -11.528875350952148, "lowlevel.loudness_ebu128.momentary.stdev": 1.1521564722061157, "lowlevel.loudness_ebu128.short_term.mean": -11.403626441955566, "lowlevel.loudness_ebu128.short_term.stdev": 0.45023566484451294, "lowlevel.melbands_crest.mean": 18.486675262451172, "lowlevel.melbands_crest.stdev": 7.335824966430664, "lowlevel.melbands_flatness_db.mean": 0.18469712138175964, "lowlevel.melbands_flatness_db.stdev": 0.07686325162649155, "lowlevel.melbands_kurtosis.mean": 34.22444152832031, "lowlevel.melbands_kurtosis.stdev": 77.24662780761719, "lowlevel.melbands_skewness.mean": 3.728994369506836, "lowlevel.melbands_skewness.stdev": 3.7133584022521973, "lowlevel.melbands_spread.mean": 30.60375213623047, "lowlevel.melbands_spread.stdev": 26.671401977539062, "lowlevel.pitch_salience.mean": 0.4662748873233795, "lowlevel.pitch_salience.stdev": 0.18209868669509888, "lowlevel.silence_rate_20dB.mean": 1.0, "lowlevel.silence_rate_20dB.stdev": 0.0, "lowlevel.silence_rate_30dB.mean": 0.9990394115447998, "lowlevel.silence_rate_30dB.stdev": 0.030978713184595108, "lowlevel.silence_rate_60dB.mean": 0.06532180309295654, "lowlevel.silence_rate_60dB.stdev": 0.24709337949752808, "lowlevel.spectral_centroid.mean": 1752.810546875, "lowlevel.spectral_centroid.stdev": 745.7600708007812, "lowlevel.spectral_complexity.mean": 17.98655128479004, "lowlevel.spectral_complexity.stdev": 9.06025218963623, "lowlevel.spectral_decrease.mean": -7.898533382899586e-09, "lowlevel.spectral_decrease.stdev": 7.1198464901556235e-09, "lowlevel.spectral_energy.mean": 0.03167456015944481, "lowlevel.spectral_energy.stdev": 0.02707032673060894, "lowlevel.spectral_energyband_high.mean": 0.0008934656507335603, "lowlevel.spectral_energyband_high.stdev": 0.0007767193019390106, "lowlevel.spectral_energyband_low.mean": 0.014248418621718884, "lowlevel.spectral_energyband_low.stdev": 0.025010084733366966, "lowlevel.spectral_energyband_middle_high.mean": 0.006161606404930353, "lowlevel.spectral_energyband_middle_high.stdev": 0.005189790856093168, "lowlevel.spectral_energyband_middle_low.mean": 0.01065141148865223, "lowlevel.spectral_energyband_middle_low.stdev": 0.019381685182452202, "lowlevel.spectral_entropy.mean": 7.933259963989258, "lowlevel.spectral_entropy.stdev": 0.302817702293396, "lowlevel.spectral_flux.mean": 0.11677660048007965, "lowlevel.spectral_flux.stdev": 0.06862979382276535, "lowlevel.spectral_kurtosis.mean": 3.0466573238372803, "lowlevel.spectral_kurtosis.stdev": 1.6195027828216553, "lowlevel.spectral_rms.mean": 0.005058372393250465, "lowlevel.spectral_rms.stdev": 0.002305400324985385, "lowlevel.spectral_rolloff.mean": 2022.9017333984375, "lowlevel.spectral_rolloff.stdev": 2223.903076171875, "lowlevel.spectral_skewness.mean": 1.3536293506622314, "lowlevel.spectral_skewness.stdev": 0.32320868968963623, "lowlevel.spectral_spread.mean": 5398754.0, "lowlevel.spectral_spread.stdev": 1529804.375, "lowlevel.spectral_strongpeak.mean": 0.9181726574897766, "lowlevel.spectral_strongpeak.stdev": 0.9320553541183472, "lowlevel.zerocrossingrate.mean": 0.08034548163414001, "lowlevel.zerocrossingrate.stdev": 0.05301281064748764, "metadata.audio_properties.analysis.equal_loudness": 0.0, "metadata.audio_properties.analysis.length": 24.127981185913086, "metadata.audio_properties.analysis.sample_rate": 44100.0, "metadata.audio_properties.analysis.start_time": 0.0, "metadata.audio_properties.bit_rate": 118268.0, "metadata.audio_properties.length": 24.128000259399414, "metadata.audio_properties.lossless": 0.0, "metadata.audio_properties.number_channels": 1.0, "metadata.audio_properties.replay_gain": -15.567072868347168, "metadata.audio_properties.sample_rate": 48000.0, "rhythm.beats_count": 39.0, "rhythm.beats_loudness.mean": 0.050313472747802734, "rhythm.beats_loudness.stdev": 0.020230920985341072, "rhythm.bpm": 99.01095581054688, "rhythm.bpm_histogram_first_peak_bpm": 99.0, "rhythm.bpm_histogram_first_peak_weight": 0.028571367263793945, "rhythm.bpm_histogram_second_peak_bpm": 91.0, "rhythm.bpm_histogram_second_peak_spread": 0.3333333134651184, "rhythm.bpm_histogram_second_peak_weight": 0.05263157933950424, "rhythm.danceability": 1.4835623502731323, "rhythm.onset_rate": 3.105750560760498, "tonal.chords_changes_rate": 0.11132437735795975, "tonal.chords_number_rate": 0.01343570090830326, "tonal.chords_strength.mean": 0.4783436954021454, "tonal.chords_strength.stdev": 0.08202558755874634, "tonal.hpcp_crest.mean": 11.799026489257812, "tonal.hpcp_crest.stdev": 5.381209850311279, "tonal.hpcp_entropy.mean": 2.343965530395508, "tonal.hpcp_entropy.stdev": 0.7467790246009827, "tonal.key_edma.strength": 0.48227453231811523, "tonal.key_krumhansl.strength": 0.4890359342098236, "tonal.key_temperley.strength": 0.4961261749267578, "tonal.tuning_diatonic_strength": 0.5699571967124939, "tonal.tuning_equal_tempered_deviation": 0.18312261998653412, "tonal.tuning_frequency": 441.5275573730469, "tonal.tuning_nontempered_energy_ratio": 0.8827884197235107, "lowlevel.barkbands.mean": [0.00048453881754539907, 0.010916630737483501, 0.002680490491911769, 0.0007845963118597865, 0.007900468073785305, 0.0003244825347792357, 0.0008820666116662323, 0.0002444781130179763, 0.0003344564465805888, 0.0008868530858308077, 0.0004726655315607786, 0.0006573917344212532, 0.0011851730523630977, 0.0012409231858327985, 0.00029513926710933447, 0.00016962984227575362, 0.0003533285344019532, 0.0006005832692608237, 0.0003019516298081726, 0.0001303662284044549, 0.0001780405582394451, 0.00017293915152549744, 0.00015352109039667994, 0.0001588583254488185, 0.00010886890231631696, 5.528580732061528e-05, 8.453624786852743e-07], "lowlevel.barkbands.stdev": [0.0008812192245386541, 0.02148301713168621, 0.005615700036287308, 0.0014661690220236778, 0.018338341265916824, 0.0008317717583850026, 0.0025249256286770105, 0.00045370912994258106, 0.0008437367505393922, 0.0017491471953690052, 0.0008527193567715585, 0.0014555122470483184, 0.0017860941588878632, 0.0021069736685603857, 0.0006203295197337866, 0.00023070872703101486, 0.0003998279571533203, 0.0008344531524926424, 0.00034815591061487794, 0.00012241106014698744, 0.0001436755555914715, 0.00013388297520577908, 0.00016735387907829136, 0.00024935498367995024, 0.00016157071513589472, 6.701180973323062e-05, 2.1969015051581664e-06], "lowlevel.erbbands.mean": [0.32113704085350037, 2.38217830657959, 3.6962525844573975, 3.0551443099975586, 24.096782684326172, 19.922502517700195, 3.046020984649658, 3.105616569519043, 10.253294944763184, 10.719719886779785, 5.638299942016602, 8.089193344116211, 19.226707458496094, 27.302011489868164, 19.55645751953125, 28.874372482299805, 50.7534294128418, 67.76248168945312, 34.39592361450195, 10.207338333129883, 10.934307098388672, 21.915451049804688, 31.733518600463867, 23.344263076782227, 10.913233757019043, 6.190183639526367, 6.955195903778076, 6.844646453857422, 6.600573539733887, 5.19484806060791, 4.203545570373535, 3.33900785446167, 2.5929300785064697, 1.453804612159729, 0.640169620513916, 0.2905615270137787, 0.09137779474258423, 0.011074883863329887, 0.00023708277149125934, 4.707080006483011e-05], "lowlevel.erbbands.stdev": [0.7402669191360474, 4.538489818572998, 7.133962631225586, 5.196147441864014, 54.72077178955078, 48.21574020385742, 7.769160747528076, 8.090283393859863, 28.705642700195312, 30.818347930908203, 9.339818954467773, 21.294736862182617, 38.35321044921875, 52.45826721191406, 33.073028564453125, 62.06203842163086, 71.9959716796875, 109.59955596923828, 55.65160369873047, 15.194608688354492, 12.914446830749512, 24.562036514282227, 44.24024963378906, 27.51913833618164, 12.721097946166992, 5.659938335418701, 6.355031967163086, 5.302855014801025, 5.234121799468994, 4.569093704223633, 4.777669906616211, 4.739223480224609, 4.349312782287598, 2.3541324138641357, 0.8918418288230896, 0.38119471073150635, 0.1101592555642128, 0.013658844865858555, 0.0002723879006225616, 3.094174826401286e-05], "lowlevel.gfcc.mean": [4.852128505706787, 39.202171325683594, -124.31266784667969, 32.83502960205078, -56.892765045166016, 27.397539138793945, -39.8875617980957, 11.11474323272705, -30.905532836914062, 4.207277774810791, -17.50615882873535, 3.586540460586548, -21.0674991607666], "lowlevel.melbands.mean": [0.0029949501622468233, 0.0022888691164553165, 0.0010695710079744458, 0.0019981174264103174, 0.00014107402239460498, 7.023931539151818e-05, 0.0001678037369856611, 0.00010187812586082146, 4.509846985456534e-05, 5.043890996603295e-05, 0.00010050561832031235, 0.00011632910900516436, 6.379494880093262e-05, 6.925714842509478e-05, 7.935463509056717e-05, 0.00013291568029671907, 0.00012738983787130564, 6.519159796880558e-05, 1.7650951122050174e-05, 1.0927101357083302e-05, 1.2737884389935061e-05, 2.0564484657370485e-05, 2.9474385883077048e-05, 2.678752935025841e-05, 1.8554590496933088e-05, 9.431039870833047e-06, 5.276290266920114e-06, 3.735799964488251e-06, 4.179767529421952e-06, 4.452506800589617e-06, 3.729191121237818e-06, 3.90707145925262e-06, 3.047488689844613e-06, 2.8667670903814724e-06, 2.4966088858491275e-06, 2.0474269604164874e-06, 2.0868544652330456e-06, 1.9170424820913468e-06, 1.502598934166599e-06, 1.1279189493507147e-06], "lowlevel.melbands.stdev": [0.0062850406393408775, 0.0040560029447078705, 0.001755409175530076, 0.00468771206215024, 0.00040288842865265906, 0.00017580548592377454, 0.000470638187834993, 0.0002779219066724181, 8.298502507386729e-05, 0.00013661893899552524, 0.00020502546976786107, 0.00022811180679127574, 0.00011148578050779179, 0.00015490698569919914, 0.00015213592268992215, 0.00020543407299555838, 0.00022331043146550655, 0.00011134297528769821, 3.34228461724706e-05, 1.6648478776915e-05, 1.5705791156506166e-05, 2.5302733774879016e-05, 3.756074147531763e-05, 3.979866596637294e-05, 2.2926429664948955e-05, 1.2894593055534642e-05, 5.279684955894481e-06, 3.6681219626188977e-06, 4.307618837628979e-06, 3.845068022201303e-06, 3.0297896955744363e-06, 3.288706466264557e-06, 2.634394604683621e-06, 2.786292498058174e-06, 2.8750930596288526e-06, 2.7820669856737368e-06, 3.091370444963104e-06, 3.3129526855191216e-06, 2.506824785086792e-06, 1.833215947044664e-06], "lowlevel.melbands128.mean": [0.0003276770294178277, 0.0023363346699625254, 0.004390912130475044, 0.0037958507891744375, 0.0023230677470564842, 0.0011206476483494043, 0.000450874533271417, 0.0004320002917665988, 0.0028125534299761057, 0.0032189753837883472, 0.0005902575794607401, 0.0001252963993465528, 7.130797166610137e-05, 5.91134958085604e-05, 5.75969934288878e-05, 7.317453855648637e-05, 0.00012734495976474136, 0.00019870343385264277, 0.00021127976651769131, 0.0001147957009379752, 5.2403873269213364e-05, 3.687156277010217e-05, 4.907208131044172e-05, 4.4748321670340374e-05, 5.080990376882255e-05, 5.374617103370838e-05, 4.7014338633744046e-05, 9.949524974217638e-05, 0.00015513056132476777, 0.00013428827514871955, 0.00010582027607597411, 7.25376230548136e-05, 6.047511124052107e-05, 5.663590127369389e-05, 5.979521301924251e-05, 7.450953125953674e-05, 8.2932245277334e-05, 7.55065557314083e-05, 6.81725432514213e-05, 0.00012360751861706376, 0.00016371825768146664, 0.00012539984891191125, 0.0001228417531820014, 0.00014304650539997965, 9.447883348912e-05, 4.8489338951185346e-05, 3.301682954770513e-05, 1.6979289284790866e-05, 1.1967333193751983e-05, 1.0285372809448745e-05, 1.0759723409137223e-05, 1.1252322110522073e-05, 1.2243009223311674e-05, 1.2738801160594448e-05, 1.5481393347727135e-05, 2.1321759049897082e-05, 2.508002035028767e-05, 2.5836785425781272e-05, 3.3889813494170085e-05, 3.111080877715722e-05, 2.5253628336940892e-05, 2.483644311723765e-05, 2.3585651433677413e-05, 1.600842733751051e-05, 1.1540888408489991e-05, 9.983861673390493e-06, 7.765468581055757e-06, 5.898533345316537e-06, 4.7435487431357615e-06, 4.379161964607192e-06, 3.411021680221893e-06, 3.484416765786591e-06, 4.116690888622543e-06, 4.271681063983124e-06, 4.2568422031763475e-06, 4.733464720629854e-06, 4.425928182172356e-06, 4.080192866240395e-06, 3.5921968901675427e-06, 3.212946467101574e-06, 4.313623776397435e-06, 4.098161298315972e-06, 3.350186261741328e-06, 2.9715633900195826e-06, 2.686989091671421e-06, 2.9133739190001506e-06, 2.918913423854974e-06, 2.797036586343893e-06, 2.480819375705323e-06, 2.296950242453022e-06, 2.1872219804208726e-06, 1.9412113942962606e-06, 1.8641293308974127e-06, 2.053282059932826e-06, 2.310127456439659e-06, 2.0599679828592343e-06, 1.8108169115294004e-06, 1.744109567880514e-06, 1.4963150078983745e-06, 1.4057252428756328e-06, 1.3276591062094667e-06, 1.059607257047901e-06, 9.174125921163068e-07, 8.467567340630922e-07, 6.170379265313386e-07, 6.450229648180539e-07, 6.488563144557702e-07, 5.836128593728063e-07, 4.623376526069478e-07, 4.6728465008527564e-07, 3.9538122109661344e-07, 2.897022568504326e-07, 2.883311935875099e-07, 2.623324917294667e-07, 1.930367687918988e-07, 1.2872604315816716e-07, 3.397816428218903e-08, 2.2714918834765285e-09, 5.220567467906223e-12, 4.752731194712645e-12, 4.622704129209065e-12, 4.518712227313815e-12, 4.413444869982852e-12, 4.3251517818643226e-12, 4.213585209911219e-12, 4.069626146491201e-12, 3.9873759676012366e-12, 3.957621990541282e-12], "lowlevel.melbands128.stdev": [0.0007758534629829228, 0.005853582639247179, 0.00972748827189207, 0.007159986067563295, 0.00449318578466773, 0.0023892230819910765, 0.001123028458096087, 0.0007708175689913332, 0.006424750201404095, 0.007858305238187313, 0.0017665332416072488, 0.0004657170793507248, 0.00021115527488291264, 0.00016065544332377613, 0.00021138742158655077, 0.00023434532340615988, 0.0003469444636721164, 0.0007079120259732008, 0.0007588056614622474, 0.0003880438453052193, 0.0001285834878217429, 6.89298176439479e-05, 0.00011321748024784029, 0.0001270469365408644, 0.00019694521324709058, 0.00018818968965206295, 0.00012202458310639486, 0.00026536069344729185, 0.00038964132545515895, 0.0003344301076140255, 0.00026552772033028305, 0.0001613236527191475, 0.00013628497254103422, 0.0001228170149261132, 0.0001367583026876673, 0.0002319439226994291, 0.00022951395658310503, 0.0002197659487137571, 0.00016050842532422394, 0.0002332134754396975, 0.0003171044809278101, 0.0002578811254352331, 0.0002873812918551266, 0.0003196126490365714, 0.0001886348909465596, 0.0001181518382509239, 9.613083966542035e-05, 3.27443158312235e-05, 2.8663069315371104e-05, 1.949516990862321e-05, 2.0072908228030428e-05, 1.8819057004293427e-05, 1.8520295270718634e-05, 1.8976712453877553e-05, 2.3386919565382414e-05, 3.429135540500283e-05, 3.4021446481347084e-05, 3.4017080906778574e-05, 5.916249574511312e-05, 6.283818220254034e-05, 4.497470581554808e-05, 4.168325540376827e-05, 3.496642966638319e-05, 2.3829999918234535e-05, 1.6764388419687748e-05, 1.682235233602114e-05, 1.334766511718044e-05, 6.779521299904445e-06, 5.51514176549972e-06, 5.498086920852074e-06, 3.930398634111043e-06, 3.852649115287932e-06, 5.2732079893758055e-06, 5.219222657615319e-06, 4.788223122886848e-06, 4.867179995926563e-06, 4.597865427058423e-06, 4.1041034819500055e-06, 3.3689623251120793e-06, 2.866580643967609e-06, 4.4874163904751185e-06, 4.0025847738434095e-06, 3.1742740702611627e-06, 3.1821309676161036e-06, 2.701199946386623e-06, 2.781652028716053e-06, 3.4147903988923645e-06, 3.4662812140595634e-06, 3.1325032523454865e-06, 2.881295358747593e-06, 3.2318534977093805e-06, 2.913232947321376e-06, 3.082660896325251e-06, 3.243148739784374e-06, 3.6190406262903707e-06, 3.5029042919632047e-06, 3.75113268091809e-06, 3.059801429117215e-06, 2.6321090444980655e-06, 2.4495784600730985e-06, 2.3471604890801245e-06, 1.7729016690282151e-06, 1.4492819673250779e-06, 1.5243438156176126e-06, 9.517207217868418e-07, 8.56926305914385e-07, 8.601355716564285e-07, 8.272043601209589e-07, 7.257747824951366e-07, 6.792025146751257e-07, 6.38464712210407e-07, 3.826265526640782e-07, 3.9216027403199405e-07, 3.5227211014898785e-07, 2.422276281777158e-07, 1.9971362519299873e-07, 7.623832942726949e-08, 1.532780657953481e-08, 1.0671479325208288e-11, 6.9300593909249475e-12, 6.759683091051016e-12, 6.599827455378016e-12, 6.48691647273103e-12, 6.3358823396142405e-12, 6.051243273824669e-12, 5.773431212274804e-12, 5.686126482856713e-12, 5.653316790393825e-12], "lowlevel.mfcc.mean": [-634.751708984375, 73.25515747070312, -7.059159755706787, 10.742093086242676, 5.825480937957764, 10.768437385559082, 5.513187408447266, 7.960824012756348, -5.587069034576416, -2.497519016265869, 7.2560343742370605, 0.9819818735122681, -9.288387298583984], "lowlevel.spectral_contrast_coeffs.mean": [-0.6559576988220215, -0.8024393916130066, -0.8054441809654236, -0.7939877510070801, -0.7962459325790405, -0.7653401494026184], "lowlevel.spectral_contrast_coeffs.stdev": [0.13108715415000916, 0.0693163350224495, 0.05343513935804367, 0.055320125073194504, 0.044585686177015305, 0.02764047682285309], "lowlevel.spectral_contrast_valleys.mean": [-7.699056625366211, -7.103052616119385, -7.194250106811523, -7.326429843902588, -7.179073810577393, -9.545923233032227], "lowlevel.spectral_contrast_valleys.stdev": [1.4541521072387695, 0.7212203145027161, 0.7895602583885193, 0.6301590204238892, 0.550010621547699, 0.5887636542320251], "rhythm.beats_loudness_band_ratio.mean": [0.6083401441574097, 0.46508827805519104, 0.0315127819776535, 0.098195381462574, 0.06099120154976845, 0.02626614458858967], "rhythm.beats_loudness_band_ratio.stdev": [0.22641843557357788, 0.400140643119812, 0.03966934606432915, 0.16272784769535065, 0.11254455894231796, 0.020576270297169685], "tonal.hpcp.mean": [0.12859363853931427, 0.12919965386390686, 0.11561497300863266, 0.11870060116052628, 0.11762676388025284, 0.10152814537286758, 0.08002804964780807, 0.07088470458984375, 0.07477524131536484, 0.08338157832622528, 0.0803307592868805, 0.056248266249895096, 0.04259303957223892, 0.050367094576358795, 0.05797671526670456, 0.059257492423057556, 0.07489793747663498, 0.09538977593183517, 0.10978835821151733, 0.10690324008464813, 0.10477550327777863, 0.10796859115362167, 0.10966087877750397, 0.12236808985471725, 0.1245432049036026, 0.11910559237003326, 0.10382707417011261, 0.09164269268512726, 0.10848605632781982, 0.14548903703689575, 0.17888514697551727, 0.2343987673521042, 0.3281795084476471, 0.3386809527873993, 0.23553694784641266, 0.14460596442222595], "tonal.hpcp.stdev": [0.244508296251297, 0.25259825587272644, 0.22749747335910797, 0.236587792634964, 0.2269894778728485, 0.22820861637592316, 0.178000807762146, 0.17586567997932434, 0.168972909450531, 0.19528882205486298, 0.18976686894893646, 0.14176441729068756, 0.09825646132230759, 0.1360841542482376, 0.15034513175487518, 0.12977610528469086, 0.1685715615749359, 0.19234614074230194, 0.22727103531360626, 0.2061798870563507, 0.20866867899894714, 0.21925006806850433, 0.19327735900878906, 0.20148566365242004, 0.19458141922950745, 0.19507616758346558, 0.18916991353034973, 0.1745859831571579, 0.19437941908836365, 0.24452322721481323, 0.281730592250824, 0.29604825377464294, 0.3658140301704407, 0.36362773180007935, 0.329647034406662, 0.2539655566215515], "rhythm.beats_position": [0.6153287887573242, 1.2306575775146484, 1.8459863662719727, 2.461315155029297, 3.0650339126586914, 3.668752670288086, 4.2724714279174805, 4.876190185546875, 5.479909420013428, 6.083628177642822, 6.687346935272217, 7.291065692901611, 7.894784450531006, 8.498503684997559, 9.102222442626953, 9.717551231384277, 10.332880020141602, 10.936598777770996, 11.54031753540039, 12.144036293029785, 12.74775505065918, 13.351473808288574, 14.013242721557617, 14.663400650024414, 15.301949501037598, 15.928888320922852, 16.532608032226562, 17.13632583618164, 17.74004554748535, 18.34376335144043, 18.94748306274414, 19.55120086669922, 20.15492057800293, 20.758638381958008, 21.36235809326172, 21.966075897216797, 22.569795608520508, 23.173513412475586, 23.777233123779297], "rhythm.bpm_histogram": [0.0, 0.0, 0.0, 0.0, 0.0, 0.0, 0.0, 0.0, 0.0, 0.0, 0.0, 0.0, 0.0, 0.0, 0.0, 0.0, 0.0, 0.0, 0.0, 0.0, 0.0, 0.0, 0.0, 0.0, 0.0, 0.0, 0.0, 0.0, 0.0, 0.0, 0.0, 0.0, 0.0, 0.0, 0.0, 0.0, 0.0, 0.0, 0.0, 0.0, 0.0, 0.0, 0.0, 0.0, 0.0, 0.0, 0.0, 0.0, 0.0, 0.0, 0.0, 0.0, 0.0, 0.0, 0.0, 0.0, 0.0, 0.0, 0.0, 0.0, 0.0, 0.0, 0.0, 0.0, 0.0, 0.0, 0.0, 0.0, 0.0, 0.0, 0.0, 0.0, 0.0, 0.0, 0.0, 0.0, 0.0, 0.0, 0.0, 0.0, 0.0, 0.0, 0.0, 0.0, 0.0, 0.0, 0.0, 0.0, 0.0, 0.0, 0.0, 0.02631578966975212, 0.02631578966975212, 0.0, 0.02631578966975212, 0.0, 0.02631578966975212, 0.0, 0.1315789520740509, 0.7631579041481018, 0.0, 0.0, 0.0, 0.0, 0.0, 0.0, 0.0, 0.0, 0.0, 0.0, 0.0, 0.0, 0.0, 0.0, 0.0, 0.0, 0.0, 0.0, 0.0, 0.0, 0.0, 0.0, 0.0, 0.0, 0.0, 0.0, 0.0, 0.0, 0.0, 0.0, 0.0, 0.0, 0.0, 0.0, 0.0, 0.0, 0.0, 0.0, 0.0, 0.0, 0.0, 0.0, 0.0, 0.0, 0.0, 0.0, 0.0, 0.0, 0.0, 0.0, 0.0, 0.0, 0.0, 0.0, 0.0, 0.0, 0.0, 0.0, 0.0, 0.0, 0.0, 0.0, 0.0, 0.0, 0.0, 0.0, 0.0, 0.0, 0.0, 0.0, 0.0, 0.0, 0.0, 0.0, 0.0, 0.0, 0.0, 0.0, 0.0, 0.0, 0.0, 0.0, 0.0, 0.0, 0.0, 0.0, 0.0, 0.0, 0.0, 0.0, 0.0, 0.0, 0.0, 0.0, 0.0, 0.0, 0.0, 0.0, 0.0, 0.0, 0.0, 0.0, 0.0, 0.0, 0.0, 0.0, 0.0, 0.0, 0.0, 0.0, 0.0, 0.0, 0.0, 0.0, 0.0, 0.0, 0.0, 0.0, 0.0, 0.0, 0.0, 0.0, 0.0, 0.0, 0.0, 0.0, 0.0, 0.0, 0.0, 0.0, 0.0, 0.0, 0.0, 0.0, 0.0, 0.0, 0.0, 0.0, 0.0, 0.0, 0.0, 0.0, 0.0, 0.0, 0.0, 0.0, 0.0, 0.0, 0.0, 0.0], "tonal.chords_histogram": [8.445297241210938, 5.950096130371094, 4.990403175354004, 5.566218852996826, 0.0, 0.0, 0.0, 0.0, 13.051823616027832, 29.55854034423828, 0.383877158164978, 0.0, 0.0, 0.0, 0.0, 0.0, 0.0, 0.0, 0.0, 0.0, 0.0, 0.0, 0.191938579082489, 31.861804962158203], "tonal.thpcp": [1.0, 0.6954537630081177, 0.4269680976867676, 0.37968960404396057, 0.3814789354801178, 0.3413684070110321, 0.3504791259765625, 0.3473084568977356, 0.2997751832008362, 0.23629333078861237, 0.20929640531539917, 0.22078372538089752, 0.24619506299495697, 0.23718711733818054, 0.16608040034770966, 0.12576153874397278, 0.14871546626091003, 0.17118386924266815, 0.1749655306339264, 0.22114600241184235, 0.2816508412361145, 0.3241645395755768, 0.31564584374427795, 0.3093634247779846, 0.3187914490699768, 0.3237881362438202, 0.36130785942077637, 0.36773017048835754, 0.3516749143600464, 0.3065630793571472, 0.27058708667755127, 0.3203193247318268, 0.42957550287246704, 0.5281819105148315, 0.6920931339263916, 0.9689931273460388], "lowlevel.gfcc.cov": [[3739.89208984375, 1177.909423828125, 441.5535583496094, 422.1526184082031, 501.8420715332031, 286.7546691894531, 173.74940490722656, 62.3154296875, -85.8802261352539, -158.80691528320312, -84.14990234375, -86.01371765136719, -46.65184020996094], [1177.909423828125, 1578.851318359375, 642.4038696289062, 639.5645141601562, 644.4325561523438, 323.27850341796875, 312.2459716796875, 83.34846496582031, 139.11325073242188, -111.04894256591797, -25.377336502075195, -108.8183822631836, 69.66724395751953], [441.5535583496094, 642.4038696289062, 1322.534423828125, 845.0045166015625, 447.62823486328125, 277.4786071777344, 149.1083984375, 42.40095138549805, 102.0347900390625, 45.07807540893555, -105.07666015625, -93.33678436279297, 51.06304168701172], [422.1526184082031, 639.5645141601562, 845.0045166015625, 820.4710693359375, 532.512939453125, 293.675537109375, 185.1370391845703, 123.21154022216797, 205.38673400878906, 79.01081085205078, -10.687117576599121, -78.91313171386719, 62.076351165771484], [501.8420715332031, 644.4325561523438, 447.62823486328125, 532.512939453125, 712.8728637695312, 468.9687805175781, 347.0604248046875, 205.5483856201172, 202.08790588378906, 78.5732421875, 51.53060531616211, -34.55350875854492, 51.09355926513672], [286.7546691894531, 323.27850341796875, 277.4786071777344, 293.675537109375, 468.9687805175781, 487.7283630371094, 354.1426696777344, 209.25830078125, 128.6155242919922, 67.5974349975586, 60.15418243408203, -4.782498836517334, 34.75284194946289], [173.74940490722656, 312.2459716796875, 149.1083984375, 185.1370391845703, 347.0604248046875, 354.1426696777344, 404.5459289550781, 250.70761108398438, 137.0487823486328, 47.53916931152344, 93.82627868652344, 38.901859283447266, 33.58401870727539], [62.3154296875, 83.34846496582031, 42.40095138549805, 123.21154022216797, 205.5483856201172, 209.25830078125, 250.70761108398438, 315.65625, 223.30067443847656, 127.27659606933594, 137.3792724609375, 74.73260498046875, 15.118701934814453], [-85.8802261352539, 139.11325073242188, 102.0347900390625, 205.38673400878906, 202.08790588378906, 128.6155242919922, 137.0487823486328, 223.30067443847656, 296.6468811035156, 181.8651885986328, 125.82452392578125, 32.8668327331543, 29.29546546936035], [-158.80691528320312, -111.04894256591797, 45.07807540893555, 79.01081085205078, 78.5732421875, 67.5974349975586, 47.53916931152344, 127.27659606933594, 181.8651885986328, 206.61993408203125, 113.94706726074219, 41.703182220458984, -2.0910396575927734], [-84.14990234375, -25.377336502075195, -105.07666015625, -10.687117576599121, 51.53060531616211, 60.15418243408203, 93.82627868652344, 137.3792724609375, 125.82452392578125, 113.94706726074219, 168.01438903808594, 87.15353393554688, 8.322020530700684], [-86.01371765136719, -108.8183822631836, -93.33678436279297, -78.91313171386719, -34.55350875854492, -4.782498836517334, 38.901859283447266, 74.73260498046875, 32.8668327331543, 41.703182220458984, 87.15353393554688, 105.2774429321289, 20.876853942871094], [-46.65184020996094, 69.66724395751953, 51.06304168701172, 62.076351165771484, 51.09355926513672, 34.75284194946289, 33.58401870727539, 15.118701934814453, 29.29546546936035, -2.0910396575927734, 8.322020530700684, 20.876853942871094, 76.05409240722656]], "lowlevel.gfcc.icov": [[0.00044411508133634925, -0.00048520363634452224, 0.0001376673171762377, -0.00015435776731465012, -5.697843516827561e-05, -0.0002115985844284296, 0.0005880084354430437, -0.0008764404919929802, 0.0010553653119131923, -0.00045597649295814335, 0.0003481733438093215, -0.00027584758936427534, 0.000418545794673264], [-0.00048520363634452224, 0.0023983470164239407, -0.0008371803560294211, 0.0004004225193057209, -0.0014974733348935843, 0.0013008842943236232, -0.0017025297274813056, 0.0022322451695799828, -0.0032251658849418163, 0.0039005200378596783, -0.0023903599940240383, 0.001775763463228941, -0.00041601393604651093], [0.0001376673171762377, -0.0008371803560294211, 0.0035238037817180157, -0.004257427528500557, 0.0018164168577641249, -0.001166938105598092, -0.00032488233409821987, -5.9001271438319236e-05, 0.0020444535184651613, -0.0031130064744502306, 0.004115649498999119, -0.0031176814809441566, 0.0009608977707102895], [-0.00015435776731465012, 0.0004004225193057209, -0.004257427528500557, 0.008356422185897827, -0.004064180422574282, 0.0015773633494973183, 0.001212256378494203, -0.0005566388135775924, -0.0028234675992280245, 0.0023765666410326958, -0.003598517971113324, 0.004904139321297407, -0.002638245467096567], [-5.697843516827561e-05, -0.0014974733348935843, 0.0018164168577641249, -0.004064180422574282, 0.008472483605146408, -0.005829195026308298, -0.0005498387035913765, 0.0014389378484338522, -0.0010479521006345749, -0.0016503026708960533, 0.0024371512699872255, -0.0026011241134256124, 0.001168611808679998], [-0.0002115985844284296, 0.0013008842943236232, -0.001166938105598092, 0.0015773633494973183, -0.005829195026308298, 0.011656261049211025, -0.006056125275790691, -0.0017793318256735802, 0.003382164053618908, -0.0019394145347177982, -0.0019073041621595621, 0.005284435581415892, -0.002805646974593401], [0.0005880084354430437, -0.0017025297274813056, -0.00032488233409821987, 0.001212256378494203, -0.0005498387035913765, -0.006056125275790691, 0.01326915342360735, -0.008479162119328976, 0.003466495079919696, 0.001388998469337821, -0.0017066405853256583, -2.1192883650655858e-05, -0.0009927215287461877], [-0.0008764404919929802, 0.0022322451695799828, -5.9001271438319236e-05, -0.0005566388135775924, 0.0014389378484338522, -0.0017793318256735802, -0.008479162119328976, 0.020583130419254303, -0.01591828465461731, 0.005852378439158201, -9.764305104908999e-06, -0.008502857759594917, 0.0060380809009075165], [0.0010553653119131923, -0.0032251658849418163, 0.0020444535184651613, -0.0028234675992280245, -0.0010479521006345749, 0.003382164053618908, 0.003466495079919696, -0.01591828465461731, 0.026217229664325714, -0.016190305352211, -0.0007779102306813002, 0.007343546021729708, -0.007148733362555504], [-0.00045597649295814335, 0.0039005200378596783, -0.0031130064744502306, 0.0023765666410326958, -0.0016503026708960533, -0.0019394145347177982, 0.001388998469337821, 0.005852378439158201, -0.016190305352211, 0.02344033494591713, -0.010139857418835163, 0.0006906540947966278, 0.0043165916576981544], [0.0003481733438093215, -0.0023903599940240383, 0.004115649498999119, -0.003598517971113324, 0.0024371512699872255, -0.0019073041621595621, -0.0017066405853256583, -9.764305104908999e-06, -0.0007779102306813002, -0.010139857418835163, 0.025312751531600952, -0.017495784908533096, 0.00462056789547205], [-0.00027584758936427534, 0.001775763463228941, -0.0031176814809441566, 0.004904139321297407, -0.0026011241134256124, 0.005284435581415892, -2.1192883650655858e-05, -0.008502857759594917, 0.007343546021729708, 0.0006906540947966278, -0.017495784908533096, 0.03180745989084244, -0.012299489229917526], [0.000418545794673264, -0.00041601393604651093, 0.0009608977707102895, -0.002638245467096567, 0.001168611808679998, -0.002805646974593401, -0.0009927215287461877, 0.0060380809009075165, -0.007148733362555504, 0.0043165916576981544, 0.00462056789547205, -0.012299489229917526, 0.020772529765963554]], "lowlevel.mfcc.cov": [[2730.338623046875, 823.034912109375, 19.11864471435547, 245.94679260253906, 320.5060119628906, 214.88050842285156, 284.7841796875, 239.62461853027344, 81.8039321899414, 17.852813720703125, 14.114224433898926, -18.104230880737305, -103.19367218017578], [823.034912109375, 1050.9859619140625, 244.2442169189453, 367.0675354003906, 335.93023681640625, 309.96856689453125, 259.9719543457031, 253.6100311279297, 191.54052734375, 96.66380310058594, 22.848236083984375, 35.377174377441406, -16.569971084594727], [19.11864471435547, 244.2442169189453, 934.970458984375, 557.5235595703125, 345.6054992675781, 271.787109375, 95.56226348876953, 27.22781753540039, 182.58432006835938, 111.84766387939453, -76.22937774658203, 38.289695739746094, 89.57235717773438], [245.94679260253906, 367.0675354003906, 557.5235595703125, 625.9974975585938, 423.4027099609375, 272.04205322265625, 99.32804870605469, 84.68833923339844, 200.67543029785156, 161.4796142578125, 6.315323829650879, 59.385799407958984, 86.71270751953125], [320.5060119628906, 335.93023681640625, 345.6054992675781, 423.4027099609375, 504.46160888671875, 345.9804992675781, 191.59274291992188, 143.55316162109375, 222.8220977783203, 204.47628784179688, 79.27259063720703, 71.03955078125, 46.233665466308594], [214.88050842285156, 309.96856689453125, 271.787109375, 272.04205322265625, 345.9804992675781, 396.8133544921875, 273.8835144042969, 154.33302307128906, 191.75271606445312, 161.4582977294922, 44.27541732788086, 40.59355926513672, 5.087113857269287], [284.7841796875, 259.9719543457031, 95.56226348876953, 99.32804870605469, 191.59274291992188, 273.8835144042969, 377.1933898925781, 269.0961608886719, 169.1280517578125, 113.94280242919922, 82.65956115722656, 74.23165893554688, 18.470500946044922], [239.62461853027344, 253.6100311279297, 27.22781753540039, 84.68833923339844, 143.55316162109375, 154.33302307128906, 269.0961608886719, 302.201171875, 181.06455993652344, 108.02558898925781, 103.81398010253906, 101.36829376220703, 51.849273681640625], [81.8039321899414, 191.54052734375, 182.58432006835938, 200.67543029785156, 222.8220977783203, 191.75271606445312, 169.1280517578125, 181.06455993652344, 238.92982482910156, 176.1002655029297, 87.05543518066406, 90.46825408935547, 61.65108108520508], [17.852813720703125, 96.66380310058594, 111.84766387939453, 161.4796142578125, 204.47628784179688, 161.4582977294922, 113.94280242919922, 108.02558898925781, 176.1002655029297, 211.6883087158203, 135.35076904296875, 98.63796997070312, 56.81922149658203], [14.114224433898926, 22.848236083984375, -76.22937774658203, 6.315323829650879, 79.27259063720703, 44.27541732788086, 82.65956115722656, 103.81398010253906, 87.05543518066406, 135.35076904296875, 218.43516540527344, 141.52798461914062, 58.35896682739258], [-18.104230880737305, 35.377174377441406, 38.289695739746094, 59.385799407958984, 71.03955078125, 40.59355926513672, 74.23165893554688, 101.36829376220703, 90.46825408935547, 98.63796997070312, 141.52798461914062, 179.99752807617188, 119.64132690429688], [-103.19367218017578, -16.569971084594727, 89.57235717773438, 86.71270751953125, 46.233665466308594, 5.087113857269287, 18.470500946044922, 51.849273681640625, 61.65108108520508, 56.81922149658203, 58.35896682739258, 119.64132690429688, 150.66175842285156]], "lowlevel.mfcc.icov": [[0.0005627908394671977, -0.000367151340469718, 0.0001319777366006747, -0.00011183985770912841, -0.0005602874443866313, 0.0006635497556999326, -0.0005895568174310029, 6.804139411542565e-05, 0.00029073303448967636, 8.247247751569375e-05, 0.00017110019689425826, -0.0002542241127230227, 0.000514926272444427], [-0.000367151340469718, 0.001986449584364891, 0.0001459398481529206, -0.0010183335980400443, 0.00040627786074765027, -0.001435898244380951, 0.0010659530526027083, -0.0018104336922988296, -2.837407009792514e-05, 0.0008411557064391673, 6.34641110082157e-05, -0.0005139395943842828, 0.0009604298393242061], [0.0001319777366006747, 0.0001459398481529206, 0.002950425958260894, -0.0025338241830468178, 0.0003746727597899735, -0.00029414158780127764, -0.001124722883105278, 0.0017724750796332955, -0.0016408356605097651, 0.0008233594708144665, 0.0015543975168839097, -0.0012746906140819192, 4.589111085806508e-06], [-0.00011183985770912841, -0.0010183335980400443, -0.0025338241830468178, 0.00738539919257164, -0.004078116733580828, 0.00039110155194066465, 0.0016684402944520116, -0.00044957426143810153, 9.770377801032737e-05, -0.0011936575174331665, 0.0006210202700458467, 0.0011460245586931705, -0.0024848193861544132], [-0.0005602874443866313, 0.00040627786074765027, 0.0003746727597899735, -0.004078116733580828, 0.010323436930775642, -0.007012704852968454, 0.002989046974107623, -0.001618601381778717, -0.0004820570757146925, -0.0013476384337991476, -0.0020919032394886017, 0.0012042832095175982, -0.00039580906741321087], [0.0006635497556999326, -0.001435898244380951, -0.00029414158780127764, 0.00039110155194066465, -0.007012704852968454, 0.017187874764204025, -0.012517985887825489, 0.007832803763449192, -0.002483781659975648, -0.003222499741241336, 0.003287614556029439, -0.0015229142736643553, 0.0028245982248336077], [-0.0005895568174310029, 0.0010659530526027083, -0.001124722883105278, 0.0016684402944520116, 0.002989046974107623, -0.012517985887825489, 0.018375759944319725, -0.014523071236908436, 0.004361758939921856, -7.04052290529944e-05, -0.0009439277346245944, 0.0001409698888892308, 0.00016788888024166226], [6.804139411542565e-05, -0.0018104336922988296, 0.0017724750796332955, -0.00044957426143810153, -0.001618601381778717, 0.007832803763449192, -0.014523071236908436, 0.021599169820547104, -0.013181916438043118, 0.005940211936831474, -0.0024192004930227995, -0.0008097943500615656, -0.0016340950969606638], [0.00029073303448967636, -2.837407009792514e-05, -0.0016408356605097651, 9.770377801032737e-05, -0.0004820570757146925, -0.002483781659975648, 0.004361758939921856, -0.013181916438043118, 0.025250019505620003, -0.01656516268849373, 0.006038833409547806, -0.001947977696545422, 0.00047146418364718556], [8.247247751569375e-05, 0.0008411557064391673, 0.0008233594708144665, -0.0011936575174331665, -0.0013476384337991476, -0.003222499741241336, -7.04052290529944e-05, 0.005940211936831474, -0.01656516268849373, 0.02661905810236931, -0.012804409489035606, 0.0030845031142234802, -0.0019167980644851923], [0.00017110019689425826, 6.34641110082157e-05, 0.0015543975168839097, 0.0006210202700458467, -0.0020919032394886017, 0.003287614556029439, -0.0009439277346245944, -0.0024192004930227995, 0.006038833409547806, -0.012804409489035606, 0.020223267376422882, -0.015224924311041832, 0.006936360616236925], [-0.0002542241127230227, -0.0005139395943842828, -0.0012746906140819192, 0.0011460245586931705, 0.0012042832095175982, -0.0015229142736643553, 0.0001409698888892308, -0.0008097943500615656, -0.001947977696545422, 0.0030845031142234802, -0.015224924311041832, 0.028589563444256783, -0.017361024394631386], [0.000514926272444427, 0.0009604298393242061, 4.589111085806508e-06, -0.0024848193861544132, -0.00039580906741321087, 0.0028245982248336077, 0.00016788888024166226, -0.0016340950969606638, 0.00047146418364718556, -0.0019167980644851923, 0.006936360616236925, -0.017361024394631386, 0.02072061225771904]], "metadata.audio_properties.analysis.downmix": "mix", "metadata.audio_properties.codec": "mp3", "metadata.audio_properties.md5_encoded": "b5fe000aed64d057772c7616c14083af", "metadata.tags.file_name": "1182280707062640680.mp3", "metadata.version.essentia": "2.1-beta6-dev", "metadata.version.essentia_git_sha": "v2.1_beta5-1110-g77a6a954", "metadata.version.extractor": "music 2.0", "tonal.chords_key": "F", "tonal.chords_scale": "minor", "tonal.key_edma.key": "Ab", "tonal.key_edma.scale": "major", "tonal.key_krumhansl.key": "Ab", "tonal.key_krumhansl.scale": "major", "tonal.key_temperley.key": "Ab", "tonal.key_temperley.scale": "major", "metadata.tags.encoding": ["Lavf58.45.100"]}, "essentia_models": [{"model_name": "genre_dortmund", "activations": {"alternative": "0.0040735486", "blues": "0.0015072313", "electronic": "0.18911274", "folkcountry": "0.0005594481", "funksoulrnb": "0.009186783", "jazz": "0.0012131929", "pop": "0.00040681477", "raphiphop": "0.110399105", "rock": "0.4723744"}}, {"model_name": "genre_rosamerica", "activations": {"classic": "0.0055558947", "dance": "0.0015548819", "hip hop": "0.2988181", "jazz": "0.0027149832", "pop": "0.0040170006", "rhythm and blues": "0.0072645955", "rock": "0.4785388", "speech": "0.006744615"}}, {"model_name": "genre_tzanetakis", "activations": {"blues":