{"song_id": "1182273064134783026", "download": "https://cdn.discordapp.com/attachments/1135903449314238464/1182273064134783026/chirp.mp4?ex=65841898&amp", "lyrics": "Mr. Globe shill (Mr. Globe shill)\nYou looove begging the question\nMr. Globe shill (Mr. Globe shill)\nYou don't have good intentions\nMr. Globeshill likes to lie\nAnd in hell he's gonna die\nBecause the Earth is not a ball!\nIt has no curve, no movement at all", "style": ["metal"], "essentia_features": {"lowlevel.average_loudness": 0.9828147292137146, "lowlevel.barkbands_crest.mean": 12.90924072265625, "lowlevel.barkbands_crest.stdev": 5.91530704498291, "lowlevel.barkbands_flatness_db.mean": 0.11254403740167618, "lowlevel.barkbands_flatness_db.stdev": 0.045364800840616226, "lowlevel.barkbands_kurtosis.mean": 3.490553617477417, "lowlevel.barkbands_kurtosis.stdev": 7.092931270599365, "lowlevel.barkbands_skewness.mean": 1.7794309854507446, "lowlevel.barkbands_skewness.stdev": 1.2483044862747192, "lowlevel.barkbands_spread.mean": 39.92625427246094, "lowlevel.barkbands_spread.stdev": 17.99294662475586, "lowlevel.dissonance.mean": 0.49068185687065125, "lowlevel.dissonance.stdev": 0.007688487879931927, "lowlevel.dynamic_complexity": 1.0829493999481201, "lowlevel.erbbands_crest.mean": 5.73451042175293, "lowlevel.erbbands_crest.stdev": 2.439366579055786, "lowlevel.erbbands_flatness_db.mean": 0.11367491632699966, "lowlevel.erbbands_flatness_db.stdev": 0.01848914474248886, "lowlevel.erbbands_kurtosis.mean": 0.3690115809440613, "lowlevel.erbbands_kurtosis.stdev": 1.328955054283142, "lowlevel.erbbands_skewness.mean": -0.6567891836166382, "lowlevel.erbbands_skewness.stdev": 0.5644580721855164, "lowlevel.erbbands_spread.mean": 49.34552001953125, "lowlevel.erbbands_spread.stdev": 14.022478103637695, "lowlevel.hfc.mean": 50.7753791809082, "lowlevel.hfc.stdev": 26.548139572143555, "lowlevel.loudness_ebu128.integrated": -11.324077606201172, "lowlevel.loudness_ebu128.loudness_range": 0.8825416564941406, "lowlevel.loudness_ebu128.momentary.mean": -11.473862648010254, "lowlevel.loudness_ebu128.momentary.stdev": 1.402869701385498, "lowlevel.loudness_ebu128.short_term.mean": -11.214986801147461, "lowlevel.loudness_ebu128.short_term.stdev": 0.34609201550483704, "lowlevel.melbands_crest.mean": 18.82914161682129, "lowlevel.melbands_crest.stdev": 5.989558219909668, "lowlevel.melbands_flatness_db.mean": 0.17567411065101624, "lowlevel.melbands_flatness_db.stdev": 0.057679183781147, "lowlevel.melbands_kurtosis.mean": 25.25833511352539, "lowlevel.melbands_kurtosis.stdev": 31.86441993713379, "lowlevel.melbands_skewness.mean": 4.176900386810303, "lowlevel.melbands_skewness.stdev": 2.3398139476776123, "lowlevel.melbands_spread.mean": 30.060087203979492, "lowlevel.melbands_spread.stdev": 19.661029815673828, "lowlevel.pitch_salience.mean": 0.4908893406391144, "lowlevel.pitch_salience.stdev": 0.15491625666618347, "lowlevel.silence_rate_20dB.mean": 1.0, "lowlevel.silence_rate_20dB.stdev": 0.0, "lowlevel.silence_rate_30dB.mean": 0.7856560945510864, "lowlevel.silence_rate_30dB.stdev": 0.41036659479141235, "lowlevel.silence_rate_60dB.mean": 0.0024449878837913275, "lowlevel.silence_rate_60dB.stdev": 0.0493861548602581, "lowlevel.spectral_centroid.mean": 2413.66552734375, "lowlevel.spectral_centroid.stdev": 480.72637939453125, "lowlevel.spectral_complexity.mean": 40.916053771972656, "lowlevel.spectral_complexity.stdev": 8.532051086425781, "lowlevel.spectral_decrease.mean": -1.8086609543388477e-08, "lowlevel.spectral_decrease.stdev": 1.296390550464821e-08, "lowlevel.spectral_energy.mean": 0.07286853343248367, "lowlevel.spectral_energy.stdev": 0.04931515082716942, "lowlevel.spectral_energyband_high.mean": 0.004312052391469479, "lowlevel.spectral_energyband_high.stdev": 0.003175174118950963, "lowlevel.spectral_energyband_low.mean": 0.0507914274930954, "lowlevel.spectral_energyband_low.stdev": 0.049545757472515106, "lowlevel.spectral_energyband_middle_high.mean": 0.007895099930465221, "lowlevel.spectral_energyband_middle_high.stdev": 0.004068331327289343, "lowlevel.spectral_energyband_middle_low.mean": 0.009287559427320957, "lowlevel.spectral_energyband_middle_low.stdev": 0.009758718311786652, "lowlevel.spectral_entropy.mean": 8.152676582336426, "lowlevel.spectral_entropy.stdev": 0.14618165791034698, "lowlevel.spectral_flux.mean": 0.1841534525156021, "lowlevel.spectral_flux.stdev": 0.07984771579504013, "lowlevel.spectral_kurtosis.mean": 1.921196460723877, "lowlevel.spectral_kurtosis.stdev": 0.7230419516563416, "lowlevel.spectral_rms.mean": 0.007975519634783268, "lowlevel.spectral_rms.stdev": 0.002735370770096779, "lowlevel.spectral_rolloff.mean": 1972.7913818359375, "lowlevel.spectral_rolloff.stdev": 1784.5924072265625, "lowlevel.spectral_skewness.mean": 0.9490989446640015, "lowlevel.spectral_skewness.stdev": 0.16671305894851685, "lowlevel.spectral_spread.mean": 5085459.5, "lowlevel.spectral_spread.stdev": 796919.625, "lowlevel.spectral_strongpeak.mean": 0.44741907715797424, "lowlevel.spectral_strongpeak.stdev": 0.354421466588974, "lowlevel.zerocrossingrate.mean": 0.07932640612125397, "lowlevel.zerocrossingrate.stdev": 0.030237844213843346, "metadata.audio_properties.analysis.equal_loudness": 0.0, "metadata.audio_properties.analysis.length": 28.458662033081055, "metadata.audio_properties.analysis.sample_rate": 44100.0, "metadata.audio_properties.analysis.start_time": 0.0, "metadata.audio_properties.bit_rate": 120593.0, "metadata.audio_properties.length": 28.45866584777832, "metadata.audio_properties.lossless": 0.0, "metadata.audio_properties.number_channels": 1.0, "metadata.audio_properties.replay_gain": -12.634502410888672, "metadata.audio_properties.sample_rate": 48000.0, "rhythm.beats_count": 64.0, "rhythm.beats_loudness.mean": 0.057096775621175766, "rhythm.beats_loudness.stdev": 0.024580031633377075, "rhythm.bpm": 138.09751892089844, "rhythm.bpm_histogram_first_peak_bpm": 140.0, "rhythm.bpm_histogram_first_peak_weight": 0.5, "rhythm.bpm_histogram_second_peak_bpm": 133.0, "rhythm.bpm_histogram_second_peak_spread": 0.40000003576278687, "rhythm.bpm_histogram_second_peak_weight": 0.0476190485060215, "rhythm.danceability": 1.683899998664856, "rhythm.onset_rate": 2.984626531600952, "tonal.chords_changes_rate": 0.14006514847278595, "tonal.chords_number_rate": 0.017915310338139534, "tonal.chords_strength.mean": 0.461271196603775, "tonal.chords_strength.stdev": 0.08441013097763062, "tonal.hpcp_crest.mean": 9.273348808288574, "tonal.hpcp_crest.stdev": 4.361924171447754, "tonal.hpcp_entropy.mean": 2.885923385620117, "tonal.hpcp_entropy.stdev": 0.7611410617828369, "tonal.key_edma.strength": 0.6088815927505493, "tonal.key_krumhansl.strength": 0.6095684766769409, "tonal.key_temperley.strength": 0.587618350982666, "tonal.tuning_diatonic_strength": 0.5912956595420837, "tonal.tuning_equal_tempered_deviation": 0.2697206437587738, "tonal.tuning_frequency": 434.193115234375, "tonal.tuning_nontempered_energy_ratio": 0.9062965512275696, "lowlevel.barkbands.mean": [0.004021387547254562, 0.04145663604140282, 0.006011696066707373, 0.0025725732557475567, 0.002581662265583873, 0.0009097187430597842, 0.0013064484810456634, 0.0008399249636568129, 0.0008712940034456551, 0.0006765113794244826, 0.0007075132452882826, 0.000795830856077373, 0.0005375869804993272, 0.0005837110802531242, 0.0005341562209650874, 0.0008732314454391599, 0.001202948740683496, 0.0007403518538922071, 0.0008781889919191599, 0.0010227792663499713, 0.001075822045095265, 0.001059571048244834, 0.0005798533675260842, 0.0005416555795818567, 0.0003511811082717031, 0.00013256825332064182, 3.775667892114143e-06], "lowlevel.barkbands.stdev": [0.00389290158636868, 0.04724515974521637, 0.006280836649239063, 0.004119029734283686, 0.0049514067359268665, 0.0015392090426757932, 0.0025682570412755013, 0.0016380215529352427, 0.0015494268154725432, 0.0011984474258497357, 0.0013237865641713142, 0.0013911077985540032, 0.0009478095453232527, 0.0007762950845062733, 0.000595264311414212, 0.0006913407705724239, 0.0010526342084631324, 0.0004877723113168031, 0.00046571693383157253, 0.0005643871845677495, 0.0006486105266958475, 0.0007287213811650872, 0.0005439718370325863, 0.0007627910817973316, 0.0005432689795270562, 0.00024190125986933708, 1.1319184523017611e-05], "lowlevel.erbbands.mean": [1.3307183980941772, 8.62679672241211, 8.645273208618164, 8.070406913757324, 11.87910270690918, 5.961197376251221, 5.081907272338867, 8.337065696716309, 16.020933151245117, 20.239288330078125, 19.61488151550293, 18.33011817932129, 21.02935218811035, 22.70994758605957, 35.32796096801758, 30.074600219726562, 24.796302795410156, 28.19411849975586, 32.449920654296875, 27.190641403198242, 60.44010543823242, 66.6910629272461, 40.17873001098633, 46.7207145690918, 42.32698059082031, 48.57777404785156, 48.34511184692383, 39.648868560791016, 40.33097457885742, 25.341411590576172, 15.13962173461914, 11.21689224243164, 8.997810363769531, 4.93400239944458, 1.9424669742584229, 0.7847599983215332, 0.19616584479808807, 0.023620225489139557, 0.0006216718466021121, 0.00011305490625090897], "lowlevel.erbbands.stdev": [1.5452955961227417, 10.053923606872559, 8.635578155517578, 8.038925170898438, 24.699874877929688, 10.348143577575684, 7.741327285766602, 15.242467880249023, 32.77213668823242, 34.977134704589844, 37.78129577636719, 33.62907028198242, 38.16896438598633, 37.18110656738281, 65.539794921875, 49.81935501098633, 42.12704849243164, 40.27983856201172, 37.612152099609375, 22.58526039123535, 48.95714569091797, 55.95237731933594, 26.72393226623535, 25.040721893310547, 23.11213493347168, 27.16475486755371, 27.94964599609375, 26.550853729248047, 27.085350036621094, 20.645902633666992, 14.646501541137695, 14.526026725769043, 13.328117370605469, 7.625422954559326, 3.109049081802368, 1.3484188318252563, 0.390662282705307, 0.05355890095233917, 0.0013899594778195024, 7.338009891100228e-05], "lowlevel.gfcc.mean": [75.0748291015625, 53.28923034667969, -110.49097442626953, 69.62055206298828, -50.65089797973633, 31.674848556518555, -28.582056045532227, 21.632762908935547, -19.387338638305664, 9.845833778381348, -18.178260803222656, 4.372413635253906, -10.930351257324219], "lowlevel.melbands.mean": [0.012049145065248013, 0.006769136060029268, 0.0015715673798695207, 0.0006342613487504423, 0.00018191164417658, 0.0001883123768493533, 0.0002554583770688623, 0.0002115115785272792, 0.0001606393198017031, 0.00011474930215626955, 0.00010444577492307872, 8.930110197979957e-05, 0.00010625403228914365, 0.00010561669478192925, 5.397648783400655e-05, 5.5469256039941683e-05, 5.162873276276514e-05, 5.374624743126333e-05, 3.727306466316804e-05, 4.02740879508201e-05, 7.95749801909551e-05, 7.457689207512885e-05, 4.435232767718844e-05, 3.288770676590502e-05, 3.870707951136865e-05, 3.1302726711146533e-05, 3.0943167075747624e-05, 3.216193726984784e-05, 3.189266499248333e-05, 2.538617809477728e-05, 2.2092590370448306e-05, 2.4266411855933256e-05, 1.808539491321426e-05, 1.2569159480335657e-05, 8.86388443177566e-06, 7.205018846434541e-06, 6.831607151980279e-06, 6.667672096227761e-06, 5.256367785477778e-06, 3.7765191791550023e-06], "lowlevel.melbands.stdev": [0.013675855472683907, 0.0067451451905071735, 0.0018740540836006403, 0.001261858269572258, 0.0002520038397051394, 0.0003310366300866008, 0.0005156620172783732, 0.00036019334220327437, 0.0003192088333889842, 0.0002007516595767811, 0.00019363743194844574, 0.00015674428141210228, 0.00019737158436328173, 0.00019069276459049433, 7.891638961154968e-05, 0.000107032828964293, 7.599764649057761e-05, 6.62360034766607e-05, 3.9361315430141985e-05, 2.9498147341655567e-05, 7.175365317380056e-05, 6.91629174980335e-05, 3.578996256692335e-05, 2.218826557509601e-05, 2.1699233911931515e-05, 1.8667691620066762e-05, 1.799173332983628e-05, 1.9396404240978882e-05, 2.005799615290016e-05, 1.6692029021214694e-05, 1.6237438103416935e-05, 1.695271384960506e-05, 1.3536844562622719e-05, 1.1436118256824557e-05, 8.548945515940432e-06, 8.424623956670985e-06, 9.488259820500389e-06, 1.0120168553839903e-05, 7.948354323161766e-06, 6.128211680334061e-06], "lowlevel.melbands128.mean": [0.0022198474034667015, 0.00993962399661541, 0.017959965392947197, 0.013041388243436813, 0.005465844180434942, 0.002860268345102668, 0.0015111904358491302, 0.0013920756755396724, 0.0013597889337688684, 0.0005261091282591224, 0.0002570584765635431, 0.00019336929835844785, 0.00016660110850352794, 0.00015930422523524612, 0.00016828124353196472, 0.00021794090571347624, 0.00023235288972500712, 0.00026927332510240376, 0.00027527339989319444, 0.0002383561513852328, 0.0001699297281447798, 0.00015590953989885747, 0.00017173189553432167, 0.00015390795306302607, 0.00010791448585223407, 9.659600618761033e-05, 0.00012929453805554658, 9.950601815944538e-05, 9.129701356869191e-05, 9.873940871329978e-05, 8.59629362821579e-05, 7.602224650327116e-05, 0.00010315760300727561, 0.0001358632871415466, 0.00011953995999647304, 0.00010655032383510843, 6.342685810523108e-05, 4.8416786739835516e-05, 4.7504719987045974e-05, 5.793027230538428e-05, 5.7871573517331854e-05, 5.136192339705303e-05, 4.980209268978797e-05, 5.250584945315495e-05, 5.592853267444298e-05, 5.363833770388737e-05, 5.35024082637392e-05, 3.710907549248077e-05, 3.0192202757461928e-05, 3.2799078326206654e-05, 3.680705412989482e-05, 5.079447873868048e-05, 7.737003761576489e-05, 9.211931319441646e-05, 8.614840771770105e-05, 7.579971861559898e-05, 6.500752351712435e-05, 4.744667239720002e-05, 4.007614552392624e-05, 2.972822403535247e-05, 2.7960795705439523e-05, 3.939508314942941e-05, 4.090329821337946e-05, 3.947829100070521e-05, 3.320724863442592e-05, 3.203129381290637e-05, 2.9266755518619902e-05, 2.7792357286671177e-05, 3.1369396310765296e-05, 3.615588502725586e-05, 3.102431583101861e-05, 2.9714397896896116e-05, 3.52209281118121e-05, 3.342980926390737e-05, 2.618257531139534e-05, 2.778189445962198e-05, 2.3265460185939446e-05, 2.2169471776578575e-05, 2.0781169951078482e-05, 2.3391547074425034e-05, 2.569073512859177e-05, 2.477617636031937e-05, 2.0892239263048396e-05, 1.8340919268666767e-05, 1.4592079423891846e-05, 1.3674414731212892e-05, 1.1806989277829416e-05, 1.0387759175500832e-05, 8.674892342241947e-06, 7.667907084396575e-06, 7.882542377046775e-06, 7.086114692356205e-06, 6.209940238477429e-06, 6.600163032999262e-06, 7.2433695095242e-06, 7.4832587415585294e-06, 6.363602096826071e-06, 5.933927695878083e-06, 5.359478109312477e-06, 4.873884790868033e-06, 4.507429366640281e-06, 3.4161416806455236e-06, 3.2856471534614684e-06, 2.5847959932434605e-06, 2.025759158641449e-06, 1.6234894246736076e-06, 1.7345100786769763e-06, 1.7488287085143384e-06, 1.284278710045328e-06, 1.1154938874824438e-06, 9.734525292515173e-07, 6.854342018414172e-07, 5.855496283402317e-07, 4.3345718836462765e-07, 3.2663723459336325e-07, 2.43994207949072e-07, 1.3073602644908533e-07, 3.258488234791912e-08, 4.5922496916261935e-09, 3.376765880802601e-11, 3.2255330351116385e-11, 3.089799596733833e-11, 2.968502874067802e-11, 2.7614828826405535e-11, 2.207304131141008e-11, 1.3550193085631879e-11, 9.357818339661428e-12, 8.748069976749484e-12], "lowlevel.melbands128.stdev": [0.0028238848317414522, 0.011889210902154446, 0.021611860021948814, 0.015512990765273571, 0.006201675161719322, 0.002861427143216133, 0.0015594088472425938, 0.0026393926236778498, 0.003068774240091443, 0.00122816301882267, 0.00046862635645084083, 0.0002749804698396474, 0.0003017554699908942, 0.00035255131660960615, 0.0003909196821041405, 0.00046243652468547225, 0.0005041756085120142, 0.0007538546342402697, 0.0006651490111835301, 0.0004896429018117487, 0.0003932239196728915, 0.00040290423203259706, 0.0004307800263632089, 0.0004193160857539624, 0.00030807830626145005, 0.00016746217443142086, 0.0003311209147796035, 0.00021162998746149242, 0.00022641119721811265, 0.00023211103689391166, 0.00017471010505687445, 0.00014193373499438167, 0.00023210718063637614, 0.00033744535176083446, 0.0002664864296093583, 0.0002359951176913455, 0.00014054343046154827, 8.517630340065807e-05, 8.35805112728849e-05, 0.00014499832468573004, 0.000134596397401765, 0.0001005790545605123, 0.0001048824269673787, 8.374852768611163e-05, 8.50726937642321e-05, 8.46301918500103e-05, 8.017029904294759e-05, 4.758782233693637e-05, 4.024668669444509e-05, 3.624535384005867e-05, 3.388408003957011e-05, 4.473560693440959e-05, 8.573084051022306e-05, 0.00011112122592749074, 0.00010582590039120987, 9.18380610528402e-05, 7.071693835314363e-05, 4.8309724661521614e-05, 3.820105121121742e-05, 2.9262673706398346e-05, 2.4767108698142692e-05, 3.192851727362722e-05, 3.175141682731919e-05, 2.7288206183584407e-05, 2.516327367629856e-05, 2.562080589996185e-05, 2.4745406335568987e-05, 2.039889295701869e-05, 2.3568389224237762e-05, 2.8319080229266547e-05, 2.5448975065955892e-05, 2.3318014427786693e-05, 2.7172853151569143e-05, 2.6667345082387328e-05, 2.0390729332575575e-05, 2.1900168576394208e-05, 1.9536118998075835e-05, 1.984242771868594e-05, 1.8177581296185963e-05, 2.124991806340404e-05, 2.0622190277208574e-05, 2.0823661543545313e-05, 1.6330321159330197e-05, 1.5524827176705003e-05, 1.4788555745326448e-05, 1.3662578567164019e-05, 1.2212702131364495e-05, 1.093196897272719e-05, 9.448414857615717e-06, 8.642250577395316e-06, 9.360462172480766e-06, 9.33607680053683e-06, 9.525331734039355e-06, 9.378345566801727e-06, 1.1380710930097848e-05, 1.2805930055037607e-05, 9.958377631846815e-06, 9.668827260611579e-06, 8.780747521086596e-06, 7.840044418117031e-06, 7.183471552707488e-06, 6.049032890587114e-06, 6.316309736575931e-06, 4.7493240344920196e-06, 3.563908649084624e-06, 2.7108449103252497e-06, 3.0741618957108585e-06, 3.1522006338491337e-06, 2.497449941074592e-06, 2.121118768627639e-06, 1.93208757082175e-06, 1.3854433973392588e-06, 1.4206603964339592e-06, 1.0764417766040424e-06, 8.775892865742208e-07, 6.57444672924612e-07, 3.6789947444049176e-07, 1.6834697191825398e-07, 6.633000282363355e-08, 3.113694024836633e-10, 3.000003856445943e-10, 2.830006229359583e-10, 2.63373073350337e-10, 2.425524781024535e-10, 1.7248939776504102e-10, 6.422536114047972e-11, 1.4725028488205005e-11, 1.245823149503833e-11], "lowlevel.mfcc.mean": [-561.9513549804688, 70.19757843017578, 8.099797248840332, 41.2215461730957, 11.734341621398926, 17.903060913085938, 8.530923843383789, 13.20242691040039, 11.88118839263916, 5.015407562255859, 4.5069756507873535, 6.715426445007324, 5.077000617980957], "lowlevel.spectral_contrast_coeffs.mean": [-0.7302181124687195, -0.7947285175323486, -0.809087336063385, -0.8051937818527222, -0.8035770058631897, -0.7190567851066589], "lowlevel.spectral_contrast_coeffs.stdev": [0.06539588421583176, 0.06509056687355042, 0.04912617802619934, 0.03188048303127289, 0.01933462731540203, 0.02971290796995163], "lowlevel.spectral_contrast_valleys.mean": [-6.134082794189453, -6.496349811553955, -6.837973594665527, -6.823453903198242, -6.256365776062012, -8.925520896911621], "lowlevel.spectral_contrast_valleys.stdev": [0.5547156929969788, 0.6070911288261414, 0.5628771185874939, 0.45060136914253235, 0.39828336238861084, 0.6097134351730347], "rhythm.beats_loudness_band_ratio.mean": [0.6734493374824524, 0.055297162383794785, 0.0673241913318634, 0.059710923582315445, 0.07494382560253143, 0.09744787961244583], "rhythm.beats_loudness_band_ratio.stdev": [0.14139965176582336, 0.05888102948665619, 0.07117719948291779, 0.05387803539633751, 0.052825260907411575, 0.05200390890240669], "tonal.hpcp.mean": [0.10566651821136475, 0.09671410918235779, 0.08463392406702042, 0.10291725397109985, 0.11387179791927338, 0.1305222064256668, 0.21806487441062927, 0.2574363052845001, 0.19783157110214233, 0.13687817752361298, 0.10677417367696762, 0.09411047399044037, 0.10890498757362366, 0.13808698952198029, 0.14376714825630188, 0.13888505101203918, 0.13220560550689697, 0.11098118871450424, 0.08985155820846558, 0.07294688373804092, 0.05124983191490173, 0.04714949056506157, 0.05775522440671921, 0.058320291340351105, 0.06428684294223785, 0.06690490990877151, 0.08352413773536682, 0.12421348690986633, 0.12168044596910477, 0.08832866698503494, 0.0663384348154068, 0.05572471767663956, 0.05700666829943657, 0.06637498736381531, 0.08526121079921722, 0.10217957943677902], "tonal.hpcp.stdev": [0.22698067128658295, 0.225876584649086, 0.20648327469825745, 0.2439388930797577, 0.24287092685699463, 0.24687479436397552, 0.3194124102592468, 0.35634323954582214, 0.30661654472351074, 0.2620934844017029, 0.2364930659532547, 0.21499861776828766, 0.22746646404266357, 0.25367453694343567, 0.26445579528808594, 0.2602427899837494, 0.2686176598072052, 0.2402513027191162, 0.20414669811725616, 0.1749853491783142, 0.12516482174396515, 0.11460981518030167, 0.14950191974639893, 0.14416153728961945, 0.147307351231575, 0.15582023561000824, 0.19171299040317535, 0.2439877688884735, 0.21589869260787964, 0.1737595498561859, 0.14199234545230865, 0.13176792860031128, 0.14167238771915436, 0.16969971358776093, 0.19484585523605347, 0.2154945284128189], "rhythm.beats_position": [0.42956915497779846, 0.8707482814788818, 1.3119274377822876, 1.7531065940856934, 2.18267560005188, 2.623854875564575, 3.0650339126586914, 3.5062131881713867, 3.947392225265503, 4.3769612312316895, 4.818140506744385, 5.24770975112915, 5.6888885498046875, 6.130067825317383, 6.571247100830078, 7.012426376342773, 7.4536051750183105, 7.894784450531006, 8.335963249206543, 8.777142524719238, 9.206711769104004, 9.63628101348877, 10.077460289001465, 10.51863956451416, 10.959818840026855, 11.400997161865234, 11.85378646850586, 12.318185806274414, 12.782585144042969, 13.235373497009277, 13.676552772521973, 14.106122016906738, 14.547301292419434, 14.988480567932129, 15.418049812316895, 15.85922908782959, 16.30040740966797, 16.729976654052734, 17.1595458984375, 17.589115142822266, 18.01868438720703, 18.448253631591797, 18.866212844848633, 19.2957820892334, 19.725351333618164, 20.15492057800293, 20.596099853515625, 21.03727912902832, 21.466848373413086, 21.89641761779785, 22.314376831054688, 22.743946075439453, 23.173513412475586, 23.60308265686035, 24.032651901245117, 24.462221145629883, 24.89179039001465, 25.321359634399414, 25.75092887878418, 26.180498123168945, 26.61006736755371, 27.039636611938477, 27.469205856323242, 27.921995162963867], "rhythm.bpm_histogram": [0.0, 0.0, 0.0, 0.0, 0.0, 0.0, 0.0, 0.0, 0.0, 0.0, 0.0, 0.0, 0.0, 0.0, 0.0, 0.0, 0.0, 0.0, 0.0, 0.0, 0.0, 0.0, 0.0, 0.0, 0.0, 0.0, 0.0, 0.0, 0.0, 0.0, 0.0, 0.0, 0.0, 0.0, 0.0, 0.0, 0.0, 0.0, 0.0, 0.0, 0.0, 0.0, 0.0, 0.0, 0.0, 0.0, 0.0, 0.0, 0.0, 0.0, 0.0, 0.0, 0.0, 0.0, 0.0, 0.0, 0.0, 0.0, 0.0, 0.0, 0.0, 0.0, 0.0, 0.0, 0.0, 0.0, 0.0, 0.0, 0.0, 0.0, 0.0, 0.0, 0.0, 0.0, 0.0, 0.0, 0.0, 0.0, 0.0, 0.0, 0.0, 0.0, 0.0, 0.0, 0.0, 0.0, 0.0, 0.0, 0.0, 0.0, 0.0, 0.0, 0.0, 0.0, 0.0, 0.0, 0.0, 0.0, 0.0, 0.0, 0.0, 0.0, 0.0, 0.0, 0.0, 0.0, 0.0, 0.0, 0.0, 0.0, 0.0, 0.0, 0.0, 0.0, 0.0, 0.0, 0.0, 0.0, 0.0, 0.0, 0.0, 0.0, 0.0, 0.0, 0.0, 0.0, 0.0, 0.0, 0.0, 0.0317460335791111, 0.0, 0.0, 0.0, 0.0476190485060215, 0.0, 0.0, 0.4285714328289032, 0.0, 0.0, 0.0, 0.460317462682724, 0.0, 0.0, 0.0, 0.0317460335791111, 0.0, 0.0, 0.0, 0.0, 0.0, 0.0, 0.0, 0.0, 0.0, 0.0, 0.0, 0.0, 0.0, 0.0, 0.0, 0.0, 0.0, 0.0, 0.0, 0.0, 0.0, 0.0, 0.0, 0.0, 0.0, 0.0, 0.0, 0.0, 0.0, 0.0, 0.0, 0.0, 0.0, 0.0, 0.0, 0.0, 0.0, 0.0, 0.0, 0.0, 0.0, 0.0, 0.0, 0.0, 0.0, 0.0, 0.0, 0.0, 0.0, 0.0, 0.0, 0.0, 0.0, 0.0, 0.0, 0.0, 0.0, 0.0, 0.0, 0.0, 0.0, 0.0, 0.0, 0.0, 0.0, 0.0, 0.0, 0.0, 0.0, 0.0, 0.0, 0.0, 0.0, 0.0, 0.0, 0.0, 0.0, 0.0, 0.0, 0.0, 0.0, 0.0, 0.0, 0.0, 0.0, 0.0, 0.0, 0.0, 0.0, 0.0, 0.0, 0.0, 0.0, 0.0, 0.0, 0.0, 0.0, 0.0, 0.0, 0.0, 0.0, 0.0, 0.0, 0.0, 0.0], "tonal.chords_histogram": [14.332247734069824, 8.95765495300293, 20.358306884765625, 0.0, 8.631921768188477, 0.16286644339561462, 6.026058673858643, 5.537459373474121, 0.0, 2.605863094329834, 0.0, 1.791530966758728, 0.0, 0.9771987199783325, 5.700325965881348, 0.0, 5.3745927810668945, 0.0, 0.6514657735824585, 0.0, 0.0, 0.0, 0.0, 18.892507553100586], "tonal.thpcp": [1.0, 0.7684680223464966, 0.5316972732543945, 0.4147595763206482, 0.36556798219680786, 0.4230366349220276, 0.5363928079605103, 0.5584571361541748, 0.5394928455352783, 0.513546884059906, 0.431101530790329, 0.3490244150161743, 0.28335896134376526, 0.19907771050930023, 0.18315012753009796, 0.22434762120246887, 0.2265426069498062, 0.24971941113471985, 0.2598891854286194, 0.32444584369659424, 0.4825018346309662, 0.4726623296737671, 0.3431088328361511, 0.2576887309551239, 0.2164602130651474, 0.2214398980140686, 0.2578307092189789, 0.3311934173107147, 0.3969120681285858, 0.41045692563056946, 0.37568169832229614, 0.32875674962997437, 0.39977753162384033, 0.442330002784729, 0.5070077776908875, 0.847063422203064], "lowlevel.gfcc.cov": [[1957.15576171875, -107.82109069824219, 161.90158081054688, -62.572837829589844, 10.92557430267334, 156.92872619628906, 66.79576110839844, 134.99386596679688, 23.17204475402832, 43.59965133666992, 2.6555585861206055, 39.121925354003906, -16.43714714050293], [-107.82109069824219, 502.72027587890625, -192.4569549560547, -38.686946868896484, -91.86966705322266, -95.06493377685547, 32.79380416870117, -44.19230651855469, 46.883304595947266, -12.876718521118164, 48.86876678466797, -21.63840103149414, 26.342727661132812], [161.90158081054688, -192.4569549560547, 262.5150451660156, 90.73566436767578, 79.73054504394531, 38.13015365600586, -8.146106719970703, 19.487714767456055, -5.910422325134277, 18.42197608947754, -10.788914680480957, 27.374452590942383, 13.405149459838867], [-62.572837829589844, -38.686946868896484, 90.73566436767578, 190.01364135742188, 97.94895935058594, 13.941672325134277, -18.42047691345215, -30.80653953552246, 15.101970672607422, -1.32890784740448, 5.132684230804443, -9.026055335998535, 33.254032135009766], [10.92557430267334, -91.86966705322266, 79.73054504394531, 97.94895935058594, 188.95294189453125, 79.72974395751953, 38.54838180541992, 8.061715126037598, 33.9327507019043, 27.271284103393555, 2.7129995822906494, 6.7368245124816895, 16.245710372924805], [156.92872619628906, -95.06493377685547, 38.13015365600586, 13.941672325134277, 79.72974395751953, 143.26512145996094, 96.34527587890625, 73.77881622314453, 24.34705924987793, 9.544020652770996, 10.018241882324219, 9.597631454467773, 9.439469337463379], [66.79576110839844, 32.79380416870117, -8.146106719970703, -18.42047691345215, 38.54838180541992, 96.34527587890625, 199.2689208984375, 121.64344024658203, 54.07970428466797, -4.73756742477417, 21.56846046447754, 25.497295379638672, 27.508968353271484], [134.99386596679688, -44.19230651855469, 19.487714767456055, -30.80653953552246, 8.061715126037598, 73.77881622314453, 121.64344024658203, 147.84552001953125, 63.523372650146484, 15.121334075927734, 14.183786392211914, 27.519207000732422, 23.439289093017578], [23.17204475402832, 46.883304595947266, -5.910422325134277, 15.101970672607422, 33.9327507019043, 24.34705924987793, 54.07970428466797, 63.523372650146484, 101.32736206054688, 54.66678237915039, 34.33167266845703, 8.29561710357666, 20.93595314025879], [43.59965133666992, -12.876718521118164, 18.42197608947754, -1.32890784740448, 27.271284103393555, 9.544020652770996, -4.73756742477417, 15.121334075927734, 54.66678237915039, 84.47624206542969, 41.519874572753906, 14.532620429992676, -0.7395856380462646], [2.6555585861206055, 48.86876678466797, -10.788914680480957, 5.132684230804443, 2.7129995822906494, 10.018241882324219, 21.56846046447754, 14.183786392211914, 34.33167266845703, 41.519874572753906, 74.46809387207031, 33.32008743286133, 15.516741752624512], [39.121925354003906, -21.63840103149414, 27.374452590942383, -9.026055335998535, 6.7368245124816895, 9.597631454467773, 25.497295379638672, 27.519207000732422, 8.29561710357666, 14.532620429992676, 33.32008743286133, 63.64093780517578, 32.24507141113281], [-16.43714714050293, 26.342727661132812, 13.405149459838867, 33.254032135009766, 16.245710372924805, 9.439469337463379, 27.508968353271484, 23.439289093017578, 20.93595314025879, -0.7395856380462646, 15.516741752624512, 32.24507141113281, 65.41783905029297]], "lowlevel.gfcc.icov": [[0.0006856752443127334, -0.000538127904292196, -0.0005426437128335238, 5.2255603804951534e-05, 0.00029274486587382853, -0.0012617730535566807, 0.0007091141887940466, -0.00080158154014498, 0.00035015997127629817, -0.0005071901832707226, 0.0006772188935428858, -0.0007663682335987687, 0.0006713193142786622], [-0.000538127904292196, 0.006054416298866272, 0.0018465452594682574, 0.0015203995862975717, 0.0008747298270463943, 0.004381204955279827, -0.004462609067559242, 0.005941316485404968, -0.00528330635279417, 0.0038626620080322027, -0.0053358362056314945, 0.0050671217031776905, -0.004323593806475401], [-0.0005426437128335238, 0.0018465452594682574, 0.00768892839550972, -0.004145072307437658, -0.0005208486691117287, 0.0013563877437263727, -0.0004605006251949817, -0.0014520522672683, 0.002258996246382594, -0.003027586033567786, 0.002548426855355501, -0.0035585411824285984, 0.0006914972327649593], [5.2255603804951534e-05, 0.0015203995862975717, -0.004145072307437658, 0.013652493245899677, -0.005398415494710207, 0.0018776014912873507, 0.0007309397333301604, 0.004251703154295683, -0.0050453064031898975, 0.007634378504008055, -0.008201089687645435, 0.009992340579628944, -0.008729872293770313], [0.00029274486587382853, 0.0008747298270463943, -0.0005208486691117287, -0.005398415494710207, 0.01355781964957714, -0.007256471086293459, -0.003139140550047159, 0.007199101150035858, -0.005417348351329565, -0.003654864151030779, 0.006247241981327534, -0.00526069849729538, 0.0017966479063034058], [-0.0012617730535566807, 0.004381204955279827, 0.0013563877437263727, 0.0018776014912873507, -0.007256471086293459, 0.021081872284412384, -0.007648778147995472, -0.0033114359248429537, 0.0039571598172187805, 0.001010293373838067, -0.008390966802835464, 0.00984171126037836, -0.004266521893441677], [0.0007091141887940466, -0.004462609067559242, -0.0004605006251949817, 0.0007309397333301604, -0.003139140550047159, -0.007648778147995472, 0.017897574231028557, -0.012806292623281479, 0.0004074271710123867, 0.004945293068885803, -0.0004920055507682264, -0.0040931133553385735, 0.0027033714577555656], [-0.00080158154014498, 0.005941316485404968, -0.0014520522672683, 0.004251703154295683, 0.007199101150035858, -0.0033114359248429537, -0.012806292623281479, 0.031281985342502594, -0.020575672388076782, 0.006453854963183403, 0.0013486642856150866, -0.0023387051187455654, -0.004100014455616474], [0.00035015997127629817, -0.00528330635279417, 0.002258996246382594, -0.0050453064031898975, -0.005417348351329565, 0.0039571598172187805, 0.0004074271710123867, -0.020575672388076782, 0.03961963206529617, -0.023512771353125572, 3.487462890916504e-05, 0.007375229150056839, -0.004296489525586367], [-0.0005071901832707226, 0.0038626620080322027, -0.003027586033567786, 0.007634378504008055, -0.003654864151030779, 0.001010293373838067, 0.004945293068885803, 0.006453854963183403, -0.023512771353125572, 0.03710933029651642, -0.017359523102641106, 0.001845710794441402, 0.0025788545608520508], [0.0006772188935428858, -0.0053358362056314945, 0.002548426855355501, -0.008201089687645435, 0.006247241981327534, -0.008390966802835464, -0.0004920055507682264, 0.0013486642856150866, 3.487462890916504e-05, -0.017359523102641106, 0.037321317940950394, -0.02395433373749256, 0.008095995523035526], [-0.0007663682335987687, 0.0050671217031776905, -0.0035585411824285984, 0.009992340579628944, -0.00526069849729538, 0.00984171126037836, -0.0040931133553385735, -0.0023387051187455654, 0.007375229150056839, 0.001845710794441402, -0.02395433373749256, 0.04550521820783615, -0.023225340992212296], [0.0006713193142786622, -0.004323593806475401, 0.0006914972327649593, -0.008729872293770313, 0.0017966479063034058, -0.004266521893441677, 0.0027033714577555656, -0.004100014455616474, -0.004296489525586367, 0.0025788545608520508, 0.008095995523035526, -0.023225340992212296, 0.03292560204863548]], "lowlevel.mfcc.cov": [[1661.7740478515625, 12.370494842529297, 100.36140441894531, -119.32538604736328, -3.958692789077759, -0.12136457115411758, 64.07757568359375, 85.44336700439453, 54.1136589050293, 63.300819396972656, 38.53700637817383, 66.46281433105469, 4.097897052764893], [12.370494842529297, 367.57122802734375, -98.47148895263672, -17.514469146728516, -124.76119995117188, -43.10378646850586, -47.80850601196289, -18.652124404907227, -15.629091262817383, -16.82746696472168, 10.01676082611084, 22.890762329101562, 32.76065444946289], [100.36140441894531, -98.47148895263672, 170.716552734375, 38.171844482421875, 38.89947509765625, -1.5640039443969727, 10.076615333557129, 6.555969715118408, 1.2827847003936768, 6.069542407989502, -20.1193904876709, -8.341097831726074, 3.013213872909546], [-119.32538604736328, -17.514469146728516, 38.171844482421875, 163.991455078125, 77.18040466308594, 40.740562438964844, -22.581331253051758, -28.1402587890625, -6.578884124755859, -4.19566535949707, -15.716777801513672, -31.52440643310547, -1.0753170251846313], [-3.958692789077759, -124.76119995117188, 38.89947509765625, 77.18040466308594, 173.26242065429688, 82.84864044189453, 1.545560359954834, -30.692798614501953, -2.026841163635254, 19.211002349853516, 4.002575397491455, -12.63525390625, -14.190847396850586], [-0.12136457115411758, -43.10378646850586, -1.5640039443969727, 40.740562438964844, 82.84864044189453, 107.07183074951172, 39.83896255493164, 2.3672454357147217, 7.970402717590332, 18.796640396118164, 12.822771072387695, -0.7191122174263, -2.151061773300171], [64.07757568359375, -47.80850601196289, 10.076615333557129, -22.581331253051758, 1.545560359954834, 39.83896255493164, 113.69637298583984, 94.02814483642578, 47.806636810302734, 23.883800506591797, 14.377098083496094, 16.987590789794922, 6.6910905838012695], [85.44336700439453, -18.652124404907227, 6.555969715118408, -28.1402587890625, -30.692798614501953, 2.3672454357147217, 94.02814483642578, 143.17005920410156, 85.74304962158203, 33.513858795166016, 14.424569129943848, 19.292007446289062, 13.102225303649902], [54.1136589050293, -15.629091262817383, 1.2827847003936768, -6.578884124755859, -2.026841163635254, 7.970402717590332, 47.806636810302734, 85.74304962158203, 105.95550537109375, 59.38276672363281, 24.2725887298584, 11.287345886230469, 7.747518062591553], [63.300819396972656, -16.82746696472168, 6.069542407989502, -4.19566535949707, 19.211002349853516, 18.796640396118164, 23.883800506591797, 33.513858795166016, 59.38276672363281, 79.10323333740234, 44.537391662597656, 18.873703002929688, 2.448345422744751], [38.53700637817383, 10.01676082611084, -20.1193904876709, -15.716777801513672, 4.002575397491455, 12.822771072387695, 14.377098083496094, 14.424569129943848, 24.2725887298584, 44.537391662597656, 73.47698211669922, 47.6288948059082, 13.447593688964844], [66.46281433105469, 22.890762329101562, -8.341097831726074, -31.52440643310547, -12.63525390625, -0.7191122174263, 16.987590789794922, 19.292007446289062, 11.287345886230469, 18.873703002929688, 47.6288948059082, 77.68205261230469, 39.8887825012207], [4.097897052764893, 32.76065444946289, 3.013213872909546, -1.0753170251846313, -14.190847396850586, -2.151061773300171, 6.6910905838012695, 13.102225303649902, 7.747518062591553, 2.448345422744751, 13.447593688964844, 39.8887825012207, 65.8694839477539]], "lowlevel.mfcc.icov": [[0.0007454406004399061, -0.00036006385926157236, -0.0007071357686072588, 0.0007269847556017339, -0.0003933583211619407, -0.00011847053974634036, 0.00010852800915017724, -0.00043973259744234383, 0.0001286909682676196, -0.0003998882311861962, 0.00022874657588545233, -0.0006015030085109174, 0.0004820323083549738], [-0.00036006385926157236, 0.005170067306607962, 0.002437490737065673, -0.0018264349782839417, 0.004640250466763973, -0.0017498363740742207, 0.0026037925854325294, -0.0001864610967459157, 0.0004791189276147634, -0.0006553117418661714, 0.0004007598618045449, -0.0008169006323441863, -0.001594269066117704], [-0.0007071357686072588, 0.002437490737065673, 0.009102343581616879, -0.0030257483012974262, -0.00021181083866395056, 0.0028663063421845436, -0.0013738025445491076, -2.7174121441930765e-06, 0.0021582350600510836, -0.003683325834572315, 0.004319759551435709, -0.0012806615559384227, -0.0016693397192284465], [0.0007269847556017339, -0.0018264349782839417, -0.0030257483012974262, 0.010870172642171383, -0.004542194772511721, -0.0025461912155151367, 0.0030182760674506426, -0.001372000202536583, -0.0011161811416968703, 0.0020213157404214144, -0.001965124858543277, 0.00510716438293457, -0.002551793586462736], [-0.0003933583211619407, 0.004640250466763973, -0.00021181083866395056, -0.004542194772511721, 0.01668841391801834, -0.010469039902091026, 0.0037624798715114594, 0.0022515924647450447, -0.0007143744733184576, -0.0021580851171165705, 0.0012112297117710114, -0.0025715664960443974, 0.0015497672138735652], [-0.00011847053974634036, -0.0017498363740742207, 0.0028663063421845436, -0.0025461912155151367, -0.010469039902091026, 0.023504335433244705, -0.014633530750870705, 0.00647331029176712, 0.00024376636429224163, -0.0018192421412095428, -0.0014315139269456267, 0.002050369745120406, -0.0014944709837436676], [0.00010852800915017724, 0.0026037925854325294, -0.0013738025445491076, 0.0030182760674506426, 0.0037624798715114594, -0.014633530750870705, 0.031788088381290436, -0.021998252719640732, 0.005838088691234589, -0.0009411467472091317, -5.1050421461695805e-05, -0.0017449331935495138, 0.0007051218417473137], [-0.00043973259744234383, -0.0001864610967459157, -2.7174121441930765e-06, -0.001372000202536583, 0.0022515924647450447, 0.00647331029176712, -0.021998252719640732, 0.03267238661646843, -0.02025684341788292, 0.006135555449873209, 0.0008754536975175142, -0.0019157491624355316, -0.00033408956369385123], [0.0001286909682676196, 0.0004791189276147634, 0.0021582350600510836, -0.0011161811416968703, -0.0007143744733184576, 0.00024376636429224163, 0.005838088691234589, -0.02025684341788292, 0.034252919256687164, -0.02158600464463234, 0.003664615098387003, 0.002505103126168251, -0.002564535941928625], [-0.0003998882311861962, -0.0006553117418661714, -0.003683325834572315, 0.0020213157404214144, -0.0021580851171165705, -0.0018192421412095428, -0.0009411467472091317, 0.006135555449873209, -0.02158600464463234, 0.03832993283867836, -0.020448653027415276, 0.005054938606917858, 0.0011308988323435187], [0.00022874657588545233, 0.0004007598618045449, 0.004319759551435709, -0.001965124858543277, 0.0012112297117710114, -0.0014315139269456267, -5.1050421461695805e-05, 0.0008754536975175142, 0.003664615098387003, -0.020448653027415276, 0.03965218737721443, -0.023733964189887047, 0.006208495702594519], [-0.0006015030085109174, -0.0008169006323441863, -0.0012806615559384227, 0.00510716438293457, -0.0025715664960443974, 0.002050369745120406, -0.0017449331935495138, -0.0019157491624355316, 0.002505103126168251, 0.005054938606917858, -0.023733964189887047, 0.03831907734274864, -0.018185198307037354], [0.0004820323083549738, -0.001594269066117704, -0.0016693397192284465, -0.002551793586462736, 0.0015497672138735652, -0.0014944709837436676, 0.0007051218417473137, -0.00033408956369385123, -0.002564535941928625, 0.0011308988323435187, 0.006208495702594519, -0.018185198307037354, 0.026263652369379997]], "metadata.audio_properties.analysis.downmix": "mix", "metadata.audio_properties.codec": "mp3", "metadata.audio_properties.md5_encoded": "4ec8bb25ab28e18517d5e3c8f1f7f447", "metadata.tags.file_name": "1182273064134783026.mp3", "metadata.version.essentia": "2.1-beta6-dev", "metadata.version.essentia_git_sha": "v2.1_beta5-1110-g77a6a954", "metadata.version.extractor": "music 2.0", "tonal.chords_key": "F#", "tonal.chords_scale": "minor", "tonal.key_edma.key": "B", "tonal.key_edma.scale": "minor", "tonal.key_krumhansl.key": "B", "tonal.key_krumhansl.scale": "minor", "tonal.key_temperley.key": "B", "tonal.key_temperley.scale": "minor", "metadata.tags.encoding": ["Lavf58.45.100"]}, "essentia_models": [{"model_name": "genre_dortmund", "activations": {"alternat