{"song_id": "1182272612173361212", "download": "https://cdn.discordapp.com/attachments/1135903449314238464/1182272612173361212/chirp.mp4?ex=6584182c&amp", "lyrics": "Verse 2:\nRound and round your toothbrush sweeps,\nCleaning deep where the tiny bug creeps.\nTop to bottom, side to side,\nBrush them all, wide and wide.\n\nBridge:\nTeeth help us eat, and smile so bright,\nLet's keep them clean, morning and night.\nFloss in between, it's quite the scene,\nFor teeth so clean, and gums so lean.\n\nChorus:\nTra la la, sing with glee,\nBrushing's fun for you and me.\nWave goodbye to tooth decay,\nSmile bright, hip hip hooray!", "style": ["happy song for kids"], "essentia_features": {"lowlevel.average_loudness": 0.9630762934684753, "lowlevel.barkbands_crest.mean": 10.911484718322754, "lowlevel.barkbands_crest.stdev": 4.0658721923828125, "lowlevel.barkbands_flatness_db.mean": 0.1405777931213379, "lowlevel.barkbands_flatness_db.stdev": 0.044966086745262146, "lowlevel.barkbands_kurtosis.mean": 5.402866363525391, "lowlevel.barkbands_kurtosis.stdev": 7.356881618499756, "lowlevel.barkbands_skewness.mean": 1.8163715600967407, "lowlevel.barkbands_skewness.stdev": 1.2859066724777222, "lowlevel.barkbands_spread.mean": 24.11870002746582, "lowlevel.barkbands_spread.stdev": 13.861915588378906, "lowlevel.dissonance.mean": 0.4567617177963257, "lowlevel.dissonance.stdev": 0.02823508158326149, "lowlevel.dynamic_complexity": 2.361788511276245, "lowlevel.erbbands_crest.mean": 10.63327693939209, "lowlevel.erbbands_crest.stdev": 5.707626819610596, "lowlevel.erbbands_flatness_db.mean": 0.14595723152160645, "lowlevel.erbbands_flatness_db.stdev": 0.048249613493680954, "lowlevel.erbbands_kurtosis.mean": 0.5558093786239624, "lowlevel.erbbands_kurtosis.stdev": 2.712617874145508, "lowlevel.erbbands_skewness.mean": 0.4410136044025421, "lowlevel.erbbands_skewness.stdev": 0.8322522044181824, "lowlevel.erbbands_spread.mean": 49.372554779052734, "lowlevel.erbbands_spread.stdev": 25.608713150024414, "lowlevel.hfc.mean": 23.97435188293457, "lowlevel.hfc.stdev": 15.119014739990234, "lowlevel.loudness_ebu128.integrated": -11.732158660888672, "lowlevel.loudness_ebu128.loudness_range": 2.66036319732666, "lowlevel.loudness_ebu128.momentary.mean": -11.949095726013184, "lowlevel.loudness_ebu128.momentary.stdev": 1.422220230102539, "lowlevel.loudness_ebu128.short_term.mean": -11.84351634979248, "lowlevel.loudness_ebu128.short_term.stdev": 0.9531082510948181, "lowlevel.melbands_crest.mean": 15.042963981628418, "lowlevel.melbands_crest.stdev": 5.005796909332275, "lowlevel.melbands_flatness_db.mean": 0.20119573175907135, "lowlevel.melbands_flatness_db.stdev": 0.05773758515715599, "lowlevel.melbands_kurtosis.mean": 19.450098037719727, "lowlevel.melbands_kurtosis.stdev": 22.33114242553711, "lowlevel.melbands_skewness.mean": 3.2196147441864014, "lowlevel.melbands_skewness.stdev": 1.9519822597503662, "lowlevel.melbands_spread.mean": 23.189308166503906, "lowlevel.melbands_spread.stdev": 22.162477493286133, "lowlevel.pitch_salience.mean": 0.5078218579292297, "lowlevel.pitch_salience.stdev": 0.11832071840763092, "lowlevel.silence_rate_20dB.mean": 1.0, "lowlevel.silence_rate_20dB.stdev": 0.0, "lowlevel.silence_rate_30dB.mean": 1.0, "lowlevel.silence_rate_30dB.stdev": 0.0, "lowlevel.silence_rate_60dB.mean": 0.04534792900085449, "lowlevel.silence_rate_60dB.stdev": 0.20806588232517242, "lowlevel.spectral_centroid.mean": 1320.6016845703125, "lowlevel.spectral_centroid.stdev": 717.1192626953125, "lowlevel.spectral_complexity.mean": 15.634870529174805, "lowlevel.spectral_complexity.stdev": 6.881467819213867, "lowlevel.spectral_decrease.mean": -7.584677774730153e-09, "lowlevel.spectral_decrease.stdev": 4.134177000736372e-09, "lowlevel.spectral_energy.mean": 0.030800888314843178, "lowlevel.spectral_energy.stdev": 0.016482897102832794, "lowlevel.spectral_energyband_high.mean": 0.001208009198307991, "lowlevel.spectral_energyband_high.stdev": 0.0011785962851718068, "lowlevel.spectral_energyband_low.mean": 0.010797564871609211, "lowlevel.spectral_energyband_low.stdev": 0.011334042996168137, "lowlevel.spectral_energyband_middle_high.mean": 0.005765784997493029, "lowlevel.spectral_energyband_middle_high.stdev": 0.007194660138338804, "lowlevel.spectral_energyband_middle_low.mean": 0.014746282249689102, "lowlevel.spectral_energyband_middle_low.stdev": 0.010393034666776657, "lowlevel.spectral_entropy.mean": 7.56449031829834, "lowlevel.spectral_entropy.stdev": 0.4427221715450287, "lowlevel.spectral_flux.mean": 0.08036114275455475, "lowlevel.spectral_flux.stdev": 0.04935010150074959, "lowlevel.spectral_kurtosis.mean": 3.361804485321045, "lowlevel.spectral_kurtosis.stdev": 2.162379741668701, "lowlevel.spectral_rms.mean": 0.005222692154347897, "lowlevel.spectral_rms.stdev": 0.0016652619233354926, "lowlevel.spectral_rolloff.mean": 1610.1419677734375, "lowlevel.spectral_rolloff.stdev": 1925.442138671875, "lowlevel.spectral_skewness.mean": 1.4725406169891357, "lowlevel.spectral_skewness.stdev": 0.42389410734176636, "lowlevel.spectral_spread.mean": 5884232.5, "lowlevel.spectral_spread.stdev": 1818220.25, "lowlevel.spectral_strongpeak.mean": 1.3097714185714722, "lowlevel.spectral_strongpeak.stdev": 1.5069622993469238, "lowlevel.zerocrossingrate.mean": 0.073094442486763, "lowlevel.zerocrossingrate.stdev": 0.04506717994809151, "metadata.audio_properties.analysis.equal_loudness": 0.0, "metadata.audio_properties.analysis.length": 29.67464828491211, "metadata.audio_properties.analysis.sample_rate": 44100.0, "metadata.audio_properties.analysis.start_time": 0.0, "metadata.audio_properties.bit_rate": 118772.0, "metadata.audio_properties.length": 29.674667358398438, "metadata.audio_properties.lossless": 0.0, "metadata.audio_properties.number_channels": 1.0, "metadata.audio_properties.replay_gain": -14.839292526245117, "metadata.audio_properties.sample_rate": 48000.0, "rhythm.beats_count": 58.0, "rhythm.beats_loudness.mean": 0.03632070869207382, "rhythm.beats_loudness.stdev": 0.011980247683823109, "rhythm.bpm": 117.45826721191406, "rhythm.bpm_histogram_first_peak_bpm": 117.0, "rhythm.bpm_histogram_first_peak_weight": 0.07407402992248535, "rhythm.bpm_histogram_second_peak_bpm": 126.0, "rhythm.bpm_histogram_second_peak_spread": 0.5, "rhythm.bpm_histogram_second_peak_weight": 0.017543859779834747, "rhythm.danceability": 1.1750409603118896, "rhythm.onset_rate": 4.547489166259766, "tonal.chords_changes_rate": 0.05312500149011612, "tonal.chords_number_rate": 0.012500000186264515, "tonal.chords_strength.mean": 0.5163756012916565, "tonal.chords_strength.stdev": 0.07721749693155289, "tonal.hpcp_crest.mean": 18.907596588134766, "tonal.hpcp_crest.stdev": 8.789314270019531, "tonal.hpcp_entropy.mean": 1.45888352394104, "tonal.hpcp_entropy.stdev": 0.7780407071113586, "tonal.key_edma.strength": 0.7801560759544373, "tonal.key_krumhansl.strength": 0.7910528182983398, "tonal.key_temperley.strength": 0.8009111285209656, "tonal.tuning_diatonic_strength": 0.6799991726875305, "tonal.tuning_equal_tempered_deviation": 0.12003205716609955, "tonal.tuning_frequency": 437.9714660644531, "tonal.tuning_nontempered_energy_ratio": 0.6973354816436768, "lowlevel.barkbands.mean": [0.00012499418517109007, 0.0034127612598240376, 0.005772178526967764, 0.0030130587983876467, 0.002426340477541089, 0.004405640996992588, 0.0023109628818929195, 0.0013191960752010345, 0.0008494905196130276, 0.0012095149140805006, 0.0011285789078101516, 0.0005848965374752879, 0.0008206643396988511, 0.00034702656557783484, 0.0003000233555212617, 0.00034573630546219647, 0.0003313259803690016, 0.00042302656220272183, 0.000309137802105397, 0.00044806316145695746, 0.0002208467194577679, 9.282142127631232e-05, 0.0001520691002951935, 0.0001525872212368995, 0.00020129898621235043, 9.720569505589083e-05, 1.4375179944181582e-06], "lowlevel.barkbands.stdev": [0.000144276418723166, 0.006662564352154732, 0.0062449113465845585, 0.0027758523356169462, 0.0024964252952486277, 0.007293491158634424, 0.0055562336929142475, 0.004058644641190767, 0.0024526254273951054, 0.003541697282344103, 0.003492021467536688, 0.0020411708392202854, 0.0028423676267266273, 0.0013775356346741319, 0.000725235091522336, 0.00092915422283113, 0.0006050901720300317, 0.00100070727057755, 0.00046398001722991467, 0.0007068418781273067, 0.0003152515855617821, 0.00019873856217600405, 0.0003825689200311899, 0.00024239752383437008, 0.0002449692692607641, 0.00016397256695199758, 4.2083916014235e-06], "lowlevel.erbbands.mean": [0.0439334399998188, 0.9997528195381165, 5.4672136306762695, 9.505487442016602, 9.85248851776123, 6.560862064361572, 13.321856498718262, 48.16110610961914, 36.44216537475586, 36.405521392822266, 17.15668296813965, 24.015544891357422, 28.027074813842773, 41.88977813720703, 47.631080627441406, 28.81507110595703, 38.927772521972656, 22.859378814697266, 17.501420974731445, 14.391818046569824, 20.685117721557617, 17.585268020629883, 26.409164428710938, 17.72030258178711, 14.105875015258789, 19.881418228149414, 16.40871238708496, 5.219801902770996, 3.5200867652893066, 3.7182979583740234, 4.325247287750244, 3.007314920425415, 2.7847721576690674, 2.569532871246338, 1.216081142425537, 0.4882379174232483, 0.1682199388742447, 0.020617090165615082, 0.00041065854020416737, 5.3860181651543826e-05], "lowlevel.erbbands.stdev": [0.10169657319784164, 1.831830382347107, 6.568246841430664, 7.976074695587158, 9.531227111816406, 8.452978134155273, 19.026050567626953, 84.35076141357422, 70.13758850097656, 84.31381225585938, 68.24425506591797, 68.15807342529297, 92.73712921142578, 121.00357055664062, 152.71287536621094, 97.40027618408203, 130.19857788085938, 75.28631591796875, 42.17753601074219, 31.315120697021484, 56.94129943847656, 26.14095687866211, 66.84268951416016, 29.49934196472168, 22.07576560974121, 29.92993927001953, 25.954631805419922, 7.929008483886719, 7.280767917633057, 8.838288307189941, 10.537383079528809, 5.916244983673096, 3.859999179840088, 3.102053165435791, 1.6728358268737793, 0.7948338985443115, 0.29204005002975464, 0.03824934363365173, 0.0007116800406947732, 3.8025580579414964e-05], "lowlevel.gfcc.mean": [16.724136352539062, 70.93424987792969, -103.8112564086914, 31.258386611938477, -63.85942840576172, 13.073386192321777, -47.13917922973633, 14.002893447875977, -38.574825286865234, 4.268471717834473, -17.65544319152832, -2.1260669231414795, -11.033239364624023], "lowlevel.melbands.mean": [0.0006718105869367719, 0.0023955530487000942, 0.0016959399217739701, 0.0005398513749241829, 0.0004646366578526795, 0.0009888935601338744, 0.0005499431281350553, 0.0003900929295923561, 0.00011766590614570305, 0.00015263969544321299, 0.00013561613741330802, 0.0001652251521591097, 0.00014713691780343652, 9.361755655845627e-05, 6.647322879871354e-05, 8.170993532985449e-05, 3.89191773138009e-05, 2.784287789836526e-05, 1.8594731955090538e-05, 2.3746566512272693e-05, 2.3963579224073328e-05, 1.7265825590584427e-05, 2.6667943529901095e-05, 1.6149459042935632e-05, 1.448850889573805e-05, 9.933719411492348e-06, 9.804520232137293e-06, 1.4554658264387399e-05, 1.278752097277902e-05, 5.517641511687543e-06, 2.1270666366035584e-06, 2.001420170927304e-06, 1.7196254020745982e-06, 2.3004840841167606e-06, 2.588016286608763e-06, 2.1647513221978443e-06, 1.7455391798648634e-06, 1.8568274526842288e-06, 2.2000517674314324e-06, 2.1925118289800594e-06], "lowlevel.melbands.stdev": [0.0013593868352472782, 0.002861486282199621, 0.0012655687751248479, 0.0004986193962395191, 0.0006156919407658279, 0.0016822385368868709, 0.0011260166065767407, 0.0009283917606808245, 0.0005277827731333673, 0.00043393822852522135, 0.00046572822611778975, 0.0005122691509313881, 0.0004536787746474147, 0.00028717739041894674, 0.00021127397485543042, 0.00029384586378000677, 0.00016040222544688731, 7.204582652775571e-05, 4.5980832510394976e-05, 5.347559999790974e-05, 6.789647886762396e-05, 3.0027984394109808e-05, 5.923360731685534e-05, 3.6565539630828425e-05, 2.667382432264276e-05, 1.8604016077006236e-05, 1.3927242434874643e-05, 2.413376023469027e-05, 2.323891931155231e-05, 8.815756700641941e-06, 4.254583927831845e-06, 4.269480996299535e-06, 3.915165052603697e-06, 6.390398993971758e-06, 7.069384537317092e-06, 4.530548267211998e-06, 3.4897557270596735e-06, 2.871619699362782e-06, 2.668346951395506e-06, 2.7566816243052017e-06], "lowlevel.melbands128.mean": [4.6822300646454096e-05, 0.00018035595712717623, 0.0007659688708372414, 0.0019040933111682534, 0.0025548331905156374, 0.002974032424390316, 0.0019697423558682203, 0.0014722624327987432, 0.0010400230530649424, 0.00036078813718631864, 0.00030596053693443537, 0.000424531870521605, 0.0002942760183941573, 0.0007045662496238947, 0.0014955055667087436, 0.0008490137988701463, 0.00048686726950109005, 0.0006072295946069062, 0.00048564383178018034, 0.00037194235483184457, 0.0004344807530287653, 0.00012934314145240933, 8.514572255080566e-05, 6.200055941008031e-05, 0.0001775940618244931, 0.0001927942066686228, 8.692163100931793e-05, 0.00018150595133192837, 7.822420593583956e-05, 0.0002222586772404611, 0.00017956677766051143, 9.644016245147213e-05, 0.00012409251939971, 0.00024930271320044994, 5.798638812848367e-05, 8.057376544456929e-05, 8.120677375700325e-05, 2.8086125894333236e-05, 9.419824345968664e-05, 0.00010393108823336661, 9.229591523762792e-05, 2.2210711904335767e-05, 3.73832845070865e-05, 5.3511845180764794e-05, 1.995070488192141e-05, 2.7566042263060808e-05, 3.1359002605313435e-05, 1.632364910619799e-05, 1.3174247214919887e-05, 1.8885313693317585e-05, 2.54218412010232e-05, 2.9088709197822027e-05, 2.4056409529293887e-05, 2.2158403226058e-05, 2.4345790734514594e-05, 1.4504146747640334e-05, 1.090462592401309e-05, 2.2734157028025948e-05, 3.390917481738143e-05, 3.675862535601482e-05, 4.889957381237764e-06, 7.81010567152407e-06, 2.5796603949856944e-05, 1.2185242667328566e-05, 5.47694435226731e-06, 1.0689827831811272e-05, 1.3013458556088153e-05, 6.749929070792859e-06, 9.201985449180938e-06, 1.4161408216750715e-05, 8.26756422611652e-06, 2.165093792427797e-05, 1.8394062863080762e-05, 9.27802193473326e-06, 8.37976585899014e-06, 6.583250069525093e-06, 4.216205979901133e-06, 2.171628239011625e-06, 1.9386525309528224e-06, 1.7098158195949509e-06, 2.1251173620839836e-06, 2.097564902214799e-06, 1.7980842130782548e-06, 1.7064023722923594e-06, 1.5843183973629493e-06, 1.8799836425387184e-06, 2.654892796272179e-06, 2.958851609946578e-06, 2.4337607555935392e-06, 2.499788024579175e-06, 2.485263394191861e-06, 2.0281061097193742e-06, 1.7261501170651172e-06, 1.4732178215126623e-06, 2.029488086918718e-06, 1.946464635693701e-06, 1.6588487596891355e-06, 1.922585397551302e-06, 2.2577180516236695e-06, 2.373664983679191e-06, 2.190030272686272e-06, 2.500440587027697e-06, 1.7075094547180925e-06, 1.3897466715206974e-06, 1.2485417073548888e-06, 1.3980549056213931e-06, 1.055106054081989e-06, 1.099965970752237e-06, 8.198286423066747e-07, 6.019749889674131e-07, 5.215181317907991e-07, 6.264420449042518e-07, 6.008080504216196e-07, 4.370450028545747e-07, 4.144109198023216e-07, 2.260615303839586e-07, 5.981517858799634e-08, 1.5535139841205137e-10, 3.927508492040932e-12, 3.7022576844514266e-12, 3.54754853965078e-12, 3.404318060090672e-12, 3.2938807931204295e-12, 3.224020226136326e-12, 3.1506281958360027e-12, 3.0700841174846616e-12, 3.0202947347984788e-12, 2.9988112687506785e-12], "lowlevel.melbands128.stdev": [9.560743637848645e-05, 0.0005968289915472269, 0.001781489118002355, 0.0036885328590869904, 0.003928186371922493, 0.003113316837698221, 0.0019743384327739477, 0.0016595794586464763, 0.0011199814034625888, 0.0004532655293587595, 0.0005272195558063686, 0.0007590038003399968, 0.0005744458758272231, 0.0015550535172224045, 0.0030190946999937296, 0.0017420273507013917, 0.001197591656818986, 0.001790099311619997, 0.001702712383121252, 0.0010591392638161778, 0.001396561274304986, 0.0006106581422500312, 0.000837319006677717, 0.0003597691538743675, 0.0006420569261536002, 0.0006337797385640442, 0.00037951290141791105, 0.0008783574448898435, 0.0002617084246594459, 0.000904799613635987, 0.0006363901193253696, 0.0004790849343407899, 0.0004819325404241681, 0.0010558337671682239, 0.00021937031124252826, 0.00044017331674695015, 0.0003898526483681053, 0.00012620781490113586, 0.00046708103036507964, 0.00044808132224716246, 0.0004376907309051603, 0.0001449949195375666, 0.00019883464847225696, 0.00026805404922924936, 0.00010433924035169184, 9.988730016630143e-05, 0.00010502623626962304, 7.903306686785072e-05, 4.535183325060643e-05, 8.315683953696862e-05, 6.474855035776272e-05, 9.994244464905933e-05, 0.0001463830121792853, 7.317836571019143e-05, 7.665561133762822e-05, 3.176859536324628e-05, 2.6187773983110674e-05, 6.376511737471446e-05, 9.715843043522909e-05, 0.0001299956493312493, 8.488636922265869e-06, 1.659508234297391e-05, 6.211284926394e-05, 2.706834493437782e-05, 1.0217326234851498e-05, 2.3037728169583715e-05, 3.438681233092211e-05, 1.2808515748474747e-05, 1.7315524019068107e-05, 3.433202800806612e-05, 1.995676757360343e-05, 5.195684207137674e-05, 5.5382366554113105e-05, 1.965063529496547e-05, 1.612207415746525e-05, 1.5307243302231655e-05, 8.79652907315176e-06, 5.564157163462369e-06, 5.0439116421330255e-06, 3.76334173779469e-06, 4.993009497411549e-06, 4.642231488105608e-06, 4.474936758924741e-06, 4.095202712051105e-06, 3.7565116599580506e-06, 5.02839611726813e-06, 9.062101526069455e-06, 1.0968489732476883e-05, 6.452757588704117e-06, 6.845496955065755e-06, 5.300043085298967e-06, 4.6006070988369174e-06, 4.006787094112951e-06, 3.8036976093280828e-06, 3.7631434679497033e-06, 3.3799897209974006e-06, 2.981973693749751e-06, 2.8809783998440253e-06, 2.965483190564555e-06, 3.0448597954091383e-06, 3.1302420211432036e-06, 3.3968481147894636e-06, 2.368629793636501e-06, 2.249771114293253e-06, 2.0383774881338468e-06, 2.3178533865575446e-06, 1.8496690472602495e-06, 2.0423119622137165e-06, 1.4584094287783955e-06, 1.1532279131643008e-06, 1.1158697361679515e-06, 1.1974558447036543e-06, 1.054857307281054e-06, 8.561644904148125e-07, 8.433552238784614e-07, 4.978797392141132e-07, 1.6297389038300025e-07, 1.092647639033828e-09, 7.633954232644236e-12, 6.388186420819286e-12, 5.792110280983254e-12, 5.29232170240479e-12, 5.119454773300225e-12, 5.012314781976945e-12, 4.917746765364939e-12, 4.8439420877177675e-12, 4.796115327804218e-12, 4.7669802133443184e-12], "lowlevel.mfcc.mean": [-632.1448364257812, 104.03633117675781, 13.11113452911377, 20.443809509277344, 7.599961280822754, -5.016205787658691, 7.489600658416748, -4.765024185180664, -2.317837715148926, -4.273330211639404, -8.052718162536621, -0.783685028553009, 0.48884183168411255], "lowlevel.spectral_contrast_coeffs.mean": [-0.6575075387954712, -0.6762665510177612, -0.7365032434463501, -0.7841523289680481, -0.7837685942649841, -0.7814406752586365], "lowlevel.spectral_contrast_coeffs.stdev": [0.07410861551761627, 0.09223434329032898, 0.07808083295822144, 0.05919433757662773, 0.05378137528896332, 0.03745238110423088], "lowlevel.spectral_contrast_valleys.mean": [-6.920051574707031, -7.058013439178467, -7.5735955238342285, -7.761807918548584, -7.447985649108887, -9.860960006713867], "lowlevel.spectral_contrast_valleys.stdev": [1.0395680665969849, 0.602264404296875, 0.5215151906013489, 0.46856874227523804, 0.5507400631904602, 0.6927632689476013], "rhythm.beats_loudness_band_ratio.mean": [0.3569898009300232, 0.20804236829280853, 0.18986475467681885, 0.14028695225715637, 0.06333233416080475, 0.08664756268262863], "rhythm.beats_loudness_band_ratio.stdev": [0.21461039781570435, 0.16850478947162628, 0.21499186754226685, 0.14092199504375458, 0.04605846107006073, 0.08100638538599014], "tonal.hpcp.mean": [0.12656182050704956, 0.10548746585845947, 0.06267984211444855, 0.12438342720270157, 0.10272953659296036, 0.03402857854962349, 0.02993830107152462, 0.03353442624211311, 0.17068734765052795, 0.3639068603515625, 0.23499886691570282, 0.03772393614053726, 0.027052361518144608, 0.021302910521626472, 0.04311441630125046, 0.12552869319915771, 0.10781323909759521, 0.036338381469249725, 0.030937936156988144, 0.026305299252271652, 0.03896768391132355, 0.07036130875349045, 0.07778018712997437, 0.2013964205980301, 0.44464120268821716, 0.3041068911552429, 0.05287591740489006, 0.045290518552064896, 0.04186306148767471, 0.09282254427671432, 0.19788199663162231, 0.15341593325138092, 0.045731548219919205, 0.031072065234184265, 0.02564130164682865, 0.0548904612660408], "tonal.hpcp.stdev": [0.24934710562229156, 0.21659576892852783, 0.1510336548089981, 0.27738508582115173, 0.23988014459609985, 0.11986856162548065, 0.1103506088256836, 0.1216067224740982, 0.22613413631916046, 0.4034092128276825, 0.26558300852775574, 0.11823253333568573, 0.09243424236774445, 0.0807742029428482, 0.10997887700796127, 0.26584136486053467, 0.23348993062973022, 0.10494078695774078, 0.1000763475894928, 0.1055697575211525, 0.12424105405807495, 0.18841950595378876, 0.1979147046804428, 0.23126408457756042, 0.42500728368759155, 0.31466424465179443, 0.15265347063541412, 0.15744628012180328, 0.13982859253883362, 0.18066009879112244, 0.2987951338291168, 0.24708561599254608, 0.12893015146255493, 0.11636345088481903, 0.10487935692071915, 0.12756650149822235], "rhythm.beats_position": [0.4411791265010834, 0.9055781960487366, 1.3583673238754272, 1.834376335144043, 2.3336052894592285, 2.832834482192993, 3.355283498764038, 3.877732276916504, 4.388571262359619, 4.899410247802734, 5.41024923324585, 5.921088218688965, 6.43192720413208, 6.942766189575195, 7.4536051750183105, 7.964444160461426, 8.4752836227417, 8.986122131347656, 9.49696159362793, 10.007800102233887, 10.51863956451416, 11.029478073120117, 11.54031753540039, 12.051156044006348, 12.561995506286621, 13.072834014892578, 13.583673477172852, 14.094511985778809, 14.605351448059082, 15.116189956665039, 15.627029418945312, 16.137868881225586, 16.648706436157227, 17.1595458984375, 17.670385360717773, 18.181224822998047, 18.692062377929688, 19.20290184020996, 19.713741302490234, 20.224580764770508, 20.73541831970215, 21.246257781982422, 21.757097244262695, 22.26793670654297, 22.77877426147461, 23.289613723754883, 23.800453186035156, 24.31129264831543, 24.82213020324707, 25.332969665527344, 25.843809127807617, 26.35464859008789, 26.86548614501953, 27.376325607299805, 27.887165069580078, 28.39800453186035, 28.908842086791992, 29.419681549072266], "rhythm.bpm_histogram": [0.0, 0.0, 0.0, 0.0, 0.0, 0.0, 0.0, 0.0, 0.0, 0.0, 0.0, 0.0, 0.0, 0.0, 0.0, 0.0, 0.0, 0.0, 0.0, 0.0, 0.0, 0.0, 0.0, 0.0, 0.0, 0.0, 0.0, 0.0, 0.0, 0.0, 0.0, 0.0, 0.0, 0.0, 0.0, 0.0, 0.0, 0.0, 0.0, 0.0, 0.0, 0.0, 0.0, 0.0, 0.0, 0.0, 0.0, 0.0, 0.0, 0.0, 0.0, 0.0, 0.0, 0.0, 0.0, 0.0, 0.0, 0.0, 0.0, 0.0, 0.0, 0.0, 0.0, 0.0, 0.0, 0.0, 0.0, 0.0, 0.0, 0.0, 0.0, 0.0, 0.0, 0.0, 0.0, 0.0, 0.0, 0.0, 0.0, 0.0, 0.0, 0.0, 0.0, 0.0, 0.0, 0.0, 0.0, 0.0, 0.0, 0.0, 0.0, 0.0, 0.0, 0.0, 0.0, 0.0, 0.0, 0.0, 0.0, 0.0, 0.0, 0.0, 0.0, 0.0, 0.0, 0.0, 0.0, 0.0, 0.0, 0.0, 0.0, 0.0, 0.0, 0.0, 0.0, 0.035087719559669495, 0.0, 0.8771929740905762, 0.0, 0.0, 0.035087719559669495, 0.0, 0.0, 0.0, 0.0, 0.0, 0.017543859779834747, 0.0, 0.0, 0.017543859779834747, 0.0, 0.0, 0.0, 0.017543859779834747, 0.0, 0.0, 0.0, 0.0, 0.0, 0.0, 0.0, 0.0, 0.0, 0.0, 0.0, 0.0, 0.0, 0.0, 0.0, 0.0, 0.0, 0.0, 0.0, 0.0, 0.0, 0.0, 0.0, 0.0, 0.0, 0.0, 0.0, 0.0, 0.0, 0.0, 0.0, 0.0, 0.0, 0.0, 0.0, 0.0, 0.0, 0.0, 0.0, 0.0, 0.0, 0.0, 0.0, 0.0, 0.0, 0.0, 0.0, 0.0, 0.0, 0.0, 0.0, 0.0, 0.0, 0.0, 0.0, 0.0, 0.0, 0.0, 0.0, 0.0, 0.0, 0.0, 0.0, 0.0, 0.0, 0.0, 0.0, 0.0, 0.0, 0.0, 0.0, 0.0, 0.0, 0.0, 0.0, 0.0, 0.0, 0.0, 0.0, 0.0, 0.0, 0.0, 0.0, 0.0, 0.0, 0.0, 0.0, 0.0, 0.0, 0.0, 0.0, 0.0, 0.0, 0.0, 0.0, 0.0, 0.0, 0.0, 0.0, 0.0, 0.0, 0.0, 0.0, 0.0, 0.0, 0.0, 0.0, 0.0, 0.0, 0.0, 0.0, 0.0, 0.0, 0.0, 0.0, 0.0], "tonal.chords_histogram": [60.625, 0.0, 1.71875, 2.03125, 0.3125, 0.0, 0.0, 0.0, 0.0, 0.0, 0.0, 0.0, 0.0, 0.0, 0.0, 6.40625, 0.0, 13.125, 0.0, 0.15625, 0.0, 1.5625, 4.0625, 10.0], "tonal.thpcp": [1.0, 0.6839377284049988, 0.11891816556453705, 0.10185857117176056, 0.09415020793676376, 0.20875830948352814, 0.44503748416900635, 0.34503310918807983, 0.10285045206546783, 0.06988120824098587, 0.05766740068793297, 0.12344888597726822, 0.28463807702064514, 0.23724177479743958, 0.1409672349691391, 0.2797388732433319, 0.23103918135166168, 0.07653041929006577, 0.06733136624097824, 0.07541906833648682, 0.38387659192085266, 0.818428099155426, 0.528513491153717, 0.0848412960767746, 0.06084087863564491, 0.04791034013032913, 0.0969645082950592, 0.28231456875801086, 0.24247244000434875, 0.08172518014907837, 0.06957955658435822, 0.059160731732845306, 0.0876384899020195, 0.15824289619922638, 0.1749279797077179, 0.4529414176940918], "lowlevel.gfcc.cov": [[2845.3359375, 183.88955688476562, 396.5362548828125, 85.43724822998047, 337.8055419921875, -18.9541015625, 133.80697631835938, 185.9019775390625, -144.53524780273438, 188.10903930664062, -38.04536056518555, 62.48184585571289, -84.81571960449219], [183.88955688476562, 1436.733154296875, 203.0067901611328, 154.56842041015625, 257.2436828613281, -28.777408599853516, 77.32437133789062, 0.00524435518309474, 24.936748504638672, -133.64968872070312, 15.29904842376709, -234.6915283203125, 50.294090270996094], [396.5362548828125, 203.0067901611328, 780.6210327148438, 192.7344970703125, 173.2510223388672, 267.4121398925781, -0.49078235030174255, 39.15665817260742, 50.08892822265625, -38.592193603515625, -126.69586181640625, -20.419326782226562, -135.9131317138672], [85.43724822998047, 154.56842041015625, 192.7344970703125, 413.7974853515625, 87.37895202636719, 41.546417236328125, -13.10047435760498, 29.209548950195312, 73.35380554199219, -81.48246002197266, -25.918882369995117, -40.1788330078125, 4.132319450378418], [337.8055419921875, 257.2436828613281, 173.2510223388672, 87.37895202636719, 340.61114501953125, 98.14242553710938, 75.14791870117188, 57.17676544189453, -14.464507102966309, 46.53836441040039, -39.56941223144531, -19.26236915588379, -39.34125900268555], [-18.9541015625, -28.777408599853516, 267.4121398925781, 41.546417236328125, 98.14242553710938, 415.404296875, 68.2728042602539, -29.75464630126953, 24.65853500366211, -34.735904693603516, -60.38428497314453, -44.73057556152344, -93.0459213256836], [133.80697631835938, 77.32437133789062, -0.49078235030174255, -13.10047435760498, 75.14791870117188, 68.2728042602539, 198.52635192871094, 60.504974365234375, -28.758872985839844, 27.307031631469727, 9.456348419189453, -9.921326637268066, -9.21259593963623], [185.9019775390625, 0.00524435518309474, 39.15665817260742, 29.209548950195312, 57.17676544189453, -29.75464630126953, 60.504974365234375, 161.5089569091797, 46.236812591552734, 34.77305603027344, -11.824637413024902, 8.27554702758789, -2.550084352493286], [-144.53524780273438, 24.936748504638672, 50.08892822265625, 73.35380554199219, -14.464507102966309, 24.65853500366211, -28.758872985839844, 46.236812591552734, 152.1367645263672, 11.950798034667969, -11.201416015625, -13.462581634521484, -8.556044578552246], [188.10903930664062, -133.64968872070312, -38.592193603515625, -81.48246002197266, 46.53836441040039, -34.735904693603516, 27.307031631469727, 34.77305603027344, 11.950798034667969, 168.73374938964844, 44.78759765625, 51.08285903930664, -8.135087966918945], [-38.04536056518555, 15.29904842376709, -126.69586181640625, -25.918882369995117, -39.56941223144531, -60.38428497314453, 9.456348419189453, -11.824637413024902, -11.201416015625, 44.78759765625, 127.76958465576172, 47.70994186401367, 36.453670501708984], [62.48184585571289, -234.6915283203125, -20.419326782226562, -40.1788330078125, -19.26236915588379, -44.73057556152344, -9.921326637268066, 8.27554702758789, -13.462581634521484, 51.08285903930664, 47.70994186401367, 154.7296142578125, 27.03183364868164], [-84.81571960449219, 50.294090270996094, -135.9131317138672, 4.132319450378418, -39.34125900268555, -93.0459213256836, -9.21259593963623, -2.550084352493286, -8.556044578552246, -8.135087966918945, 36.453670501708984, 27.03183364868164, 128.96336364746094]], "lowlevel.gfcc.icov": [[0.0005721779307350516, -0.00026762235211208463, -0.00010053803998744115, -0.0003701382374856621, 0.00015131455438677222, -6.124802166596055e-05, 0.00016601789684500545, -0.0007410614634864032, 0.001177355763502419, -0.0010393069824203849, 0.0005058486713096499, -0.0004670761409215629, 0.00035322317853569984], [-0.00026762235211208463, 0.0026984671130776405, -0.0016222032718360424, 0.0014270144747570157, -0.002928570844233036, 0.001992659643292427, -0.0014565761666744947, 0.001799527439288795, -0.002567163435742259, 0.0035629577469080687, -0.003947382792830467, 0.004598984960466623, -0.00230164616368711], [-0.00010053803998744115, -0.0016222032718360424, 0.003588777733966708, -0.0016905298689380288, 0.0013828449882566929, -0.002376521471887827, 0.0015363030834123492, -0.0014217100106179714, 0.0013001235201954842, -0.0018331955652683973, 0.00374517566524446, -0.003663794370368123, 0.0028716474771499634], [-0.0003701382374856621, 0.0014270144747570157, -0.0016905298689380288, 0.004752211272716522, -0.002811759477481246, 0.0015422547003254294, -0.0008332161814905703, 0.0012486240593716502, -0.0038536437787115574, 0.004625970963388681, -0.003376537235453725, 0.002849515527486801, -0.00212041730992496], [0.00015131455438677222, -0.002928570844233036, 0.0013828449882566929, -0.002811759477481246, 0.007841519080102444, -0.0029643496964126825, 0.0009395248489454389, -0.0029708242509514093, 0.004456610418856144, -0.006153373047709465, 0.005386404227465391, -0.0043646711856126785, 0.0023506467696279287], [-6.124802166596055e-05, 0.001992659643292427, -0.002376521471887827, 0.0015422547003254294, -0.0029643496964126825, 0.005878655705600977, -0.003350137732923031, 0.0036137294955551624, -0.003495699493214488, 0.003579674754291773, -0.0026445265393704176, 0.003416734514757991, -0.0001769348600646481], [0.00016601789684500545, -0.0014565761666744947, 0.0015363030834123492, -0.0008332161814905703, 0.0009395248489454389, -0.003350137732923031, 0.008745957165956497, -0.005149944219738245, 0.004339639563113451, -0.002729717642068863, 0.0007706866599619389, -0.0014234032714739442, 0.0009117093286477029], [-0.0007410614634864032, 0.001799527439288795, -0.0014217100106179714, 0.0012486240593716502, -0.0029708242509514093, 0.0036137294955551624, -0.005149944219738245, 0.012001879513263702, -0.006809601094573736, 0.0025340651627629995, -0.0011203993344679475, 0.002057630568742752, -0.0015635993331670761], [0.001177355763502419, -0.002567163435742259, 0.0013001235201954842, -0.0038536437787115574, 0.004456610418856144, -0.003495699493214488, 0.004339639563113451, -0.006809601094573736, 0.0141557976603508, -0.007246585097163916, 0.004243616946041584, -0.0030822816770523787, 0.0022104920353740454], [-0.0010393069824203849, 0.0035629577469080687, -0.0018331955652683973, 0.004625970963388681, -0.006153373047709465, 0.003579674754291773, -0.002729717642068863, 0.0025340651627629995, -0.007246585097163916, 0.01561339944601059, -0.008510749787092209, 0.00384047394618392, -0.0014877275098115206], [0.0005058486713096499, -0.003947382792830467, 0.00374517566524446, -0.003376537235453725, 0.005386404227465391, -0.0026445265393704176, 0.0007706866599619389, -0.0011203993344679475, 0.004243616946041584, -0.008510749787092209, 0.017901860177516937, -0.00930685643106699, 0.0023305814247578382], [-0.0004670761409215629, 0.004598984960466623, -0.003663794370368123, 0.002849515527486801, -0.0043646711856126785, 0.003416734514757991, -0.0014234032714739442, 0.002057630568742752, -0.0030822816770523787, 0.00384047394618392, -0.00930685643106699, 0.016467241570353508, -0.005763767287135124], [0.00035322317853569984, -0.00230164616368711, 0.0028716474771499634, -0.00212041730992496, 0.0023506467696279287, -0.0001769348600646481, 0.0009117093286477029, -0.0015635993331670761, 0.0022104920353740454, -0.0014877275098115206, 0.0023305814247578382, -0.005763767287135124, 0.013204202987253666]], "lowlevel.mfcc.cov": [[2468.37109375, 208.1041717529297, 20.855072021484375, 284.24932861328125, 96.53234100341797, -52.31283187866211, 196.85513305664062, -31.63454246520996, 74.06680297851562, 5.923824787139893, 1.1632462739944458, 51.12721633911133, 145.4459686279297], [208.1041717529297, 1200.1285400390625, 62.513309478759766, 157.5592041015625, 166.2361297607422, -4.814692497253418, 145.49398803710938, -24.006372451782227, 88.224853515625, 32.74779510498047, -10.632482528686523, 1.47681725025177, 25.060327529907227], [20.855072021484375, 62.513309478759766, 634.2141723632812, 2.8828158378601074, 179.42938232421875, 193.28395080566406, -31.587448120117188, 151.3233642578125, 42.47504425048828, 53.96236801147461, 24.380294799804688, -27.362428665161133, -39.05921936035156], [284.24932861328125, 157.5592041015625, 2.8828158378601074, 379.7879333496094, 91.10902404785156, -80.72257232666016, 26.149486541748047, 12.429134368896484, 66.192626953125, -23.867713928222656, -11.545305252075195, 56.38981246948242, 17.49957847595215], [96.53234100341797, 166.2361297607422, 179.42938232421875, 91.10902404785156, 273.91455078125, 112.4454574584961, 9.176191329956055, 64.94029998779297, 61.379730224609375, 38.415260314941406, 29.458087921142578, 0.23247990012168884, -13.694580078125], [-52.31283187866211, -4.814692497253418, 193.28395080566406, -80.72257232666016, 112.4454574584961, 304.2305908203125, 64.37255096435547, 82.58887481689453, 0.7329408526420593, 69.45743560791016, 41.5745735168457, -45.46145248413086, -27.158775329589844], [196.85513305664062, 145.49398803710938, -31.587448120117188, 26.149486541748047, 9.176191329956055, 64.37255096435547, 218.94256591796875, 33.97841262817383, 20.40520477294922, 36.59565353393555, 8.60959243774414, -6.480688095092773, 26.297563552856445], [-31.63454246520996, -24.006372451782227, 151.3233642578125, 12.429134368896484, 64.94029998779297, 82.58887481689453, 33.97841262817383, 169.4273681640625, 47.556453704833984, 29.718215942382812, 13.022526741027832, -2.7029712200164795, -6.080315113067627], [74.06680297851562, 88.224853515625, 42.47504425048828, 66.192626953125, 61.379730224609375, 0.7329408526420593, 20.40520477294922, 47.556453704833984, 148.26394653320312, 57.09807205200195, 10.041099548339844, 10.753686904907227, 19.021318435668945], [5.923824787139893, 32.74779510498047, 53.96236801147461, -23.867713928222656, 38.415260314941406, 69.45743560791016, 36.59565353393555, 29.718215942382812, 57.09807205200195, 138.80203247070312, 33.31929016113281, -1.1225242614746094, 4.826449394226074], [1.1632462739944458, -10.632482528686523, 24.380294799804688, -11.545305252075195, 29.458087921142578, 41.5745735168457, 8.60959243774414, 13.022526741027832, 10.041099548339844, 33.31929016113281, 116.250244140625, 34.45420455932617, 10.160028457641602], [51.12721633911133, 1.47681725025177, -27.362428665161133, 56.38981246948242, 0.23247990012168884, -45.46145248413086, -6.480688095092773, -2.7029712200164795, 10.753686904907227, -1.1225242614746094, 34.45420455932617, 107.1687240600586, 38.833675384521484], [145.4459686279297, 25.060327529907227, -39.05921936035156, 17.49957847595215, -13.694580078125, -27.158775329589844, 26.297563552856445, -6.080315113067627, 19.021318435668945, 4.826449394226074, 10.160028457641602, 38.833675384521484, 106.99359130859375]], "lowlevel.mfcc.icov": [[0.0005271973204798996, 6.69139699311927e-05, -0.00016325288743246347, -0.00030578853329643607, -0.00017410442524123937, 0.0001457027392461896, -0.0005221760948188603, 0.0003594108857214451, -4.050612187711522e-05, 4.8389130824944004e-05, -1.467228230467299e-06, 0.00013729756756220013, -0.0006231287843547761], [6.69139699311927e-05, 0.0011275890283286572, -0.0002406168932793662, -0.00014390991418622434, -0.0007611412438564003, 0.00040263711707666516, -0.0009914315305650234, 0.0007805721252225339, -0.0003876134578604251, 2.6661165975383483e-05, 0.00017238277359865606, 0.00012668012641370296, -0.00012119147140765563], [-0.00016325288743246347, -0.0002406168932793662, 0.002718209056183696, 1.2441309991118032e-06, -0.0006886288756504655, -0.0011631905799731612, 0.0013540678191930056, -0.0019375236006453633, 0.0002207566431025043, -0.00029202544828876853, 0.0001135630373028107, 0.00012246651749592274, 0.0003627670230343938], [-0.00030578853329643607, -0.00014390991418622434, 1.2441309991118032e-06, 0.004172098357230425, -0.0015412140637636185, 0.0012405739398673177, -0.00065570545848459, -0.0001518203498562798, -0.0012889673234894872, 0.0010856955777853727, 0.0007237328682094812, -0.0019654480274766684, 0.0008624584297649562], [-0.00017410442524123937, -0.0007611412438564003, -0.0006886288756504655, -0.0015412140637636185, 0.006656988989561796, -0.0024569660890847445, 0.0013490647543221712, -0.0005808256100863218, -0.0013708219630643725, 9.369801409775391e-05, -0.0008612253004685044, -7.293296221178025e-05, 0.0006271704914979637], [0.0001457027392461896, 0.00040263711707666516, -0.0011631905799731612, 0.0012405739398673177, -0.0024569660890847445, 0.006944696884602308, -0.00228078942745924, -0.0009663160890340805, 0.001676957355812192, -0.0017648041248321533, -0.001418127678334713, 0.0019448151579126716, 0.00024435861269012094], [-0.0005221760948188603, -0.0009914315305650234, 0.0013540678191930056, -0.00065570545848459, 0.0013490647543221712, -0.00228078942745924, 0.0072277262806892395, -0.002196929883211851, 0.00046038819709792733, -0.0011810542782768607, -6.936855788808316e-05, 0.0007061401265673339, -0.0010422577615827322], [0.0003594108857214451, 0.0007805721252225339, -0.0019375236006453633, -0.0001518203498562798, -0.0005808256100863218, -0.0009663160890340805, -0.002196929883211851, 0.009584398940205574, -0.0028324162121862173, 0.000790352001786232, 0.0002658276935108006, -0.0007332180975936353, 0.00011990209168288857], [-4.050612187711522e-05, -0.0003876134578604251, 0.0002207566431025043, -0.0012889673234894872, -0.0013708219630643725, 0.001676957355812192, 0.00046038819709792733, -0.0028324162121862173, 0.010823866352438927, -0.004600846208631992, 9.413868974661455e-05, 0.0008531822240911424, -0.001621973467990756], [4.8389130824944004e-05, 2.6661165975383483e-05, -0.00029202544828876853, 0.0010856955777853727, 9.369801409775391e-05, -0.0017648041248321533, -0.0011810542782768607, 0.000790352001786232, -0.004600846208631992, 0.010818758979439735, -0.001831845031119883, -0.000371548201655969, 0.0001817321899579838], [-1.467228230467299e-06, 0.00017238277359865606, 0.0001135630373028107, 0.0007237328682094812, -0.0008612253004685044, -0.001418127678334713, -6.936855788808316e-05, 0.0002658276935108006, 9.413868974661455e-05, -0.001831845031119883, 0.011248267255723476, -0.004642487969249487, 0.0001294350513489917], [0.00013729756756220013, 0.00012668012641370296, 0.00012246651749592274, -0.0019654480274766684, -7.293296221178025e-05, 0.0019448151579126716, 0.0007061401265673339, -0.0007332180975936353, 0.0008531822240911424, -0.000371548201655969, -0.004642487969249487, 0.014184556901454926, -0.004423443228006363], [-0.0006231287843547761, -0.00012119147140765563, 0.0003627670230343938, 0.0008624584297649562, 0.0006271704914979637, 0.00024435861269012094, -0.0010422577615827322, 0.00011990209168288857, -0.001621973467990756, 0.0001817321899579838, 0.0001294350513489917, -0.004423443228006363, 0.012491841800510883]], "metadata.audio_properties.analysis.downmix": "mix", "metadata.audio_properties.codec": "mp3", "metadata.audio_properties.md5_encoded": "db32ba7f441065a52321da45fc823d14", "metadata.tags.file_name": "1182272612173361212.mp3", "metadata.version.essentia": "2.1-beta6-dev", "metadata.version.essentia_git_sha": "v2.1_beta5-1110-g77a6a954", "metadata.version.extractor": "music 2.0", "tonal.chords_key": "F", "tonal.chords_scale": "major", "tonal.key_edma.key": "F", "tonal.key_edma.scale": "major", "tonal.key_krumhansl.key": "F", "tonal.key_krumhansl.scale": "major", "tonal.key_temperley.key": "F", "tonal.key_temperley.scale": "major", "metadata.tags.encoding": ["Lavf58.45.100"]}, "essentia_models": [{"model_name": "genr