{"song_id": "1182275151895732224", "download": "https://cdn.discordapp.com/attachments/1128313332273782784/1182275151895732224/chirp.mp4?ex=65841a89&amp", "lyrics": "-", "style": ["American rap"], "essentia_features": {"lowlevel.average_loudness": 0.9120051860809326, "lowlevel.barkbands_crest.mean": 13.357126235961914, "lowlevel.barkbands_crest.stdev": 6.3306121826171875, "lowlevel.barkbands_flatness_db.mean": 0.2632538378238678, "lowlevel.barkbands_flatness_db.stdev": 0.12805785238742828, "lowlevel.barkbands_kurtosis.mean": 28.4240779876709, "lowlevel.barkbands_kurtosis.stdev": 87.9162368774414, "lowlevel.barkbands_skewness.mean": 2.7312886714935303, "lowlevel.barkbands_skewness.stdev": 3.5342280864715576, "lowlevel.barkbands_spread.mean": 13.448038101196289, "lowlevel.barkbands_spread.stdev": 16.6568546295166, "lowlevel.dissonance.mean": 0.41300860047340393, "lowlevel.dissonance.stdev": 0.07250698655843735, "lowlevel.dynamic_complexity": 5.990386962890625, "lowlevel.erbbands_crest.mean": 12.56470012664795, "lowlevel.erbbands_crest.stdev": 5.595452785491943, "lowlevel.erbbands_flatness_db.mean": 0.25376424193382263, "lowlevel.erbbands_flatness_db.stdev": 0.10044948011636734, "lowlevel.erbbands_kurtosis.mean": 5.440384387969971, "lowlevel.erbbands_kurtosis.stdev": 11.066091537475586, "lowlevel.erbbands_skewness.mean": 1.1996487379074097, "lowlevel.erbbands_skewness.stdev": 1.5521777868270874, "lowlevel.erbbands_spread.mean": 30.434419631958008, "lowlevel.erbbands_spread.stdev": 31.186445236206055, "lowlevel.hfc.mean": 12.037994384765625, "lowlevel.hfc.stdev": 41.44812774658203, "lowlevel.loudness_ebu128.integrated": -24.87265968322754, "lowlevel.loudness_ebu128.loudness_range": 3.6327247619628906, "lowlevel.loudness_ebu128.momentary.mean": -28.041040420532227, "lowlevel.loudness_ebu128.momentary.stdev": 5.62082052230835, "lowlevel.loudness_ebu128.short_term.mean": -25.533872604370117, "lowlevel.loudness_ebu128.short_term.stdev": 1.3659504652023315, "lowlevel.melbands_crest.mean": 16.639589309692383, "lowlevel.melbands_crest.stdev": 6.694688320159912, "lowlevel.melbands_flatness_db.mean": 0.30864644050598145, "lowlevel.melbands_flatness_db.stdev": 0.17304131388664246, "lowlevel.melbands_kurtosis.mean": 45.272499084472656, "lowlevel.melbands_kurtosis.stdev": 112.1150131225586, "lowlevel.melbands_skewness.mean": 3.4309494495391846, "lowlevel.melbands_skewness.stdev": 3.6022756099700928, "lowlevel.melbands_spread.mean": 21.018428802490234, "lowlevel.melbands_spread.stdev": 30.70643424987793, "lowlevel.pitch_salience.mean": 0.5262269973754883, "lowlevel.pitch_salience.stdev": 0.19004397094249725, "lowlevel.silence_rate_20dB.mean": 0.9745075106620789, "lowlevel.silence_rate_20dB.stdev": 0.157614603638649, "lowlevel.silence_rate_30dB.mean": 0.8823870420455933, "lowlevel.silence_rate_30dB.stdev": 0.32215189933776855, "lowlevel.silence_rate_60dB.mean": 0.40150636434555054, "lowlevel.silence_rate_60dB.stdev": 0.49020013213157654, "lowlevel.spectral_centroid.mean": 1203.7532958984375, "lowlevel.spectral_centroid.stdev": 1222.7723388671875, "lowlevel.spectral_complexity.mean": 6.03012752532959, "lowlevel.spectral_complexity.stdev": 7.915629863739014, "lowlevel.spectral_decrease.mean": -9.913600607092121e-09, "lowlevel.spectral_decrease.stdev": 2.630980056039789e-08, "lowlevel.spectral_energy.mean": 0.03850804641842842, "lowlevel.spectral_energy.stdev": 0.10067351907491684, "lowlevel.spectral_energyband_high.mean": 0.0006362052517943084, "lowlevel.spectral_energyband_high.stdev": 0.002509291749447584, "lowlevel.spectral_energyband_low.mean": 0.031133972108364105, "lowlevel.spectral_energyband_low.stdev": 0.09579086303710938, "lowlevel.spectral_energyband_middle_high.mean": 0.0020956704393029213, "lowlevel.spectral_energyband_middle_high.stdev": 0.013165880925953388, "lowlevel.spectral_energyband_middle_low.mean": 0.005454741418361664, "lowlevel.spectral_energyband_middle_low.stdev": 0.013275371864438057, "lowlevel.spectral_entropy.mean": 6.85545539855957, "lowlevel.spectral_entropy.stdev": 1.2434176206588745, "lowlevel.spectral_flux.mean": 0.07500321418046951, "lowlevel.spectral_flux.stdev": 0.12993647158145905, "lowlevel.spectral_kurtosis.mean": 23.999284744262695, "lowlevel.spectral_kurtosis.stdev": 38.22587585449219, "lowlevel.spectral_rms.mean": 0.0037221035454422235, "lowlevel.spectral_rms.stdev": 0.004869787488132715, "lowlevel.spectral_rolloff.mean": 2222.727294921875, "lowlevel.spectral_rolloff.stdev": 3143.334228515625, "lowlevel.spectral_skewness.mean": 3.1260640621185303, "lowlevel.spectral_skewness.stdev": 2.639328956604004, "lowlevel.spectral_spread.mean": 4774953.5, "lowlevel.spectral_spread.stdev": 2799676.5, "lowlevel.spectral_strongpeak.mean": 0.5801622867584229, "lowlevel.spectral_strongpeak.stdev": 0.46468356251716614, "lowlevel.zerocrossingrate.mean": 0.0783303827047348, "lowlevel.zerocrossingrate.stdev": 0.08835681527853012, "metadata.audio_properties.analysis.equal_loudness": 0.0, "metadata.audio_properties.analysis.length": 40.04265213012695, "metadata.audio_properties.analysis.sample_rate": 44100.0, "metadata.audio_properties.analysis.start_time": 0.0, "metadata.audio_properties.bit_rate": 123320.0, "metadata.audio_properties.length": 40.042667388916016, "metadata.audio_properties.lossless": 0.0, "metadata.audio_properties.number_channels": 1.0, "metadata.audio_properties.replay_gain": -1.961893081665039, "metadata.audio_properties.sample_rate": 48000.0, "rhythm.beats_count": 49.0, "rhythm.beats_loudness.mean": 0.2156001329421997, "rhythm.beats_loudness.stdev": 0.2058250606060028, "rhythm.bpm": 74.69384002685547, "rhythm.bpm_histogram_first_peak_bpm": 76.0, "rhythm.bpm_histogram_first_peak_weight": 0.39583325386047363, "rhythm.bpm_histogram_second_peak_bpm": 0.0, "rhythm.bpm_histogram_second_peak_spread": 0.0, "rhythm.bpm_histogram_second_peak_weight": 0.0, "rhythm.danceability": 1.7394253015518188, "rhythm.onset_rate": 3.844769239425659, "tonal.chords_changes_rate": 0.03703703731298447, "tonal.chords_number_rate": 0.009259259328246117, "tonal.chords_strength.mean": 0.599712610244751, "tonal.chords_strength.stdev": 0.059103433042764664, "tonal.hpcp_crest.mean": 14.592442512512207, "tonal.hpcp_crest.stdev": 6.269479751586914, "tonal.hpcp_entropy.mean": 1.831493616104126, "tonal.hpcp_entropy.stdev": 0.7499409317970276, "tonal.key_edma.strength": 0.7760946750640869, "tonal.key_krumhansl.strength": 0.7708312273025513, "tonal.key_temperley.strength": 0.7262329459190369, "tonal.tuning_diatonic_strength": 0.5056604743003845, "tonal.tuning_equal_tempered_deviation": 0.06874997913837433, "tonal.tuning_frequency": 453.41650390625, "tonal.tuning_nontempered_energy_ratio": 0.6592196226119995, "lowlevel.barkbands.mean": [0.0002820974332280457, 0.026497436687350273, 0.003569776425138116, 0.0012840578565374017, 0.0009348663152195513, 0.001178475096821785, 0.001360101974569261, 0.00044259970309212804, 0.0002044285647571087, 0.00023685053747612983, 0.0002956378157250583, 0.00028220124659128487, 0.00013554529868997633, 0.00011983291187789291, 0.0001426587114110589, 0.00022606851416639984, 0.00024167184892576188, 0.00019732161308638752, 0.00016083416994661093, 0.0001785714557627216, 0.0001409728720318526, 0.00015515449922531843, 0.00011178202112205327, 6.796564412070438e-05, 4.464847006602213e-05, 1.6039859474403784e-05, 4.757657734444365e-07], "lowlevel.barkbands.stdev": [0.0018451663199812174, 0.08348250389099121, 0.020491916686296463, 0.00817092228680849, 0.0030734939500689507, 0.00226598815061152, 0.002033948665484786, 0.0010810751700773835, 0.0009565415675751865, 0.001141550950706005, 0.0017518942477181554, 0.0026253038085997105, 0.0008597683045081794, 0.0007263227598741651, 0.0010574718471616507, 0.0017744252691045403, 0.0017068623565137386, 0.0013988115824759007, 0.0012445577885955572, 0.0014465379063040018, 0.0007603398989886045, 0.0005910290055908263, 0.00031324996962212026, 0.00015569715469609946, 9.289519948652014e-05, 3.1881805625744164e-05, 1.9126810002489947e-06], "lowlevel.erbbands.mean": [0.6180658936500549, 6.362030982971191, 6.2272748947143555, 4.361668109893799, 2.963747024536133, 2.364898920059204, 8.126038551330566, 11.584637641906738, 22.108415603637695, 11.918691635131836, 7.035914421081543, 5.041158199310303, 6.043866157531738, 8.215924263000488, 14.555983543395996, 10.910265922546387, 6.249770641326904, 6.6957197189331055, 5.815329551696777, 11.4051513671875, 11.305252075195312, 13.847068786621094, 11.539177894592285, 8.402457237243652, 7.8434157371521, 9.081019401550293, 7.007326126098633, 4.395621299743652, 5.465317249298096, 5.074098587036133, 2.826711416244507, 1.5937962532043457, 1.0835864543914795, 0.6991880536079407, 0.19447579979896545, 0.06799636781215668, 0.03271602466702461, 0.00382056157104671, 0.00010445501538924873, 4.713956514024176e-05], "lowlevel.erbbands.stdev": [1.9313679933547974, 20.475135803222656, 26.6441707611084, 26.94767189025879, 17.284896850585938, 8.174683570861816, 13.163139343261719, 22.401611328125, 32.21337127685547, 25.17870330810547, 18.769197463989258, 21.444988250732422, 31.27082061767578, 41.815391540527344, 94.39237213134766, 97.16154479980469, 38.98014450073242, 41.50785446166992, 36.7448844909668, 86.82688903808594, 83.83088684082031, 96.74425506591797, 81.044677734375, 65.15867614746094, 59.225242614746094, 75.72135925292969, 44.10965347290039, 22.014650344848633, 23.935823440551758, 15.243632316589355, 7.696856498718262, 3.7376952171325684, 2.4977564811706543, 1.5119389295578003, 0.39382249116897583, 0.15159782767295837, 0.06372738629579544, 0.007888424210250378, 0.00021553345141001046, 0.0001129248776123859], "lowlevel.gfcc.mean": [-180.1201171875, 66.71281433105469, -111.54862976074219, -19.130687713623047, -94.74623107910156, 2.591607093811035, -51.010528564453125, -2.0126094818115234, -17.051807403564453, 9.58365535736084, -4.245451927185059, 13.050064086914062, -1.1361088752746582], "lowlevel.melbands.mean": [0.006862168665975332, 0.00504128634929657, 0.0007056063041090965, 0.00017052018665708601, 0.000257231411524117, 0.00025126547552645206, 0.00030979508301243186, 0.00011665483907563612, 4.76429850095883e-05, 3.1067593226907775e-05, 3.085679418290965e-05, 3.2482923415955156e-05, 4.564871414913796e-05, 3.8983394915703684e-05, 1.6447809684905224e-05, 1.313119810220087e-05, 1.2120486644562334e-05, 8.627263923699502e-06, 1.1972141692240257e-05, 1.7444473996874876e-05, 1.2211007742735092e-05, 1.3767245945928153e-05, 1.460652765672421e-05, 7.585838375234744e-06, 6.661955012532417e-06, 6.078934347897302e-06, 5.42255702384864e-06, 6.142860002000816e-06, 4.331159743742319e-06, 3.7412526125990553e-06, 2.0752315776917385e-06, 2.9147070108592743e-06, 3.428954869377776e-06, 2.6133716346521396e-06, 1.7604453432795708e-06, 1.139458845500485e-06, 8.909294137993129e-07, 7.920706934783084e-07, 7.083919513206638e-07, 5.370902727008797e-07], "lowlevel.melbands.stdev": [0.02144426293671131, 0.017128510400652885, 0.00432751327753067, 0.0008226275676861405, 0.0004214574000798166, 0.0004777208960149437, 0.00046325562288984656, 0.00027348045841790736, 0.00014079258835408837, 0.00014326580276247114, 0.00015995792637113482, 0.0001617387606529519, 0.00028076564194634557, 0.00034499698085710406, 0.00012333116319496185, 8.088672620942816e-05, 7.621688564540818e-05, 5.380442598834634e-05, 9.452040103496984e-05, 0.0001439887855667621, 9.158220200333744e-05, 0.00010022487549576908, 0.00010654959623934701, 5.25452705915086e-05, 5.4751337302150205e-05, 4.793972766492516e-05, 4.306642586016096e-05, 5.29361204826273e-05, 3.062001633225009e-05, 1.9087570763076656e-05, 1.110126595449401e-05, 1.4374068996403366e-05, 1.118864292948274e-05, 7.937336704344489e-06, 4.973443083144957e-06, 2.8191784622322302e-06, 2.1086723336338764e-06, 1.8841900555344182e-06, 1.597251525708998e-06, 1.181061520583171e-06], "lowlevel.melbands128.mean": [0.0002628822694532573, 0.003323595505207777, 0.011505893431603909, 0.010287115350365639, 0.004362059291452169, 0.0015347935259342194, 0.0009023110033012927, 0.0005484166904352605, 0.0002605229092296213, 0.00014090158219914883, 8.653105032863095e-05, 0.00022469217947218567, 0.0002976699033752084, 0.00028090091655030847, 0.00034598427009768784, 0.00010617868974804878, 0.0003189845010638237, 0.0004738102725241333, 0.00010770549852168187, 0.00013138620124664158, 0.00011216701386729255, 7.69572943681851e-05, 3.6144010664429516e-05, 2.382054844929371e-05, 3.509250745992176e-05, 3.1503255740972236e-05, 2.6982992494595237e-05, 2.5588278731447645e-05, 3.939967427868396e-05, 4.145151615375653e-05, 2.4359032977372408e-05, 2.7436886739451438e-05, 5.577018964686431e-05, 5.123552182340063e-05, 3.961367474403232e-05, 4.49800027126912e-05, 2.1437583200167865e-05, 1.358215286018094e-05, 1.3623450286104344e-05, 1.366281503578648e-05, 1.12285842988058e-05, 1.5757857909193262e-05, 1.350074126094114e-05, 9.696167580841575e-06, 8.690158210811205e-06, 8.756313945923466e-06, 7.85383326729061e-06, 9.941121788870078e-06, 1.4705571629747283e-05, 1.7107835446950048e-05, 2.0950023099430837e-05, 1.3652409506903496e-05, 1.1579715646803379e-05, 1.207733748742612e-05, 1.2189931112516206e-05, 1.3658256648341194e-05, 1.5219356100715231e-05, 1.6279453120660037e-05, 1.5821035049157217e-05, 8.623126632301137e-06, 6.392331670213025e-06, 7.374757842626423e-06, 6.598625532205915e-06, 6.5150447881023865e-06, 6.624228717555525e-06, 6.397569450200535e-06, 5.555425559577998e-06, 4.919759703625459e-06, 4.89830154037918e-06, 6.813405889261048e-06, 7.486552021873649e-06, 4.707731477537891e-06, 4.477829861571081e-06, 4.3362797441659495e-06, 4.233726940583438e-06, 4.298261046642438e-06, 3.5157986530975904e-06, 1.8896782876254292e-06, 2.056270659522852e-06, 1.8211089809483383e-06, 2.8313763777987333e-06, 3.3476721910119522e-06, 3.2201419344346505e-06, 3.890539574058494e-06, 3.1440665679838276e-06, 2.6658372007659636e-06, 2.352202955080429e-06, 2.5517183530610055e-06, 1.703003135844483e-06, 1.2965413134224946e-06, 1.1937795534322504e-06, 1.1091456144640688e-06, 1.0073860039483407e-06, 8.846757850733411e-07, 7.610044008288241e-07, 9.977653689929866e-07, 7.374599135800963e-07, 5.909768674428051e-07, 7.260635470629495e-07, 7.778586450513103e-07, 6.955374942663184e-07, 5.2976173492425e-07, 2.984147897677758e-07, 2.5997962893598014e-07, 2.030159720334268e-07, 1.6053826357165235e-07, 1.1123140097879514e-07, 1.2363491919131775e-07, 1.028562053306814e-07, 9.927489941219392e-08, 1.3231013440417883e-07, 1.3297822931690462e-07, 1.1449812831187955e-07, 8.420313690749026e-08, 6.103906002863368e-08, 3.9422758391083335e-08, 1.721199716087085e-08, 1.5954575438570373e-09, 3.235720302807721e-10, 2.6678470543828325e-10, 2.2286127110415777e-10, 1.5803157393801115e-10, 1.4342048382243178e-10, 1.2090171919165726e-10, 1.0247922649364583e-10, 9.516588905800205e-11, 8.0698690785308e-11, 7.579827737691502e-11], "lowlevel.melbands128.stdev": [0.0017529590986669064, 0.010872380807995796, 0.03709680587053299, 0.03405765816569328, 0.017369339242577553, 0.009128695353865623, 0.005899569485336542, 0.003422595327720046, 0.0015685380203649402, 0.0007393434061668813, 0.00037572497967630625, 0.00044922606321051717, 0.0005293281865306199, 0.00047825451474636793, 0.0006648519192822278, 0.0004309159121476114, 0.0005248598172329366, 0.0006634503370150924, 0.00030828884337097406, 0.0003426508337724954, 0.0003199915518052876, 0.00021737359929829836, 0.0001384718343615532, 0.00010941362415906042, 0.0001392703561577946, 0.0001866429956862703, 0.0001845562073867768, 0.000151722168084234, 0.00020022089302074164, 0.00018456520047038794, 0.0001611241023056209, 0.00018150733376387507, 0.0003313187917228788, 0.0003396552347112447, 0.00038390984991565347, 0.0004429272376000881, 0.00021789284073747694, 0.00010404238128103316, 0.00010419938917038962, 8.638473809696734e-05, 7.818316225893795e-05, 0.00011610755609581247, 9.309171582572162e-05, 6.226320692803711e-05, 5.8366076700622216e-05, 5.934881482971832e-05, 6.143407517811283e-05, 8.997866825666279e-05, 0.00013224878057371825, 0.00012782721023540944, 0.0002223807678092271, 9.926288475980982e-05, 9.07725261640735e-05, 0.00010443908831803128, 0.0001020344061544165, 0.00011577863187994808, 0.00010504064994165674, 0.00014074455248191953, 0.0001241366408066824, 6.661223596893251e-05, 4.795358472620137e-05, 5.2182447689119726e-05, 5.8350578910904005e-05, 6.46304470137693e-05, 6.17657060502097e-05, 5.4882330005057156e-05, 4.6505298087140545e-05, 4.043974695377983e-05, 4.267834810889326e-05, 6.262133683776483e-05, 7.284079038072377e-05, 3.8479593058582395e-05, 4.185946818324737e-05, 3.431061850278638e-05, 2.4736807972658426e-05, 2.4724229660932906e-05, 1.727291601127945e-05, 1.1036594514735043e-05, 1.2299207810428925e-05, 1.054552831192268e-05, 1.4948849639040418e-05, 1.73742573679192e-05, 1.509280082245823e-05, 1.1886266293004155e-05, 9.77711533778347e-06, 9.09550999494968e-06, 7.924464625830296e-06, 7.2867574090196285e-06, 5.583493020822061e-06, 4.1010553104570135e-06, 3.196690840923111e-06, 2.9755140076304087e-06, 2.5357664981129346e-06, 2.3306047296500765e-06, 1.9197821075067623e-06, 2.4020134787861025e-06, 2.006950353461434e-06, 1.6225742456299486e-06, 1.7518997310617124e-06, 1.8321873085369589e-06, 1.6034210830184747e-06, 1.3006194876652444e-06, 7.182348440437636e-07, 6.220652153388073e-07, 4.6380597495954135e-07, 3.9460442735617107e-07, 2.9296737125150685e-07, 3.255294416248944e-07, 2.796835190110869e-07, 2.5374049528181786e-07, 3.0566843634005636e-07, 2.8965123988200503e-07, 2.3483104882870975e-07, 1.7731203172388632e-07, 1.3195763415296824e-07, 9.476156037635519e-08, 6.536426866432521e-08, 7.598859319557505e-09, 4.577682233275482e-09, 3.5246403573552243e-09, 2.8264230955699077e-09, 1.9571471110424454e-09, 1.8257049205772091e-09, 1.4325587383012817e-09, 1.1521011922255298e-09, 1.0976625164360598e-09, 9.692140423567253e-10, 9.65698854216157e-10], "lowlevel.mfcc.mean": [-829.8991088867188, 116.0315933227539, 16.020322799682617, -22.63127326965332, -22.215320587158203, -11.0147705078125, -22.655561447143555, -12.62578010559082, -12.930619239807129, -12.426553726196289, -3.4377636909484863, 1.7182058095932007, 6.119472026824951], "lowlevel.spectral_contrast_coeffs.mean": [-0.6027737855911255, -0.7242347598075867, -0.7800086736679077, -0.8216714262962341, -0.8461291193962097, -0.811919629573822], "lowlevel.spectral_contrast_coeffs.stdev": [0.1493862420320511, 0.09582585841417313, 0.06301682442426682, 0.054922040551900864, 0.03365375101566315, 0.04740988835692406], "lowlevel.spectral_contrast_valleys.mean": [-9.795454978942871, -7.84028959274292, -8.878713607788086, -9.448952674865723, -9.733563423156738, -11.528783798217773], "lowlevel.spectral_contrast_valleys.stdev": [2.3971807956695557, 1.4628520011901855, 1.1443324089050293, 1.2598530054092407, 1.6286660432815552, 1.7400450706481934], "rhythm.beats_loudness_band_ratio.mean": [0.5650433897972107, 0.06254885345697403, 0.11234007775783539, 0.09751386940479279, 0.10870993882417679, 0.06498493254184723], "rhythm.beats_loudness_band_ratio.stdev": [0.4356912076473236, 0.11560221016407013, 0.13760603964328766, 0.11638043075799942, 0.12973396480083466, 0.075096994638443], "tonal.hpcp.mean": [0.049093421548604965, 0.04269605129957199, 0.04920852929353714, 0.07081025093793869, 0.07057660073041916, 0.1025448739528656, 0.1867048591375351, 0.1612171232700348, 0.11562107503414154, 0.12982423603534698, 0.11611957848072052, 0.20222719013690948, 0.3208669424057007, 0.20898984372615814, 0.06540247052907944, 0.05570495128631592, 0.05196576192975044, 0.07520952820777893, 0.11566668003797531, 0.11980003863573074, 0.21342146396636963, 0.3705504238605499, 0.25193095207214355, 0.06997404992580414, 0.05156775936484337, 0.051577262580394745, 0.06638127565383911, 0.08374510705471039, 0.07200206816196442, 0.05431457981467247, 0.056474585086107254, 0.05511059984564781, 0.2062191665172577, 0.4396861791610718, 0.2793027460575104, 0.04454342648386955], "tonal.hpcp.stdev": [0.12594860792160034, 0.10587748885154724, 0.13484899699687958, 0.1791123002767563, 0.1695431023836136, 0.18632002174854279, 0.2800866663455963, 0.23539048433303833, 0.23414254188537598, 0.2712295651435852, 0.2474694848060608, 0.23883742094039917, 0.32199251651763916, 0.23393836617469788, 0.17517220973968506, 0.1476617455482483, 0.1302151381969452, 0.1785314977169037, 0.2528083026409149, 0.25820082426071167, 0.254482626914978, 0.3693634569644928, 0.27973005175590515, 0.17213086783885956, 0.1321028769016266, 0.14023324847221375, 0.16048657894134521, 0.18581102788448334, 0.16085109114646912, 0.1368580460548401, 0.1421988159418106, 0.14570598304271698, 0.19739577174186707, 0.4088992774486542, 0.26881080865859985, 0.11925873160362244], "rhythm.beats_position": [0.8126984238624573, 1.6486167907714844, 2.461315155029297, 3.250793695449829, 4.040272235870361, 4.852970600128174, 5.654058933258057, 6.466757297515869, 7.267845630645752, 8.080544471740723, 8.870022773742676, 9.671111106872559, 10.472199440002441, 11.284897804260254, 12.074376106262207, 12.88707447052002, 13.676552772521973, 14.466031074523926, 15.267120361328125, 16.068208694458008, 16.88090705871582, 17.693605422973633, 18.483083724975586, 19.28417205810547, 20.073650360107422, 20.874738693237305, 21.664216995239258, 22.488525390625, 23.289613723754883, 24.125532150268555, 24.938230514526367, 25.75092887878418, 26.540407180786133, 27.353105545043945, 28.1425838470459, 28.94367218017578, 29.744760513305664, 30.557458877563477, 31.346939086914062, 32.17124557495117, 32.97233581542969, 33.76181411743164, 34.57451248168945, 35.410430908203125, 36.19990921020508, 37.00099563598633, 37.778865814208984, 38.5915641784668, 39.38104248046875], "rhythm.bpm_histogram": [0.0, 0.0, 0.0, 0.0, 0.0, 0.0, 0.0, 0.0, 0.0, 0.0, 0.0, 0.0, 0.0, 0.0, 0.0, 0.0, 0.0, 0.0, 0.0, 0.0, 0.0, 0.0, 0.0, 0.0, 0.0, 0.0, 0.0, 0.0, 0.0, 0.0, 0.0, 0.0, 0.0, 0.0, 0.0, 0.0, 0.0, 0.0, 0.0, 0.0, 0.0, 0.0, 0.0, 0.0, 0.0, 0.0, 0.0, 0.0, 0.0, 0.0, 0.0, 0.0, 0.0, 0.0, 0.0, 0.0, 0.0, 0.0, 0.0, 0.0, 0.0, 0.0, 0.0, 0.0, 0.0, 0.0, 0.0, 0.0, 0.0, 0.0, 0.0, 0.0, 0.0625, 0.0416666679084301, 0.2916666567325592, 0.2708333432674408, 0.3125, 0.02083333395421505, 0.0, 0.0, 0.0, 0.0, 0.0, 0.0, 0.0, 0.0, 0.0, 0.0, 0.0, 0.0, 0.0, 0.0, 0.0, 0.0, 0.0, 0.0, 0.0, 0.0, 0.0, 0.0, 0.0, 0.0, 0.0, 0.0, 0.0, 0.0, 0.0, 0.0, 0.0, 0.0, 0.0, 0.0, 0.0, 0.0, 0.0, 0.0, 0.0, 0.0, 0.0, 0.0, 0.0, 0.0, 0.0, 0.0, 0.0, 0.0, 0.0, 0.0, 0.0, 0.0, 0.0, 0.0, 0.0, 0.0, 0.0, 0.0, 0.0, 0.0, 0.0, 0.0, 0.0, 0.0, 0.0, 0.0, 0.0, 0.0, 0.0, 0.0, 0.0, 0.0, 0.0, 0.0, 0.0, 0.0, 0.0, 0.0, 0.0, 0.0, 0.0, 0.0, 0.0, 0.0, 0.0, 0.0, 0.0, 0.0, 0.0, 0.0, 0.0, 0.0, 0.0, 0.0, 0.0, 0.0, 0.0, 0.0, 0.0, 0.0, 0.0, 0.0, 0.0, 0.0, 0.0, 0.0, 0.0, 0.0, 0.0, 0.0, 0.0, 0.0, 0.0, 0.0, 0.0, 0.0, 0.0, 0.0, 0.0, 0.0, 0.0, 0.0, 0.0, 0.0, 0.0, 0.0, 0.0, 0.0, 0.0, 0.0, 0.0, 0.0, 0.0, 0.0, 0.0, 0.0, 0.0, 0.0, 0.0, 0.0, 0.0, 0.0, 0.0, 0.0, 0.0, 0.0, 0.0, 0.0, 0.0, 0.0, 0.0, 0.0, 0.0, 0.0, 0.0, 0.0, 0.0, 0.0, 0.0, 0.0, 0.0, 0.0, 0.0, 0.0, 0.0, 0.0, 0.0, 0.0, 0.0, 0.0, 0.0, 0.0], "tonal.chords_histogram": [48.49536895751953, 24.537036895751953, 4.976851940155029, 8.449073791503906, 5.55555534362793, 0.0, 0.0, 0.0, 0.0, 1.9675925970077515, 4.0509257316589355, 1.9675925970077515, 0.0, 0.0, 0.0, 0.0, 0.0, 0.0, 0.0, 0.0, 0.0, 0.0, 0.0, 0.0], "tonal.thpcp": [1.0, 0.6352320313453674, 0.10130731761455536, 0.111655592918396, 0.09710574150085449, 0.1119173914194107, 0.16104725003242493, 0.16051584482192993, 0.2332228720188141, 0.42463207244873047, 0.3666640818119049, 0.2629627287387848, 0.29526567459106445, 0.2640964984893799, 0.4599352777004242, 0.7297635674476624, 0.4753159284591675, 0.14874807000160217, 0.1266925185918808, 0.1181882992386818, 0.1710527390241623, 0.26306644082069397, 0.27246713638305664, 0.48539498448371887, 0.8427611589431763, 0.5729790329933167, 0.15914544463157654, 0.11728310585021973, 0.1173047199845314, 0.15097421407699585, 0.19046562910079956, 0.16375786066055298, 0.12353033572435379, 0.1284429430961609, 0.1253407597541809, 0.469014436006546], "lowlevel.gfcc.cov": [[17878.5859375, 86.49591827392578, 2248.941162109375, 3594.559814453125, 636.1409301757812, 583.21240234375, 530.468017578125, 618.99609375, 392.4170227050781, 266.993408203125, -143.50643920898438, 226.9550323486328, -252.98565673828125], [86.49591827392578, 9362.3173828125, 2871.31689453125, -1303.53564453125, 930.8094482421875, -871.6362915039062, 96.77462005615234, -944.8309936523438, 251.0730743408203, -302.8159484863281, 760.16357421875, -769.188232421875, 619.8666381835938], [2248.941162109375, 2871.31689453125, 2757.438720703125, 893.5559692382812, 677.293212890625, 143.683837890625, 505.366943359375, 45.12308883666992, 302.92291259765625, 13.572623252868652, 207.4452667236328, -126.49745178222656, 114.31546783447266], [3594.559814453125, -1303.53564453125, 893.5559692382812, 2120.51708984375, 764.3900146484375, 899.2940063476562, 692.642822265625, 684.4151000976562, 258.7415466308594, 91.95946502685547, -187.98963928222656, 102.09325408935547, -249.4789276123047], [636.1409301757812, 930.8094482421875, 677.293212890625, 764.3900146484375, 1207.1268310546875, 653.2781982421875, 670.6500244140625, 380.5379943847656, 324.79046630859375, 14.65918254852295, 73.44042205810547, -172.67308044433594, -44.23109436035156], [583.21240234375, -871.6362915039062, 143.683837890625, 899.2940063476562, 653.2781982421875, 823.1075439453125, 570.3994750976562, 487.2774658203125, 197.22268676757812, 58.267024993896484, -95.09512329101562, 21.08816146850586, -150.42884826660156], [530.468017578125, 96.77462005615234, 505.366943359375, 692.642822265625, 670.6500244140625, 570.3994750976562, 642.0233154296875, 388.7000732421875, 271.09088134765625, 31.483701705932617, 26.334239959716797, -56.13621520996094, -60.29588317871094], [618.99609375, -944.8309936523438, 45.12308883666992, 684.4151000976562, 380.5379943847656, 487.2774658203125, 388.7000732421875, 465.82275390625, 171.36427307128906, 96.38623809814453, -73.4994125366211, 67.68709564208984, -121.54788970947266], [392.4170227050781, 251.0730743408203, 302.92291259765625, 258.7415466308594, 324.79046630859375, 197.22268676757812, 271.09088134765625, 171.36427307128906, 253.56455993652344, 63.51984786987305, 66.18673706054688, -31.52492332458496, 12.039352416992188], [266.993408203125, -302.8159484863281, 13.572623252868652, 91.95946502685547, 14.65918254852295, 58.267024993896484, 31.483701705932617, 96.38623809814453, 63.51984786987305, 130.09347534179688, 34.3065299987793, 65.17082214355469, -18.809446334838867], [-143.50643920898438, 760.16357421875, 207.4452667236328, -187.98963928222656, 73.44042205810547, -95.09512329101562, 26.334239959716797, -73.4994125366211, 66.18673706054688, 34.3065299987793, 168.80201721191406, -24.7479190826416, 84.86974334716797], [226.9550323486328, -769.188232421875, -126.49745178222656, 102.09325408935547, -172.67308044433594, 21.08816146850586, -56.13621520996094, 67.68709564208984, -31.52492332458496, 65.17082214355469, -24.7479190826416, 166.2138214111328, -16.128345489501953], [-252.98565673828125, 619.8666381835938, 114.31546783447266, -249.4789276123047, -44.23109436035156, -150.42884826660156, -60.29588317871094, -121.54788970947266, 12.039352416992188, -18.809446334838867, 84.86974334716797, -16.128345489501953, 129.39993286132812]], "lowlevel.gfcc.icov": [[0.0001236724783666432, -0.00011701040784828365, 0.00010395823483122513, -0.0003978400491178036, 8.855105261318386e-05, 0.00014280590403359383, 5.297581083141267e-06, 0.0001482452789787203, -0.00013832206605002284, -0.00028860734892077744, 0.00019728743063751608, -0.00024632870918139815, 9.226268593920395e-05], [-0.00011701040784828365, 0.000922548002563417, -0.0007784885237924755, 0.0006937183788977563, -0.000621092040091753, 4.865707524004392e-05, 0.0003834458766505122, 2.268512162117986e-06, 0.0003897632414009422, 0.0009408067562617362, -0.0017716946313157678, 0.002226263051852584, -0.0010578114306554198], [0.00010395823483122513, -0.0007784885237924755, 0.001441376400180161, -0.0012324651470407844, 0.00036948148044757545, 0.000619495112914592, -0.0012939618900418282, 0.001011084532365203, -0.00035336322616785765, -0.0013087302213534713, 0.001303152646869421, -0.0017703253543004394, 0.0002434895432088524], [-0.0003978400491178036, 0.0006937183788977563, -0.0012324651470407844, 0.003106041345745325, -0.0008336645551025867, -0.0009616017923690379, 0.00034016050631180406, -0.0014147396432235837, 0.00023126447922550142, 0.0017461489187553525, -0.00011789003474405035, 0.0002687666565179825, 0.0007461051573045552], [8.855105261318386e-05, -0.000621092040091753, 0.00036948148044757545, -0.0008336645551025867, 0.0036654407158493996, -0.0018799847457557917, -0.00039918601396493614, -0.0009981831535696983, -0.0007204520516097546, -0.0001291561929974705, -0.0009998022578656673, 0.0018908439669758081, 9.812175994738936e-05], [0.00014280590403359383, 4.865707524004392e-05, 0.000619495112914592, -0.0009616017923690379, -0.0018799847457557917, 0.0070821382105350494, -0.004502150695770979, 4.148247626289958e-06, 0.001073047867976129, -0.0016521257348358631, 0.0028733874205499887, -0.001936847809702158, 0.000675430812407285], [5.297581083141267e-06, 0.0003834458766505122, -0.0012939618900418282, 0.00034016050631180406, -0.00039918601396493614, -0.004502150695770979, 0.011528609320521355, -0.005451300647109747, -0.0033628204837441444, 0.005696760956197977, -0.005744996014982462, 0.0031315761152654886, 0.00015289074508473277], [0.0001482452789787203, 2.268512162117986e-06, 0.001011084532365203, -0.0014147396432235837, -0.0009981831535696983, 4.148247626289958e-06, -0.005451300647109747, 0.013048936612904072, -0.002161724492907524, -0.005493086762726307, 0.00469757616519928, -0.004123574588447809, 0.001846490427851677], [-0.00013832206605002284, 0.0003897632414009422, -0.00035336322616785765, 0.00023126447922550142, -0.0007204520516097546, 0.001073047867976129, -0.0033628204837441444, -0.002161724492907524, 0.011289051733911037, -0.004494840279221535, -0.0015304128173738718, 0.0037083823699504137, -0.004213549662381411], [-0.00028860734892077744, 0.0009408067562617362, -0.0013087302213534713, 0.0017461489187553525, -0.0001291561929974705, -0.0016521257348358631, 0.005696760956197977, -0.005493086762726307, -0.004494840279221535, 0.0196071844547987, -0.00992340687662363, -0.0026727356016635895, 0.004425278399139643], [0.00019728743063751608, -0.0017716946313157678, 0.001303152646869421, -0.00011789003474405035, -0.0009998022578656673, 0.0028733874205499887, -0.005744996014982462, 0.00469757616519928, -0.0015304128173738718, -0.00992340687662363, 0.020777611061930656, -0.006304504815489054, -0.003484993241727352], [-0.00024632870918139815, 0.002226263051852584, -0.0017703253543004394, 0.0002687666565179825, 0.0018908439669758081, -0.001936847809702158, 0.0031315761152654886, -0.004123574588447809, 0.0037083823699504137, -0.0026727356016635895, -0.006304504815489054, 0.020207250490784645, -0.007163364440202713], [9.226268593920395e-05, -0.0010578114306554198, 0.0002434895432088524, 0.0007461051573045552, 9.812175994738936e-05, 0.000675430812407285, 0.00015289074508473277, 0.001846490427851677, -0.004213549662381411, 0.004425278399139643, -0.003484993241727352, -0.007163364440202713, 0.019251545891165733]], "lowlevel.mfcc.cov": [[17802.73046875, -2559.63818359375, 1434.8870849609375, 2603.34326171875, 879.6974487304688, 795.1896362304688, 326.2207946777344, 794.4690551757812, 635.6052856445312, 418.9927978515625, 295.3603820800781, 363.9344787597656, 160.36477661132812], [-2559.63818359375, 9228.376953125, 1662.654052734375, -107.26485443115234, 216.19033813476562, -210.54556274414062, -39.16341781616211, -913.126220703125, -639.8714599609375, -103.9763412475586, -343.80596923828125, -304.74871826171875, 173.46304321289062], [1434.8870849609375, 1662.654052734375, 1881.24951171875, 908.6028442382812, 324.6583557128906, 282.22906494140625, 167.95956420898438, 112.28775024414062, 105.38322448730469, 110.73174285888672, 40.86138916015625, 43.23199462890625, 76.39366912841797], [2603.34326171875, -107.26485443115234, 908.6028442382812, 1149.778076171875, 601.2109985351562, 485.4862365722656, 428.70574951171875, 490.2794494628906, 397.386474609375, 297.89715576171875, 220.3931884765625, 161.75306701660156, 87.52099609375], [879.6974487304688, 216.19033813476562, 324.6583557128906, 601.2109985351562, 634.9439697265625, 473.05010986328125, 455.5363464355469, 422.60821533203125, 364.0527038574219, 293.9410400390625, 231.179931640625, 136.80001831054688, 93.3414306640625], [795.1896362304688, -210.54556274414062, 282.22906494140625, 485.4862365722656, 473.05010986328125, 520.97021484375, 445.72723388671875, 451.9438781738281, 371.9335021972656, 280.54608154296875, 227.401123046875, 138.0138702392578, 68.17855834960938], [326.2207946777344, -39.16341781616211, 167.95956420898438, 428.70574951171875, 455.5363464355469, 445.72723388671875, 545.3307495117188, 478.64984130859375, 383.1473083496094, 297.1312561035156, 241.4040069580078, 141.94033813476562, 86.00652313232422], [794.4690551757812, -913.126220703125, 112.28775024414062, 490.2794494628906, 422.60821533203125, 451.9438781738281, 478.64984130859375, 621.2481079101562, 479.4736633300781, 314.07171630859375, 267.07598876953125, 170.5318145751953, 70.56714630126953], [635.6052856445312, -639.8714599609375, 105.38322448730469, 397.386474609375, 364.0527038574219, 371.9335021972656, 383.1473083496094, 479.4736633300781, 444.8846740722656, 295.6949157714844, 237.21871948242188, 146.3069610595703, 75.00814819335938], [418.9927978515625, -103.9763412475586, 110.73174285888672, 297.89715576171875, 293.9410400390625, 280.54608154296875, 297.1312561035156, 314.07171630859375, 295.6949157714844, 271.0244445800781, 195.61126708984375, 106.95035552978516, 74.00611114501953], [295.3603820800781, -343.80596923828125, 40.86138916015625, 220.3931884765625, 231.179931640625, 227.401123046875, 241.4040069580078, 267.07598876953125, 237.21871948242188, 195.61126708984375, 218.38121032714844, 134.2708740234375, 69.90357971191406], [363.9344787597656, -304.74871826171875, 43.23199462890625, 161.75306701660156, 136.80001831054688, 138.0138702392578, 141.94033813476562, 170.5318145751953, 146.3069610595703, 106.95035552978516, 134.2708740234375, 141.96592712402344, 68.45914459228516], [160.36477661132812, 173.46304321289062, 76.39366912841797, 87.52099609375, 93.3414306640625, 68.17855834960938, 86.00652313232422, 70.56714630126953, 75.00814819335938, 74.00611114501953, 69.90357971191406, 68.45914459228516, 106.89781951904297]], "lowlevel.mfcc.icov": [[0.00010660923726391047, 1.2458111996238586e-05, 9.28609588299878e-05, -0.00040461981552653015, 0.00013580349332187325, -0.0002012909681070596, 0.0002301203494425863, 5.033830530010164e-05, 3.04252916976111e-05, -6.381277489708737e-05, 0.00013766894699074328, -8.813622844172642e-05, -0.0001345633208984509], [1.2458111996238586e-05, 0.0003675789921544492, -0.00042111589573323727, 0.00040163996163755655, -0.0006655886536464095, 0.00036874026409350336, -0.0008023421978577971, 0.0008418513461947441, 0.0005289029213599861, -0.0009219686617143452, 0.0006632877048105001, 0.00029516060021705925, -0.0005628502112813294], [9.28609588299878e-05, -0.00042111589573323727, 0.0017304386710748076, -0.0021850275807082653, 0.0015912683447822928, -0.0014884251868352294, 0.0010517023038119078, -2.3682039227423957e-06, -0.0006352802738547325, 0.001158253406174481, -0.0005149744683876634, 7.946004188852385e-05, -0.0002586480986792594], [-0.00040461981552653015, 0.00040163996163755655, -0.0021850275807082653, 0.005521289072930813, -0.0038089703302830458, 0.001941766357049346, -0.0009527282090857625, -0.0012975597055628896, 0.0009816273814067245, -0.0016668075695633888, 0.0013717616675421596, -0.0008943123975768685, 0.0008477362571284175], [0.00013580349332187325, -0.0006655886536464095, 0.0015912683447822928, -0.0038089703302830458, 0.008920200169086456, -0.0048707956448197365, -0.0005210558883845806, 0.0009317871299572289, -0.001788614084944129, 0.0012726883869618177, -0.002095946576446295, 0.0008965085726231337, -0.0008502225391566753], [-0.0002012909681070596, 0.00036874026409350336, -0.0014884251868352294, 0.001941766357049346, -0.0048707956448197365, 0.01141433883458376, -0.004120735451579094, -0.001558836316689849, 9.965978824766353e-05, -0.0018395091174170375, 0.0003250252630095929, -0.0008725416264496744, 0.002044919179752469], [0.0002301203494425863, -0.0008023421978577971, 0.0010517023038119078, -0.0009527282090857625, -0.0005210558883845806, -0.004120735451579094, 0.012069327756762505, -0.006701622158288956, 0.001291053369641304, -0.0007070243009366095, -0.0017439423827454448, 4.9102767661679536e-05, -0.0005257349112071097], [5.033830530010164e-05, 0.0008418513461947441, -2.3682039227423957e-06, -0.0012975597055628896, 0.0009317871299572289, -0.001558836316689849, -0.006701622158288956, 0.016955126076936722, -0.010814492590725422, 0.0015405084704980254, 0.0004097240453120321, -0.0006047250353731215, 0.0006434284150600433], [3.04252916976111e-05, 0.0005289029213599861, -0.0006352802738547325, 0.0009816273814067245, -0.001788614084944129, 9.965978824766353e-05, 0.001291053369641304, -0.010814492590725422, 0.021695224568247795, -0.011608430184423923, 0.0011035091010853648, -0.0006431362708099186, -0.0011513268109411001], [-6.381277489708737e-05, -0.0009219686617143452, 0.001158253406174481, -0.0016668075695633888, 0.0012726883869618177, -0.0018395091174170375, -0.0007070243009366095, 0.0015405084704980254, -0.011608430184423923, 0.024219339713454247, -0.012123745866119862, 0.005537979770451784, -0.0024977705907076597], [0.00013766894699074328, 0.0006632877048105001, -0.0005149744683876634, 0.0013717616675421596, -0.002095946576446295, 0.0003250252630095929, -0.0017439423827454448, 0.0004097240453120321, 0.0011035091010853648, -0.012123745866119862, 0.025279441848397255, -0.013515450060367584, 0.0004611663753166795], [-8.813622844172642e-05, 0.00029516060021705925, 7.946004188852385e-05, -0.0008943123975768685, 0.0008965085726231337, -0.0008725416264496744, 4.9102767661679536e-05, -0.0006047250353731215, -0.0006431362708099186, 0.005537979770451784, -0.013515450060367584, 0.023119982331991196, -0.008888923563063145], [-0.0001345633208984509, -0.0005628502112813294, -0.0002586480986792594, 0.0008477362571284175, -0.0008502225391566753, 0.002044919179752469, -0.0005257349112071097, 0.0006434284150600433, -0.0011513268109411001, -0.0024977705907076597, 0.0004611663753166795, -0.008888923563063145, 0.01732524111866951]], "metadata.audio_properties.analysis.downmix": "mix", "metadata.audio_properties.codec": "mp3", "metadata.audio_properties.md5_encoded": "bf6d42ba6eb279223abba9c3f4d8894c", "metadata.tags.file_name": "1182275151895732224.mp3", "metadata.version.essentia": "2.1-beta6-dev", "metadata.version.essentia_git_sha": "v2.1_beta5-1110-g77a6a954", "metadata.version.extractor": "music 2.0", "tonal.chords_key": "C#", "tonal.chords_scale": "minor", "tonal.key_edma.key": "C#", "tonal.key_edma.scale": "minor", "tonal.key_krumhansl.key": "C#", "tonal.key_krumhansl.scale": "minor", "tonal.key_temperley.key": "C#", "tonal.key_temperley.scale": "minor", "metadata.tags.encoding": ["Lavf58.45.100"]}, "essentia_models": [{"model_name": "genre_dortmund", "activations": {"alternative": "0.011561308", "blues": "0.001556802", "electronic": "0.5223542", "folkcountry": "0.0024012027", "funksoulrnb": "0.022762556", "jazz": "0.0649782", "pop": "0.022949995", "raphiphop": "0.4011327", "rock": "0.001454745"}}, {"model_name": "genre_rosamerica", "activations": {"classic": "0.080413386", "dance": "0.009561086", "hip hop": "0.21753803", "jazz": "0.043850873", "pop": "0.072313845", "rhythm and blues": "0.28435814", "rock": "0.011207784", "speech": "0.020870991"}}, {"model_name": "genre_tzanetakis", "activations": {"blues": "0.0005056373", "classic": "0.07873341", "country": "0.009512664"