{"song_id": "1182256644931989544", "download": "https://cdn.discordapp.com/attachments/1135903449314238464/1182256644931989544/chirp.mp4?ex=6584094d&amp", "lyrics": "\u0418\u0432\u0430\u043d \u0418\u0432\u0430\u043d\u043e\u0432\u0438\u0447 \u0421\u0435\u043c\u0430\u043a \n\u0435\u0437\u0434\u0438\u0442\u0435 \u043d\u0430 \u043f\u043e\u0435\u0437\u0434\u0435 \u0438 \u043a\u0443\u0440\u0438\u0442 \u0442\u0430\u0431\u0430\u043a", "style": ["random"], "essentia_features": {"lowlevel.average_loudness": 0.983813464641571, "lowlevel.barkbands_crest.mean": 10.808636665344238, "lowlevel.barkbands_crest.stdev": 6.0720367431640625, "lowlevel.barkbands_flatness_db.mean": 0.16106057167053223, "lowlevel.barkbands_flatness_db.stdev": 0.0917811468243599, "lowlevel.barkbands_kurtosis.mean": 25.155826568603516, "lowlevel.barkbands_kurtosis.stdev": 110.50531768798828, "lowlevel.barkbands_skewness.mean": 1.316462755203247, "lowlevel.barkbands_skewness.stdev": 3.7450008392333984, "lowlevel.barkbands_spread.mean": 31.22364616394043, "lowlevel.barkbands_spread.stdev": 21.075546264648438, "lowlevel.dissonance.mean": 0.4786233603954315, "lowlevel.dissonance.stdev": 0.02397097274661064, "lowlevel.dynamic_complexity": 4.947774887084961, "lowlevel.erbbands_crest.mean": 9.234564781188965, "lowlevel.erbbands_crest.stdev": 4.782397270202637, "lowlevel.erbbands_flatness_db.mean": 0.17089402675628662, "lowlevel.erbbands_flatness_db.stdev": 0.055035293102264404, "lowlevel.erbbands_kurtosis.mean": 3.737412452697754, "lowlevel.erbbands_kurtosis.stdev": 18.287429809570312, "lowlevel.erbbands_skewness.mean": -0.01269743125885725, "lowlevel.erbbands_skewness.stdev": 1.8042683601379395, "lowlevel.erbbands_spread.mean": 38.21460723876953, "lowlevel.erbbands_spread.stdev": 25.353485107421875, "lowlevel.hfc.mean": 26.064855575561523, "lowlevel.hfc.stdev": 29.027135848999023, "lowlevel.loudness_ebu128.integrated": -16.377439498901367, "lowlevel.loudness_ebu128.loudness_range": 0.6329135894775391, "lowlevel.loudness_ebu128.momentary.mean": -16.627321243286133, "lowlevel.loudness_ebu128.momentary.stdev": 1.6384055614471436, "lowlevel.loudness_ebu128.short_term.mean": -16.27019691467285, "lowlevel.loudness_ebu128.short_term.stdev": 0.23088765144348145, "lowlevel.melbands_crest.mean": 15.338275909423828, "lowlevel.melbands_crest.stdev": 8.445385932922363, "lowlevel.melbands_flatness_db.mean": 0.17745617032051086, "lowlevel.melbands_flatness_db.stdev": 0.13038110733032227, "lowlevel.melbands_kurtosis.mean": 33.87692642211914, "lowlevel.melbands_kurtosis.stdev": 109.09246826171875, "lowlevel.melbands_skewness.mean": 2.5202348232269287, "lowlevel.melbands_skewness.stdev": 3.219620704650879, "lowlevel.melbands_spread.mean": 49.84285354614258, "lowlevel.melbands_spread.stdev": 44.17741012573242, "lowlevel.pitch_salience.mean": 0.5687116384506226, "lowlevel.pitch_salience.stdev": 0.2110559046268463, "lowlevel.silence_rate_20dB.mean": 1.0, "lowlevel.silence_rate_20dB.stdev": 0.0, "lowlevel.silence_rate_30dB.mean": 0.9868420958518982, "lowlevel.silence_rate_30dB.stdev": 0.11395058035850525, "lowlevel.silence_rate_60dB.mean": 0.2719298303127289, "lowlevel.silence_rate_60dB.stdev": 0.44495368003845215, "lowlevel.spectral_centroid.mean": 2298.21728515625, "lowlevel.spectral_centroid.stdev": 1141.3602294921875, "lowlevel.spectral_complexity.mean": 15.01754379272461, "lowlevel.spectral_complexity.stdev": 14.167534828186035, "lowlevel.spectral_decrease.mean": -5.589070539713248e-09, "lowlevel.spectral_decrease.stdev": 7.611232533122347e-09, "lowlevel.spectral_energy.mean": 0.023458605632185936, "lowlevel.spectral_energy.stdev": 0.029963959008455276, "lowlevel.spectral_energyband_high.mean": 0.0017331036506220698, "lowlevel.spectral_energyband_high.stdev": 0.002642910461872816, "lowlevel.spectral_energyband_low.mean": 0.011812901124358177, "lowlevel.spectral_energyband_low.stdev": 0.023161612451076508, "lowlevel.spectral_energyband_middle_high.mean": 0.004650664981454611, "lowlevel.spectral_energyband_middle_high.stdev": 0.005849457811564207, "lowlevel.spectral_energyband_middle_low.mean": 0.006671906914561987, "lowlevel.spectral_energyband_middle_low.stdev": 0.015456544235348701, "lowlevel.spectral_entropy.mean": 7.821807384490967, "lowlevel.spectral_entropy.stdev": 0.6444407105445862, "lowlevel.spectral_flux.mean": 0.09994495660066605, "lowlevel.spectral_flux.stdev": 0.08275142312049866, "lowlevel.spectral_kurtosis.mean": 3.9716782569885254, "lowlevel.spectral_kurtosis.stdev": 2.5034615993499756, "lowlevel.spectral_rms.mean": 0.003742119763046503, "lowlevel.spectral_rms.stdev": 0.002980434335768223, "lowlevel.spectral_rolloff.mean": 3981.847900390625, "lowlevel.spectral_rolloff.stdev": 3541.87890625, "lowlevel.spectral_skewness.mean": 1.54594087600708, "lowlevel.spectral_skewness.stdev": 0.477721631526947, "lowlevel.spectral_spread.mean": 6022820.5, "lowlevel.spectral_spread.stdev": 2535046.5, "lowlevel.spectral_strongpeak.mean": 0.7261637449264526, "lowlevel.spectral_strongpeak.stdev": 0.9392029643058777, "lowlevel.zerocrossingrate.mean": 0.13425593078136444, "lowlevel.zerocrossingrate.stdev": 0.0926109328866005, "metadata.audio_properties.analysis.equal_loudness": 0.0, "metadata.audio_properties.analysis.length": 5.247982025146484, "metadata.audio_properties.analysis.sample_rate": 44100.0, "metadata.audio_properties.analysis.start_time": 0.0, "metadata.audio_properties.bit_rate": 124945.0, "metadata.audio_properties.length": 5.248000144958496, "metadata.audio_properties.lossless": 0.0, "metadata.audio_properties.number_channels": 1.0, "metadata.audio_properties.replay_gain": -11.10870361328125, "metadata.audio_properties.sample_rate": 48000.0, "rhythm.beats_count": 9.0, "rhythm.beats_loudness.mean": 0.06735610216856003, "rhythm.beats_loudness.stdev": 0.019317569211125374, "rhythm.bpm": 110.99543762207031, "rhythm.bpm_histogram_first_peak_bpm": 112.0, "rhythm.bpm_histogram_first_peak_weight": 0.4285714030265808, "rhythm.bpm_histogram_second_peak_bpm": 101.0, "rhythm.bpm_histogram_second_peak_spread": 0.0, "rhythm.bpm_histogram_second_peak_weight": 0.125, "rhythm.danceability": 2.12650203704834, "rhythm.onset_rate": 5.312155723571777, "tonal.chords_changes_rate": 0.24347825348377228, "tonal.chords_number_rate": 0.06956521421670914, "tonal.chords_strength.mean": 0.44899410009384155, "tonal.chords_strength.stdev": 0.09156934171915054, "tonal.hpcp_crest.mean": 10.399925231933594, "tonal.hpcp_crest.stdev": 6.247222900390625, "tonal.hpcp_entropy.mean": 2.628000497817993, "tonal.hpcp_entropy.stdev": 0.850120484828949, "tonal.key_edma.strength": 0.6387788653373718, "tonal.key_krumhansl.strength": 0.6389487385749817, "tonal.key_temperley.strength": 0.6395061612129211, "tonal.tuning_diatonic_strength": 0.49125969409942627, "tonal.tuning_equal_tempered_deviation": 0.2399798184633255, "tonal.tuning_frequency": 431.6923522949219, "tonal.tuning_nontempered_energy_ratio": 0.8901685476303101, "lowlevel.barkbands.mean": [0.00011866140994243324, 0.00725971395149827, 0.0030906503088772297, 0.0022475130390375853, 0.0016479651676490903, 0.0009384862496517599, 0.0011203513713553548, 0.00026648546918295324, 0.00035946795833297074, 0.00027730653528124094, 0.0003082292387261987, 0.0002928416070062667, 0.0005071907653473318, 0.0004007489187642932, 0.0003444925823714584, 0.0004942844971083105, 0.0007652487838640809, 0.00043608667328953743, 0.000496808672323823, 0.0006285225390456617, 0.00029581793933175504, 0.00017647711501922458, 0.0002668761007953435, 0.000244065624428913, 0.0002749260747805238, 0.0001988235890166834, 5.775270324193116e-07], "lowlevel.barkbands.stdev": [0.0002727079554460943, 0.016098633408546448, 0.010567267425358295, 0.009777139872312546, 0.00449695810675621, 0.0020457827486097813, 0.0021784682758152485, 0.000637830002233386, 0.001033277716487646, 0.0007516523473896086, 0.0008777434122748673, 0.0008358901250176132, 0.001412913203239441, 0.0012968763476237655, 0.0009298646473325789, 0.0010137377539649606, 0.001746947062201798, 0.0008602403104305267, 0.001053902436979115, 0.0011514866491779685, 0.000587291142437607, 0.00035127930459566414, 0.0004628429305739701, 0.00037830646033398807, 0.000416347204009071, 0.00030049358610995114, 4.492694188229507e-06], "lowlevel.erbbands.mean": [0.19661307334899902, 1.6646220684051514, 3.4232828617095947, 6.437841415405273, 5.774474620819092, 5.134825706481934, 9.026958465576172, 6.203612804412842, 13.437759399414062, 12.865193367004395, 7.036844730377197, 7.6594014167785645, 8.463521957397461, 10.264379501342773, 11.917889595031738, 12.602779388427734, 21.479942321777344, 22.692584991455078, 19.107812881469727, 20.93977928161621, 31.069643020629883, 44.07902908325195, 26.184162139892578, 18.826709747314453, 33.84831619262695, 28.84794044494629, 15.736780166625977, 9.1660737991333, 6.552429676055908, 6.7032084465026855, 7.675996780395508, 5.3116865158081055, 4.1604108810424805, 3.021505832672119, 1.8981366157531738, 1.125548243522644, 0.3282250761985779, 0.020866340026259422, 0.0004530065634753555, 5.509121547220275e-05], "lowlevel.erbbands.stdev": [0.4287399649620056, 3.9414267539978027, 10.654031753540039, 24.843952178955078, 23.885663986206055, 13.218070983886719, 20.150732040405273, 13.150395393371582, 26.373336791992188, 25.67181396484375, 17.58816909790039, 22.498743057250977, 24.563203811645508, 27.409313201904297, 31.715736389160156, 35.209136962890625, 56.042755126953125, 60.831581115722656, 59.6783332824707, 51.439640045166016, 57.251529693603516, 99.87071990966797, 49.36231231689453, 33.2509880065918, 72.95082092285156, 58.11506271362305, 33.861305236816406, 17.826805114746094, 12.43868350982666, 12.221890449523926, 13.50540828704834, 8.208847045898438, 6.618223190307617, 4.914640426635742, 2.6499927043914795, 1.6404881477355957, 0.5320548415184021, 0.03937298431992531, 0.0007919658091850579, 6.520187889691442e-05], "lowlevel.gfcc.mean": [-96.20205688476562, 9.95119857788086, -112.83758544921875, 33.86835479736328, -58.847232818603516, 12.132933616638184, -53.502655029296875, 20.92774772644043, -35.56412887573242, 10.4332275390625, -16.816242218017578, 3.9363505840301514, -11.930416107177734], "lowlevel.melbands.mean": [0.0019277494866400957, 0.001958847511559725, 0.0010814922861754894, 0.0003604369703680277, 0.00029638633714057505, 0.00015028768393676728, 0.0002199708396801725, 0.00012094237172277644, 5.923344724578783e-05, 4.747526327264495e-05, 4.148410516791046e-05, 4.0062946936814114e-05, 4.159333184361458e-05, 3.09333554469049e-05, 3.698240834637545e-05, 5.4727493989048526e-05, 4.069113856530748e-05, 3.172923970851116e-05, 2.465739453327842e-05, 3.242092134314589e-05, 3.657418710645288e-05, 4.991052992409095e-05, 2.927170498878695e-05, 1.9097527911071666e-05, 1.3876094271836337e-05, 2.0560206394293346e-05, 2.738616785791237e-05, 1.7304777429671958e-05, 9.993378625949845e-06, 7.859727702452801e-06, 4.339014594734181e-06, 3.714724698511418e-06, 3.2357572763430653e-06, 4.010736120108049e-06, 4.505861852521775e-06, 3.817393007921055e-06, 3.175126266796724e-06, 2.9525233458116418e-06, 2.7598739507084247e-06, 2.5225569970643846e-06], "lowlevel.melbands.stdev": [0.004166769329458475, 0.00489521399140358, 0.004089190624654293, 0.0012122272746637464, 0.0006052945391274989, 0.0003126755473203957, 0.00042523627053014934, 0.00023710884852334857, 0.00016352531383745372, 0.00014436562196351588, 0.00011964791337959468, 0.00010763756290543824, 0.00012024596071569249, 7.629026367794722e-05, 0.00010935941099887714, 0.00015715467452537268, 0.00012235371104907244, 0.00010889270924963057, 6.394713273039088e-05, 8.233854168793187e-05, 7.158280641306192e-05, 0.00011955938680330291, 5.80662781430874e-05, 3.8527614378836006e-05, 2.500169284758158e-05, 4.632445052266121e-05, 5.399753717938438e-05, 4.17036862927489e-05, 2.395780938968528e-05, 1.6609781596343964e-05, 8.474034075334202e-06, 7.249881036841543e-06, 6.358262908179313e-06, 7.517261110479012e-06, 8.426758540736046e-06, 5.994855200697202e-06, 5.123335540702101e-06, 4.6681884668942075e-06, 5.097597750136629e-06, 4.066581368533662e-06], "lowlevel.melbands128.mean": [0.0001141373795690015, 0.001325946650467813, 0.002930254675447941, 0.0026647555641829967, 0.0017994678346440196, 0.0015473355306312442, 0.0014015439664945006, 0.000993894413113594, 0.0005378574714995921, 0.00029153190553188324, 0.0002667851513251662, 0.00029062293469905853, 0.00037037310539744794, 0.00022271793568506837, 0.00010738464334281161, 0.00012931630772072822, 0.00016709239571355283, 0.00025502050993964076, 0.000278722116490826, 0.00012862603762187064, 5.496554877026938e-05, 4.295491089578718e-05, 6.457503332057968e-05, 7.291014480870217e-05, 4.43295793957077e-05, 4.05665923608467e-05, 4.2255000153090805e-05, 4.478653136175126e-05, 3.8190108170965686e-05, 3.4483138733776286e-05, 4.3036361603299156e-05, 4.617496961145662e-05, 4.473401349969208e-05, 3.685618139570579e-05, 2.88152714347234e-05, 3.00251595035661e-05, 3.055111301364377e-05, 4.396278745844029e-05, 3.1195286283036694e-05, 4.7972403990570456e-05, 7.398344314424321e-05, 4.1571169276721776e-05, 3.321469921502285e-05, 5.005638377042487e-05, 3.370492049725726e-05, 2.942728497146163e-05, 2.732694338192232e-05, 2.048900023510214e-05, 2.5787647246033885e-05, 2.889995084842667e-05, 3.27063535223715e-05, 3.673292667372152e-05, 3.471636591712013e-05, 3.16624173137825e-05, 5.151625009602867e-05, 5.937135938438587e-05, 4.3726184230763465e-05, 2.8445594580261968e-05, 2.740087620622944e-05, 2.2380207155947573e-05, 2.01582042791415e-05, 1.4930907127563842e-05, 1.4467668734141625e-05, 1.3894657058699522e-05, 1.1986525350948796e-05, 1.8507753338781185e-05, 2.5531931896694005e-05, 3.301885226392187e-05, 2.7431307898950763e-05, 2.090187081194017e-05, 1.9403885744395666e-05, 1.431764667358948e-05, 1.1285282198514324e-05, 8.555969543522224e-06, 9.367119673697744e-06, 8.672606782056391e-06, 7.23805987945525e-06, 5.0543931138236076e-06, 3.908099643012974e-06, 3.5247412597527727e-06, 3.7854154015803942e-06, 3.916867626685416e-06, 3.3741164315870265e-06, 3.0149453777994495e-06, 3.190340976289008e-06, 3.6544035992847057e-06, 4.3105937947984785e-06, 4.743333647638792e-06, 4.105094831174938e-06, 4.814518433704507e-06, 4.738064490084071e-06, 3.3236767649214016e-06, 2.633204985613702e-06, 3.2206298783421516e-06, 3.4599197533680126e-06, 3.2832224405865418e-06, 2.7414514534029877e-06, 2.5853742045001127e-06, 2.9664258818229428e-06, 2.896537807828281e-06, 2.067876494038501e-06, 2.8776307772204746e-06, 2.400806124569499e-06, 2.061405211861711e-06, 1.9213975974707864e-06, 2.2783910935686436e-06, 2.1194935015955707e-06, 2.050091325145331e-06, 2.2737146991858026e-06, 1.6033436622819863e-06, 1.6776202755863778e-06, 1.5076063846208854e-06, 9.023200391311548e-07, 6.962986276448646e-07, 3.82638887685971e-07, 1.1796804955110929e-07, 2.2902231222587943e-08, 3.2155095253116883e-10, 6.7281150269160594e-12, 4.453412898869358e-12, 4.0175983199997045e-12, 3.3557165293046642e-12, 3.012652844205932e-12, 2.935908243947849e-12, 2.841036433887112e-12, 2.7334660143013556e-12, 2.6659911257775892e-12, 2.6414369823368755e-12], "lowlevel.melbands128.stdev": [0.0002692229754757136, 0.0030816146172583103, 0.006841152440756559, 0.007025564555078745, 0.006028333213180304, 0.005430325400084257, 0.005650769919157028, 0.004386708606034517, 0.0023422047961503267, 0.0010973433963954449, 0.0007326912018470466, 0.0006155197625048459, 0.0009147130767814815, 0.0005979809793643653, 0.00030945162870921195, 0.000365864165360108, 0.000419692718423903, 0.0006236987537704408, 0.0006691829185001552, 0.0003170609415974468, 0.0001541881065350026, 0.00012268419959582388, 0.00022963888477534056, 0.000226664895308204, 0.0001553077163407579, 0.00015291941235773265, 0.0001623495336389169, 0.00014916560030542314, 0.00010962373926304281, 0.00010928578558377922, 0.00013314692478161305, 0.0001471893338020891, 0.0001740200095809996, 9.788071474758908e-05, 7.969679427333176e-05, 8.639763836981729e-05, 0.00013492366997525096, 0.0001630477054277435, 8.880317909643054e-05, 0.00015117386647034436, 0.00025169062428176403, 0.00016322126612067223, 9.019790013553575e-05, 0.00022011177497915924, 0.0001568634033901617, 0.00010784270853037015, 0.00010553862375672907, 6.485784251708537e-05, 7.782874308759347e-05, 9.503070032224059e-05, 0.00010954435856547207, 9.466093615628779e-05, 7.361357711488381e-05, 7.23529010429047e-05, 0.0001664714072830975, 0.00015694386092945933, 0.00012030720972688869, 5.997857078909874e-05, 6.768955790903419e-05, 5.274042268865742e-05, 4.572146281134337e-05, 3.3871725463541225e-05, 3.136975283268839e-05, 2.6614628950483166e-05, 2.6376847017672844e-05, 4.330929004936479e-05, 6.34982279734686e-05, 9.124509961111471e-05, 5.1562015869421884e-05, 3.8468137063318864e-05, 7.325597835006192e-05, 3.991096673416905e-05, 3.4979235351784155e-05, 1.8243441445520148e-05, 2.2184205590747297e-05, 2.0266939827706665e-05, 1.6086038158391602e-05, 1.1237229045946151e-05, 8.107389476208482e-06, 9.012541340780444e-06, 8.108479050861206e-06, 7.6258720582700334e-06, 6.796467459935229e-06, 6.643480901402654e-06, 6.609385764022591e-06, 7.458059371856507e-06, 8.606685696577188e-06, 1.0127659152203705e-05, 8.316542334796395e-06, 1.029472696245648e-05, 8.147494554577861e-06, 5.457299266709015e-06, 4.492766038310947e-06, 6.163091256894404e-06, 6.1382888816297054e-06, 5.69049689147505e-06, 4.549339791992679e-06, 4.9890222726389766e-06, 6.1405357882904354e-06, 5.71345844946336e-06, 3.7948550470900955e-06, 4.932177034788765e-06, 4.371252089185873e-06, 3.1171823593467707e-06, 2.993266207340639e-06, 3.4712654723989544e-06, 3.519019401210244e-06, 3.0019409678061493e-06, 3.534855522957514e-06, 2.7218047762289643e-06, 2.7567568849917734e-06, 2.5955891942430753e-06, 1.548755449221062e-06, 1.453105141990818e-06, 8.299736009576009e-07, 3.552680141183373e-07, 1.3441854207485449e-07, 3.1611815387577735e-09, 3.291574304786771e-11, 1.5503882899725596e-11, 1.2261297012428063e-11, 6.3770937315521525e-12, 5.303811643347922e-12, 5.1833637208786865e-12, 5.094889354156917e-12, 5.01636579497422e-12, 4.962730313501362e-12, 4.9298811560793965e-12], "lowlevel.mfcc.mean": [-737.3883666992188, 53.51540756225586, -2.911379098892212, 18.24747085571289, 13.0690279006958, -9.238737106323242, 2.5336639881134033, -2.764899730682373, -5.720035552978516, 2.39890193939209, -9.147645950317383, 1.8310712575912476, 4.549714088439941], "lowlevel.spectral_contrast_coeffs.mean": [-0.6842484474182129, -0.7875242829322815, -0.8329305648803711, -0.8005576133728027, -0.795264720916748, -0.794091522693634], "lowlevel.spectral_contrast_coeffs.stdev": [0.12653715908527374, 0.0986873209476471, 0.06490948796272278, 0.07765424251556396, 0.06840485334396362, 0.051385242491960526], "lowlevel.spectral_contrast_valleys.mean": [-8.769037246704102, -8.273545265197754, -8.5547456741333, -8.493727684020996, -7.977540969848633, -10.366766929626465], "lowlevel.spectral_contrast_valleys.stdev": [2.003053903579712, 2.0691957473754883, 2.0601720809936523, 2.050400972366333, 2.0426416397094727, 1.8436652421951294], "rhythm.beats_loudness_band_ratio.mean": [0.7668821811676025, 0.07858523726463318, 0.0361780971288681, 0.05380469560623169, 0.026764439418911934, 0.055544864386320114], "rhythm.beats_loudness_band_ratio.stdev": [0.22549352049827576, 0.15349502861499786, 0.044464100152254105, 0.049903616309165955, 0.025524141266942024, 0.047709450125694275], "tonal.hpcp.mean": [0.1816510409116745, 0.1618766486644745, 0.14594101905822754, 0.1695326268672943, 0.17165124416351318, 0.1741582155227661, 0.16484257578849792, 0.146449014544487, 0.16683465242385864, 0.18583707511425018, 0.171400249004364, 0.17494286596775055, 0.17811435461044312, 0.1632891744375229, 0.16889195144176483, 0.17222781479358673, 0.15625222027301788, 0.16971980035305023, 0.19775652885437012, 0.19416901469230652, 0.18676875531673431, 0.16897067427635193, 0.15453855693340302, 0.16585449874401093, 0.1771710366010666, 0.17656050622463226, 0.16315187513828278, 0.1488804817199707, 0.1684350222349167, 0.2037970870733261, 0.22050143778324127, 0.2139378786087036, 0.22181299328804016, 0.22117415070533752, 0.20080000162124634, 0.18513809144496918], "tonal.hpcp.stdev": [0.2510511577129364, 0.2585084140300751, 0.2434893399477005, 0.265074223279953, 0.26172828674316406, 0.2722088396549225, 0.2580597996711731, 0.22995062172412872, 0.25620102882385254, 0.2822032868862152, 0.24932432174682617, 0.2726958990097046, 0.2681901454925537, 0.22874464094638824, 0.23302055895328522, 0.24393396079540253, 0.23058514297008514, 0.23277507722377777, 0.26636508107185364, 0.23153679072856903, 0.259633332490921, 0.2258508801460266, 0.22766441106796265, 0.2357771396636963, 0.24015451967716217, 0.2208879441022873, 0.2200162559747696, 0.2193216234445572, 0.2425956428050995, 0.2777303457260132, 0.29191717505455017, 0.2735787630081177, 0.2928217947483063, 0.3146631121635437, 0.28018733859062195, 0.25480005145072937], "rhythm.beats_position": [0.5921088457107544, 1.1842176914215088, 1.7414965629577637, 2.287165403366089, 2.832834482192993, 3.3668932914733887, 3.9009523391723633, 4.435011386871338, 4.9690704345703125], "rhythm.bpm_histogram": [0.0, 0.0, 0.0, 0.0, 0.0, 0.0, 0.0, 0.0, 0.0, 0.0, 0.0, 0.0, 0.0, 0.0, 0.0, 0.0, 0.0, 0.0, 0.0, 0.0, 0.0, 0.0, 0.0, 0.0, 0.0, 0.0, 0.0, 0.0, 0.0, 0.0, 0.0, 0.0, 0.0, 0.0, 0.0, 0.0, 0.0, 0.0, 0.0, 0.0, 0.0, 0.0, 0.0, 0.0, 0.0, 0.0, 0.0, 0.0, 0.0, 0.0, 0.0, 0.0, 0.0, 0.0, 0.0, 0.0, 0.0, 0.0, 0.0, 0.0, 0.0, 0.0, 0.0, 0.0, 0.0, 0.0, 0.0, 0.0, 0.0, 0.0, 0.0, 0.0, 0.0, 0.0, 0.0, 0.0, 0.0, 0.0, 0.0, 0.0, 0.0, 0.0, 0.0, 0.0, 0.0, 0.0, 0.0, 0.0, 0.0, 0.0, 0.0, 0.0, 0.0, 0.0, 0.0, 0.0, 0.0, 0.0, 0.0, 0.0, 0.0, 0.125, 0.0, 0.0, 0.0, 0.0, 0.0, 0.0, 0.125, 0.0, 0.25, 0.0, 0.5, 0.0, 0.0, 0.0, 0.0, 0.0, 0.0, 0.0, 0.0, 0.0, 0.0, 0.0, 0.0, 0.0, 0.0, 0.0, 0.0, 0.0, 0.0, 0.0, 0.0, 0.0, 0.0, 0.0, 0.0, 0.0, 0.0, 0.0, 0.0, 0.0, 0.0, 0.0, 0.0, 0.0, 0.0, 0.0, 0.0, 0.0, 0.0, 0.0, 0.0, 0.0, 0.0, 0.0, 0.0, 0.0, 0.0, 0.0, 0.0, 0.0, 0.0, 0.0, 0.0, 0.0, 0.0, 0.0, 0.0, 0.0, 0.0, 0.0, 0.0, 0.0, 0.0, 0.0, 0.0, 0.0, 0.0, 0.0, 0.0, 0.0, 0.0, 0.0, 0.0, 0.0, 0.0, 0.0, 0.0, 0.0, 0.0, 0.0, 0.0, 0.0, 0.0, 0.0, 0.0, 0.0, 0.0, 0.0, 0.0, 0.0, 0.0, 0.0, 0.0, 0.0, 0.0, 0.0, 0.0, 0.0, 0.0, 0.0, 0.0, 0.0, 0.0, 0.0, 0.0, 0.0, 0.0, 0.0, 0.0, 0.0, 0.0, 0.0, 0.0, 0.0, 0.0, 0.0, 0.0, 0.0, 0.0, 0.0, 0.0, 0.0, 0.0, 0.0, 0.0, 0.0, 0.0, 0.0, 0.0, 0.0, 0.0, 0.0, 0.0, 0.0, 0.0, 0.0, 0.0, 0.0], "tonal.chords_histogram": [8.69565200805664, 47.826087951660156, 0.0, 20.869565963745117, 0.8695651888847351, 0.0, 0.0, 0.0, 6.956521511077881, 0.0, 0.0, 0.0, 0.0, 0.0, 0.0, 2.6086957454681396, 0.0, 0.8695651888847351, 0.0, 1.7391303777694702, 0.0, 0.0, 6.08695650100708, 3.4782607555389404], "tonal.thpcp": [1.0, 0.9971199035644531, 0.905267059803009, 0.8346584439277649, 0.8189377784729004, 0.7297888398170471, 0.6579462289810181, 0.7643043398857117, 0.7738556861877441, 0.7851578593254089, 0.7431601285934448, 0.6602364182472229, 0.752140998840332, 0.837809681892395, 0.7727240920066833, 0.7886952757835388, 0.8029933571815491, 0.7361569404602051, 0.761415958404541, 0.7764550447463989, 0.7044322490692139, 0.7651481628417969, 0.8915461897850037, 0.875372588634491, 0.842009961605072, 0.7617708444595337, 0.6967065334320068, 0.7477222084999084, 0.798740565776825, 0.795988142490387, 0.7355379462242126, 0.6711981892585754, 0.7593559622764587, 0.9187788367271423, 0.9940871000289917, 0.9644966125488281], "lowlevel.gfcc.cov": [[39254.41796875, 1703.4764404296875, -2446.760498046875, -600.12646484375, -693.8126220703125, -1207.2479248046875, -1182.8212890625, 487.25531005859375, -554.6799926757812, 125.32316589355469, -31.28673553466797, 111.71818542480469, -247.36863708496094], [1703.4764404296875, 2734.679443359375, 725.2005615234375, -300.793701171875, 465.08624267578125, 21.59373664855957, -29.746801376342773, 67.88639068603516, -77.08143615722656, -15.726035118103027, 148.210693359375, -242.83750915527344, -14.18321704864502], [-2446.760498046875, 725.2005615234375, 2860.6171875, 1050.09033203125, 451.43914794921875, 310.66119384765625, 289.4584655761719, -25.27670669555664, 185.9440155029297, -52.30877685546875, -31.607608795166016, 144.1354217529297, -2.5106303691864014], [-600.12646484375, -300.793701171875, 1050.09033203125, 1009.4038696289062, 352.7748107910156, 270.46014404296875, 237.1583709716797, 137.30642700195312, 221.19200134277344, 18.291725158691406, 41.69350051879883, 168.07028198242188, 36.036231994628906], [-693.8126220703125, 465.08624267578125, 451.43914794921875, 352.7748107910156, 646.6952514648438, 549.2279663085938, 459.079833984375, 194.82237243652344, 180.03720092773438, 102.84400939941406, 103.156982421875, -20.979026794433594, 22.99946403503418], [-1207.2479248046875, 21.59373664855957, 310.66119384765625, 270.46014404296875, 549.2279663085938, 1030.8048095703125, 857.9446411132812, 148.5880584716797, 182.648681640625, 171.12461853027344, 2.1352052688598633, -45.46177291870117, -15.841534614562988], [-1182.8212890625, -29.746801376342773, 289.4584655761719, 237.1583709716797, 459.079833984375, 857.9446411132812, 893.8466186523438, 136.11734008789062, 169.31582641601562, 138.211181640625, -2.223992347717285, -5.071551322937012, -36.67439270019531], [487.25531005859375, 67.88639068603516, -25.27670669555664, 137.30642700195312, 194.82237243652344, 148.5880584716797, 136.11734008789062, 245.6879119873047, 143.09121704101562, 85.07877349853516, 108.97657775878906, 21.869977951049805, 42.69642639160156], [-554.6799926757812, -77.08143615722656, 185.9440155029297, 221.19200134277344, 180.03720092773438, 182.648681640625, 169.31582641601562, 143.09121704101562, 233.99917602539062, 93.0901107788086, 59.461116790771484, 44.61931610107422, 50.308650970458984], [125.32316589355469, -15.726035118103027, -52.30877685546875, 18.291725158691406, 102.84400939941406, 171.12461853027344, 138.211181640625, 85.07877349853516, 93.0901107788086, 166.93800354003906, 75.73014068603516, -10.246545791625977, 22.737071990966797], [-31.28673553466797, 148.210693359375, -31.607608795166016, 41.69350051879883, 103.156982421875, 2.1352052688598633, -2.223992347717285, 108.97657775878906, 59.461116790771484, 75.73014068603516, 181.05795288085938, 41.8713264465332, 58.16773223876953], [111.71818542480469, -242.83750915527344, 144.1354217529297, 168.07028198242188, -20.979026794433594, -45.46177291870117, -5.071551322937012, 21.869977951049805, 44.61931610107422, -10.246545791625977, 41.8713264465332, 182.33811950683594, 43.08110809326172], [-247.36863708496094, -14.18321704864502, -2.5106303691864014, 36.036231994628906, 22.99946403503418, -15.841534614562988, -36.67439270019531, 42.69642639160156, 50.308650970458984, 22.737071990966797, 58.16773223876953, 43.08110809326172, 130.2244415283203]], "lowlevel.gfcc.icov": [[4.5248569222167134e-05, -0.00010466376988915727, 8.412220631726086e-05, -0.00012015823449473828, 9.051898814504966e-05, -9.061985110747628e-06, 6.430274515878409e-05, -0.00025058878236450255, 0.00021606107475236058, -0.00026047942810691893, 0.00029732787515968084, -0.0002427706349408254, 0.00010212108463747427], [-0.00010466376988915727, 0.0011842487147077918, -0.0007265338208526373, 0.0012074961559846997, -0.0013260056730359793, 0.0003777299134526402, -4.449299012776464e-05, 0.00021216273307800293, -5.7396824558964e-05, 0.000991265056654811, -0.001435682992450893, 0.0014678033767268062, -0.00021513568935915828], [8.412220631726086e-05, -0.0007265338208526373, 0.0011104750446975231, -0.0013805411290377378, 0.0004491563595365733, -8.142539445543662e-05, -2.731251333898399e-05, 0.00046359156840480864, -6.940728053450584e-05, -0.0005323121440596879, 0.0009757322841323912, -0.0009408413316123188, 0.00023035482445266098], [-0.00012015823449473828, 0.0012074961559846997, -0.0013805411290377378, 0.0036538257263600826, -0.0020083929412066936, 1.4378048035723623e-05, 0.0004197103844489902, -0.00036088211345486343, -0.0011142271105200052, 0.0014540230622515082, -0.0009596975287422538, -0.00022532544971909374, 0.00013832372496835887], [9.051898814504966e-05, -0.0013260056730359793, 0.0004491563595365733, -0.0020083929412066936, 0.006289738696068525, -0.002434860449284315, -0.00017630084767006338, -0.001380256493575871, -0.0006748493760824203, 0.0005846149870194495, -0.0012554290005937219, 0.0003967051161453128, 0.00017595897952560335], [-9.061985110747628e-06, 0.0003777299134526402, -8.142539445543662e-05, 1.4378048035723623e-05, -0.002434860449284315, 0.00668323365971446, -0.005045393016189337, 0.00034951596171595156, 0.0007370924577116966, -0.0021373454947024584, 0.001447038957849145, 0.0014400010695680976, -0.0013084056554362178], [6.430274515878409e-05, -4.449299012776464e-05, -2.731251333898399e-05, 0.0004197103844489902, -0.00017630084767006338, -0.005045393016189337, 0.006333625875413418, -0.0008947598980739713, -0.00037991796853020787, -0.0001261035940842703, 0.000720267475116998, -0.0020126234740018845, 0.0020079577807337046], [-0.00025058878236450255, 0.00021216273307800293, 0.00046359156840480864, -0.00036088211345486343, -0.001380256493575871, 0.00034951596171595156, -0.0008947598980739713, 0.010808133520185947, -0.005264657083898783, 0.0014266747748479247, -0.004891900345683098, 0.0015986529178917408, -0.0004124643455725163], [0.00021606107475236058, -5.7396824558964e-05, -6.940728053450584e-05, -0.0011142271105200052, -0.0006748493760824203, 0.0007370924577116966, -0.00037991796853020787, -0.005264657083898783, 0.011187523603439331, -0.004990092478692532, 0.0032603670842945576, -0.0017434838227927685, -0.0017911267932504416], [-0.00026047942810691893, 0.000991265056654811, -0.0005323121440596879, 0.0014540230622515082, 0.0005846149870194495, -0.0021373454947024584, -0.0001261035940842703, 0.0014266747748479247, -0.004990092478692532, 0.013460463844239712, -0.007260899990797043, 0.0035711999516934156, -2.6571671696729027e-05], [0.00029732787515968084, -0.001435682992450893, 0.0009757322841323912, -0.0009596975287422538, -0.0012554290005937219, 0.001447038957849145, 0.000720267475116998, -0.004891900345683098, 0.0032603670842945576, -0.007260899990797043, 0.014575631357729435, -0.005270970519632101, -0.0018612875137478113], [-0.0002427706349408254, 0.0014678033767268062, -0.0009408413316123188, -0.00022532544971909374, 0.0003967051161453128, 0.0014400010695680976, -0.0020126234740018845, 0.0015986529178917408, -0.0017434838227927685, 0.0035711999516934156, -0.005270970519632101, 0.011129461228847504, -0.0025203716941177845], [0.00010212108463747427, -0.00021513568935915828, 0.00023035482445266098, 0.00013832372496835887, 0.00017595897952560335, -0.0013084056554362178, 0.0020079577807337046, -0.0004124643455725163, -0.0017911267932504416, -2.6571671696729027e-05, -0.0018612875137478113, -0.0025203716941177845, 0.010688022710382938]], "lowlevel.mfcc.cov": [[31775.1484375, 1226.7139892578125, -1480.091796875, -90.3109359741211, -408.9697570800781, -1432.423583984375, -555.84814453125, -555.0386962890625, -484.077880859375, -11.250622749328613, -466.8435974121094, 43.343544006347656, 422.6595458984375], [1226.7139892578125, 2866.97412109375, 272.95697021484375, -149.1775360107422, 359.7078857421875, -140.72134399414062, 234.13526916503906, -148.0753173828125, -131.40701293945312, 131.52078247070312, -5.865227699279785, -18.68739891052246, 113.20655059814453], [-1480.091796875, 272.95697021484375, 1917.7825927734375, 825.1268310546875, 449.2980041503906, 352.81365966796875, 60.68203353881836, 249.49853515625, 150.7008514404297, -100.74623107910156, 29.712051391601562, 56.99059295654297, 52.782169342041016], [-90.3109359741211, -149.1775360107422, 825.1268310546875, 780.2575073242188, 391.6546325683594, 47.1165885925293, -54.4488525390625, 180.12005615234375, 24.738624572753906, -51.359283447265625, -22.007658004760742, 78.43550109863281, 103.28643798828125], [-408.9697570800781, 359.7078857421875, 449.2980041503906, 391.6546325683594, 557.944091796875, 35.699703216552734, 82.5376205444336, 117.84547424316406, 47.294525146484375, 113.02164459228516, 16.12277603149414, 89.66828155517578, 102.4572525024414], [-1432.423583984375, -140.72134399414062, 352.81365966796875, 47.1165885925293, 35.699703216552734, 964.7423706054688, 549.5692749023438, 393.1675109863281, 408.23858642578125, 202.53575134277344, 341.2033386230469, 53.77716827392578, -88.27159881591797], [-555.84814453125, 234.13526916503906, 60.68203353881836, -54.4488525390625, 82.5376205444336, 549.5692749023438, 578.635986328125, 293.8993225097656, 252.00973510742188, 222.44464111328125, 247.47067260742188, 91.09736633300781, -3.275420904159546], [-555.0386962890625, -148.0753173828125, 249.49853515625, 180.12005615234375, 117.84547424316406, 393.1675109863281, 293.8993225097656, 386.5302734375, 231.8584442138672, 103.33521270751953, 170.96023559570312, 81.00965881347656, 32.69843292236328], [-484.077880859375, -131.40701293945312, 150.7008514404297, 24.738624572753906, 47.294525146484375, 408.23858642578125, 252.00973510742188, 231.8584442138672, 320.14739990234375, 180.02745056152344, 155.91673278808594, 50.036102294921875, -8.843902587890625], [-11.250622749328613, 131.52078247070312, -100.74623107910156, -51.359283447265625, 113.02164459228516, 202.53575134277344, 222.44464111328125, 103.33521270751953, 180.02745056152344, 304.9320068359375, 150.78237915039062, 54.70002365112305, 31.466651916503906], [-466.8435974121094, -5.865227699279785, 29.712051391601562, -22.007658004760742, 16.12277603149414, 341.2033386230469, 247.47067260742188, 170.96023559570312, 155.91673278808594, 150.78237915039062, 246.4157257080078, 68.54901123046875, -8.445104598999023], [43.343544006347656, -18.68739891052246, 56.99059295654297, 78.43550109863281, 89.66828155517578, 53.77716827392578, 91.09736633300781, 81.00965881347656, 50.036102294921875, 54.70002365112305, 68.54901123046875, 142.91734313964844, 86.56676483154297], [422.6595458984375, 113.20655059814453, 52.782169342041016, 103.28643798828125, 102.4572525024414, -88.27159881591797, -3.275420904159546, 32.69843292236328, -8.843902587890625, 31.466651916503906, -8.445104598999023, 86.56676483154297, 150.03424072265625]], "lowlevel.mfcc.icov": [[3.875571201206185e-05, -3.264527185820043e-05, 4.753917164634913e-05, -9.890786895994097e-05, 9.961487376131117e-05, 3.634954919107258e-05, -9.283889085054398e-06, 2.0424336980795488e-05, -3.929377635358833e-05, -3.6119967262493446e-05, 4.5449287426890805e-05, -1.5863595763221383e-05, -6.750412285327911e-05], [-3.264527185820043e-05, 0.0006563856732100248, -0.00034510839032009244, 0.0006389475311152637, -0.0006544631323777139, 0.000256634084507823, -0.0007483979570679367, 0.00044820079347118735, 0.00033676036400720477, 6.948793452465907e-05, -0.00035868570557795465, 0.0009229099960066378, -0.0007852734415791929], [4.753917164634913e-05, -0.00034510839032009244, 0.0014296189183369279, -0.0014968562172725797, -6.1005404859315604e-05, -0.0004806509823538363, 0.0002228118828497827, 0.0004083163512405008, -0.0010408516973257065, 0.001039655995555222, -3.37970232067164e-05, -1.3058654985798057e-05, 5.497852907865308e-05], [-9.890786895994097e-05, 0.0006389475311152637, -0.0014968562172725797, 0.00476030120626092, -0.002313736593350768, -0.00036567854112945497, 0.0010455342708155513, -0.0018744227709248662, 0.0016194002237170935, 2.2233298295759596e-05, 0.0002573031233623624, 3.353823194629513e-05, -0.0010718137491494417], [9.961487376131117e-05, -0.0006544631323777139, -6.1005404859315604e-05, -0.002313736593350768, 0.004736144561320543, 3.8810580008430406e-05, 4.115606498089619e-05, -0.0006967391818761826, 0.0008223747136071324, -0.0027879071421921253, 0.0017747817328199744, -0.0018592512933537364, 0.0005746104288846254], [3.634954919107258e-05, 0.000256634084507823, -0.0004806509823538363, -0.00036567854112945497, 3.8810580008430406e-05, 0.00579045619815588, -0.0033684014342725277, 0.0004754022229462862, -0.004128033295273781, 0.002029295777902007, -0.003952966537326574, 0.0018109360244125128, 0.001391607103869319], [-9.283889085054398e-06, -0.0007483979570679367, 0.0002228118828497827, 0.0010455342708155513, 4.115606498089619e-05, -0.0033684014342725277, 0.007176632061600685, -0.003459150204434991, 0.002110038883984089, -0.0026007299311459064, 0.001049913465976715, -0.003115656552836299, 0.0012199749471619725], [2.0424336980795488e-05, 0.00044820079347118735, 0.0004083163512405008, -0.0018744227709248662, -0.0006967391818761826, 0.0004754022229462862, -0.003459150204434991, 0.009052630513906479, -0.0049354746006429195, 0.003484879620373249, -0.003228566376492381, 0.0019217308145016432, -0.0028542662039399147], [-3.929377635358833e-05, 0.00033676036400720477, -0.0010408516973257065, 0.0016194002237170935, 0.0008223747136071324, -0.004128033295273781, 0.002110038883984089, -0.0049354746006429195, 0.013040104880928993, -0.006934149190783501, 0.003830492729321122, -0.0022773039527237415, 0.0009918772848322988], [-3.6119967262493446e-05, 6.948793452465907e-05, 0.001039655995555222, 2.2233298295759596e-05, -0.0027879071421921253, 0.002029295777902007, -0.0026007299311459064, 0.003484879620373249, -0.006934149190783501, 0.01064264215528965, -0.00567619688808918, 0.0029979697428643703, -0.0027403326239436865], [4.5449287426890805e-05, -0.00035868570557795465, -3.37970232067164e-05, 0.0002573031233623624, 0.0017747817328199744, -0.003952966537326574, 0.001049913465976715, -0.003228566376492381, 0.003830492729321122, -0.00567619688808918, 0.013524528592824936, -0.006013219244778156, 0.0028132672887295485], [-1.5863595763221383e-05, 0.0009229099960066378, -1.3058654985798057e-05, 3.353823194629513e-05, -0.0018592512933537364, 0.0018109360244125128, -0.003115656552836299, 0.0019217308145016432, -0.0022773039527237415, 0.0029979697428643703, -0.006013219244778156, 0.016876952722668648, -0.009661033749580383], [-6.750412285327911e-05, -0.0007852734415791929, 5.497852907865308e-05, -0.0010718137491494417, 0.0005746104288846254, 0.001391607103869319, 0.0012199749471619725, -0.0028542662039399147, 0.0009918772848322988, -0.0027403326239436865, 0.0028132672887295485, -0.009661033749580383, 0.015607153996825218]], "metadata.audio_properties.analysis.downmix": "mix", "metadata.audio_properties.codec": "mp3", "metadata.audio_properties.md5_encoded": "313ade592453a0a0e4b585fe29840954", "metadata.tags.file_name": "1182256644931989544.mp3", "metadata.version.essentia": "2.1-beta6-dev", "metadata.version.essentia_git_sha": "v2.1_beta5-1110-g77a6a954", "metadata.version.extractor": "music 2.0", "tonal.chords_key": "C", "tonal.chords_scale": "minor", "tonal.key_edma.key": "Ab", "tonal.key_edma.scale": "major", "tonal.key_krumhansl.key": "Ab", "tonal.key_krumhansl.scale": "major", "tonal.key_temperley.key": "Ab", "tonal.key_temperley.scale": "major", "metadata.tags.encoding": ["Lavf58.45.100"]}, "essentia_models": [{"model_name": "genre_dortmund", "activations": {"alternative": "0.02788049", "blues": "0.00087385305", "electronic": "0.031179238", "folkcountry": "0.0052399575", "funksoulrnb": "0.035816103", "jazz": "0.00043375135", "pop": "0.09592509", "raphiphop": "0.65338546", "rock": "0.085355684"}}, {"model_name": "genre_rosamerica", "activations": {"classic": "0.00031873194", "dance": "0.0548981", "hip hop": "0.17708136", "jazz": "0.0012474474", "pop": "0.08865089", "rhythm and blues": "0.032991137", "rock": "0.0014500155", "speech": "0.0575177"}}, {"model_name": "genre_tzanetakis", "activations": {"blues": "0.0005220011", "classic": "8.1885424e-05", "country": "0.006651687", "disco": "0.075522795", "hip hop": "0.21114601", "jazz": "8.9860725e-05", "metal": "0.008617454", "pop": "0.1674437", "reggae": "0.11747998", "rock": "0.002353151"}}, {"model_name": "genre_electronic", "activations": {"ambient": "0.004473951", "dnb": "0.07730551", "house": "0.6435617", "techno": "0.66847956", "trance": "0.022891846"}}, {"model_name": "mood_acoustic", "activations": {"acoustic": "7.9906253e-13", "not acoustic": "0.9999678"}}, {"model_name": "mood_electronic", "a