{"song_id": "1182259120951263293", "download": "https://cdn.discordapp.com/attachments/1135903449314238464/1182259120951263293/chirp.mp4?ex=65840b9b&amp", "lyrics": "Verse 1:\nBrush, brush, smile big\nBrush bugs away\nClean all over\nBe happy!\n\nChorus:\n\nBrush your teeth\nFight the bugs\nKeep them clean\nSmile bright!\n\nVerse 2:\nBrush bottom nice\nBugs don\u2019t stay\nSmooth like silk\n\nVerse 3:\nBrush up on top\nBright white, yay!\n\nChorus:\nBrush your teeth\nFight the bugs\nKeep them clean\nSmile bright!\n\nVerse 4:\nBrush day and night\nNo more bugs!\nSmiles fresh and bright", "style": ["happy song for kids</span><span>, over"], "essentia_features": {"lowlevel.average_loudness": 0.9542286396026611, "lowlevel.barkbands_crest.mean": 14.520217895507812, "lowlevel.barkbands_crest.stdev": 5.1572794914245605, "lowlevel.barkbands_flatness_db.mean": 0.23058724403381348, "lowlevel.barkbands_flatness_db.stdev": 0.071573406457901, "lowlevel.barkbands_kurtosis.mean": 30.56708526611328, "lowlevel.barkbands_kurtosis.stdev": 55.49033737182617, "lowlevel.barkbands_skewness.mean": 3.28794002532959, "lowlevel.barkbands_skewness.stdev": 3.183544158935547, "lowlevel.barkbands_spread.mean": 15.357359886169434, "lowlevel.barkbands_spread.stdev": 19.821962356567383, "lowlevel.dissonance.mean": 0.4233672320842743, "lowlevel.dissonance.stdev": 0.059148892760276794, "lowlevel.dynamic_complexity": 3.976860284805298, "lowlevel.erbbands_crest.mean": 14.298757553100586, "lowlevel.erbbands_crest.stdev": 5.201254367828369, "lowlevel.erbbands_flatness_db.mean": 0.2117970585823059, "lowlevel.erbbands_flatness_db.stdev": 0.06452928483486176, "lowlevel.erbbands_kurtosis.mean": 9.82339859008789, "lowlevel.erbbands_kurtosis.stdev": 15.304502487182617, "lowlevel.erbbands_skewness.mean": 1.7773823738098145, "lowlevel.erbbands_skewness.stdev": 2.0784268379211426, "lowlevel.erbbands_spread.mean": 33.63467025756836, "lowlevel.erbbands_spread.stdev": 30.01758575439453, "lowlevel.hfc.mean": 18.295711517333984, "lowlevel.hfc.stdev": 22.069610595703125, "lowlevel.loudness_ebu128.integrated": -15.535055160522461, "lowlevel.loudness_ebu128.loudness_range": 1.882577896118164, "lowlevel.loudness_ebu128.momentary.mean": -16.007156372070312, "lowlevel.loudness_ebu128.momentary.stdev": 2.168628692626953, "lowlevel.loudness_ebu128.short_term.mean": -15.698966979980469, "lowlevel.loudness_ebu128.short_term.stdev": 0.7632692456245422, "lowlevel.melbands_crest.mean": 17.153749465942383, "lowlevel.melbands_crest.stdev": 5.275795936584473, "lowlevel.melbands_flatness_db.mean": 0.28930360078811646, "lowlevel.melbands_flatness_db.stdev": 0.09175682067871094, "lowlevel.melbands_kurtosis.mean": 53.414974212646484, "lowlevel.melbands_kurtosis.stdev": 75.4710693359375, "lowlevel.melbands_skewness.mean": 4.116302967071533, "lowlevel.melbands_skewness.stdev": 3.4564530849456787, "lowlevel.melbands_spread.mean": 20.09522819519043, "lowlevel.melbands_spread.stdev": 40.40534591674805, "lowlevel.pitch_salience.mean": 0.49417051672935486, "lowlevel.pitch_salience.stdev": 0.1420029252767563, "lowlevel.silence_rate_20dB.mean": 1.0, "lowlevel.silence_rate_20dB.stdev": 0.0, "lowlevel.silence_rate_30dB.mean": 0.9945945739746094, "lowlevel.silence_rate_30dB.stdev": 0.07332224398851395, "lowlevel.silence_rate_60dB.mean": 0.18764479458332062, "lowlevel.silence_rate_60dB.stdev": 0.39043012261390686, "lowlevel.spectral_centroid.mean": 945.9296264648438, "lowlevel.spectral_centroid.stdev": 1085.1087646484375, "lowlevel.spectral_complexity.mean": 7.416988372802734, "lowlevel.spectral_complexity.stdev": 6.243277072906494, "lowlevel.spectral_decrease.mean": -5.676541459109785e-09, "lowlevel.spectral_decrease.stdev": 6.838769106565223e-09, "lowlevel.spectral_energy.mean": 0.023084068670868874, "lowlevel.spectral_energy.stdev": 0.02656855806708336, "lowlevel.spectral_energyband_high.mean": 0.0008643941255286336, "lowlevel.spectral_energyband_high.stdev": 0.001942746341228485, "lowlevel.spectral_energyband_low.mean": 0.0047155809588730335, "lowlevel.spectral_energyband_low.stdev": 0.018135694786906242, "lowlevel.spectral_energyband_middle_high.mean": 0.003512566676363349, "lowlevel.spectral_energyband_middle_high.stdev": 0.008412170223891735, "lowlevel.spectral_energyband_middle_low.mean": 0.014521210454404354, "lowlevel.spectral_energyband_middle_low.stdev": 0.015863753855228424, "lowlevel.spectral_entropy.mean": 6.903817176818848, "lowlevel.spectral_entropy.stdev": 0.8567607402801514, "lowlevel.spectral_flux.mean": 0.07802211493253708, "lowlevel.spectral_flux.stdev": 0.06626101583242416, "lowlevel.spectral_kurtosis.mean": 6.691150665283203, "lowlevel.spectral_kurtosis.stdev": 6.036298751831055, "lowlevel.spectral_rms.mean": 0.004031210206449032, "lowlevel.spectral_rms.stdev": 0.002504070522263646, "lowlevel.spectral_rolloff.mean": 1716.42333984375, "lowlevel.spectral_rolloff.stdev": 3040.35693359375, "lowlevel.spectral_skewness.mean": 2.083139657974243, "lowlevel.spectral_skewness.stdev": 0.9092344641685486, "lowlevel.spectral_spread.mean": 6356602.5, "lowlevel.spectral_spread.stdev": 3201434.0, "lowlevel.spectral_strongpeak.mean": 1.2696419954299927, "lowlevel.spectral_strongpeak.stdev": 1.4384922981262207, "lowlevel.zerocrossingrate.mean": 0.07454527914524078, "lowlevel.zerocrossingrate.stdev": 0.08322367817163467, "metadata.audio_properties.analysis.equal_loudness": 0.0, "metadata.audio_properties.analysis.length": 30.03628158569336, "metadata.audio_properties.analysis.sample_rate": 44100.0, "metadata.audio_properties.analysis.start_time": 0.0, "metadata.audio_properties.bit_rate": 124961.0, "metadata.audio_properties.length": 30.03733253479004, "metadata.audio_properties.lossless": 0.0, "metadata.audio_properties.number_channels": 1.0, "metadata.audio_properties.replay_gain": -12.315093994140625, "metadata.audio_properties.sample_rate": 48000.0, "rhythm.beats_count": 72.0, "rhythm.beats_loudness.mean": 0.03957430273294449, "rhythm.beats_loudness.stdev": 0.016452426090836525, "rhythm.bpm": 144.80300903320312, "rhythm.bpm_histogram_first_peak_bpm": 144.0, "rhythm.bpm_histogram_first_peak_weight": 0.30434781312942505, "rhythm.bpm_histogram_second_peak_bpm": 152.0, "rhythm.bpm_histogram_second_peak_spread": 0.0, "rhythm.bpm_histogram_second_peak_weight": 0.028169013559818268, "rhythm.danceability": 1.5181328058242798, "rhythm.onset_rate": 4.657626152038574, "tonal.chords_changes_rate": 0.029320986941456795, "tonal.chords_number_rate": 0.007716049440205097, "tonal.chords_strength.mean": 0.5805844664573669, "tonal.chords_strength.stdev": 0.10297296196222305, "tonal.hpcp_crest.mean": 17.90863037109375, "tonal.hpcp_crest.stdev": 9.156291007995605, "tonal.hpcp_entropy.mean": 1.5762819051742554, "tonal.hpcp_entropy.stdev": 0.939145565032959, "tonal.key_edma.strength": 0.8305081129074097, "tonal.key_krumhansl.strength": 0.8266851902008057, "tonal.key_temperley.strength": 0.8127952218055725, "tonal.tuning_diatonic_strength": 0.6722462177276611, "tonal.tuning_equal_tempered_deviation": 0.04928502067923546, "tonal.tuning_frequency": 439.2381896972656, "tonal.tuning_nontempered_energy_ratio": 0.6871392726898193, "lowlevel.barkbands.mean": [7.165573606471298e-06, 0.0010915715247392654, 0.0031785520259290934, 0.0005490666371770203, 0.006132317706942558, 0.00412075687199831, 0.000970812572631985, 0.00234589702449739, 0.00020186086476314813, 0.0003237378259655088, 0.0015216069296002388, 0.0006086627836339176, 0.00020118875545449555, 0.00017958811076823622, 0.0001821143232518807, 0.00021173809363972396, 0.00013049488188698888, 0.00011122233263449743, 0.00011254269338678569, 9.604432852938771e-05, 7.779103907523677e-05, 5.730506745749153e-05, 7.330668449867517e-05, 0.00016711071657482535, 0.00029095011996105313, 0.00014018631190992892, 4.785603096024715e-07], "lowlevel.barkbands.stdev": [2.123008198395837e-05, 0.004683732055127621, 0.012287731282413006, 0.002181629417464137, 0.010574966669082642, 0.006540284492075443, 0.002616005949676037, 0.005714097525924444, 0.0010871544945985079, 0.001013787928968668, 0.005456364713609219, 0.0030772883910685778, 0.0007716744439676404, 0.0006478215800598264, 0.0005856447387486696, 0.0008424357511103153, 0.00042397313518449664, 0.0002732842694967985, 0.00023656497069168836, 0.00036367689608596265, 0.000216086526052095, 0.00019899567996617407, 0.00022859904856886715, 0.0005486677982844412, 0.000799391302280128, 0.00035392915015108883, 2.788011215670849e-06], "lowlevel.erbbands.mean": [0.011360963806509972, 0.3623919188976288, 3.0276007652282715, 3.178957223892212, 1.6337695121765137, 25.337732315063477, 44.125030517578125, 30.851520538330078, 16.353029251098633, 40.02226257324219, 32.09996032714844, 6.37730073928833, 10.392518997192383, 10.385351181030273, 78.53671264648438, 27.579490661621094, 10.36214542388916, 9.408499717712402, 8.741609573364258, 11.47574234008789, 9.534031867980957, 6.5199294090271, 5.704871654510498, 8.407267570495605, 3.4061594009399414, 4.72389030456543, 3.602008104324341, 2.897796869277954, 2.286672592163086, 1.5807348489761353, 2.1248879432678223, 2.287051200866699, 3.6325454711914062, 3.2475268840789795, 2.065542697906494, 0.8975532054901123, 0.1955307126045227, 0.016828857362270355, 0.0003550552064552903, 4.683262523030862e-05], "lowlevel.erbbands.stdev": [0.047476258128881454, 1.5298327207565308, 11.947093963623047, 11.735583305358887, 3.789398431777954, 47.172889709472656, 65.7132339477539, 50.22249984741211, 25.735057830810547, 95.87500762939453, 105.04144287109375, 29.461225509643555, 35.47883224487305, 30.396923065185547, 276.3908386230469, 135.9825897216797, 37.1348991394043, 33.480133056640625, 24.888891220092773, 41.89606857299805, 34.475242614746094, 22.200572967529297, 14.817404747009277, 17.130420684814453, 8.047995567321777, 18.568679809570312, 10.637463569641113, 8.938386917114258, 8.236581802368164, 5.149733543395996, 6.665109157562256, 7.029702186584473, 12.41273021697998, 9.976263046264648, 5.344850540161133, 2.5754032135009766, 0.43370822072029114, 0.03162259981036186, 0.0006566703086718917, 5.385812255553901e-05], "lowlevel.gfcc.mean": [-85.42652130126953, 64.31383514404297, -81.70368194580078, 11.8936767578125, -72.3582763671875, -10.252702713012695, -68.82874298095703, 1.2006455659866333, -41.711463928222656, 12.50226879119873, -8.157697677612305, 12.024032592773438, -5.319397449493408], "lowlevel.melbands.mean": [0.00019658431119751185, 0.0011825421825051308, 0.0004813335544895381, 0.0007859178585931659, 0.0016931791324168444, 0.0007068610284477472, 0.0002279664622619748, 0.0004886490060016513, 0.00021336216013878584, 2.9643168090842664e-05, 5.0192367780255154e-05, 2.5719318728079088e-05, 0.00022430384706240147, 0.00013022823259234428, 3.440006184973754e-05, 1.3744275747740176e-05, 1.9117196643492207e-05, 1.3048286746197846e-05, 1.415178212482715e-05, 1.7321519408142194e-05, 1.0007907803810667e-05, 6.9342372626124416e-06, 5.470356882142369e-06, 5.51676248505828e-06, 7.3131359386025e-06, 2.7097753445559647e-06, 2.333730208192719e-06, 3.3458331927249674e-06, 2.457447408232838e-06, 1.8141023474527174e-06, 1.6076711517598596e-06, 1.4135754327071481e-06, 8.704843708073895e-07, 9.120984145738475e-07, 1.1135381328131189e-06, 1.3488713648257544e-06, 1.466885578338406e-06, 2.5946694677259075e-06, 2.4939388367783977e-06, 2.8656268113991246e-06], "lowlevel.melbands.stdev": [0.0008325143135152757, 0.004669378511607647, 0.0017536265077069402, 0.001477646641433239, 0.0024271064903587103, 0.0011383923701941967, 0.0004161691467743367, 0.001132872886955738, 0.0007518443744629622, 0.0001565550483064726, 0.00017616628610994667, 0.00010404997738078237, 0.000798432098235935, 0.0004776128917001188, 0.00014887703582644463, 4.79082009405829e-05, 7.39013048587367e-05, 3.736570579349063e-05, 4.712411464424804e-05, 6.968089292058721e-05, 3.532401387928985e-05, 2.403383950877469e-05, 1.8254431779496372e-05, 1.3776466403214727e-05, 1.5188850738923065e-05, 6.608212061109953e-06, 8.095944394881371e-06, 1.3936949471826665e-05, 7.991427992237732e-06, 4.7908356464176904e-06, 5.4791935326647945e-06, 5.230413535173284e-06, 3.0069136300880928e-06, 3.1758022487338167e-06, 3.566113491615397e-06, 4.356788394943578e-06, 4.807623099623015e-06, 8.997541954158805e-06, 8.570786121708807e-06, 8.855106898408849e-06], "lowlevel.melbands128.mean": [4.743321824207669e-06, 3.33081916323863e-05, 0.00019424251513555646, 0.0006537187728099525, 0.0014510414330288768, 0.001533483387902379, 0.0007074902532622218, 0.00017846845730673522, 6.30063223070465e-05, 0.0002413810434518382, 0.00154351897072047, 0.002575950464233756, 0.0014753101859241724, 0.0010698802070692182, 0.0007328938809223473, 0.0005305339000187814, 0.00038157208473421633, 8.554317901143804e-05, 0.00013133948959875852, 0.0005230900133028626, 0.0006869900389574468, 0.0003395194071345031, 0.00017047635628841817, 4.694563540397212e-05, 3.473096148809418e-05, 8.334964149980806e-06, 4.29025458288379e-05, 8.271526166936383e-05, 2.264217437186744e-05, 2.9744514904450625e-05, 2.2135423932923004e-05, 2.5539109628880396e-05, 0.00022306235041469336, 0.00046700984239578247, 8.706716471351683e-05, 9.516123827779666e-05, 5.2488932851701975e-05, 1.4728637324878946e-05, 4.391340189613402e-05, 1.6581620002398267e-05, 6.668590231129201e-06, 6.879662578285206e-06, 2.0076899090781808e-05, 2.9338061722228304e-05, 8.382533451367635e-06, 9.590833542461041e-06, 1.797026015992742e-05, 1.5118371265998576e-05, 1.0006736374634784e-05, 1.7761192793841474e-05, 2.2273932700045407e-05, 1.2918995707877912e-05, 7.485822607122827e-06, 1.1488758900668472e-05, 9.199832675221842e-06, 5.217142643232364e-06, 5.78030631004367e-06, 7.477039616787806e-06, 4.1878906813508365e-06, 4.0699223973206244e-06, 5.420693469204707e-06, 5.795903234684374e-06, 9.78895513981115e-06, 7.4758809205377474e-06, 4.2684696381911635e-06, 2.477386942700832e-06, 1.7037307316059014e-06, 1.8405451100989012e-06, 2.233266741313855e-06, 3.523740588207147e-06, 3.1082997793419054e-06, 3.862934590870282e-06, 2.7212365694140317e-06, 2.370573156440514e-06, 1.7397838973920443e-06, 1.8088468323185225e-06, 1.922106775964494e-06, 1.6792425867606653e-06, 1.596072934262338e-06, 1.3863026424587588e-06, 1.6717375501684728e-06, 1.3336567690203083e-06, 1.0657945495040622e-06, 8.394724204663362e-07, 6.739994660165394e-07, 7.625981197634246e-07, 1.0620125294735772e-06, 1.081317577700247e-06, 8.548680057174352e-07, 1.331274006588501e-06, 1.7148894357887912e-06, 1.321808554166637e-06, 8.150800567818806e-07, 1.2290232689338154e-06, 1.9149026684317505e-06, 2.5663293854449876e-06, 2.705021643123473e-06, 2.7958185455645435e-06, 2.2504591470351443e-06, 2.525030822653207e-06, 2.7609892185864737e-06, 3.157850869683898e-06, 2.6179352516919607e-06, 2.691696636247798e-06, 2.0711065644718474e-06, 2.4479813873767853e-06, 1.895894797598885e-06, 2.0042846244905377e-06, 1.8500821852285299e-06, 9.742764177644858e-07, 7.517507469856355e-07, 7.561093298136257e-07, 5.700599103874993e-07, 4.467108567496325e-07, 4.0000094259085017e-07, 1.1729110838132328e-07, 2.2924055542716815e-08, 1.648746278393176e-10, 5.496591463233225e-12, 4.724920975307523e-12, 4.3154403661649354e-12, 3.2995611451425155e-12, 3.000719464574253e-12, 2.932926687973514e-12, 2.8552655031988117e-12, 2.7649646894972735e-12, 2.7098958927523897e-12, 2.6883684080963866e-12], "lowlevel.melbands128.stdev": [1.5016917132015806e-05, 0.00015789116150699556, 0.0008898345404304564, 0.002865593181923032, 0.0059146941639482975, 0.0058432286605238914, 0.0026463805697858334, 0.000728592392988503, 0.00024654800654388964, 0.0006672713789157569, 0.003161089261993766, 0.004544924013316631, 0.002842442598193884, 0.00227653281763196, 0.001511883339844644, 0.0008190632797777653, 0.0006275061750784516, 0.0004486760008148849, 0.0007413402199745178, 0.001507167355157435, 0.001751781441271305, 0.0014241051394492388, 0.0009848856134340167, 0.00031135560129769146, 0.00031697453232482076, 5.570383291342296e-05, 0.00015385847655124962, 0.00033175520366057754, 9.361539559904486e-05, 0.00015112744586076587, 0.00014561193529516459, 0.00018416711827740073, 0.0009230221039615571, 0.0018102109897881746, 0.00042560783913359046, 0.0007273582741618156, 0.0004424811340868473, 6.32289593340829e-05, 0.0002065076696453616, 7.320765871554613e-05, 2.675950418051798e-05, 2.829786535585299e-05, 9.12034884095192e-05, 0.0001296655973419547, 3.135428414680064e-05, 4.525366239249706e-05, 6.748388113919646e-05, 5.9649813920259476e-05, 5.1194350817240775e-05, 8.443369006272405e-05, 9.273152681998909e-05, 6.8799672590103e-05, 3.7964520743116736e-05, 4.3063468183390796e-05, 3.197940895915963e-05, 2.431889333820436e-05, 2.6125431759282947e-05, 2.6651665393728763e-05, 1.7474309061071835e-05, 1.3692229003936518e-05, 1.7591528376215138e-05, 1.8972121324623004e-05, 2.3381708160741255e-05, 1.9624949345597997e-05, 1.5148584679991473e-05, 6.9615134634659626e-06, 4.619913852366153e-06, 5.587090527114924e-06, 8.515726221958175e-06, 1.626783523533959e-05, 1.4409671166504268e-05, 1.827285268518608e-05, 1.0625075447023846e-05, 8.044413334573619e-06, 4.782769337907666e-06, 5.137666448717937e-06, 5.2467726163740736e-06, 5.515640168596292e-06, 6.387293069565203e-06, 5.042157681600656e-06, 6.484842288045911e-06, 5.1287443056935444e-06, 4.695819825428771e-06, 2.9222874218248762e-06, 2.3118391254683957e-06, 2.7597841381066246e-06, 4.1861803765641525e-06, 4.0135150811693165e-06, 2.9827897378709167e-06, 4.895772235613549e-06, 6.091435352573171e-06, 4.557773081614869e-06, 2.678435294001247e-06, 4.59120019513648e-06, 7.3491646617185324e-06, 9.166532436211128e-06, 9.941551979864016e-06, 1.2437402801879216e-05, 8.110844646580517e-06, 9.764404239831492e-06, 9.409238373336848e-06, 1.0359095540479757e-05, 8.369658644369338e-06, 7.891201676102355e-06, 5.78015760765993e-06, 7.334920155699365e-06, 5.249201876722509e-06, 5.723532467527548e-06, 6.984609626670135e-06, 2.7812741336674662e-06, 2.3339052859228104e-06, 1.879675096461142e-06, 1.3487709793480462e-06, 1.054534322975087e-06, 8.089639322861331e-07, 2.9918930977146374e-07, 9.19823506251305e-08, 1.1964598201075205e-09, 3.3031348489753753e-11, 2.6196982083614984e-11, 2.257062418908884e-11, 7.764931059250912e-12, 5.397888299535358e-12, 5.297057497494206e-12, 5.212520085701167e-12, 5.144212313068497e-12, 5.095507349395234e-12, 5.065799776188262e-12], "lowlevel.mfcc.mean": [-748.023193359375, 113.3610610961914, 26.250436782836914, 17.841577529907227, 8.524614334106445, -16.393510818481445, -9.747791290283203, -25.57583236694336, -17.515050888061523, -23.777780532836914, -9.60241985321045, 2.0880019664764404, 1.5709519386291504], "lowlevel.spectral_contrast_coeffs.mean": [-0.5665243268013, -0.620019257068634, -0.7627933621406555, -0.8103036880493164, -0.8047158718109131, -0.7664174437522888], "lowlevel.spectral_contrast_coeffs.stdev": [0.11476898193359375, 0.09337407350540161, 0.0963963195681572, 0.06160428002476692, 0.051825713366270065, 0.057912688702344894], "lowlevel.spectral_contrast_valleys.mean": [-8.122335433959961, -8.064214706420898, -8.877071380615234, -8.907155990600586, -8.715312004089355, -11.105544090270996], "lowlevel.spectral_contrast_valleys.stdev": [1.0634042024612427, 1.026121973991394, 1.1306971311569214, 1.128394603729248, 1.1672799587249756, 1.3129290342330933], "rhythm.beats_loudness_band_ratio.mean": [0.14738211035728455, 0.4885425567626953, 0.1830088049173355, 0.15234306454658508, 0.05560635030269623, 0.030072782188653946], "rhythm.beats_loudness_band_ratio.stdev": [0.2041042596101761, 0.2304016649723053, 0.13680246472358704, 0.1969114989042282, 0.0627737045288086, 0.03600397706031799], "tonal.hpcp.mean": [0.047472693026065826, 0.055280495434999466, 0.06612026691436768, 0.09516473859548569, 0.09905511140823364, 0.08797038346529007, 0.09357836097478867, 0.09371354430913925, 0.2123386263847351, 0.34225183725357056, 0.22708113491535187, 0.07387444376945496, 0.03762282431125641, 0.03494313731789589, 0.10955498367547989, 0.1710198074579239, 0.0942099392414093, 0.022530116140842438, 0.014163685031235218, 0.01460869237780571, 0.07973584532737732, 0.25664201378822327, 0.1997464895248413, 0.040917690843343735, 0.07247140258550644, 0.05558091029524803, 0.016722701489925385, 0.013039725832641125, 0.015200300142168999, 0.17205052077770233, 0.3304286301136017, 0.18346582353115082, 0.022631729021668434, 0.014620810747146606, 0.019499512389302254, 0.02995908632874489], "tonal.hpcp.stdev": [0.142047718167305, 0.17079755663871765, 0.20037473738193512, 0.24668057262897491, 0.24766041338443756, 0.22188924252986908, 0.22895081341266632, 0.22200950980186462, 0.2899925410747528, 0.38394632935523987, 0.31002750992774963, 0.2003244310617447, 0.13857807219028473, 0.12975463271141052, 0.22342881560325623, 0.32345178723335266, 0.19335812330245972, 0.10320086777210236, 0.05723854526877403, 0.0656985491514206, 0.1427815854549408, 0.3676517605781555, 0.29724249243736267, 0.10199284553527832, 0.20028674602508545, 0.15297973155975342, 0.07621930539608002, 0.053895123302936554, 0.05638938397169113, 0.21880307793617249, 0.38545316457748413, 0.22205325961112976, 0.0857682153582573, 0.06264611333608627, 0.08422760665416718, 0.09905891120433807], "rhythm.beats_position": [0.3831292390823364, 0.7894784212112427, 1.2074376344680786, 1.6253968477249146, 2.043355941772461, 2.461315155029297, 2.879274368286133, 3.285623550415039, 3.6919727325439453, 4.109931945800781, 4.527891159057617, 4.934240341186523, 5.34058952331543, 5.758548736572266, 6.176507949829102, 6.5944671630859375, 7.012426376342773, 7.430385589599609, 7.848344326019287, 8.254693984985352, 8.661043167114258, 9.079002380371094, 9.49696159362793, 9.903310775756836, 10.309659957885742, 10.727619171142578, 11.145578384399414, 11.56353759765625, 11.981496810913086, 12.387845993041992, 12.794195175170898, 13.212154388427734, 13.63011360168457, 14.04807186126709, 14.466031074523926, 14.883990287780762, 15.278729438781738, 15.696688652038574, 16.114648818969727, 16.520998001098633, 16.92734718322754, 17.345306396484375, 17.76326560974121, 18.181224822998047, 18.599184036254883, 19.01714324951172, 19.423492431640625, 19.82984161376953, 20.247800827026367, 20.665760040283203, 21.08371925354004, 21.490068435668945, 21.89641761779785, 22.314376831054688, 22.732336044311523, 23.15029525756836, 23.545034408569336, 23.962993621826172, 24.380952835083008, 24.798912048339844, 25.20526123046875, 25.611610412597656, 26.029569625854492, 26.447526931762695, 26.86548614501953, 27.283445358276367, 27.701404571533203, 28.11936378479004, 28.525712966918945, 28.93206214904785, 29.350021362304688, 29.767980575561523], "rhythm.bpm_histogram": [0.0, 0.0, 0.0, 0.0, 0.0, 0.0, 0.0, 0.0, 0.0, 0.0, 0.0, 0.0, 0.0, 0.0, 0.0, 0.0, 0.0, 0.0, 0.0, 0.0, 0.0, 0.0, 0.0, 0.0, 0.0, 0.0, 0.0, 0.0, 0.0, 0.0, 0.0, 0.0, 0.0, 0.0, 0.0, 0.0, 0.0, 0.0, 0.0, 0.0, 0.0, 0.0, 0.0, 0.0, 0.0, 0.0, 0.0, 0.0, 0.0, 0.0, 0.0, 0.0, 0.0, 0.0, 0.0, 0.0, 0.0, 0.0, 0.0, 0.0, 0.0, 0.0, 0.0, 0.0, 0.0, 0.0, 0.0, 0.0, 0.0, 0.0, 0.0, 0.0, 0.0, 0.0, 0.0, 0.0, 0.0, 0.0, 0.0, 0.0, 0.0, 0.0, 0.0, 0.0, 0.0, 0.0, 0.0, 0.0, 0.0, 0.0, 0.0, 0.0, 0.0, 0.0, 0.0, 0.0, 0.0, 0.0, 0.0, 0.0, 0.0, 0.0, 0.0, 0.0, 0.0, 0.0, 0.0, 0.0, 0.0, 0.0, 0.0, 0.0, 0.0, 0.0, 0.0, 0.0, 0.0, 0.0, 0.0, 0.0, 0.0, 0.0, 0.0, 0.0, 0.0, 0.0, 0.0, 0.0, 0.0, 0.0, 0.0, 0.0, 0.0, 0.0, 0.0, 0.0, 0.0, 0.0, 0.0, 0.0, 0.0, 0.0, 0.0, 0.0, 0.6760563254356384, 0.0, 0.0, 0.0, 0.2957746386528015, 0.0, 0.0, 0.0, 0.028169013559818268, 0.0, 0.0, 0.0, 0.0, 0.0, 0.0, 0.0, 0.0, 0.0, 0.0, 0.0, 0.0, 0.0, 0.0, 0.0, 0.0, 0.0, 0.0, 0.0, 0.0, 0.0, 0.0, 0.0, 0.0, 0.0, 0.0, 0.0, 0.0, 0.0, 0.0, 0.0, 0.0, 0.0, 0.0, 0.0, 0.0, 0.0, 0.0, 0.0, 0.0, 0.0, 0.0, 0.0, 0.0, 0.0, 0.0, 0.0, 0.0, 0.0, 0.0, 0.0, 0.0, 0.0, 0.0, 0.0, 0.0, 0.0, 0.0, 0.0, 0.0, 0.0, 0.0, 0.0, 0.0, 0.0, 0.0, 0.0, 0.0, 0.0, 0.0, 0.0, 0.0, 0.0, 0.0, 0.0, 0.0, 0.0, 0.0, 0.0, 0.0, 0.0, 0.0, 0.0, 0.0, 0.0, 0.0, 0.0, 0.0, 0.0, 0.0, 0.0, 0.0, 0.0, 0.0, 0.0, 0.0, 0.0], "tonal.chords_histogram": [68.82716369628906, 0.0, 13.580246925354004, 0.0, 0.0, 0.0, 0.0, 0.0, 0.0, 0.0, 0.0, 0.0, 0.0, 0.0, 0.0, 0.0, 0.0, 0.0, 0.0, 2.0061728954315186, 0.0, 3.0864198207855225, 12.5, 0.0], "tonal.thpcp": [1.0, 0.6634913682937622, 0.21584820747375488, 0.10992731153964996, 0.10209773480892181, 0.32010048627853394, 0.4996899664402008, 0.2752649486064911, 0.06582906097173691, 0.041383810341358185, 0.04268404468894005, 0.23297418653964996, 0.7498630881309509, 0.5836243033409119, 0.11955433338880539, 0.21174876391887665, 0.16239769756793976, 0.048860806971788406, 0.03809979930520058, 0.04441261664032936, 0.5027015209197998, 0.965454638004303, 0.5360550284385681, 0.06612595170736313, 0.04271944984793663, 0.05697416514158249, 0.08753520995378494, 0.13870690762996674, 0.16151994466781616, 0.19319185614585876, 0.27805471420288086, 0.2894217073917389, 0.2570340633392334, 0.273419588804245, 0.2738145887851715, 0.6204163432121277], "lowlevel.gfcc.cov": [[10161.771484375, -2321.16650390625, -466.04974365234375, -1192.05859375, -8.952013969421387, 90.04708862304688, -71.74021911621094, 876.8209228515625, -1142.588134765625, 349.9247131347656, -895.037841796875, -47.12474060058594, -158.6815643310547], [-2321.16650390625, 3211.245849609375, -163.52786254882812, -243.95875549316406, 330.1572265625, -87.58919525146484, 371.17535400390625, -303.5435791015625, 316.9681396484375, -156.78076171875, 375.26153564453125, -181.16050720214844, 130.0574951171875], [-466.04974365234375, -163.52786254882812, 1361.42041015625, 584.2163696289062, 59.97470474243164, 250.0361785888672, 39.30975341796875, 68.73155975341797, 41.28947067260742, -33.1425666809082, 9.730029106140137, -35.15764617919922, -125.97919464111328], [-1192.05859375, -243.95875549316406, 584.2163696289062, 1488.002685546875, 317.0320129394531, 211.1832275390625, 97.8258056640625, -108.82833099365234, 387.67608642578125, -123.84521484375, 158.44290161132812, 50.36667251586914, -136.12440490722656], [-8.952013969421387, 330.1572265625, 59.97470474243164, 317.0320129394531, 463.42041015625, 240.81101989746094, 152.4228057861328, 31.138813018798828, 99.518310546875, -30.72540855407715, -45.65007019042969, -20.7435359954834, -65.66828155517578], [90.04708862304688, -87.58919525146484, 250.0361785888672, 211.1832275390625, 240.81101989746094, 522.774658203125, 196.0526123046875, -31.43747329711914, 94.7132568359375, -2.8270206451416016, -56.14436721801758, -10.4060640335083, -89.23076629638672], [-71.74021911621094, 371.17535400390625, 39.30975341796875, 97.8258056640625, 152.4228057861328, 196.0526123046875, 334.17950439453125, 33.03586196899414, 3.4254281520843506, -6.071226596832275, 20.0119686126709, -41.494319915771484, -42.008602142333984], [876.8209228515625, -303.5435791015625, 68.73155975341797, -108.82833099365234, 31.138813018798828, -31.43747329711914, 33.03586196899414, 324.1507568359375, -147.15281677246094, 41.470130920410156, -130.03683471679688, -37.16983413696289, -16.295000076293945], [-1142.588134765625, 316.9681396484375, 41.28947067260742, 387.67608642578125, 99.518310546875, 94.7132568359375, 3.4254281520843506, -147.15281677246094, 374.8558654785156, -40.327884674072266, 127.23302459716797, 24.388118743896484, -4.5908708572387695], [349.9247131347656, -156.78076171875, -33.1425666809082, -123.84521484375, -30.72540855407715, -2.8270206451416016, -6.071226596832275, 41.470130920410156, -40.327884674072266, 130.93368530273438, -18.981159210205078, 12.831989288330078, -7.910531520843506], [-895.037841796875, 375.26153564453125, 9.730029106140137, 158.44290161132812, -45.65007019042969, -56.14436721801758, 20.0119686126709, -130.03683471679688, 127.23302459716797, -18.981159210205078, 257.2523498535156, 43.99764633178711, 35.67698669433594], [-47.12474060058594, -181.16050720214844, -35.15764617919922, 50.36667251586914, -20.7435359954834, -10.4060640335083, -41.494319915771484, -37.16983413696289, 24.388118743896484, 12.831989288330078, 43.99764633178711, 129.35679626464844, 16.716964721679688], [-158.6815643310547, 130.0574951171875, -125.97919464111328, -136.12440490722656, -65.66828155517578, -89.23076629638672, -42.008602142333984, -16.295000076293945, -4.5908708572387695, -7.910531520843506, 35.67698669433594, 16.716964721679688, 122.60823822021484]], "lowlevel.gfcc.icov": [[0.0002283704816363752, -3.0352106477948837e-05, 0.0001502484519733116, -8.746361709199846e-05, 5.643203257932328e-05, -0.00024394562933593988, 0.0002124303427990526, -0.0003220530634280294, 0.0005695278523489833, -0.00031940097687765956, 0.00035780860343948007, -0.0001404931681463495, 0.00018345765420235693], [-3.0352106477948837e-05, 0.001626944518648088, -0.0006885241018608212, 0.0015797653468325734, -0.0023065200075507164, 0.001947751035913825, -0.002145361853763461, 0.001427004812285304, -0.0017128108302131295, 0.001278512179851532, -0.0017915236530825496, 0.0018825567094609141, -0.0007988720899447799], [0.0001502484519733116, -0.0006885241018608212, 0.0015280854422599077, -0.0012516140704974532, 0.001452589756809175, -0.0017541371053084731, 0.001491725561209023, -0.0012906939955428243, 0.0014996696263551712, -0.000626861525233835, 0.0004917443729937077, -0.0003064521588385105, 0.0008606732590124011], [-8.746361709199846e-05, 0.0015797653468325734, -0.0012516140704974532, 0.003108168486505747, -0.0029624400194734335, 0.0023516840301454067, -0.0023173063527792692, 0.0013853515265509486, -0.002997825387865305, 0.002240368165075779, -0.0021949047222733498, 0.0010341572342440486, 0.0004207897000014782], [5.643203257932328e-05, -0.0023065200075507164, 0.001452589756809175, -0.0029624400194734335, 0.0070292712189257145, -0.003984774462878704, 0.002297615399584174, -0.0027181217446923256, 0.0019834558479487896, -0.0014062287518754601, 0.0032967175357043743, -0.002431535394862294, 0.0013697845861315727], [-0.00024394562933593988, 0.001947751035913825, -0.0017541371053084731, 0.0023516840301454067, -0.003984774462878704, 0.006616960745304823, -0.00484090019017458, 0.0032160822302103043, -0.003666105680167675, 0.0013732865918427706, -0.0006167262326925993, 0.0012976600555703044, -0.00016915584274102002], [0.0002124303427990526, -0.002145361853763461, 0.001491725561209023, -0.0023173063527792692, 0.002297615399584174, -0.00484090019017458, 0.008039458654820919, -0.0031381857115775347, 0.0037849382497370243, -0.0017649036599323153, 0.0002919812686741352, -0.0008090192568488419, 0.0016087719704955816], [-0.0003220530634280294, 0.001427004812285304, -0.0012906939955428243, 0.0013853515265509486, -0.0027181217446923256, 0.0032160822302103043, -0.0031381857115775347, 0.006643425673246384, -0.0011502041015774012, 0.00013324356405064464, 0.0002438609953969717, 0.002018587663769722, -0.001406800583936274], [0.0005695278523489833, -0.0017128108302131295, 0.0014996696263551712, -0.002997825387865305, 0.0019834558479487896, -0.003666105680167675, 0.0037849382497370243, -0.0011502041015774012, 0.008253566920757294, -0.002272878075018525, 0.0008781380020081997, -0.0013908203691244125, 0.0004012609424535185], [-0.00031940097687765956, 0.001278512179851532, -0.000626861525233835, 0.002240368165075779, -0.0014062287518754601, 0.0013732865918427706, -0.0017649036599323153, 0.00013324356405064464, -0.002272878075018525, 0.010580102913081646, -0.0023160665296018124, 2.599278377601877e-05, 0.0010008665267378092], [0.00035780860343948007, -0.0017915236530825496, 0.0004917443729937077, -0.0021949047222733498, 0.0032967175357043743, -0.0006167262326925993, 0.0002919812686741352, 0.0002438609953969717, 0.0008781380020081997, -0.0023160665296018124, 0.009773120284080505, -0.003937399946153164, -0.000542358320672065], [-0.0001404931681463495, 0.0018825567094609141, -0.0003064521588385105, 0.0010341572342440486, -0.002431535394862294, 0.0012976600555703044, -0.0008090192568488419, 0.002018587663769722, -0.0013908203691244125, 2.599278377601877e-05, -0.003937399946153164, 0.011750506237149239, -0.002219108399003744], [0.00018345765420235693, -0.0007988720899447799, 0.0008606732590124011, 0.0004207897000014782, 0.0013697845861315727, -0.00016915584274102002, 0.0016087719704955816, -0.001406800583936274, 0.0004012609424535185, 0.0010008665267378092, -0.000542358320672065, -0.002219108399003744, 0.012107173912227154]], "lowlevel.mfcc.cov": [[9283.7578125, -1272.752197265625, -1207.3404541015625, -743.7547607421875, -356.7698059082031, -617.8843994140625, 590.527587890625, -211.67257690429688, 411.7054748535156, 87.19187927246094, -52.64695358276367, -415.5390625, -225.53494262695312], [-1272.752197265625, 3017.6845703125, -444.7699890136719, -349.65972900390625, -197.85179138183594, -46.23052978515625, 176.49253845214844, -113.70079803466797, 24.487987518310547, -74.85856628417969, 136.3332977294922, 137.83853149414062, -103.13671112060547], [-1207.3404541015625, -444.7699890136719, 1390.616455078125, 376.26495361328125, 279.069091796875, 258.04058837890625, 38.91392135620117, 180.1707763671875, -48.526458740234375, 78.89756774902344, 10.87761402130127, 104.38320922851562, 18.13916015625], [-743.7547607421875, -349.65972900390625, 376.26495361328125, 875.7316284179688, 303.04449462890625, 203.93576049804688, -18.768211364746094, 215.15036010742188, -53.453189849853516, 69.15530395507812, 52.85980987548828, 83.00724792480469, 28.38544273376465], [-356.7698059082031, -197.85179138183594, 279.069091796875, 303.04449462890625, 457.460693359375, 247.7010040283203, -32.297664642333984, 175.903076171875, 53.53598403930664, 78.8521728515625, 29.06791877746582, 41.00716781616211, 7.543391227722168], [-617.8843994140625, -46.23052978515625, 258.04058837890625, 203.93576049804688, 247.7010040283203, 747.0077514648438, -8.183103561401367, 281.0116882324219, -16.77828025817871, 156.90089416503906, 43.604766845703125, 48.62699890136719, 124.47801208496094], [590.527587890625, 176.49253845214844, 38.91392135620117, -18.768211364746094, -32.297664642333984, -8.183103561401367, 418.6644592285156, 71.18148803710938, 106.43505096435547, 73.15428161621094, 56.25071334838867, -17.113861083984375, -91.57530212402344], [-211.67257690429688, -113.70079803466797, 180.1707763671875, 215.15036010742188, 175.903076171875, 281.0116882324219, 71.18148803710938, 309.6890563964844, 61.11012268066406, 104.22721099853516, 27.330524444580078, 28.168500900268555, 34.06260681152344], [411.7054748535156, 24.487987518310547, -48.526458740234375, -53.453189849853516, 53.53598403930664, -16.77828025817871, 106.43505096435547, 61.11012268066406, 243.5759735107422, 68.42536163330078, 14.803474426269531, -27.789955139160156, -28.260957717895508], [87.19187927246094, -74.85856628417969, 78.89756774902344, 69.15530395507812, 78.8521728515625, 156.90089416503906, 73.15428161621094, 104.22721099853516, 68.42536163330078, 161.82931518554688, 49.93062973022461, -4.4373674392700195, -1.9841094017028809], [-52.64695358276367, 136.3332977294922, 10.87761402130127, 52.85980987548828, 29.06791877746582, 43.604766845703125, 56.25071334838867, 27.330524444580078, 14.803474426269531, 49.93062973022461, 126.95817565917969, 36.07421112060547, -8.242705345153809], [-415.5390625, 137.83853149414062, 104.38320922851562, 83.00724792480469, 41.00716781616211, 48.62699890136719, -17.113861083984375, 28.168500900268555, -27.789955139160156, -4.4373674392700195, 36.07421112060547, 136.6503143310547, 35.539058685302734], [-225.53494262695312, -103.13671112060547, 18.13916015625, 28.38544273376465, 7.543391227722168, 124.47801208496094, -91.57530212402344, 34.06260681152344, -28.260957717895508, -1.9841094017028809, -8.242705345153809, 35.539058685302734, 147.08798217773438]], "lowlevel.mfcc.icov": [[0.00019113418238703161, 0.00012775349023286253, 0.00015913983224891126, 9.724852861836553e-05, -2.711512570385821e-05, 5.571064684772864e-05, -0.0002883037377614528, 7.39980096113868e-05, -0.00012425387103576213, -5.5263782996917143e-05, -2.6021407393272966e-05, 0.00018008086772169918, 3.228375862818211e-05], [0.00012775349023286253, 0.0005468035233207047, 0.00024620426120236516, 0.00021091314556542784, 0.0001097362328437157, -0.0002037411613855511, -0.0003084763011429459, 0.00013369483349379152, -0.0001943799725268036, 0.0003747030859813094, -0.00042137905256822705, -0.0005602252786047757, 0.0005314707523211837], [0.00015913983224891126, 0.00024620426120236516, 0.0011102407006546855, -5.287011663313024e-05, -0.0003584199002943933, -9.083102486329153e-05, -0.00048480683472007513, 1.8920525690191425e-05, 0.0001980121451197192, -0.0002140281576430425, 0.00031019258312880993, -0.0006273098406381905, 0.0002830804733093828], [9.724852861836553e-05, 0.00021091314556542784, -5.287011663313024e-05, 0.001924194977618754, -0.0008983947336673737, 0.00033937706029973924, -0.00014555912639480084, -0.0009504854097031057, 0.0007759586442261934, -0.00013961117656435817, -0.0005333909648470581, -0.0004361114406492561, 4.3231328163528815e-05], [-2.711512570385821e-05, 0.0001097362328437157, -0.0003584199002943933, -0.0008983947336673737, 0.004092948045581579, -0.001042647403664887, 0.0010829081293195486, -0.0006873367237858474, -0.0014529258478432894, 0.0003114078426733613, -0.00032183469738811255, -0.0005710486439056695, 0.0016037735622376204], [5.571064684772864e-05, -0.0002037411613855511, -9.083102486329153e-05, 0.00033937706029973924, -0.001042647403664887, 0.0031614869367331266, -0.00013685866724699736, -0.0018060747534036636, 0.0013420736650004983, -0.002168272389099002, 9.964704804588109e-05, 0.0005557786207646132, -0.0023008156567811966], [-0.0002883037377614528, -0.0003084763011429459, -0.00048480683472007513, -0.00014555912639480084, 0.0010829081293195486, -0.00013685866724699736, 0.004166916944086552, -0.0011595925316214561, -0.0009570166585035622, -0.000481519935419783, -0.001009690691716969, -0.00012111661635572091, 0.0021349170710891485], [7.39980096113868e-05, 0.00013369483349379152, 1.8920525690191425e-05, -0.0009504854097031057, -0.0006873367237858474, -0.0018060747534036636, -0.0011595925316214561, 0.006956793833523989, -0.0014012198662385345, -0.0011187586933374405, 0.0007797426078468561, -0.0004723898891825229, -0.0005074818036518991], [-0.00012425387103576213, -0.0001943799725268036, 0.0001980121451197192, 0.0007759586442261934, -0.0014529258478432894, 0.0013420736650004983, -0.0009570166585035622, -0.0014012198662385345, 0.0063960314728319645, -0.0025422556791454554, 0.00044176183291710913, 0.0006235141190700233, -0.0007648585014976561], [-5.5263782996917143e-05, 0.0003747030859813094, -0.0002140281576430425, -0.00013961117656435817, 0.0003114078426733613, -0.002168272389099002, -0.000481519935419783, -0.0011187586933374405, -0.0025422556791454554, 0.01171683706343174, -0.00376594508998096, 0.0010953558376058936, 0.0012035247636958957], [-2.6021407393272966e-05, -0.00042137905256822705, 0.00031019258312880993, -0.0005333909648470581, -0.00032183469738811255, 9.964704804588109e-05, -0.001009690691716969, 0.0007797426078468561, 0.00044176183291710913, -0.00376594508998096, 0.01106827612966299, -0.0027947553899139166, 0.00018189566617365927], [0.00018008086772169918, -0.0005602252786047757, -0.0006273098406381905, -0.0004361114406492561, -0.0005710486439056695, 0.0005557786207646132, -0.00012111661635572091, -0.0004723898891825229, 0.0006235141190700233, 0.0010953558376058936, -0.0027947553899139166, 0.010916627943515778, -0.003021938493475318], [3.228375862818211e-05, 0.0005314707523211837, 0.0002830804733093828, 4.3231328163528815e-05, 0.0016037735622376204, -0.0023008156567811966, 0.0021349170710891485, -0.0005074818036518991, -0.0007648585014976561, 0.0012035247636958957, 0.00018189566617365927, -0.003021938493475318, 0.011098776012659073]], "metadata.audio_properties.analysis.downmix": "mix", "metadata.audio_properties.codec": "mp3", "metadata.audio_properties.md5_encoded": "30cc736134e58860424bfb19355bbadf", "metadata.tags.file_name": "1182259120951263293.mp3", "metadata.version.essentia": "2.1-beta6-dev", "metadata.version.essentia_git_sha": "v2.1_beta5-1110-g77a6a954", "metadata.version.extractor": "music 2.0", "tonal.chor