{"song_id": "1182269526621032448", "download": "https://cdn.discordapp.com/attachments/1128313332273782784/1182269526621032448/chirp.mp4?ex=6584154c&amp", "lyrics": "[verse]\nKurwa, ta Ewa Mewa, mnie tak wkurwia\nNie ma ju\u017c si\u0142y, to jest ju\u017c koniec\nPatrzy na mnie krzywo, wzdycha ci\u0105gle\nAle nie licz\u0119 ju\u017c na \u017cadne zmiany\n\n[chorus]\nKurwa, ta Ewa Mewa, mnie tak wkurwia\nTo ju\u017c koniec, nie ma sensu d\u0142u\u017cej si\u0119 k\u0142\u00f3ci\u0107", "style": ["rap"], "essentia_features": {"lowlevel.average_loudness": 0.962623655796051, "lowlevel.barkbands_crest.mean": 17.068437576293945, "lowlevel.barkbands_crest.stdev": 5.3957037925720215, "lowlevel.barkbands_flatness_db.mean": 0.2622852325439453, "lowlevel.barkbands_flatness_db.stdev": 0.0857112780213356, "lowlevel.barkbands_kurtosis.mean": 17.43867301940918, "lowlevel.barkbands_kurtosis.stdev": 44.33318328857422, "lowlevel.barkbands_skewness.mean": 2.7100305557250977, "lowlevel.barkbands_skewness.stdev": 2.937913417816162, "lowlevel.barkbands_spread.mean": 18.587377548217773, "lowlevel.barkbands_spread.stdev": 16.759620666503906, "lowlevel.dissonance.mean": 0.4531868100166321, "lowlevel.dissonance.stdev": 0.04275870323181152, "lowlevel.dynamic_complexity": 2.868943929672241, "lowlevel.erbbands_crest.mean": 14.115360260009766, "lowlevel.erbbands_crest.stdev": 5.681852340698242, "lowlevel.erbbands_flatness_db.mean": 0.22202250361442566, "lowlevel.erbbands_flatness_db.stdev": 0.07002788037061691, "lowlevel.erbbands_kurtosis.mean": 2.427910804748535, "lowlevel.erbbands_kurtosis.stdev": 3.949556589126587, "lowlevel.erbbands_skewness.mean": -0.41178739070892334, "lowlevel.erbbands_skewness.stdev": 1.054153323173523, "lowlevel.erbbands_spread.mean": 31.11915397644043, "lowlevel.erbbands_spread.stdev": 20.87074089050293, "lowlevel.hfc.mean": 20.03342628479004, "lowlevel.hfc.stdev": 18.31244659423828, "lowlevel.loudness_ebu128.integrated": -15.852914810180664, "lowlevel.loudness_ebu128.loudness_range": 2.113530158996582, "lowlevel.loudness_ebu128.momentary.mean": -16.424091339111328, "lowlevel.loudness_ebu128.momentary.stdev": 2.272974729537964, "lowlevel.loudness_ebu128.short_term.mean": -15.831023216247559, "lowlevel.loudness_ebu128.short_term.stdev": 0.6729245185852051, "lowlevel.melbands_crest.mean": 25.83570671081543, "lowlevel.melbands_crest.stdev": 7.311162948608398, "lowlevel.melbands_flatness_db.mean": 0.31856676936149597, "lowlevel.melbands_flatness_db.stdev": 0.1117156445980072, "lowlevel.melbands_kurtosis.mean": 44.706298828125, "lowlevel.melbands_kurtosis.stdev": 96.93746185302734, "lowlevel.melbands_skewness.mean": 4.477407932281494, "lowlevel.melbands_skewness.stdev": 3.959641695022583, "lowlevel.melbands_spread.mean": 19.154739379882812, "lowlevel.melbands_spread.stdev": 18.830167770385742, "lowlevel.pitch_salience.mean": 0.3474424481391907, "lowlevel.pitch_salience.stdev": 0.15839092433452606, "lowlevel.silence_rate_20dB.mean": 0.9775862097740173, "lowlevel.silence_rate_20dB.stdev": 0.14802546799182892, "lowlevel.silence_rate_30dB.mean": 0.8568965792655945, "lowlevel.silence_rate_30dB.stdev": 0.35017746686935425, "lowlevel.silence_rate_60dB.mean": 0.031034482643008232, "lowlevel.silence_rate_60dB.stdev": 0.17341108620166779, "lowlevel.spectral_centroid.mean": 1504.3223876953125, "lowlevel.spectral_centroid.stdev": 917.3374633789062, "lowlevel.spectral_complexity.mean": 11.100000381469727, "lowlevel.spectral_complexity.stdev": 7.884974956512451, "lowlevel.spectral_decrease.mean": -1.684443340366215e-08, "lowlevel.spectral_decrease.stdev": 2.2649636832738906e-08, "lowlevel.spectral_energy.mean": 0.06539182364940643, "lowlevel.spectral_energy.stdev": 0.08605682849884033, "lowlevel.spectral_energyband_high.mean": 0.000804728246293962, "lowlevel.spectral_energyband_high.stdev": 0.001444097957573831, "lowlevel.spectral_energyband_low.mean": 0.05329425632953644, "lowlevel.spectral_energyband_low.stdev": 0.08412802219390869, "lowlevel.spectral_energyband_middle_high.mean": 0.006540347822010517, "lowlevel.spectral_energyband_middle_high.stdev": 0.007517446763813496, "lowlevel.spectral_energyband_middle_low.mean": 0.005773046985268593, "lowlevel.spectral_energyband_middle_low.stdev": 0.01624569296836853, "lowlevel.spectral_entropy.mean": 7.314585208892822, "lowlevel.spectral_entropy.stdev": 0.5839168429374695, "lowlevel.spectral_flux.mean": 0.10677643865346909, "lowlevel.spectral_flux.stdev": 0.09635356068611145, "lowlevel.spectral_kurtosis.mean": 6.04891300201416, "lowlevel.spectral_kurtosis.stdev": 8.500239372253418, "lowlevel.spectral_rms.mean": 0.006876088213175535, "lowlevel.spectral_rms.stdev": 0.004064026288688183, "lowlevel.spectral_rolloff.mean": 1063.2574462890625, "lowlevel.spectral_rolloff.stdev": 1386.4776611328125, "lowlevel.spectral_skewness.mean": 1.5435696840286255, "lowlevel.spectral_skewness.stdev": 0.9052809476852417, "lowlevel.spectral_spread.mean": 4145763.25, "lowlevel.spectral_spread.stdev": 1982199.25, "lowlevel.spectral_strongpeak.mean": 0.8292787075042725, "lowlevel.spectral_strongpeak.stdev": 1.0234143733978271, "lowlevel.zerocrossingrate.mean": 0.039807550609111786, "lowlevel.zerocrossingrate.stdev": 0.03331387788057327, "metadata.audio_properties.analysis.equal_loudness": 0.0, "metadata.audio_properties.analysis.length": 13.439977645874023, "metadata.audio_properties.analysis.sample_rate": 44100.0, "metadata.audio_properties.analysis.start_time": 0.0, "metadata.audio_properties.bit_rate": 123722.0, "metadata.audio_properties.length": 13.4399995803833, "metadata.audio_properties.lossless": 0.0, "metadata.audio_properties.number_channels": 1.0, "metadata.audio_properties.replay_gain": -9.806913375854492, "metadata.audio_properties.sample_rate": 48000.0, "rhythm.beats_count": 32.0, "rhythm.beats_loudness.mean": 0.1298031359910965, "rhythm.beats_loudness.stdev": 0.12857374548912048, "rhythm.bpm": 144.88491821289062, "rhythm.bpm_histogram_first_peak_bpm": 144.0, "rhythm.bpm_histogram_first_peak_weight": 0.3870967626571655, "rhythm.bpm_histogram_second_peak_bpm": 0.0, "rhythm.bpm_histogram_second_peak_spread": 0.0, "rhythm.bpm_histogram_second_peak_weight": 0.0, "rhythm.danceability": 1.3338960409164429, "rhythm.onset_rate": 6.093952178955078, "tonal.chords_changes_rate": 0.12714776396751404, "tonal.chords_number_rate": 0.024054983630776405, "tonal.chords_strength.mean": 0.5416644215583801, "tonal.chords_strength.stdev": 0.06717825680971146, "tonal.hpcp_crest.mean": 15.3502836227417, "tonal.hpcp_crest.stdev": 6.529757976531982, "tonal.hpcp_entropy.mean": 1.6380592584609985, "tonal.hpcp_entropy.stdev": 0.6901042461395264, "tonal.key_edma.strength": 0.7244974970817566, "tonal.key_krumhansl.strength": 0.7275736927986145, "tonal.key_temperley.strength": 0.7369115948677063, "tonal.tuning_diatonic_strength": 0.6720025539398193, "tonal.tuning_equal_tempered_deviation": 0.28596001863479614, "tonal.tuning_frequency": 434.193115234375, "tonal.tuning_nontempered_energy_ratio": 0.9367148280143738, "lowlevel.barkbands.mean": [0.003135127015411854, 0.04623609408736229, 0.0029759055469185114, 0.001702908892184496, 0.0018535280833020806, 0.0005032340413890779, 0.000248703989200294, 0.0009856728138402104, 0.0003609428822528571, 0.0006033234531059861, 0.0005848761647939682, 0.0018570199608802795, 0.0008848389843478799, 0.0008368042763322592, 0.0006234880420379341, 0.0004266482428647578, 0.00023602352302987128, 0.00019668220193125308, 0.00024925818433985114, 0.0001599678216734901, 0.00024575748830102384, 0.00024443597067147493, 0.00011056721996283159, 7.476523023797199e-05, 3.5545832361094654e-05, 1.9539787899702787e-05, 2.2483708050913265e-07], "lowlevel.barkbands.stdev": [0.004499521106481552, 0.07690044492483139, 0.0156759861856699, 0.009485420770943165, 0.005711628124117851, 0.0017000085208564997, 0.000898412021342665, 0.0024217667523771524, 0.0014275083085522056, 0.0016213161870837212, 0.0025278807152062654, 0.002696987008675933, 0.0025552751030772924, 0.0024364173877984285, 0.001850143657065928, 0.0013016232987865806, 0.0004882990615442395, 0.0005231172544881701, 0.0006496990099549294, 0.000319998012855649, 0.000456702196970582, 0.0005463700508698821, 0.0002750340208876878, 0.00017838722851593047, 9.035203402163461e-05, 8.848319703247398e-05, 1.4197192967912997e-06], "lowlevel.erbbands.mean": [1.9299813508987427, 7.87343168258667, 5.073023319244385, 5.137989521026611, 4.796678066253662, 5.686816215515137, 8.885127067565918, 3.0334959030151367, 2.3792924880981445, 11.467194557189941, 18.58521270751953, 8.22066879272461, 15.658858299255371, 21.24163246154785, 43.28682327270508, 65.6921157836914, 42.103904724121094, 38.271034240722656, 39.14311981201172, 27.688486099243164, 25.53591537475586, 15.686567306518555, 12.22142505645752, 9.750018119812012, 11.782553672790527, 7.442687511444092, 9.171419143676758, 9.890693664550781, 10.393587112426758, 4.437564373016357, 2.8351311683654785, 1.865096926689148, 1.058498501777649, 0.49794694781303406, 0.202626571059227, 0.10561004281044006, 0.03169271722435951, 0.003184492001309991, 9.599494660506025e-05, 7.649458711966872e-05], "lowlevel.erbbands.stdev": [2.8503670692443848, 16.554039001464844, 19.915847778320312, 26.351558685302734, 25.676223754882812, 17.53260612487793, 19.533302307128906, 13.332509994506836, 8.832442283630371, 29.7650146484375, 46.61003875732422, 29.64679718017578, 39.55570983886719, 71.6723403930664, 109.08238220214844, 95.75303649902344, 116.08934020996094, 104.73118591308594, 110.60157775878906, 76.06734466552734, 75.14201354980469, 30.12689781188965, 30.71099090576172, 23.848770141601562, 28.067480087280273, 14.762984275817871, 17.93946647644043, 18.53851890563965, 23.274372100830078, 10.70376968383789, 6.912789344787598, 4.595605373382568, 2.5125792026519775, 1.151352047920227, 0.6284701824188232, 0.449908047914505, 0.14832355082035065, 0.015140308067202568, 0.0002972622460220009, 9.378015238326043e-05], "lowlevel.gfcc.mean": [-57.77251434326172, 95.76094818115234, -129.2251434326172, 41.02893829345703, -41.68024826049805, 40.64283752441406, -14.477156639099121, -2.343369722366333, -19.60748863220215, 2.572368621826172, 1.2500765323638916, 1.6545201539993286, 4.065243721008301], "lowlevel.melbands.mean": [0.01479429379105568, 0.005014681722968817, 0.000855895399581641, 0.0003476476122159511, 0.0003188585105817765, 6.949562521185726e-05, 3.829706838587299e-05, 0.00016104411042761058, 0.0001306807971559465, 4.960931255482137e-05, 8.065571455517784e-05, 8.517341484548524e-05, 0.00010193472553510219, 0.00025288411416113377, 8.490344771416858e-05, 9.154321014648303e-05, 6.975729047553614e-05, 6.93851470714435e-05, 4.499863280216232e-05, 2.678834971447941e-05, 2.9573669962701388e-05, 1.469789549446432e-05, 1.5704066754551604e-05, 6.790058705519186e-06, 7.722136615484487e-06, 1.0699648555601016e-05, 6.4415112319693435e-06, 4.394261395646026e-06, 5.070172392152017e-06, 6.7028499870502856e-06, 5.362373940442922e-06, 6.816372206230881e-06, 3.1768213375471532e-06, 2.327802576473914e-06, 1.7337886220047949e-06, 1.3168354371373425e-06, 1.0482031029823702e-06, 8.110141038741858e-07, 5.025600557928556e-07, 3.892984352660278e-07], "lowlevel.melbands.stdev": [0.022800251841545105, 0.01285974495112896, 0.004478173330426216, 0.0014478174271062016, 0.0006782796117477119, 0.0002950116468127817, 0.0001445666275685653, 0.0003942055336665362, 0.0003299266390968114, 0.00019624717242550105, 0.0002087808825308457, 0.00028748632757924497, 0.0003490280359983444, 0.0003702669346239418, 0.00020753430726472288, 0.0002787673147395253, 0.00022110661666374654, 0.00021021676366217434, 0.00014157329860609025, 7.812318654032424e-05, 9.339417010778561e-05, 2.832731115631759e-05, 4.023237488581799e-05, 1.8670236386242323e-05, 2.0016266716993414e-05, 2.963344923045952e-05, 1.3994639630254824e-05, 8.951890777098015e-06, 1.0441326594445854e-05, 1.2893518032797147e-05, 1.0757528798421845e-05, 1.5679243006161414e-05, 7.40341192795313e-06, 6.1117812037991825e-06, 4.430221906659426e-06, 3.192198619217379e-06, 2.6784223337017465e-06, 1.9685367078636773e-06, 1.1209153853997122e-06, 9.624004633224104e-07], "lowlevel.melbands128.mean": [0.003029705723747611, 0.016832049936056137, 0.020094292238354683, 0.010626587085425854, 0.003294500755146146, 0.00137059367261827, 0.0010921716457232833, 0.000735179812181741, 0.0004606162547133863, 0.00027619628235697746, 0.0002928149187937379, 0.0004278564592823386, 0.0003618806367740035, 0.0001341687166132033, 6.952264084247872e-05, 2.811353260767646e-05, 2.555814899096731e-05, 3.512085822876543e-05, 5.6606750149512663e-05, 0.00010808905062731355, 0.00023782225616741925, 0.00026520475512370467, 8.443154365522787e-05, 4.580180757329799e-05, 4.590730895870365e-05, 4.77153662359342e-05, 6.700529047520831e-05, 7.123023533495143e-05, 0.00011584936146391556, 8.129279012791812e-05, 8.787838305579498e-05, 6.379799742717296e-05, 8.188791252905503e-05, 0.00011313750292174518, 0.0002976776158902794, 0.00034789994242601097, 8.385548426304013e-05, 6.91571767674759e-05, 7.46493024053052e-05, 0.00010675665544113144, 0.0001056545224855654, 5.316790338838473e-05, 5.9477926697582006e-05, 8.202867320505902e-05, 9.227624104823917e-05, 7.042642391752452e-05, 3.751266558538191e-05, 4.1648225305834785e-05, 6.116248550824821e-05, 2.430235872452613e-05, 1.5483938113902695e-05, 3.355259832460433e-05, 4.1175859223585576e-05, 2.484188553353306e-05, 9.219221283274237e-06, 1.6350792066077702e-05, 1.6228650565608405e-05, 1.499637437518686e-05, 1.9243230781285092e-05, 9.885487997962628e-06, 5.524344032892259e-06, 4.284571787138702e-06, 5.079968559584813e-06, 8.560380592825823e-06, 1.2216821232868824e-05, 1.3527773262467235e-05, 7.313619789783843e-06, 7.020903467491735e-06, 6.408537046809215e-06, 5.754905487265205e-06, 3.758698312594788e-06, 4.0807003642839845e-06, 4.544603598333197e-06, 5.0639741857594345e-06, 5.973258339508902e-06, 6.965316515561426e-06, 7.559498953924049e-06, 4.816157343157101e-06, 4.794512733496958e-06, 5.603441422863398e-06, 7.951273801154457e-06, 7.62089439376723e-06, 4.163907760812435e-06, 2.74184253612475e-06, 2.174817154809716e-06, 1.940494485097588e-06, 2.535296744099469e-06, 2.7404576030676253e-06, 1.4418110367842019e-06, 1.3093235793348867e-06, 1.3198779242884484e-06, 1.35084155772347e-06, 1.2677119229920208e-06, 1.0526033520363853e-06, 8.972780278782011e-07, 9.027024816532503e-07, 8.213268074541702e-07, 6.575211841663986e-07, 4.499175645378273e-07, 4.6923699414946896e-07, 4.505891695316677e-07, 4.092136407507496e-07, 2.625832848934806e-07, 2.3834908802200516e-07, 1.914738874120303e-07, 2.1247417691938608e-07, 2.16613869952198e-07, 2.1985708542615612e-07, 1.7402825847057102e-07, 1.6474623976137082e-07, 1.6048991824391123e-07, 1.0508098569061985e-07, 1.0658526150564285e-07, 7.131414747618692e-08, 5.1012168711395134e-08, 3.702594852939001e-08, 8.60838600402758e-09, 8.631922260304847e-11, 8.92583056077978e-12, 8.666334143370147e-12, 8.457938342754101e-12, 8.308497986830865e-12, 8.110417719364715e-12, 7.968864283725008e-12, 7.80596767779862e-12, 7.61928801301659e-12, 7.506519711375503e-12, 7.458537260029985e-12], "lowlevel.melbands128.stdev": [0.0043630823493003845, 0.025138994678854942, 0.03545253351330757, 0.02640489861369133, 0.013112609274685383, 0.007180714514106512, 0.005709974095225334, 0.004341257270425558, 0.002529905876144767, 0.0014127017930150032, 0.0009591819834895432, 0.0009440179564990103, 0.0008395356126129627, 0.0005691908881999552, 0.0004124726983718574, 0.00014584657037630677, 0.00011891569010913372, 0.00016056981985457242, 0.00021598176681436598, 0.00039884683792479336, 0.0006451108492910862, 0.0007583644473925233, 0.000302425236441195, 0.0002676374278962612, 0.0002609935181681067, 0.00026160854031331837, 0.0003372638311702758, 0.00022854025883134454, 0.0003777216770686209, 0.00029310391983017325, 0.000496459542773664, 0.00032378887408412993, 0.00048429457820020616, 0.000555995968170464, 0.0005228291265666485, 0.0005764867528341711, 0.00023293303092941642, 0.0002673165581654757, 0.0003123313654214144, 0.0004101254162378609, 0.0004212699132040143, 0.00017123414727393538, 0.00024150271201506257, 0.0004200486291665584, 0.0003218089113943279, 0.00032031373120844364, 0.00018549076048657298, 0.00018568990344647318, 0.00023848211276344955, 7.048094266792759e-05, 7.800973253324628e-05, 0.0001819739700295031, 0.0001429906114935875, 0.00010525061952648684, 2.5074361474253237e-05, 3.7997946492396295e-05, 3.956728323828429e-05, 5.140050416230224e-05, 6.290797318797559e-05, 2.675799623830244e-05, 2.0644542018999346e-05, 1.2008809790131636e-05, 1.3867225788999349e-05, 2.5189445295836776e-05, 4.1844203224172816e-05, 4.627541784429923e-05, 1.963535396498628e-05, 1.731032352836337e-05, 1.5523242836934514e-05, 1.4332881619338877e-05, 9.426998076378368e-06, 9.162294190900866e-06, 9.965482604457065e-06, 1.3553568351198919e-05, 1.5144225471885875e-05, 1.4751331036677584e-05, 1.613970562175382e-05, 1.0878733519348316e-05, 1.0651757293089759e-05, 1.335040906269569e-05, 2.016474536503665e-05, 1.8990922399098054e-05, 1.081807477021357e-05, 6.492312422778923e-06, 5.877959665667731e-06, 5.644229077006457e-06, 7.367367288679816e-06, 8.45757131173741e-06, 3.863902293232968e-06, 3.522329279803671e-06, 3.192680878782994e-06, 3.7507943488890305e-06, 3.7585916743410053e-06, 3.241157855882193e-06, 2.3761065222061006e-06, 2.1790319806314074e-06, 2.192621877838974e-06, 1.8135170876121265e-06, 1.050698415383522e-06, 1.0766300420073094e-06, 1.0912501693383092e-06, 1.2131948778915103e-06, 6.640681249336922e-07, 6.653054924754542e-07, 6.093904971748998e-07, 9.143043371295789e-07, 8.529418096259178e-07, 9.959925364455557e-07, 7.513495461353159e-07, 7.782232387398835e-07, 9.20695867989707e-07, 5.079327820567414e-07, 5.118351396049547e-07, 3.419958147787838e-07, 2.4966746536847495e-07, 2.0260860367216083e-07, 5.234662836528514e-08, 6.074765690478046e-10, 1.8474161436743408e-11, 1.798857764134798e-11, 1.757506293276201e-11, 1.7216129563624172e-11, 1.684948014446519e-11, 1.656558570872768e-11, 1.6328724830594332e-11, 1.6132763527854088e-11, 1.5993787891299682e-11, 1.5907322334363094e-11], "lowlevel.mfcc.mean": [-696.5386352539062, 115.9705581665039, -9.38170337677002, 16.43720245361328, 6.014745235443115, 35.00813293457031, 21.297399520874023, 8.26595401763916, 4.230057716369629, -4.703501224517822, 2.203885078430176, 11.299867630004883, 4.524052619934082], "lowlevel.spectral_contrast_coeffs.mean": [-0.6753906011581421, -0.7672785520553589, -0.697538435459137, -0.7661027908325195, -0.7898471355438232, -0.7196526527404785], "lowlevel.spectral_contrast_coeffs.stdev": [0.11239676922559738, 0.09514955431222916, 0.07243018597364426, 0.07894618809223175, 0.05116402730345726, 0.06728287786245346], "lowlevel.spectral_contrast_valleys.mean": [-7.533778190612793, -7.968052864074707, -7.860945224761963, -8.042701721191406, -8.201028823852539, -11.019231796264648], "lowlevel.spectral_contrast_valleys.stdev": [1.6132268905639648, 0.8603674173355103, 0.8293399810791016, 0.7715707421302795, 1.0586780309677124, 1.315180778503418], "rhythm.beats_loudness_band_ratio.mean": [0.6349312663078308, 0.04720805212855339, 0.042346831411123276, 0.20011694729328156, 0.06393581628799438, 0.017477359622716904], "rhythm.beats_loudness_band_ratio.stdev": [0.3263969421386719, 0.09507954865694046, 0.06545674055814743, 0.26792147755622864, 0.09585431218147278, 0.019458221271634102], "tonal.hpcp.mean": [0.040831223130226135, 0.02960854209959507, 0.032383013516664505, 0.029395272955298424, 0.019502032548189163, 0.03819308802485466, 0.06078130751848221, 0.05406036972999573, 0.03779369220137596, 0.04985520616173744, 0.06022462993860245, 0.06965050101280212, 0.1249183714389801, 0.21317680180072784, 0.1926526129245758, 0.0796281099319458, 0.03286603093147278, 0.03219916298985481, 0.039516981691122055, 0.034917429089546204, 0.0308596920222044, 0.02577436901628971, 0.023342575877904892, 0.031213117763400078, 0.03795674815773964, 0.03563554584980011, 0.08320595324039459, 0.331032395362854, 0.34808576107025146, 0.12204258888959885, 0.06794529408216476, 0.07858015596866608, 0.07931194454431534, 0.08268669992685318, 0.09138013422489166, 0.06590868532657623], "tonal.hpcp.stdev": [0.13734054565429688, 0.13158062100410461, 0.13561956584453583, 0.115651436150074, 0.07407960295677185, 0.1292165219783783, 0.1959405243396759, 0.18972206115722656, 0.1354426145553589, 0.17896418273448944, 0.18114180862903595, 0.18633098900318146, 0.25300660729408264, 0.30871081352233887, 0.3147389888763428, 0.157952219247818, 0.12962748110294342, 0.12366762012243271, 0.1565115749835968, 0.13214191794395447, 0.1274643987417221, 0.09757492691278458, 0.0919569656252861, 0.11441648751497269, 0.13357338309288025, 0.12867920100688934, 0.16187766194343567, 0.4298699200153351, 0.42105236649513245, 0.26085543632507324, 0.18943655490875244, 0.2372133433818817, 0.21438203752040863, 0.21115021407604218, 0.2336786836385727, 0.1851891279220581], "rhythm.beats_position": [0.4411791265010834, 0.8591383099555969, 1.277097463607788, 1.695056676864624, 2.1014058589935303, 2.5077550411224365, 2.9257142543792725, 3.3436734676361084, 3.7500226497650146, 4.1679816246032715, 4.574330806732178, 4.992290019989014, 5.41024923324585, 5.816598415374756, 6.222947597503662, 6.640906810760498, 7.047255992889404, 7.46521520614624, 7.894784450531006, 8.30113410949707, 8.707483291625977, 9.125441551208496, 9.543400764465332, 9.961359977722168, 10.367709159851074, 10.77405834197998, 11.192017555236816, 11.609976768493652, 12.027935981750488, 12.445895195007324, 12.86385440826416, 13.281813621520996], "rhythm.bpm_histogram": [0.0, 0.0, 0.0, 0.0, 0.0, 0.0, 0.0, 0.0, 0.0, 0.0, 0.0, 0.0, 0.0, 0.0, 0.0, 0.0, 0.0, 0.0, 0.0, 0.0, 0.0, 0.0, 0.0, 0.0, 0.0, 0.0, 0.0, 0.0, 0.0, 0.0, 0.0, 0.0, 0.0, 0.0, 0.0, 0.0, 0.0, 0.0, 0.0, 0.0, 0.0, 0.0, 0.0, 0.0, 0.0, 0.0, 0.0, 0.0, 0.0, 0.0, 0.0, 0.0, 0.0, 0.0, 0.0, 0.0, 0.0, 0.0, 0.0, 0.0, 0.0, 0.0, 0.0, 0.0, 0.0, 0.0, 0.0, 0.0, 0.0, 0.0, 0.0, 0.0, 0.0, 0.0, 0.0, 0.0, 0.0, 0.0, 0.0, 0.0, 0.0, 0.0, 0.0, 0.0, 0.0, 0.0, 0.0, 0.0, 0.0, 0.0, 0.0, 0.0, 0.0, 0.0, 0.0, 0.0, 0.0, 0.0, 0.0, 0.0, 0.0, 0.0, 0.0, 0.0, 0.0, 0.0, 0.0, 0.0, 0.0, 0.0, 0.0, 0.0, 0.0, 0.0, 0.0, 0.0, 0.0, 0.0, 0.0, 0.0, 0.0, 0.0, 0.0, 0.0, 0.0, 0.0, 0.0, 0.0, 0.0, 0.0, 0.0, 0.0, 0.0, 0.0, 0.0, 0.0, 0.0, 0.0, 0.0, 0.0, 0.032258063554763794, 0.0, 0.0, 0.0, 0.6129032373428345, 0.0, 0.0, 0.0, 0.35483869910240173, 0.0, 0.0, 0.0, 0.0, 0.0, 0.0, 0.0, 0.0, 0.0, 0.0, 0.0, 0.0, 0.0, 0.0, 0.0, 0.0, 0.0, 0.0, 0.0, 0.0, 0.0, 0.0, 0.0, 0.0, 0.0, 0.0, 0.0, 0.0, 0.0, 0.0, 0.0, 0.0, 0.0, 0.0, 0.0, 0.0, 0.0, 0.0, 0.0, 0.0, 0.0, 0.0, 0.0, 0.0, 0.0, 0.0, 0.0, 0.0, 0.0, 0.0, 0.0, 0.0, 0.0, 0.0, 0.0, 0.0, 0.0, 0.0, 0.0, 0.0, 0.0, 0.0, 0.0, 0.0, 0.0, 0.0, 0.0, 0.0, 0.0, 0.0, 0.0, 0.0, 0.0, 0.0, 0.0, 0.0, 0.0, 0.0, 0.0, 0.0, 0.0, 0.0, 0.0, 0.0, 0.0, 0.0, 0.0, 0.0, 0.0, 0.0, 0.0, 0.0, 0.0, 0.0, 0.0, 0.0, 0.0, 0.0, 0.0, 0.0, 0.0], "tonal.chords_histogram": [17.525774002075195, 0.0, 6.1855669021606445, 0.0, 0.0, 0.0, 0.0, 39.17525863647461, 4.467353820800781, 23.711339950561523, 0.0, 0.0, 0.0, 0.0, 0.0, 0.0, 0.0, 0.0, 0.0, 0.0, 0.0, 0.0, 5.84192419052124, 3.0927834510803223], "tonal.thpcp": [1.0, 0.3506107032299042, 0.1951969861984253, 0.2257494181394577, 0.2278517335653305, 0.2375469207763672, 0.262521892786026, 0.1893461048603058, 0.11730219423770905, 0.08506105840206146, 0.09303171187639236, 0.08444836735725403, 0.05602651461958885, 0.10972321033477783, 0.17461590468883514, 0.1553076207637787, 0.10857580602169037, 0.14322678744792938, 0.17301663756370544, 0.20009580254554749, 0.3588723838329315, 0.6124261021614075, 0.5534630417823792, 0.2287600338459015, 0.09441934525966644, 0.09250353276729584, 0.11352656781673431, 0.1003127172589302, 0.08865542709827423, 0.07404603064060211, 0.06705984473228455, 0.08967076987028122, 0.10904423892498016, 0.10237576067447662, 0.23903866112232208, 0.951008141040802], "lowlevel.gfcc.cov": [[5657.62890625, -678.6116333007812, 500.3724670410156, 1449.9212646484375, -49.068092346191406, 248.6529083251953, 310.5539245605469, 993.2716674804688, 390.810302734375, 365.5034484863281, -91.04125213623047, 95.16898345947266, -225.8373260498047], [-678.6116333007812, 3210.02490234375, 498.46728515625, -274.5993347167969, 957.0462036132812, -86.65352630615234, 498.7133483886719, -33.512229919433594, 595.0742797851562, -245.6316680908203, 262.33465576171875, -220.88241577148438, 314.89971923828125], [500.3724670410156, 498.46728515625, 2694.718994140625, 897.4039916992188, 890.1474609375, 1212.779541015625, 584.6630249023438, 418.15771484375, 104.36459350585938, 213.0751495361328, 154.10345458984375, 345.3898010253906, -257.0378723144531], [1449.9212646484375, -274.5993347167969, 897.4039916992188, 1395.12060546875, 260.96954345703125, 434.6804504394531, 340.0647277832031, 348.8087463378906, 224.26513671875, 73.98169708251953, 107.38534545898438, 130.22259521484375, -34.48447799682617], [-49.068092346191406, 957.0462036132812, 890.1474609375, 260.96954345703125, 1026.6883544921875, 448.37530517578125, 438.3324890136719, 260.1761779785156, 311.3849792480469, 88.63455200195312, 84.1899185180664, 23.25684356689453, 20.541173934936523], [248.6529083251953, -86.65352630615234, 1212.779541015625, 434.6804504394531, 448.37530517578125, 940.82861328125, 469.3085021972656, 260.42474365234375, 59.35020065307617, 201.5316619873047, 64.13359832763672, 135.40652465820312, -150.18052673339844], [310.5539245605469, 498.7133483886719, 584.6630249023438, 340.0647277832031, 438.3324890136719, 469.3085021972656, 753.85546875, 317.8409423828125, 175.14915466308594, 60.244380950927734, 124.97171783447266, -0.08300914615392685, -31.3582820892334], [993.2716674804688, -33.512229919433594, 418.15771484375, 348.8087463378906, 260.1761779785156, 260.42474365234375, 317.8409423828125, 500.07745361328125, 168.6449432373047, 155.6411895751953, 25.568037033081055, 22.107770919799805, -88.31819915771484], [390.810302734375, 595.0742797851562, 104.36459350585938, 224.26513671875, 311.3849792480469, 59.35020065307617, 175.14915466308594, 168.6449432373047, 444.6461181640625, 70.47999572753906, 49.16958236694336, -122.52342224121094, 71.2430191040039], [365.5034484863281, -245.6316680908203, 213.0751495361328, 73.98169708251953, 88.63455200195312, 201.5316619873047, 60.244380950927734, 155.6411895751953, 70.47999572753906, 238.43731689453125, -27.081052780151367, -6.073358058929443, -75.21143341064453], [-91.04125213623047, 262.33465576171875, 154.10345458984375, 107.38534545898438, 84.1899185180664, 64.13359832763672, 124.97171783447266, 25.568037033081055, 49.16958236694336, -27.081052780151367, 167.82821655273438, 36.05061340332031, 41.16641616821289], [95.16898345947266, -220.88241577148438, 345.3898010253906, 130.22259521484375, 23.25684356689453, 135.40652465820312, -0.08300914615392685, 22.107770919799805, -122.52342224121094, -6.073358058929443, 36.05061340332031, 232.11021423339844, -26.415836334228516], [-225.8373260498047, 314.89971923828125, -257.0378723144531, -34.48447799682617, 20.541173934936523, -150.18052673339844, -31.3582820892334, -88.31819915771484, 71.2430191040039, -75.21143341064453, 41.16641616821289, -26.415836334228516, 207.00674438476562]], "lowlevel.gfcc.icov": [[0.00048193061957135797, -0.0003340601979289204, 0.0002878560044337064, -0.0005919451359659433, 0.00039488240145146847, -8.474599599139765e-05, 0.0002087801694869995, -0.000873451353982091, 2.164211582567077e-05, -0.0005192607059143484, 0.0006292554899118841, -0.0005664232303388417, 0.00045754172606393695], [-0.0003340601979289204, 0.0018484910251572728, -0.0013277004472911358, 0.0013845587382093072, -0.0009231794392690063, 0.0013103584060445428, -0.0010309673380106688, 0.0010543321259319782, -0.0015290254959836602, 0.0018138871528208256, -0.001378595014102757, 0.001595096429809928, -0.0015954560367390513], [0.0002878560044337064, -0.0013277004472911358, 0.0024141385219991207, -0.001378493383526802, -5.828765642945655e-05, -0.0021795707289129496, 0.0010940378997474909, -0.0008044091518968344, 0.0010004492942243814, -0.001005244324915111, 0.0005233800620771945, -0.0021685685496777296, 0.0022584276739507914], [-0.0005919451359659433, 0.0013845587382093072, -0.001378493383526802, 0.0024990015663206577, -0.0004546685377135873, 0.0007287376211024821, -0.0008633299148641527, 0.0007842245977371931, -0.0016221634577959776, 0.0018837925745174289, -0.0013765792828053236, 0.0009763957350514829, -0.001628674566745758], [0.00039488240145146847, -0.0009231794392690063, -5.828765642945655e-05, -0.0004546685377135873, 0.0027570275124162436, -0.0005880652461200953, -9.0197310782969e-05, -0.0011241032043471932, -0.0005582084995694458, -0.0008518545073457062, 0.0013400254538282752, -0.0010526435216888785, -2.4636785383336246e-05], [-8.474599599139765e-05, 0.0013103584060445428, -0.0021795707289129496, 0.0007287376211024821, -0.0005880652461200953, 0.0048358929343521595, -0.002384137362241745, 0.0012725311098620296, -0.0007691627833992243, -0.0009559832396917045, -0.0004241002316121012, 0.0007732128142379224, -0.0008218589937314391], [0.0002087801694869995, -0.0010309673380106688, 0.0010940378997474909, -0.0008633299148641527, -9.0197310782969e-05, -0.002384137362241745, 0.0038312701508402824, -0.0021996658761054277, 0.001028058584779501, 0.00030968489591032267, -0.0007906582322902977, 0.0001730324001982808, 0.0008699322352185845], [-0.000873451353982091, 0.0010543321259319782, -0.0008044091518968344, 0.0007842245977371931, -0.0011241032043471932, 0.0012725311098620296, -0.0021996658761054277, 0.006031797267496586, -0.0013845632784068584, -0.0007363153854385018, -0.0009467284544371068, 0.000343493593391031, 0.00029110582545399666], [2.164211582567077e-05, -0.0015290254959836602, 0.0010004492942243814, -0.0016221634577959776, -0.0005582084995694458, -0.0007691627833992243, 0.001028058584779501, -0.0013845632784068584, 0.006487889215350151, -0.002535718260332942, -5.114658779348247e-05, 0.0019017955055460334, -0.0005173194222152233], [-0.0005192607059143484, 0.0018138871528208256, -0.001005244324915111, 0.0018837925745174289, -0.0008518545073457062, -0.0009559832396917045, 0.00030968489591032267, -0.0007363153854385018, -0.002535718260332942, 0.009259694255888462, -0.0008161627338267863, 0.0020679773297160864, -0.0004732365778181702], [0.0006292554899118841, -0.001378595014102757, 0.0005233800620771945, -0.0013765792828053236, 0.0013400254538282752, -0.0004241002316121012, -0.0007906582322902977, -0.0009467284544371068, -5.114658779348247e-05, -0.0008161627338267863, 0.009681960567831993, -0.002964518964290619, -0.0003427941119298339], [-0.0005664232303388417, 0.001595096429809928, -0.0021685685496777296, 0.0009763957350514829, -0.0010526435216888785, 0.0007732128142379224, 0.0001730324001982808, 0.000343493593391031, 0.0019017955055460334, 0.0020679773297160864, -0.002964518964290619, 0.009555663913488388, -0.0028305191081017256], [0.00045754172606393695, -0.0015954560367390513, 0.0022584276739507914, -0.001628674566745758, -2.4636785383336246e-05, -0.0008218589937314391, 0.0008699322352185845, 0.00029110582545399666, -0.0005173194222152233, -0.0004732365778181702, -0.0003427941119298339, -0.0028305191081017256, 0.00966513529419899]], "lowlevel.mfcc.cov": [[6239.212890625, -1606.089111328125, 154.13682556152344, 1028.8458251953125, -90.3255844116211, -322.94390869140625, -86.77586364746094, 356.67034912109375, 388.05096435546875, 483.3602600097656, 360.4354248046875, 147.4530487060547, -58.637413024902344], [-1606.089111328125, 3433.263916015625, -101.00810241699219, -109.68949127197266, 483.2164306640625, 139.29576110839844, 181.46449279785156, 163.7200164794922, 352.6885986328125, 63.97184753417969, 74.74335479736328, 196.8651123046875, 69.49545288085938], [154.13682556152344, -101.00810241699219, 1991.1668701171875, 452.1389465332031, 559.0115966796875, 754.4993286132812, 531.9417114257812, 620.2203369140625, 108.81859588623047, 178.12025451660156, 274.40277099609375, 204.03594970703125, 389.41241455078125], [1028.8458251953125, -109.68949127197266, 452.1389465332031, 885.9064331054688, 313.8750915527344, 154.66476440429688, 167.43377685546875, 348.47821044921875, 227.78756713867188, 154.00599670410156, 106.80552673339844, 152.55654907226562, 173.141845703125], [-90.3255844116211, 483.2164306640625, 559.0115966796875, 313.8750915527344, 741.8884887695312, 355.6678466796875, 166.5027618408203, 243.85723876953125, 230.3063507080078, 191.42794799804688, 117.2071304321289, 157.65377807617188, 240.41348266601562], [-322.94390869140625, 139.29576110839844, 754.4993286132812, 154.66476440429688, 355.6678466796875, 672.7465209960938, 360.8947448730469, 307.0994567871094, 171.6759796142578, 154.3324432373047, 184.68296813964844, 118.79846954345703, 179.3697052001953], [-86.77586364746094, 181.46449279785156, 531.9417114257812, 167.43377685546875, 166.5027618408203, 360.8947448730469, 622.7106323242188, 402.2179260253906, 185.36558532714844, 163.7221221923828, 224.08251953125, 137.64451599121094, 111.83492279052734], [356.67034912109375, 163.7200164794922, 620.2203369140625, 348.47821044921875, 243.85723876953125, 307.0994567871094, 402.2179260253906, 539.4444580078125, 203.1540069580078, 152.0802459716797, 197.6018524169922, 151.14797973632812, 176.35140991210938], [388.05096435546875, 352.6885986328125, 108.81859588623047, 227.78756713867188, 230.3063507080078, 171.6759796142578, 185.36558532714844, 203.1540069580078, 411.3689270019531, 242.1486358642578, 179.89651489257812, 145.25717163085938, 60.96400833129883], [483.3602600097656, 63.97184753417969, 178.12025451660156, 154.00599670410156, 191.42794799804688, 154.3324432373047, 163.7221221923828, 152.0802459716797, 242.1486358642578, 368.9801330566406, 223.9209747314453, 97.6505355834961, 69.19242095947266], [360.4354248046875, 74.74335479736328, 274.40277099609375, 106.80552673339844, 117.2071304321289, 184.68296813964844, 224.08251953125, 197.6018524169922, 179.89651489257812, 223.9209747314453, 296.95745849609375, 114.07989501953125, 52.784427642822266], [147.4530487060547, 196.8651123046875, 204.03594970703125, 152.55654907226562, 157.65377807617188, 118.79846954345703, 137.64451599121094, 151.14797973632812, 145.25717163085938, 97.6505355834961, 114.07989501953125, 180.33566284179688, 89.2026596069336], [-58.637413024902344, 69.49545288085938, 389.41241455078125, 173.141845703125, 240.41348266601562, 179.3697052001953, 111.83492279052734, 176.35140991210938, 60.96400833129883, 69.19242095947266, 52.784427642822266, 89.2026596069336, 219.8794403076172]], "lowlevel.mfcc.icov": [[0.00033967901254072785, 0.0001510773436166346, -7.808608643244952e-05, -0.0002924256259575486, 5.789254282717593e-05, 0.0003100589965470135, 0.00030461998539976776, -0.0002932725183200091, -0.00018030015053227544, -0.00026768824318423867, -0.0002441817778162658, -0.0001076274857041426, 0.00041195080848410726], [0.0001510773436166346, 0.00046875906991772354, 6.110013782745227e-05, 0.00011607535998336971, -0.0003327013400848955, 0.00021399121033027768, 7.172037294367328e-05, -0.000279581465292722, -0.00041025676182471216, 0.00014570208441000432, -5.569893983192742e-05, -0.0003263760299887508, 0.0002831581514328718], [-7.808608643244952e-05, 6.110013782745227e-05, 0.0013988349819555879, -7.318742427742109e-05, -0.0003099122259300202, -0.0009719521622173488, -0.00010793936962727457, -0.000662623846437782, 0.0008650419185869396, 0.00022693490609526634, -0.00044791222899220884, -5.409822188084945e-05, -0.000923574494663626], [-0.0002924256259575486, 0.00011607535998336971, -7.318742427742109e-05, 0.0022359781432896852, -0.0005157880368642509, 0.0001837337767938152, 8.18026892375201e-05, -0.000938011915422976, -0.0005726968520320952, 0.00014697029837407172, 0.0007547003915533423, -0.000497061584610492, -0.00048795004840940237], [5.789254282717593e-05, -0.0003327013400848955, -0.0003099122259300202, -0.0005157880368642509, 0.003154842648655176, -0.0007958797505125403, 0.0004883756046183407, 0.00035687783383764327, -0.0006016026600264013, -0.0008527841418981552, 0.0005853620823472738, -0.00031894404673948884, -0.0018352072220295668], [0.0003100589965470135, 0.00021399121033027768, -0.0009719521622173488, 0.0001837337767938152, -0.0007958797505125403, 0.003860649885609746, -0.0008385071996599436, 4.339837232691934e-06, -0.0010246100137010217, 7.689264020882547e-05, -0.000666182255372405, 0.00046822542208246887, -3.458918945398182e-05], [0.00030461998539976776, 7.172037294367328e-05, -0.00010793936962727457, 8.18026892375201e-05, 0.0004883756046183407, -0.0008385071996599436, 0.0042430502362549305, -0.0026924717240035534, -0.00010173556074732915, -0.0004589880118146539, -0.0008865371928550303, -0.0007466742536053061, 0.0010251045459881425], [-0.0002932725183200091, -0.000279581465292722, -0.000662623846437782, -0.000938011915422976, 0.00035687783383764327, 4.339837232691934e-06, -0.0026924717240035534, 0.006353948265314102, -0.0009011597139760852, 0.0009972398402169347, -0.0009154960862360895, 0.00034795631654560566, -0.0021834413055330515], [-0.00018030015053227544, -0.00041025676182471216, 0.0008650419185869396, -0.0005726968520320952, -0.0006016026600264013, -0.0010246100137010217, -0.00010173556074732915, -0.0009011597139760852, 0.006415195297449827, -0.002521960064768791, -6.572979327756912e-05, -0.0022185025736689568, 0.0011994049418717623], [-0.00026768824318423867, 0.00014570208441000432, 0.00022693490609526634, 0.00014697029837407172, -0.0008527841418981552, 7.689264020882547e-05, -0.0004589880118146539, 0.0009972398402169347, -0.002521960064768791, 0.0071329656057059765, -0.0041282023303210735, 0.001384721603244543, -0.0014478833181783557], [-0.0002441817778162658, -5.569893983192742e-05, -0.00044791222899220884, 0.0007547003915533423, 0.0005853620823472738, -0.000666182255372405, -0.0008865371928550303, -0.0009154960862360895, -6.572979327756912e-05, -0.0041282023303210735, 0.009243564680218697, -0.002785569056868553, 0.001468418980948627], [-0.0001076274857041426, -0.0003263760299887508, -5.409822188084945e-05, -0.000497061584610492, -0.00031894404673948884, 0.00046822542208246887, -0.0007466742536053061, 0.00034795631654560566, -0.0022185025736689568, 0.001384721603244543, -0.002785569056868553, 0.010994830168783665, -0.002983284182846546], [0.00041195080848410726, 0.0002831581514328718, -0.000923574494663626, -0.00048795004840940237, -0.0018352072220295668, -3.458918945398182e-05, 0.0010251045459881425, -0.0021834413055330515, 0.0011994049418717623, -0.0014478833181783557, 0.001468418980948627, -0.002983284182846546, 0.01083369180560112]], "metadata.audio_properties.analysis.downmix": "mix", "metadata.audio_properties.codec": "mp3", "metadata.audio_properties.md5_encoded": "4866dce00b6aafd3628616e841de416a", "metadata.tags.file_name": "1182269526621032448.mp3", "metadata.version.essentia": "2.1-beta6-dev", "metadata.version.essentia_git_sha": "v2.1_beta5-1110-g77a6a954", "metadata.version.extractor": "music 2.0", "tonal.chords_key": "F#", "tonal.chords_scale": "major", "tonal.key_edma.key": "F#", "tonal.key_edma.scale": "major", "tonal.key_krumhansl.key": "F#", "tonal.key_krumhansl.scale": "major", "tonal.key_temperley.key": "F#", "tonal.key_temperley.scale": "minor", "metadata.tags.encoding": ["Lavf58.45.100"]}, "essentia_models": [{"model_name": "genre_dortmund", "activations": {"alternative": "0.0026228335", "blues": "0.00016405404", "electronic": "0.004405988", "folkcountry": "0.00030014385", "funksoulrnb": "0.0022408094", "jazz": "0.00028746002", "pop": "0.004287689", "raphiphop": "0.9965123", "rock": "0.0022239794"}}, {"model_name": "genre_rosamerica", "activations": {"classic": "0.00035689733", "dance": "0.00019054912", "hip hop": "0.9349245", "jazz": "5.8282993e-05", "pop": "0.0040853024", "rhythm and blues": "0.015573265", "rock": "0.00029524806", "speech": "0.046194013"}}, {"model_name": "genre_tzanetakis", "activations": {"blues": "0.00021427344", "classi