{"song_id": "1182276622217384057", "download": "https://cdn.discordapp.com/attachments/1128313332273782784/1182276622217384057/chirp.mp4?ex=65841be8&amp", "lyrics": "Semper sursum, we rise above,\nWeb design hustle, constant love,\nPromote the vision, make 'em all see,\nWe the architects, set the industry.\n\nSlayin' pixels, gotta make it pop,\nTurnin' dreams into pixels, non-stop,\nUX mastermind, we know what's next,\nNo limitations, never will we rest.", "style": ["reggaeton"], "essentia_features": {"lowlevel.average_loudness": 0.922732949256897, "lowlevel.barkbands_crest.mean": 15.5684175491333, "lowlevel.barkbands_crest.stdev": 5.412278175354004, "lowlevel.barkbands_flatness_db.mean": 0.35001784563064575, "lowlevel.barkbands_flatness_db.stdev": 0.13743168115615845, "lowlevel.barkbands_kurtosis.mean": 76.0562973022461, "lowlevel.barkbands_kurtosis.stdev": 153.1485137939453, "lowlevel.barkbands_skewness.mean": 4.963612079620361, "lowlevel.barkbands_skewness.stdev": 4.60074520111084, "lowlevel.barkbands_spread.mean": 7.694159984588623, "lowlevel.barkbands_spread.stdev": 10.348502159118652, "lowlevel.dissonance.mean": 0.4345177710056305, "lowlevel.dissonance.stdev": 0.05705798417329788, "lowlevel.dynamic_complexity": 5.641730308532715, "lowlevel.erbbands_crest.mean": 12.27995777130127, "lowlevel.erbbands_crest.stdev": 5.3496623039245605, "lowlevel.erbbands_flatness_db.mean": 0.22034718096256256, "lowlevel.erbbands_flatness_db.stdev": 0.07541300356388092, "lowlevel.erbbands_kurtosis.mean": 4.855769157409668, "lowlevel.erbbands_kurtosis.stdev": 11.89846420288086, "lowlevel.erbbands_skewness.mean": 0.608898401260376, "lowlevel.erbbands_skewness.stdev": 1.9377789497375488, "lowlevel.erbbands_spread.mean": 46.69308090209961, "lowlevel.erbbands_spread.stdev": 42.71952819824219, "lowlevel.hfc.mean": 21.08441734313965, "lowlevel.hfc.stdev": 21.749540328979492, "lowlevel.loudness_ebu128.integrated": -14.254735946655273, "lowlevel.loudness_ebu128.loudness_range": 7.6800079345703125, "lowlevel.loudness_ebu128.momentary.mean": -16.82085609436035, "lowlevel.loudness_ebu128.momentary.stdev": 8.142816543579102, "lowlevel.loudness_ebu128.short_term.mean": -15.305845260620117, "lowlevel.loudness_ebu128.short_term.stdev": 2.7502410411834717, "lowlevel.melbands_crest.mean": 28.7307071685791, "lowlevel.melbands_crest.stdev": 10.784123420715332, "lowlevel.melbands_flatness_db.mean": 0.424185574054718, "lowlevel.melbands_flatness_db.stdev": 0.1681457757949829, "lowlevel.melbands_kurtosis.mean": 347.0708312988281, "lowlevel.melbands_kurtosis.stdev": 743.8715209960938, "lowlevel.melbands_skewness.mean": 10.382070541381836, "lowlevel.melbands_skewness.stdev": 11.152942657470703, "lowlevel.melbands_spread.mean": 9.902623176574707, "lowlevel.melbands_spread.stdev": 22.541322708129883, "lowlevel.pitch_salience.mean": 0.2923479378223419, "lowlevel.pitch_salience.stdev": 0.25509729981422424, "lowlevel.silence_rate_20dB.mean": 0.9253539443016052, "lowlevel.silence_rate_20dB.stdev": 0.26282060146331787, "lowlevel.silence_rate_30dB.mean": 0.32561132311820984, "lowlevel.silence_rate_30dB.stdev": 0.4686024487018585, "lowlevel.silence_rate_60dB.mean": 0.17245817184448242, "lowlevel.silence_rate_60dB.stdev": 0.37777721881866455, "lowlevel.spectral_centroid.mean": 1318.0146484375, "lowlevel.spectral_centroid.stdev": 1331.7598876953125, "lowlevel.spectral_complexity.mean": 7.266409397125244, "lowlevel.spectral_complexity.stdev": 8.45838451385498, "lowlevel.spectral_decrease.mean": -4.244457940671964e-08, "lowlevel.spectral_decrease.stdev": 3.284853633545026e-08, "lowlevel.spectral_energy.mean": 0.1621081680059433, "lowlevel.spectral_energy.stdev": 0.12463383376598358, "lowlevel.spectral_energyband_high.mean": 0.0009919025469571352, "lowlevel.spectral_energyband_high.stdev": 0.0020464046392589808, "lowlevel.spectral_energyband_low.mean": 0.14559416472911835, "lowlevel.spectral_energyband_low.stdev": 0.1209229975938797, "lowlevel.spectral_energyband_middle_high.mean": 0.0022477461025118828, "lowlevel.spectral_energyband_middle_high.stdev": 0.004990079905837774, "lowlevel.spectral_energyband_middle_low.mean": 0.01014444325119257, "lowlevel.spectral_energyband_middle_low.stdev": 0.021475067362189293, "lowlevel.spectral_entropy.mean": 7.136204719543457, "lowlevel.spectral_entropy.stdev": 0.8567004203796387, "lowlevel.spectral_flux.mean": 0.1305028796195984, "lowlevel.spectral_flux.stdev": 0.11459735780954361, "lowlevel.spectral_kurtosis.mean": 10.30178451538086, "lowlevel.spectral_kurtosis.stdev": 15.32551097869873, "lowlevel.spectral_rms.mean": 0.010815562680363655, "lowlevel.spectral_rms.stdev": 0.0064169866964221, "lowlevel.spectral_rolloff.mean": 745.8191528320312, "lowlevel.spectral_rolloff.stdev": 1765.190185546875, "lowlevel.spectral_skewness.mean": 1.9063094854354858, "lowlevel.spectral_skewness.stdev": 1.5093356370925903, "lowlevel.spectral_spread.mean": 4696834.0, "lowlevel.spectral_spread.stdev": 2799436.0, "lowlevel.spectral_strongpeak.mean": 0.7070720195770264, "lowlevel.spectral_strongpeak.stdev": 0.7743299603462219, "lowlevel.zerocrossingrate.mean": 0.030810736119747162, "lowlevel.zerocrossingrate.stdev": 0.05047977343201637, "metadata.audio_properties.analysis.equal_loudness": 0.0, "metadata.audio_properties.analysis.length": 18.00428581237793, "metadata.audio_properties.analysis.sample_rate": 44100.0, "metadata.audio_properties.analysis.start_time": 0.0, "metadata.audio_properties.bit_rate": 129191.0, "metadata.audio_properties.length": 18.005332946777344, "metadata.audio_properties.lossless": 0.0, "metadata.audio_properties.number_channels": 1.0, "metadata.audio_properties.replay_gain": -9.813764572143555, "metadata.audio_properties.sample_rate": 48000.0, "rhythm.beats_count": 47.0, "rhythm.beats_loudness.mean": 0.15448667109012604, "rhythm.beats_loudness.stdev": 0.10419799387454987, "rhythm.bpm": 162.0571746826172, "rhythm.bpm_histogram_first_peak_bpm": 161.0, "rhythm.bpm_histogram_first_peak_weight": 0.3589743375778198, "rhythm.bpm_histogram_second_peak_bpm": 167.0, "rhythm.bpm_histogram_second_peak_spread": 0.0, "rhythm.bpm_histogram_second_peak_weight": 0.06521739065647125, "rhythm.danceability": 0.9166264533996582, "rhythm.onset_rate": 5.549794673919678, "tonal.chords_changes_rate": 0.0771208256483078, "tonal.chords_number_rate": 0.02570694126188755, "tonal.chords_strength.mean": 0.5633130073547363, "tonal.chords_strength.stdev": 0.12448953837156296, "tonal.hpcp_crest.mean": 12.555512428283691, "tonal.hpcp_crest.stdev": 5.627657413482666, "tonal.hpcp_entropy.mean": 2.136608362197876, "tonal.hpcp_entropy.stdev": 0.7720348834991455, "tonal.key_edma.strength": 0.6537252068519592, "tonal.key_krumhansl.strength": 0.6583214998245239, "tonal.key_temperley.strength": 0.6637986302375793, "tonal.tuning_diatonic_strength": 0.381270170211792, "tonal.tuning_equal_tempered_deviation": 0.211603045463562, "tonal.tuning_frequency": 434.193115234375, "tonal.tuning_nontempered_energy_ratio": 0.8843021988868713, "lowlevel.barkbands.mean": [0.04292640462517738, 0.1015087217092514, 0.004441980738192797, 0.001946869189850986, 0.001060968148522079, 0.0017010550945997238, 0.0018566367216408253, 0.001323284232057631, 0.0017704225610941648, 0.0007663292344659567, 0.00023681063612457365, 0.0006042171735316515, 0.0002134606329491362, 0.00015976326540112495, 0.00011658224684651941, 8.256503497250378e-05, 0.00010602003749227151, 0.0001535739138489589, 0.00010767830099212006, 6.53916213195771e-05, 0.00010268321057083085, 0.0002716176677495241, 0.00028655913774855435, 0.00020671344827860594, 6.748612941009924e-05, 2.393937211309094e-05, 5.400369786912051e-07], "lowlevel.barkbands.stdev": [0.04382752999663353, 0.10131587088108063, 0.020610958337783813, 0.010635770857334137, 0.004675419069826603, 0.0038225825410336256, 0.004852608311921358, 0.0048320419155061245, 0.006512309890240431, 0.003721230896189809, 0.0006765687139704823, 0.0023889122530817986, 0.0007507358677685261, 0.0005838015349581838, 0.00040386198088526726, 0.00032504566479474306, 0.0003343211719766259, 0.0003835057432297617, 0.0003258576907683164, 0.0002856322971638292, 0.0002894375647883862, 0.0006197506445460021, 0.000667452986817807, 0.00047257787082344294, 0.00015649842680431902, 6.733900954714045e-05, 2.5437348085688427e-06], "lowlevel.erbbands.mean": [6.280041694641113, 9.741384506225586, 5.8284592628479, 6.540130138397217, 4.67643404006958, 2.8122239112854004, 11.059982299804688, 12.101165771484375, 16.750930786132812, 31.63528060913086, 41.012664794921875, 35.09420394897461, 34.782962799072266, 13.25257396697998, 13.55157470703125, 21.62146759033203, 12.344754219055176, 8.98482608795166, 6.707678318023682, 5.475717067718506, 4.290136814117432, 6.483061790466309, 8.634071350097656, 6.458612442016602, 4.359775066375732, 3.0631020069122314, 3.615180015563965, 5.052738666534424, 10.583438873291016, 8.232458114624023, 7.829031944274902, 5.4969377517700195, 2.7158946990966797, 1.0403367280960083, 0.32577046751976013, 0.118402399122715, 0.04718058928847313, 0.004949053283780813, 0.0001784622872946784, 0.00018249396816827357], "lowlevel.erbbands.stdev": [5.778739929199219, 14.843664169311523, 20.766605377197266, 32.169498443603516, 26.124616622924805, 11.665837287902832, 20.407543182373047, 33.86827850341797, 39.863365173339844, 93.26178741455078, 148.24343872070312, 134.87997436523438, 174.5465545654297, 39.90410232543945, 45.66522216796875, 82.21668243408203, 40.35865783691406, 31.102489471435547, 19.93326187133789, 23.699207305908203, 15.687738418579102, 19.110912322998047, 21.21609878540039, 17.987472534179688, 14.959799766540527, 13.039401054382324, 13.854118347167969, 11.874018669128418, 24.667306900024414, 17.878875732421875, 18.548254013061523, 12.868526458740234, 6.270299911499023, 2.3219072818756104, 0.8092707395553589, 0.3346562683582306, 0.13262692093849182, 0.017109939828515053, 0.0003463478060439229, 0.00013576506171375513], "lowlevel.gfcc.mean": [-125.48291778564453, 98.06451416015625, -81.1639633178711, 36.0295295715332, -60.22004318237305, 15.118185043334961, -17.65265464782715, 13.731152534484863, 3.2015838623046875, 2.2713422775268555, 6.396026134490967, 8.717436790466309, -0.4685203433036804], "lowlevel.melbands.mean": [0.04225233942270279, 0.005406619049608707, 0.0010685663437470794, 0.00023915623023640364, 0.0003202428633812815, 0.00028131375438533723, 0.0003063970652874559, 0.00031208066502586007, 0.00036663166247308254, 0.00021481762814801186, 0.00016744513413868845, 5.0699545681709424e-05, 3.734712299774401e-05, 6.0557431424967945e-05, 4.555924533633515e-05, 2.124598904629238e-05, 1.5983127013896592e-05, 1.0639912034093868e-05, 8.467222869512625e-06, 6.376491000992246e-06, 4.535058906185441e-06, 5.719374712498393e-06, 9.664766366768163e-06, 6.094079253671225e-06, 5.206451987760374e-06, 3.82455164071871e-06, 2.4167300125554902e-06, 1.85929684448638e-06, 2.196721652580891e-06, 2.328666823814274e-06, 3.0562230222130893e-06, 6.007197043800261e-06, 5.406757736636791e-06, 4.70282157039037e-06, 4.683310180553235e-06, 4.058636022818973e-06, 3.166317810610053e-06, 2.160594931410742e-06, 1.1621438034126186e-06, 7.674307198612951e-07], "lowlevel.melbands.stdev": [0.037947893142700195, 0.010768993757665157, 0.005255917087197304, 0.0012770950561389327, 0.000600629486143589, 0.0007427915697917342, 0.0007332946406677365, 0.0009189776610583067, 0.0013681929558515549, 0.0008443783735856414, 0.0008506316808052361, 0.00016681122360751033, 0.00011392071610316634, 0.00024690432474017143, 0.0001801092003006488, 7.652491331100464e-05, 6.117969314800575e-05, 3.320768155390397e-05, 3.31369556079153e-05, 2.6810350391315296e-05, 1.777104989741929e-05, 1.812457230698783e-05, 2.53244252235163e-05, 1.5998588423826732e-05, 1.5126951439015102e-05, 1.3683596989721991e-05, 9.832474461290985e-06, 8.394727046834305e-06, 1.0024941730080172e-05, 6.699598998238798e-06, 7.1504769039165694e-06, 1.4262799595599063e-05, 1.2721174243779387e-05, 1.0794021363835782e-05, 1.118276395573048e-05, 1.0506659236853011e-05, 7.596478553750785e-06, 5.156669885764131e-06, 2.6985489967046306e-06, 1.740263883220905e-06], "lowlevel.melbands128.mean": [0.038437604904174805, 0.06677500903606415, 0.03606218472123146, 0.010446731001138687, 0.0031013498082756996, 0.002104490762576461, 0.0013987022684887052, 0.0008390466682612896, 0.00043523681233637035, 0.00019138136121910065, 0.00010901589848799631, 0.00017027441936079413, 0.00041817882447503507, 0.00047682272270321846, 0.00026644847821444273, 0.0002006612194236368, 0.00014591525541618466, 0.0002912728232331574, 0.0005710860714316368, 0.00037355441600084305, 0.00015220267232507467, 0.0002014485071413219, 0.00050599395763129, 0.00040692201582714915, 0.0001769150694599375, 0.0001379803870804608, 0.00024988531367853284, 0.00020246606436558068, 7.325888145714998e-05, 5.117577893543057e-05, 4.998668737243861e-05, 3.389845005585812e-05, 2.3767075617797673e-05, 4.474837987800129e-05, 7.454256410710514e-05, 4.9853533710120246e-05, 6.540784670505673e-05, 6.014859536662698e-05, 1.960019835678395e-05, 2.605188092275057e-05, 2.1546948119066656e-05, 1.4093349818722345e-05, 1.9222634364268743e-05, 1.4871705388941336e-05, 1.0932056284218561e-05, 9.349715583084617e-06, 1.1452203580120113e-05, 8.484312274958938e-06, 7.212602668005275e-06, 7.520757208112627e-06, 6.254188065213384e-06, 5.310769211064326e-06, 4.93502147946856e-06, 4.0563318179920316e-06, 3.928217211068841e-06, 5.592366505879909e-06, 6.906648195581511e-06, 1.0182172445638571e-05, 1.141233224188909e-05, 7.645391633559484e-06, 5.238955964159686e-06, 5.3973744797986e-06, 5.171582870389102e-06, 5.642447831633035e-06, 4.380508926260518e-06, 4.456740953173721e-06, 2.8488113912317203e-06, 2.2363292373484e-06, 2.652725925145205e-06, 2.251508021799964e-06, 1.5681699778724578e-06, 1.8401671013634768e-06, 1.9796332253463333e-06, 2.587333483461407e-06, 1.909769025587593e-06, 2.2920971787243616e-06, 2.627557023515692e-06, 2.2665010419586906e-06, 2.9440643629641272e-06, 3.696092335303547e-06, 5.539110588870244e-06, 7.651921805518214e-06, 6.219870556378737e-06, 6.075520104786847e-06, 3.663570396383875e-06, 2.977726580866147e-06, 5.698105269402731e-06, 6.7916962507297285e-06, 3.784006139539997e-06, 3.5852876862918492e-06, 5.569947916228557e-06, 3.3569324386917287e-06, 3.463359462330118e-06, 3.2290386116073932e-06, 3.0043593142181635e-06, 2.6997749955626205e-06, 1.9620042621681932e-06, 1.3806366041535512e-06, 1.1849822385556763e-06, 1.0673524002413615e-06, 8.919511742533359e-07, 6.840269861640991e-07, 6.794804221499362e-07, 4.424431097049819e-07, 2.8317992928350577e-07, 2.601617552500102e-07, 2.8722786282742163e-07, 1.9443632481852546e-07, 2.148653237554754e-07, 1.6247237510924606e-07, 1.6107308908885898e-07, 1.4888847488236934e-07, 1.971518628351987e-07, 1.3017925937219843e-07, 7.870998075532043e-08, 4.4983060831782495e-08, 2.0216520013605077e-08, 4.464726088837523e-10, 1.6269294245141452e-10, 9.799440425783956e-11, 6.766880111808149e-11, 3.435627823900056e-11, 2.3797493489685628e-11, 2.33968001223106e-11, 2.301525810211036e-11, 2.2638200342095516e-11, 2.239696969552618e-11, 2.2269842220312697e-11], "lowlevel.melbands128.stdev": [0.038243696093559265, 0.0605134442448616, 0.04386754333972931, 0.019409041851758957, 0.011125266551971436, 0.00999396201223135, 0.007167628034949303, 0.004640975035727024, 0.0025572681333869696, 0.0011477343505248427, 0.0005095078959129751, 0.00044079640065319836, 0.0007842419436201453, 0.0011316693853586912, 0.0008630741504020989, 0.0009096918511204422, 0.0005355380708351731, 0.0007982059032656252, 0.0016456791199743748, 0.0014077272498980165, 0.0008405505795963109, 0.001108122756704688, 0.002138537121936679, 0.0019348220666870475, 0.0010856428416445851, 0.0009635548340156674, 0.0013963829260319471, 0.0012988591333851218, 0.00041713021346367896, 0.00025407917564734817, 0.00015610153786838055, 0.00011695364082697779, 8.478310337522998e-05, 0.00017296023725066334, 0.00039381938404403627, 0.00025825403281487525, 0.00032369684777222574, 0.0003031868545804173, 9.063933975994587e-05, 0.00011305298539809883, 0.00010227695747744292, 5.722652349504642e-05, 9.190097625833005e-05, 8.241234900197014e-05, 4.8588575737085193e-05, 3.302465484011918e-05, 4.9552130803931504e-05, 3.600685886340216e-05, 3.441618537181057e-05, 4.634066135622561e-05, 2.6382514988654293e-05, 1.9703631551237777e-05, 2.2054329747334123e-05, 2.0755091099999845e-05, 1.422946388629498e-05, 2.0236633645254187e-05, 2.307766590092797e-05, 3.366587043274194e-05, 3.0526942282449454e-05, 2.0507999579422176e-05, 1.5524195987381972e-05, 1.7053735064109787e-05, 1.8385533621767536e-05, 1.8046350305667147e-05, 1.2294486623432022e-05, 2.1891088181291707e-05, 1.0787623978103511e-05, 9.828450856730342e-06, 1.1884982086485252e-05, 1.133971909439424e-05, 6.584976745216409e-06, 9.537976438878104e-06, 1.0541965821175836e-05, 1.3485121598932892e-05, 7.265806743816938e-06, 7.587432264699601e-06, 7.989540790731553e-06, 6.535305601573782e-06, 7.259221547428751e-06, 9.253424650523812e-06, 1.4763242688786704e-05, 1.990387318073772e-05, 1.6503623555763625e-05, 1.4383660527528264e-05, 9.375052286486607e-06, 8.284504474431742e-06, 1.4286253644968383e-05, 1.751638228597585e-05, 1.0131635463039856e-05, 9.816073543333914e-06, 1.625362529011909e-05, 9.12783343665069e-06, 9.200705790135544e-06, 9.137732376984786e-06, 7.231359177239938e-06, 7.132058271963615e-06, 5.1187307690270245e-06, 3.507995870677405e-06, 2.9494792670448078e-06, 2.69958491116995e-06, 2.135971953975968e-06, 1.610254003026057e-06, 1.7958583384825033e-06, 1.162069338533911e-06, 8.097530326267588e-07, 7.329420554924582e-07, 1.2624216196854832e-06, 6.336045998978079e-07, 6.439123581003514e-07, 4.986433737030893e-07, 4.748240769458789e-07, 4.82707662285975e-07, 5.841278039042663e-07, 4.276229503830109e-07, 3.4430976825206017e-07, 1.9254349581387942e-07, 9.172977399884985e-08, 2.8860869250024734e-09, 1.9896622127646424e-09, 1.2350870326471863e-09, 8.071048829272343e-10, 2.0488544194563474e-10, 3.532829237484769e-11, 3.472251999814269e-11, 3.421992550434183e-11, 3.381350408004913e-11, 3.3521997677699034e-11, 3.334191950310483e-11], "lowlevel.mfcc.mean": [-773.3016967773438, 123.262939453125, 39.33668518066406, 24.802776336669922, -0.2788979411125183, 6.587305068969727, -2.008213996887207, 18.13294792175293, 1.8429137468338013, 5.243882179260254, 16.609516143798828, 7.8568878173828125, 1.9455382823944092], "lowlevel.spectral_contrast_coeffs.mean": [-0.6903269290924072, -0.76075679063797, -0.7924149632453918, -0.8169973492622375, -0.7761391997337341, -0.7608674764633179], "lowlevel.spectral_contrast_coeffs.stdev": [0.08356542140245438, 0.10615488141775131, 0.07844521105289459, 0.065303735435009, 0.0759992003440857, 0.05817091092467308], "lowlevel.spectral_contrast_valleys.mean": [-7.866675853729248, -7.708339691162109, -8.614542961120605, -9.343182563781738, -9.34184455871582, -11.44969654083252], "lowlevel.spectral_contrast_valleys.stdev": [2.082068681716919, 1.1898349523544312, 1.329614520072937, 1.5347111225128174, 1.6151833534240723, 2.3086187839508057], "rhythm.beats_loudness_band_ratio.mean": [0.7473629713058472, 0.053237996995449066, 0.060310181230306625, 0.04150638356804848, 0.03576119244098663, 0.06800513714551926], "rhythm.beats_loudness_band_ratio.stdev": [0.3831818699836731, 0.11920920014381409, 0.14149795472621918, 0.09140205383300781, 0.08970765769481659, 0.20311102271080017], "tonal.hpcp.mean": [0.041928716003894806, 0.04256955161690712, 0.04128977283835411, 0.0738200768828392, 0.09376493841409683, 0.0679481029510498, 0.05556226149201393, 0.06568893045186996, 0.11954342573881149, 0.20635057985782623, 0.20432041585445404, 0.12338119745254517, 0.0931892916560173, 0.08927825093269348, 0.07752681523561478, 0.08146543055772781, 0.0685710683465004, 0.05260186642408371, 0.07356341928243637, 0.12384894490242004, 0.10692714899778366, 0.051070839166641235, 0.04849779233336449, 0.11416276544332504, 0.15202169120311737, 0.09763120114803314, 0.08519190549850464, 0.09888803213834763, 0.08429190516471863, 0.0710352435708046, 0.08149182051420212, 0.0910104513168335, 0.06604550778865814, 0.05221237987279892, 0.054132867604494095, 0.04489678889513016], "tonal.hpcp.stdev": [0.13408127427101135, 0.14515598118305206, 0.1327029913663864, 0.1817328780889511, 0.2194102555513382, 0.17230871319770813, 0.1874103546142578, 0.20408645272254944, 0.2609776258468628, 0.35974472761154175, 0.3437719941139221, 0.2634505331516266, 0.2252771556377411, 0.22542673349380493, 0.1899968385696411, 0.22989678382873535, 0.1848730593919754, 0.14613191783428192, 0.17874696850776672, 0.27662160992622375, 0.24157774448394775, 0.16201375424861908, 0.15900270640850067, 0.2596578001976013, 0.3303293287754059, 0.21511392295360565, 0.2243511974811554, 0.2452031373977661, 0.22488273680210114, 0.1941833198070526, 0.2038511335849762, 0.22764094173908234, 0.17243577539920807, 0.16656795144081116, 0.16653569042682648, 0.13205738365650177], "rhythm.beats_position": [0.40634921193122864, 0.8243083953857422, 1.2422676086425781, 1.6253968477249146, 2.008526086807251, 2.3800454139709473, 2.7515645027160645, 3.1230838298797607, 3.494603157043457, 3.8661224842071533, 4.249251842498779, 4.632380962371826, 5.015510082244873, 5.38702917098999, 5.758548736572266, 6.130067825317383, 6.51319694519043, 6.884716510772705, 7.267845630645752, 7.639364719390869, 8.010884284973145, 8.382403373718262, 8.753922462463379, 9.125441551208496, 9.50857162475586, 9.891700744628906, 10.263219833374023, 10.63473892211914, 10.994647979736328, 11.354557991027832, 11.72607707977295, 12.109206199645996, 12.492335319519043, 12.88707447052002, 13.258593559265137, 13.63011360168457, 14.024852752685547, 14.396371841430664, 14.767890930175781, 15.139410018920898, 15.499319076538086, 15.87083911895752, 16.25396728515625, 16.625486373901367, 17.008617401123047, 17.391746520996094, 17.76326560974121], "rhythm.bpm_histogram": [0.0, 0.0, 0.0, 0.0, 0.0, 0.0, 0.0, 0.0, 0.0, 0.0, 0.0, 0.0, 0.0, 0.0, 0.0, 0.0, 0.0, 0.0, 0.0, 0.0, 0.0, 0.0, 0.0, 0.0, 0.0, 0.0, 0.0, 0.0, 0.0, 0.0, 0.0, 0.0, 0.0, 0.0, 0.0, 0.0, 0.0, 0.0, 0.0, 0.0, 0.0, 0.0, 0.0, 0.0, 0.0, 0.0, 0.0, 0.0, 0.0, 0.0, 0.0, 0.0, 0.0, 0.0, 0.0, 0.0, 0.0, 0.0, 0.0, 0.0, 0.0, 0.0, 0.0, 0.0, 0.0, 0.0, 0.0, 0.0, 0.0, 0.0, 0.0, 0.0, 0.0, 0.0, 0.0, 0.0, 0.0, 0.0, 0.0, 0.0, 0.0, 0.0, 0.0, 0.0, 0.0, 0.0, 0.0, 0.0, 0.0, 0.0, 0.0, 0.0, 0.0, 0.0, 0.0, 0.0, 0.0, 0.0, 0.0, 0.0, 0.0, 0.0, 0.0, 0.0, 0.0, 0.0, 0.0, 0.0, 0.0, 0.0, 0.0, 0.0, 0.0, 0.0, 0.0, 0.0, 0.0, 0.0, 0.0, 0.0, 0.0, 0.0, 0.0, 0.0, 0.0, 0.0, 0.0, 0.0, 0.0, 0.0, 0.0, 0.0, 0.0, 0.0, 0.0, 0.0, 0.0, 0.0, 0.0, 0.0, 0.0, 0.0, 0.0, 0.0, 0.043478261679410934, 0.0, 0.0, 0.0, 0.0, 0.0, 0.0, 0.0, 0.043478261679410934, 0.0, 0.0, 0.0, 0.0, 0.30434781312942505, 0.0, 0.0, 0.0, 0.54347825050354, 0.0, 0.0, 0.0, 0.0, 0.0, 0.06521739065647125, 0.0, 0.0, 0.0, 0.0, 0.0, 0.0, 0.0, 0.0, 0.0, 0.0, 0.0, 0.0, 0.0, 0.0, 0.0, 0.0, 0.0, 0.0, 0.0, 0.0, 0.0, 0.0, 0.0, 0.0, 0.0, 0.0, 0.0, 0.0, 0.0, 0.0, 0.0, 0.0, 0.0, 0.0, 0.0, 0.0, 0.0, 0.0, 0.0, 0.0, 0.0, 0.0, 0.0, 0.0, 0.0, 0.0, 0.0, 0.0, 0.0, 0.0, 0.0, 0.0, 0.0, 0.0, 0.0, 0.0, 0.0, 0.0, 0.0, 0.0, 0.0, 0.0, 0.0, 0.0, 0.0, 0.0, 0.0, 0.0, 0.0, 0.0, 0.0, 0.0, 0.0, 0.0, 0.0, 0.0, 0.0, 0.0, 0.0, 0.0, 0.0, 0.0], "tonal.chords_histogram": [10.53984546661377, 15.681234359741211, 16.966581344604492, 10.28277587890625, 0.0, 10.025707244873047, 0.0, 3.341902256011963, 0.0, 0.0, 0.2570694088935852, 0.0, 11.311054229736328, 0.2570694088935852, 0.0, 0.0, 0.0, 0.0, 0.0, 7.197943210601807, 10.53984546661377, 2.827763557434082, 0.0, 0.7712082266807556], "tonal.thpcp": [1.0, 0.9901615977287292, 0.597920298576355, 0.4516066312789917, 0.4326532483100891, 0.3757043778896332, 0.3947913944721222, 0.3323037326335907, 0.2549150288105011, 0.35649728775024414, 0.6001870632171631, 0.5181819796562195, 0.24749550223350525, 0.23502619564533234, 0.5532466173171997, 0.7367156147956848, 0.4731326699256897, 0.4128503203392029, 0.47922343015670776, 0.40848881006240845, 0.34424543380737305, 0.3949192762374878, 0.44104769825935364, 0.32006457448005676, 0.2530275285243988, 0.2623344659805298, 0.2175752967596054, 0.20319165289402008, 0.20629721879959106, 0.2000952661037445, 0.3577410578727722, 0.4543962776660919, 0.32928475737571716, 0.2692614793777466, 0.318336546421051, 0.5793219804763794], "lowlevel.gfcc.cov": [[24207.8046875, -2884.31884765625, 3121.243896484375, 4189.72119140625, 387.0828857421875, 2241.6181640625, 664.4432373046875, 1431.3961181640625, 863.2384033203125, 992.00927734375, 498.4203796386719, 706.3851318359375, -283.24163818359375], [-2884.31884765625, 5005.71923828125, -856.6123046875, -1500.06689453125, 1572.114501953125, -964.5501098632812, 316.5889892578125, -220.6807098388672, 596.7637939453125, -613.7181396484375, 461.88470458984375, -189.0304412841797, 232.74635314941406], [3121.243896484375, -856.6123046875, 3795.5, 2113.500244140625, 674.3279418945312, 1121.425048828125, 789.1031494140625, 489.8172607421875, 357.88531494140625, 428.9215087890625, 116.1258773803711, 228.18309020996094, 76.22464752197266], [4189.72119140625, -1500.06689453125, 2113.500244140625, 2598.888427734375, 449.4419250488281, 702.857177734375, 433.5475158691406, 455.75640869140625, 311.0890808105469, 379.0292053222656, 195.12771606445312, 134.99002075195312, 179.03294372558594], [387.0828857421875, 1572.114501953125, 674.3279418945312, 449.4419250488281, 1540.522216796875, -4.807864665985107, 528.095947265625, 228.0272979736328, 525.4744262695312, 47.448875427246094, 335.2256774902344, 9.402905464172363, 235.61920166015625], [2241.6181640625, -964.5501098632812, 1121.425048828125, 702.857177734375, -4.807864665985107, 873.1980590820312, 336.532470703125, 244.09613037109375, 44.99372100830078, 299.5654296875, -14.3464937210083, 69.62771606445312, -54.00638198852539], [664.4432373046875, 316.5889892578125, 789.1031494140625, 433.5475158691406, 528.095947265625, 336.532470703125, 733.8120727539062, 272.4420471191406, 237.6027069091797, 93.69219207763672, 182.12142944335938, 13.585952758789062, 115.67955780029297], [1431.3961181640625, -220.6807098388672, 489.8172607421875, 455.75640869140625, 228.0272979736328, 244.09613037109375, 272.4420471191406, 374.96929931640625, 180.32186889648438, 161.75315856933594, 90.60224914550781, 56.10775375366211, 22.146005630493164], [863.2384033203125, 596.7637939453125, 357.88531494140625, 311.0890808105469, 525.4744262695312, 44.99372100830078, 237.6027069091797, 180.32186889648438, 430.0542297363281, 84.39274597167969, 164.11489868164062, 13.219339370727539, 110.08968353271484], [992.00927734375, -613.7181396484375, 428.9215087890625, 379.0292053222656, 47.448875427246094, 299.5654296875, 93.69219207763672, 161.75315856933594, 84.39274597167969, 297.1922607421875, 35.3774528503418, 57.03093338012695, 0.06693994998931885], [498.4203796386719, 461.88470458984375, 116.1258773803711, 195.12771606445312, 335.2256774902344, -14.3464937210083, 182.12142944335938, 90.60224914550781, 164.11489868164062, 35.3774528503418, 268.94256591796875, 37.69257354736328, 89.72867584228516], [706.3851318359375, -189.0304412841797, 228.18309020996094, 134.99002075195312, 9.402905464172363, 69.62771606445312, 13.585952758789062, 56.10775375366211, 13.219339370727539, 57.03093338012695, 37.69257354736328, 215.70840454101562, 32.18947982788086], [-283.24163818359375, 232.74635314941406, 76.22464752197266, 179.03294372558594, 235.61920166015625, -54.00638198852539, 115.67955780029297, 22.146005630493164, 110.08968353271484, 0.06693994998931885, 89.72867584228516, 32.18947982788086, 190.9086456298828]], "lowlevel.gfcc.icov": [[0.00010622364789014682, -6.55214607832022e-05, 0.00011514748621266335, -0.00022380109294317663, 5.4665888455929235e-05, -0.00026071741012856364, 7.723795715719461e-05, -0.0001519909710623324, -0.00015788155724294484, 5.562704973272048e-05, -5.439735105028376e-05, -0.0003261825768277049, 0.0004025799280498177], [-6.55214607832022e-05, 0.001421081367880106, -0.0004107523418497294, 0.0011553732911124825, -0.0009669544524513185, 0.00040882997564040124, 8.57379927765578e-05, 0.0003994099679403007, -0.001211773487739265, 0.002144227270036936, -0.001510312664322555, 0.0007826996152289212, -0.00026252062525600195], [0.00011514748621266335, -0.0004107523418497294, 0.000978545518592, -0.000966990424785763, 8.118878758978099e-05, -0.0008030771277844906, -0.00038174496148712933, 7.851131522329524e-05, -2.882996886910405e-05, -0.0004169397579971701, 0.0007760605658404529, -0.001067810459062457, 0.0009146214579232037], [-0.00022380109294317663, 0.0011553732911124825, -0.000966990424785763, 0.002157816430553794, -0.0007134278421290219, 0.0005451759207062423, 0.0004072722513228655, -0.00010243360884487629, -0.0005520466365851462, 0.0013157161884009838, -0.001479503232985735, 0.0014895559288561344, -0.0018161688931286335], [5.4665888455929235e-05, -0.0009669544524513185, 8.118878758978099e-05, -0.0007134278421290219, 0.0021321068052202463, 2.7377614969736896e-05, -0.0005066300509497523, -0.00024197547463700175, -0.00031667741131968796, -0.0013534892350435257, 0.00032861606450751424, -0.0003063777694478631, -0.0003117435553576797], [-0.00026071741012856364, 0.00040882997564040124, -0.0008030771277844906, 0.0005451759207062423, 2.7377614969736896e-05, 0.0038535234052687883, -0.0014434750191867352, 0.0004513635649345815, 0.0005162580055184662, -0.001861159922555089, 0.0005016011418774724, 0.0008015094790607691, 0.00013483224029187113], [7.723795715719461e-05, 8.57379927765578e-05, -0.00038174496148712933, 0.0004072722513228655, -0.0005066300509497523, -0.0014434750191867352, 0.0035267940256744623, -0.0018165691290050745, -7.17562943464145e-05, 0.001403765520080924, -0.0014476134674623609, 0.0007959866197779775, -0.0013417548034340143], [-0.0001519909710623324, 0.0003994099679403007, 7.851131522329524e-05, -0.00010243360884487629, -0.00024197547463700175, 0.0004513635649345815, -0.0018165691290050745, 0.005934698507189751, -0.0015059506986290216, -0.0011963278520852327, -5.131339639774524e-05, -0.0004921839572489262, 0.0011668454390019178], [-0.00015788155724294484, -0.001211773487739265, -2.882996886910405e-05, -0.0005520466365851462, -0.00031667741131968796, 0.0005162580055184662, -7.17562943464145e-05, -0.0015059506986290216, 0.006456523668020964, -0.00287670292891562, 0.0006579445907846093, 0.0005630129599012434, -0.0015990178799256682], [5.562704973272048e-05, 0.002144227270036936, -0.0004169397579971701, 0.0013157161884009838, -0.0013534892350435257, -0.001861159922555089, 0.001403765520080924, -0.0011963278520852327, -0.00287670292891562, 0.009958076290786266, -0.0030775575432926416, 0.0002954601659439504, -0.00011480367538752034], [-5.439735105028376e-05, -0.001510312664322555, 0.0007760605658404529, -0.001479503232985735, 0.00032861606450751424, 0.0005016011418774724, -0.0014476134674623609, -5.131339639774524e-05, 0.0006579445907846093, -0.0030775575432926416, 0.0081644207239151, -0.0016949863638728857, -0.000472239829832688], [-0.0003261825768277049, 0.0007826996152289212, -0.001067810459062457, 0.0014895559288561344, -0.0003063777694478631, 0.0008015094790607691, 0.0007959866197779775, -0.0004921839572489262, 0.0005630129599012434, 0.0002954601659439504, -0.0016949863638728857, 0.007042859680950642, -0.0029446976259350777], [0.0004025799280498177, -0.00026252062525600195, 0.0009146214579232037, -0.0018161688931286335, -0.0003117435553576797, 0.00013483224029187113, -0.0013417548034340143, 0.0011668454390019178, -0.0015990178799256682, -0.00011480367538752034, -0.000472239829832688, -0.0029446976259350777, 0.010234620422124863]], "lowlevel.mfcc.cov": [[19852.052734375, -2018.662353515625, 1269.200439453125, 1635.1485595703125, 1008.5122680664062, 1026.190673828125, 237.35023498535156, 1109.519775390625, 408.5543518066406, 514.1923217773438, 869.8221435546875, 659.1084594726562, 621.4917602539062], [-2018.662353515625, 5559.23828125, -1727.29541015625, -124.25239562988281, 709.7350463867188, -364.85009765625, -96.26773071289062, 347.0533447265625, 38.52107238769531, -192.93963623046875, 319.4758605957031, 64.72279357910156, -60.65956115722656], [1269.200439453125, -1727.29541015625, 2984.23876953125, 910.3845825195312, 273.9733581542969, 877.3120727539062, 489.8027038574219, 411.7127990722656, 310.4629821777344, 420.326904296875, 93.79618072509766, 147.4136962890625, 296.0460205078125], [1635.1485595703125, -124.25239562988281, 910.3845825195312, 1806.510498046875, 862.9498291015625, 490.617431640625, 345.4918212890625, 442.9728088378906, 365.7718811035156, 345.6559143066406, 160.85794067382812, 179.36483764648438, 323.7639465332031], [1008.5122680664062, 709.7350463867188, 273.9733581542969, 862.9498291015625, 912.2006225585938, 361.5912170410156, 131.08319091796875, 270.6181640625, 217.67005920410156, 253.68212890625, 153.66806030273438, 132.75521850585938, 220.5052490234375], [1026.190673828125, -364.85009765625, 877.3120727539062, 490.617431640625, 361.5912170410156, 655.9024658203125, 354.452392578125, 224.37472534179688, 252.9108428955078, 237.978515625, 136.68502807617188, 149.93240356445312, 168.56385803222656], [237.35023498535156, -96.26773071289062, 489.8027038574219, 345.4918212890625, 131.08319091796875, 354.452392578125, 549.0704345703125, 236.5130615234375, 223.1349334716797, 201.89295959472656, 149.17466735839844, 150.53958129882812, 112.24343872070312], [1109.519775390625, 347.0533447265625, 411.7127990722656, 442.9728088378906, 270.6181640625, 224.37472534179688, 236.5130615234375, 415.4909362792969, 212.65457153320312, 122.97444152832031, 176.44406127929688, 125.94913482666016, 132.94253540039062], [408.5543518066406, 38.52107238769531, 310.4629821777344, 365.7718811035156, 217.67005920410156, 252.9108428955078, 223.1349334716797, 212.65457153320312, 361.9784240722656, 215.73065185546875, 135.6779022216797, 103.5542984008789, 106.22530364990234], [514.1923217773438, -192.93963623046875, 420.326904296875, 345.6559143066406, 253.68212890625, 237.978515625, 201.89295959472656, 122.97444152832031, 215.73065185546875, 345.3971862792969, 163.09832763671875, 87.44154357910156, 103.29888153076172], [869.8221435546875, 319.4758605957031, 93.79618072509766, 160.85794067382812, 153.66806030273438, 136.68502807617188, 149.17466735839844, 176.44406127929688, 135.6779022216797, 163.09832763671875, 290.61102294921875, 128.4544677734375, 54.35828399658203], [659.1084594726562, 64.72279357910156, 147.4136962890625, 179.36483764648438, 132.75521850585938, 149.93240356445312, 150.53958129882812, 125.94913482666016, 103.5542984008789, 87.44154357910156, 128.4544677734375, 183.65774536132812, 108.79833221435547], [621.4917602539062, -60.65956115722656, 296.0460205078125, 323.7639465332031, 220.5052490234375, 168.56385803222656, 112.24343872070312, 132.94253540039062, 106.22530364990234, 103.29888153076172, 54.35828399658203, 108.79833221435547, 219.49021911621094]], "lowlevel.mfcc.icov": [[9.163909999188036e-05, 8.741778583498672e-05, 6.988159293541685e-05, -9.792728633328807e-06, -3.306762664578855e-05, -0.00012980116298422217, 0.0001886206737253815, -0.00032573475618846714, 0.0001437452738173306, 1.6017278539948165e-05, -0.00022697799431625754, -0.00010886078234761953, -4.8320431233150885e-05], [8.741778583498672e-05, 0.0004819969763047993, 0.0001908713165903464, 0.0002313487493665889, -0.0007252328214235604, 0.00023553059145342559, -3.653439853223972e-05, -0.0006384066655300558, -2.3492995751439594e-05, 0.0005717782769352198, -0.0006682905950583518, 8.188055653590709e-05, 0.00010723579180194065], [6.988159293541685e-05, 0.0001908713165903464, 0.000931582588236779, -0.00019983873062301427, 0.000506088079418987, -0.0011850361479446292, 0.0004025577800348401, -0.0011641442542895675, 0.0006834492669440806, -0.0008318224572576582, 0.00030776349012739956, 0.0001783452316885814, -0.00030985823832452297], [-9.792728633328807e-06, 0.0002313487493665889, -0.00019983873062301427, 0.0015129101229831576, -0.0015166790690273046, 0.0006488747312687337, -0.000506453332491219, -0.00048558859270997345, -0.0005071968771517277, 0.0003386681783013046, 6.029411088093184e-05, 0.00023299911117646843, -0.00033631862606853247], [-3.306762664578855e-05, -0.0007252328214235604, 0.000506088079418987, -0.0015166790690273046, 0.004447427578270435, -0.002384455408900976, 0.0016275786329060793, -0.0005371756851673126, 0.001067579141817987, -0.0026423928793519735, 0.001144076231867075, -0.00026445716503076255, -0.0011212584795430303], [-0.00012980116298422217, 0.00023553059145342559, -0.0011850361479446292, 0.0006488747312687337, -0.002384455408900976, 0.0053834980353713036, -0.0023452432360500097, 0.0014415046898648143, -0.001860473188571632, 0.001521718455478549, -0.0006452773232012987, -0.00037446297938004136, 0.00019079571939073503], [0.0001886206737253815, -3.653439853223972e-05, 0.0004025577800348401, -0.000506453332491219, 0.0016275786329060793, -0.0023452432360500097, 0.004572993144392967, -0.0020898079965263605, 0.000447534752311185, -0.0018623663345351815, 0.0004023692454211414, -0.0018545438069850206, 0.00023264301125891507], [-0.00032573475618846714, -0.0006384066655300558, -0.0011641442542895675, -0.00048558859270997345, -0.0005371756851673126, 0.0014415046898648143, -0.0020898079965263605, 0.007900414988398552, -0.0028659021481871605, 0.0027503157034516335, -0.0021170107647776604, 0.0006685168482363224, -0.0009659962961450219], [0.0001437452738173306, -2.3492995751439594e-05, 0.0006834492669440806, -0.0005071968771517277, 0.001067579141817987, -0.001860473188571632, 0.000447534752311185, -0.0028659021481871605, 0.006717212498188019, -0.0036126135382801294, 0.0007035435410216451, -0.0007202719571068883, -9.180704364553094e-05], [1.6017278539948165e-05, 0.0005717782769352198, -0.0008318224572576582, 0.0003386681783013046, -0.0026423928793519735, 0.001521718455478549, -0.0018623663345351815, 0.0027503157034516335, -0.0036126135382801294, 0.009122860617935658, -0.004734877962619066, 0.001856303890235722, -0.0007850716938264668], [-0.00022697799431625754, -0.0006682905950583518, 0.00030776349012739956, 6.029411088093184e-05, 0.001144076231867075, -0.0006452773232012987, 0.0004023692454211414, -0.0021170107647776604, 0.0007035435410216451, -0.004734877962619066, 0.009370619431138039, -0.004384662955999374, 0.0021172394044697285], [-0.00010886078234761953, 8.188055653590709e-05, 0.0001783452316885814, 0.00023299911117646843, -0.00026445716503076255, -0.00037446297938004136, -0.0018545438069850206, 0.0006685168482363224, -0.0007202719571068883, 0.001856303890235722, -0.004384662955999374, 0.012389998883008957, -0.004737352021038532], [-4.8320431233150885e-05, 0.00010723579180194065, -0.00030985823832452297, -0.00033631862606853247, -0.0011212584795430303, 0.00019079571939073503, 0.00023264301125891507, -0.0009659962961450219, -9.180704364553094e-05, -0.0007850716938264668, 0.0021172394044697285, -0.004737352021038532, 0.009320338256657124]], "metadata.audio_properties.analysis.downmix": "mix", "metadata.audio_properties.codec": "mp3", "metadata.audio_properties.md5_encoded": "1be63d4a7d0ef0370dab6e3102894adc", "metadata.tags.file_name": "1182276622217384057.mp3", "metadata.version.essentia": "2.1-beta6-dev", "metadata.version.essentia_git_sha": "v2.1_beta5-1110-g77a6a954", "metadata.version.extractor": "music 2.0", "tonal.chords_key": "C", "tonal.chords_scale": "minor", "tonal.key_edma.key": "F", "tonal.key_edma.scale": "minor", "tonal.key_krumhansl.key": "F", "tonal.key_krumhansl.scale": "minor", "tonal.key_temperley.key": "F", "tonal.key_temperley.scale": "minor", "metadata.tags.encoding": ["Lavf58.45.100"]}, "essentia_models": [{"model_name": "genre_dortmund", "activations": {"alternative": "0.0017708832", "blues": "0.00012158258", "electronic": "0.0031744007", "folkcountry": "0.00013432621", "funksoulrnb": "0.0020361815", "jazz": "0.00041067484", "pop": "0.0007299486", "raphiphop": "0.99692994", "rock": "0.0007674666"}}, {"model_name": "genre_rosamerica", "activ