{"song_id": "1182277162426970152", "download": "https://cdn.discordapp.com/attachments/1135903449314238464/1182277162426970152/chirp.mp4?ex=65841c69&amp", "lyrics": "[verse]\n\u0423\u0441\u043c\u0435\u0445\u043d\u0443\u043b\u0441\u044f \u043f\u0440\u043e \u0441\u0435\u0431\u044f \u043d\u0430\u0451\u043c\u043d\u0438\u043a - \u043f\u043b\u0451\u0432\u043e\u0435 \u0434\u0435\u043b\u043e.\n\u041a \u0441\u043a\u043b\u0435\u043f\u0443 \u043f\u043e\u0434\u043e\u0448\u0451\u043b \u043a\u043e\u0433\u0434\u0430 \u0443\u0436\u0435 \u0441\u0442\u0435\u043c\u043d\u0435\u043b\u043e.\n\u041c\u0435\u0436 \u0433\u0440\u043e\u0431\u043e\u0432 \u0443\u0431\u0438\u0442\u044b\u043c \u0434\u0440\u0443\u0433 \u0442\u043e\u0440\u0433\u043e\u0432\u0446\u0430 \u043b\u0435\u0436\u0430\u043b,\n\u0410 \u043d\u0430\u0434 \u043d\u0438\u043c \u0441 \u0443\u0445\u043c\u044b\u043b\u043a\u043e\u0439 \u043c\u0440\u0430\u0447\u043d\u044b\u0439 \u043f\u0440\u0438\u0437\u0440\u0430\u043a \u0441\u0442\u043e\u044f\u043b.\n\n[chorus]\n\u0422\u0430\u043c, \u0437\u0430 \u0440\u0435\u043a\u043e\u0439, \u0441\u0442\u0430\u0440\u044b\u0439 \u0441\u043a\u043b\u0435\u043f.\n\u0411\u044b\u043b \u043e\u043d \u0437\u0430\u0431\u0440\u043e\u0448\u0435\u043d \u0441\u043e\u0442\u043d\u044e \u043b\u0435\u0442.\n\u041e\u0442\u044b\u0449\u0438 \u043f\u0440\u0438\u044f\u0442\u0435\u043b\u044f \u043c\u043e\u0435\u0433\u043e,\n\u042f \u043d\u0435 \u043f\u043e\u0441\u043a\u0443\u043f\u043b\u044e\u0441\u044c \u0437\u0430 \u043d\u0435\u0433\u043e!", "style": ["violin rock"], "essentia_features": {"lowlevel.average_loudness": 0.9771178960800171, "lowlevel.barkbands_crest.mean": 11.426911354064941, "lowlevel.barkbands_crest.stdev": 4.324741840362549, "lowlevel.barkbands_flatness_db.mean": 0.11950039118528366, "lowlevel.barkbands_flatness_db.stdev": 0.04262072220444679, "lowlevel.barkbands_kurtosis.mean": 6.045440196990967, "lowlevel.barkbands_kurtosis.stdev": 14.970511436462402, "lowlevel.barkbands_skewness.mean": 1.9366244077682495, "lowlevel.barkbands_skewness.stdev": 1.5014150142669678, "lowlevel.barkbands_spread.mean": 30.31226921081543, "lowlevel.barkbands_spread.stdev": 19.473072052001953, "lowlevel.dissonance.mean": 0.47334614396095276, "lowlevel.dissonance.stdev": 0.026038073003292084, "lowlevel.dynamic_complexity": 2.0209567546844482, "lowlevel.erbbands_crest.mean": 8.53197956085205, "lowlevel.erbbands_crest.stdev": 3.848921060562134, "lowlevel.erbbands_flatness_db.mean": 0.1264151781797409, "lowlevel.erbbands_flatness_db.stdev": 0.03502947837114334, "lowlevel.erbbands_kurtosis.mean": 0.044828061014413834, "lowlevel.erbbands_kurtosis.stdev": 2.2644269466400146, "lowlevel.erbbands_skewness.mean": 0.033955469727516174, "lowlevel.erbbands_skewness.stdev": 0.9484421014785767, "lowlevel.erbbands_spread.mean": 60.78907012939453, "lowlevel.erbbands_spread.stdev": 26.301206588745117, "lowlevel.hfc.mean": 25.926237106323242, "lowlevel.hfc.stdev": 24.557424545288086, "lowlevel.loudness_ebu128.integrated": -13.751923561096191, "lowlevel.loudness_ebu128.loudness_range": 1.5275135040283203, "lowlevel.loudness_ebu128.momentary.mean": -13.938480377197266, "lowlevel.loudness_ebu128.momentary.stdev": 1.3660141229629517, "lowlevel.loudness_ebu128.short_term.mean": -13.787175178527832, "lowlevel.loudness_ebu128.short_term.stdev": 0.523891031742096, "lowlevel.melbands_crest.mean": 17.2568359375, "lowlevel.melbands_crest.stdev": 5.679808139801025, "lowlevel.melbands_flatness_db.mean": 0.1904144585132599, "lowlevel.melbands_flatness_db.stdev": 0.05727115273475647, "lowlevel.melbands_kurtosis.mean": 27.111305236816406, "lowlevel.melbands_kurtosis.stdev": 37.45283126831055, "lowlevel.melbands_skewness.mean": 3.943021297454834, "lowlevel.melbands_skewness.stdev": 2.4257380962371826, "lowlevel.melbands_spread.mean": 27.200275421142578, "lowlevel.melbands_spread.stdev": 29.51761817932129, "lowlevel.pitch_salience.mean": 0.5467117428779602, "lowlevel.pitch_salience.stdev": 0.11656736582517624, "lowlevel.silence_rate_20dB.mean": 1.0, "lowlevel.silence_rate_20dB.stdev": 0.0, "lowlevel.silence_rate_30dB.mean": 0.9991165995597839, "lowlevel.silence_rate_30dB.stdev": 0.029708730056881905, "lowlevel.silence_rate_60dB.mean": 0.01590106077492237, "lowlevel.silence_rate_60dB.stdev": 0.12509272992610931, "lowlevel.spectral_centroid.mean": 1488.5894775390625, "lowlevel.spectral_centroid.stdev": 690.3187866210938, "lowlevel.spectral_complexity.mean": 16.722614288330078, "lowlevel.spectral_complexity.stdev": 8.740243911743164, "lowlevel.spectral_decrease.mean": -6.610988201316559e-09, "lowlevel.spectral_decrease.stdev": 5.915227863084738e-09, "lowlevel.spectral_energy.mean": 0.027302980422973633, "lowlevel.spectral_energy.stdev": 0.022970259189605713, "lowlevel.spectral_energyband_high.mean": 0.0017466475255787373, "lowlevel.spectral_energyband_high.stdev": 0.0029342682100832462, "lowlevel.spectral_energyband_low.mean": 0.00761703634634614, "lowlevel.spectral_energyband_low.stdev": 0.01709914207458496, "lowlevel.spectral_energyband_middle_high.mean": 0.003528903005644679, "lowlevel.spectral_energyband_middle_high.stdev": 0.003667786018922925, "lowlevel.spectral_energyband_middle_low.mean": 0.016424687579274178, "lowlevel.spectral_energyband_middle_low.stdev": 0.015463059768080711, "lowlevel.spectral_entropy.mean": 7.809659004211426, "lowlevel.spectral_entropy.stdev": 0.3468483090400696, "lowlevel.spectral_flux.mean": 0.09942418336868286, "lowlevel.spectral_flux.stdev": 0.062095168977975845, "lowlevel.spectral_kurtosis.mean": 3.240316390991211, "lowlevel.spectral_kurtosis.stdev": 1.8988193273544312, "lowlevel.spectral_rms.mean": 0.004806262440979481, "lowlevel.spectral_rms.stdev": 0.0018806741572916508, "lowlevel.spectral_rolloff.mean": 1975.8995361328125, "lowlevel.spectral_rolloff.stdev": 2321.092041015625, "lowlevel.spectral_skewness.mean": 1.3606865406036377, "lowlevel.spectral_skewness.stdev": 0.38848647475242615, "lowlevel.spectral_spread.mean": 5983690.0, "lowlevel.spectral_spread.stdev": 1579162.5, "lowlevel.spectral_strongpeak.mean": 0.820268988609314, "lowlevel.spectral_strongpeak.stdev": 0.7487549781799316, "lowlevel.zerocrossingrate.mean": 0.0884241983294487, "lowlevel.zerocrossingrate.stdev": 0.054407402873039246, "metadata.audio_properties.analysis.equal_loudness": 0.0, "metadata.audio_properties.analysis.length": 26.23997688293457, "metadata.audio_properties.analysis.sample_rate": 44100.0, "metadata.audio_properties.analysis.start_time": 0.0, "metadata.audio_properties.bit_rate": 119744.0, "metadata.audio_properties.length": 26.239999771118164, "metadata.audio_properties.lossless": 0.0, "metadata.audio_properties.number_channels": 1.0, "metadata.audio_properties.replay_gain": -13.24479866027832, "metadata.audio_properties.sample_rate": 48000.0, "rhythm.beats_count": 47.0, "rhythm.beats_loudness.mean": 0.0385548397898674, "rhythm.beats_loudness.stdev": 0.01349647343158722, "rhythm.bpm": 109.63631439208984, "rhythm.bpm_histogram_first_peak_bpm": 108.0, "rhythm.bpm_histogram_first_peak_weight": 0.5652173757553101, "rhythm.bpm_histogram_second_peak_bpm": 0.0, "rhythm.bpm_histogram_second_peak_spread": 0.0, "rhythm.bpm_histogram_second_peak_weight": 0.0, "rhythm.danceability": 1.5659446716308594, "rhythm.onset_rate": 4.150520324707031, "tonal.chords_changes_rate": 0.07054673880338669, "tonal.chords_number_rate": 0.01587301678955555, "tonal.chords_strength.mean": 0.4780018925666809, "tonal.chords_strength.stdev": 0.08781851083040237, "tonal.hpcp_crest.mean": 13.631593704223633, "tonal.hpcp_crest.stdev": 7.154566287994385, "tonal.hpcp_entropy.mean": 2.163508176803589, "tonal.hpcp_entropy.stdev": 0.8338286280632019, "tonal.key_edma.strength": 0.7432795166969299, "tonal.key_krumhansl.strength": 0.7427375912666321, "tonal.key_temperley.strength": 0.740886926651001, "tonal.tuning_diatonic_strength": 0.44232574105262756, "tonal.tuning_equal_tempered_deviation": 0.058730632066726685, "tonal.tuning_frequency": 440.2542419433594, "tonal.tuning_nontempered_energy_ratio": 0.7312711477279663, "lowlevel.barkbands.mean": [0.00028542819200083613, 0.0028945726808160543, 0.0025039303582161665, 0.0050788563676178455, 0.005775745492428541, 0.001153176068328321, 0.0021957147400826216, 0.0008548517362214625, 0.0012145177461206913, 0.0005760721978731453, 0.000311352196149528, 0.0003133456048090011, 0.0002787557023111731, 0.00018497499695513397, 0.00024899974232539535, 0.000296463374979794, 0.0005442734691314399, 0.00024045922327786684, 0.0004540064255706966, 0.00030181981856003404, 0.00022365916811395437, 0.00022134979371912777, 0.0003724772250279784, 0.00036559783620759845, 0.00025452952831983566, 0.00014900087262503803, 9.08286529011093e-06], "lowlevel.barkbands.stdev": [0.0007005045772530138, 0.008881918154656887, 0.00704147620126605, 0.004872586578130722, 0.012098622508347034, 0.0027780290693044662, 0.005441717337816954, 0.002555401297286153, 0.003185059642419219, 0.0015335490461438894, 0.000868544215336442, 0.0008918599341996014, 0.0007233808864839375, 0.0004936658078804612, 0.0007019265904091299, 0.000595096789766103, 0.0009191950666718185, 0.0003618044138420373, 0.0005148768541403115, 0.00027968426002189517, 0.0003363435680512339, 0.0004257950931787491, 0.0010498290648683906, 0.000981539604254067, 0.0004314641992095858, 0.00018429846386425197, 1.3497405234375037e-05], "lowlevel.erbbands.mean": [0.09286031126976013, 0.6294915676116943, 2.4844095706939697, 10.137825965881348, 22.036237716674805, 18.436840057373047, 7.689470291137695, 11.490694046020508, 27.757448196411133, 29.091758728027344, 16.9046573638916, 29.408689498901367, 18.83247947692871, 17.34587860107422, 14.4898681640625, 11.819220542907715, 12.828354835510254, 10.195589065551758, 12.495989799499512, 11.700553894042969, 22.703617095947266, 29.522640228271484, 13.009937286376953, 23.44637107849121, 18.256549835205078, 14.407200813293457, 10.419451713562012, 8.456048011779785, 7.934009552001953, 8.514059066772461, 10.809523582458496, 8.887147903442383, 5.3812642097473145, 3.0103530883789062, 1.7307698726654053, 0.81510329246521, 0.23902073502540588, 0.0366789847612381, 0.0010473402217030525, 6.52731760055758e-05], "lowlevel.erbbands.stdev": [0.2935979664325714, 2.011906862258911, 6.7860107421875, 12.762937545776367, 29.268688201904297, 45.062129974365234, 12.567265510559082, 29.60272216796875, 73.50296020507812, 64.33209991455078, 38.86323928833008, 81.3560791015625, 42.909271240234375, 55.092750549316406, 38.71973419189453, 27.87712860107422, 31.28550148010254, 24.281503677368164, 33.22245788574219, 30.352943420410156, 42.297752380371094, 46.63716506958008, 16.683120727539062, 32.28824234008789, 18.666675567626953, 13.299796104431152, 12.585978507995605, 14.712709426879883, 14.723142623901367, 21.018877029418945, 31.361148834228516, 25.39484977722168, 13.887764930725098, 5.835003852844238, 2.594045877456665, 1.1503808498382568, 0.2735583186149597, 0.040431588888168335, 0.0012798417592421174, 4.655232623917982e-05], "lowlevel.gfcc.mean": [18.436586380004883, 46.950286865234375, -91.61531066894531, 39.62535095214844, -59.41750717163086, 1.1444567441940308, -47.54677963256836, 13.651702880859375, -43.78111267089844, -5.949976921081543, -31.637908935546875, -1.766640067100525, -20.80535125732422], "lowlevel.melbands.mean": [0.0008132283692248166, 0.0011870436137542129, 0.0021845069713890553, 0.0015348719898611307, 0.00034599515493027866, 0.0002522754657547921, 0.00043658583308570087, 0.00029306919896043837, 0.00013984009274281561, 0.00018368357268627733, 9.058575233211741e-05, 7.176166400313377e-05, 4.6035136620048434e-05, 3.723188638105057e-05, 2.7430916816229e-05, 2.782387127808761e-05, 1.7398502677679062e-05, 1.9452443666523322e-05, 1.7888893125928007e-05, 1.4229000043997075e-05, 3.0564016924472526e-05, 3.516413562465459e-05, 1.4289127648225985e-05, 1.0995936463586986e-05, 2.0248369764885865e-05, 1.586575308465399e-05, 1.0453306458657607e-05, 9.273046998714563e-06, 6.862193004053552e-06, 5.295801202009898e-06, 4.846924639423378e-06, 4.625132532964926e-06, 4.014757905679289e-06, 5.1374313443375286e-06, 6.153160938993096e-06, 6.267327535169898e-06, 5.241996859695064e-06, 4.04989805247169e-06, 2.792485929603572e-06, 2.4447811028949218e-06], "lowlevel.melbands.stdev": [0.0024981307797133923, 0.003207289846614003, 0.0021015936508774757, 0.003133715596050024, 0.0005729141994379461, 0.000625703192781657, 0.001139310421422124, 0.0006811362691223621, 0.0003311153268441558, 0.0005163298919796944, 0.00021682065562345088, 0.00023495787172578275, 0.00012121124746045098, 0.00010422459308756515, 6.463040335802361e-05, 7.824532076483592e-05, 4.642782369046472e-05, 5.3259162086760625e-05, 5.404564581112936e-05, 3.1677580409450457e-05, 6.16178585914895e-05, 5.844981569680385e-05, 2.2946998797124252e-05, 1.6144012988661416e-05, 2.884939567593392e-05, 1.8691776858759113e-05, 9.778133062354755e-06, 9.354202120448463e-06, 8.11148765933467e-06, 8.42130248202011e-06, 9.07389767235145e-06, 8.629498552181758e-06, 8.736300515010953e-06, 1.3779573237115983e-05, 1.8108219592249952e-05, 1.896795401989948e-05, 1.5002947293396574e-05, 1.1072627785324585e-05, 6.502340966108022e-06, 4.537063887255499e-06], "lowlevel.melbands128.mean": [0.00020228959328960627, 0.0007566776475869119, 0.0010335721308365464, 0.0009977801237255335, 0.001083066570572555, 0.0013001573970541358, 0.0018458067206665874, 0.0028418663423508406, 0.002172954613342881, 0.0017299182945862412, 0.0009348930325359106, 0.0004048819246236235, 0.00018833485955838114, 0.00024014421796891838, 0.0002737813629209995, 0.00021523861505556852, 0.00034286914160475135, 0.0005666236975230277, 0.0004413145361468196, 0.0003236235352233052, 0.00023817525652702898, 0.00011990411439910531, 0.0001070854123099707, 0.00017219671281054616, 0.00023060201783664525, 0.0001791218965081498, 0.00010775656119221821, 7.625037687830627e-05, 7.65861477702856e-05, 9.336802031612024e-05, 6.491260137408972e-05, 3.947023651562631e-05, 4.434905349626206e-05, 5.180514563107863e-05, 4.481651558307931e-05, 3.110716352239251e-05, 2.8062144338036887e-05, 2.706607301661279e-05, 2.6462941605132073e-05, 3.0238965337048285e-05, 3.075084896408953e-05, 2.021418185904622e-05, 1.6345562471542507e-05, 1.6552163287997246e-05, 1.639538459130563e-05, 2.065535227302462e-05, 2.2225021893973462e-05, 1.9031342162634246e-05, 1.5334919226006605e-05, 1.4815578651905525e-05, 1.1574619747989345e-05, 1.561922545079142e-05, 2.727422361203935e-05, 3.501740866340697e-05, 4.3165178794879466e-05, 3.894570909324102e-05, 2.6982181225321256e-05, 1.5112770597625058e-05, 1.1072927009081468e-05, 8.590200195612852e-06, 9.117485205933917e-06, 1.2616369531315286e-05, 2.1563833797699772e-05, 2.212845538451802e-05, 1.9640123355202377e-05, 1.7204592950292863e-05, 1.2930958291690331e-05, 9.352467714052182e-06, 1.0093307537317742e-05, 1.1800430911534932e-05, 8.556291504646651e-06, 8.869224075169768e-06, 8.037772204261273e-06, 6.335724719974678e-06, 5.653992957377341e-06, 5.7417137213633396e-06, 4.926177098241169e-06, 4.42049758930807e-06, 4.902579348708969e-06, 5.120261448610108e-06, 5.120066816743929e-06, 4.229401383781806e-06, 3.948252924601547e-06, 4.134943083045073e-06, 3.7481631807168014e-06, 4.505408924160292e-06, 5.694932497135596e-06, 6.379562819347484e-06, 5.81611311645247e-06, 6.4194578044407535e-06, 6.608125659113284e-06, 6.5501753852004185e-06, 4.987718057236634e-06, 5.497341135196621e-06, 5.181511369301006e-06, 4.538790108199464e-06, 3.700101842696313e-06, 3.506873326841742e-06, 2.664571411514771e-06, 2.516818312869873e-06, 2.6498851184442174e-06, 2.2850101686344715e-06, 2.462440306771896e-06, 2.228635821666103e-06, 1.9696542494784808e-06, 1.663847115196404e-06, 1.6904447193155647e-06, 1.579152467456879e-06, 1.4120756759439246e-06, 1.2905258017781307e-06, 1.1461578424132313e-06, 8.122623285089503e-07, 7.126919285838085e-07, 5.940419782746176e-07, 4.730646026018803e-07, 3.347525989738642e-07, 2.607334863569122e-07, 1.2503097934768448e-07, 1.2332017185201494e-08, 6.7539134007699175e-12, 5.048069167540303e-12, 4.927957781425407e-12, 4.81867800869451e-12, 4.554310054083466e-12, 4.0404164389218344e-12, 3.5256478726070073e-12, 3.31923616196661e-12, 3.276004250860054e-12], "lowlevel.melbands128.stdev": [0.0006084763444960117, 0.0024714479222893715, 0.0035463219974189997, 0.003292692359536886, 0.00327327405102551, 0.003633705200627446, 0.0029664335306733847, 0.0025117886252701283, 0.0031361719593405724, 0.005187007132917643, 0.0024976301938295364, 0.0007751614321023226, 0.00043133783037774265, 0.000674273120239377, 0.0009063182515092194, 0.0007315389229916036, 0.0010625042486935854, 0.0018490871880203485, 0.001351199927739799, 0.0008492912165820599, 0.0009357801754958928, 0.00040468157385475934, 0.0003619002818595618, 0.000587688700761646, 0.0007797706057317555, 0.0007469640113413334, 0.0003828757908195257, 0.0002334552991669625, 0.00025435053976252675, 0.0003776666708290577, 0.0003090225800406188, 0.0001310256775468588, 0.0001490988943260163, 0.0001935742620844394, 0.00019547711417544633, 9.364350989926606e-05, 8.055045327637345e-05, 8.495993097312748e-05, 8.43878515297547e-05, 9.423383744433522e-05, 0.00011826081026811153, 5.807535126223229e-05, 5.534044248634018e-05, 6.548619421664625e-05, 5.796369805466384e-05, 6.561177724506706e-05, 9.753515769261867e-05, 7.324027683353052e-05, 6.600148481084034e-05, 5.8135348808718845e-05, 3.071372339036316e-05, 3.5476979974191636e-05, 6.98526346241124e-05, 8.334125595865771e-05, 0.00010820745228556916, 7.608021405758336e-05, 6.111561378929764e-05, 3.2284169719787315e-05, 1.803766645025462e-05, 1.3205759387346916e-05, 1.3939098607806955e-05, 2.1007215764257126e-05, 4.579382948577404e-05, 3.078978988924064e-05, 3.050264058401808e-05, 2.402687277935911e-05, 1.8758692021947354e-05, 1.0255703273287509e-05, 1.1888011613336857e-05, 1.3445000149658881e-05, 9.992721970775165e-06, 1.184658867714461e-05, 1.033796161209466e-05, 8.246393917943351e-06, 7.978534995345399e-06, 9.389650585944764e-06, 9.638924893806688e-06, 8.693239578860812e-06, 9.974206477636471e-06, 1.0855453183467034e-05, 1.066243294189917e-05, 8.06128628028091e-06, 8.714833711565007e-06, 9.50901085161604e-06, 9.23096013139002e-06, 1.1456642823759466e-05, 1.7015081539284438e-05, 2.1105468476889655e-05, 1.7040354578057304e-05, 2.0985884475521743e-05, 2.0393708837218583e-05, 2.1309648218448274e-05, 1.538123433419969e-05, 1.7344993466394953e-05, 1.4715658835484646e-05, 1.274563510378357e-05, 1.1050962712033652e-05, 9.140169822785538e-06, 6.7034748099104036e-06, 5.933164629823295e-06, 5.31869181941147e-06, 4.518449259194313e-06, 4.549910499918042e-06, 4.07915922551183e-06, 2.9344819267862476e-06, 2.5021065539476695e-06, 2.853372279787436e-06, 2.7096973553852877e-06, 2.1920091057836544e-06, 1.811720039768261e-06, 1.6698918443580624e-06, 1.1227350569242844e-06, 8.837137670525408e-07, 7.951896350277821e-07, 6.333208943942736e-07, 4.649840548154316e-07, 3.589137236303941e-07, 2.90125171886757e-07, 5.270664971135375e-08, 2.308490551494735e-11, 1.9852975166601006e-11, 2.0557703109269632e-11, 2.1496105243046237e-11, 1.8577701876854036e-11, 1.1349918400960224e-11, 6.375327783053608e-12, 5.648077058134637e-12, 5.594389101276631e-12], "lowlevel.mfcc.mean": [-633.5455322265625, 86.06676483154297, 16.478055953979492, 36.4389762878418, 7.151317119598389, -8.000884056091309, 3.448692798614502, 3.700187921524048, -2.5032968521118164, -6.859896183013916, -10.154215812683105, -6.424768924713135, -5.712366580963135], "lowlevel.spectral_contrast_coeffs.mean": [-0.6162378787994385, -0.7554253935813904, -0.7958853244781494, -0.8080768585205078, -0.7993573546409607, -0.77679044008255], "lowlevel.spectral_contrast_coeffs.stdev": [0.07311839610338211, 0.08807951956987381, 0.062033217400312424, 0.046310681849718094, 0.0336628258228302, 0.03124898485839367], "lowlevel.spectral_contrast_valleys.mean": [-6.97721004486084, -6.993602275848389, -7.541220188140869, -7.803219318389893, -7.043163776397705, -9.582472801208496], "lowlevel.spectral_contrast_valleys.stdev": [0.771466076374054, 0.7908973097801208, 0.7164761424064636, 0.694532036781311, 0.5818275809288025, 0.8605508804321289], "rhythm.beats_loudness_band_ratio.mean": [0.4643949568271637, 0.2889745533466339, 0.13588042557239532, 0.046817876398563385, 0.058937326073646545, 0.09592777490615845], "rhythm.beats_loudness_band_ratio.stdev": [0.2751392126083374, 0.26195228099823, 0.14559271931648254, 0.06684549897909164, 0.07794371247291565, 0.07903672754764557], "tonal.hpcp.mean": [0.1692584753036499, 0.10327297449111938, 0.04882021248340607, 0.04124664142727852, 0.05392121523618698, 0.09862527251243591, 0.15596440434455872, 0.1298975944519043, 0.09457333385944366, 0.10097239166498184, 0.07658008486032486, 0.05033222958445549, 0.0466354601085186, 0.04636698588728905, 0.05251851677894592, 0.06117047369480133, 0.05428764969110489, 0.05661645904183388, 0.061581775546073914, 0.062058523297309875, 0.21012118458747864, 0.35625335574150085, 0.22576287388801575, 0.18348528444766998, 0.24746860563755035, 0.13799776136875153, 0.05818527564406395, 0.056457363069057465, 0.05097290500998497, 0.11294574290513992, 0.17340464890003204, 0.11822913587093353, 0.07149457931518555, 0.07961117476224899, 0.10410122573375702, 0.16011297702789307], "tonal.hpcp.stdev": [0.2969193160533905, 0.2197417914867401, 0.15406706929206848, 0.13303188979625702, 0.16332143545150757, 0.18156136572360992, 0.25929099321365356, 0.22869658470153809, 0.19079874455928802, 0.19589875638484955, 0.1705324649810791, 0.1357591301202774, 0.1344556212425232, 0.11940082162618637, 0.12192928045988083, 0.1333809196949005, 0.1089961901307106, 0.14284534752368927, 0.1482497900724411, 0.1474054604768753, 0.2767435610294342, 0.40983840823173523, 0.2884027063846588, 0.26553621888160706, 0.38798627257347107, 0.23350025713443756, 0.15455354750156403, 0.14026513695716858, 0.13028351962566376, 0.21953660249710083, 0.31994202733039856, 0.2128816395998001, 0.16459806263446808, 0.18003115057945251, 0.22158198058605194, 0.27508866786956787], "rhythm.beats_position": [0.5224489569664001, 1.05650794506073, 1.6021767854690552, 2.1594557762145996, 2.7167346477508545, 3.2624034881591797, 3.8196823596954346, 4.3769612312316895, 4.922630310058594, 5.479909420013428, 6.013967990875244, 6.548027038574219, 7.105306148529053, 7.6625847816467285, 8.196643829345703, 8.753922462463379, 9.311202049255371, 9.845260620117188, 10.379319190979004, 10.924988746643066, 11.470657348632812, 12.016325950622559, 12.561995506286621, 13.107664108276367, 13.664942741394043, 14.210612297058105, 14.744670867919922, 15.301949501037598, 15.85922908782959, 16.393287658691406, 16.9505672454834, 17.507844924926758, 18.04190444946289, 18.599184036254883, 19.156461715698242, 19.690521240234375, 20.247800827026367, 20.805078506469727, 21.35074806213379, 21.89641761779785, 22.43047523498535, 22.964534759521484, 23.521814346313477, 24.079092025756836, 24.6247615814209, 25.17043113708496, 25.70448875427246], "rhythm.bpm_histogram": [0.0, 0.0, 0.0, 0.0, 0.0, 0.0, 0.0, 0.0, 0.0, 0.0, 0.0, 0.0, 0.0, 0.0, 0.0, 0.0, 0.0, 0.0, 0.0, 0.0, 0.0, 0.0, 0.0, 0.0, 0.0, 0.0, 0.0, 0.0, 0.0, 0.0, 0.0, 0.0, 0.0, 0.0, 0.0, 0.0, 0.0, 0.0, 0.0, 0.0, 0.0, 0.0, 0.0, 0.0, 0.0, 0.0, 0.0, 0.0, 0.0, 0.0, 0.0, 0.0, 0.0, 0.0, 0.0, 0.0, 0.0, 0.0, 0.0, 0.0, 0.0, 0.0, 0.0, 0.0, 0.0, 0.0, 0.0, 0.0, 0.0, 0.0, 0.0, 0.0, 0.0, 0.0, 0.0, 0.0, 0.0, 0.0, 0.0, 0.0, 0.0, 0.0, 0.0, 0.0, 0.0, 0.0, 0.0, 0.0, 0.0, 0.0, 0.0, 0.0, 0.0, 0.0, 0.0, 0.0, 0.0, 0.0, 0.0, 0.0, 0.0, 0.0, 0.0, 0.0, 0.0, 0.0, 0.0, 0.0, 0.43478259444236755, 0.0, 0.28260868787765503, 0.0, 0.28260868787765503, 0.0, 0.0, 0.0, 0.0, 0.0, 0.0, 0.0, 0.0, 0.0, 0.0, 0.0, 0.0, 0.0, 0.0, 0.0, 0.0, 0.0, 0.0, 0.0, 0.0, 0.0, 0.0, 0.0, 0.0, 0.0, 0.0, 0.0, 0.0, 0.0, 0.0, 0.0, 0.0, 0.0, 0.0, 0.0, 0.0, 0.0, 0.0, 0.0, 0.0, 0.0, 0.0, 0.0, 0.0, 0.0, 0.0, 0.0, 0.0, 0.0, 0.0, 0.0, 0.0, 0.0, 0.0, 0.0, 0.0, 0.0, 0.0, 0.0, 0.0, 0.0, 0.0, 0.0, 0.0, 0.0, 0.0, 0.0, 0.0, 0.0, 0.0, 0.0, 0.0, 0.0, 0.0, 0.0, 0.0, 0.0, 0.0, 0.0, 0.0, 0.0, 0.0, 0.0, 0.0, 0.0, 0.0, 0.0, 0.0, 0.0, 0.0, 0.0, 0.0, 0.0, 0.0, 0.0, 0.0, 0.0, 0.0, 0.0, 0.0, 0.0, 0.0, 0.0, 0.0, 0.0, 0.0, 0.0, 0.0, 0.0, 0.0, 0.0, 0.0, 0.0, 0.0, 0.0, 0.0, 0.0, 0.0, 0.0, 0.0, 0.0, 0.0, 0.0, 0.0, 0.0, 0.0, 0.0, 0.0, 0.0, 0.0, 0.0, 0.0, 0.0, 0.0, 0.0, 0.0, 0.0], "tonal.chords_histogram": [4.232804298400879, 11.287477493286133, 14.462080955505371, 12.169312477111816, 0.0, 0.0, 0.0, 16.04938316345215, 0.0, 17.989418029785156, 0.0, 2.292768955230713, 0.0, 0.0, 0.0, 0.0, 14.991181373596191, 0.0, 0.0, 0.0, 0.0, 0.0, 0.0, 6.525573253631592], "tonal.thpcp": [1.0, 0.6337143778800964, 0.5150415897369385, 0.694642186164856, 0.38735848665237427, 0.16332554817199707, 0.15847530961036682, 0.14308048784732819, 0.3170377016067505, 0.48674529790878296, 0.33186814188957214, 0.20068465173244476, 0.2234678566455841, 0.2922112047672272, 0.4494357109069824, 0.4751070439815521, 0.28988632559776306, 0.13703790307044983, 0.11577895283699036, 0.15135636925697327, 0.2768402695655823, 0.4377906918525696, 0.3646214008331299, 0.26546651124954224, 0.2834286093711853, 0.21495962142944336, 0.1412821263074875, 0.13090531527996063, 0.13015171885490417, 0.1474190056324005, 0.1717049777507782, 0.152384951710701, 0.15892189741134644, 0.17285948991775513, 0.174197718501091, 0.5898082852363586], "lowlevel.gfcc.cov": [[3793.18212890625, -191.34413146972656, -175.49403381347656, -154.0513916015625, -299.797119140625, 78.25155639648438, -220.24588012695312, 109.96853637695312, 104.41861724853516, 143.28558349609375, 31.473852157592773, 52.75836181640625, -125.73209381103516], [-191.34413146972656, 1019.1585083007812, -209.41270446777344, -144.09503173828125, 89.02526092529297, -132.46136474609375, 183.84127807617188, 55.39441680908203, 151.35162353515625, 48.07158279418945, 84.42436981201172, -35.41094207763672, 21.80234146118164], [-175.49403381347656, -209.41270446777344, 532.1650390625, 275.3688659667969, 80.13555908203125, 127.10382080078125, 73.26567077636719, 12.915136337280273, -38.45964431762695, -32.948177337646484, -2.3223843574523926, 49.104705810546875, 28.455110549926758], [-154.0513916015625, -144.09503173828125, 275.3688659667969, 511.5731506347656, 82.14974212646484, 120.77130126953125, 1.9467136859893799, -65.26217651367188, 15.104537963867188, -50.206092834472656, 8.670093536376953, 3.6427550315856934, 63.645530700683594], [-299.797119140625, 89.02526092529297, 80.13555908203125, 82.14974212646484, 348.42919921875, 20.668733596801758, 32.64940643310547, 23.851280212402344, 21.152982711791992, 69.89726257324219, 0.9900586605072021, 2.7136545181274414, 4.356112003326416], [78.25155639648438, -132.46136474609375, 127.10382080078125, 120.77130126953125, 20.668733596801758, 259.3450622558594, 123.2944564819336, 29.230642318725586, -4.1342387199401855, -29.77272605895996, 6.794729709625244, 5.333255290985107, -3.1831343173980713], [-220.24588012695312, 183.84127807617188, 73.26567077636719, 1.9467136859893799, 32.64940643310547, 123.2944564819336, 312.52081298828125, 108.10660552978516, -20.48570442199707, -69.3130111694336, -4.731670379638672, 25.583900451660156, 17.244789123535156], [109.96853637695312, 55.39441680908203, 12.915136337280273, -65.26217651367188, 23.851280212402344, 29.230642318725586, 108.10660552978516, 156.33944702148438, 42.60923767089844, 3.2490108013153076, -3.81205153465271, 20.06513214111328, -3.0321381092071533], [104.41861724853516, 151.35162353515625, -38.45964431762695, 15.104537963867188, 21.152982711791992, -4.1342387199401855, -20.48570442199707, 42.60923767089844, 170.1306610107422, 82.67002868652344, 41.61912155151367, -18.68707847595215, -2.387495279312134], [143.28558349609375, 48.07158279418945, -32.948177337646484, -50.206092834472656, 69.89726257324219, -29.77272605895996, -69.3130111694336, 3.2490108013153076, 82.67002868652344, 149.4205322265625, 47.40106964111328, -3.2581827640533447, -23.758628845214844], [31.473852157592773, 84.42436981201172, -2.3223843574523926, 8.670093536376953, 0.9900586605072021, 6.794729709625244, -4.731670379638672, -3.81205153465271, 41.61912155151367, 47.40106964111328, 84.25506591796875, 23.362579345703125, 2.85664963722229], [52.75836181640625, -35.41094207763672, 49.104705810546875, 3.6427550315856934, 2.7136545181274414, 5.333255290985107, 25.583900451660156, 20.06513214111328, -18.68707847595215, -3.2581827640533447, 23.362579345703125, 77.0969009399414, 29.363000869750977], [-125.73209381103516, 21.80234146118164, 28.455110549926758, 63.645530700683594, 4.356112003326416, -3.1831343173980713, 17.244789123535156, -3.0321381092071533, -2.387495279312134, -23.758628845214844, 2.85664963722229, 29.363000869750977, 67.67618560791016]], "lowlevel.gfcc.icov": [[0.00043812234071083367, -0.0003059122827835381, 0.000190179402125068, -0.0003139484906569123, 0.0006049401708878577, -0.0006411602953448892, 0.0008227832149714231, -0.0007590183522552252, 0.0002866623690351844, -0.0006501013413071632, 0.0007569085573777556, -0.001199851045385003, 0.001085568335838616], [-0.0003059122827835381, 0.002932871924713254, 0.0002679344906937331, 0.0009374485816806555, -0.0013889422407373786, 0.0028006536886096, -0.0036705774255096912, 0.001930098980665207, -0.002679061610251665, 0.0015602139756083488, -0.003615533234551549, 0.003205015091225505, -0.002049278235062957], [0.000190179402125068, 0.0002679344906937331, 0.0033807784784585238, -0.001987149938941002, 3.993165955762379e-05, -0.0004256039683241397, -0.00037077924935147166, -0.0008783359080553055, 0.0008124560117721558, -0.0009210692369379103, 0.0006253761821426451, -0.0022527265828102827, 0.0014031766913831234], [-0.0003139484906569123, 0.0009374485816806555, -0.001987149938941002, 0.00498976418748498, -0.0018450270872563124, -0.00044559704838320613, -0.0004786339995916933, 0.0030426764860749245, -0.0029783169738948345, 0.0034848793875426054, -0.0023881541565060616, 0.0029868637211620808, -0.004463032353669405], [0.0006049401708878577, -0.0013889422407373786, 3.993165955762379e-05, -0.0018450270872563124, 0.005159704480320215, -0.0013526484835892916, 0.001176689751446247, -0.002211654558777809, 0.0024459476117044687, -0.0051268027164042, 0.0036077797412872314, -0.0022159635554999113, 0.001590654137544334], [-0.0006411602953448892, 0.0028006536886096, -0.0004256039683241397, -0.00044559704838320613, -0.0013526484835892916, 0.008931164629757404, -0.006308566778898239, 0.0022297780960798264, -0.0024222698993980885, 0.0016438985476270318, -0.004275005776435137, 0.0038431433495134115, -0.0002762048679869622], [0.0008227832149714231, -0.0036705774255096912, -0.00037077924935147166, -0.0004786339995916933, 0.001176689751446247, -0.006308566778898239, 0.01152031309902668, -0.006846340373158455, 0.0039060909766703844, 0.0009699458023533225, 0.0028792342636734247, -0.004245019517838955, 0.0019009876996278763], [-0.0007590183522552252, 0.001930098980665207, -0.0008783359080553055, 0.0030426764860749245, -0.002211654558777809, 0.0022297780960798264, -0.006846340373158455, 0.014411854557693005, -0.0074777728877961636, 0.002708996180444956, 0.0007079459028318524, -0.0014113107463344932, -0.0006169390981085598], [0.0002866623690351844, -0.002679061610251665, 0.0008124560117721558, -0.0029783169738948345, 0.0024459476117044687, -0.0024222698993980885, 0.0039060909766703844, -0.0074777728877961636, 0.014877398498356342, -0.00806442927569151, -0.0006083064363338053, 0.0028607086278498173, -0.0012685321271419525], [-0.0006501013413071632, 0.0015602139756083488, -0.0009210692369379103, 0.0034848793875426054, -0.0051268027164042, 0.0016438985476270318, 0.0009699458023533225, 0.002708996180444956, -0.00806442927569151, 0.018285000696778297, -0.008335839956998825, 0.0013678262475878, 0.0015741470269858837], [0.0007569085573777556, -0.003615533234551549, 0.0006253761821426451, -0.0023881541565060616, 0.0036077797412872314, -0.004275005776435137, 0.0028792342636734247, 0.0007079459028318524, -0.0006083064363338053, -0.008335839956998825, 0.024480825290083885, -0.013343928381800652, 0.005227099172770977], [-0.001199851045385003, 0.003205015091225505, -0.0022527265828102827, 0.0029868637211620808, -0.0022159635554999113, 0.0038431433495134115, -0.004245019517838955, -0.0014113107463344932, 0.0028607086278498173, 0.0013678262475878, -0.013343928381800652, 0.02868487685918808, -0.01508287899196148], [0.001085568335838616, -0.002049278235062957, 0.0014031766913831234, -0.004463032353669405, 0.001590654137544334, -0.0002762048679869622, 0.0019009876996278763, -0.0006169390981085598, -0.0012685321271419525, 0.0015741470269858837, 0.005227099172770977, -0.01508287899196148, 0.02726440504193306]], "lowlevel.mfcc.cov": [[2840.614990234375, -172.85049438476562, -3.143108367919922, -291.17510986328125, -71.62104797363281, -93.6932601928711, -252.251708984375, -50.56462860107422, -75.8455581665039, 76.81961059570312, 134.44970703125, 89.917724609375, 40.06280517578125], [-172.85049438476562, 1032.6654052734375, -349.1993103027344, -37.57233810424805, -121.35254669189453, -133.95294189453125, 8.794029235839844, -19.28766632080078, 77.11997985839844, 23.402143478393555, 132.8503875732422, 76.9864730834961, 77.0176010131836], [-3.143108367919922, -349.1993103027344, 532.5672607421875, 115.5091781616211, 13.615065574645996, 114.404541015625, 68.40617370605469, 113.73928833007812, -2.072397470474243, -7.45829439163208, -61.45069885253906, -14.625274658203125, -7.307214736938477], [-291.17510986328125, -37.57233810424805, 115.5091781616211, 329.8144226074219, 139.2354278564453, 74.91387939453125, 18.812213897705078, 6.729290962219238, 21.197731018066406, -0.6038236618041992, -40.9725227355957, -44.43976974487305, 11.513788223266602], [-71.62104797363281, -121.35254669189453, 13.615065574645996, 139.2354278564453, 294.498779296875, 92.81147766113281, -38.71940612792969, -73.76514434814453, -13.044940948486328, 43.290653228759766, 12.387493133544922, -8.82418155670166, 13.939903259277344], [-93.6932601928711, -133.95294189453125, 114.404541015625, 74.91387939453125, 92.81147766113281, 213.11154174804688, 81.38982391357422, 28.663196563720703, 3.55281662940979, 16.960615158081055, 3.295442581176758, 2.0374279022216797, -9.263952255249023], [-252.251708984375, 8.794029235839844, 68.40617370605469, 18.812213897705078, -38.71940612792969, 81.38982391357422, 238.69224548339844, 149.08811950683594, 52.59911346435547, -26.790311813354492, -9.846000671386719, 10.088296890258789, -9.35765552520752], [-50.56462860107422, -19.28766632080078, 113.73928833007812, 6.729290962219238, -73.76514434814453, 28.663196563720703, 149.08811950683594, 220.13665771484375, 83.1926498413086, -6.531050682067871, -8.176541328430176, 5.492938995361328, -11.489118576049805], [-75.8455581665039, 77.11997985839844, -2.072397470474243, 21.197731018066406, -13.044940948486328, 3.55281662940979, 52.59911346435547, 83.1926498413086, 114.01325988769531, 35.78068161010742, 25.125938415527344, 7.147719383239746, 0.5645084381103516], [76.81961059570312, 23.402143478393555, -7.45829439163208, -0.6038236618041992, 43.290653228759766, 16.960615158081055, -26.790311813354492, -6.531050682067871, 35.78068161010742, 99.61670684814453, 56.465370178222656, 21.04007911682129, 7.1039204597473145], [134.44970703125, 132.8503875732422, -61.45069885253906, -40.9725227355957, 12.387493133544922, 3.295442581176758, -9.846000671386719, -8.176541328430176, 25.125938415527344, 56.465370178222656, 113.36527252197266, 53.83366012573242, 21.74539566040039], [89.917724609375, 76.9864730834961, -14.625274658203125, -44.43976974487305, -8.82418155670166, 2.0374279022216797, 10.088296890258789, 5.492938995361328, 7.147719383239746, 21.04007911682129, 53.83366012573242, 76.73065185546875, 32.89732360839844], [40.06280517578125, 77.0176010131836, -7.307214736938477, 11.513788223266602, 13.939903259277344, -9.263952255249023, -9.35765552520752, -11.489118576049805, 0.5645084381103516, 7.1039204597473145, 21.74539566040039, 32.89732360839844, 76.24305725097656]], "lowlevel.mfcc.icov": [[0.000495063082780689, 0.00015905349573586136, -1.717329905659426e-05, 0.00029651084332726896, 7.684362208237872e-05, -2.200401468144264e-05, 0.0007184339337982237, -0.0005034341593272984, 0.00036550694494508207, -2.198953734477982e-05, -0.0006335774669423699, -9.663543460192159e-05, -0.00024989634403027594], [0.00015905349573586136, 0.001922893337905407, 0.0009915078990161419, -0.0007540991064161062, 0.0010413542622700334, 0.0005714268190786242, -0.000260417175013572, 0.0003333425265736878, -0.0007367100915871561, 0.00042636183206923306, -0.0019178861984983087, -0.00042692036367952824, -0.0012228534324094653], [-1.717329905659426e-05, 0.0009915078990161419, 0.003433024976402521, -0.0013130080187693238, 0.0009149880497716367, -0.0011036627693101764, 0.0005625635385513306, -0.0019874381832778454, 0.0010715798707678914, -0.000759888906031847, 0.000870196963660419, -0.001071128761395812, -0.0007202359847724438], [0.00029651084332726896, -0.0007540991064161062, -0.0013130080187693238, 0.005581330973654985, -0.002588355913758278, -0.0007527984562329948, 0.00041883112862706184, -0.00014652297249995172, -0.0013120181392878294, 0.0005995001411065459, 0.0010561203816905618, 0.0029621790163218975, -0.001577128772623837], [7.684362208237872e-05, 0.0010413542622700334, 0.0009149880497716367, -0.002588355913758278, 0.006506988778710365, -0.001965781208127737, 0.00028745640884153545, 0.001777437049895525, 5.137059633852914e-05, -0.0018585968064144254, -0.0010880809277296066, -2.1256060790619813e-05, -0.001246875966899097], [-2.200401468144264e-05, 0.0005714268190786242, -0.0011036627693101764, -0.0007527984562329948, -0.001965781208127737, 0.008225004188716412, -0.0038357069715857506, 0.0011734814615920186, 0.0008594811661168933, -0.0012245570542290807, -0.0013431969564408064, -0.0005494721117429435, 0.0012350089382380247], [0.0007184339337982237, -0.000260417175013572, 0.0005625635385513306, 0.00041883112862706184, 0.00028745640884153545, -0.0038357069715857506, 0.010709326714277267, -0.0066102659329771996, -0.00018349268066231161, 0.0030987674836069345, -0.0002584276080597192, -0.0017809272976592183, 0.0002306747337570414], [-0.0005034341593272984, 0.0003333425265736878, -0.0019874381832778454, -0.00014652297249995172, 0.001777437049895525, 0.0011734814615920186, -0.0066102659329771996, 0.013260436244308949, -0.0073264529928565025, 0.0006090319948270917, 0.0005535375094041228, -0.00030278332997113466, 0.0007342472090385854], [0.00036550694494508207, -0.0007367100915871561, 0.0010715798707678914, -0.0013120181392878294, 5.137059633852914e-05, 0.0008594811661168933, -0.00018349268066231161, -0.0073264529928565025, 0.017443325370550156, -0.006558582186698914, -0.0012825537705793977, 0.0013169558951631188, 0.00010096096229972318], [-2.198953734477982e-05, 0.00042636183206923306, -0.000759888906031847, 0.0005995001411065459, -0.0018585968064144254, -0.0012245570542290807, 0.0030987674836069345, 0.0006090319948270917, -0.006558582186698914, 0.01869824156165123, -0.00814155675470829, 7.354582339758053e-05, 0.0006773172644898295], [-0.0006335774669423699, -0.0019178861984983087, 0.000870196963660419, 0.0010561203816905618, -0.0010880809277296066, -0.0013431969564408064, -0.0002584276080597192, 0.0005535375094041228, -0.0012825537705793977, -0.00814155675470829, 0.021736983209848404, -0.010059904307126999, 0.001190718961879611], [-9.663543460192159e-05, -0.00042692036367952824, -0.001071128761395812, 0.0029621790163218975, -2.1256060790619813e-05, -0.0005494721117429435, -0.0017809272976592183, -0.00030278332997113466, 0.0013169558951631188, 7.354582339758053e-05, -0.010059904307126999, 0.026030467823147774, -0.008774058893322945], [-0.00024989634403027594, -0.0012228534324094653, -0.0007202359847724438, -0.001577128772623837, -0.001246875966899097, 0.0012350089382380247, 0.0002306747337570414, 0.0007342472090385854, 0.00010096096229972318, 0.0006773172644898295, 0.001190718961879611, -0.008774058893322945, 0.01855102926492691]], "metada