{"song_id": "1182280967742832650", "download": "https://cdn.discordapp.com/attachments/1135911532732108921/1182280967742832650/chirp.mp4?ex=65841ff4&amp", "lyrics": "\u5728\u7530\u91ce\u95f4\uff0c\u6f2b\u6b65\u7740\u5c0f\u8def\uff0c\n\u4e61\u8ff9\u5370\u8c61\uff0c\u5524\u9192\u5fc3\u4e2d\u7684\u601d\u6545\u4e61\u3002\n\u7eff\u6811\u6210\u836b\uff0c\u9e1f\u8bed\u82b1\u9999\uff0c\n\u513f\u65f6\u7684\u8bb0\u5fc6\uff0c\u5982\u4eca\u4ecd\u5728\u68a6\u4e2d\u8361\u6f3e\u3002\n\n\u4e61\u8ff9\u5370\u8c61\uff0c\u6211\u7684\u5fc3\u7075\u4e4b\u6240\uff0c\n\u5b88\u62a4\u7740\u8fd9\u7247\u571f\u5730\u7684\u7075\u9b42\u3002\n\u6e29\u6696\u7684\u6000\u62b1\uff0c\u629a\u6170\u6e38\u5b50\u7684\u601d\u5ff5\uff0c\n\u5728\u8fd9\u7247\u571f\u5730\u4e0a\uff0c\u71c3\u70e7\u7740\u4e61\u6101\u7684\u706b\u82d7\u3002\n\n\u65f6\u5149\u834f\u82d2\uff0c\u5c81\u6708\u5982\u68ad\u98de\u901d\uff0c\n\u4e61\u8ff9\u5370\u8c61\uff0c\u6c38\u8fdc\u4e0d\u4f1a\u6d88\u5931\u3002\n\u90a3\u719f\u6089\u7684\u4e61\u97f3\uff0c\u9b42\u7275\u68a6\u7ed5\uff0c\n\u5728\u8fd9\u7247\u571f\u5730\u4e0a\uff0c\u4f20\u5531\u7740\u5c81\u6708\u7684\u6b4c\u8c23\u3002\n\n\u4e61\u8ff9\u5370\u8c61\uff0c\u6211\u7684\u5fc3\u7075\u4e4b\u6240\uff0c\n\u5b88\u62a4\u7740\u8fd9\u7247\u571f\u5730\u7684\u7075\u9b42\u3002\n\u6e29\u6696\u7684\u6000\u62b1\uff0c\u629a\u6170\u6e38\u5b50\u7684\u601d\u5ff5\uff0c\n\u5728\u8fd9\u7247\u571f\u5730\u4e0a\uff0c\u71c3\u70e7\u7740\u4e61\u6101\u7684\u706b\u82d7\u3002\n\n\u4e00\u7816\u4e00\u74e6\uff0c\u7686\u662f\u5386\u53f2\u7684\u75d5\u8ff9\uff0c\n\u4e61\u8ff9\u5370\u8c61\uff0c\u627f\u8f7d\u7740\u6211\u4eec\u7684\u6839\u57fa\u3002\n\u65e0\u8bba\u8eab\u5728\u4f55\u65b9\uff0c\u5fc3\u4e2d\u6c38\u5b58\u8fd9\u4efd\u601d\u5ff5\uff0c\n\u613f\u8fd9\u4efd\u4e61\u6101\uff0c\u6c38\u8fdc\u5728\u6211\u4eec\u5fc3\u4e2d\u71c3\u8d77\u3002\n\n\u4e61\u8ff9\u5370\u8c61\uff0c\u6211\u7684\u5fc3\u7075\u4e4b\u6240\uff0c\n\u5b88\u62a4\u7740\u8fd9\u7247\u571f\u5730\u7684\u7075\u9b42\u3002\n\u6e29\u6696\u7684\u6000\u62b1\uff0c\u629a\u6170\u6e38\u5b50\u7684\u601d\u5ff5\uff0c\n\u5728\u8fd9\u7247\u571f\u5730\u4e0a\uff0c\u71c3\u70e7\u7740\u4e61\u6101\u7684\u706b\u82d7\u3002", "style": ["random"], "essentia_features": {"lowlevel.average_loudness": 0.9793995022773743, "lowlevel.barkbands_crest.mean": 11.529425621032715, "lowlevel.barkbands_crest.stdev": 5.005425930023193, "lowlevel.barkbands_flatness_db.mean": 0.11240693181753159, "lowlevel.barkbands_flatness_db.stdev": 0.04992838203907013, "lowlevel.barkbands_kurtosis.mean": 6.266781806945801, "lowlevel.barkbands_kurtosis.stdev": 11.266337394714355, "lowlevel.barkbands_skewness.mean": 1.8976846933364868, "lowlevel.barkbands_skewness.stdev": 1.5885679721832275, "lowlevel.barkbands_spread.mean": 32.493614196777344, "lowlevel.barkbands_spread.stdev": 19.13511085510254, "lowlevel.dissonance.mean": 0.4664587080478668, "lowlevel.dissonance.stdev": 0.024990694597363472, "lowlevel.dynamic_complexity": 1.867017388343811, "lowlevel.erbbands_crest.mean": 8.254280090332031, "lowlevel.erbbands_crest.stdev": 4.3604207038879395, "lowlevel.erbbands_flatness_db.mean": 0.10934590548276901, "lowlevel.erbbands_flatness_db.stdev": 0.031621478497982025, "lowlevel.erbbands_kurtosis.mean": 0.1445723921060562, "lowlevel.erbbands_kurtosis.stdev": 1.6206449270248413, "lowlevel.erbbands_skewness.mean": 0.22055354714393616, "lowlevel.erbbands_skewness.stdev": 0.8459465503692627, "lowlevel.erbbands_spread.mean": 55.9631462097168, "lowlevel.erbbands_spread.stdev": 21.204252243041992, "lowlevel.hfc.mean": 41.332008361816406, "lowlevel.hfc.stdev": 29.70737648010254, "lowlevel.loudness_ebu128.integrated": -14.815049171447754, "lowlevel.loudness_ebu128.loudness_range": 0.7688484191894531, "lowlevel.loudness_ebu128.momentary.mean": -14.905113220214844, "lowlevel.loudness_ebu128.momentary.stdev": 0.8978056907653809, "lowlevel.loudness_ebu128.short_term.mean": -14.837141036987305, "lowlevel.loudness_ebu128.short_term.stdev": 0.2718891501426697, "lowlevel.melbands_crest.mean": 18.759777069091797, "lowlevel.melbands_crest.stdev": 8.111956596374512, "lowlevel.melbands_flatness_db.mean": 0.18113495409488678, "lowlevel.melbands_flatness_db.stdev": 0.07372763007879257, "lowlevel.melbands_kurtosis.mean": 25.904186248779297, "lowlevel.melbands_kurtosis.stdev": 36.17007827758789, "lowlevel.melbands_skewness.mean": 3.6854255199432373, "lowlevel.melbands_skewness.stdev": 2.4319660663604736, "lowlevel.melbands_spread.mean": 30.03935432434082, "lowlevel.melbands_spread.stdev": 31.07403564453125, "lowlevel.pitch_salience.mean": 0.497982382774353, "lowlevel.pitch_salience.stdev": 0.1541617512702942, "lowlevel.silence_rate_20dB.mean": 1.0, "lowlevel.silence_rate_20dB.stdev": 0.0, "lowlevel.silence_rate_30dB.mean": 0.9320895671844482, "lowlevel.silence_rate_30dB.stdev": 0.2515905499458313, "lowlevel.silence_rate_60dB.mean": 0.0037313431967049837, "lowlevel.silence_rate_60dB.stdev": 0.06097065657377243, "lowlevel.spectral_centroid.mean": 1733.89306640625, "lowlevel.spectral_centroid.stdev": 761.543212890625, "lowlevel.spectral_complexity.mean": 20.709701538085938, "lowlevel.spectral_complexity.stdev": 9.872857093811035, "lowlevel.spectral_decrease.mean": -1.2346617062064524e-08, "lowlevel.spectral_decrease.stdev": 1.0063812894145485e-08, "lowlevel.spectral_energy.mean": 0.050347957760095596, "lowlevel.spectral_energy.stdev": 0.03849045932292938, "lowlevel.spectral_energyband_high.mean": 0.0029746578074991703, "lowlevel.spectral_energyband_high.stdev": 0.003103788010776043, "lowlevel.spectral_energyband_low.mean": 0.028124939650297165, "lowlevel.spectral_energyband_low.stdev": 0.03686435893177986, "lowlevel.spectral_energyband_middle_high.mean": 0.007007874082773924, "lowlevel.spectral_energyband_middle_high.stdev": 0.007442997302860022, "lowlevel.spectral_energyband_middle_low.mean": 0.01261407695710659, "lowlevel.spectral_energyband_middle_low.stdev": 0.011252449825406075, "lowlevel.spectral_entropy.mean": 7.989134788513184, "lowlevel.spectral_entropy.stdev": 0.34443190693855286, "lowlevel.spectral_flux.mean": 0.12048464268445969, "lowlevel.spectral_flux.stdev": 0.07215776294469833, "lowlevel.spectral_kurtosis.mean": 2.0921735763549805, "lowlevel.spectral_kurtosis.stdev": 1.274231195449829, "lowlevel.spectral_rms.mean": 0.006534063257277012, "lowlevel.spectral_rms.stdev": 0.0025349436327815056, "lowlevel.spectral_rolloff.mean": 2359.542236328125, "lowlevel.spectral_rolloff.stdev": 2844.2177734375, "lowlevel.spectral_skewness.mean": 1.2023842334747314, "lowlevel.spectral_skewness.stdev": 0.3269056975841522, "lowlevel.spectral_spread.mean": 6802939.5, "lowlevel.spectral_spread.stdev": 1791098.375, "lowlevel.spectral_strongpeak.mean": 0.868438184261322, "lowlevel.spectral_strongpeak.stdev": 1.1937748193740845, "lowlevel.zerocrossingrate.mean": 0.09710675477981567, "lowlevel.zerocrossingrate.stdev": 0.07032857090234756, "metadata.audio_properties.analysis.equal_loudness": 0.0, "metadata.audio_properties.analysis.length": 31.082653045654297, "metadata.audio_properties.analysis.sample_rate": 44100.0, "metadata.audio_properties.analysis.start_time": 0.0, "metadata.audio_properties.bit_rate": 122325.0, "metadata.audio_properties.length": 31.082666397094727, "metadata.audio_properties.lossless": 0.0, "metadata.audio_properties.number_channels": 1.0, "metadata.audio_properties.replay_gain": -10.687776565551758, "metadata.audio_properties.sample_rate": 48000.0, "rhythm.beats_count": 64.0, "rhythm.beats_loudness.mean": 0.06256605684757233, "rhythm.beats_loudness.stdev": 0.03218361362814903, "rhythm.bpm": 125.10765838623047, "rhythm.bpm_histogram_first_peak_bpm": 126.0, "rhythm.bpm_histogram_first_peak_weight": 0.44999998807907104, "rhythm.bpm_histogram_second_peak_bpm": 133.0, "rhythm.bpm_histogram_second_peak_spread": 0.0, "rhythm.bpm_histogram_second_peak_weight": 0.0476190485060215, "rhythm.danceability": 1.8496229648590088, "rhythm.onset_rate": 4.308248519897461, "tonal.chords_changes_rate": 0.05812220647931099, "tonal.chords_number_rate": 0.014903130009770393, "tonal.chords_strength.mean": 0.5656755566596985, "tonal.chords_strength.stdev": 0.09515145421028137, "tonal.hpcp_crest.mean": 14.141413688659668, "tonal.hpcp_crest.stdev": 6.871757507324219, "tonal.hpcp_entropy.mean": 1.9498165845870972, "tonal.hpcp_entropy.stdev": 0.7595474123954773, "tonal.key_edma.strength": 0.7461480498313904, "tonal.key_krumhansl.strength": 0.7619475722312927, "tonal.key_temperley.strength": 0.7854404449462891, "tonal.tuning_diatonic_strength": 0.5848385095596313, "tonal.tuning_equal_tempered_deviation": 0.22394980490207672, "tonal.tuning_frequency": 434.193115234375, "tonal.tuning_nontempered_energy_ratio": 0.9463677406311035, "lowlevel.barkbands.mean": [0.004232533276081085, 0.02150888368487358, 0.002191786887124181, 0.0011138442205265164, 0.005923592485487461, 0.0012135591823607683, 0.0016893023857846856, 0.0011637817369773984, 0.0011652958346530795, 0.0008632958633825183, 0.002107203472405672, 0.0006869211792945862, 0.0004729270003736019, 0.0007212535128928721, 0.0004906030953861773, 0.0003353412030264735, 0.00032080960227176547, 0.0003851498768199235, 0.0005682820337824523, 0.0004506554105319083, 0.00036482937866821885, 0.0004403586208354682, 0.0004944626707583666, 0.0006290251039899886, 0.00046507472870871425, 0.00031378367566503584, 3.543745697243139e-05], "lowlevel.barkbands.stdev": [0.005371137987822294, 0.030868999660015106, 0.006932519376277924, 0.0017452678875997663, 0.007774323225021362, 0.001668980228714645, 0.0028982816729694605, 0.0032477087806910276, 0.0025814906693995, 0.0018423980800434947, 0.004116603638976812, 0.0013021137565374374, 0.0008221137104555964, 0.0016837343573570251, 0.0011051662731915712, 0.0009117278968915343, 0.0007795919664204121, 0.0005600324948318303, 0.0006951055256649852, 0.000586178619414568, 0.0004934603348374367, 0.000537618703674525, 0.0005301388446241617, 0.0010169657180085778, 0.000841562170535326, 0.0003550647816155106, 4.153143891016953e-05], "lowlevel.erbbands.mean": [0.9779385924339294, 3.3129329681396484, 3.417840003967285, 3.2659525871276855, 9.154356002807617, 24.762977600097656, 16.692153930664062, 9.762737274169922, 17.8353271484375, 32.57006072998047, 20.49248504638672, 27.861295700073242, 28.43153190612793, 56.558956146240234, 67.12464141845703, 25.259748458862305, 22.908050537109375, 33.54473114013672, 28.99665069580078, 21.9240665435791, 19.769447326660156, 18.886587142944336, 19.51433753967285, 27.654279708862305, 26.917207717895508, 20.38102149963379, 17.09324073791504, 13.187944412231445, 15.525256156921387, 17.105472564697266, 12.80162239074707, 12.321475982666016, 10.571958541870117, 6.368914604187012, 2.600076913833618, 1.1887290477752686, 0.5730774402618408, 0.15610983967781067, 0.0035271295346319675, 0.0001531340240035206], "lowlevel.erbbands.stdev": [1.1600316762924194, 6.946250915527344, 9.997424125671387, 5.923535346984863, 15.51003646850586, 36.694488525390625, 24.975421905517578, 12.113720893859863, 29.059886932373047, 65.39825439453125, 49.738590240478516, 62.781654357910156, 61.490760803222656, 128.56947326660156, 124.46304321289062, 38.54621887207031, 37.23503494262695, 77.385009765625, 54.943424224853516, 50.9513053894043, 54.63180923461914, 47.22377014160156, 29.91370391845703, 33.20595932006836, 33.56538391113281, 27.816085815429688, 22.955596923828125, 17.846277236938477, 20.40559196472168, 17.142135620117188, 14.724469184875488, 17.44804573059082, 19.048810958862305, 12.362680435180664, 4.380601406097412, 1.6906399726867676, 0.6236328482627869, 0.16167326271533966, 0.0036126498598605394, 9.996784501709044e-05], "lowlevel.gfcc.mean": [56.46099090576172, 39.984771728515625, -88.88636016845703, 27.504161834716797, -63.11344909667969, 19.597108840942383, -35.69489288330078, 9.691884994506836, -30.96995735168457, 5.516071796417236, -13.7027006149292, 11.25704574584961, -12.036904335021973], "lowlevel.melbands.mean": [0.007274945266544819, 0.0025831256061792374, 0.0006943990010768175, 0.0012527649523690343, 0.0007294497918337584, 0.00021368538727983832, 0.00030276874895207584, 0.00035192669020034373, 0.0001587323349667713, 0.00017755667795427144, 0.00013377444702200592, 0.00020900052913930267, 0.00024394203501287848, 0.000107578031020239, 4.489091588766314e-05, 4.9620779464021325e-05, 6.719346856698394e-05, 4.871422424912453e-05, 3.87534819310531e-05, 2.3746715669403784e-05, 2.2011712644598447e-05, 2.008157389354892e-05, 1.6610232705716044e-05, 1.7971180568565615e-05, 2.28285225603031e-05, 2.1786145225632936e-05, 1.639366200834047e-05, 1.293990953854518e-05, 1.1381264812371228e-05, 9.241907719115261e-06, 6.89529542796663e-06, 8.861969035933726e-06, 8.599780812801328e-06, 1.0025016308645718e-05, 7.1353765633830335e-06, 7.075278972479282e-06, 7.86591863288777e-06, 7.981422641023528e-06, 6.708950877509778e-06, 4.880448614130728e-06], "lowlevel.melbands.stdev": [0.009000618010759354, 0.00630092853680253, 0.001089843804948032, 0.001793256844393909, 0.0010195629438385367, 0.000275832018814981, 0.0004921599756926298, 0.0007480363128706813, 0.0004015619633719325, 0.00038326249341480434, 0.0003112831327598542, 0.00048353918828070164, 0.0004418989992700517, 0.00019518326735123992, 8.960640843724832e-05, 8.79596482263878e-05, 0.00016656864318065345, 0.00010299917630618438, 9.286861313739792e-05, 6.174137524794787e-05, 6.279738590819761e-05, 5.566345862462185e-05, 2.948823203041684e-05, 2.6776393497129902e-05, 2.8666117941611446e-05, 2.9585062293335795e-05, 2.1432299035950564e-05, 2.017716906266287e-05, 1.6029924154281616e-05, 1.4336163076222874e-05, 9.374307410325855e-06, 1.3237363418738823e-05, 9.457176020077895e-06, 1.0258386282657739e-05, 8.320222150359768e-06, 9.320048775407486e-06, 1.1930744221899658e-05, 1.5012926269264426e-05, 1.2703411812253762e-05, 1.0037942956842016e-05], "lowlevel.melbands128.mean": [0.0038626643363386393, 0.009430045261979103, 0.0077937389723956585, 0.004961369093507528, 0.0022464031353592873, 0.0009584930376149714, 0.0006144280196167529, 0.0005542064318433404, 0.0008419521036557853, 0.0013720832066610456, 0.0015696164919063449, 0.0010215231450274587, 0.0005515997181646526, 0.0002745175443124026, 0.00021605142683256418, 0.00017378301708959043, 0.00017665399354882538, 0.0003408215125091374, 0.0004545448755379766, 0.0003586435632314533, 0.0003538703022059053, 0.00017633447714615613, 0.0001115129271056503, 0.00016183014668058604, 0.00018323847325518727, 0.0002022275293711573, 0.00012479096767492592, 0.00016089779091998935, 9.930368105415255e-05, 8.844141848385334e-05, 0.0003209268325008452, 0.0003208654234185815, 0.00018053273379337043, 0.0002825664705596864, 0.00012743948900606483, 6.244075484573841e-05, 4.651386916521005e-05, 4.227026875014417e-05, 4.348522634245455e-05, 5.524574953597039e-05, 5.475694706547074e-05, 3.196902252966538e-05, 6.451371882576495e-05, 9.16303979465738e-05, 6.701859820168465e-05, 3.1306528398999944e-05, 3.8248002965701744e-05, 5.301541386870667e-05, 2.9645179893122986e-05, 2.299453080922831e-05, 2.2031501430319622e-05, 2.6069985324284062e-05, 2.5183120669680648e-05, 1.9288001567474566e-05, 1.8020944480667822e-05, 2.3788288672221825e-05, 1.797040931705851e-05, 1.4006689525558613e-05, 1.765283195709344e-05, 1.8371778423897922e-05, 1.5329978850786574e-05, 1.95372813323047e-05, 2.424158446956426e-05, 2.309909905306995e-05, 2.1984811610309407e-05, 2.470198342052754e-05, 1.8573718989500776e-05, 1.8144033674616367e-05, 1.6688500181771815e-05, 1.336958484898787e-05, 1.1046367944800295e-05, 1.4843163626210298e-05, 1.2749814231938217e-05, 1.1405779332562815e-05, 8.176085430022795e-06, 1.0024368748418055e-05, 1.0229935469396878e-05, 6.063849014026346e-06, 6.525925982714398e-06, 6.833755378465867e-06, 9.473136742599308e-06, 9.757690349943005e-06, 7.658702998014633e-06, 8.51172717375448e-06, 9.15268265089253e-06, 1.0290794307366014e-05, 1.1047510270145722e-05, 7.922208169475198e-06, 6.380855211318703e-06, 6.817992471042089e-06, 7.652650310774334e-06, 6.591368219233118e-06, 7.157178060879232e-06, 7.335092504945351e-06, 8.412092938669957e-06, 1.0460872545081656e-05, 7.07402114130673e-06, 5.447209332487546e-06, 7.688472578593064e-06, 7.201813332358142e-06, 4.982431619282579e-06, 4.945535692968406e-06, 3.909487986675231e-06, 3.3179767342517152e-06, 2.5851463760773186e-06, 2.5668509806564543e-06, 2.332197936993907e-06, 2.3973093448148575e-06, 2.102080770782777e-06, 1.6242764786511543e-06, 1.6092991472760332e-06, 1.8219066078017931e-06, 1.8726511825661873e-06, 2.0017209862999152e-06, 1.6506538713656482e-06, 2.016536427618121e-06, 1.4805216324020876e-06, 1.4982835239152337e-07, 2.6585053602978803e-10, 9.883869764304443e-12, 9.646082543834922e-12, 9.661661228010932e-12, 9.701966660613515e-12, 9.503386792786284e-12, 8.38497847543973e-12, 6.535954503311681e-12, 5.547570215702624e-12, 5.378161891528288e-12], "lowlevel.melbands128.stdev": [0.004864521324634552, 0.011381195858120918, 0.01233892235904932, 0.012126085348427296, 0.006834696512669325, 0.002865859540179372, 0.0012562371557578444, 0.000956305826548487, 0.0017971829511225224, 0.0023481743410229683, 0.002644766354933381, 0.0018276277696713805, 0.0009964103810489178, 0.0005262531340122223, 0.0003347994643263519, 0.0002783184463623911, 0.00041742081521078944, 0.0006793189677409828, 0.000982827739790082, 0.0009119890164583921, 0.001136287464760244, 0.0006279113003984094, 0.00035748863592743874, 0.0006994059076532722, 0.0005883804406039417, 0.0005275432486087084, 0.0003655854088719934, 0.0005090351332910359, 0.00035412251600064337, 0.00025270076002925634, 0.0009490668307989836, 0.0009332202025689185, 0.0004919328493997455, 0.0007695619715377688, 0.0003403036971576512, 0.00013929388660471886, 0.00012769752356689423, 0.00013358888099901378, 0.00012176346353953704, 0.00011694208660628647, 0.00012994046846870333, 0.00010451437265146524, 0.00023821400827728212, 0.00028044733335264027, 0.00023103647981770337, 9.384933218825608e-05, 0.00013400233001448214, 0.00016282103024423122, 8.609911310486495e-05, 0.00011906864529009908, 6.058923099772073e-05, 9.180986671708524e-05, 0.00011647105566225946, 5.488290116772987e-05, 4.555360283120535e-05, 9.502205648459494e-05, 5.4794116294942796e-05, 3.292570181656629e-05, 3.758374441531487e-05, 4.145045022596605e-05, 3.0454539228230715e-05, 3.229060166631825e-05, 4.135597191634588e-05, 3.4572040021885186e-05, 3.97213916585315e-05, 4.2402880353620276e-05, 2.8390550141921267e-05, 2.9647353585460223e-05, 2.638721707626246e-05, 2.058960853901226e-05, 2.500052869436331e-05, 2.597199272713624e-05, 2.1547351934714243e-05, 1.8462398656993173e-05, 1.222964874614263e-05, 1.845132101152558e-05, 1.7695791029836982e-05, 9.661665899329819e-06, 9.526080248178914e-06, 1.1204539077880327e-05, 1.653439539950341e-05, 1.6081032299553044e-05, 9.842146027949639e-06, 1.0224107427347917e-05, 1.1502196684887167e-05, 1.140291442425223e-05, 1.2866630640928634e-05, 9.580251571605913e-06, 8.736587915336713e-06, 9.762587978912052e-06, 1.168234484794084e-05, 9.136448170465883e-06, 1.1054821698053274e-05, 1.2483320460887626e-05, 1.4345262570714112e-05, 1.9940107449656352e-05, 1.564139165566303e-05, 1.210849586641416e-05, 1.5617648386978544e-05, 1.4030593774805311e-05, 1.1078014722443186e-05, 1.0974817996611819e-05, 9.637132279749494e-06, 6.576577106898185e-06, 4.896142854704522e-06, 4.662619176087901e-06, 4.289163825887954e-06, 4.024533154733945e-06, 3.443546802373021e-06, 2.5015185656229733e-06, 2.6662733034754638e-06, 2.3185746158560505e-06, 2.2441540750151034e-06, 2.2981053007242735e-06, 1.917113877425436e-06, 2.3109325866244035e-06, 1.7679719803709304e-06, 2.321149423778479e-07, 5.2190349819625226e-09, 7.284036568355745e-11, 8.027995629378282e-11, 8.945505447499613e-11, 9.849632914837869e-11, 9.905751913175109e-11, 7.369904686527207e-11, 2.86302752339207e-11, 8.484914160167278e-12, 7.747452852868708e-12], "lowlevel.mfcc.mean": [-597.006103515625, 81.94132232666016, 23.652454376220703, 14.81416130065918, 1.4187546968460083, 6.619458198547363, 6.446722507476807, 5.618000030517578, -6.653266429901123, 0.5528441667556763, -3.9709839820861816, -3.880549192428589, 1.4759399890899658], "lowlevel.spectral_contrast_coeffs.mean": [-0.6816389560699463, -0.7407233715057373, -0.744410514831543, -0.7960926294326782, -0.7910082340240479, -0.7534428834915161], "lowlevel.spectral_contrast_coeffs.stdev": [0.1085355132818222, 0.07029425352811813, 0.0776156485080719, 0.058211132884025574, 0.04560326039791107, 0.03628920391201973], "lowlevel.spectral_contrast_valleys.mean": [-6.66955041885376, -6.779818534851074, -7.2013444900512695, -7.466879844665527, -7.107828617095947, -9.234352111816406], "lowlevel.spectral_contrast_valleys.stdev": [1.0058318376541138, 0.5787700414657593, 0.5178149342536926, 0.5204273462295532, 0.5661488771438599, 0.6536084413528442], "rhythm.beats_loudness_band_ratio.mean": [0.4431167542934418, 0.16499283909797668, 0.13231498003005981, 0.140151709318161, 0.06242771074175835, 0.0907219797372818], "rhythm.beats_loudness_band_ratio.stdev": [0.27821841835975647, 0.15190468728542328, 0.11492284387350082, 0.14368049800395966, 0.06024870648980141, 0.0577256940305233], "tonal.hpcp.mean": [0.081006720662117, 0.08887962251901627, 0.08040956407785416, 0.15984539687633514, 0.21021826565265656, 0.12752042710781097, 0.07178182154893875, 0.059048496186733246, 0.06741314381361008, 0.1451767235994339, 0.17137858271598816, 0.13416489958763123, 0.15526409447193146, 0.14819355309009552, 0.090536929666996, 0.08069412410259247, 0.0756097137928009, 0.07040243595838547, 0.14524349570274353, 0.1783454865217209, 0.12016314268112183, 0.08463085442781448, 0.0678553581237793, 0.07776233553886414, 0.14574742317199707, 0.17456574738025665, 0.13847890496253967, 0.13348400592803955, 0.11135122925043106, 0.0676141083240509, 0.08600279688835144, 0.09114709496498108, 0.06766055524349213, 0.07943754643201828, 0.06999239325523376, 0.05520062893629074], "tonal.hpcp.stdev": [0.18730558454990387, 0.20327334105968475, 0.18382248282432556, 0.25273823738098145, 0.32310783863067627, 0.23200483620166779, 0.18969719111919403, 0.1672479659318924, 0.17021124064922333, 0.26886019110679626, 0.28395333886146545, 0.24519924819469452, 0.2789519131183624, 0.26528745889663696, 0.19912776350975037, 0.20055018365383148, 0.20157663524150848, 0.17880555987358093, 0.2663414776325226, 0.3191986680030823, 0.24522444605827332, 0.21708154678344727, 0.17777886986732483, 0.19709651172161102, 0.2614440619945526, 0.28392669558525085, 0.25580790638923645, 0.26463782787323, 0.232238307595253, 0.16330337524414062, 0.1815095990896225, 0.19453422725200653, 0.14679473638534546, 0.1762007474899292, 0.15728501975536346, 0.13596385717391968], "rhythm.beats_position": [0.42956915497779846, 0.8823582530021667, 1.3351473808288574, 1.7879364490509033, 2.252335548400879, 2.728344678878784, 3.2043535709381104, 3.6803627014160156, 4.156371593475342, 4.632380962371826, 5.119999885559082, 5.596008777618408, 6.060408115386963, 6.548027038574219, 7.024035930633545, 7.500045299530029, 7.987664222717285, 8.4752836227417, 8.962902069091797, 9.438911437988281, 9.914920806884766, 10.390929222106934, 10.878548622131348, 11.354557991027832, 11.81895637512207, 12.306575775146484, 12.782585144042969, 13.258593559265137, 13.74621295928955, 14.233832359313965, 14.709840774536133, 15.185850143432617, 15.673469543457031, 16.161088943481445, 16.637096405029297, 17.11310577392578, 17.589115142822266, 18.06512451171875, 18.541133880615234, 19.02875328063965, 19.5047607421875, 19.992380142211914, 20.479999542236328, 20.956008911132812, 21.432018280029297, 21.91963768005371, 22.395645141601562, 22.871654510498047, 23.34766387939453, 23.823673248291016, 24.2996826171875, 24.787302017211914, 25.263309478759766, 25.75092887878418, 26.238548278808594, 26.726167678833008, 27.190567016601562, 27.678184509277344, 28.165803909301758, 28.641813278198242, 29.117822647094727, 29.59383201599121, 30.081451416015625, 30.569068908691406], "rhythm.bpm_histogram": [0.0, 0.0, 0.0, 0.0, 0.0, 0.0, 0.0, 0.0, 0.0, 0.0, 0.0, 0.0, 0.0, 0.0, 0.0, 0.0, 0.0, 0.0, 0.0, 0.0, 0.0, 0.0, 0.0, 0.0, 0.0, 0.0, 0.0, 0.0, 0.0, 0.0, 0.0, 0.0, 0.0, 0.0, 0.0, 0.0, 0.0, 0.0, 0.0, 0.0, 0.0, 0.0, 0.0, 0.0, 0.0, 0.0, 0.0, 0.0, 0.0, 0.0, 0.0, 0.0, 0.0, 0.0, 0.0, 0.0, 0.0, 0.0, 0.0, 0.0, 0.0, 0.0, 0.0, 0.0, 0.0, 0.0, 0.0, 0.0, 0.0, 0.0, 0.0, 0.0, 0.0, 0.0, 0.0, 0.0, 0.0, 0.0, 0.0, 0.0, 0.0, 0.0, 0.0, 0.0, 0.0, 0.0, 0.0, 0.0, 0.0, 0.0, 0.0, 0.0, 0.0, 0.0, 0.0, 0.0, 0.0, 0.0, 0.0, 0.0, 0.0, 0.0, 0.0, 0.0, 0.0, 0.0, 0.0, 0.0, 0.0, 0.0, 0.0, 0.0, 0.0, 0.0, 0.0, 0.0, 0.0, 0.0, 0.0, 0.0, 0.0, 0.0, 0.0, 0.3650793731212616, 0.0, 0.0, 0.523809552192688, 0.0, 0.0, 0.0634920671582222, 0.0, 0.0, 0.0, 0.0476190485060215, 0.0, 0.0, 0.0, 0.0, 0.0, 0.0, 0.0, 0.0, 0.0, 0.0, 0.0, 0.0, 0.0, 0.0, 0.0, 0.0, 0.0, 0.0, 0.0, 0.0, 0.0, 0.0, 0.0, 0.0, 0.0, 0.0, 0.0, 0.0, 0.0, 0.0, 0.0, 0.0, 0.0, 0.0, 0.0, 0.0, 0.0, 0.0, 0.0, 0.0, 0.0, 0.0, 0.0, 0.0, 0.0, 0.0, 0.0, 0.0, 0.0, 0.0, 0.0, 0.0, 0.0, 0.0, 0.0, 0.0, 0.0, 0.0, 0.0, 0.0, 0.0, 0.0, 0.0, 0.0, 0.0, 0.0, 0.0, 0.0, 0.0, 0.0, 0.0, 0.0, 0.0, 0.0, 0.0, 0.0, 0.0, 0.0, 0.0, 0.0, 0.0, 0.0, 0.0, 0.0, 0.0, 0.0, 0.0, 0.0, 0.0, 0.0, 0.0, 0.0, 0.0, 0.0, 0.0, 0.0, 0.0, 0.0, 0.0, 0.0, 0.0, 0.0, 0.0, 0.0, 0.0, 0.0, 0.0, 0.0, 0.0, 0.0, 0.0, 0.0, 0.0, 0.0, 0.0, 0.0], "tonal.chords_histogram": [16.98956871032715, 6.706408500671387, 3.427719831466675, 4.470938682556152, 12.369597434997559, 17.585693359375, 0.0, 0.0, 0.0, 19.076005935668945, 0.0, 0.29806259274482727, 0.0, 0.0, 0.0, 0.0, 4.769001483917236, 0.0, 0.0, 0.0, 0.0, 0.0, 5.216095447540283, 9.090909004211426], "tonal.thpcp": [1.0, 0.6066096425056458, 0.3414632976055145, 0.2808913588523865, 0.3206816613674164, 0.6905999779701233, 0.8152411580085754, 0.6382171511650085, 0.7385851740837097, 0.7049508690834045, 0.43068060278892517, 0.3838587701320648, 0.3596724271774292, 0.3349016010761261, 0.6909176111221313, 0.8483824729919434, 0.5716113448143005, 0.40258562564849854, 0.32278525829315186, 0.36991235613822937, 0.6933147311210632, 0.8304023742675781, 0.6587386727333069, 0.634978175163269, 0.5296934247016907, 0.32163766026496887, 0.4091119170188904, 0.43358314037323, 0.32185858488082886, 0.3778812885284424, 0.33295106887817383, 0.26258721947669983, 0.38534578680992126, 0.4227968454360962, 0.3825051188468933, 0.7603782415390015], "lowlevel.gfcc.cov": [[1785.065673828125, -94.6087417602539, -221.06021118164062, 25.671424865722656, 31.522375106811523, -41.42167663574219, 17.13467025756836, 122.8541259765625, 25.35428810119629, 7.369731426239014, -29.47718620300293, -84.41191864013672, -59.80213928222656], [-94.6087417602539, 1209.525634765625, 195.43667602539062, 433.35418701171875, 385.8373718261719, 142.22189331054688, 332.5835876464844, 156.22547912597656, 182.3978729248047, 57.05710983276367, 181.3878173828125, -2.1534981727600098, 56.5738639831543], [-221.06021118164062, 195.43667602539062, 640.5233154296875, 367.851318359375, 177.90374755859375, 195.10733032226562, 112.58259582519531, 90.35041809082031, 118.92222595214844, 86.00385284423828, 80.46631622314453, 112.99990844726562, 44.70058822631836], [25.671424865722656, 433.35418701171875, 367.851318359375, 692.9857177734375, 343.63232421875, 155.37721252441406, 164.42498779296875, 137.01792907714844, 186.27008056640625, 54.16104507446289, 78.84796905517578, 42.60691452026367, 59.18190383911133], [31.522375106811523, 385.8373718261719, 177.90374755859375, 343.63232421875, 387.3306579589844, 172.82843017578125, 140.560791015625, 100.78080749511719, 123.41812896728516, 72.0447769165039, 81.84515380859375, 30.166017532348633, 57.95002746582031], [-41.42167663574219, 142.22189331054688, 195.10733032226562, 155.37721252441406, 172.82843017578125, 277.4803161621094, 166.14285278320312, 72.9444351196289, 62.53663635253906, 66.12178802490234, 74.48384857177734, 28.46150016784668, 32.972225189208984], [17.13467025756836, 332.5835876464844, 112.58259582519531, 164.42498779296875, 140.560791015625, 166.14285278320312, 279.8337097167969, 126.98114013671875, 75.61592102050781, 48.53113555908203, 94.37755584716797, 30.238351821899414, 12.025193214416504], [122.8541259765625, 156.22547912597656, 90.35041809082031, 137.01792907714844, 100.78080749511719, 72.9444351196289, 126.98114013671875, 191.2498016357422, 111.975830078125, 34.3221435546875, 63.38410949707031, 20.070051193237305, 18.80597686767578], [25.35428810119629, 182.3978729248047, 118.92222595214844, 186.27008056640625, 123.41812896728516, 62.53663635253906, 75.61592102050781, 111.975830078125, 167.79385375976562, 60.06363296508789, 47.462303161621094, 21.138864517211914, 23.181228637695312], [7.369731426239014, 57.05710983276367, 86.00385284423828, 54.16104507446289, 72.0447769165039, 66.12178802490234, 48.53113555908203, 34.3221435546875, 60.06363296508789, 100.13692474365234, 47.56226348876953, 16.564836502075195, 1.1329734325408936], [-29.47718620300293, 181.3878173828125, 80.46631622314453, 78.84796905517578, 81.84515380859375, 74.48384857177734, 94.37755584716797, 63.38410949707031, 47.462303161621094, 47.56226348876953, 114.11759948730469, 39.9443359375, 16.664823532104492], [-84.41191864013672, -2.1534981727600098, 112.99990844726562, 42.60691452026367, 30.166017532348633, 28.46150016784668, 30.238351821899414, 20.070051193237305, 21.138864517211914, 16.564836502075195, 39.9443359375, 93.42342376708984, 34.279273986816406], [-59.80213928222656, 56.5738639831543, 44.70058822631836, 59.18190383911133, 57.95002746582031, 32.972225189208984, 12.025193214416504, 18.80597686767578, 23.181228637695312, 1.1329734325408936, 16.664823532104492, 34.279273986816406, 71.45963287353516]], "lowlevel.gfcc.icov": [[0.0006982115446589887, 0.00011429211735958233, 0.0003376646200194955, -0.00020746405061800033, -0.00016878060705494136, 5.706808951799758e-05, 7.40601317374967e-05, -0.0008173960959538817, 0.00032559255487285554, -0.00030900113051757216, 0.00022745781461708248, 0.00020275164570193738, 0.0005165876355022192], [0.00011429211735958233, 0.002724885707721114, -0.0008989092893898487, 0.00029016967164352536, -0.0020950210746377707, 0.0026435009203851223, -0.0034793561790138483, 0.0019367046188563108, -0.0018063492607325315, 0.0019429120002314448, -0.0034535317681729794, 0.0038574784994125366, -0.0016744788736104965], [0.0003376646200194955, -0.0008989092893898487, 0.0041536749340593815, -0.002183410571888089, 0.0016385599737986922, -0.003106719348579645, 0.0023491508327424526, -0.001602053176611662, 0.0010138790821656585, -0.0023177636321634054, 0.0019403639016672969, -0.005146397277712822, 0.002059295540675521], [-0.00020746405061800033, 0.00029016967164352536, -0.002183410571888089, 0.004263549577444792, -0.0029333829879760742, 0.0015203497605398297, -0.0015587839297950268, 0.0011428772704675794, -0.0028046953957527876, 0.0025452584959566593, -0.0006334341014735401, 0.0020398183260113, -0.0008910042233765125], [-0.00016878060705494136, -0.0020950210746377707, 0.0016385599737986922, -0.0029333829879760742, 0.00816889014095068, -0.004250823054462671, 0.002740229247137904, -0.0015035269316285849, 0.0009851469658315182, -0.003486308502033353, 0.0018012471264228225, -0.0026849096175283194, -0.0012032517697662115], [5.706808951799758e-05, 0.0026435009203851223, -0.003106719348579645, 0.0015203497605398297, -0.004250823054462671, 0.011029434390366077, -0.007402089890092611, 0.0027281136717647314, -0.0010273954831063747, 0.0002006663999054581, -0.0038683644961565733, 0.006439349614083767, -0.004331815056502819], [7.40601317374967e-05, -0.0034793561790138483, 0.0023491508327424526, -0.0015587839297950268, 0.002740229247137904, -0.007402089890092611, 0.012975575402379036, -0.0064524197950959206, 0.003487501060590148, -0.002249680692330003, 0.0017410493455827236, -0.006551648024469614, 0.004986954387277365], [-0.0008173960959538817, 0.0019367046188563108, -0.001602053176611662, 0.0011428772704675794, -0.0015035269316285849, 0.0027281136717647314, -0.0064524197950959206, 0.014069546945393085, -0.008708693087100983, 0.004440818913280964, -0.005328251048922539, 0.0038900449872016907, -0.002686874009668827], [0.00032559255487285554, -0.0018063492607325315, 0.0010138790821656585, -0.0028046953957527876, 0.0009851469658315182, -0.0010273954831063747, 0.003487501060590148, -0.008708693087100983, 0.01641249656677246, -0.008203701116144657, 0.003660666523501277, -0.002807729644700885, 7.03707555658184e-05], [-0.00030900113051757216, 0.0019429120002314448, -0.0023177636321634054, 0.0025452584959566593, -0.003486308502033353, 0.0002006663999054581, -0.002249680692330003, 0.004440818913280964, -0.008203701116144657, 0.01946510374546051, -0.007638272363692522, 0.003140981076285243, 0.002116827294230461], [0.00022745781461708248, -0.0034535317681729794, 0.0019403639016672969, -0.0006334341014735401, 0.0018012471264228225, -0.0038683644961565733, 0.0017410493455827236, -0.005328251048922539, 0.003660666523501277, -0.007638272363692522, 0.020966336131095886, -0.01013768557459116, 0.002575926249846816], [0.00020275164570193738, 0.0038574784994125366, -0.005146397277712822, 0.0020398183260113, -0.0026849096175283194, 0.006439349614083767, -0.006551648024469614, 0.0038900449872016907, -0.002807729644700885, 0.003140981076285243, -0.01013768557459116, 0.02481771446764469, -0.010749337263405323], [0.0005165876355022192, -0.0016744788736104965, 0.002059295540675521, -0.0008910042233765125, -0.0012032517697662115, -0.004331815056502819, 0.004986954387277365, -0.002686874009668827, 7.03707555658184e-05, 0.002116827294230461, 0.002575926249846816, -0.010749337263405323, 0.02254343032836914]], "lowlevel.mfcc.cov": [[1970.3265380859375, -158.56689453125, -331.2742614746094, 16.130455017089844, -32.520755767822266, -142.31495666503906, -7.825036525726318, -11.991239547729492, 24.79039192199707, 87.53287506103516, 39.85997772216797, -40.86747741699219, -33.10723114013672], [-158.56689453125, 805.4083251953125, 15.798768043518066, 218.929443359375, 81.00357818603516, 117.28799438476562, 174.20587158203125, 132.9254150390625, 32.57823944091797, 163.17604064941406, 80.60701751708984, 46.81094741821289, 60.157066345214844], [-331.2742614746094, 15.798768043518066, 503.8530578613281, 181.66094970703125, 112.73401641845703, 135.17127990722656, 50.92995071411133, 106.02666473388672, 63.49654769897461, 12.783106803894043, 47.76823806762695, 89.53472900390625, 79.46092987060547], [16.130455017089844, 218.929443359375, 181.66094970703125, 534.13232421875, 229.3282928466797, 133.36862182617188, 71.52918243408203, 150.6004180908203, 113.43829345703125, 87.55268096923828, 47.954952239990234, 105.05001068115234, 92.96241760253906], [-32.520755767822266, 81.00357818603516, 112.73401641845703, 229.3282928466797, 323.2276306152344, 132.05191040039062, 52.93442916870117, 64.6978759765625, 88.22567749023438, 62.66801834106445, 38.29434585571289, 53.74428176879883, 49.88489532470703], [-142.31495666503906, 117.28799438476562, 135.17127990722656, 133.36862182617188, 132.05191040039062, 268.5605773925781, 132.10726928710938, 66.69068145751953, 60.09771728515625, 47.439613342285156, 56.736724853515625, 60.623878479003906, 25.72461700439453], [-7.825036525726318, 174.20587158203125, 50.92995071411133, 71.52918243408203, 52.93442916870117, 132.10726928710938, 216.99273681640625, 107.52100372314453, 30.081737518310547, 81.94061279296875, 58.550567626953125, 27.34602928161621, 35.67887496948242], [-11.991239547729492, 132.9254150390625, 106.02666473388672, 150.6004180908203, 64.6978759765625, 66.69068145751953, 107.52100372314453, 188.7095947265625, 75.77633666992188, 78.17496490478516, 42.36845397949219, 56.31022262573242, 62.72287368774414], [24.79039192199707, 32.57823944091797, 63.49654769897461, 113.43829345703125, 88.22567749023438, 60.09771728515625, 30.081737518310547, 75.77633666992188, 123.66321563720703, 60.85935592651367, 31.31966781616211, 40.2362060546875, 29.051950454711914], [87.53287506103516, 163.17604064941406, 12.783106803894043, 87.55268096923828, 62.66801834106445, 47.439613342285156, 81.94061279296875, 78.17496490478516, 60.85935592651367, 163.56954956054688, 71.50371551513672, 33.87461471557617, 31.7197208404541], [39.85997772216797, 80.60701751708984, 47.76823806762695, 47.954952239990234, 38.29434585571289, 56.736724853515625, 58.550567626953125, 42.36845397949219, 31.31966781616211, 71.50371551513672, 100.93558502197266, 46.157012939453125, 30.1154842376709], [-40.86747741699219, 46.81094741821289, 89.53472900390625, 105.05001068115234, 53.74428176879883, 60.623878479003906, 27.34602928161621, 56.31022262573242, 40.2362060546875, 33.87461471557617, 46.157012939453125, 106.82849884033203, 58.33426284790039], [-33.10723114013672, 60.157066345214844, 79.46092987060547, 92.96241760253906, 49.88489532470703, 25.72461700439453, 35.67887496948242, 62.72287368774414, 29.051950454711914, 31.7197208404541, 30.1154842376709, 58.33426284790039, 104.34626007080078]], "lowlevel.mfcc.icov": [[0.0006759664393030107, 0.0003067266079597175, 0.0004882620123680681, -0.0003225854889024049, 4.801748218596913e-05, 0.00037341538700275123, -0.00022946193348616362, 1.1676926078507677e-05, -0.00012187322863610461, -0.00033002454438246787, -0.0005265393410809338, 0.00017244211630895734, 9.945772762876004e-05], [0.0003067266079597175, 0.0020399675704538822, 0.0004971693851985037, -0.0008357038605026901, 0.0002480285183992237, -0.00019547193369362503, -0.0006982051418162882, -0.00035987296723760664, 0.0010133165633305907, -0.001577994553372264, -0.0003086254873778671, 0.0003711527388077229, -0.0002490062906872481], [0.0004882620123680681, 0.0004971693851985037, 0.0032729802187532187, -0.0005646387580782175, -6.305342685664073e-05, -0.0009567547240294516, 0.0005038823001086712, -0.001259583281353116, 5.984107338008471e-05, 0.0006663660169579089, -0.0011225701309740543, -0.00031919506727717817, -0.0009870168287307024], [-0.0003225854889024049, -0.0008357038605026901, -0.0005646387580782175, 0.003990464378148317, -0.0017774979351088405, -0.0004423168720677495, 0.0009248123387806118, -0.0014700889587402344, -0.0006584354559890926, 0.0001321943273069337, 0.0011351128341630101, -0.0015003796434029937, -0.0005651135579682887], [4.801748218596913e-05, 0.0002480285183992237, -6.305342685664073e-05, -0.0017774979351088405, 0.005478531122207642, -0.0018280354561284184, 0.0002833328617271036, 0.0010590816382318735, -0.0017583387671038508, -0.0008861054666340351, 0.00011056880612159148, 0.0008964501321315765, -0.0011722666677087545], [0.00037341538700275123, -0.00019547193369362503, -0.0009567547240294516, -0.0004423168720677495, -0.0018280354561284184, 0.008548353798687458, -0.005335990805178881, 0.0021320085506886244, -0.002160476753488183, 0.0015658546471968293, -0.0011718404712155461, -0.002901652129366994, 0.0027491524815559387], [-0.00022946193348616362, -0.0006982051418162882, 0.0005038823001086712, 0.0009248123387806118, 0.0002833328617271036, -0.005335990805178881, 0.011379682458937168, -0.005580255761742592, 0.0029917177744209766, -0.0019208280136808753, -0.0018351904582232237, 0.0029514979105442762, -0.0016040042974054813], [1.1676926078507677e-05, -0.00035987296723760664, -0.001259583281353116, -0.0014700889587402344, 0.0010590816382318735, 0.0021320085506886244, -0.005580255761742592, 0.0128560746088624, -0.004975792486220598, -0.0012413329677656293, 0.0016602425603196025, -0.0017139121191576123, -0.00212994497269392], [-0.00012187322863610461, 0.0010133165633305907, 5.984107338008471e-05, -0.0006584354559890926, -0.0017583387671038508, -0.002160476753488183, 0.0029917177744209766, -0.004975792486220598, 0.015094039030373096, -0.0040457663126289845, 7.20954776625149e-05, -0.0007258937694132328, 0.0006718126824125648], [-0.00033002454438246787, -0.001577994553372264, 0.0006663660169579089, 0.0001321943273069337, -0.0008861054666340351, 0.0015658546471968293, -0.0019208280136808753, -0.0012413329677656293, -0.0040457663126289845, 0.013325865380465984, -0.006385257467627525, 0.0004935002652928233, 0.00026286704814992845], [-0.00052653934108