{"song_id": "1182285957668556901", "download": "https://cdn.discordapp.com/attachments/1135911532732108921/1182285957668556901/chirp.mp4?ex=6584249a&amp", "lyrics": "FATTO E DIRETTO DA ZAC\nFATTO E DIRETTO DA ZAC\nFATTO E DIRETTO DA ZAC", "style": ["melodic piano"], "essentia_features": {"lowlevel.average_loudness": 0.9792534708976746, "lowlevel.barkbands_crest.mean": 14.127846717834473, "lowlevel.barkbands_crest.stdev": 3.610836982727051, "lowlevel.barkbands_flatness_db.mean": 0.14645664393901825, "lowlevel.barkbands_flatness_db.stdev": 0.03897128626704216, "lowlevel.barkbands_kurtosis.mean": 7.986256122589111, "lowlevel.barkbands_kurtosis.stdev": 8.848490715026855, "lowlevel.barkbands_skewness.mean": 2.723737955093384, "lowlevel.barkbands_skewness.stdev": 1.1562916040420532, "lowlevel.barkbands_spread.mean": 26.3015193939209, "lowlevel.barkbands_spread.stdev": 14.11915397644043, "lowlevel.dissonance.mean": 0.4887840449810028, "lowlevel.dissonance.stdev": 0.009605051018297672, "lowlevel.dynamic_complexity": 1.008265733718872, "lowlevel.erbbands_crest.mean": 5.936583518981934, "lowlevel.erbbands_crest.stdev": 2.2986974716186523, "lowlevel.erbbands_flatness_db.mean": 0.10826478153467178, "lowlevel.erbbands_flatness_db.stdev": 0.018799152225255966, "lowlevel.erbbands_kurtosis.mean": -0.31013616919517517, "lowlevel.erbbands_kurtosis.stdev": 0.8454686403274536, "lowlevel.erbbands_skewness.mean": -0.4885292053222656, "lowlevel.erbbands_skewness.stdev": 0.5264445543289185, "lowlevel.erbbands_spread.mean": 66.59027099609375, "lowlevel.erbbands_spread.stdev": 19.17201042175293, "lowlevel.hfc.mean": 39.53230667114258, "lowlevel.hfc.stdev": 21.3300724029541, "lowlevel.loudness_ebu128.integrated": -11.389872550964355, "lowlevel.loudness_ebu128.loudness_range": 0.7334136962890625, "lowlevel.loudness_ebu128.momentary.mean": -11.442743301391602, "lowlevel.loudness_ebu128.momentary.stdev": 0.6888585090637207, "lowlevel.loudness_ebu128.short_term.mean": -11.380167961120605, "lowlevel.loudness_ebu128.short_term.stdev": 0.23828797042369843, "lowlevel.melbands_crest.mean": 22.16571807861328, "lowlevel.melbands_crest.stdev": 4.149554252624512, "lowlevel.melbands_flatness_db.mean": 0.2236158400774002, "lowlevel.melbands_flatness_db.stdev": 0.04425622150301933, "lowlevel.melbands_kurtosis.mean": 45.03319549560547, "lowlevel.melbands_kurtosis.stdev": 36.65326690673828, "lowlevel.melbands_skewness.mean": 5.827968120574951, "lowlevel.melbands_skewness.stdev": 2.2173192501068115, "lowlevel.melbands_spread.mean": 14.48332405090332, "lowlevel.melbands_spread.stdev": 9.272165298461914, "lowlevel.pitch_salience.mean": 0.37925806641578674, "lowlevel.pitch_salience.stdev": 0.1201581284403801, "lowlevel.silence_rate_20dB.mean": 1.0, "lowlevel.silence_rate_20dB.stdev": 0.0, "lowlevel.silence_rate_30dB.mean": 0.7753145694732666, "lowlevel.silence_rate_30dB.stdev": 0.41737180948257446, "lowlevel.silence_rate_60dB.mean": 0.0011983223957940936, "lowlevel.silence_rate_60dB.stdev": 0.03459596633911133, "lowlevel.spectral_centroid.mean": 1776.2779541015625, "lowlevel.spectral_centroid.stdev": 454.2203063964844, "lowlevel.spectral_complexity.mean": 32.03654861450195, "lowlevel.spectral_complexity.stdev": 7.220846652984619, "lowlevel.spectral_decrease.mean": -2.0215285445601694e-08, "lowlevel.spectral_decrease.stdev": 1.0996075161529006e-08, "lowlevel.spectral_energy.mean": 0.0798828974366188, "lowlevel.spectral_energy.stdev": 0.04203939810395241, "lowlevel.spectral_energyband_high.mean": 0.002762127434834838, "lowlevel.spectral_energyband_high.stdev": 0.0023641069419682026, "lowlevel.spectral_energyband_low.mean": 0.0634915754199028, "lowlevel.spectral_energyband_low.stdev": 0.04100782424211502, "lowlevel.spectral_energyband_middle_high.mean": 0.005407031625509262, "lowlevel.spectral_energyband_middle_high.stdev": 0.003309564432129264, "lowlevel.spectral_energyband_middle_low.mean": 0.009044176898896694, "lowlevel.spectral_energyband_middle_low.stdev": 0.013318723998963833, "lowlevel.spectral_entropy.mean": 8.039323806762695, "lowlevel.spectral_entropy.stdev": 0.17643222212791443, "lowlevel.spectral_flux.mean": 0.14265502989292145, "lowlevel.spectral_flux.stdev": 0.06613638997077942, "lowlevel.spectral_kurtosis.mean": 1.9612796306610107, "lowlevel.spectral_kurtosis.stdev": 0.8936242461204529, "lowlevel.spectral_rms.mean": 0.00855791475623846, "lowlevel.spectral_rms.stdev": 0.002167169936001301, "lowlevel.spectral_rolloff.mean": 808.5724487304688, "lowlevel.spectral_rolloff.stdev": 1342.6864013671875, "lowlevel.spectral_skewness.mean": 1.0407334566116333, "lowlevel.spectral_skewness.stdev": 0.20550347864627838, "lowlevel.spectral_spread.mean": 5581510.0, "lowlevel.spectral_spread.stdev": 1231911.125, "lowlevel.spectral_strongpeak.mean": 0.6944634318351746, "lowlevel.spectral_strongpeak.stdev": 0.3325873613357544, "lowlevel.zerocrossingrate.mean": 0.05597475916147232, "lowlevel.zerocrossingrate.stdev": 0.026194103062152863, "metadata.audio_properties.analysis.equal_loudness": 0.0, "metadata.audio_properties.analysis.length": 38.71997833251953, "metadata.audio_properties.analysis.sample_rate": 44100.0, "metadata.audio_properties.analysis.start_time": 0.0, "metadata.audio_properties.bit_rate": 119832.0, "metadata.audio_properties.length": 38.720001220703125, "metadata.audio_properties.lossless": 0.0, "metadata.audio_properties.number_channels": 1.0, "metadata.audio_properties.replay_gain": -12.067987442016602, "metadata.audio_properties.sample_rate": 48000.0, "rhythm.beats_count": 112.0, "rhythm.beats_loudness.mean": 0.07040208578109741, "rhythm.beats_loudness.stdev": 0.02515174262225628, "rhythm.bpm": 172.26551818847656, "rhythm.bpm_histogram_first_peak_bpm": 172.0, "rhythm.bpm_histogram_first_peak_weight": 0.0, "rhythm.bpm_histogram_second_peak_bpm": 178.0, "rhythm.bpm_histogram_second_peak_spread": 0.0, "rhythm.bpm_histogram_second_peak_weight": 0.45945945382118225, "rhythm.danceability": 1.4545085430145264, "rhythm.onset_rate": 3.381300210952759, "tonal.chords_changes_rate": 0.07664670795202255, "tonal.chords_number_rate": 0.008383233100175858, "tonal.chords_strength.mean": 0.5069406628608704, "tonal.chords_strength.stdev": 0.07261820137500763, "tonal.hpcp_crest.mean": 10.095951080322266, "tonal.hpcp_crest.stdev": 4.706687927246094, "tonal.hpcp_entropy.mean": 2.701972246170044, "tonal.hpcp_entropy.stdev": 0.7025638222694397, "tonal.key_edma.strength": 0.608552098274231, "tonal.key_krumhansl.strength": 0.6129127740859985, "tonal.key_temperley.strength": 0.6121062636375427, "tonal.tuning_diatonic_strength": 0.6204099655151367, "tonal.tuning_equal_tempered_deviation": 0.2336098849773407, "tonal.tuning_frequency": 436.960693359375, "tonal.tuning_nontempered_energy_ratio": 0.8776981830596924, "lowlevel.barkbands.mean": [0.0011282502673566341, 0.03562747687101364, 0.026033500209450722, 0.0020705796778202057, 0.0028817022684961557, 0.0010948567651212215, 0.0010028223041445017, 0.0007573612383566797, 0.0009906397899612784, 0.0007051788852550089, 0.0004192490014247596, 0.0004896946484223008, 0.0003481988678686321, 0.00027586237411014736, 0.0003449352807365358, 0.0005664300988428295, 0.0009670988074503839, 0.00041828773100860417, 0.0006908845971338451, 0.000585351896006614, 0.0005621545715257525, 0.0005452375626191497, 0.0003340315306559205, 0.0005737539613619447, 0.0003544524952303618, 0.00011239953892072663, 2.5468048079346772e-06], "lowlevel.barkbands.stdev": [0.0007557703647762537, 0.033296167850494385, 0.01782391406595707, 0.0034194784238934517, 0.010145959444344044, 0.002718293806537986, 0.002178326016291976, 0.0014516678638756275, 0.0017402234952896833, 0.001592522021383047, 0.000891655043233186, 0.0009427325567230582, 0.0005553299561142921, 0.00043915800051763654, 0.0005147257470525801, 0.0005247165099717677, 0.0007025853265076876, 0.0002467852900736034, 0.0003334561188239604, 0.0003540239413268864, 0.0004096704942639917, 0.00046639188076369464, 0.0003736202197615057, 0.0009170100674964488, 0.0005865521379746497, 0.00019244021677877754, 7.3795727075776085e-06], "lowlevel.erbbands.mean": [0.5236349701881409, 9.935433387756348, 32.07093048095703, 15.346332550048828, 9.539532661437988, 8.509420394897461, 6.2219061851501465, 9.902556419372559, 12.459712982177734, 17.074262619018555, 18.281944274902344, 21.408557891845703, 23.92164421081543, 18.1881046295166, 19.090505599975586, 19.913530349731445, 16.701007843017578, 13.595163345336914, 18.816753387451172, 18.432580947875977, 42.20252227783203, 51.81647491455078, 22.851327896118164, 34.89148712158203, 31.084806442260742, 27.781354904174805, 21.787220001220703, 24.036693572998047, 21.292531967163086, 11.802918434143066, 9.524735450744629, 10.52776050567627, 10.044997215270996, 5.216201305389404, 1.8447188138961792, 0.6712307929992676, 0.16827429831027985, 0.01960599608719349, 0.0004875455633737147, 0.00011433927284087986], "lowlevel.erbbands.stdev": [0.5624094605445862, 8.71136474609375, 20.553245544433594, 13.659859657287598, 29.444725036621094, 30.412744522094727, 14.24701976776123, 27.881759643554688, 27.056745529174805, 38.916072845458984, 35.07445526123047, 37.571868896484375, 46.236106872558594, 40.56789016723633, 39.8781623840332, 37.203372955322266, 26.069290161132812, 19.23699951171875, 27.652250289916992, 23.035953521728516, 34.01608657836914, 35.48871994018555, 12.44774341583252, 17.486392974853516, 15.84960651397705, 16.936716079711914, 14.957279205322266, 18.846267700195312, 18.124921798706055, 11.709700584411621, 11.25829029083252, 15.065497398376465, 17.559141159057617, 9.05505084991455, 2.92913818359375, 1.089434266090393, 0.31311672925949097, 0.04141063243150711, 0.0009063919424079359, 6.026722985552624e-05], "lowlevel.gfcc.mean": [63.952354431152344, 60.5026969909668, -99.06407928466797, 68.38985443115234, -46.604183197021484, 33.26138687133789, -26.034770965576172, 30.06818199157715, -18.881973266601562, 4.555236339569092, -21.183677673339844, -2.3113372325897217, -14.034950256347656], "lowlevel.melbands.mean": [0.007635755930095911, 0.015112878754734993, 0.0026110857725143433, 0.0007021762430667877, 0.00022080908820498735, 0.00021758500952273607, 0.0001986822608159855, 0.00017963792197406292, 0.0001547083375044167, 0.00013606995344161987, 0.00011924302816623822, 7.46181613067165e-05, 6.046905764378607e-05, 5.755346137448214e-05, 4.256759712006897e-05, 3.3777105272747576e-05, 2.3809818230802193e-05, 3.0184937713784166e-05, 2.478972055541817e-05, 2.629902883199975e-05, 5.763813169323839e-05, 6.229074642760679e-05, 2.4749719159444794e-05, 1.9030570911127143e-05, 2.966075044241734e-05, 2.4330585802090354e-05, 2.1340209059417248e-05, 1.7428217688575387e-05, 1.357722248940263e-05, 1.3100512660457753e-05, 1.4323220966616645e-05, 1.3461483831633814e-05, 7.960024049680214e-06, 5.943020823906409e-06, 5.476152637129417e-06, 5.1612591960292775e-06, 7.164675935200648e-06, 7.606758117617574e-06, 5.535845502890879e-06, 4.015324975625845e-06], "lowlevel.melbands.stdev": [0.007475628051906824, 0.00958741083741188, 0.002227834891527891, 0.0025380062870681286, 0.0005076279048807919, 0.0005806611152365804, 0.00041906547266989946, 0.0003967470256611705, 0.0003160495252814144, 0.00024255338939838111, 0.0002377449272898957, 0.00017815410683397204, 0.00012888404307886958, 0.00011406202975194901, 7.187759911175817e-05, 5.57046769245062e-05, 3.649439895525575e-05, 4.7217297833412886e-05, 3.68963555956725e-05, 3.0223220164771192e-05, 4.7984613047447056e-05, 4.689241904998198e-05, 1.5721976524218917e-05, 1.1635971532086842e-05, 1.580860589456279e-05, 1.3401991964201443e-05, 1.2757901458826382e-05, 1.1750011253752746e-05, 1.0167067557631526e-05, 9.661668627813924e-06, 1.2232522749400232e-05, 1.1690287465171423e-05, 7.862486199883278e-06, 6.3074171521293465e-06, 6.6619800236367155e-06, 6.684516847599298e-06, 1.0962721717078239e-05, 1.3614794625027571e-05, 9.957337169907987e-06, 7.098568858054932e-06], "lowlevel.melbands128.mean": [0.000372765411157161, 0.0019021667540073395, 0.010844468139111996, 0.018229037523269653, 0.01932920515537262, 0.01055542379617691, 0.0029274383559823036, 0.0007909894920885563, 0.0009550793329253793, 0.0009435750544071198, 0.00037031088140793145, 0.00019112671725451946, 0.00020839122589677572, 0.00020367723482195288, 0.00023452722234651446, 0.0002235753636341542, 0.00017591768119018525, 0.00019868470553774387, 0.00021804431162308902, 0.00020469258015509695, 0.00015276555495802313, 0.0001244802406290546, 0.00017320575716439635, 0.00016340770525857806, 0.00012611296551767737, 0.00013240310363471508, 0.00013477644824888557, 0.00011933096538996324, 0.00010848444799194112, 8.566453470848501e-05, 6.101087274146266e-05, 5.400850568548776e-05, 6.127038068370894e-05, 6.630775169469416e-05, 5.607094499282539e-05, 5.6758133723633364e-05, 5.7046829169848934e-05, 4.020694541395642e-05, 3.390352503629401e-05, 4.0565872041042894e-05, 3.3236003218917176e-05, 2.6448034986970015e-05, 2.1067193301860243e-05, 2.2852000256534666e-05, 2.9563025236711837e-05, 3.062238829443231e-05, 3.374842708581127e-05, 2.4252771254396066e-05, 2.08395576919429e-05, 2.3703061742708087e-05, 2.520309317333158e-05, 2.9828506740159355e-05, 4.672158684115857e-05, 6.90361630404368e-05, 8.430144953308627e-05, 6.540243339259177e-05, 4.472380896913819e-05, 2.5236629880964756e-05, 2.01617949642241e-05, 1.603506643732544e-05, 1.618249916646164e-05, 2.266374576720409e-05, 2.9441840524668805e-05, 3.337278758408502e-05, 2.7787840735982172e-05, 2.5065808586077765e-05, 2.147168015653733e-05, 1.908509511849843e-05, 2.2735821403330192e-05, 2.3219239665195346e-05, 1.672297548793722e-05, 1.4596264009014703e-05, 1.534757211629767e-05, 1.3410642168310005e-05, 1.1317904863972217e-05, 1.3478857908921782e-05, 1.3322197446541395e-05, 1.3911308997194283e-05, 1.4380142602021806e-05, 1.4566205209121108e-05, 1.5644216546206735e-05, 1.2602953574969433e-05, 9.478687388764229e-06, 7.59145359552349e-06, 6.433388080040459e-06, 6.346713689708849e-06, 5.5366135711665265e-06, 5.591468379861908e-06, 5.788773705717176e-06, 5.062182026449591e-06, 5.094111202197382e-06, 5.248100023891311e-06, 5.137881089467555e-06, 7.133643521228805e-06, 8.497366252413485e-06, 8.104157132038381e-06, 7.377561360044638e-06, 7.086669938871637e-06, 5.253206836641766e-06, 4.962494585925015e-06, 4.980577159585664e-06, 3.6490093862084905e-06, 3.2685159112588735e-06, 2.6699406134866877e-06, 1.7716566844683257e-06, 1.4335590776681784e-06, 1.5540771300948109e-06, 1.6141350442921976e-06, 1.1024483228538884e-06, 8.10626488600974e-07, 7.36904667064664e-07, 5.903233954995812e-07, 5.419442459242418e-07, 3.9086418723854877e-07, 2.806170300573285e-07, 2.1007757311508612e-07, 9.704511683139572e-08, 1.4775515033704778e-08, 4.464399960824039e-10, 1.886602159217876e-11, 1.4074047482992569e-11, 1.3909826415692272e-11, 1.3720562012931037e-11, 1.3461268558168094e-11, 1.2492636265737378e-11, 1.0896157240369853e-11, 9.997316342824636e-12, 9.819238304398237e-12], "lowlevel.melbands128.stdev": [0.00039652318810112774, 0.002562082139775157, 0.012182007543742657, 0.016742095351219177, 0.012801804579794407, 0.007572860922664404, 0.0031476980075240135, 0.001426175469532609, 0.0034333260264247656, 0.0037582479417324066, 0.0014181871665641665, 0.0005254134302958846, 0.0005397678469307721, 0.0005974126397632062, 0.0008093843352980912, 0.0007332527893595397, 0.0005645444616675377, 0.0004922032821923494, 0.0006067845970392227, 0.0005751611897721887, 0.0003853580274153501, 0.0002817456261254847, 0.000464705255581066, 0.0004238338442519307, 0.000277769286185503, 0.0003145824884995818, 0.0002888416638597846, 0.000274626596365124, 0.00031624699477106333, 0.0002553921949584037, 0.0001598704548086971, 0.000137683266075328, 0.00015676218026783317, 0.00017479746020399034, 0.00014183683379087597, 0.00013690248306374997, 0.00014132460637483746, 8.253263513324782e-05, 6.278401269810274e-05, 8.881549729267135e-05, 6.35860997135751e-05, 5.570621942752041e-05, 3.6568904761224985e-05, 4.908562914351933e-05, 6.609664706047624e-05, 5.327793405740522e-05, 6.92003668518737e-05, 4.4412052375264466e-05, 3.8922888052184135e-05, 3.898934301105328e-05, 3.256840500398539e-05, 4.226427336107008e-05, 5.0069564167642966e-05, 7.504607492592186e-05, 8.625999180367216e-05, 6.185453821672127e-05, 4.319734944147058e-05, 2.0316496375016868e-05, 1.824553510232363e-05, 1.3118962669977918e-05, 1.3674924957740586e-05, 1.760434861353133e-05, 2.183130527555477e-05, 2.323048101970926e-05, 2.0103287170059048e-05, 1.865387093857862e-05, 1.5978255760273896e-05, 1.3876894627173897e-05, 1.844534017436672e-05, 1.810377580113709e-05, 1.5924360923236236e-05, 1.2075744962203316e-05, 1.404308932251297e-05, 1.283308483834844e-05, 9.402700925420504e-06, 1.1844495020341128e-05, 1.1104299119324423e-05, 1.4005734556121752e-05, 1.4966753042244818e-05, 1.446562964702025e-05, 1.582391996635124e-05, 1.2570573744596913e-05, 1.0449043656990398e-05, 8.849114237818867e-06, 7.261191967700142e-06, 7.684020602027886e-06, 6.472300810855813e-06, 6.738937827321934e-06, 8.038372470764443e-06, 6.974698408157565e-06, 7.284761068149237e-06, 7.2686016210354865e-06, 7.961624760355335e-06, 1.178905222332105e-05, 1.448443526896881e-05, 1.4561695024895016e-05, 1.4733032003277913e-05, 1.3569903785537463e-05, 1.0086604561365675e-05, 9.563943422108423e-06, 9.128026249527466e-06, 6.7514465627027676e-06, 6.308374850050313e-06, 5.154017344466411e-06, 2.982107162097236e-06, 2.319840859854594e-06, 2.635113332871697e-06, 2.8156650841992814e-06, 2.107558884745231e-06, 1.4742472558282316e-06, 1.506345483903715e-06, 1.2419475297065219e-06, 1.1595984688028693e-06, 8.639540851618221e-07, 5.781927256975905e-07, 5.832006877426466e-07, 2.646089853897138e-07, 6.942850916402676e-08, 9.58312362797642e-09, 1.4882295396034806e-10, 6.907432958946913e-11, 6.90735593722458e-11, 6.938937618938823e-11, 6.67726915426492e-11, 4.991758395522794e-11, 2.2769355845220218e-11, 1.324640831051882e-11, 1.2943346047733506e-11], "lowlevel.mfcc.mean": [-577.8104248046875, 79.55428314208984, 16.325817108154297, 41.370025634765625, 16.91753578186035, 12.361679077148438, 13.897870063781738, 19.09375, 17.6130428314209, 9.113358497619629, 5.518294811248779, 7.707715034484863, 2.171736717224121], "lowlevel.spectral_contrast_coeffs.mean": [-0.6520313024520874, -0.8014743328094482, -0.8094949722290039, -0.8098360300064087, -0.8006617426872253, -0.7436381578445435], "lowlevel.spectral_contrast_coeffs.stdev": [0.05952301248908043, 0.06192704290151596, 0.04224196448922157, 0.031667210161685944, 0.020072143524885178, 0.03399205580353737], "lowlevel.spectral_contrast_valleys.mean": [-6.309255123138428, -6.509461879730225, -6.943898677825928, -7.087351322174072, -6.5166916847229, -9.032541275024414], "lowlevel.spectral_contrast_valleys.stdev": [0.5631073713302612, 0.5204063057899475, 0.4902805685997009, 0.3844456970691681, 0.303489089012146, 0.5760906338691711], "rhythm.beats_loudness_band_ratio.mean": [0.7778379321098328, 0.09153667837381363, 0.05249959975481033, 0.030144350603222847, 0.043428074568510056, 0.05557527020573616], "rhythm.beats_loudness_band_ratio.stdev": [0.10514802485704422, 0.09903132915496826, 0.05253097414970398, 0.02993180975317955, 0.02576472796499729, 0.02762295864522457], "tonal.hpcp.mean": [0.37363767623901367, 0.26321083307266235, 0.0939064472913742, 0.06827764958143234, 0.049485303461551666, 0.02792356163263321, 0.020567189902067184, 0.0190330408513546, 0.02553759142756462, 0.028906578198075294, 0.02695603109896183, 0.0383891798555851, 0.052568867802619934, 0.0612141489982605, 0.10004302859306335, 0.18860086798667908, 0.2500046491622925, 0.21140186488628387, 0.1398279368877411, 0.08278219401836395, 0.04546612501144409, 0.03387302905321121, 0.03506675362586975, 0.04283767566084862, 0.044551875442266464, 0.047484975308179855, 0.052715227007865906, 0.05972821265459061, 0.05778215080499649, 0.061354827135801315, 0.08638040721416473, 0.08524012565612793, 0.07630252838134766, 0.08812543004751205, 0.1036989763379097, 0.22611427307128906], "tonal.hpcp.stdev": [0.42016923427581787, 0.3421333134174347, 0.21584166586399078, 0.19000308215618134, 0.14572951197624207, 0.10768017917871475, 0.0804314985871315, 0.06590589135885239, 0.09390946477651596, 0.10166821628808975, 0.08570200204849243, 0.12196804583072662, 0.16079081594944, 0.16291864216327667, 0.2091900259256363, 0.2915165424346924, 0.33472177386283875, 0.3160075843334198, 0.2750331461429596, 0.21383023262023926, 0.14562562108039856, 0.13373184204101562, 0.13304845988750458, 0.16001853346824646, 0.16248038411140442, 0.16573254764080048, 0.175625741481781, 0.18792226910591125, 0.1849852204322815, 0.17922551929950714, 0.24127119779586792, 0.22188426554203033, 0.20298920571804047, 0.21608684957027435, 0.23186855018138885, 0.30876949429512024], "rhythm.beats_position": [0.30185940861701965, 0.6153287887573242, 0.952018141746521, 1.2887074947357178, 1.6253968477249146, 1.9620860815048218, 2.3103854656219482, 2.6470746994018555, 2.9953742027282715, 3.3436734676361084, 3.6803627014160156, 4.017052173614502, 4.36535120010376, 4.713650703430176, 5.050340175628662, 5.38702917098999, 5.735328674316406, 6.083628177642822, 6.42031717300415, 6.757006645202637, 7.105306148529053, 7.4536051750183105, 7.801904678344727, 8.150203704833984, 8.486893653869629, 8.823582649230957, 9.171881675720215, 9.50857162475586, 9.856870651245117, 10.193559646606445, 10.54185962677002, 10.890158653259277, 11.226847648620605, 11.56353759765625, 11.911836624145508, 12.260135650634766, 12.59682559967041, 12.933514595031738, 13.281813621520996, 13.63011360168457, 13.966802597045898, 14.303491592407227, 14.6517915725708, 15.000090599060059, 15.336779594421387, 15.673469543457031, 16.01015853881836, 16.358457565307617, 16.695146560668945, 17.043445587158203, 17.391746520996094, 17.74004554748535, 18.08834457397461, 18.436643600463867, 18.773332595825195, 19.110021591186523, 19.446712493896484, 19.783401489257812, 20.13170051574707, 20.479999542236328, 20.828298568725586, 21.176597595214844, 21.513288497924805, 21.849977493286133, 22.19827651977539, 22.53496551513672, 22.883264541625977, 23.219953536987305, 23.568254470825195, 23.916553497314453, 24.26485252380371, 24.58993148803711, 24.938230514526367, 25.274919509887695, 25.611610412597656, 25.959909439086914, 26.308208465576172, 26.65650749206543, 26.993196487426758, 27.329885482788086, 27.678184509277344, 28.026485443115234, 28.363174438476562, 28.69986343383789, 29.04816246032715, 29.396461486816406, 29.733150482177734, 30.081451416015625, 30.418140411376953, 30.76643943786621, 31.10312843322754, 31.451427459716797, 31.788116455078125, 32.136417388916016, 32.473106384277344, 32.80979537963867, 33.15809631347656, 33.50639343261719, 33.85469436645508, 34.191383361816406, 34.528072357177734, 34.87636947631836, 35.22467041015625, 35.56135940551758, 35.898048400878906, 36.2463493347168, 36.59464645385742, 36.94294738769531, 37.27963638305664, 37.62793731689453, 37.96462631225586, 38.312923431396484], "rhythm.bpm_histogram": [0.0, 0.0, 0.0, 0.0, 0.0, 0.0, 0.0, 0.0, 0.0, 0.0, 0.0, 0.0, 0.0, 0.0, 0.0, 0.0, 0.0, 0.0, 0.0, 0.0, 0.0, 0.0, 0.0, 0.0, 0.0, 0.0, 0.0, 0.0, 0.0, 0.0, 0.0, 0.0, 0.0, 0.0, 0.0, 0.0, 0.0, 0.0, 0.0, 0.0, 0.0, 0.0, 0.0, 0.0, 0.0, 0.0, 0.0, 0.0, 0.0, 0.0, 0.0, 0.0, 0.0, 0.0, 0.0, 0.0, 0.0, 0.0, 0.0, 0.0, 0.0, 0.0, 0.0, 0.0, 0.0, 0.0, 0.0, 0.0, 0.0, 0.0, 0.0, 0.0, 0.0, 0.0, 0.0, 0.0, 0.0, 0.0, 0.0, 0.0, 0.0, 0.0, 0.0, 0.0, 0.0, 0.0, 0.0, 0.0, 0.0, 0.0, 0.0, 0.0, 0.0, 0.0, 0.0, 0.0, 0.0, 0.0, 0.0, 0.0, 0.0, 0.0, 0.0, 0.0, 0.0, 0.0, 0.0, 0.0, 0.0, 0.0, 0.0, 0.0, 0.0, 0.0, 0.0, 0.0, 0.0, 0.0, 0.0, 0.0, 0.0, 0.0, 0.0, 0.0, 0.0, 0.0, 0.0, 0.0, 0.0, 0.0, 0.0, 0.0, 0.0, 0.0, 0.0, 0.0, 0.0, 0.0, 0.0, 0.0, 0.0, 0.0, 0.0, 0.0, 0.0, 0.0, 0.0, 0.0, 0.0, 0.0, 0.0, 0.0, 0.0, 0.0, 0.0, 0.0, 0.0, 0.0, 0.0, 0.0, 0.0, 0.0, 0.0, 0.0, 0.0, 0.0, 0.0, 0.0, 0.0, 0.0, 0.0, 0.0, 0.522522509098053, 0.0, 0.0, 0.0, 0.0, 0.0, 0.45945945382118225, 0.0, 0.0, 0.0, 0.0, 0.0, 0.0, 0.009009009227156639, 0.0, 0.0, 0.0, 0.0, 0.0, 0.009009009227156639, 0.0, 0.0, 0.0, 0.0, 0.0, 0.0, 0.0, 0.0, 0.0, 0.0, 0.0, 0.0, 0.0, 0.0, 0.0, 0.0, 0.0, 0.0, 0.0, 0.0, 0.0, 0.0, 0.0, 0.0, 0.0, 0.0, 0.0, 0.0, 0.0, 0.0, 0.0, 0.0, 0.0, 0.0, 0.0, 0.0, 0.0, 0.0, 0.0, 0.0, 0.0, 0.0, 0.0, 0.0, 0.0, 0.0, 0.0, 0.0, 0.0, 0.0, 0.0, 0.0, 0.0, 0.0, 0.0, 0.0, 0.0, 0.0], "tonal.chords_histogram": [40.59880065917969, 0.0, 0.0, 0.0, 0.0, 0.0, 4.191616535186768, 0.0, 0.0, 0.0, 0.359281450510025, 0.0, 0.598802387714386, 3.3532934188842773, 0.0, 6.706586837768555, 0.0, 31.497005462646484, 0.0, 0.0, 0.0, 0.0, 10.538922309875488, 2.155688524246216], "tonal.thpcp": [1.0, 0.7044547200202942, 0.2513302266597748, 0.1827375888824463, 0.1324419528245926, 0.07473433017730713, 0.05504581332206726, 0.050939831882715225, 0.06834854185581207, 0.07736526429653168, 0.07214484363794327, 0.10274440050125122, 0.1406947672367096, 0.1638329178094864, 0.26775413751602173, 0.5047693848609924, 0.6691098213195801, 0.5657937526702881, 0.37423405051231384, 0.2215574085712433, 0.12168506532907486, 0.09065742045640945, 0.09385229647159576, 0.11465030908584595, 0.11923817545175552, 0.1270882934331894, 0.14108648896217346, 0.15985596179962158, 0.15464754402637482, 0.16420942544937134, 0.2311876267194748, 0.22813579440116882, 0.20421528816223145, 0.2358579933643341, 0.27753886580467224, 0.6051698923110962], "lowlevel.gfcc.cov": [[1175.03759765625, -85.45181274414062, 167.3927459716797, -122.5304946899414, -98.46151733398438, -17.034757614135742, -160.42227172851562, -80.75547790527344, -57.91741180419922, 63.7008171081543, 12.240877151489258, 59.511512756347656, -51.64995193481445], [-85.45181274414062, 465.0165710449219, -196.60682678222656, -20.756113052368164, -5.974621295928955, -101.24375915527344, 68.1218032836914, -62.105648040771484, 61.66579055786133, -2.2109313011169434, 53.19947814941406, -4.226428985595703, 40.896060943603516], [167.3927459716797, -196.60682678222656, 270.4195861816406, 33.5063362121582, 15.459489822387695, -3.185657262802124, -87.16277313232422, -21.770774841308594, -47.64091491699219, 15.414737701416016, -16.017847061157227, 30.618017196655273, -14.239006042480469], [-122.5304946899414, -20.756113052368164, 33.5063362121582, 214.71771240234375, 60.483551025390625, -2.8085691928863525, 4.439029693603516, -17.292734146118164, 20.941808700561523, -28.688732147216797, -4.552611351013184, -29.348825454711914, 36.59973907470703], [-98.46151733398438, -5.974621295928955, 15.459489822387695, 60.483551025390625, 117.2104721069336, 24.471843719482422, 47.119197845458984, 10.8494873046875, 16.524898529052734, -3.5134449005126953, -10.8405179977417, -12.470843315124512, 14.651254653930664], [-17.034757614135742, -101.24375915527344, -3.185657262802124, -2.8085691928863525, 24.471843719482422, 113.69805908203125, 67.27476501464844, 62.17134475708008, -12.505284309387207, -26.96147918701172, -9.86272144317627, -17.209644317626953, -6.037326812744141], [-160.42227172851562, 68.1218032836914, -87.16277313232422, 4.439029693603516, 47.119197845458984, 67.27476501464844, 207.28591918945312, 86.1944580078125, 16.18044662475586, -54.19482421875, -14.328267097473145, -14.657456398010254, 4.220715522766113], [-80.75547790527344, -62.105648040771484, -21.770774841308594, -17.292734146118164, 10.8494873046875, 62.17134475708008, 86.1944580078125, 121.78091430664062, 24.20396614074707, -8.662386894226074, -7.457252502441406, -15.753462791442871, -9.30093002319336], [-57.91741180419922, 61.66579055786133, -47.64091491699219, 20.941808700561523, 16.524898529052734, -12.505284309387207, 16.18044662475586, 24.20396614074707, 82.6352767944336, 40.1020622253418, 25.63892936706543, -14.623167037963867, 2.3469324111938477], [63.7008171081543, -2.2109313011169434, 15.414737701416016, -28.688732147216797, -3.5134449005126953, -26.96147918701172, -54.19482421875, -8.662386894226074, 40.1020622253418, 86.37985229492188, 37.66974639892578, 11.30344295501709, -16.530986785888672], [12.240877151489258, 53.19947814941406, -16.017847061157227, -4.552611351013184, -10.8405179977417, -9.86272144317627, -14.328267097473145, -7.457252502441406, 25.63892936706543, 37.66974639892578, 68.05089569091797, 17.527950286865234, 3.9881865978240967], [59.511512756347656, -4.226428985595703, 30.618017196655273, -29.348825454711914, -12.470843315124512, -17.209644317626953, -14.657456398010254, -15.753462791442871, -14.623167037963867, 11.30344295501709, 17.527950286865234, 56.26868438720703, 14.813270568847656], [-51.64995193481445, 40.896060943603516, -14.239006042480469, 36.59973907470703, 14.651254653930664, -6.037326812744141, 4.220715522766113, -9.30093002319336, 2.3469324111938477, -16.530986785888672, 3.9881865978240967, 14.813270568847656, 57.553409576416016]], "lowlevel.gfcc.icov": [[0.0012420229613780975, -0.0006771984626539052, -0.0007571722962893546, 8.344967500306666e-05, 0.000837618310470134, -0.0015131741529330611, 0.0007159827509894967, 0.0004390750254970044, 0.00011558104597497731, -0.000808495155069977, 0.0009088882361538708, -0.001235881121829152, 0.001020093564875424], [-0.0006771984626539052, 0.009193871170282364, 0.0027568265795707703, 0.0038310717791318893, -0.0010319266002625227, 0.00961274467408657, -0.006374714896082878, 0.005957628600299358, -0.0037447672802954912, 0.004228303674608469, -0.007966950535774231, 0.006873801816254854, -0.006043491419404745], [-0.0007571722962893546, 0.0027568265795707703, 0.008064745925366879, -0.0019419947639107704, -0.002696084789931774, 0.00252997106872499, 0.0015035250689834356, -0.0010076358448714018, 0.0029982910491526127, -0.0003684206458274275, -0.0001915798638947308, -0.0037249932065606117, 0.0020143522415310144], [8.344967500306666e-05, 0.0038310717791318893, -0.0019419947639107704, 0.010612154379487038, -0.0030644882936030626, 0.0045887441374361515, -0.0022698761895298958, 0.004628887865692377, -0.00592694990336895, 0.007099118549376726, -0.006162861827760935, 0.009104917757213116, -0.007336025591939688], [0.000837618310470134, -0.0010319266002625227, -0.002696084789931774, -0.0030644882936030626, 0.014435323886573315, -0.004494981840252876, -0.004484689328819513, 0.0031921048648655415, -0.0010400637984275818, -0.0068928212858736515, 0.005050541367381811, 0.0007930550491437316, -0.003026318969205022], [-0.0015131741529330611, 0.00961274467408657, 0.00252997106872499, 0.0045887441374361515, -0.004494981840252876, 0.026593966409564018, -0.008618611842393875, -0.0017627390334382653, 0.0025182957760989666, 0.006245769094675779, -0.012523199431598186, 0.012869283556938171, -0.006952829193323851], [0.0007159827509894967, -0.006374714896082878, 0.0015035250689834356, -0.0022698761895298958, -0.004484689328819513, -0.008618611842393875, 0.01745188608765602, -0.010110879316926003, -0.0009887648047879338, 0.00694337859749794, 0.004372664727270603, -0.010466715320944786, 0.00873707514256239], [0.0004390750254970044, 0.005957628600299358, -0.0010076358448714018, 0.004628887865692377, 0.0031921048648655415, -0.0017627390334382653, -0.010110879316926003, 0.022120265290141106, -0.009994043968617916, 0.0009839681442826986, -0.002102639526128769, 0.005675469059497118, -0.00433841859921813], [0.00011558104597497731, -0.0037447672802954912, 0.0029982910491526127, -0.00592694990336895, -0.0010400637984275818, 0.0025182957760989666, -0.0009887648047879338, -0.009994043968617916, 0.03264292702078819, -0.01954096183180809, -0.0006701432866975665, 0.00551627716049552, -0.0020552854984998703], [-0.000808495155069977, 0.004228303674608469, -0.0003684206458274275, 0.007099118549376726, -0.0068928212858736515, 0.006245769094675779, 0.00694337859749794, 0.0009839681442826986, -0.01954096183180809, 0.038078125566244125, -0.014905939809978008, -0.002413954818621278, 0.007112124469131231], [0.0009088882361538708, -0.007966950535774231, -0.0001915798638947308, -0.006162861827760935, 0.005050541367381811, -0.012523199431598186, 0.004372664727270603, -0.002102639526128769, -0.0006701432866975665, -0.014905939809978008, 0.03213893249630928, -0.015212269499897957, 0.004522872623056173], [-0.001235881121829152, 0.006873801816254854, -0.0037249932065606117, 0.009104917757213116, 0.0007930550491437316, 0.012869283556938171, -0.010466715320944786, 0.005675469059497118, 0.00551627716049552, -0.002413954818621278, -0.015212269499897957, 0.04136894643306732, -0.02038407139480114], [0.001020093564875424, -0.006043491419404745, 0.0020143522415310144, -0.007336025591939688, -0.003026318969205022, -0.006952829193323851, 0.00873707514256239, -0.00433841859921813, -0.0020552854984998703, 0.007112124469131231, 0.004522872623056173, -0.02038407139480114, 0.033507440239191055]], "lowlevel.mfcc.cov": [[1068.158447265625, 18.63397789001465, 106.58656311035156, -104.58687591552734, -9.654994010925293, -8.69693660736084, -78.1842269897461, -98.82098388671875, -97.2393569946289, -56.171241760253906, -0.6259595155715942, 16.23932647705078, 7.660988807678223], [18.63397789001465, 381.77313232421875, -139.08551025390625, -0.6812351942062378, -98.63713836669922, -11.916486740112305, -40.20823669433594, -28.4876766204834, -20.373891830444336, -24.539791107177734, 18.38754653930664, 23.75349235534668, 23.231464385986328], [106.58656311035156, -139.08551025390625, 203.30865478515625, 6.718690395355225, 60.26123809814453, -12.89138126373291, -21.32487678527832, -38.8780632019043, -42.92720413208008, -30.51298713684082, -21.697132110595703, -18.154449462890625, -2.630188465118408], [-104.58687591552734, -0.6812351942062378, 6.718690395355225, 193.22113037109375, 44.73507308959961, 37.398921966552734, -24.759855270385742, -7.433748245239258, 7.005796909332275, 8.929166793823242, -14.38932991027832, -29.478872299194336, -3.6810405254364014], [-9.654994010925293, -98.63713836669922, 60.26123809814453, 44.73507308959961, 127.97779846191406, 21.645124435424805, -23.340438842773438, -49.595767974853516, -10.569326400756836, 10.279414176940918, -8.744926452636719, -14.37236213684082, -5.488373279571533], [-8.69693660736084, -11.916486740112305, -12.89138126373291, 37.398921966552734, 21.645124435424805, 68.92427825927734, 18.606338500976562, 8.399986267089844, 3.257363796234131, 2.699483871459961, -4.660739898681641, -13.406903266906738, -10.613778114318848], [-78.1842269897461, -40.20823669433594, -21.32487678527832, -24.759855270385742, -23.340438842773438, 18.606338500976562, 127.68807220458984, 102.8683090209961, 52.10707473754883, 12.537510871887207, 2.201995611190796, 3.1652557849884033, -8.780405044555664], [-98.82098388671875, -28.4876766204834, -38.8780632019043, -7.433748245239258, -49.595767974853516, 8.399986267089844, 102.8683090209961, 145.0397491455078, 75.33626556396484, 22.749950408935547, -2.399667501449585, -2.7893218994140625, -8.145267486572266], [-97.2393569946289, -20.373891830444336, -42.92720413208008, 7.005796909332275, -10.569326400756836, 3.257363796234131, 52.10707473754883, 75.33626556396484, 90.92952728271484, 41.334041595458984, 9.279047012329102, -3.947705030441284, -8.08660888671875], [-56.171241760253906, -24.539791107177734, -30.51298713684082, 8.929166793823242, 10.279414176940918, 2.699483871459961, 12.537510871887207, 22.749950408935547, 41.334041595458984, 65.36795043945312, 32.65178298950195, 12.7233247756958, -3.641993284225464], [-0.6259595155715942, 18.38754653930664, -21.697132110595703, -14.38932991027832, -8.744926452636719, -4.660739898681641, 2.201995611190796, -2.399667501449585, 9.279047012329102, 32.65178298950195, 69.00439453125, 41.94225311279297, 6.59553861618042], [16.23932647705078, 23.75349235534668, -18.154449462890625, -29.478872299194336, -14.37236213684082, -13.406903266906738, 3.1652557849884033, -2.7893218994140625, -3.947705030441284, 12.7233247756958, 41.94225311279297, 70.42955780029297, 29.91611099243164], [7.660988807678223, 23.231464385986328, -2.630188465118408, -3.6810405254364014, -5.488373279571533, -10.613778114318848, -8.780405044555664, -8.145267486572266, -8.08660888671875, -3.641993284225464, 6.59553861618042, 29.91611099243164, 51.951744079589844]], "lowlevel.mfcc.icov": [[0.0011852473253384233, -0.00013876304728910327, -0.0007205776055343449, 0.000765661767218262, 0.0003364856238476932, -0.0007709070341661572, 0.0006376819801516831, 0.0001175920624518767, 0.00035994956851936877, 0.00019368520588614047, -6.216247857082635e-05, -0.00021979049779474735, 0.00011336617171764374], [-0.00013876304728910327, 0.005268662236630917, 0.003496290184557438, -0.0010640027467161417, 0.0032279782462865114, 0.00038202074938453734, 0.0005439287633635104, 0.0020645761396735907, -0.00022700273257214576, 0.0030808700248599052, -0.0015980340540409088, 0.00041503223474137485, -0.0012547099031507969], [-0.0007205776055343449, 0.003496290184557438, 0.009871521964669228, -0.0010708285262808204, -0.002463888842612505, 0.003698189975693822, -0.00041299115400761366, -0.00025118960184045136, 0.0029759553726762533, 0.0044072833843529224, -0.0017919782549142838, 0.0020931693725287914, -0.0008528751786798239], [0.000765661767218262, -0.0010640027467161417, -0.0010708285262808204, 0.007730797864496708, -0.0022777370177209377, -0.004166922066360712, 0.003673482919111848, -0.0024606420192867517, -0.00028439497691579163, -0.0009685975383035839, -6.36679760646075e-05, 0.0024660471826791763, -0.0015245743561536074], [0.0003364856238476932, 0.0032279782462865114, -0.002463888842612505, -0.0022777370177209377, 0.016627289354801178, -0.0040908255614340305, -0.0024860913399606943, 0.010143319144845009, -0.003292897017672658, -0.004158297553658485, 0.002997189061716199, -0.0006280608358792961, -0.0005111742066219449], [-0.0007709070341661572, 0.00038202074938453734, 0.003698189975693822, -0.004166922066360712, -0.0040908255614340305, 0.020795507356524467, -0.005724410060793161, -1.1320780686219223e-05, 0.0034978073090314865, 0.0007241920102387667, -0.001407734351232648, 0.0027460060082376003, 0.001874609850347042], [0.0006376819801516831, 0.0005439287633635104, -0.00041299115400761366, 0.003673482919111848, -0.0024860913399606943, -0.005724410060793161, 0.02248058095574379, -0.015906255692243576, -0.0011197655694559216, 0.004154460038989782, -0.0019523755181580782, -0.002444933634251356, 0.0015482718590646982], [0.0001175920624518767, 0.0020645761396735907, -0.00025118960184045136, -0.0024606420192867517, 0.010143319144845009, -1.1320780686219223e-05, -0.015906255692243576, 0.028883062303066254, -0.012803863734006882, -0.0016231754561886191, 0.004806217737495899, -0.0010338523425161839, -0.00033988317591138184], [0.00035994956851936877, -0.00022700273257214576, 0.0029759553726762533, -0.00028439497691579163, -0.003292897017672658, 0.0034978073090314865, -0.0011197655694559216, -0.012803863734006882, 0.02944440394639969, -0.012675863690674305, -0.00031466211657971144, 0.0045293471775949, -0.0005247024819254875], [0.00019368520588614047, 0.0030808700248599052, 0.0044072833843529224, -0.0009685975383035839, -0.004158297553658485, 0.0007241920102387667, 0.004154460038989782, -0.0016231754561886191, -0.012675863690674305, 0.03493474796414375, -0.01548753958195448, 0.00041661239811219275, 0.0011068537132814527], [-6.216247857082635e-05, -0.0015980340540409088, -0.0017919782549142838, -6.36679760646075e-05, 0.002997189061716199, -0.001407734351232648, -0.0019523755181580782, 0.004806217737495899, -0.00031466211657971144, -0.01548753958195448, 0.03326379880309105, -0.019229549914598465, 0.006796644069254398], [-0.00021979049779474735, 0.00041503223474137485, 0.0020931693725287914, 0.0024660471826791763, -0.0006280608358792961, 0.0027460060082376003, -0.002444933634251356, -0.0010338523425161839, 0.0045293471775949, 0.00041661239811219275, -0.019229549914598465, 0.03495623543858528, -0.01690695807337761], [0.00011336617171764374, -0.0012547099031507969, -0.0008528751786798239, -0.0015245743561536074, -0.0005111742066219449, 0.001874609850347042, 0.0015482718590646982, -0.00033988317591138184, -0.0005247024819254875, 0.0011068537132814527, 0.006796644069254398, -0.01690695807337761, 0.