{"song_id": "1182270726988906506", "download": "https://cdn.discordapp.com/attachments/1128313332273782784/1182270726988906506/chirp.mp4?ex=6584166a&amp", "lyrics": "[intro]\n[verse 1]\n\u042f \u043d\u0430\u0432\u0441\u0435\u0433\u0434\u0430 \u0437\u0430\u043f\u043e\u043c\u043d\u044e \u043d\u043e\u0447\u044c, \n\u041a\u043e\u0433\u0434\u0430 \u0432\u0441\u0451 \u044d\u0442\u043e \u043d\u0430\u0447\u0430\u043b\u043e\u0441\u044c \n\u041f\u043e\u0434 \u0443\u0442\u0440\u043e \u044f \u0441 \u0443\u043c\u0430 \u0441\u043e\u0448\u043b\u0430 \n\u0417\u0430\u0447\u0435\u043c \u0436\u0435 \u044f \u0442\u0435\u0431\u044f \u043d\u0430\u0448\u043b\u0430!?", "style": ["rock</span><span>, female vocal</span><span>, piano"], "essentia_features": {"lowlevel.average_loudness": 0.969049870967865, "lowlevel.barkbands_crest.mean": 23.074100494384766, "lowlevel.barkbands_crest.stdev": 4.375205039978027, "lowlevel.barkbands_flatness_db.mean": 0.39601659774780273, "lowlevel.barkbands_flatness_db.stdev": 0.12367535382509232, "lowlevel.barkbands_kurtosis.mean": 178.4728240966797, "lowlevel.barkbands_kurtosis.stdev": 279.4733581542969, "lowlevel.barkbands_skewness.mean": 8.041664123535156, "lowlevel.barkbands_skewness.stdev": 6.3205413818359375, "lowlevel.barkbands_spread.mean": 6.156363010406494, "lowlevel.barkbands_spread.stdev": 18.457984924316406, "lowlevel.dissonance.mean": 0.41873928904533386, "lowlevel.dissonance.stdev": 0.05751549452543259, "lowlevel.dynamic_complexity": 3.393561601638794, "lowlevel.erbbands_crest.mean": 14.780801773071289, "lowlevel.erbbands_crest.stdev": 5.960193634033203, "lowlevel.erbbands_flatness_db.mean": 0.21772292256355286, "lowlevel.erbbands_flatness_db.stdev": 0.07322325557470322, "lowlevel.erbbands_kurtosis.mean": 9.563053131103516, "lowlevel.erbbands_kurtosis.stdev": 20.15778160095215, "lowlevel.erbbands_skewness.mean": 1.3150787353515625, "lowlevel.erbbands_skewness.stdev": 2.1603214740753174, "lowlevel.erbbands_spread.mean": 36.33427047729492, "lowlevel.erbbands_spread.stdev": 36.267005920410156, "lowlevel.hfc.mean": 24.41323471069336, "lowlevel.hfc.stdev": 19.495389938354492, "lowlevel.loudness_ebu128.integrated": -22.028310775756836, "lowlevel.loudness_ebu128.loudness_range": 2.7501220703125, "lowlevel.loudness_ebu128.momentary.mean": -22.97844123840332, "lowlevel.loudness_ebu128.momentary.stdev": 4.656584739685059, "lowlevel.loudness_ebu128.short_term.mean": -22.1741886138916, "lowlevel.loudness_ebu128.short_term.stdev": 1.0117613077163696, "lowlevel.melbands_crest.mean": 28.173267364501953, "lowlevel.melbands_crest.stdev": 5.075210094451904, "lowlevel.melbands_flatness_db.mean": 0.501545786857605, "lowlevel.melbands_flatness_db.stdev": 0.15742583572864532, "lowlevel.melbands_kurtosis.mean": 149.13108825683594, "lowlevel.melbands_kurtosis.stdev": 218.1805419921875, "lowlevel.melbands_skewness.mean": 7.077402114868164, "lowlevel.melbands_skewness.stdev": 5.279193878173828, "lowlevel.melbands_spread.mean": 8.099462509155273, "lowlevel.melbands_spread.stdev": 30.890031814575195, "lowlevel.pitch_salience.mean": 0.20769312977790833, "lowlevel.pitch_salience.stdev": 0.14440496265888214, "lowlevel.silence_rate_20dB.mean": 0.733137845993042, "lowlevel.silence_rate_20dB.stdev": 0.44231900572776794, "lowlevel.silence_rate_30dB.mean": 0.17008797824382782, "lowlevel.silence_rate_30dB.stdev": 0.37571075558662415, "lowlevel.silence_rate_60dB.mean": 0.04838709533214569, "lowlevel.silence_rate_60dB.stdev": 0.2145848423242569, "lowlevel.spectral_centroid.mean": 596.2738647460938, "lowlevel.spectral_centroid.stdev": 756.843994140625, "lowlevel.spectral_complexity.mean": 6.504398822784424, "lowlevel.spectral_complexity.stdev": 3.8384671211242676, "lowlevel.spectral_decrease.mean": -6.31251353411244e-08, "lowlevel.spectral_decrease.stdev": 4.1894583802104535e-08, "lowlevel.spectral_energy.mean": 0.24046312272548676, "lowlevel.spectral_energy.stdev": 0.1591397076845169, "lowlevel.spectral_energyband_high.mean": 0.0002504790318198502, "lowlevel.spectral_energyband_high.stdev": 0.0006425483734346926, "lowlevel.spectral_energyband_low.mean": 0.22801651060581207, "lowlevel.spectral_energyband_low.stdev": 0.1571718156337738, "lowlevel.spectral_energyband_middle_high.mean": 0.005344371777027845, "lowlevel.spectral_energyband_middle_high.stdev": 0.01292843371629715, "lowlevel.spectral_energyband_middle_low.mean": 0.007586893159896135, "lowlevel.spectral_energyband_middle_low.stdev": 0.009547139517962933, "lowlevel.spectral_entropy.mean": 6.463133335113525, "lowlevel.spectral_entropy.stdev": 0.9930206537246704, "lowlevel.spectral_flux.mean": 0.09433268755674362, "lowlevel.spectral_flux.stdev": 0.07455382496118546, "lowlevel.spectral_kurtosis.mean": 15.944698333740234, "lowlevel.spectral_kurtosis.stdev": 23.030908584594727, "lowlevel.spectral_rms.mean": 0.014218163676559925, "lowlevel.spectral_rms.stdev": 0.005695783533155918, "lowlevel.spectral_rolloff.mean": 580.4440307617188, "lowlevel.spectral_rolloff.stdev": 2194.955810546875, "lowlevel.spectral_skewness.mean": 2.7886898517608643, "lowlevel.spectral_skewness.stdev": 1.8576011657714844, "lowlevel.spectral_spread.mean": 4513299.5, "lowlevel.spectral_spread.stdev": 2760912.5, "lowlevel.spectral_strongpeak.mean": 1.2005499601364136, "lowlevel.spectral_strongpeak.stdev": 0.9980676770210266, "lowlevel.zerocrossingrate.mean": 0.022249730303883553, "lowlevel.zerocrossingrate.stdev": 0.06344567239284515, "metadata.audio_properties.analysis.equal_loudness": 0.0, "metadata.audio_properties.analysis.length": 15.807981491088867, "metadata.audio_properties.analysis.sample_rate": 44100.0, "metadata.audio_properties.analysis.start_time": 0.0, "metadata.audio_properties.bit_rate": 115030.0, "metadata.audio_properties.length": 15.807999610900879, "metadata.audio_properties.lossless": 0.0, "metadata.audio_properties.number_channels": 1.0, "metadata.audio_properties.replay_gain": 1.2079715728759766, "metadata.audio_properties.sample_rate": 48000.0, "rhythm.beats_count": 31.0, "rhythm.beats_loudness.mean": 0.33515313267707825, "rhythm.beats_loudness.stdev": 0.14579136669635773, "rhythm.bpm": 119.90276336669922, "rhythm.bpm_histogram_first_peak_bpm": 120.0, "rhythm.bpm_histogram_first_peak_weight": 0.10344827175140381, "rhythm.bpm_histogram_second_peak_bpm": 115.0, "rhythm.bpm_histogram_second_peak_spread": 0.0, "rhythm.bpm_histogram_second_peak_weight": 0.03333333507180214, "rhythm.danceability": 1.2018808126449585, "rhythm.onset_rate": 3.728419542312622, "tonal.chords_changes_rate": 0.05847953259944916, "tonal.chords_number_rate": 0.020467836409807205, "tonal.chords_strength.mean": 0.5072237253189087, "tonal.chords_strength.stdev": 0.08302267640829086, "tonal.hpcp_crest.mean": 14.375057220458984, "tonal.hpcp_crest.stdev": 5.379586696624756, "tonal.hpcp_entropy.mean": 1.6997040510177612, "tonal.hpcp_entropy.stdev": 0.6158007979393005, "tonal.key_edma.strength": 0.5218133330345154, "tonal.key_krumhansl.strength": 0.5368809103965759, "tonal.key_temperley.strength": 0.5412326455116272, "tonal.tuning_diatonic_strength": 0.4974459707736969, "tonal.tuning_equal_tempered_deviation": 0.1056348979473114, "tonal.tuning_frequency": 434.4440002441406, "tonal.tuning_nontempered_energy_ratio": 0.7614201307296753, "lowlevel.barkbands.mean": [0.0044199563562870026, 0.2150249481201172, 0.00794680044054985, 0.0011068724561482668, 0.001896462170407176, 0.0013131768209859729, 0.0003275831404607743, 0.0011728069512173533, 0.0015314234187826514, 0.0018398399697616696, 0.0021832757629454136, 0.000368237670045346, 0.000498232722748071, 0.0003067056823056191, 0.00011173964594490826, 4.647934838430956e-05, 4.005221126135439e-05, 3.895333793479949e-05, 2.170573134208098e-05, 5.12791084474884e-05, 4.064616223331541e-05, 3.747492519323714e-05, 4.005573282483965e-05, 5.906636215513572e-05, 3.008051498909481e-05, 9.44833482208196e-06, 7.078084252043482e-08], "lowlevel.barkbands.stdev": [0.004566092509776354, 0.150343120098114, 0.010024262592196465, 0.0013353641843423247, 0.0033779407385736704, 0.003110794350504875, 0.0010470248525962234, 0.003579361829906702, 0.0050533548928797245, 0.00608808035030961, 0.007099722046405077, 0.0015319512458518147, 0.0036922816652804613, 0.0009875099640339613, 0.0004068268754053861, 0.0001624485303182155, 0.00020924203272443265, 0.00018086661293637007, 7.46437071938999e-05, 0.00010278257832396775, 8.819856884656474e-05, 0.00012978274025954306, 0.0001515393960289657, 0.0002422859106445685, 0.00010816696158144623, 3.792668940150179e-05, 3.122626424101327e-07], "lowlevel.erbbands.mean": [8.331417083740234, 40.009010314941406, 15.82953929901123, 6.8570146560668945, 3.3730127811431885, 7.742067337036133, 13.858715057373047, 6.987814426422119, 3.729947566986084, 9.133077621459961, 37.11375427246094, 37.96149444580078, 24.64058494567871, 102.21893310546875, 54.3084602355957, 22.032541275024414, 22.60102653503418, 15.531641960144043, 8.740652084350586, 4.143385887145996, 2.8694679737091064, 2.2552640438079834, 1.987444281578064, 1.4446940422058105, 1.279797077178955, 2.3164098262786865, 2.1038215160369873, 1.493817925453186, 1.4607337713241577, 0.9502356052398682, 1.1993294954299927, 1.2544409036636353, 0.946807861328125, 0.4349023401737213, 0.162639319896698, 0.0584590770304203, 0.01457921788096428, 0.0012406493769958615, 0.00013480710913427174, 0.00026232568779960275], "lowlevel.erbbands.stdev": [5.641546249389648, 30.798479080200195, 14.807393074035645, 7.330296039581299, 5.233868598937988, 15.659982681274414, 24.92522430419922, 19.09716033935547, 13.151187896728516, 19.621889114379883, 98.81796264648438, 134.22421264648438, 66.32926940917969, 274.916015625, 179.58880615234375, 81.05633544921875, 158.44435119628906, 43.5952033996582, 25.09934425354004, 15.02961254119873, 10.579757690429688, 8.626518249511719, 7.720593452453613, 4.685530185699463, 4.160737037658691, 4.099141597747803, 4.6111650466918945, 3.692293882369995, 4.956210136413574, 3.2001588344573975, 4.77313756942749, 5.047721862792969, 3.9461376667022705, 1.6624451875686646, 0.5681581497192383, 0.24945634603500366, 0.06018994003534317, 0.005544024519622326, 0.00011822289525298402, 0.0001709331409074366], "lowlevel.gfcc.mean": [-90.54672241210938, 126.14635467529297, -52.45193862915039, 37.337345123291016, -33.99055099487305, 34.18220901489258, -2.5076215267181396, 17.821943283081055, -11.899923324584961, 4.911146640777588, -2.5560858249664307, -9.310851097106934, 10.04978084564209], "lowlevel.melbands.mean": [0.06764736026525497, 0.02141912467777729, 0.001060899579897523, 0.0003755063808057457, 0.0004687757173087448, 0.00017556222155690193, 5.7115637901006266e-05, 0.00011679199087666348, 0.00034498635795898736, 0.0002026474685408175, 0.00011750806879717857, 0.00041169399628415704, 0.00024971234961412847, 4.339057340985164e-05, 7.646833546459675e-05, 2.6862730010179803e-05, 3.1773925002198666e-05, 1.5644061932107434e-05, 8.215771231334656e-06, 3.4482511637179414e-06, 3.2224427286564605e-06, 2.418410531390691e-06, 2.1549080884142313e-06, 1.5604982763761654e-06, 1.1251485148022766e-06, 8.034608072193805e-07, 1.1890230098288157e-06, 1.639632159822213e-06, 1.512555741101096e-06, 9.31497993406083e-07, 8.50288870424265e-07, 9.171006354335987e-07, 5.771245810137771e-07, 5.109735070618626e-07, 6.574114195245784e-07, 7.444104426213016e-07, 8.069088153206394e-07, 7.259550329763442e-07, 4.591771585182869e-07, 3.425931538458826e-07], "lowlevel.melbands.stdev": [0.046200573444366455, 0.01703410968184471, 0.0011549585033208132, 0.000748224148992449, 0.0007507953559979796, 0.00045988871715962887, 0.0002092279028147459, 0.00027885782765224576, 0.0008290265104733407, 0.0007354369736276567, 0.0003651352599263191, 0.0011469301534816623, 0.0008726645610295236, 0.00017320220649708062, 0.0004341196909081191, 0.00017142259457614273, 9.418264380656183e-05, 5.5258125939872116e-05, 3.9773312892066315e-05, 1.1417599125707056e-05, 1.3701847819902468e-05, 1.0411130460852291e-05, 1.0796426977321971e-05, 5.518307261809241e-06, 3.73990064872487e-06, 3.452295914030401e-06, 2.866231398002128e-06, 3.006373162861564e-06, 3.7085035273776157e-06, 2.077787485177396e-06, 2.5077429199882317e-06, 3.306005510239629e-06, 1.962106125574792e-06, 1.7500639160061837e-06, 2.687379947019508e-06, 2.9520006137317978e-06, 3.425627028263989e-06, 3.0235323720262386e-06, 2.0053817024745513e-06, 1.2566160876303911e-06], "lowlevel.melbands128.mean": [0.004360442515462637, 0.06498812884092331, 0.1081923097372055, 0.04920896887779236, 0.010152804665267467, 0.003624621080234647, 0.001327277859672904, 0.0004778547736350447, 0.00023304861679207534, 0.00037582244840450585, 0.0004469993873499334, 0.00045397135545499623, 0.0005029931198805571, 0.0004892856231890619, 0.0001517894706921652, 1.9949477064074017e-05, 2.6728439479484223e-05, 8.216649439418688e-05, 6.271695747273043e-05, 9.90137123153545e-05, 0.00010731368092820048, 0.00025936937890946865, 0.0003794352523982525, 0.0004327431379351765, 0.00033164123306050897, 4.189381797914393e-05, 7.144753180909902e-05, 0.00010008907702285796, 0.00011281067418167368, 0.00048528070328757167, 0.0004535204207058996, 0.00043476789142005146, 0.000288678944343701, 8.796498877927661e-05, 1.713407073111739e-05, 4.593133780872449e-05, 5.634935951093212e-05, 6.702203972963616e-05, 0.00012625132512766868, 2.0236022464814596e-05, 7.31056616132264e-06, 1.990974305954296e-05, 3.16806290356908e-05, 4.179778625257313e-05, 2.4212291464209557e-05, 8.94386994332308e-06, 7.763270332361571e-06, 1.1841673767776228e-05, 5.805451110063586e-06, 4.139092652621912e-06, 1.8889181774284225e-06, 5.033476099924883e-06, 2.634684506119811e-06, 3.2532586828892818e-06, 2.9224445370346075e-06, 2.59041803474247e-06, 1.4506359775623423e-06, 2.2916740363143617e-06, 2.6556162993074395e-06, 1.3793559219266172e-06, 1.4087440831644926e-06, 1.8427514305585646e-06, 1.232642944160034e-06, 9.346782121610886e-07, 8.731921639082429e-07, 8.311465649057936e-07, 6.518300779134734e-07, 9.806020671021543e-07, 1.3811938970320625e-06, 1.3040100839134539e-06, 1.8076688093060511e-06, 1.4731957662661443e-06, 2.168647824873915e-06, 1.3823109838995151e-06, 1.0217883072982659e-06, 9.363146205032535e-07, 9.68967015069211e-07, 7.087857056831126e-07, 8.252546308540332e-07, 9.368501423523412e-07, 1.0873541214095894e-06, 8.601708714195411e-07, 6.661281872766267e-07, 5.674537533195689e-07, 4.805347089131828e-07, 4.477481923004234e-07, 5.351121217245236e-07, 6.057230166334193e-07, 6.197418542797095e-07, 6.947242923160957e-07, 8.782038207755249e-07, 6.886199912514712e-07, 6.665021032858931e-07, 8.47664239245205e-07, 8.647859317534312e-07, 7.974337563609879e-07, 6.774363896511204e-07, 6.770774803044333e-07, 4.328449279000779e-07, 3.7600455016217893e-07, 3.7004014075137093e-07, 3.502937602206657e-07, 2.9495512876565044e-07, 2.3155837425292702e-07, 1.4669042514015018e-07, 1.346742237728904e-07, 1.5427806943080213e-07, 1.1426466528519086e-07, 9.058516781124126e-08, 8.814328822381867e-08, 6.687745468525463e-08, 6.284142983759011e-08, 4.025278599328885e-08, 2.806361187879247e-08, 2.2232518048781458e-08, 1.1684894829500081e-08, 2.8259163897814688e-09, 2.7885274644923186e-10, 3.869334366801702e-11, 3.7099236877002895e-11, 3.594080588698034e-11, 3.5271625897781433e-11, 3.4449894326105124e-11, 3.3826230011468894e-11, 3.271346735167491e-11, 3.1197492506018776e-11, 3.0361515385157745e-11, 3.012439256377952e-11], "lowlevel.melbands128.stdev": [0.00451759435236454, 0.04638923332095146, 0.0770714208483696, 0.04119759052991867, 0.010072417557239532, 0.004280360881239176, 0.001539035583846271, 0.0006299133528955281, 0.0003858814015984535, 0.0010947516420856118, 0.0010506247635930777, 0.0009422873263247311, 0.0010466400999575853, 0.0012930645607411861, 0.0005478220991790295, 9.659852366894484e-05, 9.977463923860341e-05, 0.0003725282440427691, 0.0002264364156872034, 0.000280520151136443, 0.00033547100611031055, 0.0011408511782065034, 0.001106521114706993, 0.0013976972550153732, 0.0015469476347789168, 0.0002322238578926772, 0.0002947011380456388, 0.0005032102926634252, 0.0005523873260244727, 0.0019546181429177523, 0.0015637674368917942, 0.0017769354162737727, 0.0013589488808065653, 0.00047639216063544154, 0.0001100610606954433, 0.00028540828498080373, 0.0002832758764270693, 0.0003653043240774423, 0.0011117379181087017, 0.0001633771025808528, 3.113750062766485e-05, 8.563027222407982e-05, 0.0001149467279901728, 0.00018601558986119926, 0.00014694467245135456, 3.760310573852621e-05, 2.806785960274283e-05, 8.533640357200056e-05, 2.7293241146253422e-05, 1.9821423848043196e-05, 7.183180969150271e-06, 3.276897768955678e-05, 9.415110071131494e-06, 2.008463525271509e-05, 3.13989476126153e-05, 9.318305274064187e-06, 4.154693669988774e-06, 1.3434494576358702e-05, 1.783257357601542e-05, 4.908620212518144e-06, 5.205079105508048e-06, 1.2624352166312747e-05, 4.003613412351115e-06, 3.245955895181396e-06, 3.932362233172171e-06, 4.603825800586492e-06, 2.518833298381651e-06, 3.386459184184787e-06, 3.996093710156856e-06, 2.3502323074353626e-06, 4.191428615740733e-06, 3.5028749607590726e-06, 8.012154466996435e-06, 3.303930498077534e-06, 2.66614574684354e-06, 2.442637423882843e-06, 2.1364667190937325e-06, 1.8212364238934242e-06, 2.476803047102294e-06, 5.005375442124205e-06, 4.285795967007289e-06, 2.8191211640660185e-06, 2.7068424515164224e-06, 1.9430601696512895e-06, 1.869281391009281e-06, 1.6788662833278067e-06, 1.8325766859561554e-06, 2.3413754206558224e-06, 2.8443391784094274e-06, 3.025076239282498e-06, 4.215363787807291e-06, 2.492596422598581e-06, 2.743293180174078e-06, 3.862079211103264e-06, 3.8661237340420485e-06, 3.494947350191069e-06, 2.8305153136898298e-06, 3.5158320770278806e-06, 1.9160481770086335e-06, 1.6815359913380235e-06, 1.5045656027723453e-06, 1.3169229760023882e-06, 1.0806730870172032e-06, 8.397498163503769e-07, 6.019884608576831e-07, 5.295576670505397e-07, 6.611951448576292e-07, 4.524898997715354e-07, 3.9723988720652414e-07, 5.538033747143345e-07, 3.737553981864039e-07, 3.051900421269238e-07, 2.1437908515054005e-07, 1.435354874956829e-07, 1.3285524858019926e-07, 5.639154210257402e-08, 1.4751717181127333e-08, 1.3927886621800667e-09, 4.902346931179302e-11, 4.6758954347358994e-11, 4.5256267483528845e-11, 4.431296649065608e-11, 4.344871337713663e-11, 4.2692630680685184e-11, 4.2070725375653595e-11, 4.155730620736264e-11, 4.1208553930305314e-11, 4.098409459030172e-11], "lowlevel.mfcc.mean": [-756.3482666015625, 159.75209045410156, 46.50401306152344, 30.57267189025879, 14.886133193969727, 21.98996353149414, 30.643253326416016, 11.191173553466797, 20.671857833862305, 14.37198257446289, 3.6782712936401367, 8.330609321594238, -1.701920747756958], "lowlevel.spectral_contrast_coeffs.mean": [-0.6677044630050659, -0.7367773652076721, -0.7325028777122498, -0.8044866919517517, -0.8188794255256653, -0.7899574637413025], "lowlevel.spectral_contrast_coeffs.stdev": [0.09357039630413055, 0.11241444945335388, 0.11931630969047546, 0.07942301779985428, 0.0533306822180748, 0.053118158131837845], "lowlevel.spectral_contrast_valleys.mean": [-6.655812740325928, -7.900957107543945, -8.60952377319336, -9.190522193908691, -9.159111022949219, -11.449578285217285], "lowlevel.spectral_contrast_valleys.stdev": [1.7733280658721924, 1.2390878200531006, 1.1890439987182617, 1.172356367111206, 1.287217617034912, 1.3335134983062744], "rhythm.beats_loudness_band_ratio.mean": [0.8989898562431335, 0.022219600155949593, 0.023743513971567154, 0.05105990916490555, 0.004337359219789505, 0.0010386930080130696], "rhythm.beats_loudness_band_ratio.stdev": [0.24185806512832642, 0.057438988238573074, 0.05764290690422058, 0.15302760899066925, 0.016170810908079147, 0.001839656149968505], "tonal.hpcp.mean": [0.48145249485969543, 0.1986212283372879, 0.02293030358850956, 0.021389015018939972, 0.018041113391518593, 0.05234793573617935, 0.21882274746894836, 0.24938979744911194, 0.125611811876297, 0.1501249372959137, 0.10318199545145035, 0.008045176044106483, 0.008271177299320698, 0.00922059640288353, 0.010218831710517406, 0.011757638305425644, 0.008789129555225372, 0.007464422844350338, 0.00768150482326746, 0.008568176999688148, 0.024574948474764824, 0.04416607320308685, 0.03370372951030731, 0.02282196842133999, 0.02457384765148163, 0.011853732168674469, 0.003269556909799576, 0.005115994717925787, 0.0044738552533090115, 0.0031661109533160925, 0.00565619021654129, 0.007550139911472797, 0.007182768080383539, 0.010268582962453365, 0.03632491081953049, 0.3228895664215088], "tonal.hpcp.stdev": [0.47970908880233765, 0.247865229845047, 0.11591453850269318, 0.11676944047212601, 0.10260316729545593, 0.1667538732290268, 0.36515188217163086, 0.39846324920654297, 0.23687472939491272, 0.3428959250450134, 0.2592281699180603, 0.04264536127448082, 0.07077009975910187, 0.0725957527756691, 0.07949444651603699, 0.05952021852135658, 0.04229847714304924, 0.042490050196647644, 0.03987802565097809, 0.04109281301498413, 0.12531010806560516, 0.17463533580303192, 0.1414795070886612, 0.109278604388237, 0.1437045782804489, 0.0768052488565445, 0.03122524730861187, 0.041226085275411606, 0.029643472284078598, 0.01798265613615513, 0.03473689779639244, 0.05250752717256546, 0.058306265622377396, 0.07155001908540726, 0.1379518210887909, 0.3534400463104248], "rhythm.beats_position": [0.5224489569664001, 1.0448979139328003, 1.5557368993759155, 2.0549659729003906, 2.554194927215576, 3.0534238815307617, 3.5526530742645264, 4.051881790161133, 4.551111221313477, 5.050340175628662, 5.549569129943848, 6.048798084259033, 6.548027038574219, 7.047255992889404, 7.54648494720459, 8.045714378356934, 8.544942855834961, 9.044172286987305, 9.543400764465332, 10.042630195617676, 10.54185962677002, 11.052698135375977, 11.55192756652832, 12.051156044006348, 12.550385475158691, 13.049613952636719, 13.560453414916992, 14.05968189239502, 14.558911323547363, 15.058140754699707, 15.557369232177734], "rhythm.bpm_histogram": [0.0, 0.0, 0.0, 0.0, 0.0, 0.0, 0.0, 0.0, 0.0, 0.0, 0.0, 0.0, 0.0, 0.0, 0.0, 0.0, 0.0, 0.0, 0.0, 0.0, 0.0, 0.0, 0.0, 0.0, 0.0, 0.0, 0.0, 0.0, 0.0, 0.0, 0.0, 0.0, 0.0, 0.0, 0.0, 0.0, 0.0, 0.0, 0.0, 0.0, 0.0, 0.0, 0.0, 0.0, 0.0, 0.0, 0.0, 0.0, 0.0, 0.0, 0.0, 0.0, 0.0, 0.0, 0.0, 0.0, 0.0, 0.0, 0.0, 0.0, 0.0, 0.0, 0.0, 0.0, 0.0, 0.0, 0.0, 0.0, 0.0, 0.0, 0.0, 0.0, 0.0, 0.0, 0.0, 0.0, 0.0, 0.0, 0.0, 0.0, 0.0, 0.0, 0.0, 0.0, 0.0, 0.0, 0.0, 0.0, 0.0, 0.0, 0.0, 0.0, 0.0, 0.0, 0.0, 0.0, 0.0, 0.0, 0.0, 0.0, 0.0, 0.0, 0.0, 0.0, 0.0, 0.0, 0.0, 0.0, 0.0, 0.0, 0.0, 0.0, 0.0, 0.0, 0.0, 0.03333333507180214, 0.0, 0.10000000149011612, 0.0, 0.0, 0.8666666746139526, 0.0, 0.0, 0.0, 0.0, 0.0, 0.0, 0.0, 0.0, 0.0, 0.0, 0.0, 0.0, 0.0, 0.0, 0.0, 0.0, 0.0, 0.0, 0.0, 0.0, 0.0, 0.0, 0.0, 0.0, 0.0, 0.0, 0.0, 0.0, 0.0, 0.0, 0.0, 0.0, 0.0, 0.0, 0.0, 0.0, 0.0, 0.0, 0.0, 0.0, 0.0, 0.0, 0.0, 0.0, 0.0, 0.0, 0.0, 0.0, 0.0, 0.0, 0.0, 0.0, 0.0, 0.0, 0.0, 0.0, 0.0, 0.0, 0.0, 0.0, 0.0, 0.0, 0.0, 0.0, 0.0, 0.0, 0.0, 0.0, 0.0, 0.0, 0.0, 0.0, 0.0, 0.0, 0.0, 0.0, 0.0, 0.0, 0.0, 0.0, 0.0, 0.0, 0.0, 0.0, 0.0, 0.0, 0.0, 0.0, 0.0, 0.0, 0.0, 0.0, 0.0, 0.0, 0.0, 0.0, 0.0, 0.0, 0.0, 0.0, 0.0, 0.0, 0.0, 0.0, 0.0, 0.0, 0.0, 0.0, 0.0, 0.0, 0.0, 0.0, 0.0, 0.0, 0.0, 0.0, 0.0, 0.0, 0.0, 0.0, 0.0, 0.0, 0.0, 0.0, 0.0, 0.0, 0.0, 0.0, 0.0], "tonal.chords_histogram": [36.842105865478516, 0.0, 2.046783685684204, 0.0, 7.017543792724609, 0.0, 0.8771929740905762, 17.836257934570312, 0.0, 0.0, 11.11111068725586, 8.187134742736816, 0.0, 0.0, 0.8771929740905762, 0.0, 0.0, 0.0, 0.0, 0.0, 0.0, 0.0, 0.0, 15.204678535461426], "tonal.thpcp": [1.0, 0.4125458598136902, 0.047627344727516174, 0.04442601278424263, 0.037472259253263474, 0.10872918367385864, 0.45450538396835327, 0.5179945826530457, 0.2609017789363861, 0.3118167221546173, 0.21431396901607513, 0.01671021804213524, 0.01717963255941868, 0.01915162242949009, 0.021225005388259888, 0.02442117966711521, 0.0182554442435503, 0.015503965318202972, 0.01595485582947731, 0.01779651641845703, 0.051043350249528885, 0.09173505753278732, 0.07000426948070526, 0.04740232601761818, 0.05104106292128563, 0.024620771408081055, 0.006791027262806892, 0.010626167058944702, 0.009292412549257278, 0.006576164625585079, 0.011748178862035275, 0.015682004392147064, 0.01491895504295826, 0.021328341215848923, 0.07544858753681183, 0.6706571578979492], "lowlevel.gfcc.cov": [[17340.23828125, 2140.284423828125, -1733.6986083984375, 282.53240966796875, -997.6389770507812, 715.061279296875, 304.3553466796875, 523.6650390625, -320.52716064453125, 189.1692657470703, -117.52630615234375, -396.0303649902344, 547.883056640625], [2140.284423828125, 3310.68896484375, 876.0406494140625, -5.9677534103393555, 865.2782592773438, 38.179710388183594, 798.5255126953125, -74.427978515625, 288.7948303222656, -158.5526123046875, 268.89404296875, -419.81292724609375, 235.85568237304688], [-1733.6986083984375, 876.0406494140625, 2245.049072265625, 947.7314453125, 685.4310302734375, 355.0641174316406, 601.2590942382812, 18.872743606567383, 511.96759033203125, -96.85710144042969, 98.74970245361328, -118.06755065917969, -226.4055633544922], [282.53240966796875, -5.9677534103393555, 947.7314453125, 1232.9007568359375, 213.26966857910156, 203.09788513183594, 278.834228515625, 144.95330810546875, 331.634033203125, -31.824487686157227, -0.44909170269966125, -47.59272003173828, -116.36613464355469], [-997.6389770507812, 865.2782592773438, 685.4310302734375, 213.26966857910156, 772.153076171875, 114.06744384765625, 359.144775390625, 10.96654987335205, 228.96661376953125, -50.09954833984375, 64.8116683959961, -87.77849578857422, -9.514765739440918], [715.061279296875, 38.179710388183594, 355.0641174316406, 203.09788513183594, 114.06744384765625, 525.2791137695312, 298.24737548828125, 67.90962219238281, 86.53814697265625, 6.451617240905762, -12.63016128540039, -33.15907669067383, -62.92155838012695], [304.3553466796875, 798.5255126953125, 601.2590942382812, 278.834228515625, 359.144775390625, 298.24737548828125, 586.2386474609375, 55.77760314941406, 175.02285766601562, -41.41010284423828, 70.59147644042969, -127.90850067138672, -31.878238677978516], [523.6650390625, -74.427978515625, 18.872743606567383, 144.95330810546875, 10.96654987335205, 67.90962219238281, 55.77760314941406, 227.268798828125, 39.914649963378906, 33.276432037353516, -40.83987808227539, -36.74150848388672, 9.907696723937988], [-320.52716064453125, 288.7948303222656, 511.96759033203125, 331.634033203125, 228.96661376953125, 86.53814697265625, 175.02285766601562, 39.914649963378906, 270.3871765136719, -24.33586883544922, 11.103696823120117, -61.23745346069336, -49.18965148925781], [189.1692657470703, -158.5526123046875, -96.85710144042969, -31.824487686157227, -50.09954833984375, 6.451617240905762, -41.41010284423828, 33.276432037353516, -24.33586883544922, 109.5535659790039, -27.700193405151367, 8.625191688537598, -1.9446295499801636], [-117.52630615234375, 268.89404296875, 98.74970245361328, -0.44909170269966125, 64.8116683959961, -12.63016128540039, 70.59147644042969, -40.83987808227539, 11.103696823120117, -27.700193405151367, 104.31910705566406, -13.432401657104492, 6.457791328430176], [-396.0303649902344, -419.81292724609375, -118.06755065917969, -47.59272003173828, -87.77849578857422, -33.15907669067383, -127.90850067138672, -36.74150848388672, -61.23745346069336, 8.625191688537598, -13.432401657104492, 154.81838989257812, -27.075048446655273], [547.883056640625, 235.85568237304688, -226.4055633544922, -116.36613464355469, -9.514765739440918, -62.92155838012695, -31.878238677978516, 9.907696723937988, -49.18965148925781, -1.9446295499801636, 6.457791328430176, -27.075048446655273, 148.16261291503906]], "lowlevel.gfcc.icov": [[0.0002451608597766608, -0.0006400162819772959, 0.00034743809374049306, -0.0004371622926555574, 0.0005863027763552964, -0.0006688258145004511, 0.00036512332735583186, -0.00040554115548729897, 0.00028069643303751945, -0.0003645580436568707, 0.0005593706155195832, -0.0003763402928598225, 0.0001543721155030653], [-0.0006400162819772959, 0.002970108762383461, -0.0011691675754263997, 0.0015216663014143705, -0.002006138674914837, 0.002255410421639681, -0.0020740104373544455, 0.0015689090359956026, -0.0010478548938408494, 0.0013052159920334816, -0.0027540100272744894, 0.002857839222997427, -0.002363465027883649], [0.00034743809374049306, -0.0011691675754263997, 0.0017853266326710582, -0.0011513573117554188, 0.00046440790174528956, -0.0012212505098432302, 0.00046818432747386396, -0.00032909904257394373, -0.0004908919800072908, -0.00035719593870453537, 0.0005785998073406518, -0.0007909144042059779, 0.001696768100373447], [-0.0004371622926555574, 0.0015216663014143705, -0.0011513573117554188, 0.0024349079467356205, -0.0008155355462804437, 0.0013408531667664647, -0.001129203592427075, 7.27669830666855e-05, -0.0017935974756255746, 0.0009533712873235345, -0.0012605385854840279, 0.0007811759132891893, -0.0007687739562243223], [0.0005863027763552964, -0.002006138674914837, 0.00046440790174528956, -0.0008155355462804437, 0.003953482024371624, -0.0014519442338496447, 0.0002221030299551785, -0.0011425266275182366, -0.0004380626487545669, -0.0009305616840720177, 0.0016941680805757642, -0.001920372829772532, 0.00027363901608623564], [-0.0006688258145004511, 0.002255410421639681, -0.0012212505098432302, 0.0013408531667664647, -0.0014519442338496447, 0.005143031943589449, -0.0033701639622449875, 0.000963643949944526, -0.0006644142558798194, 0.0007535911863669753, -0.0007690005004405975, 0.001132191508077085, -0.0005991215584799647], [0.00036512332735583186, -0.0020740104373544455, 0.00046818432747386396, -0.001129203592427075, 0.0002221030299551785, -0.0033701639622449875, 0.006008179858326912, -0.00151463330257684, 0.000696816889103502, -0.0003712450561579317, -0.00019675088697113097, -4.5408094592858106e-05, 0.001983699854463339], [-0.00040554115548729897, 0.0015689090359956026, -0.00032909904257394373, 7.27669830666855e-05, -0.0011425266275182366, 0.000963643949944526, -0.00151463330257684, 0.006805378943681717, -0.0008760710479691625, -0.0007701604627072811, 0.0006284625269472599, 0.0023488763254135847, -0.0017878292128443718], [0.00028069643303751945, -0.0010478548938408494, -0.0004908919800072908, -0.0017935974756255746, -0.0004380626487545669, -0.0006644142558798194, 0.000696816889103502, -0.0008760710479691625, 0.00889843050390482, -0.0001788270310498774, 0.0018816565861925483, 0.0008653361583128572, 0.0013975099427625537], [-0.0003645580436568707, 0.0013052159920334816, -0.00035719593870453537, 0.0009533712873235345, -0.0009305616840720177, 0.0007535911863669753, -0.0003712450561579317, -0.0007701604627072811, -0.0001788270310498774, 0.011184927076101303, 0.0003183979424647987, 0.0011019959347322583, -1.9876712030963972e-05], [0.0005593706155195832, -0.0027540100272744894, 0.0005785998073406518, -0.0012605385854840279, 0.0016941680805757642, -0.0007690005004405975, -0.00019675088697113097, 0.0006284625269472599, 0.0018816565861925483, 0.0003183979424647987, 0.01542321965098381, -0.0029028835706412792, 0.0013337319251149893], [-0.0003763402928598225, 0.002857839222997427, -0.0007909144042059779, 0.0007811759132891893, -0.001920372829772532, 0.001132191508077085, -4.5408094592858106e-05, 0.0023488763254135847, 0.0008653361583128572, 0.0011019959347322583, -0.0029028835706412792, 0.012434895150363445, -0.0008614460821263492], [0.0001543721155030653, -0.002363465027883649, 0.001696768100373447, -0.0007687739562243223, 0.00027363901608623564, -0.0005991215584799647, 0.001983699854463339, -0.0017878292128443718, 0.0013975099427625537, -1.9876712030963972e-05, 0.0013337319251149893, -0.0008614460821263492, 0.01248750276863575]], "lowlevel.mfcc.cov": [[15334.2275390625, 15.289361000061035, -679.0267333984375, -348.7972106933594, -643.01806640625, -202.16986083984375, 482.36431884765625, -304.1982727050781, 430.77239990234375, 118.48235321044922, -218.26695251464844, 30.04694175720215, -342.6414794921875], [15.289361000061035, 3207.764404296875, 236.93289184570312, 275.5973205566406, 282.94403076171875, 299.5132751464844, 531.7029418945312, 105.4710464477539, 222.0902099609375, 143.6675262451172, 126.88818359375, 94.80940246582031, 64.43804168701172], [-679.0267333984375, 236.93289184570312, 1707.904052734375, 698.6488647460938, 287.89190673828125, 574.4268798828125, 111.2802505493164, 503.8025817871094, 151.7097625732422, 330.44158935546875, 249.68017578125, 119.835205078125, 227.95559692382812], [-348.7972106933594, 275.5973205566406, 698.6488647460938, 949.0570678710938, 305.2511291503906, 217.56915283203125, 43.87773132324219, 278.6224060058594, 170.23196411132812, 177.91673278808594, 126.14879608154297, 105.36376953125, 148.58395385742188], [-643.01806640625, 282.94403076171875, 287.89190673828125, 305.2511291503906, 400.3484802246094, 152.09335327148438, 17.15257453918457, 145.37977600097656, 109.11114501953125, 96.57365417480469, 50.088958740234375, 43.543155670166016, 66.42831420898438], [-202.16986083984375, 299.5132751464844, 574.4268798828125, 217.56915283203125, 152.09335327148438, 568.511962890625, 182.63504028320312, 308.2491455078125, 94.89749908447266, 168.791259765625, 159.6971435546875, 31.534631729125977, 104.23992919921875], [482.36431884765625, 531.7029418945312, 111.2802505493164, 43.87773132324219, 17.15257453918457, 182.63504028320312, 364.7003173828125, 125.83423614501953, 104.10746765136719, 98.5356674194336, 70.9576416015625, 28.209686279296875, 23.969087600708008], [-304.1982727050781, 105.4710464477539, 503.8025817871094, 278.6224060058594, 145.37977600097656, 308.2491455078125, 125.83423614501953, 383.01031494140625, 84.14756774902344, 170.88186645507812, 127.881103515625, 29.66409683227539, 120.77544403076172], [430.77239990234375, 222.0902099609375, 151.7097625732422, 170.23196411132812, 109.11114501953125, 94.89749908447266, 104.10746765136719, 84.14756774902344, 252.96170043945312, 129.97482299804688, 36.834556579589844, 42.99032974243164, 22.279563903808594], [118.48235321044922, 143.6675262451172, 330.44158935546875, 177.91673278808594, 96.57365417480469, 168.791259765625, 98.5356674194336, 170.88186645507812, 129.97482299804688, 215.66519165039062, 112.45260620117188, 30.3018798828125, 52.76817321777344], [-218.26695251464844, 126.88818359375, 249.68017578125, 126.14879608154297, 50.088958740234375, 159.6971435546875, 70.9576416015625, 127.881103515625, 36.834556579589844, 112.45260620117188, 147.91102600097656, 30.145875930786133, 42.229209899902344], [30.04694175720215, 94.80940246582031, 119.835205078125, 105.36376953125, 43.543155670166016, 31.534631729125977, 28.209686279296875, 29.66409683227539, 42.99032974243164, 30.3018798828125, 30.145875930786133, 76.42291259765625, 24.708316802978516], [-342.6414794921875, 64.43804168701172, 227.95559692382812, 148.58395385742188, 66.42831420898438, 104.23992919921875, 23.969087600708008, 120.77544403076172, 22.279563903808594, 52.76817321777344, 42.229209899902344, 24.708316802978516, 117.46041870117188]], "lowlevel.mfcc.icov": [[9.000116551760584e-05, 1.139470077760052e-05, 1.4699736311740708e-05, -3.630104038165882e-05, 0.00018082359747495502, -4.127451029489748e-05, -0.00010790205124067143, 2.878676968975924e-05, -0.00012518027506303042, -0.00017158634727820754, 0.0002586256305221468, -0.00011886318679898977, 0.00023331759439315647], [1.139470077760052e-05, 0.00047493225429207087, -3.5891464449377963e-06, -5.565384344663471e-05, -0.0003235181502532214, -5.9947415138594806e-05, -0.000761339149903506, 0.0004192581691313535, -6.886430492158979e-05, 0.00011462577094789594, -0.00017195992404595017, -7.417648157570511e-05, -0.0001505153632024303], [1.4699736311740708e-05, -3.5891464449377963e-06, 0.0014633281389251351, -0.0005022602854296565, 0.00015968139632605016, -0.0008253047708421946, 0.0004385142237879336, -0.0004730446089524776, 0.00044964480912312865, -0.0011607322376221418, 0.00014497272786684334, -0.0010127336718142033, -0.0005235941498540342], [-3.630104038165882e-05, -5.565384344663471e-05, -0.0005022602854296565, 0.002092944923788309, -0.0008613344398327172, 0.0005238392623141408, 0.00032754443236626685, -0.0005885373102501035, -0.0006749838939867914, 0.00045649451203644276, -0.0006144443177618086, -0.0009162906208075583, -0.0008509897743351758], [0.00018082359747495502, -0.0003235181502532214, 0.00015968139632605016, -0.0008613344398327172, 0.004348340444266796, -0.0006851983489468694, 0.0009417299297638237, -0.0006910001393407583, -0.0010161329992115498, -0.0007645643199793994, 0.0013048237888142467, -0.0007699198904447258, 0.0003809428890235722], [-4.127451029489748e-05, -5.9947415138594806e-05, -0.0008253047708421946, 0.0005238392623141408, -0.0006851983489468694, 0.004246003460139036, -0.0009423320880159736, -0.00176120619289577, -0.0004586931609082967, 0.0011040588142350316, -0.002304469235241413, 0.0011759893968701363, -0.0003537400916684419], [-0.00010790205124067143, -0.000761339149903506, 0.0004385142237879336, 0.00032754443236626685, 0.0009417299297638237, -0.0009423320880159736, 0.005289014428853989, -0.0015310386661440134, -0.0009336976800113916, -0.000465493620140478, -0.0003667623386718333, -0.0009157010936178267, 0.00034690098254941404], [2.878676968975924e-05, 0.0004192581691313535, -0.0004730446089524776, -0.0005885373102501035, -0.0006910001393407583, -0.00176120619289577, -0.0015310386661440134, 0.007831043563783169, 0.000523271388374269, -0.0022428263910114765, -0.0006915980484336615, 0.0016541494987905025, -0.0034603693056851625], [-0.00012518027506303042, -6.886430492158979e-05, 0.00044964480912312865, -0.0006749838939867914, -0.0010161329992115498, -0.0004586931609082967, -0.0009336976800113916, 0.000523271388374269, 0.007858424447476864, -0.005233720876276493, 0.0028593384195119143, -0.002406039973720908, 0.0006268252618610859], [-0.00017158634727820754, 0.00011462577094789594, -0.0011607322376221418, 0.00045649451203644276, -0.0007645643199793994, 0.0011040588142350316, -0.000465493620140478, -0.0022428263910114765, -0.005233720876276493, 0.014356805942952633, -0.0075871264562010765, 0.002474818378686905, -0.00028436226421035826], [0.0002586256305221468, -0.00017195992404595017, 0.00014497272786684334, -0.0006144443177618086, 0.0013048237888142467, -0.002304469235241413, -0.0003667623386718333, -0.0006915980484336615, 0.0028593384195119143, -0.0075871264562010765, 0.01584331877529621, -0.003973797429352999, 0.0014438425423577428], [-0.00011886318679898977, -7.417648157570511e-05, -0.0010127336718142033, -0.0009162906208075583, -0.0007699198904447258, 0.0011759893968701363, -0.0009157010936178267, 0.0016541494987905025, -0.002406039973720908, 0.002474818378686905, -0.003973797429352999, 0.01844344288110733, -0.002410158049315214], [0.00023331759439315647, -0.0001505153632024303, -0.0005235941498540342, -0.0008509897743351758, 0.0003809428890235722, -0.0003537400916684419, 0.00034690098254941404, -0.0034603693056851625, 0.0006268252618610859, -0.00028436226421035826, 0.0014438425423577428, -0.002410158049315214, 0.014951781369745731]], "metadata.audio_properties.analysis.downmix": "mix", "metadata.audio_properties.codec": "mp3", "metadata.audio_properties.md5_encoded": "be275905a077619a06d4b5fae3c86586", "metadata.tags.file_name": "1182270726988906506.mp3", "metadata.version.essentia": "2.1-beta6-dev", "metadata.version.essentia_git_sha": "v2.1_beta5-1110-g77a6a954", "metadata.version.extractor": "music 2.0", "tonal.chords_key": "A", "tonal.chords_scale": "minor", "tonal.key_edma.key": "A", "tonal.key_edma.scale": "minor", "tonal.key_krumhansl.key": "A", "tonal.key_krumhansl.scale": "minor", "tonal.key_temperley.key": "A", "tonal.key_temperley.scale": "minor", "metadata.tags.encoding": ["Lavf58.45.100"]}, "essentia_models": [{"model_name": "genre_dortmund", "activations": {"alternative": "0.2749818", "blues": "0.0224061", "electronic": "0.12844941", "folkcountry": "0.12712125", "funksoulrnb": "0.048784733", "jazz": "0.26569822", "pop": "0.21671958", "raphiphop": "0.012710787", "rock": "0.090337075"}}, {"model_name": "genre_rosamerica", "activations": {"c