{"song_id": "1182282337925468160", "download": "https://cdn.discordapp.com/attachments/1135911532732108921/1182282337925468160/chirp.mp4?ex=6584213b&amp", "lyrics": "\u5728\u7530\u91ce\u95f4\uff0c\u6f2b\u6b65\u7740\u5c0f\u8def\uff0c\n\u4e61\u8ff9\u5370\u8c61\uff0c\u5524\u9192\u5fc3\u4e2d\u7684\u601d\u6545\u4e61\u3002\n\u7eff\u6811\u6210\u836b\uff0c\u9e1f\u8bed\u82b1\u9999\uff0c\n\u513f\u65f6\u7684\u8bb0\u5fc6\uff0c\u5982\u4eca\u4ecd\u5728\u68a6\u4e2d\u8361\u6f3e\u3002", "style": ["popular"], "essentia_features": {"lowlevel.average_loudness": 0.7353283166885376, "lowlevel.barkbands_crest.mean": 12.21303653717041, "lowlevel.barkbands_crest.stdev": 3.684297800064087, "lowlevel.barkbands_flatness_db.mean": 0.22224418818950653, "lowlevel.barkbands_flatness_db.stdev": 0.05048295482993126, "lowlevel.barkbands_kurtosis.mean": 15.27336597442627, "lowlevel.barkbands_kurtosis.stdev": 13.01653003692627, "lowlevel.barkbands_skewness.mean": 2.8969473838806152, "lowlevel.barkbands_skewness.stdev": 1.1479625701904297, "lowlevel.barkbands_spread.mean": 8.54043197631836, "lowlevel.barkbands_spread.stdev": 11.715910911560059, "lowlevel.dissonance.mean": 0.4243055582046509, "lowlevel.dissonance.stdev": 0.03225821629166603, "lowlevel.dynamic_complexity": 3.210123062133789, "lowlevel.erbbands_crest.mean": 12.061912536621094, "lowlevel.erbbands_crest.stdev": 3.942873954772949, "lowlevel.erbbands_flatness_db.mean": 0.19281983375549316, "lowlevel.erbbands_flatness_db.stdev": 0.034406740218400955, "lowlevel.erbbands_kurtosis.mean": 1.3328711986541748, "lowlevel.erbbands_kurtosis.stdev": 2.8008873462677, "lowlevel.erbbands_skewness.mean": 1.0660814046859741, "lowlevel.erbbands_skewness.stdev": 0.841077446937561, "lowlevel.erbbands_spread.mean": 31.385051727294922, "lowlevel.erbbands_spread.stdev": 16.23921012878418, "lowlevel.hfc.mean": 9.371442794799805, "lowlevel.hfc.stdev": 13.634687423706055, "lowlevel.loudness_ebu128.integrated": -21.115631103515625, "lowlevel.loudness_ebu128.loudness_range": 6.520694732666016, "lowlevel.loudness_ebu128.momentary.mean": -22.117788314819336, "lowlevel.loudness_ebu128.momentary.stdev": 2.989847183227539, "lowlevel.loudness_ebu128.short_term.mean": -21.71406364440918, "lowlevel.loudness_ebu128.short_term.stdev": 2.0163938999176025, "lowlevel.melbands_crest.mean": 15.138773918151855, "lowlevel.melbands_crest.stdev": 4.12544059753418, "lowlevel.melbands_flatness_db.mean": 0.3228667378425598, "lowlevel.melbands_flatness_db.stdev": 0.06354666501283646, "lowlevel.melbands_kurtosis.mean": 25.4514217376709, "lowlevel.melbands_kurtosis.stdev": 18.380313873291016, "lowlevel.melbands_skewness.mean": 3.6033763885498047, "lowlevel.melbands_skewness.stdev": 1.2655266523361206, "lowlevel.melbands_spread.mean": 7.74164342880249, "lowlevel.melbands_spread.stdev": 10.951055526733398, "lowlevel.pitch_salience.mean": 0.5169569849967957, "lowlevel.pitch_salience.stdev": 0.11054734140634537, "lowlevel.silence_rate_20dB.mean": 1.0, "lowlevel.silence_rate_20dB.stdev": 0.0, "lowlevel.silence_rate_30dB.mean": 0.9797219038009644, "lowlevel.silence_rate_30dB.stdev": 0.1409500390291214, "lowlevel.silence_rate_60dB.mean": 0.03302433341741562, "lowlevel.silence_rate_60dB.stdev": 0.17870086431503296, "lowlevel.spectral_centroid.mean": 501.0517883300781, "lowlevel.spectral_centroid.stdev": 345.003173828125, "lowlevel.spectral_complexity.mean": 7.862688064575195, "lowlevel.spectral_complexity.stdev": 3.0066022872924805, "lowlevel.spectral_decrease.mean": -6.263090046587649e-09, "lowlevel.spectral_decrease.stdev": 6.427776533257656e-09, "lowlevel.spectral_energy.mean": 0.024488326162099838, "lowlevel.spectral_energy.stdev": 0.02500963769853115, "lowlevel.spectral_energyband_high.mean": 0.00025144731625914574, "lowlevel.spectral_energyband_high.stdev": 0.0011332593858242035, "lowlevel.spectral_energyband_low.mean": 0.006667880341410637, "lowlevel.spectral_energyband_low.stdev": 0.007275681477040052, "lowlevel.spectral_energyband_middle_high.mean": 0.0013758568093180656, "lowlevel.spectral_energyband_middle_high.stdev": 0.0029441583901643753, "lowlevel.spectral_energyband_middle_low.mean": 0.017048636451363564, "lowlevel.spectral_energyband_middle_low.stdev": 0.021373603492975235, "lowlevel.spectral_entropy.mean": 6.593662261962891, "lowlevel.spectral_entropy.stdev": 0.505800187587738, "lowlevel.spectral_flux.mean": 0.039668865501880646, "lowlevel.spectral_flux.stdev": 0.03349316865205765, "lowlevel.spectral_kurtosis.mean": 11.371797561645508, "lowlevel.spectral_kurtosis.stdev": 5.425520896911621, "lowlevel.spectral_rms.mean": 0.004428349435329437, "lowlevel.spectral_rms.stdev": 0.0020690057426691055, "lowlevel.spectral_rolloff.mean": 631.5858764648438, "lowlevel.spectral_rolloff.stdev": 1387.38037109375, "lowlevel.spectral_skewness.mean": 2.511979579925537, "lowlevel.spectral_skewness.stdev": 0.6310458779335022, "lowlevel.spectral_spread.mean": 3623182.75, "lowlevel.spectral_spread.stdev": 1519488.875, "lowlevel.spectral_strongpeak.mean": 0.8585384488105774, "lowlevel.spectral_strongpeak.stdev": 0.7188014388084412, "lowlevel.zerocrossingrate.mean": 0.030263252556324005, "lowlevel.zerocrossingrate.stdev": 0.043769750744104385, "metadata.audio_properties.analysis.equal_loudness": 0.0, "metadata.audio_properties.analysis.length": 40.04265213012695, "metadata.audio_properties.analysis.sample_rate": 44100.0, "metadata.audio_properties.analysis.start_time": 0.0, "metadata.audio_properties.bit_rate": 118922.0, "metadata.audio_properties.length": 40.042667388916016, "metadata.audio_properties.lossless": 0.0, "metadata.audio_properties.number_channels": 1.0, "metadata.audio_properties.replay_gain": -6.935955047607422, "metadata.audio_properties.sample_rate": 48000.0, "rhythm.beats_count": 73.0, "rhythm.beats_loudness.mean": 0.03898094594478607, "rhythm.beats_loudness.stdev": 0.03602387011051178, "rhythm.bpm": 111.3507308959961, "rhythm.bpm_histogram_first_peak_bpm": 112.0, "rhythm.bpm_histogram_first_peak_weight": 0.6000000238418579, "rhythm.bpm_histogram_second_peak_bpm": 101.0, "rhythm.bpm_histogram_second_peak_spread": 0.5555555820465088, "rhythm.bpm_histogram_second_peak_weight": 0.0555555559694767, "rhythm.danceability": 1.1534191370010376, "rhythm.onset_rate": 2.1470789909362793, "tonal.chords_changes_rate": 0.023148147389292717, "tonal.chords_number_rate": 0.005787036847323179, "tonal.chords_strength.mean": 0.5139819383621216, "tonal.chords_strength.stdev": 0.10241112112998962, "tonal.hpcp_crest.mean": 17.22625160217285, "tonal.hpcp_crest.stdev": 5.026150703430176, "tonal.hpcp_entropy.mean": 1.382212519645691, "tonal.hpcp_entropy.stdev": 0.44350358843803406, "tonal.key_edma.strength": 0.770841121673584, "tonal.key_krumhansl.strength": 0.7530109286308289, "tonal.key_temperley.strength": 0.7376886010169983, "tonal.tuning_diatonic_strength": 0.5964031219482422, "tonal.tuning_equal_tempered_deviation": 0.05850201100111008, "tonal.tuning_frequency": 440.76312255859375, "tonal.tuning_nontempered_energy_ratio": 0.605417013168335, "lowlevel.barkbands.mean": [4.705067112809047e-06, 0.0014472580514848232, 0.0044872635044157505, 0.0019946834072470665, 0.00887995958328247, 0.004108433146029711, 0.0010684627341106534, 0.0005306676612235606, 0.0001886098034447059, 0.00041148418677039444, 0.00016462522034998983, 0.0005314828013069928, 0.0001111142264562659, 5.957021494396031e-05, 5.461458204081282e-05, 4.91188584419433e-05, 6.713390030199662e-05, 3.360617847647518e-05, 2.4223780201282352e-05, 3.4208380384370685e-05, 2.7871983547811396e-05, 1.763463660608977e-05, 4.8497469833819196e-05, 7.918246410554275e-05, 2.244031202280894e-05, 3.7492092815227807e-05, 4.02606474381173e-06], "lowlevel.barkbands.stdev": [9.892919479170814e-06, 0.0025325717870146036, 0.005146808456629515, 0.003183960448950529, 0.013908102177083492, 0.006860795896500349, 0.0023935851640999317, 0.0026143095456063747, 0.001770251546986401, 0.0023359828628599644, 0.0009841674473136663, 0.0008221545140258968, 0.0003236807242501527, 0.000134259884362109, 6.942117033759132e-05, 0.00015267982962541282, 8.507385791745037e-05, 6.420871068257838e-05, 3.46467386407312e-05, 7.540266233263537e-05, 0.00014108918549027294, 9.607820538803935e-05, 0.00024611130356788635, 0.00044726813212037086, 0.0001418400352122262, 0.00017783021030481905, 1.8404751244815998e-05], "lowlevel.erbbands.mean": [0.0076662288047373295, 0.49609091877937317, 4.288352966308594, 6.510435104370117, 27.434356689453125, 21.76602554321289, 25.795665740966797, 28.2801570892334, 33.2318229675293, 3.075307607650757, 15.297164916992188, 5.393772602081299, 13.231685638427734, 7.5028791427612305, 7.107653617858887, 26.478307723999023, 6.836514949798584, 4.454184532165527, 2.8659346103668213, 2.9150450229644775, 2.778780221939087, 2.8249642848968506, 2.0921173095703125, 1.600858449935913, 1.2427351474761963, 1.5627048015594482, 1.1989843845367432, 0.9927451014518738, 0.6389353275299072, 1.0063246488571167, 1.3245196342468262, 1.9051182270050049, 1.0104773044586182, 0.26855701208114624, 0.15566915273666382, 0.1436443030834198, 0.06739681959152222, 0.017957961186766624, 0.00042374804615974426, 3.7900299503235146e-05], "lowlevel.erbbands.stdev": [0.012228159233927727, 0.7849173545837402, 5.009011268615723, 7.614037036895752, 55.015159606933594, 38.153472900390625, 25.914138793945312, 59.012969970703125, 75.28195190429688, 7.166210651397705, 79.94691467285156, 40.48711395263672, 77.52024841308594, 49.7234001159668, 27.538969039916992, 41.17274475097656, 17.083419799804688, 9.755906105041504, 3.8176283836364746, 6.4676337242126465, 4.349799156188965, 3.2183940410614014, 3.549607992172241, 2.4850149154663086, 2.0290045738220215, 3.568131685256958, 5.705273628234863, 4.998041152954102, 3.462728261947632, 5.648266315460205, 6.64722204208374, 10.402364730834961, 5.91664457321167, 1.8130332231521606, 0.8746063113212585, 0.8187659978866577, 0.3094386160373688, 0.07730736583471298, 0.0018146010115742683, 5.623992547043599e-05], "lowlevel.gfcc.mean": [-73.73268127441406, 120.71739959716797, -84.62455749511719, 19.771839141845703, -32.066871643066406, -2.237412214279175, -50.372833251953125, -16.338375091552734, -44.81626892089844, -2.765458345413208, -9.516963958740234, 9.723295211791992, -18.288394927978516], "lowlevel.melbands.mean": [0.0002123096928698942, 0.001687559182755649, 0.0017678176518529654, 0.0018853021319955587, 0.0008467455627396703, 0.0007200760301202536, 0.00045254561700858176, 2.990011307701934e-05, 0.00012136228906456381, 2.7146810680278577e-05, 6.503187614725903e-05, 2.88616975012701e-05, 2.2128284399514087e-05, 5.653075277223252e-05, 3.74374576495029e-05, 1.1800921129179187e-05, 7.388097856164677e-06, 4.145715593040222e-06, 3.231036089346162e-06, 4.752834684040863e-06, 3.2505679428140866e-06, 3.280792043369729e-06, 2.318801080036792e-06, 1.7030735079970327e-06, 1.2561883977468824e-06, 7.62760919315042e-07, 1.2009397778456332e-06, 9.631504553908599e-07, 7.757168987154728e-07, 6.603413567063399e-07, 5.283992550175753e-07, 3.5274251786177047e-07, 3.3894662010425236e-07, 6.784414381399984e-07, 6.255518201214727e-07, 1.091732542590762e-06, 1.2562637721202918e-06, 8.784182341514679e-07, 3.5788832519756397e-07, 1.6312171169374778e-07], "lowlevel.melbands.stdev": [0.0003735364880412817, 0.0019312887452542782, 0.002365865046158433, 0.003299209987744689, 0.0009507676586508751, 0.001444595050998032, 0.0010269617196172476, 0.00011411113518988714, 0.000682965328451246, 0.0002110517380060628, 0.00038257683627307415, 0.00021475709218066186, 0.0001286953774979338, 9.441064321435988e-05, 5.417309876065701e-05, 3.504788764985278e-05, 1.8047563571599312e-05, 5.6849748943932354e-06, 3.818967797997175e-06, 1.6036783563322388e-05, 4.5265887820278294e-06, 4.015951162728015e-06, 4.1419339140702505e-06, 3.252393980801571e-06, 2.1011267108406173e-06, 1.1380183195797144e-06, 2.4169676180463284e-06, 2.381296098974417e-06, 3.6518699744192418e-06, 3.5424202451395104e-06, 2.7167827738594497e-06, 1.9671595055115176e-06, 1.959515202543116e-06, 3.95956567444955e-06, 3.3126991638710024e-06, 5.412614882516209e-06, 7.325735623453511e-06, 5.2516916184686124e-06, 2.5473532332398463e-06, 1.2037987744406564e-06], "lowlevel.melbands128.mean": [2.41177963289374e-06, 3.4653364764380967e-06, 8.380994404433295e-05, 0.0009933309629559517, 0.0020430816803127527, 0.002201188588514924, 0.0011021567042917013, 0.0011513368226587772, 0.0036061916034668684, 0.0019437012961134315, 0.000930654292460531, 0.0009071385720744729, 0.0011314214207231998, 0.00038570223841816187, 0.00025329311029054224, 0.0013394763227552176, 0.001023877877742052, 9.618861076887697e-05, 1.5977841030689888e-05, 9.591713023837656e-06, 1.754274853738025e-05, 0.00013511588622350246, 0.00018014137458521873, 5.0573064072523266e-05, 2.455261164868716e-05, 4.895385245617945e-06, 5.0088503485312685e-05, 0.0001136118735303171, 2.6522060579736717e-05, 3.385374657227658e-05, 2.2362279196386226e-05, 3.2163668947760016e-05, 2.739093906711787e-05, 1.2121880899940152e-05, 9.01527801033808e-06, 8.937399979913607e-05, 0.00011460997484391555, 1.5394214642583393e-05, 8.102380888885818e-06, 1.5386391169158742e-05, 8.441505997325294e-06, 1.542767495266162e-05, 6.5984754655801225e-06, 5.545050953514874e-06, 1.5347117141573108e-06, 4.429465661814902e-06, 7.088732218107907e-06, 1.7397344436176354e-06, 2.308740931766806e-06, 4.2725514504127204e-06, 7.4968402259401046e-06, 1.932446593855275e-06, 1.55732652729057e-06, 3.992165147792548e-06, 6.812679657741683e-06, 1.7340187241643434e-06, 1.860779661910783e-06, 3.495973487588344e-06, 1.9829399207083043e-06, 1.2839241207984742e-06, 2.2025387806934305e-06, 1.326438336946012e-06, 1.436291313439142e-06, 1.3753981420450145e-06, 7.805516588632599e-07, 6.84076042034576e-07, 8.370594173356949e-07, 6.620084036512708e-07, 1.6963932694125106e-06, 1.3534136087400839e-06, 8.065626388997771e-07, 9.023731877277896e-07, 7.261422751980717e-07, 8.8506703832536e-07, 6.019087095410214e-07, 6.813988306930696e-07, 6.509232548523869e-07, 6.874054179206723e-07, 4.958619115313923e-07, 3.8150270142978115e-07, 3.982715952588478e-07, 3.2999503218889004e-07, 2.8796105766559776e-07, 3.2761803936409706e-07, 3.5076195104011276e-07, 6.104386898186931e-07, 9.014236752591387e-07, 6.392731393134454e-07, 4.231392836118175e-07, 7.085860147526546e-07, 1.0750380852186936e-06, 1.2781007399098598e-06, 1.0798386256283266e-06, 1.1901348671017331e-06, 1.3001865681872005e-06, 1.5031840803203522e-06, 6.099349434407486e-07, 3.105190842234151e-07, 4.7377190526276536e-07, 3.1788945875632635e-07, 1.7370314253639663e-07, 1.4417746285744215e-07, 1.3158893352738232e-07, 1.2385405057102616e-07, 1.4750790455764218e-07, 2.1514925663268514e-07, 2.468627542384638e-07, 1.8811876145718998e-07, 2.802242988764192e-07, 2.971646040350606e-07, 2.461458166180819e-07, 2.1710617659209674e-07, 1.9675276519137697e-07, 2.1702113883748098e-07, 1.9155851305185934e-07, 2.389253381807066e-07, 1.5799058417087508e-07, 2.748925886919551e-08, 2.7931901583344576e-11, 3.8515575277731084e-12, 3.719830866943941e-12, 3.6312387558662396e-12, 3.5600112267830664e-12, 3.4860933584290876e-12, 3.345461060955124e-12, 3.1342849322879562e-12, 3.0173990476362045e-12, 2.9873607927666246e-12], "lowlevel.melbands128.stdev": [4.458270268514752e-06, 6.606477199966321e-06, 0.00017380074132233858, 0.0017336291493847966, 0.002804309129714966, 0.002665719948709011, 0.001767343026585877, 0.002301184693351388, 0.007612515706568956, 0.00417266646400094, 0.002531495178118348, 0.001524240942671895, 0.0012143956264480948, 0.00042050203774124384, 0.0006735330098308623, 0.003203638829290867, 0.002414704766124487, 0.00029630152857862413, 7.68515164963901e-05, 2.1028048649895936e-05, 9.933913679560646e-05, 0.0006459064316004515, 0.0011478837113827467, 0.0006234945612959564, 0.000353006151271984, 3.846083563985303e-05, 0.0003325223224237561, 0.000710047606844455, 0.00021928879141341895, 0.00038850968121550977, 0.00019272553618066013, 0.00023875001352280378, 0.00020884368859697133, 3.8018562918296084e-05, 3.204343738616444e-05, 0.0001818391028791666, 0.00017040842794813216, 4.0913797420216724e-05, 3.444251342443749e-05, 7.164735870901495e-05, 3.211777220712975e-05, 4.647948662750423e-05, 2.403299731668085e-05, 1.8549375454313122e-05, 3.3943545076908777e-06, 7.4652944022091106e-06, 1.1504445865284652e-05, 3.906886377080809e-06, 3.8116340874694288e-06, 9.304570085078012e-06, 3.4310003684367985e-05, 3.9356841625703964e-06, 3.101280299233622e-06, 6.9276284193620086e-06, 1.1728311619663145e-05, 3.4052277442242485e-06, 2.8754186587320874e-06, 7.394502972601913e-06, 5.299467829900095e-06, 3.4703323308349354e-06, 4.907686161459424e-06, 3.015333959410782e-06, 3.7429608710226603e-06, 2.4389319150941446e-06, 1.2667967439483618e-06, 1.0878760576815694e-06, 1.596889319444017e-06, 2.1382288650784176e-06, 3.7331412841012934e-06, 3.2719442515372066e-06, 2.4367577680095565e-06, 2.718360974540701e-06, 2.8271474548091646e-06, 4.922664629702922e-06, 3.737252654900658e-06, 4.3833024392370135e-06, 3.5451162148092408e-06, 4.20295918956981e-06, 2.608844624774065e-06, 2.1892656150157563e-06, 2.307045861016377e-06, 1.9924466414522612e-06, 1.9284454992885003e-06, 2.023158231168054e-06, 2.0898899038002128e-06, 3.899901457771193e-06, 5.461428827402415e-06, 3.8468979255412705e-06, 2.632464202179108e-06, 4.0657328099769074e-06, 5.407256139733363e-06, 7.162462679843884e-06, 5.731558303523343e-06, 7.5878415373153985e-06, 7.920501957414672e-06, 9.72467205428984e-06, 3.7306983813323313e-06, 2.250652414659271e-06, 3.465745521680219e-06, 2.5272950097132707e-06, 1.2801901903003454e-06, 1.2092458518964122e-06, 1.2086821925549884e-06, 7.889694870755193e-07, 7.862220741117198e-07, 1.2729623222185182e-06, 1.5343766790465452e-06, 1.2958528259332525e-06, 1.7958942635232233e-06, 1.7268888541366323e-06, 1.2304506071814103e-06, 1.0610327763060923e-06, 9.7080430805363e-07, 1.0583181619949755e-06, 8.887582225725055e-07, 1.0284958307238412e-06, 7.031019322312204e-07, 1.697012237400486e-07, 7.80047249016036e-10, 6.819691079212875e-12, 6.605235889495242e-12, 6.443784308224343e-12, 6.302699247923149e-12, 6.18477968492015e-12, 6.0892068297346835e-12, 6.010113413890128e-12, 5.956090655401258e-12, 5.92235418692133e-12], "lowlevel.mfcc.mean": [-737.1532592773438, 167.02786254882812, 5.106245040893555, 33.73039245605469, 22.235942840576172, 13.630992889404297, 3.9114320278167725, -6.129949569702148, -28.35230255126953, -16.095746994018555, -21.390857696533203, 3.505016565322876, 1.1056642532348633], "lowlevel.spectral_contrast_coeffs.mean": [-0.6162595152854919, -0.6449376344680786, -0.728388249874115, -0.7981536388397217, -0.783265233039856, -0.7718213796615601], "lowlevel.spectral_contrast_coeffs.stdev": [0.07027561962604523, 0.08601003140211105, 0.054217755794525146, 0.04115377739071846, 0.04144134745001793, 0.0445764921605587], "lowlevel.spectral_contrast_valleys.mean": [-6.854359149932861, -8.143525123596191, -8.382360458374023, -8.625569343566895, -8.859207153320312, -12.025416374206543], "lowlevel.spectral_contrast_valleys.stdev": [0.7441691160202026, 0.8221459984779358, 0.6905841827392578, 0.6412727236747742, 0.7345166802406311, 0.9293422102928162], "rhythm.beats_loudness_band_ratio.mean": [0.5367138981819153, 0.4783988296985626, 0.10399743914604187, 0.05185554176568985, 0.008952832780778408, 0.024567725136876106], "rhythm.beats_loudness_band_ratio.stdev": [0.26296335458755493, 0.20320847630500793, 0.1268111765384674, 0.06844709068536758, 0.007660243660211563, 0.08994144946336746], "tonal.hpcp.mean": [0.07463503628969193, 0.02741912752389908, 0.003892282024025917, 0.006059702951461077, 0.008269291371107101, 0.10413729399442673, 0.18656137585639954, 0.10238774865865707, 0.15429633855819702, 0.20560961961746216, 0.06701110303401947, 0.0026699926238507032, 0.0037785330787301064, 0.005536419339478016, 0.12729547917842865, 0.33260083198547363, 0.2135409116744995, 0.008993510156869888, 0.0069014024920761585, 0.00413008127361536, 0.00308279599994421, 0.005033898167312145, 0.0060269515961408615, 0.005006035324186087, 0.0029036819469183683, 0.00362682924605906, 0.05459766089916229, 0.10791467130184174, 0.08816295862197876, 0.3147451877593994, 0.5541045069694519, 0.2881069481372833, 0.022732215002179146, 0.010458729229867458, 0.010510195977985859, 0.05386645346879959], "tonal.hpcp.stdev": [0.23326554894447327, 0.09782986342906952, 0.040263302624225616, 0.05506281927227974, 0.06073113903403282, 0.20453602075576782, 0.34585049748420715, 0.18111780285835266, 0.27771997451782227, 0.3854087293148041, 0.1427859514951706, 0.019390348345041275, 0.037752825766801834, 0.04965050145983696, 0.14188756048679352, 0.33028510212898254, 0.2172088921070099, 0.05237037315964699, 0.03793841972947121, 0.034912362694740295, 0.01786741055548191, 0.03037673607468605, 0.03957277536392212, 0.024313971400260925, 0.0076373787596821785, 0.02832876704633236, 0.13818790018558502, 0.26671919226646423, 0.19018854200839996, 0.28403419256210327, 0.41866376996040344, 0.2639164924621582, 0.0919414833188057, 0.072957344353199, 0.06798626482486725, 0.18211719393730164], "rhythm.beats_position": [0.54566890001297, 1.1029478311538696, 1.6602267026901245, 2.217505693435669, 2.774784564971924, 3.3320634365081787, 3.8893423080444336, 4.446621417999268, 5.015510082244873, 5.572789192199707, 6.130067825317383, 6.687346935272217, 7.233015537261963, 7.778684616088867, 8.312743186950684, 8.846802711486816, 9.380861282348633, 9.926530838012695, 10.472199440002441, 11.017868041992188, 11.56353759765625, 12.109206199645996, 12.654874801635742, 13.188934326171875, 13.734602928161621, 14.280271530151367, 14.8143310546875, 15.348389625549316, 15.894058227539062, 16.428117752075195, 16.962177276611328, 17.496234893798828, 18.01868438720703, 18.552743911743164, 19.086801528930664, 19.632471084594727, 20.15492057800293, 20.688980102539062, 21.223037719726562, 21.757097244262695, 22.291156768798828, 22.825214385986328, 23.34766387939453, 23.870113372802734, 24.392560958862305, 24.915010452270508, 25.44906997680664, 25.983129501342773, 26.517187118530273, 27.051246643066406, 27.58530616760254, 28.11936378479004, 28.653423309326172, 29.187482833862305, 29.779590606689453, 30.371700286865234, 30.963808059692383, 31.532697677612305, 32.101585388183594, 32.693695068359375, 33.274192810058594, 33.85469436645508, 34.40036392211914, 34.9576416015625, 35.51491928100586, 36.03736877441406, 36.5482063293457, 37.070655822753906, 37.59310531616211, 38.11555480957031, 38.638004302978516, 39.13723373413086, 39.6364631652832], "rhythm.bpm_histogram": [0.0, 0.0, 0.0, 0.0, 0.0, 0.0, 0.0, 0.0, 0.0, 0.0, 0.0, 0.0, 0.0, 0.0, 0.0, 0.0, 0.0, 0.0, 0.0, 0.0, 0.0, 0.0, 0.0, 0.0, 0.0, 0.0, 0.0, 0.0, 0.0, 0.0, 0.0, 0.0, 0.0, 0.0, 0.0, 0.0, 0.0, 0.0, 0.0, 0.0, 0.0, 0.0, 0.0, 0.0, 0.0, 0.0, 0.0, 0.0, 0.0, 0.0, 0.0, 0.0, 0.0, 0.0, 0.0, 0.0, 0.0, 0.0, 0.0, 0.0, 0.0, 0.0, 0.0, 0.0, 0.0, 0.0, 0.0, 0.0, 0.0, 0.0, 0.0, 0.0, 0.0, 0.0, 0.0, 0.0, 0.0, 0.0, 0.0, 0.0, 0.0, 0.0, 0.0, 0.0, 0.0, 0.0, 0.0, 0.0, 0.0, 0.0, 0.0, 0.0, 0.0, 0.0, 0.0, 0.0, 0.0, 0.0, 0.0, 0.0, 0.0, 0.0555555559694767, 0.0, 0.02777777798473835, 0.0, 0.0416666679084301, 0.0, 0.0, 0.1666666716337204, 0.0, 0.1805555522441864, 0.0, 0.3333333432674408, 0.0, 0.0, 0.1527777761220932, 0.0, 0.013888888992369175, 0.0, 0.0, 0.02777777798473835, 0.0, 0.0, 0.0, 0.0, 0.0, 0.0, 0.0, 0.0, 0.0, 0.0, 0.0, 0.0, 0.0, 0.0, 0.0, 0.0, 0.0, 0.0, 0.0, 0.0, 0.0, 0.0, 0.0, 0.0, 0.0, 0.0, 0.0, 0.0, 0.0, 0.0, 0.0, 0.0, 0.0, 0.0, 0.0, 0.0, 0.0, 0.0, 0.0, 0.0, 0.0, 0.0, 0.0, 0.0, 0.0, 0.0, 0.0, 0.0, 0.0, 0.0, 0.0, 0.0, 0.0, 0.0, 0.0, 0.0, 0.0, 0.0, 0.0, 0.0, 0.0, 0.0, 0.0, 0.0, 0.0, 0.0, 0.0, 0.0, 0.0, 0.0, 0.0, 0.0, 0.0, 0.0, 0.0, 0.0, 0.0, 0.0, 0.0, 0.0, 0.0, 0.0, 0.0, 0.0, 0.0, 0.0, 0.0, 0.0, 0.0, 0.0, 0.0, 0.0, 0.0, 0.0, 0.0, 0.0, 0.0, 0.0, 0.0, 0.0, 0.0, 0.0, 0.0, 0.0, 0.0, 0.0, 0.0, 0.0, 0.0, 0.0, 0.0, 0.0, 0.0, 0.0, 0.0, 0.0, 0.0, 0.0, 0.0, 0.0, 0.0, 0.0, 0.0, 0.0, 0.0, 0.0, 0.0, 0.0, 0.0], "tonal.chords_histogram": [2.0833332538604736, 0.0, 7.523148059844971, 0.0, 0.0, 0.0, 0.0, 1.7361111640930176, 0.11574073880910873, 78.35648345947266, 0.3472222089767456, 9.837963104248047, 0.0, 0.0, 0.0, 0.0, 0.0, 0.0, 0.0, 0.0, 0.0, 0.0, 0.0, 0.0], "tonal.thpcp": [1.0, 0.5199505686759949, 0.04102513939142227, 0.018875012174248695, 0.018967894837260246, 0.09721352905035019, 0.1346948742866516, 0.04948367550969124, 0.0070244548842310905, 0.010936029255390167, 0.014923703856766224, 0.18793800473213196, 0.33668985962867737, 0.1847805678844452, 0.27846071124076843, 0.37106651067733765, 0.12093585729598999, 0.004818572197109461, 0.00681917043402791, 0.009991652332246304, 0.22973190248012543, 0.6002492904663086, 0.38538020849227905, 0.016230711713433266, 0.012455055490136147, 0.007453614380210638, 0.005563564132899046, 0.009084745310246944, 0.010876921936869621, 0.009034460410475731, 0.005240314640104771, 0.006545388605445623, 0.09853314608335495, 0.19475509226322174, 0.15910890698432922, 0.5680249333381653], "lowlevel.gfcc.cov": [[5428.49951171875, -482.8891906738281, 8.891048431396484, -35.45102310180664, -717.408935546875, -1.9037210941314697, -172.75746154785156, 150.59664916992188, 15.868505477905273, 45.429527282714844, 1.2290199995040894, -137.0500946044922, -70.85191345214844], [-482.8891906738281, 1039.7491455078125, -134.3880615234375, -64.41789245605469, 334.91009521484375, -105.56377410888672, 101.23133087158203, -38.76235580444336, -1.7960848808288574, -107.79459381103516, 14.679239273071289, -43.91009521484375, 49.829166412353516], [8.891048431396484, -134.3880615234375, 358.0729064941406, 89.99675750732422, 30.868133544921875, 58.8340950012207, 12.877365112304688, -17.122085571289062, -43.103572845458984, -37.27901840209961, -23.39850616455078, 11.144481658935547, -18.503820419311523], [-35.45102310180664, -64.41789245605469, 89.99675750732422, 233.41952514648438, 132.25315856933594, 55.419281005859375, 13.773045539855957, -50.82976150512695, 2.3150172233581543, -12.132980346679688, -10.028322219848633, 31.905488967895508, 11.915857315063477], [-717.408935546875, 334.91009521484375, 30.868133544921875, 132.25315856933594, 422.5959167480469, 41.9900016784668, 65.00436401367188, -79.48912811279297, -45.29564666748047, -54.14417266845703, -30.137893676757812, 42.73311996459961, 18.076688766479492], [-1.9037210941314697, -105.56377410888672, 58.8340950012207, 55.419281005859375, 41.9900016784668, 127.57991027832031, 51.001060485839844, 20.533090591430664, -8.556612968444824, -5.290815830230713, -9.313913345336914, -7.439274311065674, -3.1217241287231445], [-172.75746154785156, 101.23133087158203, 12.877365112304688, 13.773045539855957, 65.00436401367188, 51.001060485839844, 115.1797103881836, 33.04548263549805, -3.2389566898345947, -22.28705406188965, -11.510212898254395, -19.808156967163086, 6.6762614250183105], [150.59664916992188, -38.76235580444336, -17.122085571289062, -50.82976150512695, -79.48912811279297, 20.533090591430664, 33.04548263549805, 129.88002014160156, 41.34334182739258, 14.049546241760254, -3.6839797496795654, -39.5438346862793, -5.81568717956543], [15.868505477905273, -1.7960848808288574, -43.103572845458984, 2.3150172233581543, -45.29564666748047, -8.556612968444824, -3.2389566898345947, 41.34334182739258, 98.62456512451172, 39.33917999267578, 12.152819633483887, -1.351701259613037, 0.3683518171310425], [45.429527282714844, -107.79459381103516, -37.27901840209961, -12.132980346679688, -54.14417266845703, -5.290815830230713, -22.28705406188965, 14.049546241760254, 39.33917999267578, 87.69044494628906, 25.023876190185547, 22.650876998901367, -4.390772819519043], [1.2290199995040894, 14.679239273071289, -23.39850616455078, -10.028322219848633, -30.137893676757812, -9.313913345336914, -11.510212898254395, -3.6839797496795654, 12.152819633483887, 25.023876190185547, 70.24964904785156, 25.660747528076172, 1.5002340078353882], [-137.0500946044922, -43.91009521484375, 11.144481658935547, 31.905488967895508, 42.73311996459961, -7.439274311065674, -19.808156967163086, -39.5438346862793, -1.351701259613037, 22.650876998901367, 25.660747528076172, 97.04645538330078, 16.018320083618164], [-70.85191345214844, 49.829166412353516, -18.503820419311523, 11.915857315063477, 18.076688766479492, -3.1217241287231445, 6.6762614250183105, -5.81568717956543, 0.3683518171310425, -4.390772819519043, 1.5002340078353882, 16.018320083618164, 50.59912872314453]], "lowlevel.gfcc.icov": [[0.0003054518310818821, -0.00038856157334521413, 7.770534284645692e-05, -0.000635419215541333, 0.000971273984760046, -0.0005132074584253132, 0.0006105527863837779, -0.0003745784633792937, 0.0006042359746061265, -0.00024139585730154067, 0.00047814418212510645, -0.00018454041855875403, 0.0005050485488027334], [-0.00038856157334521413, 0.004179974552243948, 7.211090996861458e-05, 0.0030570020899176598, -0.005071099381893873, 0.004549865610897541, -0.003213606309145689, 0.0014278575545176864, -0.0033405409194529057, 0.0035182652063667774, -0.0043795108795166016, 0.0036852227058261633, -0.0033806683495640755], [7.770534284645692e-05, 7.211090996861458e-05, 0.003795815398916602, -0.0015322105027735233, 0.0007213468779809773, -0.0010297184344381094, 7.916470349300653e-05, -0.00044886604882776737, 0.0014076392399147153, 0.0014628157950937748, 0.0008263449417427182, -0.0012031671358272433, 0.00187654176261276], [-0.000635419215541333, 0.0030570020899176598, -0.0015322105027735233, 0.00986683089286089, -0.006003056187182665, 0.0005992689402773976, -0.0020058865193277597, 0.00398329459130764, -0.005855089519172907, 0.0027098646387457848, -0.0029684435576200485, 0.0020805352833122015, -0.004172930959612131], [0.000971273984760046, -0.005071099381893873, 0.0007213468779809773, -0.006003056187182665, 0.011181036941707134, -0.0057777706533670425, 0.0019221551483497024, -0.00044728376087732613, 0.005180953070521355, -0.002617486985400319, 0.0069220419973134995, -0.006135734263807535, 0.004847830161452293], [-0.0005132074584253132, 0.004549865610897541, -0.0010297184344381094, 0.0005992689402773976, -0.0057777706533670425, 0.016828952357172966, -0.007948752492666245, -0.0007480572094209492, -0.0015016902470961213, 0.0017930165631696582, -0.0047250413335859776, 0.00442534452304244, -0.0027460656128823757], [0.0006105527863837779, -0.003213606309145689, 7.916470349300653e-05, -0.0020058865193277597, 0.0019221551483497024, -0.007948752492666245, 0.016651563346385956, -0.005178689491003752, 0.002686289604753256, -0.00045702248462475836, 0.0025890404358506203, -0.0007572541944682598, 0.0006553199491463602], [-0.0003745784633792937, 0.0014278575545176864, -0.00044886604882776737, 0.00398329459130764, -0.00044728376087732613, -0.0007480572094209492, -0.005178689491003752, 0.014475874602794647, -0.006728356704115868, 0.00041812105337157845, -0.0007084195967763662, 0.004128812346607447, -0.0017728882376104593], [0.0006042359746061265, -0.0033405409194529057, 0.0014076392399147153, -0.005855089519172907, 0.005180953070521355, -0.0015016902470961213, 0.002686289604753256, -0.006728356704115868, 0.018759826198220253, -0.00822865217924118, 0.0029922390822321177, -0.0025610218290239573, 0.002829493023455143], [-0.00024139585730154067, 0.0035182652063667774, 0.0014628157950937748, 0.0027098646387457848, -0.002617486985400319, 0.0017930165631696582, -0.00045702248462475836, 0.00041812105337157845, -0.00822865217924118, 0.02108941413462162, -0.006218091584742069, -0.0018166413065046072, -0.00010246409510727972], [0.00047814418212510645, -0.0043795108795166016, 0.0008263449417427182, -0.0029684435576200485, 0.0069220419973134995, -0.0047250413335859776, 0.0025890404358506203, -0.0007084195967763662, 0.0029922390822321177, -0.006218091584742069, 0.02253459021449089, -0.008778594434261322, 0.004345741122961044], [-0.00018454041855875403, 0.0036852227058261633, -0.0012031671358272433, 0.0020805352833122015, -0.006135734263807535, 0.00442534452304244, -0.0007572541944682598, 0.004128812346607447, -0.0025610218290239573, -0.0018166413065046072, -0.008778594434261322, 0.019749119877815247, -0.007908754050731659], [0.0005050485488027334, -0.0033806683495640755, 0.00187654176261276, -0.004172930959612131, 0.004847830161452293, -0.0027460656128823757, 0.0006553199491463602, -0.0017728882376104593, 0.002829493023455143, -0.00010246409510727972, 0.004345741122961044, -0.007908754050731659, 0.025622360408306122]], "lowlevel.mfcc.cov": [[4312.80908203125, -609.5498657226562, 358.1181640625, -229.8883819580078, -363.9875793457031, -314.2898254394531, -176.78561401367188, -103.55598449707031, -22.382762908935547, 229.76351928710938, -19.225461959838867, 218.7752685546875, -170.8015594482422], [-609.5498657226562, 1054.5863037109375, -276.0249328613281, 103.76290130615234, 97.61827087402344, -4.049759864807129, 86.72198486328125, 69.29933166503906, 14.641698837280273, -19.013473510742188, -13.93393325805664, -66.46977233886719, 6.488909721374512], [358.1181640625, -276.0249328613281, 359.3826904296875, -25.868013381958008, -40.71052169799805, -15.874027252197266, 11.039958000183105, 18.50233268737793, 0.09970186650753021, 31.231584548950195, -14.204761505126953, 21.005081176757812, -39.14969253540039], [-229.8883819580078, 103.76290130615234, -25.868013381958008, 219.82400512695312, 129.20089721679688, 123.77597045898438, 15.981268882751465, 40.189125061035156, -0.738762617111206, -47.00248718261719, -15.529572486877441, -13.830521583557129, 26.543825149536133], [-363.9875793457031, 97.61827087402344, -40.71052169799805, 129.20089721679688, 206.32208251953125, 125.49626159667969, 45.819664001464844, 35.18976593017578, 2.0275156497955322, -52.08995056152344, 5.04713249206543, -37.95651626586914, 34.18720245361328], [-314.2898254394531, -4.049759864807129, -15.874027252197266, 123.77597045898438, 125.49626159667969, 212.71458435058594, 47.924400329589844, 38.697509765625, -2.9203884601593018, -51.006160736083984, -12.303218841552734, -21.152429580688477, 37.62308120727539], [-176.78561401367188, 86.72198486328125, 11.039958000183105, 15.981268882751465, 45.819664001464844, 47.924400329589844, 157.1321258544922, 51.73998260498047, 29.378116607666016, -1.9592434167861938, -2.8950796127319336, -24.891469955444336, -7.038821220397949], [-103.55598449707031, 69.29933166503906, 18.50233268737793, 40.189125061035156, 35.18976593017578, 38.697509765625, 51.73998260498047, 107.46818542480469, 27.317035675048828, 21.435264587402344, -2.328869342803955, 1.804373025894165, -14.837145805358887], [-22.382762908935547, 14.641698837280273, 0.09970186650753021, -0.738762617111206, 2.0275156497955322, -2.9203884601593018, 29.378116607666016, 27.317035675048828, 107.07332611083984, 34.382720947265625, 25.59850311279297, -1.3401286602020264, -4.887699127197266], [229.76351928710938, -19.013473510742188, 31.231584548950195, -47.00248718261719, -52.08995056152344, -51.006160736083984, -1.9592434167861938, 21.435264587402344, 34.382720947265625, 141.60585021972656, 37.76206588745117, 25.606348037719727, -39.42158508300781], [-19.225461959838867, -13.93393325805664, -14.204761505126953, -15.529572486877441, 5.04713249206543, -12.303218841552734, -2.8950796127319336, -2.328869342803955, 25.59850311279297, 37.76206588745117, 103.53079986572266, 2.19411039352417, 14.640961647033691], [218.7752685546875, -66.46977233886719, 21.005081176757812, -13.830521583557129, -37.95651626586914, -21.152429580688477, -24.891469955444336, 1.804373025894165, -1.3401286602020264, 25.606348037719727, 2.19411039352417, 91.37466430664062, 7.408405303955078], [-170.8015594482422, 6.488909721374512, -39.14969253540039, 26.543825149536133, 34.18720245361328, 37.62308120727539, -7.038821220397949, -14.837145805358887, -4.887699127197266, -39.42158508300781, 14.640961647033691, 7.408405303955078, 116.87519073486328]], "lowlevel.mfcc.icov": [[0.0003521671169437468, 8.430488378508016e-05, -0.00018296853522770107, -0.00011005987471435219, 0.00017715641297399998, 0.00022173981415107846, 7.469175034202635e-05, 0.00028941204072907567, 4.614583303919062e-05, -0.0003151353739667684, 0.00013350289373192936, -0.0005559170385822654, 0.0003058726724702865], [8.430488378508016e-05, 0.0015546201029792428, 0.0011425497941672802, -0.0008384305401705205, -0.00023115685326047242, 0.0012042649323120713, -0.0007339513394981623, -0.0008212334359996021, 0.00024670257698744535, -0.0002840685483533889, 0.00040562538197264075, 0.0006147511885501444, -3.375325468368828e-05], [-0.00018296853522770107, 0.0011425497941672802, 0.004029738716781139, -0.00042638054583221674, 0.0001504424144513905, 0.000530619639903307, -0.0008716615848243237, -0.0012182858772575855, 0.00035159234539605677, -0.0003019140858668834, 0.0005564363673329353, 0.00028458249289542437, 0.0005190063384361565], [-0.00011005987471435219, -0.0008384305401705205, -0.00042638054583221674, 0.009193218313157558, -0.0037209149450063705, -0.003372328355908394, 0.0020264899358153343, -0.0014911153120920062, -0.0005537372198887169, 0.0009776758961379528, 0.000786615302786231, -0.0009049082291312516, 2.7154212148161605e-05], [0.00017715641297399998, -0.00023115685326047242, 0.0001504424144513905, -0.0037209149450063705, 0.01061470527201891, -0.0029696207493543625, -0.001046672579832375, -0.0006970030954107642, 0.00028269144240766764, 0.0012656308244913816, -0.0019432463450357318, 0.0020033977925777435, -0.0005781393265351653], [0.00022173981415107846, 0.0012042649323120713, 0.000530619639903307, -0.003372328355908394, -0.0029696207493543625, 0.009947237558662891, -0.0019015182042494416, -0.0015251608565449715, 0.0006915865233168006, 0.0004190870386082679, 0.0008775363676249981, 0.0002789520949590951, -0.0013980910880491138], [7.469175034202635e-05, -0.0007339513394981623, -0.0008716615848243237, 0.0020264899358153343, -0.001046672579832375, -0.0019015182042494416, 0.00916238408535719, -0.0030203177593648434, -0.001814892515540123, 0.00039315386675298214, 0.00033164466731250286, 0.0012963857734575868, 0.00041733027319423854], [0.00028941204072907567, -0.0008212334359996021, -0.0012182858772575855, -0.0014911153120920062, -0.0006970030954107642, -0.0015251608565449715, -0.0030203177593648434, 0.014470545575022697, -0.0020446202252060175, -0.0026440354995429516, 0.0009116093860939145, -0.002444957382977009, 0.0018125156639143825], [4.614583303919062e-05, 0.00024670257698744535, 0.00035159234539605677, -0.0005537372198887169, 0.00028269144240766764, 0.0006915865233168006, -0.001814892515540123, -0.0020446202252060175, 0.011505767703056335, -0.0021264045499265194, -0.002047252841293812, 0.0005734921433031559, -0.00039285936509259045], [-0.0003151353739667684, -0.0002840685483533889, -0.0003019140858668834, 0.0009776758961379528, 0.0012656308244913816, 0.0004190870386082679, 0.00039315386675298214, -0.0026440354995429516, -0.0021264045499265194, 0.01174196321517229, -0.004183013923466206, -0.0019116235198453069, 0.0029317366424947977], [0.00013350289373192936, 0.00040562538197264075, 0.0005564363673329353, 0.000786615302786231, -0.0019432463450357318, 0.0008775363676249981, 0.00033164466731250286, 0.0009116093860939145, -0.002047252841293812, -0.004183013923466206, 0.012536132708191872, 0.0004783390322700143, -0.0024952993262559175], [-0.0005559170385822654, 0.0006147511885501444, 0.00028458249289542437, -0.0009049082291312516, 0.0020033977925777435, 0.0002789520949590951, 0.0012963857734575868, -0.002444957382977009, 0.0005734921433031559, -0.0019116235198453069, 0.0004783390322700143, 0.014598698355257511, -0.0030599210876971483], [0.0003058726724702865, -3.375325468368828e-05, 0.0005190063384361565, 2.7154212148161605e-05, -0.0005781393265351653, -0.0013980910880491138, 0.00041733027319423854, 0.0018125156639143825, -0.00039285936509259045, 0.0029317366424947977, -0.0024952993262559175, -0.0030599210876971483, 0.011526077054440975]], "metadata.audio_properties.analysis.downmix": "mix", "metadata.audio_properties.codec": "mp3", "metadata.audio_properties.md5_encoded": "c209a8ef74a50821f403a61460d597ef", "metadata.tags.file_name": "11822