{"song_id": "1182282118328483840", "download": "https://cdn.discordapp.com/attachments/1128313332273782784/1182282118328483840/chirp.mp4?ex=65842106&amp", "lyrics": "[Verse]\nLost in the darkness, searching for light\nThrough the vast emptiness, trying to fight\nHopelessness surrounds, pulling me down\nIn this endless void, I seek to be found\n\n[Chorus]\nAmong the stars, I'll find my way\nThrough the galaxies, where dreams can sway\nEuphoria ignites, as I break free\nFrom the helplessness of the void, I will see", "style": ["light dubstep</span><span>/violin</span><span>/piano"], "essentia_features": {"lowlevel.average_loudness": 0.922939121723175, "lowlevel.barkbands_crest.mean": 15.366413116455078, "lowlevel.barkbands_crest.stdev": 5.280109405517578, "lowlevel.barkbands_flatness_db.mean": 0.2589043378829956, "lowlevel.barkbands_flatness_db.stdev": 0.05665895342826843, "lowlevel.barkbands_kurtosis.mean": 14.883891105651855, "lowlevel.barkbands_kurtosis.stdev": 20.947572708129883, "lowlevel.barkbands_skewness.mean": 2.8703274726867676, "lowlevel.barkbands_skewness.stdev": 2.54142427444458, "lowlevel.barkbands_spread.mean": 21.094743728637695, "lowlevel.barkbands_spread.stdev": 17.32617950439453, "lowlevel.dissonance.mean": 0.4271370768547058, "lowlevel.dissonance.stdev": 0.04134630039334297, "lowlevel.dynamic_complexity": 2.3790693283081055, "lowlevel.erbbands_crest.mean": 15.71181583404541, "lowlevel.erbbands_crest.stdev": 6.158144950866699, "lowlevel.erbbands_flatness_db.mean": 0.2446301132440567, "lowlevel.erbbands_flatness_db.stdev": 0.04356646537780762, "lowlevel.erbbands_kurtosis.mean": 3.7294228076934814, "lowlevel.erbbands_kurtosis.stdev": 9.575899124145508, "lowlevel.erbbands_skewness.mean": 1.0128711462020874, "lowlevel.erbbands_skewness.stdev": 1.8627575635910034, "lowlevel.erbbands_spread.mean": 54.34554672241211, "lowlevel.erbbands_spread.stdev": 28.17180061340332, "lowlevel.hfc.mean": 22.172128677368164, "lowlevel.hfc.stdev": 21.337934494018555, "lowlevel.loudness_ebu128.integrated": -11.503328323364258, "lowlevel.loudness_ebu128.loudness_range": 4.031867027282715, "lowlevel.loudness_ebu128.momentary.mean": -12.00178050994873, "lowlevel.loudness_ebu128.momentary.stdev": 2.2131330966949463, "lowlevel.loudness_ebu128.short_term.mean": -11.620133399963379, "lowlevel.loudness_ebu128.short_term.stdev": 1.40483820438385, "lowlevel.melbands_crest.mean": 23.39995765686035, "lowlevel.melbands_crest.stdev": 6.334358215332031, "lowlevel.melbands_flatness_db.mean": 0.2728613317012787, "lowlevel.melbands_flatness_db.stdev": 0.07319226861000061, "lowlevel.melbands_kurtosis.mean": 59.96495819091797, "lowlevel.melbands_kurtosis.stdev": 75.0229721069336, "lowlevel.melbands_skewness.mean": 5.814335346221924, "lowlevel.melbands_skewness.stdev": 3.783409833908081, "lowlevel.melbands_spread.mean": 25.95689582824707, "lowlevel.melbands_spread.stdev": 40.473854064941406, "lowlevel.pitch_salience.mean": 0.39980050921440125, "lowlevel.pitch_salience.stdev": 0.16843798756599426, "lowlevel.silence_rate_20dB.mean": 1.0, "lowlevel.silence_rate_20dB.stdev": 0.0, "lowlevel.silence_rate_30dB.mean": 1.0, "lowlevel.silence_rate_30dB.stdev": 0.0, "lowlevel.silence_rate_60dB.mean": 0.01729278452694416, "lowlevel.silence_rate_60dB.stdev": 0.13036061823368073, "lowlevel.spectral_centroid.mean": 1292.4364013671875, "lowlevel.spectral_centroid.stdev": 1142.371337890625, "lowlevel.spectral_complexity.mean": 6.9409661293029785, "lowlevel.spectral_complexity.stdev": 3.071319818496704, "lowlevel.spectral_decrease.mean": -5.775045774925047e-09, "lowlevel.spectral_decrease.stdev": 4.0710412818611985e-09, "lowlevel.spectral_energy.mean": 0.023807426914572716, "lowlevel.spectral_energy.stdev": 0.015673408284783363, "lowlevel.spectral_energyband_high.mean": 0.0020434462931007147, "lowlevel.spectral_energyband_high.stdev": 0.003124138107523322, "lowlevel.spectral_energyband_low.mean": 4.3355589696147945e-06, "lowlevel.spectral_energyband_low.stdev": 6.944099368411116e-06, "lowlevel.spectral_energyband_middle_high.mean": 0.001217943150550127, "lowlevel.spectral_energyband_middle_high.stdev": 0.0016496552852913737, "lowlevel.spectral_energyband_middle_low.mean": 0.020563926547765732, "lowlevel.spectral_energyband_middle_low.stdev": 0.01597156748175621, "lowlevel.spectral_entropy.mean": 7.167059898376465, "lowlevel.spectral_entropy.stdev": 0.5721161961555481, "lowlevel.spectral_flux.mean": 0.0522032231092453, "lowlevel.spectral_flux.stdev": 0.030838293954730034, "lowlevel.spectral_kurtosis.mean": 1.7726222276687622, "lowlevel.spectral_kurtosis.stdev": 5.553431510925293, "lowlevel.spectral_rms.mean": 0.004532718099653721, "lowlevel.spectral_rms.stdev": 0.0016374443657696247, "lowlevel.spectral_rolloff.mean": 1971.9527587890625, "lowlevel.spectral_rolloff.stdev": 2567.635009765625, "lowlevel.spectral_skewness.mean": 0.8871061205863953, "lowlevel.spectral_skewness.stdev": 0.6354231238365173, "lowlevel.spectral_spread.mean": 6131542.0, "lowlevel.spectral_spread.stdev": 1195859.375, "lowlevel.spectral_strongpeak.mean": 1.7488850355148315, "lowlevel.spectral_strongpeak.stdev": 1.4075840711593628, "lowlevel.zerocrossingrate.mean": 0.07865491509437561, "lowlevel.zerocrossingrate.stdev": 0.06939415633678436, "metadata.audio_properties.analysis.equal_loudness": 0.0, "metadata.audio_properties.analysis.length": 38.910953521728516, "metadata.audio_properties.analysis.sample_rate": 44100.0, "metadata.audio_properties.analysis.start_time": 0.0, "metadata.audio_properties.bit_rate": 120675.0, "metadata.audio_properties.length": 38.9119987487793, "metadata.audio_properties.lossless": 0.0, "metadata.audio_properties.number_channels": 1.0, "metadata.audio_properties.replay_gain": -15.900322914123535, "metadata.audio_properties.sample_rate": 48000.0, "rhythm.beats_count": 63.0, "rhythm.beats_loudness.mean": 0.02309265546500683, "rhythm.beats_loudness.stdev": 0.012384358793497086, "rhythm.bpm": 139.47059631347656, "rhythm.bpm_histogram_first_peak_bpm": 140.0, "rhythm.bpm_histogram_first_peak_weight": 0.17647051811218262, "rhythm.bpm_histogram_second_peak_bpm": 83.0, "rhythm.bpm_histogram_second_peak_spread": 0.25, "rhythm.bpm_histogram_second_peak_weight": 0.24193547666072845, "rhythm.danceability": 1.0186207294464111, "rhythm.onset_rate": 2.3119454383850098, "tonal.chords_changes_rate": 0.06555423140525818, "tonal.chords_number_rate": 0.009535160847008228, "tonal.chords_strength.mean": 0.5142120718955994, "tonal.chords_strength.stdev": 0.10486677289009094, "tonal.hpcp_crest.mean": 25.453767776489258, "tonal.hpcp_crest.stdev": 9.543710708618164, "tonal.hpcp_entropy.mean": 0.8718942403793335, "tonal.hpcp_entropy.stdev": 0.7603688836097717, "tonal.key_edma.strength": 0.7051447629928589, "tonal.key_krumhansl.strength": 0.7053749561309814, "tonal.key_temperley.strength": 0.7041723728179932, "tonal.tuning_diatonic_strength": 0.648907482624054, "tonal.tuning_equal_tempered_deviation": 0.006454262882471085, "tonal.tuning_frequency": 440.0, "tonal.tuning_nontempered_energy_ratio": 0.6682834625244141, "lowlevel.barkbands.mean": [1.151888795902778e-06, 9.767965138962609e-07, 1.5395136188089964e-06, 3.949187430407619e-06, 0.0062085590325295925, 0.01128836628049612, 0.0009552942938171327, 0.0006478137220256031, 0.001401493907906115, 0.0005175552796572447, 8.960159902926534e-05, 0.00024089193902909756, 4.333313336246647e-05, 4.568221265799366e-05, 0.00010463599028298631, 3.577632378437556e-05, 3.228073182981461e-05, 4.301554145058617e-05, 7.898665353422984e-05, 9.05307533685118e-05, 0.0004893443547189236, 0.0004618229577317834, 0.0008175963303074241, 6.808237230870873e-05, 0.00010180701065110043, 3.711351382662542e-05, 2.264823706354946e-07], "lowlevel.barkbands.stdev": [1.7472009403718403e-06, 1.5998151638996205e-06, 3.1666950235376135e-06, 1.2274343134777155e-05, 0.008002649061381817, 0.012949946336448193, 0.0029592651408165693, 0.0019267223542556167, 0.004009066615253687, 0.0011463058181107044, 0.00042425133869983256, 0.0006116247386671603, 0.00014477991499006748, 0.00010375110286986455, 0.00020133127691224217, 8.939670806284994e-05, 0.0001285317848669365, 9.154428698820993e-05, 0.00014311888662632555, 0.00016845941718202084, 0.0006137792370282114, 0.0009823658037930727, 0.0016646365402266383, 0.00030190072720870376, 0.00044928956776857376, 0.0001113149628508836, 8.350529014933272e-07], "lowlevel.erbbands.mean": [4.37030648754444e-05, 0.00029177594115026295, 0.0020147727336734533, 0.02042394131422043, 0.5655367970466614, 15.277461051940918, 93.99906921386719, 87.98844909667969, 35.006290435791016, 6.85119104385376, 18.647539138793945, 25.77646827697754, 26.08655548095703, 16.34554100036621, 6.8853583335876465, 8.019598007202148, 2.3138983249664307, 1.9763013124465942, 5.494619369506836, 3.2417054176330566, 1.9101803302764893, 1.7616244554519653, 1.9065626859664917, 4.777476787567139, 2.7564518451690674, 4.727762222290039, 16.187646865844727, 16.87983512878418, 13.963239669799805, 34.877742767333984, 15.715245246887207, 1.5406097173690796, 1.5421595573425293, 1.513264536857605, 0.4991322159767151, 0.17655381560325623, 0.07195761799812317, 0.0077967094257473946, 0.00016449292888864875, 3.7528057873714715e-05], "lowlevel.erbbands.stdev": [5.8644127420848235e-05, 0.0003842554579023272, 0.002908158814534545, 0.05847488343715668, 2.2786824703216553, 20.406951904296875, 116.88277435302734, 141.5789794921875, 60.747337341308594, 14.970735549926758, 52.23402404785156, 85.01404571533203, 64.81578063964844, 37.150699615478516, 18.005945205688477, 18.874767303466797, 6.814051628112793, 3.8915507793426514, 10.586313247680664, 6.563159942626953, 3.6557960510253906, 6.668795585632324, 4.434969902038574, 8.306282043457031, 3.8523027896881104, 8.477227210998535, 22.01897621154785, 22.2370662689209, 31.622879028320312, 65.57032775878906, 35.398719787597656, 5.076813697814941, 7.391386985778809, 7.437773704528809, 1.9011905193328857, 0.603352963924408, 0.19662247598171234, 0.022898660972714424, 0.00042644431232474744, 2.8428332370822318e-05], "lowlevel.gfcc.mean": [-62.46232604980469, 23.760141372680664, -126.33657836914062, 11.18713665008545, -134.1543731689453, -23.533878326416016, -60.0376091003418, -28.325117111206055, -34.289581298828125, 1.6992119550704956, -19.644161224365234, 15.64014720916748, 7.334839344024658], "lowlevel.melbands.mean": [3.209821954897052e-07, 6.344185408124758e-07, 8.074040124483872e-06, 0.00040671805618330836, 0.0028176894411444664, 0.0019112159498035908, 0.000507062766700983, 7.143418042687699e-05, 0.0001519610668765381, 0.0001824420178309083, 0.00013156907516531646, 6.982592458371073e-05, 1.820297802623827e-05, 3.102265691268258e-05, 8.047290975810029e-06, 4.11758219343028e-06, 3.3969829473790014e-06, 8.499361683789175e-06, 6.617616691073636e-06, 2.93808943752083e-06, 1.988132225960726e-06, 1.571928237353859e-06, 1.8330654256715206e-06, 2.1487103367689997e-06, 4.221109065838391e-06, 2.485961431375472e-06, 1.5868000673435745e-06, 3.2829898373165634e-06, 7.353452929237392e-06, 1.595216781424824e-05, 6.937639227544423e-06, 6.168478648760356e-06, 1.1692200132529251e-05, 2.4230450435425155e-05, 1.1878984878421761e-05, 1.4264572882893845e-06, 4.6817896759421274e-07, 9.144357022705663e-07, 1.3980965150039992e-06, 1.245570615537872e-06], "lowlevel.melbands.stdev": [4.883344217887498e-07, 1.1100993333457154e-06, 5.596967093879357e-05, 0.0006175950984470546, 0.0034022226464003325, 0.002842777641490102, 0.0009044733596965671, 0.00015845212328713387, 0.00042494875378906727, 0.0005527986213564873, 0.0003296764334663749, 0.00016666865849401802, 6.432499503716826e-05, 8.160840661730617e-05, 2.8263337298994884e-05, 9.899880751618184e-06, 7.396412001980934e-06, 1.6667487216182053e-05, 1.3391236279858276e-05, 8.150218491209671e-06, 3.990985987911699e-06, 5.564295861404389e-06, 7.235831162688555e-06, 5.024359779781662e-06, 7.585389539599419e-06, 4.668209840019699e-06, 2.3178010906121926e-06, 6.860474513814552e-06, 1.1443292351032142e-05, 2.0944553398294374e-05, 1.0928694791800808e-05, 1.560744749440346e-05, 2.5859157176455483e-05, 4.612703196471557e-05, 2.780824070214294e-05, 4.8421516112284735e-06, 2.0064294403709937e-06, 4.4032644836988766e-06, 6.6985526245844085e-06, 6.4021669459179975e-06], "lowlevel.melbands128.mean": [3.875919389884075e-07, 2.891939914206887e-07, 2.962550240681594e-07, 3.7297508015399217e-07, 5.333688477549003e-07, 8.435106906290457e-07, 1.3045275863987627e-06, 2.28845669880684e-06, 2.345569373574108e-05, 9.260650404030457e-05, 0.00047123595140874386, 0.002815984422340989, 0.004247760400176048, 0.0017514590872451663, 0.0019102428341284394, 0.002374880015850067, 0.0005236477591097355, 0.0003626281104516238, 0.0001248941698577255, 1.750057708704844e-05, 4.844937575398944e-05, 0.00018414261285215616, 0.00016925511590670794, 0.00010976906196447089, 0.00014701526379212737, 0.00019373027316760272, 0.00032769411336630583, 4.5701017370447516e-05, 5.7593846577219665e-05, 0.00012412798241712153, 4.987995635019615e-05, 1.4010254744789563e-05, 1.8681990695768036e-05, 9.702132047095802e-06, 4.8279387556249276e-05, 3.249852670705877e-05, 1.6323112504323944e-05, 4.6071113501966465e-06, 5.43374562766985e-06, 4.4872163016407285e-06, 3.2028597161115613e-06, 4.720795914181508e-06, 2.2191475181898568e-06, 2.709491809582687e-06, 6.686606411676621e-06, 8.979905942396726e-06, 1.2609838449861854e-05, 6.77447587804636e-06, 4.465324309421703e-06, 3.3949095268326346e-06, 2.647541577971424e-06, 2.320351768503315e-06, 2.71348949354433e-06, 1.608095317351399e-06, 1.0527654694669764e-06, 8.731526577321347e-07, 2.69231077254517e-06, 2.8236117941560224e-06, 1.103951717595919e-06, 8.591674713898101e-07, 1.8931143586087273e-06, 3.3108842671936145e-06, 3.6016363083035685e-06, 4.906062713416759e-06, 4.926397195958998e-06, 1.750933620314754e-06, 1.6931722939261817e-06, 1.3408302947937045e-06, 1.4857831729386817e-06, 1.9360224996489706e-06, 3.2415030091215158e-06, 3.9180727071652655e-06, 4.404313131090021e-06, 7.218892278615385e-06, 1.0998234756698366e-05, 1.796666947484482e-05, 1.9252356651122682e-05, 9.808230970520526e-06, 5.028805844631279e-06, 3.669871375677758e-06, 4.773745331476675e-06, 7.528426976932678e-06, 8.892918231140357e-06, 1.1125528544653207e-05, 1.3752600352745503e-05, 2.20249239646364e-05, 3.1136467441683635e-05, 2.416741153865587e-05, 1.012343454931397e-05, 3.548717586454586e-06, 1.652518221817445e-06, 9.613296469979105e-07, 6.998008075242979e-07, 3.59118558890259e-07, 3.530253422923124e-07, 6.602027724511572e-07, 9.630886097511393e-07, 1.3901452575737494e-06, 1.3639667031384306e-06, 1.427108827556367e-06, 1.5840679452594486e-06, 1.3382031056607957e-06, 7.005102702350996e-07, 5.112068492962862e-07, 5.379971526053851e-07, 5.219185368332546e-07, 4.2743630501718144e-07, 2.626729553867335e-07, 3.1317813409259543e-07, 2.4772381834736734e-07, 2.4272330279018206e-07, 2.5312237994512543e-07, 2.619100598622026e-07, 2.0347549423149758e-07, 1.7754895509369817e-07, 7.080402752990267e-08, 1.3105308838134988e-08, 3.0984118049026677e-10, 3.644780657841018e-12, 3.5180133545892334e-12, 3.4185679460840834e-12, 3.3277306691475994e-12, 3.2556013006973528e-12, 3.192331815560223e-12, 3.1298401370616347e-12, 3.066437078216855e-12, 3.025316542420997e-12, 3.005496459346224e-12], "lowlevel.melbands128.stdev": [6.156773224574863e-07, 5.384117116591369e-07, 5.446446493806434e-07, 6.713138986924605e-07, 1.0714610425566207e-06, 1.8286631302544265e-06, 3.058246193177183e-06, 8.956810233939905e-06, 0.00020322707132436335, 0.0005215553683228791, 0.0009719691588543355, 0.0037229887675493956, 0.005971837323158979, 0.0029044251423329115, 0.0036232532002031803, 0.0050064814276993275, 0.0010878032771870494, 0.0012474966933950782, 0.00045602733734995127, 0.00012209548731334507, 0.0001699861604720354, 0.0005858534132130444, 0.0005667891819030046, 0.0006693914183415473, 0.0008853013860061765, 0.0006458939169533551, 0.0010646148584783077, 0.0001456422032788396, 0.00021334263146854937, 0.00032719189766794443, 0.0001506070257164538, 8.024707494769245e-05, 0.00011101159179816023, 4.948433343088254e-05, 0.00017445422417949885, 9.103149204747751e-05, 5.319303090800531e-05, 4.2871182813541964e-05, 3.1662835681345314e-05, 1.686522773525212e-05, 8.211152817239054e-06, 1.6340240108547732e-05, 6.355343884933973e-06, 9.011332622321788e-06, 2.188408689107746e-05, 2.2152624296722934e-05, 3.481434396235272e-05, 2.211491300840862e-05, 1.5870660718064755e-05, 1.1423260730225593e-05, 1.2233416782692075e-05, 7.569213266833685e-06, 6.161926648928784e-06, 5.790546310890932e-06, 2.6707402867032215e-06, 1.8133614503312856e-06, 1.7802192814997397e-05, 1.5834131772862747e-05, 3.319787992950296e-06, 2.113272103088093e-06, 7.508606813644292e-06, 7.863725841161795e-06, 7.769542207824998e-06, 1.1523990906425752e-05, 1.641400194785092e-05, 3.37510073222802e-06, 3.7123154470464215e-06, 2.1565529095823877e-06, 2.5731474124768283e-06, 3.9972819649847224e-06, 7.4479476097621955e-06, 9.86056329566054e-06, 8.747221727389842e-06, 1.393150432704715e-05, 2.4474242309224792e-05, 2.686377047211863e-05, 2.767275509540923e-05, 1.5615998563589528e-05, 1.2311006685195025e-05, 8.801482181297615e-06, 1.368460198136745e-05, 2.241717083961703e-05, 2.3612470613443293e-05, 2.9351809644140303e-05, 2.8524900699267164e-05, 4.396221265778877e-05, 6.247361307032406e-05, 5.595907714450732e-05, 2.8292566639720462e-05, 1.1532204553077463e-05, 6.138346179795917e-06, 3.7539784898399375e-06, 4.1261687329097185e-06, 1.946103566297097e-06, 1.2773188018400106e-06, 2.313982122359448e-06, 5.4991842262097634e-06, 7.934908353490755e-06, 6.446919542213436e-06, 6.795960871386342e-06, 8.269803402072284e-06, 7.619512871315237e-06, 3.638117277660058e-06, 2.1509067664737813e-06, 1.8414864371152362e-06, 1.882686092358199e-06, 1.8652089011084172e-06, 1.1907375210284954e-06, 1.2619566405192018e-06, 8.980309758044314e-07, 8.486242109029263e-07, 6.768138973711757e-07, 7.503592769353418e-07, 6.183598770803655e-07, 5.646083423016535e-07, 2.936846215106925e-07, 5.086659982111996e-08, 4.809999065713555e-09, 5.007206021340194e-12, 4.859814807522955e-12, 4.732279238611747e-12, 4.6198522438145595e-12, 4.522713367011155e-12, 4.441033478463918e-12, 4.373393140688631e-12, 4.318911981521234e-12, 4.279394980738482e-12, 4.255089770116571e-12], "lowlevel.mfcc.mean": [-708.0137939453125, 56.19246292114258, 15.965909004211426, 6.115355491638184, -53.86516571044922, -11.772162437438965, -40.355098724365234, -32.41990280151367, -22.419130325317383, -28.68073081970215, -19.05925750732422, -28.629148483276367, -3.680363655090332], "lowlevel.spectral_contrast_coeffs.mean": [-0.41668108105659485, -0.6233963370323181, -0.7247376441955566, -0.8057038187980652, -0.7731440663337708, -0.6473982930183411], "lowlevel.spectral_contrast_coeffs.stdev": [0.10366135835647583, 0.12062432616949081, 0.096550852060318, 0.050636231899261475, 0.04716096445918083, 0.06510503590106964], "lowlevel.spectral_contrast_valleys.mean": [-9.729351043701172, -7.931472301483154, -8.4676513671875, -8.749048233032227, -8.27127742767334, -10.671795845031738], "lowlevel.spectral_contrast_valleys.stdev": [0.6444196701049805, 0.5520327091217041, 0.6388998031616211, 0.7110086679458618, 0.641369104385376, 0.8604937195777893], "rhythm.beats_loudness_band_ratio.mean": [0.0019269109470769763, 0.6232126951217651, 0.14332711696624756, 0.04926286265254021, 0.01795787736773491, 0.17181247472763062], "rhythm.beats_loudness_band_ratio.stdev": [0.006146691739559174, 0.2821059226989746, 0.20024211704730988, 0.07445568591356277, 0.025353901088237762, 0.25199756026268005], "tonal.hpcp.mean": [0.13482727110385895, 0.07778064161539078, 0.008802908472716808, 0.004405217245221138, 0.004332947079092264, 0.010753311216831207, 0.01699778065085411, 0.011416132561862469, 0.007568690925836563, 0.008914283476769924, 0.02099723182618618, 0.13155825436115265, 0.2534361481666565, 0.1900181621313095, 0.25311756134033203, 0.3357146382331848, 0.1546223908662796, 0.02588829956948757, 0.010405324399471283, 0.012568083591759205, 0.04475334659218788, 0.0851990208029747, 0.058812614530324936, 0.018742531538009644, 0.014534144662320614, 0.01730256900191307, 0.15880639851093292, 0.27267998456954956, 0.13112132251262665, 0.013798310421407223, 0.01117575541138649, 0.0074631404131650925, 0.011885912157595158, 0.015799354761838913, 0.01535387896001339, 0.07154993712902069], "tonal.hpcp.stdev": [0.27838408946990967, 0.16402067244052887, 0.027680115774273872, 0.013896076940000057, 0.021858738735318184, 0.06511864066123962, 0.10166499763727188, 0.07504779100418091, 0.06561150401830673, 0.07226309925317764, 0.1012757197022438, 0.2471015751361847, 0.3798390328884125, 0.29666242003440857, 0.3521556854248047, 0.4314464032649994, 0.2718989849090576, 0.10751967877149582, 0.07988117635250092, 0.08167684823274612, 0.1497291773557663, 0.23856690526008606, 0.1798025667667389, 0.10849267244338989, 0.09167184680700302, 0.10236268490552902, 0.26103293895721436, 0.41280221939086914, 0.22393107414245605, 0.08636496216058731, 0.07608342915773392, 0.04681045934557915, 0.047595079988241196, 0.0651659369468689, 0.06965526193380356, 0.15833990275859833], "rhythm.beats_position": [0.7198185920715332, 1.4396371841430664, 2.1594557762145996, 2.879274368286133, 3.599092960357666, 4.318911552429199, 5.038730144500732, 5.758548736572266, 6.478367328643799, 7.198185920715332, 7.929614543914795, 8.661043167114258, 9.392471313476562, 10.123900413513184, 10.855328559875488, 11.586756706237793, 12.294965744018555, 13.003174781799316, 13.676552772521973, 14.361541748046875, 15.046530723571777, 15.731518745422363, 16.428117752075195, 17.12471580505371, 17.82131576538086, 18.506303787231445, 19.1796817779541, 19.85306167602539, 20.514829635620117, 21.199817657470703, 21.873197555541992, 22.558185577392578, 23.243173599243164, 23.916553497314453, 24.58993148803711, 25.263309478759766, 25.925079345703125, 26.59845733642578, 27.155736923217773, 27.724624633789062, 28.293514251708984, 28.862403869628906, 29.431291580200195, 29.88408088684082, 30.336870193481445, 30.78965950012207, 31.230838775634766, 31.66040802001953, 32.101585388183594, 32.53115463256836, 32.960723876953125, 33.39029312133789, 33.819862365722656, 34.24943161010742, 34.67900085449219, 35.096961975097656, 35.52653121948242, 35.95610046386719, 36.38566970825195, 36.81523895263672, 37.244808197021484, 37.67437744140625, 38.103946685791016], "rhythm.bpm_histogram": [0.0, 0.0, 0.0, 0.0, 0.0, 0.0, 0.0, 0.0, 0.0, 0.0, 0.0, 0.0, 0.0, 0.0, 0.0, 0.0, 0.0, 0.0, 0.0, 0.0, 0.0, 0.0, 0.0, 0.0, 0.0, 0.0, 0.0, 0.0, 0.0, 0.0, 0.0, 0.0, 0.0, 0.0, 0.0, 0.0, 0.0, 0.0, 0.0, 0.0, 0.0, 0.0, 0.0, 0.0, 0.0, 0.0, 0.0, 0.0, 0.0, 0.0, 0.0, 0.0, 0.0, 0.0, 0.0, 0.0, 0.0, 0.0, 0.0, 0.0, 0.0, 0.0, 0.0, 0.0, 0.0, 0.0, 0.0, 0.0, 0.0, 0.0, 0.0, 0.0, 0.0, 0.0, 0.0, 0.0, 0.0, 0.0, 0.0, 0.0, 0.0, 0.0, 0.09677419066429138, 0.14516128599643707, 0.0, 0.032258063554763794, 0.04838709533214569, 0.0, 0.11290322244167328, 0.12903225421905518, 0.0, 0.032258063554763794, 0.0, 0.0, 0.0, 0.0, 0.0, 0.0, 0.0, 0.0, 0.0, 0.0, 0.0, 0.0, 0.0, 0.06451612710952759, 0.0, 0.0, 0.016129031777381897, 0.0, 0.0, 0.0, 0.0, 0.0, 0.0, 0.0, 0.0, 0.0, 0.0, 0.0, 0.0, 0.0, 0.0, 0.0, 0.0, 0.0, 0.0, 0.0, 0.0, 0.0, 0.0, 0.0, 0.0, 0.04838709533214569, 0.0, 0.0, 0.032258063554763794, 0.0, 0.0, 0.0, 0.22580644488334656, 0.0, 0.0, 0.0, 0.016129031777381897, 0.0, 0.0, 0.0, 0.0, 0.0, 0.0, 0.0, 0.0, 0.0, 0.0, 0.0, 0.0, 0.0, 0.0, 0.0, 0.0, 0.0, 0.0, 0.0, 0.0, 0.0, 0.0, 0.0, 0.0, 0.0, 0.0, 0.0, 0.0, 0.0, 0.0, 0.0, 0.0, 0.0, 0.0, 0.0, 0.0, 0.0, 0.0, 0.0, 0.0, 0.0, 0.0, 0.0, 0.0, 0.0, 0.0, 0.0, 0.0, 0.0, 0.0, 0.0, 0.0, 0.0, 0.0, 0.0, 0.0, 0.0, 0.0, 0.0, 0.0, 0.0, 0.0, 0.0, 0.0, 0.0, 0.0, 0.0, 0.0, 0.0, 0.0, 0.0, 0.0, 0.0, 0.0, 0.0, 0.0, 0.0, 0.0, 0.0, 0.0, 0.0, 0.0, 0.0, 0.0, 0.0, 0.0, 0.0, 0.0, 0.0, 0.0, 0.0, 0.0, 0.0, 0.0, 0.0, 0.0, 0.0, 0.0, 0.0, 0.0, 0.0, 0.0, 0.0, 0.0, 0.0], "tonal.chords_histogram": [7.270560264587402, 11.680572509765625, 13.230035781860352, 0.0, 0.0, 1.3110846281051636, 0.0, 4.171632766723633, 0.0, 2.5029797554016113, 0.0, 0.0, 0.0, 0.0, 0.0, 0.0, 0.0, 0.0, 0.0, 0.0, 0.0, 0.0, 17.28247833251953, 42.550655364990234], "tonal.thpcp": [1.0, 0.4605768620967865, 0.07711400091648102, 0.03099455125629902, 0.03743680566549301, 0.13330769538879395, 0.25378406047821045, 0.17518632113933563, 0.055828757584095, 0.04329315200448036, 0.05153951421380043, 0.473039835691452, 0.8122373819351196, 0.39057374000549316, 0.041101306676864624, 0.03328944742679596, 0.022230608388781548, 0.035404808819293976, 0.04706185683608055, 0.045734912157058716, 0.2131272554397583, 0.4016127288341522, 0.2316867709159851, 0.02622140198945999, 0.013121910393238068, 0.012906637042760849, 0.0320311076939106, 0.05063163489103317, 0.03400546684861183, 0.022545013576745987, 0.026553157716989517, 0.06254488229751587, 0.3918752372264862, 0.7549154162406921, 0.5660109519958496, 0.7539663910865784], "lowlevel.gfcc.cov": [[1608.8138427734375, -513.117431640625, -261.2073669433594, -51.17597579956055, -108.86984252929688, 44.37601089477539, 44.655582427978516, 131.8077392578125, -178.84803771972656, 79.28703308105469, -94.37834930419922, 99.79683685302734, 1.1573362350463867], [-513.117431640625, 1965.802978515625, -339.210693359375, -275.56463623046875, 87.78620910644531, -78.61441040039062, 147.82278442382812, -130.462890625, 207.54544067382812, -171.09811401367188, 211.5039825439453, -264.1888122558594, 170.77505493164062], [-261.2073669433594, -339.210693359375, 750.2117309570312, 333.15765380859375, -88.37924194335938, -113.80304718017578, -155.97772216796875, 12.369914054870605, 31.33653450012207, -13.654999732971191, -58.22328186035156, 65.7260513305664, -71.90567779541016], [-51.17597579956055, -275.56463623046875, 333.15765380859375, 450.2760009765625, -5.672501564025879, -146.133544921875, -131.61691284179688, 32.34428787231445, 7.56023645401001, -21.18964195251465, -53.70064926147461, 40.613128662109375, -27.190988540649414], [-108.86984252929688, 87.78620910644531, -88.37924194335938, -5.672501564025879, 265.9201354980469, 32.60045623779297, -58.95329284667969, -55.45911407470703, -48.37533187866211, -23.527584075927734, -44.472774505615234, -15.616583824157715, -32.4084587097168], [44.37601089477539, -78.61441040039062, -113.80304718017578, -146.133544921875, 32.60045623779297, 378.9989318847656, 79.00572204589844, -152.35760498046875, -68.12034606933594, 14.811479568481445, -22.73414421081543, -33.89085006713867, -37.73283767700195], [44.655582427978516, 147.82278442382812, -155.97772216796875, -131.61691284179688, -58.95329284667969, 79.00572204589844, 170.53048706054688, -11.265658378601074, 0.43001633882522583, -1.2043215036392212, 39.508575439453125, -16.16202735900879, 11.201245307922363], [131.8077392578125, -130.462890625, 12.369914054870605, 32.34428787231445, -55.45911407470703, -152.35760498046875, -11.265658378601074, 236.85980224609375, 43.05684280395508, 22.548583984375, 12.417532920837402, 40.24964141845703, 23.24308967590332], [-178.84803771972656, 207.54544067382812, 31.33653450012207, 7.56023645401001, -48.37533187866211, -68.12034606933594, 0.43001633882522583, 43.05684280395508, 218.05812072753906, -4.133397579193115, 28.252235412597656, -21.561006546020508, 24.471115112304688], [79.28703308105469, -171.09811401367188, -13.654999732971191, -21.18964195251465, -23.527584075927734, 14.811479568481445, -1.2043215036392212, 22.548583984375, -4.133397579193115, 118.10151672363281, 23.962026596069336, 22.775352478027344, -1.5968538522720337], [-94.37834930419922, 211.5039825439453, -58.22328186035156, -53.70064926147461, -44.472774505615234, -22.73414421081543, 39.508575439453125, 12.417532920837402, 28.252235412597656, 23.962026596069336, 170.91725158691406, -8.717329025268555, 48.65021514892578], [99.79683685302734, -264.1888122558594, 65.7260513305664, 40.613128662109375, -15.616583824157715, -33.89085006713867, -16.16202735900879, 40.24964141845703, -21.561006546020508, 22.775352478027344, -8.717329025268555, 119.63240814208984, -8.032563209533691], [1.1573362350463867, 170.77505493164062, -71.90567779541016, -27.190988540649414, -32.4084587097168, -37.73283767700195, 11.201245307922363, 23.24308967590332, 24.471115112304688, -1.5968538522720337, 48.65021514892578, -8.032563209533691, 116.29568481445312]], "lowlevel.gfcc.icov": [[0.0010055284947156906, -0.0001072456143447198, 0.0006434028618969023, -0.00021045141329523176, 0.0008695950964465737, -0.0002472036285325885, 0.00035046052653342485, -0.0006083037587814033, 0.0008683442138135433, -0.0004632296331692487, 0.0008366976981051266, -0.000746101257391274, 0.00015540726599283516], [-0.0001072456143447198, 0.001760448096320033, -0.00024106141063384712, 0.0007187436567619443, -0.001225469633936882, 0.0011209325166419148, -0.0013072944711893797, 0.0011400002986192703, -0.0012282989919185638, 0.0018369744066148996, -0.0015244383830577135, 0.0026775153819471598, -0.0015384702710434794], [0.0006434028618969023, -0.00024106141063384712, 0.003123592585325241, -0.0014810068532824516, 0.002162510296329856, -0.00028521177591755986, 0.0022229759488254786, -2.782975570880808e-05, 0.00031593229505233467, 1.7985948943533003e-05, 0.0006184111698530614, -0.001551646157167852, 0.0018020715797320008], [-0.00021045141329523176, 0.0007187436567619443, -0.0014810068532824516, 0.004267904907464981, -0.0006210742867551744, 0.001450173556804657, 0.0007260426646098495, 0.0006981758633628488, -0.00039856432704254985, 0.0011840361403301358, -0.00023094132484402508, 0.0009648170089349151, -0.0006198344053700566], [0.0008695950964465737, -0.001225469633936882, 0.002162510296329856, -0.0006210742867551744, 0.007154919672757387, -0.0009826318128034472, 0.004353006836026907, -0.0002757561160251498, 0.002097844146192074, -0.0004482447693590075, 0.0020810305140912533, -0.0022680957335978746, 0.0028188626747578382], [-0.0002472036285325885, 0.0011209325166419148, -0.00028521177591755986, 0.001450173556804657, -0.0009826318128034472, 0.005476676393300295, -0.002432092558592558, 0.0034272181801497936, -0.00019498814071994275, 5.954749576631002e-05, -0.00019951254944317043, 0.0022164960391819477, -0.00015006994362920523], [0.00035046052653342485, -0.0013072944711893797, 0.0022229759488254786, 0.0007260426646098495, 0.004353006836026907, -0.002432092558592558, 0.011668581515550613, -0.0011801201617345214, 0.0010803723707795143, 0.0003532665141392499, -0.00011544256267370656, -0.0024974453262984753, 0.0026496872305870056], [-0.0006083037587814033, 0.0011400002986192703, -2.782975570880808e-05, 0.0006981758633628488, -0.0002757561160251498, 0.0034272181801497936, -0.0011801201617345214, 0.0075435880571603775, -0.001792537048459053, 0.00022879967582412064, -0.0008169263601303101, 0.0005392467719502747, -0.0011215063277631998], [0.0008683442138135433, -0.0012282989919185638, 0.00031593229505233467, -0.00039856432704254985, 0.002097844146192074, -0.00019498814071994275, 0.0010803723707795143, -0.001792537048459053, 0.006848430261015892, -0.001434651087038219, 0.0012250730069354177, -0.0008678713347762823, 0.0006395757663995028], [-0.0004632296331692487, 0.0018369744066148996, 1.7985948943533003e-05, 0.0011840361403301358, -0.0004482447693590075, 5.954749576631002e-05, 0.0003532665141392499, 0.00022879967582412064, -0.001434651087038219, 0.011970296502113342, -0.003586041508242488, 0.0011249256785959005, -0.0005461930995807052], [0.0008366976981051266, -0.0015244383830577135, 0.0006184111698530614, -0.00023094132484402508, 0.0020810305140912533, -0.00019951254944317043, -0.00011544256267370656, -0.0008169263601303101, 0.0012250730069354177, -0.003586041508242488, 0.00945382658392191, -0.0023379435297101736, -0.0011751459678635001], [-0.000746101257391274, 0.0026775153819471598, -0.001551646157167852, 0.0009648170089349151, -0.0022680957335978746, 0.0022164960391819477, -0.0024974453262984753, 0.0005392467719502747, -0.0008678713347762823, 0.0011249256785959005, -0.0023379435297101736, 0.01453960221260786, -0.002257963642477989], [0.00015540726599283516, -0.0015384702710434794, 0.0018020715797320008, -0.0006198344053700566, 0.0028188626747578382, -0.00015006994362920523, 0.0026496872305870056, -0.0011215063277631998, 0.0006395757663995028, -0.0005461930995807052, -0.0011751459678635001, -0.002257963642477989, 0.012725048698484898]], "lowlevel.mfcc.cov": [[1639.77197265625, -308.26678466796875, -371.6916809082031, -125.66848754882812, -173.5174560546875, 1.5819170475006104, 134.23036193847656, -31.383813858032227, 44.71019744873047, -14.828056335449219, 40.8511848449707, -101.9813232421875, 31.41414451599121], [-308.26678466796875, 1548.5052490234375, -291.7315673828125, -170.03318786621094, 6.935537338256836, 41.44961929321289, 47.81620407104492, -8.914341926574707, 12.38941764831543, 105.54928588867188, -38.29472732543945, 88.5174789428711, -65.98176574707031], [-371.6916809082031, -291.7315673828125, 856.4802856445312, 194.52195739746094, 66.7698974609375, -28.10126495361328, -136.41656494140625, 76.32085418701172, -42.81808090209961, 84.1033706665039, -47.831993103027344, 132.3501434326172, -22.698307037353516], [-125.66848754882812, -170.03318786621094, 194.52195739746094, 495.26641845703125, 121.95660400390625, -231.35812377929688, -106.67253875732422, 21.483335494995117, 37.96833419799805, -80.54241943359375, -4.8024115562438965, 89.14436340332031, -26.268373489379883], [-173.5174560546875, 6.935537338256836, 66.7698974609375, 121.95660400390625, 289.9696350097656, -41.468505859375, -55.709075927734375, 15.191673278808594, 3.162487506866455, -10.054861068725586, -46.26027297973633, 95.4350357055664, -47.84339904785156], [1.5819170475006104, 41.44961929321289, -28.10126495361328, -231.35812377929688, -41.468505859375, 435.8664855957031, 68.84203338623047, -1.132159948348999, -49.329811096191406, 40.73241424560547, -11.978341102600098, -77.06659698486328, 16.531280517578125], [134.23036193847656, 47.81620407104492, -136.41656494140625, -106.67253875732422, -55.709075927734375, 68.84203338623047, 241.27906799316406, -23.698144912719727, -52.14207458496094, 12.14600658416748, 2.3536624908447266, -54.5975456237793, 5.88303279876709], [-31.383813858032227, -8.914341926574707, 76.32085418701172, 21.483335494995117, 15.191673278808594, -1.132159948348999, -23.698144912719727, 143.8062286376953, 27.67957878112793, 11.351494789123535, 24.176895141601562, 13.751175880432129, -3.515998125076294], [44.71019744873047, 12.38941764831543, -42.81808090209961, 37.96833419799805, 3.162487506866455, -49.329811096191406, -52.14207458496094, 27.67957878112793, 165.2038116455078, -9.893229484558105, 32.49845504760742, -4.849758148193359, 31.266315460205078], [-14.828056335449219, 105.54928588867188, 84.1033706665039, -80.54241943359375, -10.054861068725586, 40.73241424560547, 12.14600658416748, 11.351494789123535, -9.893229484558105, 165.32418823242188, -4.744729995727539, 53.37312316894531, -8.858912467956543], [40.8511848449707, -38.29472732543945, -47.831993103027344, -4.8024115562438965, -46.26027297973633, -11.978341102600098, 2.3536624908447266, 24.176895141601562, 32.49845504760742, -4.744729995727539, 163.84368896484375, -30.44550132751465, 33.94218063354492], [-101.9813232421875, 88.5174789428711, 132.3501434326172, 89.14436340332031, 95.4350357055664, -77.06659698486328, -54.5975456237793, 13.751175880432129, -4.849758148193359, 53.37312316894531, -30.44550132751465, 231.5904998779297, -28.712364196777344], [31.41414451599121, -65.98176574707031, -22.698307037353516, -26.268373489379883, -47.84339904785156, 16.531280517578125, 5.88303279876709, -3.515998125076294, 31.266315460205078, -8.858912467956543, 33.94218063354492, -28.712364196777344, 144.0589599609375]], "lowlevel.mfcc.icov": [[0.0008157372940331697, 0.00028273239149712026, 0.0004140590026509017, 2.482306990714278e-05, 0.0004132774192839861, 5.7690154790179804e-05, -0.00027168545057065785, -4.612263001035899e-05, -0.0002779997303150594, -0.0002365806431043893, 0.00010838549496838823, -0.0001250007189810276, 0.00015731988241896033], [0.00028273239149712026, 0.0009058339055627584, 0.0005169847863726318, 0.0001510267611593008, 0.00019358814461156726, -8.770579370320775e-06, -8.040831016842276e-05, -0.00010987633868353441, -0.00022479855397250503, -0.0005490969633683562, 0.0002273544523632154, -0.00046960703912191093, 0.000395990937249735], [0.0004140590026509017, 0.0005169847863726318, 0.0021388239692896605, -0.0007742794114165008, 0.000433713779784739, -0.0002768412232398987, 0.0007012034766376019, -0.0008826865814626217, 0.0006483463803306222, -0.0014126348542049527, 0.0005661784089170396, -0.0005801713559776545, -8.67837752593914e-06], [2.482306990714278e-05, 0.0001510267611593008, -0.0007742794114165008, 0.0038034478202462196, -0.0008742124191485345, 0.001475488650612533, 0.0002410107699688524, 5.555346069741063e-05, -0.00048356191837228835, 0.0018903622403740883, -0.0002660458558239043, -0.0006033170502632856, 0.00033079847344197333], [0.0004132774192839861, 0.00019358814461156726, 0.000433713779784739, -0.0008742124191485345, 0.004871854558587074, -0.00040645836270414293, 0.00030367818544618785, -0.00041121820686385036, -0.0002904544526245445, 0.00027247858815826476, 0.0009816025849431753, -0.0016576794441789389, 0.0010677961399778724], [5.7690154790179804e-05, -8.770579370320775e-06, -0.0002768412232398987, 0.001475488650612533, -0.00040645836270414293, 0.003321154275909066, -0.000261881563346833, -0.00025987683329731226, 0.0005628537619486451, -0.00020086418953724205, 0.00022986045223660767, 0.0008948507020249963, -0.00031323955045081675], [-0.00027168545057065785, -8.040831016842276e-05, 0.0007012034766376019, 0.0002410107699688524, 0.00030367818544618785, -0.000261881563346833, 0.00556407542899251, 2.2194230041350238e-05, 0.0018955222330987453, -0.0006581107736565173, 2.5492401618976146e-05, 0.0006805428420193493, -0.00024116798886097968], [-4.612263001035899e-05, -0.00010987633868353441, -0.0008826865814626217, 5.555346069741063e-05, -0.00041121820686385036, -0.00025987683329731226, 2.2194230041350238e-05, 0.007979461923241615, -0.0014521207194775343, -6.145903171272948e-05, -0.0014154395321384072, -1.373522900394164e-05, 0.0005600264994427562], [-0.0002779997303150594, -0.00022479855397250503, 0.0006483463803306222, -0.00048356191837228835, -0.0002904544526245445, 0.0005628537619486451, 0.0018955222330987453, -0.0014521207194775343, 0.00791226141154766, -0.0004707457555923611, -0.0007754467660561204, 0.0005743185756728053, -0.0017513021593913436], [-0.0002365806431043893, -0.0005490969633683562, -0.0014126348542049527, 0.0018903622403740883, 0.00027247858815826476, -0.00020086418953724205, -0.0006581107736565173, -6.145903171272948e-05, -0.0004707457555923611, 0.008826754987239838, -0.00048538934788666666, -0.0022059790790081024, 0.00038079259684309363], [0.00010838549496838823, 0.0002273544523632154, 0.0005661784089170396, -0.0002660458558239043, 0.0009816025849431753, 0.00022986045223660767, 2.5492401618976146e-05, -0.0014154395321384072, -0.0007754467660561204, -0.00048538934788666666, 0.007233317010104656, 0.0004120678931940347, -0.0010984529508277774], [-0.0001250007189810276, -0.00046960703912191093, -0.0005801713559776545, -0.0006033170502632856, -0.0016576794441789389, 0.0008948507020249963, 0.0006805428420193493, -1.373522900394164e-05, 0.0005743185756728053, -0.0022059790790081024, 0.0004120678931940347, 0.006711744237691164, -9.0279798314441e-05], [0.00015731988241896033, 0.000395990937249735, -8.67837752593914e-06, 0.00033079847344197333, 0.0010677961399778724, -0.00031323955045081675, -0.00024116798886097968, 0.0005600264994427562, -0.0017513021593913436, 0.00038079259684309363, -0.0010984529508277774, -9.0279798314441e-05, 0.008206040598452091]], "metadata.audio_properties.analysis.downmix": "mix", "metadata.audio_properties.codec": "mp3", "metadata.audio_properties.md5_encoded": "a40e55f72f08a7f09f82a261bbf1654d", "metadata.tags.file_name": "1182282118328483840.mp3", "metadata.v