{"song_id": "1182286030611689574", "download": "https://cdn.discordapp.com/attachments/1135911532732108921/1182286030611689574/chirp.mp4?ex=658424ab&amp", "lyrics": "\u0418\u0440\u0438\u043d\u0430 \u042e\u0440\u044c\u0435\u0432\u043d\u0430! \u041f\u043e\u0437\u0434\u0440\u0430\u0432\u043b\u044f\u044e \u0441 \u0414\u043d\u0451\u043c \u0420\u043e\u0436\u0434\u0435\u043d\u044c\u044f!\n\u041f\u0443\u0441\u0442\u044c \u0431\u043b\u0435\u0441\u0442\u044f\u0442 \u043e\u0442 \u0440\u0430\u0434\u043e\u0441\u0442\u0438 \u0433\u043b\u0430\u0437\u0430,\n\n\u0412\u0430\u043c \u0436\u0435\u043b\u0430\u044e \u043a\u0440\u0435\u043f\u043a\u043e\u0433\u043e \u0437\u0434\u043e\u0440\u043e\u0432\u044c\u044f,\n\u0414\u043e\u043b\u0433\u0438\u0445 \u043b\u0435\u0442, \u043d\u0435\u0443\u0442\u043e\u043c\u0438\u043c\u044b\u0445 \u0441\u0438\u043b.\n\u0427\u0442\u043e\u0431\u044b \u0436\u0438\u0437\u043d\u044c \u0431\u044b\u043b\u0430 \u0412\u0430\u0448\u0430 \u0441\u043f\u043e\u043a\u043e\u0439\u043d\u0430,\n\u0422\u043e\u043b\u044c\u043a\u043e \u043f\u0440\u0430\u0437\u0434\u043d\u0438\u043a \u0432 \u0434\u043e\u043c \u0412\u0430\u0448 \u0437\u0430\u0445\u043e\u0434\u0438\u043b.\n\n\u041d\u0430 \u0433\u043e\u0434\u0430 \u0412\u044b, \u0442\u0451\u0449\u0430, \u043d\u0435 \u0440\u043e\u043f\u0449\u0438\u0442\u0435,\n\u041d\u0435 \u0441\u0434\u0430\u0432\u0430\u0439\u0442\u0435\u0441\u044c \u0432 \u0438\u0445 \u0436\u0435\u0441\u0442\u043e\u043a\u0438\u0439 \u043f\u043b\u0435\u043d,\n\u0412 \u043a\u0430\u0436\u0434\u043e\u043c \u0434\u043d\u0435 \u043f\u0440\u0435\u043a\u0440\u0430\u0441\u043d\u043e\u0435 \u0438\u0449\u0438\u0442\u0435,\n\u041f\u0443\u0441\u0442\u044c \u043d\u0435 \u0431\u0443\u0434\u0435\u0442 \u0433\u043e\u0440\u044f \u0438 \u043f\u0440\u043e\u0431\u043b\u0435\u043c!\n\n\u041a\u0430\u0440\u0438\u043d\u0430 \u0438 \u0410\u0440\u0441\u0435\u043d\u0438\u0439 \u0412\u0430\u0441 \u0442\u043e\u0436\u0435 \u043f\u043e\u0437\u0434\u0440\u0430\u0432\u043b\u044f\u044e\u0442,\n\u0421\u0447\u0430\u0441\u0442\u044c\u044f, \u0440\u0430\u0434\u043e\u0441\u0442\u0438 \u0432 \u0436\u0438\u0437\u043d\u0438 \u0412\u0430\u043c \u0436\u0435\u043b\u0430\u044e\u0442.", "style": ["techno"], "essentia_features": {"lowlevel.average_loudness": 0.984401285648346, "lowlevel.barkbands_crest.mean": 13.813952445983887, "lowlevel.barkbands_crest.stdev": 4.538905620574951, "lowlevel.barkbands_flatness_db.mean": 0.1379319727420807, "lowlevel.barkbands_flatness_db.stdev": 0.042178016155958176, "lowlevel.barkbands_kurtosis.mean": 5.805988788604736, "lowlevel.barkbands_kurtosis.stdev": 14.819574356079102, "lowlevel.barkbands_skewness.mean": 2.086669921875, "lowlevel.barkbands_skewness.stdev": 1.486244797706604, "lowlevel.barkbands_spread.mean": 32.144012451171875, "lowlevel.barkbands_spread.stdev": 18.294113159179688, "lowlevel.dissonance.mean": 0.48917147517204285, "lowlevel.dissonance.stdev": 0.008558572269976139, "lowlevel.dynamic_complexity": 1.1355037689208984, "lowlevel.erbbands_crest.mean": 7.588508129119873, "lowlevel.erbbands_crest.stdev": 3.6547651290893555, "lowlevel.erbbands_flatness_db.mean": 0.12414465099573135, "lowlevel.erbbands_flatness_db.stdev": 0.030894022434949875, "lowlevel.erbbands_kurtosis.mean": 1.0323177576065063, "lowlevel.erbbands_kurtosis.stdev": 2.778759717941284, "lowlevel.erbbands_skewness.mean": -0.7425805330276489, "lowlevel.erbbands_skewness.stdev": 0.7416156530380249, "lowlevel.erbbands_spread.mean": 49.34587097167969, "lowlevel.erbbands_spread.stdev": 22.94251823425293, "lowlevel.hfc.mean": 35.65592956542969, "lowlevel.hfc.stdev": 26.18965721130371, "lowlevel.loudness_ebu128.integrated": -13.196304321289062, "lowlevel.loudness_ebu128.loudness_range": 0.7821941375732422, "lowlevel.loudness_ebu128.momentary.mean": -13.254239082336426, "lowlevel.loudness_ebu128.momentary.stdev": 0.7310101389884949, "lowlevel.loudness_ebu128.short_term.mean": -13.20667552947998, "lowlevel.loudness_ebu128.short_term.stdev": 0.26520687341690063, "lowlevel.melbands_crest.mean": 19.27862548828125, "lowlevel.melbands_crest.stdev": 4.961994647979736, "lowlevel.melbands_flatness_db.mean": 0.21223114430904388, "lowlevel.melbands_flatness_db.stdev": 0.05130685120820999, "lowlevel.melbands_kurtosis.mean": 30.861621856689453, "lowlevel.melbands_kurtosis.stdev": 48.8410758972168, "lowlevel.melbands_skewness.mean": 4.490584373474121, "lowlevel.melbands_skewness.stdev": 2.476539373397827, "lowlevel.melbands_spread.mean": 23.19455337524414, "lowlevel.melbands_spread.stdev": 16.339279174804688, "lowlevel.pitch_salience.mean": 0.48085853457450867, "lowlevel.pitch_salience.stdev": 0.12172878533601761, "lowlevel.silence_rate_20dB.mean": 1.0, "lowlevel.silence_rate_20dB.stdev": 0.0, "lowlevel.silence_rate_30dB.mean": 0.9414443969726562, "lowlevel.silence_rate_30dB.stdev": 0.2347908914089203, "lowlevel.silence_rate_60dB.mean": 0.007156799081712961, "lowlevel.silence_rate_60dB.stdev": 0.08429551124572754, "lowlevel.spectral_centroid.mean": 1984.4964599609375, "lowlevel.spectral_centroid.stdev": 616.892333984375, "lowlevel.spectral_complexity.mean": 29.310344696044922, "lowlevel.spectral_complexity.stdev": 10.719868659973145, "lowlevel.spectral_decrease.mean": -1.3499318995968679e-08, "lowlevel.spectral_decrease.stdev": 7.882420938187806e-09, "lowlevel.spectral_energy.mean": 0.05418364331126213, "lowlevel.spectral_energy.stdev": 0.030444292351603508, "lowlevel.spectral_energyband_high.mean": 0.0024514065589755774, "lowlevel.spectral_energyband_high.stdev": 0.0033588320948183537, "lowlevel.spectral_energyband_low.mean": 0.03603505343198776, "lowlevel.spectral_energyband_low.stdev": 0.02958340384066105, "lowlevel.spectral_energyband_middle_high.mean": 0.007040390279144049, "lowlevel.spectral_energyband_middle_high.stdev": 0.0053637223318219185, "lowlevel.spectral_energyband_middle_low.mean": 0.009574136696755886, "lowlevel.spectral_energyband_middle_low.stdev": 0.010413981042802334, "lowlevel.spectral_entropy.mean": 7.961833477020264, "lowlevel.spectral_entropy.stdev": 0.21988418698310852, "lowlevel.spectral_flux.mean": 0.11922667920589447, "lowlevel.spectral_flux.stdev": 0.059948816895484924, "lowlevel.spectral_kurtosis.mean": 2.959372043609619, "lowlevel.spectral_kurtosis.stdev": 1.7091103792190552, "lowlevel.spectral_rms.mean": 0.007051008753478527, "lowlevel.spectral_rms.stdev": 0.001773519441485405, "lowlevel.spectral_rolloff.mean": 1502.8966064453125, "lowlevel.spectral_rolloff.stdev": 1690.781005859375, "lowlevel.spectral_skewness.mean": 1.1159991025924683, "lowlevel.spectral_skewness.stdev": 0.36124569177627563, "lowlevel.spectral_spread.mean": 4765101.0, "lowlevel.spectral_spread.stdev": 1356475.0, "lowlevel.spectral_strongpeak.mean": 0.4247702956199646, "lowlevel.spectral_strongpeak.stdev": 0.2609541118144989, "lowlevel.zerocrossingrate.mean": 0.0611085407435894, "lowlevel.zerocrossingrate.stdev": 0.03203035518527031, "metadata.audio_properties.analysis.equal_loudness": 0.0, "metadata.audio_properties.analysis.length": 35.64798355102539, "metadata.audio_properties.analysis.sample_rate": 44100.0, "metadata.audio_properties.analysis.start_time": 0.0, "metadata.audio_properties.bit_rate": 120393.0, "metadata.audio_properties.length": 35.64799880981445, "metadata.audio_properties.lossless": 0.0, "metadata.audio_properties.number_channels": 1.0, "metadata.audio_properties.replay_gain": -11.777477264404297, "metadata.audio_properties.sample_rate": 48000.0, "rhythm.beats_count": 78.0, "rhythm.beats_loudness.mean": 0.06436368077993393, "rhythm.beats_loudness.stdev": 0.02960949018597603, "rhythm.bpm": 132.63787841796875, "rhythm.bpm_histogram_first_peak_bpm": 133.0, "rhythm.bpm_histogram_first_peak_weight": 0.3611111044883728, "rhythm.bpm_histogram_second_peak_bpm": 120.0, "rhythm.bpm_histogram_second_peak_spread": 0.3333333134651184, "rhythm.bpm_histogram_second_peak_weight": 0.025974025949835777, "rhythm.danceability": 1.7097082138061523, "rhythm.onset_rate": 3.897285223007202, "tonal.chords_changes_rate": 0.12483745068311691, "tonal.chords_number_rate": 0.007802340667694807, "tonal.chords_strength.mean": 0.5029980540275574, "tonal.chords_strength.stdev": 0.0951097309589386, "tonal.hpcp_crest.mean": 10.59797477722168, "tonal.hpcp_crest.stdev": 5.1461358070373535, "tonal.hpcp_entropy.mean": 2.62985897064209, "tonal.hpcp_entropy.stdev": 0.7663944363594055, "tonal.key_edma.strength": 0.6663210988044739, "tonal.key_krumhansl.strength": 0.6563931703567505, "tonal.key_temperley.strength": 0.6452644467353821, "tonal.tuning_diatonic_strength": 0.6141805648803711, "tonal.tuning_equal_tempered_deviation": 0.24032650887966156, "tonal.tuning_frequency": 434.193115234375, "tonal.tuning_nontempered_energy_ratio": 0.8795543313026428, "lowlevel.barkbands.mean": [0.0012314444174990058, 0.02771734446287155, 0.006236783694475889, 0.002528794575482607, 0.00454438291490078, 0.0006098274025134742, 0.00040540023474022746, 0.0008313691359944642, 0.0005430112942121923, 0.00030735848122276366, 0.0005269006360322237, 0.0005752038559876382, 0.000466262485133484, 0.0007961413939483464, 0.0007325327605940402, 0.0013103149831295013, 0.0010433116694912314, 0.00047591078327968717, 0.0005943513242527843, 0.0005737424362450838, 0.0006587449461221695, 0.0004799851158168167, 0.00043633292079903185, 0.00025785283651202917, 0.00019774016982410103, 0.00010081309301313013, 1.7983070392801892e-06], "lowlevel.barkbands.stdev": [0.001693396712653339, 0.025167148560285568, 0.008508943021297455, 0.00417659617960453, 0.007220443803817034, 0.0009912383975461125, 0.0011077913222834468, 0.001801065867766738, 0.0010936020407825708, 0.0004812411207240075, 0.001320720068179071, 0.001365995965898037, 0.0008544403244741261, 0.0013135862536728382, 0.0013418388552963734, 0.002260523848235607, 0.001128639210946858, 0.00048539237468503416, 0.0005081441486254334, 0.0006271239835768938, 0.00088821433018893, 0.0008065134170465171, 0.0009717210778035223, 0.0006889313808642328, 0.00043562211794778705, 0.0001801853213692084, 3.5369416764297057e-06], "lowlevel.erbbands.mean": [0.8462185859680176, 6.029854774475098, 7.878497123718262, 8.286852836608887, 14.602218627929688, 12.129912376403809, 9.932531356811523, 3.957158088684082, 4.559648513793945, 13.094474792480469, 16.382293701171875, 12.600759506225586, 10.111919403076172, 12.7914400100708, 24.42308807373047, 22.848621368408203, 21.855886459350586, 32.5966911315918, 42.411861419677734, 43.213809967041016, 80.76580047607422, 59.80393981933594, 27.75383949279785, 30.070907592773438, 28.00713348388672, 27.137041091918945, 28.96935272216797, 22.82615852355957, 17.770069122314453, 15.398259162902832, 11.291389465332031, 6.147328853607178, 4.076922416687012, 2.435783624649048, 1.2852325439453125, 0.5740755796432495, 0.1613127440214157, 0.01630598120391369, 0.00038731200038455427, 8.130342757795006e-05], "lowlevel.erbbands.stdev": [0.7910985946655273, 5.810155391693115, 10.562880516052246, 10.823159217834473, 22.222640991210938, 22.09271812438965, 18.027420043945312, 6.4113311767578125, 11.220158576965332, 32.12982177734375, 34.5549201965332, 23.488323211669922, 16.505634307861328, 25.351408004760742, 52.52452850341797, 50.74831008911133, 38.22269058227539, 50.493438720703125, 64.79857635498047, 78.25515747070312, 119.60460662841797, 63.05580520629883, 26.985931396484375, 27.090478897094727, 25.308124542236328, 29.40667724609375, 36.24021530151367, 33.53054428100586, 28.907268524169922, 31.098051071166992, 25.44679069519043, 16.080739974975586, 10.945741653442383, 5.833878993988037, 2.6341564655303955, 1.1330854892730713, 0.2692805230617523, 0.02357785776257515, 0.0005036687944084406, 4.580520908348262e-05], "lowlevel.gfcc.mean": [47.94099044799805, 68.62194061279297, -105.50081634521484, 67.73172760009766, -35.479984283447266, 28.333606719970703, -28.643444061279297, 15.251912117004395, -24.220491409301758, 7.16282844543457, -21.715063095092773, 5.05755615234375, -9.410305976867676], "lowlevel.melbands.mean": [0.00790933147072792, 0.005285610444843769, 0.001639612833969295, 0.0009984895586967468, 0.0003909689257852733, 9.300066449213773e-05, 7.179989916039631e-05, 0.0001579274539835751, 0.00013069022679701447, 7.46639198041521e-05, 4.864048241870478e-05, 4.790293678524904e-05, 7.738811109447852e-05, 6.927883805474266e-05, 5.322762081050314e-05, 4.4546501158038154e-05, 6.481671880465001e-05, 7.215423102024943e-05, 5.537335164262913e-05, 6.696155469398946e-05, 0.00010045861563412473, 6.792372732888907e-05, 3.126159936073236e-05, 2.110338391503319e-05, 2.4785209461697377e-05, 2.161137126677204e-05, 1.8524116967455484e-05, 1.7841881344793364e-05, 1.786349093890749e-05, 1.7120330085163005e-05, 1.1855513548653107e-05, 1.0307314369129017e-05, 8.608940333942883e-06, 8.789918865659274e-06, 6.958038738957839e-06, 4.806983724847669e-06, 3.3668231935735093e-06, 3.0328340017149458e-06, 2.2830286070529837e-06, 1.972661948457244e-06], "lowlevel.melbands.stdev": [0.006943469401448965, 0.005587187595665455, 0.0018843971192836761, 0.0017515855142846704, 0.0006894266698509455, 0.00015052620437927544, 0.00018314621411263943, 0.0003753061464522034, 0.0002808725694194436, 0.0001394822756992653, 8.234143751906231e-05, 9.440168651053682e-05, 0.00018688736599870026, 0.00016914344450924546, 0.00010632077464833856, 7.690559868933633e-05, 0.00010757801646832377, 0.00011613668903009966, 0.0001112590980483219, 0.00013937744370196015, 0.00014224613551050425, 7.69624748500064e-05, 3.369959449628368e-05, 2.2363519747159444e-05, 2.3225047698360868e-05, 1.9978726413683034e-05, 1.8587052181828767e-05, 2.0976836822228506e-05, 2.277394560223911e-05, 2.468826096446719e-05, 1.8116736100637354e-05, 1.659332701819949e-05, 1.637950845179148e-05, 1.946620068338234e-05, 1.560015880386345e-05, 1.2885073374491185e-05, 9.071842214325443e-06, 8.646352398500312e-06, 5.64002903047367e-06, 4.8419315135106444e-06], "lowlevel.melbands128.mean": [0.0008060369291342795, 0.005869484040886164, 0.012593037448823452, 0.008853987790644169, 0.004596402868628502, 0.0028885346837341785, 0.0016133340541273355, 0.0012583297211676836, 0.0016838971059769392, 0.001031341846100986, 0.0005333079025149345, 0.0005919499089941382, 0.00036041135899722576, 0.0001429979456588626, 7.249557529576123e-05, 7.65352015150711e-05, 7.60315524530597e-05, 5.5284996051341295e-05, 8.300182525999844e-05, 0.00015810241166036576, 0.00020343941287137568, 0.00014345582167152315, 0.00012773039634339511, 0.00010864983778446913, 8.108351903501898e-05, 6.271949678193778e-05, 5.1277384045533836e-05, 5.286545638227835e-05, 3.9922793803270906e-05, 3.684785042423755e-05, 4.9754311476135626e-05, 7.074325549183413e-05, 7.418080349452794e-05, 9.237839549314231e-05, 7.563977123936638e-05, 6.279452645685524e-05, 5.674436397384852e-05, 5.326660902937874e-05, 5.198990402277559e-05, 4.551246456685476e-05, 4.357099169283174e-05, 4.099752550246194e-05, 5.313061046763323e-05, 8.437052747467533e-05, 9.207402035826817e-05, 6.365623266901821e-05, 5.7248224038630724e-05, 5.949727346887812e-05, 5.097226312500425e-05, 5.3266994655132294e-05, 5.906086880713701e-05, 9.093362314160913e-05, 0.00011753923172364011, 9.36757933232002e-05, 8.266239456133917e-05, 7.317628478631377e-05, 5.1881794206565246e-05, 3.2179344998439774e-05, 2.6603167498251423e-05, 2.176025191147346e-05, 1.912128209369257e-05, 2.1303811081452295e-05, 2.575260259618517e-05, 2.612158095871564e-05, 2.2840478777652606e-05, 2.2658045054413378e-05, 1.976295061467681e-05, 1.893842636491172e-05, 1.804390922188759e-05, 1.870174310170114e-05, 1.7360456695314497e-05, 1.733936915115919e-05, 1.8359525711275637e-05, 1.7530785044073127e-05, 1.785395943443291e-05, 1.954749495780561e-05, 1.5499295841436833e-05, 1.3232592209533323e-05, 1.1160930625919718e-05, 1.0733301678556018e-05, 1.100309964385815e-05, 9.87478870229097e-06, 9.247662092093378e-06, 8.812772648525424e-06, 7.323944373638369e-06, 8.876645551936235e-06, 9.34213039727183e-06, 8.921441803977359e-06, 6.563594979525078e-06, 5.8464893299969845e-06, 5.56887744096457e-06, 4.499853730521863e-06, 3.5672239846462617e-06, 3.2154985092347488e-06, 3.2776215448393486e-06, 3.450000349403126e-06, 2.835793111444218e-06, 2.7176911316928454e-06, 2.1816001662955387e-06, 2.1697874217352364e-06, 2.164596708098543e-06, 1.8556929717306048e-06, 1.8992159311892465e-06, 1.6130311450979207e-06, 1.4681527318316512e-06, 1.2164844065409852e-06, 1.2269065337022766e-06, 1.1388322036509635e-06, 9.685375061962986e-07, 8.936514745983004e-07, 7.955668479553424e-07, 5.380182983572013e-07, 5.297126222103543e-07, 3.725617432337458e-07, 2.532895848617045e-07, 1.5419477961131633e-07, 6.953200681891758e-08, 9.604080197789244e-09, 3.325354575034467e-11, 1.3419537182868257e-11, 9.792575604572473e-12, 7.668547220840427e-12, 7.802464403738885e-12, 7.182972099062379e-12, 6.071763751502868e-12, 5.250950715907088e-12, 5.021254679410392e-12, 4.9724378260729285e-12], "lowlevel.melbands128.stdev": [0.0014981405111029744, 0.006551078520715237, 0.011047792620956898, 0.009822554886341095, 0.006684102118015289, 0.003629926359280944, 0.0024306317791342735, 0.0020735631696879864, 0.0025991578586399555, 0.0025986044201999903, 0.0011094404617324471, 0.0012127842055633664, 0.0007595026399940252, 0.00026620409335009754, 0.00014599075075238943, 0.000155935762450099, 0.0001847004605224356, 0.0001880120107671246, 0.00027130870148539543, 0.00047024438390508294, 0.0005349899875000119, 0.00040290053584612906, 0.00036822783295065165, 0.0003350596234668046, 0.00017452864267397672, 0.00014958986139390618, 0.0001237024989677593, 9.872471855487674e-05, 8.19438137114048e-05, 7.297354750335217e-05, 0.0001131417157012038, 0.0002657440199982375, 0.00024996837601065636, 0.0002180242445319891, 0.0002203126932727173, 0.00021565781207755208, 0.00016232981579378247, 0.0001268794439965859, 0.00013964215759187937, 0.00010007130913436413, 9.298229269916192e-05, 7.836708391550928e-05, 0.00011339753837091848, 0.00016871944535523653, 0.00019128013809677213, 0.00012103129847673699, 0.00011718399036908522, 0.00015221064677461982, 0.00012662167137023062, 0.00012009662168566138, 0.00017203686002176255, 0.00021772064792457968, 0.00021239576744847, 0.00013594860502053052, 0.00011650207306956872, 0.00010246914462186396, 6.607788964174688e-05, 4.074997195857577e-05, 3.590716369217262e-05, 2.6498855731915683e-05, 2.569307434896473e-05, 2.5871464458759874e-05, 3.139346881653182e-05, 2.7478417905513197e-05, 2.376634074607864e-05, 2.5669936803751625e-05, 2.169300933019258e-05, 2.3270435121958144e-05, 2.1870491764275357e-05, 2.2239129975787364e-05, 2.5221250325557776e-05, 2.4001901692827232e-05, 2.6552115741651505e-05, 2.4850305635482073e-05, 2.688476706680376e-05, 2.891898293455597e-05, 2.8498952815425582e-05, 2.4937335183494724e-05, 1.834440445236396e-05, 1.8348588127992116e-05, 1.827277992560994e-05, 1.8127582734450698e-05, 1.850716580520384e-05, 1.9370665540918708e-05, 1.4487659427686594e-05, 2.0056735593243502e-05, 2.5515704692224972e-05, 2.1709956854465418e-05, 1.4477603144769091e-05, 1.4960244698158931e-05, 1.6206175132538192e-05, 1.2935367522004526e-05, 1.0058091902465094e-05, 9.094043889490422e-06, 9.363478056911845e-06, 1.1026924767065793e-05, 8.555170097679365e-06, 7.2845546128519345e-06, 5.669569418387255e-06, 5.733632406190736e-06, 5.260319539956981e-06, 4.80511198475142e-06, 5.252749815554125e-06, 3.9349711187242065e-06, 3.154867272314732e-06, 2.4051669242908247e-06, 2.469193987053586e-06, 2.4794724140519975e-06, 2.2125846044218633e-06, 1.9035692275792826e-06, 1.5802063444425585e-06, 9.394518656336004e-07, 1.006525394586788e-06, 6.632175768572779e-07, 4.357210627858876e-07, 2.753629644303146e-07, 1.2825066164623422e-07, 2.6104371997348608e-08, 7.005652169489451e-10, 2.46369480372266e-10, 1.0882305473414178e-10, 6.09066894141641e-11, 7.095448534277793e-11, 5.478932238456302e-11, 2.419226451111367e-11, 9.134215085693231e-12, 8.07620116616281e-12, 8.023456031513998e-12], "lowlevel.mfcc.mean": [-594.7804565429688, 90.41928100585938, 2.1846065521240234, 47.57530212402344, 19.12339973449707, 24.020397186279297, 11.283489227294922, 12.753284454345703, 10.302902221679688, 3.472834825515747, 0.0390617661178112, 2.77130126953125, 2.710843801498413], "lowlevel.spectral_contrast_coeffs.mean": [-0.7373582720756531, -0.803578794002533, -0.8168861865997314, -0.7922841906547546, -0.8032945990562439, -0.7152259349822998], "lowlevel.spectral_contrast_coeffs.stdev": [0.0643717348575592, 0.06183820217847824, 0.04211219400167465, 0.056026823818683624, 0.027208957821130753, 0.04302118718624115], "lowlevel.spectral_contrast_valleys.mean": [-5.970970153808594, -6.900155067443848, -7.0824079513549805, -7.0112199783325195, -6.6076340675354, -9.673097610473633], "lowlevel.spectral_contrast_valleys.stdev": [0.5332869291305542, 0.6352660059928894, 0.5813556909561157, 0.5920619964599609, 0.4875822067260742, 0.8068298101425171], "rhythm.beats_loudness_band_ratio.mean": [0.7017812132835388, 0.16934505105018616, 0.03559109568595886, 0.03941939398646355, 0.0746566578745842, 0.07069604843854904], "rhythm.beats_loudness_band_ratio.stdev": [0.18349765241146088, 0.1809462159872055, 0.047220148146152496, 0.03751574829220772, 0.06226339191198349, 0.05724377930164337], "tonal.hpcp.mean": [0.06722461432218552, 0.06690661609172821, 0.07677300274372101, 0.1348353773355484, 0.13108128309249878, 0.07543181627988815, 0.06961384415626526, 0.09340270608663559, 0.24223177134990692, 0.49047914147377014, 0.3988479673862457, 0.13941729068756104, 0.06768082827329636, 0.04686836898326874, 0.04401392117142677, 0.04736211895942688, 0.05019950121641159, 0.046927280724048615, 0.041627321392297745, 0.03944886103272438, 0.041957784444093704, 0.053431954234838486, 0.055026158690452576, 0.044522739946842194, 0.06052456796169281, 0.06530190259218216, 0.043047696352005005, 0.031060900539159775, 0.03484787046909332, 0.05788843333721161, 0.14592936635017395, 0.17374274134635925, 0.10600872337818146, 0.08077645301818848, 0.060420747846364975, 0.04925204813480377], "tonal.hpcp.stdev": [0.1973208487033844, 0.20425884425640106, 0.19651766121387482, 0.2908402383327484, 0.29053452610969543, 0.17513196170330048, 0.18715374171733856, 0.21854165196418762, 0.31043684482574463, 0.4326110780239105, 0.37574976682662964, 0.2280057668685913, 0.15677252411842346, 0.1116267666220665, 0.10920098423957825, 0.11981939524412155, 0.11246588826179504, 0.11832261830568314, 0.11750440299510956, 0.12110093981027603, 0.11937099695205688, 0.12606017291545868, 0.13273966312408447, 0.1270609349012375, 0.1609082818031311, 0.17553003132343292, 0.14578045904636383, 0.11474844068288803, 0.1267552375793457, 0.13940133154392242, 0.21344885230064392, 0.24939535558223724, 0.20126193761825562, 0.2032783031463623, 0.16762571036815643, 0.14248836040496826], "rhythm.beats_position": [0.4760090708732605, 0.9752380847930908, 1.4744670391082764, 1.9620860815048218, 2.4380950927734375, 2.902494192123413, 3.3668932914733887, 3.8196823596954346, 4.2724714279174805, 4.7252607345581055, 5.154829978942871, 5.619228839874268, 6.083628177642822, 6.548027038574219, 7.000816345214844, 7.4536051750183105, 7.894784450531006, 8.359183311462402, 8.811972618103027, 9.264761924743652, 9.705941200256348, 10.147119522094727, 10.611518859863281, 11.064308166503906, 11.517097473144531, 11.981496810913086, 12.445895195007324, 12.88707447052002, 13.328253746032715, 13.78104305267334, 14.233832359313965, 14.686620712280273, 15.139410018920898, 15.592199325561523, 16.056598663330078, 16.509387969970703, 16.962177276611328, 17.42657470703125, 17.879364013671875, 18.3321533203125, 18.784942626953125, 19.23773193359375, 19.690521240234375, 20.13170051574707, 20.572879791259766, 21.02566909790039, 21.478458404541016, 21.942855834960938, 22.395645141601562, 22.848434448242188, 23.289613723754883, 23.742403030395508, 24.195192337036133, 24.647981643676758, 25.100770950317383, 25.553560256958008, 26.006349563598633, 26.459136962890625, 26.91192626953125, 27.353105545043945, 27.80589485168457, 28.258684158325195, 28.71147346496582, 29.164262771606445, 29.61705207824707, 30.069841384887695, 30.52263069152832, 30.975418090820312, 31.416597366333008, 31.869386672973633, 32.32217788696289, 32.76335525512695, 33.20453643798828, 33.65732192993164, 34.110111236572266, 34.551292419433594, 34.992469787597656, 35.44525909423828], "rhythm.bpm_histogram": [0.0, 0.0, 0.0, 0.0, 0.0, 0.0, 0.0, 0.0, 0.0, 0.0, 0.0, 0.0, 0.0, 0.0, 0.0, 0.0, 0.0, 0.0, 0.0, 0.0, 0.0, 0.0, 0.0, 0.0, 0.0, 0.0, 0.0, 0.0, 0.0, 0.0, 0.0, 0.0, 0.0, 0.0, 0.0, 0.0, 0.0, 0.0, 0.0, 0.0, 0.0, 0.0, 0.0, 0.0, 0.0, 0.0, 0.0, 0.0, 0.0, 0.0, 0.0, 0.0, 0.0, 0.0, 0.0, 0.0, 0.0, 0.0, 0.0, 0.0, 0.0, 0.0, 0.0, 0.0, 0.0, 0.0, 0.0, 0.0, 0.0, 0.0, 0.0, 0.0, 0.0, 0.0, 0.0, 0.0, 0.0, 0.0, 0.0, 0.0, 0.0, 0.0, 0.0, 0.0, 0.0, 0.0, 0.0, 0.0, 0.0, 0.0, 0.0, 0.0, 0.0, 0.0, 0.0, 0.0, 0.0, 0.0, 0.0, 0.0, 0.0, 0.0, 0.0, 0.0, 0.0, 0.0, 0.0, 0.0, 0.0, 0.0, 0.0, 0.0, 0.0, 0.0, 0.0, 0.0, 0.0, 0.0, 0.0, 0.0, 0.025974025949835777, 0.0, 0.0, 0.012987012974917889, 0.0, 0.0, 0.012987012974917889, 0.0, 0.0, 0.15584415197372437, 0.0, 0.0, 0.0, 0.5974025726318359, 0.0, 0.0, 0.1818181872367859, 0.0, 0.0, 0.0, 0.012987012974917889, 0.0, 0.0, 0.0, 0.0, 0.0, 0.0, 0.0, 0.0, 0.0, 0.0, 0.0, 0.0, 0.0, 0.0, 0.0, 0.0, 0.0, 0.0, 0.0, 0.0, 0.0, 0.0, 0.0, 0.0, 0.0, 0.0, 0.0, 0.0, 0.0, 0.0, 0.0, 0.0, 0.0, 0.0, 0.0, 0.0, 0.0, 0.0, 0.0, 0.0, 0.0, 0.0, 0.0, 0.0, 0.0, 0.0, 0.0, 0.0, 0.0, 0.0, 0.0, 0.0, 0.0, 0.0, 0.0, 0.0, 0.0, 0.0, 0.0, 0.0, 0.0, 0.0, 0.0, 0.0, 0.0, 0.0, 0.0, 0.0, 0.0, 0.0, 0.0, 0.0, 0.0, 0.0, 0.0, 0.0, 0.0, 0.0, 0.0, 0.0, 0.0, 0.0, 0.0, 0.0, 0.0, 0.0, 0.0, 0.0, 0.0, 0.0, 0.0, 0.0, 0.0, 0.0, 0.0, 0.0, 0.0, 0.0, 0.0, 0.0, 0.0, 0.0, 0.0, 0.0, 0.0, 0.0, 0.0, 0.0, 0.0], "tonal.chords_histogram": [15.474642753601074, 24.05721664428711, 25.747724533081055, 3.381014347076416, 0.3901170492172241, 0.1300390064716339, 2.860858201980591, 0.6501950621604919, 0.1300390064716339, 26.918075561523438, 0.0, 0.1300390064716339, 0.0, 0.0, 0.0, 0.0, 0.0, 0.0, 0.0, 0.0, 0.0, 0.0, 0.1300390064716339, 0.0], "tonal.thpcp": [1.0, 0.8131802678108215, 0.28424713015556335, 0.13798920810222626, 0.09555629640817642, 0.08973658084869385, 0.096562959253788, 0.10234788060188293, 0.09567640721797943, 0.08487072587013245, 0.08042923361063004, 0.08554448187351227, 0.10893827676773071, 0.11218857765197754, 0.09077396988868713, 0.12339886277914047, 0.1331389993429184, 0.0877666175365448, 0.06332767009735107, 0.07104863226413727, 0.11802425235509872, 0.297524094581604, 0.3542306423187256, 0.2161329835653305, 0.1646888703107834, 0.12318719178438187, 0.10041619092226028, 0.1370590627193451, 0.13641072809696198, 0.15652653574943542, 0.27490541338920593, 0.26725149154663086, 0.1537920981645584, 0.14193028211593628, 0.19043155014514923, 0.4938676357269287], "lowlevel.gfcc.cov": [[2397.835205078125, -299.2894592285156, 32.51781463623047, -135.17372131347656, -90.14261627197266, 22.83443260192871, -185.1310577392578, 63.887969970703125, -14.247097969055176, 91.2629623413086, -96.36508178710938, 62.12674331665039, -123.48974609375], [-299.2894592285156, 803.3811645507812, -382.0347595214844, -40.36356735229492, 73.80125427246094, -155.2587432861328, 97.3405532836914, -83.63899230957031, 82.8203353881836, -85.93255615234375, 43.27153396606445, -100.9735107421875, 85.38006591796875], [32.51781463623047, -382.0347595214844, 487.1944885253906, 60.61445999145508, -67.55500793457031, 68.1024398803711, -32.26979446411133, 12.014142036437988, -133.09725952148438, 32.53282165527344, -0.7154886722564697, 96.50067901611328, -30.362327575683594], [-135.17372131347656, -40.36356735229492, 60.61445999145508, 327.991943359375, -19.21967315673828, 7.953178882598877, 24.42643928527832, -57.00166702270508, 9.601994514465332, -58.23921203613281, 41.641902923583984, -37.104671478271484, 49.88178634643555], [-90.14261627197266, 73.80125427246094, -67.55500793457031, -19.21967315673828, 256.56024169921875, 14.418415069580078, 8.174932479858398, 9.505295753479004, 33.978363037109375, 7.115273952484131, -24.085538864135742, 25.090253829956055, 33.92070007324219], [22.83443260192871, -155.2587432861328, 68.1024398803711, 7.953178882598877, 14.418415069580078, 135.99774169921875, 54.69554138183594, 28.758499145507812, -23.755592346191406, 1.711584448814392, 7.834385395050049, 2.607761859893799, -17.535627365112305], [-185.1310577392578, 97.3405532836914, -32.26979446411133, 24.42643928527832, 8.174932479858398, 54.69554138183594, 191.89442443847656, 12.86950397491455, -15.244988441467285, -31.823667526245117, 27.633760452270508, -12.958760261535645, -0.16716758906841278], [63.887969970703125, -83.63899230957031, 12.014142036437988, -57.00166702270508, 9.505295753479004, 28.758499145507812, 12.86950397491455, 91.30155181884766, 31.18366241455078, 31.272611618041992, -14.12790584564209, 11.538917541503906, -21.81072998046875], [-14.247097969055176, 82.8203353881836, -133.09725952148438, 9.601994514465332, 33.978363037109375, -23.755592346191406, -15.244988441467285, 31.18366241455078, 140.85794067382812, 32.55017852783203, 1.2513222694396973, -48.715057373046875, 3.3250722885131836], [91.2629623413086, -85.93255615234375, 32.53282165527344, -58.23921203613281, 7.115273952484131, 1.711584448814392, -31.823667526245117, 31.272611618041992, 32.55017852783203, 94.24878692626953, 1.2078213691711426, 16.218523025512695, -29.65882682800293], [-96.36508178710938, 43.27153396606445, -0.7154886722564697, 41.641902923583984, -24.085538864135742, 7.834385395050049, 27.633760452270508, -14.12790584564209, 1.2513222694396973, 1.2078213691711426, 79.8521728515625, 18.156612396240234, 21.328948974609375], [62.12674331665039, -100.9735107421875, 96.50067901611328, -37.104671478271484, 25.090253829956055, 2.607761859893799, -12.958760261535645, 11.538917541503906, -48.715057373046875, 16.218523025512695, 18.156612396240234, 112.44900512695312, 23.95258903503418], [-123.48974609375, 85.38006591796875, -30.362327575683594, 49.88178634643555, 33.92070007324219, -17.535627365112305, -0.16716758906841278, -21.81072998046875, 3.3250722885131836, -29.65882682800293, 21.328948974609375, 23.95258903503418, 91.90589141845703]], "lowlevel.gfcc.icov": [[0.0005952554056420922, -0.00040667393477633595, 0.0004202281415928155, -0.0005241442122496665, 0.0005335147143341601, -0.0009335604845546186, 0.0008412291645072401, -0.0003085747011937201, 0.0001931346341734752, -0.000545433082152158, 0.0011701601324602962, -0.0014526790473610163, 0.0010782204335555434], [-0.00040667393477633595, 0.006312964949756861, 0.00032952206674963236, 0.0041168369352817535, -0.002593632787466049, 0.00760316988453269, -0.004438163246959448, 0.0032071098685264587, -0.0011447351425886154, 0.003798051504418254, -0.00596699770539999, 0.007444080431014299, -0.004663933999836445], [0.0004202281415928155, 0.00032952206674963236, 0.005335730500519276, -0.002590483520179987, 0.0011802397202700377, -0.0015791610348969698, 0.0012738218065351248, -0.0013793065445497632, 0.004347530659288168, -0.0030746720731258392, 0.001901737879961729, -0.0036565472837537527, 0.0017274213023483753], [-0.0005241442122496665, 0.0041168369352817535, -0.002590483520179987, 0.008487353101372719, -0.0020747294183820486, 0.004954082425683737, -0.00358230690471828, 0.004852850455790758, -0.003984635230153799, 0.00592920882627368, -0.006698308978229761, 0.008150186389684677, -0.005647001322358847], [0.0005335147143341601, -0.002593632787466049, 0.0011802397202700377, -0.0020747294183820486, 0.006690213922411203, -0.005190812051296234, 0.0015282558742910624, -7.464454392902553e-05, -0.001297164591960609, -0.0027041719295084476, 0.006589908618479967, -0.006874450482428074, 0.0006042743334546685], [-0.0009335604845546186, 0.00760316988453269, -0.0015791610348969698, 0.004954082425683737, -0.005190812051296234, 0.02026904746890068, -0.008010904304683208, -0.00015362724661827087, 0.0008653703844174743, 0.004866078961640596, -0.010214202105998993, 0.012533617205917835, -0.005153128411620855], [0.0008412291645072401, -0.004438163246959448, 0.0012738218065351248, -0.00358230690471828, 0.0015282558742910624, -0.008010904304683208, 0.011043256148695946, -0.004967099521309137, 0.0030417810194194317, -0.0007701665163040161, 0.001626242883503437, -0.004981901962310076, 0.00492964219301939], [-0.0003085747011937201, 0.0032071098685264587, -0.0013793065445497632, 0.004852850455790758, -7.464454392902553e-05, -0.00015362724661827087, -0.004967099521309137, 0.0210697203874588, -0.00947683397680521, 0.0012717852368950844, 0.0013943129451945424, -0.001234901137650013, -0.0007426347583532333], [0.0001931346341734752, -0.0011447351425886154, 0.004347530659288168, -0.003984635230153799, -0.001297164591960609, 0.0008653703844174743, 0.0030417810194194317, -0.00947683397680521, 0.019017517566680908, -0.008843939751386642, -0.0012742860708385706, 0.005416593048721552, -0.001335723209194839], [-0.000545433082152158, 0.003798051504418254, -0.0030746720731258392, 0.00592920882627368, -0.0027041719295084476, 0.004866078961640596, -0.0007701665163040161, 0.0012717852368950844, -0.008843939751386642, 0.02231721580028534, -0.008029970340430737, 0.0022874795831739902, 0.002521153772249818], [0.0011701601324602962, -0.00596699770539999, 0.001901737879961729, -0.006698308978229761, 0.006589908618479967, -0.010214202105998993, 0.001626242883503437, 0.0013943129451945424, -0.0012742860708385706, -0.008029970340430737, 0.026246044784784317, -0.01523570530116558, 0.0026666184421628714], [-0.0014526790473610163, 0.007444080431014299, -0.0036565472837537527, 0.008150186389684677, -0.006874450482428074, 0.012533617205917835, -0.004981901962310076, -0.001234901137650013, 0.005416593048721552, 0.0022874795831739902, -0.01523570530116558, 0.03040163777768612, -0.013717652298510075], [0.0010782204335555434, -0.004663933999836445, 0.0017274213023483753, -0.005647001322358847, 0.0006042743334546685, -0.005153128411620855, 0.00492964219301939, -0.0007426347583532333, -0.001335723209194839, 0.002521153772249818, 0.0026666184421628714, -0.013717652298510075, 0.022742459550499916]], "lowlevel.mfcc.cov": [[1916.81591796875, -183.79315185546875, -59.34127426147461, -135.86378479003906, 13.618128776550293, -67.71100616455078, -155.4867401123047, -37.764034271240234, 2.468907117843628, 26.94993019104004, 54.60649108886719, 13.636699676513672, -33.590946197509766], [-183.79315185546875, 693.1867065429688, -361.9458923339844, -19.513904571533203, -49.56190490722656, -43.84886169433594, -25.147369384765625, -22.332117080688477, 46.36332702636719, -31.875808715820312, 2.517350673675537, 11.647095680236816, -0.26659491658210754], [-59.34127426147461, -361.9458923339844, 501.4140930175781, 33.313018798828125, -50.289859771728516, 8.807391166687012, 67.75715637207031, -0.09274440258741379, -87.0251693725586, -35.81418991088867, -30.600967407226562, -5.699230670928955, 12.700335502624512], [-135.86378479003906, -19.513904571533203, 33.313018798828125, 232.24009704589844, 20.559391021728516, 38.86423873901367, -1.7260770797729492, 4.11775541305542, -4.2949910163879395, -20.630651473999023, -36.792633056640625, -24.881662368774414, 16.03597068786621], [13.618128776550293, -49.56190490722656, -50.289859771728516, 20.559391021728516, 198.66123962402344, 18.91092300415039, -47.448368072509766, -17.625211715698242, 22.655868530273438, 14.74233341217041, -23.721158981323242, -19.75702476501465, 10.204861640930176], [-67.71100616455078, -43.84886169433594, 8.807391166687012, 38.86423873901367, 18.91092300415039, 104.8720474243164, 61.28458023071289, 23.29890251159668, 1.344573974609375, 5.641327381134033, -6.411080837249756, -7.051665782928467, -6.366429805755615], [-155.4867401123047, -25.147369384765625, 67.75715637207031, -1.7260770797729492, -47.448368072509766, 61.28458023071289, 163.129150390625, 68.04090881347656, -12.608662605285645, -30.38121223449707, -14.620112419128418, 6.106828689575195, 1.1337133646011353], [-37.764034271240234, -22.332117080688477, -0.09274440258741379, 4.11775541305542, -17.625211715698242, 23.29890251159668, 68.04090881347656, 95.6036148071289, 20.83078384399414, -9.07337474822998, -7.759070873260498, 2.504844903945923, 5.079394817352295], [2.468907117843628, 46.36332702636719, -87.0251693725586, -4.2949910163879395, 22.655868530273438, 1.344573974609375, -12.608662605285645, 20.83078384399414, 83.96439361572266, 39.7370491027832, 12.465888023376465, -3.1493165493011475, -5.964449405670166], [26.94993019104004, -31.875808715820312, -35.81418991088867, -20.630651473999023, 14.74233341217041, 5.641327381134033, -30.38121223449707, -9.07337474822998, 39.7370491027832, 91.39434814453125, 50.71514892578125, 12.80467700958252, -19.356210708618164], [54.60649108886719, 2.517350673675537, -30.600967407226562, -36.792633056640625, -23.721158981323242, -6.411080837249756, -14.620112419128418, -7.759070873260498, 12.465888023376465, 50.71514892578125, 87.62088012695312, 37.094024658203125, -12.59115219116211], [13.636699676513672, 11.647095680236816, -5.699230670928955, -24.881662368774414, -19.75702476501465, -7.051665782928467, 6.106828689575195, 2.504844903945923, -3.1493165493011475, 12.80467700958252, 37.094024658203125, 65.5230484008789, 23.523237228393555], [-33.590946197509766, -0.26659491658210754, 12.700335502624512, 16.03597068786621, 10.204861640930176, -6.366429805755615, 1.1337133646011353, 5.079394817352295, -5.964449405670166, -19.356210708618164, -12.59115219116211, 23.523237228393555, 73.13785552978516]], "lowlevel.mfcc.icov": [[0.0006558094173669815, 0.00037483981577679515, 0.00023458107898477465, 0.0003647746052592993, 0.00016281531134154648, -9.240151121048257e-05, 0.0008302524802275002, -0.00016401041648350656, -7.970083242980763e-05, 0.0006151070119813085, -0.0002480174007359892, -0.00017441691306885332, 0.0003193044103682041], [0.00037483981577679515, 0.0032545982394367456, 0.0025383317843079567, -7.436557643814012e-05, 0.0012626819079741836, 0.001000577467493713, -0.00058163539506495, 0.0018155582947656512, -0.0012019916903227568, 0.0023096087388694286, 0.0002006076101679355, -0.0007345940102823079, 0.00033741473453119397], [0.00023458107898477465, 0.0025383317843079567, 0.004698985256254673, -0.0004978051292710006, 0.0012749151792377234, 0.0015434878878295422, -0.0019187459256500006, 0.0015992203261703253, 0.0021039783023297787, 0.0002148082567146048, 0.0010421130573377013, -3.704115442815237e-05, -0.00029494037153199315], [0.0003647746052592993, -7.436557643814012e-05, -0.0004978051292710006, 0.005547300446778536, 0.00030770088778808713, -0.0030487023759633303, 0.0023102974519133568, -0.0006868928321637213, -0.0003485727065708488, 0.0009833847871050239, 0.0008200986194424331, 0.001380400499328971, -0.001329958438873291], [0.00016281531134154648, 0.0012626819079741836, 0.0012749151792377234, 0.00030770088778808713, 0.007172820158302784, -0.0023572335485368967, 0.0023606959730386734, 0.0011254139244556427, -0.0014771135756745934, -0.0003864624595735222, 0.002628844464197755, 0.0006767553859390318, -0.0015180630143731833], [-9.240151121048257e-05, 0.001000577467493713, 0.0015434878878295422, -0.0030487023759633303, -0.0023572335485368967, 0.01637338101863861, -0.008571907877922058, 0.0012568621896207333, 0.0015263722743839025, -0.003779318882152438, 0.0002624238550197333, 0.0009108993108384311, 0.0010378453880548477], [0.0008302524802275002, -0.00058163539506495, -0.0019187459256500006, 0.0023102974519133568, 0.0023606959730386734, -0.008571907877922058, 0.01600481942296028, -0.008451403118669987, 0.00041409104596823454, 0.0041422718204557896, 0.0004490028659347445, -0.0022892518900334835, 0.0014127767644822598], [-0.00016401041648350656, 0.0018155582947656512, 0.0015992203261703253, -0.0006868928321637213, 0.0011254139244556427, 0.0012568621896207333, -0.008451403118669987, 0.01864476315677166, -0.006965485867112875, 0.002484995173290372, 0.0006721598911099136, -0.0007125005940906703, -0.0009727945434860885], [-7.970083242980763e-05, -0.0012019916903227568, 0.0021039783023297787, -0.000348572