{"song_id": "1182279110882504724", "download": "https://cdn.discordapp.com/attachments/1128313332273782784/1182279110882504724/chirp.mp4?ex=65841e39&amp", "lyrics": "-", "style": ["pop"], "essentia_features": {"lowlevel.average_loudness": 0.9019772410392761, "lowlevel.barkbands_crest.mean": 17.79109764099121, "lowlevel.barkbands_crest.stdev": 4.31949520111084, "lowlevel.barkbands_flatness_db.mean": 0.47559624910354614, "lowlevel.barkbands_flatness_db.stdev": 0.05057283863425255, "lowlevel.barkbands_kurtosis.mean": 12.68529224395752, "lowlevel.barkbands_kurtosis.stdev": 20.31051254272461, "lowlevel.barkbands_skewness.mean": 0.8259300589561462, "lowlevel.barkbands_skewness.stdev": 1.5298893451690674, "lowlevel.barkbands_spread.mean": 1.2680813074111938, "lowlevel.barkbands_spread.stdev": 1.3658199310302734, "lowlevel.dissonance.mean": 0.2995668053627014, "lowlevel.dissonance.stdev": 0.07805487513542175, "lowlevel.dynamic_complexity": 4.841584205627441, "lowlevel.erbbands_crest.mean": 20.623882293701172, "lowlevel.erbbands_crest.stdev": 5.721356391906738, "lowlevel.erbbands_flatness_db.mean": 0.4902842342853546, "lowlevel.erbbands_flatness_db.stdev": 0.04995954409241676, "lowlevel.erbbands_kurtosis.mean": 9.044346809387207, "lowlevel.erbbands_kurtosis.stdev": 8.517830848693848, "lowlevel.erbbands_skewness.mean": 1.0570788383483887, "lowlevel.erbbands_skewness.stdev": 1.4786350727081299, "lowlevel.erbbands_spread.mean": 2.68559193611145, "lowlevel.erbbands_spread.stdev": 1.8398491144180298, "lowlevel.hfc.mean": 7.481664180755615, "lowlevel.hfc.stdev": 9.556879997253418, "lowlevel.loudness_ebu128.integrated": -34.74425506591797, "lowlevel.loudness_ebu128.loudness_range": 2.7545242309570312, "lowlevel.loudness_ebu128.momentary.mean": -36.579429626464844, "lowlevel.loudness_ebu128.momentary.stdev": 4.242525577545166, "lowlevel.loudness_ebu128.short_term.mean": -35.20881652832031, "lowlevel.loudness_ebu128.short_term.stdev": 1.0305817127227783, "lowlevel.melbands_crest.mean": 19.155534744262695, "lowlevel.melbands_crest.stdev": 5.350827217102051, "lowlevel.melbands_flatness_db.mean": 0.5834449529647827, "lowlevel.melbands_flatness_db.stdev": 0.05128027871251106, "lowlevel.melbands_kurtosis.mean": 6.648399829864502, "lowlevel.melbands_kurtosis.stdev": 9.213557243347168, "lowlevel.melbands_skewness.mean": 0.25214534997940063, "lowlevel.melbands_skewness.stdev": 1.056220293045044, "lowlevel.melbands_spread.mean": 2.7061216831207275, "lowlevel.melbands_spread.stdev": 2.2346932888031006, "lowlevel.pitch_salience.mean": 0.4992946982383728, "lowlevel.pitch_salience.stdev": 0.16473418474197388, "lowlevel.silence_rate_20dB.mean": 1.0, "lowlevel.silence_rate_20dB.stdev": 0.0, "lowlevel.silence_rate_30dB.mean": 0.9959443807601929, "lowlevel.silence_rate_30dB.stdev": 0.06355436146259308, "lowlevel.silence_rate_60dB.mean": 0.22595596313476562, "lowlevel.silence_rate_60dB.stdev": 0.4182111918926239, "lowlevel.spectral_centroid.mean": 471.4065856933594, "lowlevel.spectral_centroid.stdev": 104.31956481933594, "lowlevel.spectral_complexity.mean": 5.600231647491455, "lowlevel.spectral_complexity.stdev": 2.2484889030456543, "lowlevel.spectral_decrease.mean": -3.975328954908264e-09, "lowlevel.spectral_decrease.stdev": 4.897166672179765e-09, "lowlevel.spectral_energy.mean": 0.015682408586144447, "lowlevel.spectral_energy.stdev": 0.019317956641316414, "lowlevel.spectral_energyband_high.mean": 3.631183886909639e-08, "lowlevel.spectral_energyband_high.stdev": 1.2820986228234688e-07, "lowlevel.spectral_energyband_low.mean": 0.00010590190504444763, "lowlevel.spectral_energyband_low.stdev": 0.0002652292314451188, "lowlevel.spectral_energyband_middle_high.mean": 0.0005537008983083069, "lowlevel.spectral_energyband_middle_high.stdev": 0.002767080208286643, "lowlevel.spectral_energyband_middle_low.mean": 0.015123910270631313, "lowlevel.spectral_energyband_middle_low.stdev": 0.01901133544743061, "lowlevel.spectral_entropy.mean": 4.660666465759277, "lowlevel.spectral_entropy.stdev": 0.3958474099636078, "lowlevel.spectral_flux.mean": 0.01755121909081936, "lowlevel.spectral_flux.stdev": 0.027428725734353065, "lowlevel.spectral_kurtosis.mean": 242.8013153076172, "lowlevel.spectral_kurtosis.stdev": 91.54695892333984, "lowlevel.spectral_rms.mean": 0.003341846400871873, "lowlevel.spectral_rms.stdev": 0.0020327293314039707, "lowlevel.spectral_rolloff.mean": 558.3141479492188, "lowlevel.spectral_rolloff.stdev": 157.71153259277344, "lowlevel.spectral_skewness.mean": 12.916580200195312, "lowlevel.spectral_skewness.stdev": 2.3796136379241943, "lowlevel.spectral_spread.mean": 737699.25, "lowlevel.spectral_spread.stdev": 415014.28125, "lowlevel.spectral_strongpeak.mean": 1.5688127279281616, "lowlevel.spectral_strongpeak.stdev": 1.2384848594665527, "lowlevel.zerocrossingrate.mean": 0.022044794633984566, "lowlevel.zerocrossingrate.stdev": 0.005473109893500805, "metadata.audio_properties.analysis.equal_loudness": 0.0, "metadata.audio_properties.analysis.length": 40.04265213012695, "metadata.audio_properties.analysis.sample_rate": 44100.0, "metadata.audio_properties.analysis.start_time": 0.0, "metadata.audio_properties.bit_rate": 106012.0, "metadata.audio_properties.length": 40.042667388916016, "metadata.audio_properties.lossless": 0.0, "metadata.audio_properties.number_channels": 1.0, "metadata.audio_properties.replay_gain": 5.195730209350586, "metadata.audio_properties.sample_rate": 48000.0, "rhythm.beats_count": 83.0, "rhythm.beats_loudness.mean": 0.03162694349884987, "rhythm.beats_loudness.stdev": 0.030010288581252098, "rhythm.bpm": 126.99469757080078, "rhythm.bpm_histogram_first_peak_bpm": 126.0, "rhythm.bpm_histogram_first_peak_weight": 0.5588235855102539, "rhythm.bpm_histogram_second_peak_bpm": 120.0, "rhythm.bpm_histogram_second_peak_spread": 0.30000001192092896, "rhythm.bpm_histogram_second_peak_weight": 0.08536585420370102, "rhythm.danceability": 1.2870001792907715, "rhythm.onset_rate": 1.3980978727340698, "tonal.chords_changes_rate": 0.028935184702277184, "tonal.chords_number_rate": 0.0069444444961845875, "tonal.chords_strength.mean": 0.5040627121925354, "tonal.chords_strength.stdev": 0.0883902832865715, "tonal.hpcp_crest.mean": 20.464908599853516, "tonal.hpcp_crest.stdev": 7.907130241394043, "tonal.hpcp_entropy.mean": 1.1074576377868652, "tonal.hpcp_entropy.stdev": 0.5617290139198303, "tonal.key_edma.strength": 0.6353008151054382, "tonal.key_krumhansl.strength": 0.6320945024490356, "tonal.key_temperley.strength": 0.6379901170730591, "tonal.tuning_diatonic_strength": 0.546710729598999, "tonal.tuning_equal_tempered_deviation": 0.0006694624898955226, "tonal.tuning_frequency": 440.2542419433594, "tonal.tuning_nontempered_energy_ratio": 0.5780016779899597, "lowlevel.barkbands.mean": [2.1171960895571829e-07, 1.3439822623695363e-06, 7.481739885406569e-06, 0.00023129723558668047, 0.0014403366949409246, 0.001758272759616375, 0.0074317059479653835, 0.0018726231064647436, 0.0023677085991948843, 0.00033681935747154057, 0.0001748163194861263, 2.8013128030579537e-05, 1.7206388292834163e-05, 1.228348173754057e-05, 1.5151895240705926e-06, 6.558032055181684e-07, 8.249846672470085e-08, 2.718463498752044e-08, 5.107260836467731e-09, 4.0371137544070734e-09, 3.040524498842956e-09, 4.248285723207346e-09, 2.9568307802207983e-09, 3.2975355779285564e-09, 5.464212193828644e-09, 1.2434701268659865e-08, 3.054648534117632e-09], "lowlevel.barkbands.stdev": [6.926243258931208e-07, 4.540948793874122e-06, 1.7584472516318783e-05, 0.0005831827875226736, 0.0044224075973033905, 0.003100465051829815, 0.01228751428425312, 0.0062303561717271805, 0.006996316369622946, 0.0018456311663612723, 0.0019999872893095016, 5.126351970830001e-05, 3.960435788030736e-05, 3.151640703435987e-05, 3.252387841712334e-06, 1.4058118722459767e-06, 2.142665920246145e-07, 9.978286641398881e-08, 2.976738144866431e-08, 3.5467909498265726e-08, 1.0216258061745975e-08, 5.513233247711469e-08, 7.929569889597587e-09, 8.327427636345419e-09, 2.5244943913094176e-08, 1.413243744252668e-08, 1.6566519267513513e-09], "lowlevel.erbbands.mean": [3.5821052733808756e-05, 0.0005882774712517858, 0.013524048030376434, 0.4223223924636841, 2.425511360168457, 6.120480537414551, 6.673715591430664, 21.563919067382812, 100.13680267333984, 68.86167907714844, 50.12692642211914, 57.89430618286133, 19.417139053344727, 12.524088859558105, 5.791932582855225, 1.2868683338165283, 1.011645793914795, 0.7037011384963989, 0.1639101356267929, 0.07368162274360657, 0.019344577565789223, 0.0047960299998521805, 0.0015383823774755, 0.0008392768213525414, 0.0002699114556889981, 0.0001984283298952505, 0.00014307732635643333, 0.00012630240235012025, 0.00015893489762675017, 0.0001308071514358744, 8.825488475849852e-05, 7.570328307338059e-05, 6.588298856513575e-05, 6.45926920697093e-05, 5.259341196506284e-05, 4.2262068745912984e-05, 3.129494143649936e-05, 7.744020876998547e-06, 7.854561772546731e-06, 1.765019078447949e-05], "lowlevel.erbbands.stdev": [7.261160499183461e-05, 0.001476387376897037, 0.029849233105778694, 0.9823598861694336, 7.944185733795166, 18.32503318786621, 14.393417358398438, 37.5562858581543, 189.60870361328125, 128.55824279785156, 165.3520965576172, 169.5184326171875, 81.54905700683594, 73.99579620361328, 57.70227813720703, 2.9046554565429688, 2.08599853515625, 1.9064377546310425, 0.34454861283302307, 0.18162265419960022, 0.037749215960502625, 0.010011069476604462, 0.0045370315201580524, 0.0030685006640851498, 0.0016014032298699021, 0.0016655983636155725, 0.0007682597497478127, 0.0005147288902662694, 0.0019289605552330613, 0.001210040063597262, 0.000180972449015826, 0.00018399575492367148, 0.0001292400120291859, 0.0002466993173584342, 0.0001863476209109649, 0.00010090033174492419, 1.9375383999431506e-05, 3.5108123483951204e-06, 9.25710173760308e-06, 2.171835149056278e-05], "lowlevel.gfcc.mean": [-294.04205322265625, 210.57241821289062, -72.76880645751953, -110.52973937988281, -80.9231185913086, -28.60028076171875, -49.9728889465332, -28.00345802307129, -13.181256294250488, -2.869649648666382, -15.142539978027344, -11.976661682128906, -11.151440620422363], "lowlevel.melbands.mean": [2.9863534223295574e-07, 7.969715625222307e-06, 0.00011345540406182408, 0.0003577885217964649, 0.00022385457123164088, 0.0005685617215931416, 0.0014292235719040036, 0.0006190542480908334, 0.000417643110267818, 0.00032921507954597473, 8.865968266036361e-05, 5.224315100349486e-05, 2.5858400476863608e-05, 2.473802624081145e-06, 3.5359166759008076e-06, 1.5832539475013618e-06, 1.1833127473437344e-06, 2.6073558956341003e-07, 9.193173156063494e-08, 7.683113523171414e-08, 1.3034120449617603e-08, 4.710206003011308e-09, 1.9014618768409264e-09, 1.4272762971501152e-09, 5.690866666796524e-10, 1.78622658331129e-10, 1.6164607152813204e-10, 1.158915810539618e-10, 8.568929593666397e-11, 7.462518797352047e-11, 6.60783164296852e-11, 8.718558514031471e-11, 8.213582591842794e-11, 6.22702236996453e-11, 4.777342410555718e-11, 3.893047342828915e-11, 4.17825912757408e-11, 3.788975383445248e-11, 4.105927750575056e-11, 4.8249515494092066e-11], "lowlevel.melbands.stdev": [9.01715964118921e-07, 1.913950291054789e-05, 0.00024348746228497475, 0.001213771291077137, 0.0004460301424842328, 0.0009940622840076685, 0.0025260532274842262, 0.0011738981120288372, 0.0012869060738012195, 0.0009735889034345746, 0.00041397311724722385, 0.0003191996074747294, 0.00028399223810993135, 5.910872914682841e-06, 7.3024466473725624e-06, 3.633215783338528e-06, 3.2229527278104797e-06, 7.115189077921968e-07, 2.1958629758955794e-07, 1.921923740155762e-07, 3.5832751876796465e-08, 1.1302621949482727e-08, 7.230428700211178e-09, 5.813753922723208e-09, 2.1733153054981358e-09, 1.1807980149214359e-09, 1.1304620572971658e-09, 1.1332570437616596e-09, 5.831753413509944e-10, 2.652260910895876e-10, 2.814456723232439e-10, 1.1057013082904632e-09, 1.1405763000738034e-09, 4.3593822995902087e-10, 1.0609474410117059e-10, 8.322728617393693e-11, 1.2804178550762657e-10, 9.309415738290028e-11, 1.142284461463916e-10, 2.434022428055016e-10], "lowlevel.melbands128.mean": [8.770374648747747e-08, 1.3229369244527334e-07, 3.4486856748117134e-07, 6.896557920299529e-07, 8.768330417296966e-07, 4.906386948277941e-06, 7.317793642869219e-05, 0.0001264358579646796, 0.0001579366362420842, 0.0005645971396006644, 0.0003381673595868051, 0.00012972996046300977, 0.00017592684889677912, 0.00035784640931524336, 0.0003061209572479129, 0.0004279309359844774, 0.0020641598384827375, 0.0015564736677333713, 0.0007044428493827581, 0.0010352074168622494, 0.00023130342015065253, 0.0004328354843892157, 0.0003813384100794792, 0.0004639327817130834, 0.0005475269281305373, 0.00013325086911208928, 0.00023299017630051821, 2.4765062335063703e-05, 3.86869469366502e-05, 8.582112786825746e-05, 3.228276545996778e-05, 3.480252416920848e-05, 4.43041353719309e-05, 2.3977711407496827e-06, 2.4508922251698095e-06, 2.708060037548421e-06, 2.353072886762675e-06, 4.844268914894201e-06, 3.543687626006431e-06, 1.4046204341866542e-06, 2.4795312469905184e-07, 3.2779287266748725e-06, 1.249964043381624e-06, 1.528170372466775e-07, 5.122137736179866e-07, 2.0251404464488587e-07, 1.665196407429903e-07, 5.1081379126571846e-08, 4.925984242731829e-08, 1.8126587519873283e-07, 5.971174488195174e-08, 1.6037468242302566e-08, 1.7486042835912485e-08, 1.0045372533795671e-08, 4.179164569961813e-09, 5.440124795086376e-09, 3.598351838718372e-09, 2.78638645490048e-09, 1.0770739855558986e-09, 2.682529476327744e-10, 1.4890576549575485e-09, 2.7901614352288107e-09, 3.2113295356239746e-10, 2.016230099544103e-10, 1.953377321006755e-10, 1.7177316513627972e-10, 1.8430099113508902e-10, 1.5894674465499747e-10, 1.7692367015875732e-10, 1.286598327876476e-10, 1.189981863047862e-10, 1.085180001414443e-10, 8.992040445576777e-11, 8.178271948544591e-11, 8.122918310204952e-11, 7.103020255305736e-11, 7.831491705134752e-11, 6.564610660619863e-11, 5.833230426466329e-11, 6.992042361764206e-11, 9.018724655973642e-11, 9.402259526503087e-11, 8.574982390818775e-11, 8.033119308636927e-11, 8.018096603334968e-11, 6.92630536258676e-11, 5.0128894091283627e-11, 6.114023176628791e-11, 4.700242625665929e-11, 4.007679951789633e-11, 3.855401761732047e-11, 3.877105581029383e-11, 3.879812443541297e-11, 4.392055816260232e-11, 4.251323598714052e-11, 3.8196432128323465e-11, 3.4298622969552994e-11, 4.127661754060874e-11, 3.941002385543513e-11, 4.063176184398998e-11, 4.9440954802415504e-11, 4.963226357679318e-11, 4.801243430607727e-11, 4.38239999844825e-11, 4.908757081367732e-11, 4.8003743341462624e-11, 5.5057045728057474e-11, 6.103066663154522e-11, 5.767171115667047e-11, 5.955361898069e-11, 6.556531706447544e-11, 7.54931256397029e-11, 9.836873676727365e-11, 1.0107191472652488e-10, 8.89009144078301e-11, 7.359003684204168e-11, 5.6347124882671906e-11, 1.4672395243220393e-11, 8.757429677264117e-12, 8.376848693869565e-12, 8.034264226131071e-12, 8.02643888853094e-12, 8.181205712887163e-12, 7.84443343615493e-12, 6.2818019015697946e-12, 3.5693191024338544e-12, 2.111541844151965e-12, 1.8976742920118195e-12], "lowlevel.melbands128.stdev": [3.0863802180647326e-07, 3.8763286624998727e-07, 1.1062307976317243e-06, 2.6343466288381023e-06, 3.1410429528477835e-06, 1.1857586287078448e-05, 0.0001868608669610694, 0.0003173585282638669, 0.0005166516057215631, 0.002243851311504841, 0.0009528545197099447, 0.00029158106190152466, 0.0006177510367706418, 0.0007973503088578582, 0.0007140074740163982, 0.0010494398884475231, 0.004732735455036163, 0.002838533604517579, 0.0012699132785201073, 0.002416274743154645, 0.0006579500040970743, 0.0017719563329592347, 0.0018862019060179591, 0.001566787133924663, 0.0019418962765485048, 0.0006462875171564519, 0.00136828504037112, 0.00010282847506459802, 0.00011064297723351046, 0.0006181804346852005, 0.0002550825010985136, 0.0004319256986491382, 0.00048328671255148947, 3.304710116935894e-05, 6.631222277064808e-06, 6.177557679620804e-06, 6.293441856541904e-06, 1.453618097002618e-05, 1.0156169082620181e-05, 4.313478257245151e-06, 9.785115935301292e-07, 1.0945725080091506e-05, 3.2831947009981377e-06, 5.189226044421957e-07, 2.0200420749461045e-06, 4.4770936824534147e-07, 5.243118721409701e-07, 3.0641308512713294e-07, 1.6167788885468326e-07, 6.022597744959057e-07, 1.63153686116857e-07, 4.33185576298456e-08, 7.167653137685193e-08, 3.832712991425069e-08, 1.6804376556933676e-08, 1.38732181298451e-08, 1.0154544760609951e-08, 1.2909151081430537e-08, 6.03716054925485e-09, 1.7149986986098043e-09, 5.637066813335423e-09, 1.3424080513857461e-08, 1.3680501176338566e-09, 1.027856022517426e-09, 1.2184472319987094e-09, 1.2439896890370505e-09, 1.2290495288169723e-09, 1.1292066171009196e-09, 1.1732289584287514e-09, 1.1865726179394187e-09, 1.1862451021471543e-09, 1.11096076782502e-09, 9.164967673669366e-10, 4.751037341321762e-10, 2.389800579649659e-10, 3.074988319529126e-10, 2.8972099719304367e-10, 1.571172358882933e-10, 8.347652430407138e-11, 6.116786521737083e-10, 1.1563551227666835e-09, 1.293071538732704e-09, 1.1606153815790776e-09, 1.1840096680870715e-09, 1.0906181513448132e-09, 7.036926041870117e-10, 1.2964533613324392e-10, 1.3076795202238145e-10, 1.2707197794004088e-10, 8.782125721085166e-11, 7.274903596199422e-11, 8.937744988557483e-11, 9.129026007359542e-11, 1.6321709261912787e-10, 1.3251651165280265e-10, 9.172903409071509e-11, 1.056651710573675e-10, 6.629122251133879e-11, 8.222354741516114e-11, 2.0198166750251545e-10, 2.3708132679267635e-10, 2.389590469942249e-10, 2.7634958210676075e-10, 2.2137922051079784e-10, 1.7362182525015868e-10, 2.2192886417471414e-10, 2.476354954428217e-10, 2.0093404717869134e-10, 2.0496271346814865e-10, 1.977845526246469e-10, 1.7778756244979377e-10, 1.1257571264078337e-10, 6.18040479904991e-11, 6.837094085332396e-11, 6.200177871118484e-11, 5.381103895807371e-11, 5.072402220474004e-11, 1.2175668459568634e-11, 5.111623364167928e-12, 4.842608952726479e-12, 4.7587498178125465e-12, 4.6971836142883916e-12, 4.579750641220404e-12, 4.4120679332237955e-12, 4.290318534466708e-12, 4.14854565630729e-12, 4.08606742191564e-12, 4.063784898866718e-12], "lowlevel.mfcc.mean": [-966.239501953125, 278.53265380859375, 35.96309280395508, -58.41754150390625, -32.962890625, -20.909788131713867, -36.07218933105469, -34.07007598876953, -18.421335220336914, -10.332625389099121, -8.524527549743652, -6.596688747406006, -4.9735002517700195], "lowlevel.spectral_contrast_coeffs.mean": [-0.5464025139808655, -0.5865194797515869, -0.6793258190155029, -0.7478554844856262, -0.8663346171379089, -0.8904038667678833], "lowlevel.spectral_contrast_coeffs.stdev": [0.0864265188574791, 0.08504625409841537, 0.0783553197979927, 0.0461122989654541, 0.029573118314146996, 0.02496335469186306], "lowlevel.spectral_contrast_valleys.mean": [-9.523435592651367, -7.539972305297852, -9.600780487060547, -11.198848724365234, -12.68796157836914, -14.353337287902832], "lowlevel.spectral_contrast_valleys.stdev": [0.9265775680541992, 0.992003321647644, 0.8145107626914978, 0.6695006489753723, 0.3221381604671478, 0.5433095097541809], "rhythm.beats_loudness_band_ratio.mean": [0.026605281978845596, 0.2938273251056671, 0.7265708446502686, 0.04480792209506035, 0.0002611094096209854, 5.322388005879475e-06], "rhythm.beats_loudness_band_ratio.stdev": [0.033463139086961746, 0.23709994554519653, 0.27499502897262573, 0.16844992339611053, 0.00026860082289204, 7.931156687845942e-06], "tonal.hpcp.mean": [0.2521106004714966, 0.1054714024066925, 0.0008796631009317935, 0.0014046112773939967, 0.0014431665185838938, 0.1866060346364975, 0.36497199535369873, 0.1793394386768341, 0.0006812979700043797, 0.0003022490709554404, 0.0004948023124597967, 0.018028169870376587, 0.03252999484539032, 0.01517025101929903, 0.07841265946626663, 0.13493295013904572, 0.05696139112114906, 0.0008073481731116772, 0.001806602580472827, 0.0018967479700222611, 0.14749522507190704, 0.24389870464801788, 0.0974360853433609, 0.00048012749175541103, 0.00039869672036729753, 0.0014080310938879848, 0.06660808622837067, 0.11989159137010574, 0.05489378795027733, 0.0006388977053575218, 0.00034778538974933326, 0.0003406789037398994, 0.22996921837329865, 0.40796563029289246, 0.17957603931427002, 0.148434579372406], "tonal.hpcp.stdev": [0.4046807289123535, 0.17418275773525238, 0.008821171708405018, 0.02582019381225109, 0.034146394580602646, 0.19835317134857178, 0.3864319622516632, 0.19168035686016083, 0.012393094599246979, 0.002227421384304762, 0.006368027999997139, 0.08295097947120667, 0.15297381579875946, 0.07274071127176285, 0.1827596127986908, 0.3123227059841156, 0.1360119879245758, 0.0019011384574696422, 0.0030898749828338623, 0.006001689005643129, 0.1792311817407608, 0.30553457140922546, 0.13204579055309296, 0.006290934048593044, 0.004164023790508509, 0.0337703637778759, 0.15449950098991394, 0.28041842579841614, 0.13510645925998688, 0.004514806438237429, 0.0015983575722202659, 0.002737164730206132, 0.26118823885917664, 0.4589187502861023, 0.20651912689208984, 0.23890019953250885], "rhythm.beats_position": [0.4760090708732605, 0.9636281132698059, 1.4628571271896362, 1.9620860815048218, 2.449705123901367, 2.9489340782165527, 3.4365532398223877, 3.9241721630096436, 4.4117913246154785, 4.899410247802734, 5.38702917098999, 5.8978681564331055, 6.408707141876221, 6.9079365730285645, 7.41877555847168, 7.918004512786865, 8.41723346710205, 8.893242835998535, 9.346031188964844, 9.798820495605469, 10.263219833374023, 10.739229202270508, 11.215237617492676, 11.69124698638916, 12.167256355285645, 12.643264770507812, 13.119274139404297, 13.595283508300781, 14.07129192352295, 14.547301292419434, 15.011700630187988, 15.487709045410156, 15.96371841430664, 16.439727783203125, 16.91573715209961, 17.391746520996094, 17.844533920288086, 18.29732322692871, 18.761722564697266, 19.22612190246582, 19.690521240234375, 20.15492057800293, 20.630929946899414, 21.09532928466797, 21.55972671508789, 22.035736083984375, 22.50013542175293, 22.964534759521484, 23.42893409729004, 23.893333435058594, 24.35773277282715, 24.82213020324707, 25.286529541015625, 25.75092887878418, 26.215328216552734, 26.67972755432129, 27.144126892089844, 27.6085262298584, 28.072925567626953, 28.537322998046875, 29.00172233581543, 29.466121673583984, 29.93052101135254, 30.394920349121094, 30.85931968688965, 31.335329055786133, 31.811336517333984, 32.28734588623047, 32.76335525512695, 33.250972747802734, 33.72698211669922, 34.2029914855957, 34.66739273071289, 35.13179016113281, 35.6077995300293, 36.08380889892578, 36.559818267822266, 37.03582763671875, 37.511837005615234, 37.98784637451172, 38.4638557434082, 38.951473236083984, 39.45070266723633], "rhythm.bpm_histogram": [0.0, 0.0, 0.0, 0.0, 0.0, 0.0, 0.0, 0.0, 0.0, 0.0, 0.0, 0.0, 0.0, 0.0, 0.0, 0.0, 0.0, 0.0, 0.0, 0.0, 0.0, 0.0, 0.0, 0.0, 0.0, 0.0, 0.0, 0.0, 0.0, 0.0, 0.0, 0.0, 0.0, 0.0, 0.0, 0.0, 0.0, 0.0, 0.0, 0.0, 0.0, 0.0, 0.0, 0.0, 0.0, 0.0, 0.0, 0.0, 0.0, 0.0, 0.0, 0.0, 0.0, 0.0, 0.0, 0.0, 0.0, 0.0, 0.0, 0.0, 0.0, 0.0, 0.0, 0.0, 0.0, 0.0, 0.0, 0.0, 0.0, 0.0, 0.0, 0.0, 0.0, 0.0, 0.0, 0.0, 0.0, 0.0, 0.0, 0.0, 0.0, 0.0, 0.0, 0.0, 0.0, 0.0, 0.0, 0.0, 0.0, 0.0, 0.0, 0.0, 0.0, 0.0, 0.0, 0.0, 0.0, 0.0, 0.0, 0.0, 0.0, 0.0, 0.0, 0.0, 0.0, 0.0, 0.0, 0.0, 0.0, 0.0, 0.0, 0.0, 0.0, 0.0, 0.0, 0.0, 0.0, 0.03658536449074745, 0.0, 0.0, 0.08536585420370102, 0.0, 0.0, 0.10975609719753265, 0.0, 0.0, 0.3658536672592163, 0.0, 0.0, 0.353658527135849, 0.0, 0.0, 0.0, 0.04878048598766327, 0.0, 0.0, 0.0, 0.0, 0.0, 0.0, 0.0, 0.0, 0.0, 0.0, 0.0, 0.0, 0.0, 0.0, 0.0, 0.0, 0.0, 0.0, 0.0, 0.0, 0.0, 0.0, 0.0, 0.0, 0.0, 0.0, 0.0, 0.0, 0.0, 0.0, 0.0, 0.0, 0.0, 0.0, 0.0, 0.0, 0.0, 0.0, 0.0, 0.0, 0.0, 0.0, 0.0, 0.0, 0.0, 0.0, 0.0, 0.0, 0.0, 0.0, 0.0, 0.0, 0.0, 0.0, 0.0, 0.0, 0.0, 0.0, 0.0, 0.0, 0.0, 0.0, 0.0, 0.0, 0.0, 0.0, 0.0, 0.0, 0.0, 0.0, 0.0, 0.0, 0.0, 0.0, 0.0, 0.0, 0.0, 0.0, 0.0, 0.0, 0.0, 0.0, 0.0, 0.0, 0.0, 0.0, 0.0, 0.0, 0.0, 0.0, 0.0, 0.0, 0.0, 0.0, 0.0, 0.0, 0.0, 0.0, 0.0, 0.0, 0.0, 0.0, 0.0, 0.0, 0.0, 0.0, 0.0, 0.0, 0.0, 0.0, 0.0, 0.0, 0.0, 0.0, 0.0, 0.0], "tonal.chords_histogram": [19.09722137451172, 0.46296295523643494, 52.77777862548828, 0.0, 1.1574074029922485, 0.0, 0.0, 0.0, 0.0, 0.0, 0.0, 0.0, 0.0, 0.0, 0.0, 0.0, 0.0, 0.46296295523643494, 0.0, 1.6203703880310059, 0.0, 5.439815044403076, 18.518518447875977, 0.46296295523643494], "tonal.thpcp": [1.0, 0.4401744306087494, 0.36384090781211853, 0.6179701685905457, 0.2585301101207733, 0.002156218746677041, 0.0034429647494107485, 0.003537470940500498, 0.45740625262260437, 0.894614577293396, 0.43959447741508484, 0.0016699886182323098, 0.0007408689707517624, 0.0012128528906032443, 0.044190414249897, 0.0797370970249176, 0.037185121327638626, 0.192204087972641, 0.3307458758354187, 0.1396230161190033, 0.0019789612852036953, 0.004428320564329624, 0.004649283830076456, 0.3615383505821228, 0.5978413224220276, 0.23883405327796936, 0.001176882185973227, 0.000977280200459063, 0.0034513473510742188, 0.16326886415481567, 0.2938767075538635, 0.1345549374818802, 0.0015660576755180955, 0.000852486991789192, 0.0008350676507689059, 0.5636975169181824], "lowlevel.gfcc.cov": [[2453.81591796875, 1061.1534423828125, -228.3487548828125, -328.32354736328125, 337.6793518066406, -108.24797058105469, 217.30429077148438, -62.85589599609375, 202.06558227539062, -238.76138305664062, 12.736589431762695, -167.36349487304688, 83.8313217163086], [1061.1534423828125, 660.303955078125, 74.08173370361328, -106.90006256103516, 154.96246337890625, -58.38715744018555, 44.162803649902344, -119.13167572021484, 62.58794403076172, -111.22151184082031, -14.117987632751465, -98.3198471069336, 12.978340148925781], [-228.3487548828125, 74.08173370361328, 392.3973083496094, 173.34494018554688, -87.94170379638672, -27.243188858032227, -118.58490753173828, -121.09368133544922, -51.14461898803711, 62.765682220458984, 3.659297466278076, -15.397659301757812, -72.8414306640625], [-328.32354736328125, -106.90006256103516, 173.34494018554688, 229.2566375732422, -21.573598861694336, 21.815500259399414, -83.69122314453125, -54.166378021240234, -73.62248229980469, 33.982818603515625, 4.4138383865356445, 31.064964294433594, -31.73062515258789], [337.6793518066406, 154.96246337890625, -87.94170379638672, -21.573598861694336, 151.58981323242188, 24.22529411315918, 42.78886795043945, 3.111130714416504, 24.439315795898438, -52.04181671142578, -3.7153985500335693, -7.504441738128662, 23.376182556152344], [-108.24797058105469, -58.38715744018555, -27.243188858032227, 21.815500259399414, 24.22529411315918, 97.01945495605469, 37.95643615722656, 26.57346534729004, -28.353731155395508, -13.219413757324219, -22.490026473999023, 2.503911256790161, -3.185741662979126], [217.30429077148438, 44.162803649902344, -118.58490753173828, -83.69122314453125, 42.78886795043945, 37.95643615722656, 147.4281463623047, 87.38821411132812, 34.8814697265625, -46.490135192871094, -10.62071704864502, -33.960205078125, -5.894749641418457], [-62.85589599609375, -119.13167572021484, -121.09368133544922, -54.166378021240234, 3.111130714416504, 26.57346534729004, 87.38821411132812, 137.46214294433594, 54.1817512512207, 7.780675888061523, -7.600187301635742, -16.553386688232422, -15.00069522857666], [202.06558227539062, 62.58794403076172, -51.14461898803711, -73.62248229980469, 24.439315795898438, -28.353731155395508, 34.8814697265625, 54.1817512512207, 132.47879028320312, 43.93289566040039, 28.498971939086914, -36.09634017944336, -23.139455795288086], [-238.76138305664062, -111.22151184082031, 62.765682220458984, 33.982818603515625, -52.04181671142578, -13.219413757324219, -46.490135192871094, 7.780675888061523, 43.93289566040039, 110.02973175048828, 47.870880126953125, 11.794445037841797, -38.68746566772461], [12.736589431762695, -14.117987632751465, 3.659297466278076, 4.4138383865356445, -3.7153985500335693, -22.490026473999023, -10.62071704864502, -7.600187301635742, 28.498971939086914, 47.870880126953125, 83.33512115478516, 37.18000030517578, -2.1815555095672607], [-167.36349487304688, -98.3198471069336, -15.397659301757812, 31.064964294433594, -7.504441738128662, 2.503911256790161, -33.960205078125, -16.553386688232422, -36.09634017944336, 11.794445037841797, 37.18000030517578, 94.26051330566406, 46.09025955200195], [83.8313217163086, 12.978340148925781, -72.8414306640625, -31.73062515258789, 23.376182556152344, -3.185741662979126, -5.894749641418457, -15.00069522857666, -23.139455795288086, -38.68746566772461, -2.1815555095672607, 46.09025955200195, 90.87123107910156]], "lowlevel.gfcc.icov": [[0.002928905887529254, -0.004194002132862806, 0.0020057926885783672, -0.001032729516737163, 0.00019420619355514646, 0.0010035408195108175, -0.0011296607553958893, 6.89785010763444e-05, -0.0017206213669851422, 0.002077748766168952, -0.0025503910146653652, 0.0019180808449164033, -0.0015201113419607282], [-0.004194002132862806, 0.016501259058713913, -0.009488563053309917, 0.0065359133295714855, -0.008723304606974125, 0.0010762395104393363, -0.002292682183906436, 0.00968061201274395, -0.003934359643608332, 0.006333715282380581, -0.00021273118909448385, 0.004268787335604429, -0.0005558628472499549], [0.0020057926885783672, -0.009488563053309917, 0.013235630467534065, -0.008120650425553322, 0.0085505535826087, -0.00011056590301450342, 0.0007714544190093875, 0.0005087453173473477, 0.0016699214465916157, -0.005928961560130119, 0.0022698594257235527, -0.0020052872132509947, 0.004181901924312115], [-0.001032729516737163, 0.0065359133295714855, -0.008120650425553322, 0.013622064143419266, -0.007874987088143826, -0.0010583145776763558, 0.0029414845630526543, 0.0007184050045907497, 0.00314301997423172, 0.0024127073120325804, -0.0018381914123892784, 0.000310680567054078, 0.002190329134464264], [0.00019420619355514646, -0.008723304606974125, 0.0085505535826087, -0.007874987088143826, 0.01979350857436657, -0.0065193031914532185, 0.002690932946279645, -0.0030785645358264446, -0.0033977509010583162, 0.001521686208434403, 0.00035906193079426885, -0.005158460233360529, 0.001924616051837802], [0.0010035408195108175, 0.0010762395104393363, -0.00011056590301450342, -0.0010583145776763558, -0.0065193031914532185, 0.018866002559661865, -0.00908641330897808, 0.0018464651657268405, 0.004714563488960266, -0.005549801513552666, 0.005575303919613361, -0.00024367956211790442, -0.00038865095120854676], [-0.0011296607553958893, -0.002292682183906436, 0.0007714544190093875, 0.0029414845630526543, 0.002690932946279645, -0.00908641330897808, 0.02528899535536766, -0.016127748414874077, 0.00202773860655725, 0.010041801258921623, -0.008240986615419388, 0.0020451426971703768, 0.0045388685539364815], [6.89785010763444e-05, 0.00968061201274395, 0.0005087453173473477, 0.0007184050045907497, -0.0030785645358264446, 0.0018464651657268405, -0.016127748414874077, 0.032142750918865204, -0.013375169597566128, 0.002433201065286994, 0.005411500111222267, 0.0013618210796266794, 0.001398169551976025], [-0.0017206213669851422, -0.003934359643608332, 0.0016699214465916157, 0.00314301997423172, -0.0033977509010583162, 0.004714563488960266, 0.00202773860655725, -0.013375169597566128, 0.028908362612128258, -0.020659107714891434, -0.00011715270375134423, 0.0036345680709928274, 0.0002678115270100534], [0.002077748766168952, 0.006333715282380581, -0.005928961560130119, 0.0024127073120325804, 0.001521686208434403, -0.005549801513552666, 0.010041801258921623, 0.002433201065286994, -0.020659107714891434, 0.0446368046104908, -0.01968643069267273, 0.004905125126242638, 0.004518064670264721], [-0.0025503910146653652, -0.00021273118909448385, 0.0022698594257235527, -0.0018381914123892784, 0.00035906193079426885, 0.005575303919613361, -0.008240986615419388, 0.005411500111222267, -0.00011715270375134423, -0.01968643069267273, 0.03377474471926689, -0.02003496140241623, 0.0065841651521623135], [0.0019180808449164033, 0.004268787335604429, -0.0020052872132509947, 0.000310680567054078, -0.005158460233360529, -0.00024367956211790442, 0.0020451426971703768, 0.0013618210796266794, 0.0036345680709928274, 0.004905125126242638, -0.02003496140241623, 0.03607464209198952, -0.01796654984354973], [-0.0015201113419607282, -0.0005558628472499549, 0.004181901924312115, 0.002190329134464264, 0.001924616051837802, -0.00038865095120854676, 0.0045388685539364815, 0.001398169551976025, 0.0002678115270100534, 0.004518064670264721, 0.0065841651521623135, -0.01796654984354973, 0.02788231335580349]], "lowlevel.mfcc.cov": [[1881.7198486328125, 1259.6375732421875, -366.8309020996094, -249.3703155517578, 136.8851318359375, -11.500954627990723, -50.34406280517578, 137.66134643554688, 126.21879577636719, 16.108009338378906, 32.51657485961914, -4.358885765075684, -107.62730407714844], [1259.6375732421875, 988.950927734375, -91.06277465820312, -153.33912658691406, 91.75870513916016, 21.0750789642334, -58.36885070800781, 38.344581604003906, 57.616275787353516, -15.036383628845215, -17.713945388793945, -0.7926715612411499, -41.7982063293457], [-366.8309020996094, -91.06277465820312, 337.31268310546875, 150.40235900878906, -14.912574768066406, 42.222816467285156, -9.769353866577148, -103.1843490600586, -71.53030395507812, -47.30472946166992, -62.13622283935547, 6.913875102996826, 82.70518493652344], [-249.3703155517578, -153.33912658691406, 150.40235900878906, 160.930419921875, 44.6590461730957, 22.350099563598633, 9.606019020080566, -34.93680191040039, -43.488529205322266, -30.560352325439453, -19.72113037109375, 8.227522850036621, 47.644710540771484], [136.8851318359375, 91.75870513916016, -14.912574768066406, 44.6590461730957, 109.00495147705078, 52.85228729248047, -5.599140167236328, -0.45079949498176575, -1.572434902191162, -20.516963958740234, -13.658197402954102, 10.641711235046387, 19.42704963684082], [-11.500954627990723, 21.0750789642334, 42.222816467285156, 22.350099563598633, 52.85228729248047, 80.85100555419922, 30.237709045410156, -16.01996421813965, -13.766977310180664, -20.3625431060791, -31.973495483398438, -7.162619113922119, 25.872276306152344], [-50.34406280517578, -58.36885070800781, -9.769353866577148, 9.606019020080566, -5.599140167236328, 30.237709045410156, 86.46109771728516, 62.108062744140625, 7.662444114685059, 1.3234915733337402, -0.382279634475708, -23.726831436157227, -17.108102798461914], [137.66134643554688, 38.344581604003906, -103.1843490600586, -34.93680191040039, -0.45079949498176575, -16.01996421813965, 62.108062744140625, 120.45796203613281, 69.39045715332031, 24.8715763092041, 19.52781867980957, -9.614792823791504, -30.06117057800293], [126.21879577636719, 57.616275787353516, -71.53030395507812, -43.488529205322266, -1.572434902191162, -13.766977310180664, 7.662444114685059, 69.39045715332031, 90.08889770507812, 54.80350875854492, 20.514205932617188, 6.862654685974121, -1.577567458152771], [16.108009338378906, -15.036383628845215, -47.30472946166992, -30.560352325439453, -20.516963958740234, -20.3625431060791, 1.3234915733337402, 24.8715763092041, 54.80350875854492, 93.26526641845703, 86.95531463623047, 32.2346076965332, -19.010910034179688], [32.51657485961914, -17.713945388793945, -62.13622283935547, -19.72113037109375, -13.658197402954102, -31.973495483398438, -0.382279634475708, 19.52781867980957, 20.514205932617188, 86.95531463623047, 157.76922607421875, 107.12252807617188, -5.5209150314331055], [-4.358885765075684, -0.7926715612411499, 6.913875102996826, 8.227522850036621, 10.641711235046387, -7.162619113922119, -23.726831436157227, -9.614792823791504, 6.862654685974121, 32.2346076965332, 107.12252807617188, 163.82949829101562, 100.82022094726562], [-107.62730407714844, -41.7982063293457, 82.70518493652344, 47.644710540771484, 19.42704963684082, 25.872276306152344, -17.108102798461914, -30.06117057800293, -1.577567458152771, -19.010910034179688, -5.5209150314331055, 100.82022094726562, 164.2198486328125]], "lowlevel.mfcc.icov": [[0.026634449139237404, -0.036746978759765625, 0.03354352340102196, -0.026171457022428513, 0.008808347396552563, 0.00989192072302103, -0.026483165100216866, 0.033474188297986984, -0.03230089694261551, 0.020849142223596573, -0.009665100835263729, 0.0018632609862834215, 0.00020511449838522822], [-0.036746978759765625, 0.053478579968214035, -0.05201667547225952, 0.0474659763276577, -0.02683584950864315, 0.0007990848389454186, 0.023125674575567245, -0.03326429799199104, 0.03134266287088394, -0.017284777015447617, 0.005472568329423666, 0.0014402912929654121, -0.0010774268303066492], [0.03354352340102196, -0.05201667547225952, 0.07109487801790237, -0.0819888561964035, 0.0791083574295044, -0.06710735708475113, 0.04666993394494057, -0.03034157305955887, 0.024865057319402695, -0.025365343317389488, 0.024871647357940674, -0.017375526949763298, 0.006054392550140619], [-0.026171457022428513, 0.0474659763276577, -0.0819888561964035, 0.13140928745269775, -0.1602683812379837, 0.17900514602661133, -0.17861171066761017, 0.15893392264842987, -0.12310129404067993, 0.09222647547721863, -0.0604226291179657, 0.0328248105943203, -0.013350430876016617], [0.008808347396552563, -0.02683584950864315, 0.0791083574295044, -0.1602683812379837, 0.26248839497566223, -0.3376844525337219, 0.37339547276496887, -0.3542419970035553, 0.27586281299591064, -0.1813630610704422, 0.09665360301733017, -0.039538368582725525, 0.010980679653584957], [0.00989192072302103, 0.0007990848389454186, -0.06710735708475113, 0.17900514602661133, -0.3376844525337219, 0.4996638894081116, -0.5819892883300781, 0.5689578056335449, -0.4454933702945709, 0.28450608253479004, -0.13389833271503448, 0.042572297155857086, -0.008685747161507607], [-0.026483165100216866, 0.023125674575567245, 0.04666993394494057, -0.17861171066761017, 0.37339547276496887, -0.5819892883300781, 0.7395846843719482, -0.7423454523086548, 0.5955120921134949, -0.38212352991104126, 0.17529121041297913, -0.04411206766963005, -1.8325790733797476e-05], [0.033474188297986984, -0.03326429799199104, -0.03034157305955887, 0.15893392264842987, -0.3542419970035553, 0.5689578056335449, -0.7423454523086548, 0.7857580184936523, -0.6569383144378662, 0.4393574893474579, -0.21779556572437286, 0.06464044004678726, -0.0010446461383253336], [-0.03230089694261551, 0.03134266287088394, 0.024865057319402695, -0.12310129404067993, 0.27586281299591064, -0.4454933702945709, 0.5955120921134949, -0.6569383144378662, 0.6076865196228027, -0.44028061628341675, 0.24449138343334198, -0.08790423721075058, 0.006391504313796759], [0.020849142223596573, -0.017284777015447617, -0.025365343317389488, 0.09222647547721863, -0.1813630610704422, 0.28450608253479004, -0.38212352991104126, 0.4393574893474579, -0.44028061628341675, 0.3733043968677521, -0.24076248705387115, 0.10811696201562881, -0.022953344509005547], [-0.009665100835263729, 0.005472568329423666, 0.024871647357940674, -0.0604226291179657, 0.09665360301733017, -0.13389833271503448, 0.17529121041297913, -0.21779556572437286, 0.24449138343334198, -0.24076248705387115, 0.20540958642959595, -0.12244486808776855, 0.044672708958387375], [0.0018632609862834215, 0.0014402912929654121, -0.017375526949763298, 0.0328248105943203, -0.039538368582725525, 0.042572297155857086, -0.04411206766963005, 0.06464044004678726, -0.08790423721075058, 0.10811696201562881, -0.12244486808776855, 0.09835643321275711, -0.04680662229657173], [0.00020511449838522822, -0.0010774268303066492, 0.006054392550140619, -0.013350430876016617, 0.010980679653584957, -0.008685747161507607, -1.8325790733797476e-05, -0.0010446461383253336, 0.006391504313796759, -0.022953344509005547, 0.044672708958387375, -0.04680662229657173, 0.0342923067510128]], "metadata.audio_properties.analysis.downmix": "mix", "metadata.audio_properties.codec": "mp3", "metadata.audio_properties.md5_encoded": "5486bd9325d920b465e01d2844210d75", "metadata.tags.file_name": "1182279110882504724.mp3", "metadata.version.essentia": "2.1-beta6-dev", "metadata.version.essentia_git_sha": "v2.1_beta5-1110-g77a6a954", "metadata.version.extractor": "music 2.0", "tonal.chords_key": "E", "tonal.chords_scale": "major", "tonal.key_edma.key": "A", "tonal.key_edma.scale": "major", "tonal.key_krumhansl.key": "A", "tonal.key_krumhansl.scale": "major"