{"song_id": "1182268259630858250", "download": "https://cdn.discordapp.com/attachments/1135903449314238464/1182268259630858250/chirp.mp4?ex=6584141e&amp", "lyrics": "gululu gululu, let's go brush our teeth\n\nBrush your teeth up and down\n\nClean along gaps with care\nCavities go buzz buzz away\n\nTooth by tooth ding ding hooray\n\nChorus:\nHappily sing tra la la\nBrush diligently everyday\nFight tooth decay\nSmile bright, hip hip hooray\n\nVerse 2:\nCircle round those whites\n\nShoo away tiny bugs\n\nTooth by tooth make bright\nRinse and gargle after right\n\nChorus:\n\nHappily sing tra la la\nBrush diligently everyday\nFight tooth decay\nSmile bright, hip hip hooray", "style": ["happy song for kids"], "essentia_features": {"lowlevel.average_loudness": 0.9697558879852295, "lowlevel.barkbands_crest.mean": 14.979363441467285, "lowlevel.barkbands_crest.stdev": 5.240999221801758, "lowlevel.barkbands_flatness_db.mean": 0.16995693743228912, "lowlevel.barkbands_flatness_db.stdev": 0.06420425325632095, "lowlevel.barkbands_kurtosis.mean": 13.451468467712402, "lowlevel.barkbands_kurtosis.stdev": 19.21473503112793, "lowlevel.barkbands_skewness.mean": 2.7346224784851074, "lowlevel.barkbands_skewness.stdev": 1.924060583114624, "lowlevel.barkbands_spread.mean": 16.50798225402832, "lowlevel.barkbands_spread.stdev": 11.895264625549316, "lowlevel.dissonance.mean": 0.4427838921546936, "lowlevel.dissonance.stdev": 0.03708994388580322, "lowlevel.dynamic_complexity": 2.266481637954712, "lowlevel.erbbands_crest.mean": 9.877251625061035, "lowlevel.erbbands_crest.stdev": 5.10589599609375, "lowlevel.erbbands_flatness_db.mean": 0.13942185044288635, "lowlevel.erbbands_flatness_db.stdev": 0.05388627573847771, "lowlevel.erbbands_kurtosis.mean": 1.2658872604370117, "lowlevel.erbbands_kurtosis.stdev": 3.551685094833374, "lowlevel.erbbands_skewness.mean": 0.6514767408370972, "lowlevel.erbbands_skewness.stdev": 0.7491986751556396, "lowlevel.erbbands_spread.mean": 45.08209228515625, "lowlevel.erbbands_spread.stdev": 24.522193908691406, "lowlevel.hfc.mean": 25.815216064453125, "lowlevel.hfc.stdev": 21.06742286682129, "lowlevel.loudness_ebu128.integrated": -13.309256553649902, "lowlevel.loudness_ebu128.loudness_range": 1.880906105041504, "lowlevel.loudness_ebu128.momentary.mean": -13.47907829284668, "lowlevel.loudness_ebu128.momentary.stdev": 1.242830753326416, "lowlevel.loudness_ebu128.short_term.mean": -13.364409446716309, "lowlevel.loudness_ebu128.short_term.stdev": 0.6518972516059875, "lowlevel.melbands_crest.mean": 17.90576171875, "lowlevel.melbands_crest.stdev": 4.973033428192139, "lowlevel.melbands_flatness_db.mean": 0.24812807142734528, "lowlevel.melbands_flatness_db.stdev": 0.07717650383710861, "lowlevel.melbands_kurtosis.mean": 35.091941833496094, "lowlevel.melbands_kurtosis.stdev": 44.43090057373047, "lowlevel.melbands_skewness.mean": 4.073413848876953, "lowlevel.melbands_skewness.stdev": 2.671552896499634, "lowlevel.melbands_spread.mean": 14.726984024047852, "lowlevel.melbands_spread.stdev": 17.14185905456543, "lowlevel.pitch_salience.mean": 0.40551847219467163, "lowlevel.pitch_salience.stdev": 0.1482415646314621, "lowlevel.silence_rate_20dB.mean": 1.0, "lowlevel.silence_rate_20dB.stdev": 0.0, "lowlevel.silence_rate_30dB.mean": 0.852821409702301, "lowlevel.silence_rate_30dB.stdev": 0.35428518056869507, "lowlevel.silence_rate_60dB.mean": 0.03374054655432701, "lowlevel.silence_rate_60dB.stdev": 0.18055813014507294, "lowlevel.spectral_centroid.mean": 1086.580078125, "lowlevel.spectral_centroid.stdev": 568.4346923828125, "lowlevel.spectral_complexity.mean": 16.14310646057129, "lowlevel.spectral_complexity.stdev": 8.598567008972168, "lowlevel.spectral_decrease.mean": -1.624395906674181e-08, "lowlevel.spectral_decrease.stdev": 1.1643546571349361e-08, "lowlevel.spectral_energy.mean": 0.0636499896645546, "lowlevel.spectral_energy.stdev": 0.045073848217725754, "lowlevel.spectral_energyband_high.mean": 0.001195563469082117, "lowlevel.spectral_energyband_high.stdev": 0.0013892981223762035, "lowlevel.spectral_energyband_low.mean": 0.04590526968240738, "lowlevel.spectral_energyband_low.stdev": 0.04030739888548851, "lowlevel.spectral_energyband_middle_high.mean": 0.006600667256861925, "lowlevel.spectral_energyband_middle_high.stdev": 0.011096138507127762, "lowlevel.spectral_energyband_middle_low.mean": 0.011302796192467213, "lowlevel.spectral_energyband_middle_low.stdev": 0.01025055069476366, "lowlevel.spectral_entropy.mean": 7.565418243408203, "lowlevel.spectral_entropy.stdev": 0.47258540987968445, "lowlevel.spectral_flux.mean": 0.10166305303573608, "lowlevel.spectral_flux.stdev": 0.08060212433338165, "lowlevel.spectral_kurtosis.mean": 3.4684457778930664, "lowlevel.spectral_kurtosis.stdev": 2.979607582092285, "lowlevel.spectral_rms.mean": 0.007222756277769804, "lowlevel.spectral_rms.stdev": 0.003151067765429616, "lowlevel.spectral_rolloff.mean": 823.924072265625, "lowlevel.spectral_rolloff.stdev": 1245.9620361328125, "lowlevel.spectral_skewness.mean": 1.4778286218643188, "lowlevel.spectral_skewness.stdev": 0.4811929166316986, "lowlevel.spectral_spread.mean": 5635692.5, "lowlevel.spectral_spread.stdev": 1724367.0, "lowlevel.spectral_strongpeak.mean": 0.9979900121688843, "lowlevel.spectral_strongpeak.stdev": 1.3856935501098633, "lowlevel.zerocrossingrate.mean": 0.04754791408777237, "lowlevel.zerocrossingrate.stdev": 0.03618669509887695, "metadata.audio_properties.analysis.equal_loudness": 0.0, "metadata.audio_properties.analysis.length": 39.87199401855469, "metadata.audio_properties.analysis.sample_rate": 44100.0, "metadata.audio_properties.analysis.start_time": 0.0, "metadata.audio_properties.bit_rate": 122227.0, "metadata.audio_properties.length": 39.87200164794922, "metadata.audio_properties.lossless": 0.0, "metadata.audio_properties.number_channels": 1.0, "metadata.audio_properties.replay_gain": -11.485208511352539, "metadata.audio_properties.sample_rate": 48000.0, "rhythm.beats_count": 64.0, "rhythm.beats_loudness.mean": 0.09770545363426208, "rhythm.beats_loudness.stdev": 0.017336135730147362, "rhythm.bpm": 96.96756744384766, "rhythm.bpm_histogram_first_peak_bpm": 98.0, "rhythm.bpm_histogram_first_peak_weight": 0.3492063879966736, "rhythm.bpm_histogram_second_peak_bpm": 0.0, "rhythm.bpm_histogram_second_peak_spread": 0.0, "rhythm.bpm_histogram_second_peak_weight": 0.0, "rhythm.danceability": 1.7714213132858276, "rhythm.onset_rate": 4.286586284637451, "tonal.chords_changes_rate": 0.06860464811325073, "tonal.chords_number_rate": 0.010465116240084171, "tonal.chords_strength.mean": 0.47275882959365845, "tonal.chords_strength.stdev": 0.09352570027112961, "tonal.hpcp_crest.mean": 16.2105770111084, "tonal.hpcp_crest.stdev": 7.136310577392578, "tonal.hpcp_entropy.mean": 1.6258193254470825, "tonal.hpcp_entropy.stdev": 0.6277022957801819, "tonal.key_edma.strength": 0.7597953677177429, "tonal.key_krumhansl.strength": 0.7701542377471924, "tonal.key_temperley.strength": 0.7793266177177429, "tonal.tuning_diatonic_strength": 0.5610516667366028, "tonal.tuning_equal_tempered_deviation": 0.023807726800441742, "tonal.tuning_frequency": 441.5275573730469, "tonal.tuning_nontempered_energy_ratio": 0.6124892234802246, "lowlevel.barkbands.mean": [0.0005848817527294159, 0.03580339998006821, 0.0085542481392622, 0.001489247428253293, 0.0011233520926907659, 0.0020942206028848886, 0.002353507559746504, 0.001188431167975068, 0.002146695274859667, 0.0019626107532531023, 0.0012620508205145597, 0.0016971031436696649, 0.0008150885696522892, 0.00026999088004231453, 0.000304798420984298, 0.0002139979915227741, 0.00018707620620261878, 0.0001400985784130171, 0.0001780729362508282, 0.00019190074817743152, 0.00025191131862811744, 0.00023463150137104094, 0.00019523223454598337, 0.00017671991372480989, 0.0001372889382764697, 8.866236021276563e-05, 4.822690243599936e-06], "lowlevel.barkbands.stdev": [0.001048309844918549, 0.03206329420208931, 0.013524096459150314, 0.002936272881925106, 0.0015491663943976164, 0.002252139849588275, 0.003290780819952488, 0.0024145592469722033, 0.004864709917455912, 0.006379488855600357, 0.006621966604143381, 0.005429030396044254, 0.0011886213906109333, 0.0009989443933591247, 0.0006151761626824737, 0.0003394619270693511, 0.00030191201949492097, 0.00019447633530944586, 0.00023631213116459548, 0.0003481348685454577, 0.0003344780416227877, 0.00029424560489133, 0.00026452733436599374, 0.00022401727619580925, 0.00018329668091610074, 0.0001239526754943654, 8.659526429255493e-06], "lowlevel.erbbands.mean": [0.7790182828903198, 8.701029777526855, 12.853802680969238, 7.228783130645752, 2.81494140625, 3.2810416221618652, 13.195924758911133, 16.911550521850586, 31.93552017211914, 27.652664184570312, 32.06825256347656, 42.16588592529297, 73.17139434814453, 54.78422164916992, 66.23474884033203, 59.566131591796875, 41.58863830566406, 17.92532730102539, 13.704774856567383, 13.838447570800781, 12.837583541870117, 9.237567901611328, 7.190114498138428, 10.38450813293457, 8.177793502807617, 9.293379783630371, 10.071187019348145, 9.452532768249512, 8.595733642578125, 7.651918888092041, 4.785469055175781, 3.412640333175659, 3.1683847904205322, 1.8158406019210815, 0.7639734745025635, 0.31262776255607605, 0.17946848273277283, 0.036488790065050125, 0.0007335106492973864, 9.434745879843831e-05], "lowlevel.erbbands.stdev": [0.8187441229820251, 8.215920448303223, 15.65388298034668, 12.532210350036621, 5.2138800621032715, 4.886501312255859, 16.77444839477539, 21.540868759155273, 45.91684341430664, 44.313026428222656, 62.49591827392578, 95.98392486572266, 236.7063446044922, 142.94349670410156, 240.56631469726562, 163.28587341308594, 58.446102142333984, 52.191978454589844, 27.65750503540039, 27.168371200561523, 19.51848793029785, 13.731542587280273, 9.641900062561035, 14.207651138305664, 11.111404418945312, 16.82394790649414, 14.576616287231445, 12.562405586242676, 10.762782096862793, 10.368413925170898, 6.378285884857178, 4.344550609588623, 4.2013773918151855, 2.4951279163360596, 1.0465847253799438, 0.4698341190814972, 0.249275803565979, 0.05112316831946373, 0.0009813935030251741, 6.788182508898899e-05], "lowlevel.gfcc.mean": [18.540447235107422, 85.76531219482422, -93.8043441772461, 30.27869987487793, -60.91505432128906, 25.542827606201172, -24.71142578125, 15.980844497680664, -13.106392860412598, 15.939400672912598, -6.658337593078613, 6.032784461975098, -11.157103538513184], "lowlevel.melbands.mean": [0.00878167524933815, 0.008435952477157116, 0.0011263979831710458, 0.00018236775940749794, 0.00038775987923145294, 0.00037897308357059956, 0.0005084800650365651, 0.00026998890098184347, 0.00025266778538934886, 0.00029792587156407535, 0.00036435702349990606, 0.00021404393191915005, 0.00021702692902181298, 0.00022389930381905288, 9.345350554212928e-05, 6.805016164435074e-05, 2.934209260274656e-05, 1.9356464690645225e-05, 2.1758736693300307e-05, 1.5677946066716686e-05, 1.5169285688898526e-05, 9.884852261166088e-06, 7.575819836347364e-06, 6.6182778937218245e-06, 8.75673686095979e-06, 5.847551619808655e-06, 6.026577011652989e-06, 6.117326847743243e-06, 6.095132903283229e-06, 6.593470516236266e-06, 4.854857706959592e-06, 4.965793323208345e-06, 4.299662123230519e-06, 4.30317140853731e-06, 2.7265957669442287e-06, 2.3408415472658817e-06, 2.0425038655957906e-06, 2.3686911845288705e-06, 1.9962701571785146e-06, 1.3724439895668183e-06], "lowlevel.melbands.stdev": [0.007941997610032558, 0.008341060020029545, 0.001923292176797986, 0.0003017039562109858, 0.0004936693585477769, 0.0004599201784003526, 0.0007073578308336437, 0.0004309396317694336, 0.0004902917426079512, 0.0006918064318597317, 0.0011837846832349896, 0.0005922769196331501, 0.000980720273219049, 0.0007311071967706084, 0.0001602261618245393, 9.376808884553611e-05, 0.00011315830488456413, 4.478327900869772e-05, 4.8064819566207007e-05, 2.8798238417948596e-05, 2.5741810532053933e-05, 1.6183601474040188e-05, 1.202069779537851e-05, 9.179054359265137e-06, 1.242002963408595e-05, 8.225661076721735e-06, 9.01136445463635e-06, 1.2746490028803237e-05, 9.925904123520013e-06, 9.37395088840276e-06, 6.507013495138381e-06, 6.512467734864913e-06, 5.5005580179567914e-06, 6.252190814848291e-06, 3.7157749375182902e-06, 3.30383090840769e-06, 2.627421508805128e-06, 3.2043674309534254e-06, 2.8691890747722937e-06, 1.9091621652478352e-06], "lowlevel.melbands128.mean": [0.0005017310031689703, 0.0044986349530518055, 0.013240496627986431, 0.01522380206733942, 0.008623364381492138, 0.0036292802542448044, 0.0014824181562289596, 0.0005704720388166606, 0.0002083148865494877, 0.00014716206351295114, 0.00013820992899127305, 0.0003145251248497516, 0.0005822760867886245, 0.00030933666857890785, 0.0003104856878053397, 0.0005101360147818923, 0.0003691626770887524, 0.000652618589811027, 0.00045619384036399424, 0.0003248205466661602, 0.0001039063063217327, 0.00027211406268179417, 0.0003156336024403572, 0.0001661266724113375, 0.00021502729214262217, 0.0003215426404494792, 0.0005805187975056469, 0.00039342904346995056, 0.0001248130720341578, 0.0003062968316953629, 0.00014996263780631125, 0.00022019227617420256, 0.00028021089383400977, 0.0001067065677489154, 0.00033651894773356616, 0.00023801843053661287, 0.00011168742639711127, 2.0022100216010585e-05, 0.00016663582937326282, 9.2508846137207e-05, 2.985817081935238e-05, 5.255911310086958e-05, 2.8368767743813805e-05, 2.1642596038873307e-05, 1.3580155609815847e-05, 1.6579038856434636e-05, 3.076310167671181e-05, 2.1818616005475633e-05, 1.8056449334835634e-05, 1.948980934685096e-05, 1.5252665434672963e-05, 9.931924068951048e-06, 1.903677730297204e-05, 1.5193211766018067e-05, 1.3506554751074873e-05, 8.338124644069467e-06, 6.807699264754774e-06, 1.1017087672371417e-05, 6.34231264484697e-06, 4.4440912461141124e-06, 5.882523055333877e-06, 7.979743713804055e-06, 1.1351023204042576e-05, 8.276453627331648e-06, 6.401812697731657e-06, 5.501433406607248e-06, 5.851072273799218e-06, 5.317719569575274e-06, 6.60276282360428e-06, 6.0147726799186785e-06, 6.692288934573298e-06, 5.574602710112231e-06, 5.605378191830823e-06, 6.942956588318339e-06, 5.708006938220933e-06, 5.7463121265755035e-06, 8.559803063690197e-06, 5.293252343108179e-06, 4.036995505884988e-06, 4.334492132329615e-06, 5.061157935415395e-06, 5.579723620030563e-06, 4.257209639035864e-06, 4.192367214272963e-06, 4.1523276195221115e-06, 4.592117420543218e-06, 4.6671989366586786e-06, 3.0545584195351694e-06, 2.5508811631880235e-06, 2.432909013805329e-06, 2.6384725515526952e-06, 2.438379624436493e-06, 1.6644214611005737e-06, 1.724890353216324e-06, 2.410046590739512e-06, 2.856603032341809e-06, 2.1574253423750633e-06, 1.9592646367527777e-06, 2.1626860871037934e-06, 2.131175961039844e-06, 1.291163584937749e-06, 1.46189108818362e-06, 1.0708860145314247e-06, 1.04892762919917e-06, 7.535799682045763e-07, 6.531787448693649e-07, 9.084550356419641e-07, 6.355883215292124e-07, 4.0550690982854576e-07, 4.02495402340719e-07, 4.818951424567786e-07, 6.204533633535902e-07, 6.387438702404324e-07, 5.627281893794134e-07, 6.001480983286456e-07, 5.111096470500343e-07, 1.8808948709647666e-07, 8.50596393320302e-09, 1.2392349299505945e-11, 1.1200911725905982e-11, 1.0882303738690702e-11, 1.0590352379769019e-11, 1.0336573610936206e-11, 1.0107750574028795e-11, 9.78966647330326e-12, 9.411350171406596e-12, 9.187542220068234e-12, 9.113880657107831e-12], "lowlevel.melbands128.stdev": [0.0009850923670455813, 0.006634881719946861, 0.013046033680438995, 0.01540052704513073, 0.009866909123957157, 0.0060951728373765945, 0.002787901321426034, 0.0011583362938836217, 0.0004544254916254431, 0.0003421131696086377, 0.00026757101295515895, 0.0004823545750696212, 0.0008063657442107797, 0.0004601796390488744, 0.000491892162244767, 0.0007534031756222248, 0.0005022473633289337, 0.0012580353068187833, 0.000743385695386678, 0.0007446575327776372, 0.00032339419703930616, 0.0006299566593952477, 0.0007424165960401297, 0.000594527751673013, 0.0008379792561754584, 0.0011174745159223676, 0.0016517933690920472, 0.0020528368186205626, 0.0007072656298987567, 0.0010426086373627186, 0.0004727839259430766, 0.001387457363307476, 0.0017029891023412347, 0.0007045362144708633, 0.0014965224545449018, 0.0008871077443473041, 0.0003979255852755159, 9.819128172239289e-05, 0.0002801584778353572, 0.00014287418161984533, 8.579136192565784e-05, 0.0001168605376733467, 0.0001271540968446061, 0.00020626038894988596, 7.313929381780326e-05, 4.29532810812816e-05, 7.230213668663055e-05, 8.080396219156682e-05, 6.17324621998705e-05, 5.482350752572529e-05, 4.154370617470704e-05, 2.091983515128959e-05, 4.158811498200521e-05, 3.912654938176274e-05, 2.9977300073369406e-05, 1.9261709894635715e-05, 1.3773680620943196e-05, 2.3043770852382295e-05, 1.1576652468647808e-05, 8.197986062441487e-06, 9.937773938872851e-06, 1.3489760931406636e-05, 2.040644540102221e-05, 1.338718084298307e-05, 1.1634676411631517e-05, 9.085992132895626e-06, 1.0072003533423413e-05, 9.45438296184875e-06, 1.1031669600924943e-05, 1.1663479199341964e-05, 1.528452048660256e-05, 1.8255594113725238e-05, 1.3578160178440157e-05, 1.1639908734650817e-05, 9.043612408277113e-06, 9.466111805522814e-06, 1.421338674845174e-05, 8.086072739388328e-06, 6.049535841157194e-06, 6.812252195231849e-06, 7.721310794295277e-06, 8.25998722575605e-06, 6.025235506967874e-06, 5.902819339098642e-06, 6.480272077169502e-06, 7.425620424328372e-06, 7.625260423083091e-06, 4.422885922394926e-06, 3.9636452129343525e-06, 3.671469812616124e-06, 4.253804945619777e-06, 3.7695169794460526e-06, 2.5135252599284286e-06, 2.553735612309538e-06, 3.344566493979073e-06, 4.139480097364867e-06, 3.345108098073979e-06, 3.1295180633605924e-06, 3.257355047026067e-06, 3.460270363575546e-06, 2.144440259144176e-06, 2.0818456505367067e-06, 1.6714751609470113e-06, 1.6855116200531484e-06, 1.2099833384127123e-06, 1.1270435607002582e-06, 1.460210228287906e-06, 1.1110307696071686e-06, 7.746506298644817e-07, 7.59704164465802e-07, 8.736524250707589e-07, 9.944109251591726e-07, 9.366567041979579e-07, 8.136153155646753e-07, 9.350505365546269e-07, 7.788651146256598e-07, 3.1616963269698317e-07, 2.9093142117631032e-08, 2.7687435677492545e-11, 2.3745299129740438e-11, 2.3442301919085473e-11, 2.3051525965822606e-11, 2.2957981002380556e-11, 2.1877950839854776e-11, 1.812874156348343e-11, 1.3837662786453375e-11, 1.290973838247167e-11, 1.2830424223064796e-11], "lowlevel.mfcc.mean": [-631.7333374023438, 117.12281799316406, 23.463024139404297, 16.85002326965332, -0.40376952290534973, 10.770882606506348, 4.327359199523926, 4.420561790466309, 4.504014015197754, 7.348461151123047, 9.757411003112793, 10.883734703063965, 7.305182456970215], "lowlevel.spectral_contrast_coeffs.mean": [-0.6974689960479736, -0.6874529719352722, -0.7015105485916138, -0.7714467644691467, -0.804616391658783, -0.7528347373008728], "lowlevel.spectral_contrast_coeffs.stdev": [0.07100371271371841, 0.07167080789804459, 0.08870180696249008, 0.04545215144753456, 0.036290936172008514, 0.0350981242954731], "lowlevel.spectral_contrast_valleys.mean": [-6.666627883911133, -6.86130428314209, -7.711103916168213, -7.876180648803711, -7.679764747619629, -10.005186080932617], "lowlevel.spectral_contrast_valleys.stdev": [0.9434469938278198, 0.6912281513214111, 0.8158238530158997, 0.708371639251709, 0.788113534450531, 1.0548650026321411], "rhythm.beats_loudness_band_ratio.mean": [0.7239910960197449, 0.04589002579450607, 0.1061931848526001, 0.07534991204738617, 0.02057751640677452, 0.03726276755332947], "rhythm.beats_loudness_band_ratio.stdev": [0.1037997156381607, 0.023355407640337944, 0.0658586248755455, 0.06155312433838844, 0.011199668981134892, 0.014226432889699936], "tonal.hpcp.mean": [0.19958576560020447, 0.09303553402423859, 0.06740305572748184, 0.06690731644630432, 0.045628178864717484, 0.10524015128612518, 0.13446739315986633, 0.06671829521656036, 0.026379726827144623, 0.02601449191570282, 0.02508036233484745, 0.0515587255358696, 0.06804192811250687, 0.05699129030108452, 0.20550161600112915, 0.3339812457561493, 0.1824822872877121, 0.0425543412566185, 0.027393456548452377, 0.03253951668739319, 0.11427579820156097, 0.21017830073833466, 0.14014947414398193, 0.03940422087907791, 0.03205619007349014, 0.032932721078395844, 0.10348214954137802, 0.1539551466703415, 0.09871239215135574, 0.09914533793926239, 0.10916032642126083, 0.057845380157232285, 0.037093669176101685, 0.03951527178287506, 0.047781866043806076, 0.1561586558818817], "tonal.hpcp.stdev": [0.3092949390411377, 0.16769307851791382, 0.20894667506217957, 0.20604431629180908, 0.13986094295978546, 0.2421151101589203, 0.2776254117488861, 0.1751406043767929, 0.10210840404033661, 0.11473403126001358, 0.1058746799826622, 0.1570068895816803, 0.19242921471595764, 0.16053012013435364, 0.2655772864818573, 0.39423176646232605, 0.27374958992004395, 0.15542130172252655, 0.12824073433876038, 0.12523433566093445, 0.2247815877199173, 0.35192635655403137, 0.2609066367149353, 0.14403559267520905, 0.11235038936138153, 0.12719124555587769, 0.2015119343996048, 0.28764212131500244, 0.21309779584407806, 0.2265663594007492, 0.2462885081768036, 0.16562846302986145, 0.14205989241600037, 0.14980392158031464, 0.15385210514068604, 0.26230403780937195], "rhythm.beats_position": [0.6269387602806091, 1.2538775205612183, 1.8808163404464722, 2.5077550411224365, 3.1230838298797607, 3.738412618637085, 4.36535120010376, 4.980679988861084, 5.596008777618408, 6.211337566375732, 6.826666355133057, 7.4536051750183105, 8.068934440612793, 8.684263229370117, 9.311202049255371, 9.926530838012695, 10.54185962677002, 11.168798446655273, 11.784127235412598, 12.399456024169922, 13.014784812927246, 13.63011360168457, 14.257051467895508, 14.872380256652832, 15.487709045410156, 16.114648818969727, 16.741586685180664, 17.345306396484375, 17.972244262695312, 18.587574005126953, 19.20290184020996, 19.82984161376953, 20.44516944885254, 21.06049919128418, 21.687437057495117, 22.302766799926758, 22.918094635009766, 23.533424377441406, 24.148752212524414, 24.775691986083984, 25.379409790039062, 26.006349563598633, 26.63328742980957, 27.24861717224121, 27.86394500732422, 28.47927474975586, 29.094602584838867, 29.721542358398438, 30.336870193481445, 30.952198028564453, 31.579137802124023, 32.19446563720703, 32.80979537963867, 33.43673324584961, 34.04045104980469, 34.66739273071289, 35.29433059692383, 35.90966033935547, 36.524986267089844, 37.140316009521484, 37.755645751953125, 38.38258361816406, 38.9979133605957, 39.613243103027344], "rhythm.bpm_histogram": [0.0, 0.0, 0.0, 0.0, 0.0, 0.0, 0.0, 0.0, 0.0, 0.0, 0.0, 0.0, 0.0, 0.0, 0.0, 0.0, 0.0, 0.0, 0.0, 0.0, 0.0, 0.0, 0.0, 0.0, 0.0, 0.0, 0.0, 0.0, 0.0, 0.0, 0.0, 0.0, 0.0, 0.0, 0.0, 0.0, 0.0, 0.0, 0.0, 0.0, 0.0, 0.0, 0.0, 0.0, 0.0, 0.0, 0.0, 0.0, 0.0, 0.0, 0.0, 0.0, 0.0, 0.0, 0.0, 0.0, 0.0, 0.0, 0.0, 0.0, 0.0, 0.0, 0.0, 0.0, 0.0, 0.0, 0.0, 0.0, 0.0, 0.0, 0.0, 0.0, 0.0, 0.0, 0.0, 0.0, 0.0, 0.0, 0.0, 0.0, 0.0, 0.0, 0.0, 0.0, 0.0, 0.0, 0.0, 0.0, 0.0, 0.0, 0.0, 0.0, 0.0, 0.0, 0.0, 0.0, 0.3492063581943512, 0.0, 0.60317462682724, 0.0476190485060215, 0.0, 0.0, 0.0, 0.0, 0.0, 0.0, 0.0, 0.0, 0.0, 0.0, 0.0, 0.0, 0.0, 0.0, 0.0, 0.0, 0.0, 0.0, 0.0, 0.0, 0.0, 0.0, 0.0, 0.0, 0.0, 0.0, 0.0, 0.0, 0.0, 0.0, 0.0, 0.0, 0.0, 0.0, 0.0, 0.0, 0.0, 0.0, 0.0, 0.0, 0.0, 0.0, 0.0, 0.0, 0.0, 0.0, 0.0, 0.0, 0.0, 0.0, 0.0, 0.0, 0.0, 0.0, 0.0, 0.0, 0.0, 0.0, 0.0, 0.0, 0.0, 0.0, 0.0, 0.0, 0.0, 0.0, 0.0, 0.0, 0.0, 0.0, 0.0, 0.0, 0.0, 0.0, 0.0, 0.0, 0.0, 0.0, 0.0, 0.0, 0.0, 0.0, 0.0, 0.0, 0.0, 0.0, 0.0, 0.0, 0.0, 0.0, 0.0, 0.0, 0.0, 0.0, 0.0, 0.0, 0.0, 0.0, 0.0, 0.0, 0.0, 0.0, 0.0, 0.0, 0.0, 0.0, 0.0, 0.0, 0.0, 0.0, 0.0, 0.0, 0.0, 0.0, 0.0, 0.0, 0.0, 0.0, 0.0, 0.0, 0.0, 0.0, 0.0, 0.0, 0.0, 0.0, 0.0, 0.0, 0.0, 0.0, 0.0, 0.0, 0.0, 0.0, 0.0, 0.0, 0.0, 0.0, 0.0, 0.0, 0.0, 0.0, 0.0, 0.0, 0.0, 0.0, 0.0, 0.0, 0.0, 0.0], "tonal.chords_histogram": [40.0, 0.0, 11.744186401367188, 0.0, 0.0, 0.0, 0.0, 0.0, 0.0, 0.0, 0.0, 0.0, 0.0, 0.0, 0.0, 5.69767427444458, 9.302325248718262, 1.0465116500854492, 0.0, 3.3720929622650146, 0.4651162922382355, 9.883721351623535, 6.976744174957275, 11.511628150939941], "tonal.thpcp": [1.0, 0.5463848114013672, 0.12741535902023315, 0.08202094584703445, 0.09742917120456696, 0.3421623110771179, 0.6293116807937622, 0.41963276267051697, 0.11798333376646042, 0.09598200768232346, 0.09860649704933167, 0.3098441958427429, 0.4609694480895996, 0.2955626845359802, 0.2968589961528778, 0.3268456757068634, 0.17319948971271515, 0.11106512695550919, 0.11831583827733994, 0.14306750893592834, 0.4675671458244324, 0.597595751285553, 0.2785651385784149, 0.2018168866634369, 0.20033255219459534, 0.1366189867258072, 0.31510797142982483, 0.4026196002960205, 0.1997665911912918, 0.07898565381765366, 0.07789207249879837, 0.07509512454271317, 0.1543761044740677, 0.2037297934293747, 0.1706421822309494, 0.6153088212013245], "lowlevel.gfcc.cov": [[5449.95458984375, -1110.5008544921875, 718.3939819335938, 168.83917236328125, 371.2673034667969, 604.687744140625, 292.35308837890625, 243.80984497070312, -240.75692749023438, 207.31088256835938, -344.9189147949219, 298.313232421875, -283.3067626953125], [-1110.5008544921875, 1421.18310546875, -106.87335968017578, 73.71775817871094, 338.17010498046875, -78.59187316894531, 177.9145965576172, -110.73461151123047, 169.9066162109375, -194.34869384765625, 156.34767150878906, -235.50360107421875, 157.20289611816406], [718.3939819335938, -106.87335968017578, 691.9356079101562, 344.45196533203125, 236.775390625, 228.90342712402344, 69.56135559082031, 27.670665740966797, 49.73152542114258, 130.5811309814453, -51.370452880859375, -8.059959411621094, -154.04888916015625], [168.83917236328125, 73.71775817871094, 344.45196533203125, 518.8837280273438, 199.5291748046875, 68.8010482788086, 66.9964828491211, 5.834776878356934, 77.9549789428711, 4.205847263336182, 20.865877151489258, -102.33939361572266, -85.07113647460938], [371.2673034667969, 338.17010498046875, 236.775390625, 199.5291748046875, 372.2064514160156, 154.06185913085938, 151.3430938720703, 14.578099250793457, 75.20114135742188, -11.594372749328613, -5.855436325073242, -60.2192268371582, -32.25132751464844], [604.687744140625, -78.59187316894531, 228.90342712402344, 68.8010482788086, 154.06185913085938, 279.21234130859375, 115.13227844238281, 23.854991912841797, 15.654166221618652, 61.39704513549805, -36.361732482910156, 16.752056121826172, -38.73925018310547], [292.35308837890625, 177.9145965576172, 69.56135559082031, 66.9964828491211, 151.3430938720703, 115.13227844238281, 218.80352783203125, 46.99163818359375, 45.68442916870117, -8.808141708374023, 8.895628929138184, -18.27938461303711, 14.935101509094238], [243.80984497070312, -110.73461151123047, 27.670665740966797, 5.834776878356934, 14.578099250793457, 23.854991912841797, 46.99163818359375, 129.93051147460938, 24.847551345825195, 2.5306084156036377, -24.39885139465332, 33.117584228515625, -10.18253231048584], [-240.75692749023438, 169.9066162109375, 49.73152542114258, 77.9549789428711, 75.20114135742188, 15.654166221618652, 45.68442916870117, 24.847551345825195, 136.10450744628906, 14.256721496582031, 28.021902084350586, -49.30038070678711, 12.66567611694336], [207.31088256835938, -194.34869384765625, 130.5811309814453, 4.205847263336182, -11.594372749328613, 61.39704513549805, -8.808141708374023, 2.5306084156036377, 14.256721496582031, 133.67916870117188, -4.798213481903076, 37.84963607788086, -51.42173385620117], [-344.9189147949219, 156.34767150878906, -51.370452880859375, 20.865877151489258, -5.855436325073242, -36.361732482910156, 8.895628929138184, -24.39885139465332, 28.021902084350586, -4.798213481903076, 107.1978759765625, -9.989460945129395, 32.707977294921875], [298.313232421875, -235.50360107421875, -8.059959411621094, -102.33939361572266, -60.2192268371582, 16.752056121826172, -18.27938461303711, 33.117584228515625, -49.30038070678711, 37.84963607788086, -9.989460945129395, 132.95355224609375, 5.48314094543457], [-283.3067626953125, 157.20289611816406, -154.04888916015625, -85.07113647460938, -32.25132751464844, -38.73925018310547, 14.935101509094238, -10.18253231048584, 12.66567611694336, -51.42173385620117, 32.707977294921875, 5.48314094543457, 123.4834213256836]], "lowlevel.gfcc.icov": [[0.00045305455569177866, 0.00014233385445550084, 1.4261799151427113e-05, -0.00013873759598936886, -0.00043473640107549727, -0.00029666919726878405, -0.00043839000863954425, -0.0002853228070307523, 0.0007849283283576369, -0.00021235992608126253, 0.0007808148511685431, -0.0006194119923748076, 0.00025507051032036543], [0.00014233385445550084, 0.0037721116095781326, -0.0013030387926846743, 0.0022406165953725576, -0.003441191976889968, 0.0020774046424776316, -0.001663368078880012, 0.0021756996866315603, -0.0014923466369509697, 0.003169864881783724, -0.003390541998669505, 0.0037980203051120043, -0.0022214932832866907], [1.4261799151427113e-05, -0.0013030387926846743, 0.004875505808740854, -0.0030519082210958004, -9.163851791527122e-05, -0.002407431835308671, 0.0011888209264725447, -0.0006951358518563211, 0.00037535291630774736, -0.00362802529707551, 0.002510886639356613, -0.0025413953699171543, 0.002589523559436202], [-0.00013873759598936886, 0.0022406165953725576, -0.0030519082210958004, 0.005763523280620575, -0.0023735782597213984, 0.0020803294610232115, -0.0010083925444632769, 0.0010366174392402172, -0.0017563807778060436, 0.0036456764210015535, -0.004289825912564993, 0.004792025312781334, -0.00014549455954693258], [-0.00043473640107549727, -0.003441191976889968, -9.163851791527122e-05, -0.0023735782597213984, 0.009363078512251377, -0.0032459432259202003, -0.0007618918898515403, -0.0005018544616177678, -0.0013465420342981815, 0.00016458638128824532, 0.0026675264816731215, -0.00274098664522171, 0.0027336047496646643], [-0.00029666919726878405, 0.0020774046424776316, -0.002407431835308671, 0.0020803294610232115, -0.0032459432259202003, 0.008891485631465912, -0.0035380921326577663, 0.0020050490275025368, -0.0006489210645668209, -0.00029978505335748196, -0.0009101600153371692, 0.0020943444687873125, -0.0022707292810082436], [-0.00043839000863954425, -0.001663368078880012, 0.0011888209264725447, -0.0010083925444632769, -0.0007618918898515403, -0.0035380921326577663, 0.009701402857899666, -0.0038607949391007423, 0.00015517158317379653, -0.0011116638779640198, -0.0008752039284445345, 8.509556937497109e-05, -0.001151326927356422], [-0.0002853228070307523, 0.0021756996866315603, -0.0006951358518563211, 0.0010366174392402172, -0.0005018544616177678, 0.0020050490275025368, -0.0038607949391007423, 0.013308960013091564, -0.006368050817400217, 0.004656529054045677, 0.0006816397071816027, -0.0027538309805095196, 0.0010188986780121922], [0.0007849283283576369, -0.0014923466369509697, 0.00037535291630774736, -0.0017563807778060436, -0.0013465420342981815, -0.0006489210645668209, 0.00015517158317379653, -0.006368050817400217, 0.015528376214206219, -0.007067737635225058, 0.0002790643775369972, 0.0032561016269028187, -0.002894629491493106], [-0.00021235992608126253, 0.003169864881783724, -0.00362802529707551, 0.0036456764210015535, 0.00016458638128824532, -0.00029978505335748196, -0.0011116638779640198, 0.004656529054045677, -0.007067737635225058, 0.018006566911935806, -0.0052059064619243145, -0.0008080697734840214, 0.003568401327356696], [0.0007808148511685431, -0.003390541998669505, 0.002510886639356613, -0.004289825912564993, 0.0026675264816731215, -0.0009101600153371692, -0.0008752039284445345, 0.0006816397071816027, 0.0002790643775369972, -0.0052059064619243145, 0.017861686646938324, -0.006957059260457754, 0.00023932101612444967], [-0.0006194119923748076, 0.0037980203051120043, -0.0025413953699171543, 0.004792025312781334, -0.00274098664522171, 0.0020943444687873125, 8.509556937497109e-05, -0.0027538309805095196, 0.0032561016269028187, -0.0008080697734840214, -0.006957059260457754, 0.01953253522515297, -0.006116609554737806], [0.00025507051032036543, -0.0022214932832866907, 0.002589523559436202, -0.00014549455954693258, 0.0027336047496646643, -0.0022707292810082436, -0.001151326927356422, 0.0010188986780121922, -0.002894629491493106, 0.003568401327356696, 0.00023932101612444967, -0.006116609554737806, 0.016857784241437912]], "lowlevel.mfcc.cov": [[4775.0908203125, -828.0244750976562, 254.3745880126953, -17.001747131347656, 113.63426208496094, 365.64642333984375, 374.2990417480469, 293.6432189941406, 224.7743682861328, -16.501955032348633, 9.495458602905273, 34.99075698852539, 93.45903015136719], [-828.0244750976562, 1146.119140625, -210.90557861328125, 65.66663360595703, 111.43721008300781, 54.800785064697266, 70.52874755859375, 33.99359130859375, 49.35808181762695, 52.362648010253906, -22.99495506286621, -11.423516273498535, -9.26953411102295], [254.3745880126953, -210.90557861328125, 456.109619140625, 159.9139404296875, 144.48321533203125, 183.73377990722656, 46.91471862792969, 10.032780647277832, 20.424245834350586, 61.556785583496094, 96.9814682006836, 61.2777214050293, 30.84231948852539], [-17.001747131347656, 65.66663360595703, 159.9139404296875, 397.525390625, 157.96812438964844, 86.72588348388672, 52.6290283203125, 48.4318962097168, 17.385942459106445, 63.53961181640625, 71.20067596435547, 59.757484436035156, -6.598790645599365], [113.63426208496094, 111.43721008300781, 144.48321533203125, 157.96812438964844, 247.13980102539062, 149.19992065429688, 54.970367431640625, 52.116661071777344, 47.7287483215332, 51.8940315246582, 54.591705322265625, 43.849853515625, 10.846135139465332], [365.64642333984375, 54.800785064697266, 183.73377990722656, 86.72588348388672, 149.19992065429688, 309.180419921875, 126.68329620361328, 42.983070373535156, 70.0527114868164, 76.15567016601562, 51.763587951660156, 34.48725891113281, 45.281951904296875], [374.2990417480469, 70.52874755859375, 46.91471862792969, 52.6290283203125, 54.970367431640625, 126.68329620361328, 168.78610229492188, 86.3006820678711, 50.212974548339844, 27.345806121826172, 15.798166275024414, 15.097445487976074, 21.37226104736328], [293.6432189941406, 33.99359130859375, 10.032780647277832, 48.4318962097168, 52.116661071777344, 42.983070373535156, 86.3006820678711, 145.96142578125, 79.61388397216797, 14.807600975036621, 9.640701293945312, 22.815277099609375, 6.326422214508057], [224.7743682861328, 49.35808181762695, 20.424245834350586, 17.385942459106445, 47.7287483215332, 70.0527114868164, 50.212974548339844, 79.61388397216797, 129.07846069335938, 58.958431243896484, 13.062894821166992, 9.032097816467285, 8.00654411315918], [-16.501955032348633, 52.362648010253906, 61.556785583496094, 63.53961181640625, 51.8940315246582, 76.15567016601562, 27.345806121826172, 14.807600975036621, 58.958431243896484, 115.76751708984375, 43.9417839050293, 10.94397258758545, 3.2100417613983154], [9.495458602905273, -22.99495506286621, 96.9814682006836, 71.20067596435547, 54.591705322265625, 51.763587951660156, 15.798166275024414, 9.640701293945312, 13.062894821166992, 43.9417839050293, 109.20309448242188, 58.56993103027344, 1.9394639730453491], [34.99075698852539, -11.423516273498535, 61.2777214050293, 59.757484436035156, 43.849853515625, 34.48725891113281, 15.097445487976074, 22.815277099609375, 9.032097816467285, 10.94397258758545, 58.56993103027344, 90.12655639648438, 24.725772857666016], [93.45903015136719, -9.26953411102295, 30.84231948852539, -6.598790645599365, 10.846135139465332, 45.281951904296875, 21.37226104736328, 6.326422214508057, 8.00654411315918, 3.2100417613983154, 1.9394639730453491, 24.725772857666016, 70.10538482666016]], "lowlevel.mfcc.icov": [[0.00037123687798157334, 0.00034938575117848814, 7.931367872515693e-05, 5.633155888062902e-05, -0.00012201303616166115, -0.00020813586888834834, -0.0006584880175068974, -0.00014642962196376175, -0.0004890318377874792, 0.00041361869079992175, 4.5335717004491016e-05, 9.43923878367059e-05, -0.00010865788499359041], [0.00034938575117848814, 0.0015326675493270159, 0.0010670716874301434, -0.00011227977665839717, -0.000975140486843884, -0.0002784831740427762, -0.001147714676335454, 0.00030937770497985184, -0.0005491239135153592, -0.0001309371436946094, 0.0003045501944143325, -1.7954447685042396e-05, -2.380805744905956e-05], [7.931367872515693e-05, 0.0010670716874301434, 0.004478357266634703, -0.0008677633013576269, -0.0011888924054801464, -0.0018949831137433648, 0.00017845128604676574, 0.00044153103954158723, 0.0002687827218323946, -0.0001362497714580968, -0.0018232311122119427, 0.00017382386431563646, -0.0007381847826763988], [5.633155888062902e-05, -0.00011227977665839717, -0.0008677633013576269, 0.004166439641267061, -0.0019362622406333685, 0.00073047581827268, -0.0007680939161218703, -0.0009871689835563302, 0.0016093847807496786, -0.0018697174964472651, 0.00025297229876741767, -0.0016234542708843946, 0.0013023728970438242], [-0.00012201303616166115, -0.000975140486843884, -0.0011888924054801464, -0.0019362622406333685, 0.008487879298627377, -0.0032409646082669497, 0.0023381421342492104, -0.0021646644454449415, -8.687684749020264e-05, 0.00047573811025358737, -0.0005979029228910804, -0.0006132141570560634, 0.0008582121226936579], [-0.00020813586888834834, -0.0002784831740427762, -0.0018949831137433648, 0.00073047581827268, -0.0032409646082669497, 0.009034993126988411, -0.005382453091442585, 0.0034651090390980244, -0.0021004194859415293, -0.0017915910575538874, -0.00012222664372529835, 0.00021846861636731774, -0.002614871831610799], [-0.0006584880175068974, -0.001147714676335454, 0.00017845128604676574, -0.0007680939161218703, 0.0023381421342492104, -0.005382453091442585, 0.014541523531079292, -0.007848257198929787, 0.0032298944424837828, -0.0006570476107299328, -0.0007591358735226095, 0.0014582539442926645, -0.000866843736730516], [-0.00014642962196376175, 0.00030937770497985184, 0.00044153103954158723, -0.0009871689835563302, -0.0021646644454449415, 0.0034651090390980244, -0.007848257198929787, 0.017251206561923027, -0.010012088343501091, 0.003553709015250206, 0.0007724032620899379, -0.003057010704651475, 0.0009190804557874799], [-0.0004890318377874792, -0.0005491239135153592, 0.0002687827218323946, 0.0016093847807496786, -8.687684749020264e-05, -0.0021004194859415293, 0.0032298944424837828, -0.010012088343501091, 0.018564319238066673, -0.008937275968492031, 0.001524086226709187, -0.00010678414400899783, 0.00018608760728966445], [0.00041361869079992175, -0.0001309371436946094, -0.0001362497714580968, -0.0018697174964472651, 0.00047573811025358737, -0.0017915910575538874, -0.0006570476107299328, 0.003553709015250206, -0.008937275968492031, 0.017073573544621468, -0.006180208642035723, 0.003841254860162735, -0.0006664322572760284], [4.5335717004491016e-05, 0.0003045501944143325, -0.0018232311122119427, 0.00025297229876741767, -0.0005979029228910804, -0.00012222664372529835, -0.0007591358735226095, 0.0007724032620899379, 0.001524086226709187, -0.006180208642035723, 0.019922146573662758, -0.012375321239233017, 0.005061417818069458], [9.43923878367059e-05, -1.7954447685042396e-05, 0.00017382386431563646, -0.0016234542708843946, -0.0006132141570560634, 0.00021846861636731774, 0.0014582539442926645, -0.003057010704651475, -0.00010678414400899783, 0.003841254860162735, -0.012375321239233017, 0.022644829005002975, -0.008380457758903503], [-0.00010865788499359041, -2.380805744905956e-05, -0.0007381847826763988, 0.0013023728970438242, 0.0008582121226936579, -0.002614871831610799, -0.000866843736730516, 0.0009190804557874799, 0.00018608760728966445, -0.0006664322572760284, 0.005061417818069458, -0.008380457758903503, 0.019415799528360367]], "metadata.audio_properties.analysis.downmix": "mix", "metadata.audio_properties.codec": "mp3", "metadata.audio_properties.md5_encoded": "ef32ee7b9118bbbac855cd213103b60c", "metadata.tags.file_name": "1182268259630858250.mp3", "metadata.version.essentia": "2.1-beta6-dev", "metadata.version.essentia_git_sha": "v2.1_beta5-1110-g77a6a954", "metadata.version.extractor": "music 2.0", "tonal.chords_key": "D", "tonal.chords_scale": "major", "tonal.key_edma.key": "D", "tonal.key_edma.scale": "major", "tonal.key_krumhansl.key":