{"song_id": "1182285195857100820", "download": "https://cdn.discordapp.com/attachments/1135911532732108921/1182285195857100820/chirp.mp4?ex=658423e4&amp", "lyrics": "\u0418\u0440\u0438\u043d\u0430 \u042e\u0440\u044c\u0435\u0432\u043d\u0430, \u0442\u0451\u0449\u0430 \u0434\u043e\u0440\u043e\u0433\u0430\u044f!\n\u0421 \u0414\u043d\u0451\u043c \u0420\u043e\u0436\u0434\u0435\u043d\u0438\u044f! \u0412\u0430\u0441 \u044f \u043f\u043e\u0437\u0434\u0440\u0430\u0432\u043b\u044f\u044e!\n\u041f\u0443\u0441\u0442\u044c \u0431\u043b\u0435\u0441\u0442\u044f\u0442 \u043e\u0442 \u0440\u0430\u0434\u043e\u0441\u0442\u0438 \u0433\u043b\u0430\u0437\u0430,\n\u041b\u0443\u0447\u0448\u0435\u0439 \u0442\u0451\u0449\u0438 \u0432 \u043c\u0438\u0440\u0435 \u043d\u0435 \u043d\u0430\u0439\u0442\u0438!\n\n\u0412\u0430\u043c \u0436\u0435\u043b\u0430\u044e \u043a\u0440\u0435\u043f\u043a\u043e\u0433\u043e \u0437\u0434\u043e\u0440\u043e\u0432\u044c\u044f,\n\u0414\u043e\u043b\u0433\u0438\u0445 \u043b\u0435\u0442, \u043d\u0435\u0443\u0442\u043e\u043c\u0438\u043c\u044b\u0445 \u0441\u0438\u043b.\n\u0427\u0442\u043e\u0431\u044b \u0436\u0438\u0437\u043d\u044c \u0431\u044b\u043b\u0430 \u0412\u0430\u0448\u0430 \u0441\u043f\u043e\u043a\u043e\u0439\u043d\u0430,\n\u0422\u043e\u043b\u044c\u043a\u043e \u043f\u0440\u0430\u0437\u0434\u043d\u0438\u043a \u0432 \u0434\u043e\u043c \u0412\u0430\u0448 \u0437\u0430\u0445\u043e\u0434\u0438\u043b.\n\n\u041d\u0430 \u0433\u043e\u0434\u0430 \u0412\u044b, \u0442\u0451\u0449\u0430, \u043d\u0435 \u0440\u043e\u043f\u0449\u0438\u0442\u0435,\n\u041d\u0435 \u0441\u0434\u0430\u0432\u0430\u0439\u0442\u0435\u0441\u044c \u0432 \u0438\u0445 \u0436\u0435\u0441\u0442\u043e\u043a\u0438\u0439 \u043f\u043b\u0435\u043d,\n\u0412 \u043a\u0430\u0436\u0434\u043e\u043c \u0434\u043d\u0435 \u043f\u0440\u0435\u043a\u0440\u0430\u0441\u043d\u043e\u0435 \u0438\u0449\u0438\u0442\u0435,\n\u041f\u0443\u0441\u0442\u044c \u043d\u0435 \u0431\u0443\u0434\u0435\u0442 \u0433\u043e\u0440\u044f \u0438 \u043f\u0440\u043e\u0431\u043b\u0435\u043c!\n\n\u041a\u0430\u0440\u0438\u043d\u0430 \u0438 \u0410\u0440\u0441\u0435\u043d\u0438\u0439 \u0412\u0430\u0441 \u0442\u043e\u0436\u0435 \u043f\u043e\u0437\u0434\u0440\u0430\u0432\u043b\u044f\u044e\u0442,\n\u0421\u0447\u0430\u0441\u0442\u044c\u044f, \u0440\u0430\u0434\u043e\u0441\u0442\u0438 \u0432 \u0436\u0438\u0437\u043d\u0438 \u0412\u0430\u043c \u0436\u0435\u043b\u0430\u044e\u0442.", "style": ["dark synthwave"], "essentia_features": {"lowlevel.average_loudness": 0.6433004140853882, "lowlevel.barkbands_crest.mean": 12.728221893310547, "lowlevel.barkbands_crest.stdev": 3.863910675048828, "lowlevel.barkbands_flatness_db.mean": 0.23111926019191742, "lowlevel.barkbands_flatness_db.stdev": 0.06297510862350464, "lowlevel.barkbands_kurtosis.mean": 16.341678619384766, "lowlevel.barkbands_kurtosis.stdev": 14.038124084472656, "lowlevel.barkbands_skewness.mean": 2.879002571105957, "lowlevel.barkbands_skewness.stdev": 1.4126505851745605, "lowlevel.barkbands_spread.mean": 13.510712623596191, "lowlevel.barkbands_spread.stdev": 21.153045654296875, "lowlevel.dissonance.mean": 0.4188535213470459, "lowlevel.dissonance.stdev": 0.04786623641848564, "lowlevel.dynamic_complexity": 3.927828311920166, "lowlevel.erbbands_crest.mean": 11.54600715637207, "lowlevel.erbbands_crest.stdev": 4.546543121337891, "lowlevel.erbbands_flatness_db.mean": 0.1827322095632553, "lowlevel.erbbands_flatness_db.stdev": 0.04846575856208801, "lowlevel.erbbands_kurtosis.mean": 2.758725643157959, "lowlevel.erbbands_kurtosis.stdev": 4.082189083099365, "lowlevel.erbbands_skewness.mean": 1.120434284210205, "lowlevel.erbbands_skewness.stdev": 1.0528513193130493, "lowlevel.erbbands_spread.mean": 34.67320251464844, "lowlevel.erbbands_spread.stdev": 26.928970336914062, "lowlevel.hfc.mean": 12.960453987121582, "lowlevel.hfc.stdev": 14.364279747009277, "lowlevel.loudness_ebu128.integrated": -16.74650764465332, "lowlevel.loudness_ebu128.loudness_range": 6.089547157287598, "lowlevel.loudness_ebu128.momentary.mean": -18.19135284423828, "lowlevel.loudness_ebu128.momentary.stdev": 3.852339744567871, "lowlevel.loudness_ebu128.short_term.mean": -17.529693603515625, "lowlevel.loudness_ebu128.short_term.stdev": 1.9735466241836548, "lowlevel.melbands_crest.mean": 17.74368667602539, "lowlevel.melbands_crest.stdev": 4.806187629699707, "lowlevel.melbands_flatness_db.mean": 0.318755567073822, "lowlevel.melbands_flatness_db.stdev": 0.08894801139831543, "lowlevel.melbands_kurtosis.mean": 27.024497985839844, "lowlevel.melbands_kurtosis.stdev": 25.063190460205078, "lowlevel.melbands_skewness.mean": 3.600522994995117, "lowlevel.melbands_skewness.stdev": 1.8094011545181274, "lowlevel.melbands_spread.mean": 10.876484870910645, "lowlevel.melbands_spread.stdev": 19.82914161682129, "lowlevel.pitch_salience.mean": 0.4877634644508362, "lowlevel.pitch_salience.stdev": 0.11433103680610657, "lowlevel.silence_rate_20dB.mean": 1.0, "lowlevel.silence_rate_20dB.stdev": 0.0, "lowlevel.silence_rate_30dB.mean": 0.9831786751747131, "lowlevel.silence_rate_30dB.stdev": 0.12860150635242462, "lowlevel.silence_rate_60dB.mean": 0.06438515335321426, "lowlevel.silence_rate_60dB.stdev": 0.24543441832065582, "lowlevel.spectral_centroid.mean": 629.6913452148438, "lowlevel.spectral_centroid.stdev": 705.4759521484375, "lowlevel.spectral_complexity.mean": 8.581786155700684, "lowlevel.spectral_complexity.stdev": 3.8559882640838623, "lowlevel.spectral_decrease.mean": -7.168125648604473e-09, "lowlevel.spectral_decrease.stdev": 6.726726731187682e-09, "lowlevel.spectral_energy.mean": 0.02822972647845745, "lowlevel.spectral_energy.stdev": 0.026033923029899597, "lowlevel.spectral_energyband_high.mean": 0.000573850586079061, "lowlevel.spectral_energyband_high.stdev": 0.0014448746806010604, "lowlevel.spectral_energyband_low.mean": 0.01048194244503975, "lowlevel.spectral_energyband_low.stdev": 0.016476335003972054, "lowlevel.spectral_energyband_middle_high.mean": 0.001380651374347508, "lowlevel.spectral_energyband_middle_high.stdev": 0.002563952933996916, "lowlevel.spectral_energyband_middle_low.mean": 0.017388587817549706, "lowlevel.spectral_energyband_middle_low.stdev": 0.016621416434645653, "lowlevel.spectral_entropy.mean": 6.730375289916992, "lowlevel.spectral_entropy.stdev": 0.7620954513549805, "lowlevel.spectral_flux.mean": 0.05218666046857834, "lowlevel.spectral_flux.stdev": 0.04088994115591049, "lowlevel.spectral_kurtosis.mean": 11.718364715576172, "lowlevel.spectral_kurtosis.stdev": 10.808978080749512, "lowlevel.spectral_rms.mean": 0.004697795026004314, "lowlevel.spectral_rms.stdev": 0.002339205238968134, "lowlevel.spectral_rolloff.mean": 1096.7322998046875, "lowlevel.spectral_rolloff.stdev": 2349.83935546875, "lowlevel.spectral_skewness.mean": 2.5950539112091064, "lowlevel.spectral_skewness.stdev": 1.0807852745056152, "lowlevel.spectral_spread.mean": 4825100.0, "lowlevel.spectral_spread.stdev": 2590249.5, "lowlevel.spectral_strongpeak.mean": 0.8861712217330933, "lowlevel.spectral_strongpeak.stdev": 0.9087226390838623, "lowlevel.zerocrossingrate.mean": 0.04547416418790817, "lowlevel.zerocrossingrate.stdev": 0.05957266688346863, "metadata.audio_properties.analysis.equal_loudness": 0.0, "metadata.audio_properties.analysis.length": 39.999977111816406, "metadata.audio_properties.analysis.sample_rate": 44100.0, "metadata.audio_properties.analysis.start_time": 0.0, "metadata.audio_properties.bit_rate": 119386.0, "metadata.audio_properties.length": 40.0, "metadata.audio_properties.lossless": 0.0, "metadata.audio_properties.number_channels": 1.0, "metadata.audio_properties.replay_gain": -10.696313858032227, "metadata.audio_properties.sample_rate": 48000.0, "rhythm.beats_count": 79.0, "rhythm.beats_loudness.mean": 0.03415863960981369, "rhythm.beats_loudness.stdev": 0.02992754429578781, "rhythm.bpm": 119.7648696899414, "rhythm.bpm_histogram_first_peak_bpm": 120.0, "rhythm.bpm_histogram_first_peak_weight": 0.4464285969734192, "rhythm.bpm_histogram_second_peak_bpm": 144.0, "rhythm.bpm_histogram_second_peak_spread": 0.3333333730697632, "rhythm.bpm_histogram_second_peak_weight": 0.07692307978868484, "rhythm.danceability": 1.056266188621521, "rhythm.onset_rate": 3.298384428024292, "tonal.chords_changes_rate": 0.05446118116378784, "tonal.chords_number_rate": 0.010428736917674541, "tonal.chords_strength.mean": 0.49975287914276123, "tonal.chords_strength.stdev": 0.07646723091602325, "tonal.hpcp_crest.mean": 17.932838439941406, "tonal.hpcp_crest.stdev": 7.657696723937988, "tonal.hpcp_entropy.mean": 1.529327154159546, "tonal.hpcp_entropy.stdev": 0.6616857051849365, "tonal.key_edma.strength": 0.7141105532646179, "tonal.key_krumhansl.strength": 0.7256810665130615, "tonal.key_temperley.strength": 0.7400346994400024, "tonal.tuning_diatonic_strength": 0.6526052355766296, "tonal.tuning_equal_tempered_deviation": 0.08740468323230743, "tonal.tuning_frequency": 437.7185363769531, "tonal.tuning_nontempered_energy_ratio": 0.7072762846946716, "lowlevel.barkbands.mean": [2.0622012016247027e-05, 0.004624534398317337, 0.0042792391031980515, 0.004226578399538994, 0.005228383466601372, 0.002383079379796982, 0.0038694816175848246, 0.0010725655592978, 0.0005395170883275568, 0.00025360117433592677, 0.00034763809526339173, 0.00028199265943840146, 0.00011747507960535586, 8.387629350181669e-05, 8.834396430756897e-05, 7.808406371623278e-05, 6.840020068921149e-05, 3.678804569062777e-05, 3.8142014091135934e-05, 4.4317985157249495e-05, 9.655673056840897e-05, 7.466621173080057e-05, 9.011110523715615e-05, 9.000374120660126e-05, 0.00010740826110122725, 8.80757870618254e-05, 2.4468349124617816e-07], "lowlevel.barkbands.stdev": [6.786569429095834e-05, 0.009750972501933575, 0.009135833941400051, 0.005142180249094963, 0.006362481042742729, 0.005267725326120853, 0.00920180045068264, 0.0036364186089485884, 0.0032773930579423904, 0.0013536480255424976, 0.0011543903965502977, 0.000968662032391876, 0.0003464742039795965, 0.00038150115869939327, 0.00034341326681897044, 0.00031860111630521715, 0.00018164612993132323, 7.607827865285799e-05, 0.0001467371330363676, 0.0001288681960431859, 0.00025545325479470193, 0.00022437381267081946, 0.0003177587641403079, 0.0002964870654977858, 0.00027354381745681167, 0.00019765178149100393, 1.0152037930311053e-06], "lowlevel.erbbands.mean": [0.05292635038495064, 1.3259963989257812, 4.827218532562256, 9.281432151794434, 19.0998592376709, 17.649030685424805, 10.971768379211426, 22.29446792602539, 51.892364501953125, 45.088645935058594, 16.608179092407227, 15.516642570495605, 6.90985107421875, 16.14594841003418, 9.24533462524414, 11.724760055541992, 6.4407758712768555, 4.980772018432617, 3.7723159790039062, 4.863655090332031, 4.026587963104248, 3.5523455142974854, 2.3638851642608643, 2.0006721019744873, 1.8752366304397583, 2.05757212638855, 3.8458845615386963, 3.2664270401000977, 2.717233419418335, 2.5265495777130127, 2.4770705699920654, 1.8170006275177002, 1.6291850805282593, 1.1759366989135742, 0.7736748456954956, 0.49242258071899414, 0.1483961045742035, 0.009748170152306557, 0.00021612974524032325, 4.3393956730142236e-05], "lowlevel.erbbands.stdev": [0.11371106654405594, 2.7005558013916016, 9.030019760131836, 11.25735855102539, 18.665712356567383, 29.1650390625, 25.086456298828125, 52.75244903564453, 121.9315185546875, 102.80020141601562, 54.896366119384766, 94.0582046508789, 40.54205322265625, 64.69847106933594, 26.9538516998291, 39.229522705078125, 16.355506896972656, 21.560909271240234, 13.265210151672363, 17.4457950592041, 14.445415496826172, 8.400298118591309, 4.639591693878174, 6.869910717010498, 6.6161932945251465, 6.005362033843994, 9.701672554016113, 9.447175979614258, 8.222328186035156, 7.74995756149292, 9.021949768066406, 6.097682952880859, 5.392400741577148, 3.3420817852020264, 1.8361732959747314, 1.117878794670105, 0.33779460191726685, 0.023193303495645523, 0.0004603245761245489, 3.942925832234323e-05], "lowlevel.gfcc.mean": [-66.34473419189453, 111.17183685302734, -70.56974029541016, 13.957450866699219, -52.165958404541016, 3.950549364089966, -45.82807922363281, 0.7408536672592163, -37.51581573486328, 1.1279984712600708, -26.20799446105957, 1.8130887746810913, -23.67317008972168], "lowlevel.melbands.mean": [0.0009007718181237578, 0.002312448574230075, 0.0020025824196636677, 0.0013286375906318426, 0.00044049281859770417, 0.000502793409395963, 0.0008330955752171576, 0.0004454393347259611, 0.00011041654215659946, 9.473901445744559e-05, 2.9731279937550426e-05, 6.238086643861607e-05, 3.490106973913498e-05, 3.3397383958799765e-05, 1.9481809431454167e-05, 1.1777384315792006e-05, 9.087577382160816e-06, 5.3900312195764855e-06, 6.645260327786673e-06, 6.778550414310303e-06, 4.108672328584362e-06, 3.7340898870752426e-06, 2.947466327896109e-06, 1.694886577752186e-06, 1.6007317071853322e-06, 1.4228540976546356e-06, 1.2646504501390154e-06, 1.3509834388969466e-06, 2.1776127141492907e-06, 2.686411789909471e-06, 1.6154953073055367e-06, 1.4521513094223337e-06, 1.568781271998887e-06, 1.4042370821698569e-06, 1.3828830560669303e-06, 1.3756003909293213e-06, 1.051952494890429e-06, 1.225277742378239e-06, 9.598383030606783e-07, 1.009005927699036e-06], "lowlevel.melbands.stdev": [0.0019063532818108797, 0.003953342791646719, 0.0020385547541081905, 0.0015236316248774529, 0.0008595478720963001, 0.0011738217435777187, 0.00192298274487257, 0.0010371914831921458, 0.00038012684672139585, 0.000627350527793169, 0.00019191291357856244, 0.00025662174448370934, 0.00010075027239508927, 0.00012833086657337844, 4.793557309312746e-05, 3.288171501480974e-05, 4.48066602984909e-05, 1.9969975255662575e-05, 2.8755352104781196e-05, 2.7463745936984196e-05, 1.3676982234755997e-05, 8.9491131802788e-06, 7.653952707187273e-06, 3.7142192468309077e-06, 6.074511475162581e-06, 5.6727621995378286e-06, 4.1421058085688855e-06, 4.056778834637953e-06, 5.689797944796737e-06, 7.17782450010418e-06, 5.060006060375599e-06, 4.518663899943931e-06, 4.884621830569813e-06, 4.546001946437173e-06, 5.165250513528008e-06, 4.999000339012127e-06, 3.539321141943219e-06, 4.287881893105805e-06, 2.9567415822384646e-06, 2.8885044685011962e-06], "lowlevel.melbands128.mean": [1.4504710634355433e-05, 0.00013802575995214283, 0.001133793848566711, 0.00259378831833601, 0.0026291932445019484, 0.0020123221911489964, 0.0016339141875505447, 0.002431015484035015, 0.001974762650206685, 0.001257171854376793, 0.00103631685487926, 0.00042744356323964894, 0.00033599857124499977, 0.00032900020596571267, 0.0004523620882537216, 0.0006424840539693832, 0.0006836829124949872, 0.0009726945427246392, 0.0009564973297528923, 0.0003966100048273802, 0.00030721904477104545, 0.00014500498946290463, 9.203282388625666e-05, 5.232130570220761e-05, 0.00011617544805631042, 0.00012148227688157931, 2.0294086425565183e-05, 3.004185600730125e-05, 1.587780934642069e-05, 4.6314162318594754e-05, 9.80545228230767e-05, 6.363530701491982e-05, 1.884290213638451e-05, 2.4008324544411153e-05, 2.6980682378052734e-05, 4.360525417723693e-05, 3.3813281334005296e-05, 1.4479801393463276e-05, 1.4066817129787523e-05, 1.514831183158094e-05, 1.1320906196488068e-05, 5.502155090653105e-06, 1.2375786354823504e-05, 8.690361937624402e-06, 4.745017577079125e-06, 4.5449492063198704e-06, 6.715441486448981e-06, 6.705363375658635e-06, 6.7943115027446765e-06, 5.967548077023821e-06, 7.316001301660435e-06, 7.598322099511279e-06, 3.393556426090072e-06, 2.917568281191052e-06, 4.549855020741234e-06, 3.039326429643552e-06, 3.893559551215731e-06, 4.216054549033288e-06, 1.931575525304652e-06, 2.076104919979116e-06, 1.5199142353594652e-06, 1.572759288137604e-06, 1.7627035049372353e-06, 1.5412834954986465e-06, 1.4910008303559152e-06, 1.4639839491792372e-06, 1.3716908142669126e-06, 1.2066864201187855e-06, 1.3552772770708543e-06, 1.1687797041304293e-06, 1.1367814067853033e-06, 1.5634460623914492e-06, 1.7988070339924889e-06, 2.148845851479564e-06, 2.741535126915551e-06, 3.028336323041003e-06, 2.7961680189036997e-06, 1.6289075119857443e-06, 1.5257340919561102e-06, 1.3870582051822566e-06, 1.4241281860449817e-06, 1.3779891787635279e-06, 1.7330388573100208e-06, 1.8251648725708947e-06, 1.1967912314503337e-06, 1.2106146414225805e-06, 1.5877028545219218e-06, 1.4952998981243582e-06, 1.2039351986459224e-06, 1.4229636917661992e-06, 1.7304539596807444e-06, 1.3366440043682815e-06, 8.489511174047948e-07, 9.098289410758298e-07, 1.2760268646161421e-06, 1.3282240161061054e-06, 1.2293826330278534e-06, 1.0663781040420872e-06, 8.76579235864483e-07, 9.778370895219268e-07, 1.0027750931840274e-06, 1.2196277339171502e-06, 6.993341230554506e-07, 6.671329515484103e-07, 7.409707336591964e-07, 1.1928955245821271e-06, 9.171761803372647e-07, 8.011439263100328e-07, 9.707243862067116e-07, 8.267601288025617e-07, 6.741946094734885e-07, 6.817793973823427e-07, 4.3755321144089976e-07, 2.968121464164142e-07, 2.0087240670818574e-07, 5.221590271276e-08, 1.032014473878462e-08, 5.298268490605551e-10, 3.228694742118954e-11, 2.4964429828910895e-11, 2.334031232176237e-11, 2.089505131419589e-11, 1.849223205119266e-11, 1.8280260985492625e-11, 1.7433185103832294e-11, 1.8247021948969433e-11, 1.9189065267322114e-11, 1.9329952569147046e-11], "lowlevel.melbands128.stdev": [5.3186984587227926e-05, 0.00042184427729807794, 0.002625785069540143, 0.005553705617785454, 0.004863000009208918, 0.004355871118605137, 0.0024005610030144453, 0.0028948429971933365, 0.002217530505731702, 0.0021003405563533306, 0.002088198671117425, 0.0013470947742462158, 0.0010936782928183675, 0.0009541286271996796, 0.0015130032552406192, 0.0020511639304459095, 0.002091630594804883, 0.0030261094216257334, 0.002751121064648032, 0.00114180997479707, 0.00122859759721905, 0.0007983316900208592, 0.0003788831818383187, 0.0002920161350630224, 0.0007403286872431636, 0.0010367317590862513, 0.00017125376325566322, 0.00033996347337961197, 8.08656623121351e-05, 0.0002948531473521143, 0.000457444170024246, 0.00023339675681199878, 7.260856364155188e-05, 0.00012506108032539487, 0.0001585331337992102, 0.00023195745598059148, 0.0001088746648747474, 4.467465259949677e-05, 7.184020068962127e-05, 4.546283162198961e-05, 4.271976285963319e-05, 2.8637954528676346e-05, 9.05371707631275e-05, 3.648145866463892e-05, 2.7135394702781923e-05, 2.2214297132450156e-05, 3.9204966014949605e-05, 4.756380076287314e-05, 3.5434601159067824e-05, 3.0112583772279322e-05, 4.33179120591376e-05, 4.69842525490094e-05, 1.281102049688343e-05, 8.330010132340249e-06, 1.5213742699415889e-05, 8.107432222459465e-06, 1.2460071047826204e-05, 1.7237465726793744e-05, 4.448584604688222e-06, 5.609312211163342e-06, 3.868110979965422e-06, 4.167310635239119e-06, 7.855808689782862e-06, 6.858586402813671e-06, 8.088545655482449e-06, 6.367763944581384e-06, 5.62929199077189e-06, 4.507251560426084e-06, 4.779347818839597e-06, 4.410655037645483e-06, 4.153867848799564e-06, 4.747998900711536e-06, 5.682029950548895e-06, 6.200013558554929e-06, 7.365783403656678e-06, 8.720766345504671e-06, 8.592340236646123e-06, 5.339742529031355e-06, 5.304044407239417e-06, 4.819005880563054e-06, 4.661202183342539e-06, 4.508495294430759e-06, 6.022582510922803e-06, 6.117779321357375e-06, 3.7838024127268e-06, 3.932013896701392e-06, 5.276487627270399e-06, 6.240473339857999e-06, 4.734550657303771e-06, 5.968306140857749e-06, 7.016696599748684e-06, 4.799020643986296e-06, 3.04970330944343e-06, 3.3409071420464898e-06, 4.529200850811321e-06, 4.962873845215654e-06, 4.670874659495894e-06, 3.7573636291199364e-06, 2.7243902422924293e-06, 3.2294476568495156e-06, 3.028487981282524e-06, 3.7201166378508788e-06, 1.9576834802137455e-06, 1.7381041743647074e-06, 1.7607795825824724e-06, 2.9665247893717606e-06, 2.391606130913715e-06, 2.017037104451447e-06, 2.3938000595080666e-06, 1.83109398221859e-06, 1.6370793218811741e-06, 1.6726731928429217e-06, 1.0718486009864137e-06, 7.578250347251014e-07, 5.235430649008777e-07, 1.9777390036779252e-07, 4.1660630500928164e-08, 3.812086646348689e-09, 9.153953706153573e-10, 7.422350511987474e-10, 6.863419832470186e-10, 6.380112549386752e-10, 5.678408854237205e-10, 5.63370516903916e-10, 5.369435451818561e-10, 5.743808761948799e-10, 6.139492247925205e-10, 6.205644886847494e-10], "lowlevel.mfcc.mean": [-732.237548828125, 159.08535766601562, 27.935136795043945, 22.39141273498535, 8.376751899719238, 4.4389238357543945, -2.0529932975769043, -2.45265531539917, -6.8993635177612305, -13.664214134216309, -5.753917217254639, 2.4192469120025635, -1.0116544961929321], "lowlevel.spectral_contrast_coeffs.mean": [-0.5977741479873657, -0.6826408505439758, -0.7505058646202087, -0.7963398694992065, -0.7993239164352417, -0.7978454828262329], "lowlevel.spectral_contrast_coeffs.stdev": [0.07418648898601532, 0.09000301361083984, 0.06036053225398064, 0.05045255273580551, 0.04308247193694115, 0.04068385809659958], "lowlevel.spectral_contrast_valleys.mean": [-7.170895099639893, -7.460144519805908, -8.355382919311523, -8.838888168334961, -8.960254669189453, -11.217617988586426], "lowlevel.spectral_contrast_valleys.stdev": [0.9327201247215271, 0.898933470249176, 0.8190181255340576, 0.873289167881012, 1.193866491317749, 1.548264980316162], "rhythm.beats_loudness_band_ratio.mean": [0.5371950268745422, 0.2622256875038147, 0.19044877588748932, 0.036125555634498596, 0.012559189461171627, 0.0435321144759655], "rhythm.beats_loudness_band_ratio.stdev": [0.27631044387817383, 0.215651273727417, 0.22445864975452423, 0.04346509650349617, 0.020484555512666702, 0.10754284262657166], "tonal.hpcp.mean": [0.0597047284245491, 0.059829216450452805, 0.09531866014003754, 0.2542044520378113, 0.2041487693786621, 0.030452480539679527, 0.011880534701049328, 0.012688642367720604, 0.06571504473686218, 0.13443869352340698, 0.08845480531454086, 0.01672206073999405, 0.008960406295955181, 0.014916809275746346, 0.03172336518764496, 0.05138709023594856, 0.05137621983885765, 0.09384851157665253, 0.12527528405189514, 0.06397198885679245, 0.022502705454826355, 0.022460827603936195, 0.029951367527246475, 0.21486803889274597, 0.42480120062828064, 0.25354835391044617, 0.03373942896723747, 0.013542485423386097, 0.018176093697547913, 0.11622074991464615, 0.22516116499900818, 0.133568674325943, 0.01776096411049366, 0.013154208660125732, 0.014596082270145416, 0.029423369094729424], "tonal.hpcp.stdev": [0.18989594280719757, 0.18291032314300537, 0.18863001465797424, 0.3554762601852417, 0.30054354667663574, 0.11547304689884186, 0.062068670988082886, 0.07117429375648499, 0.16194011270999908, 0.2825964391231537, 0.1991407424211502, 0.08802834898233414, 0.04683242365717888, 0.08831837773323059, 0.12981417775154114, 0.14284725487232208, 0.1431393176317215, 0.21985653042793274, 0.2948901057243347, 0.18065455555915833, 0.10568074882030487, 0.11117793619632721, 0.11315124481916428, 0.26840803027153015, 0.44506004452705383, 0.29501664638519287, 0.13483820855617523, 0.0805574357509613, 0.0881873071193695, 0.22276045382022858, 0.37153205275535583, 0.2362021654844284, 0.0865364670753479, 0.08044072240591049, 0.08196953684091568, 0.12011032551527023], "rhythm.beats_position": [0.6269387602806091, 1.2422676086425781, 1.8575963973999023, 2.4845352172851562, 3.1230838298797607, 3.7616326808929443, 4.388571262359619, 5.015510082244873, 5.642448902130127, 6.1416778564453125, 6.640906810760498, 7.151745796203613, 7.6625847816467285, 8.173423767089844, 8.661043167114258, 9.148661613464355, 9.6478910446167, 10.147119522094727, 10.657958984375, 11.168798446655273, 11.67963695526123, 12.178866386413574, 12.678094863891602, 13.188934326171875, 13.63011360168457, 14.05968189239502, 14.489251136779785, 14.93043041229248, 15.371609687805176, 15.812788963317871, 16.25396728515625, 16.671926498413086, 17.089885711669922, 17.507844924926758, 17.925804138183594, 18.34376335144043, 18.761722564697266, 19.19129180908203, 19.690521240234375, 20.18975067138672, 20.688980102539062, 21.199817657470703, 21.687437057495117, 22.18666648864746, 22.674285888671875, 23.185123443603516, 23.68435287475586, 24.183582305908203, 24.682811737060547, 25.19365119934082, 25.70448875427246, 26.203718185424805, 26.70294761657715, 27.213787078857422, 27.724624633789062, 28.212244033813477, 28.71147346496582, 29.210702896118164, 29.709932327270508, 30.19754981994629, 30.685169219970703, 31.184398651123047, 31.68362808227539, 32.182857513427734, 32.693695068359375, 33.20453643798828, 33.70376205444336, 34.2029914855957, 34.71383285522461, 35.21306228637695, 35.71228790283203, 36.211517333984375, 36.71074676513672, 37.20997619628906, 37.709205627441406, 38.20843505859375, 38.707664489746094, 39.195281982421875, 39.70612335205078], "rhythm.bpm_histogram": [0.0, 0.0, 0.0, 0.0, 0.0, 0.0, 0.0, 0.0, 0.0, 0.0, 0.0, 0.0, 0.0, 0.0, 0.0, 0.0, 0.0, 0.0, 0.0, 0.0, 0.0, 0.0, 0.0, 0.0, 0.0, 0.0, 0.0, 0.0, 0.0, 0.0, 0.0, 0.0, 0.0, 0.0, 0.0, 0.0, 0.0, 0.0, 0.0, 0.0, 0.0, 0.0, 0.0, 0.0, 0.0, 0.0, 0.0, 0.0, 0.0, 0.0, 0.0, 0.0, 0.0, 0.0, 0.0, 0.0, 0.0, 0.0, 0.0, 0.0, 0.0, 0.0, 0.0, 0.0, 0.0, 0.0, 0.0, 0.0, 0.0, 0.0, 0.0, 0.0, 0.0, 0.0, 0.0, 0.0, 0.0, 0.0, 0.0, 0.0, 0.0, 0.0, 0.0, 0.0, 0.0, 0.0, 0.0, 0.0, 0.0, 0.0, 0.0, 0.0, 0.0, 0.0, 0.025641025975346565, 0.0, 0.05128205195069313, 0.0, 0.025641025975346565, 0.0, 0.0, 0.0, 0.0, 0.0, 0.0, 0.0, 0.0, 0.0, 0.0, 0.0, 0.0, 0.0, 0.0, 0.0, 0.0, 0.0, 0.0, 0.21794871985912323, 0.0, 0.0, 0.39743590354919434, 0.0, 0.0, 0.10256410390138626, 0.0, 0.0, 0.0, 0.0, 0.0, 0.0, 0.0, 0.0, 0.0, 0.0, 0.0, 0.0, 0.06410256773233414, 0.0, 0.0, 0.0, 0.03846153989434242, 0.0, 0.0, 0.0, 0.07692307978868484, 0.0, 0.0, 0.0, 0.0, 0.0, 0.0, 0.0, 0.0, 0.0, 0.0, 0.0, 0.0, 0.0, 0.0, 0.0, 0.0, 0.0, 0.0, 0.0, 0.0, 0.0, 0.0, 0.0, 0.0, 0.0, 0.0, 0.0, 0.0, 0.0, 0.0, 0.0, 0.0, 0.0, 0.0, 0.0, 0.0, 0.0, 0.0, 0.0, 0.0, 0.0, 0.0, 0.0, 0.0, 0.0, 0.0, 0.0, 0.0, 0.0, 0.0, 0.0, 0.0, 0.0, 0.0, 0.0, 0.0, 0.0, 0.0, 0.0, 0.0, 0.0, 0.0, 0.0, 0.0, 0.0, 0.0, 0.0, 0.0, 0.0, 0.0, 0.0, 0.0, 0.0, 0.0, 0.0, 0.0, 0.0, 0.0, 0.0, 0.0, 0.0, 0.0, 0.0, 0.0, 0.0, 0.0, 0.0, 0.0, 0.0, 0.0, 0.0, 0.0, 0.0, 0.0, 0.0, 0.0, 0.0, 0.0, 0.0, 0.0, 0.0, 0.0, 0.0, 0.0, 0.0], "tonal.chords_histogram": [40.3244514465332, 7.184240818023682, 17.612977981567383, 0.0, 0.0, 0.46349942684173584, 3.592120409011841, 0.0, 0.0, 0.0, 0.0, 0.0, 0.0, 0.0, 0.0, 0.0, 0.0, 3.3603708744049072, 0.0, 2.780996561050415, 0.0, 1.042873740196228, 11.12398624420166, 12.514484405517578], "tonal.thpcp": [1.0, 0.5968635678291321, 0.07942404597997665, 0.03187958523631096, 0.04278729483485222, 0.2735885679721832, 0.5300388932228088, 0.3144263029098511, 0.041810061782598495, 0.030965562909841537, 0.03435979411005974, 0.06926385313272476, 0.14054745435714722, 0.14084050059318542, 0.2243841588497162, 0.598408043384552, 0.4805748462677002, 0.07168642431497574, 0.027967281639575958, 0.029869601130485535, 0.1546960026025772, 0.31647437810897827, 0.20822635293006897, 0.03936443850398064, 0.021093174815177917, 0.035114798694849014, 0.07467814534902573, 0.12096738815307617, 0.12094179540872574, 0.22092336416244507, 0.29490330815315247, 0.15059277415275574, 0.05297232046723366, 0.05287373811006546, 0.07050678879022598, 0.5058084726333618], "lowlevel.gfcc.cov": [[8810.6533203125, -2551.21044921875, 186.3341522216797, 644.0798950195312, -1413.0836181640625, 308.9217529296875, -543.6856689453125, 384.8664245605469, -170.96681213378906, 574.7217407226562, -187.52249145507812, 316.513916015625, -9.223065376281738], [-2551.21044921875, 2855.93896484375, -217.95736694335938, -670.5733642578125, 999.8910522460938, -257.226806640625, 381.6446228027344, -141.36032104492188, 302.7950439453125, -277.3059997558594, 203.5869598388672, -62.99174499511719, 68.25825500488281], [186.3341522216797, -217.95736694335938, 379.919921875, 172.29617309570312, 3.9029102325439453, 133.97752380371094, 63.125953674316406, 42.36640167236328, 3.3483099937438965, 41.49474334716797, -5.752853870391846, 15.76743221282959, 22.711162567138672], [644.0798950195312, -670.5733642578125, 172.29617309570312, 523.5516357421875, -89.52385711669922, 141.88864135742188, -22.911558151245117, 12.353568077087402, -5.107475280761719, 48.56996154785156, -15.292275428771973, -25.795766830444336, 68.33000946044922], [-1413.0836181640625, 999.8910522460938, 3.9029102325439453, -89.52385711669922, 681.3458862304688, -6.702112674713135, 156.03695678710938, -45.06276321411133, 148.62615966796875, -122.94363403320312, 73.35504150390625, -55.144718170166016, 71.61438751220703], [308.9217529296875, -257.226806640625, 133.97752380371094, 141.88864135742188, -6.702112674713135, 195.5419464111328, 67.20660400390625, 53.6356086730957, 17.418254852294922, 12.59823226928711, 1.4633487462997437, -8.10584831237793, 14.147367477416992], [-543.6856689453125, 381.6446228027344, 63.125953674316406, -22.911558151245117, 156.03695678710938, 67.20660400390625, 308.5793762207031, 55.043243408203125, 49.77559280395508, -68.90829467773438, 58.37136459350586, -19.33670425415039, -14.70577335357666], [384.8664245605469, -141.36032104492188, 42.36640167236328, 12.353568077087402, -45.06276321411133, 53.6356086730957, 55.043243408203125, 135.39627075195312, 27.194454193115234, 35.53141784667969, 4.382533550262451, 27.4471492767334, -7.01882266998291], [-170.96681213378906, 302.7950439453125, 3.3483099937438965, -5.107475280761719, 148.62615966796875, 17.418254852294922, 49.77559280395508, 27.194454193115234, 149.47850036621094, 17.832273483276367, 28.284595489501953, -7.671453475952148, 47.3326301574707], [574.7217407226562, -277.3059997558594, 41.49474334716797, 48.56996154785156, -122.94363403320312, 12.59823226928711, -68.90829467773438, 35.53141784667969, 17.832273483276367, 169.75502014160156, -9.634054183959961, 28.494400024414062, -8.007949829101562], [-187.52249145507812, 203.5869598388672, -5.752853870391846, -15.292275428771973, 73.35504150390625, 1.4633487462997437, 58.37136459350586, 4.382533550262451, 28.284595489501953, -9.634054183959961, 106.8305435180664, 2.2912349700927734, -6.489141464233398], [316.513916015625, -62.99174499511719, 15.76743221282959, -25.795766830444336, -55.144718170166016, -8.10584831237793, -19.33670425415039, 27.4471492767334, -7.671453475952148, 28.494400024414062, 2.2912349700927734, 88.85871124267578, 16.8386287689209], [-9.223065376281738, 68.25825500488281, 22.711162567138672, 68.33000946044922, 71.61438751220703, 14.147367477416992, -14.70577335357666, -7.01882266998291, 47.3326301574707, -8.007949829101562, -6.489141464233398, 16.8386287689209, 111.51749420166016]], "lowlevel.gfcc.icov": [[0.00035362280323170125, -0.0005494107608683407, 0.0002494190994184464, -0.000782293442171067, 0.0007723805028945208, -0.0009211705182678998, 0.0008423576946370304, -0.0010929207783192396, 0.0005858941585756838, -0.0006147335516288877, 0.00046245360863395035, -0.0008284132927656174, 0.0003163944638799876], [-0.0005494107608683407, 0.003690866520628333, -0.0007551734452135861, 0.0038131510373204947, -0.0030932885129004717, 0.003873431356623769, -0.00346754165366292, 0.00408115005120635, -0.004070251248776913, 0.002128870226442814, -0.002562479814514518, 0.0015872218646109104, -0.001700857887044549], [0.0002494190994184464, -0.0007551734452135861, 0.004237978719174862, -0.0017198027344420552, 0.0002754777669906616, -0.002938006306067109, 6.579049659194425e-05, -0.0009583268547430634, 0.001671933219768107, -0.001761006424203515, 0.0011714844731613994, -0.0018451468786224723, 0.0003284025005996227], [-0.000782293442171067, 0.0038131510373204947, -0.0017198027344420552, 0.007355002220720053, -0.002855747239664197, 0.00262455060146749, -0.0035586939193308353, 0.004779525566846132, -0.003428937867283821, 0.0017378948396071792, -0.0033041101414710283, 0.004225873854011297, -0.00447273813188076], [0.0007723805028945208, -0.0030932885129004717, 0.0002754777669906616, -0.002855747239664197, 0.005835045129060745, -0.003420531749725342, 0.002647570800036192, -0.0029317422304302454, 0.0010170189198106527, -0.000637536053545773, 0.0012747677974402905, -0.0008137800032272935, 0.00022193905897438526], [-0.0009211705182678998, 0.003873431356623769, -0.002938006306067109, 0.00262455060146749, -0.003420531749725342, 0.013301104307174683, -0.005185253452509642, 0.0024511751253157854, -0.004671545699238777, 0.002978917444124818, -0.002573471050709486, 0.0035971563775092363, -0.001973359379917383], [0.0008423576946370304, -0.00346754165366292, 6.579049659194425e-05, -0.0035586939193308353, 0.002647570800036192, -0.005185253452509642, 0.009224755689501762, -0.0066002532839775085, 0.002719014883041382, 0.00010472730355104432, 0.0005891325417906046, -0.0017199935391545296, 0.0032653119415044785], [-0.0010929207783192396, 0.00408115005120635, -0.0009583268547430634, 0.004779525566846132, -0.0029317422304302454, 0.0024511751253157854, -0.0066002532839775085, 0.01661435142159462, -0.007223661057651043, 0.0015263799577951431, -0.0021160070318728685, -0.0008029456366784871, -0.00040098154568113387], [0.0005858941585756838, -0.004070251248776913, 0.001671933219768107, -0.003428937867283821, 0.0010170189198106527, -0.004671545699238777, 0.002719014883041382, -0.007223661057651043, 0.017145590856671333, -0.006430601701140404, 0.0011973673244938254, 0.0009708888828754425, -0.0036722493823617697], [-0.0006147335516288877, 0.002128870226442814, -0.001761006424203515, 0.0017378948396071792, -0.000637536053545773, 0.002978917444124818, 0.00010472730355104432, 0.0015263799577951431, -0.006430601701140404, 0.011137430556118488, -0.0018936983542516828, -0.0004312022356316447, 0.0015653640730306506], [0.00046245360863395035, -0.002562479814514518, 0.0011714844731613994, -0.0033041101414710283, 0.0012747677974402905, -0.002573471050709486, 0.0005891325417906046, -0.0021160070318728685, 0.0011973673244938254, -0.0018936983542516828, 0.013373867608606815, -0.0035942825488746166, 0.0035217448603361845], [-0.0008284132927656174, 0.0015872218646109104, -0.0018451468786224723, 0.004225873854011297, -0.0008137800032272935, 0.0035971563775092363, -0.0017199935391545296, -0.0008029456366784871, 0.0009708888828754425, -0.0004312022356316447, -0.0035942825488746166, 0.018196405842900276, -0.0068644448183476925], [0.0003163944638799876, -0.001700857887044549, 0.0003284025005996227, -0.00447273813188076, 0.00022193905897438526, -0.001973359379917383, 0.0032653119415044785, -0.00040098154568113387, -0.0036722493823617697, 0.0015653640730306506, 0.0035217448603361845, -0.0068644448183476925, 0.016133803874254227]], "lowlevel.mfcc.cov": [[7717.98876953125, -3054.460205078125, 982.6312255859375, -93.06371307373047, -535.3330078125, -203.127197265625, -338.5307922363281, -287.0962829589844, 24.9442195892334, -66.30011749267578, 90.7529525756836, 20.35330581665039, 52.504112243652344], [-3054.460205078125, 3363.958251953125, -879.9882202148438, -57.858463287353516, 328.5916748046875, 44.048553466796875, 80.66300964355469, 259.242919921875, 28.091936111450195, 14.336798667907715, 52.11034393310547, 102.9916763305664, 72.4345474243164], [982.6312255859375, -879.9882202148438, 547.3719482421875, 41.79502868652344, -113.5273666381836, 51.928192138671875, 37.84859085083008, -24.822839736938477, 16.34328269958496, 29.241531372070312, 10.598215103149414, -23.771697998046875, 6.463407516479492], [-93.06371307373047, -57.858463287353516, 41.79502868652344, 251.4475860595703, 101.32490539550781, 88.68850708007812, 45.953556060791016, 11.243245124816895, 36.18033218383789, 54.274444580078125, -12.47192096710205, -4.016551971435547, 16.178224563598633], [-535.3330078125, 328.5916748046875, -113.5273666381836, 101.32490539550781, 387.4124755859375, 109.0551986694336, 22.239667892456055, 23.496397018432617, 61.25699996948242, 68.18199157714844, -38.9446907043457, 0.46752166748046875, 10.872513771057129], [-203.127197265625, 44.048553466796875, 51.928192138671875, 88.68850708007812, 109.0551986694336, 172.24993896484375, 63.30571365356445, 30.690099716186523, 50.88275909423828, 65.81584930419922, -7.466243267059326, 5.130212783813477, 9.382125854492188], [-338.5307922363281, 80.66300964355469, 37.84859085083008, 45.953556060791016, 22.239667892456055, 63.30571365356445, 204.62738037109375, 117.1061019897461, 4.406228065490723, 49.80686950683594, 26.868940353393555, 24.46889877319336, 2.893554925918579], [-287.0962829589844, 259.242919921875, -24.822839736938477, 11.243245124816895, 23.496397018432617, 30.690099716186523, 117.1061019897461, 197.4049072265625, 46.53384017944336, 33.40129470825195, 13.667152404785156, 21.429359436035156, 17.91421890258789], [24.9442195892334, 28.091936111450195, 16.34328269958496, 36.18033218383789, 61.25699996948242, 50.88275909423828, 4.406228065490723, 46.53384017944336, 143.1490020751953, 64.39754486083984, -13.794048309326172, -7.3835649490356445, 22.892351150512695], [-66.30011749267578, 14.336798667907715, 29.241531372070312, 54.274444580078125, 68.18199157714844, 65.81584930419922, 49.80686950683594, 33.40129470825195, 64.39754486083984, 146.8352813720703, 36.06019592285156, 22.30384635925293, 7.812302112579346], [90.7529525756836, 52.11034393310547, 10.598215103149414, -12.47192096710205, -38.9446907043457, -7.466243267059326, 26.868940353393555, 13.667152404785156, -13.794048309326172, 36.06019592285156, 118.96245574951172, 52.57466506958008, 5.885035037994385], [20.35330581665039, 102.9916763305664, -23.771697998046875, -4.016551971435547, 0.46752166748046875, 5.130212783813477, 24.46889877319336, 21.429359436035156, -7.3835649490356445, 22.30384635925293, 52.57466506958008, 104.01783752441406, 17.676284790039062], [52.504112243652344, 72.4345474243164, 6.463407516479492, 16.178224563598633, 10.872513771057129, 9.382125854492188, 2.893554925918579, 17.91421890258789, 22.892351150512695, 7.812302112579346, 5.885035037994385, 17.676284790039062, 86.00801086425781]], "lowlevel.mfcc.icov": [[0.000261746346950531, 0.00019100448116660118, -0.00020304536155890673, 2.2571064619114622e-05, 6.572980055352673e-05, 0.00014656817074865103, 0.00044197856914252043, -0.00010157500219065696, -0.00016904011135920882, 9.29214947973378e-05, -0.0002489777689334005, -0.0002444835554342717, -0.00022380822338163853], [0.00019100448116660118, 0.0007942607626318932, 0.0008420358062721789, 0.00021865041344426572, -0.0001921922666952014, -0.00031286815647035837, 0.0004095580952707678, -0.0007685769232921302, 2.754204615484923e-05, 0.0002184874756494537, -0.0005810121074318886, -0.00018812896450981498, -0.0006339476094581187], [-0.00020304536155890673, 0.0008420358062721789, 0.003967161290347576, 1.6500503988936543e-05, 0.0007004986400716007, -0.001705340575426817, -0.0008308879332616925, -0.00018375890795141459, 1.3093014786136337e-05, -0.00017146744357887655, -0.0005261293845251203, 0.0008764220983721316, -0.0008547600009478629], [2.2571064619114622e-05, 0.00021865041344426572, 1.6500503988936543e-05, 0.00534268980845809, -0.0008636298589408398, -0.001693774713203311, -0.0007596210343763232, 0.00041768094524741173, -1.3516201988750254e-06, -0.0007390935206785798, 0.0003010279033333063, 0.0003446393820922822, -0.0009955668356269598], [6.572980055352673e-05, -0.0001921922666952014, 0.0007004986400716007, -0.0008636298589408398, 0.004159305244684219, -0.0017850797157734632, 0.00031513129943050444, 0.00031342165311798453, -0.0004190307226963341, -0.0012155685108155012, 0.0014648477081209421, -0.000275154277915135, 2.858621655832394e-06], [0.00014656817074865103, -0.00031286815647035837, -0.001705340575426817, -0.001693774713203311, -0.0017850797157734632, 0.01040133647620678, -0.0022039583418518305, 0.0010954210301861167, -0.0018066407646983862, -0.0016378354048356414, 0.0010377406142652035, -0.0007331846281886101, 0.0002671063703019172], [0.00044197856914252043, 0.0004095580952707678, -0.0008308879332616925, -0.0007596210343763232, 0.00031513129943050444, -0.0022039583418518305, 0.010560547932982445, -0.006221513729542494, 0.0030568104702979326, -0.0017069715540856123, -0.0010398763697594404, -0.0007485150708816946, 0.00029815701418556273], [-0.00010157500219065696, -0.0007685769232921302, -0.00018375890795141459, 0.00041768094524741173, 0.00031342165311798453, 0.0010954210301861167, -0.006221513729542494, 0