{"song_id": "1182280112335503370", "download": "https://cdn.discordapp.com/attachments/1128313332273782784/1182280112335503370/chirp.mp4?ex=65841f28&amp", "lyrics": "For the second year we are on twich our live show is called it's not TV\nwith Mario Daniel and Pendola\nbut Kike isn't there?\nYou can find him hiding behind a tree\n\n[chorus]\n you can watch us on TV but it's not TV \nwe are live connect twitch to your tv \nbut remember it's not a TV\n\nI'll tell you what I think\n you tell me what you think\n Strange things happen out there\n Even stranger things happen in here\n\n[chorus]\n you can watch us on TV but it's not TV we are live connect twitch to your tv\nbut remember it's not a TV \n\nOne couch, four assholes. It's not the start of a gangbang, it's not TV. \nlike Baldo dog or wolf no one knows what he is. \nbut sure it's not TV.", "style": ["lyric"], "essentia_features": {"lowlevel.average_loudness": 0.9747278690338135, "lowlevel.barkbands_crest.mean": 13.211816787719727, "lowlevel.barkbands_crest.stdev": 5.43859338760376, "lowlevel.barkbands_flatness_db.mean": 0.21165716648101807, "lowlevel.barkbands_flatness_db.stdev": 0.07879550755023956, "lowlevel.barkbands_kurtosis.mean": 22.54175567626953, "lowlevel.barkbands_kurtosis.stdev": 51.25062561035156, "lowlevel.barkbands_skewness.mean": 2.2260732650756836, "lowlevel.barkbands_skewness.stdev": 3.5870797634124756, "lowlevel.barkbands_spread.mean": 20.20485496520996, "lowlevel.barkbands_spread.stdev": 18.90366554260254, "lowlevel.dissonance.mean": 0.45502930879592896, "lowlevel.dissonance.stdev": 0.046693120151758194, "lowlevel.dynamic_complexity": 3.5658230781555176, "lowlevel.erbbands_crest.mean": 12.413537979125977, "lowlevel.erbbands_crest.stdev": 5.171627044677734, "lowlevel.erbbands_flatness_db.mean": 0.19749809801578522, "lowlevel.erbbands_flatness_db.stdev": 0.052850376814603806, "lowlevel.erbbands_kurtosis.mean": 3.4132134914398193, "lowlevel.erbbands_kurtosis.stdev": 7.570545673370361, "lowlevel.erbbands_skewness.mean": 0.29757067561149597, "lowlevel.erbbands_skewness.stdev": 1.501131296157837, "lowlevel.erbbands_spread.mean": 44.53010940551758, "lowlevel.erbbands_spread.stdev": 33.378475189208984, "lowlevel.hfc.mean": 33.67802810668945, "lowlevel.hfc.stdev": 63.664669036865234, "lowlevel.loudness_ebu128.integrated": -14.759795188903809, "lowlevel.loudness_ebu128.loudness_range": 1.1285743713378906, "lowlevel.loudness_ebu128.momentary.mean": -15.177496910095215, "lowlevel.loudness_ebu128.momentary.stdev": 2.3217670917510986, "lowlevel.loudness_ebu128.short_term.mean": -14.720004081726074, "lowlevel.loudness_ebu128.short_term.stdev": 0.36837270855903625, "lowlevel.melbands_crest.mean": 19.102758407592773, "lowlevel.melbands_crest.stdev": 7.647953510284424, "lowlevel.melbands_flatness_db.mean": 0.24933089315891266, "lowlevel.melbands_flatness_db.stdev": 0.1083662211894989, "lowlevel.melbands_kurtosis.mean": 56.202449798583984, "lowlevel.melbands_kurtosis.stdev": 100.91616821289062, "lowlevel.melbands_skewness.mean": 4.25401496887207, "lowlevel.melbands_skewness.stdev": 4.579761028289795, "lowlevel.melbands_spread.mean": 32.79518127441406, "lowlevel.melbands_spread.stdev": 46.22694396972656, "lowlevel.pitch_salience.mean": 0.4445295035839081, "lowlevel.pitch_salience.stdev": 0.21431836485862732, "lowlevel.silence_rate_20dB.mean": 1.0, "lowlevel.silence_rate_20dB.stdev": 0.0, "lowlevel.silence_rate_30dB.mean": 1.0, "lowlevel.silence_rate_30dB.stdev": 0.0, "lowlevel.silence_rate_60dB.mean": 0.16061775386333466, "lowlevel.silence_rate_60dB.stdev": 0.36717796325683594, "lowlevel.spectral_centroid.mean": 1426.083251953125, "lowlevel.spectral_centroid.stdev": 1464.4014892578125, "lowlevel.spectral_complexity.mean": 8.734362602233887, "lowlevel.spectral_complexity.stdev": 7.110836505889893, "lowlevel.spectral_decrease.mean": -5.772488265165521e-09, "lowlevel.spectral_decrease.stdev": 5.438860917195143e-09, "lowlevel.spectral_energy.mean": 0.024841399863362312, "lowlevel.spectral_energy.stdev": 0.021291879937052727, "lowlevel.spectral_energyband_high.mean": 0.0025486615486443043, "lowlevel.spectral_energyband_high.stdev": 0.007403514813631773, "lowlevel.spectral_energyband_low.mean": 0.0029971334151923656, "lowlevel.spectral_energyband_low.stdev": 0.005319379735738039, "lowlevel.spectral_energyband_middle_high.mean": 0.005062761716544628, "lowlevel.spectral_energyband_middle_high.stdev": 0.01008036732673645, "lowlevel.spectral_energyband_middle_low.mean": 0.016832780092954636, "lowlevel.spectral_energyband_middle_low.stdev": 0.01851230300962925, "lowlevel.spectral_entropy.mean": 7.34841775894165, "lowlevel.spectral_entropy.stdev": 0.7881557941436768, "lowlevel.spectral_flux.mean": 0.09269437193870544, "lowlevel.spectral_flux.stdev": 0.05378936603665352, "lowlevel.spectral_kurtosis.mean": 4.804247856140137, "lowlevel.spectral_kurtosis.stdev": 4.277591228485107, "lowlevel.spectral_rms.mean": 0.00430145813152194, "lowlevel.spectral_rms.stdev": 0.0023943614214658737, "lowlevel.spectral_rolloff.mean": 2692.193603515625, "lowlevel.spectral_rolloff.stdev": 3634.357666015625, "lowlevel.spectral_skewness.mean": 1.7984111309051514, "lowlevel.spectral_skewness.stdev": 0.839573085308075, "lowlevel.spectral_spread.mean": 6505108.5, "lowlevel.spectral_spread.stdev": 2812937.25, "lowlevel.spectral_strongpeak.mean": 1.40709388256073, "lowlevel.spectral_strongpeak.stdev": 2.0250496864318848, "lowlevel.zerocrossingrate.mean": 0.09715213626623154, "lowlevel.zerocrossingrate.stdev": 0.09979786723852158, "metadata.audio_properties.analysis.equal_loudness": 0.0, "metadata.audio_properties.analysis.length": 30.03628158569336, "metadata.audio_properties.analysis.sample_rate": 44100.0, "metadata.audio_properties.analysis.start_time": 0.0, "metadata.audio_properties.bit_rate": 127617.0, "metadata.audio_properties.length": 30.03733253479004, "metadata.audio_properties.lossless": 0.0, "metadata.audio_properties.number_channels": 1.0, "metadata.audio_properties.replay_gain": -12.155340194702148, "metadata.audio_properties.sample_rate": 48000.0, "rhythm.beats_count": 49.0, "rhythm.beats_loudness.mean": 0.03271178901195526, "rhythm.beats_loudness.stdev": 0.017676955088973045, "rhythm.bpm": 96.14375305175781, "rhythm.bpm_histogram_first_peak_bpm": 96.0, "rhythm.bpm_histogram_first_peak_weight": 0.6296296119689941, "rhythm.bpm_histogram_second_peak_bpm": 101.0, "rhythm.bpm_histogram_second_peak_spread": 0.6428571343421936, "rhythm.bpm_histogram_second_peak_weight": 0.1041666641831398, "rhythm.danceability": 1.905914068222046, "rhythm.onset_rate": 5.456076145172119, "tonal.chords_changes_rate": 0.08487654477357864, "tonal.chords_number_rate": 0.015432098880410194, "tonal.chords_strength.mean": 0.5090996026992798, "tonal.chords_strength.stdev": 0.09549350291490555, "tonal.hpcp_crest.mean": 14.263580322265625, "tonal.hpcp_crest.stdev": 7.021780967712402, "tonal.hpcp_entropy.mean": 2.0423901081085205, "tonal.hpcp_entropy.stdev": 0.8353386521339417, "tonal.key_edma.strength": 0.492717981338501, "tonal.key_krumhansl.strength": 0.47737550735473633, "tonal.key_temperley.strength": 0.4758650064468384, "tonal.tuning_diatonic_strength": 0.3791576027870178, "tonal.tuning_equal_tempered_deviation": 0.22423803806304932, "tonal.tuning_frequency": 438.2245178222656, "tonal.tuning_nontempered_energy_ratio": 0.8472593426704407, "lowlevel.barkbands.mean": [2.3692430204391712e-06, 1.1167077900609002e-05, 0.00041806302033364773, 0.008659380488097668, 0.005215980112552643, 0.0008233266416937113, 0.00036107265623286366, 0.0007974021718837321, 0.0009008573251776397, 0.000735694426111877, 0.0007573681650683284, 0.0009093305561691523, 0.0007241854327730834, 0.00046692631440237164, 0.00046391974319703877, 0.00031954291625879705, 0.00035164563450962305, 0.0001644705334911123, 0.00014768099936190993, 0.00015383724530693144, 0.00020649661018978804, 0.0001906573015730828, 0.00031383647001348436, 0.000881432555615902, 0.0006955359713174403, 0.0001680617278907448, 1.161735212917847e-06], "lowlevel.barkbands.stdev": [5.9261747082928196e-06, 0.00013852617121301591, 0.00122425879817456, 0.01226255763322115, 0.00886980164796114, 0.0019207025179639459, 0.0020496805664151907, 0.002575597492977977, 0.003160951193422079, 0.002644795458763838, 0.0031930601689964533, 0.004118428099900484, 0.002788361394777894, 0.0016364597249776125, 0.001644725794903934, 0.0009948420338332653, 0.000712797453161329, 0.00032929849112406373, 0.000513570150360465, 0.000725668272934854, 0.0009559790487401187, 0.0006700789090245962, 0.0010797581635415554, 0.002885536989197135, 0.002211879240348935, 0.0005287027452141047, 4.977111530024558e-06], "lowlevel.erbbands.mean": [0.0005043027922511101, 0.010764512233436108, 0.4818750023841858, 13.273176193237305, 35.82487487792969, 6.736678600311279, 4.887411117553711, 8.469914436340332, 5.754867076873779, 11.184503555297852, 14.688676834106445, 21.427997589111328, 16.143640518188477, 33.959632873535156, 38.50892639160156, 32.87474060058594, 32.65338134765625, 28.763742446899414, 24.25082778930664, 21.680822372436523, 17.943225860595703, 19.725841522216797, 11.001399993896484, 6.714470386505127, 7.320065975189209, 7.241053104400635, 9.162168502807617, 7.087533950805664, 6.8296799659729, 7.3520708084106445, 9.290142059326172, 13.330384254455566, 17.565814971923828, 10.462719917297363, 3.3908307552337646, 1.0398797988891602, 0.24022391438484192, 0.023307278752326965, 0.0005262539489194751, 6.389259215211496e-05], "lowlevel.erbbands.stdev": [0.0019191439496353269, 0.04046144336462021, 0.9064305424690247, 18.912790298461914, 50.827049255371094, 12.41342544555664, 7.340341567993164, 21.621288299560547, 29.434093475341797, 36.448787689208984, 51.969505310058594, 77.41485595703125, 52.72420883178711, 131.30653381347656, 157.15318298339844, 129.7645263671875, 119.1233901977539, 95.12037658691406, 84.6864242553711, 70.7403335571289, 51.561824798583984, 37.63503646850586, 20.445920944213867, 18.306480407714844, 27.15203285217285, 33.757911682128906, 42.33428192138672, 30.542678833007812, 24.763690948486328, 24.816627502441406, 31.890140533447266, 47.469322204589844, 56.67411422729492, 33.280113220214844, 11.120712280273438, 3.3255810737609863, 0.7333619594573975, 0.07763075828552246, 0.0016094623133540154, 0.00010765479964902624], "lowlevel.gfcc.mean": [-69.27825164794922, 36.07561111450195, -99.60255432128906, 21.3400936126709, -54.85643005371094, 11.2958345413208, -75.54011535644531, 2.5466582775115967, -53.0406608581543, -12.410833358764648, -29.21940803527832, -11.368104934692383, -14.813031196594238], "lowlevel.melbands.mean": [2.585528363852063e-06, 0.0002532294893171638, 0.0033110210206359625, 0.0014584894524887204, 0.00015996739966794848, 0.00017695131828077137, 8.363422239199281e-05, 0.0001417011662852019, 0.00011058567906729877, 0.00014315488806460053, 7.79724505264312e-05, 0.00013579385995399207, 0.0001108355718315579, 0.0001087688360712491, 7.363079203059897e-05, 7.505220855819061e-05, 5.000595410820097e-05, 3.862469384330325e-05, 3.177288454025984e-05, 2.5173814719892107e-05, 1.9876226360793225e-05, 2.1049290808150545e-05, 1.6256701201200485e-05, 5.463173238240415e-06, 5.300953489495441e-06, 5.89905812375946e-06, 4.564918071991997e-06, 4.8211518333118875e-06, 5.547340606426587e-06, 5.404896000982262e-06, 3.7499123664019862e-06, 4.019605512439739e-06, 3.38062045557308e-06, 4.385051852295874e-06, 4.954281848768005e-06, 6.366931756929262e-06, 8.814027751213871e-06, 1.249872730113566e-05, 1.1689807251968887e-05, 7.962413292261772e-06], "lowlevel.melbands.stdev": [2.8212858524057083e-05, 0.00048585719196125865, 0.004295106045901775, 0.0022638665977865458, 0.00024290074361488223, 0.0004469689738471061, 0.000444435456302017, 0.00045478675747290254, 0.00041954516200348735, 0.0005261994665488601, 0.0002599782310426235, 0.0005301917553879321, 0.0004413558926898986, 0.0005199489532969892, 0.0002976061950903386, 0.0002972243237309158, 0.00017727100930642337, 0.0001359921006951481, 0.00010623742127791047, 8.285910007543862e-05, 5.8613331930246204e-05, 4.363187690614723e-05, 3.163210567436181e-05, 1.0835999091796111e-05, 1.551281638967339e-05, 2.2991236619418487e-05, 1.9190072634955868e-05, 2.3507394871558063e-05, 2.523359944461845e-05, 2.6734431230579503e-05, 1.597671325725969e-05, 1.5246555449266452e-05, 1.1416909728723112e-05, 1.5263049135683104e-05, 1.708476156636607e-05, 2.293676880071871e-05, 3.201789513695985e-05, 3.97476542275399e-05, 3.9968290366232395e-05, 2.4994355044327676e-05], "lowlevel.melbands128.mean": [1.1325068953738082e-06, 1.4199885072230245e-06, 2.730570486164652e-06, 5.62497280043317e-06, 2.6364103177911602e-05, 0.0002807391865644604, 0.0019917425233870745, 0.005348805338144302, 0.0040645417757332325, 0.0008351317956112325, 8.42389345052652e-05, 0.00018750464369077235, 0.00016441817570012063, 0.00013170715828891844, 0.0002338446502108127, 0.00017540772387292236, 9.908992797136307e-05, 6.68690336169675e-05, 5.945621524006128e-05, 0.00011825799447251484, 0.00020905719429720193, 0.00014608664787374437, 9.778804815141484e-05, 6.372384814312682e-05, 0.00013029220281168818, 0.0002086427848553285, 0.00010081593063659966, 3.947750519728288e-05, 6.384323933161795e-05, 0.000163149947184138, 0.00016983879322651774, 7.110169826773927e-05, 7.676205859752372e-05, 0.00017298862803727388, 0.00014126433234196156, 7.117207860574126e-05, 8.028752927202731e-05, 9.251307346858084e-05, 4.644052387448028e-05, 7.384706259472296e-05, 9.775537910172716e-05, 5.230292663327418e-05, 4.778401125804521e-05, 5.530135604203679e-05, 3.15244251396507e-05, 3.883646786562167e-05, 4.256152897141874e-05, 2.591350130387582e-05, 3.1171792215900496e-05, 3.28363457811065e-05, 1.9837376385112293e-05, 2.4561773898312822e-05, 1.9546439943951555e-05, 1.754715049173683e-05, 2.1246694814180955e-05, 2.27532673306996e-05, 1.9416254872339778e-05, 1.9490433260216378e-05, 1.6160556697286665e-05, 7.730743163847364e-06, 4.353845270088641e-06, 3.75440549760242e-06, 4.819368314201711e-06, 5.653184871334815e-06, 6.420377303584246e-06, 6.109200057835551e-06, 5.847894499311224e-06, 4.184679710306227e-06, 4.4285302465141285e-06, 4.552828158921329e-06, 4.9520176617079414e-06, 4.617045760824112e-06, 5.501193754753331e-06, 5.3582075452141e-06, 6.2082776821625885e-06, 6.397574907168746e-06, 4.718557192973094e-06, 3.2477628337801434e-06, 3.7984900700394064e-06, 3.969766567024635e-06, 4.0698182601772714e-06, 4.2664673856052104e-06, 3.378339670234709e-06, 2.812131469909218e-06, 3.867164195980877e-06, 4.030488526041154e-06, 4.6472405301756226e-06, 5.101910119265085e-06, 4.541185717243934e-06, 4.715875547844917e-06, 7.1125823524198495e-06, 5.709279776056064e-06, 7.318711141124368e-06, 8.655851161165629e-06, 9.374287401442416e-06, 1.2418079677445348e-05, 1.2823877113987692e-05, 1.3540883628593292e-05, 1.2081170098099392e-05, 1.0857704182853922e-05, 9.218062587024178e-06, 7.477260169252986e-06, 6.721748377458425e-06, 4.629117484000744e-06, 3.538382770784665e-06, 2.484637889210717e-06, 2.243219114461681e-06, 2.4941687115642708e-06, 1.7433175116821076e-06, 1.1887869959537056e-06, 1.1252219564994448e-06, 7.180097441050748e-07, 7.842422178327979e-07, 5.996093932481017e-07, 4.0749074514678796e-07, 2.360661426337174e-07, 4.97945364941188e-08, 6.366508653599112e-09, 7.005111490876459e-10, 1.7405705349249345e-11, 1.2164675516901369e-11, 7.607140611876062e-12, 3.926618145216887e-12, 3.811449419965918e-12, 3.5922543151906128e-12, 3.267288349595443e-12, 3.0875677448777283e-12, 3.043753834044982e-12], "lowlevel.melbands128.stdev": [2.721455302889808e-06, 7.757263119856361e-06, 3.573700814740732e-05, 7.4658943049144e-05, 0.0001287223130930215, 0.000819558568764478, 0.0035215707030147314, 0.007633877452462912, 0.006356457713991404, 0.0022838436998426914, 0.00020609355124179274, 0.000327329762512818, 0.0002877220103982836, 0.000390453526051715, 0.0006679778452962637, 0.0005788511480204761, 0.0005806618719361722, 0.0006143514765426517, 0.0005145171307958663, 0.00045465928269550204, 0.0007630270556546748, 0.0005889302701689303, 0.0006076784338802099, 0.00045280216727405787, 0.0005936641828157008, 0.0008936636731959879, 0.0005400840891525149, 0.00024212889547925442, 0.00026735206483863294, 0.0007002249476499856, 0.0008304911898449063, 0.0005506298621185124, 0.00037598732160404325, 0.0008790733409114182, 0.0010145405540242791, 0.0004672706127166748, 0.0004426786326803267, 0.0004903012304566801, 0.00024082124582491815, 0.0004071967850904912, 0.00045026090811006725, 0.000249994860496372, 0.0002501441049389541, 0.00025629496667534113, 0.000122505021863617, 0.00018442347936797887, 0.00022244923457037657, 0.00011357208131812513, 0.0001309674116782844, 0.00016035939916037023, 7.374108099611476e-05, 0.0001088481440092437, 7.312918023671955e-05, 5.115002204547636e-05, 7.276859832927585e-05, 5.4513253417098895e-05, 4.521995288087055e-05, 4.3159689084859565e-05, 3.9413265767507255e-05, 1.717043596727308e-05, 1.0930469215963967e-05, 9.046371815202292e-06, 1.2701694686256815e-05, 1.7119895346695557e-05, 2.872521690733265e-05, 2.592216696939431e-05, 2.548978227423504e-05, 1.7663489416008815e-05, 2.032286283792928e-05, 2.3860158762545325e-05, 2.821397538355086e-05, 2.2134812752483413e-05, 2.733369001362007e-05, 2.594998659333214e-05, 3.164916415698826e-05, 3.3470572816440836e-05, 2.639141894178465e-05, 1.3914008377469145e-05, 1.7769447367754765e-05, 1.7564092559041455e-05, 1.6490814232383855e-05, 1.7172153093270026e-05, 1.2509771295299288e-05, 9.525220775685739e-06, 1.4210300832928624e-05, 1.5091723071236629e-05, 1.827330379455816e-05, 1.9725319361896254e-05, 1.610177605471108e-05, 1.7401494915247895e-05, 2.746616883086972e-05, 2.1297331841196865e-05, 2.9933393307146616e-05, 3.520019890856929e-05, 3.453033423284069e-05, 4.072865340276621e-05, 4.144333070144057e-05, 5.0416041631251574e-05, 4.386644286569208e-05, 3.9204140193760395e-05, 3.0675812013214454e-05, 2.3871638404671103e-05, 2.340574974368792e-05, 1.7540818589623086e-05, 1.365018033538945e-05, 8.06665229902137e-06, 7.85430984251434e-06, 9.240775398211554e-06, 5.876966042706044e-06, 4.366960183688207e-06, 3.8058878999436274e-06, 2.1549799384956714e-06, 2.7191813387617003e-06, 2.1535504401981598e-06, 1.5414198060170747e-06, 9.370822340315499e-07, 1.893318852808079e-07, 4.616671844814846e-08, 1.4239616596967153e-08, 2.0332305283865537e-10, 1.4517666235835947e-10, 9.066294243131878e-11, 1.5684111995262207e-11, 1.495932544504086e-11, 1.1500213975557116e-11, 6.486121535698164e-12, 5.194389189611126e-12, 5.141065524683075e-12], "lowlevel.mfcc.mean": [-724.2564697265625, 80.444091796875, 7.380121231079102, 5.152275562286377, 28.633373260498047, -11.312761306762695, 1.6366032361984253, -14.58262825012207, -9.116412162780762, -20.818687438964844, -17.192882537841797, -14.599124908447266, -15.222329139709473], "lowlevel.spectral_contrast_coeffs.mean": [-0.5246204733848572, -0.7543103098869324, -0.7941601276397705, -0.7844347357749939, -0.7858363389968872, -0.795193076133728], "lowlevel.spectral_contrast_coeffs.stdev": [0.12507757544517517, 0.09940896183252335, 0.08504083752632141, 0.07076199352741241, 0.059535279870033264, 0.046785082668066025], "lowlevel.spectral_contrast_valleys.mean": [-8.68326473236084, -8.23978042602539, -8.414113998413086, -8.305418014526367, -8.274033546447754, -10.348190307617188], "lowlevel.spectral_contrast_valleys.stdev": [0.9495352506637573, 1.2178618907928467, 1.1884764432907104, 0.9809428453445435, 0.9829356074333191, 1.3027253150939941], "rhythm.beats_loudness_band_ratio.mean": [0.3832513988018036, 0.18127505481243134, 0.07884830236434937, 0.1505601704120636, 0.1009858176112175, 0.20322297513484955], "rhythm.beats_loudness_band_ratio.stdev": [0.34043094515800476, 0.21781431138515472, 0.1317582130432129, 0.25284311175346375, 0.12541040778160095, 0.3216567635536194], "tonal.hpcp.mean": [0.07386314123868942, 0.06546919792890549, 0.05090097710490227, 0.041038841009140015, 0.043578505516052246, 0.05196157097816467, 0.057436253875494, 0.05726258084177971, 0.06139124929904938, 0.07056856900453568, 0.07009802013635635, 0.10847114026546478, 0.23933283984661102, 0.19254598021507263, 0.060207922011613846, 0.07478474825620651, 0.10505302995443344, 0.11162256449460983, 0.09530575573444366, 0.09792903810739517, 0.1146654337644577, 0.13198739290237427, 0.16090191900730133, 0.22040897607803345, 0.2421354353427887, 0.2070026397705078, 0.17622098326683044, 0.14030946791172028, 0.11214526742696762, 0.10465443879365921, 0.10889355093240738, 0.10453711450099945, 0.09232459962368011, 0.08764378726482391, 0.08623125404119492, 0.08248809725046158], "tonal.hpcp.stdev": [0.16842739284038544, 0.16144609451293945, 0.13671666383743286, 0.10848979651927948, 0.11906334012746811, 0.1360539346933365, 0.1466713547706604, 0.14409907162189484, 0.1512606292963028, 0.1658352166414261, 0.15093176066875458, 0.18247157335281372, 0.35610583424568176, 0.29872116446495056, 0.1511365920305252, 0.17910102009773254, 0.2323322296142578, 0.23347590863704681, 0.2057352513074875, 0.21044248342514038, 0.2436540424823761, 0.2647075951099396, 0.2853306531906128, 0.3314036428928375, 0.3429228961467743, 0.321780800819397, 0.30374643206596375, 0.26678594946861267, 0.2375737577676773, 0.22780534625053406, 0.23754163086414337, 0.22224822640419006, 0.20737619698047638, 0.18931372463703156, 0.19389863312244415, 0.1896127611398697], "rhythm.beats_position": [0.638548731803894, 1.277097463607788, 1.904036283493042, 2.530975103378296, 3.1579136848449707, 3.7848525047302246, 4.4117913246154785, 5.038730144500732, 5.654058933258057, 6.222947597503662, 6.780226707458496, 7.337505340576172, 7.964444160461426, 8.59138298034668, 9.229931831359863, 9.868480682373047, 10.4954195022583, 11.133968353271484, 11.772517204284668, 12.422675132751465, 13.072834014892578, 13.676552772521973, 14.280271530151367, 14.82594108581543, 15.371609687805176, 15.952108383178711, 16.544218063354492, 17.17115592956543, 17.78648567199707, 18.36698341369629, 18.92426300048828, 19.469932556152344, 20.038820266723633, 20.584489822387695, 21.176597595214844, 21.780317306518555, 22.395645141601562, 22.987754821777344, 23.568254470825195, 24.160362243652344, 24.775691986083984, 25.379409790039062, 25.983129501342773, 26.59845733642578, 27.167346954345703, 27.747844696044922, 28.316734313964844, 28.897233963012695, 29.489341735839844], "rhythm.bpm_histogram": [0.0, 0.0, 0.0, 0.0, 0.0, 0.0, 0.0, 0.0, 0.0, 0.0, 0.0, 0.0, 0.0, 0.0, 0.0, 0.0, 0.0, 0.0, 0.0, 0.0, 0.0, 0.0, 0.0, 0.0, 0.0, 0.0, 0.0, 0.0, 0.0, 0.0, 0.0, 0.0, 0.0, 0.0, 0.0, 0.0, 0.0, 0.0, 0.0, 0.0, 0.0, 0.0, 0.0, 0.0, 0.0, 0.0, 0.0, 0.0, 0.0, 0.0, 0.0, 0.0, 0.0, 0.0, 0.0, 0.0, 0.0, 0.0, 0.0, 0.0, 0.0, 0.0, 0.0, 0.0, 0.0, 0.0, 0.0, 0.0, 0.0, 0.0, 0.0, 0.0, 0.0, 0.0, 0.0, 0.0, 0.0, 0.0, 0.0, 0.0, 0.0, 0.0, 0.0, 0.0, 0.0, 0.0, 0.0, 0.0, 0.0, 0.0, 0.0, 0.0, 0.0416666679084301, 0.0, 0.1041666641831398, 0.0, 0.2083333283662796, 0.0, 0.1041666641831398, 0.1041666641831398, 0.0, 0.1041666641831398, 0.0, 0.1041666641831398, 0.0, 0.0833333358168602, 0.0, 0.0, 0.0625, 0.0, 0.0833333358168602, 0.0, 0.0, 0.0, 0.0, 0.0, 0.0, 0.0, 0.0, 0.0, 0.0, 0.0, 0.0, 0.0, 0.0, 0.0, 0.0, 0.0, 0.0, 0.0, 0.0, 0.0, 0.0, 0.0, 0.0, 0.0, 0.0, 0.0, 0.0, 0.0, 0.0, 0.0, 0.0, 0.0, 0.0, 0.0, 0.0, 0.0, 0.0, 0.0, 0.0, 0.0, 0.0, 0.0, 0.0, 0.0, 0.0, 0.0, 0.0, 0.0, 0.0, 0.0, 0.0, 0.0, 0.0, 0.0, 0.0, 0.0, 0.0, 0.0, 0.0, 0.0, 0.0, 0.0, 0.0, 0.0, 0.0, 0.0, 0.0, 0.0, 0.0, 0.0, 0.0, 0.0, 0.0, 0.0, 0.0, 0.0, 0.0, 0.0, 0.0, 0.0, 0.0, 0.0, 0.0, 0.0, 0.0, 0.0, 0.0, 0.0, 0.0, 0.0, 0.0, 0.0, 0.0, 0.0, 0.0, 0.0, 0.0, 0.0, 0.0, 0.0, 0.0, 0.0, 0.0, 0.0, 0.0, 0.0, 0.0, 0.0, 0.0, 0.0, 0.0, 0.0, 0.0, 0.0, 0.0, 0.0, 0.0, 0.0, 0.0, 0.0, 0.0, 0.0, 0.0, 0.0, 0.0, 0.0, 0.0, 0.0, 0.0, 0.0, 0.0, 0.0, 0.0, 0.0, 0.0, 0.0, 0.0, 0.0], "tonal.chords_histogram": [8.950616836547852, 0.0, 0.46296295523643494, 0.0, 1.080246925354004, 0.15432098507881165, 9.104938507080078, 1.080246925354004, 0.0, 6.635802268981934, 6.481481552124023, 4.012345790863037, 0.0, 0.0, 0.0, 0.0, 6.172839641571045, 0.0, 0.0, 0.3086419701576233, 0.0, 0.0, 4.475308418273926, 51.08024597167969], "tonal.thpcp": [1.0, 0.8549043536186218, 0.7277785539627075, 0.5794668793678284, 0.4631510078907013, 0.4322144687175751, 0.44972166419029236, 0.4317299425601959, 0.3812932074069977, 0.36196184158325195, 0.35612818598747253, 0.3406692445278168, 0.3050488829612732, 0.2703825533390045, 0.2102169692516327, 0.1694871336221695, 0.1799757480621338, 0.21459713578224182, 0.23720714449882507, 0.23648987710475922, 0.253540962934494, 0.29144254326820374, 0.2894992232322693, 0.4479771554470062, 0.9884254932403564, 0.7951995134353638, 0.24865390360355377, 0.3088550269603729, 0.4338606297969818, 0.4609922766685486, 0.39360514283180237, 0.4044390916824341, 0.47355908155441284, 0.5450974106788635, 0.6645120978355408, 0.9102714657783508], "lowlevel.gfcc.cov": [[8382.17578125, -56.41016387939453, -161.17127990722656, -537.67578125, -470.84283447265625, -340.5211486816406, -301.35125732421875, 306.126708984375, -119.59016418457031, -252.58856201171875, -193.20693969726562, -263.8935546875, -139.22125244140625], [-56.41016387939453, 4155.3486328125, 36.67088317871094, -1174.0067138671875, 506.47979736328125, -295.59539794921875, -34.96258544921875, 14.349072456359863, -142.9682159423828, -297.41827392578125, -43.87348937988281, -367.25140380859375, -82.79098510742188], [-161.17127990722656, 36.67088317871094, 1517.152099609375, 810.5973510742188, 303.713134765625, -31.272096633911133, -108.43913269042969, -55.91857147216797, -52.15157699584961, -125.5683822631836, -78.93822479248047, 20.755006790161133, -139.80929565429688], [-537.67578125, -1174.0067138671875, 810.5973510742188, 1750.8709716796875, 171.6822052001953, -141.8976287841797, -206.45582580566406, -163.76113891601562, 82.85786437988281, -147.44515991210938, -33.32810592651367, 207.48297119140625, 30.962915420532227], [-470.84283447265625, 506.47979736328125, 303.713134765625, 171.6822052001953, 501.97662353515625, 36.71490478515625, -60.97930908203125, -7.123863220214844, -35.596160888671875, -101.82422637939453, -74.42660522460938, -49.26972579956055, -46.327396392822266], [-340.5211486816406, -295.59539794921875, -31.272096633911133, -141.8976287841797, 36.71490478515625, 343.3350830078125, 192.82080078125, -2.6507136821746826, -47.366790771484375, 78.9831314086914, 16.69207191467285, -42.53201675415039, -40.79795455932617], [-301.35125732421875, -34.96258544921875, -108.43913269042969, -206.45582580566406, -60.97930908203125, 192.82080078125, 357.9249267578125, 21.777814865112305, -92.50819396972656, 26.611778259277344, 26.722795486450195, -12.83562183380127, -38.02165222167969], [306.126708984375, 14.349072456359863, -55.91857147216797, -163.76113891601562, -7.123863220214844, -2.6507136821746826, 21.777814865112305, 244.3035888671875, 50.62260437011719, -57.18946838378906, -31.5279598236084, -66.01834869384766, -37.53375244140625], [-119.59016418457031, -142.9682159423828, -52.15157699584961, 82.85786437988281, -35.596160888671875, -47.366790771484375, -92.50819396972656, 50.62260437011719, 200.86009216308594, 59.54634475708008, -24.566007614135742, -18.974193572998047, 8.373810768127441], [-252.58856201171875, -297.41827392578125, -125.5683822631836, -147.44515991210938, -101.82422637939453, 78.9831314086914, 26.611778259277344, -57.18946838378906, 59.54634475708008, 263.71112060546875, 54.369144439697266, -5.661052703857422, 0.5627633929252625], [-193.20693969726562, -43.87348937988281, -78.93822479248047, -33.32810592651367, -74.42660522460938, 16.69207191467285, 26.722795486450195, -31.5279598236084, -24.566007614135742, 54.369144439697266, 131.50405883789062, 33.252830505371094, 15.482233047485352], [-263.8935546875, -367.25140380859375, 20.755006790161133, 207.48297119140625, -49.26972579956055, -42.53201675415039, -12.83562183380127, -66.01834869384766, -18.974193572998047, -5.661052703857422, 33.252830505371094, 176.9181671142578, 50.35828399658203], [-139.22125244140625, -82.79098510742188, -139.80929565429688, 30.962915420532227, -46.327396392822266, -40.79795455932617, -38.02165222167969, -37.53375244140625, 8.373810768127441, 0.5627633929252625, 15.482233047485352, 50.35828399658203, 117.6173095703125]], "lowlevel.gfcc.icov": [[0.00019214868370909244, 7.965486292960122e-05, 9.547505214868579e-06, 7.759985601296648e-05, 0.0002515894884709269, 0.00019007566152140498, 0.00026576651725918055, -5.263269486022182e-05, 0.0003616918111220002, 0.00020113498612772673, 0.00023712639813311398, 0.00039586384082213044, 0.0002811606682371348], [7.965486292960122e-05, 0.000987054780125618, -0.00030248085386119783, 0.0010308591881766915, -0.0009702471434138715, 0.00160446937661618, -0.0005497762467712164, 0.0012866104952991009, -0.000502989802043885, 0.0014436607016250491, -0.0009306683205068111, 0.0017231940291821957, -2.0999910702812485e-05], [9.547505214868579e-06, -0.00030248085386119783, 0.0012966514332219958, -0.0008728518732823431, 6.624256639042869e-05, -0.0004551423480734229, 0.0005103822913952172, -0.0004382315673865378, 0.0008749184780754149, -0.0005367593839764595, 0.0006759107345715165, -0.00043733339407481253, 0.0015013775555416942], [7.759985601296648e-05, 0.0010308591881766915, -0.0008728518732823431, 0.0022329865023493767, -0.0011294392170384526, 0.001580689218826592, -0.0005015900824218988, 0.0020610145293176174, -0.0016890749102458358, 0.0022944819647818804, -0.0011601756559684873, 0.0007204549037851393, -0.0002553872764110565], [0.0002515894884709269, -0.0009702471434138715, 6.624256639042869e-05, -0.0011294392170384526, 0.004371101502329111, -0.0023599311243742704, 0.001940509071573615, -0.001204678206704557, 0.0016811612294986844, -0.00040224590338766575, 0.0023941390682011843, -0.0005280831246636808, 0.0009300755918957293], [0.00019007566152140498, 0.00160446937661618, -0.0004551423480734229, 0.001580689218826592, -0.0023599311243742704, 0.007639223709702492, -0.0033859480172395706, 0.001994321122765541, -0.00023903250985313207, 0.0006723588448949158, -0.001485590124502778, 0.0036836920771747828, 0.0002915525692515075], [0.00026576651725918055, -0.0005497762467712164, 0.0005103822913952172, -0.0005015900824218988, 0.001940509071573615, -0.0033859480172395706, 0.005936825182288885, -0.0016277333488687873, 0.00291070737875998, -0.0005109892226755619, 0.0011397900525480509, -0.0010880734771490097, 0.0017669466324150562], [-5.263269486022182e-05, 0.0012866104952991009, -0.0004382315673865378, 0.0020610145293176174, -0.001204678206704557, 0.001994321122765541, -0.0016277333488687873, 0.008146570064127445, -0.0039098067209124565, 0.004467279650270939, -0.0015096062561497092, 0.002938832389190793, 0.0012680839281529188], [0.0003616918111220002, -0.000502989802043885, 0.0008749184780754149, -0.0016890749102458358, 0.0016811612294986844, -0.00023903250985313207, 0.00291070737875998, -0.0039098067209124565, 0.009984966367483139, -0.004073582123965025, 0.0032250587828457355, 0.0007599059608764946, 0.0003899605944752693], [0.00020113498612772673, 0.0014436607016250491, -0.0005367593839764595, 0.0022944819647818804, -0.00040224590338766575, 0.0006723588448949158, -0.0005109892226755619, 0.004467279650270939, -0.004073582123965025, 0.008961979299783707, -0.003324698656797409, 0.002556310500949621, 0.0009376835078001022], [0.00023712639813311398, -0.0009306683205068111, 0.0006759107345715165, -0.0011601756559684873, 0.0023941390682011843, -0.001485590124502778, 0.0011397900525480509, -0.0015096062561497092, 0.0032250587828457355, -0.003324698656797409, 0.011255048215389252, -0.002459648298099637, 0.0004067360423505306], [0.00039586384082213044, 0.0017231940291821957, -0.00043733339407481253, 0.0007204549037851393, -0.0005280831246636808, 0.0036836920771747828, -0.0010880734771490097, 0.002938832389190793, 0.0007599059608764946, 0.002556310500949621, -0.002459648298099637, 0.012056056410074234, -0.0022765272296965122], [0.0002811606682371348, -2.0999910702812485e-05, 0.0015013775555416942, -0.0002553872764110565, 0.0009300755918957293, 0.0002915525692515075, 0.0017669466324150562, 0.0012680839281529188, 0.0003899605944752693, 0.0009376835078001022, 0.0004067360423505306, -0.0022765272296965122, 0.013004306703805923]], "lowlevel.mfcc.cov": [[8260.431640625, -199.42062377929688, -335.72247314453125, -511.07342529296875, -393.3576965332031, -820.6864624023438, -236.5200958251953, -164.93878173828125, 60.44369888305664, -140.5441131591797, -94.08390045166016, -88.56515502929688, -110.69908905029297], [-199.42062377929688, 4847.2802734375, -613.69384765625, -942.158447265625, 49.9169921875, -500.7533874511719, 285.0557556152344, -226.80027770996094, 141.31414794921875, -192.07406616210938, 151.61170959472656, -137.0966033935547, -156.98519897460938], [-335.72247314453125, -613.69384765625, 1187.5118408203125, 715.0790405273438, 284.5180969238281, 168.447998046875, -38.485408782958984, 105.83084106445312, -72.05661010742188, -68.73897552490234, -74.67459106445312, 97.13478088378906, 3.2141172885894775], [-511.07342529296875, -942.158447265625, 715.0790405273438, 1244.6375732421875, 479.3362731933594, 166.1331329345703, -221.6077880859375, 153.06515502929688, -106.25880432128906, -148.79522705078125, -220.58172607421875, 77.15863037109375, -13.562056541442871], [-393.3576965332031, 49.9169921875, 284.5180969238281, 479.3362731933594, 634.8644409179688, 24.470409393310547, -119.54570007324219, 46.52305221557617, 15.062409400939941, -48.50593185424805, -84.42404174804688, -5.324911117553711, -41.112728118896484], [-820.6864624023438, -500.7533874511719, 168.447998046875, 166.1331329345703, 24.470409393310547, 494.4693298339844, 107.28800201416016, -1.6686794757843018, -57.835914611816406, 40.882476806640625, 14.889726638793945, 18.178682327270508, 28.419092178344727], [-236.5200958251953, 285.0557556152344, -38.485408782958984, -221.6077880859375, -119.54570007324219, 107.28800201416016, 407.2381286621094, 69.89496612548828, 13.014461517333984, -13.748712539672852, 88.20357513427734, -6.434991359710693, -8.342588424682617], [-164.93878173828125, -226.80027770996094, 105.83084106445312, 153.06515502929688, 46.52305221557617, -1.6686794757843018, 69.89496612548828, 276.7203369140625, 29.470821380615234, -48.80209732055664, -31.762346267700195, 10.422653198242188, -10.449881553649902], [60.44369888305664, 141.31414794921875, -72.05661010742188, -106.25880432128906, 15.062409400939941, -57.835914611816406, 13.014461517333984, 29.470821380615234, 184.55703735351562, 70.7681884765625, 35.52959442138672, -19.37672996520996, -8.446924209594727], [-140.5441131591797, -192.07406616210938, -68.73897552490234, -148.79522705078125, -48.50593185424805, 40.882476806640625, -13.748712539672852, -48.80209732055664, 70.7681884765625, 233.00973510742188, 93.45085906982422, 2.5858819484710693, 15.184881210327148], [-94.08390045166016, 151.61170959472656, -74.67459106445312, -220.58172607421875, -84.42404174804688, 14.889726638793945, 88.20357513427734, -31.762346267700195, 35.52959442138672, 93.45085906982422, 171.32322692871094, 15.769018173217773, 12.097871780395508], [-88.56515502929688, -137.0966033935547, 97.13478088378906, 77.15863037109375, -5.324911117553711, 18.178682327270508, -6.434991359710693, 10.422653198242188, -19.37672996520996, 2.5858819484710693, 15.769018173217773, 122.69703674316406, 30.280052185058594], [-110.69908905029297, -156.98519897460938, 3.2141172885894775, -13.562056541442871, -41.112728118896484, 28.419092178344727, -8.342588424682617, -10.449881553649902, -8.446924209594727, 15.184881210327148, 12.097871780395508, 30.280052185058594, 124.7986831665039]], "lowlevel.mfcc.icov": [[0.00017003470566123724, 7.254651427501813e-05, -3.204335371265188e-05, 8.175444963853806e-05, 6.452730303863063e-05, 0.000295337347779423, 4.280069788364926e-06, 0.0001722721935948357, -8.913331112125888e-05, 0.00019854033598676324, 4.9277321522822604e-05, 5.531496572075412e-05, 0.00017211692465934902], [7.254651427501813e-05, 0.00039920597919262946, 1.2413291187840514e-05, 0.000289440416963771, -0.00025374305550940335, 0.00038915075128898025, -0.0002427537110634148, 0.000440209056250751, -0.00025472548441030085, 0.0006633230950683355, -0.00022847684158477932, 7.612159970449284e-05, 0.00035180116537958384], [-3.204335371265188e-05, 1.2413291187840514e-05, 0.0013945986283943057, -0.0007905550883151591, -0.0001414881699020043, -0.00014245901547838002, -0.0002643163606990129, -4.639688631868921e-05, 9.767104347702116e-05, -2.635454438859597e-05, -0.00032362682395614684, -0.0005548992194235325, 5.465020876727067e-06], [8.175444963853806e-05, 0.000289440416963771, -0.0007905550883151591, 0.0026188914198428392, -0.0011415829649195075, -0.000364982319297269, 0.0007889019907452166, -0.0005618432187475264, 0.0003291598113719374, 0.0008466686704196036, 0.0012860079295933247, -0.0007845344953238964, 0.0004392456030473113], [6.452730303863063e-05, -0.00025374305550940335, -0.0001414881699020043, -0.0011415829649195075, 0.002668998669832945, -4.103673927602358e-05, 0.0004074874450452626, -6.096788183640456e-06, -0.0006507981452159584, -0.00018712009477894753, -3.55054316969472e-06, 0.0005446293507702649, 0.0003798861289396882], [0.000295337347779423, 0.00038915075128898025, -0.00014245901547838002, -0.000364982319297269, -4.103673927602358e-05, 0.0034928261302411556, -0.0014343594666570425, 0.000973608810454607, 0.000602200860157609, -0.0004445489321369678, -3.456397826084867e-05, 0.00045139974099583924, -0.00011909492604900151], [4.280069788364926e-06, -0.0002427537110634148, -0.0002643163606990129, 0.0007889019907452166, 0.0004074874450452626, -0.0014343594666570425, 0.004229235928505659, -0.001653797342441976, -6.166318053146824e-05, 0.001136594102717936, -0.0016868333332240582, 0.0001251289650099352, 0.0003867741907015443], [0.0001722721935948357, 0.000440209056250751, -4.639688631868921e-05, -0.0005618432187475264, -6.096788183640456e-06, 0.000973608810454607, -0.001653797342441976, 0.0053021544590592384, -0.0017110490007326007, 0.0012891247170045972, 0.000338231009664014, -0.0001356370485154912, 0.00048384463298134506], [-8.913331112125888e-05, -0.00025472548441030085, 9.767104347702116e-05, 0.0003291598113719374, -0.0006507981452159584, 0.000602200860157609, -6.166318053146824e-05, -0.0017110490007326007, 0.007579985074698925, -0.0029047629795968533, -5.586303086602129e-05, 0.0006968920351937413, -0.00016233979840762913], [0.00019854033598676324, 0.0006633230950683355, -2.635454438859597e-05, 0.0008466686704196036, -0.00018712009477894753, -0.0004445489321369678, 0.001136594102717936, 0.0012891247170045972, -0.0029047629795968533, 0.00820882897824049, -0.0037174494937062263, 0.00011217386781936511, 0.0004644407890737057], [4.9277321522822604e-05, -0.00022847684158477932, -0.00032362682395614684, 0.0012860079295933247, -3.55054316969472e-06, -3.456397826084867e-05, -0.0016868333332240582, 0.000338231009664014, -5.586303086602129e-05, -0.0037174494937062263, 0.010766950435936451, -0.002136999275535345, -0.00025004110648296773], [5.531496572075412e-05, 7.612159970449284e-05, -0.0005548992194235325, -0.0007845344953238964, 0.0005446293507702649, 0.00045139974099583924, 0.0001251289650099352, -0.0001356370485154912, 0.0006968920351937413, 0.00011217386781936511, -0.002136999275535345, 0.010072287172079086, -0.0020556848030537367], [0.00017211692465934902, 0.00035180116537958384, 5.465020876727067e-06, 0.0004392456030473113, 0.0003798861289396882, -0.00011909492604900151, 0.0003867741907015443, 0.00048384463298134506, -0.00016233979840762913, 0.0004644407890737057, -0.00025004110648296773, -0.0020556848030537367, 0.009329852648079395]], "metadata.audio_properties.analysis.downmix": "mix", "metadata.audio_properties.codec": "mp3", "metadata.audio_properties.md5_encoded": "aed29a7b2aaf8cf8cbaeb784805b7c8e", "metadata.tags.file_name": "1182280112335503370.mp3", "metadata.version.essentia": "2.1-beta6-dev", "metadata.version.essentia_git_sha": "v2.1_beta5-1110-g77a6a954", "met