{"song_id": "1182264148915142686", "download": "https://cdn.discordapp.com/attachments/1135903449314238464/1182264148915142686/chirp.mp4?ex=6584104a&amp", "lyrics": "-", "style": ["pop with a voice of a female artist"], "essentia_features": {"lowlevel.average_loudness": 0.8178802728652954, "lowlevel.barkbands_crest.mean": 13.607805252075195, "lowlevel.barkbands_crest.stdev": 4.130616664886475, "lowlevel.barkbands_flatness_db.mean": 0.3407115638256073, "lowlevel.barkbands_flatness_db.stdev": 0.08592336624860764, "lowlevel.barkbands_kurtosis.mean": 23.862197875976562, "lowlevel.barkbands_kurtosis.stdev": 27.496925354003906, "lowlevel.barkbands_skewness.mean": 3.180166721343994, "lowlevel.barkbands_skewness.stdev": 2.0596439838409424, "lowlevel.barkbands_spread.mean": 3.627173900604248, "lowlevel.barkbands_spread.stdev": 3.657919406890869, "lowlevel.dissonance.mean": 0.41701334714889526, "lowlevel.dissonance.stdev": 0.04095150902867317, "lowlevel.dynamic_complexity": 5.048452377319336, "lowlevel.erbbands_crest.mean": 12.261219024658203, "lowlevel.erbbands_crest.stdev": 4.659184455871582, "lowlevel.erbbands_flatness_db.mean": 0.25263988971710205, "lowlevel.erbbands_flatness_db.stdev": 0.09374580532312393, "lowlevel.erbbands_kurtosis.mean": 3.7267184257507324, "lowlevel.erbbands_kurtosis.stdev": 4.616322040557861, "lowlevel.erbbands_skewness.mean": 1.4438979625701904, "lowlevel.erbbands_skewness.stdev": 0.9271599650382996, "lowlevel.erbbands_spread.mean": 24.930648803710938, "lowlevel.erbbands_spread.stdev": 25.183013916015625, "lowlevel.hfc.mean": 6.8037028312683105, "lowlevel.hfc.stdev": 6.813149929046631, "lowlevel.loudness_ebu128.integrated": -16.033018112182617, "lowlevel.loudness_ebu128.loudness_range": 10.356775283813477, "lowlevel.loudness_ebu128.momentary.mean": -18.510189056396484, "lowlevel.loudness_ebu128.momentary.stdev": 5.486352443695068, "lowlevel.loudness_ebu128.short_term.mean": -18.07891845703125, "lowlevel.loudness_ebu128.short_term.stdev": 4.243571758270264, "lowlevel.melbands_crest.mean": 22.504491806030273, "lowlevel.melbands_crest.stdev": 7.375707626342773, "lowlevel.melbands_flatness_db.mean": 0.4561643600463867, "lowlevel.melbands_flatness_db.stdev": 0.0917317122220993, "lowlevel.melbands_kurtosis.mean": 45.17625045776367, "lowlevel.melbands_kurtosis.stdev": 67.11895751953125, "lowlevel.melbands_skewness.mean": 4.073535442352295, "lowlevel.melbands_skewness.stdev": 3.0564560890197754, "lowlevel.melbands_spread.mean": 2.966067314147949, "lowlevel.melbands_spread.stdev": 3.909823417663574, "lowlevel.pitch_salience.mean": 0.47192320227622986, "lowlevel.pitch_salience.stdev": 0.15913434326648712, "lowlevel.silence_rate_20dB.mean": 1.0, "lowlevel.silence_rate_20dB.stdev": 0.0, "lowlevel.silence_rate_30dB.mean": 0.978563129901886, "lowlevel.silence_rate_30dB.stdev": 0.14483556151390076, "lowlevel.silence_rate_60dB.mean": 0.07473928481340408, "lowlevel.silence_rate_60dB.stdev": 0.2629690170288086, "lowlevel.spectral_centroid.mean": 350.6043701171875, "lowlevel.spectral_centroid.stdev": 250.20925903320312, "lowlevel.spectral_complexity.mean": 6.245654582977295, "lowlevel.spectral_complexity.stdev": 3.2284457683563232, "lowlevel.spectral_decrease.mean": -9.274458534491714e-09, "lowlevel.spectral_decrease.stdev": 7.0664802898079415e-09, "lowlevel.spectral_energy.mean": 0.03562106937170029, "lowlevel.spectral_energy.stdev": 0.02720280922949314, "lowlevel.spectral_energyband_high.mean": 0.00010194005153607577, "lowlevel.spectral_energyband_high.stdev": 0.00024990722886286676, "lowlevel.spectral_energyband_low.mean": 0.020470555871725082, "lowlevel.spectral_energyband_low.stdev": 0.014479969628155231, "lowlevel.spectral_energyband_middle_high.mean": 0.00035945430863648653, "lowlevel.spectral_energyband_middle_high.stdev": 0.0005148264463059604, "lowlevel.spectral_energyband_middle_low.mean": 0.020081181079149246, "lowlevel.spectral_energyband_middle_low.stdev": 0.02429155819118023, "lowlevel.spectral_entropy.mean": 6.150946140289307, "lowlevel.spectral_entropy.stdev": 0.7621908187866211, "lowlevel.spectral_flux.mean": 0.04880852252244949, "lowlevel.spectral_flux.stdev": 0.03851039707660675, "lowlevel.spectral_kurtosis.mean": 35.94147872924805, "lowlevel.spectral_kurtosis.stdev": 31.57882308959961, "lowlevel.spectral_rms.mean": 0.005379561334848404, "lowlevel.spectral_rms.stdev": 0.0024109294172376394, "lowlevel.spectral_rolloff.mean": 257.55230712890625, "lowlevel.spectral_rolloff.stdev": 492.62628173828125, "lowlevel.spectral_skewness.mean": 4.069904327392578, "lowlevel.spectral_skewness.stdev": 1.942342758178711, "lowlevel.spectral_spread.mean": 3011239.0, "lowlevel.spectral_spread.stdev": 2744004.0, "lowlevel.spectral_strongpeak.mean": 0.5332246422767639, "lowlevel.spectral_strongpeak.stdev": 0.43503716588020325, "lowlevel.zerocrossingrate.mean": 0.015136435627937317, "lowlevel.zerocrossingrate.stdev": 0.018939202651381493, "metadata.audio_properties.analysis.equal_loudness": 0.0, "metadata.audio_properties.analysis.length": 40.04265213012695, "metadata.audio_properties.analysis.sample_rate": 44100.0, "metadata.audio_properties.analysis.start_time": 0.0, "metadata.audio_properties.bit_rate": 111291.0, "metadata.audio_properties.length": 40.042667388916016, "metadata.audio_properties.lossless": 0.0, "metadata.audio_properties.number_channels": 1.0, "metadata.audio_properties.replay_gain": -11.511676788330078, "metadata.audio_properties.sample_rate": 48000.0, "rhythm.beats_count": 114.0, "rhythm.beats_loudness.mean": 0.03640107065439224, "rhythm.beats_loudness.stdev": 0.025839151814579964, "rhythm.bpm": 172.26556396484375, "rhythm.bpm_histogram_first_peak_bpm": 172.0, "rhythm.bpm_histogram_first_peak_weight": 0.0, "rhythm.bpm_histogram_second_peak_bpm": 167.0, "rhythm.bpm_histogram_second_peak_spread": 0.0, "rhythm.bpm_histogram_second_peak_weight": 0.0796460211277008, "rhythm.danceability": 0.9026631116867065, "rhythm.onset_rate": 3.7199389934539795, "tonal.chords_changes_rate": 0.03587963059544563, "tonal.chords_number_rate": 0.012731481343507767, "tonal.chords_strength.mean": 0.5548189878463745, "tonal.chords_strength.stdev": 0.1045861691236496, "tonal.hpcp_crest.mean": 15.858353614807129, "tonal.hpcp_crest.stdev": 7.525753974914551, "tonal.hpcp_entropy.mean": 1.7126511335372925, "tonal.hpcp_entropy.stdev": 0.7042496204376221, "tonal.key_edma.strength": 0.5606939196586609, "tonal.key_krumhansl.strength": 0.5786297917366028, "tonal.key_temperley.strength": 0.5692923665046692, "tonal.tuning_diatonic_strength": 0.5314168930053711, "tonal.tuning_equal_tempered_deviation": 0.1419822871685028, "tonal.tuning_frequency": 434.193115234375, "tonal.tuning_nontempered_energy_ratio": 0.7638572454452515, "lowlevel.barkbands.mean": [0.0029354298021644354, 0.009613953530788422, 0.0025421488098800182, 0.010674303397536278, 0.005438586231321096, 0.0026024989783763885, 0.0009467247291468084, 0.00024022501020226628, 0.0001553246984258294, 0.00017895213386509567, 4.060107676195912e-05, 4.2975218093488365e-05, 2.087930442939978e-05, 1.8507773347664624e-05, 1.9005901776836254e-05, 1.7416678019799292e-05, 1.076435910363216e-05, 7.883551916165743e-06, 8.445857929473277e-06, 8.316828825627454e-06, 9.431172657059506e-06, 1.2679083738476038e-05, 1.1722187991836108e-05, 1.1056351468141656e-05, 1.562996294524055e-05, 3.400880086701363e-05, 3.6114201975578908e-06], "lowlevel.barkbands.stdev": [0.0037465235218405724, 0.008984136395156384, 0.0044710529036819935, 0.015851425006985664, 0.0072673410177230835, 0.003966587595641613, 0.0016576099442318082, 0.00043525014189071953, 0.00043457068386487663, 0.000349949550582096, 6.908523209858686e-05, 6.184113590279594e-05, 4.201478441245854e-05, 3.4164237149525434e-05, 3.9979749999474734e-05, 4.5944379962747917e-05, 3.376635140739381e-05, 2.9128412279533222e-05, 3.143248613923788e-05, 2.871715150831733e-05, 2.889987445087172e-05, 3.4896424040198326e-05, 3.248081702622585e-05, 2.895313264161814e-05, 4.15434296883177e-05, 9.726694406708702e-05, 1.2644741218537092e-05], "lowlevel.erbbands.mean": [0.6170251369476318, 0.8272033929824829, 1.9721474647521973, 22.063884735107422, 24.67201805114746, 14.923521041870117, 34.32685470581055, 13.495766639709473, 13.112333297729492, 10.301783561706543, 4.664507865905762, 3.969149351119995, 3.492539882659912, 5.188595771789551, 1.9481253623962402, 1.8629149198532104, 1.0778865814208984, 1.0726791620254517, 0.9743615388870239, 0.8969648480415344, 0.9435427784919739, 0.614425003528595, 0.4496084451675415, 0.4243410527706146, 0.4446554481983185, 0.3901360332965851, 0.35769888758659363, 0.38940998911857605, 0.48051559925079346, 0.4177115261554718, 0.3036557137966156, 0.22217395901679993, 0.18960165977478027, 0.15977716445922852, 0.11993110179901123, 0.09696770459413528, 0.07236015796661377, 0.016913121566176414, 0.0003852856461890042, 4.829869794775732e-05], "lowlevel.erbbands.stdev": [0.5943257808685303, 0.7680277228355408, 2.93217396736145, 32.352027893066406, 38.18133544921875, 21.924205780029297, 53.237606048583984, 24.498620986938477, 25.607637405395508, 16.11981773376465, 6.916253089904785, 11.022109985351562, 6.863964080810547, 9.413228034973145, 2.6673245429992676, 2.708285331726074, 1.9443320035934448, 1.84860098361969, 1.8633607625961304, 2.214505910873413, 2.4558069705963135, 1.9357335567474365, 1.6230205297470093, 1.5449562072753906, 1.6486893892288208, 1.3111538887023926, 1.0998445749282837, 1.3038874864578247, 1.3417242765426636, 1.1785246133804321, 0.8289870619773865, 0.5914266705513, 0.5004744529724121, 0.43332090973854065, 0.33110055327415466, 0.2827470898628235, 0.20707668364048004, 0.05199364572763443, 0.001169465365819633, 4.563554102787748e-05], "lowlevel.gfcc.mean": [-152.29693603515625, 185.45126342773438, -73.13314819335938, 11.279800415039062, -32.97174072265625, -9.464845657348633, -19.922264099121094, -15.71489143371582, -14.117619514465332, -6.328798294067383, -16.326440811157227, -2.573582410812378, -3.567359685897827], "lowlevel.melbands.mean": [0.00390700064599514, 0.0012086094357073307, 0.003910144791007042, 0.0013096312759444118, 0.001049659913405776, 0.0003217860939912498, 0.00019740468997042626, 9.540843166178092e-05, 3.386346361367032e-05, 2.284740548930131e-05, 1.8049375285045244e-05, 2.3058631995809264e-05, 6.148019110696623e-06, 5.276925548969302e-06, 3.2757880035205744e-06, 1.937957222253317e-06, 2.028930339292856e-06, 1.514642121946963e-06, 1.1904385246452875e-06, 1.2453466524675605e-06, 1.0323412880097749e-06, 6.547074349327886e-07, 4.680723577621393e-07, 3.6741187159350375e-07, 3.367844385593344e-07, 3.2355762868974125e-07, 3.2516285841666104e-07, 2.3674010662944056e-07, 2.195791495296362e-07, 2.2458718262896582e-07, 2.199924296064637e-07, 2.831743586284574e-07, 2.2961653201036825e-07, 2.398481626642024e-07, 1.828932454372989e-07, 1.3705999890589737e-07, 1.378915328587027e-07, 1.3645927765537635e-07, 1.35702592274356e-07, 1.3227929684944684e-07], "lowlevel.melbands.stdev": [0.0037265552673488855, 0.0013914169976487756, 0.0055341762490570545, 0.0019296028185635805, 0.0015632715076208115, 0.0005393618484959006, 0.00037800290738232434, 0.00015225174138322473, 5.9718928241636604e-05, 5.979529669275507e-05, 3.690925586852245e-05, 4.3336593080312014e-05, 1.0096516234625597e-05, 7.492081294913078e-06, 4.698698376159882e-06, 4.254668965586461e-06, 3.62448054147535e-06, 2.916966650445829e-06, 2.8951124022569275e-06, 3.184017032253905e-06, 2.8194065180287e-06, 2.1039281818957534e-06, 1.6473213690915145e-06, 1.403177293468616e-06, 1.2559285096358508e-06, 1.2113848697481444e-06, 1.250672994501656e-06, 7.8545264159402e-07, 7.369653189925884e-07, 6.643001029260631e-07, 8.268867190963647e-07, 8.188160336430883e-07, 6.347928547256743e-07, 7.02419697518053e-07, 5.10036102241429e-07, 3.642456647412473e-07, 3.9209439250953437e-07, 3.785243904985691e-07, 3.7460284829649027e-07, 3.7232041449897224e-07], "lowlevel.melbands128.mean": [0.0027646799571812153, 0.006597492843866348, 0.0033496858086436987, 0.000759157701395452, 0.00025639182422310114, 0.001677050837315619, 0.004682694561779499, 0.005214233882725239, 0.002059964230284095, 0.0011106249876320362, 0.000618118152488023, 0.000908362795598805, 0.0015987707301974297, 0.000615916564129293, 0.0003299452073406428, 0.0001015796369756572, 0.0001112557074520737, 0.00031880062306299806, 0.00014200099394656718, 0.00012923100439365953, 5.205388879403472e-05, 3.965671203332022e-05, 3.0675259040435776e-05, 2.880094871215988e-05, 3.120334804407321e-05, 1.714878271741327e-05, 1.3938640222477261e-05, 1.3689636944036465e-05, 2.1263311282382347e-05, 4.3514821300050244e-05, 1.3148279322194867e-05, 5.521803359442856e-06, 7.89652403909713e-06, 5.09800884174183e-06, 3.746694801520789e-06, 7.145600648073014e-06, 4.950625680066878e-06, 2.53350435741595e-06, 2.8283591291256016e-06, 2.2504618755192496e-06, 1.5775766541992198e-06, 1.654305265219591e-06, 2.2361032279150095e-06, 2.3871466510172468e-06, 9.279617074753332e-07, 1.7294399867751054e-06, 1.7722592247082503e-06, 7.927885690151015e-07, 1.212709435094439e-06, 1.2872013712694752e-06, 1.1545112101885024e-06, 1.2826034208046622e-06, 1.3283452062751167e-06, 8.106789550765825e-07, 6.691902285638207e-07, 7.296742978724069e-07, 4.928822363581276e-07, 5.808966534459614e-07, 4.0258947819893365e-07, 3.7897964944022533e-07, 3.630516118846572e-07, 3.6271057979320176e-07, 3.5783176599579747e-07, 3.2187898568736273e-07, 3.123831504581176e-07, 3.453398562669463e-07, 3.044904417492944e-07, 3.169400315528037e-07, 3.66299531151526e-07, 2.92304719096137e-07, 2.3114074565455667e-07, 2.0883999241050333e-07, 2.067694850893531e-07, 2.452055127832864e-07, 1.9848715737680322e-07, 2.0029561653700512e-07, 2.7886719067282684e-07, 1.964361899808864e-07, 2.2001783861469448e-07, 2.1013136120018316e-07, 2.852639795491996e-07, 3.4151412364735734e-07, 2.3319137198996032e-07, 2.1810900818763912e-07, 2.165123476061126e-07, 2.3653025493786117e-07, 2.605745805794868e-07, 2.2151208156628854e-07, 1.735810428726836e-07, 1.6057992979767732e-07, 1.493892227699689e-07, 1.2609645239081146e-07, 1.2324390752382897e-07, 1.2613089950264111e-07, 1.5748932469250576e-07, 1.674976317644905e-07, 1.2058222864652635e-07, 9.946119661208286e-08, 1.4852859919756156e-07, 1.550148454043665e-07, 1.2139001626110257e-07, 1.4668798087313917e-07, 1.1166380176064195e-07, 1.3271689169869205e-07, 1.3854474900654168e-07, 1.474618471775102e-07, 1.224220653739394e-07, 1.1979803105077735e-07, 1.5538338971055055e-07, 1.962032314395401e-07, 2.5053503804883803e-07, 2.51234411052792e-07, 2.439456636693649e-07, 2.3479124422465247e-07, 2.004514243481026e-07, 2.1385206139257207e-07, 1.436932848264405e-07, 1.7169607957612243e-08, 3.963803243967057e-11, 1.7086951645262083e-11, 7.951888279789099e-12, 4.77636636839196e-12, 3.997508053743548e-12, 3.921072667945058e-12, 3.832566642519852e-12, 3.720931982670317e-12, 3.656734637313974e-12, 3.6316696178095853e-12], "lowlevel.melbands128.stdev": [0.0034312705975025892, 0.006457790266722441, 0.0032361848279833794, 0.0007579710800200701, 0.00047712711966596544, 0.0030049188062548637, 0.0073740724474191666, 0.008242527022957802, 0.0036073969677090645, 0.002506090560927987, 0.0010699842823669314, 0.001417371560819447, 0.0025874397251755, 0.0010379080194979906, 0.0007971539162099361, 0.00024099413712974638, 0.00022460255422629416, 0.0007020543562248349, 0.00022901744523551315, 0.0002462406409904361, 0.0001459456398151815, 6.688066059723496e-05, 5.537115066545084e-05, 0.0001353548577753827, 0.00011450095189502463, 2.8840961022069678e-05, 2.2146146875456907e-05, 4.1494015022180974e-05, 7.104223914211616e-05, 8.995710231829435e-05, 2.5230554456356913e-05, 1.269755284738494e-05, 1.634970794839319e-05, 9.138435416389257e-06, 7.335198461078107e-06, 1.3320438483788166e-05, 8.114618140098173e-06, 4.684613031713525e-06, 5.596202754531987e-06, 5.5672462622169405e-06, 4.951121809426695e-06, 4.114371222385671e-06, 4.240293492330238e-06, 4.981968686479377e-06, 2.9699940569116734e-06, 3.709955990416347e-06, 4.016487764602061e-06, 3.129980541416444e-06, 3.1575309549225494e-06, 3.6854085010418203e-06, 3.536159965733532e-06, 3.901995569322025e-06, 3.529369678290095e-06, 3.0834301014692755e-06, 2.196782361352234e-06, 2.605640020192368e-06, 1.9256801806477597e-06, 2.0248385226295795e-06, 1.7894785742100794e-06, 1.639945821807487e-06, 1.5446996712853434e-06, 1.4569573068001773e-06, 1.3653664154844591e-06, 1.3723013125854777e-06, 1.3403459888650104e-06, 1.315867393714143e-06, 1.2618247637874447e-06, 1.5071618690853938e-06, 1.5440315337400534e-06, 1.1035166380679584e-06, 8.126240231831616e-07, 7.288049346243497e-07, 8.508705491294677e-07, 8.988561148726149e-07, 6.511433525702159e-07, 6.029843575561245e-07, 9.185211524709302e-07, 8.204199843930837e-07, 9.898443522615707e-07, 7.722601367277093e-07, 9.62341005106282e-07, 1.0196746416113456e-06, 6.981919682402804e-07, 6.561866712218034e-07, 6.651162038906477e-07, 7.607385441588121e-07, 8.277239658127655e-07, 6.673304255855328e-07, 5.099681743558904e-07, 4.847665877605323e-07, 4.590592084241507e-07, 3.5831718037115934e-07, 3.480460009086528e-07, 3.971981641370803e-07, 5.202100510359742e-07, 4.929892725158425e-07, 3.788427420658991e-07, 3.01805300750857e-07, 4.502202557432611e-07, 4.5622081756846455e-07, 3.903199683463754e-07, 4.5912560153738013e-07, 3.404648509786057e-07, 4.2546773215690337e-07, 4.1589947841202957e-07, 4.5431352191371843e-07, 4.0947989532469364e-07, 3.90428766650075e-07, 5.604293278338446e-07, 6.235247269614774e-07, 9.352988286082109e-07, 7.857697710278444e-07, 7.22836716704478e-07, 6.787171287214733e-07, 6.32313685855479e-07, 7.020383350209158e-07, 4.914356281915389e-07, 8.851525734598908e-08, 6.175569500221911e-10, 2.7496563359541426e-10, 8.463678369263761e-11, 2.0602831940497168e-11, 7.2411321730414535e-12, 7.1112863861411135e-12, 7.002749942419673e-12, 6.915714095140357e-12, 6.853740231599348e-12, 6.815502589380129e-12], "lowlevel.mfcc.mean": [-810.6943359375, 218.87469482421875, 25.507509231567383, 29.799169540405273, 8.215150833129883, 11.644818305969238, -2.184830665588379, -1.5651421546936035, 2.415393829345703, -5.04627799987793, -5.174179553985596, -6.4060821533203125, -0.8083159327507019], "lowlevel.spectral_contrast_coeffs.mean": [-0.6273626685142517, -0.7485111951828003, -0.787774384021759, -0.8290742635726929, -0.8415822982788086, -0.7663149833679199], "lowlevel.spectral_contrast_coeffs.stdev": [0.09549775719642639, 0.05980486795306206, 0.045944780111312866, 0.0348774716258049, 0.022587954998016357, 0.05458234250545502], "lowlevel.spectral_contrast_valleys.mean": [-6.901043891906738, -7.404160976409912, -8.402997970581055, -9.13087272644043, -9.792315483093262, -13.251802444458008], "lowlevel.spectral_contrast_valleys.stdev": [1.2337465286254883, 0.841484546661377, 0.8367752432823181, 0.7864788770675659, 1.06178617477417, 2.062746047973633], "rhythm.beats_loudness_band_ratio.mean": [0.6909822225570679, 0.2664269804954529, 0.04521702975034714, 0.01146704237908125, 0.004282017238438129, 0.006645854562520981], "rhythm.beats_loudness_band_ratio.stdev": [0.2703038454055786, 0.2508184015750885, 0.04195742309093475, 0.013640855439007282, 0.0069600665010511875, 0.009026823565363884], "tonal.hpcp.mean": [0.11580970883369446, 0.08246466517448425, 0.005981537979096174, 0.001169470138847828, 0.0044659581035375595, 0.020376496016979218, 0.08157645910978317, 0.07614249736070633, 0.015042892657220364, 0.010436613112688065, 0.00878713559359312, 0.006571897771209478, 0.01185267511755228, 0.036906782537698746, 0.21628287434577942, 0.5073344707489014, 0.37108686566352844, 0.06888792663812637, 0.02907484397292137, 0.02767505683004856, 0.06489963084459305, 0.1408788561820984, 0.14087072014808655, 0.14892292022705078, 0.2800913155078888, 0.20835372805595398, 0.03848404064774513, 0.017209436744451523, 0.010760951787233353, 0.01401414442807436, 0.07037673145532608, 0.0895620658993721, 0.033168453723192215, 0.005470555275678635, 0.0045341248624026775, 0.040769271552562714], "tonal.hpcp.stdev": [0.20135851204395294, 0.14456892013549805, 0.022419175133109093, 0.005676622968167067, 0.03251210227608681, 0.08756087720394135, 0.206260547041893, 0.19951964914798737, 0.05982141196727753, 0.050762999802827835, 0.04076024517416954, 0.060828614979982376, 0.07659930735826492, 0.13842782378196716, 0.2760169804096222, 0.4263630211353302, 0.35410231351852417, 0.16687485575675964, 0.11344124376773834, 0.11357187479734421, 0.18656326830387115, 0.29421237111091614, 0.28344881534576416, 0.24229414761066437, 0.40367424488067627, 0.3316238522529602, 0.11418697237968445, 0.07391707599163055, 0.049152638763189316, 0.08532942086458206, 0.22561901807785034, 0.27505239844322205, 0.13010676205158234, 0.02246667630970478, 0.03309846296906471, 0.08466427773237228], "rhythm.beats_position": [0.29024943709373474, 0.5921088457107544, 0.9055781960487366, 1.2538775205612183, 1.6021767854690552, 1.9504761695861816, 2.2987754344940186, 2.6470746994018555, 2.9953742027282715, 3.3436734676361084, 3.6919727325439453, 4.040272235870361, 4.388571262359619, 4.736870765686035, 5.085169792175293, 5.433469295501709, 5.781768798828125, 6.130067825317383, 6.478367328643799, 6.826666355133057, 7.174965858459473, 7.523265361785889, 7.8715643882751465, 8.219863891601562, 8.56816291809082, 8.916461944580078, 9.264761924743652, 9.61306095123291, 9.961359977722168, 10.309659957885742, 10.657958984375, 11.006258010864258, 11.354557991027832, 11.71446704864502, 12.074376106262207, 12.422675132751465, 12.770975112915039, 13.119274139404297, 13.467573165893555, 13.815873146057129, 14.164172172546387, 14.512471199035645, 14.860771179199219, 15.197460174560547, 15.534149169921875, 15.88244915008545, 16.23074722290039, 16.57904815673828, 16.92734718322754, 17.275646209716797, 17.623945236206055, 17.983854293823242, 18.34376335144043, 18.692062377929688, 19.040363311767578, 19.388662338256836, 19.736961364746094, 20.08526039123535, 20.43355941772461, 20.781858444213867, 21.130157470703125, 21.478458404541016, 21.826757431030273, 22.17505645751953, 22.52335548400879, 22.871654510498047, 23.219953536987305, 23.579862594604492, 23.939773559570312, 24.28807258605957, 24.647981643676758, 25.007890701293945, 25.356189727783203, 25.70448875427246, 26.05278778076172, 26.38947868347168, 26.726167678833008, 27.074466705322266, 27.422765731811523, 27.77106475830078, 28.11936378479004, 28.46766471862793, 28.815963745117188, 29.164262771606445, 29.512561798095703, 29.86086082458496, 30.20915985107422, 30.557458877563477, 30.905759811401367, 31.254058837890625, 31.602357864379883, 31.95065689086914, 32.29895782470703, 32.647254943847656, 32.99555587768555, 33.34385299682617, 33.69215393066406, 34.04045104980469, 34.38875198364258, 34.73705291748047, 35.085350036621094, 35.433650970458984, 35.78194808959961, 36.1302490234375, 36.47854995727539, 36.826847076416016, 37.175148010253906, 37.52344512939453, 37.87174606323242, 38.22004318237305, 38.56834411621094, 38.91664505004883, 39.26494216918945, 39.62485122680664], "rhythm.bpm_histogram": [0.0, 0.0, 0.0, 0.0, 0.0, 0.0, 0.0, 0.0, 0.0, 0.0, 0.0, 0.0, 0.0, 0.0, 0.0, 0.0, 0.0, 0.0, 0.0, 0.0, 0.0, 0.0, 0.0, 0.0, 0.0, 0.0, 0.0, 0.0, 0.0, 0.0, 0.0, 0.0, 0.0, 0.0, 0.0, 0.0, 0.0, 0.0, 0.0, 0.0, 0.0, 0.0, 0.0, 0.0, 0.0, 0.0, 0.0, 0.0, 0.0, 0.0, 0.0, 0.0, 0.0, 0.0, 0.0, 0.0, 0.0, 0.0, 0.0, 0.0, 0.0, 0.0, 0.0, 0.0, 0.0, 0.0, 0.0, 0.0, 0.0, 0.0, 0.0, 0.0, 0.0, 0.0, 0.0, 0.0, 0.0, 0.0, 0.0, 0.0, 0.0, 0.0, 0.0, 0.0, 0.0, 0.0, 0.0, 0.0, 0.0, 0.0, 0.0, 0.0, 0.0, 0.0, 0.0, 0.0, 0.0, 0.0, 0.0, 0.0, 0.0, 0.0, 0.0, 0.0, 0.0, 0.0, 0.0, 0.0, 0.0, 0.0, 0.0, 0.0, 0.0, 0.0, 0.0, 0.0, 0.0, 0.0, 0.0, 0.0, 0.0, 0.0, 0.0, 0.0, 0.0, 0.0, 0.0, 0.0, 0.0, 0.0, 0.0, 0.0, 0.0, 0.0, 0.0, 0.0, 0.0, 0.0, 0.0, 0.0, 0.0, 0.0, 0.0, 0.0, 0.0, 0.0, 0.0, 0.0, 0.0, 0.0, 0.0, 0.0, 0.0, 0.0, 0.0, 0.0, 0.0, 0.0, 0.0, 0.0, 0.0, 0.0, 0.0, 0.0, 0.0, 0.0, 0.0, 0.0796460211277008, 0.0, 0.0, 0.0, 0.0, 0.8672566413879395, 0.0, 0.0, 0.0, 0.0, 0.0, 0.03539822995662689, 0.0, 0.0, 0.0, 0.0, 0.0, 0.0, 0.0, 0.0, 0.0, 0.0, 0.0, 0.0, 0.008849557489156723, 0.0, 0.0, 0.0, 0.0, 0.0, 0.0, 0.0, 0.008849557489156723, 0.0, 0.0, 0.0, 0.0, 0.0, 0.0, 0.0, 0.0, 0.0, 0.0, 0.0, 0.0, 0.0, 0.0, 0.0, 0.0, 0.0, 0.0, 0.0, 0.0, 0.0, 0.0, 0.0, 0.0, 0.0, 0.0, 0.0, 0.0, 0.0, 0.0, 0.0, 0.0, 0.0, 0.0, 0.0, 0.0, 0.0, 0.0, 0.0, 0.0, 0.0, 0.0, 0.0, 0.0, 0.0, 0.0, 0.0, 0.0, 0.0, 0.0], "tonal.chords_histogram": [47.453704833984375, 4.398148059844971, 0.0, 2.6620371341705322, 0.0, 3.7037036418914795, 15.162036895751953, 11.226851463317871, 0.0, 3.935185194015503, 1.3888888359069824, 3.3564815521240234, 0.0, 0.0, 0.0, 0.0, 0.0, 0.0, 2.777777671813965, 0.0, 0.0, 0.0, 3.819444417953491, 0.11574073880910873], "tonal.thpcp": [1.0, 0.731444239616394, 0.13578404486179352, 0.057309024035930634, 0.0545499250292778, 0.12792277336120605, 0.27768439054489136, 0.2776683270931244, 0.2935399115085602, 0.5520841479301453, 0.41068315505981445, 0.07585536688566208, 0.03392128273844719, 0.021210763603448868, 0.027623087167739868, 0.1387186050415039, 0.17653456330299377, 0.06537788361310959, 0.010782936587929726, 0.008937151171267033, 0.08035974949598312, 0.22827091813087463, 0.16254496574401855, 0.011790127493441105, 0.002305126516148448, 0.008802788332104683, 0.040163829922676086, 0.1607942432165146, 0.15008342266082764, 0.029650839045643806, 0.02057146467268467, 0.01732020266354084, 0.01295377779752016, 0.023362645879387856, 0.07274644821882248, 0.4263122081756592], "lowlevel.gfcc.cov": [[11736.31640625, -4646.33056640625, 2956.7041015625, 1290.723388671875, -635.9930419921875, 1720.86083984375, -749.373779296875, 1362.3817138671875, -621.4801635742188, 647.5614013671875, -474.4360656738281, 545.4807739257812, -626.0932006835938], [-4646.33056640625, 4939.73974609375, -1485.025390625, -844.1980590820312, 881.13232421875, -1291.9456787109375, 796.9487915039062, -997.9187622070312, 559.7060546875, -522.3089599609375, 321.3320617675781, -512.9580688476562, 406.6461486816406], [2956.7041015625, -1485.025390625, 1348.233154296875, 365.16839599609375, -62.56354904174805, 689.5371704101562, -183.67562866210938, 567.4432373046875, -155.02682495117188, 254.47157287597656, -136.06658935546875, 158.5917205810547, -194.73887634277344], [1290.723388671875, -844.1980590820312, 365.16839599609375, 459.4309997558594, -3.6957974433898926, 377.1173400878906, 23.88756561279297, 288.46600341796875, 39.13206481933594, 122.85678100585938, -5.2075910568237305, 58.870750427246094, -48.720611572265625], [-635.9930419921875, 881.13232421875, -62.56354904174805, -3.6957974433898926, 516.1577758789062, -34.50498962402344, 336.7296447753906, 23.101478576660156, 225.2530059814453, -6.216409683227539, 70.80277252197266, -90.40103149414062, 86.7360610961914], [1720.86083984375, -1291.9456787109375, 689.5371704101562, 377.1173400878906, -34.50498962402344, 653.4579467773438, -57.98014831542969, 482.1827392578125, -20.169164657592773, 204.56594848632812, -37.848819732666016, 118.23295593261719, -90.81543731689453], [-749.373779296875, 796.9487915039062, -183.67562866210938, 23.88756561279297, 336.7296447753906, -57.98014831542969, 384.0813293457031, -22.149375915527344, 254.4155731201172, -30.286895751953125, 90.90983581542969, -74.04490661621094, 101.84322357177734], [1362.3817138671875, -997.9187622070312, 567.4432373046875, 288.46600341796875, 23.101478576660156, 482.1827392578125, -22.149375915527344, 472.4583740234375, 21.671831130981445, 193.8211669921875, -25.879392623901367, 108.97391510009766, -60.87358856201172], [-621.4801635742188, 559.7060546875, -155.02682495117188, 39.13206481933594, 225.2530059814453, -20.169164657592773, 254.4155731201172, 21.671831130981445, 263.7510681152344, 0.18280738592147827, 102.51508331298828, -50.55950927734375, 95.81239318847656], [647.5614013671875, -522.3089599609375, 254.47157287597656, 122.85678100585938, -6.216409683227539, 204.56594848632812, -30.286895751953125, 193.8211669921875, 0.18280738592147827, 147.52963256835938, -2.319693088531494, 69.38836669921875, -34.308876037597656], [-474.4360656738281, 321.3320617675781, -136.06658935546875, -5.2075910568237305, 70.80277252197266, -37.848819732666016, 90.90983581542969, -25.879392623901367, 102.51508331298828, -2.319693088531494, 107.05499267578125, -19.114704132080078, 68.15071105957031], [545.4807739257812, -512.9580688476562, 158.5917205810547, 58.870750427246094, -90.40103149414062, 118.23295593261719, -74.04490661621094, 108.97391510009766, -50.55950927734375, 69.38836669921875, -19.114704132080078, 124.37494659423828, -9.145793914794922], [-626.0932006835938, 406.6461486816406, -194.73887634277344, -48.720611572265625, 86.7360610961914, -90.81543731689453, 101.84322357177734, -60.87358856201172, 95.81239318847656, -34.308876037597656, 68.15071105957031, -9.145793914794922, 128.35154724121094]], "lowlevel.gfcc.icov": [[0.0003754761419259012, -0.0006216116598807275, -0.00024183558707591146, -0.0010836233850568533, 0.0005025948630645871, -0.0004233178333379328, 0.00037455244455486536, -0.00032961953547783196, 0.0004584035195875913, -0.0005747233517467976, 0.001121210865676403, -0.0013758968561887741, 0.0007408402161672711], [-0.0006216116598807275, 0.004269543569535017, -0.0010261990828439593, 0.004113893024623394, -0.003088596509769559, 0.0035158442333340645, -0.002147597959265113, 0.0023686683271080256, -0.0025217856746166945, 0.0037964682560414076, -0.005498734302818775, 0.006556155160069466, -0.002868073061108589], [-0.00024183558707591146, -0.0010261990828439593, 0.0030530374497175217, -0.00024565545027144253, -1.768290348991286e-05, -0.002236019354313612, 0.000731003237888217, -0.0016205636784434319, 0.0012709511211141944, -0.001237065065652132, 0.0016892068088054657, -0.0014100951375439763, 0.0014148956397548318], [-0.0010836233850568533, 0.004113893024623394, -0.00024565545027144253, 0.009283083491027355, -0.002305870410054922, 0.0008929058094508946, -0.0032001344952732325, 0.0019230408361181617, -0.0032431315630674362, 0.003430918324738741, -0.005905579775571823, 0.007196873426437378, -0.0025407506618648767], [0.0005025948630645871, -0.003088596509769559, -1.768290348991286e-05, -0.002305870410054922, 0.00782746635377407, -0.0016877343878149986, -0.0031231779139488935, -0.002980358200147748, 0.002131769433617592, -0.004183236043900251, 0.004692228510975838, -0.001818278688006103, 0.000585293339099735], [-0.0004233178333379328, 0.0035158442333340645, -0.002236019354313612, 0.0008929058094508946, -0.0016877343878149986, 0.011600148864090443, -0.0025579596403986216, -0.004179080948233604, -0.0006625439855270088, 0.0029739162418991327, -0.005805986933410168, 0.005696220323443413, -0.0020834372844547033], [0.00037455244455486536, -0.002147597959265113, 0.000731003237888217, -0.0032001344952732325, -0.0031231779139488935, -0.0025579596403986216, 0.012906868010759354, 0.0005474099889397621, -0.00651532644405961, 2.947315624624025e-05, 0.0037500006146728992, -0.0045371088199317455, 0.0014015774941071868], [-0.00032961953547783196, 0.0023686683271080256, -0.0016205636784434319, 0.0019230408361181617, -0.002980358200147748, -0.004179080948233604, 0.0005474099889397621, 0.014057776890695095, -0.005312737077474594, -0.0027094988618046045, -0.0006609655683860183, 0.0012993235141038895, -0.0018660142086446285], [0.0004584035195875913, -0.0025217856746166945, 0.0012709511211141944, -0.0032431315630674362, 0.002131769433617592, -0.0006625439855270088, -0.00651532644405961, -0.005312737077474594, 0.01760013960301876, -0.003712262725457549, -0.002733466448262334, -0.0008145665051415563, -0.0010735926916822791], [-0.0005747233517467976, 0.0037964682560414076, -0.001237065065652132, 0.003430918324738741, -0.004183236043900251, 0.0029739162418991327, 2.947315624624025e-05, -0.0027094988618046045, -0.003712262725457549, 0.021650299429893494, -0.00931189302355051, -0.00023794131993781775, 0.00170229934155941], [0.001121210865676403, -0.005498734302818775, 0.0016892068088054657, -0.005905579775571823, 0.004692228510975838, -0.005805986933410168, 0.0037500006146728992, -0.0006609655683860183, -0.002733466448262334, -0.00931189302355051, 0.02699585072696209, -0.007175037171691656, -0.0026500814128667116], [-0.0013758968561887741, 0.006556155160069466, -0.0014100951375439763, 0.007196873426437378, -0.001818278688006103, 0.005696220323443413, -0.0045371088199317455, 0.0012993235141038895, -0.0008145665051415563, -0.00023794131993781775, -0.007175037171691656, 0.02680845931172371, -0.011150666512548923], [0.0007408402161672711, -0.002868073061108589, 0.0014148956397548318, -0.0025407506618648767, 0.000585293339099735, -0.0020834372844547033, 0.0014015774941071868, -0.0018660142086446285, -0.0010735926916822791, 0.00170229934155941, -0.0026500814128667116, -0.011150666512548923, 0.019676104187965393]], "lowlevel.mfcc.cov": [[8360.9169921875, -3064.164306640625, 1717.5218505859375, 534.2559204101562, 214.43829345703125, 439.4674377441406, 225.8946533203125, 443.8363037109375, 126.45960998535156, 194.2083740234375, 113.44324493408203, 100.5293197631836, 198.73764038085938], [-3064.164306640625, 3963.175537109375, -1164.37646484375, 175.315185546875, -160.93975830078125, -38.40884780883789, -83.87061309814453, -210.42184448242188, 52.01896667480469, -131.48277282714844, -5.405849933624268, -66.64787292480469, -23.173316955566406], [1717.5218505859375, -1164.37646484375, 857.7561645507812, -12.360719680786133, 152.41322326660156, 84.63337707519531, 100.07682037353516, 161.86337280273438, 34.68881607055664, 105.23687744140625, 34.86344528198242, 66.80352783203125, 42.053062438964844], [534.2559204101562, 175.315185546875, -12.360719680786133, 313.945556640625, 40.60404586791992, 140.9039764404297, 73.15625762939453, 101.91210174560547, 135.64697265625, 82.7951889038086, 73.06369018554688, 39.99684143066406, 79.25016021728516], [214.43829345703125, -160.93975830078125, 152.41322326660156, 40.60404586791992, 215.1287841796875, 63.7659912109375, 119.66349029541016, 111.13114929199219, 105.208984375, 111.51220703125, 68.1077880859375, 61.49400329589844, 57.196475982666016], [439.4674377441406, -38.40884780883789, 84.63337707519531, 140.9039764404297, 63.7659912109375, 176.10997009277344, 98.13654327392578, 113.10831451416016, 112.48011016845703, 93.50586700439453, 67.47749328613281, 45.757686614990234, 58.91233825683594], [225.8946533203125, -83.87061309814453, 100.07682037353516, 73.15625762939453, 119.66349029541016, 98.13654327392578, 161.26821899414062, 118.5430908203125, 118.45259857177734, 103.06425476074219, 74.45800018310547, 59.47685623168945, 55.14398193359375], [443.8363037109375, -210.42184448242188, 161.86337280273438, 101.91210174560547, 111.13114929199219, 113.10831451416016, 118.5430908203125, 205.32827758789062, 152.5794219970703, 142.20474243164062, 79.68364715576172, 65.0142593383789, 81.13709259033203], [126.45960998535156, 52.01896667480469, 34.68881607055664, 135.64697265625, 105.208984375, 112.48011016845703, 118.45259857177734, 152.5794219970703, 215.7437744140625, 149.5481719970703, 97.53031158447266, 62.905574798583984, 93.41960144042969], [194.2083740234375, -131.48277282714844, 105.23687744140625, 82.7951889038086, 111.51220703125, 93.50586700439453, 103.06425476074219, 142.20474243164062, 149.5481719970703, 179.5806884765625, 96.79344177246094, 75.56686401367188, 79.09968566894531], [113.44324493408203, -5.405849933624268, 34.86344528198242, 73.06369018554688, 68.1077880859375, 67.47749328613281, 74.45800018310547, 79.68364715576172, 97.53031158447266, 96.79344177246094, 114.71116638183594, 64.10585021972656, 57.75118637084961], [100.5293197631836, -66.64787292480469, 66.80352783203125, 39.99684143066406, 61.49400329589844, 45.757686614990234, 59.47685623168945, 65.0142593383789, 62.905574798583984, 75.56686401367188, 64.10585021972656, 89.82295227050781, 51.82625961303711], [198.73764038085938, -23.173316955566406, 42.053062438964844, 79.25016021728516, 57.196475982666016, 58.91233825683594, 55.14398193359375, 81.13709259033203, 93.41960144042969, 79.09968566894531, 57.75118637084961, 51.82625961303711, 103.56224822998047]], "lowlevel.mfcc.icov": [[0.00032935579656623304, 0.00013993507309351116, -0.0004987465217709541, -0.0006569303222931921, 0.0001034598026308231, -0.0002931372437160462, 2.8973838197998703e-05, -0.0001823300844989717, 0.00035334957647137344, 0.0003408707561902702, -0.00014888442819938064, 0.0003530968970153481, -0.00033123171306215227], [0.00013993507309351116, 0.0005119506968185306, 0.0003472103562671691, -0.0004654799704439938, -5.608602805295959e-05, -0.00019385706400498748, 1.5236637409543619e-06, 0.00025235264911316335, -0.0002884308632928878, 0.00047445425298064947, -9.374778892379254e-05, 3.099839886999689e-05, -6.146953091956675e-05], [-0.0004987465217709541, 0.0003472103562671691, 0.003142904257401824, 0.001110999844968319, -0.0011121027637273073, -0.00023940463142935187, -1.6701677623132127e-06, -0.0010301914298906922, 0.0005293213180266321, -0.0005140825523994863, 0.0007109628641046584, -0.0011578171979635954, 0.0005648999358527362], [-0.0006569303222931921, -0.0004654799704439938, 0.001110999844968319, 0.007373698055744171, 0.00018521054880693555, -0.003385328222066164, 0.0009566773078404367, -1.7947510059457272e-05, -0.0027873979415744543, 0.0007198663079179823, -0.0006365481531247497, -0.0002779429196380079, -0.0011505123693495989], [0.0001034598026308231, -5.608602805295959e-05, -0.0011121027637273073, 0.00018521054880693555, 0.009535005316138268, 0.001538901124149561, -0.005314548034220934, -8.642726606922224e-05, -0.0003379930858500302, -0.002360899932682514, -2.4768125967966625e-06, -0.0004508368147071451, -0.0008100733393803239], [-0.0002931372437160462, -0.00019385706400498748, -0.00023940463142935187, -0.003385328222066164, 0.001538901124149561, 0.013613494113087654, -0.0045867240987718105, -0.001986227696761489, -0.00041295605478808284, -0.0014674528501927853, -0.0008004695409908891, 0.0001870619598776102, 0.00045742245856672525], [2.8973838197998703e-05, 1.5236637409543619e-06, -1.6701677623132127e-06, 0.0009566773078404367, -0.005314548034220934, -0.0045867240987718105, 0.017223989591002464, -0.0029961997643113136, -0.003503447398543358, 0.0019471171544864774, -0.002171544125303626, -0.0025644914712756872, 0.0021012837532907724], [-0.0001823300844989717, 0.00025235264911316335, -0.0010301914298906922, -1.7947510059457272e-05, -8.642726606922224e-05, -0.001986227696761489, -0.0029961997643113136, 0.01686147414147854, -0.005444428417831659, -0.005275142844766378, 0.002001539571210742, -0.00019356886332388967, -0.0016778700519353151], [0.00035334957647137344, -0.0002884308632928878, 0.0005293213180266321, -0.0027873979415744543, -0.0003379930858500302, -0.00041295605478808284, -0.003503447398543358, -0.005444428417831659, 0.01936418004333973, -0.007249639369547367, -0.002364690648391843, 0.003978349268436432, -0.004874704405665398], [0.0003408707561902702, 0.00047445425298064947, -0.0005140825523994863, 0.0007198663079179823, -0.002360899932682514, -0.0014674528501927853, 0.0019471171544864774, -0.005275142844766378, -0.007249639369547367, 0.021870188415050507, -0.005703227128833532, -0.003941770177334547, -0.0006669130525551736], [-0.00014888442819938064, -9.374778892379254e-05, 0.0007109628641046584, -0.0006365481531247497, -2.4768125967966625e-06, -0.0008004695409908891, -0.002171544125303626, 0.002001539571210742, -0.002364690648391843, -0.005703227128833532, 0.021250279620289803, -0.007959909737110138, -0.0008695449796505272], [0.0003530968970153481, 3.099839886999689e-05, -0.0011578171979635954, -0.0002779429196380079, -0.0004508368147071451, 0.0001870619598776102, -0.0025644914712756872, -0.00019356886332388967, 0.003978349268436432, -0.003941770177334547, -0.007959909737110138, 0.023642484098672867, -0.006298830267041922], [-0.00033123171306215227, -6.146953091956675e-05, 0.0005648999358527362, -0.0011505123693495989, -0.0008100733393803239, 0.00045742245856672525, 0.0021012837532907724, -0.001677