{"song_id": "1182281795425796106", "download": "https://cdn.discordapp.com/attachments/1135911532732108921/1182281795425796106/chirp.mp4?ex=658420b9&amp", "lyrics": "\u0418\u0440\u0438\u043d\u0430 \u042e\u0440\u044c\u0435\u0432\u043d\u0430, \u0442\u0451\u0449\u0430 \u0434\u043e\u0440\u043e\u0433\u0430\u044f!\n\u0421 \u0414\u043d\u0451\u043c \u0420\u043e\u0436\u0434\u0435\u043d\u0438\u044f! \u0412\u0430\u0441 \u044f \u043f\u043e\u0437\u0434\u0440\u0430\u0432\u043b\u044f\u044e!\n\u041f\u0443\u0441\u0442\u044c \u0431\u043b\u0435\u0441\u0442\u044f\u0442 \u043e\u0442 \u0440\u0430\u0434\u043e\u0441\u0442\u0438 \u0433\u043b\u0430\u0437\u0430,\n\u041b\u0443\u0447\u0448\u0435\u0439 \u0442\u0451\u0449\u0438 \u0432 \u043c\u0438\u0440\u0435 \u043d\u0435 \u043d\u0430\u0439\u0442\u0438!\n\n\u0412\u0430\u043c \u0436\u0435\u043b\u0430\u044e \u043a\u0440\u0435\u043f\u043a\u043e\u0433\u043e \u0437\u0434\u043e\u0440\u043e\u0432\u044c\u044f,\n\u0414\u043e\u043b\u0433\u0438\u0445 \u043b\u0435\u0442, \u043d\u0435\u0443\u0442\u043e\u043c\u0438\u043c\u044b\u0445 \u0441\u0438\u043b.\n\u0427\u0442\u043e\u0431\u044b \u0436\u0438\u0437\u043d\u044c \u0431\u044b\u043b\u0430 \u0412\u0430\u0448\u0430 \u0441\u043f\u043e\u043a\u043e\u0439\u043d\u0430,\n\u0422\u043e\u043b\u044c\u043a\u043e \u043f\u0440\u0430\u0437\u0434\u043d\u0438\u043a \u0432 \u0434\u043e\u043c \u0412\u0430\u0448 \u0437\u0430\u0445\u043e\u0434\u0438\u043b.\n\n\u041d\u0430 \u0433\u043e\u0434\u0430 \u0412\u044b, \u0442\u0451\u0449\u0430, \u043d\u0435 \u0440\u043e\u043f\u0449\u0438\u0442\u0435,\n\u041d\u0435 \u0441\u0434\u0430\u0432\u0430\u0439\u0442\u0435\u0441\u044c \u0432 \u0438\u0445 \u0436\u0435\u0441\u0442\u043e\u043a\u0438\u0439 \u043f\u043b\u0435\u043d,\n\u0412 \u043a\u0430\u0436\u0434\u043e\u043c \u0434\u043d\u0435 \u043f\u0440\u0435\u043a\u0440\u0430\u0441\u043d\u043e\u0435 \u0438\u0449\u0438\u0442\u0435,\n\u041f\u0443\u0441\u0442\u044c \u043d\u0435 \u0431\u0443\u0434\u0435\u0442 \u0433\u043e\u0440\u044f \u0438 \u043f\u0440\u043e\u0431\u043b\u0435\u043c!\n\n\u041a\u0430\u0440\u0438\u043d\u0430 \u0438 \u0410\u0440\u0441\u0435\u043d\u0438\u0439 \u0412\u0430\u0441 \u0442\u043e\u0436\u0435 \u043f\u043e\u0437\u0434\u0440\u0430\u0432\u043b\u044f\u044e\u0442,\n\u0421\u0447\u0430\u0441\u0442\u044c\u044f, \u0440\u0430\u0434\u043e\u0441\u0442\u0438 \u0432 \u0436\u0438\u0437\u043d\u0438 \u0412\u0430\u043c \u0436\u0435\u043b\u0430\u044e\u0442.\n\n[Verse 1]\nIn the candle's glow, on this special day\nWe gather together, laughs and memories to play\nThrough the years we've shared, a bond so strong\nForever in my heart, you truly belong\n\n[Chorus]\nHappy Birthday, my dear friend\nMay all your dreams and wishes never end\nLet's celebrate this day, dear and true\nWith love and joy, I'm here for you", "style": ["random"], "essentia_features": {"lowlevel.average_loudness": 0.9857083559036255, "lowlevel.barkbands_crest.mean": 10.242128372192383, "lowlevel.barkbands_crest.stdev": 4.298274040222168, "lowlevel.barkbands_flatness_db.mean": 0.11919505894184113, "lowlevel.barkbands_flatness_db.stdev": 0.02977653406560421, "lowlevel.barkbands_kurtosis.mean": 2.368734121322632, "lowlevel.barkbands_kurtosis.stdev": 3.8780741691589355, "lowlevel.barkbands_skewness.mean": 1.6399497985839844, "lowlevel.barkbands_skewness.stdev": 0.8490498661994934, "lowlevel.barkbands_spread.mean": 32.114749908447266, "lowlevel.barkbands_spread.stdev": 12.231110572814941, "lowlevel.dissonance.mean": 0.48711881041526794, "lowlevel.dissonance.stdev": 0.008827988058328629, "lowlevel.dynamic_complexity": 0.8765968084335327, "lowlevel.erbbands_crest.mean": 7.111769199371338, "lowlevel.erbbands_crest.stdev": 3.034057855606079, "lowlevel.erbbands_flatness_db.mean": 0.1264396607875824, "lowlevel.erbbands_flatness_db.stdev": 0.02662951499223709, "lowlevel.erbbands_kurtosis.mean": 0.11601056158542633, "lowlevel.erbbands_kurtosis.stdev": 1.2830232381820679, "lowlevel.erbbands_skewness.mean": -0.4792291224002838, "lowlevel.erbbands_skewness.stdev": 0.5161508321762085, "lowlevel.erbbands_spread.mean": 46.723663330078125, "lowlevel.erbbands_spread.stdev": 16.85379981994629, "lowlevel.hfc.mean": 36.196380615234375, "lowlevel.hfc.stdev": 17.080036163330078, "lowlevel.loudness_ebu128.integrated": -14.632221221923828, "lowlevel.loudness_ebu128.loudness_range": 0.689234733581543, "lowlevel.loudness_ebu128.momentary.mean": -14.659708023071289, "lowlevel.loudness_ebu128.momentary.stdev": 0.4887530207633972, "lowlevel.loudness_ebu128.short_term.mean": -14.619002342224121, "lowlevel.loudness_ebu128.short_term.stdev": 0.2416687160730362, "lowlevel.melbands_crest.mean": 17.949464797973633, "lowlevel.melbands_crest.stdev": 5.898280143737793, "lowlevel.melbands_flatness_db.mean": 0.17873433232307434, "lowlevel.melbands_flatness_db.stdev": 0.03949646279215813, "lowlevel.melbands_kurtosis.mean": 16.1822566986084, "lowlevel.melbands_kurtosis.stdev": 15.20827865600586, "lowlevel.melbands_skewness.mean": 3.4919016361236572, "lowlevel.melbands_skewness.stdev": 1.5072895288467407, "lowlevel.melbands_spread.mean": 25.511812210083008, "lowlevel.melbands_spread.stdev": 13.066792488098145, "lowlevel.pitch_salience.mean": 0.5478344559669495, "lowlevel.pitch_salience.stdev": 0.11861252039670944, "lowlevel.silence_rate_20dB.mean": 1.0, "lowlevel.silence_rate_20dB.stdev": 0.0, "lowlevel.silence_rate_30dB.mean": 0.9698879718780518, "lowlevel.silence_rate_30dB.stdev": 0.17089562118053436, "lowlevel.silence_rate_60dB.mean": 0.001400560257025063, "lowlevel.silence_rate_60dB.stdev": 0.03739790990948677, "lowlevel.spectral_centroid.mean": 1821.95166015625, "lowlevel.spectral_centroid.stdev": 468.8321228027344, "lowlevel.spectral_complexity.mean": 35.000701904296875, "lowlevel.spectral_complexity.stdev": 7.891019821166992, "lowlevel.spectral_decrease.mean": -1.36288083041336e-08, "lowlevel.spectral_decrease.stdev": 7.210720465167242e-09, "lowlevel.spectral_energy.mean": 0.05472143739461899, "lowlevel.spectral_energy.stdev": 0.027960333973169327, "lowlevel.spectral_energyband_high.mean": 0.0020992336794734, "lowlevel.spectral_energyband_high.stdev": 0.0019720273558050394, "lowlevel.spectral_energyband_low.mean": 0.03300848603248596, "lowlevel.spectral_energyband_low.stdev": 0.025911271572113037, "lowlevel.spectral_energyband_middle_high.mean": 0.008163818158209324, "lowlevel.spectral_energyband_middle_high.stdev": 0.004395362921059132, "lowlevel.spectral_energyband_middle_low.mean": 0.01299911830574274, "lowlevel.spectral_energyband_middle_low.stdev": 0.011898894794285297, "lowlevel.spectral_entropy.mean": 7.981316566467285, "lowlevel.spectral_entropy.stdev": 0.21109429001808167, "lowlevel.spectral_flux.mean": 0.13821257650852203, "lowlevel.spectral_flux.stdev": 0.05726148560643196, "lowlevel.spectral_kurtosis.mean": 2.7648162841796875, "lowlevel.spectral_kurtosis.stdev": 1.4114491939544678, "lowlevel.spectral_rms.mean": 0.007094375789165497, "lowlevel.spectral_rms.stdev": 0.0017482871189713478, "lowlevel.spectral_rolloff.mean": 1498.6533203125, "lowlevel.spectral_rolloff.stdev": 1194.1890869140625, "lowlevel.spectral_skewness.mean": 1.20537531375885, "lowlevel.spectral_skewness.stdev": 0.24871410429477692, "lowlevel.spectral_spread.mean": 4761549.5, "lowlevel.spectral_spread.stdev": 1075582.375, "lowlevel.spectral_strongpeak.mean": 0.4514130651950836, "lowlevel.spectral_strongpeak.stdev": 0.38495123386383057, "lowlevel.zerocrossingrate.mean": 0.06266139447689056, "lowlevel.zerocrossingrate.stdev": 0.02390088327229023, "metadata.audio_properties.analysis.equal_loudness": 0.0, "metadata.audio_properties.analysis.length": 33.13065719604492, "metadata.audio_properties.analysis.sample_rate": 44100.0, "metadata.audio_properties.analysis.start_time": 0.0, "metadata.audio_properties.bit_rate": 119977.0, "metadata.audio_properties.length": 33.13066482543945, "metadata.audio_properties.lossless": 0.0, "metadata.audio_properties.number_channels": 1.0, "metadata.audio_properties.replay_gain": -10.257741928100586, "metadata.audio_properties.sample_rate": 48000.0, "rhythm.beats_count": 66.0, "rhythm.beats_loudness.mean": 0.07177382707595825, "rhythm.beats_loudness.stdev": 0.022819574922323227, "rhythm.bpm": 119.71659851074219, "rhythm.bpm_histogram_first_peak_bpm": 120.0, "rhythm.bpm_histogram_first_peak_weight": 0.3015872836112976, "rhythm.bpm_histogram_second_peak_bpm": 126.0, "rhythm.bpm_histogram_second_peak_spread": 0.5, "rhythm.bpm_histogram_second_peak_weight": 0.015384615398943424, "rhythm.danceability": 2.010706663131714, "rhythm.onset_rate": 5.219256401062012, "tonal.chords_changes_rate": 0.07412587106227875, "tonal.chords_number_rate": 0.008391608484089375, "tonal.chords_strength.mean": 0.5079920887947083, "tonal.chords_strength.stdev": 0.12272320687770844, "tonal.hpcp_crest.mean": 9.957306861877441, "tonal.hpcp_crest.stdev": 4.65224552154541, "tonal.hpcp_entropy.mean": 2.7052292823791504, "tonal.hpcp_entropy.stdev": 0.7060347199440002, "tonal.key_edma.strength": 0.7326401472091675, "tonal.key_krumhansl.strength": 0.7439458966255188, "tonal.key_temperley.strength": 0.7582785487174988, "tonal.tuning_diatonic_strength": 0.48764389753341675, "tonal.tuning_equal_tempered_deviation": 0.3138123154640198, "tonal.tuning_frequency": 434.193115234375, "tonal.tuning_nontempered_energy_ratio": 0.9312366247177124, "lowlevel.barkbands.mean": [0.003522725310176611, 0.019486358389258385, 0.00853029265999794, 0.0045567168854177, 0.0034670201130211353, 0.0016862055053934455, 0.0011274399003013968, 0.0010716888355091214, 0.0009570764377713203, 0.0005021028337068856, 0.0006434997194446623, 0.0009905408369377255, 0.000675017130561173, 0.0005799835198558867, 0.0006572208367288113, 0.0008939117542468011, 0.0017208538483828306, 0.0007529802387580276, 0.0005891733453609049, 0.00044297208660282195, 0.0005013264599256217, 0.0005128355696797371, 0.00034218543441966176, 0.0002818464708980173, 0.00018608321261126548, 4.3187821574974805e-05, 1.9590582667206036e-07], "lowlevel.barkbands.stdev": [0.0038624678272753954, 0.0235451590269804, 0.00762390810996294, 0.006419070530682802, 0.005156739614903927, 0.002600694540888071, 0.0013667272869497538, 0.0014385221293196082, 0.0015283178072422743, 0.0008552705985493958, 0.0013818001607432961, 0.001712607336230576, 0.0010464298538863659, 0.0007453723810613155, 0.0010459809564054012, 0.0010704053565859795, 0.0013574493350461125, 0.0006712023168802261, 0.0003732064215000719, 0.00035640961141325533, 0.0005013489862903953, 0.0006216698093339801, 0.0005049495957791805, 0.00032445476972498, 0.00021424269652925432, 6.094188938732259e-05, 7.446209906447621e-07], "lowlevel.erbbands.mean": [0.8389090895652771, 3.2912843227386475, 8.701131820678711, 13.359323501586914, 15.353251457214355, 8.941489219665527, 12.736924171447754, 14.832646369934082, 13.722951889038086, 22.15679359436035, 24.169008255004883, 21.7574462890625, 14.02454948425293, 22.09531593322754, 30.3232421875, 40.20680236816406, 32.37137222290039, 27.804906845092773, 35.03528594970703, 35.1905517578125, 63.28282165527344, 98.7021255493164, 48.163875579833984, 34.57630920410156, 24.61019515991211, 20.9942569732666, 20.928871154785156, 19.46731948852539, 19.64105796813965, 13.108583450317383, 9.137730598449707, 5.939352512359619, 4.704486846923828, 2.7092649936676025, 0.9795248508453369, 0.3265973925590515, 0.047400981187820435, 0.0029035622719675303, 0.00011411689047235996, 7.25137724657543e-05], "lowlevel.erbbands.stdev": [1.0672616958618164, 4.297141075134277, 7.730620861053467, 13.321344375610352, 24.190296173095703, 14.02328109741211, 19.391910552978516, 25.125566482543945, 17.298479080200195, 27.095090866088867, 34.895565032958984, 32.26597213745117, 17.28090476989746, 44.33346939086914, 59.09495162963867, 66.30204772949219, 47.24566650390625, 33.590309143066406, 42.71581268310547, 57.93608093261719, 62.6373176574707, 80.74421691894531, 41.651729583740234, 20.949209213256836, 16.412107467651367, 16.49029541015625, 20.687946319580078, 20.34217643737793, 23.821561813354492, 17.41539192199707, 13.28394603729248, 7.231027603149414, 5.403646469116211, 3.1386499404907227, 1.1704822778701782, 0.4404374361038208, 0.07441122829914093, 0.005298266652971506, 0.0001510269066784531, 3.549226312316023e-05], "lowlevel.gfcc.mean": [61.75697708129883, 80.67091369628906, -118.67635345458984, 62.84649658203125, -52.48551940917969, 26.652620315551758, -42.18342590332031, 19.473678588867188, -20.88812828063965, 3.4927642345428467, -16.626829147338867, -0.8493183851242065, -10.602689743041992], "lowlevel.melbands.mean": [0.006336767226457596, 0.004397246055305004, 0.002485916716977954, 0.0008005074923858047, 0.0004509498830884695, 0.0003228759451303631, 0.00021879011183045805, 0.00024106093042064458, 0.00020208873320370913, 0.00012927883653901517, 6.667202251264825e-05, 8.601544686825946e-05, 9.171614510705695e-05, 0.00011283202184131369, 8.647513459436595e-05, 6.505182682303712e-05, 4.979064760846086e-05, 5.759292616858147e-05, 4.765691846841946e-05, 4.5988577767275274e-05, 8.208994404412806e-05, 0.00010883065988309681, 6.545936776092276e-05, 2.9913442631368525e-05, 2.810835030686576e-05, 2.0103798306081444e-05, 1.5150618310144637e-05, 1.3458425200951751e-05, 1.3059600860287901e-05, 1.2271502782823518e-05, 1.0891408237512223e-05, 1.2004466043435968e-05, 8.467719453619793e-06, 6.928571565367747e-06, 5.67003917240072e-06, 3.868043677357491e-06, 3.576296876417473e-06, 3.3728576909197727e-06, 2.8967535854462767e-06, 2.0751776901306584e-06], "lowlevel.melbands.stdev": [0.007713760249316692, 0.003728782292455435, 0.002518786583095789, 0.001270317006856203, 0.0006446485058404505, 0.0005220535676926374, 0.000266115996055305, 0.0002982703153975308, 0.0003196923353243619, 0.00018892440130002797, 8.601591252954677e-05, 0.000176525441929698, 0.00018677665502764285, 0.0001977580541279167, 0.00014200420991983265, 0.0001010555715765804, 6.476340786321089e-05, 7.390655082417652e-05, 8.324158989125863e-05, 6.631452561123297e-05, 8.080049155978486e-05, 9.113158739637583e-05, 6.266230047913268e-05, 2.495223452569917e-05, 1.7825967006501742e-05, 1.4340036614157725e-05, 1.1193226782779675e-05, 1.1402766176615842e-05, 1.3284050510264933e-05, 1.4056299733056221e-05, 1.1722810086212121e-05, 1.4848849787085783e-05, 1.1448906661826186e-05, 1.0247371392324567e-05, 8.895785867935047e-06, 5.2070281526539475e-06, 4.300393356970744e-06, 3.979499979323009e-06, 3.3807016279752133e-06, 2.5072379230550723e-06], "lowlevel.melbands128.mean": [0.0029362377244979143, 0.007944377139210701, 0.006910250522196293, 0.004938734229654074, 0.004326306749135256, 0.004249475430697203, 0.0026274663396179676, 0.0024071158841252327, 0.0016044804360717535, 0.0005095997476018965, 0.0004223335417918861, 0.0005457591032609344, 0.00045156083069741726, 0.0003409417113289237, 0.00038455703179351985, 0.0002781702787615359, 0.00020002781820949167, 0.00019370792142581195, 0.0002627944923005998, 0.00026045332197099924, 0.0002355837495997548, 0.0001699794811429456, 0.00022280830307863653, 0.00020402774680405855, 0.00013428059173747897, 0.00011648793588392437, 6.755899812560529e-05, 6.483391189249232e-05, 5.4214338888414204e-05, 8.066171722020954e-05, 9.975469583878294e-05, 9.325115388492122e-05, 7.31603940948844e-05, 0.00011310997797409073, 0.00010513696179259568, 0.00011857540812343359, 0.00011552836804185063, 8.599059219704941e-05, 6.55120238661766e-05, 7.496362377423793e-05, 6.680145452264696e-05, 4.956333214067854e-05, 4.0515707951271906e-05, 5.7414668845012784e-05, 5.970341226202436e-05, 5.7512173953000456e-05, 5.572418012889102e-05, 4.280346547602676e-05, 4.922129664919339e-05, 4.703111699200235e-05, 3.81853969884105e-05, 5.2807350584771484e-05, 7.38541129976511e-05, 9.121254697674885e-05, 0.0001061239090631716, 0.0001166635993286036, 0.00011522908607730642, 6.964452768443152e-05, 5.5037417041603476e-05, 3.683807153720409e-05, 2.6685745979193598e-05, 2.5150548026431352e-05, 2.984483217005618e-05, 2.996264629473444e-05, 2.419858537905384e-05, 2.0761759515153244e-05, 1.684273411228787e-05, 1.4751546586921904e-05, 1.5199808331090026e-05, 1.554937261971645e-05, 1.272753161174478e-05, 1.2558473827084526e-05, 1.3578811376646627e-05, 1.3278346159495413e-05, 1.2291896382521372e-05, 1.3070784916635603e-05, 1.1612687558226753e-05, 1.1471272046037484e-05, 9.840419807005674e-06, 1.1065082617278676e-05, 1.3921016034146305e-05, 1.158333270723233e-05, 9.925885024131276e-06, 8.34250749903731e-06, 6.8954100242990535e-06, 7.164795079006581e-06, 6.704261068080086e-06, 6.983793809922645e-06, 5.8266227824788075e-06, 4.678724053519545e-06, 4.048280061397236e-06, 3.7724978483311133e-06, 3.286708761152113e-06, 3.594338295442867e-06, 3.695524583235965e-06, 3.5613716136140283e-06, 3.157610308335279e-06, 3.4179806789325085e-06, 2.8870963433291763e-06, 2.641268338265945e-06, 2.624663693495677e-06, 1.8713536746872705e-06, 1.6263126099147485e-06, 1.3878490108254482e-06, 1.0026598147305776e-06, 8.027278113331704e-07, 7.791371103849087e-07, 8.129371735776658e-07, 5.440557515612454e-07, 3.8537481827916054e-07, 2.815918378473725e-07, 1.6072924324816995e-07, 1.1390703491542808e-07, 6.995874457516038e-08, 4.2232375818684886e-08, 1.753489797806651e-08, 7.373267774113401e-09, 9.704822501177546e-10, 1.291603213271486e-10, 1.0666364319567023e-10, 4.048764795649973e-11, 6.579897651043387e-12, 6.27523250376627e-12, 6.158047162474478e-12, 6.0244292193756266e-12, 5.86364897608993e-12, 5.76747850866699e-12, 5.728119367720552e-12], "lowlevel.melbands128.stdev": [0.003417307510972023, 0.010173692367970943, 0.010390057228505611, 0.006505654659122229, 0.004431178793311119, 0.0037445942871272564, 0.0028794549871236086, 0.0036300444044172764, 0.002746287966147065, 0.001222598715685308, 0.0007359093870036304, 0.000879820843692869, 0.0008135338430292904, 0.0006899611908011138, 0.0007817313307896256, 0.0005384956602938473, 0.00033196902950294316, 0.0003035019035451114, 0.00036562472814694047, 0.00039964469033293426, 0.00040820741560310125, 0.0003021629527211189, 0.0004512190353125334, 0.0005097230896353722, 0.00024108316574711353, 0.00020482571562752128, 0.00011025801359210163, 9.69481625361368e-05, 9.559030149830505e-05, 0.00019388331566005945, 0.0002481296251062304, 0.00024756757193244994, 0.00018456619000062346, 0.0003147977404296398, 0.00023665560001973063, 0.0002572856319602579, 0.0002436586219118908, 0.00019488878024276346, 0.000142887351103127, 0.0001516110496595502, 0.00012789359607268125, 9.825079177971929e-05, 6.364408181980252e-05, 9.510388190392405e-05, 9.599191253073514e-05, 8.75581317814067e-05, 9.638206392992288e-05, 7.566652493551373e-05, 0.00015444433665834367, 9.497467544861138e-05, 6.25793109065853e-05, 9.923038305714726e-05, 0.0001011745844152756, 9.835133096203208e-05, 0.00010480445780558512, 0.00012501809396781027, 0.00012919363507535309, 8.420676022069529e-05, 7.034593727439642e-05, 4.3942203774349764e-05, 2.7696523829945363e-05, 2.2416421415982768e-05, 2.4487873815814964e-05, 2.3448843421647325e-05, 2.0013778339489363e-05, 1.9521825379342772e-05, 1.4816131624684203e-05, 1.2762156075041275e-05, 1.3386104001256172e-05, 1.5117546354304068e-05, 1.2560212780954316e-05, 1.3231294360593893e-05, 1.7664231563685462e-05, 1.5074445400387049e-05, 1.4454565643973183e-05, 1.7916659999173135e-05, 1.5616607925039716e-05, 1.479679485782981e-05, 1.1751123565773014e-05, 1.4811154869676102e-05, 1.9189064914826304e-05, 1.565704405948054e-05, 1.5172478924796451e-05, 1.323077503911918e-05, 9.744270755618345e-06, 1.0730976100603584e-05, 1.1528189133969136e-05, 1.3762818525719922e-05, 9.84671714832075e-06, 7.210735930129886e-06, 5.780490027973428e-06, 5.866865649295505e-06, 4.918570539302891e-06, 4.619188075594138e-06, 4.7788594201847445e-06, 4.602095032169018e-06, 4.12548206440988e-06, 4.38069992014789e-06, 3.6183018892188556e-06, 3.348914106027223e-06, 3.3522426292620366e-06, 2.5081656076508807e-06, 2.1757857666671043e-06, 1.927197217810317e-06, 1.3841776080880663e-06, 1.1029684401364648e-06, 1.0435894637339516e-06, 1.1491737268443103e-06, 8.675771709931723e-07, 6.947508381927037e-07, 4.981559413863579e-07, 2.975432948915113e-07, 2.4629500217088207e-07, 1.6603173946805327e-07, 1.0941376871187458e-07, 5.180019968520355e-08, 2.441680457820894e-08, 9.684817392496825e-09, 3.1535822841988193e-09, 3.659890612794925e-09, 1.2092520318418565e-09, 9.731246190802789e-12, 8.37375481455016e-12, 8.220840674866281e-12, 8.091972404644654e-12, 7.99024995473685e-12, 7.915740111996694e-12, 7.870135099175002e-12], "lowlevel.mfcc.mean": [-572.4191284179688, 95.00421142578125, 3.2209291458129883, 35.879695892333984, 18.46027946472168, 9.690914154052734, 2.3666248321533203, 9.223855972290039, 7.189907073974609, -1.0298234224319458, 4.211796283721924, 7.82362699508667, 0.8271968364715576], "lowlevel.spectral_contrast_coeffs.mean": [-0.7146093249320984, -0.7917433381080627, -0.8096585273742676, -0.8019376993179321, -0.7912046313285828, -0.7464693784713745], "lowlevel.spectral_contrast_coeffs.stdev": [0.06678872555494308, 0.053914137184619904, 0.04572049900889397, 0.03841497749090195, 0.0265439972281456, 0.026963070034980774], "lowlevel.spectral_contrast_valleys.mean": [-6.0053019523620605, -6.231532096862793, -6.832931995391846, -6.801018714904785, -6.530311584472656, -9.234376907348633], "lowlevel.spectral_contrast_valleys.stdev": [0.47292909026145935, 0.44851505756378174, 0.4849947392940521, 0.3578919768333435, 0.34910616278648376, 0.5853669047355652], "rhythm.beats_loudness_band_ratio.mean": [0.7161357402801514, 0.051764316856861115, 0.05021907016634941, 0.04699581861495972, 0.09822504967451096, 0.05691256374120712], "rhythm.beats_loudness_band_ratio.stdev": [0.14861005544662476, 0.051062487065792084, 0.03279770910739899, 0.0415460467338562, 0.06814812868833542, 0.05642654746770859], "tonal.hpcp.mean": [0.06533519178628922, 0.06931136548519135, 0.06980812549591064, 0.10424929857254028, 0.15289710462093353, 0.12287657707929611, 0.06811116635799408, 0.0697178915143013, 0.11848082393407822, 0.2509080767631531, 0.28226611018180847, 0.15654586255550385, 0.075462706387043, 0.06060890108346939, 0.0732634961605072, 0.0959552600979805, 0.10879646986722946, 0.12749400734901428, 0.14461930096149445, 0.14689674973487854, 0.15266595780849457, 0.1318490356206894, 0.10328471660614014, 0.12491319328546524, 0.25319594144821167, 0.3108634352684021, 0.19435958564281464, 0.10508520156145096, 0.08172418177127838, 0.08345721662044525, 0.1319797933101654, 0.15244144201278687, 0.10165225714445114, 0.06185498461127281, 0.05440951883792877, 0.05728338286280632], "tonal.hpcp.stdev": [0.1651156097650528, 0.16854128241539001, 0.17273680865764618, 0.2108849585056305, 0.2878282070159912, 0.2284732162952423, 0.14857934415340424, 0.15402615070343018, 0.20913782715797424, 0.3157910406589508, 0.331948846578598, 0.2132444828748703, 0.1445656716823578, 0.10963258892297745, 0.12540221214294434, 0.175967276096344, 0.18979071080684662, 0.21289324760437012, 0.24785396456718445, 0.23937901854515076, 0.26538190245628357, 0.24114756286144257, 0.19665098190307617, 0.21674200892448425, 0.2964248061180115, 0.3517630100250244, 0.252674400806427, 0.21556878089904785, 0.19135166704654694, 0.18876352906227112, 0.2498578429222107, 0.27842986583709717, 0.19869489967823029, 0.15156535804271698, 0.1462739259004593, 0.15045373141765594], "rhythm.beats_position": [0.4527890980243683, 0.9171881675720215, 1.3931972980499268, 1.8808163404464722, 2.3800454139709473, 2.879274368286133, 3.3785033226013184, 3.877732276916504, 4.388571262359619, 4.887800216674805, 5.38702917098999, 5.886258602142334, 6.3854875564575195, 6.896326541900635, 7.39555549621582, 7.894784450531006, 8.405623435974121, 8.893242835998535, 9.392471313476562, 9.903310775756836, 10.402539253234863, 10.913378715515137, 11.412607192993164, 11.911836624145508, 12.411065101623535, 12.910294532775879, 13.421133995056152, 13.90875244140625, 14.419591903686523, 14.91882038116455, 15.418049812316895, 15.928888320922852, 16.428117752075195, 16.92734718322754, 17.42657470703125, 17.925804138183594, 18.436643600463867, 18.93587303161621, 19.435102462768555, 19.934329986572266, 20.43355941772461, 20.944398880004883, 21.455238342285156, 21.942855834960938, 22.44208526611328, 22.941314697265625, 23.44054412841797, 23.939773559570312, 24.450611114501953, 24.961450576782227, 25.46068000793457, 25.959909439086914, 26.459136962890625, 26.95836639404297, 27.457595825195312, 27.956825256347656, 28.46766471862793, 28.96689224243164, 29.466121673583984, 29.965351104736328, 30.464580535888672, 30.975418090820312, 31.474647521972656, 31.973876953125, 32.473106384277344, 32.97233581542969], "rhythm.bpm_histogram": [0.0, 0.0, 0.0, 0.0, 0.0, 0.0, 0.0, 0.0, 0.0, 0.0, 0.0, 0.0, 0.0, 0.0, 0.0, 0.0, 0.0, 0.0, 0.0, 0.0, 0.0, 0.0, 0.0, 0.0, 0.0, 0.0, 0.0, 0.0, 0.0, 0.0, 0.0, 0.0, 0.0, 0.0, 0.0, 0.0, 0.0, 0.0, 0.0, 0.0, 0.0, 0.0, 0.0, 0.0, 0.0, 0.0, 0.0, 0.0, 0.0, 0.0, 0.0, 0.0, 0.0, 0.0, 0.0, 0.0, 0.0, 0.0, 0.0, 0.0, 0.0, 0.0, 0.0, 0.0, 0.0, 0.0, 0.0, 0.0, 0.0, 0.0, 0.0, 0.0, 0.0, 0.0, 0.0, 0.0, 0.0, 0.0, 0.0, 0.0, 0.0, 0.0, 0.0, 0.0, 0.0, 0.0, 0.0, 0.0, 0.0, 0.0, 0.0, 0.0, 0.0, 0.0, 0.0, 0.0, 0.0, 0.0, 0.0, 0.0, 0.0, 0.0, 0.0, 0.0, 0.0, 0.0, 0.0, 0.0, 0.0, 0.0, 0.0, 0.0, 0.0, 0.0, 0.0, 0.0, 0.0, 0.23076923191547394, 0.0, 0.0, 0.6769230961799622, 0.0, 0.0, 0.0615384615957737, 0.0, 0.0, 0.015384615398943424, 0.0, 0.0, 0.015384615398943424, 0.0, 0.0, 0.0, 0.0, 0.0, 0.0, 0.0, 0.0, 0.0, 0.0, 0.0, 0.0, 0.0, 0.0, 0.0, 0.0, 0.0, 0.0, 0.0, 0.0, 0.0, 0.0, 0.0, 0.0, 0.0, 0.0, 0.0, 0.0, 0.0, 0.0, 0.0, 0.0, 0.0, 0.0, 0.0, 0.0, 0.0, 0.0, 0.0, 0.0, 0.0, 0.0, 0.0, 0.0, 0.0, 0.0, 0.0, 0.0, 0.0, 0.0, 0.0, 0.0, 0.0, 0.0, 0.0, 0.0, 0.0, 0.0, 0.0, 0.0, 0.0, 0.0, 0.0, 0.0, 0.0, 0.0, 0.0, 0.0, 0.0, 0.0, 0.0, 0.0, 0.0, 0.0, 0.0, 0.0, 0.0, 0.0, 0.0, 0.0, 0.0, 0.0, 0.0, 0.0, 0.0, 0.0, 0.0, 0.0, 0.0, 0.0, 0.0, 0.0, 0.0, 0.0, 0.0, 0.0, 0.0, 0.0, 0.0, 0.0, 0.0, 0.0, 0.0, 0.0, 0.0, 0.0, 0.0, 0.0, 0.0, 0.0, 0.0, 0.0, 0.0, 0.0, 0.0, 0.0, 0.0, 0.0, 0.0, 0.0], "tonal.chords_histogram": [0.559440553188324, 0.0, 1.2587412595748901, 0.0, 0.0, 0.0, 0.9790209531784058, 0.0, 0.139860138297081, 0.0, 0.0, 0.0, 0.0, 0.0, 0.0, 0.0, 0.0, 28.25174903869629, 4.895104885101318, 35.94405746459961, 0.4195804297924042, 0.0, 24.47552490234375, 3.076923131942749], "tonal.thpcp": [1.0, 0.6252250075340271, 0.3380429744720459, 0.2628941535949707, 0.26846906542778015, 0.42455875873565674, 0.49038073420524597, 0.3269997239112854, 0.1989780068397522, 0.17502707242965698, 0.18427185714244843, 0.21017329394817352, 0.22296403348445892, 0.22456203401088715, 0.3353540003299713, 0.4918465316295624, 0.3952751159667969, 0.21910317242145538, 0.224271759390831, 0.38113462924957275, 0.8071327805519104, 0.9080067873001099, 0.5035840272903442, 0.24275195598602295, 0.1949695348739624, 0.23567743599414825, 0.30867335200309753, 0.34998154640197754, 0.4101286828517914, 0.46521812677383423, 0.4725443124771118, 0.4911029636859894, 0.4241381287574768, 0.33225110173225403, 0.4018265902996063, 0.8144925236701965], "lowlevel.gfcc.cov": [[1007.292724609375, -254.48269653320312, 117.20299530029297, 57.02957534790039, -60.37834930419922, 90.33676147460938, 31.002628326416016, 47.753173828125, 25.351152420043945, 61.575958251953125, -25.724098205566406, 49.417179107666016, -46.179473876953125], [-254.48269653320312, 539.2081298828125, -204.39764404296875, -116.83159637451172, 72.84960174560547, -88.15817260742188, 70.97077941894531, -36.436744689941406, -14.71630859375, -67.41671752929688, 61.7220573425293, -56.27650451660156, 68.50122833251953], [117.20299530029297, -204.39764404296875, 285.1488952636719, 113.1908950805664, -20.41399383544922, 30.880887985229492, -38.96812438964844, 4.177576065063477, 6.677196502685547, 37.00556182861328, -19.361751556396484, 56.20978927612305, -8.856929779052734], [57.02957534790039, -116.83159637451172, 113.1908950805664, 175.07159423828125, 23.90467071533203, 17.458721160888672, -33.063018798828125, -9.56839370727539, 41.56916427612305, 24.46038818359375, 7.132087707519531, 13.01241683959961, 17.870983123779297], [-60.37834930419922, 72.84960174560547, -20.41399383544922, 23.90467071533203, 146.92344665527344, 24.750125885009766, 33.09398651123047, 24.11578369140625, 32.907291412353516, 24.73380470275879, 15.492018699645996, 5.022348403930664, 24.365962982177734], [90.33676147460938, -88.15817260742188, 30.880887985229492, 17.458721160888672, 24.750125885009766, 127.25643920898438, 76.35283660888672, 42.481327056884766, 11.344813346862793, 16.954774856567383, 12.358583450317383, 12.206486701965332, -3.146115779876709], [31.002628326416016, 70.97077941894531, -38.96812438964844, -33.063018798828125, 33.09398651123047, 76.35283660888672, 174.93492126464844, 72.60100555419922, 16.234357833862305, -2.2289648056030273, 20.120698928833008, 7.116896152496338, 13.05640697479248], [47.753173828125, -36.436744689941406, 4.177576065063477, -9.56839370727539, 24.11578369140625, 42.481327056884766, 72.60100555419922, 96.30900573730469, 44.18403625488281, 26.12224006652832, 8.430207252502441, 15.35584831237793, 6.659625053405762], [25.351152420043945, -14.71630859375, 6.677196502685547, 41.56916427612305, 32.907291412353516, 11.344813346862793, 16.234357833862305, 44.18403625488281, 85.17818450927734, 50.03818130493164, 23.01148796081543, 1.808535099029541, 9.09994125366211], [61.575958251953125, -67.41671752929688, 37.00556182861328, 24.46038818359375, 24.73380470275879, 16.954774856567383, -2.2289648056030273, 26.12224006652832, 50.03818130493164, 89.45695495605469, 33.97474670410156, 20.240394592285156, -6.549947261810303], [-25.724098205566406, 61.7220573425293, -19.361751556396484, 7.132087707519531, 15.492018699645996, 12.358583450317383, 20.120698928833008, 8.430207252502441, 23.01148796081543, 33.97474670410156, 77.12337493896484, 23.834697723388672, 23.91368293762207], [49.417179107666016, -56.27650451660156, 56.20978927612305, 13.01241683959961, 5.022348403930664, 12.206486701965332, 7.116896152496338, 15.35584831237793, 1.808535099029541, 20.240394592285156, 23.834697723388672, 75.36427307128906, 30.718183517456055], [-46.179473876953125, 68.50122833251953, -8.856929779052734, 17.870983123779297, 24.365962982177734, -3.146115779876709, 13.05640697479248, 6.659625053405762, 9.09994125366211, -6.549947261810303, 23.91368293762207, 30.718183517456055, 83.21338653564453]], "lowlevel.gfcc.icov": [[0.0013518850319087505, -0.0007355532143265009, 0.0004639473045244813, -0.0011253674747422338, 0.0013183776754885912, -0.0014295894652605057, 0.00026409493875689805, -0.0005687903612852097, 0.00022814719704911113, -0.0016794062685221434, 0.002159821568056941, -0.002079688711091876, 0.0012006917968392372], [-0.0007355532143265009, 0.013282343745231628, -0.003058272646740079, 0.009997944347560406, -0.008428897708654404, 0.011885709129273891, -0.008697698824107647, 0.008833503350615501, -0.004806572571396828, 0.011284626089036465, -0.0166477020829916, 0.014843923971056938, -0.009521265514194965], [0.0004639473045244813, -0.003058272646740079, 0.00852216873317957, -0.007539905607700348, 0.0036587945651263, -0.0040743653662502766, 0.0027943088207393885, -0.0032834007870405912, 0.003713745390996337, -0.00600272323936224, 0.00818436499685049, -0.009604508988559246, 0.004215217661112547], [-0.0011253674747422338, 0.009997944347560406, -0.007539905607700348, 0.019464941695332527, -0.008183382451534271, 0.006982127670198679, -0.004949320573359728, 0.011263394728302956, -0.011807155795395374, 0.011815367266535759, -0.01430902536958456, 0.013788849115371704, -0.0100591741502285], [0.0013183776754885912, -0.008428897708654404, 0.0036587945651263, -0.008183382451534271, 0.014476772397756577, -0.009016525000333786, 0.00426543690264225, -0.005531555972993374, 0.002015081699937582, -0.010499256663024426, 0.012806393206119537, -0.010180802084505558, 0.00404193252325058], [-0.0014295894652605057, 0.011885709129273891, -0.0040743653662502766, 0.006982127670198679, -0.009016525000333786, 0.023916738107800484, -0.01297999732196331, 0.005172773264348507, -0.0007524593966081738, 0.008882376365363598, -0.016802780330181122, 0.014358649030327797, -0.00703410292044282], [0.00026409493875689805, -0.008697698824107647, 0.0027943088207393885, -0.004949320573359728, 0.00426543690264225, -0.01297999732196331, 0.01794065162539482, -0.013316862285137177, 0.0037799242418259382, -0.0035222219303250313, 0.0076516494154930115, -0.008896258659660816, 0.005572470370680094], [-0.0005687903612852097, 0.008833503350615501, -0.0032834007870405912, 0.011263394728302956, -0.005531555972993374, 0.005172773264348507, -0.013316862285137177, 0.030603088438510895, -0.017234034836292267, 0.006928008981049061, -0.00618761358782649, 0.005236346274614334, -0.006625082343816757], [0.00022814719704911113, -0.004806572571396828, 0.003713745390996337, -0.011807155795395374, 0.002015081699937582, -0.0007524593966081738, 0.0037799242418259382, -0.017234034836292267, 0.03298407047986984, -0.017490021884441376, 0.0038795345462858677, 0.0010703488951548934, 0.0006883268943056464], [-0.0016794062685221434, 0.011284626089036465, -0.00600272323936224, 0.011815367266535759, -0.010499256663024426, 0.008882376365363598, -0.0035222219303250313, 0.006928008981049061, -0.017490021884441376, 0.0360032357275486, -0.02433268167078495, 0.009275060147047043, -0.0016741921426728368], [0.002159821568056941, -0.0166477020829916, 0.00818436499685049, -0.01430902536958456, 0.012806393206119537, -0.016802780330181122, 0.0076516494154930115, -0.00618761358782649, 0.0038795345462858677, -0.02433268167078495, 0.044208329170942307, -0.02600194327533245, 0.008311161771416664], [-0.002079688711091876, 0.014843923971056938, -0.009604508988559246, 0.013788849115371704, -0.010180802084505558, 0.014358649030327797, -0.008896258659660816, 0.005236346274614334, 0.0010703488951548934, 0.009275060147047043, -0.02600194327533245, 0.0427020899951458, -0.020534556359052658], [0.0012006917968392372, -0.009521265514194965, 0.004215217661112547, -0.0100591741502285, 0.00404193252325058, -0.00703410292044282, 0.005572470370680094, -0.006625082343816757, 0.0006883268943056464, -0.0016741921426728368, 0.008311161771416664, -0.020534556359052658, 0.026321720331907272]], "lowlevel.mfcc.cov": [[991.1614379882812, -225.30345153808594, 84.78093719482422, -26.021116256713867, -45.76921463012695, 41.92576217651367, -2.6728076934814453, 34.616615295410156, 18.251848220825195, 37.64311218261719, 42.27826690673828, 9.011370658874512, 24.240028381347656], [-225.30345153808594, 526.7574462890625, -232.32176208496094, -33.78340530395508, -51.644596099853516, -61.27886962890625, 64.74490356445312, -10.269314765930176, 8.732043266296387, -53.927120208740234, -18.50001335144043, 20.01654815673828, -12.410417556762695], [84.78093719482422, -232.32176208496094, 284.40643310546875, 48.104679107666016, 17.56584358215332, 30.821514129638672, -39.4456672668457, 2.7258691787719727, -28.543642044067383, 12.973420143127441, -11.20634937286377, -28.2890567779541, 13.329996109008789], [-26.021116256713867, -33.78340530395508, 48.104679107666016, 130.61337280273438, 60.18251419067383, 10.951627731323242, -38.545814514160156, -21.19364356994629, 1.511928677558899, 8.3198823928833, -3.3281431198120117, -9.851066589355469, 1.207074761390686], [-45.76921463012695, -51.644596099853516, 17.56584358215332, 60.18251419067383, 131.18362426757812, 28.61267852783203, -37.694908142089844, -30.85294532775879, -3.2051565647125244, 13.669990539550781, 11.004343032836914, -2.2648723125457764, -6.830344200134277], [41.92576217651367, -61.27886962890625, 30.821514129638672, 10.951627731323242, 28.61267852783203, 84.10852813720703, 30.351158142089844, 13.380967140197754, 3.3909056186676025, 16.196659088134766, 19.155548095703125, 2.3319568634033203, -1.2448762655258179], [-2.6728076934814453, 64.74490356445312, -39.4456672668457, -38.545814514160156, -37.694908142089844, 30.351158142089844, 111.38355255126953, 61.602394104003906, 27.99736976623535, 3.253854274749756, 14.01852798461914, 17.72358512878418, 3.8032548427581787], [34.616615295410156, -10.269314765930176, 2.7258691787719727, -21.19364356994629, -30.85294532775879, 13.380967140197754, 61.602394104003906, 98.03889465332031, 45.06428909301758, 13.611242294311523, 2.661745548248291, 2.734950542449951, 8.364567756652832], [18.251848220825195, 8.732043266296387, -28.543642044067383, 1.511928677558899, -3.2051565647125244, 3.3909056186676025, 27.99736976623535, 45.06428909301758, 77.63806915283203, 37.075435638427734, 9.73585319519043, 3.776728868484497, 4.011608123779297], [37.64311218261719, -53.927120208740234, 12.973420143127441, 8.3198823928833, 13.669990539550781, 16.196659088134766, 3.253854274749756, 13.611242294311523, 37.075435638427734, 73.07453155517578, 43.71006774902344, 14.98319149017334, -1.3664964437484741], [42.27826690673828, -18.50001335144043, -11.20634937286377, -3.3281431198120117, 11.004343032836914, 19.155548095703125, 14.01852798461914, 2.661745548248291, 9.73585319519043, 43.71006774902344, 83.73613739013672, 45.92534255981445, 1.2745105028152466], [9.011370658874512, 20.01654815673828, -28.2890567779541, -9.851066589355469, -2.2648723125457764, 2.3319568634033203, 17.72358512878418, 2.734950542449951, 3.776728868484497, 14.98319149017334, 45.92534255981445, 72.01607513427734, 29.04821014404297], [24.240028381347656, -12.410417556762695, 13.329996109008789, 1.207074761390686, -6.830344200134277, -1.2448762655258179, 3.8032548427581787, 8.364567756652832, 4.011608123779297, -1.3664964437484741, 1.2745105028152466, 29.04821014404297, 64.21427917480469]], "lowlevel.mfcc.icov": [[0.0012258439091965556, 0.0004998132935725152, 6.399332778528333e-05, 0.0001430241100024432, 0.0007894902373664081, -0.0005716690211556852, 0.00045843288535252213, -0.0001223649160237983, -0.00040331220952793956, 0.00032440057839266956, -0.000854014593642205, 0.00036119756987318397, -0.0004347773501649499], [0.0004998132935725152, 0.004108886234462261, 0.0024497192353010178, -0.0010519145289435983, 0.000813547580037266, 0.0021818040404468775, -0.0030667237006127834, 0.0018384879222139716, -0.0006626563263125718, 0.0020586084574460983, -7.846546213841066e-05, -0.00024529657093808055, 0.0003853907692246139], [6.399332778528333e-05, 0.0024497192353010178, 0.006771157030016184, -0.0021823272109031677, 0.001151167438365519, -0.0007813334814272821, 0.0004831636033486575, -0.0017265485366806388, 0.0039022420533001423, -0.0017494242638349533, 0.000593123899307102, 0.0022341329604387283, -0.0019151244778186083], [0.0001430241100024432, -0.0010519145289435983, -0.0021823272109031677, 0.011228231713175774, -0.004104727879166603, -0.0012341144029051065, 0.0029422705993056297, 0.0005270523251965642, -0.002485464094206691, 0.00013676569506060332, 0.00015696234186179936, 0.00042695534648373723, -0.0007568572764284909], [0.0007894902373664081, 0.000813547580037266, 0.001151167438365519, -0.004104727879166603, 0.01272812020033598, -0.005425679497420788, 0.00386464549228549, 0.0018172739073634148, -0.0014758796896785498, 0.00027606228832155466, -0.0010682627325877547, -0.0005125784082338214, 0.0008316209423355758], [-0.0005716690211556852, 0.0021818040404468775, -0.0007813334814272821, -0.0012341144029051065, -0.005425679497420788, 0.02042791061103344, -0.010985524393618107, 0.001735410187393427, 0.0023090848699212074, -0.0013241382548585534, -0.0026435020845383406, 0.0027563460171222687, -0.0003004838654305786], [0.00045843288535252213, -0.0030667237006127834, 0.0004831636033486575, 0.0029422705993056297, 0.00386464549228549, -0.010985524393618107, 0.023698605597019196, -0.011553565040230751, -0.00167019700165838, 0.002353089628741145, -0.0014938637614250183, -0.0034271019976586103, 0.001112477038986981], [-0.0001223649160237983, 0.0018384879222139716, -0.0017265485366806388, 0.0005270523251965642, 0.0018172739073634148, 0.001735410187393427, -0.011553565040230751, 0.023089351132512093, -0.011279826052486897, 0.0025244837161153555, 8.661272295285016e-05, 0.00136340