{"song_id": "1182268141842202755", "download": "https://cdn.discordapp.com/attachments/1135903449314238464/1182268141842202755/chirp.mp4?ex=65841402&amp", "lyrics": "[verse]\nEveryday my heart longs for your touch\nCan't seem to get enough, I'm in love so much\nYou're the light that guides me through\nBaby, my love for you is eternally true\n\n[chorus]\nI'm so in love, so deep within\nWith you, my darling, it's where I begin\nYou're the rhythm of my heart, the melody in my soul\nForever and always, together we'll grow", "style": ["Pop Rock</span><span>, Love</span><span>, Indie"], "essentia_features": {"lowlevel.average_loudness": 0.9789634943008423, "lowlevel.barkbands_crest.mean": 13.408988952636719, "lowlevel.barkbands_crest.stdev": 5.085594654083252, "lowlevel.barkbands_flatness_db.mean": 0.17326568067073822, "lowlevel.barkbands_flatness_db.stdev": 0.056650277227163315, "lowlevel.barkbands_kurtosis.mean": 9.688535690307617, "lowlevel.barkbands_kurtosis.stdev": 16.601606369018555, "lowlevel.barkbands_skewness.mean": 2.0988125801086426, "lowlevel.barkbands_skewness.stdev": 1.6910552978515625, "lowlevel.barkbands_spread.mean": 17.67734718322754, "lowlevel.barkbands_spread.stdev": 15.253266334533691, "lowlevel.dissonance.mean": 0.43579012155532837, "lowlevel.dissonance.stdev": 0.04295499995350838, "lowlevel.dynamic_complexity": 2.1217405796051025, "lowlevel.erbbands_crest.mean": 12.343279838562012, "lowlevel.erbbands_crest.stdev": 6.223996162414551, "lowlevel.erbbands_flatness_db.mean": 0.17012134194374084, "lowlevel.erbbands_flatness_db.stdev": 0.06026304140686989, "lowlevel.erbbands_kurtosis.mean": 3.1474435329437256, "lowlevel.erbbands_kurtosis.stdev": 6.342615604400635, "lowlevel.erbbands_skewness.mean": 0.8930018544197083, "lowlevel.erbbands_skewness.stdev": 0.9805561900138855, "lowlevel.erbbands_spread.mean": 38.04124450683594, "lowlevel.erbbands_spread.stdev": 28.461694717407227, "lowlevel.hfc.mean": 25.97056007385254, "lowlevel.hfc.stdev": 15.713400840759277, "lowlevel.loudness_ebu128.integrated": -10.882902145385742, "lowlevel.loudness_ebu128.loudness_range": 1.0097312927246094, "lowlevel.loudness_ebu128.momentary.mean": -11.031829833984375, "lowlevel.loudness_ebu128.momentary.stdev": 1.206047773361206, "lowlevel.loudness_ebu128.short_term.mean": -10.9457368850708, "lowlevel.loudness_ebu128.short_term.stdev": 0.35526835918426514, "lowlevel.melbands_crest.mean": 16.721799850463867, "lowlevel.melbands_crest.stdev": 5.854813575744629, "lowlevel.melbands_flatness_db.mean": 0.2417697310447693, "lowlevel.melbands_flatness_db.stdev": 0.06913191825151443, "lowlevel.melbands_kurtosis.mean": 22.704133987426758, "lowlevel.melbands_kurtosis.stdev": 37.59001159667969, "lowlevel.melbands_skewness.mean": 3.0110464096069336, "lowlevel.melbands_skewness.stdev": 2.4017741680145264, "lowlevel.melbands_spread.mean": 16.278215408325195, "lowlevel.melbands_spread.stdev": 15.193836212158203, "lowlevel.pitch_salience.mean": 0.4713444411754608, "lowlevel.pitch_salience.stdev": 0.13298559188842773, "lowlevel.silence_rate_20dB.mean": 1.0, "lowlevel.silence_rate_20dB.stdev": 0.0, "lowlevel.silence_rate_30dB.mean": 0.9991762638092041, "lowlevel.silence_rate_30dB.stdev": 0.028688715770840645, "lowlevel.silence_rate_60dB.mean": 0.00988467875868082, "lowlevel.silence_rate_60dB.stdev": 0.09892778843641281, "lowlevel.spectral_centroid.mean": 957.2969360351562, "lowlevel.spectral_centroid.stdev": 525.2958984375, "lowlevel.spectral_complexity.mean": 14.06507396697998, "lowlevel.spectral_complexity.stdev": 7.512416362762451, "lowlevel.spectral_decrease.mean": -1.02718669126034e-08, "lowlevel.spectral_decrease.stdev": 6.04177907703729e-09, "lowlevel.spectral_energy.mean": 0.041123997420072556, "lowlevel.spectral_energy.stdev": 0.023353710770606995, "lowlevel.spectral_energyband_high.mean": 0.0008453712798655033, "lowlevel.spectral_energyband_high.stdev": 0.0011107585160061717, "lowlevel.spectral_energyband_low.mean": 0.015820303931832314, "lowlevel.spectral_energyband_low.stdev": 0.020610392093658447, "lowlevel.spectral_energyband_middle_high.mean": 0.007332311477512121, "lowlevel.spectral_energyband_middle_high.stdev": 0.010003598406910896, "lowlevel.spectral_energyband_middle_low.mean": 0.019663816317915916, "lowlevel.spectral_energyband_middle_low.stdev": 0.015116573311388493, "lowlevel.spectral_entropy.mean": 7.332428455352783, "lowlevel.spectral_entropy.stdev": 0.6010622978210449, "lowlevel.spectral_flux.mean": 0.10195832699537277, "lowlevel.spectral_flux.stdev": 0.05549512431025505, "lowlevel.spectral_kurtosis.mean": 5.014524459838867, "lowlevel.spectral_kurtosis.stdev": 3.218282461166382, "lowlevel.spectral_rms.mean": 0.006031451281160116, "lowlevel.spectral_rms.stdev": 0.0019345767796039581, "lowlevel.spectral_rolloff.mean": 1279.649169921875, "lowlevel.spectral_rolloff.stdev": 1993.2864990234375, "lowlevel.spectral_skewness.mean": 1.9295262098312378, "lowlevel.spectral_skewness.stdev": 0.5948265790939331, "lowlevel.spectral_spread.mean": 6063392.0, "lowlevel.spectral_spread.stdev": 2190046.0, "lowlevel.spectral_strongpeak.mean": 1.6439380645751953, "lowlevel.spectral_strongpeak.stdev": 1.7463161945343018, "lowlevel.zerocrossingrate.mean": 0.05708707496523857, "lowlevel.zerocrossingrate.stdev": 0.048643697053194046, "metadata.audio_properties.analysis.equal_loudness": 0.0, "metadata.audio_properties.analysis.length": 28.15895652770996, "metadata.audio_properties.analysis.sample_rate": 44100.0, "metadata.audio_properties.analysis.start_time": 0.0, "metadata.audio_properties.bit_rate": 119762.0, "metadata.audio_properties.length": 28.15999984741211, "metadata.audio_properties.lossless": 0.0, "metadata.audio_properties.number_channels": 1.0, "metadata.audio_properties.replay_gain": -14.874574661254883, "metadata.audio_properties.sample_rate": 48000.0, "rhythm.beats_count": 58.0, "rhythm.beats_loudness.mean": 0.07740472257137299, "rhythm.beats_loudness.stdev": 0.018155736848711967, "rhythm.bpm": 124.95024108886719, "rhythm.bpm_histogram_first_peak_bpm": 126.0, "rhythm.bpm_histogram_first_peak_weight": 0.4736841917037964, "rhythm.bpm_histogram_second_peak_bpm": 0.0, "rhythm.bpm_histogram_second_peak_spread": 0.0, "rhythm.bpm_histogram_second_peak_weight": 0.0, "rhythm.danceability": 1.5084975957870483, "rhythm.onset_rate": 4.933028697967529, "tonal.chords_changes_rate": 0.06578947603702545, "tonal.chords_number_rate": 0.01151315774768591, "tonal.chords_strength.mean": 0.5422689318656921, "tonal.chords_strength.stdev": 0.08179187774658203, "tonal.hpcp_crest.mean": 17.5866641998291, "tonal.hpcp_crest.stdev": 7.981554985046387, "tonal.hpcp_entropy.mean": 1.523411750793457, "tonal.hpcp_entropy.stdev": 0.7508512735366821, "tonal.key_edma.strength": 0.560678243637085, "tonal.key_krumhansl.strength": 0.5665423274040222, "tonal.key_temperley.strength": 0.5633636116981506, "tonal.tuning_diatonic_strength": 0.5393165946006775, "tonal.tuning_equal_tempered_deviation": 0.1825137883424759, "tonal.tuning_frequency": 434.69500732421875, "tonal.tuning_nontempered_energy_ratio": 0.8879300951957703, "lowlevel.barkbands.mean": [0.00022112797887530178, 0.009249145165085793, 0.00445209164172411, 0.0025142026133835316, 0.0021247602999210358, 0.007154381368309259, 0.001546373125165701, 0.0012625519884750247, 0.0037217512726783752, 0.0022207386791706085, 0.0021114556584507227, 0.0010453274007886648, 0.0005551156937144697, 0.0006007776246406138, 0.00038346860674209893, 0.0003667112032417208, 0.0003247895510867238, 0.00018385559087619185, 0.0001876189053291455, 0.00011251711111981422, 0.00011058310337830335, 8.634047117084265e-05, 0.00010503535304451361, 0.00014674890553578734, 0.0002184745972044766, 0.00011708158126566559, 1.0012598750108737e-06], "lowlevel.barkbands.stdev": [0.000348024710547179, 0.019529014825820923, 0.005874494556337595, 0.0031279188115149736, 0.004480250645428896, 0.0104333171620965, 0.00425163796171546, 0.004127625375986099, 0.008044568821787834, 0.006652831099927425, 0.006336451508104801, 0.003048328449949622, 0.0013667078455910087, 0.0017575797392055392, 0.0009311581961810589, 0.0008624623878858984, 0.0008652746328152716, 0.00037694507045671344, 0.00027129705995321274, 0.00015436080866493285, 0.00023660103033762425, 0.00015931900998111814, 0.00015790048928465694, 0.00018950218509417027, 0.00035417251638136804, 0.00027946484624408185, 3.624592864071019e-06], "lowlevel.erbbands.mean": [0.2921857535839081, 2.003375291824341, 3.888378620147705, 9.463371276855469, 3.521481990814209, 8.578572273254395, 45.046138763427734, 49.23329162597656, 27.251405715942383, 25.622108459472656, 38.18063735961914, 81.29752349853516, 90.97518157958984, 67.20486450195312, 63.35675048828125, 42.810462951660156, 27.153038024902344, 31.31482696533203, 24.19031524658203, 20.116554260253906, 20.194093704223633, 17.673187255859375, 10.40398120880127, 11.364117622375488, 7.153499603271484, 5.319645404815674, 5.094070911407471, 3.7567827701568604, 3.1135685443878174, 2.7857484817504883, 3.0892159938812256, 3.092874526977539, 2.404181718826294, 2.2809667587280273, 1.6346328258514404, 0.7296661138534546, 0.16993482410907745, 0.012611438520252705, 0.00030963035533204675, 6.347856833599508e-05], "lowlevel.erbbands.stdev": [0.656984806060791, 4.1099114418029785, 5.007548809051514, 9.64841079711914, 5.124569416046143, 18.388818740844727, 79.72168731689453, 76.55816650390625, 62.956336975097656, 88.07506561279297, 91.13612365722656, 195.61279296875, 242.8165283203125, 213.92726135253906, 163.16224670410156, 130.86697387695312, 54.252357482910156, 76.97628021240234, 53.6750373840332, 52.064029693603516, 38.74219512939453, 43.84724044799805, 21.206424713134766, 17.881206512451172, 9.748384475708008, 7.1698760986328125, 10.203054428100586, 7.96455192565918, 5.987346172332764, 4.718119144439697, 4.537013053894043, 4.082523345947266, 3.185429334640503, 3.488030195236206, 2.9303436279296875, 1.6121381521224976, 0.44094887375831604, 0.03377338871359825, 0.0007271019858308136, 4.046849790029228e-05], "lowlevel.gfcc.mean": [10.582306861877441, 76.68296813964844, -99.21685791015625, 8.661166191101074, -65.24848937988281, 20.840660095214844, -48.698570251464844, 19.17013168334961, -35.893672943115234, 5.137240409851074, -17.83823585510254, -0.3303256928920746, -9.480348587036133], "lowlevel.melbands.mean": [0.0026660508010536432, 0.0023157289251685143, 0.001371455262415111, 0.0003418164560571313, 0.0013119970681145787, 0.0011767811374738812, 0.0003843290905933827, 0.0002671239781193435, 0.00037322810385376215, 0.0005352016305550933, 0.00044186838204041123, 0.00025294843362644315, 0.00022882988560013473, 0.00013087967818137258, 8.447719301329926e-05, 5.6661512644495815e-05, 6.033306635799818e-05, 4.086398257641122e-05, 2.7715463147615083e-05, 2.886206675611902e-05, 2.211013634223491e-05, 2.145631515304558e-05, 9.778203093446791e-06, 7.79219226387795e-06, 9.684044016466942e-06, 5.790730483568041e-06, 3.944449872506084e-06, 3.4170459457527613e-06, 3.238683120798669e-06, 2.770825403786148e-06, 1.9957331005571177e-06, 1.7662438267507241e-06, 1.6188595282073948e-06, 1.5175337466644123e-06, 1.7287917444264167e-06, 1.8567769757282804e-06, 1.9764918306464097e-06, 1.6722427744753077e-06, 1.6873560753083439e-06, 2.030472842307063e-06], "lowlevel.melbands.stdev": [0.005764028523117304, 0.002945190528407693, 0.0013744891621172428, 0.0007190668256953359, 0.0021728838328272104, 0.0016942155780270696, 0.0009067750070244074, 0.0010094712488353252, 0.000952697591856122, 0.0013320791767910123, 0.0012200820492580533, 0.0008293393184430897, 0.0006018517888151109, 0.00037961677298881114, 0.0002125007304130122, 0.00016182301624212414, 0.00016976083861663938, 0.0001115007180487737, 7.103294774424285e-05, 8.037822408368811e-05, 4.929566421196796e-05, 6.0827238485217094e-05, 2.13395687751472e-05, 1.4369612472364679e-05, 1.6041161870816723e-05, 8.888720913091674e-06, 5.10505196871236e-06, 5.001960289519047e-06, 6.551880233018892e-06, 6.316431154118618e-06, 4.389577497931896e-06, 3.443336026975885e-06, 3.020791154995095e-06, 2.6184306989307515e-06, 2.7021101232094225e-06, 2.61418995251006e-06, 2.659680376382312e-06, 2.2115884803497465e-06, 2.5675806227809517e-06, 3.2290906801790698e-06], "lowlevel.melbands128.mean": [0.000148943712702021, 0.002033839002251625, 0.0043340884149074554, 0.002816758817061782, 0.0015369674656540155, 0.002592159202322364, 0.0022717074025422335, 0.00084491545567289, 0.00020025276171509176, 0.00024283671518787742, 0.00044293919927440584, 0.0006846722098998725, 0.0016543215606361628, 0.0020804430823773146, 0.0011106259189546108, 0.000775428197812289, 0.0005822331877425313, 0.0002360592334298417, 0.00025905630900524557, 0.00029319789609871805, 0.00030885456362739205, 7.672296487726271e-05, 0.00044605034054256976, 0.0006115784053690732, 0.00041297893039882183, 0.0006710898014716804, 0.0003891211817972362, 0.0005922747077420354, 0.00028401933377608657, 0.0001105685078073293, 0.0003425833710934967, 0.00034357860567979515, 0.00012996670557186007, 0.00027922994922846556, 0.0001120089873438701, 9.81192133622244e-05, 0.0001254701055586338, 0.00010492739966139197, 3.992120400653221e-05, 4.688675471697934e-05, 8.170295041054487e-05, 3.2396623282693326e-05, 5.941388008068316e-05, 7.754128455417231e-05, 5.1750652346527204e-05, 3.289198866696097e-05, 3.0568720831070095e-05, 2.9342181733227335e-05, 2.5973353331210092e-05, 2.187739846704062e-05, 3.521698454278521e-05, 2.9636012186529115e-05, 1.860028896771837e-05, 1.9777629859163426e-05, 2.668291017471347e-05, 2.7284495445201173e-05, 1.1251817340962589e-05, 6.9743946369271725e-06, 1.1398787137295585e-05, 1.1268031812505797e-05, 5.10482141180546e-06, 5.911212156206602e-06, 1.4054499843041413e-05, 9.156644409813453e-06, 6.213917913555633e-06, 5.73647639612318e-06, 6.0636857597273774e-06, 3.6155270208837464e-06, 3.789525408137706e-06, 3.7010713640484028e-06, 3.2868131256691413e-06, 3.3602520943532e-06, 3.369706519151805e-06, 3.177496409989544e-06, 3.067863644901081e-06, 3.2583977827016497e-06, 2.3859452085162047e-06, 2.0220072656229604e-06, 1.980923798328149e-06, 1.940545871548238e-06, 1.7579377526999451e-06, 1.7519090533824055e-06, 1.6418384802818764e-06, 1.6877768302947516e-06, 1.500510506957653e-06, 1.442965867681778e-06, 1.519677084615978e-06, 1.6575378367633675e-06, 1.7486427168478258e-06, 1.7468648820795352e-06, 1.910791297632386e-06, 1.9547603642422473e-06, 1.6511090734638856e-06, 1.8828900465450715e-06, 2.3689194676990155e-06, 1.8494821460990352e-06, 1.4052042160983547e-06, 1.5137695754674496e-06, 1.7685077864371124e-06, 1.6340118236257695e-06, 1.9092842649115482e-06, 1.9804788280453067e-06, 2.429900860079215e-06, 2.071527433145093e-06, 1.918128191391588e-06, 1.6286367099382915e-06, 1.4944959048079909e-06, 1.619331897018128e-06, 1.322885850640887e-06, 9.95949562820897e-07, 8.119372978399042e-07, 6.569779316123459e-07, 5.338068262972229e-07, 3.314816865440662e-07, 1.851184521228788e-07, 9.886692708960254e-08, 3.6907923828266576e-08, 6.556637899279849e-09, 2.7930821544508433e-10, 6.053852297932538e-12, 5.647781721462852e-12, 5.390420748652147e-12, 5.173047320367052e-12, 4.969584639635816e-12, 4.7188767650363506e-12, 4.467890467318991e-12, 4.346811972866238e-12, 4.3116950981803015e-12], "lowlevel.melbands128.stdev": [0.00031650293385609984, 0.004801796283572912, 0.009609997272491455, 0.006080979947000742, 0.0027867855969816446, 0.0034161603543907404, 0.002360692247748375, 0.0012196196475997567, 0.00043778232065960765, 0.0007485897513106465, 0.0012145843356847763, 0.001717242645099759, 0.0033417493104934692, 0.004092527087777853, 0.0024401650298386812, 0.001723801833577454, 0.0016898838803172112, 0.0009177519823424518, 0.00125031394418329, 0.0012119001476094127, 0.0015484283212572336, 0.00026903569232672453, 0.0014070250326767564, 0.001692302292212844, 0.0013604607665911317, 0.0024650758132338524, 0.0013082276564091444, 0.002131237182766199, 0.0012044270988553762, 0.0006401342689059675, 0.0015001962892711163, 0.001472813542932272, 0.0004923536325804889, 0.0010523803066462278, 0.0004564260016195476, 0.000505253963638097, 0.000572185730561614, 0.00031736932578496635, 0.00012425413297023624, 0.00014734911383129656, 0.0002975099778268486, 0.00014271099644247442, 0.00022873612761031836, 0.00027796480571851134, 0.0002937917597591877, 0.00010002132330555469, 9.73022761172615e-05, 9.702145325718448e-05, 0.00012064623297192156, 0.0001059002461261116, 0.00014162342995405197, 8.219980372814462e-05, 5.8078509027836844e-05, 7.475812890334055e-05, 9.978903108276427e-05, 0.00010758655844256282, 2.9238464776426554e-05, 2.1583749912679195e-05, 3.992944766650908e-05, 3.0407671147258952e-05, 1.177393460238818e-05, 1.430685915693175e-05, 3.0139146474539302e-05, 1.8404343791189604e-05, 1.6381953173549846e-05, 1.0568596735538449e-05, 1.2931632227264345e-05, 6.056206984794699e-06, 5.886862254556036e-06, 5.5619111662963405e-06, 5.747416253143456e-06, 6.080792900320375e-06, 6.9926832111377735e-06, 7.745211405563168e-06, 7.154326794989174e-06, 9.44585190154612e-06, 5.388510544435121e-06, 4.828908004128607e-06, 5.039467851020163e-06, 4.374220225145109e-06, 3.4638349006854696e-06, 3.692639893415617e-06, 3.6922483559465036e-06, 3.491960796964122e-06, 2.7694734399119625e-06, 2.698775915632723e-06, 3.0422779673244804e-06, 3.026801323358086e-06, 3.0472438083961606e-06, 2.7736291485780384e-06, 2.9463262762874365e-06, 3.0252140277298167e-06, 2.6444131435710005e-06, 2.821046564349672e-06, 3.415981382204336e-06, 2.565090653661173e-06, 2.1442917841341114e-06, 2.4748119358264375e-06, 2.7927785595238674e-06, 2.9464854378602467e-06, 3.2707678201404633e-06, 3.3853591503429925e-06, 4.802492185262963e-06, 3.973444563598605e-06, 3.714503691298887e-06, 3.357254627189832e-06, 3.3727499157976126e-06, 3.584592377592344e-06, 2.871888000299805e-06, 2.957828883154434e-06, 2.3245513602887513e-06, 1.9693206922966056e-06, 1.4667261893919203e-06, 9.494772257312434e-07, 6.042163249730947e-07, 3.2943248129413405e-07, 1.2411850036642136e-07, 4.288082422476691e-08, 3.4926934677770305e-09, 2.6472126574139665e-11, 2.3187049502659818e-11, 2.016190166209686e-11, 1.7292564949422662e-11, 1.4075040612182566e-11, 9.831332796472747e-12, 6.866908517505488e-12, 6.451265303214493e-12, 6.4123190264553376e-12], "lowlevel.mfcc.mean": [-644.73193359375, 119.6049575805664, 14.845355987548828, -0.46670985221862793, 7.1103196144104, -6.205393314361572, 6.030914306640625, -1.0697647333145142, -2.1092445850372314, 0.9318475723266602, -7.07387113571167, -3.7237699031829834, -2.571150302886963], "lowlevel.spectral_contrast_coeffs.mean": [-0.6195535659790039, -0.6921248435974121, -0.7256287932395935, -0.7857197523117065, -0.8016114830970764, -0.797494649887085], "lowlevel.spectral_contrast_coeffs.stdev": [0.1056513860821724, 0.09453258663415909, 0.10373672842979431, 0.06607602536678314, 0.04929829761385918, 0.03161345794796944], "lowlevel.spectral_contrast_valleys.mean": [-7.202468395233154, -6.882114887237549, -7.329588413238525, -7.709664821624756, -7.806021213531494, -9.965648651123047], "lowlevel.spectral_contrast_valleys.stdev": [0.9808544516563416, 0.5692418813705444, 0.6019889712333679, 0.6174541711807251, 0.7036242485046387, 0.7985401153564453], "rhythm.beats_loudness_band_ratio.mean": [0.6947948336601257, 0.11560969054698944, 0.08578168600797653, 0.07798072695732117, 0.02127266302704811, 0.01832439936697483], "rhythm.beats_loudness_band_ratio.stdev": [0.24168789386749268, 0.1492428332567215, 0.09433911740779877, 0.12048128247261047, 0.023133179172873497, 0.017458293586969376], "tonal.hpcp.mean": [0.039194654673337936, 0.03189566358923912, 0.04199567809700966, 0.09916093945503235, 0.12344123423099518, 0.08970474451780319, 0.07175630331039429, 0.06081680953502655, 0.1496836096048355, 0.34744465351104736, 0.2750464081764221, 0.08078319579362869, 0.046968232840299606, 0.02831752970814705, 0.026739753782749176, 0.04778584465384483, 0.06313178688287735, 0.1209491714835167, 0.29071563482284546, 0.2936365008354187, 0.12106449902057648, 0.04070672765374184, 0.027165234088897705, 0.04399080201983452, 0.0978173241019249, 0.1315091997385025, 0.08426767587661743, 0.034169796854257584, 0.027849454432725906, 0.04804617539048195, 0.11392465233802795, 0.12713250517845154, 0.07299656420946121, 0.05973349139094353, 0.05197744444012642, 0.039951931685209274], "tonal.hpcp.stdev": [0.12228679656982422, 0.10565519332885742, 0.128173366189003, 0.2239643931388855, 0.2569641172885895, 0.21734991669654846, 0.2034916877746582, 0.19216836988925934, 0.22614093124866486, 0.40769824385643005, 0.3293476402759552, 0.1829310953617096, 0.15457342565059662, 0.10840505361557007, 0.09932216256856918, 0.1559256911277771, 0.1716618537902832, 0.22039876878261566, 0.35854271054267883, 0.35588937997817993, 0.2208399623632431, 0.13871534168720245, 0.10292628407478333, 0.15293581783771515, 0.22092421352863312, 0.2736336886882782, 0.20335343480110168, 0.12533584237098694, 0.10572794079780579, 0.1399981826543808, 0.22723901271820068, 0.24149693548679352, 0.1752479374408722, 0.18245550990104675, 0.15784837305545807, 0.12780065834522247], "rhythm.beats_position": [0.39473921060562134, 0.8823582530021667, 1.369977355003357, 1.8459863662719727, 2.321995496749878, 2.798004388809204, 3.2740135192871094, 3.7616326808929443, 4.23764181137085, 4.713650703430176, 5.201269626617432, 5.6888885498046875, 6.164897918701172, 6.640906810760498, 7.128525733947754, 7.604535102844238, 8.080544471740723, 8.56816291809082, 9.044172286987305, 9.520181655883789, 10.007800102233887, 10.483809471130371, 10.959818840026855, 11.447437286376953, 11.911836624145508, 12.399456024169922, 12.88707447052002, 13.363083839416504, 13.839092254638672, 14.326711654663086, 14.80272102355957, 15.278729438781738, 15.766348838806152, 16.25396728515625, 16.718366622924805, 17.19437599182129, 17.670385360717773, 18.158004760742188, 18.6456241607666, 19.121631622314453, 19.597640991210938, 20.08526039123535, 20.561269760131836, 21.03727912902832, 21.5248966217041, 22.000905990600586, 22.47691535949707, 22.964534759521484, 23.44054412841797, 23.916553497314453, 24.404170989990234, 24.89179039001465, 25.356189727783203, 25.843809127807617, 26.3198184967041, 26.795827865600586, 27.283445358276367, 27.77106475830078], "rhythm.bpm_histogram": [0.0, 0.0, 0.0, 0.0, 0.0, 0.0, 0.0, 0.0, 0.0, 0.0, 0.0, 0.0, 0.0, 0.0, 0.0, 0.0, 0.0, 0.0, 0.0, 0.0, 0.0, 0.0, 0.0, 0.0, 0.0, 0.0, 0.0, 0.0, 0.0, 0.0, 0.0, 0.0, 0.0, 0.0, 0.0, 0.0, 0.0, 0.0, 0.0, 0.0, 0.0, 0.0, 0.0, 0.0, 0.0, 0.0, 0.0, 0.0, 0.0, 0.0, 0.0, 0.0, 0.0, 0.0, 0.0, 0.0, 0.0, 0.0, 0.0, 0.0, 0.0, 0.0, 0.0, 0.0, 0.0, 0.0, 0.0, 0.0, 0.0, 0.0, 0.0, 0.0, 0.0, 0.0, 0.0, 0.0, 0.0, 0.0, 0.0, 0.0, 0.0, 0.0, 0.0, 0.0, 0.0, 0.0, 0.0, 0.0, 0.0, 0.0, 0.0, 0.0, 0.0, 0.0, 0.0, 0.0, 0.0, 0.0, 0.0, 0.0, 0.0, 0.0, 0.0, 0.0, 0.0, 0.0, 0.0, 0.0, 0.0, 0.0, 0.0, 0.0, 0.0, 0.0, 0.0, 0.0, 0.0, 0.0, 0.0, 0.0, 0.0, 0.0, 0.0, 0.42105263471603394, 0.0, 0.0, 0.5263158082962036, 0.0, 0.0, 0.05263157933950424, 0.0, 0.0, 0.0, 0.0, 0.0, 0.0, 0.0, 0.0, 0.0, 0.0, 0.0, 0.0, 0.0, 0.0, 0.0, 0.0, 0.0, 0.0, 0.0, 0.0, 0.0, 0.0, 0.0, 0.0, 0.0, 0.0, 0.0, 0.0, 0.0, 0.0, 0.0, 0.0, 0.0, 0.0, 0.0, 0.0, 0.0, 0.0, 0.0, 0.0, 0.0, 0.0, 0.0, 0.0, 0.0, 0.0, 0.0, 0.0, 0.0, 0.0, 0.0, 0.0, 0.0, 0.0, 0.0, 0.0, 0.0, 0.0, 0.0, 0.0, 0.0, 0.0, 0.0, 0.0, 0.0, 0.0, 0.0, 0.0, 0.0, 0.0, 0.0, 0.0, 0.0, 0.0, 0.0, 0.0, 0.0, 0.0, 0.0, 0.0, 0.0, 0.0, 0.0, 0.0, 0.0, 0.0, 0.0, 0.0, 0.0, 0.0, 0.0, 0.0, 0.0, 0.0, 0.0, 0.0, 0.0, 0.0, 0.0, 0.0, 0.0, 0.0, 0.0, 0.0, 0.0, 0.0, 0.0, 0.0, 0.0, 0.0, 0.0, 0.0, 0.0, 0.0, 0.0, 0.0, 0.0, 0.0, 0.0, 0.0], "tonal.chords_histogram": [26.973684310913086, 0.0, 1.644736886024475, 0.0, 6.085526466369629, 0.0, 0.0, 0.0, 0.0, 0.0, 0.0, 0.0, 0.0, 0.0, 0.0, 0.32894736528396606, 2.6315789222717285, 1.9736841917037964, 0.0, 0.0, 0.0, 0.6578947305679321, 12.828947067260742, 46.875], "tonal.thpcp": [1.0, 0.791626513004303, 0.232506662607193, 0.13518191874027252, 0.0815022736787796, 0.07696118950843811, 0.13753512501716614, 0.18170315027236938, 0.3481106162071228, 0.8367249965667725, 0.8451317548751831, 0.34844255447387695, 0.11716032028198242, 0.0781857892870903, 0.12661239504814148, 0.28153353929519653, 0.37850403785705566, 0.2425355315208435, 0.09834601730108261, 0.08015508204698563, 0.13828440010547638, 0.3278929591178894, 0.365907222032547, 0.21009550988674164, 0.17192232608795166, 0.14959920942783356, 0.11498790234327316, 0.11280833929777145, 0.09180070459842682, 0.12087012082338333, 0.2854006886482239, 0.3552831709384918, 0.2581842839717865, 0.20652584731578827, 0.17504027485847473, 0.430812805891037], "lowlevel.gfcc.cov": [[2748.67626953125, -477.4599609375, -78.3843002319336, 335.70196533203125, 122.09408569335938, 154.4873504638672, 54.697120666503906, 191.71353149414062, 40.30403137207031, 98.03255462646484, -37.00566101074219, 126.87782287597656, -42.190948486328125], [-477.4599609375, 1215.6046142578125, 261.6859436035156, 103.16382598876953, 228.6523895263672, 77.77217864990234, 189.12347412109375, -5.070167064666748, 55.622802734375, -113.97222900390625, 56.70072937011719, -162.79823303222656, 33.649356842041016], [-78.3843002319336, 261.6859436035156, 855.9876708984375, 416.6029052734375, 173.40554809570312, 185.55447387695312, 125.26969909667969, 16.711273193359375, 54.83707046508789, -31.76727294921875, -76.88749694824219, -24.57126808166504, -88.28652954101562], [335.70196533203125, 103.16382598876953, 416.6029052734375, 823.3299560546875, 217.33529663085938, 118.80653381347656, 113.67174530029297, 81.36001586914062, 224.52810668945312, -23.63027000427246, -43.45530700683594, 48.82987976074219, -2.71042537689209], [122.09408569335938, 228.6523895263672, 173.40554809570312, 217.33529663085938, 359.9416809082031, 172.20960998535156, 127.64693450927734, 140.595947265625, 89.32276916503906, 32.98298645019531, 39.16534423828125, 18.02318572998047, 22.263391494750977], [154.4873504638672, 77.77217864990234, 185.55447387695312, 118.80653381347656, 172.20960998535156, 352.9154357910156, 272.2147216796875, 38.388912200927734, 39.76380157470703, 84.36150360107422, 18.19687271118164, -13.728754043579102, -22.335798263549805], [54.697120666503906, 189.12347412109375, 125.26969909667969, 113.67174530029297, 127.64693450927734, 272.2147216796875, 401.97998046875, 89.40802001953125, 74.7065658569336, 71.1639404296875, -12.702631950378418, -28.040128707885742, -14.916617393493652], [191.71353149414062, -5.070167064666748, 16.711273193359375, 81.36001586914062, 140.595947265625, 38.388912200927734, 89.40802001953125, 274.426513671875, 125.61876678466797, 34.70207977294922, 37.082725524902344, 42.552886962890625, 48.05805206298828], [40.30403137207031, 55.622802734375, 54.83707046508789, 224.52810668945312, 89.32276916503906, 39.76380157470703, 74.7065658569336, 125.61876678466797, 230.02066040039062, 59.05616760253906, 3.136228561401367, 23.57685089111328, 35.110328674316406], [98.03255462646484, -113.97222900390625, -31.76727294921875, -23.63027000427246, 32.98298645019531, 84.36150360107422, 71.1639404296875, 34.70207977294922, 59.05616760253906, 148.8924560546875, 62.391822814941406, 37.1322021484375, 17.246816635131836], [-37.00566101074219, 56.70072937011719, -76.88749694824219, -43.45530700683594, 39.16534423828125, 18.19687271118164, -12.702631950378418, 37.082725524902344, 3.136228561401367, 62.391822814941406, 189.4431915283203, 79.97906494140625, 72.4856948852539], [126.87782287597656, -162.79823303222656, -24.57126808166504, 48.82987976074219, 18.02318572998047, -13.728754043579102, -28.040128707885742, 42.552886962890625, 23.57685089111328, 37.1322021484375, 79.97906494140625, 149.1093292236328, 63.718505859375], [-42.190948486328125, 33.649356842041016, -88.28652954101562, -2.71042537689209, 22.263391494750977, -22.335798263549805, -14.916617393493652, 48.05805206298828, 35.110328674316406, 17.246816635131836, 72.4856948852539, 63.718505859375, 130.0579833984375]], "lowlevel.gfcc.icov": [[0.0005589845241047442, -0.0002305528469150886, 0.0004335840931162238, -0.000591309042647481, 0.00034370768116787076, -0.0006838582339696586, 0.0005983029259368777, -0.0009255905169993639, 0.0009455743129365146, -0.0008968441397882998, 0.0008448269800283015, -0.0008013900951482356, 0.000542780093383044], [-0.0002305528469150886, 0.003197779878973961, -0.0013435105793178082, 0.0012290743179619312, -0.002662222133949399, 0.0026150811463594437, -0.0031089617405086756, 0.0029088258743286133, -0.0028756968677043915, 0.0044538178481161594, -0.004412649665027857, 0.004784590099006891, -0.002014187863096595], [0.0004335840931162238, -0.0013435105793178082, 0.002676119562238455, -0.0016982193337753415, 0.0009660175419412553, -0.0022370193619281054, 0.001760240993462503, -0.001769631402567029, 0.0020530240144580603, -0.0018790867179632187, 0.002465072087943554, -0.0023872870951890945, 0.0020663957111537457], [-0.000591309042647481, 0.0012290743179619312, -0.0016982193337753415, 0.0038088366854935884, -0.002152829896658659, 0.0013618827797472477, -0.001801131758838892, 0.002924980130046606, -0.004913819953799248, 0.004151889123022556, -0.0019572339951992035, 0.0006254019099287689, -0.0007078275666572154], [0.00034370768116787076, -0.002662222133949399, 0.0009660175419412553, -0.002152829896658659, 0.0076507823541760445, -0.004973005969077349, 0.003567349398508668, -0.005121334921568632, 0.0030063572339713573, -0.003537594573572278, 0.0029457134660333395, -0.0032550867181271315, 0.0011595261748880148], [-0.0006838582339696586, 0.0026150811463594437, -0.0022370193619281054, 0.0013618827797472477, -0.004973005969077349, 0.01146169938147068, -0.007776170037686825, 0.004606183152645826, -0.0018459911225363612, 0.00117977533955127, -0.004791202023625374, 0.004688636399805546, -0.0014477027580142021], [0.0005983029259368777, -0.0031089617405086756, 0.001760240993462503, -0.001801131758838892, 0.003567349398508668, -0.007776170037686825, 0.009408313781023026, -0.005048833787441254, 0.0030159992165863514, -0.005155791062861681, 0.00558210676535964, -0.003934101667255163, 0.0018401851411908865], [-0.0009255905169993639, 0.0029088258743286133, -0.001769631402567029, 0.002924980130046606, -0.005121334921568632, 0.004606183152645826, -0.005048833787441254, 0.010384243912994862, -0.007210100535303354, 0.005902663338929415, -0.005109845660626888, 0.003354964777827263, -0.00257370644249022], [0.0009455743129365146, -0.0028756968677043915, 0.0020530240144580603, -0.004913819953799248, 0.0030063572339713573, -0.0018459911225363612, 0.0030159992165863514, -0.007210100535303354, 0.014076725579798222, -0.009997500106692314, 0.006231139879673719, -0.0030027381144464016, 4.43832905148156e-05], [-0.0008968441397882998, 0.0044538178481161594, -0.0018790867179632187, 0.004151889123022556, -0.003537594573572278, 0.00117977533955127, -0.005155791062861681, 0.005902663338929415, -0.009997500106692314, 0.01929333806037903, -0.009795388206839561, 0.0043512326665222645, -0.001128577277995646], [0.0008448269800283015, -0.004412649665027857, 0.002465072087943554, -0.0019572339951992035, 0.0029457134660333395, -0.004791202023625374, 0.00558210676535964, -0.005109845660626888, 0.006231139879673719, -0.009795388206839561, 0.015853075310587883, -0.009744551964104176, -0.00019497369066812098], [-0.0008013900951482356, 0.004784590099006891, -0.0023872870951890945, 0.0006254019099287689, -0.0032550867181271315, 0.004688636399805546, -0.003934101667255163, 0.003354964777827263, -0.0030027381144464016, 0.0043512326665222645, -0.009744551964104176, 0.018727395683526993, -0.006944299675524235], [0.000542780093383044, -0.002014187863096595, 0.0020663957111537457, -0.0007078275666572154, 0.0011595261748880148, -0.0014477027580142021, 0.0018401851411908865, -0.00257370644249022, 4.43832905148156e-05, -0.001128577277995646, -0.00019497369066812098, -0.006944299675524235, 0.014137526974081993]], "lowlevel.mfcc.cov": [[2974.69384765625, -694.1907348632812, -177.91720581054688, 210.36744689941406, 66.4559555053711, 66.49102020263672, -11.951225280761719, 120.842529296875, 86.22291564941406, 47.33639907836914, 66.38385772705078, 56.42212677001953, 26.286283493041992], [-694.1907348632812, 1068.95751953125, 68.71041107177734, -54.74620819091797, 50.99078369140625, 16.221845626831055, 179.484619140625, 19.46409034729004, -7.0593037605285645, 62.00537872314453, -23.344945907592773, -41.251644134521484, -33.81644058227539], [-177.91720581054688, 68.71041107177734, 647.1089477539062, 249.60467529296875, 92.77545928955078, 215.9930877685547, 33.085079193115234, 104.45970916748047, 68.8200454711914, 9.285845756530762, 66.51148223876953, 31.248363494873047, -41.27604293823242], [210.36744689941406, -54.74620819091797, 249.60467529296875, 491.4065856933594, 207.3461151123047, 97.82313537597656, -40.99614334106445, 160.5115966796875, 135.71261596679688, 20.52003288269043, 53.54825973510742, 79.72381591796875, 13.198413848876953], [66.4559555053711, 50.99078369140625, 92.77545928955078, 207.3461151123047, 354.9668273925781, -8.17175579071045, 18.583356857299805, 84.47257995605469, 55.468414306640625, 15.563680648803711, -4.537509441375732, 78.66345977783203, 34.498409271240234], [66.49102020263672, 16.221845626831055, 215.9930877685547, 97.82313537597656, -8.17175579071045, 414.6282958984375, 141.40066528320312, 76.72062683105469, 78.66854858398438, 91.27384948730469, 98.41000366210938, -0.07031796872615814, 18.99307632446289], [-11.951225280761719, 179.484619140625, 33.085079193115234, -40.99614334106445, 18.583356857299805, 141.40066528320312, 282.966552734375, 78.8940200805664, 30.061092376708984, 82.98040771484375, 44.892723083496094, 3.0311427116394043, 37.42102813720703], [120.842529296875, 19.46409034729004, 104.45970916748047, 160.5115966796875, 84.47257995605469, 76.72062683105469, 78.8940200805664, 197.9054412841797, 125.99708557128906, 58.585872650146484, 56.469459533691406, 44.126319885253906, 41.58638000488281], [86.22291564941406, -7.0593037605285645, 68.8200454711914, 135.71261596679688, 55.468414306640625, 78.66854858398438, 30.061092376708984, 125.99708557128906, 221.3727264404297, 109.34747314453125, 71.41752624511719, 27.931713104248047, 55.10426712036133], [47.33639907836914, 62.00537872314453, 9.285845756530762, 20.52003288269043, 15.563680648803711, 91.27384948730469, 82.98040771484375, 58.585872650146484, 109.34747314453125, 171.7412109375, 81.9353256225586, 4.102408409118652, 30.502180099487305], [66.38385772705078, -23.344945907592773, 66.51148223876953, 53.54825973510742, -4.537509441375732, 98.41000366210938, 44.892723083496094, 56.469459533691406, 71.41752624511719, 81.9353256225586, 132.6792755126953, 38.40515899658203, 35.27873611450195], [56.42212677001953, -41.251644134521484, 31.248363494873047, 79.72381591796875, 78.66345977783203, -0.07031796872615814, 3.0311427116394043, 44.126319885253906, 27.931713104248047, 4.102408409118652, 38.40515899658203, 121.24305725097656, 56.881839752197266], [26.286283493041992, -33.81644058227539, -41.27604293823242, 13.198413848876953, 34.498409271240234, 18.99307632446289, 37.42102813720703, 41.58638000488281, 55.10426712036133, 30.502180099487305, 35.27873611450195, 56.881839752197266, 128.6027069091797]], "lowlevel.mfcc.icov": [[0.00044783068005926907, 0.0003049575607292354, 0.00026133813662454486, -0.00021043980086687952, -3.9638263842789456e-05, -7.351703243330121e-05, -0.00013868414680473506, -0.00021197150635998696, 6.923388718860224e-05, -0.00010176005162065849, -5.59507570869755e-05, -4.045669629704207e-05, 0.0002522326249163598], [0.0003049575607292354, 0.0013612082693725824, -5.619214425678365e-05, -7.414333231281489e-05, -0.00021417344396468252, 0.00025579598150216043, -0.0009391328785568476, -1.1491036275401711e-05, 8.87692513060756e-05, -0.000547473318874836, 0.00037372353835962713, 0.00020563951693475246, 0.00048017341759987175], [0.00026133813662454486, -5.619214425678365e-05, 0.0026730953250080347, -0.0008441868703812361, -0.0002532085054554045, -0.0012061928864568472, 3.351068153278902e-05, -0.00047309717047028244, -0.00020442219101823866, 0.000997620983980596, -0.0008679786697030067, -0.000362116756150499, 0.0015149437822401524], [-0.00021043980086687952, -7.414333231281489e-05, -0.0008441868703812361, 0.004913242533802986, -0.0018800559919327497, -0.0008282612543553114, 0.0018635719316080213, -0.002370536094531417, -0.001236375537700951, 0.0008921704720705748, -0.0003972336708102375, -0.0009734616614878178, 0.0009569840622134507], [-3.9638263842789456e-05, -0.00021417344396468252, -0.0002532085054554045, -0.0018800559919327497, 0.0046678693033754826, 0.0006353470380418003, -0.0006351888296194375, -0.0001467004040023312, 0.0002911699702963233, -0.0011432343162596226, 0.0021535286214202642, -0.0021718433126807213, -0.0005340349161997437], [-7.351703243330121e-05, 0.00025579598150216043, -0.0012061928864568472, -0.0008282612543553114, 0.0006353470380418003, 0.004374797455966473, -0.0020746674854308367, 0.0007697222754359245, -0.00013613163901027292, -0.000665772648062557, -0.001525882980786264, 0.0011330983834341168, -0.0005479526007547975], [-0.00013868414680473506, -0.0009391328785568476, 3.351068153278902e-05, 0.0018635719316080213, -0.0006351888296194375, -0.0020746674854308367, 0.007010235916823149, -0.0036648036912083626, 0.002162554766982794, -0.0020912918262183666, 0.00027198877069167793, 0.00021251992438919842, -0.0013762821909040213], [-0.00021197150635998696, -1.1491036275401711e-05, -0.00047309717047028244, -0.002370536094531417, -0.0001467004040023312, 0.0007697222754359245, -0.0036648036912083626, 0.011882755905389786, -0.005047421436756849, 0.0014280605828389525, -0.0009511763928458095, -0.0008188449428416789, -0.00027158245211467147], [6.923388718860224e-05, 8.87692513060756e-05, -0.00020442219101823866, -0.001236375537700951, 0.0002911699702963233, -0.00013613163901027292, 0.002162554766982794, -0.005047421436756849, 0.011361653916537762, -0.005902063567191362, 3.730829484993592e-05, 0.0014936138177290559, -0.0031239113304764032], [-0.00010176005162065849, -0.000547473318874836, 0.000997620983980596, 0.0008921704720705748, -0.0011432343162596226, -0.000665772648062557, -0.0020912918262183666, 0.0014280605828389525, -0.005902063567191362, 0.013360997661948204, -0.006173118948936462, 0.0017056328942999244, 0.0009561913902871311], [-5.59507570869755e-05, 0.00037372353835962713, -0.0008679786697030067, -0.0003972336708102375, 0.0021535286214202642, -0.001525882980786264, 0.00027198877069167793, -0.0009511763928458095, 3.730829484993592e-05, -0.006173118948936462, 0.01510575134307146, -0.0045708357356488705, -0.0009259983780793846], [-4.045669629704207e-05, 0.00020563951693475246, -0.000362116756150499, -0.0009734616614878178, -0.0021718433126807213, 0.0011330983834341168, 0.00021251992438919842, -0.0008188449428416789, 0.0014936138177290559, 0.0017056328942999244, -0.0045708357356488705, 0.014396155253052711, -0.005493923556059599], [0.0002522326249163598, 0.00048017341759987175, 0.0015149437822401524, 0.0009569840622134507, -0.0005340349161997437, -0.0005479526007547975, -0.0013762821909040213, -0.00027158245211467147, -0.0031239113304764032, 0.0009561913902871311, -0.0009259983780793846, -0.005493923556059599, 0.012746868655085564]], "metadata.audio_properties.analysis.downmix": "mix", "metadata.audio_properties.codec": "mp3", "metadata.audio_properties.md5_encoded": "5627eba51d3ca6249a03fdd39c43fa4b", "metadata.tags.file_name": "1182268141842202755.mp3", "metadata.version.essentia": "2.1-beta6-dev", "metadata.version.essentia_git_sha": "v2.1_beta5-1110-g77a6a954", "metadata.version.extractor": "music 2.0", "tonal.chords_key": "C", "tonal.chords_scale": "minor", "tonal.key_edma.key": "Ab", "tonal.key_edma.scale": "major", "tonal.key_krumhansl.key": "C", "tonal.key_krumhansl.scale": "minor", "tonal.key_temperley.key": "Eb", "tonal.key_temperley.scale": "major", "metadata.tags.encoding": ["Lavf58.45.100"]}, "essentia_models": [{"model_name": "genre_dortmund", "activations": {"alternative": "0.013669431", "blues": "0