{"song_id": "1182268737420808223", "download": "https://cdn.discordapp.com/attachments/1135903449314238464/1182268737420808223/chirp.mp4?ex=65841490&amp", "lyrics": "\u03a7\u03c1\u03cc\u03bd\u03b9\u03b1 \u03ba\u03b1\u03b9 \u03c7\u03c1\u03cc\u03bd\u03b9\u03b1 \u03c4\u03ce\u03c1\u03b1 \u03c4\u03c1\u03b9\u03b3\u03c5\u03c1\u03bd\u03ce\n\u03c3\u03b1\u03bd \u03c0\u03bf\u03c5\u03bb\u03af \u03c0\u03b5\u03c1\u03b9\u03c0\u03bb\u03b1\u03bd\u03ce\u03bc\u03b5\u03bd\u03bf\n\u03bc\u03b5\u03c2 \u03c4\u03b7\u03bd \u03be\u03b5\u03bd\u03b9\u03c4\u03b9\u03ac \u03bc\u03b5\u03c2 \u03c4\u03b7 \u03bc\u03bf\u03bd\u03b1\u03be\u03b9\u03ac\n\u03c0\u03bf\u03c5 \u03b4\u03b5\u03bd \u03c4\u03b7\u03bd \u03b1\u03bd\u03c4\u03ad\u03c7\u03c9 \u03ac\u03bb\u03bb\u03bf \u03c0\u03b9\u03b1\n\u03b3\u03b9\u03b1\u03c4\u03af \u03bd\u03bf\u03c3\u03c4\u03b1\u03bb\u03b3\u03ce \u03b3\u03b9\u03b1\u03c4\u03af \u03bb\u03b1\u03c7\u03c4\u03b1\u03c1\u03ce\n\u03c4\u03b7\u03bd \u03b1\u03b3\u03ac\u03c0\u03b7 \u03bc\u03bf\u03c5 \u03ba\u03b1\u03b9 \u03c4\u03bf \u03c7\u03c9\u03c1\u03b9\u03cc\n\u039a\u03b1\u03b9 \u03b7 \u03b1\u03b3\u03ac\u03c0\u03b7 \u03bc\u03bf\u03c5 \u03c3\u03c4\u03b7\u03bd \u0399\u03ba\u03b1\u03c1\u03b9\u03ac\n\u03ad\u03c7\u03b5\u03b9 \u03bc\u03b1\u03cd\u03c1\u03bf \u03c0\u03cc\u03bd\u03bf \u03c3\u03c4\u03b7\u03bd \u03ba\u03b1\u03c1\u03b4\u03b9\u03ac\n\u03b4\u03af\u03c7\u03c9\u03c2 \u03c3\u03c5\u03bd\u03c4\u03c1\u03bf\u03c6\u03b9\u03ac \u03b4\u03af\u03c7\u03c9\u03c2 \u03b1\u03b3\u03ba\u03b1\u03bb\u03b9\u03ac\n\u03b4\u03af\u03c7\u03c9\u03c2 \u03c4\u03b1 \u03b3\u03bb\u03c5\u03ba\u03ac \u03bc\u03bf\u03c5 \u03c4\u03b1 \u03c6\u03b9\u03bb\u03b9\u03ac\n\u03ba\u03b9 \u03b1\u03c6\u03bf\u03cd \u03bc\u03b5 \u03c0\u03bf\u03bd\u03ac \u03ba\u03b9 \u03b1\u03c6\u03bf\u03cd \u03bc' \u03b1\u03b3\u03b1\u03c0\u03ac\n\u03b5\u03af\u03bd\u03b1\u03b9 \u03ba\u03c1\u03af\u03bc\u03b1 \u03bd\u03b1 '\u03bd\u03b1\u03b9 \u03bc\u03bf\u03bd\u03b1\u03c7\u03b9\u03ac\n\u039d\u03b1 \u03c0\u03ac\u03c1\u03c9 \u03b8\u03ad\u03bb\u03c9 \u03c4\u03b7\u03bd \u03b1\u03c0\u03cc\u03c6\u03b1\u03c3\u03b7\n\u03ba\u03b1\u03b9 \u03b8\u03b1 \u03c0\u03ac\u03c9 \u03c3\u03c4' \u03cc\u03bc\u03bf\u03c1\u03c6\u03bf \u03bd\u03b7\u03c3\u03af\n\u03b8\u03ad\u03bb\u03c9 \u03bd\u03b1 \u03c4\u03b7\u03c2 \u03c0\u03c9 \u03c0\u03c9\u03c2 \u03c4\u03b7\u03bd \u03b1\u03b3\u03b1\u03c0\u03ce\n\u03ba\u03b1\u03b9 \u03bc\u03b9\u03b1 \u03bc\u03ad\u03c1\u03b1 \u03b8\u03b1 \u03c4\u03b7\u03bd \u03c0\u03b1\u03bd\u03c4\u03c1\u03b5\u03c5\u03c4\u03ce\n\u03bc\u03b5\u03c2 \u03c4\u03b7\u03bd \u0399\u03ba\u03b1\u03c1\u03b9\u03ac \u03bc\u03b9\u03b1 \u03b3\u03bb\u03c5\u03ba\u03b9\u03ac \u03b2\u03c1\u03b1\u03b4\u03b9\u03ac\n\u03b8\u03b1 \u03c4\u03bf \u03ba\u03ac\u03c8\u03bf\u03c5\u03bc\u03b5 \u03bc\u03b5 \u03c4\u03b1 \u03b2\u03b9\u03bf\u03bb\u03b9\u03ac\n\u039a\u03b1\u03b9 \u03b8\u03b1 \u03c7\u03bf\u03c1\u03ad\u03c8\u03bf\u03c5\u03bc\u03b5 \u03bc\u03b1\u03b6\u03af \u03ba\u03b9 \u03bf\u03b9 \u03b4\u03c5\u03bf\n\u03c4\u03bf \u03c3\u03ba\u03bf\u03c0\u03cc \u03c4\u03bf\u03bd \u0399\u03ba\u03b1\u03c1\u03b9\u03ce\u03c4\u03b9\u03ba\u03bf\n\u03b8\u03b1 \u03b3\u03bb\u03b5\u03bd\u03c4\u03ae\u03c3\u03bf\u03c5\u03bc\u03b5, \u03b8\u03b1 \u03bc\u03b5\u03b8\u03cd\u03c3\u03bf\u03c5\u03bc\u03b5\n\u03c4\u03bf\u03c5\u03c2 \u03ba\u03b1\u03b7\u03bc\u03bf\u03cd\u03c2 \u03b8\u03b1 \u03bb\u03b7\u03c3\u03bc\u03bf\u03bd\u03ae\u03c3\u03bf\u03c5\u03bc\u03b5\n\u03bc\u03b5\u03c2 \u03c4\u03b7\u03bd \u0399\u03ba\u03b1\u03c1\u03b9\u03ac \u03ba\u03b1\u03b9 \u03c3\u03b1\u03bd \u03c4\u03b1 \u03c0\u03bf\u03c5\u03bb\u03b9\u03ac\n\u03b8\u03b1 '\u03c7\u03bf\u03c5\u03bc\u03b5 \u03ba\u03b9 \u03bf\u03b9 \u03b4\u03c5\u03bf \u03b6\u03b5\u03c3\u03c4\u03ae \u03c6\u03c9\u03bb\u03b9\u03ac", "style": ["Greek folk"], "essentia_features": {"lowlevel.average_loudness": 0.8136211633682251, "lowlevel.barkbands_crest.mean": 10.927591323852539, "lowlevel.barkbands_crest.stdev": 3.83724308013916, "lowlevel.barkbands_flatness_db.mean": 0.16947384178638458, "lowlevel.barkbands_flatness_db.stdev": 0.0525655560195446, "lowlevel.barkbands_kurtosis.mean": 4.102199077606201, "lowlevel.barkbands_kurtosis.stdev": 6.655994415283203, "lowlevel.barkbands_skewness.mean": 1.3964351415634155, "lowlevel.barkbands_skewness.stdev": 1.04249107837677, "lowlevel.barkbands_spread.mean": 17.43316650390625, "lowlevel.barkbands_spread.stdev": 9.256783485412598, "lowlevel.dissonance.mean": 0.4180248975753784, "lowlevel.dissonance.stdev": 0.046319570392370224, "lowlevel.dynamic_complexity": 3.9172470569610596, "lowlevel.erbbands_crest.mean": 12.989686965942383, "lowlevel.erbbands_crest.stdev": 5.400838375091553, "lowlevel.erbbands_flatness_db.mean": 0.18934090435504913, "lowlevel.erbbands_flatness_db.stdev": 0.04526016116142273, "lowlevel.erbbands_kurtosis.mean": 1.3388079404830933, "lowlevel.erbbands_kurtosis.stdev": 2.7669577598571777, "lowlevel.erbbands_skewness.mean": 0.6876368522644043, "lowlevel.erbbands_skewness.stdev": 0.6486572623252869, "lowlevel.erbbands_spread.mean": 31.343303680419922, "lowlevel.erbbands_spread.stdev": 14.645883560180664, "lowlevel.hfc.mean": 14.863125801086426, "lowlevel.hfc.stdev": 20.710092544555664, "lowlevel.loudness_ebu128.integrated": -18.999876022338867, "lowlevel.loudness_ebu128.loudness_range": 3.8775768280029297, "lowlevel.loudness_ebu128.momentary.mean": -19.93520736694336, "lowlevel.loudness_ebu128.momentary.stdev": 3.0420117378234863, "lowlevel.loudness_ebu128.short_term.mean": -19.539567947387695, "lowlevel.loudness_ebu128.short_term.stdev": 1.3604357242584229, "lowlevel.melbands_crest.mean": 14.356832504272461, "lowlevel.melbands_crest.stdev": 4.8483123779296875, "lowlevel.melbands_flatness_db.mean": 0.23412933945655823, "lowlevel.melbands_flatness_db.stdev": 0.06162052974104881, "lowlevel.melbands_kurtosis.mean": 9.975296020507812, "lowlevel.melbands_kurtosis.stdev": 12.968194961547852, "lowlevel.melbands_skewness.mean": 2.1018712520599365, "lowlevel.melbands_skewness.stdev": 1.3887070417404175, "lowlevel.melbands_spread.mean": 20.372406005859375, "lowlevel.melbands_spread.stdev": 13.448321342468262, "lowlevel.pitch_salience.mean": 0.4846433401107788, "lowlevel.pitch_salience.stdev": 0.10578777641057968, "lowlevel.silence_rate_20dB.mean": 1.0, "lowlevel.silence_rate_20dB.stdev": 0.0, "lowlevel.silence_rate_30dB.mean": 0.9982618689537048, "lowlevel.silence_rate_30dB.stdev": 0.041654642671346664, "lowlevel.silence_rate_60dB.mean": 0.14368481934070587, "lowlevel.silence_rate_60dB.stdev": 0.3507697582244873, "lowlevel.spectral_centroid.mean": 1028.9573974609375, "lowlevel.spectral_centroid.stdev": 505.1260986328125, "lowlevel.spectral_complexity.mean": 8.559675216674805, "lowlevel.spectral_complexity.stdev": 4.249147891998291, "lowlevel.spectral_decrease.mean": -4.233135175724101e-09, "lowlevel.spectral_decrease.stdev": 4.6307442325144166e-09, "lowlevel.spectral_energy.mean": 0.01732495427131653, "lowlevel.spectral_energy.stdev": 0.019161298871040344, "lowlevel.spectral_energyband_high.mean": 0.0005545251187868416, "lowlevel.spectral_energyband_high.stdev": 0.0012903729220852256, "lowlevel.spectral_energyband_low.mean": 0.0024501653388142586, "lowlevel.spectral_energyband_low.stdev": 0.0031610724981874228, "lowlevel.spectral_energyband_middle_high.mean": 0.005810711998492479, "lowlevel.spectral_energyband_middle_high.stdev": 0.010332365520298481, "lowlevel.spectral_energyband_middle_low.mean": 0.008845391683280468, "lowlevel.spectral_energyband_middle_low.stdev": 0.011580814607441425, "lowlevel.spectral_entropy.mean": 6.879711151123047, "lowlevel.spectral_entropy.stdev": 0.4940122067928314, "lowlevel.spectral_flux.mean": 0.0582391731441021, "lowlevel.spectral_flux.stdev": 0.04496753588318825, "lowlevel.spectral_kurtosis.mean": 5.301534652709961, "lowlevel.spectral_kurtosis.stdev": 4.133396148681641, "lowlevel.spectral_rms.mean": 0.003585561877116561, "lowlevel.spectral_rms.stdev": 0.0020115082152187824, "lowlevel.spectral_rolloff.mean": 1205.5738525390625, "lowlevel.spectral_rolloff.stdev": 1016.005126953125, "lowlevel.spectral_skewness.mean": 1.8033546209335327, "lowlevel.spectral_skewness.stdev": 0.5647282004356384, "lowlevel.spectral_spread.mean": 4664141.0, "lowlevel.spectral_spread.stdev": 1621443.75, "lowlevel.spectral_strongpeak.mean": 1.3379125595092773, "lowlevel.spectral_strongpeak.stdev": 1.6046640872955322, "lowlevel.zerocrossingrate.mean": 0.05385351926088333, "lowlevel.zerocrossingrate.stdev": 0.03492673859000206, "metadata.audio_properties.analysis.equal_loudness": 0.0, "metadata.audio_properties.analysis.length": 40.04265213012695, "metadata.audio_properties.analysis.sample_rate": 44100.0, "metadata.audio_properties.analysis.start_time": 0.0, "metadata.audio_properties.bit_rate": 125025.0, "metadata.audio_properties.length": 40.042667388916016, "metadata.audio_properties.lossless": 0.0, "metadata.audio_properties.number_channels": 1.0, "metadata.audio_properties.replay_gain": -9.713907241821289, "metadata.audio_properties.sample_rate": 48000.0, "rhythm.beats_count": 70.0, "rhythm.beats_loudness.mean": 0.04059219732880592, "rhythm.beats_loudness.stdev": 0.02288268692791462, "rhythm.bpm": 106.42535400390625, "rhythm.bpm_histogram_first_peak_bpm": 108.0, "rhythm.bpm_histogram_first_peak_weight": 0.4814814329147339, "rhythm.bpm_histogram_second_peak_bpm": 103.0, "rhythm.bpm_histogram_second_peak_spread": 0.14285719394683838, "rhythm.bpm_histogram_second_peak_weight": 0.17391304671764374, "rhythm.danceability": 1.4285799264907837, "rhythm.onset_rate": 5.29279899597168, "tonal.chords_changes_rate": 0.0694444477558136, "tonal.chords_number_rate": 0.009259259328246117, "tonal.chords_strength.mean": 0.4593927264213562, "tonal.chords_strength.stdev": 0.10238482058048248, "tonal.hpcp_crest.mean": 22.582046508789062, "tonal.hpcp_crest.stdev": 9.595246315002441, "tonal.hpcp_entropy.mean": 1.067145824432373, "tonal.hpcp_entropy.stdev": 0.7543306350708008, "tonal.key_edma.strength": 0.673380434513092, "tonal.key_krumhansl.strength": 0.6833624243736267, "tonal.key_temperley.strength": 0.6948111653327942, "tonal.tuning_diatonic_strength": 0.517208456993103, "tonal.tuning_equal_tempered_deviation": 0.020297592505812645, "tonal.tuning_frequency": 441.5275573730469, "tonal.tuning_nontempered_energy_ratio": 0.6409046649932861, "lowlevel.barkbands.mean": [0.00013061951904091984, 0.0011134631931781769, 0.0009470744407735765, 0.0007173257181420922, 0.0022953259758651257, 0.002808640245348215, 0.0006361755658872426, 0.0009627083782106638, 0.0012089981464669108, 0.001506106462329626, 0.0010240644915029407, 0.0011431636521592736, 0.0006656481418758631, 0.0003533442795742303, 0.0006060242303647101, 0.00025466587976552546, 0.00028408452635630965, 3.5559729440137744e-05, 5.9257818065816537e-05, 9.187900286633521e-05, 0.0001592583575984463, 8.377859921893105e-05, 6.175736780278385e-05, 0.0001399481698172167, 2.2897587768966332e-05, 1.0235186891804915e-05, 2.97406540994416e-06], "lowlevel.barkbands.stdev": [0.0005417090724222362, 0.0015122309559956193, 0.0018176460871472955, 0.0014312329003587365, 0.0037379185669124126, 0.006081255618482828, 0.0030171158723533154, 0.001957311760634184, 0.0038996932562440634, 0.006503968965262175, 0.0029872762970626354, 0.0031990990974009037, 0.0019374627154320478, 0.0016568824648857117, 0.0023434599861502647, 0.0010127765126526356, 0.0006717726355418563, 8.917973173083737e-05, 0.0003336138615850359, 0.0003044870973099023, 0.0005266687367111444, 0.00027749055880121887, 0.00015457587142009288, 0.00039776196354068816, 7.003545761108398e-05, 2.8963020668015815e-05, 7.857151103962678e-06], "lowlevel.erbbands.mean": [0.016165053471922874, 0.3108932375907898, 1.1367131471633911, 1.7203755378723145, 3.4115848541259766, 8.438850402832031, 23.277292251586914, 18.7733154296875, 10.436080932617188, 12.288732528686523, 25.86618995666504, 26.55976676940918, 22.5451717376709, 69.31998443603516, 33.557674407958984, 51.44727325439453, 33.79213333129883, 25.62727928161621, 32.805294036865234, 16.9789981842041, 13.700790405273438, 12.56132984161377, 4.17125940322876, 2.525174856185913, 3.0323922634124756, 4.266467571258545, 7.8579888343811035, 4.628273010253906, 2.949744939804077, 1.7769898176193237, 1.6874630451202393, 3.164529800415039, 1.8430665731430054, 0.46066316962242126, 0.07943788915872574, 0.023492395877838135, 0.02291356958448887, 0.008998425677418709, 0.0002468182356096804, 2.641041464812588e-05], "lowlevel.erbbands.stdev": [0.02345055714249611, 0.4296215772628784, 2.0826399326324463, 2.8851187229156494, 5.64152717590332, 14.694134712219238, 49.88285446166992, 48.13343048095703, 49.73278045654297, 26.962703704833984, 58.542240142822266, 86.53254699707031, 85.38589477539062, 242.30221557617188, 95.11872863769531, 144.41558837890625, 86.38716125488281, 97.8456802368164, 138.25286865234375, 46.78893280029297, 41.42847442626953, 31.20621681213379, 8.53702163696289, 7.307529449462891, 20.592296600341797, 14.129837989807129, 21.811965942382812, 21.1729793548584, 8.07940673828125, 4.015317440032959, 4.10418701171875, 9.117325782775879, 5.10601806640625, 1.2809593677520752, 0.2840694189071655, 0.08431164920330048, 0.06271813064813614, 0.023174796253442764, 0.0005914571229368448, 3.238123099436052e-05], "lowlevel.gfcc.mean": [-59.074798583984375, 92.83975982666016, -112.78018951416016, 21.94386100769043, -61.65557098388672, 15.81023120880127, -42.576881408691406, -8.530193328857422, -19.864093780517578, -1.8387064933776855, -11.649333953857422, -0.880533754825592, -6.016514778137207], "lowlevel.melbands.mean": [0.00023838310153223574, 0.0005319255287759006, 0.0003490872622933239, 0.0003944638592656702, 0.0007344969199039042, 0.00043883512262254953, 0.0001511169975856319, 0.0001417243474861607, 0.00023038183280732483, 0.00016066426178440452, 0.00010922582441708073, 0.00028486462542787194, 0.00011538727267179638, 0.00011045623250538483, 0.00012108446389902383, 6.547237717313692e-05, 4.350032395450398e-05, 4.6229248255258426e-05, 3.4376349503872916e-05, 2.2307702238322236e-05, 1.4702665794175118e-05, 1.41352384162019e-05, 8.471400178677868e-06, 1.6212316040764563e-06, 1.9186768440704327e-06, 2.3748475541651715e-06, 1.4781493291593506e-06, 3.250263944210019e-06, 5.348228114598896e-06, 4.204674496577354e-06, 2.378202680120012e-06, 2.0131981273152633e-06, 8.965820370576694e-07, 9.715371334095835e-07, 7.836026156837761e-07, 1.5169530342973303e-06, 2.1948094399704132e-06, 1.655545133871783e-06, 6.803722953918623e-07, 2.5083988930418855e-07], "lowlevel.melbands.stdev": [0.00031068598036654294, 0.0008301435154862702, 0.0005348409758880734, 0.0006186893442645669, 0.001418722327798605, 0.0010384740307927132, 0.0007078229682520032, 0.0003003687597811222, 0.000553400197532028, 0.0005693593411706388, 0.00043050642125308514, 0.0010649675969034433, 0.0003815228119492531, 0.00032809897675178945, 0.0004087570123374462, 0.00021904305322095752, 0.00019930886628571898, 0.00020102920825593174, 0.00010542774543864653, 8.830543083604425e-05, 4.3506101064849645e-05, 3.890906737069599e-05, 2.2407944925362244e-05, 3.6491007904260186e-06, 6.317353381746216e-06, 2.098102413583547e-05, 4.410441761137918e-06, 1.2700755178229883e-05, 1.542654717923142e-05, 1.777476973074954e-05, 1.4477812328550499e-05, 6.345314432110172e-06, 1.9433275610936107e-06, 2.517024995540851e-06, 2.166112153645372e-06, 4.342266038293019e-06, 7.352375632763142e-06, 4.949573394696927e-06, 1.963913973668241e-06, 7.932316066217027e-07], "lowlevel.melbands128.mean": [5.9381494793342426e-05, 7.311767694773152e-05, 0.00029039260698482394, 0.0005924435099586844, 0.0006513481494039297, 0.00040630949661135674, 0.0003249791043344885, 0.00037508949753828347, 0.00032130200997926295, 0.0003328470338601619, 0.0004656396631617099, 0.0006115547730587423, 0.0009039634023793042, 0.0007929030689410865, 0.0004611146287061274, 0.00023568925098516047, 0.0001546572457300499, 0.00015523315232712775, 0.00012081076420145109, 0.00012057097774231806, 0.00016926819807849824, 0.00014379466301761568, 0.0002857794752344489, 0.00026332115521654487, 0.00015156953304540366, 0.0001446918904548511, 0.00010086278052767739, 8.865038398653269e-05, 5.953386062174104e-05, 0.00041835629963316023, 0.0003043024044018239, 0.00017561910499352962, 7.881936471676454e-05, 0.00011700900358846411, 5.283921927912161e-05, 0.00012755836360156536, 0.0001647401077207178, 0.00016987803974188864, 4.695430106949061e-05, 5.4551030189031735e-05, 0.00010063606896437705, 2.3532071281806566e-05, 5.212067480897531e-05, 5.538203913602047e-05, 4.918704689771403e-06, 4.8263613280141726e-05, 9.91115448414348e-05, 2.3209242499433458e-05, 1.5190174053714145e-05, 1.603168493602425e-05, 2.90712032438023e-05, 2.568004492786713e-05, 6.520931492559612e-06, 1.4039930647413712e-05, 2.1668982299161144e-05, 1.0561640010564588e-05, 9.754499842529185e-06, 1.8582692064228468e-05, 2.570243623267743e-06, 1.612810478945903e-06, 1.6193308738365886e-06, 1.0582856475593871e-06, 3.102918299191515e-06, 1.8076315200232784e-06, 9.56328790380212e-07, 2.667501576070208e-06, 3.195763838448329e-06, 1.5696047057645046e-06, 1.1055590221076272e-06, 1.2942963394380058e-06, 1.7971284478335292e-06, 5.8100768001168035e-06, 5.497646725416416e-06, 5.447292096505407e-06, 2.869799118343508e-06, 8.482401426590513e-06, 1.987973291761591e-06, 1.2326031537668314e-06, 2.841719606294646e-06, 3.40550809596607e-06, 1.6839916270328104e-06, 1.9313256416353397e-06, 8.723607720639848e-07, 6.817917324042355e-07, 1.1758136224671034e-06, 9.877885531750508e-07, 9.894237109620008e-07, 5.784468726233172e-07, 9.863061904979986e-07, 6.185629217725364e-07, 1.129639372265956e-06, 1.895067384793947e-06, 1.97555073100375e-06, 1.2018819006698322e-06, 3.931812443624949e-06, 1.941214122780366e-06, 1.309306298935553e-06, 4.7582395268364053e-07, 9.380812571180286e-07, 6.269225991673011e-07, 3.575924836241029e-07, 1.575567551981294e-07, 1.4953729987610132e-07, 1.0030385055870283e-07, 8.741212553786681e-08, 4.2314603376780724e-08, 4.470934911182667e-08, 2.836056545163501e-08, 3.910316692667948e-08, 3.373608237211556e-08, 4.781573892387314e-08, 3.6653766244398867e-08, 8.743584345438649e-08, 1.0809143446977032e-07, 9.087433028298619e-08, 8.60249116385603e-08, 1.0929095139999845e-07, 2.2450597825240948e-08, 7.160624870827803e-10, 8.17111378559332e-11, 3.983262331086479e-11, 1.2704479829261928e-11, 2.212303690934947e-12, 2.1525641512309956e-12, 2.0718919201828667e-12, 1.959168721352156e-12, 1.8950362112857277e-12, 1.877491001209264e-12], "lowlevel.melbands128.stdev": [0.00021895524696446955, 0.00013705510355066508, 0.00046787175233475864, 0.0008840429945848882, 0.0012452562805265188, 0.0007663419819436967, 0.0006531077669933438, 0.0008180240401998162, 0.0006528969388455153, 0.0007134625338949263, 0.0009355643414892256, 0.0013879772741347551, 0.002260528737679124, 0.0020393365994095802, 0.0015713918255642056, 0.0009333446505479515, 0.000880967010743916, 0.0010902970097959042, 0.000460823968751356, 0.00033203299972228706, 0.00045144069008529186, 0.00043693394400179386, 0.00081054208567366, 0.0009491355158388615, 0.0006940866005606949, 0.0008910566684789956, 0.000783897761721164, 0.0005178481223993003, 0.0002906370209529996, 0.0021192561835050583, 0.0009389458573423326, 0.000626070483122021, 0.0006173242582008243, 0.00040634701144881546, 0.0002662664046511054, 0.0005572650115936995, 0.0005494339857250452, 0.0008443875703960657, 0.0001904988894239068, 0.00021552195539698005, 0.0003723203553818166, 0.00029827255639247596, 0.0002959558041766286, 0.0002850005403161049, 2.5099359845626168e-05, 0.0002591132069937885, 0.00048165611224249005, 8.248097583418712e-05, 5.074942600913346e-05, 0.000115589915367309, 0.00013831227261107415, 0.0001253063092008233, 4.0284241549670696e-05, 4.6748984459554777e-05, 9.040263830684125e-05, 5.423008042271249e-05, 3.6673642171081156e-05, 5.9736365074058995e-05, 9.70930796029279e-06, 4.793656444235239e-06, 5.368496204027906e-06, 2.9922778139734874e-06, 1.440995492885122e-05, 5.779002549388679e-06, 3.019673840753967e-06, 3.083411866100505e-05, 3.0035065719857812e-05, 5.7171014304913115e-06, 3.6363708204589784e-06, 6.056210168026155e-06, 7.3068044912361074e-06, 3.520593236316927e-05, 1.9498784240568057e-05, 2.204653537773993e-05, 1.2151940609328449e-05, 4.1696086555020884e-05, 1.0865361218748149e-05, 7.983784598764032e-06, 1.9889415852958336e-05, 2.6386383979115635e-05, 5.514950316864997e-06, 6.099249731050804e-06, 2.5543449737597257e-06, 1.9159808744007023e-06, 3.575631581043126e-06, 2.7874782517756103e-06, 3.5472305626171874e-06, 1.7547808965900913e-06, 3.625302269938402e-06, 1.8274347439728444e-06, 4.101010290469276e-06, 7.081350759108318e-06, 5.577853244176367e-06, 3.812680233750143e-06, 1.8916447515948676e-05, 6.213183496583952e-06, 4.182041266176384e-06, 1.6612178797004162e-06, 3.1098463750822702e-06, 1.9325941593706375e-06, 1.1968297712883214e-06, 6.177641580507043e-07, 6.245264216886426e-07, 4.1509110815241e-07, 2.696223475595616e-07, 3.03072710039487e-07, 3.445896936682402e-07, 1.322881502119344e-07, 1.6519457801678072e-07, 1.1460116411399213e-07, 2.4017876398829685e-07, 1.3467892756580113e-07, 2.527108620142826e-07, 3.0202707534954243e-07, 3.5424866950961587e-07, 2.5151894078589976e-07, 2.944933044091158e-07, 6.841713684480055e-08, 4.705321465792167e-09, 1.3410119681367405e-09, 7.269819746191786e-10, 2.8872612634067707e-10, 3.885970104727798e-12, 3.803818805075965e-12, 3.744836905850146e-12, 3.6976979637948215e-12, 3.6628495375667924e-12, 3.641783489355399e-12], "lowlevel.mfcc.mean": [-712.37646484375, 122.57444763183594, 14.206286430358887, 11.730971336364746, 6.8839192390441895, 11.919147491455078, -7.5887250900268555, -5.704097747802734, -3.960981607437134, -3.517394781112671, -13.862627983093262, 8.125614166259766, -4.590468883514404], "lowlevel.spectral_contrast_coeffs.mean": [-0.6569133996963501, -0.6869580149650574, -0.6787229776382446, -0.7246593236923218, -0.736774742603302, -0.7220420837402344], "lowlevel.spectral_contrast_coeffs.stdev": [0.0851956382393837, 0.08984566479921341, 0.0957644060254097, 0.07169937342405319, 0.062005363404750824, 0.06705684959888458], "lowlevel.spectral_contrast_valleys.mean": [-7.463469982147217, -7.7838897705078125, -8.598638534545898, -8.864749908447266, -9.170413970947266, -11.647066116333008], "lowlevel.spectral_contrast_valleys.stdev": [1.029487133026123, 1.0007519721984863, 1.0574798583984375, 1.0165969133377075, 0.9432256817817688, 1.1972007751464844], "rhythm.beats_loudness_band_ratio.mean": [0.23456120491027832, 0.25560158491134644, 0.14767229557037354, 0.2665298283100128, 0.07966617494821548, 0.051898229867219925], "rhythm.beats_loudness_band_ratio.stdev": [0.20289036631584167, 0.17686982452869415, 0.14445489645004272, 0.1908518224954605, 0.07988793402910233, 0.05425570160150528], "tonal.hpcp.mean": [0.14973986148834229, 0.08859752118587494, 0.10024157911539078, 0.2067597359418869, 0.13273446261882782, 0.0224465262144804, 0.024926885962486267, 0.029110930860042572, 0.1284935027360916, 0.2185107320547104, 0.11928044259548187, 0.02064591273665428, 0.018075700849294662, 0.03495393693447113, 0.15160225331783295, 0.26820558309555054, 0.17297732830047607, 0.08916736394166946, 0.12420301139354706, 0.08670324087142944, 0.0434165857732296, 0.04696283116936684, 0.0444151796400547, 0.10522925108671188, 0.14822424948215485, 0.07088763266801834, 0.012686503119766712, 0.014869637787342072, 0.02905975840985775, 0.1336364448070526, 0.17513179779052734, 0.06669995188713074, 0.009460877627134323, 0.011664568446576595, 0.017948441207408905, 0.08756620436906815], "tonal.hpcp.stdev": [0.3099599778652191, 0.18447710573673248, 0.18150043487548828, 0.3563896417617798, 0.2374114990234375, 0.08599665760993958, 0.10933269560337067, 0.10858907550573349, 0.22026792168617249, 0.3601316213607788, 0.2157721370458603, 0.07741231471300125, 0.076996348798275, 0.12996622920036316, 0.24643006920814514, 0.38211384415626526, 0.26840871572494507, 0.20064730942249298, 0.3028872609138489, 0.219364196062088, 0.14074817299842834, 0.16526895761489868, 0.13597239553928375, 0.21806542575359344, 0.28095680475234985, 0.16087748110294342, 0.05814207345247269, 0.0647883489727974, 0.10937876254320145, 0.24998119473457336, 0.3167397081851959, 0.1340828388929367, 0.03840232267975807, 0.06882534921169281, 0.09236282855272293, 0.19651788473129272], "rhythm.beats_position": [0.6269387602806091, 1.2538775205612183, 1.8459863662719727, 2.4380950927734375, 2.9953742027282715, 3.5526530742645264, 4.109931945800781, 4.690430641174316, 5.24770975112915, 5.8282084465026855, 6.408707141876221, 6.965986251831055, 7.523265361785889, 8.080544471740723, 8.637823104858398, 9.195101737976074, 9.77560043334961, 10.332880020141602, 10.901768684387207, 11.470657348632812, 12.051156044006348, 12.608434677124023, 13.177324295043945, 13.75782299041748, 14.326711654663086, 14.907210350036621, 15.487709045410156, 16.04498863220215, 16.60226821899414, 17.17115592956543, 17.74004554748535, 18.32054328918457, 18.889432907104492, 19.446712493896484, 20.015600204467773, 20.584489822387695, 21.153377532958984, 21.710657119750977, 22.26793670654297, 22.836824417114258, 23.40571403503418, 23.9862117767334, 24.54349136352539, 25.100770950317383, 25.669658660888672, 26.238548278808594, 26.795827865600586, 27.364715576171875, 27.933605194091797, 28.502492904663086, 29.04816246032715, 29.60544204711914, 30.1627197265625, 30.719999313354492, 31.288888931274414, 31.869386672973633, 32.43827438354492, 33.018775939941406, 33.576053619384766, 34.133331298828125, 34.67900085449219, 35.22467041015625, 35.77033996582031, 36.316009521484375, 36.873287200927734, 37.442176818847656, 37.98784637451172, 38.54512405395508, 39.10240173339844, 39.65968322753906], "rhythm.bpm_histogram": [0.0, 0.0, 0.0, 0.0, 0.0, 0.0, 0.0, 0.0, 0.0, 0.0, 0.0, 0.0, 0.0, 0.0, 0.0, 0.0, 0.0, 0.0, 0.0, 0.0, 0.0, 0.0, 0.0, 0.0, 0.0, 0.0, 0.0, 0.0, 0.0, 0.0, 0.0, 0.0, 0.0, 0.0, 0.0, 0.0, 0.0, 0.0, 0.0, 0.0, 0.0, 0.0, 0.0, 0.0, 0.0, 0.0, 0.0, 0.0, 0.0, 0.0, 0.0, 0.0, 0.0, 0.0, 0.0, 0.0, 0.0, 0.0, 0.0, 0.0, 0.0, 0.0, 0.0, 0.0, 0.0, 0.0, 0.0, 0.0, 0.0, 0.0, 0.0, 0.0, 0.0, 0.0, 0.0, 0.0, 0.0, 0.0, 0.0, 0.0, 0.0, 0.0, 0.0, 0.0, 0.0, 0.0, 0.0, 0.0, 0.0, 0.0, 0.0, 0.0, 0.0, 0.0, 0.0, 0.0, 0.014492753893136978, 0.0, 0.0, 0.0, 0.0, 0.028985507786273956, 0.0, 0.17391304671764374, 0.0, 0.28985506296157837, 0.0, 0.0, 0.4057970941066742, 0.0, 0.08695652335882187, 0.0, 0.0, 0.0, 0.0, 0.0, 0.0, 0.0, 0.0, 0.0, 0.0, 0.0, 0.0, 0.0, 0.0, 0.0, 0.0, 0.0, 0.0, 0.0, 0.0, 0.0, 0.0, 0.0, 0.0, 0.0, 0.0, 0.0, 0.0, 0.0, 0.0, 0.0, 0.0, 0.0, 0.0, 0.0, 0.0, 0.0, 0.0, 0.0, 0.0, 0.0, 0.0, 0.0, 0.0, 0.0, 0.0, 0.0, 0.0, 0.0, 0.0, 0.0, 0.0, 0.0, 0.0, 0.0, 0.0, 0.0, 0.0, 0.0, 0.0, 0.0, 0.0, 0.0, 0.0, 0.0, 0.0, 0.0, 0.0, 0.0, 0.0, 0.0, 0.0, 0.0, 0.0, 0.0, 0.0, 0.0, 0.0, 0.0, 0.0, 0.0, 0.0, 0.0, 0.0, 0.0, 0.0, 0.0, 0.0, 0.0, 0.0, 0.0, 0.0, 0.0, 0.0, 0.0, 0.0, 0.0, 0.0, 0.0, 0.0, 0.0, 0.0, 0.0, 0.0, 0.0, 0.0, 0.0, 0.0, 0.0, 0.0, 0.0, 0.0, 0.0, 0.0, 0.0, 0.0, 0.0, 0.0, 0.0, 0.0, 0.0, 0.0, 0.0, 0.0, 0.0, 0.0, 0.0, 0.0, 0.0, 0.0, 0.0, 0.0, 0.0, 0.0, 0.0, 0.0, 0.0, 0.0, 0.0], "tonal.chords_histogram": [18.75, 7.407407283782959, 20.717592239379883, 0.0, 1.7361111640930176, 0.0, 5.671296119689941, 3.2407407760620117, 0.0, 0.0, 0.0, 0.0, 0.0, 0.0, 0.0, 0.0, 0.0, 0.0, 0.0, 0.0, 0.0, 19.675926208496094, 0.0, 22.800926208496094], "tonal.thpcp": [1.0, 0.6449430584907532, 0.3324590027332306, 0.46308884024620056, 0.32327157258987427, 0.16187800467014313, 0.17510011792182922, 0.16560125350952148, 0.39234548807144165, 0.5526516437530518, 0.2643033564090729, 0.047301411628723145, 0.05544119328260422, 0.10834881663322449, 0.4982612431049347, 0.6529759764671326, 0.2486896514892578, 0.035274721682071686, 0.043491147458553314, 0.0669204592704773, 0.326489120721817, 0.5583025813102722, 0.3303343653678894, 0.3737490475177765, 0.7709001898765564, 0.4948982000350952, 0.08369149267673492, 0.09293947368860245, 0.10853961855173111, 0.47908586263656616, 0.8147135972976685, 0.4447351098060608, 0.07697793841362, 0.06739494949579239, 0.13032516837120056, 0.5652464628219604], "lowlevel.gfcc.cov": [[8384.5546875, -1300.2969970703125, -388.5238342285156, -76.16404724121094, -429.908447265625, 326.45098876953125, -61.01157760620117, -130.67160034179688, -90.57440185546875, -2.3627524375915527, -79.22427368164062, 119.83892822265625, -124.55752563476562], [-1300.2969970703125, 1360.2919921875, 195.9183807373047, 161.65806579589844, 331.8211669921875, -102.31982421875, 160.01873779296875, 62.065589904785156, 99.41742706298828, -137.81040954589844, 87.27363586425781, -95.54668426513672, 31.37173080444336], [-388.5238342285156, 195.9183807373047, 488.8721008300781, 87.8106918334961, 133.04188537597656, 31.469877243041992, -28.60394859313965, 59.08259201049805, -40.55807876586914, -38.88313293457031, -13.703386306762695, 24.798173904418945, -40.14365005493164], [-76.16404724121094, 161.65806579589844, 87.8106918334961, 406.8426818847656, 204.4551239013672, 15.833561897277832, 52.66674041748047, 16.832616806030273, 45.5504150390625, 7.66610860824585, -0.07425820082426071, -43.44773864746094, 40.855140686035156], [-429.908447265625, 331.8211669921875, 133.04188537597656, 204.4551239013672, 317.4111328125, -26.97478485107422, 14.992890357971191, 44.51364517211914, 50.636749267578125, -32.564353942871094, -16.037012100219727, -17.44510841369629, 21.78683853149414], [326.45098876953125, -102.31982421875, 31.469877243041992, 15.833561897277832, -26.97478485107422, 248.08709716796875, 107.25146484375, -38.21683883666992, -62.44839096069336, 11.268495559692383, 8.675950050354004, -22.698436737060547, 6.972029209136963], [-61.01157760620117, 160.01873779296875, -28.60394859313965, 52.66674041748047, 14.992890357971191, 107.25146484375, 292.70037841796875, 41.32265853881836, -51.50091552734375, -12.566174507141113, 7.751523971557617, -27.874881744384766, 35.61286163330078], [-130.67160034179688, 62.065589904785156, 59.08259201049805, 16.832616806030273, 44.51364517211914, -38.21683883666992, 41.32265853881836, 155.76971435546875, 37.461181640625, -4.681689262390137, -22.785749435424805, 20.087247848510742, -4.5303778648376465], [-90.57440185546875, 99.41742706298828, -40.55807876586914, 45.5504150390625, 50.636749267578125, -62.44839096069336, -51.50091552734375, 37.461181640625, 187.32728576660156, 55.280338287353516, 2.090912103652954, -22.869646072387695, -24.837522506713867], [-2.3627524375915527, -137.81040954589844, -38.88313293457031, 7.66610860824585, -32.564353942871094, 11.268495559692383, -12.566174507141113, -4.681689262390137, 55.280338287353516, 172.126953125, 28.569364547729492, -16.475004196166992, -29.72039794921875], [-79.22427368164062, 87.27363586425781, -13.703386306762695, -0.07425820082426071, -16.037012100219727, 8.675950050354004, 7.751523971557617, -22.785749435424805, 2.090912103652954, 28.569364547729492, 120.23843383789062, 3.327000617980957, -30.162368774414062], [119.83892822265625, -95.54668426513672, 24.798173904418945, -43.44773864746094, -17.44510841369629, -22.698436737060547, -27.874881744384766, 20.087247848510742, -22.869646072387695, -16.475004196166992, 3.327000617980957, 121.37869262695312, 16.116090774536133], [-124.55752563476562, 31.37173080444336, -40.14365005493164, 40.855140686035156, 21.78683853149414, 6.972029209136963, 35.61286163330078, -4.5303778648376465, -24.837522506713867, -29.72039794921875, -30.162368774414062, 16.116090774536133, 149.844970703125]], "lowlevel.gfcc.icov": [[0.0001629423932172358, 8.418286597589031e-05, 0.00014313968131318688, -0.00015205389354377985, 0.0001488044363213703, -0.0002443624543957412, 5.0782327889464796e-05, 2.2713167709298432e-05, -5.712392885470763e-05, 0.00017658661818131804, 0.00012902592425234616, -0.00021834325161762536, 0.0002509871846996248], [8.418286597589031e-05, 0.0021124323830008507, -0.0009249791037291288, 0.0007214041543193161, -0.0015861907741054893, 0.00124632369261235, -0.0017102255951613188, 0.0005889454041607678, -0.0016324057942256331, 0.0018977918662130833, -0.0023212956730276346, 0.0016563048120588064, -0.0007594384369440377], [0.00014313968131318688, -0.0009249791037291288, 0.003610581625252962, -0.0009278402430936694, -0.00027927933842875063, -0.0017773874569684267, 0.0018971917452290654, -0.0016965296817943454, 0.0020877295173704624, -0.00045682059135288, 0.0014052412007004023, -0.0015492733800783753, 0.001858943491242826], [-0.00015205389354377985, 0.0007214041543193161, -0.0009278402430936694, 0.004534742329269648, -0.0031436283607035875, 0.0006036476697772741, -0.001260498771443963, 0.0006030502263456583, -0.0011438296642154455, -5.7468419981887564e-05, -0.0014392011798918247, 0.001845050952397287, -0.0017047292785719037], [0.0001488044363213703, -0.0015861907741054893, -0.00027927933842875063, -0.0031436283607035875, 0.007173718418926001, -0.0007130132871679962, 0.0011641394812613726, -0.0007850000984035432, -0.00018658378394320607, -7.205442670965567e-05, 0.002173658227548003, -0.0013348625507205725, 0.0004636915400624275], [-0.0002443624543957412, 0.00124632369261235, -0.0017773874569684267, 0.0006036476697772741, -0.0007130132871679962, 0.007120965979993343, -0.003586301114410162, 0.0023286661598831415, -8.176446135621518e-05, 7.273281516972929e-05, -0.001507001114077866, 0.0019803622271865606, -0.0009251837618649006], [5.0782327889464796e-05, -0.0017102255951613188, 0.0018971917452290654, -0.001260498771443963, 0.0011641394812613726, -0.003586301114410162, 0.006979393772780895, -0.0035327384248375893, 0.0030832046177238226, -0.001192393945530057, 0.0010138493962585926, -0.00015708569844719023, -2.023016168095637e-05], [2.2713167709298432e-05, 0.0005889454041607678, -0.0016965296817943454, 0.0006030502263456583, -0.0007850000984035432, 0.0023286661598831415, -0.0035327384248375893, 0.00967520009726286, -0.0030245594680309296, 0.00043783310684375465, 0.001289087114855647, -0.0016905571101233363, 0.0004413745191413909], [-5.712392885470763e-05, -0.0016324057942256331, 0.0020877295173704624, -0.0011438296642154455, -0.00018658378394320607, -8.176446135621518e-05, 0.0030832046177238226, -0.0030245594680309296, 0.00970839150249958, -0.0037898863665759563, 0.0017111654160544276, 0.0001631599006941542, 0.0015565843787044287], [0.00017658661818131804, 0.0018977918662130833, -0.00045682059135288, -5.7468419981887564e-05, -7.205442670965567e-05, 7.273281516972929e-05, -0.001192393945530057, 0.00043783310684375465, -0.0037898863665759563, 0.009097672067582607, -0.0032341654878109694, 0.0016191783361136913, 0.00029756486765109], [0.00012902592425234616, -0.0023212956730276346, 0.0014052412007004023, -0.0014392011798918247, 0.002173658227548003, -0.001507001114077866, 0.0010138493962585926, 0.001289087114855647, 0.0017111654160544276, -0.0032341654878109694, 0.012532912194728851, -0.003627566620707512, 0.003469273215159774], [-0.00021834325161762536, 0.0016563048120588064, -0.0015492733800783753, 0.001845050952397287, -0.0013348625507205725, 0.0019803622271865606, -0.00015708569844719023, -0.0016905571101233363, 0.0001631599006941542, 0.0016191783361136913, -0.003627566620707512, 0.011908263899385929, -0.003020959673449397], [0.0002509871846996248, -0.0007594384369440377, 0.001858943491242826, -0.0017047292785719037, 0.0004636915400624275, -0.0009251837618649006, -2.023016168095637e-05, 0.0004413745191413909, 0.0015565843787044287, 0.00029756486765109, 0.003469273215159774, -0.003020959673449397, 0.009338051080703735]], "lowlevel.mfcc.cov": [[7621.326171875, -1293.431640625, 8.06041145324707, -453.61688232421875, -217.6909942626953, 68.66142272949219, -91.1832504272461, -22.103961944580078, -86.77853393554688, -54.93168640136719, -176.01206970214844, 217.9351043701172, -117.96061706542969], [-1293.431640625, 1237.8106689453125, -7.017507553100586, 198.25965881347656, 132.04173278808594, -47.25965118408203, 65.6385269165039, 178.80746459960938, -5.749244689941406, 43.35698318481445, 82.2387924194336, -134.0857391357422, 101.38807678222656], [8.06041145324707, -7.017507553100586, 274.2501525878906, -11.340615272521973, 40.11254119873047, 53.270484924316406, 71.12367248535156, 16.509618759155273, -1.531083583831787, -6.657750606536865, -10.023513793945312, -24.316143035888672, -0.519976794719696], [-453.61688232421875, 198.25965881347656, -11.340615272521973, 438.0781555175781, 153.76065063476562, 49.361244201660156, 31.536680221557617, 40.31085205078125, 90.01762390136719, 42.985504150390625, 7.296117305755615, 10.031993865966797, 44.27544021606445], [-217.6909942626953, 132.04173278808594, 40.11254119873047, 153.76065063476562, 308.2568054199219, 11.044270515441895, -61.263004302978516, -0.6989831924438477, 3.837306499481201, 5.172471046447754, -10.86927604675293, 18.350849151611328, 44.15983200073242], [68.66142272949219, -47.25965118408203, 53.270484924316406, 49.361244201660156, 11.044270515441895, 215.3725128173828, 90.57846069335938, -26.835994720458984, 21.711441040039062, 10.299965858459473, 6.47197961807251, 22.683839797973633, -16.804424285888672], [-91.1832504272461, 65.6385269165039, 71.12367248535156, 31.536680221557617, -61.263004302978516, 90.57846069335938, 297.67852783203125, 60.6883659362793, 9.799092292785645, -19.818151473999023, -2.421063184738159, -45.20095443725586, -14.354240417480469], [-22.103961944580078, 178.80746459960938, 16.509618759155273, 40.31085205078125, -0.6989831924438477, -26.835994720458984, 60.6883659362793, 213.6512908935547, 28.588775634765625, 13.923473358154297, -12.382671356201172, -99.6937255859375, 16.87892723083496], [-86.77853393554688, -5.749244689941406, -1.531083583831787, 90.01762390136719, 3.837306499481201, 21.711441040039062, 9.799092292785645, 28.588775634765625, 192.09385681152344, 46.673683166503906, -64.39868927001953, -24.908248901367188, -18.933547973632812], [-54.93168640136719, 43.35698318481445, -6.657750606536865, 42.985504150390625, 5.172471046447754, 10.299965858459473, -19.818151473999023, 13.923473358154297, 46.673683166503906, 178.44198608398438, 35.27853775024414, -44.44670867919922, -4.353452682495117], [-176.01206970214844, 82.2387924194336, -10.023513793945312, 7.296117305755615, -10.86927604675293, 6.47197961807251, -2.421063184738159, -12.382671356201172, -64.39868927001953, 35.27853775024414, 213.12603759765625, 66.38326263427734, 28.520992279052734], [217.9351043701172, -134.0857391357422, -24.316143035888672, 10.031993865966797, 18.350849151611328, 22.683839797973633, -45.20095443725586, -99.6937255859375, -24.908248901367188, -44.44670867919922, 66.38326263427734, 301.1314697265625, 11.886894226074219], [-117.96061706542969, 101.38807678222656, -0.519976794719696, 44.27544021606445, 44.15983200073242, -16.804424285888672, -14.354240417480469, 16.87892723083496, -18.933547973632812, -4.353452682495117, 28.520992279052734, 11.886894226074219, 136.67279052734375]], "lowlevel.mfcc.icov": [[0.00017798870976548642, 0.0001690358476480469, 1.0188002306676935e-05, 0.00011022550461348146, 2.709375803533476e-05, -0.00010143905092263594, 5.6432272685924545e-05, -0.000254307989962399, 0.00014162607840262353, -9.563631465425715e-05, 0.00017949144239537418, -0.00016819208394736052, 2.4072485302895075e-06], [0.0001690358476480469, 0.0012886474141851068, 0.0001543018879601732, -0.0001928058045450598, -0.00037029909435659647, 0.00016163167310878634, -0.00019878191233146936, -0.0008430226589553058, 0.00022461469052359462, -9.377375681651756e-05, -0.00036119396099820733, 0.00027371730539016426, -0.00044456697651185095], [1.0188002306676935e-05, 0.0001543018879601732, 0.004293051082640886, 0.0006384787266142666, -0.0011143789160996675, -0.0007508540875278413, -0.001035440480336547, -0.00023475785565096885, -5.4813895985716954e-05, 3.953135455958545e-05, -2.6094552595168352e-05, 0.00029040692606940866, -0.00013433638378046453], [0.00011022550461348146, -0.0001928058045450598, 0.0006384787266142666, 0.003706210060045123, -0.0017422272358089685, -0.0005950244958512485, -0.0006374568911269307, -0.00040003005415201187, -0.0015896481927484274, -0.000405194383347407, -0.00022