{"song_id": "1182273048225779722", "download": "https://cdn.discordapp.com/attachments/1128313332273782784/1182273048225779722/chirp.mp4?ex=65841894&amp", "lyrics": "-", "style": ["Dream</span><span>- house pop"], "essentia_features": {"lowlevel.average_loudness": 0.9644732475280762, "lowlevel.barkbands_crest.mean": 21.978397369384766, "lowlevel.barkbands_crest.stdev": 5.258543968200684, "lowlevel.barkbands_flatness_db.mean": 0.4340469241142273, "lowlevel.barkbands_flatness_db.stdev": 0.1451500952243805, "lowlevel.barkbands_kurtosis.mean": 226.404541015625, "lowlevel.barkbands_kurtosis.stdev": 454.7494201660156, "lowlevel.barkbands_skewness.mean": 7.804414749145508, "lowlevel.barkbands_skewness.stdev": 7.53737211227417, "lowlevel.barkbands_spread.mean": 3.002512216567993, "lowlevel.barkbands_spread.stdev": 7.098846435546875, "lowlevel.dissonance.mean": 0.40092402696609497, "lowlevel.dissonance.stdev": 0.08759567886590958, "lowlevel.dynamic_complexity": 2.5018210411071777, "lowlevel.erbbands_crest.mean": 16.01833724975586, "lowlevel.erbbands_crest.stdev": 6.249863624572754, "lowlevel.erbbands_flatness_db.mean": 0.2577531933784485, "lowlevel.erbbands_flatness_db.stdev": 0.10333489626646042, "lowlevel.erbbands_kurtosis.mean": 18.30105972290039, "lowlevel.erbbands_kurtosis.stdev": 34.132076263427734, "lowlevel.erbbands_skewness.mean": 2.2737772464752197, "lowlevel.erbbands_skewness.stdev": 2.5297963619232178, "lowlevel.erbbands_spread.mean": 22.372549057006836, "lowlevel.erbbands_spread.stdev": 24.77337646484375, "lowlevel.hfc.mean": 10.607029914855957, "lowlevel.hfc.stdev": 9.153327941894531, "lowlevel.loudness_ebu128.integrated": -12.853642463684082, "lowlevel.loudness_ebu128.loudness_range": 1.8645248413085938, "lowlevel.loudness_ebu128.momentary.mean": -13.315912246704102, "lowlevel.loudness_ebu128.momentary.stdev": 2.2846271991729736, "lowlevel.loudness_ebu128.short_term.mean": -12.871105194091797, "lowlevel.loudness_ebu128.short_term.stdev": 0.6604998707771301, "lowlevel.melbands_crest.mean": 25.02304458618164, "lowlevel.melbands_crest.stdev": 6.044949054718018, "lowlevel.melbands_flatness_db.mean": 0.5515208840370178, "lowlevel.melbands_flatness_db.stdev": 0.1648148149251938, "lowlevel.melbands_kurtosis.mean": 84.50032806396484, "lowlevel.melbands_kurtosis.stdev": 124.19357299804688, "lowlevel.melbands_skewness.mean": 4.6853766441345215, "lowlevel.melbands_skewness.stdev": 3.906588554382324, "lowlevel.melbands_spread.mean": 2.962256908416748, "lowlevel.melbands_spread.stdev": 7.847799301147461, "lowlevel.pitch_salience.mean": 0.24575220048427582, "lowlevel.pitch_salience.stdev": 0.176731675863266, "lowlevel.silence_rate_20dB.mean": 1.0, "lowlevel.silence_rate_20dB.stdev": 0.0, "lowlevel.silence_rate_30dB.mean": 0.5648899078369141, "lowlevel.silence_rate_30dB.stdev": 0.4957721531391144, "lowlevel.silence_rate_60dB.mean": 0.020278099924325943, "lowlevel.silence_rate_60dB.stdev": 0.14095228910446167, "lowlevel.spectral_centroid.mean": 362.3113708496094, "lowlevel.spectral_centroid.stdev": 454.3204345703125, "lowlevel.spectral_complexity.mean": 5.29258394241333, "lowlevel.spectral_complexity.stdev": 4.535377025604248, "lowlevel.spectral_decrease.mean": -2.497045592519953e-08, "lowlevel.spectral_decrease.stdev": 1.62332014497224e-08, "lowlevel.spectral_energy.mean": 0.09520602971315384, "lowlevel.spectral_energy.stdev": 0.061637599021196365, "lowlevel.spectral_energyband_high.mean": 6.430847861338407e-05, "lowlevel.spectral_energyband_high.stdev": 0.0002223159244749695, "lowlevel.spectral_energyband_low.mean": 0.08351245522499084, "lowlevel.spectral_energyband_low.stdev": 0.06354221701622009, "lowlevel.spectral_energyband_middle_high.mean": 0.0011584239546209574, "lowlevel.spectral_energyband_middle_high.stdev": 0.003858150215819478, "lowlevel.spectral_energyband_middle_low.mean": 0.011833777651190758, "lowlevel.spectral_energyband_middle_low.stdev": 0.021498626098036766, "lowlevel.spectral_entropy.mean": 5.8755316734313965, "lowlevel.spectral_entropy.stdev": 1.1653540134429932, "lowlevel.spectral_flux.mean": 0.08064008504152298, "lowlevel.spectral_flux.stdev": 0.08555854111909866, "lowlevel.spectral_kurtosis.mean": 39.364013671875, "lowlevel.spectral_kurtosis.stdev": 61.57209014892578, "lowlevel.spectral_rms.mean": 0.009015212766826153, "lowlevel.spectral_rms.stdev": 0.0034073384013026953, "lowlevel.spectral_rolloff.mean": 246.480712890625, "lowlevel.spectral_rolloff.stdev": 761.490234375, "lowlevel.spectral_skewness.mean": 4.3925395011901855, "lowlevel.spectral_skewness.stdev": 3.106466054916382, "lowlevel.spectral_spread.mean": 3259848.25, "lowlevel.spectral_spread.stdev": 1905823.5, "lowlevel.spectral_strongpeak.mean": 0.7827638387680054, "lowlevel.spectral_strongpeak.stdev": 0.595770537853241, "lowlevel.zerocrossingrate.mean": 0.010988874360918999, "lowlevel.zerocrossingrate.stdev": 0.022660374641418457, "metadata.audio_properties.analysis.equal_loudness": 0.0, "metadata.audio_properties.analysis.length": 40.04265213012695, "metadata.audio_properties.analysis.sample_rate": 44100.0, "metadata.audio_properties.analysis.start_time": 0.0, "metadata.audio_properties.bit_rate": 126707.0, "metadata.audio_properties.length": 40.042667388916016, "metadata.audio_properties.lossless": 0.0, "metadata.audio_properties.number_channels": 1.0, "metadata.audio_properties.replay_gain": -11.589803695678711, "metadata.audio_properties.sample_rate": 48000.0, "rhythm.beats_count": 94.0, "rhythm.beats_loudness.mean": 0.10711128264665604, "rhythm.beats_loudness.stdev": 0.056811340153217316, "rhythm.bpm": 142.08106994628906, "rhythm.bpm_histogram_first_peak_bpm": 144.0, "rhythm.bpm_histogram_first_peak_weight": 0.4021739363670349, "rhythm.bpm_histogram_second_peak_bpm": 136.0, "rhythm.bpm_histogram_second_peak_spread": 0.0, "rhythm.bpm_histogram_second_peak_weight": 0.01075268816202879, "rhythm.danceability": 1.140356183052063, "rhythm.onset_rate": 6.26647424697876, "tonal.chords_changes_rate": 0.04282407462596893, "tonal.chords_number_rate": 0.008101851679384708, "tonal.chords_strength.mean": 0.5505241751670837, "tonal.chords_strength.stdev": 0.08553056418895721, "tonal.hpcp_crest.mean": 16.998987197875977, "tonal.hpcp_crest.stdev": 8.317180633544922, "tonal.hpcp_entropy.mean": 1.6544134616851807, "tonal.hpcp_entropy.stdev": 0.932941198348999, "tonal.key_edma.strength": 0.5834855437278748, "tonal.key_krumhansl.strength": 0.5693244338035583, "tonal.key_temperley.strength": 0.5411174893379211, "tonal.tuning_diatonic_strength": 0.5033895969390869, "tonal.tuning_equal_tempered_deviation": 0.08239680528640747, "tonal.tuning_frequency": 438.2245178222656, "tonal.tuning_nontempered_energy_ratio": 0.6573767066001892, "lowlevel.barkbands.mean": [0.0013460417976602912, 0.07749302685260773, 0.003451416501775384, 0.002643561689183116, 0.003910718951374292, 0.0030064124148339033, 0.0008077488746494055, 0.0006511385436169803, 0.0005131748621352017, 0.0008456984651274979, 7.677517714910209e-05, 6.309740274446085e-05, 7.515239849453792e-05, 6.319319800240919e-05, 7.760228618280962e-05, 4.579113738145679e-05, 2.5828465368249454e-05, 1.8267564882989973e-05, 1.909364254970569e-05, 1.5025277207314502e-05, 1.3170090824132785e-05, 1.3362824574869592e-05, 1.0232349268335383e-05, 9.170384146273136e-06, 6.5655722210067324e-06, 4.79786331197829e-06, 3.6428130556487304e-07], "lowlevel.barkbands.stdev": [0.0020362006034702063, 0.05991661176085472, 0.01249962579458952, 0.010029926896095276, 0.008102800697088242, 0.009627532213926315, 0.004817740060389042, 0.0025896190200001, 0.00184552650898695, 0.00341245299205184, 0.00032626939355395734, 0.0002655565331224352, 0.000419659074395895, 0.0003335404908284545, 0.0003867038758471608, 0.000202901239390485, 9.696146298665553e-05, 7.837008161004633e-05, 6.66993873892352e-05, 5.7385423133382574e-05, 4.8781774239614606e-05, 5.0765342166414484e-05, 3.623417433118448e-05, 3.4169715945608914e-05, 2.2275187802733853e-05, 1.789029010978993e-05, 1.771666347849532e-06], "lowlevel.erbbands.mean": [2.6267707347869873, 15.709074020385742, 8.128442764282227, 6.359360694885254, 11.3728666305542, 12.714842796325684, 19.702102661132812, 24.029911041259766, 13.690024375915527, 10.56739616394043, 13.636235237121582, 14.713760375976562, 16.927852630615234, 20.648971557617188, 4.12053918838501, 2.770195484161377, 3.5063576698303223, 3.195089817047119, 4.127084255218506, 3.407306432723999, 2.222914218902588, 1.4787847995758057, 0.9911506772041321, 1.0191047191619873, 0.9473428130149841, 0.695101797580719, 0.5632990598678589, 0.489972859621048, 0.49515247344970703, 0.3816942274570465, 0.2823612093925476, 0.1952706128358841, 0.15082715451717377, 0.08766866475343704, 0.037124257534742355, 0.016064776107668877, 0.010314390994608402, 0.0020049645099788904, 8.401063678320497e-05, 0.00010447020031278953], "lowlevel.erbbands.stdev": [2.425682783126831, 12.019309043884277, 14.87679386138916, 23.63658332824707, 29.43511199951172, 28.446630477905273, 53.00642776489258, 77.11436462402344, 73.43473052978516, 36.8344612121582, 60.3332633972168, 49.7137451171875, 75.55883026123047, 104.8702392578125, 15.422332763671875, 11.427275657653809, 19.426889419555664, 18.391435623168945, 21.602519989013672, 15.95842170715332, 9.27755355834961, 5.381554126739502, 3.990732192993164, 3.7342941761016846, 3.5360286235809326, 2.709923267364502, 2.1697943210601807, 1.707146167755127, 1.9930012226104736, 1.3243643045425415, 1.065545916557312, 0.7022404074668884, 0.5916559100151062, 0.3066781461238861, 0.12227637320756912, 0.06416164338588715, 0.03799553960561752, 0.007466258015483618, 0.00015682114462833852, 6.680866499664262e-05], "lowlevel.gfcc.mean": [-150.47560119628906, 143.84426879882812, -25.827892303466797, 33.08177185058594, -27.701126098632812, 22.438709259033203, -17.07316780090332, 4.669548034667969, -8.5109224319458, 0.004529118537902832, -4.627496719360352, 0.8947198987007141, 3.1499876976013184], "lowlevel.melbands.mean": [0.02304747886955738, 0.009426995180547237, 0.001244521583430469, 0.0008847347344271839, 0.0006931034731678665, 0.0005401146481744945, 0.00019266264280304313, 0.0001181696352432482, 0.00011762415670091286, 7.883070065872744e-05, 8.428026194451377e-05, 8.935749065130949e-05, 1.1716969311237335e-05, 7.945178367663175e-06, 7.111017566785449e-06, 7.372352229140233e-06, 5.702679118257947e-06, 6.633404609601712e-06, 5.295797564031091e-06, 3.818414825218497e-06, 2.3257707653101534e-06, 1.5708069440734107e-06, 1.077956653716683e-06, 8.343378681274771e-07, 8.204160053537635e-07, 7.032642770354869e-07, 6.422301908060035e-07, 4.128906425648893e-07, 3.456721060501877e-07, 3.3160731049974856e-07, 2.6481404802325414e-07, 2.952789088794816e-07, 2.3279076799553877e-07, 2.037805302279594e-07, 1.6795313229067688e-07, 1.241190119571911e-07, 1.221467726963965e-07, 1.12323874645881e-07, 9.123764499463505e-08, 6.764485505073026e-08], "lowlevel.melbands.stdev": [0.018699364736676216, 0.008520768024027348, 0.004166491329669952, 0.001872798427939415, 0.0017800952773541212, 0.0017348051769658923, 0.0011169369099661708, 0.0004046329122502357, 0.0004678390978369862, 0.00027291072183288634, 0.00037568784318864346, 0.00046881515299901366, 4.731455919682048e-05, 3.1224419217323884e-05, 3.430450669839047e-05, 4.5425109419738874e-05, 3.3015334338415414e-05, 3.522546467138454e-05, 2.5280633053625934e-05, 1.794227136997506e-05, 9.810092706175055e-06, 5.86350824960391e-06, 4.40897565567866e-06, 3.5603682135842973e-06, 2.985244009323651e-06, 2.5426943466300145e-06, 2.5573397124389885e-06, 1.6517785752512282e-06, 1.324488721365924e-06, 1.3122165682943887e-06, 9.059068588612718e-07, 1.2614352726814104e-06, 8.701847491465742e-07, 6.887623271722987e-07, 6.333706892291957e-07, 4.706986089786369e-07, 4.4391089204509626e-07, 4.5141126747694216e-07, 3.448491838753398e-07, 2.3710347818450828e-07], "lowlevel.melbands128.mean": [0.001319334376603365, 0.019072115421295166, 0.037456534802913666, 0.02156335487961769, 0.005846693180501461, 0.001409136806614697, 0.0011718722525984049, 0.0013639872195199132, 0.0011196479899808764, 0.0009562085033394396, 0.0006197481416165829, 0.0006205958779901266, 0.0004789523081853986, 0.001138106919825077, 0.0007040351047180593, 0.00011742250353563577, 0.00013874944124836475, 0.00030798293300904334, 0.00011713382264133543, 9.544773638481274e-05, 0.00013559444050770253, 0.0001040347560774535, 0.00010743148595793173, 0.00013046831008978188, 0.00014227900828700513, 1.4196700249158312e-05, 4.8415124183520675e-05, 0.00012250267900526524, 5.006429273635149e-05, 0.00017599108105059713, 6.240769289433956e-05, 9.144082468992565e-06, 1.1600166544667445e-05, 1.2786353181581944e-05, 7.397712124657119e-06, 7.38070184524986e-06, 6.835842214059085e-06, 6.337344075291185e-06, 7.409400950564304e-06, 9.334256901638582e-06, 6.7604146352095995e-06, 5.853520633536391e-06, 5.459416115627391e-06, 5.801383849757258e-06, 5.921630418015411e-06, 7.099210506567033e-06, 7.294063834706321e-06, 4.953563802700955e-06, 4.762084699905245e-06, 4.738123152492335e-06, 3.623602196967113e-06, 3.0778076052229153e-06, 2.4522660169168375e-06, 2.124050070051453e-06, 1.6582861235292512e-06, 1.5838462559258915e-06, 1.4269844541558996e-06, 1.227043640028569e-06, 9.978192565540667e-07, 6.820478688496223e-07, 8.02817794465227e-07, 9.36329968226346e-07, 9.401336455994169e-07, 7.55013104480895e-07, 6.841145818725636e-07, 7.337226861636736e-07, 6.676354473711399e-07, 7.013409231149126e-07, 6.942848358448828e-07, 4.925813641420973e-07, 4.054321607327438e-07, 3.804160542131285e-07, 3.229427534279239e-07, 3.6507552181319625e-07, 3.299137745216285e-07, 3.419068832499761e-07, 3.5190416269870184e-07, 2.531228346924763e-07, 2.478268186223431e-07, 2.6318019763493794e-07, 3.1955639201441954e-07, 3.1561117452838516e-07, 2.382344348461629e-07, 2.2463935067662533e-07, 2.2675453692500014e-07, 2.080324890130214e-07, 2.0067798800482706e-07, 1.8264179857396812e-07, 1.520905925644911e-07, 1.835478826706094e-07, 1.3364542894578335e-07, 1.0885661083648301e-07, 9.778192833209687e-08, 1.2902729906727473e-07, 1.262399678125803e-07, 1.3726705105909787e-07, 1.0280303541776448e-07, 8.708167342774686e-08, 9.61015160783063e-08, 9.71011928641019e-08, 6.822061493494402e-08, 6.620528125722558e-08, 5.8939892966236584e-08, 5.6310728524522347e-08, 3.6681431225815686e-08, 2.9272035462213353e-08, 3.42141284193076e-08, 3.394888636876203e-08, 2.319652381288506e-08, 2.055880798934595e-08, 2.713967184320154e-08, 3.457768826820029e-08, 4.0996944505877764e-08, 3.3808962740522475e-08, 2.395590925630131e-08, 2.5545753956635053e-08, 1.498200852267928e-08, 8.421008890202586e-10, 2.139997207217803e-11, 1.8442504468030307e-11, 1.656488834989034e-11, 1.3091495769390615e-11, 1.1999040649968151e-11, 1.1803519966990805e-11, 1.1599070662282607e-11, 1.1382208543742056e-11, 1.124922203998846e-11, 1.1183599185615734e-11], "lowlevel.melbands128.stdev": [0.002019595354795456, 0.02111547440290451, 0.029722465202212334, 0.017559481784701347, 0.009278815239667892, 0.005360902287065983, 0.005026796367019415, 0.004906598012894392, 0.0030209135729819536, 0.0022583147510886192, 0.0016054267762228847, 0.0021868718322366476, 0.0014008263824507594, 0.003959348425269127, 0.0024325698614120483, 0.0003888836072292179, 0.0006067624781280756, 0.002110868226736784, 0.0007416391745209694, 0.0004054602759424597, 0.0006029315991327167, 0.0005865496932528913, 0.0006860417197458446, 0.0005057668895460665, 0.0005378196365199983, 5.211665484239347e-05, 0.00026880044606514275, 0.0006982875638641417, 0.00020548052270896733, 0.0009742251713760197, 0.0003405344032216817, 4.5076543756294996e-05, 5.651360334013589e-05, 7.321903831325471e-05, 3.2356681913370267e-05, 3.3332347811665386e-05, 3.359475522302091e-05, 3.755777288461104e-05, 3.650023791124113e-05, 6.232426676433533e-05, 4.639920734916814e-05, 3.950030077248812e-05, 4.064205859322101e-05, 3.277251380495727e-05, 2.9708817237406038e-05, 4.4506134145194665e-05, 4.250038546160795e-05, 2.3922237232909538e-05, 2.4570523237343878e-05, 2.5370518415002152e-05, 1.867306127678603e-05, 1.5927162166917697e-05, 1.066771164914826e-05, 9.924264304572716e-06, 8.412886927544605e-06, 6.30598788120551e-06, 5.191818672756199e-06, 5.307095307216514e-06, 5.151543064130237e-06, 2.6143795821553795e-06, 3.6464439290284645e-06, 4.662623268814059e-06, 4.032060587633168e-06, 2.4932878659456037e-06, 2.6425157102494268e-06, 2.783200216072146e-06, 2.8427300549083157e-06, 3.2593138712400105e-06, 2.8189281238155672e-06, 2.1451423890539445e-06, 1.9521617105056066e-06, 1.583633661539352e-06, 1.2922398582304595e-06, 1.5243882671711617e-06, 1.4633079672421445e-06, 1.5507853277085815e-06, 1.3586060276793432e-06, 9.688560567155946e-07, 8.783272846812906e-07, 9.706164973977138e-07, 1.5148333432080108e-06, 1.6101977280413848e-06, 8.819924914860167e-07, 9.41284042710322e-07, 8.548378787054389e-07, 7.554311878266162e-07, 6.80895141158544e-07, 7.133506301215675e-07, 5.518567718354461e-07, 9.044932767210412e-07, 5.330985572982172e-07, 4.162683069353079e-07, 3.8592980899920803e-07, 5.065543291493668e-07, 4.732376339688926e-07, 5.631642920889135e-07, 4.6756133542658063e-07, 4.0307801896233286e-07, 3.682875444610545e-07, 3.8949769987084437e-07, 2.8017620934406295e-07, 2.348815684172223e-07, 2.4155542632797733e-07, 1.998122201030128e-07, 1.2578813368691044e-07, 1.0808982153776014e-07, 1.5689523991113674e-07, 1.9958194741320767e-07, 8.842691556765203e-08, 8.64355769181202e-08, 1.3697751910513034e-07, 1.4868710707105492e-07, 1.6959502602276189e-07, 1.307688961560416e-07, 8.905541193371391e-08, 1.0876225786660143e-07, 7.12412173697885e-08, 2.9776960897009985e-09, 2.5193341857132623e-10, 1.74170095013082e-10, 1.6675001657251443e-10, 3.925088726264292e-11, 1.9732434436425805e-11, 1.939893558289274e-11, 1.9110059021332226e-11, 1.887165770875221e-11, 1.8704603838015643e-11, 1.8603599563626894e-11], "lowlevel.mfcc.mean": [-825.3805541992188, 182.0829620361328, 63.29304504394531, 35.967533111572266, 26.16726303100586, 24.5106143951416, 12.647696495056152, 12.502584457397461, 8.420024871826172, 7.991977691650391, 2.742828369140625, 1.1146103143692017, 1.9025803804397583], "lowlevel.spectral_contrast_coeffs.mean": [-0.6541965007781982, -0.7549608945846558, -0.8093882203102112, -0.8638507723808289, -0.8623610138893127, -0.8195855021476746], "lowlevel.spectral_contrast_coeffs.stdev": [0.09220042824745178, 0.09984210133552551, 0.0933622494339943, 0.034605398774147034, 0.03416445478796959, 0.047524936497211456], "lowlevel.spectral_contrast_valleys.mean": [-6.835012435913086, -8.105173110961914, -8.992345809936523, -9.431059837341309, -9.898548126220703, -12.114452362060547], "lowlevel.spectral_contrast_valleys.stdev": [1.2696986198425293, 1.2468336820602417, 1.2706091403961182, 1.5363441705703735, 1.58283269405365, 1.300449252128601], "rhythm.beats_loudness_band_ratio.mean": [0.8340367078781128, 0.08883489668369293, 0.05229286476969719, 0.03060252033174038, 0.00493457168340683, 0.0023780979681760073], "rhythm.beats_loudness_band_ratio.stdev": [0.24070481956005096, 0.16322952508926392, 0.12585853040218353, 0.0855267196893692, 0.011413372121751308, 0.005478347651660442], "tonal.hpcp.mean": [0.31532788276672363, 0.1673450618982315, 0.02907048724591732, 0.017518453299999237, 0.01316506415605545, 0.021606607362627983, 0.02808159589767456, 0.03099251724779606, 0.20531490445137024, 0.3944925367832184, 0.2223399132490158, 0.02210806868970394, 0.011585005559027195, 0.01134480070322752, 0.04006577283143997, 0.11485859751701355, 0.09038073569536209, 0.014706860296428204, 0.010615558363497257, 0.010142221115529537, 0.04462476447224617, 0.10493851453065872, 0.0710044801235199, 0.01669018156826496, 0.021353445947170258, 0.014765359461307526, 0.008046799339354038, 0.009208316914737225, 0.014967734925448895, 0.03667910397052765, 0.05991210788488388, 0.04358692467212677, 0.02310013398528099, 0.026547471061348915, 0.04616391658782959, 0.19758863747119904], "tonal.hpcp.stdev": [0.43193912506103516, 0.26747041940689087, 0.14201021194458008, 0.11071088910102844, 0.0917341485619545, 0.12690754234790802, 0.14377792179584503, 0.1450081318616867, 0.2817126512527466, 0.46557027101516724, 0.2971867620944977, 0.11510742455720901, 0.08414070308208466, 0.07912236452102661, 0.12917008996009827, 0.29849323630332947, 0.24058881402015686, 0.08796019852161407, 0.0769784152507782, 0.06447755545377731, 0.11278627067804337, 0.25244203209877014, 0.17264369130134583, 0.07914986461400986, 0.10524386167526245, 0.07881481200456619, 0.05793067067861557, 0.06518743187189102, 0.10157013684511185, 0.12693293392658234, 0.17675141990184784, 0.12871849536895752, 0.13076825439929962, 0.13355597853660583, 0.17041833698749542, 0.30742380023002625], "rhythm.beats_position": [0.40634921193122864, 0.8126984238624573, 1.2422676086425781, 1.6718367338180542, 2.0897958278656006, 2.5077550411224365, 2.9257142543792725, 3.355283498764038, 3.7848525047302246, 4.2028117179870605, 4.6207709312438965, 5.038730144500732, 5.468299388885498, 5.8978681564331055, 6.315827369689941, 6.733786582946777, 7.151745796203613, 7.569705009460449, 7.999274253845215, 8.42884349822998, 8.846802711486816, 9.264761924743652, 9.694331169128418, 10.123900413513184, 10.54185962677002, 10.959818840026855, 11.377777099609375, 11.795736312866211, 12.225305557250977, 12.654874801635742, 13.072834014892578, 13.490793228149414, 13.92036247253418, 14.338321685791016, 14.767890930175781, 15.185850143432617, 15.603809356689453, 16.02176856994629, 16.451337814331055, 16.88090705871582, 17.298866271972656, 17.716825485229492, 18.146394729614258, 18.575963973999023, 18.99392318725586, 19.411882400512695, 19.82984161376953, 20.247800827026367, 20.677370071411133, 21.1069393157959, 21.5248966217041, 21.942855834960938, 22.372425079345703, 22.80199432373047, 23.219953536987305, 23.63791275024414, 24.055871963500977, 24.473831176757812, 24.89179039001465, 25.321359634399414, 25.75092887878418, 26.168888092041016, 26.58684730529785, 27.004806518554688, 27.434375762939453, 27.86394500732422, 28.281904220581055, 28.69986343383789, 29.129432678222656, 29.559001922607422, 29.976961135864258, 30.394920349121094, 30.82448959350586, 31.254058837890625, 31.67201805114746, 32.0899772644043, 32.5079345703125, 32.92589569091797, 33.34385299682617, 33.76181411743164, 34.191383361816406, 34.62095260620117, 35.038909912109375, 35.456871032714844, 35.88644027709961, 36.316009521484375, 36.73396682739258, 37.15192794799805, 37.56988525390625, 38.01106643676758, 38.42902374267578, 38.84698486328125, 39.276554107666016, 39.70612335205078], "rhythm.bpm_histogram": [0.0, 0.0, 0.0, 0.0, 0.0, 0.0, 0.0, 0.0, 0.0, 0.0, 0.0, 0.0, 0.0, 0.0, 0.0, 0.0, 0.0, 0.0, 0.0, 0.0, 0.0, 0.0, 0.0, 0.0, 0.0, 0.0, 0.0, 0.0, 0.0, 0.0, 0.0, 0.0, 0.0, 0.0, 0.0, 0.0, 0.0, 0.0, 0.0, 0.0, 0.0, 0.0, 0.0, 0.0, 0.0, 0.0, 0.0, 0.0, 0.0, 0.0, 0.0, 0.0, 0.0, 0.0, 0.0, 0.0, 0.0, 0.0, 0.0, 0.0, 0.0, 0.0, 0.0, 0.0, 0.0, 0.0, 0.0, 0.0, 0.0, 0.0, 0.0, 0.0, 0.0, 0.0, 0.0, 0.0, 0.0, 0.0, 0.0, 0.0, 0.0, 0.0, 0.0, 0.0, 0.0, 0.0, 0.0, 0.0, 0.0, 0.0, 0.0, 0.0, 0.0, 0.0, 0.0, 0.0, 0.0, 0.0, 0.0, 0.0, 0.0, 0.0, 0.0, 0.0, 0.0, 0.0, 0.0, 0.0, 0.0, 0.0, 0.0, 0.0, 0.0, 0.0, 0.0, 0.0, 0.0, 0.0, 0.0, 0.0, 0.0, 0.0, 0.0, 0.0, 0.0, 0.0, 0.0, 0.0, 0.0, 0.0, 0.0, 0.0, 0.0, 0.0, 0.0, 0.0, 0.01075268816202879, 0.0, 0.0, 0.0, 0.3870967626571655, 0.0, 0.0, 0.0, 0.5913978219032288, 0.0, 0.0, 0.0, 0.01075268816202879, 0.0, 0.0, 0.0, 0.0, 0.0, 0.0, 0.0, 0.0, 0.0, 0.0, 0.0, 0.0, 0.0, 0.0, 0.0, 0.0, 0.0, 0.0, 0.0, 0.0, 0.0, 0.0, 0.0, 0.0, 0.0, 0.0, 0.0, 0.0, 0.0, 0.0, 0.0, 0.0, 0.0, 0.0, 0.0, 0.0, 0.0, 0.0, 0.0, 0.0, 0.0, 0.0, 0.0, 0.0, 0.0, 0.0, 0.0, 0.0, 0.0, 0.0, 0.0, 0.0, 0.0, 0.0, 0.0, 0.0, 0.0, 0.0, 0.0, 0.0, 0.0, 0.0, 0.0, 0.0, 0.0, 0.0, 0.0, 0.0, 0.0, 0.0, 0.0, 0.0, 0.0, 0.0, 0.0, 0.0, 0.0, 0.0, 0.0, 0.0, 0.0, 0.0, 0.0, 0.0, 0.0, 0.0, 0.0, 0.0, 0.0, 0.0, 0.0, 0.0, 0.0, 0.0, 0.0, 0.0, 0.0, 0.0, 0.0, 0.0, 0.0], "tonal.chords_histogram": [8.68055534362793, 45.717594146728516, 19.212963104248047, 0.0, 0.11574073880910873, 0.0, 1.9675925970077515, 0.0, 4.398148059844971, 0.0, 0.0, 0.0, 0.0, 0.0, 0.0, 0.0, 0.0, 4.166666507720947, 0.0, 0.0, 0.0, 0.0, 0.0, 15.740740776062012], "tonal.thpcp": [1.0, 0.5636099576950073, 0.056041792035102844, 0.029366856440901756, 0.028757959604263306, 0.10156281292438507, 0.29115530848503113, 0.22910632193088531, 0.037280451506376266, 0.026909401640295982, 0.02570953778922558, 0.11311941593885422, 0.2660088837146759, 0.17998941242694855, 0.04230797663331032, 0.054128896445035934, 0.03742874041199684, 0.02039784938097, 0.023342182859778404, 0.037941742688417435, 0.09297794103622437, 0.15187133848667145, 0.11048859357833862, 0.05855657905340195, 0.06729524582624435, 0.11702101677656174, 0.5008678436279297, 0.7993253469467163, 0.42420336604118347, 0.07369083911180496, 0.04440756514668465, 0.033372148871421814, 0.054770637303590775, 0.07118409872055054, 0.07856299728155136, 0.5204532146453857], "lowlevel.gfcc.cov": [[12173.2744140625, -1842.4901123046875, -2962.579345703125, 894.4310913085938, -197.90304565429688, 404.67352294921875, -464.3188171386719, 342.9075622558594, -353.5836181640625, 374.7800598144531, -432.2816162109375, 335.888671875, -355.9724426269531], [-1842.4901123046875, 2353.208251953125, 1094.3909912109375, -1118.578369140625, -487.5010070800781, -505.6346435546875, 255.60336303710938, -127.6966552734375, 212.80020141601562, -297.0611267089844, 176.47720336914062, -176.3874969482422, 270.3337707519531], [-2962.579345703125, 1094.3909912109375, 2250.19091796875, 305.3204040527344, 386.62066650390625, 98.07743835449219, 347.4019470214844, -9.778336524963379, 258.01617431640625, -126.98634338378906, 169.21249389648438, -175.27105712890625, 146.55941772460938], [894.4310913085938, -1118.578369140625, 305.3204040527344, 1625.3668212890625, 1032.3743896484375, 585.3270874023438, 61.281856536865234, 74.7282943725586, 12.136916160583496, 130.6715545654297, -12.10283374786377, 6.098557472229004, -114.57610321044922], [-197.90304565429688, -487.5010070800781, 386.62066650390625, 1032.3743896484375, 1104.43310546875, 540.9764404296875, 237.83116149902344, 35.65325927734375, 100.20255279541016, 60.1857795715332, 57.77204132080078, -56.39712905883789, -55.805397033691406], [404.67352294921875, -505.6346435546875, 98.07743835449219, 585.3270874023438, 540.9764404296875, 533.5042114257812, 203.04981994628906, 118.48513793945312, 45.43559646606445, 69.38277435302734, -9.729969024658203, -8.734307289123535, -60.88600158691406], [-464.3188171386719, 255.60336303710938, 347.4019470214844, 61.281856536865234, 237.83116149902344, 203.04981994628906, 333.1275634765625, 106.91584777832031, 146.0623779296875, -16.475494384765625, 74.58528900146484, -36.62665939331055, 54.631866455078125], [342.9075622558594, -127.6966552734375, -9.778336524963379, 74.7282943725586, 35.65325927734375, 118.48513793945312, 106.91584777832031, 174.61097717285156, 86.64247131347656, 61.75413513183594, 3.6925928592681885, 25.430543899536133, -4.803443908691406], [-353.5836181640625, 212.80020141601562, 258.01617431640625, 12.136916160583496, 100.20255279541016, 45.43559646606445, 146.0623779296875, 86.64247131347656, 184.80059814453125, 45.63818359375, 80.99744415283203, -18.258895874023438, 39.95310974121094], [374.7800598144531, -297.0611267089844, -126.98634338378906, 130.6715545654297, 60.1857795715332, 69.38277435302734, -16.475494384765625, 61.75413513183594, 45.63818359375, 138.74929809570312, 24.832622528076172, 49.34632110595703, -32.978538513183594], [-432.2816162109375, 176.47720336914062, 169.21249389648438, -12.10283374786377, 57.77204132080078, -9.729969024658203, 74.58528900146484, 3.6925928592681885, 80.99744415283203, 24.832622528076172, 118.10554504394531, 14.842694282531738, 53.699337005615234], [335.888671875, -176.3874969482422, -175.27105712890625, 6.098557472229004, -56.39712905883789, -8.734307289123535, -36.62665939331055, 25.430543899536133, -18.258895874023438, 49.34632110595703, 14.842694282531738, 93.5068359375, 12.410988807678223], [-355.9724426269531, 270.3337707519531, 146.55941772460938, -114.57610321044922, -55.805397033691406, -60.88600158691406, 54.631866455078125, -4.803443908691406, 39.95310974121094, -32.978538513183594, 53.699337005615234, 12.410988807678223, 96.38980865478516]], "lowlevel.gfcc.icov": [[0.0002777116606011987, -0.0006594361620955169, 0.0004958131466992199, -0.0006760093965567648, 0.00034072488779202104, -0.0003449457581155002, 8.266985241789371e-05, -0.0004043162625748664, 0.0003405699972063303, -0.0007514388998970389, 0.0007757417042739689, -0.0006771167390979826, 0.00048674267600290477], [-0.0006594361620955169, 0.003925042226910591, -0.0017887083813548088, 0.0027639828622341156, -0.0009134509600698948, 0.0017512652557343245, -0.0008376724435947835, 0.0016492658760398626, -0.002400066703557968, 0.004067700821906328, -0.0026936575304716825, 0.003264589933678508, -0.002837111009284854], [0.0004958131466992199, -0.0017887083813548088, 0.0018599687609821558, -0.001944321091286838, 0.0009016250260174274, -0.0008209202205762267, -5.165120819583535e-05, -0.0005095654050819576, 0.00021253297745715827, -0.0013437641318887472, 0.001071274047717452, -0.0004595876671373844, 0.0006302851252257824], [-0.0006760093965567648, 0.0027639828622341156, -0.001944321091286838, 0.004613261669874191, -0.0030780525412410498, 0.0005387645214796066, 0.0014007306890562177, -6.233713065739721e-05, -0.0007497093756683171, 0.0024207201786339283, -0.0019542605150491, 0.001611654763109982, -0.0020269558299332857], [0.00034072488779202104, -0.0009134509600698948, 0.0009016250260174274, -0.0030780525412410498, 0.004816139116883278, -0.002375091193243861, -0.001613816013559699, 0.002542370231822133, -0.0013715216191485524, -0.0005113227525725961, -0.00034307167516089976, 0.00013566325651481748, 0.001687107258476317], [-0.0003449457581155002, 0.0017512652557343245, -0.0008209202205762267, 0.0005387645214796066, -0.002375091193243861, 0.00780233321711421, -0.004686950705945492, -0.0012864192249253392, 0.0021297542843967676, -0.0006867009797133505, 0.0005510846967808902, 0.0014380721841007471, 0.00023898674407973886], [8.266985241789371e-05, -0.0008376724435947835, -5.165120819583535e-05, 0.0014007306890562177, -0.001613816013559699, -0.004686950705945492, 0.011852233670651913, -0.005230821203440428, -0.0029335401486605406, 0.004192016553133726, -0.0031016068533062935, 0.0005842460668645799, -0.002172133419662714], [-0.0004043162625748664, 0.0016492658760398626, -0.0005095654050819576, -6.233713065739721e-05, 0.002542370231822133, -0.0012864192249253392, -0.005230821203440428, 0.01641356758773327, -0.008931540884077549, -0.0007540411897934973, 0.0048555913381278515, -0.003634731750935316, 0.0002310414711246267], [0.0003405699972063303, -0.002400066703557968, 0.00021253297745715827, -0.0007497093756683171, -0.0013715216191485524, 0.0021297542843967676, -0.0029335401486605406, -0.008931540884077549, 0.02102796733379364, -0.010812230408191681, -0.004515056498348713, 0.006162297911942005, -0.0021498871501535177], [-0.0007514388998970389, 0.004067700821906328, -0.0013437641318887472, 0.0024207201786339283, -0.0005113227525725961, -0.0006867009797133505, 0.004192016553133726, -0.0007540411897934973, -0.010812230408191681, 0.02417973428964615, -0.00880013220012188, -0.005088376346975565, 0.005906146485358477], [0.0007757417042739689, -0.0026936575304716825, 0.001071274047717452, -0.0019542605150491, -0.00034307167516089976, 0.0005510846967808902, -0.0031016068533062935, 0.0048555913381278515, -0.004515056498348713, -0.00880013220012188, 0.023686151951551437, -0.007794797886162996, -0.00471443822607398], [-0.0006771167390979826, 0.003264589933678508, -0.0004595876671373844, 0.001611654763109982, 0.00013566325651481748, 0.0014380721841007471, 0.0005842460668645799, -0.003634731750935316, 0.006162297911942005, -0.005088376346975565, -0.007794797886162996, 0.026460759341716766, -0.011926957406103611], [0.00048674267600290477, -0.002837111009284854, 0.0006302851252257824, -0.0020269558299332857, 0.001687107258476317, 0.00023898674407973886, -0.002172133419662714, 0.0002310414711246267, -0.0021498871501535177, 0.005906146485358477, -0.00471443822607398, -0.011926957406103611, 0.026205627247691154]], "lowlevel.mfcc.cov": [[13236.2001953125, -2843.944091796875, -2837.030517578125, -137.5037078857422, -105.28911590576172, 15.06319522857666, -206.2828826904297, -105.21001434326172, -80.9328842163086, -84.0971908569336, -64.35851287841797, -136.59938049316406, 50.39677047729492], [-2843.944091796875, 2960.911865234375, 1176.41845703125, -554.1488037109375, -682.470458984375, -568.2791137695312, -248.284912109375, -68.56324005126953, -32.56724166870117, -17.516464233398438, -65.92031860351562, -63.3018798828125, -102.03874206542969], [-2837.030517578125, 1176.41845703125, 1591.940185546875, 273.17596435546875, 87.78386688232422, 23.042034149169922, 76.6808090209961, 96.62982177734375, 87.84027862548828, 87.5766830444336, 39.2754020690918, 52.849830627441406, -32.281124114990234], [-137.5037078857422, -554.1488037109375, 273.17596435546875, 803.3952026367188, 673.8096313476562, 464.104736328125, 272.7005920410156, 154.1815643310547, 106.11767578125, 85.21346282958984, 96.83313751220703, 87.52775573730469, 45.89389419555664], [-105.28911590576172, -682.470458984375, 87.78386688232422, 673.8096313476562, 829.3965454101562, 611.236572265625, 364.24957275390625, 198.37246704101562, 143.78414916992188, 121.27688598632812, 124.10082244873047, 107.38319396972656, 63.98630905151367], [15.06319522857666, -568.2791137695312, 23.042034149169922, 464.104736328125, 611.236572265625, 598.297607421875, 373.1553649902344, 211.64044189453125, 154.82456970214844, 118.8574447631836, 106.01969909667969, 94.73861694335938, 63.04546356201172], [-206.2828826904297, -248.284912109375, 76.6808090209961, 272.7005920410156, 364.24957275390625, 373.1553649902344, 323.5758056640625, 200.1628875732422, 136.95069885253906, 97.31800079345703, 76.98834991455078, 63.975982666015625, 45.99412536621094], [-105.21001434326172, -68.56324005126953, 96.62982177734375, 154.1815643310547, 198.37246704101562, 211.64044189453125, 200.1628875732422, 209.44293212890625, 144.44873046875, 97.93962097167969, 59.430816650390625, 54.22798538208008, 38.87443923950195], [-80.9328842163086, -32.56724166870117, 87.84027862548828, 106.11767578125, 143.78414916992188, 154.82456970214844, 136.95069885253906, 144.44873046875, 160.39590454101562, 113.63214874267578, 67.95394134521484, 53.82650375366211, 42.8707160949707], [-84.0971908569336, -17.516464233398438, 87.5766830444336, 85.21346282958984, 121.27688598632812, 118.8574447631836, 97.31800079345703, 97.93962097167969, 113.63214874267578, 134.137451171875, 81.43267822265625, 60.12723159790039, 41.148284912109375], [-64.35851287841797, -65.92031860351562, 39.2754020690918, 96.83313751220703, 124.10082244873047, 106.01969909667969, 76.98834991455078, 59.430816650390625, 67.95394134521484, 81.43267822265625, 103.41143035888672, 69.49552917480469, 44.37150192260742], [-136.59938049316406, -63.3018798828125, 52.849830627441406, 87.52775573730469, 107.38319396972656, 94.73861694335938, 63.975982666015625, 54.22798538208008, 53.82650375366211, 60.12723159790039, 69.49552917480469, 94.98252868652344, 60.36357498168945], [50.39677047729492, -102.03874206542969, -32.281124114990234, 45.89389419555664, 63.98630905151367, 63.04546356201172, 45.99412536621094, 38.87443923950195, 42.8707160949707, 41.148284912109375, 44.37150192260742, 60.36357498168945, 88.19615173339844]], "lowlevel.mfcc.icov": [[0.000140098636620678, 5.215702185523696e-05, 0.00022734182130079716, -0.00015732523752376437, 0.00018863182049244642, -0.00014949077740311623, 0.00029392034048214555, -0.0001891495194286108, 2.575813766725332e-07, -0.00014197536802385002, -3.544537685229443e-05, 0.0002371713926550001, -3.291275424999185e-05], [5.215702185523696e-05, 0.0008167804917320609, -0.0005829654983244836, 0.0005110408528707922, 9.787855378817767e-05, 0.0004577641957439482, -9.622339712223038e-05, -0.00025146713596768677, -8.054675708990544e-05, 3.364664371474646e-05, -0.0002785017713904381, 0.00019795067782979459, 0.00022674357751384377], [0.00022734182130079716, -0.0005829654983244836, 0.001745979068800807, -0.0013539685169234872, 0.0005975160747766495, -0.00012161514314357191, 0.0001707863120827824, -0.00013600083184428513, -0.0001341493334621191, -0.0008733557187952101, 0.0006653440068475902, -0.0007548260618932545, 0.000818117056041956], [-0.00015732523752376437, 0.0005110408528707922, -0.0013539685169234872, 0.00512306485325098, -0.0043820468708872795, 0.0009575019357725978, 0.00018699196516536176, -0.0004862867936026305, 1.241982499777805e-05, 0.0013659191317856312, -0.0006594656151719391, 4.048198024975136e-05, -0.0002079657424474135], [0.00018863182049244642, 9.787855378817767e-05, 0.0005975160747766495, -0.0043820468708872795, 0.009343202225863934, -0.006449746899306774, 0.0006776019581593573, 0.0002469430328346789, 0.000813563703559339, -0.0010471921414136887, -0.001134401303716004, 8.639699444756843e-06, 0.0005320993950590491], [-0.00014949077740311623, 0.0004577641957439482, -0.00012161514314357191, 0.0009575019357725978, -0.006449746899306774, 0.013713969849050045, -0.009665554389357567, 0.00215833424590528, -0.001650687656365335, -6.112708797445521e-05, 0.0013631103793159127, -0.0023667714558541775, 0.0008025946444831789], [0.00029392034048214555, -9.622339712223038e-05, 0.0001707863120827824, 0.00018699196516536176, 0.0006776019581593573, -0.009665554389357567, 0.019269540905952454, -0.010814948007464409, 0.0015768861630931497, 0.0009815336670726538, -0.00274106627330184, 0.0035955263301730156, -0.0014847877901047468], [-0.0001891495194286108, -0.00025146713596768677, -0.00013600083184428513, -0.0004862867936026305, 0.0002469430328346789, 0.00215833424590528, -0.010814948007464409, 0.02144360914826393, -0.013101902790367603, 0.00044893226004205644, 0.0035654096864163876, -0.0036184436175972223, 0.0013285938184708357], [2.575813766725332e-07, -8.054675708990544e-05, -0.0001341493334621191, 1.241982499777805e-05, 0.000813563703559339, -0.001650687656365335, 0.0015768861630931497, -0.013101902790367603, 0.027941906824707985, -0.014481759630143642, -0.0004306949267629534, 0.002787506440654397, -0.003123294562101364], [-0.00014197536802385002, 3.364664371474646e-05, -0.0008733557187952101, 0.0013659191317856312, -0.0010471921414136887, -6.112708797445521e-05, 0.0009815336670726538, 0.00044893226004205644, -0.014481759630143642, 0.02675669454038143, -0.01170347910374403, -0.0009879723656922579, 0.00030342486570589244], [-3.544537685229443e-05, -0.0002785017713904381, 0.0006653440068475902, -0.0006594656151719391, -0.001134401303716004, 0.0013631103793159127, -0.00274106627330184, 0.0035654096864163876, -0.0004306949267629534, -0.01170347910374403, 0.02817942202091217, -0.013837190344929695, 0.0009543616324663162], [0.0002371713926550001, 0.00019795067782979459, -0.0007548260618932545, 4.048198024975136e-05, 8.639699444756843e-06, -0.0023667714558541775, 0.0035955263301730156, -0.0036184436175972223, 0.002787506440654397, -0.0009879723656922579, -0.013837190344929695, 0.03173137083649635, -0.014448661357164383], [-3.291275424999185e-05, 0.00022674357751384377, 0.000818117056041956, -0.0002079657424474135, 0.0005320993950590491, 0.0008025946444831789, -0.0014847877901047468, 0.0013285938184708357, -0.003123294562101364, 0.00030342486570589244, 0.0009543616324663162, -0.014448661357164383, 0.022041602060198784]], "metadata.audio_properties.analysis.downmix": "mix", "metadata.audio_properties.codec": "mp3", "metadata.audio_properties.md5_encoded": "51c256fb25dc3f38d7d0fbe56cc10c08", "metadata.tags.file_name": "1182273048225779722.mp3", "metadata.version.essentia": "2.1-beta6-dev", "metadata.version.essentia_git_sha": "v2.1_beta5-1110-g77a6a954", "metadata.version.extractor": "music 2.0", "tonal.chords_key": "A", "tonal.chords_scale": "mi