{"song_id": "1182273991734480958", "download": "https://cdn.discordapp.com/attachments/1128313332273782784/1182273991734480958/chirp.mp4?ex=65841975&amp", "lyrics": "[Verse]\nIn the neon glow of midnight hour\nI dream of love's enchanting power\nA single wish lingers on my lips\nTo meet my love for another night in June\n\n[Chorus]\nSynthwave melodies dancing through the air\nWhispering secrets only we can share\nIn the city lights, you and I entwined\nYearning for a love that transcends time", "style": ["K</span><span>-pop"], "essentia_features": {"lowlevel.average_loudness": 0.9869768619537354, "lowlevel.barkbands_crest.mean": 11.421932220458984, "lowlevel.barkbands_crest.stdev": 4.352687358856201, "lowlevel.barkbands_flatness_db.mean": 0.11595632880926132, "lowlevel.barkbands_flatness_db.stdev": 0.04339916259050369, "lowlevel.barkbands_kurtosis.mean": 5.648021221160889, "lowlevel.barkbands_kurtosis.stdev": 11.87006664276123, "lowlevel.barkbands_skewness.mean": 2.1423473358154297, "lowlevel.barkbands_skewness.stdev": 1.2996375560760498, "lowlevel.barkbands_spread.mean": 30.023645401000977, "lowlevel.barkbands_spread.stdev": 14.440934181213379, "lowlevel.dissonance.mean": 0.48352035880088806, "lowlevel.dissonance.stdev": 0.012292886152863503, "lowlevel.dynamic_complexity": 1.0822665691375732, "lowlevel.erbbands_crest.mean": 5.817653656005859, "lowlevel.erbbands_crest.stdev": 2.441039800643921, "lowlevel.erbbands_flatness_db.mean": 0.11093388497829437, "lowlevel.erbbands_flatness_db.stdev": 0.020862219855189323, "lowlevel.erbbands_kurtosis.mean": -0.30341264605522156, "lowlevel.erbbands_kurtosis.stdev": 0.9317243099212646, "lowlevel.erbbands_skewness.mean": -0.3484738767147064, "lowlevel.erbbands_skewness.stdev": 0.5390222668647766, "lowlevel.erbbands_spread.mean": 56.65168762207031, "lowlevel.erbbands_spread.stdev": 17.516435623168945, "lowlevel.hfc.mean": 26.339933395385742, "lowlevel.hfc.stdev": 15.006217002868652, "lowlevel.loudness_ebu128.integrated": -13.562419891357422, "lowlevel.loudness_ebu128.loudness_range": 0.4427528381347656, "lowlevel.loudness_ebu128.momentary.mean": -13.612276077270508, "lowlevel.loudness_ebu128.momentary.stdev": 0.6705456972122192, "lowlevel.loudness_ebu128.short_term.mean": -13.553216934204102, "lowlevel.loudness_ebu128.short_term.stdev": 0.1504938155412674, "lowlevel.melbands_crest.mean": 17.884809494018555, "lowlevel.melbands_crest.stdev": 5.030725955963135, "lowlevel.melbands_flatness_db.mean": 0.19276008009910583, "lowlevel.melbands_flatness_db.stdev": 0.05244779959321022, "lowlevel.melbands_kurtosis.mean": 27.692373275756836, "lowlevel.melbands_kurtosis.stdev": 36.63157272338867, "lowlevel.melbands_skewness.mean": 4.332178592681885, "lowlevel.melbands_skewness.stdev": 2.0279924869537354, "lowlevel.melbands_spread.mean": 20.964570999145508, "lowlevel.melbands_spread.stdev": 12.447811126708984, "lowlevel.pitch_salience.mean": 0.5002043843269348, "lowlevel.pitch_salience.stdev": 0.1247682124376297, "lowlevel.silence_rate_20dB.mean": 1.0, "lowlevel.silence_rate_20dB.stdev": 0.0, "lowlevel.silence_rate_30dB.mean": 0.928187906742096, "lowlevel.silence_rate_30dB.stdev": 0.258177250623703, "lowlevel.silence_rate_60dB.mean": 0.0013422819320112467, "lowlevel.silence_rate_60dB.stdev": 0.036612384021282196, "lowlevel.spectral_centroid.mean": 1742.9505615234375, "lowlevel.spectral_centroid.stdev": 568.6320190429688, "lowlevel.spectral_complexity.mean": 27.265100479125977, "lowlevel.spectral_complexity.stdev": 9.279995918273926, "lowlevel.spectral_decrease.mean": -1.123336801356345e-08, "lowlevel.spectral_decrease.stdev": 8.237250881393265e-09, "lowlevel.spectral_energy.mean": 0.04478640854358673, "lowlevel.spectral_energy.stdev": 0.031600918620824814, "lowlevel.spectral_energyband_high.mean": 0.0018118842272087932, "lowlevel.spectral_energyband_high.stdev": 0.001662281807512045, "lowlevel.spectral_energyband_low.mean": 0.030594419687986374, "lowlevel.spectral_energyband_low.stdev": 0.03029737062752247, "lowlevel.spectral_energyband_middle_high.mean": 0.00461171567440033, "lowlevel.spectral_energyband_middle_high.stdev": 0.002741688396781683, "lowlevel.spectral_energyband_middle_low.mean": 0.0094979302957654, "lowlevel.spectral_energyband_middle_low.stdev": 0.010668767616152763, "lowlevel.spectral_entropy.mean": 7.955170631408691, "lowlevel.spectral_entropy.stdev": 0.22022344172000885, "lowlevel.spectral_flux.mean": 0.10531400889158249, "lowlevel.spectral_flux.stdev": 0.06820225715637207, "lowlevel.spectral_kurtosis.mean": 2.178178310394287, "lowlevel.spectral_kurtosis.stdev": 1.3156219720840454, "lowlevel.spectral_rms.mean": 0.006324446760118008, "lowlevel.spectral_rms.stdev": 0.0019223615527153015, "lowlevel.spectral_rolloff.mean": 1331.314453125, "lowlevel.spectral_rolloff.stdev": 1299.8316650390625, "lowlevel.spectral_skewness.mean": 1.0507123470306396, "lowlevel.spectral_skewness.stdev": 0.2963640093803406, "lowlevel.spectral_spread.mean": 4929873.5, "lowlevel.spectral_spread.stdev": 961492.25, "lowlevel.spectral_strongpeak.mean": 0.45644935965538025, "lowlevel.spectral_strongpeak.stdev": 0.30514612793922424, "lowlevel.zerocrossingrate.mean": 0.06195109337568283, "lowlevel.zerocrossingrate.stdev": 0.026869554072618484, "metadata.audio_properties.analysis.equal_loudness": 0.0, "metadata.audio_properties.analysis.length": 34.558956146240234, "metadata.audio_properties.analysis.sample_rate": 44100.0, "metadata.audio_properties.analysis.start_time": 0.0, "metadata.audio_properties.bit_rate": 129954.0, "metadata.audio_properties.length": 34.560001373291016, "metadata.audio_properties.lossless": 0.0, "metadata.audio_properties.number_channels": 1.0, "metadata.audio_properties.replay_gain": -12.167276382446289, "metadata.audio_properties.sample_rate": 48000.0, "rhythm.beats_count": 68.0, "rhythm.beats_loudness.mean": 0.11735362559556961, "rhythm.beats_loudness.stdev": 0.03415745869278908, "rhythm.bpm": 119.99517822265625, "rhythm.bpm_histogram_first_peak_bpm": 120.0, "rhythm.bpm_histogram_first_peak_weight": 0.38461536169052124, "rhythm.bpm_histogram_second_peak_bpm": 110.0, "rhythm.bpm_histogram_second_peak_spread": 0.0, "rhythm.bpm_histogram_second_peak_weight": 0.014925372786819935, "rhythm.danceability": 2.7833492755889893, "rhythm.onset_rate": 5.69783878326416, "tonal.chords_changes_rate": 0.05764074996113777, "tonal.chords_number_rate": 0.014745308086276054, "tonal.chords_strength.mean": 0.5093106627464294, "tonal.chords_strength.stdev": 0.08710819482803345, "tonal.hpcp_crest.mean": 11.619048118591309, "tonal.hpcp_crest.stdev": 5.194451808929443, "tonal.hpcp_entropy.mean": 2.3843917846679688, "tonal.hpcp_entropy.stdev": 0.7859004735946655, "tonal.key_edma.strength": 0.5339173078536987, "tonal.key_krumhansl.strength": 0.5468236207962036, "tonal.key_temperley.strength": 0.5641050338745117, "tonal.tuning_diatonic_strength": 0.4909520149230957, "tonal.tuning_equal_tempered_deviation": 0.0694044753909111, "tonal.tuning_frequency": 438.2245178222656, "tonal.tuning_nontempered_energy_ratio": 0.7549998164176941, "lowlevel.barkbands.mean": [0.0005296586896292865, 0.017683275043964386, 0.01069959532469511, 0.0034925194922834635, 0.0026499880477786064, 0.0015273191966116428, 0.0005597129347734153, 0.0005686504300683737, 0.0005984551971778274, 0.00037081545451655984, 0.0003634632157627493, 0.0005027077859267592, 0.00039323201053775847, 0.0004436363815329969, 0.0003584636142477393, 0.0003741476684808731, 0.0005735922604799271, 0.0006255127373151481, 0.00048104400048032403, 0.000355461030267179, 0.00040447688661515713, 0.0004749037616420537, 0.0003534257411956787, 0.0002859173691831529, 7.198035746114329e-05, 3.618378104874864e-05, 8.297269232571125e-06], "lowlevel.barkbands.stdev": [0.000526381132658571, 0.023940730839967728, 0.012851019389927387, 0.007765378803014755, 0.003341294825077057, 0.0018502353923395276, 0.0007985143456608057, 0.000702011282555759, 0.0008111790521070361, 0.0005805628607049584, 0.0005295653245411813, 0.0006824966985732317, 0.00045114223030395806, 0.0005401523085311055, 0.0004310819203965366, 0.0004510383296292275, 0.0006218392518348992, 0.0006058946019038558, 0.0004927142290398479, 0.00039556287811137736, 0.00038490284350700676, 0.000510494108311832, 0.0003581239434424788, 0.0004751892411150038, 9.344860154669732e-05, 6.02084728598129e-05, 2.1701443984056823e-05], "lowlevel.erbbands.mean": [0.47305622696876526, 4.165321350097656, 12.214478492736816, 11.725042343139648, 10.986846923828125, 8.017948150634766, 8.510125160217285, 13.563146591186523, 8.880305290222168, 10.504965782165527, 13.075132369995117, 12.703365325927734, 13.404902458190918, 12.942747116088867, 17.652219772338867, 18.35483741760254, 17.576217651367188, 22.42433738708496, 19.880578994750977, 20.022668838500977, 22.085599899291992, 33.56067657470703, 34.571163177490234, 27.679161071777344, 22.28957176208496, 15.904412269592285, 16.788593292236328, 15.646064758300781, 17.597814559936523, 13.756125450134277, 9.374456405639648, 7.6161065101623535, 3.6597771644592285, 1.1997112035751343, 0.3042587339878082, 0.12364130467176437, 0.07166866213083267, 0.024163981899619102, 0.0008188267820514739, 7.010711851762608e-05], "lowlevel.erbbands.stdev": [0.5449917912483215, 6.082840442657471, 14.931498527526855, 17.217472076416016, 20.961318969726562, 10.324077606201172, 11.354021072387695, 17.001638412475586, 11.793375968933105, 15.67604923248291, 15.497739791870117, 18.967853546142578, 16.344696044921875, 17.175264358520508, 22.70174789428711, 24.275272369384766, 19.46430015563965, 24.320098876953125, 25.092527389526367, 22.84920310974121, 26.6209659576416, 35.624267578125, 31.9713134765625, 26.503551483154297, 24.38799476623535, 16.59683609008789, 17.42750358581543, 15.54504680633545, 19.636499404907227, 13.696171760559082, 9.907608985900879, 12.034387588500977, 6.405891418457031, 1.6802914142608643, 0.39537593722343445, 0.17813517153263092, 0.1324806660413742, 0.050241198390722275, 0.002059259684756398, 5.0350343371974304e-05], "lowlevel.gfcc.mean": [47.35618209838867, 76.75535583496094, -104.97874450683594, 61.31934356689453, -49.34599304199219, 25.848608016967773, -29.04987907409668, 10.278432846069336, -15.73936939239502, -1.2366243600845337, -12.06068229675293, 2.9807136058807373, -16.680227279663086], "lowlevel.melbands.mean": [0.004623644053936005, 0.005894232075661421, 0.0020855884067714214, 0.0006436326657421887, 0.00031023938208818436, 0.00029707426438108087, 0.00013608329754788429, 0.00012042122398270294, 0.00010308450146112591, 8.096462988760322e-05, 6.640377978328615e-05, 5.1345621614018455e-05, 5.6720866268733516e-05, 6.179552292451262e-05, 3.537174052326009e-05, 4.260809873812832e-05, 4.070314025739208e-05, 3.279438897152431e-05, 2.6282872568117455e-05, 2.6058587536681443e-05, 2.5243796699214727e-05, 3.268009822932072e-05, 3.697815554914996e-05, 2.8045105864293873e-05, 2.1768586520920508e-05, 1.767304820532445e-05, 1.3727094483328983e-05, 9.649207640904933e-06, 1.0780619959405158e-05, 9.920411685016006e-06, 8.640421583550051e-06, 1.0104401553689968e-05, 9.124743883148767e-06, 7.124340754671721e-06, 5.355002485885052e-06, 5.1378719945205376e-06, 4.419012839207426e-06, 2.9150137379474472e-06, 1.5168971003731713e-06, 7.993889994395431e-07], "lowlevel.melbands.stdev": [0.00587038230150938, 0.00693072285503149, 0.003091903869062662, 0.000912316027097404, 0.0003660840156953782, 0.00036454657674767077, 0.00017691687389742583, 0.0001628624158911407, 0.00012539503222797066, 0.00011796179751399904, 8.550926577299833e-05, 7.278571865754202e-05, 7.892039138823748e-05, 8.842941315378994e-05, 4.926874316879548e-05, 4.436100789462216e-05, 4.664445441449061e-05, 4.5910233893664554e-05, 3.27582674799487e-05, 3.070272214245051e-05, 3.261007441324182e-05, 3.8443406083388254e-05, 3.7944846553727984e-05, 2.8292064598645084e-05, 2.2143616661196575e-05, 2.0245619452907704e-05, 1.59155188157456e-05, 1.0786648090288509e-05, 1.2887407137895934e-05, 9.606901585357264e-06, 9.212576514983084e-06, 1.2134081771364436e-05, 9.742568181536626e-06, 7.219641702249646e-06, 5.687447355740005e-06, 7.291069778148085e-06, 7.362585165537894e-06, 5.426037660072325e-06, 2.4377554836974014e-06, 1.093782657335396e-06], "lowlevel.melbands128.mean": [0.0003799021360464394, 0.0032825374510139227, 0.006691373884677887, 0.006718635093420744, 0.00680568628013134, 0.0046778712421655655, 0.0023283420596271753, 0.0016968847485259175, 0.0010912985308095813, 0.0005185824702493846, 0.0004281337314750999, 0.0003304523997940123, 0.0002638284058775753, 0.00030307660927064717, 0.0003107048396486789, 0.0003367628960404545, 0.0001528990687802434, 9.643020166549832e-05, 0.0001020749841700308, 0.00012500511365942657, 0.0001188827445730567, 0.00015026179607957602, 8.052674820646644e-05, 8.773940498940647e-05, 8.422752580372617e-05, 6.913817196618766e-05, 9.752041660249233e-05, 5.452472032629885e-05, 5.8754118072101846e-05, 4.9749032768886536e-05, 4.6683853724971414e-05, 5.61850392841734e-05, 6.456424307543784e-05, 3.824554005404934e-05, 8.635551785118878e-05, 6.109278183430433e-05, 3.987676609540358e-05, 2.850285090971738e-05, 3.955273132305592e-05, 3.617916445364244e-05, 3.731227116077207e-05, 6.354161450872198e-05, 3.777135134441778e-05, 2.919915277743712e-05, 4.280538996681571e-05, 3.0512886951328255e-05, 2.732551729422994e-05, 2.542621223255992e-05, 2.459867209836375e-05, 3.099906462011859e-05, 2.49824151978828e-05, 2.1680976715288125e-05, 2.8588287023012526e-05, 2.4277615011669695e-05, 2.491752638889011e-05, 3.224609463359229e-05, 4.022719440399669e-05, 4.003919457318261e-05, 3.874335379805416e-05, 2.664164094312582e-05, 2.8652300898102112e-05, 2.7447011234471574e-05, 2.2486457964987494e-05, 2.0553372451104224e-05, 1.9572529708966613e-05, 1.828117819968611e-05, 1.6009311366360635e-05, 1.4943144378776196e-05, 1.3999260772834532e-05, 1.1342995094310027e-05, 7.899107004050165e-06, 9.319182026956696e-06, 1.2241571312188171e-05, 1.141443044616608e-05, 8.479499228997156e-06, 1.0748544809757732e-05, 1.0357573046348989e-05, 7.972212188178673e-06, 8.980832717497833e-06, 8.103030268102884e-06, 1.0465307241247501e-05, 1.0816955182235688e-05, 9.642068107496016e-06, 9.529307135380805e-06, 8.133324627124239e-06, 7.3269588938273955e-06, 6.837457931396784e-06, 6.497039976238739e-06, 4.949780759488931e-06, 4.860018634644803e-06, 5.0497669690230396e-06, 5.214113116380759e-06, 5.364089702197816e-06, 4.574853846861515e-06, 3.6882324820908252e-06, 3.643885293058702e-06, 2.782696128633688e-06, 1.8224694713353529e-06, 1.5696499531259178e-06, 1.3328482282304321e-06, 1.1028367907783831e-06, 6.812377932874369e-07, 4.998338454242912e-07, 3.6384963664204406e-07, 2.866223667297163e-07, 2.4906722728701425e-07, 2.854166609722597e-07, 2.292296557016016e-07, 1.6906618327539036e-07, 2.037175335090069e-07, 1.8997421591393504e-07, 2.1621252699333127e-07, 2.1623445434215682e-07, 2.860757604139508e-07, 2.3494406775625976e-07, 2.4459336600557435e-07, 2.3120364289752615e-07, 1.209836710813761e-07, 2.0397608935240896e-08, 4.8342534836320894e-11, 9.610141848970244e-11, 3.321262362354638e-11, 8.310875425354691e-12, 7.725287423654414e-12, 6.9064927388229336e-12, 5.961937974557907e-12, 5.519853237684336e-12, 5.436936491298727e-12], "lowlevel.melbands128.stdev": [0.00047555731725879014, 0.003621690673753619, 0.009810748510062695, 0.011174079030752182, 0.009132116101682186, 0.005516079720109701, 0.0035945072304457426, 0.004049492534250021, 0.0021809213794767857, 0.0007068427512422204, 0.0007107148412615061, 0.0004996976931579411, 0.0005137392436154187, 0.0005391984013840556, 0.00044027596595697105, 0.0005653720581904054, 0.00026984771830029786, 0.00020467335707508028, 0.00018992160039488226, 0.00027319701621308923, 0.00016840387252159417, 0.00022691540652886033, 0.00015567304217256606, 0.00019511936989147216, 0.00018324388656765223, 0.00013298075646162033, 0.0001531898888060823, 8.27107360237278e-05, 0.0001561845710966736, 9.513321856502444e-05, 9.119020978687331e-05, 8.741619967622682e-05, 0.0001230061025125906, 7.286338222911581e-05, 0.00015472520317416638, 0.00010436584852868691, 8.409610745729879e-05, 5.240987957222387e-05, 7.826500223018229e-05, 5.2698796935146675e-05, 5.246385626378469e-05, 8.946972229750827e-05, 5.391283048084006e-05, 4.937892663292587e-05, 8.085318404482678e-05, 5.14259263582062e-05, 4.63630749436561e-05, 4.4425723899621516e-05, 3.772250420297496e-05, 4.811933831661008e-05, 3.578450923669152e-05, 3.195991303073242e-05, 5.0356808060314506e-05, 3.7741210690001026e-05, 3.767035741475411e-05, 5.1767212426057085e-05, 5.034594505559653e-05, 4.833959974348545e-05, 5.3674848459195346e-05, 3.127165473415516e-05, 3.715554339578375e-05, 3.2339419703930616e-05, 2.870417301892303e-05, 2.444474375806749e-05, 3.080592432525009e-05, 2.4189399482565932e-05, 2.242648224637378e-05, 2.2061485651647672e-05, 1.828826316341292e-05, 1.36176822707057e-05, 1.002874705591239e-05, 1.274953865504358e-05, 1.9176297428202815e-05, 1.5127267943171319e-05, 9.58399505179841e-06, 1.143537610914791e-05, 1.1541282219695859e-05, 9.598665201338008e-06, 1.067583252734039e-05, 1.0461927558935713e-05, 1.4246516911953222e-05, 1.4689484487462323e-05, 1.1843611900985707e-05, 1.1501627341203857e-05, 9.829202099354006e-06, 8.171304216375574e-06, 7.762137101963162e-06, 7.777866812830325e-06, 5.907835202378919e-06, 6.061543899704702e-06, 6.979447334742872e-06, 8.823863936413545e-06, 9.932969078363385e-06, 8.341612556250766e-06, 5.827554559800774e-06, 7.4110303103225306e-06, 5.893764864595141e-06, 3.4057582070090575e-06, 2.7762541776610306e-06, 2.186186065955553e-06, 1.60823947226163e-06, 9.757222869666293e-07, 8.245646085924818e-07, 6.204354008332302e-07, 4.840661063099105e-07, 4.2686195911301184e-07, 4.2454237814126827e-07, 3.465997906459961e-07, 2.836107171333424e-07, 3.68950964002579e-07, 3.6637555922425236e-07, 4.538957512068009e-07, 4.299003251162503e-07, 6.318465466392809e-07, 4.7064955310816003e-07, 4.799162525159772e-07, 5.237467348706559e-07, 4.269234352705098e-07, 1.0217858914529643e-07, 1.3559232625581785e-09, 3.3170606261734292e-09, 9.360907604616386e-10, 5.297664043557582e-11, 4.360112618173595e-11, 2.8094431295255795e-11, 1.1794917473273436e-11, 7.739761088976227e-12, 7.642515960359919e-12], "lowlevel.mfcc.mean": [-591.97265625, 94.33500671386719, 12.821206092834473, 37.082271575927734, 12.6917142868042, 17.723142623901367, 3.880983352661133, 16.424991607666016, -0.5385841131210327, 4.589221477508545, 4.041326522827148, 5.095154285430908, -3.2119498252868652], "lowlevel.spectral_contrast_coeffs.mean": [-0.7165234088897705, -0.7748020887374878, -0.8049255609512329, -0.8124864101409912, -0.7925920486450195, -0.7159109115600586], "lowlevel.spectral_contrast_coeffs.stdev": [0.0645655170083046, 0.05683598294854164, 0.04306634142994881, 0.03430414944887161, 0.0359625481069088, 0.03747360035777092], "lowlevel.spectral_contrast_valleys.mean": [-6.100396633148193, -6.642616271972656, -7.03846549987793, -7.130133628845215, -6.857820510864258, -9.656111717224121], "lowlevel.spectral_contrast_valleys.stdev": [0.43917664885520935, 0.46055349707603455, 0.46139946579933167, 0.4230751097202301, 0.475989431142807, 0.6165951490402222], "rhythm.beats_loudness_band_ratio.mean": [0.9164471626281738, 0.018852954730391502, 0.009412601590156555, 0.010759205557405949, 0.018312741070985794, 0.03253714367747307], "rhythm.beats_loudness_band_ratio.stdev": [0.061198897659778595, 0.03197959065437317, 0.007492491044104099, 0.009068925864994526, 0.013912556692957878, 0.032985836267471313], "tonal.hpcp.mean": [0.2901161015033722, 0.1424049735069275, 0.04610810801386833, 0.04153063893318176, 0.04651418328285217, 0.11768236756324768, 0.2406981736421585, 0.2328561395406723, 0.11703961342573166, 0.04889716953039169, 0.027436744421720505, 0.05166003108024597, 0.09007921814918518, 0.06654497236013412, 0.05439629405736923, 0.0880257785320282, 0.06691350042819977, 0.02993030846118927, 0.031131461262702942, 0.036991942673921585, 0.061952099204063416, 0.09066174179315567, 0.06838900595903397, 0.040988098829984665, 0.037403397262096405, 0.04703257977962494, 0.09106393903493881, 0.15481644868850708, 0.1261448860168457, 0.1305517703294754, 0.18190264701843262, 0.1012372374534607, 0.045937296003103256, 0.07191937416791916, 0.08589422702789307, 0.2153891772031784], "tonal.hpcp.stdev": [0.41673481464385986, 0.2309839278459549, 0.15171702206134796, 0.14026053249835968, 0.13739104568958282, 0.21843406558036804, 0.3639507293701172, 0.35141465067863464, 0.247309610247612, 0.1633228063583374, 0.10889395326375961, 0.1399632692337036, 0.2035711109638214, 0.14827603101730347, 0.13889499008655548, 0.2234966903924942, 0.16972585022449493, 0.09131744503974915, 0.10822884738445282, 0.12570229172706604, 0.122589610517025, 0.1531854271888733, 0.1271531730890274, 0.12010873109102249, 0.10902255773544312, 0.1497521996498108, 0.1838752180337906, 0.25978416204452515, 0.20967768132686615, 0.2387331873178482, 0.349852591753006, 0.207373708486557, 0.13265369832515717, 0.18662545084953308, 0.21165233850479126, 0.31802475452423096], "rhythm.beats_position": [0.5340589284896851, 1.0797278881072998, 1.6021767854690552, 2.11301589012146, 2.600634813308716, 3.111473798751831, 3.599092960357666, 4.109931945800781, 4.609160900115967, 5.108389854431152, 5.619228839874268, 6.106847763061523, 6.617686748504639, 7.105306148529053, 7.616145133972168, 8.103763580322266, 8.614603042602539, 9.113832473754883, 9.61306095123291, 10.112290382385254, 10.611518859863281, 11.110748291015625, 11.609976768493652, 12.109206199645996, 12.608434677124023, 13.107664108276367, 13.606893539428711, 14.106122016906738, 14.605351448059082, 15.116189956665039, 15.603809356689453, 16.114648818969727, 16.60226821899414, 17.10149574279785, 17.600725173950195, 18.11156463623047, 18.610794067382812, 19.110021591186523, 19.609251022338867, 20.10848045349121, 20.607709884643555, 21.1069393157959, 21.61777687072754, 22.117006301879883, 22.616235733032227, 23.11546516418457, 23.61469268798828, 24.113922119140625, 24.61315155029297, 25.100770950317383, 25.611610412597656, 26.110837936401367, 26.61006736755371, 27.120906829833984, 27.6085262298584, 28.10775375366211, 28.606983184814453, 29.117822647094727, 29.60544204711914, 30.116281509399414, 30.615509033203125, 31.11473846435547, 31.613967895507812, 32.113197326660156, 32.6124267578125, 33.111656188964844, 33.61088562011719, 34.110111236572266], "rhythm.bpm_histogram": [0.0, 0.0, 0.0, 0.0, 0.0, 0.0, 0.0, 0.0, 0.0, 0.0, 0.0, 0.0, 0.0, 0.0, 0.0, 0.0, 0.0, 0.0, 0.0, 0.0, 0.0, 0.0, 0.0, 0.0, 0.0, 0.0, 0.0, 0.0, 0.0, 0.0, 0.0, 0.0, 0.0, 0.0, 0.0, 0.0, 0.0, 0.0, 0.0, 0.0, 0.0, 0.0, 0.0, 0.0, 0.0, 0.0, 0.0, 0.0, 0.0, 0.0, 0.0, 0.0, 0.0, 0.0, 0.0, 0.0, 0.0, 0.0, 0.0, 0.0, 0.0, 0.0, 0.0, 0.0, 0.0, 0.0, 0.0, 0.0, 0.0, 0.0, 0.0, 0.0, 0.0, 0.0, 0.0, 0.0, 0.0, 0.0, 0.0, 0.0, 0.0, 0.0, 0.0, 0.0, 0.0, 0.0, 0.0, 0.0, 0.0, 0.0, 0.0, 0.0, 0.0, 0.0, 0.0, 0.0, 0.0, 0.0, 0.0, 0.0, 0.0, 0.0, 0.0, 0.0, 0.0, 0.0, 0.0, 0.0, 0.0, 0.0, 0.014925372786819935, 0.0, 0.0, 0.0, 0.0, 0.014925372786819935, 0.0, 0.2238806039094925, 0.0, 0.0, 0.5970149040222168, 0.0, 0.0, 0.1492537260055542, 0.0, 0.0, 0.0, 0.0, 0.0, 0.0, 0.0, 0.0, 0.0, 0.0, 0.0, 0.0, 0.0, 0.0, 0.0, 0.0, 0.0, 0.0, 0.0, 0.0, 0.0, 0.0, 0.0, 0.0, 0.0, 0.0, 0.0, 0.0, 0.0, 0.0, 0.0, 0.0, 0.0, 0.0, 0.0, 0.0, 0.0, 0.0, 0.0, 0.0, 0.0, 0.0, 0.0, 0.0, 0.0, 0.0, 0.0, 0.0, 0.0, 0.0, 0.0, 0.0, 0.0, 0.0, 0.0, 0.0, 0.0, 0.0, 0.0, 0.0, 0.0, 0.0, 0.0, 0.0, 0.0, 0.0, 0.0, 0.0, 0.0, 0.0, 0.0, 0.0, 0.0, 0.0, 0.0, 0.0, 0.0, 0.0, 0.0, 0.0, 0.0, 0.0, 0.0, 0.0, 0.0, 0.0, 0.0, 0.0, 0.0, 0.0, 0.0, 0.0, 0.0, 0.0, 0.0, 0.0, 0.0, 0.0, 0.0, 0.0, 0.0, 0.0, 0.0, 0.0, 0.0, 0.0, 0.0, 0.0, 0.0, 0.0, 0.0, 0.0, 0.0, 0.0, 0.0, 0.0, 0.0, 0.0, 0.0, 0.0, 0.0, 0.0, 0.0, 0.0, 0.0, 0.0], "tonal.chords_histogram": [4.959785461425781, 15.817694664001465, 24.128686904907227, 0.0, 3.217158079147339, 0.0, 8.57908821105957, 0.0, 8.445039749145508, 0.0, 0.0, 0.0, 0.0, 1.8766756057739258, 0.0, 0.0, 0.0, 0.0, 0.0, 0.9383378028869629, 2.278820276260376, 2.546916961669922, 12.868632316589355, 14.34316349029541], "tonal.thpcp": [1.0, 0.4908551275730133, 0.15892985463142395, 0.14315178990364075, 0.16032955050468445, 0.4056388735771179, 0.8296615481376648, 0.8026309013366699, 0.40342336893081665, 0.16854345798492432, 0.09457160532474518, 0.17806674540042877, 0.31049367785453796, 0.22937358915805817, 0.18749836087226868, 0.3034156858921051, 0.2306438684463501, 0.10316665470600128, 0.10730690509080887, 0.12750737369060516, 0.21354243159294128, 0.31250157952308655, 0.23572978377342224, 0.14128170907497406, 0.128925621509552, 0.1621164083480835, 0.31388792395591736, 0.5336361527442932, 0.43480828404426575, 0.4499983489513397, 0.6269994974136353, 0.3489542305469513, 0.15834107995033264, 0.24789859354496002, 0.2960684597492218, 0.7424240708351135], "lowlevel.gfcc.cov": [[1418.6806640625, -389.6837158203125, 86.00033569335938, -41.69630432128906, -32.018226623535156, -20.109148025512695, -49.961883544921875, -19.305034637451172, -87.39102172851562, 68.20353698730469, -118.9602279663086, 33.56787872314453, -51.263511657714844], [-389.6837158203125, 487.57940673828125, -95.76864624023438, -61.587833404541016, 14.232987403869629, -52.667850494384766, 35.066070556640625, 15.044229507446289, 25.43448829650879, -87.60811614990234, 64.35017395019531, -46.161128997802734, 18.445579528808594], [86.00033569335938, -95.76864624023438, 247.9536590576172, -7.439929962158203, 15.602871894836426, 30.279523849487305, -3.6483030319213867, 17.216833114624023, -33.98795700073242, 25.13985824584961, -25.596155166625977, 20.023977279663086, -8.977155685424805], [-41.69630432128906, -61.587833404541016, -7.439929962158203, 279.08203125, 19.59505844116211, 40.011253356933594, -21.797496795654297, -28.57487678527832, 55.696441650390625, -4.804242134094238, -2.8159923553466797, -33.3687858581543, 28.228248596191406], [-32.018226623535156, 14.232987403869629, 15.602871894836426, 19.59505844116211, 152.19732666015625, -10.811065673828125, 19.825716018676758, 34.61831283569336, 16.75253677368164, 7.667549133300781, -1.21757173538208, 6.857110977172852, -13.997666358947754], [-20.109148025512695, -52.667850494384766, 30.279523849487305, 40.011253356933594, -10.811065673828125, 121.32351684570312, 55.74092483520508, 9.204339027404785, 8.41032886505127, 2.895608901977539, 14.557010650634766, -10.361881256103516, 8.561579704284668], [-49.961883544921875, 35.066070556640625, -3.6483030319213867, -21.797496795654297, 19.825716018676758, 55.74092483520508, 135.41310119628906, 36.98471450805664, 3.8786816596984863, -10.971285820007324, 14.329635620117188, -0.07037287950515747, -16.652236938476562], [-19.305034637451172, 15.044229507446289, 17.216833114624023, -28.57487678527832, 34.61831283569336, 9.204339027404785, 36.98471450805664, 88.98516082763672, 27.337421417236328, 6.9189772605896, 8.16392707824707, 5.954190254211426, -6.071491718292236], [-87.39102172851562, 25.43448829650879, -33.98795700073242, 55.696441650390625, 16.75253677368164, 8.41032886505127, 3.8786816596984863, 27.337421417236328, 100.92945098876953, 27.869003295898438, 27.577817916870117, -11.781523704528809, 17.99444007873535], [68.20353698730469, -87.60811614990234, 25.13985824584961, -4.804242134094238, 7.667549133300781, 2.895608901977539, -10.971285820007324, 6.9189772605896, 27.869003295898438, 75.6009521484375, 7.81433629989624, 17.809844970703125, -4.793313503265381], [-118.9602279663086, 64.35017395019531, -25.596155166625977, -2.8159923553466797, -1.21757173538208, 14.557010650634766, 14.329635620117188, 8.16392707824707, 27.577817916870117, 7.81433629989624, 76.39754486083984, 16.768474578857422, 15.135405540466309], [33.56787872314453, -46.161128997802734, 20.023977279663086, -33.3687858581543, 6.857110977172852, -10.361881256103516, -0.07037287950515747, 5.954190254211426, -11.781523704528809, 17.809844970703125, 16.768474578857422, 64.72183990478516, 14.459884643554688], [-51.263511657714844, 18.445579528808594, -8.977155685424805, 28.228248596191406, -13.997666358947754, 8.561579704284668, -16.652236938476562, -6.071491718292236, 17.99444007873535, -4.793313503265381, 15.135405540466309, 14.459884643554688, 58.13957977294922]], "lowlevel.gfcc.icov": [[0.001021124771796167, 0.000607964233495295, 9.232296724803746e-05, 7.967434066813439e-05, 0.00019186468853149563, 0.00023309125390369445, 3.9104725146899e-05, -0.0001733568060444668, 0.0005408836295828223, -0.0004992743488401175, 0.0009080801391974092, -0.00011034968338208273, 0.00027048701304011047], [0.000607964233495295, 0.005660971626639366, -0.0002482760464772582, 0.0019711945205926895, -0.0008980347774922848, 0.004014467820525169, -0.0019201129907742143, 0.0004119109071325511, -0.0011373612796887755, 0.005228428170084953, -0.005126697476953268, 0.005844844505190849, -0.0029056454077363014], [9.232296724803746e-05, -0.0002482760464772582, 0.005354763008654118, -0.0004780401650350541, -0.0003691076417453587, -0.002286669332534075, 0.001250410103239119, -0.0019796695560216904, 0.0028029840905219316, -0.0025136133190244436, 0.002070171060040593, -0.0017016372876241803, 0.0004278762498870492], [7.967434066813439e-05, 0.0019711945205926895, -0.0004780401650350541, 0.006241933908313513, -0.0018489458598196507, -0.0009016766562126577, 0.00047857535537332296, 0.0031466674990952015, -0.004419335164129734, 0.003499789861962199, -0.0007805211935192347, 0.0034897318109869957, -0.0025146575644612312], [0.00019186468853149563, -0.0008980347774922848, -0.0003691076417453587, -0.0018489458598196507, 0.008308756165206432, 0.0010689108166843653, -0.0007436309824697673, -0.0029309887904673815, -0.0003083994670305401, -0.00112630904186517, 0.0015081734163686633, -0.002810452366247773, 0.0029276986606419086], [0.00023309125390369445, 0.004014467820525169, -0.002286669332534075, -0.0009016766562126577, 0.0010689108166843653, 0.01659814827144146, -0.0081368712708354, -0.00012184915249235928, 0.0013868450187146664, 0.0009752049227245152, -0.006679676007479429, 0.008647837676107883, -0.006274285726249218], [3.9104725146899e-05, -0.0019201129907742143, 0.001250410103239119, 0.00047857535537332296, -0.0007436309824697673, -0.0081368712708354, 0.013141662813723087, -0.003441108390688896, -0.0005273925489746034, 0.0014974820660427213, 0.0014061052352190018, -0.004659885074943304, 0.006107823457568884], [-0.0001733568060444668, 0.0004119109071325511, -0.0019796695560216904, 0.0031466674990952015, -0.0029309887904673815, -0.00012184915249235928, -0.003441108390688896, 0.01745113544166088, -0.007960997521877289, 0.002963679376989603, 0.00024167638912331313, -0.001247652806341648, 0.0009877874981611967], [0.0005408836295828223, -0.0011373612796887755, 0.0028029840905219316, -0.004419335164129734, -0.0003083994670305401, 0.0013868450187146664, -0.0005273925489746034, -0.007960997521877289, 0.022520245984196663, -0.012279684655368328, -0.0037913459818810225, 0.006661397870630026, -0.006496901623904705], [-0.0004992743488401175, 0.005228428170084953, -0.0025136133190244436, 0.003499789861962199, -0.00112630904186517, 0.0009752049227245152, 0.0014974820660427213, 0.002963679376989603, -0.012279684655368328, 0.026761941611766815, -0.005255124066025019, -0.0025922616478055716, 0.004157031420618296], [0.0009080801391974092, -0.005126697476953268, 0.002070171060040593, -0.0007805211935192347, 0.0015081734163686633, -0.006679676007479429, 0.0014061052352190018, 0.00024167638912331313, -0.0037913459818810225, -0.005255124066025019, 0.024698583409190178, -0.012586450204253197, 0.0023413333110511303], [-0.00011034968338208273, 0.005844844505190849, -0.0017016372876241803, 0.0034897318109869957, -0.002810452366247773, 0.008647837676107883, -0.004659885074943304, -0.001247652806341648, 0.006661397870630026, -0.0025922616478055716, -0.012586450204253197, 0.032181985676288605, -0.014326647855341434], [0.00027048701304011047, -0.0029056454077363014, 0.0004278762498870492, -0.0025146575644612312, 0.0029276986606419086, -0.006274285726249218, 0.006107823457568884, 0.0009877874981611967, -0.006496901623904705, 0.004157031420618296, 0.0023413333110511303, -0.014326647855341434, 0.028435906395316124]], "lowlevel.mfcc.cov": [[1333.5380859375, -325.4214172363281, 1.5416663885116577, 9.04443359375, -34.984413146972656, 30.14305877685547, -43.65980911254883, -76.03446197509766, 13.878863334655762, -26.850351333618164, -55.166175842285156, -10.834856986999512, 22.82550621032715], [-325.4214172363281, 495.2768249511719, -90.07936096191406, -68.80010223388672, -28.45030975341797, -113.47383880615234, 35.06854248046875, 45.785579681396484, -38.46371078491211, -8.214966773986816, 31.749980926513672, -28.643783569335938, -35.27486801147461], [1.5416663885116577, -90.07936096191406, 225.69180297851562, -12.713233947753906, -1.7387152910232544, 35.35145568847656, 15.29777717590332, -12.12194538116455, 11.264897346496582, -7.438328266143799, -20.731096267700195, 9.85250473022461, -2.1756553649902344], [9.04443359375, -68.80010223388672, -12.713233947753906, 171.297607421875, 68.20742797851562, 26.921537399291992, -33.82282257080078, -0.5472747683525085, 15.097026824951172, 12.251355171203613, -4.413030624389648, -5.846828460693359, 17.439823150634766], [-34.984413146972656, -28.45030975341797, -1.7387152910232544, 68.20742797851562, 134.8328094482422, 5.054818153381348, -27.0015926361084, -9.50471305847168, 11.527242660522461, 16.524633407592773, 1.771276831626892, 1.1250958442687988, 2.5240674018859863], [30.14305877685547, -113.47383880615234, 35.35145568847656, 26.921537399291992, 5.054818153381348, 108.5281982421875, 23.67839241027832, -0.4979330897331238, 12.481821060180664, 8.415218353271484, 1.1854381561279297, 12.20373249053955, -1.5272585153579712], [-43.65980911254883, 35.06854248046875, 15.29777717590332, -33.82282257080078, -27.0015926361084, 23.67839241027832, 108.28223419189453, 54.363555908203125, 1.6241790056228638, -3.773207664489746, 22.282718658447266, 2.1825108528137207, -10.910176277160645], [-76.03446197509766, 45.785579681396484, -12.12194538116455, -0.5472747683525085, -9.50471305847168, -0.4979330897331238, 54.363555908203125, 88.84219360351562, 20.353958129882812, 6.372397422790527, 19.52705192565918, 6.536492347717285, -3.502856969833374], [13.878863334655762, -38.46371078491211, 11.264897346496582, 15.097026824951172, 11.527242660522461, 12.481821060180664, 1.6241790056228638, 20.353958129882812, 67.40156555175781, 28.3844051361084, 5.895114421844482, 4.8222198486328125, 7.702390670776367], [-26.850351333618164, -8.214966773986816, -7.438328266143799, 12.251355171203613, 16.524633407592773, 8.415218353271484, -3.773207664489746, 6.372397422790527, 28.3844051361084, 64.03714752197266, 29.941923141479492, 12.820253372192383, -4.747021675109863], [-55.166175842285156, 31.749980926513672, -20.731096267700195, -4.413030624389648, 1.771276831626892, 1.1854381561279297, 22.282718658447266, 19.52705192565918, 5.895114421844482, 29.941923141479492, 72.02947998046875, 25.602500915527344, -6.882978439331055], [-10.834856986999512, -28.643783569335938, 9.85250473022461, -5.846828460693359, 1.1250958442687988, 12.20373249053955, 2.1825108528137207, 6.536492347717285, 4.8222198486328125, 12.820253372192383, 25.602500915527344, 56.4870491027832, 21.153579711914062], [22.82550621032715, -35.27486801147461, -2.1756553649902344, 17.439823150634766, 2.5240674018859863, -1.5272585153579712, -10.910176277160645, -3.502856969833374, 7.702390670776367, -4.747021675109863, -6.882978439331055, 21.153579711914062, 59.52680969238281]], "lowlevel.mfcc.icov": [[0.0009886473417282104, 0.0007751435623504221, 0.0003367818717379123, 1.2891960977867711e-05, 0.00037704218993894756, 0.0004702132137026638, -0.00028507516253739595, 0.0007106862030923367, -0.00036569766234606504, 0.00033241897472180426, 0.00024481795844621956, 0.00014264462515711784, 0.00012587009405251592], [0.0007751435623504221, 0.004056390840560198, 0.0009247998823411763, 0.0006191838183440268, 0.00024092008243314922, 0.0034891546238213778, -0.0009914087131619453, -0.0008022892870940268, 0.001310363644734025, -1.5435178283951245e-05, -0.0009329551248811185, 0.0014098420506343246, 0.0010296582477167249], [0.0003367818717379123, 0.0009247998823411763, 0.005488187074661255, 0.00038268615026026964, -8.83883039932698e-05, -0.00024344147823285311, -0.0018667987314984202, 0.0016914368607103825, -0.0014756895834580064, 0.0007154152262955904, 0.0022932086139917374, -0.002098792465403676, 0.0015212299767881632], [1.2891960977867711e-05, 0.0006191838183440268, 0.00038268615026026964, 0.009301810525357723, -0.003877709386870265, -0.002999346237629652, 0.003783078398555517, -0.0032117022201418877, 0.0007276187534444034, -0.00046738985111005604, -0.0014268155209720135, 0.0041791414842009544, -0.0035388909745961428], [0.00037704218993894756, 0.00024092008243314922, -8.83883039932698e-05, -0.003877709386870265, 0.00991356372833252, 0.0008634694968350232, 0.0006307791918516159, 0.0012072675162926316, -0.0008586394251324236, -0.0012578412424772978, 0.00019414028793107718, -0.0009522622567601502, 0.0012911180965602398], [0.0004702132137026638, 0.0034891546238213778, -0.00024344147823285311, -0.002999346237629652, 0.0008634694968350232, 0.015601877123117447, -0.00650722486898303, 0.0030831655021756887, -0.0010526722762733698, -0.001072589191608131, 0.0016631964826956391, -0.003695034421980381, 0.003665676573291421], [-0.00028507516253739595, -0.0009914087131619453, -0.0018667987314984202, 0.003783078398555517, 0.0006307791918516159, -0.00650722486898303, 0.01928260363638401, -0.011579290963709354, 0.002411088440567255, 0.002409599721431732, -0.005762673914432526, 0.004528030753135681, -0.0013909370172768831], [0.0007106862030923367, -0.0008022892870940268, 0.0016914368607103825, -0.0032117022201418877, 0.0012072675162926316, 0.0030831655021756887, -0.011579290963709354, 0.02172268182039261, -0.007966829463839531, 0.0018003772711381316, 0.0005034413770772517, -0.0044554173946380615, 0.002254669088870287], [-0.00036569766234606504, 0.001310363644734025, -0.0014756895834580064, 0.0007276187534444034, -0.0008586394251324236, -0.0010526722762733698, 0.002411088440567255, -0.007966829463839531, 0.023136725649237633, -0.010827910155057907, 0.0011178422719240189, 0.003616619622334838, -0.0043810592032969], [0.00033241897472180426, -1.5435178283951245e-05, 0.0007154152262955904, -0.00046738985111005604, -0.0012578412424772978, -0.001072589191608131, 0.002409599721431732, 0.0018003772711381316, -0.010827910155057907, 0.026410521939396858, -0.009668723680078983, -0.002270895056426525, 0.0037960715126246214], [0.00024481795844621956, -0.0009329551248811185, 0.0022932086139917374, -0.0014268155209720135, 0.00019414028793107718, 0.0016631964826956391, -0.005762673914432526, 0.0005034413770772517, 0.0011178422719240189, -0.009668723680078983, 0.02564101293683052, -0.012731091119349003, 0.005436263978481293], [0.00014264462515711784, 0.0014098420506343246, -0.002098792465403676, 0.0041791414842009544, -0.0009522622567601502, -0.003695034421980381, 0.004528030753135681, -0.0044554173946380615, 0.003616619622334838, -0.002270895056426525, -0.012731091119349003, 0.03134756535291672, -0.01326790638267994], [0.00012587009405251592, 0.0010296582477167249, 0.0015212299767881632, -0.0035388909745961428, 0.0012911180965602398, 0.003665676573291421, -0.0013909370172768831, 0.002254669088870287, -0.0043810592032969, 0.0037960715126246214, 0.005436263978481293, -0.01326790638267994, 0.02458360232412815]], "metadata.audio_properties.analysis.downmix": "mix", "metadata.audio_properties.codec": "mp3", "metadata.audio_properties.md5_encoded": "804ca5d9fa0fc5fffa110621878168ca", "metadata.tags.file_name": "1182273991734480958.mp3", "metadata.version.essentia": "2.1-beta6-dev", "metadata.version.essentia_git_sha": "v2.1_beta5-1110-g77a6a954", "metadata.version.extractor": "music 2.0", "tonal.chords_key": "A", "tonal.chords_scale": "major", "tonal.key_edma.key": "D", "tonal.key_edma