{"song_id": "1182271243383230484", "download": "https://cdn.discordapp.com/attachments/1135903449314238464/1182271243383230484/chirp.mp4?ex=658416e5&amp", "lyrics": "Intro:\nGululu, gululu, grab your brush, let's meet,\nIt's time for a dental cleaning treat!\n\nVerse 1:\nBrush on top, now brush below,\nGentle circles, round we go.\nInside, outside, don't forget the space,\nBrush every tooth, keep a happy face.\n\nChorus:\nTra la la, sing with glee,\nBrushing's fun for you and me.\nWave goodbye to tooth decay,\nSmile bright, hip hip hooray!", "style": ["happy song for kids"], "essentia_features": {"lowlevel.average_loudness": 0.896645724773407, "lowlevel.barkbands_crest.mean": 14.450826644897461, "lowlevel.barkbands_crest.stdev": 5.970576763153076, "lowlevel.barkbands_flatness_db.mean": 0.28496646881103516, "lowlevel.barkbands_flatness_db.stdev": 0.12909986078739166, "lowlevel.barkbands_kurtosis.mean": 291.0867614746094, "lowlevel.barkbands_kurtosis.stdev": 2820.34375, "lowlevel.barkbands_skewness.mean": 2.7158496379852295, "lowlevel.barkbands_skewness.stdev": 7.594010353088379, "lowlevel.barkbands_spread.mean": 13.162406921386719, "lowlevel.barkbands_spread.stdev": 19.049854278564453, "lowlevel.dissonance.mean": 0.37922394275665283, "lowlevel.dissonance.stdev": 0.0867115706205368, "lowlevel.dynamic_complexity": 7.01595401763916, "lowlevel.erbbands_crest.mean": 16.397605895996094, "lowlevel.erbbands_crest.stdev": 7.4457902908325195, "lowlevel.erbbands_flatness_db.mean": 0.2826705574989319, "lowlevel.erbbands_flatness_db.stdev": 0.1310826987028122, "lowlevel.erbbands_kurtosis.mean": 15.084368705749512, "lowlevel.erbbands_kurtosis.stdev": 41.527565002441406, "lowlevel.erbbands_skewness.mean": 1.7845768928527832, "lowlevel.erbbands_skewness.stdev": 2.1835787296295166, "lowlevel.erbbands_spread.mean": 22.7357120513916, "lowlevel.erbbands_spread.stdev": 28.460567474365234, "lowlevel.hfc.mean": 10.815771102905273, "lowlevel.hfc.stdev": 12.173956871032715, "lowlevel.loudness_ebu128.integrated": -20.0374698638916, "lowlevel.loudness_ebu128.loudness_range": 6.663780212402344, "lowlevel.loudness_ebu128.momentary.mean": -22.8691349029541, "lowlevel.loudness_ebu128.momentary.stdev": 7.091516971588135, "lowlevel.loudness_ebu128.short_term.mean": -21.205785751342773, "lowlevel.loudness_ebu128.short_term.stdev": 3.342966079711914, "lowlevel.melbands_crest.mean": 17.0824031829834, "lowlevel.melbands_crest.stdev": 6.916164875030518, "lowlevel.melbands_flatness_db.mean": 0.343910276889801, "lowlevel.melbands_flatness_db.stdev": 0.14365598559379578, "lowlevel.melbands_kurtosis.mean": 26.71090316772461, "lowlevel.melbands_kurtosis.stdev": 57.42267990112305, "lowlevel.melbands_skewness.mean": 2.1913301944732666, "lowlevel.melbands_skewness.stdev": 2.476815938949585, "lowlevel.melbands_spread.mean": 18.101917266845703, "lowlevel.melbands_spread.stdev": 34.441650390625, "lowlevel.pitch_salience.mean": 0.4628782868385315, "lowlevel.pitch_salience.stdev": 0.181056410074234, "lowlevel.silence_rate_20dB.mean": 1.0, "lowlevel.silence_rate_20dB.stdev": 0.0, "lowlevel.silence_rate_30dB.mean": 0.9955185651779175, "lowlevel.silence_rate_30dB.stdev": 0.06679299473762512, "lowlevel.silence_rate_60dB.mean": 0.27976953983306885, "lowlevel.silence_rate_60dB.stdev": 0.44889119267463684, "lowlevel.spectral_centroid.mean": 1012.26904296875, "lowlevel.spectral_centroid.stdev": 1334.3450927734375, "lowlevel.spectral_complexity.mean": 5.819462299346924, "lowlevel.spectral_complexity.stdev": 4.530247211456299, "lowlevel.spectral_decrease.mean": -5.3726179061186485e-09, "lowlevel.spectral_decrease.stdev": 6.151704479151476e-09, "lowlevel.spectral_energy.mean": 0.021258531138300896, "lowlevel.spectral_energy.stdev": 0.0241191778331995, "lowlevel.spectral_energyband_high.mean": 0.0001925178075907752, "lowlevel.spectral_energyband_high.stdev": 0.00047547995927743614, "lowlevel.spectral_energyband_low.mean": 0.0038418550975620747, "lowlevel.spectral_energyband_low.stdev": 0.005956452339887619, "lowlevel.spectral_energyband_middle_high.mean": 0.00221371091902256, "lowlevel.spectral_energyband_middle_high.stdev": 0.005423889495432377, "lowlevel.spectral_energyband_middle_low.mean": 0.015270505100488663, "lowlevel.spectral_energyband_middle_low.stdev": 0.020590348169207573, "lowlevel.spectral_entropy.mean": 6.431915283203125, "lowlevel.spectral_entropy.stdev": 1.2806843519210815, "lowlevel.spectral_flux.mean": 0.055542901158332825, "lowlevel.spectral_flux.stdev": 0.04734054580330849, "lowlevel.spectral_kurtosis.mean": 22.28702735900879, "lowlevel.spectral_kurtosis.stdev": 50.40120315551758, "lowlevel.spectral_rms.mean": 0.0037104894872754812, "lowlevel.spectral_rms.stdev": 0.0026405092794448137, "lowlevel.spectral_rolloff.mean": 2095.69775390625, "lowlevel.spectral_rolloff.stdev": 3905.81396484375, "lowlevel.spectral_skewness.mean": 3.0917506217956543, "lowlevel.spectral_skewness.stdev": 2.601243734359741, "lowlevel.spectral_spread.mean": 5357188.0, "lowlevel.spectral_spread.stdev": 5043108.0, "lowlevel.spectral_strongpeak.mean": 1.1956087350845337, "lowlevel.spectral_strongpeak.stdev": 1.3375400304794312, "lowlevel.zerocrossingrate.mean": 0.07938696444034576, "lowlevel.zerocrossingrate.stdev": 0.12831680476665497, "metadata.audio_properties.analysis.equal_loudness": 0.0, "metadata.audio_properties.analysis.length": 36.24532699584961, "metadata.audio_properties.analysis.sample_rate": 44100.0, "metadata.audio_properties.analysis.start_time": 0.0, "metadata.audio_properties.bit_rate": 117265.0, "metadata.audio_properties.length": 36.24533462524414, "metadata.audio_properties.lossless": 0.0, "metadata.audio_properties.number_channels": 1.0, "metadata.audio_properties.replay_gain": -8.179910659790039, "metadata.audio_properties.sample_rate": 48000.0, "rhythm.beats_count": 101.0, "rhythm.beats_loudness.mean": 0.03736604377627373, "rhythm.beats_loudness.stdev": 0.028087370097637177, "rhythm.bpm": 172.26556396484375, "rhythm.bpm_histogram_first_peak_bpm": 172.0, "rhythm.bpm_histogram_first_peak_weight": 0.0, "rhythm.bpm_histogram_second_peak_bpm": 167.0, "rhythm.bpm_histogram_second_peak_spread": 0.0, "rhythm.bpm_histogram_second_peak_weight": 0.3799999952316284, "rhythm.danceability": 1.2337350845336914, "rhythm.onset_rate": 4.467984676361084, "tonal.chords_changes_rate": 0.08056265860795975, "tonal.chords_number_rate": 0.01662404090166092, "tonal.chords_strength.mean": 0.4980516731739044, "tonal.chords_strength.stdev": 0.09650572389364243, "tonal.hpcp_crest.mean": 17.189943313598633, "tonal.hpcp_crest.stdev": 8.264552116394043, "tonal.hpcp_entropy.mean": 1.4204438924789429, "tonal.hpcp_entropy.stdev": 0.700623095035553, "tonal.key_edma.strength": 0.8133904933929443, "tonal.key_krumhansl.strength": 0.8116810321807861, "tonal.key_temperley.strength": 0.8098623752593994, "tonal.tuning_diatonic_strength": 0.6384950280189514, "tonal.tuning_equal_tempered_deviation": 0.058001112192869186, "tonal.tuning_frequency": 439.74591064453125, "tonal.tuning_nontempered_energy_ratio": 0.6670275926589966, "lowlevel.barkbands.mean": [9.943324403138831e-05, 0.003210972296074033, 0.000496565131470561, 8.762735524214804e-05, 0.003280363976955414, 0.005903627257794142, 0.002375903306528926, 0.0015757966320961714, 0.00148907455150038, 0.0009114278946071863, 0.0005916652153246105, 0.0004720631695818156, 0.0001139863088610582, 0.00013668416067957878, 0.0001479233760619536, 5.678389788954519e-05, 2.65373910224298e-05, 2.600677908048965e-05, 5.222385880188085e-05, 2.4536155251553282e-05, 1.929637619468849e-05, 2.3413478629663587e-05, 1.4329021723824553e-05, 3.075554923270829e-05, 6.475149712059647e-05, 2.6122374038095586e-05, 6.568988055732916e-07], "lowlevel.barkbands.stdev": [0.0003258220385760069, 0.00507257878780365, 0.0015478243585675955, 0.00029169401386752725, 0.006532581057399511, 0.011803771369159222, 0.0069493623450398445, 0.005114136263728142, 0.004954505246132612, 0.003160211956128478, 0.0029925964772701263, 0.0019734313245862722, 0.0005492736236192286, 0.0005999975837767124, 0.0006423742743209004, 0.0002567110932432115, 9.441585280001163e-05, 9.00153536349535e-05, 0.0001534146285848692, 7.315371476579458e-05, 5.3503987146541476e-05, 0.00012265545956324786, 5.358155976864509e-05, 0.00011032414477085695, 0.000198192399693653, 0.00011772975994972512, 6.492944066849304e-06], "lowlevel.erbbands.mean": [0.10278590023517609, 0.6669383645057678, 0.8065274357795715, 0.34080538153648376, 1.948203444480896, 15.131514549255371, 25.622596740722656, 53.030033111572266, 46.25849914550781, 35.51009750366211, 26.245641708374023, 30.746288299560547, 41.941707611083984, 19.705883026123047, 27.677568435668945, 19.402019500732422, 6.299988269805908, 7.6543450355529785, 7.413427829742432, 5.093109607696533, 2.795889377593994, 1.4035248756408691, 1.2746906280517578, 3.146879196166992, 1.6439183950424194, 1.1915125846862793, 0.9745222330093384, 0.6960045695304871, 0.8930450677871704, 0.5295623540878296, 0.40874040126800537, 0.38992422819137573, 0.71794193983078, 0.8293891549110413, 0.3856944739818573, 0.13701391220092773, 0.04234037175774574, 0.006285993382334709, 0.00013713049702346325, 2.9129003451089375e-05], "lowlevel.erbbands.stdev": [0.1973743438720703, 1.0478771924972534, 2.0826869010925293, 0.8868959546089172, 4.916981220245361, 32.694236755371094, 47.64445114135742, 114.03825378417969, 147.9951171875, 101.66229248046875, 88.25880432128906, 104.1181640625, 141.6345672607422, 68.64737701416016, 141.37339782714844, 81.98834228515625, 27.3331356048584, 33.07631301879883, 30.80084991455078, 20.35064697265625, 11.992464065551758, 4.568844795227051, 3.872542381286621, 10.71021556854248, 4.373773097991943, 3.9654996395111084, 2.4668655395507812, 2.4462521076202393, 4.670377731323242, 2.5453596115112305, 1.4829105138778687, 1.4509531259536743, 2.594590663909912, 2.6707024574279785, 1.2221754789352417, 0.5061638355255127, 0.21966177225112915, 0.04526062309741974, 0.0008467612788081169, 3.551986810634844e-05], "lowlevel.gfcc.mean": [-196.51882934570312, 88.40039825439453, -98.00092315673828, -16.150413513183594, -78.21871185302734, -2.415578603744507, -35.9777946472168, 15.448498725891113, -25.50520896911621, 13.18082046508789, -0.32406073808670044, 3.983675479888916, 3.7042787075042725], "lowlevel.melbands.mean": [0.000911096518393606, 0.0005565211758948863, 8.533216896466911e-05, 0.0005653500556945801, 0.000920966558624059, 0.0012078210711479187, 0.000649660883937031, 0.0003786593151744455, 0.00019820033048745245, 0.00020933579071424901, 0.00020546832820400596, 7.264684973051772e-05, 8.849411096889526e-05, 6.786559970350936e-05, 2.4173506972147152e-05, 1.0895852938119788e-05, 1.4211855159373954e-05, 1.0934107194771059e-05, 9.789005162019748e-06, 4.987797638023039e-06, 2.847594487320748e-06, 1.462909608562768e-06, 1.1179625971635687e-06, 1.2947880350111518e-06, 2.8385838959366083e-06, 1.3818780644214712e-06, 8.60117381762393e-07, 7.636715508851921e-07, 6.802524126214848e-07, 4.1558544694453303e-07, 4.0813088730828895e-07, 5.563425133914279e-07, 3.785879414408555e-07, 2.556749052473606e-07, 2.3042915131554764e-07, 2.2255566989315412e-07, 2.3705933926976286e-07, 4.4011810018673714e-07, 6.510346679533541e-07, 7.26905000192346e-07], "lowlevel.melbands.stdev": [0.001530162524431944, 0.0010123876854777336, 0.00021311889577191323, 0.0011943952413275838, 0.0016204422572627664, 0.0026012365706264973, 0.0019728136248886585, 0.0011589679634198546, 0.000685397069901228, 0.0007163502159528434, 0.0007030516280792654, 0.00028788496274501085, 0.00043220233055762947, 0.0002831185411196202, 9.896914707496762e-05, 4.72774263471365e-05, 6.419631245080382e-05, 4.654387157643214e-05, 4.618159800884314e-05, 2.146611404896248e-05, 1.3324666724656709e-05, 5.313343081070343e-06, 3.726522891156492e-06, 4.1129351302515715e-06, 1.0096958249050658e-05, 3.827283308055485e-06, 2.2860131139168516e-06, 2.8362053399177967e-06, 1.7927557109942427e-06, 1.1642904382824781e-06, 1.6257375818895525e-06, 2.987161678902339e-06, 2.093929197144462e-06, 1.1921683835680597e-06, 8.850898325363232e-07, 7.67147753322206e-07, 9.63438310463971e-07, 1.7013483102346072e-06, 2.2469314444606425e-06, 2.3300215161725646e-06], "lowlevel.melbands128.mean": [9.555050928611308e-05, 0.0007814152631908655, 0.0013351620873436332, 0.0010270415805280209, 0.0005484843859449029, 0.00017932623450178653, 4.9834008677862585e-05, 4.673065268434584e-05, 0.0001240786659764126, 0.00044719758443534374, 0.000981849734671414, 0.0009758561500348151, 0.0007022228674031794, 0.0011492031626403332, 0.0011714292922988534, 0.0013766440097242594, 0.0010840989416465163, 0.00040542433271184564, 0.00024516062694601715, 0.000468381738755852, 0.0004096105112694204, 0.00020185332687105983, 0.00018741459643933922, 0.0001566559076309204, 0.00017462583491578698, 0.00021556441788561642, 0.0003392706566955894, 0.00023518379020970315, 5.2361854613991454e-05, 9.412944200448692e-05, 6.169165862957016e-05, 6.436868716264144e-05, 0.00010263502917950973, 0.00010492275032447651, 6.001238580211066e-05, 7.476234168279916e-05, 5.038701419834979e-05, 1.2547685400932096e-05, 1.8003125660470687e-05, 1.0392026524641551e-05, 6.712333288305672e-06, 1.4454111806116998e-05, 1.883762888610363e-05, 1.2638633052119985e-05, 5.165904894965934e-06, 1.2187387255835347e-05, 1.539581353426911e-05, 1.0985927474393975e-05, 7.2599741542944685e-06, 5.2268742365413345e-06, 5.030337888456415e-06, 4.3209915929764975e-06, 2.8403865144355223e-06, 2.614044888105127e-06, 1.8884195469581755e-06, 1.1642044910331606e-06, 1.1922857083845884e-06, 1.4106790331425145e-06, 9.858474641077919e-07, 8.134060180964298e-07, 1.0729903578976518e-06, 1.5126785228858353e-06, 3.2892130548134446e-06, 3.545314939401578e-06, 1.6594601675024023e-06, 1.2477355539886048e-06, 1.3242133718449622e-06, 7.713994705227378e-07, 7.906801897661353e-07, 8.939238114180625e-07, 7.721280326222768e-07, 6.508976753138995e-07, 7.905794063844951e-07, 7.418711902573705e-07, 4.847540822083829e-07, 4.650268579098338e-07, 3.545068238963722e-07, 3.0015797847227077e-07, 4.1157178998219024e-07, 4.786977001458581e-07, 6.641271852458885e-07, 5.566194545281178e-07, 4.2021929402835667e-07, 3.704308824126201e-07, 3.402995787382679e-07, 2.5769421085897193e-07, 2.3558747841434524e-07, 2.2088221385274664e-07, 2.3298836993035366e-07, 2.2903444119037886e-07, 2.4557152755733114e-07, 2.1573978870037536e-07, 1.94429262023732e-07, 2.1970390662318096e-07, 2.6729566116046044e-07, 3.1704141179034195e-07, 4.913317752652802e-07, 6.088877739784948e-07, 5.726129188587947e-07, 7.336599878726702e-07, 7.835276392142987e-07, 7.01538397152035e-07, 7.068968557177868e-07, 5.914737357670674e-07, 4.1290510921498935e-07, 2.936036480605253e-07, 2.7779182687481807e-07, 2.6876864467340056e-07, 2.6381735551694874e-07, 1.76795055040202e-07, 1.5933369468257297e-07, 1.462606178392889e-07, 1.3293367828737246e-07, 1.0864583543934714e-07, 1.2260366588634497e-07, 7.268379675906544e-08, 2.6767065008925783e-08, 1.5121693897057753e-09, 3.3205937999269963e-10, 3.887438981831082e-11, 1.542886478300698e-11, 4.9470865771950034e-12, 3.451994115902246e-12, 3.376392698414832e-12, 3.257928215399941e-12, 3.0983954551339066e-12, 3.0058551134248823e-12, 2.97962305870203e-12], "lowlevel.melbands128.stdev": [0.0003185297828167677, 0.0017700137104839087, 0.002276477636769414, 0.0016891363775357604, 0.0013567059068009257, 0.0005401894450187683, 0.00017549657786730677, 0.00016381793830078095, 0.000474363099783659, 0.0011870916932821274, 0.0023403954692184925, 0.0022266360465437174, 0.0017890670569613576, 0.002694223076105118, 0.0026705244090408087, 0.004749273415654898, 0.004553354345262051, 0.001386973774060607, 0.0007329172804020345, 0.0016063674120232463, 0.001647715806029737, 0.0009358570096082985, 0.0009637969196774065, 0.0008199673029594123, 0.0008683740743435919, 0.0011647320352494717, 0.0013634086353704333, 0.0010739717399701476, 0.00020936693181283772, 0.0004679854610003531, 0.00037076129228807986, 0.00033116742270067334, 0.0005436558276414871, 0.0008942082640714943, 0.00034070867695845664, 0.00042946942267008126, 0.00029289661324582994, 8.032592450035736e-05, 0.00011911078763660043, 8.008131408132613e-05, 3.780606493819505e-05, 8.289328980026767e-05, 0.00011243455810472369, 7.982293027453125e-05, 3.1437761208508164e-05, 7.705898315180093e-05, 9.139641042565927e-05, 7.954581815283746e-05, 5.2871720981784165e-05, 2.6174991944571957e-05, 2.9471666493918747e-05, 3.369398837094195e-05, 2.0094425053684972e-05, 1.8182117855758406e-05, 9.66763764154166e-06, 6.042841050657444e-06, 6.474497695307946e-06, 5.97381131228758e-06, 4.515211912803352e-06, 3.822121925622923e-06, 3.4292511372768786e-06, 6.589783424715279e-06, 1.5960922610247508e-05, 1.6370711819035932e-05, 6.195080914039863e-06, 3.89297974834335e-06, 5.925714958721073e-06, 2.5093263502640184e-06, 2.4728165044507477e-06, 3.182868340445566e-06, 5.048929324402707e-06, 1.8887798205469153e-06, 2.8197659958095755e-06, 2.416565621388145e-06, 1.4484654684565612e-06, 1.4523338904837146e-06, 1.2211090734126628e-06, 1.0568173820502125e-06, 1.6542356888749055e-06, 2.3632610464119352e-06, 3.9349588405457325e-06, 3.1150009363045683e-06, 2.373721827098052e-06, 2.3933926058816724e-06, 1.9764470380323473e-06, 1.3290567721924162e-06, 1.187573957395216e-06, 8.965345159595017e-07, 1.0173806685997988e-06, 9.051497045220458e-07, 8.473388106722268e-07, 8.104372000161675e-07, 8.524468739778968e-07, 9.858154044195544e-07, 1.3015929880566546e-06, 1.247694626727025e-06, 2.136835291821626e-06, 2.3885659174993634e-06, 1.9604849512688816e-06, 3.067302486670087e-06, 2.6642330794857116e-06, 2.340957053093007e-06, 2.5004521830851445e-06, 1.934281726789777e-06, 1.5723164779046783e-06, 1.1228235052840319e-06, 9.345668559035403e-07, 1.0690569069993217e-06, 1.1880073316206108e-06, 8.496051577822072e-07, 7.947011226860923e-07, 8.319654511979024e-07, 8.093665542219242e-07, 6.470685320891789e-07, 9.189466254611034e-07, 6.656664481852204e-07, 2.3692334139013838e-07, 1.356237522287529e-08, 6.450081357911586e-09, 1.3358797401608058e-09, 4.3585293707515405e-10, 5.53218824916879e-11, 6.7201140485639854e-12, 6.605096677936295e-12, 6.5079894598363275e-12, 6.427374257822471e-12, 6.371495345214306e-12, 6.336815187163447e-12], "lowlevel.mfcc.mean": [-835.3836669921875, 133.52984619140625, 17.82003402709961, -4.318231105804443, -14.827886581420898, -21.526683807373047, 1.983949899673462, -14.291840553283691, -2.8271968364715576, -4.304667949676514, 2.7480239868164062, -2.196392774581909, 4.291970729827881], "lowlevel.spectral_contrast_coeffs.mean": [-0.6812098026275635, -0.6690297722816467, -0.723042368888855, -0.8098757863044739, -0.8142780661582947, -0.7961490750312805], "lowlevel.spectral_contrast_coeffs.stdev": [0.1360764354467392, 0.12671881914138794, 0.1285863220691681, 0.07643924653530121, 0.06001097336411476, 0.06754957139492035], "lowlevel.spectral_contrast_valleys.mean": [-9.22251033782959, -8.452102661132812, -9.322562217712402, -10.038293838500977, -10.056412696838379, -12.404908180236816], "lowlevel.spectral_contrast_valleys.stdev": [3.3134984970092773, 2.8160805702209473, 2.577731132507324, 2.536172389984131, 2.561053991317749, 2.3117566108703613], "rhythm.beats_loudness_band_ratio.mean": [0.17215092480182648, 0.3497623801231384, 0.31783348321914673, 0.1461220383644104, 0.0211405660957098, 0.060332804918289185], "rhythm.beats_loudness_band_ratio.stdev": [0.17758144438266754, 0.2637867331504822, 0.2675420641899109, 0.2257445752620697, 0.050265710800886154, 0.16698335111141205], "tonal.hpcp.mean": [0.13948099315166473, 0.09018322825431824, 0.03802061825990677, 0.026465613394975662, 0.024975672364234924, 0.08391629904508591, 0.16006851196289062, 0.12363559752702713, 0.1364126056432724, 0.18469396233558655, 0.0987476333975792, 0.028990058228373528, 0.03573610261082649, 0.034408532083034515, 0.09997833520174026, 0.21018703281879425, 0.14251549541950226, 0.029700951650738716, 0.031604327261447906, 0.04707616940140724, 0.08953780680894852, 0.19092728197574615, 0.1422611027956009, 0.04358890652656555, 0.060913365334272385, 0.053525738418102264, 0.07287987321615219, 0.11766757816076279, 0.08661619573831558, 0.14642205834388733, 0.2467297464609146, 0.14701274037361145, 0.03373424708843231, 0.017644958570599556, 0.027680737897753716, 0.09184661507606506], "tonal.hpcp.stdev": [0.2859817445278168, 0.2049126923084259, 0.14411847293376923, 0.1264963448047638, 0.11437658965587616, 0.19274002313613892, 0.3189588189125061, 0.24396097660064697, 0.2551743984222412, 0.32855522632598877, 0.19637955725193024, 0.11425416171550751, 0.14777743816375732, 0.13671018183231354, 0.1915268450975418, 0.34298697113990784, 0.25355276465415955, 0.1179630234837532, 0.1260894536972046, 0.18375885486602783, 0.17639164626598358, 0.32248127460479736, 0.25045955181121826, 0.1632818877696991, 0.2049122154712677, 0.1846855729818344, 0.17497101426124573, 0.2603786587715149, 0.19138653576374054, 0.24012209475040436, 0.37318113446235657, 0.24341867864131927, 0.12197341024875641, 0.08479680120944977, 0.10971910506486893, 0.2132551223039627], "rhythm.beats_position": [0.40634921193122864, 0.7778684496879578, 1.1377778053283691, 1.5092970132827759, 1.904036283493042, 2.2987754344940186, 2.658684730529785, 3.006983995437622, 3.3320634365081787, 3.7151927947998047, 4.075101852416992, 4.435011386871338, 4.783310413360596, 5.131609916687012, 5.479909420013428, 5.839818477630615, 6.199728012084961, 6.548027038574219, 6.9079365730285645, 7.267845630645752, 7.604535102844238, 7.964444160461426, 8.324353218078613, 8.684263229370117, 9.032562255859375, 9.380861282348633, 9.729161262512207, 10.077460289001465, 10.425759315490723, 10.77405834197998, 11.133968353271484, 11.493877410888672, 11.84217643737793, 12.190476417541504, 12.550385475158691, 12.910294532775879, 13.258593559265137, 13.61850357055664, 13.978412628173828, 14.326711654663086, 14.675010681152344, 15.034920692443848, 15.383219718933105, 15.743128776550293, 16.091428756713867, 16.439727783203125, 16.788026809692383, 17.14793586730957, 17.507844924926758, 17.856143951416016, 18.204444885253906, 18.552743911743164, 18.91265296936035, 19.26095199584961, 19.620861053466797, 19.969160079956055, 20.317459106445312, 20.665760040283203, 21.01405906677246, 21.37396812438965, 21.733877182006836, 22.082176208496094, 22.44208526611328, 22.80199432373047, 23.15029525756836, 23.498594284057617, 23.858503341674805, 24.218412399291992, 24.56671142578125, 24.926620483398438, 25.309749603271484, 25.634828567504883, 25.983129501342773, 26.33142852783203, 26.67972755432129, 27.028026580810547, 27.399545669555664, 27.747844696044922, 28.09614372253418, 28.44444465637207, 28.792743682861328, 29.141042709350586, 29.489341735839844, 29.84925079345703, 30.20915985107422, 30.557458877563477, 30.905759811401367, 31.254058837890625, 31.602357864379883, 31.96226692199707, 32.32217788696289, 32.68208694458008, 33.041996002197266, 33.39029312133789, 33.73859405517578, 34.086891174316406, 34.4351921081543, 34.795101165771484, 35.15501022338867, 35.50331115722656, 35.85160827636719], "rhythm.bpm_histogram": [0.0, 0.0, 0.0, 0.0, 0.0, 0.0, 0.0, 0.0, 0.0, 0.0, 0.0, 0.0, 0.0, 0.0, 0.0, 0.0, 0.0, 0.0, 0.0, 0.0, 0.0, 0.0, 0.0, 0.0, 0.0, 0.0, 0.0, 0.0, 0.0, 0.0, 0.0, 0.0, 0.0, 0.0, 0.0, 0.0, 0.0, 0.0, 0.0, 0.0, 0.0, 0.0, 0.0, 0.0, 0.0, 0.0, 0.0, 0.0, 0.0, 0.0, 0.0, 0.0, 0.0, 0.0, 0.0, 0.0, 0.0, 0.0, 0.0, 0.0, 0.0, 0.0, 0.0, 0.0, 0.0, 0.0, 0.0, 0.0, 0.0, 0.0, 0.0, 0.0, 0.0, 0.0, 0.0, 0.0, 0.0, 0.0, 0.0, 0.0, 0.0, 0.0, 0.0, 0.0, 0.0, 0.0, 0.0, 0.0, 0.0, 0.0, 0.0, 0.0, 0.0, 0.0, 0.0, 0.0, 0.0, 0.0, 0.0, 0.0, 0.0, 0.0, 0.0, 0.0, 0.0, 0.0, 0.0, 0.0, 0.0, 0.0, 0.0, 0.0, 0.0, 0.0, 0.0, 0.0, 0.0, 0.0, 0.0, 0.0, 0.0, 0.0, 0.0, 0.0, 0.0, 0.0, 0.0, 0.0, 0.0, 0.0, 0.0, 0.0, 0.0, 0.0, 0.0, 0.0, 0.0, 0.0, 0.0, 0.0, 0.0, 0.0, 0.0, 0.0, 0.0, 0.0, 0.0, 0.0, 0.0, 0.0, 0.0, 0.0, 0.019999999552965164, 0.0, 0.0, 0.0, 0.0, 0.019999999552965164, 0.0, 0.0, 0.0, 0.029999999329447746, 0.0, 0.0, 0.0, 0.0, 0.0, 0.3799999952316284, 0.0, 0.0, 0.0, 0.0, 0.5199999809265137, 0.0, 0.0, 0.0, 0.0, 0.0, 0.009999999776482582, 0.0, 0.0, 0.0, 0.0, 0.0, 0.0, 0.019999999552965164, 0.0, 0.0, 0.0, 0.0, 0.0, 0.0, 0.0, 0.0, 0.0, 0.0, 0.0, 0.0, 0.0, 0.0, 0.0, 0.0, 0.0, 0.0, 0.0, 0.0, 0.0, 0.0, 0.0, 0.0, 0.0, 0.0, 0.0, 0.0, 0.0, 0.0, 0.0, 0.0, 0.0, 0.0, 0.0, 0.0, 0.0, 0.0, 0.0, 0.0, 0.0, 0.0, 0.0, 0.0, 0.0, 0.0, 0.0, 0.0, 0.0, 0.0, 0.0, 0.0, 0.0, 0.0, 0.0, 0.0, 0.0, 0.0, 0.0, 0.0, 0.0, 0.0, 0.0, 0.0], "tonal.chords_histogram": [15.984654426574707, 15.473145484924316, 26.47058868408203, 2.8132991790771484, 1.2787723541259766, 0.0, 0.12787723541259766, 0.2557544708251953, 0.0, 0.0, 4.859334945678711, 2.8132991790771484, 0.0, 1.0230178833007812, 1.6624040603637695, 1.0230178833007812, 0.0, 0.38363170623779297, 0.5115089416503906, 0.0, 0.0, 1.9181585311889648, 2.8132991790771484, 20.58823585510254], "tonal.thpcp": [1.0, 0.5958452224731445, 0.1367255002260208, 0.07151532918214798, 0.11219051480293274, 0.37225595116615295, 0.5653189420700073, 0.36551421880722046, 0.15409822762012482, 0.10726559907197952, 0.10122683644294739, 0.3401142358779907, 0.6487604975700378, 0.5010972619056702, 0.5528826713562012, 0.7485678791999817, 0.4002259075641632, 0.11749721318483353, 0.14483904838562012, 0.13945838809013367, 0.40521395206451416, 0.8518917560577393, 0.5776178240776062, 0.12037847936153412, 0.1280928999185562, 0.19080054759979248, 0.3628983199596405, 0.7738316059112549, 0.5765867233276367, 0.17666660249233246, 0.24688294529914856, 0.2169407606124878, 0.29538339376449585, 0.47690877318382263, 0.3510569632053375, 0.593451201915741], "lowlevel.gfcc.cov": [[56839.76953125, 8057.07568359375, 1792.2679443359375, 3664.63427734375, -570.62646484375, -925.0955200195312, -3179.50439453125, 139.35104370117188, -1389.774169921875, 2072.538818359375, 1063.009765625, 474.97332763671875, 1085.5362548828125], [8057.07568359375, 5907.9384765625, 403.1574401855469, 752.3894653320312, 1024.5208740234375, -529.7213134765625, 17.619869232177734, -272.2762145996094, 115.35594940185547, -92.99747467041016, 493.8973693847656, -366.89105224609375, 569.1209106445312], [1792.2679443359375, 403.1574401855469, 2633.21240234375, 1498.8983154296875, 130.97796630859375, 166.75006103515625, -556.241455078125, 117.24368286132812, -9.811078071594238, 426.3352355957031, 155.93392944335938, 63.513763427734375, -1.2724529504776], [3664.63427734375, 752.3894653320312, 1498.8983154296875, 2413.70458984375, 386.96453857421875, -39.71629333496094, -554.4320068359375, 35.03025817871094, 72.17567443847656, 428.01922607421875, 323.1390075683594, 128.55812072753906, -2.8566505908966064], [-570.62646484375, 1024.5208740234375, 130.97796630859375, 386.96453857421875, 929.9003295898438, 134.9403533935547, 249.9604949951172, 21.7242431640625, 112.44327545166016, -12.882065773010254, 74.92471313476562, -60.650245666503906, 92.97271728515625], [-925.0955200195312, -529.7213134765625, 166.75006103515625, -39.71629333496094, 134.9403533935547, 695.4520874023438, 196.43441772460938, -13.532537460327148, 58.12523651123047, 63.801483154296875, -64.30522155761719, 17.83800506591797, -50.92816925048828], [-3179.50439453125, 17.619869232177734, -556.241455078125, -554.4320068359375, 249.9604949951172, 196.43441772460938, 776.0103149414062, 63.24873352050781, 114.03949737548828, -318.162109375, -108.0504379272461, -99.51863861083984, 20.317367553710938], [139.35104370117188, -272.2762145996094, 117.24368286132812, 35.03025817871094, 21.7242431640625, -13.532537460327148, 63.24873352050781, 363.21856689453125, 63.57019805908203, 20.339900970458984, -87.5178451538086, 6.903378486633301, -30.67222023010254], [-1389.774169921875, 115.35594940185547, -9.811078071594238, 72.17567443847656, 112.44327545166016, 58.12523651123047, 114.03949737548828, 63.57019805908203, 374.8426818847656, 3.0682413578033447, 19.195331573486328, -18.374431610107422, -74.22891235351562], [2072.538818359375, -92.99747467041016, 426.3352355957031, 428.01922607421875, -12.882065773010254, 63.801483154296875, -318.162109375, 20.339900970458984, 3.0682413578033447, 415.94085693359375, 110.9095458984375, 49.12794876098633, -75.06832122802734], [1063.009765625, 493.8973693847656, 155.93392944335938, 323.1390075683594, 74.92471313476562, -64.30522155761719, -108.0504379272461, -87.5178451538086, 19.195331573486328, 110.9095458984375, 291.1628112792969, 69.12763214111328, -6.8906331062316895], [474.97332763671875, -366.89105224609375, 63.513763427734375, 128.55812072753906, -60.650245666503906, 17.83800506591797, -99.51863861083984, 6.903378486633301, -18.374431610107422, 49.12794876098633, 69.12763214111328, 210.39846801757812, -8.036745071411133], [1085.5362548828125, 569.1209106445312, -1.2724529504776, -2.8566505908966064, 92.97271728515625, -50.92816925048828, 20.317367553710938, -30.67222023010254, -74.22891235351562, -75.06832122802734, -6.8906331062316895, -8.036745071411133, 306.7148742675781]], "lowlevel.gfcc.icov": [[7.300373545149341e-05, -0.00019698936375789344, 0.00011078765237471089, -7.719769928371534e-05, 0.00019809907826129347, -0.00013529005809687078, 0.0001277073024539277, -0.00023033350589685142, 0.00028527271933853626, -0.0003196937614120543, 0.0001684428716544062, -0.0003146254166495055, -2.078696525131818e-05], [-0.00019698936375789344, 0.0009942288743332028, -0.0003598400217015296, 0.00022502370120491832, -0.0008905261638574302, 0.0006190487765707076, -0.0002272534038638696, 0.0007422497728839517, -0.0009578197496011853, 0.0010317577980458736, -0.0012880453141406178, 0.0017824620008468628, -0.0006465385667979717], [0.00011078765237471089, -0.0003598400217015296, 0.0008658948354423046, -0.0004780529416166246, 0.00038898110506124794, -0.0005470269825309515, 0.0004930415889248252, -0.0006596410530619323, 0.0005285277729853988, -0.0005742778885178268, 0.00030353947659023106, -0.00035482164821587503, -4.7754761908436194e-05], [-7.719769928371534e-05, 0.00022502370120491832, -0.0004780529416166246, 0.0009666302939876914, -0.0006125334766693413, 0.00025872854166664183, 0.00021911240764893591, 0.00018248088599648327, -0.0004659818660002202, 0.00019100232748314738, -0.0006419180426746607, 0.00014580956485588104, 1.8442284272168763e-05], [0.00019809907826129347, -0.0008905261638574302, 0.00038898110506124794, -0.0006125334766693413, 0.0024095538537949324, -0.0007569227600470185, -0.0004683197184931487, -0.0007721403380855918, 0.0007079084170982242, -0.0011680086608976126, 0.0007198156672529876, -0.0010857473826035857, -8.190095832105726e-05], [-0.00013529005809687078, 0.0006190487765707076, -0.0005470269825309515, 0.00025872854166664183, -0.0007569227600470185, 0.0025179123040288687, -0.0012677222257480025, 0.0012327233562245965, -0.0007576828356832266, -0.0004435095761436969, 0.00025297520915046334, 0.00027088538627140224, -9.406331810168922e-05], [0.0001277073024539277, -0.0002272534038638696, 0.0004930415889248252, 0.00021911240764893591, -0.0004683197184931487, -0.0012677222257480025, 0.0035579248797148466, -0.0012818967225030065, 1.6623849660390988e-05, 0.0016220050165429711, -0.0005596255068667233, 0.0005345781682990491, -5.6194850913016126e-05], [-0.00023033350589685142, 0.0007422497728839517, -0.0006596410530619323, 0.00018248088599648327, -0.0007721403380855918, 0.0012327233562245965, -0.0012818967225030065, 0.004410907626152039, -0.001469048555009067, 0.00010754426330095157, 0.0010324647882953286, 0.00033513715607114136, 0.00010442244092701003], [0.00028527271933853626, -0.0009578197496011853, 0.0005285277729853988, -0.0004659818660002202, 0.0007079084170982242, -0.0007576828356832266, 1.6623849660390988e-05, -0.001469048555009067, 0.00438510300591588, -0.0013285556342452765, 0.0005878880037926137, -0.0013267985777929425, 0.0009916023118421435], [-0.0003196937614120543, 0.0010317577980458736, -0.0005742778885178268, 0.00019100232748314738, -0.0011680086608976126, -0.0004435095761436969, 0.0016220050165429711, 0.00010754426330095157, -0.0013285556342452765, 0.006421213503926992, -0.0025359459687024355, 0.00228488864377141, 0.0006530820392072201], [0.0001684428716544062, -0.0012880453141406178, 0.00030353947659023106, -0.0006419180426746607, 0.0007198156672529876, 0.00025297520915046334, -0.0005596255068667233, 0.0010324647882953286, 0.0005878880037926137, -0.0025359459687024355, 0.0074842097237706184, -0.004202859476208687, 0.001332887215539813], [-0.0003146254166495055, 0.0017824620008468628, -0.00035482164821587503, 0.00014580956485588104, -0.0010857473826035857, 0.00027088538627140224, 0.0005345781682990491, 0.00033513715607114136, -0.0013267985777929425, 0.00228488864377141, -0.004202859476208687, 0.009171885438263416, -0.0014377770712599158], [-2.078696525131818e-05, -0.0006465385667979717, -4.7754761908436194e-05, 1.8442284272168763e-05, -8.190095832105726e-05, -9.406331810168922e-05, -5.6194850913016126e-05, 0.00010442244092701003, 0.0009916023118421435, 0.0006530820392072201, 0.001332887215539813, -0.0014377770712599158, 0.004949042573571205]], "lowlevel.mfcc.cov": [[30150.408203125, 6362.49658203125, 1454.9764404296875, 2854.84619140625, 1807.8692626953125, -234.83547973632812, 450.45587158203125, -2075.50341796875, -428.57379150390625, -657.4772338867188, 274.0500793457031, 418.2779846191406, 683.7630004882812], [6362.49658203125, 5058.85595703125, 45.18671417236328, 923.9165649414062, 737.5533447265625, -33.1611442565918, 318.5242614746094, -516.464599609375, 63.21642303466797, -89.08770751953125, 51.751625061035156, 42.25965881347656, 47.90439224243164], [1454.9764404296875, 45.18671417236328, 2113.5009765625, 740.2440185546875, 534.5914306640625, 179.4512939453125, -46.164859771728516, -220.39549255371094, -115.93685150146484, -11.10091781616211, 184.05291748046875, 130.738525390625, 38.457157135009766], [2854.84619140625, 923.9165649414062, 740.2440185546875, 1655.5391845703125, 757.8259887695312, 45.69315719604492, 105.26819610595703, -242.2910919189453, -53.783485412597656, -98.42367553710938, 165.38865661621094, 225.08767700195312, 37.30391311645508], [1807.8692626953125, 737.5533447265625, 534.5914306640625, 757.8259887695312, 822.9752807617188, 217.18565368652344, 84.47795104980469, -164.16278076171875, 34.983680725097656, -21.364582061767578, 126.52162170410156, 198.00624084472656, 113.75628662109375], [-234.83547973632812, -33.1611442565918, 179.4512939453125, 45.69315719604492, 217.18565368652344, 608.2452392578125, 112.80329132080078, 96.97537994384766, 22.19991683959961, 69.17583465576172, 33.22049331665039, 68.87040710449219, 122.65880584716797], [450.45587158203125, 318.5242614746094, -46.164859771728516, 105.26819610595703, 84.47795104980469, 112.80329132080078, 415.99212646484375, 61.77845764160156, 104.21170043945312, -18.189355850219727, -40.97719955444336, -4.416067123413086, -1.884690761566162], [-2075.50341796875, -516.464599609375, -220.39549255371094, -242.2910919189453, -164.16278076171875, 96.97537994384766, 61.77845764160156, 524.1028442382812, 186.12269592285156, 95.3788070678711, -48.988887786865234, 8.851920127868652, -20.79438591003418], [-428.57379150390625, 63.21642303466797, -115.93685150146484, -53.783485412597656, 34.983680725097656, 22.19991683959961, 104.21170043945312, 186.12269592285156, 392.723388671875, 122.37301635742188, -41.09867858886719, -51.0433349609375, -75.10549926757812], [-657.4772338867188, -89.08770751953125, -11.10091781616211, -98.42367553710938, -21.364582061767578, 69.17583465576172, -18.189355850219727, 95.3788070678711, 122.37301635742188, 252.28579711914062, 82.9466552734375, 8.261490821838379, -42.11638641357422], [274.0500793457031, 51.751625061035156, 184.05291748046875, 165.38865661621094, 126.52162170410156, 33.22049331665039, -40.97719955444336, -48.988887786865234, -41.09867858886719, 82.9466552734375, 307.67181396484375, 177.8837127685547, 55.05324172973633], [418.2779846191406, 42.25965881347656, 130.738525390625, 225.08767700195312, 198.00624084472656, 68.87040710449219, -4.416067123413086, 8.851920127868652, -51.0433349609375, 8.261490821838379, 177.8837127685547, 278.0423889160156, 116.95024108886719], [683.7630004882812, 47.90439224243164, 38.457157135009766, 37.30391311645508, 113.75628662109375, 122.65880584716797, -1.884690761566162, -20.79438591003418, -75.10549926757812, -42.11638641357422, 55.05324172973633, 116.95024108886719, 240.42166137695312]], "lowlevel.mfcc.icov": [[6.822239083703607e-05, -5.1893843192374334e-05, -1.7051368558895774e-05, -5.718593092751689e-05, 3.049791484954767e-05, 3.685206320369616e-05, -4.711421934189275e-05, 0.00020754527940880507, -7.102637755451724e-05, 3.938813097192906e-05, 3.203643427696079e-05, -3.125371222267859e-05, -0.00019515605526976287], [-5.1893843192374334e-05, 0.0003149846743326634, 8.824050746625289e-05, -2.4353799744858406e-05, -0.00022301531862467527, 4.412767884787172e-05, -0.00015044603787828237, 8.523689757566899e-05, -1.5291570889530703e-05, -7.058774644974619e-05, -4.8233017878374085e-05, 0.00014466294669546187, 8.722275379113853e-05], [-1.7051368558895774e-05, 8.824050746625289e-05, 0.0006580667686648667, -0.00016256963135674596, -0.00032566909794695675, -0.00014707444643136114, 9.667573613114655e-05, 5.6691395002417266e-05, 0.00016579151269979775, -1.6338855857611634e-05, -0.00027444056468084455, 0.00023120011610444635, 0.00018496959819458425], [-5.718593092751689e-05, -2.4353799744858406e-05, -0.00016256963135674596, 0.001308006583712995, -0.001007826067507267, 0.00020857769413851202, -0.00015820798580534756, -0.00017763352661859244, 0.00024166890943888575, 0.0003275964700151235, -0.0001750216179061681, -0.00037028276710771024, 0.0006974629359319806], [3.049791484954767e-05, -0.00022301531862467527, -0.00032566909794695675, -0.001007826067507267, 0.0033175991848111153, -0.0008968987967818975, 0.00011504935537232086, 0.0009106486104428768, -0.0011936980299651623, 0.00019433643319644034, 0.0003480035811662674, -0.0014052181504666805, -0.0006013120873831213], [3.685206320369616e-05, 4.412767884787172e-05, -0.00014707444643136114, 0.00020857769413851202, -0.0008968987967818975, 0.002515822183340788, -0.0007252470240928233, -0.00047676704707555473, 0.0005098608671687543, -0.000989793799817562, 0.0001974915649043396, 0.00039176634163595736, -0.0012784223072230816], [-4.711421934189275e-05, -0.00015044603787828237, 9.667573613114655e-05, -0.00015820798580534756, 0.00011504935537232086, -0.0007252470240928233, 0.0030957714188843966, -0.00038820612826384604, -0.0007807397050783038, 0.000737243564799428, 0.00015588071255479008, -8.510764746461064e-05, 0.0003702749381773174], [0.00020754527940880507, 8.523689757566899e-05, 5.6691395002417266e-05, -0.00017763352661859244, 0.0009106486104428768, -0.00047676704707555473, -0.00038820612826384604, 0.0039423611015081406, -0.001707363873720169, -0.00033066642936319113, 0.0009912577224895358, -0.0016084081726148725, -0.00047433702275156975], [-7.102637755451724e-05, -1.5291570889530703e-05, 0.00016579151269979775, 0.00024166890943888575, -0.0011936980299651623, 0.0005098608671687543, -0.0007807397050783038, -0.001707363873720169, 0.0045792944729328156, -0.0019675169605761766, 0.0003588000836316496, 0.0009126832592301071, 0.0008516588713973761], [3.938813097192906e-05, -7.058774644974619e-05, -1.6338855857611634e-05, 0.0003275964700151235, 0.00019433643319644034, -0.000989793799817562, 0.000737243564799428, -0.00033066642936319113, -0.0019675169605761766, 0.0066405353136360645, -0.002649563131853938, 0.0004663881263695657, 0.0011725119547918439], [3.203643427696079e-05, -4.8233017878374085e-05, -0.00027444056468084455, -0.0001750216179061681, 0.0003480035811662674, 0.0001974915649043396, 0.00015588071255479008, 0.0009912577224895358, 0.0003588000836316496, -0.002649563131853938, 0.006721637677401304, -0.004245362710207701, -1.501853512309026e-05], [-3.125371222267859e-05, 0.00014466294669546187, 0.00023120011610444635, -0.00037028276710771024, -0.0014052181504666805, 0.00039176634163595736, -8.510764746461064e-05, -0.00160840817