{"song_id": "1182285620777865377", "download": "https://cdn.discordapp.com/attachments/1135911532732108921/1182285620777865377/chirp.mp4?ex=65842449&amp", "lyrics": "FATTO E DIRETTO DA ZAC\nFATTO E DIRETTO DA ZAC\nFATTO E DIRETTO DA ZAC\nFATTO E DIRETTO DA ZAC\nFATTO E DIRETTO DA ZAC\nFATTO E DIRETTO DA ZAC\nFATTO E DIRETTO DA ZAC\nFATTO E DIRETTO DA ZAC", "style": ["techno"], "essentia_features": {"lowlevel.average_loudness": 0.9788485765457153, "lowlevel.barkbands_crest.mean": 11.853009223937988, "lowlevel.barkbands_crest.stdev": 6.611481189727783, "lowlevel.barkbands_flatness_db.mean": 0.11809098720550537, "lowlevel.barkbands_flatness_db.stdev": 0.07788760215044022, "lowlevel.barkbands_kurtosis.mean": 11.409335136413574, "lowlevel.barkbands_kurtosis.stdev": 26.619970321655273, "lowlevel.barkbands_skewness.mean": 2.002516031265259, "lowlevel.barkbands_skewness.stdev": 2.752178430557251, "lowlevel.barkbands_spread.mean": 34.479888916015625, "lowlevel.barkbands_spread.stdev": 19.6816463470459, "lowlevel.dissonance.mean": 0.484146386384964, "lowlevel.dissonance.stdev": 0.01402184460312128, "lowlevel.dynamic_complexity": 1.8256908655166626, "lowlevel.erbbands_crest.mean": 8.776213645935059, "lowlevel.erbbands_crest.stdev": 3.027085065841675, "lowlevel.erbbands_flatness_db.mean": 0.13602067530155182, "lowlevel.erbbands_flatness_db.stdev": 0.027727538719773293, "lowlevel.erbbands_kurtosis.mean": -0.30449116230010986, "lowlevel.erbbands_kurtosis.stdev": 1.0785490274429321, "lowlevel.erbbands_skewness.mean": -0.3322402238845825, "lowlevel.erbbands_skewness.stdev": 0.6201595067977905, "lowlevel.erbbands_spread.mean": 53.94381332397461, "lowlevel.erbbands_spread.stdev": 26.232149124145508, "lowlevel.hfc.mean": 41.2237663269043, "lowlevel.hfc.stdev": 15.868562698364258, "lowlevel.loudness_ebu128.integrated": -12.961216926574707, "lowlevel.loudness_ebu128.loudness_range": 0.7113733291625977, "lowlevel.loudness_ebu128.momentary.mean": -13.130022048950195, "lowlevel.loudness_ebu128.momentary.stdev": 1.4140812158584595, "lowlevel.loudness_ebu128.short_term.mean": -12.876570701599121, "lowlevel.loudness_ebu128.short_term.stdev": 0.46104639768600464, "lowlevel.melbands_crest.mean": 15.94246768951416, "lowlevel.melbands_crest.stdev": 6.296889781951904, "lowlevel.melbands_flatness_db.mean": 0.19205257296562195, "lowlevel.melbands_flatness_db.stdev": 0.10218308120965958, "lowlevel.melbands_kurtosis.mean": 48.63811492919922, "lowlevel.melbands_kurtosis.stdev": 92.50927734375, "lowlevel.melbands_skewness.mean": 4.336045265197754, "lowlevel.melbands_skewness.stdev": 4.412224769592285, "lowlevel.melbands_spread.mean": 39.891082763671875, "lowlevel.melbands_spread.stdev": 31.284645080566406, "lowlevel.pitch_salience.mean": 0.4603672921657562, "lowlevel.pitch_salience.stdev": 0.20076371729373932, "lowlevel.silence_rate_20dB.mean": 0.9914992451667786, "lowlevel.silence_rate_20dB.stdev": 0.0918072760105133, "lowlevel.silence_rate_30dB.mean": 0.6901081800460815, "lowlevel.silence_rate_30dB.stdev": 0.462449848651886, "lowlevel.silence_rate_60dB.mean": 0.0030911900103092194, "lowlevel.silence_rate_60dB.stdev": 0.05551230162382126, "lowlevel.spectral_centroid.mean": 2277.699951171875, "lowlevel.spectral_centroid.stdev": 779.8073120117188, "lowlevel.spectral_complexity.mean": 27.255023956298828, "lowlevel.spectral_complexity.stdev": 6.12441349029541, "lowlevel.spectral_decrease.mean": -2.2312649505806803e-08, "lowlevel.spectral_decrease.stdev": 3.0540519446731196e-08, "lowlevel.spectral_energy.mean": 0.08795226365327835, "lowlevel.spectral_energy.stdev": 0.11577017605304718, "lowlevel.spectral_energyband_high.mean": 0.002734595211222768, "lowlevel.spectral_energyband_high.stdev": 0.0017816767795011401, "lowlevel.spectral_energyband_low.mean": 0.07150128483772278, "lowlevel.spectral_energyband_low.stdev": 0.11720500886440277, "lowlevel.spectral_energyband_middle_high.mean": 0.007231620140373707, "lowlevel.spectral_energyband_middle_high.stdev": 0.0047316099517047405, "lowlevel.spectral_energyband_middle_low.mean": 0.008053174242377281, "lowlevel.spectral_energyband_middle_low.stdev": 0.01214369386434555, "lowlevel.spectral_entropy.mean": 7.761641979217529, "lowlevel.spectral_entropy.stdev": 0.1832589954137802, "lowlevel.spectral_flux.mean": 0.19327354431152344, "lowlevel.spectral_flux.stdev": 0.13595665991306305, "lowlevel.spectral_kurtosis.mean": 2.907822847366333, "lowlevel.spectral_kurtosis.stdev": 0.9934548735618591, "lowlevel.spectral_rms.mean": 0.007664926815778017, "lowlevel.spectral_rms.stdev": 0.005201538559049368, "lowlevel.spectral_rolloff.mean": 2794.5966796875, "lowlevel.spectral_rolloff.stdev": 2133.6181640625, "lowlevel.spectral_skewness.mean": 1.0175986289978027, "lowlevel.spectral_skewness.stdev": 0.17208847403526306, "lowlevel.spectral_spread.mean": 4486016.0, "lowlevel.spectral_spread.stdev": 567662.9375, "lowlevel.spectral_strongpeak.mean": 1.1384844779968262, "lowlevel.spectral_strongpeak.stdev": 1.1108006238937378, "lowlevel.zerocrossingrate.mean": 0.09797246009111404, "lowlevel.zerocrossingrate.stdev": 0.04598543792963028, "metadata.audio_properties.analysis.equal_loudness": 0.0, "metadata.audio_properties.analysis.length": 30.0159854888916, "metadata.audio_properties.analysis.sample_rate": 44100.0, "metadata.audio_properties.analysis.start_time": 0.0, "metadata.audio_properties.bit_rate": 124479.0, "metadata.audio_properties.length": 30.016000747680664, "metadata.audio_properties.lossless": 0.0, "metadata.audio_properties.number_channels": 1.0, "metadata.audio_properties.replay_gain": -10.223180770874023, "metadata.audio_properties.sample_rate": 48000.0, "rhythm.beats_count": 52.0, "rhythm.beats_loudness.mean": 0.14298799633979797, "rhythm.beats_loudness.stdev": 0.06350774317979813, "rhythm.bpm": 106.37865447998047, "rhythm.bpm_histogram_first_peak_bpm": 105.0, "rhythm.bpm_histogram_first_peak_weight": 0.529411792755127, "rhythm.bpm_histogram_second_peak_bpm": 0.0, "rhythm.bpm_histogram_second_peak_spread": 0.0, "rhythm.bpm_histogram_second_peak_weight": 0.0, "rhythm.danceability": 2.4311749935150146, "rhythm.onset_rate": 2.1308465003967285, "tonal.chords_changes_rate": 0.10956790298223495, "tonal.chords_number_rate": 0.01697530783712864, "tonal.chords_strength.mean": 0.525972843170166, "tonal.chords_strength.stdev": 0.12257912755012512, "tonal.hpcp_crest.mean": 11.528260231018066, "tonal.hpcp_crest.stdev": 5.705697059631348, "tonal.hpcp_entropy.mean": 2.384679079055786, "tonal.hpcp_entropy.stdev": 0.823573112487793, "tonal.key_edma.strength": 0.44499868154525757, "tonal.key_krumhansl.strength": 0.4381749629974365, "tonal.key_temperley.strength": 0.40969595313072205, "tonal.tuning_diatonic_strength": 0.4892346262931824, "tonal.tuning_equal_tempered_deviation": 0.21056723594665527, "tonal.tuning_frequency": 455.5166015625, "tonal.tuning_nontempered_energy_ratio": 0.8790329098701477, "lowlevel.barkbands.mean": [0.00029343843925744295, 0.05613077059388161, 0.0136838648468256, 0.003454421414062381, 0.0015218439511954784, 0.0002079399419017136, 0.000261081411736086, 0.0014977987157180905, 0.000750669336412102, 0.0008526380988769233, 0.0003148383111692965, 0.001275204005651176, 0.0008215156267397106, 0.0009717563516460359, 0.0005656323046423495, 0.00024872637004591525, 0.00026213409728370607, 0.0002473407657817006, 0.0013538612984120846, 0.0005606423947028816, 0.00027015007799491286, 0.0018514199182391167, 4.5080934796715155e-05, 0.0002135618997272104, 9.276757191400975e-05, 0.0001481486251577735, 5.505892841028981e-05], "lowlevel.barkbands.stdev": [0.0003603259683586657, 0.0981530249118805, 0.02658829838037491, 0.00783232320100069, 0.004410474095493555, 0.00045889720786362886, 0.0007200168329291046, 0.0027528684586286545, 0.0014417883940041065, 0.0018420676933601499, 0.0004938338533975184, 0.0024649817496538162, 0.0013541013468056917, 0.0014717442682012916, 0.0007928407285362482, 0.00019642087863758206, 0.00017335097072646022, 0.00016989637515507638, 0.0008900965913198888, 0.00041561858961358666, 0.00020726572256535292, 0.0012048257049173117, 6.416652468033135e-05, 0.0003516072756610811, 0.00013574928743764758, 6.594857404707e-05, 3.891034430125728e-05], "lowlevel.erbbands.mean": [0.7409311532974243, 15.1475830078125, 24.087932586669922, 10.688840866088867, 10.10291862487793, 3.2942755222320557, 2.3765945434570312, 1.5168720483779907, 2.6365256309509277, 13.073124885559082, 33.10936737060547, 16.894733428955078, 30.81633949279785, 13.716201782226562, 31.017324447631836, 43.31716537475586, 39.42689895629883, 42.286163330078125, 45.37279510498047, 21.826740264892578, 11.763163566589355, 15.149625778198242, 13.104395866394043, 31.9377384185791, 87.51715087890625, 22.891904830932617, 9.222105026245117, 20.574647903442383, 89.4013900756836, 13.680327415466309, 1.1143827438354492, 2.185194730758667, 4.734701156616211, 1.8577557802200317, 0.06590049713850021, 0.02921358495950699, 0.31739434599876404, 0.20115135610103607, 0.004789215512573719, 0.0001975529594346881], "lowlevel.erbbands.stdev": [1.245521903038025, 26.60255241394043, 43.88013458251953, 17.03213119506836, 30.073829650878906, 8.22447395324707, 5.732243061065674, 2.9557130336761475, 5.792590618133545, 23.251157760620117, 65.64527893066406, 28.1256046295166, 66.9725341796875, 22.91352653503418, 61.690467834472656, 68.98485565185547, 63.949562072753906, 49.27437210083008, 72.52554321289062, 20.77950668334961, 8.679931640625, 9.800881385803223, 8.40151596069336, 18.95730972290039, 58.8592414855957, 13.335123062133789, 7.428666114807129, 12.36530590057373, 60.59101486206055, 11.235750198364258, 1.3141679763793945, 3.182681083679199, 7.865968227386475, 2.8694427013397217, 0.09263353794813156, 0.018995467573404312, 0.16108296811580658, 0.09134920686483383, 0.002420292003080249, 0.00011690591054502875], "lowlevel.gfcc.mean": [49.726463317871094, 43.40130615234375, -112.12987518310547, 38.685062408447266, -35.15234375, 18.597379684448242, -2.3905234336853027, 1.679465651512146, -17.84334945678711, 4.7568464279174805, -20.42654800415039, -5.978878498077393, -28.0090389251709], "lowlevel.melbands.mean": [0.011748087592422962, 0.015571260824799538, 0.0019595238845795393, 0.0004399032040964812, 8.654180419398472e-05, 3.505326094455086e-05, 4.225423253956251e-05, 0.00019342814630363137, 0.0002469731552992016, 0.0001027493563015014, 0.00015594513388350606, 5.786247129435651e-05, 7.033143629087135e-05, 0.00016524788225069642, 6.324320565909147e-05, 9.073045657714829e-05, 7.97204120317474e-05, 8.221640018746257e-05, 3.89561137126293e-05, 2.1965735868434422e-05, 1.181337302114116e-05, 1.567978506500367e-05, 1.3838516679243185e-05, 1.0972147720167413e-05, 2.5225353965652175e-05, 5.475663783727214e-05, 5.578169657383114e-05, 6.333169039862696e-06, 4.59668399344082e-06, 7.349482530116802e-06, 1.13788391900016e-05, 6.0013793699909e-05, 2.2665077267447487e-05, 2.4994831164804054e-06, 4.4114852926213644e-07, 2.3176795593826682e-07, 1.8327546058571897e-06, 3.8629355003649835e-06, 3.157045966872829e-06, 8.627666261418199e-07], "lowlevel.melbands.stdev": [0.02018982172012329, 0.026910169050097466, 0.0034937188029289246, 0.0012634213780984282, 0.00019718645489774644, 7.017132884357125e-05, 0.00010524702520342544, 0.0003283762198407203, 0.0004906006506644189, 0.00018279318464919925, 0.000338753656251356, 0.00011207298666704446, 0.00013346606283448637, 0.00033160537714138627, 8.214762056013569e-05, 0.0001543731486890465, 0.00010408386879134923, 0.000146576261613518, 4.93985389766749e-05, 1.9065701053477824e-05, 9.656301699578762e-06, 1.1017276847269386e-05, 1.0354969163017813e-05, 7.347715381911257e-06, 1.685048482613638e-05, 3.95873976231087e-05, 3.631974323070608e-05, 4.8686988520785235e-06, 5.228948793956079e-06, 5.884505753783742e-06, 7.6365768109099e-06, 3.98313241021242e-05, 1.8466231267666444e-05, 3.285622824478196e-06, 6.908364298396918e-07, 4.473237709134992e-07, 2.81295069726184e-06, 6.431554993469035e-06, 5.47041418030858e-06, 1.3086539638607064e-06], "lowlevel.melbands128.mean": [0.00011532893404364586, 0.0020209387876093388, 0.017112871631979942, 0.02932843379676342, 0.01754755713045597, 0.005060085095465183, 0.0018195485463365912, 0.0018173177959397435, 0.0009842186700552702, 0.0002942396095022559, 0.0001272582885576412, 0.00010244550503557548, 8.914103818824515e-05, 4.654639269574545e-05, 3.0550345400115475e-05, 2.969345405290369e-05, 3.4229706216137856e-05, 3.735299833351746e-05, 5.896004950045608e-05, 0.00010903604561462998, 0.0002783939416985959, 0.0004061326908413321, 0.00023438036441802979, 0.00011285994696663693, 8.646796050015837e-05, 9.001141734188423e-05, 0.0001494558237027377, 0.0001826903608161956, 0.0001607825543032959, 5.91700772929471e-05, 2.8060156182618812e-05, 3.0255410820245743e-05, 4.550395897240378e-05, 0.0001003126599243842, 0.0002208445657743141, 0.00018980279855895787, 7.538232603110373e-05, 4.0736893424764276e-05, 4.771612657350488e-05, 0.00012784727732650936, 9.281175152864307e-05, 5.740857886848971e-05, 6.518246664199978e-05, 9.861325816018507e-05, 0.00011421147792134434, 6.713244511047378e-05, 6.515625136671588e-05, 4.1937921196222305e-05, 2.6471172532183118e-05, 2.5585117327864282e-05, 2.5481478587607853e-05, 1.320303726970451e-05, 1.0474105692992453e-05, 1.0588521035970189e-05, 1.5528286894550547e-05, 1.6118265193654224e-05, 1.6461754057672806e-05, 1.583045559527818e-05, 1.3125875739206094e-05, 8.932934179028962e-06, 8.827219971863087e-06, 1.2775142749887891e-05, 2.2834907213109545e-05, 3.134029611828737e-05, 2.4094437321764417e-05, 3.664946780190803e-05, 9.407178731635213e-05, 8.364186942344531e-05, 4.779715163749643e-05, 1.4290060789790004e-05, 3.7807103581144474e-06, 2.6298168904759223e-06, 4.025194357382134e-06, 5.761437023465987e-06, 3.739625753951259e-06, 7.169937362050405e-06, 1.1041365723940544e-05, 3.891328560712282e-06, 6.672480139968684e-06, 1.70884195540566e-05, 6.22582811047323e-05, 8.97851787158288e-05, 3.949290112359449e-05, 1.5065955267345998e-05, 6.069686151022324e-06, 3.087854793193401e-06, 1.400810674567765e-06, 6.741364586559939e-07, 4.173337799784349e-07, 2.414611799395061e-07, 1.3070236093426502e-07, 7.439957983024215e-08, 6.472193945228355e-07, 8.319775020027009e-07, 2.847621090040775e-06, 5.966349817754235e-06, 3.704690016093082e-06, 1.4560688441633829e-06, 3.935599124815781e-06, 3.849043423542753e-06, 1.5747373254271224e-06, 2.477952989465848e-07, 1.0737174704900099e-08, 6.524911277949741e-09, 2.558619538461926e-09, 8.599082557125826e-10, 4.3182328823831995e-08, 3.282532290427298e-08, 3.6547248560836465e-10, 4.4848444957779066e-09, 4.4644494323620165e-08, 1.083041709648569e-07, 1.2323906730671297e-06, 2.0460256564547308e-06, 1.2955509873791016e-06, 2.8975471195735736e-06, 2.2913836801308207e-06, 3.203913081506471e-07, 1.6847115716367433e-11, 1.2636615712158239e-11, 1.2102975739669564e-11, 1.1779550425361496e-11, 1.143481923732148e-11, 1.1201040962804942e-11, 1.0976546928331832e-11, 1.0747227760510292e-11, 1.060230028770981e-11, 1.0533511562993425e-11], "lowlevel.melbands128.stdev": [0.00018671936413738877, 0.003392876824364066, 0.0298025980591774, 0.0528310090303421, 0.03238115459680557, 0.009544102475047112, 0.0030724029056727886, 0.0048097409307956696, 0.0033532381057739258, 0.0009279401856474578, 0.0003446777700446546, 0.00023542931012343615, 0.00024732889141887426, 0.00012717716163024306, 6.563490023836493e-05, 6.510209641419351e-05, 7.803743210388348e-05, 0.00011818750499514863, 0.0002489436883479357, 0.00028200476663187146, 0.0005731522105634212, 0.0008928391616791487, 0.000651114562060684, 0.0003935373679269105, 0.00021415090304799378, 0.000207203280297108, 0.00044613107456825674, 0.0005130100180394948, 0.00042261392809450626, 0.00016833578411024064, 5.1070797780994326e-05, 6.317542283795774e-05, 9.791721822693944e-05, 0.0002477756352163851, 0.0006456428091041744, 0.00041729671647772193, 0.00012384550063870847, 7.582498074043542e-05, 0.00010320488217985258, 0.00029221849399618804, 0.00018228497356176376, 0.00010280322749167681, 0.00011350165004841983, 0.00018775979697238654, 0.00025855485000647604, 0.0001975354680325836, 0.00014045512943994254, 6.094010313972831e-05, 3.80736673832871e-05, 3.215621836716309e-05, 2.5102195650106296e-05, 1.4696643120259978e-05, 1.1679459021252114e-05, 1.1778512998716906e-05, 1.513179813628085e-05, 1.4936566913092975e-05, 1.427319148206152e-05, 1.4300856491900049e-05, 1.4073993042984512e-05, 8.167521627910901e-06, 8.07680953585077e-06, 1.1355533388268668e-05, 1.7687641957309097e-05, 2.771541585389059e-05, 2.2863143385620788e-05, 4.073409945704043e-05, 8.367258124053478e-05, 6.829223275417462e-05, 4.258575791027397e-05, 1.2924323527840897e-05, 4.147255822317675e-06, 3.0409971714107087e-06, 6.2081253418000415e-06, 7.717072548985016e-06, 4.085845375811914e-06, 5.667368895956315e-06, 1.1144915333716199e-05, 5.045757006882923e-06, 6.830016900494229e-06, 1.447081558580976e-05, 4.624200300895609e-05, 7.357449794653803e-05, 3.671864760690369e-05, 1.4778467630094383e-05, 9.037863492267206e-06, 4.7236098907887936e-06, 2.046215058726375e-06, 1.1029142115148716e-06, 7.285547098945244e-07, 5.659708222083282e-07, 4.3205656652389735e-07, 3.442282832111232e-07, 9.869303312370903e-07, 1.3352604355532094e-06, 5.3278968152881134e-06, 1.0063427907880396e-05, 6.422691058105556e-06, 3.7849636100872885e-06, 8.110521775961388e-06, 5.9404460444056895e-06, 2.6057039121951675e-06, 5.056766667621559e-07, 5.255786916791294e-08, 6.690335396797309e-08, 1.530579396558096e-08, 1.4015906657505184e-08, 8.164737153038004e-08, 5.929203439336561e-08, 5.261973523573715e-09, 1.6374801958818352e-08, 9.851952853523471e-08, 1.290389661789959e-07, 8.594636256020749e-07, 1.1972421134487377e-06, 7.494126634810527e-07, 1.4493584785668645e-06, 1.519944134997786e-06, 3.676008475395065e-07, 1.916662835388383e-11, 1.800711836585922e-11, 1.7451732767237438e-11, 1.7027119297852167e-11, 1.6629404450685392e-11, 1.632558671582629e-11, 1.6073300676544555e-11, 1.587135457781219e-11, 1.5727162627765523e-11, 1.5638846120880068e-11], "lowlevel.mfcc.mean": [-601.5046997070312, 86.7225341796875, -11.720183372497559, 29.018362045288086, 1.1869821548461914, 20.75191307067871, 23.708629608154297, 2.9170312881469727, 16.35601234436035, -0.6163204312324524, 27.122892379760742, -12.347724914550781, -0.8170782923698425], "lowlevel.spectral_contrast_coeffs.mean": [-0.6778701543807983, -0.7807894945144653, -0.791828989982605, -0.8083094954490662, -0.7318210601806641, -0.5579989552497864], "lowlevel.spectral_contrast_coeffs.stdev": [0.09098758548498154, 0.07966608554124832, 0.05871584266424179, 0.04020865261554718, 0.040857329964637756, 0.046146489679813385], "lowlevel.spectral_contrast_valleys.mean": [-6.844593048095703, -6.899919509887695, -6.892777442932129, -6.952796936035156, -7.111970901489258, -11.131134986877441], "lowlevel.spectral_contrast_valleys.stdev": [0.7582570314407349, 0.4832811951637268, 0.4346064329147339, 0.36528128385543823, 0.4127439558506012, 0.7682416439056396], "rhythm.beats_loudness_band_ratio.mean": [0.8696391582489014, 0.005313972011208534, 0.023767434060573578, 0.03797009959816933, 0.01815974898636341, 0.048749249428510666], "rhythm.beats_loudness_band_ratio.stdev": [0.2099599987268448, 0.0062309750355780125, 0.0513027161359787, 0.08051169663667679, 0.02407447248697281, 0.08741113543510437], "tonal.hpcp.mean": [0.056464601308107376, 0.0397164411842823, 0.03478482738137245, 0.03154610097408295, 0.031406220048666, 0.04025091230869293, 0.06784390658140182, 0.10267413407564163, 0.1089646965265274, 0.11183008551597595, 0.13072150945663452, 0.14809788763523102, 0.15574868023395538, 0.1807045340538025, 0.2037634700536728, 0.17301996052265167, 0.1373634934425354, 0.1261819303035736, 0.12359503656625748, 0.15663868188858032, 0.20155224204063416, 0.227242574095726, 0.1830292046070099, 0.11793459206819534, 0.0911354348063469, 0.06778937578201294, 0.07730688154697418, 0.09219903498888016, 0.0856340229511261, 0.089361771941185, 0.11342369765043259, 0.11205469816923141, 0.09133337438106537, 0.08833949267864227, 0.09274055063724518, 0.08122976869344711], "tonal.hpcp.stdev": [0.14324717223644257, 0.10909871011972427, 0.09849228709936142, 0.09556586295366287, 0.08710131049156189, 0.09675315767526627, 0.14405690133571625, 0.22520285844802856, 0.21980257332324982, 0.2161683291196823, 0.2532951235771179, 0.260870099067688, 0.2653125822544098, 0.2903892397880554, 0.33460408449172974, 0.29206597805023193, 0.26748380064964294, 0.26236778497695923, 0.2412516474723816, 0.2800188660621643, 0.30703243613243103, 0.32840079069137573, 0.289037823677063, 0.23127862811088562, 0.2065163552761078, 0.15883950889110565, 0.17172804474830627, 0.19449125230312347, 0.16658493876457214, 0.16365882754325867, 0.20166456699371338, 0.20556756854057312, 0.17268195748329163, 0.1634337306022644, 0.18876983225345612, 0.17316056787967682], "rhythm.beats_position": [0.5804988741874695, 1.160997748374939, 1.729886531829834, 2.2987754344940186, 2.8560543060302734, 3.4133331775665283, 3.982222080230713, 4.551111221313477, 5.108389854431152, 5.665668964385986, 6.222947597503662, 6.791836738586426, 7.360725402832031, 7.918004512786865, 8.4752836227417, 9.032562255859375, 9.60145092010498, 10.170339584350586, 10.727619171142578, 11.296507835388184, 11.865396499633789, 12.422675132751465, 12.979954719543457, 13.548843383789062, 14.117732048034668, 14.675010681152344, 15.243900299072266, 15.801178932189941, 16.370067596435547, 16.92734718322754, 17.4846248626709, 18.04190444946289, 18.599184036254883, 19.156461715698242, 19.725351333618164, 20.294239044189453, 20.851518630981445, 21.420408248901367, 21.989295959472656, 22.54657554626465, 23.10385513305664, 23.67274284362793, 24.230022430419922, 24.798912048339844, 25.356189727783203, 25.913469314575195, 26.482357025146484, 27.051246643066406, 27.620136260986328, 28.200634002685547, 28.76952362060547, 29.350021362304688], "rhythm.bpm_histogram": [0.0, 0.0, 0.0, 0.0, 0.0, 0.0, 0.0, 0.0, 0.0, 0.0, 0.0, 0.0, 0.0, 0.0, 0.0, 0.0, 0.0, 0.0, 0.0, 0.0, 0.0, 0.0, 0.0, 0.0, 0.0, 0.0, 0.0, 0.0, 0.0, 0.0, 0.0, 0.0, 0.0, 0.0, 0.0, 0.0, 0.0, 0.0, 0.0, 0.0, 0.0, 0.0, 0.0, 0.0, 0.0, 0.0, 0.0, 0.0, 0.0, 0.0, 0.0, 0.0, 0.0, 0.0, 0.0, 0.0, 0.0, 0.0, 0.0, 0.0, 0.0, 0.0, 0.0, 0.0, 0.0, 0.0, 0.0, 0.0, 0.0, 0.0, 0.0, 0.0, 0.0, 0.0, 0.0, 0.0, 0.0, 0.0, 0.0, 0.0, 0.0, 0.0, 0.0, 0.0, 0.0, 0.0, 0.0, 0.0, 0.0, 0.0, 0.0, 0.0, 0.0, 0.0, 0.0, 0.0, 0.0, 0.0, 0.0, 0.0, 0.0, 0.0, 0.0, 0.05882352963089943, 0.0, 0.47058823704719543, 0.0, 0.0, 0.47058823704719543, 0.0, 0.0, 0.0, 0.0, 0.0, 0.0, 0.0, 0.0, 0.0, 0.0, 0.0, 0.0, 0.0, 0.0, 0.0, 0.0, 0.0, 0.0, 0.0, 0.0, 0.0, 0.0, 0.0, 0.0, 0.0, 0.0, 0.0, 0.0, 0.0, 0.0, 0.0, 0.0, 0.0, 0.0, 0.0, 0.0, 0.0, 0.0, 0.0, 0.0, 0.0, 0.0, 0.0, 0.0, 0.0, 0.0, 0.0, 0.0, 0.0, 0.0, 0.0, 0.0, 0.0, 0.0, 0.0, 0.0, 0.0, 0.0, 0.0, 0.0, 0.0, 0.0, 0.0, 0.0, 0.0, 0.0, 0.0, 0.0, 0.0, 0.0, 0.0, 0.0, 0.0, 0.0, 0.0, 0.0, 0.0, 0.0, 0.0, 0.0, 0.0, 0.0, 0.0, 0.0, 0.0, 0.0, 0.0, 0.0, 0.0, 0.0, 0.0, 0.0, 0.0, 0.0, 0.0, 0.0, 0.0, 0.0, 0.0, 0.0, 0.0, 0.0, 0.0, 0.0, 0.0, 0.0, 0.0, 0.0, 0.0, 0.0, 0.0, 0.0, 0.0, 0.0, 0.0, 0.0, 0.0, 0.0, 0.0, 0.0, 0.0, 0.0, 0.0, 0.0, 0.0, 0.0, 0.0, 0.0, 0.0, 0.0, 0.0, 0.0, 0.0, 0.0, 0.0, 0.0, 0.0, 0.0, 0.0, 0.0, 0.0], "tonal.chords_histogram": [30.709877014160156, 0.0, 0.15432098507881165, 12.037036895751953, 0.0, 6.635802268981934, 0.0, 1.2345678806304932, 0.0, 8.796296119689941, 13.117283821105957, 0.0, 0.0, 0.0, 0.0, 0.0, 0.0, 15.895061492919922, 0.0, 3.2407407760620117, 1.080246925354004, 0.0, 2.160493850708008, 4.938271522521973], "tonal.thpcp": [1.0, 0.8054353594779968, 0.5189810395240784, 0.40104910731315613, 0.29831284284591675, 0.3401954174041748, 0.40572959184646606, 0.37683969736099243, 0.3932439684867859, 0.4991304874420166, 0.49310609698295593, 0.4019201695919037, 0.38874533772468567, 0.4081125557422638, 0.3574584126472473, 0.24847720563411713, 0.17477552592754364, 0.15307354927062988, 0.13882125914096832, 0.13820570707321167, 0.17712751030921936, 0.29855281114578247, 0.4518261253833771, 0.47950828075408936, 0.49211767315864563, 0.5752509832382202, 0.6517171859741211, 0.6853851079940796, 0.7952054738998413, 0.8966782093048096, 0.7613888382911682, 0.6044795513153076, 0.5552741885185242, 0.5438902974128723, 0.6893016695976257, 0.886947512626648], "lowlevel.gfcc.cov": [[1316.74609375, 325.9689025878906, 320.8426208496094, 242.39138793945312, 146.24180603027344, 140.58570861816406, 27.363452911376953, 37.230377197265625, 40.5295295715332, -32.743648529052734, 21.039567947387695, -34.57916259765625, 2.055238962173462], [325.9689025878906, 464.697021484375, 301.5704650878906, 240.15789794921875, 263.498291015625, 139.80422973632812, 151.67416381835938, 78.91059875488281, 97.76567077636719, 19.428056716918945, 58.48012161254883, 12.091885566711426, 31.863750457763672], [320.8426208496094, 301.5704650878906, 614.6625366210938, 500.8980712890625, 318.74029541015625, 216.79701232910156, 69.12252044677734, 59.071231842041016, 39.50639343261719, -29.307167053222656, 49.69935607910156, 17.966136932373047, 73.11205291748047], [242.39138793945312, 240.15789794921875, 500.8980712890625, 484.37109375, 303.3149108886719, 193.4286651611328, 53.319580078125, 47.48389434814453, 44.83333206176758, -16.947181701660156, 45.46338653564453, 3.9793784618377686, 61.36582946777344], [146.24180603027344, 263.498291015625, 318.74029541015625, 303.3149108886719, 334.9044494628906, 190.93270874023438, 140.73379516601562, 92.64540100097656, 90.06688690185547, 30.95472526550293, 48.59336471557617, 11.410305976867676, 44.77302551269531], [140.58570861816406, 139.80422973632812, 216.79701232910156, 193.4286651611328, 190.93270874023438, 211.04855346679688, 142.85984802246094, 100.93267822265625, 62.458984375, 16.122753143310547, 48.517967224121094, 21.18446159362793, 42.82820129394531], [27.363452911376953, 151.67416381835938, 69.12252044677734, 53.319580078125, 140.73379516601562, 142.85984802246094, 213.1772003173828, 111.70032501220703, 68.56450653076172, 22.108287811279297, 40.127471923828125, 37.29243850708008, 23.950986862182617], [37.230377197265625, 78.91059875488281, 59.071231842041016, 47.48389434814453, 92.64540100097656, 100.93267822265625, 111.70032501220703, 116.54403686523438, 77.06147003173828, 39.71867752075195, 36.96094512939453, 15.220783233642578, 20.8011474609375], [40.5295295715332, 97.76567077636719, 39.50639343261719, 44.83333206176758, 90.06688690185547, 62.458984375, 68.56450653076172, 77.06147003173828, 122.66358184814453, 80.63127136230469, 44.011810302734375, -4.284804821014404, 4.801567077636719], [-32.743648529052734, 19.428056716918945, -29.307167053222656, -16.947181701660156, 30.95472526550293, 16.122753143310547, 22.108287811279297, 39.71867752075195, 80.63127136230469, 101.0101089477539, 42.080142974853516, -5.203969955444336, -5.4222917556762695], [21.039567947387695, 58.48012161254883, 49.69935607910156, 45.46338653564453, 48.59336471557617, 48.517967224121094, 40.127471923828125, 36.96094512939453, 44.011810302734375, 42.080142974853516, 67.65713500976562, 23.580331802368164, 11.432893753051758], [-34.57916259765625, 12.091885566711426, 17.966136932373047, 3.9793784618377686, 11.410305976867676, 21.18446159362793, 37.29243850708008, 15.220783233642578, -4.284804821014404, -5.203969955444336, 23.580331802368164, 63.755027770996094, 32.569419860839844], [2.055238962173462, 31.863750457763672, 73.11205291748047, 61.36582946777344, 44.77302551269531, 42.82820129394531, 23.950986862182617, 20.8011474609375, 4.801567077636719, -5.4222917556762695, 11.432893753051758, 32.569419860839844, 62.22090148925781]], "lowlevel.gfcc.icov": [[0.0011335571762174368, -0.0011158565757796168, -0.00019089042325504124, 0.00011921783880097792, 0.0007473966106772423, -0.0014553257497027516, 0.0011506607988849282, -0.00026935135247185826, -0.000182805466465652, 0.00047608488239347935, 0.0002859738888218999, 0.00020347496320027858, 0.0006483017932623625], [-0.0011158565757796168, 0.007183000911027193, -0.0033727800473570824, 0.0022969436831772327, -0.004024694208055735, 0.005076308734714985, -0.0052794222719967365, 0.0030277289915829897, -0.004109478089958429, 0.003061966970562935, -0.00403929827734828, 0.0024652525316923857, -0.0014861150411888957], [-0.00019089042325504124, -0.0033727800473570824, 0.013245495967566967, -0.011996394954621792, 0.0013461699709296227, -0.0032371317502111197, 0.003205422544851899, -0.0028134030289947987, 0.0029948989395052195, -0.00033698690822348, 0.001699045649729669, -0.0033452825155109167, 0.0001456738100387156], [0.00011921783880097792, 0.0022969436831772327, -0.011996394954621792, 0.019674507901072502, -0.007999999448657036, -0.0020686876960098743, 0.003106478601694107, 0.003819864010438323, -0.0037857333663851023, 0.005256543401628733, -0.00508411368355155, 0.004471409600228071, -0.002436468843370676], [0.0007473966106772423, -0.004024694208055735, 0.0013461699709296227, -0.007999999448657036, 0.015404732897877693, -0.004457640927284956, -0.003089082892984152, 2.4592545742052607e-05, -0.00045843934640288353, -0.00512665044516325, 0.005281883757561445, -0.0008923994028009474, 0.000594062905292958], [-0.0014553257497027516, 0.005076308734714985, -0.0032371317502111197, -0.0020686876960098743, -0.004457640927284956, 0.02350618876516819, -0.011715617962181568, -0.004953062627464533, 0.00121256522834301, 0.0013006763765588403, -0.006872904486954212, 0.0057076336815953255, -0.0052191708236932755], [0.0011506607988849282, -0.0052794222719967365, 0.003205422544851899, 0.003106478601694107, -0.003089082892984152, -0.011715617962181568, 0.0213132593780756, -0.009582720696926117, 0.00043671997264027596, 0.0030102015007287264, 0.00297165778465569, -0.008790766820311546, 0.005405834410339594], [-0.00026935135247185826, 0.0030277289915829897, -0.0028134030289947987, 0.003819864010438323, 2.4592545742052607e-05, -0.004953062627464533, -0.009582720696926117, 0.02966419607400894, -0.014136428013443947, 0.002617067191749811, -0.0025656598154455423, 0.0024147345684468746, -0.0043134503066539764], [-0.000182805466465652, -0.004109478089958429, 0.0029948989395052195, -0.0037857333663851023, -0.00045843934640288353, 0.00121256522834301, 0.00043671997264027596, -0.014136428013443947, 0.0336625836789608, -0.020609598606824875, 0.0006842841394245625, 0.0030694976449012756, 0.0002519863483030349], [0.00047608488239347935, 0.003061966970562935, -0.00033698690822348, 0.005256543401628733, -0.00512665044516325, 0.0013006763765588403, 0.0030102015007287264, 0.002617067191749811, -0.020609598606824875, 0.03289392217993736, -0.015156497247517109, 0.004937296267598867, -0.0009544584900140762], [0.0002859738888218999, -0.00403929827734828, 0.001699045649729669, -0.00508411368355155, 0.005281883757561445, -0.006872904486954212, 0.00297165778465569, -0.0025656598154455423, 0.0006842841394245625, -0.015156497247517109, 0.03471795469522476, -0.016409168019890785, 0.0065571884624660015], [0.00020347496320027858, 0.0024652525316923857, -0.0033452825155109167, 0.004471409600228071, -0.0008923994028009474, 0.0057076336815953255, -0.008790766820311546, 0.0024147345684468746, 0.0030694976449012756, 0.004937296267598867, -0.016409168019890785, 0.03428257256746292, -0.017194893211126328], [0.0006483017932623625, -0.0014861150411888957, 0.0001456738100387156, -0.002436468843370676, 0.000594062905292958, -0.0052191708236932755, 0.005405834410339594, -0.0043134503066539764, 0.0002519863483030349, -0.0009544584900140762, 0.0065571884624660015, -0.017194893211126328, 0.029262518510222435]], "lowlevel.mfcc.cov": [[1187.5767822265625, 124.10465240478516, 214.49038696289062, 95.76910400390625, 120.35047912597656, 82.77747344970703, 16.614574432373047, 64.2597885131836, -13.172713279724121, 71.0086441040039, -25.226470947265625, 45.735801696777344, 8.608246803283691], [124.10465240478516, 364.2060241699219, 18.2287540435791, 104.61563110351562, 71.31909942626953, 78.43296813964844, 103.30341339111328, 77.48177337646484, 95.68762969970703, 52.167301177978516, 77.20279693603516, 42.811798095703125, 41.52536392211914], [214.49038696289062, 18.2287540435791, 460.31878662109375, 281.99359130859375, 270.4725341796875, 169.92620849609375, 93.34107971191406, 112.57492065429688, 18.01141929626465, 40.31443786621094, -65.96739959716797, 57.28662109375, 32.096946716308594], [95.76910400390625, 104.61563110351562, 281.99359130859375, 310.40411376953125, 254.42503356933594, 163.28970336914062, 97.073486328125, 78.51924133300781, 54.358070373535156, 43.49165344238281, -17.118114471435547, 41.63484573364258, 36.511051177978516], [120.35047912597656, 71.31909942626953, 270.4725341796875, 254.42503356933594, 302.5705261230469, 169.8231964111328, 92.61104583740234, 84.37742614746094, 60.917579650878906, 75.65489196777344, 4.26846981048584, 54.4644889831543, 33.62117385864258], [82.77747344970703, 78.43296813964844, 169.92620849609375, 163.28970336914062, 169.8231964111328, 166.6947784423828, 110.53758239746094, 91.86567687988281, 61.46910095214844, 57.6395149230957, 16.771242141723633, 46.91633605957031, 26.733173370361328], [16.614574432373047, 103.30341339111328, 93.34107971191406, 97.073486328125, 92.61104583740234, 110.53758239746094, 172.68246459960938, 120.48042297363281, 91.53216552734375, 24.891376495361328, 37.19445037841797, 34.2102165222168, 25.897693634033203], [64.2597885131836, 77.48177337646484, 112.57492065429688, 78.51924133300781, 84.37742614746094, 91.86567687988281, 120.48042297363281, 167.07989501953125, 69.062744140625, 38.18655014038086, 8.611723899841309, 39.596527099609375, 27.026872634887695], [-13.172713279724121, 95.68762969970703, 18.01141929626465, 54.358070373535156, 60.917579650878906, 61.46910095214844, 91.53216552734375, 69.062744140625, 128.9108428955078, 46.98491668701172, 55.39006423950195, 22.644775390625, 26.904226303100586], [71.0086441040039, 52.167301177978516, 40.31443786621094, 43.49165344238281, 75.65489196777344, 57.6395149230957, 24.891376495361328, 38.18655014038086, 46.98491668701172, 118.72708892822266, 52.75260925292969, 51.76470184326172, 16.365623474121094], [-25.226470947265625, 77.20279693603516, -65.96739959716797, -17.118114471435547, 4.26846981048584, 16.771242141723633, 37.19445037841797, 8.611723899841309, 55.39006423950195, 52.75260925292969, 116.46176147460938, 40.89276885986328, 21.539447784423828], [45.735801696777344, 42.811798095703125, 57.28662109375, 41.63484573364258, 54.4644889831543, 46.91633605957031, 34.2102165222168, 39.596527099609375, 22.644775390625, 51.76470184326172, 40.89276885986328, 93.50297546386719, 35.72514724731445], [8.608246803283691, 41.52536392211914, 32.096946716308594, 36.511051177978516, 33.62117385864258, 26.733173370361328, 25.897693634033203, 27.026872634887695, 26.904226303100586, 16.365623474121094, 21.539447784423828, 35.72514724731445, 65.37508392333984]], "lowlevel.mfcc.icov": [[0.001049294718541205, -0.0006251057493500412, -0.0006945199565961957, 0.0006611772696487606, -0.00012153734860476106, -0.00023598804546054453, 0.0003293063200544566, -9.43216509767808e-05, 0.00040504918433725834, -0.0005270974361337721, 0.00029698037542402744, 1.6811578461783938e-05, 0.00015639116463717073], [-0.0006251057493500412, 0.004735996481031179, 0.0014669994125142694, -0.003228908171877265, 0.0012150808470323682, 0.00032845971873030066, -0.0008847768767736852, -0.0009300794918090105, -0.0009693237952888012, -7.5878320785705e-05, -0.002011297270655632, -2.7579071684158407e-05, -0.0007714328821748495], [-0.0006945199565961957, 0.0014669994125142694, 0.008214735426008701, -0.004298010841012001, -0.002743692137300968, -0.00029513100162148476, -0.0008458015508949757, -0.0019802937749773264, 0.001481340848840773, 0.0002078106190310791, 0.00358530948869884, -0.002496888395398855, -0.0002661544131115079], [0.0006611772696487606, -0.003228908171877265, -0.004298010841012001, 0.016189077869057655, -0.007953033782541752, -0.004109635017812252, -0.0002793505263980478, 0.002954472554847598, -0.0010321695590391755, 0.0018083950271829963, 0.0026667758356779814, 0.0008489021565765142, -0.00167789903935045], [-0.00012153734860476106, 0.0012150808470323682, -0.002743692137300968, -0.007953033782541752, 0.015740420669317245, -0.0055839382112026215, 0.0017414558678865433, 0.00017946424486581236, -0.0013958654599264264, -0.0031734348740428686, -0.002025345806032419, 0.0005530768539756536, 0.00019117713964078575], [-0.00023598804546054453, 0.00032845971873030066, -0.00029513100162148476, -0.004109635017812252, -0.0055839382112026215, 0.02405823953449726, -0.00966734066605568, -0.0007440700428560376, 0.0014984785811975598, -0.004634017590433359, 0.0005704541690647602, -0.0012099766172468662, 0.0004501963558141142], [0.0003293063200544566, -0.0008847768767736852, -0.0008458015508949757, -0.0002793505263980478, 0.0017414558678865433, -0.00966734066605568, 0.022176235914230347, -0.009466808289289474, -0.006772999186068773, 0.007482096087187529, -0.0053544482216238976, -0.00036498281406238675, 0.002154196612536907], [-9.43216509767808e-05, -0.0009300794918090105, -0.0019802937749773264, 0.002954472554847598, 0.00017946424486581236, -0.0007440700428560376, -0.009466808289289474, 0.015572435222566128, -0.0020787303801625967, -0.003186929039657116, 0.005284118931740522, -0.0019308860646560788, -0.0015828196192160249], [0.00040504918433725834, -0.0009693237952888012, 0.001481340848840773, -0.0010321695590391755, -0.0013958654599264264, 0.0014984785811975598, -0.006772999186068773, -0.0020787303801625967, 0.01778685860335827, -0.004471681546419859, -0.003764484776183963, 0.004266728181391954, -0.0032327661756426096], [-0.0005270974361337721, -7.5878320785705e-05, 0.0002078106190310791, 0.0018083950271829963, -0.0031734348740428686, -0.004634017590433359, 0.007482096087187529, -0.003186929039657116, -0.004471681546419859, 0.018029052764177322, -0.005759409628808498, -0.005404242780059576, 0.0030639253091067076], [0.00029698037542402744, -0.002011297270655632, 0.00358530948869884, 0.0026667758356779814, -0.002025345806032419, 0.0005704541690647602, -0.0053544482216238976, 0.005284118931740522, -0.003764484776183963, -0.005759409628808498, 0.020628638565540314, -0.0062907845713198185, -0.001634188462048769], [1.6811578461783938e-05, -2.7579071684158407e-05, -0.002496888395398855, 0.0008489021565765142, 0.0005530768539756536, -0.0012099766172468662, -0.00036498281406238675, -0.0019308860646560788, 0.004266728181391954, -0.005404242780059576, -0.0062907845713198185, 0.020759830251336098, -0.007754621561616659], [0.00015639116463717073, -0.0007714328821748495, -0.0002661544131115079, -0.00167789903935045, 0.00019117713964078575, 0.0004501963558141142, 0.002154196612536907, -0.0015828196192160249, -0.0032327661756426096, 0.0030639253091067076, -0.001634188462048769, -0.007754621561616659, 0.021691536530852318]], "metadata.audio_properties.analysis.downmix": "mix", "metadata.audio_properties.codec": "mp3", "metadata.audio_properties.md5_encoded": "54b96d7f3a03e24ea3f727d3444eb8cc", "metadata.tags.file_name": "1182285620777865377.mp3", "metadata.version.essentia": "2.1-beta6-dev", "metadata.version.essentia_git_sha": "v2.1_beta5-1110-g77a6a954", "metadata.version.extractor": "music 2.0", "tonal.chords_key": "C#", "tonal.chords_scale": "minor", "tonal.key_edma.key": "C#", "tonal.key_edma.scale": "minor", "tonal.key_krumhansl.key": "C#", "tonal.key_krumhansl.scale": "minor", "tonal.key_temperley.key": "C#", "tonal.key_temperley.scale": "minor", "metadata.tags.encoding": ["Lavf58.45.100"]}, "essentia_models": [{"model_name": "genre_dortmund", "activations": {"alternative": "0.011400389", "blues": "0.00051341444", "electronic": "0.12335573", "folkcountry": "0.0010499503", "funksoulrnb": "0.0076156855", "jazz": "0.00072106824", "pop": "0.0016425025", "raphiphop": "0.43830472", "rock": "0.18412223"}}, {"model_name": "genre_rosamerica", "activations": {"classic": "0.012143976", "dance": "0.00065876945", "hip hop": "0.83293074", "jazz": "0.0014962262", "pop": "0.0006