{"song_id": "1182281981812281494", "download": "https://cdn.discordapp.com/attachments/1128313332273782784/1182281981812281494/chirp.mp4?ex=658420e6&amp", "lyrics": "[verse]\nPiese\u0148 o hegem\u00f3nii, zachm\u00faren\u00e9 nebohstvo\nNad Slovenskom klope bieda, ne\u010duj\u00faci hlas\nStraten\u00fdch snov, bezmocn\u00fdch ide\u00e1lov\nOdvrhnut\u00e9 n\u00e1deje, kde je ten skuto\u010dn\u00fd zajazd\n\n[chorus]\nPiese\u0148 o hegem\u00f3nii, ticho prorokuje utrpenie\nVojny v srdciach, steny z plienok zroben\u00e9\nZ\u00fafalstvo v o\u010diach, t\u00fa\u017eba po slobode e\u0161te hor\u010d\u00ed\nPiese\u0148 vzdoru, preb\u00fadzaj sa, smelo nahlas kri\u010d", "style": ["r and b"], "essentia_features": {"lowlevel.average_loudness": 0.9858510494232178, "lowlevel.barkbands_crest.mean": 11.304776191711426, "lowlevel.barkbands_crest.stdev": 3.5469510555267334, "lowlevel.barkbands_flatness_db.mean": 0.10445776581764221, "lowlevel.barkbands_flatness_db.stdev": 0.03079214319586754, "lowlevel.barkbands_kurtosis.mean": 1.0913119316101074, "lowlevel.barkbands_kurtosis.stdev": 4.130791187286377, "lowlevel.barkbands_skewness.mean": 1.236500859260559, "lowlevel.barkbands_skewness.stdev": 0.9322976469993591, "lowlevel.barkbands_spread.mean": 41.236175537109375, "lowlevel.barkbands_spread.stdev": 13.353865623474121, "lowlevel.dissonance.mean": 0.4910449683666229, "lowlevel.dissonance.stdev": 0.008014642633497715, "lowlevel.dynamic_complexity": 1.1880873441696167, "lowlevel.erbbands_crest.mean": 7.6204752922058105, "lowlevel.erbbands_crest.stdev": 2.8924474716186523, "lowlevel.erbbands_flatness_db.mean": 0.12702810764312744, "lowlevel.erbbands_flatness_db.stdev": 0.02572605200111866, "lowlevel.erbbands_kurtosis.mean": 1.6727516651153564, "lowlevel.erbbands_kurtosis.stdev": 2.01760196685791, "lowlevel.erbbands_skewness.mean": -0.5646190643310547, "lowlevel.erbbands_skewness.stdev": 0.4974816143512726, "lowlevel.erbbands_spread.mean": 36.3463249206543, "lowlevel.erbbands_spread.stdev": 16.42477035522461, "lowlevel.hfc.mean": 42.003753662109375, "lowlevel.hfc.stdev": 14.856882095336914, "lowlevel.loudness_ebu128.integrated": -10.450589179992676, "lowlevel.loudness_ebu128.loudness_range": 0.6544952392578125, "lowlevel.loudness_ebu128.momentary.mean": -10.509705543518066, "lowlevel.loudness_ebu128.momentary.stdev": 0.7417004108428955, "lowlevel.loudness_ebu128.short_term.mean": -10.423821449279785, "lowlevel.loudness_ebu128.short_term.stdev": 0.23367702960968018, "lowlevel.melbands_crest.mean": 19.803815841674805, "lowlevel.melbands_crest.stdev": 4.659271240234375, "lowlevel.melbands_flatness_db.mean": 0.16831277310848236, "lowlevel.melbands_flatness_db.stdev": 0.041206762194633484, "lowlevel.melbands_kurtosis.mean": 12.463044166564941, "lowlevel.melbands_kurtosis.stdev": 16.29932975769043, "lowlevel.melbands_skewness.mean": 3.0695724487304688, "lowlevel.melbands_skewness.stdev": 1.5824106931686401, "lowlevel.melbands_spread.mean": 35.11868667602539, "lowlevel.melbands_spread.stdev": 17.89704704284668, "lowlevel.pitch_salience.mean": 0.47499579191207886, "lowlevel.pitch_salience.stdev": 0.11024115234613419, "lowlevel.silence_rate_20dB.mean": 1.0, "lowlevel.silence_rate_20dB.stdev": 0.0, "lowlevel.silence_rate_30dB.mean": 0.997682511806488, "lowlevel.silence_rate_30dB.stdev": 0.0480848103761673, "lowlevel.silence_rate_60dB.mean": 0.002896871417760849, "lowlevel.silence_rate_60dB.stdev": 0.05374414846301079, "lowlevel.spectral_centroid.mean": 2074.64404296875, "lowlevel.spectral_centroid.stdev": 408.4532470703125, "lowlevel.spectral_complexity.mean": 36.9107780456543, "lowlevel.spectral_complexity.stdev": 6.066746234893799, "lowlevel.spectral_decrease.mean": -1.1650366893434239e-08, "lowlevel.spectral_decrease.stdev": 5.840044003946332e-09, "lowlevel.spectral_energy.mean": 0.047780998051166534, "lowlevel.spectral_energy.stdev": 0.022236179560422897, "lowlevel.spectral_energyband_high.mean": 0.002137628151103854, "lowlevel.spectral_energyband_high.stdev": 0.001337665249593556, "lowlevel.spectral_energyband_low.mean": 0.02826486900448799, "lowlevel.spectral_energyband_low.stdev": 0.01934240013360977, "lowlevel.spectral_energyband_middle_high.mean": 0.010921904817223549, "lowlevel.spectral_energyband_middle_high.stdev": 0.005914779845625162, "lowlevel.spectral_energyband_middle_low.mean": 0.006843596696853638, "lowlevel.spectral_energyband_middle_low.stdev": 0.015507200732827187, "lowlevel.spectral_entropy.mean": 8.043072700500488, "lowlevel.spectral_entropy.stdev": 0.17261159420013428, "lowlevel.spectral_flux.mean": 0.1154136136174202, "lowlevel.spectral_flux.stdev": 0.05346810445189476, "lowlevel.spectral_kurtosis.mean": 3.3052141666412354, "lowlevel.spectral_kurtosis.stdev": 1.1707121133804321, "lowlevel.spectral_rms.mean": 0.00666863052174449, "lowlevel.spectral_rms.stdev": 0.00146463920827955, "lowlevel.spectral_rolloff.mean": 2063.7578125, "lowlevel.spectral_rolloff.stdev": 1269.2352294921875, "lowlevel.spectral_skewness.mean": 1.4166661500930786, "lowlevel.spectral_skewness.stdev": 0.20239129662513733, "lowlevel.spectral_spread.mean": 4917064.5, "lowlevel.spectral_spread.stdev": 969246.1875, "lowlevel.spectral_strongpeak.mean": 0.5536491274833679, "lowlevel.spectral_strongpeak.stdev": 0.3864351212978363, "lowlevel.zerocrossingrate.mean": 0.07665562629699707, "lowlevel.zerocrossingrate.stdev": 0.026293884962797165, "metadata.audio_properties.analysis.equal_loudness": 0.0, "metadata.audio_properties.analysis.length": 40.04265213012695, "metadata.audio_properties.analysis.sample_rate": 44100.0, "metadata.audio_properties.analysis.start_time": 0.0, "metadata.audio_properties.bit_rate": 117480.0, "metadata.audio_properties.length": 40.042667388916016, "metadata.audio_properties.lossless": 0.0, "metadata.audio_properties.number_channels": 1.0, "metadata.audio_properties.replay_gain": -14.257709503173828, "metadata.audio_properties.sample_rate": 48000.0, "rhythm.beats_count": 77.0, "rhythm.beats_loudness.mean": 0.05083918198943138, "rhythm.beats_loudness.stdev": 0.017405634745955467, "rhythm.bpm": 130.07843017578125, "rhythm.bpm_histogram_first_peak_bpm": 129.0, "rhythm.bpm_histogram_first_peak_weight": 0.4047619104385376, "rhythm.bpm_histogram_second_peak_bpm": 101.0, "rhythm.bpm_histogram_second_peak_spread": 0.550000011920929, "rhythm.bpm_histogram_second_peak_weight": 0.1184210553765297, "rhythm.danceability": 1.5708848237991333, "rhythm.onset_rate": 1.4480299949645996, "tonal.chords_changes_rate": 0.0729166641831398, "tonal.chords_number_rate": 0.0173611119389534, "tonal.chords_strength.mean": 0.4632677435874939, "tonal.chords_strength.stdev": 0.0931408554315567, "tonal.hpcp_crest.mean": 9.892724990844727, "tonal.hpcp_crest.stdev": 4.76515531539917, "tonal.hpcp_entropy.mean": 2.806020736694336, "tonal.hpcp_entropy.stdev": 0.7780181765556335, "tonal.key_edma.strength": 0.45010605454444885, "tonal.key_krumhansl.strength": 0.45130428671836853, "tonal.key_temperley.strength": 0.4510193467140198, "tonal.tuning_diatonic_strength": 0.3810528814792633, "tonal.tuning_equal_tempered_deviation": 0.21063227951526642, "tonal.tuning_frequency": 438.98455810546875, "tonal.tuning_nontempered_energy_ratio": 0.8833351135253906, "lowlevel.barkbands.mean": [0.0015201300848275423, 0.01571771129965782, 0.010752569884061813, 0.0024608317762613297, 0.0019201928516849875, 0.000764041265938431, 0.000524811155628413, 0.0002963955921586603, 0.0006210088613443077, 0.0005172733217477798, 0.0005183070315979421, 0.0014109930489212275, 0.0006958571611903608, 0.0011136000975966454, 0.0013061302015557885, 0.0016730272909626365, 0.0018762705149129033, 0.001283929799683392, 0.0005269745015539229, 0.00032630006899125874, 0.0004287332412786782, 0.00022534758318215609, 0.0004284800379537046, 0.000530078134033829, 0.00020491749455686659, 0.0001355512358713895, 1.5990126485121436e-06], "lowlevel.barkbands.stdev": [0.0016415398567914963, 0.011832273565232754, 0.011819803155958652, 0.007795091252774, 0.007366122677922249, 0.0017063991399481893, 0.0010261472780257463, 0.00045607698848471045, 0.0007982641691341996, 0.0008606078336015344, 0.0006514671258628368, 0.0026741470210254192, 0.0010141263483092189, 0.0015538771403953433, 0.0017111242050305009, 0.0013122704112902284, 0.0014470511814579368, 0.0009777714731171727, 0.00024108939396683127, 0.00017509098688606173, 0.0002297446335433051, 0.00018129947420675308, 0.00033143602195195854, 0.0004156793875154108, 0.0002014094643527642, 0.00023108760069590062, 4.606044058164116e-06], "lowlevel.erbbands.mean": [0.2367708384990692, 4.2284932136535645, 13.662564277648926, 9.004146575927734, 10.478765487670898, 3.566671371459961, 2.233304262161255, 7.325594902038574, 9.477694511413574, 6.438990116119385, 7.134966850280762, 12.524585723876953, 20.773374557495117, 14.160013198852539, 34.93004608154297, 53.52436065673828, 31.91762924194336, 55.70783996582031, 64.77438354492188, 72.33783721923828, 98.79630279541016, 107.99713897705078, 76.41365814208984, 41.663169860839844, 19.99875259399414, 15.428557395935059, 20.189149856567383, 12.47795581817627, 8.2968168258667, 9.54536247253418, 12.47173023223877, 13.202829360961914, 7.1247124671936035, 2.7595551013946533, 1.196339726448059, 0.6371220350265503, 0.2510252296924591, 0.028481215238571167, 0.0005806937115266919, 8.287662058137357e-05], "lowlevel.erbbands.stdev": [0.32736334204673767, 3.001232624053955, 13.012979507446289, 13.220963478088379, 42.91944885253906, 11.177374839782715, 5.522912502288818, 16.589323043823242, 22.170034408569336, 8.427952766418457, 9.77220630645752, 16.67325210571289, 34.95147705078125, 13.264691352844238, 49.90090560913086, 104.3516845703125, 41.02803421020508, 80.62043762207031, 77.07349395751953, 93.75460052490234, 63.409507751464844, 80.99847412109375, 58.7227897644043, 20.152332305908203, 8.76891803741455, 7.9975481033325195, 10.72574234008789, 7.379063606262207, 6.572376728057861, 8.153404235839844, 9.452102661132812, 10.117473602294922, 5.939988613128662, 2.4419002532958984, 1.391995906829834, 1.0169538259506226, 0.456921249628067, 0.05201736465096474, 0.0009814066579565406, 4.3993539293296635e-05], "lowlevel.gfcc.mean": [67.07095336914062, 48.25798034667969, -118.57940673828125, 51.23003387451172, -34.11478805541992, 39.06999206542969, -37.19121551513672, 26.92599105834961, -16.441667556762695, 4.174757957458496, -18.425920486450195, 2.966834783554077, -18.023881912231445], "lowlevel.melbands.mean": [0.00327564706094563, 0.006587008014321327, 0.0017107196617871523, 0.0004963243845850229, 7.721194560872391e-05, 0.00016866077203303576, 0.00013835089339409024, 6.75755218253471e-05, 5.900885662413202e-05, 8.748162508709356e-05, 0.00010273585212416947, 5.2530711400322616e-05, 8.999517740448937e-05, 0.0001767046342138201, 7.954004831844941e-05, 7.517430640291423e-05, 0.00010710866627050564, 0.00010064560774480924, 9.779082029126585e-05, 9.87276725936681e-05, 0.00011953533976338804, 0.00011206932686036453, 9.423840674571693e-05, 5.298286851029843e-05, 3.216033655917272e-05, 1.6442583728348836e-05, 1.095693551178556e-05, 9.832147952693049e-06, 1.2745806998282205e-05, 1.107405660150107e-05, 5.8224254644301254e-06, 4.458929197426187e-06, 4.548417109617731e-06, 5.7563015616324265e-06, 6.852608294138918e-06, 8.002116373972967e-06, 8.393668395001441e-06, 5.620842330245068e-06, 3.150042630295502e-06, 1.979315584321739e-06], "lowlevel.melbands.stdev": [0.0028871078975498676, 0.005070196930319071, 0.0033167891670018435, 0.0019536118488758802, 0.0001899808703456074, 0.00038392122951336205, 0.00030177950975485146, 9.227072587236762e-05, 7.548319263150916e-05, 0.00011794462625402957, 0.0001746819616528228, 5.2045874326722696e-05, 0.00011833196913357824, 0.00034973895526491106, 0.0001250205241376534, 0.000107271371234674, 0.00016910814156290144, 0.00012277568748686463, 0.00013416403089649975, 0.00010999265941791236, 7.896353054093197e-05, 8.748441905481741e-05, 8.409624570049345e-05, 3.932072650059126e-05, 1.6294148736051284e-05, 8.178933967428748e-06, 5.826303549838485e-06, 5.728777523472672e-06, 7.210272997326683e-06, 6.600832421099767e-06, 3.860875040118117e-06, 3.6572496355802286e-06, 4.084984539076686e-06, 5.326588507159613e-06, 5.509767561306944e-06, 6.16227362115751e-06, 6.77940079185646e-06, 4.807804089068668e-06, 2.858425659724162e-06, 1.8739658571576001e-06], "lowlevel.melbands128.mean": [0.0006614900776185095, 0.001333797350525856, 0.0035310438834130764, 0.008464296348392963, 0.008420837111771107, 0.004426705650985241, 0.0016431215917691588, 0.0012866711476817727, 0.0011965878074988723, 0.0004018259351141751, 0.00011268276284681633, 8.054763748077676e-05, 6.555353320436552e-05, 7.272161747096106e-05, 0.00012413080548867583, 0.00027447333559393883, 0.00021846132585778832, 8.743127546040341e-05, 7.404650386888534e-05, 7.312626257771626e-05, 6.220676732482389e-05, 5.921977572143078e-05, 5.608115316135809e-05, 6.135163857834414e-05, 6.832519284216687e-05, 9.435291576664895e-05, 0.00014193376409821212, 0.00011580736463656649, 5.984819290461019e-05, 4.890799755230546e-05, 4.8261375923175365e-05, 6.076527643017471e-05, 7.691729115322232e-05, 0.00011317343887640163, 0.00018549022206570953, 0.00022110123245511204, 0.00012674553727265447, 6.264941475819796e-05, 5.69827898289077e-05, 6.157516327220947e-05, 7.861899939598516e-05, 9.717152715893462e-05, 0.0001098113862099126, 0.0001173514174297452, 8.869203156791627e-05, 9.430074715055525e-05, 0.00012126367073506117, 9.141372720478103e-05, 8.977393736131489e-05, 0.00010489254782442003, 8.839305519359186e-05, 0.0001055981483659707, 0.0001275776739930734, 0.00012208432599436492, 0.00010992832540068775, 0.0001118742220569402, 0.00011418341455282643, 0.00010798995208460838, 8.983458246802911e-05, 6.0454443882917985e-05, 4.991610694560222e-05, 5.0461021601222456e-05, 3.718730295076966e-05, 2.8382202799548395e-05, 1.9604278350016102e-05, 1.7134192603407428e-05, 1.3791685887554195e-05, 1.1455361345724668e-05, 1.0482785910426173e-05, 1.0057779945782386e-05, 9.186194802168757e-06, 9.43046688917093e-06, 1.2168482498964295e-05, 1.358806184725836e-05, 1.341549250355456e-05, 1.2420046914485283e-05, 9.743816008267459e-06, 7.14242332833237e-06, 5.465464710141532e-06, 4.189259016129654e-06, 4.299187821743544e-06, 4.599604835675564e-06, 4.78224274047534e-06, 4.533788342087064e-06, 4.211699888401199e-06, 5.199216047913069e-06, 6.196807134983828e-06, 7.108199952199357e-06, 6.348756414809031e-06, 7.283645118150162e-06, 7.803490916558076e-06, 8.593622624175623e-06, 7.588701919303276e-06, 8.688252819410991e-06, 9.021852747537196e-06, 6.733081590937218e-06, 4.947196885041194e-06, 3.7839540709683206e-06, 3.1392833079735283e-06, 2.9317479857127182e-06, 2.369165940763196e-06, 1.8314931367058307e-06, 1.4661781051472644e-06, 1.355132440039597e-06, 1.1736041187759838e-06, 1.2950148402524064e-06, 1.483639039179252e-06, 1.1603044640651206e-06, 9.84525058811414e-07, 1.041337100105011e-06, 1.1081917818955844e-06, 8.081790952019219e-07, 8.706028893357143e-07, 7.283210834430065e-07, 4.830095576835447e-07, 3.318366736948519e-07, 7.180943839557585e-08, 4.320557245307555e-09, 8.502816506439359e-12, 8.017075718569355e-12, 7.65894812848611e-12, 7.390280228058987e-12, 7.1412853928920494e-12, 6.852165102683161e-12, 6.395673487341602e-12, 5.778452803056888e-12, 5.46457844252668e-12, 5.393427458116884e-12], "lowlevel.melbands128.stdev": [0.0012401929125189781, 0.003109916113317013, 0.0037380794528871775, 0.0061341142281889915, 0.007579570170491934, 0.004931339528411627, 0.002249275567010045, 0.004948494490236044, 0.005239652935415506, 0.001567885628901422, 0.00031751813367009163, 0.00021983349870424718, 0.000225095049245283, 0.00014038402878213674, 0.00025961894425563514, 0.0008168236818164587, 0.0006456897826865315, 0.00020335722365416586, 0.0001628304598852992, 0.00010175515490118414, 0.00010806479986058548, 0.0001356481370748952, 8.071090269368142e-05, 9.081650932785124e-05, 0.00014005863340571523, 0.00017201312584802508, 0.00026081615942530334, 0.0002793380699586123, 0.00012831766798626631, 6.100486280047335e-05, 5.744737427448854e-05, 8.290949335787445e-05, 0.00011531342170201242, 0.0002108557237079367, 0.0004239274130668491, 0.0005731989513151348, 0.00033857044763863087, 0.00011650923261186108, 0.00010509118146728724, 0.00011859404185088351, 0.000141048789373599, 0.00017808229313232005, 0.00024467415641993284, 0.0002244846837129444, 0.00012769312888849527, 0.00014250750245992094, 0.00020482204854488373, 0.0001585341669851914, 0.0001728228380670771, 0.00022011881810612977, 0.00011108366015832871, 9.788012539502233e-05, 0.00010609945456963032, 0.00010940423817373812, 0.00010344582551624626, 0.00011122216528747231, 0.00012062799942214042, 0.00011794755846494809, 0.0001051655417541042, 6.056200072634965e-05, 4.834219362237491e-05, 4.2914238292723894e-05, 2.5944993467419408e-05, 1.9932034774683416e-05, 1.2621134374057874e-05, 1.2349271855782717e-05, 9.286888598580845e-06, 7.972636922204401e-06, 7.570575689896941e-06, 7.365900728473207e-06, 7.094972716004122e-06, 7.059759354888229e-06, 9.340630640508607e-06, 9.513711120234802e-06, 9.486047929385677e-06, 8.879217602952849e-06, 7.674484550079796e-06, 5.444658199849073e-06, 4.446520961209899e-06, 3.784711907428573e-06, 4.0304739741259255e-06, 4.673614057537634e-06, 4.680307483795332e-06, 4.9004447646439075e-06, 4.109962901566178e-06, 5.4203273975872435e-06, 7.072055268508848e-06, 6.907384886289947e-06, 5.82138636673335e-06, 6.690466761938296e-06, 6.740821390849305e-06, 7.626678780070506e-06, 7.1135036705527455e-06, 7.885708328103647e-06, 8.197839633794501e-06, 6.2214230638346635e-06, 4.735135917144362e-06, 4.403518687468022e-06, 3.2360719615098787e-06, 2.805032636388205e-06, 2.325131845282158e-06, 2.089918325509643e-06, 1.7033067933880375e-06, 1.6653721104376018e-06, 1.4614687415814842e-06, 1.999760115722893e-06, 2.5615015601943014e-06, 1.8023483789875172e-06, 1.707496949165943e-06, 1.971997789951274e-06, 2.2779443042963976e-06, 1.5803991573193343e-06, 1.7280551674048183e-06, 1.3704935781788663e-06, 9.184790314975544e-07, 6.838365607109154e-07, 1.9290686736894713e-07, 2.547399979846432e-08, 3.932158418318288e-11, 3.600675313464308e-11, 3.0756903968143234e-11, 2.7218581555299437e-11, 2.4787071700727026e-11, 2.0836389905132258e-11, 1.5243714276969023e-11, 8.784125336835924e-12, 7.531349675848897e-12, 7.474077780289523e-12], "lowlevel.mfcc.mean": [-572.5503540039062, 76.67733001708984, -8.636809349060059, 22.11519432067871, 30.662097930908203, 14.693391799926758, 7.874575614929199, 20.280101776123047, 10.098960876464844, 10.916840553283691, 0.5377804040908813, 13.709061622619629, -1.0187839269638062], "lowlevel.spectral_contrast_coeffs.mean": [-0.672325611114502, -0.8121281862258911, -0.807722270488739, -0.7903088331222534, -0.7801816463470459, -0.769347071647644], "lowlevel.spectral_contrast_coeffs.stdev": [0.06535091251134872, 0.0560123436152935, 0.0480462908744812, 0.03650200739502907, 0.032189320772886276, 0.021637683734297752], "lowlevel.spectral_contrast_valleys.mean": [-6.7352294921875, -6.648899078369141, -6.733998775482178, -6.51568603515625, -6.52297306060791, -9.05341911315918], "lowlevel.spectral_contrast_valleys.stdev": [0.5414948463439941, 0.4168592691421509, 0.4410017728805542, 0.36632418632507324, 0.29517510533332825, 0.45679259300231934], "rhythm.beats_loudness_band_ratio.mean": [0.6667643189430237, 0.05352029576897621, 0.038361795246601105, 0.07027193158864975, 0.1389474868774414, 0.06524515897035599], "rhythm.beats_loudness_band_ratio.stdev": [0.13370190560817719, 0.06928334385156631, 0.03239213302731514, 0.05989296734333038, 0.07935560494661331, 0.0479578971862793], "tonal.hpcp.mean": [0.1268278956413269, 0.07876071333885193, 0.03974096104502678, 0.03652915358543396, 0.033553596585989, 0.07106412947177887, 0.12997077405452728, 0.11041123420000076, 0.06563282757997513, 0.0596415139734745, 0.05293078348040581, 0.050310034304857254, 0.05464749038219452, 0.057562436908483505, 0.06374391168355942, 0.09478219598531723, 0.09370461851358414, 0.057456325739622116, 0.04797741398215294, 0.05557134374976158, 0.09008733183145523, 0.2013532966375351, 0.21621058881282806, 0.19138842821121216, 0.2497349977493286, 0.18174797296524048, 0.10738401859998703, 0.14008429646492004, 0.15318775177001953, 0.16194836795330048, 0.16599000990390778, 0.1092415302991867, 0.06306377798318863, 0.05318021774291992, 0.05327124148607254, 0.09662680327892303], "tonal.hpcp.stdev": [0.2887955904006958, 0.1716071516275406, 0.09827367961406708, 0.10182704776525497, 0.08443156629800797, 0.14696790277957916, 0.2486005574464798, 0.20306314527988434, 0.13319958746433258, 0.11836308985948563, 0.0938149094581604, 0.0885738655924797, 0.09546171873807907, 0.09714791923761368, 0.11149458587169647, 0.21023249626159668, 0.20611993968486786, 0.11708741635084152, 0.09763222187757492, 0.1142912432551384, 0.17576393485069275, 0.33144572377204895, 0.3405911922454834, 0.2812857925891876, 0.3808307647705078, 0.2962801158428192, 0.21719780564308167, 0.2727736830711365, 0.26816272735595703, 0.2753012478351593, 0.30115315318107605, 0.21494077146053314, 0.16006603837013245, 0.14278943836688995, 0.15551510453224182, 0.20611447095870972], "rhythm.beats_position": [0.4760090708732605, 0.9752380847930908, 1.4628571271896362, 1.9504761695861816, 2.4380950927734375, 2.9257142543792725, 3.4133331775665283, 3.8893423080444336, 4.36535120010376, 4.8297505378723145, 5.294149398803711, 5.758548736572266, 6.222947597503662, 6.675736904144287, 7.140135765075684, 7.592925071716309, 8.045714378356934, 8.498503684997559, 8.962902069091797, 9.427301406860352, 9.891700744628906, 10.356099128723145, 10.8204984664917, 11.284897804260254, 11.749297142028809, 12.202085494995117, 12.666484832763672, 13.119274139404297, 13.560453414916992, 14.001632690429688, 14.454421043395996, 14.907210350036621, 15.359999656677246, 15.8243989944458, 16.27718734741211, 16.729976654052734, 17.19437599182129, 17.658775329589844, 18.11156463623047, 18.564353942871094, 19.01714324951172, 19.48154067993164, 19.945940017700195, 20.41033935546875, 20.874738693237305, 21.33913803100586, 21.803537368774414, 22.26793670654297, 22.732336044311523, 23.208343505859375, 23.67274284362793, 24.26485252380371, 24.84535026550293, 25.42584991455078, 25.994739532470703, 26.58684730529785, 27.213787078857422, 27.84072494506836, 28.46766471862793, 29.106212615966797, 29.744760513305664, 30.360090255737305, 30.975418090820312, 31.602357864379883, 32.21768569946289, 32.82140350341797, 33.42512512207031, 34.017234802246094, 34.60934066772461, 35.20145034790039, 35.78194808959961, 36.362449645996094, 36.95455551147461, 37.54666519165039, 38.13877487182617, 38.73088455200195, 39.33460235595703], "rhythm.bpm_histogram": [0.0, 0.0, 0.0, 0.0, 0.0, 0.0, 0.0, 0.0, 0.0, 0.0, 0.0, 0.0, 0.0, 0.0, 0.0, 0.0, 0.0, 0.0, 0.0, 0.0, 0.0, 0.0, 0.0, 0.0, 0.0, 0.0, 0.0, 0.0, 0.0, 0.0, 0.0, 0.0, 0.0, 0.0, 0.0, 0.0, 0.0, 0.0, 0.0, 0.0, 0.0, 0.0, 0.0, 0.0, 0.0, 0.0, 0.0, 0.0, 0.0, 0.0, 0.0, 0.0, 0.0, 0.0, 0.0, 0.0, 0.0, 0.0, 0.0, 0.0, 0.0, 0.0, 0.0, 0.0, 0.0, 0.0, 0.0, 0.0, 0.0, 0.0, 0.0, 0.0, 0.0, 0.0, 0.0, 0.0, 0.0, 0.0, 0.0, 0.0, 0.0, 0.0, 0.0, 0.0, 0.0, 0.0, 0.0, 0.0, 0.0, 0.0, 0.0, 0.0, 0.0, 0.0, 0.02631578966975212, 0.0, 0.05263157933950424, 0.0, 0.03947368264198303, 0.03947368264198303, 0.0, 0.1184210553765297, 0.0, 0.05263157933950424, 0.0, 0.01315789483487606, 0.0, 0.0, 0.0, 0.0, 0.0, 0.0, 0.0, 0.0, 0.0, 0.0, 0.0, 0.0, 0.0, 0.0, 0.01315789483487606, 0.0, 0.0, 0.06578947603702545, 0.0, 0.0, 0.03947368264198303, 0.0, 0.0, 0.32894736528396606, 0.0, 0.0, 0.0, 0.18421052396297455, 0.0, 0.0, 0.02631578966975212, 0.0, 0.0, 0.0, 0.0, 0.0, 0.0, 0.0, 0.0, 0.0, 0.0, 0.0, 0.0, 0.0, 0.0, 0.0, 0.0, 0.0, 0.0, 0.0, 0.0, 0.0, 0.0, 0.0, 0.0, 0.0, 0.0, 0.0, 0.0, 0.0, 0.0, 0.0, 0.0, 0.0, 0.0, 0.0, 0.0, 0.0, 0.0, 0.0, 0.0, 0.0, 0.0, 0.0, 0.0, 0.0, 0.0, 0.0, 0.0, 0.0, 0.0, 0.0, 0.0, 0.0, 0.0, 0.0, 0.0, 0.0, 0.0, 0.0, 0.0, 0.0, 0.0, 0.0, 0.0, 0.0, 0.0, 0.0, 0.0, 0.0, 0.0, 0.0, 0.0, 0.0, 0.0, 0.0, 0.0, 0.0, 0.0, 0.0, 0.0, 0.0, 0.0, 0.0, 0.0, 0.0, 0.0, 0.0, 0.0, 0.0, 0.0, 0.0, 0.0, 0.0, 0.0, 0.0, 0.0, 0.0, 0.0, 0.0, 0.0, 0.0, 0.0, 0.0, 0.0, 0.0, 0.0, 0.0, 0.0, 0.0, 0.0, 0.0, 0.0, 0.0], "tonal.chords_histogram": [1.9675925970077515, 0.0, 3.3564815521240234, 0.0, 0.9259259104728699, 3.5879628658294678, 8.449073791503906, 0.0, 0.0, 1.8518518209457397, 0.0, 0.0, 0.46296295523643494, 6.134259223937988, 0.0, 1.7361111640930176, 7.523148059844971, 13.425926208496094, 3.7037036418914795, 3.0092592239379883, 2.0833332538604736, 26.38888931274414, 6.25, 9.143518447875977], "tonal.thpcp": [1.0, 0.7277633547782898, 0.42999187111854553, 0.5609318017959595, 0.6134012341499329, 0.6484808921813965, 0.6646645665168762, 0.437429815530777, 0.2525227963924408, 0.2129465937614441, 0.2133110761642456, 0.3869173526763916, 0.507849931716919, 0.3153771460056305, 0.15913252532482147, 0.14627166092395782, 0.1343568116426468, 0.28455814719200134, 0.5204347372055054, 0.44211357831954956, 0.2628099024295807, 0.2388192117214203, 0.21194779872894287, 0.20145368576049805, 0.2188219130039215, 0.23049406707286835, 0.25524622201919556, 0.3795310854911804, 0.37521621584892273, 0.23006917536258698, 0.19211329519748688, 0.22252124547958374, 0.36073172092437744, 0.8062678575515747, 0.865760087966919, 0.7663660645484924], "lowlevel.gfcc.cov": [[949.52734375, -108.8260269165039, 57.22098159790039, -30.12706756591797, -32.898799896240234, 8.93722915649414, -45.150726318359375, -33.74199676513672, -41.181427001953125, -0.4261013865470886, -31.842378616333008, 31.119754791259766, -50.19559860229492], [-108.8260269165039, 353.54949951171875, -69.52142333984375, 19.71817970275879, 16.74105453491211, -44.01790237426758, 26.834922790527344, -31.436195373535156, 0.40231895446777344, -29.721439361572266, 28.4067440032959, -13.793129920959473, 42.096702575683594], [57.22098159790039, -69.52142333984375, 233.3354034423828, 66.1866455078125, -36.793880462646484, -50.41498947143555, -33.84877014160156, -30.979602813720703, -34.34257507324219, 18.065536499023438, -26.062379837036133, 1.1817750930786133, -19.235193252563477], [-30.12706756591797, 19.71817970275879, 66.1866455078125, 104.51648712158203, 32.55630111694336, -20.65630340576172, -20.040306091308594, -3.9255263805389404, 21.9069766998291, 10.04401683807373, -13.168059349060059, -21.807157516479492, 11.257473945617676], [-32.898799896240234, 16.74105453491211, -36.793880462646484, 32.55630111694336, 123.23905944824219, 53.96595001220703, 28.704883575439453, 34.14211654663086, 41.000450134277344, 9.771502494812012, 8.817146301269531, -7.464280605316162, 13.80195426940918], [8.93722915649414, -44.01790237426758, -50.41498947143555, -20.65630340576172, 53.96595001220703, 120.0915756225586, 77.2120132446289, 46.421932220458984, 4.6411237716674805, -2.990046977996826, 23.139238357543945, 8.186800956726074, 4.584318161010742], [-45.150726318359375, 26.834922790527344, -33.84877014160156, -20.040306091308594, 28.704883575439453, 77.2120132446289, 113.91227722167969, 54.12582778930664, 1.0399811267852783, -9.614413261413574, 28.259723663330078, 15.764506340026855, 12.793448448181152], [-33.74199676513672, -31.436195373535156, -30.979602813720703, -3.9255263805389404, 34.14211654663086, 46.421932220458984, 54.12582778930664, 96.80403900146484, 54.83323287963867, 17.827716827392578, 23.85862159729004, 15.110089302062988, 17.69590950012207], [-41.181427001953125, 0.40231895446777344, -34.34257507324219, 21.9069766998291, 41.000450134277344, 4.6411237716674805, 1.0399811267852783, 54.83323287963867, 91.29324340820312, 41.77330780029297, 21.817157745361328, 2.1509580612182617, 20.369646072387695], [-0.4261013865470886, -29.721439361572266, 18.065536499023438, 10.04401683807373, 9.771502494812012, -2.990046977996826, -9.614413261413574, 17.827716827392578, 41.77330780029297, 74.53156280517578, 34.39628219604492, 16.499814987182617, 8.128434181213379], [-31.842378616333008, 28.4067440032959, -26.062379837036133, -13.168059349060059, 8.817146301269531, 23.139238357543945, 28.259723663330078, 23.85862159729004, 21.817157745361328, 34.39628219604492, 81.23892974853516, 47.295745849609375, 18.351238250732422], [31.119754791259766, -13.793129920959473, 1.1817750930786133, -21.807157516479492, -7.464280605316162, 8.186800956726074, 15.764506340026855, 15.110089302062988, 2.1509580612182617, 16.499814987182617, 47.295745849609375, 62.861881256103516, 19.66999053955078], [-50.19559860229492, 42.096702575683594, -19.235193252563477, 11.257473945617676, 13.80195426940918, 4.584318161010742, 12.793448448181152, 17.69590950012207, 20.369646072387695, 8.128434181213379, 18.351238250732422, 19.66999053955078, 44.455440521240234]], "lowlevel.gfcc.icov": [[0.0013875820441171527, -0.0005879545933566988, -1.7006219422910362e-05, -0.0002939652476925403, 0.0004198652459308505, -0.001655715168453753, 0.0012017558328807354, -9.894569666357711e-05, -0.0001250297063961625, -0.0007247765897773206, 0.002469946164637804, -0.0034078829921782017, 0.0026026039849966764], [-0.0005879545933566988, 0.007432968355715275, 0.0012398071121424437, 0.0003536681178957224, -0.0024544387124478817, 0.008410164155066013, -0.006682408973574638, 0.00480999518185854, -0.00023926579160615802, 0.004357824567705393, -0.008916736580431461, 0.009391534142196178, -0.008514175191521645], [-1.7006219422910362e-05, 0.0012398071121424437, 0.009851079434156418, -0.008759538643062115, 0.0017379089258611202, 0.003244617488235235, -0.0022844523191452026, -0.0011979397386312485, 0.006237222347408533, -0.005528189707547426, 0.004312030039727688, -0.0056948475539684296, 0.004440132528543472], [-0.0002939652476925403, 0.0003536681178957224, -0.008759538643062115, 0.021710827946662903, -0.006505897734314203, 0.0024512317031621933, 0.0011160471476614475, 0.002471024403348565, -0.005650010891258717, 0.00405888631939888, -0.0059031108394265175, 0.012945371679961681, -0.010936847887933254], [0.0004198652459308505, -0.0024544387124478817, 0.0017379089258611202, -0.006505897734314203, 0.015701670199632645, -0.010349673219025135, 0.0020911316387355328, 8.277273445855826e-05, -0.005426711868494749, -0.0013457773020491004, 0.0049689351581037045, -0.004662754479795694, 0.003499966813251376], [-0.001655715168453753, 0.008410164155066013, 0.003244617488235235, 0.0024512317031621933, -0.010349673219025135, 0.030495213344693184, -0.01704280450940132, 0.00032372999703511596, 0.00629150215536356, 0.0028235972858965397, -0.012933517806231976, 0.013851355761289597, -0.008394859731197357], [0.0012017558328807354, -0.006682408973574638, -0.0022844523191452026, 0.0011160471476614475, 0.0020911316387355328, -0.01704280450940132, 0.028328703716397285, -0.015047645196318626, 0.006828756537288427, 0.00013547010894399136, 0.001933810068294406, -0.00558879179880023, 0.003880189498886466], [-9.894569666357711e-05, 0.00480999518185854, -0.0011979397386312485, 0.002471024403348565, 8.277273445855826e-05, 0.00032372999703511596, -0.015047645196318626, 0.032161712646484375, -0.021349869668483734, 0.005417386069893837, -0.0014081635745242238, -9.589912951923907e-05, -0.004925726447254419], [-0.0001250297063961625, -0.00023926579160615802, 0.006237222347408533, -0.005650010891258717, -0.005426711868494749, 0.00629150215536356, 0.006828756537288427, -0.021349869668483734, 0.03751315176486969, -0.014602094888687134, -0.0023400955833494663, 0.005514310207217932, -0.004208390135318041], [-0.0007247765897773206, 0.004357824567705393, -0.005528189707547426, 0.00405888631939888, -0.0013457773020491004, 0.0028235972858965397, 0.00013547010894399136, 0.005417386069893837, -0.014602094888687134, 0.030055543407797813, -0.017848435789346695, 0.008807447738945484, -0.00576744694262743], [0.002469946164637804, -0.008916736580431461, 0.004312030039727688, -0.0059031108394265175, 0.0049689351581037045, -0.012933517806231976, 0.001933810068294406, -0.0014081635745242238, -0.0023400955833494663, -0.017848435789346695, 0.04670064523816109, -0.03874225169420242, 0.016587920486927032], [-0.0034078829921782017, 0.009391534142196178, -0.0056948475539684296, 0.012945371679961681, -0.004662754479795694, 0.013851355761289597, -0.00558879179880023, -9.589912951923907e-05, 0.005514310207217932, 0.008807447738945484, -0.03874225169420242, 0.05980094522237778, -0.031421687453985214], [0.0026026039849966764, -0.008514175191521645, 0.004440132528543472, -0.010936847887933254, 0.003499966813251376, -0.008394859731197357, 0.003880189498886466, -0.004925726447254419, -0.004208390135318041, -0.00576744694262743, 0.016587920486927032, -0.031421687453985214, 0.0488477386534214]], "lowlevel.mfcc.cov": [[911.6943359375, -63.11121368408203, 8.213486671447754, -58.571250915527344, 1.5064600706100464, 12.389716148376465, -21.75745964050293, 3.180842876434326, -19.60171890258789, -52.98127365112305, 10.82929801940918, -9.503937721252441, -8.961812973022461], [-63.11121368408203, 249.95928955078125, -48.96640396118164, 28.936416625976562, -25.668367385864258, -3.550417184829712, 12.142511367797852, -2.8644375801086426, -9.910825729370117, -31.731313705444336, -4.174631595611572, -2.5455617904663086, -2.309375047683716], [8.213486671447754, -48.96640396118164, 206.02748107910156, 71.49176788330078, -29.757476806640625, -9.566115379333496, -19.839780807495117, -41.45295715332031, -38.94126892089844, -17.956127166748047, -17.99221420288086, -29.1782169342041, 10.069600105285645], [-58.571250915527344, 28.936416625976562, 71.49176788330078, 134.09786987304688, 35.07225036621094, -6.106986999511719, -45.63279724121094, -41.38071060180664, -0.2459128499031067, 11.808329582214355, -9.324265480041504, -27.136428833007812, -3.869438648223877], [1.5064600706100464, -25.668367385864258, -29.757476806640625, 35.07225036621094, 102.40119934082031, 17.4155216217041, -22.118295669555664, -4.667335033416748, 24.914945602416992, 34.049808502197266, 8.605281829833984, 1.8259873390197754, -9.138816833496094], [12.389716148376465, -3.550417184829712, -9.566115379333496, -6.106986999511719, 17.4155216217041, 61.931358337402344, 36.076290130615234, 3.835108757019043, 1.368802547454834, 1.4213045835494995, 3.182474136352539, 1.882216215133667, -8.261054992675781], [-21.75745964050293, 12.142511367797852, -19.839780807495117, -45.63279724121094, -22.118295669555664, 36.076290130615234, 111.10777282714844, 61.987937927246094, 9.937457084655762, -7.085463047027588, 2.16544246673584, 29.371356964111328, 10.612217903137207], [3.180842876434326, -2.8644375801086426, -41.45295715332031, -41.38071060180664, -4.667335033416748, 3.835108757019043, 61.987937927246094, 91.24639129638672, 34.0743293762207, 5.448468208312988, -0.8855986595153809, 24.841136932373047, 9.520100593566895], [-19.60171890258789, -9.910825729370117, -38.94126892089844, -0.2459128499031067, 24.914945602416992, 1.368802547454834, 9.937457084655762, 34.0743293762207, 73.15404510498047, 42.10860061645508, 8.296655654907227, 3.7644379138946533, -6.354190349578857], [-52.98127365112305, -31.731313705444336, -17.956127166748047, 11.808329582214355, 34.049808502197266, 1.4213045835494995, -7.085463047027588, 5.448468208312988, 42.10860061645508, 77.99151611328125, 19.54408073425293, 11.24418830871582, -2.982978105545044], [10.82929801940918, -4.174631595611572, -17.99221420288086, -9.324265480041504, 8.605281829833984, 3.182474136352539, 2.16544246673584, -0.8855986595153809, 8.296655654907227, 19.54408073425293, 43.41853713989258, 17.73019027709961, 7.788207530975342], [-9.503937721252441, -2.5455617904663086, -29.1782169342041, -27.136428833007812, 1.8259873390197754, 1.882216215133667, 29.371356964111328, 24.841136932373047, 3.7644379138946533, 11.24418830871582, 17.73019027709961, 62.99855422973633, 29.955135345458984], [-8.961812973022461, -2.309375047683716, 10.069600105285645, -3.869438648223877, -9.138816833496094, -8.261054992675781, 10.612217903137207, 9.520100593566895, -6.354190349578857, -2.982978105545044, 7.788207530975342, 29.955135345458984, 54.73389434814453]], "lowlevel.mfcc.icov": [[0.0012936008861288428, 0.00021711304725613445, -0.00038077199133113027, 0.0007829025853425264, -0.0003430481592658907, -0.0006652424926869571, 0.0010666659800335765, -0.0005987892509438097, -0.0002647105429787189, 0.001432793796993792, -0.0008895817445591092, 2.7399226382840425e-05, 0.0002449610619805753], [0.00021711304725613445, 0.005998275242745876, 0.003556507406756282, -0.0044196718372404575, 0.002721283817663789, 0.0006631625583395362, -0.001789430738426745, 0.0008517417591065168, 0.00018658465705811977, 0.0027666727546602488, -0.0007615602808073163, -5.617104397970252e-05, 0.00038668830529786646], [-0.00038077199133113027, 0.003556507406756282, 0.010371818207204342, -0.007428070995956659, 0.004659492522478104, 0.0008943534339778125, -0.002965719671919942, 0.0018395804800093174, 0.0036030481569468975, -0.0005000756937079132, 0.001122527290135622, 0.0029656807892024517, -0.0025693094357848167], [0.0007829025853425264, -0.0044196718372404575, -0.007428070995956659, 0.017224682494997978, -0.007511731702834368, -8.938193786889315e-05, 0.0032155229710042477, 0.0024366765283048153, -0.002934421645477414, -0.00150909589137882, 0.0019559133797883987, 0.002441821154206991, -0.0018265917897224426], [-0.0003430481592658907, 0.002721283817663789, 0.004659492522478104, -0.007511731702834368, 0.018056193366646767, -0.007403234019875526, 0.00519516970962286, -0.00238380441442132, -0.0008281375630758703, -0.0030767805874347687, -0.0002450358006171882, -0.002724352991208434, 0.0012372017372399569], [-0.0006652424926869571, 0.0006631625583395362, 0.0008943534339778125, -8.938193786889315e-05, -0.007403234019875526, 0.028020624071359634, -0.016583319753408432, 0.0088370805606246, 0.000608013360761106, 0.00027886746102012694, -0.0008589670178480446, 0.002543784212321043, 0.0032353405840694904], [0.0010666659800335765, -0.001789430738426745, -0.002965719671919942, 0.0032155229710042477, 0.00519516970962286, -0.016583319753408432, 0.027290547266602516, -0.016238605603575706, 0.0005911891930736601, 0.0012275618501007557, -0.0007234409567900002, -0.006087910383939743, 0.0003400341374799609], [-0.0005987892509438097, 0.0008517417591065168, 0.0018395804800093174, 0.0024366765283048153, -0.00238380441442132, 0.0088370805606246, -0.016238605603575706, 0.028578899800777435, -0.011685186997056007, 0.0027361384127289057, 0.005040068179368973, -0.0024477799888700247, -0.0016998609062284231], [-0.0002647105429787189, 0.00018658465705811977, 0.0036030481569468975, -0.002934421645477414, -0.0008281375630758703, 0.000608013360761106, 0.0005911891930736601, -0.011685186997056007, 0.028992952778935432, -0.013784616254270077, -0.0008422269020229578, 0.005293284077197313, 0.000803043250925839], [0.001432793796993792, 0.0027666727546602488, -0.0005000756937079132, -0.00150909589137882, -0.0030767805874347687, 0.00027886746102012694, 0.0012275618501007557, 0.0027361384127289057, -0.013784616254270077, 0.02654956839978695, -0.007734028622508049, -0.005284199491143227, 0.0029902111273258924], [-0.0008895817445591092, -0.0007615602808073163, 0.001122527290135622, 0.0019559133797883987, -0.0002450358006171882, -0.0008589670178480446, -0.0007234409567900002, 0.005040068179368973, -0.0008422269020229578, -0.007734028622508049, 0.03108011558651924, -0.006540293339639902, -0.0025152822490781546], [2.7399226382840425e-05, -5.617104397970252e-05, 0.0029656807892024517, 0.002441821154206991, -0.002724352991208434, 0.002543784212321043, -0.006087910383939743, -0.0024477799888700247, 0.005293284077197313, -0.005284199491143227, -0.006540293339639902, 0.03166284039616585, -0.014907184056937695], [0.0002449610619805753, 0.00038668830529786646, -0.0025693094357848167, -0.0018265917897224426, 0.0012372017372399569, 0.0032353405840694904, 0.0003400341374799609, -0.0016998609062284231, 0.000803043250925839, 0.0029902111273258924, -0.0025152822490781546, -0.014907184056937695, 0.0283674169331789]], "metadata.audio_properties.analysis.downmix": "mix", "met