{"song_id": "1182279264842813500", "download": "https://cdn.discordapp.com/attachments/1135903449314238464/1182279264842813500/chirp.mp4?ex=65841e5e&amp", "lyrics": "[verse]\n\u0418 \u043d\u0430\u0451\u043c\u043d\u0438\u043a \u0441\u0440\u0430\u0437\u0443 \u0432\u0441\u043f\u043e\u043c\u043d\u0438\u043b \u043c\u043e\u043b\u043e\u0434\u043e\u0435 \u043b\u0438\u0446\u043e,\n\u0412 \u0441\u0442\u0430\u0440\u043e\u0439 \u0431\u0438\u0442\u0432\u0435 \u043f\u0440\u0438\u043d\u044f\u043b \u0432\u044b\u0441\u0442\u0440\u0435\u043b \u043e\u043d \u0437\u0430 \u043d\u0435\u0433\u043e.\n\"\u0412\u043e\u043f\u0440\u0435\u043a\u0438 \u0441\u0443\u0434\u044c\u0431\u0435 \u0442\u044b \u043f\u0435\u0440\u0435\u0436\u0438\u043b \u0442\u043e\u0442 \u0441\u0442\u0440\u0430\u0448\u043d\u044b\u0439 \u0431\u043e\u0439,\n\u041d\u043e \u043e\u0442 \u043d\u0435\u0451 \u043d\u0435 \u0443\u0431\u0435\u0436\u0430\u0442\u044c, \u0438 \u044f \u043f\u0440\u0438\u0448\u0451\u043b \u0437\u0430 \u0442\u043e\u0431\u043e\u0439!\".\n\n[chorus]\n\u0422\u0430\u043c, \u0437\u0430 \u0440\u0435\u043a\u043e\u0439, \u0441\u0442\u0430\u0440\u044b\u0439 \u0441\u043a\u043b\u0435\u043f \n\u0411\u044b\u043b \u043e\u043d \u0437\u0430\u0431\u0440\u043e\u0448\u0435\u043d \u0441\u043e\u0442\u043d\u044e \u043b\u0435\u0442 \n\u041e\u0442\u044b\u0449\u0438 \u043f\u0440\u0438\u044f\u0442\u0435\u043b\u044f \u043c\u043e\u0435\u0433\u043e, \n\u042f \u043d\u0435 \u043f\u043e\u0441\u043a\u0443\u043f\u043b\u044e\u0441\u044c \u0437\u0430 \u043d\u0435\u0433\u043e!\n[violin coda]", "style": ["violin rock"], "essentia_features": {"lowlevel.average_loudness": 0.9807836413383484, "lowlevel.barkbands_crest.mean": 11.779168128967285, "lowlevel.barkbands_crest.stdev": 4.4775872230529785, "lowlevel.barkbands_flatness_db.mean": 0.1287500113248825, "lowlevel.barkbands_flatness_db.stdev": 0.04216381907463074, "lowlevel.barkbands_kurtosis.mean": 3.165590524673462, "lowlevel.barkbands_kurtosis.stdev": 6.387146949768066, "lowlevel.barkbands_skewness.mean": 1.5608203411102295, "lowlevel.barkbands_skewness.stdev": 1.2456105947494507, "lowlevel.barkbands_spread.mean": 34.14551544189453, "lowlevel.barkbands_spread.stdev": 20.22954559326172, "lowlevel.dissonance.mean": 0.4742937684059143, "lowlevel.dissonance.stdev": 0.022325880825519562, "lowlevel.dynamic_complexity": 2.1502015590667725, "lowlevel.erbbands_crest.mean": 8.516626358032227, "lowlevel.erbbands_crest.stdev": 3.852678060531616, "lowlevel.erbbands_flatness_db.mean": 0.1433192491531372, "lowlevel.erbbands_flatness_db.stdev": 0.044777486473321915, "lowlevel.erbbands_kurtosis.mean": 0.042879123240709305, "lowlevel.erbbands_kurtosis.stdev": 2.0193774700164795, "lowlevel.erbbands_skewness.mean": -0.21955887973308563, "lowlevel.erbbands_skewness.stdev": 0.9171419739723206, "lowlevel.erbbands_spread.mean": 59.52747344970703, "lowlevel.erbbands_spread.stdev": 26.616657257080078, "lowlevel.hfc.mean": 28.128406524658203, "lowlevel.hfc.stdev": 23.71391487121582, "lowlevel.loudness_ebu128.integrated": -13.205085754394531, "lowlevel.loudness_ebu128.loudness_range": 1.1636505126953125, "lowlevel.loudness_ebu128.momentary.mean": -13.357994079589844, "lowlevel.loudness_ebu128.momentary.stdev": 1.2140321731567383, "lowlevel.loudness_ebu128.short_term.mean": -13.226234436035156, "lowlevel.loudness_ebu128.short_term.stdev": 0.39426565170288086, "lowlevel.melbands_crest.mean": 17.772550582885742, "lowlevel.melbands_crest.stdev": 5.854285717010498, "lowlevel.melbands_flatness_db.mean": 0.18388338387012482, "lowlevel.melbands_flatness_db.stdev": 0.055422592908144, "lowlevel.melbands_kurtosis.mean": 20.342498779296875, "lowlevel.melbands_kurtosis.stdev": 27.594776153564453, "lowlevel.melbands_skewness.mean": 3.5591318607330322, "lowlevel.melbands_skewness.stdev": 2.231210708618164, "lowlevel.melbands_spread.mean": 31.99915313720703, "lowlevel.melbands_spread.stdev": 30.766010284423828, "lowlevel.pitch_salience.mean": 0.5100023746490479, "lowlevel.pitch_salience.stdev": 0.12164007872343063, "lowlevel.silence_rate_20dB.mean": 1.0, "lowlevel.silence_rate_20dB.stdev": 0.0, "lowlevel.silence_rate_30dB.mean": 1.0, "lowlevel.silence_rate_30dB.stdev": 0.0, "lowlevel.silence_rate_60dB.mean": 0.018518518656492233, "lowlevel.silence_rate_60dB.stdev": 0.13481782376766205, "lowlevel.spectral_centroid.mean": 1688.873779296875, "lowlevel.spectral_centroid.stdev": 679.4751586914062, "lowlevel.spectral_complexity.mean": 17.13756561279297, "lowlevel.spectral_complexity.stdev": 8.657028198242188, "lowlevel.spectral_decrease.mean": -6.342367964151663e-09, "lowlevel.spectral_decrease.stdev": 5.441394002048128e-09, "lowlevel.spectral_energy.mean": 0.026488902047276497, "lowlevel.spectral_energy.stdev": 0.02117397077381611, "lowlevel.spectral_energyband_high.mean": 0.0018447254551574588, "lowlevel.spectral_energyband_high.stdev": 0.0027866337914019823, "lowlevel.spectral_energyband_low.mean": 0.006385792512446642, "lowlevel.spectral_energyband_low.stdev": 0.014588437974452972, "lowlevel.spectral_energyband_middle_high.mean": 0.004196015652269125, "lowlevel.spectral_energyband_middle_high.stdev": 0.004379412159323692, "lowlevel.spectral_energyband_middle_low.mean": 0.015589160844683647, "lowlevel.spectral_energyband_middle_low.stdev": 0.014457146637141705, "lowlevel.spectral_entropy.mean": 7.811208248138428, "lowlevel.spectral_entropy.stdev": 0.3966948390007019, "lowlevel.spectral_flux.mean": 0.10023004561662674, "lowlevel.spectral_flux.stdev": 0.060255106538534164, "lowlevel.spectral_kurtosis.mean": 2.9788331985473633, "lowlevel.spectral_kurtosis.stdev": 2.2678868770599365, "lowlevel.spectral_rms.mean": 0.004757474642246962, "lowlevel.spectral_rms.stdev": 0.0017914442578330636, "lowlevel.spectral_rolloff.mean": 2467.335205078125, "lowlevel.spectral_rolloff.stdev": 2451.64208984375, "lowlevel.spectral_skewness.mean": 1.2107808589935303, "lowlevel.spectral_skewness.stdev": 0.39250826835632324, "lowlevel.spectral_spread.mean": 5633929.0, "lowlevel.spectral_spread.stdev": 1767108.625, "lowlevel.spectral_strongpeak.mean": 0.8610142469406128, "lowlevel.spectral_strongpeak.stdev": 0.7590750455856323, "lowlevel.zerocrossingrate.mean": 0.0927463099360466, "lowlevel.zerocrossingrate.stdev": 0.05428645387291908, "metadata.audio_properties.analysis.equal_loudness": 0.0, "metadata.audio_properties.analysis.length": 26.303991317749023, "metadata.audio_properties.analysis.sample_rate": 44100.0, "metadata.audio_properties.analysis.start_time": 0.0, "metadata.audio_properties.bit_rate": 119920.0, "metadata.audio_properties.length": 26.304000854492188, "metadata.audio_properties.lossless": 0.0, "metadata.audio_properties.number_channels": 1.0, "metadata.audio_properties.replay_gain": -13.768901824951172, "metadata.audio_properties.sample_rate": 48000.0, "rhythm.beats_count": 54.0, "rhythm.beats_loudness.mean": 0.03529490530490875, "rhythm.beats_loudness.stdev": 0.012376760132610798, "rhythm.bpm": 147.1022186279297, "rhythm.bpm_histogram_first_peak_bpm": 148.0, "rhythm.bpm_histogram_first_peak_weight": 0.5925925970077515, "rhythm.bpm_histogram_second_peak_bpm": 112.0, "rhythm.bpm_histogram_second_peak_spread": 0.47058820724487305, "rhythm.bpm_histogram_second_peak_weight": 0.16981132328510284, "rhythm.danceability": 1.7061681747436523, "rhythm.onset_rate": 4.103371620178223, "tonal.chords_changes_rate": 0.09859155118465424, "tonal.chords_number_rate": 0.019366197288036346, "tonal.chords_strength.mean": 0.4667133390903473, "tonal.chords_strength.stdev": 0.07418382912874222, "tonal.hpcp_crest.mean": 13.600858688354492, "tonal.hpcp_crest.stdev": 6.7063703536987305, "tonal.hpcp_entropy.mean": 2.1205077171325684, "tonal.hpcp_entropy.stdev": 0.7891932725906372, "tonal.key_edma.strength": 0.5944978594779968, "tonal.key_krumhansl.strength": 0.6015069484710693, "tonal.key_temperley.strength": 0.6036361455917358, "tonal.tuning_diatonic_strength": 0.5279324054718018, "tonal.tuning_equal_tempered_deviation": 0.04716239124536514, "tonal.tuning_frequency": 440.0, "tonal.tuning_nontempered_energy_ratio": 0.7427771091461182, "lowlevel.barkbands.mean": [0.00036101858131587505, 0.0028496647719293833, 0.0017581057036295533, 0.004003406036645174, 0.00637304550036788, 0.0007506911060772836, 0.001644402858801186, 0.0011932573979720473, 0.0013634792994707823, 0.0004970456357114017, 0.0005683446070179343, 0.00034236119245179, 0.00033738507772795856, 0.0001876425521913916, 0.00020485448476392776, 0.0003644713433459401, 0.0006347912712953985, 0.000316479941830039, 0.0007288747583515942, 0.0003092156839556992, 0.0002200612216256559, 0.00027602273621596396, 0.00036656923475675285, 0.00041794817661866546, 0.00028783746529370546, 0.00012770321336574852, 4.22829543822445e-06], "lowlevel.barkbands.stdev": [0.0007286109030246735, 0.008567010052502155, 0.005556114483624697, 0.004253921564668417, 0.012044847942888737, 0.001831225585192442, 0.0042337654158473015, 0.0031480302568525076, 0.0029647070914506912, 0.0013939794152975082, 0.0017536937957629561, 0.0009471270022913814, 0.0010879191104322672, 0.0004938800702802837, 0.000500726979225874, 0.000652286980766803, 0.0009565725340507925, 0.00032462639501318336, 0.0011339382035657763, 0.0002433749323245138, 0.0002906196459662169, 0.0004945521359331906, 0.0007532375166192651, 0.0010286926990374923, 0.0005567522021010518, 0.00018981393077410758, 1.3971349289931823e-05], "lowlevel.erbbands.mean": [0.10203126072883606, 0.5731719732284546, 1.8621853590011597, 7.769465923309326, 22.69597816467285, 19.55197525024414, 5.648880958557129, 7.210501194000244, 15.988515853881836, 36.60175323486328, 20.185394287109375, 30.896970748901367, 24.97093391418457, 13.560737609863281, 24.108156204223633, 14.679899215698242, 15.486307144165039, 10.60177993774414, 11.21120834350586, 10.89306926727295, 28.184497833251953, 33.6488151550293, 15.63689136505127, 41.37853240966797, 23.44257164001465, 14.968469619750977, 9.797243118286133, 8.95877742767334, 10.036800384521484, 9.551698684692383, 10.52363109588623, 9.329947471618652, 6.505012035369873, 3.6842405796051025, 1.827508807182312, 0.7768624424934387, 0.18641048669815063, 0.02241552621126175, 0.0006123480852693319, 5.683286508428864e-05], "lowlevel.erbbands.stdev": [0.3035103976726532, 1.8582698106765747, 5.584350109100342, 9.504647254943848, 25.158611297607422, 48.31702423095703, 10.673571586608887, 19.407033920288086, 47.50193786621094, 92.01981353759766, 48.945098876953125, 69.67228698730469, 66.3131332397461, 34.90060806274414, 75.52959442138672, 39.66566848754883, 50.26858139038086, 27.12468719482422, 27.648881912231445, 23.649566650390625, 43.87572479248047, 50.01919174194336, 15.66052532196045, 54.09007263183594, 35.800880432128906, 11.483888626098633, 10.428272247314453, 13.587047576904297, 18.31930923461914, 15.79736042022705, 22.64872932434082, 22.774904251098633, 16.120346069335938, 7.913552761077881, 3.303966999053955, 1.246881127357483, 0.2876274883747101, 0.047264013439416885, 0.0014307842357084155, 4.755632471642457e-05], "lowlevel.gfcc.mean": [13.928810119628906, 48.80481719970703, -105.81033325195312, 46.6126708984375, -64.75304412841797, 3.8721840381622314, -48.46084976196289, 15.712007522583008, -42.00787353515625, -11.192051887512207, -30.843467712402344, -4.234866142272949, -21.06804084777832], "lowlevel.melbands.mean": [0.0008469237945973873, 0.0009205861715599895, 0.0018293190514668822, 0.0016805983614176512, 0.0002720625197980553, 0.0001602187257958576, 0.0002683313505258411, 0.00038407405372709036, 0.00015627314860466868, 0.00020057277288287878, 0.00011965087469434366, 4.960712976753712e-05, 8.023056579986587e-05, 4.4368021917762235e-05, 3.920846575056203e-05, 2.989131462527439e-05, 1.814908864616882e-05, 1.803576924430672e-05, 1.446682472305838e-05, 1.571475513628684e-05, 3.86549363611266e-05, 4.040115891257301e-05, 1.543487815069966e-05, 1.4971375094319228e-05, 3.71277128579095e-05, 2.2693742721457966e-05, 1.133577370637795e-05, 9.341492841485888e-06, 6.253495030250633e-06, 5.2609757403843105e-06, 5.213439635554096e-06, 5.932624389970442e-06, 4.974902367393952e-06, 5.5081959544622805e-06, 5.9887779570999555e-06, 6.066476089472417e-06, 5.666973265761044e-06, 4.873619218415115e-06, 3.479398628769559e-06, 2.9898005777795333e-06], "lowlevel.melbands.stdev": [0.0024803131818771362, 0.0026852553710341454, 0.0016471723793074489, 0.003100956091657281, 0.0005919827963225543, 0.00042768908315338194, 0.000733575492631644, 0.000947557738982141, 0.00038195349043235183, 0.00044460134813562036, 0.00032759964233264327, 0.00013624181156046689, 0.00024165860668290406, 0.00012253597378730774, 0.0001349016383755952, 9.086027421290055e-05, 5.071203122497536e-05, 4.770015220856294e-05, 3.6162251490168273e-05, 3.473139804555103e-05, 6.060464511392638e-05, 6.276625936152413e-05, 2.2001799152349122e-05, 1.5098103176569566e-05, 5.0560305680846795e-05, 4.473112858249806e-05, 1.0682802894734778e-05, 7.69292819313705e-06, 6.591860710614128e-06, 7.125636329874396e-06, 8.622238965472206e-06, 1.088476801669458e-05, 9.34658328333171e-06, 9.70034125202801e-06, 1.2756911928590853e-05, 1.4840058611298446e-05, 1.4125760571914725e-05, 1.2549288840091322e-05, 8.18807711766567e-06, 6.363440661516506e-06], "lowlevel.melbands128.mean": [0.00025419279700145125, 0.0008708368986845016, 0.0010626019211485982, 0.0008755061426199973, 0.000858920393511653, 0.0008755497401580215, 0.0013517882907763124, 0.0022779498249292374, 0.002340950770303607, 0.002117598196491599, 0.0009314149501733482, 0.0003001836303155869, 0.00014222903701011091, 0.00013058232434559613, 0.00015695311594754457, 0.00016916928871069103, 0.00021325639681890607, 0.00025570971774868667, 0.00035583804128691554, 0.0005186802591197193, 0.00034364103339612484, 0.00015508613432757556, 0.00011282370542176068, 0.00017171753279399127, 0.0002190107188653201, 0.00020312381093390286, 0.00019068788969889283, 0.00011722077033482492, 5.485915608005598e-05, 4.585323767969385e-05, 4.287024785298854e-05, 6.494955596281216e-05, 8.702090417500585e-05, 0.00010177973308600485, 4.078616984770633e-05, 3.122072303085588e-05, 3.6472436477197334e-05, 4.2822095565497875e-05, 3.864310565404594e-05, 3.437227496760897e-05, 2.7951982701779343e-05, 2.443085759296082e-05, 1.630175938771572e-05, 1.588745362823829e-05, 1.777358556864783e-05, 1.9410601453273557e-05, 1.7641004887991585e-05, 1.4116025340626948e-05, 1.3464458788803313e-05, 1.2982957741769496e-05, 1.4413156350201461e-05, 1.8361857655690983e-05, 3.461408050497994e-05, 4.584557609632611e-05, 5.251810580375604e-05, 4.3206709960941225e-05, 2.8999946152907796e-05, 1.7340353224426508e-05, 1.1047070074710064e-05, 9.573054740030784e-06, 1.1007166904164478e-05, 1.844689904828556e-05, 4.05828541261144e-05, 4.186996739008464e-05, 3.4876309655373916e-05, 2.4536844648537226e-05, 1.3839297025697306e-05, 1.0011064659920521e-05, 1.0986820598191116e-05, 1.3231083357823081e-05, 8.705987966095563e-06, 8.234242159232963e-06, 7.2608954724273644e-06, 5.628928647638531e-06, 5.392600996856345e-06, 5.630741270579165e-06, 4.983091002941364e-06, 4.685256499215029e-06, 5.1764795898634475e-06, 5.643919848807855e-06, 6.578591182915261e-06, 5.864602826477494e-06, 5.014261205360526e-06, 4.962183538737008e-06, 4.7293419811467174e-06, 5.240231075731572e-06, 5.698056611436186e-06, 6.219145689101424e-06, 5.8330115280114114e-06, 5.994471848680405e-06, 6.368999493133742e-06, 6.156899871712085e-06, 5.3905678214505315e-06, 5.873365353181725e-06, 5.565226274484303e-06, 5.475232683238573e-06, 4.515193722909316e-06, 4.482514668779913e-06, 3.317252776469104e-06, 3.0184910428943112e-06, 3.428959416851285e-06, 2.738154535109061e-06, 2.9249167710077018e-06, 2.5165918486891314e-06, 1.939707544806879e-06, 1.6042316701714299e-06, 1.7642466900724685e-06, 1.575648980178812e-06, 1.3006907693124958e-06, 1.2480925306590507e-06, 9.159719525086985e-07, 6.020575824550178e-07, 5.52956180399633e-07, 4.303556693230348e-07, 3.0555568741874595e-07, 2.0714176685032726e-07, 1.274073611057247e-07, 5.1982368631797726e-08, 6.8670780173363255e-09, 4.820960471108027e-12, 4.191174317325075e-12, 3.990045707030765e-12, 3.814124363565874e-12, 3.626108311186038e-12, 3.3703816647301377e-12, 3.0970933283247515e-12, 2.9679891357103916e-12, 2.935196356801395e-12], "lowlevel.melbands128.stdev": [0.0006377428071573377, 0.0026304686907678843, 0.0034461638424545527, 0.0030115111730992794, 0.002839563647285104, 0.002780485898256302, 0.00210569123737514, 0.00237605394795537, 0.0025848224759101868, 0.005156963597983122, 0.0027387957088649273, 0.0008137947879731655, 0.00031582743395119905, 0.00029567338060587645, 0.0005267717642709613, 0.0006444426253437996, 0.0008892221376299858, 0.001000239746645093, 0.0010803872719407082, 0.001552706933580339, 0.001018066075630486, 0.0006365893059410155, 0.00041653335210867226, 0.0005993197555653751, 0.0006668312707915902, 0.0005740792257711291, 0.0006644297391176224, 0.0004352724354248494, 0.0001795535790733993, 0.00014065629511605948, 0.00017993418441619724, 0.0002785390825010836, 0.00028200572705827653, 0.00045094056986272335, 0.00013329634384717792, 0.0001175019788206555, 0.00014044102863408625, 0.00019614753546193242, 0.00019651449110824615, 0.00014825632388237864, 0.00010099344945047051, 9.858392149908468e-05, 6.0254398704273626e-05, 6.62633974570781e-05, 6.18391641182825e-05, 6.892687088111416e-05, 5.574663373408839e-05, 5.028218583902344e-05, 4.314446050557308e-05, 4.014870501123369e-05, 4.161789911449887e-05, 4.307164635974914e-05, 7.93488507042639e-05, 8.478712697979063e-05, 0.00010009840480051935, 8.340347994817421e-05, 6.001838482916355e-05, 3.228871355531737e-05, 1.6507075997651555e-05, 1.1239442756050266e-05, 1.403661553922575e-05, 2.3702566977590322e-05, 6.101939652580768e-05, 7.523183739976957e-05, 8.132707444019616e-05, 6.279148510657251e-05, 2.763873817457352e-05, 1.630804399610497e-05, 1.0645105248840991e-05, 1.3453452993417159e-05, 8.850759513734374e-06, 8.934588549891487e-06, 8.484285899612587e-06, 7.016420113359345e-06, 7.2764919423207175e-06, 8.168906788341701e-06, 8.145364517986309e-06, 7.62599347581272e-06, 9.717421562527306e-06, 1.0177761396334972e-05, 1.2370133845251985e-05, 1.208749927172903e-05, 1.1095334230049048e-05, 1.0067664334201254e-05, 9.46978252613917e-06, 9.151932317763567e-06, 1.1434244697738905e-05, 1.3257589671411552e-05, 1.2944125046487898e-05, 1.4408512470254209e-05, 1.5158623682509642e-05, 1.675369821896311e-05, 1.447758222639095e-05, 1.577373950567562e-05, 1.3773781574855093e-05, 1.587662336532958e-05, 1.237560536537785e-05, 1.1789822565333452e-05, 8.64515641296748e-06, 7.013842605374521e-06, 7.732760423095897e-06, 6.0815009419457056e-06, 6.465468231908744e-06, 5.48709658687585e-06, 3.7451638945640298e-06, 2.662319730006857e-06, 3.0569547107006656e-06, 2.8137808385508833e-06, 2.3543834686279297e-06, 2.2673839339404367e-06, 1.354708501821733e-06, 1.0111801884704619e-06, 1.0518987210161868e-06, 9.261970603802183e-07, 6.766466640328872e-07, 4.814393719243526e-07, 3.790081279930746e-07, 2.3492788159273914e-07, 5.93741020793459e-08, 2.4920517038840018e-11, 2.3136464966100334e-11, 2.08527136530412e-11, 1.8250224248506086e-11, 1.467944689415024e-11, 9.461341432537296e-12, 5.286078866295618e-12, 4.609549721090733e-12, 4.572410592512677e-12], "lowlevel.mfcc.mean": [-630.9692993164062, 79.8537368774414, 10.936413764953613, 36.81359100341797, 5.864979267120361, -8.8341064453125, 1.7105907201766968, 9.068802833557129, -3.5280163288116455, -5.9105224609375, -8.397536277770996, -7.690977573394775, -6.8529372215271], "lowlevel.spectral_contrast_coeffs.mean": [-0.5937179327011108, -0.7529250383377075, -0.7903187870979309, -0.8029665350914001, -0.7827184200286865, -0.767621636390686], "lowlevel.spectral_contrast_coeffs.stdev": [0.07533865422010422, 0.09144847095012665, 0.06622128933668137, 0.05127347633242607, 0.04343322291970253, 0.036058783531188965], "lowlevel.spectral_contrast_valleys.mean": [-7.267343044281006, -7.094870090484619, -7.538484573364258, -7.795951843261719, -7.004833221435547, -9.590320587158203], "lowlevel.spectral_contrast_valleys.stdev": [0.7321916818618774, 0.700273334980011, 0.6325526237487793, 0.5713933706283569, 0.42409420013427734, 1.0969829559326172], "rhythm.beats_loudness_band_ratio.mean": [0.43848517537117004, 0.33968299627304077, 0.1340775340795517, 0.037923552095890045, 0.0570574589073658, 0.11951463669538498], "rhythm.beats_loudness_band_ratio.stdev": [0.2235431969165802, 0.21535508334636688, 0.16579213738441467, 0.06376443803310394, 0.06242607161402702, 0.0862191915512085], "tonal.hpcp.mean": [0.19377830624580383, 0.11509282886981964, 0.05110128968954086, 0.042697079479694366, 0.05064863711595535, 0.06666535884141922, 0.08202129602432251, 0.08063749223947525, 0.08859574049711227, 0.10177934169769287, 0.07712900638580322, 0.043685074895620346, 0.03925571218132973, 0.047162920236587524, 0.06017723307013512, 0.07762864977121353, 0.0720631554722786, 0.06093267723917961, 0.06779420375823975, 0.07057139277458191, 0.17189568281173706, 0.26647910475730896, 0.1632070392370224, 0.1393664926290512, 0.18154075741767883, 0.09719208627939224, 0.03927246481180191, 0.04494168236851692, 0.0568690150976181, 0.18704594671726227, 0.3096500039100647, 0.1944025307893753, 0.07741007953882217, 0.08446522802114487, 0.10992693901062012, 0.17159076035022736], "tonal.hpcp.stdev": [0.338787704706192, 0.23121875524520874, 0.15615151822566986, 0.1352357715368271, 0.14984305202960968, 0.16737572848796844, 0.17001643776893616, 0.17727015912532806, 0.18130575120449066, 0.20592281222343445, 0.17241084575653076, 0.11718593537807465, 0.10749697685241699, 0.1194736585021019, 0.1315860152244568, 0.1472959816455841, 0.13391821086406708, 0.14271901547908783, 0.17341731488704681, 0.17513369023799896, 0.2621421217918396, 0.37536075711250305, 0.2404274046421051, 0.24259531497955322, 0.3464362323284149, 0.18900364637374878, 0.11437498778104782, 0.11497525870800018, 0.1418202519416809, 0.2589423656463623, 0.40875542163848877, 0.26162034273147583, 0.17042146623134613, 0.1837831735610962, 0.2202083021402359, 0.28415876626968384], "rhythm.beats_position": [0.5688889026641846, 1.1377778053283691, 1.7182766199111938, 2.2987754344940186, 2.8908843994140625, 3.4829931259155273, 4.051881790161133, 4.632380962371826, 5.178049564361572, 5.746938705444336, 6.304217338562012, 6.849886417388916, 7.40716552734375, 7.941224575042725, 8.4752836227417, 9.032562255859375, 9.58984088897705, 10.123900413513184, 10.657958984375, 11.192017555236816, 11.72607707977295, 12.260135650634766, 12.794195175170898, 13.328253746032715, 13.88553237915039, 14.431201934814453, 14.860771179199219, 15.255510330200195, 15.673469543457031, 16.091428756713867, 16.497777938842773, 16.90412712097168, 17.310476303100586, 17.716825485229492, 18.134784698486328, 18.552743911743164, 18.970703125, 19.365442276000977, 19.783401489257812, 20.17814064025879, 20.596099853515625, 21.01405906677246, 21.420408248901367, 21.826757431030273, 22.22149658203125, 22.639455795288086, 23.034194946289062, 23.44054412841797, 23.846893310546875, 24.25324249267578, 24.659591674804688, 25.054330825805664, 25.4722900390625, 25.878639221191406], "rhythm.bpm_histogram": [0.0, 0.0, 0.0, 0.0, 0.0, 0.0, 0.0, 0.0, 0.0, 0.0, 0.0, 0.0, 0.0, 0.0, 0.0, 0.0, 0.0, 0.0, 0.0, 0.0, 0.0, 0.0, 0.0, 0.0, 0.0, 0.0, 0.0, 0.0, 0.0, 0.0, 0.0, 0.0, 0.0, 0.0, 0.0, 0.0, 0.0, 0.0, 0.0, 0.0, 0.0, 0.0, 0.0, 0.0, 0.0, 0.0, 0.0, 0.0, 0.0, 0.0, 0.0, 0.0, 0.0, 0.0, 0.0, 0.0, 0.0, 0.0, 0.0, 0.0, 0.0, 0.0, 0.0, 0.0, 0.0, 0.0, 0.0, 0.0, 0.0, 0.0, 0.0, 0.0, 0.0, 0.0, 0.0, 0.0, 0.0, 0.0, 0.0, 0.0, 0.0, 0.0, 0.0, 0.0, 0.0, 0.0, 0.0, 0.0, 0.0, 0.0, 0.0, 0.0, 0.0, 0.0, 0.0, 0.0, 0.0, 0.0, 0.0, 0.0, 0.0, 0.03773584961891174, 0.0, 0.056603774428367615, 0.0, 0.056603774428367615, 0.0, 0.0, 0.09433962404727936, 0.0, 0.056603774428367615, 0.0, 0.16981132328510284, 0.0, 0.0, 0.0, 0.0, 0.0, 0.0, 0.0, 0.0, 0.0, 0.0, 0.0, 0.0, 0.0, 0.0, 0.0, 0.0, 0.0, 0.0, 0.0, 0.0, 0.0, 0.0, 0.0, 0.0, 0.0, 0.0, 0.0, 0.01886792480945587, 0.0, 0.0, 0.0, 0.18867924809455872, 0.0, 0.0, 0.0, 0.2075471729040146, 0.0, 0.0, 0.0, 0.11320754885673523, 0.0, 0.0, 0.0, 0.0, 0.0, 0.0, 0.0, 0.0, 0.0, 0.0, 0.0, 0.0, 0.0, 0.0, 0.0, 0.0, 0.0, 0.0, 0.0, 0.0, 0.0, 0.0, 0.0, 0.0, 0.0, 0.0, 0.0, 0.0, 0.0, 0.0, 0.0, 0.0, 0.0, 0.0, 0.0, 0.0, 0.0, 0.0, 0.0, 0.0, 0.0, 0.0, 0.0, 0.0, 0.0, 0.0, 0.0, 0.0, 0.0, 0.0, 0.0, 0.0, 0.0, 0.0, 0.0, 0.0, 0.0, 0.0, 0.0, 0.0, 0.0, 0.0, 0.0, 0.0, 0.0, 0.0, 0.0, 0.0, 0.0, 0.0, 0.0, 0.0, 0.0, 0.0, 0.0, 0.0, 0.0, 0.0, 0.0, 0.0, 0.0, 0.0, 0.0, 0.0, 0.0, 0.0, 0.0, 0.0, 0.0, 0.0, 0.0, 0.0, 0.0, 0.0, 0.0, 0.0, 0.0], "tonal.chords_histogram": [31.161972045898438, 6.690140724182129, 10.91549301147461, 0.0, 0.8802816867828369, 0.0, 13.204225540161133, 9.507041931152344, 3.1690139770507812, 0.0, 0.0, 0.0, 0.0, 0.0, 0.5281690359115601, 11.4436616897583, 0.0, 3.5211267471313477, 0.0, 1.936619758605957, 0.0, 2.4647886753082275, 3.697183132171631, 0.8802816867828369], "tonal.thpcp": [1.0, 0.6278137564659119, 0.24999217689037323, 0.27277645468711853, 0.35500383377075195, 0.5541442036628723, 0.6257978677749634, 0.3716868460178375, 0.16502919793128967, 0.13788819313049316, 0.16356736421585083, 0.21529261767864227, 0.2648838758468628, 0.2604149580001831, 0.28611573576927185, 0.3286915421485901, 0.24908447265625, 0.1410788744688034, 0.12677446007728577, 0.15231041610240936, 0.19433951377868652, 0.2506980299949646, 0.23272454738616943, 0.19677919149398804, 0.2189381718635559, 0.2279069721698761, 0.5551289319992065, 0.860581636428833, 0.5270693898200989, 0.45007747411727905, 0.5862772464752197, 0.3138772249221802, 0.12682856619358063, 0.1451370269060135, 0.18365578353405, 0.6040560007095337], "lowlevel.gfcc.cov": [[2403.731689453125, -568.7401733398438, 327.31951904296875, -155.2830047607422, -219.36903381347656, 312.703125, -185.16836547851562, 105.72342681884766, 121.20752716064453, 186.99734497070312, 25.58512306213379, 131.58436584472656, -82.06375122070312], [-568.7401733398438, 1382.274169921875, -626.5270385742188, -279.1937561035156, 127.30667877197266, -377.97686767578125, 205.7979278564453, 2.7571210861206055, 139.01890563964844, -41.416542053222656, 147.0389404296875, -96.42324829101562, 39.166561126708984], [327.31951904296875, -626.5270385742188, 795.791015625, 311.2413330078125, 61.442996978759766, 275.9577331542969, 30.994325637817383, 72.48849487304688, -45.8707160949707, 66.23226165771484, -60.98933792114258, 111.60481262207031, 22.4694881439209], [-155.2830047607422, -279.1937561035156, 311.2413330078125, 593.6666259765625, 103.99166870117188, 207.5046844482422, -38.97908020019531, -43.888309478759766, 22.86459732055664, 9.955114364624023, 2.7822391986846924, -12.876826286315918, 77.58582305908203], [-219.36903381347656, 127.30667877197266, 61.442996978759766, 103.99166870117188, 329.2832336425781, 8.622820854187012, 43.75218200683594, 16.173995971679688, 23.703332901000977, 53.72847366333008, -8.544775009155273, -18.32750701904297, -4.091854095458984], [312.703125, -377.97686767578125, 275.9577331542969, 207.5046844482422, 8.622820854187012, 419.65887451171875, 101.62098693847656, 62.36592483520508, -16.312192916870117, -10.864653587341309, -15.782139778137207, 36.61943054199219, 16.928150177001953], [-185.16836547851562, 205.7979278564453, 30.994325637817383, -38.97908020019531, 43.75218200683594, 101.62098693847656, 334.66357421875, 115.72858428955078, -36.02568817138672, -83.75152587890625, -5.784064292907715, 40.85976791381836, 33.57864761352539], [105.72342681884766, 2.7571210861206055, 72.48849487304688, -43.888309478759766, 16.173995971679688, 62.36592483520508, 115.72858428955078, 156.5503692626953, 27.698450088500977, -11.676820755004883, -3.3566994667053223, 31.31534767150879, -0.7604783177375793], [121.20752716064453, 139.01890563964844, -45.8707160949707, 22.86459732055664, 23.703332901000977, -16.312192916870117, -36.02568817138672, 27.698450088500977, 151.21920776367188, 84.23601531982422, 54.124229431152344, -26.340539932250977, -5.693693161010742], [186.99734497070312, -41.416542053222656, 66.23226165771484, 9.955114364624023, 53.72847366333008, -10.864653587341309, -83.75152587890625, -11.676820755004883, 84.23601531982422, 160.38839721679688, 42.72380065917969, 9.802167892456055, -24.263925552368164], [25.58512306213379, 147.0389404296875, -60.98933792114258, 2.7822391986846924, -8.544775009155273, -15.782139778137207, -5.784064292907715, -3.3566994667053223, 54.124229431152344, 42.72380065917969, 102.95162200927734, 7.915679454803467, 7.13849401473999], [131.58436584472656, -96.42324829101562, 111.60481262207031, -12.876826286315918, -18.32750701904297, 36.61943054199219, 40.85976791381836, 31.31534767150879, -26.340539932250977, 9.802167892456055, 7.915679454803467, 95.61015319824219, 25.0528564453125], [-82.06375122070312, 39.166561126708984, 22.4694881439209, 77.58582305908203, -4.091854095458984, 16.928150177001953, 33.57864761352539, -0.7604783177375793, -5.693693161010742, -24.263925552368164, 7.13849401473999, 25.0528564453125, 82.16905212402344]], "lowlevel.gfcc.icov": [[0.0008385864202864468, -0.00024886842584237456, -0.00020843642414547503, 0.00046031156671233475, 0.0005123786395415664, -0.0010742575395852327, 0.0010221421252936125, -0.0003745254362002015, -0.0006199944764375687, -0.0003547319502104074, 0.0004610148607753217, -0.0012320210225880146, 0.0005920346593484282], [-0.00024886842584237456, 0.0036395585630089045, 0.000854585028719157, 0.000917795579880476, -0.0017991155618801713, 0.0027418090030550957, -0.003512299619615078, 0.0017052129842340946, -0.00294706504791975, 0.0019431537948548794, -0.0038185056764632463, 0.0026160834822803736, -0.0023833259474486113], [-0.00020843642414547503, 0.000854585028719157, 0.003383983625099063, -0.0016859355382621288, -0.000222485265112482, 0.0001298259012401104, -0.000911245122551918, -0.0011613602982833982, 0.0010397230507805943, -0.001989184645935893, 0.0012046487536281347, -0.002060750499367714, 0.0003831361245829612], [0.00046031156671233475, 0.000917795579880476, -0.0016859355382621288, 0.004723995923995972, -0.0015224734088405967, -0.001356462948024273, 0.000610903138294816, 0.002162229735404253, -0.0028577428311109543, 0.0023098518140614033, -0.00213831989094615, 0.0023704711347818375, -0.004056138452142477], [0.0005123786395415664, -0.0017991155618801713, -0.000222485265112482, -0.0015224734088405967, 0.0052329301834106445, -0.001037070294842124, 0.0005572023219428957, -0.0016728824703022838, 0.0020752660930156708, -0.0041347588412463665, 0.003136158687993884, -0.00051858153892681, 0.0019072275608778], [-0.0010742575395852327, 0.0027418090030550957, 0.0001298259012401104, -0.001356462948024273, -0.001037070294842124, 0.006973617244511843, -0.004746132995933294, 0.0006876840488985181, -0.0009606079547666013, 0.001362799433991313, -0.0030158362351357937, 0.002943892264738679, -0.0009766314178705215], [0.0010221421252936125, -0.003512299619615078, -0.000911245122551918, 0.000610903138294816, 0.0005572023219428957, -0.004746132995933294, 0.009996006265282631, -0.005094083026051521, 0.0026788502000272274, 0.0009093494736589491, 0.002406530547887087, -0.004240220878273249, 0.0007787338690832257], [-0.0003745254362002015, 0.0017052129842340946, -0.0011613602982833982, 0.002162229735404253, -0.0016728824703022838, 0.0006876840488985181, -0.005094083026051521, 0.013498780317604542, -0.007946154102683067, 0.004666788969188929, -0.000630340538918972, -0.0016839711461216211, 0.00046642456436529756], [-0.0006199944764375687, -0.00294706504791975, 0.0010397230507805943, -0.0028577428311109543, 0.0020752660930156708, -0.0009606079547666013, 0.0026788502000272274, -0.007946154102683067, 0.01944882608950138, -0.010595379397273064, -0.0011959869880229235, 0.0053013465367257595, -0.0009609771659597754], [-0.0003547319502104074, 0.0019431537948548794, -0.001989184645935893, 0.0023098518140614033, -0.0041347588412463665, 0.001362799433991313, 0.0009093494736589491, 0.004666788969188929, -0.010595379397273064, 0.01766674593091011, -0.005539280828088522, -0.0029833957087248564, 0.002140893368050456], [0.0004610148607753217, -0.0038185056764632463, 0.0012046487536281347, -0.00213831989094615, 0.003136158687993884, -0.0030158362351357937, 0.002406530547887087, -0.000630340538918972, -0.0011959869880229235, -0.005539280828088522, 0.019042272120714188, -0.007264901418238878, 0.0026005259715020657], [-0.0012320210225880146, 0.0026160834822803736, -0.002060750499367714, 0.0023704711347818375, -0.00051858153892681, 0.002943892264738679, -0.004240220878273249, -0.0016839711461216211, 0.0053013465367257595, -0.0029833957087248564, -0.007264901418238878, 0.02368774637579918, -0.010172010399401188], [0.0005920346593484282, -0.0023833259474486113, 0.0003831361245829612, -0.004056138452142477, 0.0019072275608778, -0.0009766314178705215, 0.0007787338690832257, 0.00046642456436529756, -0.0009609771659597754, 0.002140893368050456, 0.0026005259715020657, -0.010172010399401188, 0.02104579284787178]], "lowlevel.mfcc.cov": [[2311.38525390625, -439.5089416503906, 307.92364501953125, -414.4580993652344, 38.43640899658203, 36.70876693725586, -181.63143920898438, -27.545915603637695, -50.551963806152344, 64.48861694335938, 127.50985717773438, 99.03206634521484, -14.689205169677734], [-439.5089416503906, 1416.5718994140625, -719.288818359375, 9.91513729095459, -252.38552856445312, -283.7439270019531, -43.40153884887695, -35.026100158691406, -0.8231316208839417, -36.06581497192383, 97.49470520019531, 52.09284591674805, 97.93252563476562], [307.92364501953125, -719.288818359375, 743.7244873046875, 35.58354949951172, 111.96440124511719, 181.9357147216797, 97.67938232421875, 97.16059112548828, 56.78790283203125, 30.549158096313477, -50.079444885253906, 13.824466705322266, -26.090150833129883], [-414.4580993652344, 9.91513729095459, 35.58354949951172, 360.3272705078125, 137.837646484375, 66.99365997314453, 4.137840747833252, -33.934444427490234, 17.986791610717773, 23.430362701416016, -27.158437728881836, -59.123661041259766, 28.572952270507812], [38.43640899658203, -252.38552856445312, 111.96440124511719, 137.837646484375, 331.9789123535156, 138.7252655029297, -39.84521484375, -76.58906555175781, -9.758331298828125, 87.83453369140625, 19.47772789001465, -20.467361450195312, 2.433336019515991], [36.70876693725586, -283.7439270019531, 181.9357147216797, 66.99365997314453, 138.7252655029297, 256.22015380859375, 93.78990936279297, 24.211036682128906, 29.726648330688477, 37.36957931518555, 2.886502504348755, 8.51258373260498, -22.154003143310547], [-181.63143920898438, -43.40153884887695, 97.67938232421875, 4.137840747833252, -39.84521484375, 93.78990936279297, 253.0926971435547, 179.88404846191406, 85.41487884521484, -21.304630279541016, -16.615428924560547, 15.89355754852295, -19.66634750366211], [-27.545915603637695, -35.026100158691406, 97.16059112548828, -33.934444427490234, -76.58906555175781, 24.211036682128906, 179.88404846191406, 239.6758270263672, 100.66089630126953, -12.989028930664062, -13.196735382080078, 11.139683723449707, -21.16900062561035], [-50.551963806152344, -0.8231316208839417, 56.78790283203125, 17.986791610717773, -9.758331298828125, 29.726648330688477, 85.41487884521484, 100.66089630126953, 125.79395294189453, 27.087472915649414, 7.30673360824585, 5.428851127624512, -13.25113296508789], [64.48861694335938, -36.06581497192383, 30.549158096313477, 23.430362701416016, 87.83453369140625, 37.36957931518555, -21.304630279541016, -12.989028930664062, 27.087472915649414, 107.38873291015625, 46.797157287597656, 18.185585021972656, 4.243982315063477], [127.50985717773438, 97.49470520019531, -50.079444885253906, -27.158437728881836, 19.47772789001465, 2.886502504348755, -16.615428924560547, -13.196735382080078, 7.30673360824585, 46.797157287597656, 107.03690338134766, 51.84054183959961, 19.865907669067383], [99.03206634521484, 52.09284591674805, 13.824466705322266, -59.123661041259766, -20.467361450195312, 8.51258373260498, 15.89355754852295, 11.139683723449707, 5.428851127624512, 18.185585021972656, 51.84054183959961, 104.88577270507812, 32.0614128112793], [-14.689205169677734, 97.93252563476562, -26.090150833129883, 28.572952270507812, 2.433336019515991, -22.154003143310547, -19.66634750366211, -21.16900062561035, -13.25113296508789, 4.243982315063477, 19.865907669067383, 32.0614128112793, 81.44357299804688]], "lowlevel.mfcc.icov": [[0.000794205057900399, 2.983161357406061e-05, -0.00038919251528568566, 0.0009754360653460026, -0.00016266369493678212, -0.0003852349182125181, 0.0011337774340063334, -0.0005868264706805348, 0.00011697245645336807, 0.00019728104234673083, -0.0009198621264658868, 0.0001966699492186308, -0.0001824973151087761], [2.983161357406061e-05, 0.002091668313369155, 0.0016420247266069055, -0.0007630679756402969, 0.0009374158107675612, 0.0010599539382383227, -0.000631182745564729, 0.00034674571361392736, -0.0006462727906182408, -7.265181193361059e-05, -0.0010133996838703752, -0.0006724063423462212, -0.001107479794882238], [-0.00038919251528568566, 0.0016420247266069055, 0.0033975206315517426, -0.0010345674818381667, 0.0003989266406279057, -0.0001017712929751724, -0.0005762298824265599, -0.0003887906204909086, -0.0007484267698600888, -0.0004585048009175807, 0.0012085309717804193, -0.0015420643612742424, -0.0006587324314750731], [0.0009754360653460026, -0.0007630679756402969, -0.0010345674818381667, 0.005806702189147472, -0.0019206946017220616, -0.0013537687482312322, 0.0009331984329037368, 9.007278276840225e-05, -0.0010028755059465766, 0.0002551052311901003, -8.429129957221448e-05, 0.0033619750756770372, -0.0028166063129901886], [-0.00016266369493678212, 0.0009374158107675612, 0.0003989266406279057, -0.0019206946017220616, 0.00681847520172596, -0.002173003042116761, 0.00010672374628484249, 0.0013415470020845532, 0.0006992790149524808, -0.003958121873438358, -0.0006808005855418742, 0.0011094709625467658, -0.0007259168196469545], [-0.0003852349182125181, 0.0010599539382383227, -0.0001017712929751724, -0.0013537687482312322, -0.002173003042116761, 0.008707227185368538, -0.005155554506927729, 0.0025441593024879694, -0.0002646617649588734, -0.0005742903449572623, -0.0004365017230156809, -0.0017295624129474163, 0.00172230985481292], [0.0011337774340063334, -0.000631182745564729, -0.0005762298824265599, 0.0009331984329037368, 0.00010672374628484249, -0.005155554506927729, 0.013566765934228897, -0.008498437702655792, -0.0011581397848203778, 0.0030831103213131428, -0.00034461505129002035, -0.0012809127802029252, 0.0003521644393913448], [-0.0005868264706805348, 0.00034674571361392736, -0.0003887906204909086, 9.007278276840225e-05, 0.0013415470020845532, 0.0025441593024879694, -0.008498437702655792, 0.013021818362176418, -0.0051305717788636684, -0.0005563677405007184, 0.0005181825836189091, 0.000495320709887892, 0.00017840661166701466], [0.00011697245645336807, -0.0006462727906182408, -0.0007484267698600888, -0.0010028755059465766, 0.0006992790149524808, -0.0002646617649588734, -0.0011581397848203778, -0.0051305717788636684, 0.014723562635481358, -0.004812752828001976, -0.0005173349636606872, 0.0003933524712920189, 0.001821906422264874], [0.00019728104234673083, -7.265181193361059e-05, -0.0004585048009175807, 0.0002551052311901003, -0.003958121873438358, -0.0005742903449572623, 0.0030831103213131428, -0.0005563677405007184, -0.004812752828001976, 0.017194082960486412, -0.005968291778117418, -0.0010582400718703866, 0.0006418441189453006], [-0.0009198621264658868, -0.0010133996838703752, 0.0012085309717804193, -8.429129957221448e-05, -0.0006808005855418742, -0.0004365017230156809, -0.00034461505129002035, 0.0005181825836189091, -0.0005173349636606872, -0.005968291778117418, 0.017971601337194443, -0.006730247754603624, -8.49236166686751e-05], [0.0001966699492186308, -0.0006724063423462212, -0.0015420643612742424, 0.0033619750756770372, 0.0011094709625467658, -0.0017295624129474163, -0.0012809127802029252, 0.000495320709887892, 0.0003933524712920189, -0.0010582400718703866, -0.006730247754603624, 0.017840020