{"song_id": "1182282901363118150", "download": "https://cdn.discordapp.com/attachments/1128313332273782784/1182282901363118150/chirp.mp4?ex=658421c1&amp", "lyrics": "[verse]\nWhen I hear that classic sound\nBringing memories all around\nOf summer nights and endless dreams\nOh, how Yesterday once more gleams\n\n[chorus]\nYesterday once more, oh how it played\nMelodies that will never fade\nTransporting us to another time\nWhen love was sweet and life was prime", "style": ["light dubstep</span><span>/violin</span><span>/piano"], "essentia_features": {"lowlevel.average_loudness": 0.9764550924301147, "lowlevel.barkbands_crest.mean": 10.624628067016602, "lowlevel.barkbands_crest.stdev": 3.6933319568634033, "lowlevel.barkbands_flatness_db.mean": 0.15888996422290802, "lowlevel.barkbands_flatness_db.stdev": 0.047410983592271805, "lowlevel.barkbands_kurtosis.mean": 6.099471569061279, "lowlevel.barkbands_kurtosis.stdev": 8.101629257202148, "lowlevel.barkbands_skewness.mean": 1.7689692974090576, "lowlevel.barkbands_skewness.stdev": 1.1965711116790771, "lowlevel.barkbands_spread.mean": 17.906841278076172, "lowlevel.barkbands_spread.stdev": 14.391969680786133, "lowlevel.dissonance.mean": 0.44840002059936523, "lowlevel.dissonance.stdev": 0.031920887529850006, "lowlevel.dynamic_complexity": 1.4555912017822266, "lowlevel.erbbands_crest.mean": 11.17253589630127, "lowlevel.erbbands_crest.stdev": 4.923285484313965, "lowlevel.erbbands_flatness_db.mean": 0.16918589174747467, "lowlevel.erbbands_flatness_db.stdev": 0.04636140540242195, "lowlevel.erbbands_kurtosis.mean": 1.207660436630249, "lowlevel.erbbands_kurtosis.stdev": 2.8588218688964844, "lowlevel.erbbands_skewness.mean": 0.6088264584541321, "lowlevel.erbbands_skewness.stdev": 0.8514370322227478, "lowlevel.erbbands_spread.mean": 36.442710876464844, "lowlevel.erbbands_spread.stdev": 21.702024459838867, "lowlevel.hfc.mean": 24.668495178222656, "lowlevel.hfc.stdev": 18.371488571166992, "lowlevel.loudness_ebu128.integrated": -15.08277416229248, "lowlevel.loudness_ebu128.loudness_range": 2.3332462310791016, "lowlevel.loudness_ebu128.momentary.mean": -15.22972583770752, "lowlevel.loudness_ebu128.momentary.stdev": 1.1265789270401, "lowlevel.loudness_ebu128.short_term.mean": -15.101874351501465, "lowlevel.loudness_ebu128.short_term.stdev": 0.8196620941162109, "lowlevel.melbands_crest.mean": 13.714770317077637, "lowlevel.melbands_crest.stdev": 4.786795139312744, "lowlevel.melbands_flatness_db.mean": 0.23128126561641693, "lowlevel.melbands_flatness_db.stdev": 0.05715398117899895, "lowlevel.melbands_kurtosis.mean": 13.963915824890137, "lowlevel.melbands_kurtosis.stdev": 16.16250991821289, "lowlevel.melbands_skewness.mean": 2.5705461502075195, "lowlevel.melbands_skewness.stdev": 1.6025859117507935, "lowlevel.melbands_spread.mean": 18.498258590698242, "lowlevel.melbands_spread.stdev": 14.492051124572754, "lowlevel.pitch_salience.mean": 0.5407225489616394, "lowlevel.pitch_salience.stdev": 0.10841076821088791, "lowlevel.silence_rate_20dB.mean": 1.0, "lowlevel.silence_rate_20dB.stdev": 0.0, "lowlevel.silence_rate_30dB.mean": 1.0, "lowlevel.silence_rate_30dB.stdev": 0.0, "lowlevel.silence_rate_60dB.mean": 0.0008216926944442093, "lowlevel.silence_rate_60dB.stdev": 0.028653061017394066, "lowlevel.spectral_centroid.mean": 996.875, "lowlevel.spectral_centroid.stdev": 528.4887084960938, "lowlevel.spectral_complexity.mean": 16.46343421936035, "lowlevel.spectral_complexity.stdev": 5.550148010253906, "lowlevel.spectral_decrease.mean": -8.562214937057888e-09, "lowlevel.spectral_decrease.stdev": 3.0006885864963806e-09, "lowlevel.spectral_energy.mean": 0.03455328196287155, "lowlevel.spectral_energy.stdev": 0.012026386335492134, "lowlevel.spectral_energyband_high.mean": 0.000821891997475177, "lowlevel.spectral_energyband_high.stdev": 0.0013569184811785817, "lowlevel.spectral_energyband_low.mean": 0.008698572404682636, "lowlevel.spectral_energyband_low.stdev": 0.008235160261392593, "lowlevel.spectral_energyband_middle_high.mean": 0.0059884535148739815, "lowlevel.spectral_energyband_middle_high.stdev": 0.00778582040220499, "lowlevel.spectral_energyband_middle_low.mean": 0.021296367049217224, "lowlevel.spectral_energyband_middle_low.stdev": 0.009760609827935696, "lowlevel.spectral_entropy.mean": 7.244951248168945, "lowlevel.spectral_entropy.stdev": 0.43997734785079956, "lowlevel.spectral_flux.mean": 0.07592366635799408, "lowlevel.spectral_flux.stdev": 0.0347898043692112, "lowlevel.spectral_kurtosis.mean": 6.041631698608398, "lowlevel.spectral_kurtosis.stdev": 4.32915735244751, "lowlevel.spectral_rms.mean": 0.0057171848602592945, "lowlevel.spectral_rms.stdev": 0.0010120668448507786, "lowlevel.spectral_rolloff.mean": 1184.8365478515625, "lowlevel.spectral_rolloff.stdev": 1357.07373046875, "lowlevel.spectral_skewness.mean": 1.80614173412323, "lowlevel.spectral_skewness.stdev": 0.5831683278083801, "lowlevel.spectral_spread.mean": 4507009.0, "lowlevel.spectral_spread.stdev": 1882429.875, "lowlevel.spectral_strongpeak.mean": 1.667583703994751, "lowlevel.spectral_strongpeak.stdev": 2.0264835357666016, "lowlevel.zerocrossingrate.mean": 0.05209724232554436, "lowlevel.zerocrossingrate.stdev": 0.03337356075644493, "metadata.audio_properties.analysis.equal_loudness": 0.0, "metadata.audio_properties.analysis.length": 28.22399139404297, "metadata.audio_properties.analysis.sample_rate": 44100.0, "metadata.audio_properties.analysis.start_time": 0.0, "metadata.audio_properties.bit_rate": 120184.0, "metadata.audio_properties.length": 28.224000930786133, "metadata.audio_properties.lossless": 0.0, "metadata.audio_properties.number_channels": 1.0, "metadata.audio_properties.replay_gain": -10.961484909057617, "metadata.audio_properties.sample_rate": 48000.0, "rhythm.beats_count": 50.0, "rhythm.beats_loudness.mean": 0.039449211210012436, "rhythm.beats_loudness.stdev": 0.011439431458711624, "rhythm.bpm": 108.0194091796875, "rhythm.bpm_histogram_first_peak_bpm": 108.0, "rhythm.bpm_histogram_first_peak_weight": 0.4893617033958435, "rhythm.bpm_histogram_second_peak_bpm": 101.0, "rhythm.bpm_histogram_second_peak_spread": 0.5, "rhythm.bpm_histogram_second_peak_weight": 0.020408162847161293, "rhythm.danceability": 1.2448956966400146, "rhythm.onset_rate": 4.248227596282959, "tonal.chords_changes_rate": 0.03776682913303375, "tonal.chords_number_rate": 0.014778325334191322, "tonal.chords_strength.mean": 0.5409496426582336, "tonal.chords_strength.stdev": 0.11075012385845184, "tonal.hpcp_crest.mean": 14.98501968383789, "tonal.hpcp_crest.stdev": 6.720825672149658, "tonal.hpcp_entropy.mean": 1.7617055177688599, "tonal.hpcp_entropy.stdev": 0.6483118534088135, "tonal.key_edma.strength": 0.676387369632721, "tonal.key_krumhansl.strength": 0.6816318035125732, "tonal.key_temperley.strength": 0.6908935308456421, "tonal.tuning_diatonic_strength": 0.5409585237503052, "tonal.tuning_equal_tempered_deviation": 0.05301624909043312, "tonal.tuning_frequency": 441.2725830078125, "tonal.tuning_nontempered_energy_ratio": 0.6799188852310181, "lowlevel.barkbands.mean": [6.327123992377892e-05, 0.0035612862557172775, 0.0028812692034989595, 0.00461634760722518, 0.0064321947284042835, 0.0022957271430641413, 0.0022069758269935846, 0.002684451639652252, 0.002879359060898423, 0.0004967374261468649, 0.0005509056500159204, 0.0007760933367535472, 0.0010765857296064496, 0.0007841663318686187, 0.0007241636049002409, 0.0005084216245450079, 0.00032537724473513663, 0.0006027535418979824, 0.00011147668556077406, 0.00029073888435959816, 0.00010337573621654883, 7.557283970527351e-05, 0.00021932931849732995, 0.00013747555203735828, 7.229956827359274e-05, 7.458674372173846e-05, 2.3516624878539005e-06], "lowlevel.barkbands.stdev": [0.00014448635920416564, 0.006524677388370037, 0.003467301605269313, 0.005008281674236059, 0.005734867416322231, 0.0028116509784013033, 0.003837966825813055, 0.005423270165920258, 0.005532999522984028, 0.001137381768785417, 0.0010319564025849104, 0.0019366043852642179, 0.0032959787640720606, 0.002509332960471511, 0.0030060806311666965, 0.0017403478268533945, 0.0007917448529042304, 0.0011181076988577843, 0.00017886921705212444, 0.00042541022412478924, 0.0001950270961970091, 0.00013293010124471039, 0.0004454212903510779, 0.00039754522731527686, 0.00021644578373525292, 0.00018351856851950288, 6.1276141423149966e-06], "lowlevel.erbbands.mean": [0.084745392203331, 0.879447877407074, 3.137202501296997, 9.938217163085938, 16.982099533081055, 25.89715003967285, 19.2985897064209, 18.1247615814209, 19.794591903686523, 50.533203125, 64.2818374633789, 62.81717300415039, 38.9041862487793, 17.068239212036133, 25.7655086517334, 30.693464279174805, 39.151371002197266, 56.06525421142578, 42.570526123046875, 22.66908073425293, 32.32453536987305, 18.88395881652832, 28.63912582397461, 15.176636695861816, 8.474266052246094, 13.801811218261719, 6.577360153198242, 2.9100327491760254, 2.5087151527404785, 5.008251190185547, 6.046411991119385, 3.8420119285583496, 1.773993730545044, 0.7883356809616089, 0.5249139070510864, 0.3714599609375, 0.12448406219482422, 0.017077872529625893, 0.0003718679945450276, 5.3679603297496215e-05], "lowlevel.erbbands.stdev": [0.23065568506717682, 1.366742491722107, 3.7849905490875244, 9.484967231750488, 14.468318939208984, 28.425992965698242, 24.18767738342285, 23.590072631835938, 30.03706932067871, 91.8970718383789, 121.59772491455078, 136.03591918945312, 82.73672485351562, 32.1038932800293, 42.89893341064453, 81.30548095703125, 101.9765396118164, 180.6396942138672, 160.0522003173828, 62.15934371948242, 109.00396728515625, 38.18656539916992, 48.53141784667969, 31.59367561340332, 13.773661613464355, 20.995088577270508, 11.390695571899414, 5.470224380493164, 4.466322898864746, 9.603813171386719, 12.625378608703613, 9.85311222076416, 5.820199489593506, 2.6411588191986084, 1.494136095046997, 1.0482537746429443, 0.28209188580513, 0.03558947890996933, 0.0007328332285396755, 3.163036308251321e-05], "lowlevel.gfcc.mean": [15.346489906311035, 102.9251937866211, -105.0934066772461, 25.106882095336914, -58.35881042480469, 7.911636829376221, -41.6854133605957, 6.015190601348877, -29.31044578552246, -4.923076629638672, -20.396896362304688, -3.989142656326294, -21.17923927307129], "lowlevel.melbands.mean": [0.0008788789855316281, 0.001523088663816452, 0.001927663921378553, 0.0015648232074454427, 0.0007771786185912788, 0.00041484960820525885, 0.00032682446180842817, 0.0005628603976219893, 0.0005053455824963748, 0.0003934186534024775, 0.00018391234334558249, 6.269372534006834e-05, 8.899836393538862e-05, 8.151782094500959e-05, 7.570810703327879e-05, 0.00012027486081933603, 9.295542986365035e-05, 6.404972373275086e-05, 4.7451641876250505e-05, 2.5417100914637558e-05, 3.9522055885754526e-05, 2.0224459149176255e-05, 1.589641578902956e-05, 3.454502439126372e-05, 9.44181465456495e-06, 3.931356786779361e-06, 9.367957318318076e-06, 9.065699487109669e-06, 4.646446996048326e-06, 2.3724639959255e-06, 1.4135429182715598e-06, 1.324298864346929e-06, 1.5884269259913708e-06, 3.4249835607624846e-06, 3.725504257090506e-06, 2.944768993984326e-06, 2.126649860656471e-06, 1.373359282297315e-06, 8.176566552720033e-07, 6.016007318976335e-07], "lowlevel.melbands.stdev": [0.0019434981513768435, 0.0015724668046459556, 0.0016538625350221992, 0.0013404210330918431, 0.0008312235586345196, 0.0005221098545007408, 0.0004839114553760737, 0.0009708732250146568, 0.0009255088516511023, 0.0008203309844247997, 0.00041572225745767355, 0.00013647039304487407, 0.00016024665092118084, 0.00019456200243439525, 0.00032307658693753183, 0.00037473495467565954, 0.00030068628257140517, 0.0002574862155597657, 0.00021746571292169392, 8.026677824091166e-05, 0.00012901674199383706, 4.9590871640248224e-05, 2.693587521207519e-05, 7.308509520953521e-05, 2.236519503640011e-05, 6.827448942203773e-06, 1.5503297618124634e-05, 1.462053205614211e-05, 8.545959644834511e-06, 4.807468940271065e-06, 2.887671143980697e-06, 2.5690696929814294e-06, 2.771138269963558e-06, 7.063672910589958e-06, 7.98053133621579e-06, 7.329721938731382e-06, 5.631343810819089e-06, 4.5564443098555785e-06, 3.254719331380329e-06, 1.9701471956068417e-06], "lowlevel.melbands128.mean": [4.8445770516991615e-05, 0.0005579695571213961, 0.0012343048583716154, 0.0014856940833851695, 0.00154972355812788, 0.0013896999880671501, 0.001973025733605027, 0.0023663295432925224, 0.001459499355405569, 0.001693948288448155, 0.0015710664447396994, 0.0008477068622596562, 0.000577097584027797, 0.0006597198080271482, 0.00043328379979357123, 0.00025804818142205477, 0.00029769554384984076, 0.0002698081370908767, 0.00037996628088876605, 0.0007514404715038836, 0.00043742169509641826, 0.0006923633627593517, 0.0004675983509514481, 0.00037721716216765344, 0.00048692821292206645, 0.00029188120970502496, 0.00046042451867833734, 0.000100053905043751, 5.775675890618004e-05, 6.61886006128043e-05, 5.026516009820625e-05, 7.832294795662165e-05, 0.0001319701987085864, 4.2597584979375824e-05, 9.503150067757815e-05, 8.871116006048396e-05, 6.970654067117721e-05, 9.136255539488047e-05, 6.285368726821616e-05, 6.104805652284995e-05, 0.00010129118163604289, 0.00028255482902750373, 6.728054722771049e-05, 2.0537818272714503e-05, 5.385643453337252e-05, 6.5693209762685e-05, 9.134972788160667e-05, 6.149207183625549e-05, 1.5785864889039658e-05, 2.6493707991903648e-05, 1.7322632629657164e-05, 3.404383096494712e-05, 5.381567825679667e-05, 3.587464016163722e-05, 2.562520057836082e-05, 2.2328493287204765e-05, 1.0830513019755017e-05, 1.1668399565678556e-05, 2.0166044123470783e-05, 1.7808446500566788e-05, 4.99246634717565e-05, 3.56125456164591e-05, 8.587148840888403e-06, 4.89965623273747e-06, 3.0734720439795638e-06, 3.1619479159417097e-06, 4.105507741769543e-06, 7.999326044227928e-06, 1.093483115255367e-05, 1.1218703548365738e-05, 1.0034228580479976e-05, 7.614096830366179e-06, 5.484449047798989e-06, 4.651788458431838e-06, 2.8260039925953606e-06, 2.721494865909335e-06, 2.0049130853294628e-06, 1.4578398577214102e-06, 1.3780530707663274e-06, 1.2601101389009273e-06, 1.3344121043701307e-06, 1.4185171721692313e-06, 1.2060839935656986e-06, 1.4738192248842097e-06, 1.8695244534683297e-06, 2.7629862415778916e-06, 4.2614565245457925e-06, 4.386653472465696e-06, 3.7051609069749247e-06, 3.1928555017657345e-06, 3.228507466701558e-06, 2.9202265068306588e-06, 2.40763711190084e-06, 2.23697293222358e-06, 1.7689343394522439e-06, 1.8163958657169132e-06, 1.230599764312501e-06, 8.528391504114552e-07, 9.084677685677889e-07, 7.963238317643118e-07, 4.868146561420872e-07, 6.818987117185316e-07, 5.339638278201164e-07, 6.122564855104429e-07, 5.056866143604566e-07, 6.104938279349881e-07, 7.106804673639999e-07, 6.234749889699742e-07, 6.830755978626257e-07, 6.964939984754892e-07, 5.565468086388137e-07, 4.886937858827878e-07, 3.4936141446451074e-07, 3.1341812700702576e-07, 2.3589473130414262e-07, 2.1204104427852144e-07, 9.507100173777872e-08, 5.805488090260269e-09, 5.503904190046205e-12, 5.1859003202814336e-12, 5.0260733075457864e-12, 4.902967788711354e-12, 4.794756605641659e-12, 4.700364663462464e-12, 4.591032849027288e-12, 4.46198807069198e-12, 4.384677950580729e-12, 4.353857552263918e-12], "lowlevel.melbands128.stdev": [0.00013695265806745738, 0.0017714755376800895, 0.0031662066467106342, 0.002108836080878973, 0.0022311441134661436, 0.0015668899286538363, 0.0021323957480490208, 0.0027368052396923304, 0.001672260696068406, 0.0019983185920864344, 0.0021035433746874332, 0.0012762983096763492, 0.0011173735838383436, 0.0010626398725435138, 0.0007043773657642305, 0.0005277539021335542, 0.0006088566733524203, 0.0005296411109156907, 0.0007028501131571829, 0.001735685975290835, 0.0011465591378509998, 0.0017822064692154527, 0.0012228157138451934, 0.0011000954546034336, 0.0015974415000528097, 0.0007232967182062566, 0.0012554327258840203, 0.0002980130084324628, 0.00021051341900601983, 0.00021848635515198112, 0.00016735793906264007, 0.0001630390324862674, 0.00029447150882333517, 0.00014098947576712817, 0.00029355366132222116, 0.00029659626306965947, 0.00026814977172762156, 0.0006319706444628537, 0.00027584805502556264, 0.00027910483186133206, 0.0003956346190534532, 0.0011835239129140973, 0.0002383287064731121, 9.078336006496102e-05, 0.0003295839414931834, 0.0003808722540270537, 0.0005017195362597704, 0.00042015229701064527, 6.556032894877717e-05, 6.654675962636247e-05, 5.3984796977601945e-05, 0.00025192962493747473, 0.0002520719135645777, 0.00012941600289195776, 0.000103354686871171, 6.603113433811814e-05, 2.3033961042528972e-05, 2.314346238563303e-05, 4.7002005885588005e-05, 4.1721690649865195e-05, 0.0001314522814936936, 0.00011390908184694126, 3.10843824991025e-05, 8.544770935259294e-06, 5.3394319365906995e-06, 5.201362000661902e-06, 1.4362884030560963e-05, 1.9787534256465733e-05, 2.2977703338256106e-05, 2.459215647832025e-05, 2.0527491869870573e-05, 1.4946512237656862e-05, 1.1220111446164083e-05, 1.1569054549909197e-05, 6.728007974743377e-06, 6.4674418354115915e-06, 4.41129986938904e-06, 3.585370677683386e-06, 2.9814439130859682e-06, 3.01281420433952e-06, 3.111050318693742e-06, 2.87644593299774e-06, 2.419219981675269e-06, 3.0323772080009803e-06, 3.9513047340733465e-06, 5.833519026055001e-06, 1.0987905625370331e-05, 1.0126506822416559e-05, 9.393768777954392e-06, 7.188235485955374e-06, 8.337394319823943e-06, 8.170211003744043e-06, 7.541036211478058e-06, 5.79609104534029e-06, 5.205188699619612e-06, 6.4657751863705926e-06, 4.368942882138072e-06, 3.394041186766117e-06, 4.002048626716714e-06, 3.428767513469211e-06, 1.666804223532381e-06, 2.4150731405825354e-06, 1.7632742128625978e-06, 2.17234651245235e-06, 1.512467520115024e-06, 1.8292776076123118e-06, 2.1069565718789818e-06, 2.178908744099317e-06, 2.3262766717380146e-06, 1.7791877553463564e-06, 1.5685744756410713e-06, 1.1584060075620073e-06, 8.408444500673795e-07, 7.722529744569329e-07, 4.825982387046679e-07, 4.907030302092608e-07, 2.3869029064371716e-07, 2.1014940898567147e-08, 6.767557868270213e-12, 6.4466513724492636e-12, 6.269193497665526e-12, 6.117648488485061e-12, 5.986927099910222e-12, 5.878967451744543e-12, 5.786798124018944e-12, 5.7153769564277646e-12, 5.663346961531923e-12, 5.631287970653265e-12], "lowlevel.mfcc.mean": [-635.9122924804688, 138.80589294433594, 7.5721435546875, 22.633840560913086, 3.6496732234954834, 2.1091086864471436, -3.821115255355835, 6.773548126220703, -12.122344970703125, 6.5342278480529785, -9.609620094299316, 1.7701842784881592, -4.860567092895508], "lowlevel.spectral_contrast_coeffs.mean": [-0.6537896394729614, -0.6914234757423401, -0.7343378663063049, -0.7673189640045166, -0.7726069092750549, -0.7463921904563904], "lowlevel.spectral_contrast_coeffs.stdev": [0.0645352154970169, 0.08112027496099472, 0.07316391170024872, 0.06910610944032669, 0.05294401943683624, 0.04840346798300743], "lowlevel.spectral_contrast_valleys.mean": [-6.350944519042969, -6.726013660430908, -7.423133373260498, -7.716893196105957, -7.701115608215332, -10.718820571899414], "lowlevel.spectral_contrast_valleys.stdev": [0.4863969087600708, 0.4967603087425232, 0.4699787497520447, 0.4478500187397003, 0.5752466320991516, 1.011332392692566], "rhythm.beats_loudness_band_ratio.mean": [0.3580949008464813, 0.18522202968597412, 0.24754390120506287, 0.10177741199731827, 0.10886000841856003, 0.037769414484500885], "rhythm.beats_loudness_band_ratio.stdev": [0.2272452563047409, 0.12866853177547455, 0.17736558616161346, 0.11392206698656082, 0.1536247730255127, 0.02306634746491909], "tonal.hpcp.mean": [0.2758256196975708, 0.22742202877998352, 0.07640615105628967, 0.04784684255719185, 0.03775723651051521, 0.15712130069732666, 0.3101705312728882, 0.20075489580631256, 0.0363943986594677, 0.013965997844934464, 0.01811712235212326, 0.07445882260799408, 0.12776489555835724, 0.08836740255355835, 0.10544869303703308, 0.22167086601257324, 0.17462459206581116, 0.06925038248300552, 0.0590592622756958, 0.04133128374814987, 0.11934681981801987, 0.320780485868454, 0.2806876301765442, 0.08408258855342865, 0.0321880541741848, 0.04058587923645973, 0.13285709917545319, 0.21136541664600372, 0.1392344832420349, 0.07000511884689331, 0.08064902573823929, 0.05696260556578636, 0.04977251589298248, 0.06442498415708542, 0.04134368523955345, 0.10725068300962448], "tonal.hpcp.stdev": [0.36490002274513245, 0.316648930311203, 0.19143062829971313, 0.16080880165100098, 0.13561886548995972, 0.22888146340847015, 0.3841213285923004, 0.2634267210960388, 0.10739849507808685, 0.055793534964323044, 0.08167529851198196, 0.16725488007068634, 0.2602575719356537, 0.1701047569513321, 0.1973150223493576, 0.3304661214351654, 0.2773746848106384, 0.15319417417049408, 0.17052631080150604, 0.12425108253955841, 0.1847599446773529, 0.37783509492874146, 0.33546730875968933, 0.16260896623134613, 0.09783317148685455, 0.12465796619653702, 0.22236047685146332, 0.2969927489757538, 0.2293100208044052, 0.15894310176372528, 0.21792562305927277, 0.15940694510936737, 0.12053970992565155, 0.1528361439704895, 0.10670032352209091, 0.16861416399478912], "rhythm.beats_position": [0.6037188172340393, 1.195827603340149, 1.7763265371322632, 2.345215320587158, 2.9141042232513428, 3.4829931259155273, 4.040272235870361, 4.597550868988037, 5.154829978942871, 5.712108612060547, 6.269387722015381, 6.826666355133057, 7.383945465087891, 7.952834129333496, 8.510112762451172, 9.079002380371094, 9.63628101348877, 10.193559646606445, 10.750839233398438, 11.308117866516113, 11.865396499633789, 12.434285163879395, 13.003174781799316, 13.548843383789062, 14.094511985778809, 14.640181541442871, 15.185850143432617, 15.731518745422363, 16.27718734741211, 16.822856903076172, 17.368526458740234, 17.914194107055664, 18.459863662719727, 19.01714324951172, 19.56281089782715, 20.10848045349121, 20.665760040283203, 21.223037719726562, 21.780317306518555, 22.337596893310547, 22.894874572753906, 23.4521541595459, 23.997821807861328, 24.54349136352539, 25.100770950317383, 25.658048629760742, 26.215328216552734, 26.760997772216797, 27.306665420532227, 27.86394500732422], "rhythm.bpm_histogram": [0.0, 0.0, 0.0, 0.0, 0.0, 0.0, 0.0, 0.0, 0.0, 0.0, 0.0, 0.0, 0.0, 0.0, 0.0, 0.0, 0.0, 0.0, 0.0, 0.0, 0.0, 0.0, 0.0, 0.0, 0.0, 0.0, 0.0, 0.0, 0.0, 0.0, 0.0, 0.0, 0.0, 0.0, 0.0, 0.0, 0.0, 0.0, 0.0, 0.0, 0.0, 0.0, 0.0, 0.0, 0.0, 0.0, 0.0, 0.0, 0.0, 0.0, 0.0, 0.0, 0.0, 0.0, 0.0, 0.0, 0.0, 0.0, 0.0, 0.0, 0.0, 0.0, 0.0, 0.0, 0.0, 0.0, 0.0, 0.0, 0.0, 0.0, 0.0, 0.0, 0.0, 0.0, 0.0, 0.0, 0.0, 0.0, 0.0, 0.0, 0.0, 0.0, 0.0, 0.0, 0.0, 0.0, 0.0, 0.0, 0.0, 0.0, 0.0, 0.0, 0.0, 0.0, 0.0, 0.0, 0.0, 0.0, 0.0, 0.0, 0.0, 0.020408162847161293, 0.0, 0.020408162847161293, 0.0, 0.1428571492433548, 0.0, 0.0, 0.4897959232330322, 0.0, 0.3265306055545807, 0.0, 0.0, 0.0, 0.0, 0.0, 0.0, 0.0, 0.0, 0.0, 0.0, 0.0, 0.0, 0.0, 0.0, 0.0, 0.0, 0.0, 0.0, 0.0, 0.0, 0.0, 0.0, 0.0, 0.0, 0.0, 0.0, 0.0, 0.0, 0.0, 0.0, 0.0, 0.0, 0.0, 0.0, 0.0, 0.0, 0.0, 0.0, 0.0, 0.0, 0.0, 0.0, 0.0, 0.0, 0.0, 0.0, 0.0, 0.0, 0.0, 0.0, 0.0, 0.0, 0.0, 0.0, 0.0, 0.0, 0.0, 0.0, 0.0, 0.0, 0.0, 0.0, 0.0, 0.0, 0.0, 0.0, 0.0, 0.0, 0.0, 0.0, 0.0, 0.0, 0.0, 0.0, 0.0, 0.0, 0.0, 0.0, 0.0, 0.0, 0.0, 0.0, 0.0, 0.0, 0.0, 0.0, 0.0, 0.0, 0.0, 0.0, 0.0, 0.0, 0.0, 0.0, 0.0, 0.0, 0.0, 0.0, 0.0, 0.0, 0.0, 0.0, 0.0, 0.0, 0.0, 0.0, 0.0, 0.0, 0.0, 0.0, 0.0, 0.0, 0.0, 0.0, 0.0, 0.0, 0.0, 0.0, 0.0, 0.0, 0.0, 0.0, 0.0, 0.0, 0.0, 0.0, 0.0, 0.0, 0.0, 0.0, 0.0, 0.0, 0.0, 0.0, 0.0, 0.0, 0.0, 0.0, 0.0], "tonal.chords_histogram": [21.839080810546875, 8.045976638793945, 12.643677711486816, 0.0, 18.062397003173828, 0.0, 10.344827651977539, 0.0, 0.0, 0.0, 0.0, 0.0, 0.0, 0.0, 0.0, 0.3284072279930115, 0.0, 1.1494252681732178, 0.0, 0.0, 0.0, 9.688013076782227, 3.6124794483184814, 14.285714149475098], "tonal.thpcp": [1.0, 0.8750146627426147, 0.26211878657341003, 0.10034292936325073, 0.12652228772640228, 0.41416826844215393, 0.6589098572731018, 0.4340490996837616, 0.21823371946811676, 0.2514150142669678, 0.1775750368833542, 0.15516066551208496, 0.20083822309970856, 0.12888465821743011, 0.33434292674064636, 0.8598578572273254, 0.7089646458625793, 0.23818828165531158, 0.1491575837135315, 0.11770427972078323, 0.48980942368507385, 0.9669245481491089, 0.6258326172828674, 0.11345577239990234, 0.043537553399801254, 0.05647825449705124, 0.2321176826953888, 0.3982938528060913, 0.27547624707221985, 0.3287253975868225, 0.6910359859466553, 0.5443741083145142, 0.21588090062141418, 0.18411114811897278, 0.12884600460529327, 0.3720513582229614], "lowlevel.gfcc.cov": [[1943.99755859375, -1278.964599609375, -45.95848846435547, 136.37196350097656, -17.13287925720215, 198.87771606445312, -85.85191345214844, 116.0280990600586, -98.75841522216797, 104.64479064941406, -189.60423278808594, 97.7726821899414, -226.19500732421875], [-1278.964599609375, 1622.3668212890625, -311.6703796386719, -182.3811492919922, 85.9083251953125, -286.5735778808594, 185.7855987548828, -72.73433685302734, 188.8907470703125, -112.52198791503906, 247.4898223876953, -153.3186492919922, 212.5173797607422], [-45.95848846435547, -311.6703796386719, 711.50732421875, 82.4004898071289, -68.60404205322266, 144.8540802001953, -28.702905654907227, 32.32724380493164, -70.64822387695312, 103.90332794189453, -46.00331497192383, 129.6942901611328, 8.202775001525879], [136.37196350097656, -182.3811492919922, 82.4004898071289, 345.84515380859375, 31.455965042114258, 20.704965591430664, -39.2916374206543, 18.616676330566406, 19.95343780517578, -39.90950393676758, -39.33230972290039, 25.18113899230957, 57.69935989379883], [-17.13287925720215, 85.9083251953125, -68.60404205322266, 31.455965042114258, 252.95639038085938, 34.1240348815918, 15.615104675292969, -8.197964668273926, -2.481323719024658, -15.874473571777344, -8.363831520080566, 5.521357536315918, 4.201295852661133], [198.87771606445312, -286.5735778808594, 144.8540802001953, 20.704965591430664, 34.1240348815918, 295.7821350097656, 37.164642333984375, -15.50667667388916, -61.43894577026367, 44.26542282104492, -27.56959342956543, -2.9650678634643555, -12.895722389221191], [-85.85191345214844, 185.7855987548828, -28.702905654907227, -39.2916374206543, 15.615104675292969, 37.164642333984375, 211.9778289794922, 42.551212310791016, -1.7596224546432495, 19.290607452392578, 46.30423355102539, -3.2180702686309814, 33.5924072265625], [116.0280990600586, -72.73433685302734, 32.32724380493164, 18.616676330566406, -8.197964668273926, -15.50667667388916, 42.551212310791016, 155.0135040283203, 47.46475601196289, -0.5569731593132019, 6.653929233551025, 22.785015106201172, -27.206201553344727], [-98.75841522216797, 188.8907470703125, -70.64822387695312, 19.95343780517578, -2.481323719024658, -61.43894577026367, -1.7596224546432495, 47.46475601196289, 157.19920349121094, 4.7610554695129395, 34.689300537109375, -30.064599990844727, 27.297019958496094], [104.64479064941406, -112.52198791503906, 103.90332794189453, -39.90950393676758, -15.874473571777344, 44.26542282104492, 19.290607452392578, -0.5569731593132019, 4.7610554695129395, 147.66558837890625, 13.16045093536377, 23.49104118347168, -2.4346494674682617], [-189.60423278808594, 247.4898223876953, -46.00331497192383, -39.33230972290039, -8.363831520080566, -27.56959342956543, 46.30423355102539, 6.653929233551025, 34.689300537109375, 13.16045093536377, 136.43185424804688, 2.240940809249878, 12.705875396728516], [97.7726821899414, -153.3186492919922, 129.6942901611328, 25.18113899230957, 5.521357536315918, -2.9650678634643555, -3.2180702686309814, 22.785015106201172, -30.064599990844727, 23.49104118347168, 2.240940809249878, 134.16586303710938, 5.945953369140625], [-226.19500732421875, 212.5173797607422, 8.202775001525879, 57.69935989379883, 4.201295852661133, -12.895722389221191, 33.5924072265625, -27.206201553344727, 27.297019958496094, -2.4346494674682617, 12.705875396728516, 5.945953369140625, 164.28558349609375]], "lowlevel.gfcc.icov": [[0.0014310510596260428, 0.0007843563216738403, 0.0009308158187195659, -0.00046748685417696834, 0.00014787809050176293, -0.0004053448501508683, -0.00011600946163525805, -0.0006161155761219561, 2.45862320298329e-05, -0.0009819574188441038, 0.000757671776227653, -0.0007473035948351026, 0.0009093114640563726], [0.0007843563216738403, 0.004614167846739292, -0.0011396348709240556, 0.0021928909700363874, -0.0023010692093521357, 0.003454220714047551, -0.003084061900153756, 0.0025637808721512556, -0.0029965806752443314, 0.0033154296688735485, -0.004857360851019621, 0.004034615121781826, -0.003440306056290865], [0.0009308158187195659, -0.0011396348709240556, 0.003647970035672188, -0.0016884487122297287, 0.001800230355001986, -0.0027288543060421944, 0.0016935161547735333, -0.002238053362816572, 0.0018422957509756088, -0.0034247010480612516, 0.002962552709504962, -0.004018361680209637, 0.0017489605816081166], [-0.00046748685417696834, 0.0021928909700363874, -0.0016884487122297287, 0.005343947559595108, -0.0018961536698043346, 0.0018015241948887706, -0.0008931401534937322, 0.0012191731948405504, -0.00245271110907197, 0.003876450238749385, -0.0025702500715851784, 0.0023623646702617407, -0.004120219964534044], [0.00014787809050176293, -0.0023010692093521357, 0.001800230355001986, -0.0018961536698043346, 0.005789557471871376, -0.0029899931978434324, 0.001312358072027564, -0.0012970613315701485, 0.0013947791885584593, -0.0020240729209035635, 0.0034774686209857464, -0.0036758678033947945, 0.00249274680390954], [-0.0004053448501508683, 0.003454220714047551, -0.0027288543060421944, 0.0018015241948887706, -0.0029899931978434324, 0.008065401576459408, -0.0037404291797429323, 0.003123596543446183, -0.0012025858741253614, 0.002557140775024891, -0.004407036118209362, 0.005720037501305342, -0.00315969530493021], [-0.00011600946163525805, -0.003084061900153756, 0.0016935161547735333, -0.0008931401534937322, 0.001312358072027564, -0.0037404291797429323, 0.008968899957835674, -0.005263365339487791, 0.003983234986662865, -0.003505790140479803, 0.0016244208673015237, -0.002469868864864111, 0.0002761412470135838], [-0.0006161155761219561, 0.0025637808721512556, -0.002238053362816572, 0.0012191731948405504, -0.0012970613315701485, 0.003123596543446183, -0.005263365339487791, 0.012112067081034184, -0.006440502591431141, 0.004252023063600063, -0.002972401212900877, 0.0011055876966565847, 0.00020219190628267825], [2.45862320298329e-05, -0.0029965806752443314, 0.0018422957509756088, -0.00245271110907197, 0.0013947791885584593, -0.0012025858741253614, 0.003983234986662865, -0.006440502591431141, 0.012390258722007275, -0.004803833086043596, 0.0014633298851549625, -8.33435042295605e-05, 0.0004284514288883656], [-0.0009819574188441038, 0.0033154296688735485, -0.0034247010480612516, 0.003876450238749385, -0.0020240729209035635, 0.002557140775024891, -0.003505790140479803, 0.004252023063600063, -0.004803833086043596, 0.013017598539590836, -0.005772309843450785, 0.003331849817186594, -0.0038408292457461357], [0.000757671776227653, -0.004857360851019621, 0.002962552709504962, -0.0025702500715851784, 0.0034774686209857464, -0.004407036118209362, 0.0016244208673015237, -0.002972401212900877, 0.0014633298851549625, -0.005772309843450785, 0.016160644590854645, -0.007356611080467701, 0.005509837530553341], [-0.0007473035948351026, 0.004034615121781826, -0.004018361680209637, 0.0023623646702617407, -0.0036758678033947945, 0.005720037501305342, -0.002469868864864111, 0.0011055876966565847, -8.33435042295605e-05, 0.003331849817186594, -0.007356611080467701, 0.015848815441131592, -0.005587401334196329], [0.0009093114640563726, -0.003440306056290865, 0.0017489605816081166, -0.004120219964534044, 0.00249274680390954, -0.00315969530493021, 0.0002761412470135838, 0.00020219190628267825, 0.0004284514288883656, -0.0038408292457461357, 0.005509837530553341, -0.005587401334196329, 0.012462250888347626]], "lowlevel.mfcc.cov": [[1926.895751953125, -1124.3409423828125, -154.655029296875, -9.537549018859863, 30.685693740844727, 69.7573471069336, -42.00347137451172, 57.520050048828125, -24.996532440185547, 92.55904388427734, 44.954307556152344, -56.0903434753418, -74.77385711669922], [-1124.3409423828125, 1466.2119140625, -314.7016906738281, 5.69021463394165, -133.18426513671875, -151.5484161376953, 8.998116493225098, -25.595979690551758, -30.358280181884766, 25.06241798400879, 7.1597900390625, 83.20466613769531, 71.93444061279297], [-154.655029296875, -314.7016906738281, 672.5470581054688, -34.58966064453125, 17.320762634277344, 67.81111145019531, 54.0722541809082, -42.5229606628418, 91.5453109741211, -109.34709167480469, 34.075992584228516, 16.81694793701172, 45.527099609375], [-9.537549018859863, 5.69021463394165, -34.58966064453125, 296.150146484375, 41.047489166259766, -49.70800018310547, -54.260902404785156, 45.18196487426758, 41.000553131103516, -38.76604080200195, -42.6296272277832, 8.341493606567383, 39.66585159301758], [30.685693740844727, -133.18426513671875, 17.320762634277344, 41.047489166259766, 242.19065856933594, 53.63592529296875, -26.963125228881836, 14.499349594116211, 5.147173881530762, 17.401382446289062, -21.618608474731445, -37.230987548828125, -15.849055290222168], [69.7573471069336, -151.5484161376953, 67.81111145019531, -49.70800018310547, 53.63592529296875, 229.06008911132812, 82.68251037597656, -40.32478332519531, 40.54981231689453, -18.281648635864258, -1.375585913658142, -17.21217155456543, -50.1690788269043], [-42.00347137451172, 8.998116493225098, 54.0722541809082, -54.260902404785156, -26.963125228881836, 82.68251037597656, 210.69497680664062, 26.107450485229492, 25.128799438476562, -9.52940559387207, 14.753035545349121, -1.5835031270980835, -0.08413160592317581], [57.520050048828125, -25.595979690551758, -42.5229606628418, 45.18196487426758, 14.499349594116211, -40.32478332519531, 26.107450485229492, 177.36256408691406, -30.83710289001465, 42.168582916259766, -9.3436918258667, 2.736480236053467, 5.244622230529785], [-24.996532440185547, -30.358280181884766, 91.5453109741211, 41.000553131103516, 5.147173881530762, 40.54981231689453, 25.128799438476562, -30.83710289001465, 192.83786010742188, -38.18964767456055, -17.200761795043945, -3.153169870376587, 25.17794418334961], [92.55904388427734, 25.06241798400879, -109.34709167480469, -38.76604080200195, 17.401382446289062, -18.281648635864258, -9.52940559387207, 42.168582916259766, -38.18964767456055, 193.9048309326172, 43.20899200439453, -26.453975677490234, -43.371646881103516], [44.954307556152344, 7.1597900390625, 34.075992584228516, -42.6296272277832, -21.618608474731445, -1.375585913658142, 14.753035545349121, -9.3436918258667, -17.200761795043945, 43.20899200439453, 136.5184783935547, 17.848852157592773, -14.239561080932617], [-56.0903434753418, 83.20466613769531, 16.81694793701172, 8.341493606567383, -37.230987548828125, -17.21217155456543, -1.5835031270980835, 2.736480236053467, -3.153169870376587, -26.453975677490234, 17.848852157592773, 107.26127624511719, 46.36275863647461], [-74.77385711669922, 71.93444061279297, 45.527099609375, 39.66585159301758, -15.849055290222168, -50.1690788269043, -0.08413160592317581, 5.244622230529785, 25.17794418334961, -43.371646881103516, -14.239561080932617, 46.36275863647461, 123.238525390625]], "lowlevel.mfcc.icov": [[0.0013743260642513633, 0.0013169902376830578, 0.0009513801196590066, 4.0737893868936226e-05, 0.0004344105254858732, -7.010294939391315e-05, 0.00013076023606117815, -9.203257650369778e-05, -0.00017305654182564467, -0.00028758475673384964, -0.0006514445412904024, -0.00012201567005831748, -0.0003633297747001052], [0.0013169902376830578, 0.0021687138359993696, 0.001362033886834979, 5.488803071784787e-05, 0.0005951598286628723, 0.0004805937933269888, -0.0002724427613429725, 0.0003436834958847612, -0.00022776523837819695, -0.00036723000812344253, -0.0006102828774601221, -0.0006619970081374049, -0.000634444528259337], [0.0009513801196590066, 0.001362033886834979, 0.002794282976537943, 0.0004368759400676936, 8.958432590588927e-05, -8.791502477834001e-05, -0.00019699764379765838, 5.063077696831897e-05, -0.0008467963198199868, 0.0008854774059727788, -0.0013837767764925957, -0.0001461238571209833, -0.0010375067358836532], [4.0737893868936226e-05, 5.488803071784787e-05, 0.0004368759400676936, 0.004529654514044523, -0.0007646920275874436, 0.000557708612177521, 0.0011030057212337852, -0.0014746395172551274, -0.0012881819857284427, 0.0011150275822728872, 0.0003761231782846153, -8.556938701076433e-05, -0.0007031915592961013], [0.0004344105254858732, 0.0005951598286628723, 8.958432590588927e-05, -0.0007646920275874436, 0.005400939844548702, -0.001966408919543028, 0.0013158002402633429, -0.0006688387366011739, 0.00025234566419385374, -0.0008234233246184886, 0.00021530577214434743, 0.0015394134679809213, -0.0008429448935203254], [-7.010294939391315e-05, 0.0004805937933269888, -8.791502477834001e-05, 0.000557708612177521, -0.001966408919543028, 0.007726817857474089, -0.0032934104092419147, 0.001965657342225313, -0.0011388248531147838, 0.0005300975753925741, 0.0006834030500613153, -0.001459585502743721, 0.0033839179668575525], [0.00013076023606117815, -0.0002724427613429725, -0.00019699764379765838, 0.0011030057212337852, 0.0013158002402633429, -0.0032934104092419147, 0.0070677250623703, -0.002562081441283226, -0.0006300084642134607, 0.0004994019400328398, -0.0009283591061830521, 0.0011616740375757217, -0.001341337920166552], [-9.203257650369778e-05, 0.0003436834958847612, 5.063077696831897e-05, -0.0014746395172551274, -0.0006688387366011739, 0.001965657342225313, -0.002562081441283226, 0.0077307685278356075, 0.0011792585719376802, -0.001967164920642972, 0.0011942940764129162, -0.0010953438468277454, 0.00019974747556261718], [-0.00017305654182564467, -0.00022776523837819695, -0.0008467963198199868, -0.0012881819857284427, 0.00025234566419385374, -0.0011388248531147838, -0.0006300084642134607, 0.0011792585719376802, 0.006534871645271778, -8.493985660606995e-05, 0.0006607537507079542, 0.0008174479589797556, -0.0013225405709818006], [-0.00028758475673384964, -0.00036723000812344253, 0.0008854774059727788, 0.0011150275822728872, -0.0008234233246184886, 0.0005300975753925741, 0.0004994019400328398, -0.001967164920642972, -8.493985660606995e-05, 0.007717343047261238, -0.0025698812678456306, 0.0014766925014555454, 0.001428684452548623], [-0.0006514445412904024, -0.0006102828774601221, -0.0013837767764925957, 0.0003761231782846153, 0.00021530577214434743, 0.0006834030500613153, -0.0009283591061830521, 0.0011942940764129162, 0.0006607537507079542, -0.0025698812678456306, 0.009641574695706367, -0.0024506072513759136, 0.0016020809998735785], [-0.00012201567005831748, -0.0006619970081374049, -0.0001461238571209833, -8.556938701076433e-05, 0.0015394134679809213, -0.001459585502743721, 0.0011616740375757217, -0.0010953438468277454, 0.0008174479589797556, 0.0014766925014555454, -0.0024506072513759136, 0.013009479269385338, -0.004779575392603874], [-0.0003633297747001052, -0.000634444528259337, -0.0010375067358836532, -0.0007031915592961013, -0.0008429448935203254, 0.0033839179668575525, -0.001341337920166552, 0.00019974747556261718, -0.0013225405709818006, 0.001428684452548623, 0.0016020809998735785, -0.004779575392603874, 0.012889771722257137]], "metadata.audio_properties.analysis.downmix": "mix", "metadata.audio_properties.codec": "mp3", "metadata.audio_properties.md5_encoded": "784110a7107d80e78ba996e123f80f49", "metadata.tags.file_name": "1182282901363118150.mp3", "metadata.version.essentia": "2.1-beta6-dev", "metadata.version.essentia_git_sha": "v2.1_beta5-1110-g77a6a954", "metadata.version.extractor": "music 2.0", "tonal.chords_key": "D", "tonal.chords_scale": "major", "tonal.key_edma.key": "D", "tonal.key_edma.scale": "major", "tonal.key_krumhansl.key": "D", "tonal.key_krumhansl.scale": "major", "tonal.key_temperley.key": "D", "tonal.key_temperley.scale": "major", "metadata.tags.encoding": ["Lavf58.45.100"]}, "essentia_models": [{"model_name": "genre_dortmund", "activations": {"alternative": "0.236902", "blues": "0.010191993", "electronic": "0.017723015", "folkcountry": "0.30461663", "funksoulrnb": "0.009977407", "jazz": "0.032841146", "pop":