{"song_id": "1182274894868787270", "download": "https://cdn.discordapp.com/attachments/1128313332273782784/1182274894868787270/chirp.mp4?ex=65841a4c&amp", "lyrics": "Lucie est rentr\u00e9e du coll\u00e8ge\nAm\u00e9lie est rentr\u00e9e du coll\u00e8ge\nElle a deux heures pour manger\nTranquille.\nAlors elles ont les tablettes.\nC'est cool.", "style": ["cinematic royal"], "essentia_features": {"lowlevel.average_loudness": 0.9768773317337036, "lowlevel.barkbands_crest.mean": 17.357986450195312, "lowlevel.barkbands_crest.stdev": 4.972577095031738, "lowlevel.barkbands_flatness_db.mean": 0.20561526715755463, "lowlevel.barkbands_flatness_db.stdev": 0.06011536717414856, "lowlevel.barkbands_kurtosis.mean": 37.02459716796875, "lowlevel.barkbands_kurtosis.stdev": 42.52963638305664, "lowlevel.barkbands_skewness.mean": 4.5925703048706055, "lowlevel.barkbands_skewness.stdev": 2.6552717685699463, "lowlevel.barkbands_spread.mean": 12.401978492736816, "lowlevel.barkbands_spread.stdev": 14.645540237426758, "lowlevel.dissonance.mean": 0.4350232183933258, "lowlevel.dissonance.stdev": 0.039622075855731964, "lowlevel.dynamic_complexity": 2.420957565307617, "lowlevel.erbbands_crest.mean": 17.210371017456055, "lowlevel.erbbands_crest.stdev": 6.1741228103637695, "lowlevel.erbbands_flatness_db.mean": 0.18133218586444855, "lowlevel.erbbands_flatness_db.stdev": 0.05445469170808792, "lowlevel.erbbands_kurtosis.mean": 7.747901439666748, "lowlevel.erbbands_kurtosis.stdev": 12.010956764221191, "lowlevel.erbbands_skewness.mean": 2.202244520187378, "lowlevel.erbbands_skewness.stdev": 1.5966662168502808, "lowlevel.erbbands_spread.mean": 44.21969223022461, "lowlevel.erbbands_spread.stdev": 32.82948303222656, "lowlevel.hfc.mean": 13.566019058227539, "lowlevel.hfc.stdev": 14.056925773620605, "lowlevel.loudness_ebu128.integrated": -20.883975982666016, "lowlevel.loudness_ebu128.loudness_range": 1.4417591094970703, "lowlevel.loudness_ebu128.momentary.mean": -21.209224700927734, "lowlevel.loudness_ebu128.momentary.stdev": 1.7200887203216553, "lowlevel.loudness_ebu128.short_term.mean": -20.966114044189453, "lowlevel.loudness_ebu128.short_term.stdev": 0.4892607033252716, "lowlevel.melbands_crest.mean": 24.023508071899414, "lowlevel.melbands_crest.stdev": 6.196434497833252, "lowlevel.melbands_flatness_db.mean": 0.28992336988449097, "lowlevel.melbands_flatness_db.stdev": 0.07356752455234528, "lowlevel.melbands_kurtosis.mean": 90.36323547363281, "lowlevel.melbands_kurtosis.stdev": 87.70613098144531, "lowlevel.melbands_skewness.mean": 6.560130596160889, "lowlevel.melbands_skewness.stdev": 3.4514639377593994, "lowlevel.melbands_spread.mean": 7.496707916259766, "lowlevel.melbands_spread.stdev": 9.599205017089844, "lowlevel.pitch_salience.mean": 0.381955087184906, "lowlevel.pitch_salience.stdev": 0.18092162907123566, "lowlevel.silence_rate_20dB.mean": 1.0, "lowlevel.silence_rate_20dB.stdev": 0.0, "lowlevel.silence_rate_30dB.mean": 0.9528718590736389, "lowlevel.silence_rate_30dB.stdev": 0.2119118720293045, "lowlevel.silence_rate_60dB.mean": 0.002945508109405637, "lowlevel.silence_rate_60dB.stdev": 0.054192788898944855, "lowlevel.spectral_centroid.mean": 626.8541259765625, "lowlevel.spectral_centroid.stdev": 405.8790283203125, "lowlevel.spectral_complexity.mean": 8.329896926879883, "lowlevel.spectral_complexity.stdev": 7.976404666900635, "lowlevel.spectral_decrease.mean": -7.673555124654285e-09, "lowlevel.spectral_decrease.stdev": 9.507354903348642e-09, "lowlevel.spectral_energy.mean": 0.030192283913493156, "lowlevel.spectral_energy.stdev": 0.036559220403432846, "lowlevel.spectral_energyband_high.mean": 0.000620800070464611, "lowlevel.spectral_energyband_high.stdev": 0.001077116234228015, "lowlevel.spectral_energyband_low.mean": 0.010243606753647327, "lowlevel.spectral_energyband_low.stdev": 0.029950788244605064, "lowlevel.spectral_energyband_middle_high.mean": 0.0011289429385215044, "lowlevel.spectral_energyband_middle_high.stdev": 0.0026877319905906916, "lowlevel.spectral_energyband_middle_low.mean": 0.01921272464096546, "lowlevel.spectral_energyband_middle_low.stdev": 0.016879292204976082, "lowlevel.spectral_entropy.mean": 7.08548641204834, "lowlevel.spectral_entropy.stdev": 0.6471004486083984, "lowlevel.spectral_flux.mean": 0.08300210535526276, "lowlevel.spectral_flux.stdev": 0.07870803028345108, "lowlevel.spectral_kurtosis.mean": 4.6513776779174805, "lowlevel.spectral_kurtosis.stdev": 3.5689239501953125, "lowlevel.spectral_rms.mean": 0.004847314674407244, "lowlevel.spectral_rms.stdev": 0.0024411892518401146, "lowlevel.spectral_rolloff.mean": 775.1976318359375, "lowlevel.spectral_rolloff.stdev": 1402.9886474609375, "lowlevel.spectral_skewness.mean": 1.6923803091049194, "lowlevel.spectral_skewness.stdev": 0.6217805743217468, "lowlevel.spectral_spread.mean": 5825144.0, "lowlevel.spectral_spread.stdev": 2023517.125, "lowlevel.spectral_strongpeak.mean": 1.1149991750717163, "lowlevel.spectral_strongpeak.stdev": 0.6012599468231201, "lowlevel.zerocrossingrate.mean": 0.0399462953209877, "lowlevel.zerocrossingrate.stdev": 0.029600895941257477, "metadata.audio_properties.analysis.equal_loudness": 0.0, "metadata.audio_properties.analysis.length": 15.72265338897705, "metadata.audio_properties.analysis.sample_rate": 44100.0, "metadata.audio_properties.analysis.start_time": 0.0, "metadata.audio_properties.bit_rate": 124469.0, "metadata.audio_properties.length": 15.72266674041748, "metadata.audio_properties.lossless": 0.0, "metadata.audio_properties.number_channels": 1.0, "metadata.audio_properties.replay_gain": -6.635828018188477, "metadata.audio_properties.sample_rate": 48000.0, "rhythm.beats_count": 32.0, "rhythm.beats_loudness.mean": 0.0461447611451149, "rhythm.beats_loudness.stdev": 0.026993528008461, "rhythm.bpm": 123.04690551757812, "rhythm.bpm_histogram_first_peak_bpm": 123.0, "rhythm.bpm_histogram_first_peak_weight": 0.0, "rhythm.bpm_histogram_second_peak_bpm": 0.0, "rhythm.bpm_histogram_second_peak_spread": 0.0, "rhythm.bpm_histogram_second_peak_weight": 0.0, "rhythm.danceability": 1.5673731565475464, "rhythm.onset_rate": 5.780299663543701, "tonal.chords_changes_rate": 0.12941177189350128, "tonal.chords_number_rate": 0.014705882407724857, "tonal.chords_strength.mean": 0.4784451127052307, "tonal.chords_strength.stdev": 0.03550952672958374, "tonal.hpcp_crest.mean": 14.946953773498535, "tonal.hpcp_crest.stdev": 7.617944717407227, "tonal.hpcp_entropy.mean": 1.9787874221801758, "tonal.hpcp_entropy.stdev": 0.7888356447219849, "tonal.key_edma.strength": 0.5476968884468079, "tonal.key_krumhansl.strength": 0.539544403553009, "tonal.key_temperley.strength": 0.5211694836616516, "tonal.tuning_diatonic_strength": 0.5126136541366577, "tonal.tuning_equal_tempered_deviation": 0.13050368428230286, "tonal.tuning_frequency": 434.193115234375, "tonal.tuning_nontempered_energy_ratio": 0.834357738494873, "lowlevel.barkbands.mean": [0.0009984495118260384, 0.00567031791433692, 0.0025877791922539473, 0.0017911060713231564, 0.010783670470118523, 0.0033826883882284164, 0.001958325505256653, 0.000811128644272685, 0.00042643927736207843, 0.00017067011503968388, 0.00013697694521397352, 0.0001860723423305899, 8.842422539601102e-05, 8.753228757996112e-05, 8.03675502538681e-05, 6.814161315560341e-05, 9.365479490952566e-05, 5.8840571000473574e-05, 0.0001131580356741324, 0.00012509923544712365, 9.999782923841849e-05, 9.948186198016629e-05, 0.00011548680777195841, 0.00011405706754885614, 5.7530251069692895e-05, 7.876241579651833e-05, 8.1161706475541e-06], "lowlevel.barkbands.stdev": [0.0027713128365576267, 0.01645650714635849, 0.013096232898533344, 0.006814233493059874, 0.007598066236823797, 0.006913290359079838, 0.005168123170733452, 0.0024927156046032906, 0.0011956712696701288, 0.00051762635121122, 0.0005067461752332747, 0.001206288579851389, 0.0002839471853803843, 0.00028751720674335957, 0.00024576744181104004, 0.00019928229448851198, 0.00023307254014071077, 0.00015212821017485112, 0.0002611963136587292, 0.0003175271558575332, 0.0002241897745989263, 0.0002232789120171219, 0.00022402408649213612, 0.00018605240620672703, 0.00011409058788558468, 0.00016109626449178904, 1.79316211870173e-05], "lowlevel.erbbands.mean": [0.23279260098934174, 0.9996525645256042, 2.8029797077178955, 5.108068943023682, 4.693872928619385, 30.009262084960938, 85.09387969970703, 21.799551010131836, 24.31904411315918, 29.683298110961914, 15.078447341918945, 9.471613883972168, 6.792440414428711, 5.060290336608887, 6.899309158325195, 5.9734320640563965, 4.295791149139404, 4.592994689941406, 4.2331862449646, 4.06724214553833, 3.8345186710357666, 5.64935302734375, 3.5463900566101074, 4.3426337242126465, 6.774237155914307, 5.6389665603637695, 4.173159122467041, 3.749664545059204, 3.734313488006592, 3.3756494522094727, 3.1672730445861816, 2.9897727966308594, 1.4938249588012695, 0.661069393157959, 0.38130226731300354, 0.2142137736082077, 0.17023465037345886, 0.04142969101667404, 0.0008850183803588152, 5.724454968003556e-05], "lowlevel.erbbands.stdev": [0.6950008273124695, 3.2179999351501465, 13.006263732910156, 21.951536178588867, 12.97247314453125, 22.684650421142578, 68.21165466308594, 66.03252410888672, 69.15962982177734, 93.14835357666016, 41.09510040283203, 26.611650466918945, 20.385791778564453, 15.537920951843262, 40.13360595703125, 31.46249771118164, 13.350019454956055, 15.418251037597656, 11.696037292480469, 13.180878639221191, 10.231035232543945, 13.881087303161621, 9.058321952819824, 10.702129364013672, 14.671810150146484, 14.134242057800293, 9.702143669128418, 8.728521347045898, 8.992071151733398, 6.757922649383545, 6.037109851837158, 5.145430564880371, 2.4756433963775635, 1.278814435005188, 0.8610188364982605, 0.4901430308818817, 0.3440357744693756, 0.08386578410863876, 0.0017302895430475473, 6.448333442676812e-05], "lowlevel.gfcc.mean": [-48.34173583984375, 68.51752471923828, -75.62739562988281, 21.772186279296875, -79.4191665649414, -10.36128044128418, -50.598731994628906, -9.17054557800293, -35.43354415893555, 0.05645667016506195, -12.856346130371094, 9.960113525390625, -7.356520175933838], "lowlevel.melbands.mean": [0.0018027150072157383, 0.0014081643894314766, 0.0008446102146990597, 0.000985858147032559, 0.003023486351594329, 0.00048429094022139907, 0.00037985018570907414, 0.00029324236675165594, 0.00011121999705210328, 5.639262235490605e-05, 3.2864063541637734e-05, 2.0200661310809664e-05, 2.1156702132429928e-05, 2.3424126993631944e-05, 9.892551133816596e-06, 9.354837857245002e-06, 8.237828296842054e-06, 6.893462341395207e-06, 5.688412329618586e-06, 5.057105681771645e-06, 4.170446572970832e-06, 6.021151875756914e-06, 4.094291398359928e-06, 2.710257149374229e-06, 3.4861259337048978e-06, 4.45462183051859e-06, 5.592875822912902e-06, 3.218617166567128e-06, 2.498766662029084e-06, 2.5941703825083096e-06, 1.976721250684932e-06, 2.2108317807578715e-06, 1.783659286047623e-06, 1.923028776218416e-06, 1.7046510265572579e-06, 1.9260510271124076e-06, 1.855636924119608e-06, 1.1836903013318079e-06, 7.652056979168265e-07, 4.443001841991645e-07], "lowlevel.melbands.stdev": [0.005166220478713512, 0.0056578852236270905, 0.0034067716915160418, 0.0008929954492487013, 0.0022403092589229345, 0.0013612406328320503, 0.0010098154889419675, 0.0009183548972941935, 0.0003169054980389774, 0.00016370770754292607, 9.958681766875088e-05, 6.292778562055901e-05, 9.940929885488003e-05, 0.00017036414647009224, 3.101623588008806e-05, 3.17220292345155e-05, 2.928834146587178e-05, 1.9366956621524878e-05, 1.8998598534381017e-05, 1.5773050108691677e-05, 1.1003245163010433e-05, 1.540416451462079e-05, 1.0262066098221112e-05, 7.416746484523173e-06, 8.912751582101919e-06, 1.0052796824311372e-05, 1.3604222658614162e-05, 8.325939234055113e-06, 6.424935691029532e-06, 5.851002697454533e-06, 4.843695023737382e-06, 5.588520707533462e-06, 3.7425786558742402e-06, 4.084287866135128e-06, 3.3801400149968686e-06, 3.6084452403883915e-06, 3.171457365169772e-06, 1.9825192794087343e-06, 1.4375530099641765e-06, 9.407007155459723e-07], "lowlevel.melbands128.mean": [0.0008851595339365304, 0.002196023939177394, 0.0019173984182998538, 0.0015724360710009933, 0.0014480107929557562, 0.0012384579749777913, 0.00111586123239249, 0.0007771647069603205, 0.00036872713826596737, 0.0002663916675373912, 0.0012818872928619385, 0.004790217150002718, 0.003615559544414282, 0.0007074975874274969, 0.0003720537351910025, 0.00040108809480443597, 0.0003779352700803429, 0.0003676861524581909, 0.0003801926504820585, 0.00039581742021255195, 0.00020839205535594374, 0.00011886523861903697, 0.00011356100003467873, 8.41696746647358e-05, 5.5411888752132654e-05, 4.8406876885565e-05, 4.323485336499289e-05, 2.9839109629392624e-05, 2.808343560900539e-05, 1.8554255802882835e-05, 1.753073956933804e-05, 2.2346479454427026e-05, 1.871831773314625e-05, 1.876325586636085e-05, 3.7822268495801836e-05, 1.9431608961895108e-05, 9.86517989076674e-06, 1.155707286670804e-05, 7.294081569853006e-06, 1.0236819434794597e-05, 9.075244634004775e-06, 9.376626621815376e-06, 9.062840945261996e-06, 7.223162356240209e-06, 6.950970600883011e-06, 7.828200068615843e-06, 5.352374046196928e-06, 5.540573965845397e-06, 6.092615421948722e-06, 5.242166025709594e-06, 4.837634605792118e-06, 5.090848389954772e-06, 4.132848061999539e-06, 3.7859449548705015e-06, 4.001103206974221e-06, 7.171613106038421e-06, 7.140043635445181e-06, 4.363260813988745e-06, 3.1849754122958984e-06, 2.8346748877083883e-06, 2.7872167720488505e-06, 2.5139891022263328e-06, 2.6268025976605713e-06, 4.357644684205297e-06, 3.907082827936392e-06, 4.2657143239921425e-06, 4.659495516534662e-06, 5.573192538577132e-06, 6.671398296020925e-06, 4.569893008010695e-06, 3.0463634175248444e-06, 2.5216140784323215e-06, 2.404239012321341e-06, 2.670120920811314e-06, 2.4072803626040695e-06, 2.5029185053426772e-06, 3.0181802230799804e-06, 1.977968850042089e-06, 1.7745600189300603e-06, 1.8396701761957956e-06, 2.4847038275765954e-06, 2.2677327251585666e-06, 1.9075018826697487e-06, 1.6428327853645897e-06, 1.7152316331703332e-06, 2.095801164614386e-06, 1.968056494661141e-06, 1.6497659771630424e-06, 1.4899486586728017e-06, 1.9166038782714168e-06, 2.0962784219591413e-06, 1.8375844774709549e-06, 1.7889340142573928e-06, 1.97621238839929e-06, 1.7490139043729869e-06, 1.8169688473790302e-06, 8.814487273411942e-07, 5.509556899596646e-07, 8.35601042581402e-07, 9.365911068925925e-07, 4.92392814521736e-07, 3.663820677957119e-07, 3.0924729799153283e-07, 4.6529018504770647e-07, 4.654261545056215e-07, 4.709866061602952e-07, 3.36630222363965e-07, 2.940430761100288e-07, 3.090256370796851e-07, 3.8202850305424363e-07, 5.190134402255353e-07, 5.720424951505265e-07, 5.741937343373138e-07, 6.002364330015553e-07, 5.143533599039074e-07, 5.395759217208251e-07, 3.4251061720169673e-07, 2.3955458061664103e-08, 2.237455706821656e-11, 4.459574636656027e-12, 4.224695680093982e-12, 4.1241797303637195e-12, 4.034080361425829e-12, 3.947677254534376e-12, 3.791886075965589e-12, 3.567663525716469e-12, 3.4407979937478572e-12, 3.4072115788486013e-12], "lowlevel.melbands128.stdev": [0.002478894079104066, 0.006640572100877762, 0.006183830555528402, 0.005373300053179264, 0.006479484960436821, 0.006415967363864183, 0.005011728964745998, 0.00278490106575191, 0.001200852682814002, 0.0008839230285957456, 0.0011372404405847192, 0.0034393055830150843, 0.0030803713016211987, 0.001660178299061954, 0.001856158021837473, 0.0017994524678215384, 0.0013917507603764534, 0.0012655975297093391, 0.0011842030799016356, 0.001563404337503016, 0.000806542404461652, 0.0003690939338412136, 0.0004768970247823745, 0.0002808233257383108, 0.0002005781716434285, 0.00018778505909722298, 0.00015993889246601611, 0.0001095332918339409, 0.00010797097638715059, 6.920843588886783e-05, 5.936372690484859e-05, 7.787231879774481e-05, 7.804914639564231e-05, 0.0001272257650271058, 0.00032882599043659866, 0.0001346186181763187, 2.578868588898331e-05, 4.867626921623014e-05, 2.1808122255606577e-05, 3.7067627999931574e-05, 3.5065586416749284e-05, 3.504608685034327e-05, 3.9340677176369354e-05, 3.0558599974028766e-05, 2.2596170310862362e-05, 2.351303555769846e-05, 1.7902595573104918e-05, 2.106524152623024e-05, 2.37242547882488e-05, 2.01248076336924e-05, 1.6370850062230602e-05, 1.8909353457274847e-05, 1.292957767873304e-05, 9.415850399818737e-06, 1.1988750884484034e-05, 2.1293408281053416e-05, 2.02313058252912e-05, 1.3013788702664897e-05, 8.610712939116638e-06, 8.892491678125225e-06, 9.234874596586451e-06, 6.3942366068658885e-06, 7.281411853909958e-06, 1.3155668966646772e-05, 1.0297962944605388e-05, 1.0558283065620344e-05, 1.096471260098042e-05, 1.3473302715283353e-05, 1.6885816876310855e-05, 1.5872388757998124e-05, 8.128353329084348e-06, 7.356972218985902e-06, 8.037992301979102e-06, 7.424125215038657e-06, 5.741017503169132e-06, 6.092714556871215e-06, 7.136860858736327e-06, 5.064241122454405e-06, 5.056134341430152e-06, 4.963124865753343e-06, 6.297193976934068e-06, 6.371884410327766e-06, 5.0064659262716305e-06, 3.537830934874364e-06, 3.6369885947351577e-06, 4.724544396594865e-06, 4.800140686711529e-06, 3.836375071841758e-06, 3.2135321816895157e-06, 4.0433351387036964e-06, 4.496823294175556e-06, 3.5478117297316203e-06, 3.453178806012147e-06, 3.6603089483833173e-06, 3.1464314815821126e-06, 3.1933495847624727e-06, 1.683100663285586e-06, 1.204587533720769e-06, 1.6877881989785237e-06, 1.8252577547173132e-06, 1.2030072866764385e-06, 9.014898978421115e-07, 8.126754664772307e-07, 1.2941208069605636e-06, 1.1604504379647551e-06, 1.1727286164386896e-06, 8.687453600941808e-07, 1.0909080856436049e-06, 6.823333364991413e-07, 1.0046347824754776e-06, 1.3888698049413506e-06, 1.4296946346803452e-06, 1.1739841738744872e-06, 1.1924820455533336e-06, 1.1215843187528662e-06, 1.175927309304825e-06, 7.598923730256502e-07, 6.125289786496069e-08, 3.130183057198366e-10, 7.723400044512552e-12, 6.893660555590264e-12, 6.745437975547164e-12, 6.6058903139265546e-12, 6.4926523359043475e-12, 6.394983934759901e-12, 6.319983165276044e-12, 6.265290803525447e-12, 6.231978474935396e-12], "lowlevel.mfcc.mean": [-705.7478637695312, 111.60765075683594, 37.419403076171875, 25.21635627746582, -9.72697639465332, -4.311668872833252, -11.709020614624023, -9.446629524230957, -22.014123916625977, -6.089835166931152, -17.837265014648438, -6.477208137512207, -7.685605049133301], "lowlevel.spectral_contrast_coeffs.mean": [-0.5310773849487305, -0.7935895323753357, -0.8293519020080566, -0.8467607498168945, -0.8162445425987244, -0.7588803172111511], "lowlevel.spectral_contrast_coeffs.stdev": [0.09754694998264313, 0.08687863498926163, 0.04187406226992607, 0.0393807515501976, 0.04140441492199898, 0.04200994595885277], "lowlevel.spectral_contrast_valleys.mean": [-7.5485920906066895, -7.001041412353516, -7.906975746154785, -8.471280097961426, -8.210660934448242, -10.678472518920898], "lowlevel.spectral_contrast_valleys.stdev": [1.115463376045227, 0.7970908284187317, 0.7635581493377686, 0.8706310987472534, 0.9173821210861206, 1.0561304092407227], "rhythm.beats_loudness_band_ratio.mean": [0.2303752601146698, 0.5627376437187195, 0.09166616201400757, 0.020667778328061104, 0.02158055081963539, 0.08645621687173843], "rhythm.beats_loudness_band_ratio.stdev": [0.3259964883327484, 0.25060564279556274, 0.11575295776128769, 0.016365643590688705, 0.018491102382540703, 0.06574862450361252], "tonal.hpcp.mean": [0.035871341824531555, 0.03572956100106239, 0.03432445600628853, 0.03875510394573212, 0.03433484584093094, 0.02856750413775444, 0.038473911583423615, 0.03511510044336319, 0.0217510387301445, 0.025260858237743378, 0.032252322882413864, 0.1415499448776245, 0.7718159556388855, 0.7105600833892822, 0.08014416694641113, 0.039608363062143326, 0.03804539889097214, 0.042916543781757355, 0.05462690815329552, 0.041385360062122345, 0.0388067401945591, 0.04744088649749756, 0.035040564835071564, 0.03178149834275246, 0.04242228716611862, 0.04361290484666824, 0.039172060787677765, 0.04585050791501999, 0.056264232844114304, 0.0488690547645092, 0.03893444687128067, 0.033303141593933105, 0.0330440029501915, 0.02851036936044693, 0.029381586238741875, 0.0358896367251873], "tonal.hpcp.stdev": [0.11898959428071976, 0.12367407977581024, 0.1186690554022789, 0.14603696763515472, 0.14752797782421112, 0.09876851737499237, 0.14226312935352325, 0.12553273141384125, 0.08669392764568329, 0.1013687252998352, 0.1291450560092926, 0.196090966463089, 0.32486891746520996, 0.3257330358028412, 0.16127237677574158, 0.14682216942310333, 0.15172894299030304, 0.14302970468997955, 0.1769409477710724, 0.13956159353256226, 0.12938010692596436, 0.13627609610557556, 0.11341378837823868, 0.10203099250793457, 0.1408337503671646, 0.1364518105983734, 0.13471122086048126, 0.1437038630247116, 0.16478455066680908, 0.15350960195064545, 0.14505457878112793, 0.12315352261066437, 0.1173367127776146, 0.10448107123374939, 0.11726648360490799, 0.1457720696926117], "rhythm.beats_position": [0.5108389854431152, 0.9984580278396606, 1.486077070236206, 1.9736961126327515, 2.461315155029297, 2.9489340782165527, 3.4365532398223877, 3.9241721630096436, 4.4117913246154785, 4.899410247802734, 5.38702917098999, 5.874648571014404, 6.36226749420166, 6.849886417388916, 7.337505340576172, 7.825124740600586, 8.312743186950684, 8.800362586975098, 9.287981986999512, 9.77560043334961, 10.263219833374023, 10.750839233398438, 11.238457679748535, 11.72607707977295, 12.213695526123047, 12.701314926147461, 13.188934326171875, 13.676552772521973, 14.164172172546387, 14.6517915725708, 15.139410018920898, 15.627029418945312], "rhythm.bpm_histogram": [0.0, 0.0, 0.0, 0.0, 0.0, 0.0, 0.0, 0.0, 0.0, 0.0, 0.0, 0.0, 0.0, 0.0, 0.0, 0.0, 0.0, 0.0, 0.0, 0.0, 0.0, 0.0, 0.0, 0.0, 0.0, 0.0, 0.0, 0.0, 0.0, 0.0, 0.0, 0.0, 0.0, 0.0, 0.0, 0.0, 0.0, 0.0, 0.0, 0.0, 0.0, 0.0, 0.0, 0.0, 0.0, 0.0, 0.0, 0.0, 0.0, 0.0, 0.0, 0.0, 0.0, 0.0, 0.0, 0.0, 0.0, 0.0, 0.0, 0.0, 0.0, 0.0, 0.0, 0.0, 0.0, 0.0, 0.0, 0.0, 0.0, 0.0, 0.0, 0.0, 0.0, 0.0, 0.0, 0.0, 0.0, 0.0, 0.0, 0.0, 0.0, 0.0, 0.0, 0.0, 0.0, 0.0, 0.0, 0.0, 0.0, 0.0, 0.0, 0.0, 0.0, 0.0, 0.0, 0.0, 0.0, 0.0, 0.0, 0.0, 0.0, 0.0, 0.0, 0.0, 0.0, 0.0, 0.0, 0.0, 0.0, 0.0, 0.0, 0.0, 0.0, 0.0, 0.0, 0.0, 0.0, 0.0, 0.0, 0.0, 0.0, 0.0, 0.0, 1.0, 0.0, 0.0, 0.0, 0.0, 0.0, 0.0, 0.0, 0.0, 0.0, 0.0, 0.0, 0.0, 0.0, 0.0, 0.0, 0.0, 0.0, 0.0, 0.0, 0.0, 0.0, 0.0, 0.0, 0.0, 0.0, 0.0, 0.0, 0.0, 0.0, 0.0, 0.0, 0.0, 0.0, 0.0, 0.0, 0.0, 0.0, 0.0, 0.0, 0.0, 0.0, 0.0, 0.0, 0.0, 0.0, 0.0, 0.0, 0.0, 0.0, 0.0, 0.0, 0.0, 0.0, 0.0, 0.0, 0.0, 0.0, 0.0, 0.0, 0.0, 0.0, 0.0, 0.0, 0.0, 0.0, 0.0, 0.0, 0.0, 0.0, 0.0, 0.0, 0.0, 0.0, 0.0, 0.0, 0.0, 0.0, 0.0, 0.0, 0.0, 0.0, 0.0, 0.0, 0.0, 0.0, 0.0, 0.0, 0.0, 0.0, 0.0, 0.0, 0.0, 0.0, 0.0, 0.0, 0.0, 0.0, 0.0, 0.0, 0.0, 0.0, 0.0, 0.0, 0.0, 0.0, 0.0, 0.0, 0.0, 0.0, 0.0, 0.0, 0.0, 0.0, 0.0, 0.0, 0.0, 0.0, 0.0, 0.0, 0.0, 0.0, 0.0, 0.0, 0.0, 0.0, 0.0], "tonal.chords_histogram": [15.0, 2.3529412746429443, 68.82353210449219, 0.0, 0.0, 0.0, 0.0, 9.117647171020508, 0.0, 4.705882549285889, 0.0, 0.0, 0.0, 0.0, 0.0, 0.0, 0.0, 0.0, 0.0, 0.0, 0.0, 0.0, 0.0, 0.0], "tonal.thpcp": [1.0, 0.9206340909004211, 0.10383844375610352, 0.05131840333342552, 0.049293357878923416, 0.05560463294386864, 0.07077711820602417, 0.05362076312303543, 0.05027978494763374, 0.061466578394174576, 0.04540015757083893, 0.04117755964398384, 0.054964251816272736, 0.05650687217712402, 0.05075310915708542, 0.059406012296676636, 0.0728985071182251, 0.06331697851419449, 0.05044524744153023, 0.04314907267689705, 0.042813319712877274, 0.036939337849617004, 0.038068123161792755, 0.046500250697135925, 0.04647655040025711, 0.046292852610349655, 0.044472333043813705, 0.050212882459163666, 0.04448579251766205, 0.03701336309313774, 0.04984855651855469, 0.045496728271245956, 0.028181638568639755, 0.032729122787714005, 0.041787583380937576, 0.18339857459068298], "lowlevel.gfcc.cov": [[6189.755859375, -660.2998046875, -350.0414733886719, 280.6211242675781, 287.46307373046875, 70.58631134033203, -74.80435943603516, 359.01373291015625, 179.29290771484375, 194.1605987548828, -143.10073852539062, 42.91975402832031, -230.0746612548828], [-660.2998046875, 1770.6781005859375, 63.04302215576172, -84.77062225341797, 340.38873291015625, 9.322985649108887, 260.8446350097656, 82.64997863769531, 258.5510559082031, -26.372528076171875, 151.8282012939453, -150.27915954589844, -26.517757415771484], [-350.0414733886719, 63.04302215576172, 782.367919921875, 261.4688720703125, 146.92002868652344, 292.3609924316406, 187.20388793945312, 79.6926498413086, 35.99150085449219, 61.18340301513672, -16.399002075195312, 66.75163269042969, 41.76081466674805], [280.6211242675781, -84.77062225341797, 261.4688720703125, 391.3794250488281, 179.99021911621094, 121.21784973144531, 57.66007995605469, 60.60791015625, 27.01781463623047, 27.488496780395508, -15.171753883361816, 18.453887939453125, 7.135085582733154], [287.46307373046875, 340.38873291015625, 146.92002868652344, 179.99021911621094, 348.3961181640625, 134.95242309570312, 115.14606475830078, 110.03791046142578, 115.82432556152344, 52.18001174926758, 16.56911849975586, -7.403078556060791, -25.349689483642578], [70.58631134033203, 9.322985649108887, 292.3609924316406, 121.21784973144531, 134.95242309570312, 347.52349853515625, 196.39260864257812, 41.9343147277832, 19.515207290649414, 41.26594543457031, -5.625194549560547, 35.692222595214844, 49.27944564819336], [-74.80435943603516, 260.8446350097656, 187.20388793945312, 57.66007995605469, 115.14606475830078, 196.39260864257812, 257.2504577636719, 62.09745407104492, 37.65977478027344, 18.875587463378906, 24.08307456970215, 17.40119171142578, 28.043481826782227], [359.01373291015625, 82.64997863769531, 79.6926498413086, 60.60791015625, 110.03791046142578, 41.9343147277832, 62.09745407104492, 159.86135864257812, 86.5607681274414, 58.470733642578125, 14.327119827270508, 9.094990730285645, -20.95589256286621], [179.29290771484375, 258.5510559082031, 35.99150085449219, 27.01781463623047, 115.82432556152344, 19.515207290649414, 37.65977478027344, 86.5607681274414, 171.19374084472656, 60.36664581298828, 40.26663589477539, -2.8308846950531006, -11.96189022064209], [194.1605987548828, -26.372528076171875, 61.18340301513672, 27.488496780395508, 52.18001174926758, 41.26594543457031, 18.875587463378906, 58.470733642578125, 60.36664581298828, 94.58460235595703, 20.35051918029785, 17.686433792114258, -11.23469352722168], [-143.10073852539062, 151.8282012939453, -16.399002075195312, -15.171753883361816, 16.56911849975586, -5.625194549560547, 24.08307456970215, 14.327119827270508, 40.26663589477539, 20.35051918029785, 81.32133483886719, 8.658629417419434, 18.786842346191406], [42.91975402832031, -150.27915954589844, 66.75163269042969, 18.453887939453125, -7.403078556060791, 35.692222595214844, 17.40119171142578, 9.094990730285645, -2.8308846950531006, 17.686433792114258, 8.658629417419434, 79.69921112060547, 34.63080978393555], [-230.0746612548828, -26.517757415771484, 41.76081466674805, 7.135085582733154, -25.349689483642578, 49.27944564819336, 28.043481826782227, -20.95589256286621, -11.96189022064209, -11.23469352722168, 18.786842346191406, 34.63080978393555, 85.82337188720703]], "lowlevel.gfcc.icov": [[0.00028124137315899134, -5.573273028858239e-06, 0.00039450012263841927, -0.0002807483833748847, 8.939611871028319e-05, -0.00035939461668021977, 0.00017218365974258631, -0.0005378738860599697, -0.00013089946878608316, -0.00019544974202290177, 0.0005467659793794155, -0.0005543714505620301, 0.0006889570504426956], [-5.573273028858239e-06, 0.0025360730942338705, -0.0010081015061587095, 0.0016565314726904035, -0.0025034670252352953, 0.0019214857602491975, -0.002583805238828063, 0.0011609182693064213, -0.0025780813302844763, 0.0025924628134816885, -0.003115267725661397, 0.004597808234393597, -0.0007868430693633854], [0.00039450012263841927, -0.0010081015061587095, 0.003277599811553955, -0.0022010302636772394, 0.0015526203205808997, -0.0024623344652354717, 0.000649500172585249, -0.0013703085714951158, 0.0005892784683965147, -0.0017390132416039705, 0.0025919475592672825, -0.0035638667177408934, 0.0013850366231054068], [-0.0002807483833748847, 0.0016565314726904035, -0.0022010302636772394, 0.005657137371599674, -0.00399600388482213, 0.001542145968414843, -0.0008745448431000113, 0.0007186210132203996, -0.00059278350090608, 0.0020010918378829956, -0.0020321912597864866, 0.003493158845230937, -0.002030023606494069], [8.939611871028319e-05, -0.0025034670252352953, 0.0015526203205808997, -0.00399600388482213, 0.008771123364567757, -0.003690224140882492, 0.0017008977010846138, -0.0025654539931565523, -0.0003968233650084585, -0.001854408415965736, 0.0026276330463588238, -0.004099192563444376, 0.003351121209561825], [-0.00035939461668021977, 0.0019214857602491975, -0.0024623344652354717, 0.001542145968414843, -0.003690224140882492, 0.009675083681941032, -0.006585989147424698, 0.002940911101177335, -0.0006983792991377413, -0.0012024241732433438, -0.00022943553631193936, 0.004414653405547142, -0.005060965195298195], [0.00017218365974258631, -0.002583805238828063, 0.000649500172585249, -0.0008745448431000113, 0.0017008977010846138, -0.006585989147424698, 0.011236590333282948, -0.0039689671248197556, 0.002713513094931841, 9.544030763208866e-05, 0.000511365826241672, -0.004721406381577253, 0.0012470913352444768], [-0.0005378738860599697, 0.0011609182693064213, -0.0013703085714951158, 0.0007186210132203996, -0.0025654539931565523, 0.002940911101177335, -0.0039689671248197556, 0.012952793389558792, -0.0041177780367434025, -0.0023737866431474686, -0.0012397250393405557, 0.0017059968085959554, 0.00023534298816230148], [-0.00013089946878608316, -0.0025780813302844763, 0.0005892784683965147, -0.00059278350090608, -0.0003968233650084585, -0.0006983792991377413, 0.002713513094931841, -0.0041177780367434025, 0.01395514514297247, -0.006574667990207672, -0.0002555038663558662, -0.0026750541292130947, -0.0007735365070402622], [-0.00019544974202290177, 0.0025924628134816885, -0.0017390132416039705, 0.0020010918378829956, -0.001854408415965736, -0.0012024241732433438, 9.544030763208866e-05, -0.0023737866431474686, -0.006574667990207672, 0.021316170692443848, -0.0074918936006724834, 0.0008654875564388931, 0.003653543535619974], [0.0005467659793794155, -0.003115267725661397, 0.0025919475592672825, -0.0020321912597864866, 0.0026276330463588238, -0.00022943553631193936, 0.000511365826241672, -0.0012397250393405557, -0.0002555038663558662, -0.0074918936006724834, 0.02221977710723877, -0.006829442922025919, -0.0032755008433014154], [-0.0005543714505620301, 0.004597808234393597, -0.0035638667177408934, 0.003493158845230937, -0.004099192563444376, 0.004414653405547142, -0.004721406381577253, 0.0017059968085959554, -0.0026750541292130947, 0.0008654875564388931, -0.006829442922025919, 0.026998909190297127, -0.010067099705338478], [0.0006889570504426956, -0.0007868430693633854, 0.0013850366231054068, -0.002030023606494069, 0.003351121209561825, -0.005060965195298195, 0.0012470913352444768, 0.00023534298816230148, -0.0007735365070402622, 0.003653543535619974, -0.0032755008433014154, -0.010067099705338478, 0.02144593559205532]], "lowlevel.mfcc.cov": [[5561.5810546875, -829.4797973632812, -504.8887023925781, 157.0841064453125, 318.82537841796875, -138.7677459716797, -71.8631591796875, -14.090339660644531, 212.00274658203125, 26.919677734375, 237.27374267578125, 95.00489044189453, 200.99334716796875], [-829.4797973632812, 1656.6607666015625, -85.54833221435547, 67.60748291015625, 58.26576232910156, 42.046138763427734, 41.204872131347656, 140.05726623535156, 46.79106140136719, 188.44676208496094, 107.08085632324219, 147.37380981445312, 98.33446502685547], [-504.8887023925781, -85.54833221435547, 630.8916625976562, 76.83541107177734, 63.947547912597656, 205.57858276367188, 155.22879028320312, 94.35006713867188, 117.72400665283203, 18.604612350463867, -6.322880744934082, 40.655738830566406, 10.378936767578125], [157.0841064453125, 67.60748291015625, 76.83541107177734, 322.73944091796875, 157.07980346679688, 35.85697555541992, 22.904529571533203, 55.48163986206055, 42.98435592651367, 33.4530143737793, 35.79177474975586, 39.42161178588867, 60.442604064941406], [318.82537841796875, 58.26576232910156, 63.947547912597656, 157.07980346679688, 287.4992370605469, 71.07213592529297, 30.888813018798828, 45.71589660644531, 95.44568634033203, 44.874664306640625, 75.39637756347656, 52.22056579589844, 75.59281921386719], [-138.7677459716797, 42.046138763427734, 205.57858276367188, 35.85697555541992, 71.07213592529297, 297.9188232421875, 160.31365966796875, 104.12998962402344, 93.13623809814453, 47.25833511352539, 3.6001124382019043, 34.01058578491211, -20.52722930908203], [-71.8631591796875, 41.204872131347656, 155.22879028320312, 22.904529571533203, 30.888813018798828, 160.31365966796875, 220.74810791015625, 102.63292694091797, 83.7828598022461, 33.69227600097656, 24.57074546813965, 12.612532615661621, -6.149077892303467], [-14.090339660644531, 140.05726623535156, 94.35006713867188, 55.48163986206055, 45.71589660644531, 104.12998962402344, 102.63292694091797, 141.7029266357422, 83.89574432373047, 45.40003204345703, 21.637271881103516, 39.15815734863281, 19.443727493286133], [212.00274658203125, 46.79106140136719, 117.72400665283203, 42.98435592651367, 95.44568634033203, 93.13623809814453, 83.7828598022461, 83.89574432373047, 154.1256866455078, 53.90027618408203, 59.29113006591797, 46.92394256591797, 40.7855224609375], [26.919677734375, 188.44676208496094, 18.604612350463867, 33.4530143737793, 44.874664306640625, 47.25833511352539, 33.69227600097656, 45.40003204345703, 53.90027618408203, 99.06057739257812, 48.77912902832031, 45.60050582885742, 23.967924118041992], [237.27374267578125, 107.08085632324219, -6.322880744934082, 35.79177474975586, 75.39637756347656, 3.6001124382019043, 24.57074546813965, 21.637271881103516, 59.29113006591797, 48.77912902832031, 120.953125, 64.1102294921875, 42.30875778198242], [95.00489044189453, 147.37380981445312, 40.655738830566406, 39.42161178588867, 52.22056579589844, 34.01058578491211, 12.612532615661621, 39.15815734863281, 46.92394256591797, 45.60050582885742, 64.1102294921875, 102.45718383789062, 46.085758209228516], [200.99334716796875, 98.33446502685547, 10.378936767578125, 60.442604064941406, 75.59281921386719, -20.52722930908203, -6.149077892303467, 19.443727493286133, 40.7855224609375, 23.967924118041992, 42.30875778198242, 46.085758209228516, 99.38025665283203]], "lowlevel.mfcc.icov": [[0.0003072917170356959, 0.0002529547200538218, 0.0003983536153100431, -6.579574255738407e-05, -7.372667460003868e-05, 4.984384531780961e-07, 1.1839495073218131e-07, -1.374714520352427e-05, -0.00045997867709957063, -1.7407353880116716e-05, -0.00027139580924995244, -0.00015550886746495962, -0.0004338594735600054], [0.0002529547200538218, 0.0011179293505847454, 0.0004802396288141608, 5.506589513970539e-05, 5.148297645973798e-07, 4.324679321143776e-05, 1.1836863450298551e-05, -0.0008961458806879818, 0.00046244083205237985, -0.0015021780272945762, -0.0002490828628651798, -0.0007054386660456657, -0.0009111228864639997], [0.0003983536153100431, 0.0004802396288141608, 0.0029468275606632233, -0.0005667664809152484, 0.00015850916679482907, -0.0009203546796925366, -0.0009136897278949618, 0.00048044725554063916, -0.0020094665233045816, 0.0005488271126523614, 0.0009224427631124854, -0.0014237739378586411, -0.0007452381541952491], [-6.579574255738407e-05, 5.506589513970539e-05, -0.0005667664809152484, 0.004750578198581934, -0.002520332345739007, 0.0004126575367990881, 0.00016014542779885232, -0.0019437911687418818, 0.0018967011710628867, -0.0007048065890558064, 0.00023324645007960498, 3.603392542572692e-05, -0.0010834187269210815], [-7.372667460003868e-05, 5.148297645973798e-07, 0.00015850916679482907, -0.002520332345739007, 0.007086346857249737, -0.0022070978302508593, 0.0012379259569570422, 0.000991998938843608, -0.0023852726444602013, 0.00045471941120922565, -0.002610862022265792, 0.0014279776951298118, -0.0029800841584801674], [4.984384531780961e-07, 4.324679321143776e-05, -0.0009203546796925366, 0.0004126575367990881, -0.0022070978302508593, 0.008178869262337685, -0.003990300931036472, -0.0009651180589571595, -0.0011061984114348888, -0.0017177301924675703, 0.0034850528463721275, -0.0033086577896028757, 0.004030352924019098], [1.1839495073218131e-07, 1.1836863450298551e-05, -0.0009136897278949618, 0.00016014542779885232, 0.0012379259569570422, -0.003990300931036472, 0.010487174615263939, -0.004870722535997629, -0.0005888648447580636, 0.0005518581019714475, -0.004116430412977934, 0.00428444379940629, -0.00030369654996320605], [-1.374714520352427e-05, -0.0008961458806879818, 0.00048044725554063916, -0.0019437911687418818, 0.000991998938843608, -0.0009651180589571595, -0.004870722535997629, 0.016491830348968506, -0.0061765387654304504, -0.0006419728160835803, 0.003922048956155777, -0.0034528744872659445, 0.00018580658070277423], [-0.00045997867709957063, 0.00046244083205237985, -0.0020094665233045816, 0.0018967011710628867, -0.0023852726444602013, -0.0011061984114348888, -0.0005888648447580636, -0.0061765387654304504, 0.016918623819947243, -0.003586061531677842, -0.00411272794008255, 0.0014959563268348575, -0.0027344743721187115], [-1.7407353880116716e-05, -0.0015021780272945762, 0.0005488271126523614, -0.0007048065890558064, 0.00045471941120922565, -0.0017177301924675703, 0.0005518581019714475, -0.0006419728160835803, -0.003586061531677842, 0.01814250461757183, -0.0034738671965897083, -0.0018696918850764632, 0.0007941531366668642], [-0.00027139580924995244, -0.0002490828628651798, 0.0009224427631124854, 0.00023324645007960498, -0.002610862022265792, 0.0034850528463721275, -0.004116430412977934, 0.003922048956155777, -0.00411272794008255, -0.0034738671965897083, 0.01866588555276394, -0.009456414729356766, 0.001205233158543706], [-0.00015550886746495962, -0.0007054386660456657, -0.0014237739378586411, 3.603392542572692e-05, 0.0014279776951298118, -0.0033086577896028757, 0.00428444379940629, -0.0034528744872659445, 0.0014959563268348575, -0.0018696918850764632, -0.009456414729356766, 0.021253082901239395, -0.0056825359351933], [-0.0004338594735600054, -0.0009111228864639997, -0.0007452381541952491, -0.0010834187269210815, -0.0029800841584801674, 0.004030352924019098, -0.00030369654996320605, 0.00018580658070277423, -0.0027344743721187115, 0.0007941531366668642, 0.001205233158543706, -0.0056825359351933, 0.018675003200769424]], "metadata.audio_properties.analysis.downmix": "mix", "metadata.audio_properties.codec": "mp3", "metadata.audio_properties.md5_encoded": "ee270b45c66b975a2de8dbd41d6f3ad0", "metadata.tags.file_name": "1182274894868787270.mp3", "metadata.version.essentia": "2.1-beta6-dev", "metadata.version.essentia_git_sha": "v2.1_beta5-1110-g77a6a954", "metadata.version.extractor": "music 2.0", "tonal.chords_key": "C#", "tonal.chords_scale": "minor", "tonal.key_edma.key": "F#", "tonal.key_edma.scale": "minor", "tonal.key_krumhansl.key": "F#", "tonal.key_krumhansl.scale": "minor", "tonal.key_temperley.key": "F#", "tonal.key_temperley.scale": "minor", "metadata.tags.encoding": ["Lavf58.45.100"]}, "essentia_models": [{"model_name": "genre_dortmund", "activations": {"alternative": "0.05472987", "blues": "0.008488249", "electronic": "0.4170394", "folkcountry": "0.0060252547", "funksoulrnb": "0.04399494", "jazz": "0.16032548", "pop": "0.042056028", "raphiphop": "0.12132698", "rock": "0.046016637"}}, {"model_name": "genre_rosamerica", "activations": {"classic": "0.08538966", "dance": "0.0147453565", "hip hop": "0.3071207", "jazz": "0.098362856", "pop": "0.33925885", "rhythm and blues": "0.10371953", "rock": "0.1746478", "speech": "0.054671504"}}, {"model_name": "genre_tzanetakis", "activations": {"blues": "0.01743728", "classic": "0.025444701", "country": "0.007723391", "disco": "0.04337866", "hip hop": "0.30354702", "jazz": "0.02564824", "metal": "0.020445392", "pop": "0.11130552", "reggae": "0.045399368", "rock": "0.36380878"}}, {"model_name": "genre_electronic", "activations": {"ambient":