{"song_id": "1182279060085276682", "download": "https://cdn.discordapp.com/attachments/1128313332273782784/1182279060085276682/chirp.mp4?ex=65841e2d&amp", "lyrics": "Yesterday\nAll my troubles seemed so far away\nNow it looks as though they're here to stay\nOh, I believe in yesterday\n\nSuddenly\nI'm not half the man I used to be\nThere's a shadow hanging over me\nOh, yesterday came suddenly", "style": ["pop</span><span>, Elton John"], "essentia_features": {"lowlevel.average_loudness": 0.9812290072441101, "lowlevel.barkbands_crest.mean": 13.33808422088623, "lowlevel.barkbands_crest.stdev": 6.43083381652832, "lowlevel.barkbands_flatness_db.mean": 0.1855606734752655, "lowlevel.barkbands_flatness_db.stdev": 0.08862457424402237, "lowlevel.barkbands_kurtosis.mean": 28.80182456970215, "lowlevel.barkbands_kurtosis.stdev": 59.23956298828125, "lowlevel.barkbands_skewness.mean": 3.489989757537842, "lowlevel.barkbands_skewness.stdev": 3.580425977706909, "lowlevel.barkbands_spread.mean": 32.9730339050293, "lowlevel.barkbands_spread.stdev": 26.438732147216797, "lowlevel.dissonance.mean": 0.4862290918827057, "lowlevel.dissonance.stdev": 0.013092078268527985, "lowlevel.dynamic_complexity": 2.789095401763916, "lowlevel.erbbands_crest.mean": 8.054479598999023, "lowlevel.erbbands_crest.stdev": 4.014449119567871, "lowlevel.erbbands_flatness_db.mean": 0.11391876637935638, "lowlevel.erbbands_flatness_db.stdev": 0.026861442252993584, "lowlevel.erbbands_kurtosis.mean": 0.2801454961299896, "lowlevel.erbbands_kurtosis.stdev": 1.8483843803405762, "lowlevel.erbbands_skewness.mean": -0.29976147413253784, "lowlevel.erbbands_skewness.stdev": 0.8935396671295166, "lowlevel.erbbands_spread.mean": 70.31757354736328, "lowlevel.erbbands_spread.stdev": 31.157686233520508, "lowlevel.hfc.mean": 26.665067672729492, "lowlevel.hfc.stdev": 30.488922119140625, "lowlevel.loudness_ebu128.integrated": -15.512939453125, "lowlevel.loudness_ebu128.loudness_range": 0.8726930618286133, "lowlevel.loudness_ebu128.momentary.mean": -15.77800464630127, "lowlevel.loudness_ebu128.momentary.stdev": 1.6014845371246338, "lowlevel.loudness_ebu128.short_term.mean": -15.573302268981934, "lowlevel.loudness_ebu128.short_term.stdev": 0.2856457233428955, "lowlevel.melbands_crest.mean": 19.09166717529297, "lowlevel.melbands_crest.stdev": 5.891836166381836, "lowlevel.melbands_flatness_db.mean": 0.2659938931465149, "lowlevel.melbands_flatness_db.stdev": 0.12671591341495514, "lowlevel.melbands_kurtosis.mean": 94.09220123291016, "lowlevel.melbands_kurtosis.stdev": 123.34976196289062, "lowlevel.melbands_skewness.mean": 6.636045455932617, "lowlevel.melbands_skewness.stdev": 4.560617923736572, "lowlevel.melbands_spread.mean": 28.09492301940918, "lowlevel.melbands_spread.stdev": 36.204185485839844, "lowlevel.pitch_salience.mean": 0.4519692659378052, "lowlevel.pitch_salience.stdev": 0.16665734350681305, "lowlevel.silence_rate_20dB.mean": 1.0, "lowlevel.silence_rate_20dB.stdev": 0.0, "lowlevel.silence_rate_30dB.mean": 0.8880733847618103, "lowlevel.silence_rate_30dB.stdev": 0.3152761161327362, "lowlevel.silence_rate_60dB.mean": 0.05443425104022026, "lowlevel.silence_rate_60dB.stdev": 0.22687192261219025, "lowlevel.spectral_centroid.mean": 1799.1693115234375, "lowlevel.spectral_centroid.stdev": 1013.3049926757812, "lowlevel.spectral_complexity.mean": 12.823853492736816, "lowlevel.spectral_complexity.stdev": 12.698090553283691, "lowlevel.spectral_decrease.mean": -1.180731157290893e-08, "lowlevel.spectral_decrease.stdev": 1.3615007787848299e-08, "lowlevel.spectral_energy.mean": 0.04698210954666138, "lowlevel.spectral_energy.stdev": 0.05202724039554596, "lowlevel.spectral_energyband_high.mean": 0.002208469435572624, "lowlevel.spectral_energyband_high.stdev": 0.003125120187178254, "lowlevel.spectral_energyband_low.mean": 0.03907977044582367, "lowlevel.spectral_energyband_low.stdev": 0.05173066630959511, "lowlevel.spectral_energyband_middle_high.mean": 0.0019653395283967257, "lowlevel.spectral_energyband_middle_high.stdev": 0.002799163805320859, "lowlevel.spectral_energyband_middle_low.mean": 0.006773123983293772, "lowlevel.spectral_energyband_middle_low.stdev": 0.009997793473303318, "lowlevel.spectral_entropy.mean": 7.814453601837158, "lowlevel.spectral_entropy.stdev": 0.4316655397415161, "lowlevel.spectral_flux.mean": 0.10994263738393784, "lowlevel.spectral_flux.stdev": 0.09142832458019257, "lowlevel.spectral_kurtosis.mean": 3.54803466796875, "lowlevel.spectral_kurtosis.stdev": 1.3167906999588013, "lowlevel.spectral_rms.mean": 0.0058345855213701725, "lowlevel.spectral_rms.stdev": 0.0034342173021286726, "lowlevel.spectral_rolloff.mean": 2558.7099609375, "lowlevel.spectral_rolloff.stdev": 3566.07666015625, "lowlevel.spectral_skewness.mean": 1.394450068473816, "lowlevel.spectral_skewness.stdev": 0.28524622321128845, "lowlevel.spectral_spread.mean": 6241800.5, "lowlevel.spectral_spread.stdev": 1387451.125, "lowlevel.spectral_strongpeak.mean": 0.4433234930038452, "lowlevel.spectral_strongpeak.stdev": 0.3664994239807129, "lowlevel.zerocrossingrate.mean": 0.10195402055978775, "lowlevel.zerocrossingrate.stdev": 0.07884742319583893, "metadata.audio_properties.analysis.equal_loudness": 0.0, "metadata.audio_properties.analysis.length": 37.93065643310547, "metadata.audio_properties.analysis.sample_rate": 44100.0, "metadata.audio_properties.analysis.start_time": 0.0, "metadata.audio_properties.bit_rate": 113492.0, "metadata.audio_properties.length": 37.930667877197266, "metadata.audio_properties.lossless": 0.0, "metadata.audio_properties.number_channels": 1.0, "metadata.audio_properties.replay_gain": -10.627111434936523, "metadata.audio_properties.sample_rate": 48000.0, "rhythm.beats_count": 65.0, "rhythm.beats_loudness.mean": 0.10132582485675812, "rhythm.beats_loudness.stdev": 0.06541746109724045, "rhythm.bpm": 103.29600524902344, "rhythm.bpm_histogram_first_peak_bpm": 103.0, "rhythm.bpm_histogram_first_peak_weight": 0.03125, "rhythm.bpm_histogram_second_peak_bpm": 0.0, "rhythm.bpm_histogram_second_peak_spread": 0.0, "rhythm.bpm_histogram_second_peak_weight": 0.0, "rhythm.danceability": 2.001473903656006, "rhythm.onset_rate": 4.321132183074951, "tonal.chords_changes_rate": 0.10146699100732803, "tonal.chords_number_rate": 0.008557457476854324, "tonal.chords_strength.mean": 0.433960884809494, "tonal.chords_strength.stdev": 0.06735553592443466, "tonal.hpcp_crest.mean": 11.174642562866211, "tonal.hpcp_crest.stdev": 4.9104790687561035, "tonal.hpcp_entropy.mean": 2.4478087425231934, "tonal.hpcp_entropy.stdev": 0.7692644000053406, "tonal.key_edma.strength": 0.8050653338432312, "tonal.key_krumhansl.strength": 0.8079686164855957, "tonal.key_temperley.strength": 0.8014701008796692, "tonal.tuning_diatonic_strength": 0.5626787543296814, "tonal.tuning_equal_tempered_deviation": 0.14701861143112183, "tonal.tuning_frequency": 434.193115234375, "tonal.tuning_nontempered_energy_ratio": 0.893966794013977, "lowlevel.barkbands.mean": [0.0009876113617792726, 0.027476273477077484, 0.007606522645801306, 0.003988657612353563, 0.0017217255663126707, 0.00024041027063503861, 0.00024108616344165057, 0.0003314387868158519, 0.00019948634144384414, 0.00017111445777118206, 0.0001215594747918658, 8.430425077676773e-05, 7.649593317182735e-05, 7.427791570080444e-05, 0.00012677018821705133, 0.0003255519550293684, 0.0003241538652218878, 0.00020096595108043402, 0.0002606974740047008, 0.0004364255873952061, 0.0005011932807974517, 0.000335718592396006, 0.0002918293757829815, 8.857252396410331e-05, 0.00020882769604213536, 0.0005604063626378775, 7.451640726685582e-08], "lowlevel.barkbands.stdev": [0.0022885529324412346, 0.040425561368465424, 0.017178092151880264, 0.005386225413531065, 0.005755676422268152, 0.0006152759306132793, 0.0008232390973716974, 0.0010261499555781484, 0.0005495485966093838, 0.0004228428879287094, 0.00037475384306162596, 0.00021386565640568733, 0.00015975147834978998, 0.00014875979104544967, 0.0002472569467499852, 0.00047165268915705383, 0.00048769524437375367, 0.0004235457454342395, 0.00046918168663978577, 0.0007229761686176062, 0.0009501342428848147, 0.0006271321908570826, 0.00044592696940526366, 0.00015241437358781695, 0.00027740965015254915, 0.0007185065187513828, 8.687449621902488e-07], "lowlevel.erbbands.mean": [0.6960271596908569, 6.323047637939453, 10.564172744750977, 12.90622615814209, 7.34145450592041, 5.631142616271973, 2.2565839290618896, 2.2024078369140625, 3.9935073852539062, 3.837602376937866, 7.180590629577637, 4.461660385131836, 5.3531389236450195, 4.568777084350586, 5.352437496185303, 3.292232036590576, 3.047098159790039, 4.0589776039123535, 5.167336940765381, 10.397997856140137, 19.35045623779297, 19.407379150390625, 11.559660911560059, 11.229079246520996, 16.738710403442383, 19.56730842590332, 19.97891616821289, 18.93377113342285, 13.67684555053711, 7.361393928527832, 8.477178573608398, 3.883988857269287, 0.8841407299041748, 0.7378143668174744, 2.3700389862060547, 3.5823638439178467, 0.740480899810791, 0.029271669685840607, 0.0007441408233717084, 0.00010368728544563055], "lowlevel.erbbands.stdev": [1.1407556533813477, 9.81475830078125, 21.623659133911133, 17.96609878540039, 17.043628692626953, 19.643205642700195, 4.789133548736572, 5.8069353103637695, 15.188247680664062, 10.087159156799316, 20.39797592163086, 12.33617115020752, 13.067911148071289, 11.487799644470215, 15.774200439453125, 8.098437309265137, 5.8602681159973145, 8.067354202270508, 9.73774242401123, 16.686161041259766, 26.182968139648438, 29.383806228637695, 23.317962646484375, 21.832727432250977, 27.30096435546875, 33.06377410888672, 36.33992385864258, 37.20005416870117, 25.16303062438965, 14.181591987609863, 12.834684371948242, 5.5161590576171875, 1.9748625755310059, 1.7121973037719727, 3.0293266773223877, 4.6117401123046875, 0.9774945974349976, 0.04402996599674225, 0.0009799610124900937, 9.428330668015406e-05], "lowlevel.gfcc.mean": [-8.45401668548584, 37.67515182495117, -75.1183853149414, 62.53004455566406, -30.562702178955078, 18.04560089111328, -27.991809844970703, 20.926387786865234, -27.334196090698242, 13.779650688171387, -40.04644775390625, 10.917729377746582, -23.99175453186035], "lowlevel.melbands.mean": [0.007067671976983547, 0.006603320129215717, 0.001941337832249701, 0.0004635157820302993, 9.939449955709279e-05, 5.002584293833934e-05, 5.770193456555717e-05, 5.0155613280367106e-05, 5.5748256272636354e-05, 2.6873083697864786e-05, 2.706334817048628e-05, 1.8841566998162307e-05, 1.74494616658194e-05, 1.1809266652562656e-05, 5.851824880664935e-06, 7.978336725500412e-06, 7.2246270974574145e-06, 7.798752449161839e-06, 9.889932698570192e-06, 2.019577550527174e-05, 2.140232390956953e-05, 2.23855040530907e-05, 1.1455756066425238e-05, 9.459088687435724e-06, 8.747988431423437e-06, 1.0183939593844116e-05, 1.4866322089801542e-05, 1.2601271009771153e-05, 1.2120502105972264e-05, 1.2258736205694731e-05, 1.060713839251548e-05, 8.289373909065034e-06, 5.195542144065257e-06, 3.6376009120431263e-06, 4.449051630217582e-06, 5.112095095682889e-06, 1.4257731208999758e-06, 6.037918751644611e-07, 4.1777795445341326e-07, 6.338948992379301e-07], "lowlevel.melbands.stdev": [0.010379843413829803, 0.010964577086269855, 0.0026678130961954594, 0.001522029284387827, 0.00022941618226468563, 0.0001436236925655976, 0.0002077977842418477, 0.00014910641766618937, 0.0001505078689660877, 7.526930858148262e-05, 6.639114872086793e-05, 4.810165773960762e-05, 5.143998714629561e-05, 3.1711781048215926e-05, 1.2996568329981528e-05, 1.6597430658293888e-05, 1.462630825699307e-05, 1.5018245903775096e-05, 1.9649780369945802e-05, 3.106108488282189e-05, 2.8756412575603463e-05, 3.405568713787943e-05, 2.3611039068782702e-05, 2.0244711777195334e-05, 1.7581718566361815e-05, 1.8686449038796127e-05, 2.3212320229504257e-05, 2.3110475012799725e-05, 2.2357580746756867e-05, 2.3879903892520815e-05, 2.1855346858501434e-05, 1.54015033331234e-05, 1.0325448783987667e-05, 7.254778665810591e-06, 7.2686734711169265e-06, 7.074190762068611e-06, 2.3245997908816207e-06, 1.4312239500213764e-06, 1.2484608760132687e-06, 1.5927806771287578e-06], "lowlevel.melbands128.mean": [0.0009245566325262189, 0.004800848197191954, 0.00992955919355154, 0.010941974818706512, 0.006640221923589706, 0.0033753623720258474, 0.0029911459423601627, 0.001371122314594686, 0.0005716210580430925, 0.0005849050940014422, 0.0002638599253259599, 0.00012521952157840133, 7.063317025313154e-05, 3.6118854040978476e-05, 4.139506563660689e-05, 6.141022458905354e-05, 7.195295620476827e-05, 6.338395178318024e-05, 3.266603744123131e-05, 2.7731208319892175e-05, 7.256007666001096e-05, 7.994369661901146e-05, 5.205303750699386e-05, 3.4989643609151244e-05, 2.500019036233425e-05, 2.503398536646273e-05, 2.6093608539667912e-05, 2.686697553144768e-05, 2.98653103527613e-05, 2.116938958351966e-05, 1.4587491932616103e-05, 1.3918513104727026e-05, 1.909212915052194e-05, 1.9951610738644376e-05, 1.2816082744393498e-05, 1.0981570085277781e-05, 6.9786324274900835e-06, 4.894605808658525e-06, 5.748095190938329e-06, 5.763577973993961e-06, 8.736751624383032e-06, 1.1449069461377803e-05, 5.854791197634768e-06, 6.094515811128076e-06, 7.169515811256133e-06, 8.880953828338534e-06, 7.515903234889265e-06, 7.773545803502202e-06, 1.1479086424515117e-05, 1.485115717514418e-05, 1.5455359971383587e-05, 3.508073859848082e-05, 2.407973624940496e-05, 1.2660705579037312e-05, 2.1203304640948772e-05, 3.120725887129083e-05, 1.5388191968668252e-05, 1.0881941307161469e-05, 1.1385798643459566e-05, 8.999567398859654e-06, 1.080949186871294e-05, 7.670214472454973e-06, 9.264310392609332e-06, 9.231114745489322e-06, 7.491604264941998e-06, 1.0447066415508743e-05, 1.0393866432423238e-05, 1.457107919122791e-05, 1.8302327589481138e-05, 1.233353941643145e-05, 1.1349633496138267e-05, 1.3878867321182042e-05, 1.179693117592251e-05, 1.1195802471775096e-05, 1.3334305549506098e-05, 1.2252899978193454e-05, 1.241202244273154e-05, 1.0844610187632497e-05, 1.139936921390472e-05, 8.632487151771784e-06, 9.054141628439538e-06, 7.898567673692014e-06, 6.987817869230639e-06, 4.911738869850524e-06, 3.682611577460193e-06, 3.8666321415803395e-06, 3.379172312634182e-06, 3.6408455343917012e-06, 3.441102535362006e-06, 5.992614660499385e-06, 7.042728157102829e-06, 4.828026703762589e-06, 2.120831595675554e-06, 1.235560830536997e-06, 1.046375700752833e-06, 7.157628942877636e-07, 4.895803158433409e-07, 4.4191480697008956e-07, 4.48153883780833e-07, 3.975300160163897e-07, 3.6204724551680556e-07, 8.30235705961968e-07, 6.942087225070281e-07, 9.46646480315394e-07, 1.461591750739899e-06, 4.795184395334218e-06, 5.0260114221600816e-06, 4.677543074649293e-06, 7.949898645165376e-06, 8.359143976122141e-06, 4.8478391363460105e-06, 3.220141252313624e-06, 1.529175165160268e-06, 8.467138172818522e-07, 4.7332522967735713e-07, 5.074170417174173e-08, 3.639137213795607e-09, 1.6171205000081734e-11, 1.1275324424131483e-11, 1.0472850017761992e-11, 1.0051015575385236e-11, 8.722937303029532e-12, 8.159365544324615e-12, 7.953958672257677e-12, 7.575443744523014e-12, 7.057684298095168e-12, 6.766614612380151e-12, 6.690198742220765e-12], "lowlevel.melbands128.stdev": [0.002160138450562954, 0.00957643985748291, 0.015335175208747387, 0.018287906423211098, 0.013917081989347935, 0.007197478320449591, 0.004282324109226465, 0.001977518666535616, 0.001762984087690711, 0.002354236552491784, 0.000977454474195838, 0.0003027179918717593, 0.000154867724631913, 0.00010448836110299453, 0.00010214588837698102, 0.00023324340872932225, 0.00037528862594626844, 0.00023399355995934457, 9.508544462732971e-05, 7.908134284662083e-05, 0.00026301710749976337, 0.00029875675681978464, 0.00014125104644335806, 0.00011496146180434152, 8.893183985492215e-05, 7.871463458286598e-05, 7.583488331874833e-05, 7.549504516646266e-05, 8.942795830080286e-05, 6.200346251716837e-05, 4.917716432828456e-05, 4.691514914156869e-05, 6.11157447565347e-05, 7.81168055254966e-05, 3.901393210981041e-05, 3.6529152566799894e-05, 1.9034174329135567e-05, 1.3408030099526513e-05, 1.5748319128761068e-05, 1.2556252841022797e-05, 2.1559168089879677e-05, 3.2533149351365864e-05, 1.3923816368333064e-05, 1.4646780982729979e-05, 1.688367956376169e-05, 1.830898690968752e-05, 1.94317071873229e-05, 2.007568400586024e-05, 2.7433812647359446e-05, 2.822157330228947e-05, 3.383697912795469e-05, 6.789872713852674e-05, 3.740330066648312e-05, 2.3581749701406807e-05, 3.422315057832748e-05, 5.289953696774319e-05, 2.8950658816029318e-05, 2.4443603251711465e-05, 2.9028151402599178e-05, 2.240496178274043e-05, 2.514984407753218e-05, 1.8456932593835518e-05, 2.176484849769622e-05, 1.924913885886781e-05, 1.6155494449776597e-05, 2.2838421500637196e-05, 2.034366480074823e-05, 2.6411500584799796e-05, 3.1276293157134205e-05, 2.2100299247540534e-05, 2.3730157408863306e-05, 2.9972528864163905e-05, 2.4094950276776217e-05, 2.2165071641211398e-05, 2.7521567972144112e-05, 2.461414442223031e-05, 2.8333934096735902e-05, 2.350439172005281e-05, 2.7520425646798685e-05, 1.7889635273604654e-05, 1.8496768461773172e-05, 1.53802648128476e-05, 1.470886854804121e-05, 1.0638977073540445e-05, 8.450167115370277e-06, 9.004791536426637e-06, 7.045480288070394e-06, 7.421212558256229e-06, 6.83784583088709e-06, 9.670430699770804e-06, 1.0129437214345671e-05, 7.236721558001591e-06, 3.621512860263465e-06, 2.2742808596376562e-06, 2.0895290617772844e-06, 1.6815653225421556e-06, 1.4145570048640366e-06, 1.388435975968605e-06, 1.4096742688707309e-06, 1.4412572681976599e-06, 1.3731131502936478e-06, 2.1067348825454246e-06, 1.8404912225378212e-06, 2.03946660803922e-06, 2.5611939236114267e-06, 6.214760560396826e-06, 6.8119911702524405e-06, 6.5074468693637755e-06, 1.1050226930819917e-05, 1.1481700312288012e-05, 7.022725640126737e-06, 4.9793175094237085e-06, 2.246335498057306e-06, 1.5362975318566896e-06, 1.113758230530948e-06, 1.7852104861049156e-07, 3.792141356484535e-08, 1.0086110419083028e-10, 6.859540713222145e-11, 5.86986986794713e-11, 5.629881283386595e-11, 3.4127707604358903e-11, 3.228880357530883e-11, 3.088057587419257e-11, 2.3575280616583427e-11, 1.3474889606901463e-11, 1.0861915533677546e-11, 1.0747881751260735e-11], "lowlevel.mfcc.mean": [-677.9546508789062, 89.83928680419922, 4.0390543937683105, 68.04100036621094, 6.164065361022949, 32.06163787841797, -5.07321310043335, 24.83730697631836, 5.643675327301025, 17.137737274169922, -12.142887115478516, 9.845252990722656, 0.36705267429351807], "lowlevel.spectral_contrast_coeffs.mean": [-0.6557889580726624, -0.8095901608467102, -0.8310471177101135, -0.8003286719322205, -0.8103329539299011, -0.6219320297241211], "lowlevel.spectral_contrast_coeffs.stdev": [0.07656978070735931, 0.06272513419389725, 0.04110495746135712, 0.05241478234529495, 0.029081299901008606, 0.08667314052581787], "lowlevel.spectral_contrast_valleys.mean": [-7.084549427032471, -7.579724311828613, -8.075760841369629, -7.988826751708984, -7.315441608428955, -11.530972480773926], "lowlevel.spectral_contrast_valleys.stdev": [0.9254812002182007, 0.7991334795951843, 0.7779903411865234, 0.6307486891746521, 0.7296385765075684, 1.584855079650879], "rhythm.beats_loudness_band_ratio.mean": [0.6264569163322449, 0.1565341353416443, 0.05150051787495613, 0.0254321601241827, 0.05515134334564209, 0.15076887607574463], "rhythm.beats_loudness_band_ratio.stdev": [0.33658739924430847, 0.16426032781600952, 0.06239830330014229, 0.025675566866993904, 0.052367158234119415, 0.1340896338224411], "tonal.hpcp.mean": [0.10392678529024124, 0.07544014602899551, 0.049886707216501236, 0.041197799146175385, 0.030185671523213387, 0.030548198148608208, 0.037091225385665894, 0.03265121579170227, 0.028904125094413757, 0.036494310945272446, 0.06165850907564163, 0.0752001404762268, 0.06679321825504303, 0.06927188485860825, 0.08641400188207626, 0.3005000352859497, 0.46675431728363037, 0.2735069990158081, 0.10557429492473602, 0.07823800295591354, 0.05248630791902542, 0.04306172579526901, 0.04667258262634277, 0.04528389871120453, 0.0441116988658905, 0.04786625877022743, 0.06229303032159805, 0.07683506608009338, 0.07551687210798264, 0.10213416069746017, 0.23440416157245636, 0.25591927766799927, 0.12980753183364868, 0.0796295553445816, 0.06669790297746658, 0.0854005292057991], "tonal.hpcp.stdev": [0.24382853507995605, 0.19152741134166718, 0.16962382197380066, 0.1509542167186737, 0.12065810710191727, 0.12327747046947479, 0.12901797890663147, 0.11248048394918442, 0.08818040788173676, 0.10290863364934921, 0.16267065703868866, 0.195011705160141, 0.15257886052131653, 0.15958750247955322, 0.1843508630990982, 0.3073076903820038, 0.4143807888031006, 0.28804150223731995, 0.2232477217912674, 0.19332599639892578, 0.15537677705287933, 0.14654326438903809, 0.1507565677165985, 0.14705802500247955, 0.13968807458877563, 0.1514882594347, 0.17090970277786255, 0.19292913377285004, 0.1809416562318802, 0.2036450207233429, 0.3425324261188507, 0.3778100907802582, 0.230879008769989, 0.19369307160377502, 0.1756577342748642, 0.20366261899471283], "rhythm.beats_position": [0.6037188172340393, 1.1842176914215088, 1.7647165060043335, 2.345215320587158, 2.9257142543792725, 3.5062131881713867, 4.086711883544922, 4.667210578918457, 5.24770975112915, 5.8282084465026855, 6.408707141876221, 6.989206314086914, 7.569705009460449, 8.150203704833984, 8.73070240020752, 9.311202049255371, 9.891700744628906, 10.483809471130371, 11.075918197631836, 11.656416893005371, 12.236915588378906, 12.817414283752441, 13.397913932800293, 13.978412628173828, 14.558911323547363, 15.139410018920898, 15.719908714294434, 16.30040740966797, 16.88090705871582, 17.46140480041504, 18.04190444946289, 18.622404098510742, 19.20290184020996, 19.783401489257812, 20.36389923095703, 20.944398880004883, 21.5248966217041, 22.105396270751953, 22.685895919799805, 23.266393661499023, 23.846893310546875, 24.427391052246094, 25.007890701293945, 25.588390350341797, 26.168888092041016, 26.749387741088867, 27.329885482788086, 27.910385131835938, 28.49088478088379, 29.071382522583008, 29.65188217163086, 30.232379913330078, 30.81287956237793, 31.39337730407715, 31.973876953125, 32.55437469482422, 33.1348762512207, 33.71537399291992, 34.29587173461914, 34.87636947631836, 35.456871032714844, 36.03736877441406, 36.61786651611328, 37.198368072509766, 37.778865814208984], "rhythm.bpm_histogram": [0.0, 0.0, 0.0, 0.0, 0.0, 0.0, 0.0, 0.0, 0.0, 0.0, 0.0, 0.0, 0.0, 0.0, 0.0, 0.0, 0.0, 0.0, 0.0, 0.0, 0.0, 0.0, 0.0, 0.0, 0.0, 0.0, 0.0, 0.0, 0.0, 0.0, 0.0, 0.0, 0.0, 0.0, 0.0, 0.0, 0.0, 0.0, 0.0, 0.0, 0.0, 0.0, 0.0, 0.0, 0.0, 0.0, 0.0, 0.0, 0.0, 0.0, 0.0, 0.0, 0.0, 0.0, 0.0, 0.0, 0.0, 0.0, 0.0, 0.0, 0.0, 0.0, 0.0, 0.0, 0.0, 0.0, 0.0, 0.0, 0.0, 0.0, 0.0, 0.0, 0.0, 0.0, 0.0, 0.0, 0.0, 0.0, 0.0, 0.0, 0.0, 0.0, 0.0, 0.0, 0.0, 0.0, 0.0, 0.0, 0.0, 0.0, 0.0, 0.0, 0.0, 0.0, 0.0, 0.0, 0.0, 0.0, 0.0, 0.0, 0.0, 0.03125, 0.0, 0.96875, 0.0, 0.0, 0.0, 0.0, 0.0, 0.0, 0.0, 0.0, 0.0, 0.0, 0.0, 0.0, 0.0, 0.0, 0.0, 0.0, 0.0, 0.0, 0.0, 0.0, 0.0, 0.0, 0.0, 0.0, 0.0, 0.0, 0.0, 0.0, 0.0, 0.0, 0.0, 0.0, 0.0, 0.0, 0.0, 0.0, 0.0, 0.0, 0.0, 0.0, 0.0, 0.0, 0.0, 0.0, 0.0, 0.0, 0.0, 0.0, 0.0, 0.0, 0.0, 0.0, 0.0, 0.0, 0.0, 0.0, 0.0, 0.0, 0.0, 0.0, 0.0, 0.0, 0.0, 0.0, 0.0, 0.0, 0.0, 0.0, 0.0, 0.0, 0.0, 0.0, 0.0, 0.0, 0.0, 0.0, 0.0, 0.0, 0.0, 0.0, 0.0, 0.0, 0.0, 0.0, 0.0, 0.0, 0.0, 0.0, 0.0, 0.0, 0.0, 0.0, 0.0, 0.0, 0.0, 0.0, 0.0, 0.0, 0.0, 0.0, 0.0, 0.0, 0.0, 0.0, 0.0, 0.0, 0.0, 0.0, 0.0, 0.0, 0.0, 0.0, 0.0, 0.0, 0.0, 0.0, 0.0, 0.0, 0.0, 0.0, 0.0, 0.0, 0.0, 0.0, 0.0, 0.0, 0.0, 0.0, 0.0, 0.0, 0.0, 0.0, 0.0, 0.0, 0.0, 0.0, 0.0, 0.0, 0.0, 0.0, 0.0, 0.0, 0.0, 0.0, 0.0, 0.0], "tonal.chords_histogram": [0.0, 0.0, 1.955990195274353, 0.0, 0.0, 1.4669926166534424, 0.0, 37.53056335449219, 13.936429977416992, 15.158924102783203, 0.0, 0.24449877440929413, 0.0, 0.0, 0.0, 0.0, 0.0, 0.0, 0.0, 0.0, 2.078239679336548, 0.8557457327842712, 26.772615432739258, 0.0], "tonal.thpcp": [1.0, 0.5859763622283936, 0.22618815302848816, 0.16762137413024902, 0.1124495416879654, 0.0922577977180481, 0.09999389946460724, 0.09701870381832123, 0.09450732171535492, 0.10255129635334015, 0.13346000015735626, 0.16461564600467682, 0.16179147362709045, 0.2188178151845932, 0.5022003054618835, 0.5482954978942871, 0.2781067490577698, 0.1706027239561081, 0.14289723336696625, 0.18296676874160767, 0.2226584404706955, 0.16162709891796112, 0.10688000917434692, 0.08826442062854767, 0.06467143446207047, 0.06544813513755798, 0.07946626842021942, 0.06995375454425812, 0.06192578002810478, 0.07818740606307983, 0.13210056722164154, 0.16111290454864502, 0.14310145378112793, 0.14841188490390778, 0.18513809144496918, 0.6438077092170715], "lowlevel.gfcc.cov": [[3915.64892578125, -416.0672912597656, -209.31549072265625, -123.35492706298828, -612.5533447265625, -146.43629455566406, -92.06462097167969, -16.992834091186523, -99.91632080078125, 15.431848526000977, -10.440303802490234, -0.18767406046390533, -41.88105392456055], [-416.0672912597656, 1143.8138427734375, 413.117919921875, 121.10031127929688, 408.7793273925781, 124.29499816894531, 173.30731201171875, 77.10612487792969, 176.09774780273438, 28.66046142578125, 129.8961944580078, 78.17884826660156, 135.78005981445312], [-209.31549072265625, 413.117919921875, 794.4406127929688, 360.7085266113281, 450.1479797363281, 196.72756958007812, 80.17476654052734, 78.99295806884766, 122.23179626464844, 100.75740814208984, 157.9110565185547, 84.4178466796875, 112.439453125], [-123.35492706298828, 121.10031127929688, 360.7085266113281, 412.1472473144531, 320.8282165527344, 83.64350128173828, 20.117733001708984, 31.876171112060547, 108.06948852539062, 37.41316604614258, 57.80659484863281, 43.95729446411133, 97.42534637451172], [-612.5533447265625, 408.7793273925781, 450.1479797363281, 320.8282165527344, 540.964599609375, 186.34991455078125, 115.56978607177734, 73.17271423339844, 141.0747528076172, 75.82591247558594, 90.17192077636719, 62.83393859863281, 103.62678527832031], [-146.43629455566406, 124.29499816894531, 196.72756958007812, 83.64350128173828, 186.34991455078125, 231.30296325683594, 135.48953247070312, 70.74348449707031, 52.18598556518555, 30.92871856689453, 81.67365264892578, -11.082454681396484, 12.672161102294922], [-92.06462097167969, 173.30731201171875, 80.17476654052734, 20.117733001708984, 115.56978607177734, 135.48953247070312, 203.89234924316406, 68.87230682373047, 46.045005798339844, 23.116432189941406, 32.719242095947266, 6.835391998291016, -13.61061954498291], [-16.992834091186523, 77.10612487792969, 78.99295806884766, 31.876171112060547, 73.17271423339844, 70.74348449707031, 68.87230682373047, 116.17157745361328, 83.60243225097656, 51.54683303833008, 45.39249801635742, 12.121074676513672, 13.490592002868652], [-99.91632080078125, 176.09774780273438, 122.23179626464844, 108.06948852539062, 141.0747528076172, 52.18598556518555, 46.045005798339844, 83.60243225097656, 154.83709716796875, 79.60588836669922, 59.20329284667969, 32.13837432861328, 40.610111236572266], [15.431848526000977, 28.66046142578125, 100.75740814208984, 37.41316604614258, 75.82591247558594, 30.92871856689453, 23.116432189941406, 51.54683303833008, 79.60588836669922, 123.15522766113281, 70.88333892822266, 43.84571075439453, 11.45543098449707], [-10.440303802490234, 129.8961944580078, 157.9110565185547, 57.80659484863281, 90.17192077636719, 81.67365264892578, 32.719242095947266, 45.39249801635742, 59.20329284667969, 70.88333892822266, 132.76663208007812, 41.693572998046875, 28.933582305908203], [-0.18767406046390533, 78.17884826660156, 84.4178466796875, 43.95729446411133, 62.83393859863281, -11.082454681396484, 6.835391998291016, 12.121074676513672, 32.13837432861328, 43.84571075439453, 41.693572998046875, 94.45523071289062, 50.94446563720703], [-41.88105392456055, 135.78005981445312, 112.439453125, 97.42534637451172, 103.62678527832031, 12.672161102294922, -13.61061954498291, 13.490592002868652, 40.610111236572266, 11.45543098449707, 28.933582305908203, 50.94446563720703, 104.64324188232422]], "lowlevel.gfcc.icov": [[0.0003823289298452437, -0.00016832977416925132, -5.928250902798027e-05, -0.0005819580983370543, 0.0010591924656182528, -0.00031539425253868103, 9.178595973935444e-06, -0.00022241153055801988, 0.00042722333455458283, -0.000638145487755537, 0.000293643242912367, -0.00017758387548383325, -9.456761472392827e-05], [-0.00016832977416925132, 0.0029476264026015997, -0.001275335904210806, 0.0032145106233656406, -0.0026759463362395763, 0.0032788387034088373, -0.0029930623713880777, 0.0019635045900940895, -0.004038164392113686, 0.004084272775799036, -0.0032362856436520815, 0.0017070455942302942, -0.002720251912251115], [-5.928250902798027e-05, -0.001275335904210806, 0.0038861073553562164, -0.0027777240611612797, -0.000642999482806772, -0.002166787860915065, 0.0018552773399278522, -0.0015419923001900315, 0.003143926151096821, -0.0022300148848444223, -0.00035905881668441, -0.0014046841533854604, 0.0011879925150424242], [-0.0005819580983370543, 0.0032145106233656406, -0.0027777240611612797, 0.009939650073647499, -0.005984310992062092, 0.004124451894313097, -0.002344002015888691, 0.003630117978900671, -0.007367079146206379, 0.006250262260437012, -0.0033347958233207464, 0.0027356722857803106, -0.004254411906003952], [0.0010591924656182528, -0.0026759463362395763, -0.000642999482806772, -0.005984310992062092, 0.010745992884039879, -0.006135659758001566, 0.0011830005096271634, -0.0004692957445513457, 0.0019579161889851093, -0.005642004776746035, 0.0054083578288555145, -0.0028807069174945354, 0.0002391692833043635], [-0.00031539425253868103, 0.0032788387034088373, -0.002166787860915065, 0.004124451894313097, -0.006135659758001566, 0.01765604317188263, -0.00974215380847454, -0.00037744417204521596, -0.001838303986005485, 0.005512997042387724, -0.01070693600922823, 0.00957002304494381, -0.004761700052767992], [9.178595973935444e-06, -0.0029930623713880777, 0.0018552773399278522, -0.002344002015888691, 0.0011830005096271634, -0.00974215380847454, 0.013909149914979935, -0.005132446531206369, 0.002864424604922533, -0.0022530751302838326, 0.005708650685846806, -0.0068267532624304295, 0.007435319013893604], [-0.00022241153055801988, 0.0019635045900940895, -0.0015419923001900315, 0.003630117978900671, -0.0004692957445513457, -0.00037744417204521596, -0.005132446531206369, 0.0197532307356596, -0.011647658422589302, 0.0009445289033465087, -0.0019504886586219072, 0.0022914367727935314, -0.0032227300107479095], [0.00042722333455458283, -0.004038164392113686, 0.003143926151096821, -0.007367079146206379, 0.0019579161889851093, -0.001838303986005485, 0.002864424604922533, -0.011647658422589302, 0.023668158799409866, -0.012792469933629036, 0.0026441910304129124, 0.00021869331249035895, 0.0004270352656021714], [-0.000638145487755537, 0.004084272775799036, -0.0022300148848444223, 0.006250262260437012, -0.005642004776746035, 0.005512997042387724, -0.0022530751302838326, 0.0009445289033465087, -0.012792469933629036, 0.024518167600035667, -0.01019736286252737, -0.0036898895632475615, 0.002423234051093459], [0.000293643242912367, -0.0032362856436520815, -0.00035905881668441, -0.0033347958233207464, 0.0054083578288555145, -0.01070693600922823, 0.005708650685846806, -0.0019504886586219072, 0.0026441910304129124, -0.01019736286252737, 0.020728226751089096, -0.007181326858699322, 0.0025971028953790665], [-0.00017758387548383325, 0.0017070455942302942, -0.0014046841533854604, 0.0027356722857803106, -0.0028807069174945354, 0.00957002304494381, -0.0068267532624304295, 0.0022914367727935314, 0.00021869331249035895, -0.0036898895632475615, -0.007181326858699322, 0.023701252415776253, -0.012047254480421543], [-9.456761472392827e-05, -0.002720251912251115, 0.0011879925150424242, -0.004254411906003952, 0.0002391692833043635, -0.004761700052767992, 0.007435319013893604, -0.0032227300107479095, 0.0004270352656021714, 0.002423234051093459, 0.0025971028953790665, -0.012047254480421543, 0.02217089757323265]], "lowlevel.mfcc.cov": [[4567.849609375, -910.9873046875, 193.46180725097656, -527.6256713867188, -389.4219055175781, -540.96728515625, -27.687705993652344, -341.2896728515625, -0.8013229966163635, -289.4725036621094, 170.05206298828125, -197.91651916503906, -67.00608825683594], [-910.9873046875, 1287.834716796875, -16.22026824951172, 329.74578857421875, 87.70350646972656, 316.01519775390625, -5.716273784637451, 280.58636474609375, 0.8794759511947632, 211.12049865722656, -81.06311798095703, 178.35247802734375, 73.78184509277344], [193.46180725097656, -16.22026824951172, 590.12890625, 26.706106185913086, 361.1633605957031, -16.791597366333008, 203.2965087890625, -72.08702850341797, 96.11842346191406, -58.41581344604492, 114.76246643066406, -0.9319152235984802, 108.30982971191406], [-527.6256713867188, 329.74578857421875, 26.706106185913086, 531.6175537109375, 182.5200653076172, 268.5593566894531, -80.50730895996094, 156.8921661376953, 20.30168914794922, 122.0388412475586, -119.62425231933594, 128.75982666015625, 74.10650634765625], [-389.4219055175781, 87.70350646972656, 361.1633605957031, 182.5200653076172, 529.785888671875, 98.53270721435547, 160.68295288085938, -21.416139602661133, 127.2664566040039, 13.60340690612793, 50.5985221862793, 33.65285110473633, 131.16824340820312], [-540.96728515625, 316.01519775390625, -16.791597366333008, 268.5593566894531, 98.53270721435547, 313.91973876953125, 37.560604095458984, 172.8164520263672, -4.047622203826904, 139.9173126220703, -43.7254524230957, 104.7892074584961, 12.114323616027832], [-27.687705993652344, -5.716273784637451, 203.2965087890625, -80.50730895996094, 160.68295288085938, 37.560604095458984, 244.1717071533203, 15.086262702941895, 61.55864715576172, -7.378084659576416, 103.58226776123047, -21.428030014038086, 9.66270637512207], [-341.2896728515625, 280.58636474609375, -72.08702850341797, 156.8921661376953, -21.416139602661133, 172.8164520263672, 15.086262702941895, 203.7689208984375, 8.59323501586914, 120.46343994140625, -29.851232528686523, 74.17012786865234, -7.694442272186279], [-0.8013229966163635, 0.8794759511947632, 96.11842346191406, 20.30168914794922, 127.2664566040039, -4.047622203826904, 61.55864715576172, 8.59323501586914, 138.33425903320312, 9.980477333068848, 33.1814079284668, -9.313721656799316, 54.73045349121094], [-289.4725036621094, 211.12049865722656, -58.41581344604492, 122.0388412475586, 13.60340690612793, 139.9173126220703, -7.378084659576416, 120.46343994140625, 9.980477333068848, 168.27023315429688, 20.262964248657227, 88.80906677246094, 5.138185501098633], [170.05206298828125, -81.06311798095703, 114.76246643066406, -119.62425231933594, 50.5985221862793, -43.7254524230957, 103.58226776123047, -29.851232528686523, 33.1814079284668, 20.262964248657227, 176.74932861328125, -1.120962381362915, 12.208145141601562], [-197.91651916503906, 178.35247802734375, -0.9319152235984802, 128.75982666015625, 33.65285110473633, 104.7892074584961, -21.428030014038086, 74.17012786865234, -9.313721656799316, 88.80906677246094, -1.120962381362915, 135.30035400390625, 46.71387481689453], [-67.00608825683594, 73.78184509277344, 108.30982971191406, 74.10650634765625, 131.16824340820312, 12.114323616027832, 9.66270637512207, -7.694442272186279, 54.73045349121094, 5.138185501098633, 12.208145141601562, 46.71387481689453, 125.6331558227539]], "lowlevel.mfcc.icov": [[0.0003365238953847438, 0.00010614125494612381, -0.00031045780633576214, -9.896310075419024e-05, 0.0004949615686200559, 0.00020871903689112514, 3.692995960591361e-05, 0.00017939078679773957, -0.0002310531708644703, 0.0001350333186564967, -0.00019778886053245515, -5.6189172028098255e-05, 4.9670779844745994e-05], [0.00010614125494612381, 0.0013339058496057987, -0.00031914282590150833, 0.0001939023204613477, 4.063447340740822e-05, -0.00022322313452605158, 0.00013088736159261316, -0.0012755582574754953, 0.00037007417995482683, -0.0005873385816812515, 0.0005396096967160702, -0.00022147117124404758, -0.000782377552241087], [-0.00031045780633576214, -0.00031914282590150833, 0.004590135999023914, -0.0010659772669896483, -0.0020944091957062483, 0.0009592707501724362, -0.002560357330366969, 0.0005535969976335764, 0.0005698130698874593, 0.001565349055454135, -0.0013436732115224004, -0.0005921306437812746, -0.000943084480240941], [-9.896310075419024e-05, 0.0001939023204613477, -0.0010659772669896483, 0.00687055941671133, -0.002427862724289298, -0.0041262623853981495, 0.004761065822094679, -0.0027935930993407965, -0.0004360947641544044, 0.0003430035139899701, 0.002016309183090925, -0.0008950854535214603, -0.00059209467144683], [0.0004949615686200559, 4.063447340740822e-05, -0.0020944091957062483, -0.002427862724289298, 0.006889550015330315, -0.0008216434507630765, -0.0031020280439406633, 0.004198646172881126, -0.0025030209217220545, -0.001306002028286457, 0.0003886176855303347, 0.0005585433100350201, -0.002241904381662607], [0.00020871903689112514, -0.00022322313452605158, 0.0009592707501724362, -0.0041262623853981495, -0.0008216434507630765, 0.01245589554309845, -0.005226436071097851, -0.002854514168575406, 0.0028324699960649014, -0.0040838997811079025, 0.002029798226431012, -0.0016545653343200684, 0.0010843368945643306], [3.692995960591361e-05, 0.00013088736159261316, -0.002560357330366969, 0.004761065822094679, -0.0031020280439406633, -0.005226436071097851, 0.01356424205005169, -0.00510089797899127, -0.0020301048643887043, 0.004352343734353781, -0.004583971109241247, 0.0012249822029843926, 0.0024251029826700687], [0.00017939078679773957, -0.0012755582574754953, 0.0005535969976335764, -0.0027935930993407965, 0.004198646172881126, -0.002854514168575406, -0.00510089797899127, 0.01673908159136772, -0.00338955782353878, -0.00544332480058074, 0.002062157029286027, -0.001306676771491766, 0.0013092103181406856], [-0.0002310531708644703, 0.00037007417995482683, 0.0005698130698874593, -0.0004360947641544044, -0.0025030209217220545, 0.0028324699960649014, -0.0020301048643887043, -0.00338955782353878, 0.013065256178379059, -0.0030917967669665813, 6.993003626121208e-05, 0.004382534418255091, -0.005487458314746618], [0.0001350333186564967, -0.0005873385816812515, 0.001565349055454135, 0.0003430035139899701, -0.001306002028286457, -0.0040838997811079025, 0.004352343734353781, -0.00544332480058074, -0.0030917967669665813, 0.018955819308757782, -0.007162470370531082, -0.006102649960666895, 0.003491102484986186], [-0.00019778886053245515, 0.0005396096967160702, -0.0013436732115224004, 0.002016309183090925, 0.0003886176855303347, 0.002029798226431012, -0.004583971109241247, 0.002062157029286027, 6.993003626121208e-05, -0.007162470370531082, 0.012631761841475964, -0.001274698763154447, -0.0010669776238501072], [-5.6189172028098255e-05, -0.00022147117124404758, -0.0005921306437812746, -0.0008950854535214603, 0.0005585433100350201, -0.0016545653343200684, 0.0012249822029843926, -0.001306676771491766, 0.004382534418255091, -0.006102649960666895, -0.001274698763154447, 0.017371783033013344, -0.007454340811818838], [4.9670779844745994e-05, -0.000782377552241087, -0.000943084480240941, -0.00059209467144683, -0.002241904381662607, 0.0010843368945643306, 0.0024251029826700687, 0.0013092103181406856, -0.005487458314746618, 0.003491102484986186, -0.0010669776238501072, -0.007454340811818838, 0.016860900446772575]], "metadata.audio_properties.analysis.downmix": "mix", "metadata.audio_properties.codec": "mp3", "metadata.audio_properties.md5_encoded": "218cd7a1ca2028a12b7e8ec9e1df63c3", "metadata.tags.file_name": "1182279060085276682.mp3", "metadata.version.essentia": "2.1-beta6-dev", "metadata.version.essentia_git_sha": "v2.1_beta5-1110-g77a6a954", "metadata.version.extractor": "music 2.0", "tonal.chords_key": "G", "tonal.chords_scale": "major", "tonal.key_edma.key": "G", "tonal.key_edma.scale": "minor", "tonal.key_krumhansl.key": "G", "tonal.key_krumhansl.scale": "minor", "tonal.key_temperley.key": "G", "tonal.key_temperley.scale": "minor", "metadata.tags.encoding": ["Lavf58.45.100"]}, "essentia_models": [{"model_name": "genre_dortmund", "activations": {"alternative": "0.0027327305", "blues": "0.00017588417", "electronic": "0.1586421", "folkcountry": "