{"song_id": "1182273764550004786", "download": "https://cdn.discordapp.com/attachments/1128313332273782784/1182273764550004786/chirp.mp4?ex=6584193f&amp", "lyrics": "Text\nEddy, der Barketing-Star,\nmit einem Bellen, leuchtet der Raum.\nIn Meetings und Pausen, er ist immer da,\nsein fr\u00f6hliches Wesen, wie ein lebendiger Traum.\n\nEddy, der s\u00fc\u00dfeste Hund der Welt,\nmit seinen Augen, so rein und so hell.\nEr ist mehr als nur ein Haustier, er ist ein Freund,\nEddy, der Barketing-Star, ein Wunder, das sich lohnt.", "style": ["afrobeat"], "essentia_features": {"lowlevel.average_loudness": 0.9746653437614441, "lowlevel.barkbands_crest.mean": 12.784114837646484, "lowlevel.barkbands_crest.stdev": 4.058173656463623, "lowlevel.barkbands_flatness_db.mean": 0.25754159688949585, "lowlevel.barkbands_flatness_db.stdev": 0.06942533701658249, "lowlevel.barkbands_kurtosis.mean": 21.18091583251953, "lowlevel.barkbands_kurtosis.stdev": 27.230804443359375, "lowlevel.barkbands_skewness.mean": 3.0915579795837402, "lowlevel.barkbands_skewness.stdev": 1.8311036825180054, "lowlevel.barkbands_spread.mean": 7.032656669616699, "lowlevel.barkbands_spread.stdev": 7.286390781402588, "lowlevel.dissonance.mean": 0.43451550602912903, "lowlevel.dissonance.stdev": 0.04202277213335037, "lowlevel.dynamic_complexity": 2.43670392036438, "lowlevel.erbbands_crest.mean": 10.65765380859375, "lowlevel.erbbands_crest.stdev": 4.44236421585083, "lowlevel.erbbands_flatness_db.mean": 0.19581496715545654, "lowlevel.erbbands_flatness_db.stdev": 0.04809799790382385, "lowlevel.erbbands_kurtosis.mean": 2.697406768798828, "lowlevel.erbbands_kurtosis.stdev": 4.715511798858643, "lowlevel.erbbands_skewness.mean": 1.1829197406768799, "lowlevel.erbbands_skewness.stdev": 0.9543099999427795, "lowlevel.erbbands_spread.mean": 33.19054412841797, "lowlevel.erbbands_spread.stdev": 20.841379165649414, "lowlevel.hfc.mean": 11.543207168579102, "lowlevel.hfc.stdev": 8.40150260925293, "lowlevel.loudness_ebu128.integrated": -14.822193145751953, "lowlevel.loudness_ebu128.loudness_range": 1.5594844818115234, "lowlevel.loudness_ebu128.momentary.mean": -15.139551162719727, "lowlevel.loudness_ebu128.momentary.stdev": 1.7197679281234741, "lowlevel.loudness_ebu128.short_term.mean": -14.782645225524902, "lowlevel.loudness_ebu128.short_term.stdev": 0.5617024302482605, "lowlevel.melbands_crest.mean": 16.205217361450195, "lowlevel.melbands_crest.stdev": 4.781834602355957, "lowlevel.melbands_flatness_db.mean": 0.34063249826431274, "lowlevel.melbands_flatness_db.stdev": 0.08675838261842728, "lowlevel.melbands_kurtosis.mean": 40.55434799194336, "lowlevel.melbands_kurtosis.stdev": 47.71726989746094, "lowlevel.melbands_skewness.mean": 3.989818572998047, "lowlevel.melbands_skewness.stdev": 2.3036999702453613, "lowlevel.melbands_spread.mean": 6.490902423858643, "lowlevel.melbands_spread.stdev": 7.69514274597168, "lowlevel.pitch_salience.mean": 0.5040837526321411, "lowlevel.pitch_salience.stdev": 0.12348546832799911, "lowlevel.silence_rate_20dB.mean": 1.0, "lowlevel.silence_rate_20dB.stdev": 0.0, "lowlevel.silence_rate_30dB.mean": 0.8370927572250366, "lowlevel.silence_rate_30dB.stdev": 0.36927884817123413, "lowlevel.silence_rate_60dB.mean": 0.03320802003145218, "lowlevel.silence_rate_60dB.stdev": 0.1791786104440689, "lowlevel.spectral_centroid.mean": 512.9025268554688, "lowlevel.spectral_centroid.stdev": 366.09808349609375, "lowlevel.spectral_complexity.mean": 10.085212707519531, "lowlevel.spectral_complexity.stdev": 5.000892162322998, "lowlevel.spectral_decrease.mean": -1.494489154652001e-08, "lowlevel.spectral_decrease.stdev": 1.4816958326946406e-08, "lowlevel.spectral_energy.mean": 0.05745246261358261, "lowlevel.spectral_energy.stdev": 0.056556034833192825, "lowlevel.spectral_energyband_high.mean": 0.00011746954987756908, "lowlevel.spectral_energyband_high.stdev": 0.0002179815637646243, "lowlevel.spectral_energyband_low.mean": 0.03841834142804146, "lowlevel.spectral_energyband_low.stdev": 0.04978562518954277, "lowlevel.spectral_energyband_middle_high.mean": 0.0013856213772669435, "lowlevel.spectral_energyband_middle_high.stdev": 0.0018161478219553828, "lowlevel.spectral_energyband_middle_low.mean": 0.02079654484987259, "lowlevel.spectral_energyband_middle_low.stdev": 0.020291173830628395, "lowlevel.spectral_entropy.mean": 6.784668445587158, "lowlevel.spectral_entropy.stdev": 0.5955123901367188, "lowlevel.spectral_flux.mean": 0.09933380782604218, "lowlevel.spectral_flux.stdev": 0.08881919085979462, "lowlevel.spectral_kurtosis.mean": 9.55932903289795, "lowlevel.spectral_kurtosis.stdev": 9.561807632446289, "lowlevel.spectral_rms.mean": 0.006695058196783066, "lowlevel.spectral_rms.stdev": 0.003350731683894992, "lowlevel.spectral_rolloff.mean": 419.1953430175781, "lowlevel.spectral_rolloff.stdev": 548.9725952148438, "lowlevel.spectral_skewness.mean": 2.235269069671631, "lowlevel.spectral_skewness.stdev": 0.9732650518417358, "lowlevel.spectral_spread.mean": 3536761.0, "lowlevel.spectral_spread.stdev": 1318839.875, "lowlevel.spectral_strongpeak.mean": 0.7027930021286011, "lowlevel.spectral_strongpeak.stdev": 0.4722370207309723, "lowlevel.zerocrossingrate.mean": 0.021320084109902382, "lowlevel.zerocrossingrate.stdev": 0.01630210690200329, "metadata.audio_properties.analysis.equal_loudness": 0.0, "metadata.audio_properties.analysis.length": 37.03360366821289, "metadata.audio_properties.analysis.sample_rate": 44100.0, "metadata.audio_properties.analysis.start_time": 0.0, "metadata.audio_properties.bit_rate": 112963.0, "metadata.audio_properties.length": 37.03466796875, "metadata.audio_properties.lossless": 0.0, "metadata.audio_properties.number_channels": 1.0, "metadata.audio_properties.replay_gain": -10.343461990356445, "metadata.audio_properties.sample_rate": 48000.0, "rhythm.beats_count": 62.0, "rhythm.beats_loudness.mean": 0.0876753032207489, "rhythm.beats_loudness.stdev": 0.049791816622018814, "rhythm.bpm": 102.0445556640625, "rhythm.bpm_histogram_first_peak_bpm": 101.0, "rhythm.bpm_histogram_first_peak_weight": 0.5573770403862, "rhythm.bpm_histogram_second_peak_bpm": 0.0, "rhythm.bpm_histogram_second_peak_spread": 0.0, "rhythm.bpm_histogram_second_peak_weight": 0.0, "rhythm.danceability": 1.5523080825805664, "rhythm.onset_rate": 5.047582626342773, "tonal.chords_changes_rate": 0.06382978707551956, "tonal.chords_number_rate": 0.011264080181717873, "tonal.chords_strength.mean": 0.5226261019706726, "tonal.chords_strength.stdev": 0.08792030811309814, "tonal.hpcp_crest.mean": 14.317044258117676, "tonal.hpcp_crest.stdev": 6.279815196990967, "tonal.hpcp_entropy.mean": 1.870315670967102, "tonal.hpcp_entropy.stdev": 0.6785881519317627, "tonal.key_edma.strength": 0.7074018716812134, "tonal.key_krumhansl.strength": 0.7034125924110413, "tonal.key_temperley.strength": 0.6962361931800842, "tonal.tuning_diatonic_strength": 0.6353182196617126, "tonal.tuning_equal_tempered_deviation": 0.14189164340496063, "tonal.tuning_frequency": 437.2131652832031, "tonal.tuning_nontempered_energy_ratio": 0.8013713955879211, "lowlevel.barkbands.mean": [0.00037385927862487733, 0.022035684436559677, 0.012996475212275982, 0.006549181416630745, 0.008826462551951408, 0.002210133709013462, 0.0005675162537954748, 0.0012132010888308287, 0.0009461129084229469, 0.0006892342935316265, 0.00013817954459227622, 9.824687731452286e-05, 0.00011860394442919642, 0.00014993072545621544, 0.00014818765339441597, 6.132462294772267e-05, 4.685261592385359e-05, 9.690861770650372e-05, 3.981981353717856e-05, 5.181560482014902e-05, 3.0287936169770546e-05, 2.3154201699071564e-05, 1.8505443222238682e-05, 1.312764834437985e-05, 7.548732810391812e-06, 2.1638618363795104e-06, 2.978873592240916e-09], "lowlevel.barkbands.stdev": [0.0015082864556461573, 0.0354161374270916, 0.01823405548930168, 0.008908530697226524, 0.012161401100456715, 0.003256866941228509, 0.0009338165982626379, 0.002196826972067356, 0.001619622460566461, 0.001762097585014999, 0.0003023634781129658, 0.00021357470541261137, 0.0002991156361531466, 0.00025969205307774246, 0.00032295790151692927, 0.00010595396452117711, 7.543347601313144e-05, 0.00016179212252609432, 5.786887413705699e-05, 7.180644024629146e-05, 7.838237070245668e-05, 7.419209578074515e-05, 3.2015552278608084e-05, 2.1927351554040797e-05, 1.3044714251009282e-05, 4.592452569340821e-06, 1.9182255783789515e-08], "lowlevel.erbbands.mean": [0.31896349787712097, 5.9296793937683105, 15.854302406311035, 19.0664005279541, 30.960105895996094, 25.117576599121094, 17.053367614746094, 21.44456672668457, 12.15827751159668, 14.162840843200684, 26.361560821533203, 24.880123138427734, 27.319194793701172, 8.18127727508545, 5.560672760009766, 4.203073501586914, 5.674713134765625, 7.328556537628174, 9.466690063476562, 4.369014739990234, 3.390882968902588, 2.7927777767181396, 4.86602258682251, 3.640565872192383, 1.909734845161438, 2.382695198059082, 1.4526957273483276, 1.1413508653640747, 0.9048653244972229, 0.5559232234954834, 0.5123186111450195, 0.2930338382720947, 0.22062568366527557, 0.10309240221977234, 0.04405606910586357, 0.01635727286338806, 0.002740314928814769, 0.00012186478852527216, 2.978109841933474e-05, 6.33093441138044e-05], "lowlevel.erbbands.stdev": [0.667991042137146, 9.131536483764648, 20.579721450805664, 25.593990325927734, 46.73339080810547, 34.64447021484375, 23.5649471282959, 33.67051696777344, 20.010910034179688, 24.616443634033203, 52.71375274658203, 40.506778717041016, 67.21769714355469, 15.687995910644531, 12.102530479431152, 8.994651794433594, 14.515178680419922, 12.589706420898438, 17.636627197265625, 7.981649398803711, 5.600231647491455, 4.206497669219971, 8.373677253723145, 5.393729209899902, 2.4099693298339844, 3.3071069717407227, 3.2829840183258057, 3.15268874168396, 2.943023920059204, 1.1144766807556152, 0.8827046155929565, 0.4784165024757385, 0.3902168571949005, 0.1767917424440384, 0.08051295578479767, 0.03220035880804062, 0.006686804816126823, 0.0004192018823232502, 2.801755181280896e-05, 6.145024963188916e-05], "lowlevel.gfcc.mean": [-57.71464157104492, 152.47747802734375, -90.21058654785156, 45.57200241088867, -52.1377067565918, 10.476235389709473, -34.61626052856445, 5.01654052734375, -17.385986328125, -10.820456504821777, -10.664020538330078, -20.30171012878418, -4.786628246307373], "lowlevel.melbands.mean": [0.004595768637955189, 0.008354452438652515, 0.003752303309738636, 0.002013143850490451, 0.0007418808527290821, 0.000459067290648818, 0.0001663642906351015, 0.00017302211199421436, 0.00021410260524135083, 0.00014883436961099505, 0.00013226449664216489, 3.16968908009585e-05, 1.871329550340306e-05, 1.1240803360124119e-05, 1.076539592759218e-05, 1.2952983524883166e-05, 1.3842137377650943e-05, 1.575242458784487e-05, 8.993634764919989e-06, 4.338428880146239e-06, 3.8004773159627803e-06, 2.6951443032885436e-06, 3.4202707865915727e-06, 5.032280569139402e-06, 2.781188868539175e-06, 1.225071514454612e-06, 1.7638130884733982e-06, 1.5091309251147322e-06, 9.327036423201207e-07, 7.589277402075822e-07, 6.271254733292153e-07, 5.747814384449157e-07, 3.342096306369058e-07, 3.065390785650379e-07, 3.138201236652094e-07, 2.2832631429992034e-07, 1.6466945851334458e-07, 1.686581896365169e-07, 1.0750046897101129e-07, 8.221922342954713e-08], "lowlevel.melbands.stdev": [0.007974826730787754, 0.010680098086595535, 0.004320420324802399, 0.0029533826746046543, 0.0009721505339257419, 0.0006885075126774609, 0.00027628123643808067, 0.00030857621459290385, 0.0004198855021968484, 0.00024569901870563626, 0.0003357008972670883, 6.588668475160375e-05, 4.270486897439696e-05, 2.427555591566488e-05, 2.306524220330175e-05, 3.296939758001827e-05, 2.516760832804721e-05, 2.8727850803988986e-05, 2.254221362818498e-05, 7.867831300245598e-06, 6.5315630308759864e-06, 4.319965228205547e-06, 6.516305347759044e-06, 8.638965482532512e-06, 4.393408289615763e-06, 1.7009954262903193e-06, 2.489528924343176e-06, 2.233477516710991e-06, 2.0519048575806664e-06, 2.1462890344992047e-06, 1.8814909026332316e-06, 2.0865984424744966e-06, 8.802488764558802e-07, 5.785463486063236e-07, 5.594876029135776e-07, 3.979859286573628e-07, 2.733274300226185e-07, 3.0830679520477133e-07, 1.8852125549528864e-07, 1.4477750198693684e-07], "lowlevel.melbands128.mean": [0.0002906835579778999, 0.0014050001045688987, 0.0058734966441988945, 0.011599546298384666, 0.00938986986875534, 0.006005194038152695, 0.003676199121400714, 0.00337813189253211, 0.0034696590155363083, 0.0018025810131803155, 0.001241805381141603, 0.0011908740270882845, 0.0004688496410381049, 0.00036802690010517836, 0.0005768807604908943, 0.0004580018576234579, 0.00029225400066934526, 6.88335276208818e-05, 6.763279816368595e-05, 0.0001610458130016923, 0.00022913748398423195, 0.00019367093045730144, 0.00026542978594079614, 0.0001514814211986959, 0.0001659168628975749, 0.00014742245548404753, 9.896509436657652e-05, 0.00020902659161947668, 6.857818516436964e-05, 3.156539605697617e-05, 2.2598615032620728e-05, 1.8261609511682764e-05, 1.915334360091947e-05, 2.1382120394264348e-05, 9.045680599228945e-06, 8.863581570039969e-06, 1.2556312867673114e-05, 1.0939794265141245e-05, 8.05477611720562e-06, 1.5119971067178994e-05, 1.527075255580712e-05, 8.405755579588003e-06, 1.1996457942586858e-05, 2.020834290306084e-05, 1.163988508778857e-05, 1.6822606994537637e-05, 1.766796594893094e-05, 9.855707503447775e-06, 4.879912012256682e-06, 4.419977358338656e-06, 3.933106654585572e-06, 4.94386040372774e-06, 4.018658728455193e-06, 3.2702093903935747e-06, 3.0506416806019843e-06, 2.4729811229917686e-06, 2.5460030883550644e-06, 3.0071848868828965e-06, 3.543402499417425e-06, 4.6841337280056905e-06, 5.582908215728821e-06, 5.258086730464129e-06, 3.351221948832972e-06, 2.1673358787666075e-06, 1.4045328953216085e-06, 1.2728561387120862e-06, 1.0182598089159e-06, 1.0939363619399955e-06, 2.382872025918914e-06, 2.13778116631147e-06, 1.3497564168574172e-06, 1.3148733160051052e-06, 1.100759845940047e-06, 8.182563533409848e-07, 8.297878366647637e-07, 7.460967026418075e-07, 7.704097697569523e-07, 6.541475272570096e-07, 5.540566689887783e-07, 6.409337629520451e-07, 7.086844107107027e-07, 5.057174234934791e-07, 3.8069191532486e-07, 3.443349214649061e-07, 2.5080541377064947e-07, 2.885113303818798e-07, 3.1438190717381076e-07, 3.6209024756317376e-07, 3.161168251608615e-07, 2.89983262291571e-07, 2.609088767258072e-07, 2.2356125839451124e-07, 1.4748010812581924e-07, 1.5087378812950192e-07, 1.8334581852741394e-07, 1.756689158582958e-07, 1.6615008746612148e-07, 1.6736616714752017e-07, 9.230924291614429e-08, 9.59729788974073e-08, 7.681938996029203e-08, 9.65894741966622e-08, 6.058125734398345e-08, 5.572789518737409e-08, 3.8503614518958784e-08, 5.4927383530412044e-08, 3.7464570112888396e-08, 3.043138363523212e-08, 2.9777989851709208e-08, 2.3009242511307093e-08, 1.709660324422657e-08, 1.0573073083719464e-08, 7.353687880851112e-09, 2.514766173078442e-09, 1.7427247422929781e-09, 4.404766551502348e-10, 8.076502661102936e-11, 7.020852649253229e-12, 6.418564898330592e-12, 6.213385275039007e-12, 6.047642855250279e-12, 5.939339298155488e-12, 5.799659363869836e-12, 5.699417500448778e-12, 5.583327203351196e-12, 5.434023023220824e-12, 5.3472365424411805e-12, 5.312656564671059e-12], "lowlevel.melbands128.stdev": [0.001156507059931755, 0.004190262407064438, 0.01145444717258215, 0.017881901934742928, 0.013064565137028694, 0.009170249104499817, 0.00599655881524086, 0.004893018398433924, 0.005798200145363808, 0.003752848831936717, 0.0019281686982139945, 0.0018425930757075548, 0.0008345878450199962, 0.0007320928270928562, 0.0011629689252004027, 0.0007669872720725834, 0.0005987908807583153, 0.0001791039976524189, 0.00018747392459772527, 0.0003264476254116744, 0.0004981269012205303, 0.000541405868716538, 0.0006522643379867077, 0.0004506886762101203, 0.0003679022775031626, 0.0003397235122974962, 0.000247355957981199, 0.0006505324272438884, 0.00018784446001518518, 0.00010255607776343822, 5.9306818002369255e-05, 5.199330917093903e-05, 6.050568845239468e-05, 6.193561421241611e-05, 2.4385435608564876e-05, 3.2297961297445e-05, 3.465907138888724e-05, 2.9331300538615324e-05, 2.7064814275945537e-05, 6.167725950945169e-05, 4.67097015643958e-05, 2.415248854958918e-05, 2.7623762434814125e-05, 4.404204082675278e-05, 2.786257209663745e-05, 3.89759661629796e-05, 4.8895959480432793e-05, 3.740068495972082e-05, 1.160300598712638e-05, 9.145504009211436e-06, 9.798426617635414e-06, 1.0030043995357119e-05, 8.185861588572152e-06, 5.937523837928893e-06, 8.03487728262553e-06, 4.602914486895315e-06, 4.0376685319643e-06, 6.2616040850116406e-06, 9.572972885507625e-06, 9.903323189064395e-06, 1.1361727047187742e-05, 1.0780295269796625e-05, 6.187532108015148e-06, 4.1830921873042826e-06, 2.3590598630107706e-06, 2.0959180346835637e-06, 1.619965701138426e-06, 1.690835802037327e-06, 3.820485744654434e-06, 3.524197154547437e-06, 2.4087212295853533e-06, 2.3392235561914276e-06, 2.7408582354837563e-06, 2.0010065782116726e-06, 2.443256562401075e-06, 2.510267904654029e-06, 2.329865310457535e-06, 1.7860480738818296e-06, 1.7215564867001376e-06, 2.71500039161765e-06, 3.2573082080489257e-06, 1.7253868236366543e-06, 1.2432190032996004e-06, 9.825545248531853e-07, 6.275749910855666e-07, 5.74004161535413e-07, 6.396155640686629e-07, 7.741112426629115e-07, 6.101290637161583e-07, 5.268351515042013e-07, 4.892189053862239e-07, 4.410294991430419e-07, 2.5423321403650334e-07, 2.7017850356969575e-07, 3.4175232599409355e-07, 3.4373448443147936e-07, 3.347311690049537e-07, 3.29180949165675e-07, 1.8180371341713908e-07, 1.7581349709416827e-07, 1.4556684391209274e-07, 1.8306783999832987e-07, 1.1223395546267056e-07, 1.2400745674767677e-07, 8.414743746243403e-08, 1.0970350672323548e-07, 7.611245678162959e-08, 6.581252165460683e-08, 6.561253229619979e-08, 5.224007182391688e-08, 4.527819541522149e-08, 3.210987031820878e-08, 2.3377680236080778e-08, 1.1700672430947634e-08, 1.1263208143930115e-08, 3.6613601039903187e-09, 8.561200082191078e-10, 1.544402453146354e-11, 1.1116066400695956e-11, 1.0716158863055547e-11, 1.0423256875669029e-11, 1.0201869730941393e-11, 9.999176833752621e-12, 9.82841672630963e-12, 9.686905791395084e-12, 9.573594521306017e-12, 9.491253269433564e-12, 9.440239388813776e-12], "lowlevel.mfcc.mean": [-704.5517578125, 169.70535278320312, 25.771242141723633, 37.700904846191406, 13.866952896118164, 5.651001453399658, 2.6388673782348633, 4.881938934326172, -1.4161463975906372, 11.122038841247559, -1.718130350112915, -5.462528228759766, -10.001479148864746], "lowlevel.spectral_contrast_coeffs.mean": [-0.6456272602081299, -0.7311444878578186, -0.772261381149292, -0.8193789124488831, -0.8146634101867676, -0.7896896600723267], "lowlevel.spectral_contrast_coeffs.stdev": [0.0777110755443573, 0.08149419724941254, 0.06388825178146362, 0.042051758617162704, 0.03912258520722389, 0.034387897700071335], "lowlevel.spectral_contrast_valleys.mean": [-6.299577236175537, -6.941725254058838, -7.925256252288818, -8.176264762878418, -8.351546287536621, -11.271505355834961], "lowlevel.spectral_contrast_valleys.stdev": [0.724563479423523, 0.6931316256523132, 0.6968622803688049, 0.662621259689331, 0.7506076097488403, 0.9253332018852234], "rhythm.beats_loudness_band_ratio.mean": [0.7786374092102051, 0.1837424486875534, 0.06192347779870033, 0.022527113556861877, 0.015580547042191029, 0.00917026773095131], "rhythm.beats_loudness_band_ratio.stdev": [0.15346480906009674, 0.13972993195056915, 0.05371895059943199, 0.031381987035274506, 0.017233308404684067, 0.012048207223415375], "tonal.hpcp.mean": [0.020976612344384193, 0.021240627393126488, 0.034162066876888275, 0.07642112672328949, 0.0706319808959961, 0.026450879871845245, 0.02866947464644909, 0.040657997131347656, 0.13599376380443573, 0.3139861822128296, 0.23060619831085205, 0.05153278261423111, 0.033495210111141205, 0.02560853585600853, 0.03515854477882385, 0.07698681950569153, 0.11067824065685272, 0.11903417855501175, 0.10585121065378189, 0.06382884830236435, 0.0335504375398159, 0.05655635893344879, 0.07553856074810028, 0.15332487225532532, 0.27803051471710205, 0.1902264505624771, 0.06113935261964798, 0.047535624355077744, 0.04897448793053627, 0.13635797798633575, 0.24866098165512085, 0.18881875276565552, 0.0833350270986557, 0.06089824065566063, 0.04731003940105438, 0.03329617157578468], "tonal.hpcp.stdev": [0.06903465837240219, 0.08337128907442093, 0.11117737740278244, 0.22436153888702393, 0.20789557695388794, 0.10151965171098709, 0.11139851808547974, 0.1409965604543686, 0.21203097701072693, 0.4068925976753235, 0.29933223128318787, 0.15396404266357422, 0.1251184642314911, 0.10257135331630707, 0.11748004704713821, 0.18297624588012695, 0.23348522186279297, 0.24890175461769104, 0.257360577583313, 0.18362656235694885, 0.12609224021434784, 0.17834249138832092, 0.20857301354408264, 0.24532338976860046, 0.38731300830841064, 0.2780042290687561, 0.1760123372077942, 0.16255275905132294, 0.145830437541008, 0.24464094638824463, 0.35725051164627075, 0.27545979619026184, 0.210590198636055, 0.17799189686775208, 0.1585862636566162, 0.12435799092054367], "rhythm.beats_position": [0.5572788715362549, 1.1261677742004395, 1.7182766199111938, 2.2987754344940186, 2.879274368286133, 3.459773063659668, 4.051881790161133, 4.643990993499756, 5.236099720001221, 5.8282084465026855, 6.42031717300415, 7.012426376342773, 7.592925071716309, 8.173423767089844, 8.765532493591309, 9.357641220092773, 9.961359977722168, 10.54185962677002, 11.122358322143555, 11.70285701751709, 12.294965744018555, 12.88707447052002, 13.479183197021484, 14.07129192352295, 14.663400650024414, 15.232290267944336, 15.8243989944458, 16.416507720947266, 16.997007369995117, 17.577505111694336, 18.192834854125977, 18.784942626953125, 19.377052307128906, 19.969160079956055, 20.549659729003906, 21.130157470703125, 21.733877182006836, 22.314376831054688, 22.906484603881836, 23.498594284057617, 24.079092025756836, 24.659591674804688, 25.263309478759766, 25.843809127807617, 26.4359188079834, 27.028026580810547, 27.6085262298584, 28.212244033813477, 28.792743682861328, 29.373241424560547, 29.976961135864258, 30.557458877563477, 31.137958526611328, 31.73006820678711, 32.32217788696289, 32.914283752441406, 33.50639343261719, 34.086891174316406, 34.66739273071289, 35.27111053466797, 35.85160827636719, 36.43210983276367], "rhythm.bpm_histogram": [0.0, 0.0, 0.0, 0.0, 0.0, 0.0, 0.0, 0.0, 0.0, 0.0, 0.0, 0.0, 0.0, 0.0, 0.0, 0.0, 0.0, 0.0, 0.0, 0.0, 0.0, 0.0, 0.0, 0.0, 0.0, 0.0, 0.0, 0.0, 0.0, 0.0, 0.0, 0.0, 0.0, 0.0, 0.0, 0.0, 0.0, 0.0, 0.0, 0.0, 0.0, 0.0, 0.0, 0.0, 0.0, 0.0, 0.0, 0.0, 0.0, 0.0, 0.0, 0.0, 0.0, 0.0, 0.0, 0.0, 0.0, 0.0, 0.0, 0.0, 0.0, 0.0, 0.0, 0.0, 0.0, 0.0, 0.0, 0.0, 0.0, 0.0, 0.0, 0.0, 0.0, 0.0, 0.0, 0.0, 0.0, 0.0, 0.0, 0.0, 0.0, 0.0, 0.0, 0.0, 0.0, 0.0, 0.0, 0.0, 0.0, 0.0, 0.0, 0.0, 0.0, 0.0, 0.0, 0.0, 0.0, 0.0, 0.016393441706895828, 0.09836065769195557, 0.0, 0.44262295961380005, 0.0, 0.4098360538482666, 0.0, 0.032786883413791656, 0.0, 0.0, 0.0, 0.0, 0.0, 0.0, 0.0, 0.0, 0.0, 0.0, 0.0, 0.0, 0.0, 0.0, 0.0, 0.0, 0.0, 0.0, 0.0, 0.0, 0.0, 0.0, 0.0, 0.0, 0.0, 0.0, 0.0, 0.0, 0.0, 0.0, 0.0, 0.0, 0.0, 0.0, 0.0, 0.0, 0.0, 0.0, 0.0, 0.0, 0.0, 0.0, 0.0, 0.0, 0.0, 0.0, 0.0, 0.0, 0.0, 0.0, 0.0, 0.0, 0.0, 0.0, 0.0, 0.0, 0.0, 0.0, 0.0, 0.0, 0.0, 0.0, 0.0, 0.0, 0.0, 0.0, 0.0, 0.0, 0.0, 0.0, 0.0, 0.0, 0.0, 0.0, 0.0, 0.0, 0.0, 0.0, 0.0, 0.0, 0.0, 0.0, 0.0, 0.0, 0.0, 0.0, 0.0, 0.0, 0.0, 0.0, 0.0, 0.0, 0.0, 0.0, 0.0, 0.0, 0.0, 0.0, 0.0, 0.0, 0.0, 0.0, 0.0, 0.0, 0.0, 0.0, 0.0, 0.0, 0.0, 0.0, 0.0, 0.0, 0.0, 0.0, 0.0, 0.0, 0.0, 0.0, 0.0, 0.0, 0.0, 0.0, 0.0, 0.0, 0.0, 0.0, 0.0, 0.0, 0.0, 0.0, 0.0, 0.0, 0.0, 0.0, 0.0, 0.0, 0.0, 0.0, 0.0, 0.0, 0.0, 0.0, 0.0, 0.0], "tonal.chords_histogram": [20.150188446044922, 0.6257822513580322, 41.55194091796875, 1.8773466348648071, 3.879849910736084, 6.883604526519775, 1.2515645027160645, 5.50688362121582, 0.0, 13.76720905303955, 0.0, 4.005006313323975, 0.0, 0.0, 0.0, 0.0, 0.0, 0.0, 0.0, 0.0, 0.0, 0.0, 0.5006257891654968, 0.0], "tonal.thpcp": [1.0, 0.7344469428062439, 0.16412436962127686, 0.1066773384809494, 0.0815594345331192, 0.1119748130440712, 0.24519173800945282, 0.3524939715862274, 0.37910643219947815, 0.33712059259414673, 0.20328553020954132, 0.10685323178768158, 0.1801237165927887, 0.2405792474746704, 0.48831725120544434, 0.8854864835739136, 0.6058433651924133, 0.19471988081932068, 0.15139399468898773, 0.1559765636920929, 0.4342801868915558, 0.7919487953186035, 0.6013600826263428, 0.2654098570346832, 0.19395197927951813, 0.15067555010318756, 0.10604342818260193, 0.06680744141340256, 0.06764828413724899, 0.10880117863416672, 0.24339009821414948, 0.22495251893997192, 0.08424217998981476, 0.09130807965993881, 0.12948976457118988, 0.4331202208995819], "lowlevel.gfcc.cov": [[3760.43798828125, -574.2539672851562, -356.3415832519531, 146.79917907714844, -191.85394287109375, 47.03290557861328, -112.18167877197266, 186.0479278564453, -97.89080047607422, 58.580078125, -164.64996337890625, 19.05249786376953, -78.4368896484375], [-574.2539672851562, 1238.8729248046875, -64.02012634277344, -361.61566162109375, 293.7010498046875, -267.1107177734375, 203.63064575195312, -66.22113800048828, 195.82470703125, -243.78221130371094, 246.2897186279297, -184.52529907226562, 107.06477355957031], [-356.3415832519531, -64.02012634277344, 912.4241333007812, 173.40167236328125, 108.685546875, 126.2764892578125, 8.06515884399414, -33.10443115234375, 18.849395751953125, 98.10919952392578, -73.19992065429688, 135.4911346435547, 1.8369154930114746], [146.79917907714844, -361.61566162109375, 173.40167236328125, 438.5705871582031, 57.77862548828125, 92.36630249023438, -16.54349136352539, -0.8326722979545593, 34.95195007324219, 54.06938552856445, -46.8505859375, 3.687577724456787, 8.655343055725098], [-191.85394287109375, 293.7010498046875, 108.685546875, 57.77862548828125, 353.23663330078125, 18.148500442504883, 125.7490234375, 33.3889045715332, 96.27604675292969, -56.26271438598633, 75.18006896972656, -63.7205924987793, 0.5301364660263062], [47.03290557861328, -267.1107177734375, 126.2764892578125, 92.36630249023438, 18.148500442504883, 208.9830780029297, 67.17741394042969, 28.212818145751953, -44.929725646972656, 70.16707611083984, -31.946060180664062, 45.485809326171875, -38.31238555908203], [-112.18167877197266, 203.63064575195312, 8.06515884399414, -16.54349136352539, 125.7490234375, 67.17741394042969, 228.0519561767578, 31.34245491027832, 33.460567474365234, -41.581153869628906, 76.68885040283203, -46.871925354003906, -10.132645606994629], [186.0479278564453, -66.22113800048828, -33.10443115234375, -0.8326722979545593, 33.3889045715332, 28.212818145751953, 31.34245491027832, 127.33606719970703, 39.676761627197266, 19.496244430541992, -9.063949584960938, 10.9353666305542, -15.353080749511719], [-97.89080047607422, 195.82470703125, 18.849395751953125, 34.95195007324219, 96.27604675292969, -44.929725646972656, 33.460567474365234, 39.676761627197266, 160.3712615966797, -10.691276550292969, 39.04168701171875, -49.16986846923828, 26.221477508544922], [58.580078125, -243.78221130371094, 98.10919952392578, 54.06938552856445, -56.26271438598633, 70.16707611083984, -41.581153869628906, 19.496244430541992, -10.691276550292969, 134.9799041748047, -38.41950607299805, 67.53865814208984, -23.431453704833984], [-164.64996337890625, 246.2897186279297, -73.19992065429688, -46.8505859375, 75.18006896972656, -31.946060180664062, 76.68885040283203, -9.063949584960938, 39.04168701171875, -38.41950607299805, 120.6161117553711, -29.391855239868164, 23.29159164428711], [19.05249786376953, -184.52529907226562, 135.4911346435547, 3.687577724456787, -63.7205924987793, 45.485809326171875, -46.871925354003906, 10.9353666305542, -49.16986846923828, 67.53865814208984, -29.391855239868164, 139.93975830078125, 11.433963775634766], [-78.4368896484375, 107.06477355957031, 1.8369154930114746, 8.655343055725098, 0.5301364660263062, -38.31238555908203, -10.132645606994629, -15.353080749511719, 26.221477508544922, -23.431453704833984, 23.29159164428711, 11.433963775634766, 78.32618713378906]], "lowlevel.gfcc.icov": [[0.00036355690099298954, -0.0006545846699737012, 0.0003220805083401501, -0.0007099058129824698, 0.00032130113686434925, -0.0002893054625019431, 0.0003013503737747669, -0.0008858242072165012, 0.0006167155806906521, -0.00024283530365210027, 0.0007369769737124443, -0.0003560379263944924, 0.0006051039672456682], [-0.0006545846699737012, 0.018285691738128662, -0.005142416339367628, 0.014339095912873745, -0.006512701045721769, 0.010845915414392948, -0.007655326742678881, 0.00902995653450489, -0.010045756585896015, 0.0074402266182005405, -0.012622755020856857, 0.010344157926738262, -0.013153033331036568], [0.0003220805083401501, -0.005142416339367628, 0.0034820768050849438, -0.004359808284789324, 0.0008027545409277081, -0.0032678807619959116, 0.0014374168822541833, -0.0009098939481191337, 0.0016884224023669958, -0.0024448891635984182, 0.005577729549258947, -0.005483055021613836, 0.0040007298812270164], [-0.0007099058129824698, 0.014339095912873745, -0.004359808284789324, 0.014522440731525421, -0.005777900572866201, 0.006681710947304964, -0.005213262978941202, 0.007894186303019524, -0.008821782656013966, 0.004981197416782379, -0.008984909392893314, 0.009255973622202873, -0.011869266629219055], [0.00032130113686434925, -0.006512701045721769, 0.0008027545409277081, -0.005777900572866201, 0.007606636732816696, -0.004588446579873562, 0.0021196717862039804, -0.004691481590270996, 0.0019835575949400663, -0.0003403397276997566, 0.0018214831361547112, -0.0024675701279193163, 0.005955128464847803], [-0.0002893054625019431, 0.010845915414392948, -0.0032678807619959116, 0.006681710947304964, -0.004588446579873562, 0.01731988415122032, -0.009707252494990826, 0.004210032057017088, -0.0022118750493973494, -0.0001771023526089266, -0.0049570295959711075, 0.004806869197636843, -0.006244623567909002], [0.0003013503737747669, -0.007655326742678881, 0.0014374168822541833, -0.005213262978941202, 0.0021196717862039804, -0.009707252494990826, 0.013013073243200779, -0.006066305097192526, 0.003929035738110542, -7.244458538480103e-05, -0.0006114034913480282, -0.001650074147619307, 0.006125773303210735], [-0.0008858242072165012, 0.00902995653450489, -0.0009098939481191337, 0.007894186303019524, -0.004691481590270996, 0.004210032057017088, -0.006066305097192526, 0.017586413770914078, -0.01067755650728941, 0.003214815864339471, -0.0025837626308202744, 0.0002757711336016655, -0.004063388332724571], [0.0006167155806906521, -0.010045756585896015, 0.0016884224023669958, -0.008821782656013966, 0.0019835575949400663, -0.0022118750493973494, 0.003929035738110542, -0.01067755650728941, 0.01863035373389721, -0.008330431766808033, 0.0047857086174190044, 0.0004161731631029397, 0.0023915828205645084], [-0.00024283530365210027, 0.0074402266182005405, -0.0024448891635984182, 0.004981197416782379, -0.0003403397276997566, -0.0001771023526089266, -7.244458538480103e-05, 0.003214815864339471, -0.008330431766808033, 0.018465431407094002, -0.0064168572425842285, -0.0014854144537821412, 6.783506250940263e-05], [0.0007369769737124443, -0.012622755020856857, 0.005577729549258947, -0.008984909392893314, 0.0018214831361547112, -0.0049570295959711075, -0.0006114034913480282, -0.0025837626308202744, 0.0047857086174190044, -0.0064168572425842285, 0.025536371394991875, -0.009831355884671211, 0.006151443812996149], [-0.0003560379263944924, 0.010344157926738262, -0.005483055021613836, 0.009255973622202873, -0.0024675701279193163, 0.004806869197636843, -0.001650074147619307, 0.0002757711336016655, 0.0004161731631029397, -0.0014854144537821412, -0.009831355884671211, 0.02259242534637451, -0.014139961451292038], [0.0006051039672456682, -0.013153033331036568, 0.0040007298812270164, -0.011869266629219055, 0.005955128464847803, -0.006244623567909002, 0.006125773303210735, -0.004063388332724571, 0.0023915828205645084, 6.783506250940263e-05, 0.006151443812996149, -0.014139961451292038, 0.028925593942403793]], "lowlevel.mfcc.cov": [[4183.8603515625, -786.8124389648438, -393.98193359375, -32.70665740966797, -142.3212127685547, -173.81394958496094, -64.25725555419922, -3.2969729900360107, 13.957819938659668, 86.08377838134766, -17.836641311645508, -50.36027526855469, -159.88589477539062], [-786.8124389648438, 1464.598876953125, -217.7172088623047, -96.9897689819336, 45.01342010498047, -180.40060424804688, 57.871822357177734, 103.0303955078125, -92.30372619628906, 110.14617919921875, 0.17893923819065094, -15.318016052246094, 10.970259666442871], [-393.98193359375, -217.7172088623047, 680.1220703125, 125.61183166503906, 67.27725982666016, 187.1998291015625, -28.882400512695312, -35.21395492553711, 89.797119140625, -122.6915054321289, 16.784936904907227, 27.46332359313965, 58.85694885253906], [-32.70665740966797, -96.9897689819336, 125.61183166503906, 270.6275634765625, 142.54098510742188, 64.03012084960938, -11.83031177520752, 13.489313125610352, 62.93856430053711, 17.671791076660156, 5.710830211639404, 29.84206199645996, 13.455611228942871], [-142.3212127685547, 45.01342010498047, 67.27725982666016, 142.54098510742188, 233.32742309570312, 46.229103088378906, -3.068218946456909, 34.80752182006836, 53.838043212890625, 39.90116882324219, 14.767862319946289, 20.51832389831543, 21.817527770996094], [-173.81394958496094, -180.40060424804688, 187.1998291015625, 64.03012084960938, 46.229103088378906, 213.06222534179688, 87.46082305908203, 15.029998779296875, 37.45574188232422, -14.4951753616333, 28.26892852783203, 27.342784881591797, 19.69439125061035], [-64.25725555419922, 57.871822357177734, -28.882400512695312, -11.83031177520752, -3.068218946456909, 87.46082305908203, 203.4468231201172, 93.83977508544922, -19.308000564575195, 53.93403244018555, 16.578065872192383, 8.175140380859375, 17.000518798828125], [-3.2969729900360107, 103.0303955078125, -35.21395492553711, 13.489313125610352, 34.80752182006836, 15.029998779296875, 93.83977508544922, 135.18026733398438, 26.7703914642334, 61.888946533203125, 11.2579345703125, 17.020980834960938, 22.31456756591797], [13.957819938659668, -92.30372619628906, 89.797119140625, 62.93856430053711, 53.838043212890625, 37.45574188232422, -19.308000564575195, 26.7703914642334, 111.1296615600586, 20.96504783630371, 25.985498428344727, 23.722675323486328, 9.217206954956055], [86.08377838134766, 110.14617919921875, -122.6915054321289, 17.671791076660156, 39.90116882324219, -14.4951753616333, 53.93403244018555, 61.888946533203125, 20.96504783630371, 157.48020935058594, 46.59564208984375, 6.49878454208374, -19.506784439086914], [-17.836641311645508, 0.17893923819065094, 16.784936904907227, 5.710830211639404, 14.767862319946289, 28.26892852783203, 16.578065872192383, 11.2579345703125, 25.985498428344727, 46.59564208984375, 82.17648315429688, 33.2355842590332, -1.7397797107696533], [-50.36027526855469, -15.318016052246094, 27.46332359313965, 29.84206199645996, 20.51832389831543, 27.342784881591797, 8.175140380859375, 17.020980834960938, 23.722675323486328, 6.49878454208374, 33.2355842590332, 78.49592590332031, 37.231300354003906], [-159.88589477539062, 10.970259666442871, 58.85694885253906, 13.455611228942871, 21.817527770996094, 19.69439125061035, 17.000518798828125, 22.31456756591797, 9.217206954956055, -19.506784439086914, -1.7397797107696533, 37.231300354003906, 78.7375259399414]], "lowlevel.mfcc.icov": [[0.00033706193789839745, 0.0002553420781623572, 9.064081677934155e-05, -3.86805841117166e-05, 8.964315202319995e-05, 0.00038206164026632905, -3.4858934668591246e-05, -0.000225678420974873, -2.04890820896253e-05, -0.00012216833420097828, 0.0001002828503260389, -0.00016040378250181675, 0.000589000410400331], [0.0002553420781623572, 0.0011468103621155024, -0.0001214680596604012, 0.0003154294681735337, -0.000499158282764256, 0.0012530266540125012, -0.00023634366516489536, -0.0007549023721367121, 0.0009199534542858601, -0.0005088901962153614, -5.793962554889731e-05, -0.0001774359989212826, 0.00033433837234042585], [9.064081677934155e-05, -0.0001214680596604012, 0.0029987471643835306, -0.0008407392306253314, 0.0002604062028694898, -0.0022391758393496275, 0.0008312354329973459, 3.001856202899944e-05, -0.0015894257230684161, 0.0022689495235681534, -0.0014523596037179232, 0.001610104227438569, -0.0016422451008111238], [-3.86805841117166e-05, 0.0003154294681735337, -0.0008407392306253314, 0.00654183654114604, -0.0034451561514288187, -0.00036874093348160386, 0.00012449811038095504, 0.0003907907521352172, -0.0009443450253456831, -0.00127263308968395, 0.002431380795314908, -0.0024917712435126305, 0.0013244684087112546], [8.964315202319995e-05, -0.000499158282764256, 0.0002604062028694898, -0.0034451561514288187, 0.007567253895103931, -0.0017624183092266321, 0.0018713686149567366, -0.0012339639943093061, -0.0009286206332035363, -0.0014559730188921094, -0.0001977187639568001, 0.0012875577667728066, -0.0019298656843602657], [0.00038206164026632905, 0.0012530266540125012, -0.0022391758393496275, -0.00036874093348160386, -0.0017624183092266321, 0.012081575579941273, -0.00749570457264781, 0.002584724221378565, -0.0017832393059507012, 0.001334930188022554, -0.0013972861925140023, -0.00214377511292696, 0.002212672960013151], [-3.4858934668591246e-05, -0.00023634366516489536, 0.0008312354329973459, 0.00012449811038095504, 0.0018713686149567366, -0.00749570457264781, 0.013597163371741772, -0.008472218178212643, 0.005476274527609348, -0.0025483197532594204, -0.0006419310811907053, 0.0019430642714723945, -0.002064266474917531], [-0.000225678420974873, -0.0007549023721367121, 3.001856202899944e-05, 0.0003907907521352172, -0.0012339639943093061, 0.002584724221378565, -0.008472218178212643, 0.016789259389042854, -0.006192794535309076, -0.002798455534502864, 0.0027421077247709036, -0.001476361881941557, -0.0028854473493993282], [-2.04890820896253e-05, 0.0009199534542858601, -0.0015894257230684161, -0.0009443450253456831, -0.0009286206332035363, -0.0017832393059507012, 0.005476274527609348, -0.006192794535309076, 0.016321709379553795, -0.002515099011361599, -0.00231422227807343, -0.0012445676838979125, 0.0004593243356794119], [-0.00012216833420097828, -0.0005088901962153614, 0.0022689495235681534, -0.00127263308968395, -0.0014559730188921094, 0.001334930188022554, -0.0025483197532594204, -0.002798455534502864, -0.002515099011361599, 0.013933050446212292, -0.007546623237431049, 0.0019586384296417236, 0.0024104584008455276], [0.0001002828503260389, -5.793962554889731e-05, -0.0014523596037179232, 0.002431380795314908, -0.0001977187639568001, -0.0013972861925140023, -0.0006419310811907053, 0.0027421077247709036, -0.00231422227807343, -0.007546623237431049, 0.021907998248934746, -0.010419679805636406, 0.004459950141608715], [-0.00016040378250181675, -0.0001774359989212826, 0.001610104227438569, -0.0024917712435126305, 0.0012875577667728066, -0.00214377511292696, 0.0019430642714723945, -0.001476361881941557, -0.0012445676838979125, 0.0019586384296417236, -0.010419679805636406, 0.0236897561699152, -0.011701500043272972], [0.000589000410400331, 0.00033433837234042585, -0.0016422451008111238, 0.0013244684087112546, -0.0019298656843602657, 0.002212672960013151, -0.002064266474917531, -0.0028854473493993282, 0.0004593243356794119, 0.0024104584008455276, 0.004459950141608715, -0.011701500043272972, 0.02227092906832695]], "metadata.audio_properties.analysis.downmix": "mix", "metadata.audio_properties.codec": "mp3", "metadata.audio_properties.md5_encoded": "57bb675287bb52073e5cf92c0d35682d", "metadata.tags.file_name": "1182273764550004786.mp3", "metadata.version.essentia": "2.1-beta6-dev", "metadata.version.essentia_git_sha": "v2.1_beta5-1110-g77a6a954", "metadata.version.extractor": "music 2.0", "tonal.chords_key": "C", "tonal.chords_scale": "minor", "tonal.key_edma.key": "F", "tonal.key_edma.scale": "minor", "tonal.key_krumhansl.key": "F", "tonal.key_krumhansl.scale": "minor", "tonal.key_temperley.key": "F", "tonal.key_temperley.scale": "minor", "metadata.tags.encoding": ["Lavf58.45.100"]}, "essentia_models": [{"model_name": "genr