{"song_id": "1182254147668557824", "download": "https://cdn.discordapp.com/attachments/1135911532732108921/1182254147668557824/chirp.mp4?ex=658406fa&amp", "lyrics": "Get down and get silly,\nWith Babs, Nick and Lilly,\nGet down,\nGet Silly,\nWith Babs, Nick and Lilly", "style": ["reggae"], "essentia_features": {"lowlevel.average_loudness": 0.8437005281448364, "lowlevel.barkbands_crest.mean": 12.368389129638672, "lowlevel.barkbands_crest.stdev": 4.347686290740967, "lowlevel.barkbands_flatness_db.mean": 0.24756799638271332, "lowlevel.barkbands_flatness_db.stdev": 0.08082745224237442, "lowlevel.barkbands_kurtosis.mean": 17.772756576538086, "lowlevel.barkbands_kurtosis.stdev": 58.573787689208984, "lowlevel.barkbands_skewness.mean": 1.776013731956482, "lowlevel.barkbands_skewness.stdev": 3.2058017253875732, "lowlevel.barkbands_spread.mean": 16.04557991027832, "lowlevel.barkbands_spread.stdev": 16.695804595947266, "lowlevel.dissonance.mean": 0.46386680006980896, "lowlevel.dissonance.stdev": 0.04105456545948982, "lowlevel.dynamic_complexity": 5.342897415161133, "lowlevel.erbbands_crest.mean": 15.23261547088623, "lowlevel.erbbands_crest.stdev": 5.503495216369629, "lowlevel.erbbands_flatness_db.mean": 0.26620548963546753, "lowlevel.erbbands_flatness_db.stdev": 0.06653399020433426, "lowlevel.erbbands_kurtosis.mean": 4.40423583984375, "lowlevel.erbbands_kurtosis.stdev": 11.862040519714355, "lowlevel.erbbands_skewness.mean": 0.048984430730342865, "lowlevel.erbbands_skewness.stdev": 1.7922121286392212, "lowlevel.erbbands_spread.mean": 29.254718780517578, "lowlevel.erbbands_spread.stdev": 21.674264907836914, "lowlevel.hfc.mean": 17.136104583740234, "lowlevel.hfc.stdev": 34.97163772583008, "lowlevel.loudness_ebu128.integrated": -34.06808090209961, "lowlevel.loudness_ebu128.loudness_range": 3.1131973266601562, "lowlevel.loudness_ebu128.momentary.mean": -36.63105010986328, "lowlevel.loudness_ebu128.momentary.stdev": 6.624794960021973, "lowlevel.loudness_ebu128.short_term.mean": -34.728294372558594, "lowlevel.loudness_ebu128.short_term.stdev": 1.1569966077804565, "lowlevel.melbands_crest.mean": 18.077621459960938, "lowlevel.melbands_crest.stdev": 5.785009384155273, "lowlevel.melbands_flatness_db.mean": 0.29562273621559143, "lowlevel.melbands_flatness_db.stdev": 0.11731582134962082, "lowlevel.melbands_kurtosis.mean": 26.92390251159668, "lowlevel.melbands_kurtosis.stdev": 48.553855895996094, "lowlevel.melbands_skewness.mean": 2.760570764541626, "lowlevel.melbands_skewness.stdev": 3.1563117504119873, "lowlevel.melbands_spread.mean": 26.016706466674805, "lowlevel.melbands_spread.stdev": 32.95282745361328, "lowlevel.pitch_salience.mean": 0.4751867651939392, "lowlevel.pitch_salience.stdev": 0.1873452514410019, "lowlevel.silence_rate_20dB.mean": 1.0, "lowlevel.silence_rate_20dB.stdev": 0.0, "lowlevel.silence_rate_30dB.mean": 1.0, "lowlevel.silence_rate_30dB.stdev": 0.0, "lowlevel.silence_rate_60dB.mean": 0.25290024280548096, "lowlevel.silence_rate_60dB.stdev": 0.4346780776977539, "lowlevel.spectral_centroid.mean": 1524.4168701171875, "lowlevel.spectral_centroid.stdev": 1144.019287109375, "lowlevel.spectral_complexity.mean": 7.359628677368164, "lowlevel.spectral_complexity.stdev": 6.371387481689453, "lowlevel.spectral_decrease.mean": -3.277838223070262e-09, "lowlevel.spectral_decrease.stdev": 3.4754681355053663e-09, "lowlevel.spectral_energy.mean": 0.013925598934292793, "lowlevel.spectral_energy.stdev": 0.014766143634915352, "lowlevel.spectral_energyband_high.mean": 0.0008695349679328501, "lowlevel.spectral_energyband_high.stdev": 0.0029462117236107588, "lowlevel.spectral_energyband_low.mean": 0.002156476490199566, "lowlevel.spectral_energyband_low.stdev": 0.004392014350742102, "lowlevel.spectral_energyband_middle_high.mean": 0.003811488626524806, "lowlevel.spectral_energyband_middle_high.stdev": 0.008412828668951988, "lowlevel.spectral_energyband_middle_low.mean": 0.008271247148513794, "lowlevel.spectral_energyband_middle_low.stdev": 0.009599920362234116, "lowlevel.spectral_entropy.mean": 6.784286022186279, "lowlevel.spectral_entropy.stdev": 0.8276875019073486, "lowlevel.spectral_flux.mean": 0.056181665509939194, "lowlevel.spectral_flux.stdev": 0.04499474912881851, "lowlevel.spectral_kurtosis.mean": 14.016478538513184, "lowlevel.spectral_kurtosis.stdev": 11.39399528503418, "lowlevel.spectral_rms.mean": 0.0031232053879648447, "lowlevel.spectral_rms.stdev": 0.0019574312027543783, "lowlevel.spectral_rolloff.mean": 2133.348388671875, "lowlevel.spectral_rolloff.stdev": 2244.11767578125, "lowlevel.spectral_skewness.mean": 2.4576871395111084, "lowlevel.spectral_skewness.stdev": 1.0976489782333374, "lowlevel.spectral_spread.mean": 3238684.75, "lowlevel.spectral_spread.stdev": 1539618.375, "lowlevel.spectral_strongpeak.mean": 0.9856685400009155, "lowlevel.spectral_strongpeak.stdev": 1.5874077081680298, "lowlevel.zerocrossingrate.mean": 0.07533352822065353, "lowlevel.zerocrossingrate.stdev": 0.06840955466032028, "metadata.audio_properties.analysis.equal_loudness": 0.0, "metadata.audio_properties.analysis.length": 39.999977111816406, "metadata.audio_properties.analysis.sample_rate": 44100.0, "metadata.audio_properties.analysis.start_time": 0.0, "metadata.audio_properties.bit_rate": 121986.0, "metadata.audio_properties.length": 40.0, "metadata.audio_properties.lossless": 0.0, "metadata.audio_properties.number_channels": 1.0, "metadata.audio_properties.replay_gain": 5.419275283813477, "metadata.audio_properties.sample_rate": 48000.0, "rhythm.beats_count": 80.0, "rhythm.beats_loudness.mean": 0.019864194095134735, "rhythm.beats_loudness.stdev": 0.01596914231777191, "rhythm.bpm": 129.14447021484375, "rhythm.bpm_histogram_first_peak_bpm": 129.0, "rhythm.bpm_histogram_first_peak_weight": 0.6129032373428345, "rhythm.bpm_histogram_second_peak_bpm": 123.0, "rhythm.bpm_histogram_second_peak_spread": 0.3571428656578064, "rhythm.bpm_histogram_second_peak_weight": 0.1139240488409996, "rhythm.danceability": 1.1489754915237427, "rhythm.onset_rate": 4.422833442687988, "tonal.chords_changes_rate": 0.07647740095853806, "tonal.chords_number_rate": 0.008111239410936832, "tonal.chords_strength.mean": 0.5224071741104126, "tonal.chords_strength.stdev": 0.08655813336372375, "tonal.hpcp_crest.mean": 13.092984199523926, "tonal.hpcp_crest.stdev": 5.877045154571533, "tonal.hpcp_entropy.mean": 2.041163921356201, "tonal.hpcp_entropy.stdev": 0.6831386089324951, "tonal.key_edma.strength": 0.7640178799629211, "tonal.key_krumhansl.strength": 0.7628474235534668, "tonal.key_temperley.strength": 0.7474387884140015, "tonal.tuning_diatonic_strength": 0.7005994915962219, "tonal.tuning_equal_tempered_deviation": 0.21859963238239288, "tonal.tuning_frequency": 441.2725830078125, "tonal.tuning_nontempered_energy_ratio": 0.8508410453796387, "lowlevel.barkbands.mean": [2.6910843189398292e-06, 8.254794011008926e-06, 0.0009834542870521545, 0.003535658121109009, 0.002645354252308607, 0.001517461147159338, 0.00029064653790555894, 0.0001847848470788449, 8.070870535448194e-05, 5.322931974660605e-05, 3.5180928534828126e-05, 9.49881796259433e-05, 0.00012783450074493885, 0.00041237211553379893, 0.0011238163569942117, 0.00045786506962031126, 0.0001781974424375221, 0.000586630601901561, 0.00030727963894605637, 0.0004948218120262027, 7.499781349906698e-05, 0.0002034948265645653, 0.0003164221707265824, 0.00012911103840451688, 2.480557122908067e-05, 5.448317824630067e-05, 1.0634511227181065e-06], "lowlevel.barkbands.stdev": [6.296740593825234e-06, 6.59187717246823e-05, 0.002259765053167939, 0.004686224739998579, 0.004015112761408091, 0.002955247648060322, 0.0018497247947379947, 0.0006149025284685194, 0.00043311150511726737, 0.0003146291710436344, 0.00015030398208182305, 0.0006420213030651212, 0.0007452910067513585, 0.0017811517463997006, 0.0038529327139258385, 0.0015189743135124445, 0.0006800336996093392, 0.001799003453925252, 0.001807655906304717, 0.003764690365642309, 0.0003908385115209967, 0.001007622922770679, 0.0011299640173092484, 0.0004502121882978827, 7.97557586338371e-05, 0.00021604294306598604, 6.784375727875158e-06], "lowlevel.erbbands.mean": [0.00033724194508977234, 0.012655304744839668, 0.6564767956733704, 6.541205883026123, 16.92285919189453, 3.5067837238311768, 1.9453692436218262, 18.295944213867188, 7.970311164855957, 2.8722290992736816, 3.2715585231781006, 1.6756401062011719, 2.0391063690185547, 1.683676838874817, 2.179363965988159, 3.803217887878418, 5.470390319824219, 16.757831573486328, 42.61602783203125, 56.34688186645508, 17.943078994750977, 12.512016296386719, 33.49155044555664, 13.541095733642578, 28.384113311767578, 20.0157470703125, 3.21284818649292, 4.503539085388184, 7.87270975112915, 5.2244439125061035, 10.075494766235352, 5.689039707183838, 0.8450501561164856, 0.18992400169372559, 0.24606268107891083, 0.28467223048210144, 0.08857471495866776, 0.009083293378353119, 0.0002356185723328963, 2.6537327357800677e-05], "lowlevel.erbbands.stdev": [0.0006452014204114676, 0.03460461273789406, 1.4188518524169922, 9.86906909942627, 21.559160232543945, 9.180184364318848, 3.6224453449249268, 34.64480209350586, 32.23085021972656, 11.260371208190918, 11.431357383728027, 8.841620445251465, 11.179291725158691, 6.41960334777832, 11.691213607788086, 25.2701473236084, 28.63886070251465, 71.1728744506836, 164.18356323242188, 166.2803955078125, 71.64812469482422, 42.14291000366211, 102.0202407836914, 48.26554489135742, 183.34584045410156, 145.9902801513672, 18.49129295349121, 23.427885055541992, 38.7575569152832, 21.34316635131836, 36.536781311035156, 19.774364471435547, 3.0038421154022217, 0.6174964904785156, 0.8399648070335388, 1.0452800989151, 0.37835627794265747, 0.04905759543180466, 0.0012083916226401925, 4.637482561520301e-05], "lowlevel.gfcc.mean": [-154.11119079589844, 57.556976318359375, -127.52200317382812, 28.559736251831055, -29.66043472290039, -14.481454849243164, -81.69086456298828, -5.0493974685668945, -29.071645736694336, -11.52784538269043, -22.169736862182617, -5.779435157775879, -23.896883010864258], "lowlevel.melbands.mean": [1.5448775911863777e-06, 0.0002919295511674136, 0.0015612693969160318, 0.000718945637345314, 6.303281406871974e-05, 0.0003669050056487322, 0.00010834021668415517, 3.376238964847289e-05, 2.3007230993243866e-05, 1.1132289728266187e-05, 1.020538456941722e-05, 6.721461431880016e-06, 5.7787915466178674e-06, 9.720822163217235e-06, 1.2033442544634454e-05, 1.3832797776558436e-05, 3.226111948606558e-05, 6.231708539417014e-05, 8.390278526348993e-05, 5.290470289764926e-05, 1.4519197975459974e-05, 1.0121937521034852e-05, 2.4247785404440947e-05, 2.916709490818903e-05, 8.027292096812744e-06, 1.3412851330940612e-05, 2.959123594337143e-05, 8.691882612765767e-06, 1.5770494883327046e-06, 1.4547622413374484e-06, 3.166992428305093e-06, 5.144927399669541e-06, 2.8718145586026367e-06, 2.812684442687896e-06, 5.62178729524021e-06, 6.12869825999951e-06, 2.4521546038158704e-06, 6.09065352819016e-07, 1.5578994805309776e-07, 1.4242571921840863e-07], "lowlevel.melbands.stdev": [9.412149665877223e-06, 0.0006329757161438465, 0.001939549925737083, 0.0010274745291098952, 0.00014361109060700983, 0.0007055674795992672, 0.0004591633623931557, 0.00012113033153582364, 8.575422543799505e-05, 6.137181480880827e-05, 5.7490247854730114e-05, 2.7640033295028843e-05, 2.630718518048525e-05, 7.58664173190482e-05, 9.409718768438324e-05, 6.898008723510429e-05, 0.00013988699356559664, 0.0002590953081380576, 0.00029001073562540114, 0.0001422298519173637, 7.369952072622254e-05, 3.9295005990425125e-05, 8.745402010390535e-05, 8.737993630347773e-05, 3.2225663744611666e-05, 8.620004518888891e-05, 0.00021324561384972185, 6.418580596800894e-05, 9.687655619927682e-06, 7.535474651376717e-06, 1.76919020304922e-05, 2.669184141268488e-05, 1.2871036233264022e-05, 1.1519577128638048e-05, 2.1170850232010707e-05, 2.1983578335493803e-05, 8.863421498972457e-06, 2.290987822561874e-06, 6.02053432885441e-07, 4.596111864429986e-07], "lowlevel.melbands128.mean": [8.568953830945247e-07, 5.310758410814742e-07, 8.71499821641919e-07, 5.169093128642999e-06, 7.07666331436485e-05, 0.0006537162116728723, 0.0010905131930485368, 0.0021169453393667936, 0.0020329251419752836, 0.0004644313012249768, 6.386773020494729e-05, 1.72098443727009e-05, 8.543670446670149e-06, 0.00014169246423989534, 0.0005607449566014111, 0.00039782587555237114, 0.00015383854042738676, 6.959055463084951e-05, 2.5140936486423016e-05, 1.8297740098205395e-05, 5.200067607802339e-05, 4.186728983768262e-05, 1.600635368959047e-05, 7.938957423903048e-06, 6.066907189961057e-06, 1.603577402420342e-05, 1.4907168406352866e-05, 8.643187356938142e-06, 7.047518920444418e-06, 6.9281977630453184e-06, 7.385474418697413e-06, 4.613875717041083e-06, 3.6813339647778776e-06, 7.156153515097685e-06, 1.317977876169607e-05, 8.076693120528944e-06, 7.834304597054143e-06, 1.626595258130692e-05, 1.139360847446369e-05, 7.486695722036529e-06, 1.3647359992319252e-05, 2.32655384024838e-05, 2.9436258046189323e-05, 3.8455502362921834e-05, 4.450986671145074e-05, 6.631122232647613e-05, 8.832348976284266e-05, 6.171926361275837e-05, 0.0001057727713487111, 8.70386793394573e-05, 3.826466854661703e-05, 2.8177428248454817e-05, 1.6818803487694822e-05, 8.540551789337769e-06, 8.194090696633793e-06, 1.0896354979195166e-05, 1.0289711099176202e-05, 1.5899300706223585e-05, 2.8545029636006802e-05, 4.217828609398566e-05, 3.4669385058805346e-05, 1.6503992810612544e-05, 8.964614607975818e-06, 5.574985152634326e-06, 5.497312940860866e-06, 1.042414442053996e-05, 1.8308001017430797e-05, 3.075743734370917e-05, 3.773137359530665e-05, 2.1593245037365705e-05, 7.50992921894067e-06, 2.3680231606704183e-06, 1.4776796888327226e-06, 1.3691095546164433e-06, 1.8659667375686695e-06, 1.3564040273195133e-06, 1.2829048046114622e-06, 1.594603645571624e-06, 3.1549132017971715e-06, 5.000124019716168e-06, 5.6798999139573425e-06, 5.564878847508226e-06, 3.2857215046533383e-06, 2.5042966171895387e-06, 2.5303359052486485e-06, 2.3928134851303184e-06, 2.665891315700719e-06, 4.023129349661758e-06, 5.9117396631336305e-06, 6.4543364715063944e-06, 7.541471404692857e-06, 5.979367870168062e-06, 4.02557225243072e-06, 2.4739229047554545e-06, 1.4928625660104444e-06, 7.931852792353311e-07, 4.464103824375343e-07, 2.5441008233428875e-07, 1.4369950918080576e-07, 1.0224731283869914e-07, 1.2418838934991072e-07, 1.4833891270882305e-07, 1.683851280631643e-07, 1.7206176039508136e-07, 3.0182667387634865e-07, 3.456926549461059e-07, 3.1933691957419796e-07, 3.3889969586198276e-07, 5.570178132074943e-07, 7.684209890612692e-07, 4.234368873312633e-07, 3.359419054049795e-07, 2.6465636437933426e-07, 1.631912738275787e-07, 1.4430514738705824e-07, 9.745670581651211e-08, 3.0340569168174625e-08, 1.4887797661344848e-08, 4.433855060881342e-09, 8.22808557399135e-11, 3.96780490408144e-11, 2.184988301401347e-11, 9.611844306589568e-12, 9.142294560282593e-12, 7.51876252230721e-12, 4.698445191936296e-12, 3.2012912286327744e-12, 2.969410958439389e-12], "lowlevel.melbands128.stdev": [1.996065748244291e-06, 1.1473944141471293e-06, 3.018383267772151e-06, 4.604140849551186e-05, 0.00021240969363134354, 0.0014935339568182826, 0.0021687140688300133, 0.002707226201891899, 0.0027545595075935125, 0.001153235207311809, 0.0004752795794047415, 0.00015238784544635564, 4.9141021008836105e-05, 0.0002899016544688493, 0.0010441725607961416, 0.0010095508769154549, 0.0006817479734309018, 0.0006353631033562124, 0.00029767650994472206, 8.644873014418408e-05, 0.00019902053463738412, 0.00016237961244769394, 0.0001000927368295379, 8.371235162485391e-05, 5.6407068768749014e-05, 0.00011113015352748334, 9.363653225591406e-05, 6.409357592929155e-05, 8.903221896616742e-05, 3.0449187761405483e-05, 3.198439299012534e-05, 2.581293483672198e-05, 2.0676561689469963e-05, 3.070593811571598e-05, 0.00014232289686333388, 7.834465941414237e-05, 7.237433601403609e-05, 0.00013286845933180302, 0.00013353239046409726, 5.06560318171978e-05, 7.280209683813155e-05, 0.00019029140821658075, 0.0002071737399091944, 0.00018891079525928944, 0.0002565602771937847, 0.00034469968522898853, 0.00048767062253318727, 0.000285101355984807, 0.0004556853382382542, 0.00025329019990749657, 0.00013059137563686818, 0.00013762046000920236, 0.0001427145762136206, 3.672372622531839e-05, 3.56001291947905e-05, 4.2109983041882515e-05, 5.6621669500600547e-05, 6.95903436280787e-05, 0.00013410163228400052, 0.00014527684834320098, 0.00011481950059533119, 6.762781413272023e-05, 3.70957022823859e-05, 2.5942430511349812e-05, 3.336062945891172e-05, 8.404743857681751e-05, 0.00012862731819041073, 0.00023867821437306702, 0.00028563174419105053, 0.0001728024653857574, 6.231594306882471e-05, 1.3233988283900544e-05, 9.813659744395409e-06, 1.0541303709032945e-05, 1.1270888535364065e-05, 7.149724297050852e-06, 7.318230473174481e-06, 9.58727741817711e-06, 1.832803536672145e-05, 3.4217075153719634e-05, 3.0664501537103206e-05, 2.84740817733109e-05, 1.608566708455328e-05, 1.1499687389004976e-05, 1.2437500117812306e-05, 1.3098790077492595e-05, 1.0866207958315499e-05, 1.6839117961353622e-05, 2.41066882153973e-05, 2.5586683477740735e-05, 2.86612721538404e-05, 2.2312226064968854e-05, 1.5003866792540066e-05, 9.753528502187692e-06, 5.864361810381524e-06, 3.077209385082824e-06, 1.8676763602343271e-06, 1.105381102206593e-06, 6.031581278875819e-07, 4.038805911932286e-07, 4.861407774114923e-07, 4.945687237523089e-07, 5.42829980076931e-07, 5.333063768375723e-07, 1.2958670367879677e-06, 1.2597687373272493e-06, 1.0973120652124635e-06, 1.2343328990027658e-06, 2.0782781575690024e-06, 3.1139279599301517e-06, 1.796372657736356e-06, 1.5121729575184872e-06, 1.3145765933586517e-06, 8.228867613979673e-07, 8.364506811631145e-07, 6.679455850644445e-07, 1.8364065113019024e-07, 1.1796745980063861e-07, 3.7790723439457e-08, 1.0477392287100429e-09, 3.743017285007255e-10, 2.733510362507019e-10, 4.195054026379097e-11, 4.020004468197058e-11, 4.111501417103369e-11, 4.303331996302617e-11, 4.433001188353103e-11, 4.408939879851914e-11], "lowlevel.mfcc.mean": [-807.6134033203125, 103.77432250976562, -33.47991943359375, 28.548276901245117, 40.97567367553711, -10.055137634277344, -29.776403427124023, -4.937652587890625, -29.851781845092773, -0.9042598605155945, -18.72657585144043, -20.799104690551758, -7.406494140625], "lowlevel.spectral_contrast_coeffs.mean": [-0.5569540858268738, -0.6929649710655212, -0.8274936079978943, -0.7352662682533264, -0.7066290974617004, -0.7900376915931702], "lowlevel.spectral_contrast_coeffs.stdev": [0.14977771043777466, 0.1246759220957756, 0.06339863687753677, 0.07341842353343964, 0.07384800165891647, 0.06529680639505386], "lowlevel.spectral_contrast_valleys.mean": [-9.622002601623535, -8.954451560974121, -9.359170913696289, -8.642500877380371, -9.288738250732422, -11.956047058105469], "lowlevel.spectral_contrast_valleys.stdev": [1.5569216012954712, 1.2318699359893799, 1.105506420135498, 1.1150298118591309, 1.4394603967666626, 1.496166467666626], "rhythm.beats_loudness_band_ratio.mean": [0.34445613622665405, 0.16922007501125336, 0.03029053471982479, 0.031478993594646454, 0.2864481508731842, 0.1983969509601593], "rhythm.beats_loudness_band_ratio.stdev": [0.327425479888916, 0.2047479897737503, 0.05988488718867302, 0.06639368832111359, 0.29866328835487366, 0.321646511554718], "tonal.hpcp.mean": [0.09664040803909302, 0.08651147037744522, 0.07957565784454346, 0.11536069214344025, 0.16292937099933624, 0.17223809659481049, 0.1425100415945053, 0.09029359370470047, 0.049239687621593475, 0.03795637935400009, 0.03677675500512123, 0.14310649037361145, 0.23844265937805176, 0.12112995237112045, 0.01609402522444725, 0.01505144964903593, 0.017527852207422256, 0.025977468118071556, 0.028441036120057106, 0.02044549398124218, 0.01782694272696972, 0.02323424629867077, 0.05133182555437088, 0.23286254703998566, 0.39572831988334656, 0.3789297640323639, 0.3301765024662018, 0.23502592742443085, 0.14462748169898987, 0.10455431044101715, 0.0802314430475235, 0.07266795635223389, 0.06563574820756912, 0.059890277683734894, 0.06346628814935684, 0.08196579664945602], "tonal.hpcp.stdev": [0.20524901151657104, 0.19929878413677216, 0.17781570553779602, 0.2293749749660492, 0.28762519359588623, 0.2884231209754944, 0.24008075892925262, 0.16220173239707947, 0.10147713124752045, 0.08510936796665192, 0.07514148950576782, 0.209665909409523, 0.3625078499317169, 0.18515223264694214, 0.049863237887620926, 0.053595226258039474, 0.06262257695198059, 0.10258161276578903, 0.10261210799217224, 0.06779204308986664, 0.04690910130739212, 0.0507381334900856, 0.11006473749876022, 0.26759999990463257, 0.3627152144908905, 0.34878239035606384, 0.3808305859565735, 0.34068480134010315, 0.2695752680301666, 0.23664358258247375, 0.17773765325546265, 0.163218155503273, 0.16253477334976196, 0.15698666870594025, 0.15270495414733887, 0.18938814103603363], "rhythm.beats_position": [0.6037188172340393, 1.1842176914215088, 1.7647165060043335, 2.345215320587158, 2.9141042232513428, 3.5062131881713867, 4.086711883544922, 4.667210578918457, 5.236099720001221, 5.816598415374756, 6.397097587585449, 6.954376220703125, 7.4536051750183105, 7.941224575042725, 8.44045352935791, 8.939682006835938, 9.47374153137207, 9.996190071105957, 10.53024959564209, 11.075918197631836, 11.621586799621582, 12.213695526123047, 12.817414283752441, 13.421133995056152, 14.024852752685547, 14.616961479187012, 15.116189956665039, 15.603809356689453, 16.103038787841797, 16.59065818786621, 17.078275680541992, 17.565895080566406, 18.04190444946289, 18.517913818359375, 18.99392318725586, 19.48154067993164, 19.957550048828125, 20.44516944885254, 20.897958755493164, 21.36235809326172, 21.815147399902344, 22.2795467376709, 22.685895919799805, 23.10385513305664, 23.521814346313477, 23.9746036529541, 24.439001083374023, 24.89179039001465, 25.344579696655273, 25.7973690032959, 26.261768341064453, 26.726167678833008, 27.167346954345703, 27.6085262298584, 28.061315536499023, 28.514102935791016, 28.95528221130371, 29.419681549072266, 29.89569091796875, 30.383310317993164, 30.85931968688965, 31.335329055786133, 31.811336517333984, 32.29895782470703, 32.76335525512695, 33.23936462402344, 33.71537399291992, 34.179771423339844, 34.64417266845703, 35.10857009887695, 35.57297134399414, 36.025760650634766, 36.45532989501953, 36.896507263183594, 37.337684631347656, 37.778865814208984, 38.22004318237305, 38.661224365234375, 39.10240173339844, 39.566802978515625], "rhythm.bpm_histogram": [0.0, 0.0, 0.0, 0.0, 0.0, 0.0, 0.0, 0.0, 0.0, 0.0, 0.0, 0.0, 0.0, 0.0, 0.0, 0.0, 0.0, 0.0, 0.0, 0.0, 0.0, 0.0, 0.0, 0.0, 0.0, 0.0, 0.0, 0.0, 0.0, 0.0, 0.0, 0.0, 0.0, 0.0, 0.0, 0.0, 0.0, 0.0, 0.0, 0.0, 0.0, 0.0, 0.0, 0.0, 0.0, 0.0, 0.0, 0.0, 0.0, 0.0, 0.0, 0.0, 0.0, 0.0, 0.0, 0.0, 0.0, 0.0, 0.0, 0.0, 0.0, 0.0, 0.0, 0.0, 0.0, 0.0, 0.0, 0.0, 0.0, 0.0, 0.0, 0.0, 0.0, 0.0, 0.0, 0.0, 0.0, 0.0, 0.0, 0.0, 0.0, 0.0, 0.0, 0.0, 0.0, 0.0, 0.0, 0.0, 0.0, 0.0, 0.0, 0.0, 0.0, 0.0, 0.0, 0.0, 0.0, 0.0, 0.0, 0.037974681705236435, 0.0, 0.037974681705236435, 0.0, 0.08860759437084198, 0.0, 0.025316456332802773, 0.0, 0.0, 0.012658228166401386, 0.0, 0.025316456332802773, 0.0, 0.025316456332802773, 0.0, 0.0, 0.012658228166401386, 0.0, 0.0, 0.0, 0.0, 0.06329113990068436, 0.0, 0.0, 0.1139240488409996, 0.0, 0.0, 0.1265822798013687, 0.0, 0.0, 0.15189872682094574, 0.0, 0.0, 0.0, 0.1139240488409996, 0.0, 0.0, 0.1139240488409996, 0.0, 0.0, 0.0, 0.012658228166401386, 0.0, 0.0, 0.0, 0.025316456332802773, 0.0, 0.0, 0.0, 0.012658228166401386, 0.0, 0.0, 0.0, 0.0, 0.0, 0.0, 0.0, 0.0, 0.0, 0.0, 0.0, 0.0, 0.0, 0.0, 0.0, 0.0, 0.0, 0.0, 0.0, 0.0, 0.0, 0.0, 0.0, 0.0, 0.0, 0.0, 0.0, 0.0, 0.0, 0.0, 0.0, 0.0, 0.0, 0.0, 0.0, 0.0, 0.0, 0.0, 0.0, 0.0, 0.0, 0.0, 0.0, 0.0, 0.0, 0.0, 0.0, 0.0, 0.0, 0.0, 0.0, 0.0, 0.0, 0.0, 0.0, 0.0, 0.0, 0.0, 0.0, 0.0, 0.0, 0.0, 0.0, 0.0, 0.0, 0.0, 0.0, 0.0, 0.0, 0.0, 0.0, 0.0, 0.0, 0.0, 0.0, 0.0, 0.0, 0.0, 0.0, 0.0, 0.0, 0.0, 0.0, 0.0, 0.0, 0.0, 0.0, 0.0, 0.0, 0.0, 0.0, 0.0, 0.0, 0.0, 0.0, 0.0, 0.0, 0.0, 0.0, 0.0, 0.0], "tonal.chords_histogram": [43.568946838378906, 6.836616516113281, 4.171494960784912, 0.0, 0.0, 0.0, 0.0, 26.41946792602539, 0.0, 12.16685962677002, 0.0, 0.0, 0.0, 0.0, 0.0, 0.0, 3.2444958686828613, 0.0, 0.0, 0.0, 0.0, 0.0, 0.0, 3.592120409011841], "tonal.thpcp": [1.0, 0.9575502872467041, 0.8343514800071716, 0.5939072966575623, 0.36547166109085083, 0.26420730352401733, 0.2027437537908554, 0.18363092839717865, 0.1658606231212616, 0.15134190022945404, 0.16037844121456146, 0.2071264386177063, 0.24420897662639618, 0.21861329674720764, 0.2010865956544876, 0.29151487350463867, 0.41172027587890625, 0.43524327874183655, 0.36012089252471924, 0.22817066311836243, 0.12442801147699356, 0.09591524302959442, 0.09293435513973236, 0.36162811517715454, 0.6025413274765015, 0.3060937225818634, 0.04066937789320946, 0.03803480416536331, 0.0442926399409771, 0.06564470380544662, 0.0718701034784317, 0.05166548117995262, 0.045048438012599945, 0.05871262028813362, 0.12971481680870056, 0.5884404182434082], "lowlevel.gfcc.cov": [[18649.109375, 621.6219482421875, 2334.983642578125, 1048.29931640625, -821.06396484375, -271.8943786621094, -967.5464477539062, -173.0935821533203, -977.7894897460938, -447.3527526855469, -798.7420043945312, -248.30238342285156, -938.96923828125], [621.6219482421875, 5926.66845703125, 2026.223388671875, -775.0808715820312, 1125.8350830078125, -597.07177734375, -408.29156494140625, -368.5218811035156, -386.955078125, -718.5558471679688, 133.5265350341797, -356.8006286621094, -76.01921844482422], [2334.983642578125, 2026.223388671875, 2373.409423828125, 434.5660095214844, 113.05347442626953, -192.65228271484375, -277.57879638671875, -383.5595397949219, -291.2579650878906, -281.7595520019531, -139.40945434570312, -0.3665974736213684, -132.85198974609375], [1048.29931640625, -775.0808715820312, 434.5660095214844, 1090.0609130859375, -103.3892822265625, -35.25600814819336, 44.303802490234375, -161.22073364257812, 6.397090911865234, 32.822227478027344, -98.65739440917969, 69.76282501220703, 41.65524673461914], [-821.06396484375, 1125.8350830078125, 113.05347442626953, -103.3892822265625, 609.5380859375, -38.49387741088867, -0.10090195387601852, 4.7842254638671875, -10.526143074035645, -156.28097534179688, 32.87805938720703, -138.0946502685547, 37.484432220458984], [-271.8943786621094, -597.07177734375, -192.65228271484375, -35.25600814819336, -38.49387741088867, 356.545166015625, 156.54478454589844, -4.846283912658691, 57.00834274291992, 85.28828430175781, -23.925912857055664, 12.191875457763672, -25.439023971557617], [-967.5464477539062, -408.29156494140625, -277.57879638671875, 44.303802490234375, -0.10090195387601852, 156.54478454589844, 354.9241638183594, 13.84636402130127, 18.88225555419922, 44.44853973388672, 50.98112869262695, 19.926321029663086, 51.58485794067383], [-173.0935821533203, -368.5218811035156, -383.5595397949219, -161.22073364257812, 4.7842254638671875, -4.846283912658691, 13.84636402130127, 290.8045349121094, 17.894790649414062, -1.506163477897644, -9.118600845336914, -34.113006591796875, -24.566295623779297], [-977.7894897460938, -386.955078125, -291.2579650878906, 6.397090911865234, -10.526143074035645, 57.00834274291992, 18.88225555419922, 17.894790649414062, 240.67640686035156, 104.40170288085938, 42.31922912597656, 48.79072952270508, 79.31224060058594], [-447.3527526855469, -718.5558471679688, -281.7595520019531, 32.822227478027344, -156.28097534179688, 85.28828430175781, 44.44853973388672, -1.506163477897644, 104.40170288085938, 249.9505615234375, 51.776222229003906, 35.199581146240234, 20.833498001098633], [-798.7420043945312, 133.5265350341797, -139.40945434570312, -98.65739440917969, 32.87805938720703, -23.925912857055664, 50.98112869262695, -9.118600845336914, 42.31922912597656, 51.776222229003906, 220.9071044921875, 23.82417106628418, 43.00684356689453], [-248.30238342285156, -356.8006286621094, -0.3665974736213684, 69.76282501220703, -138.0946502685547, 12.191875457763672, 19.926321029663086, -34.113006591796875, 48.79072952270508, 35.199581146240234, 23.82417106628418, 174.72689819335938, 52.165531158447266], [-938.96923828125, -76.01921844482422, -132.85198974609375, 41.65524673461914, 37.484432220458984, -25.439023971557617, 51.58485794067383, -24.566295623779297, 79.31224060058594, 20.833498001098633, 43.00684356689453, 52.165531158447266, 151.92843627929688]], "lowlevel.gfcc.icov": [[0.0001341378956567496, -6.997111631790176e-05, 5.229804082773626e-05, -0.0002055178483715281, 0.00024549494264647365, -0.00012280176451895386, 0.00028542804648168385, -4.142605030210689e-05, 0.0002962371800094843, 6.357632082654163e-05, 0.00018171760893892497, 2.5971308787120506e-05, 0.0004876223101746291], [-6.997111631790176e-05, 0.0015994389541447163, -0.001025376026518643, 0.00153957714792341, -0.0016839845338836312, 0.0017061997205018997, -0.00027263647643849254, 0.0017119793919846416, -0.0003978653985541314, 0.0017376652685925364, -0.0010752833914011717, 0.001398759544827044, -8.680210885358974e-05], [5.229804082773626e-05, -0.001025376026518643, 0.0015181656926870346, -0.001238565193489194, 0.000906033325009048, -0.0010066909017041326, 0.0006346514564938843, -0.00012894683459307998, 0.0007952968589961529, -0.0005622565513476729, 0.0007937552873045206, -0.0012652204604819417, 0.0007205069996416569], [-0.0002055178483715281, 0.00153957714792341, -0.001238565193489194, 0.0028503385838121176, -0.0017181466100737453, 0.0021302453242242336, -0.001104065333493054, 0.001997771207243204, -0.0009252915624529123, 0.001081033842638135, -0.00039232749259099364, 0.0010540754301473498, -0.0008019386441446841], [0.00024549494264647365, -0.0016839845338836312, 0.000906033325009048, -0.0017181466100737453, 0.004897682927548885, -0.002253749407827854, 0.0006578013999387622, -0.0017970831831917167, 4.487495971261524e-05, 0.0003217618796043098, 0.0004425866936799139, 0.0013018423924222589, -0.0008015173370949924], [-0.00012280176451895386, 0.0017061997205018997, -0.0010066909017041326, 0.0021302453242242336, -0.002253749407827854, 0.006583776790648699, -0.002814399776980281, 0.0026231249794363976, -0.0018322612158954144, 0.0005325969541445374, 0.0003657859633676708, 0.0007497430196963251, 0.0021910921204835176], [0.00028542804648168385, -0.00027263647643849254, 0.0006346514564938843, -0.001104065333493054, 0.0006578013999387622, -0.002814399776980281, 0.005274812690913677, -0.000491099723149091, 0.002128218300640583, 0.00037940466427244246, -0.0008511905325576663, 4.0186121623264626e-05, -0.0009545145439915359], [-4.142605030210689e-05, 0.0017119793919846416, -0.00012894683459307998, 0.001997771207243204, -0.0017970831831917167, 0.0026231249794363976, -0.000491099723149091, 0.0070076328702270985, -0.000753830827306956, 0.002565516857430339, -0.0003890592488460243, 0.0017021216917783022, 0.0016899651382118464], [0.0002962371800094843, -0.0003978653985541314, 0.0007952968589961529, -0.0009252915624529123, 4.487495971261524e-05, -0.0018322612158954144, 0.002128218300640583, -0.000753830827306956, 0.007941938005387783, -0.002324090339243412, 0.00023706934007350355, -0.0014368889387696981, -0.0019824926275759935], [6.357632082654163e-05, 0.0017376652685925364, -0.0005622565513476729, 0.001081033842638135, 0.0003217618796043098, 0.0005325969541445374, 0.00037940466427244246, 0.002565516857430339, -0.002324090339243412, 0.009413126856088638, -0.0028339584823697805, 0.0028674209024757147, 0.0005102761788293719], [0.00018171760893892497, -0.0010752833914011717, 0.0007937552873045206, -0.00039232749259099364, 0.0004425866936799139, 0.0003657859633676708, -0.0008511905325576663, -0.0003890592488460243, 0.00023706934007350355, -0.0028339584823697805, 0.00704876147210598, -0.0020510470494627953, 0.000538629712536931], [2.5971308787120506e-05, 0.001398759544827044, -0.0012652204604819417, 0.0010540754301473498, 0.0013018423924222589, 0.0007497430196963251, 4.0186121623264626e-05, 0.0017021216917783022, -0.0014368889387696981, 0.0028674209024757147, -0.0020510470494627953, 0.010541236959397793, -0.0031509301625192165], [0.0004876223101746291, -8.680210885358974e-05, 0.0007205069996416569, -0.0008019386441446841, -0.0008015173370949924, 0.0021910921204835176, -0.0009545145439915359, 0.0016899651382118464, -0.0019824926275759935, 0.0005102761788293719, 0.000538629712536931, -0.0031509301625192165, 0.013458560220897198]], "lowlevel.mfcc.cov": [[16764.607421875, -582.0541381835938, 1673.2117919921875, 926.7622680664062, -132.2324676513672, -233.50291442871094, -485.8546447753906, 88.4322738647461, -849.048828125, 386.52789306640625, -927.0560302734375, -116.72307586669922, -586.4686889648438], [-582.0541381835938, 6195.32861328125, 666.3273315429688, -133.0249786376953, 1061.0157470703125, -521.439697265625, 134.82760620117188, -113.5218734741211, -555.8182373046875, -451.8938293457031, -499.4894714355469, -220.85218811035156, -192.46246337890625], [1673.2117919921875, 666.3273315429688, 1762.898681640625, 670.1439208984375, 115.25125122070312, 253.08433532714844, -109.51473999023438, -98.93870544433594, -209.49461364746094, -255.57955932617188, -375.7997741699219, -4.811403274536133, -89.5113754272461], [926.7622680664062, -133.0249786376953, 670.1439208984375, 944.0479736328125, 149.77243041992188, 146.24082946777344, -40.56694030761719, -45.25149917602539, -37.332984924316406, -146.58993530273438, -226.49851989746094, -52.02720260620117, 34.2536506652832], [-132.2324676513672, 1061.0157470703125, 115.25125122070312, 149.77243041992188, 530.0828247070312, -71.5263442993164, -22.23180389404297, -0.17025166749954224, -66.83222198486328, -37.83963394165039, -119.09796905517578, -71.36993408203125, -21.82965850830078], [-233.50291442871094, -521.439697265625, 253.08433532714844, 146.24082946777344, -71.5263442993164, 519.640869140625, 38.5757942199707, -11.529494285583496, 73.79061889648438, -13.238215446472168, 45.21575164794922, -2.5818865299224854, 16.134239196777344], [-485.8546447753906, 134.82760620117188, -109.51473999023438, -40.56694030761719, -22.23180389404297, 38.5757942199707, 332.1634521484375, 57.17822265625, 9.91234016418457, 29.36948013305664, 58.69249725341797, 11.200645446777344, -3.1422791481018066], [88.4322738647461, -113.5218734741211, -98.93870544433594, -45.25149917602539, -0.17025166749954224, -11.529494285583496, 57.17822265625, 232.47705078125, 49.12935256958008, 9.026043891906738, -2.767940044403076, -14.656959533691406, 38.13288879394531], [-849.048828125, -555.8182373046875, -209.49461364746094, -37.332984924316406, -66.83222198486328, 73.79061889648438, 9.91234016418457, 49.12935256958008, 290.9879150390625, 26.913236618041992, 92.82682800292969, 2.9963881969451904, 45.12123107910156], [386.52789306640625, -451.8938293457031, -255.57955932617188, -146.58993530273438, -37.83963394165039, -13.238215446472168, 29.36948013305664, 9.026043891906738, 26.913236618041992, 256.6488952636719, 95.47592163085938, 16.594820022583008, -29.035749435424805], [-927.0560302734375, -499.4894714355469, -375.7997741699219, -226.49851989746094, -119.09796905517578, 45.21575164794922, 58.69249725341797, -2.767940044403076, 92.82682800292969, 95.47592163085938, 282.49200439453125, 53.600257873535156, 19.496068954467773], [-116.72307586669922, -220.85218811035156, -4.811403274536133, -52.02720260620117, -71.36993408203125, -2.5818865299224854, 11.200645446777344, -14.656959533691406, 2.9963881969451904, 16.594820022583008, 53.600257873535156, 121.74837493896484, 21.253328323364258], [-586.4686889648438, -192.46246337890625, -89.5113754272461, 34.2536506652832, -21.82965850830078, 16.134239196777344, -3.1422791481018066, 38.13288879394531, 45.12123107910156, -29.035749435424805, 19.496068954467773, 21.253328323364258, 157.5525665283203]], "lowlevel.mfcc.icov": [[0.00013929254782851785, 3.323951023048721e-05, -2.605337977001909e-05, -0.00011018273653462529, 0.00013618783850688487, 3.6083180020796135e-05, 0.0001708052441244945, -0.00023444941325578839, 0.000333151692757383, -0.00035979386302642524, 0.00039373344043269753, -2.6347186576458625e-05, 0.00043669543811120093], [3.323951023048721e-05, 0.0005416947533376515, -0.00015103832993190736, 0.0004829308018088341, -0.000874240999110043, 0.0003196028992533684, -0.0004693291266448796, 0.0002631073002703488, 0.0005345940589904785, 0.0007545427652075887, 0.00040081876795738935, 0.00044907283154316247, 0.00024352382752113044], [-2.605337977001909e-05, -0.00015103832993190736, 0.001359222806058824, -0.0006242026574909687, 0.00027551144012250006, -0.0007832725532352924, 0.0003136887971777469, 1.4709923561895266e-05, 0.00030705329845659435, 0.00047840442857705057, 0.001015038345940411, -0.0010470873676240444, 0.0007634027278982103], [-0.00011018273653462529, 0.0004829308018088341, -0.0006242026574909687, 0.002315231366083026, -0.0012381599517539144, 1.9258535758126527e-05, -0.0007819361053407192, 0.0008753365837037563, -0.0001487585250288248, 0.0011674551060423255, 0.000719935167580843, 0.0008946065208874643, -0.0010311842197552323], [0.00013618783850688487, -0.000874240999110043, 0.00027551144012250006, -0.0012381599517539144, 0.003941880073398352, -0.0002125153987435624, 0.001014061737805605, -0.000785976299084723, -0.00017188946367241442, -0.0017895166529342532, 0.0003585846279747784, 0.0001838842872530222, 0.0002933476644102484], [3.6083180020796135e-05, 0.0003196028992533684, -0.0007832725532352924, 1.9258535758126527e-05, -0.0002125153987435624, 0.002800009213387966, -0.0006023416062816978, 0.00025248705060221255, -0.00033987793722189963, 0.0001872143620857969, -0.0008839700021781027, 0.0010209656320512295, -0.00021026354806963354], [0.0001708052441244945, -0.0004693291266448796, 0.0003136887971777469, -0.0007819361053407192, 0.001014061737805605, -0.0006023416062816978, 0.004078050144016743, -0.001577477203682065, 0.0003590674896258861, -0.0012341560795903206, -0.00042889462201856077, -0.0008029137970879674, 0.0009071244276128709], [-0.00023444941325578839, 0.0002631073002703488, 1.4709923561895266e-05, 0.0008753365837037563, -0.000785976299084723, 0.00025248705060221255, -0.001577477203682065, 0.005701474379748106, -0.0011360631324350834, 0.0008675199933350086, 0.00044460222125053406, 0.0010651347693055868, -0.0019928812980651855], [0.000333151692757383, 0.0005345940589904785, 0.00030705329845659435, -0.0001487585250288248, -0.00017188946367241442, -0.00033987793722189963, 0.0003590674896258861, -0.0011360631324350834, 0.005689178127795458, -2.0592789951479062e-05, 0.00019854078709613532, 0.0006215928588062525, 0.0006515369168482721], [-0.00035979386302642524, 0.0007545427652075887, 0.00047840442857705057, 0.0011674551060423255, -0.0017895166529342532, 0.0001872143620857969, -0.0012341560795903206, 0.0008675199933350086, -2.0592789951479062e-05, 0.007321369368582964, -0.0013409032253548503, 0.00020403476082719862, 0.0005923020071350038], [0.00039373344043269753, 0.00040081876795738935, 0.001015038345940411, 0.000719935167580843, 0.0003585846279747784, -0.0008839700021781027, -0.00042889462201856077, 0.00044460222125053406, 0.00019854078709613532, -0.0013409032253548503, 0.008545628748834133, -0.002077720360830426, 0.001318290363997221], [-2.6347186576458625e-05, 0.00044907283154316247, -0.0010470873676240444, 0.0008946065208874643, 0.0001838842872530222, 0.0010209656320512295, -0.0008029137970879674, 0.0010651347693055868, 0.0006215928588062525, 0.00020403476082719862, -0.002077720360830426, 0.010904266498982906, -0.002046029781922698], [0.00043669543811120093, 0.00024352382752113044, 0.0007634027278982103, -0.0010311842197552323, 0.0002933476644102484, -0.00021026354806963354, 0.0009071244276128709, -0.0019928812980651855, 0.0006515369168482721, 0.0005923020071350038, 0.001318290363997221, -0.002046029781922698, 0.009526068344712257]], "metadata.audio_properties.analysis.downmix": "mix", "metadata.audio_properties.codec": "mp3", "metadata.audio_properties.md5_encoded": "d53a9b34387efaac926cb822acb2974b", "metadata.tags.file_name": "1182254147668557824.mp3", "metadata.version.essentia": "2.1-beta6-dev", "metadata.ver