{"song_id": "1182277303875686460", "download": "https://cdn.discordapp.com/attachments/1128313332273782784/1182277303875686460/chirp.mp4?ex=65841c8a&amp", "lyrics": "-", "style": ["sertanejo"], "essentia_features": {"lowlevel.average_loudness": 0.9779683947563171, "lowlevel.barkbands_crest.mean": 8.72789192199707, "lowlevel.barkbands_crest.stdev": 5.834481716156006, "lowlevel.barkbands_flatness_db.mean": 0.09891930967569351, "lowlevel.barkbands_flatness_db.stdev": 0.06740841269493103, "lowlevel.barkbands_kurtosis.mean": 11.555273056030273, "lowlevel.barkbands_kurtosis.stdev": 29.53232765197754, "lowlevel.barkbands_skewness.mean": 1.8484543561935425, "lowlevel.barkbands_skewness.stdev": 2.6850626468658447, "lowlevel.barkbands_spread.mean": 36.64544677734375, "lowlevel.barkbands_spread.stdev": 20.35943031311035, "lowlevel.dissonance.mean": 0.4741863012313843, "lowlevel.dissonance.stdev": 0.017262514680624008, "lowlevel.dynamic_complexity": 6.1430230140686035, "lowlevel.erbbands_crest.mean": 6.416088581085205, "lowlevel.erbbands_crest.stdev": 3.226081609725952, "lowlevel.erbbands_flatness_db.mean": 0.10949431359767914, "lowlevel.erbbands_flatness_db.stdev": 0.021704090759158134, "lowlevel.erbbands_kurtosis.mean": -0.14884164929389954, "lowlevel.erbbands_kurtosis.stdev": 1.2726030349731445, "lowlevel.erbbands_skewness.mean": 0.30679842829704285, "lowlevel.erbbands_skewness.stdev": 0.7341064810752869, "lowlevel.erbbands_spread.mean": 59.01438522338867, "lowlevel.erbbands_spread.stdev": 18.544456481933594, "lowlevel.hfc.mean": 24.090595245361328, "lowlevel.hfc.stdev": 36.34884262084961, "lowlevel.loudness_ebu128.integrated": -19.800642013549805, "lowlevel.loudness_ebu128.loudness_range": 1.0034332275390625, "lowlevel.loudness_ebu128.momentary.mean": -23.579437255859375, "lowlevel.loudness_ebu128.momentary.stdev": 13.143606185913086, "lowlevel.loudness_ebu128.short_term.mean": -19.97956657409668, "lowlevel.loudness_ebu128.short_term.stdev": 0.6006239652633667, "lowlevel.melbands_crest.mean": 13.49947738647461, "lowlevel.melbands_crest.stdev": 9.09930419921875, "lowlevel.melbands_flatness_db.mean": 0.1435214877128601, "lowlevel.melbands_flatness_db.stdev": 0.10153234750032425, "lowlevel.melbands_kurtosis.mean": 39.52349853515625, "lowlevel.melbands_kurtosis.stdev": 85.20751953125, "lowlevel.melbands_skewness.mean": 3.7291436195373535, "lowlevel.melbands_skewness.stdev": 3.7176384925842285, "lowlevel.melbands_spread.mean": 43.564971923828125, "lowlevel.melbands_spread.stdev": 39.262290954589844, "lowlevel.pitch_salience.mean": 0.5706161856651306, "lowlevel.pitch_salience.stdev": 0.1930999904870987, "lowlevel.silence_rate_20dB.mean": 0.9712722301483154, "lowlevel.silence_rate_20dB.stdev": 0.16704045236110687, "lowlevel.silence_rate_30dB.mean": 0.8221614360809326, "lowlevel.silence_rate_30dB.stdev": 0.382375568151474, "lowlevel.silence_rate_60dB.mean": 0.17920656502246857, "lowlevel.silence_rate_60dB.stdev": 0.3835253417491913, "lowlevel.spectral_centroid.mean": 1829.0213623046875, "lowlevel.spectral_centroid.stdev": 1428.3087158203125, "lowlevel.spectral_complexity.mean": 12.251709938049316, "lowlevel.spectral_complexity.stdev": 7.004162788391113, "lowlevel.spectral_decrease.mean": -1.3115217356585163e-08, "lowlevel.spectral_decrease.stdev": 3.113689928113672e-08, "lowlevel.spectral_energy.mean": 0.05168497934937477, "lowlevel.spectral_energy.stdev": 0.11934590339660645, "lowlevel.spectral_energyband_high.mean": 0.0021313223987817764, "lowlevel.spectral_energyband_high.stdev": 0.003981634508818388, "lowlevel.spectral_energyband_low.mean": 0.04378256946802139, "lowlevel.spectral_energyband_low.stdev": 0.11348262429237366, "lowlevel.spectral_energyband_middle_high.mean": 0.0019706906750798225, "lowlevel.spectral_energyband_middle_high.stdev": 0.0022786101326346397, "lowlevel.spectral_energyband_middle_low.mean": 0.0057412185706198215, "lowlevel.spectral_energyband_middle_low.stdev": 0.01372312381863594, "lowlevel.spectral_entropy.mean": 8.206417083740234, "lowlevel.spectral_entropy.stdev": 0.35861825942993164, "lowlevel.spectral_flux.mean": 0.1312527358531952, "lowlevel.spectral_flux.stdev": 0.18187260627746582, "lowlevel.spectral_kurtosis.mean": 1.4421415328979492, "lowlevel.spectral_kurtosis.stdev": 1.1580584049224854, "lowlevel.spectral_rms.mean": 0.004562671761959791, "lowlevel.spectral_rms.stdev": 0.0054411799646914005, "lowlevel.spectral_rolloff.mean": 4330.91357421875, "lowlevel.spectral_rolloff.stdev": 3988.5830078125, "lowlevel.spectral_skewness.mean": 1.1528161764144897, "lowlevel.spectral_skewness.stdev": 0.38366076350212097, "lowlevel.spectral_spread.mean": 8256902.0, "lowlevel.spectral_spread.stdev": 4156868.75, "lowlevel.spectral_strongpeak.mean": 0.5099788904190063, "lowlevel.spectral_strongpeak.stdev": 0.8225045204162598, "lowlevel.zerocrossingrate.mean": 0.14702074229717255, "lowlevel.zerocrossingrate.stdev": 0.08668769896030426, "metadata.audio_properties.analysis.equal_loudness": 0.0, "metadata.audio_properties.analysis.length": 16.938661575317383, "metadata.audio_properties.analysis.sample_rate": 44100.0, "metadata.audio_properties.analysis.start_time": 0.0, "metadata.audio_properties.bit_rate": 121833.0, "metadata.audio_properties.length": 16.93866729736328, "metadata.audio_properties.lossless": 0.0, "metadata.audio_properties.number_channels": 1.0, "metadata.audio_properties.replay_gain": -6.174272537231445, "metadata.audio_properties.sample_rate": 48000.0, "rhythm.beats_count": 33.0, "rhythm.beats_loudness.mean": 0.19458137452602386, "rhythm.beats_loudness.stdev": 0.07106874883174896, "rhythm.bpm": 120.73815155029297, "rhythm.bpm_histogram_first_peak_bpm": 120.0, "rhythm.bpm_histogram_first_peak_weight": 0.4375, "rhythm.bpm_histogram_second_peak_bpm": 0.0, "rhythm.bpm_histogram_second_peak_spread": 0.0, "rhythm.bpm_histogram_second_peak_weight": 0.0, "rhythm.danceability": 2.399820327758789, "rhythm.onset_rate": 7.020413875579834, "tonal.chords_changes_rate": 0.01092896144837141, "tonal.chords_number_rate": 0.008196720853447914, "tonal.chords_strength.mean": 0.5691198706626892, "tonal.chords_strength.stdev": 0.10971382260322571, "tonal.hpcp_crest.mean": 13.078082084655762, "tonal.hpcp_crest.stdev": 5.8435797691345215, "tonal.hpcp_entropy.mean": 1.9804373979568481, "tonal.hpcp_entropy.stdev": 0.6529701948165894, "tonal.key_edma.strength": 0.6272360682487488, "tonal.key_krumhansl.strength": 0.6278026700019836, "tonal.key_temperley.strength": 0.6246709823608398, "tonal.tuning_diatonic_strength": 0.5001519322395325, "tonal.tuning_equal_tempered_deviation": 0.19171860814094543, "tonal.tuning_frequency": 434.193115234375, "tonal.tuning_nontempered_energy_ratio": 0.9729422926902771, "lowlevel.barkbands.mean": [0.0021295160986483097, 0.02949180267751217, 0.01032788585871458, 0.002742957090958953, 0.0013348093489184976, 0.0006545956712216139, 0.0004668888868764043, 0.00016011693514883518, 0.00016044563381001353, 0.0006167239625938237, 0.0004960176884196699, 0.00021883727458771318, 0.00017853746248874813, 0.00011300706682959571, 0.00012130437244195491, 9.530878742225468e-05, 7.259285484906286e-05, 6.521136674564332e-05, 6.637694605160505e-05, 9.289014269597828e-05, 0.0002088344335788861, 0.000351350026903674, 0.0006221586372703314, 0.0004916713223792613, 0.0002261456538690254, 0.00015710407751612365, 2.192420288338326e-05], "lowlevel.barkbands.stdev": [0.005794181488454342, 0.07185450196266174, 0.04374395310878754, 0.010600975714623928, 0.0029965073335915804, 0.0006778565584681928, 0.0005453799967654049, 0.00021797913359478116, 0.0001810002140700817, 0.0008157994598150253, 0.0013813372934237123, 0.00031271367333829403, 0.00018912184168584645, 0.00010904916416620836, 0.00011547317990334705, 9.603646321920678e-05, 9.658322233008221e-05, 0.00010518872295506299, 0.00011614035611273721, 0.00018534342234488577, 0.0004338488797657192, 0.0008165327017195523, 0.0014273289125412703, 0.0009431119542568922, 0.0003784560249187052, 0.00024116864369716495, 4.342094689491205e-05], "lowlevel.erbbands.mean": [1.0062888860702515, 5.92733907699585, 12.201440811157227, 11.533820152282715, 5.498415946960449, 4.614356517791748, 2.6584060192108154, 7.096660137176514, 8.357619285583496, 4.852697849273682, 2.410109758377075, 4.5293192863464355, 13.288541793823242, 17.99384880065918, 22.353473663330078, 9.746861457824707, 8.591565132141113, 6.900144577026367, 6.200523376464844, 5.548707008361816, 4.910982131958008, 4.054223537445068, 3.555565118789673, 3.5673036575317383, 3.5204875469207764, 4.340511322021484, 6.674993515014648, 9.153261184692383, 12.596753120422363, 16.38846206665039, 17.124256134033203, 12.024164199829102, 7.138740062713623, 3.17799711227417, 1.2546502351760864, 0.6062342524528503, 0.27626848220825195, 0.08679337799549103, 0.002069388749077916, 0.00011138968693558127], "lowlevel.erbbands.stdev": [2.4818356037139893, 16.785799026489258, 49.649723052978516, 46.472869873046875, 17.976478576660156, 8.09366512298584, 4.25274658203125, 7.176270961761475, 8.802793502807617, 6.030238628387451, 3.2079784870147705, 4.44636869430542, 14.071245193481445, 30.255962371826172, 65.59090423583984, 13.48405933380127, 8.637760162353516, 6.337209224700928, 6.043325901031494, 4.758349895477295, 5.2255778312683105, 5.151418209075928, 5.5895304679870605, 5.451496124267578, 6.7881999015808105, 8.803306579589844, 13.716041564941406, 19.58700180053711, 30.216594696044922, 36.958396911621094, 38.65523147583008, 25.105016708374023, 13.359696388244629, 5.409172534942627, 2.2726831436157227, 1.0524479150772095, 0.4179683029651642, 0.13525013625621796, 0.003183193039149046, 0.00017099283286370337], "lowlevel.gfcc.mean": [-50.74354934692383, 19.31043243408203, -97.92344665527344, 4.122775554656982, -76.43708801269531, 21.062196731567383, -45.745296478271484, -0.02594633959233761, -27.68008804321289, 3.60911226272583, -17.140636444091797, 14.750640869140625, -8.878389358520508], "lowlevel.melbands.mean": [0.008536516688764095, 0.006740447599440813, 0.0017981617711484432, 0.00033208983950316906, 0.00012111035903217271, 0.00015044434985611588, 0.00012332122423686087, 4.893742152489722e-05, 1.6711892385501415e-05, 3.028774335689377e-05, 6.772648339392617e-05, 7.26671059965156e-05, 6.676425255136564e-05, 3.712792386068031e-05, 1.968974720512051e-05, 1.8455946701578796e-05, 1.199684902530862e-05, 9.506038622930646e-06, 8.344050002051517e-06, 7.495372756238794e-06, 5.239844995230669e-06, 4.365184850030346e-06, 3.360536311447504e-06, 3.0667970349895768e-06, 2.8759056931448868e-06, 2.376634029133129e-06, 2.811724016282824e-06, 2.810676505760057e-06, 3.900602223438909e-06, 4.789482773048803e-06, 5.389723810367286e-06, 7.1872295848152135e-06, 7.004103281360585e-06, 1.0256675523123704e-05, 9.908775609801523e-06, 8.89899911271641e-06, 6.9876723500783555e-06, 5.477122158481507e-06, 3.849856057058787e-06, 2.2763108518120134e-06], "lowlevel.melbands.stdev": [0.020041171461343765, 0.023893306031823158, 0.007060186006128788, 0.0008156297844834626, 0.00018476886907592416, 0.0001505259715486318, 0.0001302922610193491, 6.319093517959118e-05, 2.3610224161529914e-05, 3.0494049497065134e-05, 7.242827996378765e-05, 0.00012774430797435343, 0.00019042716303374618, 7.619781536050141e-05, 2.5466741135460325e-05, 1.8181999621447176e-05, 1.1686594916682225e-05, 9.555948054185137e-06, 7.944800927361939e-06, 7.175605333031854e-06, 6.172821940708673e-06, 5.56206487090094e-06, 4.9732493607734796e-06, 4.975642241333844e-06, 4.441959390533157e-06, 4.503403943090234e-06, 5.6829157983884215e-06, 5.96787094764295e-06, 8.137045369949192e-06, 9.947175385605078e-06, 1.24310336104827e-05, 1.880553645605687e-05, 1.568670995766297e-05, 2.3632026568520814e-05, 2.255000981676858e-05, 2.0994944861740805e-05, 1.4135550372884609e-05, 1.0595618732622825e-05, 6.892168585181935e-06, 4.240775979269529e-06], "lowlevel.melbands128.mean": [0.001987236784771085, 0.00838148221373558, 0.011049657128751278, 0.009403291158378124, 0.006958239246159792, 0.004711643327027559, 0.0025259535759687424, 0.001022215699777007, 0.00045564628089778125, 0.00030721977236680686, 0.00025666001602075994, 0.00017789109551813453, 6.0329792177071795e-05, 6.729880988132209e-05, 0.00018312987231183797, 0.00018545908096712083, 0.00014081205881666392, 0.00013111234875395894, 7.794458360876888e-05, 4.3076841393485665e-05, 4.704391903942451e-05, 1.7821237634052522e-05, 1.5178005924099125e-05, 9.078980838239659e-06, 2.7221089112572372e-05, 3.720613312907517e-05, 3.913257023668848e-05, 9.222514927387238e-05, 4.862973582930863e-05, 0.0001194611395476386, 5.932143540121615e-05, 3.2310239475918934e-05, 5.864080958417617e-05, 0.00012210221029818058, 2.9580725822597742e-05, 1.984200753213372e-05, 2.53661819442641e-05, 1.8947279386338778e-05, 1.8224583982373588e-05, 1.8396889572613873e-05, 2.2110729332780465e-05, 1.0545683835516684e-05, 1.3117213711666409e-05, 1.2680910003837198e-05, 7.348039616772439e-06, 9.682585186965298e-06, 1.0866652701224666e-05, 9.520569619780872e-06, 6.413214123313082e-06, 6.459209998865845e-06, 9.125457836489659e-06, 6.813111212977674e-06, 5.226206667430233e-06, 4.595161954057403e-06, 4.79357458971208e-06, 4.632704985851888e-06, 3.624784767453093e-06, 3.6060848742636153e-06, 3.0803089430264663e-06, 3.3780165722419042e-06, 2.7944715839112177e-06, 3.097984290434397e-06, 3.2803320664243074e-06, 2.762908934528241e-06, 2.3565239644085523e-06, 2.3006646188150626e-06, 2.354703156015603e-06, 2.659382971614832e-06, 3.067576926696347e-06, 2.8956756068510003e-06, 2.2289655134954955e-06, 3.2915354495344218e-06, 3.441707349338685e-06, 4.284157512302045e-06, 3.773326625378104e-06, 4.7143821575446054e-06, 5.760608928540023e-06, 4.262119546183385e-06, 6.256723281694576e-06, 4.543975137494272e-06, 7.959209142427426e-06, 8.233861990447622e-06, 5.7175820984411985e-06, 6.958192443562439e-06, 7.878978976805229e-06, 8.84712517290609e-06, 1.2254329703864641e-05, 1.063832314684987e-05, 8.925960173655767e-06, 9.934189620253164e-06, 1.0899343578785192e-05, 7.759849722788204e-06, 7.124539479264058e-06, 6.6958887146029156e-06, 7.146049028960988e-06, 7.346061011048732e-06, 4.451001586858183e-06, 3.720818085639621e-06, 4.614261797541985e-06, 3.7712461562477984e-06, 2.054672677331837e-06, 2.3717263957223622e-06, 1.8985138012794778e-06, 1.4603666613766109e-06, 1.2317807431827532e-06, 1.2699030094154296e-06, 1.2611541251317249e-06, 1.2396328656905098e-06, 1.1592085229494842e-06, 7.358331686191377e-07, 8.009286034393881e-07, 7.834979101062345e-07, 8.718430990484194e-07, 1.0102669421030441e-06, 8.813184422251652e-07, 1.1373909956091666e-06, 8.11619258911378e-07, 1.5310641288124316e-07, 1.584526065911973e-09, 1.8570587775879055e-11, 1.6302343155971677e-11, 9.2864006415172e-12, 8.006493038004159e-12, 7.837027901635985e-12, 7.602017106089765e-12, 7.302670620989993e-12, 7.13122573145486e-12, 7.073872303892115e-12], "lowlevel.melbands128.stdev": [0.005501927807927132, 0.02254081889986992, 0.02753538265824318, 0.029927635565400124, 0.028189651668071747, 0.019893014803528786, 0.010332037694752216, 0.003826302941888571, 0.0015991921536624432, 0.0007784434710629284, 0.0003929430095013231, 0.00029425209504552186, 0.00012107225484214723, 0.00011298143363092095, 0.00022296539100352675, 0.00021733168978244066, 0.00018312671454623342, 0.00018398126121610403, 9.636169124860317e-05, 6.73983377055265e-05, 7.683768490096554e-05, 2.9345907023525797e-05, 3.0009849069756456e-05, 1.6896852685022168e-05, 3.073168409173377e-05, 4.4110922317486256e-05, 5.9414684073999524e-05, 0.0001064368334482424, 7.10414897184819e-05, 0.00022581388475373387, 0.00012166766100563109, 8.89947114046663e-05, 0.00018287234706804156, 0.00042890215991064906, 5.869404776603915e-05, 3.9480750274378806e-05, 3.866477345582098e-05, 3.07267255266197e-05, 3.225458203814924e-05, 1.963159411388915e-05, 2.5417806682526134e-05, 1.6953519661910832e-05, 1.5910067304503173e-05, 1.321107083640527e-05, 1.0302839655196294e-05, 1.2934722690260969e-05, 1.3608780136564746e-05, 1.1845842891489156e-05, 7.043860478006536e-06, 7.1876702349982224e-06, 1.0576261956884991e-05, 9.253513781004585e-06, 5.956771019555163e-06, 7.542937055404764e-06, 7.690113307035062e-06, 5.810075435874751e-06, 7.416565495077521e-06, 5.44653448741883e-06, 5.471836630022153e-06, 7.244172593345866e-06, 4.930017439619405e-06, 5.454534402815625e-06, 5.73120269109495e-06, 4.948461537424009e-06, 4.156089289608644e-06, 4.660912964027375e-06, 5.462831268232549e-06, 5.975013664283324e-06, 6.649132956226822e-06, 6.335876150842523e-06, 5.527588655240834e-06, 8.360752872249577e-06, 7.5331167863623705e-06, 9.435925676370971e-06, 8.912355951906648e-06, 1.048925332725048e-05, 1.2895149666292127e-05, 9.440294888918288e-06, 1.747166970744729e-05, 1.1639298463705927e-05, 2.3227123165270314e-05, 2.3491302272304893e-05, 1.285851340071531e-05, 1.6252037312369794e-05, 2.0463347027543932e-05, 2.1655017917510122e-05, 3.128887328784913e-05, 2.6700427042669617e-05, 2.231119833595585e-05, 2.40153258346254e-05, 2.6768806492327712e-05, 2.2915573936188594e-05, 1.6475249140057713e-05, 1.4278559319791384e-05, 1.5338433513534255e-05, 1.496871846029535e-05, 9.570127076585777e-06, 8.262046321760863e-06, 9.14804058993468e-06, 6.823669991717907e-06, 3.5031746392633067e-06, 5.939000857324572e-06, 3.409387318242807e-06, 3.164089321217034e-06, 2.8275351269257953e-06, 2.3782697553542675e-06, 2.4617718281660927e-06, 2.3346367470367113e-06, 2.3276872980204644e-06, 1.419404725311324e-06, 2.059942062260234e-06, 1.4753618415852543e-06, 1.3365953464017366e-06, 1.5285011158994166e-06, 1.3804666423311573e-06, 1.910913397296099e-06, 1.544201609249285e-06, 2.6181604084740684e-07, 3.206306686820426e-08, 1.6411653980252794e-10, 1.3615697458391196e-10, 3.1551272011709486e-11, 1.990670302209896e-11, 1.9549355190218165e-11, 1.9250457131136933e-11, 1.9005611320843663e-11, 1.8833790429995112e-11, 1.872844587746947e-11], "lowlevel.mfcc.mean": [-688.44482421875, 68.54228210449219, 18.911174774169922, -11.660736083984375, -5.233775615692139, 6.217367172241211, -8.073511123657227, -0.42728376388549805, -7.736942768096924, -7.161120891571045, -10.238164901733398, -3.131500244140625, -1.2229689359664917], "lowlevel.spectral_contrast_coeffs.mean": [-0.6583839654922485, -0.7499459981918335, -0.7893967032432556, -0.8387901782989502, -0.8403337001800537, -0.7845231294631958], "lowlevel.spectral_contrast_coeffs.stdev": [0.1014251708984375, 0.0611305832862854, 0.05515218898653984, 0.03443175181746483, 0.03138640522956848, 0.046547919511795044], "lowlevel.spectral_contrast_valleys.mean": [-8.650107383728027, -7.816788196563721, -7.8526387214660645, -8.177949905395508, -8.301280975341797, -9.926398277282715], "lowlevel.spectral_contrast_valleys.stdev": [2.9997665882110596, 2.7838315963745117, 2.770085334777832, 2.7076919078826904, 2.6841158866882324, 2.5050926208496094], "rhythm.beats_loudness_band_ratio.mean": [0.905456006526947, 0.012230942025780678, 0.014262588694691658, 0.017830420285463333, 0.007057595532387495, 0.047156140208244324], "rhythm.beats_loudness_band_ratio.stdev": [0.1955297738313675, 0.018286781385540962, 0.03531959652900696, 0.033062420785427094, 0.017482465133070946, 0.10609088093042374], "tonal.hpcp.mean": [0.31616589426994324, 0.32782238721847534, 0.10436856746673584, 0.19376881420612335, 0.26051443815231323, 0.1153762936592102, 0.048826348036527634, 0.044112399220466614, 0.034389935433864594, 0.22820861637592316, 0.2830508053302765, 0.10119019448757172, 0.05721404403448105, 0.0396924763917923, 0.021017897874116898, 0.06358546763658524, 0.07972055673599243, 0.05992143228650093, 0.055490948259830475, 0.04474620521068573, 0.03473639115691185, 0.04622125253081322, 0.04604543745517731, 0.04921042174100876, 0.26852181553840637, 0.3241903483867645, 0.12504705786705017, 0.07125066965818405, 0.07255636155605316, 0.0682554543018341, 0.37038445472717285, 0.43596211075782776, 0.12718473374843597, 0.052839502692222595, 0.04740828275680542, 0.08629047125577927], "tonal.hpcp.stdev": [0.33566662669181824, 0.3468432128429413, 0.17269980907440186, 0.24352668225765228, 0.3469231426715851, 0.16696731746196747, 0.10517877340316772, 0.09781144559383392, 0.08195798844099045, 0.2935798764228821, 0.36372116208076477, 0.14283901453018188, 0.1494888961315155, 0.09617426991462708, 0.03160424157977104, 0.10187336057424545, 0.13640718162059784, 0.1128968670964241, 0.10540280491113663, 0.13059410452842712, 0.10970363765954971, 0.10133524984121323, 0.10862071812152863, 0.12135511636734009, 0.2873691916465759, 0.3258756399154663, 0.18988247215747833, 0.19160275161266327, 0.20476172864437103, 0.17060115933418274, 0.3571295738220215, 0.40761545300483704, 0.1621256321668625, 0.1301077902317047, 0.1253426969051361, 0.14942920207977295], "rhythm.beats_position": [0.5108389854431152, 1.0216779708862305, 1.5092970132827759, 2.008526086807251, 2.5077550411224365, 3.0185940265655518, 3.5062131881713867, 3.9938321113586426, 4.493061065673828, 4.992290019989014, 5.491518974304199, 5.990748405456543, 6.478367328643799, 6.989206314086914, 7.47682523727417, 7.964444160461426, 8.46367359161377, 8.962902069091797, 9.450521469116211, 9.949749946594238, 10.448979377746582, 10.959818840026855, 11.447437286376953, 11.935056686401367, 12.434285163879395, 12.933514595031738, 13.432743072509766, 13.93197250366211, 14.419591903686523, 14.91882038116455, 15.418049812316895, 15.917278289794922, 16.416507720947266], "rhythm.bpm_histogram": [0.0, 0.0, 0.0, 0.0, 0.0, 0.0, 0.0, 0.0, 0.0, 0.0, 0.0, 0.0, 0.0, 0.0, 0.0, 0.0, 0.0, 0.0, 0.0, 0.0, 0.0, 0.0, 0.0, 0.0, 0.0, 0.0, 0.0, 0.0, 0.0, 0.0, 0.0, 0.0, 0.0, 0.0, 0.0, 0.0, 0.0, 0.0, 0.0, 0.0, 0.0, 0.0, 0.0, 0.0, 0.0, 0.0, 0.0, 0.0, 0.0, 0.0, 0.0, 0.0, 0.0, 0.0, 0.0, 0.0, 0.0, 0.0, 0.0, 0.0, 0.0, 0.0, 0.0, 0.0, 0.0, 0.0, 0.0, 0.0, 0.0, 0.0, 0.0, 0.0, 0.0, 0.0, 0.0, 0.0, 0.0, 0.0, 0.0, 0.0, 0.0, 0.0, 0.0, 0.0, 0.0, 0.0, 0.0, 0.0, 0.0, 0.0, 0.0, 0.0, 0.0, 0.0, 0.0, 0.0, 0.0, 0.0, 0.0, 0.0, 0.0, 0.0, 0.0, 0.0, 0.0, 0.0, 0.0, 0.0, 0.0, 0.0, 0.0, 0.0, 0.0, 0.0, 0.0, 0.0, 0.0, 0.125, 0.0, 0.0, 0.5625, 0.0, 0.0, 0.3125, 0.0, 0.0, 0.0, 0.0, 0.0, 0.0, 0.0, 0.0, 0.0, 0.0, 0.0, 0.0, 0.0, 0.0, 0.0, 0.0, 0.0, 0.0, 0.0, 0.0, 0.0, 0.0, 0.0, 0.0, 0.0, 0.0, 0.0, 0.0, 0.0, 0.0, 0.0, 0.0, 0.0, 0.0, 0.0, 0.0, 0.0, 0.0, 0.0, 0.0, 0.0, 0.0, 0.0, 0.0, 0.0, 0.0, 0.0, 0.0, 0.0, 0.0, 0.0, 0.0, 0.0, 0.0, 0.0, 0.0, 0.0, 0.0, 0.0, 0.0, 0.0, 0.0, 0.0, 0.0, 0.0, 0.0, 0.0, 0.0, 0.0, 0.0, 0.0, 0.0, 0.0, 0.0, 0.0, 0.0, 0.0, 0.0, 0.0, 0.0, 0.0, 0.0, 0.0, 0.0, 0.0, 0.0, 0.0, 0.0, 0.0, 0.0, 0.0, 0.0, 0.0, 0.0, 0.0, 0.0, 0.0, 0.0, 0.0, 0.0, 0.0, 0.0, 0.0, 0.0, 0.0, 0.0, 0.0, 0.0, 0.0, 0.0, 0.0, 0.0, 0.0, 0.0, 0.0, 0.0, 0.0, 0.0, 0.0, 0.0, 0.0, 0.0, 0.0, 0.0, 0.0, 0.0], "tonal.chords_histogram": [53.005462646484375, 0.0, 1.9125683307647705, 0.0, 0.0, 0.0, 0.0, 0.0, 0.0, 0.0, 0.0, 0.0, 0.0, 0.0, 0.0, 0.0, 0.0, 0.0, 0.0, 0.0, 0.0, 45.081966400146484, 0.0, 0.0], "tonal.thpcp": [1.0, 0.29173344373703003, 0.12120205163955688, 0.10874404013156891, 0.19793112576007843, 0.7252141833305359, 0.7519515752792358, 0.23939825594425201, 0.44446250796318054, 0.5975621342658997, 0.264647513628006, 0.11199676990509033, 0.10118401795625687, 0.0788828507065773, 0.5234597325325012, 0.6492555141448975, 0.23210777342319489, 0.131236270070076, 0.09104570001363754, 0.04821037873625755, 0.14585089683532715, 0.18286120891571045, 0.13744641840457916, 0.12728387117385864, 0.10263782739639282, 0.07967754453420639, 0.10602126270532608, 0.10561797767877579, 0.1128777489066124, 0.6159292459487915, 0.7436204552650452, 0.2868300974369049, 0.16343316435813904, 0.16642813384532928, 0.15656282007694244, 0.8495794534683228], "lowlevel.gfcc.cov": [[45264.65625, 2507.10986328125, -1041.5052490234375, 1342.9256591796875, -999.9229736328125, 1045.8468017578125, -648.659912109375, -157.1371307373047, -509.06280517578125, -234.3053741455078, -334.1827392578125, 194.43206787109375, -233.0577850341797], [2507.10986328125, 1140.98095703125, 442.5666809082031, 374.5579528808594, 497.6982421875, 269.6480712890625, 254.88043212890625, 190.22911071777344, 130.10848999023438, 57.66197204589844, 39.04710388183594, 7.896694183349609, 17.791908264160156], [-1041.5052490234375, 442.5666809082031, 827.4574584960938, 454.7167053222656, 578.6677856445312, 329.7546081542969, 432.5600891113281, 233.19915771484375, 198.1780548095703, 58.8026008605957, 85.17048645019531, 2.288743019104004, 26.597583770751953], [1342.9256591796875, 374.5579528808594, 454.7167053222656, 603.314208984375, 357.9622497558594, 305.8624572753906, 298.37445068359375, 162.4796600341797, 165.0990753173828, 50.73192596435547, 70.98875427246094, -4.921875953674316, 1.4577540159225464], [-999.9229736328125, 497.6982421875, 578.6677856445312, 357.9622497558594, 557.11181640625, 253.5659637451172, 357.50592041015625, 207.42991638183594, 176.86911010742188, 68.82087707519531, 77.62752532958984, 10.31668758392334, 34.76123809814453], [1045.8468017578125, 269.6480712890625, 329.7546081542969, 305.8624572753906, 253.5659637451172, 287.5123596191406, 234.04165649414062, 147.3641815185547, 110.74744415283203, 44.543357849121094, 53.4367790222168, 32.49187469482422, 20.089872360229492], [-648.659912109375, 254.88043212890625, 432.5600891113281, 298.37445068359375, 357.50592041015625, 234.04165649414062, 332.6136474609375, 184.8817138671875, 165.08047485351562, 62.27130889892578, 84.54110717773438, 34.96995544433594, 45.75028991699219], [-157.1371307373047, 190.22911071777344, 233.19915771484375, 162.4796600341797, 207.42991638183594, 147.3641815185547, 184.8817138671875, 171.35621643066406, 117.39469146728516, 77.95816802978516, 53.35042953491211, 40.912635803222656, 37.19597244262695], [-509.06280517578125, 130.10848999023438, 198.1780548095703, 165.0990753173828, 176.86911010742188, 110.74744415283203, 165.08047485351562, 117.39469146728516, 160.95396423339844, 79.6298599243164, 83.01018524169922, 34.57858657836914, 46.844478607177734], [-234.3053741455078, 57.66197204589844, 58.8026008605957, 50.73192596435547, 68.82087707519531, 44.543357849121094, 62.27130889892578, 77.95816802978516, 79.6298599243164, 95.37860870361328, 60.23550796508789, 43.796607971191406, 38.444637298583984], [-334.1827392578125, 39.04710388183594, 85.17048645019531, 70.98875427246094, 77.62752532958984, 53.4367790222168, 84.54110717773438, 53.35042953491211, 83.01018524169922, 60.23550796508789, 91.77228546142578, 46.735939025878906, 45.17434310913086], [194.43206787109375, 7.896694183349609, 2.288743019104004, -4.921875953674316, 10.31668758392334, 32.49187469482422, 34.96995544433594, 40.912635803222656, 34.57858657836914, 43.796607971191406, 46.735939025878906, 73.21844482421875, 50.552398681640625], [-233.0577850341797, 17.791908264160156, 26.597583770751953, 1.4577540159225464, 34.76123809814453, 20.089872360229492, 45.75028991699219, 37.19597244262695, 46.844478607177734, 38.444637298583984, 45.17434310913086, 50.552398681640625, 65.91471862792969]], "lowlevel.gfcc.icov": [[8.57790801092051e-05, -0.00030744000105187297, 6.728288281010464e-05, -0.00033046180033124983, 0.0005091858329251409, -0.0005133132799528539, 0.00030252497526817024, 2.192280771851074e-05, 0.0001330068480456248, 0.0001544817496323958, 0.00023033635807223618, -0.0006536351284012198, 0.0001908210979308933], [-0.00030744000105187297, 0.0028934015426784754, 0.0002597652783151716, 0.0008055685902945697, -0.004381527192890644, 0.0008710233960300684, 0.0010421762708574533, -0.0009412509971298277, -0.0004671161586884409, -9.194243466481566e-05, -0.0005251698894426227, 0.0021266601979732513, -0.0010231626220047474], [6.728288281010464e-05, 0.0002597652783151716, 0.006008971482515335, -0.0006173974834382534, -0.0038186311721801758, -0.0017288286471739411, -0.0025722309947013855, -4.834312858292833e-05, 0.000653577852062881, 0.0008199510630220175, -0.00029162815189920366, 0.001206864370033145, 0.0004416423325892538], [-0.00033046180033124983, 0.0008055685902945697, -0.0006173974834382534, 0.006106480490416288, -0.0018740626983344555, -0.0017890281742438674, -0.0021464256569743156, 0.001450184965506196, -0.00263806851580739, -0.00102371780667454, -0.0018067499622702599, 0.004885997157543898, 0.0008961602579802275], [0.0005091858329251409, -0.004381527192890644, -0.0038186311721801758, -0.0018740626983344555, 0.015306374989449978, -0.0007810528040863574, -0.005528008099645376, -0.0001870378473540768, 0.0014150949427857995, -0.0014463950647041202, 0.0014088740572333336, -0.000723959063179791, 0.00010136010678252205], [-0.0005133132799528539, 0.0008710233960300684, -0.0017288286471739411, -0.0017890281742438674, -0.0007810528040863574, 0.016486311331391335, -0.007024987135082483, -0.003584220539778471, 0.0009000598802231252, 0.0004770875384565443, -0.0006479162257164717, -0.002734205685555935, 0.0025958328042179346], [0.00030252497526817024, 0.0010421762708574533, -0.0025722309947013855, -0.0021464256569743156, -0.005528008099645376, -0.007024987135082483, 0.027591371908783913, -0.010831213556230068, -0.0054526543244719505, 0.011366256512701511, -0.005136847961694002, -0.003114864230155945, -0.0029532688204199076], [2.192280771851074e-05, -0.0009412509971298277, -4.834312858292833e-05, 0.001450184965506196, -0.0001870378473540768, -0.003584220539778471, -0.010831213556230068, 0.02908635511994362, -0.006109107285737991, -0.015969321131706238, 0.012942645698785782, -0.007118577137589455, 0.0028593025635927916], [0.0001330068480456248, -0.0004671161586884409, 0.000653577852062881, -0.00263806851580739, 0.0014150949427857995, 0.0009000598802231252, -0.0054526543244719505, -0.006109107285737991, 0.02628106251358986, -0.007584945298731327, -0.010882495902478695, 0.008764352649450302, -0.006914666388183832], [0.0001544817496323958, -9.194243466481566e-05, 0.0008199510630220175, -0.00102371780667454, -0.0014463950647041202, 0.0004770875384565443, 0.011366256512701511, -0.015969321131706238, -0.007584945298731327, 0.034157730638980865, -0.012235897593200207, -0.0067734187468886375, 0.0010512651642784476], [0.00023033635807223618, -0.0005251698894426227, -0.00029162815189920366, -0.0018067499622702599, 0.0014088740572333336, -0.0006479162257164717, -0.005136847961694002, 0.012942645698785782, -0.010882495902478695, -0.012235897593200207, 0.036354538053274155, -0.014835766516625881, -0.0018366632284596562], [-0.0006536351284012198, 0.0021266601979732513, 0.001206864370033145, 0.004885997157543898, -0.000723959063179791, -0.002734205685555935, -0.003114864230155945, -0.007118577137589455, 0.008764352649450302, -0.0067734187468886375, -0.014835766516625881, 0.04988148808479309, -0.026452412828803062], [0.0001908210979308933, -0.0010231626220047474, 0.0004416423325892538, 0.0008961602579802275, 0.00010136010678252205, 0.0025958328042179346, -0.0029532688204199076, 0.0028593025635927916, -0.006914666388183832, 0.0010512651642784476, -0.0018366632284596562, -0.026452412828803062, 0.04136268422007561]], "lowlevel.mfcc.cov": [[24001.0703125, 1792.817138671875, 1146.851318359375, 257.25146484375, 338.5489807128906, 714.5165405273438, 86.81069946289062, 286.974853515625, -97.582275390625, -136.20449829101562, -226.30950927734375, -17.671669006347656, 1.5945268869400024], [1792.817138671875, 1007.6707153320312, 174.83529663085938, 181.4136505126953, 265.0970153808594, 168.5939483642578, 186.40423583984375, 156.58714294433594, 164.69378662109375, 73.11408233642578, 67.81604766845703, 82.02373504638672, 66.50355529785156], [1146.851318359375, 174.83529663085938, 374.5025634765625, 235.88238525390625, 189.08863830566406, 228.7933807373047, 199.77960205078125, 205.9415740966797, 142.39874267578125, 111.89241027832031, 88.44178009033203, 85.59113311767578, 67.37982940673828], [257.25146484375, 181.4136505126953, 235.88238525390625, 371.87060546875, 224.93739318847656, 212.10165405273438, 200.43873596191406, 188.29531860351562, 162.89752197265625, 137.04534912109375, 113.5013198852539, 106.9949951171875, 72.1810073852539], [338.5489807128906, 265.0970153808594, 189.08863830566406, 224.93739318847656, 227.26048278808594, 178.80538940429688, 172.9271697998047, 154.79502868652344, 137.40296936035156, 101.54009246826172, 89.94461822509766, 84.61299896240234, 59.000247955322266], [714.5165405273438, 168.5939483642578, 228.7933807373047, 212.10165405273438, 178.80538940429688, 225.90618896484375, 179.20111083984375, 173.17385864257812, 126.62725067138672, 94.80933380126953, 74.92047119140625, 85.12422180175781, 58.76479721069336], [86.81069946289062, 186.40423583984375, 199.77960205078125, 200.43873596191406, 172.9271697998047, 179.20111083984375, 221.1133575439453, 184.16683959960938, 145.3868408203125, 97.48477172851562, 82.70877838134766, 85.9548110961914, 68.05626678466797], [286.974853515625, 156.58714294433594, 205.9415740966797, 188.29531860351562, 154.79502868652344, 173.17385864257812, 184.16683959960938, 206.02993774414062, 148.24285888671875, 102.44033813476562, 78.37572479248047, 83.29464721679688, 65.1251220703125], [-97.582275390625, 164.69378662109375, 142.39874267578125, 162.89752197265625, 137.40296936035156, 126.62725067138672, 145.3868408203125, 148.24285888671875, 163.0856475830078, 102.58829498291016, 83.15194702148438, 79.34379577636719, 61.99873733520508], [-136.20449829101562, 73.11408233642578, 111.89241027832031, 137.04534912109375, 101.54009246826172, 94.80933380126953, 97.48477172851562, 102.44033813476562, 102.58829498291016, 110.98477935791016, 78.95622253417969, 67.16236877441406, 49.9387092590332], [-226.30950927734375, 67.81604766845703, 88.44178009033203, 113.5013198852539, 89.94461822509766, 74.92047119140625, 82.70877838134766, 78.37572479248047, 83.15194702148438, 78.95622253417969, 94.91829681396484, 65.59858703613281, 46.498634338378906], [-17.671669006347656, 82.02373504638672, 85.59113311767578, 106.9949951171875, 84.61299896240234, 85.12422180175781, 85.9548110961914, 83.29464721679688, 79.34379577636719, 67.16236877441406, 65.59858703613281, 87.02698516845703, 56.64496612548828], [1.5945268869400024, 66.50355529785156, 67.37982940673828, 72.1810073852539, 59.000247955322266, 58.76479721069336, 68.05626678466797, 65.1251220703125, 61.99873733520508, 49.9387092590332, 46.498634338378906, 56.64496612548828, 72.19369506835938]], "lowlevel.mfcc.icov": [[9.196506289299577e-05, -0.0002117509866366163, -0.000379435921786353, -2.100279562000651e-05, 0.0001979337102966383, -0.0004939593491144478, 0.0005351472645998001, -0.00012901904119644314, 0.0002987311454489827, 0.0001261433499166742, 0.0002851506578736007, -2.4640319679747336e-05, -8.774082380114123e-05], [-0.0002117509866366163, 0.0021452519576996565, 0.0007892020512372255, 0.0006656598998233676, -0.003454065416008234, 0.0017278541345149279, -0.0012477044947445393, 0.0005807558191008866, -0.0019356664270162582, 0.0007975916378200054, 0.00021056632976979017, -0.00022388389334082603, -0.00015428589540533721], [-0.000379435921786353, 0.0007892020512372255, 0.009638296440243721, -0.0005432245088741183, -0.0005758625920861959, -0.003527821972966194, -0.0021310686133801937, -0.0035348632372915745, 0.0005164284957572818, -0.0013997538480907679, -0.0026776164304465055, 0.0029447218403220177, -0.0006923243054188788], [-2.100279562000651e-05, 0.0006656598998233676, -0.0005432245088741183, 0.008707004599273205, -0.005162472371011972, -0.0016678024549037218, -0.0009460717556066811, 0.0003952432598453015, -0.0004222073475830257, -0.0030737179331481457, -0.0005376648041419685, -0.001065821503289044, 0.0009720480884425342], [0.0001979337102966383, -0.003454065416008234, -0.0005758625920861959, -0.005162472371011972, 0.023738855496048927, -0.008753371424973011, -0.003260771045461297, 0.0023162984289228916, -0.0013436367735266685, -0.0008397763012908399, -0.004588078707456589, 0.0011133406078442931, 0.0014017815701663494], [-0.0004939593491144478, 0.0017278541345149279, -0.003527821972966194, -0.0016678024549037218, -0.008753371424973011, 0.02637661248445511, -0.007040828932076693, -0.004825851414352655, 0.001288337865844369, -0.00054941326379776, 0.0032126440200954676, -0.00676990719512105, 0.0025697213131934404], [0.0005351472645998001, -0.0012477044947445393, -0.0021310686133801937, -0.0009460717556066811, -0.003260771045461297, -0.007040828932076693, 0.026972951367497444, -0.012698105536401272, -0.0017319560283795, 0.004952270537614822, -0.0001526246196590364, 0.0003320566611364484, -0.003604387165978551], [-0.00012901904119644314, 0.0005807558191008866, -0.0035348632372915745, 0.0003952432598453015, 0.0023162984289228916, -0.004825851414352655, -0.012698105536401272, 0.03097490407526493, -0.011905454099178314, -0.0036468442995101213, 0.00349393836222589, -0.0009994213469326496, -0.00028405789635144174], [0.0002987311454489827, -0.0019356664270162582, 0.0005164284957572818, -0.0004222073475830257, -0.0013436367735266685, 0.001288337865844369, -0.0017319560283795, -0.011905454099178314, 0.029176663607358932, -0.009557188488543034, -0.0019457656890153885, -0.0014775351155549288, -0.001894359360449016], [0.0001261433499166742, 0.0007975916378200054, -0.0013997538480907679, -0.0030737179331481457, -0.0008397763012908399, -0.00054941326379776, 0.004952270537614822, -0.0036468442995101213, -0.009557188488543034, 0.03468221798539162, -0.013181892223656178, -0.0024476423859596252, -0.0019756327383220196], [0.0002851506578736007, 0.00021056632976979017, -0.0026776164304465055, -0.0005376648041419685, -0.004588078707456589, 0.0032126440200954676, -0.0001526246196590364, 0.00349393836222589, -0.0019457656890153885, -0.013181892223656178, 0.03513219580054283, -0.012623933143913746, -0.0009706572745926678], [-2.4640319679747336e-05, -0.00022388389334082603, 0.0029447218403220177, -0.001065821503289044, 0.0011133406078442931, -0.00676990719512105, 0.0003320566611364484, -0.0009994213469326496, -0.0014775351155549288, -0.0024476423859596252, -0.012623933143913746, 0.0396353043615818, -0.016292670741677284], [-8.774082380114123e-05, -0.00015428589540533721, -0.0006923243054188788, 0.0009720480884425342, 0.0014017815701663494, 0.0025697213131934404, -0.003604387165978551, -0.00028405789635144174, -0.001894359360449016, -0.0019756327383220196, -0.0009706572745926678, -0.016292670741677284, 0.030488979071378708]], "metadata.audio_properties.analysis.downmix": "mix", "metadata.audio_properties.codec": "mp3", "metadata.audio_properties.md5_encoded": "cf333a9327a8276843a5f362b8bcff41", "metadata.tags.file_name": "1182277303875686460.mp3", "metadata.version.essentia": "2.1-beta6-dev", "metadata.version.essentia_git_sha": "v2.1_beta5-1110-g77a6a954", "metadata.version.extractor": "music 2.0", "tonal.chords_key": "F", "tonal.chords_scale": "major", "tonal.key_edma.key": "F", "tonal.key_edma.scale": "major", "tonal.key_krumhansl.key": "F", "tonal.key_krumhansl.scale": "major", "tonal.key_temperley.key": "F", "tonal.key_temperley.scale": "major", "metadata.tags.encoding": ["Lavf58.45.100"]}, "essentia_models": [{"model_name": "genre_dortmund", "activations": {"alternative": "0.0058558225", "blues": "0.00075221143", "electronic": "0.8160862", "folkcountry": "0.00078379584", "funksoulrnb": "0.0071635013", "jazz": "0.036865063", "pop": "0.028545167", "raphiphop": "0.01586271", "rock": "0.000401647"}}, {"model_name": "genre_rosamerica", "activations": {"classic": "0.007364127", "dance": "0.17339382", "hip hop": "0.026321957", "jazz": "0.08600635", "pop": "0.051897384", "rhythm and blues": "0.033157185", "rock": "0.004008031", "speech": "0.01259092"}}, {"model_name": "genre_tzanetakis", "activations": {"blues": "0.00043658292", "classic": "0.0027550405", "country": "0.00021812246", "disco": "0.216151", "hip hop": "0.16037111", "jazz": "0.0014043755", "metal": "0.00044463458", "pop": "0.007964027", "reggae": "0.0092481505", "rock": "0.00042329048"}}, {"model_name": "genre_electronic", "activations": {"ambient": "0.046335667", "dnb": "0.15049866", "house": "0.3871909", "techno": "0.42343006", "trance": "0.0035157849"}}, {"model_name": "mood_acoustic", "activations": {"acoustic": "4.989398e-08", "not acoustic": "0.