{"song_id": "1182276096687869972", "download": "https://cdn.discordapp.com/attachments/1135903449314238464/1182276096687869972/chirp.mp4?ex=65841b6b&amp", "lyrics": "-", "style": ["Tense"], "essentia_features": {"lowlevel.average_loudness": 0.03035329282283783, "lowlevel.barkbands_crest.mean": 16.62000846862793, "lowlevel.barkbands_crest.stdev": 6.180519104003906, "lowlevel.barkbands_flatness_db.mean": 0.4007697105407715, "lowlevel.barkbands_flatness_db.stdev": 0.2543331980705261, "lowlevel.barkbands_kurtosis.mean": 88.02757263183594, "lowlevel.barkbands_kurtosis.stdev": 163.16116333007812, "lowlevel.barkbands_skewness.mean": 3.6771743297576904, "lowlevel.barkbands_skewness.stdev": 5.342118740081787, "lowlevel.barkbands_spread.mean": 26.868301391601562, "lowlevel.barkbands_spread.stdev": 41.08545684814453, "lowlevel.dissonance.mean": 0.4518950879573822, "lowlevel.dissonance.stdev": 0.05972616374492645, "lowlevel.dynamic_complexity": 36.99177932739258, "lowlevel.erbbands_crest.mean": 9.890867233276367, "lowlevel.erbbands_crest.stdev": 5.611844062805176, "lowlevel.erbbands_flatness_db.mean": 0.21244840323925018, "lowlevel.erbbands_flatness_db.stdev": 0.14959488809108734, "lowlevel.erbbands_kurtosis.mean": 20.6843318939209, "lowlevel.erbbands_kurtosis.stdev": 34.17564392089844, "lowlevel.erbbands_skewness.mean": 1.8488467931747437, "lowlevel.erbbands_skewness.stdev": 2.8070499897003174, "lowlevel.erbbands_spread.mean": 45.161746978759766, "lowlevel.erbbands_spread.stdev": 52.396751403808594, "lowlevel.hfc.mean": 4.166946887969971, "lowlevel.hfc.stdev": 9.027091979980469, "lowlevel.loudness_ebu128.integrated": -25.113332748413086, "lowlevel.loudness_ebu128.loudness_range": 20.06542205810547, "lowlevel.loudness_ebu128.momentary.mean": -61.559288024902344, "lowlevel.loudness_ebu128.momentary.stdev": 27.18904685974121, "lowlevel.loudness_ebu128.short_term.mean": -49.58545684814453, "lowlevel.loudness_ebu128.short_term.stdev": 18.41549301147461, "lowlevel.melbands_crest.mean": 26.006990432739258, "lowlevel.melbands_crest.stdev": 9.856714248657227, "lowlevel.melbands_flatness_db.mean": 0.5030081868171692, "lowlevel.melbands_flatness_db.stdev": 0.32660794258117676, "lowlevel.melbands_kurtosis.mean": 255.56027221679688, "lowlevel.melbands_kurtosis.stdev": 462.7478332519531, "lowlevel.melbands_skewness.mean": 7.254909038543701, "lowlevel.melbands_skewness.stdev": 8.586889266967773, "lowlevel.melbands_spread.mean": 39.03841781616211, "lowlevel.melbands_spread.stdev": 69.54042053222656, "lowlevel.pitch_salience.mean": 0.334722101688385, "lowlevel.pitch_salience.stdev": 0.20909301936626434, "lowlevel.silence_rate_20dB.mean": 0.9651567935943604, "lowlevel.silence_rate_20dB.stdev": 0.18338249623775482, "lowlevel.silence_rate_30dB.mean": 0.815330982208252, "lowlevel.silence_rate_30dB.stdev": 0.388029545545578, "lowlevel.silence_rate_60dB.mean": 0.6480836272239685, "lowlevel.silence_rate_60dB.stdev": 0.47756752371788025, "lowlevel.spectral_centroid.mean": 1290.9371337890625, "lowlevel.spectral_centroid.stdev": 1572.87939453125, "lowlevel.spectral_complexity.mean": 1.5609755516052246, "lowlevel.spectral_complexity.stdev": 3.118260622024536, "lowlevel.spectral_decrease.mean": -1.33000446211895e-08, "lowlevel.spectral_decrease.stdev": 2.5928535762886895e-08, "lowlevel.spectral_energy.mean": 0.05057533457875252, "lowlevel.spectral_energy.stdev": 0.09864713996648788, "lowlevel.spectral_energyband_high.mean": 7.249385589602753e-07, "lowlevel.spectral_energyband_high.stdev": 4.821627499040915e-06, "lowlevel.spectral_energyband_low.mean": 0.04669010266661644, "lowlevel.spectral_energyband_low.stdev": 0.09095592796802521, "lowlevel.spectral_energyband_middle_high.mean": 5.10292848048266e-05, "lowlevel.spectral_energyband_middle_high.stdev": 0.0002582839806564152, "lowlevel.spectral_energyband_middle_low.mean": 0.00491288211196661, "lowlevel.spectral_energyband_middle_low.stdev": 0.016254985705018044, "lowlevel.spectral_entropy.mean": 6.654078960418701, "lowlevel.spectral_entropy.stdev": 1.932834506034851, "lowlevel.spectral_flux.mean": 0.020292123779654503, "lowlevel.spectral_flux.stdev": 0.05940057709813118, "lowlevel.spectral_kurtosis.mean": 45.56542205810547, "lowlevel.spectral_kurtosis.stdev": 72.03334045410156, "lowlevel.spectral_rms.mean": 0.0038289891090244055, "lowlevel.spectral_rms.stdev": 0.0058890292420983315, "lowlevel.spectral_rolloff.mean": 3620.129638671875, "lowlevel.spectral_rolloff.stdev": 6244.9140625, "lowlevel.spectral_skewness.mean": 4.203586578369141, "lowlevel.spectral_skewness.stdev": 4.12772798538208, "lowlevel.spectral_spread.mean": 6590210.0, "lowlevel.spectral_spread.stdev": 4332275.0, "lowlevel.spectral_strongpeak.mean": 0.24500484764575958, "lowlevel.spectral_strongpeak.stdev": 0.5809109807014465, "lowlevel.zerocrossingrate.mean": 0.18571190536022186, "lowlevel.zerocrossingrate.stdev": 0.25318643450737, "metadata.audio_properties.analysis.equal_loudness": 0.0, "metadata.audio_properties.analysis.length": 6.634648323059082, "metadata.audio_properties.analysis.sample_rate": 44100.0, "metadata.audio_properties.analysis.start_time": 0.0, "metadata.audio_properties.bit_rate": 100374.0, "metadata.audio_properties.length": 6.634666442871094, "metadata.audio_properties.lossless": 0.0, "metadata.audio_properties.number_channels": 1.0, "metadata.audio_properties.replay_gain": 2.4061527252197266, "metadata.audio_properties.sample_rate": 48000.0, "rhythm.beats_count": 15.0, "rhythm.beats_loudness.mean": 0.05741411820054054, "rhythm.beats_loudness.stdev": 0.11026132851839066, "rhythm.bpm": 145.19532775878906, "rhythm.bpm_histogram_first_peak_bpm": 144.0, "rhythm.bpm_histogram_first_peak_weight": 0.40000003576278687, "rhythm.bpm_histogram_second_peak_bpm": 152.0, "rhythm.bpm_histogram_second_peak_spread": 0.0, "rhythm.bpm_histogram_second_peak_weight": 0.2857142984867096, "rhythm.danceability": 0.6614198684692383, "rhythm.onset_rate": 0.6012762188911438, "tonal.chords_changes_rate": 0.0763888880610466, "tonal.chords_number_rate": 0.02083333395421505, "tonal.chords_strength.mean": 0.41827505826950073, "tonal.chords_strength.stdev": 0.11684628576040268, "tonal.hpcp_crest.mean": 17.0848331451416, "tonal.hpcp_crest.stdev": 13.011713027954102, "tonal.hpcp_entropy.mean": 0.9656794667243958, "tonal.hpcp_entropy.stdev": 0.9795767664909363, "tonal.key_edma.strength": 0.5840100646018982, "tonal.key_krumhansl.strength": 0.5745847821235657, "tonal.key_temperley.strength": 0.5536023378372192, "tonal.tuning_diatonic_strength": 0.4845883250236511, "tonal.tuning_equal_tempered_deviation": 0.38016077876091003, "tonal.tuning_frequency": 434.193115234375, "tonal.tuning_nontempered_energy_ratio": 0.9852110743522644, "lowlevel.barkbands.mean": [0.004375278949737549, 0.03699098527431488, 0.004245823714882135, 0.0024958159774541855, 0.0018711603479459882, 0.0003279036609455943, 0.00014179176650941372, 4.219128823024221e-05, 3.133386780973524e-05, 1.5540437743766233e-05, 1.305171554122353e-05, 5.7084976106125396e-06, 6.381242656061659e-06, 3.593897645259858e-06, 2.981171292049112e-06, 2.2691340291203232e-06, 1.5497407730435953e-06, 7.009211913100444e-07, 4.4914278873875446e-07, 3.1665317123952264e-07, 2.091859272468355e-07, 1.2662893311699008e-07, 9.434013747977588e-08, 4.233848471812962e-08, 7.023492543112297e-08, 4.439992196125786e-08, 6.93480295410609e-09], "lowlevel.barkbands.stdev": [0.007411908823996782, 0.07305889576673508, 0.01239859126508236, 0.010052450001239777, 0.00628380523994565, 0.001261651748791337, 0.0005540754063986242, 0.0001359553134534508, 0.0001222190767293796, 7.827350054867566e-05, 7.158244261518121e-05, 2.2554884708370082e-05, 4.3679450755007565e-05, 2.014679012063425e-05, 1.4657804058515467e-05, 1.0841165021702182e-05, 8.125992280838545e-06, 4.047959919262212e-06, 2.825895535352174e-06, 1.8579503375804052e-06, 1.4358781754708616e-06, 8.376673008569924e-07, 7.371562560365419e-07, 2.262112843709474e-07, 7.610169063809735e-07, 4.2553426737867994e-07, 7.53663513819447e-08], "lowlevel.erbbands.mean": [1.196699619293213, 7.162951469421387, 9.0382080078125, 6.040394306182861, 5.414209365844727, 9.131339073181152, 4.560804843902588, 2.9479801654815674, 2.250133514404297, 1.1284650564193726, 1.0165338516235352, 0.7982558608055115, 0.49952709674835205, 0.6099883317947388, 0.40945491194725037, 0.2348637878894806, 0.3342169225215912, 0.20424899458885193, 0.1694622039794922, 0.143938347697258, 0.11004522442817688, 0.08423497527837753, 0.04294603317975998, 0.02919040620326996, 0.02051498182117939, 0.01413576491177082, 0.010991204530000687, 0.00638573057949543, 0.004487117752432823, 0.00328708253800869, 0.0025106766261160374, 0.0012580995680764318, 0.0006646488327533007, 0.000872264034114778, 0.0004584064590744674, 0.00013812379620503634, 0.00011389073188183829, 2.784478238027077e-05, 2.3042979591991752e-05, 5.465059803100303e-05], "lowlevel.erbbands.stdev": [2.175304412841797, 15.818330764770508, 22.910709381103516, 22.890901565551758, 19.48957061767578, 33.030540466308594, 14.333393096923828, 11.439596176147461, 8.672794342041016, 4.022261142730713, 3.3401272296905518, 3.2648708820343018, 2.0595486164093018, 3.321329116821289, 1.978167176246643, 1.0084425210952759, 2.3698666095733643, 1.107385277748108, 0.8609514236450195, 0.7440954446792603, 0.5231454968452454, 0.4388689398765564, 0.23975397646427155, 0.17247852683067322, 0.12969659268856049, 0.08382423967123032, 0.07775956392288208, 0.04148488491773605, 0.029351435601711273, 0.021858923137187958, 0.019176991656422615, 0.0067347511649131775, 0.0035546384751796722, 0.009499548003077507, 0.004230523947626352, 0.0007946061086840928, 0.001157189253717661, 0.0003290743043180555, 4.5182528992882e-05, 0.00010662995191523805], "lowlevel.gfcc.mean": [-547.6091918945312, 61.17354202270508, -1.2839261293411255, 45.64436721801758, -5.264751434326172, 22.946470260620117, -10.355259895324707, 8.52389907836914, -9.723482131958008, 3.9973251819610596, -7.725677967071533, 1.2540322542190552, -4.901417255401611], "lowlevel.melbands.mean": [0.01023902092128992, 0.006621312815696001, 0.0010490306885913014, 0.0004499012138694525, 0.00024952611420303583, 6.517330621136352e-05, 2.9218002964626066e-05, 1.0442911843711045e-05, 7.686176104471087e-06, 4.4839839574706275e-06, 2.3761931515764445e-06, 2.4668224796187133e-06, 1.628422069188673e-06, 6.334784643513558e-07, 6.896011086610088e-07, 6.313293852144852e-07, 3.4462385656297556e-07, 2.819045903379447e-07, 1.8966619563798304e-07, 1.9863001909925515e-07, 1.1318170578533682e-07, 9.932820432823064e-08, 4.437510625621144e-08, 3.2366315849685634e-08, 2.3171269347699308e-08, 1.3716227265092584e-08, 1.5076025761118217e-08, 8.12667355631902e-09, 7.1525572131747595e-09, 4.509323137114052e-09, 3.7594860557987886e-09, 2.7199318353154922e-09, 2.0246055942862995e-09, 1.7921185646585513e-09, 1.6016582504718713e-09, 9.724021587942389e-10, 6.830410126390518e-10, 4.237940831597342e-10, 5.206406417102016e-10, 7.921251987674793e-10], "lowlevel.melbands.stdev": [0.01914346218109131, 0.015558743849396706, 0.0038960364181548357, 0.0014680307358503342, 0.0008292089332826436, 0.00024896080140024424, 0.0001135515994974412, 3.6163452023174614e-05, 2.5968169211409986e-05, 1.805703141144477e-05, 1.0259379450872075e-05, 1.332675037701847e-05, 8.297577551275026e-06, 2.4982027753139846e-06, 4.07399329560576e-06, 4.31451371696312e-06, 1.8052966197501519e-06, 1.4890028978697956e-06, 9.109142524721392e-07, 1.0211344942945288e-06, 5.347206410988292e-07, 5.231826776253001e-07, 2.2823584799880337e-07, 1.9265698369963502e-07, 1.3755951044913672e-07, 8.881192314902364e-08, 9.191570882194355e-08, 4.8029278332251124e-08, 5.1665690392610486e-08, 3.10790184698817e-08, 2.5071386744457413e-08, 1.8144081792570432e-08, 1.350778422448684e-08, 1.2917350744601208e-08, 1.3519623642821443e-08, 5.982294215556294e-09, 3.6785243739956286e-09, 2.300036383573456e-09, 4.785297491594065e-09, 9.317671079145384e-09], "lowlevel.melbands128.mean": [0.0042147329077124596, 0.010970096103847027, 0.010090485215187073, 0.013790248893201351, 0.007012282498180866, 0.0016010688850656152, 0.0011376503389328718, 0.0012533101253211498, 0.0003969654790125787, 0.00023244576004799455, 0.0006524532800540328, 0.00043685667333193123, 8.319023618241772e-05, 0.0001060378854162991, 8.489862375427037e-05, 1.8386206647846848e-05, 5.205054912948981e-05, 2.686405241547618e-05, 8.052402336033992e-06, 1.6739659258746542e-05, 5.249270088825142e-06, 1.0530565305089112e-05, 7.657228707103059e-06, 5.3402932280732784e-06, 7.257585821207613e-06, 2.1400176137831295e-06, 3.4050763133564033e-06, 1.7407952555004158e-06, 2.6967891244567e-06, 1.9760168470384087e-06, 3.116127345492714e-06, 1.8517933995099156e-06, 1.9800741029030178e-06, 9.718968385641347e-07, 5.96686902554211e-07, 6.553713660650828e-07, 4.4335811821838433e-07, 7.423084298352478e-07, 6.204274995980086e-07, 1.1023960269085364e-06, 4.046909793942177e-07, 4.2894927787529014e-07, 3.3350326589243195e-07, 3.66195394008173e-07, 2.2858401393932581e-07, 3.3303408031315485e-07, 2.416400093352422e-07, 1.5518379825607553e-07, 1.958503474952522e-07, 1.8075313334975363e-07, 2.342006553135434e-07, 1.818132631115077e-07, 8.153070041316823e-08, 9.662348077199567e-08, 1.4024294614500832e-07, 1.0284589535558553e-07, 7.028731374703057e-08, 4.128670383352073e-08, 3.776914780928564e-08, 4.29672155632943e-08, 3.035462725620164e-08, 2.7143682856944906e-08, 2.66092641254545e-08, 2.4507784246452502e-08, 1.3200403436997021e-08, 1.235599000892762e-08, 1.3164761725192875e-08, 1.7326275525419987e-08, 1.8752292163526363e-08, 7.832335668922497e-09, 8.375982574193586e-09, 6.918381867393464e-09, 6.864818491436608e-09, 7.364412191179781e-09, 7.86342546632568e-09, 5.283354642671156e-09, 2.354030970153076e-09, 3.071747078919884e-09, 4.127805652842653e-09, 4.43785941328656e-09, 3.1191731419966118e-09, 2.0657364707687975e-09, 1.5905928796300373e-09, 2.633686380093536e-09, 1.564876339621435e-09, 1.546053840506545e-09, 1.8555720293633726e-09, 2.3379498337305904e-09, 1.450016218207395e-09, 1.408541838721078e-09, 8.944602836180593e-10, 1.0377337877898185e-09, 6.438338195913218e-10, 7.169754789870808e-10, 7.002527446786644e-10, 4.685231647094668e-10, 3.636252687844177e-10, 3.3697225565454403e-10, 3.3603209104171583e-10, 7.944140345550466e-10, 7.800778911715156e-10, 8.07947597714076e-10, 7.63222374189354e-10, 5.728598151399922e-10, 4.470681325141612e-10, 5.550431780854126e-10, 1.6569588756620846e-10, 1.7792246842507353e-10, 1.8909135368616603e-10, 1.4682240145891257e-10, 1.6196413654689934e-10, 2.854173286603867e-10, 4.383883256409149e-10, 3.893287359169051e-10, 2.5913710066660656e-10, 3.3935257381934036e-10, 2.360800166467669e-10, 5.966169919213726e-11, 6.486509680075914e-12, 5.883026704678329e-12, 5.707620574085803e-12, 5.656989633673337e-12, 5.696925136494668e-12, 5.452520379645165e-12, 4.658958982495243e-12, 3.2650666025035857e-12, 2.498539569684155e-12, 2.3805048644104376e-12], "lowlevel.melbands128.stdev": [0.007149524055421352, 0.01952395960688591, 0.02104601077735424, 0.032164931297302246, 0.01759953610599041, 0.005018218886107206, 0.004724200814962387, 0.0049791173078119755, 0.0014676195569336414, 0.0007306996849365532, 0.0024884650483727455, 0.0015832958742976189, 0.00030811570468358696, 0.0004238090477883816, 0.0003725713468156755, 7.470524724340066e-05, 0.00021742074750363827, 0.00010459924669703469, 2.819984183588531e-05, 6.352541095111519e-05, 1.8015529349213466e-05, 3.4526059607742354e-05, 2.5721677957335487e-05, 2.4220784325734712e-05, 3.449627183726989e-05, 8.247180630860385e-06, 1.395202343701385e-05, 8.562362381780986e-06, 1.447169324819697e-05, 1.1288545465504285e-05, 1.9953973605879582e-05, 1.0226779522781726e-05, 1.1127138350275345e-05, 4.741074917546939e-06, 2.559756239861599e-06, 2.790292910503922e-06, 1.7999468582274858e-06, 4.267302301741438e-06, 3.803280151259969e-06, 9.822406354942359e-06, 1.954347226273967e-06, 2.507301360310521e-06, 1.7510244560980937e-06, 1.9638578123704065e-06, 1.4752117749594618e-06, 2.043625954684103e-06, 1.1072382903876132e-06, 7.207316343738057e-07, 1.1401197070881608e-06, 1.0394256833023974e-06, 1.2339758086454822e-06, 9.105070262194204e-07, 3.783750628372218e-07, 5.889453973395575e-07, 6.05023160460405e-07, 6.291486442933092e-07, 4.136904863116797e-07, 1.9429462838616018e-07, 2.024526537525162e-07, 2.6459045443516516e-07, 1.8726571227034583e-07, 1.6831593541155598e-07, 1.6303988559229765e-07, 1.4715296003942058e-07, 8.168653664597514e-08, 8.478804147671326e-08, 8.804772022585894e-08, 1.1994592341579846e-07, 1.1477538208737315e-07, 4.386617291629591e-08, 4.937071196309262e-08, 4.777892570473341e-08, 4.9376350119700874e-08, 5.4873595445315004e-08, 5.867197572229088e-08, 3.882869492599639e-08, 1.394518989172866e-08, 1.9262550665644085e-08, 2.998493542349934e-08, 3.232577583389684e-08, 2.3202177956704872e-08, 1.3894480233034301e-08, 1.074016164892555e-08, 1.780256120298418e-08, 1.0741987743756454e-08, 1.1213038497714933e-08, 1.6065868635450897e-08, 2.2356360318553925e-08, 1.267450588926522e-08, 1.0199801003807352e-08, 5.555638171728106e-09, 7.024000492350524e-09, 3.1932552158053795e-09, 4.136837095103374e-09, 4.1576213583027766e-09, 2.436650881065816e-09, 1.9413921581445948e-09, 2.3822759320779596e-09, 2.266869802980409e-09, 1.0009965301094326e-08, 8.713110233316002e-09, 9.670582556964291e-09, 8.95118823507346e-09, 6.147418574187213e-09, 3.976941886918439e-09, 5.449309004035285e-09, 1.2001762916824532e-09, 1.2724982179079802e-09, 1.4801629921734616e-09, 1.0555571972048483e-09, 1.0253942139826222e-09, 2.9091915543233426e-09, 5.622865284493628e-09, 5.3625686113889515e-09, 2.8398994267320177e-09, 4.044891976917597e-09, 3.087756494934979e-09, 7.858957373763076e-10, 8.49649951090159e-12, 8.257798091160229e-12, 8.10552579916246e-12, 7.940193641475801e-12, 7.78323152456073e-12, 7.640283371246337e-12, 7.548398538170797e-12, 7.364922040287158e-12, 7.284181070821294e-12, 7.244693560337634e-12], "lowlevel.mfcc.mean": [-1148.585693359375, 99.86454010009766, 54.83125686645508, 44.0349006652832, 34.05695343017578, 26.409313201904297, 19.004188537597656, 15.77709674835205, 11.746136665344238, 9.236824035644531, 6.2296223640441895, 5.04833984375, 3.68044376373291], "lowlevel.spectral_contrast_coeffs.mean": [-0.7918045520782471, -0.8837367296218872, -0.8998777866363525, -0.9130417108535767, -0.9041562080383301, -0.8847627639770508], "lowlevel.spectral_contrast_coeffs.stdev": [0.093536376953125, 0.06221139430999756, 0.03926689177751541, 0.02386436052620411, 0.02963545359671116, 0.032066088169813156], "lowlevel.spectral_contrast_valleys.mean": [-10.7974271774292, -12.342333793640137, -13.153278350830078, -13.299643516540527, -13.11734676361084, -14.800924301147461], "lowlevel.spectral_contrast_valleys.stdev": [3.589017391204834, 2.759648084640503, 2.3145360946655273, 1.9956892728805542, 1.4330536127090454, 0.8687068819999695], "rhythm.beats_loudness_band_ratio.mean": [0.8238343596458435, 0.0061444127932190895, 0.0034048634115606546, 0.006263711955398321, 0.013193532824516296, 0.14919593930244446], "rhythm.beats_loudness_band_ratio.stdev": [0.327585905790329, 0.009205355308949947, 0.005769663490355015, 0.01112679298967123, 0.026097236201167107, 0.28648263216018677], "tonal.hpcp.mean": [0.0012128610396757722, 0.006981217302381992, 0.005887007340788841, 8.590295328758657e-05, 0.0010846341028809547, 0.0023232069797813892, 0.015441643074154854, 0.03027496673166752, 0.017987575381994247, 0.0018812819616869092, 3.075804852414876e-05, 2.4408627723460086e-05, 0.0005898423842154443, 0.0008690825779922307, 0.0005477514932863414, 0.0007279237033799291, 0.0005011207540519536, 6.295013736234978e-05, 5.212915129959583e-05, 3.42783096130006e-05, 0.006996318697929382, 0.15285733342170715, 0.6681919693946838, 0.6373082399368286, 0.13133777678012848, 0.025403866544365883, 0.009895693510770798, 0.0008847613935358822, 8.569227065891027e-05, 4.6410092181758955e-05, 0.0014303949428722262, 0.0018724711844697595, 0.0008988396730273962, 0.0022967131808400154, 0.0020485639106482267, 0.00028544277301989496], "tonal.hpcp.stdev": [0.013425872661173344, 0.08304089307785034, 0.0700274333357811, 0.0004928437992930412, 0.007179231382906437, 0.01171888131648302, 0.06624294817447662, 0.1232948899269104, 0.06585897505283356, 0.012133846990764141, 0.00016480559133924544, 0.00010145150008611381, 0.006805245764553547, 0.010018734261393547, 0.003958729095757008, 0.002898324280977249, 0.002163980156183243, 0.0003961682377848774, 0.00030354116461239755, 0.00012183115177322179, 0.03775980323553085, 0.20703954994678497, 0.4010341465473175, 0.39434361457824707, 0.22507213056087494, 0.12461674958467484, 0.08654484152793884, 0.009592762216925621, 0.0002958837721962482, 0.00016529358981642872, 0.016612933948636055, 0.0217402596026659, 0.005284052342176437, 0.007112715393304825, 0.007083007134497166, 0.0012951152166351676], "rhythm.beats_position": [0.41795918345451355, 0.8126984238624573, 1.2074376344680786, 1.6021767854690552, 1.9969160556793213, 2.4032652378082275, 2.809614419937134, 3.21596360206604, 3.633922815322876, 4.051881790161133, 4.469841003417969, 4.887800216674805, 5.294149398803711, 5.712108612060547, 6.130067825317383], "rhythm.bpm_histogram": [0.0, 0.0, 0.0, 0.0, 0.0, 0.0, 0.0, 0.0, 0.0, 0.0, 0.0, 0.0, 0.0, 0.0, 0.0, 0.0, 0.0, 0.0, 0.0, 0.0, 0.0, 0.0, 0.0, 0.0, 0.0, 0.0, 0.0, 0.0, 0.0, 0.0, 0.0, 0.0, 0.0, 0.0, 0.0, 0.0, 0.0, 0.0, 0.0, 0.0, 0.0, 0.0, 0.0, 0.0, 0.0, 0.0, 0.0, 0.0, 0.0, 0.0, 0.0, 0.0, 0.0, 0.0, 0.0, 0.0, 0.0, 0.0, 0.0, 0.0, 0.0, 0.0, 0.0, 0.0, 0.0, 0.0, 0.0, 0.0, 0.0, 0.0, 0.0, 0.0, 0.0, 0.0, 0.0, 0.0, 0.0, 0.0, 0.0, 0.0, 0.0, 0.0, 0.0, 0.0, 0.0, 0.0, 0.0, 0.0, 0.0, 0.0, 0.0, 0.0, 0.0, 0.0, 0.0, 0.0, 0.0, 0.0, 0.0, 0.0, 0.0, 0.0, 0.0, 0.0, 0.0, 0.0, 0.0, 0.0, 0.0, 0.0, 0.0, 0.0, 0.0, 0.0, 0.0, 0.0, 0.0, 0.0, 0.0, 0.0, 0.0, 0.0, 0.0, 0.0, 0.0, 0.0, 0.0, 0.0, 0.0, 0.0, 0.0, 0.0, 0.0, 0.0, 0.0, 0.0, 0.0, 0.0, 0.0, 0.0, 0.0, 0.0, 0.0, 0.0, 0.4285714328289032, 0.0, 0.0, 0.0, 0.2857142984867096, 0.0, 0.0, 0.0, 0.2857142984867096, 0.0, 0.0, 0.0, 0.0, 0.0, 0.0, 0.0, 0.0, 0.0, 0.0, 0.0, 0.0, 0.0, 0.0, 0.0, 0.0, 0.0, 0.0, 0.0, 0.0, 0.0, 0.0, 0.0, 0.0, 0.0, 0.0, 0.0, 0.0, 0.0, 0.0, 0.0, 0.0, 0.0, 0.0, 0.0, 0.0, 0.0, 0.0, 0.0, 0.0, 0.0, 0.0, 0.0, 0.0, 0.0, 0.0, 0.0, 0.0, 0.0, 0.0, 0.0, 0.0, 0.0, 0.0, 0.0, 0.0, 0.0, 0.0, 0.0, 0.0, 0.0, 0.0, 0.0, 0.0, 0.0, 0.0, 0.0, 0.0, 0.0, 0.0, 0.0, 0.0, 0.0, 0.0, 0.0, 0.0, 0.0, 0.0, 0.0, 0.0, 0.0, 0.0, 0.0, 0.0, 0.0, 0.0, 0.0, 0.0, 0.0, 0.0, 0.0, 0.0, 0.0, 0.0, 0.0, 0.0, 0.0], "tonal.chords_histogram": [61.11111068725586, 16.66666603088379, 0.0, 0.0, 0.0, 0.0, 0.0, 21.52777862548828, 0.0, 0.0, 0.0, 0.0, 0.0, 0.0, 0.6944444179534912, 0.0, 0.0, 0.0, 0.0, 0.0, 0.0, 0.0, 0.0, 0.0], "tonal.thpcp": [1.0, 0.9537801742553711, 0.196556955575943, 0.03801881521940231, 0.014809656888246536, 0.0013241125270724297, 0.00012824498116970062, 6.945622590137646e-05, 0.0021406945306807756, 0.00280229514464736, 0.0013451818376779556, 0.00343720568343997, 0.003065831493586302, 0.0004271867801435292, 0.0018151386175304651, 0.010447921231389046, 0.008810353465378284, 0.00012856029206886888, 0.0016232372727245092, 0.0034768555779010057, 0.023109590634703636, 0.04530878737568855, 0.02691977098584175, 0.002815481275320053, 4.603175329975784e-05, 3.6529363569570705e-05, 0.0008827439160086215, 0.0013006480876356363, 0.0008197517017833889, 0.001089393044821918, 0.0007499652565456927, 9.420965943718329e-05, 7.80152331572026e-05, 5.13000923092477e-05, 0.01047052163630724, 0.22876259684562683], "lowlevel.gfcc.cov": [[48555.80859375, 21752.48046875, 4595.1328125, 222.89732360839844, 1921.6116943359375, -1609.954345703125, 538.1427001953125, -1753.26953125, 1231.3809814453125, -1763.272705078125, 1108.40673828125, -1267.9527587890625, 1247.544677734375], [21752.48046875, 10932.01953125, 3805.88427734375, 783.7113647460938, 1483.1109619140625, -530.2637329101562, 505.9930725097656, -791.988037109375, 654.0206298828125, -828.4037475585938, 560.3657836914062, -625.6378173828125, 581.588623046875], [4595.1328125, 3805.88427734375, 3566.01123046875, 1299.4188232421875, 1260.0177001953125, 203.09512329101562, 498.3362121582031, -206.1371612548828, 214.83663940429688, -230.3179931640625, 159.88291931152344, -219.89186096191406, 134.45538330078125], [222.89732360839844, 783.7113647460938, 1299.4188232421875, 813.8897705078125, 547.3860473632812, 275.873779296875, 212.18307495117188, 46.034576416015625, 12.89222240447998, 0.45166710019111633, -28.45684814453125, -40.894710540771484, -49.63503646850586], [1921.6116943359375, 1483.1109619140625, 1260.0177001953125, 547.3860473632812, 521.1807861328125, 130.03414916992188, 205.2867889404297, -47.413761138916016, 86.48858642578125, -74.67432403564453, 53.513187408447266, -78.16637420654297, 35.34992980957031], [-1609.954345703125, -530.2637329101562, 203.09512329101562, 275.873779296875, 130.03414916992188, 208.09840393066406, 77.37983703613281, 111.73770141601562, -31.62500762939453, 87.01307678222656, -55.00950622558594, 41.3397216796875, -76.90016174316406], [538.1427001953125, 505.9930725097656, 498.3362121582031, 212.18307495117188, 205.2867889404297, 77.37983703613281, 114.2072982788086, 9.088539123535156, 43.347476959228516, -11.692468643188477, 19.321029663085938, -24.672677993774414, 7.204854488372803], [-1753.26953125, -791.988037109375, -206.1371612548828, 46.034576416015625, -47.413761138916016, 111.73770141601562, 9.088539123535156, 122.53211212158203, -30.337778091430664, 91.67596435546875, -52.219459533691406, 51.39472198486328, -67.73807525634766], [1231.3809814453125, 654.0206298828125, 214.83663940429688, 12.89222240447998, 86.48858642578125, -31.62500762939453, 43.347476959228516, -30.337778091430664, 71.85569763183594, -35.3228874206543, 48.23634719848633, -32.10285186767578, 39.01605224609375], [-1763.272705078125, -828.4037475585938, -230.3179931640625, 0.45166710019111633, -74.67432403564453, 87.01307678222656, -11.692468643188477, 91.67596435546875, -35.3228874206543, 103.25902557373047, -37.55958938598633, 56.93202590942383, -61.23345947265625], [1108.40673828125, 560.3657836914062, 159.88291931152344, -28.45684814453125, 53.513187408447266, -55.00950622558594, 19.321029663085938, -52.219459533691406, 48.23634719848633, -37.55958938598633, 63.371395111083984, -22.164039611816406, 43.63572692871094], [-1267.9527587890625, -625.6378173828125, -219.89186096191406, -40.894710540771484, -78.16637420654297, 41.3397216796875, -24.672677993774414, 51.39472198486328, -32.10285186767578, 56.93202590942383, -22.164039611816406, 59.51453399658203, -29.3463077545166], [1247.544677734375, 581.588623046875, 134.45538330078125, -49.63503646850586, 35.34992980957031, -76.90016174316406, 7.204854488372803, -67.73807525634766, 39.01605224609375, -61.23345947265625, 43.63572692871094, -29.3463077545166, 64.50474548339844]], "lowlevel.gfcc.icov": [[0.001049643731676042, -0.0027195438742637634, 0.0014840319054201245, -0.00020280960598029196, 0.0003850964712910354, 0.0006266536074690521, -0.0015285987174138427, 0.0022240064572542906, 0.0018974211998283863, -0.0015206326497718692, 0.001950015197508037, -0.00014381638902705163, 3.660681250039488e-05], [-0.0027195438742637634, 0.008332081139087677, -0.002979301381856203, -0.0013202790869399905, -0.0022152632009238005, -0.00045747586409561336, 0.0024098351132124662, -0.00285468902438879, -0.009923508390784264, 0.006790177430957556, -0.007373282220214605, 0.0035878359340131283, -0.0008627870702184737], [0.0014840319054201245, -0.002979301381856203, 0.0059026507660746574, -0.0036119052674621344, -0.005863379221409559, 0.007816458120942116, -0.009490596130490303, 0.008700881153345108, 0.0010413702111691236, -0.004094631411135197, 0.00295621226541698, 0.00035499606747180223, -0.0005489443428814411], [-0.00020280960598029196, -0.0013202790869399905, -0.0036119052674621344, 0.01672494411468506, -0.011846491135656834, -0.007577612996101379, 0.011587639339268208, -0.009940155781805515, 0.012473789043724537, -0.0026608433108776808, 0.007906725630164146, -0.001962063368409872, 0.005638184025883675], [0.0003850964712910354, -0.0022152632009238005, -0.005863379221409559, -0.011846491135656834, 0.04951704293489456, -0.027334416285157204, -0.006351776886731386, 0.006655230186879635, -0.010712319985032082, 0.013957730494439602, -0.014526141807436943, 0.003665454452857375, -0.005170185584574938], [0.0006266536074690521, -0.00045747586409561336, 0.007816458120942116, -0.007577612996101379, -0.027334416285157204, 0.06710655987262726, -0.03161204233765602, -0.0036096142139285803, 0.010706937871873379, -0.02188156358897686, 0.01954522356390953, -0.01856604777276516, 0.015687067061662674], [-0.0015285987174138427, 0.0024098351132124662, -0.009490596130490303, 0.011587639339268208, -0.006351776886731386, -0.03161204233765602, 0.06868971139192581, -0.027987994253635406, -0.0077130780555307865, 0.00769095728173852, -0.009334078989923, 0.011368009261786938, -0.01128172967582941], [0.0022240064572542906, -0.00285468902438879, 0.008700881153345108, -0.009940155781805515, 0.006655230186879635, -0.0036096142139285803, -0.027987994253635406, 0.07009550929069519, -0.03092469461262226, -0.013882441446185112, 0.02060406096279621, -0.006945160683244467, 0.014153854921460152], [0.0018974211998283863, -0.009923508390784264, 0.0010413702111691236, 0.012473789043724537, -0.010712319985032082, 0.010706937871873379, -0.0077130780555307865, -0.03092469461262226, 0.08203347027301788, -0.021279998123645782, -0.012328242883086205, 0.004526964388787746, -0.01219492219388485], [-0.0015206326497718692, 0.006790177430957556, -0.004094631411135197, -0.0026608433108776808, 0.013957730494439602, -0.02188156358897686, 0.00769095728173852, -0.013882441446185112, -0.021279998123645782, 0.0689798891544342, -0.0275664534419775, -0.007606650702655315, 0.01904282532632351], [0.001950015197508037, -0.007373282220214605, 0.00295621226541698, 0.007906725630164146, -0.014526141807436943, 0.01954522356390953, -0.009334078989923, 0.02060406096279621, -0.012328242883086205, -0.0275664534419775, 0.07511201500892639, -0.025490939617156982, 0.0015083327889442444], [-0.00014381638902705163, 0.0035878359340131283, 0.00035499606747180223, -0.001962063368409872, 0.003665454452857375, -0.01856604777276516, 0.011368009261786938, -0.006945160683244467, 0.004526964388787746, -0.007606650702655315, -0.025490939617156982, 0.06683433800935745, -0.02683146670460701], [3.660681250039488e-05, -0.0008627870702184737, -0.0005489443428814411, 0.005638184025883675, -0.005170185584574938, 0.015687067061662674, -0.01128172967582941, 0.014153854921460152, -0.01219492219388485, 0.01904282532632351, 0.0015083327889442444, -0.02683146670460701, 0.07794084399938583]], "lowlevel.mfcc.cov": [[25154.2421875, 13686.5361328125, 1908.57666015625, 1673.559814453125, 784.4794311523438, 344.25347900390625, -378.2279052734375, -20.969526290893555, -277.64617919921875, -188.39102172851562, -436.76885986328125, -141.00450134277344, -82.95347595214844], [13686.5361328125, 9594.7412109375, 2992.9931640625, 2067.283203125, 1287.0130615234375, 755.9318237304688, 204.0406951904297, 235.61587524414062, 20.064228057861328, 8.38920783996582, -144.697021484375, -41.11246109008789, -28.21771240234375], [1908.57666015625, 2992.9931640625, 2330.401611328125, 1559.6849365234375, 1105.4302978515625, 757.4050903320312, 511.856201171875, 317.2869873046875, 200.6700897216797, 116.9390869140625, 69.65186309814453, 9.709403038024902, -13.35124397277832], [1673.559814453125, 2067.283203125, 1559.6849365234375, 1145.7327880859375, 821.0758056640625, 574.085205078125, 385.5247802734375, 255.4337615966797, 160.5673828125, 96.93132781982422, 50.80933380126953, 14.974639892578125, -9.68142032623291], [784.4794311523438, 1287.0130615234375, 1105.4302978515625, 821.0758056640625, 623.8772583007812, 450.4224548339844, 320.4332275390625, 215.6123046875, 144.889892578125, 94.30399322509766, 61.619590759277344, 26.405630111694336, 6.503566265106201], [344.25347900390625, 755.9318237304688, 757.4050903320312, 574.085205078125, 450.4224548339844, 352.9754333496094, 261.0581970214844, 179.93821716308594, 127.83958435058594, 83.91194915771484, 60.80789566040039, 28.522918701171875, 13.347526550292969], [-378.2279052734375, 204.0406951904297, 511.856201171875, 385.5247802734375, 320.4332275390625, 261.0581970214844, 220.65635681152344, 148.16348266601562, 115.0003662109375, 79.09382629394531, 66.5638656616211, 31.129749298095703, 17.235191345214844], [-20.969526290893555, 235.61587524414062, 317.2869873046875, 255.4337615966797, 215.6123046875, 179.93821716308594, 148.16348266601562, 115.70335388183594, 86.90947723388672, 62.2978515625, 47.50428009033203, 29.285459518432617, 18.592361450195312], [-277.64617919921875, 20.064228057861328, 200.6700897216797, 160.5673828125, 144.889892578125, 127.83958435058594, 115.0003662109375, 86.90947723388672, 76.55941009521484, 56.05619430541992, 45.54228210449219, 26.005233764648438, 16.335325241088867], [-188.39102172851562, 8.38920783996582, 116.9390869140625, 96.93132781982422, 94.30399322509766, 83.91194915771484, 79.09382629394531, 62.2978515625, 56.05619430541992, 47.29317092895508, 38.49101638793945, 24.405582427978516, 16.495019912719727], [-436.76885986328125, -144.697021484375, 69.65186309814453, 50.80933380126953, 61.619590759277344, 60.80789566040039, 66.5638656616211, 47.50428009033203, 45.54228210449219, 38.49101638793945, 40.901676177978516, 24.28748893737793, 17.654712677001953], [-141.00450134277344, -41.11246109008789, 9.709403038024902, 14.974639892578125, 26.405630111694336, 28.522918701171875, 31.129749298095703, 29.285459518432617, 26.005233764648438, 24.405582427978516, 24.28748893737793, 22.94537925720215, 16.977540969848633], [-82.95347595214844, -28.21771240234375, -13.35124397277832, -9.68142032623291, 6.503566265106201, 13.347526550292969, 17.235191345214844, 18.592361450195312, 16.335325241088867, 16.495019912719727, 17.654712677001953, 16.977540969848633, 18.60570526123047]], "lowlevel.mfcc.icov": [[0.0025711203925311565, -0.005178268998861313, 0.010177025571465492, -0.013980324380099773, 0.012671318836510181, -0.0036979946307837963, -0.008327345363795757, 0.004460785072296858, 0.0022729625925421715, -0.0008466995204798877, -0.002537130145356059, 0.010224114172160625, -0.0030486921314150095], [-0.005178268998861313, 0.011108234524726868, -0.02157580479979515, 0.02775784581899643, -0.024953706189990044, 0.004000177141278982, 0.02456320822238922, -0.01254534162580967, -0.0013487325049936771, -0.0038411819841712713, 0.00782825518399477, -0.019790414720773697, 0.003576104762032628], [0.010177025571465492, -0.02157580479979515, 0.04901564493775368, -0.06710688024759293, 0.0494907982647419, -0.004869242664426565, -0.04773007705807686, 0.030712466686964035, -0.0009995987638831139, 0.012536856345832348, -0.025550823658704758, 0.05150015652179718, -0.02036178670823574], [-0.013980324380099773, 0.02775784581899643, -0.06710688024759293, 0.1267312616109848, -0.11331832408905029, 0.013944927603006363, 0.05561015382409096, -0.034273285418748856, -0.010275223292410374, 0.0021291631273925304, 0.03969195857644081, -0.08153094351291656, 0.05376364663243294], [0.012671318836510181, -0.024953706189990044, 0.0494907982647419, -0.11331832408905029, 0.16012094914913177, -0.06353886425495148, -0.05871996283531189, 0.0254425760358572, 0.050627343356609344, -0.048076704144477844, -0.004080757033079863, 0.04446357488632202, -0.024745576083660126], [-0.0036979946307837963, 0.004000177141278982, -0.004869242664426565, 0.013944927603006363, -0.06353886425495148, 0.12932084500789642, -0.07150862365961075, -0.015326892025768757, -0.045465659350156784, 0.0645768791437149, -0.001427004113793373, -0.0021174014545977116, -0.00971231609582901], [-0.008327345363795757, 0.02456320822238922, -0.04773007705807686, 0.05561015382409096, -0.05871996283531189, -0.07150862365961075, 0.2529214024543762, -0.11048921942710876, -0.012814251706004143, -0.002853936282917857, -0.08303026109933853, 0.032020632177591324, 0.006103971041738987], [0.004460785072296858, -0.01254534162580967, 0.030712466686964035, -0.034273285418748856, 0.0254425760358572, -0.015326892025768757, -0.11048921942710876, 0.21068862080574036, -0.1013612374663353, -0.006567217875272036, 0.07470592856407166, -0.04647795110940933, -0.034680236130952835], [0.0022729625925421715, -0.0013487325049936771, -0.0009995987638831139, -0.010275223292410374, 0.050627343356609344, -0.045465659350156784, -0.012814251706004143, -0.1013612374663353, 0.30203738808631897, -0.21780961751937866, 0.0034052387345582247, 0.027394479140639305, 0.029794607311487198], [-0.0008466995204798877, -0.0038411819841712713, 0.012536856345832348, 0.0021291631273925304, -0.048076704144477844, 0.0645768791437149, -0.002853936282917857, -0.006567217875272036, -0.21780961751937866, 0.36929458379745483, -0.1548178344964981, -0.0210100207477808, 0.01009468361735344], [-0.002537130145356059, 0.00782825518399477, -0.025550823658704758, 0.03969195857644081, -0.004080757033079863, -0.001427004113793373, -0.08303026109933853, 0.07470592856407166, 0.0034052387345582247, -0.1548178344964981, 0.31747010350227356, -0.15449269115924835, -0.01841367967426777], [0.010224114172160625, -0.019790414720773697, 0.05150015652179718, -0.08153094351291656, 0.04446357488632202, -0.0021174014545977116, 0.032020632177591324, -0.04647795110940933, 0.027394479140639305, -0.0210100207477808, -0.15449269115924835, 0.34038031101226807, -0.15656211972236633], [-0.0030486921314150095, 0.003576104762032628, -0.02036178670823574, 0.05376364663243294, -0.024745576083660126, -0.00971231609582901, 0.006103971041738987, -0.034680236130952835, 0.029794607311487198, 0.01009468361735344, -0.01841367967426777, -0.15656211972236633, 0.22878621518611908]], "metadata.audio_properties.analysis.downmix": "mix", "metadata.audio_properties.codec": "mp3", "metadata.audio_properties.md5_encoded": "373c088420d6aa9e56495f8a41f01f97", "metadata.tags.file_name": "1182276096687869972.mp3", "metadata.version.essentia": "2.1-beta6-dev", "metadata.version.essentia_git_sha": "v2.1_beta5-1110-g77a6a954", "metadata.version.extractor": "music 2.0", "tonal.chords_key": "A", "tonal.chords_scale": "minor", "tonal.key_edma.key": "A", "tonal.key_edma.scale": "minor", "tonal.key_krumhansl.key": "A", "tonal.key_krumhansl.scale": "minor", "tonal.key_temperley.key": "A", "tonal.key_temperley.scale": "minor", "metadata.tags.encoding": ["Lavf58.45.100"]}, "essentia_models": [{"model_name": "genre_dortmund", "activations": {"alternative": "0.15359485", "blues": "0.057934165", "electronic": "0.17832667", "folkcountry": "0.16188186", "funksoulrnb": "0.0990829", "jazz": "0.47916013", "pop": "0.05512629", "raphiphop": "0.14589877", "rock": "0.17638943"}}, {"model_name": "genre_rosamerica", "activations": {"classic": "0.50650483", "dance": "0.062107947", "hip hop": "0.012492769", "jazz": "0.2944785", "pop": "0.033193033", "rhythm and blues": "0.021010842", "rock": "0.06368691", "speech": "0.023505934"}}, {"model_name": "genre_tzanetakis", "activations": {"blues": "0.04830218", "classic": "0.6326256", "country": "0.01465586", "disco": "0.021013908", "hip hop": "0.10959325", "jazz": "0.1412699", "metal": "0.051884305", "pop": "0.013179924", "reggae": "0.01874965", "rock": "0.07019051"}}, {"model_name": "genre_electronic", "activations": {"ambient": "0.83869994", "dnb": "0.1779394", "house": "0.0241369", "techno": "0.22332062", "trance": "0.004258657"}}, {"model_name": "mood_acoustic", "activations": {"acoustic": "0.37069696", "not acoustic": "0.74884856"}}, {"model_name": "mood_electronic", "activations": {"electronic": "0.023879107", "not electronic": "0.9814041"}}, {"model_name": "mood_aggressive", "activations": {"aggressive": "0.108134136", "not aggressive": "0.9864986"}}, {"model_name": "mood_relaxed", "activations": {"not relaxed": "0.008133435", "relaxed": "0.9789392"}}, {"model_name": "mood_happy", "activations": {"happy