{"song_id": "1182277180693155902", "download": "https://cdn.discordapp.com/attachments/1128313332273782784/1182277180693155902/chirp.mp4?ex=65841c6d&amp", "lyrics": "[Verse]\nIn the castle, shadows linger deep\nFiends arise from their timeless sleep\nWhispering secrets, dark and sly\nUnderneath that cold, moonlit sky\n\n[Chorus]\nCastle of shadows, where nightmares dwell\nEchoing screams, a haunting spell\nLost souls trapped in eternal despair\nBeware the darkness, terrors beware", "style": ["funk"], "essentia_features": {"lowlevel.average_loudness": 0.9506018161773682, "lowlevel.barkbands_crest.mean": 15.76677417755127, "lowlevel.barkbands_crest.stdev": 4.93753719329834, "lowlevel.barkbands_flatness_db.mean": 0.23405933380126953, "lowlevel.barkbands_flatness_db.stdev": 0.06392867118120193, "lowlevel.barkbands_kurtosis.mean": 13.93012523651123, "lowlevel.barkbands_kurtosis.stdev": 31.704296112060547, "lowlevel.barkbands_skewness.mean": 2.5265820026397705, "lowlevel.barkbands_skewness.stdev": 2.46357798576355, "lowlevel.barkbands_spread.mean": 14.498467445373535, "lowlevel.barkbands_spread.stdev": 10.409274101257324, "lowlevel.dissonance.mean": 0.45057058334350586, "lowlevel.dissonance.stdev": 0.04335830360651016, "lowlevel.dynamic_complexity": 4.142703533172607, "lowlevel.erbbands_crest.mean": 11.76076602935791, "lowlevel.erbbands_crest.stdev": 6.351995944976807, "lowlevel.erbbands_flatness_db.mean": 0.20837342739105225, "lowlevel.erbbands_flatness_db.stdev": 0.06372500956058502, "lowlevel.erbbands_kurtosis.mean": 0.864002525806427, "lowlevel.erbbands_kurtosis.stdev": 2.961719036102295, "lowlevel.erbbands_skewness.mean": 0.19863462448120117, "lowlevel.erbbands_skewness.stdev": 0.9478026628494263, "lowlevel.erbbands_spread.mean": 37.56071090698242, "lowlevel.erbbands_spread.stdev": 22.650060653686523, "lowlevel.hfc.mean": 14.986964225769043, "lowlevel.hfc.stdev": 15.592495918273926, "lowlevel.loudness_ebu128.integrated": -14.138006210327148, "lowlevel.loudness_ebu128.loudness_range": 2.5890073776245117, "lowlevel.loudness_ebu128.momentary.mean": -14.870956420898438, "lowlevel.loudness_ebu128.momentary.stdev": 2.8105216026306152, "lowlevel.loudness_ebu128.short_term.mean": -14.158787727355957, "lowlevel.loudness_ebu128.short_term.stdev": 1.0043911933898926, "lowlevel.melbands_crest.mean": 18.95478057861328, "lowlevel.melbands_crest.stdev": 5.94635534286499, "lowlevel.melbands_flatness_db.mean": 0.3167738616466522, "lowlevel.melbands_flatness_db.stdev": 0.07570537179708481, "lowlevel.melbands_kurtosis.mean": 36.44240188598633, "lowlevel.melbands_kurtosis.stdev": 61.712711334228516, "lowlevel.melbands_skewness.mean": 4.054536819458008, "lowlevel.melbands_skewness.stdev": 3.328580379486084, "lowlevel.melbands_spread.mean": 14.015347480773926, "lowlevel.melbands_spread.stdev": 11.204896926879883, "lowlevel.pitch_salience.mean": 0.3847423195838928, "lowlevel.pitch_salience.stdev": 0.12521687150001526, "lowlevel.silence_rate_20dB.mean": 1.0, "lowlevel.silence_rate_20dB.stdev": 0.0, "lowlevel.silence_rate_30dB.mean": 0.9204633235931396, "lowlevel.silence_rate_30dB.stdev": 0.27057328820228577, "lowlevel.silence_rate_60dB.mean": 0.00463320454582572, "lowlevel.silence_rate_60dB.stdev": 0.06790971010923386, "lowlevel.spectral_centroid.mean": 1008.6834716796875, "lowlevel.spectral_centroid.stdev": 435.1375732421875, "lowlevel.spectral_complexity.mean": 10.635520935058594, "lowlevel.spectral_complexity.stdev": 5.753757953643799, "lowlevel.spectral_decrease.mean": -9.49841627573278e-09, "lowlevel.spectral_decrease.stdev": 1.2128630544339103e-08, "lowlevel.spectral_energy.mean": 0.03720855340361595, "lowlevel.spectral_energy.stdev": 0.04654780402779579, "lowlevel.spectral_energyband_high.mean": 0.00016613540356047451, "lowlevel.spectral_energyband_high.stdev": 0.00031558802584186196, "lowlevel.spectral_energyband_low.mean": 0.022555209696292877, "lowlevel.spectral_energyband_low.stdev": 0.04296378791332245, "lowlevel.spectral_energyband_middle_high.mean": 0.004849489312618971, "lowlevel.spectral_energyband_middle_high.stdev": 0.008014009334146976, "lowlevel.spectral_energyband_middle_low.mean": 0.010152405127882957, "lowlevel.spectral_energyband_middle_low.stdev": 0.014769727364182472, "lowlevel.spectral_entropy.mean": 7.12063455581665, "lowlevel.spectral_entropy.stdev": 0.5371754765510559, "lowlevel.spectral_flux.mean": 0.09284762293100357, "lowlevel.spectral_flux.stdev": 0.08956632763147354, "lowlevel.spectral_kurtosis.mean": 8.01784610748291, "lowlevel.spectral_kurtosis.stdev": 5.117431640625, "lowlevel.spectral_rms.mean": 0.005305880215018988, "lowlevel.spectral_rms.stdev": 0.0028545851819217205, "lowlevel.spectral_rolloff.mean": 666.6151123046875, "lowlevel.spectral_rolloff.stdev": 786.5859985351562, "lowlevel.spectral_skewness.mean": 1.7632604837417603, "lowlevel.spectral_skewness.stdev": 0.5410072803497314, "lowlevel.spectral_spread.mean": 3351448.5, "lowlevel.spectral_spread.stdev": 2152749.0, "lowlevel.spectral_strongpeak.mean": 1.1737679243087769, "lowlevel.spectral_strongpeak.stdev": 1.6392078399658203, "lowlevel.zerocrossingrate.mean": 0.031493574380874634, "lowlevel.zerocrossingrate.stdev": 0.01995527371764183, "metadata.audio_properties.analysis.equal_loudness": 0.0, "metadata.audio_properties.analysis.length": 30.03628158569336, "metadata.audio_properties.analysis.sample_rate": 44100.0, "metadata.audio_properties.analysis.start_time": 0.0, "metadata.audio_properties.bit_rate": 117325.0, "metadata.audio_properties.length": 30.03733253479004, "metadata.audio_properties.lossless": 0.0, "metadata.audio_properties.number_channels": 1.0, "metadata.audio_properties.replay_gain": -12.724172592163086, "metadata.audio_properties.sample_rate": 48000.0, "rhythm.beats_count": 57.0, "rhythm.beats_loudness.mean": 0.07281044870615005, "rhythm.beats_loudness.stdev": 0.04012047126889229, "rhythm.bpm": 115.65558624267578, "rhythm.bpm_histogram_first_peak_bpm": 115.0, "rhythm.bpm_histogram_first_peak_weight": 0.46153849363327026, "rhythm.bpm_histogram_second_peak_bpm": 120.0, "rhythm.bpm_histogram_second_peak_spread": 0.0, "rhythm.bpm_histogram_second_peak_weight": 0.0714285746216774, "rhythm.danceability": 1.4041634798049927, "rhythm.onset_rate": 3.6262946128845215, "tonal.chords_changes_rate": 0.0833333358168602, "tonal.chords_number_rate": 0.01697530783712864, "tonal.chords_strength.mean": 0.4784279465675354, "tonal.chords_strength.stdev": 0.08799799531698227, "tonal.hpcp_crest.mean": 15.254953384399414, "tonal.hpcp_crest.stdev": 8.19501781463623, "tonal.hpcp_entropy.mean": 1.8470295667648315, "tonal.hpcp_entropy.stdev": 0.9253990650177002, "tonal.key_edma.strength": 0.5474636554718018, "tonal.key_krumhansl.strength": 0.5520060062408447, "tonal.key_temperley.strength": 0.5521270632743835, "tonal.tuning_diatonic_strength": 0.4224427044391632, "tonal.tuning_equal_tempered_deviation": 0.12190001457929611, "tonal.tuning_frequency": 441.5275573730469, "tonal.tuning_nontempered_energy_ratio": 0.8043070435523987, "lowlevel.barkbands.mean": [0.0003888734499923885, 0.01846095360815525, 0.003303627949208021, 0.000612869393080473, 0.0015815941151231527, 0.0008863488910719752, 0.0006214551394805312, 0.004047421272844076, 0.002218819921836257, 0.0006670032744295895, 0.0009136513690464199, 0.0007556657656095922, 0.000768985424656421, 0.0006244400283321738, 0.00032841399661265314, 0.00026524439454078674, 0.0002997654664795846, 7.748783536953852e-05, 7.195671059889719e-05, 0.00018666297546587884, 1.297991275350796e-05, 3.578918767743744e-05, 2.0609591956599616e-05, 2.355410651944112e-05, 2.6326451916247606e-05, 7.929604180390015e-06, 1.6913264744289336e-07], "lowlevel.barkbands.stdev": [0.001041887328028679, 0.038597289472818375, 0.007324623875319958, 0.001147551811300218, 0.0031422057654708624, 0.002067486522719264, 0.0037358691915869713, 0.01061326451599598, 0.00810629315674305, 0.00253270473331213, 0.0030429691541939974, 0.0027788253501057625, 0.0022452976554632187, 0.002212293678894639, 0.0012744447449222207, 0.0006218217895366251, 0.0007668559555895627, 0.00017749390099197626, 0.00016370328376069665, 0.0003080927417613566, 4.281199289835058e-05, 7.683281000936404e-05, 5.8267833082936704e-05, 7.508156704716384e-05, 7.253824878716841e-05, 2.179432522098068e-05, 1.1635032706180937e-06], "lowlevel.erbbands.mean": [0.4577057361602783, 4.338592529296875, 5.209944248199463, 2.7975351810455322, 1.6453062295913696, 5.960901737213135, 10.984758377075195, 6.449008941650391, 6.7515058517456055, 37.71525192260742, 85.6689224243164, 62.27167510986328, 23.780729293823242, 21.852962493896484, 49.48736572265625, 26.323184967041016, 35.29787826538086, 33.64927291870117, 27.35852813720703, 12.40302562713623, 14.726544380187988, 16.727737426757812, 5.409169673919678, 3.1789255142211914, 6.4225687980651855, 8.639362335205078, 1.035501480102539, 0.5986077189445496, 1.2338505983352661, 1.0731221437454224, 0.5369113683700562, 0.41961315274238586, 0.44492629170417786, 0.36233311891555786, 0.14623355865478516, 0.05175815895199776, 0.010849989950656891, 0.0011212239041924477, 4.709216227638535e-05, 4.326142152422108e-05], "lowlevel.erbbands.stdev": [1.0710598230361938, 8.821887016296387, 10.409037590026855, 5.2229204177856445, 4.107893466949463, 13.299877166748047, 20.51799964904785, 19.140443801879883, 54.95268630981445, 126.83846282958984, 241.2734832763672, 220.54006958007812, 73.62397003173828, 80.78656768798828, 149.8532257080078, 71.59236907958984, 100.77887725830078, 91.9438705444336, 97.75524139404297, 30.944618225097656, 25.37510871887207, 46.9173583984375, 10.803512573242188, 7.6750569343566895, 11.449868202209473, 14.055171012878418, 2.073188066482544, 1.8815637826919556, 2.738569736480713, 2.6125247478485107, 1.568618893623352, 1.3451594114303589, 1.4210678339004517, 1.0661263465881348, 0.3949519097805023, 0.13958154618740082, 0.032352250069379807, 0.004121336620301008, 0.00012766887084580958, 5.2119015890639275e-05], "lowlevel.gfcc.mean": [-66.96288299560547, 140.38766479492188, -125.40695190429688, 34.709983825683594, -20.399703979492188, 19.710899353027344, -21.877168655395508, 13.936644554138184, -12.497126579284668, 2.755763530731201, -6.300561904907227, -7.282233238220215, -6.63355016708374], "lowlevel.melbands.mean": [0.004843946546316147, 0.0037239298690110445, 0.0004422261845320463, 0.0002452859771437943, 0.0003939481684938073, 0.00014259236922953278, 0.00010003076022258028, 0.0005134938983246684, 0.0006702250684611499, 0.0003586512175388634, 0.00010809762898134068, 8.370727300643921e-05, 0.0001479435886722058, 0.00010838460002560169, 5.203173714107834e-05, 8.383018575841561e-05, 6.015702456352301e-05, 4.851502671954222e-05, 1.7233698599739e-05, 1.914682798087597e-05, 1.668990807957016e-05, 2.022395892709028e-05, 7.732501217105892e-06, 2.7855917323904578e-06, 2.432106157357339e-06, 2.8178114916954655e-06, 8.443837032245938e-06, 4.6814261622785125e-06, 5.536110165849095e-07, 2.930688367541734e-07, 3.3533470400470833e-07, 6.736258910677861e-07, 7.75962234911276e-07, 5.083463179289538e-07, 3.1145455636760744e-07, 2.3945926841406617e-07, 2.6939477493215236e-07, 2.980084445880493e-07, 3.325699822198658e-07, 2.98050423452878e-07], "lowlevel.melbands.stdev": [0.010467899031937122, 0.006992540322244167, 0.0008400880033150315, 0.0005761414067819715, 0.0006989085813984275, 0.0003987265226896852, 0.0007912979926913977, 0.0016150812152773142, 0.001942194765433669, 0.0013971548760309815, 0.000367972650565207, 0.0003452554519753903, 0.00046516256406903267, 0.0003718712832778692, 0.00013650106848217547, 0.00025307206669822335, 0.00019492520368658006, 0.00018800316320266575, 4.9880480219144374e-05, 5.7174107496393844e-05, 2.7140862584928982e-05, 6.030797885614447e-05, 1.9099015844403766e-05, 5.042883458372671e-06, 7.017577445367351e-06, 5.967374818283133e-06, 1.4926126823411323e-05, 7.966139492054936e-06, 1.3454840654958389e-06, 1.042205667545204e-06, 1.119036483032687e-06, 1.6461248151244945e-06, 1.7542876094012172e-06, 1.3498369071385241e-06, 9.399765303896856e-07, 7.53879021431203e-07, 8.885891702448134e-07, 9.598009000910679e-07, 1.0675074690880137e-06, 8.726534588276991e-07], "lowlevel.melbands128.mean": [0.0003560119366738945, 0.0027502274606376886, 0.007750727701932192, 0.007037033326923847, 0.0035240380093455315, 0.0013612655457109213, 0.0005692937993444502, 0.00023234330001287162, 0.00011285084474366158, 0.00019327530753798783, 0.0003310972824692726, 0.0005268889362923801, 0.0004200153052806854, 0.0002289087133249268, 0.00017478691006544977, 6.0104241129010916e-05, 6.794892397010699e-05, 0.00011920653923880309, 0.00010363363981014118, 0.0003883879107888788, 0.0007722271839156747, 0.0007563852122984827, 0.0008178325369954109, 0.0003178394981659949, 0.00045160565059632063, 0.00038748164661228657, 8.342795626958832e-05, 9.249863069271669e-05, 9.68828026088886e-05, 0.00010279008711222559, 6.525110075017437e-05, 7.10200474713929e-05, 0.00014891946921125054, 0.00022167261340655386, 0.000147630664287135, 6.940919411135837e-05, 5.0321497838012874e-05, 3.4256052458658814e-05, 6.0100726841483265e-05, 9.869664791040123e-05, 9.254653559764847e-05, 5.943924043094739e-05, 5.783671804238111e-05, 6.36455079074949e-05, 5.3706346079707146e-05, 5.200718806008808e-05, 3.7397327105281875e-05, 1.1292398994555697e-05, 1.1937217095692176e-05, 1.3824967936670873e-05, 2.4245271561085247e-05, 2.039483115368057e-05, 1.2939662155986298e-05, 1.4329356417874806e-05, 2.4955912522273138e-05, 2.496756314940285e-05, 1.2929124750371557e-05, 8.624969268566929e-06, 6.519599537568865e-06, 3.899804596585454e-06, 2.3500890620198334e-06, 2.0226327706041047e-06, 2.7929258976655547e-06, 2.5256265416828683e-06, 1.8527014162827982e-06, 2.6472077934158733e-06, 3.0719477308593923e-06, 5.2982409215474036e-06, 1.1297216587990988e-05, 1.116954445024021e-05, 4.484358214540407e-06, 1.6983013892968302e-06, 7.012138212303398e-07, 3.797960914653231e-07, 3.1277954803954344e-07, 2.749029590631835e-07, 2.9736955298176326e-07, 3.0011338481017447e-07, 2.961207883345196e-07, 3.9476881852351653e-07, 6.417527060875727e-07, 8.382320970667934e-07, 6.887045742587361e-07, 8.567108693569025e-07, 7.455792569999176e-07, 6.080701382416009e-07, 4.015308832094888e-07, 3.437110649429087e-07, 3.1462468541576527e-07, 2.872795050734567e-07, 2.534318639391131e-07, 2.312215343636126e-07, 2.0070828554707987e-07, 2.7251812184658775e-07, 3.144531888210622e-07, 2.755257924036414e-07, 2.829630716405518e-07, 3.504615619931428e-07, 3.185497803315229e-07, 3.2461659316140867e-07, 3.692996699555806e-07, 2.823917384375818e-07, 2.4143113819263817e-07, 1.9371003645574092e-07, 1.577113692974308e-07, 1.2790454206879076e-07, 1.1641832031727972e-07, 1.1505163399760931e-07, 8.538363260868209e-08, 7.085935749273631e-08, 5.533301106197541e-08, 3.975970486180813e-08, 3.323064845517365e-08, 1.728432863501439e-08, 1.3903266093961975e-08, 1.2026104556639439e-08, 5.5635078766158585e-09, 1.91355065126686e-09, 1.1210486705603984e-10, 2.5948552334620345e-11, 2.293171208478384e-11, 6.688218121692069e-12, 5.653160231600118e-12, 5.385251272693736e-12, 5.180356144052212e-12, 4.855187432650787e-12, 4.640089527885305e-12, 4.587431996772029e-12], "lowlevel.melbands128.stdev": [0.0009960982715710998, 0.0072730048559606075, 0.016992762684822083, 0.01433514803647995, 0.007089752238243818, 0.0029617883265018463, 0.0010873243445530534, 0.0004404035280458629, 0.00037036807043477893, 0.0007838927558623254, 0.0008471030741930008, 0.0011773494770750403, 0.0009358052047900856, 0.0005873668706044555, 0.0006593824946321547, 0.000278695544693619, 0.0007971844752319157, 0.00131799909286201, 0.0005565106403082609, 0.0017724413191899657, 0.002881562802940607, 0.0022262984421104193, 0.0032749890815466642, 0.0014899647794663906, 0.00210736901499331, 0.002088790526613593, 0.0004504817188717425, 0.0004933470627292991, 0.000477070570923388, 0.0005828653229400516, 0.0003636431065388024, 0.0004886719980277121, 0.0006524915806949139, 0.0008011941099539399, 0.0008082058629952371, 0.0002800078655127436, 0.00020238033903297037, 0.0001465026434743777, 0.00023892067838460207, 0.0004036967584397644, 0.0004113821196369827, 0.00023038333165459335, 0.0002671654801815748, 0.00032597174867987633, 0.00037860203883610666, 0.00026418245397508144, 0.0001870758569566533, 3.7958394386805594e-05, 5.5508684454252943e-05, 6.523939373437315e-05, 0.00010150409798370674, 6.270359153859317e-05, 2.9097389415255748e-05, 3.478614235064015e-05, 6.904247857164592e-05, 0.0001070035868906416, 5.989764758851379e-05, 2.4186678274418227e-05, 2.302025313838385e-05, 1.1091690794273745e-05, 4.672711838793475e-06, 4.345207344158553e-06, 9.230552677763626e-06, 1.1174855899298564e-05, 4.46032117906725e-06, 6.685012976959115e-06, 1.0160587407881394e-05, 1.4585008102585562e-05, 2.508745455997996e-05, 2.1573452613665722e-05, 1.0513128472666722e-05, 4.2376727833470795e-06, 1.7816089439293137e-06, 1.4613759731219034e-06, 1.1871363767568255e-06, 9.911287861541496e-07, 1.2756803471347666e-06, 1.1608696013354347e-06, 1.181347329293203e-06, 1.2258713013579836e-06, 1.8863782997868839e-06, 2.3083964606485097e-06, 1.3907006177760195e-06, 2.1923819986113813e-06, 2.066208253381774e-06, 1.730393705656752e-06, 1.2572769492180669e-06, 9.99569465420791e-07, 1.0355397535022348e-06, 9.706000128062442e-07, 7.96981225903437e-07, 7.765406735416036e-07, 7.725262776148156e-07, 1.0124986147275195e-06, 1.0001651844504522e-06, 9.269002703149454e-07, 9.592162086846656e-07, 1.2793277619493892e-06, 1.118745331041282e-06, 1.006707975648169e-06, 1.1518006886035437e-06, 8.683241503604222e-07, 7.19998467957339e-07, 5.833337581861997e-07, 4.790007892552239e-07, 3.646473203389178e-07, 3.1689435786574904e-07, 3.19330780484961e-07, 2.651730426350696e-07, 2.1849128017947805e-07, 1.731303740371004e-07, 1.2720045106107136e-07, 1.2467990018194541e-07, 6.09477410762338e-08, 5.509769707146006e-08, 4.8662098350860106e-08, 2.867523285488005e-08, 2.1014617601622376e-08, 1.4306568152377963e-09, 6.550929243509529e-10, 5.502463484852171e-10, 4.300739972484813e-11, 2.6130392988266138e-11, 1.9955554569905942e-11, 1.6312111383864902e-11, 1.0134199902867014e-11, 7.88266587420372e-12, 7.78279610896826e-12], "lowlevel.mfcc.mean": [-713.5957641601562, 169.71336364746094, -24.570270538330078, 29.244476318359375, 25.426918029785156, 15.465058326721191, 11.735960006713867, 13.55904483795166, 3.6579995155334473, 12.377643585205078, 8.605649948120117, -3.3207502365112305, 16.32453155517578], "lowlevel.spectral_contrast_coeffs.mean": [-0.7131444215774536, -0.7197773456573486, -0.7708969712257385, -0.7828361392021179, -0.7434453964233398, -0.76228266954422], "lowlevel.spectral_contrast_coeffs.stdev": [0.06677698343992233, 0.12137849628925323, 0.09125956892967224, 0.0693662241101265, 0.056744128465652466, 0.04695969820022583], "lowlevel.spectral_contrast_valleys.mean": [-6.809978485107422, -7.550012588500977, -7.773254871368408, -7.743366718292236, -8.576940536499023, -12.051836967468262], "lowlevel.spectral_contrast_valleys.stdev": [0.5799267888069153, 0.6823269128799438, 0.6229053735733032, 0.45244160294532776, 0.8512969613075256, 1.5100756883621216], "rhythm.beats_loudness_band_ratio.mean": [0.7885225415229797, 0.04236709326505661, 0.08244028687477112, 0.06151242181658745, 0.021300293505191803, 0.007191708777099848], "rhythm.beats_loudness_band_ratio.stdev": [0.21370606124401093, 0.08446415513753891, 0.14945484697818756, 0.11642912775278091, 0.028079766780138016, 0.008927581831812859], "tonal.hpcp.mean": [0.2700580954551697, 0.0440029613673687, 0.021067610010504723, 0.0165617223829031, 0.017695529386401176, 0.024043705314397812, 0.03423505276441574, 0.05826983600854874, 0.12664388120174408, 0.17193090915679932, 0.14760228991508484, 0.11476374417543411, 0.08184047043323517, 0.07868625968694687, 0.23901504278182983, 0.398988276720047, 0.25225257873535156, 0.05928841233253479, 0.023639226332306862, 0.019093571230769157, 0.04051760211586952, 0.06494398415088654, 0.056207574903964996, 0.0503610260784626, 0.04684560373425484, 0.028420142829418182, 0.01893477886915207, 0.020838836207985878, 0.021024426445364952, 0.02232534810900688, 0.02724858559668064, 0.025980805978178978, 0.02387852966785431, 0.023648029193282127, 0.06756579130887985, 0.29412558674812317], "tonal.hpcp.stdev": [0.38016635179519653, 0.1202172040939331, 0.09553279727697372, 0.08932117372751236, 0.0926244929432869, 0.1124798059463501, 0.1382400393486023, 0.16870801150798798, 0.27602332830429077, 0.30639901757240295, 0.2925952970981598, 0.26447078585624695, 0.21758246421813965, 0.21094653010368347, 0.30397945642471313, 0.4435812532901764, 0.31573644280433655, 0.18009255826473236, 0.10328144580125809, 0.07633334398269653, 0.10962788760662079, 0.16175638139247894, 0.1697734296321869, 0.15925268828868866, 0.1522863507270813, 0.1139325201511383, 0.0788915604352951, 0.08817325532436371, 0.0863717794418335, 0.08344002068042755, 0.10548372566699982, 0.10516633838415146, 0.10088860988616943, 0.0985257551074028, 0.1429913341999054, 0.41277754306793213], "rhythm.beats_position": [0.4876190423965454, 0.9868480563163757, 1.486077070236206, 1.9853061437606812, 2.4845352172851562, 2.9953742027282715, 3.5062131881713867, 4.017052173614502, 4.539501190185547, 5.061950206756592, 5.572789192199707, 6.095238208770752, 6.617686748504639, 7.140135765075684, 7.6625847816467285, 8.173423767089844, 8.695873260498047, 9.218321800231934, 9.729161262512207, 10.251609802246094, 10.77405834197998, 11.284897804260254, 11.80734634399414, 12.329795837402344, 12.85224437713623, 13.374693870544434, 13.88553237915039, 14.396371841430664, 14.91882038116455, 15.441269874572754, 15.96371841430664, 16.486167907714844, 17.008617401123047, 17.531064987182617, 18.04190444946289, 18.564353942871094, 19.086801528930664, 19.597640991210938, 20.13170051574707, 20.642539978027344, 21.164987564086914, 21.687437057495117, 22.20988655090332, 22.732336044311523, 23.243173599243164, 23.754013061523438, 24.28807258605957, 24.798912048339844, 25.309749603271484, 25.820589065551758, 26.35464859008789, 26.88870620727539, 27.399545669555664, 27.910385131835938, 28.43283462524414, 28.95528221130371, 29.466121673583984], "rhythm.bpm_histogram": [0.0, 0.0, 0.0, 0.0, 0.0, 0.0, 0.0, 0.0, 0.0, 0.0, 0.0, 0.0, 0.0, 0.0, 0.0, 0.0, 0.0, 0.0, 0.0, 0.0, 0.0, 0.0, 0.0, 0.0, 0.0, 0.0, 0.0, 0.0, 0.0, 0.0, 0.0, 0.0, 0.0, 0.0, 0.0, 0.0, 0.0, 0.0, 0.0, 0.0, 0.0, 0.0, 0.0, 0.0, 0.0, 0.0, 0.0, 0.0, 0.0, 0.0, 0.0, 0.0, 0.0, 0.0, 0.0, 0.0, 0.0, 0.0, 0.0, 0.0, 0.0, 0.0, 0.0, 0.0, 0.0, 0.0, 0.0, 0.0, 0.0, 0.0, 0.0, 0.0, 0.0, 0.0, 0.0, 0.0, 0.0, 0.0, 0.0, 0.0, 0.0, 0.0, 0.0, 0.0, 0.0, 0.0, 0.0, 0.0, 0.0, 0.0, 0.0, 0.0, 0.0, 0.0, 0.0, 0.0, 0.0, 0.0, 0.0, 0.0, 0.0, 0.0, 0.0, 0.0, 0.0, 0.0, 0.0, 0.0, 0.0, 0.0, 0.0, 0.0, 0.0714285746216774, 0.0, 0.0, 0.5, 0.0, 0.3571428656578064, 0.0, 0.0, 0.0714285746216774, 0.0, 0.0, 0.0, 0.0, 0.0, 0.0, 0.0, 0.0, 0.0, 0.0, 0.0, 0.0, 0.0, 0.0, 0.0, 0.0, 0.0, 0.0, 0.0, 0.0, 0.0, 0.0, 0.0, 0.0, 0.0, 0.0, 0.0, 0.0, 0.0, 0.0, 0.0, 0.0, 0.0, 0.0, 0.0, 0.0, 0.0, 0.0, 0.0, 0.0, 0.0, 0.0, 0.0, 0.0, 0.0, 0.0, 0.0, 0.0, 0.0, 0.0, 0.0, 0.0, 0.0, 0.0, 0.0, 0.0, 0.0, 0.0, 0.0, 0.0, 0.0, 0.0, 0.0, 0.0, 0.0, 0.0, 0.0, 0.0, 0.0, 0.0, 0.0, 0.0, 0.0, 0.0, 0.0, 0.0, 0.0, 0.0, 0.0, 0.0, 0.0, 0.0, 0.0, 0.0, 0.0, 0.0, 0.0, 0.0, 0.0, 0.0, 0.0, 0.0, 0.0, 0.0, 0.0, 0.0, 0.0, 0.0, 0.0, 0.0, 0.0, 0.0, 0.0, 0.0, 0.0, 0.0, 0.0, 0.0, 0.0, 0.0, 0.0, 0.0, 0.0, 0.0, 0.0, 0.0, 0.0, 0.0, 0.0, 0.0, 0.0, 0.0, 0.0, 0.0, 0.0, 0.0, 0.0, 0.0, 0.0], "tonal.chords_histogram": [3.0864198207855225, 0.0, 0.0, 4.012345790863037, 7.870370388031006, 0.0, 0.0, 0.0, 0.0, 0.0, 0.0, 9.259259223937988, 0.6172839403152466, 0.0, 0.0, 0.0, 1.8518518209457397, 40.27777862548828, 11.419753074645996, 8.024691581726074, 5.864197731018066, 0.0, 6.327160358428955, 1.3888888359069824], "tonal.thpcp": [1.0, 0.6322305798530579, 0.1485968828201294, 0.05924792215228081, 0.047854967415332794, 0.1015508621931076, 0.16277165710926056, 0.14087525010108948, 0.12622182071208954, 0.11741098016500473, 0.07123052328824997, 0.047456979751586914, 0.05222919583320618, 0.05269434675574303, 0.05595489591360092, 0.06829420477151871, 0.06511671841144562, 0.059847697615623474, 0.0592699833214283, 0.1693428009748459, 0.7371785044670105, 0.6768572330474854, 0.11028635501861572, 0.05280257761478424, 0.041509296745061874, 0.0443510003387928, 0.06026168540120125, 0.08580465614795685, 0.14604398608207703, 0.31741252541542053, 0.4309172034263611, 0.3699414134025574, 0.2876368761062622, 0.20511998236179352, 0.19721446931362152, 0.5990527868270874], "lowlevel.gfcc.cov": [[6601.35400390625, -2114.452392578125, 366.3991394042969, -395.8576354980469, -1576.9609375, 457.33245849609375, -54.43898010253906, 679.0970458984375, -227.24609375, 807.40380859375, -259.0843811035156, 412.6230773925781, -137.1485137939453], [-2114.452392578125, 1824.2486572265625, -629.5634155273438, -101.40487670898438, 661.1153564453125, -568.0137329101562, 237.3810577392578, -366.80694580078125, 168.1644287109375, -367.49053955078125, 214.04595947265625, -265.6893615722656, 97.25553131103516], [366.3991394042969, -629.5634155273438, 671.6297607421875, 233.5493621826172, -110.61646270751953, 226.99667358398438, -245.00025939941406, 91.32854461669922, -43.83548355102539, 85.11524963378906, -72.99824523925781, 101.49150848388672, -31.53021240234375], [-395.8576354980469, -101.40487670898438, 233.5493621826172, 395.72125244140625, 177.7086181640625, 26.887935638427734, -132.09523010253906, -65.96871948242188, -5.556251049041748, -93.72915649414062, -5.718902111053467, -3.9086077213287354, 51.76735305786133], [-1576.9609375, 661.1153564453125, -110.61646270751953, 177.7086181640625, 677.8753662109375, -127.55062866210938, 69.4650650024414, -191.43832397460938, 70.30741882324219, -232.52566528320312, 46.7507438659668, -98.37223815917969, 59.86225509643555], [457.33245849609375, -568.0137329101562, 226.99667358398438, 26.887935638427734, -127.55062866210938, 490.6545715332031, 64.60008239746094, 80.52442932128906, -25.502418518066406, 67.5506820678711, -38.12033462524414, 64.85626983642578, -37.553192138671875], [-54.43898010253906, 237.3810577392578, -245.00025939941406, -132.09523010253906, 69.4650650024414, 64.60008239746094, 355.7048645019531, 2.969794988632202, 63.393062591552734, -21.442028045654297, 41.706329345703125, -49.47323226928711, -19.029186248779297], [679.0970458984375, -366.80694580078125, 91.32854461669922, -65.96871948242188, -191.43832397460938, 80.52442932128906, 2.969794988632202, 219.53762817382812, 26.342729568481445, 146.1756591796875, -36.515296936035156, 49.489994049072266, -23.404476165771484], [-227.24609375, 168.1644287109375, -43.83548355102539, -5.556251049041748, 70.30741882324219, -25.502418518066406, 63.393062591552734, 26.342729568481445, 159.59524536132812, 4.693551063537598, 20.837772369384766, -54.12902069091797, -0.5954918265342712], [807.40380859375, -367.49053955078125, 85.11524963378906, -93.72915649414062, -232.52566528320312, 67.5506820678711, -21.442028045654297, 146.1756591796875, 4.693551063537598, 211.59014892578125, -31.07042121887207, 62.40947341918945, -29.923730850219727], [-259.0843811035156, 214.04595947265625, -72.99824523925781, -5.718902111053467, 46.7507438659668, -38.12033462524414, 41.706329345703125, -36.515296936035156, 20.837772369384766, -31.07042121887207, 115.5425033569336, -10.167040824890137, 16.08692741394043], [412.6230773925781, -265.6893615722656, 101.49150848388672, -3.9086077213287354, -98.37223815917969, 64.85626983642578, -49.47323226928711, 49.489994049072266, -54.12902069091797, 62.40947341918945, -10.167040824890137, 136.322509765625, 22.043312072753906], [-137.1485137939453, 97.25553131103516, -31.53021240234375, 51.76735305786133, 59.86225509643555, -37.553192138671875, -19.029186248779297, -23.404476165771484, -0.5954918265342712, -29.923730850219727, 16.08692741394043, 22.043312072753906, 110.47119140625]], "lowlevel.gfcc.icov": [[0.0005425027338787913, -0.0002698047610465437, 0.00016751578368712217, -0.0004903183435089886, 0.0009392946376465261, -0.0001460560451960191, -0.00030787501600570977, -0.00047482087393291295, 0.0005064136348664761, -0.0010731405345723033, 0.0008516989764757454, -0.0007783623295836151, 0.00021968342480249703], [-0.0002698047610465437, 0.00583479180932045, -0.0006014332175254822, 0.0038685575127601624, -0.002566190902143717, 0.00406691012904048, -0.0014258641749620438, 0.004031784366816282, -0.002876620041206479, 0.0036626227665692568, -0.005104364827275276, 0.004299194552004337, -0.003212546231225133], [0.00016751578368712217, -0.0006014332175254822, 0.004082707688212395, -0.002482919953763485, 0.0003504024352878332, -0.0018917578272521496, 0.0022308414336293936, -0.0012724058469757438, -4.625144356396049e-05, -0.0012191733112558722, 0.0011520441621541977, -0.0021069434005767107, 0.0022701409179717302], [-0.0004903183435089886, 0.0038685575127601624, -0.002482919953763485, 0.00783092062920332, -0.0030434036161750555, 0.0024261544458568096, 0.00014739131438545883, 0.0030598852317780256, -0.0022473654244095087, 0.004481421783566475, -0.003927562851458788, 0.004147352650761604, -0.004299038555473089], [0.0009392946376465261, -0.002566190902143717, 0.0003504024352878332, -0.0030434036161750555, 0.005386455450206995, -0.0012710271403193474, -0.0007475142483599484, -0.0011636116541922092, 0.0005954323569312692, -0.0010315491817891598, 0.0034700767137110233, -0.002742632757872343, 0.0009910468943417072], [-0.0001460560451960191, 0.00406691012904048, -0.0018917578272521496, 0.0024261544458568096, -0.0012710271403193474, 0.006140194367617369, -0.003035635454580188, 0.002702013123780489, -0.0015740615781396627, 0.0025999441277235746, -0.003003596095368266, 0.0021961957681924105, -0.001918057561852038], [-0.00030787501600570977, -0.0014258641749620438, 0.0022308414336293936, 0.00014739131438545883, -0.0007475142483599484, -0.003035635454580188, 0.006226042285561562, -0.0017342340433970094, -0.000760778144467622, 0.0001768148795235902, -0.00020749849500134587, -0.0003780873375944793, 0.001668357290327549], [-0.00047482087393291295, 0.004031784366816282, -0.0012724058469757438, 0.0030598852317780256, -0.0011636116541922092, 0.002702013123780489, -0.0017342340433970094, 0.012762990780174732, -0.004584743641316891, -0.0016714257653802633, -0.002243072958663106, 0.0021332120522856712, -0.0025581729132682085], [0.0005064136348664761, -0.002876620041206479, -4.625144356396049e-05, -0.0022473654244095087, 0.0005954323569312692, -0.0015740615781396627, -0.000760778144467622, -0.004584743641316891, 0.010963507927954197, -0.004081506282091141, 0.0013626916334033012, 0.001611935906112194, 0.0006744592683389783], [-0.0010731405345723033, 0.0036626227665692568, -0.0012191733112558722, 0.004481421783566475, -0.0010315491817891598, 0.0025999441277235746, 0.0001768148795235902, -0.0016714257653802633, -0.004081506282091141, 0.015884019434452057, -0.003769549308344722, 0.0011465399293228984, -0.00128489313647151], [0.0008516989764757454, -0.005104364827275276, 0.0011520441621541977, -0.003927562851458788, 0.0034700767137110233, -0.003003596095368266, -0.00020749849500134587, -0.002243072958663106, 0.0013626916334033012, -0.003769549308344722, 0.015453425236046314, -0.005759791471064091, 0.0021932616364210844], [-0.0007783623295836151, 0.004299194552004337, -0.0021069434005767107, 0.004147352650761604, -0.002742632757872343, 0.0021961957681924105, -0.0003780873375944793, 0.0021332120522856712, 0.001611935906112194, 0.0011465399293228984, -0.005759791471064091, 0.01661297306418419, -0.006833402905613184], [0.00021968342480249703, -0.003212546231225133, 0.0022701409179717302, -0.004299038555473089, 0.0009910468943417072, -0.001918057561852038, 0.001668357290327549, -0.0025581729132682085, 0.0006744592683389783, -0.00128489313647151, 0.0021932616364210844, -0.006833402905613184, 0.01407167874276638]], "lowlevel.mfcc.cov": [[6023.203125, -1850.11669921875, 912.9974975585938, -713.2315673828125, -1065.0223388671875, -241.55569458007812, -40.65399932861328, -177.1547393798828, 188.16493225097656, 116.88916015625, 174.01866149902344, 251.71121215820312, 73.29335021972656], [-1850.11669921875, 1770.0423583984375, -949.3464965820312, 310.9316101074219, 113.81195831298828, -57.620750427246094, -27.23494529724121, 44.43537139892578, -160.12660217285156, 2.6497268676757812, -43.23396301269531, -138.79815673828125, 114.4180679321289], [912.9974975585938, -949.3464965820312, 860.7045288085938, -149.70486450195312, 22.425376892089844, 32.1332893371582, -33.597652435302734, -58.446128845214844, 59.209049224853516, -46.69184494018555, 33.71029281616211, 107.28861236572266, -88.1842041015625], [-713.2315673828125, 310.9316101074219, -149.70486450195312, 406.5996398925781, 249.14939880371094, -27.145992279052734, -61.42923355102539, -20.681289672851562, -18.73192596435547, -67.51835632324219, -83.23372650146484, -27.957599639892578, 2.6547024250030518], [-1065.0223388671875, 113.81195831298828, 22.425376892089844, 249.14939880371094, 482.9876403808594, 70.33036041259766, -29.965078353881836, 1.9638248682022095, 3.871277093887329, -79.69149017333984, -71.15235900878906, -41.06768035888672, -63.2001953125], [-241.55569458007812, -57.620750427246094, 32.1332893371582, -27.145992279052734, 70.33036041259766, 246.3547821044922, 96.9308090209961, 73.04620361328125, 18.815366744995117, 10.062933921813965, 6.9300217628479, -32.265541076660156, -61.40966796875], [-40.65399932861328, -27.23494529724121, -33.597652435302734, -61.42923355102539, -29.965078353881836, 96.9308090209961, 170.83665466308594, 74.15953063964844, 8.886744499206543, 12.015929222106934, 4.856393814086914, 0.04719589278101921, -3.0496578216552734], [-177.1547393798828, 44.43537139892578, -58.446128845214844, -20.681289672851562, 1.9638248682022095, 73.04620361328125, 74.15953063964844, 132.15963745117188, 20.348499298095703, 21.410686492919922, 14.724008560180664, -2.60003924369812, -6.446152687072754], [188.16493225097656, -160.12660217285156, 59.209049224853516, -18.73192596435547, 3.871277093887329, 18.815366744995117, 8.886744499206543, 20.348499298095703, 143.24989318847656, 56.4743766784668, 21.26158905029297, 16.443252563476562, -20.046228408813477], [116.88916015625, 2.6497268676757812, -46.69184494018555, -67.51835632324219, -79.69149017333984, 10.062933921813965, 12.015929222106934, 21.410686492919922, 56.4743766784668, 151.75729370117188, 68.17400360107422, 16.061277389526367, -6.831233024597168], [174.01866149902344, -43.23396301269531, 33.71029281616211, -83.23372650146484, -71.15235900878906, 6.9300217628479, 4.856393814086914, 14.724008560180664, 21.26158905029297, 68.17400360107422, 127.65885925292969, 37.67513656616211, 0.8724877238273621], [251.71121215820312, -138.79815673828125, 107.28861236572266, -27.957599639892578, -41.06768035888672, -32.265541076660156, 0.04719589278101921, -2.60003924369812, 16.443252563476562, 16.061277389526367, 37.67513656616211, 105.36029052734375, 19.13187026977539], [73.29335021972656, 114.4180679321289, -88.1842041015625, 2.6547024250030518, -63.2001953125, -61.40966796875, -3.0496578216552734, -6.446152687072754, -20.046228408813477, -6.831233024597168, 0.8724877238273621, 19.13187026977539, 105.99199676513672]], "lowlevel.mfcc.icov": [[0.0005136664258316159, 0.0003897988353855908, -8.122330473270267e-05, -2.2329493731376715e-05, 0.001045526354573667, 0.00010737263801274821, 0.00011235211422899738, 0.00040254415944218636, -0.0004041421052534133, 0.00021525374904740602, -4.993855327484198e-05, -0.00010715411190176383, -0.00017247020150534809], [0.0003897988353855908, 0.0020620909053832293, 0.0016020878683775663, -0.0005449982709251344, 0.00042913618381135166, 8.8112210505642e-05, 0.0005202269530855119, 1.0522111551836133e-05, 0.000972179404925555, -5.577388947131112e-05, -0.0006500540766865015, 0.0004229903861414641, -0.0007171824690885842], [-8.122330473270267e-05, 0.0016020878683775663, 0.0036670102272182703, 0.0005653838161379099, -0.0007901093922555447, -0.000478293135529384, 0.0009494623518548906, 0.0006327437004074454, 0.0003747972077690065, 0.0012780091492459178, -0.000645130465272814, -0.001958032138645649, 0.001193028874695301], [-2.2329493731376715e-05, -0.0005449982709251344, 0.0005653838161379099, 0.004941565450280905, -0.0022031855769455433, 0.00023619073908776045, 0.0011162065202370286, 0.00021400304103735834, -0.0006226821569725871, 0.0007007676176726818, 0.0017343731597065926, -0.0013356488198041916, -2.7125726774102077e-05], [0.001045526354573667, 0.00042913618381135166, -0.0007901093922555447, -0.0022031855769455433, 0.006074326112866402, -0.0007983391988091171, 0.0006170359556563199, 0.0005864686099812388, -0.0015432342188432813, 0.0016086944378912449, 0.0001794726267689839, 0.00013654783833771944, 0.0012101101456210017], [0.00010737263801274821, 8.8112210505642e-05, -0.000478293135529384, 0.00023619073908776045, -0.0007983391988091171, 0.0073640174232423306, -0.003363510128110647, -0.001935056527145207, 6.430025678128004e-05, -0.00023904691624920815, -0.0008711726986803114, 0.0021700726356357336, 0.002615081612020731], [0.00011235211422899738, 0.0005202269530855119, 0.0009494623518548906, 0.0011162065202370286, 0.0006170359556563199, -0.003363510128110647, 0.009995471686124802, -0.003501847153529525, 0.00015251814329531044, 0.00044050777796655893, 0.0012309831799939275, -0.0014708370435982943, -0.0010709025664255023], [0.00040254415944218636, 1.0522111551836133e-05, 0.0006327437004074454, 0.00021400304103735834, 0.0005864686099812388, -0.001935056527145207, -0.003501847153529525, 0.01176024042069912, -0.0018060602014884353, 0.00020145965390838683, -0.0008645035559311509, -0.0010364028858020902, -6.001495057716966e-05], [-0.0004041421052534133, 0.000972179404925555, 0.0003747972077690065, -0.0006226821569725871, -0.0015432342188432813, 6.430025678128004e-05, 0.00015251814329531044, -0.0018060602014884353, 0.010384180583059788, -0.004456661641597748, 0.0003773154749069363, -4.896213431493379e-05, 0.00025148980785161257], [0.00021525374904740602, -5.577388947131112e-05, 0.0012780091492459178, 0.0007007676176726818, 0.0016086944378912449, -0.00023904691624920815, 0.00044050777796655893, 0.00020145965390838683, -0.004456661641597748, 0.011861206032335758, -0.004649418406188488, -0.0009456678526476026, 0.0019332891097292304], [-4.993855327484198e-05, -0.0006500540766865015, -0.000645130465272814, 0.0017343731597065926, 0.0001794726267689839, -0.0008711726986803114, 0.0012309831799939275, -0.0008645035559311509, 0.0003773154749069363, -0.004649418406188488, 0.012708461843430996, -0.003748494666069746, 8.49063799250871e-05], [-0.00010715411190176383, 0.0004229903861414641, -0.001958032138645649, -0.0013356488198041916, 0.00013654783833771944, 0.0021700726356357336, -0.0014708370435982943, -0.0010364028858020902, -4.896213431493379e-05, -0.0009456678526476026, -0.003748494666069746, 0.014754998497664928, -0.0034474364947527647], [-0.00017247020150534809, -0.0007171824690885842, 0.001193028874695301, -2.7125726774102077e-05, 0.0012101101456210017, 0.002615081612020731, -0.0010709025664255023, -6.001495057716966e-05, 0.00025148980785161257, 0.0019332891097292304, 8.49063799250871e-05, -0.0034474364947527647, 0.014317360706627369]], "metadata.audio_properties.analysis.downmix": "mix", "metadata.audio_properties.codec": "mp3", "metadata.audio_properties.md5_encoded": "ea4a318c1a6599afd5b7ade4c5f85254", "metadata.tags.file_name": "1182277180693155902.mp3", "metadata.version.essentia": "2.1-beta6-dev", "metadata.version.essentia_git_sha": "v2.1_beta5-1110-g77a6a954", "metadata.version.extractor": "music 2.0", "tonal.chords_key": "D", "tonal.chords_scale": "minor", "tonal.key_edma.key": "D", "tonal.key_edma.scale": "major", "tonal.key_krumhansl.key": "D", "tonal.key_krumhansl.scale": "major", "tonal.key_temperley.key": "D", "tonal.key_temperley.scale": "major", "metadata.tags.encoding": ["Lavf58.45.100"]}, "essentia_models": [{"model_name": "g