{"song_id": "1182277086241620038", "download": "https://cdn.discordapp.com/attachments/1128313332273782784/1182277086241620038/chirp.mp4?ex=65841c57&amp", "lyrics": "\u79c1\u3092\u98df\u3079\u308b \u79c1\u3092\u98df\u3079\u308b \u79c1\u3092\u98df\u3079\u308b \u79c1\u3092\u98df\u3079\u308b \u79c1\u3092\u98df\u3079\u308b \u79c1\u3092\u98df\u3079\u308b \u79c1\u3092\u98df\u3079\u308b \u79c1\u3092\u98df\u3079\u308b \u79c1\u3092\u98df\u3079\u308b \u79c1\u3092\u98df\u3079\u308b \u79c1\u3092\u98df\u3079\u308b \u79c1\u3092\u98df\u3079\u308b", "style": ["funk"], "essentia_features": {"lowlevel.average_loudness": 0.9871061444282532, "lowlevel.barkbands_crest.mean": 16.64323616027832, "lowlevel.barkbands_crest.stdev": 7.960989952087402, "lowlevel.barkbands_flatness_db.mean": 0.251848965883255, "lowlevel.barkbands_flatness_db.stdev": 0.15114083886146545, "lowlevel.barkbands_kurtosis.mean": 186.3367919921875, "lowlevel.barkbands_kurtosis.stdev": 731.884521484375, "lowlevel.barkbands_skewness.mean": 6.21599817276001, "lowlevel.barkbands_skewness.stdev": 10.225096702575684, "lowlevel.barkbands_spread.mean": 30.49163818359375, "lowlevel.barkbands_spread.stdev": 31.210277557373047, "lowlevel.dissonance.mean": 0.4737566411495209, "lowlevel.dissonance.stdev": 0.04470130056142807, "lowlevel.dynamic_complexity": 3.600742816925049, "lowlevel.erbbands_crest.mean": 11.195989608764648, "lowlevel.erbbands_crest.stdev": 6.742694854736328, "lowlevel.erbbands_flatness_db.mean": 0.1563323587179184, "lowlevel.erbbands_flatness_db.stdev": 0.06712658703327179, "lowlevel.erbbands_kurtosis.mean": 5.118310451507568, "lowlevel.erbbands_kurtosis.stdev": 15.219000816345215, "lowlevel.erbbands_skewness.mean": 0.08763457089662552, "lowlevel.erbbands_skewness.stdev": 2.0337483882904053, "lowlevel.erbbands_spread.mean": 79.87132263183594, "lowlevel.erbbands_spread.stdev": 57.527565002441406, "lowlevel.hfc.mean": 40.795677185058594, "lowlevel.hfc.stdev": 52.3560905456543, "lowlevel.loudness_ebu128.integrated": -15.188116073608398, "lowlevel.loudness_ebu128.loudness_range": 0.5051813125610352, "lowlevel.loudness_ebu128.momentary.mean": -15.419449806213379, "lowlevel.loudness_ebu128.momentary.stdev": 1.4819284677505493, "lowlevel.loudness_ebu128.short_term.mean": -15.181509017944336, "lowlevel.loudness_ebu128.short_term.stdev": 0.17011487483978271, "lowlevel.melbands_crest.mean": 19.9841251373291, "lowlevel.melbands_crest.stdev": 7.033971786499023, "lowlevel.melbands_flatness_db.mean": 0.3209313750267029, "lowlevel.melbands_flatness_db.stdev": 0.1926499605178833, "lowlevel.melbands_kurtosis.mean": 259.9695129394531, "lowlevel.melbands_kurtosis.stdev": 352.2994689941406, "lowlevel.melbands_skewness.mean": 9.428207397460938, "lowlevel.melbands_skewness.stdev": 8.587075233459473, "lowlevel.melbands_spread.mean": 34.44355392456055, "lowlevel.melbands_spread.stdev": 52.09166717529297, "lowlevel.pitch_salience.mean": 0.32983192801475525, "lowlevel.pitch_salience.stdev": 0.2539026737213135, "lowlevel.silence_rate_20dB.mean": 0.9455388188362122, "lowlevel.silence_rate_20dB.stdev": 0.22692765295505524, "lowlevel.silence_rate_30dB.mean": 0.7977983951568604, "lowlevel.silence_rate_30dB.stdev": 0.40164002776145935, "lowlevel.silence_rate_60dB.mean": 0.13789108395576477, "lowlevel.silence_rate_60dB.stdev": 0.34478360414505005, "lowlevel.spectral_centroid.mean": 1816.84326171875, "lowlevel.spectral_centroid.stdev": 1546.8492431640625, "lowlevel.spectral_complexity.mean": 7.859791278839111, "lowlevel.spectral_complexity.stdev": 12.4641752243042, "lowlevel.spectral_decrease.mean": -1.9590787658785302e-08, "lowlevel.spectral_decrease.stdev": 2.8471355051351566e-08, "lowlevel.spectral_energy.mean": 0.07764044404029846, "lowlevel.spectral_energy.stdev": 0.10874360054731369, "lowlevel.spectral_energyband_high.mean": 0.0037362338043749332, "lowlevel.spectral_energyband_high.stdev": 0.0056700087152421474, "lowlevel.spectral_energyband_low.mean": 0.06924299895763397, "lowlevel.spectral_energyband_low.stdev": 0.10879430919885635, "lowlevel.spectral_energyband_middle_high.mean": 0.001452698023058474, "lowlevel.spectral_energyband_middle_high.stdev": 0.0031686953734606504, "lowlevel.spectral_energyband_middle_low.mean": 0.004180805757641792, "lowlevel.spectral_energyband_middle_low.stdev": 0.01095762848854065, "lowlevel.spectral_entropy.mean": 7.766764163970947, "lowlevel.spectral_entropy.stdev": 0.9725991487503052, "lowlevel.spectral_flux.mean": 0.1345793455839157, "lowlevel.spectral_flux.stdev": 0.11883248388767242, "lowlevel.spectral_kurtosis.mean": 2.675363779067993, "lowlevel.spectral_kurtosis.stdev": 9.171249389648438, "lowlevel.spectral_rms.mean": 0.00691604008898139, "lowlevel.spectral_rms.stdev": 0.005283481907099485, "lowlevel.spectral_rolloff.mean": 3034.0927734375, "lowlevel.spectral_rolloff.stdev": 3975.404052734375, "lowlevel.spectral_skewness.mean": 1.0437694787979126, "lowlevel.spectral_skewness.stdev": 1.0370806455612183, "lowlevel.spectral_spread.mean": 8454072.0, "lowlevel.spectral_spread.stdev": 2999024.75, "lowlevel.spectral_strongpeak.mean": 0.7390588521957397, "lowlevel.spectral_strongpeak.stdev": 0.7253460884094238, "lowlevel.zerocrossingrate.mean": 0.1027359589934349, "lowlevel.zerocrossingrate.stdev": 0.10083353519439697, "metadata.audio_properties.analysis.equal_loudness": 0.0, "metadata.audio_properties.analysis.length": 40.04265213012695, "metadata.audio_properties.analysis.sample_rate": 44100.0, "metadata.audio_properties.analysis.start_time": 0.0, "metadata.audio_properties.bit_rate": 131794.0, "metadata.audio_properties.length": 40.042667388916016, "metadata.audio_properties.lossless": 0.0, "metadata.audio_properties.number_channels": 1.0, "metadata.audio_properties.replay_gain": -8.899538040161133, "metadata.audio_properties.sample_rate": 48000.0, "rhythm.beats_count": 81.0, "rhythm.beats_loudness.mean": 0.04307812824845314, "rhythm.beats_loudness.stdev": 0.032903216779232025, "rhythm.bpm": 122.26451873779297, "rhythm.bpm_histogram_first_peak_bpm": 123.0, "rhythm.bpm_histogram_first_peak_weight": 0.30645161867141724, "rhythm.bpm_histogram_second_peak_bpm": 117.0, "rhythm.bpm_histogram_second_peak_spread": 0.0, "rhythm.bpm_histogram_second_peak_weight": 0.20000000298023224, "rhythm.danceability": 3.189948081970215, "rhythm.onset_rate": 6.366338729858398, "tonal.chords_changes_rate": 0.0416666679084301, "tonal.chords_number_rate": 0.0034722222480922937, "tonal.chords_strength.mean": 0.6552640199661255, "tonal.chords_strength.stdev": 0.07009578496217728, "tonal.hpcp_crest.mean": 10.371452331542969, "tonal.hpcp_crest.stdev": 4.960811138153076, "tonal.hpcp_entropy.mean": 2.7010858058929443, "tonal.hpcp_entropy.stdev": 0.8368175625801086, "tonal.key_edma.strength": 0.6049070358276367, "tonal.key_krumhansl.strength": 0.6044808030128479, "tonal.key_temperley.strength": 0.6158114075660706, "tonal.tuning_diatonic_strength": 0.6429598331451416, "tonal.tuning_equal_tempered_deviation": 0.19114969670772552, "tonal.tuning_frequency": 436.20416259765625, "tonal.tuning_nontempered_energy_ratio": 0.8493945598602295, "lowlevel.barkbands.mean": [0.0001644036965444684, 0.05466429889202118, 0.013473215512931347, 0.001553101697936654, 0.001420699991285801, 0.0006486351485364139, 0.00012664652604144067, 0.00013437564484775066, 0.0002489056787453592, 0.0002484724100213498, 0.0002723547222558409, 0.00010481000208528712, 9.526193025521934e-05, 7.341870514210314e-05, 9.788907482288778e-05, 0.00011609480861807242, 0.00010452413698658347, 9.458052954869345e-05, 0.00015420374984387308, 0.00023460436204914004, 0.00035720353480428457, 0.0006398824043571949, 0.0007254771189764142, 0.000703039113432169, 0.000625687709543854, 0.0005299248732626438, 2.8764297894667834e-05], "lowlevel.barkbands.stdev": [0.0003848827036563307, 0.08803053200244904, 0.036204852163791656, 0.005390397738665342, 0.004960086662322283, 0.003627021797001362, 0.00034727525780908763, 0.0004853765422012657, 0.0009562232298776507, 0.000763814605306834, 0.0008793202578090131, 0.0003516293072607368, 0.0002749953418970108, 0.00020994438091292977, 0.00028230645693838596, 0.0003165201051160693, 0.0002997832780238241, 0.0002507882018107921, 0.0003628058184403926, 0.000545999500900507, 0.0007600878016091883, 0.0012839653063565493, 0.0012743324041366577, 0.001113984384573996, 0.0010371648240834475, 0.0009046226623468101, 6.046011912985705e-05], "lowlevel.erbbands.mean": [0.8981562256813049, 14.301321029663086, 22.444442749023438, 7.778598308563232, 4.215134143829346, 3.928358554840088, 8.472447395324707, 4.097148895263672, 1.776023268699646, 2.268889904022217, 3.52030348777771, 5.760166168212891, 5.751194000244141, 13.9763822555542, 6.378880023956299, 4.125456809997559, 4.454115390777588, 3.7905166149139404, 4.659093856811523, 5.408780097961426, 6.589437961578369, 5.962624549865723, 4.997811317443848, 7.091451168060303, 8.85771656036377, 10.733358383178711, 13.66467571258545, 14.628952980041504, 21.86592674255371, 26.621217727661133, 18.597684860229492, 13.987701416015625, 12.360666275024414, 8.11760139465332, 3.6141462326049805, 1.8353240489959717, 1.0760314464569092, 0.20533138513565063, 0.004111089743673801, 0.00021459440176840872], "lowlevel.erbbands.stdev": [1.5614055395126343, 23.144975662231445, 50.01398849487305, 20.66065788269043, 13.925713539123535, 15.345338821411133, 46.6531867980957, 19.819339752197266, 4.7640790939331055, 6.822368144989014, 13.892796516418457, 22.874048233032227, 20.933914184570312, 46.710914611816406, 17.908857345581055, 13.743731498718262, 12.988927841186523, 10.346686363220215, 13.565528869628906, 14.650704383850098, 18.004663467407227, 16.74433708190918, 13.305131912231445, 17.46281623840332, 20.948041915893555, 24.5037841796875, 29.941600799560547, 31.3328914642334, 44.8090705871582, 49.51826858520508, 32.418880462646484, 23.141862869262695, 19.7761173248291, 13.276871681213379, 6.529782772064209, 3.488084077835083, 1.7812203168869019, 0.35436880588531494, 0.006960899569094181, 0.0002573577221482992], "lowlevel.gfcc.mean": [-66.24360656738281, 13.350003242492676, -46.8227653503418, 66.08114624023438, -44.273529052734375, 44.96305847167969, -17.48949432373047, 17.04316520690918, -17.1009521484375, 6.729328155517578, -18.406492233276367, 5.353164196014404, -13.680194854736328], "lowlevel.melbands.mean": [0.01227488275617361, 0.01433196198195219, 0.0013028184184804559, 0.00025125453248620033, 0.00029440547223202884, 9.662473894422874e-05, 2.601687992864754e-05, 2.5962001018342562e-05, 3.085870775976218e-05, 3.641959483502433e-05, 2.70758246188052e-05, 5.507194509846158e-05, 2.6519854145590216e-05, 1.3078218216833193e-05, 9.021671758091543e-06, 9.650323590904009e-06, 6.633257271460025e-06, 7.198623279691674e-06, 7.644955985597335e-06, 7.4165095611533616e-06, 7.732744052191265e-06, 6.3763486650714185e-06, 4.758543582283892e-06, 4.508060555963311e-06, 5.852490630786633e-06, 5.750823220296297e-06, 7.464873760909541e-06, 6.872296580695547e-06, 8.47215051180683e-06, 8.621070264780428e-06, 8.09194716566708e-06, 1.1912018635484856e-05, 1.3503325135388877e-05, 1.5428002370754257e-05, 1.1168165656272322e-05, 8.225014425988775e-06, 8.876282663550228e-06, 9.100124771066476e-06, 8.313789294334128e-06, 6.203673819982214e-06], "lowlevel.melbands.stdev": [0.02005060575902462, 0.025472652167081833, 0.003357495414093137, 0.0007310627843253314, 0.0015631037531420588, 0.000491203973069787, 7.032362191239372e-05, 8.05025701993145e-05, 0.00012739567318931222, 0.00014613181701861322, 0.00010453188588144258, 0.00018131860997527838, 7.674898370169103e-05, 4.334582990850322e-05, 2.9976490623084828e-05, 2.6681287636165507e-05, 1.8879287381423637e-05, 2.1528665456571616e-05, 2.214343476225622e-05, 2.048616443062201e-05, 2.17474989767652e-05, 1.8938466382678598e-05, 1.3090536413074005e-05, 1.1991330211458262e-05, 1.4767350876354612e-05, 1.3468182260112371e-05, 1.8943082977784798e-05, 1.5700246876804158e-05, 1.9329039787407964e-05, 1.8392662241240032e-05, 1.821611112973187e-05, 2.527485048631206e-05, 2.721909186220728e-05, 2.849876727850642e-05, 2.0124574803048745e-05, 1.4752185052202549e-05, 1.4782819562242366e-05, 1.514590530860005e-05, 1.3286029570735991e-05, 1.0656732229108457e-05], "lowlevel.melbands128.mean": [0.0001377094886265695, 0.003537618089467287, 0.018845753744244576, 0.026246745139360428, 0.015915190801024437, 0.00499757518991828, 0.0013745436444878578, 0.000666032952722162, 0.000408745720051229, 0.00015060300938785076, 0.00017840293003246188, 0.0003818977565970272, 0.0003144550428260118, 0.00022004648053552955, 9.327536099590361e-05, 3.2306899811374024e-05, 2.604936707939487e-05, 2.4445331291644834e-05, 2.7585740099311806e-05, 2.2455913494923152e-05, 2.8346728868200444e-05, 2.7429176043369807e-05, 2.9304175768629648e-05, 3.674082472571172e-05, 4.006069138995372e-05, 3.712411125889048e-05, 2.5327188268420286e-05, 2.5372752133989707e-05, 2.9506603823392652e-05, 3.526328509906307e-05, 9.01706880540587e-05, 4.560745946946554e-05, 1.601232543180231e-05, 1.648338366067037e-05, 1.4825937796558719e-05, 1.2376854101603385e-05, 9.421068170922808e-06, 7.997577085916419e-06, 9.075590241991449e-06, 1.1300715414108709e-05, 9.775272701517679e-06, 7.501135769416578e-06, 6.295362709352048e-06, 6.010626293573296e-06, 7.459390417352552e-06, 7.150048986659385e-06, 7.1400108936359175e-06, 8.85693407326471e-06, 7.085470770107349e-06, 6.4392243075417355e-06, 7.71673148847185e-06, 8.196871021937113e-06, 7.751100383757148e-06, 7.955764885991812e-06, 6.588500582438428e-06, 6.668518835795112e-06, 5.685560608981177e-06, 5.124724339111708e-06, 4.359096692496678e-06, 4.049842573294882e-06, 4.176260972599266e-06, 5.057922408013837e-06, 5.945094926573802e-06, 6.314455731626367e-06, 5.245260126685025e-06, 5.648104433930712e-06, 5.803878593724221e-06, 7.034492682578275e-06, 8.604396498412825e-06, 7.069209914334351e-06, 6.1586038100358564e-06, 7.162526344473008e-06, 7.874666152929422e-06, 9.640072676120326e-06, 7.730928700766526e-06, 7.984560397744644e-06, 1.0216689588560257e-05, 7.725684554316103e-06, 7.63440675655147e-06, 7.580594683531672e-06, 1.187578345707152e-05, 1.4016822206031065e-05, 1.234800583915785e-05, 1.2447873814380728e-05, 1.5241969776980113e-05, 1.649117075430695e-05, 1.5436013200087473e-05, 1.3726110410061665e-05, 1.0445505722600501e-05, 1.0143428880837746e-05, 8.754318514547776e-06, 7.629542778886389e-06, 6.961273811612045e-06, 9.097899237531237e-06, 9.449671779293567e-06, 1.1249172530369833e-05, 8.28429347166093e-06, 6.876931820443133e-06, 8.751256245886907e-06, 9.565431355440523e-06, 6.793469310650835e-06, 6.242365088837687e-06, 4.0268851080327295e-06, 5.158169642527355e-06, 3.449443738645641e-06, 3.6850613014394185e-06, 3.763872200579499e-06, 3.3490866826468846e-06, 2.9844973141734954e-06, 2.4775567908363882e-06, 3.4131589927710593e-06, 4.129479293624172e-06, 3.8088596738816705e-06, 3.0980472729424946e-06, 2.803448978738743e-06, 2.908495616793516e-06, 1.2346152971076663e-06, 6.000405505801609e-08, 1.5409329368054614e-10, 8.760386860373615e-11, 5.478012488069339e-11, 1.4406626933083366e-11, 9.213648941019947e-12, 8.95538764672521e-12, 8.716575204681387e-12, 8.464749734482524e-12, 8.310639502961958e-12, 8.243319221667988e-12], "lowlevel.melbands128.stdev": [0.0003486782661639154, 0.007002899888902903, 0.03347330912947655, 0.04405903071165085, 0.033729035407304764, 0.013401948846876621, 0.004337834659963846, 0.002407229971140623, 0.0015091700479388237, 0.0004788261139765382, 0.0007607715087942779, 0.0020103049464523792, 0.0018377332016825676, 0.0013938534539192915, 0.00044981553219258785, 0.00011153422383358702, 8.372042066184804e-05, 7.254238880705088e-05, 8.788419654592872e-05, 7.774402911309153e-05, 0.00010448382090544328, 0.00010766266495920718, 0.00015918810095172375, 0.0001684287708485499, 0.00018799796816892922, 0.00016087295080069453, 0.0001131317694671452, 0.00011502258712425828, 0.00011583894229261205, 0.00011344366066623479, 0.00035944656701758504, 0.000155535526573658, 6.102282350184396e-05, 5.896413131267764e-05, 5.351663276087493e-05, 4.619002720573917e-05, 4.067646659677848e-05, 2.7867765311384574e-05, 3.386249591130763e-05, 3.583978468668647e-05, 2.8552156436489895e-05, 2.3485854399041273e-05, 1.9900104234693572e-05, 2.0376633983687498e-05, 2.558615778980311e-05, 2.389178189332597e-05, 2.5241937692044303e-05, 2.855115781130735e-05, 2.1908917915425263e-05, 1.9462642740109004e-05, 2.3611049982719123e-05, 2.7326028430252336e-05, 2.353660784137901e-05, 2.5772651497391053e-05, 2.19116045627743e-05, 2.3237100322148763e-05, 1.667685319262091e-05, 1.545950726722367e-05, 1.3534525351133198e-05, 1.2639517080970109e-05, 1.2293084182601888e-05, 1.3824563211528584e-05, 1.6794807379483245e-05, 1.7279475287068635e-05, 1.3680873053090181e-05, 1.414588223269675e-05, 1.486393011873588e-05, 1.8883041775552556e-05, 2.4347526050405577e-05, 1.8880156858358532e-05, 1.5149247701629065e-05, 1.8219032426713966e-05, 1.9516450265655294e-05, 2.430473978165537e-05, 1.8172928321291693e-05, 1.7997757822740823e-05, 2.3774788132868707e-05, 1.833959322539158e-05, 1.888199767563492e-05, 1.951956255652476e-05, 2.8793287128792144e-05, 3.0664577934658155e-05, 2.7310203222441487e-05, 2.8832306270487607e-05, 3.126689261989668e-05, 3.412089790799655e-05, 2.87607399513945e-05, 2.814543040585704e-05, 2.089544250338804e-05, 1.9041443010792136e-05, 1.6351157682947814e-05, 1.6153882825165056e-05, 1.3951114851806778e-05, 1.7348547771689482e-05, 1.5977915609255433e-05, 1.9747434635064565e-05, 1.5879715647315606e-05, 1.2736840290017426e-05, 1.471367522754008e-05, 1.6617896108073182e-05, 1.2581516784848645e-05, 1.1868799447256606e-05, 7.994734005478676e-06, 1.1398264177842066e-05, 7.187641131167766e-06, 7.527915386162931e-06, 8.03954026196152e-06, 7.605921837239293e-06, 6.677779310848564e-06, 5.489586328621954e-06, 6.698100605717627e-06, 8.206658094422892e-06, 6.6548464019433595e-06, 5.008954303775681e-06, 4.795556833414594e-06, 5.718139163946034e-06, 2.583963123470312e-06, 1.5507548312143626e-07, 2.2918571485064376e-09, 1.287183803988512e-09, 8.902769632612717e-10, 1.0610128053922807e-10, 1.8278031865825994e-11, 1.7902219637266903e-11, 1.7592099652019577e-11, 1.7347831504643807e-11, 1.71759568373675e-11, 1.7069788291190768e-11], "lowlevel.mfcc.mean": [-728.8057861328125, 46.2840461730957, 58.565433502197266, 35.353179931640625, 19.457210540771484, 31.856752395629883, 18.198156356811523, 20.997879028320312, 13.969892501831055, 10.75988483428955, 4.424811363220215, 3.5270378589630127, 6.492463111877441], "lowlevel.spectral_contrast_coeffs.mean": [-0.6514637470245361, -0.8398385047912598, -0.8348864912986755, -0.8502334356307983, -0.8234238028526306, -0.7732527256011963], "lowlevel.spectral_contrast_coeffs.stdev": [0.09963967651128769, 0.060770533978939056, 0.0637480765581131, 0.038935091346502304, 0.03957560285925865, 0.04243578761816025], "lowlevel.spectral_contrast_valleys.mean": [-7.7290167808532715, -8.356396675109863, -8.717914581298828, -8.85400104522705, -8.298972129821777, -9.69898796081543], "lowlevel.spectral_contrast_valleys.stdev": [1.333559274673462, 1.3529282808303833, 1.3961081504821777, 1.3567912578582764, 1.2640749216079712, 1.4118767976760864], "rhythm.beats_loudness_band_ratio.mean": [0.46266815066337585, 0.04367036744952202, 0.02630382962524891, 0.02634887397289276, 0.041020091623067856, 0.42138686776161194], "rhythm.beats_loudness_band_ratio.stdev": [0.22062189877033234, 0.04692309349775314, 0.045148517936468124, 0.019188951700925827, 0.034549303352832794, 0.23032814264297485], "tonal.hpcp.mean": [0.035466477274894714, 0.03182557597756386, 0.04223943501710892, 0.06551378220319748, 0.05916718766093254, 0.038725655525922775, 0.03629407659173012, 0.04240414500236511, 0.056667789816856384, 0.08254793286323547, 0.13180512189865112, 0.2633307874202728, 0.40278422832489014, 0.3002469837665558, 0.11746475100517273, 0.06749812513589859, 0.05138017237186432, 0.04512476548552513, 0.055775005370378494, 0.05834915116429329, 0.04501665011048317, 0.040619753301143646, 0.05131883546710014, 0.13847753405570984, 0.23573742806911469, 0.16900615394115448, 0.07601747661828995, 0.07553444802761078, 0.07664740830659866, 0.06308229267597198, 0.05571442097425461, 0.050467349588871, 0.04896903410553932, 0.060146886855363846, 0.05432727932929993, 0.03989207744598389], "tonal.hpcp.stdev": [0.12007210403680801, 0.11046282202005386, 0.12019392102956772, 0.17092163860797882, 0.16247203946113586, 0.12452749907970428, 0.1303585171699524, 0.13476210832595825, 0.16716192662715912, 0.19793160259723663, 0.2630000114440918, 0.3453235626220703, 0.4303802251815796, 0.3792716860771179, 0.24359288811683655, 0.19035905599594116, 0.15609528124332428, 0.14386889338493347, 0.16122816503047943, 0.16528506577014923, 0.1320614069700241, 0.12542444467544556, 0.1447014957666397, 0.26063090562820435, 0.37629660964012146, 0.287023663520813, 0.19526004791259766, 0.19370335340499878, 0.1946740746498108, 0.17471890151500702, 0.16189777851104736, 0.15445949137210846, 0.1391908973455429, 0.16723677515983582, 0.15918147563934326, 0.12150837481021881], "rhythm.beats_position": [0.40634921193122864, 0.8359183669090271, 1.2887074947357178, 1.7647165060043335, 2.252335548400879, 2.763174533843994, 3.250793695449829, 3.738412618637085, 4.22603178024292, 4.736870765686035, 5.224489688873291, 5.723718643188477, 6.211337566375732, 6.710566997528076, 7.209795951843262, 7.709024906158447, 8.196643829345703, 8.707483291625977, 9.195101737976074, 9.682721138000488, 10.170339584350586, 10.68117904663086, 11.168798446655273, 11.67963695526123, 12.167256355285645, 12.666484832763672, 13.154104232788086, 13.653332710266113, 14.140952110290527, 14.6517915725708, 15.139410018920898, 15.627029418945312, 16.114648818969727, 16.625486373901367, 17.11310577392578, 17.612335205078125, 18.11156463623047, 18.610794067382812, 19.098411560058594, 19.597640991210938, 20.08526039123535, 20.596099853515625, 21.08371925354004, 21.57133674621582, 22.058956146240234, 22.569795608520508, 23.057415008544922, 23.556644439697266, 24.055871963500977, 24.55510139465332, 25.054330825805664, 25.541950225830078, 26.029569625854492, 26.540407180786133, 27.028026580810547, 27.51564598083496, 28.003265380859375, 28.514102935791016, 29.00172233581543, 29.512561798095703, 30.000181198120117, 30.48780059814453, 30.987028121948242, 31.486257553100586, 31.973876953125, 32.48471450805664, 32.97233581542969, 33.45995330810547, 33.947574615478516, 34.458412170410156, 34.94602966308594, 35.456871032714844, 35.944488525390625, 36.43210983276367, 36.93133544921875, 37.430564880371094, 37.91818618774414, 38.42902374267578, 38.91664505004883, 39.40426254272461, 39.89188003540039], "rhythm.bpm_histogram": [0.0, 0.0, 0.0, 0.0, 0.0, 0.0, 0.0, 0.0, 0.0, 0.0, 0.0, 0.0, 0.0, 0.0, 0.0, 0.0, 0.0, 0.0, 0.0, 0.0, 0.0, 0.0, 0.0, 0.0, 0.0, 0.0, 0.0, 0.0, 0.0, 0.0, 0.0, 0.0, 0.0, 0.0, 0.0, 0.0, 0.0, 0.0, 0.0, 0.0, 0.0, 0.0, 0.0, 0.0, 0.0, 0.0, 0.0, 0.0, 0.0, 0.0, 0.0, 0.0, 0.0, 0.0, 0.0, 0.0, 0.0, 0.0, 0.0, 0.0, 0.0, 0.0, 0.0, 0.0, 0.0, 0.0, 0.0, 0.0, 0.0, 0.0, 0.0, 0.0, 0.0, 0.0, 0.0, 0.0, 0.0, 0.0, 0.0, 0.0, 0.0, 0.0, 0.0, 0.0, 0.0, 0.0, 0.0, 0.0, 0.0, 0.0, 0.0, 0.0, 0.0, 0.0, 0.0, 0.0, 0.0, 0.0, 0.0, 0.0, 0.0, 0.0, 0.0, 0.0, 0.0, 0.0, 0.0, 0.0, 0.0, 0.0, 0.0, 0.0, 0.0, 0.0, 0.0, 0.0, 0.0, 0.20000000298023224, 0.0, 0.0, 0.22499999403953552, 0.0, 0.0, 0.5375000238418579, 0.0, 0.0, 0.012500000186264515, 0.0, 0.0, 0.0, 0.0, 0.0, 0.0, 0.012500000186264515, 0.0, 0.0, 0.0, 0.0, 0.0, 0.0, 0.012500000186264515, 0.0, 0.0, 0.0, 0.0, 0.0, 0.0, 0.0, 0.0, 0.0, 0.0, 0.0, 0.0, 0.0, 0.0, 0.0, 0.0, 0.0, 0.0, 0.0, 0.0, 0.0, 0.0, 0.0, 0.0, 0.0, 0.0, 0.0, 0.0, 0.0, 0.0, 0.0, 0.0, 0.0, 0.0, 0.0, 0.0, 0.0, 0.0, 0.0, 0.0, 0.0, 0.0, 0.0, 0.0, 0.0, 0.0, 0.0, 0.0, 0.0, 0.0, 0.0, 0.0, 0.0, 0.0, 0.0, 0.0, 0.0, 0.0, 0.0, 0.0, 0.0, 0.0, 0.0, 0.0, 0.0, 0.0, 0.0, 0.0, 0.0, 0.0, 0.0, 0.0, 0.0, 0.0, 0.0, 0.0, 0.0, 0.0, 0.0, 0.0, 0.0, 0.0, 0.0, 0.0, 0.0, 0.0, 0.0, 0.0, 0.0, 0.0, 0.0, 0.0, 0.0, 0.0, 0.0, 0.0, 0.0, 0.0, 0.0, 0.0, 0.0, 0.0, 0.0, 0.0, 0.0, 0.0, 0.0, 0.0, 0.0], "tonal.chords_histogram": [0.6944444179534912, 0.0, 0.0, 0.0, 0.0, 0.0, 0.0, 0.0, 1.8518518209457397, 0.46296295523643494, 0.0, 0.0, 0.0, 0.0, 0.5787037014961243, 0.0, 0.0, 0.0, 0.0, 0.0, 0.0, 0.0, 40.16203689575195, 56.25], "tonal.thpcp": [1.0, 0.7454288601875305, 0.2916319668292999, 0.16757886111736298, 0.1275625228881836, 0.11203210800886154, 0.13847365975379944, 0.1448645442724228, 0.11176368594169617, 0.10084743052721024, 0.12741024792194366, 0.34380078315734863, 0.5852697491645813, 0.41959476470947266, 0.18873001635074615, 0.18753080070018768, 0.19029396772384644, 0.15661559998989105, 0.13832324743270874, 0.1252962350845337, 0.12157634645700455, 0.14932781457901, 0.13487936556339264, 0.09904081374406815, 0.08805329352617264, 0.07901395857334137, 0.10486864298582077, 0.16265229880809784, 0.14689549803733826, 0.0961449146270752, 0.0901079848408699, 0.10527756810188293, 0.14069019258022308, 0.20494331419467926, 0.32723507285118103, 0.6537762880325317], "lowlevel.gfcc.cov": [[14501.53515625, -1866.2579345703125, -201.67112731933594, -648.65234375, -563.94091796875, -60.48454666137695, -477.8309020996094, 265.5068054199219, -575.1057739257812, 194.48318481445312, -714.5458984375, 102.4696273803711, -703.8467407226562], [-1866.2579345703125, 3442.418212890625, 251.8126678466797, -0.19008038938045502, 276.540283203125, -374.4400939941406, 126.63899993896484, -456.20587158203125, 198.34066772460938, -326.07159423828125, 381.5630187988281, 3.9932262897491455, 502.54644775390625], [-201.67112731933594, 251.8126678466797, 2958.376708984375, 1185.3857421875, 814.236572265625, 275.4725646972656, 341.8200988769531, 144.24249267578125, 140.57594299316406, 264.58770751953125, 239.08787536621094, 148.5281219482422, 101.02373504638672], [-648.65234375, -0.19008038938045502, 1185.3857421875, 978.91552734375, 541.2695922851562, 205.50985717773438, 129.27496337890625, -30.0493106842041, 46.03791046142578, 41.738243103027344, 67.57518768310547, -8.5260009765625, 13.59377384185791], [-563.94091796875, 276.540283203125, 814.236572265625, 541.2695922851562, 710.599609375, 329.7159423828125, 289.2900695800781, 91.06127166748047, 79.0177001953125, 19.27430534362793, 95.58683013916016, 32.250282287597656, 83.79956817626953], [-60.48454666137695, -374.4400939941406, 275.4725646972656, 205.50985717773438, 329.7159423828125, 432.7337951660156, 286.2671203613281, 241.16795349121094, 68.3100357055664, 69.2889633178711, -14.349584579467773, 15.978890419006348, -31.908218383789062], [-477.8309020996094, 126.63899993896484, 341.8200988769531, 129.27496337890625, 289.2900695800781, 286.2671203613281, 354.9524230957031, 198.36398315429688, 131.15248107910156, 35.68194580078125, 70.96380615234375, 33.61865997314453, 67.71562957763672], [265.5068054199219, -456.20587158203125, 144.24249267578125, -30.0493106842041, 91.06127166748047, 241.16795349121094, 198.36398315429688, 314.14361572265625, 80.92212677001953, 124.22014617919922, -21.987937927246094, 32.31178283691406, -44.60584259033203], [-575.1057739257812, 198.34066772460938, 140.57594299316406, 46.03791046142578, 79.0177001953125, 68.3100357055664, 131.15248107910156, 80.92212677001953, 168.4338836669922, 54.70729446411133, 83.59969329833984, 4.516545295715332, 57.016937255859375], [194.48318481445312, -326.07159423828125, 264.58770751953125, 41.738243103027344, 19.27430534362793, 69.2889633178711, 35.68194580078125, 124.22014617919922, 54.70729446411133, 161.0719757080078, 31.810834884643555, 40.99784851074219, -34.4613037109375], [-714.5458984375, 381.5630187988281, 239.08787536621094, 67.57518768310547, 95.58683013916016, -14.349584579467773, 70.96380615234375, -21.987937927246094, 83.59969329833984, 31.810834884643555, 159.3519744873047, 49.20261001586914, 108.50818634033203], [102.4696273803711, 3.9932262897491455, 148.5281219482422, -8.5260009765625, 32.250282287597656, 15.978890419006348, 33.61865997314453, 32.31178283691406, 4.516545295715332, 40.99784851074219, 49.20261001586914, 100.5975570678711, 45.79924392700195], [-703.8467407226562, 502.54644775390625, 101.02373504638672, 13.59377384185791, 83.79956817626953, -31.908218383789062, 67.71562957763672, -44.60584259033203, 57.016937255859375, -34.4613037109375, 108.50818634033203, 45.79924392700195, 156.09255981445312]], "lowlevel.gfcc.icov": [[0.00013056477473583072, -0.0001121449822676368, -4.212668500258587e-05, 9.111491090152413e-05, -3.12645424855873e-05, 3.160013511660509e-05, 2.4962360839708708e-05, -5.883882113266736e-05, 0.00020651805971283466, -0.00024304295948240906, 0.0005823709652759135, -0.000501202535815537, 0.0005778513150289655], [-0.0001121449822676368, 0.001174687989987433, -0.00023667981440667063, 0.0005543627194128931, -0.0005696635344065726, 0.0007979946094565094, -0.00048514670925214887, 0.0009444965980947018, -0.0012438646517693996, 0.0018577778246253729, -0.0012594728032127023, 0.0011233564000576735, -0.0018229855922982097], [-4.212668500258587e-05, -0.00023667981440667063, 0.0012131817638874054, -0.0013805786147713661, -0.00027014847728423774, 0.0010453586000949144, -0.00116243667434901, -0.00034408184001222253, 0.000985619961284101, -0.002084692008793354, -0.00011789604468503967, -0.0006267827120609581, 0.00011736975284293294], [9.111491090152413e-05, 0.0005543627194128931, -0.0013805786147713661, 0.0038714634720236063, -0.001743432367220521, -0.0010827124351635575, 0.0011536437086760998, 0.002207869431003928, -0.0016739011043682694, 0.0013444280484691262, 0.00019444235658738762, 0.0011028307490050793, 0.0004770310188177973], [-3.12645424855873e-05, -0.0005696635344065726, -0.00027014847728423774, -0.001743432367220521, 0.00510072335600853, -0.003379745641723275, -0.0004815228749066591, -0.00011711533443303779, 0.0014280850300565362, 0.00018947671924252063, -0.0008373976452276111, 0.00021837871463503689, -0.0011958404211327434], [3.160013511660509e-05, 0.0007979946094565094, 0.0010453586000949144, -0.0010827124351635575, -0.003379745641723275, 0.011708815582096577, -0.00724720349535346, -0.0021758407820016146, 0.001020672731101513, -0.0012229967396706343, 0.0015470938524231315, -0.0006584604270756245, 0.0021960672456771135], [2.4962360839708708e-05, -0.00048514670925214887, -0.00116243667434901, 0.0011536437086760998, -0.0004815228749066591, -0.00724720349535346, 0.015391574241220951, -0.00608844356611371, -0.004681974649429321, 0.006992737762629986, -0.003161063650622964, -0.00036988439387641847, -0.0017535878578200936], [-5.883882113266736e-05, 0.0009444965980947018, -0.00034408184001222253, 0.002207869431003928, -0.00011711533443303779, -0.0021758407820016146, -0.00608844356611371, 0.014304718933999538, -0.002977268537506461, -0.006756323389708996, 0.005310803186148405, -0.0008115606033243239, -0.0007863902719691396], [0.00020651805971283466, -0.0012438646517693996, 0.000985619961284101, -0.0016739011043682694, 0.0014280850300565362, 0.001020672731101513, -0.004681974649429321, -0.002977268537506461, 0.016403192654252052, -0.007825188338756561, -0.0033076144754886627, 0.005048926454037428, -0.0018353541381657124], [-0.00024304295948240906, 0.0018577778246253729, -0.002084692008793354, 0.0013444280484691262, 0.00018947671924252063, -0.0012229967396706343, 0.006992737762629986, -0.006756323389708996, -0.007825188338756561, 0.024361342191696167, -0.010693090967833996, -0.0035402406938374043, 0.005547811277210712], [0.0005823709652759135, -0.0012594728032127023, -0.00011789604468503967, 0.00019444235658738762, -0.0008373976452276111, 0.0015470938524231315, -0.003161063650622964, 0.005310803186148405, -0.0033076144754886627, -0.010693090967833996, 0.02463899925351143, -0.005694723222404718, -0.006214463617652655], [-0.000501202535815537, 0.0011233564000576735, -0.0006267827120609581, 0.0011028307490050793, 0.00021837871463503689, -0.0006584604270756245, -0.00036988439387641847, -0.0008115606033243239, 0.005048926454037428, -0.0035402406938374043, -0.005694723222404718, 0.02068357542157173, -0.010626307688653469], [0.0005778513150289655, -0.0018229855922982097, 0.00011736975284293294, 0.0004770310188177973, -0.0011958404211327434, 0.0021960672456771135, -0.0017535878578200936, -0.0007863902719691396, -0.0018353541381657124, 0.005547811277210712, -0.006214463617652655, -0.010626307688653469, 0.025723783299326897]], "lowlevel.mfcc.cov": [[14724.8837890625, -1373.996337890625, -859.3551635742188, -1010.3773193359375, -624.8866577148438, -642.6338500976562, -382.8567810058594, -294.74957275390625, -155.30270385742188, -214.4592742919922, -65.29768371582031, -245.337646484375, -247.1453094482422], [-1373.996337890625, 2776.07568359375, 150.4399871826172, 268.0802307128906, 44.852333068847656, 51.65022277832031, -60.13140869140625, -2.335235834121704, -116.87036895751953, -167.95697021484375, -194.5478973388672, -70.14252471923828, 27.19015884399414], [-859.3551635742188, 150.4399871826172, 1810.6982421875, 929.2720947265625, 561.6507568359375, 360.52606201171875, 306.5506286621094, 99.34169006347656, 107.43891143798828, 122.24848937988281, 160.7918701171875, 125.2013168334961, 105.05510711669922], [-1010.3773193359375, 268.0802307128906, 929.2720947265625, 869.7623291015625, 523.9943237304688, 348.1559143066406, 193.35195922851562, 59.24132537841797, 9.281538963317871, 17.23114585876465, 32.683589935302734, 22.560932159423828, 18.1391658782959], [-624.8866577148438, 44.852333068847656, 561.6507568359375, 523.9943237304688, 528.3739013671875, 343.1709289550781, 267.608154296875, 134.87550354003906, 96.61920928955078, 63.70658874511719, 74.74242401123047, 54.96660232543945, 44.76861572265625], [-642.6338500976562, 51.65022277832031, 360.52606201171875, 348.1559143066406, 343.1709289550781, 350.2868347167969, 245.45309448242188, 158.33213806152344, 104.13816833496094, 64.31002044677734, 59.348941802978516, 46.17311096191406, 44.52726364135742], [-382.8567810058594, -60.13140869140625, 306.5506286621094, 193.35195922851562, 267.608154296875, 245.45309448242188, 335.9654235839844, 215.1522979736328, 170.171630859375, 106.04669189453125, 93.14000701904297, 73.59725952148438, 75.89876556396484], [-294.74957275390625, -2.335235834121704, 99.34169006347656, 59.24132537841797, 134.87550354003906, 158.33213806152344, 215.1522979736328, 229.91188049316406, 170.52320861816406, 94.15320587158203, 66.7296142578125, 60.11390686035156, 61.5255126953125], [-155.30270385742188, -116.87036895751953, 107.43891143798828, 9.281538963317871, 96.61920928955078, 104.13816833496094, 170.171630859375, 170.52320861816406, 204.27444458007812, 131.04188537597656, 92.71986389160156, 73.07499694824219, 64.49119567871094], [-214.4592742919922, -167.95697021484375, 122.24848937988281, 17.23114585876465, 63.70658874511719, 64.31002044677734, 106.04669189453125, 94.15320587158203, 131.04188537597656, 152.58071899414062, 108.41405487060547, 72.77615356445312, 48.20378494262695], [-65.29768371582031, -194.5478973388672, 160.7918701171875, 32.683589935302734, 74.74242401123047, 59.348941802978516, 93.14000701904297, 66.7296142578125, 92.71986389160156, 108.41405487060547, 133.32113647460938, 79.43601989746094, 44.42451095581055], [-245.337646484375, -70.14252471923828, 125.2013168334961, 22.560932159423828, 54.96660232543945, 46.17311096191406, 73.59725952148438, 60.11390686035156, 73.07499694824219, 72.77615356445312, 79.43601989746094, 99.92887115478516, 63.30276870727539], [-247.1453094482422, 27.19015884399414, 105.05510711669922, 18.1391658782959, 44.76861572265625, 44.52726364135742, 75.89876556396484, 61.5255126953125, 64.49119567871094, 48.20378494262695, 44.42451095581055, 63.30276870727539, 90.80404663085938]], "lowlevel.mfcc.icov": [[8.69489012984559e-05, 3.215798278688453e-05, -4.23269193561282e-05, 0.00012963458721060306, -7.29503299226053e-05, 0.00011784362141042948, -1.384382903779624e-05, 3.0884999432601035e-05, -0.00013170167221687734, 0.0002601056476123631, -0.00020799583580810577, 0.00024068191123660654, 0.00010835174907697365], [3.215798278688453e-05, 0.00046779902186244726, -4.1736613638931885e-05, -0.00015172944404184818, 6.970278627704829e-05, 5.0267726692254655e-06, 0.00024616028531454504, -0.0004455386952031404, 0.00015182500646915287, 0.00023248382785823196, 0.0006147766835056245, 9.64193168329075e-05, -0.0005138898268342018], [-4.23269193561282e-05, -4.1736613638931885e-05, 0.0016785460757091641, -0.002160381292924285, 0.0006079060258343816, 0.00048613938270136714, -0.001038256217725575, 0.001106667215935886, -0.0006185685633681715, 0.00019737456750590354, -0.001132124220021069, -0.0004921865765936673, -0.0008016934734769166], [0.00012963458721060306, -0.00015172944404184818, -0.002160381292924285, 0.006367908325046301, -0.004198006819933653, -0.0016326551558449864, 0.0018834207439795136, -0.0008133116643875837, 0.0020093328785151243, -0.0009185592643916607, 0.0014491972979158163, 0.0009642664226703346, 0.0011520909611135721], [-7.29503299226053e-05, 6.970278627704829e-05, 0.0006079060258343816, -0.004198006819933653, 0.009398344904184341, -0.003934761043637991, -0.0033536634873598814, 0.0024397477973252535, -0.0019235953222960234, 0.0016565182013437152, -0.0014799432829022408, -0.0011566855246201158, 0.0003790277405641973], [0.00011784362141042948, 5.0267726692254655e-06, 0.00048613938270136714, -0.0016326551558449864, -0.003934761043637991, 0.011255521327257156, -0.0031144944950938225, -0.0031095794402062893, 0.0012554731220006943, -0.00030132412211969495, -0.00018599479517433792, 0.00047751114470884204, 0.00024013628717511892], [-1.384382903779624e-05, 0.00024616028531454504, -0.001038256217725575, 0.0018834207439795136, -0.0033536634873598814, -0.0031144944950938225, 0.01340826228260994, -0.007746564224362373, -0.0002852909383364022, 5.989873534417711e-05, -0.0011343047954142094, 0.001786867156624794, -0.0025842003524303436], [3.0884999432601035e-05, -0.0004455386952031404, 0.001106667215935886, -0.0008133116643875837, 0.0024397477973252535, -0.0031095794402062893, -0.007746564224362373, 0.020342543721199036, -0.012492702342569828, 0.002688188571482897, 0.0007650611805729568, -0.0014163597952574492, 0.00017186148033943027], [-0.00013170167221687734, 0.00015182500646915287, -0.0006185685633681715, 0.0020093328785151243, -0.0019235953222960234, 0.0012554731220006943, -0.0002852909383364022, -0.012492702342569828, 0.024287162348628044, -0.013002071529626846, 0.001808449742384255, 4.821591210202314e-05, -0.0023193371016532183], [0.0002601056476123631, 0.00023248382785823196, 0.00019737456750590354, -0.0009185592643916607, 0.0016565182013437152, -0.00030132412211969495, 5.989873534417711e-05, 0.002688188571482897, -0.013002071529626846, 0.025593474507331848, -0.013360504060983658, -0.0005951022612862289, 0.0006522866315208375], [-0.00020799583580810577, 0.0006147766835056245, -0.001132124220021069, 0.0014491972979158163, -0.0014799432829022408, -0.00018599479517433792, -0.0011343047954142094, 0.0007650611805729568, 0.001808449742384255, -0.013360504060983658, 0.026576878502964973, -0.012245350517332554, 0.002863122383132577], [0.00024068191123660654, 9.64193168329075e-05, -0.0004921865765936673, 0.0009642664226703346, -0.0011566855246201158, 0.00047751114470884204, 0.001786867156624794, -0.0014163597952574492, 4.821591210202314e-05, -0.0005951022612862289, -0.012245350517332554, 0.029845206066966057, -0.013728398829698563], [0.00010835174907697365, -0.0005138898268342018, -0.0008016934734769166, 0.0011520909611135721, 0.0003790277405641973, 0.00024013628717511892, -0.0025842003524303436, 0.00017186148033943027, -0.0023193371016532183, 0.0006522866315208375, 0.002863122383132577, -0.013728398829698563, 0.02336861751973629]], "metadata.audio_properties.analysis.downmix": "mix", "metadata.audio_properties.codec": "mp3", "metadata.audio_properties.md5_encoded": "8c0f4168313e89c100b83f356668ac40", "metadata.tags.file_name": "1182277086241620038.mp3", "metadata.version.essentia": "2.1-beta6-dev", "metadata.version.essentia_git_sha": "v2.1_beta5-1110-g77a6