{"song_id": "1182274417087230052", "download": "https://cdn.discordapp.com/attachments/1128313332273782784/1182274417087230052/chirp.mp4?ex=658419da&amp", "lyrics": "\u041d\u0435 \u0443\u0441\u043b\u044b\u0448\u0438\u0448\u044c \u0432 \u043f\u043e\u0434\u043b\u0435\u0441\u043a\u0438 \u043b\u0438\u0441\u0443,\n\u041c\u044b\u0448\u044c \u0432 \u0443\u0433\u043b\u0443 \u043f\u0435\u0440\u0435\u0441\u0442\u0430\u043b\u0430 \u0441\u043a\u0440\u0435\u0441\u0442\u0438,\n\u041a\u043e\u0433\u0434\u0430 \u044f \u043b\u044e\u0434\u044f\u043c \u043c\u044b\u0441\u043b\u044c \u043d\u0435\u0441\u0443,\n\u0412\u0430\u043c \u043d\u0435 \u0441\u0442\u043e\u0438\u0442 \u0431\u0440\u0438\u0444\u0438\u043d\u0433 \u0432\u0435\u0441\u0442\u0438.\n\n\u042f \u0432\u0435\u0434\u044c \u043f\u0440\u043e\u0441\u0442\u043e\u0445\u043e\u0442\u0435\u043b \u043f\u043e\u043b\u0443\u0442\u0430\u0442\u044c,\n\u0411\u0435\u0434\u043e\u043b\u0430\u0433 \u0447\u0442\u043e \u0438\u0433\u0440\u0430\u044e\u0442 \u0441\u043e \u043c\u043d\u043e\u0439,\n\u042f \u0445\u043e\u0442\u0435\u043b \u0432 \u0442\u0435\u043c\u043d\u043e\u0442\u0443 \u0443\u0431\u0435\u0436\u0430\u0442\u044c, \n\u0412\u044b\u043f\u0438\u0442\u044c \u0434\u0430 \"\u043f\u043e \u043f\u0438\u0441\u0441\u044f\u0442\" \u0438 \u0434\u043e\u043c\u043e\u0439\n\n\u041e\u0446\u0435\u043d\u0438\u043b \u0441\u043b\u0430\u0431\u043e\u0441\u0442\u044c \u0432\u0430\u0448\u0438\u0445 \u0433\u0440\u0443\u043f\u043f,\n\u0412\u0430\u0448 \u0441\u0442\u0440\u0430\u0439\u043a\u0431\u043e\u043b \u0443\u0436 \u0441\u043e\u0432\u0441\u0435\u043c \u043d\u0435 \u0442\u043e\u0442\n\u0425\u043e\u0442\u044c \u044f \u0438 \u0441\u0440\u0446\u0430\u043b\u044c\u043d\u044b\u0439 \u0442\u0440\u0443\u043f\n\u041d\u043e \u0432\u044b \u043d\u0435 \u0437\u0430\u0442\u043a\u043d\u0435\u0442\u0435 \u043c\u043d\u0435 \u0440\u043e\u0442", "style": ["blackpink"], "essentia_features": {"lowlevel.average_loudness": 0.9688851833343506, "lowlevel.barkbands_crest.mean": 16.247154235839844, "lowlevel.barkbands_crest.stdev": 4.743258476257324, "lowlevel.barkbands_flatness_db.mean": 0.15598927438259125, "lowlevel.barkbands_flatness_db.stdev": 0.04149024933576584, "lowlevel.barkbands_kurtosis.mean": 7.582643032073975, "lowlevel.barkbands_kurtosis.stdev": 11.562356948852539, "lowlevel.barkbands_skewness.mean": 2.5120186805725098, "lowlevel.barkbands_skewness.stdev": 1.3845252990722656, "lowlevel.barkbands_spread.mean": 27.49601936340332, "lowlevel.barkbands_spread.stdev": 14.28581714630127, "lowlevel.dissonance.mean": 0.4818798899650574, "lowlevel.dissonance.stdev": 0.0190214104950428, "lowlevel.dynamic_complexity": 1.0238099098205566, "lowlevel.erbbands_crest.mean": 7.6644134521484375, "lowlevel.erbbands_crest.stdev": 3.848907947540283, "lowlevel.erbbands_flatness_db.mean": 0.11864355951547623, "lowlevel.erbbands_flatness_db.stdev": 0.02341427654027939, "lowlevel.erbbands_kurtosis.mean": 0.6180844902992249, "lowlevel.erbbands_kurtosis.stdev": 1.513916015625, "lowlevel.erbbands_skewness.mean": -0.40565255284309387, "lowlevel.erbbands_skewness.stdev": 0.728478193283081, "lowlevel.erbbands_spread.mean": 48.85563659667969, "lowlevel.erbbands_spread.stdev": 17.993764877319336, "lowlevel.hfc.mean": 43.94900131225586, "lowlevel.hfc.stdev": 21.473974227905273, "lowlevel.loudness_ebu128.integrated": -12.686854362487793, "lowlevel.loudness_ebu128.loudness_range": 1.128993034362793, "lowlevel.loudness_ebu128.momentary.mean": -12.740825653076172, "lowlevel.loudness_ebu128.momentary.stdev": 0.7018586993217468, "lowlevel.loudness_ebu128.short_term.mean": -12.714302062988281, "lowlevel.loudness_ebu128.short_term.stdev": 0.3815714418888092, "lowlevel.melbands_crest.mean": 22.98009490966797, "lowlevel.melbands_crest.stdev": 5.278367042541504, "lowlevel.melbands_flatness_db.mean": 0.22685404121875763, "lowlevel.melbands_flatness_db.stdev": 0.048915158957242966, "lowlevel.melbands_kurtosis.mean": 38.23546600341797, "lowlevel.melbands_kurtosis.stdev": 46.35788345336914, "lowlevel.melbands_skewness.mean": 5.122980117797852, "lowlevel.melbands_skewness.stdev": 2.639626979827881, "lowlevel.melbands_spread.mean": 17.2464542388916, "lowlevel.melbands_spread.stdev": 11.137153625488281, "lowlevel.pitch_salience.mean": 0.3382565379142761, "lowlevel.pitch_salience.stdev": 0.11677255481481552, "lowlevel.silence_rate_20dB.mean": 1.0, "lowlevel.silence_rate_20dB.stdev": 0.0, "lowlevel.silence_rate_30dB.mean": 0.6707095503807068, "lowlevel.silence_rate_30dB.stdev": 0.4699537456035614, "lowlevel.silence_rate_60dB.mean": 0.001819284399971366, "lowlevel.silence_rate_60dB.stdev": 0.04261458292603493, "lowlevel.spectral_centroid.mean": 2062.216064453125, "lowlevel.spectral_centroid.stdev": 535.5099487304688, "lowlevel.spectral_complexity.mean": 33.47058868408203, "lowlevel.spectral_complexity.stdev": 9.903569221496582, "lowlevel.spectral_decrease.mean": -2.4408315368873446e-08, "lowlevel.spectral_decrease.stdev": 1.558020734648835e-08, "lowlevel.spectral_energy.mean": 0.09610902518033981, "lowlevel.spectral_energy.stdev": 0.059201885014772415, "lowlevel.spectral_energyband_high.mean": 0.0028825621120631695, "lowlevel.spectral_energyband_high.stdev": 0.002440489362925291, "lowlevel.spectral_energyband_low.mean": 0.07730039954185486, "lowlevel.spectral_energyband_low.stdev": 0.05890953540802002, "lowlevel.spectral_energyband_middle_high.mean": 0.00854579545557499, "lowlevel.spectral_energyband_middle_high.stdev": 0.005443461239337921, "lowlevel.spectral_energyband_middle_low.mean": 0.0072350939735770226, "lowlevel.spectral_energyband_middle_low.stdev": 0.008223972283303738, "lowlevel.spectral_entropy.mean": 8.051847457885742, "lowlevel.spectral_entropy.stdev": 0.2051028162240982, "lowlevel.spectral_flux.mean": 0.1612345278263092, "lowlevel.spectral_flux.stdev": 0.0891093760728836, "lowlevel.spectral_kurtosis.mean": 2.4349024295806885, "lowlevel.spectral_kurtosis.stdev": 1.0099914073944092, "lowlevel.spectral_rms.mean": 0.009304504841566086, "lowlevel.spectral_rms.stdev": 0.0026816423051059246, "lowlevel.spectral_rolloff.mean": 926.9342651367188, "lowlevel.spectral_rolloff.stdev": 1118.4981689453125, "lowlevel.spectral_skewness.mean": 1.1301007270812988, "lowlevel.spectral_skewness.stdev": 0.20538270473480225, "lowlevel.spectral_spread.mean": 5246299.0, "lowlevel.spectral_spread.stdev": 1074819.125, "lowlevel.spectral_strongpeak.mean": 0.693230926990509, "lowlevel.spectral_strongpeak.stdev": 0.39909693598747253, "lowlevel.zerocrossingrate.mean": 0.050598256289958954, "lowlevel.zerocrossingrate.stdev": 0.021119989454746246, "metadata.audio_properties.analysis.equal_loudness": 0.0, "metadata.audio_properties.analysis.length": 38.25065612792969, "metadata.audio_properties.analysis.sample_rate": 44100.0, "metadata.audio_properties.analysis.start_time": 0.0, "metadata.audio_properties.bit_rate": 116248.0, "metadata.audio_properties.length": 38.250667572021484, "metadata.audio_properties.lossless": 0.0, "metadata.audio_properties.number_channels": 1.0, "metadata.audio_properties.replay_gain": -10.691173553466797, "metadata.audio_properties.sample_rate": 48000.0, "rhythm.beats_count": 118.0, "rhythm.beats_loudness.mean": 0.12008313834667206, "rhythm.beats_loudness.stdev": 0.05106748268008232, "rhythm.bpm": 184.5701904296875, "rhythm.bpm_histogram_first_peak_bpm": 185.0, "rhythm.bpm_histogram_first_peak_weight": 0.0, "rhythm.bpm_histogram_second_peak_bpm": 191.0, "rhythm.bpm_histogram_second_peak_spread": 0.0, "rhythm.bpm_histogram_second_peak_weight": 0.4615384638309479, "rhythm.danceability": 1.313490629196167, "rhythm.onset_rate": 3.7630839347839355, "tonal.chords_changes_rate": 0.08848484605550766, "tonal.chords_number_rate": 0.014545454643666744, "tonal.chords_strength.mean": 0.5362003445625305, "tonal.chords_strength.stdev": 0.09434663504362106, "tonal.hpcp_crest.mean": 11.878462791442871, "tonal.hpcp_crest.stdev": 5.476309776306152, "tonal.hpcp_entropy.mean": 2.354046106338501, "tonal.hpcp_entropy.stdev": 0.8261197209358215, "tonal.key_edma.strength": 0.5950658917427063, "tonal.key_krumhansl.strength": 0.5970174074172974, "tonal.key_temperley.strength": 0.6019251942634583, "tonal.tuning_diatonic_strength": 0.6258713006973267, "tonal.tuning_equal_tempered_deviation": 0.24620969593524933, "tonal.tuning_frequency": 434.193115234375, "tonal.tuning_nontempered_energy_ratio": 0.9074040055274963, "lowlevel.barkbands.mean": [0.005041266791522503, 0.06237511709332466, 0.010205298662185669, 0.0008357958286069334, 0.001122930902056396, 0.0009435932734049857, 0.0017020703526213765, 0.000964799546636641, 0.0013247976312413812, 0.0008944216533564031, 0.0010811281390488148, 0.0009328129235655069, 0.0009974591666832566, 0.0006069062510505319, 0.0007212352356873453, 0.0008494728826917708, 0.0007609815802425146, 0.000705617421772331, 0.0007540214573964477, 0.0007666281890124083, 0.000724134617485106, 0.000511496386025101, 0.0004791201208718121, 0.00041518351645208895, 0.00027600512839853764, 0.00011594780517043546, 7.710381737524585e-07], "lowlevel.barkbands.stdev": [0.006598158739507198, 0.05632772296667099, 0.01000943873077631, 0.0017428729915991426, 0.002579257357865572, 0.0021271798759698868, 0.004212283995002508, 0.0025870376266539097, 0.0025057902093976736, 0.0020864540711045265, 0.002058167476207018, 0.0018161364132538438, 0.0019019023748114705, 0.0009620794444344938, 0.0011437670327723026, 0.001315548550337553, 0.000700651085935533, 0.0006532262777909636, 0.0007837463053874671, 0.000638195953797549, 0.0006528389640152454, 0.0005124668241478503, 0.0005386380944401026, 0.0006236806511878967, 0.0003838204138446599, 0.00013781881716568023, 2.1172941160330083e-06], "lowlevel.erbbands.mean": [2.009702205657959, 12.755022048950195, 16.917743682861328, 4.859673976898193, 3.3016724586486816, 3.9502041339874268, 3.9768707752227783, 9.859253883361816, 20.883625030517578, 27.884958267211914, 17.748260498046875, 32.19743347167969, 29.86467170715332, 29.97020721435547, 49.05522155761719, 39.49615478515625, 45.546607971191406, 35.01556396484375, 37.33621597290039, 40.45831298828125, 45.08304214477539, 44.16100311279297, 40.140350341796875, 33.89603805541992, 41.77340316772461, 36.4117431640625, 32.38924789428711, 24.15920066833496, 18.921594619750977, 16.320114135742188, 12.96541976928711, 9.337268829345703, 6.572676181793213, 3.682175636291504, 1.6433290243148804, 0.6915420293807983, 0.1799318641424179, 0.014643578790128231, 0.0003654946922324598, 0.0001292441738769412], "lowlevel.erbbands.stdev": [2.594285011291504, 10.342243194580078, 12.444718360900879, 5.15516996383667, 8.530742645263672, 9.06152629852295, 9.135695457458496, 22.07442855834961, 55.091697692871094, 65.29645538330078, 40.14967346191406, 62.27281188964844, 70.73624420166016, 62.48337173461914, 92.0169448852539, 68.33609008789062, 84.7536392211914, 52.7789421081543, 58.09810256958008, 64.16653442382812, 56.325233459472656, 39.08012008666992, 36.28628921508789, 35.02821731567383, 40.511314392089844, 30.793718338012695, 27.762182235717773, 23.085222244262695, 19.44862937927246, 17.033098220825195, 14.998028755187988, 13.08864688873291, 10.415063858032227, 5.337754249572754, 2.240475654602051, 0.8814437389373779, 0.2087857574224472, 0.0202485378831625, 0.00040501917828805745, 6.767377635696903e-05], "lowlevel.gfcc.mean": [68.52755737304688, 55.2048225402832, -106.27949523925781, 61.15233612060547, -40.575439453125, 40.624996185302734, -20.33926773071289, 28.397537231445312, -16.998611450195312, 15.221217155456543, -13.223095893859863, 5.3290205001831055, -13.230425834655762], "lowlevel.melbands.mean": [0.01774575561285019, 0.011304483748972416, 0.0008515798836015165, 0.0002591018856037408, 0.0001479667262174189, 0.0002149856445612386, 0.00033088005147874355, 0.0002915283548645675, 0.00014109148469287902, 0.0002078785764751956, 0.00014485356223303825, 0.0001144628258771263, 0.00015488930512219667, 0.00011644596816040576, 9.93809153442271e-05, 9.677080379333347e-05, 6.0072856285842136e-05, 5.850742672919296e-05, 5.023971971240826e-05, 6.1009406636003405e-05, 5.008060179534368e-05, 4.5012635382590815e-05, 4.3353502405807376e-05, 3.0168084776960313e-05, 2.66488623310579e-05, 2.8792919692932628e-05, 3.045821540581528e-05, 2.2335403627948835e-05, 1.9860788597725332e-05, 1.902696385513991e-05, 1.214716030517593e-05, 1.0976513294735923e-05, 9.193269761453848e-06, 9.115171451412607e-06, 7.705771167820785e-06, 6.18508602201473e-06, 5.639621122099925e-06, 4.8209553824563045e-06, 3.744713694686652e-06, 2.879853809645283e-06], "lowlevel.melbands.stdev": [0.018693679943680763, 0.006855958607047796, 0.0009530505631119013, 0.0006254627369344234, 0.00031070297700352967, 0.00048182360478676856, 0.000840777822304517, 0.0006889756768941879, 0.00032116283546201885, 0.00039967006887309253, 0.0003533185226842761, 0.0002594181278254837, 0.00028861730243079364, 0.00021193841530475765, 0.00021645487868227065, 0.00017647167260292917, 9.556822624290362e-05, 9.567137021804228e-05, 7.714856474194676e-05, 0.00011011848255293444, 5.803655949421227e-05, 4.3377884139772505e-05, 4.201977208140306e-05, 2.895071702369023e-05, 3.026736158062704e-05, 3.0061763027333654e-05, 2.8690139515674673e-05, 2.055594086414203e-05, 1.7629959984333254e-05, 1.9434442947385833e-05, 1.200397946377052e-05, 1.1831318261101842e-05, 9.614171176508535e-06, 1.0202523299085442e-05, 9.071577551367227e-06, 8.4435096141533e-06, 8.364657333004288e-06, 8.044852620514575e-06, 5.660601800627774e-06, 4.344882199802669e-06], "lowlevel.melbands128.mean": [0.004252628423273563, 0.01622946374118328, 0.023413607850670815, 0.020892493426799774, 0.011797036975622177, 0.003676827996969223, 0.0007759802392683923, 0.0003893217071890831, 0.0003069940721616149, 0.0002760543138720095, 0.00021677755285054445, 0.00015663767408113927, 0.00011399405775591731, 0.00014452838513534516, 0.0002363338426221162, 0.0002251557307317853, 0.0002810404112096876, 0.0003815059899352491, 0.0003523950872477144, 0.0003325415891595185, 0.00026978651294484735, 0.0001334885018877685, 0.0001116119819926098, 0.00015048490604385734, 0.0002282777859363705, 0.00023807832621969283, 0.00015404315490741283, 0.00015561813779640943, 0.00010581752576399595, 0.00011508966417750344, 0.00011671178071992472, 0.00011507455928949639, 0.00015180004993453622, 0.00021029192430432886, 0.00011233592522330582, 9.43317572819069e-05, 0.00010681243293220177, 9.144745126832277e-05, 0.00010268843470839784, 0.00010614615894155577, 0.00010314297105651349, 7.20632160664536e-05, 5.681412949343212e-05, 5.747248724219389e-05, 4.914929377264343e-05, 5.953613072051667e-05, 7.206933514680713e-05, 4.011054988950491e-05, 4.607784285326488e-05, 5.884030179004185e-05, 6.352173659252003e-05, 6.57654891256243e-05, 4.925421308143996e-05, 4.4693919335259125e-05, 4.591934339259751e-05, 4.5326774852583185e-05, 4.453448491403833e-05, 4.4738477299688384e-05, 4.500045906752348e-05, 3.6140281736152247e-05, 2.7895657694898546e-05, 2.6966004952555522e-05, 2.7871865313500166e-05, 2.6588702894514427e-05, 2.4227545509347692e-05, 2.7141157261212356e-05, 3.335874862386845e-05, 3.2405154342995957e-05, 2.9421706130960956e-05, 2.9272247047629207e-05, 2.185324592574034e-05, 1.892031832539942e-05, 1.9548184354789555e-05, 2.049283830274362e-05, 1.9330846043885686e-05, 2.1494421162060462e-05, 1.8431608623359352e-05, 1.3012734598305542e-05, 1.1363061275915243e-05, 1.0784790902107488e-05, 1.1589279893087223e-05, 1.1084473953815177e-05, 9.687123565527145e-06, 8.77791262610117e-06, 8.950239134719595e-06, 9.258105819753837e-06, 9.20281763683306e-06, 8.73084081831621e-06, 7.452991212630877e-06, 7.361149528151145e-06, 6.534203293995233e-06, 5.985805728414562e-06, 5.251716629572911e-06, 5.745082944486057e-06, 5.879697710042819e-06, 5.090473678137641e-06, 4.577343588607619e-06, 4.49491199105978e-06, 3.6463814012677176e-06, 3.457405227891286e-06, 3.392256076040212e-06, 2.7741812118620146e-06, 2.3232905732584186e-06, 2.049586328212172e-06, 1.7433268340028008e-06, 1.617792349861702e-06, 1.5894944453975768e-06, 1.5107810895642615e-06, 1.1410248816901003e-06, 9.387408113070705e-07, 8.670925240039651e-07, 6.777212888664508e-07, 5.76615775571554e-07, 3.840162605683872e-07, 2.389568294347555e-07, 1.339629278618304e-07, 3.234606538171647e-08, 2.483664829355803e-09, 1.6085714357738645e-11, 1.5558122498648963e-11, 1.5161193481216806e-11, 1.4853399760150765e-11, 1.4480815851980466e-11, 1.4215626939484416e-11, 1.3947178481577005e-11, 1.36679305026699e-11, 1.3492020868588472e-11, 1.3407624836758725e-11], "lowlevel.melbands128.stdev": [0.0059118010103702545, 0.02425309829413891, 0.026990575715899467, 0.015467681922018528, 0.008272926323115826, 0.003735097823664546, 0.001027911901473999, 0.0009635673486627638, 0.0009538896847516298, 0.0007642940618097782, 0.0005456784856505692, 0.00039373082108795643, 0.0003734110214281827, 0.00038562671397812665, 0.0006140675395727158, 0.0007500783540308475, 0.0009634135058149695, 0.0012699407525360584, 0.0011300414334982634, 0.0009507421054877341, 0.000889684830326587, 0.0004829542594961822, 0.0003741648106370121, 0.0004943161038681865, 0.0005765369860455394, 0.0006004682509228587, 0.0004914390156045556, 0.0005655504064634442, 0.0003216796903871, 0.00035158562241122127, 0.0003677211352623999, 0.00032241191365756094, 0.0003747188893612474, 0.0005235606804490089, 0.0003835288807749748, 0.0001978875807253644, 0.00026805230299942195, 0.00027872572536580265, 0.00033698687911964953, 0.00024826929438859224, 0.00024649727856740355, 0.00019776455883402377, 0.0001250306231668219, 0.00010403603664599359, 9.867124754237011e-05, 0.00014005514094606042, 0.00015671555593144149, 7.801916945027187e-05, 0.00011285394430160522, 0.00013411881809588522, 0.00015352832269854844, 0.00014765752712264657, 6.843433948233724e-05, 5.490055264090188e-05, 6.315784412436187e-05, 6.012156154611148e-05, 5.006206993130036e-05, 5.546035026782192e-05, 5.750356649514288e-05, 4.418809476192109e-05, 3.3915981475729495e-05, 3.005791404575575e-05, 3.519220990710892e-05, 3.7147019611438736e-05, 3.273016773164272e-05, 3.284203557996079e-05, 4.326616908656433e-05, 4.545727279037237e-05, 3.084242052864283e-05, 3.411873694858514e-05, 2.6192397854174487e-05, 2.0148392650298774e-05, 2.120602766808588e-05, 2.14721767406445e-05, 1.9700853954418562e-05, 2.550399767642375e-05, 2.344809763599187e-05, 1.4615385225624777e-05, 1.2732802133541554e-05, 1.2372524906822946e-05, 1.416763825545786e-05, 1.4405530237127095e-05, 1.1703699783538468e-05, 9.989285899791867e-06, 1.1132782674394548e-05, 1.0655458027031273e-05, 1.2455088835849892e-05, 1.1482058653200511e-05, 9.368627615913283e-06, 9.917288480210118e-06, 9.470569239056204e-06, 9.18191290111281e-06, 8.420899575867224e-06, 8.760157470533159e-06, 1.0072487384604756e-05, 9.021581718116067e-06, 8.339123269252013e-06, 8.084547516773455e-06, 6.017406121827662e-06, 5.266456355457194e-06, 5.307445917424047e-06, 4.735880793305114e-06, 3.6591040952771436e-06, 3.4185597996838624e-06, 2.710278295126045e-06, 2.1828830085723894e-06, 2.1214284515735926e-06, 2.1331661628209986e-06, 1.6960042330538272e-06, 1.3273096328703105e-06, 1.1560825896594906e-06, 8.854652833178989e-07, 7.537190640505287e-07, 5.870256245543715e-07, 3.507123551571567e-07, 2.931109293058398e-07, 7.749132890921828e-08, 1.148977091247616e-08, 2.082918386381305e-11, 2.021561390508353e-11, 1.9695901160021734e-11, 1.9243689974857148e-11, 1.884166433985257e-11, 1.8486635833259157e-11, 1.8155232525685072e-11, 1.788412820613594e-11, 1.771974060538195e-11, 1.7620670547668915e-11], "lowlevel.mfcc.mean": [-573.6941528320312, 78.78787231445312, 5.682501316070557, 34.10123062133789, 15.70551872253418, 21.981910705566406, 17.73609161376953, 18.09638023376465, 12.974689483642578, 12.990241050720215, 8.37879467010498, 11.650626182556152, 8.278485298156738], "lowlevel.spectral_contrast_coeffs.mean": [-0.6906144022941589, -0.7601036429405212, -0.7834046483039856, -0.7970716953277588, -0.7995740175247192, -0.741266667842865], "lowlevel.spectral_contrast_coeffs.stdev": [0.06615619361400604, 0.08614161610603333, 0.06667035818099976, 0.04549026116728783, 0.026841087266802788, 0.03085191175341606], "lowlevel.spectral_contrast_valleys.mean": [-6.459421634674072, -6.797192573547363, -6.928412914276123, -6.891396522521973, -6.484642028808594, -9.08906364440918], "lowlevel.spectral_contrast_valleys.stdev": [0.5627562999725342, 0.5766478180885315, 0.5483974814414978, 0.4345560371875763, 0.4092369079589844, 0.540947675704956], "rhythm.beats_loudness_band_ratio.mean": [0.8155102729797363, 0.019714023917913437, 0.049182429909706116, 0.03751591965556145, 0.041523173451423645, 0.043420881032943726], "rhythm.beats_loudness_band_ratio.stdev": [0.13080695271492004, 0.03198942169547081, 0.07538409531116486, 0.0410022996366024, 0.04297630861401558, 0.04947834834456444], "tonal.hpcp.mean": [0.1369268000125885, 0.11937286704778671, 0.057532280683517456, 0.04309310019016266, 0.04347687587141991, 0.036392759531736374, 0.034848324954509735, 0.04082565754652023, 0.047227710485458374, 0.059011127799749374, 0.056752532720565796, 0.042805008590221405, 0.04379197210073471, 0.04949676990509033, 0.06112121045589447, 0.1534120738506317, 0.24067281186580658, 0.15256448090076447, 0.04833056777715683, 0.03185655176639557, 0.031341973692178726, 0.04617685079574585, 0.04816252365708351, 0.06013088300824165, 0.16231071949005127, 0.1692710667848587, 0.07109396904706955, 0.05095921829342842, 0.05232156813144684, 0.08312199264764786, 0.2027013748884201, 0.1923895627260208, 0.06943786889314651, 0.04961014166474342, 0.06125767156481743, 0.08881876617670059], "tonal.hpcp.stdev": [0.2864445745944977, 0.2685244381427765, 0.17216406762599945, 0.14979290962219238, 0.1570800393819809, 0.1347706913948059, 0.13057072460651398, 0.14734625816345215, 0.15126051008701324, 0.1620248705148697, 0.14819712936878204, 0.1270880401134491, 0.14945471286773682, 0.16481082141399384, 0.18510858714580536, 0.2756962776184082, 0.38991910219192505, 0.2795615792274475, 0.15865708887577057, 0.11843713372945786, 0.10964903235435486, 0.14844074845314026, 0.14278599619865417, 0.16099286079406738, 0.312588632106781, 0.3298722803592682, 0.17328311502933502, 0.1681014448404312, 0.1725989133119583, 0.20981475710868835, 0.35315147042274475, 0.3459159731864929, 0.18444153666496277, 0.1659599393606186, 0.1878596842288971, 0.21929201483726501], "rhythm.beats_position": [0.29024943709373474, 0.6037188172340393, 0.9287981986999512, 1.2538775205612183, 1.5673469305038452, 1.8808163404464722, 2.2058956623077393, 2.530975103378296, 2.867664337158203, 3.1927437782287598, 3.5062131881713867, 3.8196823596954346, 4.133152008056641, 4.446621417999268, 4.7600908279418945, 5.073559761047363, 5.38702917098999, 5.700498580932617, 6.025578022003174, 6.339047431945801, 6.664126873016357, 6.977596282958984, 7.291065692901611, 7.616145133972168, 7.941224575042725, 8.254693984985352, 8.56816291809082, 8.893242835998535, 9.218321800231934, 9.531790733337402, 9.845260620117188, 10.170339584350586, 10.4954195022583, 10.80888843536377, 11.133968353271484, 11.447437286376953, 11.772517204284668, 12.085986137390137, 12.399456024169922, 12.72453498840332, 13.038003921508789, 13.351473808288574, 13.676552772521973, 14.001632690429688, 14.326711654663086, 14.628571510314941, 14.95365047454834, 15.278729438781738, 15.603809356689453, 15.917278289794922, 16.23074722290039, 16.555828094482422, 16.86929702758789, 17.19437599182129, 17.507844924926758, 17.832923889160156, 18.146394729614258, 18.459863662719727, 18.784942626953125, 19.110021591186523, 19.423492431640625, 19.736961364746094, 20.062040328979492, 20.39872932434082, 20.747028350830078, 21.1069393157959, 21.466848373413086, 21.803537368774414, 22.128616333007812, 22.45369529724121, 22.77877426147461, 23.10385513305664, 23.41732406616211, 23.730792999267578, 24.055871963500977, 24.380952835083008, 24.706031799316406, 25.019500732421875, 25.332969665527344, 25.658048629760742, 25.971519470214844, 26.284988403320312, 26.61006736755371, 26.92353630065918, 27.23700714111328, 27.56208610534668, 27.887165069580078, 28.212244033813477, 28.525712966918945, 28.839183807373047, 29.164262771606445, 29.477731704711914, 29.791200637817383, 30.116281509399414, 30.441360473632812, 30.76643943786621, 31.09151840209961, 31.404987335205078, 31.71845817565918, 32.031925201416016, 32.34539794921875, 32.670475006103516, 32.99555587768555, 33.309024810791016, 33.622493743896484, 33.93596267700195, 34.24943161010742, 34.57451248168945, 34.89958953857422, 35.22467041015625, 35.54975128173828, 35.86322021484375, 36.17668914794922, 36.501766204833984, 36.826847076416016, 37.15192794799805, 37.488616943359375, 37.8369140625], "rhythm.bpm_histogram": [0.0, 0.0, 0.0, 0.0, 0.0, 0.0, 0.0, 0.0, 0.0, 0.0, 0.0, 0.0, 0.0, 0.0, 0.0, 0.0, 0.0, 0.0, 0.0, 0.0, 0.0, 0.0, 0.0, 0.0, 0.0, 0.0, 0.0, 0.0, 0.0, 0.0, 0.0, 0.0, 0.0, 0.0, 0.0, 0.0, 0.0, 0.0, 0.0, 0.0, 0.0, 0.0, 0.0, 0.0, 0.0, 0.0, 0.0, 0.0, 0.0, 0.0, 0.0, 0.0, 0.0, 0.0, 0.0, 0.0, 0.0, 0.0, 0.0, 0.0, 0.0, 0.0, 0.0, 0.0, 0.0, 0.0, 0.0, 0.0, 0.0, 0.0, 0.0, 0.0, 0.0, 0.0, 0.0, 0.0, 0.0, 0.0, 0.0, 0.0, 0.0, 0.0, 0.0, 0.0, 0.0, 0.0, 0.0, 0.0, 0.0, 0.0, 0.0, 0.0, 0.0, 0.0, 0.0, 0.0, 0.0, 0.0, 0.0, 0.0, 0.0, 0.0, 0.0, 0.0, 0.0, 0.0, 0.0, 0.0, 0.0, 0.0, 0.0, 0.0, 0.0, 0.0, 0.0, 0.0, 0.0, 0.0, 0.0, 0.0, 0.0, 0.0, 0.0, 0.0, 0.0, 0.0, 0.0, 0.0, 0.0, 0.0, 0.0, 0.0, 0.0, 0.0, 0.0, 0.0, 0.0, 0.0, 0.0, 0.0, 0.0, 0.0, 0.0, 0.0, 0.0, 0.0, 0.0, 0.0, 0.0, 0.0, 0.0, 0.0, 0.0, 0.0, 0.0, 0.0, 0.0, 0.0, 0.0, 0.0, 0.0, 0.0, 0.0, 0.0, 0.0, 0.0, 0.0, 0.017094017937779427, 0.0, 0.0, 0.0, 0.0, 0.017094017937779427, 0.0, 0.0, 0.0, 0.0, 0.0, 0.03418803587555885, 0.0, 0.0, 0.0, 0.0, 0.0, 0.0, 0.4615384638309479, 0.0, 0.0, 0.0, 0.0, 0.0, 0.4615384638309479, 0.0, 0.0, 0.0, 0.0, 0.0, 0.0, 0.0, 0.008547008968889713, 0.0, 0.0, 0.0, 0.0, 0.0, 0.0, 0.0, 0.0, 0.0, 0.0, 0.0, 0.0, 0.0, 0.0, 0.0, 0.0, 0.0, 0.0, 0.0, 0.0, 0.0, 0.0, 0.0, 0.0, 0.0, 0.0, 0.0, 0.0, 0.0, 0.0, 0.0, 0.0, 0.0, 0.0, 0.0, 0.0, 0.0, 0.0, 0.0, 0.0, 0.0, 0.0, 0.0, 0.0, 0.0, 0.0, 0.0, 0.0, 0.0, 0.0], "tonal.chords_histogram": [0.0, 0.9696969985961914, 3.39393949508667, 1.3333333730697632, 0.0, 0.0, 0.0, 0.0, 0.12121212482452393, 0.4848484992980957, 10.303030014038086, 0.8484848737716675, 3.151515245437622, 0.0, 6.666666507720947, 0.0, 29.81818199157715, 8.727272987365723, 1.8181818723678589, 19.15151596069336, 2.060606002807617, 7.39393949508667, 0.4848484992980957, 3.2727272510528564], "tonal.thpcp": [1.0, 0.6339082717895508, 0.2008144110441208, 0.13236457109451294, 0.1302264779806137, 0.19186566770076752, 0.20011617243289948, 0.24984493851661682, 0.6744040250778198, 0.7033244371414185, 0.2953967750072479, 0.2117365002632141, 0.21739709377288818, 0.3453734219074249, 0.8422279953956604, 0.799382209777832, 0.2885156273841858, 0.20613105595111847, 0.2545267641544342, 0.36904361844062805, 0.568933367729187, 0.49599647521972656, 0.23904769122600555, 0.17905263602733612, 0.18064722418785095, 0.15121258795261383, 0.14479543268680573, 0.16963136196136475, 0.19623202085494995, 0.24519233405590057, 0.23580782115459442, 0.17785561084747314, 0.1819564551115036, 0.20566000044345856, 0.2539597749710083, 0.6374300122261047], "lowlevel.gfcc.cov": [[1381.4599609375, 57.941673278808594, -57.57194137573242, -10.768355369567871, -99.40879821777344, 0.5695326924324036, -18.529895782470703, 1.273537039756775, 7.685664176940918, 14.89641284942627, 11.137626647949219, 30.60167694091797, -15.565601348876953], [57.941673278808594, 505.380126953125, -107.03073120117188, -160.88047790527344, -92.40721893310547, -156.1128692626953, 43.341094970703125, -15.031758308410645, 71.24606323242188, -7.70466947555542, 32.16414260864258, 19.829097747802734, 46.97237777709961], [-57.57194137573242, -107.03073120117188, 238.41163635253906, 90.6849594116211, -7.0572686195373535, -4.868838787078857, -63.12809371948242, -15.987874984741211, -16.704620361328125, 17.597627639770508, 12.296952247619629, 6.8068342208862305, 7.9968695640563965], [-10.768355369567871, -160.88047790527344, 90.6849594116211, 230.4667205810547, 96.8635025024414, 0.8386778831481934, -92.01625061035156, -35.302330017089844, 12.208399772644043, 21.69256591796875, 10.083842277526855, -10.280438423156738, 10.017822265625], [-99.40879821777344, -92.40721893310547, -7.0572686195373535, 96.8635025024414, 200.7981719970703, 69.17205047607422, 1.8883166313171387, -14.098909378051758, 2.530064344406128, 10.742693901062012, -8.21360969543457, -4.702084064483643, 5.129242420196533], [0.5695326924324036, -156.1128692626953, -4.868838787078857, 0.8386778831481934, 69.17205047607422, 195.93772888183594, 115.71403503417969, 21.552072525024414, -55.207672119140625, -27.812541961669922, -1.4194507598876953, -15.79849624633789, -18.752840042114258], [-18.529895782470703, 43.341094970703125, -63.12809371948242, -92.01625061035156, 1.8883166313171387, 115.71403503417969, 223.72384643554688, 63.225189208984375, -26.994251251220703, -54.86240768432617, -5.644128322601318, -3.0176243782043457, -10.29607105255127], [1.273537039756775, -15.031758308410645, -15.987874984741211, -35.302330017089844, -14.098909378051758, 21.552072525024414, 63.225189208984375, 91.5203628540039, 35.45058059692383, -8.55273151397705, -11.612509727478027, -11.158309936523438, 1.0387623310089111], [7.685664176940918, 71.24606323242188, -16.704620361328125, 12.208399772644043, 2.530064344406128, -55.207672119140625, -26.994251251220703, 35.45058059692383, 129.15020751953125, 55.382076263427734, 16.3018856048584, -4.469392776489258, 20.410011291503906], [14.89641284942627, -7.70466947555542, 17.597627639770508, 21.69256591796875, 10.742693901062012, -27.812541961669922, -54.86240768432617, -8.55273151397705, 55.382076263427734, 85.14946746826172, 38.30522918701172, 4.959802627563477, 4.2623677253723145], [11.137626647949219, 32.16414260864258, 12.296952247619629, 10.083842277526855, -8.21360969543457, -1.4194507598876953, -5.644128322601318, -11.612509727478027, 16.3018856048584, 38.30522918701172, 80.53366088867188, 32.74576950073242, 16.34015464782715], [30.60167694091797, 19.829097747802734, 6.8068342208862305, -10.280438423156738, -4.702084064483643, -15.79849624633789, -3.0176243782043457, -11.158309936523438, -4.469392776489258, 4.959802627563477, 32.74576950073242, 65.5956802368164, 30.821882247924805], [-15.565601348876953, 46.97237777709961, 7.9968695640563965, 10.017822265625, 5.129242420196533, -18.752840042114258, -10.29607105255127, 1.0387623310089111, 20.410011291503906, 4.2623677253723145, 16.34015464782715, 30.821882247924805, 68.58354949951172]], "lowlevel.gfcc.icov": [[0.0009175456361845136, -0.0009551011025905609, 0.00045858981320634484, -0.0011841545347124338, 0.0011166945332661271, -0.001595529611222446, 0.0008173504029400647, -0.0008966054883785546, 0.00042321908404119313, -0.001071467762812972, 0.0012990286340937018, -0.0018231164431199431, 0.0010488502448424697], [-0.0009551011025905609, 0.010151047259569168, -0.00022778364655096084, 0.007840068079531193, -0.0031578766647726297, 0.011494259350001812, -0.006662318948656321, 0.009178955107927322, -0.006048761773854494, 0.007638894021511078, -0.008840697817504406, 0.008974242024123669, -0.006649356801062822], [0.00045858981320634484, -0.00022778364655096084, 0.006011405028402805, -0.003231789218261838, 0.0023130683694034815, -0.0012531145475804806, 0.0011812507873401046, -0.00151797104626894, 0.00212018471211195, -0.002333676442503929, 0.0010064906673505902, -0.0016762848244979978, -0.0002564729657024145], [-0.0011841545347124338, 0.007840068079531193, -0.003231789218261838, 0.01519002579152584, -0.007232407573610544, 0.008556026965379715, -0.0017562737921252847, 0.008106111548841, -0.00640724366530776, 0.009555867873132229, -0.010217774659395218, 0.010474574752151966, -0.005946422927081585], [0.0011166945332661271, -0.0031578766647726297, 0.0023130683694034815, -0.007232407573610544, 0.010656516067683697, -0.007861039601266384, 0.0015960936434566975, -0.0011963199358433485, 0.0007628461462445557, -0.005577559117227793, 0.007185984402894974, -0.0060929590836167336, 0.0016600257949903607], [-0.001595529611222446, 0.011494259350001812, -0.0012531145475804806, 0.008556026965379715, -0.007861039601266384, 0.0248994380235672, -0.013358411379158497, 0.008433998562395573, -0.0011220354354009032, 0.006680930498987436, -0.012532012537121773, 0.014221965335309505, -0.007562048267573118], [0.0008173504029400647, -0.006662318948656321, 0.0011812507873401046, -0.0017562737921252847, 0.0015960936434566975, -0.013358411379158497, 0.016345083713531494, -0.010827729478478432, 0.0024680770002305508, 0.001793109462596476, 0.002350847702473402, -0.006570519879460335, 0.005259922239929438], [-0.0008966054883785546, 0.009178955107927322, -0.00151797104626894, 0.008106111548841, -0.0011963199358433485, 0.008433998562395573, -0.010827729478478432, 0.02748521976172924, -0.014124016277492046, 0.00913290400058031, -0.004947949200868607, 0.009007968939840794, -0.006377111654728651], [0.00042321908404119313, -0.006048761773854494, 0.00212018471211195, -0.00640724366530776, 0.0007628461462445557, -0.0011220354354009032, 0.0024680770002305508, -0.014124016277492046, 0.022351598367094994, -0.016410192474722862, 0.005085344426333904, -0.0013640819815918803, -0.001082312548533082], [-0.001071467762812972, 0.007638894021511078, -0.002333676442503929, 0.009555867873132229, -0.005577559117227793, 0.006680930498987436, 0.001793109462596476, 0.00913290400058031, -0.016410192474722862, 0.034542568027973175, -0.019396934658288956, 0.009198684245347977, -0.000999723095446825], [0.0012990286340937018, -0.008840697817504406, 0.0010064906673505902, -0.010217774659395218, 0.007185984402894974, -0.012532012537121773, 0.002350847702473402, -0.004947949200868607, 0.005085344426333904, -0.019396934658288956, 0.031903225928545, -0.019321171566843987, 0.004962862469255924], [-0.0018231164431199431, 0.008974242024123669, -0.0016762848244979978, 0.010474574752151966, -0.0060929590836167336, 0.014221965335309505, -0.006570519879460335, 0.009007968939840794, -0.0013640819815918803, 0.009198684245347977, -0.019321171566843987, 0.03598248213529587, -0.01640632562339306], [0.0010488502448424697, -0.006649356801062822, -0.0002564729657024145, -0.005946422927081585, 0.0016600257949903607, -0.007562048267573118, 0.005259922239929438, -0.006377111654728651, -0.001082312548533082, -0.000999723095446825, 0.004962862469255924, -0.01640632562339306, 0.025540683418512344]], "lowlevel.mfcc.cov": [[1179.28662109375, 13.466121673583984, -28.27733039855957, -43.120445251464844, -75.80742645263672, -17.888717651367188, -47.09079360961914, 0.4313289225101471, -26.56791877746582, -11.92664623260498, 35.10649108886719, -0.49003735184669495, -12.518540382385254], [13.466121673583984, 511.5770263671875, -86.45987701416016, -57.711700439453125, -163.64236450195312, -100.26895904541016, -72.81475830078125, -4.273715496063232, 9.692854881286621, -16.63689613342285, -13.457237243652344, -4.2974419593811035, 33.2054328918457], [-28.27733039855957, -86.45987701416016, 241.5772705078125, 32.48269271850586, 7.0537567138671875, -27.957000732421875, -18.86309814453125, -39.40117263793945, -31.752376556396484, -8.537229537963867, -20.96523094177246, -1.3168004751205444, 12.129229545593262], [-43.120445251464844, -57.711700439453125, 32.48269271850586, 186.7934112548828, 115.92539978027344, -2.6678645610809326, -81.7683334350586, -62.1168212890625, -15.071471214294434, -2.592336893081665, -21.418079376220703, -10.892522811889648, 31.55435562133789], [-75.80742645263672, -163.64236450195312, 7.0537567138671875, 115.92539978027344, 225.116943359375, 59.10224151611328, -42.5858268737793, -66.3641357421875, -10.098273277282715, 12.246204376220703, -10.198567390441895, 1.2026387453079224, 11.311768531799316], [-17.888717651367188, -100.26895904541016, -27.957000732421875, -2.6678645610809326, 59.10224151611328, 134.7825927734375, 85.15867614746094, 19.24285125732422, -8.216114044189453, -4.641044616699219, 12.642110824584961, 8.28598690032959, -23.840303421020508], [-47.09079360961914, -72.81475830078125, -18.86309814453125, -81.7683334350586, -42.5858268737793, 85.15867614746094, 205.95120239257812, 105.46241760253906, 11.786587715148926, -15.331217765808105, 13.898927688598633, 4.25649881362915, -45.13311767578125], [0.4313289225101471, -4.273715496063232, -39.40117263793945, -62.1168212890625, -66.3641357421875, 19.24285125732422, 105.46241760253906, 135.7982940673828, 47.892539978027344, 2.073878049850464, 10.73365592956543, -4.42699670791626, -24.89013671875], [-26.56791877746582, 9.692854881286621, -31.752376556396484, -15.071471214294434, -10.098273277282715, -8.216114044189453, 11.786587715148926, 47.892539978027344, 91.2537841796875, 38.68999099731445, 5.336843013763428, -3.634504556655884, -7.048906326293945], [-11.92664623260498, -16.63689613342285, -8.537229537963867, -2.592336893081665, 12.246204376220703, -4.641044616699219, -15.331217765808105, 2.073878049850464, 38.68999099731445, 80.74604034423828, 30.860139846801758, 2.9020349979400635, 1.5913349390029907], [35.10649108886719, -13.457237243652344, -20.96523094177246, -21.418079376220703, -10.198567390441895, 12.642110824584961, 13.898927688598633, 10.73365592956543, 5.336843013763428, 30.860139846801758, 69.94357299804688, 26.015077590942383, -4.375278949737549], [-0.49003735184669495, -4.2974419593811035, -1.3168004751205444, -10.892522811889648, 1.2026387453079224, 8.28598690032959, 4.25649881362915, -4.42699670791626, -3.634504556655884, 2.9020349979400635, 26.015077590942383, 58.981353759765625, 27.43234634399414], [-12.518540382385254, 33.2054328918457, 12.129229545593262, 31.55435562133789, 11.311768531799316, -23.840303421020508, -45.13311767578125, -24.89013671875, -7.048906326293945, 1.5913349390029907, -4.375278949737549, 27.43234634399414, 74.54393768310547]], "lowlevel.mfcc.icov": [[0.0009414197993464768, 0.0002152166998712346, 0.00013760532601736486, 0.0001665073068579659, 0.0004885357338935137, -0.0002573968085926026, 0.0007612861227244139, -0.00023016806517262012, 0.00028580258367583156, 0.0003423568850848824, -0.000587364484090358, 0.00022488627291750163, 9.946065983967856e-05], [0.0002152166998712346, 0.003602568991482258, 0.0016000521136447787, 0.00020960051915608346, 0.002921784995123744, 0.0005743044894188643, 0.0011321494821459055, 0.0010266442550346255, -0.00048746014363132417, 0.0007954043103381991, 0.0004539635556284338, 0.0005740547785535455, -0.0013968050479888916], [0.00013760532601736486, 0.0016000521136447787, 0.005554297938942909, -0.0008272678824141622, 0.001543880207464099, 0.0018296585185453296, -0.0009130449034273624, 0.0017868928844109178, 0.0013448557583615184, -0.0007613706402480602, 0.0018461731960996985, -0.0005018918891437352, -0.0004120154771953821], [0.0001665073068579659, 0.00020960051915608346, -0.0008272678824141622, 0.010260354727506638, -0.0045296126045286655, -0.0002479515678714961, 0.002795917447656393, -0.0003660832007881254, -8.19072884041816e-05, 0.0017171797808259726, -0.0005621736054308712, 0.0035712078679353, -0.003486979054287076], [0.0004885357338935137, 0.002921784995123744, 0.001543880207464099, -0.0045296126045286655, 0.01178643200546503, -0.004610329866409302, 0.001684357412159443, 0.003867753781378269, -0.0014012102037668228, -0.0011694771237671375, 0.0019183311378583312, -0.0007858967874199152, -0.00021077536803204566], [-0.0002573968085926026, 0.0005743044894188643, 0.0018296585185453296, -0.0002479515678714961, -0.004610329866409302, 0.015329339541494846, -0.007509191520512104, 0.001634884625673294, 0.001579230884090066, -3.8080706872278824e-05, -0.000820350309368223, -0.001764768618158996, 0.001861192868091166], [0.0007612861227244139, 0.0011321494821459055, -0.0009130449034273624, 0.002795917447656393, 0.001684357412159443, -0.007509191520512104, 0.015294413082301617, -0.009237569756805897, 0.0020438546780496836, 0.0017150018829852343, 0.00026088260347023606, -0.0015989317325875163, 0.00286