{"song_id": "1182272146618191882", "download": "https://cdn.discordapp.com/attachments/1128313332273782784/1182272146618191882/chirp.mp4?ex=658417bd&amp", "lyrics": "There was a man from White Church, his name was Philly More\nBy the age of only twenty, he had his hair no more", "style": ["trap"], "essentia_features": {"lowlevel.average_loudness": 0.9813219308853149, "lowlevel.barkbands_crest.mean": 10.434978485107422, "lowlevel.barkbands_crest.stdev": 3.9602198600769043, "lowlevel.barkbands_flatness_db.mean": 0.15159772336483002, "lowlevel.barkbands_flatness_db.stdev": 0.04608530551195145, "lowlevel.barkbands_kurtosis.mean": 2.629756450653076, "lowlevel.barkbands_kurtosis.stdev": 7.532580852508545, "lowlevel.barkbands_skewness.mean": 0.6496762037277222, "lowlevel.barkbands_skewness.stdev": 1.6023895740509033, "lowlevel.barkbands_spread.mean": 24.429906845092773, "lowlevel.barkbands_spread.stdev": 13.229249000549316, "lowlevel.dissonance.mean": 0.46509936451911926, "lowlevel.dissonance.stdev": 0.028986526653170586, "lowlevel.dynamic_complexity": 1.7178235054016113, "lowlevel.erbbands_crest.mean": 10.65266227722168, "lowlevel.erbbands_crest.stdev": 4.625566482543945, "lowlevel.erbbands_flatness_db.mean": 0.2043047696352005, "lowlevel.erbbands_flatness_db.stdev": 0.055489782243967056, "lowlevel.erbbands_kurtosis.mean": 0.84740149974823, "lowlevel.erbbands_kurtosis.stdev": 3.677853584289551, "lowlevel.erbbands_skewness.mean": -0.20908568799495697, "lowlevel.erbbands_skewness.stdev": 1.0333585739135742, "lowlevel.erbbands_spread.mean": 34.60603713989258, "lowlevel.erbbands_spread.stdev": 19.27037239074707, "lowlevel.hfc.mean": 28.264554977416992, "lowlevel.hfc.stdev": 19.28415298461914, "lowlevel.loudness_ebu128.integrated": -13.155614852905273, "lowlevel.loudness_ebu128.loudness_range": 0.42215633392333984, "lowlevel.loudness_ebu128.momentary.mean": -13.214773178100586, "lowlevel.loudness_ebu128.momentary.stdev": 0.7342429757118225, "lowlevel.loudness_ebu128.short_term.mean": -13.15696907043457, "lowlevel.loudness_ebu128.short_term.stdev": 0.14820507168769836, "lowlevel.melbands_crest.mean": 14.39944076538086, "lowlevel.melbands_crest.stdev": 5.778177738189697, "lowlevel.melbands_flatness_db.mean": 0.16931983828544617, "lowlevel.melbands_flatness_db.stdev": 0.059571605175733566, "lowlevel.melbands_kurtosis.mean": 8.512142181396484, "lowlevel.melbands_kurtosis.stdev": 23.684694290161133, "lowlevel.melbands_skewness.mean": 1.7836817502975464, "lowlevel.melbands_skewness.stdev": 1.9495512247085571, "lowlevel.melbands_spread.mean": 37.83951187133789, "lowlevel.melbands_spread.stdev": 27.117908477783203, "lowlevel.pitch_salience.mean": 0.5787416100502014, "lowlevel.pitch_salience.stdev": 0.12737885117530823, "lowlevel.silence_rate_20dB.mean": 1.0, "lowlevel.silence_rate_20dB.stdev": 0.0, "lowlevel.silence_rate_30dB.mean": 1.0, "lowlevel.silence_rate_30dB.stdev": 0.0, "lowlevel.silence_rate_60dB.mean": 0.0416666679084301, "lowlevel.silence_rate_60dB.stdev": 0.19982583820819855, "lowlevel.spectral_centroid.mean": 1962.35693359375, "lowlevel.spectral_centroid.stdev": 885.2195434570312, "lowlevel.spectral_complexity.mean": 18.858333587646484, "lowlevel.spectral_complexity.stdev": 9.636126518249512, "lowlevel.spectral_decrease.mean": -5.980181683185037e-09, "lowlevel.spectral_decrease.stdev": 5.077804843267586e-09, "lowlevel.spectral_energy.mean": 0.025134263560175896, "lowlevel.spectral_energy.stdev": 0.019732626155018806, "lowlevel.spectral_energyband_high.mean": 0.0013041923521086574, "lowlevel.spectral_energyband_high.stdev": 0.0025084379594773054, "lowlevel.spectral_energyband_low.mean": 0.005985981319099665, "lowlevel.spectral_energyband_low.stdev": 0.015046081505715847, "lowlevel.spectral_energyband_middle_high.mean": 0.007076125126332045, "lowlevel.spectral_energyband_middle_high.stdev": 0.006963214371353388, "lowlevel.spectral_energyband_middle_low.mean": 0.011401677504181862, "lowlevel.spectral_energyband_middle_low.stdev": 0.011475612409412861, "lowlevel.spectral_entropy.mean": 7.5846848487854, "lowlevel.spectral_entropy.stdev": 0.41143226623535156, "lowlevel.spectral_flux.mean": 0.10840524733066559, "lowlevel.spectral_flux.stdev": 0.05059761554002762, "lowlevel.spectral_kurtosis.mean": 4.773304462432861, "lowlevel.spectral_kurtosis.stdev": 3.4311628341674805, "lowlevel.spectral_rms.mean": 0.004577946849167347, "lowlevel.spectral_rms.stdev": 0.0018877589609473944, "lowlevel.spectral_rolloff.mean": 2552.04296875, "lowlevel.spectral_rolloff.stdev": 1814.7845458984375, "lowlevel.spectral_skewness.mean": 1.336516261100769, "lowlevel.spectral_skewness.stdev": 0.49911513924598694, "lowlevel.spectral_spread.mean": 3786605.25, "lowlevel.spectral_spread.stdev": 1480980.25, "lowlevel.spectral_strongpeak.mean": 1.4774277210235596, "lowlevel.spectral_strongpeak.stdev": 1.3540376424789429, "lowlevel.zerocrossingrate.mean": 0.08623453974723816, "lowlevel.zerocrossingrate.stdev": 0.05149317532777786, "metadata.audio_properties.analysis.equal_loudness": 0.0, "metadata.audio_properties.analysis.length": 5.545623779296875, "metadata.audio_properties.analysis.sample_rate": 44100.0, "metadata.audio_properties.analysis.start_time": 0.0, "metadata.audio_properties.bit_rate": 123742.0, "metadata.audio_properties.length": 5.546666622161865, "metadata.audio_properties.lossless": 0.0, "metadata.audio_properties.number_channels": 1.0, "metadata.audio_properties.replay_gain": -13.587011337280273, "metadata.audio_properties.sample_rate": 48000.0, "rhythm.beats_count": 15.0, "rhythm.beats_loudness.mean": 0.03541764244437218, "rhythm.beats_loudness.stdev": 0.014434854499995708, "rhythm.bpm": 172.26560974121094, "rhythm.bpm_histogram_first_peak_bpm": 172.0, "rhythm.bpm_histogram_first_peak_weight": 0.0, "rhythm.bpm_histogram_second_peak_bpm": 167.0, "rhythm.bpm_histogram_second_peak_spread": 0.0, "rhythm.bpm_histogram_second_peak_weight": 0.2857142984867096, "rhythm.danceability": 1.748908519744873, "rhythm.onset_rate": 5.3945393562316895, "tonal.chords_changes_rate": 0.1818181872367859, "tonal.chords_number_rate": 0.09090909361839294, "tonal.chords_strength.mean": 0.38314923644065857, "tonal.chords_strength.stdev": 0.08188793063163757, "tonal.hpcp_crest.mean": 13.47610855102539, "tonal.hpcp_crest.stdev": 7.123902797698975, "tonal.hpcp_entropy.mean": 2.071843147277832, "tonal.hpcp_entropy.stdev": 0.8187505602836609, "tonal.key_edma.strength": 0.35152435302734375, "tonal.key_krumhansl.strength": 0.3508761525154114, "tonal.key_temperley.strength": 0.35725679993629456, "tonal.tuning_diatonic_strength": 0.2921295166015625, "tonal.tuning_equal_tempered_deviation": 0.2232963591814041, "tonal.tuning_frequency": 443.0604248046875, "tonal.tuning_nontempered_energy_ratio": 0.880247175693512, "lowlevel.barkbands.mean": [0.0004221815033815801, 0.0032766133081167936, 0.0018171861302107573, 0.0013325578765943646, 0.0016261459095403552, 0.0027026229072362185, 0.0014003054238855839, 0.002300400286912918, 0.0016440327744930983, 0.0006997875170782208, 0.0004641243431251496, 0.0003965298819821328, 0.0007897616014815867, 0.0005211176467128098, 0.0005958725814707577, 0.0005460018292069435, 0.001239453791640699, 0.0012125358916819096, 0.0007188579184003174, 0.00022574252216145396, 0.00028204533737152815, 0.0004944378742948174, 0.0002532211074139923, 0.00010554914479143918, 5.337771654012613e-05, 1.363948922517011e-05, 1.742722304243216e-07], "lowlevel.barkbands.stdev": [0.0009863913292065263, 0.00898688193410635, 0.007015208248049021, 0.0034354382660239935, 0.005649480503052473, 0.0038798463065177202, 0.003753779223188758, 0.004321076907217503, 0.002902370411902666, 0.0012950272066518664, 0.002013708930462599, 0.001192541909404099, 0.002595786703750491, 0.0013437913730740547, 0.001674388418905437, 0.0010396045399829745, 0.0014687811490148306, 0.0016741396393626928, 0.0008756869356147945, 0.00039857003139331937, 0.0006655222387053072, 0.0012617568718269467, 0.0005256739095784724, 0.0002143056772183627, 0.00011100474512204528, 2.756843423412647e-05, 6.614212111344386e-07], "lowlevel.erbbands.mean": [0.07272449880838394, 0.7927737832069397, 2.2440383434295654, 3.2181503772735596, 7.417855262756348, 3.459911584854126, 4.393848896026611, 30.061382293701172, 24.54446029663086, 29.190753936767578, 46.95051574707031, 38.6114501953125, 34.72984313964844, 21.265016555786133, 14.465960502624512, 17.151639938354492, 34.84785079956055, 32.37942886352539, 26.572031021118164, 30.336149215698242, 37.034584045410156, 73.70563507080078, 61.816932678222656, 61.51198959350586, 20.944793701171875, 10.491576194763184, 10.736039161682129, 12.149163246154785, 20.088098526000977, 11.194692611694336, 6.4282331466674805, 2.8351824283599854, 1.655077576637268, 0.8298422694206238, 0.22978810966014862, 0.08852830529212952, 0.019312649965286255, 0.0019077167380601168, 5.973629959044047e-05, 3.4821809094864875e-05], "lowlevel.erbbands.stdev": [0.18083614110946655, 2.333012819290161, 7.682147979736328, 9.40711784362793, 23.474340438842773, 11.375593185424805, 7.063708305358887, 45.18195724487305, 53.116668701171875, 59.2297248840332, 92.56780242919922, 73.91542053222656, 51.984920501708984, 75.08271789550781, 37.43753433227539, 50.52266311645508, 109.12361145019531, 85.51827239990234, 62.569915771484375, 67.65630340576172, 56.56830978393555, 89.93595123291016, 90.8802490234375, 73.67098999023438, 25.75035285949707, 17.88715362548828, 22.905105590820312, 28.19010353088379, 56.04034423828125, 23.843809127807617, 12.879860877990723, 5.409830093383789, 3.694134473800659, 1.7550715208053589, 0.4334513247013092, 0.18202932178974152, 0.0369124636054039, 0.004050635267049074, 9.427961049368605e-05, 2.343904270674102e-05], "lowlevel.gfcc.mean": [-14.413822174072266, 66.5971908569336, -149.82534790039062, 38.95388412475586, -72.82427215576172, 1.5410733222961426, -46.27796936035156, 16.382366180419922, -15.359678268432617, -8.020267486572266, -14.845874786376953, -1.25547194480896, -15.52365779876709], "lowlevel.melbands.mean": [0.0008022224646992981, 0.001150362309999764, 0.0007106504635885358, 0.0004214982327539474, 0.00013498097541742027, 0.0006328244344331324, 0.0003586241218727082, 0.00036661859485320747, 0.0003462023742031306, 0.0002547208277974278, 0.00016690716438461095, 8.083570719463751e-05, 5.242185216047801e-05, 4.3955638830084354e-05, 4.776547575602308e-05, 9.124285134021193e-05, 5.46155970369e-05, 3.897346687153913e-05, 4.7874073061393574e-05, 3.5257948184153065e-05, 4.4169715692987666e-05, 7.875766459619626e-05, 6.375255179591477e-05, 5.299853000906296e-05, 5.175401383894496e-05, 1.8312166503164917e-05, 9.780891559785232e-06, 6.057503014744725e-06, 6.43248085907544e-06, 6.6926604631589726e-06, 6.97300311003346e-06, 1.175003399112029e-05, 9.098903319681995e-06, 5.411633992480347e-06, 3.9453530007449444e-06, 2.482339368725661e-06, 1.487111489950621e-06, 1.243624296876078e-06, 9.437689527658222e-07, 6.047592364666343e-07], "lowlevel.melbands.stdev": [0.002044677734375, 0.003479032777249813, 0.0018041941802948713, 0.0014132728101685643, 0.00023909247829578817, 0.0009114503627642989, 0.0007803456974215806, 0.0007089955033734441, 0.0006950782844796777, 0.0004798332811333239, 0.00025754451053217053, 0.00028976035537198186, 0.0001726638583932072, 0.0001481619692640379, 0.00015410395280923694, 0.0003161378554068506, 0.0001503361709183082, 9.029896318679675e-05, 0.00014445946726482362, 7.510247087338939e-05, 6.561564077856019e-05, 0.00010064160596812144, 9.870052599580958e-05, 7.311413355637342e-05, 6.645148096140474e-05, 2.30875830311561e-05, 1.690763201622758e-05, 1.1021147656720132e-05, 1.3271308489493094e-05, 1.587354563525878e-05, 1.6623529518255964e-05, 3.42257771990262e-05, 2.1805935830343515e-05, 1.1860636732308194e-05, 8.23812933958834e-06, 4.946535682393005e-06, 2.93965672426566e-06, 2.8368233415676514e-06, 2.336120587642654e-06, 1.2063233043591026e-06], "lowlevel.melbands128.mean": [0.0003580925986170769, 0.0005527703324332833, 0.0008449431625194848, 0.0015347241424024105, 0.0013262770371511579, 0.0008155356626957655, 0.0005731862038373947, 0.0007426967495121062, 0.0008490502368658781, 0.00047178452950902283, 0.00010085151006933302, 5.01521717524156e-05, 7.507629197789356e-05, 0.00027828675229102373, 0.0007836088188923895, 0.0007947556441649795, 0.0004738214483950287, 0.0002622004540171474, 0.00022869133681524545, 0.0002763985830824822, 0.000491442799102515, 0.0004981410456821322, 0.00036763810203410685, 0.00012696473277173936, 0.00020492379553616047, 0.0003488637739792466, 0.00025618929066695273, 0.00016913349099922925, 5.586691258940846e-05, 7.431348058162257e-05, 9.661402145866305e-05, 8.780607458902523e-05, 3.55030206264928e-05, 4.324709516367875e-05, 3.896186899510212e-05, 4.9531441618455574e-05, 4.142734542256221e-05, 4.615234865923412e-05, 3.9690079574938864e-05, 9.749414311954752e-05, 0.00011296091543044895, 6.519127782667056e-05, 6.0816953919129446e-05, 4.488923877943307e-05, 3.7230907764751464e-05, 3.2709613151382655e-05, 4.4711356167681515e-05, 6.0194583056727424e-05, 4.288165655452758e-05, 3.646915138233453e-05, 3.185859168297611e-05, 3.6450244806474075e-05, 3.982293856097385e-05, 4.21729710069485e-05, 6.516052962979302e-05, 9.58448727033101e-05, 7.784446643199772e-05, 6.606920942431316e-05, 6.113958806963637e-05, 5.1376955525483936e-05, 4.5859869715059176e-05, 5.8082121540792286e-05, 6.967769877519459e-05, 4.965902553522028e-05, 2.5501311029074714e-05, 1.8031014406005852e-05, 1.1969825209234841e-05, 1.172616430267226e-05, 9.3298540377873e-06, 7.493982138839783e-06, 5.200376563152531e-06, 6.094471245887689e-06, 5.8348459788248874e-06, 6.598660547751933e-06, 7.048824954836164e-06, 6.3629190663050395e-06, 7.053572517179418e-06, 6.258290341065731e-06, 6.686151209578384e-06, 7.26770576875424e-06, 1.0913759069808293e-05, 1.5264758985722438e-05, 1.1494388672872446e-05, 9.265387234336231e-06, 5.7833053688227665e-06, 5.239426627667854e-06, 5.496619905898115e-06, 5.228273039392661e-06, 3.535198175086407e-06, 3.512780494929757e-06, 3.0362800771399634e-06, 2.2251781501836376e-06, 1.3739631867792923e-06, 1.5081670881045284e-06, 1.4651192259407253e-06, 1.5165747981882305e-06, 1.188749706670933e-06, 8.447582899862027e-07, 1.0439661082273233e-06, 9.505929483566433e-07, 7.388421749965346e-07, 5.977591968076013e-07, 3.5222927863287623e-07, 3.07645763086839e-07, 1.8579751781544473e-07, 2.012106818938264e-07, 2.2743233785149641e-07, 1.9303136866710702e-07, 1.5181834100985725e-07, 1.1704972990855822e-07, 8.682228980205764e-08, 5.587857998534673e-08, 5.7450652235502275e-08, 5.4505736812870964e-08, 3.20112256702032e-08, 1.5311165668663307e-08, 7.367817467240911e-09, 2.732841175578926e-10, 4.556514453940563e-12, 4.025694708142957e-12, 3.83299468553755e-12, 3.73257241087499e-12, 3.65169179616931e-12, 3.5756018371829734e-12, 3.495626531291318e-12, 3.4121082695404148e-12, 3.3594210312876127e-12, 3.3369260046128835e-12], "lowlevel.melbands128.stdev": [0.0008699960308149457, 0.00141844991594553, 0.0025842406321316957, 0.004620145075023174, 0.004386276938021183, 0.003204558975994587, 0.00204228307120502, 0.0018541186582297087, 0.0029318302404135466, 0.001770240138284862, 0.0003345083096064627, 0.0001720776635920629, 0.0001736940466798842, 0.0005378152127377689, 0.001424235524609685, 0.0013591807801276445, 0.0011188186472281814, 0.001042588846758008, 0.000955162919126451, 0.0007769732037559152, 0.001222640392370522, 0.001125849667005241, 0.0010344600304961205, 0.00038969775778241456, 0.0007257926044985652, 0.0007091818260960281, 0.000588325725402683, 0.00032861388172023, 0.00013657170347869396, 0.0003194463497493416, 0.00047217460814863443, 0.0005099843838252127, 0.00011371123400749639, 0.0001551343157188967, 0.000140788804856129, 0.0002477617817930877, 0.00012616261665243655, 0.0002077162207569927, 0.00016631485777907073, 0.00036660523619502783, 0.0005039870738983154, 0.00030656042508780956, 0.00024545728228986263, 0.00010678436228772625, 0.00011684082710416988, 0.0001001777418423444, 0.00014610968355555087, 0.0002896156220231205, 0.00013803376350551844, 0.00010739414574345574, 8.588160562794656e-05, 9.232106822310016e-05, 9.362541459267959e-05, 6.7351502366364e-05, 9.390964987687767e-05, 0.0001622578129172325, 0.0001095660263672471, 0.00011257849837420508, 0.0001234480005223304, 0.00011846797133330256, 8.588283526478335e-05, 8.681856706971303e-05, 0.000106263549241703, 8.31335928523913e-05, 3.7265894206939265e-05, 2.6941406758851372e-05, 1.9633998817880638e-05, 2.358780511713121e-05, 1.711526419967413e-05, 1.5288929716916755e-05, 9.810901246964931e-06, 1.2765032806782983e-05, 1.1555243872862775e-05, 1.5086036000866443e-05, 1.8815397197613493e-05, 1.5893005183897913e-05, 1.783262996468693e-05, 1.702838380879257e-05, 1.7505944924778305e-05, 1.900260213005822e-05, 3.0439756301348098e-05, 5.718536704080179e-05, 3.138380270684138e-05, 2.168632454413455e-05, 1.3247507013147697e-05, 1.2065073860867415e-05, 1.3780743756797165e-05, 1.3453760402626358e-05, 7.1231761467061006e-06, 6.977026714594103e-06, 6.738242518622428e-06, 4.946680746797938e-06, 2.718662472034339e-06, 3.14032308779133e-06, 3.293380359536968e-06, 3.718200332514243e-06, 2.843770062099793e-06, 2.001679376917309e-06, 2.9061591249046614e-06, 2.5765680220501963e-06, 1.499750055700133e-06, 1.142660153163888e-06, 9.21627417937998e-07, 8.498353167851747e-07, 3.7887366488575935e-07, 3.27039174408128e-07, 4.579941048632463e-07, 4.580966219691618e-07, 3.650577014013834e-07, 2.6750834081212815e-07, 2.2400855925752694e-07, 1.0139331152458908e-07, 1.1666917032471247e-07, 1.3305829327237007e-07, 6.823861298244083e-08, 3.936434112006282e-08, 2.9023244252357472e-08, 1.7293781962024468e-09, 1.0693038468567728e-11, 8.085676225788596e-12, 7.77545302449445e-12, 7.571349797119709e-12, 7.409588567708347e-12, 7.2729175112917765e-12, 7.153909409307602e-12, 7.061666789515142e-12, 6.997647686995956e-12, 6.958894398223503e-12], "lowlevel.mfcc.mean": [-642.103759765625, 87.13496398925781, -18.817157745361328, 23.858863830566406, -2.1557776927948, -12.845949172973633, -16.79146385192871, 11.454264640808105, -5.234385013580322, -2.005139112472534, 7.27441930770874, -2.00846004486084, -8.808181762695312], "lowlevel.spectral_contrast_coeffs.mean": [-0.67885422706604, -0.702187180519104, -0.7515900135040283, -0.7876396179199219, -0.7374667525291443, -0.7302664518356323], "lowlevel.spectral_contrast_coeffs.stdev": [0.10586424916982651, 0.10931042581796646, 0.07034080475568771, 0.06167854368686676, 0.07403916865587234, 0.05405309423804283], "lowlevel.spectral_contrast_valleys.mean": [-7.876231670379639, -7.060004711151123, -7.61962366104126, -7.552469253540039, -7.268081188201904, -10.220003128051758], "lowlevel.spectral_contrast_valleys.stdev": [1.0286118984222412, 0.7571272253990173, 0.7055110931396484, 0.6648818850517273, 0.6410007476806641, 0.8003877997398376], "rhythm.beats_loudness_band_ratio.mean": [0.35982006788253784, 0.15120185911655426, 0.19552116096019745, 0.07787726074457169, 0.15085236728191376, 0.13578768074512482], "rhythm.beats_loudness_band_ratio.stdev": [0.29172632098197937, 0.15898193418979645, 0.2270156592130661, 0.07947992533445358, 0.13314679265022278, 0.21250846982002258], "tonal.hpcp.mean": [0.05557270348072052, 0.05680689960718155, 0.0748380795121193, 0.06974193453788757, 0.06691759079694748, 0.07159004360437393, 0.07450253516435623, 0.07298044860363007, 0.06633737683296204, 0.1096288412809372, 0.14929848909378052, 0.1291092336177826, 0.10352449119091034, 0.09991710633039474, 0.13183918595314026, 0.13805148005485535, 0.15506987273693085, 0.20272673666477203, 0.17698246240615845, 0.12826228141784668, 0.11189542710781097, 0.14283010363578796, 0.18617023527622223, 0.26018258929252625, 0.30544373393058777, 0.2593492865562439, 0.2472894787788391, 0.22413384914398193, 0.19029691815376282, 0.24359503388404846, 0.2430332899093628, 0.17238019406795502, 0.14439404010772705, 0.14331728219985962, 0.12539690732955933, 0.08419922739267349], "tonal.hpcp.stdev": [0.09770059585571289, 0.12645484507083893, 0.1852041631937027, 0.1468362808227539, 0.15272404253482819, 0.16787651181221008, 0.1657111644744873, 0.15635907649993896, 0.13150902092456818, 0.2021147608757019, 0.2624589502811432, 0.22511683404445648, 0.19677986204624176, 0.14830690622329712, 0.24363712966442108, 0.215410053730011, 0.20379741489887238, 0.2552105486392975, 0.2164962738752365, 0.18727101385593414, 0.18112903833389282, 0.2305934578180313, 0.25522279739379883, 0.30617156624794006, 0.32776594161987305, 0.31511828303337097, 0.30933260917663574, 0.2975790202617645, 0.25846222043037415, 0.3137151598930359, 0.3188537061214447, 0.2635817229747772, 0.2236795276403427, 0.24875032901763916, 0.21369081735610962, 0.1733897477388382], "rhythm.beats_position": [0.31346938014030457, 0.6269387602806091, 0.9404081702232361, 1.277097463607788, 1.6253968477249146, 1.9736961126327515, 2.321995496749878, 2.670294761657715, 3.0185940265655518, 3.3785033226013184, 3.738412618637085, 4.086711883544922, 4.435011386871338, 4.794920444488525, 5.154829978942871], "rhythm.bpm_histogram": [0.0, 0.0, 0.0, 0.0, 0.0, 0.0, 0.0, 0.0, 0.0, 0.0, 0.0, 0.0, 0.0, 0.0, 0.0, 0.0, 0.0, 0.0, 0.0, 0.0, 0.0, 0.0, 0.0, 0.0, 0.0, 0.0, 0.0, 0.0, 0.0, 0.0, 0.0, 0.0, 0.0, 0.0, 0.0, 0.0, 0.0, 0.0, 0.0, 0.0, 0.0, 0.0, 0.0, 0.0, 0.0, 0.0, 0.0, 0.0, 0.0, 0.0, 0.0, 0.0, 0.0, 0.0, 0.0, 0.0, 0.0, 0.0, 0.0, 0.0, 0.0, 0.0, 0.0, 0.0, 0.0, 0.0, 0.0, 0.0, 0.0, 0.0, 0.0, 0.0, 0.0, 0.0, 0.0, 0.0, 0.0, 0.0, 0.0, 0.0, 0.0, 0.0, 0.0, 0.0, 0.0, 0.0, 0.0, 0.0, 0.0, 0.0, 0.0, 0.0, 0.0, 0.0, 0.0, 0.0, 0.0, 0.0, 0.0, 0.0, 0.0, 0.0, 0.0, 0.0, 0.0, 0.0, 0.0, 0.0, 0.0, 0.0, 0.0, 0.0, 0.0, 0.0, 0.0, 0.0, 0.0, 0.0, 0.0, 0.0, 0.0, 0.0, 0.0, 0.0, 0.0, 0.0, 0.0, 0.0, 0.0, 0.0, 0.0, 0.0, 0.0, 0.0, 0.0, 0.0, 0.0, 0.0, 0.0, 0.0, 0.0, 0.0, 0.0, 0.0, 0.0, 0.0, 0.0, 0.0, 0.0, 0.0, 0.0, 0.0, 0.0, 0.0, 0.0, 0.0, 0.0, 0.0, 0.0, 0.0, 0.0, 0.0, 0.0, 0.0, 0.0, 0.0, 0.0, 0.2857142984867096, 0.0, 0.0, 0.0, 0.0, 0.5, 0.0, 0.0, 0.0, 0.0, 0.0, 0.0714285746216774, 0.0, 0.0, 0.0, 0.0, 0.0, 0.0, 0.0, 0.0, 0.0, 0.0, 0.0, 0.0, 0.1428571492433548, 0.0, 0.0, 0.0, 0.0, 0.0, 0.0, 0.0, 0.0, 0.0, 0.0, 0.0, 0.0, 0.0, 0.0, 0.0, 0.0, 0.0, 0.0, 0.0, 0.0, 0.0, 0.0, 0.0, 0.0, 0.0, 0.0, 0.0, 0.0, 0.0, 0.0, 0.0, 0.0, 0.0, 0.0, 0.0, 0.0, 0.0, 0.0, 0.0, 0.0, 0.0, 0.0, 0.0, 0.0, 0.0, 0.0, 0.0, 0.0, 0.0, 0.0, 0.0, 0.0, 0.0, 0.0, 0.0, 0.0, 0.0, 0.0], "tonal.chords_histogram": [4.13223123550415, 0.0, 9.090909004211426, 9.090909004211426, 0.0, 9.090909004211426, 24.79338836669922, 3.3057851791381836, 0.0, 1.6528925895690918, 0.0, 0.0, 13.223140716552734, 0.0, 0.0, 0.0, 0.0, 0.0, 0.0, 3.3057851791381836, 18.18181800842285, 0.0, 0.0, 4.13223123550415], "tonal.thpcp": [1.0, 0.8490902185440063, 0.8096073269844055, 0.7337974905967712, 0.6230179071426392, 0.7975119948387146, 0.7956728339195251, 0.5643599033355713, 0.47273531556129456, 0.46921008825302124, 0.4105401337146759, 0.27566197514533997, 0.18194088339805603, 0.18598155677318573, 0.24501429498195648, 0.22832989692687988, 0.21908320486545563, 0.23438046872615814, 0.24391573667526245, 0.2389325499534607, 0.21718361973762512, 0.35891664028167725, 0.4887921214103699, 0.42269399762153625, 0.33893147110939026, 0.32712113857269287, 0.4316316545009613, 0.45197024941444397, 0.5076872110366821, 0.663712203502655, 0.5794273614883423, 0.4199211299419403, 0.36633726954460144, 0.4676150977611542, 0.6095074415206909, 0.8518183827400208], "lowlevel.gfcc.cov": [[3172.09326171875, 250.15150451660156, 387.1422119140625, 189.17108154296875, 139.46514892578125, 228.94110107421875, 108.5053482055664, 151.39158630371094, -33.6116828918457, 178.0952606201172, -3.950230598449707, -29.28656768798828, -94.31510162353516], [250.15150451660156, 1871.0445556640625, -67.07835388183594, -350.0066223144531, 254.7788848876953, -243.5410919189453, -32.32868957519531, 134.57884216308594, 179.7006072998047, -40.00309371948242, 342.1172790527344, -5.675142288208008, 107.65243530273438], [387.1422119140625, -67.07835388183594, 953.9583740234375, 411.170166015625, 48.12149429321289, 366.1777648925781, 194.28463745117188, 5.850231647491455, -149.74818420410156, 160.19674682617188, -95.32218170166016, 67.31765747070312, 45.44770812988281], [189.17108154296875, -350.0066223144531, 411.170166015625, 730.0755004882812, 41.46799850463867, 144.09645080566406, 64.6767349243164, -120.75664520263672, 17.897022247314453, 39.824974060058594, -65.55641174316406, 29.454641342163086, 66.18363189697266], [139.46514892578125, 254.7788848876953, 48.12149429321289, 41.46799850463867, 396.05560302734375, 211.20924377441406, 73.81703186035156, 113.24427795410156, 79.14478302001953, 117.96463775634766, 10.089476585388184, -42.36094665527344, 14.529126167297363], [228.94110107421875, -243.5410919189453, 366.1777648925781, 144.09645080566406, 211.20924377441406, 543.8895263671875, 271.4505615234375, 104.24736022949219, -69.65583801269531, 197.1460723876953, -73.4649429321289, -31.792659759521484, 33.65776443481445], [108.5053482055664, -32.32868957519531, 194.28463745117188, 64.6767349243164, 73.81703186035156, 271.4505615234375, 359.3894958496094, 201.6004180908203, -19.723230361938477, 48.8648796081543, -2.144178867340088, 6.800378322601318, 28.92429542541504], [151.39158630371094, 134.57884216308594, 5.850231647491455, -120.75664520263672, 113.24427795410156, 104.24736022949219, 201.6004180908203, 348.95001220703125, 134.83526611328125, 45.40765380859375, 8.679911613464355, 0.6635344624519348, 21.7425594329834], [-33.6116828918457, 179.7006072998047, -149.74818420410156, 17.897022247314453, 79.14478302001953, -69.65583801269531, -19.723230361938477, 134.83526611328125, 280.9114990234375, 34.300472259521484, 56.74778366088867, -24.700572967529297, 27.782609939575195], [178.0952606201172, -40.00309371948242, 160.19674682617188, 39.824974060058594, 117.96463775634766, 197.1460723876953, 48.8648796081543, 45.40765380859375, 34.300472259521484, 225.93325805664062, 27.77435302734375, -20.805171966552734, 6.040928840637207], [-3.950230598449707, 342.1172790527344, -95.32218170166016, -65.55641174316406, 10.089476585388184, -73.4649429321289, -2.144178867340088, 8.679911613464355, 56.74778366088867, 27.77435302734375, 228.57888793945312, 39.71831512451172, 33.73163604736328], [-29.28656768798828, -5.675142288208008, 67.31765747070312, 29.454641342163086, -42.36094665527344, -31.792659759521484, 6.800378322601318, 0.6635344624519348, -24.700572967529297, -20.805171966552734, 39.71831512451172, 104.92196655273438, 37.327972412109375], [-94.31510162353516, 107.65243530273438, 45.44770812988281, 66.18363189697266, 14.529126167297363, 33.65776443481445, 28.92429542541504, 21.7425594329834, 27.782609939575195, 6.040928840637207, 33.73163604736328, 37.327972412109375, 107.68719482421875]], "lowlevel.gfcc.icov": [[0.0004433143185451627, -0.0003825060557574034, 0.00026053987676277757, -0.0006050441297702491, 0.0004648187605198473, -0.0005313899018801749, 0.0005417046486400068, -0.0007781879394315183, 0.0005007252329960465, -0.00039055926026776433, 0.0001746549824019894, -0.00031266777659766376, 0.0010939380154013634], [-0.0003825060557574034, 0.002532539889216423, -0.002252672566100955, 0.0024530815426260233, -0.002957784803584218, 0.0029054125770926476, -0.0014487836742773652, 0.0015756660141050816, -0.0013236516388133168, 0.0018624750664457679, -0.002914779121056199, 0.003060226095840335, -0.003772437572479248], [0.00026053987676277757, -0.002252672566100955, 0.004438185133039951, -0.0034215888008475304, 0.003007141873240471, -0.0032500913366675377, 0.001382059883326292, -0.0021999157033860683, 0.0025987266562879086, -0.002985006431117654, 0.0031057551968842745, -0.00412963330745697, 0.00334862619638443], [-0.0006050441297702491, 0.0024530815426260233, -0.0034215888008475304, 0.005540686193853617, -0.0034406601916998625, 0.0031953167635947466, -0.0034625809639692307, 0.005056475289165974, -0.004014979582279921, 0.0022292588837444782, -0.0014906482538208365, 0.0021985103376209736, -0.0049531785771250725], [0.0004648187605198473, -0.002957784803584218, 0.003007141873240471, -0.0034406601916998625, 0.007630352396517992, -0.0058011580258607864, 0.003462608903646469, -0.0035848270636051893, 0.0012341637630015612, -0.0022146457340568304, 0.002385389292612672, -0.0026147908065468073, 0.004751848988234997], [-0.0005313899018801749, 0.0029054125770926476, -0.0032500913366675377, 0.0031953167635947466, -0.0058011580258607864, 0.011358944699168205, -0.006985483691096306, 0.003613468259572983, -7.716311665717512e-05, -0.0027114348486065865, -0.0005656294524669647, 0.004844433628022671, -0.006912966724485159], [0.0005417046486400068, -0.0014487836742773652, 0.001382059883326292, -0.0034625809639692307, 0.003462608903646469, -0.006985483691096306, 0.011244088411331177, -0.008310992270708084, 0.0037511035334318876, 0.0019845860078930855, -0.0018158004386350513, -0.0005223648622632027, 0.003512370167300105], [-0.0007781879394315183, 0.0015756660141050816, -0.0021999157033860683, 0.005056475289165974, -0.0035848270636051893, 0.003613468259572983, -0.008310992270708084, 0.01215243898332119, -0.007158143445849419, 0.000580701744183898, 0.0013234623475000262, -0.0008132077055051923, -0.003621503245085478], [0.0005007252329960465, -0.0013236516388133168, 0.0025987266562879086, -0.004014979582279921, 0.0012341637630015612, -7.716311665717512e-05, 0.0037511035334318876, -0.007158143445849419, 0.009933997876942158, -0.0030737556517124176, -0.0002826858835760504, 0.0014150688657537103, 0.0006354882498271763], [-0.00039055926026776433, 0.0018624750664457679, -0.002985006431117654, 0.0022292588837444782, -0.0022146457340568304, -0.0027114348486065865, 0.0019845860078930855, 0.000580701744183898, -0.0030737556517124176, 0.011202913708984852, -0.0051761469803750515, 0.0033100140281021595, -0.001179718878120184], [0.0001746549824019894, -0.002914779121056199, 0.0031057551968842745, -0.0014906482538208365, 0.002385389292612672, -0.0005656294524669647, -0.0018158004386350513, 0.0013234623475000262, -0.0002826858835760504, -0.0051761469803750515, 0.010814719833433628, -0.0066963373683393, 0.002044562716037035], [-0.00031266777659766376, 0.003060226095840335, -0.00412963330745697, 0.0021985103376209736, -0.0026147908065468073, 0.004844433628022671, -0.0005223648622632027, -0.0008132077055051923, 0.0014150688657537103, 0.0033100140281021595, -0.0066963373683393, 0.018727673217654228, -0.008743124082684517], [0.0010939380154013634, -0.003772437572479248, 0.00334862619638443, -0.0049531785771250725, 0.004751848988234997, -0.006912966724485159, 0.003512370167300105, -0.003621503245085478, 0.0006354882498271763, -0.001179718878120184, 0.002044562716037035, -0.008743124082684517, 0.01924620009958744]], "lowlevel.mfcc.cov": [[3028.90185546875, 126.3324966430664, 110.28402709960938, 151.74832153320312, 90.20684051513672, 77.65164184570312, 107.57928466796875, 9.415077209472656, 25.946489334106445, 130.9907989501953, 63.900054931640625, 103.6103286743164, 118.78609466552734], [126.3324966430664, 1994.7388916015625, -315.8831787109375, -227.4902801513672, 149.84866333007812, -373.8566589355469, 3.8001866340637207, 29.493133544921875, -48.33579635620117, -19.625049591064453, 81.69796752929688, 180.93756103515625, 132.73757934570312], [110.28402709960938, -315.8831787109375, 886.7508544921875, 272.9361267089844, -33.080406188964844, 314.887939453125, 241.7369842529297, -9.989599227905273, 67.43293762207031, -12.737626075744629, -78.63948059082031, -20.121170043945312, 34.25045394897461], [151.74832153320312, -227.4902801513672, 272.9361267089844, 460.51519775390625, 81.53952026367188, 114.27462768554688, -51.506141662597656, 15.704445838928223, 4.117064476013184, -29.50537109375, -52.09979248046875, -29.0288028717041, 28.90452766418457], [90.20684051513672, 149.84866333007812, -33.080406188964844, 81.53952026367188, 315.60577392578125, 128.50929260253906, -12.191941261291504, -45.7507438659668, 64.08025360107422, 110.92771911621094, 23.54405975341797, 25.48049545288086, 28.594449996948242], [77.65164184570312, -373.8566589355469, 314.887939453125, 114.27462768554688, 128.50929260253906, 467.3826599121094, 243.99545288085938, -72.26793670654297, 81.57344818115234, 92.43000793457031, -32.58929443359375, -3.2785086631774902, -18.213653564453125], [107.57928466796875, 3.8001866340637207, 241.7369842529297, -51.506141662597656, -12.191941261291504, 243.99545288085938, 455.32135009765625, 83.83568572998047, 112.78791809082031, 92.68730163574219, 16.26238250732422, 57.799739837646484, 14.700139045715332], [9.415077209472656, 29.493133544921875, -9.989599227905273, 15.704445838928223, -45.7507438659668, -72.26793670654297, 83.83568572998047, 239.4259490966797, 123.91956329345703, 28.502763748168945, 20.046220779418945, 36.28252029418945, 14.480829238891602], [25.946489334106445, -48.33579635620117, 67.43293762207031, 4.117064476013184, 64.08025360107422, 81.57344818115234, 112.78791809082031, 123.91956329345703, 271.5412902832031, 175.53924560546875, 27.300792694091797, 39.83135223388672, 21.743915557861328], [130.9907989501953, -19.625049591064453, -12.737626075744629, -29.50537109375, 110.92771911621094, 92.43000793457031, 92.68730163574219, 28.502763748168945, 175.53924560546875, 244.07177734375, 94.94723510742188, 55.9107551574707, 18.869321823120117], [63.900054931640625, 81.69796752929688, -78.63948059082031, -52.09979248046875, 23.54405975341797, -32.58929443359375, 16.26238250732422, 20.046220779418945, 27.300792694091797, 94.94723510742188, 133.6212158203125, 71.494384765625, 24.15714454650879], [103.6103286743164, 180.93756103515625, -20.121170043945312, -29.0288028717041, 25.48049545288086, -3.2785086631774902, 57.799739837646484, 36.28252029418945, 39.83135223388672, 55.9107551574707, 71.494384765625, 130.5056610107422, 66.70121765136719], [118.78609466552734, 132.73757934570312, 34.25045394897461, 28.90452766418457, 28.594449996948242, -18.213653564453125, 14.700139045715332, 14.480829238891602, 21.743915557861328, 18.869321823120117, 24.15714454650879, 66.70121765136719, 116.45100402832031]], "lowlevel.mfcc.icov": [[0.00036712002474814653, -1.450368290534243e-05, 7.067025080687017e-07, -0.00014908704906702042, 3.9265545638045296e-05, 1.095087191060884e-05, -6.760001269867644e-05, -5.8647616242524236e-05, 0.0003184586821589619, -0.0004459646297618747, 0.00015235002501867712, -0.00012080191663699225, -0.00026286597130820155], [-1.450368290534243e-05, 0.0010115340119227767, -6.55861003906466e-05, 0.0002521806745789945, -0.001263048150576651, 0.0016122913220897317, -0.0008893375634215772, 0.0005468773888424039, -8.580188296036795e-05, 0.0005513483774848282, 0.00037080913898535073, -0.001213858718983829, -2.990325265272986e-05], [7.067025080687017e-07, -6.55861003906466e-05, 0.002287555718794465, -0.0013210236793383956, 0.0010645606089383364, -0.0009667387930676341, -0.000916898250579834, 0.0008455453789792955, -0.0010509906569495797, 0.0008077149395830929, -6.463975296355784e-05, 0.000568246643524617, -0.0009195979801006615], [-0.00014908704906702042, 0.0002521806745789945, -0.0013210236793383956, 0.003998135216534138, -0.0013328706845641136, -0.0009103966294787824, 0.0017019817605614662, -0.002080479869619012, 0.0010864732321351767, 6.61555168335326e-05, 0.000515258579980582, 0.0004225239099469036, -0.001072955084964633], [3.9265545638045296e-05, -0.001263048150576651, 0.0010645606089383364, -0.0013328706845641136, 0.006868194323033094, -0.0037962435744702816, 0.001992094097658992, -2.4486980692017823e-05, 5.493253775057383e-05, -0.002936343662440777, 0.00023186211183201522, 0.001052836887538433, -0.0012969004455953836], [1.095087191060884e-05, 0.0016122913220897317, -0.0009667387930676341, -0.0009103966294787824, -0.0037962435744702816, 0.008871085941791534, -0.004765920341014862, 0.00420919107273221, -0.0013579110382124782, 0.0003024791367352009, 0.0019366503693163395, -0.002697242656722665, 0.0024069438222795725], [-6.760001269867644e-05, -0.0008893375634215772, -0.000916898250579834, 0.0017019817605614662, 0.001992094097658992, -0.004765920341014862, 0.0062812985852360725, -0.003782736836001277, 0.0014781883219256997, -0.002025919733569026, 0.000337554287398234, -0.000217111999518238, -0.0005206084460951388], [-5.8647616242524236e-05, 0.0005468773888424039, 0.0008455453789792955, -0.002080479869619012, -2.4486980692017823e-05, 0.00420919107273221, -0.003782736836001277, 0.010390751995146275, -0.007261906284838915, 0.004761791322380304, -0.001972602680325508, -0.0016540116630494595, 0.0014949020696803927], [0.0003184586821589619, -8.580188296036795e-05, -0.0010509906569495797, 0.0010864732321351767, 5.493253775057383e-05, -0.0013579110382124782, 0.0014781883219256997, -0.007261906284838915, 0.014088311232626438, -0.011632478795945644, 0.006370099261403084, -0.000903761014342308, -0.0012465360341593623], [-0.0004459646297618747, 0.0005513483774848282, 0.0008077149395830929, 6.61555168335326e-05, -0.002936343662440777, 0.0003024791367352009, -0.002025919733569026, 0.004761791322380304, -0.011632478795945644, 0.018078653141856194, -0.010732218623161316, 0.0011519190156832337, 0.0008135695825330913], [0.00015235002501867712, 0.00037080913898535073, -6.463975296355784e-05, 0.000515258579980582, 0.00023186211183201522, 0.0019366503693163395, 0.000337554287398234, -0.001972602680325508, 0.006370099261403084, -0.010732218623161316, 0.0185552965849638, -0.008245030418038368, 0.0011846956331282854], [-0.00012080191663699225, -0.001213858718983829, 0.000568246643524617, 0.0004225239099469036, 0.001052836887538433, -0.002697242656722665, -0.000217111999518238, -0.0016540116630494595, -0.000903761014342308, 0.0011519190156832337, -0.008245030418038368, 0.018292302265763283, -0.007997503504157066], [-0.00026286597130820155, -2.990325265272986e-05, -0.0009195979801006615, -0.001072955084964633, -0.0012969004455953836, 0.0024069438222795725, -0.0005206084460951388, 0.0014949020696803927, -0.0012465360341593623, 0.0008135695825330913, 0.0011846956331282854, -0.007997503504157066, 0.014437062665820122]], "metadata.audio_properties.analysis.downmix": "mix", "metadata.audio_properties.codec": "mp3", "metadata.audio_properties.md5_encoded": "b56a7e035ef5fb94628b42e7b6610fac", "metadata.tags.file_name": "1182272146618191882.mp3", "metadata.version.essentia": "2.1-beta6-dev", "metadata.version.essentia_git_sha": "v2.1_beta5-1110-g77a6a954", "metadata.version.extractor": "music 2.0", "tonal.chords_key": "D", "tonal.chords_scale": "minor", "tonal.key_edma.key": "F", "tonal.key_edma.scale": "minor", "tonal.key_krumhansl.key": "F", "tonal.key_krumhansl.scale": "minor", "tonal.key_temperley.key": "F", "tonal.key_temperley.scale": "minor", "metadata.tags.encoding": ["Lavf58.45.100"]}, "essentia_models": [{"model_name": "genre_dortmund", "activations": {"alternative": "4.041851e-05", "blues": "1.5731635e-05", "electronic": "1.1419034e-05", "folkcountry": "3.4671536e-06", "funksoulrnb": "8.056506e-05", "jazz": "3.1032548e-06", "pop": "9.440062e-06", "raphiphop": "0.99995244", "rock": "0.00017291663"}}, {"model_name": "genre_rosamerica", "activations": {"classic": "7.031808e-05", "dance": "1.7832058e-08", "hip hop": "0.99807274", "jazz": "4.665661e-07", "pop": "6.161569e-05", "rhythm and blues": "0.00057625375", "rock": "6.7991445e-05", "speech": "0.0010726086"}}, {"model_name": "genre_tzanetakis", "activations": {"blues": "7.736336e-05", "classic": "1.7916934e-06", "country": "5.6577446e-06", "disco": "3.4853308e-06", "hip hop": "0.9876496", "jazz": "2.55096e-08", "metal": "6.6062194e-07", "pop": "5.4739885e-06", "reggae": "0.0013600437", "rock": "7.31115e-05"}}, {"model_name": "genre_electronic", "activations": {"ambient": "0.19390215", "dnb": "0.6049673", "house": "0.29713514", "techno": "0.28609216", "trance": "0.042810097"}}, {"model_name": "mood_acoustic", "activations": {"acoustic": "1.4079582e-06", "not acoustic": "0.97493285"}}, {"model_name": "mood_electronic", "activations": {"electronic": "0.23011175", "not electronic": "