{"song_id": "1182274554769461279", "download": "https://cdn.discordapp.com/attachments/1128313332273782784/1182274554769461279/chirp.mp4?ex=658419fb&amp", "lyrics": "Eddy, der Barketing-Star,\nmit einem Bellen, leuchtet der Raum.\nIn Meetings und Pausen, er ist immer da,\nsein fr\u00f6hliches Wesen, wie ein lebendiger Traum.\n\n\n(chorus)\nEddy, der s\u00fc\u00dfeste Hund der Welt,\nmit seinen Augen, so rein und so hell.\nEr ist mehr als nur ein Haustier, er ist ein Freund,\nEddy, der Barketing-Star, ein Wunder, das sich lohnt.", "style": ["70s</span><span>, female voice"], "essentia_features": {"lowlevel.average_loudness": 0.347835898399353, "lowlevel.barkbands_crest.mean": 12.92035961151123, "lowlevel.barkbands_crest.stdev": 4.139556884765625, "lowlevel.barkbands_flatness_db.mean": 0.2798866033554077, "lowlevel.barkbands_flatness_db.stdev": 0.07887311279773712, "lowlevel.barkbands_kurtosis.mean": 6.510477066040039, "lowlevel.barkbands_kurtosis.stdev": 10.013776779174805, "lowlevel.barkbands_skewness.mean": 1.6353055238723755, "lowlevel.barkbands_skewness.stdev": 2.0090718269348145, "lowlevel.barkbands_spread.mean": 19.12821388244629, "lowlevel.barkbands_spread.stdev": 14.618722915649414, "lowlevel.dissonance.mean": 0.47297948598861694, "lowlevel.dissonance.stdev": 0.021322965621948242, "lowlevel.dynamic_complexity": 6.13131856918335, "lowlevel.erbbands_crest.mean": 16.106969833374023, "lowlevel.erbbands_crest.stdev": 6.520332336425781, "lowlevel.erbbands_flatness_db.mean": 0.28425195813179016, "lowlevel.erbbands_flatness_db.stdev": 0.09155648946762085, "lowlevel.erbbands_kurtosis.mean": 3.1569173336029053, "lowlevel.erbbands_kurtosis.stdev": 5.233928680419922, "lowlevel.erbbands_skewness.mean": -1.2239733934402466, "lowlevel.erbbands_skewness.stdev": 1.310716152191162, "lowlevel.erbbands_spread.mean": 31.845815658569336, "lowlevel.erbbands_spread.stdev": 19.793344497680664, "lowlevel.hfc.mean": 10.054376602172852, "lowlevel.hfc.stdev": 17.5924129486084, "lowlevel.loudness_ebu128.integrated": -21.354021072387695, "lowlevel.loudness_ebu128.loudness_range": 8.912540435791016, "lowlevel.loudness_ebu128.momentary.mean": -24.081382751464844, "lowlevel.loudness_ebu128.momentary.stdev": 5.218723297119141, "lowlevel.loudness_ebu128.short_term.mean": -22.65891456604004, "lowlevel.loudness_ebu128.short_term.stdev": 3.1601078510284424, "lowlevel.melbands_crest.mean": 17.311485290527344, "lowlevel.melbands_crest.stdev": 5.367031097412109, "lowlevel.melbands_flatness_db.mean": 0.3638917803764343, "lowlevel.melbands_flatness_db.stdev": 0.09808644652366638, "lowlevel.melbands_kurtosis.mean": 22.12737464904785, "lowlevel.melbands_kurtosis.stdev": 27.765945434570312, "lowlevel.melbands_skewness.mean": 3.3868296146392822, "lowlevel.melbands_skewness.stdev": 2.723693370819092, "lowlevel.melbands_spread.mean": 23.027257919311523, "lowlevel.melbands_spread.stdev": 20.878984451293945, "lowlevel.pitch_salience.mean": 0.44663873314857483, "lowlevel.pitch_salience.stdev": 0.15290111303329468, "lowlevel.silence_rate_20dB.mean": 1.0, "lowlevel.silence_rate_20dB.stdev": 0.0, "lowlevel.silence_rate_30dB.mean": 0.967555046081543, "lowlevel.silence_rate_30dB.stdev": 0.17717903852462769, "lowlevel.silence_rate_60dB.mean": 0.2740440368652344, "lowlevel.silence_rate_60dB.stdev": 0.44603341817855835, "lowlevel.spectral_centroid.mean": 1420.4921875, "lowlevel.spectral_centroid.stdev": 659.2412719726562, "lowlevel.spectral_complexity.mean": 8.904403686523438, "lowlevel.spectral_complexity.stdev": 6.730003833770752, "lowlevel.spectral_decrease.mean": -5.402962521827703e-09, "lowlevel.spectral_decrease.stdev": 9.698757352794019e-09, "lowlevel.spectral_energy.mean": 0.021303977817296982, "lowlevel.spectral_energy.stdev": 0.037578728049993515, "lowlevel.spectral_energyband_high.mean": 0.00028212464530952275, "lowlevel.spectral_energyband_high.stdev": 0.0013814567355439067, "lowlevel.spectral_energyband_low.mean": 0.01189675647765398, "lowlevel.spectral_energyband_low.stdev": 0.02856285683810711, "lowlevel.spectral_energyband_middle_high.mean": 0.002286719623953104, "lowlevel.spectral_energyband_middle_high.stdev": 0.0033001576084643602, "lowlevel.spectral_energyband_middle_low.mean": 0.007399154361337423, "lowlevel.spectral_energyband_middle_low.stdev": 0.01674770750105381, "lowlevel.spectral_entropy.mean": 6.791275978088379, "lowlevel.spectral_entropy.stdev": 0.5401772260665894, "lowlevel.spectral_flux.mean": 0.05376962944865227, "lowlevel.spectral_flux.stdev": 0.06730449944734573, "lowlevel.spectral_kurtosis.mean": 12.121857643127441, "lowlevel.spectral_kurtosis.stdev": 9.48818302154541, "lowlevel.spectral_rms.mean": 0.0036020970437675714, "lowlevel.spectral_rms.stdev": 0.002794505562633276, "lowlevel.spectral_rolloff.mean": 1285.121826171875, "lowlevel.spectral_rolloff.stdev": 1478.1988525390625, "lowlevel.spectral_skewness.mean": 1.5834866762161255, "lowlevel.spectral_skewness.stdev": 0.7655175924301147, "lowlevel.spectral_spread.mean": 2495763.25, "lowlevel.spectral_spread.stdev": 1669554.375, "lowlevel.spectral_strongpeak.mean": 0.8813947439193726, "lowlevel.spectral_strongpeak.stdev": 1.2066291570663452, "lowlevel.zerocrossingrate.mean": 0.050340212881565094, "lowlevel.zerocrossingrate.stdev": 0.04358925297856331, "metadata.audio_properties.analysis.equal_loudness": 0.0, "metadata.audio_properties.analysis.length": 40.04265213012695, "metadata.audio_properties.analysis.sample_rate": 44100.0, "metadata.audio_properties.analysis.start_time": 0.0, "metadata.audio_properties.bit_rate": 104273.0, "metadata.audio_properties.length": 40.042667388916016, "metadata.audio_properties.lossless": 0.0, "metadata.audio_properties.number_channels": 1.0, "metadata.audio_properties.replay_gain": -7.370656967163086, "metadata.audio_properties.sample_rate": 48000.0, "rhythm.beats_count": 90.0, "rhythm.beats_loudness.mean": 0.027732616290450096, "rhythm.beats_loudness.stdev": 0.03595812991261482, "rhythm.bpm": 155.99098205566406, "rhythm.bpm_histogram_first_peak_bpm": 157.0, "rhythm.bpm_histogram_first_peak_weight": 0.40909093618392944, "rhythm.bpm_histogram_second_peak_bpm": 110.0, "rhythm.bpm_histogram_second_peak_spread": 0.3333333134651184, "rhythm.bpm_histogram_second_peak_weight": 0.06741572916507721, "rhythm.danceability": 1.0152018070220947, "rhythm.onset_rate": 3.79483699798584, "tonal.chords_changes_rate": 0.02777777798473835, "tonal.chords_number_rate": 0.0069444444961845875, "tonal.chords_strength.mean": 0.5499832630157471, "tonal.chords_strength.stdev": 0.08828452229499817, "tonal.hpcp_crest.mean": 13.718950271606445, "tonal.hpcp_crest.stdev": 6.119924545288086, "tonal.hpcp_entropy.mean": 1.8561437129974365, "tonal.hpcp_entropy.stdev": 0.6601949334144592, "tonal.key_edma.strength": 0.783107578754425, "tonal.key_krumhansl.strength": 0.7830836176872253, "tonal.key_temperley.strength": 0.7733877897262573, "tonal.tuning_diatonic_strength": 0.440662682056427, "tonal.tuning_equal_tempered_deviation": 0.3402935266494751, "tonal.tuning_frequency": 434.193115234375, "tonal.tuning_nontempered_energy_ratio": 0.9874795079231262, "lowlevel.barkbands.mean": [0.00021167300292290747, 0.005706530064344406, 0.005428188946098089, 0.0011349288979545236, 0.0030027395114302635, 0.0008266604854725301, 0.001426530652679503, 0.000763856980483979, 0.00022557943884748966, 0.00011923811689484864, 0.0001435822923667729, 0.0001898531918413937, 0.00016137215425260365, 0.00024158411542885005, 0.00019196659559383988, 0.0008678297745063901, 0.0001605449797352776, 7.024687511147931e-05, 0.0001234186056535691, 5.854819391970523e-05, 3.376271706656553e-05, 2.4541403035982512e-05, 5.682448681909591e-05, 7.861455378588289e-05, 3.0420231269090436e-05, 2.27895361604169e-05, 2.168728997276048e-06], "lowlevel.barkbands.stdev": [0.0007480026688426733, 0.01747414655983448, 0.01276507880538702, 0.0026069818995893, 0.008109805174171925, 0.0032898264471441507, 0.0073268781416118145, 0.00391039066016674, 0.0013974624453112483, 0.000674366659950465, 0.000740632473025471, 0.0006996358279138803, 0.0004502690280787647, 0.000765433709602803, 0.0004941756487824023, 0.0011445811251178384, 0.0003595187736209482, 0.00012839441478718072, 0.00030918107950128615, 0.00018849846674129367, 0.00015883804007899016, 9.583447535987943e-05, 0.00034203779068775475, 0.0006465309415943921, 0.00016348874487448484, 0.00012565476936288178, 1.8151244148612022e-05], "lowlevel.erbbands.mean": [0.1526273936033249, 1.359596848487854, 5.86890172958374, 4.886554718017578, 7.637971878051758, 9.31745719909668, 8.83927059173584, 6.949512958526611, 18.097623825073242, 18.295833587646484, 16.030553817749023, 5.416544437408447, 3.8343665599823, 4.599192142486572, 6.713474750518799, 7.1454291343688965, 7.7456841468811035, 9.62940502166748, 13.901656150817871, 11.001090049743652, 57.693477630615234, 13.535725593566895, 3.599594831466675, 7.582068920135498, 3.633537530899048, 2.8226351737976074, 1.992576003074646, 0.9785846471786499, 0.8882927298545837, 1.0438947677612305, 1.6681840419769287, 1.8089221715927124, 1.1650501489639282, 0.4078294038772583, 0.19933785498142242, 0.09522376209497452, 0.0434584841132164, 0.00871381163597107, 0.00026518432423472404, 3.075171844102442e-05], "lowlevel.erbbands.stdev": [0.4949291944503784, 4.222426891326904, 14.01286792755127, 10.849624633789062, 20.037429809570312, 29.153165817260742, 38.27508544921875, 29.959209442138672, 96.4321060180664, 86.19271087646484, 88.51830291748047, 31.402360916137695, 18.299848556518555, 28.37919807434082, 29.37014389038086, 26.60410499572754, 18.253013610839844, 34.201656341552734, 34.064674377441406, 19.416080474853516, 75.28483581542969, 18.400100708007812, 6.393308639526367, 17.574031829833984, 8.922870635986328, 9.32509708404541, 9.765152931213379, 3.7736752033233643, 3.4523611068725586, 4.3514885902404785, 10.636054039001465, 14.810685157775879, 9.585424423217773, 2.545053243637085, 1.062676191329956, 0.521542489528656, 0.24963614344596863, 0.05859895423054695, 0.0018800279358401895, 6.147990643512458e-05], "lowlevel.gfcc.mean": [-163.49478149414062, 167.49295043945312, -155.3167724609375, 31.55565071105957, 19.307395935058594, -16.181474685668945, -29.407920837402344, 1.6444754600524902, -21.48986053466797, -11.61182689666748, -7.4896440505981445, -12.45506763458252, 4.744217872619629], "lowlevel.melbands.mean": [0.0014390239957720041, 0.0025410070084035397, 0.000951744441408664, 0.0006435839459300041, 0.00033255910966545343, 0.00016101176152005792, 0.0002831387973856181, 0.00019229321333114058, 0.00011381945660104975, 3.004969948960934e-05, 1.9156332200509496e-05, 1.8371461919741705e-05, 2.183994547522161e-05, 2.0775732991751283e-05, 1.6429095921921544e-05, 1.9394270566408522e-05, 1.7017759091686457e-05, 2.5164667022181675e-05, 1.1212674507987686e-05, 1.6095884348032996e-05, 8.188802894437686e-05, 1.1295766853436362e-05, 2.9985747005412122e-06, 3.351057785039302e-06, 6.790750376239885e-06, 3.61845286533935e-06, 1.7448616063120426e-06, 1.9011559970749659e-06, 1.4352173138831859e-06, 7.578515806017094e-07, 5.063212142886186e-07, 5.088453463031328e-07, 4.628033707376744e-07, 6.483844572358066e-07, 8.970711746769666e-07, 1.152526238001883e-06, 1.1157293329233653e-06, 9.319576861344103e-07, 4.801204909199441e-07, 2.935038310170057e-07], "lowlevel.melbands.stdev": [0.0045000240206718445, 0.006285908166319132, 0.0018213496077805758, 0.001695876126177609, 0.0013765488984063268, 0.0006723025580868125, 0.0014818946365267038, 0.0008629282820038497, 0.0006458079442381859, 0.00019472380517981946, 9.340188262285665e-05, 0.00011563597217900679, 0.00010015154111897573, 8.677472214912996e-05, 4.904885281575844e-05, 5.370186408981681e-05, 6.833281804574654e-05, 6.370165647240356e-05, 3.0065417377045378e-05, 2.2383932446246035e-05, 0.000108447959064506, 2.1761321477242745e-05, 5.529144345928216e-06, 6.564978775713826e-06, 1.6411870092269965e-05, 9.335160029877443e-06, 5.268392214929918e-06, 6.71233237881097e-06, 7.486721187888179e-06, 3.486830337351421e-06, 2.0179982129775453e-06, 2.0145760117884493e-06, 1.914771701194695e-06, 2.804079940688098e-06, 5.141097517480375e-06, 9.258244972443208e-06, 9.3350863608066e-06, 7.610686225234531e-06, 4.0183258533943444e-06, 1.6420376596215647e-06], "lowlevel.melbands128.mean": [0.00019953578885179013, 0.0011869812151417136, 0.001742520835250616, 0.002325661014765501, 0.0031727487221360207, 0.002407338935881853, 0.0009328736923635006, 0.0005703467759303749, 0.0008248691447079182, 0.0007386974175460637, 0.0004605660797096789, 0.0004333142132963985, 0.00033063627779483795, 0.00015729387814644724, 0.00013159743684809655, 0.00015464398893527687, 0.00026080431416630745, 0.00033269973937422037, 0.0002865365822799504, 0.0001927905686898157, 0.00014314903819467872, 0.00018142836051993072, 0.00011923088459298015, 4.024415466119535e-05, 2.445554309815634e-05, 3.063342228415422e-05, 2.6198587875114754e-05, 1.1088454812124837e-05, 2.1208979887887836e-05, 2.0734396457555704e-05, 1.5053307834023144e-05, 1.79373164428398e-05, 2.7677811885951087e-05, 1.766621608112473e-05, 2.380301884841174e-05, 2.192688043578528e-05, 1.3762934941041749e-05, 2.4159928216249682e-05, 8.976030585472472e-06, 1.6308254998875782e-05, 2.459665665810462e-05, 1.8111553799826652e-05, 1.4250813364924397e-05, 1.4988046132202726e-05, 3.018981806235388e-05, 3.143719004583545e-05, 1.5118094779609237e-05, 5.3247163123160135e-06, 1.1550443559826817e-05, 1.8349430320085958e-05, 5.34016044184682e-06, 1.0397984624432866e-05, 0.000146851220051758, 7.221735722851008e-05, 1.38296500153956e-05, 1.143050758400932e-05, 7.2678326432651374e-06, 1.5607388377247844e-06, 2.821292355292826e-06, 2.555396804382326e-06, 2.1894782094022958e-06, 4.932453066430753e-06, 6.22206744083087e-06, 8.006427378859371e-06, 6.8212812038837e-06, 3.319555162306642e-06, 1.8683948610487278e-06, 1.5756426137158996e-06, 1.7022008478306816e-06, 1.9891092506441055e-06, 1.7984986016017501e-06, 2.095793433909421e-06, 1.662808585933817e-06, 1.4162399111228297e-06, 9.764290780367446e-07, 8.920627578845597e-07, 5.771556175204751e-07, 4.6491061311826343e-07, 5.239542133494979e-07, 5.065302275397698e-07, 5.404344847192988e-07, 5.192150069888157e-07, 4.1884129586833296e-07, 4.923888354824157e-07, 4.3626110368677473e-07, 4.939873292642005e-07, 7.146026632653957e-07, 1.0002687531596166e-06, 7.685461014261818e-07, 9.73837700257718e-07, 1.1466910336821456e-06, 1.2546380503408727e-06, 1.0280604101353674e-06, 1.106468971556751e-06, 1.215085831063334e-06, 1.0363513638367294e-06, 8.953908832154411e-07, 7.394561407636502e-07, 4.7377716327901e-07, 3.53246861095613e-07, 3.3952750300159096e-07, 2.6398544150652015e-07, 2.631226720950508e-07, 2.7578963113228383e-07, 2.3499826795614354e-07, 1.6616387199519522e-07, 1.9909272452878213e-07, 1.6286546156152326e-07, 1.4570657924650732e-07, 1.8659258671505086e-07, 1.3373696106100397e-07, 1.275334540196127e-07, 1.529170532421631e-07, 1.4815243787325016e-07, 1.078136833143617e-07, 9.51453458242213e-08, 5.7976997425157606e-08, 2.937728105223414e-08, 7.530116974407974e-09, 8.954118696502533e-12, 4.941310815381739e-12, 3.6323969006268886e-12, 3.038179950676234e-12, 2.9706133386486755e-12, 2.845588781968944e-12, 2.6634883534826237e-12, 2.5598373247504025e-12, 2.5340118458422323e-12], "lowlevel.melbands128.stdev": [0.0007243151776492596, 0.004035571590065956, 0.00625747861340642, 0.007577630691230297, 0.007991030812263489, 0.005764742381870747, 0.0023906901478767395, 0.0012694678734987974, 0.0025638192892074585, 0.002410521265119314, 0.0018252574373036623, 0.0021614376455545425, 0.0016544723184779286, 0.000612282776273787, 0.000715982518158853, 0.0009808576432988048, 0.0014652004465460777, 0.0021851472556591034, 0.00192981434520334, 0.0010778345167636871, 0.0007803582702763379, 0.0011238405713811517, 0.0008555931854061782, 0.00029318590532056987, 0.00016788500943221152, 0.000312073330860585, 0.00018542289035394788, 5.7297631428809837e-05, 9.829252667259425e-05, 0.00016652137855999172, 0.00014392912271432579, 8.952622738434002e-05, 0.00012372581113595515, 0.00011678819282678887, 0.00010374411795055494, 0.0001188305250252597, 7.581849058624357e-05, 7.280123099917546e-05, 3.7048273952677846e-05, 4.8125515604624525e-05, 7.961477967910469e-05, 7.516276673413813e-05, 6.714855408063158e-05, 0.00011004781845258549, 9.432712977286428e-05, 7.831539551261812e-05, 5.900556789129041e-05, 2.480267357896082e-05, 3.644188109319657e-05, 3.790329355979338e-05, 1.3147438039595727e-05, 2.1895246391068213e-05, 0.0002051597402896732, 0.00010514626774238423, 4.718807031167671e-05, 2.1580264728982e-05, 1.4025327800482046e-05, 4.880351752944989e-06, 6.220581326488173e-06, 6.145531642687274e-06, 7.226542493299348e-06, 9.63238471740624e-06, 1.7036503777489997e-05, 2.2701631678501144e-05, 2.1354884665925056e-05, 9.236445293936413e-06, 5.552305992750917e-06, 5.028950909036212e-06, 5.831645012221998e-06, 7.708977136644535e-06, 8.18986154627055e-06, 8.258571142505389e-06, 8.804597200651187e-06, 9.022630365507212e-06, 6.22403740635491e-06, 4.329559487814549e-06, 2.6588897981127957e-06, 1.8880198240367463e-06, 2.370726406297763e-06, 2.047452881015488e-06, 2.341215122214635e-06, 2.2696958694723435e-06, 1.7645010075284517e-06, 2.2399701720132725e-06, 1.930601456479053e-06, 2.120781800840632e-06, 3.4074771519954083e-06, 5.163278729014564e-06, 3.93984100810485e-06, 7.976038432389032e-06, 8.86654743226245e-06, 1.0735075193224475e-05, 8.766471182752866e-06, 9.80348249868257e-06, 1.036306275636889e-05, 8.26231189421378e-06, 7.57484303903766e-06, 7.215268851723522e-06, 4.6044719965721015e-06, 2.193634600189398e-06, 2.1400016976258485e-06, 1.5029630731078214e-06, 1.4436923265748192e-06, 1.65677477070858e-06, 1.3764546338279615e-06, 8.733996423870849e-07, 1.1617553354881238e-06, 9.763518846739316e-07, 8.778799838182749e-07, 1.1701100675054477e-06, 8.851245638652472e-07, 8.264482858066913e-07, 9.232214779331116e-07, 9.185931730826269e-07, 6.969093533371051e-07, 7.196275646492722e-07, 4.6973946155048907e-07, 2.740446234383853e-07, 1.1239924901929044e-07, 1.3127564313375473e-10, 5.553333487506862e-11, 1.9078353480361798e-11, 9.546458241971312e-12, 9.38725399496354e-12, 9.251734794935018e-12, 9.141506128462762e-12, 9.062373247659128e-12, 9.013315267758504e-12], "lowlevel.mfcc.mean": [-794.4083251953125, 185.59226989746094, -58.564205169677734, 41.204044342041016, 51.133148193359375, -2.703122854232788, 16.866365432739258, 4.289942264556885, -3.6399497985839844, 10.002272605895996, -19.855009078979492, -1.6347262859344482, 5.452139377593994], "lowlevel.spectral_contrast_coeffs.mean": [-0.6862842440605164, -0.7705684900283813, -0.7629263401031494, -0.702544093132019, -0.7501452565193176, -0.8060767650604248], "lowlevel.spectral_contrast_coeffs.stdev": [0.08459614962339401, 0.07590218633413315, 0.061631329357624054, 0.05763690173625946, 0.04278251528739929, 0.05297607555985451], "lowlevel.spectral_contrast_valleys.mean": [-7.6015167236328125, -8.597171783447266, -8.792072296142578, -8.542322158813477, -9.011100769042969, -13.720231056213379], "lowlevel.spectral_contrast_valleys.stdev": [1.5362797975540161, 1.309228539466858, 1.0931028127670288, 1.0507389307022095, 1.13980233669281, 2.2814621925354004], "rhythm.beats_loudness_band_ratio.mean": [0.48810335993766785, 0.10240332037210464, 0.07841138541698456, 0.06407002359628677, 0.26860204339027405, 0.025126080960035324], "rhythm.beats_loudness_band_ratio.stdev": [0.33515465259552, 0.1332014948129654, 0.15572357177734375, 0.06837359815835953, 0.2772924602031708, 0.038291655480861664], "tonal.hpcp.mean": [0.3636617362499237, 0.37959322333335876, 0.10784456133842468, 0.03966079652309418, 0.034359410405159, 0.03447111323475838, 0.08934240788221359, 0.15523850917816162, 0.09737609326839447, 0.027374306693673134, 0.024614747613668442, 0.02369372919201851, 0.08628134429454803, 0.3087831735610962, 0.25841179490089417, 0.03520798310637474, 0.018002882599830627, 0.014179730787873268, 0.04054902121424675, 0.06671694666147232, 0.053389959037303925, 0.12738144397735596, 0.22107213735580444, 0.14756184816360474, 0.0637369230389595, 0.052612800151109695, 0.04625139385461807, 0.052495379000902176, 0.07513518631458282, 0.07002835720777512, 0.05113782733678818, 0.05682441592216492, 0.061563048511743546, 0.07214447855949402, 0.08657661080360413, 0.11533907800912857], "tonal.hpcp.stdev": [0.39717304706573486, 0.42551472783088684, 0.21241138875484467, 0.1519448608160019, 0.1492648720741272, 0.13708500564098358, 0.16450335085391998, 0.2588892877101898, 0.18146954476833344, 0.11217125505208969, 0.1064397469162941, 0.10196027159690857, 0.14227591454982758, 0.3591935336589813, 0.3177363872528076, 0.08787129819393158, 0.06277961283922195, 0.05507201701402664, 0.09979467839002609, 0.15170727670192719, 0.12864725291728973, 0.22184213995933533, 0.3447203040122986, 0.2829647958278656, 0.16144895553588867, 0.14860068261623383, 0.16345463693141937, 0.16415591537952423, 0.1729561686515808, 0.1734054833650589, 0.16806496679782867, 0.18505313992500305, 0.18742559850215912, 0.18438588082790375, 0.19420713186264038, 0.1989026516675949], "rhythm.beats_position": [0.39473921060562134, 0.8126984238624573, 1.2190475463867188, 1.6370067596435547, 2.0549659729003906, 2.461315155029297, 2.8444442749023438, 3.2275736331939697, 3.6107029914855957, 3.9938321113586426, 4.36535120010376, 4.736870765686035, 5.119999885559082, 5.503129005432129, 5.874648571014404, 6.2461676597595215, 6.617686748504639, 7.000816345214844, 7.383945465087891, 7.755464553833008, 8.138593673706055, 8.521722793579102, 8.904852867126465, 9.287981986999512, 9.671111106872559, 10.054240226745605, 10.425759315490723, 10.79727840423584, 11.168798446655273, 11.54031753540039, 11.935056686401367, 12.329795837402344, 12.72453498840332, 13.130884170532227, 13.688162803649902, 14.233832359313965, 14.767890930175781, 15.359999656677246, 15.952108383178711, 16.555828094482422, 17.1595458984375, 17.76326560974121, 18.36698341369629, 18.95909309387207, 19.53959083557129, 20.12009048461914, 20.688980102539062, 21.25786781311035, 21.826757431030273, 22.360815048217773, 22.906484603881836, 23.42893409729004, 23.951383590698242, 24.473831176757812, 25.019500732421875, 25.565170288085938, 26.110837936401367, 26.65650749206543, 27.167346954345703, 27.678184509277344, 28.177413940429688, 28.641813278198242, 29.106212615966797, 29.57061195373535, 29.988571166992188, 30.418140411376953, 30.85931968688965, 31.254058837890625, 31.637187957763672, 32.02031707763672, 32.403446197509766, 32.78657531738281, 33.16970443725586, 33.552833557128906, 33.924354553222656, 34.29587173461914, 34.66739273071289, 35.038909912109375, 35.410430908203125, 35.77033996582031, 36.1302490234375, 36.501766204833984, 36.873287200927734, 37.25641632080078, 37.63954544067383, 38.022674560546875, 38.394195556640625, 38.77732467651367, 39.16045379638672, 39.543582916259766], "rhythm.bpm_histogram": [0.0, 0.0, 0.0, 0.0, 0.0, 0.0, 0.0, 0.0, 0.0, 0.0, 0.0, 0.0, 0.0, 0.0, 0.0, 0.0, 0.0, 0.0, 0.0, 0.0, 0.0, 0.0, 0.0, 0.0, 0.0, 0.0, 0.0, 0.0, 0.0, 0.0, 0.0, 0.0, 0.0, 0.0, 0.0, 0.0, 0.0, 0.0, 0.0, 0.0, 0.0, 0.0, 0.0, 0.0, 0.0, 0.0, 0.0, 0.0, 0.0, 0.0, 0.0, 0.0, 0.0, 0.0, 0.0, 0.0, 0.0, 0.0, 0.0, 0.0, 0.0, 0.0, 0.0, 0.0, 0.0, 0.0, 0.0, 0.0, 0.0, 0.0, 0.0, 0.0, 0.0, 0.0, 0.0, 0.0, 0.0, 0.0, 0.0, 0.0, 0.0, 0.0, 0.0, 0.0, 0.0, 0.0, 0.0, 0.0, 0.0, 0.0, 0.0, 0.0, 0.0, 0.0, 0.0, 0.0, 0.0, 0.0, 0.0, 0.04494382068514824, 0.0, 0.033707864582538605, 0.0, 0.02247191034257412, 0.0, 0.033707864582538605, 0.0, 0.0, 0.01123595517128706, 0.0, 0.06741572916507721, 0.0, 0.02247191034257412, 0.0, 0.0, 0.033707864582538605, 0.0, 0.02247191034257412, 0.0, 0.0, 0.01123595517128706, 0.0, 0.0, 0.0, 0.0, 0.0, 0.0, 0.0, 0.0, 0.033707864582538605, 0.0, 0.0, 0.0, 0.0, 0.0, 0.0, 0.01123595517128706, 0.0, 0.0, 0.0, 0.01123595517128706, 0.0, 0.0, 0.0, 0.04494382068514824, 0.0, 0.0, 0.0, 0.033707864582538605, 0.0, 0.0, 0.0, 0.04494382068514824, 0.0, 0.0, 0.0, 0.0, 0.2921348214149475, 0.0, 0.0, 0.0, 0.20224718749523163, 0.0, 0.0, 0.0, 0.0, 0.0, 0.02247191034257412, 0.0, 0.0, 0.0, 0.0, 0.0, 0.0, 0.0, 0.0, 0.0, 0.0, 0.0, 0.0, 0.0, 0.0, 0.0, 0.0, 0.0, 0.0, 0.0, 0.0, 0.0, 0.0, 0.0, 0.0, 0.0, 0.0, 0.0, 0.0, 0.0, 0.0, 0.0, 0.0, 0.0, 0.0, 0.0, 0.0, 0.0, 0.0, 0.0, 0.0, 0.0, 0.0, 0.0, 0.0, 0.0, 0.0, 0.0, 0.0, 0.0, 0.0, 0.0, 0.0, 0.0, 0.0, 0.0, 0.0, 0.0, 0.0, 0.0, 0.0, 0.0, 0.0, 0.0, 0.0, 0.0, 0.0, 0.0, 0.0, 0.0, 0.0, 0.0, 0.0, 0.0, 0.0, 0.0, 0.0, 0.0, 0.0, 0.0, 0.0, 0.0, 0.0], "tonal.chords_histogram": [49.65277862548828, 11.342592239379883, 4.629629611968994, 0.0, 0.0, 0.0, 3.5879628658294678, 0.0, 1.1574074029922485, 0.0, 0.0, 0.0, 0.0, 0.0, 0.0, 0.0, 0.0, 0.0, 0.0, 0.23148147761821747, 0.0, 0.0, 0.0, 29.398147583007812], "tonal.thpcp": [1.0, 0.2841055989265442, 0.10448236018419266, 0.09051639586687088, 0.09081066399812698, 0.23536354303359985, 0.40896016359329224, 0.25652748346328735, 0.07211484760046005, 0.06484506279230118, 0.06241873651742935, 0.22729948163032532, 0.8134580850601196, 0.6807597875595093, 0.0927518755197525, 0.047426775097846985, 0.03735506907105446, 0.10682229697704315, 0.17575906217098236, 0.1406504511833191, 0.33557355403900146, 0.5823922157287598, 0.3887367844581604, 0.16790848970413208, 0.1386031061410904, 0.12184462696313858, 0.1382937729358673, 0.1979360580444336, 0.1844826340675354, 0.1347174346446991, 0.1496981829404831, 0.16218163073062897, 0.19005733728408813, 0.22807733714580536, 0.30384916067123413, 0.958030104637146], "lowlevel.gfcc.cov": [[16510.5546875, -4195.75732421875, 3906.71240234375, 1873.721923828125, -3141.848388671875, 2934.979248046875, -1590.8135986328125, 850.2089233398438, 265.62359619140625, 369.09454345703125, 17.10711097717285, 91.75572204589844, -1229.0430908203125], [-4195.75732421875, 3493.55419921875, -1282.726318359375, -564.5263061523438, 1640.7930908203125, -1336.0989990234375, 716.5715942382812, -215.4077911376953, 92.34434509277344, -270.21630859375, 375.99224853515625, -264.842529296875, 575.364501953125], [3906.71240234375, -1282.726318359375, 2819.984375, 1310.2447509765625, -647.4853515625, 1576.440673828125, -445.5645751953125, 498.4558410644531, 288.7830810546875, 259.828857421875, 184.1243896484375, 149.435546875, -333.6744079589844], [1873.721923828125, -564.5263061523438, 1310.2447509765625, 948.0144653320312, -94.71666717529297, 855.0700073242188, -95.75448608398438, 219.2542724609375, 189.15135192871094, 183.22764587402344, 108.53589630126953, 95.89459228515625, -53.780242919921875], [-3141.848388671875, 1640.7930908203125, -647.4853515625, -94.71666717529297, 1514.204833984375, -512.32177734375, 704.066162109375, -126.46793365478516, 87.65684509277344, 21.232357025146484, 43.790035247802734, 46.56404113769531, 411.27972412109375], [2934.979248046875, -1336.0989990234375, 1576.440673828125, 855.0700073242188, -512.32177734375, 1279.3983154296875, -196.6220703125, 354.85009765625, 171.97303771972656, 200.9311981201172, 0.774218738079071, 158.1449432373047, -257.53045654296875], [-1590.8135986328125, 716.5715942382812, -445.5645751953125, -95.75448608398438, 704.066162109375, -196.6220703125, 560.704345703125, 3.194348096847534, 45.305694580078125, 40.49574279785156, -14.514669418334961, 58.836246490478516, 207.23599243164062], [850.2089233398438, -215.4077911376953, 498.4558410644531, 219.2542724609375, -126.46793365478516, 354.85009765625, 3.194348096847534, 250.0204315185547, 107.37151336669922, 73.1779556274414, 79.01242065429688, 26.400440216064453, -68.7614974975586], [265.62359619140625, 92.34434509277344, 288.7830810546875, 189.15135192871094, 87.65684509277344, 171.97303771972656, 45.305694580078125, 107.37151336669922, 140.0047607421875, 62.25664138793945, 74.12466430664062, -5.408717155456543, 2.5188794136047363], [369.09454345703125, -270.21630859375, 259.828857421875, 183.22764587402344, 21.232357025146484, 200.9311981201172, 40.49574279785156, 73.1779556274414, 62.25664138793945, 204.15371704101562, 14.297330856323242, 82.22605895996094, -18.654415130615234], [17.10711097717285, 375.99224853515625, 184.1243896484375, 108.53589630126953, 43.790035247802734, 0.774218738079071, -14.514669418334961, 79.01242065429688, 74.12466430664062, 14.297330856323242, 221.94656372070312, -45.08750534057617, 36.721317291259766], [91.75572204589844, -264.842529296875, 149.435546875, 95.89459228515625, 46.56404113769531, 158.1449432373047, 58.836246490478516, 26.400440216064453, -5.408717155456543, 82.22605895996094, -45.08750534057617, 154.6807861328125, 15.73469352722168], [-1229.0430908203125, 575.364501953125, -333.6744079589844, -53.780242919921875, 411.27972412109375, -257.53045654296875, 207.23599243164062, -68.7614974975586, 2.5188794136047363, -18.654415130615234, 36.721317291259766, 15.73469352722168, 214.03741455078125]], "lowlevel.gfcc.icov": [[0.00020296867296565324, -0.000313858559820801, 0.00018811397603712976, -0.0004397371376398951, 0.000370165886124596, -0.00024944107281044126, 0.00027408928144723177, -0.0002663485938683152, 7.808414375176653e-05, -0.0002384369436185807, 0.0004166581784375012, -0.0003083907358814031, 0.0007590798195451498], [-0.000313858559820801, 0.0033730068244040012, -0.001214703661389649, 0.0015450259670615196, -0.0023318659514188766, 0.002152143744751811, -0.0017822340596467257, 0.000998114119283855, -0.0014202776364982128, 0.002713326131924987, -0.004192580468952656, 0.0027250475250184536, -0.002486195182427764], [0.00018811397603712976, -0.001214703661389649, 0.0025948367547243834, -0.0022288556210696697, 0.0003500600578263402, -0.0017008918803185225, 0.002017359947785735, -0.0016241236589848995, 0.0003046431520488113, -0.0005709373508580029, 0.0007461679051630199, -0.0019053347641602159, 0.002595203695818782], [-0.0004397371376398951, 0.0015450259670615196, -0.0022288556210696697, 0.007384228520095348, -0.0015296634519472718, -0.002635861514136195, -0.0005079316324554384, 0.0034088927786797285, -0.0018352876650169492, -0.0005034380592405796, -0.0028531861025840044, 0.0033035967499017715, -0.006718475371599197], [0.000370165886124596, -0.0023318659514188766, 0.0003500600578263402, -0.0015296634519472718, 0.004538017325103283, -0.0005802162340842187, -0.0014522591372951865, 0.0008247381774708629, -0.0010678278049454093, -0.0016937523614615202, 0.003056024434044957, -0.0022413809783756733, 0.00031375716207548976], [-0.00024944107281044126, 0.002152143744751811, -0.0017008918803185225, -0.002635861514136195, -0.0005802162340842187, 0.00784419197589159, -0.0025095767341554165, -0.0021625456865876913, -0.0017362009966745973, 0.0027134979609400034, -0.00044736629934050143, -0.0012670469004660845, 0.0021834431681782007], [0.00027408928144723177, -0.0017822340596467257, 0.002017359947785735, -0.0005079316324554384, -0.0014522591372951865, -0.0025095767341554165, 0.00781974382698536, -0.003957618493586779, 0.0008399271173402667, -0.0022122066002339125, 0.003308375831693411, -0.0019421989563852549, -0.00031703119748272], [-0.0002663485938683152, 0.000998114119283855, -0.0016241236589848995, 0.0034088927786797285, 0.0008247381774708629, -0.0021625456865876913, -0.003957618493586779, 0.012824193574488163, -0.005500522442162037, 0.0006159168551675975, -0.004802635405212641, 0.0008084080182015896, -0.001239945413544774], [7.808414375176653e-05, -0.0014202776364982128, 0.0003046431520488113, -0.0018352876650169492, -0.0010678278049454093, -0.0017362009966745973, 0.0008399271173402667, -0.005500522442162037, 0.018581699579954147, -0.004330113995820284, 2.4962793759186752e-05, 0.003961656242609024, 0.0007710174540989101], [-0.0002384369436185807, 0.002713326131924987, -0.0005709373508580029, -0.0005034380592405796, -0.0016937523614615202, 0.0027134979609400034, -0.0022122066002339125, 0.0006159168551675975, -0.004330113995820284, 0.010711331851780415, -0.003919874783605337, -0.0029725467320531607, 0.0010552704334259033], [0.0004166581784375012, -0.004192580468952656, 0.0007461679051630199, -0.0028531861025840044, 0.003056024434044957, -0.00044736629934050143, 0.003308375831693411, -0.004802635405212641, 2.4962793759186752e-05, -0.003919874783605337, 0.013602490536868572, -0.0012670261785387993, 0.0003699898370541632], [-0.0003083907358814031, 0.0027250475250184536, -0.0019053347641602159, 0.0033035967499017715, -0.0022413809783756733, -0.0012670469004660845, -0.0019421989563852549, 0.0008084080182015896, 0.003961656242609024, -0.0029725467320531607, -0.0012670261785387993, 0.015795988962054253, -0.007563399150967598], [0.0007590798195451498, -0.002486195182427764, 0.002595203695818782, -0.006718475371599197, 0.00031375716207548976, 0.0021834431681782007, -0.00031703119748272, -0.001239945413544774, 0.0007710174540989101, 0.0010552704334259033, 0.0003699898370541632, -0.007563399150967598, 0.02058008313179016]], "lowlevel.mfcc.cov": [[11625.0654296875, -2805.7197265625, 3338.624267578125, -194.57765197753906, -394.0541076660156, 552.6348266601562, -612.5595703125, 203.27508544921875, -312.64691162109375, 355.3626708984375, 482.195556640625, 416.2268981933594, 52.81698989868164], [-2805.7197265625, 2860.931884765625, -1498.67333984375, 332.9693908691406, 413.5908203125, -619.4569091796875, 321.0085754394531, -37.61709976196289, -115.14796447753906, 130.76162719726562, -234.3531951904297, -98.81383514404297, 72.0915298461914], [3338.624267578125, -1498.67333984375, 2822.270751953125, 146.04483032226562, 289.5021667480469, 688.6064453125, -165.65911865234375, 371.1217346191406, -66.0688247680664, 308.8149719238281, 317.8154296875, 294.2726135253906, 189.63121032714844], [-194.57765197753906, 332.9693908691406, 146.04483032226562, 406.0937805175781, 304.3680725097656, 207.50570678710938, 146.50636291503906, 71.47069549560547, 90.24041748046875, 78.70829772949219, 20.28923988342285, 43.69545364379883, 56.2975959777832], [-394.0541076660156, 413.5908203125, 289.5021667480469, 304.3680725097656, 490.98419189453125, 193.6556854248047, 142.6717987060547, 130.53993225097656, 27.21275520324707, 154.4729461669922, 37.10195541381836, 50.85171127319336, 94.31163024902344], [552.6348266601562, -619.4569091796875, 688.6064453125, 207.50570678710938, 193.6556854248047, 666.4900512695312, 116.82008361816406, 192.63372802734375, 257.4044494628906, -16.802234649658203, 193.84373474121094, 85.76000213623047, 37.545352935791016], [-612.5595703125, 321.0085754394531, -165.65911865234375, 146.50636291503906, 142.6717987060547, 116.82008361816406, 254.91903686523438, 113.99148559570312, 125.84074401855469, 50.07362747192383, 26.105573654174805, 41.05365753173828, 52.19192886352539], [203.27508544921875, -37.61709976196289, 371.1217346191406, 71.47069549560547, 130.53993225097656, 192.63372802734375, 113.99148559570312, 257.89111328125, 104.39817810058594, 67.88489532470703, 90.13153076171875, 50.906917572021484, 66.41156768798828], [-312.64691162109375, -115.14796447753906, -66.0688247680664, 90.24041748046875, 27.21275520324707, 257.4044494628906, 125.84074401855469, 104.39817810058594, 267.5175476074219, -35.83049774169922, 82.70500183105469, 8.357014656066895, -2.365147113800049], [355.3626708984375, 130.76162719726562, 308.8149719238281, 78.70829772949219, 154.4729461669922, -16.802234649658203, 50.07362747192383, 67.88489532470703, -35.83049774169922, 235.29701232910156, 46.730430603027344, 84.45863342285156, 76.86973571777344], [482.195556640625, -234.3531951904297, 317.8154296875, 20.28923988342285, 37.10195541381836, 193.84373474121094, 26.105573654174805, 90.13153076171875, 82.70500183105469, 46.730430603027344, 181.34750366210938, 78.10445404052734, 34.0758056640625], [416.2268981933594, -98.81383514404297, 294.2726135253906, 43.69545364379883, 50.85171127319336, 85.76000213623047, 41.05365753173828, 50.906917572021484, 8.357014656066895, 84.45863342285156, 78.10445404052734, 142.0471954345703, 58.033775329589844], [52.81698989868164, 72.0915298461914, 189.63121032714844, 56.2975959777832, 94.31163024902344, 37.545352935791016, 52.19192886352539, 66.41156768798828, -2.365147113800049, 76.86973571777344, 34.0758056640625, 58.033775329589844, 105.54134368896484]], "lowlevel.mfcc.icov": [[0.00018947315402328968, 4.6843942982377484e-05, -6.887803465360776e-05, -0.00024273988674394786, 0.0004176570218987763, -0.00017531200137455016, 0.0003132204874418676, -0.00021736863709520549, 0.0003893582324963063, -0.0003442741581238806, -0.00018921427545137703, -0.00015983918274287134, 0.00020590929489117116], [4.6843942982377484e-05, 0.0012871967628598213, 0.000557651394046843, -0.0010121718514710665, -0.000930371752474457, 0.0014123102882876992, -0.0005444720736704767, -0.0007397565641440451, 0.0005104089505039155, 7.815926801413298e-05, -0.00044108007568866014, 8.582136797485873e-05, -0.0002512953069526702], [-6.887803465360776e-05, 0.000557651394046843, 0.002011199714615941, -0.0006676708580926061, 3.64550287486054e-05, -0.001794962678104639, 0.0022316183894872665, -0.0023524079006165266, 0.002207766519859433, -0.0016152168391272426, 0.0002371298905927688, -0.0010333048412576318, -0.0009037576382979751], [-0.00024273988674394786, -0.0010121718514710665, -0.0006676708580926061, 0.0068862042389810085, -0.0029829684644937515, -0.0013811277458444238, -0.001575068454258144, 0.0026417970657348633, -0.0024025258608162403, 0.00036829139571636915, 0.0019380080047994852, -0.0004180096148047596, -0.00010522391676204279], [0.0004176570218987763, -0.000930371752474457, 3.64550287486054e-05, -0.0029829684644937515, 0.00771673209965229, -0.0039459411054849625, 0.0011028992012143135, -0.0016781012527644634, 0.0035894904285669327, -0.003923467360436916, 0.0002970181230921298, 0.0011714260326698422, -0.0008312124409712851], [-0.00017531200137455016, 0.0014123102882876992, -0.001794962678104639, -0.0013811277458444238, -0.0039459411054849625, 0.00988723710179329, -0.0035812263377010822, 0.0012946585193276405, -0.005753409583121538, 0.005370412487536669, -0.003343702759593725, 0.0002486210432834923, 0.0009524152264930308], [0.0003132204874418676, -0.0005444720736704767, 0.0022316183894872665, -0.001575068454258144, 0.0011028992012143135, -0.0035812263377010822, 0.012629518285393715, -0.00500407675281167, -0.00040841661393642426, -0.003228855086490512, 0.0020750872790813446, -0.003934700507670641, -0.0019264593720436096], [-0.00021736863709520549, -0.0007397565641440451, -0.0023524079006165266, 0.0026417970657348633, -0.0016781012527644634, 0.0012946585193276405, -0.00500407675281167, 0.01046155858784914, -0.004385633394122124, 0.0014393760357052088, -0.0011723635252565145, 0.0024657482281327248, -0.0017616843106225133], [0.0003893582324963063, 0.0005104089505039155, 0.002207766519859433, -0.0024025258608162403, 0.0035894904285669327, -0.005753409583121538, -0.00040841661393642426, -0.004385633394122124, 0.013165497221052647, -0.002552565885707736, -0.0022023937199264765, 0.0008057598606683314, 0.0009942122269421816], [-0.0003442741581238806, 7.815926801413298e-05, -0.0016152168391272426, 0.00036829139571636915, -0.003923467360436916, 0.005370412487536669, -0.003228855086490512, 0.0014393760357052088, -0.002552565885707736, 0.011083866469562054, -0.0019963590893894434, -0.001930421101860702, -0.0013128493446856737], [-0.00018921427545137703, -0.00044108007568866014, 0.0002371298905927688, 0.0019380080047994852, 0.0002970181230921298, -0.003343702759593725, 0.0020750872790813446, -0.0011723635252565145, -0.0022023937199264765, -0.0019963590893894434, 0.012037653475999832, -0.004153414163738489, -0.0006262992974370718], [-0.00015983918274287134, 8.582136797485873e-05, -0.0010333048412576318, -0.0004180096148047596, 0.0011714260326698422, 0.0002486210432834923, -0.003934700507670641, 0.0024657482281327248, 0.0008057598606683314, -0.001930421101860702, -0.004153414163738489, 0.014471045695245266, -0.0038321951869875193], [0.00020590929489117116, -0.0002512953069526702, -0.0009037576382979751, -0.00010522391676204279, -0.0008312124409712851, 0.0009524152264930308, -0.0019264593720436096, -0.0017616843106225133, 0.0009942122269421816, -0.0013128493446856737, -0.00062629