{"song_id": "1182263196338368572", "download": "https://cdn.discordapp.com/attachments/1135903449314238464/1182263196338368572/chirp.mp4?ex=65840f67&amp", "lyrics": "[verse]\nIn the desert sun, a restless wind blows\nThrough the city streets, a story unfolds\nFrom small-time lawyer to a man on the run\nA tale of redemption, just begun\n\n[chorus]\nBetter Call Saul, he\u2019ll find a way\nThrough legal battles, come what may\nWith charisma and wit, he\u2019ll surely strive\nIn Albuquerque, where legends thrive", "style": ["from the opening music from </span><span>\"Better Call Saul</span><span>\" series"], "essentia_features": {"lowlevel.average_loudness": 0.39871034026145935, "lowlevel.barkbands_crest.mean": 11.774576187133789, "lowlevel.barkbands_crest.stdev": 4.6204071044921875, "lowlevel.barkbands_flatness_db.mean": 0.1795598268508911, "lowlevel.barkbands_flatness_db.stdev": 0.0605834499001503, "lowlevel.barkbands_kurtosis.mean": 6.275537014007568, "lowlevel.barkbands_kurtosis.stdev": 9.09575080871582, "lowlevel.barkbands_skewness.mean": 0.9534096717834473, "lowlevel.barkbands_skewness.stdev": 1.9901353120803833, "lowlevel.barkbands_spread.mean": 18.546688079833984, "lowlevel.barkbands_spread.stdev": 15.633010864257812, "lowlevel.dissonance.mean": 0.43850812315940857, "lowlevel.dissonance.stdev": 0.05708527937531471, "lowlevel.dynamic_complexity": 10.08283519744873, "lowlevel.erbbands_crest.mean": 11.018918991088867, "lowlevel.erbbands_crest.stdev": 4.977898597717285, "lowlevel.erbbands_flatness_db.mean": 0.20813770592212677, "lowlevel.erbbands_flatness_db.stdev": 0.0727413073182106, "lowlevel.erbbands_kurtosis.mean": 3.2305355072021484, "lowlevel.erbbands_kurtosis.stdev": 5.145261764526367, "lowlevel.erbbands_skewness.mean": 0.372508704662323, "lowlevel.erbbands_skewness.stdev": 1.3481154441833496, "lowlevel.erbbands_spread.mean": 26.598608016967773, "lowlevel.erbbands_spread.stdev": 17.391176223754883, "lowlevel.hfc.mean": 17.87846565246582, "lowlevel.hfc.stdev": 33.235843658447266, "lowlevel.loudness_ebu128.integrated": -31.88616180419922, "lowlevel.loudness_ebu128.loudness_range": 4.685905456542969, "lowlevel.loudness_ebu128.momentary.mean": -38.289207458496094, "lowlevel.loudness_ebu128.momentary.stdev": 9.737714767456055, "lowlevel.loudness_ebu128.short_term.mean": -33.8328971862793, "lowlevel.loudness_ebu128.short_term.stdev": 1.9981147050857544, "lowlevel.melbands_crest.mean": 16.416839599609375, "lowlevel.melbands_crest.stdev": 7.691071033477783, "lowlevel.melbands_flatness_db.mean": 0.19810603559017181, "lowlevel.melbands_flatness_db.stdev": 0.07401838898658752, "lowlevel.melbands_kurtosis.mean": 7.276432037353516, "lowlevel.melbands_kurtosis.stdev": 9.626404762268066, "lowlevel.melbands_skewness.mean": 1.5910495519638062, "lowlevel.melbands_skewness.stdev": 1.5867191553115845, "lowlevel.melbands_spread.mean": 36.651832580566406, "lowlevel.melbands_spread.stdev": 45.35172653198242, "lowlevel.pitch_salience.mean": 0.5557464957237244, "lowlevel.pitch_salience.stdev": 0.16109658777713776, "lowlevel.silence_rate_20dB.mean": 0.9984038472175598, "lowlevel.silence_rate_20dB.stdev": 0.03992018103599548, "lowlevel.silence_rate_30dB.mean": 0.9888268113136292, "lowlevel.silence_rate_30dB.stdev": 0.105111263692379, "lowlevel.silence_rate_60dB.mean": 0.4421388804912567, "lowlevel.silence_rate_60dB.stdev": 0.49664026498794556, "lowlevel.spectral_centroid.mean": 1783.113525390625, "lowlevel.spectral_centroid.stdev": 1326.5369873046875, "lowlevel.spectral_complexity.mean": 5.990423202514648, "lowlevel.spectral_complexity.stdev": 5.343864440917969, "lowlevel.spectral_decrease.mean": -2.9471418638848945e-09, "lowlevel.spectral_decrease.stdev": 7.134675517050937e-09, "lowlevel.spectral_energy.mean": 0.012744823470711708, "lowlevel.spectral_energy.stdev": 0.02944916859269142, "lowlevel.spectral_energyband_high.mean": 0.0008696757140569389, "lowlevel.spectral_energyband_high.stdev": 0.0024676532484591007, "lowlevel.spectral_energyband_low.mean": 4.6962566557340324e-05, "lowlevel.spectral_energyband_low.stdev": 0.0001525045809103176, "lowlevel.spectral_energyband_middle_high.mean": 0.005648285150527954, "lowlevel.spectral_energyband_middle_high.stdev": 0.01666588895022869, "lowlevel.spectral_energyband_middle_low.mean": 0.0064151412807404995, "lowlevel.spectral_energyband_middle_low.stdev": 0.017107777297496796, "lowlevel.spectral_entropy.mean": 7.462203025817871, "lowlevel.spectral_entropy.stdev": 0.6752951741218567, "lowlevel.spectral_flux.mean": 0.0487256720662117, "lowlevel.spectral_flux.stdev": 0.044320765882730484, "lowlevel.spectral_kurtosis.mean": 5.2978057861328125, "lowlevel.spectral_kurtosis.stdev": 4.383107662200928, "lowlevel.spectral_rms.mean": 0.0025217831134796143, "lowlevel.spectral_rms.stdev": 0.0024646685924381018, "lowlevel.spectral_rolloff.mean": 2713.802978515625, "lowlevel.spectral_rolloff.stdev": 3146.369140625, "lowlevel.spectral_skewness.mean": 1.7577941417694092, "lowlevel.spectral_skewness.stdev": 0.8221966028213501, "lowlevel.spectral_spread.mean": 5293180.0, "lowlevel.spectral_spread.stdev": 1923995.375, "lowlevel.spectral_strongpeak.mean": 1.5027694702148438, "lowlevel.spectral_strongpeak.stdev": 2.1595168113708496, "lowlevel.zerocrossingrate.mean": 0.10282041877508163, "lowlevel.zerocrossingrate.stdev": 0.09466762095689774, "metadata.audio_properties.analysis.equal_loudness": 0.0, "metadata.audio_properties.analysis.length": 29.055986404418945, "metadata.audio_properties.analysis.sample_rate": 44100.0, "metadata.audio_properties.analysis.start_time": 0.0, "metadata.audio_properties.bit_rate": 115795.0, "metadata.audio_properties.length": 29.055999755859375, "metadata.audio_properties.lossless": 0.0, "metadata.audio_properties.number_channels": 1.0, "metadata.audio_properties.replay_gain": 3.379575729370117, "metadata.audio_properties.sample_rate": 48000.0, "rhythm.beats_count": 60.0, "rhythm.beats_loudness.mean": 0.020717168226838112, "rhythm.beats_loudness.stdev": 0.04760482907295227, "rhythm.bpm": 111.87541961669922, "rhythm.bpm_histogram_first_peak_bpm": 112.0, "rhythm.bpm_histogram_first_peak_weight": 0.5833333134651184, "rhythm.bpm_histogram_second_peak_bpm": 144.0, "rhythm.bpm_histogram_second_peak_spread": 0.3571428656578064, "rhythm.bpm_histogram_second_peak_weight": 0.1525423675775528, "rhythm.danceability": 1.2379313707351685, "rhythm.onset_rate": 2.923837661743164, "tonal.chords_changes_rate": 0.07655502110719681, "tonal.chords_number_rate": 0.019138755276799202, "tonal.chords_strength.mean": 0.5504940152168274, "tonal.chords_strength.stdev": 0.08312269300222397, "tonal.hpcp_crest.mean": 14.764776229858398, "tonal.hpcp_crest.stdev": 6.66873836517334, "tonal.hpcp_entropy.mean": 1.8454773426055908, "tonal.hpcp_entropy.stdev": 0.7668874263763428, "tonal.key_edma.strength": 0.6361572742462158, "tonal.key_krumhansl.strength": 0.6343355774879456, "tonal.key_temperley.strength": 0.6329576373100281, "tonal.tuning_diatonic_strength": 0.5702585577964783, "tonal.tuning_equal_tempered_deviation": 0.2484222948551178, "tonal.tuning_frequency": 454.99066162109375, "tonal.tuning_nontempered_energy_ratio": 0.9088445901870728, "lowlevel.barkbands.mean": [2.07107968890341e-05, 1.1155511856486555e-05, 1.043033080350142e-05, 3.959182504331693e-05, 0.00011884899868164212, 0.00040027900831773877, 0.0011727653909474611, 0.001398032414726913, 0.0023408555425703526, 0.0016488783294335008, 0.0013048149412497878, 0.0009723453549668193, 0.00112064927816391, 0.0004219982656650245, 0.00024663214571774006, 0.0002561502333264798, 0.00020853786554653198, 3.296191425761208e-05, 5.782679727417417e-05, 0.0001058910638676025, 7.292333611985669e-05, 0.0001757816062308848, 0.00026329548563808203, 0.00017668299551587552, 0.0001278173440368846, 3.897674469044432e-05, 2.5044939455654003e-09], "lowlevel.barkbands.stdev": [4.6786790335318074e-05, 1.6370773664675653e-05, 6.436157127609476e-05, 0.00014771455607842654, 0.00022806528431829065, 0.0015334662748500705, 0.0033629857935011387, 0.004700791090726852, 0.009309264831244946, 0.008547208271920681, 0.005402668379247189, 0.005142561160027981, 0.008116576820611954, 0.0016142930835485458, 0.0010641436092555523, 0.0011009159497916698, 0.0005585063481703401, 7.448161341017112e-05, 0.00015415796951856464, 0.00018679097411222756, 0.0002604858309496194, 0.0005206386558711529, 0.0008938545943237841, 0.0006082308245822787, 0.00040620958316139877, 0.00011995999375358224, 1.9019298136413454e-08], "lowlevel.erbbands.mean": [0.0006219915230758488, 0.0017213138053193688, 0.009298194199800491, 0.07537531107664108, 0.27976465225219727, 0.48026323318481445, 0.6823438405990601, 4.72734260559082, 11.813233375549316, 29.949430465698242, 29.040874481201172, 40.576072692871094, 77.33503723144531, 41.60489273071289, 52.694644927978516, 46.41831970214844, 45.133094787597656, 22.67414665222168, 16.59108543395996, 13.158836364746094, 10.845818519592285, 12.171341896057129, 3.555668830871582, 1.267996907234192, 5.71402645111084, 4.308095455169678, 2.0955333709716797, 3.5674631595611572, 6.149360179901123, 6.923030853271484, 7.439880847930908, 3.554633617401123, 3.518564462661743, 1.917945146560669, 0.629984974861145, 0.27413663268089294, 0.054602451622486115, 0.0025994323659688234, 7.596374780405313e-05, 2.2667416487820446e-05], "lowlevel.erbbands.stdev": [0.0009635664755478501, 0.00302843376994133, 0.049646779894828796, 0.33751392364501953, 0.5688452124595642, 1.0282446146011353, 2.5542845726013184, 16.91978645324707, 33.029232025146484, 100.55784606933594, 83.3753433227539, 130.2005615234375, 478.6468200683594, 173.29502868652344, 212.615234375, 234.545166015625, 286.3280334472656, 82.46650695800781, 60.059810638427734, 49.81049346923828, 34.246742248535156, 31.686443328857422, 7.3942694664001465, 4.177280426025391, 10.092409133911133, 7.807284832000732, 6.705501079559326, 12.126800537109375, 19.52262306213379, 21.937135696411133, 26.72779655456543, 11.646319389343262, 12.636191368103027, 6.058220863342285, 2.1983606815338135, 0.900136411190033, 0.1645592302083969, 0.008212548680603504, 0.00020631476945709437, 4.1154493374051526e-05], "lowlevel.gfcc.mean": [-138.05140686035156, 37.988555908203125, -130.92330932617188, -5.689467906951904, -84.8902359008789, 16.350770950317383, -44.17878341674805, 19.25123405456543, -22.48383903503418, 12.027456283569336, -12.091197967529297, 3.993048667907715, -17.02051544189453], "lowlevel.melbands.mean": [5.462458830152173e-06, 4.413943315739743e-06, 1.8748942238744348e-05, 2.9088379960739985e-05, 2.3448848878615536e-05, 9.681159281171858e-05, 0.000201694798306562, 0.0003361870476510376, 0.00024629803374409676, 0.000291581847704947, 0.0003743295092135668, 0.00014986915630288422, 0.0001792075199773535, 0.00011096052912762389, 0.00017736799782142043, 5.47141935385298e-05, 4.0504015487385914e-05, 2.6794261430040933e-05, 1.9008535673492588e-05, 2.0317022062954493e-05, 1.054465610650368e-05, 1.2360075743345078e-05, 7.73449573898688e-06, 1.0478514695932972e-06, 8.363113011000678e-07, 2.4884147933335043e-06, 6.2951889958640095e-06, 1.870376650003891e-06, 8.57601776260708e-07, 2.082023229377228e-06, 1.9768622223637067e-06, 3.312057742732577e-06, 3.7968977721902775e-06, 3.9443234527425375e-06, 4.227003955747932e-06, 3.6555920814862475e-06, 1.7606096207600785e-06, 2.6431905553181423e-06, 2.051554702120484e-06, 1.4795812148804544e-06], "lowlevel.melbands.stdev": [8.180026270565577e-06, 2.0731022232212126e-05, 5.493649950949475e-05, 5.755018355557695e-05, 8.085600711638108e-05, 0.0003471949021331966, 0.0005791615112684667, 0.0011408355785533786, 0.0007571931928396225, 0.0011148995254188776, 0.002326057292521, 0.000669170927722007, 0.0007670733612030745, 0.0006365948356688023, 0.00132942630443722, 0.0002350074064452201, 0.00015376073133666068, 0.00010591586760710925, 8.251381223089993e-05, 0.00010473995644133538, 3.013482091773767e-05, 3.143063440802507e-05, 2.070565642497968e-05, 2.6060947675432544e-06, 3.5084306091448525e-06, 6.805872544646263e-06, 1.0569029655016493e-05, 3.878044481098186e-06, 2.8233882858330617e-06, 8.252563930000179e-06, 6.831295650044922e-06, 1.1454094419605099e-05, 1.1209843250981066e-05, 1.3641596524394117e-05, 1.5347173757618293e-05, 1.3390188541961834e-05, 6.0328043218760286e-06, 1.0034566912509035e-05, 6.977663815632695e-06, 4.7498410822299775e-06], "lowlevel.melbands128.mean": [1.0400547580502462e-05, 6.5736790020309854e-06, 3.968194505432621e-06, 2.238427896372741e-06, 2.794570718833711e-06, 6.034938451193739e-06, 1.2930046977999154e-05, 2.2582134988624603e-05, 2.689028042368591e-05, 3.532515620463528e-05, 2.8533821023302153e-05, 1.1557487596292049e-05, 6.1422015278367326e-06, 5.214547854848206e-05, 0.00012083893670933321, 0.00010913934238487855, 9.779155516298488e-05, 0.0002430871973047033, 0.00029533091583289206, 0.00037237111246213317, 0.00035371066769585013, 0.00020719064923468977, 0.00022250637994147837, 0.00032129589817486703, 0.00019822707690764219, 0.0001994865306187421, 0.0006569718243554235, 0.0004174647619947791, 0.00016376910207327455, 9.272890019929036e-05, 0.00021365175780374557, 0.0001194294382003136, 0.0002177445130655542, 0.0001731909578666091, 0.00012818632239941508, 9.436150139663368e-05, 6.687071436317638e-05, 0.0002512743812985718, 0.0002083861327264458, 3.5162978747393936e-05, 3.391479913261719e-05, 4.829764293390326e-05, 4.946106855641119e-05, 2.631740426295437e-05, 3.783360079978593e-05, 1.8784510757541284e-05, 2.7416181183070876e-05, 2.5315972379758023e-05, 1.1065613762184512e-05, 1.2108391274523456e-05, 3.3255804737564176e-05, 1.3453112842398696e-05, 8.89676721271826e-06, 1.1449058547441382e-05, 7.841724254831206e-06, 9.287667126045562e-06, 2.2357682610163465e-05, 8.97004792932421e-06, 3.609579607655178e-06, 2.0752581804117654e-06, 5.870178370059875e-07, 5.129728606334538e-07, 6.999193260526226e-07, 8.861203468768508e-07, 1.1169526032972499e-06, 1.514487394160824e-06, 3.442542492848588e-06, 6.905705049575772e-06, 7.830904905858915e-06, 4.849965080211405e-06, 1.2772858326570713e-06, 6.639635898864071e-07, 5.861566023668274e-07, 8.798280646260537e-07, 1.1102132475571125e-06, 2.2041383545001736e-06, 2.611764102766756e-06, 1.7114273305196548e-06, 1.8489079138817033e-06, 2.069239144475432e-06, 3.162840130244149e-06, 3.817964170593768e-06, 3.891149390256032e-06, 3.823192855634261e-06, 3.7519712350331247e-06, 3.6628355246648425e-06, 4.151987468503648e-06, 4.100707428733585e-06, 3.546875859683496e-06, 4.907598849968053e-06, 5.496051471709507e-06, 3.051061639780528e-06, 1.1325366813252913e-06, 1.3570931969297817e-06, 2.3231591512740124e-06, 2.7211999622522853e-06, 2.7195749225938926e-06, 2.6046054699691013e-06, 1.8780433492793236e-06, 1.973588496184675e-06, 1.832642169574683e-06, 1.6951075849647168e-06, 5.851162541148369e-07, 3.780408803777391e-07, 6.406688726201537e-07, 9.443957651456003e-07, 6.338371463243675e-07, 5.28653799847234e-07, 4.6089090233181196e-07, 4.0057986439023807e-07, 3.2951624007182545e-07, 2.2387878573226772e-07, 1.3488731553934485e-07, 8.783180049931616e-08, 5.057225038740398e-08, 4.011674992199232e-09, 8.000872186997299e-11, 6.076001680954679e-12, 6.068984290813484e-12, 5.842731246735733e-12, 5.649967473042583e-12, 5.643548996181469e-12, 5.666825515782126e-12, 5.460368702331353e-12, 4.45912490959488e-12, 2.6645966249433384e-12, 1.6926054741822627e-12, 1.5484438817964241e-12], "lowlevel.melbands128.stdev": [2.0974095605197363e-05, 1.0679545994207729e-05, 6.4481400841032155e-06, 4.007200914202258e-06, 1.7806725736591034e-05, 3.879526411765255e-05, 8.174168033292517e-05, 7.280032150447369e-05, 6.191915599629283e-05, 9.273012256016955e-05, 7.035104499664158e-05, 3.808593828580342e-05, 2.1430509150377475e-05, 0.0002725719241425395, 0.0004924368695355952, 0.0005198316648602486, 0.000340201921062544, 0.0008415585616603494, 0.0011409091530367732, 0.0015758993104100227, 0.0014975107042118907, 0.0008848929428495467, 0.0010025628143921494, 0.001460445229895413, 0.0007856930606067181, 0.0011702529154717922, 0.004890296142548323, 0.002958226017653942, 0.0011928621679544449, 0.00047274414100684226, 0.001260683056898415, 0.0007347584469243884, 0.001374457380734384, 0.0007765513728372753, 0.0011825754772871733, 0.0007796382415108383, 0.00041984947165474296, 0.0021279240027070045, 0.001753736287355423, 0.0001846833183662966, 0.00019845568749587983, 0.00023116965894587338, 0.0002765195386018604, 0.00010538254718994722, 0.0002498999238014221, 9.166038216790184e-05, 0.00016698139370419085, 0.00014833343448117375, 6.577440217370167e-05, 5.083393261884339e-05, 0.0002159957803087309, 6.678843055851758e-05, 3.029891013284214e-05, 4.363792686490342e-05, 3.095820648013614e-05, 2.6535895813140087e-05, 8.071195770753548e-05, 2.9535451176343486e-05, 9.049326763488352e-06, 7.363074473687448e-06, 1.610391677786538e-06, 1.4342848544401932e-06, 2.3718189368082676e-06, 3.857440333376871e-06, 8.287426680908538e-06, 7.160028417274589e-06, 9.577176570019219e-06, 1.36983244374278e-05, 1.6148114809766412e-05, 1.1778835869336035e-05, 3.662214112409856e-06, 1.9018012835658737e-06, 1.843141262725112e-06, 3.6355525026010582e-06, 4.197973339614691e-06, 8.983291991171427e-06, 1.2120191058784258e-05, 6.727554591634544e-06, 7.398523848678451e-06, 7.584996183140902e-06, 1.1973098480666522e-05, 1.5006425201136153e-05, 1.2858958143624477e-05, 1.194868946186034e-05, 1.1891937901964411e-05, 1.5614597941748798e-05, 1.5733850887045264e-05, 1.4482683582173195e-05, 1.34371612148243e-05, 2.145807047782e-05, 2.161399243050255e-05, 1.077424985851394e-05, 4.20324613514822e-06, 5.052299002272775e-06, 8.61133958096616e-06, 1.1587335393414833e-05, 1.0558827852946706e-05, 1.1119852388219442e-05, 6.726027095282916e-06, 7.465327598765725e-06, 6.0042943914595526e-06, 5.854987648490351e-06, 2.252969125038362e-06, 1.6161516214197036e-06, 2.841786226781551e-06, 3.57129374606302e-06, 2.6524953682383057e-06, 1.8353234736423474e-06, 1.6057952052506153e-06, 1.3772588545180042e-06, 1.0851895240193699e-06, 8.1120799677592e-07, 4.6894703586986e-07, 2.9191991757215874e-07, 2.1952536144453916e-07, 2.010358102211285e-08, 9.698416514325459e-10, 6.751788364511846e-12, 6.533353285459453e-12, 6.358939850376055e-12, 6.097824068601598e-12, 5.97414348893488e-12, 5.843638507113669e-12, 5.7735773627276554e-12, 5.67292914033235e-12, 5.55136622434893e-12, 5.5007166356590975e-12, 5.469420489429e-12], "lowlevel.mfcc.mean": [-784.22509765625, 87.54146575927734, -3.470897674560547, -21.439485549926758, -14.005593299865723, -11.17080020904541, -8.207731246948242, 0.6510651707649231, -6.591249942779541, 6.163633823394775, 2.9355063438415527, 1.0222569704055786, 15.9547758102417], "lowlevel.spectral_contrast_coeffs.mean": [-0.7329701781272888, -0.7019076347351074, -0.7642929553985596, -0.7900042533874512, -0.7591032385826111, -0.7883073687553406], "lowlevel.spectral_contrast_coeffs.stdev": [0.11309747397899628, 0.12966683506965637, 0.11602327227592468, 0.08276430517435074, 0.09037192910909653, 0.05199210345745087], "lowlevel.spectral_contrast_valleys.mean": [-9.52276611328125, -8.227368354797363, -8.563956260681152, -8.95864486694336, -9.343881607055664, -11.167314529418945], "lowlevel.spectral_contrast_valleys.stdev": [0.6711834669113159, 0.8994511365890503, 0.9674601554870605, 1.2214447259902954, 1.0670850276947021, 1.4257686138153076], "rhythm.beats_loudness_band_ratio.mean": [0.11906344443559647, 0.08161232620477676, 0.3062798082828522, 0.1595274955034256, 0.07521054148674011, 0.28184857964515686], "rhythm.beats_loudness_band_ratio.stdev": [0.24129948019981384, 0.15642333030700684, 0.2629414498806, 0.19082733988761902, 0.12134969234466553, 0.39287683367729187], "tonal.hpcp.mean": [0.15311641991138458, 0.17026545107364655, 0.1092374250292778, 0.07188919931650162, 0.07337676733732224, 0.12295719981193542, 0.18619057536125183, 0.16154895722866058, 0.10179326683282852, 0.09406968206167221, 0.125731959939003, 0.11323950439691544, 0.08653677999973297, 0.09134410321712494, 0.07681264728307724, 0.08242116123437881, 0.11347634345293045, 0.14456842839717865, 0.12767429649829865, 0.07959052175283432, 0.10227864235639572, 0.2979583740234375, 0.2813383638858795, 0.0864834412932396, 0.09500543773174286, 0.13281013071537018, 0.1332155466079712, 0.09727697819471359, 0.058716971427202225, 0.05379408225417137, 0.08088359236717224, 0.09887520968914032, 0.096905916929245, 0.09418070316314697, 0.08209243416786194, 0.09111041575670242], "tonal.hpcp.stdev": [0.27607402205467224, 0.2954437732696533, 0.21674273908138275, 0.17798329889774323, 0.17436076700687408, 0.23321160674095154, 0.3063858449459076, 0.2666022479534149, 0.1905464082956314, 0.17219291627407074, 0.2586231231689453, 0.2223019301891327, 0.18251651525497437, 0.20477646589279175, 0.1749238818883896, 0.1793752908706665, 0.23379454016685486, 0.24698880314826965, 0.23323816061019897, 0.15779198706150055, 0.21015039086341858, 0.3853955566883087, 0.37464064359664917, 0.1583247035741806, 0.2014155387878418, 0.2658967077732086, 0.24789448082447052, 0.2056189477443695, 0.13205404579639435, 0.12846076488494873, 0.18663808703422546, 0.20875178277492523, 0.20290468633174896, 0.21263165771961212, 0.18155978620052338, 0.18892128765583038], "rhythm.beats_position": [0.4411791265010834, 0.8823582530021667, 1.3235373497009277, 1.7414965629577637, 2.1594557762145996, 2.5774149894714355, 2.9953742027282715, 3.4365532398223877, 3.877732276916504, 4.318911552429199, 4.771700382232666, 5.189659595489502, 5.630838871002197, 6.083628177642822, 6.524806976318359, 6.989206314086914, 7.441995143890381, 7.894784450531006, 8.359183311462402, 8.823582649230957, 9.311202049255371, 9.787210464477539, 10.263219833374023, 10.68117904663086, 11.099138259887695, 11.505487442016602, 11.923446655273438, 12.318185806274414, 12.72453498840332, 13.130884170532227, 13.537233352661133, 13.943582534790039, 14.361541748046875, 14.895600318908691, 15.441269874572754, 15.97532844543457, 16.497777938842773, 17.031835556030273, 17.554285049438477, 18.08834457397461, 18.610794067382812, 19.144851684570312, 19.690521240234375, 20.212970733642578, 20.747028350830078, 21.29269790649414, 21.826757431030273, 22.360815048217773, 22.894874572753906, 23.41732406616211, 23.904943466186523, 24.404170989990234, 24.903400421142578, 25.44906997680664, 26.006349563598633, 26.552017211914062, 27.097686767578125, 27.643356323242188, 28.177413940429688, 28.72308349609375], "rhythm.bpm_histogram": [0.0, 0.0, 0.0, 0.0, 0.0, 0.0, 0.0, 0.0, 0.0, 0.0, 0.0, 0.0, 0.0, 0.0, 0.0, 0.0, 0.0, 0.0, 0.0, 0.0, 0.0, 0.0, 0.0, 0.0, 0.0, 0.0, 0.0, 0.0, 0.0, 0.0, 0.0, 0.0, 0.0, 0.0, 0.0, 0.0, 0.0, 0.0, 0.0, 0.0, 0.0, 0.0, 0.0, 0.0, 0.0, 0.0, 0.0, 0.0, 0.0, 0.0, 0.0, 0.0, 0.0, 0.0, 0.0, 0.0, 0.0, 0.0, 0.0, 0.0, 0.0, 0.0, 0.0, 0.0, 0.0, 0.0, 0.0, 0.0, 0.0, 0.0, 0.0, 0.0, 0.0, 0.0, 0.0, 0.0, 0.0, 0.0, 0.0, 0.0, 0.0, 0.0, 0.0, 0.0, 0.0, 0.0, 0.0, 0.0, 0.0, 0.0, 0.0, 0.0, 0.0, 0.0, 0.0, 0.0, 0.0, 0.0, 0.0, 0.0, 0.0, 0.0, 0.0, 0.0, 0.0, 0.0, 0.0, 0.0, 0.016949152573943138, 0.0, 0.1355932205915451, 0.0, 0.16949152946472168, 0.0, 0.0, 0.08474576473236084, 0.0, 0.0, 0.0, 0.0, 0.033898305147886276, 0.0, 0.0, 0.033898305147886276, 0.0, 0.0, 0.033898305147886276, 0.0, 0.0, 0.050847455859184265, 0.0, 0.0, 0.0, 0.06779661029577255, 0.0, 0.0, 0.11864406615495682, 0.0, 0.0, 0.0, 0.0, 0.0, 0.0, 0.0, 0.1525423675775528, 0.0, 0.0, 0.0, 0.08474576473236084, 0.0, 0.0, 0.0, 0.016949152573943138, 0.0, 0.0, 0.0, 0.0, 0.0, 0.0, 0.0, 0.0, 0.0, 0.0, 0.0, 0.0, 0.0, 0.0, 0.0, 0.0, 0.0, 0.0, 0.0, 0.0, 0.0, 0.0, 0.0, 0.0, 0.0, 0.0, 0.0, 0.0, 0.0, 0.0, 0.0, 0.0, 0.0, 0.0, 0.0, 0.0, 0.0, 0.0, 0.0, 0.0, 0.0, 0.0, 0.0, 0.0, 0.0, 0.0, 0.0, 0.0, 0.0, 0.0, 0.0, 0.0, 0.0, 0.0, 0.0, 0.0, 0.0, 0.0, 0.0, 0.0, 0.0, 0.0, 0.0, 0.0, 0.0, 0.0, 0.0, 0.0, 0.0, 0.0, 0.0, 0.0, 0.0, 0.0, 0.0, 0.0, 0.0, 0.0, 0.0, 0.0, 0.0, 0.0, 0.0, 0.0, 0.0, 0.0, 0.0, 0.0, 0.0, 0.0, 0.0, 0.0, 0.0, 0.0, 0.0, 0.0, 0.0], "tonal.chords_histogram": [12.280701637268066, 1.2759170532226562, 8.771929740905762, 9.090909004211426, 1.9138755798339844, 0.0, 0.0, 9.40988826751709, 0.0, 27.910686492919922, 3.0303030014038086, 4.146730422973633, 0.0, 0.0, 0.0, 0.15948963165283203, 11.483253479003906, 0.0, 0.0, 0.15948963165283203, 2.8708133697509766, 0.0, 0.0, 7.4960126876831055], "tonal.thpcp": [1.0, 0.9442203640937805, 0.2902534306049347, 0.3188547194004059, 0.44573384523391724, 0.44709450006484985, 0.32647842168807983, 0.1970643401145935, 0.18054227530956268, 0.2714593708515167, 0.3318423628807068, 0.3252330720424652, 0.3160867691040039, 0.27551645040512085, 0.30578237771987915, 0.5138852596282959, 0.5714403986930847, 0.3666197657585144, 0.24127262830734253, 0.24626515805721283, 0.4126656949520111, 0.6248878836631775, 0.5421863198280334, 0.3416358530521393, 0.31571418046951294, 0.42197826504707336, 0.3800514340400696, 0.2904324531555176, 0.30656665563583374, 0.25779658555984497, 0.27661970257759094, 0.3808462917804718, 0.4851967394351959, 0.4284971058368683, 0.2671195864677429, 0.3432648777961731], "lowlevel.gfcc.cov": [[13320.791015625, -1831.4344482421875, -2793.336669921875, -1128.9615478515625, -1581.7781982421875, -904.7616577148438, -1377.026123046875, -448.4603271484375, -81.70520782470703, -734.113525390625, -74.33988952636719, -419.6122131347656, -271.2259216308594], [-1831.4344482421875, 2905.5458984375, -209.9331817626953, -834.45166015625, 738.132568359375, -308.92803955078125, 53.20162582397461, 45.123268127441406, -138.6788330078125, -275.95989990234375, 33.160308837890625, -60.868896484375, -49.605987548828125], [-2793.336669921875, -209.9331817626953, 1475.250244140625, 789.8255615234375, 137.2903594970703, 325.5414733886719, 254.35098266601562, -8.809015274047852, 21.64371681213379, 324.6163330078125, -10.55004596710205, 181.45639038085938, 89.3873519897461], [-1128.9615478515625, -834.45166015625, 789.8255615234375, 1235.55517578125, -22.005584716796875, 123.90988159179688, -84.09314727783203, -99.99165344238281, 133.04632568359375, 257.0614013671875, -30.321317672729492, 87.77508544921875, 151.58409118652344], [-1581.7781982421875, 738.132568359375, 137.2903594970703, -22.005584716796875, 576.5300903320312, 22.039335250854492, 21.231048583984375, 91.41075897216797, 39.0828857421875, 60.36540222167969, -36.27096939086914, 14.110404968261719, 20.273603439331055], [-904.7616577148438, -308.92803955078125, 325.5414733886719, 123.90988159179688, 22.039335250854492, 357.04620361328125, 287.3047790527344, 44.260948181152344, 3.881603956222534, 153.82659912109375, 15.815947532653809, 13.282508850097656, -22.77781867980957], [-1377.026123046875, 53.20162582397461, 254.35098266601562, -84.09314727783203, 21.231048583984375, 287.3047790527344, 591.9139404296875, 164.4615478515625, -82.0837631225586, 60.291839599609375, 75.92681884765625, 35.40644454956055, -36.513458251953125], [-448.4603271484375, 45.123268127441406, -8.809015274047852, -99.99165344238281, 91.41075897216797, 44.260948181152344, 164.4615478515625, 208.5726318359375, 58.82564163208008, 16.938993453979492, 7.388069152832031, 24.293991088867188, 17.92344856262207], [-81.70520782470703, -138.6788330078125, 21.64371681213379, 133.04632568359375, 39.0828857421875, 3.881603956222534, -82.0837631225586, 58.82564163208008, 199.61825561523438, 120.65133666992188, 0.7419968843460083, 16.573760986328125, 46.15571212768555], [-734.113525390625, -275.95989990234375, 324.6163330078125, 257.0614013671875, 60.36540222167969, 153.82659912109375, 60.291839599609375, 16.938993453979492, 120.65133666992188, 278.6900329589844, 29.24339485168457, 24.032756805419922, 18.42467498779297], [-74.33988952636719, 33.160308837890625, -10.55004596710205, -30.321317672729492, -36.27096939086914, 15.815947532653809, 75.92681884765625, 7.388069152832031, 0.7419968843460083, 29.24339485168457, 125.7711181640625, 52.354488372802734, -6.791529655456543], [-419.6122131347656, -60.868896484375, 181.45639038085938, 87.77508544921875, 14.110404968261719, 13.282508850097656, 35.40644454956055, 24.293991088867188, 16.573760986328125, 24.032756805419922, 52.354488372802734, 147.99082946777344, 58.00419235229492], [-271.2259216308594, -49.605987548828125, 89.3873519897461, 151.58409118652344, 20.273603439331055, -22.77781867980957, -36.513458251953125, 17.92344856262207, 46.15571212768555, 18.42467498779297, -6.791529655456543, 58.00419235229492, 123.54534912109375]], "lowlevel.gfcc.icov": [[0.0003355295048095286, 0.0001401210465701297, 0.00031866366043686867, 0.00013560430670622736, 0.000616620120126754, 5.286662144499132e-06, 0.0006844464223831892, -0.00013522167864721268, 0.00010686101450119168, 0.00017510798352304846, -0.00011208654177607968, 0.000198146648472175, 0.0003523929335642606], [0.0001401210465701297, 0.0015804836293682456, -0.0008507333695888519, 0.001246499945409596, -0.001956106163561344, 0.00186729256529361, -0.0009087154758162796, 0.0017895707860589027, -0.0012638409389182925, 0.0018592767883092165, -0.0017666242783889174, 0.0020283879712224007, -0.0006891436642035842], [0.00031866366043686867, -0.0008507333695888519, 0.0029069071169942617, -0.0015177555615082383, 0.001738151302561164, -0.001442936947569251, 0.0007736191037110984, -0.00098894233815372, 0.002116705756634474, -0.0026629813946783543, 0.0026679604779928923, -0.0034273634664714336, 0.00130000791978091], [0.00013560430670622736, 0.001246499945409596, -0.0015177555615082383, 0.002762441523373127, -0.0012155360309407115, 0.001384720322676003, -0.00045563120511360466, 0.0022645380813628435, -0.0017731471452862024, 0.001133649842813611, -0.0013616076903417706, 0.002168217906728387, -0.0021009366028010845], [0.000616620120126754, -0.001956106163561344, 0.001738151302561164, -0.0012155360309407115, 0.006420508958399296, -0.002598292427137494, 0.0033969618380069733, -0.004128772299736738, 0.0025032858829945326, -0.002942813793197274, 0.0028924632351845503, -0.0024703836534172297, 0.0016949133714661002], [5.286662144499132e-06, 0.00186729256529361, -0.001442936947569251, 0.001384720322676003, -0.002598292427137494, 0.009459520690143108, -0.005315537564456463, 0.003982256632298231, -0.002286044880747795, -0.0006886444170959294, 9.709891310194507e-05, 0.0020268834196031094, 0.0001385309878969565], [0.0006844464223831892, -0.0009087154758162796, 0.0007736191037110984, -0.00045563120511360466, 0.0033969618380069733, -0.005315537564456463, 0.008539351634681225, -0.007018916308879852, 0.005138644017279148, -0.0008696065051481128, -0.002280697925016284, 5.26477160747163e-05, 0.00120147957932204], [-0.00013522167864721268, 0.0017895707860589027, -0.00098894233815372, 0.0022645380813628435, -0.004128772299736738, 0.003982256632298231, -0.007018916308879852, 0.013731463812291622, -0.008019717410206795, 0.0033559806179255247, 0.000527070602402091, 0.0006672596209682524, -0.002084743697196245], [0.00010686101450119168, -0.0012638409389182925, 0.002116705756634474, -0.0017731471452862024, 0.0025032858829945326, -0.002286044880747795, 0.005138644017279148, -0.008019717410206795, 0.014205929823219776, -0.007726738695055246, 0.001043798285536468, -0.0020550801418721676, -0.0009115472785197198], [0.00017510798352304846, 0.0018592767883092165, -0.0026629813946783543, 0.001133649842813611, -0.002942813793197274, -0.0006886444170959294, -0.0008696065051481128, 0.0033559806179255247, -0.007726738695055246, 0.012488859705626965, -0.005633732303977013, 0.004782634787261486, -0.00025216146605089307], [-0.00011208654177607968, -0.0017666242783889174, 0.0026679604779928923, -0.0013616076903417706, 0.0028924632351845503, 9.709891310194507e-05, -0.002280697925016284, 0.000527070602402091, 0.001043798285536468, -0.005633732303977013, 0.015826797112822533, -0.009439600631594658, 0.003329750383272767], [0.000198146648472175, 0.0020283879712224007, -0.0034273634664714336, 0.002168217906728387, -0.0024703836534172297, 0.0020268834196031094, 5.26477160747163e-05, 0.0006672596209682524, -0.0020550801418721676, 0.004782634787261486, -0.009439600631594658, 0.0162793155759573, -0.006340749561786652], [0.0003523929335642606, -0.0006891436642035842, 0.00130000791978091, -0.0021009366028010845, 0.0016949133714661002, 0.0001385309878969565, 0.00120147957932204, -0.002084743697196245, -0.0009115472785197198, -0.00025216146605089307, 0.003329750383272767, -0.006340749561786652, 0.014171390794217587]], "lowlevel.mfcc.cov": [[14295.8837890625, -1972.70068359375, -1793.4415283203125, -1545.3238525390625, -562.38037109375, -1337.357421875, -1437.7427978515625, -425.1437072753906, -913.4338989257812, -322.9693908691406, -352.3372497558594, -704.6461181640625, 119.89857482910156], [-1972.70068359375, 3557.273681640625, -1032.5452880859375, -395.4222412109375, 327.271728515625, -418.90869140625, 259.78961181640625, 251.95956420898438, -169.23577880859375, 2.664703845977783, -39.30465316772461, -262.2661437988281, 113.04206085205078], [-1793.4415283203125, -1032.5452880859375, 1463.496826171875, 612.5996704101562, -107.87109375, 529.3228149414062, 141.98724365234375, -121.69327545166016, 216.6676025390625, -80.79631042480469, 8.810257911682129, 328.0491027832031, -103.67644500732422], [-1545.3238525390625, -395.4222412109375, 612.5996704101562, 821.8029174804688, 260.2268371582031, 263.0439147949219, -34.06415557861328, -112.6438217163086, 158.58706665039062, -28.085676193237305, -71.78026580810547, 142.74244689941406, -15.169058799743652], [-562.38037109375, 327.271728515625, -107.87109375, 260.2268371582031, 538.8224487304688, 24.56766128540039, -196.5565643310547, -120.36695098876953, 39.185691833496094, 37.193450927734375, -76.01541137695312, -55.755523681640625, 75.2187271118164], [-1337.357421875, -418.90869140625, 529.3228149414062, 263.0439147949219, 24.56766128540039, 458.1426086425781, 161.08270263671875, -86.63812255859375, 131.70672607421875, 57.42765808105469, 89.07148742675781, 155.61029052734375, -76.48188781738281], [-1437.7427978515625, 259.78961181640625, 141.98724365234375, -34.06415557861328, -196.5565643310547, 161.08270263671875, 469.5234069824219, 194.408447265625, 71.42913055419922, 47.46951675415039, 106.25543212890625, 90.57454681396484, -74.985595703125], [-425.1437072753906, 251.95956420898438, -121.69327545166016, -112.6438217163086, -120.36695098876953, -86.63812255859375, 194.408447265625, 270.3306884765625, 25.11046600341797, -10.251648902893066, 26.7689266204834, -3.6059200763702393, 3.395101547241211], [-913.4338989257812, -169.23577880859375, 216.6676025390625, 158.58706665039062, 39.185691833496094, 131.70672607421875, 71.42913055419922, 25.11046600341797, 266.6645812988281, 79.71543884277344, 33.70396423339844, 96.77349090576172, -29.454273223876953], [-322.9693908691406, 2.664703845977783, -80.79631042480469, -28.085676193237305, 37.193450927734375, 57.42765808105469, 47.46951675415039, -10.251648902893066, 79.71543884277344, 190.16729736328125, 90.53621673583984, 16.167476654052734, -9.490647315979004], [-352.3372497558594, -39.30465316772461, 8.810257911682129, -71.78026580810547, -76.01541137695312, 89.07148742675781, 106.25543212890625, 26.7689266204834, 33.70396423339844, 90.53621673583984, 211.8213348388672, 76.20059967041016, -42.04453659057617], [-704.6461181640625, -262.2661437988281, 328.0491027832031, 142.74244689941406, -55.755523681640625, 155.61029052734375, 90.57454681396484, -3.6059200763702393, 96.77349090576172, 16.167476654052734, 76.20059967041016, 211.01922607421875, -2.014819622039795], [119.89857482910156, 113.04206085205078, -103.67644500732422, -15.169058799743652, 75.2187271118164, -76.48188781738281, -74.985595703125, 3.395101547241211, -29.454273223876953, -9.490647315979004, -42.04453659057617, -2.014819622039795, 156.18136596679688]], "lowlevel.mfcc.icov": [[0.0003161739732604474, 0.00026317956508137286, 0.00021200694027356803, 0.0003412798687350005, 0.0002613822289276868, 0.00042382991523481905, 0.0005040083779022098, 0.00033349834848195314, 0.0003679076617117971, 0.0001500771177234128, 0.000169529186678119, 0.0001286311016883701, 0.0001828717504395172], [0.00026317956508137286, 0.0007645650184713304, 0.0003168775874655694, 0.0004364086198620498, -0.0005002615507692099, 0.0009053966496139765, -0.0005565377650782466, 0.0004755289701279253, 0.0003693999897222966, 0.00043042341712862253, 3.448922871029936e-05, 0.0002736933238338679, 1.271227029064903e-05], [0.00021200694027356803, 0.0003168775874655694, 0.0024843153078109026, -0.0006565778749063611, 0.0010005728108808398, -0.0013275446835905313, 0.0003896607959177345, 0.0005826270789839327, -0.00024162264890037477, 0.0012982786865904927, 0.0008616361883468926, -0.0015253578312695026, 0.0004812986881006509], [0.0003412798687350005, 0.0004364086198620498, -0.0006565778749063611, 0.003160699037835002, -0.0014627021737396717, 0.0004664546868298203, 0.0002668987726792693, 0.00035139251849614084, 4.0162078221328557e-05, 0.0004429674590937793, 0.0010299573186784983, -0.000692394154611975, 0.0006494767731055617], [0.0002613822289276868, -0.0005002615507692099, 0.0010005728108808398, -0.0014627021737396717, 0.004931396339088678, -0.0015946667408570647, 0.0027347365394234657, 0.00041294092079624534, -0.0004196430672891438, -0.000744679884519428, 0.0006212202133610845, 0.001011731568723917, -0.001112448750063777], [0.00042382991523481905, 0.0009053966496139765, -0.0013275446835905313, 0.0004664546868298203, -0.0015946667408570647, 0.007788501214236021, -0.0031469145324081182, 0.0036007531452924013, -5.192294793232577e-06, -0.00011865614214912057, -0.0014619742287322879, 8.31236393423751e-05, 0.000775549269746989], [0.0005040083779022098, -0.0005565377650782466, 0.0003896607959177345, 0.0002668987726792693, 0.0027347365394234657, -0.0031469145324081182, 0.008201351389288902, -0.004359760787338018, 0.0011712128762155771, -0.0014475458301603794, 0.000700031581800431, -0.0010085060494020581, 0.001783111714757979], [0.00033349834848195314, 0.0004755289701279253, 0.0005826270789839327, 0.00035139251849614084, 0.00041294092079624534, 0.0036007531452924013, -0.004359760787338018, 0.009047633036971092, -0.0018703821115195751, 0.0023374618031084538, -0.0009293794282712042, 0.0010423208586871624, -0.001352229854092002], [0.0003679076617117971, 0.0003693999897222966, -0.00024162264890037477, 4.0162078221328557e-05, -0.0004196430672891438, -5.192294793232577e-06, 0.0011712128762155771, -0.0018703821115195751, 0.00707006361335516, -0.003226108383387327, 0.0015529055381193757, -0.0021460417192429304, 0.0016239099204540253], [0.0001500771177234128, 0.00043042341712862253, 0.0012982786865904927, 0.0004429674590937793, -0.000744679884519428, -0.00011865614214912057, -0.0014475458301603794, 0.0023374618031084538, -0.003226108383387327, 0.009734363295137882, -0.003673339495435357, 0.0013211939949542284, -0.0009558822494000196], [0.000169529186678119, 3.448922871029936e-05, 0.0008616361883468926, 0.0010299573186784983, 0.0006212202133610845, -0.0014619742287322879, 0.000700031581800431, -0.0009293794282712042, 0.0015529055381193757, -0.003673339495435357, 0.009246748872101307, -0.00424859719350934, 0.0023621765431016684], [0.0001286311016883701, 0.0002736933238338679, -0.0015253578312695026, -0.000692394154611975, 0.001011731568723917, 8.31236393423751e-05, -0.0010085060494020581, 0.0010423208586871624, -0.0021460417192429304, 0.0013211939949542284, -0.00424859719350934, 0.01138726994395256, -0.003651346080005169], [0.0001828717504395172, 1.271227029064903e-05, 0.0004812986881006509, 0.0006494767731055617, -0.001112448750063777, 0.000775549269746989, 0.001783111714757979, -0.001352229854092002, 0.0016239099204540253, -0.0009558822494000196, 0.0023621765431016684, -0.003651346080005169, 0.009273822419345379]], "metadata.audio_properties.analysis.downmix": "mix", "metadata.audio_properties.codec": "mp3", "metadata.audio_properties.md5_encoded": "62a963892bbbb9104c5f1b395c750fd4", "metadata.tags.file_name": "1182263196338368572.mp3", "metadata.version.essentia": "2.1-beta6-dev", "metadata.version.essentia_git_sha": "v2.1_beta5-1110-g77a6a954", "metadata.version.extractor": "music 2.0", "tonal.chords_key"