{"song_id": "1182277060333408326", "download": "https://cdn.discordapp.com/attachments/1128313332273782784/1182277060333408326/chirp.mp4?ex=65841c50&amp", "lyrics": "[Instrumental introduction]\n[verse 1]\n\u042f \u043d\u0430\u0432\u0441\u0435\u0433\u0434\u0430 \u0437\u0430\u043f\u043e\u043c\u043d\u044e \u043d\u043e\u0447\u044c,\n\u041a\u043e\u0433\u0434\u0430 \u0432\u0441\u0451 \u044d\u0442\u043e \u043d\u0430\u0447\u0430\u043b\u043e\u0441\u044c\n\u041f\u043e\u0434 \u0443\u0442\u0440\u043e \u044f \u0441 \u0443\u043c\u0430 \u0441\u043e\u0448\u043b\u0430\n\u0417\u0430\u0447\u0435\u043c \u0436\u0435 \u044f \u0442\u0435\u0431\u044f \u043d\u0430\u0448\u043b\u0430!?", "style": ["Joyful positive instrumental pop electronica"], "essentia_features": {"lowlevel.average_loudness": 0.9590257406234741, "lowlevel.barkbands_crest.mean": 10.416238784790039, "lowlevel.barkbands_crest.stdev": 3.3440823554992676, "lowlevel.barkbands_flatness_db.mean": 0.2155507653951645, "lowlevel.barkbands_flatness_db.stdev": 0.052461497485637665, "lowlevel.barkbands_kurtosis.mean": 3.0173449516296387, "lowlevel.barkbands_kurtosis.stdev": 3.988638401031494, "lowlevel.barkbands_skewness.mean": 1.3584709167480469, "lowlevel.barkbands_skewness.stdev": 0.8305665254592896, "lowlevel.barkbands_spread.mean": 15.10200309753418, "lowlevel.barkbands_spread.stdev": 16.281932830810547, "lowlevel.dissonance.mean": 0.4149373769760132, "lowlevel.dissonance.stdev": 0.03461116924881935, "lowlevel.dynamic_complexity": 2.3349757194519043, "lowlevel.erbbands_crest.mean": 10.658683776855469, "lowlevel.erbbands_crest.stdev": 4.354086875915527, "lowlevel.erbbands_flatness_db.mean": 0.2586095333099365, "lowlevel.erbbands_flatness_db.stdev": 0.06022687628865242, "lowlevel.erbbands_kurtosis.mean": 0.8286230564117432, "lowlevel.erbbands_kurtosis.stdev": 2.614569902420044, "lowlevel.erbbands_skewness.mean": 0.5605460405349731, "lowlevel.erbbands_skewness.stdev": 0.7030581831932068, "lowlevel.erbbands_spread.mean": 26.95262336730957, "lowlevel.erbbands_spread.stdev": 23.59423065185547, "lowlevel.hfc.mean": 20.998779296875, "lowlevel.hfc.stdev": 23.64936065673828, "lowlevel.loudness_ebu128.integrated": -18.96417236328125, "lowlevel.loudness_ebu128.loudness_range": 2.524507522583008, "lowlevel.loudness_ebu128.momentary.mean": -19.612245559692383, "lowlevel.loudness_ebu128.momentary.stdev": 2.386148691177368, "lowlevel.loudness_ebu128.short_term.mean": -19.12041664123535, "lowlevel.loudness_ebu128.short_term.stdev": 0.9851930141448975, "lowlevel.melbands_crest.mean": 14.004573822021484, "lowlevel.melbands_crest.stdev": 4.322209358215332, "lowlevel.melbands_flatness_db.mean": 0.2603183686733246, "lowlevel.melbands_flatness_db.stdev": 0.06958817690610886, "lowlevel.melbands_kurtosis.mean": 6.797880172729492, "lowlevel.melbands_kurtosis.stdev": 6.7891082763671875, "lowlevel.melbands_skewness.mean": 1.9803760051727295, "lowlevel.melbands_skewness.stdev": 0.9735073447227478, "lowlevel.melbands_spread.mean": 18.670541763305664, "lowlevel.melbands_spread.stdev": 21.066591262817383, "lowlevel.pitch_salience.mean": 0.5732970833778381, "lowlevel.pitch_salience.stdev": 0.08694746345281601, "lowlevel.silence_rate_20dB.mean": 1.0, "lowlevel.silence_rate_20dB.stdev": 0.0, "lowlevel.silence_rate_30dB.mean": 1.0, "lowlevel.silence_rate_30dB.stdev": 0.0, "lowlevel.silence_rate_60dB.mean": 0.0014947683084756136, "lowlevel.silence_rate_60dB.stdev": 0.03863295167684555, "lowlevel.spectral_centroid.mean": 917.300048828125, "lowlevel.spectral_centroid.stdev": 493.6661071777344, "lowlevel.spectral_complexity.mean": 13.466367721557617, "lowlevel.spectral_complexity.stdev": 3.402822732925415, "lowlevel.spectral_decrease.mean": -4.770464467895863e-09, "lowlevel.spectral_decrease.stdev": 3.9201601964578e-09, "lowlevel.spectral_energy.mean": 0.019909482449293137, "lowlevel.spectral_energy.stdev": 0.01606237329542637, "lowlevel.spectral_energyband_high.mean": 0.0008143059094436467, "lowlevel.spectral_energyband_high.stdev": 0.002323159947991371, "lowlevel.spectral_energyband_low.mean": 0.00022226659348234534, "lowlevel.spectral_energyband_low.stdev": 0.00036519343848340213, "lowlevel.spectral_energyband_middle_high.mean": 0.006552200298756361, "lowlevel.spectral_energyband_middle_high.stdev": 0.010841299779713154, "lowlevel.spectral_energyband_middle_low.mean": 0.012866243720054626, "lowlevel.spectral_energyband_middle_low.stdev": 0.009391755796968937, "lowlevel.spectral_entropy.mean": 6.914688587188721, "lowlevel.spectral_entropy.stdev": 0.5383661985397339, "lowlevel.spectral_flux.mean": 0.04957541823387146, "lowlevel.spectral_flux.stdev": 0.03537798672914505, "lowlevel.spectral_kurtosis.mean": 12.98422622680664, "lowlevel.spectral_kurtosis.stdev": 11.906914710998535, "lowlevel.spectral_rms.mean": 0.0041327704675495625, "lowlevel.spectral_rms.stdev": 0.0015310368034988642, "lowlevel.spectral_rolloff.mean": 1887.4859619140625, "lowlevel.spectral_rolloff.stdev": 2303.364013671875, "lowlevel.spectral_skewness.mean": 2.547494888305664, "lowlevel.spectral_skewness.stdev": 1.0187267065048218, "lowlevel.spectral_spread.mean": 4367521.0, "lowlevel.spectral_spread.stdev": 3425297.25, "lowlevel.spectral_strongpeak.mean": 1.697500467300415, "lowlevel.spectral_strongpeak.stdev": 1.651258111000061, "lowlevel.zerocrossingrate.mean": 0.06405315548181534, "lowlevel.zerocrossingrate.stdev": 0.05789818614721298, "metadata.audio_properties.analysis.equal_loudness": 0.0, "metadata.audio_properties.analysis.length": 15.509319305419922, "metadata.audio_properties.analysis.sample_rate": 44100.0, "metadata.audio_properties.analysis.start_time": 0.0, "metadata.audio_properties.bit_rate": 117136.0, "metadata.audio_properties.length": 15.509333610534668, "metadata.audio_properties.lossless": 0.0, "metadata.audio_properties.number_channels": 1.0, "metadata.audio_properties.replay_gain": -9.016319274902344, "metadata.audio_properties.sample_rate": 48000.0, "rhythm.beats_count": 35.0, "rhythm.beats_loudness.mean": 0.024911217391490936, "rhythm.beats_loudness.stdev": 0.017492327839136124, "rhythm.bpm": 136.0440673828125, "rhythm.bpm_histogram_first_peak_bpm": 136.0, "rhythm.bpm_histogram_first_peak_weight": 0.4761905074119568, "rhythm.bpm_histogram_second_peak_bpm": 144.0, "rhythm.bpm_histogram_second_peak_spread": 0.3333333730697632, "rhythm.bpm_histogram_second_peak_weight": 0.23529411852359772, "rhythm.danceability": 1.252550482749939, "rhythm.onset_rate": 3.3499672412872314, "tonal.chords_changes_rate": 0.035820893943309784, "tonal.chords_number_rate": 0.014925372786819935, "tonal.chords_strength.mean": 0.5514354109764099, "tonal.chords_strength.stdev": 0.0956464558839798, "tonal.hpcp_crest.mean": 16.204620361328125, "tonal.hpcp_crest.stdev": 4.3325395584106445, "tonal.hpcp_entropy.mean": 1.4687533378601074, "tonal.hpcp_entropy.stdev": 0.4115338623523712, "tonal.key_edma.strength": 0.7093594074249268, "tonal.key_krumhansl.strength": 0.7243032455444336, "tonal.key_temperley.strength": 0.7419016361236572, "tonal.tuning_diatonic_strength": 0.5776042938232422, "tonal.tuning_equal_tempered_deviation": 0.0021007154136896133, "tonal.tuning_frequency": 440.5086364746094, "tonal.tuning_nontempered_energy_ratio": 0.588623046875, "lowlevel.barkbands.mean": [1.230313955602469e-06, 4.689987235906301e-06, 0.00016803872131276876, 6.896870763739571e-05, 0.0012907434720546007, 0.002706015482544899, 0.0035618615802377462, 0.003301782999187708, 0.0009990204125642776, 0.001198376645334065, 0.0016591873718425632, 0.0016022968338802457, 0.0008789975545369089, 0.0007914557936601341, 0.00048088509356603026, 0.00016118306666612625, 7.221061241580173e-05, 4.186120713711716e-05, 8.03149159764871e-05, 6.655370816588402e-05, 5.812476229039021e-05, 6.620195199502632e-05, 0.000120231241453439, 0.00027709364076144993, 0.00021127831132616848, 4.066254768986255e-05, 2.393440183823259e-07], "lowlevel.barkbands.stdev": [2.197552248617285e-06, 6.60783643979812e-06, 0.0002862078254111111, 9.47837543208152e-05, 0.0015387216117233038, 0.0021511123050004244, 0.003261660458520055, 0.005690221209079027, 0.0035675757098942995, 0.0038129943422973156, 0.005243522580713034, 0.0054644010961055756, 0.001951373997144401, 0.0024197150487452745, 0.000798860564827919, 0.0003541226324159652, 0.0001267269253730774, 0.00010559249494690448, 0.00014590087812393904, 0.00015764808631502092, 0.0002247350348625332, 0.0003395820676814765, 0.0004853410937357694, 0.0009313858463428915, 0.0007022015633992851, 0.00013006366498302668, 1.2293572808630415e-06], "lowlevel.erbbands.mean": [0.00012889289064332843, 0.0033717425540089607, 0.11358673125505447, 0.3063778579235077, 0.362488716840744, 4.837365627288818, 13.935591697692871, 23.10662841796875, 59.71761703491211, 70.23714447021484, 34.78147888183594, 27.96942138671875, 46.8967399597168, 16.842782974243164, 94.52799224853516, 71.2783203125, 47.7238883972168, 43.405113220214844, 27.160558700561523, 17.200105667114258, 7.373147487640381, 3.417243003845215, 2.445366621017456, 4.403708457946777, 3.0570387840270996, 3.0824782848358154, 2.99765682220459, 2.065117359161377, 2.4445369243621826, 2.2925000190734863, 3.469015598297119, 4.431185245513916, 5.577807426452637, 3.240710973739624, 0.9149214625358582, 0.2716344892978668, 0.05814546346664429, 0.0050589293241500854, 0.0001248400949407369, 3.2629141060169786e-05], "lowlevel.erbbands.stdev": [0.00014266018115449697, 0.004529357422143221, 0.18778637051582336, 0.4755312502384186, 0.4442959725856781, 6.825325965881348, 12.752457618713379, 17.11871337890625, 46.39513397216797, 97.05266571044922, 66.709228515625, 96.37213897705078, 153.5258026123047, 31.293214797973633, 281.90283203125, 225.84255981445312, 100.2065658569336, 135.4282989501953, 43.52719497680664, 25.39352035522461, 14.215453147888184, 5.321599006652832, 4.938728332519531, 9.06737232208252, 5.804454326629639, 7.337644577026367, 9.909358978271484, 9.66674518585205, 12.731928825378418, 11.703916549682617, 13.820215225219727, 15.070117950439453, 19.134418487548828, 10.550285339355469, 3.1933343410491943, 0.9395828247070312, 0.17915572226047516, 0.01564463973045349, 0.0003349377657286823, 3.317046503070742e-05], "lowlevel.gfcc.mean": [-64.56597137451172, 105.30613708496094, -151.46011352539062, -37.28541564941406, -75.98458862304688, -9.916120529174805, -69.80669403076172, -4.266347408294678, -35.91319274902344, 11.45513916015625, 4.116578578948975, -13.892621994018555, -3.7603163719177246], "lowlevel.melbands.mean": [1.0783838888528408e-06, 4.446065577212721e-05, 4.913891098112799e-05, 0.000148761086165905, 0.00046458732686005533, 0.0005411457386799157, 0.0008756101597100496, 0.0008151133079081774, 0.00022993960010353476, 0.00017325766384601593, 0.00022749077470507473, 4.653958967537619e-05, 0.0002601032902020961, 0.00024637632304802537, 0.00011223078035982326, 7.956669287523255e-05, 8.685693319421262e-05, 4.186688966001384e-05, 3.5855817259289324e-05, 1.6425163266831078e-05, 6.622317414439749e-06, 3.879635642078938e-06, 2.411786681477679e-06, 2.2227654881135095e-06, 3.8311213756969664e-06, 2.408032059975085e-06, 1.8196783457824495e-06, 2.123324748026789e-06, 2.0571035292960005e-06, 1.3862389778296347e-06, 1.1389349765522638e-06, 1.4396433698493638e-06, 1.2163800420239568e-06, 1.3222294228398823e-06, 1.7380416466039605e-06, 2.7057026272814255e-06, 2.6781135602504946e-06, 4.13165844292962e-06, 3.616033154685283e-06, 2.447591896270751e-06], "lowlevel.melbands.stdev": [1.2792970665032044e-06, 7.339346484513953e-05, 6.751179171260446e-05, 0.00021281818044371903, 0.00041087609133683145, 0.0004193495260551572, 0.0007110770675353706, 0.0012349433964118361, 0.0005178117426112294, 0.0006006158655509353, 0.000761822855565697, 9.222222433891147e-05, 0.0008275539148598909, 0.0007513561868108809, 0.00020639428112190217, 0.00020225733169354498, 0.000298510305583477, 7.238236139528453e-05, 6.933430267963558e-05, 3.085162097704597e-05, 1.2531451830000151e-05, 7.001685844443273e-06, 4.822728897124762e-06, 5.669904567184858e-06, 8.309219992952421e-06, 5.575413979386212e-06, 3.4105223676306196e-06, 5.6792350733303465e-06, 6.656550795014482e-06, 5.695877462130738e-06, 5.857974883838324e-06, 7.756664672342595e-06, 6.0747079260181636e-06, 7.2009679570328444e-06, 8.035553946683649e-06, 9.380032679473516e-06, 9.272606803278904e-06, 1.524239360151114e-05, 1.0987497262249235e-05, 8.473200978187378e-06], "lowlevel.melbands128.mean": [5.070210704616329e-07, 6.861130827928719e-07, 1.0033145372290164e-06, 2.385724201303674e-06, 2.8374388421070762e-05, 0.0001024193552439101, 7.001463382039219e-05, 2.6075207642861642e-05, 2.4291903173434548e-05, 4.670603448175825e-05, 0.0002677227894309908, 0.0005447160801850259, 0.0005147307529114187, 0.00038546131690964103, 0.00038207173929549754, 0.0007582131074741483, 0.0008705327054485679, 0.001181233674287796, 0.00046550194383598864, 0.0007496209582313895, 0.001228385022841394, 0.0002759080089163035, 0.00010238608228974044, 0.00010398172889836133, 0.000212008148082532, 0.00016399842570535839, 0.0001695728860795498, 0.0003958531597163528, 8.786955731920898e-05, 4.806811557500623e-05, 3.055702109122649e-05, 3.517759250826202e-05, 0.00025267788441851735, 0.0005256413132883608, 0.00016054748266469687, 0.00026769525720737875, 0.0001976721250684932, 1.8335087588639e-05, 0.00014047257718630135, 0.00013365771155804396, 5.1503146096365526e-05, 2.1453552108141594e-05, 9.613179281586781e-05, 0.00013864524953532964, 2.3798651454853825e-05, 2.6172636353294365e-05, 4.8007954319473356e-05, 5.6593340559629723e-05, 1.605613942956552e-05, 1.757048084982671e-05, 1.714778227324132e-05, 1.792789225874003e-05, 3.0721864732186077e-06, 4.105041170987533e-06, 7.316189567063702e-06, 2.9556256322393892e-06, 1.7726780470184167e-06, 3.7222059745545266e-06, 1.9465794593998e-06, 1.594565219420474e-06, 1.963677050298429e-06, 2.2148137759359088e-06, 5.831959697388811e-06, 3.6565206755767576e-06, 1.451937237106904e-06, 3.437830173425027e-06, 1.9006116644959548e-06, 1.8884294377130573e-06, 1.7475900904173614e-06, 1.9233527837059228e-06, 1.8598124142954475e-06, 2.5532060590194305e-06, 2.2764775167161133e-06, 2.0262682483007666e-06, 1.8100696479450562e-06, 1.2190146208013175e-06, 1.4541094515152508e-06, 9.561312026562518e-07, 1.0055692882815492e-06, 1.2844243428844493e-06, 1.7102125866585993e-06, 1.370578615933482e-06, 1.276290277019143e-06, 1.3550929907069076e-06, 9.02310546280205e-07, 1.2695686564256903e-06, 1.3633509752253303e-06, 1.6130205722220126e-06, 1.6640320836813771e-06, 1.779841340976418e-06, 2.6306101972295437e-06, 3.260184712416958e-06, 2.47814250542433e-06, 1.9334288481331896e-06, 3.201693061782862e-06, 4.222498318995349e-06, 4.864818038186058e-06, 3.282079205746413e-06, 3.770976718442398e-06, 3.8144323752931086e-06, 2.653485580594861e-06, 2.4124954052240355e-06, 1.8801885062202928e-06, 1.3106455298839137e-06, 7.073524557199562e-07, 7.404847792713554e-07, 7.103856205503689e-07, 6.329125881165965e-07, 4.820959702556138e-07, 2.517383563827025e-07, 2.424260969746683e-07, 1.830290727866668e-07, 2.0016589985516475e-07, 1.3502996409897605e-07, 1.0204320943785206e-07, 3.807537041211617e-08, 1.044827335761056e-08, 1.447792580266949e-10, 3.8884260394889125e-12, 3.757561969908174e-12, 3.6449701763807685e-12, 3.5548382813777035e-12, 3.4880113120722145e-12, 3.4134403203295305e-12, 3.300418965901386e-12, 3.1553713635001923e-12, 3.070309414696104e-12, 3.0438568332513682e-12], "lowlevel.melbands128.stdev": [9.630725799070206e-07, 1.0977502142850426e-06, 1.3999330121805542e-06, 4.2028068492072634e-06, 4.5465272705769166e-05, 0.00017673353431746364, 0.00011756570165744051, 3.8431371649494395e-05, 4.514531610766426e-05, 7.965579425217584e-05, 0.0004632858035620302, 0.0006598354666493833, 0.0006536346045322716, 0.0002855899219866842, 0.0004265365714672953, 0.0008883438422344625, 0.0006864168681204319, 0.0015214153099805117, 0.0005410386947914958, 0.0011570152128115296, 0.0022824218031018972, 0.0006346525042317808, 0.0006209973362274468, 0.0007430564146488905, 0.0009941559983417392, 0.000748175079934299, 0.0007022004574537277, 0.0014571782667189837, 0.0002832499158103019, 9.408770711161196e-05, 0.00012348030577413738, 0.0001619601243874058, 0.0011454629711806774, 0.0017475872300565243, 0.0008220183663070202, 0.0013943095691502094, 0.0005736227612942457, 6.833587394794449e-05, 0.00027644733199849725, 0.0004544043040368706, 0.00022379308938980103, 6.765514990547672e-05, 0.0005384272080846131, 0.0003521028847899288, 0.0001015301895677112, 8.246936340583488e-05, 0.00010642595589160919, 0.00015093960973899812, 5.242829502094537e-05, 2.792035593301989e-05, 4.274817183613777e-05, 5.616094858851284e-05, 6.351719093800057e-06, 9.053215762833133e-06, 1.9601924577727914e-05, 5.954753305559279e-06, 3.4024551496258937e-06, 8.434491064690519e-06, 5.450408025353681e-06, 4.364978849480394e-06, 5.283382051857188e-06, 1.1754657862184104e-05, 1.4847128113615327e-05, 8.34704678709386e-06, 3.450180429354077e-06, 1.0419152204121929e-05, 5.283732207317371e-06, 4.31664284405997e-06, 3.946219749195734e-06, 4.349442860984709e-06, 6.015628514433047e-06, 8.08379627414979e-06, 8.350729331141338e-06, 6.983547336858464e-06, 7.73747615312459e-06, 5.473916644405108e-06, 7.2753223321342375e-06, 4.692323727795156e-06, 5.867650543223135e-06, 7.65984532336006e-06, 9.898286407405976e-06, 7.664349141123239e-06, 7.22657932783477e-06, 7.024762908258708e-06, 5.0506723709986545e-06, 7.748440111754462e-06, 7.691227438044734e-06, 8.5925848907209e-06, 9.799851795833092e-06, 7.075053417793242e-06, 9.490807315160055e-06, 1.1694944987539202e-05, 9.607440915715415e-06, 7.745266884739976e-06, 1.1305477528367192e-05, 1.709945900074672e-05, 1.9547318515833467e-05, 1.0908322110481095e-05, 1.1345663551765028e-05, 1.2359418178675696e-05, 9.01847397472011e-06, 9.242940905096475e-06, 7.024567821645178e-06, 4.830507350561675e-06, 2.7969890652457252e-06, 2.9377511054917704e-06, 2.4975015548989177e-06, 2.5868073407764314e-06, 1.929486188601004e-06, 8.830161277728621e-07, 9.911530014505843e-07, 5.970015308776055e-07, 6.815674282734108e-07, 4.255157080024219e-07, 3.644400123903324e-07, 1.513187299906349e-07, 4.9143725533440374e-08, 1.045921904641034e-09, 6.10451099392062e-12, 5.914249992522436e-12, 5.7522498049522586e-12, 5.611927589299626e-12, 5.494714058751349e-12, 5.391411709437799e-12, 5.303161122044431e-12, 5.234887176519543e-12, 5.1862069326558125e-12, 5.15637445935857e-12], "lowlevel.mfcc.mean": [-706.1516723632812, 157.7926788330078, -30.33524513244629, -34.103580474853516, 0.02106800489127636, -32.44245910644531, -5.704325199127197, -44.18142318725586, -23.561931610107422, -6.787562847137451, -15.150712013244629, 6.552293300628662, 1.1939945220947266], "lowlevel.spectral_contrast_coeffs.mean": [-0.5652117133140564, -0.629158616065979, -0.6805489659309387, -0.7249054908752441, -0.7866169810295105, -0.7711004018783569], "lowlevel.spectral_contrast_coeffs.stdev": [0.0705908015370369, 0.05874470993876457, 0.06759634613990784, 0.046847086399793625, 0.04028194025158882, 0.058176327496767044], "lowlevel.spectral_contrast_valleys.mean": [-8.626587867736816, -6.840692043304443, -7.877651691436768, -7.996206283569336, -8.61075496673584, -11.662184715270996], "lowlevel.spectral_contrast_valleys.stdev": [0.7602741718292236, 0.5693605542182922, 0.6101408004760742, 0.5239294767379761, 0.8935879468917847, 1.6616508960723877], "rhythm.beats_loudness_band_ratio.mean": [0.01567002385854721, 0.2626653015613556, 0.39979955554008484, 0.22428369522094727, 0.055856622755527496, 0.12062063068151474], "rhythm.beats_loudness_band_ratio.stdev": [0.02027963474392891, 0.19501252472400665, 0.18862949311733246, 0.16074633598327637, 0.044817108660936356, 0.19945041835308075], "tonal.hpcp.mean": [0.4120265543460846, 0.2120489776134491, 0.023507580161094666, 0.020918328315019608, 0.004416757263243198, 0.03448532521724701, 0.07704264670610428, 0.07398748397827148, 0.26757970452308655, 0.5258289575576782, 0.32691073417663574, 0.04704025760293007, 0.016671953722834587, 0.013947265222668648, 0.14917345345020294, 0.2749205231666565, 0.13440358638763428, 0.007472882512956858, 0.0073983087204396725, 0.005263469181954861, 0.07685305923223495, 0.1726645827293396, 0.1125440001487732, 0.06983674317598343, 0.1012117862701416, 0.05267416685819626, 0.014858638867735863, 0.01549178920686245, 0.014060772024095058, 0.20403388142585754, 0.4067682921886444, 0.22184528410434723, 0.01734335534274578, 0.007982897572219372, 0.005793922580778599, 0.20812256634235382], "tonal.hpcp.stdev": [0.4194414019584656, 0.20758949220180511, 0.05485205352306366, 0.05094234645366669, 0.020078396424651146, 0.059943653643131256, 0.1240285187959671, 0.14570076763629913, 0.23358842730522156, 0.36113858222961426, 0.2758498787879944, 0.15055647492408752, 0.08028651773929596, 0.07538219541311264, 0.22548907995224, 0.3813137114048004, 0.18433311581611633, 0.038405641913414, 0.04283865541219711, 0.054660022258758545, 0.10036688297986984, 0.2103157788515091, 0.14958134293556213, 0.1716902256011963, 0.23147965967655182, 0.1446613222360611, 0.0632423460483551, 0.07636374980211258, 0.0723925530910492, 0.22352126240730286, 0.3937622904777527, 0.22632066905498505, 0.055312711745500565, 0.022034937515854836, 0.017031969502568245, 0.215802401304245], "rhythm.beats_position": [0.39473921060562134, 0.8010883927345276, 1.2074376344680786, 1.6253968477249146, 2.043355941772461, 2.449705123901367, 2.867664337158203, 3.2972335815429688, 3.738412618637085, 4.156371593475342, 4.597550868988037, 5.015510082244873, 5.445079326629639, 5.851428508758545, 6.269387722015381, 6.687346935272217, 7.105306148529053, 7.53487491607666, 7.987664222717285, 8.44045352935791, 8.893242835998535, 9.334421157836914, 9.787210464477539, 10.216779708862305, 10.657958984375, 11.099138259887695, 11.54031753540039, 11.981496810913086, 12.422675132751465, 12.86385440826416, 13.293423652648926, 13.734602928161621, 14.187392234802246, 14.6517915725708, 15.09296989440918], "rhythm.bpm_histogram": [0.0, 0.0, 0.0, 0.0, 0.0, 0.0, 0.0, 0.0, 0.0, 0.0, 0.0, 0.0, 0.0, 0.0, 0.0, 0.0, 0.0, 0.0, 0.0, 0.0, 0.0, 0.0, 0.0, 0.0, 0.0, 0.0, 0.0, 0.0, 0.0, 0.0, 0.0, 0.0, 0.0, 0.0, 0.0, 0.0, 0.0, 0.0, 0.0, 0.0, 0.0, 0.0, 0.0, 0.0, 0.0, 0.0, 0.0, 0.0, 0.0, 0.0, 0.0, 0.0, 0.0, 0.0, 0.0, 0.0, 0.0, 0.0, 0.0, 0.0, 0.0, 0.0, 0.0, 0.0, 0.0, 0.0, 0.0, 0.0, 0.0, 0.0, 0.0, 0.0, 0.0, 0.0, 0.0, 0.0, 0.0, 0.0, 0.0, 0.0, 0.0, 0.0, 0.0, 0.0, 0.0, 0.0, 0.0, 0.0, 0.0, 0.0, 0.0, 0.0, 0.0, 0.0, 0.0, 0.0, 0.0, 0.0, 0.0, 0.0, 0.0, 0.0, 0.0, 0.0, 0.0, 0.0, 0.0, 0.0, 0.0, 0.0, 0.0, 0.0, 0.0, 0.0, 0.0, 0.0, 0.0, 0.0, 0.0, 0.0, 0.0, 0.0, 0.0, 0.0, 0.0, 0.0, 0.0, 0.0, 0.0, 0.029411764815449715, 0.0, 0.0, 0.0, 0.14705882966518402, 0.0, 0.0, 0.3235294222831726, 0.0, 0.0, 0.0, 0.14705882966518402, 0.0, 0.0, 0.0, 0.23529411852359772, 0.0, 0.0, 0.0, 0.11764705926179886, 0.0, 0.0, 0.0, 0.0, 0.0, 0.0, 0.0, 0.0, 0.0, 0.0, 0.0, 0.0, 0.0, 0.0, 0.0, 0.0, 0.0, 0.0, 0.0, 0.0, 0.0, 0.0, 0.0, 0.0, 0.0, 0.0, 0.0, 0.0, 0.0, 0.0, 0.0, 0.0, 0.0, 0.0, 0.0, 0.0, 0.0, 0.0, 0.0, 0.0, 0.0, 0.0, 0.0, 0.0, 0.0, 0.0, 0.0, 0.0, 0.0, 0.0, 0.0, 0.0, 0.0, 0.0, 0.0, 0.0, 0.0, 0.0, 0.0, 0.0, 0.0, 0.0, 0.0, 0.0, 0.0, 0.0, 0.0, 0.0, 0.0, 0.0, 0.0, 0.0, 0.0, 0.0, 0.0, 0.0, 0.0, 0.0, 0.0, 0.0, 0.0, 0.0, 0.0, 0.0, 0.0, 0.0, 0.0, 0.0, 0.0, 0.0, 0.0, 0.0, 0.0, 0.0, 0.0, 0.0, 0.0, 0.0, 0.0, 0.0, 0.0], "tonal.chords_histogram": [25.37313461303711, 0.0, 17.91044807434082, 0.0, 0.2985074520111084, 0.0, 0.0, 0.0, 0.0, 0.0, 0.0, 0.0, 0.0, 0.0, 0.0, 0.0, 0.0, 0.0, 0.0, 5.970149040222168, 0.0, 0.0, 31.940298080444336, 18.507463455200195], "tonal.thpcp": [1.0, 0.6217054724693298, 0.08945924043655396, 0.03170603886246681, 0.026524338871240616, 0.28369197249412537, 0.5228326320648193, 0.25560325384140015, 0.014211622066795826, 0.014069801196455956, 0.01000985037535429, 0.14615599811077118, 0.3283664286136627, 0.21403157711029053, 0.13281266391277313, 0.1924804300069809, 0.10017357766628265, 0.028257550671696663, 0.029461650177836418, 0.02674020081758499, 0.3880232870578766, 0.7735753059387207, 0.4218962788581848, 0.03298288211226463, 0.015181547962129116, 0.011018645018339157, 0.3957989811897278, 0.7835752367973328, 0.4032660722732544, 0.04470575600862503, 0.03978162258863449, 0.008399608545005322, 0.06558278203010559, 0.14651654660701752, 0.1407063752412796, 0.5088721513748169], "lowlevel.gfcc.cov": [[4908.37109375, -3311.231201171875, 1118.516357421875, 77.14347076416016, -1208.1429443359375, 1025.6834716796875, -688.9957885742188, 871.8197021484375, -596.6519775390625, 220.0054473876953, -117.03101348876953, -2.936569929122925, -135.2664794921875], [-3311.231201171875, 3827.53662109375, -1321.333984375, -118.2877426147461, 1490.2149658203125, -1129.2886962890625, 888.0401611328125, -650.1319580078125, 389.2289123535156, -267.0799255371094, 144.54808044433594, -207.09426879882812, 191.17941284179688], [1118.516357421875, -1321.333984375, 949.2884521484375, 58.26491165161133, -482.9980773925781, 569.1145629882812, -403.7697448730469, 230.38465881347656, -85.07984161376953, 89.40924072265625, -80.25892639160156, 111.03797149658203, -142.35107421875], [77.14347076416016, -118.2877426147461, 58.26491165161133, 609.2879638671875, -112.6839599609375, 46.12925720214844, -21.866207122802734, -170.91574096679688, 114.64775848388672, -27.807432174682617, -29.63842010498047, 62.13915252685547, -67.20932006835938], [-1208.1429443359375, 1490.2149658203125, -482.9980773925781, -112.6839599609375, 777.3115234375, -469.7043762207031, 387.7951965332031, -183.20059204101562, 108.79564666748047, -61.699649810791016, 46.370933532714844, -57.4188117980957, 54.302276611328125], [1025.6834716796875, -1129.2886962890625, 569.1145629882812, 46.12925720214844, -469.7043762207031, 512.841064453125, -317.384765625, 187.29881286621094, -101.56430053710938, 62.171600341796875, -29.789743423461914, 55.56193161010742, -58.195926666259766], [-688.9957885742188, 888.0401611328125, -403.7697448730469, -21.866207122802734, 387.7951965332031, -317.384765625, 429.5806884765625, -157.7567901611328, 47.199886322021484, -11.025198936462402, 6.365793704986572, -31.724018096923828, 30.143218994140625], [871.8197021484375, -650.1319580078125, 230.38465881347656, -170.91574096679688, -183.20059204101562, 187.29881286621094, -157.7567901611328, 442.1153259277344, -168.8101806640625, 55.775936126708984, 11.279502868652344, -82.16435241699219, 11.824671745300293], [-596.6519775390625, 389.2289123535156, -85.07984161376953, 114.64775848388672, 108.79564666748047, -101.56430053710938, 47.199886322021484, -168.8101806640625, 218.40150451660156, -45.37387466430664, 12.286166191101074, 31.529693603515625, -30.14650535583496], [220.0054473876953, -267.0799255371094, 89.40924072265625, -27.807432174682617, -61.699649810791016, 62.171600341796875, -11.025198936462402, 55.775936126708984, -45.37387466430664, 101.32195281982422, -14.039887428283691, 26.892181396484375, -27.325374603271484], [-117.03101348876953, 144.54808044433594, -80.25892639160156, -29.63842010498047, 46.370933532714844, -29.789743423461914, 6.365793704986572, 11.279502868652344, 12.286166191101074, -14.039887428283691, 86.57426452636719, -31.582876205444336, 18.960020065307617], [-2.936569929122925, -207.09426879882812, 111.03797149658203, 62.13915252685547, -57.4188117980957, 55.56193161010742, -31.724018096923828, -82.16435241699219, 31.529693603515625, 26.892181396484375, -31.582876205444336, 124.6469955444336, -43.695106506347656], [-135.2664794921875, 191.17941284179688, -142.35107421875, -67.20932006835938, 54.302276611328125, -58.195926666259766, 30.143218994140625, 11.824671745300293, -30.14650535583496, -27.325374603271484, 18.960020065307617, -43.695106506347656, 105.88006591796875]], "lowlevel.gfcc.icov": [[0.0007482702494598925, 0.0005077601526863873, 0.00016505578241776675, -0.00029184026061557233, -0.00017895331257022917, -0.0004694669332820922, -0.00015544921916443855, -0.00044324417831376195, 0.0009751379839144647, 0.00036143389297649264, 0.00022966858523432165, 0.00059053412405774, 0.0005767826805822551], [0.0005077601526863873, 0.004095496144145727, -0.0004609212337527424, 0.00023953379422891885, -0.004034209530800581, 0.0013770643854513764, -0.0017756734741851687, 0.0024849101901054382, -0.0015381911071017385, 0.002723179291933775, -0.0013077426701784134, 0.004686279222369194, -0.001726997666992247], [0.00016505578241776675, -0.0004609212337527424, 0.005231867544353008, -8.732436981517822e-06, -0.0006423154845833778, -0.005103334318846464, 0.0018792091868817806, -0.0015637233154848218, 0.0002309113770024851, -0.0003291245666332543, 0.002862231805920601, -0.0018764109117910266, 0.003929550293833017], [-0.00029184026061557233, 0.00023953379422891885, -8.732436981517822e-06, 0.0023956873919814825, 0.00015048870409373194, 6.443026359193027e-05, -0.00033817789517343044, 0.0012143822386860847, -0.0013492826838046312, 0.0007450690027326345, 0.00015254576283041388, 0.0003743436827789992, 0.0005577910924330354], [-0.00017895331257022917, -0.004034209530800581, -0.0006423154845833778, 0.00015048870409373194, 0.007938672788441181, 0.001434082631021738, -0.00026108691236004233, -0.0026201161090284586, 0.001529906177893281, -0.0020104842260479927, 8.197052375180647e-05, -0.004408246837556362, 0.0014541386626660824], [-0.0004694669332820922, 0.0013770643854513764, -0.005103334318846464, 6.443026359193027e-05, 0.001434082631021738, 0.011259610764682293, -0.00034909130772575736, 0.0015983134508132935, -0.00033139061997644603, 0.0003266418643761426, -0.003380270441994071, 0.0013724436284974217, -0.003370768390595913], [-0.00015544921916443855, -0.0017756734741851687, 0.0018792091868817806, -0.00033817789517343044, -0.00026108691236004233, -0.00034909130772575736, 0.006852172780781984, -0.0002594243851490319, 0.0015995354624465108, -0.003234966192394495, 0.0022709923796355724, -0.001270972192287445, 0.0020290627144277096], [-0.00044324417831376195, 0.0024849101901054382, -0.0015637233154848218, 0.0012143822386860847, -0.0026201161090284586, 0.0015983134508132935, -0.0002594243851490319, 0.007572727277874947, -9.779166430234909e-05, -0.00016842054901644588, -0.0019099884666502476, 0.006844544783234596, -0.001838824711740017], [0.0009751379839144647, -0.0015381911071017385, 0.0002309113770024851, -0.0013492826838046312, 0.001529906177893281, -0.00033139061997644603, 0.0015995354624465108, -9.779166430234909e-05, 0.01069472637027502, 0.001181832980364561, -0.00059127266285941, -0.0023908300790935755, 0.004535168409347534], [0.00036143389297649264, 0.002723179291933775, -0.0003291245666332543, 0.0007450690027326345, -0.0020104842260479927, 0.0003266418643761426, -0.003234966192394495, -0.00016842054901644588, 0.001181832980364561, 0.0162604209035635, -0.0009629948763176799, -0.0008771939319558442, 0.002068990608677268], [0.00022966858523432165, -0.0013077426701784134, 0.002862231805920601, 0.00015254576283041388, 8.197052375180647e-05, -0.003380270441994071, 0.0022709923796355724, -0.0019099884666502476, -0.00059127266285941, -0.0009629948763176799, 0.015558294951915741, 0.0008683043415658176, 0.0014219020958989859], [0.00059053412405774, 0.004686279222369194, -0.0018764109117910266, 0.0003743436827789992, -0.004408246837556362, 0.0013724436284974217, -0.001270972192287445, 0.006844544783234596, -0.0023908300790935755, -0.0008771939319558442, 0.0008683043415658176, 0.019767632707953453, -0.00028451348771341145], [0.0005767826805822551, -0.001726997666992247, 0.003929550293833017, 0.0005577910924330354, 0.0014541386626660824, -0.003370768390595913, 0.0020290627144277096, -0.001838824711740017, 0.004535168409347534, 0.002068990608677268, 0.0014219020958989859, -0.00028451348771341145, 0.017419403418898582]], "lowlevel.mfcc.cov": [[3858.123779296875, -2414.75927734375, 1114.809326171875, -490.5939025878906, -58.28455352783203, -369.2334289550781, 288.024658203125, -30.192970275878906, 19.866910934448242, 175.07289123535156, -111.82846069335938, 17.38019561767578, -35.6921272277832], [-2414.75927734375, 3173.65380859375, -1688.9356689453125, 572.8704223632812, 126.15238189697266, -69.0106201171875, 254.3794708251953, -86.26881408691406, 128.1399383544922, -18.647756576538086, 41.77816390991211, -77.00882720947266, -23.9581356048584], [1114.809326171875, -1688.9356689453125, 1396.488525390625, -468.5189514160156, 73.81784057617188, 163.78173828125, -242.34457397460938, 115.01273345947266, -78.66288757324219, 7.183860778808594, -21.475162506103516, 77.20112609863281, 27.20361328125], [-490.5939025878906, 572.8704223632812, -468.5189514160156, 653.337646484375, -53.312843322753906, 200.76808166503906, -55.70121765136719, 26.74712371826172, 8.5645170211792, -81.03028106689453, 59.961669921875, -34.043521881103516, 59.355690002441406], [-58.28455352783203, 126.15238189697266, 73.81784057617188, -53.312843322753906, 287.5920104980469, -91.70001220703125, 14.7816743850708, 6.506938457489014, 1.3964290618896484, 26.83466339111328, -17.095096588134766, 34.784244537353516, -2.573607921600342], [-369.2334289550781, -69.0106201171875, 163.78173828125, 200.76808166503906, -91.70001220703125, 509.7027587890625, -293.5508728027344, 72.73866271972656, -72.25890350341797, -162.1479034423828, 71.8943099975586, -19.160905838012695, 75.69508361816406], [288.024658203125, 254.3794708251953, -242.34457397460938, -55.70121765136719, 14.7816743850708, -293.5508728027344, 430.9887390136719, -90.14742279052734, 102.18789672851562, 100.18473052978516, -39.86067199707031, -10.464920043945312, -48.62457275390625], [-30.192970275878906, -86.26881408691406, 115.01273345947266, 26.74712371826172, 6.506938457489014, 72.73866271972656, -90.14742279052734, 120.8990707397461, -28.4667911529541, 7.958963394165039, 19.249696731567383, 2.5165061950683594, 33.395347595214844], [19.866910934448242, 128.1399383544922, -78.66288757324219, 8.5645170211792, 1.3964290618896484, -72.25890350341797, 102.18789672851562, -28.4667911529541, 137.3054962158203, 11.229151725769043, 1.199448585510254, -3.2120018005371094, -19.891836166381836], [175.07289123535156, -18.647756576538086, 7.183860778808594, -81.03028106689453, 26.83466339111328, -162.1479034423828, 100.18473052978516, 7.958963394165039, 11.229151725769043, 153.69100952148438, -26.237693786621094, 18.43071174621582, -17.50150489807129], [-111.82846069335938, 41.77816390991211, -21.475162506103516, 59.961669921875, -17.095096588134766, 71.8943099975586, -39.86067199707031, 19.249696731567383, 1.199448585510254, -26.237693786621094, 107.1304702758789, 14.335553169250488, 20.673076629638672], [17.38019561767578, -77.00882720947266, 77.20112609863281, -34.043521881103516, 34.784244537353516, -19.160905838012695, -10.464920043945312, 2.5165061950683594, -3.2120018005371094, 18.43071174621582, 14.335553169250488, 90.8455581665039, 13.423979759216309], [-35.6921272277832, -23.9581356048584, 27.20361328125, 59.355690002441406, -2.573607921600342, 75.69508361816406, -48.62457275390625, 33.395347595214844, -19.891836166381836, -17.50150489807129, 20.673076629638672, 13.423979759216309, 88.71748352050781]], "lowlevel.mfcc.icov": [[0.0007274143863469362, 0.0006422550650313497, -2.882795706682373e-05, -0.00017424208635929972, -7.831024413462728e-05, 0.0002381182712269947, -0.0006535145221278071, 9.226124529959634e-05, -7.484917296096683e-05, -0.0001997347571887076, 9.380083065479994e-05, 0.000411661749240011, -0.00014717545127496123], [0.0006422550650313497, 0.0018396155210211873, 0.001803470659069717, 0.00019818345026578754, -0.0012957568978890777, -0.0008965146844275296, -0.000802468741312623, -0.00048195067211054265, -0.0006699986406601965, -0.0005873785703442991, 0.00018008808547165245, 0.00024465142632834613, 0.00019342849554959685], [-2.882795706682373e-05, 0.001803470659069717, 0.0040368931367993355, 0.001721672248095274, -0.002020819578319788, -0.002469212282449007, -1.5249715033860411e-05, -0.0017226135823875666, -0.0010010437108576298, -0.0008447408326901495, 0.0006099614547565579, -0.0009696925990283489, 0.00038743726327084005], [-0.00017424208635929972, 0.00019818345026578754, 0.001721672248095274, 0.003094273619353771, -0.0005319620831869543, -0.0017680260352790356, 1.083047391148284e-05, -0.001012770226225257, -0.0006276282947510481, -1.907024488900788e-05, -0.00018301080854143947, -0.00011045946303056553, -0.0008195836562663317], [-7.831024413462728e-05, -0.0012957568978890777, -0.002020819578319788, -0.0005319620831869543, 0.005198436323553324, 0.0022377436980605125, 0.0005509582697413862, 7.591379107907414e-05, 0.0006549212266691029, 0.000927659566514194, 0.0002991299261339009, -0.0011677145957946777, -0.0004541208909358829], [0.0002381182712269947, -0.0008965146844275296, -0.002469212282449007, -0.0017680260352790356, 0.0022377436980605125, 0.006859724409878254, 0.0019246734445914626, 7.023326179478317e-05, 0.001136031118221581, 0.0037213426548987627, -0.00135780347045511, 0.0012119737220928073, -0.0018438986735418439], [-0.0006535145221278071, -0.000802468741312623, -1.5249715033860411e-05, 1.083047391148284e-05, 0.0005509582697413862, 0.0019246734445914626, 0.005606282968074083, 0.0020526337902992964, -0.0018711126176640391, -0.001172813237644732, -0.000100378216302488, 0.000509151432197541, -0.0005128665361553431], [9.226124529959634e-05, -0.00048195067211054265, -0.0017226135823875666, -0.001012770226225257, 7.591379107907414e-05, 7.023326179478317e-05, 0.0020526337902992964, 0.012717238627374172, 0.0005507795722223818, -0.0034464269410818815, -0.0015648315893486142, 0.0019508869154378772, -0.00309395813383162], [-7.484917296096683e-05, -0.0006699986406601965, -0.0010010437108576298, -0.0006276282947510481, 0.0006549212266691029, 0.001136031118221581, -0.0018711126176640391, 0.0005507795722223818, 0.009532298892736435, 0.001229085261002183, -0.0011056051589548588, -6.269691220950335e-05, 0.000979553908109665], [-0.0001997347571887076, -0.0005873785703442991, -0.0008447408326901495, -1.907024488900788e-05, 0.000927659566514194, 0.0037213426548987627, -0.001172813237644732, -0.0034464269410818815, 0.001229085261002183, 0.01168249174952507, 0.0007455034065060318, -0.0018362606642767787, 0.00022346964397002012], [9.380083065479994e-05, 0.00018008808547165245, 0.0006099614547565579, -0.00018301080854143947, 0.0002991299261339009, -0.00135780347045511, -0.000100378216302488, -0.0015648315893486142, -0.0011056051589548588, 0.0007455034065060318, 0.011472759768366814, -0.0027277576737105846, -0.0006385068409144878], [0.000411661749240011, 0.00024465142632834613, -0.0009696925990283489, -0.00011045946303056553, -0.0011677145957946777, 0.0012119737220928073, 0.000509151432197541, 0.0019508869154378772, -6.269691220950335e-05, -0.0018362606642767787, -0.0027277576737105846, 0.013834084384143353, -0.002754257060587406], [-0.00014717545127496123, 0.00019342849554959685, 0.00038743726327084005, -0.0008195836562663317, -0.0004541208909358829, -0.0018438986735418439, -0.0005128665361553431, -0.00309395813383162, 0.000979553908109665, 0.00022346964397002012, -0.0006385068409144878, -0.002754257060587406, 0.014967161230742931]], "metadata.audio_properties.analysis.downmix": "mix", "metadata.audio_properties.codec": "mp3", "metadata.audio_properties.md5_encoded": "c033f285db410f76f91a4f0c00103bbc", "metadata.tags.file_name": "1182277060333408326.mp3", "metadata.version.essentia": "2.1-beta6-dev", "metadata.version.essentia_git_sha": "v2.1_beta5-1110-g77a6a954", "metadata.version.extractor": "music 2.0", "tonal.chords_key": "F", "tonal.chords_scale": "major", "tonal.key_edma.key": "C", "tonal.key_edma.scale": "major", "tonal.key_krumhansl.key": "C", "tonal.key_krumhansl.scale": "major", "tonal.key_temperley.key": "C", "tonal.key_temperley.scale": "major", "metadata.tags.encoding": ["Lavf58.45.100"]}, "essentia_models": [{"model_name": "genre_dortmund", "activations": {"alternative": "0.32132435", "blues": "0.0071765147", "electronic": "0.045553613", "folkcountry": "0.2407366", "funksoulrnb": "0.0077310903", "jazz": "0.025037387", "pop": "0.13019815",