{"song_id": "1182264148197912587", "download": "https://cdn.discordapp.com/attachments/1135903449314238464/1182264148197912587/chirp.mp4?ex=6584104a&amp", "lyrics": "-", "style": ["pop with a voice of a female artist"], "essentia_features": {"lowlevel.average_loudness": 0.94691002368927, "lowlevel.barkbands_crest.mean": 12.720976829528809, "lowlevel.barkbands_crest.stdev": 4.508674621582031, "lowlevel.barkbands_flatness_db.mean": 0.34373539686203003, "lowlevel.barkbands_flatness_db.stdev": 0.10733300447463989, "lowlevel.barkbands_kurtosis.mean": 4.76565408706665, "lowlevel.barkbands_kurtosis.stdev": 10.224486351013184, "lowlevel.barkbands_skewness.mean": 1.841278076171875, "lowlevel.barkbands_skewness.stdev": 1.3642737865447998, "lowlevel.barkbands_spread.mean": 17.203765869140625, "lowlevel.barkbands_spread.stdev": 9.541274070739746, "lowlevel.dissonance.mean": 0.4416085481643677, "lowlevel.dissonance.stdev": 0.057126257568597794, "lowlevel.dynamic_complexity": 2.4432027339935303, "lowlevel.erbbands_crest.mean": 18.0289306640625, "lowlevel.erbbands_crest.stdev": 7.352316856384277, "lowlevel.erbbands_flatness_db.mean": 0.31591880321502686, "lowlevel.erbbands_flatness_db.stdev": 0.11382465809583664, "lowlevel.erbbands_kurtosis.mean": 2.9402501583099365, "lowlevel.erbbands_kurtosis.stdev": 5.691336631774902, "lowlevel.erbbands_skewness.mean": -1.3717312812805176, "lowlevel.erbbands_skewness.stdev": 1.3331937789916992, "lowlevel.erbbands_spread.mean": 27.86773109436035, "lowlevel.erbbands_spread.stdev": 16.371484756469727, "lowlevel.hfc.mean": 16.360580444335938, "lowlevel.hfc.stdev": 17.899078369140625, "lowlevel.loudness_ebu128.integrated": -18.13298988342285, "lowlevel.loudness_ebu128.loudness_range": 2.609577178955078, "lowlevel.loudness_ebu128.momentary.mean": -18.56690216064453, "lowlevel.loudness_ebu128.momentary.stdev": 2.012655258178711, "lowlevel.loudness_ebu128.short_term.mean": -18.31232452392578, "lowlevel.loudness_ebu128.short_term.stdev": 0.7860774397850037, "lowlevel.melbands_crest.mean": 16.782333374023438, "lowlevel.melbands_crest.stdev": 4.9871506690979, "lowlevel.melbands_flatness_db.mean": 0.4502381682395935, "lowlevel.melbands_flatness_db.stdev": 0.1269827038049698, "lowlevel.melbands_kurtosis.mean": 16.595081329345703, "lowlevel.melbands_kurtosis.stdev": 24.666170120239258, "lowlevel.melbands_skewness.mean": 3.289590358734131, "lowlevel.melbands_skewness.stdev": 1.8316881656646729, "lowlevel.melbands_spread.mean": 16.405179977416992, "lowlevel.melbands_spread.stdev": 11.443745613098145, "lowlevel.pitch_salience.mean": 0.4310574233531952, "lowlevel.pitch_salience.stdev": 0.1200045719742775, "lowlevel.silence_rate_20dB.mean": 1.0, "lowlevel.silence_rate_20dB.stdev": 0.0, "lowlevel.silence_rate_30dB.mean": 0.9061413407325745, "lowlevel.silence_rate_30dB.stdev": 0.29163262248039246, "lowlevel.silence_rate_60dB.mean": 0.0011587485205382109, "lowlevel.silence_rate_60dB.stdev": 0.03402106463909149, "lowlevel.spectral_centroid.mean": 828.2507934570312, "lowlevel.spectral_centroid.stdev": 439.3152770996094, "lowlevel.spectral_complexity.mean": 9.064310073852539, "lowlevel.spectral_complexity.stdev": 7.530764579772949, "lowlevel.spectral_decrease.mean": -1.11172315797603e-08, "lowlevel.spectral_decrease.stdev": 1.1193149518362588e-08, "lowlevel.spectral_energy.mean": 0.04344284161925316, "lowlevel.spectral_energy.stdev": 0.043264925479888916, "lowlevel.spectral_energyband_high.mean": 0.000374673749320209, "lowlevel.spectral_energyband_high.stdev": 0.001377423177473247, "lowlevel.spectral_energyband_low.mean": 0.029381755739450455, "lowlevel.spectral_energyband_low.stdev": 0.03877141326665878, "lowlevel.spectral_energyband_middle_high.mean": 0.006290118210017681, "lowlevel.spectral_energyband_middle_high.stdev": 0.005960219074040651, "lowlevel.spectral_energyband_middle_low.mean": 0.008960050530731678, "lowlevel.spectral_energyband_middle_low.stdev": 0.00867302156984806, "lowlevel.spectral_entropy.mean": 6.00297212600708, "lowlevel.spectral_entropy.stdev": 0.9803318381309509, "lowlevel.spectral_flux.mean": 0.07380170375108719, "lowlevel.spectral_flux.stdev": 0.0759085938334465, "lowlevel.spectral_kurtosis.mean": 43.35512161254883, "lowlevel.spectral_kurtosis.stdev": 49.852108001708984, "lowlevel.spectral_rms.mean": 0.005936454515904188, "lowlevel.spectral_rms.stdev": 0.002672412432730198, "lowlevel.spectral_rolloff.mean": 874.5035400390625, "lowlevel.spectral_rolloff.stdev": 725.6495361328125, "lowlevel.spectral_skewness.mean": 3.9701249599456787, "lowlevel.spectral_skewness.stdev": 2.5266191959381104, "lowlevel.spectral_spread.mean": 2584299.0, "lowlevel.spectral_spread.stdev": 1725208.375, "lowlevel.spectral_strongpeak.mean": 0.8801410794258118, "lowlevel.spectral_strongpeak.stdev": 1.5761312246322632, "lowlevel.zerocrossingrate.mean": 0.030571328476071358, "lowlevel.zerocrossingrate.stdev": 0.01292316522449255, "metadata.audio_properties.analysis.equal_loudness": 0.0, "metadata.audio_properties.analysis.length": 40.04265213012695, "metadata.audio_properties.analysis.sample_rate": 44100.0, "metadata.audio_properties.analysis.start_time": 0.0, "metadata.audio_properties.bit_rate": 117677.0, "metadata.audio_properties.length": 40.042667388916016, "metadata.audio_properties.lossless": 0.0, "metadata.audio_properties.number_channels": 1.0, "metadata.audio_properties.replay_gain": -8.123283386230469, "metadata.audio_properties.sample_rate": 48000.0, "rhythm.beats_count": 52.0, "rhythm.beats_loudness.mean": 0.1176900789141655, "rhythm.beats_loudness.stdev": 0.05515751615166664, "rhythm.bpm": 78.11554718017578, "rhythm.bpm_histogram_first_peak_bpm": 78.0, "rhythm.bpm_histogram_first_peak_weight": 0.0, "rhythm.bpm_histogram_second_peak_bpm": 83.0, "rhythm.bpm_histogram_second_peak_spread": 0.0, "rhythm.bpm_histogram_second_peak_weight": 0.019607843831181526, "rhythm.danceability": 1.5500653982162476, "rhythm.onset_rate": 2.6214334964752197, "tonal.chords_changes_rate": 0.03587963059544563, "tonal.chords_number_rate": 0.005787036847323179, "tonal.chords_strength.mean": 0.5614060163497925, "tonal.chords_strength.stdev": 0.0952921062707901, "tonal.hpcp_crest.mean": 16.071035385131836, "tonal.hpcp_crest.stdev": 6.5706706047058105, "tonal.hpcp_entropy.mean": 1.5070921182632446, "tonal.hpcp_entropy.stdev": 0.5703046321868896, "tonal.key_edma.strength": 0.8456051349639893, "tonal.key_krumhansl.strength": 0.8303276300430298, "tonal.key_temperley.strength": 0.8076821565628052, "tonal.tuning_diatonic_strength": 0.6046066284179688, "tonal.tuning_equal_tempered_deviation": 0.2903236150741577, "tonal.tuning_frequency": 434.193115234375, "tonal.tuning_nontempered_energy_ratio": 0.992789626121521, "lowlevel.barkbands.mean": [0.0005278920289129019, 0.021378835663199425, 0.0059175509959459305, 0.0027305397670716047, 0.0044933813624084, 0.0015359719982370734, 0.00011467144213384017, 3.4717810194706544e-05, 4.4809188693761826e-05, 0.0002525715681258589, 3.6769099097000435e-05, 0.0010121046798303723, 0.0011145244352519512, 0.0013947626575827599, 0.002111288718879223, 8.497761882608756e-05, 5.51932243979536e-05, 6.48261557216756e-05, 9.301854151999578e-05, 0.000152703927597031, 9.636014874558896e-05, 8.69322830112651e-05, 4.9996713642030954e-05, 2.9596481908811256e-05, 1.6446820154669695e-05, 1.1586949767661281e-05, 9.13964527171629e-07], "lowlevel.barkbands.stdev": [0.000729733204934746, 0.0340377539396286, 0.011810503900051117, 0.005268266424536705, 0.004050391726195812, 0.002615532372146845, 0.00022522707877214998, 0.00012705897097475827, 0.00018534982518758625, 0.0010388537775725126, 0.00020034928456880152, 0.002261715941131115, 0.0027019388508051634, 0.002329211914911866, 0.003709143726155162, 0.00028769089840352535, 0.00020329453400336206, 0.0002965469320770353, 0.00039244204526767135, 0.0006723027909174562, 0.00039311149157583714, 0.0003296975919511169, 0.00017076075891964138, 0.00011289944814052433, 6.035885962774046e-05, 4.569255543174222e-05, 3.873488822137006e-06], "lowlevel.erbbands.mean": [0.5817686915397644, 4.855604648590088, 7.672371864318848, 8.556943893432617, 9.998023986816406, 14.172202110290527, 23.010387420654297, 8.304102897644043, 2.8255093097686768, 1.1000324487686157, 0.7995080947875977, 0.779601514339447, 2.2665247917175293, 9.972494125366211, 12.049090385437012, 44.550228118896484, 63.17385482788086, 81.91571044921875, 128.8601837158203, 20.194278717041016, 5.778078079223633, 3.4624829292297363, 3.28519606590271, 4.328640937805176, 5.530148029327393, 7.146005153656006, 4.5603928565979, 3.7317512035369873, 3.2038683891296387, 2.2570641040802, 1.302098035812378, 0.761719286441803, 0.41315019130706787, 0.2272575944662094, 0.08941888809204102, 0.04943074285984039, 0.02189176343381405, 0.004230196587741375, 0.00011638418072834611, 5.1721504860324785e-05], "lowlevel.erbbands.stdev": [0.9620466828346252, 7.908848762512207, 11.957947731018066, 17.688854217529297, 11.401382446289062, 13.004934310913086, 37.057281494140625, 12.09405517578125, 4.591271877288818, 2.4076898097991943, 3.2297186851501465, 2.6991524696350098, 6.785689830780029, 40.17896270751953, 24.10442352294922, 104.89752197265625, 141.3646697998047, 131.5, 217.60162353515625, 32.339393615722656, 17.90849494934082, 12.066312789916992, 14.252056121826172, 19.935457229614258, 22.765594482421875, 31.638092041015625, 18.761152267456055, 15.812928199768066, 12.19320011138916, 8.392417907714844, 4.657618522644043, 3.111009359359741, 1.4467837810516357, 0.8666310906410217, 0.32538026571273804, 0.2119532972574234, 0.08802467584609985, 0.015782151371240616, 0.0003601625212468207, 5.385976328398101e-05], "lowlevel.gfcc.mean": [-123.71808624267578, 169.05145263671875, -79.15196228027344, 27.245296478271484, 9.558392524719238, 39.28171157836914, -46.81028366088867, -46.5426025390625, -21.67626190185547, 13.260101318359375, 2.897130250930786, -10.041852951049805, -4.0662007331848145], "lowlevel.melbands.mean": [0.005732394754886627, 0.004804715979844332, 0.0014975134981796145, 0.0009066751226782799, 0.0007645177538506687, 0.00019700860138982534, 3.9413316699210554e-05, 1.0200232281931676e-05, 5.86081978326547e-06, 5.568772849073866e-06, 1.174105182144558e-05, 4.240780617692508e-05, 1.842771962401457e-05, 0.0001243272126885131, 0.00010963861859636381, 0.000154784313053824, 0.00012974312994629145, 0.00018025118333753198, 9.651316941017285e-05, 4.085818090970861e-06, 6.474376277765259e-06, 3.402715492484276e-06, 2.8323368042038055e-06, 3.1289164326153696e-06, 3.4982415400008904e-06, 3.689507593662711e-06, 4.76944387628464e-06, 4.824325969821075e-06, 3.0391672680707416e-06, 2.2538906705449335e-06, 2.106143028868246e-06, 1.991228600672912e-06, 1.3824414963892195e-06, 1.1571121376618976e-06, 7.574262781417929e-07, 5.934718956268625e-07, 4.146822050188348e-07, 3.0923214922040643e-07, 2.3178697006187576e-07, 1.7675959895768756e-07], "lowlevel.melbands.stdev": [0.009285994805395603, 0.006645457819104195, 0.0027099824510514736, 0.0008550689672119915, 0.0010799376759678125, 0.00029274297412484884, 6.625455716857687e-05, 2.387356653343886e-05, 2.4883251171559095e-05, 2.183530159527436e-05, 3.57602875737939e-05, 0.0001758730213623494, 4.599503881763667e-05, 0.0002618064172565937, 0.00025109326816163957, 0.0002367065317230299, 0.00022202573018148541, 0.00030515436083078384, 0.00016638843226246536, 1.448997591069201e-05, 2.2278416508925147e-05, 1.2876346772827674e-05, 1.1374196219549049e-05, 1.445220914320089e-05, 1.677109503361862e-05, 1.571551365486812e-05, 2.2415229977923445e-05, 2.2523912775795907e-05, 1.3425651559373364e-05, 9.470836630498525e-06, 9.17587021831423e-06, 7.846513653930742e-06, 5.431971203506691e-06, 4.2123633647861425e-06, 2.711776687647216e-06, 2.4790804218355333e-06, 1.639115112084255e-06, 1.099604105547769e-06, 8.483681313009583e-07, 7.059161930556002e-07], "lowlevel.melbands128.mean": [0.0004901597858406603, 0.003913932479918003, 0.008758344687521458, 0.007781559601426125, 0.004611949436366558, 0.002685956656932831, 0.0017797730397433043, 0.0012323524570092559, 0.0008501654956489801, 0.0011389090213924646, 0.0006420453428290784, 0.0008484043064527214, 0.001015111105516553, 0.0003539516474120319, 0.00016246872837655246, 0.00013552333984989673, 4.53589454991743e-05, 3.0207014788175002e-05, 1.5760895621497184e-05, 1.1932261259062216e-05, 5.932091426075203e-06, 8.156110197887756e-06, 6.105246484366944e-06, 3.4196787055407185e-06, 3.211504463251913e-06, 6.008622221997939e-06, 1.2184291335870512e-05, 3.4478998713893816e-06, 8.868883014656603e-06, 7.75416920077987e-05, 3.930046659661457e-05, 4.996974439563928e-06, 8.329783668159507e-06, 7.102006748027634e-06, 0.00014027615543454885, 0.00014915181964170188, 0.0001359777816105634, 1.0717507393565029e-05, 0.00020964350551366806, 0.00014060153625905514, 1.9443021301412955e-05, 0.00038580011459998786, 0.00015057431301102042, 5.621072432404617e-06, 2.196561217715498e-05, 0.0001795264397514984, 0.0004908408736810088, 9.254213182430249e-06, 3.9063647818693426e-06, 4.5805441004631575e-06, 3.0809640065854182e-06, 3.4331876577198273e-06, 1.1625404113146942e-05, 4.204129709250992e-06, 3.306522103230236e-06, 3.7968911783536896e-06, 3.2644386465108255e-06, 2.624958142405376e-06, 2.9180516776250442e-06, 2.7143023544340394e-06, 2.9001510029047495e-06, 3.8372054405044764e-06, 3.112948206762667e-06, 3.4394738577248063e-06, 3.963881681556813e-06, 3.815627223957563e-06, 3.227745764888823e-06, 4.2265501178917475e-06, 5.775096724391915e-06, 4.437092229636619e-06, 5.383528332458809e-06, 4.718905074696522e-06, 3.5419359392108163e-06, 2.8523911623778986e-06, 2.283115918544354e-06, 2.1246905816951767e-06, 2.4045029931585304e-06, 2.1449654923344497e-06, 2.019011617448996e-06, 2.0172340100543806e-06, 2.4036303329921793e-06, 1.900410211419512e-06, 1.241945483343443e-06, 1.3705366654903628e-06, 1.403746978212439e-06, 1.4260216403272352e-06, 9.809929224502412e-07, 8.211454769480042e-07, 7.261694463522872e-07, 7.851323289287393e-07, 5.533952389669139e-07, 6.342675078485627e-07, 4.762791832035873e-07, 3.802089736382186e-07, 4.035056235807133e-07, 3.5896212580155407e-07, 2.902656603964715e-07, 2.199463438046223e-07, 2.5317251584056066e-07, 2.256327462646368e-07, 1.9333860734604968e-07, 1.8417824776406633e-07, 1.3723172287427587e-07, 1.1657159859623789e-07, 8.491957004252981e-08, 7.112280542287408e-08, 1.055435632224544e-07, 9.08395207943613e-08, 8.234869852685733e-08, 9.083882446248026e-08, 6.127655183263414e-08, 7.490204723126226e-08, 7.766696796807082e-08, 6.895791671013285e-08, 4.676941856018857e-08, 4.909331963176555e-08, 3.5889652139076134e-08, 4.540801068486644e-09, 3.617905627861795e-11, 2.274009106018049e-11, 8.619445435176232e-12, 6.0670639519255776e-12, 5.823974115470865e-12, 5.716816343231956e-12, 5.5658672115654895e-12, 5.371664484749017e-12, 5.257095540139867e-12, 5.2187369009581985e-12], "lowlevel.melbands128.stdev": [0.0006962798652239144, 0.006702361162751913, 0.01575581543147564, 0.012723179534077644, 0.006726566236466169, 0.005884730722755194, 0.004119061399251223, 0.002134875860065222, 0.001111219055019319, 0.0013833311386406422, 0.0006401987047865987, 0.001070131896995008, 0.001838888507336378, 0.0006490222294814885, 0.0002678941236808896, 0.00028675017529167235, 8.360835636267439e-05, 6.883149762870744e-05, 3.519289748510346e-05, 3.453806129982695e-05, 1.735744262987282e-05, 3.288812513346784e-05, 3.505393033265136e-05, 1.6375288396375254e-05, 1.287290797336027e-05, 2.8544789529405534e-05, 6.259326619328931e-05, 1.0754749382613227e-05, 3.1779542041476816e-05, 0.0003347570891492069, 0.0001656239473959431, 2.7303547540213913e-05, 6.054428740753792e-05, 1.561281351314392e-05, 0.0003521401376929134, 0.00034945434890687466, 0.0005182293825782835, 2.402795507805422e-05, 0.0006454283720813692, 0.0004215424705762416, 3.620655115810223e-05, 0.0006876970874145627, 0.00026849185815081, 1.736737431201618e-05, 8.526921010343358e-05, 0.00031543002114631236, 0.0008715703734196723, 2.1770836610812694e-05, 1.615297696844209e-05, 1.726807931845542e-05, 1.4340024790726602e-05, 1.7612677766010165e-05, 4.720857032225467e-05, 1.4324103176477365e-05, 1.293703644478228e-05, 1.6426987713202834e-05, 1.3379862139117904e-05, 1.0716136785049457e-05, 1.3647931154991966e-05, 1.4676137652713805e-05, 1.3734417734667659e-05, 1.916692781378515e-05, 1.6810945453471504e-05, 1.7943042621482164e-05, 2.162954115192406e-05, 1.812848131521605e-05, 1.3777117601421196e-05, 1.8509117580833845e-05, 3.3077427360694855e-05, 2.1442076103994623e-05, 2.8125901735620573e-05, 2.4915923859225586e-05, 1.7969810869544744e-05, 1.4135281162452884e-05, 1.0009141988120973e-05, 9.197078725264873e-06, 1.2254949069756549e-05, 1.133397290686844e-05, 9.707262506708503e-06, 8.098751095531043e-06, 1.0257589565298986e-05, 8.169495231413748e-06, 4.714107944892021e-06, 5.852247340953909e-06, 7.131680831662379e-06, 5.70077236261568e-06, 3.6077135519008152e-06, 2.8182553251099307e-06, 2.9671255106222816e-06, 3.117016376563697e-06, 2.145932739949785e-06, 3.0619203243986703e-06, 2.771825847958098e-06, 1.51368772094429e-06, 1.480575747336843e-06, 1.3243704870546935e-06, 1.2405880625010468e-06, 8.205357175938843e-07, 9.846341981756268e-07, 9.111500958169927e-07, 1.0116381190528045e-06, 7.40326072445896e-07, 6.074322982385638e-07, 4.3641733782351366e-07, 3.3559217627043836e-07, 3.21295715366432e-07, 5.033276124777331e-07, 4.314587158660288e-07, 3.7655806295333605e-07, 4.309304415528459e-07, 2.997785486513749e-07, 3.8315027950375224e-07, 3.387585536529514e-07, 2.8045840849699744e-07, 1.914266647418117e-07, 2.0328175764916523e-07, 1.538250415933362e-07, 1.92514288954726e-08, 8.300269360717039e-10, 5.066017605415141e-10, 5.36492378300224e-11, 1.1442875293143917e-11, 1.0872466121858437e-11, 1.0670869569906483e-11, 1.0507725765884768e-11, 1.0375707237830767e-11, 1.0280197700052174e-11, 1.022171410014483e-11], "lowlevel.mfcc.mean": [-792.0103759765625, 199.26409912109375, 18.97124671936035, 18.619544982910156, 52.55634689331055, 68.54408264160156, 14.58992862701416, -25.754581451416016, -25.16283416748047, 4.6823225021362305, 3.9489402770996094, -7.2041096687316895, -5.111351490020752], "lowlevel.spectral_contrast_coeffs.mean": [-0.714414656162262, -0.7339160442352295, -0.7590813040733337, -0.6407580375671387, -0.8420191407203674, -0.802490234375], "lowlevel.spectral_contrast_coeffs.stdev": [0.05662614852190018, 0.07371631264686584, 0.11028331518173218, 0.08225125074386597, 0.03336896747350693, 0.07322794944047928], "lowlevel.spectral_contrast_valleys.mean": [-6.074795722961426, -8.46299934387207, -9.01252269744873, -8.944971084594727, -9.855854988098145, -12.464139938354492], "lowlevel.spectral_contrast_valleys.stdev": [0.5935222506523132, 0.9484772682189941, 1.0358129739761353, 1.134464979171753, 1.8029718399047852, 1.8076568841934204], "rhythm.beats_loudness_band_ratio.mean": [0.8093171715736389, 0.06760372221469879, 0.005192275159060955, 0.04608235880732536, 0.05385641008615494, 0.02748987264931202], "rhythm.beats_loudness_band_ratio.stdev": [0.10092011839151382, 0.04173020273447037, 0.005263178609311581, 0.04787328839302063, 0.05667395889759064, 0.0256025567650795], "tonal.hpcp.mean": [0.33725103735923767, 0.4005987346172333, 0.13839274644851685, 0.04817232862114906, 0.037869617342948914, 0.032452989369630814, 0.05212061107158661, 0.05836939066648483, 0.040004704147577286, 0.031775686889886856, 0.03187156841158867, 0.05099300667643547, 0.15343770384788513, 0.19793274998664856, 0.10363124310970306, 0.15934236347675323, 0.23591889441013336, 0.11266551911830902, 0.020748868584632874, 0.01577015034854412, 0.02501641772687435, 0.17778119444847107, 0.2530916929244995, 0.11370477080345154, 0.039014387875795364, 0.03363878279924393, 0.035196032375097275, 0.14907445013523102, 0.20514534413814545, 0.08350063115358353, 0.01392661314457655, 0.01302766427397728, 0.013625727035105228, 0.041987232863903046, 0.05008942633867264, 0.06556464731693268], "tonal.hpcp.stdev": [0.3677218556404114, 0.3742528557777405, 0.19539323449134827, 0.18611834943294525, 0.16288043558597565, 0.14848418533802032, 0.16377104818820953, 0.17592552304267883, 0.15771843492984772, 0.15318581461906433, 0.1429329812526703, 0.17717933654785156, 0.25718146562576294, 0.29070478677749634, 0.16746246814727783, 0.26630160212516785, 0.3717929720878601, 0.20755980908870697, 0.11008089780807495, 0.09219072759151459, 0.08604037016630173, 0.2866697609424591, 0.3827720284461975, 0.19728408753871918, 0.1400987207889557, 0.12820658087730408, 0.1242128536105156, 0.23421458899974823, 0.3025418519973755, 0.14290033280849457, 0.07444341480731964, 0.07184214890003204, 0.07387591898441315, 0.1283879280090332, 0.1378198266029358, 0.13835783302783966], "rhythm.beats_position": [0.6965986490249634, 1.4164172410964966, 2.18267560005188, 2.9489340782165527, 3.7268025875091553, 4.504671096801758, 5.27092981338501, 6.0371880531311035, 6.8034467697143555, 7.569705009460449, 8.335963249206543, 9.102222442626953, 9.868480682373047, 10.63473892211914, 11.400997161865234, 12.167256355285645, 12.945124626159668, 13.711382865905762, 14.489251136779785, 15.255510330200195, 16.02176856994629, 16.788026809692383, 17.554285049438477, 18.32054328918457, 19.086801528930664, 19.85306167602539, 20.619319915771484, 21.385578155517578, 22.151836395263672, 22.929704666137695, 23.70757293701172, 24.473831176757812, 25.240089416503906, 26.006349563598633, 26.772607803344727, 27.53886604309082, 28.305124282836914, 29.071382522583008, 29.8376407623291, 30.603899002075195, 31.37015724182129, 32.136417388916016, 32.914283752441406, 33.69215393066406, 34.458412170410156, 35.22467041015625, 35.990928649902344, 36.75718688964844, 37.52344512939453, 38.289703369140625, 39.05596160888672, 39.82221984863281], "rhythm.bpm_histogram": [0.0, 0.0, 0.0, 0.0, 0.0, 0.0, 0.0, 0.0, 0.0, 0.0, 0.0, 0.0, 0.0, 0.0, 0.0, 0.0, 0.0, 0.0, 0.0, 0.0, 0.0, 0.0, 0.0, 0.0, 0.0, 0.0, 0.0, 0.0, 0.0, 0.0, 0.0, 0.0, 0.0, 0.0, 0.0, 0.0, 0.0, 0.0, 0.0, 0.0, 0.0, 0.0, 0.0, 0.0, 0.0, 0.0, 0.0, 0.0, 0.0, 0.0, 0.0, 0.0, 0.0, 0.0, 0.0, 0.0, 0.0, 0.0, 0.0, 0.0, 0.0, 0.0, 0.0, 0.0, 0.0, 0.0, 0.0, 0.0, 0.0, 0.0, 0.0, 0.0, 0.0, 0.0, 0.0, 0.0, 0.0, 0.1568627506494522, 0.8235294222831726, 0.0, 0.0, 0.0, 0.0, 0.019607843831181526, 0.0, 0.0, 0.0, 0.0, 0.0, 0.0, 0.0, 0.0, 0.0, 0.0, 0.0, 0.0, 0.0, 0.0, 0.0, 0.0, 0.0, 0.0, 0.0, 0.0, 0.0, 0.0, 0.0, 0.0, 0.0, 0.0, 0.0, 0.0, 0.0, 0.0, 0.0, 0.0, 0.0, 0.0, 0.0, 0.0, 0.0, 0.0, 0.0, 0.0, 0.0, 0.0, 0.0, 0.0, 0.0, 0.0, 0.0, 0.0, 0.0, 0.0, 0.0, 0.0, 0.0, 0.0, 0.0, 0.0, 0.0, 0.0, 0.0, 0.0, 0.0, 0.0, 0.0, 0.0, 0.0, 0.0, 0.0, 0.0, 0.0, 0.0, 0.0, 0.0, 0.0, 0.0, 0.0, 0.0, 0.0, 0.0, 0.0, 0.0, 0.0, 0.0, 0.0, 0.0, 0.0, 0.0, 0.0, 0.0, 0.0, 0.0, 0.0, 0.0, 0.0, 0.0, 0.0, 0.0, 0.0, 0.0, 0.0, 0.0, 0.0, 0.0, 0.0, 0.0, 0.0, 0.0, 0.0, 0.0, 0.0, 0.0, 0.0, 0.0, 0.0, 0.0, 0.0, 0.0, 0.0, 0.0, 0.0, 0.0, 0.0, 0.0, 0.0, 0.0, 0.0, 0.0, 0.0, 0.0, 0.0, 0.0, 0.0, 0.0, 0.0, 0.0, 0.0, 0.0, 0.0, 0.0, 0.0, 0.0, 0.0, 0.0, 0.0, 0.0, 0.0, 0.0, 0.0, 0.0, 0.0, 0.0, 0.0, 0.0, 0.0, 0.0, 0.0, 0.0, 0.0, 0.0, 0.0, 0.0, 0.0, 0.0, 0.0, 0.0, 0.0, 0.0], "tonal.chords_histogram": [30.90277862548828, 39.699073791503906, 21.52777862548828, 1.0416666269302368, 0.11574073880910873, 0.0, 0.0, 0.0, 0.6944444179534912, 0.0, 0.0, 0.0, 0.0, 0.0, 0.0, 0.0, 0.0, 0.6944444179534912, 0.0, 5.3240742683410645, 0.0, 0.0, 0.0, 0.0], "tonal.thpcp": [1.0, 0.3454647660255432, 0.12025082856416702, 0.0945325419306755, 0.08101121336221695, 0.13010677695274353, 0.14570537209510803, 0.09986228495836258, 0.07932049036026001, 0.07955983281135559, 0.1272919774055481, 0.38302093744277954, 0.49409228563308716, 0.25869089365005493, 0.3977605402469635, 0.5889157056808472, 0.28124281764030457, 0.05179464444518089, 0.039366450160741806, 0.06244757026433945, 0.44378870725631714, 0.6317835450172424, 0.28383708000183105, 0.09739018976688385, 0.08397126942873001, 0.08785857260227203, 0.3721291124820709, 0.5120968222618103, 0.20843957364559174, 0.03476449474692345, 0.03252048417925835, 0.034013405442237854, 0.10481119900941849, 0.12503640353679657, 0.16366663575172424, 0.8418674468994141], "lowlevel.gfcc.cov": [[11545.935546875, -5810.71484375, -792.3129272460938, 2894.060546875, -2729.525390625, 111.35099029541016, 309.5904235839844, 1567.003173828125, -157.06405639648438, 396.39105224609375, -543.3534545898438, 682.5994262695312, -265.6511535644531], [-5810.71484375, 4230.19287109375, 97.10608673095703, -2306.4326171875, 1389.6361083984375, -173.60084533691406, 106.27519989013672, -931.1199340820312, 114.00484466552734, -376.32666015625, 400.1156921386719, -379.84716796875, 287.8671569824219], [-792.3129272460938, 97.10608673095703, 606.0822143554688, -18.162723541259766, 45.14908218383789, 122.36442565917969, -17.69992446899414, -76.35369873046875, -85.29025268554688, 76.93521118164062, 101.5848617553711, 30.936555862426758, -62.888248443603516], [2894.060546875, -2306.4326171875, -18.162723541259766, 1661.072509765625, -517.8582153320312, -100.40575408935547, -391.36053466796875, 407.77191162109375, 190.66629028320312, 331.9314880371094, -247.0691680908203, 88.321044921875, -92.48217010498047], [-2729.525390625, 1389.6361083984375, 45.14908218383789, -517.8582153320312, 1218.9527587890625, -193.03880310058594, -324.3935241699219, -406.9502868652344, 204.221435546875, 24.875709533691406, 71.86807250976562, -254.59439086914062, 53.41877746582031], [111.35099029541016, -173.60084533691406, 122.36442565917969, -100.40575408935547, -193.03880310058594, 381.18621826171875, 196.72219848632812, -10.484233856201172, -169.27040100097656, -40.33669662475586, 71.62894439697266, 60.31266784667969, -44.74837112426758], [309.5904235839844, 106.27519989013672, -17.69992446899414, -391.36053466796875, -324.3935241699219, 196.72219848632812, 587.76513671875, 125.0524673461914, -302.27203369140625, -174.1200408935547, 105.04585266113281, 165.64173889160156, -71.91177368164062], [1567.003173828125, -931.1199340820312, -76.35369873046875, 407.77191162109375, -406.9502868652344, -10.484233856201172, 125.0524673461914, 405.06805419921875, -58.046627044677734, 6.957559585571289, -131.411376953125, 137.599365234375, -31.12908363342285], [-157.06405639648438, 114.00484466552734, -85.29025268554688, 190.66629028320312, 204.221435546875, -169.27040100097656, -302.27203369140625, -58.046627044677734, 360.0716552734375, 105.33969116210938, -84.01583862304688, -138.93540954589844, 103.81419372558594], [396.39105224609375, -376.32666015625, 76.93521118164062, 331.9314880371094, 24.875709533691406, -40.33669662475586, -174.1200408935547, 6.957559585571289, 105.33969116210938, 219.21900939941406, 10.187479972839355, -25.065406799316406, -43.07051086425781], [-543.3534545898438, 400.1156921386719, 101.5848617553711, -247.0691680908203, 71.86807250976562, 71.62894439697266, 105.04585266113281, -131.411376953125, -84.01583862304688, 10.187479972839355, 210.1724853515625, 34.067691802978516, -39.08915710449219], [682.5994262695312, -379.84716796875, 30.936555862426758, 88.321044921875, -254.59439086914062, 60.31266784667969, 165.64173889160156, 137.599365234375, -138.93540954589844, -25.065406799316406, 34.067691802978516, 182.1538543701172, -35.49734878540039], [-265.6511535644531, 287.8671569824219, -62.888248443603516, -92.48217010498047, 53.41877746582031, -44.74837112426758, -71.91177368164062, -31.12908363342285, 103.81419372558594, -43.07051086425781, -39.08915710449219, -35.49734878540039, 168.36878967285156]], "lowlevel.gfcc.icov": [[0.0006074457778595388, 0.0003840287390630692, 0.000703731901012361, -2.612295611470472e-05, 0.0006510927341878414, 7.509504939662293e-05, -0.00015387304301839322, -0.00041332386899739504, -0.00013588156434707344, -0.0008048614836297929, 0.0001047232435666956, -0.0004744027683045715, 2.3770666302880272e-05], [0.0003840287390630692, 0.011704527772963047, -0.0028598958160728216, 0.009862475097179413, -0.002407483756542206, 0.0074224090203642845, -0.0032175728119909763, 0.006297364365309477, -0.004631374962627888, 0.006326306611299515, -0.009588543325662613, 0.00849507562816143, -0.008491255342960358], [0.000703731901012361, -0.0028598958160728216, 0.0039115725085139275, -0.002712097018957138, 0.001472559990361333, -0.002683706348761916, 0.0013216388178989291, -0.002258076798170805, 0.001747445436194539, -0.0038299085572361946, 0.002498297719284892, -0.003635937348008156, 0.002694138092920184], [-2.612295611470472e-05, 0.009862475097179413, -0.002712097018957138, 0.01079881377518177, -0.0017706865910440683, 0.006020303349941969, -0.0008764807716943324, 0.004443843383342028, -0.004398984834551811, 0.004034277051687241, -0.007143076043576002, 0.006231954321265221, -0.00597591046243906], [0.0006510927341878414, -0.002407483756542206, 0.001472559990361333, -0.0017706865910440683, 0.0031965936068445444, -0.0011741609778255224, 0.0015059375436976552, -0.00149814342148602, 0.0007910386193543673, -0.002649117261171341, 0.00235333782620728, -0.0019000140018761158, 0.002741199219599366], [7.509504939662293e-05, 0.0074224090203642845, -0.002683706348761916, 0.006020303349941969, -0.0011741609778255224, 0.008803457953035831, -0.00322882947511971, 0.005247353110462427, -0.0016387829091399908, 0.004094230011105537, -0.006284305360168219, 0.0064688329584896564, -0.006001449655741453], [-0.00015387304301839322, -0.0032175728119909763, 0.0013216388178989291, -0.0008764807716943324, 0.0015059375436976552, -0.00322882947511971, 0.007347724866122007, -0.00455008540302515, 0.002263918984681368, 0.00015797365631442517, 0.00037739190156571567, -0.0035016934853047132, 0.004225602373480797], [-0.00041332386899739504, 0.006297364365309477, -0.002258076798170805, 0.004443843383342028, -0.00149814342148602, 0.005247353110462427, -0.00455008540302515, 0.012128097005188465, -0.002623360138386488, 0.003251399379223585, -0.000559380219783634, 0.001633191597647965, -0.004988891072571278], [-0.00013588156434707344, -0.004631374962627888, 0.001747445436194539, -0.004398984834551811, 0.0007910386193543673, -0.0016387829091399908, 0.002263918984681368, -0.002623360138386488, 0.009997428394854069, -0.005285822320729494, 0.004031073302030563, 0.00024845654843375087, -0.0007923494558781385], [-0.0008048614836297929, 0.006326306611299515, -0.0038299085572361946, 0.004034277051687241, -0.002649117261171341, 0.004094230011105537, 0.00015797365631442517, 0.003251399379223585, -0.005285822320729494, 0.016600124537944794, -0.010527129285037518, 0.007045950274914503, -0.002156424568966031], [0.0001047232435666956, -0.009588543325662613, 0.002498297719284892, -0.007143076043576002, 0.00235333782620728, -0.006284305360168219, 0.00037739190156571567, -0.000559380219783634, 0.004031073302030563, -0.010527129285037518, 0.020120564848184586, -0.012462375685572624, 0.008074995130300522], [-0.0004744027683045715, 0.00849507562816143, -0.003635937348008156, 0.006231954321265221, -0.0019000140018761158, 0.0064688329584896564, -0.0035016934853047132, 0.001633191597647965, 0.00024845654843375087, 0.007045950274914503, -0.012462375685572624, 0.02150849625468254, -0.00878885481506586], [2.3770666302880272e-05, -0.008491255342960358, 0.002694138092920184, -0.00597591046243906, 0.002741199219599366, -0.006001449655741453, 0.004225602373480797, -0.004988891072571278, -0.0007923494558781385, -0.002156424568966031, 0.008074995130300522, -0.00878885481506586, 0.01659487932920456]], "lowlevel.mfcc.cov": [[14003.6015625, -7027.591796875, -293.5653381347656, 1802.409912109375, -1676.644287109375, -991.6796875, -469.9272766113281, 912.8529052734375, 785.7952880859375, 165.54563903808594, -102.1163558959961, 251.31640625, 125.65332794189453], [-7027.591796875, 5207.15234375, -278.9569396972656, -1595.1455078125, 473.35247802734375, 368.4254455566406, 373.65521240234375, -368.85986328125, -453.3528747558594, -171.9259796142578, -5.237183570861816, -234.2958221435547, -59.60395050048828], [-293.5653381347656, -278.9569396972656, 686.4801025390625, 16.885770797729492, -171.09645080566406, 69.82745361328125, 115.22364044189453, 64.51480865478516, -87.8783187866211, -114.05424499511719, 42.44359588623047, 163.51925659179688, 11.6171875], [1802.409912109375, -1595.1455078125, 16.885770797729492, 916.1181640625, 209.90692138671875, -148.01287841796875, -347.43157958984375, -128.06808471679688, 162.16921997070312, 177.10691833496094, 43.56666946411133, 39.394351959228516, 31.84061622619629], [-1676.644287109375, 473.35247802734375, -171.09645080566406, 209.90692138671875, 912.2599487304688, 204.96353149414062, -328.3392333984375, -465.28057861328125, -5.328629493713379, 255.3956756591797, 54.360774993896484, -151.92147827148438, -32.27592468261719], [-991.6796875, 368.4254455566406, 69.82745361328125, -148.01287841796875, 204.96353149414062, 305.12127685546875, 50.92755889892578, -126.8185806274414, -115.75222778320312, 17.960813522338867, 70.89844512939453, 4.88901948928833, -57.23640060424805], [-469.9272766113281, 373.65521240234375, 115.22364044189453, -347.43157958984375, -328.3392333984375, 50.92755889892578, 526.8313598632812, 286.7123107910156, -161.888916015625, -239.40496826171875, 3.7691988945007324, 140.08616638183594, 56.67879867553711], [912.8529052734375, -368.85986328125, 64.51480865478516, -128.06808471679688, -465.28057861328125, -126.8185806274414, 286.7123107910156, 422.4529724121094, 44.19321823120117, -185.45333862304688, -71.06299591064453, 106.5444564819336, 53.18933868408203], [785.7952880859375, -453.3528747558594, -87.8783187866211, 162.16921997070312, -5.328629493713379, -115.75222778320312, -161.888916015625, 44.19321823120117, 235.9389190673828, 111.49689483642578, -74.71044158935547, -104.49197387695312, -14.931294441223145], [165.54563903808594, -171.9259796142578, -114.05424499511719, 177.10691833496094, 255.3956756591797, 17.960813522338867, -239.40496826171875, -185.45333862304688, 111.49689483642578, 254.28897094726562, 43.11604690551758, -137.53562927246094, -60.46877670288086], [-102.1163558959961, -5.237183570861816, 42.44359588623047, 43.56666946411133, 54.360774993896484, 70.89844512939453, 3.7691988945007324, -71.06299591064453, -74.71044158935547, 43.11604690551758, 158.7696990966797, 71.0542221069336, -45.00684356689453], [251.31640625, -234.2958221435547, 163.51925659179688, 39.394351959228516, -151.92147827148438, 4.88901948928833, 140.08616638183594, 106.5444564819336, -104.49197387695312, -137.53562927246094, 71.0542221069336, 242.14736938476562, 63.36381530761719], [125.65332794189453, -59.60395050048828, 11.6171875, 31.84061622619629, -32.27592468261719, -57.23640060424805, 56.67879867553711, 53.18933868408203, -14.931294441223145, -60.46877670288086, -45.00684356689453, 63.36381530761719, 121.0413589477539]], "lowlevel.mfcc.icov": [[0.000567499315366149, 0.0007050657295621932, 0.0006427423213608563, 0.00018182028725277632, 0.0009992070263251662, 0.00022673419152852148, 0.0004839586035814136, 9.005060746858362e-06, 0.00013963380479253829, -0.0004471641150303185, -0.00021394059876911342, -3.902967000612989e-05, -0.0004736502014566213], [0.0007050657295621932, 0.0017515065846964717, 0.0008946779416874051, 0.0018608432728797197, 0.0005971937789581716, 0.0010622332338243723, 0.00023137136304285377, 0.0012135121505707502, 0.00030636851442977786, 0.0003339148825034499, -0.0007557516219094396, 0.0004823555937036872, -0.0007537881610915065], [0.0006427423213608563, 0.0008946779416874051, 0.0026653092354536057, 0.00012478354619815946, 0.0015839755069464445, -0.00040751215419732034, 0.0003658925124909729, 0.0006757826777175069, 5.6092852901201695e-05, -0.00020979013061150908, 0.0002599791332613677, -0.0012771686306223273, -8.65579058881849e-05], [0.00018182028725277632, 0.0018608432728797197, 0.00012478354619815946, 0.005270542111247778, -0.0013772929087281227, 0.0025395178236067295, 0.00034337665420025587, 0.002213527448475361, -0.0006591954152099788, 0.000573585566598922, -0.0013634611386805773, -0.0007456407765857875, -0.0008821405936032534], [0.0009992070263251662, 0.0005971937789581716, 0.0015839755069464445, -0.0013772929087281227, 0.005554940551519394, -0.002081455895677209, 0.001034551882185042, 0.0019306191243231297, -0.00024689993006177247, -0.0021331508178263903, 0.00028554079472087324, -1.1954431101912633e-05, -0.0023524402640759945], [0.00022673419152852148, 0.0010622332338243723, -0.00040751215419732034, 0.0025395178236067295, -0.002081455895677209, 0.007848079316318035, -0.0017545626033097506, 0.0019649381283670664, 0.0017065665451809764, -0.0007855465519241989, 0.00031390078947879374, -0.001355457934550941, 0.003417346393689513], [0.0004839586035814136, 0.00023137136304285377, 0.0003658925124909729, 0.00034337665420025587, 0.001034551882185042, -0.0017545626033097506, 0.007824850268661976, -0.006042087450623512, 0.003870405489578843, 0.000834212638437748, -0.0024803809355944395, 0.0019205008866265416, -0.003110151272267103], [9.005060746858362e-06, 0.0012135121505707502, 0.0006757826777175069, 0.002213527448475361, 0.0019306191243231297, 0.0019649381283670664, -0.006042087450623512, 0.013943729922175407, -0.007248950190842152, 0.0037040801253169775, 0.0011575384996831417, -0.0027183585334569216, 0.0008966729510575533], [0.00013963380479253829, 0.00030636851442977786, 5.6092852901201695e-05, -0.0006591954152099788, -0.00024689993006177247, 0.0017065665451809764, 0.003870405489578843, -0.007248950190842152, 0.015818974003195763, -0.007705175783485174, 0.005761133972555399, 0.0012498112628236413, 0.0018781304825097322], [-0.0004471641150303185, 0.0003339148825034499, -0.00020979013061150908, 0.000573585566598922, -0.0021331508178263903, -0.0007855465519241989, 0.000834212638437748, 0.0037040801253169775, -0.007705175783485174, 0.01912250928580761, -0.01126075629144907, 0.00895667914301157, -0.0027339488733559847], [-0.00021394059876911342, -0.0007557516219094396, 0.0002599791332613677, -0.0013634611386805773, 0.00028554079472087324, 0.00031390078947879374, -0.0024803809355944395, 0.0011575384996831417, 0.005761133972555399, -0.01126075629144907, 0.020840173587203026, -0.01206101756542921, 0.010208976455032825], [-3.902967000612989e-05, 0.0004823555937036872, -0.0012771686306223273, -0.0007456407765857875, -1.1954431101912633e-05, -0.001355457934550941, 0.0019205008866265416, -0.0027183585334569216, 0.0012498112628236413, 0.00895667914301157, -0.01206101756542921, 0.017136096954345703, -0.008578673005104065], [-0.0004736502014566213, -0.0007537881610915065, -8.65579058881849e-05, -0.0008821405936032534, -0.0023524402640759945, 0.003417346393689513, -0.003110151272267103, 0.0008966729510575533, 0.0018781304825097322, -0.0027339488733559847, 0.010208976455032825, -0.008578673005104065, 0.01782623492181301]], "metadata.audio_properties.analysis.downmix": "mix", "metadata.audio_properties.codec": "mp3", "metadata.audio_properties.md5_encoded": "2610346eb76374be2095fa605eca620d", "metadata.tags.file_name": "1182264148197912587.mp3", "metadata.version.essentia": "2.1-beta6-dev", "metadata.version.essentia_git_sha": "v2.1_beta5-1110-g77a6a954", "metadata.version.extractor": "music 2.0", "tonal.chords_key": "F#", "tonal.chords_scale": "minor", "tonal.key_edma.key": "D", "tonal.key_edma.scale": "major", "tonal.key_krumhansl.key": "D", "tonal.key_krumhansl.scale": "major", "tonal.key_temperley.key": "D", "tonal.key_temperley.scale": "major", "metadata.tags.encoding": ["Lavf58.45.100"]}, "essentia_models": [{"model_name": "genre_dortmund", "activations": {"alternative": "0.058642752", "blues": "0.0061339396", "electronic": "0.43765175", "folkcountry": "0.006752617", "funksoulrnb": "0.026035072", "jazz": "0.049708333", "pop": "0.02833335", "raphiphop": "0.07497341", "rock": "0.28938925"}}, {"model_name": "genre_rosamerica", "activations": {"classic": "0.11636249", "dance": "0.015501054", "hip hop": "0.2129243", "jazz": "0.05626802", "pop": "0.22861713", "rhythm and blues": "0.0696093", "rock": "0.397461", "speech": "0.0050611002"}}, {"model_name": "genre_tzanetakis", "activations": {"blues": "0.00075121195", "classic": "0.02439299"