{"song_id": "1182270112879869962", "download": "https://cdn.discordapp.com/attachments/1128313332273782784/1182270112879869962/chirp.mp4?ex=658415d8&amp", "lyrics": "[verso]Estou cansada do meu carro, ja pensei em vender, mas o dinheiro que eu poderia pegar, n\u00e3o vai valer.\nConheci uma empresa, chamada overs\u00e1ine que faz customiza\u00e7\u00f5es.\nVou deixar meu carro la, pra ficar como sonhei quando comprei.\n[refr\u00e3o]Oh Oh Oh Oh OVERS\u00c1INE\nOh Oh Oh Oh OVERS\u00c1INE\n\n[verso]Deixei meu carro com o Vannucci, que me prometeu fazer, um trabalho muito bom, pro meu carro aparecer.\nEm apenas sete dias meu carro sera transformado, n\u00e3o vejo a hora de ver ele novamente\n[refrao]Oh Oh Oh Oh OVERS\u00c1INE\nOH OH OH OH OVERS\u00c1INE\n\n[verso] Hoje vou buscar meu carro com novo visual na overs\u00e1ine. Estou com tanta curiosidade para ver pronto.\n\nUAU, QUE LINDO, Amei\nParab\u00e9ns, meu sonho esta realizado.\n\n[refr\u00e3o] Oh Oh OH Oh Overs\u00e1ine", "style": ["africana"], "essentia_features": {"lowlevel.average_loudness": 0.5755260586738586, "lowlevel.barkbands_crest.mean": 14.99500560760498, "lowlevel.barkbands_crest.stdev": 5.940961837768555, "lowlevel.barkbands_flatness_db.mean": 0.2426222264766693, "lowlevel.barkbands_flatness_db.stdev": 0.07353834062814713, "lowlevel.barkbands_kurtosis.mean": 21.846078872680664, "lowlevel.barkbands_kurtosis.stdev": 76.34444427490234, "lowlevel.barkbands_skewness.mean": 2.527803659439087, "lowlevel.barkbands_skewness.stdev": 3.1184492111206055, "lowlevel.barkbands_spread.mean": 14.491884231567383, "lowlevel.barkbands_spread.stdev": 14.474071502685547, "lowlevel.dissonance.mean": 0.43251147866249084, "lowlevel.dissonance.stdev": 0.044540103524923325, "lowlevel.dynamic_complexity": 2.780785083770752, "lowlevel.erbbands_crest.mean": 13.262130737304688, "lowlevel.erbbands_crest.stdev": 5.391210079193115, "lowlevel.erbbands_flatness_db.mean": 0.23241770267486572, "lowlevel.erbbands_flatness_db.stdev": 0.05859633907675743, "lowlevel.erbbands_kurtosis.mean": 2.176370143890381, "lowlevel.erbbands_kurtosis.stdev": 3.8298697471618652, "lowlevel.erbbands_skewness.mean": 0.5739050507545471, "lowlevel.erbbands_skewness.stdev": 1.2269903421401978, "lowlevel.erbbands_spread.mean": 32.82258224487305, "lowlevel.erbbands_spread.stdev": 26.08079719543457, "lowlevel.hfc.mean": 22.17013931274414, "lowlevel.hfc.stdev": 18.856462478637695, "lowlevel.loudness_ebu128.integrated": -15.27061939239502, "lowlevel.loudness_ebu128.loudness_range": 4.446260452270508, "lowlevel.loudness_ebu128.momentary.mean": -16.099700927734375, "lowlevel.loudness_ebu128.momentary.stdev": 3.5926904678344727, "lowlevel.loudness_ebu128.short_term.mean": -15.705493927001953, "lowlevel.loudness_ebu128.short_term.stdev": 1.512685775756836, "lowlevel.melbands_crest.mean": 18.658336639404297, "lowlevel.melbands_crest.stdev": 7.520418643951416, "lowlevel.melbands_flatness_db.mean": 0.2886330187320709, "lowlevel.melbands_flatness_db.stdev": 0.09672138839960098, "lowlevel.melbands_kurtosis.mean": 39.15837097167969, "lowlevel.melbands_kurtosis.stdev": 115.30030059814453, "lowlevel.melbands_skewness.mean": 3.4422261714935303, "lowlevel.melbands_skewness.stdev": 3.659698963165283, "lowlevel.melbands_spread.mean": 20.033981323242188, "lowlevel.melbands_spread.stdev": 31.9620361328125, "lowlevel.pitch_salience.mean": 0.482493132352829, "lowlevel.pitch_salience.stdev": 0.1920546442270279, "lowlevel.silence_rate_20dB.mean": 1.0, "lowlevel.silence_rate_20dB.stdev": 0.0, "lowlevel.silence_rate_30dB.mean": 0.8707995414733887, "lowlevel.silence_rate_30dB.stdev": 0.335421621799469, "lowlevel.silence_rate_60dB.mean": 0.07821552455425262, "lowlevel.silence_rate_60dB.stdev": 0.2685115933418274, "lowlevel.spectral_centroid.mean": 1288.0238037109375, "lowlevel.spectral_centroid.stdev": 1034.3575439453125, "lowlevel.spectral_complexity.mean": 10.587485313415527, "lowlevel.spectral_complexity.stdev": 5.5146684646606445, "lowlevel.spectral_decrease.mean": -1.054971487945977e-08, "lowlevel.spectral_decrease.stdev": 1.015481565502796e-08, "lowlevel.spectral_energy.mean": 0.04182792827486992, "lowlevel.spectral_energy.stdev": 0.03896724432706833, "lowlevel.spectral_energyband_high.mean": 0.0005967871402390301, "lowlevel.spectral_energyband_high.stdev": 0.0011980454437434673, "lowlevel.spectral_energyband_low.mean": 0.02128724753856659, "lowlevel.spectral_energyband_low.stdev": 0.03879568353295326, "lowlevel.spectral_energyband_middle_high.mean": 0.00753058260306716, "lowlevel.spectral_energyband_middle_high.stdev": 0.011624535545706749, "lowlevel.spectral_energyband_middle_low.mean": 0.01292209792882204, "lowlevel.spectral_energyband_middle_low.stdev": 0.012028914876282215, "lowlevel.spectral_entropy.mean": 6.888916969299316, "lowlevel.spectral_entropy.stdev": 0.6142311096191406, "lowlevel.spectral_flux.mean": 0.06499619036912918, "lowlevel.spectral_flux.stdev": 0.04713728651404381, "lowlevel.spectral_kurtosis.mean": 6.744812965393066, "lowlevel.spectral_kurtosis.stdev": 4.6140875816345215, "lowlevel.spectral_rms.mean": 0.0056377132423222065, "lowlevel.spectral_rms.stdev": 0.0030039879493415356, "lowlevel.spectral_rolloff.mean": 1495.5980224609375, "lowlevel.spectral_rolloff.stdev": 2357.986083984375, "lowlevel.spectral_skewness.mean": 1.7302106618881226, "lowlevel.spectral_skewness.stdev": 0.6974970102310181, "lowlevel.spectral_spread.mean": 4271568.0, "lowlevel.spectral_spread.stdev": 3407579.75, "lowlevel.spectral_strongpeak.mean": 1.6725080013275146, "lowlevel.spectral_strongpeak.stdev": 1.7546732425689697, "lowlevel.zerocrossingrate.mean": 0.0530104823410511, "lowlevel.zerocrossingrate.stdev": 0.07089941948652267, "metadata.audio_properties.analysis.equal_loudness": 0.0, "metadata.audio_properties.analysis.length": 40.04265213012695, "metadata.audio_properties.analysis.sample_rate": 44100.0, "metadata.audio_properties.analysis.start_time": 0.0, "metadata.audio_properties.bit_rate": 117739.0, "metadata.audio_properties.length": 40.042667388916016, "metadata.audio_properties.lossless": 0.0, "metadata.audio_properties.number_channels": 1.0, "metadata.audio_properties.replay_gain": -10.951589584350586, "metadata.audio_properties.sample_rate": 48000.0, "rhythm.beats_count": 74.0, "rhythm.beats_loudness.mean": 0.05413056164979935, "rhythm.beats_loudness.stdev": 0.04275573790073395, "rhythm.bpm": 129.1565704345703, "rhythm.bpm_histogram_first_peak_bpm": 129.0, "rhythm.bpm_histogram_first_peak_weight": 0.5833333730697632, "rhythm.bpm_histogram_second_peak_bpm": 123.0, "rhythm.bpm_histogram_second_peak_spread": 0.1428571343421936, "rhythm.bpm_histogram_second_peak_weight": 0.16438356041908264, "rhythm.danceability": 1.0846081972122192, "rhythm.onset_rate": 3.645040988922119, "tonal.chords_changes_rate": 0.03703703731298447, "tonal.chords_number_rate": 0.008101851679384708, "tonal.chords_strength.mean": 0.5875035524368286, "tonal.chords_strength.stdev": 0.0850510522723198, "tonal.hpcp_crest.mean": 17.08871841430664, "tonal.hpcp_crest.stdev": 7.293718338012695, "tonal.hpcp_entropy.mean": 1.4646120071411133, "tonal.hpcp_entropy.stdev": 0.6395154595375061, "tonal.key_edma.strength": 0.7748457789421082, "tonal.key_krumhansl.strength": 0.7679255604743958, "tonal.key_temperley.strength": 0.7561787962913513, "tonal.tuning_diatonic_strength": 0.6284874677658081, "tonal.tuning_equal_tempered_deviation": 0.1996479332447052, "tonal.tuning_frequency": 434.193115234375, "tonal.tuning_nontempered_energy_ratio": 0.9736030101776123, "lowlevel.barkbands.mean": [0.0010707054752856493, 0.019487641751766205, 0.0005431125755421817, 0.00046064858906902373, 0.004092583432793617, 0.0014631656231358647, 0.0016852521803230047, 0.0014631376834586263, 0.0030624307692050934, 0.0014069374883547425, 0.0017522708512842655, 0.0009804406436160207, 0.0010044791270047426, 0.000542231893632561, 0.0006506038480438292, 0.00041577231604605913, 0.00038888122071512043, 0.00039796100463718176, 0.0001858443283708766, 0.00039351932355202734, 7.971232844283804e-05, 3.147899769828655e-05, 9.367257734993473e-05, 8.853275357978418e-05, 6.207619298947975e-05, 2.4236738681793213e-05, 6.622549335588701e-07], "lowlevel.barkbands.stdev": [0.003873318899422884, 0.036267369985580444, 0.0009878909913823009, 0.0008835343760438263, 0.006696522235870361, 0.002981094177812338, 0.004202049691230059, 0.004179191775619984, 0.007540485356003046, 0.004532372113317251, 0.005687228869646788, 0.003407195908948779, 0.003140362910926342, 0.0020783115178346634, 0.0022526467218995094, 0.0016057227039709687, 0.0012339516542851925, 0.0007477092440240085, 0.00035842633224092424, 0.0005840124795213342, 0.00016364791372325271, 0.0001857529568951577, 0.0004010548291262239, 0.00030920503195375204, 0.00024075871624518186, 0.00010577768989605829, 5.584524387813872e-06], "lowlevel.erbbands.mean": [0.743311882019043, 3.5768063068389893, 1.6189883947372437, 1.2455568313598633, 5.284145355224609, 17.29045867919922, 14.090719223022461, 12.899516105651855, 18.19530487060547, 32.809532165527344, 30.173599243164062, 84.68089294433594, 52.743324279785156, 47.688358306884766, 73.599853515625, 49.872886657714844, 44.495235443115234, 38.665103912353516, 40.928157806396484, 20.96843910217285, 20.843372344970703, 19.0983943939209, 24.016193389892578, 14.029319763183594, 9.356176376342773, 18.623489379882812, 8.015170097351074, 1.3221551179885864, 1.0294007062911987, 2.2162833213806152, 2.664691925048828, 1.7227593660354614, 1.553540825843811, 0.9349021315574646, 0.31557703018188477, 0.10868214815855026, 0.047752682119607925, 0.006421178579330444, 0.00015557516599074006, 5.335350942914374e-05], "lowlevel.erbbands.stdev": [1.592576026916504, 6.9256591796875, 3.4180312156677246, 2.3394615650177, 10.07906436920166, 31.711130142211914, 28.497034072875977, 26.349123001098633, 37.92119598388672, 82.82966613769531, 82.89945983886719, 195.6974334716797, 151.20892333984375, 171.3198699951172, 251.7770233154297, 163.997314453125, 129.42523193359375, 113.69438171386719, 138.8213348388672, 66.5368881225586, 60.07356643676758, 54.05469512939453, 44.95555114746094, 27.915498733520508, 14.304404258728027, 27.97911834716797, 12.819389343261719, 4.425652027130127, 6.218437671661377, 11.224632263183594, 11.02435302734375, 6.450194835662842, 5.41733455657959, 3.491116523742676, 1.306955337524414, 0.4847573935985565, 0.21730086207389832, 0.03362444043159485, 0.0007191122276708484, 4.739243377116509e-05], "lowlevel.gfcc.mean": [-65.86564636230469, 92.99359130859375, -130.7951202392578, 12.655981063842773, -64.81556701660156, -8.129586219787598, -45.61510467529297, 11.255494117736816, -37.46709442138672, -9.157319068908691, -8.092987060546875, -17.385459899902344, -2.600688934326172], "lowlevel.melbands.mean": [0.0060329744592309, 0.0020862556993961334, 0.0002942688297480345, 0.0008330803248099983, 0.0005873859627172351, 0.00027444600709713995, 0.0003155108424834907, 0.00035671377554535866, 0.0002307317772647366, 0.0005579562275670469, 0.0002412993198959157, 0.00017648232460487634, 0.00021280722285155207, 0.0001683890586718917, 7.005497900536284e-05, 0.00012026600597891957, 6.336990190902725e-05, 6.590227712877095e-05, 2.9282115065143444e-05, 3.831642970908433e-05, 2.1310386728146113e-05, 2.110862624249421e-05, 2.1682428268832155e-05, 1.756068922986742e-05, 1.094148956326535e-05, 5.29257567905006e-06, 9.78185471467441e-06, 1.3382659744820558e-05, 6.724970262439456e-06, 1.503007752035046e-06, 4.6440013079518394e-07, 5.276121441966097e-07, 6.930841323082859e-07, 1.4894166042722645e-06, 1.675290832281462e-06, 1.1614316690611304e-06, 1.0082931112265214e-06, 1.0824747960214154e-06, 1.0221548336630804e-06, 7.193924034254451e-07], "lowlevel.melbands.stdev": [0.011653417721390724, 0.004169128369539976, 0.00047266148612834513, 0.0014003219548612833, 0.001120063359849155, 0.0005610010121017694, 0.000699377793353051, 0.0009257427300326526, 0.0007407286320813, 0.001314901397563517, 0.0007498539634980261, 0.0006881921435706317, 0.0007101247902028263, 0.0004768559301737696, 0.0002786762488540262, 0.0003590311389416456, 0.00023914920166134834, 0.00023070965835358948, 8.731826528673992e-05, 0.00015790379256941378, 6.885106267873198e-05, 7.287904736585915e-05, 4.449799234862439e-05, 3.464552355580963e-05, 2.3773367502144538e-05, 9.44690873438958e-06, 1.7307607777183875e-05, 2.0847748601227067e-05, 1.1221204658795614e-05, 3.5776913591689663e-06, 2.4582818696217146e-06, 3.5504999686963856e-06, 3.968888449890073e-06, 7.527336492785253e-06, 7.067026217555394e-06, 4.561351943266345e-06, 3.7879426599829458e-06, 3.869905867759371e-06, 3.5422049222688656e-06, 2.861744633264607e-06], "lowlevel.melbands128.mean": [0.0010396663565188646, 0.006119800265878439, 0.008683544583618641, 0.005001862999051809, 0.0012356630759313703, 0.0002533474762458354, 0.00021959288278594613, 0.00023812594008632004, 0.0004605489084497094, 0.0009210584685206413, 0.0010759455617517233, 0.0008188331266865134, 0.00047326632193289697, 0.00025488180108368397, 0.0003364979929756373, 0.00025119949714280665, 0.0001699052518233657, 0.00033060036366805434, 0.0005305228987708688, 0.0003316827642265707, 0.00032698255381546915, 0.00022191606694832444, 0.00024022057186812162, 0.0001602846459718421, 0.0005999192944727838, 0.0008243389893323183, 0.00020968519675079733, 0.0002898768289014697, 8.338778570760041e-05, 0.00018563756020739675, 0.00024504639441147447, 0.00010285508324159309, 0.00014414291945286095, 0.0004416613664943725, 7.250434282468632e-05, 0.00017312366981059313, 0.00015328811423387378, 2.5173951144097373e-05, 4.703831291408278e-05, 0.00011110521882073954, 0.00017573742661625147, 5.603452154900879e-05, 6.245775875868276e-05, 7.493844896089286e-05, 2.9917669962742366e-05, 9.327562293037772e-05, 7.384687341982499e-05, 2.0774483346031047e-05, 1.531506859464571e-05, 1.51660406118026e-05, 6.387544272001833e-05, 3.585933518479578e-05, 6.4315777308365796e-06, 2.4663353542564437e-05, 3.033907887584064e-05, 1.9558017811505124e-05, 1.275128852284979e-05, 1.7859721992863342e-05, 2.5993331291829236e-05, 3.0440489354077727e-05, 1.2929394870297983e-05, 1.013354540191358e-05, 1.999283631448634e-05, 8.132520633807871e-06, 2.7353453333489597e-06, 6.491919521067757e-06, 5.546729880734347e-06, 4.264732069714228e-06, 1.3268614566186443e-05, 1.506741773482645e-05, 7.860305231588427e-06, 2.1480818759300746e-05, 7.028988875390496e-06, 5.0975709200429264e-06, 3.0463299935945543e-06, 1.5977930161170661e-06, 8.807293738755106e-07, 4.3301119490024575e-07, 4.212250530599704e-07, 4.2547648604340793e-07, 5.322876290847489e-07, 5.91942296068737e-07, 5.033335810367134e-07, 6.196043500494852e-07, 8.749429412091558e-07, 1.3213690408520051e-06, 1.7807410586101469e-06, 1.6852519593157922e-06, 1.8489870399207575e-06, 1.5260714008036302e-06, 1.2135542419855483e-06, 1.104639409277297e-06, 9.726012422106578e-07, 9.750907565830857e-07, 1.0770977496576961e-06, 1.0005080639530206e-06, 1.056084897754772e-06, 1.2235835811225115e-06, 1.076596731763857e-06, 8.906787343221367e-07, 8.732314427106758e-07, 7.192793987087498e-07, 5.159491252015869e-07, 3.7332989677452133e-07, 3.488144955099415e-07, 2.8464876322686905e-07, 2.477260352407029e-07, 1.749641569404048e-07, 1.778683156317129e-07, 1.6321742180025467e-07, 1.5873908409957949e-07, 1.542586005598423e-07, 1.7983452949010825e-07, 1.463255046019185e-07, 1.0594305877020815e-07, 7.050486061643824e-08, 2.6477930958890283e-08, 5.228503852094946e-09, 6.276415498440713e-11, 6.804318393449638e-12, 6.607354420540279e-12, 6.454467169070277e-12, 6.3074619312264435e-12, 6.192183918396488e-12, 6.066329296533501e-12, 5.921900990413231e-12, 5.8335562942712915e-12, 5.7958585847339705e-12], "lowlevel.melbands128.stdev": [0.0037723383866250515, 0.01502764131873846, 0.016590027138590813, 0.010396011173725128, 0.003042865777388215, 0.0004779079172294587, 0.0005615001427941024, 0.00043987695244140923, 0.0012121732579544187, 0.0019206221913918853, 0.002178686438128352, 0.002220544731244445, 0.0011571564245969057, 0.000897931051440537, 0.0008538278052583337, 0.0006372497300617397, 0.00048584077740088105, 0.0009494034457020462, 0.0016090095741674304, 0.001043224474415183, 0.0013751144288107753, 0.0007493869052268565, 0.0010012183338403702, 0.0012731538154184818, 0.0014979460975155234, 0.0022833950351923704, 0.0009333927882835269, 0.0013084921520203352, 0.0004561346722766757, 0.0008658255101181567, 0.0012211870634928346, 0.0005520970444194973, 0.0005932700005359948, 0.0017947085434570909, 0.0003614395100157708, 0.0007371836109086871, 0.0006707038264721632, 0.00021529584773816168, 0.00046328300959430635, 0.00036340777296572924, 0.0006099515012465417, 0.000327379850205034, 0.00032357763848267496, 0.00038321048486977816, 0.00016298654372803867, 0.0004600142128765583, 0.00028562513762153685, 9.905532351695001e-05, 0.00010911985737038776, 9.647748083807528e-05, 0.00032598755205981433, 0.0001392500998917967, 3.3748012356227264e-05, 0.00013522154767997563, 0.00013257925456855446, 0.00011809143325081095, 3.9387035940308124e-05, 7.34458226361312e-05, 6.320586544461548e-05, 6.555996515089646e-05, 4.5904653234174475e-05, 3.4451542887836695e-05, 5.546928878175095e-05, 2.0575651433318853e-05, 7.94829520600615e-06, 1.4476287105935626e-05, 1.1506443115649745e-05, 9.308532753493637e-06, 3.1744530133437365e-05, 3.540884790709242e-05, 1.8769731468637474e-05, 4.502631418290548e-05, 1.596456604602281e-05, 1.1869636182382237e-05, 7.976482265803497e-06, 4.449174866749672e-06, 3.6448691389523447e-06, 2.3047423383104615e-06, 2.5093006570386933e-06, 2.9142686344130198e-06, 3.948045105062192e-06, 4.335143330536084e-06, 3.214297748854733e-06, 3.7134593640075764e-06, 4.957667897542706e-06, 7.612696208525449e-06, 9.65040635492187e-06, 7.325511433009524e-06, 8.195904229069129e-06, 6.78344304105849e-06, 4.979239292879356e-06, 4.456705937627703e-06, 4.123292455915362e-06, 4.01753868572996e-06, 4.124576207686914e-06, 3.738248324225424e-06, 4.01680017603212e-06, 4.769610313815065e-06, 3.7270490338414675e-06, 3.3834410260169534e-06, 3.6011340398545144e-06, 3.0506075745506678e-06, 2.325961304450175e-06, 1.6759959180490114e-06, 1.6360647805413464e-06, 1.2984992281417362e-06, 1.1422177976783132e-06, 8.910229212233389e-07, 1.0115355735251796e-06, 8.592370477344957e-07, 8.121785413095495e-07, 7.37667505745776e-07, 9.04381863620074e-07, 7.742673915345222e-07, 6.701511097162438e-07, 3.855844568079192e-07, 2.062496236021616e-07, 6.434289900880685e-08, 1.4671717174508103e-09, 1.2073527073941381e-11, 1.1761574353341686e-11, 1.1507576141989162e-11, 1.1257823666344091e-11, 1.1062082673485296e-11, 1.08972839432675e-11, 1.0764322593004305e-11, 1.0668734125307555e-11, 1.060997904117622e-11], "lowlevel.mfcc.mean": [-710.307861328125, 128.2710418701172, -14.157792091369629, 12.598949432373047, 4.077264308929443, -29.733381271362305, 9.186269760131836, -10.373983383178711, -12.663784980773926, 5.350834369659424, -21.36969757080078, 0.17708979547023773, -9.114097595214844], "lowlevel.spectral_contrast_coeffs.mean": [-0.586326003074646, -0.6576277613639832, -0.6798679232597351, -0.736014723777771, -0.744886040687561, -0.785988986492157], "lowlevel.spectral_contrast_coeffs.stdev": [0.1251559555530548, 0.10342089831829071, 0.11020024120807648, 0.08970070630311966, 0.06684615463018417, 0.04492274299263954], "lowlevel.spectral_contrast_valleys.mean": [-8.213242530822754, -7.766015529632568, -8.522469520568848, -8.730989456176758, -8.333883285522461, -11.509476661682129], "lowlevel.spectral_contrast_valleys.stdev": [1.8635848760604858, 1.505540370941162, 1.504246711730957, 1.4424103498458862, 1.5356007814407349, 1.556510329246521], "rhythm.beats_loudness_band_ratio.mean": [0.2668151259422302, 0.1892053484916687, 0.23913301527500153, 0.21605530381202698, 0.08522982895374298, 0.04856330528855324], "rhythm.beats_loudness_band_ratio.stdev": [0.32872965931892395, 0.23333652317523956, 0.22944241762161255, 0.254268616437912, 0.09094352275133133, 0.12979494035243988], "tonal.hpcp.mean": [0.1600029319524765, 0.1859956830739975, 0.10507935285568237, 0.20681284368038177, 0.20335905253887177, 0.05743364989757538, 0.01507415808737278, 0.015359069220721722, 0.036316677927970886, 0.1857704222202301, 0.20245878398418427, 0.052155327051877975, 0.013673131354153156, 0.013084272854030132, 0.020711664110422134, 0.18069495260715485, 0.24606287479400635, 0.08686161041259766, 0.013437599875032902, 0.008679314516484737, 0.010589462704956532, 0.027336547151207924, 0.03216700628399849, 0.03773344308137894, 0.22510650753974915, 0.2645779252052307, 0.07713638246059418, 0.024106306955218315, 0.020115835592150688, 0.021397123113274574, 0.10945812612771988, 0.12446878850460052, 0.04099607840180397, 0.02514859288930893, 0.017899658530950546, 0.03202888369560242], "tonal.hpcp.stdev": [0.3054320216178894, 0.3346315622329712, 0.22021548449993134, 0.35447418689727783, 0.3621944785118103, 0.15208113193511963, 0.08381317555904388, 0.08813392370939255, 0.13242344558238983, 0.31001678109169006, 0.3295266032218933, 0.12575559318065643, 0.07418358325958252, 0.08817296475172043, 0.0929764062166214, 0.2742219865322113, 0.37409883737564087, 0.17140236496925354, 0.07707672566175461, 0.05543547496199608, 0.04019177332520485, 0.09526321291923523, 0.11611661314964294, 0.11676958203315735, 0.3126749098300934, 0.3554541766643524, 0.13993187248706818, 0.08263234049081802, 0.08526528626680374, 0.08345751464366913, 0.25972461700439453, 0.28943583369255066, 0.11653335392475128, 0.10684924572706223, 0.09180407971143723, 0.10397730022668839], "rhythm.beats_position": [0.7314285635948181, 1.4396371841430664, 2.14784574508667, 2.879274368286133, 3.599092960357666, 4.330521583557129, 5.073559761047363, 5.804988384246826, 6.524806976318359, 7.256235599517822, 7.964444160461426, 8.672653198242188, 9.369251251220703, 10.100680351257324, 10.79727840423584, 11.493877410888672, 12.097596168518066, 12.71292495727539, 13.328253746032715, 13.93197250366211, 14.535691261291504, 15.023310661315918, 15.510929107666016, 15.99854850769043, 16.451337814331055, 16.90412712097168, 17.368526458740234, 17.832923889160156, 18.32054328918457, 18.796552658081055, 19.27256202697754, 19.760181427001953, 20.247800827026367, 20.73541831970215, 21.234647750854492, 21.722267150878906, 22.22149658203125, 22.709115982055664, 23.196733474731445, 23.6611328125, 24.137142181396484, 24.61315155029297, 25.089160919189453, 25.565170288085938, 26.029569625854492, 26.493967056274414, 26.981586456298828, 27.469205856323242, 27.945215225219727, 28.42122459411621, 28.885623931884766, 29.350021362304688, 29.802810668945312, 30.255599975585938, 30.696779251098633, 31.161178588867188, 31.625577926635742, 32.0899772644043, 32.55437469482422, 33.0303840637207, 33.50639343261719, 33.98240280151367, 34.4351921081543, 34.87636947631836, 35.305938720703125, 35.75872802734375, 36.22312927246094, 36.68752670288086, 37.140316009521484, 37.59310531616211, 38.045894622802734, 38.49868392944336, 38.96308135986328, 39.42748260498047], "rhythm.bpm_histogram": [0.0, 0.0, 0.0, 0.0, 0.0, 0.0, 0.0, 0.0, 0.0, 0.0, 0.0, 0.0, 0.0, 0.0, 0.0, 0.0, 0.0, 0.0, 0.0, 0.0, 0.0, 0.0, 0.0, 0.0, 0.0, 0.0, 0.0, 0.0, 0.0, 0.0, 0.0, 0.0, 0.0, 0.0, 0.0, 0.0, 0.0, 0.0, 0.0, 0.0, 0.0, 0.0, 0.0, 0.0, 0.0, 0.0, 0.0, 0.0, 0.0, 0.0, 0.0, 0.0, 0.0, 0.0, 0.0, 0.0, 0.0, 0.0, 0.0, 0.0, 0.0, 0.0, 0.0, 0.0, 0.0, 0.0, 0.0, 0.0, 0.0, 0.0, 0.0, 0.0, 0.0, 0.0, 0.0, 0.0, 0.0, 0.0, 0.0, 0.0, 0.0, 0.013698630034923553, 0.06849315017461777, 0.027397260069847107, 0.0, 0.054794520139694214, 0.04109589010477066, 0.0, 0.0, 0.0, 0.0, 0.0, 0.0, 0.0, 0.0, 0.0, 0.0, 0.0, 0.027397260069847107, 0.04109589010477066, 0.0, 0.0, 0.0, 0.0, 0.0, 0.0, 0.0, 0.0, 0.0, 0.0, 0.0, 0.0, 0.0, 0.0, 0.0, 0.0, 0.0, 0.0, 0.0, 0.0, 0.027397260069847107, 0.0, 0.0, 0.16438356041908264, 0.0, 0.0, 0.15068493783473969, 0.0, 0.0, 0.2054794579744339, 0.0, 0.0, 0.0, 0.13698630034923553, 0.0, 0.0, 0.027397260069847107, 0.0, 0.0, 0.0, 0.013698630034923553, 0.0, 0.0, 0.0, 0.0, 0.0, 0.0, 0.0, 0.0, 0.0, 0.0, 0.0, 0.0, 0.0, 0.0, 0.0, 0.0, 0.0, 0.0, 0.0, 0.0, 0.0, 0.0, 0.0, 0.0, 0.0, 0.0, 0.0, 0.0, 0.0, 0.0, 0.0, 0.0, 0.0, 0.0, 0.0, 0.0, 0.0, 0.0, 0.0, 0.0, 0.0, 0.0, 0.0, 0.0, 0.0, 0.0, 0.0, 0.0, 0.0, 0.0, 0.0, 0.0, 0.0, 0.0, 0.0, 0.0, 0.0, 0.0, 0.0, 0.0, 0.0, 0.0, 0.0, 0.0, 0.0, 0.0, 0.0, 0.0, 0.0, 0.0, 0.0, 0.0, 0.0, 0.0, 0.0, 0.0, 0.0, 0.0, 0.0, 0.0, 0.0, 0.0, 0.0, 0.0, 0.0, 0.0, 0.0, 0.0, 0.0, 0.0, 0.0, 0.0, 0.0, 0.0, 0.0, 0.0, 0.0, 0.0, 0.0, 0.0, 0.0, 0.0, 0.0, 0.0, 0.0, 0.0, 0.0, 0.0, 0.0], "tonal.chords_histogram": [39.699073791503906, 24.074073791503906, 21.990739822387695, 5.439815044403076, 0.0, 0.0, 1.9675925970077515, 0.0, 0.0, 0.0, 0.0, 0.0, 0.0, 0.0, 0.0, 0.0, 0.0, 3.5879628658294678, 0.0, 0.11574073880910873, 0.0, 0.0, 0.0, 3.125], "tonal.thpcp": [1.0, 0.291545033454895, 0.09111231565475464, 0.07602991163730621, 0.08087266981601715, 0.4137084484100342, 0.47044283151626587, 0.15494897961616516, 0.09505174309015274, 0.06765363365411758, 0.12105651944875717, 0.6047478318214417, 0.7029901742935181, 0.3971584141254425, 0.7816708087921143, 0.7686168551445007, 0.21707649528980255, 0.05697435885667801, 0.0580512136220932, 0.13726268708705902, 0.7021387815475464, 0.765214204788208, 0.19712652266025543, 0.051679033786058426, 0.049453381448984146, 0.07828190177679062, 0.6829555034637451, 0.9300204515457153, 0.3283025622367859, 0.050788816064596176, 0.032804377377033234, 0.040023982524871826, 0.10332134366035461, 0.12157857418060303, 0.14261750876903534, 0.850813627243042], "lowlevel.gfcc.cov": [[13305.21875, -168.65176391601562, -1032.0977783203125, 262.8919982910156, -180.8730926513672, 198.33592224121094, 87.78363800048828, 438.9793701171875, -202.03683471679688, 243.06524658203125, 136.5780487060547, 50.31135559082031, 31.372838973999023], [-168.65176391601562, 2330.64794921875, -279.0741882324219, 128.98394775390625, 651.8785400390625, -167.97100830078125, 479.657958984375, 30.562570571899414, 159.7481231689453, -30.407800674438477, 309.9700012207031, -219.443603515625, 225.76522827148438], [-1032.0977783203125, -279.0741882324219, 2121.75830078125, 923.2333374023438, 297.8127136230469, 349.44464111328125, 10.071480751037598, 163.76478576660156, 478.9993591308594, 206.0242919921875, -74.52462768554688, 398.6281433105469, -77.40480041503906], [262.8919982910156, 128.98394775390625, 923.2333374023438, 1171.199951171875, 540.7195434570312, 83.4002685546875, 155.13092041015625, 201.25540161132812, 464.58624267578125, 190.83807373046875, 49.10026168823242, 292.7702941894531, 153.503173828125], [-180.8730926513672, 651.8785400390625, 297.8127136230469, 540.7195434570312, 1175.307861328125, 419.5848083496094, 609.1173706054688, 293.12554931640625, 346.0801696777344, 286.0557861328125, 298.8353271484375, 142.4600830078125, 232.68612670898438], [198.33592224121094, -167.97100830078125, 349.44464111328125, 83.4002685546875, 419.5848083496094, 737.1278076171875, 449.1706848144531, 99.35428619384766, 57.366798400878906, 195.5542755126953, 206.11390686035156, 82.82430267333984, 12.639429092407227], [87.78363800048828, 479.657958984375, 10.071480751037598, 155.13092041015625, 609.1173706054688, 449.1706848144531, 796.3982543945312, 206.70504760742188, 67.5830307006836, 186.16175842285156, 347.3945617675781, 28.09470558166504, 162.83384704589844], [438.9793701171875, 30.562570571899414, 163.76478576660156, 201.25540161132812, 293.12554931640625, 99.35428619384766, 206.70504760742188, 369.9732360839844, 157.38555908203125, 98.41434478759766, 94.44743347167969, 66.35271453857422, 77.2291488647461], [-202.03683471679688, 159.7481231689453, 478.9993591308594, 464.58624267578125, 346.0801696777344, 57.366798400878906, 67.5830307006836, 157.38555908203125, 423.6574401855469, 122.08372497558594, 1.3027006387710571, 130.23175048828125, 81.79627990722656], [243.06524658203125, -30.407800674438477, 206.0242919921875, 190.83807373046875, 286.0557861328125, 195.5542755126953, 186.16175842285156, 98.41434478759766, 122.08372497558594, 228.096923828125, 104.21498107910156, 86.18048858642578, 49.09652328491211], [136.5780487060547, 309.9700012207031, -74.52462768554688, 49.10026168823242, 298.8353271484375, 206.11390686035156, 347.3945617675781, 94.44743347167969, 1.3027006387710571, 104.21498107910156, 328.5289611816406, 13.533289909362793, 109.46468353271484], [50.31135559082031, -219.443603515625, 398.6281433105469, 292.7702941894531, 142.4600830078125, 82.82430267333984, 28.09470558166504, 66.35271453857422, 130.23175048828125, 86.18048858642578, 13.533289909362793, 229.42640686035156, 35.57777404785156], [31.372838973999023, 225.76522827148438, -77.40480041503906, 153.503173828125, 232.68612670898438, 12.639429092407227, 162.83384704589844, 77.2291488647461, 81.79627990722656, 49.09652328491211, 109.46468353271484, 35.57777404785156, 222.05967712402344]], "lowlevel.gfcc.icov": [[0.00011382020602468401, -0.00010870279220398515, 0.00018789953901432455, -0.00019785600306931883, 0.0002027873124461621, -0.0002306888491148129, 0.00013585772830992937, -0.0002828529104590416, 0.00016803358448669314, -0.00025862568872980773, 8.842745592119172e-05, -0.0001961294183274731, 7.921202632132918e-05], [-0.00010870279220398515, 0.0012126307701691985, -0.000456953450338915, 0.0003108560049440712, -0.0009567518718540668, 0.00124149932526052, -0.0007738690474070609, 0.0009282951359637082, -0.0007032833527773619, 0.001013006316497922, -0.0009308521402999759, 0.0016556892078369856, -0.00018650419951882213], [0.00018789953901432455, -0.000456953450338915, 0.001548963482491672, -0.0009934630943462253, 0.0007748471689410508, -0.001228436711244285, 0.00048190244706347585, -0.0006912347744219005, -0.00021727598505094647, -0.000555089209228754, 0.0005112829967401922, -0.0016559871146455407, 0.001025780220516026], [-0.00019785600306931883, 0.0003108560049440712, -0.0009934630943462253, 0.0026815999299287796, -0.000902490399312228, 0.0011621022131294012, -0.0005030923057347536, 0.0007035221788100898, -0.0014088164316490293, 0.00040413837996311486, -0.00023171080101747066, -0.000562685017939657, -0.0008503659628331661], [0.0002027873124461621, -0.0009567518718540668, 0.0007748471689410508, -0.000902490399312228, 0.0032852105796337128, -0.0016015316359698772, -0.00019142778182867914, -0.0012278624344617128, -0.0004276155377738178, -0.0017439416842535138, 0.00044772500405088067, -0.0013016803422942758, -0.00041489663999527693], [-0.0002306888491148129, 0.00124149932526052, -0.001228436711244285, 0.0011621022131294012, -0.0016015316359698772, 0.004385204985737801, -0.0021995941642671824, 0.0015428634360432625, -0.0005427309079095721, 0.000140413612825796, -0.00124027777928859, 0.001358490320853889, 0.000606381450779736], [0.00013585772830992937, -0.0007738690474070609, 0.00048190244706347585, -0.0005030923057347536, -0.00019142778182867914, -0.0021995941642671824, 0.004377673380076885, -0.0014790723798796535, 0.0011265059001743793, -0.0008186022751033306, -0.0013164611300453544, -0.0003187530965078622, -0.0006205104291439056], [-0.0002828529104590416, 0.0009282951359637082, -0.0006912347744219005, 0.0007035221788100898, -0.0012278624344617128, 0.0015428634360432625, -0.0014790723798796535, 0.004915821831673384, -0.001751007861457765, 0.0007988156285136938, -0.0009074267582036555, 0.0010125783737748861, -0.0003038998111151159], [0.00016803358448669314, -0.0007032833527773619, -0.00021727598505094647, -0.0014088164316490293, -0.0004276155377738178, -0.0005427309079095721, 0.0011265059001743793, -0.001751007861457765, 0.006198525428771973, -0.0017388297710567713, 0.0015947067877277732, -0.0005480979452840984, -0.000745787809137255], [-0.00025862568872980773, 0.001013006316497922, -0.000555089209228754, 0.00040413837996311486, -0.0017439416842535138, 0.000140413612825796, -0.0008186022751033306, 0.0007988156285136938, -0.0017388297710567713, 0.00906042568385601, -0.0018405753653496504, 3.470449155429378e-05, 0.00021466048201546073], [8.842745592119172e-05, -0.0009308521402999759, 0.0005112829967401922, -0.00023171080101747066, 0.00044772500405088067, -0.00124027777928859, -0.0013164611300453544, -0.0009074267582036555, 0.0015947067877277732, -0.0018405753653496504, 0.0071351793594658375, -0.001337690046057105, -0.0013287788024172187], [-0.0001961294183274731, 0.0016556892078369856, -0.0016559871146455407, -0.000562685017939657, -0.0013016803422942758, 0.001358490320853889, -0.0003187530965078622, 0.0010125783737748861, -0.0005480979452840984, 3.470449155429378e-05, -0.001337690046057105, 0.010248721577227116, -0.0014640393201261759], [7.921202632132918e-05, -0.00018650419951882213, 0.001025780220516026, -0.0008503659628331661, -0.00041489663999527693, 0.000606381450779736, -0.0006205104291439056, -0.0003038998111151159, -0.000745787809137255, 0.00021466048201546073, -0.0013287788024172187, -0.0014640393201261759, 0.0077048963867127895]], "lowlevel.mfcc.cov": [[7988.64990234375, -292.54388427734375, -711.3494873046875, 93.82101440429688, -37.740230560302734, -233.9514617919922, 402.3483581542969, 11.777247428894043, -51.867332458496094, 374.831298828125, -99.6859130859375, 64.97972106933594, 149.09510803222656], [-292.54388427734375, 2092.1748046875, -579.3489990234375, 193.7498016357422, 83.01363372802734, 16.182058334350586, 446.9346618652344, 9.302462577819824, 76.76373291015625, 145.5759735107422, 58.204498291015625, 162.23646545410156, 34.855472564697266], [-711.3494873046875, -579.3489990234375, 1752.4649658203125, 417.48583984375, 256.3272399902344, 334.8833923339844, -383.4318542480469, 204.34239196777344, 174.73170471191406, -144.8095703125, 214.61439514160156, 53.75642776489258, 134.3367919921875], [93.82101440429688, 193.7498016357422, 417.48583984375, 1199.6329345703125, 471.37158203125, 233.01937866210938, -80.41316223144531, 230.8834991455078, 408.5297546386719, -1.7269634008407593, 193.52978515625, 234.49510192871094, 232.38565063476562], [-37.740230560302734, 83.01363372802734, 256.3272399902344, 471.37158203125, 635.4419555664062, 258.0697021484375, 63.707332611083984, 196.33401489257812, 275.5052795410156, 138.03810119628906, 161.02340698242188, 189.59413146972656, 167.58665466308594], [-233.9514617919922, 16.182058334350586, 334.8833923339844, 233.01937866210938, 258.0697021484375, 797.2247924804688, 263.3161315917969, 220.28329467773438, 146.935302734375, 156.76779174804688, 286.1206970214844, 9.730016708374023, 148.44564819335938], [402.3483581542969, 446.9346618652344, -383.4318542480469, -80.41316223144531, 63.707332611083984, 263.3161315917969, 974.3929443359375, 194.6742706298828, 16.45014762878418, 312.2716979980469, 113.30314636230469, 190.13050842285156, 89.39769744873047], [11.777247428894043, 9.302462577819824, 204.34239196777344, 230.8834991455078, 196.33401489257812, 220.28329467773438, 194.6742706298828, 308.79669189453125, 171.4331817626953, 104.61468505859375, 143.71409606933594, 104.02054595947266, 129.09957885742188], [-51.867332458496094, 76.76373291015625, 174.73170471191406, 408.5297546386719, 275.5052795410156, 146.935302734375, 16.45014762878418, 171.4331817626953, 378.0976867675781, 93.70178985595703, 117.02188110351562, 126.3004150390625, 130.14694213867188], [374.831298828125, 145.5759735107422, -144.8095703125, -1.7269634008407593, 138.03810119628906, 156.76779174804688, 312.2716979980469, 104.61468505859375, 93.70178985595703, 294.286865234375, 91.8778076171875, 74.78196716308594, 61.120723724365234], [-99.6859130859375, 58.204498291015625, 214.61439514160156, 193.52978515625, 161.02340698242188, 286.1206970214844, 113.30314636230469, 143.71409606933594, 117.02188110351562, 91.8778076171875, 267.4613342285156, 86.9112319946289, 83.59147644042969], [64.97972106933594, 162.23646545410156, 53.75642776489258, 234.49510192871094, 189.59413146972656, 9.730016708374023, 190.13050842285156, 104.02054595947266, 126.3004150390625, 74.78196716308594, 86.9112319946289, 265.6396484375, 88.15953826904297], [149.09510803222656, 34.855472564697266, 134.3367919921875, 232.38565063476562, 167.58665466308594, 148.44564819335938, 89.39769744873047, 129.09957885742188, 130.14694213867188, 61.120723724365234, 83.59147644042969, 88.15953826904297, 201.66773986816406]], "lowlevel.mfcc.icov": [[0.00015449961938429624, 6.004187525832094e-05, 4.6440753067145124e-05, -0.00010459873010404408, 5.0534901674836874e-05, 9.271378075936809e-05, -2.1363168343668804e-05, 2.855275488400366e-05, 0.0001239375997101888, -0.00028870804817415774, 3.38776117132511e-05, 4.4071093725506216e-05, -0.00017984467558562756], [6.004187525832094e-05, 0.0006335717043839395, 0.00020097069500479847, -0.00020332149870228022, 3.5994919471704634e-06, 8.084251021500677e-05, -0.000273075420409441, 0.0002641831524670124, -3.447109702392481e-05, -4.957365308655426e-05, -0.00018093186372425407, -8.14387749414891e-05, -1.6172489267773926e-05], [4.6440753067145124e-05, 0.00020097069500479847, 0.0009855381213128567, -4.774119588546455e-05, -3.0207011150196195e-05, -0.000342026527505368, 0.00046525412471964955, -0.0004952862509526312, 0.00011509084288263693, 0.00041025999234989285, -0.0003388220211490989, -0.00040067333611659706, -0.00016588544531259686], [-0.00010459873010404408, -0.00020332149870228022, -4.774119588546455e-05, 0.001919493661262095, -0.0005386287812143564, -0.00024268761626444757, 0.00029663744498975575, -0.0001545479171909392, -0.001234155148267746, 0.00111988780554384, -0.0002174491382902488, -0.0007524354150518775, -0.0005977984983474016], [5.0534901674836874e-05, 3.5994919471704634e-06, -3.0207011150196195e-05, -0.0005386287812143564, 0.0033356959465891123, -0.0007344030891545117, 0.0007313729729503393, -0.0003635829489212483, -0.0005099319387227297, -0.0013768865028396249, 0.0004645691951736808, -0.0016409006202593446, -0.0004488913400564343], [9.271378075936809e-05, 8.084251021500677e-05, -0.000342026527505368, -0.00024268761626444757, -0.0007344030891545117, 0.0031509522814303637, -0.0011039776727557182, 3.75965355488006e-05, 2.8506054150057025e-05, -0.0001963856047950685, -0.0025215563364326954, 0.0025423900224268436, -0.0008439069497399032], [-2.1363168343668804e-05, -0.000273075420409441, 0.00046525412471964955, 0.00029663744498975575, 0.0007313729729503393, -0.0011039776727557182, 0.0028339922428131104, -0.0014455122873187065, 0.0009556523291394114, -0.0017919442616403103, 0.0007533305906690657, -0.00229147681966424, -9.899202996166423e-05], [2.855275488400366e-05, 0.0002641831524670124, -0.0004952862509526312, -0.0001545479171909392, -0.0003635829489212483, 3.75965355488006e-05, -0.0014455122873187065, 0.00684198085218668, -0.0016129158902913332, 2.706163058974198e-06, -0.0013535830657929182, 0.00042443632264621556, -0.0016078705666586757], [0.0001239375997101888, -3.447109702392481e-05, 0.00011509084288263693, -0.001234155148267746, -0.0005099319387227297, 2.8506054150057025e-05, 0.0009556523291394114, -0.0016129158902913332, 0.005917202681303024, -0.0018982425099238753, 0.00010780222510220483, -0.0007129090954549611, -0.0007049397099763155], [-0.00028870804817415774, -4.957365308655426e-05, 0.00041025999234989285, 0.00111988780554384, -0.0013768865028396249, -0.0001963856047950685, -0.0017919442616403103, 2.706163058974198e-06, -0.0018982425099238753, 0.00754729937762022, -0.0013778298161923885, 0.0005227717920206487, 1.9845914721372537e-05], [3.38776117132511e-05, -0.00018093186372425407, -0.0003388220211490989, -0.0002174491382902488, 0.0004645691951736808, -0.0025215563364326954, 0.0007533305906690657, -0.0013535830657929182, 0.00010780222510220483, -0.0013778298161923885, 0.008078471757471561, -0.0023640086874365807, 0.0005180084845051169], [4.4071093725506216e-05, -8.14387749414891e-05, -0.00040067333611659706, -0.0007524354150518775, -0.0016409006202593446, 0.0025423900224268436, -0.00229147681966424, 0.00042443632264621556, -0.0007129090954549611, 0.0005227717920206487, -0.0023640086874365807, 0.008412529714405537, -0.00104434322565794], [-0.00017984467558562756, -1.6172489267773926e-05, -0.00016588544531259686, -0.0005977984983474