{"song_id": "1182268739446636615", "download": "https://cdn.discordapp.com/attachments/1128313332273782784/1182268739446636615/chirp.mp4?ex=65841490&amp", "lyrics": "[Verse]\nWaking up, the sun's barely shining\nLiving alone, feeling the emptiness inside\nMissing home, where I belong\nBut I gotta keep going, gotta stay strong\n\n[Chorus]\nEvery day, I'll chase my dreams\nWorking hard, it's not as easy as it seems\nFar away, from the ones I love\nBut I'll keep pushing, to rise above", "style": ["pop"], "essentia_features": {"lowlevel.average_loudness": 0.9821071624755859, "lowlevel.barkbands_crest.mean": 17.23770523071289, "lowlevel.barkbands_crest.stdev": 4.471493244171143, "lowlevel.barkbands_flatness_db.mean": 0.25184372067451477, "lowlevel.barkbands_flatness_db.stdev": 0.08090478181838989, "lowlevel.barkbands_kurtosis.mean": 40.315399169921875, "lowlevel.barkbands_kurtosis.stdev": 67.0259017944336, "lowlevel.barkbands_skewness.mean": 4.485148906707764, "lowlevel.barkbands_skewness.stdev": 3.0467593669891357, "lowlevel.barkbands_spread.mean": 12.647844314575195, "lowlevel.barkbands_spread.stdev": 13.83740520477295, "lowlevel.dissonance.mean": 0.4484602212905884, "lowlevel.dissonance.stdev": 0.04042934253811836, "lowlevel.dynamic_complexity": 1.154363751411438, "lowlevel.erbbands_crest.mean": 11.692821502685547, "lowlevel.erbbands_crest.stdev": 5.317262649536133, "lowlevel.erbbands_flatness_db.mean": 0.15173320472240448, "lowlevel.erbbands_flatness_db.stdev": 0.056512344628572464, "lowlevel.erbbands_kurtosis.mean": 2.023271322250366, "lowlevel.erbbands_kurtosis.stdev": 5.1382927894592285, "lowlevel.erbbands_skewness.mean": 0.4859312176704407, "lowlevel.erbbands_skewness.stdev": 1.1107608079910278, "lowlevel.erbbands_spread.mean": 55.61040115356445, "lowlevel.erbbands_spread.stdev": 37.985843658447266, "lowlevel.hfc.mean": 30.11392593383789, "lowlevel.hfc.stdev": 22.337751388549805, "lowlevel.loudness_ebu128.integrated": -9.168882369995117, "lowlevel.loudness_ebu128.loudness_range": 0.6867256164550781, "lowlevel.loudness_ebu128.momentary.mean": -9.198739051818848, "lowlevel.loudness_ebu128.momentary.stdev": 0.5159605741500854, "lowlevel.loudness_ebu128.short_term.mean": -9.14365291595459, "lowlevel.loudness_ebu128.short_term.stdev": 0.25034284591674805, "lowlevel.melbands_crest.mean": 22.712547302246094, "lowlevel.melbands_crest.stdev": 4.835353374481201, "lowlevel.melbands_flatness_db.mean": 0.3450164198875427, "lowlevel.melbands_flatness_db.stdev": 0.09476979076862335, "lowlevel.melbands_kurtosis.mean": 93.19584655761719, "lowlevel.melbands_kurtosis.stdev": 111.58937072753906, "lowlevel.melbands_skewness.mean": 6.645724296569824, "lowlevel.melbands_skewness.stdev": 3.9610323905944824, "lowlevel.melbands_spread.mean": 7.862941741943359, "lowlevel.melbands_spread.stdev": 9.046936988830566, "lowlevel.pitch_salience.mean": 0.3180850148200989, "lowlevel.pitch_salience.stdev": 0.13413625955581665, "lowlevel.silence_rate_20dB.mean": 1.0, "lowlevel.silence_rate_20dB.stdev": 0.0, "lowlevel.silence_rate_30dB.mean": 0.591505765914917, "lowlevel.silence_rate_30dB.stdev": 0.4915575087070465, "lowlevel.silence_rate_60dB.mean": 0.00154440151527524, "lowlevel.silence_rate_60dB.stdev": 0.039268504828214645, "lowlevel.spectral_centroid.mean": 756.5673828125, "lowlevel.spectral_centroid.stdev": 569.5620727539062, "lowlevel.spectral_complexity.mean": 13.027027130126953, "lowlevel.spectral_complexity.stdev": 6.418848514556885, "lowlevel.spectral_decrease.mean": -2.6066890868037262e-08, "lowlevel.spectral_decrease.stdev": 9.546511137159541e-09, "lowlevel.spectral_energy.mean": 0.1011139377951622, "lowlevel.spectral_energy.stdev": 0.03578240051865578, "lowlevel.spectral_energyband_high.mean": 0.0013147903373464942, "lowlevel.spectral_energyband_high.stdev": 0.0023393298033624887, "lowlevel.spectral_energyband_low.mean": 0.08249673247337341, "lowlevel.spectral_energyband_low.stdev": 0.0382731631398201, "lowlevel.spectral_energyband_middle_high.mean": 0.005453187506645918, "lowlevel.spectral_energyband_middle_high.stdev": 0.008971101604402065, "lowlevel.spectral_energyband_middle_low.mean": 0.014489813707768917, "lowlevel.spectral_energyband_middle_low.stdev": 0.016763363033533096, "lowlevel.spectral_entropy.mean": 7.233201503753662, "lowlevel.spectral_entropy.stdev": 0.6963681578636169, "lowlevel.spectral_flux.mean": 0.11710578948259354, "lowlevel.spectral_flux.stdev": 0.08309280127286911, "lowlevel.spectral_kurtosis.mean": 6.264827251434326, "lowlevel.spectral_kurtosis.stdev": 7.803720474243164, "lowlevel.spectral_rms.mean": 0.009786776266992092, "lowlevel.spectral_rms.stdev": 0.0016931769205257297, "lowlevel.spectral_rolloff.mean": 481.1280822753906, "lowlevel.spectral_rolloff.stdev": 1048.73095703125, "lowlevel.spectral_skewness.mean": 1.9494726657867432, "lowlevel.spectral_skewness.stdev": 0.9211621284484863, "lowlevel.spectral_spread.mean": 6155900.0, "lowlevel.spectral_spread.stdev": 2703228.0, "lowlevel.spectral_strongpeak.mean": 1.0016719102859497, "lowlevel.spectral_strongpeak.stdev": 0.7920143008232117, "lowlevel.zerocrossingrate.mean": 0.03100755624473095, "lowlevel.zerocrossingrate.stdev": 0.02810535579919815, "metadata.audio_properties.analysis.equal_loudness": 0.0, "metadata.audio_properties.analysis.length": 30.03628158569336, "metadata.audio_properties.analysis.sample_rate": 44100.0, "metadata.audio_properties.analysis.start_time": 0.0, "metadata.audio_properties.bit_rate": 118117.0, "metadata.audio_properties.length": 30.03733253479004, "metadata.audio_properties.lossless": 0.0, "metadata.audio_properties.number_channels": 1.0, "metadata.audio_properties.replay_gain": -13.84280014038086, "metadata.audio_properties.sample_rate": 48000.0, "rhythm.beats_count": 58.0, "rhythm.beats_loudness.mean": 0.11195648461580276, "rhythm.beats_loudness.stdev": 0.04202933982014656, "rhythm.bpm": 119.97394561767578, "rhythm.bpm_histogram_first_peak_bpm": 120.0, "rhythm.bpm_histogram_first_peak_weight": 0.3333333134651184, "rhythm.bpm_histogram_second_peak_bpm": 112.0, "rhythm.bpm_histogram_second_peak_spread": 0.555555522441864, "rhythm.bpm_histogram_second_peak_weight": 0.07017543911933899, "rhythm.danceability": 1.308139443397522, "rhythm.onset_rate": 3.6928319931030273, "tonal.chords_changes_rate": 0.054012347012758255, "tonal.chords_number_rate": 0.010802469216287136, "tonal.chords_strength.mean": 0.551833987236023, "tonal.chords_strength.stdev": 0.0993899330496788, "tonal.hpcp_crest.mean": 13.057159423828125, "tonal.hpcp_crest.stdev": 4.611711502075195, "tonal.hpcp_entropy.mean": 1.9375941753387451, "tonal.hpcp_entropy.stdev": 0.633936882019043, "tonal.key_edma.strength": 0.6918506622314453, "tonal.key_krumhansl.strength": 0.7053137421607971, "tonal.key_temperley.strength": 0.716884195804596, "tonal.tuning_diatonic_strength": 0.5653659105300903, "tonal.tuning_equal_tempered_deviation": 0.26071372628211975, "tonal.tuning_frequency": 434.193115234375, "tonal.tuning_nontempered_energy_ratio": 0.9521868824958801, "lowlevel.barkbands.mean": [0.002051679417490959, 0.05043267086148262, 0.027612490579485893, 0.004475696478039026, 0.004365512635558844, 0.0016622875118628144, 0.0006517544388771057, 0.0018482337472960353, 0.0010599893284961581, 0.001131164375692606, 0.0008484420832246542, 0.001005843747407198, 0.0012135279830545187, 0.0004561156965792179, 0.0002524445590097457, 0.00019346570479683578, 0.0002649115340318531, 0.00011540258128661662, 8.992011134978384e-05, 0.0001427508395863697, 0.0001919961505336687, 0.00011154405365232378, 0.00011713671847246587, 0.000248258700594306, 0.0004338835715316236, 0.00013622839469462633, 7.071940331115911e-07], "lowlevel.barkbands.stdev": [0.002906329929828644, 0.04264015331864357, 0.022762855514883995, 0.012012328952550888, 0.007022852543741465, 0.0035155920777469873, 0.002618594327941537, 0.004339535720646381, 0.0034665889106690884, 0.0040456876158714294, 0.0028675850480794907, 0.0030329402070492506, 0.004323738161474466, 0.00118918321095407, 0.0005909856990911067, 0.00040987847023643553, 0.0005876433569937944, 0.00016317481640726328, 0.0001664498558966443, 0.00027103026513941586, 0.0003429831122048199, 0.00018396828090772033, 0.0001921416405821219, 0.0005416618078015745, 0.0010146795539185405, 0.00035653228405863047, 5.676090495398967e-06], "lowlevel.erbbands.mean": [1.16698157787323, 12.116292953491211, 35.376983642578125, 19.965431213378906, 10.822526931762695, 15.60939884185791, 23.393360137939453, 9.864580154418945, 7.447142601013184, 24.352134704589844, 40.028648376464844, 25.592851638793945, 26.627519607543945, 36.63759231567383, 37.205711364746094, 47.19795608520508, 56.00846481323242, 31.77379035949707, 15.13212776184082, 10.973917007446289, 12.018333435058594, 13.407702445983887, 7.729217052459717, 4.267253398895264, 5.468352794647217, 6.566369533538818, 7.961408615112305, 6.546436786651611, 4.202736854553223, 3.7190663814544678, 3.1611032485961914, 2.8117740154266357, 5.940470218658447, 5.754363536834717, 2.4490699768066406, 0.8314332365989685, 0.20768529176712036, 0.01840457133948803, 0.0004317263374105096, 0.0001346881326753646], "lowlevel.erbbands.stdev": [1.4607967138290405, 10.021288871765137, 21.43586540222168, 29.131540298461914, 23.44610023498535, 26.79534912109375, 45.72557830810547, 20.462574005126953, 25.99545669555664, 75.11280059814453, 100.93516540527344, 84.6580581665039, 90.61839294433594, 145.69586181640625, 114.79557800292969, 127.8521957397461, 197.60684204101562, 88.6485366821289, 27.493635177612305, 24.099637985229492, 25.052663803100586, 25.0349178314209, 10.82258415222168, 5.307095527648926, 14.116571426391602, 11.502803802490234, 13.651745796203613, 11.618011474609375, 6.973908424377441, 6.287607192993164, 5.11696195602417, 5.720270156860352, 13.91279125213623, 13.63264274597168, 5.735680103302002, 2.1719677448272705, 0.5154207944869995, 0.05552630126476288, 0.001123921712860465, 6.306425348157063e-05], "lowlevel.gfcc.mean": [10.363868713378906, 95.5691146850586, -66.88055419921875, 38.66717529296875, -35.21427536010742, 37.50148391723633, -30.524263381958008, 19.852684020996094, -26.85112190246582, 10.93329906463623, -15.448301315307617, -5.732441425323486, -9.091261863708496], "lowlevel.melbands.mean": [0.012057055719196796, 0.017314322292804718, 0.0033480883575975895, 0.0008344802190549672, 0.0008679232560098171, 0.00023702024191152304, 0.00011397814523661509, 0.00029474549228325486, 0.00033318260102532804, 0.0001385879731969908, 0.00012914120452478528, 0.00014544415171258152, 0.00011704686039593071, 0.00010432674753246829, 0.00015633078874088824, 9.232341108145192e-05, 5.6338631111430004e-05, 2.3180155039881356e-05, 1.866952152340673e-05, 1.344400425296044e-05, 1.4610509424528573e-05, 1.4751234630239196e-05, 1.0746843145170715e-05, 4.487234946282115e-06, 3.2350924357160693e-06, 3.423774160182802e-06, 4.643447027774528e-06, 4.237106622895226e-06, 4.7535177145618945e-06, 5.069851795269642e-06, 3.343102889630245e-06, 2.4224325443356065e-06, 1.9663032162497984e-06, 2.1451235170388827e-06, 1.8365833511779783e-06, 1.6462994381072349e-06, 1.6464787222503219e-06, 3.7355996482801856e-06, 5.153051461093128e-06, 4.851707217312651e-06], "lowlevel.melbands.stdev": [0.011473024263978004, 0.008607198484241962, 0.004719725344330072, 0.0012844990706071258, 0.0015902182785794139, 0.0004900005296804011, 0.0004281003784853965, 0.000858754850924015, 0.0008898047963157296, 0.0004936950281262398, 0.00046168806147761643, 0.000614631047938019, 0.0003731638425961137, 0.00028303966973908246, 0.0005363181116990745, 0.00032653508242219687, 0.00016203346604015678, 4.435843220562674e-05, 4.888707917416468e-05, 2.9667391572729684e-05, 3.5676963307196274e-05, 3.124204158666544e-05, 1.7456086425227113e-05, 6.545639735122677e-06, 4.273174909030786e-06, 7.0476121436513495e-06, 1.3448147910821717e-05, 6.939539616723778e-06, 7.81970902608009e-06, 1.0116244084201753e-05, 5.964899628452258e-06, 4.1295975279354025e-06, 3.3361141049681464e-06, 3.728955562110059e-06, 2.9214513688202715e-06, 3.217900939489482e-06, 3.545582558217575e-06, 8.844508556649089e-06, 1.2721736311505083e-05, 1.1634034308372065e-05], "lowlevel.melbands128.mean": [0.001802195911295712, 0.008597907610237598, 0.014263509772717953, 0.022500453516840935, 0.02182624489068985, 0.011095995083451271, 0.0038538852240890265, 0.001999917672947049, 0.0008744639344513416, 0.000585353234782815, 0.0008559638517908752, 0.0012276379857212305, 0.000862050976138562, 0.0004948331043124199, 0.00020719555323012173, 0.0001077666602213867, 0.0001106610507122241, 9.824532025959343e-05, 0.00013229259639047086, 0.0002966786560136825, 0.00037992149009369314, 0.00027731742011383176, 0.0004040979838464409, 0.0002824861148837954, 0.00017291161930188537, 5.903232522541657e-05, 8.198427531169727e-05, 0.00018772362091112882, 9.292711183661595e-05, 0.0001756017591105774, 0.0001607310405233875, 9.646566468290985e-05, 0.00010589912562863901, 0.00015718738723080605, 7.639411342097446e-05, 9.01361636351794e-05, 0.00014161532453726977, 0.00014938553795218468, 0.0001980639062821865, 0.00010805924102896824, 6.483186734840274e-05, 7.331344386329874e-05, 5.582201629295014e-05, 5.8157576859230176e-05, 1.784950291039422e-05, 1.686342693574261e-05, 2.699817923712544e-05, 2.294930163770914e-05, 1.285710277443286e-05, 1.1202541827515233e-05, 1.546431303722784e-05, 1.348413570667617e-05, 1.074666670319857e-05, 1.6802106983959675e-05, 1.9861345208482817e-05, 1.25793385450379e-05, 1.2318939297983889e-05, 1.4286862096923869e-05, 9.48884007812012e-06, 5.620720912702382e-06, 4.388321485748747e-06, 3.2270097563014133e-06, 3.514997615639004e-06, 3.163702103847754e-06, 2.877037559301243e-06, 3.2429443308501504e-06, 3.760878371394938e-06, 4.548968718154356e-06, 5.031852197134867e-06, 4.649087713914923e-06, 3.7429799704113975e-06, 4.420563072926598e-06, 4.439424174051965e-06, 4.7757553147675935e-06, 5.143923317518784e-06, 5.537703600566601e-06, 5.099651843920583e-06, 3.5869134080712683e-06, 3.3867738693516003e-06, 2.634257725731004e-06, 2.5342362732772017e-06, 2.4200903681048658e-06, 1.9525052721292013e-06, 1.964283910638187e-06, 1.8412698636893765e-06, 2.1716075480071595e-06, 2.2166143480717437e-06, 2.1604064386337996e-06, 1.7360233641738887e-06, 1.7186902141475002e-06, 1.6779683846834814e-06, 1.7093427686631912e-06, 1.4632299780714675e-06, 1.292789306717168e-06, 1.8461064428265672e-06, 2.9027996788499877e-06, 4.069984242960345e-06, 5.157290615898091e-06, 4.991924015484983e-06, 5.372953637561295e-06, 5.199898168939399e-06, 4.934528078592848e-06, 4.341616659075953e-06, 3.349917960804305e-06, 2.5610979719203897e-06, 2.0635568489524303e-06, 2.0009019863209687e-06, 1.8855461121347616e-06, 1.4112945336819394e-06, 9.77856188910664e-07, 8.586180229031015e-07, 6.854162961644761e-07, 6.997624950599857e-07, 5.440604695650109e-07, 3.1806689548830036e-07, 1.7251559825126606e-07, 3.162056572136862e-08, 1.5516699036766113e-09, 1.9053822408743315e-10, 1.2704726159995516e-11, 1.2195269967485434e-11, 9.796570672737648e-12, 8.826179370702292e-12, 8.65187088638919e-12, 8.435195250622307e-12, 8.17467447900011e-12, 8.021904321364737e-12, 7.963804962707322e-12], "lowlevel.melbands128.stdev": [0.002741329139098525, 0.013834702782332897, 0.016582656651735306, 0.02035105973482132, 0.012033691629767418, 0.010052834637463093, 0.006568445358425379, 0.005443476606160402, 0.002151745604351163, 0.0012810647021979094, 0.0016685875598341227, 0.0028133890591561794, 0.002049113856628537, 0.001190113602206111, 0.0006062512984499335, 0.00043601347715593874, 0.0005666514625772834, 0.0004636252415366471, 0.0008470140164718032, 0.0011195073602721095, 0.0012604851508513093, 0.0008273744024336338, 0.0014727378729730844, 0.0010698114056140184, 0.0008616786799393594, 0.0003899496514350176, 0.00029110198374837637, 0.0008634634432382882, 0.00040859097498469055, 0.0009760797838680446, 0.000821481691673398, 0.0005292452406138182, 0.0004963943501934409, 0.0006756298243999481, 0.0003750185715034604, 0.0003518387966323644, 0.0005098209949210286, 0.0008007432916201651, 0.0009257941273972392, 0.0006103382911533117, 0.0003305067657493055, 0.00045208557276055217, 0.0001963889371836558, 0.00019907791283912957, 4.820831964025274e-05, 5.4693344281986356e-05, 8.537672692909837e-05, 7.792512042215094e-05, 5.942470670561306e-05, 3.596870737965219e-05, 4.6445355110336095e-05, 4.306098344386555e-05, 3.453082899795845e-05, 5.599160067504272e-05, 7.160233508329839e-05, 3.187196489307098e-05, 2.6870942747336812e-05, 3.198562262696214e-05, 1.840618278947659e-05, 1.2361727385723498e-05, 9.15414966584649e-06, 5.413894086814253e-06, 5.364130629459396e-06, 4.971302587364335e-06, 5.008193056710297e-06, 5.734689239034196e-06, 1.1648668078123592e-05, 1.7106325685745105e-05, 1.6995509213302284e-05, 9.5770128609729e-06, 6.762362772860797e-06, 8.34729326015804e-06, 7.450140856235521e-06, 8.234773304138798e-06, 1.1232989891141187e-05, 1.2750593668897636e-05, 1.0830608516698703e-05, 6.653157925029518e-06, 7.022591944405576e-06, 4.832736976823071e-06, 4.695606548921205e-06, 4.489389539230615e-06, 3.6058909245184623e-06, 3.558207936293911e-06, 3.5331438539287774e-06, 4.126447947783163e-06, 4.293272013455862e-06, 3.846028448606376e-06, 2.8858883069915464e-06, 2.9836216981493635e-06, 3.548834001776413e-06, 3.5978864616481587e-06, 3.712044417625293e-06, 3.406922360227327e-06, 4.247120614309097e-06, 6.879827196826227e-06, 1.0854184438358061e-05, 1.3268424481793772e-05, 1.3238272003945895e-05, 1.403923215548275e-05, 1.2801089724234771e-05, 1.236300613527419e-05, 1.1317263670207467e-05, 8.20571858639596e-06, 7.016716608632123e-06, 5.229768248682376e-06, 4.935095603286754e-06, 5.2418663472053595e-06, 4.356337285571499e-06, 2.8190081593493233e-06, 3.0239484658522997e-06, 1.8215691852674354e-06, 1.6680770613675122e-06, 1.3454756526698475e-06, 9.342444400317618e-07, 7.420634915433766e-07, 2.0609056150533434e-07, 2.168806645386212e-08, 5.051587592674878e-09, 1.126592499844925e-10, 1.0469290018244592e-10, 2.9459941430776126e-11, 1.4301952851181188e-11, 1.3925847454354656e-11, 1.3036636874186325e-11, 1.2151866318754756e-11, 1.191624576790673e-11, 1.18469080032102e-11], "lowlevel.mfcc.mean": [-651.491943359375, 131.80531311035156, 34.337345123291016, 23.501386642456055, 27.620586395263672, 18.639738082885742, 23.10273551940918, 4.009594440460205, 13.246319770812988, 4.127444267272949, 7.206686019897461, 5.785209655761719, 2.0765695571899414], "lowlevel.spectral_contrast_coeffs.mean": [-0.6238539218902588, -0.7449932098388672, -0.7718705534934998, -0.7934565544128418, -0.8074778914451599, -0.7861339449882507], "lowlevel.spectral_contrast_coeffs.stdev": [0.07736963778734207, 0.08527015149593353, 0.08240718394517899, 0.06175949424505234, 0.044662218540906906, 0.0316455252468586], "lowlevel.spectral_contrast_valleys.mean": [-6.317134857177734, -7.069337368011475, -7.594219207763672, -7.812540531158447, -7.906191825866699, -10.105056762695312], "lowlevel.spectral_contrast_valleys.stdev": [0.630051851272583, 0.609984278678894, 0.659055233001709, 0.699954628944397, 0.9318717122077942, 1.2806553840637207], "rhythm.beats_loudness_band_ratio.mean": [0.8275339007377625, 0.05518512800335884, 0.04348225146532059, 0.04569296911358833, 0.013471720740199089, 0.024525437504053116], "rhythm.beats_loudness_band_ratio.stdev": [0.15340834856033325, 0.07612138241529465, 0.0792212188243866, 0.09043378382921219, 0.016374602913856506, 0.03304988890886307], "tonal.hpcp.mean": [0.3559326231479645, 0.35017839074134827, 0.07003331184387207, 0.018935415893793106, 0.015744773671030998, 0.012872862629592419, 0.01055342797189951, 0.011841234751045704, 0.015940368175506592, 0.036053601652383804, 0.04859752207994461, 0.031808335334062576, 0.014250294305384159, 0.011978642083704472, 0.01706702448427677, 0.03083549253642559, 0.03434019535779953, 0.03071308508515358, 0.04198345169425011, 0.06818670779466629, 0.07733108848333359, 0.15141142904758453, 0.35570967197418213, 0.2752213776111603, 0.0610872358083725, 0.08047884702682495, 0.11972673237323761, 0.09756648540496826, 0.052411820739507675, 0.03293316066265106, 0.05382921174168587, 0.059864066541194916, 0.03362121060490608, 0.03958429396152496, 0.06720609217882156, 0.10490218549966812], "tonal.hpcp.stdev": [0.4184814989566803, 0.42466220259666443, 0.16885119676589966, 0.09461953490972519, 0.07483896613121033, 0.07828841358423233, 0.05260717496275902, 0.05060502886772156, 0.06056923046708107, 0.10650753974914551, 0.13232462108135223, 0.11448618024587631, 0.055179495364427567, 0.061107706278562546, 0.07197427749633789, 0.10564041882753372, 0.10342555493116379, 0.10396572947502136, 0.1392698734998703, 0.19248336553573608, 0.20715570449829102, 0.2270391285419464, 0.44497787952423096, 0.35820385813713074, 0.1696891039609909, 0.20588596165180206, 0.26491183042526245, 0.24474869668483734, 0.17408213019371033, 0.1405303031206131, 0.1793387532234192, 0.19777628779411316, 0.13150610029697418, 0.1628105491399765, 0.219985693693161, 0.23643136024475098], "rhythm.beats_position": [0.5572788715362549, 1.09133780002594, 1.6370067596435547, 2.1942856311798096, 2.739954710006714, 3.2972335815429688, 3.8312923908233643, 4.342131614685059, 4.8297505378723145, 5.3289794921875, 5.8282084465026855, 6.339047431945801, 6.838276386260986, 7.337505340576172, 7.836734771728516, 8.335963249206543, 8.835192680358887, 9.334421157836914, 9.833650588989258, 10.332880020141602, 10.843718528747559, 11.331337928771973, 11.83056640625, 12.329795837402344, 12.829024314880371, 13.328253746032715, 13.827483177185059, 14.326711654663086, 14.83755111694336, 15.336779594421387, 15.83600902557373, 16.335237503051758, 16.8344669342041, 17.333696365356445, 17.832923889160156, 18.3321533203125, 18.831382751464844, 19.319002151489258, 19.82984161376953, 20.340679168701172, 20.839908599853516, 21.33913803100586, 21.826757431030273, 22.337596893310547, 22.825214385986328, 23.312833786010742, 23.812063217163086, 24.31129264831543, 24.82213020324707, 25.332969665527344, 25.832199096679688, 26.33142852783203, 26.830657958984375, 27.329885482788086, 27.84072494506836, 28.374784469604492, 28.908842086791992, 29.431291580200195], "rhythm.bpm_histogram": [0.0, 0.0, 0.0, 0.0, 0.0, 0.0, 0.0, 0.0, 0.0, 0.0, 0.0, 0.0, 0.0, 0.0, 0.0, 0.0, 0.0, 0.0, 0.0, 0.0, 0.0, 0.0, 0.0, 0.0, 0.0, 0.0, 0.0, 0.0, 0.0, 0.0, 0.0, 0.0, 0.0, 0.0, 0.0, 0.0, 0.0, 0.0, 0.0, 0.0, 0.0, 0.0, 0.0, 0.0, 0.0, 0.0, 0.0, 0.0, 0.0, 0.0, 0.0, 0.0, 0.0, 0.0, 0.0, 0.0, 0.0, 0.0, 0.0, 0.0, 0.0, 0.0, 0.0, 0.0, 0.0, 0.0, 0.0, 0.0, 0.0, 0.0, 0.0, 0.0, 0.0, 0.0, 0.0, 0.0, 0.0, 0.0, 0.0, 0.0, 0.0, 0.0, 0.0, 0.0, 0.0, 0.0, 0.0, 0.0, 0.0, 0.0, 0.0, 0.0, 0.0, 0.0, 0.0, 0.0, 0.0, 0.0, 0.0, 0.0, 0.0, 0.0, 0.0, 0.0, 0.0, 0.0, 0.0, 0.0, 0.035087719559669495, 0.0, 0.035087719559669495, 0.0, 0.07017543911933899, 0.0, 0.0, 0.017543859779834747, 0.0, 0.17543859779834747, 0.0, 0.0, 0.5614035129547119, 0.0, 0.0, 0.10526315867900848, 0.0, 0.0, 0.0, 0.0, 0.0, 0.0, 0.0, 0.0, 0.0, 0.0, 0.0, 0.0, 0.0, 0.0, 0.0, 0.0, 0.0, 0.0, 0.0, 0.0, 0.0, 0.0, 0.0, 0.0, 0.0, 0.0, 0.0, 0.0, 0.0, 0.0, 0.0, 0.0, 0.0, 0.0, 0.0, 0.0, 0.0, 0.0, 0.0, 0.0, 0.0, 0.0, 0.0, 0.0, 0.0, 0.0, 0.0, 0.0, 0.0, 0.0, 0.0, 0.0, 0.0, 0.0, 0.0, 0.0, 0.0, 0.0, 0.0, 0.0, 0.0, 0.0, 0.0, 0.0, 0.0, 0.0, 0.0, 0.0, 0.0, 0.0, 0.0, 0.0, 0.0, 0.0, 0.0, 0.0, 0.0, 0.0, 0.0, 0.0, 0.0, 0.0, 0.0, 0.0, 0.0, 0.0, 0.0, 0.0, 0.0, 0.0, 0.0, 0.0, 0.0, 0.0, 0.0, 0.0, 0.0, 0.0, 0.0, 0.0, 0.0, 0.0, 0.0, 0.0, 0.0, 0.0, 0.0, 0.0, 0.0, 0.0, 0.0, 0.0, 0.0, 0.0, 0.0, 0.0, 0.0, 0.0, 0.0, 0.0, 0.0, 0.0, 0.0, 0.0, 0.0, 0.0], "tonal.chords_histogram": [41.203704833984375, 34.10493850708008, 1.8518518209457397, 0.0, 0.0, 1.3888888359069824, 0.0, 8.487654685974121, 0.9259259104728699, 0.0, 0.0, 0.0, 0.0, 0.0, 0.0, 0.0, 0.0, 0.0, 0.0, 0.0, 0.15432098507881165, 0.0, 10.339506149291992, 1.5432099103927612], "tonal.thpcp": [1.0, 0.983833372592926, 0.19676002860069275, 0.053199440240859985, 0.044235263019800186, 0.03616657108068466, 0.029650071635842323, 0.033268190920352936, 0.0447847917675972, 0.10129333287477493, 0.13653573393821716, 0.08936616778373718, 0.04003649577498436, 0.033654239028692245, 0.04795015603303909, 0.08663294464349747, 0.09647948294878006, 0.08628904074430466, 0.11795336753129959, 0.19157195091247559, 0.21726328134536743, 0.4253935217857361, 0.9993736147880554, 0.7732400894165039, 0.17162583768367767, 0.22610697150230408, 0.3363747000694275, 0.27411502599716187, 0.14725208282470703, 0.0925263911485672, 0.15123426914215088, 0.16818931698799133, 0.09445948153734207, 0.11121288686990738, 0.1888168901205063, 0.29472485184669495], "lowlevel.gfcc.cov": [[4867.71630859375, -1894.393798828125, -448.85028076171875, 297.42657470703125, -614.6026611328125, 112.36449432373047, -492.6454772949219, 310.8193054199219, -414.987548828125, 255.1808624267578, -415.46441650390625, 194.01539611816406, -368.7132873535156], [-1894.393798828125, 2113.65380859375, -202.42262268066406, -658.509765625, 487.6065979003906, -214.24826049804688, 273.28179931640625, -125.740966796875, 260.6427001953125, -224.93394470214844, 363.1439514160156, -128.6547088623047, 237.1073455810547], [-448.85028076171875, -202.42262268066406, 576.1636352539062, 291.656494140625, -20.08574104309082, -22.37042808532715, -27.468955993652344, -75.30255126953125, 15.998407363891602, 34.36167907714844, -5.843688488006592, 19.3201847076416, 65.25481414794922], [297.42657470703125, -658.509765625, 291.656494140625, 656.2014770507812, -131.6123046875, -70.36309051513672, -161.79129028320312, -70.68434143066406, 31.38913917541504, 35.051292419433594, -112.91686248779297, 23.32341194152832, -9.073854446411133], [-614.6026611328125, 487.6065979003906, -20.08574104309082, -131.6123046875, 325.1782531738281, -38.42926788330078, 72.01393127441406, 16.262205123901367, 84.75332641601562, -32.3645133972168, 90.51776885986328, -9.876599311828613, 74.0678939819336], [112.36449432373047, -214.24826049804688, -22.37042808532715, -70.36309051513672, -38.42926788330078, 271.9375305175781, 130.5373992919922, -14.323713302612305, -49.99360656738281, 20.58186149597168, -10.928291320800781, -8.138479232788086, -50.89745330810547], [-492.6454772949219, 273.28179931640625, -27.468955993652344, -161.79129028320312, 72.01393127441406, 130.5373992919922, 263.5241394042969, -3.65609073638916, 30.918066024780273, -40.32017517089844, 80.6285400390625, -24.813234329223633, 25.31972312927246], [310.8193054199219, -125.740966796875, -75.30255126953125, -70.68434143066406, 16.262205123901367, -14.323713302612305, -3.65609073638916, 222.87806701660156, 5.425199031829834, 47.935943603515625, -13.923957824707031, 31.241918563842773, 22.17273712158203], [-414.987548828125, 260.6427001953125, 15.998407363891602, 31.38913917541504, 84.75332641601562, -49.99360656738281, 30.918066024780273, 5.425199031829834, 203.1605224609375, 11.012468338012695, 35.662105560302734, -39.75782012939453, 54.54842758178711], [255.1808624267578, -224.93394470214844, 34.36167907714844, 35.051292419433594, -32.3645133972168, 20.58186149597168, -40.32017517089844, 47.935943603515625, 11.012468338012695, 136.87283325195312, -0.09037472307682037, 25.86160659790039, 3.035191774368286], [-415.46441650390625, 363.1439514160156, -5.843688488006592, -112.91686248779297, 90.51776885986328, -10.928291320800781, 80.6285400390625, -13.923957824707031, 35.662105560302734, -0.09037472307682037, 167.73394775390625, 29.014629364013672, 95.0627212524414], [194.01539611816406, -128.6547088623047, 19.3201847076416, 23.32341194152832, -9.876599311828613, -8.138479232788086, -24.813234329223633, 31.241918563842773, -39.75782012939453, 25.86160659790039, 29.014629364013672, 140.57843017578125, 46.59992599487305], [-368.7132873535156, 237.1073455810547, 65.25481414794922, -9.073854446411133, 74.0678939819336, -50.89745330810547, 25.31972312927246, 22.17273712158203, 54.54842758178711, 3.035191774368286, 95.0627212524414, 46.59992599487305, 177.1370391845703]], "lowlevel.gfcc.icov": [[0.0007077481132000685, -0.0005799183272756636, 0.0006240596994757652, -0.0007827792433090508, 0.0007947149570100009, -0.0008262540795840323, 0.0009117795852944255, -0.0011069223983213305, 0.0010877366876229644, -0.0011764670489355922, 0.0009446788462810218, -0.0010046209208667278, 0.0008604733156971633], [-0.0005799183272756636, 0.0060129608027637005, -0.0004440231714397669, 0.005175446160137653, -0.0030426273588091135, 0.005028840154409409, -0.001931876060552895, 0.004450269974768162, -0.004686030093580484, 0.0058225165121257305, -0.005683280527591705, 0.00404445081949234, -0.003061520867049694], [0.0006240596994757652, -0.0004440231714397669, 0.003156821010634303, -0.0018297625938430429, 0.0004188862512819469, -0.0004703009908553213, 0.00010538977949181572, -8.63203895278275e-05, 0.001508246292360127, -0.0019766520708799362, 0.001185993547551334, -0.000619617523625493, -0.0005819264915771782], [-0.0007827792433090508, 0.005175446160137653, -0.0018297625938430429, 0.007486005313694477, -0.002098310738801956, 0.0045658196322619915, -0.0009661379735916853, 0.00488109840080142, -0.0055265179835259914, 0.005296101327985525, -0.0034420094452798367, 0.0028830277733504772, -0.0030831636395305395], [0.0007947149570100009, -0.0030426273588091135, 0.0004188862512819469, -0.002098310738801956, 0.006340079940855503, -0.00241597811691463, 0.0013242877321317792, -0.0031594072934240103, 0.0013547191629186273, -0.0023709263186901808, 0.0019318500999361277, -0.0024445075541734695, 0.0015558638842776418], [-0.0008262540795840323, 0.005028840154409409, -0.0004703009908553213, 0.0045658196322619915, -0.00241597811691463, 0.01126540545374155, -0.0067560612224042416, 0.005168332252651453, -0.0025434980634599924, 0.002304150490090251, -0.003090069629251957, 0.0033330037258565426, -0.0019529027631506324], [0.0009117795852944255, -0.001931876060552895, 0.00010538977949181572, -0.0009661379735916853, 0.0013242877321317792, -0.0067560612224042416, 0.010127502493560314, -0.0033295825123786926, 0.0003303289122413844, 0.0009529272210784256, -0.0014030169695615768, -0.0010321775916963816, 0.0017761001363396645], [-0.0011069223983213305, 0.004450269974768162, -8.63203895278275e-05, 0.00488109840080142, -0.0031594072934240103, 0.005168332252651453, -0.0033295825123786926, 0.010256686247885227, -0.004060358740389347, 0.002040426479652524, -0.0015665662940591574, 0.0023152106441557407, -0.004533936735242605], [0.0010877366876229644, -0.004686030093580484, 0.001508246292360127, -0.0055265179835259914, 0.0013547191629186273, -0.0025434980634599924, 0.0003303289122413844, -0.004060358740389347, 0.011905055493116379, -0.0072999694384634495, 0.0048578097485005856, -0.0007678148103877902, 0.0009156353189609945], [-0.0011764670489355922, 0.0058225165121257305, -0.0019766520708799362, 0.005296101327985525, -0.0023709263186901808, 0.002304150490090251, 0.0009529272210784256, 0.002040426479652524, -0.0072999694384634495, 0.016857342794537544, -0.008607406169176102, 0.0033991250675171614, -0.002297102939337492], [0.0009446788462810218, -0.005683280527591705, 0.001185993547551334, -0.0034420094452798367, 0.0019318500999361277, -0.003090069629251957, -0.0014030169695615768, -0.0015665662940591574, 0.0048578097485005856, -0.008607406169176102, 0.01891920529305935, -0.006260016467422247, -0.0021933424286544323], [-0.0010046209208667278, 0.00404445081949234, -0.000619617523625493, 0.0028830277733504772, -0.0024445075541734695, 0.0033330037258565426, -0.0010321775916963816, 0.0023152106441557407, -0.0007678148103877902, 0.0033991250675171614, -0.006260016467422247, 0.013325628824532032, -0.005259233992546797], [0.0008604733156971633, -0.003061520867049694, -0.0005819264915771782, -0.0030831636395305395, 0.0015558638842776418, -0.0019529027631506324, 0.0017761001363396645, -0.004533936735242605, 0.0009156353189609945, -0.002297102939337492, -0.0021933424286544323, -0.005259233992546797, 0.013010870665311813]], "lowlevel.mfcc.cov": [[4976.2880859375, -2105.29638671875, -132.79684448242188, -93.19712829589844, -190.29098510742188, -199.45571899414062, -183.3616943359375, -115.64688110351562, -66.02622985839844, -135.00009155273438, -89.21876525878906, 66.79129028320312, -25.489057540893555], [-2105.29638671875, 2471.104248046875, -575.2738037109375, -316.88836669921875, 87.13819885253906, -138.24366760253906, 160.30311584472656, 105.26375579833984, -50.84069061279297, 61.575645446777344, 70.81500244140625, -56.785526275634766, 50.91115951538086], [-132.79684448242188, -575.2738037109375, 630.9868774414062, 224.29605102539062, -18.319408416748047, 135.0168914794922, -58.465736389160156, -75.25547790527344, 6.105677604675293, -18.54806137084961, -41.41984176635742, -16.063419342041016, -25.36383628845215], [-93.19712829589844, -316.88836669921875, 224.29605102539062, 452.5896911621094, 136.49696350097656, -27.782337188720703, -157.68385314941406, -65.4874496459961, 29.287858963012695, -45.37714385986328, -45.93880844116211, 24.261072158813477, -2.7551629543304443], [-190.29098510742188, 87.13819885253906, -18.319408416748047, 136.49696350097656, 210.03506469726562, -52.54682540893555, -58.4401741027832, -38.38560485839844, 36.12394714355469, -11.29311752319336, -6.483215808868408, 11.014491081237793, 20.162395477294922], [-199.45571899414062, -138.24366760253906, 135.0168914794922, -27.782337188720703, -52.54682540893555, 279.0927429199219, 27.689369201660156, 22.323272705078125, -30.469600677490234, 22.5145206451416, 22.32550811767578, -5.745615482330322, -36.30819320678711], [-183.3616943359375, 160.30311584472656, -58.465736389160156, -157.68385314941406, -58.4401741027832, 27.689369201660156, 228.43148803710938, 60.42171859741211, -17.79584503173828, 5.5234150886535645, 22.90481185913086, -22.50290298461914, 5.065629005432129], [-115.64688110351562, 105.26375579833984, -75.25547790527344, -65.4874496459961, -38.38560485839844, 22.323272705078125, 60.42171859741211, 148.5098419189453, 12.418733596801758, 2.082473039627075, 5.0174994468688965, 4.287108421325684, 2.964495897293091], [-66.02622985839844, -50.84069061279297, 6.105677604675293, 29.287858963012695, 36.12394714355469, -30.469600677490234, -17.79584503173828, 12.418733596801758, 132.16334533691406, 39.57383346557617, 14.824433326721191, 18.962839126586914, 28.981021881103516], [-135.00009155273438, 61.575645446777344, -18.54806137084961, -45.37714385986328, -11.29311752319336, 22.5145206451416, 5.5234150886535645, 2.082473039627075, 39.57383346557617, 140.017333984375, 37.32489013671875, -18.655960083007812, -18.10354232788086], [-89.21876525878906, 70.81500244140625, -41.41984176635742, -45.93880844116211, -6.483215808868408, 22.32550811767578, 22.90481185913086, 5.0174994468688965, 14.824433326721191, 37.32489013671875, 83.29938507080078, 24.779865264892578, 0.12632477283477783], [66.79129028320312, -56.785526275634766, -16.063419342041016, 24.261072158813477, 11.014491081237793, -5.745615482330322, -22.50290298461914, 4.287108421325684, 18.962839126586914, -18.655960083007812, 24.779865264892578, 109.65144348144531, 32.23591995239258], [-25.489057540893555, 50.91115951538086, -25.36383628845215, -2.7551629543304443, 20.162395477294922, -36.30819320678711, 5.065629005432129, 2.964495897293091, 28.981021881103516, -18.10354232788086, 0.12632477283477783, 32.23591995239258, 100.05819702148438]], "lowlevel.mfcc.icov": [[0.0005497207748703659, 0.0006262598908506334, 0.000497920555062592, 0.0004516684857662767, 0.0002096042881021276, 0.000505054893437773, 0.00038344436325132847, 0.00021686243417207152, 0.0003994360740762204, 0.00022868574887979776, 0.00015058911230880767, -2.9061777240713127e-05, 1.0092559023178183e-05], [0.0006262598908506334, 0.0013146374840289354, 0.0009065343765541911, 0.0007234926451928914, -0.00026161642745137215, 0.0007347356877289712, 0.00030419559334404767, -4.419734250404872e-05, 0.0009375039371661842, 2.0935176507919095e-05, -0.00018595803703647107, 0.00038629380287602544, -0.00034638302167877555], [0.000497920555062592, 0.0009065343765541911, 0.0033663902431726456, -0.0010668353643268347, 0.001117735169827938, -0.0009522936306893826, -0.00014134496450424194, 0.0014424790861085057, -0.00023225072072818875, 0.0002968459448311478, 0.0008735003648325801, 0.0005966830649413168, -0.0001891756255645305], [0.0004516684857662767, 0.0007234926451928914, -0.0010668353643268347, 0.005086743738502264, -0.0024536934215575457, 0.0009977089939638972, 0.002224514726549387, -0.00020226901688147336, 0.00023677149147260934, 0.0008802731172181666, 0.0008577327243983746, -0.0007048639236018062, 0.0006831093924120069], [0.0002096042881021276, -0.00026161642745137215, 0.001117735169827938, -0.0024536934215575457, 0.007585425861179829, 0.0001768154907040298, 0.00028154876781627536, 0.0017976333620026708, -0.001784919761121273, 0.0007053010631352663, -7.852949056541547e-05, 0.0002952214563265443, -0.0005800007493235171], [0.000505054893437773, 0.0007347356877289712, -0.0009522936306893826, 0.0009977089939638972, 0.0001768154907040298, 0.005451036151498556, 0.0002866964787244797, -0.0011708115926012397, 0.0018747032154351473, -0.0005475659272633493, -0.001468680682592094, -0.0002807553973980248, 0.000953697192016989], [0.00038344436325132847, 0.00030419559334404767, -0.00014134496450424194, 0.002224514726549387, 0.00028154876781627536, 0.0002866964787244797, 0.006839408073574305, -0.001812156056985259, 0.0007467882242053747, 0.0009614521404728293, -0.0015219238121062517, 0.0014845418045297265, -0.0007956451154313982], [0.00021686243417207152, -4.419734250404872e-05, 0.0014424790861085057, -0.00020226901688147336, 0.0017976333620026708, -0.0011708115926012397, -0.001812156056985259, 0.009086822159588337, -0.002188730286434293, 0.0007727068150416017, 0.0015814516227692366, -0.000869824958499521, 0.0005252412520349026], [0.0003994360740762204, 0.0009375039371661842, -0.00023225072072818875, 0.00023677149147260934, -0.001784919761121273, 0.0018747032154351473, 0.0007467882242053747, -0.002188730286434293, 0.011380717158317566, -0.0038423442747443914, -0.0011352681322023273, -0.000782198621891439, -0.003098719287663698], [0.00022868574887979776, 2.0935176507919095e-05, 0.0002968459448311478, 0.0008802731172181666, 0.0007053010631352663, -0.0005475659272633493, 0.0009614521404728293, 0.0007727068150416017, -0.0038423442747443914, 0.010536991991102695, -0.004062458407133818, 0.0025980330538004637, 0.0019221814582124352], [0.00015058911230880767, -0.00018595803703647107, 0.0008735003648325801, 0.0008577327243983746, -7.852949056541547e-05, -0.001468680682592094, -0.0015219238121062517, 0.0015814516227692366, -0.0011352681322023273, -0.004062458407133818, 0.01760893315076828, -0.005533456336706877, 0.0012453919043764472], [-2.9061777240713127e-05, 0.00038629380287602544, 0.0005966830649413168, -0.0007048639236018062, 0.0002952214563265443, -0.0002807553973980248, 0.0014845418045297265, -0.000869824958499521, -0.000782198621891439, 0.0025980330538004637, -0.005533456336706877, 0.012790791690349579, -0.0037000898737460375], [1.0092559023178183e-05, -0.00034638302167877555, -0.0001891756255645305, 0.0006831093924120069, -0.0005800007493235171, 0.000953697192016989, -0.0007956451154313982, 0.0005252412520349026, -0.003098719287663698, 0.0019221814582124352, 0.0012453919043764472, -0.0037000898737460375, 0.013067307882010937]], "metadata.audio_properties.analysis.downmix": "mix", "metadata.audio_properties.codec": "mp3", "metadata.audio_properties.md5_encoded": "225fb2b565943fe4b739cdb20b9e25f6", "metadata.tags.file_name": "1182268739446636615.mp3", "metadata.version.essentia": "2.1-beta6-dev", "metadata.version.essentia_git_sha": "v2.1_beta5-1110-g77a6a954", "metadata.version.extractor": "music 2.0", "tonal.chords_key": "A", "tonal.chords_scale": "minor", "tonal.key_edma.key": "A", "tonal.key_edma.scale": "minor", "tonal.key_krumhansl.key": "A", "tonal.key_krumhansl.scale": "minor", "tonal.key_temperley.key": "A", "tonal.key_temperley.scale": "minor", "metadata.tags.encoding": ["Lavf58.45.100"]}, "essentia_models"