{"song_id": "1182271831357526096", "download": "https://cdn.discordapp.com/attachments/1128313332273782784/1182271831357526096/chirp.mp4?ex=65841772&amp", "lyrics": "[intro]", "style": ["a song about pizza </span><span>, upbeat electronic funk beat"], "essentia_features": {"lowlevel.average_loudness": 0.9468474388122559, "lowlevel.barkbands_crest.mean": 10.530794143676758, "lowlevel.barkbands_crest.stdev": 3.590365171432495, "lowlevel.barkbands_flatness_db.mean": 0.35617193579673767, "lowlevel.barkbands_flatness_db.stdev": 0.039534687995910645, "lowlevel.barkbands_kurtosis.mean": 1.615017294883728, "lowlevel.barkbands_kurtosis.stdev": 2.532655715942383, "lowlevel.barkbands_skewness.mean": 1.2768635749816895, "lowlevel.barkbands_skewness.stdev": 0.6684161424636841, "lowlevel.barkbands_spread.mean": 7.107473373413086, "lowlevel.barkbands_spread.stdev": 2.1757447719573975, "lowlevel.dissonance.mean": 0.3952424228191376, "lowlevel.dissonance.stdev": 0.038021840155124664, "lowlevel.dynamic_complexity": 1.4448925256729126, "lowlevel.erbbands_crest.mean": 10.21324634552002, "lowlevel.erbbands_crest.stdev": 3.094789981842041, "lowlevel.erbbands_flatness_db.mean": 0.40201157331466675, "lowlevel.erbbands_flatness_db.stdev": 0.039392609149217606, "lowlevel.erbbands_kurtosis.mean": -0.48863738775253296, "lowlevel.erbbands_kurtosis.stdev": 0.7398640513420105, "lowlevel.erbbands_skewness.mean": 0.2902678847312927, "lowlevel.erbbands_skewness.stdev": 0.4914728105068207, "lowlevel.erbbands_spread.mean": 15.357359886169434, "lowlevel.erbbands_spread.stdev": 3.355668306350708, "lowlevel.hfc.mean": 17.070480346679688, "lowlevel.hfc.stdev": 7.638924598693848, "lowlevel.loudness_ebu128.integrated": -29.681840896606445, "lowlevel.loudness_ebu128.loudness_range": 2.208036422729492, "lowlevel.loudness_ebu128.momentary.mean": -29.873611450195312, "lowlevel.loudness_ebu128.momentary.stdev": 1.300667405128479, "lowlevel.loudness_ebu128.short_term.mean": -29.679950714111328, "lowlevel.loudness_ebu128.short_term.stdev": 0.6952850818634033, "lowlevel.melbands_crest.mean": 13.970810890197754, "lowlevel.melbands_crest.stdev": 4.466119766235352, "lowlevel.melbands_flatness_db.mean": 0.4384656250476837, "lowlevel.melbands_flatness_db.stdev": 0.04859648272395134, "lowlevel.melbands_kurtosis.mean": 3.4668991565704346, "lowlevel.melbands_kurtosis.stdev": 3.8302950859069824, "lowlevel.melbands_skewness.mean": 1.627746343612671, "lowlevel.melbands_skewness.stdev": 0.7665245532989502, "lowlevel.melbands_spread.mean": 10.621404647827148, "lowlevel.melbands_spread.stdev": 3.6241559982299805, "lowlevel.pitch_salience.mean": 0.5759509801864624, "lowlevel.pitch_salience.stdev": 0.0742480531334877, "lowlevel.silence_rate_20dB.mean": 1.0, "lowlevel.silence_rate_20dB.stdev": 0.0, "lowlevel.silence_rate_30dB.mean": 0.9948230981826782, "lowlevel.silence_rate_30dB.stdev": 0.07176385074853897, "lowlevel.silence_rate_60dB.mean": 0.0017256255960091949, "lowlevel.silence_rate_60dB.stdev": 0.04150482267141342, "lowlevel.spectral_centroid.mean": 608.0962524414062, "lowlevel.spectral_centroid.stdev": 111.30845642089844, "lowlevel.spectral_complexity.mean": 14.400344848632812, "lowlevel.spectral_complexity.stdev": 2.36749267578125, "lowlevel.spectral_decrease.mean": -7.657366296598411e-09, "lowlevel.spectral_decrease.stdev": 4.0732595074643996e-09, "lowlevel.spectral_energy.mean": 0.030449042096734047, "lowlevel.spectral_energy.stdev": 0.015979032963514328, "lowlevel.spectral_energyband_high.mean": 1.6733184793338296e-06, "lowlevel.spectral_energyband_high.stdev": 3.2753093819337664e-06, "lowlevel.spectral_energyband_low.mean": 0.0015473546227440238, "lowlevel.spectral_energyband_low.stdev": 0.005791231524199247, "lowlevel.spectral_energyband_middle_high.mean": 0.006998024415224791, "lowlevel.spectral_energyband_middle_high.stdev": 0.003906581550836563, "lowlevel.spectral_energyband_middle_low.mean": 0.022336483001708984, "lowlevel.spectral_energyband_middle_low.stdev": 0.012338080443441868, "lowlevel.spectral_entropy.mean": 6.0677571296691895, "lowlevel.spectral_entropy.stdev": 0.21253357827663422, "lowlevel.spectral_flux.mean": 0.03798912838101387, "lowlevel.spectral_flux.stdev": 0.023917222395539284, "lowlevel.spectral_kurtosis.mean": 65.00303649902344, "lowlevel.spectral_kurtosis.stdev": 38.55282211303711, "lowlevel.spectral_rms.mean": 0.005286144558340311, "lowlevel.spectral_rms.stdev": 0.0013278083642944694, "lowlevel.spectral_rolloff.mean": 939.7893676757812, "lowlevel.spectral_rolloff.stdev": 257.6960144042969, "lowlevel.spectral_skewness.mean": 4.826786041259766, "lowlevel.spectral_skewness.stdev": 1.931553840637207, "lowlevel.spectral_spread.mean": 1002757.625, "lowlevel.spectral_spread.stdev": 454328.90625, "lowlevel.spectral_strongpeak.mean": 1.5207483768463135, "lowlevel.spectral_strongpeak.stdev": 0.6480923891067505, "lowlevel.zerocrossingrate.mean": 0.030850611627101898, "lowlevel.zerocrossingrate.stdev": 0.007193741854280233, "metadata.audio_properties.analysis.equal_loudness": 0.0, "metadata.audio_properties.analysis.length": 26.878957748413086, "metadata.audio_properties.analysis.sample_rate": 44100.0, "metadata.audio_properties.analysis.start_time": 0.0, "metadata.audio_properties.bit_rate": 83126.0, "metadata.audio_properties.length": 26.8799991607666, "metadata.audio_properties.lossless": 0.0, "metadata.audio_properties.number_channels": 1.0, "metadata.audio_properties.replay_gain": 3.0266284942626953, "metadata.audio_properties.sample_rate": 48000.0, "rhythm.beats_count": 43.0, "rhythm.beats_loudness.mean": 0.042458225041627884, "rhythm.beats_loudness.stdev": 0.019384687766432762, "rhythm.bpm": 98.22650146484375, "rhythm.bpm_histogram_first_peak_bpm": 98.0, "rhythm.bpm_histogram_first_peak_weight": 0.047618985176086426, "rhythm.bpm_histogram_second_peak_bpm": 0.0, "rhythm.bpm_histogram_second_peak_spread": 0.0, "rhythm.bpm_histogram_second_peak_weight": 0.0, "rhythm.danceability": 1.181487798690796, "rhythm.onset_rate": 2.5650253295898438, "tonal.chords_changes_rate": 0.0258620698004961, "tonal.chords_number_rate": 0.005172413773834705, "tonal.chords_strength.mean": 0.5656277537345886, "tonal.chords_strength.stdev": 0.05283762887120247, "tonal.hpcp_crest.mean": 19.8653564453125, "tonal.hpcp_crest.stdev": 7.1702704429626465, "tonal.hpcp_entropy.mean": 1.305713415145874, "tonal.hpcp_entropy.stdev": 0.4974308907985687, "tonal.key_edma.strength": 0.7492030262947083, "tonal.key_krumhansl.strength": 0.7329273223876953, "tonal.key_temperley.strength": 0.7087730765342712, "tonal.tuning_diatonic_strength": 0.5021425485610962, "tonal.tuning_equal_tempered_deviation": 0.002940444042906165, "tonal.tuning_frequency": 440.76312255859375, "tonal.tuning_nontempered_energy_ratio": 0.5695269107818604, "lowlevel.barkbands.mean": [2.621335397634539e-06, 0.00040589930722489953, 0.0008460847893729806, 0.0003635506727732718, 0.0038000864442437887, 0.010228476487100124, 0.004798488691449165, 0.0017841404769569635, 0.0010870973346754909, 0.0025395366828888655, 0.001134095131419599, 0.0009846965549513698, 0.0009337131050415337, 0.0006798779941163957, 0.0005792531883344054, 0.00020545163715723902, 3.808628025581129e-05, 2.3297496227314696e-05, 1.072529994416982e-05, 3.0068504202063195e-06, 5.794769890599127e-07, 1.5902138272849697e-07, 1.0056646004841241e-07, 5.7840372491568814e-09, 1.5412338072451348e-09, 1.5574309619736937e-09, 1.7802611607109498e-09], "lowlevel.barkbands.stdev": [3.940627721021883e-06, 0.0016214617062360048, 0.003533808048814535, 0.001629177131690085, 0.004213704727590084, 0.00859797652810812, 0.003462118562310934, 0.002475356450304389, 0.0009326365543529391, 0.00247528706677258, 0.0009663741802796721, 0.0011000488884747028, 0.0008641956956125796, 0.0007936609326861799, 0.0006491839303635061, 0.00035338939051143825, 4.718805939774029e-05, 4.199546674499288e-05, 1.8531320165493526e-05, 5.066311587142991e-06, 1.2061841516697314e-06, 5.574111696660111e-07, 5.043324335929356e-07, 3.885019950189417e-08, 2.2185751014092148e-09, 1.5493163418867084e-09, 1.5725718505166242e-09], "lowlevel.erbbands.mean": [0.003276476636528969, 0.13207706809043884, 0.9258706569671631, 1.289350152015686, 3.220665454864502, 14.939591407775879, 40.29471969604492, 114.88463592529297, 68.99496459960938, 49.37923812866211, 39.18595886230469, 34.29867172241211, 28.99099349975586, 105.60064697265625, 50.71004867553711, 39.51139831542969, 42.65262222290039, 38.346839904785156, 40.724464416503906, 13.911306381225586, 9.200451850891113, 2.556696653366089, 1.5428425073623657, 0.791120707988739, 0.3865039646625519, 0.12054592370986938, 0.047226134687662125, 0.012397868558764458, 0.007035902235656977, 0.004049698356539011, 0.0018661190988495946, 0.0005894849891774356, 8.56638143886812e-05, 4.041684587718919e-05, 3.0079183488851413e-05, 2.1982030375511386e-05, 1.2734431948047131e-05, 3.3634119063208345e-06, 1.5152735613810364e-05, 3.464466135483235e-05], "lowlevel.erbbands.stdev": [0.011930766515433788, 0.5264962315559387, 3.8508834838867188, 4.921955108642578, 4.569696426391602, 16.269052505493164, 41.51744079589844, 109.64871978759766, 46.392417907714844, 43.39946746826172, 50.2711067199707, 27.561450958251953, 25.525033950805664, 89.67422485351562, 30.113046646118164, 46.68769454956055, 35.94649887084961, 30.713497161865234, 43.42973327636719, 13.650593757629395, 16.006675720214844, 2.7398369312286377, 2.384478807449341, 1.5799355506896973, 0.6686122417449951, 0.1860763430595398, 0.08819375932216644, 0.026685550808906555, 0.023958781734108925, 0.017484314739704132, 0.009009027853608131, 0.0034058287274092436, 0.00033492420334368944, 3.5943568946095183e-05, 1.698520100035239e-05, 1.1475354767753743e-05, 6.198563824000303e-06, 1.5966427326929988e-06, 7.651626219740137e-06, 1.7905733329826035e-05], "lowlevel.gfcc.mean": [-151.28211975097656, 230.6102294921875, -186.07066345214844, -82.86723327636719, -29.753215789794922, -56.851158142089844, -44.1650505065918, -30.90631675720215, -24.80768585205078, -13.606010437011719, 0.7814944982528687, -8.482571601867676, 3.7130284309387207], "lowlevel.melbands.mean": [6.756990478606895e-05, 0.0003720101376529783, 0.0002315525198355317, 0.000664988998323679, 0.0013125891564413905, 0.0022411912214010954, 0.0010774526745080948, 0.00048579199938103557, 0.0002851489407476038, 0.00020330294501036406, 0.00014242397446651012, 0.0004441990749910474, 0.00013832790136802942, 0.00015245501708704978, 5.5363027058774605e-05, 0.00010816256690304726, 6.831684004282579e-05, 6.566322554135695e-05, 3.4040160244330764e-05, 1.453595541534014e-05, 8.614585567556787e-06, 2.702662868614425e-06, 1.1473395034045097e-06, 1.4006581068315427e-06, 5.432673901850649e-07, 2.8951168928870175e-07, 2.030224095506128e-07, 5.064835306711757e-08, 3.4485712063769824e-08, 1.2676126814881172e-08, 5.0011097485480605e-09, 3.829348393935561e-09, 2.8264504070563135e-09, 2.4210102811395018e-09, 1.037246399882008e-09, 9.309729653850241e-10, 1.0005636597032463e-10, 4.1074366130544604e-11, 1.9786099841878624e-11, 1.3365328808967458e-11], "lowlevel.melbands.stdev": [0.0002570006181485951, 0.001485092449001968, 0.0007187147857621312, 0.0007768240757286549, 0.0012440379941836, 0.0020908634178340435, 0.0007315927068702877, 0.00048052583588287234, 0.00037452514516189694, 0.00017596194811630994, 0.00013048980326857418, 0.0003977024171035737, 8.094592340057716e-05, 0.00013596504868473858, 4.913835437037051e-05, 0.00011877348879352212, 6.277476495597512e-05, 7.979211659403518e-05, 3.777283927774988e-05, 2.7201478587812744e-05, 1.637389141251333e-05, 3.3570190680620726e-06, 1.395938738824043e-06, 2.8435927106329473e-06, 1.2391791415211628e-06, 4.950181846652413e-07, 3.5065059478256444e-07, 8.422005493002871e-08, 6.490469672826293e-08, 2.7062533547450585e-08, 1.184178355373433e-08, 1.277899652762926e-08, 1.2184904640832883e-08, 1.2557507922394961e-08, 5.401058711385076e-09, 5.938910252467622e-09, 7.572738547345637e-10, 2.618479599814094e-10, 6.267469876419796e-11, 1.6317438719659627e-11], "lowlevel.melbands128.mean": [1.0531540510783088e-06, 6.93152787789586e-06, 5.332156433723867e-05, 0.00025753738009370863, 0.0004931306466460228, 0.00036558957071974874, 0.0002914668002631515, 0.00011671646643662825, 0.00017667187785264105, 0.0008410487207584083, 0.000806046708021313, 0.0009364183060824871, 0.0012970557436347008, 0.0015926194610074162, 0.004123000893741846, 0.0013023442588746548, 0.00034921837504953146, 0.0016300956485792994, 0.0012093910481780767, 0.0003270041779614985, 0.0002702410565689206, 0.0003378811525180936, 0.0003756213409360498, 8.641194290248677e-05, 0.0002446093421895057, 0.0002740607305895537, 4.5272310671862215e-05, 0.00011240807361900806, 8.939379040384665e-05, 0.0007592886686325073, 0.0004501379153225571, 0.0001176867590402253, 4.650599657907151e-05, 0.00024213280994445086, 0.000173315464053303, 0.00014647410716861486, 8.859378431225196e-05, 3.3890080430865055e-06, 8.302015339722857e-05, 9.812409552978352e-05, 0.0001490522554377094, 4.842381167691201e-05, 6.924080662429333e-05, 6.44042156636715e-05, 8.057778177317232e-05, 5.246519867796451e-05, 8.372331649297848e-05, 3.832770380540751e-05, 8.557886758353561e-06, 1.1223127330595162e-05, 1.684327253315132e-05, 1.714954305498395e-05, 1.4549154911946971e-05, 1.6804073084131232e-06, 2.0308984858274926e-06, 4.852711754210759e-06, 7.370650223492703e-07, 1.5661302086300566e-06, 6.672246399830328e-07, 1.3337044038053136e-06, 2.559204631324974e-06, 2.455959702274413e-07, 7.389622851405875e-07, 6.067678555154998e-07, 2.9468910156538186e-07, 2.351963104274546e-07, 3.711556360030954e-07, 2.0567983938235557e-07, 2.2561410162325046e-07, 6.983882627764615e-08, 4.537172060281591e-08, 3.283417626676055e-08, 5.4183548314767904e-08, 2.720779690434938e-08, 2.9152282365885185e-08, 9.256564403870016e-09, 9.04679353652682e-09, 6.874280256141674e-09, 4.388593044524214e-09, 2.4416757504752695e-09, 4.42302106051784e-09, 3.2037099639836697e-09, 5.7009219567305536e-09, 2.474591864753961e-09, 1.071854160983321e-09, 1.4230314704377633e-09, 4.238116524390989e-09, 1.702402774306222e-09, 7.778919175471799e-10, 4.019842236857585e-10, 1.0093457181170606e-09, 1.29901445156122e-09, 1.5351654669704118e-10, 8.056731670702533e-11, 5.942363962008201e-11, 6.264875423989125e-11, 3.200637324618505e-11, 2.2251867015654625e-11, 2.0900659675193722e-11, 1.7385145406612068e-11, 1.36136536071918e-11, 1.3075661213501899e-11, 1.2706919717830889e-11, 1.2240057058188203e-11, 1.1551222652006476e-11, 1.1159254943715613e-11, 1.0905791894555428e-11, 1.063540575052535e-11, 1.026562515549223e-11, 1.0099573954924779e-11, 9.838646390647465e-12, 9.669529933697962e-12, 9.262331353288022e-12, 8.943239378222945e-12, 8.736120334085218e-12, 8.6912248231652e-12, 8.55133238525374e-12, 8.423192698892024e-12, 8.418031896550993e-12, 8.267149118057482e-12, 7.951742563017117e-12, 7.885561995046864e-12, 7.952993298643296e-12, 7.659605588683505e-12, 6.662909807220174e-12, 5.006130926465957e-12, 4.1021248897710194e-12, 3.95607071407289e-12], "lowlevel.melbands128.stdev": [2.6534808057476766e-06, 3.037161695829127e-05, 0.00021279486827552319, 0.0010733369272202253, 0.0021044162567704916, 0.0014888326404616237, 0.001199526246637106, 0.0005096312961541116, 0.00028074055444449186, 0.001193966600112617, 0.000947518099565059, 0.0013116424670442939, 0.0020927346777170897, 0.0012951073003932834, 0.004142689984291792, 0.0013342376332730055, 0.0003231023147236556, 0.0013530090218409896, 0.0010691296774894, 0.0004777199646923691, 0.0007464252412319183, 0.0004900572239421308, 0.0005893819616176188, 0.00011301919585093856, 0.00022486556554213166, 0.00028900441247969866, 7.078250200720504e-05, 0.00023320539912674576, 8.57823106343858e-05, 0.0008628747309558094, 0.0003585879458114505, 0.0001987728610401973, 3.621076393756084e-05, 0.00019723281729966402, 0.00027585073257796466, 0.0002379393990850076, 0.00016549223801121116, 3.5449329516268335e-06, 0.00010348844079999253, 8.939990220824257e-05, 0.00023250227968674153, 9.77283125394024e-05, 9.092304389923811e-05, 7.71398117649369e-05, 0.0001937684282893315, 7.747492054477334e-05, 0.0001069775753421709, 7.152649777708575e-05, 1.5964549675118178e-05, 1.708807576505933e-05, 4.0108618122758344e-05, 4.996994903194718e-05, 3.7140005588298663e-05, 3.828616627288284e-06, 6.681292234134162e-06, 6.585587016161298e-06, 9.66924631029542e-07, 2.263810529257171e-06, 1.0610110621200874e-06, 2.009254558288376e-06, 6.229965947568417e-06, 4.429818147855258e-07, 3.091277449129848e-06, 1.0499577456357656e-06, 4.1081946733356745e-07, 6.397234528776607e-07, 9.20761237921397e-07, 4.900220460513083e-07, 4.1306776665805955e-07, 1.1825899548512098e-07, 1.2203035737456958e-07, 6.760406989769763e-08, 1.1567263413780893e-07, 6.228459170642964e-08, 6.866248014603116e-08, 2.0596239380665793e-08, 2.3609070254337894e-08, 1.7835649401831688e-08, 1.0711710629607296e-08, 6.508686922757079e-09, 1.6390936607990625e-08, 1.1059200666352353e-08, 2.7778428446367798e-08, 1.229743418207363e-08, 4.113092977320321e-09, 6.9345662545572395e-09, 2.439307777990507e-08, 9.677182610801083e-09, 4.689708177352259e-09, 1.903776469802665e-09, 6.207941716240839e-09, 8.89695517258815e-09, 1.1030339974738013e-09, 7.926120870749287e-10, 4.975648226768214e-10, 5.365819455427356e-10, 1.544571137657158e-10, 9.048047033832773e-11, 8.955354513506819e-11, 4.765747171897594e-11, 1.7705767407782957e-11, 1.5645922057938577e-11, 1.492810389192023e-11, 1.4390699569488685e-11, 1.2970996672578838e-11, 1.2946058287888196e-11, 1.4221452140916746e-11, 1.3128069811796372e-11, 1.1062362831326666e-11, 1.2541648275465889e-11, 1.027643074802409e-11, 9.298823863690409e-12, 8.744849462616333e-12, 8.460000928967037e-12, 8.133290915757208e-12, 7.846320815296792e-12, 7.602220936098192e-12, 7.394794845905217e-12, 7.2141303347761365e-12, 7.05431589878569e-12, 6.8538989587974e-12, 6.680631308569884e-12, 6.583597816217646e-12, 6.45970039611643e-12, 6.345719089084767e-12, 6.25961955880161e-12, 6.195226623373351e-12, 6.161195251902507e-12], "lowlevel.mfcc.mean": [-787.6251831054688, 288.8892517089844, -88.47850799560547, -28.93238067626953, -9.133662223815918, -30.585756301879883, -20.804031372070312, -27.916011810302734, -29.01333236694336, -15.300647735595703, -16.350072860717773, -16.551149368286133, -4.479164123535156], "lowlevel.spectral_contrast_coeffs.mean": [-0.47240373492240906, -0.6376187205314636, -0.6090664267539978, -0.6764612197875977, -0.7268285155296326, -0.8396170735359192], "lowlevel.spectral_contrast_coeffs.stdev": [0.0993489921092987, 0.0563725009560585, 0.0467161163687706, 0.04430810362100601, 0.044175490736961365, 0.08940178900957108], "lowlevel.spectral_contrast_valleys.mean": [-8.743285179138184, -6.378965377807617, -7.8114166259765625, -8.270198822021484, -10.135088920593262, -14.16218376159668], "lowlevel.spectral_contrast_valleys.stdev": [1.3006203174591064, 0.482097864151001, 0.46304407715797424, 0.4835413098335266, 0.9152374267578125, 0.795135498046875], "rhythm.beats_loudness_band_ratio.mean": [0.048852819949388504, 0.452376127243042, 0.25089317560195923, 0.21511714160442352, 0.04357177019119263, 0.0003355728113092482], "rhythm.beats_loudness_band_ratio.stdev": [0.11770535260438919, 0.17999336123466492, 0.0952153131365776, 0.1167953759431839, 0.030634257942438126, 0.0003699723747558892], "tonal.hpcp.mean": [0.5169334411621094, 0.26096606254577637, 0.14905285835266113, 0.25210651755332947, 0.10865819454193115, 0.0009351354092359543, 0.00297380518168211, 0.003714760532602668, 0.07505881041288376, 0.14404577016830444, 0.07039910554885864, 0.02604605443775654, 0.033447619527578354, 0.008667578920722008, 0.19126136600971222, 0.3179265260696411, 0.1299295723438263, 0.004181384574621916, 0.002100809011608362, 0.0004928543930873275, 0.019592413678765297, 0.0443330742418766, 0.025877825915813446, 0.3731251358985901, 0.6546792984008789, 0.28306305408477783, 0.009076918475329876, 0.011082165874540806, 0.007805211935192347, 0.047882501035928726, 0.060683295130729675, 0.02493208833038807, 0.030234886333346367, 0.023655135184526443, 0.0014395320322364569, 0.2620493769645691], "tonal.hpcp.stdev": [0.3593089282512665, 0.18373699486255646, 0.20600469410419464, 0.3539784848690033, 0.15962845087051392, 0.0030984976328909397, 0.004199276678264141, 0.006593975238502026, 0.10126351565122604, 0.1785128116607666, 0.08174404501914978, 0.046334367245435715, 0.06929607689380646, 0.03922615945339203, 0.18689998984336853, 0.3128175437450409, 0.1465120166540146, 0.025060076266527176, 0.0065350099466741085, 0.0016103106318041682, 0.022901345044374466, 0.053100284188985825, 0.031240129843354225, 0.23655790090560913, 0.39755740761756897, 0.17906393110752106, 0.01793506368994713, 0.023400649428367615, 0.02118537575006485, 0.10872649401426315, 0.13399305939674377, 0.040511250495910645, 0.07369954138994217, 0.05827837809920311, 0.00704277353361249, 0.19055934250354767], "rhythm.beats_position": [0.6269387602806091, 1.2538775205612183, 1.8575963973999023, 2.461315155029297, 3.076643943786621, 3.6919727325439453, 4.29569149017334, 4.911020278930664, 5.526349067687988, 6.1416778564453125, 6.745396614074707, 7.349115371704102, 7.964444160461426, 8.57977294921875, 9.195101737976074, 9.798820495605469, 10.414149284362793, 11.017868041992188, 11.633196830749512, 12.236915588378906, 12.85224437713623, 13.467573165893555, 14.082901954650879, 14.698230743408203, 15.301949501037598, 15.905668258666992, 16.509387969970703, 17.12471580505371, 17.74004554748535, 18.34376335144043, 18.94748306274414, 19.56281089782715, 20.17814064025879, 20.781858444213867, 21.408798217773438, 22.024126052856445, 22.639455795288086, 23.243173599243164, 23.846893310546875, 24.450611114501953, 25.054330825805664, 25.669658660888672, 26.284988403320312], "rhythm.bpm_histogram": [0.0, 0.0, 0.0, 0.0, 0.0, 0.0, 0.0, 0.0, 0.0, 0.0, 0.0, 0.0, 0.0, 0.0, 0.0, 0.0, 0.0, 0.0, 0.0, 0.0, 0.0, 0.0, 0.0, 0.0, 0.0, 0.0, 0.0, 0.0, 0.0, 0.0, 0.0, 0.0, 0.0, 0.0, 0.0, 0.0, 0.0, 0.0, 0.0, 0.0, 0.0, 0.0, 0.0, 0.0, 0.0, 0.0, 0.0, 0.0, 0.0, 0.0, 0.0, 0.0, 0.0, 0.0, 0.0, 0.0, 0.0, 0.0, 0.0, 0.0, 0.0, 0.0, 0.0, 0.0, 0.0, 0.0, 0.0, 0.0, 0.0, 0.0, 0.0, 0.0, 0.0, 0.0, 0.0, 0.0, 0.0, 0.0, 0.0, 0.0, 0.0, 0.0, 0.0, 0.0, 0.0, 0.0, 0.0, 0.0, 0.0, 0.0, 0.0, 0.0, 0.0, 0.0, 0.0, 0.0, 0.0476190485060215, 0.0, 0.523809552192688, 0.4285714328289032, 0.0, 0.0, 0.0, 0.0, 0.0, 0.0, 0.0, 0.0, 0.0, 0.0, 0.0, 0.0, 0.0, 0.0, 0.0, 0.0, 0.0, 0.0, 0.0, 0.0, 0.0, 0.0, 0.0, 0.0, 0.0, 0.0, 0.0, 0.0, 0.0, 0.0, 0.0, 0.0, 0.0, 0.0, 0.0, 0.0, 0.0, 0.0, 0.0, 0.0, 0.0, 0.0, 0.0, 0.0, 0.0, 0.0, 0.0, 0.0, 0.0, 0.0, 0.0, 0.0, 0.0, 0.0, 0.0, 0.0, 0.0, 0.0, 0.0, 0.0, 0.0, 0.0, 0.0, 0.0, 0.0, 0.0, 0.0, 0.0, 0.0, 0.0, 0.0, 0.0, 0.0, 0.0, 0.0, 0.0, 0.0, 0.0, 0.0, 0.0, 0.0, 0.0, 0.0, 0.0, 0.0, 0.0, 0.0, 0.0, 0.0, 0.0, 0.0, 0.0, 0.0, 0.0, 0.0, 0.0, 0.0, 0.0, 0.0, 0.0, 0.0, 0.0, 0.0, 0.0, 0.0, 0.0, 0.0, 0.0, 0.0, 0.0, 0.0, 0.0, 0.0, 0.0, 0.0, 0.0, 0.0, 0.0, 0.0, 0.0, 0.0, 0.0, 0.0, 0.0, 0.0, 0.0, 0.0, 0.0, 0.0, 0.0, 0.0, 0.0, 0.0, 0.0, 0.0, 0.0, 0.0, 0.0, 0.0, 0.0, 0.0, 0.0, 0.0, 0.0, 0.0, 0.0, 0.0, 0.0, 0.0, 0.0], "tonal.chords_histogram": [34.82758712768555, 42.58620834350586, 22.586206436157227, 0.0, 0.0, 0.0, 0.0, 0.0, 0.0, 0.0, 0.0, 0.0, 0.0, 0.0, 0.0, 0.0, 0.0, 0.0, 0.0, 0.0, 0.0, 0.0, 0.0, 0.0], "tonal.thpcp": [1.0, 0.43236902356147766, 0.013864679262042046, 0.016927625983953476, 0.011922191828489304, 0.07313886284828186, 0.09269163757562637, 0.038082901388406754, 0.046182744204998016, 0.03613240271806717, 0.0021988353691995144, 0.40027135610580444, 0.7895979881286621, 0.39861664175987244, 0.22767308354377747, 0.38508400321006775, 0.16597163677215576, 0.0014283870114013553, 0.004542384762316942, 0.0056741684675216675, 0.11464973539113998, 0.2200249284505844, 0.10753220319747925, 0.039784446358680725, 0.05109008401632309, 0.013239427469670773, 0.29214513301849365, 0.48562178015708923, 0.19846293330192566, 0.006386920344084501, 0.003208913141861558, 0.0007528180722147226, 0.029926734045147896, 0.06771723926067352, 0.03952748328447342, 0.5699357390403748], "lowlevel.gfcc.cov": [[1850.9691162109375, 109.1939697265625, -30.801502227783203, 779.4151000976562, -1.458600640296936, 42.62895584106445, 310.029541015625, -73.29832458496094, 210.0406036376953, 65.54031372070312, -37.39177703857422, 53.48756790161133, -24.291017532348633], [109.1939697265625, 626.8665771484375, 415.2840270996094, -131.93603515625, 455.93988037109375, 242.7932891845703, 41.6258430480957, 259.4999694824219, 34.95233917236328, -98.69453430175781, -4.687946319580078, -50.83412170410156, -73.1591796875], [-30.801502227783203, 415.2840270996094, 571.2341918945312, 161.88980102539062, 270.8000793457031, 318.5093078613281, 96.0808334350586, 191.82386779785156, 106.86629486083984, -89.32508850097656, -6.376692295074463, -7.272262096405029, -92.80010986328125], [779.4151000976562, -131.93603515625, 161.88980102539062, 1013.17333984375, -142.5457763671875, 105.46314239501953, 400.807373046875, -67.7903060913086, 176.27444458007812, 32.268882751464844, -61.72480010986328, 77.61785888671875, -90.0119400024414], [-1.458600640296936, 455.93988037109375, 270.8000793457031, -142.5457763671875, 437.7558898925781, 197.7541961669922, 11.175697326660156, 220.59390258789062, -0.8789911866188049, -51.29015350341797, 0.3749796748161316, -44.2020378112793, -50.36069107055664], [42.62895584106445, 242.7932891845703, 318.5093078613281, 105.46314239501953, 197.7541961669922, 278.4358825683594, 75.43840026855469, 131.22093200683594, 92.80364990234375, -66.94046020507812, -4.524814605712891, -9.065594673156738, -78.61225128173828], [310.029541015625, 41.6258430480957, 96.0808334350586, 400.807373046875, 11.175697326660156, 75.43840026855469, 221.82220458984375, 27.14961814880371, 58.538387298583984, 3.5900630950927734, -33.41808319091797, 11.179792404174805, -57.84130096435547], [-73.29832458496094, 259.4999694824219, 191.82386779785156, -67.7903060913086, 220.59390258789062, 131.22093200683594, 27.14961814880371, 195.4569091796875, 21.84005355834961, -94.94510650634766, -12.586085319519043, -21.02436065673828, -44.01234817504883], [210.0406036376953, 34.95233917236328, 106.86629486083984, 176.27444458007812, -0.8789911866188049, 92.80364990234375, 58.538387298583984, 21.84005355834961, 118.06464385986328, -14.892391204833984, -18.881155014038086, 26.042980194091797, -14.939183235168457], [65.54031372070312, -98.69453430175781, -89.32508850097656, 32.268882751464844, -51.29015350341797, -66.94046020507812, 3.5900630950927734, -94.94510650634766, -14.892391204833984, 127.99634552001953, 13.327199935913086, -14.089469909667969, 36.59138488769531], [-37.39177703857422, -4.687946319580078, -6.376692295074463, -61.72480010986328, 0.3749796748161316, -4.524814605712891, -33.41808319091797, -12.586085319519043, -18.881155014038086, 13.327199935913086, 44.36184310913086, 12.520477294921875, 3.888991594314575], [53.48756790161133, -50.83412170410156, -7.272262096405029, 77.61785888671875, -44.2020378112793, -9.065594673156738, 11.179792404174805, -21.02436065673828, 26.042980194091797, -14.089469909667969, 12.520477294921875, 68.56854248046875, 13.043540954589844], [-24.291017532348633, -73.1591796875, -92.80010986328125, -90.0119400024414, -50.36069107055664, -78.61225128173828, -57.84130096435547, -44.01234817504883, -14.939183235168457, 36.59138488769531, 3.888991594314575, 13.043540954589844, 70.41799926757812]], "lowlevel.gfcc.icov": [[0.002438037423416972, -0.007043434306979179, 0.005725882947444916, -0.005209324415773153, 0.003562642727047205, -0.0031084492802619934, 0.005202922970056534, -0.0011738662142306566, -0.00039057579124346375, -0.001816967036575079, -0.0014511988265439868, 0.0005018640076741576, -0.002123406855389476], [-0.007043434306979179, 0.05275842919945717, -0.03617483377456665, 0.03221205621957779, -0.0465899296104908, 0.035217031836509705, -0.05136356130242348, 0.03166884556412697, -0.02795775979757309, 0.034706152975559235, -0.013774648308753967, 0.016673102974891663, 0.0031904755160212517], [0.005725882947444916, -0.03617483377456665, 0.031126907095313072, -0.02470848709344864, 0.030190784484148026, -0.02872963435947895, 0.03736858069896698, -0.023439157754182816, 0.017757505178451538, -0.022954756394028664, 0.006907758302986622, -0.009687254205346107, -0.0034995130263268948], [-0.005209324415773153, 0.03221205621957779, -0.02470848709344864, 0.028221845626831055, -0.02696097083389759, 0.023204291239380836, -0.04299454763531685, 0.023858770728111267, -0.020162612199783325, 0.02043653465807438, -0.004951117094606161, 0.005040474236011505, 0.005843729712069035], [0.003562642727047205, -0.0465899296104908, 0.030190784484148026, -0.02696097083389759, 0.055598195642232895, -0.03927122801542282, 0.05120204761624336, -0.04585343226790428, 0.03801877424120903, -0.04452560096979141, 0.02196892909705639, -0.023294731974601746, 0.0017726911464706063], [-0.0031084492802619934, 0.035217031836509705, -0.02872963435947895, 0.023204291239380836, -0.03927122801542282, 0.04378056898713112, -0.04155527055263519, 0.030698953196406364, -0.035434845834970474, 0.031824562698602676, -0.018865875899791718, 0.018028276041150093, 0.006806795485317707], [0.005202922970056534, -0.05136356130242348, 0.03736858069896698, -0.04299454763531685, 0.05120204761624336, -0.04155527055263519, 0.08229703456163406, -0.05015099421143532, 0.04141818359494209, -0.04791896790266037, 0.025362525135278702, -0.022056806832551956, 0.005572649650275707], [-0.0011738662142306566, 0.03166884556412697, -0.023439157754182816, 0.023858770728111267, -0.04585343226790428, 0.030698953196406364, -0.05015099421143532, 0.059253990650177, -0.03580537065863609, 0.04833021014928818, -0.021337386220693588, 0.024433497339487076, -0.006633374374359846], [-0.00039057579124346375, -0.02795775979757309, 0.017757505178451538, -0.020162612199783325, 0.03801877424120903, -0.035434845834970474, 0.04141818359494209, -0.03580537065863609, 0.05127173289656639, -0.03448259457945824, 0.027634771540760994, -0.025162119418382645, -0.0003484080370981246], [-0.001816967036575079, 0.034706152975559235, -0.022954756394028664, 0.02043653465807438, -0.04452560096979141, 0.031824562698602676, -0.04791896790266037, 0.04833021014928818, -0.03448259457945824, 0.05787864699959755, -0.03161338344216347, 0.03352542594075203, -0.01602134294807911], [-0.0014511988265439868, -0.013774648308753967, 0.006907758302986622, -0.004951117094606161, 0.02196892909705639, -0.018865875899791718, 0.025362525135278702, -0.021337386220693588, 0.027634771540760994, -0.03161338344216347, 0.0537080280482769, -0.031454458832740784, 0.015260135754942894], [0.0005018640076741576, 0.016673102974891663, -0.009687254205346107, 0.005040474236011505, -0.023294731974601746, 0.018028276041150093, -0.022056806832551956, 0.024433497339487076, -0.025162119418382645, 0.03352542594075203, -0.031454458832740784, 0.04376183822751045, -0.017335550859570503], [-0.002123406855389476, 0.0031904755160212517, -0.0034995130263268948, 0.005843729712069035, 0.0017726911464706063, 0.006806795485317707, 0.005572649650275707, -0.006633374374359846, -0.0003484080370981246, -0.01602134294807911, 0.015260135754942894, -0.017335550859570503, 0.039558667689561844]], "lowlevel.mfcc.cov": [[1639.0616455078125, -136.80364990234375, -196.97293090820312, 784.5897216796875, -264.9809265136719, 269.1271057128906, 35.89754104614258, -12.803750991821289, 147.6314239501953, 59.22695541381836, 70.59381103515625, 68.95525360107422, 65.13542938232422], [-136.80364990234375, 873.8685302734375, 88.28028869628906, -380.2657165527344, 523.017822265625, -59.03003692626953, 124.81592559814453, 228.5658416748047, 79.0671157836914, 76.02394104003906, 53.58869552612305, 15.379733085632324, 25.146495819091797], [-196.97293090820312, 88.28028869628906, 492.02386474609375, 114.6299819946289, 140.47488403320312, 184.4865264892578, 43.12919998168945, 289.6866455078125, 85.639404296875, 73.10746002197266, 106.4552230834961, 5.825477600097656, 34.77863693237305], [784.5897216796875, -380.2657165527344, 114.6299819946289, 805.5103149414062, -242.36404418945312, 271.888671875, 109.4764175415039, 43.418643951416016, 152.78994750976562, 30.4940128326416, 103.09131622314453, 70.45179748535156, 46.78733444213867], [-264.9809265136719, 523.017822265625, 140.47488403320312, -242.36404418945312, 442.429931640625, 8.57652473449707, 97.9332046508789, 246.5648956298828, 76.10151672363281, 69.31436920166016, 55.879085540771484, 20.581979751586914, 35.90350341796875], [269.1271057128906, -59.03003692626953, 184.4865264892578, 271.888671875, 8.57652473449707, 244.52113342285156, 55.31998825073242, 99.10602569580078, 87.25749206542969, 66.67754364013672, 87.26246643066406, 34.865821838378906, 58.81880187988281], [35.89754104614258, 124.81592559814453, 43.12919998168945, 109.4764175415039, 97.9332046508789, 55.31998825073242, 176.57142639160156, 76.61444091796875, 55.74184799194336, 33.94292449951172, 57.768436431884766, 56.65479278564453, 11.915142059326172], [-12.803750991821289, 228.5658416748047, 289.6866455078125, 43.418643951416016, 246.5648956298828, 99.10602569580078, 76.61444091796875, 434.8678283691406, 123.67478942871094, 55.65119171142578, 103.95169830322266, 16.143726348876953, 35.86052703857422], [147.6314239501953, 79.0671157836914, 85.639404296875, 152.78994750976562, 76.10151672363281, 87.25749206542969, 55.74184799194336, 123.67478942871094, 137.99627685546875, 58.43750762939453, 44.28116989135742, 18.579120635986328, 28.42371940612793], [59.22695541381836, 76.02394104003906, 73.10746002197266, 30.4940128326416, 69.31436920166016, 66.67754364013672, 33.94292449951172, 55.65119171142578, 58.43750762939453, 110.91027069091797, 31.132930755615234, -4.136898040771484, 32.01544189453125], [70.59381103515625, 53.58869552612305, 106.4552230834961, 103.09131622314453, 55.879085540771484, 87.26246643066406, 57.768436431884766, 103.95169830322266, 44.28116989135742, 31.132930755615234, 84.87562561035156, 24.018997192382812, 18.929702758789062], [68.95525360107422, 15.379733085632324, 5.825477600097656, 70.45179748535156, 20.581979751586914, 34.865821838378906, 56.65479278564453, 16.143726348876953, 18.579120635986328, -4.136898040771484, 24.018997192382812, 64.16265106201172, 13.400270462036133], [65.13542938232422, 25.146495819091797, 34.77863693237305, 46.78733444213867, 35.90350341796875, 58.81880187988281, 11.915142059326172, 35.86052703857422, 28.42371940612793, 32.01544189453125, 18.929702758789062, 13.400270462036133, 60.293540954589844]], "lowlevel.mfcc.icov": [[0.024680353701114655, -0.03305889666080475, 0.03287298232316971, -0.03370707854628563, 0.029018530622124672, -0.031146178022027016, 0.02961251325905323, -0.024618908762931824, 0.026047613471746445, -0.02262774109840393, 0.019177760928869247, -0.015902625396847725, 0.013464091345667839], [-0.03305889666080475, 0.04908299446105957, -0.04396930709481239, 0.04612337797880173, -0.04385998100042343, 0.04314415156841278, -0.04073349013924599, 0.03408987447619438, -0.03687644749879837, 0.030553467571735382, -0.02800505980849266, 0.02208723872900009, -0.018338903784751892], [0.03287298232316971, -0.04396930709481239, 0.04855327680706978, -0.044792018830776215, 0.03834499046206474, -0.044787392020225525, 0.040140263736248016, -0.03550082817673683, 0.03613589331507683, -0.031099483370780945, 0.024784445762634277, -0.020379871129989624, 0.01984398439526558], [-0.03370707854628563, 0.04612337797880173, -0.044792018830776215, 0.051471367478370667, -0.036103662103414536, 0.039775241166353226, -0.04323308914899826, 0.0335993692278862, -0.04101850464940071, 0.03282743692398071, -0.028553983196616173, 0.021163582801818848, -0.019503436982631683], [0.029018530622124672, -0.04385998100042343, 0.03834499046206474, -0.036103662103414536, 0.0474933385848999, -0.03847309947013855, 0.03219158947467804, -0.032392170280218124, 0.028447143733501434, -0.02704487182199955, 0.023323845118284225, -0.020583754405379295, 0.013198589906096458], [-0.031146178022027016, 0.04314415156841278, -0.044787392020225525, 0.039775241166353226, -0.03847309947013855, 0.05364275351166725, -0.036120835691690445, 0.033356159925460815, -0.03432174026966095, 0.026053015142679214, -0.03119182214140892, 0.018409475684165955, -0.02345181442797184], [0.02961251325905323, -0.04073349013924599, 0.040140263736248016, -0.04323308914899826, 0.03219158947467804, -0.036120835691690445, 0.04797716066241264, -0.02940502017736435, 0.03268340602517128, -0.03032783232629299, 0.019794493913650513, -0.02688823826611042, 0.019926132634282112], [-0.024618908762931824, 0.03408987447619438, -0.03550082817673683, 0.0335993692278862, -0.032392170280218124, 0.033356159925460815, -0.02940502017736435, 0.03158996254205704, -0.030122024938464165, 0.024764034897089005, -0.023944810032844543, 0.017253190279006958, -0.014712315052747726], [0.026047613471746445, -0.03687644749879837, 0.03613589331507683, -0.04101850464940071, 0.028447143733501434, -0.03432174026966095, 0.03268340602517128, -0.030122024938464165, 0.04713599383831024, -0.03045770339667797, 0.025280611589550972, -0.01760045997798443, 0.016152460128068924], [-0.02262774109840393, 0.030553467571735382, -0.031099483370780945, 0.03282743692398071, -0.02704487182199955, 0.026053015142679214, -0.03032783232629299, 0.024764034897089005, -0.03045770339667797, 0.03726251795887947, -0.01981128752231598, 0.021194521337747574, -0.017797814682126045], [0.019177760928869247, -0.02800505980849266, 0.024784445762634277, -0.028553983196616173, 0.023323845118284225, -0.03119182214140892, 0.019794493913650513, -0.023944810032844543, 0.025280611589550972, -0.01981128752231598, 0.04499823600053787, -0.015045110136270523, 0.013511456549167633], [-0.015902625396847725, 0.02208723872900009, -0.020379871129989624, 0.021163582801818848, -0.020583754405379295, 0.018409475684165955, -0.02688823826611042, 0.017253190279006958, -0.01760045997798443, 0.021194521337747574, -0.015045110136270523, 0.03697105124592781, -0.013799579814076424], [0.013464091345667839, -0.018338903784751892, 0.01984398439526558, -0.019503436982631683, 0.013198589906096458, -0.02345181442797184, 0.019926132634282112, -0.014712315052747726, 0.016152460128068924, -0.017797814682126045, 0.013511456549167633, -0.013799579814076424, 0.03386896476149559]], "metadata.audio_properties.analysis.downmix": "mix", "metadata.audio_properties.codec": "mp3", "metadata.audio_properties.md5_encoded": "79577ea160bc4c3fe8cefeb258d16570", "metadata.tags.file_name": "1182271831357526096.mp3", "metadata.version.essentia": "2.1-beta6-dev", "metadata.version.essentia_git_sha": "v2.1_beta5-1110-g77a6a954", "metadata.version.extractor": "music 2.0", "tonal.chords_key": "D", "tonal.chords_scale": "minor", "tonal.key_edma.key": "Bb", "tonal.key_edma.scale": "major", "tonal.key_krumhansl.key": "Bb", "tonal.key_krumhansl.scale": "major", "tonal.key_temperley.key": "Bb", "tonal.key_temperley.scale": "major", "metadata.tags.encoding": ["Lavf58.45.100"]}, "essentia_models": [{"model_name": "genre_dortmund", "activations": {"alternative": "0.35567445", "blues": "0.025410999", "electronic": "0.10336436", "folkcountry": "0.20793767", "funksoulrnb": "0.026039321", "jazz": "0.2637307", "pop": "0.08319883", "raphiphop": "0.03684073", "rock": "0.11776941"}}, {"model_name": "genre_rosamerica", "activations": {"classic": "0.7670961", "dance": "0.03951572", "hip hop": "0.005248703", "jazz": "0.11444639", "pop": "0.020628767", "rhythm and blues": "0.019644823", "rock": "0.14843708", "speech": "0.0039003622"}}, {"model_name": "genre_tzanetakis", "activations": {"blues": "0.012097137", "classic": "0.74107116", "country": "0.083000064", "disco": "0.010453989", "hip hop": "0.0040191296", "jazz": "0.0316827", "metal": "0.041325543", "pop": "0.0031565712", "reggae": "0.0018155394", "rock": "0.069275774"}}, {"model_name": "genre_electronic", "activations": {"ambient": "0.65153426", "dnb": "0.07923501", "house": "0.024045805", "techno": "0.06796343", "trance": "0.0038072495"}}, 