{"song_id": "1182276363428827156", "download": "https://cdn.discordapp.com/attachments/1135903449314238464/1182276363428827156/chirp.mp4?ex=65841baa&amp", "lyrics": "Outro:\nGululu, gululu, what a wonderful feat,\nOur teeth are clean, oh so neat!\nTogether we've brushed, and had some fun,\nHealthy teeth for everyone!", "style": ["happy song for kids"], "essentia_features": {"lowlevel.average_loudness": 0.9848136901855469, "lowlevel.barkbands_crest.mean": 10.300110816955566, "lowlevel.barkbands_crest.stdev": 3.5579984188079834, "lowlevel.barkbands_flatness_db.mean": 0.13785792887210846, "lowlevel.barkbands_flatness_db.stdev": 0.03963322937488556, "lowlevel.barkbands_kurtosis.mean": 4.651902675628662, "lowlevel.barkbands_kurtosis.stdev": 7.442344665527344, "lowlevel.barkbands_skewness.mean": 1.734065294265747, "lowlevel.barkbands_skewness.stdev": 1.1645548343658447, "lowlevel.barkbands_spread.mean": 28.233036041259766, "lowlevel.barkbands_spread.stdev": 17.16503143310547, "lowlevel.dissonance.mean": 0.46151742339134216, "lowlevel.dissonance.stdev": 0.026855915784835815, "lowlevel.dynamic_complexity": 1.5625760555267334, "lowlevel.erbbands_crest.mean": 10.536818504333496, "lowlevel.erbbands_crest.stdev": 5.632753372192383, "lowlevel.erbbands_flatness_db.mean": 0.146015003323555, "lowlevel.erbbands_flatness_db.stdev": 0.04388364776968956, "lowlevel.erbbands_kurtosis.mean": 0.375112384557724, "lowlevel.erbbands_kurtosis.stdev": 2.4775028228759766, "lowlevel.erbbands_skewness.mean": 0.3014342486858368, "lowlevel.erbbands_skewness.stdev": 0.9214037656784058, "lowlevel.erbbands_spread.mean": 53.75075912475586, "lowlevel.erbbands_spread.stdev": 27.053844451904297, "lowlevel.hfc.mean": 29.569738388061523, "lowlevel.hfc.stdev": 15.400221824645996, "lowlevel.loudness_ebu128.integrated": -11.307016372680664, "lowlevel.loudness_ebu128.loudness_range": 0.5852699279785156, "lowlevel.loudness_ebu128.momentary.mean": -11.367218971252441, "lowlevel.loudness_ebu128.momentary.stdev": 0.7240361571311951, "lowlevel.loudness_ebu128.short_term.mean": -11.269733428955078, "lowlevel.loudness_ebu128.short_term.stdev": 0.20010049641132355, "lowlevel.melbands_crest.mean": 13.749897956848145, "lowlevel.melbands_crest.stdev": 4.051031589508057, "lowlevel.melbands_flatness_db.mean": 0.1974528431892395, "lowlevel.melbands_flatness_db.stdev": 0.04694204777479172, "lowlevel.melbands_kurtosis.mean": 18.583755493164062, "lowlevel.melbands_kurtosis.stdev": 21.442224502563477, "lowlevel.melbands_skewness.mean": 3.242713451385498, "lowlevel.melbands_skewness.stdev": 1.8033390045166016, "lowlevel.melbands_spread.mean": 24.064729690551758, "lowlevel.melbands_spread.stdev": 14.677461624145508, "lowlevel.pitch_salience.mean": 0.515412449836731, "lowlevel.pitch_salience.stdev": 0.09038716554641724, "lowlevel.silence_rate_20dB.mean": 1.0, "lowlevel.silence_rate_20dB.stdev": 0.0, "lowlevel.silence_rate_30dB.mean": 1.0, "lowlevel.silence_rate_30dB.stdev": 0.0, "lowlevel.silence_rate_60dB.mean": 0.003968254197388887, "lowlevel.silence_rate_60dB.stdev": 0.0628688782453537, "lowlevel.spectral_centroid.mean": 1407.57568359375, "lowlevel.spectral_centroid.stdev": 651.9694213867188, "lowlevel.spectral_complexity.mean": 17.79166603088379, "lowlevel.spectral_complexity.stdev": 6.4320526123046875, "lowlevel.spectral_decrease.mean": -7.72418840000455e-09, "lowlevel.spectral_decrease.stdev": 3.3810141353285417e-09, "lowlevel.spectral_energy.mean": 0.03183494880795479, "lowlevel.spectral_energy.stdev": 0.013386374339461327, "lowlevel.spectral_energyband_high.mean": 0.0018314041662961245, "lowlevel.spectral_energyband_high.stdev": 0.0015228731790557504, "lowlevel.spectral_energyband_low.mean": 0.008236696943640709, "lowlevel.spectral_energyband_low.stdev": 0.009084034711122513, "lowlevel.spectral_energyband_middle_high.mean": 0.006425058469176292, "lowlevel.spectral_energyband_middle_high.stdev": 0.007565024308860302, "lowlevel.spectral_energyband_middle_low.mean": 0.017027607187628746, "lowlevel.spectral_energyband_middle_low.stdev": 0.010702758096158504, "lowlevel.spectral_entropy.mean": 7.532875061035156, "lowlevel.spectral_entropy.stdev": 0.43057307600975037, "lowlevel.spectral_flux.mean": 0.07973237335681915, "lowlevel.spectral_flux.stdev": 0.040672507137060165, "lowlevel.spectral_kurtosis.mean": 3.1229426860809326, "lowlevel.spectral_kurtosis.stdev": 2.0211825370788574, "lowlevel.spectral_rms.mean": 0.005441303364932537, "lowlevel.spectral_rms.stdev": 0.0012044559698551893, "lowlevel.spectral_rolloff.mean": 1872.4049072265625, "lowlevel.spectral_rolloff.stdev": 1811.2325439453125, "lowlevel.spectral_skewness.mean": 1.3826491832733154, "lowlevel.spectral_skewness.stdev": 0.4300519526004791, "lowlevel.spectral_spread.mean": 5930615.5, "lowlevel.spectral_spread.stdev": 1901150.0, "lowlevel.spectral_strongpeak.mean": 1.455329179763794, "lowlevel.spectral_strongpeak.stdev": 1.6402987241744995, "lowlevel.zerocrossingrate.mean": 0.0772821307182312, "lowlevel.zerocrossingrate.stdev": 0.03598034009337425, "metadata.audio_properties.analysis.equal_loudness": 0.0, "metadata.audio_properties.analysis.length": 11.669320106506348, "metadata.audio_properties.analysis.sample_rate": 44100.0, "metadata.audio_properties.analysis.start_time": 0.0, "metadata.audio_properties.bit_rate": 117475.0, "metadata.audio_properties.length": 11.669333457946777, "metadata.audio_properties.lossless": 0.0, "metadata.audio_properties.number_channels": 1.0, "metadata.audio_properties.replay_gain": -14.799217224121094, "metadata.audio_properties.sample_rate": 48000.0, "rhythm.beats_count": 22.0, "rhythm.beats_loudness.mean": 0.04019114002585411, "rhythm.beats_loudness.stdev": 0.009315125644207, "rhythm.bpm": 117.21681213378906, "rhythm.bpm_histogram_first_peak_bpm": 117.0, "rhythm.bpm_histogram_first_peak_weight": 0.2857142686843872, "rhythm.bpm_histogram_second_peak_bpm": 0.0, "rhythm.bpm_histogram_second_peak_spread": 0.0, "rhythm.bpm_histogram_second_peak_weight": 0.0, "rhythm.danceability": 1.7115871906280518, "rhythm.onset_rate": 4.447772026062012, "tonal.chords_changes_rate": 0.035573121160268784, "tonal.chords_number_rate": 0.023715414106845856, "tonal.chords_strength.mean": 0.5431480407714844, "tonal.chords_strength.stdev": 0.08354686200618744, "tonal.hpcp_crest.mean": 18.42401123046875, "tonal.hpcp_crest.stdev": 7.702543258666992, "tonal.hpcp_entropy.mean": 1.4633464813232422, "tonal.hpcp_entropy.stdev": 0.6294594407081604, "tonal.key_edma.strength": 0.7838705778121948, "tonal.key_krumhansl.strength": 0.7919571399688721, "tonal.key_temperley.strength": 0.8074771165847778, "tonal.tuning_diatonic_strength": 0.6599295139312744, "tonal.tuning_equal_tempered_deviation": 0.047669507563114166, "tonal.tuning_frequency": 438.7310485839844, "tonal.tuning_nontempered_energy_ratio": 0.6392281651496887, "lowlevel.barkbands.mean": [0.00011771095887525007, 0.001753114047460258, 0.004824955482035875, 0.0027399701066315174, 0.003868347266688943, 0.005585378501564264, 0.0017919311067089438, 0.0023669786751270294, 0.0004253544029779732, 0.0007715970859862864, 0.0007823088672012091, 0.0010811206884682178, 0.0009055205737240613, 0.0005585206090472639, 0.0003465860500000417, 0.0002907807065639645, 0.000870297837536782, 0.0005153127713128924, 0.00021322366956155747, 0.0008446283754892647, 0.0003385510353837162, 0.00010706077591748908, 0.00016675917140673846, 0.00024161484907381237, 0.00022663506388198584, 9.924536425387487e-05, 1.4506902061839355e-06], "lowlevel.barkbands.stdev": [0.0001817863085307181, 0.005328763741999865, 0.004503052216023207, 0.0024049854837358, 0.0034535243175923824, 0.006550476420670748, 0.00493879709392786, 0.006386470980942249, 0.0006719162338413298, 0.0020723131019622087, 0.0020079542882740498, 0.0034221047535538673, 0.003943827468901873, 0.0020144348964095116, 0.0007337305578403175, 0.0005171990487724543, 0.0015846275491639972, 0.0011054740753024817, 0.0004024758527521044, 0.0009766174480319023, 0.000527783005964011, 0.0001690488716121763, 0.00029650289798155427, 0.00047800946049392223, 0.00027644040528684855, 0.00013990442676004022, 3.981599093094701e-06], "lowlevel.erbbands.mean": [0.024170562624931335, 0.5323758125305176, 4.073605060577393, 9.174504280090332, 10.813297271728516, 10.832634925842285, 32.847808837890625, 46.76226043701172, 28.08368492126465, 30.878713607788086, 49.034812927246094, 14.720671653747559, 16.570499420166016, 27.308387756347656, 36.625728607177734, 53.91299057006836, 46.071746826171875, 34.94657516479492, 20.48219871520996, 14.711580276489258, 18.503877639770508, 42.030845642089844, 38.18775939941406, 14.264716148376465, 11.724261283874512, 34.429569244384766, 31.53055763244629, 7.54977560043335, 4.131165981292725, 4.224916934967041, 4.59135627746582, 3.9443840980529785, 4.62614107131958, 3.0287702083587646, 1.326087474822998, 0.5092242956161499, 0.1742006242275238, 0.02109159342944622, 0.000424116849899292, 5.714206417906098e-05], "lowlevel.erbbands.stdev": [0.08664780110120773, 1.4501372575759888, 4.821911811828613, 6.3609619140625, 7.692593574523926, 12.172991752624512, 36.875484466552734, 63.297542572021484, 70.39080047607422, 61.13427734375, 166.76300048828125, 24.425670623779297, 40.013389587402344, 74.0290298461914, 99.66496276855469, 163.97300720214844, 196.4004364013672, 106.03597259521484, 43.483089447021484, 25.623821258544922, 26.859195709228516, 71.50154113769531, 66.67598724365234, 29.74997329711914, 14.0132474899292, 38.76222610473633, 41.53736114501953, 10.25501823425293, 6.0846099853515625, 7.928110122680664, 8.126251220703125, 7.598228454589844, 8.992740631103516, 4.162946701049805, 1.5864757299423218, 0.6682405471801758, 0.26793915033340454, 0.03294120728969574, 0.00062036223243922, 3.055635534110479e-05], "lowlevel.gfcc.mean": [30.043977737426758, 70.41533660888672, -101.83382415771484, 34.97336196899414, -64.82039642333984, 8.659483909606934, -53.18793869018555, 6.917569637298584, -45.20634460449219, 1.7396013736724854, -21.3547306060791, -5.679133892059326, -11.419377326965332], "lowlevel.melbands.mean": [0.0003479675215203315, 0.0017277997685596347, 0.0016248205211013556, 0.00072694499976933, 0.001055138069204986, 0.0010326124029234052, 0.0004115052870474756, 0.00036110126529820263, 0.000358205201337114, 7.2048234869726e-05, 8.146381878759712e-05, 0.00010816154099302366, 0.00010272592044202611, 0.00014454970369115472, 9.928563667926937e-05, 8.87420610524714e-05, 6.538051093230024e-05, 3.233817551517859e-05, 2.068672256427817e-05, 2.0117120584473014e-05, 2.241649417555891e-05, 3.241708327550441e-05, 7.189156167441979e-05, 1.5243678717524745e-05, 1.0845010365301277e-05, 6.350072453642497e-06, 1.1425914635765366e-05, 2.7482567020342685e-05, 2.6609384804032743e-05, 8.344834895979147e-06, 2.9788652682327665e-06, 2.3206953301269095e-06, 1.943395318448893e-06, 2.60833940046723e-06, 2.6234349661535816e-06, 2.514716697987751e-06, 2.476770760040381e-06, 3.38306995217863e-06, 3.099168452536105e-06, 2.4012554149521748e-06], "lowlevel.melbands.stdev": [0.0010970059083774686, 0.0021946518681943417, 0.0009235967299900949, 0.000604212109465152, 0.0011156639084219933, 0.0013330844230949879, 0.0010696867248043418, 0.0006894691032357514, 0.001265218947082758, 0.00010904353257501498, 0.00020493855117820203, 0.00032069915323518217, 0.0002663415507413447, 0.00042246223893016577, 0.00034885405329987407, 0.00033877231180667877, 0.00023564641014672816, 7.132516475394368e-05, 4.158350930083543e-05, 3.997320163762197e-05, 3.384547744644806e-05, 5.249834794085473e-05, 0.00014259727322496474, 2.2563890524907038e-05, 2.7511361622600816e-05, 8.340746717294678e-06, 1.7165641111205332e-05, 3.340398325235583e-05, 3.605486926971935e-05, 1.6043815776356496e-05, 4.674082447309047e-06, 3.5415923775872216e-06, 3.4383601814624853e-06, 5.271745521895355e-06, 4.868883479502983e-06, 4.547473508864641e-06, 5.269936082186177e-06, 7.2549673859612085e-06, 5.293869890010683e-06, 3.0958331080910284e-06], "lowlevel.melbands128.mean": [4.5210177631815895e-05, 0.00011676303256535903, 0.00036765928962267935, 0.000978293945081532, 0.001615173532627523, 0.002665096428245306, 0.0019854374695569277, 0.0012292580213397741, 0.0012066882336512208, 0.00057397031923756, 0.000480521033750847, 0.0008360508363693953, 0.001011108048260212, 0.0016146423295140266, 0.0013674257788807154, 0.0005055047804489732, 0.0003797145327553153, 0.0004722842131741345, 0.000353788782376796, 0.00030226874514482915, 0.0003726869763340801, 0.0004513084713835269, 0.0004919764469377697, 6.919205043232068e-05, 7.630792242707685e-05, 6.636072066612542e-05, 5.174720718059689e-05, 0.00010686497262213379, 5.546884494833648e-05, 0.00015116210852283984, 0.00010991554154315963, 6.637221667915583e-05, 8.354712917935103e-05, 0.00017881867825053632, 5.8462770539335907e-05, 0.00019752005755435675, 0.00018401883426122367, 2.185372431995347e-05, 0.00012050853547407314, 0.00012007937039015815, 8.906900620786473e-05, 2.374988434894476e-05, 6.809365004301071e-05, 0.00010344111069571227, 1.2698334103333764e-05, 2.9042788810329512e-05, 3.9597362047061324e-05, 1.3611968824989162e-05, 1.7735344954417087e-05, 1.9588393115554936e-05, 2.126674553437624e-05, 2.1279742213664576e-05, 1.2924474503961392e-05, 3.329882019897923e-05, 2.249366298201494e-05, 1.2800393051293213e-05, 4.067254121764563e-05, 0.00013297885016072541, 5.757003964390606e-05, 1.4115257727098651e-05, 1.3275609489937779e-05, 1.2839989722124301e-05, 1.780008642526809e-05, 8.026918294490315e-06, 3.8892421798664145e-06, 5.902221801079577e-06, 8.54002882988425e-06, 7.166278010117821e-06, 1.1520939551701304e-05, 1.878748844319489e-05, 1.5411784261232242e-05, 4.040709973196499e-05, 4.880157939624041e-05, 1.5470881407964043e-05, 1.3985278201289475e-05, 1.123831589211477e-05, 4.52844597020885e-06, 3.1520214633928845e-06, 3.037256647075992e-06, 2.2316212380246725e-06, 2.482757963662152e-06, 2.4058294911810663e-06, 1.933387466124259e-06, 1.9712906578206457e-06, 1.7913673673319863e-06, 2.2725091639586026e-06, 3.142137984468718e-06, 2.696749106689822e-06, 2.5968347472371534e-06, 2.4424100502073998e-06, 2.9108914532116614e-06, 2.6494933536014287e-06, 1.7392080735589843e-06, 1.7616059722058708e-06, 3.499203785395366e-06, 3.7810873436683323e-06, 3.1687684440839803e-06, 3.007130771948141e-06, 3.494905968182138e-06, 2.995101567648817e-06, 2.37909694078553e-06, 2.6524808163230773e-06, 1.8813262840922107e-06, 1.6646852145640878e-06, 1.342283098892949e-06, 1.4363046147991554e-06, 1.1254245464442647e-06, 1.040668962559721e-06, 8.693580753060814e-07, 7.019727377155505e-07, 5.159890292816272e-07, 6.184699259392801e-07, 6.126506946202426e-07, 5.116731927046203e-07, 3.8663915802317206e-07, 2.3643200108836027e-07, 6.079109482470813e-08, 7.306327765022047e-11, 4.088198529705878e-12, 3.9225380756013895e-12, 3.796478756368238e-12, 3.692480349259952e-12, 3.6035070326984053e-12, 3.5285285977793013e-12, 3.455514737196741e-12, 3.3779303139358507e-12, 3.3287793094888274e-12, 3.3056040543710807e-12], "lowlevel.melbands128.stdev": [0.00013846367073711008, 0.0005947308382019401, 0.001342332107014954, 0.0029243547469377518, 0.0028799481224268675, 0.0022101944778114557, 0.001642886665649712, 0.0012256293557584286, 0.0009622287470847368, 0.0008333587320521474, 0.0006948214140720665, 0.0012108063092455268, 0.0015916133997961879, 0.0023382154759019613, 0.0021585191134363413, 0.0010817680740728974, 0.0011457409709692001, 0.0017836018232628703, 0.0011790036223828793, 0.000800458830781281, 0.0009859137935563922, 0.0016201542457565665, 0.002110015135258436, 0.00018355491920374334, 0.0001235694799106568, 0.00016951526049524546, 0.00017145424499176443, 0.0003570514963939786, 0.00017785510863177478, 0.0006119091995060444, 0.0003626263060141355, 0.00019053676805924624, 0.0002032961492659524, 0.0007190755568444729, 0.0002662731858436018, 0.0007743021124042571, 0.0006545725045725703, 6.183334335219115e-05, 0.0008852611645124853, 0.0005809706053696573, 0.0004108650318812579, 9.74376016529277e-05, 0.00026164916926063597, 0.0004470443818718195, 2.780825707304757e-05, 9.315896750194952e-05, 0.0001264130260096863, 3.888763239956461e-05, 6.076008139643818e-05, 4.820051253773272e-05, 5.326936661731452e-05, 8.202082972275093e-05, 2.720629345276393e-05, 7.048157567624003e-05, 4.080286089447327e-05, 3.3270916901528835e-05, 0.00011171675578225404, 0.0002958587137982249, 0.00016647728625684977, 3.081934482906945e-05, 3.0384058845811523e-05, 2.652796683833003e-05, 6.824013689765707e-05, 1.7728987586451694e-05, 5.60295029572444e-06, 1.0424702850286849e-05, 1.5645955500076525e-05, 1.5198646906355862e-05, 2.6554194846539758e-05, 3.5596942325355485e-05, 2.628809670568444e-05, 7.629000174347311e-05, 8.293493010569364e-05, 2.6841216822504066e-05, 3.5734792618313804e-05, 2.9839706257916987e-05, 7.035504495433997e-06, 5.325928214006126e-06, 6.4398127506137826e-06, 3.5375192055653315e-06, 4.687336513597984e-06, 3.7174647786741843e-06, 3.287381787231425e-06, 4.020846517960308e-06, 3.834582912531914e-06, 4.821467427973403e-06, 7.316879873542348e-06, 5.00682972415234e-06, 5.586442966887262e-06, 4.466633527044905e-06, 5.489522209245479e-06, 5.373660314944573e-06, 3.976777406933252e-06, 4.091856226295931e-06, 8.520649316778872e-06, 9.279488040192518e-06, 7.570888101327e-06, 5.695868367183721e-06, 6.704317456751596e-06, 5.817517831019359e-06, 3.4765907912515104e-06, 3.312758963147644e-06, 2.949439931398956e-06, 2.457681375744869e-06, 1.972895915969275e-06, 1.9937717752327444e-06, 1.5969943660820718e-06, 1.5284477967725252e-06, 1.2424920896592084e-06, 1.1222883813388762e-06, 9.441990869163419e-07, 1.047318619384896e-06, 9.999253052228596e-07, 9.307656227974803e-07, 6.252759590097412e-07, 4.315060948556493e-07, 1.4251575919388415e-07, 2.9987617944371436e-10, 5.456268683395882e-12, 5.290677618230433e-12, 5.147850895559358e-12, 5.021717850578478e-12, 4.913699655495485e-12, 4.820740161226578e-12, 4.745755437934873e-12, 4.68412808540819e-12, 4.64009169628965e-12, 4.613158379601634e-12], "lowlevel.mfcc.mean": [-619.4342651367188, 102.53416442871094, 15.165450096130371, 23.531509399414062, 9.03183650970459, -5.042575836181641, 5.999555587768555, -11.301355361938477, -5.438059329986572, -8.371973037719727, -15.678140640258789, 0.4824798107147217, -4.667959690093994], "lowlevel.spectral_contrast_coeffs.mean": [-0.6449750065803528, -0.6841497421264648, -0.7421535849571228, -0.7779203653335571, -0.7658182382583618, -0.7815527319908142], "lowlevel.spectral_contrast_coeffs.stdev": [0.061762768775224686, 0.08506234735250473, 0.06764101982116699, 0.05665958672761917, 0.06129675358533859, 0.03522167727351189], "lowlevel.spectral_contrast_valleys.mean": [-6.517820358276367, -7.00065279006958, -7.586982250213623, -7.721377372741699, -7.33047342300415, -9.724142074584961], "lowlevel.spectral_contrast_valleys.stdev": [0.5074412226676941, 0.5274537801742554, 0.5286318063735962, 0.4396822154521942, 0.5114967226982117, 0.685275137424469], "rhythm.beats_loudness_band_ratio.mean": [0.22015084326267242, 0.30746710300445557, 0.18591932952404022, 0.1838601678609848, 0.09056312590837479, 0.08143136650323868], "rhythm.beats_loudness_band_ratio.stdev": [0.12725162506103516, 0.2148599475622177, 0.22019441425800323, 0.2278793454170227, 0.053571850061416626, 0.041155796498060226], "tonal.hpcp.mean": [0.0744854062795639, 0.05959922820329666, 0.04417937248945236, 0.13498595356941223, 0.12220160663127899, 0.024757856503129005, 0.02611641027033329, 0.030223682522773743, 0.25032058358192444, 0.4708056151866913, 0.24266986548900604, 0.014115910977125168, 0.013625106774270535, 0.02142837643623352, 0.11074138432741165, 0.24778078496456146, 0.17360705137252808, 0.03566978871822357, 0.017519012093544006, 0.018058164045214653, 0.08379537612199783, 0.20779167115688324, 0.17955835163593292, 0.18152868747711182, 0.28361502289772034, 0.16455195844173431, 0.03513142094016075, 0.028003446757793427, 0.022297238931059837, 0.10653476417064667, 0.2419026643037796, 0.16280953586101532, 0.02864466980099678, 0.01902196742594242, 0.019070345908403397, 0.041813626885414124], "tonal.hpcp.stdev": [0.18483461439609528, 0.15860134363174438, 0.11868171393871307, 0.2952645719051361, 0.274173378944397, 0.06986870616674423, 0.0627591460943222, 0.09592120349407196, 0.24653537571430206, 0.42051178216934204, 0.23456686735153198, 0.057207975536584854, 0.07065866142511368, 0.09393053501844406, 0.19391219317913055, 0.34785526990890503, 0.25569090247154236, 0.11969125270843506, 0.08923846483230591, 0.06577980518341064, 0.18523840606212616, 0.33356982469558716, 0.3029271364212036, 0.23881979286670685, 0.3849424421787262, 0.24396930634975433, 0.1320684552192688, 0.11004862934350967, 0.0789121612906456, 0.14245733618736267, 0.281141996383667, 0.22410644590854645, 0.11143650114536285, 0.08725227415561676, 0.09032176434993744, 0.1401267945766449], "rhythm.beats_position": [0.5572788715362549, 1.0797278881072998, 1.590566873550415, 2.1014058589935303, 2.600634813308716, 3.111473798751831, 3.6223127841949463, 4.14476203918457, 4.643990993499756, 5.154829978942871, 5.665668964385986, 6.176507949829102, 6.687346935272217, 7.209795951843262, 7.732244968414307, 8.243083953857422, 8.753922462463379, 9.264761924743652, 9.77560043334961, 10.286439895629883, 10.79727840423584, 11.308117866516113], "rhythm.bpm_histogram": [0.0, 0.0, 0.0, 0.0, 0.0, 0.0, 0.0, 0.0, 0.0, 0.0, 0.0, 0.0, 0.0, 0.0, 0.0, 0.0, 0.0, 0.0, 0.0, 0.0, 0.0, 0.0, 0.0, 0.0, 0.0, 0.0, 0.0, 0.0, 0.0, 0.0, 0.0, 0.0, 0.0, 0.0, 0.0, 0.0, 0.0, 0.0, 0.0, 0.0, 0.0, 0.0, 0.0, 0.0, 0.0, 0.0, 0.0, 0.0, 0.0, 0.0, 0.0, 0.0, 0.0, 0.0, 0.0, 0.0, 0.0, 0.0, 0.0, 0.0, 0.0, 0.0, 0.0, 0.0, 0.0, 0.0, 0.0, 0.0, 0.0, 0.0, 0.0, 0.0, 0.0, 0.0, 0.0, 0.0, 0.0, 0.0, 0.0, 0.0, 0.0, 0.0, 0.0, 0.0, 0.0, 0.0, 0.0, 0.0, 0.0, 0.0, 0.0, 0.0, 0.0, 0.0, 0.0, 0.0, 0.0, 0.0, 0.0, 0.0, 0.0, 0.0, 0.0, 0.0, 0.0, 0.0, 0.0, 0.0, 0.0, 0.0, 0.0, 0.0, 0.0, 0.0, 0.0, 0.190476194024086, 0.0, 0.7142857313156128, 0.0, 0.0, 0.095238097012043, 0.0, 0.0, 0.0, 0.0, 0.0, 0.0, 0.0, 0.0, 0.0, 0.0, 0.0, 0.0, 0.0, 0.0, 0.0, 0.0, 0.0, 0.0, 0.0, 0.0, 0.0, 0.0, 0.0, 0.0, 0.0, 0.0, 0.0, 0.0, 0.0, 0.0, 0.0, 0.0, 0.0, 0.0, 0.0, 0.0, 0.0, 0.0, 0.0, 0.0, 0.0, 0.0, 0.0, 0.0, 0.0, 0.0, 0.0, 0.0, 0.0, 0.0, 0.0, 0.0, 0.0, 0.0, 0.0, 0.0, 0.0, 0.0, 0.0, 0.0, 0.0, 0.0, 0.0, 0.0, 0.0, 0.0, 0.0, 0.0, 0.0, 0.0, 0.0, 0.0, 0.0, 0.0, 0.0, 0.0, 0.0, 0.0, 0.0, 0.0, 0.0, 0.0, 0.0, 0.0, 0.0, 0.0, 0.0, 0.0, 0.0, 0.0, 0.0, 0.0, 0.0, 0.0, 0.0, 0.0, 0.0, 0.0, 0.0, 0.0, 0.0, 0.0, 0.0, 0.0, 0.0, 0.0, 0.0, 0.0, 0.0, 0.0, 0.0, 0.0, 0.0, 0.0, 0.0, 0.0, 0.0, 0.0, 0.0, 0.0, 0.0, 0.0, 0.0, 0.0, 0.0, 0.0, 0.0, 0.0, 0.0], "tonal.chords_histogram": [16.60079002380371, 1.9762846231460571, 39.525691986083984, 0.0, 0.0, 0.0, 0.0, 0.0, 0.0, 0.0, 0.0, 0.0, 0.0, 0.0, 0.0, 0.0, 0.0, 9.881422996520996, 0.0, 0.0, 0.0, 0.0, 26.877470016479492, 5.138339996337891], "tonal.thpcp": [1.0, 0.5154353976249695, 0.029982460662722588, 0.028939982876181602, 0.04551427438855171, 0.23521678149700165, 0.5262910723686218, 0.3687446415424347, 0.07576330006122589, 0.03721071034669876, 0.03835587948560715, 0.17798295617103577, 0.441353440284729, 0.38138532638549805, 0.38557034730911255, 0.6024036407470703, 0.3495114743709564, 0.07461979985237122, 0.05947984755039215, 0.047359757125377655, 0.22628185153007507, 0.5138058066368103, 0.34581053256988525, 0.060841817408800125, 0.04040301591157913, 0.040505774319171906, 0.0888129323720932, 0.15820840001106262, 0.12658987939357758, 0.09383781999349594, 0.2867127060890198, 0.2595585286617279, 0.0525861531496048, 0.0554717481136322, 0.0641956701874733, 0.5316856503486633], "lowlevel.gfcc.cov": [[1770.19580078125, -427.5249938964844, -153.04026794433594, -178.18626403808594, -52.21406173706055, -127.38951110839844, 26.835412979125977, 62.4127082824707, -55.19792938232422, 194.7607879638672, 22.08283805847168, 110.87033081054688, -17.117151260375977], [-427.5249938964844, 812.021240234375, -268.4359130859375, -26.318889617919922, 75.79507446289062, -121.48233032226562, 68.5254898071289, 12.02372932434082, 27.227067947387695, -40.117958068847656, 113.85946655273438, -129.344482421875, 140.8052978515625], [-153.04026794433594, -268.4359130859375, 511.9459228515625, 61.33204650878906, 19.553634643554688, 178.5269775390625, -58.28965759277344, 2.818981885910034, 37.69577407836914, -55.59421157836914, -108.29285430908203, 64.21289825439453, -75.30966186523438], [-178.18626403808594, -26.318889617919922, 61.33204650878906, 358.6855773925781, 19.708648681640625, -79.78289031982422, -23.723352432250977, 28.02168083190918, 31.983600616455078, -68.46805572509766, 10.470118522644043, 36.36539840698242, 37.57433319091797], [-52.21406173706055, 75.79507446289062, 19.553634643554688, 19.708648681640625, 195.12974548339844, 14.533098220825195, 25.974023818969727, 18.141159057617188, -28.241844177246094, 4.55087947845459, -14.908724784851074, 12.025314331054688, 13.434122085571289], [-127.38951110839844, -121.48233032226562, 178.5269775390625, -79.78289031982422, 14.533098220825195, 486.0903625488281, 153.77696228027344, -92.48228454589844, 30.587749481201172, 59.441429138183594, 5.993165969848633, -43.18373489379883, -87.08419036865234], [26.835412979125977, 68.5254898071289, -58.28965759277344, -23.723352432250977, 25.974023818969727, 153.77696228027344, 236.64956665039062, 19.154165267944336, 13.798952102661133, 112.95625305175781, 63.23256301879883, -21.709869384765625, -4.186525344848633], [62.4127082824707, 12.02372932434082, 2.818981885910034, 28.02168083190918, 18.141159057617188, -92.48228454589844, 19.154165267944336, 139.88877868652344, 24.838485717773438, -5.966024875640869, -1.8844646215438843, 18.133485794067383, 5.442311763763428], [-55.19792938232422, 27.227067947387695, 37.69577407836914, 31.983600616455078, -28.241844177246094, 30.587749481201172, 13.798952102661133, 24.838485717773438, 102.8470687866211, 37.73241424560547, 7.647609710693359, 1.7940165996551514, -7.53692626953125], [194.7607879638672, -40.117958068847656, -55.59421157836914, -68.46805572509766, 4.55087947845459, 59.441429138183594, 112.95625305175781, -5.966024875640869, 37.73241424560547, 189.73318481445312, 58.976932525634766, 5.21792459487915, -7.515777587890625], [22.08283805847168, 113.85946655273438, -108.29285430908203, 10.470118522644043, -14.908724784851074, 5.993165969848633, 63.23256301879883, -1.8844646215438843, 7.647609710693359, 58.976932525634766, 106.99922180175781, -20.187049865722656, 18.20908546447754], [110.87033081054688, -129.344482421875, 64.21289825439453, 36.36539840698242, 12.025314331054688, -43.18373489379883, -21.709869384765625, 18.133485794067383, 1.7940165996551514, 5.21792459487915, -20.187049865722656, 88.29845428466797, -1.1786775588989258], [-17.117151260375977, 140.8052978515625, -75.30966186523438, 37.57433319091797, 13.434122085571289, -87.08419036865234, -4.186525344848633, 5.442311763763428, -7.53692626953125, -7.515777587890625, 18.20908546447754, -1.1786775588989258, 103.44002532958984]], "lowlevel.gfcc.icov": [[0.000947251042816788, 0.0006399833364412189, 0.000348128960467875, 0.000492858758661896, 5.1091850764350966e-05, 0.0001688148477114737, 8.615553815616295e-05, -0.0004986151470802724, 0.000371638685464859, -0.0006509648519568145, -0.0003324574790894985, -0.0005598822608590126, -0.0004428536631166935], [0.0006399833364412189, 0.0061477357521653175, -0.0003347987658344209, 0.0033222464844584465, -0.00417664647102356, 0.0037461842875927687, -0.004213124979287386, 0.0029498180374503136, -0.006915378849953413, 0.00631387485191226, -0.006556093692779541, 0.006036030128598213, -0.005164780654013157], [0.000348128960467875, -0.0003347987658344209, 0.004541108384728432, -0.0011452165199443698, 0.00048575084656476974, -0.003099787747487426, 0.0024837697856128216, -0.002130551263689995, 0.0005031144246459007, -0.0011473678750917315, 0.0034967116080224514, -0.003420891473069787, 0.0010741525329649448], [0.000492858758661896, 0.0033222464844584465, -0.0011452165199443698, 0.006049419287592173, -0.002992968773469329, 0.0033533636014908552, -0.003729437477886677, 0.002638718578964472, -0.006167478393763304, 0.0062316106632351875, -0.005848208907991648, 0.0015512406826019287, -0.00349935214035213], [5.1091850764350966e-05, -0.00417664647102356, 0.00048575084656476974, -0.002992968773469329, 0.009236489422619343, -0.0036376460921019316, 0.0031346359755843878, -0.004179365932941437, 0.008191543631255627, -0.006339319050312042, 0.006374992895871401, -0.0050161899998784065, 0.0021762463729828596], [0.0001688148477114737, 0.0037461842875927687, -0.003099787747487426, 0.0033533636014908552, -0.0036376460921019316, 0.00906367041170597, -0.008153996430337429, 0.007240161765366793, -0.007136386353522539, 0.006108003668487072, -0.005204783286899328, 0.00617612199857831, -0.00024393340572714806], [8.615553815616295e-05, -0.004213124979287386, 0.0024837697856128216, -0.003729437477886677, 0.0031346359755843878, -0.008153996430337429, 0.014548269100487232, -0.008200627751648426, 0.008583703078329563, -0.010679459199309349, 0.003629964077845216, -0.004392851609736681, 0.001821191399358213], [-0.0004986151470802724, 0.0029498180374503136, -0.002130551263689995, 0.002638718578964472, -0.004179365932941437, 0.007240161765366793, -0.008200627751648426, 0.014622243121266365, -0.009425605647265911, 0.007720706518739462, -0.004230306949466467, 0.003263266058638692, -0.00041455807513557374], [0.000371638685464859, -0.006915378849953413, 0.0005031144246459007, -0.006167478393763304, 0.008191543631255627, -0.007136386353522539, 0.008583703078329563, -0.009425605647265911, 0.024106040596961975, -0.014470105990767479, 0.008882567286491394, -0.006520336493849754, 0.004920092411339283], [-0.0006509648519568145, 0.00631387485191226, -0.0011473678750917315, 0.0062316106632351875, -0.006339319050312042, 0.006108003668487072, -0.010679459199309349, 0.007720706518739462, -0.014470105990767479, 0.02027394250035286, -0.01175379566848278, 0.004326973110437393, -0.0041370876133441925], [-0.0003324574790894985, -0.006556093692779541, 0.0034967116080224514, -0.005848208907991648, 0.006374992895871401, -0.005204783286899328, 0.003629964077845216, -0.004230306949466467, 0.008882567286491394, -0.01175379566848278, 0.0236355047672987, -0.0049982620403170586, 0.0042747436091303825], [-0.0005598822608590126, 0.006036030128598213, -0.003420891473069787, 0.0015512406826019287, -0.0050161899998784065, 0.00617612199857831, -0.004392851609736681, 0.003263266058638692, -0.006520336493849754, 0.004326973110437393, -0.0049982620403170586, 0.023341448977589607, -0.004876432940363884], [-0.0004428536631166935, -0.005164780654013157, 0.0010741525329649448, -0.00349935214035213, 0.0021762463729828596, -0.00024393340572714806, 0.001821191399358213, -0.00041455807513557374, 0.004920092411339283, -0.0041370876133441925, 0.0042747436091303825, -0.004876432940363884, 0.01753510721027851]], "lowlevel.mfcc.cov": [[1765.2122802734375, -251.58615112304688, -245.0093536376953, -22.958688735961914, -195.8484649658203, -125.330322265625, 11.246840476989746, -127.46924591064453, -14.417335510253906, -18.64834976196289, 1.2147233486175537, 76.93942260742188, 147.72642517089844], [-251.58615112304688, 695.0392456054688, -250.38034057617188, -5.967078685760498, 6.642086505889893, -104.85810852050781, 81.12525177001953, -69.93894958496094, 43.47975540161133, 38.86989212036133, -16.474390029907227, 21.83599281311035, 8.740730285644531], [-245.0093536376953, -250.38034057617188, 450.9746398925781, -84.5990982055664, 65.0034408569336, 169.2648162841797, -54.648067474365234, 109.79328155517578, 2.8190648555755615, 30.59015655517578, 50.330055236816406, -72.02742004394531, -19.576005935668945], [-22.958688735961914, -5.967078685760498, -84.5990982055664, 399.10546875, 53.7525634765625, -203.99720764160156, -59.2186393737793, -2.0462050437927246, 29.25563621520996, -100.0907211303711, -75.49047088623047, 113.60169982910156, -35.19392013549805], [-195.8484649658203, 6.642086505889893, 65.0034408569336, 53.7525634765625, 199.72755432128906, -16.55759620666504, -45.11005401611328, 49.92087173461914, -6.0297369956970215, -39.123565673828125, -28.76362419128418, -44.02062225341797, -66.72418975830078], [-125.330322265625, -104.85810852050781, 169.2648162841797, -203.99720764160156, -16.55759620666504, 394.8487243652344, 101.75525665283203, 36.17133712768555, 8.605415344238281, 104.28707885742188, 94.30353546142578, -58.58787536621094, 30.10479164123535], [11.246840476989746, 81.12525177001953, -54.648067474365234, -59.2186393737793, -45.11005401611328, 101.75525665283203, 208.14984130859375, 9.922359466552734, 19.239225387573242, 63.90242385864258, 38.369895935058594, 19.609981536865234, 32.11874008178711], [-127.46924591064453, -69.93894958496094, 109.79328155517578, -2.0462050437927246, 49.92087173461914, 36.17133712768555, 9.922359466552734, 146.89312744140625, 16.471601486206055, 3.4515860080718994, 24.30836296081543, -23.907487869262695, -20.916990280151367], [-14.417335510253906, 43.47975540161133, 2.8190648555755615, 29.25563621520996, -6.0297369956970215, 8.605415344238281, 19.239225387573242, 16.471601486206055, 90.40574645996094, 29.07478141784668, 17.19811248779297, 30.659025192260742, 14.812685012817383], [-18.64834976196289, 38.86989212036133, 30.59015655517578, -100.0907211303711, -39.123565673828125, 104.28707885742188, 63.90242385864258, 3.4515860080718994, 29.07478141784668, 113.98394775390625, 61.27605438232422, -9.753922462463379, 40.37096405029297], [1.2147233486175537, -16.474390029907227, 50.330055236816406, -75.49047088623047, -28.76362419128418, 94.30353546142578, 38.369895935058594, 24.30836296081543, 17.19811248779297, 61.27605438232422, 116.41954040527344, 29.730501174926758, 40.846038818359375], [76.93942260742188, 21.83599281311035, -72.02742004394531, 113.60169982910156, -44.02062225341797, -58.58787536621094, 19.609981536865234, -23.907487869262695, 30.659025192260742, -9.753922462463379, 29.730501174926758, 163.69461059570312, 32.15718078613281], [147.72642517089844, 8.740730285644531, -19.576005935668945, -35.19392013549805, -66.72418975830078, 30.10479164123535, 32.11874008178711, -20.916990280151367, 14.812685012817383, 40.37096405029297, 40.846038818359375, 32.15718078613281, 101.57087707519531]], "lowlevel.mfcc.icov": [[0.0009251318988390267, 0.0006880436558276415, 0.0005818550707772374, 0.0003310003085061908, 0.00018461415311321616, 0.00044630237971432507, -0.00015728792641311884, 0.0004261939611751586, -0.0003167600661981851, 0.00029241209267638624, -3.47957611666061e-05, 9.68172971624881e-05, -0.0011380905052646995], [0.0006880436558276415, 0.002715308917686343, 0.0014494576025754213, 0.0007136723143048584, -0.0007871948182582855, 0.0011043375125154853, -0.0008055169018916786, 0.000978625612333417, -0.0013263904256746173, -0.0008581554284319282, 1.2564787539304234e-06, 0.0001997539511648938, -0.0006251405575312674], [0.0005818550707772374, 0.0014494576025754213, 0.0047220890410244465, 0.0003513832052703947, -0.0006838168483227491, -0.001077951630577445, 0.0016218271339312196, -0.0017325462540611625, -0.000610082526691258, -0.0007668412872590125, -0.000568253337405622, 0.0006226838449947536, -0.0005133615923114121], [0.0003310003085061908, 0.0007136723143048584, 0.0003513832052703947, 0.005751671269536018, -0.0014042325783520937, 0.0014591555809602141, -2.034889803326223e-05, -0.00034964652149938047, -0.0020374252926558256, 0.0017715662252157927, 0.0026486064307391644, -0.00396196823567152, -0.00012047010386595502], [0.00018461415311321616, -0.0007871948182582855, -0.0006838168483227491, -0.0014042325783520937, 0.007979104295372963, -0.0004832095291931182, 0.0007682514260523021, -0.0015559026505798101, 8.071443880908191e-05, 0.001448773080483079, -0.0006344843422994018, 0.0019309775670990348, 0.0030586030334234238], [0.00044630237971432507, 0.0011043375125154853, -0.001077951630577445, 0.0014591555809602141, -0.0004832095291931182, 0.005699035245925188, -0.0024829567410051823, 0.0012095816200599074, -0.0006470828084275126, -0.0013490909477695823, -0.0019418596057221293, 0.0009967637015506625, -0.000322714913636446], [-0.00015728792641311884, -0.0008055169018916786, 0.0016218271339312196, -2.034889803326223e-05, 0.0007682514260523021, -0.0024829567410051823, 0.007798397913575172, -0.0023410965222865343, 0.0005960065755061805, -0.0028314359951764345, 0.0010921112261712551, -0.0015233992598950863, -2.2302439901977777e-05], [0.0004261939611751586, 0.000978625612333417, -0.0017325462540611625, -0.00034964652149938047, -0.0015559026505798101, 0.0012095816200599074, -0.0023410965222865343, 0.010595201514661312, -0.0025826452765613794, 0.0016237559029832482, -0.0034397155977785587, 0.0020291560795158148, 0.0008545422460883856], [-0.0003167600661981851, -0.0013263904256746173, -0.000610082526691258, -0.0020374252926558256, 8.071443880908191e-05, -0.0006470828084275126, 0.0005960065755061805, -0.0025826452765613794, 0.015154119580984116, -0.005298243369907141, 0.0009737358777783811, -0.002429442945867777, -0.0004507784906309098], [0.00029241209267638624, -0.0008581554284319282, -0.0007668412872590125, 0.0017715662252157927, 0.001448773080483079, -0.0013490909477695823, -0.0028314359951764345, 0.0016237559029832482, -0.005298243369907141, 0.020005686208605766, -0.006019148509949446, 0.0027468574699014425, -0.0029320535250008106], [-3.47957611666061e-05, 1.2564787539304234e-06, -0.000568253337405622, 0.0026486064307391644, -0.0006344843422994018, -0.0019418596057221293, 0.0010921112261712551, -0.0034397155977785587, 0.0009737358777783811, -0.006019148509949446, 0.018117006868124008, -0.00683082127943635, -0.002908853115513921], [9.68172971624881e-05, 0.0001997539511648938, 0.0006226838449947536, -0.00396196823567152, 0.0019309775670990348, 0.0009967637015506625, -0.0015233992598950863, 0.0020291560795158148, -0.002429442945867777, 0.0027468574699014425, -0.00683082127943635, 0.012570874765515327, -0.001508557703346014], [-0.0011380905052646995, -0.0006251405575312674, -0.0005133615923114121, -0.00012047010386595502, 0.0030586030334234238, -0.000322714913636446, -2.2302439901977777e-05, 0.0008545422460883856, -0.0004507784906309098, -0.0029320535250008106, -0.002908853115513921, -0.001508557703346014, 0.01658017374575138]], "metadata.audio_properties.analysis.downmix": "mix", "metadata.audio_properties.codec": "mp3", "metadata.audio_properties.md5_encoded": "eee949084f779e09a8d102a67f4b5495", "metadata.tags.file_name": "1182276363428827156.mp3", "metadata.version.essentia": "2.1-beta6-dev", "metadata.version.essentia_git_sha": "v2.1_beta5-1110-g77a6a954", "metadata.version.extractor": "music 2.0", "tonal.chords_key": "C", "tonal.chords_scale": "major", "tonal.key_edma.key": "F", "tonal.key_edma.scale": "major", "tonal.key_krumhansl.key": "F", "tonal.key_krumhansl.scale": "major", "tonal.key_temperley.key": "F", "tonal.key_temperley.scale": "major", "metadata.tags.encoding": ["Lavf58.45.100"]}, "essentia_models": [{"model_name": "genre_dortmund", "activations": {"alternative": "0.05277325", "blues": "0.03160047", "electronic": "0.0058381124", "folkcountry": "0.37171578", "funksoulrnb": "0.0047229505", "jazz": "0.031654853", "pop": "0.36199415", "raphiphop": "0.0011364341", "rock": "0.07627114"}}, {"model_name": "genre_rosamerica", "activations": {"classic": "0.001371886", "dance": "0.0012278788", "hip hop": "0.0009773866", "jazz": "0.006343341", "pop": "0.9569567", "rhythm and blues": "0.082540296", "rock": "0.028921455", "speech": "0.002533953"}}, {"model_name": "genre_tzanetakis", "activations": {"blues": "0.0068815514", "classic": "6.267054e-06", "country": "0.404847", "disco": "0.07322625", "hip hop": "0.0001543447", "jazz": "0.0021111064", "metal": "0.0056463494", "pop": "0.24764986", "reggae": "0.0008894244", "rock": "0.20247413"}}, {"model_name": "genre_electronic", "activations": {"ambient": "0.30518338", "dnb": "0.17664818", "house": "0.086060144", "techno": "0.72686774", "trance": "0.1695597"}}, {"model_name": "mood_acoustic", "act