{"song_id": "1182272593663901778", "download": "https://cdn.discordapp.com/attachments/1135903449314238464/1182272593663901778/chirp.mp4?ex=65841827&amp", "lyrics": "Verse 2:\nRound and round your toothbrush sweeps,\nCleaning deep where the tiny bug creeps.\nTop to bottom, side to side,\nBrush them all, wide and wide.\n\nBridge:\nTeeth help us eat, and smile so bright,\nLet's keep them clean, morning and night.\nFloss in between, it's quite the scene,\nFor teeth so clean, and gums so lean.\n\nChorus:\nTra la la, sing with glee,\nBrushing's fun for you and me.\nWave goodbye to tooth decay,\nSmile bright, hip hip hooray!", "style": ["happy song for kids"], "essentia_features": {"lowlevel.average_loudness": 0.9797707200050354, "lowlevel.barkbands_crest.mean": 10.70443058013916, "lowlevel.barkbands_crest.stdev": 4.083092212677002, "lowlevel.barkbands_flatness_db.mean": 0.14592118561267853, "lowlevel.barkbands_flatness_db.stdev": 0.04371453821659088, "lowlevel.barkbands_kurtosis.mean": 6.135678291320801, "lowlevel.barkbands_kurtosis.stdev": 8.72303581237793, "lowlevel.barkbands_skewness.mean": 1.8298686742782593, "lowlevel.barkbands_skewness.stdev": 1.2834014892578125, "lowlevel.barkbands_spread.mean": 23.13838768005371, "lowlevel.barkbands_spread.stdev": 16.314783096313477, "lowlevel.dissonance.mean": 0.44971853494644165, "lowlevel.dissonance.stdev": 0.03151354938745499, "lowlevel.dynamic_complexity": 1.813148021697998, "lowlevel.erbbands_crest.mean": 11.438739776611328, "lowlevel.erbbands_crest.stdev": 5.874957084655762, "lowlevel.erbbands_flatness_db.mean": 0.15433421730995178, "lowlevel.erbbands_flatness_db.stdev": 0.04990486800670624, "lowlevel.erbbands_kurtosis.mean": 1.020347237586975, "lowlevel.erbbands_kurtosis.stdev": 3.7423288822174072, "lowlevel.erbbands_skewness.mean": 0.6080485582351685, "lowlevel.erbbands_skewness.stdev": 0.9364959597587585, "lowlevel.erbbands_spread.mean": 47.043922424316406, "lowlevel.erbbands_spread.stdev": 25.77329444885254, "lowlevel.hfc.mean": 24.555927276611328, "lowlevel.hfc.stdev": 15.80799674987793, "lowlevel.loudness_ebu128.integrated": -11.394734382629395, "lowlevel.loudness_ebu128.loudness_range": 1.5723953247070312, "lowlevel.loudness_ebu128.momentary.mean": -11.53966999053955, "lowlevel.loudness_ebu128.momentary.stdev": 1.1200852394104004, "lowlevel.loudness_ebu128.short_term.mean": -11.385820388793945, "lowlevel.loudness_ebu128.short_term.stdev": 0.5030768513679504, "lowlevel.melbands_crest.mean": 14.241183280944824, "lowlevel.melbands_crest.stdev": 4.8764262199401855, "lowlevel.melbands_flatness_db.mean": 0.2107083648443222, "lowlevel.melbands_flatness_db.stdev": 0.052019502967596054, "lowlevel.melbands_kurtosis.mean": 18.231582641601562, "lowlevel.melbands_kurtosis.stdev": 19.018218994140625, "lowlevel.melbands_skewness.mean": 3.0128769874572754, "lowlevel.melbands_skewness.stdev": 1.770047664642334, "lowlevel.melbands_spread.mean": 21.48345947265625, "lowlevel.melbands_spread.stdev": 16.241252899169922, "lowlevel.pitch_salience.mean": 0.5239942073822021, "lowlevel.pitch_salience.stdev": 0.12285289168357849, "lowlevel.silence_rate_20dB.mean": 1.0, "lowlevel.silence_rate_20dB.stdev": 0.0, "lowlevel.silence_rate_30dB.mean": 1.0, "lowlevel.silence_rate_30dB.stdev": 0.0, "lowlevel.silence_rate_60dB.mean": 0.00617760606110096, "lowlevel.silence_rate_60dB.stdev": 0.07835449278354645, "lowlevel.spectral_centroid.mean": 1253.27587890625, "lowlevel.spectral_centroid.stdev": 673.4920043945312, "lowlevel.spectral_complexity.mean": 15.021621704101562, "lowlevel.spectral_complexity.stdev": 5.690432071685791, "lowlevel.spectral_decrease.mean": -7.035094728990998e-09, "lowlevel.spectral_decrease.stdev": 3.245850477284762e-09, "lowlevel.spectral_energy.mean": 0.0287794079631567, "lowlevel.spectral_energy.stdev": 0.012984834611415863, "lowlevel.spectral_energyband_high.mean": 0.001402157824486494, "lowlevel.spectral_energyband_high.stdev": 0.0015158266760408878, "lowlevel.spectral_energyband_low.mean": 0.007083339616656303, "lowlevel.spectral_energyband_low.stdev": 0.008240978233516216, "lowlevel.spectral_energyband_middle_high.mean": 0.00615045428276062, "lowlevel.spectral_energyband_middle_high.stdev": 0.008240163326263428, "lowlevel.spectral_energyband_middle_low.mean": 0.015213260427117348, "lowlevel.spectral_energyband_middle_low.stdev": 0.009879527613520622, "lowlevel.spectral_entropy.mean": 7.413039207458496, "lowlevel.spectral_entropy.stdev": 0.473611444234848, "lowlevel.spectral_flux.mean": 0.0773199051618576, "lowlevel.spectral_flux.stdev": 0.04396315664052963, "lowlevel.spectral_kurtosis.mean": 3.7766284942626953, "lowlevel.spectral_kurtosis.stdev": 2.4965896606445312, "lowlevel.spectral_rms.mean": 0.005152140278369188, "lowlevel.spectral_rms.stdev": 0.0012380959233269095, "lowlevel.spectral_rolloff.mean": 1521.042724609375, "lowlevel.spectral_rolloff.stdev": 1693.9061279296875, "lowlevel.spectral_skewness.mean": 1.5068460702896118, "lowlevel.spectral_skewness.stdev": 0.5090499520301819, "lowlevel.spectral_spread.mean": 5617167.0, "lowlevel.spectral_spread.stdev": 1900575.625, "lowlevel.spectral_strongpeak.mean": 1.6454416513442993, "lowlevel.spectral_strongpeak.stdev": 1.7732644081115723, "lowlevel.zerocrossingrate.mean": 0.06677651405334473, "lowlevel.zerocrossingrate.stdev": 0.0360153466463089, "metadata.audio_properties.analysis.equal_loudness": 0.0, "metadata.audio_properties.analysis.length": 30.03628158569336, "metadata.audio_properties.analysis.sample_rate": 44100.0, "metadata.audio_properties.analysis.start_time": 0.0, "metadata.audio_properties.bit_rate": 119266.0, "metadata.audio_properties.length": 30.03733253479004, "metadata.audio_properties.lossless": 0.0, "metadata.audio_properties.number_channels": 1.0, "metadata.audio_properties.replay_gain": -15.290075302124023, "metadata.audio_properties.sample_rate": 48000.0, "rhythm.beats_count": 58.0, "rhythm.beats_loudness.mean": 0.032584235072135925, "rhythm.beats_loudness.stdev": 0.007159510161727667, "rhythm.bpm": 117.26937103271484, "rhythm.bpm_histogram_first_peak_bpm": 117.0, "rhythm.bpm_histogram_first_peak_weight": 0.3461538553237915, "rhythm.bpm_histogram_second_peak_bpm": 129.0, "rhythm.bpm_histogram_second_peak_spread": 0.0, "rhythm.bpm_histogram_second_peak_weight": 0.05263157933950424, "rhythm.danceability": 1.4161372184753418, "rhythm.onset_rate": 4.458013534545898, "tonal.chords_changes_rate": 0.043209876865148544, "tonal.chords_number_rate": 0.012345679104328156, "tonal.chords_strength.mean": 0.5146304368972778, "tonal.chords_strength.stdev": 0.07154621928930283, "tonal.hpcp_crest.mean": 18.274734497070312, "tonal.hpcp_crest.stdev": 7.411105632781982, "tonal.hpcp_entropy.mean": 1.4026563167572021, "tonal.hpcp_entropy.stdev": 0.6057129502296448, "tonal.key_edma.strength": 0.7785747647285461, "tonal.key_krumhansl.strength": 0.7855185866355896, "tonal.key_temperley.strength": 0.7925194501876831, "tonal.tuning_diatonic_strength": 0.6786896586418152, "tonal.tuning_equal_tempered_deviation": 0.015914814546704292, "tonal.tuning_frequency": 440.5086364746094, "tonal.tuning_nontempered_energy_ratio": 0.6221376657485962, "lowlevel.barkbands.mean": [9.241324733011425e-05, 0.0027020322158932686, 0.0033960703294724226, 0.0022687450982630253, 0.0029369040858000517, 0.005029171239584684, 0.002304965863004327, 0.0019807626958936453, 0.00039495938108302653, 0.000944623607210815, 0.001283561810851097, 0.000647472043056041, 0.001187035464681685, 0.0005786854308098555, 0.0002408059808658436, 0.0002258901222376153, 0.00036201055627316236, 0.0002979440614581108, 0.0003375399101059884, 0.0006394999800249934, 0.000315691577270627, 9.096304711420089e-05, 0.0001352836552541703, 0.00016368697106372565, 0.00015016691759228706, 7.105146505637094e-05, 1.4578298532796907e-06], "lowlevel.barkbands.stdev": [0.00010173926420975477, 0.004125483334064484, 0.0048058112151920795, 0.0020106667652726173, 0.0037809330970048904, 0.007482174783945084, 0.004858714994043112, 0.004150541964918375, 0.0010970139410346746, 0.0030357930809259415, 0.0038179405964910984, 0.0024411778431385756, 0.003924545366317034, 0.0025977720506489277, 0.0005828620051033795, 0.0005829812726005912, 0.0008186180493794382, 0.0006778315873816609, 0.0008332321885973215, 0.000985409482382238, 0.0006589273107238114, 0.00019364009494893253, 0.00033571672975085676, 0.00039017052040435374, 0.00017709725943859667, 0.00011139595153508708, 3.9139508771768305e-06], "lowlevel.erbbands.mean": [0.02924029715359211, 0.7896169424057007, 3.6444993019104004, 5.802557468414307, 8.911050796508789, 8.971062660217285, 15.951310157775879, 52.45470428466797, 42.26858901977539, 46.56611251831055, 20.767730712890625, 11.471220970153809, 20.668489456176758, 40.2833366394043, 51.09746170043945, 32.724571228027344, 56.04899978637695, 36.85250473022461, 15.491290092468262, 11.414246559143066, 14.21748161315918, 17.861007690429688, 16.860857009887695, 24.647470474243164, 11.796192169189453, 28.198476791381836, 24.395309448242188, 6.564738750457764, 3.418853998184204, 3.352576494216919, 3.826350212097168, 3.307201623916626, 2.846453905105591, 1.9916424751281738, 0.8801403641700745, 0.34445977210998535, 0.12365073710680008, 0.017046717926859856, 0.0003423541784286499, 4.825881842407398e-05], "lowlevel.erbbands.stdev": [0.05791875720024109, 1.162777066230774, 4.9870285987854, 5.555637836456299, 7.88384485244751, 14.952295303344727, 21.868728637695312, 83.03096771240234, 82.6090316772461, 84.81082916259766, 44.18009948730469, 28.262834548950195, 61.570823669433594, 128.6185302734375, 156.23744201660156, 111.40818786621094, 181.18272399902344, 134.15736389160156, 38.84320831298828, 20.978864669799805, 36.01212692260742, 35.017765045166016, 31.138931274414062, 69.67476654052734, 15.347614288330078, 44.715576171875, 42.299583435058594, 11.577576637268066, 6.664102554321289, 8.143074989318848, 9.671987533569336, 9.302385330200195, 5.935004234313965, 2.4732065200805664, 1.1349676847457886, 0.5174949765205383, 0.1998121738433838, 0.03006640262901783, 0.0005610960070043802, 2.7858726753038354e-05], "lowlevel.gfcc.mean": [15.487113952636719, 81.68547821044922, -98.64083862304688, 33.382328033447266, -64.70452117919922, 8.055684089660645, -47.252384185791016, 11.172289848327637, -37.91329574584961, 8.303226470947266, -14.851975440979004, -2.6369500160217285, -9.496024131774902], "lowlevel.melbands.mean": [0.0005024060374125838, 0.0016353463288396597, 0.0011543403379619122, 0.0005892838235013187, 0.0005736778839491308, 0.0011221920140087605, 0.0006141989724710584, 0.0005263856728561223, 0.00012734140909742564, 7.230374467326328e-05, 0.00010155931522604078, 0.00015617987082805485, 0.00015886292385403067, 0.00010041393397841603, 9.794098150450736e-05, 0.00011161412840010598, 6.700712401652709e-05, 2.501339440641459e-05, 1.7708647646941245e-05, 1.632169369258918e-05, 1.686912582954392e-05, 1.7441918316762894e-05, 2.172786662413273e-05, 1.1602121048781555e-05, 2.2311671273200773e-05, 6.2729513956583105e-06, 1.0483676305739209e-05, 2.2060665287426673e-05, 1.8263363017467782e-05, 9.612813300918788e-06, 1.918789394039777e-06, 1.8588716557133012e-06, 1.7924473922903417e-06, 1.939337153089582e-06, 2.086414951918414e-06, 2.3427332962455694e-06, 1.954495019163005e-06, 2.0629552182072075e-06, 1.9016166561414138e-06, 1.620621219444729e-06], "lowlevel.melbands.stdev": [0.0008106102468445897, 0.0020926136057823896, 0.0009061138262040913, 0.0005704574869014323, 0.0008320730412378907, 0.0017412988236173987, 0.0011954643996432424, 0.0009959053713828325, 0.00029507806175388396, 0.00019679371325764805, 0.0003213282616343349, 0.0005305938539095223, 0.0004805938806384802, 0.00030516230617649853, 0.0003573646245058626, 0.0003874335379805416, 0.00029633246595039964, 7.736426050541922e-05, 4.854633516515605e-05, 3.467286660452373e-05, 4.9394304369343445e-05, 3.909768201992847e-05, 4.8322421207558364e-05, 2.414363007119391e-05, 6.712939648423344e-05, 8.624763722764328e-06, 1.699506537988782e-05, 3.734812344191596e-05, 3.2223164453171194e-05, 2.5153904061880894e-05, 2.8142487735749455e-06, 3.6293465655035106e-06, 4.450754659046652e-06, 4.881932909484021e-06, 5.13462100570905e-06, 6.989325356698828e-06, 5.482851520355325e-06, 4.846913270739606e-06, 2.97424753625819e-06, 1.9828462427540217e-06], "lowlevel.melbands128.mean": [3.4030603274004534e-05, 0.00010364998888690025, 0.0005148740019649267, 0.0015863071894273162, 0.0019293028162792325, 0.0016075453022494912, 0.001089997123926878, 0.0012402581050992012, 0.000954295217525214, 0.0003735760401468724, 0.00046486337669193745, 0.000672710535582155, 0.00042673764983192086, 0.0006121587357483804, 0.0013917726464569569, 0.0013145578559488058, 0.0008646618807688355, 0.0004166044818703085, 0.00041002858779393137, 0.0005145190516486764, 0.0007154496852308512, 0.00017381488578394055, 6.876579573145136e-05, 1.8311084204469807e-05, 6.636190664721653e-05, 0.00010368118819314986, 5.9517456975299865e-05, 0.00013107861741445959, 8.107523171929643e-05, 0.00016343622701242566, 0.00019720742420759052, 0.00012636517931241542, 0.00010729343193816021, 0.0002806270495057106, 7.041460776235908e-05, 7.221759005915374e-05, 8.84146211319603e-05, 5.7605378970038146e-05, 0.00014570131315849721, 0.00015041894221212715, 0.00011875032214447856, 2.2237802113522775e-05, 6.529828533530235e-05, 0.00011318233009660617, 1.347325996903237e-05, 1.4109164112596773e-05, 2.3611088181496598e-05, 2.084383595502004e-05, 1.3992209460411686e-05, 1.0082535482069943e-05, 1.9291688658995554e-05, 2.0560462871799245e-05, 1.236267780768685e-05, 1.648547186050564e-05, 2.366235275985673e-05, 1.1003419785993174e-05, 1.714436075417325e-05, 3.045182893401943e-05, 2.07399862119928e-05, 1.314473138336325e-05, 5.241652615950443e-06, 9.31600879994221e-06, 3.9063826989149675e-05, 2.1965735868434422e-05, 4.590493972500553e-06, 4.8702650019549765e-06, 7.165242550399853e-06, 9.150606274488382e-06, 9.82667461357778e-06, 1.50033711179276e-05, 1.5417685062857345e-05, 3.3325955882901326e-05, 2.8193851903779432e-05, 1.0987998393829912e-05, 1.1545969755388796e-05, 1.579161653353367e-05, 5.0866560741269495e-06, 1.781717855919851e-06, 1.8224803852717741e-06, 1.5641431900803582e-06, 1.9782830804615514e-06, 1.9082071958109736e-06, 1.8404412003292236e-06, 1.8993800949829165e-06, 1.593862407389679e-06, 1.7455428178436705e-06, 2.1507523797481554e-06, 2.1147645838937024e-06, 1.854395009104337e-06, 2.1563230347965145e-06, 2.8259312330192188e-06, 2.284301444888115e-06, 1.8347252535022562e-06, 1.6537023839191534e-06, 2.262919451823109e-06, 2.409691660432145e-06, 1.879040041785629e-06, 1.7357522210659226e-06, 2.078151283058105e-06, 1.9251292542321607e-06, 1.6384378795919474e-06, 1.7993625078815967e-06, 1.2244443041709019e-06, 1.1354597972967895e-06, 8.562818152313412e-07, 9.724909659780678e-07, 7.381570412690053e-07, 7.570322964056686e-07, 5.469697725857259e-07, 4.6983322476989997e-07, 3.882238956975925e-07, 4.5290451566870615e-07, 4.248400387041329e-07, 3.348540076331119e-07, 3.2501182545274787e-07, 2.0411115997376328e-07, 5.866850827374037e-08, 4.568251055214745e-10, 4.274393772957241e-12, 4.1060119713998144e-12, 3.979270905840604e-12, 3.870009781387074e-12, 3.784130994666235e-12, 3.696634144623179e-12, 3.529887753622729e-12, 3.2940575180745446e-12, 3.161760783743084e-12, 3.1276673959079737e-12], "lowlevel.melbands128.stdev": [6.510780076496303e-05, 0.00034746385063044727, 0.0010129051515832543, 0.002361063612625003, 0.002851661527529359, 0.0023336424492299557, 0.001324868993833661, 0.001227325526997447, 0.0010100353974848986, 0.00046962674241513014, 0.0009470551158301532, 0.0015639422927051783, 0.0008772530709393322, 0.0010135254124179482, 0.002559285843744874, 0.0028696106746792793, 0.002253783866763115, 0.0013168875593692064, 0.0013715459499508142, 0.0010945926187559962, 0.0016416589496657252, 0.00048174793482758105, 0.00034854229306802154, 7.043257937766612e-05, 0.00019227436860091984, 0.0003465230984147638, 0.00023768297978676856, 0.0005336746689863503, 0.00045327097177505493, 0.0007646317244507372, 0.0007783224573358893, 0.000679925549775362, 0.0005266505759209394, 0.0010276120156049728, 0.0003325239522382617, 0.00040114211151376367, 0.0005208011134527624, 0.0003660827351268381, 0.0007207037415355444, 0.0006443670717999339, 0.0005338160553947091, 0.00018406026356387883, 0.00032522520632483065, 0.0005885588470846415, 0.00011899464880116284, 4.8897709348239005e-05, 9.559206228004768e-05, 7.93603467172943e-05, 5.3183008276391774e-05, 2.5035238650161773e-05, 4.917470505461097e-05, 6.387426401488483e-05, 8.204416371881962e-05, 5.7178633142029867e-05, 9.880776633508503e-05, 3.275108974776231e-05, 5.8700057707028463e-05, 9.734735795063898e-05, 6.764997669961303e-05, 3.798802208621055e-05, 1.4189516150509007e-05, 3.605896563385613e-05, 0.00013884709915146232, 8.671804971527308e-05, 9.620386663300451e-06, 8.437619726464618e-06, 1.3952108020021114e-05, 2.0534154828055762e-05, 2.3216924091684632e-05, 4.115064803045243e-05, 4.7096837079152465e-05, 7.052005094010383e-05, 7.160601671785116e-05, 2.942875107692089e-05, 3.44563668477349e-05, 4.889190677204169e-05, 1.624980905035045e-05, 2.8667527658399194e-06, 3.1982203836378176e-06, 2.815180550896912e-06, 4.05632090405561e-06, 3.946697233914165e-06, 4.71052180728293e-06, 5.179220806894591e-06, 4.732232810056303e-06, 4.643324700737139e-06, 6.133518581918906e-06, 5.471476924867602e-06, 4.634193373931339e-06, 6.038412720954511e-06, 9.211695214617066e-06, 7.056457434373442e-06, 6.505370038212277e-06, 5.696433163393522e-06, 5.835181127622491e-06, 6.1801483752788045e-06, 5.101078841107665e-06, 3.7789184261782793e-06, 3.809756208283943e-06, 2.7706621494871797e-06, 2.253166030641296e-06, 2.3744416921545053e-06, 1.7040513284882763e-06, 1.8414622218188015e-06, 1.311563892159029e-06, 1.4721081242896616e-06, 1.1711942988767987e-06, 1.261790771422966e-06, 9.478093829784484e-07, 8.543066769561847e-07, 7.439014098054031e-07, 8.236065127675829e-07, 7.01709097938874e-07, 5.983054620628536e-07, 6.187674443935975e-07, 4.274082243682642e-07, 1.4646822421582328e-07, 3.71897912465613e-09, 1.164343794990419e-11, 1.15214521950735e-11, 1.1452052847693572e-11, 1.1388677327583974e-11, 1.1274215068468596e-11, 1.078117976838211e-11, 8.544989368863831e-12, 5.615667653113832e-12, 4.960530684133824e-12, 4.926492807449945e-12], "lowlevel.mfcc.mean": [-635.484375, 113.62107849121094, 18.667171478271484, 26.451112747192383, 7.065423488616943, -5.70230770111084, 6.558717250823975, -10.376975059509277, -3.057307243347168, -4.22953987121582, -8.700783729553223, 2.671168804168701, 2.8543357849121094], "lowlevel.spectral_contrast_coeffs.mean": [-0.6776912212371826, -0.6544415354728699, -0.7342932820320129, -0.778316855430603, -0.7752707004547119, -0.7770724296569824], "lowlevel.spectral_contrast_coeffs.stdev": [0.06000536307692528, 0.08569067716598511, 0.07859741896390915, 0.0669778436422348, 0.06183251366019249, 0.042238447815179825], "lowlevel.spectral_contrast_valleys.mean": [-6.612889766693115, -7.01641321182251, -7.699923992156982, -7.900082111358643, -7.551784038543701, -10.04318618774414], "lowlevel.spectral_contrast_valleys.stdev": [0.5872529745101929, 0.48225903511047363, 0.47696176171302795, 0.46936726570129395, 0.589181125164032, 0.7705451846122742], "rhythm.beats_loudness_band_ratio.mean": [0.268567830324173, 0.26913973689079285, 0.1821993589401245, 0.19495953619480133, 0.07143478840589523, 0.07220679521560669], "rhythm.beats_loudness_band_ratio.stdev": [0.14968037605285645, 0.19158302247524261, 0.14281857013702393, 0.2130122184753418, 0.06820592284202576, 0.04125435650348663], "tonal.hpcp.mean": [0.09830063581466675, 0.06721498817205429, 0.08656167984008789, 0.1440494954586029, 0.08790703862905502, 0.022232741117477417, 0.015476145781576633, 0.02578999288380146, 0.20792758464813232, 0.3463701903820038, 0.1799759864807129, 0.030480507761240005, 0.014031115919351578, 0.012908415868878365, 0.06077102944254875, 0.10743910074234009, 0.06327083706855774, 0.03051736019551754, 0.03475947305560112, 0.026749316602945328, 0.047265272587537766, 0.07551441341638565, 0.0673590674996376, 0.31566154956817627, 0.4648831784725189, 0.19458803534507751, 0.02858862094581127, 0.02737613394856453, 0.047282204031944275, 0.18409253656864166, 0.2698303461074829, 0.13276177644729614, 0.031038891524076462, 0.025787271559238434, 0.02731914073228836, 0.06301402300596237], "tonal.hpcp.stdev": [0.21762077510356903, 0.17159748077392578, 0.1850278675556183, 0.2930906116962433, 0.20552346110343933, 0.08935766667127609, 0.0523257739841938, 0.09159565716981888, 0.27078989148139954, 0.3811413049697876, 0.24689951539039612, 0.11264824867248535, 0.06482142210006714, 0.06052382290363312, 0.13212712109088898, 0.21576181054115295, 0.1459966003894806, 0.12048838287591934, 0.15484777092933655, 0.10309404134750366, 0.1365935504436493, 0.1915859580039978, 0.16084353625774384, 0.30798786878585815, 0.42480722069740295, 0.22262772917747498, 0.11778489500284195, 0.11992321163415909, 0.1564931720495224, 0.28098979592323303, 0.3737497925758362, 0.21455079317092896, 0.11984919756650925, 0.11548950523138046, 0.12456945329904556, 0.15822525322437286], "rhythm.beats_position": [0.4411791265010834, 0.9055781960487366, 1.369977355003357, 1.834376335144043, 2.3336052894592285, 2.832834482192993, 3.3436734676361084, 3.8545124530792236, 4.36535120010376, 4.876190185546875, 5.38702917098999, 5.8978681564331055, 6.408707141876221, 6.931156158447266, 7.441995143890381, 7.964444160461426, 8.4752836227417, 8.986122131347656, 9.47374153137207, 9.984580039978027, 10.4954195022583, 11.017868041992188, 11.54031753540039, 12.051156044006348, 12.550385475158691, 13.061223983764648, 13.572063446044922, 14.094511985778809, 14.605351448059082, 15.116189956665039, 15.627029418945312, 16.137868881225586, 16.648706436157227, 17.1595458984375, 17.647165298461914, 18.169614791870117, 18.680452346801758, 19.19129180908203, 19.702131271362305, 20.212970733642578, 20.72380828857422, 21.223037719726562, 21.733877182006836, 22.24471664428711, 22.76716423034668, 23.289613723754883, 23.800453186035156, 24.31129264831543, 24.81052017211914, 25.321359634399414, 25.832199096679688, 26.35464859008789, 26.86548614501953, 27.364715576171875, 27.86394500732422, 28.386394500732422, 28.897233963012695, 29.419681549072266], "rhythm.bpm_histogram": [0.0, 0.0, 0.0, 0.0, 0.0, 0.0, 0.0, 0.0, 0.0, 0.0, 0.0, 0.0, 0.0, 0.0, 0.0, 0.0, 0.0, 0.0, 0.0, 0.0, 0.0, 0.0, 0.0, 0.0, 0.0, 0.0, 0.0, 0.0, 0.0, 0.0, 0.0, 0.0, 0.0, 0.0, 0.0, 0.0, 0.0, 0.0, 0.0, 0.0, 0.0, 0.0, 0.0, 0.0, 0.0, 0.0, 0.0, 0.0, 0.0, 0.0, 0.0, 0.0, 0.0, 0.0, 0.0, 0.0, 0.0, 0.0, 0.0, 0.0, 0.0, 0.0, 0.0, 0.0, 0.0, 0.0, 0.0, 0.0, 0.0, 0.0, 0.0, 0.0, 0.0, 0.0, 0.0, 0.0, 0.0, 0.0, 0.0, 0.0, 0.0, 0.0, 0.0, 0.0, 0.0, 0.0, 0.0, 0.0, 0.0, 0.0, 0.0, 0.0, 0.0, 0.0, 0.0, 0.0, 0.0, 0.0, 0.0, 0.0, 0.0, 0.0, 0.0, 0.0, 0.0, 0.0, 0.0, 0.0, 0.0, 0.0, 0.0, 0.0, 0.0, 0.0, 0.0, 0.19298245012760162, 0.0, 0.5964912176132202, 0.0, 0.0, 0.12280701845884323, 0.0, 0.0, 0.035087719559669495, 0.0, 0.0, 0.0, 0.0, 0.0, 0.05263157933950424, 0.0, 0.0, 0.0, 0.0, 0.0, 0.0, 0.0, 0.0, 0.0, 0.0, 0.0, 0.0, 0.0, 0.0, 0.0, 0.0, 0.0, 0.0, 0.0, 0.0, 0.0, 0.0, 0.0, 0.0, 0.0, 0.0, 0.0, 0.0, 0.0, 0.0, 0.0, 0.0, 0.0, 0.0, 0.0, 0.0, 0.0, 0.0, 0.0, 0.0, 0.0, 0.0, 0.0, 0.0, 0.0, 0.0, 0.0, 0.0, 0.0, 0.0, 0.0, 0.0, 0.0, 0.0, 0.0, 0.0, 0.0, 0.0, 0.0, 0.0, 0.0, 0.0, 0.0, 0.0, 0.0, 0.0, 0.0, 0.0, 0.0, 0.0, 0.0, 0.0, 0.0, 0.0, 0.0, 0.0, 0.0, 0.0, 0.0, 0.0, 0.0, 0.0, 0.0, 0.0, 0.0, 0.0, 0.0, 0.0, 0.0, 0.0, 0.0, 0.0, 0.0, 0.0, 0.0, 0.0, 0.0, 0.0, 0.0, 0.0, 0.0, 0.0, 0.0, 0.0, 0.0, 0.0, 0.0, 0.0, 0.0, 0.0, 0.0, 0.0, 0.0, 0.0, 0.0, 0.0, 0.0, 0.0, 0.0, 0.0], "tonal.chords_histogram": [52.77777862548828, 0.0, 10.030863761901855, 0.0, 0.0, 0.0, 0.0, 0.0, 0.0, 0.0, 0.0, 0.0, 0.0, 0.0, 0.0, 0.0, 0.0, 4.938271522521973, 0.0, 5.246913433074951, 1.6975308656692505, 7.0987653732299805, 15.586420059204102, 2.6234567165374756], "tonal.thpcp": [1.0, 0.4185740649700165, 0.06149635463953018, 0.05888820067048073, 0.10170771181583405, 0.39599740505218506, 0.5804261565208435, 0.28558093309402466, 0.06676708161830902, 0.055470433086156845, 0.058765605092048645, 0.13554808497428894, 0.21145233511924744, 0.14458468556404114, 0.18620093166828156, 0.3098617196083069, 0.1890949010848999, 0.04782436043024063, 0.03329039737582207, 0.05547628924250603, 0.44726845622062683, 0.7450693249702454, 0.3871423900127411, 0.06556595116853714, 0.03018202632665634, 0.027767010033130646, 0.13072322309017181, 0.2311098873615265, 0.13610051572322845, 0.06564522534608841, 0.07477033883333206, 0.05753986909985542, 0.10167129337787628, 0.16243739426136017, 0.14489461481571198, 0.679012656211853], "lowlevel.gfcc.cov": [[2275.52783203125, -655.6865234375, -100.86201477050781, -57.467742919921875, 19.013811111450195, -77.83011627197266, 84.80327606201172, 145.36404418945312, -113.69806671142578, 267.80682373046875, -16.062210083007812, 108.0313949584961, -94.18440246582031], [-655.6865234375, 964.8002319335938, -97.8585205078125, -67.76885223388672, 138.83860778808594, -6.264197826385498, 52.69978713989258, -75.2828140258789, 27.49649429321289, -101.71959686279297, 105.4185562133789, -116.56581115722656, 111.63196563720703], [-100.86201477050781, -97.8585205078125, 599.6979370117188, 113.84209442138672, 29.153432846069336, 145.0731658935547, -94.67791748046875, 23.73480796813965, 82.92241668701172, -73.62722778320312, -131.60592651367188, 69.54427337646484, -52.36528015136719], [-57.467742919921875, -67.76885223388672, 113.84209442138672, 408.3226318359375, 8.92861270904541, -48.13051986694336, 2.878265142440796, 67.87407684326172, 82.13150787353516, -42.23455810546875, -7.008668899536133, -14.938425064086914, 8.428560256958008], [19.013811111450195, 138.83860778808594, 29.153432846069336, 8.92861270904541, 267.0033874511719, 19.122283935546875, 67.7645263671875, 29.19927215576172, -48.82042694091797, 48.87539291381836, 0.34346723556518555, -5.84894323348999, -6.233290672302246], [-77.83011627197266, -6.264197826385498, 145.0731658935547, -48.13051986694336, 19.122283935546875, 408.24932861328125, 35.82376480102539, -126.12181091308594, -21.809484481811523, -55.064903259277344, -28.025964736938477, -44.64507293701172, -36.87239456176758], [84.80327606201172, 52.69978713989258, -94.67791748046875, 2.878265142440796, 67.7645263671875, 35.82376480102539, 210.72300720214844, 36.94023132324219, -71.08531188964844, 43.56582260131836, 57.64344024658203, -16.662302017211914, -18.53129768371582], [145.36404418945312, -75.2828140258789, 23.73480796813965, 67.87407684326172, 29.19927215576172, -126.12181091308594, 36.94023132324219, 185.5019989013672, 43.05342483520508, 15.36847972869873, -19.030176162719727, 38.40713882446289, -7.242305278778076], [-113.69806671142578, 27.49649429321289, 82.92241668701172, 82.13150787353516, -48.82042694091797, -21.809484481811523, -71.08531188964844, 43.05342483520508, 151.32276916503906, -23.976160049438477, -39.08087921142578, -2.1723597049713135, 4.036412239074707], [267.80682373046875, -101.71959686279297, -73.62722778320312, -42.23455810546875, 48.87539291381836, -55.064903259277344, 43.56582260131836, 15.36847972869873, -23.976160049438477, 163.8114013671875, 46.52121353149414, 11.165626525878906, -18.207496643066406], [-16.062210083007812, 105.4185562133789, -131.60592651367188, -7.008668899536133, 0.34346723556518555, -28.025964736938477, 57.64344024658203, -19.030176162719727, -39.08087921142578, 46.52121353149414, 141.45997619628906, -1.3763796091079712, 37.21589660644531], [108.0313949584961, -116.56581115722656, 69.54427337646484, -14.938425064086914, -5.84894323348999, -44.64507293701172, -16.662302017211914, 38.40713882446289, -2.1723597049713135, 11.165626525878906, -1.3763796091079712, 110.51114654541016, 9.531082153320312], [-94.18440246582031, 111.63196563720703, -52.36528015136719, 8.428560256958008, -6.233290672302246, -36.87239456176758, -18.53129768371582, -7.242305278778076, 4.036412239074707, -18.207496643066406, 37.21589660644531, 9.531082153320312, 105.47593688964844]], "lowlevel.gfcc.icov": [[0.0007133428589440882, 0.00010169139568461105, 0.0002298979670740664, -0.00016621212125755847, 0.00027925759786739945, -0.0003521734324749559, 0.0002470756007824093, -0.0007444277289323509, 0.0007756377453915775, -0.0012214301386848092, 0.0005079323891550303, -0.00045790657168254256, 0.00016408519877586514], [0.00010169139568461105, 0.003518875455483794, -0.0009760726825334132, 0.002084957202896476, -0.003018020885065198, 0.0020111643243581057, -0.0021687743719667196, 0.0022869135718792677, -0.0036749541759490967, 0.0040193465538322926, -0.0035303025506436825, 0.003710096003487706, -0.002239109482616186], [0.0002298979670740664, -0.0009760726825334132, 0.0037680580280721188, -0.001636482193134725, 0.00022552143491338938, -0.002289205091074109, 0.0019503916846588254, -0.001301818760111928, 0.0006298706866800785, -0.0011607934720814228, 0.002780668204650283, -0.004009461961686611, 0.001862857025116682], [-0.00016621212125755847, 0.002084957202896476, -0.001636482193134725, 0.004663262981921434, -0.002150072017684579, 0.002113034250214696, -0.002234735758975148, 0.0011745127849280834, -0.004063957836478949, 0.0037779088597744703, -0.0032786643132567406, 0.003652662504464388, -0.0016060818452388048], [0.00027925759786739945, -0.003018020885065198, 0.00022552143491338938, -0.002150072017684579, 0.007670341990888119, -0.0022681765258312225, 0.0011596411932259798, -0.0035281560849398375, 0.005593210458755493, -0.005945830140262842, 0.004230145364999771, -0.0023059865925461054, 0.0008245630888268352], [-0.0003521734324749559, 0.0020111643243581057, -0.002289205091074109, 0.002113034250214696, -0.0022681765258312225, 0.006203771103173494, -0.004001324996352196, 0.005452398676425219, -0.0035862589720636606, 0.004432845860719681, -0.002197491005063057, 0.003593509318307042, -0.0006892384844832122], [0.0002470756007824093, -0.0021687743719667196, 0.0019503916846588254, -0.002234735758975148, 0.0011596411932259798, -0.004001324996352196, 0.010833722539246082, -0.0063836355693638325, 0.006582377012819052, -0.0038643484003841877, -0.00048490558401681483, -0.0015227730618789792, 0.003187407972291112], [-0.0007444277289323509, 0.0022869135718792677, -0.001301818760111928, 0.0011745127849280834, -0.0035281560849398375, 0.005452398676425219, -0.0063836355693638325, 0.013412591069936752, -0.007508786395192146, 0.004715331830084324, -0.0008279793546535075, -4.407049709698185e-05, -0.0009308920707553625], [0.0007756377453915775, -0.0036749541759490967, 0.0006298706866800785, -0.004063957836478949, 0.005593210458755493, -0.0035862589720636606, 0.006582377012819052, -0.007508786395192146, 0.01640607975423336, -0.0070112417452037334, 0.00523099722340703, -0.0021598562598228455, 0.001448594848625362], [-0.0012214301386848092, 0.0040193465538322926, -0.0011607934720814228, 0.0037779088597744703, -0.005945830140262842, 0.004432845860719681, -0.0038643484003841877, 0.004715331830084324, -0.0070112417452037334, 0.015904000028967857, -0.00808373000472784, 0.004073880612850189, 0.0001181144907604903], [0.0005079323891550303, -0.0035303025506436825, 0.002780668204650283, -0.0032786643132567406, 0.004230145364999771, -0.002197491005063057, -0.00048490558401681483, -0.0008279793546535075, 0.00523099722340703, -0.00808373000472784, 0.016312167048454285, -0.005595480557531118, -0.0016733909724280238], [-0.00045790657168254256, 0.003710096003487706, -0.004009461961686611, 0.003652662504464388, -0.0023059865925461054, 0.003593509318307042, -0.0015227730618789792, -4.407049709698185e-05, -0.0021598562598228455, 0.004073880612850189, -0.005595480557531118, 0.017413565889000893, -0.004581926856189966], [0.00016408519877586514, -0.002239109482616186, 0.001862857025116682, -0.0016060818452388048, 0.0008245630888268352, -0.0006892384844832122, 0.003187407972291112, -0.0009308920707553625, 0.001448594848625362, 0.0001181144907604903, -0.0016733909724280238, -0.004581926856189966, 0.014323629438877106]], "lowlevel.mfcc.cov": [[2008.3106689453125, -534.406005859375, -217.62384033203125, 52.788795471191406, -143.9541015625, -89.60319519042969, 64.15061950683594, -91.3239974975586, 15.473788261413574, 27.11984634399414, 54.71006774902344, 70.41121673583984, 104.69525146484375], [-534.406005859375, 897.2286376953125, -170.87579345703125, -72.79508209228516, 65.62443542480469, 0.541851282119751, 91.86870574951172, -33.56509780883789, -2.685411214828491, -13.373819351196289, -11.525065422058105, -48.74288558959961, 26.73259925842285], [-217.62384033203125, -170.87579345703125, 531.5241088867188, -67.87688446044922, 111.05474853515625, 151.62570190429688, -140.91744995117188, 138.01620483398438, 21.80742073059082, 18.192323684692383, 0.5702534914016724, -75.34038543701172, -75.20960235595703], [52.788795471191406, -72.79508209228516, -67.87688446044922, 436.8197937011719, 37.03779983520508, -171.82850646972656, 32.57027816772461, 5.443038463592529, 64.08244323730469, -22.866971969604492, 16.79220199584961, 133.17283630371094, 27.300344467163086], [-143.9541015625, 65.62443542480469, 111.05474853515625, 37.03779983520508, 199.94776916503906, 50.02907180786133, -39.90180587768555, 41.55367660522461, 43.499507904052734, 8.606574058532715, -0.26588553190231323, -31.534114837646484, -26.364763259887695], [-89.60319519042969, 0.541851282119751, 151.62570190429688, -171.82850646972656, 50.02907180786133, 326.2776184082031, 56.435646057128906, 29.65730094909668, -35.2216682434082, 46.76911926269531, 14.284401893615723, -96.20037078857422, -24.769086837768555], [64.15061950683594, 91.86870574951172, -140.91744995117188, 32.57027816772461, -39.90180587768555, 56.435646057128906, 284.31591796875, -10.145106315612793, -37.45981979370117, 31.360624313354492, 4.746669769287109, 37.10203552246094, 36.01492691040039], [-91.3239974975586, -33.56509780883789, 138.01620483398438, 5.443038463592529, 41.55367660522461, 29.65730094909668, -10.145106315612793, 161.69557189941406, 44.58406066894531, -4.699613094329834, 8.751044273376465, -21.70577621459961, -29.36111068725586], [15.473788261413574, -2.685411214828491, 21.80742073059082, 64.08244323730469, 43.499507904052734, -35.2216682434082, -37.45981979370117, 44.58406066894531, 121.09292602539062, 16.219697952270508, 13.534650802612305, 8.86121654510498, -6.547165393829346], [27.11984634399414, -13.373819351196289, 18.192323684692383, -22.866971969604492, 8.606574058532715, 46.76911926269531, 31.360624313354492, -4.699613094329834, 16.219697952270508, 93.18951416015625, 14.259892463684082, -10.353913307189941, -2.9494247436523438], [54.71006774902344, -11.525065422058105, 0.5702534914016724, 16.79220199584961, -0.26588553190231323, 14.284401893615723, 4.746669769287109, 8.751044273376465, 13.534650802612305, 14.259892463684082, 96.61578369140625, 25.736270904541016, 5.230347633361816], [70.41121673583984, -48.74288558959961, -75.34038543701172, 133.17283630371094, -31.534114837646484, -96.20037078857422, 37.10203552246094, -21.70577621459961, 8.86121654510498, -10.353913307189941, 25.736270904541016, 157.27769470214844, 32.84988784790039], [104.69525146484375, 26.73259925842285, -75.20960235595703, 27.300344467163086, -26.364763259887695, -24.769086837768555, 36.01492691040039, -29.36111068725586, -6.547165393829346, -2.9494247436523438, 5.230347633361816, 32.84988784790039, 84.6383056640625]], "lowlevel.mfcc.icov": [[0.0007516967598348856, 0.000574541452806443, 0.0002604236942715943, 0.00015340278332587332, 5.291953493724577e-05, 0.00018544172053225338, -0.0002447487786412239, 0.0002768079284578562, -0.0003709285520017147, -1.432826593372738e-05, -0.0004109830188099295, 0.0003067616489715874, -0.0007812953554093838], [0.000574541452806443, 0.0018590959953144193, 0.000664873979985714, 0.0005854670889675617, -0.0009264527470804751, 0.00046503174235112965, -0.0007710570353083313, 0.00033624592470005155, -0.00047398111200891435, 0.0004494445747695863, -0.0004331492818892002, 0.000784326926805079, -0.0009023234015330672], [0.0002604236942715943, 0.000664873979985714, 0.004249683115631342, -0.0001633180509088561, -0.0010394958080723882, -0.001711664255708456, 0.002124063903465867, -0.002860421547666192, 0.0010331464000046253, -0.0009912634268403053, 0.00036141564487479627, -0.00021270463184919208, 0.0006815900560468435], [0.00015340278332587332, 0.0005854670889675617, -0.0001633180509088561, 0.004298410378396511, -0.0016897700261324644, 0.0019091122085228562, -0.0013704412849619985, 0.0003175725578330457, -0.0015791625482961535, 0.0008779211202636361, -0.00033235509181395173, -0.0021181751508265734, -0.0004295347898732871], [5.291953493724577e-05, -0.0009264527470804751, -0.0010394958080723882, -0.0016897700261324644, 0.007455207873135805, -0.0015731885796412826, 0.0008892648038454354, -5.947567115072161e-05, -0.0018161119660362601, -0.00019307724141981453, 0.00040251188329420984, 0.000786063086707145, 0.0008342009969055653], [0.00018544172053225338, 0.00046503174235112965, -0.001711664255708456, 0.0019091122085228562, -0.0015731885796412826, 0.006524339318275452, -0.0027628804091364145, 0.0007287207990884781, 0.0007627720478922129, -0.0009530293755233288, -0.0018358228262513876, 0.0023374264128506184, -0.00043328263564035296], [-0.0002447487786412239, -0.0007710570353083313, 0.002124063903465867, -0.0013704412849619985, 0.0008892648038454354, -0.0027628804091364145, 0.0065172272734344006, -0.002548811724409461, 0.0025077015161514282, -0.002626542467623949, 0.0011221568565815687, -0.0017224266193807125, -0.0006115253199823201], [0.0002768079284578562, 0.00033624592470005155, -0.002860421547666192, 0.0003175725578330457, -5.947567115072161e-05, 0.0007287207990884781, -0.002548811724409461, 0.010246171616017818, -0.00425844406709075, 0.0027163794729858637, -0.0012446793261915445, 0.001177538768388331, 0.0011260246392339468], [-0.0003709285520017147, -0.00047398111200891435, 0.0010331464000046253, -0.0015791625482961535, -0.0018161119660362601, 0.0007627720478922129, 0.0025077015161514282, -0.00425844406709075, 0.012775369919836521, -0.003964456729590893, -0.0006093818228691816, -0.00012448553752619773, 8.518707909388468e-05], [-1.432826593372738e-05, 0.0004494445747695863, -0.0009912634268403053, 0.0008779211202636361, -0.00019307724141981453, -0.0009530293755233288, -0.002626542467623949, 0.0027163794729858637, -0.003964456729590893, 0.01376280840486288, -0.0017265909118577838, 0.0006132089765742421, 0.00047428871039301157], [-0.0004109830188099295, -0.0004331492818892002, 0.00036141564487479627, -0.00033235509181395173, 0.00040251188329420984, -0.0018358228262513876, 0.0011221568565815687, -0.0012446793261915445, -0.0006093818228691816, -0.0017265909118577838, 0.012063966132700443, -0.003044810611754656, 8.133671508403495e-05], [0.0003067616489715874, 0.000784326926805079, -0.00021270463184919208, -0.0021181751508265734, 0.000786063086707145, 0.0023374264128506184, -0.0017224266193807125, 0.001177538768388331, -0.00012448553752619773, 0.0006132089765742421, -0.003044810611754656, 0.011329359374940395, -0.0022599236108362675], [-0.0007812953554093838, -0.0009023234015330672, 0.0006815900560468435, -0.0004295347898732871, 0.0008342009969055653, -0.00043328263564035296, -0.0006115253199823201, 0.0011260246392339468, 8.518707909388468e-05, 0.00047428871039301157, 8.133671508403495e-05, -0.0022599236108362675, 0.015489726327359676]], "metadata.audio_properties.analysis.downmix": "mix", "metadata.audio_properties.codec": "mp3", "metadata.audio_properties.md5_encoded": "6b15330748ca2d5118a19d78b0ea7867", "metadata.tags.file_name": "1182272593663901778.mp3", "metadata.version.essentia": "2.1-beta6-dev", "metadata.version.essentia_git_sha": "v2.1_beta5-1110-g77a6a954", "metadata.version.extractor": "music 2.0", "tonal.chords_key": "F", "tonal.chords_scale": "major", "tonal.key_edma.key": "F", "tonal.key_edma.scale": "major", "tonal.key_krumhansl.key": "F", "tonal.key_krumhansl.scale": "major", "tonal.key_temperl