{"song_id": "1182273763933429781", "download": "https://cdn.discordapp.com/attachments/1128313332273782784/1182273763933429781/chirp.mp4?ex=6584193e&amp", "lyrics": "Text\nEddy, der Barketing-Star,\nmit einem Bellen, leuchtet der Raum.\nIn Meetings und Pausen, er ist immer da,\nsein fr\u00f6hliches Wesen, wie ein lebendiger Traum.\n\nEddy, der s\u00fc\u00dfeste Hund der Welt,\nmit seinen Augen, so rein und so hell.\nEr ist mehr als nur ein Haustier, er ist ein Freund,\nEddy, der Barketing-Star, ein Wunder, das sich lohnt.", "style": ["afrobeat"], "essentia_features": {"lowlevel.average_loudness": 0.9464446306228638, "lowlevel.barkbands_crest.mean": 12.629525184631348, "lowlevel.barkbands_crest.stdev": 4.777957916259766, "lowlevel.barkbands_flatness_db.mean": 0.24552883207798004, "lowlevel.barkbands_flatness_db.stdev": 0.08248574286699295, "lowlevel.barkbands_kurtosis.mean": 13.450399398803711, "lowlevel.barkbands_kurtosis.stdev": 23.25998878479004, "lowlevel.barkbands_skewness.mean": 1.6822164058685303, "lowlevel.barkbands_skewness.stdev": 2.3388192653656006, "lowlevel.barkbands_spread.mean": 13.280725479125977, "lowlevel.barkbands_spread.stdev": 14.652460098266602, "lowlevel.dissonance.mean": 0.43513941764831543, "lowlevel.dissonance.stdev": 0.053109001368284225, "lowlevel.dynamic_complexity": 7.222996234893799, "lowlevel.erbbands_crest.mean": 13.144685745239258, "lowlevel.erbbands_crest.stdev": 6.058554172515869, "lowlevel.erbbands_flatness_db.mean": 0.2277158498764038, "lowlevel.erbbands_flatness_db.stdev": 0.0646284818649292, "lowlevel.erbbands_kurtosis.mean": 3.981032371520996, "lowlevel.erbbands_kurtosis.stdev": 9.146379470825195, "lowlevel.erbbands_skewness.mean": 0.6154002547264099, "lowlevel.erbbands_skewness.stdev": 1.463448166847229, "lowlevel.erbbands_spread.mean": 30.686697006225586, "lowlevel.erbbands_spread.stdev": 26.506710052490234, "lowlevel.hfc.mean": 14.71431827545166, "lowlevel.hfc.stdev": 18.36026954650879, "lowlevel.loudness_ebu128.integrated": -22.69639015197754, "lowlevel.loudness_ebu128.loudness_range": 4.119682312011719, "lowlevel.loudness_ebu128.momentary.mean": -26.622377395629883, "lowlevel.loudness_ebu128.momentary.stdev": 10.242171287536621, "lowlevel.loudness_ebu128.short_term.mean": -24.005596160888672, "lowlevel.loudness_ebu128.short_term.stdev": 4.589724540710449, "lowlevel.melbands_crest.mean": 15.305892944335938, "lowlevel.melbands_crest.stdev": 6.19120979309082, "lowlevel.melbands_flatness_db.mean": 0.2924749255180359, "lowlevel.melbands_flatness_db.stdev": 0.11997479200363159, "lowlevel.melbands_kurtosis.mean": 27.873329162597656, "lowlevel.melbands_kurtosis.stdev": 49.484683990478516, "lowlevel.melbands_skewness.mean": 2.7276711463928223, "lowlevel.melbands_skewness.stdev": 2.8353066444396973, "lowlevel.melbands_spread.mean": 19.7980899810791, "lowlevel.melbands_spread.stdev": 25.322189331054688, "lowlevel.pitch_salience.mean": 0.4998496472835541, "lowlevel.pitch_salience.stdev": 0.14459756016731262, "lowlevel.silence_rate_20dB.mean": 1.0, "lowlevel.silence_rate_20dB.stdev": 0.0, "lowlevel.silence_rate_30dB.mean": 0.9978586435317993, "lowlevel.silence_rate_30dB.stdev": 0.04622455686330795, "lowlevel.silence_rate_60dB.mean": 0.15560314059257507, "lowlevel.silence_rate_60dB.stdev": 0.36248278617858887, "lowlevel.spectral_centroid.mean": 1150.1807861328125, "lowlevel.spectral_centroid.stdev": 1172.220947265625, "lowlevel.spectral_complexity.mean": 8.096360206604004, "lowlevel.spectral_complexity.stdev": 5.686168670654297, "lowlevel.spectral_decrease.mean": -6.4591301196514905e-09, "lowlevel.spectral_decrease.stdev": 5.2835469332990215e-09, "lowlevel.spectral_energy.mean": 0.025712886825203896, "lowlevel.spectral_energy.stdev": 0.02125740796327591, "lowlevel.spectral_energyband_high.mean": 0.0002313315198989585, "lowlevel.spectral_energyband_high.stdev": 0.0006249583093449473, "lowlevel.spectral_energyband_low.mean": 0.009628786705434322, "lowlevel.spectral_energyband_low.stdev": 0.010068273171782494, "lowlevel.spectral_energyband_middle_high.mean": 0.006451913621276617, "lowlevel.spectral_energyband_middle_high.stdev": 0.012878063134849072, "lowlevel.spectral_energyband_middle_low.mean": 0.010648021474480629, "lowlevel.spectral_energyband_middle_low.stdev": 0.011043529026210308, "lowlevel.spectral_entropy.mean": 6.91646671295166, "lowlevel.spectral_entropy.stdev": 0.8148669600486755, "lowlevel.spectral_flux.mean": 0.06704791635274887, "lowlevel.spectral_flux.stdev": 0.054192665964365005, "lowlevel.spectral_kurtosis.mean": 7.5176591873168945, "lowlevel.spectral_kurtosis.stdev": 7.894980430603027, "lowlevel.spectral_rms.mean": 0.004400209058076143, "lowlevel.spectral_rms.stdev": 0.002392461523413658, "lowlevel.spectral_rolloff.mean": 1593.7044677734375, "lowlevel.spectral_rolloff.stdev": 2479.6328125, "lowlevel.spectral_skewness.mean": 1.8392257690429688, "lowlevel.spectral_skewness.stdev": 0.9741147756576538, "lowlevel.spectral_spread.mean": 3775005.25, "lowlevel.spectral_spread.stdev": 1988291.75, "lowlevel.spectral_strongpeak.mean": 1.3240394592285156, "lowlevel.spectral_strongpeak.stdev": 1.93052339553833, "lowlevel.zerocrossingrate.mean": 0.057816892862319946, "lowlevel.zerocrossingrate.stdev": 0.07969984412193298, "metadata.audio_properties.analysis.equal_loudness": 0.0, "metadata.audio_properties.analysis.length": 32.490657806396484, "metadata.audio_properties.analysis.sample_rate": 44100.0, "metadata.audio_properties.analysis.start_time": 0.0, "metadata.audio_properties.bit_rate": 111433.0, "metadata.audio_properties.length": 32.490665435791016, "metadata.audio_properties.lossless": 0.0, "metadata.audio_properties.number_channels": 1.0, "metadata.audio_properties.replay_gain": -4.482112884521484, "metadata.audio_properties.sample_rate": 48000.0, "rhythm.beats_count": 67.0, "rhythm.beats_loudness.mean": 0.03702342510223389, "rhythm.beats_loudness.stdev": 0.024056989699602127, "rhythm.bpm": 126.49081420898438, "rhythm.bpm_histogram_first_peak_bpm": 126.0, "rhythm.bpm_histogram_first_peak_weight": 0.5245901346206665, "rhythm.bpm_histogram_second_peak_bpm": 115.0, "rhythm.bpm_histogram_second_peak_spread": 0.5, "rhythm.bpm_histogram_second_peak_weight": 0.03030303120613098, "rhythm.danceability": 1.0656189918518066, "rhythm.onset_rate": 4.429687023162842, "tonal.chords_changes_rate": 0.08416547626256943, "tonal.chords_number_rate": 0.024251069873571396, "tonal.chords_strength.mean": 0.46133196353912354, "tonal.chords_strength.stdev": 0.10805512964725494, "tonal.hpcp_crest.mean": 14.328264236450195, "tonal.hpcp_crest.stdev": 7.234692573547363, "tonal.hpcp_entropy.mean": 1.9410476684570312, "tonal.hpcp_entropy.stdev": 0.8434286117553711, "tonal.key_edma.strength": 0.6603740453720093, "tonal.key_krumhansl.strength": 0.6607060432434082, "tonal.key_temperley.strength": 0.6571751236915588, "tonal.tuning_diatonic_strength": 0.5803636908531189, "tonal.tuning_equal_tempered_deviation": 0.14399254322052002, "tonal.tuning_frequency": 442.2933654785156, "tonal.tuning_nontempered_energy_ratio": 0.8234171271324158, "lowlevel.barkbands.mean": [1.1477089174150024e-05, 0.005046527832746506, 0.0033958228304982185, 0.0018333250191062689, 0.0025054006837308407, 0.0032967189326882362, 0.0002145314501831308, 0.0006667780107818544, 0.0019109993008896708, 0.0008081395062617958, 0.002298783976584673, 0.0016586658312007785, 0.0003674519248306751, 0.00021114379342179745, 0.00033125380286946893, 0.000317686062771827, 0.0002722741337493062, 0.00015338693629018962, 0.00016313321248162538, 6.056971687939949e-05, 8.445090497843921e-05, 2.4615963411633857e-05, 1.7007047063088976e-05, 4.251252903486602e-05, 1.7919697711477056e-05, 2.3144204988057027e-06, 6.445064926197119e-09], "lowlevel.barkbands.stdev": [2.3327243980020285e-05, 0.006860571913421154, 0.005084681324660778, 0.0031365505419671535, 0.003895147005096078, 0.006962778978049755, 0.001081771799363196, 0.002620078856125474, 0.005359699949622154, 0.0034352438524365425, 0.00813237577676773, 0.006536758504807949, 0.0018232198199257255, 0.0008590748184360564, 0.001093227881938219, 0.0010780657175928354, 0.0010563856922090054, 0.0007236239034682512, 0.0004215466324239969, 0.0001681903377175331, 0.0002723655488807708, 0.0001241681893588975, 9.729713929118589e-05, 0.0002211921673733741, 9.614730515750125e-05, 1.2132465599279385e-05, 7.291047410262763e-08], "lowlevel.erbbands.mean": [0.07012321799993515, 1.4044827222824097, 4.096286773681641, 5.505887508392334, 5.663453102111816, 8.937402725219727, 17.347177505493164, 30.744232177734375, 6.442941665649414, 6.817171573638916, 18.322891235351562, 44.12669372558594, 30.62821388244629, 41.5930290222168, 124.27674102783203, 47.33229446411133, 16.820812225341797, 13.570759773254395, 18.005374908447266, 15.733246803283691, 15.551379203796387, 15.316278457641602, 8.431662559509277, 11.891536712646484, 3.744520425796509, 2.6976852416992188, 4.564542770385742, 2.118654727935791, 0.9940502643585205, 0.5537977814674377, 0.509463906288147, 0.8518624901771545, 0.6800049543380737, 0.2882451117038727, 0.08601737767457962, 0.019143080338835716, 0.00267242849804461, 0.00016509543638676405, 1.824352511903271e-05, 3.015035872522276e-05], "lowlevel.erbbands.stdev": [0.10246200859546661, 1.8265867233276367, 5.199335098266602, 7.899637222290039, 7.530394077301025, 15.935096740722656, 35.286136627197266, 70.43995666503906, 25.115262985229492, 39.2807731628418, 63.00288772583008, 123.6818618774414, 99.5543441772461, 163.25413513183594, 380.7752685546875, 178.53529357910156, 82.87638854980469, 52.8346061706543, 51.91542434692383, 49.690189361572266, 45.003822326660156, 59.43024444580078, 46.0531005859375, 29.589248657226562, 10.023574829101562, 7.251206398010254, 13.729363441467285, 7.992084503173828, 4.629505157470703, 4.047723770141602, 2.698784589767456, 4.743374824523926, 3.596970796585083, 1.5288324356079102, 0.49079960584640503, 0.09699150919914246, 0.016866328194737434, 0.0011574631789699197, 2.9751841793768108e-05, 2.4629278414067812e-05], "lowlevel.gfcc.mean": [-131.9095001220703, 123.687255859375, -115.22865295410156, 49.60693359375, -52.879276275634766, 17.915830612182617, -27.031383514404297, -3.380256414413452, -23.534961700439453, -12.099483489990234, -4.544452667236328, -12.160911560058594, 8.761738777160645], "lowlevel.melbands.mean": [0.0010669853072613478, 0.002070136833935976, 0.0009295048075728118, 0.0005098872352391481, 0.0005834463518112898, 0.0006470473599620163, 8.368158887606114e-05, 8.627334318589419e-05, 0.0001586263970239088, 0.00029568359605036676, 0.00014568219194188714, 0.00014470791211351752, 0.00037298700772225857, 0.0002610231167636812, 3.165015368722379e-05, 4.099561556358822e-05, 2.137258525181096e-05, 2.7533671527635306e-05, 2.1911067960900255e-05, 2.496693741704803e-05, 1.6321333532687277e-05, 1.8773214833345264e-05, 8.09754965303e-06, 6.554250830959063e-06, 1.0659291547199246e-05, 3.625476210800116e-06, 1.3676597063749796e-06, 1.8686799876377336e-06, 3.037902388314251e-06, 2.251141722808825e-06, 8.702303944119194e-07, 5.912260689910909e-07, 3.856046362216148e-07, 2.629941491250065e-07, 2.4709805757083814e-07, 3.989121069025714e-07, 5.785516350442776e-07, 5.301727696860326e-07, 3.173518052790314e-07, 2.2222334905563912e-07], "lowlevel.melbands.stdev": [0.0015149866230785847, 0.002208804013207555, 0.0011409810977056623, 0.0006729771266691387, 0.0010949173010885715, 0.0014533018693327904, 0.0003465533081907779, 0.00045384757686406374, 0.0005406209384091198, 0.0008365905960090458, 0.0004987537977285683, 0.000656218093354255, 0.001240371959283948, 0.0008924815338104963, 0.0001736242265906185, 0.00019482230709400028, 8.952937059802935e-05, 8.098441321635619e-05, 8.249014354078099e-05, 9.609012340661138e-05, 5.263074490358122e-05, 7.820829341653734e-05, 4.512002851697616e-05, 2.5591432859073393e-05, 2.6641415388439782e-05, 1.0831726285687182e-05, 3.6802541671931976e-06, 5.442971541924635e-06, 9.458694876229856e-06, 7.27723181626061e-06, 3.949597157770768e-06, 2.851733825082192e-06, 2.2168610485095996e-06, 2.2385179363482166e-06, 1.310763877881982e-06, 2.3194575078377966e-06, 3.245259222239838e-06, 2.8958911570953205e-06, 1.5989281791917165e-06, 1.2798128636859474e-06], "lowlevel.melbands128.mean": [8.454702765448019e-06, 0.00021088928042445332, 0.0015595444710925221, 0.002604688983410597, 0.0023666066117584705, 0.0015100379241630435, 0.0011947288876399398, 0.0007655979716219008, 0.0005060147377662361, 0.0005201415624469519, 0.00048498716205358505, 0.0004951393348164856, 0.0005390517180785537, 0.0007514021126553416, 0.0009339491371065378, 0.0004507736302912235, 0.00011006370186805725, 2.0569872503983788e-05, 2.826743912009988e-05, 7.850326801417395e-05, 0.00010207278683083132, 0.00014722491323482245, 0.00015729690494481474, 0.00016941229114308953, 0.0002894019999075681, 0.0003878404095303267, 0.00023825081007089466, 9.929443331202492e-05, 6.95616690791212e-05, 0.0001426291564712301, 0.00016167759895324707, 0.00016957706247922033, 0.0003790623159147799, 0.0005492615164257586, 0.0003995526931248605, 0.00015948872896842659, 5.2397481340449303e-05, 1.5971379980328493e-05, 2.543811933719553e-05, 3.680209556478076e-05, 4.9891161324921995e-05, 4.025075031677261e-05, 1.77687979885377e-05, 1.3573808246292174e-05, 1.7618074707570486e-05, 3.199608909199014e-05, 3.870936780003831e-05, 2.2019714378984645e-05, 1.377403623337159e-05, 1.836201590776909e-05, 3.36819066433236e-05, 2.4087295969366096e-05, 1.1478819942567497e-05, 1.4034130799700506e-05, 2.3051778043736704e-05, 2.4794220735202543e-05, 9.471028533880599e-06, 6.280374691414181e-06, 9.780145774129778e-06, 7.669472324778326e-06, 3.919455593859311e-06, 6.265607680688845e-06, 1.4546230886480771e-05, 1.1511397133290302e-05, 5.639607479679398e-06, 3.7039455946796807e-06, 2.1832738639204763e-06, 1.181648713100003e-06, 1.3008396990699111e-06, 1.4227504152586334e-06, 1.200990936922608e-06, 2.4577057047281414e-06, 3.3012220228556544e-06, 2.881584578062757e-06, 3.29722092828888e-06, 2.4003365979297087e-06, 1.972261998162139e-06, 1.0583609082459589e-06, 7.602623668390152e-07, 5.605463115898601e-07, 6.461928592216282e-07, 6.417573104045005e-07, 3.8882853914401494e-07, 3.6628301813834696e-07, 3.784437865306245e-07, 2.717525546813704e-07, 2.2836826474303962e-07, 2.25733231218328e-07, 2.1581746523224865e-07, 2.808845636081969e-07, 3.737329450359539e-07, 4.0004326251619204e-07, 4.7636430622333137e-07, 6.539283958773012e-07, 5.819961188535672e-07, 5.76363788695744e-07, 5.465232106871554e-07, 4.255616374848614e-07, 3.3587886605346284e-07, 2.3413572591834964e-07, 2.49905127702732e-07, 2.3161017281836394e-07, 1.8581941674256086e-07, 1.2924121506330266e-07, 7.881588715008547e-08, 6.206215630299994e-08, 4.7577557893419e-08, 4.2241861564207284e-08, 3.3857386227964525e-08, 1.896353651886784e-08, 9.754547392049062e-09, 1.0459496380121891e-08, 7.904289667237663e-09, 3.5953922061793264e-09, 1.6421212167827548e-09, 1.4524265123938562e-09, 2.5876892295606524e-10, 5.648685946074705e-12, 4.534941866474185e-12, 4.421611948107751e-12, 4.307922508300921e-12, 4.23494572743266e-12, 4.176777413517074e-12, 4.085272918563643e-12, 3.869668908224044e-12, 3.5367756900245295e-12, 3.3515338941636497e-12, 3.311640458386611e-12], "lowlevel.melbands128.stdev": [1.7582065993337892e-05, 0.0003180463972967118, 0.002578086918219924, 0.003501120489090681, 0.002903733402490616, 0.0022859806194901466, 0.001965931849554181, 0.0012356687802821398, 0.0009739153319969773, 0.000729669351130724, 0.0010887749958783388, 0.001400362467393279, 0.001411785022355616, 0.0020569043699651957, 0.0023359633050858974, 0.0015338744269683957, 0.0007490581483580172, 6.225636752787977e-05, 0.0001655828527873382, 0.0006561033660545945, 0.00059168366715312, 0.0006902605528011918, 0.0007690988131798804, 0.0008148746564984322, 0.0010999107034876943, 0.0014144721208140254, 0.0011274652788415551, 0.0005682468181475997, 0.00037106245872564614, 0.0008379283244721591, 0.0009851583745330572, 0.0009253357420675457, 0.001960568130016327, 0.0019979842472821474, 0.0017488149460405111, 0.0009329426102340221, 0.0004512869054451585, 9.99476105789654e-05, 0.00028992901206947863, 0.0002555554383434355, 0.00028986798133701086, 0.0002760940114967525, 0.00010025697702076286, 7.859115430619568e-05, 8.957429236033931e-05, 0.00012192763824714348, 0.00016950006829574704, 0.00014413127792067826, 8.553431689506397e-05, 9.349541505798697e-05, 0.00017463226686231792, 0.00010863132047234103, 6.099388701841235e-05, 7.456738967448473e-05, 0.00012140174658270553, 0.00013628180022351444, 5.966904791421257e-05, 4.303405148675665e-05, 8.516304660588503e-05, 6.655559263890609e-05, 2.162901364499703e-05, 2.1903977540205233e-05, 4.963558603776619e-05, 3.412619844311848e-05, 2.1600031686830334e-05, 1.5361840269179083e-05, 9.614935152058024e-06, 5.2133045755908825e-06, 4.12906774727162e-06, 4.4867597353004385e-06, 3.255815954616992e-06, 1.0929241398116574e-05, 1.1788778465415817e-05, 1.1559905033209361e-05, 1.314067867497215e-05, 8.297629392473027e-06, 7.419796475005569e-06, 5.092318588140188e-06, 4.280264420231106e-06, 2.5046847440535203e-06, 3.5087989544990705e-06, 3.168633384120767e-06, 2.1111372916493565e-06, 1.9257868189015426e-06, 3.198837248419295e-06, 2.4314749680343084e-06, 2.058227210000041e-06, 1.9622275431174785e-06, 1.0021094567491673e-06, 1.4955521692172624e-06, 2.3417351258103736e-06, 2.3607453840668313e-06, 2.8429562917153817e-06, 4.034855010104366e-06, 3.2983914479700616e-06, 3.2622326671116753e-06, 3.2502330213901587e-06, 2.388787834206596e-06, 1.8315977285965346e-06, 1.1727136097761104e-06, 1.3343452565095504e-06, 1.5014755945230718e-06, 1.2294308362470474e-06, 9.404801630807924e-07, 4.816763521375833e-07, 3.5744866977438505e-07, 2.548611064412398e-07, 2.293676431008862e-07, 1.8325442852074048e-07, 1.1849896708326924e-07, 7.017396086439476e-08, 8.701915987785469e-08, 5.484590914761611e-08, 2.859822423317837e-08, 1.327137422180158e-08, 1.728272636114525e-08, 2.943414401102018e-09, 2.0287252780470943e-11, 6.677089436912809e-12, 6.509321727465878e-12, 6.354840265121453e-12, 6.207065677416024e-12, 6.088921901403754e-12, 5.9900292191661375e-12, 5.898139615601039e-12, 5.825202733372725e-12, 5.773816320886471e-12, 5.7423072373496975e-12], "lowlevel.mfcc.mean": [-769.5025024414062, 136.30374145507812, 9.018465995788574, 34.35228729248047, 8.771442413330078, 14.751416206359863, 12.735045433044434, 2.240501642227173, 1.8061749935150146, -2.8729782104492188, -10.457048416137695, -2.072870969772339, -8.444650650024414], "lowlevel.spectral_contrast_coeffs.mean": [-0.6919677257537842, -0.7225860357284546, -0.7357066869735718, -0.7903107404708862, -0.8073272109031677, -0.758859395980835], "lowlevel.spectral_contrast_coeffs.stdev": [0.09032060950994492, 0.11917208880186081, 0.12737879157066345, 0.0864698588848114, 0.06428136676549911, 0.05635431781411171], "lowlevel.spectral_contrast_valleys.mean": [-7.502312660217285, -8.32451343536377, -8.704538345336914, -8.968840599060059, -8.850996971130371, -11.803621292114258], "lowlevel.spectral_contrast_valleys.stdev": [2.255042552947998, 1.793222427368164, 1.6740432977676392, 1.4292329549789429, 1.2521220445632935, 1.1456904411315918], "rhythm.beats_loudness_band_ratio.mean": [0.42324745655059814, 0.17481820285320282, 0.09477005153894424, 0.17295321822166443, 0.06290660798549652, 0.09093685448169708], "rhythm.beats_loudness_band_ratio.stdev": [0.33092769980430603, 0.18906910717487335, 0.1474067121744156, 0.24644947052001953, 0.09016509354114532, 0.2432103008031845], "tonal.hpcp.mean": [0.1524324119091034, 0.09003224968910217, 0.1284569799900055, 0.1577776074409485, 0.09825438261032104, 0.05838834494352341, 0.05766068398952484, 0.07640650123357773, 0.11515947431325912, 0.12867103517055511, 0.11614043265581131, 0.09320198744535446, 0.08035910129547119, 0.07286321371793747, 0.14966560900211334, 0.235679492354393, 0.1574346423149109, 0.1254035234451294, 0.1337457150220871, 0.08091256022453308, 0.07855801284313202, 0.0855197161436081, 0.10898809134960175, 0.1865503489971161, 0.19177591800689697, 0.1237284243106842, 0.09727495163679123, 0.08153139799833298, 0.08910299092531204, 0.16954736411571503, 0.17181731760501862, 0.09650003165006638, 0.07376907765865326, 0.07430243492126465, 0.10308700799942017, 0.1666662096977234], "tonal.hpcp.stdev": [0.27482154965400696, 0.19346930086612701, 0.24832382798194885, 0.31429266929626465, 0.1952928602695465, 0.14954084157943726, 0.15395352244377136, 0.17791274189949036, 0.230852872133255, 0.24588920176029205, 0.23614749312400818, 0.20472373068332672, 0.19444574415683746, 0.17218135297298431, 0.23638145625591278, 0.36893215775489807, 0.2522847354412079, 0.25234678387641907, 0.2849491536617279, 0.17885738611221313, 0.1908872276544571, 0.19789965450763702, 0.21693865954875946, 0.3012264668941498, 0.2875145673751831, 0.23429349064826965, 0.22316743433475494, 0.1941792517900467, 0.1926465928554535, 0.30832409858703613, 0.30570635199546814, 0.23047955334186554, 0.19851958751678467, 0.20034393668174744, 0.2453984171152115, 0.2964685559272766], "rhythm.beats_position": [0.4876190423965454, 0.9984580278396606, 1.5209070444107056, 2.043355941772461, 2.530975103378296, 3.0185940265655518, 3.5062131881713867, 3.9938321113586426, 4.469841003417969, 4.945850372314453, 5.421859264373779, 5.8978681564331055, 6.37387752532959, 6.849886417388916, 7.337505340576172, 7.801904678344727, 8.266304016113281, 8.74231243133545, 9.229931831359863, 9.705941200256348, 10.170339584350586, 10.64634895324707, 11.133968353271484, 11.609976768493652, 12.097596168518066, 12.608434677124023, 13.072834014892578, 13.548843383789062, 14.024852752685547, 14.500861167907715, 14.9768705368042, 15.452879905700684, 15.917278289794922, 16.393287658691406, 16.84607696533203, 17.322086334228516, 17.78648567199707, 18.262493133544922, 18.738502502441406, 19.21451187133789, 19.690521240234375, 20.17814064025879, 20.642539978027344, 21.118547439575195, 21.58294677734375, 22.058956146240234, 22.54657554626465, 23.022584915161133, 23.498594284057617, 23.962993621826172, 24.427391052246094, 24.89179039001465, 25.356189727783203, 25.820589065551758, 26.284988403320312, 26.772607803344727, 27.26022720336914, 27.724624633789062, 28.189023971557617, 28.653423309326172, 29.129432678222656, 29.60544204711914, 30.081451416015625, 30.557458877563477, 31.02185821533203, 31.486257553100586, 31.95065689086914], "rhythm.bpm_histogram": [0.0, 0.0, 0.0, 0.0, 0.0, 0.0, 0.0, 0.0, 0.0, 0.0, 0.0, 0.0, 0.0, 0.0, 0.0, 0.0, 0.0, 0.0, 0.0, 0.0, 0.0, 0.0, 0.0, 0.0, 0.0, 0.0, 0.0, 0.0, 0.0, 0.0, 0.0, 0.0, 0.0, 0.0, 0.0, 0.0, 0.0, 0.0, 0.0, 0.0, 0.0, 0.0, 0.0, 0.0, 0.0, 0.0, 0.0, 0.0, 0.0, 0.0, 0.0, 0.0, 0.0, 0.0, 0.0, 0.0, 0.0, 0.0, 0.0, 0.0, 0.0, 0.0, 0.0, 0.0, 0.0, 0.0, 0.0, 0.0, 0.0, 0.0, 0.0, 0.0, 0.0, 0.0, 0.0, 0.0, 0.0, 0.0, 0.0, 0.0, 0.0, 0.0, 0.0, 0.0, 0.0, 0.0, 0.0, 0.0, 0.0, 0.0, 0.0, 0.0, 0.0, 0.0, 0.0, 0.0, 0.0, 0.0, 0.0, 0.0, 0.0, 0.0, 0.0, 0.0, 0.0, 0.0, 0.0, 0.0, 0.0, 0.0, 0.0, 0.0, 0.0, 0.0, 0.0, 0.03030303120613098, 0.0, 0.03030303120613098, 0.0, 0.0, 0.0, 0.0, 0.0, 0.1818181872367859, 0.0, 0.0, 0.43939393758773804, 0.0, 0.0, 0.3030303120613098, 0.0, 0.0, 0.0, 0.01515151560306549, 0.0, 0.0, 0.0, 0.0, 0.0, 0.0, 0.0, 0.0, 0.0, 0.0, 0.0, 0.0, 0.0, 0.0, 0.0, 0.0, 0.0, 0.0, 0.0, 0.0, 0.0, 0.0, 0.0, 0.0, 0.0, 0.0, 0.0, 0.0, 0.0, 0.0, 0.0, 0.0, 0.0, 0.0, 0.0, 0.0, 0.0, 0.0, 0.0, 0.0, 0.0, 0.0, 0.0, 0.0, 0.0, 0.0, 0.0, 0.0, 0.0, 0.0, 0.0, 0.0, 0.0, 0.0, 0.0, 0.0, 0.0, 0.0, 0.0, 0.0, 0.0, 0.0, 0.0, 0.0, 0.0, 0.0, 0.0, 0.0, 0.0, 0.0, 0.0, 0.0, 0.0, 0.0, 0.0, 0.0, 0.0, 0.0, 0.0, 0.0, 0.0, 0.0, 0.0, 0.0, 0.0, 0.0, 0.0, 0.0, 0.0, 0.0, 0.0, 0.0, 0.0, 0.0, 0.0, 0.0, 0.0, 0.0, 0.0, 0.0, 0.0, 0.0, 0.0, 0.0, 0.0, 0.0, 0.0, 0.0, 0.0, 0.0, 0.0, 0.0, 0.0, 0.0, 0.0, 0.0], "tonal.chords_histogram": [8.273894309997559, 7.8459343910217285, 19.828815460205078, 1.2838801145553589, 6.276747703552246, 7.560627460479736, 4.4222540855407715, 7.275321006774902, 4.4222540855407715, 0.0, 2.1398003101348877, 2.710413694381714, 1.9971469640731812, 0.0, 0.855920135974884, 0.9985734820365906, 2.1398003101348877, 3.28102707862854, 0.0, 5.563480854034424, 0.0, 8.987161636352539, 0.855920135974884, 3.28102707862854], "tonal.thpcp": [1.0, 0.6680031418800354, 0.5320934653282166, 0.5674898028373718, 0.34331607818603516, 0.3333256244659424, 0.3628644645214081, 0.46244198083877563, 0.7915425896644592, 0.8137149214744568, 0.5249859690666199, 0.4127425253391266, 0.34594184160232544, 0.3780685067176819, 0.719398021697998, 0.7290295362472534, 0.4094545245170593, 0.3130059242248535, 0.31526899337768555, 0.4374033808708191, 0.7071731686592102, 0.646778404712677, 0.38201138377189636, 0.5450494885444641, 0.6694583892822266, 0.41689831018447876, 0.24774469435214996, 0.24465720355510712, 0.32419663667678833, 0.48862746357917786, 0.5459576845169067, 0.49278971552848816, 0.39546075463294983, 0.34096771478652954, 0.30916228890419006, 0.6350387334823608], "lowlevel.gfcc.cov": [[26540.4375, 8758.66015625, -623.1959228515625, -1424.502685546875, 849.0328369140625, -516.946044921875, 327.94677734375, 59.15381622314453, -582.8427124023438, -517.4443359375, 453.2862548828125, -485.816162109375, 916.11669921875], [8758.66015625, 6148.994140625, 685.2323608398438, -712.5554809570312, 802.9190063476562, -420.73583984375, 592.15185546875, -491.9477233886719, -19.336931228637695, -577.7476196289062, 473.2831726074219, -460.42822265625, 489.13909912109375], [-623.1959228515625, 685.2323608398438, 2023.6102294921875, 530.9618530273438, 2.6798226833343506, 221.141845703125, -174.14669799804688, -237.16990661621094, 90.47183990478516, -102.43856048583984, -0.6621894836425781, 25.554325103759766, -143.46095275878906], [-1424.502685546875, -712.5554809570312, 530.9618530273438, 699.8992309570312, -49.00318145751953, 28.861055374145508, -206.0900421142578, 43.544151306152344, 118.792724609375, 12.399932861328125, -81.5265121459961, 71.61473083496094, -78.04336547851562], [849.0328369140625, 802.9190063476562, 2.6798226833343506, -49.00318145751953, 342.4685974121094, -7.379443168640137, 158.51727294921875, -62.32136535644531, 10.373068809509277, -80.0298080444336, 81.1114730834961, -42.68108367919922, 92.79342651367188], [-516.946044921875, -420.73583984375, 221.141845703125, 28.861055374145508, -7.379443168640137, 460.1705322265625, 80.60992431640625, -47.42140579223633, -43.73030090332031, 35.941444396972656, -15.480305671691895, 31.114112854003906, -100.90564727783203], [327.94677734375, 592.15185546875, -174.14669799804688, -206.0900421142578, 158.51727294921875, 80.60992431640625, 399.637939453125, -48.136924743652344, -22.877147674560547, -75.88387298583984, 79.42433166503906, -82.20719146728516, 41.23786163330078], [59.15381622314453, -491.9477233886719, -237.16990661621094, 43.544151306152344, -62.32136535644531, -47.42140579223633, -48.136924743652344, 248.41656494140625, 21.490224838256836, 41.562129974365234, -85.98342895507812, 37.47426986694336, -7.145132064819336], [-582.8427124023438, -19.336931228637695, 90.47183990478516, 118.792724609375, 10.373068809509277, -43.73030090332031, -22.877147674560547, 21.490224838256836, 172.35128784179688, -7.240799903869629, -16.856374740600586, -19.588510513305664, 4.44102668762207], [-517.4443359375, -577.7476196289062, -102.43856048583984, 12.399932861328125, -80.0298080444336, 35.941444396972656, -75.88387298583984, 41.562129974365234, -7.240799903869629, 170.30067443847656, -12.295271873474121, 60.6775016784668, -49.01551818847656], [453.2862548828125, 473.2831726074219, -0.6621894836425781, -81.5265121459961, 81.1114730834961, -15.480305671691895, 79.42433166503906, -85.98342895507812, -16.856374740600586, -12.295271873474121, 164.6456298828125, -7.899075031280518, 43.41477966308594], [-485.816162109375, -460.42822265625, 25.554325103759766, 71.61473083496094, -42.68108367919922, 31.114112854003906, -82.20719146728516, 37.47426986694336, -19.588510513305664, 60.6775016784668, -7.899075031280518, 130.79713439941406, -20.298072814941406], [916.11669921875, 489.13909912109375, -143.46095275878906, -78.04336547851562, 92.79342651367188, -100.90564727783203, 41.23786163330078, -7.145132064819336, 4.44102668762207, -49.01551818847656, 43.41477966308594, -20.298072814941406, 151.30194091796875]], "lowlevel.gfcc.icov": [[0.00020652303646784276, -0.0006108649540692568, 0.00028694383217953146, -0.0002481137926224619, 0.0003196905890945345, -0.0004915454192087054, 0.00045226706424728036, -0.0006826178287155926, 0.0006355529767461121, -0.0005245681386440992, 0.0003351136401761323, -0.00026397439069114625, -0.00013108900748193264], [-0.0006108649540692568, 0.0027249918784946203, -0.0015184305375441909, 0.001547337044030428, -0.001856528571806848, 0.0020651211962103844, -0.00140534364618361, 0.0020438972860574722, -0.0016291902866214514, 0.0025424198247492313, -0.0021478328853845596, 0.002509168814867735, -0.0009326182771474123], [0.00028694383217953146, -0.0015184305375441909, 0.001776092336513102, -0.0014398008352145553, 0.0010247102472931147, -0.0014525491278618574, 0.0010693564545363188, -0.00015445849567186087, 0.0004387740627862513, -0.0006590936100110412, 0.0011678974842652678, -0.0017799142515286803, 0.0014166181208565831], [-0.0002481137926224619, 0.001547337044030428, -0.0014398008352145553, 0.0035182733554393053, -0.0015809877077117562, 0.0010940114734694362, 0.00019900852930732071, 0.00035647171898745, -0.001890029408968985, 0.0018394943326711655, -0.0009815356461331248, 0.0008790018036961555, -0.0003376622626092285], [0.0003196905890945345, -0.001856528571806848, 0.0010247102472931147, -0.0015809877077117562, 0.006020336411893368, -0.0015655254246667027, -0.0006661552470177412, -0.0007575928466394544, 0.000481874099932611, -0.0010687654139474034, 0.000676515162922442, -0.002125767758116126, -0.0012079091975465417], [-0.0004915454192087054, 0.0020651211962103844, -0.0014525491278618574, 0.0010940114734694362, -0.0015655254246667027, 0.004771302919834852, -0.0024179588072001934, 0.0021900476422160864, -0.0006710680900141597, 0.0011450573801994324, -0.0007531781448051333, 0.00083066028309986, 0.0011098665418103337], [0.00045226706424728036, -0.00140534364618361, 0.0010693564545363188, 0.00019900852930732071, -0.0006661552470177412, -0.0024179588072001934, 0.005710016470402479, -0.0019479917827993631, 0.0011445529526099563, 0.0002153792738681659, -0.0007088362472131848, 0.0010174065828323364, 0.00044521703966893256], [-0.0006826178287155926, 0.0020438972860574722, -0.00015445849567186087, 0.00035647171898745, -0.0007575928466394544, 0.0021900476422160864, -0.0019479917827993631, 0.008711709640920162, -0.002848332980647683, 0.001340922899544239, 0.0019425622886046767, -0.0008830518345348537, 0.00027263083029538393], [0.0006355529767461121, -0.0016291902866214514, 0.0004387740627862513, -0.001890029408968985, 0.000481874099932611, -0.0006710680900141597, 0.0011445529526099563, -0.002848332980647683, 0.009369858540594578, -0.0021352467592805624, 0.0008892196929082274, 0.0016684697475284338, -0.0013277280377224088], [-0.0005245681386440992, 0.0025424198247492313, -0.0006590936100110412, 0.0018394943326711655, -0.0010687654139474034, 0.0011450573801994324, 0.0002153792738681659, 0.001340922899544239, -0.0021352467592805624, 0.01164034940302372, -0.003486045403406024, -0.0004478940099943429, 0.0014784097438678145], [0.0003351136401761323, -0.0021478328853845596, 0.0011678974842652678, -0.0009815356461331248, 0.000676515162922442, -0.0007531781448051333, -0.0007088362472131848, 0.0019425622886046767, 0.0008892196929082274, -0.003486045403406024, 0.01145800668746233, -0.004185430705547333, -0.00012132369010942057], [-0.00026397439069114625, 0.002509168814867735, -0.0017799142515286803, 0.0008790018036961555, -0.002125767758116126, 0.00083066028309986, 0.0010174065828323364, -0.0008830518345348537, 0.0016684697475284338, -0.0004478940099943429, -0.004185430705547333, 0.015076783485710621, -0.003179490566253662], [-0.00013108900748193264, -0.0009326182771474123, 0.0014166181208565831, -0.0003376622626092285, -0.0012079091975465417, 0.0011098665418103337, 0.00044521703966893256, 0.00027263083029538393, -0.0013277280377224088, 0.0014784097438678145, -0.00012132369010942057, -0.003179490566253662, 0.013085802085697651]], "lowlevel.mfcc.cov": [[23456.806640625, 7517.25732421875, -1319.450927734375, -27.606359481811523, 183.93406677246094, -672.8005981445312, 934.8203735351562, -256.3583068847656, 236.40635681152344, -402.9178161621094, -506.7474670410156, 114.27623748779297, -322.91485595703125], [7517.25732421875, 5594.31201171875, 92.31501007080078, 171.16424560546875, 106.92073822021484, 62.869319915771484, 560.0615844726562, -28.70492172241211, -46.001441955566406, -139.41873168945312, -231.11837768554688, -77.85028839111328, -123.01273345947266], [-1319.450927734375, 92.31501007080078, 1789.456787109375, 251.66868591308594, 312.5911560058594, 351.63116455078125, -169.70022583007812, 119.2273178100586, -129.3525390625, -20.77668571472168, 69.6265869140625, -88.35961151123047, 78.22393798828125], [-27.606359481811523, 171.16424560546875, 251.66868591308594, 524.4450073242188, 178.6619415283203, -85.83077239990234, -96.99247741699219, 11.51725959777832, 59.3936767578125, -68.37478637695312, -19.297584533691406, 45.92118453979492, 2.3945865631103516], [183.93406677246094, 106.92073822021484, 312.5911560058594, 178.6619415283203, 310.3003845214844, 44.27534103393555, -74.83224487304688, 16.284156799316406, 18.253955841064453, -48.23842239379883, -7.533813953399658, 10.709885597229004, 12.18815803527832], [-672.8005981445312, 62.869319915771484, 351.63116455078125, -85.83077239990234, 44.27534103393555, 412.2898254394531, 111.45765686035156, 66.36783599853516, -83.8560562133789, 51.41976547241211, 46.97629928588867, -56.55158615112305, 40.755149841308594], [934.8203735351562, 560.0615844726562, -169.70022583007812, -96.99247741699219, -74.83224487304688, 111.45765686035156, 322.92724609375, 45.277671813964844, -27.641799926757812, 15.857672691345215, -19.46185302734375, -6.291572093963623, -21.58807945251465], [-256.3583068847656, -28.70492172241211, 119.2273178100586, 11.51725959777832, 16.284156799316406, 66.36783599853516, 45.277671813964844, 169.686767578125, 44.06120681762695, 11.804750442504883, 19.566431045532227, -3.822512626647949, 18.360815048217773], [236.40635681152344, -46.001441955566406, -129.3525390625, 59.3936767578125, 18.253955841064453, -83.8560562133789, -27.641799926757812, 44.06120681762695, 176.56668090820312, 24.87449836730957, -17.070350646972656, 9.630603790283203, -10.199007987976074], [-402.9178161621094, -139.41873168945312, -20.77668571472168, -68.37478637695312, -48.23842239379883, 51.41976547241211, 15.857672691345215, 11.804750442504883, 24.87449836730957, 123.2365951538086, 38.103755950927734, -26.186838150024414, 9.727947235107422], [-506.7474670410156, -231.11837768554688, 69.6265869140625, -19.297584533691406, -7.533813953399658, 46.97629928588867, -19.46185302734375, 19.566431045532227, -17.070350646972656, 38.103755950927734, 100.3863754272461, 29.171804428100586, 8.325202941894531], [114.27623748779297, -77.85028839111328, -88.35961151123047, 45.92118453979492, 10.709885597229004, -56.55158615112305, -6.291572093963623, -3.822512626647949, 9.630603790283203, -26.186838150024414, 29.171804428100586, 110.60330200195312, 17.334409713745117], [-322.91485595703125, -123.01273345947266, 78.22393798828125, 2.3945865631103516, 12.18815803527832, 40.755149841308594, -21.58807945251465, 18.360815048217773, -10.199007987976074, 9.727947235107422, 8.325202941894531, 17.334409713745117, 82.81892395019531]], "lowlevel.mfcc.icov": [[0.00010236207890557125, -0.00011877228098455817, 8.222914402722381e-06, 0.0001313532266067341, -0.00013693208165932447, 0.00015895586693659425, -0.00017052629846148193, 0.0001375935971736908, -0.00018328371515963227, 0.00015180536138359457, 5.979840716463514e-05, -0.00012053230602759868, 5.6924640375655144e-05], [-0.00011877228098455817, 0.0004042435612063855, -9.795152436709031e-05, -0.00023754360154271126, 6.098482845118269e-05, -9.886935004033148e-05, -0.00038425775710493326, 2.0569616026477888e-05, 0.00018811586778610945, -6.36916229268536e-05, 0.00030825287103652954, 0.0002175413101213053, 0.00012580203474499285], [8.222914402722381e-06, -9.795152436709031e-05, 0.0011593782110139728, -0.0004419064207468182, -0.0006007558549754322, -0.0006908448413014412, 0.0008538661641068757, -0.0007872867863625288, 0.000872036733198911, 0.00013254197256173939, -0.0006172527209855616, 0.0009415968670509756, -0.00041342605254612863], [0.0001313532266067341, -0.00023754360154271126, -0.0004419064207468182, 0.0031071542762219906, -0.0012227540137246251, 0.0007984222611412406, 1.8382004782324657e-05, 0.00020664898329414427, -0.0011494309874251485, 0.0008155792020261288, 0.0003568233805708587, -0.0012466841144487262, 0.0002206157223554328], [-0.00013693208165932447, 6.098482845118269e-05, -0.0006007558549754322, -0.0012227540137246251, 0.005361559335142374, -0.001423040172085166, 0.0012109024683013558, 9.966452489607036e-05, -0.0009721564128994942, 0.0012444914318621159, 0.0004748658393509686, -0.0007404716452583671, 0.00020558970572892576], [0.00015895586693659425, -9.886935004033148e-05, -0.0006908448413014412, 0.0007984222611412406, -0.001423040172085166, 0.005387251265347004, -0.002628700342029333, -0.00035952290636487305, 0.0010583051480352879, -0.0007180349784903228, -0.0018686805851757526, 0.0021562790498137474, -0.0019935991149395704], [-0.00017052629846148193, -0.00038425775710493326, 0.0008538661641068757, 1.8382004782324657e-05, 0.0012109024683013558, -0.002628700342029333, 0.006695365533232689, -0.002626129426062107, 0.0016858973540365696, -0.001397846033796668, 0.0020045344717800617, -0.001906096120364964, 0.001969441771507263], [0.0001375935971736908, 2.0569616026477888e-05, -0.0007872867863625288, 0.00020664898329414427, 9.966452489607036e-05, -0.00035952290636487305, -0.002626129426062107, 0.0089653879404068, -0.004344280809164047, 0.0020930455066263676, -0.002397037809714675, 0.0009347720188088715, -0.0019407683284953237], [-0.00018328371515963227, 0.00018811586778610945, 0.000872036733198911, -0.0011494309874251485, -0.0009721564128994942, 0.0010583051480352879, 0.0016858973540365696, -0.004344280809164047, 0.010024617426097393, -0.004747891798615456, 0.0029408300761133432, -0.0009295552154071629, 0.001490357331931591], [0.00015180536138359457, -6.36916229268536e-05, 0.00013254197256173939, 0.0008155792020261288, 0.0012444914318621159, -0.0007180349784903228, -0.001397846033796668, 0.0020930455066263676, -0.004747891798615456, 0.01424677949398756, -0.00703990226611495, 0.005175395868718624, -0.0029433658346533775], [5.979840716463514e-05, 0.00030825287103652954, -0.0006172527209855616, 0.0003568233805708587, 0.0004748658393509686, -0.0018686805851757526, 0.0020045344717800617, -0.002397037809714675, 0.0029408300761133432, -0.00703990226611495, 0.018656784668564796, -0.008983475156128407, 0.004361244849860668], [-0.00012053230602759868, 0.0002175413101213053, 0.0009415968670509756, -0.0012466841144487262, -0.0007404716452583671, 0.0021562790498137474, -0.001906096120364964, 0.0009347720188088715, -0.0009295552154071629, 0.005175395868718624, -0.008983475156128407, 0.016284801065921783, -0.005884195677936077], [5.6924640375655144e-05, 0.00012580203474499285, -0.00041342605254612863, 0.0002206157223554328, 0.00020558970572892576, -0.0019935991149395704, 0.001969441771507263, -0.0019407683284953237, 0.001490357331931591, -0.0029433658346533775, 0.004361244849860668, -0.005884195677936077, 0.016084328293800354]], "metadata.audio_properties.analysis.downmix": "mix", "metadata.audio_properties.codec": "mp3", "metadata.audio_properties.md5_encoded": "610bd7726fb74112f59fd7ed0df0cc23", "metadata.tags.file_name": "1182273763933429781.mp3", "metadata.version.essentia": "2.1-beta6-dev", "metadata.version.essentia_git_sha": "v2.1_beta5-1110-g77a6a954", "metadat