{"song_id": "1182273423968305172", "download": "https://cdn.discordapp.com/attachments/1135903449314238464/1182273423968305172/chirp.mp4?ex=658418ed&amp", "lyrics": "Mr. Globe shill (Mr. Globe shill)\nYou looove begging the question\nMr. Globe shill (Mr. Globe shill)\nYou dooon't have good intentions\nMr. Globeshill likes to lie\nAnd in hell he's gonna die\nBecause the Earth is not a ball!\nIt has no curve, no movement at all", "style": ["random"], "essentia_features": {"lowlevel.average_loudness": 0.9150766730308533, "lowlevel.barkbands_crest.mean": 12.972664833068848, "lowlevel.barkbands_crest.stdev": 5.7905426025390625, "lowlevel.barkbands_flatness_db.mean": 0.22646695375442505, "lowlevel.barkbands_flatness_db.stdev": 0.09787832200527191, "lowlevel.barkbands_kurtosis.mean": 25.57038688659668, "lowlevel.barkbands_kurtosis.stdev": 102.17910766601562, "lowlevel.barkbands_skewness.mean": 2.008302927017212, "lowlevel.barkbands_skewness.stdev": 3.4593145847320557, "lowlevel.barkbands_spread.mean": 17.389314651489258, "lowlevel.barkbands_spread.stdev": 16.200252532958984, "lowlevel.dissonance.mean": 0.4171086549758911, "lowlevel.dissonance.stdev": 0.07007254660129547, "lowlevel.dynamic_complexity": 3.7730021476745605, "lowlevel.erbbands_crest.mean": 14.115246772766113, "lowlevel.erbbands_crest.stdev": 6.3744354248046875, "lowlevel.erbbands_flatness_db.mean": 0.2570013999938965, "lowlevel.erbbands_flatness_db.stdev": 0.07575085014104843, "lowlevel.erbbands_kurtosis.mean": 5.189684867858887, "lowlevel.erbbands_kurtosis.stdev": 9.518099784851074, "lowlevel.erbbands_skewness.mean": 0.8600709438323975, "lowlevel.erbbands_skewness.stdev": 1.7939307689666748, "lowlevel.erbbands_spread.mean": 27.932933807373047, "lowlevel.erbbands_spread.stdev": 19.789966583251953, "lowlevel.hfc.mean": 17.7459716796875, "lowlevel.hfc.stdev": 20.98095703125, "lowlevel.loudness_ebu128.integrated": -15.065286636352539, "lowlevel.loudness_ebu128.loudness_range": 2.59197998046875, "lowlevel.loudness_ebu128.momentary.mean": -15.922883033752441, "lowlevel.loudness_ebu128.momentary.stdev": 2.9807424545288086, "lowlevel.loudness_ebu128.short_term.mean": -15.090157508850098, "lowlevel.loudness_ebu128.short_term.stdev": 0.8508309125900269, "lowlevel.melbands_crest.mean": 17.99370765686035, "lowlevel.melbands_crest.stdev": 8.315011024475098, "lowlevel.melbands_flatness_db.mean": 0.24763105809688568, "lowlevel.melbands_flatness_db.stdev": 0.12340137362480164, "lowlevel.melbands_kurtosis.mean": 34.93183135986328, "lowlevel.melbands_kurtosis.stdev": 107.69889068603516, "lowlevel.melbands_skewness.mean": 2.853579521179199, "lowlevel.melbands_skewness.stdev": 3.4932751655578613, "lowlevel.melbands_spread.mean": 31.667556762695312, "lowlevel.melbands_spread.stdev": 41.618980407714844, "lowlevel.pitch_salience.mean": 0.5259710550308228, "lowlevel.pitch_salience.stdev": 0.18660278618335724, "lowlevel.silence_rate_20dB.mean": 1.0, "lowlevel.silence_rate_20dB.stdev": 0.0, "lowlevel.silence_rate_30dB.mean": 0.933456540107727, "lowlevel.silence_rate_30dB.stdev": 0.24923045933246613, "lowlevel.silence_rate_60dB.mean": 0.2698706090450287, "lowlevel.silence_rate_60dB.stdev": 0.4438934028148651, "lowlevel.spectral_centroid.mean": 1454.1529541015625, "lowlevel.spectral_centroid.stdev": 1175.4013671875, "lowlevel.spectral_complexity.mean": 7.6774492263793945, "lowlevel.spectral_complexity.stdev": 8.10789966583252, "lowlevel.spectral_decrease.mean": -7.062353368780805e-09, "lowlevel.spectral_decrease.stdev": 1.332915999796569e-08, "lowlevel.spectral_energy.mean": 0.02826453559100628, "lowlevel.spectral_energy.stdev": 0.05073443055152893, "lowlevel.spectral_energyband_high.mean": 0.000980554148554802, "lowlevel.spectral_energyband_high.stdev": 0.0021447651088237762, "lowlevel.spectral_energyband_low.mean": 0.013761025853455067, "lowlevel.spectral_energyband_low.stdev": 0.048252083361148834, "lowlevel.spectral_energyband_middle_high.mean": 0.003319711424410343, "lowlevel.spectral_energyband_middle_high.stdev": 0.005559869110584259, "lowlevel.spectral_energyband_middle_low.mean": 0.010697849094867706, "lowlevel.spectral_energyband_middle_low.stdev": 0.016521306708455086, "lowlevel.spectral_entropy.mean": 7.236296653747559, "lowlevel.spectral_entropy.stdev": 0.7513594031333923, "lowlevel.spectral_flux.mean": 0.08027556538581848, "lowlevel.spectral_flux.stdev": 0.08528106659650803, "lowlevel.spectral_kurtosis.mean": 3.9607086181640625, "lowlevel.spectral_kurtosis.stdev": 4.692672252655029, "lowlevel.spectral_rms.mean": 0.003984377719461918, "lowlevel.spectral_rms.stdev": 0.003420510096475482, "lowlevel.spectral_rolloff.mean": 2293.90283203125, "lowlevel.spectral_rolloff.stdev": 2557.290283203125, "lowlevel.spectral_skewness.mean": 1.418313980102539, "lowlevel.spectral_skewness.stdev": 0.708228588104248, "lowlevel.spectral_spread.mean": 4627497.5, "lowlevel.spectral_spread.stdev": 2090269.125, "lowlevel.spectral_strongpeak.mean": 1.4607672691345215, "lowlevel.spectral_strongpeak.stdev": 1.4985549449920654, "lowlevel.zerocrossingrate.mean": 0.07400304079055786, "lowlevel.zerocrossingrate.stdev": 0.0640917494893074, "metadata.audio_properties.analysis.equal_loudness": 0.0, "metadata.audio_properties.analysis.length": 25.086938858032227, "metadata.audio_properties.analysis.sample_rate": 44100.0, "metadata.audio_properties.analysis.start_time": 0.0, "metadata.audio_properties.bit_rate": 130949.0, "metadata.audio_properties.length": 25.08799934387207, "metadata.audio_properties.lossless": 0.0, "metadata.audio_properties.number_channels": 1.0, "metadata.audio_properties.replay_gain": -12.878202438354492, "metadata.audio_properties.sample_rate": 48000.0, "rhythm.beats_count": 62.0, "rhythm.beats_loudness.mean": 0.07039196789264679, "rhythm.beats_loudness.stdev": 0.0892847552895546, "rhythm.bpm": 150.3796844482422, "rhythm.bpm_histogram_first_peak_bpm": 152.0, "rhythm.bpm_histogram_first_peak_weight": 0.37288135290145874, "rhythm.bpm_histogram_second_peak_bpm": 144.0, "rhythm.bpm_histogram_second_peak_spread": 0.0, "rhythm.bpm_histogram_second_peak_weight": 0.032786883413791656, "rhythm.danceability": 1.5298352241516113, "rhythm.onset_rate": 5.179123878479004, "tonal.chords_changes_rate": 0.07933579385280609, "tonal.chords_number_rate": 0.018450183793902397, "tonal.chords_strength.mean": 0.5353481769561768, "tonal.chords_strength.stdev": 0.09772949665784836, "tonal.hpcp_crest.mean": 15.330491065979004, "tonal.hpcp_crest.stdev": 6.232287406921387, "tonal.hpcp_entropy.mean": 1.6840099096298218, "tonal.hpcp_entropy.stdev": 0.6990975737571716, "tonal.key_edma.strength": 0.6081363558769226, "tonal.key_krumhansl.strength": 0.606432318687439, "tonal.key_temperley.strength": 0.6358302235603333, "tonal.tuning_diatonic_strength": 0.5093778967857361, "tonal.tuning_equal_tempered_deviation": 0.19984087347984314, "tonal.tuning_frequency": 434.193115234375, "tonal.tuning_nontempered_energy_ratio": 0.9348346590995789, "lowlevel.barkbands.mean": [0.0009228439885191619, 0.011161706410348415, 0.0013900676276534796, 0.0007584766135551035, 0.0006972206174395978, 0.0003398550325073302, 0.002508094534277916, 0.0029895517509430647, 0.002917786594480276, 0.0011822113301604986, 0.0006557932356372476, 0.000508221099153161, 0.0003263345861341804, 0.00024055771064013243, 0.0001806634827516973, 9.626780956750736e-05, 0.00020563736325129867, 0.00012431095819920301, 5.699609755538404e-05, 4.600074316840619e-05, 0.00010513515007914975, 0.00024895265232771635, 0.000386457541026175, 0.00012797584349755198, 5.03685514559038e-05, 3.5177454265067354e-05, 1.8846471903088968e-06], "lowlevel.barkbands.stdev": [0.00275155040435493, 0.04294414445757866, 0.009854312986135483, 0.005760849453508854, 0.0032444940879940987, 0.001132031437009573, 0.006389833055436611, 0.007411513011902571, 0.008215722627937794, 0.0038166921585798264, 0.0023230290971696377, 0.0015872449148446321, 0.0007645630976185203, 0.000644190120510757, 0.0004465746460482478, 0.0002578275743871927, 0.00044774223351851106, 0.000413296656915918, 0.00021668638510163873, 0.00020273664267733693, 0.00028007751097902656, 0.0004369824018795043, 0.0011072814231738448, 0.0003656933840829879, 0.00015002451254986227, 0.00010390265379101038, 7.072492735460401e-06], "lowlevel.erbbands.mean": [0.4437374770641327, 2.0066981315612793, 1.9347203969955444, 2.188403844833374, 2.457240104675293, 2.382441520690918, 1.6004091501235962, 3.7574667930603027, 21.96674156188965, 60.76557540893555, 64.68485260009766, 63.64094161987305, 57.35566711425781, 27.48755645751953, 30.210935592651367, 20.49155044555664, 16.127662658691406, 14.967934608459473, 9.335515975952148, 7.557590484619141, 6.2660908699035645, 11.590510368347168, 7.773057460784912, 4.019303321838379, 2.411210298538208, 2.164839267730713, 2.8866865634918213, 5.411258697509766, 8.618074417114258, 11.93289852142334, 9.474128723144531, 3.962691068649292, 1.7623792886734009, 0.7436802387237549, 0.276263028383255, 0.10638362914323807, 0.0797075405716896, 0.014022265560925007, 0.00031127434340305626, 4.276705294614658e-05], "lowlevel.erbbands.stdev": [1.706684947013855, 8.34194278717041, 11.47678279876709, 16.392671585083008, 15.317445755004883, 10.044842720031738, 7.256438732147217, 10.629569053649902, 52.99821090698242, 173.62875366210938, 172.35302734375, 157.35964965820312, 188.2652587890625, 81.44917297363281, 102.582763671875, 57.68344497680664, 35.39345169067383, 37.92687225341797, 21.428125381469727, 21.465667724609375, 15.036221504211426, 24.99834442138672, 22.7839298248291, 14.729965209960938, 9.68608283996582, 9.497684478759766, 9.771888732910156, 12.43189525604248, 15.068596839904785, 28.535547256469727, 27.17365264892578, 12.150995254516602, 5.0026726722717285, 2.1328139305114746, 0.8933935761451721, 0.34960848093032837, 0.23933608829975128, 0.041619252413511276, 0.0009277001954615116, 6.201642099767923e-05], "lowlevel.gfcc.mean": [-116.5871353149414, 79.51141357421875, -155.78378295898438, 7.729513645172119, -90.27949523925781, 9.636164665222168, -28.59983253479004, -15.8682222366333, 4.37405252456665, -12.9366455078125, -17.401845932006836, 3.5464987754821777, -17.7462158203125], "lowlevel.melbands.mean": [0.003520984435454011, 0.0014967003371566534, 0.00038805956137366593, 0.00016873932327143848, 6.743924313923344e-05, 8.540250564692542e-05, 0.0003754859499167651, 0.0006462939199991524, 0.0005132743390277028, 0.0004045542737003416, 0.0002816266205627471, 0.00011028560402337462, 9.793393110157922e-05, 6.699971709167585e-05, 3.9661808841628954e-05, 3.374446532689035e-05, 2.6484663976589218e-05, 1.4030068996362388e-05, 1.1874774827447254e-05, 7.989563528099097e-06, 7.174621259764535e-06, 1.1885590538440738e-05, 1.1045495739381295e-05, 4.5587671593239065e-06, 3.134432290607947e-06, 1.8854268546419917e-06, 1.528614916423976e-06, 1.3888417242924334e-06, 1.5477294255106244e-06, 2.342942480026977e-06, 3.4148017675761366e-06, 4.540249392448459e-06, 5.5403343139914796e-06, 7.639484465471469e-06, 5.988424618408317e-06, 3.968041710322723e-06, 1.8106183006239007e-06, 1.3020703590882476e-06, 8.282801786663185e-07, 5.601509656116832e-07], "lowlevel.melbands.stdev": [0.013287360779941082, 0.006679190788418055, 0.0027854139916598797, 0.0008407638524658978, 0.00028665183344855905, 0.0002523027651477605, 0.0008633078541606665, 0.001749750692397356, 0.001380758942104876, 0.001075923559255898, 0.0009471465600654483, 0.0003587045066524297, 0.00033323923707939684, 0.00022945758246351033, 9.263042011298239e-05, 7.285969331860542e-05, 7.458480831701308e-05, 3.498342266539112e-05, 3.2826872484292835e-05, 2.3157643227023073e-05, 1.7947748347069137e-05, 2.6867779524764046e-05, 2.7198258976568468e-05, 1.7056770957424305e-05, 1.1789782547566574e-05, 7.455458217009436e-06, 6.727011623297585e-06, 6.274312454479514e-06, 5.8688669923867565e-06, 7.037353498162702e-06, 7.537854344263906e-06, 8.314397746289615e-06, 1.0408783055027016e-05, 2.0680501620518044e-05, 1.6742334992159158e-05, 1.3756547559751198e-05, 5.363653599488316e-06, 3.833048594970023e-06, 2.3553416212962475e-06, 1.6754434000176843e-06], "lowlevel.melbands128.mean": [0.0007929586572572589, 0.0037723234854638577, 0.004865257069468498, 0.0027620322071015835, 0.001164682675153017, 0.0006276497151702642, 0.000446582242147997, 0.00035782725899480283, 0.00024003894941415638, 0.00015209442062769085, 0.0001360326714348048, 9.112154657486826e-05, 4.208426980767399e-05, 4.612706106854603e-05, 5.5942218750715256e-05, 0.00010433722491143271, 0.00023481737298425287, 0.0004244767769705504, 0.00047311538946814835, 0.0009189000120386481, 0.0005138946580700576, 0.00047307435306720436, 0.0006265229894779623, 0.00037377074477262795, 0.00041943942778743804, 0.00036318754428066313, 0.0005087204044684768, 0.00023749202955514193, 0.00013928519911132753, 0.00015902327140793204, 6.431134534068406e-05, 8.084291766863316e-05, 0.0001119559456128627, 0.00011250303214183077, 6.759755342500284e-05, 5.958059773547575e-05, 5.271813279250637e-05, 3.409016062505543e-05, 3.728245064849034e-05, 3.59547084372025e-05, 2.9154211006243713e-05, 3.5580193070927635e-05, 3.253625982324593e-05, 1.918350790219847e-05, 1.0336889317841269e-05, 1.5154151697061025e-05, 1.6670272088958882e-05, 1.0079439562105108e-05, 1.167875871033175e-05, 1.039883318298962e-05, 6.5021399677789304e-06, 6.717420546920039e-06, 6.484197001555003e-06, 6.402602139132796e-06, 1.1017279575753491e-05, 1.1750135854526889e-05, 1.370832251268439e-05, 1.3439565009321086e-05, 1.0559112524788361e-05, 5.533704097615555e-06, 3.720054792211158e-06, 4.175189587840578e-06, 3.7342231280490523e-06, 2.781923512884532e-06, 2.323248281754786e-06, 1.792205125639157e-06, 1.72071509041416e-06, 1.4628509461545036e-06, 1.5760635960759828e-06, 1.5104410522326361e-06, 1.1953432021982735e-06, 1.4891228374835919e-06, 1.5059767974889837e-06, 1.4427552059714799e-06, 1.6169742593774572e-06, 2.5087081212404883e-06, 2.3649402010050835e-06, 2.8720648970192997e-06, 3.82786038244376e-06, 3.4936585961986566e-06, 4.302698016545037e-06, 4.89705007566954e-06, 5.433181740954751e-06, 5.712561687687412e-06, 5.498321115737781e-06, 5.867521394975483e-06, 9.105838216783013e-06, 1.0063882655231282e-05, 4.478837581700645e-06, 4.2084138840436935e-06, 5.481565949594369e-06, 3.480993655102793e-06, 2.4447947453154484e-06, 1.7406628103344701e-06, 1.421766796738666e-06, 1.3801446812067297e-06, 1.3011654118599836e-06, 1.2079374300810741e-06, 7.614630135321931e-07, 6.843608275630686e-07, 6.976902682254149e-07, 4.6386776375584304e-07, 5.152625135451672e-07, 3.977575602220895e-07, 2.8694509524029854e-07, 2.3417101147060748e-07, 1.7955943576453137e-07, 1.6004472058739339e-07, 1.7909185601183708e-07, 1.6921704570904694e-07, 1.8709776838932157e-07, 1.7164839505312557e-07, 3.9667330042902904e-07, 2.670331298304518e-07, 2.1027935304118728e-07, 1.7184814282700245e-07, 7.468629803497606e-08, 1.1650359788006881e-08, 1.779364655618565e-09, 4.0545358737098525e-11, 1.1995159206190653e-11, 8.292715472646428e-12, 4.00169827829977e-12, 3.943901628888913e-12, 3.871254445481087e-12, 3.742194488315365e-12, 3.6493061177089725e-12, 3.617816766651738e-12], "lowlevel.melbands128.stdev": [0.0024131888058036566, 0.014682102017104626, 0.0198697317391634, 0.012414226308465004, 0.006914445664733648, 0.004571961704641581, 0.0035456425976008177, 0.0026133700739592314, 0.0014903778210282326, 0.000726206402759999, 0.0005637360736727715, 0.0003878666029777378, 0.00024449516786262393, 0.0002343304076930508, 0.00023808582045603544, 0.00039527626358903944, 0.0007314531831070781, 0.001362286158837378, 0.0014332836726680398, 0.003171248361468315, 0.0018147202208638191, 0.0015912881353870034, 0.002228261437267065, 0.0013972095912322402, 0.0015123991761356592, 0.0013738867128267884, 0.0024672895669937134, 0.0010942589724436402, 0.0006776480004191399, 0.0006884573376737535, 0.0002842002722900361, 0.00035680164000950754, 0.00044306780910119414, 0.0005994774983264506, 0.00033172941766679287, 0.00029996311059221625, 0.00016822722682263702, 0.00010607243166305125, 0.0001499288046034053, 0.0001067047196556814, 8.213798719225451e-05, 0.00013834839046467096, 0.00012448740017134696, 6.721191311953589e-05, 4.594867641571909e-05, 4.449051266419701e-05, 5.0931597797898576e-05, 4.323156099417247e-05, 4.511745646595955e-05, 3.627694968599826e-05, 2.5284301955252886e-05, 2.184446930186823e-05, 1.7227668649866246e-05, 2.0221128579578362e-05, 3.6627898225560784e-05, 3.003790152433794e-05, 3.704097980516963e-05, 3.375904998392798e-05, 3.2719446608098224e-05, 2.383398896199651e-05, 1.52799239003798e-05, 1.97447843675036e-05, 1.4741437553311698e-05, 1.1315436495351605e-05, 1.0334173566661775e-05, 7.35443700250471e-06, 7.801599167578388e-06, 6.801711151638301e-06, 7.489793460990768e-06, 7.5933444350084756e-06, 5.7337115322297905e-06, 6.795675744797336e-06, 6.9714988057967275e-06, 5.785886969533749e-06, 6.166148978081765e-06, 8.425040505244397e-06, 7.0712872002332006e-06, 8.03610328148352e-06, 8.675872777530458e-06, 7.618787094543222e-06, 9.33631235966459e-06, 9.816883903113194e-06, 1.011884887702763e-05, 1.1953005014220253e-05, 1.2261795745871495e-05, 1.683471600699704e-05, 3.172558717778884e-05, 2.8982582080061547e-05, 1.2388519280648325e-05, 1.4457230463449378e-05, 2.0223649698891677e-05, 1.350204365735408e-05, 8.420316589763388e-06, 5.513389169209404e-06, 4.20326659877901e-06, 4.598559371515876e-06, 4.123046437598532e-06, 3.5695384212885983e-06, 2.3503882857767167e-06, 2.132828740286641e-06, 2.155352603949723e-06, 1.563731188980455e-06, 1.675826979408157e-06, 1.272390250051103e-06, 1.008339040708961e-06, 1.066365143742587e-06, 7.866534588174545e-07, 5.809782805954455e-07, 6.597624633286614e-07, 6.134125101198151e-07, 6.831781433902506e-07, 5.668049425366917e-07, 1.3023583278481965e-06, 8.429631748185784e-07, 6.734899216098711e-07, 5.266515472612809e-07, 2.5834745542852033e-07, 9.629430763880009e-08, 2.006308896795872e-08, 6.160389975917724e-10, 1.1535030569609361e-10, 7.925323591839728e-11, 1.0240652943693807e-11, 1.026158064770799e-11, 1.0214134225916549e-11, 9.826880628671653e-12, 9.60386631332355e-12, 9.53810728315796e-12], "lowlevel.mfcc.mean": [-745.61328125, 106.68930053710938, -15.701117515563965, -8.580586433410645, -31.218753814697266, 14.298277854919434, -35.391021728515625, 13.489672660827637, -2.922438859939575, -11.42611026763916, 10.634117126464844, 1.52723228931427, -5.317377090454102], "lowlevel.spectral_contrast_coeffs.mean": [-0.6622918248176575, -0.676009476184845, -0.735560417175293, -0.7852289080619812, -0.7803942561149597, -0.666208028793335], "lowlevel.spectral_contrast_coeffs.stdev": [0.09507235884666443, 0.13085323572158813, 0.10894347727298737, 0.06221935153007507, 0.05369656905531883, 0.08296747505664825], "lowlevel.spectral_contrast_valleys.mean": [-9.215326309204102, -7.856847763061523, -8.275364875793457, -8.580190658569336, -9.0221586227417, -11.769064903259277], "lowlevel.spectral_contrast_valleys.stdev": [1.3323791027069092, 0.9992233514785767, 0.8726927042007446, 0.8628966808319092, 1.0702332258224487, 1.9609707593917847], "rhythm.beats_loudness_band_ratio.mean": [0.27379316091537476, 0.052817389369010925, 0.33457162976264954, 0.13132299482822418, 0.07623942196369171, 0.15846660733222961], "rhythm.beats_loudness_band_ratio.stdev": [0.40650510787963867, 0.10074114054441452, 0.3243790864944458, 0.13924308121204376, 0.10950693488121033, 0.21081684529781342], "tonal.hpcp.mean": [0.2194528728723526, 0.21218512952327728, 0.07820048928260803, 0.04809980466961861, 0.04833535477519035, 0.06241649016737938, 0.1330651491880417, 0.1420793980360031, 0.08700218051671982, 0.16881224513053894, 0.19374683499336243, 0.08411990851163864, 0.046637095510959625, 0.04376498609781265, 0.04270150884985924, 0.12641896307468414, 0.1703980416059494, 0.11386477947235107, 0.08727248013019562, 0.07040676474571228, 0.06210008263587952, 0.14568355679512024, 0.1741326004266739, 0.1307431012392044, 0.2661358714103699, 0.25858280062675476, 0.08613774180412292, 0.08475823700428009, 0.09363429993391037, 0.06956404447555542, 0.10406771302223206, 0.10922087728977203, 0.06875608116388321, 0.08542204648256302, 0.098051518201828, 0.10368489474058151], "tonal.hpcp.stdev": [0.31568005681037903, 0.32043442130088806, 0.16111359000205994, 0.13894082605838776, 0.14241626858711243, 0.16490551829338074, 0.24807868897914886, 0.27674639225006104, 0.18742045760154724, 0.27410992980003357, 0.3085213005542755, 0.16272911429405212, 0.12373808026313782, 0.12162420898675919, 0.10860956460237503, 0.24988606572151184, 0.3146713972091675, 0.20092833042144775, 0.18228241801261902, 0.16648073494434357, 0.14836087822914124, 0.24347040057182312, 0.2773156762123108, 0.2079729437828064, 0.3566887378692627, 0.36392948031425476, 0.15471673011779785, 0.1896418333053589, 0.227108895778656, 0.15480577945709229, 0.20785251259803772, 0.21767593920230865, 0.15117649734020233, 0.20077191293239594, 0.21882836520671844, 0.215121328830719], "rhythm.beats_position": [0.3715192675590515, 0.7662584781646729, 1.160997748374939, 1.5557368993759155, 1.9620860815048218, 2.3684353828430176, 2.763174533843994, 3.1579136848449707, 3.564262866973877, 3.9706122875213623, 4.36535120010376, 4.7600908279418945, 5.154829978942871, 5.561179161071777, 5.967528343200684, 6.36226749420166, 6.757006645202637, 7.163355827331543, 7.569705009460449, 7.964444160461426, 8.359183311462402, 8.753922462463379, 9.171881675720215, 9.566620826721191, 9.961359977722168, 10.367709159851074, 10.77405834197998, 11.180407524108887, 11.57514762878418, 11.981496810913086, 12.376235961914062, 12.770975112915039, 13.165714263916016, 13.560453414916992, 13.955192565917969, 14.349931716918945, 14.756280899047852, 15.162630081176758, 15.557369232177734, 15.952108383178711, 16.346847534179688, 16.753196716308594, 17.1595458984375, 17.554285049438477, 17.960634231567383, 18.36698341369629, 18.761722564697266, 19.156461715698242, 19.55120086669922, 19.957550048828125, 20.3522891998291, 20.747028350830078, 21.153377532958984, 21.57133674621582, 21.966075897216797, 22.360815048217773, 22.75555419921875, 23.16190528869629, 23.556644439697266, 23.951383590698242, 24.35773277282715, 24.752471923828125], "rhythm.bpm_histogram": [0.0, 0.0, 0.0, 0.0, 0.0, 0.0, 0.0, 0.0, 0.0, 0.0, 0.0, 0.0, 0.0, 0.0, 0.0, 0.0, 0.0, 0.0, 0.0, 0.0, 0.0, 0.0, 0.0, 0.0, 0.0, 0.0, 0.0, 0.0, 0.0, 0.0, 0.0, 0.0, 0.0, 0.0, 0.0, 0.0, 0.0, 0.0, 0.0, 0.0, 0.0, 0.0, 0.0, 0.0, 0.0, 0.0, 0.0, 0.0, 0.0, 0.0, 0.0, 0.0, 0.0, 0.0, 0.0, 0.0, 0.0, 0.0, 0.0, 0.0, 0.0, 0.0, 0.0, 0.0, 0.0, 0.0, 0.0, 0.0, 0.0, 0.0, 0.0, 0.0, 0.0, 0.0, 0.0, 0.0, 0.0, 0.0, 0.0, 0.0, 0.0, 0.0, 0.0, 0.0, 0.0, 0.0, 0.0, 0.0, 0.0, 0.0, 0.0, 0.0, 0.0, 0.0, 0.0, 0.0, 0.0, 0.0, 0.0, 0.0, 0.0, 0.0, 0.0, 0.0, 0.0, 0.0, 0.0, 0.0, 0.0, 0.0, 0.0, 0.0, 0.0, 0.0, 0.0, 0.0, 0.0, 0.0, 0.0, 0.0, 0.0, 0.0, 0.0, 0.0, 0.0, 0.0, 0.0, 0.0, 0.0, 0.0, 0.0, 0.0, 0.0, 0.0, 0.0, 0.0, 0.0, 0.0, 0.0, 0.0, 0.0, 0.0, 0.0, 0.0, 0.032786883413791656, 0.0, 0.0, 0.0, 0.3606557250022888, 0.0, 0.0, 0.0, 0.6065573692321777, 0.0, 0.0, 0.0, 0.0, 0.0, 0.0, 0.0, 0.0, 0.0, 0.0, 0.0, 0.0, 0.0, 0.0, 0.0, 0.0, 0.0, 0.0, 0.0, 0.0, 0.0, 0.0, 0.0, 0.0, 0.0, 0.0, 0.0, 0.0, 0.0, 0.0, 0.0, 0.0, 0.0, 0.0, 0.0, 0.0, 0.0, 0.0, 0.0, 0.0, 0.0, 0.0, 0.0, 0.0, 0.0, 0.0, 0.0, 0.0, 0.0, 0.0, 0.0, 0.0, 0.0, 0.0, 0.0, 0.0, 0.0, 0.0, 0.0, 0.0, 0.0, 0.0, 0.0, 0.0, 0.0, 0.0, 0.0, 0.0, 0.0, 0.0, 0.0, 0.0, 0.0, 0.0, 0.0, 0.0, 0.0, 0.0, 0.0, 0.0, 0.0, 0.0, 0.0, 0.0, 0.0, 0.0, 0.0, 0.0, 0.0, 0.0, 0.0, 0.0, 0.0, 0.0, 0.0, 0.0, 0.0], "tonal.chords_histogram": [15.867158889770508, 1.107011079788208, 4.428044319152832, 15.867158889770508, 0.553505539894104, 0.0, 0.0, 2.214022159576416, 0.0, 0.0, 0.0, 1.107011079788208, 0.0, 0.0, 0.0, 0.0, 8.856088638305664, 0.0, 3.8745386600494385, 0.0, 0.0, 0.7380073666572571, 5.350553512573242, 40.03689956665039], "tonal.thpcp": [1.0, 0.9716194868087769, 0.3236607611179352, 0.3184773027896881, 0.351828932762146, 0.261385440826416, 0.39103227853775024, 0.41039517521858215, 0.25834953784942627, 0.3209715485572815, 0.36842653155326843, 0.38959383964538574, 0.8245896100997925, 0.7972812056541443, 0.29383671283721924, 0.18073400855064392, 0.1816190928220749, 0.23452866077423096, 0.4999895393848419, 0.5338603854179382, 0.3269088864326477, 0.6343085169792175, 0.7279996871948242, 0.3160788118839264, 0.17523790895938873, 0.16444602608680725, 0.1604500263929367, 0.47501662373542786, 0.6402670741081238, 0.4278445541858673, 0.327924519777298, 0.26455196738243103, 0.23333977162837982, 0.5474029183387756, 0.6542996168136597, 0.4912644922733307], "lowlevel.gfcc.cov": [[9325.2294921875, -2915.90185546875, 862.5330810546875, -577.18896484375, -1279.078125, -182.66064453125, -558.6556396484375, 842.2611083984375, 80.12779235839844, 776.6847534179688, -37.541954040527344, 391.42572021484375, -200.63075256347656], [-2915.90185546875, 5108.49755859375, -793.9119262695312, 351.0223083496094, 1020.3898315429688, -385.7924499511719, 1136.3607177734375, -671.6158447265625, 914.1534423828125, -458.2841491699219, 358.935546875, -233.52284240722656, 401.9447937011719], [862.5330810546875, -793.9119262695312, 2345.798095703125, 708.29052734375, 649.4378662109375, 716.9884033203125, -96.45321655273438, 384.0799560546875, -142.80551147460938, 402.8451232910156, 48.09413528442383, 218.75563049316406, -63.71535873413086], [-577.18896484375, 351.0223083496094, 708.29052734375, 1175.716064453125, 777.3919067382812, 293.26263427734375, -22.509687423706055, 79.5101547241211, 154.48001098632812, 110.62507629394531, 145.96954345703125, -70.43522644042969, 90.241455078125], [-1279.078125, 1020.3898315429688, 649.4378662109375, 777.3919067382812, 1357.4862060546875, 512.0376586914062, 246.17298889160156, -28.327274322509766, 138.5795135498047, 56.842472076416016, 72.17848205566406, -52.99922561645508, 113.84014892578125], [-182.66064453125, -385.7924499511719, 716.9884033203125, 293.26263427734375, 512.0376586914062, 681.8265991210938, 96.36038208007812, 154.80555725097656, -102.88607788085938, 136.4568328857422, 6.579561710357666, 52.63300323486328, 0.901601254940033], [-558.6556396484375, 1136.3607177734375, -96.45321655273438, -22.509687423706055, 246.17298889160156, 96.36038208007812, 867.4655151367188, 21.003175735473633, 268.4424133300781, -93.53775787353516, 155.61866760253906, 14.3234224319458, 126.62448120117188], [842.2611083984375, -671.6158447265625, 384.0799560546875, 79.5101547241211, -28.327274322509766, 154.80555725097656, 21.003175735473633, 413.0409851074219, 2.208001136779785, 191.6100616455078, 30.4029541015625, 72.36476135253906, -16.92205810546875], [80.12779235839844, 914.1534423828125, -142.80551147460938, 154.48001098632812, 138.5795135498047, -102.88607788085938, 268.4424133300781, 2.208001136779785, 534.1700439453125, 63.807861328125, 129.47750854492188, -42.94379425048828, 115.67291259765625], [776.6847534179688, -458.2841491699219, 402.8451232910156, 110.62507629394531, 56.842472076416016, 136.4568328857422, -93.53775787353516, 191.6100616455078, 63.807861328125, 323.05218505859375, 39.22037124633789, 47.34642028808594, -10.30580997467041], [-37.541954040527344, 358.935546875, 48.09413528442383, 145.96954345703125, 72.17848205566406, 6.579561710357666, 155.61866760253906, 30.4029541015625, 129.47750854492188, 39.22037124633789, 191.12353515625, 29.484066009521484, 40.11140823364258], [391.42572021484375, -233.52284240722656, 218.75563049316406, -70.43522644042969, -52.99922561645508, 52.63300323486328, 14.3234224319458, 72.36476135253906, -42.94379425048828, 47.34642028808594, 29.484066009521484, 153.45867919921875, -2.847325086593628], [-200.63075256347656, 401.9447937011719, -63.71535873413086, 90.241455078125, 113.84014892578125, 0.901601254940033, 126.62448120117188, -16.92205810546875, 115.67291259765625, -10.30580997467041, 40.11140823364258, -2.847325086593628, 168.53781127929688]], "lowlevel.gfcc.icov": [[0.00019834627164527774, 4.705111132352613e-05, -4.699756755144335e-05, 4.005479786428623e-05, 0.00011357393668731675, 0.00010243858559988439, 3.117455344181508e-05, -0.00016249201144091785, -0.00018232902220916003, -0.00025861969334073365, 9.177343599731103e-05, -0.00025905753136612475, 5.0795777497114614e-05], [4.705111132352613e-05, 0.001049341051839292, -0.0002522711001802236, 0.0004184433782938868, -0.0008467839797958732, 0.0008426250424236059, -0.0005765579990111291, 0.000989251770079136, -0.000938485492952168, 0.0007760718581266701, -0.001104240771383047, 0.0007314643589779735, -0.0006992860580794513], [-4.699756755144335e-05, -0.0002522711001802236, 0.0011311940615996718, -0.0006967007066123188, 9.139577741734684e-05, -0.0007008046959526837, 4.395092764752917e-05, -0.00032990812906064093, 0.0004272079677321017, -0.0008538278634659946, 0.000693039910402149, -0.001510351081378758, 0.000686373736243695], [4.005479786428623e-05, 0.0004184433782938868, -0.0006967007066123188, 0.0024151126854121685, -0.001294675632379949, 0.00044146549771539867, 0.0006208448321558535, -0.00016034985310398042, -0.0006749967578798532, 0.0009407352772541344, -0.0022832192480564117, 0.00199598609469831, -0.001019284944050014], [0.00011357393668731675, -0.0008467839797958732, 9.139577741734684e-05, -0.001294675632379949, 0.0026538397651165724, -0.0016564466059207916, 4.4923697714693844e-05, -0.00019819149747490883, 0.00041751618846319616, -0.0009546988294459879, 0.0015694040339440107, -0.0006131287082098424, 0.000316310120979324], [0.00010243858559988439, 0.0008426250424236059, -0.0007008046959526837, 0.00044146549771539867, -0.0016564466059207916, 0.003881606040522456, -0.0009827447356656194, 0.00020595843670889735, 0.00020510138710960746, -0.00015069474466145039, -0.0005360995419323444, 0.0005105711752548814, -0.0005455863429233432], [3.117455344181508e-05, -0.0005765579990111291, 4.395092764752917e-05, 0.0006208448321558535, 4.4923697714693844e-05, -0.0009827447356656194, 0.002577444538474083, -0.0012721637031063437, -0.0004920759820379317, 0.0009994335705414414, -0.0010304651223123074, -0.00027730586589314044, -0.00035354774445295334], [-0.00016249201144091785, 0.000989251770079136, -0.00032990812906064093, -0.00016034985310398042, -0.00019819149747490883, 0.00020595843670889735, -0.0012721637031063437, 0.005176878999918699, -0.0005875471979379654, -0.0010649502510204911, -0.0007109369616955519, 0.0001469372509745881, -0.0004733972600661218], [-0.00018232902220916003, -0.000938485492952168, 0.0004272079677321017, -0.0006749967578798532, 0.00041751618846319616, 0.00020510138710960746, -0.0004920759820379317, -0.0005875471979379654, 0.004407805856317282, -0.002090266440063715, -3.4194734325865284e-05, 0.0003894267720170319, -0.0005666558281518519], [-0.00025861969334073365, 0.0007760718581266701, -0.0008538278634659946, 0.0009407352772541344, -0.0009546988294459879, -0.00015069474466145039, 0.0009994335705414414, -0.0010649502510204911, -0.002090266440063715, 0.007209370378404856, -0.00239456701092422, 0.0012576888548210263, -0.0007307513733394444], [9.177343599731103e-05, -0.001104240771383047, 0.000693039910402149, -0.0022832192480564117, 0.0015694040339440107, -0.0005360995419323444, -0.0010304651223123074, -0.0007109369616955519, -3.4194734325865284e-05, -0.00239456701092422, 0.010134330950677395, -0.0039873323403298855, 0.0012706371489912271], [-0.00025905753136612475, 0.0007314643589779735, -0.001510351081378758, 0.00199598609469831, -0.0006131287082098424, 0.0005105711752548814, -0.00027730586589314044, 0.0001469372509745881, 0.0003894267720170319, 0.0012576888548210263, -0.0039873323403298855, 0.01137707382440567, -0.002107247244566679], [5.0795777497114614e-05, -0.0006992860580794513, 0.000686373736243695, -0.001019284944050014, 0.000316310120979324, -0.0005455863429233432, -0.00035354774445295334, -0.0004733972600661218, -0.0005666558281518519, -0.0007307513733394444, 0.0012706371489912271, -0.002107247244566679, 0.008480403572320938]], "lowlevel.mfcc.cov": [[8066.92333984375, -1943.7781982421875, 290.9048767089844, -431.04638671875, -862.73486328125, -891.7557373046875, -747.0409545898438, -254.03639221191406, -40.9171028137207, 102.99115753173828, 156.88363647460938, 438.86181640625, 96.82588195800781], [-1943.7781982421875, 3800.097412109375, -705.6692504882812, 601.745361328125, -240.6337127685547, 573.105712890625, -18.95273208618164, 322.2142639160156, 369.6872253417969, -109.39389038085938, 318.0779724121094, 33.47038269042969, 53.145503997802734], [290.9048767089844, -705.6692504882812, 1527.3643798828125, 197.17172241210938, 588.563232421875, 193.75733947753906, 295.4155578613281, 66.35608673095703, -28.300182342529297, 181.54527282714844, 2.571392297744751, 112.65919494628906, 148.42196655273438], [-431.04638671875, 601.745361328125, 197.17172241210938, 970.2575073242188, 466.95928955078125, 295.7188720703125, 95.56967163085938, 92.78034973144531, 143.97775268554688, 145.89544677734375, 155.46029663085938, 93.3780517578125, 97.6836929321289], [-862.73486328125, -240.6337127685547, 588.563232421875, 466.95928955078125, 1452.657958984375, 517.787841796875, 367.45538330078125, -37.148983001708984, 47.453636169433594, 266.73577880859375, -35.454891204833984, -80.13008880615234, 39.26406478881836], [-891.7557373046875, 573.105712890625, 193.75733947753906, 295.7188720703125, 517.787841796875, 642.1288452148438, 313.7579650878906, 146.5679931640625, 150.67323303222656, 154.58811950683594, 94.27672576904297, -24.59147071838379, 54.25910186767578], [-747.0409545898438, -18.95273208618164, 295.4155578613281, 95.56967163085938, 367.45538330078125, 313.7579650878906, 665.1509399414062, 208.20582580566406, 70.22514343261719, 134.34429931640625, -14.205747604370117, -55.948246002197266, 76.467529296875], [-254.03639221191406, 322.2142639160156, 66.35608673095703, 92.78034973144531, -37.148983001708984, 146.5679931640625, 208.20582580566406, 335.7171936035156, 100.23974609375, 72.63191986083984, 76.41740417480469, 7.704943656921387, 67.41595458984375], [-40.9171028137207, 369.6872253417969, -28.300182342529297, 143.97775268554688, 47.453636169433594, 150.67323303222656, 70.22514343261719, 100.23974609375, 286.8795166015625, 127.23954772949219, 95.55879974365234, 25.225284576416016, 35.824432373046875], [102.99115753173828, -109.39389038085938, 181.54527282714844, 145.89544677734375, 266.73577880859375, 154.58811950683594, 134.34429931640625, 72.63191986083984, 127.23954772949219, 295.94268798828125, 112.77920532226562, 52.089054107666016, 33.685482025146484], [156.88363647460938, 318.0779724121094, 2.571392297744751, 155.46029663085938, -35.454891204833984, 94.27672576904297, -14.205747604370117, 76.41740417480469, 95.55879974365234, 112.77920532226562, 238.43467712402344, 131.9524688720703, 50.479679107666016], [438.86181640625, 33.47038269042969, 112.65919494628906, 93.3780517578125, -80.13008880615234, -24.59147071838379, -55.948246002197266, 7.704943656921387, 25.225284576416016, 52.089054107666016, 131.9524688720703, 215.8979949951172, 66.04573822021484], [96.82588195800781, 53.145503997802734, 148.42196655273438, 97.6836929321289, 39.26406478881836, 54.25910186767578, 76.467529296875, 67.41595458984375, 35.824432373046875, 33.685482025146484, 50.479679107666016, 66.04573822021484, 141.9265594482422]], "lowlevel.mfcc.icov": [[0.00020249007502570748, 9.976836736313999e-05, -3.2625754101900384e-05, 2.8493126592366025e-05, 6.941590982023627e-05, 0.00011133396765217185, 0.00017530527838971466, 1.5535688362433575e-05, -0.00013543141540139914, -9.493623656453565e-05, -6.238448986550793e-05, -0.0002180839510401711, -0.00014420143270399421], [9.976836736313999e-05, 0.0006001696456223726, 0.00017155936802737415, -0.00022846076171845198, 0.00014983033179305494, -0.00048081978457048535, 0.00021056632976979017, -0.0002525965974200517, -0.0004882229259237647, 0.0006961151375435293, -0.0005468264571391046, 6.2006874941289425e-06, -1.6444311768282205e-05], [-3.2625754101900384e-05, 0.00017155936802737415, 0.001053218962624669, -4.223443102091551e-05, -0.0003142354544252157, -0.00017619960999581963, -0.00014572913642041385, -0.0002471426851116121, 0.0002190818777307868, -9.342490375274792e-05, 0.0003771963238250464, -0.000706471735611558, -0.0006026569753885269], [2.8493126592366025e-05, -0.00022846076171845198, -4.223443102091551e-05, 0.0016659615794196725, -0.0006336554070003331, 7.740454748272896e-05, 0.00021369325986597687, -0.00017306288646068424, -0.0002215769054600969, -3.0423958378378302e-05, -0.00039257158641703427, -0.0004572496691253036, -0.000508011959027499], [6.941590982023627e-05, 0.00014983033179305494, -0.0003142354544252157, -0.0006336554070003331, 0.0017983339494094253, -0.0010923967929556966, -0.00018925477343145758, 0.0009403849835507572, 0.00035159161780029535, -0.0011524629080668092, 0.0006471109809353948, 0.0006028964417055249, -8.925992005970329e-05], [0.00011133396765217185, -0.00048081978457048535, -0.00017619960999581963, 7.740454748272896e-05, -0.0010923967929556966, 0.003873165464028716, -0.0008440861711278558, -0.00027702792431227863, -0.0005738330655731261, -0.00014974491205066442, -0.0011236685095354915, 0.0005308663821779191, -2.4059549105004407e-05], [0.00017530527838971466, 0.00021056632976979017, -0.00014572913642041385, 0.00021369325986597687, -0.00018925477343145758, -0.0008440861711278558, 0.0029633077792823315, -0.001449994626455009, -6.585763458133442e-06, -0.0006021945737302303, 0.0007901996723376215, 0.00020383433729875833, -0.0009572114795446396], [1.5535688362433575e-05, -0.0002525965974200517, -0.0002471426851116121, -0.00017306288646068424, 0.0009403849835507572, -0.00027702792431227863, -0.001449994626455009, 0.0051682512275874615, -0.0003872041415888816, -0.0007120570517145097, -0.0009165254305116832, 0.0011456297943368554, -0.0013068089028820395], [-0.00013543141540139914, -0.0004882229259237647, 0.0002190818777307868, -0.0002215769054600969, 0.00035159161780029535, -0.0005738330655731261, -6.585763458133442e-06, -0.0003872041415888816, 0.005777217913419008, -0.002600092673674226, 3.692358222906478e-05, 0.0005192787502892315, -0.0005877274088561535], [-9.493623656453565e-05, 0.0006961151375435293, -9.342490375274792e-05, -3.0423958378378302e-05, -0.0011524629080668092, -0.00014974491205066442, -0.0006021945737302303, -0.0007120570517145097, -0.002600092673674226, 0.007654954679310322, -0.00347642763517797, -0.0001914493623189628, 0.0011265138164162636], [-6.238448986550793e-05, -0.0005468264571391046, 0.0003771963238250464, -0.00039257158641703427, 0.0006471109809353948, -0.0011236685095354915, 0.0007901996723376215, -0.0009165254305116832, 3.692358222906478e-05, -0.00347642763517797, 0.010546432808041573, -0.005009547341614962, -0.0002208792429883033], [-0.0002180839510401711, 6.2006874941289425e-06, -0.000706471735611558, -0.0004572496691253036, 0.0006028964417055249, 0.0005308663821779191, 0.00020383433729875833, 0.0011456297943368554, 0.0005192787502892315, -0.0001914493623189628, -0.005009547341614962, 0.009807358495891094, -0.002691506175324321], [-0.00014420143270399421, -1.6444311768282205e-05, -0.0006026569753885269, -0.000508011959027499, -8.925992005970329e-05, -2.4059549105004407e-05, -0.0009572114795446396, -0.0013068089028820395, -0.0005877274088561535, 0.0011265138164162636, -0.0002208792429883033, -0.002691506175324321, 0.010512719862163067]], "metadata.audio_properties.analysis.downmix": "mix", "metadata.audio_properties.codec": "mp3", "metadata.audio_properties.md5_encoded": "3508a7ea6dc58b850c95f1206af860de", "metadata.tags.file_name": "1182273423968305172.mp3", "metadata.version.essentia": "2.1-beta6-dev", "metadata.version.essentia_git_sha": "v2.1_beta5-1110-g77a6a954", "metadata.version.extractor": "music 2.0", "tonal.chords_key": "F", "tonal.chords_scale": "major", "tonal.key_edma.key": "F", "tonal.key_edma.scale": "major", "tonal.key_krumhansl.key": "F", "tonal.key_krumhansl.scale": "major", "tonal.key_temperley.key": "A", "tonal.key_temperley.scale": "minor", "metadata.tags.encoding": ["Lavf58.45.100"]}, "essentia_models": [{"mode