{"song_id": "1182277162921889892", "download": "https://cdn.discordapp.com/attachments/1135903449314238464/1182277162921889892/chirp.mp4?ex=65841c69&amp", "lyrics": "[verse]\n\u0423\u0441\u043c\u0435\u0445\u043d\u0443\u043b\u0441\u044f \u043f\u0440\u043e \u0441\u0435\u0431\u044f \u043d\u0430\u0451\u043c\u043d\u0438\u043a - \u043f\u043b\u0451\u0432\u043e\u0435 \u0434\u0435\u043b\u043e.\n\u041a \u0441\u043a\u043b\u0435\u043f\u0443 \u043f\u043e\u0434\u043e\u0448\u0451\u043b \u043a\u043e\u0433\u0434\u0430 \u0443\u0436\u0435 \u0441\u0442\u0435\u043c\u043d\u0435\u043b\u043e.\n\u041c\u0435\u0436 \u0433\u0440\u043e\u0431\u043e\u0432 \u0443\u0431\u0438\u0442\u044b\u043c \u0434\u0440\u0443\u0433 \u0442\u043e\u0440\u0433\u043e\u0432\u0446\u0430 \u043b\u0435\u0436\u0430\u043b,\n\u0410 \u043d\u0430\u0434 \u043d\u0438\u043c \u0441 \u0443\u0445\u043c\u044b\u043b\u043a\u043e\u0439 \u043c\u0440\u0430\u0447\u043d\u044b\u0439 \u043f\u0440\u0438\u0437\u0440\u0430\u043a \u0441\u0442\u043e\u044f\u043b.\n\n[chorus]\n\u0422\u0430\u043c, \u0437\u0430 \u0440\u0435\u043a\u043e\u0439, \u0441\u0442\u0430\u0440\u044b\u0439 \u0441\u043a\u043b\u0435\u043f.\n\u0411\u044b\u043b \u043e\u043d \u0437\u0430\u0431\u0440\u043e\u0448\u0435\u043d \u0441\u043e\u0442\u043d\u044e \u043b\u0435\u0442.\n\u041e\u0442\u044b\u0449\u0438 \u043f\u0440\u0438\u044f\u0442\u0435\u043b\u044f \u043c\u043e\u0435\u0433\u043e,\n\u042f \u043d\u0435 \u043f\u043e\u0441\u043a\u0443\u043f\u043b\u044e\u0441\u044c \u0437\u0430 \u043d\u0435\u0433\u043e!", "style": ["violin rock"], "essentia_features": {"lowlevel.average_loudness": 0.9754390716552734, "lowlevel.barkbands_crest.mean": 11.352088928222656, "lowlevel.barkbands_crest.stdev": 4.563648700714111, "lowlevel.barkbands_flatness_db.mean": 0.13491086661815643, "lowlevel.barkbands_flatness_db.stdev": 0.04536837339401245, "lowlevel.barkbands_kurtosis.mean": 4.428226947784424, "lowlevel.barkbands_kurtosis.stdev": 8.198936462402344, "lowlevel.barkbands_skewness.mean": 1.7269169092178345, "lowlevel.barkbands_skewness.stdev": 1.4362244606018066, "lowlevel.barkbands_spread.mean": 30.604875564575195, "lowlevel.barkbands_spread.stdev": 20.509828567504883, "lowlevel.dissonance.mean": 0.47267988324165344, "lowlevel.dissonance.stdev": 0.021561045199632645, "lowlevel.dynamic_complexity": 2.4357388019561768, "lowlevel.erbbands_crest.mean": 8.753527641296387, "lowlevel.erbbands_crest.stdev": 3.985102415084839, "lowlevel.erbbands_flatness_db.mean": 0.14775815606117249, "lowlevel.erbbands_flatness_db.stdev": 0.047839321196079254, "lowlevel.erbbands_kurtosis.mean": 0.04470334202051163, "lowlevel.erbbands_kurtosis.stdev": 2.3860514163970947, "lowlevel.erbbands_skewness.mean": -0.19015908241271973, "lowlevel.erbbands_skewness.stdev": 0.9853558540344238, "lowlevel.erbbands_spread.mean": 56.36101531982422, "lowlevel.erbbands_spread.stdev": 24.728824615478516, "lowlevel.hfc.mean": 24.362804412841797, "lowlevel.hfc.stdev": 23.7462215423584, "lowlevel.loudness_ebu128.integrated": -13.517539978027344, "lowlevel.loudness_ebu128.loudness_range": 1.611750602722168, "lowlevel.loudness_ebu128.momentary.mean": -13.756657600402832, "lowlevel.loudness_ebu128.momentary.stdev": 1.5466156005859375, "lowlevel.loudness_ebu128.short_term.mean": -13.604040145874023, "lowlevel.loudness_ebu128.short_term.stdev": 0.5544607639312744, "lowlevel.melbands_crest.mean": 16.810148239135742, "lowlevel.melbands_crest.stdev": 5.593886852264404, "lowlevel.melbands_flatness_db.mean": 0.1970401108264923, "lowlevel.melbands_flatness_db.stdev": 0.05825957655906677, "lowlevel.melbands_kurtosis.mean": 22.883506774902344, "lowlevel.melbands_kurtosis.stdev": 30.66854476928711, "lowlevel.melbands_skewness.mean": 3.694880485534668, "lowlevel.melbands_skewness.stdev": 2.329151153564453, "lowlevel.melbands_spread.mean": 30.960975646972656, "lowlevel.melbands_spread.stdev": 34.73421859741211, "lowlevel.pitch_salience.mean": 0.5492566227912903, "lowlevel.pitch_salience.stdev": 0.11298482120037079, "lowlevel.silence_rate_20dB.mean": 1.0, "lowlevel.silence_rate_20dB.stdev": 0.0, "lowlevel.silence_rate_30dB.mean": 1.0, "lowlevel.silence_rate_30dB.stdev": 0.0, "lowlevel.silence_rate_60dB.mean": 0.010704727843403816, "lowlevel.silence_rate_60dB.stdev": 0.10290838778018951, "lowlevel.spectral_centroid.mean": 1629.085693359375, "lowlevel.spectral_centroid.stdev": 781.427490234375, "lowlevel.spectral_complexity.mean": 15.093666076660156, "lowlevel.spectral_complexity.stdev": 8.250815391540527, "lowlevel.spectral_decrease.mean": -5.545750081381584e-09, "lowlevel.spectral_decrease.stdev": 4.998233382735862e-09, "lowlevel.spectral_energy.mean": 0.023140717297792435, "lowlevel.spectral_energy.stdev": 0.019572678953409195, "lowlevel.spectral_energyband_high.mean": 0.0015633419388905168, "lowlevel.spectral_energyband_high.stdev": 0.0028723792638629675, "lowlevel.spectral_energyband_low.mean": 0.005739300511777401, "lowlevel.spectral_energyband_low.stdev": 0.01270925160497427, "lowlevel.spectral_energyband_middle_high.mean": 0.003721780376508832, "lowlevel.spectral_energyband_middle_high.stdev": 0.0044556171633303165, "lowlevel.spectral_energyband_middle_low.mean": 0.013441624119877815, "lowlevel.spectral_energyband_middle_low.stdev": 0.01433559786528349, "lowlevel.spectral_entropy.mean": 7.702269554138184, "lowlevel.spectral_entropy.stdev": 0.4331762492656708, "lowlevel.spectral_flux.mean": 0.09355103224515915, "lowlevel.spectral_flux.stdev": 0.058105818927288055, "lowlevel.spectral_kurtosis.mean": 3.606463670730591, "lowlevel.spectral_kurtosis.stdev": 2.502598762512207, "lowlevel.spectral_rms.mean": 0.004419144243001938, "lowlevel.spectral_rms.stdev": 0.0017456967616453767, "lowlevel.spectral_rolloff.mean": 2146.924072265625, "lowlevel.spectral_rolloff.stdev": 2350.531494140625, "lowlevel.spectral_skewness.mean": 1.262335181236267, "lowlevel.spectral_skewness.stdev": 0.4456131160259247, "lowlevel.spectral_spread.mean": 5211703.5, "lowlevel.spectral_spread.stdev": 1875878.75, "lowlevel.spectral_strongpeak.mean": 0.861594557762146, "lowlevel.spectral_strongpeak.stdev": 0.8822629451751709, "lowlevel.zerocrossingrate.mean": 0.0852440595626831, "lowlevel.zerocrossingrate.stdev": 0.057223331183195114, "metadata.audio_properties.analysis.equal_loudness": 0.0, "metadata.audio_properties.analysis.length": 26.005329132080078, "metadata.audio_properties.analysis.sample_rate": 44100.0, "metadata.audio_properties.analysis.start_time": 0.0, "metadata.audio_properties.bit_rate": 123023.0, "metadata.audio_properties.length": 26.005332946777344, "metadata.audio_properties.lossless": 0.0, "metadata.audio_properties.number_channels": 1.0, "metadata.audio_properties.replay_gain": -13.965072631835938, "metadata.audio_properties.sample_rate": 48000.0, "rhythm.beats_count": 47.0, "rhythm.beats_loudness.mean": 0.03480277583003044, "rhythm.beats_loudness.stdev": 0.012864630669355392, "rhythm.bpm": 109.65779876708984, "rhythm.bpm_histogram_first_peak_bpm": 108.0, "rhythm.bpm_histogram_first_peak_weight": 0.6428571343421936, "rhythm.bpm_histogram_second_peak_bpm": 115.0, "rhythm.bpm_histogram_second_peak_spread": 0.0, "rhythm.bpm_histogram_second_peak_weight": 0.08695652335882187, "rhythm.danceability": 1.512737512588501, "rhythm.onset_rate": 4.727503776550293, "tonal.chords_changes_rate": 0.08021390438079834, "tonal.chords_number_rate": 0.02139037474989891, "tonal.chords_strength.mean": 0.4811176061630249, "tonal.chords_strength.stdev": 0.09037896990776062, "tonal.hpcp_crest.mean": 13.388792991638184, "tonal.hpcp_crest.stdev": 6.697131633758545, "tonal.hpcp_entropy.mean": 2.101618766784668, "tonal.hpcp_entropy.stdev": 0.8015480041503906, "tonal.key_edma.strength": 0.6057055592536926, "tonal.key_krumhansl.strength": 0.614776611328125, "tonal.key_temperley.strength": 0.6201179623603821, "tonal.tuning_diatonic_strength": 0.3843023180961609, "tonal.tuning_equal_tempered_deviation": 0.2215774953365326, "tonal.tuning_frequency": 434.193115234375, "tonal.tuning_nontempered_energy_ratio": 0.9450839161872864, "lowlevel.barkbands.mean": [0.0002045633882516995, 0.0022157898638397455, 0.002071978058665991, 0.0029700989834964275, 0.0050367508083581924, 0.0011741138296201825, 0.0020131077617406845, 0.001242278260178864, 0.0008604172617197037, 0.0004158539231866598, 0.0002875649952329695, 0.0004141895333305001, 0.00026242315652780235, 0.00015421169518958777, 0.00021826318698003888, 0.00031853836844675243, 0.000671091431286186, 0.0003911498060915619, 0.0005369017017073929, 0.00022674394131172448, 0.00018113914120476693, 0.00024365597346331924, 0.00038082522223703563, 0.00033613439882174134, 0.0002053029602393508, 0.00010246892634313554, 5.163721652934328e-06], "lowlevel.barkbands.stdev": [0.0005242168554104865, 0.006941021420061588, 0.005564821884036064, 0.002932888688519597, 0.011601137928664684, 0.0032757350709289312, 0.005265870131552219, 0.0035548557061702013, 0.002122032456099987, 0.0015243478119373322, 0.0011668667430058122, 0.0013227697927504778, 0.0008539647096768022, 0.00042118175770156085, 0.0006706281565129757, 0.0006484201876446605, 0.0011063984129577875, 0.0006372675998136401, 0.0007073633605614305, 0.00022411307145375758, 0.0003156762395519763, 0.0005210255039855838, 0.0009763932903297246, 0.0009588662069290876, 0.0004281934816390276, 0.0001536482450319454, 1.388462715112837e-05], "lowlevel.erbbands.mean": [0.06639210134744644, 0.5003733038902283, 2.152651786804199, 6.4539794921875, 15.093549728393555, 17.320842742919922, 9.31578254699707, 10.017464637756348, 21.171337127685547, 37.014034271240234, 23.008148193359375, 20.517236709594727, 14.976827621459961, 12.241562843322754, 12.386537551879883, 16.826480865478516, 12.897135734558105, 8.3537015914917, 10.574908256530762, 11.179594039916992, 24.590885162353516, 37.01241683959961, 21.037662506103516, 31.48919677734375, 18.826322555541992, 10.90634536743164, 7.9479780197143555, 7.455221652984619, 8.674132347106934, 9.466785430908203, 10.96619701385498, 8.233896255493164, 4.87619161605835, 2.5745444297790527, 1.3057000637054443, 0.5734459161758423, 0.1618259847164154, 0.024434130638837814, 0.0006434524548240006, 5.057942325947806e-05], "lowlevel.erbbands.stdev": [0.24577414989471436, 1.5038669109344482, 5.411238193511963, 8.252655982971191, 25.090999603271484, 44.7872314453125, 23.334270477294922, 29.39122772216797, 57.94097137451172, 98.50994110107422, 62.00225830078125, 50.71528625488281, 42.306331634521484, 48.41865921020508, 41.193267822265625, 52.446693420410156, 39.56163787841797, 22.295177459716797, 29.664461135864258, 31.218549728393555, 43.00093460083008, 59.44351577758789, 36.194095611572266, 40.56749725341797, 24.22469139099121, 10.552203178405762, 10.962624549865723, 15.465963363647461, 19.04819107055664, 21.07154655456543, 29.113872528076172, 24.088016510009766, 13.662221908569336, 6.0301194190979, 2.4721839427948, 0.914821982383728, 0.25100985169410706, 0.04689975082874298, 0.0013068835251033306, 4.709828499471769e-05], "lowlevel.gfcc.mean": [-1.1278196573257446, 61.527320861816406, -103.01191711425781, 46.924583435058594, -57.797149658203125, -0.89321368932724, -46.366641998291016, 16.27518081665039, -38.62901306152344, -7.912692070007324, -27.977624893188477, -2.5548007488250732, -20.910030364990234], "lowlevel.melbands.mean": [0.0005958429537713528, 0.0009848190238699317, 0.0013761570444330573, 0.0012718160869553685, 0.00038351508555933833, 0.00022873279522173107, 0.00035250847577117383, 0.00038782862247899175, 0.00017236749408766627, 0.0001253864320460707, 7.278419798240066e-05, 4.954069299856201e-05, 3.9348356949631125e-05, 4.3776606617029756e-05, 4.000181070296094e-05, 2.3648479327675886e-05, 1.4114319128566422e-05, 1.6482472346979193e-05, 1.6073543520178646e-05, 1.4657387509942055e-05, 3.294256021035835e-05, 4.2186737118754536e-05, 2.4002887585083954e-05, 1.7101299818023108e-05, 2.7301701265969314e-05, 1.73330645338865e-05, 8.988281479105353e-06, 6.702251084789168e-06, 5.0769072004186455e-06, 4.290855031285901e-06, 4.424146482051583e-06, 5.115856311022071e-06, 4.460183390619932e-06, 5.733897523896303e-06, 6.495828529295977e-06, 5.75158901483519e-06, 4.815133706870256e-06, 3.717293793670251e-06, 2.4114406187436543e-06, 2.080559170281049e-06], "lowlevel.melbands.stdev": [0.0020113796927034855, 0.002442482626065612, 0.0014130600029602647, 0.0030048151966184378, 0.0008420934900641441, 0.0006617845501750708, 0.0009232313605025411, 0.0009966378565877676, 0.00045881280675530434, 0.000331308227032423, 0.00021992127585690469, 0.00020491331815719604, 0.000142133460030891, 0.00015476075350306928, 0.000129013424157165, 7.749428186798468e-05, 3.9587102946825325e-05, 4.869412805419415e-05, 5.120242349221371e-05, 3.57429998985026e-05, 5.9885998780373484e-05, 7.095979526638985e-05, 4.9238165956921875e-05, 2.4978404326247983e-05, 3.645351898740046e-05, 2.684177343326155e-05, 1.0022489732364193e-05, 6.808875696151517e-06, 6.5602489485172555e-06, 7.665445991733577e-06, 1.0105835826834664e-05, 1.2210969543957617e-05, 9.459236025577411e-06, 1.3792214303975925e-05, 1.741302912705578e-05, 1.660728048591409e-05, 1.4724907487106975e-05, 1.092851653083926e-05, 6.171710992930457e-06, 4.7280518629122525e-06], "lowlevel.melbands128.mean": [0.0001443202781956643, 0.0005418418440967798, 0.0007158348453231156, 0.0008314134320244193, 0.0010295617394149303, 0.0010092611191794276, 0.001218689838424325, 0.0015878550475463271, 0.0014436353230848908, 0.001617698697373271, 0.0008964385488070548, 0.0004242805589456111, 0.0002928934118244797, 0.00024431804195046425, 0.00020405283430591226, 0.0002272433484904468, 0.00027920102002099156, 0.00035570780164562166, 0.0004655182419810444, 0.00046993762953206897, 0.0003307160222902894, 0.0002108323824359104, 0.00014553758956026286, 0.00013870692055206746, 0.00013864511856809258, 0.00012707825226243585, 7.824585190974176e-05, 7.064015517244115e-05, 6.42854138277471e-05, 4.869398253504187e-05, 4.705793617176823e-05, 4.479058407014236e-05, 3.371605635038577e-05, 4.15881622757297e-05, 3.9951377402758226e-05, 4.549203367787413e-05, 4.717947740573436e-05, 4.7357738367281854e-05, 2.9028273274889216e-05, 2.6262840037816204e-05, 2.3988139219000004e-05, 1.777856050466653e-05, 1.2471694390114862e-05, 1.2865823009633459e-05, 1.5117666407604702e-05, 1.754950608301442e-05, 1.7681812096270733e-05, 1.6323727322742343e-05, 1.654375228099525e-05, 1.2302339200687129e-05, 1.2203292499179952e-05, 1.8568556697573513e-05, 2.8140324502601288e-05, 3.8033696910133585e-05, 4.671091664931737e-05, 4.698982593254186e-05, 3.489006849122234e-05, 2.8021508114761673e-05, 2.0736577425850555e-05, 1.407738818670623e-05, 1.4110025404079352e-05, 1.9072789655183442e-05, 3.200186984031461e-05, 2.8226611902937293e-05, 2.3166376195149496e-05, 1.8842441932065412e-05, 1.3111141925037373e-05, 8.830052138364408e-06, 8.390376933675725e-06, 8.596578481956385e-06, 6.2923331825004425e-06, 6.243752068257891e-06, 5.752709512307774e-06, 4.6250033847172745e-06, 4.585826445691055e-06, 4.574485501507297e-06, 4.054117653140565e-06, 3.6755500332219526e-06, 4.367359906609636e-06, 5.124903509567957e-06, 5.858131316927029e-06, 4.8014176172728185e-06, 4.215887202008162e-06, 4.6182540245354176e-06, 4.290303877496626e-06, 4.991184141545091e-06, 6.351656793412985e-06, 7.113713309081504e-06, 6.22772586211795e-06, 6.441297955461778e-06, 6.13195561527391e-06, 5.671813596563879e-06, 4.916232228424633e-06, 5.139218956173863e-06, 4.39729001300293e-06, 4.15158820032957e-06, 3.6797646316699684e-06, 2.9624402486660983e-06, 2.279454292875016e-06, 2.1663859115506057e-06, 2.3541608697996708e-06, 1.9203166630177293e-06, 2.007325747399591e-06, 1.805429292289773e-06, 1.3362041499931365e-06, 1.198122845380567e-06, 1.3409936627795105e-06, 1.1085625146733946e-06, 9.562000968799111e-07, 9.281541224481771e-07, 7.175196969910758e-07, 5.216678005126596e-07, 4.831031219509896e-07, 4.304578453684371e-07, 3.4298926721021417e-07, 2.389634516930528e-07, 1.6061100893693947e-07, 5.6104436652049117e-08, 6.179902811709326e-09, 2.677002716722221e-11, 1.3308484522744912e-11, 5.891363785703874e-12, 3.548475966189124e-12, 3.440181950073451e-12, 3.229097328069641e-12, 2.934255486156112e-12, 2.774040762723584e-12, 2.7362955651311083e-12], "lowlevel.melbands128.stdev": [0.00047085777623578906, 0.002107488689944148, 0.0028042548801749945, 0.0024484542664140463, 0.0026544793508946896, 0.0027892673388123512, 0.0019104242091998458, 0.0015578513266518712, 0.0024733191821724176, 0.005051206797361374, 0.0024720996152609587, 0.0012348353629931808, 0.0009750950848683715, 0.0008484175777994096, 0.0007196353981271386, 0.0011109983315691352, 0.001080420333892107, 0.0012622518697753549, 0.001508700312115252, 0.0015990110114216805, 0.0011246763169765472, 0.0008853102917782962, 0.0005308183026500046, 0.0004371951799839735, 0.0004058011109009385, 0.0005257804878056049, 0.0002787882986012846, 0.000281336106127128, 0.0003771096235141158, 0.00025299316621385515, 0.00029766897205263376, 0.0002887151495087892, 0.00014619578723795712, 0.00019140697258990258, 0.00018634542357176542, 0.00024157282314263284, 0.00017547949391882867, 0.00020848105486948043, 0.00013652158668264747, 0.00011730513506336138, 0.00010972908057738096, 8.643540786579251e-05, 4.4261170842219144e-05, 4.261495632817969e-05, 5.8663717936724424e-05, 6.895078695379198e-05, 7.401622860925272e-05, 7.162735710153356e-05, 7.775516132824123e-05, 5.05894458910916e-05, 3.6001798434881493e-05, 5.96577265241649e-05, 6.504102202598006e-05, 8.361958316527307e-05, 0.00010167279106099159, 0.00010157357610296458, 7.679978443775326e-05, 7.088143320288509e-05, 6.314938218565658e-05, 3.244440449634567e-05, 2.4433693397440948e-05, 3.1580286304233596e-05, 5.203719047131017e-05, 4.4032454752596095e-05, 4.18308045482263e-05, 3.846515028271824e-05, 2.1633601136272773e-05, 1.2629225238924846e-05, 1.1261883628321812e-05, 9.930341548169963e-06, 7.540106707892846e-06, 7.63015850679949e-06, 7.3755513767537195e-06, 7.187348273873795e-06, 8.969983355200384e-06, 8.2108172136941e-06, 8.362394510186277e-06, 7.880540579208173e-06, 1.0710274182201829e-05, 1.4045260286366101e-05, 1.5732457541162148e-05, 1.2319806046434678e-05, 9.155663974524941e-06, 1.0732516784628388e-05, 9.78787193162134e-06, 1.2057252206432167e-05, 1.7554433725308627e-05, 2.0244400730007328e-05, 1.757126665324904e-05, 1.8745859051705338e-05, 1.80766437551938e-05, 1.862630233517848e-05, 1.5545128917437978e-05, 1.7850536096375436e-05, 1.388944929203717e-05, 1.2325365787546616e-05, 1.2006235920125619e-05, 8.279131179733668e-06, 6.055594440113055e-06, 5.813079951622058e-06, 5.958845122222556e-06, 4.505498054641066e-06, 4.347014510130975e-06, 4.214847649564035e-06, 2.701108996916446e-06, 2.3195791527541587e-06, 2.432045675959671e-06, 1.8745632814898272e-06, 1.624506126063352e-06, 1.6458628806503839e-06, 1.3709370705328183e-06, 8.67799485604337e-07, 8.411289513787779e-07, 8.59797239627369e-07, 7.025560648799001e-07, 5.398598545980349e-07, 4.1630917735346884e-07, 2.108605343664749e-07, 4.509387707685164e-08, 4.768851424863385e-10, 2.3553292649580726e-10, 6.183092232658893e-11, 1.129571609859159e-11, 1.075185513538246e-11, 8.425079210672148e-12, 5.3256995168060595e-12, 4.5188848322996744e-12, 4.4627123177432004e-12], "lowlevel.mfcc.mean": [-648.6058349609375, 93.37390899658203, 8.250015258789062, 43.10029983520508, 8.587869644165039, -9.358087539672852, 1.4192906618118286, 7.933868885040283, -3.1150829792022705, -5.698582172393799, -5.960815906524658, -4.4628496170043945, -4.407150745391846], "lowlevel.spectral_contrast_coeffs.mean": [-0.6306425333023071, -0.745750367641449, -0.7897312641143799, -0.8024993538856506, -0.7815612554550171, -0.7632565498352051], "lowlevel.spectral_contrast_coeffs.stdev": [0.07413924485445023, 0.0984373465180397, 0.06569555401802063, 0.05003586411476135, 0.05151766911149025, 0.04097741097211838], "lowlevel.spectral_contrast_valleys.mean": [-7.05180025100708, -7.1616291999816895, -7.750916481018066, -7.940487384796143, -7.170971393585205, -10.026472091674805], "lowlevel.spectral_contrast_valleys.stdev": [0.6502953171730042, 0.6852086186408997, 0.6256837844848633, 0.601956844329834, 0.462429404258728, 1.2281745672225952], "rhythm.beats_loudness_band_ratio.mean": [0.4695275127887726, 0.313053160905838, 0.11769013851881027, 0.03778177872300148, 0.0656670331954956, 0.09164145588874817], "rhythm.beats_loudness_band_ratio.stdev": [0.2750188708305359, 0.2732524573802948, 0.144890695810318, 0.06903483718633652, 0.08522393554449081, 0.05072912573814392], "tonal.hpcp.mean": [0.2226853370666504, 0.1876906007528305, 0.08468353003263474, 0.06751325726509094, 0.07047885656356812, 0.06431494653224945, 0.09021266549825668, 0.10154459625482559, 0.06558521836996078, 0.09295175969600677, 0.1114177405834198, 0.07570809125900269, 0.05531412363052368, 0.05159156024456024, 0.057348620146512985, 0.0874362513422966, 0.12199156731367111, 0.10293997079133987, 0.08174340426921844, 0.07846508920192719, 0.07669395953416824, 0.22848567366600037, 0.2732083797454834, 0.12864147126674652, 0.167850524187088, 0.18011708557605743, 0.07346583157777786, 0.04513242095708847, 0.050889115780591965, 0.06466124206781387, 0.17911317944526672, 0.21303313970565796, 0.11641668528318405, 0.07641500234603882, 0.0802532434463501, 0.13270951807498932], "tonal.hpcp.stdev": [0.3455432653427124, 0.32603025436401367, 0.194223091006279, 0.18917569518089294, 0.19785144925117493, 0.18123061954975128, 0.1876915544271469, 0.193223237991333, 0.1377863883972168, 0.20563560724258423, 0.23578840494155884, 0.18501709401607513, 0.15627095103263855, 0.13988445699214935, 0.14065201580524445, 0.16868817806243896, 0.235089510679245, 0.19230236113071442, 0.182256817817688, 0.18044711649417877, 0.1709406077861786, 0.30967047810554504, 0.36504143476486206, 0.193956658244133, 0.2976890504360199, 0.33542078733444214, 0.16877704858779907, 0.11933676153421402, 0.140498548746109, 0.14003980159759521, 0.2936924695968628, 0.33253219723701477, 0.2124941200017929, 0.18377582728862762, 0.18279948830604553, 0.25614336133003235], "rhythm.beats_position": [0.5340589284896851, 1.0681178569793701, 1.6137868165969849, 2.1594557762145996, 2.7167346477508545, 3.2740135192871094, 3.8196823596954346, 4.36535120010376, 4.899410247802734, 5.445079326629639, 5.990748405456543, 6.524806976318359, 7.082086086273193, 7.639364719390869, 8.173423767089844, 8.73070240020752, 9.287981986999512, 9.822040557861328, 10.367709159851074, 10.890158653259277, 11.412607192993164, 11.946666717529297, 12.469115257263184, 13.003174781799316, 13.548843383789062, 14.094511985778809, 14.628571510314941, 15.185850143432617, 15.743128776550293, 16.30040740966797, 16.85768699645996, 17.414966583251953, 17.937414169311523, 18.483083724975586, 19.040363311767578, 19.574420928955078, 20.12009048461914, 20.688980102539062, 21.246257781982422, 21.803537368774414, 22.360815048217773, 22.894874572753906, 23.44054412841797, 23.9862117767334, 24.53188133239746, 25.077550888061523, 25.611610412597656], "rhythm.bpm_histogram": [0.0, 0.0, 0.0, 0.0, 0.0, 0.0, 0.0, 0.0, 0.0, 0.0, 0.0, 0.0, 0.0, 0.0, 0.0, 0.0, 0.0, 0.0, 0.0, 0.0, 0.0, 0.0, 0.0, 0.0, 0.0, 0.0, 0.0, 0.0, 0.0, 0.0, 0.0, 0.0, 0.0, 0.0, 0.0, 0.0, 0.0, 0.0, 0.0, 0.0, 0.0, 0.0, 0.0, 0.0, 0.0, 0.0, 0.0, 0.0, 0.0, 0.0, 0.0, 0.0, 0.0, 0.0, 0.0, 0.0, 0.0, 0.0, 0.0, 0.0, 0.0, 0.0, 0.0, 0.0, 0.0, 0.0, 0.0, 0.0, 0.0, 0.0, 0.0, 0.0, 0.0, 0.0, 0.0, 0.0, 0.0, 0.0, 0.0, 0.0, 0.0, 0.0, 0.0, 0.0, 0.0, 0.0, 0.0, 0.0, 0.0, 0.0, 0.0, 0.0, 0.0, 0.0, 0.0, 0.0, 0.0, 0.0, 0.0, 0.0, 0.0, 0.0, 0.0, 0.0, 0.0, 0.021739130839705467, 0.0, 0.0, 0.32608696818351746, 0.0, 0.32608696818351746, 0.0, 0.239130437374115, 0.0, 0.0, 0.08695652335882187, 0.0, 0.0, 0.0, 0.0, 0.0, 0.0, 0.0, 0.0, 0.0, 0.0, 0.0, 0.0, 0.0, 0.0, 0.0, 0.0, 0.0, 0.0, 0.0, 0.0, 0.0, 0.0, 0.0, 0.0, 0.0, 0.0, 0.0, 0.0, 0.0, 0.0, 0.0, 0.0, 0.0, 0.0, 0.0, 0.0, 0.0, 0.0, 0.0, 0.0, 0.0, 0.0, 0.0, 0.0, 0.0, 0.0, 0.0, 0.0, 0.0, 0.0, 0.0, 0.0, 0.0, 0.0, 0.0, 0.0, 0.0, 0.0, 0.0, 0.0, 0.0, 0.0, 0.0, 0.0, 0.0, 0.0, 0.0, 0.0, 0.0, 0.0, 0.0, 0.0, 0.0, 0.0, 0.0, 0.0, 0.0, 0.0, 0.0, 0.0, 0.0, 0.0, 0.0, 0.0, 0.0, 0.0, 0.0, 0.0, 0.0, 0.0, 0.0, 0.0, 0.0, 0.0, 0.0, 0.0, 0.0, 0.0, 0.0, 0.0, 0.0, 0.0, 0.0, 0.0, 0.0, 0.0, 0.0, 0.0, 0.0, 0.0, 0.0, 0.0, 0.0, 0.0, 0.0, 0.0, 0.0, 0.0, 0.0, 0.0, 0.0, 0.0, 0.0, 0.0, 0.0, 0.0, 0.0, 0.0, 0.0, 0.0, 0.0, 0.0, 0.0, 0.0], "tonal.chords_histogram": [4.8128342628479, 13.190731048583984, 14.260249137878418, 15.686274528503418, 0.0, 0.0, 0.0, 16.3992862701416, 2.1390373706817627, 8.9126558303833, 0.0, 0.0, 0.0, 0.0, 0.0, 0.0, 6.595365524291992, 0.0, 2.3172905445098877, 0.0, 2.1390373706817627, 0.0, 4.991087436676025, 8.55614948272705], "tonal.thpcp": [1.0, 0.470854789018631, 0.6143681406974792, 0.6592663526535034, 0.2689003646373749, 0.16519412398338318, 0.18626484274864197, 0.23667371273040771, 0.6555918455123901, 0.7797459959983826, 0.4261094927787781, 0.27969494462013245, 0.29374369978904724, 0.4857446849346161, 0.8150750398635864, 0.6869869828224182, 0.3099595010280609, 0.2471126914024353, 0.25796741247177124, 0.23540620505809784, 0.330197274684906, 0.3716745376586914, 0.24005566537380219, 0.34022295475006104, 0.40781229734420776, 0.27710750699043274, 0.20246130228042603, 0.18883593380451202, 0.20990797877311707, 0.32003504037857056, 0.44651472568511963, 0.3767818808555603, 0.2991980016231537, 0.2871986925601959, 0.2807159721851349, 0.8363054990768433], "lowlevel.gfcc.cov": [[2955.537841796875, -1083.458984375, 404.95703125, -192.65382385253906, -341.5581970214844, 381.085693359375, -249.969482421875, 194.81797790527344, 215.04638671875, 221.68359375, 57.61008834838867, 185.6023406982422, -202.01266479492188], [-1083.458984375, 1728.473388671875, -793.3394775390625, -296.68975830078125, 263.4671936035156, -545.0773315429688, 157.478515625, -79.38098907470703, 40.13583755493164, -92.99402618408203, 163.0769500732422, -118.58995819091797, 99.23176574707031], [404.95703125, -793.3394775390625, 879.3165893554688, 294.92523193359375, -30.891469955444336, 323.3331604003906, 12.905967712402344, 50.362613677978516, -42.627681732177734, 63.66718673706055, -115.3514175415039, 112.91305541992188, 5.931264877319336], [-192.65382385253906, -296.68975830078125, 294.92523193359375, 541.7412109375, 30.272872924804688, 193.20298767089844, 22.32477378845215, -76.75912475585938, -10.78720474243164, -34.24338150024414, -37.5247802734375, -9.70658016204834, 80.82718658447266], [-341.5581970214844, 263.4671936035156, -30.891469955444336, 30.272872924804688, 348.9635925292969, -54.78864669799805, 33.70802688598633, -16.54161262512207, 11.833486557006836, 52.88502502441406, 13.18050479888916, -18.982620239257812, 17.089290618896484], [381.085693359375, -545.0773315429688, 323.3331604003906, 193.20298767089844, -54.78864669799805, 425.1612854003906, 66.97309112548828, 48.46644973754883, -15.979190826416016, 18.354732513427734, -31.005807876586914, 27.750125885009766, -22.70960235595703], [-249.969482421875, 157.478515625, 12.905967712402344, 22.32477378845215, 33.70802688598633, 66.97309112548828, 313.61431884765625, 68.86726379394531, -71.21700286865234, -95.20059204101562, -29.213285446166992, 12.006848335266113, 15.35777759552002], [194.81797790527344, -79.38098907470703, 50.362613677978516, -76.75912475585938, -16.54161262512207, 48.46644973754883, 68.86726379394531, 188.9068603515625, 48.00563049316406, 4.030196666717529, 4.328190803527832, 37.79559326171875, -33.79262161254883], [215.04638671875, 40.13583755493164, -42.627681732177734, -10.78720474243164, 11.833486557006836, -15.979190826416016, -71.21700286865234, 48.00563049316406, 166.32762145996094, 85.84546661376953, 50.50828170776367, -4.8450164794921875, -15.381644248962402], [221.68359375, -92.99402618408203, 63.66718673706055, -34.24338150024414, 52.88502502441406, 18.354732513427734, -95.20059204101562, 4.030196666717529, 85.84546661376953, 168.07427978515625, 35.30557632446289, 14.225263595581055, -32.938690185546875], [57.61008834838867, 163.0769500732422, -115.3514175415039, -37.5247802734375, 13.18050479888916, -31.005807876586914, -29.213285446166992, 4.328190803527832, 50.50828170776367, 35.30557632446289, 112.29349517822266, 10.010659217834473, -7.373416423797607], [185.6023406982422, -118.58995819091797, 112.91305541992188, -9.70658016204834, -18.982620239257812, 27.750125885009766, 12.006848335266113, 37.79559326171875, -4.8450164794921875, 14.225263595581055, 10.010659217834473, 94.1380386352539, 6.061189651489258], [-202.01266479492188, 99.23176574707031, 5.931264877319336, 80.82718658447266, 17.089290618896484, -22.70960235595703, 15.35777759552002, -33.79262161254883, -15.381644248962402, -32.938690185546875, -7.373416423797607, 6.061189651489258, 85.22187805175781]], "lowlevel.gfcc.icov": [[0.000778468674980104, 0.00017407789709977806, -5.913394124945626e-05, 0.00040369483758695424, 0.00037983470247127116, -0.0005594488466158509, 0.0003507966175675392, 0.0001691666548140347, -0.0009969649836421013, 0.00013972930901218206, -0.00011592410737648606, -0.0011980851413682103, 0.000991710927337408], [0.00017407789709977806, 0.003033437766134739, 0.0004200465918984264, 0.0013058381155133247, -0.0012593624414876103, 0.002224171068519354, -0.0023686939384788275, 0.001102050649933517, -0.0014428936410695314, 0.0010418170131742954, -0.003614826360717416, 0.002406175248324871, -0.003019779222086072], [-5.913394124945626e-05, 0.0004200465918984264, 0.003074103035032749, -0.0012694783508777618, -0.00012164403597125784, -0.0006616803002543747, 2.4881917852326296e-05, -0.0007066212128847837, 0.0009320948156528175, -0.0017604307504370809, 0.0023767382372170687, -0.0026475677732378244, -0.00019406013598199934], [0.00040369483758695424, 0.0013058381155133247, -0.0012694783508777618, 0.004648128990083933, -0.0009392052888870239, -0.0007971103768795729, -0.000883773376699537, 0.00248314649797976, -0.0028595684561878443, 0.002481472445651889, -0.0021980879828333855, 0.0019590063020586967, -0.0036503695882856846], [0.00037983470247127116, -0.0012593624414876103, -0.00012164403597125784, -0.0009392052888870239, 0.0044286553747951984, -0.00044616771629080176, 0.0001425709924660623, -0.0006561071495525539, 0.0008559544221498072, -0.0030234672594815493, 0.001318977214396, -0.0007282751030288637, 0.0011250103125348687], [-0.0005594488466158509, 0.002224171068519354, -0.0006616803002543747, -0.0007971103768795729, -0.00044616771629080176, 0.006519856862723827, -0.0031671763863414526, -0.00024845637381076813, 0.0005919350078329444, -0.0004885537782683969, -0.003385536139830947, 0.0036658626049757004, -0.0014504302525892854], [0.0003507966175675392, -0.0023686939384788275, 2.4881917852326296e-05, -0.000883773376699537, 0.0001425709924660623, -0.0031671763863414526, 0.007333536632359028, -0.003182257991284132, 0.0022221864201128483, 0.0015267925336956978, 0.0030864723958075047, -0.0030940917786210775, 0.0024484102614223957], [0.0001691666548140347, 0.001102050649933517, -0.0007066212128847837, 0.00248314649797976, -0.0006561071495525539, -0.00024845637381076813, -0.003182257991284132, 0.010258952155709267, -0.006143499631434679, 0.0031813406385481358, -0.0007017322932370007, -0.002448856132104993, 0.001752848387695849], [-0.0009969649836421013, -0.0014428936410695314, 0.0009320948156528175, -0.0028595684561878443, 0.0008559544221498072, 0.0005919350078329444, 0.0022221864201128483, -0.006143499631434679, 0.014293552376329899, -0.006909900810569525, -0.0011121442075818777, 0.0028967857360839844, -0.001279450487345457], [0.00013972930901218206, 0.0010418170131742954, -0.0017604307504370809, 0.002481472445651889, -0.0030234672594815493, -0.0004885537782683969, 0.0015267925336956978, 0.0031813406385481358, -0.006909900810569525, 0.014018979854881763, -0.0031441333703696728, -0.0008215949637815356, 0.0023072324693202972], [-0.00011592410737648606, -0.003614826360717416, 0.0023767382372170687, -0.0021980879828333855, 0.001318977214396, -0.003385536139830947, 0.0030864723958075047, -0.0007017322932370007, -0.0011121442075818777, -0.0031441333703696728, 0.018169743940234184, -0.008059881627559662, 0.004581824876368046], [-0.0011980851413682103, 0.002406175248324871, -0.0026475677732378244, 0.0019590063020586967, -0.0007282751030288637, 0.0036658626049757004, -0.0030940917786210775, -0.002448856132104993, 0.0028967857360839844, -0.0008215949637815356, -0.008059881627559662, 0.02122851088643074, -0.008607855997979641], [0.000991710927337408, -0.003019779222086072, -0.00019406013598199934, -0.0036503695882856846, 0.0011250103125348687, -0.0014504302525892854, 0.0024484102614223957, 0.001752848387695849, -0.001279450487345457, 0.0023072324693202972, 0.004581824876368046, -0.008607855997979641, 0.02238788828253746]], "lowlevel.mfcc.cov": [[2831.636962890625, -875.4906005859375, 421.0467224121094, -535.877197265625, 43.275062561035156, -20.547067642211914, -253.5767059326172, 47.1922607421875, -79.87678527832031, 85.07583618164062, 193.92156982421875, 160.35348510742188, 73.93925476074219], [-875.4906005859375, 1744.01806640625, -945.032470703125, 122.41544342041016, -155.82333374023438, -328.6553955078125, -6.396452903747559, -117.99481201171875, -44.93447494506836, -100.8794174194336, 54.86701583862305, 27.28240203857422, 50.79396438598633], [421.0467224121094, -945.032470703125, 910.275634765625, -21.377538681030273, 65.53984832763672, 226.3740997314453, 60.25571823120117, 119.85610961914062, 76.00334930419922, 44.8162841796875, -69.55460357666016, -3.263125419616699, -15.192846298217773], [-535.877197265625, 122.41544342041016, -21.377538681030273, 373.4825744628906, 56.42177200317383, 66.57279205322266, 34.671546936035156, -17.659318923950195, 33.00413131713867, -19.38397216796875, -59.970619201660156, -72.70348358154297, -20.315780639648438], [43.275062561035156, -155.82333374023438, 65.53984832763672, 56.42177200317383, 304.8124084472656, 95.287841796875, -62.95026397705078, -86.3201904296875, -10.315927505493164, 68.6016616821289, 23.414020538330078, -1.11050546169281, 22.610937118530273], [-20.547067642211914, -328.6553955078125, 226.3740997314453, 66.57279205322266, 95.287841796875, 290.1879577636719, 92.04978942871094, -1.1831183433532715, 31.911592483520508, 32.79481887817383, -31.730722427368164, -11.409558296203613, -11.964829444885254], [-253.5767059326172, -6.396452903747559, 60.25571823120117, 34.671546936035156, -62.95026397705078, 92.04978942871094, 249.736083984375, 135.2984161376953, 57.46596908569336, -27.936885833740234, -28.00992774963379, 1.3301876783370972, -25.994579315185547], [47.1922607421875, -117.99481201171875, 119.85610961914062, -17.659318923950195, -86.3201904296875, -1.1831183433532715, 135.2984161376953, 225.9388427734375, 70.63066864013672, -11.510191917419434, -3.227799415588379, 12.969103813171387, -27.82481575012207], [-79.87678527832031, -44.93447494506836, 76.00334930419922, 33.00413131713867, -10.315927505493164, 31.911592483520508, 57.46596908569336, 70.63066864013672, 114.64713287353516, 27.634864807128906, -1.9682316780090332, -4.9808349609375, -13.825543403625488], [85.07583618164062, -100.8794174194336, 44.8162841796875, -19.38397216796875, 68.6016616821289, 32.79481887817383, -27.936885833740234, -11.510191917419434, 27.634864807128906, 111.61482238769531, 43.289066314697266, 14.024202346801758, 7.796327590942383], [193.92156982421875, 54.86701583862305, -69.55460357666016, -59.970619201660156, 23.414020538330078, -31.730722427368164, -28.00992774963379, -3.227799415588379, -1.9682316780090332, 43.289066314697266, 113.3970947265625, 59.95750045776367, 19.637216567993164], [160.35348510742188, 27.28240203857422, -3.263125419616699, -72.70348358154297, -1.11050546169281, -11.409558296203613, 1.3301876783370972, 12.969103813171387, -4.9808349609375, 14.024202346801758, 59.95750045776367, 108.39031982421875, 46.83734130859375], [73.93925476074219, 50.79396438598633, -15.192846298217773, -20.315780639648438, 22.610937118530273, -11.964829444885254, -25.994579315185547, -27.82481575012207, -13.825543403625488, 7.796327590942383, 19.637216567993164, 46.83734130859375, 88.40921020507812]], "lowlevel.mfcc.icov": [[0.0007599569507874548, 0.00025708292378112674, -0.0001300260191783309, 0.0007291381480172276, 5.4738840844947845e-05, -0.00025740428827703, 0.0009484060574322939, -0.000585164234507829, 0.0003055470297113061, 0.00042309993295930326, -0.001107430667616427, 5.834030162077397e-05, -0.00036667505628429353], [0.00025708292378112674, 0.001858578179962933, 0.0014038373483344913, -0.0004555450286716223, 0.0003660981310531497, 0.001111989258788526, -0.0006333226920105517, 0.000842674111481756, -0.0006563770002685487, 0.0006727350992150605, -0.0004090619331691414, -0.0006578917382284999, -0.0007329688523896039], [-0.0001300260191783309, 0.0014038373483344913, 0.003007679944857955, -0.00028310282505117357, 2.9751467081950977e-05, -0.0004903827793896198, 9.831465285969898e-05, -0.0005366660770960152, -0.0010956772603094578, -3.0759147193748504e-05, 0.001734971534460783, -0.0010590213350951672, -0.0004529224243015051], [0.0007291381480172276, -0.0004555450286716223, -0.00028310282505117357, 0.004599439445883036, -0.000925055705010891, -0.0013296001125127077, 0.001041357172653079, -0.0007479008054360747, -0.0008350353455170989, 0.001150689204223454, -0.00025148276472464204, 0.0022403367329388857, -0.0005754436133429408], [5.4738840844947845e-05, 0.0003660981310531497, 2.9751467081950977e-05, -0.000925055705010891, 0.00515931798145175, -0.0013064217055216432, 0.0007415247964672744, 0.0011861446546390653, 0.0005045957514084876, -0.0019963120575994253, -0.0011977778049185872, 0.0003655744658317417, -0.0010412228293716908], [-0.00025740428827703, 0.001111989258788526, -0.0004903827793896198, -0.0013296001125127077, -0.0013064217055216432, 0.007666793651878834, -0.004752458073198795, 0.0034898456651717424, -0.0006920802406966686, -0.0013208519667387009, 0.0012552249245345592, -0.0011953054927289486, 0.0006219990318641067], [0.0009484060574322939, -0.0006333226920105517, 9.831465285969898e-05, 0.001041357172653079, 0.0007415247964672744, -0.004752458073198795, 0.010388752445578575, -0.00613609841093421, -0.00048282172065228224, 0.0020450735464692116, -0.0002701068588066846, -0.0006895032129250467, 0.00028684819699265063], [-0.000585164234507829, 0.000842674111481756, -0.0005366660770960152, -0.0007479008054360747, 0.0011861446546390653, 0.0034898456651717424, -0.00613609841093421, 0.010911894962191582, -0.003942172508686781, 0.00027850657352246344, -0.00026636538677848876, -0.0015549708623439074, 0.0017821139190346003], [0.0003055470297113061, -0.0006563770002685487, -0.0010956772603094578, -0.0008350353455170989, 0.0005045957514084876, -0.0006920802406966686, -0.00048282172065228224, -0.003942172508686781, 0.013719330541789532, -0.004548771772533655, -0.0003542666672728956, 0.0007989140576682985, 0.0003380299312993884], [0.00042309993295930326, 0.0006727350992150605, -3.0759147193748504e-05, 0.001150689204223454, -0.0019963120575994253, -0.0013208519667387009, 0.0020450735464692116, 0.00027850657352246344, -0.004548771772533655, 0.015088895335793495, -0.006389721296727657, 0.0015133295673877, -0.0008848739671520889], [-0.001107430667616427, -0.0004090619331691414, 0.001734971534460783, -0.00025148276472464204, -0.0011977778049185872, 0.0012552249245345592, -0.0002701068588066846, -0.00026636538677848876, -0.0003542666672728956, -0.006389721296727657, 0.0192050039768219, -0.009273109026253223, 0.002869525458663702], [5.834030162077397e-05, -0.0006578917382284999, -0.0010590213350951672, 0.0022403367329388857, 0.0003655744658317417, -0.0011953054927289486, -0.0006895032129250467, -0.0015549708623439074, 0.0007989140576682985, 0.0015133295673877, -0.009273109026253223, 0.019525878131389618, -0.008578574284911156], [-0.00036667505628429353, -0.0007329688523896039, -0.0004529224243015051, -0.0005754436133429408, -0.0010412228293716908, 0.0006219990318641067, 0.00028684819699265063, 0.0017821139190346003, 0.0003380299312993884, -0.0008848739671520889, 0.002869525