{"song_id": "1182273063673413702", "download": "https://cdn.discordapp.com/attachments/1135903449314238464/1182273063673413702/chirp.mp4?ex=65841897&amp", "lyrics": "Mr. Globe shill (Mr. Globe shill)\nYou looove begging the question\nMr. Globe shill (Mr. Globe shill)\nYou don't have good intentions\nMr. Globeshill likes to lie\nAnd in hell he's gonna die\nBecause the Earth is not a ball!\nIt has no curve, no movement at all", "style": ["metal"], "essentia_features": {"lowlevel.average_loudness": 0.9826186895370483, "lowlevel.barkbands_crest.mean": 8.552579879760742, "lowlevel.barkbands_crest.stdev": 3.4326319694519043, "lowlevel.barkbands_flatness_db.mean": 0.07790885865688324, "lowlevel.barkbands_flatness_db.stdev": 0.025943076238036156, "lowlevel.barkbands_kurtosis.mean": 0.4831317365169525, "lowlevel.barkbands_kurtosis.stdev": 2.2495718002319336, "lowlevel.barkbands_skewness.mean": 0.9798465967178345, "lowlevel.barkbands_skewness.stdev": 0.7280041575431824, "lowlevel.barkbands_spread.mean": 36.767005920410156, "lowlevel.barkbands_spread.stdev": 12.184130668640137, "lowlevel.dissonance.mean": 0.48441755771636963, "lowlevel.dissonance.stdev": 0.012729611247777939, "lowlevel.dynamic_complexity": 1.2319327592849731, "lowlevel.erbbands_crest.mean": 7.2513885498046875, "lowlevel.erbbands_crest.stdev": 3.086829900741577, "lowlevel.erbbands_flatness_db.mean": 0.12204048782587051, "lowlevel.erbbands_flatness_db.stdev": 0.027371162548661232, "lowlevel.erbbands_kurtosis.mean": 0.3061133623123169, "lowlevel.erbbands_kurtosis.stdev": 0.954322874546051, "lowlevel.erbbands_skewness.mean": -0.30238592624664307, "lowlevel.erbbands_skewness.stdev": 0.566702663898468, "lowlevel.erbbands_spread.mean": 39.25856018066406, "lowlevel.erbbands_spread.stdev": 13.130504608154297, "lowlevel.hfc.mean": 40.51676940917969, "lowlevel.hfc.stdev": 15.878496170043945, "lowlevel.loudness_ebu128.integrated": -11.660438537597656, "lowlevel.loudness_ebu128.loudness_range": 0.7303180694580078, "lowlevel.loudness_ebu128.momentary.mean": -11.706708908081055, "lowlevel.loudness_ebu128.momentary.stdev": 0.6516814231872559, "lowlevel.loudness_ebu128.short_term.mean": -11.652421951293945, "lowlevel.loudness_ebu128.short_term.stdev": 0.25326523184776306, "lowlevel.melbands_crest.mean": 14.649270057678223, "lowlevel.melbands_crest.stdev": 4.525871276855469, "lowlevel.melbands_flatness_db.mean": 0.14470992982387543, "lowlevel.melbands_flatness_db.stdev": 0.03929898142814636, "lowlevel.melbands_kurtosis.mean": 7.3596367835998535, "lowlevel.melbands_kurtosis.stdev": 9.284854888916016, "lowlevel.melbands_skewness.mean": 2.316716194152832, "lowlevel.melbands_skewness.stdev": 1.2840951681137085, "lowlevel.melbands_spread.mean": 35.985374450683594, "lowlevel.melbands_spread.stdev": 15.212919235229492, "lowlevel.pitch_salience.mean": 0.5717834234237671, "lowlevel.pitch_salience.stdev": 0.08309194445610046, "lowlevel.silence_rate_20dB.mean": 1.0, "lowlevel.silence_rate_20dB.stdev": 0.0, "lowlevel.silence_rate_30dB.mean": 1.0, "lowlevel.silence_rate_30dB.stdev": 0.0, "lowlevel.silence_rate_60dB.mean": 0.0017761989729478955, "lowlevel.silence_rate_60dB.stdev": 0.04210757836699486, "lowlevel.spectral_centroid.mean": 1931.3004150390625, "lowlevel.spectral_centroid.stdev": 366.20648193359375, "lowlevel.spectral_complexity.mean": 38.51154708862305, "lowlevel.spectral_complexity.stdev": 5.845660209655762, "lowlevel.spectral_decrease.mean": -9.736893957779102e-09, "lowlevel.spectral_decrease.stdev": 4.7526329538527534e-09, "lowlevel.spectral_energy.mean": 0.040424298495054245, "lowlevel.spectral_energy.stdev": 0.018397541716694832, "lowlevel.spectral_energyband_high.mean": 0.0020301025360822678, "lowlevel.spectral_energyband_high.stdev": 0.0016001762123778462, "lowlevel.spectral_energyband_low.mean": 0.016842015087604523, "lowlevel.spectral_energyband_low.stdev": 0.01649431325495243, "lowlevel.spectral_energyband_middle_high.mean": 0.01024374458938837, "lowlevel.spectral_energyband_middle_high.stdev": 0.005413074046373367, "lowlevel.spectral_energyband_middle_low.mean": 0.014281229116022587, "lowlevel.spectral_energyband_middle_low.stdev": 0.009716947562992573, "lowlevel.spectral_entropy.mean": 7.9963297843933105, "lowlevel.spectral_entropy.stdev": 0.17346832156181335, "lowlevel.spectral_flux.mean": 0.12035346776247025, "lowlevel.spectral_flux.stdev": 0.04255415499210358, "lowlevel.spectral_kurtosis.mean": 3.9698498249053955, "lowlevel.spectral_kurtosis.stdev": 1.5025988817214966, "lowlevel.spectral_rms.mean": 0.006129326764494181, "lowlevel.spectral_rms.stdev": 0.001367359422147274, "lowlevel.spectral_rolloff.mean": 2190.01904296875, "lowlevel.spectral_rolloff.stdev": 1224.1336669921875, "lowlevel.spectral_skewness.mean": 1.4769408702850342, "lowlevel.spectral_skewness.stdev": 0.22234265506267548, "lowlevel.spectral_spread.mean": 4921534.5, "lowlevel.spectral_spread.stdev": 1054374.625, "lowlevel.spectral_strongpeak.mean": 0.8265584111213684, "lowlevel.spectral_strongpeak.stdev": 1.0365569591522217, "lowlevel.zerocrossingrate.mean": 0.08596525341272354, "lowlevel.zerocrossingrate.stdev": 0.02721923030912876, "metadata.audio_properties.analysis.equal_loudness": 0.0, "metadata.audio_properties.analysis.length": 26.110952377319336, "metadata.audio_properties.analysis.sample_rate": 44100.0, "metadata.audio_properties.analysis.start_time": 0.0, "metadata.audio_properties.bit_rate": 119743.0, "metadata.audio_properties.length": 26.11199951171875, "metadata.audio_properties.lossless": 0.0, "metadata.audio_properties.number_channels": 1.0, "metadata.audio_properties.replay_gain": -13.545267105102539, "metadata.audio_properties.sample_rate": 48000.0, "rhythm.beats_count": 64.0, "rhythm.beats_loudness.mean": 0.04793621599674225, "rhythm.beats_loudness.stdev": 0.011965817771852016, "rhythm.bpm": 151.28640747070312, "rhythm.bpm_histogram_first_peak_bpm": 152.0, "rhythm.bpm_histogram_first_peak_weight": 0.2916666269302368, "rhythm.bpm_histogram_second_peak_bpm": 144.0, "rhythm.bpm_histogram_second_peak_spread": 0.09999996423721313, "rhythm.bpm_histogram_second_peak_weight": 0.1428571492433548, "rhythm.danceability": 1.4775491952896118, "rhythm.onset_rate": 2.8315539360046387, "tonal.chords_changes_rate": 0.03368794173002243, "tonal.chords_number_rate": 0.007092198356986046, "tonal.chords_strength.mean": 0.5869215130805969, "tonal.chords_strength.stdev": 0.05623413622379303, "tonal.hpcp_crest.mean": 12.382619857788086, "tonal.hpcp_crest.stdev": 6.38523530960083, "tonal.hpcp_entropy.mean": 2.3252170085906982, "tonal.hpcp_entropy.stdev": 0.8109285235404968, "tonal.key_edma.strength": 0.7850797772407532, "tonal.key_krumhansl.strength": 0.7721027135848999, "tonal.key_temperley.strength": 0.7683656811714172, "tonal.tuning_diatonic_strength": 0.7053050994873047, "tonal.tuning_equal_tempered_deviation": 0.2662934362888336, "tonal.tuning_frequency": 434.193115234375, "tonal.tuning_nontempered_energy_ratio": 0.9563482999801636, "lowlevel.barkbands.mean": [0.0014896458014845848, 0.007312833797186613, 0.005213243421167135, 0.006411497015506029, 0.0010052277939394116, 0.001403088099323213, 0.0019048498943448067, 0.001004164689220488, 0.002273162128403783, 0.000858703744597733, 0.0009716705535538495, 0.001017729751765728, 0.001306059304624796, 0.00118915899656713, 0.0005982364527881145, 0.0009884833125397563, 0.0015772389015182853, 0.0007269527995958924, 0.0009279698715545237, 0.00042649838724173605, 0.0004715131944976747, 0.0002893199271056801, 0.00026726681971922517, 0.00030222960049286485, 0.0003010418440680951, 0.00017889887385535985, 7.60636112318025e-06], "lowlevel.barkbands.stdev": [0.0010129135334864259, 0.011976411566138268, 0.006114906631410122, 0.006481322925537825, 0.001773795927874744, 0.0033026731107383966, 0.003885971149429679, 0.002196395304054022, 0.004250647500157356, 0.001637413282878697, 0.0020266303326934576, 0.0018399212276563048, 0.002535605803132057, 0.0014655656414106488, 0.0007310053333640099, 0.0005463544512167573, 0.0008163474849425256, 0.0004062989610247314, 0.00040383372106589377, 0.00021826631564181298, 0.00028359555290080607, 0.00028311836649663746, 0.00029867232660762966, 0.0003881579905282706, 0.0003487955837044865, 0.00018256049952469766, 1.1987685866188258e-05], "lowlevel.erbbands.mean": [0.2103431075811386, 1.6754273176193237, 5.8729939460754395, 15.138628959655762, 10.232893943786621, 3.058788776397705, 6.697837829589844, 12.299378395080566, 22.8265438079834, 24.32119369506836, 38.218048095703125, 47.07887649536133, 26.46904754638672, 35.72037887573242, 35.48320770263672, 42.84238815307617, 58.410621643066406, 57.4619026184082, 49.513736724853516, 30.69173240661621, 70.60338592529297, 85.81266021728516, 44.309837341308594, 44.92737579345703, 39.09599304199219, 20.58328628540039, 20.37172508239746, 15.620903015136719, 10.699786186218262, 9.039246559143066, 7.278491973876953, 5.9598870277404785, 5.250485420227051, 3.7635278701782227, 1.9025264978408813, 0.883689820766449, 0.3126908838748932, 0.04385029897093773, 0.0010106891859322786, 8.465597056783736e-05], "lowlevel.erbbands.stdev": [0.32363927364349365, 2.8719890117645264, 7.127342224121094, 12.458921432495117, 12.765390396118164, 5.074235916137695, 15.93698501586914, 33.711021423339844, 55.705535888671875, 42.930240631103516, 64.88350677490234, 93.29090118408203, 40.12898254394531, 67.37036895751953, 58.67989730834961, 71.90126037597656, 111.26699829101562, 72.75066375732422, 52.83319091796875, 25.191381454467773, 36.6209716796875, 43.20737838745117, 22.617874145507812, 20.867170333862305, 17.647354125976562, 10.303694725036621, 11.190314292907715, 10.743423461914062, 10.507817268371582, 9.528870582580566, 8.248634338378906, 7.42410135269165, 6.95568323135376, 4.941744327545166, 2.0242533683776855, 0.9605478048324585, 0.32347598671913147, 0.05135495960712433, 0.0011648420477285981, 4.5098797272657976e-05], "lowlevel.gfcc.mean": [73.69612121582031, 52.88826370239258, -117.5627212524414, 37.50003433227539, -43.398685455322266, 21.0706729888916, -37.79544448852539, 23.69327163696289, -28.456972122192383, 6.831672191619873, -27.55330467224121, -2.59159779548645, -24.132293701171875], "lowlevel.melbands.mean": [0.0019808970391750336, 0.002817512722685933, 0.002460186369717121, 0.00038531189784407616, 0.00020225674961693585, 0.00028307302272878587, 0.00036765795084647834, 0.00024089420912787318, 0.0003809481568168849, 0.000272683915682137, 0.0001263470039702952, 0.00014047659351490438, 0.0001259799610124901, 9.929706720868126e-05, 0.00013952405424788594, 0.00012090717791579664, 0.00010710066999308765, 8.998027624329552e-05, 3.993680002167821e-05, 4.742285454994999e-05, 9.154240979114547e-05, 9.477017738390714e-05, 5.9026027884101495e-05, 2.8883028790005483e-05, 3.702545291162096e-05, 3.540634497767314e-05, 1.8106209608959034e-05, 1.2491716915974393e-05, 1.2160433470853604e-05, 1.2873801097157411e-05, 7.69799135014182e-06, 6.040761036274489e-06, 5.451198830996873e-06, 4.929674105369486e-06, 4.308590632717824e-06, 3.682421720441198e-06, 3.66948506780318e-06, 3.711746330736787e-06, 3.563387053873157e-06, 3.0225883165257983e-06], "lowlevel.melbands.stdev": [0.003090145066380501, 0.0034348706249147654, 0.002132866531610489, 0.0005123309674672782, 0.000456502748420462, 0.0007077119080349803, 0.0008178077987395227, 0.0004285949107725173, 0.0006587411626242101, 0.0005221671890467405, 0.00020784854132216424, 0.0002742702199611813, 0.00024533961550332606, 0.00017210734949912876, 0.0003130815166514367, 0.00022771554358769208, 0.00014361803187057376, 0.00010259285772917792, 5.243684063316323e-05, 2.8804497560486197e-05, 5.153399979462847e-05, 5.227121073403396e-05, 3.380251655471511e-05, 1.5804187569301575e-05, 1.892583168228157e-05, 1.7564701920491643e-05, 9.410175152879674e-06, 6.973708423174685e-06, 7.003035534580704e-06, 8.673849151819013e-06, 6.045719146641204e-06, 6.095554908824852e-06, 5.835931460751453e-06, 5.408350261859596e-06, 4.9488535296404734e-06, 4.543409431789769e-06, 4.8141505430976395e-06, 5.111661721457494e-06, 4.682613052864326e-06, 4.105299922230188e-06], "lowlevel.melbands128.mean": [0.0005431638564914465, 0.0016253974754363298, 0.0025382223539054394, 0.0027613199781626463, 0.0030322701204568148, 0.002383878454566002, 0.0033232015557587147, 0.0028779550921171904, 0.0006981664337217808, 0.0002245098730782047, 0.00012915494153276086, 0.00010623428534017876, 0.00022363339667208493, 0.0003208878915756941, 0.00028228043811395764, 0.00023739026801194996, 0.0003338033566251397, 0.0003764603170566261, 0.00046598626067861915, 0.00023804539523553103, 0.00014580442802980542, 0.00017923877749126405, 0.00039570414810441434, 0.0006592243444174528, 0.0002954652300104499, 0.00014971528435125947, 0.00012219032214488834, 0.00013306752953212708, 0.00011657375580398366, 0.00011599549907259643, 0.0001552186004118994, 0.00018110242672264576, 0.0001078539207810536, 0.00010400455357739702, 0.00010807388025568798, 8.627450733911246e-05, 0.00010146572458324954, 0.00017491284233983606, 0.00013258289254736155, 0.00011983190779574215, 0.0001366760698147118, 9.16719000088051e-05, 9.433685045223683e-05, 0.00012423029693309218, 0.00011800597712863237, 8.841700037010014e-05, 5.095430606161244e-05, 4.2382791434647515e-05, 3.020387885044329e-05, 3.730492971953936e-05, 4.408181848702952e-05, 5.977974069537595e-05, 9.168677206616849e-05, 0.00010307384945917875, 0.00010351838864153251, 9.431837679585442e-05, 9.100601164391264e-05, 6.787738675484434e-05, 5.137535845278762e-05, 3.177693361067213e-05, 2.313333061465528e-05, 2.8373107852530666e-05, 3.842481964966282e-05, 3.820536221610382e-05, 3.7856130802538246e-05, 4.0690010791877285e-05, 3.129696051473729e-05, 2.0259156372048892e-05, 1.5529092706856318e-05, 1.4264715900935698e-05, 1.1928750609513372e-05, 1.175177840195829e-05, 1.2059780601703096e-05, 1.2220443750265986e-05, 1.198458357976051e-05, 1.5164988326432649e-05, 1.2573677850014064e-05, 8.221320968004875e-06, 7.471161552530248e-06, 6.46197258902248e-06, 6.387292614817852e-06, 5.666580364049878e-06, 5.605029400612693e-06, 5.9317421801097225e-06, 4.660863396566128e-06, 4.923668257106328e-06, 5.025442078476772e-06, 4.957319561071927e-06, 4.342645752331009e-06, 3.718113021022873e-06, 3.918552465620451e-06, 3.660875108835171e-06, 3.3624298794165952e-06, 3.5204493542551063e-06, 4.01625629820046e-06, 3.878193638229277e-06, 3.5636796837934526e-06, 3.5389930417295545e-06, 3.6247761272534262e-06, 3.533387825882528e-06, 3.5123950965498807e-06, 2.8710910555673763e-06, 2.559641188781825e-06, 2.4053608740359778e-06, 2.1908385861024726e-06, 1.8471815792509005e-06, 1.731305587782117e-06, 1.7432381582693779e-06, 1.4496991980195162e-06, 1.4129692544884165e-06, 1.3641758869198384e-06, 9.703886689749197e-07, 1.0454216408106731e-06, 8.997608915706223e-07, 6.610088121306035e-07, 4.2445122971912497e-07, 2.713653941555094e-07, 5.373588862767065e-08, 1.3139591636956993e-09, 1.1217932832652266e-11, 1.0530658810237181e-11, 1.0110147961872595e-11, 9.719057156298838e-12, 9.234500317201189e-12, 8.031266623964584e-12, 6.2678972255481025e-12, 5.346389997384904e-12, 5.188383143256425e-12], "lowlevel.melbands128.stdev": [0.0006605689413845539, 0.0025091860443353653, 0.004553364124149084, 0.00507982587441802, 0.004312349483370781, 0.0026635874528437853, 0.0027192949783056974, 0.003252210561186075, 0.001120022963732481, 0.0004148401494603604, 0.0002765747776720673, 0.000366155436495319, 0.0006397993420250714, 0.0008865579729899764, 0.0011179634602740407, 0.0007004749495536089, 0.0011014551855623722, 0.0011193423997610807, 0.0008708280511200428, 0.0005895209615118802, 0.00042995967669412494, 0.0005886066355742514, 0.0007963692187331617, 0.0015140121104195714, 0.0008481245022267103, 0.000371640722732991, 0.000273379118880257, 0.0002289600670337677, 0.0002803371171467006, 0.0003635137400124222, 0.00033053825609385967, 0.0005578177515417337, 0.00026885364786721766, 0.0002047660673270002, 0.00026505571440793574, 0.00020167224283795804, 0.0002130745124304667, 0.0005240684258751571, 0.00041863613296300173, 0.0003440947912167758, 0.00032312620896846056, 0.0001962298119906336, 0.00017812075384426862, 0.00020468015281949192, 0.00018758953956421465, 0.00013272176147438586, 8.318034088006243e-05, 8.119569247355685e-05, 5.2805797167820856e-05, 3.233359529986046e-05, 3.554169597919099e-05, 4.7561508836224675e-05, 7.154064223868772e-05, 8.581842121202499e-05, 8.952403732109815e-05, 7.597117655677721e-05, 6.673330790363252e-05, 5.1265462388982996e-05, 4.339913357398473e-05, 2.502478309907019e-05, 1.7896996723720804e-05, 2.090090129058808e-05, 2.828921606123913e-05, 2.6891228117165156e-05, 2.3904669433250092e-05, 2.8090840714867227e-05, 2.1660553102265112e-05, 1.3735521861235611e-05, 1.129304655478336e-05, 1.1356337381585035e-05, 8.73434964887565e-06, 8.363073902728502e-06, 8.88277281774208e-06, 8.758127478358801e-06, 8.899985914467834e-06, 1.2212137335154694e-05, 1.0435996045998763e-05, 7.227048627100885e-06, 7.248415840876987e-06, 6.428615051845554e-06, 6.754858077329118e-06, 6.8104614001640584e-06, 6.8744097916351166e-06, 6.855401807115413e-06, 5.566231720877113e-06, 5.84734880249016e-06, 5.937081823503831e-06, 6.3940119616745505e-06, 5.374027296056738e-06, 4.620675554178888e-06, 5.296520612319e-06, 4.94194682687521e-06, 4.373532647150569e-06, 5.028972736909054e-06, 5.98497899773065e-06, 5.781839718110859e-06, 5.1116412578267045e-06, 5.17797388965846e-06, 5.0202838792756665e-06, 5.013906502426835e-06, 5.162533852853812e-06, 4.179476036370033e-06, 3.6004189496452454e-06, 3.1333727292803815e-06, 2.4766688966337824e-06, 2.1972502963762963e-06, 2.015450036196853e-06, 2.179935790991294e-06, 1.8394314338365803e-06, 1.8229521856483188e-06, 1.6096604440463125e-06, 1.1531370773809613e-06, 1.2133270956837805e-06, 1.1035019724658923e-06, 8.654375847072515e-07, 5.949348178546643e-07, 4.09580422910949e-07, 1.277584686931732e-07, 1.6395622637332963e-08, 6.64896193658393e-11, 6.221292925268074e-11, 5.91025284268909e-11, 5.6049827973359e-11, 5.124857482829981e-11, 3.685641375428261e-11, 1.5638662240191614e-11, 7.558567487186973e-12, 7.190002933310513e-12], "lowlevel.mfcc.mean": [-570.3045043945312, 89.53101348876953, -10.859430313110352, 24.257793426513672, 14.601326942443848, 3.79957914352417, 7.184875965118408, 8.2234525680542, 8.32891845703125, 3.67679762840271, 5.186474323272705, 4.160558223724365, -1.9054518938064575], "lowlevel.spectral_contrast_coeffs.mean": [-0.6752225756645203, -0.7493667602539062, -0.8037368059158325, -0.7937475442886353, -0.7866972088813782, -0.7562043070793152], "lowlevel.spectral_contrast_coeffs.stdev": [0.06321270018815994, 0.07378337532281876, 0.04657091945409775, 0.03361004218459129, 0.022373612970113754, 0.025445174425840378], "lowlevel.spectral_contrast_valleys.mean": [-6.570283889770508, -6.46451997756958, -6.675805568695068, -6.634850025177002, -6.448231220245361, -9.227746963500977], "lowlevel.spectral_contrast_valleys.stdev": [0.5400893688201904, 0.47146326303482056, 0.4437944293022156, 0.31471511721611023, 0.2714293599128723, 0.5966888070106506], "rhythm.beats_loudness_band_ratio.mean": [0.5548927783966064, 0.05539136379957199, 0.10051330178976059, 0.10082633793354034, 0.10662741959095001, 0.10101805627346039], "rhythm.beats_loudness_band_ratio.stdev": [0.16468937695026398, 0.08736911416053772, 0.0702463835477829, 0.08931699395179749, 0.04503685608506203, 0.044974055141210556], "tonal.hpcp.mean": [0.14104552567005157, 0.10425508767366409, 0.09195506572723389, 0.23333853483200073, 0.31809499859809875, 0.1686752736568451, 0.06171185150742531, 0.049099188297986984, 0.04529543220996857, 0.049529191106557846, 0.050489190965890884, 0.062426965683698654, 0.07820989936590195, 0.07202290743589401, 0.06874044239521027, 0.08874921500682831, 0.10907527804374695, 0.16864974796772003, 0.35655462741851807, 0.5302037000656128, 0.4390728771686554, 0.23347827792167664, 0.12163696438074112, 0.09193623811006546, 0.10804729163646698, 0.10737989097833633, 0.09072031080722809, 0.07445935159921646, 0.0706053152680397, 0.08794128149747849, 0.11673592031002045, 0.14184392988681793, 0.15508843958377838, 0.16905733942985535, 0.17908553779125214, 0.1691187024116516], "tonal.hpcp.stdev": [0.22144992649555206, 0.21107779443264008, 0.17965205013751984, 0.25786784291267395, 0.3287400007247925, 0.21002162992954254, 0.13285072147846222, 0.11493658274412155, 0.10472795367240906, 0.10131905972957611, 0.09962309151887894, 0.12138957530260086, 0.13479198515415192, 0.12514209747314453, 0.11580277979373932, 0.14224942028522491, 0.16395610570907593, 0.23251503705978394, 0.3303796947002411, 0.350643515586853, 0.34823358058929443, 0.29990676045417786, 0.20955529808998108, 0.1696394830942154, 0.19306297600269318, 0.1772632747888565, 0.1678815484046936, 0.15049581229686737, 0.1404343694448471, 0.17553192377090454, 0.17933347821235657, 0.20401231944561005, 0.23182491958141327, 0.24270740151405334, 0.24154505133628845, 0.23114417493343353], "rhythm.beats_position": [0.39473921060562134, 0.8126984238624573, 1.2306575775146484, 1.6486167907714844, 2.0665760040283203, 2.4845352172851562, 2.879274368286133, 3.2740135192871094, 3.668752670288086, 4.0634918212890625, 4.446621417999268, 4.841360569000244, 5.236099720001221, 5.642448902130127, 6.0371880531311035, 6.43192720413208, 6.826666355133057, 7.221405982971191, 7.627755165100098, 8.034104347229004, 8.42884349822998, 8.835192680358887, 9.218321800231934, 9.61306095123291, 10.007800102233887, 10.402539253234863, 10.79727840423584, 11.192017555236816, 11.586756706237793, 11.9931058883667, 12.422675132751465, 12.8406343460083, 13.258593559265137, 13.676552772521973, 14.094511985778809, 14.500861167907715, 14.907210350036621, 15.313559532165527, 15.719908714294434, 16.114648818969727, 16.497777938842773, 16.88090705871582, 17.275646209716797, 17.670385360717773, 18.06512451171875, 18.471473693847656, 18.877822875976562, 19.27256202697754, 19.667301177978516, 20.062040328979492, 20.45677947998047, 20.851518630981445, 21.246257781982422, 21.652606964111328, 22.047346115112305, 22.44208526611328, 22.825214385986328, 23.219953536987305, 23.62630271911621, 24.021041870117188, 24.427391052246094, 24.82213020324707, 25.216869354248047, 25.611610412597656], "rhythm.bpm_histogram": [0.0, 0.0, 0.0, 0.0, 0.0, 0.0, 0.0, 0.0, 0.0, 0.0, 0.0, 0.0, 0.0, 0.0, 0.0, 0.0, 0.0, 0.0, 0.0, 0.0, 0.0, 0.0, 0.0, 0.0, 0.0, 0.0, 0.0, 0.0, 0.0, 0.0, 0.0, 0.0, 0.0, 0.0, 0.0, 0.0, 0.0, 0.0, 0.0, 0.0, 0.0, 0.0, 0.0, 0.0, 0.0, 0.0, 0.0, 0.0, 0.0, 0.0, 0.0, 0.0, 0.0, 0.0, 0.0, 0.0, 0.0, 0.0, 0.0, 0.0, 0.0, 0.0, 0.0, 0.0, 0.0, 0.0, 0.0, 0.0, 0.0, 0.0, 0.0, 0.0, 0.0, 0.0, 0.0, 0.0, 0.0, 0.0, 0.0, 0.0, 0.0, 0.0, 0.0, 0.0, 0.0, 0.0, 0.0, 0.0, 0.0, 0.0, 0.0, 0.0, 0.0, 0.0, 0.0, 0.0, 0.0, 0.0, 0.0, 0.0, 0.0, 0.0, 0.0, 0.0, 0.0, 0.0, 0.0, 0.0, 0.0, 0.0, 0.0, 0.0, 0.0, 0.0, 0.0, 0.0, 0.0, 0.0, 0.0, 0.0, 0.0, 0.0, 0.0, 0.0, 0.0, 0.0, 0.0, 0.0, 0.0, 0.0, 0.0, 0.0, 0.0, 0.0, 0.0, 0.0, 0.0, 0.0, 0.0, 0.0, 0.01587301678955555, 0.0, 0.0, 0.0, 0.1428571492433548, 0.0, 0.0, 0.0, 0.2222222238779068, 0.0, 0.0, 0.0, 0.5396825671195984, 0.0, 0.0, 0.0, 0.0, 0.0793650820851326, 0.0, 0.0, 0.0, 0.0, 0.0, 0.0, 0.0, 0.0, 0.0, 0.0, 0.0, 0.0, 0.0, 0.0, 0.0, 0.0, 0.0, 0.0, 0.0, 0.0, 0.0, 0.0, 0.0, 0.0, 0.0, 0.0, 0.0, 0.0, 0.0, 0.0, 0.0, 0.0, 0.0, 0.0, 0.0, 0.0, 0.0, 0.0, 0.0, 0.0, 0.0, 0.0, 0.0, 0.0, 0.0, 0.0, 0.0, 0.0, 0.0, 0.0, 0.0, 0.0, 0.0, 0.0, 0.0, 0.0, 0.0, 0.0, 0.0, 0.0, 0.0, 0.0, 0.0, 0.0, 0.0, 0.0, 0.0, 0.0, 0.0, 0.0, 0.0, 0.0, 0.0, 0.0, 0.0, 0.0, 0.0, 0.0, 0.0, 0.0, 0.0, 0.0, 0.0, 0.0, 0.0, 0.0, 0.0, 0.0, 0.0, 0.0, 0.0, 0.0], "tonal.chords_histogram": [6.205673694610596, 0.0, 2.127659559249878, 0.0, 0.0, 0.0, 0.0, 39.0070915222168, 0.0, 52.65957260131836, 0.0, 0.0, 0.0, 0.0, 0.0, 0.0, 0.0, 0.0, 0.0, 0.0, 0.0, 0.0, 0.0, 0.0], "tonal.thpcp": [1.0, 0.8281211256980896, 0.4403558075428009, 0.22941553592681885, 0.173397958278656, 0.2037844955921173, 0.20252573490142822, 0.17110463976860046, 0.1404353678226471, 0.1331663876771927, 0.16586320102214813, 0.22017183899879456, 0.2675272226333618, 0.29250726103782654, 0.31885355710983276, 0.33776742219924927, 0.3189693093299866, 0.26602140069007874, 0.19663213193416595, 0.17343346774578094, 0.4400922358036041, 0.5999486446380615, 0.3181329667568207, 0.11639272421598434, 0.0926043838262558, 0.08543024212121964, 0.09341540187597275, 0.09522602707147598, 0.11774147301912308, 0.1475091576576233, 0.13584007322788239, 0.1296491175889969, 0.1673870086669922, 0.2057233452796936, 0.31808480620384216, 0.6724861264228821], "lowlevel.gfcc.cov": [[849.2232055664062, -109.33087158203125, 153.94400024414062, -2.2757139205932617, -104.35853576660156, 29.0433349609375, -74.11640167236328, -52.26035690307617, -4.51096773147583, 5.524722576141357, 29.52629852294922, 26.467559814453125, -24.01463508605957], [-109.33087158203125, 331.82342529296875, -57.17940139770508, -20.14313316345215, 99.46915435791016, -41.31584930419922, 88.12454986572266, 21.984416961669922, 32.54631805419922, 37.62128448486328, 32.61991500854492, 17.05240249633789, 37.72315216064453], [153.94400024414062, -57.17940139770508, 309.0775146484375, 147.5579376220703, 66.30825805664062, 7.549628257751465, -23.737470626831055, 1.284915804862976, 41.42964553833008, 53.86599349975586, 8.302943229675293, 52.1431770324707, 15.963480949401855], [-2.2757139205932617, -20.14313316345215, 147.5579376220703, 243.47640991210938, 67.57942199707031, 38.51892852783203, -28.520198822021484, 6.736802577972412, 48.39787673950195, 19.524051666259766, 18.195161819458008, 16.282358169555664, 42.296653747558594], [-104.35853576660156, 99.46915435791016, 66.30825805664062, 67.57942199707031, 195.6881103515625, 19.759925842285156, 75.65896606445312, 35.413368225097656, 24.757205963134766, 40.105262756347656, -11.968069076538086, 7.218888282775879, 11.828771591186523], [29.0433349609375, -41.31584930419922, 7.549628257751465, 38.51892852783203, 19.759925842285156, 135.00518798828125, 77.19456481933594, 40.60090255737305, -6.475502014160156, -33.713653564453125, 6.961562156677246, -5.954535961151123, 3.2706198692321777], [-74.11640167236328, 88.12454986572266, -23.737470626831055, -28.520198822021484, 75.65896606445312, 77.19456481933594, 180.853515625, 85.00218963623047, 5.793059825897217, -20.295860290527344, -20.938753128051758, -9.682680130004883, -3.0214762687683105], [-52.26035690307617, 21.984416961669922, 1.284915804862976, 6.736802577972412, 35.413368225097656, 40.60090255737305, 85.00218963623047, 92.93067932128906, 36.80666732788086, 4.509627819061279, -11.206100463867188, -5.740677833557129, 7.160473346710205], [-4.51096773147583, 32.54631805419922, 41.42964553833008, 48.39787673950195, 24.757205963134766, -6.475502014160156, 5.793059825897217, 36.80666732788086, 78.0669937133789, 54.19197463989258, 20.42445945739746, 10.189532279968262, 14.673187255859375], [5.524722576141357, 37.62128448486328, 53.86599349975586, 19.524051666259766, 40.105262756347656, -33.713653564453125, -20.295860290527344, 4.509627819061279, 54.19197463989258, 94.77010345458984, 43.87347412109375, 29.129579544067383, 9.154518127441406], [29.52629852294922, 32.61991500854492, 8.302943229675293, 18.195161819458008, -11.968069076538086, 6.961562156677246, -20.938753128051758, -11.206100463867188, 20.42445945739746, 43.87347412109375, 85.32221984863281, 50.488487243652344, 24.55542755126953], [26.467559814453125, 17.05240249633789, 52.1431770324707, 16.282358169555664, 7.218888282775879, -5.954535961151123, -9.682680130004883, -5.740677833557129, 10.189532279968262, 29.129579544067383, 50.488487243652344, 70.19622039794922, 36.343963623046875], [-24.01463508605957, 37.72315216064453, 15.963480949401855, 42.296653747558594, 11.828771591186523, 3.2706198692321777, -3.0214762687683105, 7.160473346710205, 14.673187255859375, 9.154518127441406, 24.55542755126953, 36.343963623046875, 58.815834045410156]], "lowlevel.gfcc.icov": [[0.0016884850338101387, -0.00038318216684274375, -0.001426932169124484, 0.0008290052646771073, 0.0010204958962276578, -0.001391456462442875, 0.0006739935488440096, 0.0007554024923592806, -0.0005905201542191207, 0.00020336238958407193, -9.807097376324236e-05, -4.926401379634626e-05, 0.0007281496073119342], [-0.00038318216684274375, 0.008388872258365154, 0.0005747723625972867, 0.001192811643704772, -0.004290809389203787, 0.0077588846907019615, -0.007750341203063726, 0.004244387615472078, -0.0037385434843599796, 0.003696381114423275, -0.009061820805072784, 0.007065462414175272, -0.007259387522935867], [-0.001426932169124484, 0.0005747723625972867, 0.009505554102361202, -0.0061607095412909985, -4.2794174078153446e-05, -0.0006475535337813199, -0.0005347772967070341, 8.082500426098704e-05, 0.0007847378728911281, -0.006069743074476719, 0.009344793856143951, -0.012505647726356983, 0.005481620319187641], [0.0008290052646771073, 0.001192811643704772, -0.0061607095412909985, 0.012475970201194286, -0.005025555845350027, -0.002174457535147667, 0.003675023792311549, 0.0020850389264523983, -0.008378904312849045, 0.008736692368984222, -0.008036265149712563, 0.009989455342292786, -0.008746949024498463], [0.0010204958962276578, -0.004290809389203787, -4.2794174078153446e-05, -0.005025555845350027, 0.013521397486329079, -0.004320846404880285, -0.002582353539764881, -0.00017088041931856424, 0.0064919739961624146, -0.012593694031238556, 0.011436361819505692, -0.006020931527018547, 0.0034898670855909586], [-0.001391456462442875, 0.0077588846907019615, -0.0006475535337813199, -0.002174457535147667, -0.004320846404880285, 0.02338469959795475, -0.01311982236802578, -0.0005514392396435142, 5.8405643358128145e-05, 0.010610261000692844, -0.018909966573119164, 0.012749495916068554, -0.006492706947028637], [0.0006739935488440096, -0.007750341203063726, -0.0005347772967070341, 0.003675023792311549, -0.002582353539764881, -0.01311982236802578, 0.024600833654403687, -0.015185521915555, 0.002754535060375929, 0.0015592420240864158, 0.007994500920176506, -0.008515209890902042, 0.00810406357049942], [0.0007554024923592806, 0.004244387615472078, 8.082500426098704e-05, 0.0020850389264523983, -0.00017088041931856424, -0.0005514392396435142, -0.015185521915555, 0.03226663917303085, -0.018383758142590523, 0.0024533472023904324, 0.0017940885154530406, 0.0024525620974600315, -0.00663860235363245], [-0.0005905201542191207, -0.0037385434843599796, 0.0007847378728911281, -0.008378904312849045, 0.0064919739961624146, 5.8405643358128145e-05, 0.002754535060375929, -0.018383758142590523, 0.04138348996639252, -0.024674251675605774, 0.004109898116439581, 0.0022735397797077894, -0.0005644653574563563], [0.00020336238958407193, 0.003696381114423275, -0.006069743074476719, 0.008736692368984222, -0.012593694031238556, 0.010610261000692844, 0.0015592420240864158, 0.0024533472023904324, -0.024674251675605774, 0.043698955327272415, -0.02624686434864998, 0.008524077013134956, -0.00015426053141709417], [-9.807097376324236e-05, -0.009061820805072784, 0.009344793856143951, -0.008036265149712563, 0.011436361819505692, -0.018909966573119164, 0.007994500920176506, 0.0017940885154530406, 0.004109898116439581, -0.02624686434864998, 0.053298283368349075, -0.039103902876377106, 0.012930115684866905], [-4.926401379634626e-05, 0.007065462414175272, -0.012505647726356983, 0.009989455342292786, -0.006020931527018547, 0.012749495916068554, -0.008515209890902042, 0.0024525620974600315, 0.0022735397797077894, 0.008524077013134956, -0.039103902876377106, 0.06098352000117302, -0.031827036291360855], [0.0007281496073119342, -0.007259387522935867, 0.005481620319187641, -0.008746949024498463, 0.0034898670855909586, -0.006492706947028637, 0.00810406357049942, -0.00663860235363245, -0.0005644653574563563, -0.00015426053141709417, 0.012930115684866905, -0.031827036291360855, 0.042075082659721375]], "lowlevel.mfcc.cov": [[840.9497680664062, -143.29620361328125, 162.19053649902344, -93.33628845214844, -21.76327896118164, 4.879572868347168, -50.464263916015625, -23.614953994750977, -85.8082046508789, -31.824113845825195, -10.276582717895508, -4.316433906555176, -11.946390151977539], [-143.29620361328125, 370.82391357421875, -157.28822326660156, 31.952917098999023, -38.699798583984375, -12.3030366897583, 41.292022705078125, -6.530440330505371, 39.1186408996582, 4.073870658874512, 32.68384552001953, 20.449020385742188, 28.79520606994629], [162.19053649902344, -157.28822326660156, 264.06451416015625, 66.22303009033203, 62.36994552612305, 30.980426788330078, -47.6681022644043, -6.8642802238464355, -25.497270584106445, -3.229801893234253, -15.176642417907715, -2.6213762760162354, 28.387359619140625], [-93.33628845214844, 31.952917098999023, 66.22303009033203, 193.6680145263672, 101.08597564697266, 34.429893493652344, -27.934736251831055, -24.134449005126953, 31.607585906982422, 22.247785568237305, 1.3780502080917358, 7.867669105529785, 28.393266677856445], [-21.76327896118164, -38.699798583984375, 62.36994552612305, 101.08597564697266, 124.36428833007812, 43.21128463745117, -19.95087242126465, -24.826406478881836, 3.8212709426879883, 13.194270133972168, 3.4509918689727783, 3.7747933864593506, 10.508349418640137], [4.879572868347168, -12.3030366897583, 30.980426788330078, 34.429893493652344, 43.21128463745117, 75.43842315673828, 42.338382720947266, 24.13811683654785, 8.917407035827637, 8.38947582244873, 9.065940856933594, 4.722789287567139, -5.000524520874023], [-50.464263916015625, 41.292022705078125, -47.6681022644043, -27.934736251831055, -19.95087242126465, 42.338382720947266, 126.99456787109375, 88.79954528808594, 44.2214241027832, 7.732540607452393, 9.541422843933105, 6.229521751403809, -10.335890769958496], [-23.614953994750977, -6.530440330505371, -6.8642802238464355, -24.134449005126953, -24.826406478881836, 24.13811683654785, 88.79954528808594, 118.38179016113281, 58.01250457763672, 18.9825382232666, -0.5844101309776306, -2.1557741165161133, -10.820405006408691], [-85.8082046508789, 39.1186408996582, -25.497270584106445, 31.607585906982422, 3.8212709426879883, 8.917407035827637, 44.2214241027832, 58.01250457763672, 99.49197387695312, 46.52136993408203, 13.960185050964355, -1.7118768692016602, 0.033810704946517944], [-31.824113845825195, 4.073870658874512, -3.229801893234253, 22.247785568237305, 13.194270133972168, 8.38947582244873, 7.732540607452393, 18.9825382232666, 46.52136993408203, 62.74284744262695, 29.484848022460938, 8.337424278259277, -2.0344882011413574], [-10.276582717895508, 32.68384552001953, -15.176642417907715, 1.3780502080917358, 3.4509918689727783, 9.065940856933594, 9.541422843933105, -0.5844101309776306, 13.960185050964355, 29.484848022460938, 54.45048522949219, 24.23308753967285, 8.695718765258789], [-4.316433906555176, 20.449020385742188, -2.6213762760162354, 7.867669105529785, 3.7747933864593506, 4.722789287567139, 6.229521751403809, -2.1557741165161133, -1.7118768692016602, 8.337424278259277, 24.23308753967285, 52.10021209716797, 34.04779052734375], [-11.946390151977539, 28.79520606994629, 28.387359619140625, 28.393266677856445, 10.508349418640137, -5.000524520874023, -10.335890769958496, -10.820405006408691, 0.033810704946517944, -2.0344882011413574, 8.695718765258789, 34.04779052734375, 74.8655014038086]], "lowlevel.mfcc.icov": [[0.001649087993428111, -0.00016338960267603397, -0.0012796882074326277, 0.0012129563838243484, 0.00011278215242782608, -0.0005472069606184959, 0.0006194959860295057, -8.214226545533165e-05, 0.0005825415719300508, 2.5589177312212996e-05, -7.900228956714272e-05, -0.00039946375181898475, 0.0005637526046484709], [-0.00016338960267603397, 0.005278146825730801, 0.003124888986349106, -0.0031982145737856627, 0.0028388455975800753, -9.473961836192757e-05, -0.001895531197078526, 0.00187427899800241, -0.0012438356643542647, 0.0020332150161266327, -0.003070046426728368, 0.0014773085713386536, -0.0026831841096282005], [-0.0012796882074326277, 0.003124888986349106, 0.00879732146859169, -0.0034049702808260918, 0.0002992501249536872, -0.0030913623049855232, 0.003380927024409175, -0.0034575031604617834, 0.001828102278523147, 0.0002837356587406248, -0.0008848521392792463, 0.0030292419251054525, -0.004999937489628792], [0.0012129563838243484, -0.0031982145737856627, -0.0034049702808260918, 0.014127721078693867, -0.008378589525818825, -0.0030206176452338696, 0.003542451886460185, 0.0015243500238284469, -0.005056924652308226, -0.0010216344380751252, 0.0040841917507350445, -0.0019595471676439047, -0.0005682943155989051], [0.00011278215242782608, 0.0028388455975800753, 0.0002992501249536872, -0.008378589525818825, 0.019763650372624397, -0.008709688670933247, 0.0005757884937338531, 0.004264338407665491, -0.00044790899846702814, -0.0009027344640344381, -0.0008372015436179936, 0.0007822962361387908, -0.0009526050998829305], [-0.0005472069606184959, -9.473961836192757e-05, -0.0030913623049855232, -0.0030206176452338696, -0.008709688670933247, 0.029134223237633705, -0.014159057289361954, 0.0001923976669786498, 0.004764660727232695, -0.001419547013938427, -0.0034154208842664957, -0.0008104978478513658, 0.0042329770512878895], [0.0006194959860295057, -0.001895531197078526, 0.003380927024409175, 0.003542451886460185, 0.0005757884937338531, -0.014159057289361954, 0.02853798307478428, -0.016875196248292923, -0.0034643213730305433, 0.006775153800845146, -0.0023469864390790462, -0.0028165183030068874, 0.0004160441749263555], [-8.214226545533165e-05, 0.00187427899800241, -0.0034575031604617834, 0.0015243500238284469, 0.004264338407665491, 0.0001923976669786498, -0.016875196248292923, 0.027933577075600624, -0.010759144090116024, -0.002509606536477804, 0.005417770240455866, -0.0014955117367208004, 0.0011081924894824624], [0.0005825415719300508, -0.0012438356643542647, 0.001828102278523147, -0.005056924652308226, -0.00044790899846702814, 0.004764660727232695, -0.0034643213730305433, -0.010759144090116024, 0.028508134186267853, -0.01709376834332943, 0.0008387734415009618, 0.0064390492625534534, -0.003359347814694047], [2.5589177312212996e-05, 0.0020332150161266327, 0.0002837356587406248, -0.0010216344380751252, -0.0009027344640344381, -0.001419547013938427, 0.006775153800845146, -0.002509606536477804, -0.01709376834332943, 0.03801792114973068, -0.01778356172144413, -0.0025908518582582474, 0.004391215275973082], [-7.900228956714272e-05, -0.003070046426728368, -0.0008848521392792463, 0.0040841917507350445, -0.0008372015436179936, -0.0034154208842664957, -0.0023469864390790462, 0.005417770240455866, 0.0008387734415009618, -0.01778356172144413, 0.03617700934410095, -0.013769625686109066, 0.0018797485390678048], [-0.00039946375181898475, 0.0014773085713386536, 0.0030292419251054525, -0.0019595471676439047, 0.0007822962361387908, -0.0008104978478513658, -0.0028165183030068874, -0.0014955117367208004, 0.0064390492625534534, -0.0025908518582582474, -0.013769625686109066, 0.03775611147284508, -0.017451252788305283], [0.0005637526046484709, -0.0026831841096282005, -0.004999937489628792, -0.0005682943155989051, -0.0009526050998829305, 0.0042329770512878895, 0.0004160441749263555, 0.0011081924894824624, -0.003359347814694047, 0.004391215275973082, 0.0018797485390678048, -0.017451252788305283, 0.02506382018327713]], "metadata.audio_properties.analysis.downmix": "mix", "metadata.audio_properties.codec": "mp3", "metadata.audio_properties.md5_encoded": "f45e49f6f31d980dc01b55676b5409c3", "metadata.tags.file_name": "1182273063673413702.mp3", "metadata.version.essentia": "2.1-beta6-dev", "metadata.version.essentia_git_sha": "v2.1_beta5-1110-g77a6a954", "metadata.version.extractor": "music 2.0", "tonal.chords_key": "Eb", "tonal.chords_scale": "major", "tonal.key_edma.key": "Ab", "tonal.key_edma.scale": "minor", "tonal.key_krumhansl.key": "Ab", "tonal.key_krumhansl.scale": "minor", "tonal.key_temperley.key": "Ab", "tonal.key_temperley.scale": "minor", "metadata.tags.encoding": ["Lavf58.45.100"]}, "essentia_models": [{"model_name": "genre_dortmund", "activations": {"alternative": "0.0037333192", "blues": "0.00024868432", "electronic": "0.0014319688", "folkcoun