{"song_id": "1182266278874984509", "download": "https://cdn.discordapp.com/attachments/1135903449314238464/1182266278874984509/chirp.mp4?ex=65841246&amp", "lyrics": "Brush your teeth up and down\n\nClean along gaps with care\nCavities go buzz buzz away\n\nTooth by tooth ding ding hooray\n\nChorus:\nHappily sing tra la la\nBrush diligently everyday\nFight tooth decay\nSmile bright, hip hip hooray\n\nVerse 2:\nCircle round those whites\n\nShoo away tiny bugs\n\nTooth by tooth make bright\nRinse and gargle after right\n\nChorus:\n\nHappily sing tra la la\nBrush diligently everyday\nFight tooth decay\nSmile bright, hip hip hooray", "style": ["Acoustic"], "essentia_features": {"lowlevel.average_loudness": 0.9090529680252075, "lowlevel.barkbands_crest.mean": 14.760750770568848, "lowlevel.barkbands_crest.stdev": 4.860911846160889, "lowlevel.barkbands_flatness_db.mean": 0.24541902542114258, "lowlevel.barkbands_flatness_db.stdev": 0.08202984929084778, "lowlevel.barkbands_kurtosis.mean": 26.39623260498047, "lowlevel.barkbands_kurtosis.stdev": 50.63991928100586, "lowlevel.barkbands_skewness.mean": 2.8208389282226562, "lowlevel.barkbands_skewness.stdev": 3.051729202270508, "lowlevel.barkbands_spread.mean": 14.955235481262207, "lowlevel.barkbands_spread.stdev": 20.438644409179688, "lowlevel.dissonance.mean": 0.4014177918434143, "lowlevel.dissonance.stdev": 0.06573165953159332, "lowlevel.dynamic_complexity": 3.4414072036743164, "lowlevel.erbbands_crest.mean": 15.285989761352539, "lowlevel.erbbands_crest.stdev": 6.0477447509765625, "lowlevel.erbbands_flatness_db.mean": 0.21898791193962097, "lowlevel.erbbands_flatness_db.stdev": 0.06985687464475632, "lowlevel.erbbands_kurtosis.mean": 10.336446762084961, "lowlevel.erbbands_kurtosis.stdev": 24.558834075927734, "lowlevel.erbbands_skewness.mean": 1.3480184078216553, "lowlevel.erbbands_skewness.stdev": 2.3451759815216064, "lowlevel.erbbands_spread.mean": 34.302032470703125, "lowlevel.erbbands_spread.stdev": 31.93004608154297, "lowlevel.hfc.mean": 20.039012908935547, "lowlevel.hfc.stdev": 34.207275390625, "lowlevel.loudness_ebu128.integrated": -17.577917098999023, "lowlevel.loudness_ebu128.loudness_range": 2.947021484375, "lowlevel.loudness_ebu128.momentary.mean": -18.082656860351562, "lowlevel.loudness_ebu128.momentary.stdev": 2.1711106300354004, "lowlevel.loudness_ebu128.short_term.mean": -17.608158111572266, "lowlevel.loudness_ebu128.short_term.stdev": 0.9137101173400879, "lowlevel.melbands_crest.mean": 18.510154724121094, "lowlevel.melbands_crest.stdev": 5.705008029937744, "lowlevel.melbands_flatness_db.mean": 0.3051270544528961, "lowlevel.melbands_flatness_db.stdev": 0.09172490239143372, "lowlevel.melbands_kurtosis.mean": 47.120079040527344, "lowlevel.melbands_kurtosis.stdev": 69.96768188476562, "lowlevel.melbands_skewness.mean": 3.896979331970215, "lowlevel.melbands_skewness.stdev": 3.368499994277954, "lowlevel.melbands_spread.mean": 24.351594924926758, "lowlevel.melbands_spread.stdev": 53.90945816040039, "lowlevel.pitch_salience.mean": 0.46894776821136475, "lowlevel.pitch_salience.stdev": 0.15446023643016815, "lowlevel.silence_rate_20dB.mean": 1.0, "lowlevel.silence_rate_20dB.stdev": 0.0, "lowlevel.silence_rate_30dB.mean": 0.9959486722946167, "lowlevel.silence_rate_30dB.stdev": 0.06352060288190842, "lowlevel.silence_rate_60dB.mean": 0.12559081614017487, "lowlevel.silence_rate_60dB.stdev": 0.3313870429992676, "lowlevel.spectral_centroid.mean": 1109.917724609375, "lowlevel.spectral_centroid.stdev": 1505.7818603515625, "lowlevel.spectral_complexity.mean": 6.159351825714111, "lowlevel.spectral_complexity.stdev": 3.8825082778930664, "lowlevel.spectral_decrease.mean": -5.532329261370705e-09, "lowlevel.spectral_decrease.stdev": 5.429201976880904e-09, "lowlevel.spectral_energy.mean": 0.022697879001498222, "lowlevel.spectral_energy.stdev": 0.021061452105641365, "lowlevel.spectral_energyband_high.mean": 0.0011396205518394709, "lowlevel.spectral_energyband_high.stdev": 0.0035888133570551872, "lowlevel.spectral_energyband_low.mean": 0.002568954834714532, "lowlevel.spectral_energyband_low.stdev": 0.005711102392524481, "lowlevel.spectral_energyband_middle_high.mean": 0.003131218021735549, "lowlevel.spectral_energyband_middle_high.stdev": 0.007968136109411716, "lowlevel.spectral_energyband_middle_low.mean": 0.016795627772808075, "lowlevel.spectral_energyband_middle_low.stdev": 0.018175216391682625, "lowlevel.spectral_entropy.mean": 6.787439823150635, "lowlevel.spectral_entropy.stdev": 0.909403920173645, "lowlevel.spectral_flux.mean": 0.06928829848766327, "lowlevel.spectral_flux.stdev": 0.04729929566383362, "lowlevel.spectral_kurtosis.mean": 7.716654300689697, "lowlevel.spectral_kurtosis.stdev": 20.38870620727539, "lowlevel.spectral_rms.mean": 0.004196326248347759, "lowlevel.spectral_rms.stdev": 0.0021295833867043257, "lowlevel.spectral_rolloff.mean": 1759.5992431640625, "lowlevel.spectral_rolloff.stdev": 3107.36474609375, "lowlevel.spectral_skewness.mean": 1.9750770330429077, "lowlevel.spectral_skewness.stdev": 1.4044525623321533, "lowlevel.spectral_spread.mean": 6082774.5, "lowlevel.spectral_spread.stdev": 2877358.25, "lowlevel.spectral_strongpeak.mean": 1.5226426124572754, "lowlevel.spectral_strongpeak.stdev": 1.6944003105163574, "lowlevel.zerocrossingrate.mean": 0.07010775804519653, "lowlevel.zerocrossingrate.stdev": 0.09132412821054459, "metadata.audio_properties.analysis.equal_loudness": 0.0, "metadata.audio_properties.analysis.length": 34.34664535522461, "metadata.audio_properties.analysis.sample_rate": 44100.0, "metadata.audio_properties.analysis.start_time": 0.0, "metadata.audio_properties.bit_rate": 127140.0, "metadata.audio_properties.length": 34.3466682434082, "metadata.audio_properties.lossless": 0.0, "metadata.audio_properties.number_channels": 1.0, "metadata.audio_properties.replay_gain": -10.225847244262695, "metadata.audio_properties.sample_rate": 48000.0, "rhythm.beats_count": 76.0, "rhythm.beats_loudness.mean": 0.03380567952990532, "rhythm.beats_loudness.stdev": 0.024964384734630585, "rhythm.bpm": 163.23561096191406, "rhythm.bpm_histogram_first_peak_bpm": 161.0, "rhythm.bpm_histogram_first_peak_weight": 0.3684210777282715, "rhythm.bpm_histogram_second_peak_bpm": 112.0, "rhythm.bpm_histogram_second_peak_spread": 0.529411792755127, "rhythm.bpm_histogram_second_peak_weight": 0.1066666692495346, "rhythm.danceability": 1.3328518867492676, "rhythm.onset_rate": 4.364838600158691, "tonal.chords_changes_rate": 0.06477732956409454, "tonal.chords_number_rate": 0.012145749293267727, "tonal.chords_strength.mean": 0.5513840913772583, "tonal.chords_strength.stdev": 0.10397692769765854, "tonal.hpcp_crest.mean": 18.873516082763672, "tonal.hpcp_crest.stdev": 9.084036827087402, "tonal.hpcp_entropy.mean": 1.4356440305709839, "tonal.hpcp_entropy.stdev": 0.8344070911407471, "tonal.key_edma.strength": 0.6301003098487854, "tonal.key_krumhansl.strength": 0.6352968215942383, "tonal.key_temperley.strength": 0.6463190317153931, "tonal.tuning_diatonic_strength": 0.5891441106796265, "tonal.tuning_equal_tempered_deviation": 0.06850364804267883, "tonal.tuning_frequency": 439.74591064453125, "tonal.tuning_nontempered_energy_ratio": 0.7782629728317261, "lowlevel.barkbands.mean": [5.395068455982255e-06, 0.00028142289374955, 0.0014564519515261054, 0.002303415909409523, 0.00566203473135829, 0.004984235856682062, 0.0005033164052292705, 0.0016690734773874283, 0.0014589434722438455, 0.0009036653209477663, 0.0007895319722592831, 0.0007259187404997647, 0.00015086450730450451, 0.00013234038488008082, 0.00015200387861113995, 9.987026714952663e-05, 9.841068822424859e-05, 6.202050280990079e-05, 7.888624531915411e-05, 0.00010369221854489297, 8.37869374663569e-05, 6.641187064815313e-05, 9.641098586143926e-05, 0.00028757521067745984, 0.0004439445328898728, 9.772315388545394e-05, 5.47594936506357e-07], "lowlevel.barkbands.stdev": [2.2521582650369965e-05, 0.0011470008175820112, 0.0034887706860899925, 0.006931101903319359, 0.009596273303031921, 0.008927209302783012, 0.0019346303306519985, 0.0054792859591543674, 0.004614893347024918, 0.0035779080353677273, 0.003499390557408333, 0.004064966458827257, 0.0008311509154736996, 0.0006779330433346331, 0.000619914208073169, 0.0003623388765845448, 0.00034683168632909656, 0.00012849547783844173, 0.00023840280482545495, 0.00043730009929277003, 0.0002567489573266357, 0.00030829780735075474, 0.0004280680150259286, 0.0010781207820400596, 0.0017552924109622836, 0.0003782394924201071, 2.560470193202491e-06], "lowlevel.erbbands.mean": [0.0021653391886502504, 0.11186213791370392, 1.4416868686676025, 4.480837821960449, 10.01733112335205, 21.32622528076172, 48.25550079345703, 30.278709411621094, 7.200920581817627, 16.06611442565918, 43.3999137878418, 29.04603385925293, 29.03338623046875, 32.687068939208984, 35.24876022338867, 21.99028778076172, 6.928714752197266, 8.345973014831543, 8.465045928955078, 4.597661018371582, 6.224383354187012, 6.199284553527832, 3.117960214614868, 4.50897216796875, 3.7997055053710938, 4.538881301879883, 4.929378509521484, 2.2812108993530273, 2.528782367706299, 2.0982553958892822, 2.9886956214904785, 4.6302618980407715, 5.718941688537598, 5.63929557800293, 2.697420835494995, 0.6675638556480408, 0.1366032361984253, 0.012587844394147396, 0.0002898958045989275, 4.5089127524988726e-05], "lowlevel.erbbands.stdev": [0.008252729661762714, 0.3930225968360901, 3.6076362133026123, 11.347064018249512, 24.357912063598633, 44.57414245605469, 77.4073486328125, 69.08372497558594, 21.795053482055664, 49.02341079711914, 131.97653198242188, 82.37193298339844, 120.30592346191406, 109.88995361328125, 170.93336486816406, 105.95169830322266, 27.18971061706543, 41.160850524902344, 34.523536682128906, 14.398285865783691, 21.5146427154541, 21.79037857055664, 6.85536527633667, 10.192419052124023, 13.884507179260254, 18.97511863708496, 16.329177856445312, 7.598670482635498, 11.629758834838867, 11.004993438720703, 12.950318336486816, 20.304035186767578, 21.348093032836914, 22.09884262084961, 11.097294807434082, 2.7956764698028564, 0.4968767464160919, 0.044244132936000824, 0.0009552329429425299, 7.102370000211522e-05], "lowlevel.gfcc.mean": [-81.87073516845703, 71.49658966064453, -72.78631591796875, 21.638912200927734, -76.04471588134766, -0.49075520038604736, -54.947078704833984, 8.60422420501709, -47.49551010131836, -5.739549160003662, -24.668209075927734, -9.359476089477539, -3.3668394088745117], "lowlevel.melbands.mean": [4.328165960032493e-05, 0.0005449343589134514, 0.0009762992849573493, 0.001073677558451891, 0.001539090764708817, 0.0007174012716859579, 0.00010801634198287502, 0.00021621069754473865, 0.00035994008067063987, 0.00018062887829728425, 0.0001446706592105329, 0.00013264019798953086, 0.00010252578795189038, 0.0001049498314387165, 2.0795492673642002e-05, 1.6822899851831608e-05, 1.4601804650737904e-05, 1.2891119695268571e-05, 9.645955287851393e-06, 5.656497251038672e-06, 6.89176067680819e-06, 7.370012554019922e-06, 2.9202269615780097e-06, 2.7136816243000794e-06, 3.834482868114719e-06, 2.7192870675207814e-06, 2.8341141842247453e-06, 3.0799772048339946e-06, 3.5305774872540496e-06, 1.9769781829381827e-06, 1.073727389666601e-06, 1.41637860906485e-06, 1.3174296782381134e-06, 1.0990589771608938e-06, 1.3807388086206629e-06, 2.572085350038833e-06, 2.856366563719348e-06, 3.5246355309936916e-06, 4.848978278459981e-06, 4.829644240089692e-06], "lowlevel.melbands.stdev": [0.00018066636403091252, 0.0013475308660417795, 0.0024878382682800293, 0.0021337575744837523, 0.0022616982460021973, 0.0014805190730839968, 0.00034530225093476474, 0.0007212088676169515, 0.0011223922483623028, 0.0005686123040504754, 0.0006181272328831255, 0.0004570611345116049, 0.0004541918751783669, 0.0005861549288965762, 8.595697727287188e-05, 9.639911877457052e-05, 7.258273399202153e-05, 5.588075873674825e-05, 3.860914148390293e-05, 1.8431477656122297e-05, 2.7456875614007004e-05, 2.9143808205844834e-05, 7.043001460260712e-06, 6.318488885881379e-06, 9.066935490409378e-06, 9.309573215432465e-06, 1.2372907804092392e-05, 1.398534732288681e-05, 1.3150092854630202e-05, 5.981203685223591e-06, 3.971630121668568e-06, 6.502230007754406e-06, 6.6461270762374625e-06, 6.275536179600749e-06, 6.448587555496488e-06, 1.0861982445931062e-05, 1.2798854186257813e-05, 1.3483285329130013e-05, 1.9164079276379198e-05, 1.925994729390368e-05], "lowlevel.melbands128.mean": [3.142683681289782e-06, 5.368210622691549e-06, 1.8745169654721394e-05, 0.0001887926773633808, 0.0006558202439919114, 0.0006868010386824608, 0.0007751808152534068, 0.0013388730585575104, 0.0008661240572109818, 0.000993917929008603, 0.001233027665875852, 0.0012670212890952826, 0.001939469249919057, 0.0014944253489375114, 0.0007166517316363752, 0.0003174718585796654, 8.204325422411785e-05, 5.819680154672824e-05, 0.00015694592730142176, 0.00011809772695414722, 0.00029907369753345847, 0.00038113712798804045, 0.00042505815508775413, 0.00029078201623633504, 0.00010547943384153768, 0.00020449041039682925, 0.00015570041432511061, 0.00012389186304062605, 0.00015926372725516558, 0.00011012832692358643, 0.00015882136358413845, 0.00010649563046172261, 3.949406891479157e-05, 0.00016108204727061093, 0.00015519058797508478, 8.101839193841442e-05, 2.9542996344389394e-05, 2.5489180188742466e-05, 7.736269253655337e-06, 8.495911060890649e-06, 2.366069020354189e-05, 2.1532343453145586e-05, 1.469419748900691e-05, 1.0957764061458874e-05, 9.835407581704203e-06, 1.3614119779958855e-05, 1.7348354958812706e-05, 1.083489587472286e-05, 6.618291536142351e-06, 2.255029812658904e-06, 4.372217063064454e-06, 1.0782313438539859e-05, 8.297734893858433e-06, 4.367647761682747e-06, 5.305144895828562e-06, 1.1802501830970868e-05, 4.54955579698435e-06, 2.3090262857294874e-06, 2.956333901238395e-06, 2.7595635856414447e-06, 1.6927835986280115e-06, 3.2949189971986925e-06, 5.0599005589901935e-06, 3.3181347589561483e-06, 3.239480975025799e-06, 2.6854770567297237e-06, 2.3463246634491952e-06, 2.851706540241139e-06, 3.053606178582413e-06, 2.6442960461281473e-06, 2.8355809718050295e-06, 3.1750830657983897e-06, 4.2914321056741755e-06, 3.5532591482478892e-06, 2.882444960050634e-06, 2.154530875486671e-06, 1.6357487311324803e-06, 1.0227297480014386e-06, 1.062771389115369e-06, 9.50585331338516e-07, 1.3203878097556299e-06, 1.6703709206922213e-06, 1.540727907922701e-06, 1.285233906855865e-06, 1.1624108537944267e-06, 1.0295666470483411e-06, 1.1905458450200967e-06, 9.755611927175778e-07, 1.1486786206660327e-06, 1.7346729919154313e-06, 2.557981133577414e-06, 2.6374739263701485e-06, 2.9630882636411116e-06, 3.1046990898175864e-06, 2.48652736445365e-06, 2.859385404008208e-06, 3.45251851285866e-06, 5.0268567974853795e-06, 4.759720013680635e-06, 5.037625214754371e-06, 4.65331822852022e-06, 4.859614364249865e-06, 5.0280546020076144e-06, 4.447428182174917e-06, 3.065520331801963e-06, 1.960624786079279e-06, 1.46531658629101e-06, 1.5249424905050546e-06, 1.1795789305324433e-06, 6.65866707549867e-07, 5.13629856868647e-07, 5.561037710322125e-07, 3.91864631410499e-07, 3.0469706757685344e-07, 2.1189138976751565e-07, 1.3216794059189851e-07, 2.7937186786175516e-08, 9.729641536893041e-10, 5.650700393711183e-11, 1.5200967221074002e-11, 4.141589848849492e-12, 4.200132429355019e-12, 3.1956000345889635e-12, 3.1250722495879124e-12, 3.02907525451257e-12, 2.908706261961491e-12, 2.837993945750683e-12, 2.8138563527846383e-12], "lowlevel.melbands128.stdev": [1.4566012396244332e-05, 2.5141829610220157e-05, 0.00012108738155802712, 0.0007586744613945484, 0.0018834169022738934, 0.0015582230407744646, 0.0020609600469470024, 0.004243030678480864, 0.0025161607190966606, 0.002648038323968649, 0.0032081683166325092, 0.0024985645432025194, 0.0035067605786025524, 0.0031853169202804565, 0.002193534979596734, 0.0013553588651120663, 0.0005576582043431699, 0.00021228514378890395, 0.0007130938465707004, 0.0005131423240527511, 0.001345756114460528, 0.001676224055700004, 0.0016648926539346576, 0.0013292941730469465, 0.0003988807729911059, 0.0009603592334315181, 0.0011155513348057866, 0.0007734224782325327, 0.0008675383869558573, 0.0005319956690073013, 0.0007208379101939499, 0.0006017466657795012, 0.0002804789983201772, 0.0011264681816101074, 0.0011577503755688667, 0.0006046532071195543, 0.0001472145231673494, 0.00014537414244841784, 5.952970968792215e-05, 5.078578396933153e-05, 0.00017174208187498152, 0.00020225232583470643, 9.650115680415183e-05, 6.390889757312834e-05, 7.588671724079177e-05, 8.841753151500598e-05, 9.641539509175345e-05, 6.354811193887144e-05, 3.967239535995759e-05, 1.2439299098332413e-05, 2.3898925064713694e-05, 4.319416621001437e-05, 4.237002576701343e-05, 3.437058694544248e-05, 2.616307756397873e-05, 5.83935652684886e-05, 1.8031585568678565e-05, 1.1002177416230552e-05, 8.260029972007032e-06, 8.683998203196097e-06, 8.761424396652728e-06, 9.125271390075795e-06, 1.4433232536248397e-05, 1.280144806514727e-05, 1.3975147339806426e-05, 1.0187513908022083e-05, 1.1561092833289877e-05, 1.5889549104031175e-05, 1.647554017836228e-05, 1.2216212780913338e-05, 1.541215715405997e-05, 1.6396501450799406e-05, 1.976507883227896e-05, 1.4742491657671053e-05, 8.818476089800242e-06, 7.191710210463498e-06, 5.256310487311566e-06, 3.391353175175027e-06, 4.767910922964802e-06, 3.916839887097012e-06, 6.2782041823084e-06, 8.09479479357833e-06, 7.867971362429671e-06, 7.3295541369589046e-06, 6.421799753297819e-06, 5.936527486483101e-06, 8.037725820031483e-06, 5.778676495538093e-06, 6.364235559885856e-06, 8.203444849641528e-06, 1.056216387951281e-05, 1.128365965996636e-05, 1.612919913895894e-05, 1.587146289239172e-05, 1.0361276508774608e-05, 1.195250570162898e-05, 1.4415831174119376e-05, 2.156793198082596e-05, 1.8927732526208274e-05, 2.2635516870650463e-05, 1.8722366803558543e-05, 2.008791852858849e-05, 2.2892207198310643e-05, 1.8990040189237334e-05, 1.382606933475472e-05, 9.435204447072465e-06, 6.161504643387161e-06, 6.9776069722138345e-06, 5.40215023647761e-06, 3.2580985589447664e-06, 2.3089428395905998e-06, 2.2921233266970376e-06, 1.4898780591465766e-06, 1.0919435453615733e-06, 7.615442996211641e-07, 5.864699801350071e-07, 1.1735162530612797e-07, 4.9462327567084685e-09, 1.4648471324818502e-09, 2.8987173772421215e-10, 2.4638643555952022e-11, 3.127663406043979e-11, 5.6146337579221495e-12, 5.507701499735118e-12, 5.420850834186863e-12, 5.351375592654861e-12, 5.301148409131429e-12, 5.270475895990945e-12], "lowlevel.mfcc.mean": [-747.2785034179688, 112.01579284667969, 41.15721893310547, 20.370357513427734, 6.326631546020508, -17.157825469970703, 8.218045234680176, -14.435522079467773, -0.22682584822177887, -12.349702835083008, -21.518686294555664, -5.135635852813721, -16.932079315185547], "lowlevel.spectral_contrast_coeffs.mean": [-0.5645288228988647, -0.679448127746582, -0.7308825850486755, -0.7812711596488953, -0.7844894528388977, -0.7693988084793091], "lowlevel.spectral_contrast_coeffs.stdev": [0.09470120072364807, 0.12378615885972977, 0.11422614008188248, 0.07714220881462097, 0.06781978905200958, 0.049242325127124786], "lowlevel.spectral_contrast_valleys.mean": [-7.831517696380615, -8.150419235229492, -8.93039321899414, -9.430839538574219, -8.876755714416504, -11.011811256408691], "lowlevel.spectral_contrast_valleys.stdev": [0.9042745232582092, 0.8875004649162292, 1.0646417140960693, 1.1889938116073608, 1.2093439102172852, 1.2364497184753418], "rhythm.beats_loudness_band_ratio.mean": [0.24901919066905975, 0.3821820914745331, 0.15611465275287628, 0.09114810079336166, 0.01650434173643589, 0.13923627138137817], "rhythm.beats_loudness_band_ratio.stdev": [0.2841646373271942, 0.29363563656806946, 0.21530231833457947, 0.189634308218956, 0.028189821168780327, 0.30605828762054443], "tonal.hpcp.mean": [0.03161162883043289, 0.044544391334056854, 0.13857941329479218, 0.25638920068740845, 0.18374530971050262, 0.04165877774357796, 0.014680949039757252, 0.01959926262497902, 0.05706937983632088, 0.08824433386325836, 0.08279258012771606, 0.0940033569931984, 0.16080117225646973, 0.13690756261348724, 0.06171666830778122, 0.055596139281988144, 0.0699864998459816, 0.15675581991672516, 0.19803358614444733, 0.10619503259658813, 0.033565323799848557, 0.02958947978913784, 0.04356192797422409, 0.14104674756526947, 0.18255586922168732, 0.09311649203300476, 0.03692186251282692, 0.026286855340003967, 0.024334896355867386, 0.02057664282619953, 0.020046614110469818, 0.03272092342376709, 0.06402698159217834, 0.09646587073802948, 0.08397214114665985, 0.048305973410606384], "tonal.hpcp.stdev": [0.11075571924448013, 0.14720527827739716, 0.25149765610694885, 0.3834572434425354, 0.30043935775756836, 0.15013155341148376, 0.08454716205596924, 0.1012892872095108, 0.17921386659145355, 0.2459152489900589, 0.2108338475227356, 0.22972948849201202, 0.31196004152297974, 0.2801348567008972, 0.1853640079498291, 0.18995720148086548, 0.19942986965179443, 0.29640743136405945, 0.34183552861213684, 0.23405474424362183, 0.1373378187417984, 0.1317412406206131, 0.1571541428565979, 0.28127312660217285, 0.3213941156864166, 0.21992483735084534, 0.1379351168870926, 0.12207445502281189, 0.11824212968349457, 0.096306212246418, 0.09276889264583588, 0.12264326214790344, 0.18525952100753784, 0.2415274679660797, 0.21608787775039673, 0.1451321542263031], "rhythm.beats_position": [0.5804988741874695, 1.172607660293579, 1.7879364490509033, 2.391655206680298, 2.972154140472412, 3.5526530742645264, 4.121541976928711, 4.690430641174316, 5.25931978225708, 5.839818477630615, 6.3854875564575195, 6.919546127319336, 7.4536051750183105, 7.987664222717285, 8.521722793579102, 9.067392349243164, 9.60145092010498, 10.123900413513184, 10.657958984375, 11.192017555236816, 11.72607707977295, 12.283355712890625, 12.8406343460083, 13.386303901672363, 13.93197250366211, 14.489251136779785, 14.988480567932129, 15.487709045410156, 16.01015853881836, 16.439727783203125, 16.88090705871582, 17.298866271972656, 17.716825485229492, 18.08834457397461, 18.459863662719727, 18.819772720336914, 19.20290184020996, 19.586030960083008, 19.969160079956055, 20.36389923095703, 20.758638381958008, 21.153377532958984, 21.53650665283203, 21.942855834960938, 22.337596893310547, 22.709115982055664, 23.09224510192871, 23.463764190673828, 23.823673248291016, 24.195192337036133, 24.55510139465332, 24.926620483398438, 25.298139572143555, 25.6812686920166, 26.076007843017578, 26.470746994018555, 26.842267990112305, 27.213787078857422, 27.58530616760254, 27.980045318603516, 28.351564407348633, 28.73469352722168, 29.106212615966797, 29.454511642456055, 29.814420700073242, 30.1627197265625, 30.51102066040039, 30.870929718017578, 31.230838775634766, 31.567527770996094, 31.904216766357422, 32.25251770019531, 32.60081481933594, 32.94911575317383, 33.29741287231445, 33.645713806152344], "rhythm.bpm_histogram": [0.0, 0.0, 0.0, 0.0, 0.0, 0.0, 0.0, 0.0, 0.0, 0.0, 0.0, 0.0, 0.0, 0.0, 0.0, 0.0, 0.0, 0.0, 0.0, 0.0, 0.0, 0.0, 0.0, 0.0, 0.0, 0.0, 0.0, 0.0, 0.0, 0.0, 0.0, 0.0, 0.0, 0.0, 0.0, 0.0, 0.0, 0.0, 0.0, 0.0, 0.0, 0.0, 0.0, 0.0, 0.0, 0.0, 0.0, 0.0, 0.0, 0.0, 0.0, 0.0, 0.0, 0.0, 0.0, 0.0, 0.0, 0.0, 0.0, 0.0, 0.0, 0.0, 0.0, 0.0, 0.0, 0.0, 0.0, 0.0, 0.0, 0.0, 0.0, 0.0, 0.0, 0.0, 0.0, 0.0, 0.0, 0.0, 0.0, 0.0, 0.0, 0.0, 0.0, 0.0, 0.0, 0.0, 0.0, 0.0, 0.0, 0.0, 0.0, 0.0, 0.0, 0.0, 0.0, 0.0, 0.0, 0.0, 0.013333333656191826, 0.013333333656191826, 0.0, 0.013333333656191826, 0.0, 0.03999999910593033, 0.0, 0.03999999910593033, 0.0, 0.0, 0.03999999910593033, 0.0, 0.0533333346247673, 0.0, 0.1066666692495346, 0.0, 0.0, 0.02666666731238365, 0.0, 0.0, 0.0, 0.0, 0.02666666731238365, 0.0, 0.0, 0.0, 0.0, 0.0, 0.0, 0.0, 0.0, 0.0, 0.0, 0.0, 0.0, 0.0, 0.0, 0.0, 0.013333333656191826, 0.0, 0.0, 0.0, 0.013333333656191826, 0.0, 0.0, 0.0, 0.02666666731238365, 0.0, 0.0, 0.0, 0.013333333656191826, 0.0, 0.0, 0.0, 0.09333333373069763, 0.0, 0.0, 0.0, 0.0, 0.09333333373069763, 0.0, 0.0, 0.0, 0.1599999964237213, 0.0, 0.0, 0.0, 0.0, 0.0, 0.07999999821186066, 0.0, 0.0, 0.0, 0.0, 0.1066666692495346, 0.0, 0.0, 0.0, 0.0, 0.0, 0.02666666731238365, 0.0, 0.0, 0.0, 0.0, 0.0, 0.0, 0.0, 0.0, 0.0, 0.0, 0.0, 0.0, 0.0, 0.0, 0.0, 0.0, 0.0, 0.0, 0.0, 0.0, 0.0, 0.0, 0.0, 0.0, 0.0, 0.0, 0.0, 0.0, 0.0, 0.0, 0.0, 0.0, 0.0, 0.0, 0.0, 0.0, 0.0, 0.0, 0.0, 0.0, 0.0, 0.0, 0.0, 0.0, 0.0, 0.0, 0.0, 0.0, 0.0, 0.0, 0.0, 0.0, 0.0, 0.0, 0.0, 0.0, 0.0, 0.0, 0.0, 0.0, 0.0, 0.0, 0.0, 0.0, 0.0, 0.0, 0.0, 0.0, 0.0, 0.0, 0.0], "tonal.chords_histogram": [1.484480381011963, 0.0, 3.37381911277771, 0.0, 0.0, 3.5087718963623047, 1.214574933052063, 0.0, 0.0, 0.0, 0.0, 0.0, 0.0, 0.0, 0.0, 0.0, 0.0, 0.6747638583183289, 0.0, 39.541160583496094, 19.163291931152344, 2.429149866104126, 25.101215362548828, 3.5087718963623047], "tonal.thpcp": [1.0, 0.7166655659675598, 0.16248257458209991, 0.05726040154695511, 0.07644340395927429, 0.22258886694908142, 0.3441811800003052, 0.3229175806045532, 0.36664319038391113, 0.62717604637146, 0.5339833498001099, 0.24071477353572845, 0.21684275567531586, 0.2729697525501251, 0.611397922039032, 0.7723944187164307, 0.41419464349746704, 0.13091550767421722, 0.11540845036506653, 0.16990546882152557, 0.5501275062561035, 0.7120263576507568, 0.3631841540336609, 0.14400708675384521, 0.10252715647220612, 0.09491389244794846, 0.08025550097227097, 0.0781882181763649, 0.1276220828294754, 0.24972572922706604, 0.3762477934360504, 0.3275182545185089, 0.188408762216568, 0.12329547852277756, 0.17373739182949066, 0.5405040979385376], "lowlevel.gfcc.cov": [[7204.109375, -535.6575317382812, -1764.888671875, -944.10546875, -112.00113677978516, -220.26414489746094, -246.00765991210938, 419.7695617675781, -239.70962524414062, 276.4439697265625, 85.76514434814453, 104.8611831665039, 85.45435333251953], [-535.6575317382812, 3546.49755859375, -932.6019287109375, -1036.343017578125, 427.4759216308594, -446.11651611328125, 154.87576293945312, -290.5125427246094, 74.572021484375, -187.36001586914062, 195.48191833496094, -256.2076416015625, 216.2875213623047], [-1764.888671875, -932.6019287109375, 2178.179443359375, 817.47802734375, -343.356689453125, 186.74343872070312, -117.58566284179688, -96.66923522949219, 142.05384826660156, -73.18844604492188, -163.09744262695312, 36.10172653198242, -232.69125366210938], [-944.10546875, -1036.343017578125, 817.47802734375, 1364.452392578125, 115.90222930908203, 40.397918701171875, -53.7348518371582, 99.05261993408203, 87.6615219116211, -109.93389892578125, -185.85838317871094, 105.05393981933594, -107.28334045410156], [-112.00113677978516, 427.4759216308594, -343.356689453125, 115.90222930908203, 466.2696838378906, 11.113166809082031, 6.26292085647583, 32.914344787597656, 11.485736846923828, -46.865211486816406, -31.003206253051758, -2.800785779953003, 56.127227783203125], [-220.26414489746094, -446.11651611328125, 186.74343872070312, 40.397918701171875, 11.113166809082031, 530.9475708007812, 170.42233276367188, -104.92338562011719, -23.324384689331055, 66.91072082519531, -42.05923080444336, -53.55109405517578, -89.86701965332031], [-246.00765991210938, 154.87576293945312, -117.58566284179688, -53.7348518371582, 6.26292085647583, 170.42233276367188, 358.5125732421875, -12.668318748474121, -47.04380798339844, -33.99435806274414, -3.9912524223327637, -67.7037124633789, -23.10933494567871], [419.7695617675781, -290.5125427246094, -96.66923522949219, 99.05261993408203, 32.914344787597656, -104.92338562011719, -12.668318748474121, 361.9433288574219, 30.356796264648438, -31.348995208740234, -75.44904327392578, 34.89080047607422, 32.785430908203125], [-239.70962524414062, 74.572021484375, 142.05384826660156, 87.6615219116211, 11.485736846923828, -23.324384689331055, -47.04380798339844, 30.356796264648438, 187.81871032714844, 3.056347608566284, -36.50355529785156, 9.411288261413574, 4.394665718078613], [276.4439697265625, -187.36001586914062, -73.18844604492188, -109.93389892578125, -46.865211486816406, 66.91072082519531, -33.99435806274414, -31.348995208740234, 3.056347608566284, 186.51072692871094, 61.11457443237305, -4.252867221832275, 0.751896321773529], [85.76514434814453, 195.48191833496094, -163.09744262695312, -185.85838317871094, -31.003206253051758, -42.05923080444336, -3.9912524223327637, -75.44904327392578, -36.50355529785156, 61.11457443237305, 234.78982543945312, 43.22895050048828, 42.971885681152344], [104.8611831665039, -256.2076416015625, 36.10172653198242, 105.05393981933594, -2.800785779953003, -53.55109405517578, -67.7037124633789, 34.89080047607422, 9.411288261413574, -4.252867221832275, 43.22895050048828, 189.86032104492188, 30.979772567749023], [85.45435333251953, 216.2875213623047, -232.69125366210938, -107.28334045410156, 56.127227783203125, -89.86701965332031, -23.10933494567871, 32.785430908203125, 4.394665718078613, 0.751896321773529, 42.971885681152344, 30.979772567749023, 166.93946838378906]], "lowlevel.gfcc.icov": [[0.0002412139147054404, 1.5278686987585388e-05, 0.00021196484158281237, 8.208785584429279e-05, 0.0001510283473180607, -3.416970503167249e-05, 0.00024128585937432945, -0.00026478516520000994, 0.00022245975560508668, -0.00020871107699349523, 0.00012168646208010614, -0.00014913974155206233, 0.00021260212815832347], [1.5278686987585388e-05, 0.0012342003174126148, -0.00014725379878655076, 0.0009521933970972896, -0.0014168272027745843, 0.0013675802620127797, -0.0008380418294109404, 0.0011460031382739544, -0.0011376419570297003, 0.001166562200523913, -0.0006190268322825432, 0.001300013274885714, -0.00038591676275245845], [0.00021196484158281237, -0.00014725379878655076, 0.0011764101218432188, -0.0005694140563718975, 0.0011563607258722186, -0.0006123713101260364, 0.0007752975798211992, -0.00010522616503294557, -0.00018831044144462794, 0.0002068988687824458, 0.00026004365645349026, -0.0002517953689675778, 0.0007494736346416175], [8.208785584429279e-05, 0.0009521933970972896, -0.0005694140563718975, 0.0020433515310287476, -0.0017439519288018346, 0.0011691529070958495, -0.0007181104738265276, 0.0005677076405845582, -0.000820393324829638, 0.0008998171542771161, 0.00011956234811805189, 0.00016094656893983483, 0.0002055017976090312], [0.0001510283473180607, -0.0014168272027745843, 0.0011563607258722186, -0.0017439519288018346, 0.004896762780845165, -0.0022843850310891867, 0.0016432914417237043, -0.0013802703469991684, 0.0009910828666761518, -0.00043892598478123546, 0.0008901800611056387, -0.0012190333800390363, -0.0001551652530906722], [-3.416970503167249e-05, 0.0013675802620127797, -0.0006123713101260364, 0.0011691529070958495, -0.0022843850310891867, 0.004697949159890413, -0.002683845581486821, 0.002055766759440303, -0.0009672155720181763, -0.0005626025958918035, 0.00022757085389457643, 0.001206938992254436, 0.0004106648557353765], [0.00024128585937432945, -0.0008380418294109404, 0.0007752975798211992, -0.0007181104738265276, 0.0016432914417237043, -0.002683845581486821, 0.004981203470379114, -0.0014575514942407608, 0.0013674088986590505, 0.000761803996283561, -0.00018800994439516217, 0.00020254252012819052, 0.0005313375731930137], [-0.00026478516520000994, 0.0011460031382739544, -0.00010522616503294557, 0.0005677076405845582, -0.0013802703469991684, 0.002055766759440303, -0.0014575514942407608, 0.004904355853796005, -0.0016715803649276495, 0.001102736801840365, 0.0007765380432829261, 0.0006315098726190627, -0.0010033174185082316], [0.00022245975560508668, -0.0011376419570297003, -0.00018831044144462794, -0.000820393324829638, 0.0009910828666761518, -0.0009672155720181763, 0.0013674088986590505, -0.0016715803649276495, 0.007413689978420734, -0.0021094665862619877, 0.0014992374926805496, -0.0013743399176746607, -8.249798702308908e-05], [-0.00020871107699349523, 0.001166562200523913, 0.0002068988687824458, 0.0008998171542771161, -0.00043892598478123546, -0.0005626025958918035, 0.000761803996283561, 0.001102736801840365, -0.0021094665862619877, 0.008857793174684048, -0.0027594040147960186, 0.00206261919811368, -0.0004611473123077303], [0.00012168646208010614, -0.0006190268322825432, 0.00026004365645349026, 0.00011956234811805189, 0.0008901800611056387, 0.00022757085389457643, -0.00018800994439516217, 0.0007765380432829261, 0.0014992374926805496, -0.0027594040147960186, 0.006963167805224657, -0.0027942874003201723, -0.00047716693370603025], [-0.00014913974155206233, 0.001300013274885714, -0.0002517953689675778, 0.00016094656893983483, -0.0012190333800390363, 0.001206938992254436, 0.00020254252012819052, 0.0006315098726190627, -0.0013743399176746607, 0.00206261919811368, -0.0027942874003201723, 0.008368894457817078, -0.0016987965209409595], [0.00021260212815832347, -0.00038591676275245845, 0.0007494736346416175, 0.0002055017976090312, -0.0001551652530906722, 0.0004106648557353765, 0.0005313375731930137, -0.0010033174185082316, -8.249798702308908e-05, -0.0004611473123077303, -0.00047716693370603025, -0.0016987965209409595, 0.008544256910681725]], "lowlevel.mfcc.cov": [[7511.6103515625, -162.76242065429688, -2045.3753662109375, -501.8220520019531, -174.04696655273438, -693.3033447265625, 203.47628784179688, -275.76690673828125, -50.6424446105957, 116.31395721435547, -202.5369873046875, 106.37274932861328, -109.66282653808594], [-162.76242065429688, 3608.451416015625, -1192.0494384765625, -549.6318969726562, -127.23109436035156, -276.4991455078125, 118.09593200683594, -304.7795715332031, -103.06370544433594, -42.03541564941406, -144.6271209716797, 78.44338989257812, -215.45587158203125], [-2045.3753662109375, -1192.0494384765625, 2316.943115234375, 330.4429016113281, 27.750762939453125, 373.2164611816406, -311.82098388671875, 206.75375366210938, -18.833805084228516, -47.1594123840332, 242.45895385742188, -72.25204467773438, 152.05670166015625], [-501.8220520019531, -549.6318969726562, 330.4429016113281, 936.4949951171875, 248.39126586914062, -67.99893951416016, -166.8121337890625, 234.3412628173828, 108.11933135986328, -105.68340301513672, 35.744972229003906, -58.86547088623047, 85.81840515136719], [-174.04696655273438, -127.23109436035156, 27.750762939453125, 248.39126586914062, 459.0444641113281, -30.097808837890625, -106.07875061035156, 22.608564376831055, 95.78166198730469, -66.600341796875, -8.796712875366211, 29.42917823791504, 25.272207260131836], [-693.3033447265625, -276.4991455078125, 373.2164611816406, -67.99893951416016, -30.097808837890625, 648.5762939453125, 33.53044891357422, 61.83084487915039, -73.50234985351562, 111.54751586914062, 99.98380279541016, -133.2631378173828, 63.84992980957031], [203.47628784179688, 118.09593200683594, -311.82098388671875, -166.8121337890625, -106.07875061035156, 33.53044891357422, 383.5998840332031, -30.30708122253418, -12.564091682434082, 54.0724983215332, -33.14453887939453, 50.35728073120117, -63.38740921020508], [-275.76690673828125, -304.7795715332031, 206.75375366210938, 234.3412628173828, 22.608564376831055, 61.83084487915039, -30.30708122253418, 348.1896057128906, 88.0578842163086, -15.19205379486084, 53.043357849121094, -62.79420471191406, 57.13605880737305], [-50.6424446105957, -103.06370544433594, -18.833805084228516, 108.11933135986328, 95.78166198730469, -73.50234985351562, -12.564091682434082, 88.0578842163086, 309.75323486328125, 23.208240509033203, -7.909139633178711, 8.388529777526855, 2.367920160293579], [116.31395721435547, -42.03541564941406, -47.1594123840332, -105.68340301513672, -66.600341796875, 111.54751586914062, 54.0724983215332, -15.19205379486084, 23.208240509033203, 209.11764526367188, 25.007917404174805, -47.68039321899414, 9.02075481414795], [-202.5369873046875, -144.6271209716797, 242.45895385742188, 35.744972229003906, -8.796712875366211, 99.98380279541016, -33.14453887939453, 53.043357849121094, -7.909139633178711, 25.007917404174805, 169.05731201171875, -9.087656021118164, 21.462562561035156], [106.37274932861328, 78.44338989257812, -72.25204467773438, -58.86547088623047, 29.42917823791504, -133.2631378173828, 50.35728073120117, -62.79420471191406, 8.388529777526855, -47.68039321899414, -9.087656021118164, 187.5497283935547, -19.61359977722168], [-109.66282653808594, -215.45587158203125, 152.05670166015625, 85.81840515136719, 25.272207260131836, 63.84992980957031, -63.38740921020508, 57.13605880737305, 2.367920160293579, 9.02075481414795, 21.462562561035156, -19.61359977722168, 152.40835571289062]], "lowlevel.mfcc.icov": [[0.00022142723901197314, 0.00011251972318859771, 0.00021805104915983975, 0.00010120722436113283, 3.7214358599158004e-05, 0.0002159837313229218, 6.592570571228862e-05, 3.688845026772469e-05, 8.851030725054443e-05, -0.00010724247840698808, -7.214749348349869e-05, 4.8816298658493906e-05, -1.77960901055485e-05], [0.00011251972318859771, 0.00043677675421349704, 0.0002753640292212367, 0.00019274851365480572, 5.6155498896259815e-05, 0.00013855667202733457, 0.00014848733553662896, 0.00011847729911096394, 8.875722414813936e-05, 9.675558976596221e-05, -5.6127028074115515e-05, 5.598961070063524e-05, 0.00027314602630212903], [0.00021805104915983975, 0.0002753640292212367, 0.0009372620843350887, 1.585997233632952e-05, 0.00023294483253266662, -0.00015850485942792147, 0.0005758527549915016, -2.2010661268723197e-05, 7.278987322933972e-05, 0.00019416773284319788, -0.0006515128188766539, -0.00017631062655709684, -6.589606346096843e-05], [0.00010120722436113283, 0.00019274851365480572, 1.585997233632952e-05, 0.0018316467758268118, -0.0007442812784574926, 0.0005280051263980567, 0.00013917901378590614, -0.0007763748290017247, -3.575955270207487e-05, 0.0005080463597550988, -0.0001963782124221325, 0.0007212516502477229, -0.0003597741306293756], [3.7214358599158004e-05, 5.6155498896259815e-05, 0.00023294483253266662, -0.0007442812784574926, 0.003053150372579694, -0.0005055911606177688, 0.0007655860390514135, 0.0004660577396862209, -0.0008844707044772804, 0.0006214173627085984, 0.00020022212993353605, -0.0008712880662642419, -2.1281506633386016e-05], [0.0002159837313229218, 0.00013855667202733457, -0.00015850485942792147, 0.0005280051263980567, -0.0005055911606177688, 0.0028261730913072824, -0.0007480462663806975, -0.00013236660743132234, 0.0007197742233984172, -0.0008710894617252052, -0.0009566817316226661, 0.0017903938423842192, -0.0007440374465659261], [6.592570571228862e-05, 0.00014848733553662896, 0.0005758527549915016, 0.00013917901378590614, 0.0007655860390514135, -0.0007480462663806975, 0.0038943293038755655, -0.0004915937897749245, 3.638324051280506e-05, -0.0007306206389330328, 0.0005991312791593373, -0.0017148405313491821, 0.0013324795290827751], [3.688845026772469e-05, 0.00011847729911096394, -2.2010661268723197e-05, -0.0007763748290017247, 0.0004660577396862209, -0.00013236660743132234, -0.0004915937897749245, 0.004373900592327118, -0.0012397930258885026, 0.0008509789477102458, -0.0010231387568637729, 0.0012303729308769107, -0.0009415394742973149], [8.851030725054443e-05, 8.875722414813936e-05, 7.278987322933972e-05, -3.575955270207487e-05, -0.0008844707044772804, 0.0007197742233984172, 3.638324051280506e-05, -0.0012397930258885026, 0.004207173362374306, -0.0013988178689032793, 0.00034625784610398114, -0.0003316240035928786, 0.00038769879029132426], [-0.00010724247840698808, 9.675558976596221e-05, 0.00019416773284319788, 0.0005080463597550988, 0.0006214173627085984, -0.0008710894617252052, -0.0007306206389330328, 0.0008509789477102458, -0.0013988178689032793, 0.00678468169644475, -0.0011745886877179146, 0.0016680856933817267, -0.0007809369708411396], [-7.214749348349869e-05, -5.6127028074115515e-05, -0.0006515128188766539, -0.0001963782124221325, 0.00020022212993353605, -0.0009566817316226661, 0.0005991312791593373, -0.0010231387568637729, 0.00034625784610398114, -0.0011745886877179146, 0.007835661061108112, -0.0013537515187636018, 0.0004161512479186058], [4.8816298658493906e-05, 5.598961070063524e-05, -0.00017631062655709684, 0.0007212516502477229, -0.0008712880662642419, 0.0017903938423842192, -0.0017148405313491821, 0.0012303729308769107, -0.0003316240035928786, 0.0016680856933817267, -0.0013537515187636018, 0.008013558574020863, -0.0007676637033000588], [-1.77960901055485e-05, 0.00027314602630212903, -6.589606346096843e-05, -0.0003597741306293756, -2.1281506633386016e-05