{"song_id": "1182286562126475294", "download": "https://cdn.discordapp.com/attachments/1135911532732108921/1182286562126475294/chirp.mp4?ex=6584252a&amp", "lyrics": "Beneath the city lights, dreams take flight,\n(2) Freedom in the air, shining just as bright.\n(3) Streets alive with stories, never to be told,\n(4) In the heart of the city, a melody unfolds.\n\n(5) Sunset whispers secrets, memories align,\n(6) This American dream, every moment, divine.\n(7) Dancing with the sunrise, singing through the night,\n(8) Love in America, an endless, timeless light.", "style": ["House"], "essentia_features": {"lowlevel.average_loudness": 0.9862632751464844, "lowlevel.barkbands_crest.mean": 16.923486709594727, "lowlevel.barkbands_crest.stdev": 4.090405464172363, "lowlevel.barkbands_flatness_db.mean": 0.2126876711845398, "lowlevel.barkbands_flatness_db.stdev": 0.04588523134589195, "lowlevel.barkbands_kurtosis.mean": 34.34007263183594, "lowlevel.barkbands_kurtosis.stdev": 36.590023040771484, "lowlevel.barkbands_skewness.mean": 5.171988487243652, "lowlevel.barkbands_skewness.stdev": 2.262831449508667, "lowlevel.barkbands_spread.mean": 10.33621597290039, "lowlevel.barkbands_spread.stdev": 5.2250871658325195, "lowlevel.dissonance.mean": 0.48798808455467224, "lowlevel.dissonance.stdev": 0.014243501238524914, "lowlevel.dynamic_complexity": 0.8713085651397705, "lowlevel.erbbands_crest.mean": 8.480752944946289, "lowlevel.erbbands_crest.stdev": 2.589585304260254, "lowlevel.erbbands_flatness_db.mean": 0.12437364459037781, "lowlevel.erbbands_flatness_db.stdev": 0.014942324720323086, "lowlevel.erbbands_kurtosis.mean": -1.0049618482589722, "lowlevel.erbbands_kurtosis.stdev": 0.5701591372489929, "lowlevel.erbbands_skewness.mean": -0.027513299137353897, "lowlevel.erbbands_skewness.stdev": 0.3647189736366272, "lowlevel.erbbands_spread.mean": 85.60704040527344, "lowlevel.erbbands_spread.stdev": 21.983224868774414, "lowlevel.hfc.mean": 31.859834671020508, "lowlevel.hfc.stdev": 10.064372062683105, "lowlevel.loudness_ebu128.integrated": -10.547048568725586, "lowlevel.loudness_ebu128.loudness_range": 0.4497976303100586, "lowlevel.loudness_ebu128.momentary.mean": -10.565803527832031, "lowlevel.loudness_ebu128.momentary.stdev": 0.40570688247680664, "lowlevel.loudness_ebu128.short_term.mean": -10.544593811035156, "lowlevel.loudness_ebu128.short_term.stdev": 0.14170990884304047, "lowlevel.melbands_crest.mean": 27.474275588989258, "lowlevel.melbands_crest.stdev": 3.8150699138641357, "lowlevel.melbands_flatness_db.mean": 0.3218228816986084, "lowlevel.melbands_flatness_db.stdev": 0.04971468821167946, "lowlevel.melbands_kurtosis.mean": 128.47235107421875, "lowlevel.melbands_kurtosis.stdev": 103.87979888916016, "lowlevel.melbands_skewness.mean": 9.373041152954102, "lowlevel.melbands_skewness.stdev": 3.32383131980896, "lowlevel.melbands_spread.mean": 5.368356227874756, "lowlevel.melbands_spread.stdev": 5.447659015655518, "lowlevel.pitch_salience.mean": 0.18603792786598206, "lowlevel.pitch_salience.stdev": 0.10682588815689087, "lowlevel.silence_rate_20dB.mean": 0.9905926585197449, "lowlevel.silence_rate_20dB.stdev": 0.09653443843126297, "lowlevel.silence_rate_30dB.mean": 0.3396048843860626, "lowlevel.silence_rate_30dB.stdev": 0.4735741913318634, "lowlevel.silence_rate_60dB.mean": 0.0018814675277099013, "lowlevel.silence_rate_60dB.stdev": 0.04333479329943657, "lowlevel.spectral_centroid.mean": 1038.39501953125, "lowlevel.spectral_centroid.stdev": 324.021484375, "lowlevel.spectral_complexity.mean": 20.764816284179688, "lowlevel.spectral_complexity.stdev": 6.751552104949951, "lowlevel.spectral_decrease.mean": -3.7916965567319494e-08, "lowlevel.spectral_decrease.stdev": 2.339515070559628e-08, "lowlevel.spectral_energy.mean": 0.14599716663360596, "lowlevel.spectral_energy.stdev": 0.08882345259189606, "lowlevel.spectral_energyband_high.mean": 0.001447385991923511, "lowlevel.spectral_energyband_high.stdev": 0.0006662555388174951, "lowlevel.spectral_energyband_low.mean": 0.13570047914981842, "lowlevel.spectral_energyband_low.stdev": 0.08902785927057266, "lowlevel.spectral_energyband_middle_high.mean": 0.0041456883773207664, "lowlevel.spectral_energyband_middle_high.stdev": 0.0026708445511758327, "lowlevel.spectral_energyband_middle_low.mean": 0.005772200878709555, "lowlevel.spectral_energyband_middle_low.stdev": 0.012820526026189327, "lowlevel.spectral_entropy.mean": 7.600367069244385, "lowlevel.spectral_entropy.stdev": 0.16374081373214722, "lowlevel.spectral_flux.mean": 0.15942250192165375, "lowlevel.spectral_flux.stdev": 0.11693614721298218, "lowlevel.spectral_kurtosis.mean": 2.5360851287841797, "lowlevel.spectral_kurtosis.stdev": 0.8304396867752075, "lowlevel.spectral_rms.mean": 0.011483796872198582, "lowlevel.spectral_rms.stdev": 0.003249403089284897, "lowlevel.spectral_rolloff.mean": 174.04910278320312, "lowlevel.spectral_rolloff.stdev": 575.0814208984375, "lowlevel.spectral_skewness.mean": 1.0662964582443237, "lowlevel.spectral_skewness.stdev": 0.18164652585983276, "lowlevel.spectral_spread.mean": 5011428.5, "lowlevel.spectral_spread.stdev": 897030.8125, "lowlevel.spectral_strongpeak.mean": 1.261859655380249, "lowlevel.spectral_strongpeak.stdev": 0.3371983468532562, "lowlevel.zerocrossingrate.mean": 0.026217900216579437, "lowlevel.zerocrossingrate.stdev": 0.018468102440238, "metadata.audio_properties.analysis.equal_loudness": 0.0, "metadata.audio_properties.analysis.length": 24.639976501464844, "metadata.audio_properties.analysis.sample_rate": 44100.0, "metadata.audio_properties.analysis.start_time": 0.0, "metadata.audio_properties.bit_rate": 124934.0, "metadata.audio_properties.length": 24.639999389648438, "metadata.audio_properties.lossless": 0.0, "metadata.audio_properties.number_channels": 1.0, "metadata.audio_properties.replay_gain": -10.802324295043945, "metadata.audio_properties.sample_rate": 48000.0, "rhythm.beats_count": 43.0, "rhythm.beats_loudness.mean": 0.15114526450634003, "rhythm.beats_loudness.stdev": 0.06486591696739197, "rhythm.bpm": 106.52550506591797, "rhythm.bpm_histogram_first_peak_bpm": 108.0, "rhythm.bpm_histogram_first_peak_weight": 0.3243243098258972, "rhythm.bpm_histogram_second_peak_bpm": 103.0, "rhythm.bpm_histogram_second_peak_spread": 0.0, "rhythm.bpm_histogram_second_peak_weight": 0.1190476194024086, "rhythm.danceability": 1.998995304107666, "rhythm.onset_rate": 2.757547616958618, "tonal.chords_changes_rate": 0.08834586292505264, "tonal.chords_number_rate": 0.01879699155688286, "tonal.chords_strength.mean": 0.4528229236602783, "tonal.chords_strength.stdev": 0.07937270402908325, "tonal.hpcp_crest.mean": 10.833000183105469, "tonal.hpcp_crest.stdev": 4.799374103546143, "tonal.hpcp_entropy.mean": 2.5644915103912354, "tonal.hpcp_entropy.stdev": 0.7618058919906616, "tonal.key_edma.strength": 0.4804634153842926, "tonal.key_krumhansl.strength": 0.48110663890838623, "tonal.key_temperley.strength": 0.483001172542572, "tonal.tuning_diatonic_strength": 0.46224531531333923, "tonal.tuning_equal_tempered_deviation": 0.25614678859710693, "tonal.tuning_frequency": 439.74591064453125, "tonal.tuning_nontempered_energy_ratio": 0.8468906879425049, "lowlevel.barkbands.mean": [0.00035898457281291485, 0.07539830356836319, 0.05895114690065384, 0.0026062531396746635, 0.0012085153721272945, 0.00019007355149369687, 0.00013312397641129792, 0.00032962809200398624, 0.001132026081904769, 0.0003715242783073336, 0.00041683411109261215, 0.0008152294903993607, 0.0007172413752414286, 0.0003889211220666766, 0.0002829955774359405, 0.00018064134928863496, 0.00014777977776248008, 0.00011075451038777828, 0.0005667362129315734, 0.0002938505494967103, 0.0001900473580462858, 0.0008883479749783874, 4.3409454519860446e-05, 9.453974780626595e-05, 4.687647015089169e-05, 9.266111010219902e-05, 4.066453766427003e-05], "lowlevel.barkbands.stdev": [0.0003433183883316815, 0.0850752741098404, 0.025075549259781837, 0.007857772521674633, 0.004860742017626762, 0.0005621858290396631, 0.00025358982384204865, 0.0005906494916416705, 0.0017037229845300317, 0.0005195877747610211, 0.0007479479536414146, 0.0011735534062609076, 0.0010547630954533815, 0.00037757286918349564, 0.00024158463929779828, 0.00013291685900185257, 0.00012242903176229447, 8.79283543326892e-05, 0.00045212008990347385, 0.00021757154900114983, 0.00015232842997647822, 0.00043229199945926666, 5.739053085562773e-05, 6.835231761215255e-05, 4.337523932917975e-05, 4.6671731979586184e-05, 2.61817349382909e-05], "lowlevel.erbbands.mean": [0.7540926933288574, 21.95165252685547, 79.04092407226562, 22.753883361816406, 8.909050941467285, 2.2299964427948, 1.2981101274490356, 1.6646087169647217, 1.7526044845581055, 3.166680097579956, 11.79975414276123, 26.08601188659668, 17.296390533447266, 11.24368953704834, 23.782981872558594, 31.795503616333008, 34.373146057128906, 21.727825164794922, 17.813505172729492, 13.602551460266113, 8.160727500915527, 8.354887008666992, 6.024967193603516, 13.837559700012207, 36.77553939819336, 12.427153587341309, 6.480164051055908, 12.0020170211792, 41.26605987548828, 8.574568748474121, 0.9458375573158264, 1.257813811302185, 1.9477492570877075, 0.8965510725975037, 0.04470451921224594, 0.021318787708878517, 0.21170200407505035, 0.12997202575206757, 0.0034041213802993298, 0.0002260105247842148], "lowlevel.erbbands.stdev": [1.1174172163009644, 22.617311477661133, 33.977054595947266, 16.84413719177246, 33.03396987915039, 7.191389083862305, 2.5744822025299072, 5.729511737823486, 3.7838399410247803, 4.98858642578125, 20.020139694213867, 40.27757263183594, 25.785125732421875, 17.89274024963379, 37.2659797668457, 39.38930892944336, 49.63405990600586, 21.41876220703125, 16.956947326660156, 8.821144104003906, 6.02119779586792, 6.681212902069092, 4.407425880432129, 10.52420711517334, 28.553964614868164, 8.20823860168457, 5.6837968826293945, 7.3766279220581055, 21.01293182373047, 6.399745464324951, 1.162096619606018, 1.0268802642822266, 1.4472068548202515, 0.7977156043052673, 0.050969455391168594, 0.015242164023220539, 0.12167967855930328, 0.06591686606407166, 0.0018619762267917395, 8.955655357567593e-05], "lowlevel.gfcc.mean": [39.096805572509766, 63.59290313720703, -88.49787139892578, 52.305057525634766, -17.260791778564453, 36.0991325378418, 10.829505920410156, 5.703643798828125, -13.697612762451172, 2.9968392848968506, -23.182634353637695, -9.44036865234375, -28.85451316833496], "lowlevel.melbands.mean": [0.013910657726228237, 0.03604314476251602, 0.004086976870894432, 0.00034320642589591444, 4.688869375968352e-05, 3.6871286283712834e-05, 2.7186932129552588e-05, 3.7288311432348564e-05, 0.00011651812383206561, 0.0001652418723097071, 8.177458221325651e-05, 4.1423063521506265e-05, 6.916419079061598e-05, 9.358748502563685e-05, 7.511019066441804e-05, 6.830957863712683e-05, 3.745230060303584e-05, 2.9577809982583858e-05, 2.1591076801996678e-05, 1.5440646166098304e-05, 8.31773468235042e-06, 8.927981070883106e-06, 6.348281658574706e-06, 5.13884788233554e-06, 1.0844687494682148e-05, 2.3379363483400084e-05, 2.436012619000394e-05, 4.578397692966973e-06, 3.2734415071900003e-06, 5.469309598993277e-06, 6.3976772253226954e-06, 2.7803785997093655e-05, 1.1172181984875351e-05, 2.3162554043665295e-06, 4.360215086762764e-07, 2.0978984593966743e-07, 1.0367127742938465e-06, 1.546427256471361e-06, 1.3917547221353743e-06, 4.5747381705041334e-07], "lowlevel.melbands.stdev": [0.017656957730650902, 0.02015523612499237, 0.003487812587991357, 0.001374949119053781, 9.429221972823143e-05, 0.00012030322250211611, 5.681830589310266e-05, 6.212661537574604e-05, 0.0002010505268117413, 0.000253679056186229, 0.00012580136535689235, 6.743711128365248e-05, 0.00011404343240428716, 0.0001448459952371195, 0.00010552216554060578, 9.967220103135332e-05, 3.707048745127395e-05, 3.1056286388775334e-05, 1.6409632735303603e-05, 1.1452767466835212e-05, 7.28373652236769e-06, 7.515456672990695e-06, 5.666262950398959e-06, 3.8474308894365095e-06, 8.897892257664353e-06, 2.0568279069266282e-05, 1.6370437151635997e-05, 3.843470040010288e-06, 3.8614293771388475e-06, 4.2880678847723175e-06, 4.560352408589097e-06, 1.4763526451133657e-05, 6.985175332374638e-06, 2.5953866042982554e-06, 6.850187332929636e-07, 3.47304705883289e-07, 8.612726105639013e-07, 1.298733764087956e-06, 1.1014569736289559e-06, 4.834724904867471e-07], "lowlevel.melbands128.mean": [0.00014066597213968635, 0.001803884981200099, 0.01552011352032423, 0.044277459383010864, 0.05062165483832359, 0.02134879305958748, 0.0034554058220237494, 0.0013568109134212136, 0.0008698269375599921, 0.0002063043648377061, 7.297684351215139e-05, 5.313525616656989e-05, 4.192391861579381e-05, 3.519360689097084e-05, 3.738008672371507e-05, 4.023681321996264e-05, 2.898690763686318e-05, 2.2724474547430873e-05, 2.6394514861749485e-05, 3.3762960811145604e-05, 3.95137321902439e-05, 5.7602188462624326e-05, 0.00012551344116218388, 0.0001721816515782848, 0.0001921651855809614, 0.00015822875138837844, 0.00011695317516569048, 8.03179427748546e-05, 4.6102595661068335e-05, 3.456396370893344e-05, 3.926051067537628e-05, 5.3618085075868294e-05, 6.910887896083295e-05, 7.551787712145597e-05, 0.00010631255281623453, 9.63553975452669e-05, 7.950590224936604e-05, 7.047057442832738e-05, 6.475326517829672e-05, 0.00010150842717848718, 6.11793075222522e-05, 4.1051695006899536e-05, 3.4739074180833995e-05, 3.731207107193768e-05, 3.679654764709994e-05, 2.3061289539327845e-05, 2.9098429877194576e-05, 2.3540957045042887e-05, 1.735977639327757e-05, 1.7336731616524048e-05, 1.8845747035811655e-05, 8.865436939231586e-06, 7.345453013840597e-06, 8.542862815374974e-06, 8.950622941483743e-06, 9.04103580978699e-06, 9.176243111141957e-06, 7.394735348498216e-06, 5.164058165973984e-06, 4.351976258476498e-06, 4.227008503221441e-06, 6.07260290053091e-06, 9.670995495980605e-06, 1.2724506632366683e-05, 1.154174969997257e-05, 1.767217145243194e-05, 3.698524960782379e-05, 3.437217674218118e-05, 2.233601117040962e-05, 9.223806046065874e-06, 3.358217554705334e-06, 2.4117114207911072e-06, 2.930947175627807e-06, 4.0041468309937045e-06, 2.6282302769686794e-06, 5.066440735390643e-06, 8.613438694737852e-06, 2.967206228277064e-06, 3.956477939937031e-06, 8.52406992635224e-06, 3.026665945071727e-05, 4.098374483874068e-05, 1.561451244924683e-05, 8.600821274740156e-06, 5.279517608869355e-06, 3.1759843750478467e-06, 1.1710935723385774e-06, 6.153689469101664e-07, 4.5073969090481114e-07, 2.5902332367877534e-07, 1.5578520162762288e-07, 9.84471668630249e-08, 4.4571169155460666e-07, 6.959014626772841e-07, 1.6062119811977027e-06, 2.309172259629122e-06, 1.4341568430609186e-06, 5.592221441474976e-07, 1.5864710576352081e-06, 1.8781337303153123e-06, 8.358487093573785e-07, 1.4469320319676626e-07, 3.1241295772588273e-08, 2.8996302248174288e-08, 1.1375805186730759e-08, 4.6291481758942155e-09, 4.073959658512649e-08, 3.062797659936223e-08, 1.3813554744501744e-09, 3.814402127488847e-09, 2.2390782561387823e-08, 8.065811840651804e-08, 8.731889806767867e-07, 1.371172402286902e-06, 7.869385285630415e-07, 1.6491062524437439e-06, 1.5582345440634526e-06, 3.5428772093837324e-07, 2.912795352139064e-11, 2.4467037770814493e-11, 2.3744136865011534e-11, 2.3078155705902326e-11, 2.242293156706765e-11, 2.2013987854840877e-11, 2.1647022716009268e-11, 2.1304661160237437e-11, 2.1078116682615722e-11, 2.0955513366227585e-11], "lowlevel.melbands128.stdev": [0.00018029646889772266, 0.00334266503341496, 0.026866020634770393, 0.045821595937013626, 0.025013331323862076, 0.009774481877684593, 0.0032431429717689753, 0.004843519069254398, 0.0038189408369362354, 0.0008864896954037249, 0.0002068539906758815, 0.00011652769899228588, 8.515939407516271e-05, 0.00010630444739945233, 0.0001607775193406269, 0.0001373854756820947, 7.257299876073375e-05, 6.289850716711953e-05, 6.006217881804332e-05, 6.224905519047752e-05, 9.981701441574842e-05, 0.0001228702167281881, 0.0002727143873926252, 0.00036849090247415006, 0.00036826878204010427, 0.0003106839139945805, 0.00024392138584516943, 0.0001377034350298345, 7.840460602892563e-05, 5.9014346334151924e-05, 8.449109736829996e-05, 0.00013124548422638327, 0.00013557096826843917, 0.0001586847211001441, 0.000253876147326082, 0.0001584991841809824, 0.0001214057338074781, 0.00013025145744904876, 0.0001178223465103656, 0.0001855337613960728, 0.00010194184869760647, 6.0632373788394034e-05, 4.082258601556532e-05, 4.3877018470084295e-05, 5.3022165957372636e-05, 3.3024014555849135e-05, 3.966744407080114e-05, 2.2440130123868585e-05, 1.5273284589056857e-05, 1.5756244465592317e-05, 1.769222399161663e-05, 8.338541192642879e-06, 7.592015663249185e-06, 1.0624565220496152e-05, 1.0018356988439336e-05, 9.341336408397183e-06, 9.206354661728255e-06, 7.931910658953711e-06, 6.054960522305919e-06, 4.0432905734633096e-06, 3.6183676002110587e-06, 6.309052878350485e-06, 9.171059900836553e-06, 1.3086052604194265e-05, 1.2606066775333602e-05, 2.231017242593225e-05, 3.786528395721689e-05, 2.9957729566376656e-05, 1.75170735019492e-05, 8.077828169916756e-06, 3.5689397464011563e-06, 3.0648968731838977e-06, 4.820408321393188e-06, 5.180222615308594e-06, 2.9469997571140993e-06, 4.228073976264568e-06, 7.553842351626372e-06, 3.971660589741077e-06, 4.451654604054056e-06, 6.941027550055878e-06, 2.2569553038920276e-05, 2.6590829293127172e-05, 1.0260720046062488e-05, 8.001248716027476e-06, 6.5810322666948196e-06, 3.802705123234773e-06, 1.723512468743138e-06, 9.532652711641276e-07, 8.125331305564032e-07, 5.11588780227612e-07, 3.990454047198e-07, 3.213045260963554e-07, 5.193996344132756e-07, 7.607871452819381e-07, 1.5336953538280795e-06, 2.171957703467342e-06, 1.4810249240326812e-06, 5.639055302708584e-07, 1.2983945225641946e-06, 1.797404593162355e-06, 9.918182968249312e-07, 2.4056942038441775e-07, 1.0638171232812965e-07, 9.73103553292276e-08, 5.2934570504703515e-08, 3.485697064320448e-08, 6.307558919615985e-08, 4.550133780867327e-08, 1.5396480534946022e-08, 1.8919401156836102e-08, 6.45599627091542e-08, 1.0371557124244646e-07, 6.439785238399054e-07, 8.886083264769695e-07, 4.804379614142817e-07, 8.708349241715041e-07, 9.484739393883501e-07, 3.2370476787946245e-07, 2.9713270038866924e-11, 2.8610913985205322e-11, 2.7871007585167362e-11, 2.688676885298502e-11, 2.632282759817972e-11, 2.58503999456261e-11, 2.5463900085731517e-11, 2.515647586076586e-11, 2.4932982761738387e-11, 2.4795613479122736e-11], "lowlevel.mfcc.mean": [-616.0665283203125, 101.13089752197266, 5.160579681396484, 37.4801139831543, 12.672085762023926, 38.94021224975586, 35.17966079711914, 15.874482154846191, 25.45636749267578, 8.8570556640625, 26.34823989868164, -6.885385513305664, 2.394305944442749], "lowlevel.spectral_contrast_coeffs.mean": [-0.5438070297241211, -0.7992307543754578, -0.8112735152244568, -0.8248921036720276, -0.7702837586402893, -0.6017760038375854], "lowlevel.spectral_contrast_coeffs.stdev": [0.0506260022521019, 0.06542742252349854, 0.04263513907790184, 0.029534971341490746, 0.028281500563025475, 0.045387424528598785], "lowlevel.spectral_contrast_valleys.mean": [-6.884154319763184, -7.089411735534668, -6.926975727081299, -7.087497711181641, -7.2988433837890625, -10.978466033935547], "lowlevel.spectral_contrast_valleys.stdev": [0.6815028786659241, 0.6467846632003784, 0.6395655274391174, 0.5287831425666809, 0.5628344416618347, 0.7723495960235596], "rhythm.beats_loudness_band_ratio.mean": [0.9411548376083374, 0.0026307753287255764, 0.015816552564501762, 0.019442889839410782, 0.007072870619595051, 0.01582690142095089], "rhythm.beats_loudness_band_ratio.stdev": [0.04556239768862724, 0.0034403896424919367, 0.01913832128047943, 0.01922099106013775, 0.004652707371860743, 0.009491199627518654], "tonal.hpcp.mean": [0.2619289457798004, 0.08356037735939026, 0.009263952262699604, 0.006277625914663076, 0.006249177269637585, 0.004383702762424946, 0.0022030456457287073, 0.003339824266731739, 0.004195644054561853, 0.003732593497261405, 0.00409308634698391, 0.006729590706527233, 0.009526626206934452, 0.013482531532645226, 0.022787772119045258, 0.03458705171942711, 0.04129329323768616, 0.04155818745493889, 0.0433969646692276, 0.04235663264989853, 0.05000752583146095, 0.06560350954532623, 0.06758471578359604, 0.05922940373420715, 0.04100767895579338, 0.029700173065066338, 0.03793239966034889, 0.0476052351295948, 0.06137929484248161, 0.24696771800518036, 0.40773287415504456, 0.21387383341789246, 0.02863938920199871, 0.02482682093977928, 0.04630052670836449, 0.21770840883255005], "tonal.hpcp.stdev": [0.4213860332965851, 0.18227103352546692, 0.06637132167816162, 0.04172629490494728, 0.04821232706308365, 0.043973349034786224, 0.004197280388325453, 0.009755786508321762, 0.014662478119134903, 0.016821131110191345, 0.01403752900660038, 0.0356023870408535, 0.057886675000190735, 0.06054263934493065, 0.10298758745193481, 0.13867712020874023, 0.1471703052520752, 0.1684482842683792, 0.16724564135074615, 0.17269811034202576, 0.18361513316631317, 0.21685484051704407, 0.21644344925880432, 0.19604410231113434, 0.15270553529262543, 0.11513863503932953, 0.15625284612178802, 0.1845809519290924, 0.2065671682357788, 0.3275243639945984, 0.47538161277770996, 0.3060337007045746, 0.12884603440761566, 0.125701442360878, 0.17239420115947723, 0.3507370948791504], "rhythm.beats_position": [0.5804988741874695, 1.160997748374939, 1.7414965629577637, 2.3103854656219482, 2.879274368286133, 3.4365532398223877, 3.9938321113586426, 4.551111221313477, 5.119999885559082, 5.6888885498046875, 6.2461676597595215, 6.815056800842285, 7.372335433959961, 7.941224575042725, 8.498503684997559, 9.055782318115234, 9.62467098236084, 10.193559646606445, 10.750839233398438, 11.308117866516113, 11.865396499633789, 12.445895195007324, 13.003174781799316, 13.560453414916992, 14.117732048034668, 14.686620712280273, 15.243900299072266, 15.812788963317871, 16.370067596435547, 16.92734718322754, 17.4846248626709, 18.06512451171875, 18.622404098510742, 19.1796817779541, 19.736961364746094, 20.305849075317383, 20.874738693237305, 21.432018280029297, 21.989295959472656, 22.54657554626465, 23.10385513305664, 23.68435287475586, 24.24163246154785], "rhythm.bpm_histogram": [0.0, 0.0, 0.0, 0.0, 0.0, 0.0, 0.0, 0.0, 0.0, 0.0, 0.0, 0.0, 0.0, 0.0, 0.0, 0.0, 0.0, 0.0, 0.0, 0.0, 0.0, 0.0, 0.0, 0.0, 0.0, 0.0, 0.0, 0.0, 0.0, 0.0, 0.0, 0.0, 0.0, 0.0, 0.0, 0.0, 0.0, 0.0, 0.0, 0.0, 0.0, 0.0, 0.0, 0.0, 0.0, 0.0, 0.0, 0.0, 0.0, 0.0, 0.0, 0.0, 0.0, 0.0, 0.0, 0.0, 0.0, 0.0, 0.0, 0.0, 0.0, 0.0, 0.0, 0.0, 0.0, 0.0, 0.0, 0.0, 0.0, 0.0, 0.0, 0.0, 0.0, 0.0, 0.0, 0.0, 0.0, 0.0, 0.0, 0.0, 0.0, 0.0, 0.0, 0.0, 0.0, 0.0, 0.0, 0.0, 0.0, 0.0, 0.0, 0.0, 0.0, 0.0, 0.0, 0.0, 0.0, 0.0, 0.0, 0.0, 0.0, 0.0, 0.0, 0.1190476194024086, 0.0, 0.2857142984867096, 0.0, 0.0, 0.5952380895614624, 0.0, 0.0, 0.0, 0.0, 0.0, 0.0, 0.0, 0.0, 0.0, 0.0, 0.0, 0.0, 0.0, 0.0, 0.0, 0.0, 0.0, 0.0, 0.0, 0.0, 0.0, 0.0, 0.0, 0.0, 0.0, 0.0, 0.0, 0.0, 0.0, 0.0, 0.0, 0.0, 0.0, 0.0, 0.0, 0.0, 0.0, 0.0, 0.0, 0.0, 0.0, 0.0, 0.0, 0.0, 0.0, 0.0, 0.0, 0.0, 0.0, 0.0, 0.0, 0.0, 0.0, 0.0, 0.0, 0.0, 0.0, 0.0, 0.0, 0.0, 0.0, 0.0, 0.0, 0.0, 0.0, 0.0, 0.0, 0.0, 0.0, 0.0, 0.0, 0.0, 0.0, 0.0, 0.0, 0.0, 0.0, 0.0, 0.0, 0.0, 0.0, 0.0, 0.0, 0.0, 0.0, 0.0, 0.0, 0.0, 0.0, 0.0, 0.0, 0.0, 0.0, 0.0, 0.0, 0.0, 0.0, 0.0, 0.0, 0.0, 0.0, 0.0, 0.0, 0.0, 0.0, 0.0, 0.0, 0.0, 0.0, 0.0, 0.0, 0.0, 0.0, 0.0, 0.0, 0.0, 0.0, 0.0, 0.0, 0.0, 0.0, 0.0, 0.0, 0.0, 0.0, 0.0, 0.0, 0.0, 0.0, 0.0, 0.0, 0.0, 0.0, 0.0, 0.0, 0.0, 0.0, 0.0, 0.0, 0.0, 0.0], "tonal.chords_histogram": [0.0, 0.0, 9.586465835571289, 0.0, 6.390977382659912, 10.338345527648926, 3.007518768310547, 0.0, 0.0, 0.0, 0.0, 0.0, 0.0, 0.0, 0.0, 4.51127815246582, 2.4436089992523193, 0.9398496150970459, 0.0, 14.849623680114746, 1.127819538116455, 0.5639097690582275, 42.66917419433594, 3.5714285373687744], "tonal.thpcp": [1.0, 0.5245440006256104, 0.0702405720949173, 0.060889918357133865, 0.11355602741241455, 0.5339486002922058, 0.6424033045768738, 0.20493902266025543, 0.022720640525221825, 0.015396418049931526, 0.015326645225286484, 0.010751408524811268, 0.005403159186244011, 0.008191206492483616, 0.010290178470313549, 0.009154506959021091, 0.0100386468693614, 0.01650490052998066, 0.023364871740341187, 0.033067069947719574, 0.05588897317647934, 0.084827721118927, 0.10127536207437515, 0.10192503780126572, 0.10643479228019714, 0.1038832888007164, 0.12264776229858398, 0.16089825332164764, 0.16575734317302704, 0.14526522159576416, 0.10057486593723297, 0.07284223288297653, 0.09303247928619385, 0.11675594002008438, 0.15053801238536835, 0.6057096123695374], "lowlevel.gfcc.cov": [[2373.3056640625, 229.94728088378906, -172.49403381347656, -5.036303997039795, -160.8456268310547, 4.986339092254639, -2.054832696914673, -8.603653907775879, -6.464665412902832, -35.857818603515625, -28.303394317626953, -2.779694080352783, -55.1201057434082], [229.94728088378906, 212.8663330078125, -21.34131622314453, -36.60721206665039, -43.030052185058594, -42.28081512451172, 18.887969970703125, 2.208242654800415, 31.516651153564453, -3.8792598247528076, 30.58350372314453, 33.64471435546875, 30.522489547729492], [-172.49403381347656, -21.34131622314453, 157.10870361328125, 96.5766372680664, 47.974056243896484, -0.6978205442428589, -44.79974365234375, -21.847620010375977, 2.5466318130493164, 6.960030555725098, 31.969181060791016, 16.594791412353516, 41.27920913696289], [-5.036303997039795, -36.60721206665039, 96.5766372680664, 186.1336212158203, 80.62067413330078, -3.216404676437378, -61.19842529296875, -49.30905532836914, -12.353241920471191, -2.342778444290161, 29.38149642944336, -1.3131554126739502, 27.135908126831055], [-160.8456268310547, -43.030052185058594, 47.974056243896484, 80.62067413330078, 136.78651428222656, 39.63996124267578, 19.554973602294922, -4.9260573387146, 7.675744533538818, 21.78304672241211, 14.3138427734375, -5.198765754699707, 17.252389907836914], [4.986339092254639, -42.28081512451172, -0.6978205442428589, -3.216404676437378, 39.63996124267578, 78.32183074951172, 55.438011169433594, 27.056543350219727, 6.4414777755737305, 1.5588582754135132, -6.8821563720703125, -6.899467945098877, 2.1347999572753906], [-2.054832696914673, 18.887969970703125, -44.79974365234375, -61.19842529296875, 19.554973602294922, 55.438011169433594, 134.09909057617188, 62.11562728881836, 21.481306076049805, -9.102481842041016, -16.527999877929688, 2.4843976497650146, -0.09805519133806229], [-8.603653907775879, 2.208242654800415, -21.847620010375977, -49.30905532836914, -4.9260573387146, 27.056543350219727, 62.11562728881836, 76.67108917236328, 25.30889129638672, -0.4854934513568878, -6.448487281799316, -1.2409034967422485, 6.400252819061279], [-6.464665412902832, 31.516651153564453, 2.5466318130493164, -12.353241920471191, 7.675744533538818, 6.4414777755737305, 21.481306076049805, 25.30889129638672, 61.01020431518555, 31.033849716186523, 16.187950134277344, 0.2087509036064148, 5.0085062980651855], [-35.857818603515625, -3.8792598247528076, 6.960030555725098, -2.342778444290161, 21.78304672241211, 1.5588582754135132, -9.102481842041016, -0.4854934513568878, 31.033849716186523, 64.44593048095703, 24.192684173583984, -1.7769501209259033, -3.7034244537353516], [-28.303394317626953, 30.58350372314453, 31.969181060791016, 29.38149642944336, 14.3138427734375, -6.8821563720703125, -16.527999877929688, -6.448487281799316, 16.187950134277344, 24.192684173583984, 53.570030212402344, 25.18022918701172, 20.15440559387207], [-2.779694080352783, 33.64471435546875, 16.594791412353516, -1.3131554126739502, -5.198765754699707, -6.899467945098877, 2.4843976497650146, -1.2409034967422485, 0.2087509036064148, -1.7769501209259033, 25.18022918701172, 50.10441970825195, 30.640254974365234], [-55.1201057434082, 30.522489547729492, 41.27920913696289, 27.135908126831055, 17.252389907836914, 2.1347999572753906, -0.09805519133806229, 6.400252819061279, 5.0085062980651855, -3.7034244537353516, 20.15440559387207, 30.640254974365234, 53.45329666137695]], "lowlevel.gfcc.icov": [[0.0007588895969092846, -0.001602120348252356, 0.0007770472439005971, -0.0016901025082916021, 0.0011825693072751164, -0.0019079226767644286, 0.0008136208052746952, -0.0008742628269828856, 0.0005356172914616764, -0.0008090872433967888, 0.0014809471322223544, -0.0012754276394844055, 0.0018224563682451844], [-0.001602120348252356, 0.013231656514108181, 0.00042785805999301374, 0.005464894697070122, -0.0007216361118480563, 0.010371087118983269, -0.006623250897973776, 0.007296791300177574, -0.00697261793538928, 0.0056871455162763596, -0.009811155498027802, 0.00512822438031435, -0.011572296731173992], [0.0007770472439005971, 0.00042785805999301374, 0.01289419922977686, -0.005000005476176739, 0.0005707899108529091, -0.002159074181690812, 0.0030105593614280224, -0.00014768786786589772, -0.0017945455620065331, 0.00014128454495221376, -0.0012435787357389927, -0.0008510957704856992, -0.005802378989756107], [-0.0016901025082916021, 0.005464894697070122, -0.005000005476176739, 0.018918462097644806, -0.00974239967763424, 0.0052148825488984585, 0.0013491531135514379, 0.007909467443823814, -0.0032102339901030064, 0.009588939137756824, -0.01133762113749981, 0.009761261753737926, -0.008969918824732304], [0.0011825693072751164, -0.0007216361118480563, 0.0005707899108529091, -0.00974239967763424, 0.017907800152897835, -0.006188124418258667, -0.005514130461961031, 0.0014942644629627466, 0.0020287390798330307, -0.008386027067899704, 0.002293509664013982, 0.0010939136845991015, -0.0018481517909094691], [-0.0019079226767644286, 0.010371087118983269, -0.002159074181690812, 0.0052148825488984585, -0.006188124418258667, 0.030865006148815155, -0.013638023287057877, 0.0029999113176018, -0.002022400265559554, 0.002858462044969201, -0.00747134443372488, 0.008063020184636116, -0.009906354360282421], [0.0008136208052746952, -0.006623250897973776, 0.0030105593614280224, 0.0013491531135514379, -0.005514130461961031, -0.013638023287057877, 0.02384968288242817, -0.012435011565685272, -0.0018944485345855355, 0.0036503816954791546, 0.007293147034943104, -0.00902780145406723, 0.00832363124936819], [-0.0008742628269828856, 0.007296791300177574, -0.00014768786786589772, 0.007909467443823814, 0.0014942644629627466, 0.0029999113176018, -0.012435011565685272, 0.03142274171113968, -0.011160253547132015, 0.005730046425014734, -0.007398929912596941, 0.010498986579477787, -0.015142379328608513], [0.0005356172914616764, -0.00697261793538928, -0.0017945455620065331, -0.0032102339901030064, 0.0020287390798330307, -0.002022400265559554, -0.0018944485345855355, -0.011160253547132015, 0.033048827201128006, -0.016531582921743393, -0.0004988898290321231, 0.0029204508755356073, 0.0025801444426178932], [-0.0008090872433967888, 0.0056871455162763596, 0.00014128454495221376, 0.009588939137756824, -0.008386027067899704, 0.002858462044969201, 0.0036503816954791546, 0.005730046425014734, -0.016531582921743393, 0.03383095562458038, -0.01768689602613449, 0.005994918756186962, -2.0327830497990362e-05], [0.0014809471322223544, -0.009811155498027802, -0.0012435787357389927, -0.01133762113749981, 0.002293509664013982, -0.00747134443372488, 0.007293147034943104, -0.007398929912596941, -0.0004988898290321231, -0.01768689602613449, 0.04823335260152817, -0.025128774344921112, 0.009342119097709656], [-0.0012754276394844055, 0.00512822438031435, -0.0008510957704856992, 0.009761261753737926, 0.0010939136845991015, 0.008063020184636116, -0.00902780145406723, 0.010498986579477787, 0.0029204508755356073, 0.005994918756186962, -0.025128774344921112, 0.04969741404056549, -0.029361223801970482], [0.0018224563682451844, -0.011572296731173992, -0.005802378989756107, -0.008969918824732304, -0.0018481517909094691, -0.009906354360282421, 0.00832363124936819, -0.015142379328608513, 0.0025801444426178932, -2.0327830497990362e-05, 0.009342119097709656, -0.029361223801970482, 0.05211485177278519]], "lowlevel.mfcc.cov": [[1300.575439453125, 156.55787658691406, 25.152883529663086, -37.628170013427734, -121.17294311523438, -27.66436004638672, -73.7131576538086, 42.05219650268555, -56.82448959350586, 0.36506885290145874, -35.199134826660156, 22.67169761657715, -2.110123872756958], [156.55787658691406, 236.04254150390625, -37.556941986083984, -34.9427604675293, -75.14850616455078, -43.344974517822266, -4.172906875610352, 4.042176723480225, 35.49813461303711, -23.439523696899414, 27.762678146362305, 15.513053894042969, 12.995003700256348], [25.152883529663086, -37.556941986083984, 145.21153259277344, 57.2659912109375, 48.90345001220703, 6.120177268981934, -34.797000885009766, -8.980741500854492, -45.5044059753418, -6.87222146987915, -42.215782165527344, 0.6230735778808594, 6.245307445526123], [-37.628170013427734, -34.9427604675293, 57.2659912109375, 145.8340606689453, 94.34098052978516, 34.985076904296875, -13.26472282409668, -30.39966583251953, -40.45632553100586, -7.614943027496338, -25.078163146972656, -6.785778522491455, -3.050518751144409], [-121.17294311523438, -75.14850616455078, 48.90345001220703, 94.34098052978516, 148.35775756835938, 53.48167419433594, 2.4626362323760986, -38.409423828125, -24.736248016357422, 6.012907028198242, -3.042987823486328, -7.783370494842529, 0.37837424874305725], [-27.66436004638672, -43.344974517822266, 6.120177268981934, 34.985076904296875, 53.48167419433594, 80.0990219116211, 23.74429702758789, -4.313079357147217, -6.289988994598389, 11.228442192077637, 8.721028327941895, -0.0055105495266616344, -8.71782112121582], [-73.7131576538086, -4.172906875610352, -34.797000885009766, -13.26472282409668, 2.4626362323760986, 23.74429702758789, 91.48702239990234, 39.03120040893555, 52.96101760864258, 2.6224403381347656, 21.368854522705078, -6.08635139465332, -0.8157742619514465], [42.05219650268555, 4.042176723480225, -8.980741500854492, -30.39966583251953, -38.409423828125, -4.313079357147217, 39.03120040893555, 95.71268463134766, 31.178895950317383, 10.946396827697754, -11.1851224899292, -7.050610542297363, -1.459520936012268], [-56.82448959350586, 35.49813461303711, -45.5044059753418, -40.45632553100586, -24.736248016357422, -6.289988994598389, 52.96101760864258, 31.178895950317383, 100.2919692993164, 15.185046195983887, 36.994632720947266, -2.006415843963623, 2.9534823894500732], [0.36506885290145874, -23.439523696899414, -6.87222146987915, -7.614943027496338, 6.012907028198242, 11.228442192077637, 2.6224403381347656, 10.946396827697754, 15.185046195983887, 57.90585708618164, 23.703643798828125, 4.938009262084961, -9.151876449584961], [-35.199134826660156, 27.762678146362305, -42.215782165527344, -25.078163146972656, -3.042987823486328, 8.721028327941895, 21.368854522705078, -11.1851224899292, 36.994632720947266, 23.703643798828125, 74.96765899658203, 16.8450870513916, 3.518984794616699], [22.67169761657715, 15.513053894042969, 0.6230735778808594, -6.785778522491455, -7.783370494842529, -0.0055105495266616344, -6.08635139465332, -7.050610542297363, -2.006415843963623, 4.938009262084961, 16.8450870513916, 48.49723815917969, 11.185455322265625], [-2.110123872756958, 12.995003700256348, 6.245307445526123, -3.050518751144409, 0.37837424874305725, -8.71782112121582, -0.8157742619514465, -1.459520936012268, 2.9534823894500732, -9.151876449584961, 3.518984794616699, 11.185455322265625, 51.138309478759766]], "lowlevel.mfcc.icov": [[0.0010123595129698515, -0.0007569686276838183, -0.0001727770722936839, 5.06283925005846e-07, 0.0007122218958102167, -0.0006526426877826452, 0.000630975526291877, -0.0005619566072709858, 0.0006796119851060212, -0.0005137890111654997, 0.0003634145250543952, -0.00016587409481871873, 1.2832133506890386e-05], [-0.0007569686276838183, 0.007017775438725948, 0.00033510805224068463, -0.0018384073628112674, 0.002603774191811681, 0.0017412694869562984, 0.0013122783275321126, -1.0792339253384853e-06, -0.0027431552298367023, 0.004196016117930412, -0.00363588216714561, -0.0007695654057897627, -0.00033877932582981884], [-0.0001727770722936839, 0.00033510805224068463, 0.01075189933180809, -0.001652352511882782, -0.003006561193615198, 0.0006582378409802914, 0.002697760472074151, -0.0016127164708450437, 0.000863385503180325, -0.0004861572233494371, 0.00429962994530797, -0.0018597866874188185, -0.0013984193792566657], [5.06283925005846e-07, -0.0018384073628112674, -0.001652352511882782, 0.014015636406838894, -0.008061445318162441, -0.0015036154072731733, -0.0005434526829048991, 0.0010214572539553046, 0.002120884135365486, 3.078462032135576e-05, 0.0034911625552922487, 4.59137982034008e-06, 0.0009706250857561827], [0.0007122218958102167, 0.002603774191811681, -0.003006561193615198, -0.008061445318162441, 0.01817610301077366, -0.005856479983776808, -0.0015871828654780984, 0.004619084298610687, -0.0004395450232550502, -0.001494196942076087, -0.002241233130916953, 0.002606548136100173, -0.00243025622330606], [-0.0006526426877826452, 0.0017412694869562984, 0.0006582378409802914, -0.0015036154072731733, -0.005856479983776808, 0.02094193734228611, -0.007102369796484709, -2.6446281481184997e-05, 0.003449174575507641, -0.0017571033677086234, -0.002629171358421445, -0.0017392223235219717, 0.002907545305788517], [0.000630975526291877, 0.0013122783275321126, 0.002697760472074151, -0.0005434526829048991, -0.0015871828654780984, -0.007102369796484709, 0.024778973311185837, -0.009463340044021606, -0.009549153968691826, 0.00722120888531208, -0.004369325470179319, 0.0009980646427720785, 0.00018303963588550687], [-0.0005619566072709858, -1.0792339253384853e-06, -0.0016127164708450437, 0.0010214572539553046, 0.004619084298610687, -2.6446281481184997e-05, -0.009463340044021606, 0.01908218301832676, -0.0023407803382724524, -0.0066398195922374725, 0.008031577803194523, 0.0008197486167773604, -0.001195129589177668], [0.0006796119851060212, -0.0027431552298367023, 0.000863385503180325, 0.002120884135365486, -0.0004395450232550502, 0.003449174575507641, -0.009549153968691826, -0.0023407803382724524, 0.021057726815342903, -0.004319097381085157, -0.005065253470093012, 0.002556315390393138, -0.0010814236011356115], [-0.0005137890111654997, 0.004196016117930412, -0.0004861572233494371, 3.078462032135576e-05, -0.001494196942076087, -0.0017571033677086234, 0.00722120888531208, -0.0066398195922374725, -0.004319097381085157, 0.026962369680404663, -0.011242128908634186, -0.0015145697398111224, 0.004790548700839281], [0.0003634145250543952, -0.00363588216714561, 0.00429962994530797, 0.0034911625552922487, -0.002241233130916953, -0.002629171358421445, -0.004369325470179319, 0.008031577803194523, -0.005065253470093012, -0.011242128908634186, 0.028808649629354477, -0.006963872350752354, -0.0018286057747900486], [-0.00016587409481871873, -0.0007695654057897627, -0.0018597866874188185, 4.59137982034008e-06, 0.002606548136100173, -0.0017392223235219717, 0.0009980646427720785, 0.0008197486167773604, 0.002556315390393138, -0.0015145697398111224, -0.006963872350752354, 0.02555224299430847, -0.005388862453401089], [1.2832133506890386e-05, -0.00033877932582981884, -0.0013984193792566657, 0.0009706250857561827, -0.00243025622330606, 0.002907545305788517, 0.00018303963588550687, -0.001195129589177668, -0.0010814236011356115, 0.004790548700839281, -0.0018286057747900486, -0.005388862453401089, 0.022576894611120224]], "metadata.audio_properties.analysis.downmix": "mix", "metadata.audio_properties.codec": "mp3", "metadata.audio_properties.md5_encoded": "a2ac864c975f39e3c2cb523af40e951a", "metadata.tags.file_name": "1182286562126475294.mp3", "metadata.version.essentia": "2.1-beta6-dev", "metadata.version.essentia_git_sha": "v2.1_beta5-1110-g77a6a954", "metadata.version.extractor": "music 2.0", "tonal.chords_key": "C", "tonal.chords_scale": "major", "tonal.key_edma.key": "C", "tonal.key_edma.scale": "major", "tonal.key_krumhansl.key": "C", "tonal.key_krumhansl.scale": "major", "tonal.key_temperley.key": "G", "tonal.key_temperley.scale": "major", "metadata.tags.encoding": ["Lavf58.45.100"]}, "essentia_models": [{"model_name": "genre_dortmund", "activations": {"alternative": "0.03457246", "blues": "0.0009934652", "electronic": "0.041966766", "folkcountry": "0.0009499641", "funksoulrnb": "0.004171707", "jazz": "0.0017002488