{"song_id": "1182281365606113300", "download": "https://cdn.discordapp.com/attachments/1135911532732108921/1182281365606113300/chirp.mp4?ex=65842053&amp", "lyrics": "\u4e61\u8ff9\u5370\u8c61\uff0c\u6211\u7684\u5fc3\u7075\u4e4b\u6240\uff0c\n\u5b88\u62a4\u7740\u8fd9\u7247\u571f\u5730\u7684\u7075\u9b42\u3002\n\u6e29\u6696\u7684\u6000\u62b1\uff0c\u629a\u6170\u6e38\u5b50\u7684\u601d\u5ff5\uff0c\n\u5728\u8fd9\u7247\u571f\u5730\u4e0a\uff0c\u71c3\u70e7\u7740\u4e61\u6101\u7684\u706b\u82d7\u3002", "style": ["random"], "essentia_features": {"lowlevel.average_loudness": 0.9699119925498962, "lowlevel.barkbands_crest.mean": 10.952614784240723, "lowlevel.barkbands_crest.stdev": 3.73228120803833, "lowlevel.barkbands_flatness_db.mean": 0.12266317754983902, "lowlevel.barkbands_flatness_db.stdev": 0.03175097703933716, "lowlevel.barkbands_kurtosis.mean": 2.163820505142212, "lowlevel.barkbands_kurtosis.stdev": 3.762768507003784, "lowlevel.barkbands_skewness.mean": 1.1847885847091675, "lowlevel.barkbands_skewness.stdev": 0.9667201042175293, "lowlevel.barkbands_spread.mean": 29.924163818359375, "lowlevel.barkbands_spread.stdev": 14.99388599395752, "lowlevel.dissonance.mean": 0.48222631216049194, "lowlevel.dissonance.stdev": 0.018703212961554527, "lowlevel.dynamic_complexity": 2.0099406242370605, "lowlevel.erbbands_crest.mean": 10.157041549682617, "lowlevel.erbbands_crest.stdev": 5.465967655181885, "lowlevel.erbbands_flatness_db.mean": 0.13983795046806335, "lowlevel.erbbands_flatness_db.stdev": 0.04057624936103821, "lowlevel.erbbands_kurtosis.mean": 2.227346658706665, "lowlevel.erbbands_kurtosis.stdev": 3.271436929702759, "lowlevel.erbbands_skewness.mean": 0.6725399494171143, "lowlevel.erbbands_skewness.stdev": 1.0909676551818848, "lowlevel.erbbands_spread.mean": 36.66615295410156, "lowlevel.erbbands_spread.stdev": 20.803197860717773, "lowlevel.hfc.mean": 41.88720703125, "lowlevel.hfc.stdev": 19.075517654418945, "lowlevel.loudness_ebu128.integrated": -11.228988647460938, "lowlevel.loudness_ebu128.loudness_range": 1.6880683898925781, "lowlevel.loudness_ebu128.momentary.mean": -11.355819702148438, "lowlevel.loudness_ebu128.momentary.stdev": 1.072464108467102, "lowlevel.loudness_ebu128.short_term.mean": -11.21020793914795, "lowlevel.loudness_ebu128.short_term.stdev": 0.6009414792060852, "lowlevel.melbands_crest.mean": 16.48340606689453, "lowlevel.melbands_crest.stdev": 5.155921936035156, "lowlevel.melbands_flatness_db.mean": 0.17565719783306122, "lowlevel.melbands_flatness_db.stdev": 0.03912779688835144, "lowlevel.melbands_kurtosis.mean": 11.909529685974121, "lowlevel.melbands_kurtosis.stdev": 18.60626983642578, "lowlevel.melbands_skewness.mean": 2.38449764251709, "lowlevel.melbands_skewness.stdev": 2.106541872024536, "lowlevel.melbands_spread.mean": 27.493000030517578, "lowlevel.melbands_spread.stdev": 11.687850952148438, "lowlevel.pitch_salience.mean": 0.5252946019172668, "lowlevel.pitch_salience.stdev": 0.10608502477407455, "lowlevel.silence_rate_20dB.mean": 1.0, "lowlevel.silence_rate_20dB.stdev": 0.0, "lowlevel.silence_rate_30dB.mean": 1.0, "lowlevel.silence_rate_30dB.stdev": 0.0, "lowlevel.silence_rate_60dB.mean": 0.000596302910707891, "lowlevel.silence_rate_60dB.stdev": 0.02441207505762577, "lowlevel.spectral_centroid.mean": 1624.6085205078125, "lowlevel.spectral_centroid.stdev": 486.1204528808594, "lowlevel.spectral_complexity.mean": 29.93381118774414, "lowlevel.spectral_complexity.stdev": 8.461207389831543, "lowlevel.spectral_decrease.mean": -1.1933271260033962e-08, "lowlevel.spectral_decrease.stdev": 5.4753610534419295e-09, "lowlevel.spectral_energy.mean": 0.048838239163160324, "lowlevel.spectral_energy.stdev": 0.02151663601398468, "lowlevel.spectral_energyband_high.mean": 0.0020492859184741974, "lowlevel.spectral_energyband_high.stdev": 0.001584264449775219, "lowlevel.spectral_energyband_low.mean": 0.021824784576892853, "lowlevel.spectral_energyband_low.stdev": 0.017899639904499054, "lowlevel.spectral_energyband_middle_high.mean": 0.016440002247691154, "lowlevel.spectral_energyband_middle_high.stdev": 0.014332705177366734, "lowlevel.spectral_energyband_middle_low.mean": 0.010389267466962337, "lowlevel.spectral_energyband_middle_low.stdev": 0.00961331371217966, "lowlevel.spectral_entropy.mean": 8.009966850280762, "lowlevel.spectral_entropy.stdev": 0.21928776800632477, "lowlevel.spectral_flux.mean": 0.1320294737815857, "lowlevel.spectral_flux.stdev": 0.048827189952135086, "lowlevel.spectral_kurtosis.mean": 2.894501209259033, "lowlevel.spectral_kurtosis.stdev": 1.127158761024475, "lowlevel.spectral_rms.mean": 0.006732644513249397, "lowlevel.spectral_rms.stdev": 0.001522693783044815, "lowlevel.spectral_rolloff.mean": 1487.3187255859375, "lowlevel.spectral_rolloff.stdev": 1484.603759765625, "lowlevel.spectral_skewness.mean": 1.4076777696609497, "lowlevel.spectral_skewness.stdev": 0.281139999628067, "lowlevel.spectral_spread.mean": 5610553.5, "lowlevel.spectral_spread.stdev": 1082764.375, "lowlevel.spectral_strongpeak.mean": 1.3252527713775635, "lowlevel.spectral_strongpeak.stdev": 1.5715316534042358, "lowlevel.zerocrossingrate.mean": 0.07261007279157639, "lowlevel.zerocrossingrate.stdev": 0.029109811410307884, "metadata.audio_properties.analysis.equal_loudness": 0.0, "metadata.audio_properties.analysis.length": 38.910953521728516, "metadata.audio_properties.analysis.sample_rate": 44100.0, "metadata.audio_properties.analysis.start_time": 0.0, "metadata.audio_properties.bit_rate": 114307.0, "metadata.audio_properties.length": 38.9119987487793, "metadata.audio_properties.lossless": 0.0, "metadata.audio_properties.number_channels": 1.0, "metadata.audio_properties.replay_gain": -13.584836959838867, "metadata.audio_properties.sample_rate": 48000.0, "rhythm.beats_count": 74.0, "rhythm.beats_loudness.mean": 0.04788695275783539, "rhythm.beats_loudness.stdev": 0.01255105808377266, "rhythm.bpm": 115.18421173095703, "rhythm.bpm_histogram_first_peak_bpm": 115.0, "rhythm.bpm_histogram_first_peak_weight": 0.45205479860305786, "rhythm.bpm_histogram_second_peak_bpm": 0.0, "rhythm.bpm_histogram_second_peak_spread": 0.0, "rhythm.bpm_histogram_second_peak_weight": 0.0, "rhythm.danceability": 1.064861536026001, "rhythm.onset_rate": 3.056905746459961, "tonal.chords_changes_rate": 0.11799761652946472, "tonal.chords_number_rate": 0.013110846281051636, "tonal.chords_strength.mean": 0.5107096433639526, "tonal.chords_strength.stdev": 0.11917302012443542, "tonal.hpcp_crest.mean": 11.550849914550781, "tonal.hpcp_crest.stdev": 5.270755767822266, "tonal.hpcp_entropy.mean": 2.3309531211853027, "tonal.hpcp_entropy.stdev": 0.8179833292961121, "tonal.key_edma.strength": 0.4154696762561798, "tonal.key_krumhansl.strength": 0.4206186830997467, "tonal.key_temperley.strength": 0.4218110144138336, "tonal.tuning_diatonic_strength": 0.4097716808319092, "tonal.tuning_equal_tempered_deviation": 0.3016375005245209, "tonal.tuning_frequency": 434.193115234375, "tonal.tuning_nontempered_energy_ratio": 0.917635440826416, "lowlevel.barkbands.mean": [0.001224275678396225, 0.011720455251634121, 0.008715590462088585, 0.0010193980997428298, 0.0009140846086665988, 0.00025256056687794626, 0.0011541072744876146, 0.0013869315152987838, 0.002929045120254159, 0.009432854130864143, 0.0017151128267869353, 0.0017174187814816833, 0.001207181136123836, 0.0007667914032936096, 0.0005086614401079714, 0.0005774184828624129, 0.0006049889489077032, 0.00038731537642888725, 0.00040372813236899674, 0.00035308615770190954, 0.0004173634806647897, 0.0003126674855593592, 0.0003597536124289036, 0.00030341173987835646, 0.00026355733280070126, 0.0001901318901218474, 3.268130512878997e-07], "lowlevel.barkbands.stdev": [0.0010406767250970006, 0.015443634241819382, 0.006012141238898039, 0.001709368429146707, 0.002815206767991185, 0.0004817802691832185, 0.0037052659317851067, 0.0039345212280750275, 0.0049844542518258095, 0.012376428581774235, 0.0026318624150007963, 0.0024931856896728277, 0.0014736212324351072, 0.0009737430955283344, 0.0007354781846515834, 0.0005025799036957324, 0.0004524090327322483, 0.0003195705357939005, 0.00030884231091476977, 0.00028661813121289015, 0.00031856607529334724, 0.0002688306849449873, 0.0003411602519918233, 0.0003187858092132956, 0.000375207542674616, 0.0003461037704255432, 1.5897225011940463e-06], "lowlevel.erbbands.mean": [0.28676313161849976, 2.8482558727264404, 10.27896499633789, 5.990773677825928, 3.4424686431884766, 2.614244222640991, 1.7469851970672607, 2.366769552230835, 8.960315704345703, 29.215368270874023, 31.368907928466797, 63.04482650756836, 261.22039794921875, 169.95936584472656, 71.0255126953125, 70.70189666748047, 56.927955627441406, 42.68385314941406, 34.63456344604492, 22.981908798217773, 36.856895446777344, 33.89114761352539, 21.09804916381836, 23.35033416748047, 17.231998443603516, 16.8524227142334, 18.25789451599121, 14.308931350708008, 11.7611083984375, 10.777303695678711, 9.977263450622559, 6.882850170135498, 4.763599872589111, 2.953178644180298, 1.8787022829055786, 1.0774309635162354, 0.3056008815765381, 0.0225706584751606, 0.00048434140626341105, 8.44835230964236e-05], "lowlevel.erbbands.stdev": [0.40043893456459045, 3.7508583068847656, 7.526425361633301, 5.711489200592041, 9.550427436828613, 7.438921928405762, 3.606818675994873, 4.371936798095703, 25.270395278930664, 91.23860931396484, 79.62996673583984, 103.83564758300781, 340.9764099121094, 228.9261474609375, 98.06051635742188, 98.94414520263672, 65.4932861328125, 48.789485931396484, 47.31911087036133, 24.642059326171875, 30.208988189697266, 24.384977340698242, 15.90869426727295, 18.983999252319336, 12.789083480834961, 13.90396499633789, 14.914790153503418, 10.818283081054688, 9.824302673339844, 9.78434944152832, 9.608966827392578, 6.484835624694824, 5.665948867797852, 3.9687511920928955, 2.9413068294525146, 1.9369441270828247, 0.5583949089050293, 0.044787321239709854, 0.0008650324889458716, 4.913468364975415e-05], "lowlevel.gfcc.mean": [62.965187072753906, 51.86674118041992, -114.87141418457031, 36.524658203125, -48.809749603271484, 46.711143493652344, -19.735309600830078, 30.592086791992188, -25.027267456054688, 4.519820213317871, -27.32994842529297, 1.2368422746658325, -17.699373245239258], "lowlevel.melbands.mean": [0.002915813820436597, 0.004653116688132286, 0.000997617724351585, 0.0002250692923553288, 6.528710218844935e-05, 5.32652520632837e-05, 0.00016495610179845244, 0.0003234695759601891, 0.0002502884599380195, 0.0004291466611903161, 0.0013811911921948195, 0.0007890289416536689, 0.00023129400506149977, 0.00018827556050382555, 0.00016736419638618827, 0.00011000065569533035, 7.541933155152947e-05, 5.9019421314587817e-05, 3.4701446566032246e-05, 3.121141344308853e-05, 4.6039374865358695e-05, 3.815136733464897e-05, 2.1729490981670097e-05, 1.7629759895498864e-05, 1.942681774380617e-05, 1.3784772818326019e-05, 1.0918032785411924e-05, 1.1230112249904778e-05, 1.1306950000289362e-05, 1.0686237146728672e-05, 7.343468496401329e-06, 6.805946213717107e-06, 5.682660230377223e-06, 6.2323733800440095e-06, 6.006762760080164e-06, 4.739953965327004e-06, 4.097315468243323e-06, 3.342295940456097e-06, 2.9047500902379397e-06, 2.362611894568545e-06], "lowlevel.melbands.stdev": [0.003913853783160448, 0.003805762156844139, 0.0008891375036910176, 0.0007001844933256507, 0.00013518253399524838, 0.00010230682528344914, 0.0004938665661029518, 0.0009665346588008106, 0.0006325141293928027, 0.000734485627617687, 0.0018009842606261373, 0.0010959198698401451, 0.00033623911440372467, 0.0002811684680636972, 0.00023841756046749651, 0.00013661306002177298, 9.29686866584234e-05, 8.523259748471901e-05, 4.96556494908873e-05, 2.9128275855327956e-05, 3.927593934349716e-05, 2.9801194614265114e-05, 1.60003673954634e-05, 1.612963023944758e-05, 1.639852962398436e-05, 1.1113635082438122e-05, 8.420970516453963e-06, 1.0040173947345465e-05, 9.884176506602671e-06, 8.744315891817678e-06, 5.780940682598157e-06, 5.972653980279574e-06, 5.176484592084307e-06, 6.098875019233674e-06, 6.008775017107837e-06, 4.5283868530532345e-06, 4.069146598340012e-06, 4.14205669585499e-06, 3.538666987878969e-06, 3.4751071780192433e-06], "lowlevel.melbands128.mean": [0.0006715760682709515, 0.002130393870174885, 0.0035144619178026915, 0.005047968123108149, 0.005980303511023521, 0.0036068283952772617, 0.0011955511290580034, 0.0003897602146025747, 0.0003354558430146426, 0.0002765058306977153, 0.0001129622760345228, 6.945544009795412e-05, 5.6723594752838835e-05, 5.14176681463141e-05, 4.802906551049091e-05, 4.910008647129871e-05, 8.619961590738967e-05, 0.00015001809515524656, 0.00030128087382763624, 0.0003833094669971615, 0.0002981647558044642, 0.00026437349151819944, 0.00024099407892208546, 0.00024073448730632663, 0.0002832114405464381, 0.0005125122843310237, 0.0007545689004473388, 0.0015423021977767348, 0.0020000648219138384, 0.0010048423428088427, 0.00036309444112703204, 0.0002658582234289497, 0.00022071044077165425, 0.0002200317831011489, 0.00018094267579726875, 0.0001715861726552248, 0.00020799889171030372, 0.00019018010061699897, 0.0001251389185199514, 0.00011552737123565748, 0.00011781366629293188, 8.53679739520885e-05, 7.129499863367528e-05, 7.317696145037189e-05, 6.954517448320985e-05, 5.408667493611574e-05, 5.184703695704229e-05, 3.5650431527756155e-05, 2.7048250558436848e-05, 2.716081689868588e-05, 2.6761999833979644e-05, 4.1200641135219485e-05, 4.7682497097412124e-05, 4.643838474294171e-05, 4.5972989028086886e-05, 4.00358039769344e-05, 3.0638922908110544e-05, 2.210585262218956e-05, 1.959020664799027e-05, 1.7573576769791543e-05, 1.5495425031986088e-05, 1.9918250472983345e-05, 2.0356539607746527e-05, 2.0031277017551474e-05, 1.6476862583658658e-05, 1.4266677681007423e-05, 1.1510209333209787e-05, 1.0889188160945196e-05, 1.0937383194686845e-05, 1.0786929124151357e-05, 1.1263506166869774e-05, 1.1369981621101033e-05, 1.1195262231922243e-05, 1.1244858796999324e-05, 1.1561430255824234e-05, 1.1422196621424519e-05, 1.0369039955548942e-05, 8.227038961194921e-06, 6.999132892815396e-06, 6.040257176209707e-06, 7.204587745945901e-06, 7.15587884769775e-06, 5.992057140247198e-06, 5.421213700174121e-06, 5.369824521039845e-06, 6.1142604863562156e-06, 6.323664365481818e-06, 6.940456842130516e-06, 5.8076893765246496e-06, 5.7536576605343726e-06, 5.105263426230522e-06, 4.608449671650305e-06, 3.791272547459812e-06, 4.337990958447335e-06, 4.1509574657538906e-06, 3.2707330319681205e-06, 3.0999735827208497e-06, 3.5454320368444314e-06, 2.9649354473804124e-06, 2.6417276330903405e-06, 2.36980145018606e-06, 2.4954465516202617e-06, 2.020382908085594e-06, 2.2107055883680005e-06, 1.8546912770034396e-06, 2.2831866317574168e-06, 2.2741819520888384e-06, 1.9994738522655098e-06, 1.884934590634657e-06, 1.7945876606972888e-06, 1.5992854969226755e-06, 1.0792308557938668e-06, 9.401273928233422e-07, 7.244409516715677e-07, 4.1749228785192827e-07, 1.811848875377109e-07, 1.604732169369072e-08, 1.804316140940898e-10, 6.998205834274351e-12, 6.5957200638677715e-12, 6.3849468247278995e-12, 6.223300520746822e-12, 6.069151257948047e-12, 5.938508799291364e-12, 5.8127617302838885e-12, 5.688721195495905e-12, 5.608406100643393e-12, 5.570516270481107e-12], "lowlevel.melbands128.stdev": [0.0008410905720666051, 0.003087241668254137, 0.006009398028254509, 0.006804305128753185, 0.0049311020411551, 0.002497058128938079, 0.0013935102615505457, 0.0006651637959294021, 0.0011577354744076729, 0.0009896919364109635, 0.0003290686581749469, 0.0001725255133351311, 0.00013471745478454977, 0.00012140534090576693, 9.54743372858502e-05, 0.00012323334522079676, 0.0002538092958275229, 0.0005416112253442407, 0.0011739275651052594, 0.0014408865245059133, 0.0010853017447516322, 0.0009721086826175451, 0.000762582931201905, 0.000751219573430717, 0.0006946543580852449, 0.0011531416093930602, 0.0013777154963463545, 0.0025918076280504465, 0.003087749471887946, 0.0018189047696068883, 0.0006964622298255563, 0.0005343451048247516, 0.0003870451473630965, 0.00045607052743434906, 0.00034710572799667716, 0.0003263442777097225, 0.0003703410620801151, 0.0003375076921656728, 0.00020217073324602097, 0.00017531179764773697, 0.00017883878899738193, 0.00014644060865975916, 0.00010894907609326765, 0.00011834422184620053, 0.00013094836322125047, 9.223204688169062e-05, 0.00010740863945102319, 6.535217835335061e-05, 4.1138457163469866e-05, 3.464711335254833e-05, 2.991825749631971e-05, 4.81792121718172e-05, 5.186623820918612e-05, 4.82163013657555e-05, 4.7898287448333576e-05, 3.8653030060231686e-05, 2.8186892450321466e-05, 2.0071809558430687e-05, 1.8426142560201697e-05, 1.678646367508918e-05, 1.8664666640688665e-05, 2.3265389245352708e-05, 2.010876232816372e-05, 2.08478686545277e-05, 1.6155856428667903e-05, 1.4242380530049559e-05, 1.0948869203275535e-05, 1.0463762009749189e-05, 9.372205568070058e-06, 1.0655153346306179e-05, 1.2485376828408334e-05, 1.1914858987438492e-05, 1.2045767107338179e-05, 1.1542218089743983e-05, 1.1437110515544191e-05, 1.072786562872352e-05, 1.0109068171004765e-05, 7.554572221124545e-06, 6.042345830792328e-06, 6.3390552895725705e-06, 7.317227755265776e-06, 7.05159845892922e-06, 5.808928108308464e-06, 5.80866435484495e-06, 5.970717211312149e-06, 6.529399342980469e-06, 7.349931820499478e-06, 7.50564095142181e-06, 6.496041805803543e-06, 6.32349110674113e-06, 5.63517096452415e-06, 4.787449142895639e-06, 3.972982995037455e-06, 4.8816200433066115e-06, 4.616380465449765e-06, 4.1239777601731475e-06, 4.8125243665708695e-06, 4.653266387322219e-06, 3.6795809137402102e-06, 3.96748100683908e-06, 3.3266094305872684e-06, 4.245233867550269e-06, 3.7829167922609486e-06, 3.6313060718384804e-06, 3.240239720980753e-06, 3.899101102433633e-06, 4.081273800693452e-06, 3.6123274185229093e-06, 3.737088491106988e-06, 3.577012421374093e-06, 3.6109433949604863e-06, 2.200798007834237e-06, 1.717748546070652e-06, 1.389048520650249e-06, 8.321620157403231e-07, 5.512123379958211e-07, 6.296610166600658e-08, 2.3735953202930204e-09, 1.0305593184378736e-11, 8.542291873858687e-12, 8.29765162829732e-12, 8.09041722504844e-12, 7.914753054338863e-12, 7.763489504042376e-12, 7.63456919211647e-12, 7.532716637947967e-12, 7.462024054216698e-12, 7.418930053626482e-12], "lowlevel.mfcc.mean": [-579.9526977539062, 84.70053100585938, -1.2666648626327515, 9.528463363647461, 6.014626502990723, 17.590240478515625, 18.467758178710938, 24.51842498779297, 16.696136474609375, 10.859444618225098, 3.1186697483062744, 4.5910725593566895, -1.9360160827636719], "lowlevel.spectral_contrast_coeffs.mean": [-0.7029505372047424, -0.790907084941864, -0.7597115635871887, -0.807758629322052, -0.8164317011833191, -0.7618547677993774], "lowlevel.spectral_contrast_coeffs.stdev": [0.0598842017352581, 0.07397891581058502, 0.07712183147668839, 0.03228600695729256, 0.018003445118665695, 0.02499300241470337], "lowlevel.spectral_contrast_valleys.mean": [-6.675499439239502, -6.665377616882324, -6.382270812988281, -6.78180456161499, -6.689175128936768, -9.100855827331543], "lowlevel.spectral_contrast_valleys.stdev": [0.4506113529205322, 0.5167749524116516, 0.7317412495613098, 0.36265498399734497, 0.31894201040267944, 0.40302401781082153], "rhythm.beats_loudness_band_ratio.mean": [0.39662182331085205, 0.04713568463921547, 0.22736015915870667, 0.25418156385421753, 0.07109658420085907, 0.06704022735357285], "rhythm.beats_loudness_band_ratio.stdev": [0.18820326030254364, 0.09469523280858994, 0.17347073554992676, 0.19751222431659698, 0.04778033867478371, 0.02807673253118992], "tonal.hpcp.mean": [0.2370912879705429, 0.23546572029590607, 0.2710135579109192, 0.1869076043367386, 0.0863533690571785, 0.06337316334247589, 0.07043316960334778, 0.06423069536685944, 0.0676584541797638, 0.07920722663402557, 0.08535118401050568, 0.08605300635099411, 0.08245592564344406, 0.12341778725385666, 0.14331430196762085, 0.10179927200078964, 0.08047419041395187, 0.0844813883304596, 0.07992152869701385, 0.06747642904520035, 0.07392504066228867, 0.09341420978307724, 0.13822230696678162, 0.17853271961212158, 0.18070603907108307, 0.15578101575374603, 0.11847870796918869, 0.09495226293802261, 0.08134225010871887, 0.09699448198080063, 0.16825932264328003, 0.24464403092861176, 0.2633812427520752, 0.24307842552661896, 0.25358694791793823, 0.2821595072746277], "tonal.hpcp.stdev": [0.30054664611816406, 0.31923964619636536, 0.35298046469688416, 0.2819463908672333, 0.16508488357067108, 0.1324889063835144, 0.15253570675849915, 0.15510620176792145, 0.14024551212787628, 0.1399199515581131, 0.16238920390605927, 0.17579498887062073, 0.15284250676631927, 0.22590868175029755, 0.2506844997406006, 0.17934083938598633, 0.1539320945739746, 0.1470557451248169, 0.14471381902694702, 0.12894372642040253, 0.1366705447435379, 0.17719903588294983, 0.22996914386749268, 0.27024176716804504, 0.2561042606830597, 0.24075937271118164, 0.20029065012931824, 0.17951083183288574, 0.1620391458272934, 0.1646222472190857, 0.24963591992855072, 0.3467877507209778, 0.3305506408214569, 0.3079259991645813, 0.3031202256679535, 0.33306488394737244], "rhythm.beats_position": [0.5340589284896851, 1.05650794506073, 1.5789568424224854, 2.0897958278656006, 2.623854875564575, 3.1579136848449707, 3.668752670288086, 4.191201686859131, 4.713650703430176, 5.236099720001221, 5.758548736572266, 6.269387722015381, 6.8034467697143555, 7.337505340576172, 7.848344326019287, 8.359183311462402, 8.881632804870605, 9.404081344604492, 9.914920806884766, 10.437369346618652, 10.959818840026855, 11.482267379760742, 12.004715919494629, 12.527165412902832, 13.049613952636719, 13.560453414916992, 14.082901954650879, 14.605351448059082, 15.139410018920898, 15.673469543457031, 16.184309005737305, 16.695146560668945, 17.20598602294922, 17.728435516357422, 18.250883102416992, 18.773332595825195, 19.2957820892334, 19.82984161376953, 20.340679168701172, 20.851518630981445, 21.385578155517578, 21.90802764892578, 22.43047523498535, 22.941314697265625, 23.463764190673828, 23.9862117767334, 24.5086612701416, 25.031110763549805, 25.553560256958008, 26.076007843017578, 26.58684730529785, 27.120906829833984, 27.631746292114258, 28.154193878173828, 28.6650333404541, 29.187482833862305, 29.721542358398438, 30.243989944458008, 30.76643943786621, 31.277278900146484, 31.799726486206055, 32.32217788696289, 32.83301544189453, 33.355464935302734, 33.889522552490234, 34.41197204589844, 34.93442153930664, 35.456871032714844, 35.967708587646484, 36.47854995727539, 37.00099563598633, 37.52344512939453, 38.0575065612793, 38.56834411621094], "rhythm.bpm_histogram": [0.0, 0.0, 0.0, 0.0, 0.0, 0.0, 0.0, 0.0, 0.0, 0.0, 0.0, 0.0, 0.0, 0.0, 0.0, 0.0, 0.0, 0.0, 0.0, 0.0, 0.0, 0.0, 0.0, 0.0, 0.0, 0.0, 0.0, 0.0, 0.0, 0.0, 0.0, 0.0, 0.0, 0.0, 0.0, 0.0, 0.0, 0.0, 0.0, 0.0, 0.0, 0.0, 0.0, 0.0, 0.0, 0.0, 0.0, 0.0, 0.0, 0.0, 0.0, 0.0, 0.0, 0.0, 0.0, 0.0, 0.0, 0.0, 0.0, 0.0, 0.0, 0.0, 0.0, 0.0, 0.0, 0.0, 0.0, 0.0, 0.0, 0.0, 0.0, 0.0, 0.0, 0.0, 0.0, 0.0, 0.0, 0.0, 0.0, 0.0, 0.0, 0.0, 0.0, 0.0, 0.0, 0.0, 0.0, 0.0, 0.0, 0.0, 0.0, 0.0, 0.0, 0.0, 0.0, 0.0, 0.0, 0.0, 0.0, 0.0, 0.0, 0.0, 0.0, 0.0, 0.0, 0.0, 0.0, 0.0, 0.0, 0.0, 0.0, 0.0, 0.16438356041908264, 0.0, 0.0, 0.5479452013969421, 0.0, 0.2876712381839752, 0.0, 0.0, 0.0, 0.0, 0.0, 0.0, 0.0, 0.0, 0.0, 0.0, 0.0, 0.0, 0.0, 0.0, 0.0, 0.0, 0.0, 0.0, 0.0, 0.0, 0.0, 0.0, 0.0, 0.0, 0.0, 0.0, 0.0, 0.0, 0.0, 0.0, 0.0, 0.0, 0.0, 0.0, 0.0, 0.0, 0.0, 0.0, 0.0, 0.0, 0.0, 0.0, 0.0, 0.0, 0.0, 0.0, 0.0, 0.0, 0.0, 0.0, 0.0, 0.0, 0.0, 0.0, 0.0, 0.0, 0.0, 0.0, 0.0, 0.0, 0.0, 0.0, 0.0, 0.0, 0.0, 0.0, 0.0, 0.0, 0.0, 0.0, 0.0, 0.0, 0.0, 0.0, 0.0, 0.0, 0.0, 0.0, 0.0, 0.0, 0.0, 0.0, 0.0, 0.0, 0.0, 0.0, 0.0, 0.0, 0.0, 0.0, 0.0, 0.0, 0.0, 0.0, 0.0, 0.0, 0.0, 0.0, 0.0, 0.0, 0.0, 0.0, 0.0, 0.0, 0.0, 0.0, 0.0, 0.0, 0.0, 0.0, 0.0, 0.0, 0.0, 0.0, 0.0, 0.0, 0.0, 0.0, 0.0, 0.0, 0.0, 0.0, 0.0, 0.0, 0.0, 0.0, 0.0, 0.0, 0.0, 0.0, 0.0, 0.0], "tonal.chords_histogram": [9.654350280761719, 6.793802261352539, 12.514898300170898, 14.779499053955078, 0.8343265652656555, 1.4302741289138794, 0.0, 3.8140642642974854, 0.47675803303718567, 10.011919021606445, 20.143028259277344, 0.11918950825929642, 0.0, 0.0, 0.0, 0.0, 0.0, 9.058403015136719, 0.11918950825929642, 0.0, 8.104887008666992, 0.47675803303718567, 1.4302741289138794, 0.23837901651859283], "tonal.thpcp": [1.0, 0.8402739763259888, 0.8345127701759338, 0.9604976773262024, 0.6624182462692261, 0.3060445189476013, 0.22460049390792847, 0.24962182343006134, 0.22763966023921967, 0.2397879660129547, 0.2807179093360901, 0.3024926781654358, 0.30498000979423523, 0.29223161935806274, 0.4374043047428131, 0.507919430732727, 0.3607862591743469, 0.285208135843277, 0.29941004514694214, 0.28324946761131287, 0.23914285004138947, 0.2619973421096802, 0.33106881380081177, 0.48987293243408203, 0.63273686170578, 0.6404393315315247, 0.5521026849746704, 0.41989976167678833, 0.3365198075771332, 0.28828462958335876, 0.34375762939453125, 0.5963269472122192, 0.8670415878295898, 0.933448076248169, 0.861492931842804, 0.8987361192703247], "lowlevel.gfcc.cov": [[767.197265625, -111.5667724609375, -98.30884552001953, -221.70933532714844, -114.56725311279297, 36.05686950683594, 82.4949951171875, 59.69495391845703, -19.31153678894043, 1.7514214515686035, -35.51373291015625, 20.214014053344727, -23.442310333251953], [-111.5667724609375, 320.47772216796875, -73.53474426269531, -19.097614288330078, -36.982460021972656, -35.806087493896484, 36.75206756591797, -16.315563201904297, 16.65058708190918, -25.703779220581055, 20.81041717529297, -14.806710243225098, 29.15053367614746], [-98.30884552001953, -73.53474426269531, 279.8783264160156, 182.7401123046875, 37.164466857910156, -103.49820709228516, -157.59298706054688, -46.00943374633789, 12.278589248657227, 54.07136154174805, 26.52787208557129, 2.3626983165740967, -44.94676971435547], [-221.70933532714844, -19.097614288330078, 182.7401123046875, 479.26824951171875, 104.34998321533203, -112.25370788574219, -212.77859497070312, -89.72020721435547, 67.55656433105469, 67.92771911621094, 72.84355926513672, -20.30872917175293, -9.266497611999512], [-114.56725311279297, -36.982460021972656, 37.164466857910156, 104.34998321533203, 150.023193359375, 60.91486740112305, 12.91854190826416, -10.369641304016113, -8.093481063842773, -4.06376314163208, -1.5668729543685913, 0.38083887100219727, 23.79758644104004], [36.05686950683594, -35.806087493896484, -103.49820709228516, -112.25370788574219, 60.91486740112305, 202.17483520507812, 200.06910705566406, 54.891788482666016, -66.0073013305664, -80.99029541015625, -24.582073211669922, 21.48157501220703, 54.44504165649414], [82.4949951171875, 36.75206756591797, -157.59298706054688, -212.77859497070312, 12.91854190826416, 200.06910705566406, 307.1784973144531, 102.97038269042969, -64.0205078125, -99.2463607788086, -30.45539093017578, 34.584659576416016, 61.984352111816406], [59.69495391845703, -16.315563201904297, -46.00943374633789, -89.72020721435547, -10.369641304016113, 54.891788482666016, 102.97038269042969, 100.97409057617188, 42.901695251464844, 8.062060356140137, -7.59694766998291, 3.6236157417297363, 6.504449367523193], [-19.31153678894043, 16.65058708190918, 12.278589248657227, 67.55656433105469, -8.093481063842773, -66.0073013305664, -64.0205078125, 42.901695251464844, 139.37149047851562, 97.84901428222656, 28.701047897338867, -24.627817153930664, -27.937732696533203], [1.7514214515686035, -25.703779220581055, 54.07136154174805, 67.92771911621094, -4.06376314163208, -80.99029541015625, -99.2463607788086, 8.062060356140137, 97.84901428222656, 118.21282958984375, 45.09066390991211, -9.404558181762695, -40.90407943725586], [-35.51373291015625, 20.81041717529297, 26.52787208557129, 72.84355926513672, -1.5668729543685913, -24.582073211669922, -30.45539093017578, -7.59694766998291, 28.701047897338867, 45.09066390991211, 70.60162353515625, 24.647111892700195, -5.174976348876953], [20.214014053344727, -14.806710243225098, 2.3626983165740967, -20.30872917175293, 0.38083887100219727, 21.48157501220703, 34.584659576416016, 3.6236157417297363, -24.627817153930664, -9.404558181762695, 24.647111892700195, 54.730743408203125, 27.2092342376709], [-23.442310333251953, 29.15053367614746, -44.94676971435547, -9.266497611999512, 23.79758644104004, 54.44504165649414, 61.984352111816406, 6.504449367523193, -27.937732696533203, -40.90407943725586, -5.174976348876953, 27.2092342376709, 71.15760040283203]], "lowlevel.gfcc.icov": [[0.0018970577511936426, 0.00044479951611720026, 0.0006187661201693118, -0.000182732634129934, 0.0016111108707264066, -0.0005059423856437206, -0.00019904377404600382, -0.00040596118196845055, 0.0009713000617921352, -0.0018916574772447348, 0.001921272138133645, -0.0015289293369278312, 0.0008869063458405435], [0.00044479951611720026, 0.007729938719421625, -0.0003458127612248063, 0.0028092297725379467, -0.0010036843596026301, 0.0076406486332416534, -0.006230154074728489, 0.006753168534487486, -0.006169428583234549, 0.0073089306242764, -0.010110692121088505, 0.00959704164415598, -0.006199273280799389], [0.0006187661201693118, -0.0003458127612248063, 0.00823441706597805, -0.002968781627714634, -0.0015135584399104118, 0.0016949425917118788, 0.0033603825140744448, -0.006162575446069241, 0.006486203521490097, -0.0031976813916116953, 0.003628081176429987, -0.006043282803148031, 0.0052887811325490475], [-0.000182732634129934, 0.0028092297725379467, -0.002968781627714634, 0.008375298231840134, -0.005107743665575981, 0.003781245555728674, 0.0002359822829021141, 0.005479872226715088, -0.007857060991227627, 0.009559119120240211, -0.01303153857588768, 0.008993581868708134, -0.005863581784069538], [0.0016111108707264066, -0.0010036843596026301, -0.0015135584399104118, -0.005107743665575981, 0.016253912821412086, -0.010944305919110775, -0.00033539123251102865, 0.002610409865155816, 0.001856727758422494, -0.010099454782903194, 0.010666036047041416, -0.0039381650276482105, -0.000482738803839311], [-0.0005059423856437206, 0.0076406486332416534, 0.0016949425917118788, 0.003781245555728674, -0.010944305919110775, 0.030339304357767105, -0.015145014971494675, 0.001529633766040206, 0.00020962684357073158, 0.009962145239114761, -0.015217574313282967, 0.014367296360433102, -0.009025954641401768], [-0.00019904377404600382, -0.006230154074728489, 0.0033603825140744448, 0.0002359822829021141, -0.00033539123251102865, -0.015145014971494675, 0.025669729337096214, -0.02036101371049881, 0.007712056394666433, 0.002889088122174144, 0.0027333267498761415, -0.010151591151952744, 0.004609967581927776], [-0.00040596118196845055, 0.006753168534487486, -0.006162575446069241, 0.005479872226715088, 0.002610409865155816, 0.001529633766040206, -0.02036101371049881, 0.04522654041647911, -0.02907734550535679, 0.006200398784130812, -0.003157383296638727, 0.005218449514359236, -0.004597662016749382], [0.0009713000617921352, -0.006169428583234549, 0.006486203521490097, -0.007857060991227627, 0.001856727758422494, 0.00020962684357073158, 0.007712056394666433, -0.02907734550535679, 0.044240519404411316, -0.031075824052095413, 0.009627848863601685, 0.0016369486693292856, 0.0006602282519452274], [-0.0018916574772447348, 0.0073089306242764, -0.0031976813916116953, 0.009559119120240211, -0.010099454782903194, 0.009962145239114761, 0.002889088122174144, 0.006200398784130812, -0.031075824052095413, 0.053065426647663116, -0.030890485271811485, 0.008859578520059586, 0.0009483075118623674], [0.001921272138133645, -0.010110692121088505, 0.003628081176429987, -0.01303153857588768, 0.010666036047041416, -0.015217574313282967, 0.0027333267498761415, -0.003157383296638727, 0.009627848863601685, -0.030890485271811485, 0.05640760436654091, -0.03848594054579735, 0.016195157542824745], [-0.0015289293369278312, 0.00959704164415598, -0.006043282803148031, 0.008993581868708134, -0.0039381650276482105, 0.014367296360433102, -0.010151591151952744, 0.005218449514359236, 0.0016369486693292856, 0.008859578520059586, -0.03848594054579735, 0.059007592499256134, -0.02801794745028019], [0.0008869063458405435, -0.006199273280799389, 0.0052887811325490475, -0.005863581784069538, -0.000482738803839311, -0.009025954641401768, 0.004609967581927776, -0.004597662016749382, 0.0006602282519452274, 0.0009483075118623674, 0.016195157542824745, -0.02801794745028019, 0.035629916936159134]], "lowlevel.mfcc.cov": [[809.1344604492188, -23.649982452392578, -104.50263214111328, -203.24330139160156, -183.07826232910156, -46.166629791259766, 27.650915145874023, 54.048160552978516, 32.753028869628906, 22.65770149230957, 10.694777488708496, -21.701202392578125, -24.442991256713867], [-23.649982452392578, 302.1363525390625, -75.22085571289062, -134.6938934326172, -132.18711853027344, -34.14787673950195, 40.52460861206055, 41.59114074707031, 32.2187385559082, -10.966755867004395, -20.537841796875, -12.33577823638916, -14.997994422912598], [-104.50263214111328, -75.22085571289062, 217.66323852539062, 176.61402893066406, 101.01504516601562, -38.953712463378906, -100.66322326660156, -95.26139831542969, -70.5602035522461, -28.833438873291016, 23.99842071533203, 37.43696212768555, 50.09381866455078], [-203.24330139160156, -134.6938934326172, 176.61402893066406, 402.2615966796875, 237.6698455810547, 8.196737289428711, -166.72586059570312, -156.58871459960938, -87.23643493652344, -12.120107650756836, 42.30670166015625, 55.607688903808594, 66.41192626953125], [-183.07826232910156, -132.18711853027344, 101.01504516601562, 237.6698455810547, 240.52821350097656, 40.153480529785156, -102.11857604980469, -113.4532470703125, -52.29741287231445, 10.451278686523438, 26.12215232849121, 20.9484806060791, 23.740726470947266], [-46.166629791259766, -34.14787673950195, -38.953712463378906, 8.196737289428711, 40.153480529785156, 102.3257827758789, 91.1059799194336, 48.44378662109375, 8.697468757629395, -11.551809310913086, -28.006616592407227, -25.69648551940918, -26.438478469848633], [27.650915145874023, 40.52460861206055, -100.66322326660156, -166.72586059570312, -102.11857604980469, 91.1059799194336, 251.1446533203125, 181.0423126220703, 58.660675048828125, -31.067285537719727, -65.26607513427734, -53.03459548950195, -51.84507751464844], [54.048160552978516, 41.59114074707031, -95.26139831542969, -156.58871459960938, -113.4532470703125, 48.44378662109375, 181.0423126220703, 182.68026733398438, 79.32811737060547, -3.8905200958251953, -44.4842414855957, -38.67417526245117, -39.7745475769043], [32.753028869628906, 32.2187385559082, -70.5602035522461, -87.23643493652344, -52.29741287231445, 8.697468757629395, 58.660675048828125, 79.32811737060547, 95.52986145019531, 46.37785339355469, -1.952226996421814, -17.200088500976562, -26.750442504882812], [22.65770149230957, -10.966755867004395, -28.833438873291016, -12.120107650756836, 10.451278686523438, -11.551809310913086, -31.067285537719727, -3.8905200958251953, 46.37785339355469, 82.431396484375, 45.35245895385742, 17.76502227783203, -0.9101874828338623], [10.694777488708496, -20.537841796875, 23.99842071533203, 42.30670166015625, 26.12215232849121, -28.006616592407227, -65.26607513427734, -44.4842414855957, -1.952226996421814, 45.35245895385742, 81.606689453125, 53.15814208984375, 32.095497131347656], [-21.701202392578125, -12.33577823638916, 37.43696212768555, 55.607688903808594, 20.9484806060791, -25.69648551940918, -53.03459548950195, -38.67417526245117, -17.200088500976562, 17.76502227783203, 53.15814208984375, 82.15386199951172, 57.524593353271484], [-24.442991256713867, -14.997994422912598, 50.09381866455078, 66.41192626953125, 23.740726470947266, -26.438478469848633, -51.84507751464844, -39.7745475769043, -26.750442504882812, -0.9101874828338623, 32.095497131347656, 57.524593353271484, 80.53302001953125]], "lowlevel.mfcc.icov": [[0.001819976489059627, 0.0010598880471661687, 0.0005337971379049122, 0.00025615605409257114, 0.001911786152049899, 1.2061982488376088e-05, 0.00044347610673867166, 0.00024761035456322134, 0.0004099830985069275, -0.0001830551482271403, -0.0007764078909531236, 0.0008429671288467944, -0.00010392096737632528], [0.0010598880471661687, 0.005346913356333971, 0.0013530297437682748, 0.00011870332673424855, 0.003290436463430524, 0.0011680152965709567, -0.00047277368139475584, 0.002258145250380039, -0.0016550434520468116, 0.0014720148174092174, 0.00016631481412332505, -0.00020891161693725735, 0.0001521519006928429], [0.0005337971379049122, 0.0013530297437682748, 0.010150600224733353, -0.0028029836248606443, -0.00159378070384264, 0.006558635737746954, -0.001836037146858871, 0.0002531968930270523, 0.0019388122018426657, 0.0031913432758301497, -0.0013679956318810582, 0.00033369800075888634, -0.0010354986879974604], [0.00025615605409257114, 0.00011870332673424855, -0.0028029836248606443, 0.009174718521535397, -0.005660813767462969, -0.0033449064940214157, 0.004382587503641844, -0.0011733543360605836, -0.0005805243272334337, 0.0030101840384304523, -0.0005178667488507926, -0.0012130801333114505, -0.0019959495402872562], [0.001911786152049899, 0.003290436463430524, -0.00159378070384264, -0.005660813767462969, 0.01893175020813942, -0.009857935830950737, 0.0015694628236815333, 0.006530873943120241, -0.0003558070457074791, -0.004917577374726534, 0.0005662617040798068, 0.0020918112713843584, 0.00037765904562547803], [1.2061982488376088e-05, 0.0011680152965709567, 0.006558635737746954, -0.0033449064940214157, -0.009857935830950737, 0.031034158542752266, -0.015706192702054977, 0.0010655771475285292, 0.0031354420352727175, -0.0007357377908192575, 0.001272040419280529, -5.193311517359689e-05, 0.0029726610518991947], [0.00044347610673867166, -0.00047277368139475584, -0.001836037146858871, 0.004382587503641844, 0.0015694628236815333, -0.015706192702054977, 0.026500176638364792, -0.01895180158317089, 0.0017923719715327024, 0.00556738069280982, 0.0001383221533615142, -0.0006205475074239075, 0.0007020097691565752], [0.00024761035456322134, 0.002258145250380039, 0.0002531968930270523, -0.0011733543360605836, 0.006530873943120241, 0.0010655771475285292, -0.01895180158317089, 0.03351716324687004, -0.015798522159457207, 0.0017408177955076098, 0.0022037499584257603, -0.0007970610167831182, -0.0014535008231177926], [0.0004099830985069275, -0.0016550434520468116, 0.0019388122018426657, -0.0005805243272334337, -0.0003558070457074791, 0.0031354420352727175, 0.0017923719715327024, -0.015798522159457207, 0.03470882773399353, -0.021453116089105606, 0.0037503268104046583, 0.002565930597484112, 0.0015335020143538713], [-0.0001830551482271403, 0.0014720148174092174, 0.0031913432758301497, 0.0030101840384304523, -0.004917577374726534, -0.0007357377908192575, 0.00556738069280982, 0.0017408177955076098, -0.021453116089105606, 0.038708362728357315, -0.01771758310496807, -0.0010458150645717978, 0.002522778930142522], [-0.0007764078909531236, 0.00016631481412332505, -0.0013679956318810582, -0.0005178667488507926, 0.0005662617040798068, 0.001272040419280529, 0.0001383221533615142, 0.0022037499584257603, 0.0037503268104046583, -0.01771758310496807, 0.035029154270887375, -0.017172878608107567, 0.0018530342495068908], [0.0008429671288467944, -0.00020891161693725735, 0.00033369800075888634, -0.0012130801333114505, 0.0020918112713843584, -5.193311517359689e-05, -0.0006205475074239075, -0.0007970610167831182, 0.002565930597484112, -0.0010458150645717978, -0.017172878608107567, 0.03699880465865135, -0.019160738214850426], [-0.00010392096737632528, 0.0001521519006928429, -0.0010354986879974604, -0.0019959495402872562, 0.00037765904562547803, 0.0029726610518991947, 0.0007020097691565752, -0.0014535008231177926, 0.0015335020143538713, 0.002522778930142522, 0.0018530342495068908, -0.019160738214850426, 0.028788646683096886]], "metadata.audio_properties.analysis.downmix": "mix", "metadata.audio_properties.codec": "mp3", "metadata.audio_properties.md5_encoded": "59bcb5a9852dc8ba7a27821dff22130c", "metadata.tags.file_name": "1182281365606113300.mp3", "metadata.version.essentia": "2.1-beta6-dev", "metadata.version.essentia_git_sha": "v2.1_beta5-1110-g77a6a954", "metadata.version.extractor": "music 2.0", "tonal.chords_key": "C#", "tonal.chords_scale": "minor", "tonal.key_edma.key": "D", "tonal.key_