{"song_id": "1182265737528737803", "download": "https://cdn.discordapp.com/attachments/1135911532732108921/1182265737528737803/chirp.mp4?ex=658411c5&amp", "lyrics": "[verse]\nEdwin, the brave, ventured out one night\nTo a hotpot dinner with delight\nIn his finest attire, he stepped inside\nTo savor flavors that would make him fly\n\n[chorus]\nOh, Edwin, the connoisseur of feast\nHotpot delights, a grand culinary beast\nSpices and broth, bubbling so divine\nEdwin's taste buds on a journey, they align", "style": ["Opera"], "essentia_features": {"lowlevel.average_loudness": 0.8237702250480652, "lowlevel.barkbands_crest.mean": 15.010295867919922, "lowlevel.barkbands_crest.stdev": 4.852970123291016, "lowlevel.barkbands_flatness_db.mean": 0.2455170601606369, "lowlevel.barkbands_flatness_db.stdev": 0.08563128113746643, "lowlevel.barkbands_kurtosis.mean": 21.837820053100586, "lowlevel.barkbands_kurtosis.stdev": 41.2156982421875, "lowlevel.barkbands_skewness.mean": 3.2649688720703125, "lowlevel.barkbands_skewness.stdev": 2.3748772144317627, "lowlevel.barkbands_spread.mean": 14.589497566223145, "lowlevel.barkbands_spread.stdev": 13.676133155822754, "lowlevel.dissonance.mean": 0.4170883893966675, "lowlevel.dissonance.stdev": 0.05895208567380905, "lowlevel.dynamic_complexity": 1.7796058654785156, "lowlevel.erbbands_crest.mean": 13.535679817199707, "lowlevel.erbbands_crest.stdev": 5.504892826080322, "lowlevel.erbbands_flatness_db.mean": 0.23638193309307098, "lowlevel.erbbands_flatness_db.stdev": 0.0804862305521965, "lowlevel.erbbands_kurtosis.mean": 5.4414849281311035, "lowlevel.erbbands_kurtosis.stdev": 13.740007400512695, "lowlevel.erbbands_skewness.mean": 1.455962896347046, "lowlevel.erbbands_skewness.stdev": 1.6383126974105835, "lowlevel.erbbands_spread.mean": 40.99009323120117, "lowlevel.erbbands_spread.stdev": 25.64384651184082, "lowlevel.hfc.mean": 17.981653213500977, "lowlevel.hfc.stdev": 11.82136058807373, "lowlevel.loudness_ebu128.integrated": -13.28365421295166, "lowlevel.loudness_ebu128.loudness_range": 1.9581193923950195, "lowlevel.loudness_ebu128.momentary.mean": -13.422564506530762, "lowlevel.loudness_ebu128.momentary.stdev": 1.1135107278823853, "lowlevel.loudness_ebu128.short_term.mean": -13.356653213500977, "lowlevel.loudness_ebu128.short_term.stdev": 0.6041286587715149, "lowlevel.melbands_crest.mean": 19.830673217773438, "lowlevel.melbands_crest.stdev": 6.397854804992676, "lowlevel.melbands_flatness_db.mean": 0.2859188914299011, "lowlevel.melbands_flatness_db.stdev": 0.09887785464525223, "lowlevel.melbands_kurtosis.mean": 43.6602783203125, "lowlevel.melbands_kurtosis.stdev": 60.172218322753906, "lowlevel.melbands_skewness.mean": 4.519408226013184, "lowlevel.melbands_skewness.stdev": 2.634086847305298, "lowlevel.melbands_spread.mean": 13.749591827392578, "lowlevel.melbands_spread.stdev": 17.596418380737305, "lowlevel.pitch_salience.mean": 0.4431704878807068, "lowlevel.pitch_salience.stdev": 0.13579754531383514, "lowlevel.silence_rate_20dB.mean": 1.0, "lowlevel.silence_rate_20dB.stdev": 0.0, "lowlevel.silence_rate_30dB.mean": 0.9958233833312988, "lowlevel.silence_rate_30dB.stdev": 0.0644916370511055, "lowlevel.silence_rate_60dB.mean": 0.015513126738369465, "lowlevel.silence_rate_60dB.stdev": 0.12358076125383377, "lowlevel.spectral_centroid.mean": 935.5752563476562, "lowlevel.spectral_centroid.stdev": 650.5036010742188, "lowlevel.spectral_complexity.mean": 9.604414939880371, "lowlevel.spectral_complexity.stdev": 5.723272323608398, "lowlevel.spectral_decrease.mean": -7.775907029383688e-09, "lowlevel.spectral_decrease.stdev": 5.817726300705317e-09, "lowlevel.spectral_energy.mean": 0.03097907081246376, "lowlevel.spectral_energy.stdev": 0.022491922602057457, "lowlevel.spectral_energyband_high.mean": 0.000923766812775284, "lowlevel.spectral_energyband_high.stdev": 0.0013505000388249755, "lowlevel.spectral_energyband_low.mean": 0.006480611860752106, "lowlevel.spectral_energyband_low.stdev": 0.01813637465238571, "lowlevel.spectral_energyband_middle_high.mean": 0.002450840314850211, "lowlevel.spectral_energyband_middle_high.stdev": 0.0035388923715800047, "lowlevel.spectral_energyband_middle_low.mean": 0.021188318729400635, "lowlevel.spectral_energyband_middle_low.stdev": 0.015975981950759888, "lowlevel.spectral_entropy.mean": 7.023199081420898, "lowlevel.spectral_entropy.stdev": 0.8281713128089905, "lowlevel.spectral_flux.mean": 0.06912117451429367, "lowlevel.spectral_flux.stdev": 0.04794299229979515, "lowlevel.spectral_kurtosis.mean": 12.541203498840332, "lowlevel.spectral_kurtosis.stdev": 69.15643310546875, "lowlevel.spectral_rms.mean": 0.00515566673129797, "lowlevel.spectral_rms.stdev": 0.0019085501553490758, "lowlevel.spectral_rolloff.mean": 1096.488525390625, "lowlevel.spectral_rolloff.stdev": 1514.129150390625, "lowlevel.spectral_skewness.mean": 1.779222846031189, "lowlevel.spectral_skewness.stdev": 2.4871788024902344, "lowlevel.spectral_spread.mean": 5046954.0, "lowlevel.spectral_spread.stdev": 1565368.5, "lowlevel.spectral_strongpeak.mean": 1.3355848789215088, "lowlevel.spectral_strongpeak.stdev": 0.8433271050453186, "lowlevel.zerocrossingrate.mean": 0.049799736589193344, "lowlevel.zerocrossingrate.stdev": 0.03583896532654762, "metadata.audio_properties.analysis.equal_loudness": 0.0, "metadata.audio_properties.analysis.length": 38.89065933227539, "metadata.audio_properties.analysis.sample_rate": 44100.0, "metadata.audio_properties.analysis.start_time": 0.0, "metadata.audio_properties.bit_rate": 126964.0, "metadata.audio_properties.length": 38.89066696166992, "metadata.audio_properties.lossless": 0.0, "metadata.audio_properties.number_channels": 1.0, "metadata.audio_properties.replay_gain": -13.784830093383789, "metadata.audio_properties.sample_rate": 48000.0, "rhythm.beats_count": 76.0, "rhythm.beats_loudness.mean": 0.04208766296505928, "rhythm.beats_loudness.stdev": 0.020014286041259766, "rhythm.bpm": 117.89080810546875, "rhythm.bpm_histogram_first_peak_bpm": 117.0, "rhythm.bpm_histogram_first_peak_weight": 0.1600000262260437, "rhythm.bpm_histogram_second_peak_bpm": 0.0, "rhythm.bpm_histogram_second_peak_spread": 0.0, "rhythm.bpm_histogram_second_peak_weight": 0.0, "rhythm.danceability": 1.4555714130401611, "rhythm.onset_rate": 5.037908554077148, "tonal.chords_changes_rate": 0.05125148966908455, "tonal.chords_number_rate": 0.009535160847008228, "tonal.chords_strength.mean": 0.5558995604515076, "tonal.chords_strength.stdev": 0.09751373529434204, "tonal.hpcp_crest.mean": 18.244216918945312, "tonal.hpcp_crest.stdev": 8.234285354614258, "tonal.hpcp_entropy.mean": 1.4777785539627075, "tonal.hpcp_entropy.stdev": 0.7336618900299072, "tonal.key_edma.strength": 0.671525239944458, "tonal.key_krumhansl.strength": 0.6748896241188049, "tonal.key_temperley.strength": 0.674728512763977, "tonal.tuning_diatonic_strength": 0.48191365599632263, "tonal.tuning_equal_tempered_deviation": 0.21758513152599335, "tonal.tuning_frequency": 434.193115234375, "tonal.tuning_nontempered_energy_ratio": 0.9828461408615112, "lowlevel.barkbands.mean": [0.0009365120786242187, 0.005185330752283335, 0.00033134096884168684, 0.00015314403572119772, 0.006930275354534388, 0.007184464018791914, 0.0036053559742867947, 0.0018318601651117206, 0.0013984941178932786, 0.0006477803108282387, 0.00026591590722091496, 0.00026613171212375164, 0.0003174380399286747, 0.00023643863096367568, 0.000293989316560328, 9.184808732243255e-05, 5.185198097024113e-05, 0.00013502323417924345, 0.00014714682765770704, 0.00013792123354505748, 0.00012120159954065457, 0.00026630022330209613, 0.00033953480306081474, 4.9450944061391056e-05, 3.4544758818810806e-05, 1.901517498481553e-05, 7.614323180860083e-07], "lowlevel.barkbands.stdev": [0.0027349418960511684, 0.015341673977673054, 0.003147388808429241, 0.001339709502644837, 0.008094878867268562, 0.009256678633391857, 0.0069207786582410336, 0.0037869680672883987, 0.003882793476805091, 0.0018521877937018871, 0.0007101768860593438, 0.0007315741386264563, 0.0010524927638471127, 0.0007137767388485372, 0.0006636095931753516, 0.00019962199439760298, 0.0001270802749786526, 0.00029791545239277184, 0.00022082636132836342, 0.00029254419496282935, 0.00025744407321326435, 0.0005143634043633938, 0.00045538373524323106, 0.00011112353968201205, 9.440659050596878e-05, 4.212266139802523e-05, 2.083748995573842e-06], "lowlevel.erbbands.mean": [0.27512532472610474, 0.6580473780632019, 0.4541086256504059, 0.5499976873397827, 4.332167148590088, 26.901071548461914, 52.166080474853516, 63.93497848510742, 60.64453887939453, 40.73347854614258, 35.42338943481445, 26.559791564941406, 29.259607315063477, 18.87152099609375, 12.10899829864502, 9.956268310546875, 13.99960708618164, 13.905457496643066, 12.125368118286133, 13.630587577819824, 5.717691421508789, 3.4414498805999756, 4.8834662437438965, 11.044527053833008, 4.948073387145996, 6.713833332061768, 6.045614242553711, 4.293264865875244, 7.460273742675781, 15.658692359924316, 7.171623229980469, 1.4651336669921875, 0.7381125092506409, 0.4272337555885315, 0.223843052983284, 0.10002941638231277, 0.03256221115589142, 0.004601052962243557, 0.00013257436512503773, 4.0350540075451136e-05], "lowlevel.erbbands.stdev": [0.7693780660629272, 2.4670310020446777, 3.1725075244903564, 4.3059563636779785, 12.97360897064209, 33.607704162597656, 78.1855239868164, 92.53263854980469, 110.58977508544922, 66.66644287109375, 68.93194580078125, 72.95880889892578, 72.36997985839844, 60.47430419921875, 28.087377548217773, 27.920873641967773, 43.366539001464844, 44.11252212524414, 30.14053726196289, 33.63789749145508, 12.105986595153809, 7.755385398864746, 9.041617393493652, 16.92511558532715, 8.443492889404297, 14.177186965942383, 12.568488121032715, 9.415360450744629, 14.418920516967773, 25.472286224365234, 9.341330528259277, 2.671663284301758, 1.9177793264389038, 1.2675585746765137, 0.5696002244949341, 0.2272939831018448, 0.07417365908622742, 0.010767603293061256, 0.0002998300187755376, 2.8873022529296577e-05], "lowlevel.gfcc.mean": [-52.47510528564453, 62.38176345825195, -124.8300552368164, 3.2177040576934814, -115.36790466308594, -25.19327735900879, -58.11626052856445, -19.326488494873047, -23.219860076904297, -0.3005594313144684, -12.061708450317383, 10.817771911621094, -10.78715991973877], "lowlevel.melbands.mean": [0.001881569973193109, 0.000405552564188838, 0.00015609270485583693, 0.0010720986174419522, 0.0018004761077463627, 0.0013805594062432647, 0.0009012787486426532, 0.0004553489852696657, 0.0002482748532202095, 0.00018072599777951837, 0.00014887511497363448, 8.097583486232907e-05, 4.14913592976518e-05, 3.013942296092864e-05, 2.4934903194662184e-05, 3.479743827483617e-05, 2.355916876695119e-05, 1.933658313646447e-05, 1.9329112546984106e-05, 1.1066184924857225e-05, 5.832623628521105e-06, 3.4267052342329407e-06, 3.014019284819369e-06, 6.354081051540561e-06, 9.727444194140844e-06, 4.244305273459759e-06, 2.9586990422103554e-06, 4.938834081258392e-06, 4.159343461651588e-06, 2.955712716357084e-06, 2.2415215426008217e-06, 3.3155436085507972e-06, 6.928299626451917e-06, 9.765119102667086e-06, 5.0984758672711905e-06, 1.3316224567461177e-06, 6.370375444930687e-07, 5.128394491293875e-07, 4.4864236770081334e-07, 3.260936125570879e-07], "lowlevel.melbands.stdev": [0.00534969475120306, 0.0017483084229752421, 0.0008019347442314029, 0.0015982066979631782, 0.00235534505918622, 0.0018934044055640697, 0.0015946906059980392, 0.0007330437074415386, 0.00047684297896921635, 0.0005047059385105968, 0.0003728315350599587, 0.0002656535361893475, 0.00010318066779291257, 8.409271686105058e-05, 7.900296623120084e-05, 0.00011631925735855475, 7.823690975783393e-05, 5.320485070114955e-05, 4.542531314655207e-05, 2.383031642239075e-05, 1.3960256183054298e-05, 8.613975296611898e-06, 7.268261924764374e-06, 1.3723519259656314e-05, 1.488869202148635e-05, 7.69696544011822e-06, 6.0032411965948995e-06, 1.1254293895035516e-05, 8.66942536958959e-06, 7.176263807195937e-06, 5.38462154509034e-06, 6.9863467615505215e-06, 1.3442288036458194e-05, 1.4870582162984647e-05, 6.614193353016162e-06, 2.3191569198388606e-06, 1.3738709867539e-06, 1.3189879837227636e-06, 1.4248935258365236e-06, 9.66432594395883e-07], "lowlevel.melbands128.mean": [0.000886467401869595, 0.002727335086092353, 0.0020392490550875664, 0.000789784244261682, 0.00025727489264681935, 0.00015603350766468793, 9.453407255932689e-05, 7.605172140756622e-05, 0.0002925316512119025, 0.001018622424453497, 0.0015609144465997815, 0.002075177850201726, 0.0019117217743769288, 0.0014071932528167963, 0.0014538231771439314, 0.0014831916196271777, 0.0008103536092676222, 0.0011105580488219857, 0.000513987906742841, 0.0003696536005008966, 0.0004783676122315228, 0.000562210800126195, 7.963708776514977e-05, 0.00013383432815317065, 0.0001660290581639856, 0.00017242725880350918, 0.00031115690944716334, 6.625583773711696e-05, 0.00012143669300712645, 0.00010751719673862681, 5.726966628571972e-05, 4.144506237935275e-05, 5.198153303354047e-05, 2.567565934441518e-05, 4.254896703059785e-05, 2.5447057851124555e-05, 2.1508551071747206e-05, 2.5936429665307514e-05, 2.4465842216159217e-05, 3.275619019404985e-05, 3.740650572581217e-05, 3.855155227938667e-05, 2.4252149160020053e-05, 1.4198604731063824e-05, 1.960511872312054e-05, 2.426703940727748e-05, 1.5182458810159005e-05, 9.145447620539926e-06, 3.349754842929542e-05, 1.9102990336250514e-05, 3.509436282911338e-06, 5.920330750086578e-06, 1.0317357919120695e-05, 2.977594931508065e-06, 2.7802482236438664e-06, 4.488254035095451e-06, 2.912253648901242e-06, 2.575031430751551e-06, 3.4668687476369087e-06, 2.9593404633487808e-06, 4.398155397211667e-06, 1.1195184924872592e-05, 1.0720012141973712e-05, 9.643023076932877e-06, 7.642041055078153e-06, 3.4581955787871266e-06, 2.7482299174153013e-06, 2.6518816866882844e-06, 2.630454446261865e-06, 3.997593012172729e-06, 4.639287453755969e-06, 6.08946993452264e-06, 4.844009708904196e-06, 3.937796009267913e-06, 2.8735319119732594e-06, 3.5177040444978047e-06, 2.762537633316242e-06, 2.0477634734561434e-06, 2.2476936010207282e-06, 2.1470259525813162e-06, 2.980487579407054e-06, 3.5932282571593532e-06, 4.6695386117789894e-06, 7.307836312975269e-06, 8.619086656835862e-06, 9.455801773583516e-06, 1.0977544661727734e-05, 9.232600859832019e-06, 4.6690138333360665e-06, 2.2349361188389594e-06, 1.5256747474268195e-06, 1.1596833928706474e-06, 8.254660883721954e-07, 5.973993779662123e-07, 5.282930146677245e-07, 5.387408918977599e-07, 4.942245936945255e-07, 5.047049285167304e-07, 4.745915873627382e-07, 4.021128745534952e-07, 3.8552198589059117e-07, 3.0473916012851987e-07, 2.72562118652786e-07, 2.6135745656574727e-07, 2.561949656865181e-07, 2.4391832198489283e-07, 2.3219135414365155e-07, 1.7109468331000244e-07, 1.5716999257620046e-07, 1.796572490775361e-07, 1.3127055353834294e-07, 1.2150808004207647e-07, 1.0197263833333636e-07, 7.904331766894757e-08, 6.802136454098218e-08, 5.197453489813597e-08, 2.3993157682866695e-08, 7.211329311473946e-09, 1.912255465086332e-09, 2.2277224509537064e-10, 9.739862388835618e-11, 8.908434753762684e-12, 4.6605414839862025e-12, 4.4867139517568155e-12, 4.1749680969316305e-12, 3.763097472520016e-12, 3.5500634550100774e-12, 3.504059672629345e-12], "lowlevel.melbands128.stdev": [0.0025776445399969816, 0.007615060545504093, 0.006686800625175238, 0.0033642686903476715, 0.0017354862065985799, 0.0015317214420065284, 0.0009839795529842377, 0.0006949385860934854, 0.0014061706606298685, 0.0024552629329264164, 0.002306303707882762, 0.002883508335798979, 0.0038559241220355034, 0.0021538028959184885, 0.002242048503831029, 0.0032065340783447027, 0.0018361464608460665, 0.0025702558923512697, 0.0010536013869568706, 0.0011069419560953975, 0.001031149411574006, 0.0012756848009303212, 0.0002532573416829109, 0.0005542368162423372, 0.0007073839660733938, 0.0006116716540418565, 0.001087704673409462, 0.0001777588331606239, 0.00041096561471931636, 0.0004274053790140897, 0.00031302825664170086, 0.00011603908205870539, 0.00015541496395599097, 8.786899707047269e-05, 0.00013271637726575136, 8.94124896149151e-05, 8.219310257118195e-05, 0.00010186552390223369, 8.892727055354044e-05, 0.00011303772771498188, 0.00014816105249337852, 0.00014791580906603485, 0.00010157865472137928, 5.687520024366677e-05, 7.659724360564724e-05, 8.868304576026276e-05, 5.3362473408924416e-05, 2.8790593205485493e-05, 0.00011061950499424711, 5.252099072095007e-05, 9.957740985555574e-06, 1.623308526177425e-05, 3.0372881155926734e-05, 8.121571227093227e-06, 7.294941951840883e-06, 1.3265977031551301e-05, 9.853279152594041e-06, 8.024724593269639e-06, 1.0528467100812122e-05, 7.540028036601143e-06, 1.032052568916697e-05, 3.221724909963086e-05, 2.443684388708789e-05, 1.6550628060940653e-05, 1.7541506167617626e-05, 8.168738531821873e-06, 6.252869752643164e-06, 7.042965080472641e-06, 5.991939815430669e-06, 9.182791472994722e-06, 1.2921750567329582e-05, 1.5213417100312654e-05, 1.2954587873537093e-05, 7.980819646036252e-06, 7.77080549596576e-06, 1.0592202670522965e-05, 6.7842861426470336e-06, 4.855477982346201e-06, 6.401365226338385e-06, 5.639658866130048e-06, 7.541778359154705e-06, 8.042728040891234e-06, 9.792937817110214e-06, 1.5055589756229892e-05, 1.8565535356174223e-05, 1.8799973986460827e-05, 1.6020683688111603e-05, 1.3456410670187324e-05, 6.459382348111831e-06, 3.6276069295126945e-06, 2.904736902564764e-06, 2.2304429876385257e-06, 1.8047823004962993e-06, 1.4242916677176254e-06, 1.2357888863334665e-06, 1.4691402157041011e-06, 1.355603671981953e-06, 1.5031395150799653e-06, 1.641425797060947e-06, 1.4020364460520796e-06, 1.2195763474665e-06, 9.309266033596941e-07, 7.743594210296578e-07, 7.7514670238088e-07, 6.826602430010098e-07, 6.158189194138686e-07, 6.056512233953981e-07, 4.5313782948142034e-07, 3.747339292203833e-07, 4.292940900540998e-07, 3.0529665195899724e-07, 3.020884662419121e-07, 2.4761325789768307e-07, 2.115030355298586e-07, 1.858023495060479e-07, 1.3482923577612382e-07, 5.560002946936038e-08, 2.998910986207193e-08, 1.0096639968537602e-08, 5.347855935866619e-09, 2.4219286576254717e-09, 1.051251238837203e-10, 1.68855485149777e-11, 1.5177527637466603e-11, 1.11935738456026e-11, 6.453028649627823e-12, 5.344868211215603e-12, 5.296880555699657e-12], "lowlevel.mfcc.mean": [-695.5282592773438, 96.95748901367188, 10.386515617370605, 5.7416791915893555, -42.586612701416016, -15.57089900970459, -42.629417419433594, -18.37885093688965, -34.172664642333984, -9.129986763000488, -12.129236221313477, -16.69367027282715, -1.8604736328125], "lowlevel.spectral_contrast_coeffs.mean": [-0.4547678530216217, -0.6178988814353943, -0.7534613609313965, -0.7992086410522461, -0.792290449142456, -0.7098749279975891], "lowlevel.spectral_contrast_coeffs.stdev": [0.1399911344051361, 0.08627846091985703, 0.08556737750768661, 0.06212303414940834, 0.05041596293449402, 0.06283039599657059], "lowlevel.spectral_contrast_valleys.mean": [-9.188063621520996, -7.184646129608154, -8.027541160583496, -8.3651704788208, -8.203956604003906, -10.763834953308105], "lowlevel.spectral_contrast_valleys.stdev": [1.1455090045928955, 0.7731236219406128, 0.8946179151535034, 0.9597795009613037, 1.127958059310913, 1.1040112972259521], "rhythm.beats_loudness_band_ratio.mean": [0.11531075835227966, 0.5009304881095886, 0.3093623220920563, 0.04466703161597252, 0.022322652861475945, 0.02732127532362938], "rhythm.beats_loudness_band_ratio.stdev": [0.2618308365345001, 0.26182451844215393, 0.21394462883472443, 0.06788036227226257, 0.025841332972049713, 0.026808595284819603], "tonal.hpcp.mean": [0.16750815510749817, 0.20053106546401978, 0.07120692729949951, 0.017251765355467796, 0.013203236274421215, 0.02080409787595272, 0.1486245095729828, 0.18768028914928436, 0.058354806154966354, 0.009153257124125957, 0.014211947098374367, 0.03596901521086693, 0.24152016639709473, 0.2895503640174866, 0.08459985256195068, 0.06591122597455978, 0.07318530231714249, 0.021854635328054428, 0.008174162358045578, 0.006131953559815884, 0.014320502057671547, 0.19031865894794464, 0.2630664110183716, 0.09975681453943253, 0.022842595353722572, 0.014436687342822552, 0.02111414074897766, 0.21679438650608063, 0.24210378527641296, 0.05051323026418686, 0.01878029853105545, 0.014300571754574776, 0.019353527575731277, 0.06362549960613251, 0.07640860229730606, 0.05399567261338234], "tonal.hpcp.stdev": [0.2921496331691742, 0.344510555267334, 0.16965556144714355, 0.09325899928808212, 0.08042140305042267, 0.08688319474458694, 0.27548477053642273, 0.35019347071647644, 0.13822627067565918, 0.06200962886214256, 0.08319883793592453, 0.13764451444149017, 0.3329784870147705, 0.3955400586128235, 0.17308340966701508, 0.20696623623371124, 0.23769302666187286, 0.08588214963674545, 0.03776562586426735, 0.02643905021250248, 0.07613477110862732, 0.2992825210094452, 0.3799412250518799, 0.20747044682502747, 0.10257647931575775, 0.08136820793151855, 0.08552998304367065, 0.3239916265010834, 0.35370752215385437, 0.10638640820980072, 0.08773813396692276, 0.077757328748703, 0.083955779671669, 0.17015168070793152, 0.19837521016597748, 0.1430710107088089], "rhythm.beats_position": [0.4643990993499756, 0.9752380847930908, 1.4744670391082764, 1.9736961126327515, 2.4845352172851562, 2.9953742027282715, 3.5062131881713867, 4.017052173614502, 4.5162811279296875, 5.015510082244873, 5.526349067687988, 6.0371880531311035, 6.548027038574219, 7.058866024017334, 7.569705009460449, 8.080544471740723, 8.59138298034668, 9.102222442626953, 9.61306095123291, 10.123900413513184, 10.63473892211914, 11.145578384399414, 11.656416893005371, 12.167256355285645, 12.678094863891602, 13.188934326171875, 13.688162803649902, 14.187392234802246, 14.698230743408203, 15.209070205688477, 15.719908714294434, 16.23074722290039, 16.741586685180664, 17.252426147460938, 17.76326560974121, 18.27410316467285, 18.773332595825195, 19.27256202697754, 19.783401489257812, 20.294239044189453, 20.805078506469727, 21.31591796875, 21.826757431030273, 22.337596893310547, 22.848434448242188, 23.35927391052246, 23.870113372802734, 24.380952835083008, 24.89179039001465, 25.402629852294922, 25.913469314575195, 26.42430877685547, 26.93514633178711, 27.434375762939453, 27.933605194091797, 28.44444465637207, 28.95528221130371, 29.466121673583984, 29.976961135864258, 30.48780059814453, 30.998638153076172, 31.509477615356445, 32.02031707763672, 32.53115463256836, 33.041996002197266, 33.552833557128906, 34.06367111206055, 34.57451248168945, 35.085350036621094, 35.58457946777344, 36.09541702270508, 36.59464645385742, 37.10548782348633, 37.61632537841797, 38.12716293334961, 38.638004302978516], "rhythm.bpm_histogram": [0.0, 0.0, 0.0, 0.0, 0.0, 0.0, 0.0, 0.0, 0.0, 0.0, 0.0, 0.0, 0.0, 0.0, 0.0, 0.0, 0.0, 0.0, 0.0, 0.0, 0.0, 0.0, 0.0, 0.0, 0.0, 0.0, 0.0, 0.0, 0.0, 0.0, 0.0, 0.0, 0.0, 0.0, 0.0, 0.0, 0.0, 0.0, 0.0, 0.0, 0.0, 0.0, 0.0, 0.0, 0.0, 0.0, 0.0, 0.0, 0.0, 0.0, 0.0, 0.0, 0.0, 0.0, 0.0, 0.0, 0.0, 0.0, 0.0, 0.0, 0.0, 0.0, 0.0, 0.0, 0.0, 0.0, 0.0, 0.0, 0.0, 0.0, 0.0, 0.0, 0.0, 0.0, 0.0, 0.0, 0.0, 0.0, 0.0, 0.0, 0.0, 0.0, 0.0, 0.0, 0.0, 0.0, 0.0, 0.0, 0.0, 0.0, 0.0, 0.0, 0.0, 0.0, 0.0, 0.0, 0.0, 0.0, 0.0, 0.0, 0.0, 0.0, 0.0, 0.0, 0.0, 0.0, 0.0, 0.0, 0.0, 0.0, 0.0, 0.0, 0.0, 0.0, 0.0, 0.0, 0.0, 0.8399999737739563, 0.0, 0.0, 0.1599999964237213, 0.0, 0.0, 0.0, 0.0, 0.0, 0.0, 0.0, 0.0, 0.0, 0.0, 0.0, 0.0, 0.0, 0.0, 0.0, 0.0, 0.0, 0.0, 0.0, 0.0, 0.0, 0.0, 0.0, 0.0, 0.0, 0.0, 0.0, 0.0, 0.0, 0.0, 0.0, 0.0, 0.0, 0.0, 0.0, 0.0, 0.0, 0.0, 0.0, 0.0, 0.0, 0.0, 0.0, 0.0, 0.0, 0.0, 0.0, 0.0, 0.0, 0.0, 0.0, 0.0, 0.0, 0.0, 0.0, 0.0, 0.0, 0.0, 0.0, 0.0, 0.0, 0.0, 0.0, 0.0, 0.0, 0.0, 0.0, 0.0, 0.0, 0.0, 0.0, 0.0, 0.0, 0.0, 0.0, 0.0, 0.0, 0.0, 0.0, 0.0, 0.0, 0.0, 0.0, 0.0, 0.0, 0.0, 0.0, 0.0, 0.0, 0.0, 0.0, 0.0, 0.0, 0.0, 0.0, 0.0, 0.0, 0.0, 0.0, 0.0, 0.0, 0.0, 0.0, 0.0, 0.0, 0.0, 0.0, 0.0, 0.0, 0.0, 0.0, 0.0, 0.0, 0.0, 0.0, 0.0, 0.0, 0.0, 0.0, 0.0, 0.0, 0.0, 0.0, 0.0, 0.0, 0.0, 0.0, 0.0, 0.0], "tonal.chords_histogram": [22.28843879699707, 16.328962326049805, 3.933253765106201, 0.0, 5.363527774810791, 0.0, 0.0, 0.0, 0.0, 0.0, 0.0, 0.0, 0.0, 0.0, 0.0, 0.0, 0.0, 0.0, 0.0, 1.668653130531311, 0.0, 7.151370525360107, 2.026221752166748, 41.23957061767578], "tonal.thpcp": [1.0, 0.29217663407325745, 0.2276330292224884, 0.25275498628616333, 0.07547783851623535, 0.028230536729097366, 0.02117750234901905, 0.04945772513747215, 0.6572903394699097, 0.9085342288017273, 0.34452319145202637, 0.0788898840546608, 0.04985898360610008, 0.07292044162750244, 0.7487277388572693, 0.836137056350708, 0.17445403337478638, 0.06486021727323532, 0.04938889294862747, 0.06683993339538574, 0.21973897516727448, 0.26388707756996155, 0.18648110330104828, 0.5785112977027893, 0.6925602555274963, 0.24592241644859314, 0.059581223875284195, 0.04559909924864769, 0.07184966653585434, 0.5132941603660583, 0.6481783986091614, 0.20153594017028809, 0.03161196783185005, 0.049082815647125244, 0.12422369420528412, 0.8341214656829834], "lowlevel.gfcc.cov": [[5885.53173828125, -1574.42138671875, -570.3187255859375, 1305.5477294921875, 397.2526550292969, 736.7767333984375, 197.3331298828125, 619.1566772460938, -158.98997497558594, 174.0023651123047, -232.69656372070312, 247.6132049560547, -190.0314483642578], [-1574.42138671875, 1916.95263671875, 344.2153625488281, -655.2612915039062, 452.7194519042969, -51.38400650024414, 162.23394775390625, -202.73095703125, 126.66886138916016, -159.13002014160156, 134.154052734375, -215.22947692871094, 111.97232055664062], [-570.3187255859375, 344.2153625488281, 1319.6212158203125, 401.40679931640625, 225.0652618408203, 250.10507202148438, 266.6238098144531, 277.059814453125, 162.4822540283203, 193.5112762451172, 74.05974578857422, 76.8581314086914, 65.57474517822266], [1305.5477294921875, -655.2612915039062, 401.40679931640625, 1116.713623046875, 164.09817504882812, 187.96148681640625, 110.37482452392578, 317.620849609375, 58.12579345703125, 111.65599060058594, -79.9386215209961, 133.07400512695312, -27.12493896484375], [397.2526550292969, 452.7194519042969, 225.0652618408203, 164.09817504882812, 655.8377685546875, 344.6499938964844, 194.85707092285156, 175.16990661621094, 90.096435546875, 101.44662475585938, 63.641361236572266, 25.772117614746094, 48.22336196899414], [736.7767333984375, -51.38400650024414, 250.10507202148438, 187.96148681640625, 344.6499938964844, 581.3886108398438, 255.60964965820312, 180.79530334472656, 32.2812614440918, 217.95115661621094, 82.9038314819336, 71.18051147460938, 53.86848831176758], [197.3331298828125, 162.23394775390625, 266.6238098144531, 110.37482452392578, 194.85707092285156, 255.60964965820312, 329.5065612792969, 196.0369415283203, 79.60370635986328, 152.5620574951172, 88.35419464111328, 59.943885803222656, 36.387046813964844], [619.1566772460938, -202.73095703125, 277.059814453125, 317.620849609375, 175.16990661621094, 180.79530334472656, 196.0369415283203, 390.9666442871094, 113.00203704833984, 136.82217407226562, 12.58545970916748, 93.3302993774414, 13.78806209564209], [-158.98997497558594, 126.66886138916016, 162.4822540283203, 58.12579345703125, 90.096435546875, 32.2812614440918, 79.60370635986328, 113.00203704833984, 209.1144256591797, 97.20269012451172, 26.653162002563477, 3.896527051925659, 35.2834358215332], [174.0023651123047, -159.13002014160156, 193.5112762451172, 111.65599060058594, 101.44662475585938, 217.95115661621094, 152.5620574951172, 136.82217407226562, 97.20269012451172, 308.30035400390625, 129.13296508789062, 56.96653366088867, 5.096424102783203], [-232.69656372070312, 134.154052734375, 74.05974578857422, -79.9386215209961, 63.641361236572266, 82.9038314819336, 88.35419464111328, 12.58545970916748, 26.653162002563477, 129.13296508789062, 166.0408172607422, 45.226646423339844, 24.221181869506836], [247.6132049560547, -215.22947692871094, 76.8581314086914, 133.07400512695312, 25.772117614746094, 71.18051147460938, 59.943885803222656, 93.3302993774414, 3.896527051925659, 56.96653366088867, 45.226646423339844, 153.4869842529297, 18.854307174682617], [-190.0314483642578, 111.97232055664062, 65.57474517822266, -27.12493896484375, 48.22336196899414, 53.86848831176758, 36.387046813964844, 13.78806209564209, 35.2834358215332, 5.096424102783203, 24.221181869506836, 18.854307174682617, 139.1739959716797]], "lowlevel.gfcc.icov": [[0.0005857508513145149, -0.00035628629848361015, 0.0007178601808845997, -0.0006217462359927595, 0.0002606304478831589, -0.0008824611431919038, 0.0003683481190819293, -0.0008969775517471135, 0.000661272497382015, -0.000541625136975199, 0.0011222242610529065, -0.0007212001364678144, 0.0006254353211261332], [-0.00035628629848361015, 0.004184070508927107, -0.0019398159347474575, 0.0019687828607857227, -0.003483096370473504, 0.0022367225028574467, -0.0034040941391140223, 0.0028837230056524277, -0.0024783231783658266, 0.004725529346615076, -0.004652172327041626, 0.004629123955965042, -0.0009718429064378142], [0.0007178601808845997, -0.0019398159347474575, 0.0025009941309690475, -0.0016720485873520374, 0.0015863656299188733, -0.0017577983671799302, 0.0012005334720015526, -0.0021412973292171955, 0.0012169183464720845, -0.002354823751375079, 0.0026089518796652555, -0.0023108343593776226, 0.0007022674544714391], [-0.0006217462359927595, 0.0019687828607857227, -0.0016720485873520374, 0.0028093711007386446, -0.0018337237415835261, 0.0015804446302354336, -0.001380556495860219, 0.0011952797649428248, -0.001297278911806643, 0.0017162159783765674, -0.001228983630426228, 0.0013768274802714586, -0.0005379754584282637], [0.0002606304478831589, -0.003483096370473504, 0.0015863656299188733, -0.0018337237415835261, 0.005546905100345612, -0.003508217865601182, 0.002776284469291568, -0.002905986038967967, 0.0010084601817652583, -0.002496130531653762, 0.00244190008379519, -0.0030572055839002132, 0.0008762231445871294], [-0.0008824611431919038, 0.0022367225028574467, -0.0017577983671799302, 0.0015804446302354336, -0.003508217865601182, 0.0065044229850173, -0.003838137723505497, 0.0026141817215830088, 0.00018228420231025666, -0.0002952963986899704, -0.0016603985568508506, 0.002453942084684968, -0.0025046225637197495], [0.0003683481190819293, -0.0034040941391140223, 0.0012005334720015526, -0.001380556495860219, 0.002776284469291568, -0.003838137723505497, 0.009561902843415737, -0.004770335275679827, 0.0014712150441482663, -0.003482300089672208, 0.0015139001188799739, -0.0035909749567508698, 0.0008807799895294011], [-0.0008969775517471135, 0.0028837230056524277, -0.0021412973292171955, 0.0011952797649428248, -0.002905986038967967, 0.0026141817215830088, -0.004770335275679827, 0.008573506027460098, -0.0037607704289257526, 0.0022508762776851654, -0.0017363268416374922, 0.0013365648919716477, -0.0009179591434076428], [0.000661272497382015, -0.0024783231783658266, 0.0012169183464720845, -0.001297278911806643, 0.0010084601817652583, 0.00018228420231025666, 0.0014712150441482663, -0.0037607704289257526, 0.009693301282823086, -0.006120634730905294, 0.004641685169190168, -0.0017675977433100343, -0.0011630879016593099], [-0.000541625136975199, 0.004725529346615076, -0.002354823751375079, 0.0017162159783765674, -0.002496130531653762, -0.0002952963986899704, -0.003482300089672208, 0.0022508762776851654, -0.006120634730905294, 0.014385134913027287, -0.0118630426004529, 0.005945943761616945, 0.0008532041101716459], [0.0011222242610529065, -0.004652172327041626, 0.0026089518796652555, -0.001228983630426228, 0.00244190008379519, -0.0016603985568508506, 0.0015139001188799739, -0.0017363268416374922, 0.004641685169190168, -0.0118630426004529, 0.019778292626142502, -0.00934979785233736, 0.0004613687051460147], [-0.0007212001364678144, 0.004629123955965042, -0.0023108343593776226, 0.0013768274802714586, -0.0030572055839002132, 0.002453942084684968, -0.0035909749567508698, 0.0013365648919716477, -0.0017675977433100343, 0.005945943761616945, -0.00934979785233736, 0.015012353658676147, -0.002612207317724824], [0.0006254353211261332, -0.0009718429064378142, 0.0007022674544714391, -0.0005379754584282637, 0.0008762231445871294, -0.0025046225637197495, 0.0008807799895294011, -0.0009179591434076428, -0.0011630879016593099, 0.0008532041101716459, 0.0004613687051460147, -0.002612207317724824, 0.009449092671275139]], "lowlevel.mfcc.cov": [[6207.55859375, -1573.2919921875, -774.7125244140625, 497.54742431640625, 371.5849914550781, 330.184326171875, 417.82977294921875, 518.0525512695312, 282.82073974609375, 276.0904541015625, 120.50410461425781, -144.17327880859375, 117.6018295288086], [-1573.2919921875, 1962.4747314453125, -12.9855318069458, -392.6458435058594, 115.0426025390625, 71.76068878173828, 113.34883117675781, -59.934967041015625, -40.343894958496094, 54.04121780395508, -3.207252264022827, 33.138587951660156, -68.56475830078125], [-774.7125244140625, -12.9855318069458, 1100.8541259765625, 341.4473571777344, 113.5685043334961, 107.588623046875, 151.0763397216797, 94.02606964111328, 244.31500244140625, 20.98476219177246, 206.75958251953125, 190.64820861816406, 113.91919708251953], [497.54742431640625, -392.6458435058594, 341.4473571777344, 742.0322265625, 192.5104217529297, 15.332608222961426, 37.403160095214844, 189.8054656982422, 177.0932159423828, 31.223953247070312, 86.77137756347656, 87.0650863647461, 86.65096282958984], [371.5849914550781, 115.0426025390625, 113.5685043334961, 192.5104217529297, 466.2650146484375, 201.95164489746094, 195.5374755859375, 145.33494567871094, 194.49932861328125, 100.69084930419922, 63.612770080566406, 88.44237518310547, 70.60102844238281], [330.184326171875, 71.76068878173828, 107.588623046875, 15.332608222961426, 201.95164489746094, 405.4997863769531, 266.8287353515625, 72.77301025390625, 116.31848907470703, 109.5264892578125, 111.6031265258789, 69.98064422607422, 90.1058578491211], [417.82977294921875, 113.34883117675781, 151.0763397216797, 37.403160095214844, 195.5374755859375, 266.8287353515625, 452.1773376464844, 154.5058135986328, 168.3304901123047, 104.65043640136719, 187.65003967285156, 118.25971984863281, 86.53497314453125], [518.0525512695312, -59.934967041015625, 94.02606964111328, 189.8054656982422, 145.33494567871094, 72.77301025390625, 154.5058135986328, 275.9483642578125, 161.60972595214844, 64.7717056274414, 58.819740295410156, 28.332778930664062, 41.38357162475586], [282.82073974609375, -40.343894958496094, 244.31500244140625, 177.0932159423828, 194.49932861328125, 116.31848907470703, 168.3304901123047, 161.60972595214844, 309.5162353515625, 146.1665496826172, 131.9610595703125, 88.33355712890625, 101.96269226074219], [276.0904541015625, 54.04121780395508, 20.98476219177246, 31.223953247070312, 100.69084930419922, 109.5264892578125, 104.65043640136719, 64.7717056274414, 146.1665496826172, 255.9632110595703, 66.90450286865234, -23.01033592224121, 78.20548248291016], [120.50410461425781, -3.207252264022827, 206.75958251953125, 86.77137756347656, 63.612770080566406, 111.6031265258789, 187.65003967285156, 58.819740295410156, 131.9610595703125, 66.90450286865234, 289.2777099609375, 184.97718811035156, 102.98135375976562], [-144.17327880859375, 33.138587951660156, 190.64820861816406, 87.0650863647461, 88.44237518310547, 69.98064422607422, 118.25971984863281, 28.332778930664062, 88.33355712890625, -23.01033592224121, 184.97718811035156, 272.55120849609375, 97.28993225097656], [117.6018295288086, -68.56475830078125, 113.91919708251953, 86.65096282958984, 70.60102844238281, 90.1058578491211, 86.53497314453125, 41.38357162475586, 101.96269226074219, 78.20548248291016, 102.98135375976562, 97.28993225097656, 181.8303680419922]], "lowlevel.mfcc.icov": [[0.0003740627726074308, 0.0002855595084838569, 0.0003999854961875826, -0.00012647162657231092, -0.0001433235447620973, -0.00013298772682901472, -0.0002036423684330657, -0.0004063015803694725, -3.113074853899889e-05, -6.351860793074593e-05, -0.0002933830546680838, 0.00033180214813910425, 1.9763079762924463e-05], [0.0002855595084838569, 0.0008738447213545442, 0.00015185686061158776, 0.0003469761577434838, -0.0004722976009361446, 2.900058461818844e-05, -0.00028064209618605673, -0.00033518223790451884, 0.00029200242715887725, -0.00043648554128594697, -0.00010465358354849741, -6.66975392960012e-05, 0.0003821360587608069], [0.0003999854961875826, 0.00015185686061158776, 0.0018367532175034285, -0.0007448423421010375, 0.0002461332187522203, -0.00039336906047537923, -0.0002816225460264832, 4.2353458411525935e-05, -0.001294241170398891, 0.0005958715337328613, -0.0006480925949290395, 0.00021297555940691382, -5.0910719437524676e-05], [-0.00012647162657231092, 0.0003469761577434838, -0.0007448423421010375, 0.0025028958916664124, -0.000945142237469554, 0.0004355350974947214, 0.0007618164527229965, -0.0012130403192713857, 0.00022213338525034487, 2.671295624168124e-05, -0.0002352693845750764, -0.000180540417204611, -0.00035499149817042053], [-0.0001433235447620973, -0.0004722976009361446, 0.0002461332187522203, -0.000945142237469554, 0.004320273641496897, -0.0013980804942548275, -0.00045458305976353586, -6.972027040319517e-05, -0.0018486230401322246, -0.0001974431797862053, 0.001756986603140831, -0.0014695444842800498, 0.00037111042183823884], [-0.00013298772682901472, 2.900058461818844e-05, -0.00039336906047537923, 0.0004355350974947214, -0.0013980804942548275, 0.00491709541529417, -0.0022895836737006903, 0.0006917111459188163, 0.0007259111735038459, -0.000760057766456157, 3.382410068297759e-05, 0.0002258049789816141, -0.0010458967881277204], [-0.0002036423684330657, -0.00028064209618605673, -0.0002816225460264832, 0.0007618164527229965, -0.00045458305976353586, -0.0022895836737006903, 0.00562692666426301, -0.0019200866809114814, -0.00012968409282620996, 7.861161429900676e-05, -0.002133714035153389, -0.00022952262952458113, 0.0002796440676320344], [-0.0004063015803694725, -0.00033518223790451884, 4.2353458411525935e-05, -0.0012130403192713857, -6.972027040319517e-05, 0.0006917111459188163, -0.0019200866809114814, 0.007349490188062191, -0.00292094424366951, 0.000766053912229836, 0.000735901587177068, 0.000530874531250447, 0.00022093548614066094], [-3.113074853899889e-05, 0.00029200242715887725, -0.001294241170398891, 0.00022213338525034487, -0.0018486230401322246, 0.0007259111735038459, -0.00012968409282620996, -0.00292094424366951, 0.009279823862016201, -0.0036779053043574095, -0.0008553495863452554, -0.0009235420729964972, -0.000723459932487458], [-6.351860793074593e-05, -0.00043648554128594697, 0.0005958715337328613, 2.671295624168124e-05, -0.0001974431797862053, -0.000760057766456157, 7.861161429900676e-05, 0.000766053912229836, -0.0036779053043574095, 0.007952197454869747, -0.0020165727473795414, 0.0038866063114255667, -0.0025633093900978565], [-0.0002933830546680838, -0.00010465358354849741, -0.0006480925949290395, -0.0002352693845750764, 0.001756986603140831, 3.382410068297759e-05, -0.002133714035153389, 0.000735901587177068, -0.0008553495863452554, -0.0020165727473795414, 0.0094355633482337, -0.005569015629589558, -0.00019974642782472074], [0.00033180214813910425, -6.66975392960012e-05, 0.00021297555940691382, -0.000180540417204611, -0.0014695444842800498, 0.0002258049789816141, -0.00022952262952458113, 0.000530874531250447, -0.0009235420729964972, 0.0038866063114255667, -0.005569015629589558, 0.009716360829770565, -0.003038550727069378], [1.9763079762924463e-05, 0.0003821360587608069, -5.0910719437524676e-05, -0.00035499149817042053, 0.00037111042183823884, -0.0010458967881277204, 0.0002796440676320344, 0.00022093548614066094, -0.000723459932487458, -0.0025633093900978565, -0.00019974642782472074, -0.003038550727069378, 0.009269941598176956]], "metadata.audio_properties.analysis.downmix": "mix", "metadata.audio_properties.codec": "mp3", "metadata.audio_properties.md5_encoded": "fa44bf2d8e469a6c41984da7d1bbb06b", "metadata.tags.file_name": "1182265737528737803.mp3", "metadata.version.essentia": "2.1-beta6-dev", "metadata.version.essentia_git_sha": "v2.1_beta5-1110-g77a6a954", "metadata.version.extractor": "music 2.0", "tonal.chords_key": "F#", "tonal.chords_scale": "minor", "tonal.key_edma.key": "A", "tonal.key_edma.scale": "major", "t