{"song_id": "1182264834008547368", "download": "https://cdn.discordapp.com/attachments/1135911532732108921/1182264834008547368/chirp.mp4?ex=658410ed&amp", "lyrics": "[Verse]\nNos lagos calmos, \u00e1gua repousa,\nNutre a terra, em cada vala e fossa.\n[Chorus]\nEssa viagem, ciclo sem fim,\nDa nascente ao mar, segue assim.", "style": ["andina electronica"], "essentia_features": {"lowlevel.average_loudness": 0.9637828469276428, "lowlevel.barkbands_crest.mean": 15.232324600219727, "lowlevel.barkbands_crest.stdev": 4.4639787673950195, "lowlevel.barkbands_flatness_db.mean": 0.25254249572753906, "lowlevel.barkbands_flatness_db.stdev": 0.059597887098789215, "lowlevel.barkbands_kurtosis.mean": 16.005788803100586, "lowlevel.barkbands_kurtosis.stdev": 19.29607582092285, "lowlevel.barkbands_skewness.mean": 3.180816650390625, "lowlevel.barkbands_skewness.stdev": 1.8839468955993652, "lowlevel.barkbands_spread.mean": 13.024116516113281, "lowlevel.barkbands_spread.stdev": 11.215882301330566, "lowlevel.dissonance.mean": 0.4592924118041992, "lowlevel.dissonance.stdev": 0.02704358659684658, "lowlevel.dynamic_complexity": 1.8408690690994263, "lowlevel.erbbands_crest.mean": 10.647506713867188, "lowlevel.erbbands_crest.stdev": 3.5879898071289062, "lowlevel.erbbands_flatness_db.mean": 0.19736385345458984, "lowlevel.erbbands_flatness_db.stdev": 0.03940717503428459, "lowlevel.erbbands_kurtosis.mean": 0.05110251158475876, "lowlevel.erbbands_kurtosis.stdev": 1.6290626525878906, "lowlevel.erbbands_skewness.mean": 0.026044802740216255, "lowlevel.erbbands_skewness.stdev": 0.758248507976532, "lowlevel.erbbands_spread.mean": 45.2216911315918, "lowlevel.erbbands_spread.stdev": 21.827547073364258, "lowlevel.hfc.mean": 19.031469345092773, "lowlevel.hfc.stdev": 15.185517311096191, "lowlevel.loudness_ebu128.integrated": -14.66412353515625, "lowlevel.loudness_ebu128.loudness_range": 2.111980438232422, "lowlevel.loudness_ebu128.momentary.mean": -14.895102500915527, "lowlevel.loudness_ebu128.momentary.stdev": 1.469441533088684, "lowlevel.loudness_ebu128.short_term.mean": -14.678314208984375, "lowlevel.loudness_ebu128.short_term.stdev": 0.6957662105560303, "lowlevel.melbands_crest.mean": 21.291433334350586, "lowlevel.melbands_crest.stdev": 5.781695365905762, "lowlevel.melbands_flatness_db.mean": 0.3263947367668152, "lowlevel.melbands_flatness_db.stdev": 0.07053492218255997, "lowlevel.melbands_kurtosis.mean": 43.34805679321289, "lowlevel.melbands_kurtosis.stdev": 42.57229995727539, "lowlevel.melbands_skewness.mean": 5.076450824737549, "lowlevel.melbands_skewness.stdev": 2.537360906600952, "lowlevel.melbands_spread.mean": 11.191885948181152, "lowlevel.melbands_spread.stdev": 14.008454322814941, "lowlevel.pitch_salience.mean": 0.3449406027793884, "lowlevel.pitch_salience.stdev": 0.12076793611049652, "lowlevel.silence_rate_20dB.mean": 1.0, "lowlevel.silence_rate_20dB.stdev": 0.0, "lowlevel.silence_rate_30dB.mean": 0.9924314022064209, "lowlevel.silence_rate_30dB.stdev": 0.08666753023862839, "lowlevel.silence_rate_60dB.mean": 0.0018921475857496262, "lowlevel.silence_rate_60dB.stdev": 0.04345760494470596, "lowlevel.spectral_centroid.mean": 860.8159790039062, "lowlevel.spectral_centroid.stdev": 595.1082153320312, "lowlevel.spectral_complexity.mean": 12.983916282653809, "lowlevel.spectral_complexity.stdev": 5.933303356170654, "lowlevel.spectral_decrease.mean": -1.318710829423253e-08, "lowlevel.spectral_decrease.stdev": 4.972312783735333e-09, "lowlevel.spectral_energy.mean": 0.05149737745523453, "lowlevel.spectral_energy.stdev": 0.019482864066958427, "lowlevel.spectral_energyband_high.mean": 0.0006455106195062399, "lowlevel.spectral_energyband_high.stdev": 0.0011257113656029105, "lowlevel.spectral_energyband_low.mean": 0.036471176892519, "lowlevel.spectral_energyband_low.stdev": 0.014964772388339043, "lowlevel.spectral_energyband_middle_high.mean": 0.006255990359932184, "lowlevel.spectral_energyband_middle_high.stdev": 0.008036237210035324, "lowlevel.spectral_energyband_middle_low.mean": 0.010248231701552868, "lowlevel.spectral_energyband_middle_low.stdev": 0.00902512390166521, "lowlevel.spectral_entropy.mean": 6.987341403961182, "lowlevel.spectral_entropy.stdev": 0.4414830803871155, "lowlevel.spectral_flux.mean": 0.06043578311800957, "lowlevel.spectral_flux.stdev": 0.03625522926449776, "lowlevel.spectral_kurtosis.mean": 5.51187801361084, "lowlevel.spectral_kurtosis.stdev": 3.60353946685791, "lowlevel.spectral_rms.mean": 0.006943348329514265, "lowlevel.spectral_rms.stdev": 0.0014252488035708666, "lowlevel.spectral_rolloff.mean": 576.6493530273438, "lowlevel.spectral_rolloff.stdev": 850.9865112304688, "lowlevel.spectral_skewness.mean": 1.632602334022522, "lowlevel.spectral_skewness.stdev": 0.5250517725944519, "lowlevel.spectral_spread.mean": 3734353.75, "lowlevel.spectral_spread.stdev": 1467720.375, "lowlevel.spectral_strongpeak.mean": 0.9285222291946411, "lowlevel.spectral_strongpeak.stdev": 0.7886196374893188, "lowlevel.zerocrossingrate.mean": 0.02693723328411579, "lowlevel.zerocrossingrate.stdev": 0.024403810501098633, "metadata.audio_properties.analysis.equal_loudness": 0.0, "metadata.audio_properties.analysis.length": 24.511995315551758, "metadata.audio_properties.analysis.sample_rate": 44100.0, "metadata.audio_properties.analysis.start_time": 0.0, "metadata.audio_properties.bit_rate": 117787.0, "metadata.audio_properties.length": 24.511999130249023, "metadata.audio_properties.lossless": 0.0, "metadata.audio_properties.number_channels": 1.0, "metadata.audio_properties.replay_gain": -10.462343215942383, "metadata.audio_properties.sample_rate": 48000.0, "rhythm.beats_count": 40.0, "rhythm.beats_loudness.mean": 0.06320948153734207, "rhythm.beats_loudness.stdev": 0.01868966780602932, "rhythm.bpm": 99.74143981933594, "rhythm.bpm_histogram_first_peak_bpm": 99.0, "rhythm.bpm_histogram_first_peak_weight": 0.23076921701431274, "rhythm.bpm_histogram_second_peak_bpm": 0.0, "rhythm.bpm_histogram_second_peak_spread": 0.0, "rhythm.bpm_histogram_second_peak_weight": 0.0, "rhythm.danceability": 1.0722523927688599, "rhythm.onset_rate": 3.5871689319610596, "tonal.chords_changes_rate": 0.04725898057222366, "tonal.chords_number_rate": 0.01701323315501213, "tonal.chords_strength.mean": 0.489100843667984, "tonal.chords_strength.stdev": 0.07711350172758102, "tonal.hpcp_crest.mean": 16.095779418945312, "tonal.hpcp_crest.stdev": 7.088625907897949, "tonal.hpcp_entropy.mean": 1.686738133430481, "tonal.hpcp_entropy.stdev": 0.6652212142944336, "tonal.key_edma.strength": 0.5903729796409607, "tonal.key_krumhansl.strength": 0.601281464099884, "tonal.key_temperley.strength": 0.6054311990737915, "tonal.tuning_diatonic_strength": 0.5116288065910339, "tonal.tuning_equal_tempered_deviation": 0.11961594223976135, "tonal.tuning_frequency": 438.2245178222656, "tonal.tuning_nontempered_energy_ratio": 0.7073835134506226, "lowlevel.barkbands.mean": [3.824160012300126e-05, 0.014103575609624386, 0.020506883040070534, 0.0028799104038625956, 0.004254744853824377, 0.0017720271134749055, 0.00022674992214888334, 0.00030419271206483245, 0.00032906606793403625, 0.001552718342281878, 0.0009344721911475062, 0.0007656096713617444, 0.0007695668609812856, 0.0006913398974575102, 0.00033676112070679665, 0.0005606797058135271, 0.00033751860610209405, 0.0003891107044182718, 5.180289736017585e-05, 0.0003426755720283836, 8.221514144679531e-05, 0.00010913847654592246, 3.8671045331284404e-05, 7.321939483517781e-05, 4.435696610016748e-05, 2.172889708162984e-06, 3.5439331469433455e-08], "lowlevel.barkbands.stdev": [0.00021349999587982893, 0.011367355473339558, 0.0168173685669899, 0.0034650955349206924, 0.006041162181645632, 0.004972946364432573, 0.0007629901519976556, 0.0009344283607788384, 0.0011238068109378219, 0.003366129705682397, 0.002198481233790517, 0.0012691683368757367, 0.0016764027532190084, 0.0018887418555095792, 0.0011343690566718578, 0.0021002646535634995, 0.0007611829787492752, 0.0007895830203779042, 9.174613660434261e-05, 0.0006825046148151159, 0.0001829939428716898, 0.00037409659125842154, 0.00015865368186496198, 0.00022708419419359416, 0.0001388412492815405, 6.755818958481541e-06, 2.218901613559865e-07], "lowlevel.erbbands.mean": [0.11164005100727081, 4.378414630889893, 22.964954376220703, 15.657081604003906, 11.676785469055176, 14.113444328308105, 17.767671585083008, 10.868101119995117, 2.7872281074523926, 5.565943241119385, 6.743503570556641, 7.068068981170654, 33.19745635986328, 46.992488861083984, 43.81867599487305, 29.48607635498047, 34.669490814208984, 39.44906997680664, 23.461721420288086, 29.124204635620117, 19.24126434326172, 19.3475399017334, 24.571516036987305, 7.082002639770508, 2.463975429534912, 15.783609390258789, 10.08240795135498, 1.8478997945785522, 3.6468617916107178, 3.4569337368011475, 0.6622851490974426, 0.5347316265106201, 1.7972534894943237, 0.8522039651870728, 0.10325678437948227, 0.01058184914290905, 0.005211920943111181, 0.0006490310770459473, 3.969011959270574e-05, 5.9192097978666425e-05], "lowlevel.erbbands.stdev": [0.11465448886156082, 3.00551438331604, 16.695114135742188, 13.591127395629883, 17.676448822021484, 24.80758285522461, 37.31935501098633, 33.016883850097656, 7.018989562988281, 20.258121490478516, 23.745525360107422, 20.32527732849121, 85.8038101196289, 98.90962219238281, 77.27456665039062, 46.88998794555664, 69.3311538696289, 96.4136734008789, 75.803466796875, 99.96289825439453, 58.76165771484375, 46.880714416503906, 49.52424621582031, 13.105633735656738, 4.225871562957764, 31.520206451416016, 18.23161506652832, 5.021096706390381, 12.187673568725586, 13.721997261047363, 2.4347422122955322, 1.7298413515090942, 5.583880424499512, 2.6323277950286865, 0.3377857804298401, 0.03471803665161133, 0.015634454786777496, 0.00221120472997427, 4.561124660540372e-05, 2.230711470474489e-05], "lowlevel.gfcc.mean": [-34.63437271118164, 131.82595825195312, -115.12464141845703, 54.10728454589844, -28.360233306884766, 29.593313217163086, -22.3203125, -4.824990272521973, -36.98733139038086, -17.490537643432617, -6.039211273193359, -10.508399963378906, 3.4762728214263916], "lowlevel.melbands.mean": [0.002426153514534235, 0.009644359350204468, 0.002682460704818368, 0.0009002904989756644, 0.000645493040792644, 0.00026331099797971547, 3.942325201933272e-05, 6.113135896157473e-05, 5.0595019274624065e-05, 4.756907947012223e-05, 0.0001716742553981021, 0.00019495708693284541, 0.00014090319746173918, 0.00010243861470371485, 6.606261740671471e-05, 7.593805639771745e-05, 7.32950065867044e-05, 3.9383830880979076e-05, 2.6198931664112024e-05, 4.929474016535096e-05, 1.6189729649340734e-05, 1.767680987541098e-05, 2.638694058987312e-05, 1.7329210095340386e-05, 4.442406407179078e-06, 1.1206162753296667e-06, 2.74465628535836e-06, 1.3355885130295064e-05, 9.260406841349322e-06, 1.3607716482511023e-06, 8.075081723291078e-07, 1.917420149766258e-06, 2.461543090248597e-06, 1.6633638324492495e-06, 3.516799722547148e-07, 1.350792615539831e-07, 3.9693344433544553e-07, 1.3365802260523196e-06, 1.2588841400429374e-06, 5.236171887190721e-07], "lowlevel.melbands.stdev": [0.0021800652612000704, 0.005157782696187496, 0.0019424229394644499, 0.0013482228387147188, 0.0011324145598337054, 0.0007798289880156517, 0.00010749588545877486, 0.00019905810768250376, 0.0001828603126341477, 0.00014880321396049112, 0.00043911492684856057, 0.0004368298687040806, 0.0002889219904318452, 0.00017338724865112454, 0.00012134759163018316, 0.0001683436130406335, 0.00018973011174239218, 0.00014308409299701452, 7.559954246971756e-05, 0.00019738472474273294, 5.129541750648059e-05, 5.1590421207947657e-05, 5.0389320676913485e-05, 3.906927304342389e-05, 9.193035111820791e-06, 1.8148169829146354e-06, 6.783116077713203e-06, 2.6919437004835345e-05, 1.7901977116707712e-05, 3.921507868653862e-06, 2.6053746751131257e-06, 6.552461400133325e-06, 9.325541213911492e-06, 7.090049621183425e-06, 1.325686071140808e-06, 5.119535444464418e-07, 1.4068814380152617e-06, 4.59747934655752e-06, 3.71549003830296e-06, 1.7247065215997281e-06], "lowlevel.melbands128.mean": [1.4267829101299867e-05, 9.868922643363476e-05, 0.002357814460992813, 0.00875562522560358, 0.012919978238642216, 0.008812343701720238, 0.003138575702905655, 0.0012049663346260786, 0.001218860736116767, 0.0008474374189972878, 0.0007632789202034473, 0.0007220770930871367, 0.0005753609002567828, 0.0006514374981634319, 0.00026158266700804234, 5.9890451666433364e-05, 4.913006705464795e-05, 2.0915820641675964e-05, 4.0523966163164005e-05, 8.298624015878886e-05, 4.9065165512729436e-05, 6.423896411433816e-05, 5.755779784522019e-05, 2.712212153710425e-05, 3.202118750778027e-05, 4.047633410664275e-05, 0.00011861592065542936, 0.00022058461036067456, 0.00013696093810722232, 0.0003062028845306486, 0.00013837417645845562, 0.000138248477014713, 0.00013741971633862704, 0.0001645144511712715, 0.00012006746692350134, 9.018819400807843e-05, 6.319610110949725e-05, 3.8229361962294206e-05, 0.00010033100261352956, 7.264470332302153e-05, 6.45281033939682e-05, 9.082990436581895e-05, 7.315838593058288e-05, 7.504552195314318e-05, 3.861287405015901e-05, 3.985121657024138e-05, 2.7648608011077158e-05, 2.250146644655615e-05, 1.7750198821886443e-05, 5.481014522956684e-05, 6.90916131134145e-05, 2.586939444881864e-05, 1.47999708133284e-05, 1.3069225133222062e-05, 1.4682545042887796e-05, 1.721949411148671e-05, 1.900015377032105e-05, 3.057842332054861e-05, 2.587607377790846e-05, 2.485323420842178e-05, 2.0920226234011352e-05, 8.233905646193307e-06, 6.347085218294524e-06, 3.2385271424573148e-06, 1.3274864159029676e-06, 1.0769400660137762e-06, 8.35108551200392e-07, 1.2952560837220517e-06, 2.0560466964525403e-06, 5.887955012440216e-06, 1.2722819519694895e-05, 1.831319968914613e-05, 1.6690286429366097e-05, 6.533033683808753e-06, 2.2401229671231704e-06, 1.3142467878424213e-06, 1.088640260604734e-06, 5.931987061558175e-07, 6.191164629854029e-07, 1.0441763151902705e-06, 1.7986833427130478e-06, 2.3665354547119932e-06, 2.2265662664722186e-06, 2.6454597445990657e-06, 2.4244020551122958e-06, 2.268846628794563e-06, 1.2821915333915967e-06, 6.222842898750969e-07, 2.551351485635678e-07, 2.0877301665223058e-07, 1.7527119666738145e-07, 1.1413418832262323e-07, 6.713960942761332e-08, 1.337356820840796e-07, 6.202091071827454e-07, 1.5942803202051437e-06, 1.3801419527226244e-06, 1.1817298855021363e-06, 1.482353013670945e-06, 1.2456030162866227e-06, 7.251622378134925e-07, 4.0929106148723804e-07, 2.3128808379624388e-07, 1.6912237299493427e-07, 5.802883862315866e-08, 4.146833987306309e-08, 3.101117584947133e-08, 1.6016938886309617e-08, 9.095904474065719e-09, 6.385305173495226e-09, 1.3012132704659507e-08, 1.5602111602674995e-08, 2.2491720486073064e-08, 1.66116080890788e-08, 1.3583929536764572e-08, 6.067687241539943e-09, 1.4989804952847408e-09, 1.987482574350441e-11, 6.227993381430208e-12, 6.054663281157557e-12, 5.9094751661548095e-12, 5.803276695998116e-12, 5.6691552494103625e-12, 5.569417756839945e-12, 5.447898208943425e-12, 5.3061752040839405e-12, 5.22055142171407e-12, 5.186323159128703e-12], "lowlevel.melbands128.stdev": [6.292942998697981e-05, 0.00018815988732967526, 0.0031920496840029955, 0.00664641335606575, 0.009369518607854843, 0.007383404299616814, 0.0034519026521593332, 0.0015989753883332014, 0.002333722310140729, 0.0016874473076313734, 0.0017722586635500193, 0.0013958908384665847, 0.0015447556506842375, 0.0021010683849453926, 0.0009951692773029208, 0.00022122061636764556, 0.00019011113909073174, 8.980459824670106e-05, 0.0001744837500154972, 0.00037707400042563677, 0.00015058706048876047, 0.00026122989947907627, 0.0002742598589975387, 0.00012081232853233814, 0.00018234606250189245, 0.0002090017223963514, 0.00041374083957634866, 0.0008027356234379113, 0.0004037958860863, 0.0008948658942244947, 0.0003565917140804231, 0.0005615588161163032, 0.0003992387210018933, 0.0004653541254810989, 0.0002464729477651417, 0.0002539709093980491, 0.0001442066568415612, 0.00010230274347122759, 0.0003141956985928118, 0.00018164922948926687, 0.00026000209618359804, 0.00035315664717927575, 0.0002538343833293766, 0.00029544156859628856, 0.00021920830477029085, 0.0002352813316974789, 0.00012031729420414194, 9.380951814819127e-05, 0.00010419332829769701, 0.00025712052593007684, 0.00033849518513306975, 0.0001626689627300948, 6.313096673693508e-05, 4.7424047806998715e-05, 4.494412860367447e-05, 9.377581591252238e-05, 6.036404374754056e-05, 6.513229891424999e-05, 6.69100190862082e-05, 7.45934376027435e-05, 5.6590462918393314e-05, 2.131113978975918e-05, 2.1082430976093747e-05, 5.808512014482403e-06, 3.0451190013991436e-06, 1.7830008118835394e-06, 1.6780456917331321e-06, 2.991870360347093e-06, 6.514601409435272e-06, 1.8553260815679096e-05, 3.244145045755431e-05, 4.328497016103938e-05, 4.4234777305973694e-05, 1.3192812730267178e-05, 5.788014277641196e-06, 4.282029749447247e-06, 4.49729213869432e-06, 2.169409071939299e-06, 1.9940093807235826e-06, 3.8842354115331545e-06, 6.937660145922564e-06, 8.681072358740494e-06, 8.517432434018701e-06, 1.1293608622509055e-05, 1.0543627467995975e-05, 1.0753258720797021e-05, 5.841984147991752e-06, 2.4830619622662198e-06, 1.0795326943480177e-06, 9.433900913791149e-07, 7.465517910532071e-07, 4.4763567075278843e-07, 2.4900461426113907e-07, 6.234448051145591e-07, 2.231490270787617e-06, 6.645685061812401e-06, 5.197720838623354e-06, 3.41451118401892e-06, 4.5838723963242956e-06, 4.121245183341671e-06, 2.7652506560116308e-06, 1.3409764960670145e-06, 9.413994916940283e-07, 7.117934615052945e-07, 2.531986069698178e-07, 1.908003497419486e-07, 1.3050306790773902e-07, 7.902144005811351e-08, 4.283631938051258e-08, 2.378724062168658e-08, 6.251838868820414e-08, 5.8859740192929166e-08, 7.509679988970674e-08, 5.4143590944022435e-08, 4.772159556409861e-08, 3.250231372931012e-08, 8.871555046141566e-09, 1.8101527221592306e-10, 9.916395829479008e-12, 9.649413212908797e-12, 9.414274915187093e-12, 9.208428290718995e-12, 9.018286985240653e-12, 8.863043111928537e-12, 8.730788661481803e-12, 8.62565487785849e-12, 8.549722561868034e-12, 8.502656044517831e-12], "lowlevel.mfcc.mean": [-677.4207763671875, 148.10662841796875, -3.603261709213257, 33.71540832519531, 24.346160888671875, 25.286514282226562, 32.97422790527344, 7.620289325714111, 5.920029163360596, -20.159011840820312, -6.533210754394531, 0.3449954092502594, -4.788353443145752], "lowlevel.spectral_contrast_coeffs.mean": [-0.6080074906349182, -0.7544146776199341, -0.7101012468338013, -0.7707114815711975, -0.7650313973426819, -0.7381076812744141], "lowlevel.spectral_contrast_coeffs.stdev": [0.07267638295888901, 0.07126560807228088, 0.06862515956163406, 0.06436636298894882, 0.05299428477883339, 0.03974296525120735], "lowlevel.spectral_contrast_valleys.mean": [-6.5987229347229, -7.879910469055176, -7.670247554779053, -7.948180198669434, -8.015761375427246, -11.40820598602295], "lowlevel.spectral_contrast_valleys.stdev": [0.5953050851821899, 0.6109703779220581, 0.6188981533050537, 0.5978055596351624, 0.5984342694282532, 0.9447821974754333], "rhythm.beats_loudness_band_ratio.mean": [0.7650860548019409, 0.10676475614309311, 0.02543901838362217, 0.09356644749641418, 0.044028740376234055, 0.015641186386346817], "rhythm.beats_loudness_band_ratio.stdev": [0.15982313454151154, 0.09871406108140945, 0.03450533002614975, 0.10622420907020569, 0.059148892760276794, 0.0228927843272686], "tonal.hpcp.mean": [0.2818324565887451, 0.12811902165412903, 0.005802750587463379, 0.004759941250085831, 0.006534625310450792, 0.013281391933560371, 0.02903561294078827, 0.03402429446578026, 0.10231390595436096, 0.21308095753192902, 0.135151207447052, 0.016031872481107712, 0.009248783811926842, 0.008308593183755875, 0.02614126168191433, 0.04056234285235405, 0.02729673497378826, 0.01401989534497261, 0.013792294077575207, 0.015895497053861618, 0.08639594167470932, 0.30511829257011414, 0.23756150901317596, 0.01638493686914444, 0.008316174149513245, 0.00887215044349432, 0.011154965497553349, 0.01155299786478281, 0.01476267073303461, 0.13596725463867188, 0.2560185194015503, 0.1409386545419693, 0.017913686111569405, 0.009747492149472237, 0.009434412233531475, 0.16204169392585754], "tonal.hpcp.stdev": [0.4343034625053406, 0.20514066517353058, 0.021441224962472916, 0.02000659517943859, 0.02985011227428913, 0.04045362398028374, 0.06902461498975754, 0.09840017557144165, 0.18604718148708344, 0.38748106360435486, 0.24695450067520142, 0.06487017869949341, 0.046804048120975494, 0.03728250786662102, 0.10389174520969391, 0.1367959827184677, 0.11128345876932144, 0.08344493061304092, 0.08173579722642899, 0.07592155039310455, 0.1505231261253357, 0.4392290413379669, 0.35337916016578674, 0.06265705823898315, 0.04025453329086304, 0.03908373787999153, 0.04488692060112953, 0.05346726253628731, 0.05951158329844475, 0.22394035756587982, 0.3984309136867523, 0.22524894773960114, 0.08762006461620331, 0.07055649161338806, 0.0544147863984108, 0.2587754726409912], "rhythm.beats_position": [0.6153287887573242, 1.2306575775146484, 1.8227664232254028, 2.426485300064087, 3.0302040576934814, 3.633922815322876, 4.22603178024292, 4.8297505378723145, 5.433469295501709, 6.0371880531311035, 6.640906810760498, 7.256235599517822, 7.859954357147217, 8.4752836227417, 9.079002380371094, 9.671111106872559, 10.274829864501953, 10.878548622131348, 11.470657348632812, 12.074376106262207, 12.678094863891602, 13.281813621520996, 13.88553237915039, 14.489251136779785, 15.08135986328125, 15.673469543457031, 16.25396728515625, 16.85768699645996, 17.46140480041504, 18.06512451171875, 18.6572322845459, 19.26095199584961, 19.85306167602539, 20.45677947998047, 21.06049919128418, 21.664216995239258, 22.26793670654297, 22.871654510498047, 23.475374221801758, 24.079092025756836], "rhythm.bpm_histogram": [0.0, 0.0, 0.0, 0.0, 0.0, 0.0, 0.0, 0.0, 0.0, 0.0, 0.0, 0.0, 0.0, 0.0, 0.0, 0.0, 0.0, 0.0, 0.0, 0.0, 0.0, 0.0, 0.0, 0.0, 0.0, 0.0, 0.0, 0.0, 0.0, 0.0, 0.0, 0.0, 0.0, 0.0, 0.0, 0.0, 0.0, 0.0, 0.0, 0.0, 0.0, 0.0, 0.0, 0.0, 0.0, 0.0, 0.0, 0.0, 0.0, 0.0, 0.0, 0.0, 0.0, 0.0, 0.0, 0.0, 0.0, 0.0, 0.0, 0.0, 0.0, 0.0, 0.0, 0.0, 0.0, 0.0, 0.0, 0.0, 0.0, 0.0, 0.0, 0.0, 0.0, 0.0, 0.0, 0.0, 0.0, 0.0, 0.0, 0.0, 0.0, 0.0, 0.0, 0.0, 0.0, 0.0, 0.0, 0.0, 0.0, 0.0, 0.0, 0.0, 0.0, 0.0, 0.0, 0.0, 0.0, 0.0, 0.07692307978868484, 0.692307710647583, 0.0, 0.20512820780277252, 0.0, 0.025641025975346565, 0.0, 0.0, 0.0, 0.0, 0.0, 0.0, 0.0, 0.0, 0.0, 0.0, 0.0, 0.0, 0.0, 0.0, 0.0, 0.0, 0.0, 0.0, 0.0, 0.0, 0.0, 0.0, 0.0, 0.0, 0.0, 0.0, 0.0, 0.0, 0.0, 0.0, 0.0, 0.0, 0.0, 0.0, 0.0, 0.0, 0.0, 0.0, 0.0, 0.0, 0.0, 0.0, 0.0, 0.0, 0.0, 0.0, 0.0, 0.0, 0.0, 0.0, 0.0, 0.0, 0.0, 0.0, 0.0, 0.0, 0.0, 0.0, 0.0, 0.0, 0.0, 0.0, 0.0, 0.0, 0.0, 0.0, 0.0, 0.0, 0.0, 0.0, 0.0, 0.0, 0.0, 0.0, 0.0, 0.0, 0.0, 0.0, 0.0, 0.0, 0.0, 0.0, 0.0, 0.0, 0.0, 0.0, 0.0, 0.0, 0.0, 0.0, 0.0, 0.0, 0.0, 0.0, 0.0, 0.0, 0.0, 0.0, 0.0, 0.0, 0.0, 0.0, 0.0, 0.0, 0.0, 0.0, 0.0, 0.0, 0.0, 0.0, 0.0, 0.0, 0.0, 0.0, 0.0, 0.0, 0.0, 0.0, 0.0, 0.0, 0.0, 0.0, 0.0, 0.0, 0.0, 0.0, 0.0, 0.0, 0.0, 0.0, 0.0, 0.0, 0.0, 0.0, 0.0, 0.0, 0.0, 0.0, 0.0, 0.0, 0.0, 0.0, 0.0, 0.0, 0.0, 0.0], "tonal.chords_histogram": [35.727787017822266, 10.018903732299805, 2.835538864135742, 0.0, 3.2136106491088867, 4.34782600402832, 12.854442596435547, 0.0, 0.0, 0.0, 0.0, 0.0, 0.0, 0.0, 0.0, 0.0, 0.0, 3.0245747566223145, 0.0, 0.0, 0.0, 0.0, 2.2684309482574463, 25.708885192871094], "tonal.thpcp": [1.0, 0.7785882353782654, 0.0537002757191658, 0.027255574241280556, 0.029077740386128426, 0.03655947744846344, 0.037863995879888535, 0.0483834333717823, 0.44562143087387085, 0.8390795588493347, 0.4619148075580597, 0.058710627257823944, 0.03194659948348999, 0.03092050738632679, 0.5310782790184021, 0.9236825704574585, 0.41989952325820923, 0.019018035382032394, 0.015600314363837242, 0.021416693925857544, 0.043528664857149124, 0.09516182541847229, 0.11151181161403656, 0.3353253901004791, 0.6983552575111389, 0.4429469108581543, 0.05254313722252846, 0.030312124639749527, 0.027230728417634964, 0.08567582815885544, 0.13293972611427307, 0.08946279436349869, 0.045949049293994904, 0.04520310461521149, 0.052096176892519, 0.28315556049346924], "lowlevel.gfcc.cov": [[3074.899658203125, -1045.232421875, -353.02606201171875, -104.18677520751953, -393.08599853515625, 162.89108276367188, -290.0187072753906, 476.8921813964844, -7.201351165771484, 251.3089141845703, -129.26881408691406, -106.64155578613281, 28.514528274536133], [-1045.232421875, 1272.599365234375, -213.12818908691406, -265.2159423828125, 341.32965087890625, -173.07276916503906, 272.2528076171875, -167.91378784179688, 79.34403991699219, -185.743896484375, 127.03247833251953, -135.27047729492188, 126.6384048461914], [-353.02606201171875, -213.12818908691406, 669.2196655273438, 282.55609130859375, -83.46794128417969, 53.99703598022461, -76.10411834716797, -72.57243347167969, -48.98615646362305, 74.10214233398438, 118.92096710205078, 280.7994689941406, -76.87714385986328], [-104.18677520751953, -265.2159423828125, 282.55609130859375, 465.6686096191406, 25.491209030151367, -5.904064655303955, -85.78230285644531, -58.8527717590332, -12.055662155151367, 28.5825252532959, 122.37220764160156, 166.1772003173828, 24.413593292236328], [-393.08599853515625, 341.32965087890625, -83.46794128417969, 25.491209030151367, 281.9289245605469, -19.566280364990234, 95.2414779663086, -49.809120178222656, 18.814302444458008, -72.56591796875, 39.345428466796875, -27.04587173461914, 56.197998046875], [162.89108276367188, -173.07276916503906, 53.99703598022461, -5.904064655303955, -19.566280364990234, 249.74111938476562, 62.87172317504883, 2.2547647953033447, 5.2037200927734375, 22.875736236572266, -36.254608154296875, -8.843008995056152, -29.068294525146484], [-290.0187072753906, 272.2528076171875, -76.10411834716797, -85.78230285644531, 95.2414779663086, 62.87172317504883, 214.833984375, -34.93858337402344, -8.955899238586426, -64.62513732910156, 8.59817123413086, -46.503082275390625, 9.4147310256958], [476.8921813964844, -167.91378784179688, -72.57243347167969, -58.8527717590332, -49.809120178222656, 2.2547647953033447, -34.93858337402344, 188.74099731445312, 23.108989715576172, 43.61809158325195, -13.639426231384277, -6.236924171447754, 20.279861450195312], [-7.201351165771484, 79.34403991699219, -48.98615646362305, -12.055662155151367, 18.814302444458008, 5.2037200927734375, -8.955899238586426, 23.108989715576172, 130.11228942871094, 15.88352108001709, -11.970051765441895, -18.006359100341797, 24.94588851928711], [251.3089141845703, -185.743896484375, 74.10214233398438, 28.5825252532959, -72.56591796875, 22.875736236572266, -64.62513732910156, 43.61809158325195, 15.88352108001709, 131.24371337890625, 19.658334732055664, 33.33363723754883, -26.019330978393555], [-129.26881408691406, 127.03247833251953, 118.92096710205078, 122.37220764160156, 39.345428466796875, -36.254608154296875, 8.59817123413086, -13.639426231384277, -11.970051765441895, 19.658334732055664, 210.39744567871094, 113.95761108398438, 53.1630859375], [-106.64155578613281, -135.27047729492188, 280.7994689941406, 166.1772003173828, -27.04587173461914, -8.843008995056152, -46.503082275390625, -6.236924171447754, -18.006359100341797, 33.33363723754883, 113.95761108398438, 250.80581665039062, 14.428349494934082], [28.514528274536133, 126.6384048461914, -76.87714385986328, 24.413593292236328, 56.197998046875, -29.068294525146484, 9.4147310256958, 20.279861450195312, 24.94588851928711, -26.019330978393555, 53.1630859375, 14.428349494934082, 123.3665771484375]], "lowlevel.gfcc.icov": [[0.0010289010824635625, -0.00025473619461990893, 0.000973037735093385, -0.0005353360320441425, 0.0009200536296702921, -0.0012064820621162653, 0.0011881537502631545, -0.0020016198977828026, 0.0010595506755635142, -0.0009848810732364655, 0.000261771900113672, -0.00010490918066352606, -0.0002515660016797483], [-0.00025473619461990893, 0.007836169563233852, -0.003836908843368292, 0.006507513578981161, -0.004667029716074467, 0.00605637626722455, -0.005388685967773199, 0.00601947633549571, -0.006036858540028334, 0.0034720255061984062, -0.00628534285351634, 0.005190548021346331, -0.00463465740904212], [0.000973037735093385, -0.003836908843368292, 0.00694307079538703, -0.004508518613874912, 0.003343108342960477, -0.004674122203141451, 0.0037782660219818354, -0.003330256324261427, 0.0039220768958330154, -0.0028779376298189163, 0.0025541915092617273, -0.006401891354471445, 0.004815455060452223], [-0.0005353360320441425, 0.006507513578981161, -0.004508518613874912, 0.009285304695367813, -0.004972601309418678, 0.004863891284912825, -0.0030175577849149704, 0.006432317662984133, -0.005233003757894039, 0.0032485686242580414, -0.006245177239179611, 0.003709215670824051, -0.004618472885340452], [0.0009200536296702921, -0.004667029716074467, 0.003343108342960477, -0.004972601309418678, 0.008780778385698795, -0.0038815897423774004, 0.0019432594999670982, -0.004129789769649506, 0.00327987945638597, -0.0012578300666064024, 0.003106960328295827, -0.002590151969343424, 0.0012970250099897385], [-0.0012064820621162653, 0.00605637626722455, -0.004674122203141451, 0.004863891284912825, -0.0038815897423774004, 0.0109989820048213, -0.007971527986228466, 0.0060798972845077515, -0.005848588887602091, 0.0018615450244396925, -0.0033009902108460665, 0.004432424902915955, -0.003365284064784646], [0.0011881537502631545, -0.005388685967773199, 0.0037782660219818354, -0.0030175577849149704, 0.0019432594999670982, -0.007971527986228466, 0.013085620477795601, -0.005216357298195362, 0.005447034258395433, -0.00019304250599816442, 0.00211892556399107, -0.0031610734295099974, 0.0036183749325573444], [-0.0020016198977828026, 0.00601947633549571, -0.003330256324261427, 0.006432317662984133, -0.004129789769649506, 0.0060798972845077515, -0.005216357298195362, 0.014898504130542278, -0.006532145664095879, 0.0018985557835549116, -0.004597189836204052, 0.0026556605007499456, -0.004410074092447758], [0.0010595506755635142, -0.006036858540028334, 0.0039220768958330154, -0.005233003757894039, 0.00327987945638597, -0.005848588887602091, 0.005447034258395433, -0.006532145664095879, 0.014185445383191109, -0.005394226871430874, 0.005921477917581797, -0.0037526562809944153, 0.0010986397974193096], [-0.0009848810732364655, 0.0034720255061984062, -0.0028779376298189163, 0.0032485686242580414, -0.0012578300666064024, 0.0018615450244396925, -0.00019304250599816442, 0.0018985557835549116, -0.005394226871430874, 0.01468049269169569, -0.005714502185583115, 0.0026493212208151817, 0.0012812617933377624], [0.000261771900113672, -0.00628534285351634, 0.0025541915092617273, -0.006245177239179611, 0.003106960328295827, -0.0033009902108460665, 0.00211892556399107, -0.004597189836204052, 0.005921477917581797, -0.005714502185583115, 0.013789947144687176, -0.006586857605725527, 4.5126431359676644e-05], [-0.00010490918066352606, 0.005190548021346331, -0.006401891354471445, 0.003709215670824051, -0.002590151969343424, 0.004432424902915955, -0.0031610734295099974, 0.0026556605007499456, -0.0037526562809944153, 0.0026493212208151817, -0.006586857605725527, 0.013491921126842499, -0.005420257803052664], [-0.0002515660016797483, -0.00463465740904212, 0.004815455060452223, -0.004618472885340452, 0.0012970250099897385, -0.003365284064784646, 0.0036183749325573444, -0.004410074092447758, 0.0010986397974193096, 0.0012812617933377624, 4.5126431359676644e-05, -0.005420257803052664, 0.016564004123210907]], "lowlevel.mfcc.cov": [[3283.299560546875, -941.8812255859375, -166.6379852294922, -439.2854309082031, 63.646846771240234, -419.08056640625, 10.649097442626953, -195.51840209960938, 259.1102600097656, 347.5472412109375, 35.33151626586914, -73.92808532714844, 86.82852172851562], [-941.8812255859375, 1362.2647705078125, -458.6983337402344, -49.70967483520508, -95.42848205566406, 13.024676322937012, 104.64461517333984, 55.61018371582031, 36.27937316894531, 18.983314514160156, -34.044761657714844, -13.190164566040039, -59.4301643371582], [-166.6379852294922, -458.6983337402344, 721.3829345703125, 162.13897705078125, 20.336196899414062, 128.39071655273438, -47.5254020690918, 61.40728759765625, -157.60836791992188, -158.03489685058594, 60.03596496582031, 126.50521087646484, 97.85643768310547], [-439.2854309082031, -49.70967483520508, 162.13897705078125, 400.705322265625, 127.8893051147461, 53.92780685424805, -6.016746997833252, 47.11405563354492, -117.2015151977539, -125.95679473876953, -43.64521789550781, 102.69654846191406, 45.13422393798828], [63.646846771240234, -95.42848205566406, 20.336196899414062, 127.8893051147461, 216.8521270751953, 1.147170066833496, -6.539297580718994, 10.352630615234375, -10.831502914428711, -3.8923301696777344, -21.71892547607422, 34.32862854003906, 38.947025299072266], [-419.08056640625, 13.024676322937012, 128.39071655273438, 53.92780685424805, 1.147170066833496, 298.72747802734375, 33.492191314697266, 59.798213958740234, -22.75349235534668, -69.13003540039062, 47.019866943359375, 2.1886298656463623, -2.729302406311035], [10.649097442626953, 104.64461517333984, -47.5254020690918, -6.016746997833252, -6.539297580718994, 33.492191314697266, 207.23233032226562, 43.973670959472656, -5.1911845207214355, -15.199723243713379, 7.921878814697266, 33.81145477294922, -3.6157052516937256], [-195.51840209960938, 55.61018371582031, 61.40728759765625, 47.11405563354492, 10.352630615234375, 59.798213958740234, 43.973670959472656, 153.9562225341797, -5.387152194976807, -40.092247009277344, -8.587444305419922, 24.283586502075195, 18.266416549682617], [259.1102600097656, 36.27937316894531, -157.60836791992188, -117.2015151977539, -10.831502914428711, -22.75349235534668, -5.1911845207214355, -5.387152194976807, 187.7923583984375, 93.4786376953125, 12.747147560119629, -60.44413375854492, -1.0298594236373901], [347.5472412109375, 18.983314514160156, -158.03489685058594, -125.95679473876953, -3.8923301696777344, -69.13003540039062, -15.199723243713379, -40.092247009277344, 93.4786376953125, 177.77764892578125, 11.572369575500488, -55.829689025878906, -19.315692901611328], [35.33151626586914, -34.044761657714844, 60.03596496582031, -43.64521789550781, -21.71892547607422, 47.019866943359375, 7.921878814697266, -8.587444305419922, 12.747147560119629, 11.572369575500488, 110.28286743164062, 17.475727081298828, 11.674169540405273], [-73.92808532714844, -13.190164566040039, 126.50521087646484, 102.69654846191406, 34.32862854003906, 2.1886298656463623, 33.81145477294922, 24.283586502075195, -60.44413375854492, -55.829689025878906, 17.475727081298828, 139.73533630371094, 60.56651306152344], [86.82852172851562, -59.4301643371582, 97.85643768310547, 45.13422393798828, 38.947025299072266, -2.729302406311035, -3.6157052516937256, 18.266416549682617, -1.0298594236373901, -19.315692901611328, 11.674169540405273, 60.56651306152344, 113.23033905029297]], "lowlevel.mfcc.icov": [[0.0008181664743460715, 0.000621151877567172, 0.00012333222548477352, 0.0006406235042959452, -0.00028357122209854424, 0.0007462645298801363, -0.000574128411244601, 0.00036623224150389433, -0.00036332939635030925, -0.0007001430494710803, 1.608862294233404e-05, -9.338110976386815e-05, -0.0006996578886173666], [0.000621151877567172, 0.0016006181249395013, 0.001120100379921496, 0.0004359818412922323, 0.00036592769902199507, 0.00026054074987769127, -0.00046941646724008024, -0.00028065600781701505, 4.08401720051188e-05, -0.00037189535214565694, 3.238479621359147e-05, -0.000672563910484314, -0.0005739752086810768], [0.00012333222548477352, 0.001120100379921496, 0.0035116446670144796, 7.507869304390624e-05, 0.0006406327593140304, -0.0007541546365246177, 0.0009381882846355438, -0.0010511158034205437, 0.0017329083057120442, 0.0009736886131577194, -0.001207873341627419, -0.0012561669573187828, -0.0016321481671184301], [0.0006406235042959452, 0.0004359818412922323, 7.507869304390624e-05, 0.005578646436333656, -0.002600796753540635, -6.473965913755819e-05, 0.0003086039796471596, -9.463635797146708e-05, 0.0009004508028738201, 0.0012695960467681289, 0.0017570445779711008, -0.0023957001976668835, -0.0003077797591686249], [-0.00028357122209854424, 0.00036592769902199507, 0.0006406327593140304, -0.002600796753540635, 0.006722903810441494, -0.0006203478551469743, 0.00018732807075139135, -0.0002563793386798352, -3.6007539165439084e-05, -0.0011997281108051538, 0.0007258059922605753, -0.0003771635238081217, -0.0014655613340437412], [0.0007462645298801363, 0.00026054074987769127, -0.0007541546365246177, -6.473965913755819e-05, -0.0006203478551469743, 0.005556236952543259, -0.0012639394262805581, -0.000844643684104085, -0.0007901307544670999, 0.000849512463901192, -0.002553320489823818, 0.0019707942847162485, 3.206461769877933e-05], [-0.000574128411244601, -0.00046941646724008024, 0.0009381882846355438, 0.0003086039796471596, 0.00018732807075139135, -0.0012639394262805581, 0.006461285520344973, -0.001898640999570489, 0.0005979780107736588, 0.0008922955021262169, -0.00027215247973799706, -0.0025718025863170624, 0.001239139586687088], [0.00036623224150389433, -0.00028065600781701505, -0.0010511158034205437, -9.463635797146708e-05, -0.0002563793386798352, -0.000844643684104085, -0.001898640999570489, 0.008673201315104961, -0.0016895843436941504, 0.0003925541532225907, 0.0017307474045082927, -0.00018209373229183257, -0.0009034345275722444], [-0.00036332939635030925, 4.08401720051188e-05, 0.0017329083057120442, 0.0009004508028738201, -3.6007539165439084e-05, -0.0007901307544670999, 0.0005979780107736588, -0.0016895843436941504, 0.009685949422419071, -0.002322353422641754, -0.0012637238251045346, 0.0023423463571816683, -0.0027021889109164476], [-0.0007001430494710803, -0.00037189535214565694, 0.0009736886131577194, 0.0012695960467681289, -0.0011997281108051538, 0.000849512463901192, 0.0008922955021262169, 0.0003925541532225907, -0.002322353422641754, 0.011008051224052906, -0.0016888853861019015, 0.0009960277238860726, 0.0008905178401619196], [1.608862294233404e-05, 3.238479621359147e-05, -0.001207873341627419, 0.0017570445779711008, 0.0007258059922605753, -0.002553320489823818, -0.00027215247973799706, 0.0017307474045082927, -0.0012637238251045346, -0.0016888853861019015, 0.012670563533902168, -0.00333352736197412, -7.377839938271791e-05], [-9.338110976386815e-05, -0.000672563910484314, -0.0012561669573187828, -0.0023957001976668835, -0.0003771635238081217, 0.0019707942847162485, -0.0025718025863170624, -0.00018209373229183257, 0.0023423463571816683, 0.0009960277238860726, -0.00333352736197412, 0.014888797886669636, -0.005545421037822962], [-0.0006996578886173666, -0.0005739752086810768, -0.0016321481671184301, -0.0003077797591686249, -0.0014655613340437412, 3.206461769877933e-05, 0.001239139586687088, -0.0009034345275722444, -0.0027021889109164476, 0.0008905178401619196, -7.377839938271791e-05, -0.005545421037822962, 0.014391392469406128]], "metadata.audio_properties.analysis.downmix": "mix", "metadata.audio_properties.codec": "mp3", "metadata.audio_properties.md5_encoded": "6830f683cbde259e3aafec4a30ea9208", "metadata.tags.file_name": "1182264834008547368.mp3", "metadata.version.essentia": "2.1-beta6-dev", "metadata.version.essentia_git_sha": "v2.1_beta5-1110-g77a6a954", "metadata.version.extractor": "music 2.0", "tonal.chords_key": "C", "tonal.chords_scale": "major", "tonal.key_edma.key": "C", "tonal.key_edma.scale": "major", "tonal.key_krumhansl.key": "C", "tonal.key_krumhansl.scale": "major", "tonal.key_temperley.key": "C", "tonal.key_temperley.scale": "major", "metadata.tags.encoding": ["Lavf58.45.100"]}, "essentia_models": [{"model_name": "genre_dortmund", "activations": {"alternative": "0.330214", "blues": "0.009764107", "electronic": "0.028746098", "folkcountry": "0.44945073", "funksoulrnb": "0.015355608", "jazz": "0.036604688", "pop": "0.12943259", "raphiphop": "0.00400305", "rock": "0.18373677"}}, {"model_name": "genre_rosamerica", "activations": {"classic": "0.01947979", "dance": "0.020536909", "hip hop": "0.0065157884", "jazz": "0.069134004", "pop": "0.097187094", "rhythm and blues": "0.037871514", "rock": "0.36766556", "speech": "0.08642229"}