{"song_id": "1182273261204148254", "download": "https://cdn.discordapp.com/attachments/1128313332273782784/1182273261204148254/chirp.mp4?ex=658418c7&amp", "lyrics": "There was a man from White Church, his name was Philly More \nBy the age of only twenty, he had his hair no more \nHe used to rock it long, wild and free\nBut now he's sportin' that shiny dome, for all to see (ooh-yeah)\nBut he don't care, he's just showin' off his style\n\n\nOh Philly More, where'd your locks go? (where'd they go?)\nYou traded in your hair for that smooth, bald glow (shiny and bald)\nBut it don't matter, you're still rockin' the show (rockin' it)\nPhilly More, oh-oh, Philly More, woah-oh (you've got the groove)", "style": ["jazz"], "essentia_features": {"lowlevel.average_loudness": 0.9733482003211975, "lowlevel.barkbands_crest.mean": 15.176834106445312, "lowlevel.barkbands_crest.stdev": 6.118171215057373, "lowlevel.barkbands_flatness_db.mean": 0.23468102514743805, "lowlevel.barkbands_flatness_db.stdev": 0.08894724398851395, "lowlevel.barkbands_kurtosis.mean": 32.46070861816406, "lowlevel.barkbands_kurtosis.stdev": 96.82860565185547, "lowlevel.barkbands_skewness.mean": 2.973015785217285, "lowlevel.barkbands_skewness.stdev": 4.1052470207214355, "lowlevel.barkbands_spread.mean": 17.128231048583984, "lowlevel.barkbands_spread.stdev": 16.22614288330078, "lowlevel.dissonance.mean": 0.4493229389190674, "lowlevel.dissonance.stdev": 0.05766010656952858, "lowlevel.dynamic_complexity": 4.533553123474121, "lowlevel.erbbands_crest.mean": 12.279955863952637, "lowlevel.erbbands_crest.stdev": 6.4883246421813965, "lowlevel.erbbands_flatness_db.mean": 0.22346149384975433, "lowlevel.erbbands_flatness_db.stdev": 0.06875499337911606, "lowlevel.erbbands_kurtosis.mean": 3.6115145683288574, "lowlevel.erbbands_kurtosis.stdev": 8.485854148864746, "lowlevel.erbbands_skewness.mean": 0.44320037961006165, "lowlevel.erbbands_skewness.stdev": 1.6506636142730713, "lowlevel.erbbands_spread.mean": 40.02492904663086, "lowlevel.erbbands_spread.stdev": 29.475540161132812, "lowlevel.hfc.mean": 12.076398849487305, "lowlevel.hfc.stdev": 15.176591873168945, "lowlevel.loudness_ebu128.integrated": -21.43488883972168, "lowlevel.loudness_ebu128.loudness_range": 1.3027496337890625, "lowlevel.loudness_ebu128.momentary.mean": -21.981891632080078, "lowlevel.loudness_ebu128.momentary.stdev": 2.428209066390991, "lowlevel.loudness_ebu128.short_term.mean": -21.500377655029297, "lowlevel.loudness_ebu128.short_term.stdev": 0.44996383786201477, "lowlevel.melbands_crest.mean": 18.0907039642334, "lowlevel.melbands_crest.stdev": 5.847209930419922, "lowlevel.melbands_flatness_db.mean": 0.26832181215286255, "lowlevel.melbands_flatness_db.stdev": 0.11729109287261963, "lowlevel.melbands_kurtosis.mean": 56.38496780395508, "lowlevel.melbands_kurtosis.stdev": 112.9046630859375, "lowlevel.melbands_skewness.mean": 4.171146392822266, "lowlevel.melbands_skewness.stdev": 4.1318440437316895, "lowlevel.melbands_spread.mean": 22.602214813232422, "lowlevel.melbands_spread.stdev": 29.96346664428711, "lowlevel.pitch_salience.mean": 0.4221956133842468, "lowlevel.pitch_salience.stdev": 0.19603444635868073, "lowlevel.silence_rate_20dB.mean": 1.0, "lowlevel.silence_rate_20dB.stdev": 0.0, "lowlevel.silence_rate_30dB.mean": 0.8880115151405334, "lowlevel.silence_rate_30dB.stdev": 0.3153536915779114, "lowlevel.silence_rate_60dB.mean": 0.24120603501796722, "lowlevel.silence_rate_60dB.stdev": 0.4278169572353363, "lowlevel.spectral_centroid.mean": 1380.33349609375, "lowlevel.spectral_centroid.stdev": 931.7074584960938, "lowlevel.spectral_complexity.mean": 8.966978073120117, "lowlevel.spectral_complexity.stdev": 10.799101829528809, "lowlevel.spectral_decrease.mean": -8.371888071678768e-09, "lowlevel.spectral_decrease.stdev": 1.3648251417919255e-08, "lowlevel.spectral_energy.mean": 0.03269278630614281, "lowlevel.spectral_energy.stdev": 0.0522901751101017, "lowlevel.spectral_energyband_high.mean": 0.000494812149554491, "lowlevel.spectral_energyband_high.stdev": 0.0010918367188423872, "lowlevel.spectral_energyband_low.mean": 0.0217535849660635, "lowlevel.spectral_energyband_low.stdev": 0.048848845064640045, "lowlevel.spectral_energyband_middle_high.mean": 0.002241317182779312, "lowlevel.spectral_energyband_middle_high.stdev": 0.0036091862712055445, "lowlevel.spectral_energyband_middle_low.mean": 0.008599120192229748, "lowlevel.spectral_energyband_middle_low.stdev": 0.017535604536533356, "lowlevel.spectral_entropy.mean": 7.279294013977051, "lowlevel.spectral_entropy.stdev": 0.6624264717102051, "lowlevel.spectral_flux.mean": 0.10220320522785187, "lowlevel.spectral_flux.stdev": 0.08942016214132309, "lowlevel.spectral_kurtosis.mean": 4.896368503570557, "lowlevel.spectral_kurtosis.stdev": 4.432285308837891, "lowlevel.spectral_rms.mean": 0.00426131347194314, "lowlevel.spectral_rms.stdev": 0.003706294111907482, "lowlevel.spectral_rolloff.mean": 1469.4185791015625, "lowlevel.spectral_rolloff.stdev": 1772.854736328125, "lowlevel.spectral_skewness.mean": 1.4088642597198486, "lowlevel.spectral_skewness.stdev": 0.7381046414375305, "lowlevel.spectral_spread.mean": 3865391.5, "lowlevel.spectral_spread.stdev": 1164491.5, "lowlevel.spectral_strongpeak.mean": 0.8913188576698303, "lowlevel.spectral_strongpeak.stdev": 0.9333705306053162, "lowlevel.zerocrossingrate.mean": 0.05528339371085167, "lowlevel.zerocrossingrate.stdev": 0.049408044666051865, "metadata.audio_properties.analysis.equal_loudness": 0.0, "metadata.audio_properties.analysis.length": 32.319976806640625, "metadata.audio_properties.analysis.sample_rate": 44100.0, "metadata.audio_properties.analysis.start_time": 0.0, "metadata.audio_properties.bit_rate": 110089.0, "metadata.audio_properties.length": 32.31999969482422, "metadata.audio_properties.lossless": 0.0, "metadata.audio_properties.number_channels": 1.0, "metadata.audio_properties.replay_gain": -6.021459579467773, "metadata.audio_properties.sample_rate": 48000.0, "rhythm.beats_count": 46.0, "rhythm.beats_loudness.mean": 0.10323579609394073, "rhythm.beats_loudness.stdev": 0.03560884669423103, "rhythm.bpm": 85.72777557373047, "rhythm.bpm_histogram_first_peak_bpm": 86.0, "rhythm.bpm_histogram_first_peak_weight": 0.06976741552352905, "rhythm.bpm_histogram_second_peak_bpm": 91.0, "rhythm.bpm_histogram_second_peak_spread": 0.5, "rhythm.bpm_histogram_second_peak_weight": 0.02222222276031971, "rhythm.danceability": 2.255396842956543, "rhythm.onset_rate": 4.7318925857543945, "tonal.chords_changes_rate": 0.16068866848945618, "tonal.chords_number_rate": 0.017216643318533897, "tonal.chords_strength.mean": 0.4816089868545532, "tonal.chords_strength.stdev": 0.11981435120105743, "tonal.hpcp_crest.mean": 13.141709327697754, "tonal.hpcp_crest.stdev": 6.595418453216553, "tonal.hpcp_entropy.mean": 2.1259548664093018, "tonal.hpcp_entropy.stdev": 0.8957038521766663, "tonal.key_edma.strength": 0.44574201107025146, "tonal.key_krumhansl.strength": 0.42055845260620117, "tonal.key_temperley.strength": 0.3706158399581909, "tonal.tuning_diatonic_strength": 0.3733792006969452, "tonal.tuning_equal_tempered_deviation": 0.2277085930109024, "tonal.tuning_frequency": 431.9417724609375, "tonal.tuning_nontempered_energy_ratio": 0.8928598761558533, "lowlevel.barkbands.mean": [3.756830483325757e-05, 0.017554819583892822, 0.0037984217051416636, 0.0011677950387820601, 0.00272950972430408, 0.0003189577255398035, 0.0017219873843714595, 0.0013026224914938211, 0.0012903498718515038, 0.00034848207724280655, 0.00021867812029086053, 0.00014246553473640233, 0.00018199362966697663, 0.00021658475452568382, 0.0002652714611031115, 0.0002352461451664567, 0.000264844304183498, 0.0001857079769251868, 0.00015724329568911344, 0.00012581278861034662, 0.00014049038873054087, 0.00015465948672499508, 9.82556157396175e-05, 2.8955315428902395e-05, 5.374779902922455e-06, 7.180769330261683e-07, 1.4595037400866318e-09], "lowlevel.barkbands.stdev": [0.00010681358980946243, 0.04182508587837219, 0.011175509542226791, 0.003780786646530032, 0.010373608209192753, 0.0010804628254845738, 0.006336779799312353, 0.004856213927268982, 0.00402700575068593, 0.0017097827512770891, 0.0006726805004291236, 0.00041454649181105196, 0.0006507884245365858, 0.0006460404838435352, 0.0007385232602246106, 0.0006546350778080523, 0.0005755855236202478, 0.0004562174726743251, 0.00033929391065612435, 0.00029480387456715107, 0.00033553014509379864, 0.0004011548007838428, 0.00023572427744511515, 8.562588482163846e-05, 1.4834226931270678e-05, 2.389709607086843e-06, 6.1621445723858415e-09], "lowlevel.erbbands.mean": [0.2738308608531952, 4.6208815574646, 6.652239799499512, 3.356773853302002, 10.850886344909668, 5.688754558563232, 3.0952422618865967, 2.8230764865875244, 14.226005554199219, 35.57982635498047, 25.44952964782715, 31.819364547729492, 13.649293899536133, 14.745845794677734, 6.748715877532959, 6.0609660148620605, 8.329256057739258, 9.597352981567383, 13.863532066345215, 12.923407554626465, 13.257895469665527, 15.25722885131836, 11.049882888793945, 8.612554550170898, 7.209018230438232, 5.823261260986328, 6.176920413970947, 5.18626070022583, 5.434940338134766, 4.410048484802246, 2.542703628540039, 0.9704557657241821, 0.37307819724082947, 0.0925610214471817, 0.023654336109757423, 0.0075555057264864445, 0.0005221117753535509, 1.9983097445219755e-05, 1.7874237528303638e-05, 3.729719537659548e-05], "lowlevel.erbbands.stdev": [0.6688690781593323, 11.02513599395752, 16.50997543334961, 9.560001373291016, 44.298797607421875, 18.914602279663086, 10.276389122009277, 8.835304260253906, 48.68565368652344, 125.46776580810547, 79.79425048828125, 105.93291473388672, 39.705081939697266, 65.50550079345703, 17.803308486938477, 17.552841186523438, 29.753576278686523, 28.826078414916992, 36.3915901184082, 31.742382049560547, 34.74354553222656, 33.71026611328125, 27.353612899780273, 18.215627670288086, 16.747482299804688, 13.466727256774902, 14.517008781433105, 12.844202995300293, 14.28178882598877, 10.676325798034668, 6.230630397796631, 2.8751261234283447, 1.0500332117080688, 0.2508203983306885, 0.06771858036518097, 0.024281909689307213, 0.001720885862596333, 6.144234066596255e-05, 2.4991297323140316e-05, 5.739966218243353e-05], "lowlevel.gfcc.mean": [-112.70780181884766, 92.92034912109375, -138.4153289794922, 52.399559020996094, -69.95112609863281, 8.791797637939453, -36.7729377746582, 11.087133407592773, -5.14693546295166, -14.560262680053711, -8.95189094543457, -10.978072166442871, -7.597986221313477], "lowlevel.melbands.mean": [0.003890310414135456, 0.004473904147744179, 0.0008470058091916144, 0.0006408483604900539, 0.00011822467058664188, 6.11424766248092e-05, 0.00026828458067029715, 0.00038321042666211724, 0.00019423326011747122, 0.0001997016806853935, 6.249234866118059e-05, 5.9519697970245034e-05, 2.5380511942785233e-05, 1.6842079276102595e-05, 1.614470784261357e-05, 1.8210470443591475e-05, 1.7850541553343646e-05, 2.2203681510291062e-05, 2.0241963284206577e-05, 1.6453395801363513e-05, 1.4830839063506573e-05, 1.5970981621649116e-05, 1.3191282050684094e-05, 7.750545591989066e-06, 6.90241586198681e-06, 5.675311513186898e-06, 4.473455646802904e-06, 3.722080919033033e-06, 3.8051261981308926e-06, 3.6078583889320726e-06, 2.8145082069386262e-06, 3.1094416499399813e-06, 2.9861075745429844e-06, 2.195949718952761e-06, 1.559086285851663e-06, 9.68846507021226e-07, 4.4913829810866446e-07, 2.8552094022415986e-07, 1.3214244631853944e-07, 5.763194010910411e-08], "lowlevel.melbands.stdev": [0.009342903271317482, 0.010361982509493828, 0.0024763508699834347, 0.0024721804074943066, 0.0003858044801745564, 0.00020371266873553395, 0.0009466914343647659, 0.0013093093875795603, 0.0006125348736532032, 0.000648145389277488, 0.00020056309585925192, 0.00028162883245386183, 7.141259266063571e-05, 4.81146780657582e-05, 6.396717799361795e-05, 5.9478752518771216e-05, 5.654615233652294e-05, 6.006539115332998e-05, 5.824493200634606e-05, 4.7015117161208764e-05, 4.15923677792307e-05, 3.4792650694726035e-05, 3.790373739320785e-05, 1.7572217984707095e-05, 1.5227466974465642e-05, 1.2771970432368107e-05, 1.1688322956615593e-05, 8.865016752679367e-06, 9.07273806660669e-06, 8.767177860136144e-06, 7.336904673138633e-06, 8.421208804065827e-06, 7.85591601015767e-06, 5.343209522834513e-06, 3.822401140496368e-06, 2.842376261469326e-06, 1.4178853007251746e-06, 8.222001497415476e-07, 3.6821569437961443e-07, 1.6390998780480004e-07], "lowlevel.melbands128.mean": [3.102576738456264e-05, 0.0009698598878458142, 0.00599275529384613, 0.00857522152364254, 0.004810096230357885, 0.0014464677078649402, 0.00048260888434015214, 0.000707940140273422, 0.0013809723313897848, 0.0006595220766030252, 0.00019914879521820694, 0.00014811914297752082, 0.00010265190940117463, 7.10725798853673e-05, 5.463703200803138e-05, 5.377739216783084e-05, 8.739039913052693e-05, 0.0002901859115809202, 0.0005385924596339464, 0.00040613359306007624, 0.0003287261934019625, 0.00023998922551982105, 0.00016058886831160635, 0.00015881951549090445, 0.00023118374519981444, 0.00023384530504699796, 9.613234578864649e-05, 3.439353167777881e-05, 3.389645280549303e-05, 6.524576019728556e-05, 7.379794988082722e-05, 4.041971988044679e-05, 1.8855180314858444e-05, 1.706930015643593e-05, 1.7585598470759578e-05, 1.7872178432298824e-05, 1.4017113244335633e-05, 1.4244116755435243e-05, 1.8143859051633626e-05, 2.0932748157065362e-05, 1.7361118807457387e-05, 1.6028303434723057e-05, 1.5451567378477193e-05, 1.96963592316024e-05, 2.4088249119813554e-05, 2.035222132690251e-05, 2.31463709496893e-05, 2.380328078288585e-05, 1.716696351650171e-05, 1.4813577763561625e-05, 1.5951312889228575e-05, 1.9343711755936965e-05, 1.4939966604288202e-05, 1.1991907740593888e-05, 1.5802736015757546e-05, 1.6687392417225055e-05, 1.6498079276061617e-05, 1.451889784220839e-05, 1.2719860933430027e-05, 8.928674105845857e-06, 7.449589247698896e-06, 6.605967428185977e-06, 7.327047569560818e-06, 7.2097941483662e-06, 5.768885330326157e-06, 5.998097094561672e-06, 5.37117102794582e-06, 4.5551864786830265e-06, 4.6447335080301855e-06, 3.895969712175429e-06, 3.226003173040226e-06, 4.078886377101298e-06, 3.7016006899648346e-06, 3.6533169804897625e-06, 4.081350198248401e-06, 3.840399131149752e-06, 3.4558074730739463e-06, 2.732936991378665e-06, 2.5243975869670976e-06, 3.0765688734391006e-06, 3.2826283131726086e-06, 3.087580353167141e-06, 2.8376339287206065e-06, 3.2386117254645796e-06, 2.8253098207642324e-06, 2.4815433334879344e-06, 1.8926883740277844e-06, 1.7372378806612687e-06, 1.6249061900452944e-06, 1.3713002999793389e-06, 1.2385401078063296e-06, 8.225339911405172e-07, 5.62255024760816e-07, 4.7321523766186147e-07, 3.5540520570975787e-07, 2.896756825521152e-07, 2.9572532866950496e-07, 2.588802772152121e-07, 8.91622988774543e-08, 1.1067771055195408e-07, 7.687986425253257e-08, 4.899174399497497e-08, 3.066318754463282e-08, 2.2368263685734746e-08, 2.020371958622036e-08, 3.028836914609201e-08, 2.3830159179283328e-08, 1.2276873739835992e-08, 1.2639421953508645e-08, 1.1885662232202776e-08, 3.966910355757136e-09, 5.892354382197595e-10, 7.565874315940135e-11, 2.507810799301513e-11, 3.018198538318195e-11, 2.639132141990519e-11, 1.3449508000362709e-11, 8.524212585792057e-12, 6.252696277408987e-12, 5.900935556163445e-12, 5.710762158300797e-12, 5.292452674027226e-12, 5.14174466892392e-12, 5.048694101672524e-12, 4.863408287203441e-12, 4.602750472426642e-12, 4.4555266594248355e-12, 4.415994913492538e-12], "lowlevel.melbands128.stdev": [8.44207897898741e-05, 0.002508985809981823, 0.015145066194236279, 0.020726073533296585, 0.011716991662979126, 0.0044950395822525024, 0.0018111680401489139, 0.0024623670615255833, 0.005944277159869671, 0.002697739051654935, 0.0006843306473456323, 0.0005250846734270453, 0.0003716546925716102, 0.00029614506638608873, 0.0002189634833484888, 0.0002144217723980546, 0.00044876974425278604, 0.0011384945828467607, 0.0022956060711294413, 0.0017714651767164469, 0.0016122229862958193, 0.001066768541932106, 0.0006881288136355579, 0.0007824467611499131, 0.0011067150626331568, 0.000814327213447541, 0.0004557121719699353, 0.00017491356993559748, 0.00020194643002469093, 0.00045898789539933205, 0.00035892173764295876, 0.00016127052367664874, 7.39705646992661e-05, 7.506475230911747e-05, 7.506547262892127e-05, 6.313221820164472e-05, 5.6994602346094325e-05, 7.235394878080115e-05, 0.00011422767420299351, 9.503490582574159e-05, 6.343847053358331e-05, 7.15647911420092e-05, 7.603837730130181e-05, 7.617792289238423e-05, 9.247497655451298e-05, 6.940711318748072e-05, 0.00010395514982519671, 0.00010037679021479562, 5.765428795712069e-05, 6.271303573157638e-05, 6.154484435683116e-05, 7.052456203382462e-05, 6.185171514516696e-05, 4.6403776650549844e-05, 3.852854570141062e-05, 4.173405977780931e-05, 4.7388784878421575e-05, 4.407132655614987e-05, 5.175468322704546e-05, 2.4023156584007666e-05, 1.9399221855564974e-05, 1.6757758203311823e-05, 1.777125544322189e-05, 1.7544007278047502e-05, 1.4178379387885798e-05, 1.4108774848864414e-05, 1.4955287952034269e-05, 1.4258670489653014e-05, 1.3215228136687074e-05, 1.0662227396096569e-05, 8.805717698123772e-06, 1.0655311598384287e-05, 9.333662092103623e-06, 9.73242367763305e-06, 1.0669647963368334e-05, 1.0114085853274446e-05, 9.22073650144739e-06, 7.811672730895225e-06, 6.878461590531515e-06, 9.316262548964005e-06, 9.356807822769042e-06, 8.993720257421955e-06, 8.274478204839397e-06, 9.278999641537666e-06, 7.478166025975952e-06, 6.357851816574112e-06, 5.1623169383674394e-06, 4.593364337779349e-06, 4.101337708561914e-06, 3.711295448738383e-06, 3.817664946836885e-06, 2.586419896033476e-06, 2.0567761112033622e-06, 1.5276136764441617e-06, 1.2690979929175228e-06, 8.856243312038714e-07, 8.83657719441544e-07, 7.969640023475222e-07, 2.6838714006771625e-07, 3.261287417899439e-07, 2.3052976416693127e-07, 1.515201972779323e-07, 1.1735500748955019e-07, 6.32401153666251e-08, 6.355941906122098e-08, 1.1019577783599743e-07, 8.250466976278403e-08, 4.0681577218038e-08, 4.6956323274116585e-08, 4.6873569914396285e-08, 1.603150145967902e-08, 4.44763292861694e-09, 1.1808305444560574e-09, 3.795637137926633e-10, 6.989741008212036e-10, 6.15469286646686e-10, 2.1408279315959788e-10, 7.310569510865506e-11, 1.5806916539573557e-11, 1.2523457965096796e-11, 1.173939244425437e-11, 9.810364326456877e-12, 9.544793774796112e-12, 9.380011524451337e-12, 9.2461975575997e-12, 9.133548951878456e-12, 9.055174145233824e-12, 9.006131777844484e-12], "lowlevel.mfcc.mean": [-741.7223510742188, 102.06462860107422, -5.334779262542725, 32.55488967895508, 0.6671928763389587, -0.7672214508056641, -14.490154266357422, 16.92508316040039, -1.9605140686035156, 7.651678562164307, 0.5295017957687378, 0.4583342373371124, -4.657031059265137], "lowlevel.spectral_contrast_coeffs.mean": [-0.6529904007911682, -0.7283089756965637, -0.7752069234848022, -0.8064420819282532, -0.7897215485572815, -0.7316063642501831], "lowlevel.spectral_contrast_coeffs.stdev": [0.10221964120864868, 0.12714055180549622, 0.09728459268808365, 0.07514455169439316, 0.05701526254415512, 0.06673018634319305], "lowlevel.spectral_contrast_valleys.mean": [-8.291913986206055, -7.923838138580322, -8.618612289428711, -8.564804077148438, -8.277776718139648, -11.418686866760254], "lowlevel.spectral_contrast_valleys.stdev": [1.3331512212753296, 0.9923682808876038, 1.071344256401062, 1.1059437990188599, 1.1459577083587646, 0.9496126174926758], "rhythm.beats_loudness_band_ratio.mean": [0.8113197684288025, 0.12230632454156876, 0.0743069276213646, 0.02019450254738331, 0.036489106714725494, 0.029113972559571266], "rhythm.beats_loudness_band_ratio.stdev": [0.20778141915798187, 0.1971706748008728, 0.15763859450817108, 0.022600866854190826, 0.04206611216068268, 0.043658122420310974], "tonal.hpcp.mean": [0.06354852020740509, 0.06617571413516998, 0.08926638960838318, 0.1039649248123169, 0.10407374054193497, 0.08781043440103531, 0.06256715208292007, 0.04805383086204529, 0.04787222295999527, 0.06894974410533905, 0.07617681473493576, 0.0767180323600769, 0.070504330098629, 0.058574073016643524, 0.08965186774730682, 0.12393304705619812, 0.12117888778448105, 0.11892198026180267, 0.12285000830888748, 0.12267676740884781, 0.11641520261764526, 0.1057426854968071, 0.1136520579457283, 0.1411091834306717, 0.1497996747493744, 0.13743193447589874, 0.12483175098896027, 0.13064010441303253, 0.1455649733543396, 0.14208567142486572, 0.13164709508419037, 0.0993584468960762, 0.06006060168147087, 0.05105246976017952, 0.05795091763138771, 0.06441350281238556], "tonal.hpcp.stdev": [0.1531098484992981, 0.16403527557849884, 0.20486372709274292, 0.22597764432430267, 0.2214137762784958, 0.19437451660633087, 0.16378414630889893, 0.1475232094526291, 0.14930523931980133, 0.19097785651683807, 0.19296257197856903, 0.19587790966033936, 0.1810879111289978, 0.15731316804885864, 0.21612611413002014, 0.2758963406085968, 0.26397231221199036, 0.25502416491508484, 0.260449081659317, 0.24686498939990997, 0.25218549370765686, 0.22877058386802673, 0.24135933816432953, 0.2773732841014862, 0.2850321829319, 0.27071860432624817, 0.25164344906806946, 0.26286929845809937, 0.28359293937683105, 0.27522069215774536, 0.2651306390762329, 0.22608238458633423, 0.15177589654922485, 0.14086860418319702, 0.15575747191905975, 0.16379961371421814], "rhythm.beats_position": [0.650158703327179, 1.2887074947357178, 1.9504761695861816, 2.623854875564575, 3.320453405380249, 4.028662204742432, 4.736870765686035, 5.433469295501709, 6.130067825317383, 6.826666355133057, 7.53487491607666, 8.243083953857422, 8.939682006835938, 9.63628101348877, 10.332880020141602, 11.041088104248047, 11.749297142028809, 12.445895195007324, 13.142494201660156, 13.839092254638672, 14.535691261291504, 15.255510330200195, 15.952108383178711, 16.648706436157227, 17.345306396484375, 18.05351448059082, 18.761722564697266, 19.458322525024414, 20.15492057800293, 20.863128662109375, 21.57133674621582, 22.26793670654297, 22.964534759521484, 23.6611328125, 24.369342803955078, 25.077550888061523, 25.77414894104004, 26.470746994018555, 27.167346954345703, 27.86394500732422, 28.560543060302734, 29.268753051757812, 29.976961135864258, 30.673559188842773, 31.37015724182129, 32.0899772644043], "rhythm.bpm_histogram": [0.0, 0.0, 0.0, 0.0, 0.0, 0.0, 0.0, 0.0, 0.0, 0.0, 0.0, 0.0, 0.0, 0.0, 0.0, 0.0, 0.0, 0.0, 0.0, 0.0, 0.0, 0.0, 0.0, 0.0, 0.0, 0.0, 0.0, 0.0, 0.0, 0.0, 0.0, 0.0, 0.0, 0.0, 0.0, 0.0, 0.0, 0.0, 0.0, 0.0, 0.0, 0.0, 0.0, 0.0, 0.0, 0.0, 0.0, 0.0, 0.0, 0.0, 0.0, 0.0, 0.0, 0.0, 0.0, 0.0, 0.0, 0.0, 0.0, 0.0, 0.0, 0.0, 0.0, 0.0, 0.0, 0.0, 0.0, 0.0, 0.0, 0.0, 0.0, 0.0, 0.0, 0.0, 0.0, 0.0, 0.0, 0.0, 0.0, 0.0, 0.0, 0.0, 0.0, 0.04444444552063942, 0.0, 0.31111112236976624, 0.5777778029441833, 0.0, 0.0, 0.02222222276031971, 0.0, 0.02222222276031971, 0.0, 0.0, 0.02222222276031971, 0.0, 0.0, 0.0, 0.0, 0.0, 0.0, 0.0, 0.0, 0.0, 0.0, 0.0, 0.0, 0.0, 0.0, 0.0, 0.0, 0.0, 0.0, 0.0, 0.0, 0.0, 0.0, 0.0, 0.0, 0.0, 0.0, 0.0, 0.0, 0.0, 0.0, 0.0, 0.0, 0.0, 0.0, 0.0, 0.0, 0.0, 0.0, 0.0, 0.0, 0.0, 0.0, 0.0, 0.0, 0.0, 0.0, 0.0, 0.0, 0.0, 0.0, 0.0, 0.0, 0.0, 0.0, 0.0, 0.0, 0.0, 0.0, 0.0, 0.0, 0.0, 0.0, 0.0, 0.0, 0.0, 0.0, 0.0, 0.0, 0.0, 0.0, 0.0, 0.0, 0.0, 0.0, 0.0, 0.0, 0.0, 0.0, 0.0, 0.0, 0.0, 0.0, 0.0, 0.0, 0.0, 0.0, 0.0, 0.0, 0.0, 0.0, 0.0, 0.0, 0.0, 0.0, 0.0, 0.0, 0.0, 0.0, 0.0, 0.0, 0.0, 0.0, 0.0, 0.0, 0.0, 0.0, 0.0, 0.0, 0.0, 0.0, 0.0, 0.0, 0.0, 0.0, 0.0, 0.0, 0.0, 0.0, 0.0, 0.0, 0.0, 0.0, 0.0, 0.0, 0.0, 0.0, 0.0, 0.0, 0.0, 0.0, 0.0, 0.0, 0.0, 0.0, 0.0, 0.0, 0.0, 0.0, 0.0, 0.0, 0.0, 0.0, 0.0, 0.0, 0.0, 0.0, 0.0, 0.0, 0.0, 0.0, 0.0, 0.0, 0.0, 0.0, 0.0], "tonal.chords_histogram": [6.025825023651123, 1.721664309501648, 0.7173601388931274, 4.3041605949401855, 5.308465003967285, 0.860832154750824, 9.899569511413574, 0.0, 0.0, 29.985652923583984, 6.59971284866333, 0.860832154750824, 0.7173601388931274, 14.777618408203125, 0.28694403171539307, 0.14347201585769653, 0.860832154750824, 5.451936721801758, 1.721664309501648, 0.0, 1.5781922340393066, 0.430416077375412, 0.0, 7.7474894523620605], "tonal.thpcp": [1.0, 0.9174381494522095, 0.8333245515823364, 0.8720987439155579, 0.9717308878898621, 0.9485045671463013, 0.8788209557533264, 0.6632754802703857, 0.4009394645690918, 0.34080493450164795, 0.3868561089038849, 0.42999762296676636, 0.4242233633995056, 0.44176140427589417, 0.5959051251411438, 0.6940263509750366, 0.6947527527809143, 0.5861857533454895, 0.41767215728759766, 0.3207872807979584, 0.3195749521255493, 0.4602796733379364, 0.5085245966911316, 0.5121375322341919, 0.47065743803977966, 0.39101603627204895, 0.598478376865387, 0.8273252248764038, 0.8089395761489868, 0.7938734292984009, 0.8200953006744385, 0.8189387917518616, 0.7771392464637756, 0.7058939337730408, 0.7586936354637146, 0.9419859051704407], "lowlevel.gfcc.cov": [[7786.9423828125, 310.2832336425781, -616.2762451171875, 716.4927368164062, 188.11703491210938, 14.265315055847168, 134.14871215820312, -695.4059448242188, 39.71116638183594, -77.28144073486328, -109.57841491699219, -370.7052307128906, 18.285015106201172], [310.2832336425781, 1884.0118408203125, 566.1121826171875, -243.6027069091797, 541.5805053710938, 57.56022262573242, 577.9649047851562, 316.7546081542969, 294.7230224609375, -156.45654296875, 260.67681884765625, -57.706790924072266, 77.56521606445312], [-616.2762451171875, 566.1121826171875, 1682.8193359375, 928.15869140625, 743.1891479492188, 436.8309631347656, 482.5926208496094, 350.6600036621094, 240.73275756835938, 150.74887084960938, 151.6396026611328, 7.416736125946045, 38.54890441894531], [716.4927368164062, -243.6027069091797, 928.15869140625, 1637.5853271484375, 755.3155517578125, 453.1960754394531, 121.01490783691406, -214.8325958251953, 55.23593521118164, 183.603515625, -51.45073318481445, -88.24658203125, 62.52373123168945], [188.11703491210938, 541.5805053710938, 743.1891479492188, 755.3155517578125, 1165.3651123046875, 580.8130493164062, 350.7272033691406, 169.12237548828125, 274.35968017578125, 151.29957580566406, 131.41659545898438, -41.7431640625, 122.30309295654297], [14.265315055847168, 57.56022262573242, 436.8309631347656, 453.1960754394531, 580.8130493164062, 665.7738037109375, 399.9366455078125, 135.78173828125, 104.2853775024414, 137.84352111816406, 57.539947509765625, -16.68629264831543, 24.92399024963379], [134.14871215820312, 577.9649047851562, 482.5926208496094, 121.01490783691406, 350.7272033691406, 399.9366455078125, 843.87646484375, 341.2471923828125, 148.49896240234375, -17.31784439086914, 157.8876953125, -1.5445972681045532, 22.628101348876953], [-695.4059448242188, 316.7546081542969, 350.6600036621094, -214.8325958251953, 169.12237548828125, 135.78173828125, 341.2471923828125, 549.5390014648438, 245.4293975830078, 39.592735290527344, 130.28662109375, 59.734886169433594, 13.609139442443848], [39.71116638183594, 294.7230224609375, 240.73275756835938, 55.23593521118164, 274.35968017578125, 104.2853775024414, 148.49896240234375, 245.4293975830078, 370.5881652832031, 108.61713409423828, 110.23391723632812, -31.698938369750977, 44.7135009765625], [-77.28144073486328, -156.45654296875, 150.74887084960938, 183.603515625, 151.29957580566406, 137.84352111816406, -17.31784439086914, 39.592735290527344, 108.61713409423828, 246.42855834960938, 57.233970642089844, -8.188088417053223, -14.30029010772705], [-109.57841491699219, 260.67681884765625, 151.6396026611328, -51.45073318481445, 131.41659545898438, 57.539947509765625, 157.8876953125, 130.28662109375, 110.23391723632812, 57.233970642089844, 204.6665496826172, 54.70258712768555, 9.933453559875488], [-370.7052307128906, -57.706790924072266, 7.416736125946045, -88.24658203125, -41.7431640625, -16.68629264831543, -1.5445972681045532, 59.734886169433594, -31.698938369750977, -8.188088417053223, 54.70258712768555, 152.07400512695312, 43.027740478515625], [18.285015106201172, 77.56521606445312, 38.54890441894531, 62.52373123168945, 122.30309295654297, 24.92399024963379, 22.628101348876953, 13.609139442443848, 44.7135009765625, -14.30029010772705, 9.933453559875488, 43.027740478515625, 115.53722381591797]], "lowlevel.gfcc.icov": [[0.00019660811813082546, -7.485559763154015e-05, 0.00018304477271158248, -0.00017224963812623173, 4.071472358191386e-05, 4.029987394460477e-05, -0.00015479346620850265, 0.00023227283963933587, -0.00016127704293467104, 1.93160285562044e-05, -2.8162390663055703e-05, 0.00024882558500394225, -2.2994883693172596e-05], [-7.485559763154015e-05, 0.001755169010721147, -0.0008254065178334713, 0.0011243269545957446, -0.0011953591601923108, 0.0009505196358077228, -0.0008177330018952489, 0.0007877307943999767, -0.0005057711969129741, 0.0012744773412123322, -0.0011112344218418002, 0.001090700738132, -0.0003290103923063725], [0.00018304477271158248, -0.0008254065178334713, 0.001989358803257346, -0.0016057970933616161, 0.0002779135247692466, -0.00010311517689842731, 1.604768658580724e-05, -0.0013389566447585821, 0.00032344344072043896, -0.0005115495296195149, 1.9594568584579974e-05, -0.0004377161676529795, 0.0005858687800355256], [-0.00017224963812623173, 0.0011243269545957446, -0.0016057970933616161, 0.0026647676713764668, -0.0013851155526936054, 0.0003572017012629658, -0.0005962980212643743, 0.0019598721992224455, -0.00044561593676917255, 2.2791968149249442e-05, 0.0004954040050506592, 0.00034493819111958146, -0.0003545059298630804], [4.071472358191386e-05, -0.0011953591601923108, 0.0002779135247692466, -0.0013851155526936054, 0.0035908957943320274, -0.0025369273498654366, 0.0011743498034775257, -0.0009045780170708895, -0.00020305681391619146, -0.00025109719717875123, -0.0008500099647790194, 0.0007413006387650967, -0.0020799466874450445], [4.029987394460477e-05, 0.0009505196358077228, -0.00010311517689842731, 0.0003572017012629658, -0.0025369273498654366, 0.00491341995075345, -0.0024376583751291037, 0.0005097977700643241, 0.0003310956817585975, -0.0013724960153922439, 0.001036743982695043, -0.00036886599264107645, 0.000989745371043682], [-0.00015479346620850265, -0.0008177330018952489, 1.604768658580724e-05, -0.0005962980212643743, 0.0011743498034775257, -0.0024376583751291037, 0.0035576801747083664, -0.002076441887766123, 0.0008372363517992198, 0.0011006733402609825, -0.0016588650178164244, 0.0008878617081791162, -0.000654450966976583], [0.00023227283963933587, 0.0007877307943999767, -0.0013389566447585821, 0.0019598721992224455, -0.0009045780170708895, 0.0005097977700643241, -0.002076441887766123, 0.0062931617721915245, -0.0036808319855481386, 0.0004534934996627271, 0.0009955205023288727, -0.0021514773834496737, 0.0015298040816560388], [-0.00016127704293467104, -0.0005057711969129741, 0.00032344344072043896, -0.00044561593676917255, -0.00020305681391619146, 0.0003310956817585975, 0.0008372363517992198, -0.0036808319855481386, 0.007156506646424532, -0.002399447141215205, -0.0020477366633713245, 0.0036155888810753822, -0.0033256143797188997], [1.93160285562044e-05, 0.0012744773412123322, -0.0005115495296195149, 2.2791968149249442e-05, -0.00025109719717875123, -0.0013724960153922439, 0.0011006733402609825, 0.0004534934996627271, -0.002399447141215205, 0.00797028373926878, -0.0030371611937880516, 0.0007862863130867481, 0.0014759658370167017], [-2.8162390663055703e-05, -0.0011112344218418002, 1.9594568584579974e-05, 0.0004954040050506592, -0.0008500099647790194, 0.001036743982695043, -0.0016588650178164244, 0.0009955205023288727, -0.0020477366633713245, -0.0030371611937880516, 0.01071664597839117, -0.006056558340787888, 0.003110356628894806], [0.00024882558500394225, 0.001090700738132, -0.0004377161676529795, 0.00034493819111958146, 0.0007413006387650967, -0.00036886599264107645, 0.0008878617081791162, -0.0021514773834496737, 0.0036155888810753822, 0.0007862863130867481, -0.006056558340787888, 0.013902150094509125, -0.007396414875984192], [-2.2994883693172596e-05, -0.0003290103923063725, 0.0005858687800355256, -0.0003545059298630804, -0.0020799466874450445, 0.000989745371043682, -0.000654450966976583, 0.0015298040816560388, -0.0033256143797188997, 0.0014759658370167017, 0.003110356628894806, -0.007396414875984192, 0.014769152738153934]], "lowlevel.mfcc.cov": [[8783.5751953125, -542.8514404296875, -743.1387939453125, 429.7516174316406, -210.47889709472656, 686.3494262695312, -170.11376953125, -481.6797180175781, -107.69635772705078, -120.60625457763672, -257.3770751953125, -110.67171478271484, -152.2567901611328], [-542.8514404296875, 2191.98583984375, 76.20442962646484, -230.77774047851562, 53.964691162109375, -284.55328369140625, 322.16888427734375, 490.9996032714844, 209.24948120117188, 170.86109924316406, 212.07249450683594, 188.84942626953125, 115.4971923828125], [-743.1387939453125, 76.20442962646484, 1074.3575439453125, 602.177734375, 283.46026611328125, 246.04681396484375, 304.6146240234375, 208.43739318847656, 195.46688842773438, 164.14337158203125, 146.23501586914062, 116.57324981689453, 99.06302642822266], [429.7516174316406, -230.77774047851562, 602.177734375, 1005.21630859375, 530.2794799804688, 503.7198791503906, 223.86685180664062, 18.524585723876953, 170.10769653320312, 98.31678771972656, 18.159276962280273, 41.06645202636719, 97.67615509033203], [-210.47889709472656, 53.964691162109375, 283.46026611328125, 530.2794799804688, 987.814208984375, 479.424072265625, 161.43629455566406, 47.14679718017578, 207.49122619628906, 218.8968505859375, 89.25541687011719, 76.94498443603516, 160.9396514892578], [686.3494262695312, -284.55328369140625, 246.04681396484375, 503.7198791503906, 479.424072265625, 834.640625, 380.9674072265625, 12.460062980651855, 163.841064453125, 131.9142608642578, 60.9700927734375, 53.1445426940918, 60.95014953613281], [-170.11376953125, 322.16888427734375, 304.6146240234375, 223.86685180664062, 161.43629455566406, 380.9674072265625, 620.3164672851562, 350.47998046875, 226.0896453857422, 152.54342651367188, 167.74151611328125, 142.88916015625, 88.55416107177734], [-481.6797180175781, 490.9996032714844, 208.43739318847656, 18.524585723876953, 47.14679718017578, 12.460062980651855, 350.47998046875, 489.8450927734375, 234.78562927246094, 139.81048583984375, 132.6084442138672, 115.23516082763672, 80.86505889892578], [-107.69635772705078, 209.24948120117188, 195.46688842773438, 170.10769653320312, 207.49122619628906, 163.841064453125, 226.0896453857422, 234.78562927246094, 330.6248779296875, 213.25625610351562, 111.08084106445312, 88.89964294433594, 81.89363098144531], [-120.60625457763672, 170.86109924316406, 164.14337158203125, 98.31678771972656, 218.8968505859375, 131.9142608642578, 152.54342651367188, 139.81048583984375, 213.25625610351562, 300.2633361816406, 163.95191955566406, 109.90879821777344, 85.6734390258789], [-257.3770751953125, 212.07249450683594, 146.23501586914062, 18.159276962280273, 89.25541687011719, 60.9700927734375, 167.74151611328125, 132.6084442138672, 111.08084106445312, 163.95191955566406, 242.93917846679688, 141.00669860839844, 75.96171569824219], [-110.67171478271484, 188.84942626953125, 116.57324981689453, 41.06645202636719, 76.94498443603516, 53.1445426940918, 142.88916015625, 115.23516082763672, 88.89964294433594, 109.90879821777344, 141.00669860839844, 183.28509521484375, 108.04158782958984], [-152.2567901611328, 115.4971923828125, 99.06302642822266, 97.67615509033203, 160.9396514892578, 60.95014953613281, 88.55416107177734, 80.86505889892578, 81.89363098144531, 85.6734390258789, 75.96171569824219, 108.04158782958984, 164.37440490722656]], "lowlevel.mfcc.icov": [[0.00017181827570311725, -5.4044914577389136e-05, 0.00020569461048580706, -0.00021270896831993014, 0.00021032828954048455, -0.00027722943923436105, 0.00016792335372883826, 3.571615889086388e-05, -1.213872656080639e-05, -9.904065518639982e-05, 0.00011759177868952975, -0.00017193648091051728, 0.0001047241166816093], [-5.4044914577389136e-05, 0.0007251808419823647, -6.072627911635209e-06, 0.0001785655040293932, -0.0003331234911456704, 0.0006124869105406106, -0.0004653697833418846, -0.0003599868214223534, -2.163517456210684e-05, 3.0251174393924884e-05, -0.00011633690155576915, -0.00021515198750421405, 5.4995751270325854e-05], [0.00020569461048580706, -6.072627911635209e-06, 0.0019805424381047487, -0.0014340385096147656, 0.0003353474603500217, 4.88665682496503e-05, -0.00013261423737276345, -0.0003324669669382274, 0.00015446044562850147, -0.00041732325917109847, -0.0004135981434956193, -0.0003269628796260804, 0.00028848412330262363], [-0.00021270896831993014, 0.0001785655040293932, -0.0014340385096147656, 0.0027981691528111696, -0.0009341558325104415, -0.0003657053748611361, -0.00027470040367916226, 0.0004363894695416093, -0.000715718895662576, 0.0007636542432010174, 0.0005060113035142422, 0.0002512869832571596, -0.0005779103958047926], [0.00021032828954048455, -0.0003331234911456704, 0.0003353474603500217, -0.0009341558325104415, 0.0024484761524945498, -0.0014963392168283463, 0.0011030813911929727, -0.00014386471593752503, -4.659654223360121e-05, -0.0009796456433832645, -3.2353495043935254e-05, 0.0005680365138687193, -0.0014086683513596654], [-0.00027722943923436105, 0.0006124869105406106, 4.88665682496503e-05, -0.0003657053748611361, -0.0014963392168283463, 0.004320202395319939, -0.003460607258602977, 0.001744454144500196, -0.0005199845763854682, -0.00015389802865684032, 0.00017595819372218102, 0.00011096308298874646, 0.0005550257046706975], [0.00016792335372883826, -0.0004653697833418846, -0.00013261423737276345, -0.00027470040367916226, 0.0011030813911929727, -0.003460607258602977, 0.006194306071847677, -0.0034066520165652037, 1.0791631211759523e-05, 0.000589167233556509, -0.001149677438661456, -0.0009656508918851614, 0.00012124719796702266], [3.571615889086388e-05, -0.0003599868214223534, -0.0003324669669382274, 0.0004363894695416093, -0.00014386471593752503, 0.001744454144500196, -0.0034066520165652037, 0.006266933400183916, -0.003004375146701932, 0.0005535476375371218, 0.0002013265766436234, -1.7406939150532708e-05, -0.0003999750188086182], [-1.213872656080639e-05, -2.163517456210684e-05, 0.00015446044562850147, -0.000715718895662576, -4.659654223360121e-05, -0.0005199845763854682, 1.0791631211759523e-05, -0.003004375146701932, 0.008460113778710365, -0.004767463542521, 0.0010344975162297487, 0.0002980582357849926, -0.0003572675050236285], [-9.904065518639982e-05, 3.0251174393924884e-05, -0.00041732325917109847, 0.0007636542432010174, -0.0009796456433832645, -0.00015389802865684032, 0.000589167233556509, 0.0005535476375371218, -0.004767463542521, 0.009267774410545826, -0.004055068828165531, -0.0003207478148397058, -0.0002592138771433383], [0.00011759177868952975, -0.00011633690155576915, -0.0004135981434956193, 0.0005060113035142422, -3.2353495043935254e-05, 0.00017595819372218102, -0.001149677438661456, 0.0002013265766436234, 0.0010344975162297487, -0.004055068828165531, 0.010406803339719772, -0.005680692382156849, 0.0011487422743812203], [-0.00017193648091051728, -0.00021515198750421405, -0.0003269628796260804, 0.0002512869832571596, 0.0005680365138687193, 0.00011096308298874646, -0.0009656508918851614, -1.7406939150532708e-05, 0.0002980582357849926, -0.0003207478148397058, -0.005680692382156849, 0.014848279766738415, -0.007144620176404715], [0.0001047241166816093, 5.4995751270325854e-05, 0.00028848412330262363, -0.0005779103958047926, -0.0014086683513596654, 0.0005550257046706975, 0.00012124719796702266, -0.0003999750188086182, -0.0003572675050236285, -0.0002592138771433383, 0.0011487422743812203, -0.007144620176404715, 0.012094785459339619]], "metadata.audio_properties.analysis.downmix": "mix", "metadata.audio_properties.codec": "mp3", "metadata.audio_properties.md5_encoded": "efa902972cbd59e00fddddf9603642dc", "metadata.tags.file_name": "1182273261204148254.mp3", "metadata.version.essentia": "2.1-beta6-dev", "metadata.version.essentia_git_sha": "v2.1_beta5-1110-g77a6a954", "metadata.version.extractor": "music 2.0", "tonal.chords_key": "Bb", "tonal.chords_scale": "major", "tonal.key_edma.key": "Eb", "tonal.key_edma.scale": "minor", "tonal.key_krumhansl.key": "Eb", "tonal.key_krumhansl.scale": "minor", "tonal.key_temperley.key": "Eb", "tonal.ke