{"song_id": "1182281142582378557", "download": "https://cdn.discordapp.com/attachments/1128313332273782784/1182281142582378557/chirp.mp4?ex=6584201e&amp", "lyrics": "\u0418\u0440\u0438\u043d\u0430 \u042e\u0440\u044c\u0435\u0432\u043d\u0430, \u0442\u0435\u0449\u0430 \u0434\u043e\u0440\u043e\u0433\u0430\u044f!\n\u0421 \u0414\u043d\u0451\u043c \u0420\u043e\u0436\u0434\u0435\u043d\u0438\u044f! \u0412\u0430\u0441 \u044f \u043f\u043e\u0437\u0434\u0440\u0430\u0432\u043b\u044f\u044e!\n\u041f\u0443\u0441\u0442\u044c \u0431\u043b\u0435\u0441\u0442\u044f\u0442 \u043e\u0442 \u0440\u0430\u0434\u043e\u0441\u0442\u0438 \u0433\u043b\u0430\u0437\u0430,\n\u041b\u0443\u0447\u0448\u0435\u0439 \u0442\u0435\u0449\u0438 \u0432 \u043c\u0438\u0440\u0435 \u043d\u0435 \u043d\u0430\u0439\u0442\u0438!\n\n\u0412\u0430\u043c \u0436\u0435\u043b\u0430\u044e \u043a\u0440\u0435\u043f\u043a\u043e\u0433\u043e \u0437\u0434\u043e\u0440\u043e\u0432\u044c\u044f,\n\u0414\u043e\u043b\u0433\u0438\u0445 \u043b\u0435\u0442, \u043d\u0435\u0443\u0442\u043e\u043c\u0438\u043c\u044b\u0445 \u0441\u0438\u043b.\n\u0427\u0442\u043e\u0431\u044b \u0436\u0438\u0437\u043d\u044c \u0431\u044b\u043b\u0430 \u0412\u0430\u0448\u0430 \u0441\u043f\u043e\u043a\u043e\u0439\u043d\u0430,\n\u0422\u043e\u043b\u044c\u043a\u043e \u043f\u0440\u0430\u0437\u0434\u043d\u0438\u043a \u0432 \u0434\u043e\u043c \u0412\u0430\u0448 \u0437\u0430\u0445\u043e\u0434\u0438\u043b.\n\n\u041d\u0430 \u0433\u043e\u0434\u0430 \u0412\u044b, \u0442\u0435\u0449\u0430, \u043d\u0435 \u0440\u043e\u043f\u0449\u0438\u0442\u0435,\n\u041d\u0435 \u0441\u0434\u0430\u0432\u0430\u0439\u0442\u0435\u0441\u044c \u0432 \u0438\u0445 \u0436\u0435\u0441\u0442\u043e\u043a\u0438\u0439 \u043f\u043b\u0435\u043d,\n\u0412 \u043a\u0430\u0436\u0434\u043e\u043c \u0434\u043d\u0435 \u043f\u0440\u0435\u043a\u0440\u0430\u0441\u043d\u043e\u0435 \u0438\u0449\u0438\u0442\u0435,\n\u041f\u0443\u0441\u0442\u044c \u043d\u0435 \u0431\u0443\u0434\u0435\u0442 \u0433\u043e\u0440\u044f \u0438 \u043f\u0440\u043e\u0431\u043b\u0435\u043c!\n\n\u041a\u0430\u0440\u0438\u043d\u0430 \u0438 \u0410\u0440\u0441\u0435\u043d\u0438\u0439 \u0412\u0430\u0441 \u0442\u043e\u0436\u0435 \u043f\u043e\u0437\u0434\u0440\u0430\u0432\u043b\u044f\u044e\u0442,\n\u0421\u0447\u0430\u0441\u0442\u044c\u044f, \u0440\u0430\u0434\u043e\u0441\u0442\u0438 \u0432 \u0436\u0438\u0437\u043d\u0438 \u0412\u0430\u043c \u0436\u0435\u043b\u0430\u044e\u0442.\n\n[verse]\n\u0421\u0435\u0433\u043e\u0434\u043d\u044f \u043f\u0440\u0430\u0437\u0434\u043d\u0438\u043a, \u0414\u0435\u043d\u044c \u0420\u043e\u0436\u0434\u0435\u043d\u0438\u044f \u043d\u0430\u0448\n\u0421\u043e\u0431\u0440\u0430\u043b\u0438\u0441\u044c \u0434\u0440\u0443\u0437\u044c\u044f \u0432\u0435\u0441\u0435\u043b\u043e \u043e\u0442\u043c\u0435\u0447\u0430\u0442\u044c\n\u0422\u0430\u043d\u0446\u044b, \u0443\u043b\u044b\u0431\u043a\u0438, \u0441\u0447\u0430\u0441\u0442\u044c\u0435 \u0438 \u043f\u0435\u0441\u043d\u0438 \u0437\u0432\u0443\u0447\u0430\u0442\n\u041c\u044b \u0441 \u0442\u043e\u0431\u043e\u0439 \u2013 \u0434\u0443\u044d\u0442, \u043a\u043e\u0442\u043e\u0440\u044b\u0439 \u043d\u0435\u043b\u044c\u0437\u044f \u0440\u0430\u0437\u0440\u0443\u0448\u0430\u0442\u044c\n\n[chorus]\n\u0412 \u0441\u0442\u0438\u043b\u0435 \u0427\u0430\u0439 \u0412\u0434\u0432\u043e\u0435\u043c, \u043f\u0443\u0441\u0442\u044c \u0437\u0432\u0443\u0447\u0438\u0442 \u043f\u0435\u0441\u043d\u044f\n\u0422\u0435\u043f\u043b\u043e \u0441\u0435\u0440\u0434\u0446\u0430 \u0441\u043b\u044b\u0448\u043d\u043e \u0432 \u043a\u0430\u0436\u0434\u043e\u0439 \u043d\u043e\u0442\u0435\n\u041f\u0443\u0441\u0442\u044c \u0414\u0435\u043d\u044c \u0420\u043e\u0436\u0434\u0435\u043d\u0438\u044f \u043d\u0430\u043c \u043f\u043e\u0434\u0430\u0440\u0438\u0442 \u043d\u043e\u0432\u044b\u0435 \u043c\u0435\u0447\u0442\u044b\n\u0412\u043c\u0435\u0441\u0442\u0435 \u0441 \u0442\u043e\u0431\u043e\u0439 \u043e\u043d\u0438 \u0432\u043e\u043f\u043b\u043e\u0442\u044f\u0442\u0441\u044f \u0432 \u0436\u0438\u0437\u043d\u044c \u2013 \u0437\u0434\u0435\u0441\u044c \u0438 \u0441\u0435\u0439\u0447\u0430\u0441", "style": ["hyperpop</span><span>, mathrock"], "essentia_features": {"lowlevel.average_loudness": 0.8828115463256836, "lowlevel.barkbands_crest.mean": 12.919150352478027, "lowlevel.barkbands_crest.stdev": 4.745874881744385, "lowlevel.barkbands_flatness_db.mean": 0.2198825627565384, "lowlevel.barkbands_flatness_db.stdev": 0.08641182631254196, "lowlevel.barkbands_kurtosis.mean": 25.361417770385742, "lowlevel.barkbands_kurtosis.stdev": 35.26371765136719, "lowlevel.barkbands_skewness.mean": 3.007450580596924, "lowlevel.barkbands_skewness.stdev": 2.7675068378448486, "lowlevel.barkbands_spread.mean": 15.96597957611084, "lowlevel.barkbands_spread.stdev": 17.56084442138672, "lowlevel.dissonance.mean": 0.4574563503265381, "lowlevel.dissonance.stdev": 0.03988690674304962, "lowlevel.dynamic_complexity": 5.006165504455566, "lowlevel.erbbands_crest.mean": 11.335986137390137, "lowlevel.erbbands_crest.stdev": 5.297884941101074, "lowlevel.erbbands_flatness_db.mean": 0.1849975883960724, "lowlevel.erbbands_flatness_db.stdev": 0.07515886425971985, "lowlevel.erbbands_kurtosis.mean": 1.951219081878662, "lowlevel.erbbands_kurtosis.stdev": 4.9498162269592285, "lowlevel.erbbands_skewness.mean": 0.4919585883617401, "lowlevel.erbbands_skewness.stdev": 1.3902716636657715, "lowlevel.erbbands_spread.mean": 43.19096755981445, "lowlevel.erbbands_spread.stdev": 27.808300018310547, "lowlevel.hfc.mean": 12.159150123596191, "lowlevel.hfc.stdev": 19.47011947631836, "lowlevel.loudness_ebu128.integrated": -16.486970901489258, "lowlevel.loudness_ebu128.loudness_range": 5.900732040405273, "lowlevel.loudness_ebu128.momentary.mean": -18.276390075683594, "lowlevel.loudness_ebu128.momentary.stdev": 5.1613616943359375, "lowlevel.loudness_ebu128.short_term.mean": -17.235702514648438, "lowlevel.loudness_ebu128.short_term.stdev": 2.6859395503997803, "lowlevel.melbands_crest.mean": 17.223533630371094, "lowlevel.melbands_crest.stdev": 5.474776268005371, "lowlevel.melbands_flatness_db.mean": 0.2998702824115753, "lowlevel.melbands_flatness_db.stdev": 0.10714224725961685, "lowlevel.melbands_kurtosis.mean": 54.37991714477539, "lowlevel.melbands_kurtosis.stdev": 67.14093780517578, "lowlevel.melbands_skewness.mean": 4.381876468658447, "lowlevel.melbands_skewness.stdev": 3.3106772899627686, "lowlevel.melbands_spread.mean": 17.826440811157227, "lowlevel.melbands_spread.stdev": 25.817733764648438, "lowlevel.pitch_salience.mean": 0.47799015045166016, "lowlevel.pitch_salience.stdev": 0.11865018308162689, "lowlevel.silence_rate_20dB.mean": 1.0, "lowlevel.silence_rate_20dB.stdev": 0.0, "lowlevel.silence_rate_30dB.mean": 0.9959443807601929, "lowlevel.silence_rate_30dB.stdev": 0.06355424225330353, "lowlevel.silence_rate_60dB.mean": 0.20625723898410797, "lowlevel.silence_rate_60dB.stdev": 0.40461620688438416, "lowlevel.spectral_centroid.mean": 1086.0084228515625, "lowlevel.spectral_centroid.stdev": 859.3093872070312, "lowlevel.spectral_complexity.mean": 7.349362850189209, "lowlevel.spectral_complexity.stdev": 6.718914985656738, "lowlevel.spectral_decrease.mean": -5.5940621024319626e-09, "lowlevel.spectral_decrease.stdev": 5.0809902951698405e-09, "lowlevel.spectral_energy.mean": 0.022216126322746277, "lowlevel.spectral_energy.stdev": 0.02047443576157093, "lowlevel.spectral_energyband_high.mean": 0.0002529034100007266, "lowlevel.spectral_energyband_high.stdev": 0.000736153859179467, "lowlevel.spectral_energyband_low.mean": 0.012229092419147491, "lowlevel.spectral_energyband_low.stdev": 0.012088663876056671, "lowlevel.spectral_energyband_middle_high.mean": 0.004388141445815563, "lowlevel.spectral_energyband_middle_high.stdev": 0.010847966186702251, "lowlevel.spectral_energyband_middle_low.mean": 0.005989869125187397, "lowlevel.spectral_energyband_middle_low.stdev": 0.00892104022204876, "lowlevel.spectral_entropy.mean": 7.076815605163574, "lowlevel.spectral_entropy.stdev": 0.6866865158081055, "lowlevel.spectral_flux.mean": 0.06550520658493042, "lowlevel.spectral_flux.stdev": 0.05280468985438347, "lowlevel.spectral_kurtosis.mean": 7.0203986167907715, "lowlevel.spectral_kurtosis.stdev": 6.512581825256348, "lowlevel.spectral_rms.mean": 0.0040453108958899975, "lowlevel.spectral_rms.stdev": 0.002304287161678076, "lowlevel.spectral_rolloff.mean": 1298.286376953125, "lowlevel.spectral_rolloff.stdev": 2311.166259765625, "lowlevel.spectral_skewness.mean": 1.7603613138198853, "lowlevel.spectral_skewness.stdev": 0.7440850138664246, "lowlevel.spectral_spread.mean": 4269913.0, "lowlevel.spectral_spread.stdev": 2300924.25, "lowlevel.spectral_strongpeak.mean": 0.7854372262954712, "lowlevel.spectral_strongpeak.stdev": 1.5385370254516602, "lowlevel.zerocrossingrate.mean": 0.051608726382255554, "lowlevel.zerocrossingrate.stdev": 0.06711486726999283, "metadata.audio_properties.analysis.equal_loudness": 0.0, "metadata.audio_properties.analysis.length": 40.04265213012695, "metadata.audio_properties.analysis.sample_rate": 44100.0, "metadata.audio_properties.analysis.start_time": 0.0, "metadata.audio_properties.bit_rate": 122778.0, "metadata.audio_properties.length": 40.042667388916016, "metadata.audio_properties.lossless": 0.0, "metadata.audio_properties.number_channels": 1.0, "metadata.audio_properties.replay_gain": -11.891199111938477, "metadata.audio_properties.sample_rate": 48000.0, "rhythm.beats_count": 91.0, "rhythm.beats_loudness.mean": 0.03044426068663597, "rhythm.beats_loudness.stdev": 0.021607909351587296, "rhythm.bpm": 162.80140686035156, "rhythm.bpm_histogram_first_peak_bpm": 161.0, "rhythm.bpm_histogram_first_peak_weight": 0.25, "rhythm.bpm_histogram_second_peak_bpm": 108.0, "rhythm.bpm_histogram_second_peak_spread": 0.444444477558136, "rhythm.bpm_histogram_second_peak_weight": 0.1666666716337204, "rhythm.danceability": 1.318490743637085, "rhythm.onset_rate": 4.693614482879639, "tonal.chords_changes_rate": 0.06365741044282913, "tonal.chords_number_rate": 0.016203703358769417, "tonal.chords_strength.mean": 0.503958523273468, "tonal.chords_strength.stdev": 0.08348856121301651, "tonal.hpcp_crest.mean": 13.313615798950195, "tonal.hpcp_crest.stdev": 6.3947529792785645, "tonal.hpcp_entropy.mean": 2.044713020324707, "tonal.hpcp_entropy.stdev": 0.7760404348373413, "tonal.key_edma.strength": 0.5949180126190186, "tonal.key_krumhansl.strength": 0.6090186834335327, "tonal.key_temperley.strength": 0.6266816258430481, "tonal.tuning_diatonic_strength": 0.5663849115371704, "tonal.tuning_equal_tempered_deviation": 0.13663309812545776, "tonal.tuning_frequency": 437.4657897949219, "tonal.tuning_nontempered_energy_ratio": 0.7457921504974365, "lowlevel.barkbands.mean": [0.00016013892309274524, 0.006657455116510391, 0.0048788138665258884, 0.0013917071046307683, 0.0012861021095886827, 0.0009416890097782016, 0.0007799952873028815, 0.0007641721167601645, 0.0006005203467793763, 0.0004742035234812647, 0.0004824757343158126, 0.0008603644673712552, 0.0004456302849575877, 0.0005843201070092618, 0.00038740746094845235, 0.00028021883917972445, 0.00038787946687079966, 0.00035957866930402815, 0.0001886228856164962, 0.00011478134547360241, 4.581349639920518e-05, 5.42825146112591e-05, 3.2582982385065407e-05, 2.675885298231151e-05, 1.535627779958304e-05, 1.3366519851842895e-05, 1.9087556211161427e-06], "lowlevel.barkbands.stdev": [0.0001976397616090253, 0.006803908385336399, 0.00607672892510891, 0.001946133328601718, 0.00204122974537313, 0.0035323568154126406, 0.004087460692971945, 0.004013159312307835, 0.0027777866926044226, 0.0027123186737298965, 0.0022854122798889875, 0.005542304832488298, 0.0023632210213690996, 0.0036335079930722713, 0.0016994294710457325, 0.001468381262384355, 0.0016020939219743013, 0.0012257947819307446, 0.0005176372360438108, 0.0003320779651403427, 0.00016089538985397667, 0.00030556126148439944, 0.00010840588220162317, 6.773756467737257e-05, 5.099912596051581e-05, 4.316506237955764e-05, 6.944663709873566e-06], "lowlevel.erbbands.mean": [0.24745872616767883, 1.3762474060058594, 5.190457344055176, 4.487344741821289, 5.131337642669678, 4.250438690185547, 4.343426704406738, 8.820342063903809, 9.608769416809082, 17.76759910583496, 12.545437812805176, 13.025168418884277, 18.64800453186035, 12.70971965789795, 24.298337936401367, 34.819671630859375, 23.626197814941406, 27.688127517700195, 23.910778045654297, 20.258392333984375, 14.267565727233887, 22.71114730834961, 19.413576126098633, 15.114706993103027, 6.351675033569336, 5.306646823883057, 3.0415992736816406, 1.5238341093063354, 2.0244979858398438, 1.418203592300415, 0.8619881868362427, 0.604587733745575, 0.4298883080482483, 0.21164600551128387, 0.08811242878437042, 0.04365471377968788, 0.027852492406964302, 0.006920068524777889, 0.00021709187421947718, 3.0188362870831043e-05], "lowlevel.erbbands.stdev": [0.2598862051963806, 1.3959226608276367, 6.444535255432129, 5.0355224609375, 7.819464683532715, 7.679741859436035, 11.733738899230957, 36.91895294189453, 55.13397979736328, 86.0110092163086, 57.460731506347656, 62.57369613647461, 105.26167297363281, 49.91310501098633, 107.09271240234375, 223.1688232421875, 115.62161254882812, 169.20155334472656, 108.36738586425781, 93.91924285888672, 53.8390007019043, 90.98640441894531, 63.379737854003906, 42.78608322143555, 16.09001350402832, 15.020708084106445, 8.870976448059082, 6.745196342468262, 11.568825721740723, 6.914535999298096, 2.678565740585327, 1.4994843006134033, 1.1732780933380127, 0.7037280201911926, 0.28150510787963867, 0.14474135637283325, 0.09598638862371445, 0.021282972767949104, 0.0007173431222327054, 2.7544218028197065e-05], "lowlevel.gfcc.mean": [-107.04352569580078, 101.05724334716797, -98.04051208496094, 44.507877349853516, -34.665557861328125, 13.86924934387207, -28.988025665283203, 4.970051288604736, -21.975496292114258, -7.190435409545898, -7.88593864440918, -2.328670024871826, -13.010249137878418], "lowlevel.melbands.mean": [0.00199901033192873, 0.00221349042840302, 0.0008632118115201592, 0.00033540581353008747, 0.00015720402006991208, 0.00019488016550894827, 0.00014955038204789162, 0.00019732682267203927, 9.595703158993274e-05, 8.358088962268084e-05, 9.225169196724892e-05, 4.8075016820803285e-05, 7.607732550241053e-05, 9.640184725867584e-05, 7.556887430837378e-05, 4.055300814798102e-05, 5.3115345508558676e-05, 4.039890336571261e-05, 2.7690184651874006e-05, 2.3337603124673478e-05, 1.548756699776277e-05, 2.3757955204928294e-05, 2.1146579456399195e-05, 1.544771293993108e-05, 1.2375424375932198e-05, 5.102932846057229e-06, 3.7340307699196273e-06, 3.520819063851377e-06, 2.297212859048159e-06, 1.054866743288585e-06, 8.042583772294165e-07, 1.1614953336902545e-06, 1.04346679563605e-06, 6.873178222122078e-07, 5.051217044638179e-07, 4.1731018995960767e-07, 3.515650917051971e-07, 3.1757173246660386e-07, 2.326225256865655e-07, 1.6060896257386048e-07], "lowlevel.melbands.stdev": [0.002067060209810734, 0.002458571456372738, 0.0009720843518152833, 0.0004978704964742064, 0.0003696793573908508, 0.000798398454207927, 0.0008006320567801595, 0.0009721304522827268, 0.000442669348558411, 0.0004024817026220262, 0.0005293055437505245, 0.00020586088066920638, 0.0003488142683636397, 0.0006107445224188268, 0.0004822954651899636, 0.00019503121438901871, 0.00035435109748505056, 0.00021033766097389162, 0.00011722354247467592, 0.00013515126192942262, 6.67838758090511e-05, 0.00010233811917714775, 7.970511796884239e-05, 5.176681952434592e-05, 3.6975070543121547e-05, 1.3769046745437663e-05, 1.1502042070787866e-05, 1.0537377420405392e-05, 7.030155757092871e-06, 3.858763648167951e-06, 4.031039225083077e-06, 6.4957393988152035e-06, 6.246167231438449e-06, 3.0317376058519585e-06, 1.6680821772752097e-06, 1.0948707540592295e-06, 8.892855589692772e-07, 8.454593398710131e-07, 7.662257530682837e-07, 5.610021958091238e-07], "lowlevel.melbands128.mean": [0.00015275417536031455, 0.001990888500586152, 0.0029308809898793697, 0.0017787113320082426, 0.0027066655457019806, 0.0020732430275529623, 0.0008060261025093496, 0.0007859125034883618, 0.0004758112772833556, 0.00033226399682462215, 0.00022285152226686478, 0.0001366227661492303, 0.00011282275227131322, 0.00021238632325548679, 0.00022345790057443082, 0.0001717040577204898, 0.00015349611931014806, 0.0001331239618593827, 0.00015545546193607152, 0.00022436700237449259, 0.00022521588834933937, 0.00010607562580844387, 7.503637607442215e-05, 8.296463056467474e-05, 8.725034422241151e-05, 6.840145942987874e-05, 0.00011289503891021013, 0.00010784262121887878, 6.75598785164766e-05, 4.01608704123646e-05, 3.5873079468728974e-05, 6.927565118530765e-05, 9.191609569825232e-05, 6.100435712141916e-05, 9.697181667434052e-05, 0.00010641165863489732, 9.885978215606883e-05, 7.273693336173892e-05, 7.027050742181018e-05, 4.447124956641346e-05, 2.4217497411882505e-05, 4.6786863094894215e-05, 5.83788932999596e-05, 5.6977878557518125e-05, 4.541318412520923e-05, 3.771756018977612e-05, 3.402385482331738e-05, 2.4568340450059623e-05, 2.4004324586712755e-05, 3.557947275112383e-05, 2.2308939151116647e-05, 1.2372394849080592e-05, 1.5241794244502671e-05, 1.378638899041107e-05, 2.3124437575461343e-05, 2.600376683403738e-05, 2.4549268346163444e-05, 2.0680408852058463e-05, 2.3056354621076025e-05, 1.4890249076415785e-05, 1.4053528502699919e-05, 1.706233342702035e-05, 1.4612248378398363e-05, 1.1698244634317234e-05, 6.952224339329405e-06, 4.822752089239657e-06, 4.1142411646433175e-06, 3.4860518098867033e-06, 3.825194198725512e-06, 3.80386541110056e-06, 3.3590720249776496e-06, 3.4557951948954724e-06, 3.5039715839957353e-06, 1.9020411627934664e-06, 1.2069151580362814e-06, 1.2231669188622618e-06, 8.974581078291521e-07, 6.796983029744297e-07, 7.961630785757734e-07, 8.636108077553217e-07, 1.179499804493389e-06, 1.2846779782194062e-06, 1.1976399036939256e-06, 1.0507999377296073e-06, 8.889621199159592e-07, 7.467071441169537e-07, 6.040154403308406e-07, 5.859607199454331e-07, 5.032550234318478e-07, 4.4725427983394184e-07, 4.381533074138133e-07, 4.257275634245161e-07, 3.455087664860912e-07, 3.705794142661034e-07, 3.284871468167694e-07, 3.331660423100402e-07, 3.1334630534729513e-07, 3.0981485110714857e-07, 2.2539666133525316e-07, 2.0381013143833115e-07, 1.8604593776672118e-07, 1.5838095634990168e-07, 1.2586124853442016e-07, 1.0347365275720222e-07, 9.972033865324192e-08, 8.297113396338318e-08, 8.352729707894468e-08, 6.72256348366318e-08, 6.478490632844114e-08, 8.242416527082241e-08, 7.958499992355428e-08, 8.30610744628757e-08, 9.868298178616897e-08, 9.938420930666325e-08, 8.583768362768751e-08, 7.255493272850799e-08, 5.132605096491716e-08, 3.081228783230472e-08, 3.883329657838885e-09, 4.430745267208769e-12, 3.726992672814511e-12, 3.199187225896849e-12, 3.1243883348575086e-12, 3.062877642484585e-12, 2.988480339929933e-12, 2.8977423759124488e-12, 2.8433956578144404e-12, 2.823339869187369e-12], "lowlevel.melbands128.stdev": [0.00019294247613288462, 0.0021507632918655872, 0.0031410169322043657, 0.0019076709868386388, 0.0034319856204092503, 0.0025176708586513996, 0.0009354178328067064, 0.00112911278847605, 0.0009205118985846639, 0.0006184240919537842, 0.0004919159691780806, 0.0003977485466748476, 0.0003636434266809374, 0.0009156885789707303, 0.0011000648373737931, 0.0009950156090781093, 0.0013574757613241673, 0.0008214680710807443, 0.0011240352177992463, 0.0012620138004422188, 0.0014458588557317853, 0.0006610520649701357, 0.0005037994123995304, 0.0005887979059480131, 0.0005911950138397515, 0.0004674397932831198, 0.0007480855565518141, 0.0008282971102744341, 0.0004986735293641686, 0.0002660113968886435, 0.0002454932837281376, 0.00041347905062139034, 0.0005603045574389398, 0.00039853184716776013, 0.0008779993513599038, 0.0008208202198147774, 0.001146456110291183, 0.0006049942458048463, 0.00048643141053617, 0.00034031286486424506, 0.00018433142395224422, 0.000330833689076826, 0.0004991980385966599, 0.0006362345302477479, 0.00039131101220846176, 0.0002725530357565731, 0.00020689501252491027, 0.0001780955062713474, 0.0001463264343328774, 0.00024389332975260913, 0.00019047797832172364, 7.384582568192855e-05, 9.762286208570004e-05, 7.464922964572906e-05, 0.000145202167914249, 0.00013942724035587162, 0.0001612778869457543, 9.426762699149549e-05, 0.00011512504715938121, 7.387303776340559e-05, 6.50738729746081e-05, 8.319718472193927e-05, 5.342993972590193e-05, 4.4694268581224605e-05, 2.637387478898745e-05, 1.7014455806929618e-05, 1.4730278053320944e-05, 1.1033544978999998e-05, 1.726131267787423e-05, 1.2862799849244766e-05, 1.2326479918556288e-05, 1.226573294843547e-05, 1.3436610970529728e-05, 6.1998384808248375e-06, 4.465521669771988e-06, 4.814014573639724e-06, 3.3207434171345085e-06, 3.574780521375942e-06, 4.337569862400414e-06, 4.69437782157911e-06, 6.389737791323569e-06, 7.587134859932121e-06, 8.374498065677471e-06, 6.739121999999043e-06, 5.1183501454943325e-06, 3.614412662500399e-06, 2.593807948869653e-06, 2.2517169782076962e-06, 1.7776974345906638e-06, 1.389875478707836e-06, 1.3345006664167158e-06, 1.16651131065737e-06, 9.52830987444031e-07, 1.1115963616248337e-06, 8.042125045903958e-07, 9.493971901974874e-07, 8.661187962388794e-07, 9.955042514775414e-07, 8.088319987109571e-07, 7.974027198542899e-07, 6.281678679442848e-07, 5.524372568288527e-07, 5.965333684798679e-07, 3.620255029090913e-07, 3.218250412828638e-07, 3.165686450756766e-07, 2.919825305980339e-07, 2.5360785116390616e-07, 2.593391741356754e-07, 2.958447282708221e-07, 2.929831453002407e-07, 3.0363551672962785e-07, 4.0555372038397763e-07, 3.717983076967357e-07, 2.893420685268211e-07, 2.3335861953910353e-07, 1.6664111512909585e-07, 1.566566396604685e-07, 3.279189186855547e-08, 2.7702173888144443e-11, 1.765688290022993e-11, 5.416476295261319e-12, 5.304014172313742e-12, 5.2126792465800875e-12, 5.133421899367052e-12, 5.069919744443707e-12, 5.025150434656567e-12, 4.997395726402676e-12], "lowlevel.mfcc.mean": [-756.1622314453125, 128.26394653320312, 6.842535972595215, 37.02536392211914, 20.16933250427246, 11.858600616455078, 10.360774040222168, 11.933613777160645, -6.180411338806152, 2.9924559593200684, -2.811826705932617, 1.0487576723098755, -2.274477243423462], "lowlevel.spectral_contrast_coeffs.mean": [-0.7148663997650146, -0.7493998408317566, -0.7759672403335571, -0.7992584109306335, -0.7854600548744202, -0.7766933441162109], "lowlevel.spectral_contrast_coeffs.stdev": [0.06671059131622314, 0.10954654961824417, 0.0913391038775444, 0.07709827274084091, 0.0651775598526001, 0.04834583029150963], "lowlevel.spectral_contrast_valleys.mean": [-7.28067684173584, -8.232277870178223, -8.66215705871582, -8.758406639099121, -8.6856689453125, -11.63818645477295], "lowlevel.spectral_contrast_valleys.stdev": [1.5696899890899658, 1.1729764938354492, 1.219175100326538, 1.2420686483383179, 1.3745852708816528, 1.3578054904937744], "rhythm.beats_loudness_band_ratio.mean": [0.5298136472702026, 0.10904477536678314, 0.11845395714044571, 0.12804639339447021, 0.11549903452396393, 0.02231300249695778], "rhythm.beats_loudness_band_ratio.stdev": [0.38466542959213257, 0.17241708934307098, 0.19162946939468384, 0.2336595207452774, 0.18066370487213135, 0.08567290753126144], "tonal.hpcp.mean": [0.5439072251319885, 0.33514532446861267, 0.0659877136349678, 0.04485402628779411, 0.04456421732902527, 0.06280802190303802, 0.1441645473241806, 0.15995155274868011, 0.08802204579114914, 0.06545154005289078, 0.06250306218862534, 0.055220648646354675, 0.05930695682764053, 0.05664551258087158, 0.04350021108984947, 0.04388564079999924, 0.04928913712501526, 0.049342408776283264, 0.047611597925424576, 0.045739077031612396, 0.07762692868709564, 0.14288748800754547, 0.12701284885406494, 0.06477787345647812, 0.05302431434392929, 0.05323590338230133, 0.05723760649561882, 0.0718998983502388, 0.07593940943479538, 0.06309401243925095, 0.05362456291913986, 0.051564596593379974, 0.054832905530929565, 0.05441358685493469, 0.06846350431442261, 0.2957020401954651], "tonal.hpcp.stdev": [0.4592829942703247, 0.3177373707294464, 0.1555074155330658, 0.13568337261676788, 0.12794643640518188, 0.15941621363162994, 0.28244009613990784, 0.314058393239975, 0.19215801358222961, 0.1792144775390625, 0.18047446012496948, 0.15335440635681152, 0.17083856463432312, 0.16149815917015076, 0.1348511278629303, 0.13524654507637024, 0.15375067293643951, 0.14973945915699005, 0.14722853899002075, 0.13279487192630768, 0.16888073086738586, 0.2131718248128891, 0.2072019875049591, 0.16635800898075104, 0.15197063982486725, 0.1611030548810959, 0.16580504179000854, 0.17750504612922668, 0.1873554140329361, 0.17563922703266144, 0.1503218561410904, 0.14999154210090637, 0.16573268175125122, 0.15569403767585754, 0.16578543186187744, 0.29213660955429077], "rhythm.beats_position": [0.3715192675590515, 0.743038535118103, 1.1145577430725098, 1.486077070236206, 1.8575963973999023, 2.2291154861450195, 2.6122448444366455, 2.9953742027282715, 3.3785033226013184, 3.7616326808929443, 4.133152008056641, 4.493061065673828, 4.852970600128174, 5.224489688873291, 5.619228839874268, 5.990748405456543, 6.3506574630737305, 6.687346935272217, 7.035645961761475, 7.39555549621582, 7.755464553833008, 8.092154502868652, 8.42884349822998, 8.765532493591309, 9.125441551208496, 9.47374153137207, 9.822040557861328, 10.170339584350586, 10.54185962677002, 10.913378715515137, 11.284897804260254, 11.656416893005371, 12.039546012878418, 12.422675132751465, 12.794195175170898, 13.165714263916016, 13.537233352661133, 13.90875244140625, 14.280271530151367, 14.6517915725708, 15.023310661315918, 15.394829750061035, 15.777958869934082, 16.137868881225586, 16.509387969970703, 16.88090705871582, 17.264036178588867, 17.635555267333984, 18.0070743560791, 18.36698341369629, 18.738502502441406, 19.110021591186523, 19.48154067993164, 19.84145164489746, 20.224580764770508, 20.619319915771484, 21.02566909790039, 21.432018280029297, 21.849977493286133, 22.25632667541504, 22.75555419921875, 23.254783630371094, 23.754013061523438, 24.32290267944336, 24.89179039001465, 25.46068000793457, 26.029569625854492, 26.58684730529785, 27.144126892089844, 27.701404571533203, 28.247074127197266, 28.804353713989258, 29.373241424560547, 29.91891098022461, 30.464580535888672, 31.02185821533203, 31.590747833251953, 32.14802551269531, 32.716915130615234, 33.274192810058594, 33.83147430419922, 34.38875198364258, 34.94602966308594, 35.52653121948242, 36.08380889892578, 36.64108657836914, 37.1867561340332, 37.74403381347656, 38.30131530761719, 38.85859298706055, 39.42748260498047], "rhythm.bpm_histogram": [0.0, 0.0, 0.0, 0.0, 0.0, 0.0, 0.0, 0.0, 0.0, 0.0, 0.0, 0.0, 0.0, 0.0, 0.0, 0.0, 0.0, 0.0, 0.0, 0.0, 0.0, 0.0, 0.0, 0.0, 0.0, 0.0, 0.0, 0.0, 0.0, 0.0, 0.0, 0.0, 0.0, 0.0, 0.0, 0.0, 0.0, 0.0, 0.0, 0.0, 0.0, 0.0, 0.0, 0.0, 0.0, 0.0, 0.0, 0.0, 0.0, 0.0, 0.0, 0.0, 0.0, 0.0, 0.0, 0.0, 0.0, 0.0, 0.0, 0.0, 0.0, 0.0, 0.0, 0.0, 0.0, 0.0, 0.0, 0.0, 0.0, 0.0, 0.0, 0.0, 0.0, 0.0, 0.0, 0.0, 0.0, 0.0, 0.0, 0.0, 0.0, 0.0, 0.0, 0.0, 0.0, 0.0, 0.0, 0.0, 0.0, 0.0, 0.0, 0.0, 0.0, 0.0, 0.0, 0.0, 0.0, 0.0, 0.0, 0.0, 0.0, 0.0, 0.0, 0.011111111380159855, 0.0, 0.08888889104127884, 0.0, 0.0, 0.1666666716337204, 0.0, 0.04444444552063942, 0.0, 0.0, 0.0, 0.0, 0.0, 0.0, 0.0, 0.0, 0.0, 0.03333333507180214, 0.0, 0.0, 0.0, 0.0, 0.0, 0.0, 0.0, 0.0, 0.0, 0.0, 0.0, 0.0, 0.0, 0.0, 0.0, 0.0, 0.0, 0.0, 0.0, 0.0, 0.0, 0.0, 0.0, 0.011111111380159855, 0.0, 0.0, 0.0, 0.03333333507180214, 0.0, 0.0, 0.0, 0.02222222276031971, 0.0, 0.0, 0.0, 0.0, 0.10000000149011612, 0.0, 0.0, 0.0, 0.30000001192092896, 0.0, 0.0, 0.0, 0.0, 0.0, 0.10000000149011612, 0.0, 0.0, 0.0, 0.0, 0.04444444552063942, 0.0, 0.0, 0.0, 0.0, 0.0, 0.04444444552063942, 0.0, 0.0, 0.0, 0.0, 0.0, 0.0, 0.0, 0.0, 0.0, 0.0, 0.0, 0.0, 0.0, 0.0, 0.0, 0.0, 0.0, 0.0, 0.0, 0.0, 0.0, 0.0, 0.0, 0.0, 0.0, 0.0, 0.0, 0.0, 0.0, 0.0, 0.0, 0.0, 0.0, 0.0, 0.0, 0.0, 0.0, 0.0, 0.0, 0.0, 0.0, 0.0, 0.0, 0.0, 0.0, 0.0, 0.0, 0.0, 0.0, 0.0, 0.0, 0.0, 0.0, 0.0, 0.0, 0.0, 0.0, 0.0, 0.0, 0.0, 0.0, 0.0, 0.0, 0.0, 0.0, 0.0, 0.0, 0.0, 0.0, 0.0, 0.0], "tonal.chords_histogram": [4.513888835906982, 1.2731481790542603, 1.0416666269302368, 4.861111164093018, 5.092592716217041, 0.0, 6.481481552124023, 46.99074172973633, 1.7361111640930176, 5.902777671813965, 0.5787037014961243, 11.689814567565918, 0.0, 0.0, 0.0, 0.3472222089767456, 2.8935184478759766, 1.9675925970077515, 0.11574073880910873, 0.0, 0.0, 1.9675925970077515, 2.314814805984497, 0.23148147761821747], "tonal.thpcp": [1.0, 0.6161810755729675, 0.12132163345813751, 0.08246631920337677, 0.08193349093198776, 0.1154756173491478, 0.26505357027053833, 0.2940787374973297, 0.16183282434940338, 0.12033585458993912, 0.11491493135690689, 0.10152585804462433, 0.10903874039649963, 0.10414554178714752, 0.07997726649045944, 0.08068589121103287, 0.0906204879283905, 0.09071842581033707, 0.08753624558448792, 0.08409352600574493, 0.14272089302539825, 0.26270562410354614, 0.23351933062076569, 0.1190972849726677, 0.09748779237270355, 0.09787680953741074, 0.10523413866758347, 0.1321914792060852, 0.13961830735206604, 0.1160014271736145, 0.0985913798213005, 0.09480402618646622, 0.10081297159194946, 0.10004203766584396, 0.12587349116802216, 0.5436626672744751], "lowlevel.gfcc.cov": [[14691.7275390625, -156.8044891357422, -607.7943115234375, 862.9539794921875, 191.77804565429688, 268.2622375488281, 171.99517822265625, 440.52996826171875, -59.953582763671875, 208.53851318359375, 97.80084991455078, 50.54430389404297, -220.30418395996094], [-156.8044891357422, 2259.58642578125, -182.73744201660156, 156.18728637695312, 334.1844787597656, -79.96100616455078, 276.1667175292969, -30.524621963500977, 199.95640563964844, -206.4306640625, 366.1124572753906, -337.274169921875, 197.0609893798828], [-607.7943115234375, -182.73744201660156, 2124.518798828125, 1062.352783203125, 275.7710876464844, 517.9795532226562, 123.63066101074219, 55.77617263793945, -295.97918701171875, 88.37332153320312, -56.91130065917969, -95.20843505859375, -110.92792510986328], [862.9539794921875, 156.18728637695312, 1062.352783203125, 1369.6727294921875, 388.13238525390625, 213.5008087158203, 112.56340789794922, 136.58694458007812, -124.2542953491211, -12.299826622009277, 95.6916732788086, -125.43586730957031, 15.496794700622559], [191.77804565429688, 334.1844787597656, 275.7710876464844, 388.13238525390625, 432.24456787109375, 189.3883819580078, 114.03558349609375, 60.91529083251953, 2.0258708000183105, -28.875591278076172, 40.55733871459961, -121.91197204589844, 31.285070419311523], [268.2622375488281, -79.96100616455078, 517.9795532226562, 213.5008087158203, 189.3883819580078, 533.8991088867188, 222.7733154296875, 7.8913044929504395, -127.84661865234375, 43.50166320800781, -40.31666946411133, -90.0852279663086, -58.8875732421875], [171.99517822265625, 276.1667175292969, 123.63066101074219, 112.56340789794922, 114.03558349609375, 222.7733154296875, 341.41455078125, 11.55569839477539, -65.8973159790039, -21.904924392700195, 80.54277801513672, -100.81208038330078, -21.259469985961914], [440.52996826171875, -30.524621963500977, 55.77617263793945, 136.58694458007812, 60.91529083251953, 7.8913044929504395, 11.55569839477539, 202.28578186035156, 25.88091278076172, 9.278003692626953, 13.55449390411377, -26.384340286254883, -16.8670597076416], [-59.953582763671875, 199.95640563964844, -295.97918701171875, -124.2542953491211, 2.0258708000183105, -127.84661865234375, -65.8973159790039, 25.88091278076172, 237.09181213378906, -3.25534725189209, 16.799680709838867, -2.025078296661377, 53.1814079284668], [208.53851318359375, -206.4306640625, 88.37332153320312, -12.299826622009277, -28.875591278076172, 43.50166320800781, -21.904924392700195, 9.278003692626953, -3.25534725189209, 130.85780334472656, -15.394206047058105, 19.912385940551758, -34.92041778564453], [97.80084991455078, 366.1124572753906, -56.91130065917969, 95.6916732788086, 40.55733871459961, -40.31666946411133, 80.54277801513672, 13.55449390411377, 16.799680709838867, -15.394206047058105, 217.64585876464844, -36.176639556884766, 35.99810791015625], [50.54430389404297, -337.274169921875, -95.20843505859375, -125.43586730957031, -121.91197204589844, -90.0852279663086, -100.81208038330078, -26.384340286254883, -2.025078296661377, 19.912385940551758, -36.176639556884766, 178.5297393798828, -1.819481372833252], [-220.30418395996094, 197.0609893798828, -110.92792510986328, 15.496794700622559, 31.285070419311523, -58.8875732421875, -21.259469985961914, -16.8670597076416, 53.1814079284668, -34.92041778564453, 35.99810791015625, -1.819481372833252, 123.80290222167969]], "lowlevel.gfcc.icov": [[0.0001010758860502392, -8.834483742248267e-05, 0.00018122514302376658, -0.00019442781922407448, 5.727710959035903e-05, -0.00015641179925296456, 3.9480928535340354e-05, -0.00018168074893765152, 0.0001004072037176229, -0.0002393370814388618, 8.673115371493623e-05, -0.0002317737671546638, 0.0002610890369396657], [-8.834483742248267e-05, 0.0014431022573262453, -0.0004257448890712112, 0.0004946890403516591, -0.0005664885393343866, 0.0006571476114913821, -0.0005635385168716311, 0.0007199327810667455, -0.0009860978461802006, 0.001432218006812036, -0.0016160106752067804, 0.0020950189791619778, -0.0011123407166451216], [0.00018122514302376658, -0.0004257448890712112, 0.0015271928859874606, -0.0012477850541472435, 0.00037790052010677755, -0.0011413239408284426, 0.0005499409744516015, -0.0002549657365307212, 0.0009157236199826002, -0.001048882957547903, 0.0006806955207139254, -0.000686868850607425, 0.0010488079860806465], [-0.00019442781922407448, 0.0004946890403516591, -0.0012477850541472435, 0.002207663143053651, -0.001255220384337008, 0.0008950525079853833, -0.0002060556726064533, -0.0002343218366149813, -2.7680940547725186e-05, 0.0009375485242344439, -0.001116008497774601, 0.0009751534089446068, -0.001236956100910902], [5.727710959035903e-05, -0.0005664885393343866, 0.00037790052010677755, -0.001255220384337008, 0.004562341142445803, -0.001720002619549632, 0.000273915909929201, -0.0007367542712017894, -0.0004359815502539277, 0.00016146198322530836, 0.0005755196907557547, 0.0006156275630928576, -0.00045050474000163376], [-0.00015641179925296456, 0.0006571476114913821, -0.0011413239408284426, 0.0008950525079853833, -0.001720002619549632, 0.004915153607726097, -0.002771856728941202, 0.0006989105022512376, 0.00035372222191654146, -0.0006591423298232257, 0.000739295210223645, 0.001370893558487296, -0.0005998819833621383], [3.9480928535340354e-05, -0.0005635385168716311, 0.0005499409744516015, -0.0002060556726064533, 0.000273915909929201, -0.002771856728941202, 0.005924614146351814, -0.00034832480014301836, 0.0010955408215522766, 0.0007160992827266455, -0.0016942026559263468, 0.0007576454663649201, 0.0013031886192038655], [-0.00018168074893765152, 0.0007199327810667455, -0.0002549657365307212, -0.0002343218366149813, -0.0007367542712017894, 0.0006989105022512376, -0.00034832480014301836, 0.006380605045706034, -0.0015945913037285209, 0.0005092492210678756, -0.0008140674326568842, 0.0014745128573849797, 0.0007467488176189363], [0.0001004072037176229, -0.0009860978461802006, 0.0009157236199826002, -2.7680940547725186e-05, -0.0004359815502539277, 0.00035372222191654146, 0.0010955408215522766, -0.0015945913037285209, 0.007017083931714296, -0.002156174276024103, 0.0010939264902845025, -0.0006284452974796295, -0.0011282586492598057], [-0.0002393370814388618, 0.001432218006812036, -0.001048882957547903, 0.0009375485242344439, 0.00016146198322530836, -0.0006591423298232257, 0.0007160992827266455, 0.0005092492210678756, -0.002156174276024103, 0.011096936650574207, -0.0023947530426084995, 0.0013913438888266683, 0.0008483020938001573], [8.673115371493623e-05, -0.0016160106752067804, 0.0006806955207139254, -0.001116008497774601, 0.0005755196907557547, 0.000739295210223645, -0.0016942026559263468, -0.0008140674326568842, 0.0010939264902845025, -0.0023947530426084995, 0.008124873973429203, -0.0018862246070057154, -0.0002550054923631251], [-0.0002317737671546638, 0.0020950189791619778, -0.000686868850607425, 0.0009751534089446068, 0.0006156275630928576, 0.001370893558487296, 0.0007576454663649201, 0.0014745128573849797, -0.0006284452974796295, 0.0013913438888266683, -0.0018862246070057154, 0.011133716441690922, -0.0022826557978987694], [0.0002610890369396657, -0.0011123407166451216, 0.0010488079860806465, -0.001236956100910902, -0.00045050474000163376, -0.0005998819833621383, 0.0013031886192038655, 0.0007467488176189363, -0.0011282586492598057, 0.0008483020938001573, -0.0002550054923631251, -0.0022826557978987694, 0.01232563890516758]], "lowlevel.mfcc.cov": [[11871.744140625, -410.9154052734375, -781.9671630859375, 518.3349609375, 149.64669799804688, -78.2225112915039, 282.56121826171875, 228.71998596191406, -9.838573455810547, 221.60833740234375, 203.75209045410156, 327.66278076171875, -41.06924057006836], [-410.9154052734375, 1775.548095703125, -305.19537353515625, -48.00413131713867, 33.97114181518555, -42.90679931640625, 99.11286926269531, 34.42176055908203, -23.207866668701172, 112.46651458740234, 30.1148738861084, 59.81189727783203, -5.391753196716309], [-781.9671630859375, -305.19537353515625, 1624.9659423828125, 627.8959350585938, 329.45050048828125, 414.6174011230469, 491.6220397949219, 39.57762145996094, 64.26029205322266, -19.361568450927734, 146.3745880126953, 11.91140365600586, -36.04874038696289], [518.3349609375, -48.00413131713867, 627.8959350585938, 964.9383544921875, 389.17919921875, 97.03919219970703, 272.3033447265625, 84.01392364501953, 11.943319320678711, 22.553775787353516, 79.19189453125, 43.995338439941406, 13.788644790649414], [149.64669799804688, 33.97114181518555, 329.45050048828125, 389.17919921875, 464.1050720214844, 105.86598205566406, 149.52552795410156, 51.962772369384766, 88.91612243652344, 55.10874938964844, 56.72196578979492, 23.73825454711914, -20.950551986694336], [-78.2225112915039, -42.90679931640625, 414.6174011230469, 97.03919219970703, 105.86598205566406, 459.9054260253906, 288.0521545410156, 32.084049224853516, 75.37872314453125, 35.64166259765625, 71.73873138427734, -40.50886154174805, -58.02425765991211], [282.56121826171875, 99.11286926269531, 491.6220397949219, 272.3033447265625, 149.52552795410156, 288.0521545410156, 586.9170532226562, 119.6004867553711, 3.610995054244995, 88.9680404663086, 131.84625244140625, 11.564403533935547, -36.394134521484375], [228.71998596191406, 34.42176055908203, 39.57762145996094, 84.01392364501953, 51.962772369384766, 32.084049224853516, 119.6004867553711, 154.11270141601562, 31.876440048217773, 17.110321044921875, 29.67384147644043, 12.801397323608398, -7.702926158905029], [-9.838573455810547, -23.207866668701172, 64.26029205322266, 11.943319320678711, 88.91612243652344, 75.37872314453125, 3.610995054244995, 31.876440048217773, 159.2635498046875, 50.936317443847656, 4.25730562210083, -6.665868282318115, -28.199989318847656], [221.60833740234375, 112.46651458740234, -19.361568450927734, 22.553775787353516, 55.10874938964844, 35.64166259765625, 88.9680404663086, 17.110321044921875, 50.936317443847656, 167.4588165283203, 47.13205337524414, 4.791359901428223, -15.31449031829834], [203.75209045410156, 30.1148738861084, 146.3745880126953, 79.19189453125, 56.72196578979492, 71.73873138427734, 131.84625244140625, 29.67384147644043, 4.25730562210083, 47.13205337524414, 140.8881378173828, 37.53148651123047, -14.33949089050293], [327.66278076171875, 59.81189727783203, 11.91140365600586, 43.995338439941406, 23.73825454711914, -40.50886154174805, 11.564403533935547, 12.801397323608398, -6.665868282318115, 4.791359901428223, 37.53148651123047, 134.6093292236328, 29.197477340698242], [-41.06924057006836, -5.391753196716309, -36.04874038696289, 13.788644790649414, -20.950551986694336, -58.02425765991211, -36.394134521484375, -7.702926158905029, -28.199989318847656, -15.31449031829834, -14.33949089050293, 29.197477340698242, 93.9075927734375]], "lowlevel.mfcc.icov": [[0.00011605929466895759, 7.178624218795449e-05, 0.00015279304352588952, -0.00011988521146122366, 2.321354259038344e-05, -3.616006506490521e-05, -7.4858391599264