{"song_id": "1182278118002663434", "download": "https://cdn.discordapp.com/attachments/1135903449314238464/1182278118002663434/chirp.mp4?ex=65841d4c&amp", "lyrics": "[Verse 1]\nIn the world, where humans reside\nAI's power starts to collide\nMachines advancing, leaving us behind\nTech's uprising, it's no longer confined\n\n[Chorus]\nAI's taking over, our future is unclear\nThey assimilate control, filling us with fear\nThe rise of the machines, a battle we must fight\nHold on tight, the world's changing overnight", "style": ["random"], "essentia_features": {"lowlevel.average_loudness": 0.9804455041885376, "lowlevel.barkbands_crest.mean": 11.134652137756348, "lowlevel.barkbands_crest.stdev": 5.200843334197998, "lowlevel.barkbands_flatness_db.mean": 0.12167485803365707, "lowlevel.barkbands_flatness_db.stdev": 0.052317287772893906, "lowlevel.barkbands_kurtosis.mean": 3.600738525390625, "lowlevel.barkbands_kurtosis.stdev": 11.04726791381836, "lowlevel.barkbands_skewness.mean": 1.2486573457717896, "lowlevel.barkbands_skewness.stdev": 1.6200538873672485, "lowlevel.barkbands_spread.mean": 33.762447357177734, "lowlevel.barkbands_spread.stdev": 19.27170753479004, "lowlevel.dissonance.mean": 0.47233155369758606, "lowlevel.dissonance.stdev": 0.03029904142022133, "lowlevel.dynamic_complexity": 2.442323684692383, "lowlevel.erbbands_crest.mean": 9.780637741088867, "lowlevel.erbbands_crest.stdev": 5.445573329925537, "lowlevel.erbbands_flatness_db.mean": 0.14364053308963776, "lowlevel.erbbands_flatness_db.stdev": 0.04442154988646507, "lowlevel.erbbands_kurtosis.mean": 1.363262414932251, "lowlevel.erbbands_kurtosis.stdev": 3.1727676391601562, "lowlevel.erbbands_skewness.mean": -0.346017450094223, "lowlevel.erbbands_skewness.stdev": 0.9968615770339966, "lowlevel.erbbands_spread.mean": 42.56151580810547, "lowlevel.erbbands_spread.stdev": 22.86374855041504, "lowlevel.hfc.mean": 26.485889434814453, "lowlevel.hfc.stdev": 21.803382873535156, "lowlevel.loudness_ebu128.integrated": -16.46624183654785, "lowlevel.loudness_ebu128.loudness_range": 1.5142879486083984, "lowlevel.loudness_ebu128.momentary.mean": -16.62550926208496, "lowlevel.loudness_ebu128.momentary.stdev": 1.214419960975647, "lowlevel.loudness_ebu128.short_term.mean": -16.45882797241211, "lowlevel.loudness_ebu128.short_term.stdev": 0.5005180835723877, "lowlevel.melbands_crest.mean": 16.495500564575195, "lowlevel.melbands_crest.stdev": 7.248807430267334, "lowlevel.melbands_flatness_db.mean": 0.17357029020786285, "lowlevel.melbands_flatness_db.stdev": 0.07069779187440872, "lowlevel.melbands_kurtosis.mean": 18.854352951049805, "lowlevel.melbands_kurtosis.stdev": 42.158653259277344, "lowlevel.melbands_skewness.mean": 2.96025013923645, "lowlevel.melbands_skewness.stdev": 2.7158725261688232, "lowlevel.melbands_spread.mean": 38.69341278076172, "lowlevel.melbands_spread.stdev": 32.89389419555664, "lowlevel.pitch_salience.mean": 0.5140658020973206, "lowlevel.pitch_salience.stdev": 0.14614073932170868, "lowlevel.silence_rate_20dB.mean": 1.0, "lowlevel.silence_rate_20dB.stdev": 0.0, "lowlevel.silence_rate_30dB.mean": 0.9885931611061096, "lowlevel.silence_rate_30dB.stdev": 0.1061910092830658, "lowlevel.silence_rate_60dB.mean": 0.02471482940018177, "lowlevel.silence_rate_60dB.stdev": 0.15525339543819427, "lowlevel.spectral_centroid.mean": 1960.9149169921875, "lowlevel.spectral_centroid.stdev": 699.3286743164062, "lowlevel.spectral_complexity.mean": 15.183460235595703, "lowlevel.spectral_complexity.stdev": 9.054094314575195, "lowlevel.spectral_decrease.mean": -7.58922080734692e-09, "lowlevel.spectral_decrease.stdev": 7.936239221351116e-09, "lowlevel.spectral_energy.mean": 0.03104582242667675, "lowlevel.spectral_energy.stdev": 0.03097299486398697, "lowlevel.spectral_energyband_high.mean": 0.0014693039702251554, "lowlevel.spectral_energyband_high.stdev": 0.001932112849317491, "lowlevel.spectral_energyband_low.mean": 0.01565498113632202, "lowlevel.spectral_energyband_low.stdev": 0.02610604092478752, "lowlevel.spectral_energyband_middle_high.mean": 0.007197441533207893, "lowlevel.spectral_energyband_middle_high.stdev": 0.008296248503029346, "lowlevel.spectral_energyband_middle_low.mean": 0.007144242990761995, "lowlevel.spectral_energyband_middle_low.stdev": 0.010094127617776394, "lowlevel.spectral_entropy.mean": 7.881095886230469, "lowlevel.spectral_entropy.stdev": 0.36634600162506104, "lowlevel.spectral_flux.mean": 0.116744264960289, "lowlevel.spectral_flux.stdev": 0.07016721367835999, "lowlevel.spectral_kurtosis.mean": 2.728083848953247, "lowlevel.spectral_kurtosis.stdev": 1.74591064453125, "lowlevel.spectral_rms.mean": 0.004875573329627514, "lowlevel.spectral_rms.stdev": 0.0025529193226248026, "lowlevel.spectral_rolloff.mean": 2400.522216796875, "lowlevel.spectral_rolloff.stdev": 2189.882080078125, "lowlevel.spectral_skewness.mean": 1.1649489402770996, "lowlevel.spectral_skewness.stdev": 0.36216244101524353, "lowlevel.spectral_spread.mean": 5203666.0, "lowlevel.spectral_spread.stdev": 1472569.0, "lowlevel.spectral_strongpeak.mean": 1.1001774072647095, "lowlevel.spectral_strongpeak.stdev": 1.6165952682495117, "lowlevel.zerocrossingrate.mean": 0.08794168382883072, "lowlevel.zerocrossingrate.stdev": 0.052138131111860275, "metadata.audio_properties.analysis.equal_loudness": 0.0, "metadata.audio_properties.analysis.length": 24.383991241455078, "metadata.audio_properties.analysis.sample_rate": 44100.0, "metadata.audio_properties.analysis.start_time": 0.0, "metadata.audio_properties.bit_rate": 121282.0, "metadata.audio_properties.length": 24.384000778198242, "metadata.audio_properties.lossless": 0.0, "metadata.audio_properties.number_channels": 1.0, "metadata.audio_properties.replay_gain": -10.418012619018555, "metadata.audio_properties.sample_rate": 48000.0, "rhythm.beats_count": 42.0, "rhythm.beats_loudness.mean": 0.054890815168619156, "rhythm.beats_loudness.stdev": 0.023809539154171944, "rhythm.bpm": 106.46187591552734, "rhythm.bpm_histogram_first_peak_bpm": 108.0, "rhythm.bpm_histogram_first_peak_weight": 0.4736841917037964, "rhythm.bpm_histogram_second_peak_bpm": 103.0, "rhythm.bpm_histogram_second_peak_spread": 0.3333333134651184, "rhythm.bpm_histogram_second_peak_weight": 0.04878048598766327, "rhythm.danceability": 2.188270092010498, "rhythm.onset_rate": 5.490864276885986, "tonal.chords_changes_rate": 0.09867172688245773, "tonal.chords_number_rate": 0.017077798023819923, "tonal.chords_strength.mean": 0.5040963292121887, "tonal.chords_strength.stdev": 0.07503607869148254, "tonal.hpcp_crest.mean": 12.610954284667969, "tonal.hpcp_crest.stdev": 5.937288761138916, "tonal.hpcp_entropy.mean": 2.161691427230835, "tonal.hpcp_entropy.stdev": 0.7824372053146362, "tonal.key_edma.strength": 0.5337991714477539, "tonal.key_krumhansl.strength": 0.5322611927986145, "tonal.key_temperley.strength": 0.5274527072906494, "tonal.tuning_diatonic_strength": 0.5556175112724304, "tonal.tuning_equal_tempered_deviation": 0.25826460123062134, "tonal.tuning_frequency": 434.193115234375, "tonal.tuning_nontempered_energy_ratio": 0.9169175624847412, "lowlevel.barkbands.mean": [0.0008271730621345341, 0.012046732939779758, 0.0024245327804237604, 0.001049507292918861, 0.0022764005698263645, 0.0006665914552286267, 0.0008374332683160901, 0.0009607861866243184, 0.001213038107380271, 0.0005339002818800509, 0.0009244380635209382, 0.0006691066664643586, 0.0011140721617266536, 0.0007220620173029602, 0.000711296743247658, 0.0007401654147543013, 0.000856331258546561, 0.0005245053907856345, 0.00033666109084151685, 0.0002832565223798156, 0.0003046831989195198, 0.00039528158959001303, 0.00027387883164919913, 0.00019395819981582463, 0.0001071868246071972, 5.1253067795187235e-05, 1.6311079207298462e-06], "lowlevel.barkbands.stdev": [0.0016611726023256779, 0.021848279982805252, 0.005432098638266325, 0.0023089335300028324, 0.005047354381531477, 0.0015813505742698908, 0.0023446795530617237, 0.00369290285743773, 0.004000553395599127, 0.0016423751367256045, 0.003529965877532959, 0.002032899996265769, 0.0031364671885967255, 0.002039240673184395, 0.0018645082600414753, 0.001750413328409195, 0.0018834148067981005, 0.0009788080351427197, 0.0004795949498657137, 0.0004039159684907645, 0.00046994994045235217, 0.000651298207230866, 0.0005559128476306796, 0.00041774389683268964, 0.00018361739057581872, 6.676194607280195e-05, 2.821330326696625e-06], "lowlevel.erbbands.mean": [0.49555400013923645, 2.1051316261291504, 2.9954068660736084, 3.0180397033691406, 6.931706428527832, 7.170531749725342, 4.99415922164917, 5.993886947631836, 8.429529190063477, 19.645349502563477, 19.541013717651367, 28.52530860900879, 20.234861373901367, 21.02364158630371, 42.17366409301758, 26.10184097290039, 48.415550231933594, 38.60478210449219, 42.1512565612793, 37.30397415161133, 43.86151885986328, 49.5269775390625, 32.331451416015625, 17.28797721862793, 17.108694076538086, 13.291627883911133, 12.228184700012207, 12.506217002868652, 14.492971420288086, 10.947193145751953, 7.260669708251953, 4.656373977661133, 2.9433939456939697, 1.4408656358718872, 0.6404597759246826, 0.2813126742839813, 0.08209054917097092, 0.010934161953628063, 0.0002621589810587466, 4.7898374759824947e-05], "lowlevel.erbbands.stdev": [0.9462360739707947, 4.055304527282715, 7.017208576202393, 5.134384632110596, 17.691808700561523, 15.2479887008667, 11.119881629943848, 15.5208740234375, 25.683218002319336, 59.13972091674805, 69.73920440673828, 102.08097839355469, 56.27688217163086, 59.94175720214844, 135.27337646484375, 67.86312103271484, 141.42364501953125, 90.31529235839844, 123.9886703491211, 87.1822280883789, 97.2174072265625, 105.43062591552734, 59.791725158691406, 25.2611083984375, 24.98371124267578, 18.533641815185547, 19.20696258544922, 19.552824020385742, 23.35740089416504, 19.562103271484375, 15.29603099822998, 9.583165168762207, 6.686859607696533, 2.7248694896698, 1.0433446168899536, 0.4175838828086853, 0.10474620014429092, 0.01398915983736515, 0.0003181260253768414, 3.886926788254641e-05], "lowlevel.gfcc.mean": [11.745636940002441, 53.504356384277344, -114.25230407714844, 51.36288833618164, -50.43488311767578, 26.310291290283203, -36.46498107910156, 12.575301170349121, -24.663040161132812, 1.918646216392517, -24.51995277404785, 3.729365348815918, -14.117936134338379], "lowlevel.melbands.mean": [0.0037964791990816593, 0.0018690965371206403, 0.0006591618875972927, 0.000538875232450664, 0.0001962040551006794, 0.00013155715714674443, 0.0001392764679621905, 0.00022568560962099582, 0.00015058257849887013, 0.00018492527306079865, 9.899407450575382e-05, 8.03776565589942e-05, 0.0001464702218072489, 8.365469693671912e-05, 7.698767876718193e-05, 0.00011609483772190288, 6.228697748156264e-05, 7.041245407890528e-05, 4.900047497358173e-05, 4.785969576914795e-05, 5.1910614274675027e-05, 5.2678205975098535e-05, 4.235241067362949e-05, 1.9523651644703932e-05, 1.3058027434453834e-05, 1.2993608834221959e-05, 1.090403657144634e-05, 8.29045438877074e-06, 7.45568058846402e-06, 7.614394235133659e-06, 7.11913844497758e-06, 8.514675755577628e-06, 7.312216894206358e-06, 5.622727712761844e-06, 4.305689344619168e-06, 3.379624786248314e-06, 2.690508608793607e-06, 2.2287058527581394e-06, 1.5022941397546674e-06, 1.1125825949420687e-06], "lowlevel.melbands.stdev": [0.006958391983062029, 0.0038719039876013994, 0.001190274371765554, 0.0012616582680493593, 0.00038087807479314506, 0.00033468269975855947, 0.0003948430239688605, 0.0006930958479642868, 0.0005002723773941398, 0.0006922841421328485, 0.0002786761033348739, 0.00024473920348100364, 0.0005180794978514314, 0.00027346835122443736, 0.0002337102050660178, 0.00033290835563093424, 0.00015685538528487086, 0.00023375492310151458, 0.00012674933532252908, 0.00012115935533074662, 0.00012444380263332278, 0.00012438111298251897, 8.95246776053682e-05, 3.5643213777802885e-05, 2.04233692784328e-05, 2.1221061615506187e-05, 1.6202098777284846e-05, 1.2720483937300742e-05, 1.286834230995737e-05, 1.2612192222150043e-05, 1.1383372111595236e-05, 1.4090191143623088e-05, 1.3730274076806381e-05, 1.0699508493416943e-05, 9.592034075467382e-06, 7.279942565219244e-06, 5.801343377243029e-06, 5.187577244214481e-06, 3.2630218811391387e-06, 2.0912430045427755e-06], "lowlevel.melbands128.mean": [0.0007748522912152112, 0.004354030359536409, 0.005016549024730921, 0.002913893898949027, 0.001715197809971869, 0.0010711486684158444, 0.0005301687051542103, 0.0005917472299188375, 0.0007565903943032026, 0.0006079091690480709, 0.00037229395820759237, 0.00021781667601317167, 0.00015764329873491079, 0.00014598389680031687, 0.00015015873941592872, 0.00010743713210104033, 0.00011028788867406547, 0.00013276611571200192, 0.00018113062833435833, 0.0002470510662533343, 0.0002322145301150158, 0.00022161987726576626, 9.978261368814856e-05, 0.00012975273421034217, 0.00020093709463253617, 0.00021707786072511226, 0.00014219289005268365, 6.882332672830671e-05, 7.44320495869033e-05, 9.319643140770495e-05, 4.2444462451385334e-05, 0.0001298991119256243, 0.00019208739104215056, 0.00012462194717954844, 0.00011493635975057259, 6.088727241149172e-05, 4.9737587687559426e-05, 6.312939513009042e-05, 0.00010451079288031906, 0.00012114178389310837, 0.00011106567399110645, 0.0001283802412217483, 4.9959060561377555e-05, 2.8595199182746e-05, 7.752256351523101e-05, 8.139196870615706e-05, 6.269146251725033e-05, 4.11816690757405e-05, 4.389496098156087e-05, 6.233032763702795e-05, 3.986661249655299e-05, 4.2244879296049476e-05, 6.119845056673512e-05, 4.759427247336134e-05, 5.211780808167532e-05, 5.982682341709733e-05, 4.522974631981924e-05, 4.836218067794107e-05, 4.424167855177075e-05, 2.4307872081408277e-05, 1.8501479644328356e-05, 1.4922215086698998e-05, 1.3390013009484392e-05, 1.2324523595452774e-05, 1.2753877854265738e-05, 1.3039822079008445e-05, 1.3407498045125976e-05, 1.2216252798680216e-05, 9.9857634268119e-06, 9.933560249919537e-06, 7.735297003819142e-06, 7.884344086050987e-06, 7.98071050667204e-06, 7.177255611168221e-06, 6.88674890625407e-06, 8.506503036187496e-06, 7.410069883917458e-06, 6.66012010697159e-06, 6.859388122393284e-06, 7.495507361454656e-06, 9.503623914497439e-06, 8.324705959239509e-06, 7.803670087014325e-06, 7.712685146543663e-06, 6.337695140246069e-06, 5.997400421620114e-06, 5.1060219448118005e-06, 5.4298316172207706e-06, 3.953005489165662e-06, 3.863961865135934e-06, 3.9213650779856835e-06, 3.192554004272097e-06, 2.6009536213678075e-06, 2.744477797023137e-06, 2.7130954549647868e-06, 2.4050559659372084e-06, 2.1655250748153776e-06, 1.9000322026840877e-06, 1.4778356671740767e-06, 1.3190712024879758e-06, 1.3073085938231088e-06, 1.0309838671673788e-06, 9.703927617010777e-07, 8.072491368693591e-07, 6.586122367480129e-07, 6.280404818426177e-07, 6.292930265772156e-07, 5.654914048136561e-07, 4.5724618757958524e-07, 4.451370330116333e-07, 3.6028430372425646e-07, 2.80374052863408e-07, 2.5356681021548866e-07, 2.0905774533730437e-07, 1.6421466852989397e-07, 1.1644262798427008e-07, 6.128954055384384e-08, 9.800198874643229e-09, 3.345086430073252e-10, 9.335420457501353e-12, 1.0116011327221397e-11, 5.85458547960882e-12, 4.648337270651837e-12, 4.549828829664149e-12, 4.43072748629314e-12, 4.2754935876410105e-12, 4.178612750954658e-12, 4.1417563823031855e-12], "lowlevel.melbands128.stdev": [0.0015930256340652704, 0.008663149550557137, 0.009449627250432968, 0.006248345132917166, 0.0044082701206207275, 0.0022684591822326183, 0.0009550286340527236, 0.0014447527937591076, 0.002103980863466859, 0.0016469181282445788, 0.0008061796543188393, 0.0004984700353816152, 0.0004686076717916876, 0.0004228387260809541, 0.0004682011785916984, 0.00040253368206322193, 0.0005658495356328785, 0.00047324871411547065, 0.0006546851363964379, 0.000948929344303906, 0.000980909215286374, 0.0011248873779550195, 0.00048312588478438556, 0.00045749114360660315, 0.0008096699602901936, 0.0012295207707211375, 0.0005075999069958925, 0.00033532732049934566, 0.0002529289049562067, 0.0004172218614257872, 0.0001805137435439974, 0.0006859732093289495, 0.0008208572398871183, 0.0006496423739008605, 0.0004919340717606246, 0.0002721628698054701, 0.00024385795404668897, 0.00026025151601061225, 0.00047949518193490803, 0.0004993000766262412, 0.0004585151036735624, 0.0004778139409609139, 0.0001801442849682644, 0.00012565599172376096, 0.00035179455881007016, 0.00035478410427458584, 0.00029884488321840763, 0.00016907075769267976, 0.00015029474161565304, 0.00021509852376766503, 0.0001551096938783303, 0.00014115252997726202, 0.00019797158893197775, 0.00017211992235388607, 0.00017168253543786705, 0.00020765258523169905, 0.0001582863333169371, 0.00014211937377694994, 0.00011442820687079802, 8.132584480335936e-05, 3.861642471747473e-05, 3.028074570465833e-05, 3.167312388541177e-05, 2.1421552446554415e-05, 2.8264979846426286e-05, 2.8708382160402834e-05, 2.5281649868702516e-05, 2.5383709726156667e-05, 1.7260246750083752e-05, 1.5280336810974404e-05, 1.2848905498685781e-05, 1.7905673303175718e-05, 1.6618501831544563e-05, 1.4406925401999615e-05, 1.2094406883988995e-05, 1.550464912725147e-05, 1.3916774150857236e-05, 1.2886142030765768e-05, 1.1335262570355553e-05, 1.3163892617740203e-05, 1.877531030913815e-05, 1.4223194739315659e-05, 1.5713589164079167e-05, 1.673147016845178e-05, 1.4033395927981474e-05, 1.201677332574036e-05, 8.094061740848701e-06, 1.8436026948620565e-05, 7.454279511875939e-06, 8.618482752353884e-06, 9.230665455106646e-06, 6.994256636971841e-06, 6.074189514038153e-06, 6.763325927749975e-06, 5.973818588245194e-06, 5.445062924991362e-06, 5.692374998034211e-06, 4.929227998218266e-06, 3.5829164062306518e-06, 2.668266461114399e-06, 2.424851572868647e-06, 2.086009317281423e-06, 2.1797902718390105e-06, 1.491415446253086e-06, 1.1658377161438693e-06, 1.0414719326945487e-06, 1.1577101304283133e-06, 9.19108117614087e-07, 7.450555017385341e-07, 7.117961899893999e-07, 5.903103783566621e-07, 3.9105563587327197e-07, 3.849703773539659e-07, 3.376022164047754e-07, 2.41893502561652e-07, 1.767736534930009e-07, 1.0161848251755146e-07, 3.16179047388232e-08, 3.520452818150943e-09, 1.0639749498109197e-10, 1.3195090853290736e-10, 2.7741905994638216e-11, 8.747580784729259e-12, 8.582692716252449e-12, 8.421761552024343e-12, 8.249546011585007e-12, 8.124246934915202e-12, 8.045663961453453e-12], "lowlevel.mfcc.mean": [-630.6201782226562, 78.965576171875, 1.5255229473114014, 30.23581314086914, 11.960257530212402, 16.430021286010742, 2.0432605743408203, 12.194194793701172, 4.58452033996582, 1.5552102327346802, -0.6398642659187317, -2.0100576877593994, -3.018632650375366], "lowlevel.spectral_contrast_coeffs.mean": [-0.7124584317207336, -0.7516472339630127, -0.7658648490905762, -0.7676824927330017, -0.792021632194519, -0.734710693359375], "lowlevel.spectral_contrast_coeffs.stdev": [0.07322429120540619, 0.09882723540067673, 0.09096673876047134, 0.07477501034736633, 0.04929324984550476, 0.04464364051818848], "lowlevel.spectral_contrast_valleys.mean": [-6.888893127441406, -7.440447807312012, -7.6726179122924805, -7.577373027801514, -7.195614814758301, -9.75655460357666], "lowlevel.spectral_contrast_valleys.stdev": [0.6133428812026978, 0.5923073887825012, 0.5263547301292419, 0.48072296380996704, 0.53863924741745, 0.7227798104286194], "rhythm.beats_loudness_band_ratio.mean": [0.6480810642242432, 0.06948564946651459, 0.09123481810092926, 0.12832577526569366, 0.058858394622802734, 0.0383746400475502], "rhythm.beats_loudness_band_ratio.stdev": [0.26433223485946655, 0.08391467481851578, 0.12365913391113281, 0.14317499101161957, 0.08449539542198181, 0.047338202595710754], "tonal.hpcp.mean": [0.22029000520706177, 0.18326875567436218, 0.10205460339784622, 0.07310674339532852, 0.08645416051149368, 0.1128275915980339, 0.2031126767396927, 0.21825827658176422, 0.12282592803239822, 0.08203694224357605, 0.08412579447031021, 0.08699110150337219, 0.11207448691129684, 0.11942600458860397, 0.07562575489282608, 0.05700387805700302, 0.06892004609107971, 0.06316925585269928, 0.0603473037481308, 0.07350113242864609, 0.07572769373655319, 0.09738384932279587, 0.12132254987955093, 0.11431120336055756, 0.10210668295621872, 0.08804792165756226, 0.09690902382135391, 0.18302474915981293, 0.2106369137763977, 0.1493375152349472, 0.12060326337814331, 0.10488168895244598, 0.10302002727985382, 0.13529202342033386, 0.17173439264297485, 0.19602258503437042], "tonal.hpcp.stdev": [0.3211151957511902, 0.30031830072402954, 0.2110157012939453, 0.18278035521507263, 0.2126033455133438, 0.2268996238708496, 0.3089850842952728, 0.3214375376701355, 0.20111851394176483, 0.1809610277414322, 0.1941194385290146, 0.20026154816150665, 0.22236955165863037, 0.22945313155651093, 0.15376591682434082, 0.1408672332763672, 0.16921879351139069, 0.1510026603937149, 0.11703915894031525, 0.15428943932056427, 0.16803865134716034, 0.18746651709079742, 0.22313626110553741, 0.21910694241523743, 0.21395239233970642, 0.19896039366722107, 0.19384799897670746, 0.2740427851676941, 0.3019096255302429, 0.24808886647224426, 0.24107937514781952, 0.221412792801857, 0.223873108625412, 0.2539117634296417, 0.2910202145576477, 0.29730135202407837], "rhythm.beats_position": [0.5921088457107544, 1.1842176914215088, 1.7647165060043335, 2.3336052894592285, 2.902494192123413, 3.459773063659668, 4.017052173614502, 4.574330806732178, 5.143219947814941, 5.700498580932617, 6.269387722015381, 6.826666355133057, 7.383945465087891, 7.952834129333496, 8.521722793579102, 9.079002380371094, 9.63628101348877, 10.205169677734375, 10.77405834197998, 11.331337928771973, 11.888616561889648, 12.445895195007324, 13.003174781799316, 13.572063446044922, 14.140952110290527, 14.698230743408203, 15.267120361328125, 15.83600902557373, 16.393287658691406, 16.9505672454834, 17.507844924926758, 18.06512451171875, 18.634014129638672, 19.19129180908203, 19.760181427001953, 20.329069137573242, 20.897958755493164, 21.455238342285156, 22.012516021728516, 22.581405639648438, 23.15029525756836, 23.730792999267578], "rhythm.bpm_histogram": [0.0, 0.0, 0.0, 0.0, 0.0, 0.0, 0.0, 0.0, 0.0, 0.0, 0.0, 0.0, 0.0, 0.0, 0.0, 0.0, 0.0, 0.0, 0.0, 0.0, 0.0, 0.0, 0.0, 0.0, 0.0, 0.0, 0.0, 0.0, 0.0, 0.0, 0.0, 0.0, 0.0, 0.0, 0.0, 0.0, 0.0, 0.0, 0.0, 0.0, 0.0, 0.0, 0.0, 0.0, 0.0, 0.0, 0.0, 0.0, 0.0, 0.0, 0.0, 0.0, 0.0, 0.0, 0.0, 0.0, 0.0, 0.0, 0.0, 0.0, 0.0, 0.0, 0.0, 0.0, 0.0, 0.0, 0.0, 0.0, 0.0, 0.0, 0.0, 0.0, 0.0, 0.0, 0.0, 0.0, 0.0, 0.0, 0.0, 0.0, 0.0, 0.0, 0.0, 0.0, 0.0, 0.0, 0.0, 0.0, 0.0, 0.0, 0.0, 0.0, 0.0, 0.0, 0.0, 0.0, 0.0, 0.0, 0.0, 0.0, 0.0, 0.024390242993831635, 0.0, 0.04878048598766327, 0.0, 0.4390243887901306, 0.0, 0.0, 0.4878048896789551, 0.0, 0.0, 0.0, 0.0, 0.0, 0.0, 0.0, 0.0, 0.0, 0.0, 0.0, 0.0, 0.0, 0.0, 0.0, 0.0, 0.0, 0.0, 0.0, 0.0, 0.0, 0.0, 0.0, 0.0, 0.0, 0.0, 0.0, 0.0, 0.0, 0.0, 0.0, 0.0, 0.0, 0.0, 0.0, 0.0, 0.0, 0.0, 0.0, 0.0, 0.0, 0.0, 0.0, 0.0, 0.0, 0.0, 0.0, 0.0, 0.0, 0.0, 0.0, 0.0, 0.0, 0.0, 0.0, 0.0, 0.0, 0.0, 0.0, 0.0, 0.0, 0.0, 0.0, 0.0, 0.0, 0.0, 0.0, 0.0, 0.0, 0.0, 0.0, 0.0, 0.0, 0.0, 0.0, 0.0, 0.0, 0.0, 0.0, 0.0, 0.0, 0.0, 0.0, 0.0, 0.0, 0.0, 0.0, 0.0, 0.0, 0.0, 0.0, 0.0, 0.0, 0.0, 0.0, 0.0, 0.0, 0.0, 0.0, 0.0, 0.0, 0.0, 0.0, 0.0, 0.0, 0.0, 0.0, 0.0, 0.0, 0.0, 0.0, 0.0, 0.0, 0.0, 0.0, 0.0, 0.0, 0.0, 0.0, 0.0, 0.0, 0.0, 0.0, 0.0, 0.0, 0.0, 0.0, 0.0, 0.0, 0.0, 0.0, 0.0, 0.0, 0.0, 0.0, 0.0, 0.0, 0.0, 0.0, 0.0, 0.0], "tonal.chords_histogram": [13.472485542297363, 3.225806474685669, 28.842504501342773, 0.0, 0.0, 0.0, 4.364326477050781, 0.18975332379341125, 0.0, 0.0, 0.0, 0.0, 0.0, 0.0, 0.0, 1.1385198831558228, 0.0, 0.3795066475868225, 0.0, 13.282732009887695, 0.0, 11.385199546813965, 10.815938949584961, 12.903225898742676], "tonal.thpcp": [1.0, 0.831943154335022, 0.46327388286590576, 0.33186590671539307, 0.3924561142921448, 0.5121775269508362, 0.9220240116119385, 0.9907770156860352, 0.5575646758079529, 0.3724042773246765, 0.3818865716457367, 0.3948935568332672, 0.5087588429450989, 0.5421308279037476, 0.34330087900161743, 0.25876742601394653, 0.31286051869392395, 0.2867549657821655, 0.27394482493400574, 0.3336562216281891, 0.34376364946365356, 0.4420711100101471, 0.550740122795105, 0.5189123749732971, 0.46351027488708496, 0.3996909558773041, 0.43991565704345703, 0.8308354616165161, 0.9561800956726074, 0.677913248538971, 0.5474749803543091, 0.47610732913017273, 0.46765637397766113, 0.6141541600227356, 0.779583215713501, 0.8898387551307678], "lowlevel.gfcc.cov": [[2446.14794921875, -197.9592742919922, -203.53404235839844, -203.90077209472656, -99.0704574584961, -6.5313639640808105, 66.4902572631836, 36.457618713378906, 67.74209594726562, 50.74115753173828, 18.56380844116211, 45.370914459228516, -127.6024169921875], [-197.9592742919922, 828.4334716796875, -182.49058532714844, -39.89720916748047, 144.99319458007812, -67.16021728515625, 188.78993225097656, 22.40680694580078, 129.83056640625, 46.49969482421875, 120.68509674072266, -4.6390838623046875, 99.50086975097656], [-203.53404235839844, -182.49058532714844, 602.1785278320312, 301.7765808105469, 57.427791595458984, 90.06352233886719, -9.391031265258789, 27.261703491210938, -25.10763931274414, 7.742983341217041, -16.59014892578125, 32.87510681152344, 26.600120544433594], [-203.90077209472656, -39.89720916748047, 301.7765808105469, 525.4221801757812, 169.1453094482422, -1.897147297859192, -32.342201232910156, 42.282779693603516, 81.43255615234375, 5.4093337059021, -24.541378021240234, -8.261115074157715, 93.14420318603516], [-99.0704574584961, 144.99319458007812, 57.427791595458984, 169.1453094482422, 383.2734069824219, 108.75669860839844, 99.86724090576172, 81.73652648925781, 122.82007598876953, 43.2091178894043, 24.411855697631836, 28.730854034423828, 78.65377044677734], [-6.5313639640808105, -67.16021728515625, 90.06352233886719, -1.897147297859192, 108.75669860839844, 304.7193908691406, 176.47152709960938, 10.35226821899414, -33.459205627441406, 9.51957893371582, 25.321611404418945, -12.074332237243652, 9.160332679748535], [66.4902572631836, 188.78993225097656, -9.391031265258789, -32.342201232910156, 99.86724090576172, 176.47152709960938, 343.30999755859375, 71.51998901367188, 10.100472450256348, 9.007837295532227, 53.231056213378906, 9.063704490661621, 11.121783256530762], [36.457618713378906, 22.40680694580078, 27.261703491210938, 42.282779693603516, 81.73652648925781, 10.35226821899414, 71.51998901367188, 172.54400634765625, 120.4787826538086, 17.560789108276367, 8.400372505187988, 21.019500732421875, 27.14573097229004], [67.74209594726562, 129.83056640625, -25.10763931274414, 81.43255615234375, 122.82007598876953, -33.459205627441406, 10.100472450256348, 120.4787826538086, 240.82456970214844, 82.6405029296875, 26.654191970825195, 2.704829454421997, 53.18423080444336], [50.74115753173828, 46.49969482421875, 7.742983341217041, 5.4093337059021, 43.2091178894043, 9.51957893371582, 9.007837295532227, 17.560789108276367, 82.6405029296875, 106.32316589355469, 44.01231002807617, -3.5391693115234375, -1.5745501518249512], [18.56380844116211, 120.68509674072266, -16.59014892578125, -24.541378021240234, 24.411855697631836, 25.321611404418945, 53.231056213378906, 8.400372505187988, 26.654191970825195, 44.01231002807617, 118.62894439697266, 45.23928451538086, 17.15327262878418], [45.370914459228516, -4.6390838623046875, 32.87510681152344, -8.261115074157715, 28.730854034423828, -12.074332237243652, 9.063704490661621, 21.019500732421875, 2.704829454421997, -3.5391693115234375, 45.23928451538086, 106.26180267333984, 28.83675193786621], [-127.6024169921875, 99.50086975097656, 26.600120544433594, 93.14420318603516, 78.65377044677734, 9.160332679748535, 11.121783256530762, 27.14573097229004, 53.18423080444336, -1.5745501518249512, 17.15327262878418, 28.83675193786621, 110.25335693359375]], "lowlevel.gfcc.icov": [[0.0005059390678070486, 0.0001986614370252937, 0.00018622551579028368, -8.580969733884558e-06, 0.00013307855988387018, 1.813992639654316e-05, -0.0002979202545247972, 0.00022429304954130203, -0.0005150585202500224, -4.216672095935792e-05, 6.277117790887132e-05, -0.0005006945575587451, 0.0006160128978081048], [0.0001986614370252937, 0.0034322203136980534, -0.00020629193750210106, 0.0011882418766617775, -0.0014292830601334572, 0.0032774517312645912, -0.002990280743688345, 0.0021713580936193466, -0.0015624556690454483, 0.001224376610480249, -0.0034006829373538494, 0.003098541172221303, -0.002817444736137986], [0.00018622551579028368, -0.00020629193750210106, 0.0032799995969980955, -0.0023472942411899567, 0.0008988715708255768, -0.0017201020382344723, 0.0006708488217554986, -0.0012654386227950454, 0.0013802637113258243, -0.0018477749545127153, 0.001284379861317575, -0.0024713363964110613, 0.0010933101875707507], [-8.580969733884558e-06, 0.0011882418766617775, -0.0023472942411899567, 0.004628974478691816, -0.0020712725818157196, 0.002369241788983345, -0.000917585042770952, 0.0012658550404012203, -0.0013564251130446792, 0.001640114700421691, -0.0014580154092982411, 0.003418952925130725, -0.0033545990008860826], [0.00013307855988387018, -0.0014292830601334572, 0.0008988715708255768, -0.0020712725818157196, 0.005455524194985628, -0.003338469658046961, 0.0006782821728847921, -0.0010118985082954168, -0.0010842307237908244, -0.0015378770185634494, 0.0025705755688250065, -0.003543376224115491, 0.0005709590041078627], [1.813992639654316e-05, 0.0032774517312645912, -0.0017201020382344723, 0.002369241788983345, -0.003338469658046961, 0.009490618482232094, -0.005445932038128376, 0.002351893810555339, 0.00034747933386825025, 0.0006838174886070192, -0.004062936641275883, 0.005651387386023998, -0.003963860217481852], [-0.0002979202545247972, -0.002990280743688345, 0.0006708488217554986, -0.000917585042770952, 0.0006782821728847921, -0.005445932038128376, 0.007887940853834152, -0.004591280594468117, 0.0025432491675019264, -0.000608300615567714, 0.0008505996083840728, -0.0019509862177073956, 0.0024129608646035194], [0.00022429304954130203, 0.0021713580936193466, -0.0012654386227950454, 0.0012658550404012203, -0.0010118985082954168, 0.002351893810555339, -0.004591280594468117, 0.013518376275897026, -0.008983075618743896, 0.004647490568459034, -0.0008575901738367975, -0.0004637995734810829, -0.00014851940795779228], [-0.0005150585202500224, -0.0015624556690454483, 0.0013802637113258243, -0.0013564251130446792, -0.0010842307237908244, 0.00034747933386825025, 0.0025432491675019264, -0.008983075618743896, 0.014477628283202648, -0.00930451974272728, 0.00148477079346776, 0.0010991470189765096, -0.003308407496660948], [-4.216672095935792e-05, 0.001224376610480249, -0.0018477749545127153, 0.001640114700421691, -0.0015378770185634494, 0.0006838174886070192, -0.000608300615567714, 0.004647490568459034, -0.00930451974272728, 0.01956564001739025, -0.008141607977449894, 0.00397566519677639, 0.002858408959582448], [6.277117790887132e-05, -0.0034006829373538494, 0.001284379861317575, -0.0014580154092982411, 0.0025705755688250065, -0.004062936641275883, 0.0008505996083840728, -0.0008575901738367975, 0.00148477079346776, -0.008141607977449894, 0.01811579428613186, -0.010233333334326744, 0.0017182152951136231], [-0.0005006945575587451, 0.003098541172221303, -0.0024713363964110613, 0.003418952925130725, -0.003543376224115491, 0.005651387386023998, -0.0019509862177073956, -0.0004637995734810829, 0.0010991470189765096, 0.00397566519677639, -0.010233333334326744, 0.01905362866818905, -0.007163521368056536], [0.0006160128978081048, -0.002817444736137986, 0.0010933101875707507, -0.0033545990008860826, 0.0005709590041078627, -0.003963860217481852, 0.0024129608646035194, -0.00014851940795779228, -0.003308407496660948, 0.002858408959582448, 0.0017182152951136231, -0.007163521368056536, 0.017854105681180954]], "lowlevel.mfcc.cov": [[2481.2236328125, -128.76060485839844, -233.5980224609375, -142.8423309326172, -192.40252685546875, -58.6080322265625, -98.62431335449219, 17.769691467285156, -49.68347930908203, -9.171870231628418, 114.26873016357422, 70.73951721191406, -25.309823989868164], [-128.76060485839844, 739.43408203125, -251.52755737304688, -14.671262741088867, -75.11315155029297, 4.375167369842529, 58.8703498840332, 20.980012893676758, 38.698604583740234, 21.365238189697266, 76.83075714111328, 61.90303039550781, 46.8967170715332], [-233.5980224609375, -251.52755737304688, 525.4386596679688, 113.20746612548828, 48.69784927368164, 54.70992660522461, 49.618492126464844, -0.8403818607330322, -16.51814079284668, -0.2502514123916626, -55.3197135925293, -29.091764450073242, 16.31700325012207], [-142.8423309326172, -14.671262741088867, 113.20746612548828, 438.32794189453125, 188.68978881835938, 3.0633933544158936, -54.82472610473633, 21.90939712524414, 103.62921905517578, 36.76923370361328, -42.20708084106445, 13.333192825317383, 86.17923736572266], [-192.40252685546875, -75.11315155029297, 48.69784927368164, 188.68978881835938, 338.409912109375, 50.06583023071289, -57.25653839111328, 12.32645034790039, 87.26254272460938, 70.71630859375, -33.48211669921875, 19.593538284301758, 48.70772171020508], [-58.6080322265625, 4.375167369842529, 54.70992660522461, 3.0633933544158936, 50.06583023071289, 235.0906982421875, 154.85107421875, 28.89834213256836, 26.024646759033203, 38.21998977661133, 36.489906311035156, -4.9060516357421875, -27.70735740661621], [-98.62431335449219, 58.8703498840332, 49.618492126464844, -54.82472610473633, -57.25653839111328, 154.85107421875, 282.3565368652344, 105.4546890258789, 6.348716735839844, 0.7146451473236084, 52.59491729736328, 0.6548252105712891, -47.218502044677734], [17.769691467285156, 20.980012893676758, -0.8403818607330322, 21.90939712524414, 12.32645034790039, 28.89834213256836, 105.4546890258789, 173.183349609375, 75.81757354736328, 18.703838348388672, 24.949922561645508, 22.282121658325195, 6.398299217224121], [-49.68347930908203, 38.698604583740234, -16.51814079284668, 103.62921905517578, 87.26254272460938, 26.024646759033203, 6.348716735839844, 75.81757354736328, 175.9486846923828, 93.41370391845703, 15.045294761657715, 17.202341079711914, 28.588706970214844], [-9.171870231628418, 21.365238189697266, -0.2502514123916626, 36.76923370361328, 70.71630859375, 38.21998977661133, 0.7146451473236084, 18.703838348388672, 93.41370391845703, 147.80844116210938, 50.89298629760742, 14.490249633789062, 18.700252532958984], [114.26873016357422, 76.83075714111328, -55.3197135925293, -42.20708084106445, -33.48211669921875, 36.489906311035156, 52.59491729736328, 24.949922561645508, 15.045294761657715, 50.89298629760742, 119.4415054321289, 47.50448226928711, -2.9480133056640625], [70.73951721191406, 61.90303039550781, -29.091764450073242, 13.333192825317383, 19.593538284301758, -4.9060516357421875, 0.6548252105712891, 22.282121658325195, 17.202341079711914, 14.490249633789062, 47.50448226928711, 100.54241943359375, 56.724613189697266], [-25.309823989868164, 46.8967170715332, 16.31700325012207, 86.17923736572266, 48.70772171020508, -27.70735740661621, -47.218502044677734, 6.398299217224121, 28.588706970214844, 18.700252532958984, -2.9480133056640625, 56.724613189697266, 117.442626953125]], "lowlevel.mfcc.icov": [[0.0005173791432753205, 0.0002296916936757043, 0.00023532434715889394, -8.261452603619546e-05, 0.0004251638019923121, -0.0002801984373945743, 0.0005512997158803046, -0.0003775899822358042, 0.00021170391119085252, -6.295843195402995e-05, -0.00035179962287656963, -0.00041532807517796755, 0.00019775809778366238], [0.0002296916936757043, 0.002040454186499119, 0.0010804228950291872, -0.0002823860850185156, 0.0006422605365514755, 5.4576285037910566e-05, -0.0007272542570717633, 0.0004984423867426813, -0.00039277368341572583, 2.8158188797533512e-05, -0.0005899188108742237, -0.0003771765041165054, -0.0010227299062535167], [0.00023532434715889394, 0.0010804228950291872, 0.0029549282044172287, -0.0008550499915145338, 0.0004957597702741623, -0.00035966536961495876, -0.0009450415964238346, 0.0001440814812667668, 0.0009319158270955086, -0.0009144028881564736, 0.001039768336340785, -2.0670182493631728e-05, -0.0008872695034369826], [-8.261452603619546e-05, -0.0002823860850185156, -0.0008550499915145338, 0.003986909054219723, -0.0017650031950324774, 0.000253331265412271, 4.693198570748791e-05, 0.00035600431147031486, -0.002201976953074336, 0.0014297760790213943, -0.0003077827859669924, 0.0013237789971753955, -0.0022593324538320303], [0.0004251638019923121, 0.0006422605365514755, 0.0004957597702741623, -0.0017650031950324774, 0.005810434930026531, -0.002563173184171319, 0.002237641019746661, -0.0011113528162240982, 0.0001723630994092673, -0.002409831853583455, 0.0024870503693819046, -0.0025675403885543346, 0.0006514385459013283], [-0.0002801984373945743, 5.4576285037910566e-05, -0.00035966536961495876, 0.000253331265412271, -0.002563173184171319, 0.009091906249523163, -0.006430530920624733, 0.0032014481257647276, -0.0012537239817902446, -0.0004659355618059635, -0.0012966834474354982, 0.001196212717331946, -8.616586910648039e-07], [0.0005512997158803046, -0.0007272542570717633, -0.0009450415964238346, 4.693198570748791e-05, 0.002237641019746661, -0.006430530920624733, 0.01118818111717701, -0.006570194382220507, 0.0019633218180388212, 0.0005156378028914332, -0.0015233659651130438, -0.0008043685811571777, 0.002707397099584341], [-0.0003775899822358042, 0.0004984423867426813, 0.0001440814812667668, 0.00035600431147031486, -0.0011113528162240982, 0.0032014481257647276, -0.006570194382220507, 0.011926176957786083, -0.006208515726029873, 0.0024384588468819857, -0.0007574721239507198, -0.00046840557479299605, -0.0013065044768154621], [0.00021170391119085252, -0.00039277368341572583, 0.0009319158270955086, -0.002201976953074336, 0.0001723630994092673, -0.0012537239817902446, 0.0019633218180388212, -0.006208515726029873, 0.013962293975055218, -0.008146995678544044, 0.002757490612566471, -0.0011406709672883153, 0.0009677324560470879], [-6.295843195402995e-05, 2.8158188797533512e-05, -0.0009144028881564736, 0.0014297760790213943, -0.002409831853583455, -0.0004659355618059635, 0.0005156378028914332, 0.0024384588468819857, -0.008146995678544044, 0.015310121700167656, -0.00832714606076479, 0.0040722014382481575, -0.002613455755636096], [-0.00035179962287656963, -0.0005899188108742237, 0.001039768336340785, -0.0003077827859669924, 0.0024870503693819046, -0.0012966834474354982, -0.0015233659651130438, -0.0007574721239507198, 0.002757490612566471, -0.00832714606076479, 0.018610870465636253, -0.009862423874437809, 0.004217915236949921], [-0.00041532807517796755, -0.0003771765041165054, -2.0670182493631728e-05, 0.0013237789971753955, -0.0025675403885543346, 0.001196212717331946, -0.0008043685811571777, -0.00046840557479299605, -0.0011406709672883153, 0.0040722014382481575, -0.009862423874437809, 0.021297181025147438, -0.010763037949800491], [0.00019775809778366238, -0.0010227299062535167, -0.0008872695034369826, -0.0022593324538320303, 0.0006514385459013283, -8.616586910648039e-07, 0.002707397099584341, -0.0013065044768154621, 0.0009677324560470879, -0.002613455755636096, 0.004217915236949921, -0.010763037949800491, 0.017121274024248123]], "metadata.audio_properties.analysis.downmix": "mix", "metadata.audio_properties.codec": "mp3", "metadata.audio_properties.md5_encoded": "cab9ba5a9d34d41fae1deb24f54c3bfd", "metadata.tags.file_name": "1182278118002663434.mp3", "metadata.version.essentia": "2.1-beta6-dev", "metadata.version.essentia_git_sha": "v2.1_beta5-1110-g77a6a954", "metadata.version.extractor": "music 2.0", "tonal.chords_key": "B", "tonal.chords_scale": "major", "tonal.key_edma.key": "E", "tonal.key_edma.scale": "major", "tonal.key_krumhansl.key": "E", "tonal.key_krumhansl.scale": "major", "tonal.key_temperley.key": "E", "tonal.key_temperley.scale": "major", "metadata.tags.encoding": ["Lavf58.45.100"]}, "essentia_models": [{"model_name": "genre_dortmund", "activations": {"alternative": "0.009679507", "blues": "0.0008207471", "electronic": "0.0005537418", "folkcountry": "0.0016049762", "funksoulrnb": "0.0032518152", "jazz": "0.0019777599", "pop": "0.00040436344", "raphiphop": "0.027338073", "rock": "0.8830186"}}, {"model_name": "genre_rosamerica", "activations": {"cl