{"song_id": "1182268483048833034", "download": "https://cdn.discordapp.com/attachments/1135903449314238464/1182268483048833034/chirp.mp4?ex=65841453&amp", "lyrics": "gululu gululu, let's go brush our teeth\n\nBrush your teeth up and down\n\nClean along gaps with care\nCavities go buzz buzz away\n\nTooth by tooth ding ding hooray\n\nChorus:\nHappily sing tra la la\nBrush diligently everyday\nFight tooth decay\nSmile bright, hip hip hooray\n\nVerse 2:\nCircle round those whites\n\nShoo away tiny bugs\n\nTooth by tooth make bright\nRinse and gargle after right\n\nChorus:\n\nHappily sing tra la la\nBrush diligently everyday\nFight tooth decay\nSmile bright, hip hip hooray", "style": ["happy song for kids"], "essentia_features": {"lowlevel.average_loudness": 0.8429742455482483, "lowlevel.barkbands_crest.mean": 17.248432159423828, "lowlevel.barkbands_crest.stdev": 5.898756504058838, "lowlevel.barkbands_flatness_db.mean": 0.2968698740005493, "lowlevel.barkbands_flatness_db.stdev": 0.11907496303319931, "lowlevel.barkbands_kurtosis.mean": 27.82331657409668, "lowlevel.barkbands_kurtosis.stdev": 82.77865600585938, "lowlevel.barkbands_skewness.mean": 1.0862640142440796, "lowlevel.barkbands_skewness.stdev": 4.487234115600586, "lowlevel.barkbands_spread.mean": 13.928199768066406, "lowlevel.barkbands_spread.stdev": 16.88836097717285, "lowlevel.dissonance.mean": 0.40579506754875183, "lowlevel.dissonance.stdev": 0.08085793256759644, "lowlevel.dynamic_complexity": 6.304443836212158, "lowlevel.erbbands_crest.mean": 22.81556510925293, "lowlevel.erbbands_crest.stdev": 7.700504779815674, "lowlevel.erbbands_flatness_db.mean": 0.3216772973537445, "lowlevel.erbbands_flatness_db.stdev": 0.1376572549343109, "lowlevel.erbbands_kurtosis.mean": 24.034940719604492, "lowlevel.erbbands_kurtosis.stdev": 37.16331100463867, "lowlevel.erbbands_skewness.mean": -0.04491279646754265, "lowlevel.erbbands_skewness.stdev": 3.7386837005615234, "lowlevel.erbbands_spread.mean": 21.631370544433594, "lowlevel.erbbands_spread.stdev": 27.660873413085938, "lowlevel.hfc.mean": 17.26951026916504, "lowlevel.hfc.stdev": 27.53851890563965, "lowlevel.loudness_ebu128.integrated": -15.591436386108398, "lowlevel.loudness_ebu128.loudness_range": 10.022093772888184, "lowlevel.loudness_ebu128.momentary.mean": -17.907024383544922, "lowlevel.loudness_ebu128.momentary.stdev": 4.739531993865967, "lowlevel.loudness_ebu128.short_term.mean": -16.921846389770508, "lowlevel.loudness_ebu128.short_term.stdev": 3.469144105911255, "lowlevel.melbands_crest.mean": 19.528194427490234, "lowlevel.melbands_crest.stdev": 5.6075592041015625, "lowlevel.melbands_flatness_db.mean": 0.3538784086704254, "lowlevel.melbands_flatness_db.stdev": 0.10700447857379913, "lowlevel.melbands_kurtosis.mean": 51.40052032470703, "lowlevel.melbands_kurtosis.stdev": 102.21915435791016, "lowlevel.melbands_skewness.mean": 2.5920116901397705, "lowlevel.melbands_skewness.stdev": 5.087149620056152, "lowlevel.melbands_spread.mean": 16.31700897216797, "lowlevel.melbands_spread.stdev": 16.04285430908203, "lowlevel.pitch_salience.mean": 0.35387733578681946, "lowlevel.pitch_salience.stdev": 0.14395146071910858, "lowlevel.silence_rate_20dB.mean": 1.0, "lowlevel.silence_rate_20dB.stdev": 0.0, "lowlevel.silence_rate_30dB.mean": 0.9959443807601929, "lowlevel.silence_rate_30dB.stdev": 0.06355306506156921, "lowlevel.silence_rate_60dB.mean": 0.3679026663303375, "lowlevel.silence_rate_60dB.stdev": 0.4822305142879486, "lowlevel.spectral_centroid.mean": 965.015869140625, "lowlevel.spectral_centroid.stdev": 489.52301025390625, "lowlevel.spectral_complexity.mean": 3.2022016048431396, "lowlevel.spectral_complexity.stdev": 2.0506954193115234, "lowlevel.spectral_decrease.mean": -3.569571749295619e-09, "lowlevel.spectral_decrease.stdev": 5.021100868418671e-09, "lowlevel.spectral_energy.mean": 0.015038756653666496, "lowlevel.spectral_energy.stdev": 0.0212705135345459, "lowlevel.spectral_energyband_high.mean": 0.00012061038432875648, "lowlevel.spectral_energyband_high.stdev": 0.0003272036265116185, "lowlevel.spectral_energyband_low.mean": 0.0009449861827306449, "lowlevel.spectral_energyband_low.stdev": 0.00404499564319849, "lowlevel.spectral_energyband_middle_high.mean": 0.009743007831275463, "lowlevel.spectral_energyband_middle_high.stdev": 0.018156873062253, "lowlevel.spectral_energyband_middle_low.mean": 0.004337280057370663, "lowlevel.spectral_energyband_middle_low.stdev": 0.00803354475647211, "lowlevel.spectral_entropy.mean": 6.155534267425537, "lowlevel.spectral_entropy.stdev": 1.1924972534179688, "lowlevel.spectral_flux.mean": 0.05549364164471626, "lowlevel.spectral_flux.stdev": 0.05380316078662872, "lowlevel.spectral_kurtosis.mean": 17.749652862548828, "lowlevel.spectral_kurtosis.stdev": 22.785198211669922, "lowlevel.spectral_rms.mean": 0.003025076584890485, "lowlevel.spectral_rms.stdev": 0.0023496614303439856, "lowlevel.spectral_rolloff.mean": 1586.9114990234375, "lowlevel.spectral_rolloff.stdev": 2237.76708984375, "lowlevel.spectral_skewness.mean": 2.958756685256958, "lowlevel.spectral_skewness.stdev": 1.7461879253387451, "lowlevel.spectral_spread.mean": 5267437.5, "lowlevel.spectral_spread.stdev": 3158535.25, "lowlevel.spectral_strongpeak.mean": 2.9454727172851562, "lowlevel.spectral_strongpeak.stdev": 3.814734697341919, "lowlevel.zerocrossingrate.mean": 0.06744222342967987, "lowlevel.zerocrossingrate.stdev": 0.04362642765045166, "metadata.audio_properties.analysis.equal_loudness": 0.0, "metadata.audio_properties.analysis.length": 40.04265213012695, "metadata.audio_properties.analysis.sample_rate": 44100.0, "metadata.audio_properties.analysis.start_time": 0.0, "metadata.audio_properties.bit_rate": 125265.0, "metadata.audio_properties.length": 40.042667388916016, "metadata.audio_properties.lossless": 0.0, "metadata.audio_properties.number_channels": 1.0, "metadata.audio_properties.replay_gain": -12.881559371948242, "metadata.audio_properties.sample_rate": 48000.0, "rhythm.beats_count": 69.0, "rhythm.beats_loudness.mean": 0.02545912005007267, "rhythm.beats_loudness.stdev": 0.02401374652981758, "rhythm.bpm": 103.92850494384766, "rhythm.bpm_histogram_first_peak_bpm": 103.0, "rhythm.bpm_histogram_first_peak_weight": 0.3283582329750061, "rhythm.bpm_histogram_second_peak_bpm": 98.0, "rhythm.bpm_histogram_second_peak_spread": 0.0, "rhythm.bpm_histogram_second_peak_weight": 0.014705882407724857, "rhythm.danceability": 1.1795117855072021, "rhythm.onset_rate": 6.1915764808654785, "tonal.chords_changes_rate": 0.04976851865649223, "tonal.chords_number_rate": 0.010416666977107525, "tonal.chords_strength.mean": 0.5181828737258911, "tonal.chords_strength.stdev": 0.09413769096136093, "tonal.hpcp_crest.mean": 18.206031799316406, "tonal.hpcp_crest.stdev": 7.670974254608154, "tonal.hpcp_entropy.mean": 1.3773431777954102, "tonal.hpcp_entropy.stdev": 0.7111275792121887, "tonal.key_edma.strength": 0.5849214792251587, "tonal.key_krumhansl.strength": 0.6013710498809814, "tonal.key_temperley.strength": 0.6215274333953857, "tonal.tuning_diatonic_strength": 0.5697829723358154, "tonal.tuning_equal_tempered_deviation": 0.03701326623558998, "tonal.tuning_frequency": 443.57257080078125, "tonal.tuning_nontempered_energy_ratio": 0.6493139266967773, "lowlevel.barkbands.mean": [8.633805919089355e-06, 0.00047662551514804363, 0.00035626295721158385, 0.00016234509530477226, 0.0001784363412298262, 0.003001995151862502, 0.0009451957885175943, 3.3413507480872795e-05, 9.489344847679604e-06, 1.5035282558528706e-05, 0.0002620082232169807, 0.0023009793367236853, 0.0016867840895429254, 0.0037385274190455675, 0.001382421818561852, 0.0003465485933702439, 4.4435460040403996e-06, 2.850506689355825e-06, 4.149932919972343e-06, 4.120448920730269e-06, 5.6849744396458846e-06, 1.2051518751832191e-05, 1.7670014130999334e-05, 3.0412587875616737e-05, 1.4998249753261916e-05, 3.042086427740287e-05, 7.286564141395502e-06], "lowlevel.barkbands.stdev": [5.6107524869730696e-05, 0.0019933904986828566, 0.0018166366498917341, 0.0007935778703540564, 0.0007704989402554929, 0.006061152555048466, 0.002495253225788474, 0.0001223954459419474, 3.2354844734072685e-05, 4.977887510904111e-05, 0.0020555383525788784, 0.00990742165595293, 0.008863466791808605, 0.011156522668898106, 0.0062405019998550415, 0.0032518384978175163, 1.942812195920851e-05, 8.449793313047849e-06, 1.211656581290299e-05, 1.2084461559425108e-05, 1.732559030642733e-05, 3.569469481590204e-05, 4.8759622586658224e-05, 8.752828580327332e-05, 4.961356899002567e-05, 9.674392640590668e-05, 2.7044330636272207e-05], "lowlevel.erbbands.mean": [0.007848326116800308, 0.1281936913728714, 0.3998396694660187, 0.5465897917747498, 0.5993303656578064, 0.5964872241020203, 4.70053243637085, 28.741287231445312, 26.45506477355957, 2.3199305534362793, 0.4887672960758209, 0.23171786963939667, 0.4753289818763733, 1.6979920864105225, 24.350170135498047, 115.18246459960938, 80.26533508300781, 198.4940185546875, 105.88237762451172, 49.95447540283203, 5.1243696212768555, 0.4035682678222656, 0.17732582986354828, 0.19151650369167328, 0.2198278158903122, 0.19644278287887573, 0.21158112585544586, 0.24170322716236115, 0.37437570095062256, 0.5796301364898682, 0.46000078320503235, 0.6233865022659302, 0.46590203046798706, 0.19762128591537476, 0.09188555181026459, 0.07767818868160248, 0.060707684606313705, 0.02429603599011898, 0.0006083364132791758, 3.118624954367988e-05], "lowlevel.erbbands.stdev": [0.031829413026571274, 0.5438078045845032, 1.9011579751968384, 2.7835614681243896, 2.6034860610961914, 2.3710408210754395, 15.590953826904297, 57.66059112548828, 64.41580963134766, 4.607991695404053, 1.474521279335022, 0.7164266109466553, 1.4317846298217773, 11.27702808380127, 161.1633758544922, 477.6160888671875, 333.1561279296875, 567.8976440429688, 344.5015869140625, 306.44000244140625, 36.9124870300293, 1.4941365718841553, 0.4696602523326874, 0.5541385412216187, 0.6819568276405334, 0.5779058337211609, 0.6581752896308899, 0.757117509841919, 1.185146450996399, 1.5607986450195312, 1.3144060373306274, 1.8646821975708008, 1.3124094009399414, 0.6453772783279419, 0.31480610370635986, 0.27718448638916016, 0.1927165687084198, 0.08170579373836517, 0.0020489234011620283, 5.0768045184668154e-05], "lowlevel.gfcc.mean": [-179.3260498046875, 58.85408020019531, -104.54589080810547, -20.283531188964844, -66.84884643554688, 9.771830558776855, -64.70582580566406, -29.56688117980957, -12.035514831542969, 29.196979522705078, 13.817706108093262, 12.362333297729492, -11.954667091369629], "lowlevel.melbands.mean": [0.00010472229041624814, 0.00019874036661349237, 9.361978300148621e-05, 4.215248554828577e-05, 0.00013563323591370136, 0.0006683935062028468, 0.0003535534779075533, 1.2969866475032177e-05, 2.8496249342424562e-06, 1.3604729929284076e-06, 2.2366018583852565e-06, 3.472924845482339e-06, 4.9852071242639795e-05, 0.0002269958786200732, 0.0002470792969688773, 0.00016679737018421292, 0.00041226722532883286, 0.00018520705634728074, 8.297357999254018e-05, 4.1915292968042195e-05, 3.904244181285321e-07, 2.676406722912361e-07, 1.6916584399950807e-07, 1.336545523145105e-07, 1.5399830033402395e-07, 1.5049810997425084e-07, 1.5621724003267445e-07, 1.2099356183625787e-07, 1.2795798909337464e-07, 1.382394714255497e-07, 1.3908785945204727e-07, 1.859340557075484e-07, 2.8210311597831605e-07, 3.416073752759985e-07, 2.402325662842486e-07, 3.0697341912855336e-07, 4.2800141386578616e-07, 3.7151258425183187e-07, 2.5247362600566703e-07, 1.3034149048962718e-07], "lowlevel.melbands.stdev": [0.0004294102545827627, 0.0008925403817556798, 0.000435755675425753, 0.00019068260735366493, 0.00047288829227909446, 0.0013274364173412323, 0.0008559232228435576, 3.4897813748102635e-05, 1.0466053936397657e-05, 4.408737822814146e-06, 7.1631257014814764e-06, 2.5865549105219543e-05, 0.00040734317735768855, 0.0009597872267477214, 0.001040702685713768, 0.0008752826834097505, 0.001200425554998219, 0.0005696843727491796, 0.00039705136441625655, 0.00034281390253454447, 1.6190450651265564e-06, 1.3161073866285733e-06, 4.7093880084503326e-07, 4.0929313627202646e-07, 4.687769035172096e-07, 4.530925252765883e-07, 4.779335540661123e-07, 3.775712400511111e-07, 3.942789419397741e-07, 4.5475709953279875e-07, 4.5268390636010736e-07, 6.387680286934483e-07, 7.883570560807129e-07, 9.52745267568389e-07, 7.229360221572279e-07, 9.026371117215604e-07, 1.3297370742293424e-06, 1.0575928399703116e-06, 8.443878414254868e-07, 4.5308388507692143e-07], "lowlevel.melbands128.mean": [5.468280505738221e-06, 3.626603211159818e-05, 0.00014567824837286025, 0.00023616575344931334, 0.0002196216519223526, 0.00016808735381346196, 0.00011903473932761699, 6.645599933108315e-05, 6.072678297641687e-05, 5.01708964293357e-05, 2.3672100724070333e-05, 1.7487214790889993e-05, 5.2976658480474725e-05, 0.00042502922588028014, 0.0005615093978121877, 0.0009579284233041108, 0.0007835516589693725, 0.00010670592018868774, 2.1054216631455347e-05, 1.3354945622268133e-05, 1.0858243513212074e-05, 3.3748694932000944e-06, 2.208926844105008e-06, 1.3709993709198898e-06, 1.2973539469385287e-06, 1.1480244666017825e-06, 1.916983137562056e-06, 2.957906190204085e-06, 1.8121405673809932e-06, 1.7404265690856846e-06, 1.7223072745764512e-06, 1.0484985978109762e-05, 3.57051394530572e-05, 0.00010382707841927186, 7.190189353423193e-05, 0.00026160659035667777, 0.0005316015449352562, 0.0001432033022865653, 0.00020361017959658056, 0.00013399042654782534, 0.00012303072435315698, 0.00028495112201198936, 0.0003091879771091044, 0.0007682579453103244, 8.178022835636511e-05, 0.00010768161882879212, 0.000216212822124362, 3.805247615673579e-05, 3.4391236113151535e-05, 0.00012729944137390703, 1.7816360923461616e-05, 8.165702070073166e-07, 3.145350717659312e-07, 2.3637321078240348e-07, 3.705369806539238e-07, 2.6619323989507393e-07, 1.942404281862764e-07, 2.005304224894644e-07, 1.5428042843268486e-07, 1.2664024495734338e-07, 1.2878118127446214e-07, 1.2828469664327713e-07, 1.825495274943023e-07, 1.5677214548759366e-07, 1.1450160997128478e-07, 1.4365508604896604e-07, 1.8495393305784091e-07, 1.5770832817452174e-07, 1.5705543887634121e-07, 1.40641446932932e-07, 1.2130998072734656e-07, 1.0454397880721444e-07, 1.2827834439121943e-07, 1.3956010036508815e-07, 1.1060303961585305e-07, 1.46769423281512e-07, 1.5820798182630824e-07, 1.0978503439673659e-07, 1.463303647142311e-07, 1.4533954129092308e-07, 1.6951300096934574e-07, 1.9966223874234856e-07, 2.3518896341556683e-07, 2.9386907840489584e-07, 3.057282071949885e-07, 3.681443274672347e-07, 3.714017680067627e-07, 2.6730015179055044e-07, 2.053309060556785e-07, 2.3311027064210066e-07, 2.932312384018587e-07, 3.0759815672354307e-07, 3.627029627750744e-07, 3.920009419289272e-07, 4.7052915874701284e-07, 5.952150559096481e-07, 2.5491732458249317e-07, 2.1434736652281572e-07, 3.0923666827220586e-07, 2.599094841571059e-07, 1.3896368500354583e-07, 1.137952025942468e-07, 9.87946719988031e-08, 1.1723998483148534e-07, 9.999166650231928e-08, 9.014845403498839e-08, 9.391160915583896e-08, 1.0176113107718265e-07, 1.2400376192545082e-07, 1.8373202692600898e-07, 1.5852675971927965e-07, 1.6582374939844158e-07, 1.9391892180919967e-07, 2.3799265136403847e-07, 2.0143218648627226e-07, 2.9878202667532605e-07, 2.799208687065402e-07, 4.690070909418864e-08, 7.36841476722816e-10, 2.1094055668857692e-10, 2.351810413081523e-10, 2.757850024737163e-11, 2.0077227640830086e-12, 1.9335804658793254e-12, 1.8771893761648784e-12, 1.8071464463753628e-12, 1.7664400758093945e-12, 1.7522217400992024e-12], "lowlevel.melbands128.stdev": [3.344163269503042e-05, 0.00015258588246069849, 0.0006214921013452113, 0.0010347338393330574, 0.00100686214864254, 0.0008875931380316615, 0.0006362401763908565, 0.0003114557475782931, 0.00028918939642608166, 0.00025983029627241194, 0.00011929903121199459, 7.488649134756997e-05, 0.00018351635662838817, 0.0016356254927814007, 0.0015019332058727741, 0.0020958094391971827, 0.0020661265589296818, 0.00029477744828909636, 6.524901982629672e-05, 4.2673251300584525e-05, 4.6257784561021253e-05, 1.452870674256701e-05, 1.3284430679050274e-05, 6.5255148911091965e-06, 4.74765693070367e-06, 4.301532953832066e-06, 6.677752480754862e-06, 1.0117239980900194e-05, 7.781971362419426e-06, 7.579977591376519e-06, 7.1486579145130236e-06, 0.00012654192687477916, 0.00042187224607914686, 0.001021818839944899, 0.0007987587596289814, 0.0013424188364297152, 0.002618176629766822, 0.001107697025872767, 0.001415760605596006, 0.0009026782936416566, 0.0013526278780773282, 0.001974420854821801, 0.0012049051001667976, 0.0026351523119956255, 0.000500608584843576, 0.0005853071343153715, 0.0011962034041061997, 0.0004320524458307773, 0.00029510940657928586, 0.0011028536828234792, 0.00016974157188087702, 6.696467607980594e-06, 1.0766124205474625e-06, 8.465255518785852e-07, 2.572857511040638e-06, 1.537250909677823e-06, 6.264373837439052e-07, 6.196282811288256e-07, 4.736783694170299e-07, 4.3847518327311263e-07, 4.372996613710711e-07, 3.9847250832281134e-07, 7.745702532702126e-07, 4.84150064039568e-07, 3.7833436294931744e-07, 4.3246805603303073e-07, 7.755253363939119e-07, 6.223531840987562e-07, 5.028954888075532e-07, 4.596354870045616e-07, 4.321516087202326e-07, 3.7151193055251497e-07, 4.0247093124889943e-07, 4.348650577412627e-07, 4.4531992671181797e-07, 5.788204475720704e-07, 4.778618745149288e-07, 3.8470756180686294e-07, 4.85261239191459e-07, 5.849020112691505e-07, 6.179812430673337e-07, 7.253418061736738e-07, 8.358600211977318e-07, 8.519738230461371e-07, 8.880021482582379e-07, 1.0458459200890502e-06, 1.1553739795999718e-06, 8.153765520546585e-07, 7.739719194432837e-07, 7.891589461905824e-07, 8.611206112618675e-07, 1.0097312497236999e-06, 1.3104548770570545e-06, 1.3266562746139243e-06, 1.5495284060307313e-06, 1.8885174313254538e-06, 7.493304110539611e-07, 7.779047450640064e-07, 1.0616862482493161e-06, 9.848178024185472e-07, 5.250062713457737e-07, 4.751867663799203e-07, 3.5201352943659003e-07, 4.4015382627549116e-07, 3.9064161683199927e-07, 3.3740661820047535e-07, 3.9911876115183986e-07, 4.132042192850349e-07, 4.783163376487209e-07, 7.525468959102e-07, 6.211799359334691e-07, 5.93563584061485e-07, 7.121291218936676e-07, 7.591444841636985e-07, 7.067657179504749e-07, 1.0280983815391664e-06, 1.0728045936048147e-06, 2.0638165665332053e-07, 1.1742936401049064e-08, 8.365703685342396e-09, 9.52157641620488e-09, 1.0533141026058956e-09, 4.181658925378473e-12, 3.8493149639995394e-12, 3.7908881762860336e-12, 3.743229684549654e-12, 3.709551329306171e-12, 3.688787556660467e-12], "lowlevel.mfcc.mean": [-848.0198364257812, 109.94859313964844, 15.397289276123047, -20.118989944458008, 1.0326194763183594, 14.012310981750488, -22.095989227294922, -32.77354049682617, -34.425987243652344, -4.195152282714844, 2.949601173400879, 8.19177532196045, 9.27132511138916], "lowlevel.spectral_contrast_coeffs.mean": [-0.7171856760978699, -0.6010442972183228, -0.778540849685669, -0.715873122215271, -0.8531212210655212, -0.8013128042221069], "lowlevel.spectral_contrast_coeffs.stdev": [0.1188780665397644, 0.09503552317619324, 0.12145984172821045, 0.1472780853509903, 0.02903721109032631, 0.03766268491744995], "lowlevel.spectral_contrast_valleys.mean": [-9.472555160522461, -8.80240249633789, -9.39451789855957, -9.537826538085938, -10.003299713134766, -11.837604522705078], "lowlevel.spectral_contrast_valleys.stdev": [1.4430664777755737, 0.8602228164672852, 0.9076048135757446, 0.9260428547859192, 0.9564972519874573, 1.1421860456466675], "rhythm.beats_loudness_band_ratio.mean": [0.014087483286857605, 0.5778892636299133, 0.28108835220336914, 0.24503329396247864, 0.10796252638101578, 0.023496253415942192], "rhythm.beats_loudness_band_ratio.stdev": [0.03194921463727951, 0.29818588495254517, 0.2486146241426468, 0.3186882436275482, 0.22072963416576385, 0.04727774113416672], "tonal.hpcp.mean": [0.10691394656896591, 0.04382707178592682, 0.012478032149374485, 0.008883009664714336, 0.00989031232893467, 0.041799452155828476, 0.06403036415576935, 0.03873316943645477, 0.0485004223883152, 0.06269057095050812, 0.036128681153059006, 0.02127664163708687, 0.01774509996175766, 0.01759866066277027, 0.06727864593267441, 0.11095689982175827, 0.06532163918018341, 0.01720244064927101, 0.015752926468849182, 0.019949696958065033, 0.06472157686948776, 0.12111935764551163, 0.08235489577054977, 0.05326083302497864, 0.06780713051557541, 0.049973029643297195, 0.1194966658949852, 0.20098040997982025, 0.1433258354663849, 0.29595378041267395, 0.48652133345603943, 0.25122737884521484, 0.026151303201913834, 0.013890647329390049, 0.017328348010778427, 0.08242448419332504], "tonal.hpcp.stdev": [0.25392621755599976, 0.12540751695632935, 0.0810810849070549, 0.05878598988056183, 0.06509961187839508, 0.14532697200775146, 0.2106563299894333, 0.13348618149757385, 0.14954450726509094, 0.19275350868701935, 0.14100460708141327, 0.10571474581956863, 0.10496321320533752, 0.09894668310880661, 0.1862679421901703, 0.2825148403644562, 0.18478970229625702, 0.10228469967842102, 0.08356473594903946, 0.11432651430368423, 0.1591738760471344, 0.2817530035972595, 0.18534445762634277, 0.1794719398021698, 0.22035035490989685, 0.1552569419145584, 0.23665326833724976, 0.3618636727333069, 0.23550227284431458, 0.3161149024963379, 0.44701793789863586, 0.2835782766342163, 0.10473388433456421, 0.07587580382823944, 0.07196570932865143, 0.2047329694032669], "rhythm.beats_position": [0.5804988741874695, 1.195827603340149, 1.7879364490509033, 2.3684353828430176, 2.937324285507202, 3.5178229808807373, 4.098321914672852, 4.667210578918457, 5.24770975112915, 5.839818477630615, 6.42031717300415, 6.989206314086914, 7.569705009460449, 8.150203704833984, 8.73070240020752, 9.299592018127441, 9.868480682373047, 10.448979377746582, 11.029478073120117, 11.609976768493652, 12.178866386413574, 12.74775505065918, 13.328253746032715, 13.90875244140625, 14.489251136779785, 15.06974983215332, 15.638639450073242, 16.20752716064453, 16.788026809692383, 17.368526458740234, 17.949024200439453, 18.517913818359375, 19.098411560058594, 19.667301177978516, 20.247800827026367, 20.828298568725586, 21.408798217773438, 21.989295959472656, 22.569795608520508, 23.15029525756836, 23.71918296813965, 24.28807258605957, 24.86857032775879, 25.44906997680664, 26.029569625854492, 26.59845733642578, 27.167346954345703, 27.747844696044922, 28.328344345092773, 28.908842086791992, 29.489341735839844, 30.069841384887695, 30.650339126586914, 31.219228744506836, 31.788116455078125, 32.36861801147461, 32.94911575317383, 33.52961349487305, 34.110111236572266, 34.67900085449219, 35.24789047241211, 35.82838821411133, 36.40888977050781, 36.98938751220703, 37.56988525390625, 38.13877487182617, 38.71927261352539, 39.299774169921875, 39.880271911621094], "rhythm.bpm_histogram": [0.0, 0.0, 0.0, 0.0, 0.0, 0.0, 0.0, 0.0, 0.0, 0.0, 0.0, 0.0, 0.0, 0.0, 0.0, 0.0, 0.0, 0.0, 0.0, 0.0, 0.0, 0.0, 0.0, 0.0, 0.0, 0.0, 0.0, 0.0, 0.0, 0.0, 0.0, 0.0, 0.0, 0.0, 0.0, 0.0, 0.0, 0.0, 0.0, 0.0, 0.0, 0.0, 0.0, 0.0, 0.0, 0.0, 0.0, 0.0, 0.0, 0.0, 0.0, 0.0, 0.0, 0.0, 0.0, 0.0, 0.0, 0.0, 0.0, 0.0, 0.0, 0.0, 0.0, 0.0, 0.0, 0.0, 0.0, 0.0, 0.0, 0.0, 0.0, 0.0, 0.0, 0.0, 0.0, 0.0, 0.0, 0.0, 0.0, 0.0, 0.0, 0.0, 0.0, 0.0, 0.0, 0.0, 0.0, 0.0, 0.0, 0.0, 0.0, 0.0, 0.0, 0.0, 0.0, 0.0, 0.0, 0.0, 0.014705882407724857, 0.0, 0.0, 0.029411764815449715, 0.0, 0.6617646813392639, 0.0, 0.29411765933036804, 0.0, 0.0, 0.0, 0.0, 0.0, 0.0, 0.0, 0.0, 0.0, 0.0, 0.0, 0.0, 0.0, 0.0, 0.0, 0.0, 0.0, 0.0, 0.0, 0.0, 0.0, 0.0, 0.0, 0.0, 0.0, 0.0, 0.0, 0.0, 0.0, 0.0, 0.0, 0.0, 0.0, 0.0, 0.0, 0.0, 0.0, 0.0, 0.0, 0.0, 0.0, 0.0, 0.0, 0.0, 0.0, 0.0, 0.0, 0.0, 0.0, 0.0, 0.0, 0.0, 0.0, 0.0, 0.0, 0.0, 0.0, 0.0, 0.0, 0.0, 0.0, 0.0, 0.0, 0.0, 0.0, 0.0, 0.0, 0.0, 0.0, 0.0, 0.0, 0.0, 0.0, 0.0, 0.0, 0.0, 0.0, 0.0, 0.0, 0.0, 0.0, 0.0, 0.0, 0.0, 0.0, 0.0, 0.0, 0.0, 0.0, 0.0, 0.0, 0.0, 0.0, 0.0, 0.0, 0.0, 0.0, 0.0, 0.0, 0.0, 0.0, 0.0, 0.0, 0.0, 0.0, 0.0, 0.0, 0.0, 0.0, 0.0, 0.0, 0.0, 0.0, 0.0, 0.0, 0.0, 0.0, 0.0, 0.0, 0.0, 0.0, 0.0, 0.0, 0.0, 0.0, 0.0, 0.0, 0.0, 0.0, 0.0, 0.0, 0.0, 0.0, 0.0, 0.0, 0.0, 0.0, 0.0, 0.0, 0.0, 0.0, 0.0, 0.0, 0.0], "tonal.chords_histogram": [22.685184478759766, 4.282407283782959, 13.425926208496094, 4.166666507720947, 0.0, 0.0, 0.0, 0.0, 1.2731481790542603, 0.23148147761821747, 0.0, 0.0, 0.0, 0.6944444179534912, 0.0, 0.0, 0.0, 1.0416666269302368, 0.0, 0.0, 6.481481552124023, 0.0, 24.421297073364258, 21.296297073364258], "tonal.thpcp": [1.0, 0.5163748264312744, 0.05375160649418831, 0.028550952672958374, 0.03561682999134064, 0.16941596567630768, 0.21975181996822357, 0.09008252620697021, 0.025647452101111412, 0.018258212134242058, 0.02032862976193428, 0.08591493964195251, 0.13160854578018188, 0.07961247861385345, 0.09968817234039307, 0.12885472178459167, 0.0742591917514801, 0.043732184916734695, 0.03647342696785927, 0.03617243468761444, 0.1382850855588913, 0.2280617356300354, 0.13426263630390167, 0.035358041524887085, 0.03237869590520859, 0.04100477322936058, 0.1330292671918869, 0.24894973635673523, 0.16927294433116913, 0.10947275906801224, 0.1393713355064392, 0.10271497815847397, 0.2456144392490387, 0.4130968153476715, 0.29459312558174133, 0.6083058714866638], "lowlevel.gfcc.cov": [[8167.931640625, -918.8092651367188, 1318.364501953125, 1182.4959716796875, 901.0147705078125, 596.3698120117188, -30.929073333740234, 75.23475646972656, -219.59730529785156, -194.6659393310547, -745.4127807617188, -173.61093139648438, -330.95208740234375], [-918.8092651367188, 1946.303955078125, -516.467041015625, -246.68133544921875, 295.332763671875, 96.96697235107422, 146.94955444335938, -293.8502502441406, 161.56463623046875, -54.56423568725586, 347.4633483886719, -155.43820190429688, 153.367919921875], [1318.364501953125, -516.467041015625, 1985.7957763671875, 1259.152587890625, 21.20023536682129, 195.69386291503906, 363.4916076660156, 669.6124877929688, -40.94198226928711, -138.31033325195312, -352.7175598144531, 191.32733154296875, -248.4547882080078], [1182.4959716796875, -246.68133544921875, 1259.152587890625, 1411.8604736328125, 371.7358093261719, 201.05807495117188, 155.7995147705078, 505.7868957519531, 237.8973846435547, -91.98723602294922, -422.1042785644531, -62.927574157714844, -149.71945190429688], [901.0147705078125, 295.332763671875, 21.20023536682129, 371.7358093261719, 1094.9703369140625, 474.2930908203125, -104.39349365234375, -146.33236694335938, 241.68922424316406, 206.89151000976562, -165.82733154296875, -322.90924072265625, -62.78582000732422], [596.3698120117188, 96.96697235107422, 195.69386291503906, 201.05807495117188, 474.2930908203125, 592.9600219726562, 203.5198974609375, -48.02058029174805, -24.361387252807617, 77.72371673583984, 41.491024017333984, -87.76890563964844, -150.4524688720703], [-30.929073333740234, 146.94955444335938, 363.4916076660156, 155.7995147705078, -104.39349365234375, 203.5198974609375, 530.632080078125, 259.30218505859375, -185.2127685546875, -181.36878967285156, 109.91775512695312, 178.88255310058594, -94.90768432617188], [75.23475646972656, -293.8502502441406, 669.6124877929688, 505.7868957519531, -146.33236694335938, -48.02058029174805, 259.30218505859375, 539.052978515625, -18.136533737182617, -148.57492065429688, -211.5640106201172, 135.72061157226562, -36.19706344604492], [-219.59730529785156, 161.56463623046875, -40.94198226928711, 237.8973846435547, 241.68922424316406, -24.361387252807617, -185.2127685546875, -18.136533737182617, 413.8109130859375, 149.11264038085938, -51.501163482666016, -168.72744750976562, 39.859039306640625], [-194.6659393310547, -54.56423568725586, -138.31033325195312, -91.98723602294922, 206.89151000976562, 77.72371673583984, -181.36878967285156, -148.57492065429688, 149.11264038085938, 343.3212585449219, 88.8586654663086, -132.63156127929688, -60.6023063659668], [-745.4127807617188, 347.4633483886719, -352.7175598144531, -422.1042785644531, -165.82733154296875, 41.491024017333984, 109.91775512695312, -211.5640106201172, -51.501163482666016, 88.8586654663086, 431.76806640625, 76.62957763671875, -16.787633895874023], [-173.61093139648438, -155.43820190429688, 191.32733154296875, -62.927574157714844, -322.90924072265625, -87.76890563964844, 178.88255310058594, 135.72061157226562, -168.72744750976562, -132.63156127929688, 76.62957763671875, 263.46588134765625, 24.693058013916016], [-330.95208740234375, 153.367919921875, -248.4547882080078, -149.71945190429688, -62.78582000732422, -150.4524688720703, -94.90768432617188, -36.19706344604492, 39.859039306640625, -60.6023063659668, -16.787633895874023, 24.693058013916016, 182.4589080810547]], "lowlevel.gfcc.icov": [[0.00020912595209665596, 6.364455475704744e-05, -9.290665184380487e-05, -7.558610377600417e-05, -0.0001316182897426188, -3.134706275886856e-05, 2.4461538487230428e-05, 0.0003214798343833536, 0.00014791484863962978, 0.00020830516587011516, 0.0002504045842215419, -2.1704934624722227e-05, 0.0002055023069260642], [6.364455475704744e-05, 0.0012941432651132345, -0.0004197419621050358, 3.7227240682113916e-05, -0.0005150565411895514, 0.000563237234018743, -0.0012157824821770191, 0.0006935832207091153, -0.00020085401774849743, 0.0008665556670166552, -0.0014768335968255997, 0.0020497897639870644, -0.0018025771714746952], [-9.290665184380487e-05, -0.0004197419621050358, 0.00230638450011611, -0.001625856733880937, 0.000364549458026886, -0.0004182166594546288, 0.0005450309836305678, -0.0008763766381889582, 0.0004444476799108088, -0.0009229812421835959, 0.0008613101672381163, -0.0025924891233444214, 0.0019074713345617056], [-7.558610377600417e-05, 3.7227240682113916e-05, -0.001625856733880937, 0.003555419621989131, -0.0006067240610718727, -0.00021588322124443948, 0.00011746754898922518, -0.001139300293289125, -0.0021382560953497887, 0.001538325217552483, 0.0004950521979480982, 0.0008713675779290497, 0.0008890936733223498], [-0.0001316182897426188, -0.0005150565411895514, 0.000364549458026886, -0.0006067240610718727, 0.0031970071140676737, -0.0021093052346259356, -0.00039958255365490913, 0.0007680814014747739, -0.0003847207117360085, -0.001732165808789432, 0.0019535336177796125, 0.0006894508260302246, -0.0009067425853572786], [-3.134706275886856e-05, 0.000563237234018743, -0.0004182166594546288, -0.00021588322124443948, -0.0021093052346259356, 0.005288376938551664, -0.0034209340810775757, 0.0019054888980463147, 0.0005610370426438749, -0.0005842659738846123, -0.0005981817957945168, 0.0012819888070225716, 0.0004113792674615979], [2.4461538487230428e-05, -0.0012157824821770191, 0.0005450309836305678, 0.00011746754898922518, -0.00039958255365490913, -0.0034209340810775757, 0.010606187395751476, -0.0064077675342559814, 0.0014596197288483381, 0.00395727576687932, -0.0040479907765984535, -0.0028885214123874903, 0.004206217359751463], [0.0003214798343833536, 0.0006935832207091153, -0.0008763766381889582, -0.001139300293289125, 0.0007680814014747739, 0.0019054888980463147, -0.0064077675342559814, 0.009174883365631104, -0.0011954116635024548, -0.0019904361106455326, 0.004751942120492458, -0.0008084072032943368, -0.0016588281141594052], [0.00014791484863962978, -0.00020085401774849743, 0.0004444476799108088, -0.0021382560953497887, -0.0003847207117360085, 0.0005610370426438749, 0.0014596197288483381, -0.0011954116635024548, 0.006292175035923719, -0.0016953179147094488, -0.0018900797003880143, 0.0024271111469715834, -0.002299947664141655], [0.00020830516587011516, 0.0008665556670166552, -0.0009229812421835959, 0.001538325217552483, -0.001732165808789432, -0.0005842659738846123, 0.00395727576687932, -0.0019904361106455326, -0.0016953179147094488, 0.008811851032078266, -0.004455061629414558, 0.0020864407997578382, 0.0028454912826418877], [0.0002504045842215419, -0.0014768335968255997, 0.0008613101672381163, 0.0004950521979480982, 0.0019535336177796125, -0.0005981817957945168, -0.0040479907765984535, 0.004751942120492458, -0.0018900797003880143, -0.004455061629414558, 0.011108712293207645, -0.0056847454980015755, 0.003015342401340604], [-2.1704934624722227e-05, 0.0020497897639870644, -0.0025924891233444214, 0.0008713675779290497, 0.0006894508260302246, 0.0012819888070225716, -0.0028885214123874903, -0.0008084072032943368, 0.0024271111469715834, 0.0020864407997578382, -0.0056847454980015755, 0.01568545214831829, -0.007429092191159725], [0.0002055023069260642, -0.0018025771714746952, 0.0019074713345617056, 0.0008890936733223498, -0.0009067425853572786, 0.0004113792674615979, 0.004206217359751463, -0.0016588281141594052, -0.002299947664141655, 0.0028454912826418877, 0.003015342401340604, -0.007429092191159725, 0.01531198713928461]], "lowlevel.mfcc.cov": [[7727.50341796875, -933.0711669921875, 850.2922973632812, 777.6298828125, 882.4957885742188, 553.654296875, 327.0537414550781, 378.0739440917969, 405.7617492675781, 171.56085205078125, -261.4330749511719, -441.5912780761719, -267.7218933105469], [-933.0711669921875, 1529.581787109375, -487.4468078613281, -250.7023162841797, -56.85615921020508, 154.2225799560547, 73.6810531616211, -133.31031799316406, -165.72120666503906, -70.73819732666016, 121.62494659423828, 92.2310791015625, 20.862287521362305], [850.2922973632812, -487.4468078613281, 1285.750244140625, 704.7254638671875, 253.6991729736328, 35.34159851074219, 200.86117553710938, 494.65887451171875, 255.80862426757812, 58.224117279052734, -107.60149383544922, 90.07391357421875, 21.999759674072266], [777.6298828125, -250.7023162841797, 704.7254638671875, 851.7638549804688, 428.1708679199219, 72.61804962158203, 56.69940948486328, 331.6823425292969, 378.0197448730469, 220.9896240234375, -96.30669403076172, -90.50875091552734, -22.24970817565918], [882.4957885742188, -56.85615921020508, 253.6991729736328, 428.1708679199219, 806.0700073242188, 492.6251525878906, 56.22361755371094, -25.562875747680664, 258.69610595703125, 416.1336669921875, 107.90071868896484, -231.17730712890625, -192.70877075195312], [553.654296875, 154.2225799560547, 35.34159851074219, 72.61804962158203, 492.6251525878906, 611.9100952148438, 202.1404571533203, -52.00651168823242, -3.720428943634033, 232.42141723632812, 193.97698974609375, -31.77911376953125, -126.43388366699219], [327.0537414550781, 73.6810531616211, 200.86117553710938, 56.69940948486328, 56.22361755371094, 202.1404571533203, 480.71051025390625, 283.3273620605469, 8.335297584533691, -104.84927368164062, 69.03684997558594, 189.11151123046875, 90.52568817138672], [378.0739440917969, -133.31031799316406, 494.65887451171875, 331.6823425292969, -25.562875747680664, -52.00651168823242, 283.3273620605469, 562.2142944335938, 216.89268493652344, -104.14977264404297, -165.0678253173828, 126.48404693603516, 177.084228515625], [405.7617492675781, -165.72120666503906, 255.80862426757812, 378.0197448730469, 258.69610595703125, -3.720428943634033, 8.335297584533691, 216.89268493652344, 407.9042663574219, 182.88429260253906, -122.90364837646484, -167.29653930664062, 19.694658279418945], [171.56085205078125, -70.73819732666016, 58.224117279052734, 220.9896240234375, 416.1336669921875, 232.42141723632812, -104.84927368164062, -104.14977264404297, 182.88429260253906, 451.7105712890625, 160.12451171875, -169.3061065673828, -181.31809997558594], [-261.4330749511719, 121.62494659423828, -107.60149383544922, -96.30669403076172, 107.90071868896484, 193.97698974609375, 69.03684997558594, -165.0678253173828, -122.90364837646484, 160.12451171875, 339.9876708984375, 115.93374633789062, -107.88633728027344], [-441.5912780761719, 92.2310791015625, 90.07391357421875, -90.50875091552734, -231.17730712890625, -31.77911376953125, 189.11151123046875, 126.48404693603516, -167.29653930664062, -169.3061065673828, 115.93374633789062, 368.08428955078125, 149.0164337158203], [-267.7218933105469, 20.862287521362305, 21.999759674072266, -22.24970817565918, -192.70877075195312, -126.43388366699219, 90.52568817138672, 177.084228515625, 19.694658279418945, -181.31809997558594, -107.88633728027344, 149.0164337158203, 275.45501708984375]], "lowlevel.mfcc.icov": [[0.00019465142395347357, 0.00010589243902359158, -3.560704044502927e-06, -8.129571506287903e-05, -9.582755592418835e-05, -0.0001469905982958153, -0.0001060663053067401, -6.876375118736178e-05, 3.391184873180464e-05, 0.00020767006208188832, 9.358887473354116e-05, 0.00020105598377995193, 0.00018160093168262392], [0.00010589243902359158, 0.0008772914879955351, 0.00042128501809202135, -0.00022855235147289932, 5.5855266509752255e-06, -0.0004234850639477372, -4.590980097418651e-06, -0.0001157898223027587, 1.0715848475228995e-05, 0.0003862500307150185, -8.092365169432014e-05, -9.226606198353693e-05, 0.00014154535892885178], [-3.560704044502927e-06, 0.00042128501809202135, 0.002182289958000183, -0.0012857442488893867, -0.00046292124898172915, 9.430048521608114e-05, 0.0001336106361122802, -0.0012178481556475163, 0.00047959305811673403, 0.00015727982099633664, 0.0004732924862764776, -0.0011693823616951704, 0.0010321540758013725], [-8.129571506287903e-05, -0.00022855235147289932, -0.0012857442488893867, 0.0042865765281021595, -0.002284984104335308, 0.0012498055584728718, 0.0007639217074029148, -0.0011451286263763905, -0.0012972052209079266, -0.00036040376289747655, 0.0002647780056577176, -0.0009708916768431664, 0.0003318894887343049], [-9.582755592418835e-05, 5.5855266509752255e-06, -0.00046292124898172915, -0.002284984104335308, 0.00776494387537241, -0.004781135357916355, -0.000643397041130811, 0.0021950991358608007, -0.0022236211225390434, -0.001495898119173944, -0.00019258016254752874, 0.0018881616415455937, -0.0001256457471754402], [-0.0001469905982958153, -0.0004234850639477372, 9.430048521608114e-05, 0.0012498055584728718, -0.004781135357916355, 0.007035674061626196, -0.0026117111556231976, -0.00039104721508920193, 0.0031557984184473753, -0.002237956738099456, 0.0004195330839138478, -0.00026455640909262, -0.00041450560092926025], [-0.0001060663053067401, -4.590980097418651e-06, 0.0001336106361122802, 0.0007639217074029148, -0.000643397041130811, -0.0026117111556231976, 0.007349551655352116, -0.004219645168632269, -0.001530841225758195, 0.0042489198967814445, -0.003985365387052298, -0.0004984379629604518, 0.00021177285816520452], [-6.876375118736178e-05, -0.0001157898223027587, -0.0012178481556475163, -0.0011451286263763905, 0.0021950991358608007, -0.00039104721508920193, -0.004219645168632269, 0.008835882879793644, -0.003415741492062807, -0.0014443815452978015, 0.004263435956090689, -0.002944165375083685, -0.0004347044450696558], [3.391184873180464e-05, 1.0715848475228995e-05, 0.00047959305811673403, -0.0012972052209079266, -0.0022236211225390434, 0.0031557984184473753, -0.001530841225758195, -0.003415741492062807, 0.010891766287386417, -0.004626470152288675, 0.0009864707244560122, 0.004272584803402424, -0.0032682146411389112], [0.00020767006208188832, 0.0003862500307150185, 0.00015727982099633664, -0.00036040376289747655, -0.001495898119173944, -0.002237956738099456, 0.0042489198967814445, -0.0014443815452978015, -0.004626470152288675, 0.011115295812487602, -0.0067959497682750225, 0.001682200818322599, 0.0016649928875267506], [9.358887473354116e-05, -8.092365169432014e-05, 0.0004732924862764776, 0.0002647780056577176, -0.00019258016254752874, 0.0004195330839138478, -0.003985365387052298, 0.004263435956090689, 0.0009864707244560122, -0.0067959497682750225, 0.013275817967951298, -0.007710094563663006, 0.0035341461189091206], [0.00020105598377995193, -9.226606198353693e-05, -0.0011693823616951704, -0.0009708916768431664, 0.0018881616415455937, -0.00026455640909262, -0.0004984379629604518, -0.002944165375083685, 0.004272584803402424, 0.001682200818322599, -0.007710094563663006, 0.012926128692924976, -0.005737321451306343], [0.00018160093168262392, 0.00014154535892885178, 0.0010321540758013725, 0.0003318894887343049, -0.0001256457471754402, -0.00041450560092926025, 0.00021177285816520452, -0.0004347044450696558, -0.0032682146411389112, 0.0016649928875267506, 0.0035341461189091206, -0.005737321451306343, 0.009489867836236954]], "metadata.audio_properties.analysis.downmix": "mix", "metadata.audio_properties.codec": "mp3", "metadata.audio_properties.md5_e