{"song_id": "1182270112225570826", "download": "https://cdn.discordapp.com/attachments/1128313332273782784/1182270112225570826/chirp.mp4?ex=658415d8&amp", "lyrics": "[verso]Estou cansada do meu carro, ja pensei em vender, mas o dinheiro que eu poderia pegar, n\u00e3o vai valer.\nConheci uma empresa, chamada overs\u00e1ine que faz customiza\u00e7\u00f5es.\nVou deixar meu carro la, pra ficar como sonhei quando comprei.\n[refr\u00e3o]Oh Oh Oh Oh OVERS\u00c1INE\nOh Oh Oh Oh OVERS\u00c1INE\n\n[verso]Deixei meu carro com o Vannucci, que me prometeu fazer, um trabalho muito bom, pro meu carro aparecer.\nEm apenas sete dias meu carro sera transformado, n\u00e3o vejo a hora de ver ele novamente\n[refrao]Oh Oh Oh Oh OVERS\u00c1INE\nOH OH OH OH OVERS\u00c1INE\n\n[verso] Hoje vou buscar meu carro com novo visual na overs\u00e1ine. Estou com tanta curiosidade para ver pronto.\n\nUAU, QUE LINDO, Amei\nParab\u00e9ns, meu sonho esta realizado.\n\n[refr\u00e3o] Oh Oh OH Oh Overs\u00e1ine", "style": ["africana"], "essentia_features": {"lowlevel.average_loudness": 0.3342079222202301, "lowlevel.barkbands_crest.mean": 11.070155143737793, "lowlevel.barkbands_crest.stdev": 5.439884185791016, "lowlevel.barkbands_flatness_db.mean": 0.15404587984085083, "lowlevel.barkbands_flatness_db.stdev": 0.06805644929409027, "lowlevel.barkbands_kurtosis.mean": 4.544938564300537, "lowlevel.barkbands_kurtosis.stdev": 12.29936695098877, "lowlevel.barkbands_skewness.mean": 1.0365484952926636, "lowlevel.barkbands_skewness.stdev": 1.7305701971054077, "lowlevel.barkbands_spread.mean": 24.838314056396484, "lowlevel.barkbands_spread.stdev": 14.951203346252441, "lowlevel.dissonance.mean": 0.46132999658584595, "lowlevel.dissonance.stdev": 0.04137657582759857, "lowlevel.dynamic_complexity": 4.6886773109436035, "lowlevel.erbbands_crest.mean": 10.959487915039062, "lowlevel.erbbands_crest.stdev": 5.675971031188965, "lowlevel.erbbands_flatness_db.mean": 0.19220000505447388, "lowlevel.erbbands_flatness_db.stdev": 0.06103263795375824, "lowlevel.erbbands_kurtosis.mean": 1.4780945777893066, "lowlevel.erbbands_kurtosis.stdev": 3.754917621612549, "lowlevel.erbbands_skewness.mean": 0.4746876657009125, "lowlevel.erbbands_skewness.stdev": 1.118436336517334, "lowlevel.erbbands_spread.mean": 34.36553192138672, "lowlevel.erbbands_spread.stdev": 16.442134857177734, "lowlevel.hfc.mean": 28.76461410522461, "lowlevel.hfc.stdev": 30.587886810302734, "lowlevel.loudness_ebu128.integrated": -15.5814847946167, "lowlevel.loudness_ebu128.loudness_range": 7.303488731384277, "lowlevel.loudness_ebu128.momentary.mean": -17.413660049438477, "lowlevel.loudness_ebu128.momentary.stdev": 5.5135087966918945, "lowlevel.loudness_ebu128.short_term.mean": -16.469860076904297, "lowlevel.loudness_ebu128.short_term.stdev": 2.6102676391601562, "lowlevel.melbands_crest.mean": 15.76859188079834, "lowlevel.melbands_crest.stdev": 8.66866683959961, "lowlevel.melbands_flatness_db.mean": 0.15356510877609253, "lowlevel.melbands_flatness_db.stdev": 0.08576692640781403, "lowlevel.melbands_kurtosis.mean": 11.896915435791016, "lowlevel.melbands_kurtosis.stdev": 21.125661849975586, "lowlevel.melbands_skewness.mean": 2.151780605316162, "lowlevel.melbands_skewness.stdev": 2.02445912361145, "lowlevel.melbands_spread.mean": 40.48678207397461, "lowlevel.melbands_spread.stdev": 36.00092697143555, "lowlevel.pitch_salience.mean": 0.5523785352706909, "lowlevel.pitch_salience.stdev": 0.16061095893383026, "lowlevel.silence_rate_20dB.mean": 1.0, "lowlevel.silence_rate_20dB.stdev": 0.0, "lowlevel.silence_rate_30dB.mean": 0.9768250584602356, "lowlevel.silence_rate_30dB.stdev": 0.1504589319229126, "lowlevel.silence_rate_60dB.mean": 0.19698725640773773, "lowlevel.silence_rate_60dB.stdev": 0.39772623777389526, "lowlevel.spectral_centroid.mean": 2072.797607421875, "lowlevel.spectral_centroid.stdev": 1020.7923583984375, "lowlevel.spectral_complexity.mean": 15.22537612915039, "lowlevel.spectral_complexity.stdev": 10.171746253967285, "lowlevel.spectral_decrease.mean": -5.764691834997393e-09, "lowlevel.spectral_decrease.stdev": 7.909517485416018e-09, "lowlevel.spectral_energy.mean": 0.024366319179534912, "lowlevel.spectral_energy.stdev": 0.031002076342701912, "lowlevel.spectral_energyband_high.mean": 0.0018560929456725717, "lowlevel.spectral_energyband_high.stdev": 0.003088191384449601, "lowlevel.spectral_energyband_low.mean": 0.00868363305926323, "lowlevel.spectral_energyband_low.stdev": 0.0251794271171093, "lowlevel.spectral_energyband_middle_high.mean": 0.005340241361409426, "lowlevel.spectral_energyband_middle_high.stdev": 0.006282298360019922, "lowlevel.spectral_energyband_middle_low.mean": 0.008585783652961254, "lowlevel.spectral_energyband_middle_low.stdev": 0.011895271018147469, "lowlevel.spectral_entropy.mean": 7.798568248748779, "lowlevel.spectral_entropy.stdev": 0.5818352699279785, "lowlevel.spectral_flux.mean": 0.08204914629459381, "lowlevel.spectral_flux.stdev": 0.05903766304254532, "lowlevel.spectral_kurtosis.mean": 2.754941701889038, "lowlevel.spectral_kurtosis.stdev": 2.704902172088623, "lowlevel.spectral_rms.mean": 0.004041165579110384, "lowlevel.spectral_rms.stdev": 0.002727820770815015, "lowlevel.spectral_rolloff.mean": 3272.47216796875, "lowlevel.spectral_rolloff.stdev": 3090.77783203125, "lowlevel.spectral_skewness.mean": 1.3515368700027466, "lowlevel.spectral_skewness.stdev": 0.47524747252464294, "lowlevel.spectral_spread.mean": 5740631.0, "lowlevel.spectral_spread.stdev": 1791363.25, "lowlevel.spectral_strongpeak.mean": 1.4862287044525146, "lowlevel.spectral_strongpeak.stdev": 1.5205494165420532, "lowlevel.zerocrossingrate.mean": 0.11814765632152557, "lowlevel.zerocrossingrate.stdev": 0.08562907576560974, "metadata.audio_properties.analysis.equal_loudness": 0.0, "metadata.audio_properties.analysis.length": 40.04265213012695, "metadata.audio_properties.analysis.sample_rate": 44100.0, "metadata.audio_properties.analysis.start_time": 0.0, "metadata.audio_properties.bit_rate": 118304.0, "metadata.audio_properties.length": 40.042667388916016, "metadata.audio_properties.lossless": 0.0, "metadata.audio_properties.number_channels": 1.0, "metadata.audio_properties.replay_gain": -12.040220260620117, "metadata.audio_properties.sample_rate": 48000.0, "rhythm.beats_count": 113.0, "rhythm.beats_loudness.mean": 0.04072801023721695, "rhythm.beats_loudness.stdev": 0.04577550292015076, "rhythm.bpm": 178.2058563232422, "rhythm.bpm_histogram_first_peak_bpm": 178.0, "rhythm.bpm_histogram_first_peak_weight": 0.0, "rhythm.bpm_histogram_second_peak_bpm": 172.0, "rhythm.bpm_histogram_second_peak_spread": 0.0, "rhythm.bpm_histogram_second_peak_weight": 0.3571428656578064, "rhythm.danceability": 1.0863237380981445, "rhythm.onset_rate": 3.7199389934539795, "tonal.chords_changes_rate": 0.1006944477558136, "tonal.chords_number_rate": 0.012731481343507767, "tonal.chords_strength.mean": 0.4996442496776581, "tonal.chords_strength.stdev": 0.10308992117643356, "tonal.hpcp_crest.mean": 15.947821617126465, "tonal.hpcp_crest.stdev": 8.513216972351074, "tonal.hpcp_entropy.mean": 1.7776588201522827, "tonal.hpcp_entropy.stdev": 0.9264637231826782, "tonal.key_edma.strength": 0.7432922720909119, "tonal.key_krumhansl.strength": 0.7570633292198181, "tonal.key_temperley.strength": 0.7717207670211792, "tonal.tuning_diatonic_strength": 0.717922568321228, "tonal.tuning_equal_tempered_deviation": 0.38084080815315247, "tonal.tuning_frequency": 434.193115234375, "tonal.tuning_nontempered_energy_ratio": 0.9438241720199585, "lowlevel.barkbands.mean": [0.0020097559317946434, 0.0062677073292434216, 0.000569849566090852, 0.0002785616088658571, 0.0008382611558772624, 0.00033523395541124046, 0.001547598047181964, 0.003795936703681946, 0.0013246728340163827, 0.0008924613357521594, 0.0006472750683315098, 0.0006053574034012854, 0.0006049220100976527, 0.0004619903047569096, 0.0002604729379527271, 0.0005624130717478693, 0.0004795679124072194, 0.000451254949439317, 0.00045965047320351005, 0.00020613100787159055, 0.00028930947883054614, 0.0002464349090587348, 0.00026790107949636877, 0.00044486409751698375, 0.0004616039805114269, 5.689269528375007e-05, 2.5472800757597724e-07], "lowlevel.barkbands.stdev": [0.0071860188618302345, 0.018589813262224197, 0.0026392797008156776, 0.0010874232975766063, 0.002027532085776329, 0.0012313493061810732, 0.004468963015824556, 0.009334362111985683, 0.0042029814794659615, 0.0022320537827908993, 0.0017721760086715221, 0.001665018149651587, 0.0018515452975407243, 0.0015655031893402338, 0.0007066571852192283, 0.0011422436218708754, 0.000910690170712769, 0.000702410819940269, 0.0006657021585851908, 0.00030429978505708277, 0.0005435867933556437, 0.0003679011424537748, 0.0006030503427609801, 0.0009719015215523541, 0.001085977302864194, 0.0001624021679162979, 1.28633689655544e-06], "lowlevel.erbbands.mean": [0.3643113076686859, 0.6774930357933044, 0.6694525480270386, 0.9002469778060913, 1.2483713626861572, 3.230637550354004, 3.4197134971618652, 3.238032579421997, 13.582741737365723, 62.308292388916016, 61.802940368652344, 36.524192810058594, 30.551616668701172, 17.852537155151367, 34.562259674072266, 26.67954444885254, 28.945688247680664, 26.426584243774414, 14.349971771240234, 21.863183975219727, 28.654638290405273, 25.431589126586914, 26.201801300048828, 24.98114776611328, 18.584728240966797, 9.674921989440918, 10.04751968383789, 11.762060165405273, 9.367250442504883, 7.576841831207275, 7.641965866088867, 6.5146260261535645, 9.481898307800293, 7.280019283294678, 1.9085958003997803, 0.4224996268749237, 0.0673057958483696, 0.004751726984977722, 0.00014803072554059327, 4.3846532207680866e-05], "lowlevel.erbbands.stdev": [1.1160547733306885, 2.1144959926605225, 3.124068260192871, 3.2747838497161865, 3.6017911434173584, 9.03216552734375, 8.975996971130371, 12.9906644821167, 43.475746154785156, 146.25831604003906, 173.12982177734375, 117.190673828125, 65.23849487304688, 57.874271392822266, 90.79806518554688, 65.80821228027344, 82.85730743408203, 86.70384216308594, 34.49341583251953, 45.21370315551758, 53.96106719970703, 40.10546112060547, 39.81502914428711, 35.16864013671875, 28.519426345825195, 13.909154891967773, 18.430301666259766, 20.40304183959961, 13.852904319763184, 14.410603523254395, 17.682510375976562, 15.624324798583984, 20.684778213500977, 17.47041893005371, 4.581127643585205, 1.077227234840393, 0.23183117806911469, 0.014650847762823105, 0.00035958344233222306, 5.1060578698525205e-05], "lowlevel.gfcc.mean": [-49.95421600341797, 27.060951232910156, -149.31272888183594, 20.16327476501465, -87.86974334716797, 15.685100555419922, -51.66811752319336, 25.682485580444336, -26.532318115234375, -1.3118802309036255, -13.211581230163574, -6.021184921264648, -8.413538932800293], "lowlevel.melbands.mean": [0.0024310355074703693, 0.00048015601350925863, 0.00016102207882795483, 0.0001546154380775988, 0.00013820927415508777, 7.18067167326808e-05, 0.00022985706164035946, 0.000764254538808018, 0.00044818976311944425, 0.00020895234774798155, 0.00014619025751017034, 6.823660805821419e-05, 9.964378114091232e-05, 7.888967957114801e-05, 6.968911475269124e-05, 5.414664701675065e-05, 5.0321585149504244e-05, 2.237722037534695e-05, 2.0983423382858746e-05, 4.230293052387424e-05, 3.084172203671187e-05, 2.582901288405992e-05, 2.8094729714212008e-05, 1.949662691913545e-05, 2.0685949493781663e-05, 1.584440360602457e-05, 9.571625923854299e-06, 5.543660336115863e-06, 5.412082373368321e-06, 7.695870408497285e-06, 6.575758561666589e-06, 5.651815172313945e-06, 4.039981376990909e-06, 4.309911219024798e-06, 4.471988631848944e-06, 3.9695328268862795e-06, 3.953285613533808e-06, 6.220450813998468e-06, 7.674211701669265e-06, 5.685418727807701e-06], "lowlevel.melbands.stdev": [0.00732006598263979, 0.001724178553558886, 0.0005364278331398964, 0.0003940683964174241, 0.00036201541661284864, 0.0002886527800001204, 0.0007102068630047143, 0.001767776906490326, 0.0012778956443071365, 0.0007040122291073203, 0.00032807126990519464, 0.0002537226246204227, 0.0002659338351804763, 0.00019855079881381243, 0.00019820834859274328, 0.00018004431331064552, 0.00018069709767587483, 6.302916153799742e-05, 6.221246439963579e-05, 9.493799007032067e-05, 6.083243715693243e-05, 4.6607357944594696e-05, 4.684443410951644e-05, 3.178120459779166e-05, 2.9924547561677173e-05, 2.6891388188232668e-05, 1.5302704923669808e-05, 8.376833648071624e-06, 9.346569640911184e-06, 1.5868225091253407e-05, 1.1037975127692334e-05, 8.386285117012449e-06, 6.569537617906462e-06, 9.2934833446634e-06, 1.044183227350004e-05, 1.013762357615633e-05, 9.564279025653377e-06, 1.3738956113229506e-05, 1.7504959032521583e-05, 1.4128519069345202e-05], "lowlevel.melbands128.mean": [0.0016826444771140814, 0.003792879171669483, 0.0022458480671048164, 0.0007963587413541973, 0.0003513953706715256, 0.00027442743885330856, 0.00018871095380745828, 0.00012532004620879889, 0.00011473545600892976, 0.00013762824528384954, 0.0001908697304315865, 0.00021643677609972656, 0.00011869461013702676, 5.086529563413933e-05, 5.850429442944005e-05, 7.938451017253101e-05, 0.0001369095843983814, 0.000236737250816077, 0.0003428272611927241, 0.0007522341911680996, 0.0010569945443421602, 0.0006217982736416161, 0.00038604720612056553, 0.0002102513099089265, 0.00027332434547133744, 0.0001810734684113413, 0.0001105283954530023, 0.00020999586558900774, 9.469516226090491e-05, 8.688025991432369e-05, 5.446270733955316e-05, 3.435102917137556e-05, 9.437080734642223e-05, 0.00017893176118377596, 6.942653271835297e-05, 5.199661245569587e-05, 8.18226981209591e-05, 5.816168777528219e-05, 7.863451901357621e-05, 6.75985575071536e-05, 4.7891870053717867e-05, 3.257058051531203e-05, 5.922944546910003e-05, 6.0155227401992306e-05, 2.1741692762589082e-05, 1.632555722608231e-05, 2.0410290744621307e-05, 1.9589486328186467e-05, 2.107128602801822e-05, 2.6206102120340802e-05, 5.422576577984728e-05, 5.065352888777852e-05, 2.4934222892625257e-05, 2.4139711968018673e-05, 3.6446617741603404e-05, 2.128603409801144e-05, 2.077459794236347e-05, 3.376858148840256e-05, 2.8086737074772827e-05, 2.38068460021168e-05, 1.8728620489127934e-05, 1.4779348930460401e-05, 2.377834425715264e-05, 2.1610743715427816e-05, 1.710888318484649e-05, 1.756953861331567e-05, 1.3672237400896847e-05, 1.1484701644803863e-05, 8.565115422243252e-06, 7.3785276981652714e-06, 4.825804353458807e-06, 5.219813829171471e-06, 4.968177108821692e-06, 5.156774022907484e-06, 5.938962658547098e-06, 9.010277608467732e-06, 7.727187949058134e-06, 6.373578344209818e-06, 6.9152442847553175e-06, 6.080535513319774e-06, 6.187836788740242e-06, 5.530660928343423e-06, 4.231043021718506e-06, 3.911798557965085e-06, 3.675495918287197e-06, 4.316147624194855e-06, 4.356483259471133e-06, 4.657831141230417e-06, 4.4893672566104215e-06, 4.407088454172481e-06, 4.2566343836369924e-06, 3.893947450706037e-06, 3.386582420716877e-06, 3.451935299381148e-06, 4.509528025664622e-06, 5.579565822699806e-06, 6.415169991669245e-06, 7.55815062802867e-06, 7.657951755390968e-06, 8.06075240689097e-06, 6.899764684931142e-06, 5.042460998083698e-06, 4.653763426176738e-06, 3.2568484584771795e-06, 1.5778937267896254e-06, 9.774026921149925e-07, 9.868576853477862e-07, 1.175360921479296e-06, 6.362773206092243e-07, 3.912052193300042e-07, 3.0058853894843196e-07, 1.9920200600154203e-07, 2.2920605147191964e-07, 1.2533166682260344e-07, 6.571890764917043e-08, 3.397963510565205e-08, 1.1403429311940272e-08, 1.1844791814041855e-09, 7.930971851477508e-12, 4.07012661421402e-12, 3.374443736589572e-12, 3.1380961197646773e-12, 3.03623272357445e-12, 2.9691791560149117e-12, 2.888388313249113e-12, 2.794852240264878e-12, 2.7377791873839374e-12, 2.7158809055849442e-12], "lowlevel.melbands128.stdev": [0.005987083539366722, 0.011797369457781315, 0.0068405321799218655, 0.0027693521697074175, 0.0018506961641833186, 0.001184146967716515, 0.0007279726560227573, 0.0004829172685276717, 0.0003890730149578303, 0.00046323714195750654, 0.0006130001274868846, 0.0006549126701429486, 0.0003494446282275021, 0.00018663756782189012, 0.00031516453600488603, 0.00045860576210543513, 0.0006643115193583071, 0.0010341628221794963, 0.0012267254060134292, 0.002171336906030774, 0.0029880222864449024, 0.002169326413422823, 0.0017445539124310017, 0.0008966363384388387, 0.0012572272680699825, 0.0007396601140499115, 0.0003161084605380893, 0.0005749317933805287, 0.00033787748543545604, 0.0004598984669428319, 0.0002531788486521691, 0.00013808133371639997, 0.0003287282888777554, 0.000548077339772135, 0.0003005462640430778, 0.00021203230426181108, 0.0002852399193216115, 0.00025655116769485176, 0.00033268157858401537, 0.00026709356461651623, 0.00024548094370402396, 0.00021522441238630563, 0.00028065318474546075, 0.0002563531161285937, 0.00010900438064709306, 6.38572164461948e-05, 7.639866817044094e-05, 8.64584872033447e-05, 8.75208861543797e-05, 7.354961417149752e-05, 0.0001634562504477799, 0.00014079007087275386, 8.163170423358679e-05, 6.015479448251426e-05, 0.00010735676914919168, 4.181920667178929e-05, 3.9522707083960995e-05, 7.579875091323629e-05, 6.444184691645205e-05, 4.8238383897114545e-05, 4.2537565605016425e-05, 3.156547973048873e-05, 4.7101751988520846e-05, 3.466028283583e-05, 3.9779755752533674e-05, 3.642561932792887e-05, 2.6826011890079826e-05, 2.2901425836607814e-05, 1.763611362548545e-05, 1.4447727153310552e-05, 8.156287549354602e-06, 9.053361281985417e-06, 8.323814654431771e-06, 8.667447218613233e-06, 1.8232231013826095e-05, 1.719739884720184e-05, 1.8827162421075627e-05, 1.2276635970920324e-05, 1.2603333743754774e-05, 9.745869647304062e-06, 1.0107939488079865e-05, 9.096836947719567e-06, 7.458306754415389e-06, 7.158848347899038e-06, 6.854541879874887e-06, 9.113380656344816e-06, 1.0688240763556678e-05, 1.2728590263577644e-05, 1.1032058864657301e-05, 1.0799984920595307e-05, 1.174747922050301e-05, 1.0379376362834591e-05, 9.692634193925187e-06, 9.851812137640081e-06, 1.059461101249326e-05, 1.295831589231966e-05, 1.5140889445319772e-05, 1.80471470230259e-05, 1.895484638225753e-05, 1.9386387066333555e-05, 1.863931720436085e-05, 1.2967909242433961e-05, 1.1785508831962943e-05, 9.009966561279725e-06, 4.492256721277954e-06, 2.427361096124514e-06, 2.2172343960846774e-06, 3.167680233673309e-06, 1.8061025457427604e-06, 1.4204696299202624e-06, 1.3217725154390791e-06, 8.436621783403098e-07, 9.586188980392762e-07, 4.67392311520598e-07, 2.0443211212750612e-07, 1.378856495648506e-07, 5.0212676683258906e-08, 1.12179332489859e-08, 1.0824658530639297e-10, 2.10027377434141e-11, 7.915165918526146e-12, 6.1462748952856305e-12, 5.9770942535675164e-12, 5.86326516852087e-12, 5.768390539534485e-12, 5.692130794487937e-12, 5.637752417686492e-12, 5.60421630976804e-12], "lowlevel.mfcc.mean": [-678.4662475585938, 55.078983306884766, -12.210677146911621, -5.687134265899658, -5.827868461608887, -21.60660171508789, -3.8773787021636963, 1.5762600898742676, 0.837937593460083, -4.0918121337890625, 1.9610631465911865, 0.705778956413269, -1.285046100616455], "lowlevel.spectral_contrast_coeffs.mean": [-0.6821001172065735, -0.7045613527297974, -0.7508596777915955, -0.7753710150718689, -0.7800157070159912, -0.783953845500946], "lowlevel.spectral_contrast_coeffs.stdev": [0.11703507602214813, 0.12609808146953583, 0.08792519569396973, 0.06693430244922638, 0.05094093829393387, 0.03957387059926987], "lowlevel.spectral_contrast_valleys.mean": [-8.813502311706543, -7.637007713317871, -7.949617862701416, -8.120532989501953, -7.677003383636475, -9.732298851013184], "lowlevel.spectral_contrast_valleys.stdev": [1.6297909021377563, 1.3526719808578491, 1.4100515842437744, 1.3609751462936401, 1.412393569946289, 1.5792068243026733], "rhythm.beats_loudness_band_ratio.mean": [0.25861531496047974, 0.06346805393695831, 0.28151705861091614, 0.13428273797035217, 0.13753189146518707, 0.15166424214839935], "rhythm.beats_loudness_band_ratio.stdev": [0.3611941635608673, 0.12844926118850708, 0.2879219949245453, 0.176656574010849, 0.15842802822589874, 0.19215844571590424], "tonal.hpcp.mean": [0.1221497505903244, 0.12643536925315857, 0.0950622409582138, 0.0695047378540039, 0.08031204342842102, 0.08861810714006424, 0.1041736751794815, 0.13378667831420898, 0.14496786892414093, 0.1870114505290985, 0.3033829927444458, 0.2659788131713867, 0.12260723114013672, 0.08790910989046097, 0.09028904885053635, 0.12889036536216736, 0.22276467084884644, 0.19337889552116394, 0.10932544618844986, 0.11495232582092285, 0.11270694434642792, 0.11538887768983841, 0.14392922818660736, 0.1512855738401413, 0.18465453386306763, 0.2039824277162552, 0.13258576393127441, 0.08359569311141968, 0.07980913668870926, 0.09384965896606445, 0.13911770284175873, 0.22593800723552704, 0.20601637661457062, 0.11673866212368011, 0.11329356580972672, 0.11990267783403397], "tonal.hpcp.stdev": [0.21680764853954315, 0.23505087196826935, 0.18919922411441803, 0.16910682618618011, 0.18659287691116333, 0.20249970257282257, 0.21258920431137085, 0.23887962102890015, 0.23478178679943085, 0.2631019055843353, 0.34363335371017456, 0.3271882236003876, 0.22533386945724487, 0.1786460280418396, 0.1901121884584427, 0.20858488976955414, 0.311024934053421, 0.2740707993507385, 0.19325675070285797, 0.20289529860019684, 0.2073986530303955, 0.19763758778572083, 0.22718581557273865, 0.22502976655960083, 0.2716536819934845, 0.3047904074192047, 0.21759502589702606, 0.16138926148414612, 0.16024602949619293, 0.1708105206489563, 0.2283157855272293, 0.307811975479126, 0.2884385883808136, 0.2020217478275299, 0.2148919552564621, 0.22933022677898407], "rhythm.beats_position": [0.39473921060562134, 0.8126984238624573, 1.2306575775146484, 1.6486167907714844, 2.078185796737671, 2.5077550411224365, 2.937324285507202, 3.3436734676361084, 3.7500226497650146, 4.156371593475342, 4.574330806732178, 4.992290019989014, 5.41024923324585, 5.804988384246826, 6.1416778564453125, 6.4899773597717285, 6.849886417388916, 7.209795951843262, 7.569705009460449, 7.941224575042725, 8.335963249206543, 8.684263229370117, 9.032562255859375, 9.380861282348633, 9.717551231384277, 10.054240226745605, 10.402539253234863, 10.739229202270508, 11.075918197631836, 11.424217224121094, 11.760907173156738, 12.097596168518066, 12.445895195007324, 12.782585144042969, 13.119274139404297, 13.467573165893555, 13.8042631149292, 14.140952110290527, 14.466031074523926, 14.8143310546875, 15.151020050048828, 15.487709045410156, 15.8243989944458, 16.149478912353516, 16.486167907714844, 16.811246871948242, 17.1595458984375, 17.507844924926758, 17.856143951416016, 18.192834854125977, 18.541133880615234, 18.877822875976562, 19.22612190246582, 19.574420928955078, 19.922719955444336, 20.271020889282227, 20.619319915771484, 20.967618942260742, 21.30430793762207, 21.6409969329834, 21.989295959472656, 22.325986862182617, 22.662675857543945, 22.999364852905273, 23.3360538482666, 23.67274284362793, 24.021041870117188, 24.369342803955078, 24.706031799316406, 25.042720794677734, 25.379409790039062, 25.72770881652832, 26.076007843017578, 26.41269874572754, 26.749387741088867, 27.097686767578125, 27.434375762939453, 27.77106475830078, 28.11936378479004, 28.46766471862793, 28.815963745117188, 29.164262771606445, 29.500951766967773, 29.8376407623291, 30.17432975769043, 30.51102066040039, 30.84770965576172, 31.184398651123047, 31.521087646484375, 31.869386672973633, 32.21768569946289, 32.56598663330078, 32.90267562866211, 33.23936462402344, 33.576053619384766, 33.924354553222656, 34.261043548583984, 34.59773254394531, 34.94602966308594, 35.282718658447266, 35.61941146850586, 35.967708587646484, 36.30439758300781, 36.64108657836914, 36.98938751220703, 37.337684631347656, 37.68598556518555, 38.022674560546875, 38.3593635559082, 38.707664489746094, 39.04435348510742, 39.38104248046875, 39.72934341430664], "rhythm.bpm_histogram": [0.0, 0.0, 0.0, 0.0, 0.0, 0.0, 0.0, 0.0, 0.0, 0.0, 0.0, 0.0, 0.0, 0.0, 0.0, 0.0, 0.0, 0.0, 0.0, 0.0, 0.0, 0.0, 0.0, 0.0, 0.0, 0.0, 0.0, 0.0, 0.0, 0.0, 0.0, 0.0, 0.0, 0.0, 0.0, 0.0, 0.0, 0.0, 0.0, 0.0, 0.0, 0.0, 0.0, 0.0, 0.0, 0.0, 0.0, 0.0, 0.0, 0.0, 0.0, 0.0, 0.0, 0.0, 0.0, 0.0, 0.0, 0.0, 0.0, 0.0, 0.0, 0.0, 0.0, 0.0, 0.0, 0.0, 0.0, 0.0, 0.0, 0.0, 0.0, 0.0, 0.0, 0.0, 0.0, 0.0, 0.0, 0.0, 0.0, 0.0, 0.0, 0.0, 0.0, 0.0, 0.0, 0.0, 0.0, 0.0, 0.0, 0.0, 0.0, 0.0, 0.0, 0.0, 0.0, 0.0, 0.0, 0.0, 0.0, 0.0, 0.0, 0.0, 0.0, 0.0, 0.0, 0.0, 0.0, 0.0, 0.0, 0.0, 0.0, 0.0, 0.0, 0.0, 0.0, 0.0, 0.0, 0.0, 0.0, 0.0, 0.0, 0.0, 0.0, 0.0, 0.0, 0.0, 0.0, 0.0, 0.0, 0.0, 0.0, 0.0, 0.0, 0.0, 0.0, 0.0, 0.0, 0.0, 0.0, 0.0, 0.02678571455180645, 0.0, 0.0, 0.0, 0.0535714291036129, 0.0, 0.0, 0.0, 0.02678571455180645, 0.0, 0.0, 0.0, 0.01785714365541935, 0.0, 0.0, 0.0, 0.0, 0.0, 0.0, 0.0, 0.0, 0.008928571827709675, 0.0, 0.0, 0.0, 0.0, 0.0, 0.02678571455180645, 0.0, 0.0, 0.0, 0.0, 0.3571428656578064, 0.0, 0.0, 0.0, 0.0, 0.0, 0.4553571343421936, 0.0, 0.0, 0.0, 0.0, 0.0, 0.0, 0.02678571455180645, 0.0, 0.0, 0.0, 0.0, 0.0, 0.0, 0.0, 0.0, 0.0, 0.0, 0.0, 0.0, 0.0, 0.0, 0.0, 0.0, 0.0, 0.0, 0.0, 0.0, 0.0, 0.0, 0.0, 0.0, 0.0, 0.0, 0.0, 0.0, 0.0, 0.0, 0.0, 0.0, 0.0, 0.0, 0.0, 0.0, 0.0, 0.0, 0.0, 0.0, 0.0, 0.0, 0.0, 0.0, 0.0, 0.0, 0.0, 0.0, 0.0, 0.0, 0.0, 0.0, 0.0, 0.0, 0.0, 0.0, 0.0, 0.0, 0.0, 0.0, 0.0, 0.0, 0.0, 0.0], "tonal.chords_histogram": [17.245370864868164, 3.819444417953491, 9.837963104248047, 0.9259259104728699, 0.6944444179534912, 0.5787037014961243, 4.398148059844971, 0.0, 3.125, 0.0, 0.0, 0.0, 0.0, 0.23148147761821747, 0.11574073880910873, 26.38888931274414, 0.46296295523643494, 12.962963104248047, 0.0, 0.3472222089767456, 2.1990740299224854, 4.745370388031006, 9.606481552124023, 2.314814805984497], "tonal.thpcp": [1.0, 0.8767096996307373, 0.40413349866867065, 0.28976282477378845, 0.2976074814796448, 0.4248437285423279, 0.734268844127655, 0.6374084949493408, 0.36035457253456116, 0.3789016902446747, 0.37150052189826965, 0.3803406357765198, 0.47441428899765015, 0.4986620247364044, 0.6086515784263611, 0.6723594665527344, 0.43702438473701477, 0.2755450904369354, 0.2630639672279358, 0.3093438446521759, 0.4585547149181366, 0.7447286248207092, 0.6790636777877808, 0.38478973507881165, 0.3734341263771057, 0.3952188491821289, 0.40262556076049805, 0.4167516827583313, 0.3133406937122345, 0.22909899055957794, 0.2647216320037842, 0.2920997738838196, 0.34337347745895386, 0.44098278880119324, 0.47783783078193665, 0.616420328617096], "lowlevel.gfcc.cov": [[18572.923828125, -78.89571380615234, -478.20123291015625, 602.0476684570312, -211.89939880371094, 744.4610595703125, 380.2812805175781, 435.63568115234375, 253.2017059326172, 266.072021484375, -81.79421997070312, 315.9214172363281, 314.079345703125], [-78.89571380615234, 2313.430908203125, 322.7222900390625, 35.373687744140625, 131.8330841064453, -61.72291564941406, 230.01748657226562, 66.7397232055664, 94.99897766113281, -90.7209701538086, 237.3535919189453, -147.4989013671875, 87.23780059814453], [-478.20123291015625, 322.7222900390625, 1140.152587890625, 412.50347900390625, 308.957763671875, 257.2596130371094, 176.53118896484375, 40.7795295715332, -15.024641036987305, 102.5862045288086, -36.36823654174805, 112.95921325683594, -33.45210266113281], [602.0476684570312, 35.373687744140625, 412.50347900390625, 824.772216796875, 368.7440490722656, 421.5874938964844, 205.04718017578125, 93.61465454101562, 179.7659912109375, 74.93011474609375, -61.83414840698242, 78.15495300292969, 109.5201416015625], [-211.89939880371094, 131.8330841064453, 308.957763671875, 368.7440490722656, 449.6174621582031, 356.4571228027344, 209.88128662109375, 84.16867065429688, 48.813472747802734, 85.39100646972656, -42.2341423034668, 11.40316390991211, 37.5759162902832], [744.4610595703125, -61.72291564941406, 257.2596130371094, 421.5874938964844, 356.4571228027344, 806.4705810546875, 517.8160400390625, 168.22264099121094, 56.48220443725586, 119.73438262939453, 5.905867099761963, 82.44175720214844, 51.56692123413086], [380.2812805175781, 230.01748657226562, 176.53118896484375, 205.04718017578125, 209.88128662109375, 517.8160400390625, 533.6085815429688, 178.58493041992188, 39.47401809692383, 75.62945556640625, 45.61522674560547, 49.841529846191406, 33.024322509765625], [435.63568115234375, 66.7397232055664, 40.7795295715332, 93.61465454101562, 84.16867065429688, 168.22264099121094, 178.58493041992188, 205.1808319091797, 120.94664001464844, 37.20601272583008, 13.047492980957031, 14.16706371307373, 31.85259246826172], [253.2017059326172, 94.99897766113281, -15.024641036987305, 179.7659912109375, 48.813472747802734, 56.48220443725586, 39.47401809692383, 120.94664001464844, 290.0187072753906, 87.61563110351562, 14.399676322937012, -3.2320194244384766, 50.16884231567383], [266.072021484375, -90.7209701538086, 102.5862045288086, 74.93011474609375, 85.39100646972656, 119.73438262939453, 75.62945556640625, 37.20601272583008, 87.61563110351562, 184.034912109375, 1.6397099494934082, 42.32781982421875, -0.8199217915534973], [-81.79421997070312, 237.3535919189453, -36.36823654174805, -61.83414840698242, -42.2341423034668, 5.905867099761963, 45.61522674560547, 13.047492980957031, 14.399676322937012, 1.6397099494934082, 145.51670837402344, -2.507887125015259, 6.956024646759033], [315.9214172363281, -147.4989013671875, 112.95921325683594, 78.15495300292969, 11.40316390991211, 82.44175720214844, 49.841529846191406, 14.16706371307373, -3.2320194244384766, 42.32781982421875, -2.507887125015259, 151.09449768066406, 34.462318420410156], [314.079345703125, 87.23780059814453, -33.45210266113281, 109.5201416015625, 37.5759162902832, 51.56692123413086, 33.024322509765625, 31.85259246826172, 50.16884231567383, -0.8199217915534973, 6.956024646759033, 34.462318420410156, 121.25247192382812]], "lowlevel.gfcc.icov": [[7.713235390838236e-05, -7.786049536662176e-05, 9.39290039241314e-05, -0.00013092711742501706, 0.00025480453041382134, -0.00016974906611721963, 0.00017640955047681928, -0.0002873805060517043, 0.0002007605944527313, -0.00024241044593509287, 0.00017239898443222046, -0.00011313728464301676, -4.13683446822688e-05], [-7.786049536662176e-05, 0.0010162022663280368, -0.0005924341385252774, 0.0003521556209307164, -0.000755453365854919, 0.0009936571586877108, -0.0012769221793860197, 0.0008615243132226169, -0.000800883281044662, 0.0009734006598591805, -0.001500310143455863, 0.001181907020509243, -0.0009898851858451962], [9.39290039241314e-05, -0.0005924341385252774, 0.0018263374222442508, -0.0010472277645021677, -0.00010506292164791375, -0.00012248843268025666, 0.0004907705588266253, -0.0008668652735650539, 0.0011629887158051133, -0.001087190117686987, 0.0007135609048418701, -0.0016631906619295478, 0.001754638273268938], [-0.00013092711742501706, 0.0003521556209307164, -0.0010472277645021677, 0.0037011175882071257, -0.001990383258089423, -0.000836447870824486, -0.0001756907586241141, 0.0020024168770760298, -0.0030042973812669516, 0.0020578010007739067, 0.00034712255001068115, -0.0002761508512776345, -0.0017362425569444895], [0.00025480453041382134, -0.000755453365854919, -0.00010506292164791375, -0.001990383258089423, 0.0063905129209160805, -0.002341012004762888, 0.0014261394971981645, -0.002259607193991542, 0.0022628947626799345, -0.0028625528793781996, 0.002069720532745123, 0.0013954497408121824, -0.0005983149167150259], [-0.00016974906611721963, 0.0009936571586877108, -0.00012248843268025666, -0.000836447870824486, -0.002341012004762888, 0.006043895613402128, -0.005166721995919943, 0.001106478157453239, -0.0001597151131136343, 0.0002198600268457085, -0.0014781826175749302, 0.00028732986538670957, -0.000211148799280636], [0.00017640955047681928, -0.0012769221793860197, 0.0004907705588266253, -0.0001756907586241141, 0.0014261394971981645, -0.005166721995919943, 0.008326294831931591, -0.004715409129858017, 0.0023444374091923237, -0.0017112444620579481, 0.00039591643144376576, -0.00113056437112391, 0.0007992131286300719], [-0.0002873805060517043, 0.0008615243132226169, -0.0008668652735650539, 0.0020024168770760298, -0.002259607193991542, 0.001106478157453239, -0.004715409129858017, 0.011841812171041965, -0.006256796419620514, 0.0033124699257314205, -0.0005868406151421368, 0.0002077224344247952, -0.0009342906414531171], [0.0002007605944527313, -0.000800883281044662, 0.0011629887158051133, -0.0030042973812669516, 0.0022628947626799345, -0.0001597151131136343, 0.0023444374091923237, -0.006256796419620514, 0.009134617634117603, -0.005351506173610687, 0.00012887234333902597, 0.0010603220434859395, -0.0006620332133024931], [-0.00024241044593509287, 0.0009734006598591805, -0.001087190117686987, 0.0020578010007739067, -0.0028625528793781996, 0.0002198600268457085, -0.0017112444620579481, 0.0033124699257314205, -0.005351506173610687, 0.010198639705777168, -0.0013832042459398508, -0.00166586902923882, 0.0009944463381543756], [0.00017239898443222046, -0.001500310143455863, 0.0007135609048418701, 0.00034712255001068115, 0.002069720532745123, -0.0014781826175749302, 0.00039591643144376576, -0.0005868406151421368, 0.00012887234333902597, -0.0013832042459398508, 0.010293526574969292, -0.0014742017956450582, 0.0003155737940687686], [-0.00011313728464301676, 0.001181907020509243, -0.0016631906619295478, -0.0002761508512776345, 0.0013954497408121824, 0.00028732986538670957, -0.00113056437112391, 0.0002077224344247952, 0.0010603220434859395, -0.00166586902923882, -0.0014742017956450582, 0.010990648530423641, -0.004557169508188963], [-4.13683446822688e-05, -0.0009898851858451962, 0.001754638273268938, -0.0017362425569444895, -0.0005983149167150259, -0.000211148799280636, 0.0007992131286300719, -0.0009342906414531171, -0.0006620332133024931, 0.0009944463381543756, 0.0003155737940687686, -0.004557169508188963, 0.012979687191545963]], "lowlevel.mfcc.cov": [[16679.267578125, -457.1457824707031, -293.7250671386719, 105.60694885253906, -127.65047454833984, 408.30426025390625, 208.06442260742188, 412.50079345703125, 631.186767578125, -23.49148178100586, 349.4788818359375, 263.1864013671875, 134.84353637695312], [-457.1457824707031, 1917.246826171875, 215.5225067138672, 36.53676223754883, -45.785587310791016, -234.6775665283203, 152.6929931640625, -37.60179901123047, -122.99434661865234, 49.065120697021484, 44.246177673339844, -35.372371673583984, 15.484761238098145], [-293.7250671386719, 215.5225067138672, 784.36572265625, 301.03814697265625, 156.8266143798828, 288.81146240234375, 150.0994110107422, 144.8494415283203, 89.15582275390625, 29.889524459838867, 29.387468338012695, 71.9457778930664, 83.21063995361328], [105.60694885253906, 36.53676223754883, 301.03814697265625, 484.2054443359375, 250.3794403076172, 189.1136016845703, -19.83126449584961, 56.66276168823242, 163.38174438476562, 10.467952728271484, 8.844707489013672, 56.34699630737305, 57.49568557739258], [-127.65047454833984, -45.785587310791016, 156.8266143798828, 250.3794403076172, 361.67388916015625, 182.31076049804688, 18.164695739746094, 36.94404983520508, 128.24801635742188, 65.88534545898438, 8.885774612426758, 31.768474578857422, 16.72847557067871], [408.30426025390625, -234.6775665283203, 288.81146240234375, 189.1136016845703, 182.31076049804688, 678.9074096679688, 338.2474060058594, 240.85955810546875, 286.24517822265625, 101.67633819580078, 136.76300048828125, 116.5169448852539, 13.655397415161133], [208.06442260742188, 152.6929931640625, 150.0994110107422, -19.83126449584961, 18.164695739746094, 338.2474060058594, 505.205322265625, 216.69912719726562, 138.6238250732422, 66.11710357666016, 101.19500732421875, 49.961944580078125, -6.9322614669799805], [412.50079345703125, -37.60179901123047, 144.8494415283203, 56.66276168823242, 36.94404983520508, 240.85955810546875, 216.69912719726562, 309.09814453125, 200.01617431640625, 50.13341522216797, 69.34107208251953, 80.80350494384766, 60.515621185302734], [631.186767578125, -122.99434661865234, 89.15582275390625, 163.38174438476562, 128.24801635742188, 286.24517822265625, 138.6238250732422, 200.01617431640625, 379.1040954589844, 93.48226165771484, 99.71861267089844, 115.06143188476562, 59.94599151611328], [-23.49148178100586, 49.065120697021484, 29.889524459838867, 10.467952728271484, 65.88534545898438, 101.67633819580078, 66.11710357666016, 50.13341522216797, 93.48226165771484, 183.59364318847656, 86.33694458007812, 47.936222076416016, 6.835030555725098], [349.4788818359375, 44.246177673339844, 29.387468338012695, 8.844707489013672, 8.885774612426758, 136.76300048828125, 101.19500732421875, 69.34107208251953, 99.71861267089844, 86.33694458007812, 150.2503662109375, 81.5775146484375, 21.20291519165039], [263.1864013671875, -35.372371673583984, 71.9457778930664, 56.34699630737305, 31.768474578857422, 116.5169448852539, 49.961944580078125, 80.80350494384766, 115.06143188476562, 47.936222076416016, 81.5775146484375, 158.70675659179688, 80.67570495605469], [134.84353637695312, 15.484761238098145, 83.21063995361328, 57.49568557739258, 16.72847557067871, 13.655397415161133, -6.9322614669799805, 60.515621185302734, 59.94599151611328, 6.835030555725098, 21.20291519165039, 80.67570495605469, 137.26805114746094]], "lowlevel.mfcc.icov": [[6.966012006159872e-05, 6.36039021628676e-06, 4.383851046441123e-05, -2.7207741368329152e-05, 4.4812903070123866e-05, 1.993901577179713e-07, 1.6370047887903638e-05, -4.3275911593809724e-05, -9.648833656683564e-05, 0.00011963093129452318, -0.00017570356430951506, 1.5584268112434074e-05, -1.5740510207251646e-05], [6.36039021628676e-06, 0.0007445981027558446, -0.0002803121169563383, -0.00030483835143968463, 5.237803270574659e-05, 0.0007677366374991834, -0.0006562433554790914, 0.00015448412159457803, 0.00013599390513263643, -0.0002524098090361804, -0.0005648749065585434, 0.0002568115887697786, -8.714459545444697e-05], [4.383851046441123e-05, -0.0002803121169563383, 0.0023048536386340857, -0.0012572172563523054, 0.00012838745897170156, -0.0009595462470315397, -9.929692168952897e-05, -0.0006480943993665278, 0.0010054396698251367, -0.00019587556016631424, 0.0004857052117586136, -0.0001306518679484725, -0.0009490847587585449], [-2.7207741368329152e-05, -0.00030483835143968463, -0.0012572172563523054, 0.004872968420386314, -0.0023694057017564774, -0.0005628257058560848, 0.0011615301482379436, 0.00047974541666917503, -0.0016162254614755511, 0.001420479966327548, 7.046225800877437e-05, 7.560218364233151e-06, -0.0004061854851897806], [4.4812903070123866e-05, 5.237803270574659e-05, 0.00012838745897170156, -0.0023694057017564774, 0.005229572765529156, -0.0008839222718961537, 5.425264680525288e-05, 0.0005711704725399613, -0.00045270114787854254, -0.001994909718632698, 0.0015686744591221213, 0.00011063702550018206, 5.594302638201043e-05], [1.993901577179713e-07, 0.0007677366374991834, -0.0009595462470315397, -0.0005628257058560848, -0.0008839222718961537, 0.004634716082364321, -0.0021418589167296886, -0.00040915177669376135, -0.001098766690120101, 0.00010806215141201392, -0.0017161164432764053, -0.0007071455474942923, 0.001604623394086957], [1.6370047887903638e-05, -0.0006562433554790914, -9.929692168952897e-05, 0.0011615301482379436, 5.425264680525288e-05, -0.0021418589167296886, 0.00459686852991581, -0.0020839322824031115, 0.00016445264918729663, 0.0003214501484762877, -0.0006883234018459916, 0.00037089624674990773, 0.0007894644513726234], [-4.3275911593809724e-05, 0.00015448412159457803, -0.0006480943993665278, 0.00047974541666917503, 0.0005711704725399613, -0.00040915177669376135, -0.0020839322824031115, 0.007259467616677284, -0.002746590180322528, -2.044877692242153e-05, 0.0006103974301367998, 0.00011665229249047115, -0.0020798956975340843], [-9.648833656683564e-05, 0.00013599390513263643, 0.0010054396698251367, -0.0016162254614755511, -0.00045270114787854254, -0.001098766690120101, 0.00016445264918729663, -0.002746590180322528, 0.006640165578573942, -0.0014219895238056779, -0.0005357996560633183, -0.0013389593223109841, -0.0004287489573471248], [0.00011963093129452318, -0.0002524098090361804, -0.00019587556016631424, 0.001420479966327548, -0.001994909718632698, 0.00010806215141201392, 0.0003214501484762877, -2.044877692242153e-05, -0.0014219895238056779, 0.008946449495851994, -0.0047270008362829685, 1.9278