{"song_id": "1182261158330249307", "download": "https://cdn.discordapp.com/attachments/1135911532732108921/1182261158330249307/chirp.mp4?ex=65840d81&amp", "lyrics": "\u05e2\u05d5\u05d3 \u05d9\u05d1\u05d5\u05d0\u05d5 \u05d9\u05de\u05d9\u05dd \u05d8\u05d5\u05d1\u05d9\u05dd \u05d0\u05e0\u05d9 \u05de\u05d1\u05d8\u05d9\u05d7\n\u05e2\u05d5\u05d3 \u05d9\u05d1\u05d5\u05d0\u05d5 \u05d9\u05de\u05d9\u05dd \u05d8\u05d5\u05d1\u05d9\u05dd\n\n\n\u05d2\u05dd \u05d1\u05e9\u05e2\u05d5\u05ea \u05d4\u05d7\u05e9\u05d5\u05db\u05d5\u05ea \u05e9\u05dc \u05d4\u05dc\u05d9\u05dc\u05d4\n\u05ea\u05de\u05d9\u05d3 \u05d9\u05d4\u05d9\u05d4 \u05db\u05d5\u05db\u05d1 \u05e7\u05d8\u05df \u05e9\u05d9\u05d0\u05d9\u05e8 \u05dc\u05da\n\u05d0\u05ea \u05e2\u05e6\u05de\u05da \u05d0\u05ea \u05d4\u05d3\u05e8\u05da \u05d4\u05d1\u05d9\u05ea\u05d4\n\u05ea\u05de\u05d9\u05d3 \u05d6\u05d4 \u05d4\u05db\u05d9 \u05d7\u05e9\u05d5\u05da \u05dc\u05e4\u05e0\u05d9 \u05d4\u05d6\u05e8\u05d9\u05d7\u05d4\n\u05de\u05d9\u05dc\u05d9\u05d5\u05df \u05e8\u05db\u05d1\u05d5\u05ea \u05d3\u05d5\u05d4\u05e8\u05d5\u05ea \u05e2\u05d3 \u05d0\u05d5\u05e1\u05d8\u05e8\u05dc\u05d9\u05d4\n\u05de\u05d7\u05e4\u05e9 \u05e8\u05d7\u05d5\u05e7 \u05d0\u05ea \u05de\u05d4 \u05e9\u05e0\u05de\u05e6\u05d0 \u05dc\u05da\n\u05de\u05ea\u05d7\u05ea \u05dc\u05d0\u05e3 \u05db\u05dc \u05de\u05db\u05e9\u05d5\u05dc \u05d6\u05d4 \u05de\u05d3\u05dc\u05d9\u05d4\n\u05e7\u05dd \u05d5\u05e0\u05d5\u05e4\u05dc \u05d0\u05d1\u05dc \u05d1\u05d3\u05e8\u05da \u05e9\u05dc\u05da", "style": ["random"], "essentia_features": {"lowlevel.average_loudness": 0.8398759365081787, "lowlevel.barkbands_crest.mean": 13.62090015411377, "lowlevel.barkbands_crest.stdev": 4.6757097244262695, "lowlevel.barkbands_flatness_db.mean": 0.2779034972190857, "lowlevel.barkbands_flatness_db.stdev": 0.05726585164666176, "lowlevel.barkbands_kurtosis.mean": 13.094470977783203, "lowlevel.barkbands_kurtosis.stdev": 26.346527099609375, "lowlevel.barkbands_skewness.mean": 1.9856970310211182, "lowlevel.barkbands_skewness.stdev": 1.773515224456787, "lowlevel.barkbands_spread.mean": 5.9162421226501465, "lowlevel.barkbands_spread.stdev": 4.561089515686035, "lowlevel.dissonance.mean": 0.39869144558906555, "lowlevel.dissonance.stdev": 0.06928107142448425, "lowlevel.dynamic_complexity": 4.222276210784912, "lowlevel.erbbands_crest.mean": 15.10902214050293, "lowlevel.erbbands_crest.stdev": 5.474400520324707, "lowlevel.erbbands_flatness_db.mean": 0.31408005952835083, "lowlevel.erbbands_flatness_db.stdev": 0.0595942959189415, "lowlevel.erbbands_kurtosis.mean": 6.958165168762207, "lowlevel.erbbands_kurtosis.stdev": 13.950159072875977, "lowlevel.erbbands_skewness.mean": 1.3612501621246338, "lowlevel.erbbands_skewness.stdev": 1.4836056232452393, "lowlevel.erbbands_spread.mean": 12.597184181213379, "lowlevel.erbbands_spread.stdev": 8.983757019042969, "lowlevel.hfc.mean": 13.78046989440918, "lowlevel.hfc.stdev": 15.410282135009766, "lowlevel.loudness_ebu128.integrated": -24.20643424987793, "lowlevel.loudness_ebu128.loudness_range": 4.131500244140625, "lowlevel.loudness_ebu128.momentary.mean": -25.443008422851562, "lowlevel.loudness_ebu128.momentary.stdev": 3.7703306674957275, "lowlevel.loudness_ebu128.short_term.mean": -24.53352928161621, "lowlevel.loudness_ebu128.short_term.stdev": 1.4109164476394653, "lowlevel.melbands_crest.mean": 16.364294052124023, "lowlevel.melbands_crest.stdev": 5.49587345123291, "lowlevel.melbands_flatness_db.mean": 0.3125816583633423, "lowlevel.melbands_flatness_db.stdev": 0.05858233943581581, "lowlevel.melbands_kurtosis.mean": 14.658899307250977, "lowlevel.melbands_kurtosis.stdev": 35.02545928955078, "lowlevel.melbands_skewness.mean": 1.8111293315887451, "lowlevel.melbands_skewness.stdev": 1.803059458732605, "lowlevel.melbands_spread.mean": 9.024064064025879, "lowlevel.melbands_spread.stdev": 6.897294044494629, "lowlevel.pitch_salience.mean": 0.5338407754898071, "lowlevel.pitch_salience.stdev": 0.10877521336078644, "lowlevel.silence_rate_20dB.mean": 1.0, "lowlevel.silence_rate_20dB.stdev": 0.0, "lowlevel.silence_rate_30dB.mean": 0.9982618689537048, "lowlevel.silence_rate_30dB.stdev": 0.0416550412774086, "lowlevel.silence_rate_60dB.mean": 0.18076477944850922, "lowlevel.silence_rate_60dB.stdev": 0.38481900095939636, "lowlevel.spectral_centroid.mean": 737.810791015625, "lowlevel.spectral_centroid.stdev": 272.73504638671875, "lowlevel.spectral_complexity.mean": 9.267091751098633, "lowlevel.spectral_complexity.stdev": 4.419368267059326, "lowlevel.spectral_decrease.mean": -4.683821330786486e-09, "lowlevel.spectral_decrease.stdev": 4.6259582830998625e-09, "lowlevel.spectral_energy.mean": 0.01892774924635887, "lowlevel.spectral_energy.stdev": 0.018762383610010147, "lowlevel.spectral_energyband_high.mean": 9.181546374747995e-06, "lowlevel.spectral_energyband_high.stdev": 9.753873200679664e-06, "lowlevel.spectral_energyband_low.mean": 1.9370008885744028e-05, "lowlevel.spectral_energyband_low.stdev": 5.828418579767458e-05, "lowlevel.spectral_energyband_middle_high.mean": 0.004598919302225113, "lowlevel.spectral_energyband_middle_high.stdev": 0.00758273433893919, "lowlevel.spectral_energyband_middle_low.mean": 0.014425878413021564, "lowlevel.spectral_energyband_middle_low.stdev": 0.014897558838129044, "lowlevel.spectral_entropy.mean": 6.412434101104736, "lowlevel.spectral_entropy.stdev": 0.5468845367431641, "lowlevel.spectral_flux.mean": 0.05312694236636162, "lowlevel.spectral_flux.stdev": 0.03994201123714447, "lowlevel.spectral_kurtosis.mean": 19.01306915283203, "lowlevel.spectral_kurtosis.stdev": 10.404253959655762, "lowlevel.spectral_rms.mean": 0.0037748238537460566, "lowlevel.spectral_rms.stdev": 0.002053482923656702, "lowlevel.spectral_rolloff.mean": 916.7587890625, "lowlevel.spectral_rolloff.stdev": 452.5018615722656, "lowlevel.spectral_skewness.mean": 3.285252809524536, "lowlevel.spectral_skewness.stdev": 0.9308298230171204, "lowlevel.spectral_spread.mean": 2664136.25, "lowlevel.spectral_spread.stdev": 1144992.25, "lowlevel.spectral_strongpeak.mean": 1.8342854976654053, "lowlevel.spectral_strongpeak.stdev": 1.5974236726760864, "lowlevel.zerocrossingrate.mean": 0.035210564732551575, "lowlevel.zerocrossingrate.stdev": 0.010847579687833786, "metadata.audio_properties.analysis.equal_loudness": 0.0, "metadata.audio_properties.analysis.length": 40.04265213012695, "metadata.audio_properties.analysis.sample_rate": 44100.0, "metadata.audio_properties.analysis.start_time": 0.0, "metadata.audio_properties.bit_rate": 108302.0, "metadata.audio_properties.length": 40.042667388916016, "metadata.audio_properties.lossless": 0.0, "metadata.audio_properties.number_channels": 1.0, "metadata.audio_properties.replay_gain": -4.16002082824707, "metadata.audio_properties.sample_rate": 48000.0, "rhythm.beats_count": 74.0, "rhythm.beats_loudness.mean": 0.03369676321744919, "rhythm.beats_loudness.stdev": 0.021479647606611252, "rhythm.bpm": 111.20860290527344, "rhythm.bpm_histogram_first_peak_bpm": 112.0, "rhythm.bpm_histogram_first_peak_weight": 0.6229507923126221, "rhythm.bpm_histogram_second_peak_bpm": 117.0, "rhythm.bpm_histogram_second_peak_spread": 0.0, "rhythm.bpm_histogram_second_peak_weight": 0.13698630034923553, "rhythm.danceability": 1.1139789819717407, "rhythm.onset_rate": 2.9959239959716797, "tonal.chords_changes_rate": 0.03703703731298447, "tonal.chords_number_rate": 0.008101851679384708, "tonal.chords_strength.mean": 0.5700190663337708, "tonal.chords_strength.stdev": 0.10353337973356247, "tonal.hpcp_crest.mean": 15.75548267364502, "tonal.hpcp_crest.stdev": 5.610393524169922, "tonal.hpcp_entropy.mean": 1.5429062843322754, "tonal.hpcp_entropy.stdev": 0.5351854562759399, "tonal.key_edma.strength": 0.7856873869895935, "tonal.key_krumhansl.strength": 0.7796367406845093, "tonal.key_temperley.strength": 0.7654269933700562, "tonal.tuning_diatonic_strength": 0.6081814765930176, "tonal.tuning_equal_tempered_deviation": 0.009817059151828289, "tonal.tuning_frequency": 444.5986328125, "tonal.tuning_nontempered_energy_ratio": 0.6310243606567383, "lowlevel.barkbands.mean": [5.886865892534843e-07, 1.54748215663858e-06, 6.769179435650585e-06, 4.272620935807936e-05, 0.0013598190853372216, 0.0008254039566963911, 0.0036409185267984867, 0.005216331221163273, 0.003160829422995448, 0.0008099378319457173, 0.0007774821715429425, 0.000699395255651325, 0.0011644099140539765, 0.0002371752925682813, 0.0005921050906181335, 9.214700548909605e-05, 0.00015247116971295327, 0.00012881899601779878, 8.891433935787063e-06, 1.4043539522390347e-06, 1.9945464373449795e-06, 2.3515476641478017e-06, 1.7970974113268312e-06, 1.234818000739324e-06, 9.931657132256078e-07, 2.1646081904691528e-07, 2.2572743674231788e-09], "lowlevel.barkbands.stdev": [3.1399399631482083e-06, 2.766300895018503e-06, 2.1943740648566745e-05, 0.00012520284508354962, 0.0018751120660454035, 0.0015742016257718205, 0.0063438815996050835, 0.00866820476949215, 0.007069861516356468, 0.002707189414650202, 0.0023587115574628115, 0.0018414021469652653, 0.003543923608958721, 0.0008291237754747272, 0.002788693178445101, 0.00027804827550426126, 0.00044144870480522513, 0.0003329745086375624, 2.651282375154551e-05, 2.7651506115944358e-06, 4.928187081532087e-06, 3.098218257946428e-06, 1.3306101891430444e-06, 6.032862529536942e-07, 3.866198596824688e-07, 9.333883355111539e-08, 7.2622245994580226e-09], "lowlevel.erbbands.mean": [5.2957158914068714e-05, 0.0005065576988272369, 0.007204096298664808, 0.08989156782627106, 1.5240236520767212, 6.773564338684082, 4.9508771896362305, 8.109938621520996, 34.8133430480957, 76.14594268798828, 114.13870239257812, 88.63286590576172, 29.44198989868164, 42.81294250488281, 22.103801727294922, 33.59810256958008, 55.560707092285156, 20.944814682006836, 27.878299713134766, 14.592223167419434, 5.233373165130615, 8.818733215332031, 8.93348217010498, 1.353601336479187, 0.286123663187027, 0.0735716000199318, 0.06796259433031082, 0.08671021461486816, 0.0900568962097168, 0.06208295002579689, 0.04986369237303734, 0.03092862479388714, 0.018646014854311943, 0.012844418175518513, 0.0060493601486086845, 0.0018376329680904746, 0.00020420383953023702, 1.1265912689850666e-05, 1.0106260560860392e-05, 2.1985573766869493e-05], "lowlevel.erbbands.stdev": [0.00010790127271320671, 0.0009130875114351511, 0.019182486459612846, 0.2098751813173294, 2.551513910293579, 10.164838790893555, 9.064765930175781, 17.00289535522461, 57.533451080322266, 122.51229095458984, 196.46705627441406, 187.82968139648438, 76.35502624511719, 123.38508605957031, 49.28207778930664, 88.28856658935547, 171.78677368164062, 49.41398620605469, 118.80953216552734, 64.66191864013672, 13.132292747497559, 24.053268432617188, 21.94398307800293, 3.033172130584717, 0.771946907043457, 0.1491391807794571, 0.18453264236450195, 0.1816461831331253, 0.1356896013021469, 0.060209278017282486, 0.03590074181556702, 0.017057258635759354, 0.009060792624950409, 0.00562989991158247, 0.0024142321199178696, 0.0007171629113145173, 0.0001233678194694221, 1.8675413230084814e-05, 9.641220458433963e-06, 2.1855179511476308e-05], "lowlevel.gfcc.mean": [-131.06983947753906, 115.55186462402344, -158.24000549316406, -43.16299819946289, -98.2365951538086, -10.903624534606934, -63.829620361328125, -3.957876443862915, -16.208415985107422, -10.770248413085938, -11.84904670715332, -7.849655628204346, -12.684820175170898], "lowlevel.melbands.mean": [4.3905038182856515e-07, 2.714079073484754e-06, 4.116670606890693e-05, 0.0003155484446324408, 0.00019136571791023016, 0.00016673741629347205, 0.0006320510292425752, 0.0008596573024988174, 0.0008945049485191703, 0.0005325385136529803, 0.00012979345046915114, 0.00016834426787681878, 8.23615409899503e-05, 7.360169547609985e-05, 9.379863331560045e-05, 0.00012197668547742069, 2.7954913093708456e-05, 3.817610559053719e-05, 4.38404458691366e-05, 7.811457180650905e-06, 5.020389835408423e-06, 7.908226507424843e-06, 1.2289698133827187e-05, 4.410332167026354e-06, 7.130731773941079e-07, 2.3675212901252962e-07, 8.845766075182837e-08, 3.734773557084736e-08, 3.596193209887133e-08, 5.21030010247614e-08, 4.9744027563747295e-08, 5.570799288534545e-08, 3.7390822882343855e-08, 3.3151845713064176e-08, 2.9319270566929845e-08, 2.4244087626357214e-08, 1.7020800768818845e-08, 1.3523831832173983e-08, 1.0959537277699383e-08, 1.0864427579804214e-08], "lowlevel.melbands.stdev": [9.067976520782395e-07, 7.541318609582959e-06, 8.481361146550626e-05, 0.00045528123155236244, 0.00028930295957252383, 0.00034904677886515856, 0.0010578003711998463, 0.0013998165959492326, 0.0015594757860526443, 0.0012818218674510717, 0.0003675285552162677, 0.0004969888832420111, 0.0002258348249597475, 0.00017822420340962708, 0.0002627221401780844, 0.000383105973014608, 7.705385360168293e-05, 0.0001585729914950207, 0.0002233295381302014, 2.5953513613785617e-05, 1.2356781553535257e-05, 2.2468553652288392e-05, 3.355072112753987e-05, 1.0661416126822587e-05, 1.9642636743810726e-06, 7.220182851597201e-07, 2.3211003963297117e-07, 7.993263295702491e-08, 9.399252576258732e-08, 1.4806354897700658e-07, 1.030796639156506e-07, 8.913679749866787e-08, 4.361621463999654e-08, 3.078799437616908e-08, 2.2340659100450466e-08, 1.6484655418480543e-08, 9.386243782216752e-09, 7.336605545305019e-09, 5.426465055080598e-09, 5.1930393318855295e-09], "lowlevel.melbands128.mean": [2.845672781859321e-07, 3.918481183973199e-07, 4.5828375050405157e-07, 6.121717319729214e-07, 2.1693360849894816e-06, 3.618971049945685e-06, 8.974139745987486e-06, 2.7487505576573312e-05, 9.856245014816523e-05, 0.00039293893496505916, 0.0004705763712991029, 0.00014831997395958751, 0.00018092109530698508, 0.00012325543502811342, 0.0002015645004576072, 0.00015380227705463767, 0.000196858323761262, 0.0007640462717972696, 0.001209158101119101, 0.0006868398049846292, 0.0008756555034779012, 0.0007580310921184719, 0.001338556525297463, 0.0003413802187424153, 0.0004919360508210957, 0.0008117689285427332, 0.00010730222857091576, 8.32557343528606e-05, 4.770901068695821e-05, 0.00015600273036397994, 0.00023716055147815496, 0.00015110554522834718, 4.123784674447961e-05, 7.099776848917827e-05, 4.481491123442538e-05, 7.58921232772991e-05, 0.0001216430973727256, 6.298673542914912e-05, 9.159550972981378e-05, 0.00016981536464300007, 0.0001472224248573184, 2.7694215532392263e-05, 2.126984873029869e-05, 3.116165316896513e-05, 2.0541321646305732e-05, 2.29152174142655e-05, 8.361604704987258e-05, 6.384655716829002e-05, 1.786025495675858e-05, 4.12372764913016e-06, 7.686033313802909e-06, 1.1452136277512182e-05, 2.858315383491572e-06, 3.4964959922945127e-06, 6.004215265420498e-06, 6.674836185993627e-06, 1.0834482054633554e-05, 1.442131178919226e-05, 1.294846060773125e-05, 8.756278475630097e-06, 3.6129733871348435e-06, 1.518847625447961e-06, 8.84395660705195e-07, 5.259352633402159e-07, 3.145657103686972e-07, 1.915794172191454e-07, 2.6814541342901066e-07, 9.095886355225957e-08, 5.694851878956797e-08, 4.9584588879270086e-08, 3.469846987513847e-08, 3.344775834079883e-08, 3.1643299536199265e-08, 3.638414369788734e-08, 3.7372167582816473e-08, 6.332752633397831e-08, 5.028999083833696e-08, 4.5504727097522846e-08, 5.0547424024216525e-08, 5.312065098905805e-08, 5.7655167751136105e-08, 6.297197785443132e-08, 3.825688565939345e-08, 3.4603203857841436e-08, 3.5228005401677365e-08, 3.466311682132073e-08, 3.181300556320821e-08, 3.13136716556528e-08, 2.8559623999058203e-08, 2.8994653789027325e-08, 2.731572124048398e-08, 2.32111556641712e-08, 1.8508028887254113e-08, 1.639675772935334e-08, 1.7113890748987615e-08, 1.4053258112767253e-08, 1.33842181782029e-08, 1.1577660607997586e-08, 1.0496835400886084e-08, 1.0423945262516554e-08, 1.2101164514888296e-08, 1.0241842041125437e-08, 1.0858182797335303e-08, 8.551491958996849e-09, 6.565291865712197e-09, 5.205642139571864e-09, 4.5222732225624895e-09, 4.2372239050791904e-09, 2.9902396114778185e-09, 2.2286932299664386e-09, 1.6258896451404325e-09, 8.693155084671389e-10, 1.3807316401326375e-10, 7.4901571056607e-11, 6.110510014645243e-11, 4.513601645217413e-11, 5.611072023681274e-11, 1.3744739721377464e-11, 5.316973424041027e-12, 3.4148601914946175e-12, 3.3138971167884224e-12, 3.260150179332233e-12, 3.2244916372409227e-12, 3.1538634551186995e-12, 2.9387878849179705e-12, 2.597668391154939e-12, 2.410607087208194e-12, 2.3741369113705613e-12], "lowlevel.melbands128.stdev": [1.4145286968414439e-06, 1.072958866643603e-06, 9.678460628492758e-07, 1.1829304185084766e-06, 7.683525836910121e-06, 1.1628846550593153e-05, 3.6204855859978124e-05, 8.099323167698458e-05, 0.0002718794858083129, 0.0005983966984786093, 0.0007612128974869847, 0.0002483401622157544, 0.00042584905168041587, 0.00025599569198675454, 0.0005692834383808076, 0.0003884228935930878, 0.0005080728442408144, 0.0014957657549530268, 0.0024744709953665733, 0.0012555394787341356, 0.0021632660645991564, 0.0013996148481965065, 0.0027894764207303524, 0.0009064894984476268, 0.001354227657429874, 0.0024638015311211348, 0.000340173311997205, 0.0004993706825189292, 0.0001941899099620059, 0.0006087413057684898, 0.0007778856670483947, 0.0006048440700396895, 0.00022995912877377123, 0.0002218113950220868, 0.00015057995915412903, 0.00026837221230380237, 0.00042714906157925725, 0.00027474865783005953, 0.0004429171094670892, 0.0007159525994211435, 0.0005402497481554747, 0.00011179904686287045, 8.613093086751178e-05, 0.00011414382606744766, 0.00015169299149420112, 0.0001470741699449718, 0.0004809535457752645, 0.0004325934569351375, 0.00012172708375146613, 2.697677155083511e-05, 2.7346526621840894e-05, 4.071858711540699e-05, 9.569678695697803e-06, 9.89169166132342e-06, 1.8831666238838807e-05, 2.2025891666999087e-05, 4.1532679460942745e-05, 5.0277052650926635e-05, 4.4797045120503753e-05, 2.411993955320213e-05, 1.099411201721523e-05, 5.04458603245439e-06, 2.5083695618377533e-06, 2.015480276895687e-06, 1.1908596206922084e-06, 6.114374286880775e-07, 1.1247894917687518e-06, 2.483464527358592e-07, 1.1407393429863077e-07, 1.248163670197755e-07, 8.294243514228583e-08, 7.582325878274787e-08, 6.578628841680256e-08, 1.1262211074836159e-07, 1.7570494037499884e-07, 1.922205967730406e-07, 1.4789401348025422e-07, 1.0462106558861706e-07, 1.4111942903127783e-07, 9.892175967252115e-08, 8.927025163529834e-08, 1.3312259738995635e-07, 5.3525511134466797e-08, 4.2975507597020624e-08, 4.505060147153017e-08, 3.627182110221838e-08, 3.165475348509972e-08, 2.957645861556557e-08, 2.5525528357661642e-08, 2.4841774859396537e-08, 2.154530776010688e-08, 1.9376498627821093e-08, 1.3415461630472691e-08, 1.0734009237012287e-08, 1.2331963894496312e-08, 9.949439494505441e-09, 9.008593870873938e-09, 8.037542187366853e-09, 6.897506121816832e-09, 6.386219553178307e-09, 7.1098384957224425e-09, 6.23625506790404e-09, 6.8942203057531515e-09, 5.322549512243313e-09, 4.055957791848641e-09, 3.08514747082711e-09, 2.689339195782736e-09, 2.6105981820734314e-09, 1.8229379117329358e-09, 1.5789318741354919e-09, 1.2807597205011234e-09, 8.247561522622959e-10, 4.871794079264191e-10, 5.014749171472488e-10, 2.8645633087798217e-10, 1.90848739589633e-10, 2.455777525778302e-10, 8.445230625930833e-11, 2.6261109606351418e-11, 5.612515660557982e-12, 5.478040764061998e-12, 5.35185047320641e-12, 5.249012596103553e-12, 5.151622618077001e-12, 5.081315576638268e-12, 5.020801049221424e-12, 4.9786507382021394e-12, 4.95155522486912e-12], "lowlevel.mfcc.mean": [-768.9826049804688, 161.9567108154297, -24.703784942626953, -39.74163818359375, -24.478900909423828, -28.050048828125, -38.400943756103516, -11.367934226989746, -17.95906639099121, -16.193702697753906, 1.8360193967819214, -0.15849708020687103, -11.633940696716309], "lowlevel.spectral_contrast_coeffs.mean": [-0.5530102849006653, -0.6518046855926514, -0.7251797914505005, -0.7660995125770569, -0.7660208940505981, -0.8147112727165222], "lowlevel.spectral_contrast_coeffs.stdev": [0.11067141592502594, 0.0916336178779602, 0.08860379457473755, 0.07166694849729538, 0.09184302389621735, 0.02842308208346367], "lowlevel.spectral_contrast_valleys.mean": [-9.554018020629883, -6.90728759765625, -7.963240146636963, -8.552326202392578, -9.516353607177734, -11.729851722717285], "lowlevel.spectral_contrast_valleys.stdev": [0.7291520237922668, 0.719704270362854, 0.8003334403038025, 0.7474027872085571, 0.4254927635192871, 0.2525958716869354], "rhythm.beats_loudness_band_ratio.mean": [0.01759244315326214, 0.13794636726379395, 0.6144322752952576, 0.18701593577861786, 0.06836776435375214, 0.000829181692097336], "rhythm.beats_loudness_band_ratio.stdev": [0.05418771877884865, 0.14527550339698792, 0.21513360738754272, 0.20144660770893097, 0.11925072222948074, 0.0011469591408967972], "tonal.hpcp.mean": [0.21236178278923035, 0.15957069396972656, 0.22629432380199432, 0.3467101454734802, 0.174307182431221, 0.018270818516612053, 0.01234084740281105, 0.01659764163196087, 0.1462436020374298, 0.2797197699546814, 0.15493373572826385, 0.016974767670035362, 0.01540343090891838, 0.02305743470788002, 0.21370752155780792, 0.384143590927124, 0.20880314707756042, 0.05391335487365723, 0.05933833494782448, 0.04577895998954773, 0.049736808985471725, 0.06411631405353546, 0.06844881922006607, 0.14864946901798248, 0.23561163246631622, 0.13341109454631805, 0.01576673798263073, 0.011848139576613903, 0.018020913004875183, 0.05288216099143028, 0.08251780271530151, 0.053911201655864716, 0.020074423402547836, 0.011948304250836372, 0.017465269193053246, 0.10987289994955063], "tonal.hpcp.stdev": [0.3243567943572998, 0.25227102637290955, 0.26566892862319946, 0.385004460811615, 0.23396988213062286, 0.0737600103020668, 0.060001157224178314, 0.07596518844366074, 0.21765713393688202, 0.3833251893520355, 0.228275328874588, 0.06263164430856705, 0.06529641151428223, 0.07485268265008926, 0.2397761195898056, 0.38982489705085754, 0.2471296191215515, 0.16024866700172424, 0.18153606355190277, 0.14391951262950897, 0.15422207117080688, 0.18335889279842377, 0.17890964448451996, 0.22866246104240417, 0.3196067810058594, 0.22597454488277435, 0.051332712173461914, 0.042778730392456055, 0.06239796802401543, 0.134240984916687, 0.20293869078159332, 0.14837950468063354, 0.09149399399757385, 0.05635000392794609, 0.06930216401815414, 0.21080562472343445], "rhythm.beats_position": [0.5921088457107544, 1.172607660293579, 1.7414965629577637, 2.2987754344940186, 2.8444442749023438, 3.4017233848571777, 3.947392225265503, 4.504671096801758, 5.061950206756592, 5.619228839874268, 6.153287887573242, 6.6989569664001465, 7.233015537261963, 7.7670745849609375, 8.312743186950684, 8.870022773742676, 9.427301406860352, 9.984580039978027, 10.51863956451416, 11.064308166503906, 11.609976768493652, 12.155646324157715, 12.701314926147461, 13.246983528137207, 13.79265308380127, 14.349931716918945, 14.895600318908691, 15.441269874572754, 15.9869384765625, 16.532608032226562, 17.066665649414062, 17.623945236206055, 18.158004760742188, 18.692062377929688, 19.20290184020996, 19.736961364746094, 20.294239044189453, 20.851518630981445, 21.385578155517578, 21.93124771118164, 22.47691535949707, 23.010974884033203, 23.545034408569336, 24.067481994628906, 24.58993148803711, 25.123991012573242, 25.658048629760742, 26.180498123168945, 26.714557647705078, 27.23700714111328, 27.77106475830078, 28.305124282836914, 28.839183807373047, 29.350021362304688, 29.86086082458496, 30.394920349121094, 30.917369842529297, 31.451427459716797, 31.98548698425293, 32.51954650878906, 33.05360412597656, 33.576053619384766, 34.110111236572266, 34.63256072998047, 35.15501022338867, 35.66584777832031, 36.17668914794922, 36.68752670288086, 37.198368072509766, 37.709205627441406, 38.22004318237305, 38.73088455200195, 39.253334045410156, 39.775779724121094], "rhythm.bpm_histogram": [0.0, 0.0, 0.0, 0.0, 0.0, 0.0, 0.0, 0.0, 0.0, 0.0, 0.0, 0.0, 0.0, 0.0, 0.0, 0.0, 0.0, 0.0, 0.0, 0.0, 0.0, 0.0, 0.0, 0.0, 0.0, 0.0, 0.0, 0.0, 0.0, 0.0, 0.0, 0.0, 0.0, 0.0, 0.0, 0.0, 0.0, 0.0, 0.0, 0.0, 0.0, 0.0, 0.0, 0.0, 0.0, 0.0, 0.0, 0.0, 0.0, 0.0, 0.0, 0.0, 0.0, 0.0, 0.0, 0.0, 0.0, 0.0, 0.0, 0.0, 0.0, 0.0, 0.0, 0.0, 0.0, 0.0, 0.0, 0.0, 0.0, 0.0, 0.0, 0.0, 0.0, 0.0, 0.0, 0.0, 0.0, 0.0, 0.0, 0.0, 0.0, 0.0, 0.0, 0.0, 0.0, 0.0, 0.0, 0.0, 0.0, 0.0, 0.0, 0.0, 0.0, 0.0, 0.0, 0.0, 0.0, 0.0, 0.0, 0.0, 0.0, 0.0, 0.0, 0.013698630034923553, 0.0, 0.013698630034923553, 0.0, 0.0, 0.16438356041908264, 0.0, 0.21917808055877686, 0.0, 0.31506848335266113, 0.0, 0.0, 0.13698630034923553, 0.0, 0.13698630034923553, 0.0, 0.0, 0.0, 0.0, 0.0, 0.0, 0.0, 0.0, 0.0, 0.0, 0.0, 0.0, 0.0, 0.0, 0.0, 0.0, 0.0, 0.0, 0.0, 0.0, 0.0, 0.0, 0.0, 0.0, 0.0, 0.0, 0.0, 0.0, 0.0, 0.0, 0.0, 0.0, 0.0, 0.0, 0.0, 0.0, 0.0, 0.0, 0.0, 0.0, 0.0, 0.0, 0.0, 0.0, 0.0, 0.0, 0.0, 0.0, 0.0, 0.0, 0.0, 0.0, 0.0, 0.0, 0.0, 0.0, 0.0, 0.0, 0.0, 0.0, 0.0, 0.0, 0.0, 0.0, 0.0, 0.0, 0.0, 0.0, 0.0, 0.0, 0.0, 0.0, 0.0, 0.0, 0.0, 0.0, 0.0, 0.0, 0.0, 0.0, 0.0, 0.0, 0.0, 0.0, 0.0, 0.0, 0.0, 0.0, 0.0, 0.0, 0.0, 0.0, 0.0, 0.0, 0.0, 0.0, 0.0, 0.0, 0.0, 0.0, 0.0, 0.0, 0.0, 0.0, 0.0, 0.0, 0.0, 0.0, 0.0, 0.0, 0.0, 0.0, 0.0, 0.0, 0.0, 0.0, 0.0, 0.0, 0.0, 0.0, 0.0, 0.0, 0.0, 0.0, 0.0, 0.0, 0.0, 0.0, 0.0, 0.0, 0.0, 0.0], "tonal.chords_histogram": [57.407405853271484, 3.472222328186035, 14.93055534362793, 4.166666507720947, 0.0, 0.0, 0.0, 0.0, 3.2407407760620117, 0.0, 0.9259259104728699, 0.0, 0.0, 0.0, 0.0, 0.0, 0.0, 0.0, 0.0, 0.0, 0.0, 4.861111164093018, 0.0, 10.995369911193848], "tonal.thpcp": [1.0, 0.543554961681366, 0.14034688472747803, 0.15446914732456207, 0.11917147785425186, 0.12947452068328857, 0.1669071614742279, 0.17818550765514374, 0.3869633078575134, 0.6133425831794739, 0.3472948670387268, 0.04104386642575264, 0.030842997133731842, 0.04691191762685776, 0.13766248524188995, 0.21480979025363922, 0.14034128189086914, 0.05225760489702225, 0.031103745102882385, 0.04546546936035156, 0.2860203981399536, 0.552818775177002, 0.4153933525085449, 0.5890878438949585, 0.9025534987449646, 0.45375528931617737, 0.04756247252225876, 0.03212561085820198, 0.04320686683058739, 0.38070034980773926, 0.7281646132469177, 0.4033224582672119, 0.04418860003352165, 0.04009810835123062, 0.06002295762300491, 0.5563219785690308], "lowlevel.gfcc.cov": [[2660.186279296875, 911.2503662109375, -991.9801635742188, -432.9102783203125, 495.27606201171875, -212.6342010498047, -144.4365234375, -205.64572143554688, -56.837188720703125, -579.8290405273438, 34.97911834716797, -91.60641479492188, 26.18032455444336], [911.2503662109375, 667.8609619140625, -41.06559371948242, -114.70095825195312, 193.38919067382812, -48.159584045410156, -66.77983856201172, -136.401611328125, -114.04654693603516, -276.6506652832031, -16.946107864379883, -53.08338928222656, 21.28685760498047], [-991.9801635742188, -41.06559371948242, 897.6207885742188, 294.8089599609375, -250.83607482910156, 65.4517822265625, 68.57299041748047, 29.956708908081055, -84.76494598388672, 190.88014221191406, -54.86821746826172, 13.591368675231934, -8.422700881958008], [-432.9102783203125, -114.70095825195312, 294.8089599609375, 531.9008178710938, 48.917057037353516, -25.60276985168457, -156.9977569580078, -10.94658088684082, -108.06120300292969, -18.63020133972168, -92.3953628540039, 36.58710479736328, -17.995471954345703], [495.27606201171875, 193.38919067382812, -250.83607482910156, 48.917057037353516, 289.4139709472656, -32.48133850097656, -124.7063217163086, -29.922632217407227, 0.9321490526199341, -165.99851989746094, -50.022979736328125, -22.943958282470703, -11.943787574768066], [-212.6342010498047, -48.159584045410156, 65.4517822265625, -25.60276985168457, -32.48133850097656, 178.11456298828125, 88.72452545166016, -8.606433868408203, -48.29252624511719, 32.01153564453125, -9.75907039642334, 14.65084171295166, -6.63475227355957], [-144.4365234375, -66.77983856201172, 68.57299041748047, -156.9977569580078, -124.7063217163086, 88.72452545166016, 284.64239501953125, 97.02399444580078, 36.2418098449707, 89.66014862060547, 34.11445999145508, -4.967160701751709, 39.68564224243164], [-205.64572143554688, -136.401611328125, 29.956708908081055, -10.94658088684082, -29.922632217407227, -8.606433868408203, 97.02399444580078, 153.2367706298828, 127.17926788330078, 104.98157501220703, 14.417378425598145, 5.756256103515625, 16.13444709777832], [-56.837188720703125, -114.04654693603516, -84.76494598388672, -108.06120300292969, 0.9321490526199341, -48.29252624511719, 36.2418098449707, 127.17926788330078, 278.9501647949219, 175.96156311035156, 30.3203125, -33.90888977050781, 22.312564849853516], [-579.8290405273438, -276.6506652832031, 190.88014221191406, -18.63020133972168, -165.99851989746094, 32.01153564453125, 89.66014862060547, 104.98157501220703, 175.96156311035156, 321.5977478027344, 66.39240264892578, 0.6417354941368103, -3.8365252017974854], [34.97911834716797, -16.946107864379883, -54.86821746826172, -92.3953628540039, -50.022979736328125, -9.75907039642334, 34.11445999145508, 14.417378425598145, 30.3203125, 66.39240264892578, 145.1480712890625, 46.528690338134766, -52.53886413574219], [-91.60641479492188, -53.08338928222656, 13.591368675231934, 36.58710479736328, -22.943958282470703, 14.65084171295166, -4.967160701751709, 5.756256103515625, -33.90888977050781, 0.6417354941368103, 46.528690338134766, 86.13916015625, -13.066208839416504], [26.18032455444336, 21.28685760498047, -8.422700881958008, -17.995471954345703, -11.943787574768066, -6.63475227355957, 39.68564224243164, 16.13444709777832, 22.312564849853516, -3.8365252017974854, -52.53886413574219, -13.066208839416504, 127.37958526611328]], "lowlevel.gfcc.icov": [[0.0027558363508433104, -0.0035290441010147333, 0.002999950433149934, -0.0004546104173641652, 0.00029450375586748123, 0.0019469372928142548, -0.0015154541470110416, 0.001139609725214541, -0.0005058332462795079, 0.0002823951654136181, 0.000683714053593576, -0.0003660662332549691, 0.0009558703750371933], [-0.0035290441010147333, 0.012087288312613964, -0.008819355629384518, 0.003496013581752777, -0.006459049880504608, -0.0019093145383521914, 0.001463437220081687, 0.00326920161023736, -0.0019027957459911704, 0.00757578294724226, -0.008504721336066723, 0.0050437734462320805, -0.005388000514358282], [0.002999950433149934, -0.008819355629384518, 0.009092572145164013, -0.0036922511644661427, 0.0059361509047448635, 0.0018673932645469904, -0.0019037430174648762, -0.0019431650871410966, 0.002322260057553649, -0.00644801277667284, 0.007226055022329092, -0.0030868772882968187, 0.004492802079766989], [-0.0004546104173641652, 0.003496013581752777, -0.0036922511644661427, 0.006093461997807026, -0.004535408690571785, 0.0010627883020788431, 0.0027047412004321814, -0.001337523339316249, 0.0028400865849107504, 0.00043348412145860493, -0.0001776598219294101, -0.0004988411092199385, -0.0015261288499459624], [0.00029450375586748123, -0.006459049880504608, 0.0059361509047448635, -0.004535408690571785, 0.014696113765239716, -0.003394310362637043, 0.0028972344007343054, -0.005056458525359631, -0.002421615645289421, 0.00020732726261485368, 0.005452981684356928, -0.0009296814096160233, 0.004293856211006641], [0.0019469372928142548, -0.0019093145383521914, 0.0018673932645469904, 0.0010627883020788431, -0.003394310362637043, 0.011973975226283073, -0.006237362511456013, 0.004745776299387217, 0.0027631542179733515, -0.004521884024143219, 0.0054342844523489475, -0.004833787679672241, 0.002965490100905299], [-0.0015154541470110416, 0.001463437220081687, -0.0019037430174648762, 0.0027047412004321814, 0.0028972344007343054, -0.006237362511456013, 0.012322723865509033, -0.010813902132213116, 0.0039014609064906836, 0.0005968413897790015, -0.0036977818235754967, 0.004642625339329243, -0.003913925960659981], [0.001139609725214541, 0.00326920161023736, -0.0019431650871410966, -0.001337523339316249, -0.005056458525359631, 0.004745776299387217, -0.010813902132213116, 0.024113411083817482, -0.011632013134658337, 0.0045641157776117325, -0.0008863115799613297, -0.0043686265125870705, 0.0003511915565468371], [-0.0005058332462795079, -0.0019027957459911704, 0.002322260057553649, 0.0028400865849107504, -0.002421615645289421, 0.0027631542179733515, 0.0039014609064906836, -0.011632013134658337, 0.01797163300216198, -0.013175495900213718, 0.0036433327477425337, 0.0017001440282911062, -0.0007162908441387117], [0.0002823951654136181, 0.00757578294724226, -0.00644801277667284, 0.00043348412145860493, 0.00020732726261485368, -0.004521884024143219, 0.0005968413897790015, 0.0045641157776117325, -0.013175495900213718, 0.022948943078517914, -0.014159607701003551, 0.007934383116662502, -0.0046966057270765305], [0.000683714053593576, -0.008504721336066723, 0.007226055022329092, -0.0001776598219294101, 0.005452981684356928, 0.0054342844523489475, -0.0036977818235754967, -0.0008863115799613297, 0.0036433327477425337, -0.014159607701003551, 0.02690838649868965, -0.016356797888875008, 0.012148234993219376], [-0.0003660662332549691, 0.0050437734462320805, -0.0030868772882968187, -0.0004988411092199385, -0.0009296814096160233, -0.004833787679672241, 0.004642625339329243, -0.0043686265125870705, 0.0017001440282911062, 0.007934383116662502, -0.016356797888875008, 0.02461225539445877, -0.006554951425641775], [0.0009558703750371933, -0.005388000514358282, 0.004492802079766989, -0.0015261288499459624, 0.004293856211006641, 0.002965490100905299, -0.003913925960659981, 0.0003511915565468371, -0.0007162908441387117, -0.0046966057270765305, 0.012148234993219376, -0.006554951425641775, 0.01469024270772934]], "lowlevel.mfcc.cov": [[3018.094970703125, 966.6784057617188, -1272.7298583984375, -283.0250244140625, 297.6075134277344, -159.7790985107422, -147.02374267578125, 249.62808227539062, -212.05804443359375, -393.6009521484375, -55.0274543762207, -239.4581298828125, -409.7260437011719], [966.6784057617188, 759.0667114257812, -190.6520233154297, -163.02932739257812, 75.9406509399414, -33.19453811645508, 24.946422576904297, 82.33995819091797, -77.96068572998047, -140.15573120117188, -74.60359954833984, -92.24018096923828, -102.06145477294922], [-1272.7298583984375, -190.6520233154297, 929.7528076171875, 243.1527099609375, -165.6755828857422, 99.6153793334961, 146.78228759765625, -120.64598846435547, 24.659921646118164, 105.86896514892578, -66.81989288330078, 65.98664093017578, 175.26942443847656], [-283.0250244140625, -163.02932739257812, 243.1527099609375, 415.9416809082031, 162.18605041503906, -14.220129013061523, -32.32332992553711, -20.599275588989258, 8.44147777557373, 7.625802040100098, -88.63885498046875, -79.25749969482422, -6.169484615325928], [297.6075134277344, 75.9406509399414, -165.6755828857422, 162.18605041503906, 362.8851013183594, 13.263422966003418, -136.4871063232422, 25.40777015686035, -38.17748260498047, -104.52625274658203, -34.39923858642578, -71.60942840576172, -124.80786895751953], [-159.7790985107422, -33.19453811645508, 99.6153793334961, -14.220129013061523, 13.263422966003418, 136.99266052246094, 61.64140319824219, -10.5064697265625, -0.8898506164550781, -10.417314529418945, -13.96529483795166, 1.0805646181106567, -14.1641206741333], [-147.02374267578125, 24.946422576904297, 146.78228759765625, -32.32332992553711, -136.4871063232422, 61.64140319824219, 217.59518432617188, 64.39446258544922, -28.147459030151367, -14.96784782409668, -20.197275161743164, -4.629835605621338, 7.120126724243164], [249.62808227539062, 82.33995819091797, -120.64598846435547, -20.599275588989258, 25.40777015686035, -10.5064697265625, 64.39446258544922, 162.98934936523438, -4.9139404296875, -83.68809509277344, -9.493785858154297, -19.420188903808594, -61.49150848388672], [-212.05804443359375, -77.96068572998047, 24.659921646118164, 8.44147777557373, -38.17748260498047, -0.8898506164550781, -28.147459030151367, -4.9139404296875, 235.7544403076172, 193.7886199951172, -28.881196975708008, -12.709635734558105, 85.58644104003906], [-393.6009521484375, -140.15573120117188, 105.86896514892578, 7.625802040100098, -104.52625274658203, -10.417314529418945, -14.96784782409668, -83.68809509277344, 193.7886199951172, 297.4385681152344, 46.93304443359375, 30.213499069213867, 150.6771240234375], [-55.0274543762207, -74.60359954833984, -66.81989288330078, -88.63885498046875, -34.39923858642578, -13.96529483795166, -20.197275161743164, -9.493785858154297, -28.881196975708008, 46.93304443359375, 185.69400024414062, 135.3860626220703, 47.62933349609375], [-239.4581298828125, -92.24018096923828, 65.98664093017578, -79.25749969482422, -71.60942840576172, 1.0805646181106567, -4.629835605621338, -19.420188903808594, -12.709635734558105, 30.213499069213867, 135.3860626220703, 217.69107055664062, 139.66015625], [-409.7260437011719, -102.06145477294922, 175.26942443847656, -6.169484615325928, -124.80786895751953, -14.1641206741333, 7.120126724243164, -61.49150848388672, 85.58644104003906, 150.6771240234375, 47.62933349609375, 139.66015625, 269.9505615234375]], "lowlevel.mfcc.icov": [[0.002701647812500596, -0.0030007942114025354, 0.003794422373175621, -0.0024559537414461374, 0.0023687551729381084, -0.0013478706823661923, 0.0014295338187366724, -0.0005567122716456652, 0.0009536658762954175, 0.0005351068684831262, 0.00025556751643307507, -0.0002670571266207844, 0.0007982337265275419], [-0.0030007942114025354, 0.005563265644013882, -0.004684028215706348, 0.004961418453603983, -0.004536191467195749, 0.003216586308553815, -0.0025219633243978024, 0.00015732763858977705, -0.0003425408503971994, -0.000668294494971633, 0.0007109245634637773, 0.0012831971980631351, -0.0014304560609161854], [0.003794422373175621, -0.004684028215706348, 0.008255601860582829, -0.006291843019425869, 0.005264402832835913, -0.003871380118653178, 0.0009695302578620613, 0.001017143833450973, 0.0013204300776124, 0.0006382918218150735, 0.0016263597644865513, -0.0025064426008611917, 0.0011561027495190501], [-0.0024559537414461374, 0.004961418453603983, -0.006291843019425869, 0.010379566811025143, -0.008230979554355145, 0.0058106011711061, -0.0028475045692175627, -0.0005925668519921601, 0.0006984106730669737, -0.0019168521976098418, 0.0015462682349607348, 0.0028622217942029238, -0.0019951111171394587], [0.0023687551729381084, -0.004536191467195749, 0.005264402832835913, -0.008230979554355145, 0.012534327805042267, -0.007965173572301865, 0.008425523526966572, -0.0028914036229252815, 0.0013366419589146972, 0.0012532039545476437, -0.0006436725379899144, -0.0009732132311910391, 0.002264212118461728], [-0.0013478706823661923, 0.003216586308553815, -0.003871380118653178, 0.0058106011711061, -0.007965173572301865, 0.015457814559340477, -0.009200229309499264, 0.0054086423479020596, -0.004237829241901636, 0.0022304109297692776, -6.450341061281506e-06, -0.00019017024897038937, 0.0006180106429383159], [0.0014295338187366724, -0.0025219633243978024, 0.0009695302578620613, -0.0028475045692175627, 0.008425523526966572, -0.009200229309499264, 0.016782857477664948, -0.010958408936858177, 0.0077048721723258495, -0.0048555005341768265, 0.00226325960829854, 0.0007962777162902057, 0.00045161257730796933], [-0.0005567122716456652, 0.00015732763858977705, 0.001017143833450973, -0.0005925668519921601, -0.0028914036229252815, 0.0054086423479020596, -0.010958408936858177, 0.017661701887845993, -0.011375421658158302, 0.010607033967971802, -0.005018910858780146, 6.233049498405308e-05, 0.000339036516379565], [0.0009536658762954175, -0.0003425408503971994, 0.0013204300776124, 0.0006984106730669737, 0.0013366419589146972, -0.004237829241901636, 0.0077048721723258495, -0.011375421658158302, 0.02068345993757248, -0.017282361164689064, 0.01107681356370449, -0.0036067054606974125, 0.0010782367317005992], [0.0005351068684831262, -0.000668294494971633, 0.0006382918218150735, -0.0019168521976098418, 0.0012532039545476437, 0.0022304109297692776, -0.0048555005341768265, 0.010607033967971802, -0.017282361164689064, 0.022197164595127106, -0.01347206998616457, 0.008548836223781109, -0.005614281166344881], [0.00025556751643307507, 0.0007109245634637773, 0.0016263597644865513, 0.0015462682349607348, -0.0006436725379899144, -6.450341061281506e-06, 0.00226325960829854, -0.005018910858780146, 0.01107681356370449, -0.01347206998616457, 0.02089814469218254, -0.014142866246402264, 