{"song_id": "1182269596456198174", "download": "https://cdn.discordapp.com/attachments/1128313332273782784/1182269596456198174/chirp.mp4?ex=6584155d&amp", "lyrics": "G\u00f6ky\u00fcz\u00fc a\u011flad\u0131 o gece, toprak titredi Mara\u015f'ta,\nBir an \u00f6nce uyand\u0131k, ger\u00e7ekle y\u00fczle\u015ftik sabahla.\nEvler y\u0131k\u0131lm\u0131\u015f, kalpler parampar\u00e7a,\nMara\u015f'\u0131n topra\u011f\u0131 salland\u0131, dertleri y\u00fckseldi da\u011flarla.\nK\u0131r\u0131k camlar ard\u0131nda, hayaller toz olmu\u015f,\nDepremin izleriyle dolu sokaklar karanl\u0131k.\nMara\u015f'ta sevda y\u0131k\u0131lm\u0131\u015f, umutlar yerle bir,\nAma yine de ayakta, direniyor bu \u015fehir.", "style": ["rock</span><span>, female vocal</span><span>, bas guitar</span><span>, piano"], "essentia_features": {"lowlevel.average_loudness": 0.6621765494346619, "lowlevel.barkbands_crest.mean": 11.02104377746582, "lowlevel.barkbands_crest.stdev": 3.1355042457580566, "lowlevel.barkbands_flatness_db.mean": 0.2620813548564911, "lowlevel.barkbands_flatness_db.stdev": 0.05696871131658554, "lowlevel.barkbands_kurtosis.mean": 4.091406345367432, "lowlevel.barkbands_kurtosis.stdev": 6.822813510894775, "lowlevel.barkbands_skewness.mean": 1.3814078569412231, "lowlevel.barkbands_skewness.stdev": 1.0086824893951416, "lowlevel.barkbands_spread.mean": 8.90311050415039, "lowlevel.barkbands_spread.stdev": 8.047334671020508, "lowlevel.dissonance.mean": 0.394508957862854, "lowlevel.dissonance.stdev": 0.06691747903823853, "lowlevel.dynamic_complexity": 3.9256300926208496, "lowlevel.erbbands_crest.mean": 10.96772289276123, "lowlevel.erbbands_crest.stdev": 3.8669326305389404, "lowlevel.erbbands_flatness_db.mean": 0.27397772669792175, "lowlevel.erbbands_flatness_db.stdev": 0.06463804841041565, "lowlevel.erbbands_kurtosis.mean": 0.8189187049865723, "lowlevel.erbbands_kurtosis.stdev": 1.990508794784546, "lowlevel.erbbands_skewness.mean": 0.5646949410438538, "lowlevel.erbbands_skewness.stdev": 0.548037052154541, "lowlevel.erbbands_spread.mean": 21.805936813354492, "lowlevel.erbbands_spread.stdev": 16.43484878540039, "lowlevel.hfc.mean": 10.930094718933105, "lowlevel.hfc.stdev": 17.904165267944336, "lowlevel.loudness_ebu128.integrated": -27.637712478637695, "lowlevel.loudness_ebu128.loudness_range": 8.211954116821289, "lowlevel.loudness_ebu128.momentary.mean": -29.638628005981445, "lowlevel.loudness_ebu128.momentary.stdev": 4.272498607635498, "lowlevel.loudness_ebu128.short_term.mean": -29.04419708251953, "lowlevel.loudness_ebu128.short_term.stdev": 3.120313882827759, "lowlevel.melbands_crest.mean": 13.898717880249023, "lowlevel.melbands_crest.stdev": 3.8451764583587646, "lowlevel.melbands_flatness_db.mean": 0.317672461271286, "lowlevel.melbands_flatness_db.stdev": 0.0757809653878212, "lowlevel.melbands_kurtosis.mean": 7.98455810546875, "lowlevel.melbands_kurtosis.stdev": 11.635573387145996, "lowlevel.melbands_skewness.mean": 1.8737552165985107, "lowlevel.melbands_skewness.stdev": 1.3204779624938965, "lowlevel.melbands_spread.mean": 11.340310096740723, "lowlevel.melbands_spread.stdev": 11.65259075164795, "lowlevel.pitch_salience.mean": 0.5583115816116333, "lowlevel.pitch_salience.stdev": 0.0888497531414032, "lowlevel.silence_rate_20dB.mean": 1.0, "lowlevel.silence_rate_20dB.stdev": 0.0, "lowlevel.silence_rate_30dB.mean": 0.9779837727546692, "lowlevel.silence_rate_30dB.stdev": 0.14673595130443573, "lowlevel.silence_rate_60dB.mean": 0.06141367182135582, "lowlevel.silence_rate_60dB.stdev": 0.24008587002754211, "lowlevel.spectral_centroid.mean": 654.4833984375, "lowlevel.spectral_centroid.stdev": 445.950439453125, "lowlevel.spectral_complexity.mean": 11.724797248840332, "lowlevel.spectral_complexity.stdev": 7.9606614112854, "lowlevel.spectral_decrease.mean": -5.755978360610925e-09, "lowlevel.spectral_decrease.stdev": 7.15717618504641e-09, "lowlevel.spectral_energy.mean": 0.02271578647196293, "lowlevel.spectral_energy.stdev": 0.02824794128537178, "lowlevel.spectral_energyband_high.mean": 0.00021210763952694833, "lowlevel.spectral_energyband_high.stdev": 0.00119624228682369, "lowlevel.spectral_energyband_low.mean": 0.006888113915920258, "lowlevel.spectral_energyband_low.stdev": 0.01582453027367592, "lowlevel.spectral_energyband_middle_high.mean": 0.003368724137544632, "lowlevel.spectral_energyband_middle_high.stdev": 0.008312568068504333, "lowlevel.spectral_energyband_middle_low.mean": 0.013126418925821781, "lowlevel.spectral_energyband_middle_low.stdev": 0.015127038583159447, "lowlevel.spectral_entropy.mean": 6.537076473236084, "lowlevel.spectral_entropy.stdev": 0.6889886856079102, "lowlevel.spectral_flux.mean": 0.057728953659534454, "lowlevel.spectral_flux.stdev": 0.051456697285175323, "lowlevel.spectral_kurtosis.mean": 19.077333450317383, "lowlevel.spectral_kurtosis.stdev": 15.247157096862793, "lowlevel.spectral_rms.mean": 0.004074645694345236, "lowlevel.spectral_rms.stdev": 0.002357742516323924, "lowlevel.spectral_rolloff.mean": 800.7078247070312, "lowlevel.spectral_rolloff.stdev": 928.621337890625, "lowlevel.spectral_skewness.mean": 2.925339460372925, "lowlevel.spectral_skewness.stdev": 1.3058680295944214, "lowlevel.spectral_spread.mean": 2397386.0, "lowlevel.spectral_spread.stdev": 1230979.5, "lowlevel.spectral_strongpeak.mean": 0.8540509343147278, "lowlevel.spectral_strongpeak.stdev": 0.8648853898048401, "lowlevel.zerocrossingrate.mean": 0.03114391304552555, "lowlevel.zerocrossingrate.stdev": 0.031115692108869553, "metadata.audio_properties.analysis.equal_loudness": 0.0, "metadata.audio_properties.analysis.length": 40.04265213012695, "metadata.audio_properties.analysis.sample_rate": 44100.0, "metadata.audio_properties.analysis.start_time": 0.0, "metadata.audio_properties.bit_rate": 89820.0, "metadata.audio_properties.length": 40.042667388916016, "metadata.audio_properties.lossless": 0.0, "metadata.audio_properties.number_channels": 1.0, "metadata.audio_properties.replay_gain": -0.5180072784423828, "metadata.audio_properties.sample_rate": 48000.0, "rhythm.beats_count": 80.0, "rhythm.beats_loudness.mean": 0.02605522610247135, "rhythm.beats_loudness.stdev": 0.033713895827531815, "rhythm.bpm": 102.76447296142578, "rhythm.bpm_histogram_first_peak_bpm": 103.0, "rhythm.bpm_histogram_first_peak_weight": 0.5000000596046448, "rhythm.bpm_histogram_second_peak_bpm": 152.0, "rhythm.bpm_histogram_second_peak_spread": 0.08333331346511841, "rhythm.bpm_histogram_second_peak_weight": 0.13924050331115723, "rhythm.danceability": 0.991885781288147, "rhythm.onset_rate": 2.7961957454681396, "tonal.chords_changes_rate": 0.0625, "tonal.chords_number_rate": 0.0069444444961845875, "tonal.chords_strength.mean": 0.46921733021736145, "tonal.chords_strength.stdev": 0.09246166795492172, "tonal.hpcp_crest.mean": 21.389101028442383, "tonal.hpcp_crest.stdev": 9.767970085144043, "tonal.hpcp_entropy.mean": 1.2753936052322388, "tonal.hpcp_entropy.stdev": 0.8410996794700623, "tonal.key_edma.strength": 0.6270772218704224, "tonal.key_krumhansl.strength": 0.6136651039123535, "tonal.key_temperley.strength": 0.620955228805542, "tonal.tuning_diatonic_strength": 0.4920399785041809, "tonal.tuning_equal_tempered_deviation": 0.03102746419608593, "tonal.tuning_frequency": 434.9461669921875, "tonal.tuning_nontempered_energy_ratio": 0.644170343875885, "lowlevel.barkbands.mean": [1.809109562600497e-05, 0.002689851215109229, 0.0033975141122937202, 0.0014830870786681771, 0.0054378448985517025, 0.001453445409424603, 0.0005748125840909779, 0.002673609647899866, 0.001359504647552967, 0.0009155450970865786, 0.0004700505523942411, 0.0011678413720801473, 0.00028215048951096833, 0.00011867464490933344, 6.615235906792805e-05, 9.149636025540531e-05, 0.0001091705053113401, 7.828185334801674e-05, 9.139775647781789e-05, 5.2958293963456526e-05, 9.349086758447811e-05, 4.070215072715655e-05, 3.4026124922093004e-05, 1.1821254702226724e-05, 4.264021754352143e-06, 1.871832910893545e-09, 1.179014552654678e-09], "lowlevel.barkbands.stdev": [5.7364093663636595e-05, 0.007579098921269178, 0.00965737272053957, 0.0034197012428194284, 0.005706802476197481, 0.0018800453981384635, 0.002889954950660467, 0.005703071132302284, 0.005305951461195946, 0.0011065229773521423, 0.0021299459040164948, 0.0054734842851758, 0.0007960379589349031, 0.0001609204919077456, 0.0001316999550908804, 0.00024314605980180204, 0.0003075494896620512, 0.00023202203738037497, 0.0002541705034673214, 0.00016135380428750068, 0.0006665486725978553, 0.00023990505724214017, 0.00025926472153514624, 4.2165222112089396e-05, 1.9890065232175402e-05, 2.857509961984306e-08, 2.468244719722179e-09], "lowlevel.erbbands.mean": [0.054053306579589844, 0.722623348236084, 3.1350769996643066, 5.182250499725342, 6.342741966247559, 18.831932067871094, 33.4073486328125, 6.9849066734313965, 7.948790550231934, 19.616106033325195, 64.22989654541016, 33.38051223754883, 26.013517379760742, 22.78202247619629, 34.105499267578125, 40.74465560913086, 13.853208541870117, 8.04157543182373, 5.214632034301758, 3.3722293376922607, 5.909576892852783, 6.230919361114502, 4.281373977661133, 4.570948123931885, 4.190587520599365, 2.643777370452881, 3.38034725189209, 3.22332501411438, 1.5808418989181519, 1.4399418830871582, 0.7558809518814087, 0.3068540692329407, 0.17937792837619781, 0.08823085576295853, 0.0070596844889223576, 0.00021698481577914208, 2.5442626792937517e-05, 5.089659680379555e-06, 1.1849442671518773e-05, 2.594385478005279e-05], "lowlevel.erbbands.stdev": [0.17295147478580475, 1.9209524393081665, 8.277972221374512, 12.210535049438477, 12.876382827758789, 23.562185287475586, 32.74430847167969, 13.41275691986084, 43.73720932006836, 55.955078125, 147.0669708251953, 125.3956298828125, 46.91915512084961, 33.690223693847656, 157.90380859375, 197.5664520263672, 41.94001770019531, 9.993903160095215, 7.413782119750977, 7.1910080909729, 15.808911323547363, 17.546192169189453, 12.786185264587402, 12.7457857131958, 12.137405395507812, 7.8362274169921875, 17.6524600982666, 25.67516326904297, 8.56041145324707, 13.345263481140137, 4.002763748168945, 1.0306686162948608, 0.7337143421173096, 0.405169278383255, 0.040011584758758545, 0.0010250770719721913, 8.615112892584875e-05, 1.5962687029968947e-05, 1.4665042726846877e-05, 3.2172389182960615e-05], "lowlevel.gfcc.mean": [-119.50341033935547, 186.3779754638672, -136.66770935058594, 15.399066925048828, -70.03421020507812, -2.0173816680908203, -21.561124801635742, -21.129444122314453, -10.635540008544922, -28.192670822143555, 4.312259674072266, -26.180517196655273, -4.751773357391357], "lowlevel.melbands.mean": [0.000639130303170532, 0.0014234869740903378, 0.0009324742131866515, 0.000791899801697582, 0.001205886946991086, 0.0001653933577472344, 0.00011860056110890582, 0.0003011477820109576, 0.0004929302958771586, 0.00018869619816541672, 0.0001332472893409431, 9.954356937669218e-05, 8.88233698788099e-05, 0.00014000905503053218, 5.74654113734141e-05, 2.4999126253533177e-05, 1.3416175534075592e-05, 9.533754564472474e-06, 4.392233222461073e-06, 5.108154709887458e-06, 7.108169484126847e-06, 7.202094820968341e-06, 4.001722118118778e-06, 3.663069264803198e-06, 3.7296920254448196e-06, 3.207719146303134e-06, 2.362936129429727e-06, 1.6034395002861856e-06, 1.7857271359389415e-06, 2.765466661003302e-06, 1.5139112292672507e-06, 8.97609254479903e-07, 7.316066330531612e-07, 8.549694143766828e-07, 4.7231912958523026e-07, 2.59414690617632e-07, 1.5774716644045839e-07, 1.266582074777034e-07, 1.0922207138719386e-07, 6.171324429260494e-08], "lowlevel.melbands.stdev": [0.0019237658707424998, 0.003392906626686454, 0.002025834284722805, 0.001055972301401198, 0.0011597302509471774, 0.0002878534432966262, 0.0006403191946446896, 0.0007296575349755585, 0.0012094497215002775, 0.0007419269531965256, 0.00022810626251157373, 0.00012783754209522158, 0.0004055420868098736, 0.0006995407748036087, 0.00028488654061220586, 4.06653452955652e-05, 1.7005480913212523e-05, 1.3569340808317065e-05, 9.346779734187294e-06, 1.2296042768866755e-05, 1.9927903849747963e-05, 2.0780909835593775e-05, 1.426269045623485e-05, 1.0326441952202003e-05, 1.0831039617187344e-05, 9.099599992623553e-06, 7.437528438458685e-06, 4.888868716079742e-06, 7.770127012918238e-06, 2.1140926037332974e-05, 1.221774800796993e-05, 4.577520485327113e-06, 5.112755843583727e-06, 8.905577487894334e-06, 2.57653141488845e-06, 9.708923016660265e-07, 5.107471565679589e-07, 4.975432261744572e-07, 4.978699053026503e-07, 3.0641095349892566e-07], "lowlevel.melbands128.mean": [1.5167118363024201e-05, 0.0002749236882664263, 0.0009800688130781054, 0.001193184987641871, 0.0014174444368109107, 0.0017762319184839725, 0.0010756186675280333, 0.0007160850218497217, 0.0006408315966837108, 0.0004433851863723248, 0.001097368891350925, 0.0017219691071659327, 0.0014486403670161963, 0.000282232096651569, 0.00010073198791360483, 0.00011896678915945813, 0.00010092900629388168, 0.00014356081373989582, 9.838266123551875e-05, 0.00012908100325148553, 0.0004287737247068435, 0.0007553620380349457, 0.0004968297434970737, 0.000263885100139305, 0.00019949900161009282, 0.0001789273228496313, 0.00010316994303138927, 0.00010274781379848719, 0.00019066887034568936, 0.00014360167551785707, 5.0102600653190166e-05, 4.2888055759249255e-05, 7.551449380116537e-05, 0.00012461395817808807, 0.00017646243213675916, 0.00013383300392888486, 0.000109198568679858, 5.6843007769202814e-05, 2.3426926418324e-05, 2.4148706870619208e-05, 2.6517174774198793e-05, 2.7428513931226917e-05, 6.634253168158466e-06, 1.0983098945871461e-05, 1.524707749922527e-05, 8.090562914730981e-06, 5.199485258344794e-06, 4.548037850327091e-06, 3.4582535590743646e-06, 4.630053354048869e-06, 4.081322913407348e-06, 7.193354122136952e-06, 7.452352747350233e-06, 6.957530331419548e-06, 7.205047040770296e-06, 9.234767276211642e-06, 4.802989678864833e-06, 3.863412530336063e-06, 3.955255579057848e-06, 3.7432735098263947e-06, 3.5355308227735804e-06, 3.7179147511778865e-06, 3.7861213968426455e-06, 4.132898538955487e-06, 2.9189889119152213e-06, 2.8603631108126137e-06, 3.7694462662329897e-06, 2.956226126116235e-06, 1.959444261956378e-06, 1.6890155620785663e-06, 1.645743168410263e-06, 1.4546690181305166e-06, 1.5916557458695024e-06, 1.8274264448336908e-06, 1.9177739432052476e-06, 3.0508135751006193e-06, 3.4719230370683363e-06, 1.5111379525478696e-06, 1.5360056977442582e-06, 9.460607088840334e-07, 9.916029739542864e-07, 9.189625416183844e-07, 5.814421228933497e-07, 8.284472983177693e-07, 6.532191605401749e-07, 8.361220693586802e-07, 1.093280729946855e-06, 6.225161541806301e-07, 4.13110456065624e-07, 3.518683229231101e-07, 3.1243854436979746e-07, 2.308892135260976e-07, 1.7888653758291184e-07, 1.5914326922938926e-07, 1.3957559019672772e-07, 1.3212431326792284e-07, 1.2154323769664188e-07, 1.2582442820985307e-07, 1.0896332724996682e-07, 1.002585250375887e-07, 9.819611079819879e-08, 5.351706278133861e-08, 2.271911370144153e-08, 9.394844902033128e-09, 1.506241381621365e-10, 3.2139201022740593e-11, 1.757413485570236e-11, 1.436494759948781e-11, 1.3337239299082704e-11, 1.213310788644728e-11, 1.1300424138105392e-11, 1.1070034645899174e-11, 1.0704736576327978e-11, 1.0866784035112875e-11, 9.658030451775712e-12, 1.0174010939278944e-11, 6.846575389962695e-12, 5.498931605202317e-12, 5.40765826215206e-12, 5.304811711431823e-12, 5.085510571684049e-12, 4.967449628717757e-12, 4.939789029212438e-12, 4.818083432223119e-12, 4.357528227139085e-12, 3.577975589419413e-12, 3.1687322037121657e-12, 3.097095713569531e-12], "lowlevel.melbands128.stdev": [5.2108895033597946e-05, 0.0009382351418025792, 0.0033020488917827606, 0.0031693128403276205, 0.00363185559399426, 0.00509273586794734, 0.0027232884895056486, 0.0017180165741592646, 0.0014731291448697448, 0.0008858174551278353, 0.0016519628698006272, 0.0018690659198909998, 0.0015007455367594957, 0.0003870260843541473, 0.0003207397530786693, 0.0004255427629686892, 0.0005147963529452682, 0.0011299425968900323, 0.0004816052387468517, 0.0007542211678810418, 0.0010739893186837435, 0.0016468141693621874, 0.001582539756782353, 0.0013228821335360408, 0.0010357466526329517, 0.0008081258274614811, 0.00038729116204194725, 0.0002302639331901446, 0.00025341115542687476, 0.00020932448387611657, 0.0001046519391820766, 0.00017055062926374376, 0.0004287328338250518, 0.0006783823482692242, 0.0009446738404221833, 0.0008703034254722297, 0.0006302908877842128, 0.0003290152526460588, 0.00014819945499766618, 4.5917237002868205e-05, 4.1964052797993645e-05, 4.433049980434589e-05, 1.4250130334403366e-05, 2.201632014475763e-05, 2.5957328034564853e-05, 1.7647156710154377e-05, 1.113048529077787e-05, 1.1217422979825642e-05, 8.451157555100508e-06, 1.1870198250107933e-05, 1.07043597381562e-05, 2.1167910745134577e-05, 2.4468636183883063e-05, 2.3243273972184397e-05, 2.0775853045051917e-05, 3.17724043270573e-05, 1.4098116480454337e-05, 1.704755413811654e-05, 2.1726504201069474e-05, 1.2069705917383544e-05, 1.1229703886783682e-05, 1.1232969882257748e-05, 1.2205028724565636e-05, 1.3403321645455435e-05, 9.39033088798169e-06, 8.534391781722661e-06, 1.2206314750073943e-05, 1.0809888408402912e-05, 6.691458111163229e-06, 5.667122422892135e-06, 5.396195774665102e-06, 5.066776338935597e-06, 7.0612782110401895e-06, 8.968669135356322e-06, 9.960933311958797e-06, 2.3469418010790832e-05, 3.5437715268926695e-05, 1.2509955013229046e-05, 1.213005180034088e-05, 6.5536560214241035e-06, 5.115062322147423e-06, 4.910692496196134e-06, 2.7815815428766655e-06, 6.522144303744426e-06, 5.184210294828517e-06, 9.523938388156239e-06, 1.425504160579294e-05, 3.949960955651477e-06, 1.9610533854574896e-06, 1.4582784615413402e-06, 1.358558733954851e-06, 8.600347314313694e-07, 6.222921911103185e-07, 5.382985364121851e-07, 4.721634070392611e-07, 4.539903386557853e-07, 5.353863343771081e-07, 7.232977168314392e-07, 4.878860977441946e-07, 4.543201157503063e-07, 4.7509624323538446e-07, 3.014326068750961e-07, 2.162535110983299e-07, 6.459513457457433e-08, 1.1465297600210533e-09, 3.891534594568924e-10, 2.367287199600554e-10, 2.0052219606991883e-10, 2.033964385805831e-10, 1.8124154954612948e-10, 1.730242477071542e-10, 1.6818643699956226e-10, 1.6623945275906493e-10, 1.8095491771674688e-10, 1.458968362788582e-10, 1.7011847486259057e-10, 4.6790175900479625e-11, 1.136178217481243e-11, 1.0879217665626939e-11, 1.0740882142035169e-11, 9.517869999087214e-12, 8.99473724669253e-12, 8.788515054591883e-12, 8.615610828932585e-12, 8.496315630213136e-12, 8.39473195818341e-12, 8.32516087317936e-12, 8.280810932792537e-12], "lowlevel.mfcc.mean": [-749.7025146484375, 197.48480224609375, -1.141893744468689, 12.06954288482666, -15.265995025634766, 2.692554235458374, -2.347687005996704, 3.063908815383911, -20.44672393798828, 9.015484809875488, -4.298351287841797, -10.338048934936523, -14.467203140258789], "lowlevel.spectral_contrast_coeffs.mean": [-0.6291248798370361, -0.7062338590621948, -0.7269508242607117, -0.7792388200759888, -0.8126546740531921, -0.7492964267730713], "lowlevel.spectral_contrast_coeffs.stdev": [0.07033372670412064, 0.07975174486637115, 0.06486648321151733, 0.05206295847892761, 0.027514679357409477, 0.04393922910094261], "lowlevel.spectral_contrast_valleys.mean": [-7.08126974105835, -7.2244391441345215, -7.8547258377075195, -8.598517417907715, -8.996905326843262, -12.714201927185059], "lowlevel.spectral_contrast_valleys.stdev": [1.0345035791397095, 0.8654198050498962, 1.1089351177215576, 1.0758243799209595, 1.3407779932022095, 1.6968448162078857], "rhythm.beats_loudness_band_ratio.mean": [0.20194482803344727, 0.40015435218811035, 0.25466036796569824, 0.13697747886180878, 0.02133786305785179, 0.009746281430125237], "rhythm.beats_loudness_band_ratio.stdev": [0.2041042596101761, 0.1699415147304535, 0.15406276285648346, 0.0978742390871048, 0.03203178197145462, 0.0224232729524374], "tonal.hpcp.mean": [0.07478124648332596, 0.04503834247589111, 0.029580293223261833, 0.0362166129052639, 0.05936878174543381, 0.1519934982061386, 0.21938937902450562, 0.13990375399589539, 0.06434318423271179, 0.05771031975746155, 0.05732682719826698, 0.25151169300079346, 0.4753701984882355, 0.29486095905303955, 0.22673910856246948, 0.3959275484085083, 0.23044368624687195, 0.041671957820653915, 0.03464686498045921, 0.02982850931584835, 0.030584916472434998, 0.02652781829237938, 0.02307584509253502, 0.03662692382931709, 0.044991400092840195, 0.04039456322789192, 0.11975149810314178, 0.21358442306518555, 0.13169792294502258, 0.030286455526947975, 0.02201336808502674, 0.019119424745440483, 0.05254838615655899, 0.09564273804426193, 0.06384357810020447, 0.05365119129419327], "tonal.hpcp.stdev": [0.14846238493919373, 0.1168183907866478, 0.11988391727209091, 0.13095927238464355, 0.1646127700805664, 0.2530190944671631, 0.3185015618801117, 0.2249014973640442, 0.1811009794473648, 0.17508552968502045, 0.16797706484794617, 0.29901817440986633, 0.4621731638908386, 0.3198353350162506, 0.25778329372406006, 0.42705896496772766, 0.27277836203575134, 0.1273631453514099, 0.11209656298160553, 0.11307239532470703, 0.11139240115880966, 0.09541396051645279, 0.08730141818523407, 0.10403834283351898, 0.11414750665426254, 0.10153603553771973, 0.1583596020936966, 0.24530597031116486, 0.1748293936252594, 0.1020243763923645, 0.08604823052883148, 0.07731302082538605, 0.09582880884408951, 0.14084556698799133, 0.09956719726324081, 0.12152866274118423], "rhythm.beats_position": [0.3831292390823364, 0.7662584781646729, 1.160997748374939, 1.5441269874572754, 1.9272562265396118, 2.3103854656219482, 2.693514585494995, 3.0650339126586914, 3.4365532398223877, 3.808072566986084, 4.191201686859131, 4.562720775604248, 4.945850372314453, 5.3289794921875, 5.712108612060547, 6.164897918701172, 6.617686748504639, 7.070476055145264, 7.54648494720459, 8.010884284973145, 8.4752836227417, 8.939682006835938, 9.404081344604492, 9.868480682373047, 10.332880020141602, 10.78566837310791, 11.238457679748535, 11.69124698638916, 12.097596168518066, 12.492335319519043, 12.88707447052002, 13.281813621520996, 13.676552772521973, 14.07129192352295, 14.466031074523926, 14.860771179199219, 15.255510330200195, 15.650249481201172, 16.04498863220215, 16.497777938842773, 16.9505672454834, 17.403356552124023, 17.949024200439453, 18.494693756103516, 19.040363311767578, 19.609251022338867, 20.15492057800293, 20.71219825744629, 21.246257781982422, 21.803537368774414, 22.407255172729492, 22.987754821777344, 23.568254470825195, 24.206802368164062, 24.833740234375, 25.44906997680664, 26.076007843017578, 26.714557647705078, 27.376325607299805, 28.038095474243164, 28.630203247070312, 29.210702896118164, 29.791200637817383, 30.371700286865234, 30.952198028564453, 31.532697677612305, 32.113197326660156, 32.70530700683594, 33.285804748535156, 33.87791442871094, 34.458412170410156, 35.062129974365234, 35.64263153076172, 36.234737396240234, 36.826847076416016, 37.407344818115234, 37.999454498291016, 38.5915641784668, 39.18367385864258, 39.775779724121094], "rhythm.bpm_histogram": [0.0, 0.0, 0.0, 0.0, 0.0, 0.0, 0.0, 0.0, 0.0, 0.0, 0.0, 0.0, 0.0, 0.0, 0.0, 0.0, 0.0, 0.0, 0.0, 0.0, 0.0, 0.0, 0.0, 0.0, 0.0, 0.0, 0.0, 0.0, 0.0, 0.0, 0.0, 0.0, 0.0, 0.0, 0.0, 0.0, 0.0, 0.0, 0.0, 0.0, 0.0, 0.0, 0.0, 0.0, 0.0, 0.0, 0.0, 0.0, 0.0, 0.0, 0.0, 0.0, 0.0, 0.0, 0.0, 0.0, 0.0, 0.0, 0.0, 0.0, 0.0, 0.0, 0.0, 0.0, 0.0, 0.0, 0.0, 0.0, 0.0, 0.0, 0.0, 0.0, 0.0, 0.0, 0.0, 0.0, 0.0, 0.0, 0.0, 0.0, 0.0, 0.0, 0.0, 0.0, 0.0, 0.0, 0.0, 0.0, 0.0, 0.0, 0.0, 0.025316456332802773, 0.0, 0.0, 0.025316456332802773, 0.0, 0.025316456332802773, 0.0, 0.012658228166401386, 0.025316456332802773, 0.0, 0.1139240488409996, 0.0, 0.15189872682094574, 0.0, 0.012658228166401386, 0.0, 0.0, 0.025316456332802773, 0.0, 0.050632912665605545, 0.0, 0.012658228166401386, 0.0, 0.0, 0.0, 0.0, 0.0, 0.0, 0.0, 0.0, 0.0, 0.0, 0.0, 0.0, 0.0, 0.012658228166401386, 0.0, 0.0, 0.07594936341047287, 0.0, 0.0, 0.0, 0.1139240488409996, 0.0, 0.0, 0.0, 0.0, 0.0, 0.0, 0.0, 0.0, 0.0, 0.0, 0.0, 0.0, 0.0, 0.0, 0.012658228166401386, 0.0, 0.0, 0.0, 0.13924050331115723, 0.0, 0.0, 0.0, 0.0, 0.1139240488409996, 0.0, 0.0, 0.0, 0.050632912665605545, 0.0, 0.0, 0.0, 0.0, 0.0, 0.0, 0.0, 0.0, 0.0, 0.0, 0.0, 0.0, 0.0, 0.0, 0.0, 0.0, 0.0, 0.0, 0.0, 0.0, 0.0, 0.0, 0.0, 0.0, 0.0, 0.0, 0.0, 0.0, 0.0, 0.0, 0.0, 0.0, 0.0, 0.0, 0.0, 0.0, 0.0, 0.0, 0.0, 0.0, 0.0, 0.0, 0.0, 0.0, 0.0, 0.0, 0.0, 0.0, 0.0, 0.0, 0.0, 0.0, 0.0, 0.0, 0.0, 0.0, 0.0, 0.0, 0.0, 0.0, 0.0, 0.0, 0.0, 0.0, 0.0, 0.0, 0.0, 0.0, 0.0, 0.0, 0.0, 0.0, 0.0, 0.0, 0.0, 0.0, 0.0, 0.0, 0.0, 0.0, 0.0, 0.0, 0.0, 0.0, 0.0, 0.0, 0.0, 0.0], "tonal.chords_histogram": [18.865739822387695, 0.0, 5.092592716217041, 0.0, 0.0, 0.0, 0.0, 7.638888835906982, 0.9259259104728699, 15.972222328186035, 0.0, 0.0, 0.0, 0.0, 0.0, 0.0, 0.0, 0.0, 0.0, 0.0, 0.0, 0.0, 49.421295166015625, 2.0833332538604736], "tonal.thpcp": [1.0, 0.6202765107154846, 0.4769737422466278, 0.8328825831413269, 0.48476678133010864, 0.08766211569309235, 0.0728839635848999, 0.06274795532226562, 0.06433915346860886, 0.0558045469224453, 0.048542894423007965, 0.07704926282167435, 0.09464497119188309, 0.08497495949268341, 0.25191208720207214, 0.44930124282836914, 0.27704286575317383, 0.06371130794286728, 0.046307843178510666, 0.040220074355602264, 0.11054202914237976, 0.2011963278055191, 0.13430285453796387, 0.11286191642284393, 0.1573116034269333, 0.09474372118711472, 0.06222580373287201, 0.07618612051010132, 0.12488957494497299, 0.31973710656166077, 0.4615126848220825, 0.29430484771728516, 0.13535384833812714, 0.12140079587697983, 0.1205940693616867, 0.5290859341621399], "lowlevel.gfcc.cov": [[9235.126953125, -1863.0479736328125, -428.47052001953125, 2362.26806640625, -243.84413146972656, 1045.3763427734375, -196.87709045410156, 946.3460083007812, -153.05499267578125, -199.50331115722656, -124.18711853027344, 150.49627685546875, 750.9642944335938], [-1863.0479736328125, 1307.561279296875, 128.3195037841797, -876.6461791992188, 241.57627868652344, -394.9697570800781, 158.2666473388672, -368.33184814453125, 101.98502349853516, -45.13532638549805, 110.72328186035156, -87.41124725341797, -263.3966979980469], [-428.47052001953125, 128.3195037841797, 309.0720520019531, 0.1712995171546936, 53.25143051147461, -31.393983840942383, -41.90876388549805, -23.855022430419922, -31.640459060668945, 22.767690658569336, -20.303939819335938, -21.391347885131836, -5.852034091949463], [2362.26806640625, -876.6461791992188, 0.1712995171546936, 1142.76611328125, 39.759429931640625, 402.9667053222656, -99.9864730834961, 313.42962646484375, -34.677616119384766, -9.31455135345459, -79.6323013305664, 85.51759338378906, 283.9230651855469], [-243.84413146972656, 241.57627868652344, 53.25143051147461, 39.759429931640625, 262.1592712402344, -0.30165350437164307, 35.021427154541016, -40.354270935058594, 46.393409729003906, -9.619922637939453, 7.523548603057861, 2.5103957653045654, -14.592446327209473], [1045.3763427734375, -394.9697570800781, -31.393983840942383, 402.9667053222656, -0.30165350437164307, 273.08941650390625, -13.628385543823242, 165.33116149902344, -11.56783390045166, 3.196413278579712, -30.25117301940918, 33.35824203491211, 124.8315658569336], [-196.87709045410156, 158.2666473388672, -41.90876388549805, -99.9864730834961, 35.021427154541016, -13.628385543823242, 154.02273559570312, -27.99117088317871, 25.478607177734375, -13.298138618469238, 27.119510650634766, 17.645713806152344, -45.5507698059082], [946.3460083007812, -368.33184814453125, -23.855022430419922, 313.42962646484375, -40.354270935058594, 165.33116149902344, -27.99117088317871, 242.5970001220703, -25.367948532104492, 8.718878746032715, -24.294137954711914, 32.651241302490234, 125.38086700439453], [-153.05499267578125, 101.98502349853516, -31.640459060668945, -34.677616119384766, 46.393409729003906, -11.56783390045166, 25.478607177734375, -25.367948532104492, 101.63162994384766, 21.867069244384766, 24.785205841064453, 6.914789199829102, -29.353796005249023], [-199.50331115722656, -45.13532638549805, 22.767690658569336, -9.31455135345459, -9.619922637939453, 3.196413278579712, -13.298138618469238, 8.718878746032715, 21.867069244384766, 81.22694396972656, 6.8358612060546875, -4.235494136810303, -13.469462394714355], [-124.18711853027344, 110.72328186035156, -20.303939819335938, -79.6323013305664, 7.523548603057861, -30.25117301940918, 27.119510650634766, -24.294137954711914, 24.785205841064453, 6.8358612060546875, 59.212745666503906, 0.6023356318473816, -32.095741271972656], [150.49627685546875, -87.41124725341797, -21.391347885131836, 85.51759338378906, 2.5103957653045654, 33.35824203491211, 17.645713806152344, 32.651241302490234, 6.914789199829102, -4.235494136810303, 0.6023356318473816, 62.13029098510742, 35.523555755615234], [750.9642944335938, -263.3966979980469, -5.852034091949463, 283.9230651855469, -14.592446327209473, 124.8315658569336, -45.5507698059082, 125.38086700439453, -29.353796005249023, -13.469462394714355, -32.095741271972656, 35.523555755615234, 142.0192413330078]], "lowlevel.gfcc.icov": [[0.0005582304438576102, -0.0011432977626100183, 0.0009685896220616996, -0.0013547658454626799, 0.001245537307113409, -0.0009628308471292257, 0.0006261426606215537, -0.0010839842725545168, 0.0005617528222501278, 0.0005528667825274169, 0.0001302745658904314, 7.740451110294089e-05, -1.3148016478226054e-05], [-0.0011432977626100183, 0.008447432890534401, -0.004464500583708286, 0.005791975650936365, -0.006726494524627924, 0.0046929470263421535, -0.004361748229712248, 0.00447729742154479, -0.00436777388677001, 0.0029432401061058044, -0.005057422909885645, 0.004263180308043957, -0.0030514493118971586], [0.0009685896220616996, -0.004464500583708286, 0.006763227749615908, -0.0037222574464976788, 0.002562930341809988, -0.0020857248455286026, 0.0030536928679794073, -0.002534733386710286, 0.004181659314781427, -0.002504234667867422, 0.0030726646073162556, -0.0010563754476606846, 0.0012176788877695799], [-0.0013547658454626799, 0.005791975650936365, -0.0037222574464976788, 0.007340740412473679, -0.005731191951781511, 0.0013481421628966928, -0.0020904585253447294, 0.0032240794971585274, -0.0031500784680247307, 0.0008467575535178185, -0.002042886335402727, 0.0008589738281443715, -0.003461123676970601], [0.001245537307113409, -0.006726494524627924, 0.002562930341809988, -0.005731191951781511, 0.010657235980033875, -0.004062781576067209, 0.002244451781734824, -0.0028462265618145466, 0.0007828511297702789, -0.00026903944672085345, 0.003499127458781004, -0.0023326866794377565, 0.0019112277077510953], [-0.0009628308471292257, 0.0046929470263421535, -0.0020857248455286026, 0.0013481421628966928, -0.004062781576067209, 0.012632795609533787, -0.004560770001262426, 0.00034673092886805534, -0.0027910051867365837, -0.0003983265196438879, -0.0015498357824981213, 0.0035092532634735107, -0.004119088873267174], [0.0006261426606215537, -0.004361748229712248, 0.0030536928679794073, -0.0020904585253447294, 0.002244451781734824, -0.004560770001262426, 0.0119546577334404, -0.0032346451189368963, 0.0021103620529174805, 0.000813365273643285, 0.000750347797293216, -0.006804243661463261, 0.006218890193849802], [-0.0010839842725545168, 0.00447729742154479, -0.002534733386710286, 0.0032240794971585274, -0.0028462265618145466, 0.00034673092886805534, -0.0032346451189368963, 0.012528031133115292, -0.0015654154121875763, -0.0016878171591088176, -0.0028775061946362257, 0.0018576104193925858, -0.006807858590036631], [0.0005617528222501278, -0.00436777388677001, 0.004181659314781427, -0.0031500784680247307, 0.0007828511297702789, -0.0027910051867365837, 0.0021103620529174805, -0.0015654154121875763, 0.016539813950657845, -0.0058571286499500275, -0.0007326292688958347, -0.004446215927600861, 0.003800989594310522], [0.0005528667825274169, 0.0029432401061058044, -0.002504234667867422, 0.0008467575535178185, -0.00026903944672085345, -0.0003983265196438879, 0.000813365273643285, -0.0016878171591088176, -0.0058571286499500275, 0.018755922093987465, -0.004052537493407726, 0.002584670204669237, 0.0018185717053711414], [0.0001302745658904314, -0.005057422909885645, 0.0030726646073162556, -0.002042886335402727, 0.003499127458781004, -0.0015498357824981213, 0.000750347797293216, -0.0028775061946362257, -0.0007326292688958347, -0.004052537493407726, 0.025800172239542007, -0.004981132224202156, 0.005185835994780064], [7.740451110294089e-05, 0.004263180308043957, -0.0010563754476606846, 0.0008589738281443715, -0.0023326866794377565, 0.0035092532634735107, -0.006804243661463261, 0.0018576104193925858, -0.004446215927600861, 0.002584670204669237, -0.004981132224202156, 0.025765130296349525, -0.009654175490140915], [-1.3148016478226054e-05, -0.0030514493118971586, 0.0012176788877695799, -0.003461123676970601, 0.0019112277077510953, -0.004119088873267174, 0.006218890193849802, -0.006807858590036631, 0.003800989594310522, 0.0018185717053711414, 0.005185835994780064, -0.009654175490140915, 0.02478780783712864]], "lowlevel.mfcc.cov": [[9685.236328125, -3280.131103515625, 108.65277099609375, 1058.9898681640625, 622.0279541015625, 177.28717041015625, 429.8960876464844, 649.2628784179688, 1240.93359375, -705.5291748046875, -267.278076171875, 669.3220825195312, 396.1036682128906], [-3280.131103515625, 2229.74267578125, -190.65478515625, -477.7983093261719, -262.78692626953125, -94.29354095458984, -140.5895233154297, -169.9971923828125, -582.9165649414062, 323.2240295410156, 69.74444580078125, -228.35755920410156, -132.1602783203125], [108.65277099609375, -190.65478515625, 263.5513000488281, 51.40071105957031, 46.57623291015625, -14.820199012756348, 22.4907283782959, -50.406124114990234, 66.32341766357422, -64.64661407470703, 1.9897823333740234, 23.43489646911621, -7.911001682281494], [1058.9898681640625, -477.7983093261719, 51.40071105957031, 373.8198547363281, 181.8369140625, 116.86299896240234, 58.5179443359375, 92.15648651123047, 146.2373504638672, -65.66297912597656, -40.45619201660156, 46.90922164916992, 46.388614654541016], [622.0279541015625, -262.78692626953125, 46.57623291015625, 181.8369140625, 276.0763854980469, 68.16949462890625, 40.83469772338867, 34.040069580078125, 141.26641845703125, -47.06434631347656, -28.057580947875977, 36.71727752685547, 43.645477294921875], [177.28717041015625, -94.29354095458984, -14.820199012756348, 116.86299896240234, 68.16949462890625, 190.94265747070312, 23.956361770629883, 55.7362174987793, 8.119461059570312, 40.331085205078125, 7.598283290863037, -20.828386306762695, 14.319781303405762], [429.8960876464844, -140.5895233154297, 22.4907283782959, 58.5179443359375, 40.83469772338867, 23.956361770629883, 135.78416442871094, 62.59389877319336, 84.6185073852539, -41.33567810058594, -12.33731460571289, 45.102073669433594, 43.08081817626953], [649.2628784179688, -169.9971923828125, -50.406124114990234, 92.15648651123047, 34.040069580078125, 55.7362174987793, 62.59389877319336, 154.23953247070312, 93.36473083496094, -31.0692138671875, -30.211559295654297, 57.2655029296875, 56.00985336303711], [1240.93359375, -582.9165649414062, 66.32341766357422, 146.2373504638672, 141.26641845703125, 8.119461059570312, 84.6185073852539, 93.36473083496094, 303.6122131347656, -133.0772247314453, -50.56903839111328, 120.11954498291016, 81.82898712158203], [-705.5291748046875, 323.2240295410156, -64.64661407470703, -65.66297912597656, -47.06434631347656, 40.331085205078125, -41.33567810058594, -31.0692138671875, -133.0772247314453, 161.91102600097656, 46.99277114868164, -74.74604034423828, -35.434608459472656], [-267.278076171875, 69.74444580078125, 1.9897823333740234, -40.45619201660156, -28.057580947875977, 7.598283290863037, -12.33731460571289, -30.211559295654297, -50.56903839111328, 46.99277114868164, 72.05801391601562, -13.83216381072998, -15.117582321166992], [669.3220825195312, -228.35755920410156, 23.43489646911621, 46.90922164916992, 36.71727752685547, -20.828386306762695, 45.102073669433594, 57.2655029296875, 120.11954498291016, -74.74604034423828, -13.83216381072998, 137.298828125, 73.01810455322266], [396.1036682128906, -132.1602783203125, -7.911001682281494, 46.388614654541016, 43.645477294921875, 14.319781303405762, 43.08081817626953, 56.00985336303711, 81.82898712158203, -35.434608459472656, -15.117582321166992, 73.01810455322266, 111.28726196289062]], "lowlevel.mfcc.icov": [[0.00037879214505665004, 0.0002361362858209759, 0.00027518183924257755, -0.0003772864874918014, -2.7647745810099877e-05, 6.348815531964647e-06, -9.181927453028038e-05, -0.0004761208838317543, -0.0003919581067748368, 0.00037944113137200475, 0.00013039456098340452, -0.0007325932383537292, 0.0003016270056832582], [0.0002361362858209759, 0.001372054684907198, 0.00014474599447567016, 0.0007429002434946597, -0.0006564712966792285, 0.0005104827578179538, -0.0004434412985574454, -0.0006496291607618332, 0.0018811284098774195, -0.0009244162356480956, 0.0011263976339250803, -0.0005073362262919545, -1.1707736121024936e-05], [0.00027518183924257755, 0.00014474599447567016, 0.005657622124999762, -0.0010836448054760695, 8.005206473171711e-05, -0.00043674834887497127, -0.0012213733280077577, 0.0031604920513927937, -0.001348560443148017, 0.0020613991655409336, -0.0009445202886126935, -0.0011449713492766023, 0.001224180101417005], [-0.0003772864874918014, 0.0007429002434946597, -0.0010836448054760695, 0.006537200417369604, -0.0027790239546447992, -0.0019355545518919826, -2.0938094166922383e-05, -0.001587565871886909, 0.0018294770270586014, -0.00023141536803450435, 0.0015777918742969632, 0.0005888745072297752, -2.173198117816355e-05], [-2.7647745810099877e-05, -0.0006564712966792285, 8.005206473171711e-05, -0.0027790239546447992, 0.0069465176202356815, -0.001484811888076365, 6.563705392181873e-05, 0.002497229492291808, -0.003823855658993125, -0.00014674050908070058, 0.0002233456471003592, 0.0006243298994377255, -0.0009469829965382814], [6.348815531964647e-06, 0.0005104827578179538, -0.00043674834887497127, -0.0019355545518919826, -0.001484811888076365, 0.00927506573498249, -0.0005561527796089649, -0.003541921963915229, 0.0013742903247475624, -0.0029699469450861216, -0.001512883580289781, 0.0026657802518457174, -0.001164583140052855], [-9.181927453028038e-05, -0.0004434412985574454, -0.0012213733280077577, -2.0938094166922383e-05, 6.563705392181873e-05, -0.0005561527796089649, 0.010593562386929989, -0.003252269234508276, -0.0016690591583028436, 0.0011859978549182415, -0.0015441555297002196, 0.0005261342157609761, -0.0016462422208860517], [-0.0004761208838317543, -0.0006496291607618332, 0.0031604920513927937, -0.001587565871886909, 0.002497229492291808, -0.003541921963915229, -0.003252269234508276, 0.015224266797304153, -0.0026333665009588003, -0.0009082927135750651, 0.003033650806173682, -0.0023065819405019283, -0.0015446660108864307], [-0.0003919581067748368, 0.0018811284098774195, -0.001348560443148017, 0.0018294770270586014, -0.003823855658993125, 0.0013742903247475624, -0.0016690591583028436, -0.0026333665009588003, 0.013123397715389729, 0.0009524755296297371, 0.0026053234469145536, -0.0024899905547499657, -0.0012937566498294473], [0.00037944113137200475, -0.0009244162356480956, 0.0020613991655409336, -0.00023141536803450435, -0.00014674050908070058, -0.0029699469450861216, 0.0011859978549182415, -0.0009082927135750651, 0.0009524755296297371, 0.015166481025516987, -0.006562124006450176, 0.0029161132406443357, -0.0004436044255271554], [0.00013039456098340452, 0.0011263976339250803, -0.0009445202886126935, 0.0015777918742969632, 0.0002233456471003592, -0.001512883580289781, -0.0015441555297002196, 0.003033650806173682, 0.0026053234469145536, -0.006562124006450176, 0.020912963896989822, -0.004538833163678646, 0.0011405621189624071], [-0.0007325932383537292, -0.0005073362262919545, -0.0011449713492766023, 0.0005888745072297752, 0.0006243298994377255, 0.0026657802518457174, 0.0005261342157609761, -0.0023065819405019283, -0.0024899905547499657, 0.0029161132406443357, -0.004538833163678646, 0.018603501841425896, -0.008015860803425312], [0.0003016270056832582, -1.1707736121024936e-05, 0.001224180101417005, -2.173198117816355e-05, -0.000946982996538281