{"song_id": "1182286887256342558", "download": "https://cdn.discordapp.com/attachments/1135911532732108921/1182286887256342558/chirp.mp4?ex=65842577&amp", "lyrics": "Aujourd'hui on est l\u00e0 pour f\u00eater ton anniversaire \nAlison 30 \u00e7a se f\u00eate.\nBouteille de champagne \u00e0 la main, Lisa et Chlo\u00e9 sont l\u00e0 sur cette journ\u00e9e pour t'accompagner, la journ\u00e9e ne fait que commencer. \nJoyeux anniversaire alison !! \nSexe alcool est drogue aujourd'hui c'est la f\u00eate.<br>C'est pour toi, c'est ta surprise, une journ\u00e9e entre fille pour s'amuser et f\u00eatez \u00e7a. \nJoyeux anniversaire Alison. \nimmortalisons cette journ\u00e9e pour toujours s'en rappeler. \nGros dossier en fin de soir\u00e9e pour en rigoler. \nce soir tu vas boire et danser en soir\u00e9e \u00e7a va t'emmener. Sur le dance floor Alison Lisa et Chlo\u00e9 pour s'ambiancer.", "style": ["Pop"], "essentia_features": {"lowlevel.average_loudness": 0.9488105773925781, "lowlevel.barkbands_crest.mean": 12.93978500366211, "lowlevel.barkbands_crest.stdev": 4.221379280090332, "lowlevel.barkbands_flatness_db.mean": 0.19899939000606537, "lowlevel.barkbands_flatness_db.stdev": 0.05285806208848953, "lowlevel.barkbands_kurtosis.mean": 10.768549919128418, "lowlevel.barkbands_kurtosis.stdev": 10.429535865783691, "lowlevel.barkbands_skewness.mean": 2.5303690433502197, "lowlevel.barkbands_skewness.stdev": 1.2348655462265015, "lowlevel.barkbands_spread.mean": 13.429422378540039, "lowlevel.barkbands_spread.stdev": 16.232200622558594, "lowlevel.dissonance.mean": 0.4414995312690735, "lowlevel.dissonance.stdev": 0.036961629986763, "lowlevel.dynamic_complexity": 2.6142399311065674, "lowlevel.erbbands_crest.mean": 9.365455627441406, "lowlevel.erbbands_crest.stdev": 4.308393478393555, "lowlevel.erbbands_flatness_db.mean": 0.1575765460729599, "lowlevel.erbbands_flatness_db.stdev": 0.045265913009643555, "lowlevel.erbbands_kurtosis.mean": 1.086560606956482, "lowlevel.erbbands_kurtosis.stdev": 2.7187891006469727, "lowlevel.erbbands_skewness.mean": 0.6466097831726074, "lowlevel.erbbands_skewness.stdev": 0.8385995030403137, "lowlevel.erbbands_spread.mean": 38.27239990234375, "lowlevel.erbbands_spread.stdev": 22.126075744628906, "lowlevel.hfc.mean": 17.75461769104004, "lowlevel.hfc.stdev": 18.73961067199707, "lowlevel.loudness_ebu128.integrated": -16.8033504486084, "lowlevel.loudness_ebu128.loudness_range": 2.1129188537597656, "lowlevel.loudness_ebu128.momentary.mean": -17.258472442626953, "lowlevel.loudness_ebu128.momentary.stdev": 2.095205068588257, "lowlevel.loudness_ebu128.short_term.mean": -16.857664108276367, "lowlevel.loudness_ebu128.short_term.stdev": 0.7510503530502319, "lowlevel.melbands_crest.mean": 16.57697868347168, "lowlevel.melbands_crest.stdev": 5.461691856384277, "lowlevel.melbands_flatness_db.mean": 0.297586590051651, "lowlevel.melbands_flatness_db.stdev": 0.06249721348285675, "lowlevel.melbands_kurtosis.mean": 24.300804138183594, "lowlevel.melbands_kurtosis.stdev": 23.87810516357422, "lowlevel.melbands_skewness.mean": 3.6081550121307373, "lowlevel.melbands_skewness.stdev": 1.7575650215148926, "lowlevel.melbands_spread.mean": 10.139513969421387, "lowlevel.melbands_spread.stdev": 11.645088195800781, "lowlevel.pitch_salience.mean": 0.4665322005748749, "lowlevel.pitch_salience.stdev": 0.10653877258300781, "lowlevel.silence_rate_20dB.mean": 1.0, "lowlevel.silence_rate_20dB.stdev": 0.0, "lowlevel.silence_rate_30dB.mean": 0.9743107557296753, "lowlevel.silence_rate_30dB.stdev": 0.15820646286010742, "lowlevel.silence_rate_60dB.mean": 0.0031328320037573576, "lowlevel.silence_rate_60dB.stdev": 0.05588464066386223, "lowlevel.spectral_centroid.mean": 651.8453369140625, "lowlevel.spectral_centroid.stdev": 494.3929443359375, "lowlevel.spectral_complexity.mean": 12.869673728942871, "lowlevel.spectral_complexity.stdev": 3.7335195541381836, "lowlevel.spectral_decrease.mean": -1.1065662164355672e-08, "lowlevel.spectral_decrease.stdev": 7.44242978356624e-09, "lowlevel.spectral_energy.mean": 0.04337484762072563, "lowlevel.spectral_energy.stdev": 0.028834426775574684, "lowlevel.spectral_energyband_high.mean": 0.0007854884606786072, "lowlevel.spectral_energyband_high.stdev": 0.0021076176781207323, "lowlevel.spectral_energyband_low.mean": 0.023542335256934166, "lowlevel.spectral_energyband_low.stdev": 0.022322801873087883, "lowlevel.spectral_energyband_middle_high.mean": 0.0028784777969121933, "lowlevel.spectral_energyband_middle_high.stdev": 0.00466867396607995, "lowlevel.spectral_energyband_middle_low.mean": 0.017770670354366302, "lowlevel.spectral_energyband_middle_low.stdev": 0.015830853953957558, "lowlevel.spectral_entropy.mean": 7.071074485778809, "lowlevel.spectral_entropy.stdev": 0.5086670517921448, "lowlevel.spectral_flux.mean": 0.06817205995321274, "lowlevel.spectral_flux.stdev": 0.05340173467993736, "lowlevel.spectral_kurtosis.mean": 8.545504570007324, "lowlevel.spectral_kurtosis.stdev": 5.836855888366699, "lowlevel.spectral_rms.mean": 0.006196210626512766, "lowlevel.spectral_rms.stdev": 0.00198087259195745, "lowlevel.spectral_rolloff.mean": 733.03271484375, "lowlevel.spectral_rolloff.stdev": 1399.73876953125, "lowlevel.spectral_skewness.mean": 2.2542946338653564, "lowlevel.spectral_skewness.stdev": 0.7361001968383789, "lowlevel.spectral_spread.mean": 4610217.0, "lowlevel.spectral_spread.stdev": 2209361.75, "lowlevel.spectral_strongpeak.mean": 0.804936408996582, "lowlevel.spectral_strongpeak.stdev": 0.7885169386863708, "lowlevel.zerocrossingrate.mean": 0.03576354309916496, "lowlevel.zerocrossingrate.stdev": 0.034571874886751175, "metadata.audio_properties.analysis.equal_loudness": 0.0, "metadata.audio_properties.analysis.length": 37.03360366821289, "metadata.audio_properties.analysis.sample_rate": 44100.0, "metadata.audio_properties.analysis.start_time": 0.0, "metadata.audio_properties.bit_rate": 119322.0, "metadata.audio_properties.length": 37.03466796875, "metadata.audio_properties.lossless": 0.0, "metadata.audio_properties.number_channels": 1.0, "metadata.audio_properties.replay_gain": -9.235692977905273, "metadata.audio_properties.sample_rate": 48000.0, "rhythm.beats_count": 61.0, "rhythm.beats_loudness.mean": 0.06544142961502075, "rhythm.beats_loudness.stdev": 0.04398844391107559, "rhythm.bpm": 100.39449310302734, "rhythm.bpm_histogram_first_peak_bpm": 101.0, "rhythm.bpm_histogram_first_peak_weight": 0.4642857313156128, "rhythm.bpm_histogram_second_peak_bpm": 94.0, "rhythm.bpm_histogram_second_peak_spread": 0.0, "rhythm.bpm_histogram_second_peak_weight": 0.06666667014360428, "rhythm.danceability": 1.1744985580444336, "rhythm.onset_rate": 3.724954128265381, "tonal.chords_changes_rate": 0.04755944758653641, "tonal.chords_number_rate": 0.008760951459407806, "tonal.chords_strength.mean": 0.5210604071617126, "tonal.chords_strength.stdev": 0.09887223690748215, "tonal.hpcp_crest.mean": 15.809074401855469, "tonal.hpcp_crest.stdev": 7.021141052246094, "tonal.hpcp_entropy.mean": 1.6950597763061523, "tonal.hpcp_entropy.stdev": 0.6482065916061401, "tonal.key_edma.strength": 0.8070504665374756, "tonal.key_krumhansl.strength": 0.7983522415161133, "tonal.key_temperley.strength": 0.7845059633255005, "tonal.tuning_diatonic_strength": 0.6285991668701172, "tonal.tuning_equal_tempered_deviation": 0.06916588544845581, "tonal.tuning_frequency": 438.2245178222656, "tonal.tuning_nontempered_energy_ratio": 0.7016653418540955, "lowlevel.barkbands.mean": [0.000341929669957608, 0.015484967269003391, 0.006276995874941349, 0.0026947481092065573, 0.00702856108546257, 0.0022636938374489546, 0.0027701379731297493, 0.0017560571432113647, 0.0009635729948058724, 0.000775278836954385, 0.00042514828965067863, 0.0006104097701609135, 0.0004475827154237777, 0.0002134936221409589, 0.00015620607882738113, 0.00011922747944481671, 0.00015417121176142246, 6.230986764421687e-05, 2.8625379854929633e-05, 3.412755177123472e-05, 5.208247966947965e-05, 0.00013266198220662773, 0.00029950327007099986, 0.00010971582378260791, 8.028648881008849e-05, 8.804219396552071e-05, 5.306910225044703e-06], "lowlevel.barkbands.stdev": [0.0018237929325550795, 0.01813512295484543, 0.0076094744727015495, 0.0037445391062647104, 0.008679911494255066, 0.0040834820829331875, 0.0063871052116155624, 0.004380804020911455, 0.00333132641389966, 0.0026076314970850945, 0.001126289484091103, 0.0015227252151817083, 0.001260273507796228, 0.000711813394445926, 0.0004244832962285727, 0.00030761127709411085, 0.00027313976897858083, 0.00013106281403452158, 4.400997204356827e-05, 9.217067417921498e-05, 0.0001273689413210377, 0.000370290334103629, 0.0011107469908893108, 0.00036717404145747423, 0.0002120340650435537, 0.0002040098188444972, 1.699085441941861e-05], "lowlevel.erbbands.mean": [0.27646446228027344, 3.992191791534424, 8.839983940124512, 7.832616806030273, 15.899957656860352, 22.579059600830078, 21.94800567626953, 22.54933738708496, 44.9349250793457, 30.418886184692383, 33.74005889892578, 20.943912506103516, 26.503812789916992, 12.1481294631958, 25.32392692565918, 20.895055770874023, 21.20907974243164, 10.877960205078125, 10.061274528503418, 8.066703796386719, 7.013084888458252, 9.496957778930664, 4.090179443359375, 1.9945939779281616, 1.3527010679244995, 1.5726637840270996, 1.7362476587295532, 2.542628288269043, 4.362110614776611, 8.215641975402832, 7.664917945861816, 3.433734178543091, 1.4559555053710938, 0.9491222500801086, 0.5386584401130676, 0.36328864097595215, 0.1624651402235031, 0.029875237494707108, 0.00066621188307181, 6.842477159807459e-05], "lowlevel.erbbands.stdev": [0.7158782482147217, 3.7202441692352295, 8.486639976501465, 9.002494812011719, 20.766263961791992, 32.401859283447266, 42.88114929199219, 43.32399368286133, 104.55365753173828, 66.81327819824219, 84.55351257324219, 67.95742797851562, 90.81134033203125, 35.60478973388672, 70.0444564819336, 45.78489303588867, 55.97093200683594, 26.068925857543945, 26.93442153930664, 21.868968963623047, 17.536972045898438, 16.464651107788086, 7.397603511810303, 3.2009482383728027, 2.5073082447052, 4.387673377990723, 4.371622562408447, 6.056756973266602, 11.61982250213623, 27.40669059753418, 29.205495834350586, 12.335965156555176, 4.689967155456543, 2.7745468616485596, 1.3893764019012451, 0.9074854254722595, 0.3735603392124176, 0.07633772492408752, 0.001725242007523775, 6.243700045160949e-05], "lowlevel.gfcc.mean": [-12.49001693725586, 122.7903060913086, -79.55661010742188, 22.11508560180664, -44.78899383544922, 20.74880027770996, -36.694156646728516, 2.187648296356201, -18.428491592407227, 2.76230788230896, -15.7102689743042, 9.517790794372559, -16.42192840576172], "lowlevel.melbands.mean": [0.003495314856991172, 0.00487657031044364, 0.0015683016972616315, 0.0014723666245117784, 0.000849924748763442, 0.0005243417690508068, 0.0006177894538268447, 0.0003493324329610914, 0.00026431423611938953, 0.00012574010179378092, 0.00013460975605994463, 5.236654033069499e-05, 6.767758895875886e-05, 7.027720130281523e-05, 5.559636338148266e-05, 4.194579742033966e-05, 1.8148906747228466e-05, 1.8037715562968515e-05, 1.3363835023483261e-05, 9.022734957397915e-06, 7.2946081672853325e-06, 1.0811401807586662e-05, 5.28775353814126e-06, 2.502490588085493e-06, 1.5326752418332035e-06, 9.50911612562777e-07, 1.0607608373902622e-06, 1.0218933539363206e-06, 9.968194945031428e-07, 1.2992857136850944e-06, 1.5199477729765931e-06, 2.281134811710217e-06, 2.968267153846682e-06, 5.528645942831645e-06, 4.676738171838224e-06, 3.3695353067741962e-06, 1.617243015061831e-06, 1.0725904076025472e-06, 8.632428603050357e-07, 7.533045049967768e-07], "lowlevel.melbands.stdev": [0.005484693218022585, 0.0037491864059120417, 0.0015327880391851068, 0.0018697663908824325, 0.001565349753946066, 0.0009242036612704396, 0.001440795254893601, 0.0008279132307507098, 0.0007272935472428799, 0.0004455966118257493, 0.00046117985039018095, 0.00017100950935855508, 0.00018092022219207138, 0.00019583968969527632, 0.00012253299064468592, 0.00012413717922754586, 4.973445902578533e-05, 5.8753870689542964e-05, 3.852679583360441e-05, 2.3842911105020903e-05, 1.848552346928045e-05, 1.9657163647934794e-05, 1.0814701454364695e-05, 4.842673661187291e-06, 2.568968966443208e-06, 1.5609271031280514e-06, 3.0509825137414737e-06, 2.856937499018386e-06, 2.5975039079639828e-06, 3.440753516770201e-06, 3.6888052363792667e-06, 5.999518634780543e-06, 8.998333214549348e-06, 1.9588416762417182e-05, 1.8275326510774903e-05, 1.3631961337523535e-05, 5.604823854810093e-06, 3.6664162053057225e-06, 2.6093805445270846e-06, 2.258665290355566e-06], "lowlevel.melbands128.mean": [0.00031071732519194484, 0.0014626368647441268, 0.004776612855494022, 0.00746542401611805, 0.005704426672309637, 0.0025152803864330053, 0.0015104984631761909, 0.0012766761938109994, 0.0016166877467185259, 0.0017658568685874343, 0.0010962216183543205, 0.0011990648927167058, 0.0007608077139593661, 0.0004212992498651147, 0.0005155335529707372, 0.0004073550517205149, 0.000979255884885788, 0.0006177076138556004, 0.00028120295610278845, 0.0002579124993644655, 0.0004930682480335236, 0.00032371311681345105, 0.00023762276396155357, 0.00021152746921870857, 9.194020822178572e-05, 0.00013473295257426798, 7.616791845066473e-05, 0.0001593092456459999, 0.00017414345347788185, 4.461913340492174e-05, 2.4417795430053957e-05, 2.4117027351167053e-05, 4.8895781219471246e-05, 0.0001247689506271854, 0.00010168703738600016, 3.7003119359724224e-05, 3.825158273684792e-05, 8.393773896386847e-05, 4.008255200460553e-05, 4.431867637322284e-05, 5.408771903603338e-05, 1.9284645532025024e-05, 8.666497706144582e-06, 1.8384820577921346e-05, 3.696164276334457e-05, 1.0821117939485703e-05, 7.383859156107064e-06, 1.7788126569939777e-05, 1.5137802620301954e-05, 5.347350906959036e-06, 9.690611477708444e-06, 1.0519943316467106e-05, 7.916665708762594e-06, 5.465227332024369e-06, 6.571113317477284e-06, 1.5977424482116476e-05, 9.566497283231001e-06, 4.900392013951205e-06, 4.8901069931162056e-06, 3.3974533835134935e-06, 2.051969886451843e-06, 2.179572447857936e-06, 1.8089665445586434e-06, 1.3147180197847774e-06, 1.0254151447952609e-06, 1.021610160023556e-06, 8.356546459253877e-07, 8.537378448636446e-07, 1.2645811011680053e-06, 1.151086280515301e-06, 9.195625807478791e-07, 1.0195896038567298e-06, 1.049097932082077e-06, 9.926670827553608e-07, 8.979801577879698e-07, 1.2442865227058064e-06, 1.666851630943711e-06, 1.1299028983557946e-06, 1.42143926495919e-06, 1.8809831772159669e-06, 2.2809806523582665e-06, 2.4628341179777635e-06, 2.3722313926555216e-06, 3.1271599709725706e-06, 3.10188715957338e-06, 4.7514990910713095e-06, 7.125735010049539e-06, 5.691246315109311e-06, 4.236088443576591e-06, 4.011098553746706e-06, 4.496833753364626e-06, 2.9277543944772333e-06, 2.0737727481900947e-06, 1.576613158249529e-06, 1.2880284430139e-06, 1.430601287211175e-06, 9.830823728407267e-07, 6.096809102018597e-07, 9.072954298972036e-07, 9.689749731478514e-07, 8.663876087666722e-07, 7.621134727742174e-07, 5.687558086719946e-07, 4.729954810045456e-07, 6.126549578766571e-07, 7.066169587233162e-07, 5.423911488833255e-07, 5.839925165673776e-07, 7.128022616598173e-07, 6.414334734472504e-07, 5.555762641051842e-07, 6.335385478450917e-07, 5.10540473896981e-07, 4.667038240313559e-07, 3.8055435425121686e-07, 3.7113488815521123e-07, 2.186553871297292e-07, 2.576352109429081e-08, 6.945187914358941e-12, 6.061782586302966e-12, 5.885136995786855e-12, 5.6958569805143355e-12, 5.5634008684635194e-12, 5.451137371353942e-12, 5.31696344938104e-12, 5.147494843565914e-12, 5.048004982771692e-12, 5.01160137694745e-12], "lowlevel.melbands128.stdev": [0.0017280838219448924, 0.006644388660788536, 0.0074707153253257275, 0.006627192720770836, 0.005085520911961794, 0.0031409510411322117, 0.002127403160557151, 0.0018220135243609548, 0.0024971775710582733, 0.0030056932009756565, 0.0021042427979409695, 0.0026984133291989565, 0.001819234574213624, 0.0009040891891345382, 0.0014400787185877562, 0.0009731650352478027, 0.00238493038341403, 0.0019380254670977592, 0.001038900576531887, 0.0008231861284002662, 0.0014469320885837078, 0.0010952020529657602, 0.000984987709671259, 0.0010201864643022418, 0.0003738028462976217, 0.0007592291221953928, 0.0004793528059963137, 0.0007166927098296583, 0.0005990869831293821, 0.0002830165030900389, 8.20366622065194e-05, 6.535434658871964e-05, 0.0001605911529622972, 0.0004498286289162934, 0.000406194303650409, 0.00014414791075978428, 0.00016270304331555963, 0.0001545792183605954, 0.00024445916642434895, 0.00019477824389468879, 0.00018631982675287873, 8.675557182868943e-05, 2.8032247428200208e-05, 7.765681948512793e-05, 0.00017189110803883523, 3.5154385841451585e-05, 2.2550500943907537e-05, 6.116536678746343e-05, 6.729000597260892e-05, 2.5881443434627727e-05, 3.0263716325862333e-05, 4.67957288492471e-05, 2.7584106646827422e-05, 1.4642806490883231e-05, 1.77417641680222e-05, 3.5842731449520215e-05, 2.108793705701828e-05, 1.7549245967529714e-05, 1.626139237487223e-05, 6.962774932617322e-06, 4.572275429381989e-06, 7.418343557219487e-06, 3.4909926398540847e-06, 2.281201886944473e-06, 2.1333837594283978e-06, 1.8591885009300313e-06, 1.6723309954613796e-06, 1.9361850718269125e-06, 4.311157681513578e-06, 4.58552131021861e-06, 2.994149099322385e-06, 2.5690142138046212e-06, 3.1023014344100375e-06, 2.9393772820185404e-06, 2.7374562705517747e-06, 3.915330125892069e-06, 4.538459052128019e-06, 2.9878708573960466e-06, 3.792170900851488e-06, 5.181394499231828e-06, 6.606180249946192e-06, 6.983656476222677e-06, 7.883188118285034e-06, 9.574325304129161e-06, 1.1747299140552059e-05, 1.7160917195724323e-05, 2.6863417588174343e-05, 2.4550157831981778e-05, 1.7717255104798824e-05, 1.6532761947019026e-05, 2.178651629947126e-05, 1.1726716365956236e-05, 8.150200301315635e-06, 5.771291398559697e-06, 4.724251994048245e-06, 5.186501766729634e-06, 3.747044729607296e-06, 2.2899384930497035e-06, 2.8337358344288077e-06, 3.1478584787691943e-06, 3.0549406346835895e-06, 2.3859270186221693e-06, 1.7748450318322284e-06, 1.5480413821933325e-06, 1.8785141264743288e-06, 1.8531427485868335e-06, 1.5280593288480304e-06, 1.8493670950192609e-06, 2.2579226879315684e-06, 1.6381769682993763e-06, 1.4847468037260114e-06, 1.6325807337125298e-06, 1.274934106731962e-06, 1.1597167031140998e-06, 9.898125199470087e-07, 9.94599872683466e-07, 6.841426625214808e-07, 1.5109969808690948e-07, 1.596606007125967e-11, 9.20849941438151e-12, 9.040523538117462e-12, 8.637914168663219e-12, 8.454231238685939e-12, 8.300774130554078e-12, 8.174671009553158e-12, 8.073952097176207e-12, 8.001282796044062e-12, 7.956869538250366e-12], "lowlevel.mfcc.mean": [-671.9952392578125, 162.45883178710938, 23.87516975402832, 18.221609115600586, 13.653311729431152, 19.610923767089844, -3.860856056213379, 10.271915435791016, -2.378617763519287, -5.001627445220947, 1.2958449125289917, 5.591405391693115, 4.3115339279174805], "lowlevel.spectral_contrast_coeffs.mean": [-0.682268500328064, -0.6998714208602905, -0.7473596334457397, -0.7862000465393066, -0.7929693460464478, -0.7510602474212646], "lowlevel.spectral_contrast_coeffs.stdev": [0.0653170496225357, 0.0766478106379509, 0.05894260108470917, 0.04416229948401451, 0.03645715117454529, 0.047508034855127335], "lowlevel.spectral_contrast_valleys.mean": [-6.192914962768555, -6.855259418487549, -7.585635185241699, -8.030658721923828, -8.493307113647461, -11.044356346130371], "lowlevel.spectral_contrast_valleys.stdev": [0.5087198615074158, 0.5506929159164429, 0.48489832878112793, 0.47662630677223206, 0.6553640961647034, 1.2475178241729736], "rhythm.beats_loudness_band_ratio.mean": [0.6158153414726257, 0.19933797419071198, 0.14163735508918762, 0.05976710096001625, 0.014565868303179741, 0.0314171276986599], "rhythm.beats_loudness_band_ratio.stdev": [0.23106370866298676, 0.16785554587841034, 0.14609463512897491, 0.08170685917139053, 0.013840899802744389, 0.0723520889878273], "tonal.hpcp.mean": [0.012657105922698975, 0.011790556833148003, 0.03127219155430794, 0.0850231871008873, 0.07363004237413406, 0.018717946484684944, 0.011905601248145103, 0.012468474917113781, 0.04192494601011276, 0.07672972977161407, 0.06846033036708832, 0.15358838438987732, 0.26184791326522827, 0.1467285305261612, 0.015790611505508423, 0.008786718361079693, 0.014166894368827343, 0.17603711783885956, 0.3265244960784912, 0.17067450284957886, 0.016064073890447617, 0.014058074913918972, 0.016067951917648315, 0.08186744153499603, 0.17203454673290253, 0.10898365080356598, 0.02991877868771553, 0.05047841742634773, 0.039984025061130524, 0.02646641992032528, 0.038310449570417404, 0.04319159686565399, 0.13119198381900787, 0.37289920449256897, 0.30239447951316833, 0.04565604776144028], "tonal.hpcp.stdev": [0.07553129643201828, 0.06715227663516998, 0.10594269633293152, 0.20722930133342743, 0.18938255310058594, 0.08758514374494553, 0.06638313084840775, 0.07648111879825592, 0.1169361025094986, 0.17715668678283691, 0.1617213636636734, 0.26350855827331543, 0.3876609802246094, 0.2531302571296692, 0.06616883724927902, 0.05524308234453201, 0.06154948100447655, 0.26410746574401855, 0.41753333806991577, 0.22882206737995148, 0.059327367693185806, 0.07648564130067825, 0.09181951731443405, 0.1690584421157837, 0.3152461349964142, 0.1984887272119522, 0.10899047553539276, 0.19821637868881226, 0.1614084541797638, 0.11042403429746628, 0.14649146795272827, 0.14286944270133972, 0.21179963648319244, 0.391868531703949, 0.3645279109477997, 0.12624524533748627], "rhythm.beats_position": [0.6269387602806091, 1.265487551689148, 1.904036283493042, 2.5425848960876465, 3.18113374710083, 3.7848525047302246, 4.388571262359619, 5.003900051116943, 5.607618808746338, 6.211337566375732, 6.8034467697143555, 7.39555549621582, 7.999274253845215, 8.60299301147461, 9.195101737976074, 9.787210464477539, 10.390929222106934, 10.994647979736328, 11.586756706237793, 12.178866386413574, 12.770975112915039, 13.374693870544434, 13.978412628173828, 14.582131385803223, 15.174240112304688, 15.766348838806152, 16.370067596435547, 16.962177276611328, 17.554285049438477, 18.146394729614258, 18.738502502441406, 19.342222213745117, 19.934329986572266, 20.526439666748047, 21.130157470703125, 21.733877182006836, 22.325986862182617, 22.918094635009766, 23.510204315185547, 24.102312088012695, 24.706031799316406, 25.298139572143555, 25.890249252319336, 26.493967056274414, 27.097686767578125, 27.689794540405273, 28.281904220581055, 28.885623931884766, 29.477731704711914, 30.069841384887695, 30.661949157714844, 31.254058837890625, 31.857776641845703, 32.46149444580078, 33.05360412597656, 33.645713806152344, 34.24943161010742, 34.8531494140625, 35.456871032714844, 36.06058883666992, 36.6526985168457], "rhythm.bpm_histogram": [0.0, 0.0, 0.0, 0.0, 0.0, 0.0, 0.0, 0.0, 0.0, 0.0, 0.0, 0.0, 0.0, 0.0, 0.0, 0.0, 0.0, 0.0, 0.0, 0.0, 0.0, 0.0, 0.0, 0.0, 0.0, 0.0, 0.0, 0.0, 0.0, 0.0, 0.0, 0.0, 0.0, 0.0, 0.0, 0.0, 0.0, 0.0, 0.0, 0.0, 0.0, 0.0, 0.0, 0.0, 0.0, 0.0, 0.0, 0.0, 0.0, 0.0, 0.0, 0.0, 0.0, 0.0, 0.0, 0.0, 0.0, 0.0, 0.0, 0.0, 0.0, 0.0, 0.0, 0.0, 0.0, 0.0, 0.0, 0.0, 0.0, 0.0, 0.0, 0.0, 0.0, 0.0, 0.0, 0.0, 0.0, 0.0, 0.0, 0.0, 0.0, 0.0, 0.0, 0.0, 0.0, 0.0, 0.0, 0.0, 0.0, 0.0, 0.0, 0.0, 0.0, 0.0, 0.06666667014360428, 0.0, 0.0, 0.0, 0.01666666753590107, 0.4166666567325592, 0.0, 0.5, 0.0, 0.0, 0.0, 0.0, 0.0, 0.0, 0.0, 0.0, 0.0, 0.0, 0.0, 0.0, 0.0, 0.0, 0.0, 0.0, 0.0, 0.0, 0.0, 0.0, 0.0, 0.0, 0.0, 0.0, 0.0, 0.0, 0.0, 0.0, 0.0, 0.0, 0.0, 0.0, 0.0, 0.0, 0.0, 0.0, 0.0, 0.0, 0.0, 0.0, 0.0, 0.0, 0.0, 0.0, 0.0, 0.0, 0.0, 0.0, 0.0, 0.0, 0.0, 0.0, 0.0, 0.0, 0.0, 0.0, 0.0, 0.0, 0.0, 0.0, 0.0, 0.0, 0.0, 0.0, 0.0, 0.0, 0.0, 0.0, 0.0, 0.0, 0.0, 0.0, 0.0, 0.0, 0.0, 0.0, 0.0, 0.0, 0.0, 0.0, 0.0, 0.0, 0.0, 0.0, 0.0, 0.0, 0.0, 0.0, 0.0, 0.0, 0.0, 0.0, 0.0, 0.0, 0.0, 0.0, 0.0, 0.0, 0.0, 0.0, 0.0, 0.0, 0.0, 0.0, 0.0, 0.0, 0.0, 0.0, 0.0, 0.0, 0.0, 0.0, 0.0, 0.0, 0.0, 0.0, 0.0, 0.0, 0.0, 0.0, 0.0, 0.0, 0.0, 0.0, 0.0, 0.0, 0.0, 0.0, 0.0, 0.0, 0.0, 0.0, 0.0, 0.0, 0.0, 0.0, 0.0, 0.0, 0.0, 0.0, 0.0, 0.0, 0.0, 0.0, 0.0, 0.0, 0.0, 0.0], "tonal.chords_histogram": [24.155193328857422, 12.891114234924316, 42.92866134643555, 6.883604526519775, 5.131414413452148, 0.0, 0.0, 0.0, 0.0, 0.0, 0.0, 0.0, 0.0, 0.0, 0.0, 0.0, 0.0, 0.6257822513580322, 0.0, 0.0, 0.0, 0.1251564472913742, 3.0037546157836914, 4.255319118499756], "tonal.thpcp": [1.0, 0.810928225517273, 0.12243536114692688, 0.03394243121147156, 0.031618617475032806, 0.0838623195886612, 0.2280058115720749, 0.19745293259620667, 0.05019572749733925, 0.03192713111639023, 0.03343658149242401, 0.11242970079183578, 0.20576533675193787, 0.183589369058609, 0.4118764102458954, 0.70219486951828, 0.39348042011260986, 0.042345523834228516, 0.02356325276196003, 0.03799121454358101, 0.472076952457428, 0.875637412071228, 0.4576960802078247, 0.04307886213064194, 0.03769939765334129, 0.04308926314115524, 0.21954308450222015, 0.46134328842163086, 0.2922603487968445, 0.0802328810095787, 0.13536745309829712, 0.10722475498914719, 0.07097472995519638, 0.10273674130439758, 0.11582646518945694, 0.35181620717048645], "lowlevel.gfcc.cov": [[3776.4130859375, -2137.728759765625, 806.1845703125, 37.126060485839844, -599.3179321289062, 276.08428955078125, -330.6043395996094, 255.93186950683594, -158.1602325439453, 361.50726318359375, -360.9005432128906, 369.5045166015625, -295.75408935546875], [-2137.728759765625, 2106.0732421875, -782.7866821289062, -212.93128967285156, 445.0480651855469, -294.0313720703125, 268.0411682128906, -158.1368865966797, 197.76547241210938, -273.7517395019531, 267.1326904296875, -244.52163696289062, 258.29638671875], [806.1845703125, -782.7866821289062, 664.1337890625, 62.47580337524414, -69.44059753417969, 141.5126953125, -113.24700164794922, 92.00213623046875, -123.89368438720703, 124.86641693115234, -138.2926788330078, 134.80731201171875, -124.8899917602539], [37.126060485839844, -212.93128967285156, 62.47580337524414, 291.3233337402344, -14.41258430480957, 38.7855339050293, -15.828858375549316, -27.76212501525879, 20.32624626159668, -12.861242294311523, 28.81739044189453, -7.77579402923584, 13.83059024810791], [-599.3179321289062, 445.0480651855469, -69.44059753417969, -14.41258430480957, 347.3992614746094, -70.20111846923828, 56.675907135009766, -2.543015956878662, 20.130449295043945, -51.3929557800293, 60.660579681396484, -36.22203063964844, 69.54774475097656], [276.08428955078125, -294.0313720703125, 141.5126953125, 38.7855339050293, -70.20111846923828, 196.30470275878906, 23.93610191345215, 36.59477996826172, -8.651156425476074, 27.551572799682617, -10.641098022460938, 20.03801918029785, -22.076005935668945], [-330.6043395996094, 268.0411682128906, -113.24700164794922, -15.828858375549316, 56.675907135009766, 23.93610191345215, 215.85458374023438, 3.3087844848632812, 28.236175537109375, -36.03947830200195, 52.869808197021484, -36.49812698364258, 25.58738899230957], [255.93186950683594, -158.1368865966797, 92.00213623046875, -27.76212501525879, -2.543015956878662, 36.59477996826172, 3.3087844848632812, 103.26128387451172, -3.731525421142578, 29.53826332092285, -28.748533248901367, 34.3126335144043, -12.297508239746094], [-158.1602325439453, 197.76547241210938, -123.89368438720703, 20.32624626159668, 20.130449295043945, -8.651156425476074, 28.236175537109375, -3.731525421142578, 117.31745910644531, -15.831122398376465, 45.95648193359375, -27.79149627685547, 29.384002685546875], [361.50726318359375, -273.7517395019531, 124.86641693115234, -12.861242294311523, -51.3929557800293, 27.551572799682617, -36.03947830200195, 29.53826332092285, -15.831122398376465, 121.019287109375, -29.828248977661133, 42.649906158447266, -42.35041046142578], [-360.9005432128906, 267.1326904296875, -138.2926788330078, 28.81739044189453, 60.660579681396484, -10.641098022460938, 52.869808197021484, -28.748533248901367, 45.95648193359375, -29.828248977661133, 135.51853942871094, -26.736125946044922, 63.18351745605469], [369.5045166015625, -244.52163696289062, 134.80731201171875, -7.77579402923584, -36.22203063964844, 20.03801918029785, -36.49812698364258, 34.3126335144043, -27.79149627685547, 42.649906158447266, -26.736125946044922, 122.9263687133789, -11.856184005737305], [-295.75408935546875, 258.29638671875, -124.8899917602539, 13.83059024810791, 69.54774475097656, -22.076005935668945, 25.58738899230957, -12.297508239746094, 29.384002685546875, -42.35041046142578, 63.18351745605469, -11.856184005737305, 118.59747314453125]], "lowlevel.gfcc.icov": [[0.0009493853431195021, 0.0002971598005387932, 0.00027090494404546916, -0.0001392284466419369, 0.0006395333330146968, -0.00032989768078550696, 0.00046640820801258087, -0.0010576547356322408, -9.861966100288555e-05, -0.0008531031780876219, 0.0008743195794522762, -0.0013814085396006703, 0.0004910253919661045], [0.0002971598005387932, 0.003452243283390999, -0.00020588703046087176, 0.002924986183643341, -0.0014203285099938512, 0.0024776426143944263, -0.0017485452117398381, 0.002309616655111313, -0.0030745258554816246, 0.0027176004368811846, -0.001535276067443192, 0.002170202787965536, -0.002657688222825527], [0.00027090494404546916, -0.00020588703046087176, 0.004622218199074268, -0.0017024069093167782, -0.0009316495852544904, -0.00263773906044662, 0.001442786306142807, -0.0020428088027983904, 0.0029060584492981434, -0.0021050518844276667, 0.002016265643760562, -0.0031445305794477463, 0.0028619635850191116], [-0.0001392284466419369, 0.002924986183643341, -0.0017024069093167782, 0.006937785539776087, -0.001099162851460278, 0.0018913839012384415, -0.0014213704271242023, 0.0040952530689537525, -0.00408494658768177, 0.003633232321590185, -0.0028664907440543175, 0.0032064870465546846, -0.0034342745784670115], [0.0006395333330146968, -0.0014203285099938512, -0.0009316495852544904, -0.001099162851460278, 0.005336145404726267, 0.0004770661471411586, 0.00030479946872219443, -0.002655457705259323, 0.0011135349050164223, -0.0010180026292800903, 0.00014210151857696474, -0.0008668627124279737, -0.0003479848674032837], [-0.00032989768078550696, 0.0024776426143944263, -0.00263773906044662, 0.0018913839012384415, 0.0004770661471411586, 0.009838159196078777, -0.003494845237582922, 0.0008203301695175469, -0.003055344335734844, 0.002725339727476239, -0.002929725917056203, 0.0036230592522770166, -0.0031732290517538786], [0.00046640820801258087, -0.0017485452117398381, 0.001442786306142807, -0.0014213704271242023, 0.00030479946872219443, -0.003494845237582922, 0.007482227869331837, -0.0032128531020134687, 0.0019049906404688954, -0.001244187355041504, -0.0001335709821432829, -0.001664467854425311, 0.0028681813273578882], [-0.0010576547356322408, 0.002309616655111313, -0.0020428088027983904, 0.0040952530689537525, -0.002655457705259323, 0.0008203301695175469, -0.0032128531020134687, 0.016764018684625626, -0.004687236621975899, 0.001940698828548193, -7.057744824123802e-07, 0.0015906118787825108, -0.004141405690461397], [-9.861966100288555e-05, -0.0030745258554816246, 0.0029060584492981434, -0.00408494658768177, 0.0011135349050164223, -0.003055344335734844, 0.0019049906404688954, -0.004687236621975899, 0.014843184500932693, -0.003753433469682932, -0.0003863417950924486, -0.0017122512217611074, 0.0028847658541053534], [-0.0008531031780876219, 0.0027176004368811846, -0.0021050518844276667, 0.003633232321590185, -0.0010180026292800903, 0.002725339727476239, -0.001244187355041504, 0.001940698828548193, -0.003753433469682932, 0.015392931178212166, -0.0037223733961582184, 0.0018038597190752625, -0.0005225380882620811], [0.0008743195794522762, -0.001535276067443192, 0.002016265643760562, -0.0028664907440543175, 0.00014210151857696474, -0.002929725917056203, -0.0001335709821432829, -7.057744824123802e-07, -0.0003863417950924486, -0.0037223733961582184, 0.014762239530682564, -0.0033777591306716204, -0.0020542023703455925], [-0.0013814085396006703, 0.002170202787965536, -0.0031445305794477463, 0.0032064870465546846, -0.0008668627124279737, 0.0036230592522770166, -0.001664467854425311, 0.0015906118787825108, -0.0017122512217611074, 0.0018038597190752625, -0.0033777591306716204, 0.016177315264940262, -0.0056648156605660915], [0.0004910253919661045, -0.002657688222825527, 0.0028619635850191116, -0.0034342745784670115, -0.0003479848674032837, -0.0031732290517538786, 0.0028681813273578882, -0.004141405690461397, 0.0028847658541053534, -0.0005225380882620811, -0.0020542023703455925, -0.0056648156605660915, 0.017050841823220253]], "lowlevel.mfcc.cov": [[3348.283447265625, -1744.6143798828125, 752.3523559570312, -261.14923095703125, -148.58154296875, -37.853275299072266, -228.80474853515625, -26.94136619567871, 3.2738592624664307, -24.256694793701172, 93.0887451171875, -15.434619903564453, -12.565910339355469], [-1744.6143798828125, 1849.2960205078125, -784.7694091796875, 86.04273223876953, 20.080928802490234, -67.44942474365234, 74.25276184082031, 32.89812088012695, 39.47926712036133, -32.89174270629883, -1.1188573837280273, 14.396103858947754, -30.278656005859375], [752.3523559570312, -784.7694091796875, 609.467041015625, -80.26012420654297, 13.816210746765137, 50.1416015625, -15.379738807678223, 6.058263778686523, -8.345478057861328, 0.9264981150627136, 12.872706413269043, -6.472604274749756, 17.148487091064453], [-261.14923095703125, 86.04273223876953, -80.26012420654297, 242.92092895507812, 51.71128463745117, 18.387998580932617, 5.538858413696289, -3.6306753158569336, -15.242049217224121, 4.332472801208496, -44.268436431884766, 11.467449188232422, 18.30320167541504], [-148.58154296875, 20.080928802490234, 13.816210746765137, 51.71128463745117, 246.42906188964844, -11.117100715637207, 9.686654090881348, -18.275529861450195, 8.945257186889648, -8.40064811706543, -34.6875114440918, 3.343040943145752, 20.58587646484375], [-37.853275299072266, -67.44942474365234, 50.1416015625, 18.387998580932617, -11.117100715637207, 119.08955383300781, 26.41754913330078, 20.335365295410156, -6.941287040710449, 23.711790084838867, 8.08556079864502, 8.631200790405273, -1.7174489498138428], [-228.80474853515625, 74.25276184082031, -15.379738807678223, 5.538858413696289, 9.686654090881348, 26.41754913330078, 169.2582244873047, 31.979984283447266, 17.117116928100586, 20.403928756713867, -10.763419151306152, 3.8682403564453125, 0.34115105867385864], [-26.94136619567871, 32.89812088012695, 6.058263778686523, -3.6306753158569336, -18.275529861450195, 20.335365295410156, 31.979984283447266, 119.9487533569336, 20.359113693237305, 4.068514347076416, 4.954696178436279, 3.905494213104248, -2.2393105030059814], [3.2738592624664307, 39.47926712036133, -8.345478057861328, -15.242049217224121, 8.945257186889648, -6.941287040710449, 17.117116928100586, 20.359113693237305, 92.9645004272461, 2.2887332439422607, 7.411323070526123, -1.1962339878082275, -0.35886046290397644], [-24.256694793701172, -32.89174270629883, 0.9264981150627136, 4.332472801208496, -8.40064811706543, 23.711790084838867, 20.403928756713867, 4.068514347076416, 2.2887332439422607, 100.54065704345703, 14.810588836669922, 9.325393676757812, -8.381160736083984], [93.0887451171875, -1.1188573837280273, 12.872706413269043, -44.268436431884766, -34.6875114440918, 8.08556079864502, -10.763419151306152, 4.954696178436279, 7.411323070526123, 14.810588836669922, 88.3484878540039, 5.329536437988281, -6.7926859855651855], [-15.434619903564453, 14.396103858947754, -6.472604274749756, 11.467449188232422, 3.343040943145752, 8.631200790405273, 3.8682403564453125, 3.905494213104248, -1.1962339878082275, 9.325393676757812, 5.329536437988281, 63.25358200073242, 13.064798355102539], [-12.565910339355469, -30.278656005859375, 17.148487091064453, 18.30320167541504, 20.58587646484375, -1.7174489498138428, 0.34115105867385864, -2.2393105030059814, -0.35886046290397644, -8.381160736083984, -6.7926859855651855, 13.064798355102539, 78.68238067626953]], "lowlevel.mfcc.icov": [[0.0007838531164452434, 0.0007247314788401127, -2.4221226340159774e-05, 0.0003409129858482629, 0.0002623775217216462, 0.0004979653167538345, 0.0006309895543381572, -0.0001466981484554708, -0.0003242602979298681, 0.0003186074609402567, -0.0004902186919935048, -0.00022147373238112777, 0.0002922765852417797], [0.0007247314788401127, 0.0019573247991502285, 0.0016288624610751867, 0.00035520424717105925, -1.5092866306076758e-05, 0.0005340575589798391, 0.00016443968343082815, -0.00047010608250275254, -0.0004950051661580801, 0.0008582015288993716, -0.0008458878146484494, -0.00039018577081151307, 0.0005137645057402551], [-2.4221226340159774e-05, 0.0016288624610751867, 0.003985314164310694, 0.0008429813315160573, -0.0006285529234446585, -0.0009376367088407278, -0.0002463329292368144, -0.0005084975273348391, -3.2289110095007345e-05, 0.0007255038362927735, -0.00041955834603868425, 7.204439316410571e-05, -0.0002821958332788199], [0.0003409129858482629, 0.00035520424717105925, 0.0008429813315160573, 0.005369273014366627, -0.0007380499737337232, -0.0010598554508760571, 0.0005703595234081149, -0.0001468372211093083, 0.0005415564519353211, -0.0002853286569006741, 0.0020787555258721113, -0.0006818017573095858, -0.0008135378593578935], [0.0002623775217216462, -1.5092866306076758e-05, -0.0006285529234446585, -0.0007380499737337232, 0.004765697754919529, 0.0006195029127411544, -3.311803811811842e-05, 0.0007889968692325056, -0.000865600653924048, 0.0001251189096365124, 0.0012224743841215968, -0.00023697182768955827, -0.0007117054774425924], [0.0004979653167538345, 0.0005340575589798391, -0.0009376367088407278, -0.0010598554508760571, 0.0006195029127411544, 0.010454857721924782, -0.000983149860985577, -0.0014273495180532336, 0.0008482226403430104, -0.001475890283472836, -0.0013782880268990993, -0.0010014248546212912, 0.0006596570019610226], [0.0006309895543381572, 0.00016443968343082815, -0.0002463329292368144, 0.0005703595234081149, -3.311803811811842e-05, -0.000983149860985577, 0.007410027086734772, -0.0014844349352642894, -0.0011859037913382053, -0.001139111933298409, 0.0010220729745924473, -0.00017591229698155075, -1.1410030310798902e-05], [-0.0001466981484554708, -0.00047010608250275254, -0.0005084975273348391, -0.0001468372211093083, 0.0007889968692325056, -0.0014273495180532336, -0.0014844349352642894, 0.00953538529574871, -0.0018741616513580084, 0.00021964815095998347, 2.202361065428704e-05, -0.00038138768286444247, 6.095630305935629e-05], [-0.0003242602979298681, -0.0004950051661580801, -3.2289110095007345e-05, 0.0005415564519353211, -0.000865600653924048, 0.0008482226403430104, -0.0011859037913382053, -0.0018741616513580084, 0.011921131052076817, -0.00043849137728102505, -0.0008240320603363216, 0.0004731217341031879, -0.00030646289815194905], [0.0003186074609402567, 0.0008582015288993716, 0.0007255038362927735, -0.0002853286569006741, 0.0001251189096365124, -0.001475890283472836, -0.001139111933298409, 0.00021964815095998347, -0.00043849137728102505, 0.011500481516122818, -0.002219141460955143, -0.0015732109313830733, 0.0015282927779480815], [-0.0004902186919935048, -0.0008458878146484494, -0.00041955834603868425, 0.0020787555258721113, 0.0012224743841215968, -0.0013782880268990993, 0.0010220729745924473, 2.202361065428704e-05, -0.0008240320603363216, -0.002219141460955143, 0.014171013608574867, -0.0011756699532270432, 2.8808914066758007e-05], [-0.00022147373238112777, -0.00039018577081151307, 7.204439316410571e-05, -0.0006818017573095858, -0.00023697182768955827, -0.0010014248546212912, -0.00017591229698155075, -0.00038138768286444247, 0.0004731217341031879, -0.0015732109313830733, -0.0011756699532270432, 0.017144247889518738, -0.0031262007541954517], [0.0002922765852417797, 0.0005137645057402551, -0.0002821958332788199, -0.0008135378593578935, -0.0007117054774425924, 0.0006596570019610226, -1.1410030310798902e-05, 6.095630305935629e-05, -0.00030646289815194905, 0.0015282927779480815, 2.8808914066758007e-05, -0.0031262007541954517, 0.014089819975197315]], "metadata.audio_properties.analysis.downmix": "mix", "metadata.audio_properties.codec": "mp3", "metadata.audio_properties.md5_encoded": "31762faa25f2f2f0501e664379354320", "metadata.tags.file_name": "1182286887256342558.mp3", "metadata.