{"song_id": "1182283221656940694", "download": "https://cdn.discordapp.com/attachments/1135911532732108921/1182283221656940694/chirp.mp4?ex=6584220d&amp", "lyrics": "[Verse]\nIn shadows deep, where sorrow resides\nDeath's icy grip, a haunting guide\nLost souls weep, through eternal night\nEmbrace the dark, devoid of light\n\n[Chorus]\nGrim Reaper's call, echoes in the air\nDoomed to wander, a life stripped bare\nThrough the abyss, our spirits fall\nDeath's cold embrace, claims us all", "style": ["dark"], "essentia_features": {"lowlevel.average_loudness": 0.9762526154518127, "lowlevel.barkbands_crest.mean": 11.400081634521484, "lowlevel.barkbands_crest.stdev": 4.0178704261779785, "lowlevel.barkbands_flatness_db.mean": 0.14160270988941193, "lowlevel.barkbands_flatness_db.stdev": 0.0366102010011673, "lowlevel.barkbands_kurtosis.mean": 4.506551742553711, "lowlevel.barkbands_kurtosis.stdev": 5.672324180603027, "lowlevel.barkbands_skewness.mean": 2.1117429733276367, "lowlevel.barkbands_skewness.stdev": 1.036653995513916, "lowlevel.barkbands_spread.mean": 28.74234962463379, "lowlevel.barkbands_spread.stdev": 11.29720401763916, "lowlevel.dissonance.mean": 0.4903058707714081, "lowlevel.dissonance.stdev": 0.007301150821149349, "lowlevel.dynamic_complexity": 1.146060585975647, "lowlevel.erbbands_crest.mean": 7.672752857208252, "lowlevel.erbbands_crest.stdev": 3.4403886795043945, "lowlevel.erbbands_flatness_db.mean": 0.12934258580207825, "lowlevel.erbbands_flatness_db.stdev": 0.028061987832188606, "lowlevel.erbbands_kurtosis.mean": 0.8203906416893005, "lowlevel.erbbands_kurtosis.stdev": 1.9618613719940186, "lowlevel.erbbands_skewness.mean": -0.7632472515106201, "lowlevel.erbbands_skewness.stdev": 0.5161740779876709, "lowlevel.erbbands_spread.mean": 43.64072036743164, "lowlevel.erbbands_spread.stdev": 16.250120162963867, "lowlevel.hfc.mean": 37.35795211791992, "lowlevel.hfc.stdev": 18.214208602905273, "lowlevel.loudness_ebu128.integrated": -14.309203147888184, "lowlevel.loudness_ebu128.loudness_range": 0.6797876358032227, "lowlevel.loudness_ebu128.momentary.mean": -14.350414276123047, "lowlevel.loudness_ebu128.momentary.stdev": 0.6080509424209595, "lowlevel.loudness_ebu128.short_term.mean": -14.316296577453613, "lowlevel.loudness_ebu128.short_term.stdev": 0.2397555261850357, "lowlevel.melbands_crest.mean": 21.738035202026367, "lowlevel.melbands_crest.stdev": 6.327544212341309, "lowlevel.melbands_flatness_db.mean": 0.2048170417547226, "lowlevel.melbands_flatness_db.stdev": 0.04408284276723862, "lowlevel.melbands_kurtosis.mean": 23.561538696289062, "lowlevel.melbands_kurtosis.stdev": 21.52415657043457, "lowlevel.melbands_skewness.mean": 4.249858379364014, "lowlevel.melbands_skewness.stdev": 1.817478060722351, "lowlevel.melbands_spread.mean": 21.628419876098633, "lowlevel.melbands_spread.stdev": 12.67885684967041, "lowlevel.pitch_salience.mean": 0.4826769530773163, "lowlevel.pitch_salience.stdev": 0.1239522323012352, "lowlevel.silence_rate_20dB.mean": 1.0, "lowlevel.silence_rate_20dB.stdev": 0.0, "lowlevel.silence_rate_30dB.mean": 0.8169884085655212, "lowlevel.silence_rate_30dB.stdev": 0.3866756856441498, "lowlevel.silence_rate_60dB.mean": 0.00154440151527524, "lowlevel.silence_rate_60dB.stdev": 0.039268504828214645, "lowlevel.spectral_centroid.mean": 2010.50634765625, "lowlevel.spectral_centroid.stdev": 377.7123107910156, "lowlevel.spectral_complexity.mean": 35.13899612426758, "lowlevel.spectral_complexity.stdev": 7.364790916442871, "lowlevel.spectral_decrease.mean": -1.899558377260746e-08, "lowlevel.spectral_decrease.stdev": 9.727775918122461e-09, "lowlevel.spectral_energy.mean": 0.07508232444524765, "lowlevel.spectral_energy.stdev": 0.037306997925043106, "lowlevel.spectral_energyband_high.mean": 0.0020348448306322098, "lowlevel.spectral_energyband_high.stdev": 0.0018818250391632318, "lowlevel.spectral_energyband_low.mean": 0.054999638348817825, "lowlevel.spectral_energyband_low.stdev": 0.036263417452573776, "lowlevel.spectral_energyband_middle_high.mean": 0.008821683004498482, "lowlevel.spectral_energyband_middle_high.stdev": 0.0054575907997787, "lowlevel.spectral_energyband_middle_low.mean": 0.008706368505954742, "lowlevel.spectral_energyband_middle_low.stdev": 0.008417345583438873, "lowlevel.spectral_entropy.mean": 7.989042282104492, "lowlevel.spectral_entropy.stdev": 0.17503319680690765, "lowlevel.spectral_flux.mean": 0.14528588950634003, "lowlevel.spectral_flux.stdev": 0.06095054745674133, "lowlevel.spectral_kurtosis.mean": 2.8824453353881836, "lowlevel.spectral_kurtosis.stdev": 1.375770926475525, "lowlevel.spectral_rms.mean": 0.008302503265440464, "lowlevel.spectral_rms.stdev": 0.0020783147774636745, "lowlevel.spectral_rolloff.mean": 1055.1927490234375, "lowlevel.spectral_rolloff.stdev": 999.80126953125, "lowlevel.spectral_skewness.mean": 1.1759438514709473, "lowlevel.spectral_skewness.stdev": 0.2407078742980957, "lowlevel.spectral_spread.mean": 4582390.0, "lowlevel.spectral_spread.stdev": 1124080.375, "lowlevel.spectral_strongpeak.mean": 0.3820924460887909, "lowlevel.spectral_strongpeak.stdev": 0.33310070633888245, "lowlevel.zerocrossingrate.mean": 0.05262201279401779, "lowlevel.zerocrossingrate.stdev": 0.01994919963181019, "metadata.audio_properties.analysis.equal_loudness": 0.0, "metadata.audio_properties.analysis.length": 30.03628158569336, "metadata.audio_properties.analysis.sample_rate": 44100.0, "metadata.audio_properties.analysis.start_time": 0.0, "metadata.audio_properties.bit_rate": 122688.0, "metadata.audio_properties.length": 30.03733253479004, "metadata.audio_properties.lossless": 0.0, "metadata.audio_properties.number_channels": 1.0, "metadata.audio_properties.replay_gain": -10.27048110961914, "metadata.audio_properties.sample_rate": 48000.0, "rhythm.beats_count": 59.0, "rhythm.beats_loudness.mean": 0.09414388239383698, "rhythm.beats_loudness.stdev": 0.030687503516674042, "rhythm.bpm": 119.56459045410156, "rhythm.bpm_histogram_first_peak_bpm": 120.0, "rhythm.bpm_histogram_first_peak_weight": 0.2631579041481018, "rhythm.bpm_histogram_second_peak_bpm": 129.0, "rhythm.bpm_histogram_second_peak_spread": 0.0, "rhythm.bpm_histogram_second_peak_weight": 0.017241379246115685, "rhythm.danceability": 1.5702157020568848, "rhythm.onset_rate": 5.0901198387146, "tonal.chords_changes_rate": 0.026234567165374756, "tonal.chords_number_rate": 0.007716049440205097, "tonal.chords_strength.mean": 0.5661029815673828, "tonal.chords_strength.stdev": 0.10148854553699493, "tonal.hpcp_crest.mean": 11.359171867370605, "tonal.hpcp_crest.stdev": 5.576421737670898, "tonal.hpcp_entropy.mean": 2.4326212406158447, "tonal.hpcp_entropy.stdev": 0.7532632946968079, "tonal.key_edma.strength": 0.7051992416381836, "tonal.key_krumhansl.strength": 0.7050285339355469, "tonal.key_temperley.strength": 0.6932801604270935, "tonal.tuning_diatonic_strength": 0.5897588729858398, "tonal.tuning_equal_tempered_deviation": 0.3439607322216034, "tonal.tuning_frequency": 434.193115234375, "tonal.tuning_nontempered_energy_ratio": 0.9607837200164795, "lowlevel.barkbands.mean": [0.012720877304673195, 0.032933518290519714, 0.00992851797491312, 0.0025709993205964565, 0.0023192008957266808, 0.0010455952724441886, 0.0013093231245875359, 0.000984569895081222, 0.0003791244816966355, 0.00023754646827001125, 0.0003067052166443318, 0.0010263830190524459, 0.0009223268716596067, 0.000686895742546767, 0.0007152995094656944, 0.0011089625768363476, 0.0022549836430698633, 0.0007007908425293863, 0.0006455904804170132, 0.0005181276355870068, 0.000516141124535352, 0.0005224583437666297, 0.00027610984398052096, 0.00023957181838341057, 0.00016975098697002977, 4.269532655598596e-05, 2.0128426569954172e-07], "lowlevel.barkbands.stdev": [0.012109807692468166, 0.029647909104824066, 0.0072159008122980595, 0.0035046422854065895, 0.0037726974114775658, 0.00203865603543818, 0.001637037144973874, 0.0008986585307866335, 0.0005108045297674835, 0.00041206582682207227, 0.0004923447268083692, 0.001957671483978629, 0.0015577320009469986, 0.0010141273960471153, 0.0011770291021093726, 0.0013290937058627605, 0.0021819155663251877, 0.0005943579017184675, 0.0003851393412332982, 0.0004026455571874976, 0.00045668796519748867, 0.0006623862427659333, 0.00034497538581490517, 0.00026043993420898914, 0.0001864432852016762, 5.744061854784377e-05, 7.560685730823025e-07], "lowlevel.erbbands.mean": [1.6694514751434326, 4.622572898864746, 11.521814346313477, 9.701311111450195, 10.630706787109375, 5.139402389526367, 4.472270965576172, 10.02708625793457, 16.470300674438477, 25.51849365234375, 14.718422889709473, 9.003280639648438, 8.035259246826172, 8.585593223571777, 19.685014724731445, 43.8622932434082, 43.51580810546875, 32.339229583740234, 42.988525390625, 32.40428161621094, 90.16830444335938, 122.71671295166016, 45.62874221801758, 36.997684478759766, 27.276411056518555, 24.543127059936523, 21.725528717041016, 20.665325164794922, 20.492319107055664, 11.229089736938477, 7.384140491485596, 5.121492862701416, 3.861250400543213, 2.3811757564544678, 0.9619482755661011, 0.32331278920173645, 0.04707656428217888, 0.0027237501926720142, 0.00011867951252497733, 9.39855890464969e-05], "lowlevel.erbbands.stdev": [1.574215054512024, 4.937620162963867, 8.654661178588867, 8.268108367919922, 16.294837951660156, 10.18743896484375, 8.589822769165039, 20.720252990722656, 26.212383270263672, 20.527652740478516, 14.067401885986328, 11.448687553405762, 14.08144760131836, 13.832326889038086, 33.36309814453125, 81.54118347167969, 70.68697357177734, 39.88261413574219, 67.22327423095703, 38.642398834228516, 98.84132385253906, 114.6019287109375, 37.80088424682617, 24.58205223083496, 16.06366729736328, 19.03078269958496, 18.252225875854492, 20.764591217041016, 26.300003051757812, 13.972867965698242, 9.037612915039062, 5.778753757476807, 4.157747745513916, 2.5910990238189697, 1.1301323175430298, 0.4182996451854706, 0.07444224506616592, 0.006031181663274765, 0.00014623916649725288, 4.3952859414275736e-05], "lowlevel.gfcc.mean": [58.43302536010742, 78.5621566772461, -118.9656753540039, 70.13565063476562, -43.7468376159668, 29.872861862182617, -37.60420608520508, 22.579927444458008, -13.943647384643555, 11.210517883300781, -10.435152053833008, -1.2138676643371582, -11.948831558227539], "lowlevel.melbands.mean": [0.012197962030768394, 0.005731563083827496, 0.0017779543995857239, 0.0005561955040320754, 0.00016196542128454894, 0.00022683113638777286, 0.0002662003680597991, 0.00027973062242381275, 0.0001065597462002188, 5.368077108869329e-05, 3.87805666832719e-05, 3.2189938792726025e-05, 5.041991971665993e-05, 0.00010746721090981737, 0.0001140762833529152, 8.325219096150249e-05, 5.7415705668972805e-05, 7.165726856328547e-05, 5.022584809921682e-05, 3.978138556703925e-05, 0.00012846000026911497, 0.0001450739218853414, 5.9833684645127505e-05, 2.9293336410773918e-05, 3.0464891096926294e-05, 2.178502836613916e-05, 1.7632792150834575e-05, 1.581201831868384e-05, 1.3778327229374554e-05, 1.2356043953332119e-05, 1.191059982375009e-05, 1.2972625881957356e-05, 7.777543942211196e-06, 5.729151780542452e-06, 4.505719516600948e-06, 3.3170833830808988e-06, 3.065773626076407e-06, 2.73191881206003e-06, 2.4290732199006015e-06, 1.8649681123861228e-06], "lowlevel.melbands.stdev": [0.010782706551253796, 0.004316309932619333, 0.0015643402002751827, 0.0009238081402145326, 0.0003177709586452693, 0.00045895768562331796, 0.0003812796203419566, 0.00021911739895585924, 0.00011035791976610199, 7.33726701582782e-05, 7.030407869024202e-05, 5.365956894820556e-05, 8.390560105908662e-05, 0.00021255991305224597, 0.00020726102229673415, 0.00014220274169929326, 7.7457916631829e-05, 0.00011634149996098131, 8.450298628304154e-05, 4.170922329649329e-05, 0.00015019196143839508, 0.0001462208601878956, 5.641820825985633e-05, 2.4122697141137905e-05, 2.165462137782015e-05, 1.383347171213245e-05, 1.1954365618294105e-05, 1.3632641639560461e-05, 1.2147687812102959e-05, 1.1918707969016396e-05, 1.2805657206627075e-05, 1.7058988305507228e-05, 1.0753095011750702e-05, 7.51666993892286e-06, 5.826733740832424e-06, 4.027183877042262e-06, 3.4779004636220634e-06, 3.040066758330795e-06, 2.587870540082804e-06, 2.156474693038035e-06], "lowlevel.melbands128.mean": [0.010788246057927608, 0.017241496592760086, 0.0104591753333807, 0.0069692074321210384, 0.006502719130367041, 0.004329790361225605, 0.0018954365514218807, 0.0012486135819926858, 0.0012093436671420932, 0.00046879195724613965, 0.0002034651261055842, 0.00019636104116216302, 0.00014032628678251058, 0.00012919347500428557, 0.00019610466551966965, 0.000316733232466504, 0.0002776564797386527, 0.00020993671205360442, 0.0003393184160813689, 0.00027116082492284477, 0.0003155164304189384, 0.00012050649820594117, 8.752810390433297e-05, 6.836954707978293e-05, 5.4877615184523165e-05, 5.141875226399861e-05, 3.978563836426474e-05, 4.5286833483260125e-05, 2.8336695322650485e-05, 2.5956353056244552e-05, 3.6547575291479006e-05, 3.796156670432538e-05, 3.646902769105509e-05, 6.969292007852346e-05, 9.635104652261361e-05, 0.00011916158109670505, 0.0001271317742066458, 0.0001199423786601983, 9.849689377006143e-05, 0.00010248937178403139, 8.374272147193551e-05, 5.071881241747178e-05, 4.484260352910496e-05, 7.00960008543916e-05, 7.375823042821139e-05, 7.160691893659532e-05, 7.010596164036542e-05, 5.3826133807888255e-05, 4.0400987927569076e-05, 3.641803050413728e-05, 3.1972482247510925e-05, 4.821827678824775e-05, 0.00010643976565916091, 0.00015293543401639909, 0.00019723453442566097, 0.00014289857062976807, 0.00012251571752130985, 5.9149406297365203e-05, 4.654360600397922e-05, 3.5215292882639915e-05, 2.641225728439167e-05, 2.5697259843582287e-05, 3.125424336758442e-05, 3.448451025178656e-05, 2.4958271751529537e-05, 2.2687911041430198e-05, 1.843808058765717e-05, 1.647919816605281e-05, 1.834824070101604e-05, 1.8503717001294717e-05, 1.5300473023671657e-05, 1.438715207768837e-05, 1.5191221791610587e-05, 1.37357210405753e-05, 1.1968729268119205e-05, 1.3337169548321981e-05, 1.165255525847897e-05, 1.1734196050383616e-05, 1.1056301445933059e-05, 1.2746949323627632e-05, 1.5416309906868264e-05, 1.2423744919942692e-05, 9.414194209966809e-06, 7.552807346655754e-06, 6.004725491948193e-06, 5.757685812568525e-06, 5.636667083308566e-06, 5.659350790665485e-06, 4.49000253865961e-06, 3.710895725816954e-06, 3.376226686668815e-06, 3.304209940324654e-06, 3.0520936888933647e-06, 3.0819337553111836e-06, 3.0579333269997733e-06, 2.85206874650612e-06, 2.5214401375706075e-06, 2.8285087410040433e-06, 2.416038796582143e-06, 2.225984189863084e-06, 2.31946182793763e-06, 1.6802715663288836e-06, 1.538303763481963e-06, 1.3408744052867405e-06, 1.063702029568958e-06, 8.114101888168079e-07, 7.257583547470858e-07, 7.833078257135639e-07, 5.579700541602506e-07, 3.939564692245767e-07, 2.7770664701165515e-07, 1.6126107027503167e-07, 1.1198847005289281e-07, 7.190151052327565e-08, 3.414541538404592e-08, 1.4634546907643653e-08, 7.970537119206256e-09, 9.86911663503065e-10, 7.353296443968205e-11, 5.5404982685081094e-11, 3.9475211294215384e-11, 1.5249423251928462e-11, 1.2670934614045226e-11, 1.2352056009967693e-11, 1.1976225566812104e-11, 1.1591195017701672e-11, 1.1381854660152957e-11, 1.1305056717147988e-11], "lowlevel.melbands128.stdev": [0.010068927891552448, 0.016315024346113205, 0.012553169392049313, 0.007562038954347372, 0.0055140783078968525, 0.003160325810313225, 0.001827849424444139, 0.0021157509181648493, 0.0019144968828186393, 0.000951615977101028, 0.0005154155660420656, 0.00039399933302775025, 0.00029907404677942395, 0.00028866424690932035, 0.0004844354116357863, 0.0007787485956214368, 0.0006698837387375534, 0.0003520184545777738, 0.0004476005269680172, 0.00025280119734816253, 0.0003342902928125113, 0.0001384462957503274, 0.00015190569683909416, 0.0001134674166678451, 8.391401206608862e-05, 9.709668665891513e-05, 7.827256922610104e-05, 0.00011419677321100608, 5.86526766710449e-05, 4.622729466063902e-05, 7.650754560017958e-05, 8.068486931733787e-05, 6.90075394231826e-05, 0.00013673436478711665, 0.00024623621720820665, 0.0002875567879527807, 0.0003205719112884253, 0.0002749751729425043, 0.00023661110026296228, 0.00020974375365767628, 0.00018655571329873055, 9.246967965736985e-05, 7.307588384719566e-05, 0.0001238372060470283, 0.00015158018504735082, 0.00014216835552360862, 0.00015049765352159739, 0.00011739995534298941, 7.377831207122654e-05, 4.6939221647335216e-05, 3.4684911952354014e-05, 7.192792691057548e-05, 0.00016290246276184916, 0.00021970702800899744, 0.0002739748451858759, 0.00017962738638743758, 0.0001546437561046332, 7.511451985919848e-05, 5.469215102493763e-05, 4.577835716190748e-05, 2.5788744096644223e-05, 2.345229404454585e-05, 2.980488534376491e-05, 2.9130638722563162e-05, 1.9721317585208453e-05, 1.9791352315223776e-05, 1.4950215700082481e-05, 1.3247348761069588e-05, 1.5764846466481686e-05, 1.738432183628902e-05, 1.5786026779096574e-05, 1.541595884191338e-05, 1.7277006918448023e-05, 1.3657807357958518e-05, 1.2781685654772446e-05, 1.4508606909657829e-05, 1.3435827895591501e-05, 1.3634508832183201e-05, 1.315550889557926e-05, 1.770653216226492e-05, 2.3614215024281293e-05, 1.900937786558643e-05, 1.4971963537391275e-05, 1.1940452168346383e-05, 8.384843567910139e-06, 8.112803698168136e-06, 8.715988769836258e-06, 8.864401934260968e-06, 6.1950281633471604e-06, 4.7859289225016255e-06, 4.6503250814566854e-06, 4.450401775102364e-06, 4.152230758336373e-06, 3.8207631405384745e-06, 3.7063405216031242e-06, 3.5966772884421516e-06, 3.0139387945382623e-06, 3.4331635561102303e-06, 2.905538622144377e-06, 2.4545602173020598e-06, 2.8248678063391708e-06, 2.2613239707425237e-06, 1.8883119992096908e-06, 1.8079668961945572e-06, 1.4475496072918759e-06, 1.0281117965860176e-06, 9.923251127474941e-07, 1.022810806716734e-06, 8.596854286224698e-07, 6.495238267234527e-07, 4.3210781086600036e-07, 3.123934391169314e-07, 2.3792026127011923e-07, 2.008034698519623e-07, 1.284894750597232e-07, 5.335600405942387e-08, 2.738633497756382e-08, 8.620459901464983e-09, 1.5653017770844713e-09, 1.2586998110464265e-09, 8.629285619399241e-10, 8.289692543517191e-11, 2.2295842255770637e-11, 2.0106513676232396e-11, 1.7534239685201847e-11, 1.608068019021136e-11, 1.582530981258934e-11, 1.5742362274862032e-11], "lowlevel.mfcc.mean": [-575.6657104492188, 91.3083267211914, -0.1842608004808426, 41.73813247680664, 23.237348556518555, 14.506292343139648, 5.210597991943359, 8.59896183013916, 9.29841136932373, 3.0724759101867676, 11.114151000976562, 16.48155975341797, 7.842616558074951], "lowlevel.spectral_contrast_coeffs.mean": [-0.7247175574302673, -0.7753310799598694, -0.8145095109939575, -0.7963812351226807, -0.7899006605148315, -0.7405591607093811], "lowlevel.spectral_contrast_coeffs.stdev": [0.06285795569419861, 0.05465904623270035, 0.04336332529783249, 0.039029259234666824, 0.02696974389255047, 0.02898777462542057], "lowlevel.spectral_contrast_valleys.mean": [-6.100339412689209, -6.39728307723999, -7.0169830322265625, -6.770462512969971, -6.474562644958496, -9.285158157348633], "lowlevel.spectral_contrast_valleys.stdev": [0.4459717273712158, 0.4422469139099121, 0.46859803795814514, 0.38302916288375854, 0.3351146876811981, 0.5789099335670471], "rhythm.beats_loudness_band_ratio.mean": [0.7899612784385681, 0.031005334109067917, 0.03968043252825737, 0.03949890658259392, 0.08322867751121521, 0.03467913717031479], "rhythm.beats_loudness_band_ratio.stdev": [0.10630745440721512, 0.03795308992266655, 0.035505399107933044, 0.043219998478889465, 0.057722315192222595, 0.018127700313925743], "tonal.hpcp.mean": [0.03459513932466507, 0.04066517949104309, 0.04169965535402298, 0.07634415477514267, 0.12135787308216095, 0.08677098155021667, 0.049015626311302185, 0.07192463427782059, 0.12864968180656433, 0.2440028041601181, 0.2797827422618866, 0.19309933483600616, 0.12979328632354736, 0.10012706369161606, 0.08290905505418777, 0.07873697578907013, 0.08872465789318085, 0.09579771757125854, 0.08330957591533661, 0.0813593715429306, 0.08738801628351212, 0.07860252261161804, 0.07163629680871964, 0.07158591598272324, 0.0925116091966629, 0.1068093478679657, 0.0781332328915596, 0.050187189131975174, 0.0605863593518734, 0.1175595372915268, 0.29792600870132446, 0.306976318359375, 0.11170980334281921, 0.043975234031677246, 0.043583326041698456, 0.03878775238990784], "tonal.hpcp.stdev": [0.1289953589439392, 0.15083549916744232, 0.1445670872926712, 0.17555613815784454, 0.26054316759109497, 0.20610612630844116, 0.14632870256900787, 0.19641545414924622, 0.2572856843471527, 0.32725048065185547, 0.32973551750183105, 0.27819088101387024, 0.2635951340198517, 0.236650288105011, 0.19208331406116486, 0.1799747347831726, 0.19388936460018158, 0.20353782176971436, 0.20230640470981598, 0.18453292548656464, 0.20267221331596375, 0.19795887172222137, 0.19012801349163055, 0.19585852324962616, 0.20923548936843872, 0.24125905334949493, 0.19187867641448975, 0.15270715951919556, 0.17249558866024017, 0.2149331420660019, 0.3197755515575409, 0.333655446767807, 0.18416373431682587, 0.1279071718454361, 0.14572753012180328, 0.13148045539855957], "rhythm.beats_position": [0.4411791265010834, 0.9055781960487366, 1.404807209968567, 1.904036283493042, 2.4148752689361572, 2.9141042232513428, 3.4133331775665283, 3.9241721630096436, 4.423401355743408, 4.922630310058594, 5.421859264373779, 5.921088218688965, 6.43192720413208, 6.919546127319336, 7.430385589599609, 7.929614543914795, 8.42884349822998, 8.939682006835938, 9.438911437988281, 9.938140869140625, 10.437369346618652, 10.936598777770996, 11.435827255249023, 11.935056686401367, 12.445895195007324, 12.945124626159668, 13.444353103637695, 13.955192565917969, 14.454421043395996, 14.95365047454834, 15.452879905700684, 15.952108383178711, 16.451337814331055, 16.9505672454834, 17.46140480041504, 17.960634231567383, 18.459863662719727, 18.970703125, 19.469932556152344, 19.969160079956055, 20.4683895111084, 20.967618942260742, 21.478458404541016, 21.977685928344727, 22.47691535949707, 22.976144790649414, 23.475374221801758, 23.9746036529541, 24.473831176757812, 24.984670639038086, 25.48390007019043, 25.983129501342773, 26.493967056274414, 26.993196487426758, 27.4924259185791, 28.003265380859375, 28.502492904663086, 29.00172233581543, 29.512561798095703], "rhythm.bpm_histogram": [0.0, 0.0, 0.0, 0.0, 0.0, 0.0, 0.0, 0.0, 0.0, 0.0, 0.0, 0.0, 0.0, 0.0, 0.0, 0.0, 0.0, 0.0, 0.0, 0.0, 0.0, 0.0, 0.0, 0.0, 0.0, 0.0, 0.0, 0.0, 0.0, 0.0, 0.0, 0.0, 0.0, 0.0, 0.0, 0.0, 0.0, 0.0, 0.0, 0.0, 0.0, 0.0, 0.0, 0.0, 0.0, 0.0, 0.0, 0.0, 0.0, 0.0, 0.0, 0.0, 0.0, 0.0, 0.0, 0.0, 0.0, 0.0, 0.0, 0.0, 0.0, 0.0, 0.0, 0.0, 0.0, 0.0, 0.0, 0.0, 0.0, 0.0, 0.0, 0.0, 0.0, 0.0, 0.0, 0.0, 0.0, 0.0, 0.0, 0.0, 0.0, 0.0, 0.0, 0.0, 0.0, 0.0, 0.0, 0.0, 0.0, 0.0, 0.0, 0.0, 0.0, 0.0, 0.0, 0.0, 0.0, 0.0, 0.0, 0.0, 0.0, 0.0, 0.0, 0.0, 0.0, 0.0, 0.0, 0.0, 0.0, 0.0, 0.0, 0.0, 0.0, 0.0, 0.0, 0.0, 0.0, 0.24137930572032928, 0.0, 0.0, 0.7241379022598267, 0.0, 0.0, 0.017241379246115685, 0.0, 0.0, 0.0, 0.0, 0.0, 0.017241379246115685, 0.0, 0.0, 0.0, 0.0, 0.0, 0.0, 0.0, 0.0, 0.0, 0.0, 0.0, 0.0, 0.0, 0.0, 0.0, 0.0, 0.0, 0.0, 0.0, 0.0, 0.0, 0.0, 0.0, 0.0, 0.0, 0.0, 0.0, 0.0, 0.0, 0.0, 0.0, 0.0, 0.0, 0.0, 0.0, 0.0, 0.0, 0.0, 0.0, 0.0, 0.0, 0.0, 0.0, 0.0, 0.0, 0.0, 0.0, 0.0, 0.0, 0.0, 0.0, 0.0, 0.0, 0.0, 0.0, 0.0, 0.0, 0.0, 0.0, 0.0, 0.0, 0.0, 0.0, 0.0, 0.0, 0.0, 0.0, 0.0, 0.0, 0.0, 0.0, 0.0, 0.0, 0.0, 0.0, 0.0, 0.0, 0.0, 0.0, 0.0, 0.0, 0.0, 0.0, 0.0, 0.0, 0.0, 0.0, 0.0, 0.0, 0.0, 0.0, 0.0, 0.0, 0.0, 0.0, 0.0, 0.0, 0.0, 0.0, 0.0, 0.0, 0.0, 0.0, 0.0, 0.0, 0.0, 0.0, 0.0, 0.0, 0.0, 0.0, 0.0, 0.0, 0.0, 0.0, 0.0, 0.0, 0.0, 0.0, 0.0], "tonal.chords_histogram": [1.6975308656692505, 0.0, 2.932098865509033, 0.0, 0.0, 0.0, 0.0, 0.0, 0.0, 0.0, 0.0, 0.0, 0.0, 1.6975308656692505, 0.0, 0.3086419701576233, 0.0, 81.17283630371094, 0.6172839403152466, 0.0, 11.574073791503906, 0.0, 0.0, 0.0], "tonal.thpcp": [1.0, 0.36390364170074463, 0.14325284957885742, 0.14197617769241333, 0.12635421752929688, 0.11269644647836685, 0.13247008621692657, 0.13583996891975403, 0.2486972063779831, 0.39533302187919617, 0.2826634347438812, 0.1596723347902298, 0.23430027067661285, 0.41908666491508484, 0.7948586940765381, 0.9114147424697876, 0.6290366053581238, 0.4228120446205139, 0.3261719346046448, 0.27008289098739624, 0.256492018699646, 0.28902769088745117, 0.31206876039505005, 0.27138763666152954, 0.26503467559814453, 0.2846734821796417, 0.25605401396751404, 0.23336099088191986, 0.23319686949253082, 0.301364004611969, 0.34794002771377563, 0.2545252740383148, 0.16348879039287567, 0.1973649263381958, 0.38295963406562805, 0.9705178737640381], "lowlevel.gfcc.cov": [[1339.68408203125, -279.1561584472656, 132.78382873535156, -31.082616806030273, -92.54747009277344, 86.63119506835938, -38.82769012451172, 8.366129875183105, -84.71573638916016, 24.8433837890625, -63.13374328613281, 107.41570281982422, -73.56102752685547], [-279.1561584472656, 473.2429504394531, -214.42352294921875, -28.286865234375, 66.8631820678711, -70.45975494384766, 57.77944564819336, -46.55989074707031, 40.29689407348633, -68.66059112548828, 81.87812805175781, -78.43927001953125, 80.52543640136719], [132.78382873535156, -214.42352294921875, 282.5135192871094, 74.48985290527344, -41.964378356933594, 15.53319263458252, -17.676044464111328, 25.45728874206543, -30.896800994873047, 33.88828659057617, -34.159061431884766, 63.34103775024414, -25.535337448120117], [-31.082616806030273, -28.286865234375, 74.48985290527344, 156.42677307128906, 34.741825103759766, -0.715682327747345, 14.918936729431152, -1.0730822086334229, 52.404964447021484, 0.8156930804252625, 5.591202735900879, -7.83366060256958, 25.879741668701172], [-92.54747009277344, 66.8631820678711, -41.964378356933594, 34.741825103759766, 162.9646759033203, 33.536582946777344, 41.733211517333984, 29.21148681640625, 71.66902160644531, 27.628658294677734, 24.968753814697266, -16.244346618652344, 27.132036209106445], [86.63119506835938, -70.45975494384766, 15.53319263458252, -0.715682327747345, 33.536582946777344, 113.68141174316406, 66.51888275146484, 30.04094886779785, 10.917612075805664, 17.552125930786133, 11.898869514465332, 13.92068099975586, -9.985124588012695], [-38.82769012451172, 57.77944564819336, -17.676044464111328, 14.918936729431152, 41.733211517333984, 66.51888275146484, 141.3821563720703, 38.16972732543945, 31.524192810058594, -4.144693851470947, 37.84344482421875, 6.567490100860596, 19.443002700805664], [8.366129875183105, -46.55989074707031, 25.45728874206543, -1.0730822086334229, 29.21148681640625, 30.04094886779785, 38.16972732543945, 74.60820007324219, 28.99403190612793, 26.365497589111328, 7.162657260894775, 19.15810775756836, 5.41230583190918], [-84.71573638916016, 40.29689407348633, -30.896800994873047, 52.404964447021484, 71.66902160644531, 10.917612075805664, 31.524192810058594, 28.99403190612793, 102.97087860107422, 31.983308792114258, 27.211782455444336, -11.498618125915527, 34.71824264526367], [24.8433837890625, -68.66059112548828, 33.88828659057617, 0.8156930804252625, 27.628658294677734, 17.552125930786133, -4.144693851470947, 26.365497589111328, 31.983308792114258, 72.83844757080078, 17.107534408569336, 19.81537437438965, -5.496569633483887], [-63.13374328613281, 81.87812805175781, -34.159061431884766, 5.591202735900879, 24.968753814697266, 11.898869514465332, 37.84344482421875, 7.162657260894775, 27.211782455444336, 17.107534408569336, 76.90538787841797, 18.85389518737793, 31.005460739135742], [107.41570281982422, -78.43927001953125, 63.34103775024414, -7.83366060256958, -16.244346618652344, 13.92068099975586, 6.567490100860596, 19.15810775756836, -11.498618125915527, 19.81537437438965, 18.85389518737793, 82.19821166992188, 13.627567291259766], [-73.56102752685547, 80.52543640136719, -25.535337448120117, 25.879741668701172, 27.132036209106445, -9.985124588012695, 19.443002700805664, 5.41230583190918, 34.71824264526367, -5.496569633483887, 31.005460739135742, 13.627567291259766, 70.32203674316406]], "lowlevel.gfcc.icov": [[0.0010968063725158572, -0.0007496891194023192, 0.00045010188478045166, -0.0008861038368195295, 0.0006301546236500144, -0.0015950133092701435, 0.0007132455357350409, -0.0001994296908378601, 0.0004156350623816252, -0.0008424208499491215, 0.0018330600578337908, -0.0025642148684710264, 0.0012615311425179243], [-0.0007496891194023192, 0.012778849340975285, -0.0008003219263628125, 0.007468256633728743, -0.004841988906264305, 0.009973086416721344, -0.0060304985381662846, 0.005361106712371111, -0.0019858703017234802, 0.009639258496463299, -0.013787459582090378, 0.01308231521397829, -0.008639647625386715], [0.00045010188478045166, -0.0008003219263628125, 0.009540275670588017, -0.008043455891311169, 0.0018361174734309316, -0.0010888050310313702, 0.00023810542188584805, -0.0032322441693395376, 0.005978851113468409, -0.006253079976886511, 0.0059120203368365765, -0.007625551428645849, 0.0025621415115892887], [-0.0008861038368195295, 0.007468256633728743, -0.008043455891311169, 0.01868509128689766, -0.004236551001667976, 0.006296972744166851, -0.003936332650482655, 0.007574265357106924, -0.011018435470759869, 0.011388429440557957, -0.01054611336439848, 0.012309183366596699, -0.007647417485713959], [0.0006301546236500144, -0.004841988906264305, 0.0018361174734309316, -0.004236551001667976, 0.012021008878946304, -0.006369944661855698, 0.002007166389375925, -0.00338359153829515, -0.0027556754648685455, -0.0063218227587640285, 0.005839771591126919, -0.0036446559242904186, 0.0015904005849733949], [-0.0015950133092701435, 0.009973086416721344, -0.0010888050310313702, 0.006296972744166851, -0.006369944661855698, 0.023411648347973824, -0.01221865601837635, 0.0033659886103123426, -0.0005117905675433576, 0.005066725891083479, -0.010672122240066528, 0.00973235722631216, -0.003432121593505144], [0.0007132455357350409, -0.0060304985381662846, 0.00023810542188584805, -0.003936332650482655, 0.002007166389375925, -0.01221865601837635, 0.017374737188220024, -0.00801779329776764, -0.0009876552503556013, 0.002285044640302658, 0.000444250472355634, -0.005765983834862709, 0.004078281577676535], [-0.0001994296908378601, 0.005361106712371111, -0.0032322441693395376, 0.007574265357106924, -0.00338359153829515, 0.0033659886103123426, -0.00801779329776764, 0.024786433205008507, -0.0077238851226866245, 0.0005794329335913062, -0.0019847871735692024, 0.00209369626827538, -0.0038882342632859945], [0.0004156350623816252, -0.0019858703017234802, 0.005978851113468409, -0.011018435470759869, -0.0027556754648685455, -0.0005117905675433576, -0.0009876552503556013, -0.0077238851226866245, 0.02866016887128353, -0.014977729879319668, 0.003539441851899028, 0.0011810179566964507, -0.0063168760389089584], [-0.0008424208499491215, 0.009639258496463299, -0.006253079976886511, 0.011388429440557957, -0.0063218227587640285, 0.005066725891083479, 0.002285044640302658, 0.0005794329335913062, -0.014977729879319668, 0.036350928246974945, -0.019664648920297623, 0.00716189993545413, 0.0016195600619539618], [0.0018330600578337908, -0.013787459582090378, 0.0059120203368365765, -0.01054611336439848, 0.005839771591126919, -0.010672122240066528, 0.000444250472355634, -0.0019847871735692024, 0.003539441851899028, -0.019664648920297623, 0.0393817238509655, -0.022124500945210457, 0.003634134540334344], [-0.0025642148684710264, 0.01308231521397829, -0.007625551428645849, 0.012309183366596699, -0.0036446559242904186, 0.00973235722631216, -0.005765983834862709, 0.00209369626827538, 0.0011810179566964507, 0.00716189993545413, -0.022124500945210457, 0.03925388678908348, -0.01861599273979664], [0.0012615311425179243, -0.008639647625386715, 0.0025621415115892887, -0.007647417485713959, 0.0015904005849733949, -0.003432121593505144, 0.004078281577676535, -0.0038882342632859945, -0.0063168760389089584, 0.0016195600619539618, 0.003634134540334344, -0.01861599273979664, 0.03249911591410637]], "lowlevel.mfcc.cov": [[1189.08154296875, -174.16592407226562, 95.1254653930664, -81.97639465332031, -46.81554412841797, 36.729984283447266, -20.39371109008789, 32.07129669189453, -40.45540237426758, -36.917667388916016, -19.715564727783203, -22.103546142578125, -7.412492752075195], [-174.16592407226562, 375.4048156738281, -187.6174774169922, -11.06640625, -12.041102409362793, -35.47111511230469, 32.371971130371094, -20.720584869384766, 4.61491584777832, -25.24162483215332, -1.7159814834594727, 28.45207405090332, -1.4583325386047363], [95.1254653930664, -187.6174774169922, 264.84576416015625, 39.992008209228516, -28.692188262939453, 1.2437565326690674, -10.922852516174316, 13.983698844909668, -29.032121658325195, -15.683963775634766, -21.77609634399414, -33.48283386230469, 4.398738384246826], [-81.97639465332031, -11.06640625, 39.992008209228516, 142.05824279785156, 44.07562255859375, 4.022886276245117, -26.283401489257812, -4.92299747467041, 20.813215255737305, 19.101547241210938, 0.06127205491065979, -10.619001388549805, 1.8067917823791504], [-46.81554412841797, -12.041102409362793, -28.692188262939453, 44.07562255859375, 112.78228759765625, 20.229562759399414, -23.98941993713379, -17.4743595123291, 23.134300231933594, 34.8209114074707, 14.067403793334961, 4.998671531677246, 1.9194930791854858], [36.729984283447266, -35.47111511230469, 1.2437565326690674, 4.022886276245117, 20.229562759399414, 84.93816375732422, 28.88514518737793, 23.429758071899414, 16.105243682861328, 26.7122859954834, 20.412019729614258, 11.947134017944336, 6.999730587005615], [-20.39371109008789, 32.371971130371094, -10.922852516174316, -26.283401489257812, -23.98941993713379, 28.88514518737793, 92.80511474609375, 47.47747039794922, 9.915905952453613, -1.3071330785751343, 18.325658798217773, 28.934762954711914, 12.20849323272705], [32.07129669189453, -20.720584869384766, 13.983698844909668, -4.92299747467041, -17.4743595123291, 23.429758071899414, 47.47747039794922, 80.86299133300781, 28.81915283203125, 6.094242572784424, 6.875411510467529, 13.236283302307129, 17.53509521484375], [-40.45540237426758, 4.61491584777832, -29.032121658325195, 20.813215255737305, 23.134300231933594, 16.105243682861328, 9.915905952453613, 28.81915283203125, 68.1104507446289, 40.72332763671875, 12.713471412658691, 5.68282413482666, 9.142918586730957], [-36.917667388916016, -25.24162483215332, -15.683963775634766, 19.101547241210938, 34.8209114074707, 26.7122859954834, -1.3071330785751343, 6.094242572784424, 40.72332763671875, 73.95564270019531, 33.56045150756836, 3.9328126907348633, 0.5715717673301697], [-19.715564727783203, -1.7159814834594727, -21.77609634399414, 0.06127205491065979, 14.067403793334961, 20.412019729614258, 18.325658798217773, 6.875411510467529, 12.713471412658691, 33.56045150756836, 56.36833953857422, 30.59496307373047, 4.649054527282715], [-22.103546142578125, 28.45207405090332, -33.48283386230469, -10.619001388549805, 4.998671531677246, 11.947134017944336, 28.934762954711914, 13.236283302307129, 5.68282413482666, 3.9328126907348633, 30.59496307373047, 65.52944946289062, 27.564661026000977], [-7.412492752075195, -1.4583325386047363, 4.398738384246826, 1.8067917823791504, 1.9194930791854858, 6.999730587005615, 12.20849323272705, 17.53509521484375, 9.142918586730957, 0.5715717673301697, 4.649054527282715, 27.564661026000977, 53.510597229003906]], "lowlevel.mfcc.icov": [[0.0010285399621352553, 0.0002976789546664804, -9.333971684100106e-05, 0.0006333781639114022, 0.0001575677888467908, -0.0007179469685070217, 0.0008924331632442772, -0.0007559258956462145, 0.00031735230004414916, 0.0005582571611739695, -9.353341010864824e-05, 5.2884519391227514e-05, 0.0001899398776004091], [0.0002976789546664804, 0.0055031138472259045, 0.0040087029337882996, -0.0016553642926737666, 0.0011715152068063617, 0.0017885376000776887, -0.003171592950820923, 0.002111515263095498, -0.0003422650333959609, 0.0016349414363503456, 0.0010003993520513177, -0.00042031111661344767, -0.0001561192621011287], [-9.333971684100106e-05, 0.0040087029337882996, 0.008198237977921963, -0.003462341148406267, 0.002192078623920679, 0.0009390334598720074, -0.002010626019909978, -0.0005491671618074179, 0.003664060030132532, -2.3272625185200013e-05, 0.0010521422373130918, 0.002578991698101163, -0.0020691915415227413], [0.0006333781639114022, -0.0016553642926737666, -0.003462341148406267, 0.010403665713965893, -0.0035697659477591515, -0.0009215439786203206, 0.003419000655412674, -0.0009397767717018723, -0.0030451698694378138, 0.0005464619025588036, -0.0009293010225519538, 0.000623717438429594, 2.6380808776593767e-05], [0.0001575677888467908, 0.0011715152068063617, 0.002192078623920679, -0.0035697659477591515, 0.013897758908569813, -0.0030504297465085983, 0.0023675409611314535, 0.0033815931528806686, -0.0018436498939990997, -0.0030018638353794813, 0.0006830552010796964, -0.0019258892862126231, -0.00047389144310727715], [-0.0007179469685070217, 0.0017885376000776887, 0.0009390334598720074, -0.0009215439786203206, -0.0030504297465085983, 0.01761195994913578, -0.006556947249919176, -0.001462488085962832, 0.001658821594901383, -0.004815372172743082, -0.0007480881176888943, 0.00028302485588938, -0.0006287563010118902], [0.0008924331632442772, -0.003171592950820923, -0.002010626019909978, 0.003419000655412674, 0.0023675409611314535, -0.006556947249919176, 0.023482784628868103, -0.01165102794766426, 0.0004913167795166373, 0.002505672164261341, -0.004066205583512783, -0.004987100139260292, 0.0021317098289728165], [-0.0007559258956462145, 0.002111515263095498, -0.0005491671618074179, -0.0009397767717018723, 0.0033815931528806686, -0.001462488085962832, -0.01165102794766426, 0.026171989738941193, -0.012544994242489338, 0.0037323213182389736, 0.00047885641106404364, 0.0006161049823276699, -0.004073875956237316], [0.00031735230004414916, -0.0003422650333959609, 0.003664060030132532, -0.0030451698694378138, -0.0018436498939990997, 0.001658821594901383, 0.0004913167795166373, -0.012544994242489338, 0.032683536410331726, -0.017844857648015022, 0.006113983225077391, 0.000145786558277905, -0.002315823920071125], [0.0005582571611739695, 0.0016349414363503456, -2.3272625185200013e-05, 0.0005464619025588036, -0.0030018638353794813, -0.004815372172743082, 0.002505672164261341, 0.0037323213182389736, -0.017844857648015022, 0.03549392148852348, -0.01976601965725422, 0.007662971504032612, -0.000512019672896713], [-9.353341010864824e-05, 0.0010003993520513177, 0.0010521422373130918, -0.0009293010225519538, 0.0006830552010796964, -0.0007480881176888943, -0.004066205583512783, 0.00047885641106404364, 0.006113983225077391, -0.01976601965725422, 0.03953550010919571, -0.018691016361117363, 0.006163156125694513], [5.2884519391227514e-05, -0.00042031111661344767, 0.002578991698101163, 0.000623717438429594, -0.0019258892862126231, 0.00028302485588938, -0.004987100139260292, 0.0006161049823276699, 0.000145786558277905, 0.007662971504032612, -0.018691016361117363, 0.03365302085876465, -0.015087599866092205], [0.0001899398776004091, -0.0001561192621011287, -0.0020691915415227413, 2.6380808776593767e-05, -0.00047389144310727715, -0.0006287563010118902, 0.0021317098289728165, -0.004073875956237316, -0.002315823920071125, -0.000512019672896713, 0.006163156125694513, -0.015087599866092205, 0.027464725077152252]], "metadata.audio_properties.analysis.downmix": "mix", "metadata.audio_properties.codec": "mp3", "metadata.audio_properties.md5_encoded": "5701f0b5e7236e5cf4907ec42a85ae9e", "metadata.tags.file_name": "1182283221656940694.mp3", "metadata.version.essentia": "2.1-beta6-dev", "metadata.version.essentia_git_sha": "v2.1_beta5-1110-g77a6a954", "metadata.version.extractor": "music 2.0", "tonal.chords_key": "C", "tonal.chords_scale": "minor", "tonal.key_edma.key": "C", "tonal.key_edma.scale": "major", "tonal.key_krumhansl.key": "C", "tonal.key_krumhansl.scale": "minor", "tonal.key_temperley.key": "C", "tonal.key_temperley.scale": "major", "metadata.tags.encoding": ["Lavf58.45.100"]}, "essentia_models": [{"model_name": "genre_dortmund", "activations": {"alternative": "0.00063103763", "blues": "8.3521365e-05", "electronic": "0.07754184", "folkcountry": "0