{"song_id": "1182281294302953602", "download": "https://cdn.discordapp.com/attachments/1128313332273782784/1182281294302953602/chirp.mp4?ex=65842042&amp", "lyrics": "[Instrumental introduction]\n[verse 1]\n\u042f \u043d\u0430\u0432\u0441\u0435\u0433\u0434\u0430 \u0437\u0430\u043f\u043e\u043c\u043d\u044e \u043d\u043e\u0447\u044c,\n\u041a\u043e\u0433\u0434\u0430 \u0432\u0441\u0451 \u044d\u0442\u043e \u043d\u0430\u0447\u0430\u043b\u043e\u0441\u044c\n\u041f\u043e\u0434 \u0443\u0442\u0440\u043e \u044f \u0441 \u0443\u043c\u0430 \u0441\u043e\u0448\u043b\u0430\n\u0417\u0430\u0447\u0435\u043c \u0436\u0435 \u044f \u0442\u0435\u0431\u044f \u043d\u0430\u0448\u043b\u0430!?", "style": ["Kinderlied"], "essentia_features": {"lowlevel.average_loudness": 0.5759280323982239, "lowlevel.barkbands_crest.mean": 13.74358081817627, "lowlevel.barkbands_crest.stdev": 4.789113998413086, "lowlevel.barkbands_flatness_db.mean": 0.25512486696243286, "lowlevel.barkbands_flatness_db.stdev": 0.08110015839338303, "lowlevel.barkbands_kurtosis.mean": 23.34474754333496, "lowlevel.barkbands_kurtosis.stdev": 45.19934844970703, "lowlevel.barkbands_skewness.mean": 2.9197473526000977, "lowlevel.barkbands_skewness.stdev": 2.454127311706543, "lowlevel.barkbands_spread.mean": 19.12328338623047, "lowlevel.barkbands_spread.stdev": 33.54901885986328, "lowlevel.dissonance.mean": 0.42868074774742126, "lowlevel.dissonance.stdev": 0.04577768221497536, "lowlevel.dynamic_complexity": 9.227770805358887, "lowlevel.erbbands_crest.mean": 11.364215850830078, "lowlevel.erbbands_crest.stdev": 5.318681716918945, "lowlevel.erbbands_flatness_db.mean": 0.2059641033411026, "lowlevel.erbbands_flatness_db.stdev": 0.0631430596113205, "lowlevel.erbbands_kurtosis.mean": 3.752251625061035, "lowlevel.erbbands_kurtosis.stdev": 7.97930383682251, "lowlevel.erbbands_skewness.mean": 0.9836371541023254, "lowlevel.erbbands_skewness.stdev": 1.5168458223342896, "lowlevel.erbbands_spread.mean": 33.14219665527344, "lowlevel.erbbands_spread.stdev": 28.08379554748535, "lowlevel.hfc.mean": 9.758537292480469, "lowlevel.hfc.stdev": 14.540715217590332, "lowlevel.loudness_ebu128.integrated": -25.597137451171875, "lowlevel.loudness_ebu128.loudness_range": 10.561819076538086, "lowlevel.loudness_ebu128.momentary.mean": -32.58721923828125, "lowlevel.loudness_ebu128.momentary.stdev": 14.516213417053223, "lowlevel.loudness_ebu128.short_term.mean": -28.491859436035156, "lowlevel.loudness_ebu128.short_term.stdev": 4.444463729858398, "lowlevel.melbands_crest.mean": 19.119121551513672, "lowlevel.melbands_crest.stdev": 6.129403114318848, "lowlevel.melbands_flatness_db.mean": 0.3317587077617645, "lowlevel.melbands_flatness_db.stdev": 0.1185683161020279, "lowlevel.melbands_kurtosis.mean": 45.4997444152832, "lowlevel.melbands_kurtosis.stdev": 81.04940795898438, "lowlevel.melbands_skewness.mean": 3.990920305252075, "lowlevel.melbands_skewness.stdev": 3.224412202835083, "lowlevel.melbands_spread.mean": 23.59963607788086, "lowlevel.melbands_spread.stdev": 52.99070358276367, "lowlevel.pitch_salience.mean": 0.461444228887558, "lowlevel.pitch_salience.stdev": 0.13520270586013794, "lowlevel.silence_rate_20dB.mean": 0.9972222447395325, "lowlevel.silence_rate_20dB.stdev": 0.05263142287731171, "lowlevel.silence_rate_30dB.mean": 0.9361110925674438, "lowlevel.silence_rate_30dB.stdev": 0.24455490708351135, "lowlevel.silence_rate_60dB.mean": 0.27916666865348816, "lowlevel.silence_rate_60dB.stdev": 0.4485871195793152, "lowlevel.spectral_centroid.mean": 881.4968872070312, "lowlevel.spectral_centroid.stdev": 1138.216796875, "lowlevel.spectral_complexity.mean": 7.252777576446533, "lowlevel.spectral_complexity.stdev": 5.674990653991699, "lowlevel.spectral_decrease.mean": -8.029638287609941e-09, "lowlevel.spectral_decrease.stdev": 1.5604031844418387e-08, "lowlevel.spectral_energy.mean": 0.031190816313028336, "lowlevel.spectral_energy.stdev": 0.059858836233615875, "lowlevel.spectral_energyband_high.mean": 0.00024971787934191525, "lowlevel.spectral_energyband_high.stdev": 0.0008862721151672304, "lowlevel.spectral_energyband_low.mean": 0.01934850588440895, "lowlevel.spectral_energyband_low.stdev": 0.05226930230855942, "lowlevel.spectral_energyband_middle_high.mean": 0.002095658564940095, "lowlevel.spectral_energyband_middle_high.stdev": 0.0044906046241521835, "lowlevel.spectral_energyband_middle_low.mean": 0.01068734098225832, "lowlevel.spectral_energyband_middle_low.stdev": 0.016442324966192245, "lowlevel.spectral_entropy.mean": 6.720953941345215, "lowlevel.spectral_entropy.stdev": 0.9725291132926941, "lowlevel.spectral_flux.mean": 0.05795919522643089, "lowlevel.spectral_flux.stdev": 0.07575780898332596, "lowlevel.spectral_kurtosis.mean": 16.003618240356445, "lowlevel.spectral_kurtosis.stdev": 23.11151123046875, "lowlevel.spectral_rms.mean": 0.004251448437571526, "lowlevel.spectral_rms.stdev": 0.0035150053445249796, "lowlevel.spectral_rolloff.mean": 1576.19873046875, "lowlevel.spectral_rolloff.stdev": 3307.9296875, "lowlevel.spectral_skewness.mean": 2.7811005115509033, "lowlevel.spectral_skewness.stdev": 1.7721372842788696, "lowlevel.spectral_spread.mean": 4773893.0, "lowlevel.spectral_spread.stdev": 3167976.5, "lowlevel.spectral_strongpeak.mean": 0.5938040018081665, "lowlevel.spectral_strongpeak.stdev": 0.6263903379440308, "lowlevel.zerocrossingrate.mean": 0.0551249198615551, "lowlevel.zerocrossingrate.stdev": 0.08940264582633972, "metadata.audio_properties.analysis.equal_loudness": 0.0, "metadata.audio_properties.analysis.length": 16.682653427124023, "metadata.audio_properties.analysis.sample_rate": 44100.0, "metadata.audio_properties.analysis.start_time": 0.0, "metadata.audio_properties.bit_rate": 112551.0, "metadata.audio_properties.length": 16.682666778564453, "metadata.audio_properties.lossless": 0.0, "metadata.audio_properties.number_channels": 1.0, "metadata.audio_properties.replay_gain": -0.9161529541015625, "metadata.audio_properties.sample_rate": 48000.0, "rhythm.beats_count": 36.0, "rhythm.beats_loudness.mean": 0.03724076971411705, "rhythm.beats_loudness.stdev": 0.05805804580450058, "rhythm.bpm": 127.69863891601562, "rhythm.bpm_histogram_first_peak_bpm": 129.0, "rhythm.bpm_histogram_first_peak_weight": 0.4761905074119568, "rhythm.bpm_histogram_second_peak_bpm": 123.0, "rhythm.bpm_histogram_second_peak_spread": 0.0, "rhythm.bpm_histogram_second_peak_weight": 0.20000000298023224, "rhythm.danceability": 0.8991908431053162, "rhythm.onset_rate": 2.9349846839904785, "tonal.chords_changes_rate": 0.04709141328930855, "tonal.chords_number_rate": 0.024930747225880623, "tonal.chords_strength.mean": 0.5244794487953186, "tonal.chords_strength.stdev": 0.07858211547136307, "tonal.hpcp_crest.mean": 14.374117851257324, "tonal.hpcp_crest.stdev": 6.966665744781494, "tonal.hpcp_entropy.mean": 1.6933234930038452, "tonal.hpcp_entropy.stdev": 0.6954827308654785, "tonal.key_edma.strength": 0.5799778699874878, "tonal.key_krumhansl.strength": 0.58280348777771, "tonal.key_temperley.strength": 0.5722771883010864, "tonal.tuning_diatonic_strength": 0.4125620424747467, "tonal.tuning_equal_tempered_deviation": 0.07359906286001205, "tonal.tuning_frequency": 438.2245178222656, "tonal.tuning_nontempered_energy_ratio": 0.6731405258178711, "lowlevel.barkbands.mean": [2.696878436836414e-05, 0.004496000241488218, 0.013656582683324814, 0.0022160294465720654, 0.006039138417690992, 0.0012285122647881508, 0.0004715026298072189, 0.00033819107920862734, 0.00034224893897771835, 0.00028308830223977566, 0.0004890781128779054, 0.0004321429878473282, 0.00022013569832779467, 0.00030916513060219586, 0.00020727103401441127, 4.537023778539151e-05, 3.160467531415634e-05, 3.9552192902192473e-05, 4.910966526949778e-05, 4.7663132136221975e-05, 2.7991611204924993e-05, 1.194517062685918e-05, 3.644882599473931e-05, 4.7622925194446e-05, 7.713549712207168e-05, 2.0284473066567443e-05, 6.264948382295188e-08], "lowlevel.barkbands.stdev": [0.00010815579298650846, 0.011210421100258827, 0.037612926214933395, 0.009818237274885178, 0.008155453018844128, 0.0020557516254484653, 0.0010618087835609913, 0.0016059984918683767, 0.0012819415424019098, 0.0009621637873351574, 0.0015911174705252051, 0.001503379549831152, 0.0005785419489257038, 0.000896983954589814, 0.00064809899777174, 0.00018581455515231937, 0.00010459983604960144, 0.00010314433893654495, 0.00014909767196513712, 0.00013306103937793523, 0.00011637896386673674, 4.501101648202166e-05, 0.000161423537065275, 0.00020750914700329304, 0.0003631967992987484, 0.00011969235492870212, 6.761866870874655e-07], "lowlevel.erbbands.mean": [0.0458444319665432, 1.534671664237976, 13.880913734436035, 11.15703296661377, 12.194762229919434, 25.789081573486328, 13.1009521484375, 10.163838386535645, 5.75889778137207, 11.192914009094238, 5.6957783699035645, 6.029473781585693, 9.479574203491211, 14.474568367004395, 22.739051818847656, 13.595619201660156, 9.990718841552734, 14.446463584899902, 14.98652458190918, 6.210416793823242, 2.3601317405700684, 1.9836000204086304, 2.0487825870513916, 2.912997007369995, 1.854652762413025, 2.209761381149292, 1.747207522392273, 0.7010282874107361, 0.4149108827114105, 0.8193395733833313, 1.0092500448226929, 0.7579138875007629, 0.9799817204475403, 1.0129164457321167, 0.465151309967041, 0.14172179996967316, 0.028719376772642136, 0.0015426952159032226, 5.3972737077856436e-05, 3.781863779295236e-05], "lowlevel.erbbands.stdev": [0.10201587527990341, 3.827921152114868, 36.7806396484375, 41.38511657714844, 23.0382022857666, 37.00223922729492, 20.8978328704834, 17.810108184814453, 11.055377960205078, 30.975143432617188, 24.351938247680664, 19.51995849609375, 26.336090087890625, 47.041419982910156, 71.55654907226562, 37.832523345947266, 25.03807830810547, 37.06511306762695, 39.17685317993164, 21.10589027404785, 9.031063079833984, 6.254086971282959, 4.933317184448242, 9.15352725982666, 4.3120198249816895, 6.453418731689453, 5.680384635925293, 3.514643430709839, 1.6583634614944458, 3.9784421920776367, 4.279448509216309, 2.84309458732605, 4.574846267700195, 4.661588668823242, 2.428473472595215, 0.7777513861656189, 0.19152578711509705, 0.01008620671927929, 0.0002383809187449515, 6.917228165548295e-05], "lowlevel.gfcc.mean": [-160.99351501464844, 119.48217010498047, -77.69156646728516, 21.38690185546875, -46.83837890625, 18.067506790161133, -47.79608154296875, 4.598031044006348, -42.33844757080078, -1.401069164276123, -5.263666152954102, -16.44917869567871, -1.251703143119812], "lowlevel.melbands.mean": [0.0007758752326481044, 0.005206714384257793, 0.002029482740908861, 0.0013196516083553433, 0.0006554804858751595, 0.0002230866957688704, 9.341163240605965e-05, 0.00011464316048659384, 3.824198938673362e-05, 4.519595313468017e-05, 4.825706855626777e-05, 5.547009641304612e-05, 7.672104402445257e-05, 5.321259595802985e-05, 2.3554046492790803e-05, 2.294088881171774e-05, 2.69950287474785e-05, 2.6465726477908902e-05, 1.269874792342307e-05, 4.359428203315474e-06, 2.331013320144848e-06, 2.0763641259691212e-06, 1.8413679754303303e-06, 1.815404402805143e-06, 2.5281967737100786e-06, 1.4368860092872637e-06, 1.3068075759292697e-06, 1.521320427855244e-06, 1.2699405260718777e-06, 6.652859383393661e-07, 3.2035592312240624e-07, 2.2439380131800135e-07, 2.3323083553350443e-07, 5.706705792363209e-07, 6.112212531661498e-07, 4.820103640668094e-07, 4.68745895432221e-07, 6.430013286262692e-07, 7.963892016960017e-07, 8.815251248961431e-07], "lowlevel.melbands.stdev": [0.0018083418253809214, 0.013688471168279648, 0.006335987243801355, 0.0018131787655875087, 0.000986911472864449, 0.00038708627107553184, 0.00017499373643659055, 0.00035490773734636605, 0.0001620599505258724, 0.00016689090989530087, 0.0001381304900860414, 0.0001895032764878124, 0.00024337926879525185, 0.00019117620831821114, 6.922228931216523e-05, 5.7662859035190195e-05, 7.538752834079787e-05, 7.40239120204933e-05, 4.972510214429349e-05, 1.6713473087293096e-05, 9.93575213215081e-06, 7.050000021990854e-06, 5.2462160056165885e-06, 4.686165993916802e-06, 8.74178840604145e-06, 3.4294855595362606e-06, 3.588586650948855e-06, 4.604120476869866e-06, 3.684573130158242e-06, 3.012846491401433e-06, 1.9959675228164997e-06, 9.440121857551276e-07, 9.119339665630832e-07, 2.9850298233213834e-06, 2.8163808565295767e-06, 1.740943844197318e-06, 1.835302782637882e-06, 3.118408585578436e-06, 3.4161098483309615e-06, 4.290833658160409e-06], "lowlevel.melbands128.mean": [1.5904281099210493e-05, 0.00017833626770880073, 0.0006111981347203255, 0.0027717924676835537, 0.007132809143513441, 0.006071280688047409, 0.002183223608881235, 0.0010663935681805015, 0.0012459350982680917, 0.0011319334153085947, 0.001739849103614688, 0.0010165449930354953, 0.00033158506266772747, 0.0002529287012293935, 0.00022036592417862266, 0.00024664538796059787, 0.00010505774844205007, 3.7892368709435686e-05, 9.486443741479889e-05, 0.00017613878299016505, 8.752640860620886e-05, 5.4390940931625664e-05, 3.3357104257447645e-05, 1.934804822667502e-05, 2.0367677279864438e-05, 6.465586920967326e-05, 8.720233745407313e-05, 2.759139533736743e-05, 3.3925040042959154e-05, 5.5876120313769206e-05, 5.46943920198828e-05, 7.290702342288569e-05, 8.465836435789242e-05, 6.584889342775568e-05, 8.881599933374673e-05, 3.436232509557158e-05, 2.65900744125247e-05, 2.383186438237317e-05, 2.1890180505579337e-05, 1.9047587556997314e-05, 2.0275168935768306e-05, 3.39039797836449e-05, 2.3978705939953215e-05, 2.61135573964566e-05, 2.9951586839160882e-05, 2.8676506190095097e-05, 1.9521728972904384e-05, 1.4455568816629238e-05, 8.914576028473675e-06, 7.252423074532999e-06, 2.457982418491156e-06, 2.980886165460106e-06, 3.1084096008271445e-06, 1.512536528025521e-06, 1.7984416444960516e-06, 2.843872152880067e-06, 1.462096520299383e-06, 1.6913415947783506e-06, 2.314208813913865e-06, 1.4499174767479417e-06, 1.8780038999466342e-06, 1.9103713384538423e-06, 2.051769115496427e-06, 3.55939755536383e-06, 1.865926492428116e-06, 1.255980691894365e-06, 1.1449935755081242e-06, 1.1872193681483623e-06, 1.2836038649766124e-06, 1.6060065490819397e-06, 1.322981802331924e-06, 1.703917519080278e-06, 1.6275762391160242e-06, 1.115338591262116e-06, 9.546199635224184e-07, 8.029244895624288e-07, 4.797439601134101e-07, 3.2316481224370364e-07, 3.72972294826468e-07, 2.1132957783720485e-07, 2.2920137610071833e-07, 2.507521799088863e-07, 1.633414115076448e-07, 1.7510362226857978e-07, 3.345843140323268e-07, 4.584775865623669e-07, 6.700756784994155e-07, 7.883682542342285e-07, 5.248888896858261e-07, 5.784074801340466e-07, 5.77934827106219e-07, 4.492252969612309e-07, 3.300289392882405e-07, 4.5163881168264197e-07, 5.354236805032997e-07, 6.224547064448416e-07, 6.315858058769663e-07, 7.390961513920047e-07, 7.727763886578032e-07, 7.946594564600673e-07, 1.0084146424560458e-06, 9.469283668295247e-07, 6.823717058068723e-07, 6.682406592517509e-07, 5.526999871108274e-07, 4.153294526076934e-07, 2.7729598173209524e-07, 2.583915374998469e-07, 2.705936026359268e-07, 2.0300581127230544e-07, 1.2391369352826587e-07, 1.3416661204246338e-07, 7.67660850442553e-08, 4.921696117321517e-08, 1.9443312737621454e-08, 8.327115885720104e-09, 2.35413755156344e-09, 2.995006673223166e-11, 1.6603916158652865e-11, 1.4201619047415903e-11, 1.1894076001883747e-11, 1.0551015790227769e-11, 9.452594089409683e-12, 8.421608896358457e-12, 7.348625180592094e-12, 6.093460805378648e-12, 5.394113541251633e-12, 5.116464977389379e-12], "lowlevel.melbands128.stdev": [5.2812541980529204e-05, 0.000521984591614455, 0.0015826810849830508, 0.007417446002364159, 0.01845794916152954, 0.01760655827820301, 0.009417113848030567, 0.0036571482196450233, 0.0024891190696507692, 0.0018638542387634516, 0.002698425902053714, 0.0017931085312739015, 0.0007146115531213582, 0.0006334097124636173, 0.0004472171131055802, 0.0005618533468805254, 0.00027375994250178337, 0.0001414163562003523, 0.00027764574042521417, 0.0004814857093151659, 0.0005322344950400293, 0.0003778087848331779, 0.00011695658031385392, 6.866977491881698e-05, 6.775663496227935e-05, 0.0003156177408527583, 0.0003671293961815536, 7.921628275653347e-05, 0.00016967057308647782, 0.00023794543812982738, 0.0003071362734772265, 0.00027737318305298686, 0.00037896030698902905, 0.00027912057703360915, 0.00045188519288785756, 0.00012290275481063873, 0.0001163290289696306, 8.014703053049743e-05, 9.383857832290232e-05, 6.876761472085491e-05, 7.38196395104751e-05, 0.000108876105514355, 9.226344991475344e-05, 0.00013592604955192655, 0.00014945550356060266, 8.971415081759915e-05, 8.667411748319864e-05, 9.276131459046155e-05, 5.22482005180791e-05, 3.577032111934386e-05, 1.1204052498214878e-05, 1.513169081590604e-05, 1.528057146060746e-05, 9.437962944502942e-06, 8.262919436674565e-06, 1.1819971405202523e-05, 5.077628884464502e-06, 6.5800632000900805e-06, 8.214929039240815e-06, 4.042235104861902e-06, 5.6231447160826065e-06, 8.342470209754538e-06, 5.694322680938058e-06, 1.926726872625295e-05, 6.065873094485141e-06, 2.8252579795662314e-06, 3.5306024983583484e-06, 3.4027054880425567e-06, 4.159614945820067e-06, 5.960693670203909e-06, 4.675534000853077e-06, 5.7619249673734885e-06, 4.486261786951218e-06, 3.097291937592672e-06, 4.683281531470129e-06, 4.010848442703718e-06, 2.4070607196335914e-06, 1.6621730765109533e-06, 3.1196718737191986e-06, 1.1636896033451194e-06, 9.620970331525314e-07, 1.120734168580384e-06, 7.362899623331032e-07, 6.833125780758564e-07, 1.6156504898390267e-06, 2.6630430056684418e-06, 3.7441243421199033e-06, 4.705170340457698e-06, 2.442349568809732e-06, 2.371352820773609e-06, 2.323733042430831e-06, 1.5953179399730288e-06, 1.3188664524932392e-06, 2.0573959318426205e-06, 2.1895211830269545e-06, 2.8359966108837398e-06, 3.266309704486048e-06, 4.638658992917044e-06, 3.663219558802666e-06, 3.0252419946918963e-06, 5.010212589695584e-06, 5.0285789257031865e-06, 3.6259868920751614e-06, 3.630420451372629e-06, 3.011318312928779e-06, 2.9030011319264304e-06, 1.213172481584479e-06, 1.2360575283310027e-06, 1.698262281024654e-06, 1.3529613624996273e-06, 9.6218991529895e-07, 1.1435976148277405e-06, 5.029547196500062e-07, 3.741947693924885e-07, 1.1319014703303765e-07, 9.11762825239748e-08, 2.4676779730725684e-08, 3.005409254797087e-10, 2.283283145887438e-10, 1.7439913402306217e-10, 1.3943890486700639e-10, 1.0887959284167081e-10, 8.241772542216808e-11, 5.987171869392682e-11, 4.331586478389937e-11, 3.001130940982755e-11, 2.3386218309107143e-11, 1.9725271763193497e-11], "lowlevel.mfcc.mean": [-811.1453857421875, 160.15882873535156, 27.846555709838867, 14.057951927185059, 24.873504638671875, -0.7020018100738525, 23.275840759277344, -12.82545280456543, -9.369416236877441, 0.7032715678215027, -10.793593406677246, -3.0753231048583984, -7.613947868347168], "lowlevel.spectral_contrast_coeffs.mean": [-0.654879629611969, -0.7306719422340393, -0.7638047933578491, -0.7912482619285583, -0.8196663856506348, -0.8210862874984741], "lowlevel.spectral_contrast_coeffs.stdev": [0.09609580039978027, 0.0951506644487381, 0.09332668781280518, 0.07204849272966385, 0.05264076218008995, 0.049104008823633194], "lowlevel.spectral_contrast_valleys.mean": [-7.667584419250488, -8.515411376953125, -9.024175643920898, -9.483052253723145, -9.597079277038574, -12.067587852478027], "lowlevel.spectral_contrast_valleys.stdev": [2.4532530307769775, 2.0146853923797607, 1.9254587888717651, 1.7852720022201538, 1.717241883277893, 1.5149641036987305], "rhythm.beats_loudness_band_ratio.mean": [0.517155110836029, 0.2848004400730133, 0.07604720443487167, 0.06242625415325165, 0.02853298932313919, 0.08902566879987717], "rhythm.beats_loudness_band_ratio.stdev": [0.28232964873313904, 0.2233479917049408, 0.13303779065608978, 0.09673718363046646, 0.04012187942862511, 0.21007949113845825], "tonal.hpcp.mean": [0.2852592468261719, 0.15081734955310822, 0.031126247718930244, 0.034231916069984436, 0.04850810393691063, 0.16625529527664185, 0.3505253791809082, 0.25281980633735657, 0.057086050510406494, 0.027333443984389305, 0.019968828186392784, 0.02384083904325962, 0.022615639492869377, 0.019432175904512405, 0.021797005087137222, 0.03091472201049328, 0.025440039113163948, 0.01489525567740202, 0.013307132758200169, 0.013330796733498573, 0.051433272659778595, 0.08674971759319305, 0.0529974028468132, 0.04275832697749138, 0.04224890470504761, 0.025426508858799934, 0.06855782866477966, 0.1316658854484558, 0.09703060984611511, 0.14804477989673615, 0.2502449154853821, 0.1361410915851593, 0.03349654749035835, 0.031180361285805702, 0.025156240910291672, 0.16096098721027374], "tonal.hpcp.stdev": [0.43489202857017517, 0.23586341738700867, 0.13787159323692322, 0.14095477759838104, 0.1848212331533432, 0.24743610620498657, 0.41406679153442383, 0.3223186135292053, 0.16461363434791565, 0.12220188975334167, 0.08550608158111572, 0.09733332693576813, 0.08274061232805252, 0.07074029743671417, 0.07611717283725739, 0.09645958244800568, 0.10439751297235489, 0.06778256595134735, 0.05884397402405739, 0.05857062339782715, 0.14218905568122864, 0.21830621361732483, 0.14123564958572388, 0.17687465250492096, 0.18205532431602478, 0.11924035102128983, 0.1632222980260849, 0.2549576461315155, 0.20254869759082794, 0.236237570643425, 0.3924488127231598, 0.22094407677650452, 0.1477399468421936, 0.13209602236747742, 0.10917016118764877, 0.2520470917224884], "rhythm.beats_position": [0.3366893231868744, 0.6849886775016785, 1.0448979139328003, 1.3931972980499268, 1.7531065940856934, 2.1014058589935303, 2.461315155029297, 2.8212244510650635, 3.285623550415039, 3.7616326808929443, 4.22603178024292, 4.702040672302246, 5.178049564361572, 5.665668964385986, 6.153287887573242, 6.640906810760498, 7.116916179656982, 7.604535102844238, 8.092154502868652, 8.57977294921875, 9.055782318115234, 9.543400764465332, 10.019410133361816, 10.4954195022583, 10.959818840026855, 11.424217224121094, 11.888616561889648, 12.353015899658203, 12.817414283752441, 13.281813621520996, 13.74621295928955, 14.210612297058105, 14.686620712280273, 15.162630081176758, 15.627029418945312, 16.103038787841797], "rhythm.bpm_histogram": [0.0, 0.0, 0.0, 0.0, 0.0, 0.0, 0.0, 0.0, 0.0, 0.0, 0.0, 0.0, 0.0, 0.0, 0.0, 0.0, 0.0, 0.0, 0.0, 0.0, 0.0, 0.0, 0.0, 0.0, 0.0, 0.0, 0.0, 0.0, 0.0, 0.0, 0.0, 0.0, 0.0, 0.0, 0.0, 0.0, 0.0, 0.0, 0.0, 0.0, 0.0, 0.0, 0.0, 0.0, 0.0, 0.0, 0.0, 0.0, 0.0, 0.0, 0.0, 0.0, 0.0, 0.0, 0.0, 0.0, 0.0, 0.0, 0.0, 0.0, 0.0, 0.0, 0.0, 0.0, 0.0, 0.0, 0.0, 0.0, 0.0, 0.0, 0.0, 0.0, 0.0, 0.0, 0.0, 0.0, 0.0, 0.0, 0.0, 0.0, 0.0, 0.0, 0.0, 0.0, 0.0, 0.0, 0.0, 0.0, 0.0, 0.0, 0.0, 0.0, 0.0, 0.0, 0.0, 0.0, 0.0, 0.0, 0.0, 0.0, 0.0, 0.0, 0.0, 0.0, 0.0, 0.0, 0.0, 0.0, 0.0, 0.0, 0.0, 0.0, 0.0, 0.0, 0.0, 0.0, 0.0, 0.0, 0.0, 0.0, 0.0, 0.0, 0.0, 0.20000000298023224, 0.0, 0.0, 0.2857142984867096, 0.0, 0.0, 0.3142857253551483, 0.0, 0.0, 0.0, 0.0, 0.0, 0.0, 0.0, 0.0, 0.0, 0.0, 0.0, 0.0, 0.0, 0.0, 0.0, 0.0, 0.0, 0.0, 0.0, 0.0, 0.0, 0.0, 0.0, 0.0, 0.0, 0.0, 0.0, 0.0, 0.0, 0.0, 0.0, 0.0, 0.0, 0.0, 0.0, 0.0, 0.0, 0.11428571492433548, 0.0, 0.0, 0.0, 0.0, 0.08571428805589676, 0.0, 0.0, 0.0, 0.0, 0.0, 0.0, 0.0, 0.0, 0.0, 0.0, 0.0, 0.0, 0.0, 0.0, 0.0, 0.0, 0.0, 0.0, 0.0, 0.0, 0.0, 0.0, 0.0, 0.0, 0.0, 0.0, 0.0, 0.0, 0.0, 0.0, 0.0, 0.0, 0.0, 0.0, 0.0, 0.0, 0.0, 0.0, 0.0, 0.0, 0.0, 0.0, 0.0, 0.0, 0.0, 0.0, 0.0, 0.0, 0.0, 0.0, 0.0, 0.0, 0.0, 0.0, 0.0, 0.0, 0.0, 0.0, 0.0, 0.0, 0.0, 0.0, 0.0, 0.0, 0.0, 0.0, 0.0, 0.0, 0.0, 0.0, 0.0, 0.0, 0.0, 0.0, 0.0, 0.0, 0.0], "tonal.chords_histogram": [12.188365936279297, 30.193904876708984, 13.850415229797363, 1.9390581846237183, 21.606647491455078, 9.141274452209473, 2.77008318901062, 0.0, 0.0, 6.371191024780273, 0.0, 0.0, 0.0, 0.0, 0.0, 0.0, 0.0, 0.0, 0.0, 1.9390581846237183, 0.0, 0.0, 0.0, 0.0], "tonal.thpcp": [1.0, 0.7212596535682678, 0.1628585308790207, 0.07797849923372269, 0.05696827918291092, 0.06801458448171616, 0.06451926380395889, 0.05543728545308113, 0.062183815985918045, 0.08819539099931717, 0.07257688045501709, 0.04249408468604088, 0.037963394075632095, 0.03803090378642082, 0.14673195779323578, 0.24748484790325165, 0.15119419991970062, 0.12198354303836823, 0.12053023278713226, 0.07253827899694443, 0.1955859214067459, 0.3756243884563446, 0.2768147885799408, 0.42235109210014343, 0.7139138579368591, 0.38839152455329895, 0.09556097537279129, 0.08895321935415268, 0.07176724821329117, 0.4591992497444153, 0.8138048052787781, 0.43026086688041687, 0.08879884332418442, 0.09765888005495071, 0.13838684558868408, 0.47430315613746643], "lowlevel.gfcc.cov": [[37284.28125, 8695.1767578125, -1270.7095947265625, 399.5203857421875, -36.625465393066406, 83.99899291992188, -860.8171997070312, -221.26792907714844, -1287.7613525390625, -677.8187255859375, 258.3797912597656, -1633.8724365234375, 348.1618347167969], [8695.1767578125, 5990.09033203125, -177.11764526367188, -747.691162109375, 686.6376342773438, -434.72845458984375, -81.06148529052734, -505.4915771484375, -348.1424865722656, -652.68408203125, 325.2433166503906, -852.1507568359375, 170.26275634765625], [-1270.7095947265625, -177.11764526367188, 1095.62841796875, 289.0518493652344, -144.25962829589844, 112.9365234375, -23.162212371826172, -153.1246795654297, 175.1486053466797, -52.41486740112305, -105.92554473876953, 176.5199432373047, -184.58297729492188], [399.5203857421875, -747.691162109375, 289.0518493652344, 755.9940795898438, -47.422447204589844, 131.01063537597656, 102.9740982055664, 121.41783142089844, 92.16449737548828, 73.42728424072266, -99.39840698242188, 90.00917053222656, -41.74066925048828], [-36.625465393066406, 686.6376342773438, -144.25962829589844, -47.422447204589844, 527.154541015625, 12.97031021118164, 230.05418395996094, -2.5921764373779297, -2.5108325481414795, -66.09147644042969, 24.41579818725586, -107.5729751586914, 68.15074157714844], [83.99899291992188, -434.72845458984375, 112.9365234375, 131.01063537597656, 12.97031021118164, 292.3887023925781, 113.35565948486328, 51.760311126708984, -10.406538009643555, 70.81238555908203, -23.12755012512207, 59.22166061401367, -8.612473487854004], [-860.8171997070312, -81.06148529052734, -23.162212371826172, 102.9740982055664, 230.05418395996094, 113.35565948486328, 337.8149108886719, 46.1708984375, -24.475488662719727, 32.7054557800293, 40.51344299316406, -6.3147969245910645, 1.751340389251709], [-221.26792907714844, -505.4915771484375, -153.1246795654297, 121.41783142089844, -2.5921764373779297, 51.760311126708984, 46.1708984375, 226.10935974121094, 18.501625061035156, 87.47865295410156, -7.152738094329834, 2.0779149532318115, 41.79413986206055], [-1287.7613525390625, -348.1424865722656, 175.1486053466797, 92.16449737548828, -2.5108325481414795, -10.406538009643555, -24.475488662719727, 18.501625061035156, 236.2361602783203, 7.17561149597168, -75.6600112915039, 103.20447540283203, -44.405738830566406], [-677.8187255859375, -652.68408203125, -52.41486740112305, 73.42728424072266, -66.09147644042969, 70.81238555908203, 32.7054557800293, 87.47865295410156, 7.17561149597168, 155.9684295654297, -9.59078311920166, 70.82896423339844, 3.2939085960388184], [258.3797912597656, 325.2433166503906, -105.92554473876953, -99.39840698242188, 24.41579818725586, -23.12755012512207, 40.51344299316406, -7.152738094329834, -75.6600112915039, -9.59078311920166, 144.74957275390625, -66.94471740722656, 33.37047576904297], [-1633.8724365234375, -852.1507568359375, 176.5199432373047, 90.00917053222656, -107.5729751586914, 59.22166061401367, -6.3147969245910645, 2.0779149532318115, 103.20447540283203, 70.82896423339844, -66.94471740722656, 237.7740936279297, -65.07661437988281], [348.1618347167969, 170.26275634765625, -184.58297729492188, -41.74066925048828, 68.15074157714844, -8.612473487854004, 1.751340389251709, 41.79413986206055, -44.405738830566406, 3.2939085960388184, 33.37047576904297, -65.07661437988281, 128.57421875]], "lowlevel.gfcc.icov": [[0.000138639283250086, -0.0003575730079319328, 0.00030698752379976213, -0.0004337563004810363, 0.00021936779376119375, -0.0005450546741485596, 0.0004928122507408261, -0.0002030654577538371, 0.00041874180897139013, -0.0002029153547482565, 0.000298421859042719, -8.916426304494962e-05, 0.00033174073905684054], [-0.0003575730079319328, 0.0018249335698783398, -0.0010608774609863758, 0.0012726382119581103, -0.0013105930993333459, 0.001579881296493113, -0.0008005308918654919, 0.001514939940534532, -0.0009438532288186252, 0.002018011175096035, -0.0015905111795291305, 0.002467422978952527, -0.0009552859701216221], [0.00030698752379976213, -0.0010608774609863758, 0.0025911852717399597, -0.0016244970029219985, 0.0010324097238481045, -0.002092126291245222, 0.001001248019747436, 0.0005121536669321358, -3.215234028175473e-05, -4.401379919727333e-05, 0.0008138828561641276, -0.0011631206143647432, 0.0020887304563075304], [-0.0004337563004810363, 0.0012726382119581103, -0.0016244970029219985, 0.003426405368372798, -0.00040921929758042097, 0.0016593360342085361, -0.0023451275192201138, -0.0003595716261770576, -0.001395563711412251, 0.000749623985029757, 8.291461563203484e-05, 0.000872206874191761, -0.0013348843203857541], [0.00021936779376119375, -0.0013105930993333459, 0.0010324097238481045, -0.00040921929758042097, 0.005126330070197582, -0.0009401936549693346, -0.003019969444721937, -0.0005435830098576844, -0.0007735426188446581, 7.025952800177038e-05, 0.0024166929069906473, -0.000688128755427897, -0.0013160305097699165], [-0.0005450546741485596, 0.001579881296493113, -0.002092126291245222, 0.0016593360342085361, -0.0009401936549693346, 0.007288008462637663, -0.0034341965802013874, 0.0002661040925886482, -0.000341470557032153, -0.00038326147478073835, -0.0003451249503996223, 9.714147017803043e-05, -0.0021035592071712017], [0.0004928122507408261, -0.0008005308918654919, 0.001001248019747436, -0.0023451275192201138, -0.003019969444721937, -0.0034341965802013874, 0.008642206899821758, -0.0008190392982214689, 0.0024716234765946865, -0.0011496146908029914, -0.002007182687520981, 2.4340179152204655e-06, 0.0033261736389249563], [-0.0002030654577538371, 0.001514939940534532, 0.0005121536669321358, -0.0003595716261770576, -0.0005435830098576844, 0.0002661040925886482, -0.0008190392982214689, 0.009220719337463379, -0.0023115137591958046, -0.0012309483718127012, -0.0011248075170442462, 0.003872252069413662, -0.0020328627433627844], [0.00041874180897139013, -0.0009438532288186252, -3.215234028175473e-05, -0.001395563711412251, -0.0007735426188446581, -0.000341470557032153, 0.0024716234765946865, -0.0023115137591958046, 0.008342600427567959, 4.980346420779824e-05, 0.002428728621453047, -0.002636225428432226, 0.0016369775403290987], [-0.0002029153547482565, 0.002018011175096035, -4.401379919727333e-05, 0.000749623985029757, 7.025952800177038e-05, -0.00038326147478073835, -0.0011496146908029914, -0.0012309483718127012, 4.980346420779824e-05, 0.01441866997629404, -0.0020253474358469248, 0.0004872479476034641, -0.0011697165900841355], [0.000298421859042719, -0.0015905111795291305, 0.0008138828561641276, 8.291461563203484e-05, 0.0024166929069906473, -0.0003451249503996223, -0.002007182687520981, -0.0011248075170442462, 0.002428728621453047, -0.0020253474358469248, 0.011730341240763664, -0.0005269445246085525, -0.0008381825173273683], [-8.916426304494962e-05, 0.002467422978952527, -0.0011631206143647432, 0.000872206874191761, -0.000688128755427897, 9.714147017803043e-05, 2.4340179152204655e-06, 0.003872252069413662, -0.002636225428432226, 0.0004872479476034641, -0.0005269445246085525, 0.013679897412657738, 0.0008376197074539959], [0.00033174073905684054, -0.0009552859701216221, 0.0020887304563075304, -0.0013348843203857541, -0.0013160305097699165, -0.0021035592071712017, 0.0033261736389249563, -0.0020328627433627844, 0.0016369775403290987, -0.0011697165900841355, -0.0008381825173273683, 0.0008376197074539959, 0.013118552044034004]], "lowlevel.mfcc.cov": [[27777.82421875, 4460.96435546875, -371.28338623046875, 449.3356628417969, 899.5452880859375, -401.3360900878906, 1236.9227294921875, -748.4881591796875, -213.70823669433594, 200.193603515625, -544.8357543945312, -200.30014038085938, -363.0873107910156], [4460.96435546875, 5053.4873046875, -432.379638671875, -143.2489776611328, 428.75244140625, -182.23219299316406, 440.53411865234375, -266.6473083496094, -275.4349060058594, -171.00782775878906, -125.57402801513672, -104.45309448242188, -310.60809326171875], [-371.28338623046875, -432.379638671875, 1234.7613525390625, 149.186279296875, -36.43368148803711, 236.80343627929688, -343.029052734375, 152.00721740722656, -88.10260772705078, -83.2026596069336, 35.06890106201172, 30.73667335510254, 112.04826354980469], [449.3356628417969, -143.2489776611328, 149.186279296875, 490.3173828125, 54.71031188964844, 101.54156494140625, 9.861565589904785, 104.12046813964844, 102.91426849365234, 6.989773273468018, 46.4634895324707, 53.695518493652344, 38.22439193725586], [899.5452880859375, 428.75244140625, -36.43368148803711, 54.71031188964844, 212.77294921875, -10.31492805480957, 29.407676696777344, -2.5593457221984863, 46.05501174926758, 21.815412521362305, -22.280517578125, -16.640607833862305, -31.66069984436035], [-401.3360900878906, -182.23219299316406, 236.80343627929688, 101.54156494140625, -10.31492805480957, 364.27532958984375, -21.940961837768555, 159.97683715820312, 42.89022445678711, -41.125946044921875, 102.67571258544922, -34.29057312011719, 46.04092788696289], [1236.9227294921875, 440.53411865234375, -343.029052734375, 9.861565589904785, 29.407676696777344, -21.940961837768555, 593.6848754882812, -81.88098907470703, 19.140840530395508, 97.09622955322266, -22.336027145385742, 5.137807846069336, -58.32268524169922], [-748.4881591796875, -266.6473083496094, 152.00721740722656, 104.12046813964844, -2.5593457221984863, 159.97683715820312, -81.88098907470703, 225.7924346923828, 55.7093391418457, -13.584329605102539, 83.27713775634766, 14.45180892944336, 58.77658462524414], [-213.70823669433594, -275.4349060058594, -88.10260772705078, 102.91426849365234, 46.05501174926758, 42.89022445678711, 19.140840530395508, 55.7093391418457, 201.55609130859375, 39.773895263671875, 32.74344253540039, 14.029069900512695, 6.119562149047852], [200.193603515625, -171.00782775878906, -83.2026596069336, 6.989773273468018, 21.815412521362305, -41.125946044921875, 97.09622955322266, -13.584329605102539, 39.773895263671875, 136.20054626464844, -1.620280385017395, 11.704412460327148, -0.6062071919441223], [-544.8357543945312, -125.57402801513672, 35.06890106201172, 46.4634895324707, -22.280517578125, 102.67571258544922, -22.336027145385742, 83.27713775634766, 32.74344253540039, -1.620280385017395, 122.85358428955078, 11.749320983886719, 29.92416763305664], [-200.30014038085938, -104.45309448242188, 30.73667335510254, 53.695518493652344, -16.640607833862305, -34.29057312011719, 5.137807846069336, 14.45180892944336, 14.029069900512695, 11.704412460327148, 11.749320983886719, 86.67945098876953, 22.827638626098633], [-363.0873107910156, -310.60809326171875, 112.04826354980469, 38.22439193725586, -31.66069984436035, 46.04092788696289, -58.32268524169922, 58.77658462524414, 6.119562149047852, -0.6062071919441223, 29.92416763305664, 22.827638626098633, 93.67745971679688]], "lowlevel.mfcc.icov": [[5.640440576826222e-05, -2.4828939785948023e-05, -2.3905959096737206e-05, -9.060274896910414e-05, -0.00014772170106880367, -9.503688488621265e-06, -7.924515375634655e-05, 0.0001336555724265054, 5.2183688239892945e-05, -5.6778873840812594e-05, 0.00012858409900218248, 0.00010980332444887608, -4.820365211344324e-05], [-2.4828939785948023e-05, 0.0004266314208507538, 5.355840039555915e-05, 4.32199849456083e-05, -0.0008519619586877525, 9.90775806712918e-05, -0.000268652307568118, -7.958527930895798e-06, 0.0006413547089323401, 0.0007787139620631933, -0.00034160292125307024, -7.705919415457174e-05, 0.000828794261906296], [-2.3905959096737206e-05, 5.355840039555915e-05, 0.001390203833580017, -0.0002727791725192219, -0.00013844076602254063, -0.001076713902875781, 0.0007325976621359587, -0.00010795309935929254, 0.0009989606915041804, -7.911981083452702e-05, 0.0006827460019849241, -0.0008978082332760096, -0.0005254450370557606], [-9.060274896910414e-05, 4.32199849456083e-05, -0.0002727791725192219, 0.0029705732595175505, -0.00048733921721577644, -0.00034497297019697726, -0.00017058719822671264, -0.0007000419427640736, -0.001189560629427433, 0.00039177865255624056, -0.00022565145627595484, -0.0017896424978971481, -0.0001674145896686241], [-0.00014772170106880367, -0.0008519619586877525, -0.00013844076602254063, -0.00048733921721577644, 0.008099923841655254, 9.778641833690926e-05, 0.0008434196352027357, -0.0009667954291217029, -0.002708074636757374, -0.0021695552859455347, 0.001423620036803186, 0.0011705579236149788, 0.00021110690431669354], [-9.503688488621265e-06, 9.90775806712918e-05, -0.001076713902875781, -0.00034497297019697726, 9.778641833690926e-05, 0.0063361600041389465, -0.0012850534403696656, -0.002612210577353835, -0.0008096355595625937, 0.0018890098435804248, -0.0032995680812746286, 0.004163091070950031, -0.00041718329885043204], [-7.924515375634655e-05, -0.000268652307568118, 0.0007325976621359587, -0.00017058719822671264, 0.0008434196352027357, -0.0012850534403696656, 0.0029000150971114635, 0.0006030610529705882, 5.480700565385632e-06, -0.0021870769560337067, 0.0005508579197339714, -0.0011746407253667712, 0.000434959220001474], [0.0001336555724265054, -7.958527930895798e-06, -0.00010795309935929254, -0.0007000419427640736, -0.0009667954291217029, -0.002612210577353835, 0.0006030610529705882, 0.009021831676363945, -0.0008109292248263955, -0.0001240187557414174, -0.0022231212351471186, -0.0008955143275670707, -0.0024410884361714125], [5.2183688239892945e-05, 0.0006413547089323401, 0.0009989606915041804, -0.001189560629427433, -0.002708074636757374, -0.0008096355595625937, 5.480700565385632e-06, -0.0008109292248263955, 0.008248880505561829, -0.0008235386339947581, -0.0007018443429842591, -0.0009604091756045818, 0.001528254128061235], [-5.6778873840812594e-05, 0.0007787139620631933, -7.911981083452702e-05, 0.00039177865255624056, -0.0021695552859455347, 0.0018890098435804248, -0.0021870769560337067, -0.0001240187557414174, -0.0008235386339947581, 0.011028407141566277, -0.0014878652291372418, -7.247626490425318e-05, -3.070643651881255e-05], [0.00012858409900218248, -0.00034160292125307024, 0.0006827460019849241, -0.00022565145627595484, 0.001423620036803186, -0.0032995680812746286, 0.0005508579197339714, -0.0022231212351471186, -0.0007018443429842591, -0.0014878652291372418, 0.013559204526245594, -0.0020909211598336697, -0.001303767436183989], [0.00010980332444887608, -7.705919415457174e-05, -0.0008978082332760096, -0.0017896424978971481, 0.0011705579236149788, 0.004163091070950031, -0.0011746407253667712, -0.0008955143275670707, -0.0009604091756045818, -7.247626490425318e-05, -0.0020909211598336697, 0.01648913137614727, -0.003133640857413411], [-4.820365211344324e-05, 0.000828794261906296, -0.0005254450370557606, -0.0001674145896686241, 0.00021110690431669354, -0.00041718329885043204, 0.000434959220001474, -0.0024410884361714125, 0.001528254128061235, -3.070643651881255e-05, -0.001303767436183989, -0.003133640857413411, 0.017091812565922737]], "metadata.audio_properties.analysis.downmix": "mix", "metadata.audio_properties.codec": "mp3", "metadata.audio_properties.md5_encoded": "82461a6d07e7be43a6f8b5d0592647ba", "metadata.tags.file_name": "1182281294302953602.mp3", "metadata.version.essentia": "2.1-beta6-dev", "metadata.version.essentia_git_sha": "v2.1_beta5-1110-g77a6a954", "metadata.version.extractor": "music 2.0", "tonal.chords_key": "G", "tonal.chords_scale": "major", "tonal.key_edma.key": "E", "tonal.key_edma.scale": "minor", "tonal.key_krumhansl.key": "E", "tonal.key_krumhansl.scale": "minor", "tonal.key_temperley.key": "E", "tonal.key_temperley.scale": "minor", "metadata.tags.encoding": ["Lavf58.45.100"]}, "essentia_models": [{"model_name": "genre_dortmund", "activations": {"alternative": "0.064538255", "blues": "0.15188166", "electronic": "0.041983254", "folkcountry": "0.34801897", "funksoulrnb": "0.11360137", "jazz": "0.29547378",