{"song_id": "1182271783328563220", "download": "https://cdn.discordapp.com/attachments/1128313332273782784/1182271783328563220/chirp.mp4?ex=65841766&amp", "lyrics": "Yeah, yeah\nAyo, Elias, it's time.\nIt's time, Elias (aight, Elias, begin).\nStraight out the smooth dungeons of rap.\n\nThe rod drops deep as does my love.\nI never roam, 'cause to roam is the neve of dove.\nBeyond the walls of thoughts, life is defined.\nI think of rappers when I'm in an Amberg state of mind.\n\nHope the dove got some belove.\nMy truelove don't like no dirty shove.\nRun up to the foxglove and get the glove.\nIn an Amberg state of mind. \nI can buy myself flowers\nWrite my name in the sand\nTalk to myself for hours\nSay things you don't understand\nI can take myself dancing\nAnd I can hold my own hand\nYeah, I can love me better than you can\n\nCan love me better, I can love me better, baby\nCan love me better, I can love me better, baby", "style": ["deutsch rap"], "essentia_features": {"lowlevel.average_loudness": 0.441723495721817, "lowlevel.barkbands_crest.mean": 12.9168062210083, "lowlevel.barkbands_crest.stdev": 5.130661487579346, "lowlevel.barkbands_flatness_db.mean": 0.2218243032693863, "lowlevel.barkbands_flatness_db.stdev": 0.07276713848114014, "lowlevel.barkbands_kurtosis.mean": 13.097609519958496, "lowlevel.barkbands_kurtosis.stdev": 30.720773696899414, "lowlevel.barkbands_skewness.mean": 1.7984373569488525, "lowlevel.barkbands_skewness.stdev": 2.12331485748291, "lowlevel.barkbands_spread.mean": 15.021953582763672, "lowlevel.barkbands_spread.stdev": 18.101320266723633, "lowlevel.dissonance.mean": 0.41595664620399475, "lowlevel.dissonance.stdev": 0.06322487443685532, "lowlevel.dynamic_complexity": 6.382421493530273, "lowlevel.erbbands_crest.mean": 14.563488960266113, "lowlevel.erbbands_crest.stdev": 6.496191024780273, "lowlevel.erbbands_flatness_db.mean": 0.2414923906326294, "lowlevel.erbbands_flatness_db.stdev": 0.08389773964881897, "lowlevel.erbbands_kurtosis.mean": 8.18744945526123, "lowlevel.erbbands_kurtosis.stdev": 11.876320838928223, "lowlevel.erbbands_skewness.mean": 1.311667799949646, "lowlevel.erbbands_skewness.stdev": 1.4239120483398438, "lowlevel.erbbands_spread.mean": 26.87135124206543, "lowlevel.erbbands_spread.stdev": 29.753141403198242, "lowlevel.hfc.mean": 20.33860969543457, "lowlevel.hfc.stdev": 35.703758239746094, "lowlevel.loudness_ebu128.integrated": -16.23427391052246, "lowlevel.loudness_ebu128.loudness_range": 14.05283260345459, "lowlevel.loudness_ebu128.momentary.mean": -21.78997230529785, "lowlevel.loudness_ebu128.momentary.stdev": 7.127076148986816, "lowlevel.loudness_ebu128.short_term.mean": -20.880403518676758, "lowlevel.loudness_ebu128.short_term.stdev": 6.131007671356201, "lowlevel.melbands_crest.mean": 15.738576889038086, "lowlevel.melbands_crest.stdev": 6.412006855010986, "lowlevel.melbands_flatness_db.mean": 0.25797849893569946, "lowlevel.melbands_flatness_db.stdev": 0.08186449855566025, "lowlevel.melbands_kurtosis.mean": 23.607582092285156, "lowlevel.melbands_kurtosis.stdev": 70.46331024169922, "lowlevel.melbands_skewness.mean": 2.1405482292175293, "lowlevel.melbands_skewness.stdev": 2.788010835647583, "lowlevel.melbands_spread.mean": 19.431121826171875, "lowlevel.melbands_spread.stdev": 34.319637298583984, "lowlevel.pitch_salience.mean": 0.5479251742362976, "lowlevel.pitch_salience.stdev": 0.15500837564468384, "lowlevel.silence_rate_20dB.mean": 0.9994206428527832, "lowlevel.silence_rate_20dB.stdev": 0.024063335731625557, "lowlevel.silence_rate_30dB.mean": 0.9484356641769409, "lowlevel.silence_rate_30dB.stdev": 0.22114646434783936, "lowlevel.silence_rate_60dB.mean": 0.44148319959640503, "lowlevel.silence_rate_60dB.stdev": 0.49656662344932556, "lowlevel.spectral_centroid.mean": 1142.04248046875, "lowlevel.spectral_centroid.stdev": 999.3460693359375, "lowlevel.spectral_complexity.mean": 9.099652290344238, "lowlevel.spectral_complexity.stdev": 7.762357711791992, "lowlevel.spectral_decrease.mean": -5.724829499342832e-09, "lowlevel.spectral_decrease.stdev": 1.3048247815561353e-08, "lowlevel.spectral_energy.mean": 0.02345160022377968, "lowlevel.spectral_energy.stdev": 0.05029110237956047, "lowlevel.spectral_energyband_high.mean": 0.0011568526970222592, "lowlevel.spectral_energyband_high.stdev": 0.003290135646238923, "lowlevel.spectral_energyband_low.mean": 0.011645123362541199, "lowlevel.spectral_energyband_low.stdev": 0.04419219121336937, "lowlevel.spectral_energyband_middle_high.mean": 0.0033898146357387304, "lowlevel.spectral_energyband_middle_high.stdev": 0.006871114484965801, "lowlevel.spectral_energyband_middle_low.mean": 0.00832144170999527, "lowlevel.spectral_energyband_middle_low.stdev": 0.018643023446202278, "lowlevel.spectral_entropy.mean": 7.061875343322754, "lowlevel.spectral_entropy.stdev": 0.7660542130470276, "lowlevel.spectral_flux.mean": 0.07511822879314423, "lowlevel.spectral_flux.stdev": 0.09150160104036331, "lowlevel.spectral_kurtosis.mean": 7.834867477416992, "lowlevel.spectral_kurtosis.stdev": 6.655466079711914, "lowlevel.spectral_rms.mean": 0.0033883731812238693, "lowlevel.spectral_rms.stdev": 0.003376174019649625, "lowlevel.spectral_rolloff.mean": 1949.617431640625, "lowlevel.spectral_rolloff.stdev": 2911.2734375, "lowlevel.spectral_skewness.mean": 2.262502908706665, "lowlevel.spectral_skewness.stdev": 0.972783625125885, "lowlevel.spectral_spread.mean": 5850945.5, "lowlevel.spectral_spread.stdev": 3665699.5, "lowlevel.spectral_strongpeak.mean": 1.096348762512207, "lowlevel.spectral_strongpeak.stdev": 1.1689295768737793, "lowlevel.zerocrossingrate.mean": 0.07736683636903763, "lowlevel.zerocrossingrate.stdev": 0.07823486626148224, "metadata.audio_properties.analysis.equal_loudness": 0.0, "metadata.audio_properties.analysis.length": 40.04265213012695, "metadata.audio_properties.analysis.sample_rate": 44100.0, "metadata.audio_properties.analysis.start_time": 0.0, "metadata.audio_properties.bit_rate": 115923.0, "metadata.audio_properties.length": 40.042667388916016, "metadata.audio_properties.lossless": 0.0, "metadata.audio_properties.number_channels": 1.0, "metadata.audio_properties.replay_gain": -10.87738037109375, "metadata.audio_properties.sample_rate": 48000.0, "rhythm.beats_count": 82.0, "rhythm.beats_loudness.mean": 0.028532812371850014, "rhythm.beats_loudness.stdev": 0.06192012503743172, "rhythm.bpm": 88.89654541015625, "rhythm.bpm_histogram_first_peak_bpm": 89.0, "rhythm.bpm_histogram_first_peak_weight": 0.1785714030265808, "rhythm.bpm_histogram_second_peak_bpm": 167.0, "rhythm.bpm_histogram_second_peak_spread": 0.0, "rhythm.bpm_histogram_second_peak_weight": 0.1975308656692505, "rhythm.danceability": 1.1499354839324951, "rhythm.onset_rate": 4.518852233886719, "tonal.chords_changes_rate": 0.0798611119389534, "tonal.chords_number_rate": 0.015046296641230583, "tonal.chords_strength.mean": 0.5446338057518005, "tonal.chords_strength.stdev": 0.10443203896284103, "tonal.hpcp_crest.mean": 15.030988693237305, "tonal.hpcp_crest.stdev": 7.072932243347168, "tonal.hpcp_entropy.mean": 1.7718719244003296, "tonal.hpcp_entropy.stdev": 0.7316892743110657, "tonal.key_edma.strength": 0.6342169642448425, "tonal.key_krumhansl.strength": 0.6520446538925171, "tonal.key_temperley.strength": 0.6583896279335022, "tonal.tuning_diatonic_strength": 0.4613935053348541, "tonal.tuning_equal_tempered_deviation": 0.13382768630981445, "tonal.tuning_frequency": 449.5048828125, "tonal.tuning_nontempered_energy_ratio": 0.798309326171875, "lowlevel.barkbands.mean": [0.00010640206892276183, 0.008584953844547272, 0.0021078886929899454, 0.001678736531175673, 0.0009416729444637895, 0.0009095076820813119, 0.0008087517344392836, 0.0012669132556766272, 0.0023616189137101173, 0.0009701565140858293, 0.0006320539978332818, 0.000492582272272557, 0.0004216514644213021, 0.00034755730303004384, 0.00017363841470796615, 8.834005711833015e-05, 6.59276993246749e-05, 0.00011595253454288468, 0.00013631740876007825, 0.0001443994406145066, 2.8924043363076635e-05, 2.2036767404642887e-05, 0.00011271714174654335, 0.00025222127442248166, 0.000525138690136373, 0.0001550795859657228, 4.7348649445666524e-07], "lowlevel.barkbands.stdev": [0.0005546538741327822, 0.036731619387865067, 0.012888213619589806, 0.011068611405789852, 0.00462323660030961, 0.0027878687251359224, 0.0023205578327178955, 0.003700384171679616, 0.005846984218806028, 0.002722468925639987, 0.0019603215623646975, 0.0022068179678171873, 0.0014665934722870588, 0.001498217461630702, 0.0007444006041623652, 0.0004943971871398389, 0.00021564101916737854, 0.00032629884663037956, 0.0003492948890198022, 0.00034663049154914916, 0.00018154339340981096, 0.00013176699576433748, 0.0004612195189110935, 0.0009117654990404844, 0.0016821942990645766, 0.00043822621228173375, 4.135662038606824e-06], "lowlevel.erbbands.mean": [0.21183940768241882, 2.009016275405884, 3.0486714839935303, 4.0727338790893555, 4.804295063018799, 2.314931869506836, 4.934548854827881, 7.8888139724731445, 7.4062886238098145, 22.04359245300293, 32.00234603881836, 58.135501861572266, 37.514991760253906, 24.94947052001953, 25.46834945678711, 21.580644607543945, 20.649490356445312, 17.870254516601562, 13.363033294677734, 6.735893249511719, 4.409486293792725, 4.132346153259277, 6.445514678955078, 5.994507789611816, 7.800348281860352, 6.9615678787231445, 2.1488699913024902, 0.8070739507675171, 0.7882182598114014, 1.4956656694412231, 3.6404526233673096, 4.430555820465088, 4.905383110046387, 5.786725044250488, 3.705805540084839, 1.1533761024475098, 0.17510932683944702, 0.009898465126752853, 0.000281615270068869, 4.93067636853084e-05], "lowlevel.erbbands.stdev": [1.0451871156692505, 8.520023345947266, 15.101128578186035, 26.219743728637695, 29.146577835083008, 10.144798278808594, 16.5843505859375, 24.629318237304688, 19.617128372192383, 65.64574432373047, 84.8987045288086, 148.2667694091797, 85.32283782958984, 71.4454345703125, 74.75018310546875, 96.48162078857422, 68.40375518798828, 68.15580749511719, 60.33272171020508, 27.76182746887207, 21.560136795043945, 13.066132545471191, 18.53250503540039, 14.913122177124023, 19.5634765625, 16.80934715270996, 7.769454002380371, 5.711993217468262, 5.2404584884643555, 8.388045310974121, 14.186574935913086, 17.483911514282227, 17.126253128051758, 19.54982566833496, 11.859514236450195, 3.3671374320983887, 0.507568895816803, 0.029673997312784195, 0.0007987925782799721, 9.009585482999682e-05], "lowlevel.gfcc.mean": [-119.2640609741211, 71.66976928710938, -119.51483154296875, -21.83299446105957, -95.82105255126953, 8.652131080627441, -52.57609558105469, 22.8677921295166, -39.42116165161133, -9.43001937866211, -13.53775405883789, -15.251874923706055, -13.920578002929688], "lowlevel.melbands.mean": [0.002197656547650695, 0.0019708904437720776, 0.0007444934453815222, 0.00023554146173410118, 0.0001572722103446722, 0.00017379842756781727, 0.00012650307326111943, 0.00024783951812423766, 0.00028584321262314916, 0.0003578260075300932, 0.0001800690806703642, 0.0001007935352390632, 9.166529343929142e-05, 5.3665342420572415e-05, 5.4240706958808005e-05, 4.185976285953075e-05, 3.157457467750646e-05, 2.3511824110755697e-05, 1.1640634511422832e-05, 6.922964985278668e-06, 4.542289843811886e-06, 3.7853581034141826e-06, 5.7317247410537675e-06, 5.246743967290968e-06, 4.711163455795031e-06, 5.418154614744708e-06, 5.93421873418265e-06, 4.297078703530133e-06, 1.4733108173459186e-06, 6.948368991288589e-07, 3.787311584346753e-07, 4.127677186716028e-07, 4.7586297569068847e-07, 9.924646064973786e-07, 1.9578692445065826e-06, 2.5361680400237674e-06, 2.7509415758686373e-06, 3.1557422062178375e-06, 4.032871402159799e-06, 5.274022896628594e-06], "lowlevel.melbands.stdev": [0.009976522997021675, 0.008075357414782047, 0.004513831809163094, 0.001304174424149096, 0.0005131344660185277, 0.0005315782618708909, 0.00033697052276693285, 0.0007321878802031279, 0.000732665357645601, 0.0009281630627810955, 0.00043429661309346557, 0.0003127818927168846, 0.00028140092035755515, 0.0002216237917309627, 0.00022909004474058747, 0.0001450155396014452, 0.00012781927944160998, 0.00011862740939250216, 4.897771214018576e-05, 4.0258448279928416e-05, 2.092304748657625e-05, 1.2781576515408233e-05, 1.688821066636592e-05, 1.5879901184234768e-05, 1.244715167558752e-05, 1.4933631064195652e-05, 1.4772610484214965e-05, 1.0968953574774787e-05, 4.586979684972903e-06, 5.759944087913027e-06, 2.677694737940328e-06, 2.9584759886347456e-06, 2.726407046793611e-06, 6.0733300415449776e-06, 8.465016435366124e-06, 9.453098755329847e-06, 1.1565865861484781e-05, 1.1152648767165374e-05, 1.4825257494521793e-05, 1.768638139765244e-05], "lowlevel.melbands128.mean": [9.964014316210523e-05, 0.0013462200295180082, 0.0033399539534002542, 0.0033711560536175966, 0.0019434106070548296, 0.0009065574267879128, 0.0008113724179565907, 0.0008316992316395044, 0.0004783454060088843, 0.00016897711611818522, 9.501289605395868e-05, 0.00011963924771407619, 0.0001567835279274732, 0.00022908166283741593, 0.0002085268497467041, 0.00012763457198161632, 9.047098137671128e-05, 0.00010215872316621244, 0.00018882853328250349, 0.0002911899355240166, 0.00024693342857062817, 0.00022067803365644068, 0.0002807565906550735, 0.0003355122753418982, 0.0004735595139209181, 0.00032683854806236923, 0.00020312343258410692, 0.0001797669829102233, 0.0001420735934516415, 0.0001235504896612838, 6.980316538829356e-05, 8.35513201309368e-05, 0.00012643013906199485, 6.896997365402058e-05, 4.280310167814605e-05, 5.283927021082491e-05, 6.414789822883904e-05, 5.70722550037317e-05, 4.696343239629641e-05, 4.4679258280666545e-05, 3.966481745010242e-05, 3.884853140334599e-05, 3.316009679110721e-05, 2.5788289349293336e-05, 3.0332197638927028e-05, 2.4086017219815403e-05, 1.4772578651900403e-05, 1.2663466804951895e-05, 9.914166184898932e-06, 7.2876346166594885e-06, 6.217569080035901e-06, 7.497598744521383e-06, 4.618046659743413e-06, 3.639973328972701e-06, 3.0797386898484547e-06, 3.7834272461623186e-06, 4.307534254621714e-06, 4.765050107380375e-06, 6.734268481523031e-06, 6.951983777980786e-06, 4.847100626648171e-06, 4.254916802892694e-06, 4.658517809730256e-06, 4.892729066341417e-06, 4.740283657156397e-06, 5.252699338598177e-06, 6.0448887779784855e-06, 5.770949883299181e-06, 6.042915174475638e-06, 5.997270818625111e-06, 4.947446541336831e-06, 3.1617882996215485e-06, 1.9468711798253935e-06, 1.164008722298604e-06, 8.77030117862887e-07, 8.781548217484669e-07, 5.355002485885052e-07, 3.4001510584857897e-07, 4.0029595993473777e-07, 3.452939552062162e-07, 3.7973779853928136e-07, 4.809922415915935e-07, 4.181369774869381e-07, 4.782324367624824e-07, 4.825086534765433e-07, 6.772767733309593e-07, 1.1199307436982053e-06, 1.7239823364434415e-06, 1.8515579540689941e-06, 2.2992769572738325e-06, 2.4702392238395987e-06, 2.6209634143015137e-06, 2.625524075483554e-06, 2.8721267426590202e-06, 2.7077910544903716e-06, 2.7292519462207565e-06, 3.4219508506794227e-06, 3.424685701247654e-06, 3.833494247373892e-06, 4.633118805941194e-06, 4.329715466155903e-06, 5.203865384828532e-06, 6.747796760464553e-06, 5.9938370213785674e-06, 4.5065216909279115e-06, 2.6411848921270575e-06, 2.3106042590370635e-06, 2.647413339218474e-06, 2.1531450329348445e-06, 1.4166116670821793e-06, 1.0105362662216066e-06, 6.421568059522542e-07, 4.14865269249276e-07, 2.590964811588492e-07, 1.3783802899069997e-07, 5.950849413238757e-08, 1.773659974446673e-08, 4.649209905949192e-09, 2.834484869040921e-10, 4.257664967116659e-12, 3.67789002378438e-12, 3.3048667968937906e-12, 3.2004887021847006e-12, 3.124717932317944e-12, 3.029703441251308e-12, 2.915685921867084e-12, 2.847655488150136e-12, 2.8230033328330295e-12], "lowlevel.melbands128.stdev": [0.0005417633801698685, 0.007283624727278948, 0.016596153378486633, 0.014165814965963364, 0.009230407886207104, 0.005884876940399408, 0.005718417465686798, 0.005301394034177065, 0.0029875317122787237, 0.0010491107823327184, 0.00042062922148033977, 0.00048310859710909426, 0.0006196732283569872, 0.000767864694353193, 0.0007123856339603662, 0.0004949449794366956, 0.0003303197445347905, 0.0003714967460837215, 0.0006504231714643538, 0.0010821257019415498, 0.0009655994363129139, 0.000997573253698647, 0.0009659735369496047, 0.0011457324726507068, 0.0014576499816030264, 0.0012743669794872403, 0.000704046047758311, 0.0005150487995706499, 0.0005679569439962506, 0.0005754327867180109, 0.0002363870880799368, 0.00035017236950807273, 0.0004429539549164474, 0.00024246783868875355, 0.00018442353757563978, 0.00029597090906463563, 0.0004052263975609094, 0.0003149963158648461, 0.00023102514387574047, 0.0001959599176188931, 0.00017701659817248583, 0.0002019327657762915, 0.00016986631089821458, 0.00012236023030709475, 0.0002027980808634311, 0.00017861741071101278, 6.870611832709983e-05, 6.406378815881908e-05, 5.381669689086266e-05, 3.551699410309084e-05, 5.449753734865226e-05, 5.8909383369609714e-05, 2.4954526452347636e-05, 1.5238883861456998e-05, 1.1199832442798652e-05, 1.4434006516239606e-05, 1.9104149032500573e-05, 1.6210593457799405e-05, 2.2679419998894446e-05, 2.2836640710011125e-05, 2.139848584192805e-05, 1.3314921488927212e-05, 1.329222595813917e-05, 1.5344425264629535e-05, 1.5015642929938622e-05, 1.634664113225881e-05, 1.9937620891141705e-05, 1.6248584870481864e-05, 1.74840897670947e-05, 1.626005359867122e-05, 1.414100916008465e-05, 9.413455700268969e-06, 6.176869646878913e-06, 3.921310053556226e-06, 5.580584456765791e-06, 9.806984053284395e-06, 3.992728579760296e-06, 2.479308932379354e-06, 3.147209326925804e-06, 2.217997916886816e-06, 2.81790607914445e-06, 4.033502591482829e-06, 2.80587914858188e-06, 2.6646864625945454e-06, 2.9721768441959284e-06, 3.912470219802344e-06, 7.694873602304142e-06, 1.0913815458479803e-05, 8.994099516712595e-06, 8.570435966248624e-06, 9.320147000835277e-06, 1.0097522135765757e-05, 1.1285382242931519e-05, 1.3731813851336483e-05, 1.1657268260023557e-05, 1.0529123755986802e-05, 1.2339856766629964e-05, 1.3773815226159059e-05, 1.4795375136600342e-05, 1.9071201677434146e-05, 1.5446432371390983e-05, 1.7637743439991027e-05, 2.401690471742768e-05, 1.9969676941400394e-05, 1.6970301658147946e-05, 9.490798220213037e-06, 6.752671652066056e-06, 7.830757567717228e-06, 6.734184353263117e-06, 4.816656655748375e-06, 3.5023645068577025e-06, 2.0925506305502495e-06, 1.4075753824727144e-06, 9.662021511758212e-07, 4.5294657979866315e-07, 2.7815039516099205e-07, 1.141926304626395e-07, 8.017765651402442e-08, 7.737009255492922e-09, 2.6466953628734302e-11, 1.5025954439029654e-11, 9.333902574459874e-12, 9.085212616943839e-12, 8.904655658670269e-12, 8.755378366753774e-12, 8.632319685453194e-12, 8.546427454625416e-12, 8.493921711816288e-12], "lowlevel.mfcc.mean": [-768.7842407226562, 121.64558410644531, 9.925127983093262, -28.511199951171875, -15.15528392791748, -36.57672119140625, 0.7690436244010925, -1.3232253789901733, -15.947734832763672, 8.021010398864746, -7.90861177444458, -10.613039016723633, -11.66906452178955], "lowlevel.spectral_contrast_coeffs.mean": [-0.631473183631897, -0.7267791032791138, -0.718477725982666, -0.7865095734596252, -0.7957555055618286, -0.8230354189872742], "lowlevel.spectral_contrast_coeffs.stdev": [0.08821350336074829, 0.08036462217569351, 0.0879431664943695, 0.06585881114006042, 0.05012897774577141, 0.04325919598340988], "lowlevel.spectral_contrast_valleys.mean": [-9.030593872070312, -7.382540225982666, -8.253238677978516, -9.074164390563965, -9.099637031555176, -11.098040580749512], "lowlevel.spectral_contrast_valleys.stdev": [1.547353982925415, 1.2471131086349487, 1.3194092512130737, 1.3141539096832275, 1.4775654077529907, 1.4281796216964722], "rhythm.beats_loudness_band_ratio.mean": [0.13073398172855377, 0.14478039741516113, 0.45763611793518066, 0.2519897222518921, 0.030391940847039223, 0.05390366539359093], "rhythm.beats_loudness_band_ratio.stdev": [0.27171894907951355, 0.1543515920639038, 0.28198835253715515, 0.2576534152030945, 0.04696020856499672, 0.12327302247285843], "tonal.hpcp.mean": [0.13139881193637848, 0.0675383061170578, 0.06100703030824661, 0.0644843801856041, 0.06188385933637619, 0.16766004264354706, 0.18237121403217316, 0.08002971857786179, 0.13127873837947845, 0.1573573797941208, 0.08293844014406204, 0.05745675787329674, 0.06033043935894966, 0.05872894823551178, 0.1340603083372116, 0.1705237179994583, 0.10408025234937668, 0.08125550299882889, 0.09318742901086807, 0.11540115624666214, 0.3065246641635895, 0.34694430232048035, 0.15807996690273285, 0.10848430544137955, 0.10326632857322693, 0.08281926810741425, 0.11581797897815704, 0.12366056442260742, 0.07672110944986343, 0.17986632883548737, 0.22802752256393433, 0.11315388977527618, 0.05953512713313103, 0.05869109556078911, 0.06527522206306458, 0.12172947824001312], "tonal.hpcp.stdev": [0.2555413544178009, 0.13813777267932892, 0.1512201577425003, 0.15733256936073303, 0.1264757513999939, 0.2835318148136139, 0.30314958095550537, 0.15520136058330536, 0.2259453982114792, 0.28124120831489563, 0.17242194712162018, 0.1606169492006302, 0.1704965978860855, 0.15187899768352509, 0.24527177214622498, 0.30084627866744995, 0.1988411694765091, 0.1976291537284851, 0.2213793694972992, 0.23541705310344696, 0.34175634384155273, 0.3786923587322235, 0.2557309567928314, 0.22520866990089417, 0.22420662641525269, 0.19070418179035187, 0.23011600971221924, 0.260165810585022, 0.15446196496486664, 0.260547012090683, 0.3266802728176117, 0.18766021728515625, 0.15126217901706696, 0.1586574763059616, 0.17379415035247803, 0.22550296783447266], "rhythm.beats_position": [0.3715192675590515, 0.7546485066413879, 1.1377778053283691, 1.5092970132827759, 1.8808163404464722, 2.252335548400879, 2.635464906692505, 3.0185940265655518, 3.390113353729248, 3.7616326808929443, 4.133152008056641, 4.504671096801758, 4.876190185546875, 5.24770975112915, 5.607618808746338, 5.955918312072754, 6.315827369689941, 6.664126873016357, 7.012426376342773, 7.372335433959961, 7.732244968414307, 8.092154502868652, 8.45206356048584, 8.800362586975098, 9.160271644592285, 9.520181655883789, 9.868480682373047, 10.228389739990234, 10.576688766479492, 10.924988746643066, 11.273287773132324, 11.621586799621582, 11.969886779785156, 12.318185806274414, 12.678094863891602, 13.049613952636719, 13.409523963928223, 13.75782299041748, 14.106122016906738, 14.454421043395996, 14.79111099243164, 15.151020050048828, 15.510929107666016, 15.87083911895752, 16.24235725402832, 16.60226821899414, 16.973787307739258, 17.333696365356445, 17.856143951416016, 18.36698341369629, 18.889432907104492, 19.435102462768555, 19.980770111083984, 20.526439666748047, 21.211427688598633, 21.89641761779785, 22.569795608520508, 23.243173599243164, 23.916553497314453, 24.58993148803711, 25.263309478759766, 25.925079345703125, 26.61006736755371, 27.283445358276367, 27.956825256347656, 28.641813278198242, 29.3035831451416, 29.976961135864258, 30.650339126586914, 31.323719024658203, 31.99709701538086, 32.670475006103516, 33.34385299682617, 34.04045104980469, 34.71383285522461, 35.3755989074707, 36.03736877441406, 36.72235870361328, 37.39573669433594, 38.080726623535156, 38.75410461425781, 39.42748260498047], "rhythm.bpm_histogram": [0.0, 0.0, 0.0, 0.0, 0.0, 0.0, 0.0, 0.0, 0.0, 0.0, 0.0, 0.0, 0.0, 0.0, 0.0, 0.0, 0.0, 0.0, 0.0, 0.0, 0.0, 0.0, 0.0, 0.0, 0.0, 0.0, 0.0, 0.0, 0.0, 0.0, 0.0, 0.0, 0.0, 0.0, 0.0, 0.0, 0.0, 0.0, 0.0, 0.0, 0.0, 0.0, 0.0, 0.0, 0.0, 0.0, 0.0, 0.0, 0.0, 0.0, 0.0, 0.0, 0.0, 0.0, 0.0, 0.0, 0.0, 0.0, 0.0, 0.0, 0.0, 0.0, 0.0, 0.0, 0.0, 0.0, 0.0, 0.0, 0.0, 0.0, 0.0, 0.0, 0.0, 0.0, 0.0, 0.0, 0.0, 0.0, 0.0, 0.0, 0.0, 0.0, 0.0, 0.0, 0.0, 0.0, 0.012345679104328156, 0.0, 0.07407407462596893, 0.20987653732299805, 0.0, 0.04938271641731262, 0.0, 0.0, 0.0, 0.0, 0.0, 0.0, 0.0, 0.0, 0.0, 0.0, 0.0, 0.0, 0.0, 0.0, 0.0, 0.0, 0.0, 0.0, 0.03703703731298447, 0.0, 0.0, 0.0, 0.0, 0.02469135820865631, 0.0, 0.012345679104328156, 0.0, 0.0, 0.0, 0.0, 0.0, 0.0, 0.0, 0.0, 0.0, 0.0, 0.0, 0.0, 0.0, 0.0, 0.0, 0.0, 0.0, 0.0, 0.0, 0.0, 0.0, 0.0, 0.0, 0.0, 0.0, 0.0, 0.0, 0.0, 0.0, 0.0, 0.0, 0.0, 0.0, 0.0, 0.0, 0.0, 0.0, 0.0, 0.0, 0.04938271641731262, 0.0, 0.0, 0.0, 0.14814814925193787, 0.0, 0.0, 0.0, 0.0, 0.0, 0.1975308656692505, 0.0, 0.0, 0.0, 0.0, 0.17283950746059418, 0.0, 0.0, 0.0, 0.0, 0.0, 0.012345679104328156, 0.0, 0.0, 0.0, 0.0, 0.0, 0.0, 0.0, 0.0, 0.0, 0.0, 0.0, 0.0, 0.0, 0.0, 0.0, 0.0, 0.0, 0.0, 0.0, 0.0, 0.0, 0.0, 0.0, 0.0, 0.0, 0.0, 0.0, 0.0, 0.0, 0.0, 0.0, 0.0, 0.0, 0.0, 0.0, 0.0, 0.0, 0.0, 0.0, 0.0, 0.0, 0.0, 0.0, 0.0, 0.0, 0.0, 0.0, 0.0, 0.0, 0.0, 0.0, 0.0, 0.0, 0.0, 0.0, 0.0, 0.0, 0.0, 0.0, 0.0, 0.0, 0.0, 0.0, 0.0, 0.0, 0.0, 0.0, 0.0, 0.0, 0.0, 0.0], "tonal.chords_histogram": [11.342592239379883, 0.3472222089767456, 0.0, 2.5462963581085205, 0.0, 1.6203703880310059, 1.0416666269302368, 5.439815044403076, 0.11574073880910873, 1.5046296119689941, 16.087963104248047, 0.0, 0.0, 0.0, 0.0, 0.46296295523643494, 1.3888888359069824, 5.208333492279053, 8.912036895751953, 2.430555582046509, 0.0, 0.0, 13.773148536682129, 27.77777862548828], "tonal.thpcp": [1.0, 0.4556350111961365, 0.3126850724220276, 0.2976452708244324, 0.23871055245399475, 0.33382296562194824, 0.35642769932746887, 0.22113379836082458, 0.5184299945831299, 0.6572453379631042, 0.3261442482471466, 0.17159850895404816, 0.16916576027870178, 0.18814323842525482, 0.35086172819137573, 0.37873172760009766, 0.19466613233089447, 0.17584098875522614, 0.18586377799510956, 0.17836828529834747, 0.4832477271556854, 0.5256498456001282, 0.23067021369934082, 0.37838563323020935, 0.4535522758960724, 0.23905405402183533, 0.1656080186367035, 0.1738908439874649, 0.16927486658096313, 0.38640296459198, 0.49150171875953674, 0.299991250038147, 0.2342033088207245, 0.26859477162361145, 0.33262157440185547, 0.8834981918334961], "lowlevel.gfcc.cov": [[15279.244140625, -2432.6552734375, 2082.995849609375, 1544.4442138671875, 1557.317626953125, 541.1077270507812, -134.5511474609375, 1105.0682373046875, -875.483642578125, 1278.5911865234375, -33.50464630126953, -88.29827880859375, -720.3588256835938], [-2432.6552734375, 2059.2265625, -303.60308837890625, -242.55409240722656, -36.45737838745117, -292.66473388671875, 135.39710998535156, -261.13885498046875, 168.29769897460938, -340.86126708984375, 119.49555969238281, -143.79661560058594, 74.04936218261719], [2082.995849609375, -303.60308837890625, 2001.724365234375, 783.207275390625, 278.15423583984375, 271.5420837402344, -60.569950103759766, 198.01673889160156, -7.669178485870361, 314.80926513671875, -158.16207885742188, 70.22603607177734, -159.75184631347656], [1544.4442138671875, -242.55409240722656, 783.207275390625, 790.5135498046875, 439.81658935546875, 100.21737670898438, -72.17974090576172, 171.16717529296875, 26.617712020874023, 230.3677215576172, -85.21554565429688, 44.92241287231445, -37.43795394897461], [1557.317626953125, -36.45737838745117, 278.15423583984375, 439.81658935546875, 664.8184204101562, 198.01719665527344, 93.89044952392578, 192.22215270996094, -20.716495513916016, 207.23684692382812, 27.927026748657227, 33.27711868286133, -28.793569564819336], [541.1077270507812, -292.66473388671875, 271.5420837402344, 100.21737670898438, 198.01719665527344, 464.9580383300781, 289.868408203125, 64.72161102294922, 8.492555618286133, 85.27001190185547, 77.48674011230469, 94.65145111083984, -20.565332412719727], [-134.5511474609375, 135.39710998535156, -60.569950103759766, -72.17974090576172, 93.89044952392578, 289.868408203125, 504.97174072265625, 62.47314453125, -21.83926773071289, -57.16449737548828, 140.11402893066406, 86.55207061767578, -14.92585277557373], [1105.0682373046875, -261.13885498046875, 198.01673889160156, 171.16717529296875, 192.22215270996094, 64.72161102294922, 62.47314453125, 310.530029296875, 15.011087417602539, 125.46001434326172, 19.151905059814453, 21.7067813873291, -8.617592811584473], [-875.483642578125, 168.29769897460938, -7.669178485870361, 26.617712020874023, -20.716495513916016, 8.492555618286133, -21.83926773071289, 15.011087417602539, 302.3614807128906, -0.9413495659828186, -11.744690895080566, 48.05268478393555, 102.73976135253906], [1278.5911865234375, -340.86126708984375, 314.80926513671875, 230.3677215576172, 207.23684692382812, 85.27001190185547, -57.16449737548828, 125.46001434326172, -0.9413495659828186, 302.1757507324219, 21.093992233276367, 2.317258358001709, -59.65163803100586], [-33.50464630126953, 119.49555969238281, -158.16207885742188, -85.21554565429688, 27.927026748657227, 77.48674011230469, 140.11402893066406, 19.151905059814453, -11.744690895080566, 21.093992233276367, 212.56417846679688, 33.0467414855957, -22.900047302246094], [-88.29827880859375, -143.79661560058594, 70.22603607177734, 44.92241287231445, 33.27711868286133, 94.65145111083984, 86.55207061767578, 21.7067813873291, 48.05268478393555, 2.317258358001709, 33.0467414855957, 201.74679565429688, 43.08740997314453], [-720.3588256835938, 74.04936218261719, -159.75184631347656, -37.43795394897461, -28.793569564819336, -20.565332412719727, -14.92585277557373, -8.617592811584473, 102.73976135253906, -59.65163803100586, -22.900047302246094, 43.08740997314453, 188.16842651367188]], "lowlevel.gfcc.icov": [[0.00020758158643729985, 2.756763387878891e-05, -6.016532097419258e-06, -5.6176952057285234e-05, -0.00015571842959616333, -0.00011239508603466675, 0.0001555492344778031, -0.0004595523059833795, 0.0005060375551693141, -0.0003766574081964791, 9.57589945755899e-05, -1.8913015082944185e-05, 0.00034300805418752134], [2.756763387878891e-05, 0.0017832681769505143, -0.0008830304723232985, 0.0007421893533319235, -0.0017653873655945063, 0.0025101713836193085, -0.0014790494460612535, 0.0017657434800639749, -0.0015815525548532605, 0.0017627194756641984, -0.0018008728511631489, 0.0017249195370823145, -0.00042230699909850955], [-6.016532097419258e-06, -0.0008830304723232985, 0.0015976933063939214, -0.0015001444844529033, 0.0015332112088799477, -0.0019898952450603247, 0.000890163064468652, -0.0011626018676906824, 0.0008110900525934994, -0.0012268113205209374, 0.0015705085825175047, -0.0010854721767827868, 0.0010248247999697924], [-5.6176952057285234e-05, 0.0007421893533319235, -0.0015001444844529033, 0.004041549749672413, -0.002787855686619878, 0.001765939174219966, -0.00042018177919089794, 0.0008516900707036257, -0.0011548320762813091, 0.0004435571318026632, -0.00020341381605248898, 0.0002605152840260416, -0.000517801963724196], [-0.00015571842959616333, -0.0017653873655945063, 0.0015332112088799477, -0.002787855686619878, 0.005307025276124477, -0.0033928912598639727, 0.0010536544723436236, -0.002262264024466276, 0.0017136798705905676, -0.002429149579256773, 0.0015997100854292512, -0.0013896713498979807, 7.399225432891399e-05], [-0.00011239508603466675, 0.0025101713836193085, -0.0019898952450603247, 0.001765939174219966, -0.0033928912598639727, 0.008497186005115509, -0.004970088135451078, 0.0037200921215116978, -0.0028823527973145247, 0.0013883911306038499, -0.0026122531853616238, 0.0017135230591520667, -0.001266887178644538], [0.0001555492344778031, -0.0014790494460612535, 0.000890163064468652, -0.00042018177919089794, 0.0010536544723436236, -0.004970088135451078, 0.006083606276661158, -0.0030665879603475332, 0.002014405559748411, 0.00046301641850732267, -0.0001845883234636858, -0.0020581637509167194, 0.0013055631425231695], [-0.0004595523059833795, 0.0017657434800639749, -0.0011626018676906824, 0.0008516900707036257, -0.002262264024466276, 0.0037200921215116978, -0.0030665879603475332, 0.0075196772813797, -0.003033279674127698, 0.001064930111169815, -0.002054794691503048, 0.0018352518090978265, -0.001786742708645761], [0.0005060375551693141, -0.0015815525548532605, 0.0008110900525934994, -0.0011548320762813091, 0.0017136798705905676, -0.0028823527973145247, 0.002014405559748411, -0.003033279674127698, 0.00702898483723402, -0.002909420756623149, 0.0017678027506917715, -0.002099365461617708, -0.001077732304111123], [-0.0003766574081964791, 0.0017627194756641984, -0.0012268113205209374, 0.0004435571318026632, -0.002429149579256773, 0.0013883911306038499, 0.00046301641850732267, 0.001064930111169815, -0.002909420756623149, 0.00905047170817852, -0.0037048403173685074, 0.0019813687540590763, 0.0003296846116427332], [9.57589945755899e-05, -0.0018008728511631489, 0.0015705085825175047, -0.00020341381605248898, 0.0015997100854292512, -0.0026122531853616238, -0.0001845883234636858, -0.002054794691503048, 0.0017678027506917715, -0.0037048403173685074, 0.008946584537625313, -0.002706854837015271, 0.001787615125067532], [-1.8913015082944185e-05, 0.0017249195370823145, -0.0010854721767827868, 0.0002605152840260416, -0.0013896713498979807, 0.0017135230591520667, -0.0020581637509167194, 0.0018352518090978265, -0.002099365461617708, 0.0019813687540590763, -0.002706854837015271, 0.007979345507919788, -0.002107693813741207], [0.00034300805418752134, -0.00042230699909850955, 0.0010248247999697924, -0.000517801963724196, 7.399225432891399e-05, -0.001266887178644538, 0.0013055631425231695, -0.001786742708645761, -0.001077732304111123, 0.0003296846116427332, 0.001787615125067532, -0.002107693813741207, 0.008848466910421848]], "lowlevel.mfcc.cov": [[13478.0537109375, -1729.5107421875, 398.6253356933594, 1126.5362548828125, 1393.043212890625, -6.692705154418945, 1504.04052734375, -457.8725280761719, 165.52536010742188, 458.7161560058594, 246.0287322998047, 554.8704833984375, 572.4099731445312], [-1729.5107421875, 1696.9383544921875, -192.90628051757812, -47.542903900146484, -188.34710693359375, -129.34767150878906, -114.43233489990234, 71.85639190673828, -149.1548614501953, -44.442039489746094, -9.472618103027344, -25.588703155517578, -106.50735473632812], [398.6253356933594, -192.90628051757812, 1533.991943359375, 355.2223815917969, 225.19834899902344, 241.18389892578125, 6.546802997589111, -13.963753700256348, 140.9073486328125, 35.99992370605469, 117.04231262207031, 70.34748840332031, 20.019588470458984], [1126.5362548828125, -47.542903900146484, 355.2223815917969, 712.0892944335938, 461.5743103027344, 63.13644790649414, 61.00697326660156, -61.38078689575195, 139.99119567871094, 70.9385986328125, 13.847573280334473, 71.1491470336914, 99.44509887695312], [1393.043212890625, -188.34710693359375, 225.19834899902344, 461.5743103027344, 657.0599365234375, 86.1388931274414, 86.1456069946289, -103.62140655517578, 158.31878662109375, 146.9280242919922, 15.733536720275879, 88.77743530273438, 102.36919403076172], [-6.692705154418945, -129.34767150878906, 241.18389892578125, 63.13644790649414, 86.1388931274414, 483.2326354980469, 164.49295043945312, 140.5017547607422, 76.63426971435547, -10.225381851196289, 106.92672729492188, 67.09564208984375, 26.368871688842773], [1504.04052734375, -114.43233489990234, 6.546802997589111, 61.00697326660156, 86.1456069946289, 164.49295043945312, 655.3897094726562, 134.58790588378906, -33.107749938964844, 76.24899291992188, 101.99762725830078, 136.7349090576172, 116.20341491699219], [-457.8725280761719, 71.85639190673828, -13.963753700256348, -61.38078689575195, -103.62140655517578, 140.5017547607422, 134.58790588378906, 369.5345153808594, 51.46072769165039, -37.13214874267578, 58.42634963989258, 6.218631267547607, 59.13191604614258], [165.52536010742188, -149.1548614501953, 140.9073486328125, 139.99119567871094, 158.31878662109375, 76.63426971435547, -33.107749938964844, 51.46072769165039, 278.5616455078125, 70.60725402832031, 0.34258773922920227, -6.373499870300293, 33.266502380371094], [458.7161560058594, -44.442039489746094, 35.99992370605469, 70.9385986328125, 146.9280242919922, -10.225381851196289, 76.24899291992188, -37.13214874267578, 70.60725402832031, 189.81826782226562, 65.50479888916016, 36.1821174621582, 23.658344268798828], [246.0287322998047, -9.472618103027344, 117.04231262207031, 13.847573280334473, 15.733536720275879, 106.92672729492188, 101.99762725830078, 58.42634963989258, 0.34258773922920227, 65.50479888916016, 198.65086364746094, 73.92156982421875, 37.5253791809082], [554.8704833984375, -25.588703155517578, 70.34748840332031, 71.1491470336914, 88.77743530273438, 67.09564208984375, 136.7349090576172, 6.218631267547607, -6.373499870300293, 36.1821174621582, 73.92156982421875, 174.65008544921875, 82.13839721679688], [572.4099731445312, -106.50735473632812, 20.019588470458984, 99.44509887695312, 102.36919403076172, 26.368871688842773, 116.20341491699219, 59.13191604614258, 33.266502380371094, 23.658344268798828, 37.5253791809082, 82.13839721679688, 178.52659606933594]], "lowlevel.mfcc.icov": [[0.00018386845476925373, 0.00012649020936805755, 9.951690117304679e-06, -8.441160753136501e-05, -0.0002012693148571998, 0.00021235784515738487, -0.0004271522630006075, 0.0002778711495921016, -6.832451617810875e-05, 0.00012348686868790537, -0.00016633630730211735, -8.83335669641383e-05, -0.00012615729065146297], [0.00012649020936805755, 0.0007987830904312432, 7.578511576866731e-05, -0.00031687141745351255, -2.732269308580726e-07, 0.0003135481965728104, -0.00011529384210007265, -0.00024030706845223904, 0.0003770675102714449, -9.301727550337091e-05, -0.00010866436787182465, -0.0003517734876368195, 0.0004742276796605438], [9.951690117304679e-06, 7.578511576866731e-05, 0.0008495223009958863, -0.00043476655264385045, 7.57456582505256e-05, -0.0002801502123475075, 8.343603258254007e-05, 0.00013880843471270055, -0.0002301546192029491, 0.00015716173220425844, -0.0004604233254212886, -0.00014791965077165514, 0.00024477529223077], [-8.441160753136501e-05, -0.00031687141745351255, -0.00043476655264385045, 0.003049009246751666, -0.001881645293906331, 0.00016386497009079903, -3.073451125601423e-06, 0.00012958102161064744, -0.0005667656078003347, 0.000843279471155256, -6.586147355847061e-05, 0.00017302646301686764, -0.0006261076196096838], [-0.0002012693148571998, -2.732269308580726e-07, 7.57456582505256e-05, -0.001881645293906331, 0.0041656214743852615, -0.0010036574676632881, 0.0005019511445425451, 0.0005870495806448162, -0.00047364842612296343, -0.00223599118180573, 0.0011685470817610621, -0.0004822918854188174, -0.0007158785592764616], [0.00021235784515738487, 0.0003135481965728104, -0.0002801502123475075, 0.00016386497009079903, -0.0010036574676632881, 0.003629978746175766, -0.0011238487204536796, -0.0005993834929540753, -0.0009530462557449937, 0.001822644262574613, -0.0017395289614796638, -0.0007392624393105507, 0.001057530869729817], [-0.0004271522630006075, -0.00011529384210007265, 8.343603258254007e-05, -3.073451125601423e-06, 0.0005019511445425451, -0.0011238487204536796, 0.003414283972233534, -0.00157373386900872, 0.0013026915257796645, -0.001650327118113637, 0.0006789100007154047, -0.0008970379130914807, -0.0002838147047441453], [0.0002778711495921016, -0.00024030706845223904, 0.00013880843471270055, 0.00012958102161064744, 0.0005870495806448162, -0.0005993834929540753, -0.00157373386900872, 0.005031528417021036, -0.0018189916154369712, 0.0015205983072519302, -0.0013690717751160264, 0.0011518066748976707, -0.002117068972438574], [-6.832451617810875e-05, 0.0003770675102714449, -0.0002301546192029491, -0.0005667656078003347, -0.00047364842612296343, -0.0009530462557449937, 0.0013026915257796645, -0.0018189916154369712, 0.006045747082680464, -0.002883650828152895, 0.0014761221827939153, 0.0006240496877580881, -0.00038934347685426474], [0.00012348686868790537, -9.301727550337091e-05, 0.00015716173220425844, 0.000843279471155256, -0.00223599118180573, 0.001822644262574613, -0.001650327118113637, 0.0015205983072519302, -0.002883650828152895, 0.009771029464900494, -0.004115412477403879, 0.0001532831520307809, 0.0006816879031248391], [-0.00016633630730211735, -0.00010866436787182465, -0.0004604233254212886, -6.586147355847061e-05, 0.0011685470817610621, -0.0017395289614796638, 0.0006789100007154047, -0.0013690717751160264, 0.0014761221827939153, -0.004115412477403879, 0.008679885417222977, -0.0022882488556206226, -0.00034609969588927925], [-8.83335669641383e-05, -0.0003517734876368195, -0.00014791965077165514, 0.00017302646301686764, -0.0004822918854188174, -0.0007392624393105507, -0.0008970379130914807, 0.001151806674