{"song_id": "1182277181368434728", "download": "https://cdn.discordapp.com/attachments/1128313332273782784/1182277181368434728/chirp.mp4?ex=65841c6d&amp", "lyrics": "[Verse]\nIn the castle, shadows linger deep\nFiends arise from their timeless sleep\nWhispering secrets, dark and sly\nUnderneath that cold, moonlit sky\n\n[Chorus]\nCastle of shadows, where nightmares dwell\nEchoing screams, a haunting spell\nLost souls trapped in eternal despair\nBeware the darkness, terrors beware", "style": ["funk"], "essentia_features": {"lowlevel.average_loudness": 0.9806520342826843, "lowlevel.barkbands_crest.mean": 13.19063663482666, "lowlevel.barkbands_crest.stdev": 5.083291530609131, "lowlevel.barkbands_flatness_db.mean": 0.20868811011314392, "lowlevel.barkbands_flatness_db.stdev": 0.06657242029905319, "lowlevel.barkbands_kurtosis.mean": 10.885931968688965, "lowlevel.barkbands_kurtosis.stdev": 26.971084594726562, "lowlevel.barkbands_skewness.mean": 2.0893990993499756, "lowlevel.barkbands_skewness.stdev": 2.353134870529175, "lowlevel.barkbands_spread.mean": 18.8593807220459, "lowlevel.barkbands_spread.stdev": 11.821313858032227, "lowlevel.dissonance.mean": 0.454351007938385, "lowlevel.dissonance.stdev": 0.036456167697906494, "lowlevel.dynamic_complexity": 3.5228137969970703, "lowlevel.erbbands_crest.mean": 11.031217575073242, "lowlevel.erbbands_crest.stdev": 5.940193176269531, "lowlevel.erbbands_flatness_db.mean": 0.19953922927379608, "lowlevel.erbbands_flatness_db.stdev": 0.061578504741191864, "lowlevel.erbbands_kurtosis.mean": 0.6014528870582581, "lowlevel.erbbands_kurtosis.stdev": 2.9383084774017334, "lowlevel.erbbands_skewness.mean": 0.17771117389202118, "lowlevel.erbbands_skewness.stdev": 0.8009949922561646, "lowlevel.erbbands_spread.mean": 38.88401412963867, "lowlevel.erbbands_spread.stdev": 21.881481170654297, "lowlevel.hfc.mean": 17.855762481689453, "lowlevel.hfc.stdev": 17.667177200317383, "lowlevel.loudness_ebu128.integrated": -13.689918518066406, "lowlevel.loudness_ebu128.loudness_range": 1.1234188079833984, "lowlevel.loudness_ebu128.momentary.mean": -14.10422420501709, "lowlevel.loudness_ebu128.momentary.stdev": 2.0397188663482666, "lowlevel.loudness_ebu128.short_term.mean": -13.579425811767578, "lowlevel.loudness_ebu128.short_term.stdev": 0.6230765581130981, "lowlevel.melbands_crest.mean": 17.089305877685547, "lowlevel.melbands_crest.stdev": 6.095968246459961, "lowlevel.melbands_flatness_db.mean": 0.27995431423187256, "lowlevel.melbands_flatness_db.stdev": 0.08151446282863617, "lowlevel.melbands_kurtosis.mean": 27.622371673583984, "lowlevel.melbands_kurtosis.stdev": 49.67235565185547, "lowlevel.melbands_skewness.mean": 3.450103998184204, "lowlevel.melbands_skewness.stdev": 2.9844634532928467, "lowlevel.melbands_spread.mean": 19.565340042114258, "lowlevel.melbands_spread.stdev": 14.798404693603516, "lowlevel.pitch_salience.mean": 0.4437192380428314, "lowlevel.pitch_salience.stdev": 0.12424036860466003, "lowlevel.silence_rate_20dB.mean": 1.0, "lowlevel.silence_rate_20dB.stdev": 0.0, "lowlevel.silence_rate_30dB.mean": 1.0, "lowlevel.silence_rate_30dB.stdev": 0.0, "lowlevel.silence_rate_60dB.mean": 0.002553191501647234, "lowlevel.silence_rate_60dB.stdev": 0.05046454817056656, "lowlevel.spectral_centroid.mean": 1282.4105224609375, "lowlevel.spectral_centroid.stdev": 604.193115234375, "lowlevel.spectral_complexity.mean": 12.006808280944824, "lowlevel.spectral_complexity.stdev": 5.4272661209106445, "lowlevel.spectral_decrease.mean": -7.104878907426837e-09, "lowlevel.spectral_decrease.stdev": 4.4821377720438704e-09, "lowlevel.spectral_energy.mean": 0.028435062617063522, "lowlevel.spectral_energy.stdev": 0.018248723819851875, "lowlevel.spectral_energyband_high.mean": 0.00023158418480306864, "lowlevel.spectral_energyband_high.stdev": 0.00041977441287599504, "lowlevel.spectral_energyband_low.mean": 0.012606551870703697, "lowlevel.spectral_energyband_low.stdev": 0.007446702104061842, "lowlevel.spectral_energyband_middle_high.mean": 0.007009709253907204, "lowlevel.spectral_energyband_middle_high.stdev": 0.010896938852965832, "lowlevel.spectral_energyband_middle_low.mean": 0.009572437033057213, "lowlevel.spectral_energyband_middle_low.stdev": 0.011334838345646858, "lowlevel.spectral_entropy.mean": 7.225856781005859, "lowlevel.spectral_entropy.stdev": 0.47916510701179504, "lowlevel.spectral_flux.mean": 0.08493144810199738, "lowlevel.spectral_flux.stdev": 0.04458931088447571, "lowlevel.spectral_kurtosis.mean": 5.59499979019165, "lowlevel.spectral_kurtosis.stdev": 4.398684024810791, "lowlevel.spectral_rms.mean": 0.005009719170629978, "lowlevel.spectral_rms.stdev": 0.0016260931733995676, "lowlevel.spectral_rolloff.mean": 920.6669921875, "lowlevel.spectral_rolloff.stdev": 912.7066650390625, "lowlevel.spectral_skewness.mean": 1.4131097793579102, "lowlevel.spectral_skewness.stdev": 0.4893381595611572, "lowlevel.spectral_spread.mean": 3500824.5, "lowlevel.spectral_spread.stdev": 1696441.0, "lowlevel.spectral_strongpeak.mean": 1.3850005865097046, "lowlevel.spectral_strongpeak.stdev": 2.1409759521484375, "lowlevel.zerocrossingrate.mean": 0.040412649512290955, "lowlevel.zerocrossingrate.stdev": 0.022053338587284088, "metadata.audio_properties.analysis.equal_loudness": 0.0, "metadata.audio_properties.analysis.length": 27.242652893066406, "metadata.audio_properties.analysis.sample_rate": 44100.0, "metadata.audio_properties.analysis.start_time": 0.0, "metadata.audio_properties.bit_rate": 117558.0, "metadata.audio_properties.length": 27.242666244506836, "metadata.audio_properties.lossless": 0.0, "metadata.audio_properties.number_channels": 1.0, "metadata.audio_properties.replay_gain": -13.699193954467773, "metadata.audio_properties.sample_rate": 48000.0, "rhythm.beats_count": 49.0, "rhythm.beats_loudness.mean": 0.04335407912731171, "rhythm.beats_loudness.stdev": 0.019537921994924545, "rhythm.bpm": 110.28018951416016, "rhythm.bpm_histogram_first_peak_bpm": 110.0, "rhythm.bpm_histogram_first_peak_weight": 0.47826087474823, "rhythm.bpm_histogram_second_peak_bpm": 105.0, "rhythm.bpm_histogram_second_peak_spread": 0.0, "rhythm.bpm_histogram_second_peak_weight": 0.0416666679084301, "rhythm.danceability": 1.5919756889343262, "rhythm.onset_rate": 4.512068271636963, "tonal.chords_changes_rate": 0.07312925159931183, "tonal.chords_number_rate": 0.020408162847161293, "tonal.chords_strength.mean": 0.5737310647964478, "tonal.chords_strength.stdev": 0.08540313690900803, "tonal.hpcp_crest.mean": 13.210826873779297, "tonal.hpcp_crest.stdev": 5.843585014343262, "tonal.hpcp_entropy.mean": 2.021122932434082, "tonal.hpcp_entropy.stdev": 0.7264053821563721, "tonal.key_edma.strength": 0.7234405279159546, "tonal.key_krumhansl.strength": 0.7237646579742432, "tonal.key_temperley.strength": 0.7272054553031921, "tonal.tuning_diatonic_strength": 0.7535057663917542, "tonal.tuning_equal_tempered_deviation": 0.1740313321352005, "tonal.tuning_frequency": 436.4561767578125, "tonal.tuning_nontempered_energy_ratio": 0.8409961462020874, "lowlevel.barkbands.mean": [0.0003348321479279548, 0.009071961045265198, 0.0023929118178784847, 0.0011365751270204782, 0.0016785560874268413, 0.0014807272236794233, 0.0008420550730079412, 0.0009677072521299124, 0.003101787529885769, 0.0006030227523297071, 0.0019448515959084034, 0.0007907779654487967, 0.0008946190355345607, 0.0011906715808436275, 0.0003456738777458668, 0.00033599260495975614, 0.000256418832577765, 8.066961163422093e-05, 0.0002992082154378295, 0.0005150521174073219, 1.6937214240897447e-05, 6.250981823541224e-05, 5.122040238347836e-05, 1.9480079572531395e-05, 1.6527026673429646e-05, 4.273499143891968e-06, 3.1138810641095915e-08], "lowlevel.barkbands.stdev": [0.00034411592059768736, 0.006253580097109079, 0.002535126404836774, 0.001840607961639762, 0.0024049286730587482, 0.003016164293512702, 0.003396752290427685, 0.0047453176230192184, 0.008492553606629372, 0.002606617519631982, 0.006212991196662188, 0.00393797317519784, 0.00283046904951334, 0.004136830102652311, 0.000989467022009194, 0.0009721676469780505, 0.0005966086173430085, 0.0001496558979852125, 0.0006474802503362298, 0.0008282616036012769, 3.460778316366486e-05, 0.00011852354509755969, 0.00016416533617302775, 6.267695425776765e-05, 5.033566048950888e-05, 1.3789419426757377e-05, 1.709246078007709e-07], "lowlevel.erbbands.mean": [0.3258170783519745, 1.770778775215149, 2.8764986991882324, 3.8391122817993164, 3.9026033878326416, 6.5949482917785645, 7.327392101287842, 12.691661834716797, 8.774497032165527, 21.718368530273438, 29.744714736938477, 76.567138671875, 32.458866119384766, 30.723819732666016, 70.0584487915039, 34.78972625732422, 44.34229278564453, 54.015384674072266, 28.684837341308594, 21.992631912231445, 20.240156173706055, 14.033626556396484, 5.806978702545166, 4.365764617919922, 29.24025535583496, 23.379188537597656, 1.8209549188613892, 0.7608421444892883, 1.9011986255645752, 2.600447654724121, 1.2497774362564087, 0.48752203583717346, 0.3103616535663605, 0.22587160766124725, 0.09426520019769669, 0.0310123972594738, 0.005346585530787706, 0.00032776419539004564, 2.403936377959326e-05, 3.3785661798901856e-05], "lowlevel.erbbands.stdev": [0.2528899013996124, 1.3128201961517334, 2.7382583618164062, 5.429712772369385, 5.07243013381958, 10.525712966918945, 13.43183422088623, 28.869789123535156, 27.016651153564453, 89.7983627319336, 105.58722686767578, 215.4273223876953, 117.13140869140625, 88.8888168334961, 218.1049041748047, 126.37574768066406, 129.3703155517578, 216.834228515625, 67.21702575683594, 71.14746856689453, 57.82683563232422, 29.683773040771484, 9.366654396057129, 5.5091872215271, 50.03260803222656, 39.36790084838867, 2.732933282852173, 1.416326880455017, 3.4381396770477295, 6.85205602645874, 4.007865905761719, 1.566668152809143, 1.0200426578521729, 0.6929610371589661, 0.29487374424934387, 0.09873485565185547, 0.018466085195541382, 0.0010391862597316504, 2.8495302103692666e-05, 2.1420410121208988e-05], "lowlevel.gfcc.mean": [-47.98309326171875, 140.39942932128906, -131.4263153076172, 47.51966094970703, -35.11360168457031, 18.969816207885742, -17.9661922454834, 5.968777656555176, -13.761282920837402, -1.5548453330993652, -4.550796031951904, -7.666811943054199, -2.7224819660186768], "lowlevel.melbands.mean": [0.0026842555962502956, 0.0017412446904927492, 0.0006224684766493738, 0.00040915835415944457, 0.00025815150002017617, 0.00028235078207217157, 0.0001443624496459961, 0.00023639219580218196, 0.00032243714667856693, 0.00044497562339529395, 0.00014380321954376996, 0.00010333138197893277, 0.00028796872356906533, 9.452080121263862e-05, 0.000105945291579701, 7.188549352576956e-05, 0.00011172827362315729, 5.5507756769657135e-05, 2.686474908841774e-05, 2.175073495891411e-05, 2.6064961275551468e-05, 1.5033393538033124e-05, 9.166787094727624e-06, 3.0506587336276425e-06, 2.608257773317746e-06, 1.2627481737581547e-05, 3.127714808215387e-05, 1.0878151442739181e-05, 7.657361038582167e-07, 3.8524515844073903e-07, 4.092757706075645e-07, 9.225676649293746e-07, 1.5158980204432737e-06, 1.3962346656626323e-06, 7.952775149533409e-07, 3.9588871914020274e-07, 2.5455094032622583e-07, 2.0888423080123175e-07, 2.1063559074718796e-07, 1.8432430692882917e-07], "lowlevel.melbands.stdev": [0.0019090624991804361, 0.001301693031564355, 0.0007950728177092969, 0.0005656599532812834, 0.00043244194239377975, 0.0006137317977845669, 0.0004743196186609566, 0.000977377756498754, 0.0009748192387633026, 0.0012338034575805068, 0.0005906762089580297, 0.00032282760366797447, 0.0009167888783849776, 0.0005149774951860309, 0.0003135041624773294, 0.00022266806627158076, 0.0004638659884221852, 0.00015142114716582, 8.17067630123347e-05, 7.046420796541497e-05, 8.468527812510729e-05, 3.710223245434463e-05, 1.6427418813691474e-05, 4.752989752887515e-06, 3.644347088993527e-06, 2.6238007194478996e-05, 4.619676838046871e-05, 2.166124431823846e-05, 1.574224597788998e-06, 9.155450584330538e-07, 8.544665774934401e-07, 1.7643882301854319e-06, 3.0307141969387885e-06, 4.2354977267677896e-06, 2.748543238340062e-06, 1.2513062301877653e-06, 8.455090210190974e-07, 7.069616003718693e-07, 6.715939093737688e-07, 5.686284794137464e-07], "lowlevel.melbands128.mean": [0.0003067353100050241, 0.0026499354280531406, 0.00380720105022192, 0.0025824864860624075, 0.0016084274975582957, 0.0010994641343131661, 0.0008681026520207524, 0.00041414055158384144, 0.00030886780587024987, 0.0005710269324481487, 0.000357842625817284, 0.00017642194870859385, 0.00017899740487337112, 0.0004284025344531983, 0.00033534076646901667, 0.00019174470799043775, 0.00011936982627958059, 0.00011055823415517807, 0.00019200408132746816, 0.0002946199383586645, 0.00022858541342429817, 0.0001620419934624806, 0.00017428721184842288, 0.0006701616803184152, 0.0007440572371706367, 0.00018850769265554845, 0.0002129233325831592, 0.00016708461043890566, 7.054791058180854e-05, 3.408018528716639e-05, 5.726512972614728e-05, 0.0003353661741130054, 0.0004481363284867257, 0.00011702677147695795, 0.00010827881487784907, 8.817060006549582e-05, 7.436650048475713e-05, 8.415614138357341e-05, 0.0001640461414353922, 9.619213233236223e-05, 3.1365256290882826e-05, 6.078951992094517e-05, 0.00011808197450591251, 0.00013935624156147242, 0.00010661348642315716, 2.6662812160793692e-05, 1.5438929040101357e-05, 2.130648681486491e-05, 3.196490797563456e-05, 4.438209725776687e-05, 9.76508545136312e-06, 1.3154232874512672e-05, 2.8073753128410317e-05, 3.3053936931537464e-05, 1.9280012566014193e-05, 1.0900713277806062e-05, 1.3835775462212041e-05, 1.2729636182484683e-05, 7.018075848463923e-06, 3.030947254956118e-06, 3.3088786040025298e-06, 2.439438958390383e-06, 2.11410156225611e-06, 2.645700988068711e-06, 3.3511371384520316e-06, 5.655636869050795e-06, 2.2585512851946987e-05, 3.358304820721969e-05, 3.358594040037133e-05, 3.089732490479946e-05, 9.246942681784276e-06, 2.167451611967408e-06, 1.0244334589515347e-06, 5.263080424811051e-07, 4.461115281628736e-07, 4.176674224254384e-07, 3.4602959431140334e-07, 3.1555711643704853e-07, 3.92155385497972e-07, 5.056977556705533e-07, 7.531346568612207e-07, 1.0760832083178684e-06, 1.3899043551646173e-06, 1.448009811610973e-06, 1.8149638663089718e-06, 1.590256374583987e-06, 1.2017416111120838e-06, 1.0863176385100815e-06, 7.997263082870631e-07, 5.88688749303401e-07, 4.540776217254461e-07, 3.4200638765469193e-07, 2.8815901487178053e-07, 2.5701677941469825e-07, 2.3701205975612538e-07, 1.9878849855103908e-07, 1.9003947215878725e-07, 2.4407464138676005e-07, 1.998319447693575e-07, 1.9801956341325422e-07, 2.2555455814199377e-07, 1.7193481482991047e-07, 1.5395976049603632e-07, 1.453772426884825e-07, 9.722768368192192e-08, 7.615620489787034e-08, 7.257700929130806e-08, 6.964818766164171e-08, 5.2906671044183895e-08, 3.9888856662173566e-08, 2.8772486615480375e-08, 2.033673318635465e-08, 1.663251936179222e-08, 5.658749024917142e-09, 3.1108744469321437e-09, 2.708292701214532e-09, 1.104032976151359e-09, 2.2164209356745346e-10, 5.953400966651756e-12, 4.174318876670746e-12, 4.071684395895447e-12, 3.987727249105122e-12, 3.903149504991266e-12, 3.833412320214391e-12, 3.7582831811933115e-12, 3.675867336211391e-12, 3.6243790087209238e-12, 3.6016749478673393e-12], "lowlevel.melbands128.stdev": [0.00032813745201565325, 0.0022758145350962877, 0.00294238212518394, 0.002213509287685156, 0.0016321510775014758, 0.0012155281146988273, 0.001347162644378841, 0.0006454798276536167, 0.0004870177945122123, 0.0008550062775611877, 0.0006801875424571335, 0.0005392673774622381, 0.00043920410098508, 0.0009956230642274022, 0.0009276534547097981, 0.0006986464723013341, 0.0004930403083562851, 0.000564307498279959, 0.001043981872498989, 0.001464143511839211, 0.0012869955971837044, 0.0012489365180954337, 0.0009456894476898015, 0.002243646187707782, 0.002372188726440072, 0.0008849174482747912, 0.001231345464475453, 0.0008346484391950071, 0.0004925754037685692, 0.0002033315395237878, 0.00031526043312624097, 0.0012608180986717343, 0.0016342567978426814, 0.000644003739580512, 0.0008517368114553392, 0.0006283193943090737, 0.0004320445586927235, 0.00034167521516792476, 0.0006562441121786833, 0.0003911552776116878, 0.00021110911620780826, 0.0003897884162142873, 0.0008179445285350084, 0.0006015227409079671, 0.00036655133590102196, 0.00010825464414665475, 8.063242421485484e-05, 0.00011218138388358057, 0.00010837168520083651, 0.00022838148288428783, 2.384774779784493e-05, 6.16514080320485e-05, 0.00010700177517719567, 0.00015482267190236598, 9.853444498730823e-05, 3.433295933064073e-05, 3.753844794118777e-05, 2.750360181380529e-05, 2.2222970073926263e-05, 6.831213795521762e-06, 7.629129868291784e-06, 4.208444806863554e-06, 3.7339175378292566e-06, 4.635437562683364e-06, 7.607738552906085e-06, 1.5540152162429877e-05, 6.329979805741459e-05, 7.517688209190965e-05, 6.659628706984222e-05, 7.222092244774103e-05, 2.558809137553908e-05, 5.982192305964418e-06, 2.5609754175093258e-06, 1.367274421681941e-06, 9.599220902600791e-07, 1.2813103467124165e-06, 8.719219408703793e-07, 6.66801895476965e-07, 8.946258844844124e-07, 1.391019736729504e-06, 1.686330961092608e-06, 2.3241498183779186e-06, 2.9220084343251074e-06, 2.892536940635182e-06, 5.067281108495081e-06, 4.991271453036461e-06, 4.1832604438241106e-06, 4.261634330759989e-06, 2.978831616928801e-06, 1.967688149306923e-06, 1.5148383454288705e-06, 1.1121089755761204e-06, 1.0691800298445742e-06, 9.412925123797322e-07, 7.750876420686836e-07, 6.647198915743502e-07, 7.535068107245024e-07, 9.010519761432079e-07, 6.706010253765271e-07, 6.189905548126262e-07, 7.170194749051007e-07, 5.573798489422188e-07, 5.091927164357912e-07, 4.884323629994469e-07, 3.438976250436099e-07, 2.436780448533682e-07, 2.3069623011906515e-07, 2.3302688134663185e-07, 1.8630449005740957e-07, 1.4223792277334724e-07, 1.0847294618088199e-07, 7.912078814342749e-08, 7.572656102183828e-08, 2.454528669204592e-08, 1.3376170393541997e-08, 1.1526873677780713e-08, 5.4937037141655765e-09, 2.632238649269425e-09, 5.052927867787993e-11, 6.073212679286177e-12, 5.92366954099699e-12, 5.789934070382641e-12, 5.676389479986055e-12, 5.5753574500216896e-12, 5.493425592889567e-12, 5.428298435750101e-12, 5.380360653534089e-12, 5.350885533272898e-12], "lowlevel.mfcc.mean": [-687.532958984375, 157.596435546875, -17.496488571166992, 35.980506896972656, 12.64415454864502, 19.37584686279297, 9.140664100646973, 13.225568771362305, -1.4545013904571533, 12.776106834411621, 4.40979528427124, -9.75334358215332, 15.084609031677246], "lowlevel.spectral_contrast_coeffs.mean": [-0.749901294708252, -0.7287901043891907, -0.7582622766494751, -0.7715511322021484, -0.7405828833580017, -0.7254540920257568], "lowlevel.spectral_contrast_coeffs.stdev": [0.054044075310230255, 0.10207871347665787, 0.09784860908985138, 0.07952217012643814, 0.07580914348363876, 0.05191139876842499], "lowlevel.spectral_contrast_valleys.mean": [-6.456137657165527, -7.241732120513916, -7.692203998565674, -7.769552707672119, -8.24697208404541, -11.864053726196289], "lowlevel.spectral_contrast_valleys.stdev": [0.5813297033309937, 0.6612030267715454, 0.6141924262046814, 0.5075275897979736, 0.7750083208084106, 1.4378626346588135], "rhythm.beats_loudness_band_ratio.mean": [0.4566437005996704, 0.116871178150177, 0.2392023801803589, 0.12454637885093689, 0.05829887092113495, 0.03705885633826256], "rhythm.beats_loudness_band_ratio.stdev": [0.2652644217014313, 0.1271648406982422, 0.23824842274188995, 0.17020012438297272, 0.07376813888549805, 0.03581630438566208], "tonal.hpcp.mean": [0.3626575171947479, 0.2503601014614105, 0.11009218543767929, 0.0635702982544899, 0.04639112204313278, 0.06646181643009186, 0.12134619802236557, 0.12947379052639008, 0.08382624387741089, 0.05543344095349312, 0.04302919656038284, 0.051163945347070694, 0.07300727814435959, 0.11323526501655579, 0.13145379722118378, 0.12444499880075455, 0.11659388989210129, 0.08178333193063736, 0.05233554169535637, 0.058620285242795944, 0.1030348688364029, 0.1662781834602356, 0.16593016684055328, 0.1017768457531929, 0.05410483106970787, 0.03702215850353241, 0.04345345497131348, 0.06372066587209702, 0.07731480896472931, 0.09714224189519882, 0.13698291778564453, 0.1302306205034256, 0.0932944044470787, 0.09240962564945221, 0.131507009267807, 0.2632274031639099], "tonal.hpcp.stdev": [0.39347586035728455, 0.30028584599494934, 0.22877243161201477, 0.18018223345279694, 0.1419416218996048, 0.16943180561065674, 0.24372032284736633, 0.25681862235069275, 0.20018945634365082, 0.16650390625, 0.13921058177947998, 0.16187547147274017, 0.16939669847488403, 0.21830645203590393, 0.24533648788928986, 0.24477191269397736, 0.2427072823047638, 0.20734931528568268, 0.1538318246603012, 0.15683430433273315, 0.219185933470726, 0.26853707432746887, 0.27623510360717773, 0.2209305763244629, 0.1582191437482834, 0.12235117703676224, 0.13443651795387268, 0.1681525856256485, 0.18406474590301514, 0.21261605620384216, 0.2747058570384979, 0.26574546098709106, 0.20950691401958466, 0.199457049369812, 0.2510886788368225, 0.313785195350647], "rhythm.beats_position": [0.5572788715362549, 1.1261677742004395, 1.6834466457366943, 2.240725517272949, 2.809614419937134, 3.3668932914733887, 3.912562370300293, 4.458230972290039, 4.992290019989014, 5.537959098815918, 6.083628177642822, 6.629296779632568, 7.163355827331543, 7.709024906158447, 8.243083953857422, 8.788752555847168, 9.334421157836914, 9.868480682373047, 10.425759315490723, 10.959818840026855, 11.493877410888672, 12.039546012878418, 12.58521556854248, 13.119274139404297, 13.676552772521973, 14.222222328186035, 14.767890930175781, 15.301949501037598, 15.84761905670166, 16.393287658691406, 16.93895721435547, 17.47301483154297, 18.0070743560791, 18.552743911743164, 19.098411560058594, 19.644081115722656, 20.17814064025879, 20.71219825744629, 21.25786781311035, 21.803537368774414, 22.337596893310547, 22.883264541625977, 23.42893409729004, 23.962993621826172, 24.52027130126953, 25.054330825805664, 25.588390350341797, 26.134057998657227, 26.67972755432129], "rhythm.bpm_histogram": [0.0, 0.0, 0.0, 0.0, 0.0, 0.0, 0.0, 0.0, 0.0, 0.0, 0.0, 0.0, 0.0, 0.0, 0.0, 0.0, 0.0, 0.0, 0.0, 0.0, 0.0, 0.0, 0.0, 0.0, 0.0, 0.0, 0.0, 0.0, 0.0, 0.0, 0.0, 0.0, 0.0, 0.0, 0.0, 0.0, 0.0, 0.0, 0.0, 0.0, 0.0, 0.0, 0.0, 0.0, 0.0, 0.0, 0.0, 0.0, 0.0, 0.0, 0.0, 0.0, 0.0, 0.0, 0.0, 0.0, 0.0, 0.0, 0.0, 0.0, 0.0, 0.0, 0.0, 0.0, 0.0, 0.0, 0.0, 0.0, 0.0, 0.0, 0.0, 0.0, 0.0, 0.0, 0.0, 0.0, 0.0, 0.0, 0.0, 0.0, 0.0, 0.0, 0.0, 0.0, 0.0, 0.0, 0.0, 0.0, 0.0, 0.0, 0.0, 0.0, 0.0, 0.0, 0.0, 0.0, 0.0, 0.0, 0.0, 0.0, 0.0, 0.0, 0.0, 0.0, 0.0, 0.0416666679084301, 0.0, 0.0, 0.125, 0.0, 0.5, 0.0, 0.3333333432674408, 0.0, 0.0, 0.0, 0.0, 0.0, 0.0, 0.0, 0.0, 0.0, 0.0, 0.0, 0.0, 0.0, 0.0, 0.0, 0.0, 0.0, 0.0, 0.0, 0.0, 0.0, 0.0, 0.0, 0.0, 0.0, 0.0, 0.0, 0.0, 0.0, 0.0, 0.0, 0.0, 0.0, 0.0, 0.0, 0.0, 0.0, 0.0, 0.0, 0.0, 0.0, 0.0, 0.0, 0.0, 0.0, 0.0, 0.0, 0.0, 0.0, 0.0, 0.0, 0.0, 0.0, 0.0, 0.0, 0.0, 0.0, 0.0, 0.0, 0.0, 0.0, 0.0, 0.0, 0.0, 0.0, 0.0, 0.0, 0.0, 0.0, 0.0, 0.0, 0.0, 0.0, 0.0, 0.0, 0.0, 0.0, 0.0, 0.0, 0.0, 0.0, 0.0, 0.0, 0.0, 0.0, 0.0, 0.0, 0.0, 0.0, 0.0, 0.0, 0.0, 0.0, 0.0, 0.0, 0.0, 0.0, 0.0, 0.0, 0.0, 0.0, 0.0, 0.0, 0.0, 0.0, 0.0, 0.0, 0.0, 0.0, 0.0, 0.0, 0.0, 0.0, 0.0, 0.0, 0.0, 0.0, 0.0, 0.0, 0.0, 0.0, 0.0, 0.0, 0.0, 0.0, 0.0, 0.0, 0.0, 0.0, 0.0, 0.0, 0.0, 0.0, 0.0, 0.0, 0.0, 0.0], "tonal.chords_histogram": [2.2108843326568604, 0.5102040767669678, 32.312923431396484, 6.292517185211182, 5.102040767669678, 0.17006802558898926, 1.8707482814788818, 0.0, 6.122448921203613, 0.0, 0.0, 0.0, 0.0, 0.0, 0.0, 0.0, 0.0, 0.0, 1.5306122303009033, 12.414965629577637, 9.013605117797852, 10.374149322509766, 4.591836929321289, 7.482993125915527], "tonal.thpcp": [1.0, 0.6903485655784607, 0.3035706579685211, 0.17529016733169556, 0.12791992723941803, 0.18326330184936523, 0.3346027433872223, 0.3570139408111572, 0.23114436864852905, 0.15285341441631317, 0.1186496764421463, 0.14108061790466309, 0.20131191611289978, 0.3122374713420868, 0.36247366666793823, 0.3431474268436432, 0.3214986026287079, 0.22551119327545166, 0.14431120455265045, 0.16164089739322662, 0.2841106653213501, 0.4584991931915283, 0.4575395882129669, 0.2806417644023895, 0.14918987452983856, 0.10208573192358017, 0.1198195368051529, 0.17570479214191437, 0.21318958699703217, 0.2678622007369995, 0.37771978974342346, 0.3591008484363556, 0.2572520971298218, 0.2548123896121979, 0.36262038350105286, 0.7258291840553284], "lowlevel.gfcc.cov": [[5178.814453125, -1268.903076171875, -293.7157287597656, 208.90048217773438, -1235.40283203125, 333.8392639160156, -232.413330078125, 87.54276275634766, -479.44580078125, 80.10724639892578, -251.40145874023438, -15.646098136901855, -134.01670837402344], [-1268.903076171875, 1404.21142578125, -493.8724365234375, -217.17152404785156, 521.6082763671875, -410.6127014160156, 389.6859436035156, -153.7261962890625, 239.60287475585938, -140.88763427734375, 254.17498779296875, -171.1179656982422, 165.02984619140625], [-293.7157287597656, -493.8724365234375, 778.5336303710938, 145.92674255371094, -84.99784088134766, 232.02020263671875, -319.03790283203125, 56.2304573059082, -12.343056678771973, 45.387054443359375, -98.79241943359375, 158.7198028564453, -94.99788665771484], [208.90048217773438, -217.17152404785156, 145.92674255371094, 278.0821838378906, -106.41690826416016, -2.9334561824798584, -166.46971130371094, -15.531991958618164, -11.67773151397705, -2.7086920738220215, -44.984519958496094, 25.905914306640625, 30.197694778442383], [-1235.40283203125, 521.6082763671875, -84.99784088134766, -106.41690826416016, 655.0578002929688, -132.34767150878906, 164.7821044921875, -25.699989318847656, 152.54367065429688, -1.6581871509552002, 79.38166809082031, -9.836420059204102, 67.07965850830078], [333.8392639160156, -410.6127014160156, 232.02020263671875, -2.9334561824798584, -132.34767150878906, 367.70343017578125, -39.305755615234375, -17.79623031616211, -99.89453125, 1.7648152112960815, -66.16790008544922, 54.48141860961914, -88.01886749267578], [-232.413330078125, 389.6859436035156, -319.03790283203125, -166.46971130371094, 164.7821044921875, -39.305755615234375, 365.9952697753906, -24.35774803161621, 22.388912200927734, -52.24629211425781, 92.25270080566406, -73.67518615722656, 15.248739242553711], [87.54276275634766, -153.7261962890625, 56.2304573059082, -15.531991958618164, -25.699989318847656, -17.79623031616211, -24.35774803161621, 153.83558654785156, 26.21653938293457, 33.023136138916016, -42.6370849609375, 2.8284947872161865, -21.548789978027344], [-479.44580078125, 239.60287475585938, -12.343056678771973, -11.67773151397705, 152.54367065429688, -99.89453125, 22.388912200927734, 26.21653938293457, 181.42794799804688, 22.78244972229004, 33.87638473510742, -34.82281494140625, 31.398208618164062], [80.10724639892578, -140.88763427734375, 45.387054443359375, -2.7086920738220215, -1.6581871509552002, 1.7648152112960815, -52.24629211425781, 33.023136138916016, 22.78244972229004, 115.89180755615234, -9.888801574707031, 17.95121192932129, -19.472436904907227], [-251.40145874023438, 254.17498779296875, -98.79241943359375, -44.984519958496094, 79.38166809082031, -66.16790008544922, 92.25270080566406, -42.6370849609375, 33.87638473510742, -9.888801574707031, 137.78518676757812, 13.158341407775879, 41.31688690185547], [-15.646098136901855, -171.1179656982422, 158.7198028564453, 25.905914306640625, -9.836420059204102, 54.48141860961914, -73.67518615722656, 2.8284947872161865, -34.82281494140625, 17.95121192932129, 13.158341407775879, 153.30758666992188, 22.283475875854492], [-134.01670837402344, 165.02984619140625, -94.99788665771484, 30.197694778442383, 67.07965850830078, -88.01886749267578, 15.248739242553711, -21.548789978027344, 31.398208618164062, -19.472436904907227, 41.31688690185547, 22.283475875854492, 123.36759948730469]], "lowlevel.gfcc.icov": [[0.0005626811762340367, -0.0004366412467788905, 0.0008255996508523822, -0.0006006699986755848, 0.0008397995843552053, -0.0006980658508837223, 0.0003085777279920876, -0.0007384872296825051, 0.0008820915827527642, -0.0008588235359638929, 0.0006317480583675206, -0.000527847558259964, 0.000380020122975111], [-0.0004366412467788905, 0.007656103000044823, -0.002413960872218013, 0.004539318848401308, -0.002189237391576171, 0.0056083002127707005, -0.0025584008544683456, 0.006421077996492386, -0.004796115681529045, 0.006439280230551958, -0.005196018144488335, 0.005958208814263344, -0.004155393224209547], [0.0008255996508523822, -0.002413960872218013, 0.005575855262577534, -0.0028310564812272787, 0.0009430321515537798, -0.004063068423420191, 0.003637536894530058, -0.0034919234458357096, 0.0006658716010861099, -0.001466803252696991, 0.0018810606561601162, -0.005084241274744272, 0.0045288363471627235], [-0.0006006699986755848, 0.004539318848401308, -0.0028310564812272787, 0.008765839971601963, -0.0010500868083909154, 0.0041552213951945305, 0.00012991715630050749, 0.00524838175624609, -0.0032048895955085754, 0.004600355867296457, -0.0022779174614697695, 0.0045514595694839954, -0.005131661891937256], [0.0008397995843552053, -0.002189237391576171, 0.0009430321515537798, -0.0010500868083909154, 0.004069500602781773, -0.001374676707200706, -0.000445203622803092, -0.0013315450632944703, 0.0005009019514545798, -0.002801360096782446, 0.002553812460973859, -0.0024420872796326876, 0.0004691364010795951], [-0.0006980658508837223, 0.0056083002127707005, -0.004063068423420191, 0.0041552213951945305, -0.001374676707200706, 0.009646430611610413, -0.0038907090201973915, 0.006783350370824337, -0.002559768268838525, 0.004650935530662537, -0.0019013736164197326, 0.003468179376795888, -0.001714837271720171], [0.0003085777279920876, -0.0025584008544683456, 0.003637536894530058, 0.00012991715630050749, -0.000445203622803092, -0.0038907090201973915, 0.00843023881316185, -0.0036450312472879887, 0.0017818690976127982, 0.0002581190492492169, -0.0015553866978734732, -0.0010099810315296054, 0.002604916924610734], [-0.0007384872296825051, 0.006421077996492386, -0.0034919234458357096, 0.00524838175624609, -0.0013315450632944703, 0.006783350370824337, -0.0036450312472879887, 0.014678888022899628, -0.006235568318516016, 0.0039043829310685396, -0.0006108925445005298, 0.0039293053559958935, -0.0030889923218637705], [0.0008820915827527642, -0.004796115681529045, 0.0006658716010861099, -0.0032048895955085754, 0.0005009019514545798, -0.002559768268838525, 0.0017818690976127982, -0.006235568318516016, 0.013425423763692379, -0.006646538153290749, 0.0013603671686723828, 0.0001678332919254899, 0.0003112716949544847], [-0.0008588235359638929, 0.006439280230551958, -0.001466803252696991, 0.004600355867296457, -0.002801360096782446, 0.004650935530662537, 0.0002581190492492169, 0.0039043829310685396, -0.006646538153290749, 0.016865817829966545, -0.005348108243197203, 0.0031414225231856108, -0.0007333941175602376], [0.0006317480583675206, -0.005196018144488335, 0.0018810606561601162, -0.0022779174614697695, 0.002553812460973859, -0.0019013736164197326, -0.0015553866978734732, -0.0006108925445005298, 0.0013603671686723828, -0.005348108243197203, 0.01660868152976036, -0.00792631134390831, 0.0016624178970232606], [-0.000527847558259964, 0.005958208814263344, -0.005084241274744272, 0.0045514595694839954, -0.0024420872796326876, 0.003468179376795888, -0.0010099810315296054, 0.0039293053559958935, 0.0001678332919254899, 0.0031414225231856108, -0.00792631134390831, 0.01732289418578148, -0.008980709128081799], [0.000380020122975111, -0.004155393224209547, 0.0045288363471627235, -0.005131661891937256, 0.0004691364010795951, -0.001714837271720171, 0.002604916924610734, -0.0030889923218637705, 0.0003112716949544847, -0.0007333941175602376, 0.0016624178970232606, -0.008980709128081799, 0.017351193353533745]], "lowlevel.mfcc.cov": [[4853.54931640625, -1436.7349853515625, 349.07952880859375, -205.46310424804688, -782.4688110351562, -32.581382751464844, -119.54486846923828, -63.93830490112305, -223.8253631591797, 2.482815742492676, -132.43653869628906, -262.68798828125, -9.33386516571045], [-1436.7349853515625, 1405.55126953125, -756.2731323242188, 156.61134338378906, 75.71483612060547, -69.86984252929688, 126.10887908935547, 28.185529708862305, 25.8665828704834, 99.04927825927734, 85.80660247802734, -19.482065200805664, 92.76547241210938], [349.07952880859375, -756.2731323242188, 884.1782836914062, -130.73223876953125, 60.0626335144043, 71.74605560302734, -121.34952545166016, -9.459190368652344, -14.738614082336426, -154.77456665039062, -31.222759246826172, 124.44477844238281, -119.7196273803711], [-205.46310424804688, 156.61134338378906, -130.73223876953125, 275.29144287109375, 62.916969299316406, -87.26469421386719, -72.5385971069336, -44.01061248779297, 17.524715423583984, 9.582074165344238, -49.212772369384766, 0.5772042274475098, 36.1972541809082], [-782.4688110351562, 75.71483612060547, 60.0626335144043, 62.916969299316406, 386.0264587402344, 9.563035011291504, -43.485042572021484, -17.175891876220703, 80.7578353881836, -3.6504738330841064, -23.807775497436523, 88.9283676147461, -9.506335258483887], [-32.581382751464844, -69.86984252929688, 71.74605560302734, -87.26469421386719, 9.563035011291504, 214.55796813964844, 61.221290588378906, 17.033859252929688, -17.489391326904297, -31.654306411743164, 24.614147186279297, -16.451923370361328, -51.417877197265625], [-119.54486846923828, 126.10887908935547, -121.34952545166016, -72.5385971069336, -43.485042572021484, 61.221290588378906, 185.8636932373047, 70.98065948486328, -23.180566787719727, 5.116147518157959, 32.65888595581055, -34.6089973449707, 10.649256706237793], [-63.93830490112305, 28.185529708862305, -9.459190368652344, -44.01061248779297, -17.175891876220703, 17.033859252929688, 70.98065948486328, 113.17594909667969, 10.302140235900879, -15.262417793273926, 15.226839065551758, -8.686918258666992, -2.1486775875091553], [-223.8253631591797, 25.8665828704834, -14.738614082336426, 17.524715423583984, 80.7578353881836, -17.489391326904297, -23.180566787719727, 10.302140235900879, 119.2498779296875, 36.34107208251953, 1.350995659828186, 26.02520179748535, -16.36849021911621], [2.482815742492676, 99.04927825927734, -154.77456665039062, 9.582074165344238, -3.6504738330841064, -31.654306411743164, 5.116147518157959, -15.262417793273926, 36.34107208251953, 153.10928344726562, 42.95054626464844, -37.533233642578125, 13.055941581726074], [-132.43653869628906, 85.80660247802734, -31.222759246826172, -49.212772369384766, -23.807775497436523, 24.614147186279297, 32.65888595581055, 15.226839065551758, 1.350995659828186, 42.95054626464844, 127.70775604248047, 8.10133171081543, -8.449755668640137], [-262.68798828125, -19.482065200805664, 124.44477844238281, 0.5772042274475098, 88.9283676147461, -16.451923370361328, -34.6089973449707, -8.686918258666992, 26.02520179748535, -37.533233642578125, 8.10133171081543, 132.73287963867188, -3.4045605659484863], [-9.33386516571045, 92.76547241210938, -119.7196273803711, 36.1972541809082, -9.506335258483887, -51.417877197265625, 10.649256706237793, -2.1486775875091553, -16.36849021911621, 13.055941581726074, -8.449755668640137, -3.4045605659484863, 117.29828643798828]], "lowlevel.mfcc.icov": [[0.0005868655862286687, 0.0006091943359933794, 0.00021871108037885278, 0.00020051767933182418, 0.000892605516128242, 9.189185220748186e-05, 0.00041351738036610186, 2.38088468904607e-05, 0.0004539957153610885, -0.00030310641159303486, 0.0004402432241477072, 0.00036457477835938334, -5.8834026276599616e-05], [0.0006091943359933794, 0.002262433059513569, 0.0017394768074154854, -0.00020573924120981246, 0.00045833972399123013, 0.000336257042363286, 6.218405906111002e-05, -0.00015946637722663581, 0.0007273036171682179, 0.0002226921496912837, -0.0005566817708313465, -0.0003898537252098322, 0.0002993681700900197], [0.00021871108037885278, 0.0017394768074154854, 0.003708014264702797, 0.0008601564331911504, -0.00019282841822132468, -1.7004795154207386e-05, 0.0016001518815755844, -0.0006240769289433956, 0.0010314977262169123, 0.0016740680439397693, -0.0003992695710621774, -0.0019455509027466178, 0.0018534461269155145], [0.00020051767933182418, -0.00020573924120981246, 0.0008601564331911504, 0.005796882789582014, -0.00047855413868092, 0.001292386557906866, 0.0021182915661484003, 0.000806243799161166, 0.00013414783461485058, 0.0006287042633630335, 0.0015387192834168673, 0.0006706782151013613, -0.0003030503576155752], [0.000892605516128242, 0.00045833972399123013, -0.00019282841822132468, -0.00047855413868092, 0.005285422783344984, -0.0009885957697406411, 0.0006405329331755638, 0.0003450919466558844, -0.0014020184753462672, -0.0010773094836622477, 0.0018104298505932093, -0.00160761340521276, -0.00038939196383580565], [9.189185220748186e-05, 0.000336257042363286, -1.7004795154207386e-05, 0.001292386557906866, -0.0009885957697406411, 0.007086244411766529, -0.0022731299977749586, 0.0012543069897219539, 0.0004441387427505106, 0.0018447348847985268, -0.0013390911044552922, 0.001849299413152039, 0.0023945632856339216], [0.00041351738036610186, 6.218405906111002e-05, 0.0016001518815755844, 0.0021182915661484003, 0.0006405329331755638, -0.0022731299977749586, 0.010889612138271332, -0.005442398134618998, 0.002348370850086212, -0.0002950330963358283, 1.1213858670089394e-05, 0.000528021773789078, -0.0006929559167474508], [2.38088468904607e-05, -0.00015946637722663581, -0.0006240769289433956, 0.000806243799161166, 0.0003450919466558844, 0.0012543069897219539, -0.005442398134618998, 0.013385914266109467, -0.003582825418561697, 0.0027631099801510572, -0.0010988827561959624, 0.0015302194515243173, -0.0002829112345352769], [0.0004539957153610885, 0.0007273036171682179, 0.0010314977262169123, 0.00013414783461485058, -0.0014020184753462672, 0.0004441387427505106, 0.002348370850086212, -0.003582825418561697, 0.013055370189249516, -0.004076485987752676, 0.001316096168011427, -0.0023169447667896748, 0.002577676670625806], [-0.00030310641159303486, 0.0002226921496912837, 0.0016740680439397693, 0.0006287042633630335, -0.0010773094836622477, 0.0018447348847985268, -0.0002950330963358283, 0.0027631099801510572, -0.004076485987752676, 0.011811773292720318, -0.004765459802001715, 0.0033446447923779488, -1.667145625106059e-05], [0.0004402432241477072, -0.0005566817708313465, -0.0003992695710621774, 0.0015387192834168673, 0.0018104298505932093, -0.0013390911044552922, 1.1213858670089394e-05, -0.0010988827561959624, 0.001316096168011427, -0.004765459802001715, 0.011673783883452415, -0.002593130571767688, 0.0006112722330726683], [0.00036457477835938334, -0.0003898537252098322, -0.0019455509027466178, 0.0006706782151013613, -0.00160761340521276, 0.001849299413152039, 0.000528021773789078, 0.0015302194515243173, -0.0023169447667896748, 0.0033446447923779488, -0.002593130571767688, 0.013078275136649609, -0.0016977055929601192], [-5.8834026276599616e-05, 0.0002993681700900197, 0.0018534461269155145, -0.0003030503576155752, -0.00038939196383580565, 0.0023945632856339216, -0.0006929559167474508, -0.0002829112345352769, 0.002577676670625806, -1.667145625106059e-05, 0.0006112722330726683, -0.0016977055929601192, 0.011701211333274841]], "metadata.audio_properties.analysis.downmix": "mix", "metadata.audio_properties.codec": "mp3", "metadata.audio_properties.md5_encoded": "1e692aa81e3697859162f018a437b543", "metadata.tags.file_name": "1182277181368434728.mp3", "metadata.version.essentia": "2.1-beta6-dev", "metadata.version.essentia_git_sha": "v2.1_beta5-1110-g77a6a954", "metadata.version.extractor": "music 2.0", "tonal.chords_key": "A", "tonal.chords_scale": "major", "tonal.key_edma.key": "D", "tonal.key_edma.scale": "major", "tonal.key_krumhansl.key": "D", "tonal.key_krumhansl.scale": "major", "tonal.key_temperley.key": "D", "tonal.key_temperley.scale": "major", "metadata.tags.encoding": ["Lavf58.45.100"]}, "essentia_models": [{"model_name": "genre_dortmund", "activations": {"alternative": "0.16872735", "blues": "0.0368535", "electronic": "0.04784496", "folkcountry": "0.104460776", "funksoulrnb": "0.074418664", "jazz": "0.057947908", "pop":