{"song_id": "1182271244075274290", "download": "https://cdn.discordapp.com/attachments/1135903449314238464/1182271244075274290/chirp.mp4?ex=658416e6&amp", "lyrics": "Intro:\nGululu, gululu, grab your brush, let's meet,\nIt's time for a dental cleaning treat!\n\nVerse 1:\nBrush on top, now brush below,\nGentle circles, round we go.\nInside, outside, don't forget the space,\nBrush every tooth, keep a happy face.\n\nChorus:\nTra la la, sing with glee,\nBrushing's fun for you and me.\nWave goodbye to tooth decay,\nSmile bright, hip hip hooray!", "style": ["happy song for kids"], "essentia_features": {"lowlevel.average_loudness": 0.967680811882019, "lowlevel.barkbands_crest.mean": 11.263269424438477, "lowlevel.barkbands_crest.stdev": 4.7244954109191895, "lowlevel.barkbands_flatness_db.mean": 0.1559421867132187, "lowlevel.barkbands_flatness_db.stdev": 0.06145649775862694, "lowlevel.barkbands_kurtosis.mean": 10.471613883972168, "lowlevel.barkbands_kurtosis.stdev": 27.784208297729492, "lowlevel.barkbands_skewness.mean": 1.7675085067749023, "lowlevel.barkbands_skewness.stdev": 2.1665127277374268, "lowlevel.barkbands_spread.mean": 19.936376571655273, "lowlevel.barkbands_spread.stdev": 17.881874084472656, "lowlevel.dissonance.mean": 0.45195242762565613, "lowlevel.dissonance.stdev": 0.03903255984187126, "lowlevel.dynamic_complexity": 4.229650497436523, "lowlevel.erbbands_crest.mean": 11.59902572631836, "lowlevel.erbbands_crest.stdev": 5.8866424560546875, "lowlevel.erbbands_flatness_db.mean": 0.1764277219772339, "lowlevel.erbbands_flatness_db.stdev": 0.05543403699994087, "lowlevel.erbbands_kurtosis.mean": 2.2666256427764893, "lowlevel.erbbands_kurtosis.stdev": 6.760921478271484, "lowlevel.erbbands_skewness.mean": 0.5346722602844238, "lowlevel.erbbands_skewness.stdev": 1.2772010564804077, "lowlevel.erbbands_spread.mean": 35.04839324951172, "lowlevel.erbbands_spread.stdev": 22.56416130065918, "lowlevel.hfc.mean": 18.836389541625977, "lowlevel.hfc.stdev": 23.084993362426758, "lowlevel.loudness_ebu128.integrated": -19.62568473815918, "lowlevel.loudness_ebu128.loudness_range": 3.269540786743164, "lowlevel.loudness_ebu128.momentary.mean": -20.06852149963379, "lowlevel.loudness_ebu128.momentary.stdev": 2.0188748836517334, "lowlevel.loudness_ebu128.short_term.mean": -19.699352264404297, "lowlevel.loudness_ebu128.short_term.stdev": 1.0400866270065308, "lowlevel.melbands_crest.mean": 15.996021270751953, "lowlevel.melbands_crest.stdev": 6.511331558227539, "lowlevel.melbands_flatness_db.mean": 0.21101906895637512, "lowlevel.melbands_flatness_db.stdev": 0.08351834118366241, "lowlevel.melbands_kurtosis.mean": 27.542842864990234, "lowlevel.melbands_kurtosis.stdev": 75.38323974609375, "lowlevel.melbands_skewness.mean": 2.906157970428467, "lowlevel.melbands_skewness.stdev": 3.0712709426879883, "lowlevel.melbands_spread.mean": 26.517772674560547, "lowlevel.melbands_spread.stdev": 33.74909210205078, "lowlevel.pitch_salience.mean": 0.5288175344467163, "lowlevel.pitch_salience.stdev": 0.12877075374126434, "lowlevel.silence_rate_20dB.mean": 1.0, "lowlevel.silence_rate_20dB.stdev": 0.0, "lowlevel.silence_rate_30dB.mean": 0.9391657114028931, "lowlevel.silence_rate_30dB.stdev": 0.23902533948421478, "lowlevel.silence_rate_60dB.mean": 0.1645422875881195, "lowlevel.silence_rate_60dB.stdev": 0.37076428532600403, "lowlevel.spectral_centroid.mean": 1408.8096923828125, "lowlevel.spectral_centroid.stdev": 1016.1637573242188, "lowlevel.spectral_complexity.mean": 12.578215599060059, "lowlevel.spectral_complexity.stdev": 9.973706245422363, "lowlevel.spectral_decrease.mean": -7.18362480611745e-09, "lowlevel.spectral_decrease.stdev": 1.0153880403152016e-08, "lowlevel.spectral_energy.mean": 0.028821196407079697, "lowlevel.spectral_energy.stdev": 0.03923884779214859, "lowlevel.spectral_energyband_high.mean": 0.0008300653425976634, "lowlevel.spectral_energyband_high.stdev": 0.0019813720136880875, "lowlevel.spectral_energyband_low.mean": 0.01180447917431593, "lowlevel.spectral_energyband_low.stdev": 0.03272482007741928, "lowlevel.spectral_energyband_middle_high.mean": 0.005095301661640406, "lowlevel.spectral_energyband_middle_high.stdev": 0.008343263529241085, "lowlevel.spectral_energyband_middle_low.mean": 0.011515302583575249, "lowlevel.spectral_energyband_middle_low.stdev": 0.013481015339493752, "lowlevel.spectral_entropy.mean": 7.51352596282959, "lowlevel.spectral_entropy.stdev": 0.5681686997413635, "lowlevel.spectral_flux.mean": 0.09449483454227448, "lowlevel.spectral_flux.stdev": 0.08420175313949585, "lowlevel.spectral_kurtosis.mean": 4.878270149230957, "lowlevel.spectral_kurtosis.stdev": 3.503784656524658, "lowlevel.spectral_rms.mean": 0.004397274926304817, "lowlevel.spectral_rms.stdev": 0.0029634826350957155, "lowlevel.spectral_rolloff.mean": 1955.5946044921875, "lowlevel.spectral_rolloff.stdev": 2611.664794921875, "lowlevel.spectral_skewness.mean": 1.6086714267730713, "lowlevel.spectral_skewness.stdev": 0.6008758544921875, "lowlevel.spectral_spread.mean": 4913408.0, "lowlevel.spectral_spread.stdev": 1879596.25, "lowlevel.spectral_strongpeak.mean": 1.067276120185852, "lowlevel.spectral_strongpeak.stdev": 1.2474323511123657, "lowlevel.zerocrossingrate.mean": 0.07673823833465576, "lowlevel.zerocrossingrate.stdev": 0.07189121097326279, "metadata.audio_properties.analysis.equal_loudness": 0.0, "metadata.audio_properties.analysis.length": 40.04265213012695, "metadata.audio_properties.analysis.sample_rate": 44100.0, "metadata.audio_properties.analysis.start_time": 0.0, "metadata.audio_properties.bit_rate": 122913.0, "metadata.audio_properties.length": 40.042667388916016, "metadata.audio_properties.lossless": 0.0, "metadata.audio_properties.number_channels": 1.0, "metadata.audio_properties.replay_gain": -7.946256637573242, "metadata.audio_properties.sample_rate": 48000.0, "rhythm.beats_count": 79.0, "rhythm.beats_loudness.mean": 0.05918733403086662, "rhythm.beats_loudness.stdev": 0.030433932319283485, "rhythm.bpm": 119.93234252929688, "rhythm.bpm_histogram_first_peak_bpm": 120.0, "rhythm.bpm_histogram_first_peak_weight": 0.2916666865348816, "rhythm.bpm_histogram_second_peak_bpm": 112.0, "rhythm.bpm_histogram_second_peak_spread": 0.5, "rhythm.bpm_histogram_second_peak_weight": 0.03846153989434242, "rhythm.danceability": 1.553070306777954, "rhythm.onset_rate": 4.269191741943359, "tonal.chords_changes_rate": 0.05671296268701553, "tonal.chords_number_rate": 0.009259259328246117, "tonal.chords_strength.mean": 0.5652887225151062, "tonal.chords_strength.stdev": 0.09379662573337555, "tonal.hpcp_crest.mean": 16.144540786743164, "tonal.hpcp_crest.stdev": 8.348780632019043, "tonal.hpcp_entropy.mean": 1.729183316230774, "tonal.hpcp_entropy.stdev": 0.8608517646789551, "tonal.key_edma.strength": 0.613565981388092, "tonal.key_krumhansl.strength": 0.6268877983093262, "tonal.key_temperley.strength": 0.6423827409744263, "tonal.tuning_diatonic_strength": 0.5934025049209595, "tonal.tuning_equal_tempered_deviation": 0.23177921772003174, "tonal.tuning_frequency": 434.193115234375, "tonal.tuning_nontempered_energy_ratio": 0.95194011926651, "lowlevel.barkbands.mean": [0.002042932901531458, 0.007601300720125437, 0.002007566625252366, 0.0008893173071555793, 0.002102723577991128, 0.003111878875643015, 0.001270752283744514, 0.0018653408624231815, 0.0017372332513332367, 0.0018296235939487815, 0.0010699653066694736, 0.0007488807896152139, 0.00034254061756655574, 0.00022354460088536143, 0.00026514832279644907, 0.00034024720662273467, 0.00018136471044272184, 0.00011970713239861652, 0.0001748296490404755, 0.00014638385619036853, 0.00013527256669476628, 0.0001284852478420362, 0.00012120119936298579, 0.00011529120820341632, 0.00018783840641845018, 5.789228453068063e-05, 3.921890765923308e-06], "lowlevel.barkbands.stdev": [0.005218876991420984, 0.023238014429807663, 0.006964949890971184, 0.0016749819042161107, 0.004653621930629015, 0.005010625813156366, 0.0035596319939941168, 0.004720727447420359, 0.004682511556893587, 0.0054188803769648075, 0.0031046427320688963, 0.0024543211329728365, 0.000958666147198528, 0.0006094822892919183, 0.0005505011649802327, 0.0006150318076834083, 0.00031399476574733853, 0.00019986451661679894, 0.00023911568860057741, 0.00021102467144373804, 0.00022296543465927243, 0.00022934668231755495, 0.0002447609731461853, 0.00045273566502146423, 0.0010196127695962787, 0.0001846243831096217, 9.182300345855765e-06], "lowlevel.erbbands.mean": [0.24650192260742188, 1.5549087524414062, 2.840114116668701, 2.70031476020813, 4.949841499328613, 6.114789009094238, 13.771228790283203, 32.482643127441406, 21.833600997924805, 22.876834869384766, 43.40021514892578, 42.05936813354492, 48.1667594909668, 51.808223724365234, 47.65562057495117, 33.23686981201172, 16.596712112426758, 12.896262168884277, 16.495344161987305, 14.024161338806152, 15.777445793151855, 8.762117385864258, 6.557798862457275, 8.346922874450684, 8.045454978942871, 6.8984375, 5.93743896484375, 5.05068826675415, 4.637466907501221, 4.682612895965576, 2.9860594272613525, 1.8070871829986572, 2.4248056411743164, 2.5314228534698486, 1.0515066385269165, 0.30761098861694336, 0.09521446377038956, 0.018850982189178467, 0.0004537623608484864, 4.8126501496881247e-05], "lowlevel.erbbands.stdev": [0.6909822225570679, 5.152822971343994, 9.609651565551758, 6.183727264404297, 14.528807640075684, 13.126952171325684, 22.213335037231445, 59.193965911865234, 54.991939544677734, 58.79582214355469, 118.6993179321289, 100.9271011352539, 165.98854064941406, 179.8779754638672, 112.50627899169922, 91.7674331665039, 40.917930603027344, 29.840669631958008, 34.931087493896484, 23.463239669799805, 24.736404418945312, 12.888641357421875, 10.5653715133667, 11.450214385986328, 11.708740234375, 9.886678695678711, 8.932950973510742, 8.944397926330566, 8.226298332214355, 8.658395767211914, 6.244401454925537, 5.403984069824219, 10.99016284942627, 14.105147361755371, 5.761767864227295, 1.2229692935943604, 0.28565824031829834, 0.04244084283709526, 0.001003608456812799, 6.430287612602115e-05], "lowlevel.gfcc.mean": [-40.54292678833008, 63.359195709228516, -118.05486297607422, 15.255071640014648, -68.76933288574219, 3.5631520748138428, -41.44989013671875, 6.55181360244751, -28.925029754638672, 5.855286121368408, -17.332901000976562, 6.084670543670654, -8.288942337036133], "lowlevel.melbands.mean": [0.002289864467456937, 0.0016938581829890609, 0.0005302712088450789, 0.0003974708670284599, 0.00045513964141719043, 0.0006716378265991807, 0.0003118353197351098, 0.0002684557985048741, 0.0003528113884385675, 0.00026099564274773, 0.00024009951448533684, 0.00021490252402145416, 0.00013745861360803246, 0.00011484717106213793, 4.625759174814448e-05, 3.840529825538397e-05, 2.1286543415044434e-05, 2.6609786800690927e-05, 1.5782732589286752e-05, 2.8460439352784306e-05, 1.5913285096758045e-05, 1.0328970347472932e-05, 5.924842753302073e-06, 5.608630544884363e-06, 6.877436135255266e-06, 6.557497727044392e-06, 4.843464921577834e-06, 4.560693469102262e-06, 3.836958057945594e-06, 3.3250285014219116e-06, 2.769244474620791e-06, 2.658252924447879e-06, 2.4356907033507014e-06, 2.71474641522218e-06, 1.8165271740144817e-06, 1.2228306331962813e-06, 1.0437846640343196e-06, 1.4912612869011355e-06, 2.1964901861792896e-06, 2.143732899639872e-06], "lowlevel.melbands.stdev": [0.00642935186624527, 0.005566592328250408, 0.0010778912110254169, 0.0010584230767562985, 0.0007005452644079924, 0.0011814660392701626, 0.0008041824912652373, 0.000703595404047519, 0.0010084542445838451, 0.0006500139716081321, 0.0008313363650813699, 0.0007551793241873384, 0.00034393661189824343, 0.0003467571223154664, 9.737718937685713e-05, 0.00011954875662922859, 5.369110294850543e-05, 5.965389573248103e-05, 3.1658204534323886e-05, 5.338024129741825e-05, 2.5004879717016593e-05, 1.7039914382621646e-05, 9.945425517798867e-06, 9.196767678076867e-06, 9.80387267190963e-06, 9.983225936593954e-06, 7.237510089908028e-06, 6.964648946450325e-06, 5.8284490478399675e-06, 5.662195690092631e-06, 5.230529041000409e-06, 4.785679266205989e-06, 4.768183316627983e-06, 5.152068752067862e-06, 3.7684931157855317e-06, 3.14629937747668e-06, 3.6407682273420505e-06, 6.230251074157422e-06, 1.1538098988239653e-05, 1.2384016372379847e-05], "lowlevel.melbands128.mean": [0.0017073977505788207, 0.002186260186135769, 0.002371144015341997, 0.0027881392743438482, 0.001833291258662939, 0.0008575650863349438, 0.0005304429796524346, 0.00041948919533751905, 0.0005534034571610391, 0.0003953273990191519, 0.00027418299578130245, 0.0004313105018809438, 0.00046323976130224764, 0.00047197204548865557, 0.0009966542711481452, 0.0005652441177517176, 0.00034688852610997856, 0.0003194499877281487, 0.00018907753110397607, 0.00023819514899514616, 0.00031486558145843446, 0.00031263616983778775, 0.0004591188335325569, 0.0002490958431735635, 0.0002394078328507021, 0.00030558567959815264, 0.0001945502299349755, 0.00025709145120345056, 0.00022949631966184825, 0.00028444136842153966, 0.0002112110232701525, 7.705682219238952e-05, 9.514464909443632e-05, 0.00026068833540193737, 7.754829857731238e-05, 0.00010701042629079893, 9.897089330479503e-05, 3.3754291507648304e-05, 2.1985091734677553e-05, 3.396259489818476e-05, 5.3948959248373285e-05, 2.3581460482091643e-05, 1.6190202586585656e-05, 2.450129613862373e-05, 2.0909066734020598e-05, 2.8158881832496263e-05, 3.471417949185707e-05, 1.1564134183572605e-05, 1.0667737114999909e-05, 1.2681553926086053e-05, 4.273337617632933e-05, 3.244809704483487e-05, 8.833892024995293e-06, 1.271756445930805e-05, 1.940022593771573e-05, 8.297021850012243e-06, 5.152610356162768e-06, 6.060499799787067e-06, 6.140812274679774e-06, 6.027456493029604e-06, 5.114999567013001e-06, 5.370107828639448e-06, 7.289412224054104e-06, 7.212358013930498e-06, 6.388552264979808e-06, 7.330118023674004e-06, 6.342514552670764e-06, 4.4039979911758564e-06, 4.921033905702643e-06, 4.859612545260461e-06, 3.978040695074014e-06, 5.079461971035926e-06, 4.241194801579695e-06, 3.6598657970898785e-06, 3.1737993140268372e-06, 3.5639150155475363e-06, 3.3759781672415556e-06, 2.704931830521673e-06, 2.861165967260604e-06, 2.5073964025068562e-06, 2.7792173113994068e-06, 2.809207444443018e-06, 2.2142571651784237e-06, 2.426038690828136e-06, 2.4607302293588873e-06, 2.9254999844852136e-06, 2.7676439913193462e-06, 2.399818640697049e-06, 1.6545297967240913e-06, 1.5543250810878817e-06, 1.3685147450814839e-06, 1.1612037269514985e-06, 9.299410521634854e-07, 9.782974075278617e-07, 1.1050093462472432e-06, 1.3013950592721812e-06, 1.4217981743058772e-06, 1.964274588317494e-06, 2.2272208752838196e-06, 2.313643562956713e-06, 2.4027954168559518e-06, 2.106824240399874e-06, 1.8633606941875769e-06, 1.6271974345727358e-06, 1.1122773457827861e-06, 7.956234071571089e-07, 7.519589644289226e-07, 6.909948524480569e-07, 5.182359359423572e-07, 3.3508914043522964e-07, 2.8313559141679434e-07, 2.8195438517286675e-07, 3.224457429951144e-07, 3.127778995803965e-07, 2.4063848513833364e-07, 2.1286712126311613e-07, 1.4570350970188883e-07, 2.8126896367552945e-08, 1.728221871166724e-10, 1.755076119158705e-11, 8.420228923833317e-12, 5.055183702196153e-12, 4.161168805361104e-12, 4.07090723977821e-12, 3.9345800922907515e-12, 3.7501330166223035e-12, 3.644026486809837e-12, 3.6120603036371435e-12], "lowlevel.melbands128.stdev": [0.004338801838457584, 0.005988020915538073, 0.007742950227111578, 0.00925110187381506, 0.006270064041018486, 0.002908057766035199, 0.001331467181444168, 0.000796175969298929, 0.0018480061553418636, 0.0014305845834314823, 0.0006619910127483308, 0.0009087609359994531, 0.001019369112327695, 0.0007908201077952981, 0.002000612672418356, 0.001295404159463942, 0.001095132320187986, 0.0011782714864239097, 0.0007426523370668292, 0.0007814900600351393, 0.0011031952453777194, 0.0010210570180788636, 0.0016041796188801527, 0.0012045501498505473, 0.0008137929253280163, 0.0009002694860100746, 0.001230773632414639, 0.001187928719446063, 0.0008610369986854494, 0.0010559996590018272, 0.0010587087599560618, 0.0005375336040742695, 0.00024901420692913234, 0.000727894133888185, 0.0004527638084255159, 0.0005194338737055659, 0.0002501839480828494, 0.00010421898332424462, 6.059847510186955e-05, 0.00011436802742537111, 0.00021221459610387683, 8.268812962342054e-05, 4.445814192877151e-05, 8.814392640488222e-05, 7.764262409182265e-05, 6.551687692990527e-05, 9.276292257709429e-05, 2.897883314290084e-05, 2.5767260012798943e-05, 2.996620605699718e-05, 8.500507829012349e-05, 7.123261457309127e-05, 2.1108860892127268e-05, 2.6863004677579738e-05, 4.894184530712664e-05, 1.5495930711040273e-05, 8.865515155775938e-06, 1.2317792425164953e-05, 1.2619370863831136e-05, 1.3641897567140404e-05, 9.786719601834193e-06, 1.0528134225751273e-05, 1.2649997188418638e-05, 1.1597936463658698e-05, 1.0838125490408856e-05, 1.3146306628186721e-05, 1.2173295544926077e-05, 8.675621756992768e-06, 7.856026059016585e-06, 8.092454663710669e-06, 7.270698915817775e-06, 9.070393389265519e-06, 7.412063041556394e-06, 6.385811047948664e-06, 5.672230145137291e-06, 6.73204158374574e-06, 6.51798109174706e-06, 5.946186320215929e-06, 5.963745479675708e-06, 5.079376023786608e-06, 5.391764716478065e-06, 5.663680440193275e-06, 4.526219072431559e-06, 5.281798621581402e-06, 5.307497758622048e-06, 5.612297627521912e-06, 5.766093636339065e-06, 5.512514235306298e-06, 3.665071290015476e-06, 3.6625406210077927e-06, 3.98829843106796e-06, 3.6836722756561358e-06, 2.2470992462331196e-06, 4.4739408622263e-06, 4.375736807560315e-06, 4.835447725781705e-06, 6.032574674463831e-06, 1.1563030966499355e-05, 1.196389985125279e-05, 1.319019247603137e-05, 1.5198876099020708e-05, 1.2408631846483331e-05, 1.1446618373156525e-05, 1.0740979632828385e-05, 7.4317217695352156e-06, 4.09424092140398e-06, 3.1679410312790424e-06, 3.019331188625074e-06, 2.508672650947119e-06, 1.024372522806516e-06, 8.118294090309064e-07, 9.306739912062767e-07, 1.119818193728861e-06, 9.732841590448515e-07, 6.624690627177188e-07, 4.624508562756091e-07, 3.3560749557182135e-07, 9.280310564463434e-08, 2.413356625652341e-09, 3.620981847696214e-10, 1.224031292990091e-10, 3.4142254995428445e-11, 9.148663597524642e-12, 8.974747160717111e-12, 8.831465940495331e-12, 8.720101897508048e-12, 8.638104120883838e-12, 8.587876069998668e-12], "lowlevel.mfcc.mean": [-687.0504760742188, 104.08694458007812, -1.5237879753112793, 13.034626007080078, -8.234837532043457, -3.8158042430877686, -5.1073713302612305, -4.543827533721924, -4.193131923675537, -3.548656940460205, -7.654006481170654, -4.256130218505859, 4.6061553955078125], "lowlevel.spectral_contrast_coeffs.mean": [-0.6581410765647888, -0.7117770910263062, -0.7518491148948669, -0.7969845533370972, -0.8060859441757202, -0.7576634287834167], "lowlevel.spectral_contrast_coeffs.stdev": [0.10718590766191483, 0.10276107490062714, 0.08667904138565063, 0.05295878276228905, 0.03796527162194252, 0.04499538615345955], "lowlevel.spectral_contrast_valleys.mean": [-7.8622541427612305, -7.308498859405518, -7.786406517028809, -8.08678913116455, -7.884847164154053, -10.595603942871094], "lowlevel.spectral_contrast_valleys.stdev": [1.4092421531677246, 1.1433162689208984, 1.1266452074050903, 1.0257517099380493, 0.9606855511665344, 1.111230731010437], "rhythm.beats_loudness_band_ratio.mean": [0.4491254985332489, 0.2051277905702591, 0.17924384772777557, 0.11888759583234787, 0.05595953390002251, 0.06508760154247284], "rhythm.beats_loudness_band_ratio.stdev": [0.30693042278289795, 0.2093178927898407, 0.17333263158798218, 0.13399071991443634, 0.05273478105664253, 0.14345769584178925], "tonal.hpcp.mean": [0.11477910727262497, 0.11119470745325089, 0.06637334823608398, 0.05615975707769394, 0.05691918730735779, 0.0461665578186512, 0.05969228968024254, 0.07306364178657532, 0.08547591418027878, 0.19882628321647644, 0.24951398372650146, 0.12748776376247406, 0.051433444023132324, 0.05141826346516609, 0.07259773463010788, 0.24286992847919464, 0.3065364956855774, 0.15169593691825867, 0.07905098050832748, 0.07246746122837067, 0.0600423626601696, 0.05801085755228996, 0.06532751023769379, 0.10832709819078445, 0.2942984700202942, 0.32104554772377014, 0.12534259259700775, 0.04803955554962158, 0.04847007244825363, 0.056626252830028534, 0.09884157031774521, 0.12210293114185333, 0.10693174600601196, 0.09051910042762756, 0.08471263945102692, 0.09031794965267181], "tonal.hpcp.stdev": [0.20043045282363892, 0.1951257437467575, 0.15552498400211334, 0.15992611646652222, 0.16273167729377747, 0.13104067742824554, 0.1573338657617569, 0.18926693499088287, 0.18326307833194733, 0.26799798011779785, 0.31973302364349365, 0.21649736166000366, 0.14908167719841003, 0.15381532907485962, 0.1709892302751541, 0.3304257392883301, 0.40151238441467285, 0.23021097481250763, 0.18313127756118774, 0.1867971420288086, 0.16972175240516663, 0.16174177825450897, 0.1741655468940735, 0.20658764243125916, 0.3540228009223938, 0.3821185231208801, 0.20706330239772797, 0.13151419162750244, 0.13514389097690582, 0.15359508991241455, 0.21330004930496216, 0.24428638815879822, 0.22636887431144714, 0.21041502058506012, 0.19396570324897766, 0.20111751556396484], "rhythm.beats_position": [0.4876190423965454, 0.9868480563163757, 1.486077070236206, 1.9853061437606812, 2.4845352172851562, 2.9953742027282715, 3.494603157043457, 4.017052173614502, 4.551111221313477, 5.085169792175293, 5.619228839874268, 6.164897918701172, 6.710566997528076, 7.221405982971191, 7.732244968414307, 8.231473922729492, 8.73070240020752, 9.241541862487793, 9.75238037109375, 10.239999771118164, 10.727619171142578, 11.238457679748535, 11.737687110900879, 12.236915588378906, 12.73614501953125, 13.235373497009277, 13.734602928161621, 14.233832359313965, 14.733060836791992, 15.232290267944336, 15.731518745422363, 16.23074722290039, 16.741586685180664, 17.229206085205078, 17.74004554748535, 18.239274978637695, 18.738502502441406, 19.23773193359375, 19.736961364746094, 20.236190795898438, 20.73541831970215, 21.234647750854492, 21.733877182006836, 22.23310661315918, 22.732336044311523, 23.231563568115234, 23.730792999267578, 24.230022430419922, 24.729251861572266, 25.240089416503906, 25.73931884765625, 26.238548278808594, 26.726167678833008, 27.23700714111328, 27.736234664916992, 28.235464096069336, 28.73469352722168, 29.233922958374023, 29.733150482177734, 30.232379913330078, 30.731609344482422, 31.230838775634766, 31.73006820678711, 32.22929763793945, 32.7285270690918, 33.227752685546875, 33.73859405517578, 34.237823486328125, 34.73705291748047, 35.23628234863281, 35.73550796508789, 36.234737396240234, 36.73396682739258, 37.244808197021484, 37.732425689697266, 38.243263244628906, 38.73088455200195, 39.241722106933594, 39.72934341430664], "rhythm.bpm_histogram": [0.0, 0.0, 0.0, 0.0, 0.0, 0.0, 0.0, 0.0, 0.0, 0.0, 0.0, 0.0, 0.0, 0.0, 0.0, 0.0, 0.0, 0.0, 0.0, 0.0, 0.0, 0.0, 0.0, 0.0, 0.0, 0.0, 0.0, 0.0, 0.0, 0.0, 0.0, 0.0, 0.0, 0.0, 0.0, 0.0, 0.0, 0.0, 0.0, 0.0, 0.0, 0.0, 0.0, 0.0, 0.0, 0.0, 0.0, 0.0, 0.0, 0.0, 0.0, 0.0, 0.0, 0.0, 0.0, 0.0, 0.0, 0.0, 0.0, 0.0, 0.0, 0.0, 0.0, 0.0, 0.0, 0.0, 0.0, 0.0, 0.0, 0.0, 0.0, 0.0, 0.0, 0.0, 0.0, 0.0, 0.0, 0.0, 0.0, 0.0, 0.0, 0.0, 0.0, 0.0, 0.0, 0.0, 0.0, 0.0, 0.0, 0.0, 0.0, 0.0, 0.0, 0.0, 0.0, 0.0, 0.0, 0.0, 0.0, 0.0, 0.0, 0.0, 0.0, 0.0, 0.0, 0.0, 0.0, 0.0, 0.0, 0.0, 0.025641025975346565, 0.0, 0.03846153989434242, 0.0, 0.0, 0.012820512987673283, 0.0, 0.1794871836900711, 0.0, 0.0, 0.6538461446762085, 0.0, 0.0, 0.08974359184503555, 0.0, 0.0, 0.0, 0.0, 0.0, 0.0, 0.0, 0.0, 0.0, 0.0, 0.0, 0.0, 0.0, 0.0, 0.0, 0.0, 0.0, 0.0, 0.0, 0.0, 0.0, 0.0, 0.0, 0.0, 0.0, 0.0, 0.0, 0.0, 0.0, 0.0, 0.0, 0.0, 0.0, 0.0, 0.0, 0.0, 0.0, 0.0, 0.0, 0.0, 0.0, 0.0, 0.0, 0.0, 0.0, 0.0, 0.0, 0.0, 0.0, 0.0, 0.0, 0.0, 0.0, 0.0, 0.0, 0.0, 0.0, 0.0, 0.0, 0.0, 0.0, 0.0, 0.0, 0.0, 0.0, 0.0, 0.0, 0.0, 0.0, 0.0, 0.0, 0.0, 0.0, 0.0, 0.0, 0.0, 0.0, 0.0, 0.0, 0.0, 0.0, 0.0, 0.0, 0.0, 0.0, 0.0, 0.0, 0.0, 0.0, 0.0, 0.0, 0.0, 0.0, 0.0, 0.0, 0.0, 0.0, 0.0, 0.0, 0.0, 0.0, 0.0, 0.0, 0.0, 0.0, 0.0, 0.0, 0.0, 0.0, 0.0, 0.0, 0.0, 0.0, 0.0, 0.0, 0.0, 0.0, 0.0, 0.0, 0.0, 0.0, 0.0, 0.0, 0.0, 0.0, 0.0], "tonal.chords_histogram": [11.342592239379883, 0.0, 0.46296295523643494, 0.0, 9.837963104248047, 2.6620371341705322, 9.722222328186035, 0.0, 0.0, 0.0, 0.0, 0.0, 0.0, 0.0, 0.0, 0.0, 0.0, 47.685184478759766, 0.0, 0.0, 0.0, 2.777777671813965, 1.8518518209457397, 13.657407760620117], "tonal.thpcp": [1.0, 0.39041996002197266, 0.1496347039937973, 0.15097568929195404, 0.17638073861598969, 0.30787399411201477, 0.3803289830684662, 0.3330734372138977, 0.2819509506225586, 0.2638648748397827, 0.2813244163990021, 0.3575165867805481, 0.3463518023490906, 0.20674121379852295, 0.1749276965856552, 0.17729318141937256, 0.14380064606666565, 0.18593090772628784, 0.22758029401302338, 0.2662423253059387, 0.6193086504936218, 0.7771918773651123, 0.3971017897129059, 0.16020606458187103, 0.16015878319740295, 0.22612908482551575, 0.756496787071228, 0.9548068642616272, 0.47250595688819885, 0.24622979760169983, 0.2257232964038849, 0.18702131509780884, 0.18069353699684143, 0.20348362624645233, 0.337419718503952, 0.9166876077651978], "lowlevel.gfcc.cov": [[8927.01953125, 70.58599090576172, 79.59757232666016, -505.845458984375, 100.5320053100586, 92.51868438720703, 350.69873046875, 114.35372161865234, -55.07200622558594, 92.64450073242188, -372.8811950683594, 147.68310546875, -264.5160217285156], [70.58599090576172, 2980.08349609375, 96.91535186767578, -244.64208984375, 495.2129211425781, -81.83624267578125, 343.8540954589844, -87.06180572509766, 69.50711059570312, -139.3048858642578, 115.89273834228516, -139.99420166015625, 127.81448364257812], [79.59757232666016, 96.91535186767578, 1442.8004150390625, 742.6034545898438, 520.345458984375, 430.92364501953125, 253.9059295654297, 231.13796997070312, 57.78611755371094, 179.6497039794922, 49.8470458984375, -55.64509201049805, -124.54988861083984], [-505.845458984375, -244.64208984375, 742.6034545898438, 1040.4735107421875, 461.31884765625, 412.6398620605469, 205.91708374023438, 163.76734924316406, 119.47250366210938, 53.928794860839844, 35.14711380004883, -38.31681442260742, -58.56626892089844], [100.5320053100586, 495.2129211425781, 520.345458984375, 461.31884765625, 659.6790771484375, 342.5310363769531, 311.208251953125, 172.861083984375, 112.57037353515625, 56.85954284667969, 14.31061840057373, -26.975046157836914, -22.146759033203125], [92.51868438720703, -81.83624267578125, 430.92364501953125, 412.6398620605469, 342.5310363769531, 514.9850463867188, 292.24468994140625, 128.74050903320312, 92.36903381347656, 61.646934509277344, -13.605210304260254, -34.84947967529297, -54.281063079833984], [350.69873046875, 343.8540954589844, 253.9059295654297, 205.91708374023438, 311.208251953125, 292.24468994140625, 407.85528564453125, 167.9829559326172, 113.59427642822266, 49.24658966064453, 0.2599993050098419, -47.99843215942383, -54.54951858520508], [114.35372161865234, -87.06180572509766, 231.13796997070312, 163.76734924316406, 172.861083984375, 128.74050903320312, 167.9829559326172, 243.82240295410156, 110.54450225830078, 83.72016906738281, 1.0344685316085815, -20.904226303100586, -36.862186431884766], [-55.07200622558594, 69.50711059570312, 57.78611755371094, 119.47250366210938, 112.57037353515625, 92.36903381347656, 113.59427642822266, 110.54450225830078, 166.60693359375, 66.96107482910156, 18.294599533081055, -16.120731353759766, 4.269401550292969], [92.64450073242188, -139.3048858642578, 179.6497039794922, 53.928794860839844, 56.85954284667969, 61.646934509277344, 49.24658966064453, 83.72016906738281, 66.96107482910156, 158.38092041015625, 46.009864807128906, 10.054413795471191, -29.618289947509766], [-372.8811950683594, 115.89273834228516, 49.8470458984375, 35.14711380004883, 14.31061840057373, -13.605210304260254, 0.2599993050098419, 1.0344685316085815, 18.294599533081055, 46.009864807128906, 126.57659149169922, 32.37763214111328, 28.845205307006836], [147.68310546875, -139.99420166015625, -55.64509201049805, -38.31681442260742, -26.975046157836914, -34.84947967529297, -47.99843215942383, -20.904226303100586, -16.120731353759766, 10.054413795471191, 32.37763214111328, 116.29374694824219, 46.76190948486328], [-264.5160217285156, 127.81448364257812, -124.54988861083984, -58.56626892089844, -22.146759033203125, -54.281063079833984, -54.54951858520508, -36.862186431884766, 4.269401550292969, -29.618289947509766, 28.845205307006836, 46.76190948486328, 120.44895935058594]], "lowlevel.gfcc.icov": [[0.0001867723185569048, -0.0001014211229630746, -5.768638857261976e-06, 4.951644950779155e-05, 7.668408215977252e-05, 3.712864099725266e-06, -0.00015916125266812742, -2.951965325337369e-05, 8.710210386198014e-05, -0.00029877855558879673, 0.0008059818646870553, -0.0007881633355282247, 0.0005069741746410728], [-0.0001014211229630746, 0.0012338274391368032, -0.0005497349775396287, 0.0008858985383994877, -0.0013657286763191223, 0.0011832047021016479, -0.0013546838890761137, 0.0015740771777927876, -0.0010495355818420649, 0.001648357487283647, -0.001864876365289092, 0.0022386210039258003, -0.001499352976679802], [-5.768638857261976e-06, -0.0005497349775396287, 0.001947508193552494, -0.0011963807046413422, -7.475583515770268e-06, -0.0009208253468386829, 0.0009009177447296679, -0.0014128322945907712, 0.002050289884209633, -0.002213054336607456, 0.00032086376450024545, -0.00028383167227730155, 0.0009785465663298965], [4.951644950779155e-05, 0.0008858985383994877, -0.0011963807046413422, 0.0029396824538707733, -0.0016575217014178634, -0.00020865266560576856, -0.00012017817789455876, 0.0009722094982862473, -0.0021371920593082905, 0.0026427125558257103, -0.001764229848049581, 0.001069104764610529, -6.172560097184032e-05], [7.668408215977252e-05, -0.0013657286763191223, -7.475583515770268e-06, -0.0016575217014178634, 0.005024859681725502, -0.0016854007262736559, -0.00019933066505473107, -0.002013074466958642, 0.0008961685816757381, -0.0014869029400870204, 0.0021988190710544586, -0.0025690561160445213, 0.00033541498123668134], [3.712864099725266e-06, 0.0011832047021016479, -0.0009208253468386829, -0.00020865266560576856, -0.0016854007262736559, 0.006005648523569107, -0.00418078200891614, 0.002594429301097989, -0.0010910133132711053, 0.00040667105349712074, 0.0001501112274127081, 0.001414870610460639, -0.00145043118391186], [-0.00015916125266812742, -0.0013546838890761137, 0.0009009177447296679, -0.00012017817789455876, -0.00019933066505473107, -0.00418078200891614, 0.00851942878216505, -0.0041160015389323235, -0.0004826603690162301, 0.00010005301737692207, -0.0004363006155472249, -0.0007511542644351721, 0.003076881170272827], [-2.951965325337369e-05, 0.0015740771777927876, -0.0014128322945907712, 0.0009722094982862473, -0.002013074466958642, 0.002594429301097989, -0.0041160015389323235, 0.01045731920748949, -0.004804716911166906, -6.206079706316814e-05, -0.0003411367360968143, 0.0019477327587082982, -0.0011074653593823314], [8.710210386198014e-05, -0.0010495355818420649, 0.002050289884209633, -0.0021371920593082905, 0.0008961685816757381, -0.0010910133132711053, -0.0004826603690162301, -0.004804716911166906, 0.013283162377774715, -0.006306513212621212, 0.0015628727851435542, 0.0005770064308308065, -0.0022498841863125563], [-0.00029877855558879673, 0.001648357487283647, -0.002213054336607456, 0.0026427125558257103, -0.0014869029400870204, 0.00040667105349712074, 0.00010005301737692207, -6.206079706316814e-05, -0.006306513212621212, 0.014945494011044502, -0.007244307082146406, 0.0011426283745095134, 0.0017173591768369079], [0.0008059818646870553, -0.001864876365289092, 0.00032086376450024545, -0.001764229848049581, 0.0021988190710544586, 0.0001501112274127081, -0.0004363006155472249, -0.0003411367360968143, 0.0015628727851435542, -0.007244307082146406, 0.016272973269224167, -0.007262671831995249, 0.00047858463949523866], [-0.0007881633355282247, 0.0022386210039258003, -0.00028383167227730155, 0.001069104764610529, -0.0025690561160445213, 0.001414870610460639, -0.0007511542644351721, 0.0019477327587082982, 0.0005770064308308065, 0.0011426283745095134, -0.007262671831995249, 0.017738284543156624, -0.008345645852386951], [0.0005069741746410728, -0.001499352976679802, 0.0009785465663298965, -6.172560097184032e-05, 0.00033541498123668134, -0.00145043118391186, 0.003076881170272827, -0.0011074653593823314, -0.0022498841863125563, 0.0017173591768369079, 0.00047858463949523866, -0.008345645852386951, 0.016078554093837738]], "lowlevel.mfcc.cov": [[8763.9951171875, 267.4706115722656, -456.3561706542969, -378.55938720703125, -451.0340576171875, 26.552772521972656, -62.757144927978516, 150.29071044921875, 142.32113647460938, 38.030975341796875, 10.340827941894531, -102.29312133789062, -116.21503448486328], [267.4706115722656, 2820.41943359375, -229.4007110595703, 7.769340991973877, -31.96504020690918, -16.93384552001953, 163.0589599609375, 26.042238235473633, 15.734579086303711, 40.89888000488281, -65.787353515625, 13.341885566711426, -65.54925537109375], [-456.3561706542969, -229.4007110595703, 954.5943603515625, 394.3739929199219, 368.7044982910156, 282.4716491699219, 274.9684143066406, 98.82848358154297, 109.89007568359375, 106.40387725830078, 190.21649169921875, 107.93074035644531, 32.6627197265625], [-378.55938720703125, 7.769340991973877, 394.3739929199219, 604.7593383789062, 378.4302062988281, 219.74111938476562, 208.60060119628906, 158.70619201660156, 127.21912384033203, 92.35334777832031, 111.15087127685547, 100.83403015136719, 51.743900299072266], [-451.0340576171875, -31.96504020690918, 368.7044982910156, 378.4302062988281, 477.6376953125, 256.7888488769531, 211.89747619628906, 135.97439575195312, 145.27490234375, 78.2221908569336, 97.33959197998047, 97.26087188720703, 66.47159576416016], [26.552772521972656, -16.93384552001953, 282.4716491699219, 219.74111938476562, 256.7888488769531, 459.4720153808594, 256.56097412109375, 196.22080993652344, 156.47335815429688, 119.4824447631836, 123.03153991699219, 66.59709167480469, 35.847930908203125], [-62.757144927978516, 163.0589599609375, 274.9684143066406, 208.60060119628906, 211.89747619628906, 256.56097412109375, 338.86474609375, 186.94970703125, 150.75765991210938, 131.5044403076172, 148.74313354492188, 76.06192779541016, 18.261215209960938], [150.29071044921875, 26.042238235473633, 98.82848358154297, 158.70619201660156, 135.97439575195312, 196.22080993652344, 186.94970703125, 250.66705322265625, 170.53619384765625, 99.77949523925781, 84.5433120727539, 63.169193267822266, 22.210243225097656], [142.32113647460938, 15.734579086303711, 109.89007568359375, 127.21912384033203, 145.27490234375, 156.47335815429688, 150.75765991210938, 170.53619384765625, 241.2221221923828, 145.5460662841797, 108.030517578125, 62.30460739135742, 32.53860855102539], [38.030975341796875, 40.89888000488281, 106.40387725830078, 92.35334777832031, 78.2221908569336, 119.4824447631836, 131.5044403076172, 99.77949523925781, 145.5460662841797, 204.939453125, 152.5455780029297, 47.63380432128906, -2.3462352752685547], [10.340827941894531, -65.787353515625, 190.21649169921875, 111.15087127685547, 97.33959197998047, 123.03153991699219, 148.74313354492188, 84.5433120727539, 108.030517578125, 152.5455780029297, 214.31324768066406, 84.33284759521484, 2.4111828804016113], [-102.29312133789062, 13.341885566711426, 107.93074035644531, 100.83403015136719, 97.26087188720703, 66.59709167480469, 76.06192779541016, 63.169193267822266, 62.30460739135742, 47.63380432128906, 84.33284759521484, 127.04546356201172, 67.46424102783203], [-116.21503448486328, -65.54925537109375, 32.6627197265625, 51.743900299072266, 66.47159576416016, 35.847930908203125, 18.261215209960938, 22.210243225097656, 32.53860855102539, -2.3462352752685547, 2.4111828804016113, 67.46424102783203, 135.10472106933594]], "lowlevel.mfcc.icov": [[0.00013132207095623016, -1.6865324141690508e-05, 1.8783848645398393e-05, 1.492997307650512e-05, 0.00016555773618165404, -7.806104986229911e-05, 7.445938535965979e-05, -9.834465163294226e-05, -0.00018032158550340682, 0.00015112727123778313, -0.0001353343395749107, 9.91843844531104e-05, 3.882109740516171e-05], [-1.6865324141690508e-05, 0.0004511794541031122, 0.00019344143220223486, -8.581556903664023e-05, 6.373439828166738e-05, 8.679683378431946e-05, -0.0007275637472048402, 0.00038306560600176454, 6.706227395625319e-06, -0.00040346404421143234, 0.0008252541883848608, -0.0006597831379622221, 0.00047758425353094935], [1.8783848645398393e-05, 0.00019344143220223486, 0.002034854143857956, -0.0006587120587937534, -0.0005339045310392976, -0.0003828041662927717, -0.0011022386606782675, 0.0011752350255846977, -8.725542284082621e-05, 0.0005438583320938051, -0.0008607102790847421, -0.0003284093691036105, 0.00040019297739490867], [1.492997307650512e-05, -8.581556903664023e-05, -0.0006587120587937534, 0.003776820842176676, -0.002478101057931781, 0.0004015182494185865, 0.00028078118339180946, -0.0016643931157886982, 0.0010287642944604158, -0.0007141142850741744, 7.077788905007765e-05, -0.00031699222745373845, -7.082150114001706e-05], [0.00016555773618165404, 6.373439828166738e-05, -0.0005339045310392976, -0.002478101057931781, 0.006110594142228365, -0.001483781961724162, -0.0010331087978556752, 0.001514900359325111, -0.002458019647747278, 0.001246520085260272, 0.0007388724479824305, -0.001059056492522359, -0.00034133082954213023], [-7.806104986229911e-05, 8.679683378431946e-05, -0.0003828041662927717, 0.0004015182494185865, -0.001483781961724162, 0.004795159213244915, -0.0017095610965043306, -0.002014848869293928, 0.0006017820560373366, -0.0007193604251369834, -0.00012374669313430786, 0.0010295500978827477, -0.0007355902343988419], [7.445938535965979e-05, -0.0007275637472048402, -0.0011022386606782675, 0.00028078118339180946, -0.0010331087978556752, -0.0017095610965043306, 0.009385639801621437, -0.0043161907233297825, 0.0006179866031743586, -6.867187767056748e-05, -0.0035819383338093758, 0.0014494257047772408, -0.0005370258586481214], [-9.834465163294226e-05, 0.00038306560600176454, 0.0011752350255846977, -0.0016643931157886982, 0.001514900359325111, -0.002014848869293928, -0.0043161907233297825, 0.0123469028621912, -0.006297430023550987, 0.0010133761679753661, 0.00225040758959949, -0.003260161029174924, 0.0019195718923583627], [-0.00018032158550340682, 6.706227395625319e-06, -8.725542284082621e-05, 0.0010287642944604158, -0.002458019647747278, 0.0006017820560373366, 0.0006179866031743586, -0.006297430023550987, 0.012978780083358288, -0.006965257693082094, 0.0007426367374137044, 0.00019033366697840393, -0.0018784359563142061], [0.00015112727123778313, -0.00040346404421143234, 0.0005438583320938051, -0.0007141142850741744, 0.001246520085260272, -0.0007193604251369834, -6.867187767056748e-05, 0.0010133761679753661, -0.006965257693082094, 0.016057699918746948, -0.009924229234457016, 0.003192867385223508, 3.567205567378551e-05], [-0.0001353343395749107, 0.0008252541883848608, -0.0008607102790847421, 7.077788905007765e-05, 0.0007388724479824305, -0.00012374669313430786, -0.0035819383338093758, 0.00225040758959949, 0.0007426367374137044, -0.009924229234457016, 0.017339074984192848, -0.009430537931621075, 0.004296930972486734], [9.91843844531104e-05, -0.0006597831379622221, -0.0003284093691036105, -0.00031699222745373845, -0.001059056492522359, 0.0010295500978827477, 0.0014494257047772408, -0.003260161029174924, 0.00019033366697840393, 0.003192867385223508, -0.009430537931621075, 0.01926444098353386, -0.008887816220521927], [3.882109740516171e-05, 0.00047758425353094935, 0.00040019297739490867, -7.082150114001706e-05, -0.00034133082954213023, -0.0007355902343988419, -0.0005370258586481214, 0.0019195718923583627, -0.0018784359563142061, 3.567205567378551e-05, 0.004296930972486734, -0.008887816220521927, 0.012531725689768791]], "metadata.audio_properties.analysis.downmix": "mix", "metadata.audio_properties.codec": "mp3", "metadata.audio_properties.md5_encoded": "5de6bb7c485faba79f5b09a3a32911d6", "metadata.tags.file_name": "1182271244075274290.mp3", "metadata.version.essentia": "2.1-beta6-dev", "metadata.vers