{"song_id": "1182273342904991744", "download": "https://cdn.discordapp.com/attachments/1128313332273782784/1182273342904991744/chirp.mp4?ex=658418da&amp", "lyrics": "\u041a\u0430\u0436\u0434\u044b\u0439 \u0434\u0435\u043d\u044c, \u043a\u043e\u0433\u0434\u0430 \u044f \u043f\u0440\u043e\u0441\u044b\u043f\u0430\u044e\u0441\u044c \u0440\u044f\u0434\u043e\u043c \u0441 \u0442\u043e\u0431\u043e\u0439,\n\u041f\u043e\u043d\u0438\u043c\u0430\u044e, \u043d\u0430\u0441\u043a\u043e\u043b\u044c\u043a\u043e \u0441\u0447\u0430\u0441\u0442\u043b\u0438\u0432\u0430 \u044f \u0432 \u044d\u0442\u043e\u043c \u043c\u0438\u0440\u0435.\n\u0422\u044b - \u043c\u043e\u0439 \u043a\u0430\u043c\u0435\u043d\u044c \u043e\u043f\u043e\u0440\u044b, \u043c\u043e\u0439 \u043b\u0443\u0447\u0448\u0438\u0439 \u0434\u0440\u0443\u0433,\n\u0421 \u0442\u043e\u0431\u043e\u0439 \u044f \u0432\u0441\u0435\u0433\u0434\u0430 \u0447\u0443\u0432\u0441\u0442\u0432\u0443\u044e \u0441\u0435\u0431\u044f \u043d\u0430 \u0432\u044b\u0441\u043e\u0442\u0435.\u044d\u044d\u044d\u044d\u044d\u044d\u044d\u044d\u044d\u044d\n\n(Chorus)\n\u0410\u0430\u0430\u0430\u0430\u0430\u0430 \u0410\u043b\u0438\u0447\u043a\u0430, \u043c\u043e\u044f \u043b\u044e\u0431\u043e\u0432\u044c,\n\u0422\u044b - \u043c\u043e\u0435 \u0441\u0447\u0430\u0441\u0442\u044c\u0435 \u0435\u0435\u0435, \u043c\u043e\u0439 \u0443\u044e\u0442.\n\u0417\u0430 \u0442\u0432\u043e\u044e \u043d\u0435\u0436\u043d\u043e\u0441\u0442\u044c \u0438 \u043b\u0430\u0441\u043a\u0443,\n\u042f \u0431\u043b\u0430\u0433\u043e\u0434\u0430\u0440\u044e \u043a\u0430\u0436\u0434\u044b\u0439 \u0434\u0435\u043d\u044c.\u044d\u044d\u044d\u044d\u044d\u044d\u044d", "style": ["Popmusic"], "essentia_features": {"lowlevel.average_loudness": 0.9820541739463806, "lowlevel.barkbands_crest.mean": 16.191280364990234, "lowlevel.barkbands_crest.stdev": 5.73150110244751, "lowlevel.barkbands_flatness_db.mean": 0.2264585942029953, "lowlevel.barkbands_flatness_db.stdev": 0.0908544585108757, "lowlevel.barkbands_kurtosis.mean": 38.46454620361328, "lowlevel.barkbands_kurtosis.stdev": 75.30066680908203, "lowlevel.barkbands_skewness.mean": 4.037149906158447, "lowlevel.barkbands_skewness.stdev": 3.4552857875823975, "lowlevel.barkbands_spread.mean": 15.174455642700195, "lowlevel.barkbands_spread.stdev": 16.602813720703125, "lowlevel.dissonance.mean": 0.43501901626586914, "lowlevel.dissonance.stdev": 0.04418889433145523, "lowlevel.dynamic_complexity": 2.7049243450164795, "lowlevel.erbbands_crest.mean": 12.474350929260254, "lowlevel.erbbands_crest.stdev": 6.168398857116699, "lowlevel.erbbands_flatness_db.mean": 0.14915788173675537, "lowlevel.erbbands_flatness_db.stdev": 0.05524400249123573, "lowlevel.erbbands_kurtosis.mean": 2.7143502235412598, "lowlevel.erbbands_kurtosis.stdev": 5.14271354675293, "lowlevel.erbbands_skewness.mean": 1.0185306072235107, "lowlevel.erbbands_skewness.stdev": 0.9539564251899719, "lowlevel.erbbands_spread.mean": 51.54008865356445, "lowlevel.erbbands_spread.stdev": 33.841712951660156, "lowlevel.hfc.mean": 19.10026741027832, "lowlevel.hfc.stdev": 14.309507369995117, "lowlevel.loudness_ebu128.integrated": -11.914371490478516, "lowlevel.loudness_ebu128.loudness_range": 1.4036989212036133, "lowlevel.loudness_ebu128.momentary.mean": -12.103609085083008, "lowlevel.loudness_ebu128.momentary.stdev": 1.4215807914733887, "lowlevel.loudness_ebu128.short_term.mean": -11.89512825012207, "lowlevel.loudness_ebu128.short_term.stdev": 0.4363339841365814, "lowlevel.melbands_crest.mean": 21.91693115234375, "lowlevel.melbands_crest.stdev": 7.517361164093018, "lowlevel.melbands_flatness_db.mean": 0.30973169207572937, "lowlevel.melbands_flatness_db.stdev": 0.10969828069210052, "lowlevel.melbands_kurtosis.mean": 75.34971618652344, "lowlevel.melbands_kurtosis.stdev": 121.17887878417969, "lowlevel.melbands_skewness.mean": 5.409739971160889, "lowlevel.melbands_skewness.stdev": 4.059451580047607, "lowlevel.melbands_spread.mean": 11.101213455200195, "lowlevel.melbands_spread.stdev": 13.734528541564941, "lowlevel.pitch_salience.mean": 0.37109217047691345, "lowlevel.pitch_salience.stdev": 0.16961030662059784, "lowlevel.silence_rate_20dB.mean": 1.0, "lowlevel.silence_rate_20dB.stdev": 0.0, "lowlevel.silence_rate_30dB.mean": 0.7337278127670288, "lowlevel.silence_rate_30dB.stdev": 0.4420106112957001, "lowlevel.silence_rate_60dB.mean": 0.018596787005662918, "lowlevel.silence_rate_60dB.stdev": 0.13509656488895416, "lowlevel.spectral_centroid.mean": 903.7930297851562, "lowlevel.spectral_centroid.stdev": 599.3400268554688, "lowlevel.spectral_complexity.mean": 9.81994915008545, "lowlevel.spectral_complexity.stdev": 5.222890377044678, "lowlevel.spectral_decrease.mean": -1.883043587724842e-08, "lowlevel.spectral_decrease.stdev": 1.7682818764797048e-08, "lowlevel.spectral_energy.mean": 0.07280288636684418, "lowlevel.spectral_energy.stdev": 0.06711827218532562, "lowlevel.spectral_energyband_high.mean": 0.000833002501167357, "lowlevel.spectral_energyband_high.stdev": 0.0011153197847306728, "lowlevel.spectral_energyband_low.mean": 0.05811062082648277, "lowlevel.spectral_energyband_low.stdev": 0.0671926736831665, "lowlevel.spectral_energyband_middle_high.mean": 0.003578213509172201, "lowlevel.spectral_energyband_middle_high.stdev": 0.006561226677149534, "lowlevel.spectral_energyband_middle_low.mean": 0.011973720043897629, "lowlevel.spectral_energyband_middle_low.stdev": 0.0167395006865263, "lowlevel.spectral_entropy.mean": 7.4320855140686035, "lowlevel.spectral_entropy.stdev": 0.6511276364326477, "lowlevel.spectral_flux.mean": 0.11503241211175919, "lowlevel.spectral_flux.stdev": 0.10981479287147522, "lowlevel.spectral_kurtosis.mean": 4.685858726501465, "lowlevel.spectral_kurtosis.stdev": 11.316474914550781, "lowlevel.spectral_rms.mean": 0.00757456524297595, "lowlevel.spectral_rms.stdev": 0.003695007646456361, "lowlevel.spectral_rolloff.mean": 784.2612915039062, "lowlevel.spectral_rolloff.stdev": 1453.7061767578125, "lowlevel.spectral_skewness.mean": 1.6271308660507202, "lowlevel.spectral_skewness.stdev": 0.9970018267631531, "lowlevel.spectral_spread.mean": 6596463.0, "lowlevel.spectral_spread.stdev": 1974877.125, "lowlevel.spectral_strongpeak.mean": 0.9693800806999207, "lowlevel.spectral_strongpeak.stdev": 1.1245231628417969, "lowlevel.zerocrossingrate.mean": 0.042564257979393005, "lowlevel.zerocrossingrate.stdev": 0.0397808663547039, "metadata.audio_properties.analysis.equal_loudness": 0.0, "metadata.audio_properties.analysis.length": 27.434648513793945, "metadata.audio_properties.analysis.sample_rate": 44100.0, "metadata.audio_properties.analysis.start_time": 0.0, "metadata.audio_properties.bit_rate": 118204.0, "metadata.audio_properties.length": 27.434667587280273, "metadata.audio_properties.lossless": 0.0, "metadata.audio_properties.number_channels": 1.0, "metadata.audio_properties.replay_gain": -13.021760940551758, "metadata.audio_properties.sample_rate": 48000.0, "rhythm.beats_count": 56.0, "rhythm.beats_loudness.mean": 0.20213879644870758, "rhythm.beats_loudness.stdev": 0.04934680461883545, "rhythm.bpm": 124.10285186767578, "rhythm.bpm_histogram_first_peak_bpm": 123.0, "rhythm.bpm_histogram_first_peak_weight": 0.3518518805503845, "rhythm.bpm_histogram_second_peak_bpm": 133.0, "rhythm.bpm_histogram_second_peak_spread": 0.0, "rhythm.bpm_histogram_second_peak_weight": 0.0181818176060915, "rhythm.danceability": 2.0458555221557617, "rhythm.onset_rate": 5.608648300170898, "tonal.chords_changes_rate": 0.06587837636470795, "tonal.chords_number_rate": 0.010135134682059288, "tonal.chords_strength.mean": 0.5133680105209351, "tonal.chords_strength.stdev": 0.09466159343719482, "tonal.hpcp_crest.mean": 14.555130004882812, "tonal.hpcp_crest.stdev": 5.6138916015625, "tonal.hpcp_entropy.mean": 1.7373340129852295, "tonal.hpcp_entropy.stdev": 0.6241651773452759, "tonal.key_edma.strength": 0.5263568758964539, "tonal.key_krumhansl.strength": 0.5292114019393921, "tonal.key_temperley.strength": 0.5261322855949402, "tonal.tuning_diatonic_strength": 0.5516488552093506, "tonal.tuning_equal_tempered_deviation": 0.20614492893218994, "tonal.tuning_frequency": 434.193115234375, "tonal.tuning_nontempered_energy_ratio": 0.9546500444412231, "lowlevel.barkbands.mean": [0.002149709267541766, 0.044906407594680786, 0.00939957145601511, 0.0030685949604958296, 0.0015611586859449744, 0.0017103319987654686, 0.002697532996535301, 0.002580096013844013, 0.00027847298770211637, 0.00021056151308584958, 0.002320729661732912, 0.00027262544608674943, 8.998618432087824e-05, 0.00034994343877770007, 5.982929724268615e-05, 5.768000119132921e-05, 6.26397377345711e-05, 5.250043250271119e-05, 9.434620733372867e-05, 0.00010212023335043341, 0.00011784587695728987, 0.00014210090739652514, 0.00014737367746420205, 0.00018106290372088552, 0.00014409080904442817, 4.5135286200093105e-05, 5.305897161633766e-07], "lowlevel.barkbands.stdev": [0.0031811597291380167, 0.05649910494685173, 0.024668807163834572, 0.011089368723332882, 0.003986984491348267, 0.0029004584066569805, 0.00409696064889431, 0.004949485883116722, 0.0005625611520372331, 0.0006241695955395699, 0.005378520581871271, 0.0007474115118384361, 0.00029814743902534246, 0.0008183346362784505, 0.00011950475891353562, 0.00010629149619489908, 0.00011853354953927919, 0.00011721843475243077, 0.00014621020818594843, 0.00014892210310790688, 0.000180685383384116, 0.0002338979538762942, 0.0002568738127592951, 0.00025987179833464324, 0.0001932767772814259, 6.333795317914337e-05, 2.038941829596297e-06], "lowlevel.erbbands.mean": [1.5699352025985718, 8.74913501739502, 13.162097930908203, 10.024591445922852, 7.773486137390137, 4.4532575607299805, 8.805145263671875, 15.408513069152832, 31.725257873535156, 68.3681640625, 24.288394927978516, 8.336430549621582, 5.552421569824219, 12.735072135925293, 110.94432830810547, 16.995332717895508, 4.675662517547607, 19.248594284057617, 5.576347827911377, 3.5775413513183594, 2.8740668296813965, 3.3287622928619385, 2.9453086853027344, 3.936483383178711, 5.082400321960449, 4.930854320526123, 5.047873497009277, 4.376935005187988, 5.324398517608643, 4.7193522453308105, 4.057945251464844, 3.416792154312134, 3.226667642593384, 2.048403263092041, 0.7772451639175415, 0.2727038562297821, 0.06775642186403275, 0.006851073820143938, 0.00018007296603173018, 8.892753248801455e-05], "lowlevel.erbbands.stdev": [2.112844944000244, 12.738692283630371, 30.026269912719727, 30.70949935913086, 26.059511184692383, 9.928593635559082, 14.822320938110352, 26.5275821685791, 42.665870666503906, 113.98567199707031, 37.23756408691406, 15.404298782348633, 22.356014251708984, 22.93878173828125, 263.39788818359375, 41.687252044677734, 8.554884910583496, 45.093692779541016, 9.111443519592285, 7.341056823730469, 4.99260139465332, 6.2410383224487305, 6.091054439544678, 6.937209606170654, 7.9012227058410645, 7.000039577484131, 7.599546909332275, 6.832860469818115, 8.7337064743042, 8.253474235534668, 7.0694708824157715, 5.408631324768066, 4.499790668487549, 2.7956361770629883, 1.046167016029358, 0.38570883870124817, 0.09718450903892517, 0.012903151102364063, 0.00025494021247141063, 7.136975909816101e-05], "lowlevel.gfcc.mean": [-11.58216381072998, 87.65029907226562, -65.55098724365234, 39.31758117675781, -66.58821868896484, 26.017118453979492, -29.937170028686523, 22.13416862487793, -15.688437461853027, 18.788761138916016, -2.7202694416046143, 3.717071056365967, -10.42384147644043], "lowlevel.melbands.mean": [0.013002156279981136, 0.008256765082478523, 0.0017091919435188174, 0.0004123909748159349, 0.0002815588377416134, 0.0003339240502100438, 0.0005020811222493649, 0.0007567350403405726, 0.0001463920489186421, 4.418909520609304e-05, 2.5780900614336133e-05, 3.186994217685424e-05, 0.00031428568763658404, 0.0001325731136603281, 1.0045623639598489e-05, 9.393274012836628e-06, 4.1613438952481374e-05, 9.504148692940362e-06, 4.026784154120833e-06, 5.041476924816379e-06, 3.003155597980367e-06, 3.310514102849993e-06, 3.4338638670305954e-06, 2.4141857011272805e-06, 3.2081743484013714e-06, 3.4412903460179223e-06, 3.7064653497509426e-06, 3.1568486065225443e-06, 3.1229637897922657e-06, 2.931409198936308e-06, 2.3923196295072557e-06, 3.040042201973847e-06, 2.7014145871362416e-06, 2.6383474960312014e-06, 2.3334273464570288e-06, 2.1121079498698236e-06, 2.1345856566767907e-06, 2.3362820229522185e-06, 2.019273779296782e-06, 1.6524195416423026e-06], "lowlevel.melbands.stdev": [0.01637587696313858, 0.014214076101779938, 0.0051232585683465, 0.0011690447572618723, 0.00044265197357162833, 0.0005730380653403699, 0.0007005250663496554, 0.0012952904216945171, 0.00021401536650955677, 9.132548439083621e-05, 0.00011082197306677699, 7.49251339584589e-05, 0.000722852535545826, 0.00030949237407185137, 3.5685956390807405e-05, 3.359586844453588e-05, 9.97215392999351e-05, 1.6309153579641134e-05, 8.051455552049447e-06, 1.0003952411352657e-05, 6.034149464539951e-06, 6.815307187935105e-06, 6.856543677713489e-06, 5.175816113478504e-06, 5.818450517836027e-06, 5.932882231718395e-06, 5.539588983083377e-06, 4.708276264864253e-06, 4.804430773219792e-06, 4.97792279929854e-06, 3.789412403421011e-06, 5.102921477373457e-06, 4.674530828197021e-06, 4.806333890883252e-06, 4.150997483520769e-06, 3.7520048863370903e-06, 3.406170435482636e-06, 3.346190624142764e-06, 2.7688192858477123e-06, 2.3351765321422135e-06], "lowlevel.melbands128.mean": [0.00206724158488214, 0.013130627572536469, 0.017166418954730034, 0.013782798312604427, 0.008331097662448883, 0.0038913132157176733, 0.0020004205871373415, 0.0014168571215122938, 0.0006932370597496629, 0.0003790068149100989, 0.00019592164608184248, 0.00016255397349596024, 0.00024395959917455912, 0.0005054977955296636, 0.00043063031625933945, 0.00016104799578897655, 0.0002640745951794088, 0.000738284201361239, 0.0005225736531428993, 0.0008800950599834323, 0.0009373045759275556, 0.0001642523129703477, 6.87645297148265e-05, 5.10351819684729e-05, 6.870952347526327e-05, 2.8873084374936298e-05, 2.02422324946383e-05, 3.2741798349888995e-05, 1.6670530385454185e-05, 3.808171095442958e-05, 2.1401659978437237e-05, 5.073863940197043e-05, 0.00025088360416702926, 0.0007557591889053583, 7.157531217671931e-05, 2.248267082904931e-05, 1.936167427629698e-05, 5.341323685570387e-06, 8.446097126579843e-06, 7.541094419138972e-06, 8.53501205710927e-06, 1.4144555279926863e-05, 4.7919227654347196e-05, 6.280424713622779e-05, 5.067284291726537e-06, 4.865808023168938e-06, 4.966109372617211e-06, 2.6941945634462172e-06, 4.390150024846662e-06, 5.4149963943928014e-06, 5.880443040950922e-06, 3.999976343038725e-06, 2.368439481870155e-06, 3.0591932045354042e-06, 3.0779558528593043e-06, 2.995737304445356e-06, 3.4212232549180044e-06, 4.993769834982231e-06, 2.77413005278504e-06, 2.0776949440914905e-06, 2.0623606360459235e-06, 2.5722395093907835e-06, 4.12502549806959e-06, 3.0387127480935305e-06, 2.462290012772428e-06, 3.4577101359900553e-06, 3.744770083358162e-06, 4.451742370292777e-06, 3.288266270828899e-06, 3.6121357425145106e-06, 3.0768335363973165e-06, 2.9033224109298317e-06, 3.2322043352905894e-06, 3.0741330192540772e-06, 3.149606072838651e-06, 3.2000875762605574e-06, 2.8520914838736644e-06, 2.1267326246743323e-06, 2.454246896377299e-06, 2.324791239516344e-06, 2.8917902454850264e-06, 3.654973170341691e-06, 2.915787717938656e-06, 2.489204007360968e-06, 2.5560966605553403e-06, 2.692864200071199e-06, 2.614971435832558e-06, 2.6400618935440434e-06, 2.0977452095394256e-06, 2.338308604521444e-06, 2.407748525001807e-06, 1.9620633793238085e-06, 1.8103718275597203e-06, 1.9704164060385665e-06, 2.5467622890573693e-06, 2.311062189619406e-06, 2.372432163610938e-06, 2.2433712274505524e-06, 2.049115437330329e-06, 1.826380866987165e-06, 1.8987026351169334e-06, 1.6577484984736657e-06, 1.391512682857865e-06, 1.0278376976202708e-06, 7.046334644655872e-07, 7.504934274038533e-07, 6.469761615335301e-07, 6.150895615064655e-07, 4.277336529412423e-07, 3.51177789070789e-07, 3.085518756051897e-07, 2.5774312462090165e-07, 2.1198475508299452e-07, 1.35634081743774e-07, 1.2041680008678668e-07, 7.350494257707396e-08, 2.0826599111956057e-08, 1.244473968320392e-09, 1.310559733652683e-11, 1.0797546017016213e-11, 1.0686025848916092e-11, 1.0087774365841184e-11, 9.742658069189503e-12, 9.539601747432513e-12, 9.348428281485965e-12, 9.171751899628156e-12, 9.063668218733945e-12, 9.008687892886336e-12], "lowlevel.melbands128.stdev": [0.003130909986793995, 0.019213682040572166, 0.024718360975384712, 0.022862548008561134, 0.018943730741739273, 0.010384258814156055, 0.00672534853219986, 0.005049906205385923, 0.0024917505215853453, 0.001017463975585997, 0.0004557149950414896, 0.0003159829357173294, 0.000561523309443146, 0.0010622423142194748, 0.0008869617595337331, 0.00047826298396103084, 0.0005527193425223231, 0.0010893308790400624, 0.001223089057020843, 0.0017304506618529558, 0.0019667847082018852, 0.0002796395856421441, 0.00012847200559917837, 0.0001217687749885954, 0.00015939913282636553, 9.764759306563064e-05, 9.314071212429553e-05, 0.00021127414947841316, 4.6259570808615535e-05, 9.024839528137818e-05, 6.0079200920881703e-05, 0.00026891540619544685, 0.0005728513933718204, 0.001932205748744309, 0.00016684349975548685, 0.0001456134777981788, 0.0001252832735190168, 1.4624787581851706e-05, 1.8736787751549855e-05, 1.7422040400560945e-05, 3.1632818718208e-05, 0.00010779991862364113, 0.00011953613284276798, 0.00016272379434667528, 1.2898340173705947e-05, 1.1365028512955178e-05, 1.216712553286925e-05, 5.7521078815625515e-06, 1.3576476703747176e-05, 1.700132997939363e-05, 1.489165242674062e-05, 9.441841939406004e-06, 5.328955012373626e-06, 8.868643817550037e-06, 8.865407835401129e-06, 8.879070264811162e-06, 7.4702975325635634e-06, 1.1188002645212691e-05, 8.250339305959642e-06, 6.0639699768216815e-06, 4.876334969594609e-06, 6.056811798771378e-06, 9.880061043077148e-06, 5.532978775590891e-06, 4.512492978392402e-06, 8.305840310640633e-06, 6.505096280307043e-06, 9.249946742784232e-06, 5.779369985248195e-06, 6.052353910490638e-06, 5.313579094945453e-06, 4.777950834977673e-06, 6.965648481127573e-06, 4.857791282120161e-06, 5.535705895454157e-06, 5.8831055866903625e-06, 5.905153102503391e-06, 3.7942388644296443e-06, 4.115378033020534e-06, 4.207528490951518e-06, 5.593479272647528e-06, 6.749405201844638e-06, 5.808656169392634e-06, 4.849589913646923e-06, 5.2157356549287215e-06, 5.004544163966784e-06, 5.2138288992864545e-06, 5.460967258841265e-06, 3.7954716844978975e-06, 4.544624061963987e-06, 5.106998742121505e-06, 3.6663152513938257e-06, 3.214210437363363e-06, 3.9111032492655795e-06, 3.984200702689122e-06, 3.70344514522003e-06, 3.6731573800352635e-06, 3.5378525353735313e-06, 3.0422570489463396e-06, 2.727219680309645e-06, 2.8418362489901483e-06, 2.5784015633689705e-06, 2.114549033649382e-06, 1.5740251910756342e-06, 1.074792066901864e-06, 1.2205314305901993e-06, 1.007474452308088e-06, 9.343158353658509e-07, 7.004089752626896e-07, 5.641505822495674e-07, 5.412209134192381e-07, 4.104315962649707e-07, 3.5204590176363126e-07, 2.3350295919044584e-07, 2.2938458243970672e-07, 1.8876414742408087e-07, 7.103219701320995e-08, 7.714185734641887e-09, 5.870642166838635e-11, 1.902569247980157e-11, 2.0408926285075957e-11, 1.6472932393152284e-11, 1.5745658249466388e-11, 1.531634714890817e-11, 1.5037793926753196e-11, 1.4850357055173902e-11, 1.4723446420394914e-11, 1.464445578691631e-11], "lowlevel.mfcc.mean": [-669.6134643554688, 116.35955810546875, 52.65936279296875, 25.09019660949707, 5.486794948577881, 5.613715171813965, 7.4702630043029785, 2.22047758102417, 3.801016092300415, 7.8325581550598145, 9.284439086914062, 11.547933578491211, 14.313594818115234], "lowlevel.spectral_contrast_coeffs.mean": [-0.7034541964530945, -0.6905062794685364, -0.759719967842102, -0.8264029622077942, -0.8220764994621277, -0.7956982254981995], "lowlevel.spectral_contrast_coeffs.stdev": [0.07436662912368774, 0.08374500274658203, 0.09655683487653732, 0.05294625833630562, 0.03243288770318031, 0.03115190751850605], "lowlevel.spectral_contrast_valleys.mean": [-6.614789009094238, -6.878287315368652, -8.002886772155762, -8.334063529968262, -8.020134925842285, -9.885026931762695], "lowlevel.spectral_contrast_valleys.stdev": [0.6789067387580872, 0.5640789866447449, 0.6995403170585632, 0.6836716532707214, 0.7963298559188843, 1.0568400621414185], "rhythm.beats_loudness_band_ratio.mean": [0.9415379166603088, 0.018766384571790695, 0.025155892595648766, 0.012700921855866909, 0.0014915765495970845, 0.002389609580859542], "rhythm.beats_loudness_band_ratio.stdev": [0.1073993444442749, 0.07659412175416946, 0.03938261792063713, 0.027394911274313927, 0.001414690399542451, 0.0027612289413809776], "tonal.hpcp.mean": [0.1889031082391739, 0.18011987209320068, 0.0505494698882103, 0.03239646553993225, 0.03184249997138977, 0.02417335845530033, 0.04759407415986061, 0.05645531043410301, 0.03298069164156914, 0.1452619433403015, 0.1857656091451645, 0.05693642050027847, 0.00950713362544775, 0.016385281458497047, 0.04692626744508743, 0.15218910574913025, 0.1702101081609726, 0.06984961032867432, 0.024912966415286064, 0.01874482072889805, 0.024779025465250015, 0.056517425924539566, 0.0748329684138298, 0.09123921394348145, 0.19136972725391388, 0.17202401161193848, 0.10006996244192123, 0.16647642850875854, 0.16649891436100006, 0.09307439625263214, 0.08366949111223221, 0.08066113293170929, 0.05371211841702461, 0.041057486087083817, 0.037761736661195755, 0.06832395493984222], "tonal.hpcp.stdev": [0.2997867166996002, 0.286644846200943, 0.12620685994625092, 0.14942669868469238, 0.15702886879444122, 0.11706723272800446, 0.16771647334098816, 0.18902812898159027, 0.11978673189878464, 0.25862130522727966, 0.32725223898887634, 0.1335788071155548, 0.057385433465242386, 0.09112127125263214, 0.1570671796798706, 0.3058306872844696, 0.3263435363769531, 0.18070843815803528, 0.11069189012050629, 0.10794337093830109, 0.11830326169729233, 0.15576708316802979, 0.18291984498500824, 0.19725394248962402, 0.33544856309890747, 0.2997153103351593, 0.23625938594341278, 0.32386842370033264, 0.3322092294692993, 0.232730433344841, 0.2271611988544464, 0.22134526073932648, 0.19215095043182373, 0.16761906445026398, 0.16354070603847504, 0.18644003570079803], "rhythm.beats_position": [0.4411791265010834, 0.8939682245254517, 1.369977355003357, 1.8459863662719727, 2.321995496749878, 2.809614419937134, 3.2972335815429688, 3.7848525047302246, 4.2724714279174805, 4.748480796813965, 5.224489688873291, 5.712108612060547, 6.199728012084961, 6.687346935272217, 7.174965858459473, 7.650974750518799, 8.126983642578125, 8.614603042602539, 9.102222442626953, 9.58984088897705, 10.077460289001465, 10.565078735351562, 11.041088104248047, 11.517097473144531, 12.004715919494629, 12.492335319519043, 12.979954719543457, 13.467573165893555, 13.943582534790039, 14.419591903686523, 14.907210350036621, 15.394829750061035, 15.88244915008545, 16.370067596435547, 16.84607696533203, 17.322086334228516, 17.80970573425293, 18.29732322692871, 18.784942626953125, 19.27256202697754, 19.748571395874023, 20.224580764770508, 20.71219825744629, 21.199817657470703, 21.687437057495117, 22.17505645751953, 22.651065826416016, 23.1270751953125, 23.61469268798828, 24.102312088012695, 24.58993148803711, 25.077550888061523, 25.553560256958008, 26.029569625854492, 26.517187118530273, 27.004806518554688], "rhythm.bpm_histogram": [0.0, 0.0, 0.0, 0.0, 0.0, 0.0, 0.0, 0.0, 0.0, 0.0, 0.0, 0.0, 0.0, 0.0, 0.0, 0.0, 0.0, 0.0, 0.0, 0.0, 0.0, 0.0, 0.0, 0.0, 0.0, 0.0, 0.0, 0.0, 0.0, 0.0, 0.0, 0.0, 0.0, 0.0, 0.0, 0.0, 0.0, 0.0, 0.0, 0.0, 0.0, 0.0, 0.0, 0.0, 0.0, 0.0, 0.0, 0.0, 0.0, 0.0, 0.0, 0.0, 0.0, 0.0, 0.0, 0.0, 0.0, 0.0, 0.0, 0.0, 0.0, 0.0, 0.0, 0.0, 0.0, 0.0, 0.0, 0.0, 0.0, 0.0, 0.0, 0.0, 0.0, 0.0, 0.0, 0.0, 0.0, 0.0, 0.0, 0.0, 0.0, 0.0, 0.0, 0.0, 0.0, 0.0, 0.0, 0.0, 0.0, 0.0, 0.0, 0.0, 0.0, 0.0, 0.0, 0.0, 0.0, 0.0, 0.0, 0.0, 0.0, 0.0, 0.0, 0.0, 0.0, 0.0, 0.0, 0.0, 0.0, 0.0, 0.0, 0.0, 0.0, 0.0, 0.0, 0.0, 0.0, 0.0, 0.0, 0.0, 0.0, 0.0, 0.0, 0.6363636255264282, 0.0, 0.0, 0.34545454382896423, 0.0, 0.0, 0.0, 0.0, 0.0, 0.0, 0.0181818176060915, 0.0, 0.0, 0.0, 0.0, 0.0, 0.0, 0.0, 0.0, 0.0, 0.0, 0.0, 0.0, 0.0, 0.0, 0.0, 0.0, 0.0, 0.0, 0.0, 0.0, 0.0, 0.0, 0.0, 0.0, 0.0, 0.0, 0.0, 0.0, 0.0, 0.0, 0.0, 0.0, 0.0, 0.0, 0.0, 0.0, 0.0, 0.0, 0.0, 0.0, 0.0, 0.0, 0.0, 0.0, 0.0, 0.0, 0.0, 0.0, 0.0, 0.0, 0.0, 0.0, 0.0, 0.0, 0.0, 0.0, 0.0, 0.0, 0.0, 0.0, 0.0, 0.0, 0.0, 0.0, 0.0, 0.0, 0.0, 0.0, 0.0, 0.0, 0.0, 0.0, 0.0, 0.0, 0.0, 0.0, 0.0, 0.0, 0.0, 0.0, 0.0, 0.0, 0.0, 0.0, 0.0, 0.0, 0.0, 0.0, 0.0, 0.0, 0.0, 0.0, 0.0, 0.0, 0.0, 0.0, 0.0, 0.0, 0.0, 0.0, 0.0, 0.0, 0.0, 0.0, 0.0, 0.0, 0.0, 0.0, 0.0, 0.0, 0.0, 0.0, 0.0, 0.0, 0.0, 0.0], "tonal.chords_histogram": [40.033782958984375, 18.91891860961914, 0.0, 0.0, 0.0, 17.2297306060791, 12.33108139038086, 0.0, 0.0, 0.0, 0.0, 0.0, 0.0, 0.0, 0.0, 0.0, 0.0, 8.108108520507812, 0.0, 0.0, 0.0, 0.0, 0.3378378450870514, 3.0405404567718506], "tonal.thpcp": [1.0, 0.8989092111587524, 0.5229142904281616, 0.8699203729629517, 0.8700379133224487, 0.48635903000831604, 0.43721383810043335, 0.42149367928504944, 0.28067198395729065, 0.2145453542470932, 0.19732345640659332, 0.3570259213447571, 0.9871107339859009, 0.9412140250205994, 0.2641455829143524, 0.16928730905056, 0.16639256477355957, 0.12631756067276, 0.24870221316814423, 0.29500648379325867, 0.17234016954898834, 0.7590643763542175, 0.9707157611846924, 0.2975205183029175, 0.04967940226197243, 0.08562107384204865, 0.2452125996351242, 0.7952621579170227, 0.8894307017326355, 0.3649982213973999, 0.1301823854446411, 0.09795081615447998, 0.1294824779033661, 0.29533106088638306, 0.3910386860370636, 0.4767693281173706], "lowlevel.gfcc.cov": [[4288.3720703125, -1415.4644775390625, -458.9666748046875, 112.05988311767578, -216.1331024169922, 599.7965698242188, -76.55213165283203, 90.98587036132812, -433.67498779296875, 202.3111572265625, -209.5597686767578, 119.0539321899414, -240.1466064453125], [-1415.4644775390625, 1668.8011474609375, 98.3573989868164, -319.5970153808594, 502.2269592285156, -235.6374053955078, 131.94728088378906, -208.28753662109375, 146.0881805419922, -250.87901306152344, 99.64143371582031, -218.31788635253906, 147.10723876953125], [-458.9666748046875, 98.3573989868164, 664.552490234375, 300.9881286621094, 108.694091796875, 39.74268341064453, 69.3563232421875, 117.87821197509766, 181.27005004882812, 32.5783805847168, 43.751312255859375, 47.96897506713867, 49.0036735534668], [112.05988311767578, -319.5970153808594, 300.9881286621094, 569.8536987304688, 47.0124397277832, 8.025713920593262, 22.406667709350586, 117.55636596679688, 73.18455505371094, -24.862632751464844, -36.377811431884766, 64.76092529296875, 16.979442596435547], [-216.1331024169922, 502.2269592285156, 108.694091796875, 47.0124397277832, 487.615478515625, 49.600982666015625, 158.55609130859375, 21.116426467895508, 86.1515121459961, -52.94809341430664, 53.89020919799805, -45.553104400634766, 69.50621032714844], [599.7965698242188, -235.6374053955078, 39.74268341064453, 8.025713920593262, 49.600982666015625, 316.9862365722656, 88.89287567138672, 13.131654739379883, -23.94247817993164, 110.18905639648438, 23.128511428833008, 31.600332260131836, -9.451696395874023], [-76.55213165283203, 131.94728088378906, 69.3563232421875, 22.406667709350586, 158.55609130859375, 88.89287567138672, 172.11216735839844, 41.332191467285156, 67.66061401367188, 39.2952766418457, 63.18058776855469, 6.613770961761475, 30.431753158569336], [90.98587036132812, -208.28753662109375, 117.87821197509766, 117.55636596679688, 21.116426467895508, 13.131654739379883, 41.332191467285156, 217.22811889648438, 90.9652328491211, 66.73568725585938, 38.11129379272461, 67.39910888671875, 1.210451602935791], [-433.67498779296875, 146.0881805419922, 181.27005004882812, 73.18455505371094, 86.1515121459961, -23.94247817993164, 67.66061401367188, 90.9652328491211, 187.43092346191406, 41.28413391113281, 79.09725952148438, 24.25411605834961, 58.37483596801758], [202.3111572265625, -250.87901306152344, 32.5783805847168, -24.862632751464844, -52.94809341430664, 110.18905639648438, 39.2952766418457, 66.73568725585938, 41.28413391113281, 178.36831665039062, 66.73951721191406, 63.512855529785156, 3.536137819290161], [-209.5597686767578, 99.64143371582031, 43.751312255859375, -36.377811431884766, 53.89020919799805, 23.128511428833008, 63.18058776855469, 38.11129379272461, 79.09725952148438, 66.73951721191406, 126.8398208618164, 39.79916763305664, 54.40680694580078], [119.0539321899414, -218.31788635253906, 47.96897506713867, 64.76092529296875, -45.553104400634766, 31.600332260131836, 6.613770961761475, 67.39910888671875, 24.25411605834961, 63.512855529785156, 39.79916763305664, 117.73973846435547, 36.57682418823242], [-240.1466064453125, 147.10723876953125, 49.0036735534668, 16.979442596435547, 69.50621032714844, -9.451696395874023, 30.431753158569336, 1.210451602935791, 58.37483596801758, 3.536137819290161, 54.40680694580078, 36.57682418823242, 109.74016571044922]], "lowlevel.gfcc.icov": [[0.0006581456982530653, -0.00027705897809937596, 0.0005515820230357349, -0.0004739100986625999, -4.477254333323799e-05, -0.0012757563963532448, 0.0005636546411551535, -0.0007827944937162101, 0.0011240787571296096, -0.0006462201708927751, 0.0007583125261589885, -0.0007617056253366172, 0.0007102694362401962], [-0.00027705897809937596, 0.005048527382314205, -0.0020714416168630123, 0.0034064697101712227, -0.0027208782266825438, 0.00308321975171566, -0.0020227208733558655, 0.003237454453483224, -0.002366772387176752, 0.004846092779189348, -0.003298630006611347, 0.005037227645516396, -0.003402582835406065], [0.0005515820230357349, -0.0020714416168630123, 0.0037969464901834726, -0.002661963691934943, 0.0008233693661168218, -0.002624476095661521, 0.001483229105360806, -0.0015757980290800333, -0.0008629733929410577, -0.0021183795761317015, 0.0019429641542956233, -0.002593366662040353, 0.0019871259573847055], [-0.0004739100986625999, 0.0034064697101712227, -0.002661963691934943, 0.005379010457545519, -0.001825736602768302, 0.0023974308278411627, -0.0018831394845619798, 0.0015438694972544909, -0.002404706785455346, 0.004536589607596397, -0.0005354350432753563, 0.0018273401074111462, -0.0025896369479596615], [-4.477254333323799e-05, -0.0027208782266825438, 0.0008233693661168218, -0.001825736602768302, 0.005521730054169893, -0.0020572268404066563, -0.001989911776036024, -0.002404615515843034, 0.0008868894656188786, -0.0003643687814474106, 0.0009279821533709764, -0.0003153439029119909, -0.00044695285032503307], [-0.0012757563963532448, 0.00308321975171566, -0.002624476095661521, 0.0023974308278411627, -0.0020572268404066563, 0.009560121223330498, -0.004812275525182486, 0.00379554508253932, -0.0003477412974461913, -0.000637128425296396, -0.001910208142362535, 0.0033874167129397392, -0.002681331941857934], [0.0005636546411551535, -0.0020227208733558655, 0.001483229105360806, -0.0018831394845619798, -0.001989911776036024, -0.004812275525182486, 0.013080178759992123, -0.0022221982944756746, -0.0005154853570275009, -0.0024186931550502777, -0.001627152319997549, -0.0016542512457817793, 0.002527346136048436], [-0.0007827944937162101, 0.003237454453483224, -0.0015757980290800333, 0.0015438694972544909, -0.002404615515843034, 0.00379554508253932, -0.0022221982944756746, 0.011284253560006618, -0.006322488654404879, 0.0017458851216360927, -0.002057911828160286, -0.001088628196157515, 0.001443658722564578], [0.0011240787571296096, -0.002366772387176752, -0.0008629733929410577, -0.002404706785455346, 0.0008868894656188786, -0.0003477412974461913, -0.0005154853570275009, -0.006322488654404879, 0.016896478831768036, -0.005294729955494404, -0.0019555629696696997, 0.0009380389237776399, -0.0021494333632290363], [-0.0006462201708927751, 0.004846092779189348, -0.0021183795761317015, 0.004536589607596397, -0.0003643687814474106, -0.000637128425296396, -0.0024186931550502777, 0.0017458851216360927, -0.005294729955494404, 0.018045825883746147, -0.008112083189189434, 0.0016204195562750101, -0.0011222721077501774], [0.0007583125261589885, -0.003298630006611347, 0.0019429641542956233, -0.0005354350432753563, 0.0009279821533709764, -0.001910208142362535, -0.001627152319997549, -0.002057911828160286, -0.0019555629696696997, -0.008112083189189434, 0.02063869498670101, -0.0069399685598909855, -0.0015993406996130943], [-0.0007617056253366172, 0.005037227645516396, -0.002593366662040353, 0.0018273401074111462, -0.0003153439029119909, 0.0033874167129397392, -0.0016542512457817793, -0.001088628196157515, 0.0009380389237776399, 0.0016204195562750101, -0.0069399685598909855, 0.023164259269833565, -0.011412987485527992], [0.0007102694362401962, -0.003402582835406065, 0.0019871259573847055, -0.0025896369479596615, -0.00044695285032503307, -0.002681331941857934, 0.002527346136048436, 0.001443658722564578, -0.0021494333632290363, -0.0011222721077501774, -0.0015993406996130943, -0.011412987485527992, 0.01985306292772293]], "lowlevel.mfcc.cov": [[4431.84716796875, -1515.382080078125, -336.04815673828125, -260.4720458984375, -173.0531005859375, 204.54112243652344, 212.76004028320312, -37.41193771362305, -10.750151634216309, -120.08108520507812, -65.82503509521484, -60.76845932006836, 33.93426513671875], [-1515.382080078125, 1810.69970703125, -226.7900848388672, -32.683502197265625, 232.70167541503906, 4.885087013244629, 49.31713104248047, -2.5188088417053223, 27.835708618164062, 24.06989860534668, -18.124996185302734, -74.9702377319336, -64.1405029296875], [-336.04815673828125, -226.7900848388672, 560.223876953125, 140.18287658691406, 19.348134994506836, 36.845062255859375, -60.5184326171875, 54.5992546081543, 17.633228302001953, 72.08131408691406, 37.06542205810547, 50.21263885498047, 14.71198844909668], [-260.4720458984375, -32.683502197265625, 140.18287658691406, 420.03857421875, 141.1745147705078, 0.3066977262496948, -1.1622928380966187, 130.26181030273438, 51.17775344848633, 24.285545349121094, 23.779949188232422, 23.9365291595459, -37.379451751708984], [-173.0531005859375, 232.70167541503906, 19.348134994506836, 141.1745147705078, 232.81004333496094, 58.881614685058594, 64.6828384399414, 83.44365692138672, 71.25251007080078, 29.454586029052734, 35.84792709350586, 23.256855010986328, -6.9581298828125], [204.54112243652344, 4.885087013244629, 36.845062255859375, 0.3066977262496948, 58.881614685058594, 247.0214385986328, 102.1256332397461, 20.45291519165039, 27.591278076171875, 43.70494079589844, -2.8332455158233643, -12.18801212310791, 12.250259399414062], [212.76004028320312, 49.31713104248047, -60.5184326171875, -1.1622928380966187, 64.6828384399414, 102.1256332397461, 161.5684356689453, 41.33332443237305, 47.1046028137207, 23.406476974487305, 32.83964538574219, 19.41709327697754, 31.669782638549805], [-37.41193771362305, -2.5188088417053223, 54.5992546081543, 130.26181030273438, 83.44365692138672, 20.45291519165039, 41.33332443237305, 142.18234252929688, 56.061767578125, 19.78557014465332, 26.085878372192383, 34.13861846923828, -3.5351924896240234], [-10.750151634216309, 27.835708618164062, 17.633228302001953, 51.17775344848633, 71.25251007080078, 27.591278076171875, 47.1046028137207, 56.061767578125, 99.95655822753906, 41.558475494384766, 41.31129455566406, 39.20241165161133, 26.957454681396484], [-120.08108520507812, 24.06989860534668, 72.08131408691406, 24.285545349121094, 29.454586029052734, 43.70494079589844, 23.406476974487305, 19.78557014465332, 41.558475494384766, 86.41828155517578, 48.09876251220703, 26.965261459350586, 25.104412078857422], [-65.82503509521484, -18.124996185302734, 37.06542205810547, 23.779949188232422, 35.84792709350586, -2.8332455158233643, 32.83964538574219, 26.085878372192383, 41.31129455566406, 48.09876251220703, 101.60661315917969, 71.7012939453125, 37.80119705200195], [-60.76845932006836, -74.9702377319336, 50.21263885498047, 23.9365291595459, 23.256855010986328, -12.18801212310791, 19.41709327697754, 34.13861846923828, 39.20241165161133, 26.965261459350586, 71.7012939453125, 106.11074829101562, 59.514408111572266], [33.93426513671875, -64.1405029296875, 14.71198844909668, -37.379451751708984, -6.9581298828125, 12.250259399414062, 31.669782638549805, -3.5351924896240234, 26.957454681396484, 25.104412078857422, 37.80119705200195, 59.514408111572266, 98.39148712158203]], "lowlevel.mfcc.icov": [[0.0004841429181396961, 0.0004987940774299204, 0.0002893336059059948, 0.00028408088837750256, -0.00013849043170921504, -0.00024675234453752637, -0.0005144195747561753, -5.3412211855174974e-05, -0.00024760872474871576, 0.0005232983967289329, -8.86282286955975e-05, 0.0005291184061206877, 5.575428804149851e-05], [0.0004987940774299204, 0.001291573396883905, 0.0005683595081791282, 0.0006173752481117845, -0.0013114260509610176, 9.114624845096841e-05, -0.000560193439014256, 8.727118984097615e-05, -1.7381042198394425e-05, -0.00025917901075445116, 0.00017643773753661662, 0.0009224131354130805, 0.00034401501761749387], [0.0002893336059059948, 0.0005683595081791282, 0.0028671210166066885, -0.0003852377412840724, -0.00020980941189918667, -0.0009569599060341716, 0.0015292420284822583, -0.0007179847452789545, 0.0006604243535548449, -0.0019440916366875172, 0.00022786922636441886, -0.0006722341058775783, -8.389475988224149e-05], [0.00028408088837750256, 0.0006173752481117845, -0.0003852377412840724, 0.004460847936570644, -0.0023055649362504482, 0.0004092654271516949, 0.0003438757557887584, -0.002701481804251671, 6.522829789901152e-05, -0.000232178412261419, 0.0001756337151164189, 0.00022288263426162302, 0.0014741113409399986], [-0.00013849043170921504, -0.0013114260509610176, -0.00020980941189918667, -0.0023055649362504482, 0.00918890442699194, -0.0015525248600170016, -0.0009029440116137266, -0.0011510340264067054, -0.003519524820148945, 0.00172463059425354, -0.001786121865734458, -0.0005139084532856941, 0.0009620491182431579], [-0.00024675234453752637, 9.114624845096841e-05, -0.0009569599060341716, 0.0004092654271516949, -0.0015525248600170016, 0.007379716262221336, -0.0047358074225485325, 0.0006418408593162894, 0.0010062608635053039, -0.004403338301926851, 0.0035906934645026922, 0.0003197557816747576, 0.0002367657725699246], [-0.0005144195747561753, -0.000560193439014256, 0.0015292420284822583, 0.0003438757557887584, -0.0009029440116137266, -0.0047358074225485325, 0.013374721631407738, -0.003057396737858653, -0.0015487121418118477, 0.0015845333691686392, -0.004622795153409243, 0.002006760099902749, -0.0035926206037402153], [-5.3412211855174974e-05, 8.727118984097615e-05, -0.0007179847452789545, -0.002701481804251671, -0.0011510340264067054, 0.0006418408593162894, -0.003057396737858653, 0.013639761134982109, -0.004300442058593035, 0.00021675207244697958, 0.0023128304164856672, -0.00445908447727561, 0.0034007744397968054], [-0.00024760872474871576, -1.7381042198394425e-05, 0.0006604243535548449, 6.522829789901152e-05, -0.003519524820148945, 0.0010062608635053039, -0.0015487121418118477, -0.004300442058593035, 0.019495142623782158, -0.006959974300116301, 0.0002657027798704803, -0.0022198520600795746, -0.002354941563680768], [0.0005232983967289329, -0.00025917901075445116, -0.0019440916366875172, -0.000232178412261419, 0.00172463059425354, -0.004403338301926851, 0.0015845333691686392, 0.00021675207244697958, -0.006959974300116301, 0.02434743382036686, -0.012158064171671867, 0.006398980505764484, -0.0034838297870010138], [-8.86282286955975e-05, 0.00017643773753661662, 0.00022786922636441886, 0.0001756337151164189, -0.001786121865734458, 0.0035906934645026922, -0.004622795153409243, 0.0023128304164856672, 0.0002657027798704803, -0.012158064171671867, 0.027455635368824005, -0.01690683327615261, 0.0038835061714053154], [0.0005291184061206877, 0.0009224131354130805, -0.0006722341058775783, 0.00022288263426162302, -0.0005139084532856941, 0.0003197557816747576, 0.002006760099902749, -0.00445908447727561, -0.0022198520600795746, 0.006398980505764484, -0.01690683327615261, 0.029617052525281906, -0.012721875682473183], [5.575428804149851e-05, 0.00034401501761749387, -8.389475988224149e-0